timestamp,tx_hash,block_id,value,fee,fee_to_value_ratio,input_count,output_count,size
2025-05-12 22:00:06,811a003422721064daf1115accb8260b6bf790150f4008d06f31d51973d50a82,896461,1271615883.0,170.0,0.0,1,2,223
2025-05-12 22:00:06,0564731293ea8768f4100da37b128decf625afb851c987850f8c7d8b4284046a,896461,108529.0,255.0,0.00235,1,3,382
2025-05-12 22:00:06,60cb90b4d1fba0b7edbe00e8ea5cda9b6056d3f1a0068337c446cb9a85f70d64,896461,108115.0,255.0,0.002359,1,3,382
2025-05-12 22:00:06,b0ebf2c9fa5e0dc5f4e361e43e7aca28c3e10514eee801c0231265f2e3005f48,896461,91178697.0,170.0,2e-06,1,2,224
2025-05-12 22:00:06,9598c7506729d150e16337bee3eedb2c7dec0685a6f15c741a392f8e42453235,896461,13466120.0,170.0,1.3e-05,1,2,223
2025-05-12 22:00:06,cb997118b6cde96bc41110287fdc8806f8c335a3f4bf7050baa4b84ca871f521,896461,99999830.0,170.0,2e-06,1,2,223
2025-05-12 22:00:06,5f39bdc5b10a25d9f6b81c7dbbf143a89ec74410d40afc34b64a584cf8dd061d,896461,744678.0,170.0,0.000228,1,2,224
2025-05-12 22:00:06,2ae8aec1b74b7206dc895d3441ca3dac2cce7f7c24db18a9cd92bccef3159557,896461,6999794.0,206.0,2.9e-05,1,3,253
2025-05-12 22:00:06,e870086cb3864166559d01ebddaa439b85ec8e3092b4ef14c85dbdbb254d7cad,896461,109114.0,218.0,0.001998,1,2,351
2025-05-12 22:00:06,ca254b8982a03e482b700f07853c0a8af39c0456947f0070887e764640292e6f,896461,108700.0,218.0,0.002006,1,2,351
2025-05-12 22:00:06,130bf429c7166c39a53ce5a0c9f5f2000801ddc2a408ed3ce7c16b2266fcc843,896461,109248.0,218.0,0.001995,1,2,351
2025-05-12 22:00:06,ad26ce153c8c76a1a837982a8700cfe91a8ecac0eeea4899ddfcb4c86a26458c,896461,109796.0,218.0,0.001986,1,2,351
2025-05-12 22:00:06,d616f9db607d0c630e70050bb43a2997667690b987fa6c507f9047edcf222b90,896461,110344.0,218.0,0.001976,1,2,351
2025-05-12 22:00:06,6da8e6d4450911b5fcad64361304a5e0a91e269d04996a35ce880694c6e86e6a,896461,110892.0,218.0,0.001966,1,2,351
2025-05-12 22:00:06,94eed2896ca8585b2a10a329f8b05dbddbeca9e51fd8109b4a7d2a23b1a1ec49,896461,111440.0,218.0,0.001956,1,2,351
2025-05-12 22:00:06,2203a04b35caffef07fa97540edbf3a0d8d2df661db97e219d78dd32f429acfb,896461,111988.0,218.0,0.001947,1,2,351
2025-05-12 22:00:06,f65ebe016228b4dcb6cde3b79bc8edd273e06345119860b92ad4a4c94cb71479,896461,112536.0,218.0,0.001937,1,2,351
2025-05-12 22:00:06,0ea3d791c2c866eeeba4200d12146218a60296dad9d0c56f82fff850dfcdb3ad,896461,113084.0,218.0,0.001928,1,2,351
2025-05-12 22:00:06,4d30730c87782dbb7e0680a60f0eb3b22928a4934336bcaf836674ee350a1744,896461,113632.0,218.0,0.001918,1,2,351
2025-05-12 22:00:06,bbf5e759783fd490d6cba4cbbbf83bbcd522555ac53523e9bc349b744b0bcdfd,896461,114180.0,218.0,0.001909,1,2,351
2025-05-12 22:00:06,ffa0896fcf6b85e261a58628e655fe299e17198c0eabc594757fd69f6154eab3,896461,114728.0,218.0,0.0019,1,2,351
2025-05-12 22:00:06,bff6065337a6771ec2e1be902c57c3b1236980e4663ecadea9a3cfd0ae5bd732,896461,112474.0,218.0,0.001938,1,2,351
2025-05-12 22:00:06,57fde7f5079e5c5a4fe7e3ff74a2f2cc9a5b3c40bb719cf289401a0447b594cd,896461,113022.0,218.0,0.001929,1,2,351
2025-05-12 22:00:06,6da442e3da958cdee42d35382138a47f19bdffac890f657a1df1a6ccdbbd4439,896461,113570.0,218.0,0.00192,1,2,351
2025-05-12 22:00:06,b1c3d30dc75c36e6f5b9504036fc9a9fdf67562330e103e0f563ae559867b425,896461,115276.0,218.0,0.001891,1,2,351
2025-05-12 22:00:06,233c5c307bb7c66be67ede31e9078224a610fd54517ba4d02f50ac874a98c8f4,896461,115824.0,218.0,0.001882,1,2,351
2025-05-12 22:00:06,b7f946bdb3ab97a75410a733ddd50c6ec83481e7a8f06702d7fd764aa2513a9e,896461,116372.0,218.0,0.001873,1,2,351
2025-05-12 22:00:06,7918227ad1aa18d0a1fde554ab16bf6110315a85cbdbb3d1b49e25b9c7b0eb42,896461,116920.0,218.0,0.001865,1,2,351
2025-05-12 22:00:06,08fec6b125210ee91ec984b2ae7119f3fa3aeb22f945b403847c699b050a0a1f,896461,114118.0,218.0,0.00191,1,2,351
2025-05-12 22:00:06,3d0b56d62e0c5c397f888ac634f0f0599489557394501314d8621d2b8eda0c89,896461,114666.0,218.0,0.001901,1,2,351
2025-05-12 22:00:06,bb9e0bec4069586d61729c7c97a9288613f5cbcf4962acc73477531fce8e6d62,896461,115214.0,218.0,0.001892,1,2,351
2025-05-12 22:00:06,f5d6f671f45d1e9a298a82bf4309b590cb77b1603bc503792ef058443a43eb64,896461,115762.0,218.0,0.001883,1,2,351
2025-05-12 22:00:06,e92bbac77f925a515534000dd103eef99ca3d3bd0d53630f8421d91d15c3b3c6,896461,116310.0,218.0,0.001874,1,2,351
2025-05-12 22:00:06,40a714b45ce8f0225fcf3bbb80b166d7982e324e0fa7f5cfeb9298fa20c487aa,896461,116858.0,218.0,0.001866,1,2,351
2025-05-12 22:00:06,8219f5728948461004c15ecba028e29eb19bef2c462a007e37f7529fa64d0bf0,896461,117406.0,218.0,0.001857,1,2,351
2025-05-12 22:00:06,20855524a5427775630b4b3ababe497cf590df6e17c83c76ee447d66942b2725,896461,117954.0,218.0,0.001848,1,2,351
2025-05-12 22:00:06,f7b8b778a1eb75de46a1d7acae0ad417efd50ba5f2c61e5f95321d8dc22b2f26,896461,118502.0,218.0,0.00184,1,2,351
2025-05-12 22:00:06,17392010991f8f0b499efe3ed22f1f5392b9283b2faf39f9f0a0209e0ee637a3,896461,119050.0,218.0,0.001831,1,2,351
2025-05-12 22:00:06,6fa725b1ae4f6bddecab952f2311c83f443593ed6ed6a82cf7c816fdca4a1a4f,896461,119598.0,218.0,0.001823,1,2,351
2025-05-12 22:00:06,f6c6b6ae40d9769f6bb7117121e56964b061b029d3e44d63016fdc2c46af5527,896461,120146.0,218.0,0.001814,1,2,351
2025-05-12 22:00:06,ee8445c52c53771d0b6c7ea401573f93a22e0aa14bfec1c4bd387e17c087dbab,896461,120694.0,218.0,0.001806,1,2,351
2025-05-12 22:00:06,6a3497438f7f36f231800139c5bc6cb5032cee212b3524c47aa6f55bfdce8da3,896461,121242.0,218.0,0.001798,1,2,351
2025-05-12 22:00:06,e431d73722842edccbbf518d849fcdcff82306fbb4256add8b376a6b5f7fb4f1,896461,121790.0,218.0,0.00179,1,2,351
2025-05-12 22:00:06,12ddd3b05c1d5add5bf751c19fbcf7d4cc708525dc84b22c46542eaf9b4f404d,896461,122338.0,218.0,0.001782,1,2,351
2025-05-12 22:00:06,e2bfee2a359a04fe4dea76d556483561fe94db721228c7e995c132b859631cb4,896461,122886.0,218.0,0.001774,1,2,351
2025-05-12 22:00:06,63f9c2750590871876f6960a777ec9ee8e14cdbe2a7403e3a9ba83ca2ba1fb5b,896461,123434.0,218.0,0.001766,1,2,351
2025-05-12 22:00:06,6f1bc78c72508c8c79beeb311899b43b921001e68806cc1168676d552f2d1684,896461,123982.0,218.0,0.001758,1,2,351
2025-05-12 22:00:06,f90d0c1ba53c7f4eabcd0b7aea1d7f85f63cf182600fba591f1dd52f11b0b2cb,896461,124530.0,218.0,0.001751,1,2,351
2025-05-12 22:00:06,6c14f1391e8b6ca9325aa5a5ffed39d97eb39a7239fbd438bb1d15249629cf10,896461,106436.0,218.0,0.002048,1,2,351
2025-05-12 22:00:06,d6805cef44ee1ae602bc4055848b38ccd29b986af7209877a123deb0d2a469c7,896461,106984.0,218.0,0.002038,1,2,351
2025-05-12 22:00:06,db0a29f1d53a7762b8c404eafe4455cb98c3362fe288ab633b95481bdc2973b3,896461,107532.0,218.0,0.002027,1,2,351
2025-05-12 22:00:06,22cebe9b7e94ddf3eafb458c79206484c10967f72f5bde2e2fcaeb7cdc843e4f,896461,108080.0,218.0,0.002017,1,2,351
2025-05-12 22:00:06,dbd502407cc8cf891872c928243760a69d069f6acff626d491b05460fe1cb0ce,896461,108628.0,218.0,0.002007,1,2,351
2025-05-12 22:00:06,611ecdaba37cbf7d8a1b5910c6f8263c1f42821b2b7a9c2c5164f34cf9ee7cca,896461,109176.0,218.0,0.001997,1,2,351
2025-05-12 22:00:06,b7ae79046c022e8ae071e63a6c7f9a045dc70864a899545610f8c0a5a9575b52,896461,109724.0,218.0,0.001987,1,2,351
2025-05-12 22:00:06,106e6b1a1cbbb22682fae19f4fa5b8b2d65ca4a2d1f5d13f24964739c376eb27,896461,110272.0,218.0,0.001977,1,2,351
2025-05-12 22:00:06,4533b3cc8315c8741a4e4795eeb16cdf52117828f8ec3233cfd22fe686e1c717,896461,110820.0,218.0,0.001967,1,2,351
2025-05-12 22:00:06,2731e5ba738c3bf2136a39092c5c72d3b70e28603f76c6581e2caf41cc501d7a,896461,111368.0,218.0,0.001957,1,2,351
2025-05-12 22:00:06,5952fe90fe86ebae814e9000c159571c5939cbe0567cc1ed2946cfc093d5f410,896461,111916.0,218.0,0.001948,1,2,351
2025-05-12 22:00:06,f8a5426d01648e36ba7e1be642ee677acdbc488b625a68e99c89163a5dd27658,896461,112464.0,218.0,0.001938,1,2,351
2025-05-12 22:00:06,b501c43b6bac29c1aa21ffd48ecffbfb1d9a582f47a7ecd8e9a9c983fc0eb01a,896461,113012.0,218.0,0.001929,1,2,351
2025-05-12 22:00:06,1bf3b63f4f89df70958afad05838831215b498b9d6bf642245af1084944e2142,896461,113560.0,218.0,0.00192,1,2,351
2025-05-12 22:00:06,4f03432f52ffb23ce00ad28e41266c10b26e0b99409567b84f82af02a79d4010,896461,114108.0,218.0,0.00191,1,2,351
2025-05-12 22:00:06,6cfd4fca1429f7f8ead5112f91b63bd2a4da2789e9491cf4308bbdf4e8eebeff,896461,114656.0,218.0,0.001901,1,2,351
2025-05-12 22:00:06,754e1b42ee1ad3ce501cb2939237fbb08088d2b0dcce22115488a573c7f00e5b,896461,115204.0,218.0,0.001892,1,2,351
2025-05-12 22:00:06,8cc4a7ed92842aa48bfb88777f1eff02d799ae9c001611237c245554d4e8aa17,896461,115752.0,218.0,0.001883,1,2,351
2025-05-12 22:00:06,daabe519ba0b04159929eaf43c32f8cb64ef8113de9cbf7d0a5bb7b1f0c2dfb1,896461,116300.0,218.0,0.001874,1,2,351
2025-05-12 22:00:06,f30381695e931e65d93e69264ccc3480d254790f855de2ca8c5f66475205ff9a,896461,116848.0,218.0,0.001866,1,2,351
2025-05-12 22:00:06,57c406618d9b11dc1480a169d483078bbd994505124f22fb18c5689c7dce5091,896461,117396.0,218.0,0.001857,1,2,351
2025-05-12 22:00:06,1fdfa143c5192698e7a2a0d88c449b6a03b4f9c75526789cd462adb56a018b52,896461,117944.0,218.0,0.001848,1,2,351
2025-05-12 22:00:06,d48989fe92935ac359a5bae8a6e5e571b6bfca5a0a0098c3c1d7d3bcb31cc168,896461,118492.0,218.0,0.00184,1,2,351
2025-05-12 22:00:06,cd8d73182db604a8f8e1fd9029ab6fe6174738de9e42fbdae83176f199161208,896461,109662.0,218.0,0.001988,1,2,351
2025-05-12 22:00:06,58ca7289d78c15aaf2e34dc3dcbeb0977b999b018bdacfcf941caa5b47db489a,896461,110210.0,218.0,0.001978,1,2,351
2025-05-12 22:00:06,c8905246c20ff732d807e78a96621e69956df362cd873819427f9db268d3aea7,896461,110758.0,218.0,0.001968,1,2,351
2025-05-12 22:00:06,b08cc5349dabdb23d49dbed75acdb2a9e64dd5c24364f546685aa5084370e3ac,896461,111306.0,218.0,0.001959,1,2,351
2025-05-12 22:00:06,653ad9095927af7f9bca80f6671ff7524a3f271ccf9a73857b884162701026d2,896461,111854.0,218.0,0.001949,1,2,351
2025-05-12 22:00:06,222f42d536eb16af5606e5920d57b129fe5fcef56650cae8364d7b53e2d0807c,896461,112402.0,218.0,0.001939,1,2,351
2025-05-12 22:00:06,e8a0d9be5298e326ee649ac4376ca2590978f9831a107cd08dd682417f42c023,896461,112950.0,218.0,0.00193,1,2,351
2025-05-12 22:00:06,e86d85ddce3afa5e80d2423c263bee4105fdd0e9469f6b099442b1b69579a6e1,896461,113498.0,218.0,0.001921,1,2,351
2025-05-12 22:00:06,d670ee46acb64d224f984e4fa289f911aee7c1c95b77d23c00935f9fd51b3ad2,896461,114046.0,218.0,0.001912,1,2,351
2025-05-12 22:00:06,3bb8d5d801a554ac344ad3da433a48b6e44bbc881e35d9b7c22c332d3668ac04,896461,114594.0,218.0,0.001902,1,2,351
2025-05-12 22:00:06,e558636ee3e93fdbeab03ec915215a08920d08e203e754d5b68734578940891b,896461,115142.0,218.0,0.001893,1,2,351
2025-05-12 22:00:06,0ce681b42add8231263420061ef466bf06fb5fcdb73aa07f619b90f0f0f329bf,896461,115690.0,218.0,0.001884,1,2,351
2025-05-12 22:00:06,386f8ad96d85fbb31dcbdf62b8c420148c450b1efe646328860f34ab53487132,896461,116238.0,218.0,0.001875,1,2,351
2025-05-12 22:00:06,d1d551f32dd31d74840ee81277ebb227211682dcacace2b3d13f12c9810d589b,896461,116786.0,218.0,0.001867,1,2,351
2025-05-12 22:00:06,82f6b5daa02db331a7fed5d71511d26fc9f70fe8c263c9d3a4bf6fd672f48002,896461,117468.0,218.0,0.001856,1,2,351
2025-05-12 22:00:06,b5aeca76486fb92bd4cc7729d3d1dc626b1eff2a3f191b05b9ce0fd685e52b17,896461,118016.0,218.0,0.001847,1,2,351
2025-05-12 22:00:06,6db43554f205bee04e9a60a0a354cde1f2c8e534d940884998d31cf852f364bd,896461,118564.0,218.0,0.001839,1,2,351
2025-05-12 22:00:06,04f45a011ae2b440558541521a0cae08c3d7e664a4769d5279f727dbb636ae50,896461,119112.0,218.0,0.00183,1,2,351
2025-05-12 22:00:06,3420491d1a38954eac167b395f4ad2d26c22393fe570a9e329a1757292aaf061,896461,119660.0,218.0,0.001822,1,2,351
2025-05-12 22:00:06,ac9f26a259d86a223fdf6784939c3ffcefd7d3b237b263bab3f22b76892d3321,896461,120208.0,218.0,0.001814,1,2,351
2025-05-12 22:00:06,9094bf19fe51ca5d7e92f06c028084a5334a3a5ed0eb33df9b27dc05b7a28a6a,896461,120756.0,218.0,0.001805,1,2,351
2025-05-12 22:00:06,5728665d53a7031ccc933c04ac184503f2ca04b8b0a43a055be64afeec9c1a01,896461,117334.0,218.0,0.001858,1,2,351
2025-05-12 22:00:06,e1d3410f51e82359c1c4614e5aeb776dab204d8bf7edf15caaf02964b8f26e1f,896461,117882.0,218.0,0.001849,1,2,351
2025-05-12 22:00:06,8c657b3e675973a7c5317c4e01df5535da6288894009b9685c85d476747d7a39,896461,118430.0,218.0,0.001841,1,2,351
2025-05-12 22:00:06,94f7ebd1193da170eddbce6ae97b49a78c94e43dcbb65433dea74f8d0b55e55e,896461,118978.0,218.0,0.001832,1,2,351
2025-05-12 22:00:06,074e5c733453c25cbc7f73dfbe4ee065af970ee9c41953b5c192a90c08da0663,896461,119526.0,218.0,0.001824,1,2,351
2025-05-12 22:00:06,f3deeb87bbecc3e3cca25c66062374ff0ace2b2009371f7406ea48f73ab2d21c,896461,120074.0,218.0,0.001816,1,2,351
2025-05-12 22:00:06,38b4f64e817786e2b323e751bad5a9c756045466039be72536344ed5d97b0261,896461,120622.0,218.0,0.001807,1,2,351
2025-05-12 22:00:06,db1aa25f9d3e0f5d8cedafc6364228542d040ac7d0343ccd82863b99d0b68d23,896461,121170.0,218.0,0.001799,1,2,351
2025-05-12 22:00:06,f89f47ea365a0f88c526bd378626c09f4b80232c2d211f9d88ac5e9f3553cbf2,896461,243199.0,211.0,0.000868,1,3,364
2025-05-12 22:00:06,20b4fce92acae6497b781c9c6dd22919385394b5a4016accd63f359c2f9c35ee,896461,243740.0,211.0,0.000866,1,3,364
2025-05-12 22:00:06,d3cc00f8023c9cb4a116e08aa92d974c760c91a436e1a31321bbf12b0e5379bd,896461,244281.0,211.0,0.000864,1,3,364
2025-05-12 22:00:06,4a2093456153d9a521f50f6d02835c12b9b5138fab97496dd34b69cc7279cb63,896461,244822.0,211.0,0.000862,1,3,364
2025-05-12 22:00:06,f6824333d8a1c6d442c9cc7dd61303ef63d7bd225a3d30ea7a0dcc41cf79a834,896461,245363.0,211.0,0.00086,1,3,364
2025-05-12 22:00:06,dcdc1f8e6ea32d1dfaebb82f9bbdb15e1dae8a51f96cda62e695096febc4374e,896461,245904.0,211.0,0.000858,1,3,364
2025-05-12 22:00:06,ca56ae9ed3c96604860ab09c64195b25537c26f6be932c8c7e94990f00673e0f,896461,246445.0,211.0,0.000856,1,3,364
2025-05-12 22:00:06,b7d366d22229e227dfe30880468994c453c7a7bf9e79c6df90fdf6936a183fa1,896461,246986.0,211.0,0.000854,1,3,364
2025-05-12 22:00:06,fe81977e99fb7ef79091c0b3dd131000a30e441a4d9b56f9b126c0542f6d06b0,896461,247527.0,211.0,0.000852,1,3,364
2025-05-12 22:00:06,1f240e616466a5d440e42714676669d6f49052c0a5b548822cd1578124f1d86f,896461,248068.0,211.0,0.000851,1,3,364
2025-05-12 22:00:06,1181a4fa2404024652f0389102a66b3de52e1e2d18644b5f819bbef5d1deea2c,896461,248609.0,211.0,0.000849,1,3,364
2025-05-12 22:00:06,6c7bc517cdb1fd62bed531457944535ef9fed7cf37a31e73b2d21ad449c1fdfe,896461,249150.0,211.0,0.000847,1,3,364
2025-05-12 22:00:06,9b6adae561d93aeeae1f62125dd2074c5430e3e968d2f60b0d9738ae4a4b2cc8,896461,249691.0,211.0,0.000845,1,3,364
2025-05-12 22:00:06,2531378997ec03e461a9ce6a4183bcdd24286a1028c3b0f86ed12fb43680bc30,896461,250232.0,211.0,0.000843,1,3,364
2025-05-12 22:00:06,7c604ee96b428dbeeedc0db2a33ec2d6484e832c8922b18d411167cc7099150e,896461,250773.0,211.0,0.000841,1,3,364
2025-05-12 22:00:06,59a4796771f2e413df94bfc663b1190aeb0de18a724e605ef24f6fb685ed4e47,896461,251314.0,211.0,0.00084,1,3,364
2025-05-12 22:00:06,645723ade8f23f8bb5a2ab53b3059350d8a0ec5b894b83795837021dfadc854c,896461,251855.0,211.0,0.000838,1,3,364
2025-05-12 22:00:06,b1ae123fb95b5be1660ea0ed9f32fe729cf77ed110b0b3d924d9e3d262394e40,896461,252396.0,211.0,0.000836,1,3,364
2025-05-12 22:00:06,b95c7673fef1fe43bf63ccb078756af7524bd9dfad54de5a8bd30edffcd6902f,896461,252937.0,211.0,0.000834,1,3,364
2025-05-12 22:00:06,c0aac152409e84a6fd1d96e026aa10669c49556f279c0d53be8da3748a19dda3,896461,238253.0,211.0,0.000886,1,3,362
2025-05-12 22:00:06,089efb3739dfb2e77ad43472b0ad6063b8f73748e13df79034f0d379b1cf7fbd,896461,238794.0,211.0,0.000884,1,3,364
2025-05-12 22:00:06,d91ada8bd811e5d27617eb986404426908a025a6db0082fb94dc1d19fa6c416e,896461,239335.0,211.0,0.000882,1,3,364
2025-05-12 22:00:06,93248ac31a258a69660704ecb2b280763e8c351c952ee393582c78d0b59758de,896461,239876.0,211.0,0.00088,1,3,364
2025-05-12 22:00:06,64adbfaac4f9212e0a2114a9007d125eb2e252eaee641ba3c00aa71168f14503,896461,240417.0,211.0,0.000878,1,3,364
2025-05-12 22:00:06,0007d4abf79acf1be38c7c47cc4e747fa41d4f70857e66176e82ead797f158e9,896461,240958.0,211.0,0.000876,1,3,364
2025-05-12 22:00:06,cb02aeef32e956174af6cc0db221b1793e9918df88d91b134e12aeb34107b411,896461,241499.0,211.0,0.000874,1,3,364
2025-05-12 22:00:06,80f7695c78d2a8c541effa85d42e1e813f8cce075dfec67b48113f06c9430d99,896461,242040.0,211.0,0.000872,1,3,364
2025-05-12 22:00:06,0ccc9ed111352c10eea8c30238cb58d4888f215ec83797ccc19fc0246efcc424,896461,242581.0,211.0,0.00087,1,3,364
2025-05-12 22:00:06,5989194c34061a50f21315ddfa07c43a1545e183e06606b734e025ea61cb0ef6,896461,243122.0,211.0,0.000868,1,3,364
2025-05-12 22:00:06,b8dcb020f28e50a868dad3bad19ff49422231187e3577fa00e4126a546387a45,896461,243663.0,211.0,0.000866,1,3,364
2025-05-12 22:00:06,d92af99353f2287d6e4744574298b549d418871b5a0116468e42ebd658b4fd42,896461,244204.0,211.0,0.000864,1,3,364
2025-05-12 22:00:06,120f655e251fada79f514117adb4a31dce55ec5f142299a0a3e463b65071d9c5,896461,244745.0,211.0,0.000862,1,3,364
2025-05-12 22:00:06,d89e580af365ae8dc1692fa482a4a87634426489a9e8b8e41744e8d0cf453c7b,896461,245286.0,211.0,0.00086,1,3,364
2025-05-12 22:00:06,f68f16536ba36d1d09646f2e11b42b5e78d1fe0c63182aad960b1470767ade42,896461,245827.0,211.0,0.000858,1,3,364
2025-05-12 22:00:06,dffa1763a93c6eeab06a04b117316795139d689d0bd1832045d9fb25aaa418bd,896461,246368.0,211.0,0.000856,1,3,364
2025-05-12 22:00:06,f0db4b4501f54db116a8ee471b70f6e2f39f573fd16c49722b6bf065e670f086,896461,246909.0,211.0,0.000855,1,3,364
2025-05-12 22:00:06,4d99c247b4941534aedc768dc97b2c496405c38ef87709eefc7e86a877de4397,896461,247450.0,211.0,0.000853,1,3,364
2025-05-12 22:00:06,51fbf8f5bf8a7957e1c9fd0041ec550470c3c5d086ed6a0b04529f9e259d237b,896461,247991.0,211.0,0.000851,1,3,364
2025-05-12 22:00:06,dc68e19d722d72140d6c0ee15399dd134007820741b52b705e336cbaa2f8264a,896461,248532.0,211.0,0.000849,1,3,364
2025-05-12 22:00:06,697ef53e110b9cbea7304012653d6cc0e39e14dc569fb5426c8d2b1a59db7207,896461,249073.0,211.0,0.000847,1,3,364
2025-05-12 22:00:06,88abbb56cd94dcfdf049911f4755132accd321cd7fadf59b840a3b85e9338e44,896461,249614.0,211.0,0.000845,1,3,364
2025-05-12 22:00:06,4dc0d3968da95f499b7a99c0535ebc65f4557ed1b55cadd3073481a07bfed2cd,896461,250155.0,211.0,0.000843,1,3,364
2025-05-12 22:00:06,ee9c57a639dd23896610f04ca0257f81566b7e881f85e00570bae28407ba6748,896461,250696.0,211.0,0.000842,1,3,364
2025-05-12 22:00:06,5b358b092bb8bf06b7e0c1ed2cecf10d311781e284dd6fc1fd66ccb77cffd29f,896461,242540.0,211.0,0.00087,1,3,362
2025-05-12 22:00:06,a6772133506a17acd42fb46910232d6712333d9dbb0b42905b9f9f87696bc755,896461,243081.0,211.0,0.000868,1,3,364
2025-05-12 22:00:06,47ca4fceb36556de8a39b8f092fa7b5ae19d49ea1dadfb7e418fb19da3cd9373,896461,243622.0,211.0,0.000866,1,3,364
2025-05-12 22:00:06,9c319483d6acbf0c8175d910bf658b7c1f25b3222f84a10ecbed7e9f908a171d,896461,244163.0,211.0,0.000864,1,3,364
2025-05-12 22:00:06,2aa75b37095f0713706e18f307baa755cc4eef04d762ec77b7dbbd00fec9795c,896461,244704.0,211.0,0.000862,1,3,364
2025-05-12 22:00:06,b7444ed601676a0097d40238180e592417ac38ef28a013d162070af0c1651290,896461,245245.0,211.0,0.00086,1,3,364
2025-05-12 22:00:06,ef462cf02ec1d8d88a52638f5af20e50a4f2f1187651869a29f088fae378760c,896461,245786.0,211.0,0.000858,1,3,364
2025-05-12 22:00:06,9384243e5e6645c0ec8030467b2c58a390ffb278eec1d513cb5a648049d8268a,896461,246327.0,211.0,0.000857,1,3,364
2025-05-12 22:00:06,566e9d50310c4f9ca97d83b235ba5b9bda2cd8df466d5289239d01328d43369d,896461,246868.0,211.0,0.000855,1,3,364
2025-05-12 22:00:06,1a0297d657d09b06c52391167bbb5539c39e4b28635ca5441d863d252c91791d,896461,247409.0,211.0,0.000853,1,3,364
2025-05-12 22:00:06,029ff436ac41179e75ce3ccaab21db518b32b2eb1702f27225e1329a3f818e78,896461,247950.0,211.0,0.000851,1,3,364
2025-05-12 22:00:06,2106fd8da5b715abebf3f1eaf2ce4c6fa3d2aaa79c53e816e4b886c48466eaad,896461,248491.0,211.0,0.000849,1,3,364
2025-05-12 22:00:06,de8bc7911be5796bb84ee5ba84d495ddd6963f76cea2d7b4cb1724a984f7cd36,896461,249032.0,211.0,0.000847,1,3,364
2025-05-12 22:00:06,cf1d44537234506863e5d2a87aa0200a1510cd3fe099a0f092eee0107463cbf0,896461,249573.0,211.0,0.000845,1,3,364
2025-05-12 22:00:06,b5c97827344e8772bfd4dc0103bf4db46502366ee1bf45eadc5bb8e9eb0e274f,896461,250114.0,211.0,0.000844,1,3,364
2025-05-12 22:00:06,a63102ff79ffe6dc53c6d0f6d104fd375bc12461122bd05da28e594d18696763,896461,250655.0,211.0,0.000842,1,3,364
2025-05-12 22:00:06,2186937c567ff3e9fbfbc12d2cef9922f8d24ac2446868d55b4702bbdef1d27e,896461,251196.0,211.0,0.00084,1,3,364
2025-05-12 22:00:06,f607e20e2ef5bd6051212ed694b23bbf8003f27fa2502618b27120fcc50a7f01,896461,251737.0,211.0,0.000838,1,3,364
2025-05-12 22:00:06,d77e85002bb7a4c7fbbf1882a35074bb188e043ec9a8150439c50d3b4fd1548c,896461,252278.0,211.0,0.000836,1,3,364
2025-05-12 22:00:06,fd4727150b8e786d410a3c6644b8e53f017405c44dc34d817895b351f83a5037,896461,252819.0,211.0,0.000835,1,3,364
2025-05-12 22:00:06,c896647f4e721119c85775ac58bf857feb13677583b6d24dae22c5a716fefe95,896461,253360.0,211.0,0.000833,1,3,364
2025-05-12 22:00:06,a4a418427ace937a18d80e95fbfde69155eb2a08e054fc32eff937aa1256a014,896461,253901.0,211.0,0.000831,1,3,364
2025-05-12 22:00:06,d1a2812ede440da0b8fc8af6172b8579cdd2e1424fb9f4f3c483b672481d0d64,896461,254442.0,211.0,0.000829,1,3,364
2025-05-12 22:00:06,b08d960c37b5df76568a0186bfe4d66fddc1f106d66790408df930d7c9f73c84,896461,254983.0,211.0,0.000828,1,3,364
2025-05-12 22:00:06,cf3929ba3783268753b07569968c4b92fd9c4d4266caad2df4c0b1a831403297,896461,326056.0,211.0,0.000647,1,3,362
2025-05-12 22:00:06,e2eca7b9e4019289fdb1729020452c7c5bfa17b798e3aece46fbddc794a1ea73,896461,326597.0,211.0,0.000646,1,3,364
2025-05-12 22:00:06,2ad0d16aabe646a5209b642504d261e59e229fe9539c30a9a11cb0d89c7cbd3f,896461,327138.0,211.0,0.000645,1,3,364
2025-05-12 22:00:06,5f26af830423b7050ab7e52f4b525dff90e3fc9c1bd6193775dbb9d127b0bb7a,896461,327679.0,211.0,0.000644,1,3,364
2025-05-12 22:00:06,faf42b49d649c48cd51c5ecc78abbf15d75e7d09a40034aa3f86d36860e697ee,896461,328220.0,211.0,0.000643,1,3,364
2025-05-12 22:00:06,055754f2fd5cf03deab3b75771d0a907838259fa124d225c2ffa053ce78c6886,896461,328761.0,211.0,0.000642,1,3,364
2025-05-12 22:00:06,6543df67df20cfc63dad7057bf9033d431b3a1606d4a4f466cc8949455e868b4,896461,329302.0,211.0,0.000641,1,3,364
2025-05-12 22:00:06,7baeab7a584c5dadd1d71ab7bf1c86e5f06f2d4b6c6fdc1a3868ebdff2f43bfe,896461,329843.0,211.0,0.00064,1,3,364
2025-05-12 22:00:06,ec353b761ae3d29314dfc58bdf8b24a610113666ddd2c4a2ecaf4ae261120db9,896461,330384.0,211.0,0.000639,1,3,364
2025-05-12 22:00:06,4a91d20cf19bac99b1f3f48d3ec6d0908541469e6d373b4b5b20fc9e9acc1926,896461,330925.0,211.0,0.000638,1,3,364
2025-05-12 22:00:06,d3e364d41d336bb1ba54f5e75c9d8c1c8589f33c09bc022df5967b723962bd9a,896461,331466.0,211.0,0.000637,1,3,364
2025-05-12 22:00:06,5dac03e10be991c588287f0b5b8179db1db3abc9c08b14dd1289c1e0a967e825,896461,332007.0,211.0,0.000636,1,3,364
2025-05-12 22:00:06,76691b25df000645c29be261219981c3200ba59976b3341f84fbaabad988a462,896461,332548.0,211.0,0.000634,1,3,364
2025-05-12 22:00:06,344245e87555efdfee37bdd73a616dba7dcb404077b32ab468ac2861f7edccc0,896461,333089.0,211.0,0.000633,1,3,364
2025-05-12 22:00:06,98bb05e65030677fccbc101be79d71a70836ac2fcce527d72da3148cb91970c6,896461,333630.0,211.0,0.000632,1,3,364
2025-05-12 22:00:06,7786b51ce592148dbef64ee6e72dde5780f3981feb2f77442a352f1d520f34c1,896461,334171.0,211.0,0.000631,1,3,364
2025-05-12 22:00:06,945ea56e0bf24917607b725612a7b61b5353bf2f96d8ae8c141f10e22bb63107,896461,334712.0,211.0,0.00063,1,3,364
2025-05-12 22:00:06,9b41072f1616597da762a647507dddaa7f02eefb614dac0a2ae61e01ac1cf81a,896461,335253.0,211.0,0.000629,1,3,364
2025-05-12 22:00:06,090626aab97563f88c8df8907ab2aafd20dda34e90a0a31360a12690fa102c0f,896461,335794.0,211.0,0.000628,1,3,364
2025-05-12 22:00:06,e18f3c5585d80bd3b9ca9600d87438c0de1cf15d6a253b27e7c924b496449ec1,896461,336335.0,211.0,0.000627,1,3,364
2025-05-12 22:00:06,c4de10e864269e499f7d57e713b4e20ef88f32605992cd335dbb9756f03d8bc7,896461,336876.0,211.0,0.000626,1,3,364
2025-05-12 22:00:06,9216956046a802947b96056b2ac274bd0999bd2e8087edd32704af0fefe5167e,896461,337417.0,211.0,0.000625,1,3,364
2025-05-12 22:00:06,56f22b057ce2d9e5aaf1bc94fa227172fb988fc9f98951e677d8edb38bc6bf77,896461,337958.0,211.0,0.000624,1,3,364
2025-05-12 22:00:06,2b1dba62b0af6abd2b53eed338651efc35dfab5ab128713320c0028952ad343e,896461,338499.0,211.0,0.000623,1,3,364
2025-05-12 22:00:06,20b1d0c499caa27c7379c297fadead3ae62f5f7d0768f3fdb8ee72f41ac2a87f,896461,319084.0,211.0,0.000661,1,3,362
2025-05-12 22:00:06,9105388d66a62c7a6c4dd7e036c1c72f7e379c5c65f1e1bea0bc29a2e1d99d19,896461,319625.0,211.0,0.00066,1,3,364
2025-05-12 22:00:06,acf59988d127298842a95ddb000ef067c8a89330f0ff6ac13562bfe745fa1150,896461,320166.0,211.0,0.000659,1,3,364
2025-05-12 22:00:06,53c2b1e4f81aa03a9b425cdf388e78acdd76bcf5f23a1e621eb79eaaee77cc92,896461,320707.0,211.0,0.000658,1,3,364
2025-05-12 22:00:06,4fccec42c9faa07d8bea523ece53095172d1cc58ecf8adda0309e66b3fd8789b,896461,321248.0,211.0,0.000657,1,3,364
2025-05-12 22:00:06,7fd1dcf3f6097091c2fec025d95acdf20dbf736b9edfa0d1d0374dd1147672a9,896461,321789.0,211.0,0.000656,1,3,364
2025-05-12 22:00:06,839391ad5754f4537b463c79af5978805fe9629ff3086f84350187b9bec12c3c,896461,322330.0,211.0,0.000655,1,3,364
2025-05-12 22:00:06,45f7461ff016eb5e967483802aef0e76cc50d815c249175272bfa7ce789ad6fd,896461,322871.0,211.0,0.000654,1,3,364
2025-05-12 22:00:06,9e89ac811b944ccdaad9468a759a58a395bd02d9bd1ef3ea7f2dadd6f47c5c04,896461,323412.0,211.0,0.000652,1,3,364
2025-05-12 22:00:06,36cfa68c2a4bc2883cf7fd5c6c08c9a25ba30f457ce822c83570768787a87153,896461,323953.0,211.0,0.000651,1,3,364
2025-05-12 22:00:06,f3730a144fa666f0ee35495b08108e977eb8f910ab222d94350e10957ded82d2,896461,324494.0,211.0,0.00065,1,3,364
2025-05-12 22:00:06,26e89b747c655c4932835123ed7422b5935fb33d27cdbfccf78d297033c4c619,896461,325035.0,211.0,0.000649,1,3,364
2025-05-12 22:00:06,33caaa9d93244f40d846afc2fc774bda5561a4f16f3576b28813717b9bd3d1f0,896461,325576.0,211.0,0.000648,1,3,364
2025-05-12 22:00:06,aa966f67b252619e24ac6fbf665c3fd7f16d313d654e7f0226da7b10f8432dee,896461,326117.0,211.0,0.000647,1,3,364
2025-05-12 22:00:06,d6ae972e3cf476d89a233458ddf5d3ba616bf9bac7966cd566379dd61e9fe612,896461,326658.0,211.0,0.000646,1,3,364
2025-05-12 22:00:06,6059bf43c0f1c1d0226e0c6bcb38d2dec17b236193912c0b76cc30101c1f15ca,896461,327199.0,211.0,0.000645,1,3,364
2025-05-12 22:00:06,510ea82aa5711fd51f1285762481b582bebb8b4f387bebdd5567dacbed8180f3,896461,327740.0,211.0,0.000644,1,3,364
2025-05-12 22:00:06,28937b4dc4302264001641002064a9970601b2795d9438b60f40bdfd0d28918b,896461,328281.0,211.0,0.000643,1,3,364
2025-05-12 22:00:06,e289215e24db33cfa072eb8397172f58b18a6eff9eeeeb2ebfb4c7318c620870,896461,328822.0,211.0,0.000642,1,3,364
2025-05-12 22:00:06,01bdc2592664a1e9b02d70d579f6f96a3b10bd2e622359bb5b35fcdfbf828252,896461,329363.0,211.0,0.000641,1,3,364
2025-05-12 22:00:06,4e19d3ec754515769d02903c208b9f216a475f916348f505c6bb78731857ee23,896461,329904.0,211.0,0.00064,1,3,364
2025-05-12 22:00:06,bef1308c22f7f95c27c3aa8bc25cba40838a160ed6128f71bdee892f3f839501,896461,330445.0,211.0,0.000639,1,3,364
2025-05-12 22:00:06,74040ad47bfffe76f126a4af5b7effe2ec8058c84161464fe2d0b0d05b8f64e3,896461,330986.0,211.0,0.000637,1,3,364
2025-05-12 22:00:06,b524a84ab1f4ff38629c88da49f03d42f7ade9f03394d5d6979410a654ce497e,896461,331527.0,211.0,0.000636,1,3,364
2025-05-12 22:00:06,09fec1c7e63fd7f9b21abc41f9be44745b32acf421348e17b7dd9d0488624163,896461,243053.0,211.0,0.000868,1,3,362
2025-05-12 22:00:06,ace85d4e9723927af05915a68a386e272c2e6f3ff29cbd336aec351317af5073,896461,243594.0,211.0,0.000866,1,3,364
2025-05-12 22:00:06,c7b086488125faa1a02efdb1d05d188962f7e0dd21ee2c4c4fb473a2ed28a89c,896461,244135.0,211.0,0.000864,1,3,364
2025-05-12 22:00:06,fa09ccebe16b40b86eb0fd59fc4d3babc4bb10b6f267fc41d0bfa8e97f0d0a66,896461,244676.0,211.0,0.000862,1,3,364
2025-05-12 22:00:06,a38c9d06a4a4ab2ea9b97c0302927c2aec889a1f7c2fc69e9c3e0abcc4971de6,896461,245217.0,211.0,0.00086,1,3,364
2025-05-12 22:00:06,5f38b0dd46e8bce4d12448799b53ed6c45d0f49814e0cfb146b787839de61ff9,896461,245758.0,211.0,0.000859,1,3,364
2025-05-12 22:00:06,c8b97cb1337447a1efda2754342914e8b67dc0e8d11accc5515283bd31ee6ad7,896461,246299.0,211.0,0.000857,1,3,364
2025-05-12 22:00:06,6a2268523a4e61a823d5397f976ac56deee36544b75dd1ddfb8c5b9cdea996ec,896461,246840.0,211.0,0.000855,1,3,364
2025-05-12 22:00:06,8b5b989d1ab3b822e0ad69c2bf2274088fda1787b7a856207998feeeab097560,896461,247381.0,211.0,0.000853,1,3,364
2025-05-12 22:00:06,1adaf9fcbc249c669beecd6a6d8a9914ed6b6f87e8b67846d776f0b6de2ee2e3,896461,247922.0,211.0,0.000851,1,3,364
2025-05-12 22:00:06,874e7e4b640efc37961c46824f8e3b4599a47520cb89b6204706f3552bac6a86,896461,248463.0,211.0,0.000849,1,3,364
2025-05-12 22:00:06,81677abd9679b61a54c15df9c7d801f6aa8e16bca4a00ddf1e8bd2a6f5fd5330,896461,249004.0,211.0,0.000847,1,3,364
2025-05-12 22:00:06,72f5942ce6faccc19845e18a63ee4826fcd546a4b913911dacc2f4b45adb3ecb,896461,249545.0,211.0,0.000846,1,3,364
2025-05-12 22:00:06,b31758192ee2c1dbc5c0317e79098a9c366dc99ffd8b66763bc93054b2b63443,896461,250086.0,211.0,0.000844,1,3,364
2025-05-12 22:00:06,018d42cf9f0920ada71720dc555992dfe5a177fddfac6bafcf278bd6a790a85e,896461,250627.0,211.0,0.000842,1,3,364
2025-05-12 22:00:06,3ac67c4cbee16909721ced580f9cd89aedb3a3df86ca3d057f42d8c82cc3a2fa,896461,251168.0,211.0,0.00084,1,3,364
2025-05-12 22:00:06,ac7a0b89d7262230edac3e2bbb2964273531e69baec39cad465028ee98c7fea2,896461,251709.0,211.0,0.000838,1,3,364
2025-05-12 22:00:06,cbe7b10eb424f3fd2f6aa720f650d8c1a3bb07e15b5c118b0fab24fc81d115e4,896461,252250.0,211.0,0.000836,1,3,364
2025-05-12 22:00:06,bbd9d6819fec19b81e5461c3b6c4d65665bcca531bc06132f2772076fd7a572d,896461,252791.0,211.0,0.000835,1,3,364
2025-05-12 22:00:06,574fb667bbe29778529300f83c42d8cd86b225e79cc3fc93a507298a3a71e8ef,896461,253332.0,211.0,0.000833,1,3,364
2025-05-12 22:00:06,82ff4658f83cfe64daf84a4db7a53321ab58bdfc71e3751a76eba881e0893d62,896461,253873.0,211.0,0.000831,1,3,364
2025-05-12 22:00:06,ba089748242dcbe30b4f4fc6fd15130d888fced25c285e67e03ab2493fe16603,896461,254414.0,211.0,0.000829,1,3,364
2025-05-12 22:00:06,ea93c687cb7cc8e8a0d1abf4b8aab25ac991f93fe4e84b4b3206cff4985fcdf3,896461,254955.0,211.0,0.000828,1,3,364
2025-05-12 22:00:06,b9c2c7c86adbf5d49413236cd6f81c2c7b7ebc14f97013a09e06aa9d14573a8d,896461,255496.0,211.0,0.000826,1,3,364
2025-05-12 22:00:06,b2e95955d0e9a7802596dbfad72a144e872f01dd937be3dd9d24d640e1331d5b,896461,236149.0,211.0,0.000894,1,3,362
2025-05-12 22:00:06,20c8bbc6cf5680a7de900025a93430b1e555a2a8ef6b5278e0fff787ab00faf7,896461,236690.0,211.0,0.000891,1,3,364
2025-05-12 22:00:06,03414ebba452c42acfbcee88d5e727f036fcc4d8a498e0cc5bc2c32a34d1edfc,896461,237231.0,211.0,0.000889,1,3,364
2025-05-12 22:00:06,3689901af8617b5673c695b2963527f45e1d40e477f7cdd78b433a01a857775c,896461,237772.0,211.0,0.000887,1,3,364
2025-05-12 22:00:06,a4f0d2a05fe09e266c5dd0ee0014ac216ffa5120109c93a1ba18e0f5478f4e8b,896461,238313.0,211.0,0.000885,1,3,364
2025-05-12 22:00:06,a92f76051a9053472dd23511c3f7f40e9f9fcc60e64d3537a894863a52883388,896461,238854.0,211.0,0.000883,1,3,364
2025-05-12 22:00:06,dd8813abc2116461b96ba565e446f1d7c7524da26bd906f363bb20d0a954076b,896461,239395.0,211.0,0.000881,1,3,364
2025-05-12 22:00:06,edc721c7ac25611cadec72734f832a4b231660b96dbc73c42ccc231a26ea2a34,896461,239936.0,211.0,0.000879,1,3,364
2025-05-12 22:00:06,18245a6497786c46d88263a1742c8233e24fee909ea5bc0bac2e17c5292eda41,896461,240477.0,211.0,0.000877,1,3,364
2025-05-12 22:00:06,a71be49af45ca13c7ee20617a62511f2c29ab1bffd32a20e653f2dee1b047fde,896461,241018.0,211.0,0.000875,1,3,364
2025-05-12 22:00:06,aaaaf8d6217ff0eddde34c3bf6cd926f4708396d90ff074d8f79ae77a1918707,896461,241559.0,211.0,0.000873,1,3,364
2025-05-12 22:00:06,5f6435e55d322efe461ef08b0f9bc7f13563c79caf12df4900f51140116b4f96,896461,242100.0,211.0,0.000872,1,3,364
2025-05-12 22:00:06,b29cdc2965b7f300891cc034d2367bca11c886a022a803fb38ab96936492b6d5,896461,242641.0,211.0,0.00087,1,3,364
2025-05-12 22:00:06,e4d07d9712bc16113ad0990eb011e97c95eafe1a5af80cc3b5ee9d16c15247b2,896461,243182.0,211.0,0.000868,1,3,364
2025-05-12 22:00:06,1520eda46745b22aa44f13ded6f48d2db02c5903714dd0cf64ef037efcbfedeb,896461,243723.0,211.0,0.000866,1,3,364
2025-05-12 22:00:06,8a5de6ba3d8e6f1cac618d000261c5a245da1855ce6ba17cf6fba714febe2d97,896461,244264.0,211.0,0.000864,1,3,364
2025-05-12 22:00:06,6b6aa5884be74bfbcda79e367e21e76de32b667a24c76458e4635e59fd28c2c1,896461,244805.0,211.0,0.000862,1,3,364
2025-05-12 22:00:06,da86c70028eaa982a54b0bafda8beb18738440fc4908cd61ea42b4f3ac847908,896461,245346.0,211.0,0.00086,1,3,364
2025-05-12 22:00:06,d6513ae9553d2d123bcba2a31b00935e284e9323d298cf0109392ac4d0734b69,896461,245887.0,211.0,0.000858,1,3,364
2025-05-12 22:00:06,78c57651bf6ce75d0fc959c19c0218bfd91c65b63f1d761dc4a3324578fbb370,896461,246428.0,211.0,0.000856,1,3,364
2025-05-12 22:00:06,c703c7fc1abca278476a48ce9b71a12697444e2082668d067934492a338bac3a,896461,246969.0,211.0,0.000854,1,3,364
2025-05-12 22:00:06,e8077bdcdccc2059923bf08974a81fe5ce63e7646a18bc137cfc9780f038dfa1,896461,247510.0,211.0,0.000852,1,3,364
2025-05-12 22:00:06,e18dc6c6e93641f130b35d540da65ad4f30bc45bd858ed2988fd32f149509db1,896461,248051.0,211.0,0.000851,1,3,364
2025-05-12 22:00:06,5e890107a4552d3ccceff9291c51cfd51102e344afd27193c9fb9a194bde1286,896461,248592.0,211.0,0.000849,1,3,364
2025-05-12 22:00:06,b923a07ec485c30031cc6014cef83976691b3403b0cd9ce4b964494228dd4819,896461,242448.0,211.0,0.00087,1,3,362
2025-05-12 22:00:06,aa01a365f6a40578eb1263672b98f75f34a9f3ab2f61b5b83c9982c299bc636f,896461,242989.0,211.0,0.000868,1,3,364
2025-05-12 22:00:06,338dca4df4c2943ae37c4bc26c46fc8496058d6d0fcd86978e32653db58db8c1,896461,243530.0,211.0,0.000866,1,3,364
2025-05-12 22:00:06,1d2f23860652c073e1f2ea2edf75cee4c6410334892d1c2c16034cc68f864148,896461,244071.0,211.0,0.000865,1,3,364
2025-05-12 22:00:06,a1ea8b3dc550e17397f602035f17fb34142d55df2c29d4afff38ecdb4997ba2c,896461,244612.0,211.0,0.000863,1,3,364
2025-05-12 22:00:06,d86332dd0afd5937214b0f73f8054059d3433f41abae22d5bc557e01bf0a8c50,896461,245153.0,211.0,0.000861,1,3,364
2025-05-12 22:00:06,e6e0345bcd19e5d6ff0fa57696b478627f95ce8f4c8f9bad66103fe9a56f0bb0,896461,245694.0,211.0,0.000859,1,3,364
2025-05-12 22:00:06,d0f87c37f9e60fe0e471cf17ac32684164502e7b374eb4424eb086240e82625a,896461,246235.0,211.0,0.000857,1,3,364
2025-05-12 22:00:06,24eb0de22ce33e1bd9b33104fac8c6219e4512b56b5545b31f4627b91e1cd3cd,896461,246776.0,211.0,0.000855,1,3,364
2025-05-12 22:00:06,287dc5a7b541ac3d6d19e7639f5f5ad1f7832458c4b7a0e86eac3870fdcb4afa,896461,247317.0,211.0,0.000853,1,3,364
2025-05-12 22:00:06,b8d1fe5ac7fbbdd181fe738fb68d859eab1fdb28bb62a180ffbee8ec0d3f9c7b,896461,247858.0,211.0,0.000851,1,3,364
2025-05-12 22:00:06,06c561be368f3b7cd70e9a800c3ce186328349a11def18a2493c6449840b0a63,896461,248399.0,211.0,0.000849,1,3,364
2025-05-12 22:00:06,aa3fed5b0ff3f27ea737e323c29f98209d04ba92bb5d9b75118a5eb2dd768e17,896461,248940.0,211.0,0.000848,1,3,364
2025-05-12 22:00:06,4145c07e2ce139dc1a8dc0c3526fd7dd8053b701b5d3d7181491b9f878ce932d,896461,249481.0,211.0,0.000846,1,3,364
2025-05-12 22:00:06,769df84c01a2952895077789006f89a7994da2c9065fcf9f1d81b902ea56251c,896461,250022.0,211.0,0.000844,1,3,364
2025-05-12 22:00:06,2a8348fd1e9f19ba35e2ef490dfcc009b27ae7ad2ad074a9d4bf24941cc75d2b,896461,250563.0,211.0,0.000842,1,3,364
2025-05-12 22:00:06,318911c8403daa514809200cef7ea5623ad6941df32fbe171f9ad83e9568b80e,896461,251104.0,211.0,0.00084,1,3,364
2025-05-12 22:00:06,0c84c566729e3901b3a92845c3ec2d625db0b4024283a12094c9c51fde305f89,896461,251645.0,211.0,0.000838,1,3,364
2025-05-12 22:00:06,39b28cba4edff5fc22eb54c527b007e564753de9551879680610400fd89d7ae5,896461,252186.0,211.0,0.000837,1,3,364
2025-05-12 22:00:06,701b3d98fe4e0560e842765dba7d0fba739e4ff740db58c720a66abfe86334e2,896461,252727.0,211.0,0.000835,1,3,364
2025-05-12 22:00:06,f0043b65817ac0b292cd9f1c7adae378946e5eba907701a264ea0ce8d1c4e5eb,896461,253268.0,211.0,0.000833,1,3,364
2025-05-12 22:00:06,fbea6c25e02efcc21c447056cf04fac9c1cbd9d59b8bf3bebd42cdca922e59f4,896461,253809.0,211.0,0.000831,1,3,364
2025-05-12 22:00:06,b9536ae3fae623588531fc6ad74c66f830eed96da4a8033fdb8a3a46ddf0f961,896461,254350.0,211.0,0.00083,1,3,364
2025-05-12 22:00:06,4fff029cbd1d3f9b8e3b4b8108c914d534da301acb0585b82ad8b20424ae0dd9,896461,254891.0,211.0,0.000828,1,3,364
2025-05-12 22:00:06,668279160154c1383cd74e915fcd35d502ee03221da8282a014467be4247b60c,896461,236149.0,211.0,0.000894,1,3,362
2025-05-12 22:00:06,ef16d0390252660c45f5267f07415ad445ce1387ba668f6d407ca94c6c61c831,896461,236690.0,211.0,0.000891,1,3,364
2025-05-12 22:00:06,a9d4abc727870c6049d1dbb682f2cb68742e901a294d70f8a985c99baa8ca4dc,896461,237231.0,211.0,0.000889,1,3,364
2025-05-12 22:00:06,3c754a625e2eda9eebbd6e280cc27185caee084c1a02f98b10731de054b6ae14,896461,237772.0,211.0,0.000887,1,3,364
2025-05-12 22:00:06,0a883804e0cd63b615890c4b1758a9eadf690fdc38b3ab018a5f19a35365e705,896461,238313.0,211.0,0.000885,1,3,364
2025-05-12 22:00:06,60b31e47040da301dd215e4290c7c442c02d8d9b4b266aa1ad0daf1cc2b25045,896461,238854.0,211.0,0.000883,1,3,364
2025-05-12 22:00:06,cdb5e29fec2bf3221baf43129399eb228577f90a6db208ef577b130c3a4b9430,896461,239395.0,211.0,0.000881,1,3,364
2025-05-12 22:00:06,8df4e3458023894533adbb18518d35ea45282ba6f7d74d02c6cf430e3a9b28da,896461,239936.0,211.0,0.000879,1,3,364
2025-05-12 22:00:06,99386657e46615fb35aa4c1525c59eb8f5dd702611c67e7394e71b866af7d96c,896461,240477.0,211.0,0.000877,1,3,364
2025-05-12 22:00:06,929c9db97ea8e30241b2c2d9cd253944ad3074c53abbe66fbb4025cd7474c33a,896461,241018.0,211.0,0.000875,1,3,364
2025-05-12 22:00:06,8050a0c5c0997cbfa369f66144d203430a83fa37a68674dae3416397d1f9550b,896461,241559.0,211.0,0.000873,1,3,364
2025-05-12 22:00:06,decc3309c66d830a8f360a24a3e1938176badb6f70711e813e48f4ce8ea431d6,896461,242100.0,211.0,0.000872,1,3,364
2025-05-12 22:00:06,7dc82840b5e0e62058ec21a1920d429a648e16999c1aa58954d431c3cd2aa3bc,896461,242641.0,211.0,0.00087,1,3,364
2025-05-11 02:26:37,9969815b49ea5adca5c9448f5a370695c9340cf09c67a98de93a4d736e3c83bb,896193,1740798047.0,720.0,0.0,1,2,222
2025-05-11 02:26:37,0d5c6ae460aeafca147e820367d58468b3a3fd92a72aea7840b6c255583a2988,896193,1761118363.0,720.0,0.0,1,2,223
2025-05-11 02:26:37,8f607d0f66fa848f1863209458a9dd3a0b09b04f573e66612b526a6951763348,896193,50246029.0,852.0,1.7e-05,1,2,223
2025-05-11 02:26:37,18ef1969469d4510126f356dc32e609f9af9059861abab55bb842bf788505f4c,896193,50512665.0,864.0,1.7e-05,1,2,226
2025-05-11 02:26:37,b5bcc5b364ab28e7fdcf035967a7a8bb4bd8f75dc05deadaa25ab2db9b64ae8c,896193,50546139.0,677.0,1.3e-05,1,2,222
2025-05-11 02:26:37,4eaa3bd895b3c3692e6d931c6e2a671234894f86cadbe47cebbd54a1df036e0a,896193,50614827.0,508.0,1e-05,1,2,223
2025-05-11 02:26:37,3a446c29a2ea9308695b09d343c8ee0eb91f38ea37ef516eb67c3e206a77bfe9,896193,963109.0,39227.0,0.04073,79,2,14346
2025-05-11 02:26:37,3128bbddf907b9bd7464ed745dd459bfd1f41c5a621f7e76ab640d0062a9af1c,896193,964270.0,39401.0,0.040861,81,2,14550
2025-05-11 02:26:37,3eff22b814e68a99ff38a114ceb633e0d27cbceb3c558b4fe143d374f8743557,896193,963945.0,39054.0,0.040515,77,2,14140
2025-05-11 02:26:37,744c18528c963c4d59fbdb080a09ac9f7375832c2eced8e5fbdcf9454859bec0,896193,29440804.0,5713.0,0.000194,1,1,191
2025-05-11 02:26:37,b5e1d3afa8b980d3829b151f6b4c80e15c1cee550a4bad384ef3b3b3e6adfca9,896193,49577931.0,17593.0,0.000355,2,132,4610
2025-05-11 02:26:37,18eb733ab316e44834e8bcc975723d8f0ab9b7409c76f60bf7c67611ec047e6e,896193,53731835.0,19355.0,0.00036,1,1,191
2025-05-11 02:26:37,7503963e0a5fa3fbe1dd49255961d22211847205eebe880ce2c1e9cb18759d0b,896193,74075749.0,5153.0,7e-05,2,140,4845
2025-05-11 02:26:37,c26bf7755fa9e0ab2efd3b036b1620174d0b58f89b90b9578cafe8dd7cc5deca,896193,927468.0,1096.0,0.001182,1,1,195
2025-05-11 02:26:37,80e6f074e6e53f403efbd6dd7c6aeaafe913b2acb7625b55f1532d8702f3af3e,896193,30397012.0,10796.0,0.000355,1,1,191
2025-05-11 02:26:37,1cbde6703539b1a210514349bd9a2f979d6af246594ff6155ed7f76cf12a06a0,896193,50621492.0,14566.0,0.000288,2,144,5012
2025-05-11 02:26:37,cadc07c24cbad4f9d6a89401f90a486564dd339343ba351af519c751169a98b5,896193,24772004.0,17044.0,0.000688,1,1,191
2025-05-11 02:26:37,6d3c89ff95542f8982943093e95d32f4297c387a82229da9e0773b07d4775a11,896193,50550968.0,10287.0,0.000203,2,157,5397
2025-05-11 02:26:37,f15752a09a1e8dfac559e9c0a3edddba91783b9049f675196cbcf7ec1f51275d,896193,42710729.0,8276.0,0.000194,1,1,191
2025-05-11 02:26:37,a459e08a852edea9e03c385ce4fe6f59c350d693b49c5687dd044c2fd3628496,896193,74374231.0,19055.0,0.000256,3,155,5477
2025-05-11 02:26:37,f95f0a9888951620da96a7b2c717f02b1d23f9633c1d999697738f7914242053,896193,67163813.0,23341.0,0.000348,1,1,191
2025-05-11 02:26:37,ca39609f4a50fb3c96951904fbe504e045cd8e0840a9f777584ccbcbc53530dd,896193,99715854.0,6245.0,6.3e-05,2,172,5838
2025-05-11 02:26:37,2ebb8554686d6534d036ca6bfd2f73c6f47147604ed367ae0ef4dd564372a75c,896193,47616.0,5308.0,0.111475,2,2,370
2025-05-11 02:26:37,40212fd82a41a38787a554285d094fa5775236271fe58d9c4c2ef25b51c0508d,896193,25556152.0,18596.0,0.000728,1,1,191
2025-05-11 02:26:37,175d21586f81fa16baf47dee47cf08fabb55a1b9461dcf944a84b543a955a0c7,896193,50297262.0,11711.0,0.000233,2,175,5979
2025-05-11 02:26:37,c6ede54f7aab0995d67fda297c09858d97d3869e74a090691a267663e07d3bef,896193,29063756.0,14329.0,0.000493,1,1,191
2025-05-11 02:26:37,7a22d0d6eb363c9129b4e7059488e52d48344d99d7028d43686f2de73811df18,896193,49737219.0,13171.0,0.000265,2,159,5430
2025-05-11 02:26:37,abae73102a6164b6c61b7101ca4353e8432924414a0202007da81c74642119b9,896193,25692453.0,24237.0,0.000943,1,1,191
2025-05-11 02:26:37,ea61b2d002a5b536a13ebcf39c3bb98b1b8d6ebed336dfc1efbf2a7194f40c68,896193,55656401.0,6490.0,0.000117,2,178,6061
2025-05-11 02:26:37,573e31e469044197549ca612102f11c64d98594aad21fb1b9692146c3ca3c76a,896193,26410515.0,27974.0,0.001059,1,1,191
2025-05-11 02:26:37,49362f942802a8f2d1b9bdf413dbd3407f2b04456618cef465c5fff3c56256a6,896193,52276331.0,7514.0,0.000144,2,205,6992
2025-05-11 02:26:37,e7c64b01fae2e53f91debb27d2e021f6e8f9c1dba2c293f450ce35d2f0ca8497,896193,870606.0,35579.0,0.040867,74,2,13196
2025-05-11 02:26:37,cfb80371797d0bc8581a898a59d6f80f2c20f6bb43aa46e01f34ab5259be2f24,896193,534582.0,21569.0,0.040347,43,2,7841
2025-05-11 02:26:37,1bb2bae8693ad22887b23b74baef6553f3f10c2415c33024d700db9a8e7e73d3,896193,344973.0,15013.0,0.043519,32,2,5629
2025-05-11 02:26:37,5e5aebb79d3fbeeb0364d5b423941cdcea1499eda5d516e4a1e6c2d69489c57c,896193,926686.0,993.0,0.001072,1,2,275
2025-05-11 02:26:37,8847af7a9f00f92aca2b272462ffb0ffdc4f70b31cb03b3477bb298b60e8c905,896193,510250.0,988.0,0.001936,1,2,274
2025-05-11 02:26:37,90ff09e1802e3127c1247c4178a88f5e62d6ed1cd26e2eb03321b4800ee183dc,896193,214656.0,2628.0,0.012243,4,2,839
2025-05-11 02:26:37,e401328cc4e12db3d31dfaec7daddd45e351f63e6b32ce76ee3797b0ac46c23b,896193,25536739.0,1515.0,5.9e-05,1,1,191
2025-05-11 02:26:37,bd9aefa5a17d201b518d952f0ae0422186cab3b706dede15ab370ad2bbb6d8eb,896193,49128380.0,23537.0,0.000479,2,145,4939
2025-05-11 02:26:37,a5a80482c40d126df8f8333a17f0f741973c63a7ec282f618e4b1e14419d40c4,896193,46242.0,964.0,0.020847,1,2,222
2025-05-11 02:26:37,f19255c1a01e29450d288d6a3217a139012d3fa6dc7c9edcadd4068476a14805,896193,66395.0,482.0,0.00726,1,2,223
2025-05-11 02:26:37,cc61b29bb4eb0b8d23725cc4bf53e9401b74a5da814c709ef6696b1d634305ce,896193,480301.0,23025.0,0.047939,46,2,8371
2025-05-11 02:26:37,f047ba40f00b2b20652ae1c487599b7a9f9698b3d60a99ca3570109d11cabaf1,896193,1054504.0,38838.0,0.036831,83,2,14574
2025-05-11 02:26:37,c1c39424eb1fc23693933cb284482ae3ec274c700a39aee06fd3f224fce39a29,896193,675976.0,33387.0,0.049391,70,2,12406
2025-05-11 02:26:37,9a9b228c514e2b21562da9ee4687634c950a32bcbd5b29b23f705d8db7730f82,896193,96869.0,822.0,0.008486,2,1,260
2025-05-11 02:26:37,9a42a91ce61dd69b725d2e1fa71f0f041503b0ae6b0b185e2ea5e539eb6faf49,896193,10540.0,1280.0,0.121442,3,1,492
2025-05-11 02:26:37,1eb93b5a14587ddd5487819a9f4d27a6f0ed90a326ac275598d5d63371d35782,896193,773013.0,27020.0,0.034954,55,2,9896
2025-05-11 02:26:37,5a6dff70c9f2dc050dba6a923bb13a4b3a8f226110f830265beb5745ba5c5a2c,896193,153196732.0,2480.0,1.6e-05,5,2,884
2025-05-11 02:26:37,fa96e3910d8fef69c4a62c58cccf866c3debbd5e1cc83208680f54267e4be52f,896193,867855.0,28461.0,0.032795,61,2,10675
2025-05-11 02:26:37,8f9c20988fcb30b4f5809625303c1fab76a4f094165ca612e50a10f3bf76c09f,896193,54476471.0,2479.0,4.6e-05,5,2,883
2025-05-11 02:26:37,668fb1f3bd0f032828510a4e7012aad6ba6bee3c33d3528f832e8af083fe3446,896193,48834163.0,2479.0,5.1e-05,5,2,883
2025-05-11 02:26:37,308965b18b3bbfcf04f0badff0ad0a75a3a977764a22d5b60a6e455170174bc2,896193,35958968.0,1032.0,2.9e-05,1,1,200
2025-05-11 02:26:37,c51c6446641852df26a6272a7d59272657716edd883ff4df54e18e25f1cf6fac,896193,697144.0,36071.0,0.051741,71,1,12974
2025-05-11 02:26:37,642a5f5ec26dd44705cb21f82f64f699f98c78eae5e4c78b9e0c6aed82e9eaa7,896193,146245.0,729.0,0.004985,1,2,223
2025-05-11 02:26:37,7d1a897976b7fdafc46e5d88fff6b23be71f5fe9c5ab73011c1a6396420d2624,896193,40697.0,1421.0,0.034917,2,1,259
2025-05-11 02:26:37,dc4b046859631256a88ac8b9f8f96f6397bf77db9e0a00fbe132a2ea2c6abbf6,896193,41136.0,281.0,0.006831,1,1,405
2025-05-11 02:26:37,4888d649785f3777b2edbabad3a3d53b70d7b83406c019839c82db6449e65980,896193,703978.0,730.0,0.001037,1,2,223
2025-05-11 02:26:37,12b81fa8f0a7e21bf53b728f8956ce5aee360358a3439e36eacb94550e914f1c,896193,50765881.0,3126.0,6.2e-05,1,15,795
2025-05-11 02:26:37,1bea8b8e58a8fa0270a4d6568b26088e668f84c3880e6b0fafd871012f083e71,896193,770277.0,28482.0,0.036976,57,2,10298
2025-05-11 02:26:37,548239d7cd4e0838623adf269075e0fe3a9ebffd2d98af06959cc083cbe1f6c3,896193,964844.0,30837.0,0.031961,64,2,11349
2025-05-11 02:26:37,b9d901571fad9f6c8c342a5a9f5fca0adb93c8a4084a3cfb091e13b582a948dd,896193,5183365.0,1320.0,0.000255,1,4,446
2025-05-11 02:26:37,5e4de1606e9eab7db6711da88c4fe5f2c01e547a15e00727933c1b8907e19187,896193,26496432.0,5906.0,0.000223,1,1,191
2025-05-11 02:26:37,75d6edd9e050f8ad66cd9921fd32ca707c1f01c35f758b7fec9986fe1e87b36f,896193,49539160.0,17981.0,0.000363,2,134,4648
2025-05-11 02:26:37,bdf19546059ce0eac78e19a430db049ea22556fe4b63de7865e99dfbc6d0c01e,896193,3375.0,1272.0,0.376889,2,2,312
2025-05-11 02:26:37,09201084938dacb443cff2235441371fed73ed2ca073eb85d926fe7d12ad9e53,896193,4647.0,1272.0,0.273725,2,2,312
2025-05-11 02:26:37,b35d4e198a8436e7edbc6035dd6d5ebe408cb03e1a7e12a023f7e326ef1d7f45,896193,6375.0,462.0,0.072471,1,2,205
2025-05-11 02:26:37,586fb383d9c82ab327c80f73d8d40fc0cb458839257e925a02e7b81146269f0c,896193,14872232.0,1160.0,7.8e-05,1,3,414
2025-05-11 02:26:37,1f6c8e9120f4eb73bfa50633b2794128d9126146ae6d83886cc793eb6a36d383,896193,7331.0,4110.0,0.560633,11,1,1679
2025-05-11 02:26:37,a73a8073b28a752c92fc0f5cf9c21b0bc02621ec4a782199afcb789534032a35,896193,547406.0,1897.0,0.003465,3,2,618
2025-05-11 02:26:37,304b597e7e84dfc2a49da33b4e3d4e1d58b392b855ffed6fbf31b0e6e724bce1,896193,430481.0,804.0,0.001868,1,2,240
2025-05-11 02:26:37,febee7aee7d3a071b2274a9e17034dcb32edf4de1ebc4b22f4de8b9e979975f0,896193,1489518.0,1903.0,0.001278,3,2,618
2025-05-11 02:26:37,7480e263445303be0ee9073c1302620358f9f2a2efdb0ae9ce59e031d323fb6d,896193,51757.0,1130.0,0.021833,1,2,223
2025-05-11 02:26:37,74a5915fb2bc4592f73f262be853b2c6e17ac9e2855d72cd1e6ef9f228b640dd,896193,22301374.0,5456.0,0.000245,1,1,191
2025-05-11 02:26:37,ab580d437fc06b9c9c5376e3a9a4ea1e80f9adbf7d1ee72f2852479bbeab78c3,896193,49500586.0,20628.0,0.000417,2,149,5065
2025-05-11 02:26:37,46a70f92a50bc58e790eca27660e6ee6da27e29a670a6098c66475ef88786ccb,896193,559911641.0,1046.0,2e-06,1,2,392
2025-05-11 02:26:37,6d35677270adb8db84c8763365a944f17cbfd67d1c3bb345ab736d05b6adcd82,896193,290026.0,989.0,0.00341,1,2,381
2025-05-11 02:26:37,93b1e6010bef53c1a411d365bc8b87f1ef0d15453a4121a755df446f80b813ba,896193,23915521.0,1552.0,6.5e-05,1,1,191
2025-05-11 02:26:37,293427061dcf304f10029b55b2726fa14350d267083d89ca0fbc15991c7790b4,896193,48360775.0,24641.0,0.00051,2,148,5083
2025-05-11 02:26:37,ff58366548384bf9762e5c7024efe9b305fb3f6a198e8974dc14ee651d4e9dab,896193,23681931.0,1564.0,6.6e-05,1,1,191
2025-05-11 02:26:37,f3d05e848ec806f1e8a7ff3bd982121d0cdd0c32a7f511097ac24900e9d9b7f2,896193,48896840.0,24931.0,0.00051,2,149,5141
2025-05-11 02:26:37,7bffa653bf2b5a772c99d30ef143306a826e37b37565abcd85a2d8185242dedd,896193,59741274.0,984.0,1.6e-05,1,2,379
2025-05-11 02:26:37,a4d6a7bb9fd1d374bfe9a101b8bccac1200e39d19ba5653814021bcbcbc568bf,896193,1995762.0,984.0,0.000493,1,2,381
2025-05-11 02:26:37,a8792e8afef51f08687ce7cc17c01fd4ecfbdd06c12f3db18231c8c1fec9454b,896193,602661539.0,984.0,2e-06,1,2,379
2025-05-11 02:26:37,07c3103056db3e704f9ba9703b4959b99b2c5b85fa93f30c7553fd9540c458af,896193,9390577.0,2355.0,0.000251,2,6,529
2025-05-11 02:26:37,edcdc1c6611bd1dc7680ac4135f4f1dcc77a1d35f540e0bdacb24b9e40cf5b44,896193,9817800.0,2936.0,0.000299,3,8,799
2025-05-11 02:26:37,e99874342475ca893dd7ed2967bfd89cc361e5571c4c6655b04b7fba990c2cae,896193,997988.0,1572.0,0.001575,4,5,680
2025-05-11 02:26:37,5454b48844a9880a4bd1dc3c42c53a998737de65e215d964d41e33c44600c1b1,896193,16263029.0,3881.0,0.000239,6,2,1884
2025-05-11 02:26:37,6de9c71f79427dabaa0b64e1aeb906e654be2069010aedceafeb82306d28b132,896193,1332370.0,2070.0,0.001554,3,2,966
2025-05-11 02:26:37,0f4148c45780853a9892964371a1a48366c4d652bb2cdef2c80b6c19f0372cc9,896193,1000.0,579.0,0.579,1,1,192
2025-05-11 02:26:37,1b62adea6fb615966c98dc2d65a32f04e79cf4274a9987edb189b1dc27fe9273,896193,93235.0,1930.0,0.0207,2,2,370
2025-05-11 02:26:37,6f6b5641e7730b2954fde748940b02bb9a4da13dfe1ba5097eec81160935e52d,896193,1008858.0,1930.0,0.001913,2,2,370
2025-05-11 02:26:37,a07b8412c09824aab9c2d919c7b99528126dadb204b28e273d3b2fa4bc7eaccc,896193,25727134.0,4475.0,0.000174,1,1,191
2025-05-11 02:26:37,d69f02f45c7c8e75a8495eebd9d31e7bdbbaa2e3d388d66e3d5c9dc94455a650,896193,49266761.0,21611.0,0.000439,2,148,5050
2025-05-11 02:26:37,aea0a70967c9d79e2777baaba5f6aede9f7e229b0f665fd88e4343819e82cfff,896193,4548108.0,809.0,0.000178,1,2,241
2025-05-11 02:26:37,51a181ad985db3bb363110e1ebc2f426947d6e7f90a2bd1239d8821324eae4fa,896193,5112815.0,809.0,0.000158,1,2,240
2025-05-11 02:26:37,9c4edf7526eedfbc0af217e1f923f860e1bdb0295fe7664b1859027b4a7223f1,896193,7574065.0,809.0,0.000107,1,2,240
2025-05-11 02:26:37,f40260df88b8b37686abbf8606d3c2efd4beba0d354a5dc1df2b4ecc725d4ced,896193,3159505.0,809.0,0.000256,1,2,240
2025-05-11 02:26:37,af8b164ba26531e8336fb1319c0fd84f67937adff3f842839fd24b8bc03f92d1,896193,5714957.0,809.0,0.000142,1,2,240
2025-05-11 02:26:37,715a232d7a7159af570d85254a90a9aa8790389cc6082fe65f656951242962cf,896193,4318172.0,809.0,0.000187,1,2,240
2025-05-11 02:26:37,ae10732788f012413df19bb81a630b082f395a7a84d65d8cd666f3d9159900cb,896193,4029191.0,809.0,0.000201,1,2,240
2025-05-12 21:13:18,473cbf481c630b5fefe1d8f62e6c2d4a0eaecff5bc50e0c98aef77232a0b2c20,896458,129596.0,8904.0,0.068706,2,2,375
2025-05-12 21:13:18,04b5402b527e01a3aeec0b924c1ad52fdc3b86da661210ef7150ee740aa9b815,896458,159078.0,5922.0,0.037227,1,2,223
2025-05-12 21:13:18,5d29c28c938d68bdd689f4580b222f102f1123244950ef22368d6b0d298e8401,896458,90646.0,5922.0,0.065331,1,2,222
2025-05-12 21:13:18,78c9cdb6a1438f2467b9ae4e87fbb78a67855ab07fcc94ad5e8387b61c44e564,896458,87814644.0,23703.0,0.00027,1,15,614
2025-05-12 21:13:18,0549ea6edb268ff9f0ae1bbab8697da6e941d81b2d8d75d12c81f50e298850c9,896458,136987711.0,23107.0,0.000169,1,14,599
2025-05-12 21:13:18,66687a46cb47bdfb9722e362ffdcb5e3173ecdca81d407685e054d33a881a2d8,896458,13984000.0,7480.0,0.000535,2,1,339
2025-05-12 21:13:18,fbf106b26e639594db8154e7daf306d2af4ecec6d49c34d94676011415753c18,896458,1846678.0,11802.0,0.006391,3,2,522
2025-05-12 21:13:18,3c7c49d5cf44a227620544ad50a4ab681664dff6df017e3655c2327fd063952c,896458,772575.0,38847.0,0.050282,8,2,1593
2025-05-12 21:13:18,35114e190a0a1b77819832cccffb78ef956914781daaf1efe9c4fc3f7ae4b8ff,896458,867493.0,38895.0,0.044836,8,2,1596
2025-05-12 21:13:18,af912690ade4cf35e1072a61061355fa14f3450c2dfde2c1368a9c01811572d3,896458,598283.0,10416.0,0.01741,3,1,489
2025-05-12 21:13:18,0479c74242ac8db1be5894dbe800b10ea01f8ba24a14b2afdcf81a43022989c2,896458,6570422.0,6038.0,0.000919,1,2,223
2025-05-12 21:13:18,c90f78e5437abfaa343677a01f7b52412eee8e88fbb002cc04243ad493cd20c8,896458,14593.0,4682.0,0.320839,1,1,192
2025-05-12 21:13:18,29280cea043f98e7e965b5d3004b353f10057a8d25aafff635dadf5ee8266423,896458,578595.0,9492.0,0.016405,1,2,223
2025-05-12 21:13:18,e54bf0f962825e62d6ad45b42fe3645512577cefe1b2faeeb988bf91f7db2e44,896458,1072503.0,15708.0,0.014646,2,2,369
2025-05-12 21:13:18,4178f115e799adf9e3bc068d6a3fff24158969daaf5ceddbd6e3b569e4c04caf,896458,12098509.0,15183.0,0.001255,3,2,518
2025-05-12 21:13:18,a9a1d0eaf1a35cf42adf92d7c5e0b4946b03b79526a4cb4c2e3a9e6e55b8a730,896458,528360.0,9492.0,0.017965,1,2,222
2025-05-12 21:13:18,89106af033e7335a5c870cbd321271f2d9becbd42acd0997558234033ec5d537,896458,884239.0,43823.0,0.04956,9,2,1783
2025-05-12 21:13:18,03d8b39554f100cf4324df2ea63f0e7fa30c660ec4c558211e4d028395bb92fe,896458,8263836.0,13201.0,0.001597,1,7,388
2025-05-12 21:13:18,dcf70e100a685739cfed6758653b1132340177a71f6fae060efd09e21c276e7c,896458,111740.0,6122.0,0.054788,1,2,223
2025-05-12 21:13:18,7548d7d99911e23fa2efa43870ec98fda01f23394036a5fdda6d0259a4d820a7,896458,1326952.0,29668.0,0.022358,7,1,1239
2025-05-12 21:13:18,3202bcb4d2f052542ed750cc2db419109e8eb6cc07450800973e4e3cbf1df953,896458,1712551.0,25703.0,0.015009,6,1,1068
2025-05-12 21:13:18,d137e72ec280f3845abe0b3fc7d7329e219d65fd8c82a8d9d5d185dcc67e119a,896458,4484635.0,6274.0,0.001399,1,2,224
2025-05-12 21:13:18,90df924c87ab384dc4ba9ce03e685fbaf0f05c864cf41aa34791cc34d12230e7,896458,111343977.0,6187.0,5.6e-05,1,2,222
2025-05-12 21:13:18,d53fb34ce625ea7f01b7990b5a197a2cb9d86d527ec2cca976dc0879f2872b8f,896458,7821585.0,6187.0,0.000791,1,2,222
2025-05-12 21:13:18,ba463b03e0c6a506e400f46e9f195967fe88192a6e8f824f1fb6d8286e6e1763,896458,91292949.0,6187.0,6.8e-05,1,2,222
2025-05-12 21:13:18,a672842db4e582e924a9d180b84143398cbd98b900b91be915b87cfe541e31ac,896458,1028947.0,58749.0,0.057096,12,2,2349
2025-05-12 21:13:18,29dde5f1eadc91884fb7bd60ae5aab6ece6404599e54f5104f44f134a926d356,896458,2026867133.0,13973.0,7e-06,3,1,487
2025-05-12 21:13:18,f21a105d37035f23710f0b4d9c4e59f9fa5fc9b2299db7761be0aa5c935dae2e,896458,270090476.0,54545.0,0.000202,1,39,1387
2025-05-12 21:13:18,241409df4a1317d81b9edbbe75c4589f869d9a0345efcd78fa038edbec1d4e4c,896458,484686712.0,12768.0,2.6e-05,2,1,385
2025-05-12 21:13:18,b6494a578bd7ed49aa1c93d93454fab2c6d211d5e75b27bd45e2e38f8e0e4d48,896458,7525770956.0,30297.0,4e-06,9,2,1642
2025-05-12 21:13:18,ffc4c662b247f9af0adbd7bb638b0e3b648079b83fc2943eb45f665af78554b1,896458,7463183286.0,9618.0,1e-06,2,2,374
2025-05-12 21:13:18,c9d8f8e1afe49e59dac9d00d5def5159f8ce6d092a5095fb219670c15c615f81,896458,956911.0,18060.0,0.018873,1,8,408
2025-05-12 21:13:18,d01f5617d57985fbf237f5ea583b62a62202b6d7cf6512fe809e4ccbcf50ae72,896458,55765147.0,21990.0,0.000394,1,13,547
2025-05-12 21:13:18,d02addacfb1208a33dd92fb763ccfc3f8794e8d78d3619ab828a78200ef26546,896458,115141783.0,11781.0,0.000102,1,4,345
2025-05-12 21:13:18,7aee5ab45c48e041710e76cfdfd9dc2cbf0629fae0b5d3fe13653718619391b3,896458,140971.0,7982.0,0.056622,2,1,340
2025-05-12 21:13:18,e9aabf5e73a57700d76419b5a822e43d35ac894da075fae304051c449555d0c9,896458,1361604.0,76977.0,0.056534,16,2,3066
2025-05-12 21:13:18,0c94937687e4d24bc2684dbca7a0804f6fcf619da7ee8822cdceff6127e18b2e,896458,19558.0,4944.0,0.252787,1,1,191
2025-05-12 21:13:18,698ab9c1e2afab1b06abe698a7e907873450639bc18f7c304df522e1fc08c683,896458,1119346.0,6480.0,0.005789,1,2,226
2025-05-12 21:13:18,d29462c7b9f66317766ab8fb70eb612ddc5533beee843c37a6a245f29480c1e9,896458,9331148.0,503058.0,0.053912,110,2,20438
2025-05-12 21:13:18,fed315ce523519f91bc431454da1b881bcae6a4b60f5d66f9fe97c590c322ada,896458,4949119.0,272651.0,0.055091,58,2,10911
2025-05-12 21:13:18,fc47b6a5ba8984672f00794f7ba318d244374bb21d39e4f289496e3e13fce5d2,896458,7868258.0,428568.0,0.054468,92,2,17226
2025-05-12 21:13:18,dd2626e5dc62adb2dedcc80ba2c6db7b59c4ea384a015b5b19f23c81ab32cd6d,896458,9317808.0,460000.0,0.049368,99,2,18493
2025-05-12 21:13:18,160ce026ce9d3abb9717f50eaa345be45cf1e549991f74bf4ea954f18a5dfe62,896458,1923858.0,93531.0,0.048616,20,2,3750
2025-05-12 21:13:18,63f4b8e6de575d1753e4ec824e1e4fd5c33225ce01bb5df125bc259576e53d6a,896458,452853.0,9267.0,0.020464,1,4,286
2025-05-12 21:13:18,cb420211c1a4bea05397e4f6495977ccb1213f0a1d44389bc528f90c1ab65932,896458,605120.0,5137.0,0.008489,1,1,194
2025-05-12 21:13:18,94307e6385379d01301054556df2217b86b3064f3ed2d2ebf25b434d89a06fcc,896458,6005.0,8109.0,1.350375,2,1,340
2025-05-12 21:13:18,5ea5e0938c71ff7c2acc3fda3ffc8205a3628f106c5f696e6bab911d5402532e,896458,92625.0,5059.0,0.054618,1,1,192
2025-05-12 21:13:18,dd284d59321cef8c5eb32071b0dfa1da56523e50b3db4ecaded4d2323c226124,896458,4839726.0,226196.0,0.046737,48,2,8999
2025-05-12 21:13:18,ba35b04b91bc753eaa33d0e269580619d996e7e92410716820a1359ddbb330cc,896458,9337771.0,382050.0,0.040914,83,2,15316
2025-05-12 21:13:18,4ae9121fbf1e699757d82307356d50d140709dc8a0b9bf98d6533375182f4ada,896458,13484713.0,22908.0,0.001699,1,13,579
2025-05-12 21:13:18,d3257be0779520928505cad43e0f2b8fdfbc2ae88a037c4f95732fffbe7f81b9,896458,1689542.0,6532.0,0.003866,1,2,224
2025-05-12 21:13:18,1d254033c25f5aec2ecb48b1e5b975eea9add6a199c9f6c2115fbf173c9898a0,896458,88704106.0,6624.0,7.5e-05,1,2,225
2025-05-12 21:13:18,e245575a5c351f82f60ed07a34037422bac3be527a1e64fbaf8cb7a2fd69f29c,896458,295974998.0,6486.0,2.2e-05,1,2,223
2025-05-12 21:13:18,3e392134b292bbd642ff1eb909f9217351b59193a08899bda811bb6e9685e496,896458,3680430055.0,26128.0,7e-06,1,15,650
2025-05-12 21:13:18,7e805346cf9e76130ff170b52a336622f7e71b2ac26852cd1e3cb353f9af4180,896458,1422801330.0,40204.0,2.8e-05,1,25,955
2025-05-12 21:13:18,92de427c3aeb155ac956c251162b66a1b5d18046d08e9edbd266326a3c181666,896458,33071974.0,34408.0,0.00104,1,21,829
2025-05-12 21:13:18,18460fb1d4b3e828632e64176471c6ad1bbeee931760a15a507ec169dcc30f62,896458,1549848205.0,38042.0,2.5e-05,1,23,909
2025-05-12 21:13:18,08ae81bd2602093d4c3c124ab06f120eb238e2350abd348ab600313b96a4a660,896458,9342917743.0,30176.0,3e-06,1,18,737
2025-05-12 21:13:18,994e1127ef9d5edd2dd0b1bf3e8daef636c81b65bd2ee190a717ca0fd95da95d,896458,181984073.0,29762.0,0.000164,1,17,729
2025-05-12 21:13:18,44886c4f83fb24bdcb11253dadc5ed56c38b6d8a093d27a73f97a8fed2d2f336,896458,247455331.0,26358.0,0.000107,1,15,654
2025-05-12 21:13:18,0ad4472acc1e8135d6610f6737cba682334954677f69e75bacc48fa754385932,896458,66453787.0,20884.0,0.000314,1,12,535
2025-05-12 21:13:18,97a7bef48c01042d241515cd7701e10f09157baf5c48bbc30e72f82fcbe6aa27,896458,21397251.0,32016.0,0.001496,1,19,778
2025-05-12 21:13:18,9e922311547bce8f83a485c1fc485229d74252c3f0b32dd807176c79c20f831b,896458,10130622.0,27232.0,0.002688,1,16,673
2025-05-12 21:13:18,5b239647be3ff41bd86986455b2db1e104db3e000d1d231d2900a27b201cc317,896458,4233570.0,24886.0,0.005878,1,14,622
2025-05-12 21:13:18,463d855e79680e120d0b3635d25db2ef84b8d869c66ede5b0aa90913bfddac0e,896458,87750018.0,37720.0,0.00043,1,23,902
2025-05-12 21:13:18,32dbd9687b05c759bf9465af107f1d323e5f52b5cbdc02f4b6d4c7d22a22f264,896458,1550888.0,86976.0,0.056081,18,2,3407
2025-05-12 21:13:18,73eb6b4298314fd8d91fd3b0ec43f84775e34a096802a5140db1fff0fa240ed3,896458,2130863.0,11100.0,0.005209,2,3,402
2025-05-12 21:13:18,edb988bd2ad711393eb72909d07b156a5d3581a4e0b8d1c2d454863939205a46,896458,1987486.0,108505.0,0.054594,23,2,4288
2025-05-12 21:13:18,b939128b05cf5f57740525147e9040be61a38d2c9f2ac263dc893e5c1ec03677,896458,194839.0,8304.0,0.04262,2,1,341
2025-05-12 21:13:18,6a293770affd353270322cf199ce2e8b25441c3f6bd6014bde01a5cf290cf795,896458,1955519.0,113529.0,0.058056,23,2,4389
2025-05-12 21:13:18,d8fe512c469459ea37291f71565c103a45701b5c97f93f53503d05cf9871214e,896458,2088267.0,116782.0,0.055923,25,2,4624
2025-05-12 21:13:18,814ff465f4e84d2bc45002736893da6497a7d2b2b749e4ba0440e89fb3c50bc5,896458,33338989.0,9240.0,0.000277,1,3,279
2025-05-12 21:13:18,125323da857be40591412161cef3840cd5550845527540ae14ca587ba04b8ab5,896458,31208908.0,9240.0,0.000296,1,3,277
2025-05-12 21:13:18,d6a4878b1f41a8146f314da284ced1fe5edd8cc704d176bee103005aabbc8abc,896458,2593582.0,6418.0,0.002475,1,1,194
2025-05-12 21:13:18,10e226ae1646cb3c59dff9083d77ab6cfa0c3be513629384443387fe0baa1dd2,896458,4691222.0,8778.0,0.001871,2,2,372
2025-05-12 21:13:18,65f42f97e393c292d214d17c151cc3aa658a05ff47091ef071dd228cfd8afc18,896458,61133631.0,10811.0,0.000177,1,3,311
2025-05-12 21:13:18,245dc6c544f86707a580c4180173311f07cdf5405c147992b8fe1e49898707d4,896458,61807902.0,7319.0,0.000118,1,2,240
2025-05-12 21:13:18,25ace76936e9de4eb07c77f8df346e594d7a1e82dc54d6b126c60a98cd430691,896458,4862681.0,7319.0,0.001505,1,2,240
2025-05-12 21:13:18,3ca75aa6b808e6ac0792c4b580a23d27d54820d312e20d38084a84de892b917a,896458,4874261.0,7319.0,0.001502,1,2,240
2025-05-12 21:13:18,6cd8b5eb068a98bc886a2e2feb059f0fcce0d10582273006438854f956f89443,896458,5020302.0,7319.0,0.001458,1,2,240
2025-05-12 21:13:18,f65b80cfe95007f9d310ea5072b323c78b4fa25e711c5ef97fe213d9a25e7039,896458,4181185.0,7319.0,0.00175,1,2,239
2025-05-12 21:13:18,c179daf9a266591706e6e20995f50fd19053dc6ab5b092e80e7541f253c52a33,896458,5169596.0,7319.0,0.001416,1,2,240
2025-05-12 21:13:18,2525045b00487f574a3341438f04830c4764e14f207df502a4b20a8bdb714f22,896458,5009702.0,7319.0,0.001461,1,2,240
2025-05-12 21:13:18,6531cd325ff753f7ee7458fbc298e03de9b2c5caedf1eca757bf9c1ad574e80a,896458,4882681.0,7319.0,0.001499,1,2,239
2025-05-12 21:13:18,366d1546f8aa67acbfb1a6acc8cb429dab981ddd19b9c0d3b8db99d1dc1456ee,896458,106112.0,7367.0,0.069427,1,2,241
2025-05-12 21:13:18,49c833fae22c676ce9fd03dfec2d3c83870b8f82b7bc9184beb5e276645adeb7,896458,4270498.0,7367.0,0.001725,1,2,240
2025-05-12 21:13:18,c7bba4b80766a37b4254772afe3b4bdf1d0097619da34addc2e7f1c20cccb0b1,896458,4939195.0,7367.0,0.001492,1,2,240
2025-05-12 21:13:18,83f02c11787772f7f68f17d1a8cd71760d5eb19fc9eb7c7f5081539d97de9135,896458,5004827.0,7367.0,0.001472,1,2,241
2025-05-12 21:13:18,905b1654e79fb562a6a9aa52a05525fa36d14c11055b91d12fd8b9c19af55c99,896458,4937846.0,7463.0,0.001511,1,2,242
2025-05-12 21:13:18,25a5406b7773bd1d609784ce9dd3541b55154449af4dbc821dfe32c0d1783c5d,896458,4875254.0,7463.0,0.001531,1,2,242
2025-05-12 21:13:18,638703ab7f521f44fa41db42bbc889880e2612c8f29658537f304ce672a72071,896458,114315.0,7321.0,0.064042,1,2,239
2025-05-12 21:13:18,33c844a0270c64d342e7993f29a80ade052f7203543951611bb22d6185e71553,896458,12161218.0,7321.0,0.000602,1,2,239
2025-05-12 21:13:18,857385eb51234e32cb2aa0762888f476702cdbd479a4b2158030fa0f7c549ee0,896458,104036.0,8994.0,0.086451,1,2,274
2025-05-12 21:13:18,fa48ab3ec25bb159a74862e2469c3583ae7a18a3c19eba170a631e17d234d8d4,896458,199991006.0,8994.0,4.5e-05,1,2,275
2025-05-12 21:13:18,3b93e5430b7caa20be929194d97138e6fa82286ed733d04d4a29717574dbcad2,896458,92208.0,8994.0,0.09754,1,2,274
2025-05-12 21:13:18,3622c1c2fccd9fc35319ed1ad61100cd650368e3199a34e519e728570fe907c8,896458,94860.0,8994.0,0.094813,1,2,274
2025-05-12 21:13:18,d629a2deac3f12fbca94f1126d110247ff5ab8575d0bd6aee1fc7d52c16f84a1,896458,129991006.0,8994.0,6.9e-05,1,2,274
2025-05-12 21:13:18,e18a80983696c087129500b822741ca8781c8708db5e7a346ee845eb37546941,896458,104086.0,8994.0,0.086409,1,2,274
2025-05-12 21:13:18,0246c923cb217b038be64045e68b2cd1446de2a5cad061f91db94d2dc113c139,896458,81598.0,8994.0,0.110223,1,2,274
2025-05-12 21:13:18,f088a92373efa1d41d8bdea5f6d448532a70d261ea0e62bb8a418a2d82c8a234,896458,81850.0,8994.0,0.109884,1,2,275
2025-05-12 21:13:18,f8a7a856da131bee0be951b053ebebab7a22ec6eb0bffe66ae624b90d498459d,896458,102542.0,5476.0,0.053403,1,2,224
2025-05-12 21:13:18,0bac6a8b6ed4202a9bb62687f21a1c62b8024e2dcacfc30ce5f6e0d07702470b,896458,13478400.0,5440.0,0.000404,1,2,222
2025-05-12 21:13:18,6e3d7684f55706f89f8cbef3b60ca6eb46e878a115d60bef3d7784f90e64ed8e,896458,7670000.0,56651.0,0.007386,21,1,3162
2025-05-12 21:13:18,44e79c003115ca0e85acc119d8c142c5e6f3462351f5b376dbb901e652b02a54,896458,22000.0,4251.0,0.193227,1,1,191
2025-05-12 21:13:18,c63b60454734c01d0d139a3f83385d39d18fd0530b35db9bd5e42f7b296d906b,896458,1880578.0,7992.0,0.00425,1,4,288
2025-05-12 21:13:18,893397ae5dd5563d8d7abac32e88a5a6bd882de829448b51e2916710920ded78,896458,10095.0,4276.0,0.423576,1,1,192
2025-05-12 21:13:18,40d48640f1a893166425fe856128f5c2eee6011a780d0d3bc73cb95c9dab0878,896458,1094419.0,5988.0,0.005471,1,2,205
2025-05-12 21:13:18,10ffd8c7b405268e01080eb09486dd9b78fa734e2ff71dc516add494ad92b145,896458,4933136.0,13024.0,0.00264,1,8,415
2025-05-12 21:13:18,2952fc7a853da6ab00fb56eb3a077bea9591676ecc48cbbd0b5aa6debc84b1a6,896458,5384687.0,10841.0,0.002013,1,6,359
2025-05-12 21:13:18,6e9d1e321bfbb4fbc1e36f8fc86356655b2741d0bb43bbca8629cd093d64b00c,896458,25233402.0,10508.0,0.000416,1,6,349
2025-05-12 21:13:18,3c7c55dddd2b452e400da2686a3edc6c3b753cda60ae140ffdbcbfdd86bf9e8b,896458,139933937.0,5530.0,4e-05,1,2,222
2025-05-12 21:13:18,4cbf51046666b6e0d53d1799c2679685e6aded99a9b6c2c9a558dda8fe52c4ff,896458,903884.0,5548.0,0.006138,1,2,222
2025-05-12 21:13:18,baf171f5d07d0445331314ee1b90ab238ad8b51b4a33612e69e7e7426e8b328f,896458,142121.0,5937.0,0.041774,1,1,191
2025-05-12 21:13:18,1449bea067adce36c9993bbecb7d162444814dd2ccf4bf4813ecd46c2af9a32f,896458,149058.0,3942.0,0.026446,1,2,223
2025-05-12 21:13:18,7537e00dedbcf6c506adb48fbf9098b93ac6ea6e596140a82454f99c650a0067,896458,2310251.0,9649.0,0.004177,3,1,487
2025-05-12 21:13:18,9ab48ed24da68764b11b84d17c131df3d2fed18debcbc26abf2c38157eb5f137,896458,1149945.0,4459.0,0.003878,1,1,194
2025-05-12 21:13:18,1ebb4a32f59660d99746f0b04212b9f01aa81b2b40f76b05d02f1f38a2f67915,896458,537428.0,23968.0,0.044598,5,2,1030
2025-05-12 21:13:18,45ee4a33a37362efc0ee49c2d549dc1b7af61a7aa73660040813481c7790144c,896458,127671445.0,5735.0,4.5e-05,1,2,196
2025-05-12 21:13:18,f00fe7ae1096e7c869b73c5bb623777ec60f3e5fc312fbf6774dac02d73d0790,896458,5151015.0,5599.0,0.001087,1,2,222
2025-05-12 21:13:18,594ba0af82c75ebc958bf0d5640ee359a027dc56a109f8db3404a905f3681cbb,896458,602597.0,8448.0,0.014019,2,2,375
2025-05-12 21:13:18,c521c599e5f1b9808c1de458eedafa8123eea718486688388bc47d235ff5de38,896458,1651672.0,5746.0,0.003479,1,2,226
2025-05-12 21:13:18,d5fbf1ec58e6646235f2c732c49ac426faeb3d4606355489167c3e4c50854009,896458,344630.0,5641.0,0.016368,1,2,222
2025-05-12 21:13:18,6be47393a0e1156d29b318b9c6e4ad56a082b44c6361c13408c791d2c6a90147,896458,17675194.0,9282.0,0.000525,1,2,219
2025-05-12 21:13:18,529860485d5f4c3151a52c859d59c94f47857f8ba12e90d2510e690214eff9e9,896458,17684476.0,7141.0,0.000404,1,1,191
2025-05-12 21:13:18,ff6dbac2d55d46777228cfc0e202ce023d904072e02d25d622df32cabee93960,896458,2238407.0,7640.0,0.003413,1,2,381
2025-05-12 21:13:18,8b4360779ca258aa75ef5d92c045c597215b5ae4c52b1a27bcc6ef71d856ce35,896458,4708526.0,7600.0,0.001614,1,2,379
2025-05-12 21:13:18,1fa3f4ed9e8289bc7b0af977a5d28b1b9e7413c9f7d16fba398075e4e1fbec42,896458,585143.0,27222.0,0.046522,6,2,1182
2025-05-12 21:13:18,a433f246d2875591aa3495e89f92ffc18cbaf8dc48f87b00fae290cb97a0348b,896458,443193869.0,5709.0,1.3e-05,1,2,222
2025-05-12 21:13:18,407e03cf232b50c38affbcd6b95ba90352c8c45f805d66dfdbf723d15786bfdc,896458,898515.0,6213.0,0.006915,1,2,235
2025-05-12 21:13:18,0cc982272b43322355a328b6160a5d53de04677632ab97f04b3d193e8e649b82,896458,149678564.0,6213.0,4.2e-05,1,2,235
2025-05-12 21:13:18,6e7e737f24b1bdbdd43d52e90c63c2947e0dadbbec83abd8929ad9ef0bc2560d,896458,3393432.0,6213.0,0.001831,1,2,235
2025-05-12 21:13:18,5d3275636c1893f6c900d124e40754c8cb7c851fb4192bd4f4c355c1d4e7f4bb,896458,514194.0,28896.0,0.056197,6,2,1218
2025-05-12 21:13:18,67c3bf29019488a63f65b6f0f8f6825d8c8c7b365abc8dfe64e1155440252a72,896458,27268222.0,4620.0,0.000169,1,1,195
2025-05-12 21:13:18,e20130d3c31a8f4f6ca39cd0a9e510a4b17e8b1e5ec06cf482dbfdc617b4ca20,896458,1461946.0,26915.0,0.01841,9,1,1384
2025-05-12 21:13:18,0f82dda769a947bc726d077d88eaa2ad7b6cc11d706b6148e846a93033f233f8,896458,103000.0,9061.0,0.087971,1,1,220
2025-05-12 21:13:18,e12e41e3775403aa41c14795d162a2fb30835f512f2776955059eb75892c6918,896458,736341.0,32197.0,0.043726,7,2,1371
2025-05-12 21:13:18,4dd10bea2cbd04bf8874a87c48e7e5f28643d61d960c4c060408d00a9dfffb64,896458,58048.0,5838.0,0.100572,1,2,223
2025-05-12 21:13:18,0e34b1d0e072b7736f19b4621afe4fc525d5fa6041d9cd26b9c2de9015536eda,896458,753120.0,5880.0,0.007808,1,2,223
2025-05-12 21:13:18,c4bcf3653b0b66a2af21e2c4a19b0dd8231085398926e9c462b5aa4093c2dfd7,896458,1230872.0,5964.0,0.004845,1,2,225
2025-05-12 21:13:18,f91fa877decd1d7edef303c01ef608d3e0a2c45e94f3b398c80ec39329baf292,896458,293834.0,5964.0,0.020297,1,2,226
2025-05-12 21:13:18,838d47a1253b19ad76e5eef2bca6c8b05a589973c8978bdf709819010b0db321,896458,1959076.0,5964.0,0.003044,1,2,226
2025-05-12 21:13:18,22dce9d1ebd5169e684cbbed3559775dc928f3d3a067576afdc008efd7528855,896458,2003523.0,5850.0,0.00292,1,2,222
2025-05-12 21:13:18,47ea23193ce101c46c1bd543e2e41de9823faea9e814f678cdafaff199f948a0,896458,986720.0,11592.0,0.011748,3,2,521
2025-05-12 21:13:18,51ebc50a4621948d75a48083dda6171865ba1bf5c4d5e1cdceee75efc7692ad7,896458,272795.0,5870.0,0.021518,1,2,222
2025-05-12 21:13:18,b75b7338dea1068c96eaf12d7e5d3f85d31820f9bef87ea2bc07a3eefd8516cf,896458,1367476.0,5912.0,0.004323,1,2,223
2025-05-12 21:13:18,d159ea63674c5b5cc077689740183f1136f49d31805d05040cacd857d096889d,896458,175569807.0,50322.0,0.000287,1,35,1286
2025-05-12 21:13:18,e5f9ea23dfcce12bebe67a858cc0cd699a2a72c2011c8c941ac226124316181e,896458,49949882.0,50118.0,0.001003,1,33,1282
2025-05-12 21:13:18,4f83492918b665a2b52adbd07f067386a03782384d5a5d7309fb54e10f3ccc05,896458,34454142.0,45858.0,0.001331,1,30,1179
2025-05-12 21:13:18,0049d8b758793542452ecbd8e58901394949234349c4e685d3a2835d6e505666,896458,49957692.0,42308.0,0.000847,1,28,1095
2025-05-12 21:13:18,e0aeb7502c247c2e9c743e23ab3b039f39d5244042bc83c0ee35cc6a9dcfa5f6,896458,25954309.0,45691.0,0.00176,1,31,1175
2025-05-12 21:13:18,2852bf7902dbecd8730e224fbeefde11389c7b2f8b39ba17be00c9bde6beb66b,896458,49957149.0,42851.0,0.000858,1,28,1107
2025-05-12 21:13:18,9da9cda64cbcd7236f9ff8090ff5ac5d8bc2461ccba62e7fddf6f9cf2dffbac5,896458,30570533.0,39301.0,0.001286,1,27,1022
2025-05-12 21:13:18,a58e6a5702808edb0be77d4cee11c39aba18d12d1fa949fca65ea02cb06abc82,896458,31531675.0,50327.0,0.001596,1,35,1286
2025-05-12 21:13:18,7dae6871862c384ac9baf928ebde15f45c5f90ad8cc7c04ea481bb02ee311b16,896458,33929360.0,55840.0,0.001646,1,38,1419
2025-05-12 21:13:18,2faf9d6e051f12080102da12cac7deb21ccc9f08fb66036c4e17b63656ad5794,896458,64051148.0,43770.0,0.000683,1,29,1129
2025-05-12 21:13:18,25c8ae9c7b1920fca3709de456112ba37876ce42d969061fb5b7ad3817076084,896458,49952077.0,47863.0,0.000958,1,33,1227
2025-05-12 21:13:18,7fc8674fd485a9ce5a144a56febe6b49d9d8c28879b42a0f784004d1bde84e2f,896458,49961743.0,38257.0,0.000766,1,25,997
2025-05-12 21:13:18,d1313afb6159cf08b233c542a0931a005e671f9e00d48abf0ddf6cc5995297b6,896458,31413572.0,46443.0,0.001478,1,31,1193
2025-05-12 21:13:18,6450f7c18d38ee3d14daccb5ebc76c4e5f4afe7188b9e9565f2f228acbca0ac6,896458,49958694.0,41306.0,0.000827,1,27,1071
2025-05-12 21:13:18,fd1b8645c432c3d4f29b835bd189167599add7417137b1bef557d083b2657b3a,896458,941187095.0,46652.0,5e-05,1,32,1199
2025-05-12 21:13:18,08d9dafba04d84bf4c3284de30c423a8427f74bef710af58bcb2dd30220a54eb,896458,2187359614.0,43269.0,2e-05,1,30,1118
2025-05-12 21:13:18,307b974f73dbda802e3f3f6605562e5f6dfb9896ce4d209dd0029a9f1f4a3985,896458,49956188.0,43812.0,0.000877,1,29,1130
2025-05-12 21:13:18,d2c36087e7c7dcf8dcaba18ead4476fa629c1b10943559fac2406c678dc8b72c,896458,49969010.0,30990.0,0.00062,1,18,742
2025-05-12 21:13:18,485df772c7c644c44e0fa5428894b9e9637c50393f490644cde8c98b5b9b1318,896458,49959195.0,40805.0,0.000817,1,27,1058
2025-05-12 21:13:18,54a70ef6fb505bcfeb33d03dfd0e0768202b0603c72a3f0d8df22c8990d4f147,896458,49952474.0,42434.0,0.000849,1,29,1098
2025-05-12 21:13:18,0891f23134d0edad0947b0f959d13985c3aac74d3e26b8628fa81a417fbeeb89,896458,48833204.0,38341.0,0.000785,1,25,999
2025-05-12 21:13:18,dc0b474a1c433c59f24d4d5301f123b9d0a7cf1b2cf8667ef11cbbba78286fee,896458,47786908.0,33538.0,0.000702,1,23,884
2025-05-12 21:13:18,26355e8c49e4badb3ef7b55e21ffdd02cfdd68c4d9db455420de80b5cffa67a5,896458,4999970722.0,29278.0,6e-06,1,19,783
2025-05-12 21:13:18,edcf0582e76cd8158bb1b3d2279cb9c9b9d5f24ccd735d51bd2e560a2253822e,896458,189966.0,4620.0,0.02432,1,1,192
2025-05-12 21:13:18,3c958c496f9fc12abc7936055b3d7bbdf9bb28c6ff2665c07c7fddd9d0760b06,896458,35998905.0,50954.0,0.001415,1,36,1302
2025-05-12 21:13:18,a933a0287294612c1eede20cce8d79c3c46cb4911cd1fa9ec7bc5eb7d365415a,896458,5607758.0,7455.0,0.001329,2,1,340
2025-05-12 21:13:18,9e36857759cbd980ca2d863349e1f982d30f722b8c311bbec72d14dcb3ec4ef5,896458,490261.0,5922.0,0.012079,1,2,222
2025-05-12 21:13:18,7bc60030b0c4be8ed4353877f495bc433b4935f4c85b87846f8baeb11109feea,896458,11744442.0,7476.0,0.000637,2,1,340
2025-05-12 21:13:18,f219eba3fda251cc4f1ccada1fd05f39f6dd5c07894632e69f3396565817a0d5,896458,489790.0,8778.0,0.017922,2,2,371
2025-05-12 21:13:18,52949e2528311127115739aa6d33d96a440ca27768a203e17c5ad873ea38b7cf,896458,124711.0,5922.0,0.047486,1,2,222
2025-05-12 21:13:18,2501e587d2f5f3f60891f1116a6ac594fa33beae79046d86b8c837bae82d5ac7,896458,199112243.0,5922.0,3e-05,1,2,223
2025-05-12 21:13:18,ab3f236c2c37eb914f401fe42d7e1718dd048eced368104f0c89db3429b526ae,896458,3311965.0,8820.0,0.002663,2,2,373
2025-05-12 21:13:18,adada520e124204b143fe602b1785bfaa219c2bee4ab0a2ebf3c3d2d4dcfc2aa,896458,380785.0,5922.0,0.015552,1,2,222
2025-05-12 21:13:18,40a53ea0ab4ca56bcd21e093c7a8f72576df1e6f3fab80f14b4c3b7cf086d1a5,896458,210311.0,8778.0,0.041738,2,2,372
2025-05-12 21:13:18,f5cfd523919a0dd5ef46c0d16bfdb0261b03109581c426809da77612bb99649c,896458,151894.0,4746.0,0.031245,1,1,194
2025-05-12 21:13:18,54a1bdbca2ccd26b63c2a39a0a1bf34e964ecac423e71f0a0586844eafd28b98,896458,406219.0,8778.0,0.021609,2,2,372
2025-05-12 21:13:18,2b3267c8b377c55c4c74654a416701fb2a52e7b1751936313ae30d9c17bb2698,896458,226865593.0,15666.0,6.9e-05,1,2,373
2025-05-12 21:13:18,5c4c84c0688912fcc90579d345e2a13f4c66c821739e2142e5d9c680e4cbfc8f,896458,5004736.0,4620.0,0.000923,1,1,191
2025-05-12 21:13:18,4eca0313f72c4653dcdc280d7acd157d84f809935c2cbf06c90ccf890c1f2e83,896458,46930.0,5922.0,0.126188,1,2,223
2025-05-12 21:13:18,f625f5d32b800e86ef53619cef7b088d9efc17ed81d6fc8cc6cc3066ff393bb0,896458,200205.0,6048.0,0.030209,1,2,225
2025-05-12 21:13:18,48da70b1f9cd0fdab593fe92506ca0027347f509a58530f9ddd5876639f43880,896458,452026.0,5922.0,0.013101,1,2,222
2025-05-12 21:13:18,15803bc6d7397da412af25bd8b9cb736dd0eec21fa195559860e45173feb567f,896458,6529177.0,5964.0,0.000913,1,2,223
2025-05-12 21:13:18,9f1379557baec8803ce0f96291bd759f40d4bd30b14aedd03e6f14250d6cf37e,896458,293695.0,6048.0,0.020593,1,2,226
2025-05-12 21:13:18,9029722f3a59afc152774c429b7fa60d1c4a0d22c5b92262e7e43212cf1a587d,896458,19833288.0,6048.0,0.000305,1,2,226
2025-05-12 21:13:18,ba9b9306f467a753bcede3c031743b5ee738c3d53e93b0f28d93169be0b8d4a5,896458,20519859.0,5922.0,0.000289,1,2,223
2025-05-12 21:13:18,be9ec210edaa00b6c76c7ebda24e8ea0519cfd097489fc9a0e73a781cc3ac277,896458,479204.0,5922.0,0.012358,1,2,223
2025-05-12 21:13:18,594108b8d7654661b447642c4a4db3fd7065c38d9af22fa4ae6cb3a28f9c6077,896458,204153.0,5922.0,0.029008,1,2,223
2025-05-12 21:13:18,b4f57934394bfa8d82919a8e45c8caea396b9a6a09aa8c9990fdf05c4bad4567,896458,30860.0,7476.0,0.242255,2,1,341
2025-05-12 21:13:18,cfdd7e5e1034adef02ac65f08419b787456d9b4182e0c74e27a3b2761939635d,896458,69684.0,5922.0,0.084984,1,2,223
2025-05-12 21:13:18,17b7233971775290a5791717558e12a5d04754453388fef7ca132adeb5461458,896458,997760.0,5964.0,0.005977,1,2,224
2025-05-12 21:13:18,cdcffa0cdee986cafdfd166f07be8fc07bdae847fc47f0ab141481cd53968455,896458,91676.0,5922.0,0.064597,1,2,222
2025-05-12 21:13:18,6639648d97e304681982e747f8f24114a266a8177b5e5907e7f44085ef3a8e52,896458,88377.0,5922.0,0.067008,1,2,223
2025-05-12 21:13:18,4f9ace0e47a45785b0729604a42c3d951755e437b0baf252b16d6b040dc7b631,896458,1028607.0,6048.0,0.00588,1,2,225
2025-05-12 21:13:18,004237121557c2fd6754992dd57d049eef82d986e53fde3af1e24f7ae8e7472c,896458,14693282.0,5922.0,0.000403,1,2,223
2025-05-12 21:13:18,253adc31b121b21286f7a1b2734f7c822f5672e5e802af0a2ecbd85fba1dc226,896458,2946185.0,5922.0,0.00201,1,2,222
2025-05-12 22:00:06,606063a4b2663bb086ab74df364c5c7f23b8c79e710f96a2c9e15958cef77016,896461,225159.0,211.0,0.000937,1,3,364
2025-05-12 22:00:06,77740756c6526c2a5e026ace869d745c9b253b6da593366a09ca8cff12f8ea3c,896461,225700.0,211.0,0.000935,1,3,364
2025-05-12 22:00:06,ac617561fcfcf42a8c86d195a0b495f3d509fb5919fca4ae29d3072afd41ba78,896461,226241.0,211.0,0.000933,1,3,364
2025-05-12 22:00:06,044553a377d24ebf331b7b03212654a3f02ed0f13d6b06f0f9046436f8788681,896461,226782.0,211.0,0.00093,1,3,364
2025-05-12 22:00:06,012768ad45e967ef1b28a86b6f72e855ec93589193d448924a15a4c5bba2a007,896461,227323.0,211.0,0.000928,1,3,364
2025-05-12 22:00:06,5f26e864ccd61cd95d059c546efff343fb54ff7befe8ff4d1f87704be7a768d0,896461,227864.0,211.0,0.000926,1,3,364
2025-05-12 22:00:06,7ad9dbf6219c8526be2fe28d019534038b5adffa942c8e659e8f68a299e2ef17,896461,228405.0,211.0,0.000924,1,3,364
2025-05-12 22:00:06,dedc4952de3a2b945e66376993f2089633c634d7c01d4bb38fa53ed1b062e27a,896461,228946.0,211.0,0.000922,1,3,364
2025-05-12 22:00:06,093d3ecb402a17c9e2307efcf6873f1bd5dcb2d91a379a5763f9100725771c7a,896461,229487.0,211.0,0.000919,1,3,364
2025-05-12 22:00:06,6bbef4ab3e55213f0c1dda9053850c5d8716a1caf57b17df6ac5fc426dc60a5a,896461,230028.0,211.0,0.000917,1,3,364
2025-05-12 22:00:06,f8bbecdea83f8f8f24ed40aa248837e5f12c2a06b7a0c4b6621d093f34733b61,896461,230569.0,211.0,0.000915,1,3,364
2025-05-12 22:00:06,8c3316ea91ae43f1ba1e1341cf63777e3f173ff08dee04ea2d68a7ad26f6d207,896461,231110.0,211.0,0.000913,1,3,364
2025-05-12 22:00:06,6418571a72b955bcb2ae757e6f114fd14383b359fe0c51f35badc155acac2b3f,896461,231651.0,211.0,0.000911,1,3,364
2025-05-12 22:00:06,9dfa7aaa0ccf06ac42651201921bbc08485ce771704ba1bcc8a4750a0893198c,896461,232192.0,211.0,0.000909,1,3,364
2025-05-12 22:00:06,30dfee4abef03ca3b0428af7c12dac58e99682b5f1a199f078e79e6619a1091c,896461,232733.0,211.0,0.000907,1,3,364
2025-05-12 22:00:06,a64891a451d7225bc455ae3cf835a452af20692f951047f21cd925e5fce88a75,896461,233274.0,211.0,0.000905,1,3,364
2025-05-12 22:00:06,181791a60a6e35db88d6f0fed3ca84f1f2837f7832f9a0c9064856ca7d8e57cf,896461,233815.0,211.0,0.000902,1,3,364
2025-05-12 22:00:06,2b66c3fc72ac576800799e6948f5a6b8e9f1c8a573a555bc8c63457e271bb63a,896461,234356.0,211.0,0.0009,1,3,364
2025-05-12 22:00:06,543b93c228e3c5fe98498305a861e972bbf1c39c5ca985ddfb091a326c70d780,896461,234897.0,211.0,0.000898,1,3,364
2025-05-12 22:00:06,37ffbde2b24a909632277555344e2e96fdd6af0e901b9f1f475129cb48e35cfc,896461,235438.0,211.0,0.000896,1,3,364
2025-05-12 22:00:06,a27a227490f2759582cc21c3352e5d0b16a1abc882c0c23fd61d4592c7ccc305,896461,225619.0,211.0,0.000935,1,3,367
2025-05-12 22:00:06,1fd8a3fc29d0f23035774950592d96c5990294e52ff3e64f1e85c5ec5524540b,896461,226160.0,211.0,0.000933,1,3,367
2025-05-12 22:00:06,54e735682a49a3c5f33d2650fc303fef850f160e94b6a2de00a9a3f8ab135268,896461,226701.0,211.0,0.000931,1,3,367
2025-05-12 22:00:06,0b31f1d02874737dec47c2b5f2e0dfbaaf1ddf3dcbc7dbbf46f2e58384d2c488,896461,227242.0,211.0,0.000929,1,3,367
2025-05-12 22:00:06,b2cb5e5aad5033e6aa4c55a8eaaf2d69934b5071cb314948c0956965fe082712,896461,227783.0,211.0,0.000926,1,3,367
2025-05-12 22:00:06,4973a96b3824d0b3ac87f869e6f81ea22817a9d1f4e448a2458ccb9c44ea170e,896461,228324.0,211.0,0.000924,1,3,367
2025-05-12 22:00:06,ec6e6649b0dae26569d539b4d67d855cdf5a12cea0876010533ec0582e0360c4,896461,228865.0,211.0,0.000922,1,3,367
2025-05-12 22:00:06,64f272930542caf059c4757478e5b362676b27918c358cf1b52f780487fedafe,896461,229406.0,211.0,0.00092,1,3,367
2025-05-12 22:00:06,3e8124af4ebea2d007c236293326f1d2ee3682ecd3d3a284d370a779de609f5b,896461,229947.0,211.0,0.000918,1,3,367
2025-05-12 22:00:06,2a877a3922c4b9a0eca02bada1b58670af558052e76ffd4cce02e0a9b894ce85,896461,230488.0,211.0,0.000915,1,3,367
2025-05-12 22:00:06,e764a0df7d045bd59ac6621dfd40b7199bfaa5ae60e1abf050284ae2f7f3e978,896461,231029.0,211.0,0.000913,1,3,367
2025-05-12 22:00:06,5f63448822eaa5981d08cd25d4cac21916cee1a61bc2e98087c39bc37ef684e8,896461,231570.0,211.0,0.000911,1,3,367
2025-05-12 22:00:06,5162f492929d4cb23e9d53b39b8532aaac35b023f670977f56c0f885f842a7b9,896461,232111.0,211.0,0.000909,1,3,367
2025-05-12 22:00:06,69fd01670197c6b69bd614b4874b89d6511950117c12b839326f49bd1bfa2a24,896461,232652.0,211.0,0.000907,1,3,367
2025-05-12 22:00:06,1f08369277eed2cf53319a88ebf6431944c96ad47c063650067643dd14d35e64,896461,233193.0,211.0,0.000905,1,3,367
2025-05-12 22:00:06,9c56c82e7fb35521e0c0ebfd4ad07d9a3ca1ccddd6aa094ebc605f561d6a5f98,896461,233734.0,211.0,0.000903,1,3,367
2025-05-12 22:00:06,9ef306a3baf634f52b25e35a8740f72a16854a3c604f82b7be3b3ece1027b3ea,896461,234275.0,211.0,0.000901,1,3,367
2025-05-12 22:00:06,f3980e5b09d00eb514b3ca853176acfc532daeba3cbb4c0b2a4d4ac508ee743c,896461,234816.0,211.0,0.000899,1,3,367
2025-05-12 22:00:06,b816382eb4d422221a807e781fac5c8a6f3b4a0c72fb33b6ce941fdd47886241,896461,235357.0,211.0,0.000897,1,3,367
2025-05-12 22:00:06,66fdcb01dc8bf29b339d6c694425539d98b57db5dcc4c9300cc82a6377c0f7ca,896461,235898.0,211.0,0.000894,1,3,367
2025-05-12 22:00:06,49562575358c90f7fa899bd4847fae114144da94faf764f52d9b93101f2bdede,896461,236439.0,211.0,0.000892,1,3,367
2025-05-12 22:00:06,abbc53504c53f0094ab35c555c3657d23d456b99e9d81580ef3af66625c723f0,896461,35048.0,210.0,0.005992,2,1,422
2025-05-12 22:00:06,b09a371182d183119789012ede5929d3172022e02879b1b57a0a1abf64882bbb,896461,362467.0,210.0,0.000579,2,1,422
2025-05-12 22:00:06,37d6f84a225ea8c44ee1fdd787c61309a1633a171433236b818f841b9285c8af,896461,1980342.0,210.0,0.000106,2,1,422
2025-05-12 22:00:06,633e1924d1151fb0aacf3a1314fe71f87c347643b3f7906424b3c99d86209997,896461,13394896.0,210.0,1.6e-05,2,1,422
2025-05-12 22:00:06,a2ee571bc5200e43243dac2e884a692d9465cb5c08664d770646f18b4e0a8482,896461,237291.0,210.0,0.000885,2,1,422
2025-05-12 22:00:06,c1c82829ea29ecfa4c9cd4759c2d68621ec44dee596cdbad4efcad347a2d8dcf,896461,600.0,138.0,0.23,1,1,217
2025-05-12 22:00:06,b4e07e3b8117dfca70ad8b28ef298d2ff80d18233af54abe9f83c6ea02f437ff,896461,242962.0,211.0,0.000868,1,3,362
2025-05-12 22:00:06,e0ad8e09e9ca68723ddc2ad28c417689bbccf93806b2ed5974def6b32c4c9431,896461,243503.0,211.0,0.000867,1,3,364
2025-05-12 22:00:06,66e34e196ca6f99a5860803d4026d27eea26ea35f4ad29bade03f9479c1fcd49,896461,244044.0,211.0,0.000865,1,3,364
2025-05-12 22:00:06,356e1eb5d056d9b3e0f818fdd4df333629ff0f9fb71d98edca507c03fa32c69c,896461,244585.0,211.0,0.000863,1,3,364
2025-05-12 22:00:06,b9879b00a3523170c3150562d12cb4e7cbc7c00da912e511ca99e45ab159668b,896461,245126.0,211.0,0.000861,1,3,364
2025-05-12 22:00:06,18f88260cc365576b3ee2f1ed490f28304bf97213fd8a4ee08cfb7e29e979c12,896461,245667.0,211.0,0.000859,1,3,364
2025-05-12 22:00:06,3b1c9d269a35eea2391bcaafb53bb3b2fdcb81721ee2f877f5e6d2216547ebe3,896461,246208.0,211.0,0.000857,1,3,364
2025-05-12 22:00:06,d21dc8bf60a042f118d1793b4d249ebff5dabe478e28c59a498a53195ef52bac,896461,246749.0,211.0,0.000855,1,3,364
2025-05-12 22:00:06,ce2fc2c1ef5f4fb024c7154d771683e3cf95a72b762c66a7037a28e157c9b7dc,896461,247290.0,211.0,0.000853,1,3,364
2025-05-12 22:00:06,380125b9f90c0e40eb48b3fb4fc755664db276f5038484705470bbf67073e5fe,896461,247831.0,211.0,0.000851,1,3,364
2025-05-12 22:00:06,00f028052b64d158b86c004bc0a93b670f87e6241ece22cb69ec04a665f893fc,896461,248372.0,211.0,0.00085,1,3,364
2025-05-12 22:00:06,c3e2c97220ad7ec2be42382e12c232debc3110fa7c067bcf387d330be0d08beb,896461,248913.0,211.0,0.000848,1,3,364
2025-05-12 22:00:06,b093cb1420371d7be91e64bbd3c72b175551ef13b018a9641be5652c83b7d55b,896461,249454.0,211.0,0.000846,1,3,364
2025-05-12 22:00:06,1bc08d99f210eb9b0daedbe770f3fb5f49c4f5478f8927b6d41100163cbabcb3,896461,249995.0,211.0,0.000844,1,3,364
2025-05-12 22:00:06,12561bd29fa1bdb341057c3d810c9cb200a3f2ceb0eb323720b156d3ede13de3,896461,250536.0,211.0,0.000842,1,3,364
2025-05-12 22:00:06,61bd9d1a5e28e245ce77c5db8b70e8894d598fb674212638e97b95c5f167c762,896461,251077.0,211.0,0.00084,1,3,364
2025-05-12 22:00:06,0cdf9b881384461023e76cb340b521a040db1b07e83b17417a30111b064a4fe2,896461,251618.0,211.0,0.000839,1,3,364
2025-05-12 22:00:06,4f19e1213ae8b78b608d1a6ac69411e56fbab97fdd23cece82539049bf932a14,896461,252159.0,211.0,0.000837,1,3,364
2025-05-12 22:00:06,784012d65f6d36e291c110303b9885cf2d3314cf76647a92d72e4847fd31fadf,896461,252700.0,211.0,0.000835,1,3,364
2025-05-12 22:00:06,d1dab80ffb05b71a0f110f51e67b32702fad433ed921d265f135e4e3405345ef,896461,253241.0,211.0,0.000833,1,3,364
2025-05-12 22:00:06,223ba3b30502adaa65a6fdd6132bc5a839d2c95679ef9f091b9d2af47dc6e0b1,896461,253782.0,211.0,0.000831,1,3,364
2025-05-12 22:00:06,21f60a6f8e159e6492523e4e1bfb5f6e44789d5044833e10e19dfe33109ebdaf,896461,254323.0,211.0,0.00083,1,3,364
2025-05-12 22:00:06,6304824fe4c701f4b46d3cdd683012b69b8196352bab6b4675ef74c69c3af065,896461,254864.0,211.0,0.000828,1,3,364
2025-05-12 22:00:06,809ba2939647dd012e196efb4ddde9a5f6b7ed3274a6c1e6960afde5952ef7aa,896461,255405.0,211.0,0.000826,1,3,364
2025-05-12 22:00:06,efcf43950e65f8a5e9d4124f53243982e0787676cc148db4b2c5bec9b1fd42dc,896461,400446.0,211.0,0.000527,1,3,362
2025-05-12 22:00:06,033960cfee6355300868d4a9b0db078d05bf5ce7965be48af35da0687e9da127,896461,400987.0,211.0,0.000526,1,3,364
2025-05-12 22:00:06,97c41aaf574e41b2bc2a0c86f9bccad6a38e145125edc559a90b512ccf008170,896461,401528.0,211.0,0.000525,1,3,364
2025-05-12 22:00:06,d30d193e841c2513e55da6b0a08349a85d04d6de3c31124f642f21fb42134688,896461,402069.0,211.0,0.000525,1,3,364
2025-05-12 22:00:06,028019cd26e43f2b51bd761d1a2fde0d8370a8e24c0d9519562dfae93b04fb71,896461,402610.0,211.0,0.000524,1,3,364
2025-05-12 22:00:06,6b6cd4e12cac867a300f355b3e3d5b88b1b181b1d7df2012c1e7fb1b640a65d5,896461,403151.0,211.0,0.000523,1,3,364
2025-05-12 22:00:06,554536c11355dfdfaa1a36662da578478835429a8d831f3083f25812043ea5de,896461,403692.0,211.0,0.000523,1,3,364
2025-05-12 22:00:06,d070cdcac3898be934fca7ce2ad2d62b2c43127378b18b1cf530870e33caf641,896461,404233.0,211.0,0.000522,1,3,364
2025-05-12 22:00:06,bf70c1dfa7899896559448fd0706a4dfd828de91cbbf9b48328fc4b46624ef0b,896461,404774.0,211.0,0.000521,1,3,364
2025-05-12 22:00:06,2b4c05143d400205bd9bf4b7bcc06a1be6ba17d1ae8354014e7759c0d0b60dff,896461,405315.0,211.0,0.000521,1,3,364
2025-05-12 22:00:06,770542b64c17ad3c4a687552165c793c39aa3149e96c24745838d60b5a138d75,896461,405856.0,211.0,0.00052,1,3,364
2025-05-12 22:00:06,bb21802699a0114d0205da80b511f734a79e58c7b9ebab08d00e0fe0b5e6689f,896461,406397.0,211.0,0.000519,1,3,364
2025-05-12 22:00:06,5edf751779027045e5ec46451847d7eb493cfcad17e1db12e5acb9c3b6eb18e3,896461,406938.0,211.0,0.000519,1,3,364
2025-05-12 22:00:06,8338054d2a56d506d36b386593ef3ecce85af8406a269600935a6455788c96ba,896461,407479.0,211.0,0.000518,1,3,364
2025-05-12 22:00:06,e89f47c5d3f004893cc94f4d1d2ef4bcd34db838582d9553ac305bb86ce637d6,896461,408020.0,211.0,0.000517,1,3,364
2025-05-12 22:00:06,225c3cbb17867ea41856333650d187aca7809b4c2732e58c9d3b75598d472d41,896461,408561.0,211.0,0.000516,1,3,364
2025-05-12 22:00:06,9806dc1ab5077d99c92a7751f11dd5513fbad15b22d619ee4cc90fda75fc268a,896461,409102.0,211.0,0.000516,1,3,364
2025-05-12 22:00:06,01f0abc61e7b79d5de4013242ea0c6af6b5ac8a35c9df19778ab7d0f7d683ee3,896461,409643.0,211.0,0.000515,1,3,364
2025-05-12 22:00:06,c158e3cdb2dc2c2c8d8a535d96b365961d6b16d3c3597c79a556a5f77dfdd8e1,896461,410184.0,211.0,0.000514,1,3,364
2025-05-12 22:00:06,03901378df30a9f23ebd511b7317a4e7485e003513943bf4631d02b65d7b107f,896461,410725.0,211.0,0.000514,1,3,364
2025-05-12 22:00:06,7a3913186e8896d823d11f9dcb1bf5e53861c7199b55458b1162513efb051c0e,896461,411266.0,211.0,0.000513,1,3,364
2025-05-12 22:00:06,1d622773363a9af9f3b73d077ffbfc997d1776d31db15f1c4bcf559375f83927,896461,411807.0,211.0,0.000512,1,3,364
2025-05-12 22:00:06,225e5ae58d123c67b9cd79c24d8ff370812a0edc1e4df37fd26ed962569ec004,896461,412348.0,211.0,0.000512,1,3,364
2025-05-12 22:00:06,3418faca5aaa2dfff63111ecb4785c66db3258a73a5b01f9bb4a1c8a35b95558,896461,412889.0,211.0,0.000511,1,3,364
2025-05-12 22:00:06,a445f03fa0360f787fbaac52a58a7b669252e5c12544593af582d4eb6ed05cbe,896461,240494.0,211.0,0.000877,1,3,362
2025-05-12 22:00:06,f1d72fa95b8ef87846ac9649244d0dcb9cf21dc9a83488bf2aed5ff96bcdc268,896461,241035.0,211.0,0.000875,1,3,364
2025-05-12 22:00:06,a55f2b16d5e9d7e6ab937809dffcd4fd22872faa9ead8700c28c97e4ff00366a,896461,241576.0,211.0,0.000873,1,3,364
2025-05-12 22:00:06,3d94d13e827ea1db5afe662600e61c8e99c3785515d1f87ec8df025f3fa7f2a1,896461,242117.0,211.0,0.000871,1,3,364
2025-05-12 22:00:06,c5494a4982c83e371fb581ed08e8f659617e7536b272c75b4e2420b6b0c0ce42,896461,242658.0,211.0,0.00087,1,3,364
2025-05-17 07:09:11,364c4a0d5ceaa13aaf5bb96b8ef5bbced6b6b3ad491ccaaa4c71abcfd3ef6da7,897071,156158.0,223.0,0.001428,1,3,370
2025-05-17 07:09:11,1606a0098ed864a476f9f362f7663dd2c17c266244073bfc45e7d79fe529f5f6,897071,156711.0,223.0,0.001423,1,3,370
2025-05-17 07:09:11,f1c2bafa60979d1b438ff586f6e121e32d71f3c83fd7f685e044d5d7c29b0688,897071,157264.0,223.0,0.001418,1,3,370
2025-05-17 07:09:11,b2dd60c1bc0f36aac932bd2b59b8c258e32669593b2dec76b610bbef69279743,897071,157817.0,223.0,0.001413,1,3,370
2025-05-17 07:09:11,91593eec29b1fca6a313e6916ea77f235c0dc7a035f99973b1922bc1c0fca75b,897071,158370.0,223.0,0.001408,1,3,370
2025-05-17 07:09:11,5bf5b55807dd844a599add5841fdb1e6d7cc3823f3e6b68ded46ccc357b2b393,897071,158923.0,223.0,0.001403,1,3,370
2025-05-17 07:09:11,a56f3ce5af2234f156656bf61dc6d87440d01694d8e96ffe6d17a4423a322845,897071,159476.0,223.0,0.001398,1,3,370
2025-05-17 07:09:11,b75fc19e96a4854addee51689d546f904425c7970bb3c36481e3a571d5647d5f,897071,160029.0,223.0,0.001393,1,3,370
2025-05-17 07:09:11,8efe25b7257243cbffa8c812e1c69261f4450e6e62f52b4bc7db3faf2d25f941,897071,160582.0,223.0,0.001389,1,3,370
2025-05-17 07:09:11,3aee9829085bcae8108e602d5c5ff1ced8f1a5d89873377cc7b548df59a82d5f,897071,161135.0,223.0,0.001384,1,3,370
2025-05-17 07:09:11,6fb68b0aecae83d09ce44491efca6da258e24d411204f8076b1ff5ad3cb7fd1f,897071,161688.0,223.0,0.001379,1,3,370
2025-05-17 07:09:11,0ec5343ca6d957c3300393c593d89436f2306dab50d6344fdbd8374658fccab6,897071,162241.0,223.0,0.001374,1,3,370
2025-05-17 07:09:11,7f9f34dc4fd88a8de8439b8a2be75765e8336b03b8d3cdd824478fb5def990c7,897071,162794.0,223.0,0.00137,1,3,370
2025-05-17 07:09:11,08c69a03743fd7ce809ef6b07fc8c599f704c6d39ec827e2122ab6b46de32396,897071,163347.0,223.0,0.001365,1,3,370
2025-05-17 07:09:11,2e3c919b2306cc7bf17c8c6f2b455bd82e6874dac0db15027f6f999b3a29792d,897071,163900.0,223.0,0.001361,1,3,370
2025-05-17 07:09:11,f4aac8976cb31c360e1669c294eebe469faf9786eaf43922331d69f20c882a1f,897071,164453.0,223.0,0.001356,1,3,370
2025-05-17 07:09:11,6876ea2ec3ac064f640aaf73f767e5efefc904cf5bb1f934169a854401a245b1,897071,165006.0,223.0,0.001351,1,3,370
2025-05-17 07:09:11,cac4f45d3aa60edfac0723c4caaf3946c9d1ea5a385130ad999301457c1acea5,897071,165559.0,223.0,0.001347,1,3,370
2025-05-17 07:09:11,fd22242a982478f09421b6230a60c505cad27f666de09e050494ab7d8574af78,897071,166112.0,223.0,0.001342,1,3,370
2025-05-17 07:09:11,6d22a016964e70c932d922f815548a6a99966d0a21ab625926ac07a94101ac4d,897071,166665.0,223.0,0.001338,1,3,370
2025-05-17 07:09:11,3e8e278e39e92ebadf6a1d9f09a536db270d52ea9f434813a98a20670d4bb312,897071,166888.0,128.0,0.000767,1,1,204
2025-05-17 07:09:11,db0b1191dd9b7712de151c006bed983324cefc228c4a0bd28494eadd5adb1bbb,897071,113572.0,268.0,0.00236,1,4,389
2025-05-17 07:09:11,afec03dac867372866bc8c8cd7fe1fb08f95635d09bbaebf072ae7c67027b7b8,897071,114170.0,223.0,0.001953,1,3,370
2025-05-17 07:09:11,f3414179304dadff80ba9ce0b199e5faacd038bdc7a60db333e47531f3401791,897071,114723.0,223.0,0.001944,1,3,370
2025-05-17 07:09:11,511f0e4ea5f36b2a16b2c42aaffcf323543f9c6fad5b453fa72bfb4f23d495b6,897071,115276.0,223.0,0.001934,1,3,370
2025-05-17 07:09:11,584ac2b739753fcf2fc1669a3561f8f15b80a12961d0cbe124ccb2b262e178d2,897071,115829.0,223.0,0.001925,1,3,370
2025-05-17 07:09:11,410d456a3ba4073366a1613abe6fec23acc6a8a6a3c4546ca055956b72b3965d,897071,116382.0,223.0,0.001916,1,3,370
2025-05-17 07:09:11,9dfe19a9767781d2ff16f73ecfc76162796f0d61a32096c97fe019c605786801,897071,116935.0,223.0,0.001907,1,3,370
2025-05-17 07:09:11,c8308166d917bfad5eff3a3a4ed4c2516748809a0144f5be35c54406d1a22ef7,897071,117488.0,223.0,0.001898,1,3,370
2025-05-17 07:09:11,f8e9afca1728b26c197ce971e2be11195e88866f6bce166cfec68833925b207f,897071,118041.0,223.0,0.001889,1,3,370
2025-05-17 07:09:11,0fc332206f4500607b08f64bda148e69b33224f5eac251b35ce24ba0eb8b0fc3,897071,118594.0,223.0,0.00188,1,3,370
2025-05-17 07:09:11,4ccbf18885ead8672273d7ac0f849049369a496d77be03eb73bc98b28d1996b0,897071,119147.0,223.0,0.001872,1,3,370
2025-05-17 07:09:11,cdec44994e8570209d043019c45ebdae24f344612acef5b912ceaa13749a83df,897071,119700.0,223.0,0.001863,1,3,370
2025-05-17 07:09:11,aaaabb53a4b393b9acb26693128f60c389f0a3d3c2149788f3c28dab1d943089,897071,120253.0,223.0,0.001854,1,3,370
2025-05-17 07:09:11,bb675d3b6b303d76ef0ff81c66fe8e7d5b70a6ef099b8b0e04eb1ddaaae60c59,897071,120806.0,223.0,0.001846,1,3,370
2025-05-17 07:09:11,2d1b81f4dc1e06fa4c093564ede2eb7607a8e4b85c26d8664f7dd20f2c1014ab,897071,121359.0,223.0,0.001838,1,3,370
2025-05-17 07:09:11,aad925a26ca8b5024e4e6f5f78acea6c63a4aafa0eeec0d81c992bf240a73cae,897071,121912.0,223.0,0.001829,1,3,370
2025-05-17 07:09:11,a2593c8850e46dc9e5f54ea712b2f659ad80b61800b9588f4d6e509eba9fe53f,897071,122465.0,223.0,0.001821,1,3,370
2025-05-17 07:09:11,d91a66753fb54dddb4cc2ccf2ec1a8fcfa450a0466f9f013a988980539feb447,897071,123018.0,223.0,0.001813,1,3,370
2025-05-17 07:09:11,23d45e0407c6bdfb4f5eb56fee0187e94dfb3827de5d3b436e9ae30c10c86d94,897071,123571.0,223.0,0.001805,1,3,370
2025-05-17 07:09:11,8f9e3965ff95ee58fd1033f9645d83eafd280c02e6e03f9648033b1c8ed190ce,897071,124124.0,223.0,0.001797,1,3,370
2025-05-17 07:09:11,005fa0f3597652248c8bb245efd324d9524ce3e6db97e58a73664b5efb82ab06,897071,124677.0,223.0,0.001789,1,3,370
2025-05-17 07:09:11,73b961882b1ac85524185c05dc5110e79275d2971aa6b111e544f563055edf21,897071,125230.0,223.0,0.001781,1,3,370
2025-05-17 07:09:11,e3113a6997c2436592e990c09c78ae2dae38bd76febc291942edaced35cfb627,897071,125783.0,223.0,0.001773,1,3,370
2025-05-17 07:09:11,e4681a114660a7abf183112109757854908c63529fa98636aac7a1bfdb78a930,897071,126336.0,223.0,0.001765,1,3,370
2025-05-17 07:09:11,3e4460525fb4262ed184611d110835c2aa32c98ddcbaac34fa4ecd5400003810,897071,126559.0,128.0,0.001011,1,1,203
2025-05-17 07:09:11,f026fec0e613d5e6a5c5fc79f91d13bc2b1c46ec0672185b35273981b9dbffb1,897071,116267.0,268.0,0.002305,1,4,389
2025-05-17 07:09:11,65bd69a2ef576f84bc4241ffa4b8f96ac993856192356af14d4ca5976d780670,897071,116865.0,223.0,0.001908,1,3,370
2025-05-17 07:09:11,d937242428ec24cbc08ce0fd9ec61af3a8b8a15df7473b16b51b350ab5f3276e,897071,117418.0,223.0,0.001899,1,3,370
2025-05-17 07:09:11,3a7a9406143c1b352bca4dc87289fffaba0a93cc06420c77e3e6157993024e73,897071,117971.0,223.0,0.00189,1,3,370
2025-05-17 07:09:11,b891ad5a2662fa1a9105d9eff49559c57785545bf7a73060883fc69febdf01fc,897071,118524.0,223.0,0.001881,1,3,370
2025-05-17 07:09:11,d7a306bd274694ce931cc96a046b0b2d3bb248516f0ece1c4be3044e0b50f63f,897071,119077.0,223.0,0.001873,1,3,370
2025-05-17 07:09:11,c6b2e32de8e4c77cc04930935f55c971bd562d1981129ff49ed7c0386ae886b6,897071,119630.0,223.0,0.001864,1,3,370
2025-05-17 07:09:11,da021b6663b1ac1ac7b2d3b7dd17a1d2dabf1cb12b42a38be6189facc7804be5,897071,120183.0,223.0,0.001856,1,3,370
2025-05-17 07:09:11,e4c4ae32689476b6a527bd18df09ee9abfa80468c051f8ea47f7b84de1c11143,897071,120736.0,223.0,0.001847,1,3,370
2025-05-17 07:09:11,2c403cee0a1eff523b46e0b98b667674408a7fd1b58a5897f36ae35ae3d75bfd,897071,121289.0,223.0,0.001839,1,3,370
2025-05-17 07:09:11,5f966e86df379d36dfa568fb395fab1046d0a277067b597a342a48edd0e2b90a,897071,121842.0,223.0,0.00183,1,3,370
2025-05-17 07:09:11,e2ef1b41f9e7d56adeaa390d9ac8620e9498091b6877f9b176125314e9432887,897071,122395.0,223.0,0.001822,1,3,370
2025-05-17 07:09:11,a0a17a33dd49e3d666f440b4948acbed6dd21a503b23ce45b9d2cac79148b00a,897071,122948.0,223.0,0.001814,1,3,370
2025-05-17 07:09:11,26a5d0540343543bda5bbd54a8c419cd92ef0e2103d8c989ca43d11b3e8d3dbf,897071,123501.0,223.0,0.001806,1,3,370
2025-05-17 07:09:11,9ca970573edd9bd06c8af65a9b331aa7e1ca3d366b6c800dbfa80cfb70bc14e7,897071,124054.0,223.0,0.001798,1,3,370
2025-05-17 07:09:11,6c09458b16726d4a78ea8f12657034780cb60d3f86304d433e1b2c1b7b90158d,897071,124607.0,223.0,0.00179,1,3,370
2025-05-17 07:09:11,9193c087fc3441496d2fc192cf62f178cce091b2cdc88669f315c037d8ab90ef,897071,125160.0,223.0,0.001782,1,3,370
2025-05-17 07:09:11,81b76b9a3bf3e0703e63c9dc93d7cedfec38d46f309dc3e3292bf0a2b6405c9d,897071,125713.0,223.0,0.001774,1,3,370
2025-05-17 07:09:11,0f08a1d2d90081cf6d4fbb6be2a82a063031c96fd55e1bf0f37658b3126ab93d,897071,126266.0,223.0,0.001766,1,3,370
2025-05-17 07:09:11,06316b4cba4d0186ea63c8a2717a192d01f7141c10c5c75ea685d142f244f3d7,897071,126819.0,223.0,0.001758,1,3,370
2025-05-17 07:09:11,7311aec5c60131da1e9dff32616f81e691a888dfed8ca22c9cc46989e375322f,897071,127372.0,223.0,0.001751,1,3,370
2025-05-17 07:09:11,b0bda2efa769243146e69f33f3febbd87e3959cf0ea896b86004f3aad7ba399e,897071,127925.0,223.0,0.001743,1,3,370
2025-05-17 07:09:11,358146420fbdf1b1e49a779e5b0de83250b5e3d928639cf6cfecce8abf44f555,897071,128478.0,223.0,0.001736,1,3,370
2025-05-17 07:09:11,22deb1e50cefc3334f8929b67286112eb772a5e88a1450be341ad18429475d4f,897071,129031.0,223.0,0.001728,1,3,370
2025-05-17 07:09:11,fa50fd2832aa261913909ec5f6e75018b5ef9fcef7b27bf46bc348b47b8f0fb7,897071,129254.0,128.0,0.00099,1,1,203
2025-05-17 07:09:11,fe5cd2e8e52548a87a76e7ee15bfbc884b87278df5ec6e016202a245049856a5,897071,100509.0,268.0,0.002666,1,4,389
2025-05-17 07:09:11,2f4a2d9739512c4d90edc23349a9a9030317eb261081e191ace09ae8c8f646d0,897071,101107.0,223.0,0.002206,1,3,370
2025-05-17 07:09:11,6a6bc6d39490976dad6963fec4064e7db124aa549362d790c530639cfde8aa50,897071,101660.0,223.0,0.002194,1,3,370
2025-05-17 07:09:11,5dd94d26894423cdf1c23d6bc0b4a6e8036d5006a410a5b8b6442d0e08ec6996,897071,102213.0,223.0,0.002182,1,3,370
2025-05-17 07:09:11,005424c82d4191e8de39e4717d16348c9f0f2a67269b24a76bfc96e6a9afedbd,897071,102766.0,223.0,0.00217,1,3,370
2025-05-17 07:09:11,38d34ebf3efe09c9440ed694f23ce8ab6bb7052ec2df52ada2aa742da2d31885,897071,103319.0,223.0,0.002158,1,3,370
2025-05-17 07:09:11,0dbe8bc737aec14f41cf7f7ca46fcf6899b953b8ba4cfd62c5b9e727c8436b36,897071,103872.0,223.0,0.002147,1,3,370
2025-05-17 07:09:11,ccae3f021ef17ce1f4f94bf93438860a70db09e516cff71016cac3601248bf35,897071,104425.0,223.0,0.002136,1,3,370
2025-05-17 07:09:11,7a6f3ac68c23789bc1f9b4a99e0cb7db73621b0ecb72efb06a70e1fd92bb1efb,897071,104978.0,223.0,0.002124,1,3,370
2025-05-17 07:09:11,be97d8ccf3a39619ece3f69dfca3f9519ef9d6028eb2a762c59382323c4bccdb,897071,105531.0,223.0,0.002113,1,3,370
2025-05-17 07:09:11,e37603a71d3139b2693538d32505782c4a73591d546425db4ef40a0293b70de1,897071,106084.0,223.0,0.002102,1,3,370
2025-05-17 07:09:11,949153afffbc3f9073c6bdee4bbfb26363572a475b3937442f74f7245e61f6a2,897071,106637.0,223.0,0.002091,1,3,370
2025-05-17 07:09:11,074e37a62c4ac011fba4d1dd821edd9dd2ba4bcec8cce9aa437ee68b9a4b9b4b,897071,107190.0,223.0,0.00208,1,3,370
2025-05-17 07:09:11,326f48e3637037749c10b9ca7f619687b607976b7ad4b178a647d39d7039b5a4,897071,107743.0,223.0,0.00207,1,3,370
2025-05-17 07:09:11,500b78ce961f2a38888c6b1cd3ced508bdc936a1ccfe4ec6ab85ea0b92fe3b37,897071,108296.0,223.0,0.002059,1,3,370
2025-05-17 07:09:11,77356f4d879a6b336c70ac8a4eb29ff55e360e5351af67e45a5b06d17e30e823,897071,108849.0,223.0,0.002049,1,3,370
2025-05-17 07:09:11,728555265ed843dbfdadb2fb2da3ef299ceec0d3384b91a7ed9685787b0b7ff5,897071,109402.0,223.0,0.002038,1,3,370
2025-05-17 07:09:11,667615d8dca8a2ef54a516d2631bc2ed1b53e6d4a8b7c6b628a909243736b5ed,897071,109955.0,223.0,0.002028,1,3,370
2025-05-17 07:09:11,6855412f7b2873362f4d2af618a0a171a400f3b78eed3203c85ec5ee0058071a,897071,110508.0,223.0,0.002018,1,3,370
2025-05-17 07:09:11,dc9eed4bec616a75a5bf209c60ee35593b047f3716f3cd909012f2a4c5ff8587,897071,111061.0,223.0,0.002008,1,3,370
2025-05-17 07:09:11,8a81e7a8c768e74a5c041dd6367dd5f6ed0af13be5ae62770341646b5274861b,897071,111614.0,223.0,0.001998,1,3,370
2025-05-17 07:09:11,4b79b164ba0d26aa5803df9fc34d518cb03db1051ce00267ad5c541de00d10cc,897071,112167.0,223.0,0.001988,1,3,370
2025-05-17 07:09:11,e2c8dc88373e43d54f566ba6a99ee7175eb32375302af01573c48d4abb7cacb1,897071,112720.0,223.0,0.001978,1,3,370
2025-05-17 07:09:11,1e8abce66c46b1b448a2295f93c11a105a981f58f91f405dab2a072e8d528e2d,897071,113273.0,223.0,0.001969,1,3,370
2025-05-17 07:09:11,95b4b65d7afd1d1653d40abf2f9e29f93d2fd8cf956eff41498a456b72270b64,897071,113496.0,128.0,0.001128,1,1,203
2025-05-17 07:09:11,131f16b7565c50dbc3eaf980777a1db5ab05dc0f1833a493cc36a55afa48e36e,897071,144138.0,268.0,0.001859,1,4,389
2025-05-17 07:09:11,97d601778db8e15b8cd7f8e62f8f5882f2abe98bce5ae9db98e2e37597e52077,897071,144736.0,223.0,0.001541,1,3,370
2025-05-17 07:09:11,9f81a3cd201a5bca5889ba77078bc3fbd47888a4a56e71b6eb6bba67cdf18d6c,897071,145289.0,223.0,0.001535,1,3,370
2025-05-17 07:09:11,d5f1bc7420d57802dc39b8ad0c59608a3ae0160e73a76f74ccad22922e35e441,897071,145842.0,223.0,0.001529,1,3,370
2025-05-12 21:13:18,44f5d54bb6f7e3ab3f2559a9a5200ce006eb537f580b45d70b3b586cd9c7134c,896458,39825392.0,17798.0,0.000447,8,2,1330
2025-05-12 21:13:18,24d97f0bde5e02572228225b2221e1774e732cc08716629b7fc254dc5a6dc91e,896458,101340.0,2860.0,0.028222,1,1,192
2025-05-12 21:13:18,e3f9fca9417a8ed81def82ee5ef6e2dc23dd0798cc8ca637313b3976f1b9441f,896458,966674.0,4265.0,0.004412,1,2,245
2025-05-12 21:13:18,08d29592be236d2eba04cc43837737258ed2b689f53d5343b3dbe0ad741d759a,896458,970056.0,4266.0,0.004398,1,2,245
2025-05-12 21:13:18,32becbbbc7dcf42375cbb26a25e5740f5cba8d4c73a3411b86d5fc1ba5e9e8f3,896458,14042840.0,3672.0,0.000261,1,2,222
2025-05-12 21:13:18,98e4dea8bd9accabcd142d19450b3a96e8bc1afdf8c2758ad7b21b37fdd8f40b,896458,36295.0,3672.0,0.101171,1,2,222
2025-05-12 21:13:18,4d878df82e01b5537bb999ad008c31c56ba1d37cbd7457df595988894af23cca,896458,3080876.0,5424.0,0.001761,1,2,373
2025-05-12 21:13:18,423c11ef53052ca870acf8e68564fd506f150f0567ba8ac8cbb5d12480aae17d,896458,9727.0,4936.0,0.507453,1,1,189
2025-05-12 21:13:18,18c14e5a669a9d41c1126c1179eca5cfdc404091638cbfc01df8cd4f2c36bd78,896458,182000.0,2892.0,0.01589,1,1,192
2025-05-12 21:13:18,f6a3416fbd030309d6f8b67cf51254b733d938f62251d1e9dd63be3e8a8c8879,896458,14266993.0,4361.0,0.000306,1,2,247
2025-05-12 21:13:18,805f510ce3bca359cd137d99321e0ee46527f7acebf88bd55951d9435d142a8e,896458,6242417.0,6777.0,0.001086,2,2,417
2025-05-12 21:13:18,3ae94931a8f94774dc752294fddacefdf3d9b4edd0373dd9f40aa5c01f54c235,896458,45532852.0,6777.0,0.000149,2,2,417
2025-05-12 21:13:18,fee7e7fac94cae8da33e4cde1606da92d620a088a077f411dc9e4ac8e721a87f,896458,2292894.0,4415.0,0.001926,1,2,248
2025-05-12 21:13:18,b19c43772963ba7338cf6783d76f9cd64bd0b686c472efe8ac76824da126782d,896458,6618101.0,4415.0,0.000667,1,2,248
2025-05-12 21:13:18,c8803d2c23d01ec5001a4f02ffb3c27db04a195b8a51dc9420f6d649c9df07f8,896458,111896.0,3767.0,0.033665,1,2,223
2025-05-12 21:13:18,06a33e7073cf5dbb9badabfcc53f6d90e8c48cf3de3498cd04ccb1f7e2098cf5,896458,142480.0,3767.0,0.026439,1,2,222
2025-05-12 21:13:18,770d09aa943e4f6e21337ef15a5db42b6981ea2d4013075aa8fa667e534d5ae4,896458,44634.0,3767.0,0.084398,1,2,222
2025-05-12 21:13:18,8ec2eb8df2aae13f5c2ad39d4daccda5d837e616d399098f7c730d9cede333db,896458,593614.0,3767.0,0.006346,1,2,223
2025-05-12 21:13:18,c047a63992881fdb45968d65e7ae7c2aa64a0a79e044f686df7106b4f1b1d4d8,896458,451075326.0,3767.0,8e-06,1,2,222
2025-05-12 21:13:18,6e8c9ece83ca33ebe7c476943dff1e9206a86eedf81f9142dd01f296dd963bcd,896458,1062487.0,3767.0,0.003545,1,2,222
2025-05-12 21:13:18,1bd5641b82b676c5511ca894105606125ff316878427894f69023c50199c07ad,896458,2758039.0,3767.0,0.001366,1,2,223
2025-05-12 21:13:18,e00075e072d032562e6549062d838cc8588aaf95663e586f24cd5b0a64d5879d,896458,267514.0,3767.0,0.014082,1,2,222
2025-05-12 21:13:18,91205a5d9e5fa514e75d838c0440cdc3b82b95f6df0c475ffc3b88237313a793,896458,1073074.0,3767.0,0.00351,1,2,222
2025-05-12 21:13:18,3639b7b262c1c7e1a6013fc856e3a42ec49b65e6b81abbfe11da0cfcfd97f473,896458,111234642.0,3767.0,3.4e-05,1,2,223
2025-05-12 21:13:18,9ce946d4af157ff9db7d6808c4e912710188f79ccf378ae5b1d8973069429a62,896458,2996100.0,3767.0,0.001257,1,2,222
2025-05-12 21:13:18,e1317d47590c383b056bd6afc14095cac9ddd20c2e55a168de06124c5145005c,896458,2915484.0,3767.0,0.001292,1,2,222
2025-05-12 21:13:18,7f871343f884eca8f992e79d39ea7107d63b6e90078b0690a54dd86955e14557,896458,4183227953.0,3767.0,1e-06,1,2,222
2025-05-12 21:13:18,ca9a75e0ef397c2cf34c21cd7ca05cda636524827cada352530dab4510963327,896458,11064466.0,3767.0,0.00034,1,2,223
2025-05-12 21:13:18,49a1b7c96d6a73afad27952e3f1cbf8513b7d0fe249ec89083b9ba52a808d10e,896458,199906.0,3767.0,0.018844,1,2,223
2025-05-12 21:13:18,b9bb2f2beefec4616bf006a59642d9ce307bf1908ad0567b69f319886614d009,896458,40063395.0,3767.0,9.4e-05,1,2,223
2025-05-12 21:13:18,f048afbe4781500a1048844be47238c38db82afc53d1d80ebf2b6cfa73ad7607,896458,601923.0,3767.0,0.006258,1,2,222
2025-05-12 21:13:18,ddea27a3eaf94f227f529c0ebb1c47b0484454cd4df1251711d17d3e00504285,896458,500725.0,5589.0,0.011162,2,2,372
2025-05-12 21:13:18,a28fc582934808366feb3c51640a995374c77cb79556b60dcf65fe544ed6e202,896458,571795.0,3767.0,0.006588,1,2,223
2025-05-12 21:13:18,0af4e51d1aaef1a571c1558c7eeb8153ceb4879374ff3d11a94e7395cc620e65,896458,69368789.0,5589.0,8.1e-05,2,2,372
2025-05-12 21:13:18,a5d2e76845d6d2476492a96f538e4bf685fd1e2ec3ece28a1a9c4fb5839b4141,896458,58173779.0,5589.0,9.6e-05,2,2,371
2025-05-12 21:13:18,87f518ac809b331ca55085da19e606f8363b1cde6a128d063bc97261de2a2e2c,896458,19693911.0,5589.0,0.000284,2,2,372
2025-05-12 21:13:18,14ce769d532c317057e9716f09aed10535f3aff3efb7091769c9a0a78e6cf09d,896458,8657625.0,6075.0,0.000702,2,1,389
2025-05-12 21:13:18,321c0821fe57a3cea7464997db4870b4176709c4f7e1987940b0999457b93215,896458,1048216.0,6939.0,0.00662,2,2,421
2025-05-12 21:13:18,f398ca9af423955048e4cbf0bda7aeb446611b803dc12de7746351d85eb1684b,896458,9571939.0,9234.0,0.000965,4,2,668
2025-05-12 21:13:18,57a1a28b2ed5893363982d34247927eaa5ffa54937035273fe109441bfd097f6,896458,19241915.0,5643.0,0.000293,2,2,372
2025-05-12 21:13:18,cd81579fb8b75676df4135c2d6c3f48b6f19b05564a67defe2494ab190457c7e,896458,519606767.0,14756.0,2.8e-05,7,2,1114
2025-05-12 21:13:18,abe597511b5993a28f00d5287f0f42a9dc0e4875c94de486bf407a69a83c28fb,896458,20020714.0,12933.0,0.000646,6,2,966
2025-05-12 21:13:18,7895f2890a339e998694c52b586eabe0292441b93df237388c1dce07fc7e93f4,896458,497594.0,6051.0,0.012161,1,2,219
2025-05-12 21:13:18,25fb39985cc2c932873f5de20eed38ff33e13aec7534efcdb28f272bd4bd5c6f,896458,898111.0,4409.0,0.004909,1,2,252
2025-05-12 21:13:18,e050e08113e05b8e85bc8991ad45ef734947580e15781a6dea23d0d1e66c0fe9,896458,180076454.0,3821.0,2.1e-05,1,2,224
2025-05-12 21:13:18,ddeb12f2713b4bb8de1777fe1cb75c95131c87cf9f449ad767a7a2d9c98829df,896458,1722350071.0,3821.0,2e-06,1,2,223
2025-05-12 21:13:18,884521c87058cf989dac8dfd56b7e41c579070a51fdcc24cb6ddb80faf829fca,896458,58305667.0,3821.0,6.6e-05,1,2,223
2025-05-12 21:13:18,3c7cc46485945f2e3a5572361c80ab6c4eb093bc0571a15379858e65914e81bf,896458,3398091.0,3821.0,0.001124,1,2,223
2025-05-12 21:13:18,6164a27958bbcc66ce30c0eb7a64207b09f79440af6977a92461a49194b964e7,896458,3623386.0,3821.0,0.001055,1,2,223
2025-05-12 21:13:18,1a8bed1935dd6e77ec37b0025266c068aa951662fc4b0363bd8d51b63ab3b5ac,896458,13741948.0,3821.0,0.000278,1,2,224
2025-05-12 21:13:18,73fdbdd0078b69a5d7eec8f678a6cc89426bbe3766d6958c7d0fec602c92a7a6,896458,996179.0,3821.0,0.003836,1,2,224
2025-05-12 21:13:18,b0b84050972d92e6520f13e2c8bdb4d2487740a2f80da4a99c48d473ee64459c,896458,983917.0,3821.0,0.003883,1,2,224
2025-05-12 21:13:18,4577222233c57168e6c03ac8fe9638ca7eedaa62da362e948dd8c1194e6ffc53,896458,990713.0,3821.0,0.003857,1,2,223
2025-05-12 21:13:18,1f82ef82ef3669ec26c94fd5c48421c57a683cda548c4aafbb2d25de883c372a,896458,100124532.0,3821.0,3.8e-05,1,2,223
2025-05-12 21:13:18,aa52053b150784caa7aa002b6f9bdb052037608b6085f7c54adf8be8b56de648,896458,100141053.0,3821.0,3.8e-05,1,2,223
2025-05-12 21:13:18,51bcd1d62a022925e96d50e01271e8c5e53f19a92ada6b4f747587a6839f4421,896458,7822179.0,3821.0,0.000488,1,2,223
2025-05-12 21:13:18,49b80bff822cc8b89996b77b57b952e13d92b829be7fdb690986868d50b9e119,896458,43158307.0,3821.0,8.9e-05,1,2,223
2025-05-12 21:13:18,fa371d9d776c966401c0116ba5763e0c6b3f409014c244db006d2c5b8ad52d19,896458,26137624.0,3821.0,0.000146,1,2,223
2025-05-12 21:13:18,9d5f41af2be01d1e9ab2f42c71e50f6506c9c9cc74720daa40403bb56189930b,896458,35747616.0,3821.0,0.000107,1,2,224
2025-05-12 21:13:18,807c7c8496a1945cb22614cb1bcb9c70d8d105128ca3bb7c9f1c5e0ad1f17456,896458,995477.0,4523.0,0.004544,1,2,250
2025-05-12 21:13:18,8c1feb42897626503bb33d7fc69e0ed2610e2bbc07054ee953d60dae24941cc6,896458,11166550.0,7466.0,0.000669,3,2,519
2025-05-12 21:13:18,cb1e46ce54a08bc2d40a14ba7be4a9e4eef64f97b76f68e0ef7ec5e0a6862b30,896458,264600808.0,5557.0,2.1e-05,1,4,287
2025-05-12 21:13:18,3fd4d8c7525da73db7816afdbfb810958f8015b70485fdf4cffe4084e38d9731,896458,2995360.0,4640.0,0.001549,1,3,253
2025-05-12 21:13:18,a7b010498a542af261c3bb7a7ccbc0002c31867eee6629555f341e441c89c290,896458,1149054.0,3804.0,0.003311,1,2,222
2025-05-12 21:13:18,a7935b2377858202c31e984a616969d7d4cc180ecb69f239034b88c9c39fa629,896458,1510350.0,3804.0,0.002519,1,2,222
2025-05-12 21:13:18,9f9531e0277c5f7057ffede093ae7e0f83de28f270901b04159a9f4e6bbc0d0e,896458,1246196.0,3804.0,0.003052,1,2,223
2025-05-12 21:13:18,ecb1bb031b7067c1942b2b38236f53a6441ebc9829a1eb2123be47f4f0de2db6,896458,1111577.0,3831.0,0.003446,1,2,223
2025-05-12 21:13:18,169fe2834912d008a75519c96d6cc28c110dfe725ceb268c867fbff289cb8201,896458,1077192.0,3885.0,0.003607,1,2,225
2025-05-12 21:13:18,493835ac4c9390a6849ba537fa528c3c5236838cb4a495429cc1b6e663398c6e,896458,1390838.0,5612.0,0.004035,2,2,370
2025-05-12 21:13:18,e37140ec7682a5e2288121afc326d692bb4f9c3cfcf7d2a2787768f0ec179ef9,896458,2047844.0,5639.0,0.002754,2,2,371
2025-05-12 21:13:18,96b8c9a071decd9e88e26cfb4686aaa6dedb98a983d1030a50e4c8ca23e62f62,896458,1029112.0,5693.0,0.005532,2,2,373
2025-05-12 21:13:18,21a2b2896f59ce691d2bbb4ee3f6f9d3c18fd1fd6abcbebca3bd2019f3749417,896458,1104420.0,7528.0,0.006816,3,2,521
2025-05-12 21:13:18,8ba48976f7c911974a829548c4ea34f62d9cf3e94545dcaae446bfbf3c555f9d,896458,1515127.0,7771.0,0.005129,3,2,529
2025-05-12 21:13:18,0cfe6ac09407f2b679b8e67fafc6bcff499f76a59cf16a4238b71f04eeebd3b1,896458,1025141.0,12926.0,0.012609,6,2,962
2025-05-12 21:13:18,efd8bd64ef510149858376de9ceaef08a497d40f9cfc7b1587ca3e275d2e5ab0,896458,1487963.0,12926.0,0.008687,6,2,961
2025-05-12 21:13:18,1de62bb0a41c2bd2e348db21479849b57ce6339d47163730be250e093dd618a5,896458,1142283.0,9283.0,0.008127,4,2,666
2025-05-12 21:13:18,91d19737bea7670b423c0cb7b94da1e6c91373ed17800e56c777aff3cd9f5dec,896458,1310066.0,9310.0,0.007107,4,2,667
2025-05-12 21:13:18,073e85540c10c69405bacc6fcc29327572061e296aae702ff781bfc15ae6c95e,896458,1025762.0,7448.0,0.007261,3,2,518
2025-05-12 21:13:18,1402c49fc9d797a350f414de2a3fe5582815fc67ef263d6aad9b5ef4545346f6,896458,1060429.0,11199.0,0.010561,5,2,817
2025-05-12 21:13:18,307004189207a007eecb7de19cff8dad4738b162d0af1ef108071a05ecc2c6b8,896458,4121494.0,5613.0,0.001362,2,2,370
2025-05-12 21:13:18,68c39c31f6d41b347af4aeb07224f0b1fe2ac00cde838909e90870b2ec06b19a,896458,1219725.0,5613.0,0.004602,2,2,370
2025-05-12 21:13:18,d662960a504572af908219846e60b76aa738f36ceaa40367fc728574d8087f91,896458,1998826.0,5613.0,0.002808,2,2,370
2025-05-12 21:13:18,d4f1af24c9b00da27b4e3eb1dbb87d10d802d75fb9988e51bf631907ecf03134,896458,1128750.0,5613.0,0.004973,2,2,370
2025-05-12 21:13:18,a43a4038409b0ce7c4b9f4008ee64946c9885ff556ee549f919fa74fe17e2c38,896458,3716823.0,5640.0,0.001517,2,2,371
2025-05-12 21:13:18,5402e75ae9d6d4095da4fa70e56ec0b44474930850ac3a3abeb8bfce1569925c,896458,1102056.0,7529.0,0.006832,3,2,521
2025-05-12 21:13:18,611fc82220892ecdef0c5eb671355edb1293076c3d449334ed80f64785a8fda0,896458,1098789.0,5694.0,0.005182,2,2,373
2025-05-12 21:13:18,dd253f2d3b201fdd287ed1863957e0dcb84d0223eb3aac3c6f06a3a620c6e104,896458,1088381.0,5694.0,0.005232,2,2,373
2025-05-12 21:13:18,a8a8a79c44f49b44bf3f403327859d722c2fe5e4dbfc5c85ee099878b1d25fe9,896458,31128745.0,3805.0,0.000122,1,2,222
2025-05-12 21:13:18,f54df171379b7588a2a142950c23dc034481525f5ccfb87e01b313251b0e90c9,896458,1399453.0,3805.0,0.002719,1,2,222
2025-05-12 21:13:18,9a741f97ebf65bd1756d5111f60158831217c94da5eaebd3261d826c3e40f6c8,896458,19342903.0,3805.0,0.000197,1,2,222
2025-05-12 21:13:18,d5d1ab59ffc91325812d66b675270da1913870355638b9947043d32b32c6fdba,896458,18588405.0,3805.0,0.000205,1,2,222
2025-05-12 21:13:18,39a7c42264ef1f00248c3a05fe6a21b746a11abfa93267a2f34139f129c81eba,896458,1054685.0,3805.0,0.003608,1,2,222
2025-05-12 21:13:18,d41a322202713229445847d01b400a7802aaae36fcf1e476aef96cc96b0cc19c,896458,1179269.0,3805.0,0.003227,1,2,222
2025-05-12 21:13:18,bc582604af8c569f4e8e79717bac5033ea3261aba20a7980bc7530f36142b07c,896458,41237821.0,3805.0,9.2e-05,1,2,222
2025-05-12 21:13:18,0b3fb20bfee8d3788f571019bb364f3848f56eb7665226b0e76ee1bc36c7a978,896458,8375509.0,3805.0,0.000454,1,2,222
2025-05-12 21:13:18,cb9d476672febcd97a489a33153e357669023e86bd89b283b4850d5df9c7af77,896458,30351678.0,3805.0,0.000125,1,2,222
2025-05-12 21:13:18,50b9d8711b2ae88ed95940dc32e4d28018e45783d2ea9023c070cac5fc845674,896458,7250253.0,3805.0,0.000525,1,2,222
2025-05-12 21:13:18,00d2ab58b082741fca3b0dcb586abf6c06c802c83498dec0ec69852a65341e6c,896458,14763224.0,3805.0,0.000258,1,2,222
2025-05-12 21:13:18,ec6c278d31afb68e12605d367b7822e695d4e2b4fed07ca766d5816b6d4e0c60,896458,18632220.0,3805.0,0.000204,1,2,222
2025-05-12 21:13:18,e76b05e6f46d932b5b36955e35d70fbf4bcaa7344931f64ed66b5c160ba05d5c,896458,130960397.0,3805.0,2.9e-05,1,2,222
2025-05-17 07:09:11,73aeec49cbe73175210fdcdb696ef82e772cc93ecffbbbf2828a6ba3996f8014,897071,101898.0,234.0,0.002296,1,3,370
2025-05-17 07:09:11,26e4c92863e22b598d1632ef51ebfc42b1ecf9ca7a3c2567a926ae3eaeead3a2,897071,102462.0,234.0,0.002284,1,3,370
2025-05-17 07:09:11,4659de56ea81b0965f8aa21ea7e4a04fc386c052c2bde9b517d93b0857158c95,897071,103026.0,234.0,0.002271,1,3,370
2025-05-17 07:09:11,45cd06f7c4ac732a39cb7fe30d22110b9f015586e9ca06ac9cc2b3c9c7294850,897071,103590.0,234.0,0.002259,1,3,370
2025-05-17 07:09:11,bb0fafa2aab3c0e569335e74760d066701883625864c787b71e494506948223e,897071,104154.0,234.0,0.002247,1,3,370
2025-05-17 07:09:11,e35df0402f6e528e8501fe9a3a5023a1fbb945d988977f76fb98db5046c9bd1e,897071,104718.0,234.0,0.002235,1,3,370
2025-05-17 07:09:11,768d8f7cb9d6d0f8ef7e9b0f2d6247568e79c31683581a5474c74d32c611ec37,897071,105282.0,234.0,0.002223,1,3,370
2025-05-17 07:09:11,4b8cbcf89bdeb1e0d16e0caba83aa8029a17593407966b61f7171c55b00ee794,897071,105846.0,234.0,0.002211,1,3,370
2025-05-17 07:09:11,59431029be76703d3f5c183ceba2a57a08f838726eeeefd191315c96054f22e0,897071,106410.0,234.0,0.002199,1,3,370
2025-05-17 07:09:11,d0858fbe322b44960270e2ff7147a7b2b90f6768211042c3c0421725942157bb,897071,106974.0,234.0,0.002187,1,3,370
2025-05-17 07:09:11,89ffa093047a4a7fd2ba4612945e3be5e27487412564a41879fbe1420a2b601b,897071,107538.0,234.0,0.002176,1,3,370
2025-05-17 07:09:11,29f64492033a87e4bf2cf378f54700071b3fc7b67f5d8b310a1932f4af2190e6,897071,108102.0,234.0,0.002165,1,3,370
2025-05-17 07:09:11,5d4f6cafd9b05b60298d263ad9acec1624d615d46f34192c45c2b3b60cb7a780,897071,108666.0,234.0,0.002153,1,3,370
2025-05-17 07:09:11,9d704e067a1702ddc40432c980e8b84c77a5cd182cea4c3277bc9889414266a5,897071,109230.0,234.0,0.002142,1,3,370
2025-05-17 07:09:11,3fcd4944598f922d98dfa7010074efd62c29909000a42b8bcac76ec3729c6acb,897071,109794.0,234.0,0.002131,1,3,370
2025-05-17 07:09:11,72180f3399aace8454d1cf4df31b7b36d3ccb25434179a6289fc6de1c90df54a,897071,110358.0,234.0,0.00212,1,3,370
2025-05-17 07:09:11,917699346c772ccd93fd9b1ced9056afdde447441dc0ab7ddfc2fb67403bb923,897071,110922.0,234.0,0.00211,1,3,370
2025-05-17 07:09:11,1019698181fcfbfc2274dfa7eb192b028c599f52337fc42f5971fd849d1cb2cb,897071,111486.0,234.0,0.002099,1,3,370
2025-05-17 07:09:11,90cef4096d070736c4a7b46c6e0f608ed62c36d9b51c9d05c00969b4bd59a6a8,897071,111720.0,134.0,0.001199,1,1,203
2025-05-17 07:09:11,aa34b67242cc8117b50b577f095df5c88b1eb5070a91e0da9095eb145183b7b7,897071,6214.0,281.0,0.04522,1,4,389
2025-05-17 07:09:11,34e6e0db61f9cd4f70b4d8906c0b2325325e9110bc2c2c925a74985f139383e5,897071,6825.0,234.0,0.034286,1,3,370
2025-05-17 07:09:11,35a08c4a121a9a1983fe636f1a225a2fd549f3d1ebff2d7b5f40bc9e8803b99e,897071,7389.0,234.0,0.031669,1,3,370
2025-05-17 07:09:11,b19fe0987080ab378c1dab8f10503fd02674ba768a3c1de2cba0417d335e4662,897071,7953.0,234.0,0.029423,1,3,370
2025-05-17 07:09:11,f4c4465bf0fda370fd2e5ccdaebb7a785a04328221de9b54015a333d7ef04591,897071,8517.0,234.0,0.027474,1,3,370
2025-05-17 07:09:11,7a3d32eeec4a4f7ff9eba6662343b622a1da4271e74f594e4e3cd65120013444,897071,9081.0,234.0,0.025768,1,3,370
2025-05-17 07:09:11,34dd7f23b6830f0e5fb0572302830cdcac6c68f6ea0b4da3d8cde9c1b5ae6c84,897071,9645.0,234.0,0.024261,1,3,370
2025-05-17 07:09:11,a1349cb9ec7cb57cce50185672789179b5d2912fe57d389f2db30ff4bc5ee75e,897071,10209.0,234.0,0.022921,1,3,370
2025-05-17 07:09:11,f06fe23e78361ae2d45b0d10f36666b709f162ce93b2ac88dd32ba74a259295b,897071,10773.0,234.0,0.021721,1,3,370
2025-05-17 07:09:11,d4010aef1e775eaad6b5ae24eed280c8407e7b65116b262e6fd6135fa7d4c6ca,897071,11337.0,234.0,0.02064,1,3,370
2025-05-17 07:09:11,cbce75112c80bf834d4423501f6b91cec735c77de24609005c421fd6f5c24427,897071,11901.0,234.0,0.019662,1,3,370
2025-05-17 07:09:11,487b656d09069295fdbfce71daf36495682739324f4921095445f713cee2c6bb,897071,12465.0,234.0,0.018773,1,3,370
2025-05-17 07:09:11,153e4c1df1d2865e5fc06583600565007a21b0b71b1ff355145d1f7d710fe638,897071,13029.0,234.0,0.01796,1,3,370
2025-05-17 07:09:11,f713e0ecb347fc42b42cdd000a3078292014a30edeff7ab0822759a9a7425dfa,897071,13593.0,234.0,0.017215,1,3,370
2025-05-17 07:09:11,cbcf80b35a9ee8d410cae3c8a7893dda86f71e54b934383d25747fdcfc55bb5f,897071,14157.0,234.0,0.016529,1,3,370
2025-05-17 07:09:11,7c9e974ae231973398cbe3bf532a3f9ccdfff9c144b8e2f9993a814d4876f1bc,897071,14721.0,234.0,0.015896,1,3,370
2025-05-17 07:09:11,218c8a9c593f3f9c50b9bb0770e12193c5c3a7a59ee3e4409555915c67aad52a,897071,15285.0,234.0,0.015309,1,3,370
2025-05-17 07:09:11,a5ea5a58d78ee9f44f61304cf1b34f9bcabb55cee0e1eb264c1b33333fbac1d6,897071,15849.0,234.0,0.014764,1,3,370
2025-05-17 07:09:11,a429b339ac1c79a10a986c8a740f1be79b86614deb7c004ff84689c15b58b495,897071,16413.0,234.0,0.014257,1,3,370
2025-05-17 07:09:11,76ecc2e100e18a2eec14d6b7abf6255627c84eb99031d381b6427b4704e172cd,897071,16977.0,234.0,0.013783,1,3,370
2025-05-17 07:09:11,469fa71d299718ae7302ead8e34f2145243fec98a7e560c2588d29e56e6bb6ba,897071,17541.0,234.0,0.01334,1,3,370
2025-05-17 07:09:11,acfa69077766c7838c774a94b5da5ac9319f1616b4298dffa1af8ca19ab3abc3,897071,18105.0,234.0,0.012925,1,3,370
2025-05-17 07:09:11,5764c1b8ba39a55a2b65006d2b9c4b81ed2750f49edce629b2360ee40736aa14,897071,18669.0,234.0,0.012534,1,3,370
2025-05-17 07:09:11,ed2e7996edff16720d2503cef502ec1f6f31b59ceeba0f8858e599e37cbb7b1b,897071,19233.0,234.0,0.012167,1,3,370
2025-05-17 07:09:11,4e7fd56bb16efe16383255b8e5509b7187fc55e6813c11bf547b43d02bfb6e13,897071,19467.0,134.0,0.006883,1,1,204
2025-05-17 07:09:11,a19d6d5de5a159bc7ad96ef015c14bd2bc1d5d1a5d3e00626b562b929afaa2aa,897071,91224.0,281.0,0.00308,1,4,389
2025-05-17 07:09:11,58ddf4a1bb720a1b3e8bf6dccbf6b1f849cc78de225649d532ccf382a83057bb,897071,91835.0,234.0,0.002548,1,3,370
2025-05-17 07:09:11,c9fe56bcc862ba98234f55aa4e5e53f34591aaf313b2eaa8c567abdd4cb0b1cd,897071,92399.0,234.0,0.002532,1,3,370
2025-05-17 07:09:11,a4985078c8a1c5ca38ea075968630aea12392fe3adc3ce8278457fd997f8bae1,897071,92963.0,234.0,0.002517,1,3,370
2025-05-17 07:09:11,74161a759bc87cef69690b0265a89480bb91f3c7af9bae1c9d7c8e7975df30e5,897071,93527.0,234.0,0.002502,1,3,370
2025-05-17 07:09:11,5a28c412b102e003ce49b05c27c186e209bf77ef3c9281f4f13bdab2e299f8aa,897071,94091.0,234.0,0.002487,1,3,370
2025-05-17 07:09:11,afd7d487b2c291f29c69aca74a1da6bc99f3f5c699c3672b9b8c007f73199f22,897071,94655.0,234.0,0.002472,1,3,370
2025-05-17 07:09:11,553e6c89eb28992941b6da994ed428cf8733f12362ded50eb6991dad75cc688b,897071,95219.0,234.0,0.002457,1,3,370
2025-05-17 07:09:11,dbfb49e942f0a8d7f85b541c3c93767800f31a72db5959503003b719f3fcc403,897071,95783.0,234.0,0.002443,1,3,370
2025-05-17 07:09:11,137ab789bc24da289a7979863f13e964dbedc4e188465217af07b8a01fa5eade,897071,96347.0,234.0,0.002429,1,3,370
2025-05-17 07:09:11,7faae0d0eee098e9af0af566ebbf8338e29684b0a56c4a47e470ed234f156fd3,897071,96911.0,234.0,0.002415,1,3,370
2025-05-17 07:09:11,f22152193fb89bac2821942963a7b848e51510f0c57285420d9707079ae3a06a,897071,97475.0,234.0,0.002401,1,3,370
2025-05-17 07:09:11,9cecd0311f0dc9886f3903cc47d72d92c7bc4090ecff8a612dd658566459a15a,897071,98039.0,234.0,0.002387,1,3,370
2025-05-17 07:09:11,e25be06c7eaae5617f32c7e81ac835712f905ee0ac44051bef72d5dd0e3f4a27,897071,98603.0,234.0,0.002373,1,3,370
2025-05-17 07:09:11,6e431e72d5959ca7989601acab26beaca2d7b35dd5e42fe535ad212d1c873188,897071,99167.0,234.0,0.00236,1,3,370
2025-05-17 07:09:11,c24a702b287e99fced4f581b9bc161d1e0c5350aadfbbc1689a4a83892b04d8e,897071,99731.0,234.0,0.002346,1,3,370
2025-05-17 07:09:11,f69af180d66840a5055283dcaa8e2dab3f4ee2258831f9a199556628febdb639,897071,100295.0,234.0,0.002333,1,3,370
2025-05-17 07:09:11,546942e432d69a6a1b61462eedd7f2310d667bf2ea7aee3ea2ff4cc203c6416f,897071,100859.0,234.0,0.00232,1,3,370
2025-05-17 07:09:11,3a8323c0e95966dde0ff8fc5dca6a0f162e6eb087f58731be491f3e2e9cb24c0,897071,101423.0,234.0,0.002307,1,3,370
2025-05-17 07:09:11,e11375ae3b5f7954649501848a314e37ebd60a0ec15c58771f7f2bf6301aae33,897071,101987.0,234.0,0.002294,1,3,370
2025-05-17 07:09:11,893f028a93ddd909086080666328717b82bbcf7fdc7556532b51b81030fb3519,897071,102551.0,234.0,0.002282,1,3,370
2025-05-17 07:09:11,96f9122691ade625bb4f3ed995f37e66ba75c12d0a5e75589158a307048b1436,897071,103115.0,234.0,0.002269,1,3,370
2025-05-17 07:09:11,32b927434f3eac1bd32aa43a4e35aa5c5091e2b339fcd8b513c806a1acd5ae18,897071,103679.0,234.0,0.002257,1,3,370
2025-05-17 07:09:11,20b4704c9234f7a4377565fa4981c01662952db8ce3eac0d01aea882993c7567,897071,104243.0,234.0,0.002245,1,3,370
2025-05-17 07:09:11,3844a636439d19eb67105eca7925306041f56437cfccbd7279d43d08a4c39bed,897071,104477.0,134.0,0.001283,1,1,203
2025-05-17 07:09:11,6c0f2e71377fd370da202e5fa0ae20eebd6c51c0e972ce89408fb7cfb0761a9e,897071,33975.0,281.0,0.008271,1,4,389
2025-05-17 07:09:11,815abf10f0cddd8fdaa0cc716f9c404c1cce00b4e9109c012a5168b9a00470b0,897071,34586.0,234.0,0.006766,1,3,370
2025-05-17 07:09:11,bba7541f784c1f4a30e57bba6120682e2f8e417b7bc43b15fef9a0c7628068c0,897071,35150.0,234.0,0.006657,1,3,370
2025-05-17 07:09:11,5aeafcee6251a67d04f4214ee0d80dac78b3becc78ebed7b22a309a4d3a31fec,897071,35714.0,234.0,0.006552,1,3,370
2025-05-17 07:09:11,437282d31d28a276c0ede240c6d14bf417744d71ff44852858c28c5077cb9529,897071,36278.0,234.0,0.00645,1,3,370
2025-05-17 07:09:11,a45c74058a4a4afb3f12df8f631547421ee464e5c51b5f8e623d75e7293b71ed,897071,36842.0,234.0,0.006351,1,3,370
2025-05-17 07:09:11,9da4061b3d67f9a0fd4ba6442fa49a5161e8584102ea20e5749389bfe3972425,897071,37406.0,234.0,0.006256,1,3,370
2025-05-17 07:09:11,ec414eee0a223150e452e92f5fda80c94daf10389dad1efbb0df6556d94efa5d,897071,37970.0,234.0,0.006163,1,3,370
2025-05-17 07:09:11,70cb7bc02bcc584c755a238de86686b205e32bde3fe0c442e2297322e0f66377,897071,38534.0,234.0,0.006073,1,3,370
2025-05-17 07:09:11,3254fdb56b666a960962ccf2739cff4c8e91efb59abb7468cc74c687cc091728,897071,39098.0,234.0,0.005985,1,3,370
2025-05-17 07:09:11,4c3d0a4261be1f182e4f6f678b8026775c871ba9c04e52e56a4e6e8f54a9853d,897071,39662.0,234.0,0.0059,1,3,370
2025-05-17 07:09:11,cd8ad47052ba1d0e30b7fd77aca135e0fc50c9927dd557feafe33c40d51fa0e3,897071,40226.0,234.0,0.005817,1,3,370
2025-05-17 07:09:11,ec92fe0a4c95afa8a71d407ec661636f43945a0afc3632c241d7cb606f50b37f,897071,40790.0,234.0,0.005737,1,3,370
2025-05-17 07:09:11,554c1c97febab90e8b87b0136366d47ef6bcad3c9fcf554435112d649d0b2641,897071,41354.0,234.0,0.005658,1,3,370
2025-05-17 07:09:11,65c498135e4401e50687263250a7f0144ee20637c018c996de0c4909246a0c9d,897071,41918.0,234.0,0.005582,1,3,370
2025-05-17 07:09:11,38613bd8c6dcdac8ebcac2b739c8496b94c77d6490d182e40aa54aee7e0b3d4e,897071,42482.0,234.0,0.005508,1,3,370
2025-05-17 07:09:11,d5c2765f3f9e674662b581e9862b74715690e8a1ff7521b148f8d50f014391e0,897071,43046.0,234.0,0.005436,1,3,370
2025-05-17 07:09:11,5603b2d404756e37805186840534cc3289ebcb425fde9150364b01a5ce661185,897071,43610.0,234.0,0.005366,1,3,370
2025-05-17 07:09:11,d213b77ca00b4e966eceb63deec26feef3823c1b6be1ee902daf0925992d0b87,897071,44174.0,234.0,0.005297,1,3,370
2025-05-17 07:09:11,4ba7a9e060d52e4cf3ded3c760d481ae2ca5159a3704934d36f5e69bb9aabe3c,897071,44738.0,234.0,0.00523,1,3,370
2025-05-17 07:09:11,7331d266dc69e0d126c84109db6abb3b9b1fa61a2a690f7d5516431febe77ef6,897071,45302.0,234.0,0.005165,1,3,370
2025-05-17 07:09:11,0f197b5d75366490de3d4a0f749a9bc9e8f8189add0aa3addf6b836a8bc5fb65,897071,45866.0,234.0,0.005102,1,3,370
2025-05-17 07:09:11,623c4efb9155d21930185b56d06e7d6fe06a280a13ceee29a8005274da555a63,897071,46430.0,234.0,0.00504,1,3,370
2025-05-17 07:09:11,f86a8a4e26811c33cf88db4199e6c7a367392997e84ab7f89cdd2ba7821c1e4d,897071,46994.0,234.0,0.004979,1,3,370
2025-05-17 07:09:11,f4b3a7b31b8af341fb1c85390c87a72edda6d9deaf0988a0b2d236d04b076a6f,897071,47228.0,134.0,0.002837,1,1,203
2025-05-17 07:09:11,aff495fc35d0fa787920ceec1aebae3a37253a4259cb7ff4c9584540fce556a9,897071,78503.0,281.0,0.003579,1,4,389
2025-05-17 07:09:11,edeb61b569e15b6b427de43291d7799a5363cf8c0a48c3881f9e198edd08e33e,897071,79114.0,234.0,0.002958,1,3,370
2025-05-17 07:09:11,27d729e8faf2cbd78cf47e7802a63ddf34538bbe57f6ecea950a6b5ab18cfb91,897071,79678.0,234.0,0.002937,1,3,370
2025-05-17 07:09:11,21225301b95c48f7cca055f02a3da18e902790ddd3f35216a453d9e4affcda3f,897071,80242.0,234.0,0.002916,1,3,370
2025-05-17 07:09:11,72ce5bfe3da4729ce7f458720a3781953b0665e4838e67cda7be271d33de04c0,897071,80806.0,234.0,0.002896,1,3,370
2025-05-17 07:09:11,ae271e01124bda4e7bf261279cef8ae6e253c7e97425b0339243a3dc098481a7,897071,81370.0,234.0,0.002876,1,3,370
2025-05-11 02:26:37,8ef02c5623bbdaa17df6a30a1a6c6524b9e3172136249ea71e30d791885bbae3,896193,2667906.0,988.0,0.00037,1,2,275
2025-05-11 02:26:37,cfa9c2c223c2124092eaf68a72a76bd20a3e2865cebca9eecc86f3b1b254d2e2,896193,3199012.0,988.0,0.000309,1,2,274
2025-05-11 02:26:37,627d40d8e8c10e704d44aab9ae345649aa7197886dc7a6cdf5e24e14d5cdd8e1,896193,1946607.0,988.0,0.000508,1,2,275
2025-05-11 02:26:37,c47ea53da902cbb982f6cef3768f0e941b6ad1f3aa32eb1558a247cc404ef3d8,896193,4788140.0,988.0,0.000206,1,2,274
2025-05-11 02:26:37,b3a4ed1f25e7cf24fe443a03fce482ffdc632df8a64d283952446d167898cdd7,896193,4849012.0,988.0,0.000204,1,2,275
2025-05-11 02:26:37,d27fabf76dc3eb0b7e7c8ade89bb25aa5d5a9d402efa63bd13718fa7511cead2,896193,3087282.0,988.0,0.00032,1,2,274
2025-05-11 02:26:37,3a80912327d3758c59f01029e1e474e5abd479286fc3f68939a965ec9c34bbc1,896193,4776821.0,988.0,0.000207,1,2,275
2025-05-11 02:26:37,ac291a80dd4c0aa71508d671e1045b9af8ebbf5ef3aaac231a5a78626c615ec0,896193,2383660.0,988.0,0.000414,1,2,275
2025-05-11 02:26:37,3e9eb4b97a916f20033c67f03d3e12af4b7e16a119503a9b83a2af2b3bf688b0,896193,4840136.0,988.0,0.000204,1,2,275
2025-05-11 02:26:37,c3d73ba1a60949255b24b6af17d2dc2d0ede74be7cc536fa9435ac5458d58791,896193,3183513.0,988.0,0.00031,1,2,274
2025-05-11 02:26:37,26c84ce022d16691270cd4e676b1a128d3cc60528977c6e5d4f1b7a670964f8b,896193,1936294.0,988.0,0.00051,1,2,275
2025-05-11 02:26:37,b31e9cc6308042d00ba13dc389d452f8d4ee5cfbd1b1cb0a5b9b706888e25061,896193,1999012.0,988.0,0.000494,1,2,275
2025-05-11 02:26:37,fb7550207fcd90a23ae929de7047c91a0c520345a6d7a4222f220c3f881db460,896193,4034697.0,988.0,0.000245,1,2,275
2025-05-11 02:26:37,6b90563c3b054d0ae7b7eb57aeaac8eeac2385bdd141b7638eae91f6278c285d,896193,959707.0,988.0,0.001029,1,2,274
2025-05-11 02:26:37,868cb61113ed7cc7639ef0db73785909a4070798b100848419e81d26f8ae415c,896193,574282.0,988.0,0.00172,1,2,275
2025-05-11 02:26:37,5aa1dc0150ab71baf45ec5efa5e11b22397253557e6f7e931b574f67f4be3a50,896193,4799012.0,988.0,0.000206,1,2,274
2025-05-11 02:26:37,bdc4b5fb06eff2db4ab92316316ff4fe5549e8d72d862254355772e9f840ee47,896193,1942651.0,988.0,0.000509,1,2,275
2025-05-11 02:26:37,25c23318d30f8c8277f010812c0fe3e146a4fb0791a9dc91e6244927a6eb3d30,896193,2359935.0,988.0,0.000419,1,2,274
2025-05-11 02:26:37,fe701aebc1ee13f5390eec496246d1e15aef2050d717d29f4b0e800b58dbce1a,896193,2516982.0,988.0,0.000393,1,2,275
2025-05-11 02:26:37,8ee105996d72141b1b229348feb46116be5254f52239fa7240e73248fd17b10c,896193,2099012.0,988.0,0.000471,1,2,275
2025-05-11 02:26:37,4a4bef34ad8b463b3041b8db098bd72f40e2bb89c811c267980e254be85a6b07,896193,1936305.0,988.0,0.00051,1,2,275
2025-05-11 02:26:37,93e9c786721bb47351b8872c2563ed8aad5a9fd829964f08e2b0c71229fd0306,896193,2906266.0,988.0,0.00034,1,2,274
2025-05-11 02:26:37,0b9e9130e6dc3734a812e84b6d35a680644cccd2bdd3f730ec20635a23cd1302,896193,3835325.0,988.0,0.000258,1,2,275
2025-05-11 02:26:37,23cdd82bf4ffd746e2f91523a6217c3860f9d5d093860facaea8f008c78dca91,896193,520759.0,800.0,0.001536,1,2,234
2025-05-11 02:26:37,2358d820fa0f8ab26c19acadcebf2a9d7e4c15a0769beb348923685f85817eb3,896193,2420343.0,1051.0,0.000434,1,2,287
2025-05-11 02:26:37,f45819609d80f1f572b4e8d706e527502490d05c87a09d3babdd49e4b78f04ee,896193,6094583.0,1172.0,0.000192,2,2,394
2025-05-11 02:26:37,5ae372c1ffe9891f2c14833e857bb6dbc7ea07b7e0aae8f2396935ecd6cea2e5,896193,4412098.0,1172.0,0.000266,2,2,394
2025-05-11 02:26:37,a67d142f1b92293c75acefe59c0551108831bac96362bdbb7ad110c18c4475ce,896193,9302838.0,1172.0,0.000126,2,2,393
2025-05-11 02:26:37,30d7ee00440ca4baa6411f9add9323ce850ee0362ee924e5ee06115e220ad94a,896193,9198499.0,1172.0,0.000127,2,2,394
2025-05-11 02:26:37,70f336a646e141eab203a4d7fbab7272cdcf01441d94cbf34cfedf6c37cad52d,896193,14135619.0,1172.0,8.3e-05,2,2,394
2025-05-11 02:26:37,49bc111479c26fbda315ce0a369a51e098388f5a35d9cd7ec0e049423fc53526,896193,7115099.0,1172.0,0.000165,2,2,394
2025-05-11 02:26:37,8f97d4bc130803bc8070c4fafaec7800f9f61381371d8b5ddf87483ddb2f4c18,896193,8797733.0,1172.0,0.000133,2,2,394
2025-05-11 02:26:37,2d0b345463c4d93568830095043c3df64e1408aca724fd05f858b35ed23393dc,896193,9464717.0,1167.0,0.000123,2,2,392
2025-05-11 02:26:37,c4f012f9c50c9f12a13a37ba80b27151c5f4796c7bae09f7b1542a815ce43ea3,896193,5968833.0,1167.0,0.000196,2,2,393
2025-05-11 02:26:37,d68ad311889be97c270ab9a676ae30d45d066fc3c9f93992b8ab1f118ac2f345,896193,6938833.0,1167.0,0.000168,2,2,394
2025-05-11 02:26:37,92105384716e3d23aba7811b16999d2d4764f5aec77230bcb16cf8c2672eb421,896193,8064693.0,1167.0,0.000145,2,2,393
2025-05-11 02:26:37,4d94c86fbbb61f472808c7791cb154e6955297a196b9e81262310606313ffd07,896193,8128833.0,1167.0,0.000144,2,2,392
2025-05-11 02:26:37,e489b2d62159c0a414ef6cab6595556390bc30efe90b90911fe7ce90dbf8fe72,896193,118408.0,2617.0,0.022102,6,2,1007
2025-05-11 02:26:37,1064e3e0c29b2c5e2669d4aea40972f21c6c084b52a0e836da37e7a529773ad8,896193,8329544.0,1230.0,0.000148,2,2,405
2025-05-11 02:26:37,9cf558782a21022e02756ac37396ed8f100128854940835aac19ceedd8f57769,896193,4409.0,1225.0,0.277841,2,3,366
2025-05-11 02:26:37,0460ba3afd57f2c6c19c45c4a5a868fb468220c84611d3e0d867929f6ba70ce7,896193,5668009.0,1356.0,0.000239,2,2,429
2025-05-11 02:26:37,d29042cb1d58b90def32acef5c42eb97368b60c0ce445f81b3d95dc47cd93cb2,896193,7759710.0,1356.0,0.000175,2,2,429
2025-05-11 02:26:37,340a210095aa69708b2210e788ae7a6a412a8045c03e8e5de80f695c01cb5653,896193,8936363.0,1356.0,0.000152,2,2,428
2025-05-11 02:26:37,f6071cc4724eab6b87a3080dd51ec02cbe282fc7025be14ac0116ff98304d939,896193,8566075.0,1356.0,0.000158,2,2,430
2025-05-11 02:26:37,971f561180f9bf64ac28a353ae4e9fb16dda37eb966068c7b3418801325f6729,896193,6259813.0,1356.0,0.000217,2,2,429
2025-05-11 02:26:37,24a759a929f5d3816135dd3dbc02aa897ac5912b39b659b29d41ab57572f6b14,896193,4942135.0,1356.0,0.000274,2,2,429
2025-05-11 02:26:37,d1fceed6628bd6509f8ceb7bb8fa0f63822e07f8e88df56ca3fa33cfed070b04,896193,200889081.0,1733.0,9e-06,1,8,413
2025-05-11 02:26:37,4141d9c164dd0d654d8eea43b20d374e1c70dc7b5a450e9a4f459a882c0357ce,896193,4949270.0,1351.0,0.000273,2,2,429
2025-05-11 02:26:37,ca741d1a4d38d500fe94f06cf2c2f54f560c98213c2bf4e5ddb4faf60d3befa0,896193,37090.0,1545.0,0.041655,3,2,550
2025-05-11 02:26:37,fad6dc0eb17446d658d97b45dfc4e8901c4eae0ba4273bd2bf99dff1461abcf9,896193,197473.0,749.0,0.003793,1,2,194
2025-05-11 02:26:37,4986397b78cd49c0c2d3dd5ab2ec761298dc2b109ceb802475fe3dd03835b0bd,896193,9790642.0,2996.0,0.000306,5,2,995
2025-05-11 02:26:37,e453722989815ab7ae13af6599123ee0544659b3b6b4e797cc0ff4d5af959f3f,896193,253450.0,749.0,0.002955,1,2,194
2025-05-11 02:26:37,c23708ed2a881227a28ab7efc3a64e70376fb8d26584e09ea61b082a6332d1d8,896193,4302761.0,1540.0,0.000358,2,2,464
2025-05-11 02:26:37,71531f450e01fc3bec4c791f7f039c56f6dfb9a5695513eab9f21dfa584fd2cf,896193,5808745.0,1540.0,0.000265,2,2,464
2025-05-11 02:26:37,0fde10c2d69ca8e50335927634bc1c34e3d63c36e34377f68c4393bc433f91bd,896193,4770301.0,1540.0,0.000323,2,2,464
2025-05-11 02:26:37,9936ff422cf6bc09589dee0e21e8f58329ee664debb0f45ad72d846259b20fae,896193,4876118.0,1540.0,0.000316,2,2,464
2025-05-11 02:26:37,48d7ea007c7dee434e2f4fa89cfc2ca3c769834206b78e1e2863cd3af2cb3997,896193,4846165.0,1540.0,0.000318,2,2,464
2025-05-11 02:26:37,8319758a880a66ec874fade7e7bcb209dabec3880a06d3f813ba881ef6c92088,896193,6001506.0,1540.0,0.000257,2,2,464
2025-05-11 02:26:37,d6362b98dffcc581b96e535f706d91353b3506dc2c68eeed557933d49b0a6c80,896193,7711732.0,1540.0,0.0002,2,2,464
2025-05-11 02:26:37,e67a4463619b3127e0b68e2513dcb176479a4bd3e5f65b67dfad44b5d4eba15d,896193,5178561.0,1540.0,0.000297,2,2,464
2025-05-11 02:26:37,6f621e5ccc428de1942651707f8248acb096a23eebe11b216a584071ba66acf0,896193,563852.0,901.0,0.001598,1,3,254
2025-05-11 02:26:37,a8fbdfe238f7e20186323fe7e81e6bb5e8e81c7224bc5fc52cc3ec3d9b20dfec,896193,5002210.0,1535.0,0.000307,2,2,462
2025-05-11 02:26:37,fc64481aba95af14df084c69ff696d2771fb84c5547a232aaf152b2c9a4865b8,896193,4623186.0,1535.0,0.000332,2,2,461
2025-05-11 02:26:37,aafbf379816cc191a9088f8a33681d63f1eb4effdfdfd6ed06eb2246d21e6f96,896193,5738574.0,1535.0,0.000267,2,2,463
2025-05-11 02:26:37,6e17c8f28f8b5b4ffc785472cd02bafe7864bb0f656d021f302444e5cf505781,896193,5734873.0,1535.0,0.000268,2,2,464
2025-05-11 02:26:37,7ac40f379868d660a1ced276e5cbeb4f22d8e0ebe12e94d5bc1608d28507dc55,896193,5259889.0,1535.0,0.000292,2,2,463
2025-05-11 02:26:37,5853d6d230b58886421cdcd87ba488846f6a1410f66d3cfa3d39940d48fe5832,896193,5182375.0,1535.0,0.000296,2,2,462
2025-05-11 02:26:37,c35617e9f4e6d8bbdf02d8bb8dccb94db24d6f815f26638505820297fc482720,896193,7658761.0,1535.0,0.0002,2,2,463
2025-05-11 02:26:37,07e53410734758b615ecf8f12efd64b6313e69d79b9df3a100df06c72e59731a,896193,6767380.0,1535.0,0.000227,2,2,463
2025-05-11 02:26:37,54bad1e046da1982ed264e812969284423463def70cad56ed14e4f7d47128118,896193,5481264.0,1535.0,0.00028,2,2,462
2025-05-11 02:26:37,77c2b8958cec60762ed7f9999db016fa1ddd0327a89ce3e2ab38c2f0ec0aff0c,896193,2610101.0,109876.0,0.042096,256,2,42536
2025-05-11 02:26:37,b2d8b59785fb3a55461192c98b71723b3b7df0d8b1d218eed42f591102d08d7c,896193,9646471.0,566.0,5.9e-05,1,2,224
2025-05-11 02:26:37,b4badb7b7b1aa2c3a998657e6dd358779a514ca9ee203125d3a45bc3df2ff936,896193,6109896.0,1719.0,0.000281,3,2,582
2025-05-11 02:26:37,14c917782bd88feb54ba312c02e08643bf281857b128f870c4d43ef3fced33d7,896193,5819473.0,2081.0,0.000358,3,2,651
2025-05-11 02:26:37,077e48ba1f432bd8cc9a60a27ad9799c87fe789abe86c7b6be54726c0193c2cf,896193,6764862.0,2081.0,0.000308,3,2,651
2025-05-11 02:26:37,b6267429b0a152e794e755efca1900c88303c5bcd29681acc2aecd06d452a34e,896193,5997919.0,2081.0,0.000347,3,2,652
2025-05-11 02:26:37,715cc897526e8e5a604374df151aabd16ee3a9b23ea20087f988b71a382954c8,896193,48925.0,3900.0,0.079714,7,2,1337
2025-05-11 02:26:37,f7edea8b8ce76fc8bf83b09b75d72852de6ecea0a320ca0a5e0f60e753ebb02e,896193,6996888.0,2144.0,0.000306,3,2,663
2025-05-11 02:26:37,93cf9204f588aa12177d77e22010809c4305a4ebde74761412d009a6ad96fde5,896193,6552396.0,1903.0,0.00029,3,2,617
2025-05-11 02:26:37,49e9f0215252b77de9bae3dafebcb4ff3dace8a75009d61f7c5ac953d0e99d4f,896193,5812546.0,2087.0,0.000359,3,2,653
2025-05-11 02:26:37,0df63e1a67389ca893595fef08c1dd5bff897dc6178c000904c8990dffd710f6,896193,77723.0,4452.0,0.05728,8,2,1526
2025-05-11 02:26:37,b4291fc4c7076acf489b88fd8d74ec580be6d4426b61ccc0064bfa5fd78a48d6,896193,99839.0,8999.0,0.090135,17,2,3153
2025-05-11 02:26:37,d02bd418d9b8503c680adc827e89c2bc51eabbe134a6cd0c9d11a393b42f7fdd,896193,162223.0,6634.0,0.040894,12,2,2279
2025-05-11 02:26:37,1b2ed39c9b0c68d79667db193698edc1e50c04d32d5698e7f42d9cb0b222868d,896193,108923.0,4442.0,0.040781,9,2,1608
2025-05-11 02:26:37,f5072b47e8363ebda5ef79ff82f821b852fa3c5e9ca426dd852ae8efeac247e5,896193,84266.0,4988.0,0.059194,10,2,1796
2025-05-11 02:26:37,fcbd370c47a2be9a1f6f851e3dcd8c405b9795fa3df7951c9ae81a56f8edbad9,896193,49755.0,2985.0,0.059994,6,2,1076
2025-05-11 02:26:37,fc0d19170dcebfbed326a96812b6db276aa4d960f1f4cd4414635639b6c20f0c,896193,146211.0,5540.0,0.03789,11,2,1986
2025-05-11 02:26:37,786e52a592670f5df3a9c00ee148583d5e46a49e6461dc1d9e4e804ba4b38b89,896193,265827.0,10640.0,0.040026,20,2,3719
2025-05-11 02:26:37,9eea2c0db469548c78cfacd154bd00e6955fff5c90d5b8dcd7eda7d4a40bc017,896193,225373.0,8274.0,0.036712,16,2,2928
2025-05-11 02:26:37,dbf5a6356082fc8b704e75aac136b1ba37045088d526a5c02e88d484817d1061,896193,105665.0,5530.0,0.052335,12,2,2066
2025-05-11 02:26:37,bb268672ebb69e26398eaa5bcd9ef1583f9a36c989d71dcd386fd3c072ea43be,896193,138347.0,11176.0,0.080782,23,2,4072
2025-05-11 02:26:37,0f6c2396dab85b41657a90d9f048235f8237fd4e1feac4e4ebedbf2c7c3405ff,896193,143748.0,8264.0,0.057489,17,2,3012
2025-05-11 02:26:37,a302403e25056612914037f9399e498c1414eb1c65ed15278a782b13139d18ce,896193,120690.0,8264.0,0.068473,17,2,3009
2025-05-11 02:26:37,cc012faef216523cce3d9ac176b2f1dc219fc034b105aa2e544099a841ea8f95,896193,395834.0,17011.0,0.042975,33,2,6029
2025-05-11 02:26:37,d91a260ec26bd1d2e1756bd8d8dd6072ac983781f0cae32ca6a9924b169cad81,896193,139922.0,5903.0,0.042188,11,2,2052
2025-05-11 02:26:37,37c527cfa3f1aca05a81cddb1b66812e3a8a640835142435e3337f068d81af4d,896193,103503.0,6271.0,0.060588,11,2,2125
2025-05-11 02:26:37,91133f571b6475e84c1d075e50e8f67c3e4f7293030e88ac8e3c4fed88a4f645,896193,153066.0,6271.0,0.040969,11,2,2125
2025-05-11 02:26:37,08d7f39638410dfe90d63a56651797430974cc1bd82316563f1ebe12f02ecc38,896193,153959.0,9909.0,0.064361,19,2,3491
2025-05-11 02:26:37,6fb383c4f6ed2cac8669012f18a78a57f109e00fdc62cb32bab06e52f7f3a025,896193,103994.0,6629.0,0.063744,13,2,2360
2025-05-11 02:26:37,a39ff60c81ac0bf2a8ce85f19c06611fbb0810f45f3d050d4abf949b838c211f,896193,104481.0,6818.0,0.065256,13,2,2395
2025-05-12 21:13:18,0b771fc1151294d6c9ddb4547383e5736fbd673a61615407f947dbd767516e5b,896458,21761241.0,3805.0,0.000175,1,2,222
2025-05-12 21:13:18,7a36951eaccf2048c860c89e67761fe4fe7a02d82fae964509d9f5cdc5c60359,896458,37392494.0,3805.0,0.000102,1,2,222
2025-05-12 21:13:18,debd970026dfbd4e8583950143f4788f1be180aa2331b2b9c380817068aeb14f,896458,37805945.0,3805.0,0.000101,1,2,222
2025-05-12 21:13:18,8f0be754f48e4789c05c122cf8d32e1f024045663ca64ec78dbacb305a029143,896458,20348678.0,3805.0,0.000187,1,2,222
2025-05-12 21:13:18,683ef465b502011b099aa88e424705c67badb790101dc85fca83e873b061a93f,896458,20366120.0,3805.0,0.000187,1,2,222
2025-05-12 21:13:18,bc4dc7702e33ff2ce2708c0cfafd46708819eff5a650dff2b2710bca6e87282e,896458,24715601.0,3805.0,0.000154,1,2,222
2025-05-12 21:13:18,95e2aadc304db18ce74a5b7f02a9a28871ca17efd30ca9a871577cb6c2b8ee10,896458,20219834.0,3805.0,0.000188,1,2,222
2025-05-12 21:13:18,b7de34ef0f6744c42c72f183c33d46605a2cc67c583a52b43820a34fcf108300,896458,42095893.0,3805.0,9e-05,1,2,222
2025-05-12 21:13:18,a8787c463bfc8c9b51d86ffb777b4c56930855eb09cb324007ac3b56f2400bf2,896458,40421934.0,3832.0,9.5e-05,1,2,223
2025-05-12 21:13:18,7dc0f41f050da39d36d483c3d9ac0d6cebe138de88682e818c1dc0b39a347fce,896458,1361767.0,3832.0,0.002814,1,2,223
2025-05-12 21:13:18,9e6590e56e7853a4428970a0978ca5913dda5cea0bc656b0d0f31b5bd7ea3bc5,896458,29777226.0,3832.0,0.000129,1,2,223
2025-05-12 21:13:18,eac6b70b7a02e2671e41cb422b111bfea847ed98f1bf095d5e7706d854356dbd,896458,29379204.0,3832.0,0.00013,1,2,223
2025-05-12 21:13:18,3a5bb1f9f5d2d05743cc2aec725e062444e6f4934356ed47f151251952eea3b0,896458,24260375.0,3832.0,0.000158,1,2,223
2025-05-12 21:13:18,1d1ea5dc1ae6df17a97dc1c24d76df28eef70171140801f0982f0133dea0e498,896458,1299594.0,3832.0,0.002949,1,2,223
2025-05-12 21:13:18,ca3069090b08c1bf09c75d5b66d92ab8f093bc7081cd698b7f3732c95e1e728b,896458,42193400.0,3832.0,9.1e-05,1,2,223
2025-05-12 21:13:18,dba2d71686354e83abe83c92ea29caadef98efb0981177218bc366b47d8b4484,896458,39335397.0,3832.0,9.7e-05,1,2,223
2025-05-12 21:13:18,2510d915b58dbf3dffa86ef7c5ad5386c3a41b06b58737155b012e3d45373c76,896458,29971953.0,3832.0,0.000128,1,2,223
2025-05-12 21:13:18,92662ac7ee736dc636f571edb19a920f50f6712f431f953d0d6499d75121de65,896458,39727856.0,3832.0,9.6e-05,1,2,223
2025-05-12 21:13:18,e1536b671e79f20fd986375c2c8aca78efa137143834eb9ce5d5e39669235b3f,896458,9742332.0,3832.0,0.000393,1,2,223
2025-05-12 21:13:18,45de8ffa86f6bf3629b433a3bc90d53c49300781334f31119af96a1514cb732c,896458,6811979.0,3832.0,0.000563,1,2,223
2025-05-12 21:13:18,4dcabc197b37f850654861fdfe44c494f230ee869edbc4938faaebfc91ffe523,896458,24201798.0,3832.0,0.000158,1,2,223
2025-05-12 21:13:18,e31a604fffe33ed5da2bd554e8134a82a77d0d2e89a240b688179cc546a5a517,896458,41974793.0,3832.0,9.1e-05,1,2,223
2025-05-12 21:13:18,85ed06bd6d9a2102b9f1afbedc6b53927054929203beba8dcd9595fe4d8f3707,896458,42714145.0,3832.0,9e-05,1,2,223
2025-05-12 21:13:18,41f087994aa5c09301688e5969b8ffd6814ea5201ef2f1932fe494999ff98305,896458,39141994.0,3832.0,9.8e-05,1,2,223
2025-05-12 21:13:18,c20e898bac547dae69a196b032b7315cf4e5a4ab518409a0c71ae7292008aee3,896458,3236832.0,3886.0,0.001201,1,2,225
2025-05-12 21:13:18,bfe19f9bb8b176bf21a30e31b7d2e4255cf6f9bab6c69d5c5511f8b5af3bcc7a,896458,1724599.0,3886.0,0.002253,1,2,225
2025-05-12 21:13:18,68182837c94e421d51e8db07ff20ff8cb92f14f4d3b5a01e64035b358a011c49,896458,1088051.0,3886.0,0.003572,1,2,225
2025-05-12 21:13:18,f7aa5547d8d37731546bcbc9b04f7633248f15a9817752d3c64c4f80ac1cd335,896458,2105346.0,3886.0,0.001846,1,2,225
2025-05-12 21:13:18,98df12ea70a8930ff6939e4b22bed1e55b5b63911df5d08431f2c58644c11305,896458,78238189.0,3886.0,5e-05,1,2,225
2025-05-12 21:13:18,e59ab020ff996074db69e164520d446138a5e46f22e29003e4055d2b30656253,896458,46760051.0,8555.0,0.000183,3,1,559
2025-05-12 21:13:18,7fe768eba9c891e99e8df1a19a2ac272386edbec115c0e57729f4a7a5ad2df33,896458,4959811.0,4642.0,0.000936,1,3,253
2025-05-12 21:13:18,8caf32e3dde2f9835c2b4ba0f142cfd86a6285e5b5df6a3cb323e86d02874378,896458,99832258.0,4696.0,4.7e-05,1,3,255
2025-05-12 21:13:18,d099c9478eb72ae52ebcdde1a2a80b7a3b5d95416866cdfd202afc65138511b6,896458,10243630.0,4723.0,0.000461,1,3,256
2025-05-12 21:13:18,272e1d75a25f340ef90416916d19bad8b691102b1d0395c0f8fc14d0e39a694d,896458,45433.0,2672.0,0.058812,1,1,150
2025-05-12 21:13:18,810ef503821eb8795e6f90620de75211c26093bd1ab67593abbaf1c234c2ce98,896458,6482139.0,5911.0,0.000912,1,2,219
2025-05-12 21:13:18,6985496a4cbdc6f3f8fae9e92ea7448cc4241e1334ee8627d4ed456a822b1883,896458,41865.0,2996.0,0.071563,1,1,192
2025-05-12 21:13:18,3b487efaf21c7d64f4f6432635f1d030bbc17a2764cb4611e8c917db5c876f56,896458,954813.0,3833.0,0.004014,1,2,223
2025-05-12 21:13:18,c06119a72b1a10ea01741f0a759a1c352fd0c17cf495911c6d9112f11b3edc5d,896458,61370769.0,3968.0,6.5e-05,1,2,228
2025-05-12 21:13:18,d15b0c387d5f0459a62e29240d12b3a1aca1260780f4ddd559a175973f0a70f3,896458,14233342.0,2970.0,0.000209,1,1,191
2025-05-12 21:13:18,7226d7e14013c43c9bb7695083890b137a21ca0810aa90c0d82363fb0cdfe0ef,896458,947520.0,3051.0,0.00322,1,1,195
2025-05-12 21:13:18,afa429ea92febe56585dea7d9fdb59ff4c51f83a0c011a9138bd2d425eb9d8db,896458,14041.0,2970.0,0.211523,1,1,192
2025-05-12 21:13:18,acff3548b0fd102b3a83db9680217b8f3de452d2a6760ed0e660523b115029ca,896458,22356642.0,3807.0,0.00017,1,2,223
2025-05-12 21:13:18,8b09f2ff253ebc103c84ac60291438bb764b90e2a13d55407847bb972c4c73a2,896458,1689949.0,3051.0,0.001805,1,1,194
2025-05-12 21:13:18,eccd5fac8782db1d877da5694e020613364dc5cea438554d7adbc37fcd756896,896458,1259437.0,4806.0,0.003816,2,1,341
2025-05-12 21:13:18,52940a32f39db9a2a353d673541dad59ca325d5648a5099480bb7a76e0842887,896458,686337.0,2970.0,0.004327,1,1,191
2025-05-12 21:13:18,522d1ff9efdac6cc82decf8b1ef6217fa8a940adcc6e58a07a2d3e2a65dfd778,896458,25377.0,3051.0,0.120227,1,1,195
2025-05-12 21:13:18,2c621d90e784069161736105eb2cf8baca81bc1683a1b59a433b111c5e64ed6d,896458,291599.0,2997.0,0.010278,1,1,192
2025-05-12 21:13:18,df888327f4835f7c4455c51dd99108f6f718da730e3ca16c2a8c62e3e4fd666c,896458,287094.0,3834.0,0.013355,1,2,224
2025-05-12 21:13:18,f03da68777065e7effeab59b2abb61e8635cae7204b085661638680b6283645a,896458,3980.0,2997.0,0.753015,1,1,192
2025-05-12 21:13:18,8198f35931ba5d568d27c5792e2d189d862b156d4f7abd29ae3cae555ea19e54,896458,16899.0,2997.0,0.177348,1,1,192
2025-05-12 21:13:18,07e3062140d0d47722b7bc3cfda511e58012e63d61d2933730c825c13d59ec35,896458,39990.0,2997.0,0.074944,1,1,193
2025-05-12 21:13:18,4e8913d90a4aaee3402902ab2923986c80639034e2298f9e549c46ab581cf414,896458,163798.0,2997.0,0.018297,1,1,192
2025-05-12 21:13:18,25361fb5389ebe66a28f8bfec34c841653ea7a5e173711ea1e4d0fcadb51470e,896458,7421580.0,6669.0,0.000899,3,1,490
2025-05-12 21:13:18,13b8935ff9674314cbbde517fa1cc83512bff304d9282359cc2ec247c02e440c,896458,389797.0,2997.0,0.007689,1,1,192
2025-05-12 21:13:18,af0ae01f2d51951510d2a9f7a1a1c92d46d84c29682d8c10846ff566bd09ef3d,896458,6374064853.0,9317.0,1e-06,4,2,670
2025-05-12 21:13:18,f7ef96730016cf7d87301dff93405218a7c504cc2d0f1de14da738a1c4a95bb7,896458,63761645.0,92961.0,0.001458,50,1,7466
2025-05-12 21:13:18,00b2e1899d9887009fb4ca96d29bb3e7146feef16dec896c01320cf25dfe28a9,896458,18449.0,3059.0,0.165808,1,1,194
2025-05-12 21:13:18,94aed8353304a84cdd5cf5769e02ad1638dafbe0bc6c90ac6ca39ff53c9a88fb,896458,9125732.0,6048.0,0.000663,1,2,223
2025-05-12 21:13:18,4036e58415bed79c0c694d7815ec223054ab081c030517b159b1cbe2c6291abe,896458,511979.0,6021.0,0.01176,1,2,222
2025-05-12 21:13:18,b4b4e894eaf78cd9744a0e30efd5aaf3e01533e07124e8c12e0e2800d05d7acf,896458,499979850.0,4833.0,1e-05,2,1,340
2025-05-12 21:13:18,210926d94572c314f167e7e036b8d8e788c32a0629d4495d0845f025bc449cf1,896458,76408676.0,4453.0,5.8e-05,1,2,245
2025-05-12 21:13:18,c01f303866e3cbca874c49fadf91bf23c073d99678a0741894651480e2cb0e64,896458,80340.0,4904.0,0.061041,2,1,342
2025-05-12 21:13:18,0440b26e5ead3cae2c02643da4d2747a949067aecb18639dfc64e1a19e191683,896458,46040.0,3000.0,0.065161,1,1,191
2025-05-12 21:13:18,761f70c91d518d195c91ec0b40de456ed62097436b20567603d25406b3b497ca,896458,1611638.0,3929.0,0.002438,1,2,225
2025-05-12 21:13:18,b8c2473daea4556e23893ef4c7fdad3debb410dfa9f3a792997afe5266342fca,896458,5224351.0,3929.0,0.000752,1,2,226
2025-05-12 21:13:18,27a263c11f3ff2e9929d1583b48e6fc1ad64477e7b3c599b1f242851f1219e60,896458,2012948.0,3929.0,0.001952,1,2,225
2025-05-12 21:13:18,32d930940d3a874c31c43dc7d8deb1a0b7bbcf76100b0da99a6f55b38fbe6354,896458,8420315.0,3929.0,0.000467,1,2,225
2025-05-12 21:13:18,5dbf58bb685ec14ad0f02e7c439f138d22d14f8e6dc40836fb2bcc6e34e9d61b,896458,115532.0,3929.0,0.034008,1,2,225
2025-05-12 21:13:18,09238c9d76b1a4245ee54e22419147d052cfe760e4f65dffd17e2ad85b0d95bf,896458,217511.0,4833.0,0.02222,2,1,339
2025-05-12 21:13:18,da5c3573f19224324330e90172581eee8bb7ddc2c362a6e4eea2f5f7b8526b2e,896458,707058.0,3942.0,0.005575,1,2,226
2025-05-12 21:13:18,35124035e0b1d0a9403824da8f23deecacfa992ea8c9ca36826013efcec508a6,896458,3573758.0,10430.0,0.002918,5,1,785
2025-05-12 21:13:18,f9e20dd28acd0e784444fbc6a15d123806122ceacac758fb0d855fe210f79c70,896458,751640.0,5202.0,0.006921,1,1,190
2025-05-12 21:13:18,a5b287b2aed57281cf9a2836784418b232967fb4931d3ac1dd92a75539ef33ae,896458,794044.0,14087.0,0.017741,3,2,513
2025-05-12 21:13:18,93fb6b5762b5317ff6fda50563146c8749a1a6f668719b65482d5f1eb713e546,896458,243750.0,8623.0,0.035376,4,1,636
2025-05-12 21:13:18,51262b65b1d68ae0c2ae39b9346549906e94afa69a1d83e3ea22c521ac20fb27,896458,9249.0,4951.0,0.535301,2,1,342
2025-05-12 21:13:18,cb3c14784471ad9a1961283483d543be03183ded0cc939e5a896156cc753c445,896458,430500.0,5778.0,0.013422,2,2,372
2025-05-12 21:13:18,d0ebb3f39258ee56447beca3e2e951b89d7c2291944070209e5e63a974535338,896458,296682.0,5778.0,0.019475,2,2,372
2025-05-12 21:13:18,6dc610ce88ce36c81d94722a3b4c2ac73d30356983c793c7ce8374c0b796bb81,896458,336835.0,5751.0,0.017074,2,2,372
2025-05-12 21:13:18,858160e211ea8b7c0724f73e0f17061e53c3e9c517a0f11fa4ef14714e6f51d4,896458,713682.0,10194.0,0.014284,2,2,370
2025-05-12 21:13:18,351a351de76a188fbcc469e69e112d9e1d293cb961a9cc1357de4aa830b955a0,896458,716322.0,3969.0,0.005541,1,2,226
2025-05-12 21:13:18,7959aaceb1545e171dbc2ba56723e0d7f62d122eb3775f3bf763583dbf7b8278,896458,104150.0,3969.0,0.038108,1,2,226
2025-05-12 21:13:18,4ab11a88e4433cf8e40a041f809f430724c2150c96c6cca38bafc259941be748,896458,157559.0,3969.0,0.025191,1,2,225
2025-05-12 21:13:18,bfe6e3a13aa4124c037b586dff104f30c1298b97df07764943bb4e1fe6fa2edc,896458,37929.0,3915.0,0.103219,1,2,224
2025-05-12 21:13:18,7ec24f24d71072e6f3605be547ba993ee2a5b445e7f9fb7b1c3f70b31d8048d5,896458,14555495.0,3915.0,0.000269,1,2,224
2025-05-12 21:13:18,f6cf75a30324ffa6a6153f1d01721b317a3f71bd1144fb7720f61e2e365262bc,896458,247913.0,3915.0,0.015792,1,2,223
2025-05-12 21:13:18,38c481fa9e64974dd70885b5cdbaf11cf366f359af6c453d3a4553f0c97f3493,896458,14875119.0,3915.0,0.000263,1,2,223
2025-05-12 21:13:18,b68da2681844eac5142e780ec3cb248683f024d9af0a20ba2886e56f9c6cc883,896458,96593.0,3915.0,0.040531,1,2,224
2025-05-12 21:13:18,27b70dd90467c2acb8bfb7ef3f958a528f96d2eb90ddf68e2889f8ce62063c70,896458,18752498.0,3915.0,0.000209,1,2,224
2025-05-12 21:13:18,8a91c4a78ee68b0a85b2e0ad3480caa1f9873540897af273591e9f71c4fd655c,896458,5967886.0,3915.0,0.000656,1,2,223
2025-05-12 21:13:18,63ef92a864c32dfd665d82f80523d9ba045ae75e948b70416c6d168a98a29a38,896458,363821.0,3915.0,0.010761,1,2,224
2025-05-12 21:13:18,fe874b7da3196db908ffb17296513b71c37930e67692ef8e651791aa8c91ec32,896458,92816.0,3915.0,0.04218,1,2,224
2025-05-12 21:13:18,1c5e3219261836cf1cee0f4bbbed27bcd057ff93df812b1769475a58fd3b131e,896458,1835016.0,3915.0,0.002133,1,2,223
2025-05-12 21:13:18,4311d4a6d10bdccb28efac73ea8debb3c6a301b225c3b3d39552ff07971cb80c,896458,4754135.0,3915.0,0.000823,1,2,223
2025-05-12 21:13:18,d46f90fe172108fe82ce5c409eef34ed71c56b6544f33def088ff1db9db00603,896458,691448483.0,3915.0,6e-06,1,2,223
2025-05-12 21:13:18,683a5658748cd64c0808663cbf8fb146af110ddf6d9f9e80262b94fe85eac0d4,896458,1980126.0,3888.0,0.001964,1,2,223
2025-05-12 21:13:18,4fb7b3a075d701eff627a18f605958ca28d85199074bfd17a2e75e4c7c0284d1,896458,3307557.0,3888.0,0.001175,1,2,223
2025-05-12 21:13:18,42b89fde3db424db97916b42eb0e4793bb6be618d41807fc5428b9e2e3d824a7,896458,553077.0,3888.0,0.00703,1,2,223
2025-05-12 21:13:18,007d342ee78d67d77f5fbfa45f251443e5178ca56bb258c78d8c47b6fc2d2572,896458,4282220.0,3888.0,0.000908,1,2,222
2025-05-12 21:13:18,1a8992d7f6f2e40fc23af2602f88be3038e2cb4030cd1b38fbcb193b311ed25a,896458,167672.0,3888.0,0.023188,1,2,222
2025-05-12 21:13:18,9e2777e59246b435607a5a24dd7773e8f211feb06257086d4af90a2e9bff2936,896458,108638.0,3888.0,0.035789,1,2,222
2025-05-11 02:39:37,dfb517085deaaac0bb7d8485a40d57903ce159892f1178693aa1288405b0a6fc,896194,1186452.0,766.0,0.000646,1,2,234
2025-05-11 02:39:37,8233cfa60400e4974c21327a6499cc258c3f6ec6a9ea461188a250bf349a0e15,896194,410737.0,6140.0,0.014949,13,1,2276
2025-05-11 02:39:37,96907e402d9e04111bdb2b7b27ff96e0f9f25bf58d78c6bad3c6e0780e6cd183,896194,14420356.0,3000.0,0.000208,6,1,1085
2025-05-11 02:39:37,c38ba3f1a2e41bcbec7172d679a3b98422dda619f21b5de2450725c3eb223b93,896194,525845.0,34112.0,0.064871,73,2,12973
2025-05-11 02:39:37,437fc3be2428f071415e8db59ed09d5730058a5e859d8d7d7de5132d226fe198,896194,33322.0,55970.0,1.679671,164,1,24401
2025-05-11 02:39:37,fa89e3afa2e3a822dc4f6e69ad6af4e6008ad6b56db49d70ca3f7fa77fe60ae6,896194,29966.0,1338.0,0.044651,1,2,222
2025-05-11 02:39:37,c6fed2b1659a9c01d07cacabf9f82ada810a04098b9b8a2a91bbe67c25beee8b,896194,379104.0,896.0,0.002363,1,2,224
2025-05-11 02:39:37,12582f91e39145860a7a5cbde87fb563baef58c00057401f30f19e0846704841,896194,1338125.0,10750.0,0.008034,31,1,4646
2025-05-11 02:39:37,cab8730caaceb2985edbd1161401e9c51236307cb8391f7067909336d83bd78b,896194,17259622.0,5370.0,0.000311,15,1,2284
2025-05-11 02:39:37,203bd0826049f9cf7fbb720bf3c1d507878243a09bdb009f2bca88f922f33d4f,896194,1977875.0,2465.0,0.001246,6,2,978
2025-05-11 02:39:37,83eb2562f7e00fa0e85562f1c8fcae106df3233a068c4069344be1eb34a1399d,896194,504782.0,30653.0,0.060725,66,2,11690
2025-05-11 02:39:37,e73f6007995b9fdb23c2141cc488fd9de2d4fbf9fcef27bba2fd62a721c83ac3,896194,10989904.0,7165.0,0.000652,20,2,3043
2025-05-11 02:39:37,437a93935c31a4f59f0423fb57e82afb66805753e91356aa86d25d738a34c050,896194,68542.0,3991.0,0.058227,3,3,450
2025-05-11 02:39:37,6f86f605547a624742706f2af82783113fd54382cf27e04674ab8e974e161726,896194,1344342.0,241.0,0.000179,2,2,302
2025-05-11 02:39:37,9f39209d563363a3b1ae527d6a95c19da49e01c01ef9445bae16de7ca7694b1c,896194,1342352.0,254.0,0.000189,2,2,313
2025-05-11 02:39:37,7e34d4e2a39a75ea626e2be65dd140c63bc2679516aca02449cdcc6f1841b968,896194,3102371.0,289.0,9.3e-05,1,4,291
2025-05-11 02:39:37,57919e3d3476ed33463e4e7a58ecb637df577748010a832bc231d43eacc0b8ab,896194,5768965.0,1235.0,0.000214,3,1,489
2025-05-11 02:39:37,3312dcc34247ab1ea96236dd522e42c718493022b866e424638fa25923a2776b,896194,1108057.0,1045.0,0.000943,2,2,372
2025-05-11 02:39:37,a1119ab197820d32524a1993e6937fc4bdeacffbd21a0cfc7f66b852667bfb2f,896194,3223718.0,2065.0,0.000641,5,2,816
2025-05-11 02:39:37,6731e3a5d6186876bf2d1a6bfdfb002ce52587e920b0ee18d4986b6f57db0be1,896194,1102193.0,1970.0,0.001787,5,1,795
2025-05-11 02:39:37,9184a66fafdf283e1775be1fd2f963f1a1da49664c929abdb3a3db87855f5ee9,896194,16071923.0,5865.0,0.000365,16,2,2460
2025-05-11 02:39:37,b4e5927bdb9e56e9d0f048dcf960ed3c8136b667996096abb84d344d1bd6e647,896194,4785628.0,1910.0,0.000399,5,1,786
2025-05-11 02:39:37,8577f75a7ede3bd0b6afdd15e336166f69fc4d74014d1a62b8d728f3ef8e28ee,896194,45833736.0,1870.0,4.1e-05,2,2,373
2025-05-11 02:39:37,8b4d2219a96ef65662ecdaed07b45383c964c617390610b2c7ff319eeb493917,896194,45162.0,1860.0,0.041185,2,2,371
2025-05-11 02:39:37,e16b606cc9490506d8a6e53c20d666aa279525f3270bb3b29ea1a310528de3d6,896194,84292.0,1855.0,0.022007,2,2,369
2025-05-11 02:39:37,89fdecd9a5a1bc251f962cf216ca30d9b60e34b640f36b9f9d1bba1a341a71d5,896194,117944.0,1855.0,0.015728,2,2,371
2025-05-11 02:39:37,98a286d5515ff49401d742c700ad378e9ef3b1c3aa1a4a6f7ac059a6adaf7976,896194,33145.0,1855.0,0.055966,2,2,370
2025-05-11 02:39:37,a0dfca9883b2280340ddd1c01b9b2442ac0b31615458eb45d302de6365cfdc7a,896194,436095.0,23372.0,0.053594,51,2,8965
2025-05-11 02:39:37,183a5d6168b0bd16bd336fec7c127784a3d5aafb4b65c619c495f53fe11d19b4,896194,87828.0,1730.0,0.019698,4,2,669
2025-05-11 02:39:37,7a0e145977a0066bbe2150d8879c95af08c5da72378f4129a78e53fb8f2276de,896194,48596.0,1725.0,0.035497,4,2,667
2025-05-11 02:39:37,75dd1bde9fc8bdff4d03caf4bb9be4e33eeb9d1b251919036f9aa8aeb5f7f8bf,896194,166438.0,1700.0,0.010214,2,1,339
2025-05-11 02:39:37,42f166a80a474a42c0e4eaeb0af13c106cb5d10d9e6b7348578fae5e29959b0f,896194,357814.0,3170.0,0.008859,4,1,632
2025-05-11 02:39:37,65913ed3dfdc9eca9df7bba3161e11299e454ff4b6f69e40690e10ba48639e06,896194,5525366.0,7665.0,0.001387,10,1,1528
2025-05-11 02:39:37,afe668e30148b3794f4085427abcfffad2c995545aea109ca7df54cd93b82cdb,896194,3534517.0,17980.0,0.005087,24,1,3584
2025-05-11 02:39:37,476521fa886d382bf7f0f09d34d62b0aa2ab49f0136a82f5ae75bbe7a2585b61,896194,195917.0,1445.0,0.007376,3,2,531
2025-05-11 02:39:37,27f44ccb00b5bdbc3a33a6e433c2e3947c502fe9cb1e2ca565a8598c7f0aeaf5,896194,1687265.0,4268.0,0.00253,8,2,1487
2025-05-11 02:39:37,5436a55b8b50c612949b091958902a8f44258db6d40a536c9271a6f4ec3a61cb,896194,2199012.0,988.0,0.000449,1,2,274
2025-05-11 02:39:37,8d084cd31bad4229f7b6432130dc5c1035e40189e4be82d6fc1b3cf6b6a094fa,896194,150454.0,546.0,0.003629,1,1,193
2025-05-11 02:39:37,a9ae6fd266d2f5829e01b8f84dc283e35f37e3f6690246af539071085098bcd2,896194,6185546.0,836.0,0.000135,2,2,372
2025-05-11 02:39:37,b01df6a9a70e304beb5a3ea7663e30095c9af3cdc3fa168679e3fc0096c582eb,896194,11061.0,1385.0,0.125215,3,2,519
2025-05-11 02:39:37,e2ce58f67934e0cfb81cf381ba87026db4f300fde5e0af09c31351251f576d88,896194,9609.0,1385.0,0.144136,3,2,518
2025-05-11 02:39:37,a85cf7b182e5a75f3666e60e71b840a646226cd80cbe3b23a5894cb44ab3e546,896194,1148931.0,1385.0,0.001205,3,2,518
2025-05-11 02:39:37,f2eb9b88c2b2eb71ce2999082cc59a9a905fd03cfd2a0902b02f96cd25f5c81e,896194,2450990384.0,3910.0,2e-06,5,1,779
2025-05-11 02:39:37,a6e1edf252d0223b7bb33d3de5791b3aa2da8fc19cfb60a91d2ba294a19ff609,896194,58770.0,1230.0,0.020929,3,2,395
2025-05-11 02:39:37,1b102788f1a0fcbde74e7b6010b029feeb9f4956f6790eb83787b8a82bab61bd,896194,100808513.0,708.0,7e-06,1,2,222
2025-05-11 02:39:37,0bb25d9c47ce2dc1723852b1a17f4e3a818b860f8fdbcb92a46a334c2f8d806c,896194,442915.0,708.0,0.001599,1,2,222
2025-05-11 02:39:37,5f616052520de529e5d21a77c67e3a34673b9f2cdeaf4c57ab6b9f3f83809301,896194,2881558.0,127734.0,0.044328,265,2,47784
2025-05-11 02:39:37,6ae282cf702467bf790ba783a4c6f49f93fa4e8a49146feea0c325cbf465251b,896194,1444722.0,68372.0,0.047325,140,2,25428
2025-05-11 02:39:37,2da40628ee52f3f240ca334227bd13aec880dbd6e3ffefdc50bebc5bf04663eb,896194,1492651.0,1125.0,0.000754,1,2,224
2025-05-11 02:39:37,0f2a258b7ed306045ca493be3d9494d7ccada3aed4c9b07055908c11e9811dee,896194,1648708.0,1120.0,0.000679,1,2,223
2025-05-11 02:39:37,05618f3128f3382da0a8a8d09766f4b4dbe1a802a8c92327e4f9ef4cc79ae6a7,896194,331414.0,1120.0,0.003379,1,2,223
2025-05-11 02:39:37,909bbaca444f5cb55e576738d2e41bd2cf887730c1f8353f7777ecf4abcdbb66,896194,251670.0,1120.0,0.00445,1,2,223
2025-05-11 02:39:37,6f7667ca37064196f44dd743e842cdb5b94f469569341f5b800ae141eb3caa63,896194,128170.0,1120.0,0.008738,1,2,223
2025-05-11 02:39:37,936d4928fe753ddbe4ed7c8b34a6bece9859de0e3a70cb0fe97b7080f9e38e46,896194,492811.0,1120.0,0.002273,1,2,223
2025-05-11 02:39:37,e66892551c9add5b81af89668930d526fae29910a98dd90fd4f1325edff37e2f,896194,103880.0,1120.0,0.010782,1,2,223
2025-05-11 02:39:37,2765b3a05c930f754d7fd60762379d5aafcf38d477d69254ef9c8034b3d07724,896194,211423.0,1120.0,0.005297,1,2,223
2025-05-11 02:39:37,f7ccd1c3f70e0b385af133c59a71cc7414d0bd7fe0b1217ef953f0e6ba5a950a,896194,51517.0,1120.0,0.02174,1,2,223
2025-05-11 02:39:37,07208b7bffd4416441585c18f3b64d1113ddb8fde100f22156372edba7c4691c,896194,12188.0,1115.0,0.091483,1,2,222
2025-05-11 02:39:37,6c307319b0c3ad0794543cc63a8510bc659a2a5e5a18a7f940ec6536b09a391b,896194,36171.0,1115.0,0.030826,1,2,222
2025-05-11 02:39:37,fdbaaf87835b16c5c9a2a271f9a71d666ca1a4066f6e9b2d1ec9762d9d31c7ac,896194,1923558.0,84590.0,0.043976,171,2,31265
2025-05-11 02:39:37,754f5151a619dbf8562ea0e5fcde8c54f73bc7be0375b7f6d6a65ad98a3e649a,896194,2881794.0,137586.0,0.047743,283,2,51270
2025-05-11 02:39:37,8e0e759c874ae5dc47f16d07bd1a2d79bbe6cfb0c0e860575eabba21175c66c5,896194,1076921.0,1050.0,0.000975,2,2,371
2025-05-11 02:39:37,924fe7e0811641aa136f7bf8adea864efa1a55c84ae35dba5afa2b9a69599e09,896194,538095.0,1050.0,0.001951,2,2,371
2025-05-11 02:39:37,d42a9acc5b69178d37904e659472d90606c8915229e16f8ac98c8492d6ae193d,896194,102998.0,1045.0,0.010146,2,2,370
2025-05-11 02:39:37,cd074f19ca73786f80042527b4aaef316069b918bfb7f42956ea3b6de9988a34,896194,508563.0,1045.0,0.002055,2,2,370
2025-05-11 02:39:37,21d103656dc4e79b231e1369618f2515a63e51ae9a2a2d97ed171aa27d4cf22f,896194,3660544.0,1045.0,0.000285,2,2,370
2025-05-11 02:39:37,74eb5fa7d4ba1df7420bc2074d08bd86e39a5ed1981e46a3d2eafb896fd22a51,896194,888712.0,1005.0,0.001131,1,1,200
2025-05-11 02:39:37,e0800646a5b518c179c65176825ee0c5044711880de9ac163d8beb77f44da66e,896194,79010.0,1855.0,0.023478,2,2,369
2025-05-11 02:39:37,ef7a8fb0089622bc78e641501aa90b0a0f67cd5f41dd8e716fb668dc80a0a2d1,896194,80865.0,1135.0,0.014036,1,2,226
2025-05-11 02:39:37,feb47917621f935af4cee1b1adeab69de474fe6ddb4ca2562c7822a79336ec30,896194,246350.0,950.0,0.003856,1,1,189
2025-05-11 02:39:37,b6bf8dc50e34b0e0791db0380088f4d5a2bb590ea905b815b4e01d36e76c6ca1,896194,7410751.0,2770.0,0.000374,7,2,1118
2025-05-11 02:39:37,fc3175d2d1ec014a12f1ea688ff1a3a437ac8153adcb81302433970fe15cb109,896194,309409.0,12464.0,0.040283,25,2,4590
2025-05-11 02:39:37,83c144166eba3b5b703f88bd8f74c91d9aaaadb9214adee9202d302478dcaa70,896194,336836.0,895.0,0.002657,2,1,340
2025-05-11 02:39:37,bfdf9cec5310411ffb58899f027fb512aa494cc709b0f3a08fb7872b13d73292,896194,212582.0,830.0,0.003904,1,2,247
2025-05-11 02:39:37,f35f889691a22b152914c701c998b4c854664ea08e21663e7c5d7b35d5dfdc57,896194,914779.0,830.0,0.000907,1,2,246
2025-05-11 02:39:37,acf95660948d000a7542dff9ab70768197a032e7416542e95b3a4a3bf1b7959c,896194,7085727.0,12555.0,0.001772,27,1,4671
2025-05-11 02:39:37,96c16011705327cf75a45d73ca1ebc359c4e3cbec3f1b5dab9413db08e47ef0e,896194,247540.0,12821.0,0.051794,26,2,4740
2025-05-11 02:39:37,a31949803f47867e58f270c05068de34d2048d99930fd38f67a1f799dbc25005,896194,27743929.0,730.0,2.6e-05,1,2,196
2025-05-11 02:39:37,fbd0cf2f65ba12c41377cfe9dc137902e24158a3096b20cae0a184f1cf509865,896194,607537.0,705.0,0.00116,1,2,221
2025-05-11 02:39:37,f3a314e5a90c3f45a502e20c02f0dce0356d7617c7f9433168633ab4c8755cc3,896194,1935907.0,95325.0,0.04924,194,2,35292
2025-05-11 02:39:37,830637dbe5d6f85b00b9681b3cf5d5134f0e55f16bc02133fdf7cd4ea1bad62b,896194,11041037.0,1920.0,0.000174,5,1,786
2025-05-11 02:39:37,84cb9f712450e7345534a6fca648ab91c63e5022dbb39dca689a3dee90ccb084,896194,61118.0,1135.0,0.018571,1,2,225
2025-05-11 02:39:37,aa400366f8b60b80d7a178dfbba9215d2fbadd16217b7cf71b4f9aa5aa233b20,896194,1206159.0,54693.0,0.045345,114,2,20447
2025-05-11 02:39:37,a6d24cea943978c0f34ebb7f6b2e9901b4f77fcf568fb14bcb17216a59ddbca0,896194,6744669.0,5275.0,0.000782,11,1,1931
2025-05-11 02:39:37,d4366e26c7079d4d077ccfc86218ed8f77f3a7851aaecad4882a15354bbc369f,896194,2781819.0,6185.0,0.002223,13,1,2272
2025-05-11 02:39:37,ea576cc99ab3c2e5e90a645749436637f731e62d2c8551bef7dfcd66cf5f5bdc,896194,1873707.0,6640.0,0.003544,14,1,2443
2025-05-11 02:39:37,05133fc5bd780394eb03033edae3f279a5d66be1136e676cfa158306bd2573c6,896194,1901924.0,4365.0,0.002295,9,1,1589
2025-05-11 02:39:37,7bf1c7e89ee68335e5b4d0d9e3584b752e9b6f751f111f3ddc26052c2dfe1ca1,896194,953676.0,6250.0,0.006554,10,15,1731
2025-05-11 02:39:37,ce22b0b82ea61c20b494b6abd408c944084b9788f26d73701012e61a6d052a68,896194,16100.0,560.0,0.034783,1,1,191
2025-05-11 02:39:37,ccdb66c5f412b9d8b29616cf62885373e4749801678286890a5783f3ef3d65de,896194,3795447.0,3000.0,0.00079,6,1,1075
2025-05-11 02:39:37,8b677d2c988b222d9546858273de466f152c2573b9d0df178fd4c7609303e34c,896194,2844047.0,3000.0,0.001055,6,1,1074
2025-05-11 02:39:37,9b5551448c969d121bb163c7bf1ee28a0e3de971bd321faa27b49b2525951cf2,896194,124952.0,5050.0,0.040416,8,12,1387
2025-05-11 02:39:37,be99fd80753d62f23381fdcf711c28902761b52e7332ddcbe2d09d884ac56233,896194,128364.0,1445.0,0.011257,1,5,334
2025-05-11 02:39:37,3dad1ed66bbeec1a1caff0eed8ff424e4be920c77ab854b5215e1114150d267a,896194,34584351.0,5050.0,0.000146,8,12,1387
2025-05-11 02:39:37,b164c805df5532612cdd8b1a054d4e679659af844325c8a6541a4aa8d523b152,896194,721013.0,2805.0,0.00389,7,2,1112
2025-05-11 02:39:37,79edccd795b947576a11a9816cb6fceba66bbe7d2e355fa259d2d453f9b43bff,896194,755157.0,2545.0,0.00337,5,1,902
2025-05-11 02:39:37,4a2b612deb0b0c77b859343db09dda85067443c0ca13f5d6982538087f82633f,896194,30952.0,753.0,0.024328,1,2,228
2025-05-11 02:39:37,efdbf53d377e9381a41e980dd74f0e542bf63431161a7e3640a99ffb70cbb66b,896194,333971.0,804.0,0.002407,1,2,237
2025-05-11 02:39:37,b07b68e8993ab554243598903052485331c558bcae093ec83ad36388609bad1e,896194,66537.0,730.0,0.010971,1,2,222
2025-05-11 02:39:37,c4b0718270a824a0ed588e30cbe10bf687973d22b14c6b32e7868c54829642d6,896194,145967.0,3850.0,0.026376,6,9,1043
2025-05-11 15:59:08,1510a0cf3a258bfba5ea8721cc94ca507ad3c1b9fd0e0e10d31dc053625a953e,896278,1120188.0,221.0,0.000197,2,2,382
2025-05-11 15:59:08,513d889f64ed9153c94fa6c95ec8afcd7a7a0072ca21076a0c06e79574eedffe,896278,649423.0,213.0,0.000328,2,2,312
2025-05-11 15:59:08,3f5ce08394ee4119f77b8c59a906d35c329e10a33614132e4ba431a264236983,896278,596673.0,213.0,0.000357,2,2,312
2025-05-11 15:59:08,71691fad1a51bb9bb285ae6c630f5d141f5186ab2af425eca933e260938986d5,896278,788346.0,209.0,0.000265,2,2,370
2025-05-11 15:59:08,1c49e386814f088f73aa6b350477747d7b7fe4f95cc4abf76c751dcd3b8a75c3,896278,12317682.0,209.0,1.7e-05,2,2,370
2025-05-11 15:59:08,e2fac991a97d3477de9b2fb2c03f187d353e317389e5f2e8f298a9ec1f731f66,896278,4554302.0,209.0,4.6e-05,2,2,370
2025-05-11 15:59:08,9523bf3c4f9476da7668019780fd1fadf198224e7c2af7b78c075b64dfd707b4,896278,94427.0,190.0,0.002012,1,1,189
2025-05-11 15:59:08,9321ade83ead91e2e51d1b6cd1c716fd9bfe59b93508508d4b3076dfb59ae204,896278,9886.0,181.0,0.018309,2,1,342
2025-05-11 15:59:08,239e76858abdc85b685763ff59da2b93c087a612ae9b2c838f77bcb5bde1cdda,896278,66669.0,349.0,0.005235,2,1,347
2025-05-11 15:59:08,1dd258a4acb0e65a5c26ee531f173c9bf81c271f27d6095c0df52959ff010481,896278,4605055.0,340.0,7.4e-05,3,4,488
2025-05-11 15:59:08,9f1a3a6d5e5dd7684799987edbc62edc20576c961c5f9f9ba6811e7a65022036,896278,8035934.0,1166.0,0.000145,16,2,2451
2025-05-11 15:59:08,281f0097bb66ecd1d2dd74146706a7e2de26e25e07d5b70908bf3d1a98c36120,896278,222720.0,166.0,0.000745,1,2,246
2025-05-11 15:59:08,706fac603d6d808cd22ac8cd8afc48de0ce452bc4fca76ff5b5ee7a5985872c2,896278,73354.0,155.0,0.002113,1,2,205
2025-05-11 15:59:08,29378f872b3c8a54ead797fdb0098b755d909197ae7403d42a49d9ffd5af4993,896278,119874882.0,155.0,1e-06,1,2,205
2025-05-11 15:59:08,47db3af4ed08040ed8944721dd840fe3df2dea5c7e10dd07d68471837455df0a,896278,75509.0,155.0,0.002053,1,2,205
2025-05-11 15:59:08,f5b667c3327cf5410c26f35376b28627b5dd01887486148bb8576be288f07589,896278,77664.0,155.0,0.001996,1,2,205
2025-05-11 15:59:08,dce7b58be2e4906782df6af59eb8dfcbd828b40dea258db9fc92db613e799c07,896278,79819.0,155.0,0.001942,1,2,205
2025-05-11 15:59:08,c529ee5ad9fc42ff4cb3aa865a29eefaea82db4cfdf41d6a03cba3bce451e1ff,896278,81974.0,155.0,0.001891,1,2,205
2025-05-11 15:59:08,ec5717d03aebbfde02b7a4ec7c90801f840ddafec82e026d1c99ee02e7a5ee58,896278,84129.0,155.0,0.001842,1,2,205
2025-05-11 15:59:08,89f1a703b5507f87cff94698dc1799484fb0882de0dd8276da55110ad157e177,896278,86284.0,155.0,0.001796,1,2,205
2025-05-11 15:59:08,e464639a37713ac2f021412ab8d4b0f3ca062476963c58d28b80dadf7ef5d890,896278,88439.0,155.0,0.001753,1,2,205
2025-05-11 15:59:08,9040b7b923158b24bccdc061679bb229c404594190a774bd4d545a792b568e2e,896278,90594.0,155.0,0.001711,1,2,205
2025-05-11 15:59:08,733f8f2a48ee9f72bf08d48413272b610c7d234983a1ff2b3810e01ec66dc425,896278,92749.0,155.0,0.001671,1,2,205
2025-05-11 15:59:08,d70f11b65615ed2a0eaae7079dedb5278ab7689cc251725df17d3c83182442bc,896278,1666942.0,224.0,0.000134,1,2,222
2025-05-11 15:59:08,19769232de5fd1b6a61e1b43b3ebe3786877e2f045b9ec3a03ac3cbb8bc57ea6,896278,1932582.0,224.0,0.000116,1,2,223
2025-05-11 15:59:08,a81f08173409d5f12d6214b505d74f16aa040d393343c2750f9ada72abe7b420,896278,337645.0,285.0,0.000844,1,2,283
2025-05-11 15:59:08,44616feeb6535432df5e13c68c6c5fc48f30a3a8c68a770db980026f269ded5b,896278,101978.0,142.0,0.001392,1,2,222
2025-05-11 15:59:08,75a401c9f76cef0ce07b2e2fb028c7c51f21dc7d9adda4b3f5f2f67ea7304249,896278,497272.0,271.0,0.000545,3,2,419
2025-05-11 15:59:08,64b6df9fd8fd63dbf8b747949dda157f7c58ce740faf6b4a169ce1942b19389e,896278,2973619.0,132.0,4.4e-05,1,2,182
2025-05-11 15:59:08,3f01a1659c1c8ce91912865b23fc8ea0bdecc2a7f1c9adc61a2b2f99f2acea22,896278,1115747.0,898.0,0.000805,14,2,1585
2025-05-11 15:59:08,f461da507ae5e164a40fb142f0bf4a3c0a5a240135aa85c25ebd0006a5182e7a,896278,59668.0,144.0,0.002413,1,2,194
2025-05-11 15:59:08,0bbf5c8957a64887a3efe2037747ad67d2527dbdb25f56688c9dccd33cc3d548,896278,10245267.0,1815.0,0.000177,19,2,3332
2025-05-11 15:59:08,16e208c09f6e5b1c889329931606394e1b65ef419ded6d2ff3af344de89329e1,896278,176983.0,224.0,0.001266,1,2,222
2025-05-11 15:59:08,0543ddc9ec2ad73917efbae25e305f584484f8b58d54919b439bb345fb8115ad,896278,2068046.0,224.0,0.000108,1,2,222
2025-05-11 15:59:08,5082783c17a07bee69c3f00b9d3cf14a40a609f01d51ad2eb456ed995e2ab520,896278,1932691.0,671.0,0.000347,4,2,665
2025-05-11 15:59:08,1dedc1ba5f6d5a9e20f26f73f3077aa2b6ac38895ce9a248aba5925b3894cca5,896278,467205.0,111.0,0.000238,1,1,191
2025-05-11 15:59:08,cf766e433612e1b58fde13f4cf1a302c58a54569439bfe64397e7fd382c985d5,896278,1082841.0,210.0,0.000194,2,2,370
2025-05-11 15:59:08,b83a49bdbd5c2117821e0dd78001bacf432d65b9801c29f854454765399bc8cc,896278,90387078.0,210.0,2e-06,2,2,370
2025-05-11 15:59:08,aff222ef132cdfc65df29d508f381c59bb4351bf7be9240276befe0a8fc9b0d7,896278,396058.0,199.0,0.000502,1,3,248
2025-05-11 15:59:08,5d7ae35d4fa40eff37b792c71a666c58ce4c819dd7a87963a46d81ab64e2e8c6,896278,396058.0,199.0,0.000502,1,3,248
2025-05-11 15:59:08,7d626cfa21e20599d49941ac851d69afe7ba3dc6c4f5ea02e115d2e64fe5e19d,896278,396058.0,199.0,0.000502,1,3,248
2025-05-11 15:59:08,76fdc2ddf132da05c7e7d88b5d1ba375918798481ee4720e1f1394bbbc35867e,896278,188001046.0,199.0,1e-06,1,3,248
2025-05-11 15:59:08,0a706ec13c921b1b28633f58dc971342407b02e2b69af02f98e45555d3dc5d52,896278,396058.0,199.0,0.000502,1,3,248
2025-05-11 15:59:08,1993d95366b9f9f2122982824cd84ed6eb7ba0590ba379ddadaf763ef172e718,896278,396058.0,199.0,0.000502,1,3,248
2025-05-11 15:59:08,3472225e4e9b4ed8326fdddddd3f72ba96223b732687a2eed7d0e30dbd110281,896278,275554.0,195.0,0.000708,1,2,358
2025-05-11 15:59:08,5b0f9b27977fe6b78ed258035e900961e19ac046cc7f8c5d40fadb5c002c6c58,896278,1243561.0,191.0,0.000154,1,1,189
2025-05-11 15:59:08,49ccc886a501202f9d4efd4b39569d84df45347dedc266316b96b7ceb9017b7f,896278,438767.0,180.0,0.00041,2,1,341
2025-05-11 15:59:08,e46d6f6840b89142a1b2753bda72dbd112d4d8d1c1eacca29433546ce0c8fb48,896278,1160980.0,180.0,0.000155,2,1,340
2025-05-11 15:59:08,733e9e2a32f8717a56398980ceea8e04baa30d6f8d14e03a45b2c1d8a5683722,896278,4224887.0,175.0,4.1e-05,1,3,254
2025-05-11 15:59:08,c9709c57998ced1003f4a4d76ca97eef586c9e728639b9f8a5fb503f834253c9,896278,2860661.0,1333.0,0.000466,14,1,2445
2025-05-11 15:59:08,423be99b97dbbb991fb019b3ecf046af76fa14054d8d27b3268a6dd7ed263ed9,896278,225853.0,246.0,0.001089,1,3,433
2025-05-11 15:59:08,ec3dfd3cf4e144d03a9248f0ccabe56fe452207ecc27cf5d246c7d2f6ce554a2,896278,396257.0,156.0,0.000394,1,2,205
2025-05-11 15:59:08,8d5067b6c741167686ed63e2d8fcf4a10d42e58af99b1704010c3b84b1958d05,896278,396413.0,156.0,0.000394,1,2,205
2025-05-11 15:59:08,739c53d2facbdad2ccdaee578335ff2ecf27acdd4bb8065f4f752d4089488122,896278,396569.0,156.0,0.000393,1,2,205
2025-05-11 15:59:08,e10832e557dd2066d3f991cfbb99bdec1cb58fa3f740d3cae7e0fb246d3870bc,896278,396725.0,156.0,0.000393,1,2,205
2025-05-11 15:59:08,437b27dcd1fbe9ab3c71fe0f71ea33e5ebaa30c0803eb1db639bcfbe22bb5c52,896278,396881.0,156.0,0.000393,1,2,205
2025-05-11 15:59:08,717010cb66316190795422eb8170bf00e8bf4b27338a834f2d4f2177b3ec7749,896278,397037.0,156.0,0.000393,1,2,205
2025-05-11 15:59:08,acd21f3214848e5bb465aa54938c9d5bc1f510be86528125493dc2cd1d568e42,896278,397193.0,156.0,0.000393,1,2,205
2025-05-11 15:59:08,ea67539ff2b9d64c3909e552dab050d10ffd9627829fb5ddab8c4626b7d54cda,896278,397349.0,156.0,0.000393,1,2,205
2025-05-11 15:59:08,6b5116d645816a0e1ef4839414dad81fa5596c13f525f748e0f53ef4dc23ea03,896278,397505.0,156.0,0.000392,1,2,205
2025-05-11 15:59:08,8efc6bea1b758758600ebe70dbd74dd8651c7061d9bcefcaab959c4904653c2e,896278,397661.0,156.0,0.000392,1,2,205
2025-05-11 15:59:08,fd7a008611a5d7e3191778593a4ecc0e65ecc08eb6b3e04f6077ba4ce6b3dc09,896278,397817.0,156.0,0.000392,1,2,205
2025-05-11 15:59:08,9e0fbabf8ad8e5ff6d892515aa1ef04c4c318b394a6d0211be4c5a2067bb1608,896278,397973.0,156.0,0.000392,1,2,205
2025-05-11 15:59:08,3523dc3399ba6423d6359dbe11f7778b62ad196b6a61c915bdbed60c011976ca,896278,398129.0,156.0,0.000392,1,2,205
2025-05-11 15:59:08,ec8046236fd790e333a40e309ae50b1b2339152eb0820b0b714cec580341aaa8,896278,398285.0,156.0,0.000392,1,2,205
2025-05-11 15:59:08,0187dae8c1e8b318026dd187ec58c551f9bcece003c14cf9b713eb7035644b37,896278,398441.0,156.0,0.000392,1,2,205
2025-05-11 15:59:08,bcaa8c3b919db847868974a86ddb6cae06fac3ff55a501bda4b0fb97ad2bf235,896278,398597.0,156.0,0.000391,1,2,205
2025-05-11 15:59:08,0c4de1fa70c575fecc20d03076df5bfa76489e59341830e100249113a84d3547,896278,398753.0,156.0,0.000391,1,2,205
2025-05-11 15:59:08,a89a5ffa399679dd25b4bb9a84f5e46a22b7b144bda46460187f7f968b28fa02,896278,398909.0,156.0,0.000391,1,2,205
2025-05-11 15:59:08,48ec2e3f76e5558fb945372a7c2557476f7bdcd730859f18c6f9563e35c7f019,896278,399065.0,156.0,0.000391,1,2,205
2025-05-11 15:59:08,0fe9b56cd6739f5fd3df8b0517b88b7eb33b0c19810484e63f96d28794b35ad2,896278,399221.0,156.0,0.000391,1,2,205
2025-05-11 15:59:08,d776c1fd79dd2ffb3f4996d33168ea4390faa4723984cc8fc77b3e1fdd489bb2,896278,399377.0,156.0,0.000391,1,2,205
2025-05-11 15:59:08,6116a87dae1295c2396ad9b5a8c87762e41f809adc3a8eac92714f26822432ec,896278,399533.0,156.0,0.00039,1,2,205
2025-05-11 15:59:08,48a847f89c237e288bbcbd8bc49f4d0f5f3009adc28ebb6802f126a6a343d571,896278,399689.0,156.0,0.00039,1,2,205
2025-05-11 15:59:08,09fd844ed1f14713f9e2b46ef31638aa99a848ba4f02c37d65f7dcf42b1209a6,896278,399845.0,155.0,0.000388,1,2,205
2025-05-11 15:59:08,c9f8f79e53805858cd7743304d8131933a6b7f8306ecdf38d0ecc0f9e3b2ab96,896278,396257.0,156.0,0.000394,1,2,205
2025-05-11 15:59:08,b97d33f05315a1860977b9f9db94eb6e9530e1c1defb1b606f12574e4a3d1801,896278,396413.0,156.0,0.000394,1,2,205
2025-05-11 15:59:08,a3a76b0e46fd37b0b77da7167074fa56161caff49bb0acb0b74dcd7922960b98,896278,396569.0,156.0,0.000393,1,2,205
2025-05-11 15:59:08,15cb0c9db7558e8e4c3a29bf47dbc208f172cf36606452b953c2bbd5f554954b,896278,396725.0,156.0,0.000393,1,2,205
2025-05-11 15:59:08,600fdd68e4f567383a70266492c2300105872e74acd6f05197a86f08baeb3f30,896278,396881.0,156.0,0.000393,1,2,205
2025-05-11 15:59:08,50520525ac7ab27ea7d7399bac1177150babe5a0757c35203643c6e05500cb1c,896278,397037.0,156.0,0.000393,1,2,205
2025-05-11 15:59:08,07dc0f4d087efe6caa0146aec240cae5387df7b5c5be3d9492ece7c5b57d325a,896278,397193.0,156.0,0.000393,1,2,205
2025-05-11 15:59:08,f11b796373078aa9d32ef13deedc1dbc25352354d23335893eb970ba6b487c9f,896278,397349.0,156.0,0.000393,1,2,205
2025-05-11 15:59:08,40d25b8a167dbb90127d38a41e1024eb34c58cb623927e7d2db702c51fde8c7c,896278,397505.0,156.0,0.000392,1,2,205
2025-05-11 15:59:08,b14e0039fb7ea16ed5720f10fff7ca015c2497918b1d8b44a174a21006f3380e,896278,397661.0,156.0,0.000392,1,2,205
2025-05-11 15:59:08,265a3207b44b6bcc53771d0c77e990a680f2a4a8cfc02550287e16b4849febf4,896278,397817.0,156.0,0.000392,1,2,205
2025-05-11 15:59:08,b1be32f841adc6f25f6a6d0357954b8a035568e38eb60cff4523dfee39483849,896278,397973.0,156.0,0.000392,1,2,205
2025-05-11 15:59:08,eace3875539a504645ffb964d014c325f0f1e6a79c4332f2a944da555b36fd84,896278,398129.0,156.0,0.000392,1,2,205
2025-05-11 15:59:08,f1ecb81d96ddbc6ae9276aa72cb97e9015098aca66fd113e32afe4089106ce6d,896278,398285.0,156.0,0.000392,1,2,205
2025-05-11 15:59:08,956355542094b9aba7736e6ff56b2b00ae9b49792a466a1a8f4dfd81c38bb46f,896278,398441.0,156.0,0.000392,1,2,205
2025-05-11 15:59:08,b34c6a4ad9464c1cd18e60be279e278011d48eed8b53955736a06dc587d90f2b,896278,398597.0,156.0,0.000391,1,2,205
2025-05-11 15:59:08,1316afbe29c8bb233d6dd24b5c4a88195877b8bd7c6deebace764deb1d7c78c4,896278,398753.0,156.0,0.000391,1,2,205
2025-05-11 15:59:08,16576d007194fef3e6b17d8d8abae6c58f70fdfade83cbb8b7ab28397dcd4da1,896278,398909.0,156.0,0.000391,1,2,205
2025-05-11 15:59:08,449e916be5a8d8499a535e815564fbfc32e8ca24164aca0947d74e250ed0111a,896278,399065.0,156.0,0.000391,1,2,205
2025-05-11 15:59:08,712509988e04fc03d032eee9e205d5d41a27d0d99b764e6cd8029abcec00e8e0,896278,399221.0,156.0,0.000391,1,2,205
2025-05-11 15:59:08,2d5c0c4ec93cd7f1b11274c71755035762ad57950b500c54ef37bc42906c4904,896278,399377.0,156.0,0.000391,1,2,205
2025-05-11 15:59:08,641cad2af02ebfcf5d85c6a71532b8abef6459e5ea2e603d57608242ba9f2f0b,896278,399533.0,156.0,0.00039,1,2,205
2025-05-11 15:59:08,6da320cd9c87dac169ab30f24f20ac9961878d671839856645d54192ec5b324e,896278,399689.0,156.0,0.00039,1,2,205
2025-05-11 15:59:08,2c0cc833a8c970dad1a6335c0d50906642d06c9b555663158d43bd6b2699c807,896278,399845.0,155.0,0.000388,1,2,205
2025-05-11 15:59:08,39677afdbd7d626cfdd38a4461a4e82da12268ca9b68f3ebe6b60f942755127c,896278,396257.0,156.0,0.000394,1,2,205
2025-05-11 22:58:45,90219f62788426afd3de43c6708990088377375e0bee8e30b54303f9f02b5668,896321,469707.0,614.0,0.001307,2,2,686
2025-05-11 22:58:45,2c51f8e6de5c6348911ea9e89d82b812cc6243ed6fc86c4ca6fc6c79ac5d6439,896321,440429.0,1220.0,0.00277,5,2,1557
2025-05-11 22:58:45,44c0379cb3e1a216935e4bf413bc447331855cc060fa8e25f6ba8e09ad2af3f1,896321,98812891.0,590.0,6e-06,2,2,674
2025-05-11 22:58:45,f8a633a71ae158cb4ea673df2ab2a6d6e83e148fe0bc586573273479c35dcf24,896321,214667.0,1071.0,0.004989,4,2,678
2025-05-11 22:58:45,ccc6f3f1bd9a3beb6e7d8df88b2e9681e95cf34d871f4e893ec973c2cb7f21ea,896321,204916.0,68084.0,0.332253,500,1,74301
2025-05-11 22:58:45,65cb484ccc23d1e3c0176c50387f5c8cf84a39d0f8f84560027195ebf7ce0ee0,896321,2464815.0,286.0,0.000116,1,2,193
2025-05-11 22:58:45,a915c9fa602625b3d40cc4a85788ee90029e60697d56c9c4cc401b46efdd8edb,896321,2644998.0,286.0,0.000108,1,2,193
2025-05-11 22:58:45,d5d8120ec4e6ed63da60d99a8d23b18031cfed45c9ef76681900f6c1d0eb15cb,896321,298869.0,286.0,0.000957,1,2,193
2025-05-11 22:58:45,a0f67fee4186df6d08a17daa1c771167fc6de5fc7694d7235868663ad8a688ca,896321,3968611.0,286.0,7.2e-05,1,2,193
2025-05-11 22:58:45,e8c942cf0272b4c39420ee1dc43602aec73f863f3b7bd86644adbc345c4d2cae,896321,348691.0,286.0,0.00082,1,2,193
2025-05-11 22:58:45,557f09a658703f3881aa4bbf04a00f9d25a86cac59b28111118790b1e9f70ba2,896321,16392312.0,286.0,1.7e-05,1,2,193
2025-05-11 22:58:45,878910b92eacc50a8f507a360f5e56948e8d9a3a3885f1a4a85d5476365b1668,896321,2389708.0,286.0,0.00012,1,2,193
2025-05-11 22:58:45,b6f3afd8b67e613a2bc9706269cb0f67b9fddf6219f2349ea39356b2f4db2467,896321,181379.0,286.0,0.001577,1,2,193
2025-05-11 22:58:45,cf8ffedc275319d2c6831d0671ad3755910262cd591a59af4f19ea6fd29f1f48,896321,2216479.0,286.0,0.000129,1,2,193
2025-05-11 22:58:45,81e26d4593299dc915e9cc298268fc8c44cc54db124ec892f1252ce08891f741,896321,156094.0,286.0,0.001832,1,2,193
2025-05-11 22:58:45,f3334f02f2a4db957eabaf5d281478c67559665a5a16ecefa919956c3e687203,896321,908721.0,286.0,0.000315,1,2,193
2025-05-11 22:58:45,e0e287ae91c3fddfe9e849bbaef85ed9d9d7721f485c60047365fcb8a61dbe9d,896321,2289130.0,570.0,0.000249,1,2,283
2025-05-11 22:58:45,7c00ee78a342b62e2bcb7920411015cec7989db69cc3e1413e39f820b878844e,896321,61405326.0,3358.0,5.5e-05,25,2,3340
2025-05-11 22:58:45,1e6ab5954351cc192750129421d4d2ba0cee2ebd2cda7d5b31113587fb5f2c19,896321,50324.0,373.0,0.007412,1,2,236
2025-05-11 22:58:45,bdc81f57435d975b7014f1aa7e11e9e1682ac1c0ed4a52c7eb52eb3ad1c5ebed,896321,50697.0,405.0,0.007989,1,2,252
2025-05-11 22:58:45,e5edd0ab9b960d492d9ff158d73d28e26b757c5f041dfd34d6c30c1ab5f4a132,896321,14683.0,1500.0,0.102159,12,1,1339
2025-05-11 22:58:45,aa37bce0534dbacff98cac4067106fc8859ceff14a3d6a9624cbfa51db8c9164,896321,19016.0,5908.0,0.310686,50,1,5405
2025-05-11 22:58:45,d9931a4d018203ec11c0e7a7fea33e0c1d5baa2fb0a9bf3287b371825aba8a5a,896321,17630.0,4864.0,0.275893,41,1,4442
2025-05-11 22:58:45,3b729ddcfaedb5f24b2192ec06bb174374ebe17d3d19f1bf0cd31f377c1284c3,896321,339776.0,224.0,0.000659,1,1,162
2025-05-11 22:58:45,fb21b5957b159e3aa6712eae8a99b76172f717bb0c7f6dcc8cfed24eb9e19f5f,896321,1355139.0,448.0,0.000331,1,2,222
2025-05-11 22:58:45,2d801e0a1b3b5699d32006ba81c4441d443903d1aa22290d16b8d8a441bf444e,896321,41730.0,448.0,0.010736,1,2,222
2025-05-11 22:58:45,419d1c943b3655bce0a9e5455a789cc041a1bab3d38f52b9a4071aecd2ec9f48,896321,1794562.0,448.0,0.00025,1,2,222
2025-05-11 22:58:45,2b383f69b58f9985bc40c6413270ebbcae92b41bf7c93481fe4fbf8b98fcaa2b,896321,544210.0,448.0,0.000823,1,2,222
2025-05-11 22:58:45,f94c222ccacacec267e5847f94baeb0c55fa59d2daffc7f5841a40f902320128,896321,868230.0,448.0,0.000516,1,2,222
2025-05-11 22:58:45,c8c32a5ea00a71716a81c577580fa50dd6baa5bb925a5aa0d7e5a3f760369b98,896321,112729693.0,670.0,6e-06,1,2,332
2025-05-11 22:58:45,9307542c8822e8aa89a599a44e97d7b8c21380cc9511868827fc6b9edf0c64d2,896321,2682774.0,426.0,0.000159,2,2,373
2025-05-11 22:58:45,c6cc8e773e138c77f51675344af64e07287541457311ddbbe1d8d459cc9b9d5e,896321,29119709.0,291.0,1e-05,1,2,225
2025-05-11 22:58:45,10ea5de4c6cb52815a956e0dfc8f17b793718ed0618ea5b0db47d73b56ee3d52,896321,903230.0,291.0,0.000322,1,2,225
2025-05-11 22:58:45,b36ac6d4346554d473a3b07f920ff65218d5a7d53aed62f6e806725b68ed7f9d,896321,12670549.0,384.0,3e-05,2,1,352
2025-05-11 22:58:45,3cdb5bf64ed76aeceac7461e69f08765d704866b6b94171f099e3341cbac7e1e,896321,2090135.0,360.0,0.000172,2,1,340
2025-05-11 22:58:45,16d4e3afa76d87f7b579fc2a2f93086d384abc7b88d701c4cd20805913b33ba7,896321,138898.0,358.0,0.002577,2,1,339
2025-05-11 22:58:45,3be762f85825425f74dd20a37e6d6425e267eda0a63fafc0fa0cbe59fbeb8a04,896321,134406.0,327.0,0.002433,1,1,151
2025-05-11 22:58:45,6d35102ea4cd79cb0abe045faee746110251f9b665144530913c901df7d126f9,896321,134733.0,224.0,0.001663,1,1,406
2025-05-11 22:58:45,92ad1326a6b85b58dd2f0d81f5526d1213347e32f99c265e6a6d6add5aa38846,896321,112913.0,452.0,0.004003,1,2,223
2025-05-11 22:58:45,0a695cc168c6434bd0f7f5a867385c4ab21a1bd9421cdec9dcfcedff79d4a3b8,896321,165773677.0,10480.0,6.3e-05,68,17,10650
2025-05-11 22:58:45,f0866e761e1937ed456da030d6115d3b65d89318db44749b0c126858d207d4e1,896321,47804.0,292.0,0.006108,1,2,225
2025-05-11 22:58:45,bbd0d500dfd25a796e8ff8d924ad1dc2520a8619fda48b54510e344acaa75bf5,896321,3703480.0,288.0,7.8e-05,1,2,223
2025-05-11 22:58:45,55cf07b171dcab000b6b06fe97ebe74833a0143c98f3889cdc0d2fbcbda1eff6,896321,549076.0,1602.0,0.002918,11,1,1677
2025-05-11 22:58:45,3eac93ee315601cee0af2b32e1be81880a248eba313ae028c65bc6796f28d305,896321,75801.0,428.0,0.005646,2,2,372
2025-05-11 22:58:45,537c656bb677e19daaabad3a5a7da0a01ed969170006a522680294d1f70ee3c5,896321,23264.0,426.0,0.018312,2,2,371
2025-05-11 22:58:45,435c3e37b2d7853bd51c0b8e169134378d4a571f19421d93a2327f656d9d7d80,896321,346451.0,426.0,0.00123,2,2,371
2025-05-11 22:58:45,80aab526796208fd3d04a0be9c0e147f84c9c9ff31e6277c4a928fe261b8875f,896321,226001.0,294.0,0.001301,1,2,226
2025-05-11 22:58:45,0d20768ee1ed1311062377c36080fb6862867d365ade60a1f2cae6eb73e6e857,896321,4584842.0,294.0,6.4e-05,1,2,225
2025-05-11 22:58:45,d517ccd1ed829509f3d27d01831d88317e896e837973e60dd423c4bb1ca8371b,896321,458681.0,294.0,0.000641,1,2,225
2025-05-11 22:58:45,b2db393ebef4735041f185cfe47cf594b297fb1c013d71299d1e3db5f848bff7,896321,3002005.0,290.0,9.7e-05,1,2,223
2025-05-11 22:58:45,45e007f423407e9aedaf9e45bbb50b537c70e01ff9ee37253360e709be95d2dc,896321,42990.0,290.0,0.006746,1,2,224
2025-05-11 22:58:45,768b76f9a4cc2f38311d96e888fe36bb30af0b4e6210c9d877f9f47b45e163ce,896321,6460657.0,290.0,4.5e-05,1,2,223
2025-05-11 22:58:45,f53d60f5dbf758170dd9f5e13d1302c7e7e1fa73fc49be10a706bb2dee620bb3,896321,4712675.0,290.0,6.2e-05,1,2,223
2025-05-11 22:58:45,38f9aa3217609d9b73e9191e2f924c96b90fa4d5a6519f0df4c99c340e2a03a4,896321,313924.0,290.0,0.000924,1,2,223
2025-05-11 22:58:45,f8caf1802fd4de05afe6f6b1e306bfe2e381a13327b65420edc455183040579f,896321,817207.0,290.0,0.000355,1,2,223
2025-05-11 22:58:45,79e8451180532e38b9082a89ba3575d26d9241714e6f0383682eedd7c5000b67,896321,523346.0,290.0,0.000554,1,2,223
2025-05-11 22:58:45,765a7d9b666c1bbb8739aaad4aafad135bcc0240854f7fb734397f226063f94b,896321,31526.0,290.0,0.009199,1,2,223
2025-05-11 22:58:45,6523469a152d99b826cd6d2c64f379a261002b4c39d08922ccae3e92cce1523a,896321,95530231.0,290.0,3e-06,1,2,224
2025-05-11 22:58:45,864b2448a9ee35f32f44477f6004d859e1e4f51bd953ddb7f1fb019847e81b31,896321,13918.0,290.0,0.020836,1,2,223
2025-05-11 22:58:45,d7edac32345fbef1a07757bbb45bd4c681660c3ac84268c6274312036d3f471c,896321,383087.0,290.0,0.000757,1,2,223
2025-05-11 22:58:45,bc808a646150152892e0366ca8a578ba9a91c11f96fce3afa96fbebae293ec18,896321,11948810.0,290.0,2.4e-05,1,2,223
2025-05-11 22:58:45,bf200fd698d69367e50ca862896a97f9c2d8d857e6bbb84b71b427bdbf055bf2,896321,47811.0,288.0,0.006024,1,2,222
2025-05-11 22:58:45,af96288bc50dbc0bbac12c423bf635b33cb0898b3370302301e5fd4219926de9,896321,499591.0,288.0,0.000576,1,2,223
2025-05-11 22:58:45,2c9df28c03a85d1c2e5516ea2b9b653edd9197cf3de0dcd5231d33f902d998dc,896321,5258988.0,288.0,5.5e-05,1,2,223
2025-05-11 22:58:45,dda1cebf72faf3627586aa7282d543062a890e1cf44bfef022c0f7e79109a4d9,896321,19895.0,288.0,0.014476,1,2,223
2025-05-11 22:58:45,f397142d5181383cdc98beef3b3ad337f85f64cf99141d182d85b354b7157aae,896321,481140.0,288.0,0.000599,1,2,222
2025-05-11 22:58:45,76a059b206356e0d035941c5d1b273e3a3815fab1dd9c7c984e83a4b7f280898,896321,1124795.0,288.0,0.000256,1,2,222
2025-05-11 22:58:45,df00444e33f0b2bb9e6a1828680db4f4fdca169beaf0410e1faa2a46718a1d6b,896321,219154.0,288.0,0.001314,1,2,223
2025-05-11 22:58:45,52bfa9771aa79f1b74b45546cfa61c26d2e94de4bf611ad0857fb2e05bf03e37,896321,9918131.0,288.0,2.9e-05,1,2,223
2025-05-11 22:58:45,bb0590ec843fb9529620bd1ab3a376a68c805fc43790e518a8ceee14fbc7c533,896321,64641.0,288.0,0.004455,1,2,222
2025-05-11 22:58:45,d92d12bd5f552ea413c7409303dd81bb33b920f15faa8b256ecf5b1008fd3f2e,896321,812552.0,288.0,0.000354,1,2,223
2025-05-11 22:58:45,990cf397ab657eb488f03862f190c81c897359b199ee14afbcbb20427036d614,896321,837413.0,288.0,0.000344,1,2,223
2025-05-11 22:58:45,6a5222f269cc8bab97195aa1c9db8655f7913bc36ea37902b694387a13575e04,896321,11482.0,288.0,0.025083,1,2,223
2025-05-11 22:58:45,9d22c12273ba750cbff925efd2450adce1ee22d2d7e3fe664f59c3538152a296,896321,65691.0,364.0,0.005541,2,1,340
2025-05-11 22:58:45,faef00e14b3fdeb0265d92ad372a157800a01d4209e72f6a74c0a94ad2a0aef4,896321,13053835.0,292.0,2.2e-05,1,2,223
2025-05-11 22:58:45,4e9a4061ef9e4606a0984a136cf98511bc054efbe9ddcc46e856db3051206cd3,896321,13068091.0,292.0,2.2e-05,1,2,223
2025-05-11 22:58:45,5f2fb17e5b09f0c3c2dfdd2f3a89812587bd83fe27708fe8ddd92e7f21ef5ee7,896321,13082597.0,288.0,2.2e-05,1,2,223
2025-05-11 22:58:45,16944ed23f7567faeee0306b94a55c1d2551e76440928a652d4d933106408617,896321,13097108.0,288.0,2.2e-05,1,2,224
2025-05-11 22:58:45,82dc1af729242357aa399930c5184212e625edf6c73f956bc6cee8b8bdbfa244,896321,13111629.0,292.0,2.2e-05,1,2,225
2025-05-11 22:58:45,bc4c82261fbfc2706c0ece8d87b3b9c6febfdfb8b6286186069d9c73b6b89896,896321,13126260.0,292.0,2.2e-05,1,2,223
2025-05-11 22:58:45,1986d246ff1b1bed32549278412ab33af0ed36578266246f1c1774b177ff3198,896321,13141073.0,288.0,2.2e-05,1,2,223
2025-05-11 22:58:45,e7fc0b1094df97fd3c1bbbf348e23aa5155d457595383601a155cfeb6af09ba7,896321,13156055.0,292.0,2.2e-05,1,2,223
2025-05-11 22:58:45,ea265abc55c5520b1d0b127b552f3b69e0b3ba6b1751818b56982d5bdb474059,896321,13171051.0,292.0,2.2e-05,1,2,223
2025-05-11 22:58:45,bf78a4d304a8f83dfdf8d821cb7d130cebab0e38148c78dc2e8f143adf2e172e,896321,13186124.0,292.0,2.2e-05,1,2,225
2025-05-11 22:58:45,45f61353e761ba185bcb1a6cb4878aca3aac618dd7c5d4b1b52edce6f1c18dcb,896321,13201293.0,288.0,2.2e-05,1,2,224
2025-05-11 22:58:45,198f125d5f1c1ae76c46754cfeb4ae89bc47759878d9120d4ced2b63507f35cc,896321,13216554.0,292.0,2.2e-05,1,2,223
2025-05-11 22:58:45,1f4b95922e27ac3025f4d9f8d0b1124dc32acaa91032dd96b5a56268cb7f9041,896321,13231838.0,292.0,2.2e-05,1,2,225
2025-05-11 22:58:45,e6f441c6b5d09f3e35c1ece7f3c8d1ff59972bf87616b3b238b65bff54506139,896321,13247161.0,292.0,2.2e-05,1,2,223
2025-05-11 22:58:45,0566cdc41a3ba41383f042e5c96b32f2478af7b3649f78566d92e19fe8c86edf,896321,13262733.0,292.0,2.2e-05,1,2,225
2025-05-11 22:58:45,9823e3acddfb84e2867abeeb489971e53a80244631e39394926f54795ea26dd3,896321,13278555.0,292.0,2.2e-05,1,2,222
2025-05-11 22:58:45,f9a93009151c334fa7f99d440aab32bec9aab7502277cf88de863a3cde8ac518,896321,13294416.0,288.0,2.2e-05,1,2,223
2025-05-11 22:58:45,891676e601f065c139c7adcc7c10e490371fa7d116fd91913b29368a2f5401ad,896321,13310417.0,292.0,2.2e-05,1,2,223
2025-05-11 22:58:45,dadbcc2b86c5a6d16a09b9649713e60dd0ae8fcd15a911e620bde9b3f23497ad,896321,13326662.0,292.0,2.2e-05,1,2,223
2025-05-11 22:58:45,5d16977942f7cdfb8fdcc855dabbfa4ba587524420ffb5a2b41d4b69bff4278a,896321,13343042.0,292.0,2.2e-05,1,2,226
2025-05-11 22:58:45,9027051f0e6e4c63d037041a49bbcfd6649e91f14bcf1e965db767bd8f8dfe51,896321,13359556.0,292.0,2.2e-05,1,2,226
2025-05-11 22:58:45,11793978c0ba265d08d78e996b16cb020eec28e36844fb3257759b7cce517016,896321,19101.0,203.0,0.010628,1,1,150
2025-05-11 22:58:45,7819f86a3e09bf7f179b42497666190de0e4619bc69b8df5cc899cf1827267e3,896321,101026.0,365.0,0.003613,2,1,340
2025-05-11 22:58:45,0e07f377540aa481b6bd492ccaaedfbee548225d8efc0515e631465b9b3cb6b9,896321,104835.0,364.0,0.003472,2,1,339
2025-05-11 22:58:45,6feaae7e68b870233e17d42e95c04bff4ee54fbf1abffd976fbbd414180e53b6,896321,225064.0,469.0,0.002084,2,2,302
2025-05-11 22:58:45,80eaaee527dadf716cfff293fe14af365a5570bf83090934ca95dff0e0d72411,896321,245409.0,237.0,0.000966,1,2,194
2025-05-17 07:09:11,2cc55dda6872d75156eb7c0f9153eae53d45ea07aa8886b438887dc7d3461028,897071,96779.0,121.0,0.00125,1,1,191
2025-05-17 07:09:11,45bb1e2a45881c2f8cabf122b5b66b91d6ae5d5956e73f140b3a5bd8d8e81d26,897071,80095.0,121.0,0.001511,1,1,191
2025-05-17 07:09:11,e2e68f9e62de9ee25d892f4aabe3cadb6275821276d99b334f149068b66ac523,897071,488434.0,121.0,0.000248,1,1,191
2025-05-17 07:09:11,ae9d579c05172751d8f40f83a5ae1cf54c3a03ca928377a97ef42763da9bb221,897071,339044.0,121.0,0.000357,1,1,191
2025-05-17 07:09:11,bdcd3f2eb5776d89b7ee57bcad0d8e223224a23466d755465fdf662c2acabf20,897071,22594.0,121.0,0.005355,1,1,191
2025-05-17 07:09:11,f07e24ddc91ee9599f7ee5e41fe3012dc89ed7578fa7def36807efc1d8645820,897071,7753559.0,121.0,1.6e-05,1,1,191
2025-05-17 07:09:11,075571a80c846d310bf5c7eb5d2591477d23248697e9b855981cc4e893060d20,897071,37133.0,121.0,0.003259,1,1,191
2025-05-17 07:09:11,d486d9476677b79b2792c69e47625c6790a548974ca39d78a44e7e57133afe1f,897071,366410.0,121.0,0.00033,1,1,191
2025-05-17 07:09:11,ccc2bc84fdee362a5a39a9cd1cdc6ef8c66a3115b5a9ab31705f463300f5971c,897071,17745.0,121.0,0.006819,1,1,191
2025-05-17 07:09:11,259f7e8254488ba13755b92948ba88c4a73206f67776b862234ff0ed8a19ff1a,897071,258437.0,121.0,0.000468,1,1,191
2025-05-17 07:09:11,b98b0a16936a3c19fba22e105bd24e0cbd679803dcafe8b95341d7bf1c2da81a,897071,25305.0,121.0,0.004782,1,1,191
2025-05-17 07:09:11,fb0b1058b12c4cc4c28ebe31cb2099edde09e975340760d4e16ff2f14a008519,897071,102862.0,121.0,0.001176,1,1,191
2025-05-17 07:09:11,91528f37fd009ab23c53f99d0bf65d48789f3f9a526362dc534d90486db47b18,897071,527350.0,121.0,0.000229,1,1,191
2025-05-17 07:09:11,1b1ef85ad9206c01858ffa4cb414f0a5a8f7dc2ea3517dfc977155088197cc16,897071,19717.0,121.0,0.006137,1,1,191
2025-05-17 07:09:11,2d373e69c82ddb0e4cd2a91fa7eb814051cf9ed3d11b7df9aa03b59437787816,897071,315659.0,121.0,0.000383,1,1,191
2025-05-17 07:09:11,2ff8f0991f8bc2ba65bd5ed9cdf9815bbfd6ba76776870e683cc73e380a62816,897071,23740.0,121.0,0.005097,1,1,191
2025-05-17 07:09:11,91f7ecf0ae914149a23fab77f4a462d02a8415442b8df61107434b6f2a781914,897071,1254534.0,121.0,9.6e-05,1,1,191
2025-05-17 07:09:11,7607e3e461a9ee1aac6cef049bd5281b7b4b76899e81d22606b5261bd351a108,897071,196014.0,121.0,0.000617,1,1,191
2025-05-17 07:09:11,4756f7d2a1b6b93e9f83204d7b356d888ad04d8431bde8398d1471b0df5e8107,897071,95788.0,121.0,0.001263,1,1,191
2025-05-17 07:09:11,ae62bb4a016f473de53498e8b01f9b54d4914a58fae56ed7df38519366897d05,897071,217236.0,121.0,0.000557,1,1,191
2025-05-17 07:09:11,e753c26b05c2095829a114964ec8b4193a5f7ce7521e9a543db60bfec2dad601,897071,97279.0,121.0,0.001244,1,1,191
2025-05-17 07:09:11,78d92a1d6fa73313069dd9198de31b2fb6e348ba72c6bd887ca9d0f963842b00,897071,103379.0,121.0,0.00117,1,1,191
2025-05-17 07:09:11,b85fc3a35b249a916122c7ea1a09851f64775baa40924cdc7aff6d1620304bc4,897071,4283454.0,582.0,0.000136,7,1,1095
2025-05-17 07:09:11,b886778d9daab1d0051f5da3508e770624f3d5847032cb3cd52e990281d95f3a,897071,568809.0,208.0,0.000366,1,2,379
2025-05-17 07:09:11,0c09c6b7f1cd7405d1d4f10e1cd18f7d7fcf6e12a6413c62c02667e81a4f8503,897071,91294.0,186.0,0.002037,2,1,269
2025-05-17 07:09:11,5e872d1c63a5f8d3c83a7f5939f9b9022ebadda1f4e44a57081b4b87b393ba29,897071,6270739.0,4145.0,0.000661,44,1,7316
2025-05-17 07:09:11,fb56793be527f7067f5d012f9d669e01ef53ad612baffef8d28b87afc4f784cb,897071,180600.0,229.0,0.001268,2,2,370
2025-05-17 07:09:11,b86a4b9cf24c3c3bca76669d551a1702d6ba70c0a91e38dfa92928df3e5c7a16,897071,3708312.0,2594.0,0.0007,28,1,4615
2025-05-17 07:09:11,841fe9991ca2ba7b2923f06b6cd2fc8a5ae72befc1db7f060d8d6b577f0e9e29,897071,27045693.0,3703.0,0.000137,40,2,6590
2025-05-17 07:09:11,6d179768cbcd2a50a85d8a4e6cf09da3086e35c789ecccde2e4d8a9409fad9e4,897071,7470565.0,4398.0,0.000589,45,1,7624
2025-05-17 07:09:11,11bb8e964d0663cbe2414547c4b35eeaeb66c5014a93e4f8c876f70746ebc74e,897071,34117026.0,3630.0,0.000106,38,2,6359
2025-05-17 07:09:11,9580216c4e413dea6fb82d62e3ce6f4c95a274c0c895fa6803885e3fe7a6e960,897071,6885379.0,4322.0,0.000628,45,1,7549
2025-05-17 07:09:11,bc11d1ce949927d488a8c00e478c6943cd566bdadbe1b342f2d2f077f3efd832,897071,5287432.0,4527.0,0.000856,45,1,7740
2025-05-17 07:09:11,f62d49c5052cd09903a0dd120483f6b8dec9221b077cf122b1563858c036d813,897071,18483736.0,2577.0,0.000139,29,2,4674
2025-05-17 07:09:11,5e86a9b1c987d309ec81a11b3988549be0f80b2ed754fd5fdf8895760561be87,897071,5238368.0,4298.0,0.00082,44,1,7447
2025-05-17 07:09:11,2c424f190b6d2922f64ebcccc9282bc3b63fd8dd5395d1d65ab67d0d6827ed4e,897071,586112.0,1091.0,0.001861,14,1,2115
2025-05-17 07:09:11,c75118e37cefa8a064d23443b2036711c5bf56e9c1aaffc5cea08726cebc3f1c,897071,9126018.0,2181.0,0.000239,23,2,3836
2025-05-17 07:09:11,1121c178afc97e7c475198a25facb26a0b03382cc65b2fa0821ebd85ec454923,897071,2001987.0,16612.0,0.008298,221,2,32892
2025-05-17 07:09:11,77b7131f94540c7242c4bf4505c1d75e2d26d24d2ed7f8ac9931011f44b26122,897071,6279099.0,4250.0,0.000677,43,1,7318
2025-05-17 07:09:11,ed1aaa50a26f0310ca40e333bd0a71c5039d8ef602f4978f50bce1c893f5a1c1,897071,116168334132.0,2645.0,0.0,13,2,7707
2025-05-17 07:09:11,5ee20bae3d1f4757aecb60175aa34f56473f59d1803435645a5e49341f5f8b9a,897071,2022860.0,755.0,0.000373,9,2,1410
2025-05-17 07:09:11,26e39f677d287de194a91d7a78f35d1f6e0c41d1dd8ca28f87263a8903c57e85,897071,519734.0,170.0,0.000327,1,1,370
2025-05-17 07:09:11,a63f411f6c18a2babb0b844be0059cc6d1ddc3eb8506d16a40cf4079d1e50b1d,897071,1445718.0,2814.0,0.001946,37,1,5519
2025-05-17 07:09:11,8935bf07e9036a5f9517b3f56a061e75f7505f635fe953fd977f295e8b0a4a0f,897071,5921031.0,945.0,0.00016,12,1,1819
2025-05-17 07:09:11,f3d5ee60548a5d306bd3a0d85da113cbbe366ad78eadfded4f9286dedab0a9bb,897071,2917159.0,10328.0,0.00354,137,2,20349
2025-05-17 07:09:11,d93a70623653eb90da5fcb658841153ab15f83a7a40cf6e00daba5907f79c0b8,897071,646815.0,200.0,0.000309,1,2,346
2025-05-17 07:09:11,661a0897dc4a6a281ac5b5a41e4385419ccd6349fe37760274eb4db127b73a8d,897071,34449.0,1331.0,0.038637,20,1,2195
2025-05-17 07:09:11,7827077af6c33ad494a7a8dfe43983e4fe54e80ec03d0120237e7862f2acf43d,897071,294.0,170.0,0.578231,1,1,309
2025-05-17 07:09:11,7b1b1c12e04e8ba74ce058759109e513dd4639508e6996c14a740a2562c07a88,897071,17660.0,153.0,0.008664,1,2,234
2025-05-17 07:09:11,4a40ca0818f3966a1fda671a567b33bb22e2c35721e53aa6c8e44eb0c2b08026,897071,294.0,170.0,0.578231,1,1,309
2025-05-17 07:09:11,2b84447eb04d45e684b7eb3537e132b640d4b51722c39a06b0ea1ad152271865,897071,7346.0,153.0,0.020828,1,2,235
2025-05-17 07:09:11,2d72ec263b3391007b4b35d13dcf55f46b3fd0048e052be9eafec9154e58bacc,897071,289262.0,208.0,0.000719,1,1,188
2025-05-17 07:09:11,eeea8f2105539ecfa095e559cc385a66f6988ec21a6582d1070d0741a1d9bb24,897071,333140.0,208.0,0.000624,1,1,188
2025-05-17 07:09:11,958304c9a8dabd77514518e606ecc6fac2cf64a9ff2ee31e4e430aa23ebe3ff9,897071,43034.0,696.0,0.016173,10,1,1125
2025-05-17 07:09:11,82c7082d5a4748f181732d977b09cb75f202e4af37cf8f7e3d1bb1a49950f5f4,897071,43034.0,696.0,0.016173,10,1,1125
2025-05-17 07:09:11,476d68b84d08ed92f1af29f2a3d9a4e763ff68ae98e49242090a40878d2d7df0,897071,43034.0,696.0,0.016173,10,1,1125
2025-05-17 07:09:11,fa65392e2b8b14bb9a7e1f0eb04b2c27c8e624fcf1558f89be3a752d7da379bd,897071,43604.0,696.0,0.015962,10,1,1125
2025-05-17 07:09:11,23e31152e6b2e3c11722a86af253a5a0eb953995c187c44216e2eafd4da0fa88,897071,43034.0,696.0,0.016173,10,1,1125
2025-05-17 07:09:11,4661f1c3e018374dcda1801f98d94c23f42671448dbbdc9a7774e68fe7029a71,897071,43034.0,696.0,0.016173,10,1,1125
2025-05-17 07:09:11,d24bfcf148ede3e586a6dbaed1ccd01c3d1e61127d9684e4ad9d98e6323fce3f,897071,43034.0,696.0,0.016173,10,1,1125
2025-05-17 07:09:11,2df22b395f3db30b74d9cf0b051008c40a8bff94ef39d501c1dc2e555bbca827,897071,43172.0,696.0,0.016122,10,1,1125
2025-05-17 07:09:11,7bf7a5b5cd092394564f5500c35728335bf58304fe1f6c102b56faf57df22821,897071,43034.0,696.0,0.016173,10,1,1125
2025-05-17 07:09:11,ac838004bf36421e1e4d2822d032c55a39bf9340de0e7e46c49a5d07c7df2386,897071,170470461.0,373.0,2e-06,4,2,567
2025-05-17 07:09:11,0c1379e063b2181f624be6d27d09ac8819b3fca0803446bedc06b33300528255,897071,261231.0,734.0,0.00281,4,2,663
2025-05-17 07:09:11,3032ccd0dfbb8bcf175bf6a596df61f0a63a162bd221a92202ad20a0750874fe,897071,522937.0,196.0,0.000375,2,1,339
2025-05-17 07:09:11,a1c1374d16b51866c2b57769ab6afccbe4f558f2dd24ef7f143060dfa986ae46,897071,475013.0,196.0,0.000413,2,1,339
2025-05-17 07:09:11,cd6fb77fc7aaf909194195a53667b001cf1c3dfcd89ed963174ca01cc56dfd1c,897071,18799164.0,2036.0,0.000108,12,2,1838
2025-05-17 07:09:11,d394ebb13259df43e1c252c7ca54c6c1ac6fb2c2b9d8a9d9e95486bb058293fa,897071,191113.0,123.0,0.000644,1,1,162
2025-05-17 07:09:11,2ae6c8e0facc32b17ff5136c02f4224f174f7d8d469748e5ffec1ec6bca434ec,897071,191113.0,123.0,0.000644,1,1,162
2025-05-17 07:09:11,7386c0dfd5cbff54085af616481bc97a09a8b32f71b49db2cd77dd0e4235f193,897071,191113.0,123.0,0.000644,1,1,162
2025-05-17 07:09:11,d3837bfface64001e36fadbb062be675e987bff1151ccfa6aee51fea2f8c2174,897071,191113.0,123.0,0.000644,1,1,162
2025-05-17 07:09:11,54af9f3f6f22e617cd9de1983fa362a1c5662e4612d9fbe714ca34f740f15b72,897071,191113.0,123.0,0.000644,1,1,162
2025-05-17 07:09:11,02157cec45c361171a245ff885dc36702c6a82bdc253eeca73f5d23c68a4d869,897071,69822.0,123.0,0.001762,1,1,162
2025-05-17 07:09:11,e53b2d02d3290f9962d717838500d48209cff05b061209226be81dc97eff823d,897071,191113.0,123.0,0.000644,1,1,162
2025-05-17 07:09:11,19d1de5f07c8466cc34135599d1dcdf279036c7cad9f8eae46cde252315e1d35,897071,191113.0,123.0,0.000644,1,1,162
2025-05-17 07:09:11,1302ff4c91f0111c2ebef70cb1924de71aef38ac25bb855e885aef06bdde60ca,897071,16974.0,235.0,0.013845,2,2,312
2025-05-17 07:09:11,8fefb036ebc96ff4adf709e2b9a1e38d0ad41d9b782a4838ce94bb12e3f9113a,897071,449787.0,213.0,0.000474,1,2,357
2025-05-17 07:09:11,cf392be822ea4a4760dbda0de7a41e6ab9722aae9c1b80a418b247783c571fdd,897071,253644.0,2983.0,0.011761,19,1,2857
2025-05-17 07:09:11,e2816d15fe87e61da91a0b85f0fe2c698ba42d7dc27138c556999b90a025f4c4,897071,199545.0,233.0,0.001168,1,4,310
2025-05-17 07:09:11,013ffe67b362a77bde6c1c57fe0997d137c6d3d5d011c34ec8eb9444b724a67c,897071,201797.0,168.0,0.000833,1,2,246
2025-05-17 07:09:11,5fef11cbd3643d53f0dbd45f857ac30815107d659dd07c04c99d1b14ad47664a,897071,48026.0,167.0,0.003477,1,2,245
2025-05-17 07:09:11,c82f145fe95508ee58fcff0ebdd4c91a39530f811fcf80d8a6a27c097b1a0233,897071,2552788.0,13588.0,0.005323,146,2,25040
2025-05-17 07:09:11,5b82cc5c83acf22275f21c2e88aebd3c2c20dffea99d66067874d607817aa430,897071,1850525.0,2791.0,0.001508,29,3,5065
2025-05-17 07:09:11,f68a918eecd26f64b95e6436b411f3817f67a4065da30e2f1990921bd9d58924,897071,181833.0,167.0,0.000918,1,2,245
2025-05-17 07:09:11,55963041819237e7c1b3ef7be9ae79699e2b7ed6926fdc62bd33d348f55dcab1,897071,8924.0,121.0,0.013559,1,1,190
2025-05-17 07:09:11,4d06505b7c0820bcb1ffe047ad813e64f01096df394609a37ddec7f6df4abce4,897071,330.0,169.0,0.512121,1,2,220
2025-05-17 07:09:11,94d6f0911d794c2514660fa52b17784936686f4d9ccc7cc3cd2a2f089963aefb,897071,105436.0,142.0,0.001347,1,2,193
2025-05-17 07:09:11,7e9be136f001657cd86d4a5b411e2ce69a2052a135e8a0fdebffb89a67f85d1e,897071,18865.0,219.0,0.011609,1,3,248
2025-05-17 07:09:11,98ca0376ffce658c0b4261c9aac70210f6745c84dbb5ed33b85414b6565a0ea3,897071,64260.0,148.0,0.002303,1,1,214
2025-05-17 07:09:11,1d2d9cadd668845148af0607b6ecc0aad27534b9621c09ce695f1b6d04358202,897071,2831.0,445.0,0.157188,6,1,697
2025-05-17 07:09:11,e2ddb5d2b75a57f1f1a516bb091de8935059e18dd55bece464d93d59f62a568a,897071,420410.0,232.0,0.000552,2,2,370
2025-05-17 07:09:11,f8cf7d66ec74145d6a3d63acec7b8f2f733bb0dca52a63731387dec42d6e6086,897071,330.0,157.0,0.475758,1,2,207
2025-05-17 07:09:11,877abf33b0eea3a313b583ad241ee91fc1964e29f5bdc24253d94be1e1d2422d,897071,51844.0,141.0,0.00272,1,2,222
2025-05-17 07:09:11,c638a9a118d97d8d56c795d5b5317e4c709c4c1cf68e108c3cfc3093f9dc1b2f,897071,330.0,157.0,0.475758,1,2,207
2025-05-17 07:09:11,eacaa4916fa9a27f37a3e0f57577b205b9b34e4052ffba796ace861bba0a045d,897071,32270.0,141.0,0.004369,1,2,222
2025-05-17 07:09:11,fff5d60c15417b38b098e491fc59086131adf3ac3c257d96a14bab559c49476f,897071,9231000.0,124.0,1.3e-05,1,1,192
2025-05-17 07:09:11,79b73ef9952e9125c40f7b6343cf9db6de974bbbe91c2b11347839b43cf0d6f5,897071,153901.0,268.0,0.001741,1,4,389
2025-05-17 07:09:11,d93242a27172fb5014f34d76ee574d7826b52447fe4ba187b66a6bb60a835671,897071,154499.0,223.0,0.001443,1,3,370
2025-05-17 07:09:11,dbf71f663d3a9c62926f7b89c799f670a706e3dcaadf1d32fbaaec0295638fd3,897071,155052.0,223.0,0.001438,1,3,370
2025-05-17 07:09:11,c0745c38d463a3e97c7ababac1595186995e4fa5488ee96270f25a380725d187,897071,155605.0,223.0,0.001433,1,3,370
2025-05-11 15:59:08,21f0ee7ee0863899119241badb9bcf2ce00c045102a2b72bb28bbeb3751b38f7,896278,396413.0,156.0,0.000394,1,2,205
2025-05-11 15:59:08,1b1b6bad2311e356c6552072d72485074a91260ad439ab703527d34426277fc9,896278,396569.0,156.0,0.000393,1,2,205
2025-05-11 15:59:08,e0d16bfc71b744a2f3e6bc8f5b357aa3597a1adcf1c914c0943189266a43afa0,896278,396725.0,156.0,0.000393,1,2,205
2025-05-11 15:59:08,8f0a4ae7ae8dc5cde19d836882b19d2725a7801ce0195c3c84efb17d4f81c793,896278,396881.0,156.0,0.000393,1,2,205
2025-05-11 15:59:08,f8cd4e1603c07bcbdd34435219fb890c4eb103448f237643023e7c48209dce91,896278,397037.0,156.0,0.000393,1,2,205
2025-05-11 15:59:08,dbc63635e4a618d61e1f13cf8e02031405dbc90b03c06192076f7bc7a3fc8bf7,896278,397193.0,156.0,0.000393,1,2,205
2025-05-11 15:59:08,d41f93603860d037a0b4687bb76a1107416d3d1c3b801767baa3e3f1a7b4c5b7,896278,397349.0,156.0,0.000393,1,2,205
2025-05-11 15:59:08,f66c1ea1dcaa1c356f1502a111091e22f69043d9935ff7055558889e32ba644b,896278,397505.0,156.0,0.000392,1,2,205
2025-05-11 15:59:08,06fb3ccc597a44a37631210565a8e7e11e4afaaef9dafdb979d8b0811eae3a13,896278,397661.0,156.0,0.000392,1,2,205
2025-05-11 15:59:08,a64126c4589d4f8890db0f4486cd950d33fdd4deffdba8229aedf99b61c2c592,896278,397817.0,156.0,0.000392,1,2,205
2025-05-11 15:59:08,87ae4adef9649824b6d02723faa20b5f1d15f3182af773af7af6e04919b66b67,896278,397973.0,156.0,0.000392,1,2,205
2025-05-11 15:59:08,f16ec614e1f19fb2fd7f96e22e60c007d1d087ce73ca6f6bb8afd450c9ff3ba8,896278,398129.0,156.0,0.000392,1,2,205
2025-05-11 15:59:08,96fa096a0bd9bb55058a74142b69bdd1b2741522d72f79785ac1a1dc4bd30b36,896278,398285.0,156.0,0.000392,1,2,205
2025-05-11 15:59:08,ff2b9e1a536bd488a3ff4cb5b1d6ee0a03fa22ad61217514a91a25ab801300b1,896278,398441.0,156.0,0.000392,1,2,205
2025-05-11 15:59:08,1d42fffe052427201712187da7836ba7d6dac7e0315de1b4537b162e48f886aa,896278,398597.0,156.0,0.000391,1,2,205
2025-05-11 15:59:08,1293a9717efeab92db7187aee0930b027e053a303057da6eb86e2ede535e8fdd,896278,398753.0,156.0,0.000391,1,2,205
2025-05-11 15:59:08,33f14b81868077815d17e1af74b84c8023c2917d63b09629678417b4607cf87b,896278,398909.0,156.0,0.000391,1,2,205
2025-05-11 15:59:08,ec9ee6ba15c60935d6a815717d3663b4c492dcb5ab1856a47460fac94034fb9d,896278,399065.0,156.0,0.000391,1,2,205
2025-05-11 15:59:08,1fedabb53fbf4abfcee8b70f6540d1129b2eb62932131c8fb7b581c785525b50,896278,399221.0,156.0,0.000391,1,2,205
2025-05-11 15:59:08,7efe6581e6cd5dce60b80b88dce69923011f6b9713468d6c047fcaa450795621,896278,399377.0,156.0,0.000391,1,2,205
2025-05-11 15:59:08,32327b4d0b81e1c806c4520bb8ecabe4af85f2108d5725c3eeed7dd9c3085313,896278,399533.0,156.0,0.00039,1,2,205
2025-05-11 15:59:08,a69ad8eba14977fc9a0db679526244bda3f8ad74912ee8d16ca81717898de8ff,896278,399689.0,156.0,0.00039,1,2,205
2025-05-11 15:59:08,277d058cc8acf956cd564fd4df3a4cf2130477af6a6fb42ebfc66ef08d19427c,896278,399845.0,155.0,0.000388,1,2,205
2025-05-11 15:59:08,9bcd22ada6aa5d89d960a5928013110960986be518ab845e856055ca1226e745,896278,396257.0,156.0,0.000394,1,2,205
2025-05-11 15:59:08,4a05f328c78ebb67da74f011021e63fffb5248107cff80f476076d313c6556ff,896278,396413.0,156.0,0.000394,1,2,205
2025-05-11 15:59:08,2151000bc351e96b82a9a468bf6cdd777918bdefee39ef53f3bbb82256ed0daa,896278,396569.0,156.0,0.000393,1,2,205
2025-05-11 15:59:08,a0fee0387560dbe54d3ce70dca78ef95a054ef63b7eee9f2fc39746c3abb9c4a,896278,396725.0,156.0,0.000393,1,2,205
2025-05-11 15:59:08,e6c8b4c44209ce6dfd269567fc4ceda0737c7ac7be04ff74f579923214a396bc,896278,396881.0,156.0,0.000393,1,2,205
2025-05-11 15:59:08,140310ec5a20f5e1ece97786af6b106ca2633013a0116be3a66c6ba15c98568d,896278,397037.0,156.0,0.000393,1,2,205
2025-05-11 15:59:08,7a70b08d80c6efa3b6b04c70b59e160bc5b8461003f6b419cfb9d208575487ee,896278,397193.0,156.0,0.000393,1,2,205
2025-05-11 15:59:08,6904252b59d3c03eed6eb6f409e2dc20f9e39d159086a6a154e1fd414cb86bcf,896278,397349.0,156.0,0.000393,1,2,205
2025-05-11 15:59:08,fad2cdc9642e59cae89cf070913cc88a6e141193494f518f9bfef669e96d4692,896278,397505.0,156.0,0.000392,1,2,205
2025-05-11 15:59:08,6f512415b78c5b64aa14592d22124dad2f50dccc70d0cc8e1e35b4a39feaa057,896278,397661.0,156.0,0.000392,1,2,205
2025-05-11 15:59:08,149a89b120afda6567a5696eff96fccfb7506c7a6bda9cd10b3f9ea90c309179,896278,397817.0,156.0,0.000392,1,2,205
2025-05-11 15:59:08,b48eeedf66a81d52bf3fa4b8ba35f254457d528dcb118655d66a501ddf3fae65,896278,397973.0,156.0,0.000392,1,2,205
2025-05-11 15:59:08,1c22329922df8d466e431d5e90689cdcaccf98791ef80aa2c339903daacde07e,896278,398129.0,156.0,0.000392,1,2,205
2025-05-11 15:59:08,b8c8f5fe318911b2ff2af36afc6ec7976dc279dcd63bcb40b14fc3200c1476fd,896278,398285.0,156.0,0.000392,1,2,205
2025-05-11 15:59:08,eaccceefa54ad029522e0e5536edf068fc10c5b7dae4e8ca8ce64420f134ad3e,896278,398441.0,156.0,0.000392,1,2,205
2025-05-11 15:59:08,597b76c320ec99db3e57653ca823d7240089b866671f9d2a1597910200965083,896278,398597.0,156.0,0.000391,1,2,205
2025-05-11 15:59:08,fcca1621acdb6fd833452e6bd585768b09b6f7d80f8817714d8e7d1743de5afc,896278,398753.0,156.0,0.000391,1,2,205
2025-05-11 15:59:08,5b339b9fd82802848b52118543427e836fa6105ef5f2b74bfb4c8d546ef896b0,896278,398909.0,156.0,0.000391,1,2,205
2025-05-11 15:59:08,8ef63a904530e235cbf1eba6e897f8c3b7de0298210dbe0e894def77ba18dbad,896278,399065.0,156.0,0.000391,1,2,205
2025-05-11 15:59:08,d08f1b08b2c96d25f0a675188b61f65e9353e1ffe78ed1cd06d3e9f1bc1f9ce0,896278,399221.0,156.0,0.000391,1,2,205
2025-05-11 15:59:08,37e96800362f7d91a85a0ec9e924fe19921914ef3f15477000abe424938f40b1,896278,399377.0,156.0,0.000391,1,2,205
2025-05-11 15:59:08,502351fea8c37cf02328246221da0661f4846e7b795393adbfe64d722106072a,896278,399533.0,156.0,0.00039,1,2,205
2025-05-11 15:59:08,1f164db8b7c42ed19b5ea60b9910fc89177933dcf7600eef37268d3f091bee5d,896278,399689.0,156.0,0.00039,1,2,205
2025-05-11 15:59:08,0a32251a620cba019f251da7c9bfb1a267d8ff98ad87706029c59737cfa684db,896278,399845.0,155.0,0.000388,1,2,205
2025-05-11 15:59:08,3308395c6f33ea761d3c4c238570952b7dcd0f748c8ab1f374bfd08cd4e28132,896278,396257.0,156.0,0.000394,1,2,205
2025-05-11 15:59:08,52421e8ebd2ef065dddfb3a73c693bffac726968c365e33fdb6e6de74b221fc4,896278,396413.0,156.0,0.000394,1,2,205
2025-05-11 15:59:08,5533e215043ad5cec17af60dfe9af9f4a51f112f76216c11ca1cae90563cfff4,896278,396569.0,156.0,0.000393,1,2,205
2025-05-11 15:59:08,cad124ee824e2d18a759bc609bb7363483f7c7de57c4998f7abd26ee46f8e5cc,896278,396725.0,156.0,0.000393,1,2,205
2025-05-11 15:59:08,9c0a8190f27a5bc467004137d1a8b110129515f0a0235b6fd824c26d2bd86cf8,896278,396881.0,156.0,0.000393,1,2,205
2025-05-11 15:59:08,a865930eb0e5b69ba69017d0002a4656bc156748491e1907eed49d853b8b3678,896278,397037.0,156.0,0.000393,1,2,205
2025-05-11 15:59:08,96d88bfba7f31f1404cffd3867edfd3eeb4506bdcb430c416c24f9962f37d16f,896278,397193.0,156.0,0.000393,1,2,205
2025-05-11 15:59:08,ea7db6eb420473790f996a0186fe94a78c73a01ab320d1b407d154a810a5fcd5,896278,397349.0,156.0,0.000393,1,2,205
2025-05-11 15:59:08,09bfb6b42114aa72fe9e4e52a6aded5daef52edf619ccf668be913bce4c8b5eb,896278,397505.0,156.0,0.000392,1,2,205
2025-05-11 15:59:08,e24d6b613b30a490e2f67f2d0dbce2644457244b2b796f74c0a26f18c1abecdb,896278,397661.0,156.0,0.000392,1,2,205
2025-05-11 15:59:08,15a40d894f5426c1a921a09ed9783a6fcbbf313bba34ec891c3c8916bf48e5e4,896278,397817.0,156.0,0.000392,1,2,205
2025-05-11 15:59:08,2bc8fc9614e4da57d7755c3e2db3af15369220379a7922edeee07b96bcff1df4,896278,397973.0,156.0,0.000392,1,2,205
2025-05-11 15:59:08,37fc1267a6fd748b9fc67d805afeb9ccbe5db1a33db0d54ec1eb653094c971a8,896278,398129.0,156.0,0.000392,1,2,205
2025-05-11 15:59:08,4f40f014d31ec823c0d33bb4775a3f067a7315604f1118907f86ef91551b60d6,896278,398285.0,156.0,0.000392,1,2,205
2025-05-11 15:59:08,f50bb96028f7c9182fcabd3f8feb604d307a1abe17274af208df94fa368825db,896278,398441.0,156.0,0.000392,1,2,205
2025-05-11 15:59:08,b888724e87ac68aad90a6bdb8b4dbc34b91b3f88f81ce6391963fd1b1011180c,896278,398597.0,156.0,0.000391,1,2,205
2025-05-11 15:59:08,b7950395b61ad13bebb06bb490379b3739be01ef83fa002bfa1711877caef36f,896278,398753.0,156.0,0.000391,1,2,205
2025-05-11 15:59:08,4556ad88839c427ff45755d2b87fc310a8ad7fd563e7de847bb666e839447d8a,896278,398909.0,156.0,0.000391,1,2,205
2025-05-11 15:59:08,d416259126f15c6635a13e33143aa616715e0251422d738e86651022deb1a2b2,896278,399065.0,156.0,0.000391,1,2,205
2025-05-11 15:59:08,737f8ac534d7a31598a88c810679cc239b45a51a43de0d60ca47219f218b662e,896278,399221.0,156.0,0.000391,1,2,205
2025-05-11 15:59:08,5c9d5d04bb9bab02e1995f731e41aeaa21c82d280f0ce5e83454e4c9d3b701f5,896278,399377.0,156.0,0.000391,1,2,205
2025-05-11 15:59:08,7f68fec2169eccb11cb570d0295a94324cece90f7554ef119a4b8dc0c978d6f1,896278,399533.0,156.0,0.00039,1,2,205
2025-05-11 15:59:08,c118ab0028794ec8772b8999ef4095498ecfba07ff9edf734b15bcbbdb42339f,896278,399689.0,156.0,0.00039,1,2,205
2025-05-11 15:59:08,5c150a6f6c6ad09617953d440b43cd787e8738908b9db905f8ecc4b5529eb540,896278,399845.0,155.0,0.000388,1,2,205
2025-05-11 15:59:08,95e5f0ec93d638b8ff01c51b9a0d6a8f7a20c84513b142890546a8ab216be842,896278,951524.0,593.0,0.000623,7,4,933
2025-05-11 15:59:08,3564d1ba008493ecd8140c15916dc067480293ca445318c658b34f1dadbcda14,896278,37854.0,146.0,0.003857,1,2,226
2025-05-11 15:59:08,1a9b1e2791c366c490c1d9eaf7083b345500338c8bbe5bdd6796725a569766b4,896278,189817.0,144.0,0.000759,1,2,193
2025-05-11 15:59:08,3bd0c571ff0ca5dccae1bac93f274e3428043aea786d66fb13b8670dab67e06c,896278,129572.0,144.0,0.001111,1,2,193
2025-05-11 15:59:08,173bb0aad7be53400eff85ca68e88c9c1509035c413080a1ada120ba6a51fa0d,896278,55348.0,143.0,0.002584,1,2,222
2025-05-11 15:59:08,400100ec989306d680d489f5a7bf4bd533ed0df0a186a94d119cf9e9d0705d08,896278,14317.0,143.0,0.009988,1,2,222
2025-05-11 15:59:08,efff94bf66adcb692eee6744a3bc2d0aa5b674af9a603be66ef6839a074ec974,896278,600178.0,210.0,0.00035,2,1,422
2025-05-11 15:59:08,6243fcf46752d08fe56c702298e16a16b16b6aea1212ba9ff9a7620fcf975085,896278,198995861.0,1062.0,5e-06,13,2,2090
2025-05-11 15:59:08,4ab25b596c03bf80f3da76df16bc07f8f47572a47d4cd7961c3f2b7b14db1004,896278,444889.0,264.0,0.000593,2,2,422
2025-05-11 15:59:08,0d23d9f771efda265e2dc8b778ec696c827d5ff6f3aa77d3fa1d5d9d93826e34,896278,34880250.0,4074.0,0.000117,58,2,8685
2025-05-11 15:59:08,45157b614c6a945e6092f594260a6910add8b3f7cb813584ba8c49660b40682c,896278,5009757.0,184.0,3.7e-05,1,2,346
2025-05-11 15:59:08,e5f978925d7b0290a4f6d5da693ab528ef7375eafb3d9d9a599f58ed9be91001,896278,25578.0,184.0,0.007194,2,1,343
2025-05-11 15:59:08,e692078ffa0ac230abd87004991ba73f72f16ea6782cc95392f27528670efc69,896278,295122.0,173.0,0.000586,1,2,251
2025-05-11 15:59:08,49a4fd01867c6da665b764b61d25593c8dc3dd3d52b3dfacce1d1e77867707e1,896278,55030.0,115.0,0.00209,1,1,195
2025-05-11 15:59:08,90474fb61b5654ad80791793c5306ca6d111f3cf67766a0df3d6c8539f73bbd6,896278,202528.0,113.0,0.000558,1,1,193
2025-05-11 15:59:08,aaeddcf01a4f92cca07a01a3cdb2ab94b0655559311acfe65ae728925bcda391,896278,6758.0,223.0,0.032998,1,2,219
2025-05-11 15:59:08,493f43909cefccc18559a385e0ce62c34978a592206f580cee6774bd4a9f74bb,896278,108502.0,167.0,0.001539,1,2,245
2025-05-11 15:59:08,ef42e893b3790928eb55aa95a81a632d939c0e3425709616c89cc7faf7b5f305,896278,1444057.0,253.0,0.000175,2,2,493
2025-05-11 15:59:08,38c612c7ea697e41f718addddfbba108bc37fbe55de5b92b91afc603e6cea9a1,896278,1998856.0,144.0,7.2e-05,1,2,222
2025-05-11 15:59:08,74165972fb65f6e9485ace9f5acd06e4643e0fc74440fdaf7e21c8f9c583be05,896278,12436980.0,144.0,1.2e-05,1,2,222
2025-05-11 15:59:08,68d3a1c7386ea8fc7c462fea92f6b8b4856186bcb16d602c49406fb6bf1af113,896278,4671363.0,1010.0,0.000216,8,12,1387
2025-05-11 15:59:08,584af03fdaa77154c63ab98ee590098da391af23dfd2cb7fcfa00e6b2d815d24,896278,490000.0,611.0,0.001247,8,1,1243
2025-05-11 15:59:08,3c59e779d5d9e97283f43b0658332ffca3cf4e3a724f196eaba768643d64033f,896278,1826846.0,214.0,0.000117,2,2,371
2025-05-11 15:59:08,4de1327cbd1b40b44b64fc02428da5d8cb9fbe4687055df482e8355042043100,896278,453601.0,214.0,0.000472,2,2,372
2025-05-11 15:59:08,69f60c68aa2e9b1a4fd3e9dadab09160f96bac3e0e685728da5572639e088bec,896278,6131.0,113.0,0.018431,1,1,191
2025-05-11 15:59:08,2be1cbec562110de4d74f28d75d94a19d0c85c4474c0b6b903e5145614df3332,896278,3519172.0,158.0,4.5e-05,1,2,235
2025-05-11 15:59:08,251e92191313bc750840f45f86e4fdbb76087f4482dfdbffc28a1b988509b977,896278,3184421.0,149.0,4.7e-05,1,2,225
2025-05-11 15:59:08,3e7674ccb902fe755f07e9648ec4f3c73c5cccd6e3ef215eb870ac1d10e29cd5,896278,1732572.0,146.0,8.4e-05,1,2,223
2025-05-11 15:59:08,ab76d495f4e91d116d4dd37fa2be4c5bb21dbf816b5517fc48c523f74a4df6be,896278,52999.0,146.0,0.002755,1,2,222
2025-05-17 17:52:33,53b82aaf1a407d94092e1765701c31ce417c6c8ae3540d361ad2ed798d1d3d09,897134,141439.0,6061.0,0.042852,2,2,371
2025-05-17 17:52:33,83579387a35e2bd7a9dd40c8e49ceb45e224d3efa701187da65512e41e276508,897134,65911.0,4089.0,0.062038,1,2,222
2025-05-17 17:52:33,156dc5398f9dad5a5fc0814e41be7d1afefc7b43b23ad45a51aa40e87697b206,897134,4641.0,3219.0,0.693601,1,1,193
2025-05-17 17:52:33,fa58ec6248fd57e3606fc15c4da083b1773fb7dd06d3462219ce62beda2d9006,897134,2141640.0,5162.0,0.00241,2,1,341
2025-05-17 17:52:33,a445853cca8298e99350c5a99c86ef4d4ad389b9e5c5fc8faaead82bf1251c06,897134,84723.0,3277.0,0.038679,1,1,195
2025-05-17 17:52:33,944ba531ad14842a276e1a91d63a2aa6f3247f9533fd67e0747639ca1407ee04,897134,166399.0,3277.0,0.019694,1,1,195
2025-05-17 17:52:33,1658791e09dc5cb9578f5524f6b898adbf16a242e65e0e2a9c5b00926319b404,897134,1475242.0,4089.0,0.002772,1,2,222
2025-05-17 17:52:33,d0421f400be01d65f91a8536f6d4bd026ad8437bafe942b35a63692554926002,897134,959110.0,3219.0,0.003356,1,1,192
2025-05-17 17:52:33,eebb630551c7cb14520c3bf0ffcb158aae6c3736768376b7306b2850ea6d5a02,897134,648162.0,4089.0,0.006309,1,2,222
2025-05-17 17:52:33,d51f2b6f9e8604c3490c8fe9f44e9922bd23c7106ea989e3a2993e9859fde901,897134,85810.0,3190.0,0.037175,1,1,192
2025-05-17 17:52:33,083c415a6991c9deb3e033a383b8ece62c27de518c2172808d61d14154b09101,897134,130781.0,3219.0,0.024614,1,1,192
2025-05-17 17:52:33,f9dd3924c364050c5dd479961d5b92b7fd4175de87c3f4fa9e7ef5391eb75684,897134,200194.0,15022.0,0.075037,7,1,1084
2025-05-17 17:52:33,846de86f25086703860bf8c9cefee1032b68dbfb58ec07aeac0709411086c2d5,897134,18519.0,11078.0,0.598196,5,1,783
2025-05-17 17:52:33,a5dc168e780de80926c4dd1652749292dd0278dbc07e498353ad54e1de16d075,897134,60366.0,10005.0,0.165739,4,2,668
2025-05-17 17:52:33,c30f07c9aacc32bbbca238157e2dbf5a568122a0621ac4e67540d4a34924c673,897134,64246.0,9135.0,0.142188,4,1,638
2025-05-17 17:52:33,0518ad02475d5e01dc4696197638b6a9b34bef581381606825943f5cd3583757,897134,299629.0,8062.0,0.026907,3,2,520
2025-05-17 17:52:33,b0e71b85360321e8f5437e62535a690a9275a70d5c69e4c567d1f985f11190ae,897134,565514.0,8033.0,0.014205,3,2,519
2025-05-17 17:52:33,bf7f63d42bd566bf916ae42939e21f5a3f8dcd11ab6e5b22b232abe981fcc089,897134,208754.0,8033.0,0.038481,3,2,518
2025-05-17 17:52:33,15734a6331b746ffac85036e8ade799c98eb996cf24c92586d6485709a0119e0,897134,257753.0,7221.0,0.028015,3,1,491
2025-05-17 17:52:33,d1bd2449db7d545168994232e4258bcba00de94cf75f76aee45127d1e1024ed6,897134,1161323.0,7221.0,0.006218,3,1,491
2025-05-17 17:52:33,b2cc16fc83a8a684190f9881cec5b9a04a0ba65bd686472f31398f3d653add5e,897134,76868.0,7221.0,0.09394,3,1,491
2025-05-17 17:52:33,b691daee8c733e7d76a7d0224ef3600a8a65b4b4a8f10c0a2427edc767959b35,897134,20895.0,7163.0,0.342809,3,1,489
2025-05-17 17:52:33,4e1f39772ec2d624101abde699a24ebb6570563ec7a66b204de6c2dd11f3c05f,897134,3223866.0,7134.0,0.002213,3,1,488
2025-05-17 17:52:33,74b609a56b06513a3c30ac1ef316a01c1b9531dd351837bd8f4900c453bedacb,897134,5168391.0,13949.0,0.002699,6,2,962
2025-05-17 17:52:33,f74c6bfbddd218f7edc49e5a32c3359e6611470e34fd26b09a5afaa1708c74ad,897134,1178610.0,6148.0,0.005216,2,2,372
2025-05-17 17:52:33,016985c771340912d7e46fd04686b844315a48294a65a48f41658ab8436fcf8c,897134,277715.0,6148.0,0.022138,2,2,373
2025-05-17 17:52:33,0195a90f92946210ae282a978287c41b9f6e4d734b5146047e90a1ade97b3f1c,897134,390308.0,6061.0,0.015529,2,2,370
2025-05-17 17:52:33,0ac99f1748c34ec81bb666d5ae9411b9c8536e30e60599e9280121d4c4a7fb10,897134,24610.0,6061.0,0.246282,2,2,370
2025-05-17 17:52:33,658e395c5b6bb1cb6e12eeb995dca6f455b5a9c32e845f92f6746d42be00d601,897134,183693.0,6061.0,0.032995,2,2,370
2025-05-17 17:52:33,c1555f5e5bffb15414982de442c952dd3ef0231f4b69c08f2bb0cee6b1076398,897134,45175.0,5249.0,0.116193,2,1,342
2025-05-17 17:52:33,820819fa24e71ed7275fcfe9ce34868d5a30a528be5abc8ac4154c4ea575fccf,897134,245149.0,5191.0,0.021175,2,1,340
2025-05-17 17:52:33,fa46b492ae6e39978f37a09217951fd57c5f9d9644434720a8845f092977e282,897134,9827900.0,4089.0,0.000416,1,2,221
2025-05-17 17:52:33,a65db677f2d05fd4030f0b108621dff3c3eb356394031f5ee69324f84b5eb1d9,897134,664719137.0,31693.0,4.8e-05,1,31,1166
2025-05-17 17:52:33,cd814cd7af70a942010edb810ed385a2e8b2ec8ad2318967c3371278733bd73c,897134,440296707.0,22952.0,5.2e-05,1,21,866
2025-05-17 17:52:33,bb533aa95d9b8386942cc8a9bab32dba3ae10adbb51eb9ff4aa1edd2d86396c0,897134,95856.0,4144.0,0.043232,1,2,222
2025-05-17 17:52:33,60f42d8292f87102170ad772ba0a11e15347b475dbdf96a3f7227204c2b5f767,897134,1918926.0,4512.0,0.002351,1,2,235
2025-05-17 17:52:33,883468a96fb3dda3d561203f00f27610e0e2d04adf59e91cb3fa2c0c5c1fb558,897134,3688551.0,7952.0,0.002156,1,6,349
2025-05-17 17:52:33,de0c1a5e76dec5d1160af96bc4a02f4492f2a242d4e0fe2c7523c459e7ddbd3e,897134,344473.0,4289.0,0.012451,1,2,225
2025-05-17 17:52:33,db350d0fc6d97d024e99d6b5b89acbd24215be05541c0eaf145cddd9e2d2eade,897134,2273475.0,4230.0,0.001861,1,2,223
2025-05-17 17:52:33,32acb7b67ead66dfc5a77715b6b4b8650967da0435f5b50c697ae90d94d5a7c6,897134,523405.0,3300.0,0.006305,1,1,191
2025-05-17 17:52:33,ff0fd7613b04d7fbf85340bd9db55212a70c7fdcc9e285c0f5e0ab8d46acde6f,897134,63116404.0,17472.0,0.000277,1,16,664
2025-05-17 17:52:33,21494d969cf8d108aa9377fbdcfa4768963ff6b7b874f10af9abd40e34c0e1dd,897134,33875139.0,17472.0,0.000516,1,16,662
2025-05-17 17:52:33,29f3496f0226f4d5c15674fb5ce643dd831fe3c49a28043fbec03ce6d118530c,897134,1241064.0,15660.0,0.012618,3,2,518
2025-05-17 17:52:33,903b7d08f9bf437fcc12e8d66120cda86196f31b8c327f9a55798cfac1058fda,897134,49989943.0,4706.0,9.4e-05,1,1,192
2025-05-17 17:52:33,1c0391d85e0c3c83e95bb05327fa3d62d82028e5579474e5faecbc138e460762,897134,49994649.0,4664.0,9.3e-05,1,1,191
2025-05-17 17:52:33,5f1aba72252d381cf940da2eed74078ec4da42a8624401f7ddd144885fd75c6c,897134,49999313.0,687.0,1.4e-05,1,1,191
2025-05-17 17:52:33,3e08c06caa208b644d0b5e726a31c79ccffc50307b1a33c4ac2cc2b0a8d756fa,897134,76866241.0,4294.0,5.6e-05,1,2,223
2025-05-17 17:52:33,d7794b387cd0747607bb54668919578d5ec176dd6aad9eb823aa1173680146ae,897134,996411.0,3520.0,0.003533,1,1,195
2025-05-17 17:52:33,f752937af9c3dcbcac14eef5b969c642912b9e439896ef517669bc4c899838b9,897134,1173185.0,7888.0,0.006724,1,3,253
2025-05-17 17:52:33,9cc7ffb9c18e48c672cd42ede4cf30ffa8a4442c56f86333f013397bc7b61dd5,897134,1777491.0,22669.0,0.012753,10,1,1529
2025-05-17 17:52:33,d47f5f5ab91ec853bd3791c2360c91fa1e5317322f08e16200437dba16182510,897134,16295395.0,4512.0,0.000277,1,2,224
2025-05-17 17:52:33,08b5bd6bc0d6721d072eed895abc751fbd7cb48ab24aa24830af64c17665d1ea,897134,12248360.0,15116.0,0.001234,1,12,525
2025-05-17 17:52:33,ede54fdcd56c59ee4748d326b0e42b001b69762f4f241fff6f028969fb7f2164,897134,47929209.0,14800.0,0.000309,1,12,512
2025-05-17 17:52:33,f69b140ece4811d2e5121466b54d5ad35cfc4d0e9277f7fe7d2008d82a729b3f,897134,7906760.0,13344.0,0.001688,5,2,817
2025-05-17 17:52:33,90285cd9d8ef093685514683578b40087377d32fc1842dcf4ee28b5f873c3c58,897134,33843452.0,6660.0,0.000197,1,2,371
2025-05-17 17:52:33,18c3c3bc348ea1a22790be6dca72f84586f6820af9703dc61d57176e2157e907,897134,7354674.0,6144.0,0.000835,1,1,189
2025-05-17 17:52:33,93394fdc11c90565d8ccfeb027b89eb4cf3a6d9b5f8130c998cb0c1d0c9f69a4,897134,74010.0,7232.0,0.097717,1,2,222
2025-05-17 17:52:33,bc65d2db6b0026926ec56e108c132ce8441775a9062641caef582f8ea0706aad,897134,54195045.0,4612.0,8.5e-05,1,2,222
2025-05-17 17:52:33,e36da76afe861cbe8335e3e92caae88aef67331b9124e8f34f49072f64dc6df6,897134,996000.0,4000.0,0.004016,1,1,203
2025-05-17 17:52:33,da68259ee4e8586fabd3fbba9cd0fd98b4ad4a3be7489c44e89a8ab9bf6c5ff9,897134,56840380.0,7170.0,0.000126,2,2,374
2025-05-17 17:52:33,7d476f915b89ad0e3dc243b902d65294a735aa33929f0d7edb39dc5ce401aa6f,897134,28000.0,8178.0,0.292071,3,1,489
2025-05-17 17:52:33,9c404f95f6b44bf41540789480abf9d579b21eee95715c6a6124e4d59a545bf3,897134,67805.0,6048.0,0.089197,2,1,344
2025-05-17 17:52:33,2d79ba9393a9992759852a38c8eb2c2a9f956054df5a9f6d7ae0bff631191de3,897134,20573996.0,5557.0,0.00027,1,2,245
2025-05-17 17:52:33,5dcd037a5de9916b1b5da1628cf67d7435cc5c2d25623379d3dfdd21ce0bafc9,897134,52810.0,7048.0,0.13346,2,2,370
2025-05-17 17:52:33,496d2f58b14ebb213b75e6cae9f0c491785c2959bb6707fe14fb09ad0a2a28ac,897134,27639644.0,10302.0,0.000373,1,7,384
2025-05-17 17:52:33,634b5e42c444c95692cacc8ae65bc5ebff0000fea1b3b79bcb390bf9ac4d5559,897134,99714268.0,15588.0,0.000156,1,9,536
2025-05-17 17:52:33,f13b73c93c4a335edd82fe7fd82057345b7c0e18b1222049fd4111ad99d6b0f5,897134,956103.0,7672.0,0.008024,1,2,223
2025-05-17 17:52:33,f89e91cb530b1cff71b7a77b7a0822a3fb128258dfe40b8d4bb0330a8183fbf3,897134,1940880.0,7854.0,0.004047,1,1,192
2025-05-17 17:52:33,9ae294403d6af1024a290b6dc4399efd91be2af032daa9cea2a3c7a5a82db308,897134,1958423.0,1125.0,0.000574,1,2,225
2025-05-17 17:52:33,55a36fc471ef0e64e2135995a9d1f7ee36f35c802f8cf8ebdd85a4c1234f131d,897134,195000.0,6391.0,0.032774,2,1,341
2025-05-17 17:52:33,a83a68825c3927ecd74bae23402eee4a0a54d12182522a4c54d4b5831f5eb62e,897134,9705103.0,4068.0,0.000419,1,1,195
2025-05-17 17:52:33,6d52d642301b3b63d5161e6e678dc57b9b17efdd0f39bfe95cb5272c8ac971e2,897134,1413202.0,6621.0,0.004685,2,1,344
2025-05-17 17:52:33,1a580ec8897b3f048bec3161607d1b1c4dd474fd7d9f1e29ce42de2070deeeb5,897134,200497.0,4151.0,0.020704,1,1,192
2025-05-17 17:52:33,48d021eddeba5a6baa2bd558e6e3f77734445d2bb73ea6ee68de4b5024411ee5,897134,9550000.0,4136.0,0.000433,1,1,192
2025-05-17 17:52:33,ffaec7c9b5beb6f056ee6410f7b84516f059ece2e8de042c4cb165b9180104d4,897134,5325.0,4275.0,0.802817,1,1,194
2025-05-17 17:52:33,de4a15757d50359a1b9712e1f37833f98d4c452144e07762fe2e1f7dc9783bbe,897134,58131.0,4186.0,0.07201,1,1,191
2025-05-17 17:52:33,c334843fb4a76e3f0bfd2d93951d8b8a141f4fbb6e5b51a2c4427a56d2920c72,897134,23246.0,6826.0,0.293642,2,1,340
2025-05-17 17:52:33,6d5f49a95381f3a6adfa16b175a01d747d5addc89c27b31aba3b79368617f44c,897134,76550436.0,12057.0,0.000158,1,7,395
2025-05-17 17:52:33,18b93d30730ae9e872a1a743a274be3373cf302a3b7844c6d879c3e9c9e1e674,897134,55545596.0,13215.0,0.000238,1,8,425
2025-05-17 17:52:33,4d19859e321470e17245f9b8597c59364cee258617c89e93fe397015a4f08a52,897134,25879.0,4240.0,0.163839,1,1,192
2025-05-17 17:52:33,fe3eca640de19bd1074682acd83fd2746184c0daa44c1a714ffb22da93b36ceb,897134,35832.0,4286.0,0.119614,1,1,192
2025-05-17 17:52:33,722f48f7e80d3ddf0ce3ae27c0db52a8877983de35c36326d86c5df3a8575f68,897134,54678422.0,16688.0,0.000305,1,11,509
2025-05-17 17:52:33,dce36860617a9a84cc5601d664bc75f86086e6257bed6f2c6b9f919e39e3f8e1,897134,82459157.0,14373.0,0.000174,1,9,449
2025-05-17 17:52:33,aacaf79ac818bb4bb848d67279473de9b0db92a986f46b1c8e95ede9ddf105a5,897134,66003015.0,15530.0,0.000235,1,10,478
2025-05-17 17:52:33,02294480d9a9d663a6c1549a88715dc7899cdf18690e95c607bfbed5318343c9,897134,365793.0,8120.0,0.022198,1,4,289
2025-05-17 17:52:33,01923f866942cdd7a12f75f3b57586a76d2cb2449cfd2bd149a2316030768fd4,897134,94917413.0,12057.0,0.000127,1,7,389
2025-05-17 17:52:33,8fb69f94e66e7ed159c228300894b970aee307821ed2937c895b113b0a22b189,897134,34692304.0,12057.0,0.000348,1,7,388
2025-05-17 17:52:33,6f1fcfcd7c6b5d73d76ecba1c33b6f9cab1a584df47db279a5430059c94bbb2a,897134,10110878.0,7589.0,0.000751,1,1,192
2025-05-17 17:52:33,1385c85d5c0bf1fd20970c941063091b88426ac364ddfa2b30422c38fbc59581,897134,2572739.0,10990.0,0.004272,3,2,519
2025-05-17 17:52:33,270d0ec51f36a6fb753efb4f40e4ea9e3402239e7f2fc7105930799d3595c595,897134,701422.0,4512.0,0.006433,1,1,195
2025-05-17 17:52:33,7b5ce49bf1b773e28fa80f4ea024d5023fbaa2b69f73efc3b375a4ba9acce8c2,897134,1499971325.0,5640.0,4e-06,1,2,223
2025-05-17 17:52:33,3655e7208afb941592f1ab708bd8cf46e91730098c3c0cc97cfad6758106caac,897134,1233048573.0,5680.0,5e-06,1,2,223
2025-05-17 17:52:33,8d3f45cbb485b80980fb1ac7c86d53979fb5a47c00b4dd14bb1585d7e3159593,897134,92070.0,4520.0,0.049093,1,1,194
2025-05-17 17:52:33,51c559a5d3a3f209802e8293bd8416ac4c0dabead321c8872743c372f563b485,897134,95850.0,4438.0,0.046302,1,1,192
2025-05-17 17:52:33,0e9b15e916395fcbbe8e76769736edf7327f50df0b0fe424c4bc644b66c54cd0,897134,68654975.0,10899.0,0.000159,1,6,351
2025-05-17 17:52:33,f1fcf25fcebdaaae5c631e8c2708ca7f77b90edbef7880c92ebbd40fece37522,897134,63633788.0,10899.0,0.000171,1,6,351
2025-05-17 17:52:33,928ba66b3da68f412dc1128c677a30f007ec08e14a691f30c3cd0605d76b11e4,897134,42092246.0,10899.0,0.000259,1,6,350
2025-05-17 17:52:33,e0684c710472f240ad5ec289a0b288e408a92e907de98699bb9dfa5a966f7e09,897134,67401374.0,9742.0,0.000145,1,5,319
2025-05-17 17:52:33,0b5da563f2072171d73980e215dd06a04acdb1ccde23445463e642534afe0ce4,897134,27779931.0,9742.0,0.000351,1,5,319
2025-05-17 17:52:33,d360628c691433f218c4a096309793b681bcd78fd4c8e52c10056a3bfeda03c5,897134,96937835.0,9742.0,0.0001,1,5,316
2025-05-11 15:49:37,532003a5ebbe8c7afe9a2d46eef6805808ba6702388e00618f9b01a1c134879d,896276,96730.0,306.0,0.003163,1,2,283
2025-05-11 15:49:37,5e632c9fce1343675e9ee5cc3e8fe48915da2d7e218d1b00e085568976f6033b,896276,97036.0,306.0,0.003153,1,2,283
2025-05-11 15:49:37,49ad2d8c3f342520380804bc7b7c789b1a785bec103f12ee3ee116f3aaa134cd,896276,11825931.0,186.0,1.6e-05,1,3,253
2025-05-11 15:49:37,b794e2559d517a0aa869c0ffad946d657424507a41a1c05a33ca4e0dac20e5ec,896276,3699855.0,145.0,3.9e-05,1,1,216
2025-05-11 15:49:37,8b6dce1ba00f6b56fee7cbc141f4dbccca2f72b857fa5e35dc8659040c4cc898,896276,1078815.0,339.0,0.000314,2,5,469
2025-05-11 15:49:37,62953f2aef09c204917221b11e6b211062997517d3d9164d8e3528adcc5217b4,896276,1299345.0,537.0,0.000413,4,7,826
2025-05-11 15:49:37,5c0f6a46668f1c1c49669c07a02b430a369182117cfdf8e67aa795a5e33e652b,896276,3930608.0,195.0,5e-05,2,1,342
2025-05-11 15:49:37,a0f1280be4b566389c4289ef3c4c369d4942440493700849728be9f060389cd1,896276,12601116.0,1455.0,0.000115,14,2,2468
2025-05-11 15:49:37,0eef4badf9f80adaf4104e3ff03ec01394568e327a60d12094a0b065ef701714,896276,11454613.0,1361.0,0.000119,13,2,2300
2025-05-11 15:49:37,a419e2179ac474b5e692aa5ff9739014251821f4d94c4587f54ff2e3b036aae1,896276,63468.0,154.0,0.002426,1,2,193
2025-05-11 15:49:37,e12e3883bf454adfe1bea6c207496887da3a6a5e794e987cedf45063169bacbb,896276,879038.0,154.0,0.000175,1,2,193
2025-05-11 15:49:37,28b348c3eab8bb85a80295e7a99f2734ce19c2bb0e903c6ac43be3ed27c61d6f,896276,222040.0,154.0,0.000694,1,2,193
2025-05-11 15:49:37,a87670ab28bf42aaa26c9adbf8220926d26dae8be8bf9f40fdcbb2be75d6ec5c,896276,202570.0,154.0,0.00076,1,2,193
2025-05-11 15:49:37,eef024ff65ecacf5e698c22df4dc6309fc6d77a056129281187a95ad88b50e39,896276,1933818.0,154.0,8e-05,1,2,193
2025-05-11 15:49:37,97ce312da36b42b0ee6e81d12d4885b46f5ea29d37b617dd079532dca1d938fd,896276,690320.0,153.0,0.000222,1,2,222
2025-05-11 15:49:37,eba81899b51cbc2bf597f7156b30097f750bed5130c8ae746c35ae25cff201db,896276,83144.0,153.0,0.00184,1,2,222
2025-05-11 15:49:37,be6f4e6564e1e1c5d980d5456230baee868e200ed428894c5902d1740bfd1e7a,896276,18782.0,153.0,0.008146,1,2,222
2025-05-11 15:49:37,9ee2b1e511b7d4d5240ce65432fb14b6547a152efdb02c84a8d0b7881b06cd0d,896276,54847.0,153.0,0.00279,1,2,222
2025-05-11 15:49:37,955445b681c2bbe1ea1338ddbabf5e5320574966aed6b56ef72b6007df65cecc,896276,3535959.0,187.0,5.3e-05,1,3,253
2025-05-11 15:49:37,39df69e83af0eb1aa4b3d065dcb06ddf9cf9a3460e4a823f99d5625fc1713f35,896276,614789.0,668.0,0.001087,6,6,913
2025-05-11 15:49:37,8704f2875ea0d5c5a73390cf90d77ca1b342a117d00a52b143b2d9b60482358e,896276,100519.0,407.0,0.004049,3,5,617
2025-05-11 15:49:37,bb69b1f43245c5afff624f27c5894030dee0e1cc376fadf746d2b6f5fdfa7d57,896276,203917300.0,451.0,2e-06,5,2,814
2025-05-11 15:49:37,7a31d0880b18399a4a7cf581514e90072006fe3c9b3769a8e328971dc71fb912,896276,350000.0,272.0,0.000777,3,1,490
2025-05-11 15:49:37,8c44e0fe5d660a987e90cac72b876b3cb778d4d845d5fbb2ba9b6c4b08543fda,896276,9450.0,124.0,0.013122,1,1,194
2025-05-11 15:49:37,57628b5d44934bbb2955435fc6540b5541af4478c84faf9115fe1402c4f2aca9,896276,271254.0,124.0,0.000457,1,1,194
2025-05-11 15:49:37,57bacf0538c6b9ee4a3d74773f1d62b79438316ee45f96e6181156d130cec98f,896276,45090.0,124.0,0.00275,1,1,194
2025-05-11 15:49:37,661b56ee9bf72d4d0d457d236aaef4f324fada977412bc1d0fdfed9333f92686,896276,141876.0,124.0,0.000874,1,1,194
2025-05-11 15:49:37,a52f56a89111e5cae34f0ad88f3df54616a9201136b46aba7c89e44919d0d5ff,896276,646778.0,122.0,0.000189,1,1,192
2025-05-11 15:49:37,f176e0daf7d7ecaf027d20cf968cf13ca91eb215fbcdd07deb5d0ef1ada86feb,896276,2249679.0,155.0,6.9e-05,1,2,222
2025-05-11 15:49:37,d2482ffcb0bfa653efbb450fa5961f28903fc71e055018a626dc4b9dc085fddb,896276,2002145.0,155.0,7.7e-05,1,2,222
2025-05-11 15:49:37,6ef460d2e10f2051f572530ad2042fe407173bd80fb72c34bafc3ea76d85aaf2,896276,23950.0,121.0,0.005052,1,1,191
2025-05-11 15:49:37,5db31ac7d15d7d49515e447be449741300fc4f590ad3f64558f00bc9dc94364d,896276,9718.0,121.0,0.012451,1,1,191
2025-05-11 15:49:37,3bbd27b60697c57d65e0ce076e37253921c1bc4c09b9b2b0ca3559d9cfae6d46,896276,969879.0,121.0,0.000125,1,1,191
2025-05-11 15:49:37,1e3c753cdb307c805deb1de1e92127f60a140c21fed1dff422b06c9ad54b6b3a,896276,353999.0,121.0,0.000342,1,1,191
2025-05-11 15:49:37,5842ee3c282574acc5e55a9dfdf0b7f1e3c19d04d7e3f1900c798ff5c1c7052f,896276,75653.0,198.0,0.002617,1,2,370
2025-05-11 15:49:37,64c4916f1d64f6ab647aff3be0fe0116ccf3ff8df69c9e74c9d51883e2b8c3a4,896276,47646061.0,5700.0,0.00012,2,153,5343
2025-05-11 15:49:37,a87c71083186d35938e7f110abd0296d1d84c53552a6f06b8e430565ed56e284,896276,47627114.0,5038.0,0.000106,2,137,4741
2025-05-11 15:49:37,f37951dc2136a91dcf84dedf3b94eb3e7254586811d0162898db649404d050dd,896276,47651816.0,4903.0,0.000103,2,133,4618
2025-05-11 15:49:37,b518efecaec5fdb3476c333d20533666b3b81cee64fb9221032650b13d9f19e3,896276,47611272.0,5020.0,0.000105,2,136,4724
2025-05-11 15:49:37,d5dd135ce104ac2a6d692d111d7b08705227b522508916c1ee315e4e759720a6,896276,7623110.0,623.0,8.2e-05,1,13,756
2025-05-11 15:49:37,2c962c46e31e2f0faf1890b5a3beb14650769f6c9718e12ef8c421f52ea7c3dd,896276,546.0,184.0,0.336996,1,1,329
2025-05-11 15:49:37,4f0ac6e6efe2ce5505b113f876d567f9c33f033a30b28eeee41428e058f8268c,896276,9846.0,154.0,0.015641,1,2,205
2025-05-11 15:49:37,3d7732a3a3080b747db7f87f72d3cd65cd074937d1f2558df25387a59eef8459,896276,270066.0,312.0,0.001155,1,2,283
2025-05-11 15:49:37,7bebe3f67d630f9ccd5d0e7c77bcc2681ecdecc80131aa102a2ed38ad7fd04e5,896276,270378.0,312.0,0.001154,1,2,283
2025-05-11 15:49:37,fc956e3ea3d2064081163744dbcf02921d0401d6fc8284d7faf051d846a9558a,896276,270690.0,312.0,0.001153,1,2,283
2025-05-11 15:49:37,72d6b72d62829163b7dab89e30fc1ec782aad1617e8646df541ede74c2855230,896276,2920868.0,332.0,0.000114,2,5,463
2025-05-11 15:49:37,25446b42533fde04aa43c36e69e4915c34781adcb1c9483c740c179358c42eca,896276,219933.0,147.0,0.000668,1,1,215
2025-05-11 15:49:37,0e16befc078a0a4c6883cd0a9ebb90989784bae362f4352528fd78892b6a3197,896276,4790.0,209.0,0.043633,1,1,189
2025-05-11 15:49:37,17c19be8a59c1ccfe5be9ece885c60846fa776913d228014c6372a338587a2d5,896276,406600.0,271.0,0.000667,3,1,487
2025-05-11 15:49:37,f8a41ab2b0aa7c42da0ab914624b67d762ebe15ce0293e1b54495ac0471db9fa,896276,302293.0,196.0,0.000648,2,1,339
2025-05-11 15:49:37,c87ea889c61fae3c4b478cd3140cc780fb175ba23bb738a1c8a007d51c5e11e8,896276,8866.0,122.0,0.01376,1,1,191
2025-05-11 15:49:37,c38b6ca009efcc24d6f0a793482e5f4ca4c036c534e7dd869026c1a17df41fd9,896276,170000.0,502.0,0.002953,6,1,934
2025-05-11 15:49:37,754c84e34676cedda36f9894f34c15a8a2a521ceed55bd888825a2b8fe1b9e43,896276,136300.0,206.0,0.001511,1,1,191
2025-05-11 15:49:37,3c6e85b4050dc7c776580ffa884742d6c83f5c8b43c8994459d8e5e3c8728fce,896276,47632462.0,4438.0,9.3e-05,2,118,4195
2025-05-11 15:49:37,a2bce02433dc9eb6240ef5e5f2779c081a9ab5ba292a036b9df16e731bde2834,896276,180000.0,278.0,0.001544,3,1,490
2025-05-11 15:49:37,f6f7b7dfc21da30641c88f99b134f2198e0a20bcb71a2ee14a4907677b894fa3,896276,6999751.0,249.0,3.6e-05,1,2,438
2025-05-11 15:49:37,fb27a2ba9c1ea7adb8a91e7bea127f06c067a30cf9c00968af3e7daae70601ff,896276,7046228.0,221.0,3.1e-05,1,3,248
2025-05-11 15:49:37,4788801be88c969ee19c646c27b507a910a08a43280924779703bb35983ad0cc,896276,19966779.0,221.0,1.1e-05,1,3,248
2025-05-11 15:49:37,f2a9dc8e1f000cde5d47ba83c59c5aeba979e104a701137d3538a85880312b8e,896276,19916779.0,221.0,1.1e-05,1,3,248
2025-05-11 15:49:37,212810d22e48301662ac1de0672899c6f10c556ae3b8f5ad23d942e1e5c05e36,896276,19986779.0,221.0,1.1e-05,1,3,248
2025-05-11 15:49:37,d7beef8a46aec74e10e4e93ef9733273e532729c0a9a7e390abff9a932f32209,896276,89779.0,221.0,0.002462,1,3,248
2025-05-11 15:49:37,795d0e14d1cbc76d1a007a043b89e045552aae7b21f565324ee51c179048b944,896276,239938.0,260.0,0.001084,1,2,222
2025-05-11 15:49:37,fb1a26e45ba790c394db0269d3a7a3868039ecd43144b2fff36bc988dc54b2e6,896276,24454.0,222.0,0.009078,1,1,193
2025-05-11 15:49:37,41b1ad1277ab89467901810375f3b5f8b118d2c86c90d078387c3558c3116e1a,896276,346297.0,260.0,0.000751,1,2,223
2025-05-11 15:49:37,1a292fe8ac7ecf470608f60ff9bf19b53967e5a651c1f4c38ec0f04a6f9366e9,896276,51894862.0,5084.0,9.8e-05,2,138,4783
2025-05-11 15:49:37,c61b7d033011d6238ebab7d447b40254490ba538d5b9ee7024acb0cf602c8f9a,896276,451892223.0,428.0,1e-06,2,3,967
2025-05-11 15:49:37,9409b79906c4e655615959b0140b2aabab912dd020b0de762cadca59283280b7,896276,100000.0,204.0,0.00204,2,1,340
2025-05-11 15:49:37,d96ea0854c8230ae922224722133bed9e8872a8b90fcdf18aea6e742218050b2,896276,1923864.0,176.0,9.1e-05,1,2,234
2025-05-11 15:49:37,170f98272d16c836c66af03b21c288a889c2be20dfa82f8a61e44da1a6d7e1fe,896276,705886.0,180.0,0.000255,1,2,234
2025-05-11 15:49:37,450ed22aac122083aa466cb525ffd779cd9b549eefeb834277ff932aad999089,896276,601589.0,166.0,0.000276,1,2,223
2025-05-11 15:49:37,a7c36882a15e329584d209eb71ed8def9c86baf3b0217f82ba1ff1b61f6c76bb,896276,317464960.0,210.0,1e-06,1,3,257
2025-05-11 15:49:37,17f961d103e99c39ac4ed4f9c20cb9fc6f7df0c8797ee4eb64b055f5f431a67e,896276,712673.0,425.0,0.000596,4,2,679
2025-05-11 15:49:37,ebf895563dfda5716dd1cd154b1f29dc814015248e2686e3e25d8e24faecae4b,896276,93990645.0,1268.0,1.3e-05,1,31,1143
2025-05-11 15:49:37,cc7268ebc5e0d5e615ae34bfd92b6af20e988688132c08bdb12152ddd954e79a,896276,99998929.0,1071.0,1.1e-05,1,24,979
2025-05-11 15:49:37,8af0aac10a68281006e3eb04e515bfd299c42fb03597b9366a9820b00b2213be,896276,9999538.0,1434.0,0.000143,1,34,1282
2025-05-11 15:49:37,82dcff95ef3fe24e039574fca13fdb7fa84f6ab0f752321103c87164aaf49fdf,896276,99997711.0,935.0,9e-06,1,21,864
2025-05-11 15:49:37,ae5fe42bc7a65723bf801749fb90af1ef7b915d0121634e824164c8dcfd30476,896276,24998807.0,1193.0,4.8e-05,1,28,1080
2025-05-11 15:49:37,615349ce9c2c1c32a580b549ce77bc3191270c97c81c60f1c9776bc57c7b2d16,896276,98999201.0,799.0,8e-06,1,17,751
2025-05-11 15:49:37,e24496b86847cae3ec9beb8d81f8ccca16044b96a59dd0ce24e1a94aa69bbe78,896276,94890500.0,1093.0,1.2e-05,1,26,996
2025-05-11 15:49:37,b4432192e490370030b1ac6eae99ead42da1e1749d6c720289bfda83d74e11ce,896276,99998950.0,1050.0,1.1e-05,1,24,961
2025-05-11 15:49:37,de8ac720bb51cd1915716ad9feb892a0c0d705f09134439b421f5bf9cdc23b5b,896276,99998846.0,1154.0,1.2e-05,1,27,1048
2025-05-11 15:49:37,a072898b61462f62c99f93ecbeda07b69800d9b08774c2b496721e8d3af9a001,896276,20618786.0,1074.0,5.2e-05,1,26,981
2025-05-11 15:49:37,96e8089250cdd9aa5bfb4c714fd68af23e28504c9303a6cc63f19e2c07147be3,896276,3353564.0,1043.0,0.000311,1,24,954
2025-05-11 15:49:37,f72079215d9b6945bc556eb1a9a5ad98437612afcbffa3422a0c331778812e7a,896276,102666079.0,1190.0,1.2e-05,1,29,1078
2025-05-11 15:49:37,2e0e97cb5d0d68459e99b1621e739537e52935f2ae2a3afc9f9d5ab7d9b237fd,896276,2004157341.0,170.0,0.0,1,2,223
2025-05-11 15:49:37,5858749293247ec4d9a78afacb33d5c1820d22d3d7f5b205d6eef55f637e31ed,896276,26642860.0,170.0,6e-06,1,2,223
2025-05-11 15:49:37,329c8ea17be3956afa9baef728968e6e650c5e9917e96aa99329407735aaf87e,896276,99502.0,170.0,0.001709,1,2,223
2025-05-11 15:49:37,bb99811e56c4fde392333aa9c078d2fc841e9aa85e6ca6afa45afad5c1f56970,896276,116112.0,170.0,0.001464,1,2,224
2025-05-11 15:49:37,c99c2b333624d559280b7d4b7e31dab1791fda3424a2726d4fd57abd35db263e,896276,8418842.0,170.0,2e-05,1,2,223
2025-05-11 15:49:37,4f5e7656c114db87077b26ef2d133b5db0df971c03580a8fe3d8cf1f12e32b24,896276,19491887.0,170.0,9e-06,1,2,224
2025-05-11 15:49:37,9ac87729f28fcdeeec4a666b143057d78523e7c407f2d9ce4c4773cdfaab2521,896276,73574.0,206.0,0.0028,1,3,253
2025-05-11 15:49:37,243706ab46103ef0cad356e44d8aa41a816d2a4489d4f31b2a5029639c7e121a,896276,91815.0,133.0,0.001449,1,1,192
2025-05-11 15:49:37,ed84df8d47184070f636c36cedeede7db7dc14757655a5f22380b4148ff784ef,896276,1056678.0,169.0,0.00016,1,2,223
2025-05-11 15:49:37,4cb1d82947aaa956f3d7fbce447a34ba0571e2b605256c71840b8e8bc61d92ed,896276,523706697.0,169.0,0.0,1,2,223
2025-05-11 15:49:37,f6e06d8dd25060279c60f1495b3795fe91ac8b93b069331cf10aea92a3274ce9,896276,3281398.0,169.0,5.2e-05,1,2,222
2025-05-11 15:49:37,8f7d973872170cefcefc3d45db7ae532b066dc60241c5a7826683a435e39fae2,896276,10707613.0,169.0,1.6e-05,1,2,222
2025-05-11 15:49:37,f0a7e7779cbd90ecede9e99cc025b95e393b9c69deb06acba2a157c9f5ea5be0,896276,17704010.0,169.0,1e-05,1,2,222
2025-05-11 15:49:37,3642dfc4110cb781d33a858635af0aa4c39c26f7040bddf6a7dd80e122a25add,896276,19885430.0,169.0,8e-06,1,2,222
2025-05-11 15:49:37,4a35ed04843b00fbdb43c9ebc92a360b995b1e02e690025778ab540535b59cd7,896276,15401284.0,169.0,1.1e-05,1,2,222
2025-05-11 15:49:37,6ba01b8aec0156154a72ce9fa7fc7d1a090e08d694f8b9a3259c002e146cd2ce,896276,1290083.0,169.0,0.000131,1,2,223
2025-05-17 07:08:25,624d0dd33a7a0cd5d7a2043da1d3fbb2aaa15d6a6e0dd5ddd0ed29a856de2970,897070,48605.0,234.0,0.004814,1,3,370
2025-05-17 07:08:25,07b8dd22dd6ecc20728c0b1122aac43c144cb1e4d355c3f531612854cb22f3e3,897070,49169.0,234.0,0.004759,1,3,370
2025-05-17 07:08:25,b788b89b07319c87a170f148d973170740cd8f13b9f1490309324906829fb661,897070,49733.0,234.0,0.004705,1,3,370
2025-05-17 07:08:25,2621dce99fcd2dd858d87788188918b56fa0499136607744338eda7fdf2ff5c5,897070,50297.0,234.0,0.004652,1,3,370
2025-05-17 07:08:25,22fe5a1740d39ea5fb727e6592a6318eb5d8d0d0fdae6dae0a056ddaff6837ea,897070,50861.0,234.0,0.004601,1,3,370
2025-05-17 07:08:25,bd98086b35dbc4f526ab9c027203a95267ca36b7ea004a357a31f55f896a35c1,897070,51425.0,234.0,0.00455,1,3,370
2025-05-17 07:08:25,dfc4f9878dd2a3bb7473d0dbac3738eed8142c54e63d0b05a731fbfe4f3c2137,897070,51989.0,234.0,0.004501,1,3,370
2025-05-17 07:08:25,72656ea8517f3c73613f1cd9b8b340e1dde1055d412914bc6264d446305ac029,897070,52553.0,234.0,0.004453,1,3,370
2025-05-17 07:08:25,10483c18b2293a6d2308cae86a1223c3333bdf24d3f9064b7fe337df0cfc05e9,897070,53117.0,234.0,0.004405,1,3,370
2025-05-17 07:08:25,349e0d9294b8bfabcd0ed70511194e5d9308a6330eaecfa22f21dfd1d8a2183b,897070,53681.0,234.0,0.004359,1,3,370
2025-05-17 07:08:25,bbcba12d06f15b87eae92c2fdfdd68001d28cce9a2740eba9d811cafce6bea53,897070,54245.0,234.0,0.004314,1,3,370
2025-05-17 07:08:25,7595a00fcfb962eba90f4cc44979a230193034abe88af8065f09709c4677c401,897070,54809.0,234.0,0.004269,1,3,370
2025-05-17 07:08:25,9e6c80bd82dd7be82379a0dbb5536b4a8796d840abf423a486129b8e4436f2d9,897070,55373.0,234.0,0.004226,1,3,370
2025-05-17 07:08:25,6f65cc61c9d6649d6894a647e6d3b1a489efa5e5d552548c4f65ac03c0a38b6b,897070,55937.0,234.0,0.004183,1,3,370
2025-05-17 07:08:25,6ec604ec1e1c71681bde447196748bbb3d8b4944d963a67271889e0f75e4502d,897070,56501.0,234.0,0.004142,1,3,370
2025-05-17 07:08:25,22b79d7db60a5d770dec1f9b5cbc34772ed49a88194cf78b4388d7ad2f75b3b7,897070,57065.0,234.0,0.004101,1,3,370
2025-05-17 07:08:25,7f59d78ad897264792f39afc21baff59e182195e42d7ab3966b0a5ac438d63b4,897070,57629.0,234.0,0.00406,1,3,370
2025-05-17 07:08:25,c2e4fa53f070bfc462be8ff40a21e0db508f763a18baf65df3ae04e5a79d4c8e,897070,58193.0,234.0,0.004021,1,3,370
2025-05-17 07:08:25,ecd33e7b5c5af36e8fcd9427e6baaa24274830d898cef3e85aff006b776acf92,897070,58757.0,234.0,0.003983,1,3,370
2025-05-17 07:08:25,f7a485c03cdf4b89d86a41f22713a28d3cf041ccda6fcac15d61426c1e462e4e,897070,59321.0,234.0,0.003945,1,3,370
2025-05-17 07:08:25,36fb6563917b11c735318e9c2db585b25a7d93c170d5cdcd8dd4d1424d3c8dd6,897070,59885.0,234.0,0.003907,1,3,370
2025-05-17 07:08:25,2f5a08595cd24ee56837217d567c31063dd5f0280e0063a880b896a08b0626b6,897070,60119.0,134.0,0.002229,1,1,204
2025-05-17 07:08:25,41a41365193970417434d9ade682d7f053f114bc3ab3bf3682e0739c128dfa6b,897070,56339.0,281.0,0.004988,1,4,389
2025-05-17 07:08:25,f19cd1dcd61ce0f44ec28f492fd03d0289b0323843406cd6616fc1b7dd57ba4f,897070,56950.0,234.0,0.004109,1,3,370
2025-05-17 07:08:25,a14b4b8eab475605e7eb9675ec1bffb26e95064d1e4fa4502099dcaa970f675d,897070,57514.0,234.0,0.004069,1,3,370
2025-05-17 07:08:25,33be060f794106a6122592178f6a0720fbc9da85b0d8d3265e7ef273c1a43428,897070,58078.0,234.0,0.004029,1,3,370
2025-05-17 07:08:25,72b022513da56f8bafa8112b307983d72383a554ba6a816d7998d6131242e180,897070,58642.0,234.0,0.00399,1,3,370
2025-05-17 07:08:25,18b3fb669c79700ed4656b752f5563dcd0d43cc92f101ecd8e6e5d4eeb35f0dc,897070,59206.0,234.0,0.003952,1,3,370
2025-05-17 07:08:25,ec55bff9838cecb3d2900bc7b77daac83459819fdd10fbbf933feef259862999,897070,59770.0,234.0,0.003915,1,3,370
2025-05-17 07:08:25,cffc48e8c718138c038521cd37a7474ee4fbe71ea4bf9b19190a715e0f75163c,897070,60334.0,234.0,0.003878,1,3,370
2025-05-17 07:08:25,8b8c9800c88ce8fb37d5232d12f1a8a31d1705a0189d7401a1a35ae9aa1600d5,897070,60898.0,234.0,0.003842,1,3,370
2025-05-17 07:08:25,21a3d7129ad5e1e71854bd40761f748b003a3b9ce6502d35e4015622b5d8cd6f,897070,61462.0,234.0,0.003807,1,3,370
2025-05-17 07:08:25,332eaf512c9f14c976a1e141ec490c4f6fba41983a2dba4b5e33d4bbda116018,897070,62026.0,234.0,0.003773,1,3,370
2025-05-17 07:08:25,7eedd908ba1007966aba4820dac5b585b28b588b3fed951a65963b439c503732,897070,62590.0,234.0,0.003739,1,3,370
2025-05-17 07:08:25,d7e8682850e9c180df1dc3430f54f6e6aab93cee9fb5b0f5ea11f4d0cba938f9,897070,63154.0,234.0,0.003705,1,3,370
2025-05-17 07:08:25,b9c3654af39eb0a5e7c92ef0b4a300771946bc46fd1182e742ae22e87ca585a4,897070,63718.0,234.0,0.003672,1,3,370
2025-05-17 07:08:25,3b6fe7d581044be14bc5d84c888ec74640c72530d8092ab232c2ec3f0acdac42,897070,64282.0,234.0,0.00364,1,3,370
2025-05-17 07:08:25,d93552963855384d564d7a73937d9fea129e4bb68b48f0e8897bc026098d1b95,897070,64846.0,234.0,0.003609,1,3,370
2025-05-17 07:08:25,343a1fdfeb843d3463fd10ce64feb9768309a6ec6427bbe5c6ba4c48f59d66b1,897070,65410.0,234.0,0.003577,1,3,370
2025-05-17 07:08:25,8d6eedf4abce86823487e8ef9df446151aff5f676742482e52b49011d1f25a8b,897070,65974.0,234.0,0.003547,1,3,370
2025-05-17 07:08:25,ee551fe8efa754f95685c5ba38113bdaff3f5e63b40e7d91352d054f017317f1,897070,66538.0,234.0,0.003517,1,3,370
2025-05-17 07:08:25,729a2dc883a16884ea5c2fe1333480bc61ae34ff30c4545eba392eec1c806578,897070,67102.0,234.0,0.003487,1,3,370
2025-05-17 07:08:25,05889b8510f47f2b155f0bef933cd308c658734903693ac44fe7c2350b15455e,897070,67666.0,234.0,0.003458,1,3,370
2025-05-17 07:08:25,93c10fedac833a03de64d5417ad4f5f863689492acccb3233549255d187ae6c6,897070,68230.0,234.0,0.00343,1,3,370
2025-05-17 07:08:25,d850a625147f4165316c9d3d817721c9d1ba403b33cd4992a195ada998520f38,897070,68794.0,234.0,0.003401,1,3,370
2025-05-17 07:08:25,a7c25ab5ff0d70ff3ae9bd48a92ae14a95b82d4c249fa95eeae8d6aa4041c754,897070,69358.0,234.0,0.003374,1,3,370
2025-05-17 07:08:25,89c7e0b61985b510c99d16d2760ed38d622b663b936012aa2b8c860bf203b694,897070,69592.0,134.0,0.001926,1,1,203
2025-05-17 07:08:25,57edb99405c78f0a1220daad4e908b341cf31cd4e6452b8776877bcd8e10b25b,897070,666707.0,281.0,0.000421,1,4,389
2025-05-17 07:08:25,48f60c8fea2fee21b11ab5bdae07033a3512197e78e0dd3dd81c74052c7db2e1,897070,667318.0,234.0,0.000351,1,3,370
2025-05-17 07:08:25,54385141e96e68d2c500696f0d2285bf57481fdde57a63b371be16dfdc247d35,897070,667882.0,234.0,0.00035,1,3,370
2025-05-17 07:08:25,83e407c4ad43b8e71d5b74dc014c046cf9bd8489d886bb400149cd59a9376954,897070,668446.0,234.0,0.00035,1,3,370
2025-05-17 07:08:25,c1ac5a0082cde4748d35f62cb07e8f3153cf89d6cdba6f3167c0b2c90dae1df6,897070,669010.0,234.0,0.00035,1,3,370
2025-05-17 07:08:25,1df73a4fd14c93c787e31fc52e712ef05496c81f178bcd5616428cbf335d61c8,897070,669574.0,234.0,0.000349,1,3,370
2025-05-17 07:08:25,fb2415b355521fe7628a69fd57e056e737d2491727a5a8bf6bb67fae34d224ad,897070,670138.0,234.0,0.000349,1,3,370
2025-05-17 07:08:25,66b8f1b6a4871d4ffa0439b7e29763d6a84cb3c8b0fef2dbfa35352b64b52c4e,897070,670702.0,234.0,0.000349,1,3,370
2025-05-17 07:08:25,e712e23ae04ddc2a901afd4183011ceacdc4fd7f870f6221eacd35b86afde564,897070,671266.0,234.0,0.000349,1,3,370
2025-05-17 07:08:25,661123cf18e83e962e5eaed4ffdea469ca666e6c5489555c11ef944d59be00c2,897070,671830.0,234.0,0.000348,1,3,370
2025-05-17 07:08:25,4c94ea29b3d39b20c93a161e471ded33ddad6cb025eab478aa1b32bfe94b76a6,897070,672394.0,234.0,0.000348,1,3,370
2025-05-17 07:08:25,acb4e534c12984e6ea9feabdb06e622210ee19960ba039763695af6fdc304f44,897070,672958.0,234.0,0.000348,1,3,370
2025-05-17 07:08:25,70439c87366a5030310ca7aa7d339d6d5088d53bc0f4511b4382891dfc5d8c81,897070,673522.0,234.0,0.000347,1,3,370
2025-05-17 07:08:25,bb13f62b144fbb32f3b53aa83aab99cba2e7c62706989b0da516beaa657e19ab,897070,674086.0,234.0,0.000347,1,3,370
2025-05-17 07:08:25,4fc6d812b9839a2a73f5a72556fa6858831ee09b94dd5b0baeea6374149a2df8,897070,674650.0,234.0,0.000347,1,3,370
2025-05-17 07:08:25,4830a402cf959cbe1a6de8504c3a22266f6bcf104a07ea9f8a6aa898063f2309,897070,675214.0,234.0,0.000347,1,3,370
2025-05-17 07:08:25,68bbff21b610b2160f3f7aebb0e3b132a2f16ef3dc8a5f8b71991de268fad663,897070,675778.0,234.0,0.000346,1,3,370
2025-05-17 07:08:25,474c8bc826a590c9894e3007464bb232e9590a32dd1bc84947e0ae12248a84bd,897070,676342.0,234.0,0.000346,1,3,370
2025-05-17 07:08:25,05abc8383a8f8ed0b7cb7948ef58b0e82a06dad517a5ee23d494194e3a59752a,897070,676906.0,234.0,0.000346,1,3,370
2025-05-17 07:08:25,702ba0eb08bef66d66302ba1533f81c6050625cbdc3f0cca55c0bb34e602a267,897070,677470.0,234.0,0.000345,1,3,370
2025-05-17 07:08:25,6d9880c11d19811908d4fa447405df08dc46eb6e0da7cab1a8f9cb8a0cae6e9a,897070,678034.0,234.0,0.000345,1,3,370
2025-05-17 07:08:25,46930f6c097fa09872d30a2c83eb06af9a7e758c67a8820641e93479e6ea38a0,897070,678598.0,234.0,0.000345,1,3,370
2025-05-17 07:08:25,90aa69688702327839f1c4f0b515af3a4d6495a9b36e1f63a280938ccb863814,897070,679162.0,234.0,0.000345,1,3,370
2025-05-17 07:08:25,40e59d8f5619d3b22e974e4d96fc049f2059268ed953aa92754720183e8c8f7c,897070,679726.0,234.0,0.000344,1,3,370
2025-05-17 07:08:25,0678a214fe8fc013f95ebb42d72f7a46affc554bfc035c2b9362a14f6f4f12f7,897070,679960.0,134.0,0.000197,1,1,204
2025-05-17 07:08:25,1f243b08c539a73e8d55fab7b25b2a8d16d619eaa01677628ccec9a42a7b1d26,897070,65445.0,281.0,0.004294,1,4,389
2025-05-17 07:08:25,1d3bdbee17e2b8ede1996a5d37630a00d35a66120073c95b89fd3a6ff8d34eef,897070,66056.0,234.0,0.003542,1,3,370
2025-05-17 07:08:25,cdc9cae2214dde0727e4e328432ae7b461c66fc5ea48af58257762f28e7bd44c,897070,66620.0,234.0,0.003512,1,3,370
2025-05-17 07:08:25,144fa2b1123371fd2cfe4c9c1af8c3b65c2fef7004b0a7d16d1e3f65611aa493,897070,67184.0,234.0,0.003483,1,3,370
2025-05-17 07:08:25,a7cf3a1aee788d80d6a9ba17709bf781428f1c55c96cc1309231cfb7907b9d1c,897070,67748.0,234.0,0.003454,1,3,370
2025-05-17 07:08:25,7901f4d1fc7cbaa18baaef761bd5bf0a297ba529cb53b7399ad98d832d2c2a08,897070,68312.0,234.0,0.003425,1,3,370
2025-05-17 07:08:25,f0e94964ec68f7a574ebab27ad948516f9a489d67523009bc1abb280ff38345b,897070,68876.0,234.0,0.003397,1,3,370
2025-05-17 07:08:25,cf1c490f08ff764e9232779f836ac86526fb142397c1d9eee57a25a713017b85,897070,69440.0,234.0,0.00337,1,3,370
2025-05-17 07:08:25,a8eaca8fa950cdf9230cca10da3e766581baaa2ce77d6d636d8075cf5d444580,897070,70004.0,234.0,0.003343,1,3,370
2025-05-17 07:08:25,337b07ce38faa4a5d593f613b789a832c9e63dca68db1852e6746e77e942c27a,897070,70568.0,234.0,0.003316,1,3,370
2025-05-17 07:08:25,5ef672b5eb20a0314205e21ed98c0ae66377e36c26afe431c890d7a1bba9c32c,897070,71132.0,234.0,0.00329,1,3,370
2025-05-17 07:08:25,3521d4fb12e03989759a3df2bcf5db8b6d66aaba96a5f2e4d892c9f8bdb895b2,897070,71696.0,234.0,0.003264,1,3,370
2025-05-17 07:08:25,696d0362c037501fe8fca006a779da29b7bf49968a888c512bfe5f22f3a04a29,897070,72260.0,234.0,0.003238,1,3,370
2025-05-17 07:08:25,5fcdb04df7033831a2c634a4bb9076c600b45856ee7eb712fdf36856194d2535,897070,72824.0,234.0,0.003213,1,3,370
2025-05-17 07:08:25,df82a6c77b28f7b0b309cdcee0811a7ecad7492b6e8b36b1287366ee3bdaf67d,897070,73388.0,234.0,0.003189,1,3,370
2025-05-17 07:08:25,554591a85796872babd5efc6eaddbaba4b3e024c2fe193e23737bfa53dbcfe67,897070,73952.0,234.0,0.003164,1,3,370
2025-05-17 07:08:25,2e082b84f529ec25a85b739d1ce08e31347fa79716e3c378d5fb42e03adb158c,897070,74516.0,234.0,0.00314,1,3,370
2025-05-17 07:08:25,b69df43d85186869151507cfc1b647097d5c204fdcefaefe5252df903fcca600,897070,75080.0,234.0,0.003117,1,3,370
2025-05-17 07:08:25,4ba0fe24e8bbed12cd0adc4ee87cddc27bc4eb595c1ff413214852656d816691,897070,75644.0,234.0,0.003093,1,3,370
2025-05-17 07:08:25,40d4f6538221ee4d56bdc319235cd40bc8178664041989676d6c6ae38030189b,897070,76208.0,234.0,0.003071,1,3,370
2025-05-17 07:08:25,89ea5c78fafd1d3565a376302901ce2a1428c7a9292c47789fded0b88f14feee,897070,76772.0,234.0,0.003048,1,3,370
2025-05-17 07:08:25,0f0099b5e204b5f19a5c79aa71da20a92e5e9462645fdec9715aca8c0e5a91f1,897070,77336.0,234.0,0.003026,1,3,370
2025-05-17 07:08:25,d9e47bc133860552d484f5a40ee3b17787b595aea702eeb660c3b6063bb2c28d,897070,77900.0,234.0,0.003004,1,3,370
2025-05-17 07:08:25,cb8b33b33985d41313a36c5307361757f9ee9385bf9a0a594ce3e7719a85e80f,897070,78464.0,234.0,0.002982,1,3,370
2025-05-17 07:08:25,ce28fe566bd881d6cd3861a17d9042e3774a2b32a454c3e3c38ff2062ad48421,897070,78698.0,134.0,0.001703,1,1,203
2025-05-17 07:08:25,d4e4e294b73e150b044d1913b8f13d150a9a544c5895cc07729573be92d88a0a,897070,41715.0,281.0,0.006736,1,4,389
2025-05-17 07:08:25,1a9fe630689e688e86e0c41577e38426f35d820e82a9fd03764bc5d03437d0e6,897070,42326.0,234.0,0.005529,1,3,370
2025-05-17 07:08:25,51ecd5a0829bb9ff797f37d6a87c4e1329d0a3e67138fa39ef594e0ae83770ec,897070,42890.0,234.0,0.005456,1,3,370
2025-05-11 22:58:45,f86c1b4826a32ca7ea628b58cbb2a3e70dc38e9ca9dd30acf15c18a2dd0e2958,896321,13376359.0,292.0,2.2e-05,1,2,222
2025-05-11 22:58:45,a47a96873cbe256a8faa631d831442955a62bb5fe302c241421fa28654942050,896321,13393508.0,292.0,2.2e-05,1,2,222
2025-05-11 22:58:45,a179b5fedc914a57cc1fb1eb4103c20bf2fe33b63bc96959c3e6ce7e69e4fb23,896321,13410734.0,292.0,2.2e-05,1,2,222
2025-05-11 22:58:45,a5cf38712ce3720acbcf527a437bcacb7322a60189e960355c8c9bf762b995b0,896321,13428181.0,288.0,2.1e-05,1,2,223
2025-05-11 22:58:45,4daefc352d26fa19b266c0ff0f28aca79ca31f90fe75a79a1e0dc8dd90f69945,896321,3128430.0,849.0,0.000271,5,2,814
2025-05-11 22:58:45,8d0ae058bcc259aa101d2718401dd0972a613b74e3d7079f6816e69630b8285f,896321,307463.0,1000.0,0.003252,2,2,677
2025-05-11 22:58:45,0cb1adb3f33a90f5470753b574758f475110fb5e022717224308c4ea7a3ed124,896321,1004610.0,293.0,0.000292,1,2,223
2025-05-11 22:58:45,8b83e0b3e362d507be20591c1f440e96b0ca817d5eb8f35c6ee3543f57ee6900,896321,1999766.0,234.0,0.000117,1,1,195
2025-05-11 22:58:45,241ad9301cc977508a3a1bf333ebd117889c4710c89cb035ae8a0103d66b3eab,896321,11723.0,292.0,0.024908,1,2,222
2025-05-11 22:58:45,9854df4be1f9436729196bac167228f071f32942298593ef33e319bc8efdc979,896321,84491.0,292.0,0.003456,1,2,223
2025-05-11 22:58:45,7c05e7399a2647dbfcfec057d24f2e9cbf374a019eaa4994b7fd012d7cf6480e,896321,33908.0,292.0,0.008612,1,2,222
2025-05-11 22:58:45,4e205254ec52fa2d29c17ea8400aaf98e9c8a30247f57f6c9659134eeb61973b,896321,497863.0,317.0,0.000637,1,2,234
2025-05-11 22:58:45,e8d316a165377d41d224bd19a4c3779086582321ed7c7c1cdf536f5b6d31c9ab,896321,40952.0,488.0,0.011916,1,2,235
2025-05-11 22:58:45,848b7de304808d64599d9a02263d1c34d94cbf52ddebb7378f35c7ea63505393,896321,203150.0,488.0,0.002402,1,2,235
2025-05-11 22:58:45,a94b3e0f34aae70e1df6789c9c606ac496969722d22263ec8497a656fb98a577,896321,3896219.0,488.0,0.000125,1,2,235
2025-05-11 22:58:45,698511352567e9ae0da6d19f54412c300ca3808885cc506eb37944ba76c8d316,896321,28223.0,229.0,0.008114,1,1,191
2025-05-11 22:58:45,b94acb9dd6a3263935a04be0d467aa5059d8732df8abcdd760a2bcad77a79a84,896321,549350.0,452.0,0.000823,3,1,367
2025-05-11 22:58:45,30fc37f5816d21f64c8b0f9ef7f56715be944ab813a9536d0f962071d498b846,896321,4999700.0,300.0,6e-05,1,2,225
2025-05-11 22:58:45,92c5561ba90c625a82198e9dc189e77cc0464079b1af9a136cc638d118f00cfa,896321,5909538.0,462.0,7.8e-05,2,2,383
2025-05-11 22:58:45,1cf182c0ee8c0d715b5f1b9f550d6790d72ff1a2e79112202a519fcfac870e29,896321,10631.0,3769.0,0.354529,12,25,2392
2025-05-11 22:58:45,134f372f9b11004dfea0e237933e9dbd3305a6ecd7bb2eb15a66b58aa443f6d1,896321,10472.0,298.0,0.028457,1,2,223
2025-05-11 22:58:45,796c2ff61024d231ced342b717e1a50283b73e728a5d2b10097bfa5410317ef1,896321,32540821.0,1312.0,4e-05,1,1,191
2025-05-11 22:58:45,590e7144c7d6758658f6cd14cb29fbf3de551bc2915ca09628a38f3754856dd8,896321,85252.0,6064.0,0.07113,1,1,151
2025-05-11 22:58:45,1b69f5b8766a5786562ad59ce960911bac2b54708b01eb4ea135b3afbaf7c9c8,896321,46293445.0,6437.0,0.000139,2,176,6013
2025-05-11 22:58:45,8d64cc9ae9c65c342593b429612ffc5ff1cdf44ec2f8db20eaecbda4efe782d9,896321,30278279.0,708.0,2.3e-05,2,1,337
2025-05-11 22:58:45,e0c40b8a11af7714572c6edfdb93333aaf98260ed5856386f4a9903659bc4024,896321,149301.0,222.0,0.001487,1,1,150
2025-05-11 22:58:45,f0f3aabfc9e7e250016ffa344ae263daab0a90c7840bd2c268284f9b1690d6ba,896321,2024915.0,310.0,0.000153,1,2,205
2025-05-11 22:58:45,ac61c2cf767693474bca23793e5b58188e9474411d1bc10914fe465456de3f7e,896321,305243.0,465.0,0.001523,2,2,383
2025-05-11 22:58:45,a04f65228ee64b57a03f6daa8f17d515dfda61fd916b9d6130ec0fec98b1e3d6,896321,631280.0,322.0,0.00051,1,2,234
2025-05-11 22:58:45,6589b2f6e6df989b6c7360ee5a601e1b1d0db0bfdb99f56a5544efa71fb1d5d0,896321,1371809.0,322.0,0.000235,1,2,235
2025-05-11 22:58:45,06c6e82cbf75719f4a72891d638a89b41b25b831824cd4baf6c297bf85640f8e,896321,596256.0,322.0,0.00054,1,2,235
2025-05-11 22:58:45,701d61eba0833c98badc3237cdc830869ff1bcbebad1855d9228059abea3de74,896321,12665.0,322.0,0.025424,1,2,235
2025-05-11 22:58:45,f157288e8c9ba4e3ded6c2dfd2390e37c221261523482a66f25215119295794d,896321,2257241.0,322.0,0.000143,1,2,234
2025-05-11 22:58:45,62d4c1b73f739bc27b49742c9f4ac4745b41711761288048f057f16f1ad2fb49,896321,37495692.0,322.0,9e-06,1,2,234
2025-05-11 22:58:45,e46bc601f81d158b68ca4116a3d0b4035e52c3b6e1cc870244f8da9f31b81a1a,896321,22991731.0,2210.0,9.6e-05,1,1,191
2025-05-11 22:58:45,ddffc2db63b3e7ed1d0664ed19a1af3e6f3d7811ff5038a53825780535fb1faf,896321,427258.0,5388.0,0.012611,1,1,191
2025-05-11 22:58:45,fc2caea0b87618f7b3e92662464e9e8799e3c8d6519d88e3b5e84c0534a5d349,896321,46277768.0,5647.0,0.000122,2,155,5294
2025-05-11 22:58:45,656a3fb9ae2261e60340d646a558bffeceb2012d8db3d9f4d7a4ee6e0a52f305,896321,20503872.0,2018.0,9.8e-05,1,1,191
2025-05-11 22:58:45,533f9026509a2674d7cbae1e21d87dc6a75e0d48dc3be79ef393c8209cf518dd,896321,9547.0,4905.0,0.513774,1,1,192
2025-05-11 22:58:45,f525619d7457d1c7a274be956a01b24082148b604975feccea2b8188aac045d6,896321,273354.0,4905.0,0.017944,1,1,191
2025-05-11 22:58:45,fac0421365f8a98f2a8920cafe81fead976bf551730b2309bf3129254f2e3c67,896321,46248785.0,5115.0,0.000111,2,140,4811
2025-05-11 22:58:45,7f18e75012cc1636c16a0bbc70d1ac67e8730724918dc301e418758f7ff659a3,896321,3968293.0,299.0,7.5e-05,1,2,224
2025-05-11 22:58:45,55c3b85bc062370ba1637f5cda6e1fbe7e56a0e37644bd673d86a57b6b03ccab,896321,186960.0,438.0,0.002343,2,2,370
2025-05-11 22:58:45,7ba589a3c9c965017375fcc60ee91c93c88974c2595bb2c24b613a5a6f88ecb3,896321,539544.0,297.0,0.00055,1,2,222
2025-05-11 22:58:45,07a9ee05fb65687a1a618593e96eeb806bb8074232cbb4652bae7383e3b890a1,896321,96387.0,385.0,0.003994,1,1,204
2025-05-11 22:58:45,403b227dc8977fce2f9a8b02f916a4be3506af19b86801f22d85f657ea193a6d,896321,17869506.0,169.0,9e-06,1,2,222
2025-05-11 22:58:45,64713688108e747334005de59ba63c5a08f492bce11ad1ec5544e59cb95d9755,896321,3648391.0,1945.0,0.000533,13,1,1967
2025-05-11 22:58:45,a106ece5a026f2de7d78b3e198de3061137bf9794a3ce0b83a9afe3d8443b16c,896321,174393.0,470.0,0.002695,1,2,223
2025-05-11 22:58:45,d71cb7578195e745b4e5e81e4a124cc17f7a91481f8b64cb5fd7528db9fa1a5e,896321,76120.0,470.0,0.006174,1,2,223
2025-05-11 22:58:45,f5bb323115937a2a4b3a13242ade97cc9533cb4d09faa89b512f53aa51d81251,896321,990907.0,470.0,0.000474,1,2,223
2025-05-11 22:58:45,101c621e24e640b8ef4642d0302c00bbe8c32ba368042313aa2e987dc99f88ed,896321,38507.0,356.0,0.009245,1,1,303
2025-05-11 22:58:45,bbc3ab089bed2288c80805b32c207fde00baa39e370f8de76b166cf19a9a49f2,896321,28118.0,324.0,0.011523,1,1,191
2025-05-11 22:58:45,aa4c40f7495ee275573249f10a280ce822823f573664bb0b13b29d80973daf40,896321,102919.0,453.0,0.004402,1,2,234
2025-05-11 22:58:45,84b5a75ecced4920f76aceaa64189a21177092ad5424af64bcc6e80734419bce,896321,30742781.0,2111.0,6.9e-05,1,1,191
2025-05-11 22:58:45,c6fe13bf5e1ce3740335e812ae889d5b5f60f88344305c9ad242dd6752c65a46,896321,17929788.0,2143.0,0.00012,1,1,191
2025-05-11 22:58:45,471d011810b8be2cb59b3f47b9725564646ee4ef8eced226cd71977c6976cef4,896321,821341.0,16084.0,0.019583,4,2,670
2025-05-11 22:58:45,577e6c448b54a0ee76e583d1573d9e743d9eb46d8a8e61b0f398d8e928703925,896321,52824242.0,5358.0,0.000101,1,147,4951
2025-05-11 22:58:45,7898b62a4c6e25ac055d759236a791dc79a9aeb0f66344e913e7dc62805abd0e,896321,46255083.0,5462.0,0.000118,2,149,5126
2025-05-11 22:58:45,ba75ea2dd13e2e5b5681fa8765d5fad005e6b1b1c11653debd8d56238e356a27,896321,35910025.0,2358.0,6.6e-05,1,1,191
2025-05-11 22:58:45,3d528944a130014897b478631f7f8c41c7c1e0e30374c543b5c4969f447fd6df,896321,109630.0,5758.0,0.052522,1,1,191
2025-05-11 22:58:45,2a405edde8fa311cc3a17bae5758d4f4184855c425891cf0322b15ea71decb5d,896321,35570.0,257.0,0.007225,1,1,191
2025-05-11 22:58:45,45db1289e8eb54d55e4aa458e542dd65f6e98c3e4e8b2c49e48949dbc617abc7,896321,83892.0,5823.0,0.069411,1,2,223
2025-05-11 22:58:45,80e4c03100781496a05c71e75d7423bdcf8cdc40d7163a1cd3be1cd84692bb17,896321,61512134.0,6052.0,9.8e-05,2,162,5663
2025-05-11 22:58:45,a07a6139ccb637b3bb552958ddef638885e890d58367c6e41747c259dd74d9fc,896321,7916778.0,5187.0,0.000655,34,3,5197
2025-05-11 22:58:45,796956d6e9d0a9257b3f8ec55f4bb363d6b64119211b83dc1cac1e5eba2aaa33,896321,77217.0,338.0,0.004377,2,1,260
2025-05-11 22:58:45,84e216ec40810d358a738553f5943827d3b1f7aebc22bb84d5c87a49aec65e13,896321,20786.0,1402.0,0.067449,1,1,192
2025-05-11 22:58:45,9aabf715138876bd3b2384f759f9af28e2e9fc2f6c93c85099de8196e2ffd726,896321,75656.0,1610.0,0.021281,2,2,370
2025-05-11 22:58:45,f1cc387c957017ccff1e4a310f639199bdca244a8a88ad4bebf3b14662796084,896321,69998062.0,1938.0,2.8e-05,1,42,1549
2025-05-11 22:58:45,ce7c8e4eb514eaf6ef75dc73e6e6ef18debe967e03dc627568e20022571584cb,896321,2918176.0,1352.0,0.000463,1,1,192
2025-05-11 22:58:45,5197f70790dada41ff32ce105c0ce3b4da4f888cf4a03ad6b3da4c3f09cb3f00,896321,46396267.0,1854.0,4e-05,1,42,1485
2025-05-11 22:58:45,bddfac38a96382641a7cff25d0ce4a52d16e5609123cf3febdc8b639e42cd493,896321,2747116.0,1494.0,0.000544,3,2,530
2025-05-11 22:58:45,8e598f86e7b42b89b44438bb1daecd39597b62afeee4ab4ae258863e3455b9ed,896321,178072220.0,1462.0,8e-06,1,31,1188
2025-05-11 22:58:45,7a7b04f6d900635af7f62f0918cf6f1fd5a21bcba0b7dd7e77c5cf448de4a06a,896321,1903109.0,2912.0,0.00153,9,1,1374
2025-05-11 22:58:45,7ecb9bf606be1927e0b72704dad072dd7cb09de9e2455874a566af19e4e1cabb,896321,88228954.0,636.0,7e-06,1,7,382
2025-05-11 22:58:45,d2dd4295bd191ca816a72217c33c12687bb29f112627e620021b0ea0434192f8,896321,729967.0,1089.0,0.001492,1,1,191
2025-05-11 22:58:45,a63d4ff2f44bc7125eb02281d4a863cb987fb7c18b37c8be346ae8f6a34665ce,896321,207237591.0,1409.0,7e-06,1,30,1148
2025-05-11 22:58:45,aa3b055395cedb3ceb3ee751474c489fa6234015d718427c75771cb50d426960,896321,186474.0,4049.0,0.021713,27,2,4080
2025-05-11 22:58:45,4d829d67bd93e559395ed25c0e4f2a19b1ccea8ad0cdaab7200e115822565676,896321,50115051.0,500.0,1e-05,1,5,316
2025-05-11 22:58:45,116464a6c2dd36834559f924dd0cbcb813459fab962e949c4723f46273ccf7ae,896321,14728624.0,508.0,3.4e-05,1,2,222
2025-05-11 22:58:45,c27c9344c8900a81ecfaccc7cbee91b001d73b3d8cc71a56246b43d2014d48a9,896321,14736183.0,508.0,3.4e-05,1,2,222
2025-05-11 22:58:45,82cd52aad03d53fcf717853be12c3242a2859f6e96c16f70ae89f210120bb559,896321,14829165.0,169.0,1.1e-05,1,2,223
2025-05-11 22:58:45,800162103cb1d9d62e7b44dc46f54be6acd447039944860a2675f17dd9d54aca,896321,14838955.0,184.0,1.2e-05,1,2,235
2025-05-11 22:58:45,6f3f74e239e7d7c0d49b82132a8f46805597ab845f4a6868737e2e3e91d91ef2,896321,14853566.0,184.0,1.2e-05,1,2,235
2025-05-11 22:58:45,0dd37770b919f4c6ce9cc6e5735a4dd7d6779c513d6d79e9933085a6ce242c61,896321,16718124.0,2909.0,0.000174,13,15,2414
2025-05-11 22:58:45,a9b8e5d1ec5dd201d308c9eb74f13a904094d80d904be5d6da4fd35da30dac05,896321,25149477.0,523.0,2.1e-05,3,1,487
2025-05-11 22:58:45,255e45cc8093000f2eea06ed1f3fe324a68536fbffdc3eb9fe3607e9d04ac3d3,896321,189884418.0,2119.0,1.1e-05,14,1,2121
2025-05-11 22:58:45,9fc30088b545deff709717f9be7888575a6a4b6c2a6d34a84d889440e96e4768,896321,37060905.0,327.0,9e-06,1,2,234
2025-05-11 22:58:45,b0a36fec8237a491a7ce6a5ebc91686a38854c395dec31157bef5e28631e725d,896321,1699665.0,327.0,0.000192,1,2,235
2025-05-11 22:58:45,f94c26821afe1cdfc9cf25a25267161ec3f1d5ceedecf6f1bb67282f9953822b,896321,3091243.0,327.0,0.000106,1,2,235
2025-05-11 22:58:45,c99739397af3394a6415e7c34ad430fa10ce4d7a71e62efc63c9ef22236cf6fd,896321,483613.0,599.0,0.001239,3,2,460
2025-05-11 22:58:45,f01fc1b8ca97ade59016054790e2c9d78e7da75227c5688849840a8512570e2d,896321,4065961.0,452.0,0.000111,1,3,293
2025-05-11 22:58:45,19c725f3129232942de8736923a61f2eda2bbee02319d4493336977d074936c6,896321,81496.0,504.0,0.006184,1,2,235
2025-05-11 22:58:45,a9e018fc499d824d5da93abda6a8dd53179025aae7b062d83b6747861cfc871d,896321,12496.0,504.0,0.040333,1,2,235
2025-05-11 22:58:45,1eb3932d1f92e243070a8ddaba34f94840436364450ab360914415846b4486cb,896321,86439929.0,1180.0,1.4e-05,1,15,631
2025-05-11 22:58:45,d5f5fe8e652cfc85c43d5837d0aba04300754e3c0b6ae5a2b51f70d132e7ea82,896321,70873.0,700.0,0.009877,3,1,569
2025-05-11 22:58:45,457aa7873cf02bea5226c2c87cf7cfa2875a9c749e7d8d9d2cb798648dbfd4f9,896321,1636208.0,310.0,0.000189,1,2,222
2025-05-11 22:58:45,b8c1790ae74f4e23bafb422923cd491e2616615f68d3ce42328fe0cd5942a89e,896321,2842554.0,296.0,0.000104,1,2,222
2025-05-11 22:58:45,6751730319ca9fa026832f048541a1a0eae5acc1a6e9a03f89f088a6a11b1efa,896321,257684.0,518.0,0.00201,1,2,225
2025-05-11 22:58:45,847673210fd2b3e9e472d2ac6cd39096e7ddab30ad5528e81116bfbeecec45f3,896321,549196.0,374.0,0.000681,2,4,434
2025-05-11 22:58:45,cc30def22b99beeb114d19577ba1871cc483de61caada02ef8cb2039646dd7e0,896321,1483234.0,1326.0,0.000894,8,2,1261
2025-05-12 21:13:18,1a6b27dc49a5edf391516f6fa9af4c0e5bb4c19b0b9a461e85c9d00051404ff8,896458,55555.0,1716.0,0.030888,1,1,193
2025-05-12 21:13:18,4904e72852e31361abb9145ff178c189549cdafa62598d3482a5bd5fb8c8eeeb,896458,202713.0,2804.0,0.013832,1,3,257
2025-05-12 21:13:18,7c8a0df75f5eafddcd6ca1c560f6ae05a6022240082640006430133894e841bc,896458,334060.0,2247.0,0.006726,1,2,223
2025-05-12 21:13:18,71eee38205bcb965aa847688d85e8115a7dd7cd4caf6211b1c17392d6722985a,896458,1432760.0,2700.0,0.001884,1,2,333
2025-05-12 21:13:18,7e2eb75024056efd136e281aab9b1d2c19d6363058848c5bdd34c72ebb9e1779,896458,385235.0,3360.0,0.008722,2,2,371
2025-05-12 21:13:18,ec38ac19e323be053e7ab43479d11cff17320e07716f3548c6dd5e13d669c182,896458,82051.0,3056.0,0.037245,1,1,189
2025-05-12 21:13:18,37646df12eaac01f4f0d9ebb15d16ce41e7645a1a18a15a376a3e9a7f87607f6,896458,47524.0,2476.0,0.0521,1,2,234
2025-05-12 21:13:18,c50edb352b234fcc6c3b51b7acabe69760f66db0a1d9ed8f9e770d0903eb7ab1,896458,488891.0,1784.0,0.003649,1,1,192
2025-05-12 21:13:18,8360afe86c3cbb2426af8ba172774f7f318a056d0611b0235b7f1940f5fba07a,896458,3535270.0,1830.0,0.000518,1,1,191
2025-05-12 21:13:18,5ce5f180ca4bdc9e716b252d74549cc2aad572fb2810536318fa408324c8bef9,896458,623217.0,1892.0,0.003036,1,1,194
2025-05-12 21:13:18,4759b6555b594149f199a133f1f943db95780631215c2a79222200b8c0345116,896458,1325673.0,3247.0,0.002449,1,1,192
2025-05-12 21:13:18,5ccfbfbb0c6cdecd0ce5897ed91b26ca71b5bc770e9ead30ebfede3e504e4cdd,896458,243028.0,2414.0,0.009933,1,2,223
2025-05-12 21:13:18,0da6a980e428048765ffcdd9446d159ec948e7f32d3c2cbad2a46f6b2a6c9cd6,896458,1340.0,2924.0,2.18209,1,2,311
2025-05-12 21:13:18,e0502631d8d39cad106cebc45a42d854fe18d0c44cff55afac09009bcf45aefe,896458,22331.0,2618.0,0.117236,1,2,205
2025-05-12 21:13:18,589b1700a291158e542345c2f90b658ced6bf170af40fa29063e83d69a926e68,896458,41603.0,2397.0,0.057616,1,2,222
2025-05-12 21:13:18,4b547de0a6677eb482cb392e7aea80ecec3087bbba59280afb83ab60b9724373,896458,15062466.0,22389.0,0.001486,14,1,2444
2025-05-12 21:13:18,0f70a765b851a2e7c6579a28c7f1b252f32fcd669ad95388293b242cfaa68e2d,896458,43434331.0,22389.0,0.000515,14,1,2446
2025-05-12 21:13:18,e999868d2fc0936dc596455a0bfab0e9b58883d259e80886cda75b80d65811b0,896458,5963302.0,17748.0,0.002976,11,1,1930
2025-05-12 21:13:18,fd277ab1fa54d1a5b2dbaa922e69e9b882f904f810440c3641f529b97b312b1c,896458,1996323.0,3427.0,0.001717,1,2,391
2025-05-12 21:13:18,952c1e8186dbf961f094aac3b1029408252aa9c8078f8ffcb4f2386c6bf74a45,896458,17938.0,3400.0,0.189542,1,3,281
2025-05-12 21:13:18,940e7ff630ea2239f8f2435aa3879be51dd24af03b9e791a7f8baa718705c9e3,896458,65693.0,4743.0,0.072199,3,2,521
2025-05-12 21:13:18,a0c24bd9d72af44af1c6bc06cfe336100e61bc88e2044f7c71ca04b22719857f,896458,441820.0,3820.0,0.008646,1,2,222
2025-05-12 21:13:18,6faa34cf783a5a63e286351ff057d790627174f8524e85a87c33ae43d56b2321,896458,542040.0,3820.0,0.007047,1,2,223
2025-05-12 21:13:18,bd6fb580734d3c0b1bd7d6d001d7e3e86cb387e81f279947c5b8c5bcdff6c8b6,896458,300423.0,3247.0,0.010808,1,1,189
2025-05-12 21:13:18,94bb314d79e71cba4945a01a62bf6cb616781a79b8ee902d20b540f39a7dc97f,896458,129592.0,3247.0,0.025056,1,1,188
2025-05-12 21:13:18,4a341d3014d0fb154cc07aa3bd522414efe6307eb8e78726f0079addab422d7e,896458,1025785322.0,2975.0,3e-06,1,3,253
2025-05-12 21:13:18,9473b6b9a52e3356a1674f11dd014007b2d9353e1aae53fe0fd6ab6bdc422405,896458,1417543.0,6422.0,0.00453,2,2,370
2025-05-12 21:13:18,cea7447909c414db778ad1333c386427ade5a3c5ada04e3be7b77fbf11e0daf7,896458,111756.0,2145.0,0.019194,1,1,204
2025-05-12 21:13:18,8eba262ce39046c6b5f20354d15a8f145391c64fca5d2ee3ffb5c26077b3f584,896458,342046.0,2145.0,0.006271,1,1,203
2025-05-12 21:13:18,1f4e2ee316bc84e90f3168b13495d217ec9a59c41f4c28d43eac67c0d1c4e475,896458,315905.0,2145.0,0.00679,1,1,204
2025-05-12 21:13:18,4033bf4cc9a725f30b8c86ed12cb1e702b62c2c19deb3da09b662079d924cb58,896458,89196.0,2145.0,0.024048,1,1,204
2025-05-12 21:13:18,e3faea9341e97bcc7518871435b0c8b35c08b63e7aad434f229460eda2e82ac3,896458,103724.0,3438.0,0.033146,1,1,189
2025-05-12 21:13:18,968d623c379929d2c5b2b3810e8502eb8a00873a10738bfcded7588da626ee86,896458,107162.0,3629.0,0.033865,1,1,191
2025-05-12 21:13:18,527d8217a7a73e120d487522a32ed364dc3f5aca89012fceee29de493bdb874f,896458,122665.0,3629.0,0.029585,1,2,225
2025-05-12 21:13:18,794a040df5d47ccb9a76fe75bd866f7f4a62b3b333f546ce9cb90a0711f988de,896458,110298.0,6048.0,0.054833,1,2,226
2025-05-12 21:13:18,1951601e86fcdc61828c27799e899b810763715f151ec651fc747cb81d882dd4,896458,1869036.0,455.0,0.000243,1,3,414
2025-05-12 21:13:18,dc13973f4229ac909cc66b5f4411e0275bfd6f126a98387c445646666db391ac,896458,195547.0,3438.0,0.017581,1,1,192
2025-05-12 21:13:18,6cc75d54ceef0344526234333fc872efc5967186fc41041d3b58dda5ffb45069,896458,494905.0,6084.0,0.012293,2,1,336
2025-05-12 21:13:18,028d10fa86d7cd1773307e3023c1eb0b61ec6f05b1f0a141fdd0cc77ea8beff8,896458,9739.0,1996.0,0.204949,1,1,192
2025-05-12 21:13:18,570ab6a2ce49873da144a15e770b4f65f85940dfa594b3088e507808538d85b6,896458,642260.0,6760.0,0.010525,2,2,371
2025-05-12 21:13:18,86a51c229c1309cfcbd84130bad77c76c210e3b845340bb586c15ab0cbcda01a,896458,2814811.0,3438.0,0.001221,1,1,188
2025-05-12 21:13:18,3a404f4a6a6d987d59301f16b51dd19526af32c5b8d1c78f79cd5b5e3dbbb162,896458,616300.0,27320.0,0.044329,19,6,3010
2025-05-12 21:13:18,086b8edfc701cb8e44113155b17d360e13e971ea285c6eff1555af6f7dcec641,896458,5494078.0,2679.0,0.000488,1,2,222
2025-05-12 21:13:18,c537f24635fa6266f1711c4731177974d4ad66ed733a2fe0c4521e5c544691cf,896458,99177750.0,3977.0,4e-05,2,2,371
2025-05-12 21:13:18,156ff7982f3b0800576c5b471146737471a6de328a7a5365adc635d33188e88e,896458,42412647.0,3977.0,9.4e-05,2,2,372
2025-05-12 21:13:18,92969cbdbfdc8e1080466f0f1ff9c7e77b5392c1ff5f3327469d5a7c7d619b8d,896458,84127259.0,3977.0,4.7e-05,2,2,371
2025-05-12 21:13:18,1bc8515d96bbe92ae27ebbdb3c9680b1bf619f0588a4c0ca5273609da752298a,896458,27067423.0,3294.0,0.000122,1,2,223
2025-05-12 21:13:18,bcffd9ba26eade5e9fd37c76d9117474b9fce34b27b41189fb00ff768f824a69,896458,28590884.0,3271.0,0.000114,1,2,222
2025-05-12 21:13:18,41b1d184e5b029b494ce6c3838c67c4211d13a06e8bd53c7ff975f7cc0bfbaed,896458,28807632.0,3271.0,0.000114,1,2,222
2025-05-12 21:13:18,5a31d2aa97482d0b3acfac5067aec4efc9161b4ba681e1b3f96dcb2d30c62097,896458,28917959.0,3341.0,0.000116,1,2,225
2025-05-12 21:13:18,de2176f3b72b7b2116e58c50d186bfb127220f608402e338d0923c7ba2b8ac4b,896458,104518705.0,825.0,8e-06,1,2,245
2025-05-12 21:13:18,eb547dbbbe9d1bb7a074263d47e928cedac395dc8dd049b2752d6f42d2f2a09e,896458,274777.0,3629.0,0.013207,1,1,189
2025-05-12 21:13:18,a589cb8c1105f2429e3342af3922ea085804ff6509cca080ffe8b5488976434d,896458,7713279.0,3240.0,0.00042,1,2,249
2025-05-12 21:13:18,7ef8f9175057f8fca734293e98fa15744a1879e5b443080690ed0ead310f94fa,896458,19710.0,2790.0,0.141553,1,2,226
2025-05-12 21:13:18,c50e97904c1aec347b79392921073aae02c1d651f3cfb5e9e689846927988491,896458,1789900.0,2200.0,0.001229,1,1,192
2025-05-12 21:13:18,d14fdc6bdd5831ef60595026b9a2f557f8e2e6e4675fa7d17bc715a95cad3a5e,896458,3634177.0,2820.0,0.000776,1,2,224
2025-05-12 21:13:18,3aed1be007ce39ac44e790b44fd6cede542f1b1aee3ac4e7d766cb8188142804,896458,115304.0,2250.0,0.019514,1,1,194
2025-05-12 21:13:18,b09d6e3af306ef8f60dca21dab3bffcb774d13ea3609060fc77ddc531e4902c7,896458,16279808.0,4740.0,0.000291,1,5,318
2025-05-12 21:13:18,74cc36cab7103ff97cdc01b85418ceda564ff3e2bb0e9b6e3e09634a2337479b,896458,1140900.0,3060.0,0.002682,1,2,234
2025-05-12 21:13:18,ea0c8154fa98372816f3356c4f6135e57da4ef86f3a7ced6ebd36d3c835eda83,896458,190877.0,2820.0,0.014774,1,2,223
2025-05-12 21:13:18,559f6563d1b6fd682e5b37005571e18da5be4def9782ee558e9ac6077fb9d87f,896458,3587433.0,2820.0,0.000786,1,2,222
2025-05-12 21:13:18,fdf1f632e4de62798d36e1a2960c56c4ed5b970126fb84c666970bc694ebac68,896458,495900.0,2200.0,0.004436,1,1,191
2025-05-12 21:13:18,4c99b617a070f6db7c10bb6d2d956b734f93f6c571cbfa4fbee799ab7051ab38,896458,50574.0,2880.0,0.056946,1,2,226
2025-05-12 21:13:18,f423390a46d67a8a74e519fbc5c774d966860fc1ffd3b90469bf788f835d9592,896458,21293566209.0,6260.0,0.0,1,5,502
2025-05-12 21:13:18,97c7679cf04a2dd72e3f3c95d56d45205adc83ffb7146430b7a8172611e9c2e9,896458,234157.0,7866.0,0.033593,2,2,371
2025-05-12 21:13:18,90504582ffa30fcbb088c3b1cf1463fff4c59f5e3a480197157c332b3e96df9e,896458,592264.0,2000.0,0.003377,3,2,521
2025-05-12 21:13:18,caaca14682e1222c0eb407d713b2f2766007b209563ead2efe82b9c03a9fe365,896458,1024238790.0,4120.0,4e-06,1,4,284
2025-05-12 21:13:18,fe35fdf00d928232a177b1fb12b0220ae8992979a80e819e0662e730d0d04246,896458,1025144574.0,2880.0,3e-06,1,2,222
2025-05-12 21:13:18,e1da053ea164f9a814505c7434435b2a436b4f06713fdb3bcaaee0aa657132e4,896458,103084673.0,4864.0,4.7e-05,1,3,425
2025-05-12 21:13:18,60bbc3622d2169700b0e7abc9e14f438d0563161c99160d5e74272dd2df5f971,896458,200465.0,2310.0,0.011523,1,1,192
2025-05-12 21:13:18,ca945bd9b3b9c9e042d9b834a64c2ff4c1a0c0fd000443ba902d3ec9ba291d1a,896458,93832187.0,2982.0,3.2e-05,1,2,224
2025-05-12 21:13:18,a19c721abcbd6318d43dcd13704f6e5fb46e4ff2453c716a1bfed244cc83fa54,896458,9704058.0,3738.0,0.000385,2,1,339
2025-05-12 21:13:18,e5b67153a26cfa7419f0f2d023d2902114a41a56e67b5c44171c0a3e078a335a,896458,732000.0,5239.0,0.007157,3,1,490
2025-05-12 21:13:18,0b79cacc003bfcf5b68fb109ecb6d4e46d01d9900c098a3ebab6fb635809eb5c,896458,4670087.0,7305.0,0.001564,3,3,582
2025-05-12 21:13:18,2f89d60ce17486d07aec65ebfb73640f4a2c3b91f906fbebede86d2d157e645e,896458,1481761.0,6030.0,0.004069,3,2,518
2025-05-12 21:13:18,f0bde52599275b26379bdabe8c89bc293d415bf92e8c1c118816c8b2e76a11d9,896458,521418.0,5412.0,0.010379,3,1,487
2025-05-12 21:13:18,73286fb6d6833879ca6daedc106d034df8fe70bf03dd492d68236344c51b6358,896458,8050008.0,13600.0,0.001689,6,1,934
2025-05-12 21:13:18,dbf40b45981d6c33f311227806b54e84dbf75ff87fe848cd54d8eeb98bdb8ce7,896458,30866.0,2534.0,0.082097,1,1,194
2025-05-12 21:13:18,62b6ed4f83452daa46fe6c70cd9d622d2f8c0ec3b3db9090f5bbbf4452a40bcc,896458,28412827.0,5684.0,0.0002,1,4,284
2025-05-12 21:13:18,4079a70ab6d2b6b90659b567f551a1d6236183824ad36df486b79fc0e25ab292,896458,30109951.0,8840.0,0.000294,1,8,421
2025-05-12 21:13:18,f9ae22dbd26415b2d656fb6521e2639c37bd7c87843cf0fdd0f6b44aaa32d4ed,896458,30272834.0,4128.0,0.000136,1,3,253
2025-05-12 21:13:18,092950ef881c3739b62022172560a4cce564d849765813b66e6a3b3848270d93,896458,41244690.0,5382.0,0.00013,1,5,315
2025-05-12 21:13:18,4e88657c2164c030251d0abfc9d4e0125e50ecbaf5d0fafacc8ce5695adbb9a1,896458,41363901.0,3268.0,7.9e-05,1,3,254
2025-05-12 21:13:18,795580c4d1a584d9d6c04097fbab7b97453dab68744f77332c3378bde0afff55,896458,44923893.0,6460.0,0.000144,1,8,422
2025-05-12 21:13:18,92bd39ff6f1a0c3c6dee247bd08f7aa8d05ad6e4d5a38294d217c12d120b8838,896458,48507012.0,4465.0,9.2e-05,1,5,317
2025-05-12 21:13:18,344a62d245fdb3f792b8c38bf190ac9c85f7fb3a75fc592335ec21b44277c968,896458,3217790.0,6399.0,0.001989,1,5,473
2025-05-12 21:13:18,22b8b26c0d1a787291727d9467be30f05a21c6d69227ef5930974ac072e70096,896458,2850616.0,3464.0,0.001215,1,2,235
2025-05-12 21:13:18,4324f314b158989ffa4785f944af60f3b63e8cc64098da08b6fe9927492e6260,896458,145275.0,4032.0,0.027754,2,1,340
2025-05-12 21:13:18,e406a48b353a7b2c195e88fce13c1e84476604110b21301251d41794e060fdda,896458,97384.0,2530.0,0.02598,1,1,191
2025-05-12 21:13:18,05cac4a323b7629917277d3bf66cda18481052d5d780c52a5a4b4efa352e78d3,896458,81937.0,3266.0,0.03986,1,2,224
2025-05-12 21:13:18,703efd8acc11fe3bd61d083332a1fa7e946b459741278f4287e1bddf87142789,896458,2487990.0,3266.0,0.001313,1,2,224
2025-05-12 21:13:18,6e9700becaef34479ce2e9dbfbc86a19cb2430e1b2c1e9f7c72116cdcd94cf77,896458,26569.0,4094.0,0.154089,2,1,341
2025-05-12 21:13:18,daa234cfaa5ddfbf2c93c49fcd9e9767d9f7ddde1e0ef7ec1092a13af7609c63,896458,1974201.0,3243.0,0.001643,1,2,222
2025-05-12 21:13:18,6414a73202f331a624bf3176d20c1440ffe3dcd154af1c31e1dc78f17ebefd4c,896458,496757.0,3243.0,0.006528,1,2,222
2025-05-12 21:13:18,e103e24c504d57d6b9e68c71f7a40f2d86d14aca2ab0adfae64268d29c23ba4c,896458,687482.0,3243.0,0.004717,1,2,223
2025-05-12 21:13:18,d8582e672927fd9a536cf827a7a26a3a7a97682eca06d2f376e55f1afb7a9a3f,896458,95032139.0,3266.0,3.4e-05,1,2,224
2025-05-12 21:13:18,96bb8b377d5c6be545436a13cf1eb4dac8bc2e7f7c68c9f9d19bbaa815f53b3e,896458,32350.0,2530.0,0.078207,1,1,192
2025-05-12 21:13:18,11eb6b90ed7a19db1781e42011336ae3dec587acd8dcb08b30b6df71058b2b08,896458,2991441.0,2530.0,0.000846,1,1,192
2025-05-12 21:13:18,432ac30d24b953a7733fbe5f456b77f3b5d8dfb26d11619736f3ae4c4009dc89,896458,39186691.0,19826.0,0.000506,9,1,1586
2025-05-12 21:13:18,c70d80fa6a9ce92832e019ab4828f8d7ee5a29aee3a4d1baa0741043b914f2b9,896458,434602.0,6371.0,0.014659,3,2,519
2025-05-17 07:08:25,fcbe66d3b3772a014b587a51af8f86c297aeeccdc02b06821d9aa805ab1d4ca0,897070,43454.0,234.0,0.005385,1,3,370
2025-05-17 07:08:25,05b1a9e0985ca215add65f85697c6e69770b9f745f2f295ee962e3bf1c88ee3a,897070,44018.0,234.0,0.005316,1,3,370
2025-05-17 07:08:25,510c8205eeb53be0fcb1e84768aebc68eedc61fd9c5d262af5bd32ae552f154a,897070,44582.0,234.0,0.005249,1,3,370
2025-05-17 07:08:25,0e876ce73b6217be60ee499aa1ceeaf561779e877932aa8f2d9d8482a9511c53,897070,45146.0,234.0,0.005183,1,3,370
2025-05-17 07:08:25,c42c8cc382c3fac27ad15dbf0f80587b8e5163e458bdc650190a082c7abcabcb,897070,45710.0,234.0,0.005119,1,3,370
2025-05-17 07:08:25,8e6f52f365108c84ecd63f4b27b5a030375cc9c6179c2803f81da3a45fd4f415,897070,46274.0,234.0,0.005057,1,3,370
2025-05-17 07:08:25,3282d4f3f7cd1a41ea45fa2575999b6f1c80edef364f449500f29469a463b98e,897070,46838.0,234.0,0.004996,1,3,370
2025-05-17 07:08:25,43d60d0356f1060e7689cbeb38cbd224eb01869bbb5c797049bf41a111d2935d,897070,47402.0,234.0,0.004937,1,3,370
2025-05-17 07:08:25,9cf23d8431c9ca419898cb6e5f4307b977c5c97b33f2f189147cdde07779222c,897070,47966.0,234.0,0.004878,1,3,370
2025-05-17 07:08:25,bac11455071019ae2777401c2dadb199be0af62c4536fc27e0ec7f29002b22d5,897070,48530.0,234.0,0.004822,1,3,370
2025-05-17 07:08:25,1f05e9f8a78fea087537f92049c5e43a17a989ce5a79c4b5032fa979b91294eb,897070,49094.0,234.0,0.004766,1,3,370
2025-05-17 07:08:25,d7475dfde876de48a5878da6bd1834c664d093bf6aa6512c25320aaf53fe1a3f,897070,49658.0,234.0,0.004712,1,3,370
2025-05-17 07:08:25,97d53b165de3a945cabd35b20fd26325260b68fac7402134e27ca6085763171a,897070,50222.0,234.0,0.004659,1,3,370
2025-05-17 07:08:25,780339220a7865abc1b2438327a4efb506e7daf1fe2f6018550511f80497ad60,897070,50786.0,234.0,0.004608,1,3,370
2025-05-17 07:08:25,0b20b7fa3f1e84aa9d3715814275fb955a64688edec92440c763cffb1f5c0610,897070,51350.0,234.0,0.004557,1,3,370
2025-05-17 07:08:25,e6e15c38b45683b470ec0524eb9f422bc645ddc56ade433fae2a179f4fc27354,897070,51914.0,234.0,0.004507,1,3,370
2025-05-17 07:08:25,8f6360a6a3768eef92c596620f910088014b38ef6036873fba8eb3e001ffb0d0,897070,52478.0,234.0,0.004459,1,3,370
2025-05-17 07:08:25,737015b66479032ce359875229960831bd88f6df72a274fb08c35f4d8d835c0f,897070,53042.0,234.0,0.004412,1,3,370
2025-05-17 07:08:25,06658e299b28d6935d3c90f39205e145b6e2b41ff1113b599b4c41d9c73d4ccc,897070,53606.0,234.0,0.004365,1,3,370
2025-05-17 07:08:25,2aa0af8c302c133d44119ad9fcfe021b35de2b28aee81f8b91ded4844f7547cf,897070,54170.0,234.0,0.00432,1,3,370
2025-05-17 07:08:25,9cef846dba4a2f00e4dfb283ce86092ec4e453f1cae78fc88e7871c3dea14a4f,897070,54734.0,234.0,0.004275,1,3,370
2025-05-17 07:08:25,eafd8b82b524f26b43821ddd478222456206e9d4a877a2895a1e42d36f3e2554,897070,54968.0,134.0,0.002438,1,1,204
2025-05-17 07:08:25,497e9b28c518f16bf83376834f56b0266ab40ab3a4fd6bc3631ccbd9ce97aa27,897070,330.0,199.0,0.60303,1,2,278
2025-05-17 07:08:25,cd46e2a98d6fe05db9ce65eb2c8fece5c27abad8bd3b7d59ac958d15aa640565,897070,171504.0,693.0,0.004041,5,7,834
2025-05-17 07:08:25,4d0af6cd701119f2fa298386285c1165beda08118e85acaf40ba98284d4ac65f,897070,1585990.0,252.0,0.000159,2,2,312
2025-05-17 07:08:25,a71dffeb375a96ed99ebbe4ca245adb2deeb4caff2fd3ea921790d5b62c09d69,897070,12218.0,200.0,0.016369,1,2,247
2025-05-17 07:08:25,32ff59f48fe0db1bc09f434ff9685ab9317e9e74cc783d9eff831b35453de39f,897070,22038.0,300.0,0.013613,2,2,417
2025-05-17 07:08:25,e5d4753fb0a3469c17f1cf7e27e36306e9076224ba2190d63c30ef53605bf8c9,897070,214024.0,337.0,0.001575,1,2,283
2025-05-17 07:08:25,593dea5676c6e01dcb16192343861c7bd523a09167d66599821d51a6a38f21f4,897070,1240881.0,168.0,0.000135,1,2,223
2025-05-17 07:08:25,db93dfae80b14a22e3ad13e05ae967e6462653d98e907f0dc0ee203a4a240e36,897070,68030618.0,168.0,2e-06,1,2,223
2025-05-17 07:08:25,babdee317961ece2ac32878007c443e21471c07036f4cb2038468b9f1a018721,897070,9393.0,233.0,0.024806,1,3,353
2025-05-17 07:08:25,70fc3dafc2898db32efe087e3b9e160ecce35e05235411570e900532459a8cd8,897070,9956.0,248.0,0.02491,1,3,367
2025-05-17 07:08:25,2ee9d136f0506d14d50f29667207e35daa8f5caa8e7cdc5824ad66fd67f48446,897070,10534.0,248.0,0.023543,1,3,367
2025-05-17 07:08:25,3e2ce2d32542d7063c4ed30e1357436985574ae27eebdb6f609b507fc8798b41,897070,11112.0,248.0,0.022318,1,3,367
2025-05-17 07:08:25,8d980205edc6b81c63807f1fd42b46d72883abbca9d55a4e528d599334034969,897070,11690.0,248.0,0.021215,1,3,367
2025-05-17 07:08:25,f220a167bc4ed2c2520eac444f7c58a39d27fae1d36f60a440e26ce31e347015,897070,12268.0,248.0,0.020215,1,3,367
2025-05-17 07:08:25,fbd5007ffc80d89001146efd2645164e041e2c1bce2e56459a79dbaa7673a9e0,897070,12846.0,248.0,0.019306,1,3,367
2025-05-17 07:08:25,86ea7504520d98f7c3e6e834940d1f3e59d0ef51e4b4b4dd2c2158ab3d6e41cb,897070,13424.0,248.0,0.018474,1,3,367
2025-05-17 07:08:25,103cd1a4b2d2e1ef4ca9cfbce400ec6c8f35a30e41eeeff7ab1f5aa37b0e6f84,897070,14002.0,248.0,0.017712,1,3,367
2025-05-17 07:08:25,5ce6fabd9242b89c854097a7dd6342fedb4f887db9485c2c2ae2d334fb49b458,897070,14580.0,248.0,0.01701,1,3,367
2025-05-17 07:08:25,cbee68dcaa4effc8dade4b6647746b43819c81a1b6f0546941aa88cda0d95e37,897070,15158.0,248.0,0.016361,1,3,367
2025-05-17 07:08:25,e030eac177066e47bd9db4a3271cd318d3d0ebfe036b181228e3b7cf897ce90c,897070,15736.0,248.0,0.01576,1,3,367
2025-05-17 07:08:25,400badad80be724292a05487cb99b8546721222dc648614a19c39a767fbc0140,897070,16314.0,248.0,0.015202,1,3,367
2025-05-17 07:08:25,d30d680d5370e6c91c05d572358a35712a3da8d412c7796899a7d256df08f579,897070,16892.0,248.0,0.014682,1,3,367
2025-05-17 07:08:25,91425004e25bd4e4853bed8610351bc181d56bb2ec69ecca09081d5cac098a75,897070,17470.0,248.0,0.014196,1,3,367
2025-05-17 07:08:25,f57736ed874cfe70c345d3720da20b1b4474cac8a481f443578a18aec4494652,897070,18048.0,248.0,0.013741,1,3,367
2025-05-17 07:08:25,02cf0eac07350f98daa350181c3bc7fbbd132b35d9be4ef4feb5099f6443f9c7,897070,18626.0,248.0,0.013315,1,3,367
2025-05-17 07:08:25,49a02ae4f89b9adc55a721865e357e8d0095e22be5b1b96b56c8a0e8f1d0865e,897070,19204.0,248.0,0.012914,1,3,367
2025-05-17 07:08:25,65442ae0f63df7d8582ca27643d8d469dd88443fa8253b17273ffce4beed42d7,897070,19782.0,248.0,0.012537,1,3,367
2025-05-17 07:08:25,b87ceedc3a6b7e2270c1c4233c15bc7f1c71954946ba9324ffb30eae1e0e2529,897070,20360.0,248.0,0.012181,1,3,367
2025-05-17 07:08:25,cf9eab5e931643112e8dbf4e7750da9442d6b68a51358dc301b9139c65f1def1,897070,20938.0,248.0,0.011844,1,3,367
2025-05-17 07:08:25,84221befcd3c255fe4181e3c894204f87cac2e9b75e4e17d9ff2795ce3291e76,897070,21516.0,248.0,0.011526,1,3,367
2025-05-17 07:08:25,d233c84e75652763f53fe48bbafe3b036c6b237641e45b06ee3419193bff38e9,897070,22094.0,248.0,0.011225,1,3,367
2025-05-17 07:08:25,96470848f0958c2a54e52e2f1695bfbb63d606b202e71156e84ec5f41543fcac,897070,22672.0,248.0,0.010939,1,3,367
2025-05-17 07:08:25,12bfa4ba67e6855074ec4154f886c8bc4aa5a2b5e4dc4c4d01e533cc5a67f2b1,897070,1183590.0,197.0,0.000166,1,2,247
2025-05-17 07:08:25,e86a600b54dcba354c1e0c76237330aa362f67e411f284fd852ab41dd0839365,897070,28999803.0,197.0,7e-06,1,2,247
2025-05-17 07:08:25,70c5cd3830a834d409f58c35fb997054740fd03db405e88b17be2e5735898eb9,897070,10273415.0,403.0,3.9e-05,4,1,659
2025-05-17 07:08:25,9a39bc9f4174c7fa0c5c2e9dbf17a6476988de29e1aedc49752d99ba61c5e6dd,897070,6533627.0,412.0,6.3e-05,4,2,667
2025-05-17 07:08:25,1c906fdb75191ea215a3d616b868ed8a857e335eb493ec789adb3749eed03b9d,897070,2042.0,171.0,0.083741,1,2,194
2025-05-17 07:08:25,7e8ccd1a15ef6c61500b0d6607d9392b28e7c00668b18bc1e9e7d8e720fc485a,897070,37749760.0,201.0,5e-06,1,2,249
2025-05-17 07:08:25,97d2b5a9637d98c8944e9bb8c05dc5ab4d2837173f3a8ab728c340f07cdf8c03,897070,1470303.0,304.0,0.000207,2,2,416
2025-05-17 07:08:25,996320e85b591c01c531fbc02c931eda231c8b21878cfd22358f4731d54e5629,897070,513284954.0,10953.0,2.1e-05,100,2,17176
2025-05-17 07:08:25,3a78c8f9bf23eeef01222af38732f5e2f2c8ce239bdec2ce709d15c3574af38c,897070,432095195.0,170.0,0.0,1,2,223
2025-05-17 07:08:25,7aadd85388f05146fde644b82b672c2b31394d2ab8fea3d396c3960d5517a635,897070,1201830.0,528.0,0.000439,4,2,765
2025-05-17 07:08:25,d05c0639404ca41778e6c1e80754c5b127e53c4207f7f3115937c1c35993ecba,897070,1108648.0,309.0,0.000279,2,2,420
2025-05-17 07:08:25,0dad3df03ce2a4e7da5ead3efcc1edb82b3622bde8ec556811a731501f6db77c,897070,1782205.0,309.0,0.000173,2,2,420
2025-05-17 07:08:25,3541c3415ee6301372371fb456a6b889717129021531e84c248409d5f820fd2b,897070,2085292.0,309.0,0.000148,2,2,420
2025-05-17 07:08:25,3af55788f133f28852fa58801f9fb2eb1e1fc6d9d049f5ec959a3937157088bf,897070,32146.0,169.0,0.005257,1,2,222
2025-05-17 07:08:25,066466f4d32ec0d67affea253daa79cfbe4fe69af30cf95a12e6b591f55bed7d,897070,1263097.0,169.0,0.000134,1,2,222
2025-05-17 07:08:25,76dc415c47ac5789492847d71cd33599f0bdd8a3647a3b8d90c9071213446650,897070,299288.0,169.0,0.000565,1,2,222
2025-05-17 07:08:25,9f359d09cda5ca5cba4c7efb29aba6a30694d9eb0d0122314b88f9182d36d29e,897070,1375749.0,637.0,0.000463,5,2,935
2025-05-17 07:08:25,eec9651bcf6ca912a9837c9b9b11f6fb91ff9085496e91173e6afeda9e215229,897070,3051011.0,1310.0,0.000429,15,2,2297
2025-05-17 07:08:25,8af63427fe447ad12b220d607aea2eab328b598c2d35596140cc74463c1a30e2,897070,37364911.0,2370.0,6.3e-05,1,58,2056
2025-05-17 07:08:25,3aae557801f471c596d4323ed790e1d51d5e686faedb99cf9615244c71d5bfba,897070,417107704.0,132.0,0.0,1,1,191
2025-05-17 07:08:25,efc2c9894020b45016e8b2cce363ec8802395c273d58a5bb7872b39553ee98ba,897070,1185669.0,528.0,0.000445,4,2,763
2025-05-17 07:08:25,889586e2ee1df3eafcfbd26bd7295c9002d956d186d8403fe319b75b73f9fe47,897070,186510.0,132.0,0.000708,1,1,191
2025-05-17 07:08:25,1d304a56b40103b470862f430aa1aede88a1190c16c44626d317741311c427a5,897070,49614.0,8026.0,0.161769,115,2,12382
2025-05-17 07:08:25,288319644461746a0bf9eb9ce631c1d23c6c242bee78c129aefeb0eb3056951b,897070,151402633.0,21529.0,0.000142,121,2,17939
2025-05-17 07:08:25,190cde950fc015cdf9e8d31e0d8eaaf4ac759e572acdb0c515d7eb1463d70bb0,897070,57385979.0,4552.0,7.9e-05,25,64,5799
2025-05-17 07:08:25,2000da483cece685c48ac9215cd838c6c4d190d87b819afdfa7acc19d789e353,897070,226481794.0,41902.0,0.000185,236,2,34906
2025-05-17 07:08:25,700afad2fabe3da8a2ac5249298b01d814ce9bcf1f579f4d40b8f86afb2c132c,897070,371520383.0,40485.0,0.000109,228,2,33725
2025-05-17 07:08:25,e1f2d0ac5e361d29bc0370e7f8891288fe31c28d51f3275f55ebeacd99a04184,897070,63390685.0,413.0,7e-06,4,2,666
2025-05-17 07:08:25,a4c67f809695442c005c468d1fa7c6f6b3497ec02231e7062d34f18d64713cf2,897070,617829067.0,81762.0,0.000132,461,2,68101
2025-05-17 07:08:25,ef2769cc4ef3544f367284387641806952e158abf6d75154d19389b05b24618f,897070,295974142.0,52000.0,0.000176,293,2,43305
2025-05-17 07:08:25,a7676b70a478000ffd40dd3c2f5ce3721117d946c3a133ac1e68239b17d53852,897070,1086803.0,305.0,0.000281,2,2,415
2025-05-17 07:08:25,c3547f1891c5641d53178033596daa9080c20e4ec1053507749577b05eac5eff,897070,270082396.0,49520.0,0.000183,279,2,41238
2025-05-17 07:08:25,e75e9449191d160a9fcb5c71cb9c819d57ff17941d6dbeb08c9c020747f2291c,897070,226596.0,272.0,0.0012,3,1,376
2025-05-17 07:08:25,de3b41de8e36fea0e165bf8e16fca7ae4ff5b84009c5f1d0fbafd2ee4900f223,897070,154136.0,254.0,0.001648,2,2,312
2025-05-17 07:08:25,89521dbea0bd532567872688866b4f142529616011f58f0076d593d5b94f35d9,897070,102773.0,227.0,0.002209,1,1,189
2025-05-17 07:08:25,06c1a3c8e5ee156d27e7a4d77c88599ba95e97886a9bdff4545c557323ffd840,897070,23773.0,227.0,0.009549,1,1,189
2025-05-17 07:08:25,72c5b1dbe87b011dac6db0eb73e3823fcc09824d2ceb6d43a5df5a445c15f6b5,897070,25320.0,203.0,0.008017,1,3,250
2025-05-17 07:08:25,7c5a5a1515d7314007562f58ab9ecd4e421fc23e94470bc7fd78dfe15676567e,897070,499821.0,179.0,0.000358,1,1,314
2025-05-17 07:08:25,724463b32687193c86e64b559a8d18dbff7178a038a95d54734f318d54bc3067,897070,559116.0,173.0,0.000309,1,2,225
2025-05-17 07:08:25,baea3c69eaba0e95f24912e133d5549c514a4abb606cdbe625847525fd795958,897070,1665227.0,173.0,0.000104,1,2,225
2025-05-17 07:08:25,b76bde67daad678e4e9a5237e6e59b9497386981cb045c904d75af30c85b6b51,897070,240305.0,237.0,0.000986,1,3,248
2025-05-17 07:08:25,56e09cac40829a0082708d42dc47e44cbf9aad184c64ab068c5c55f96b8cdde2,897070,240542.0,185.0,0.000769,1,2,205
2025-05-17 07:08:25,9d6be2edbe5ae3f16a3c9ab284f218a72c7a839169131dd39e7f516225d9f230,897070,240727.0,185.0,0.000769,1,2,205
2025-05-17 07:08:25,6e3d49cf1aff6333ac8ac40b10f2b47f3410cb541f5e083648b32cb3c9e355bb,897070,240912.0,185.0,0.000768,1,2,205
2025-05-17 07:08:25,300ac3142f151a981d3821fecffa02b846e7572e0b4429cdf8e881408393062a,897070,241097.0,185.0,0.000767,1,2,205
2025-05-17 07:08:25,918a5d6ba03bfa8431359e9483324b2d83f4ebbd2bcd06dc5bdbe4621a653fc4,897070,241282.0,185.0,0.000767,1,2,205
2025-05-13 04:15:14,1a2be99994ba134e0248ff48183d27f684236e6c3fbf12ca6987e12c2d19264c,896496,317295.0,530.0,0.00167,4,6,699
2025-05-13 04:15:14,59ebe7457c46d357871ed9eb570e1ccc6fe7c58ed4465bcc81c6ca847b73f626,896496,1310058.0,530.0,0.000405,4,6,699
2025-05-13 04:15:14,35a7ba553db5d806ecbd895f1fa755ba6388ef89b27bf4917af8e32181940d1b,896496,94900.0,530.0,0.005585,4,6,699
2025-05-13 04:15:14,00a4845750cf0476c3e7b9fb5e159db50dd8f82dd80b115b95b184f725692d14,896496,2677143.0,530.0,0.000198,4,6,699
2025-05-13 04:15:14,2657934b6a02482eebc59db46be9ad7a17c83d9dd0a7d8d898284ac8fa379e09,896496,979736.0,530.0,0.000541,4,6,699
2025-05-13 04:15:14,0fe0b0693f4042240cecaea879de5312a916acbfef18d994b75ee0ad39914407,896496,300742.0,530.0,0.001762,4,6,699
2025-05-13 04:15:14,46907e4fe0fe64660d8eb7ce33a5c6dc7531f559d9c9313a23b69d759f2edbf2,896496,8979752.0,255.0,2.8e-05,1,4,291
2025-05-13 04:15:14,486ee7e658ccb68bd36c8a5a8ff2a3cf045f9582fbda7429584e089f48ed83bf,896496,5219.0,781.0,0.149646,12,1,1327
2025-05-13 04:15:14,536dcfa49c61c73fea70e6a66ba96aa1c2c255fe53e40a9866daba2145e1fd8f,896496,32956.0,296.0,0.008982,2,4,377
2025-05-13 04:15:14,b154e3e5193e3f7b8ef713f593482e304ff0aa08d0c9239a17beb90fbee0d44f,896496,8398900.0,1280.0,0.000152,17,1,2564
2025-05-13 04:15:14,29c07748d12d4081808e27203628d8fb77d5a222c339ca39e2631df2647e80b9,896496,999823.0,177.0,0.000177,1,2,247
2025-05-13 04:15:14,62a29f1639df6b6cfad48af21ac33631bb55f76f2f04c1e7640d56803932519b,896496,5301356.0,599.0,0.000113,5,6,810
2025-05-13 04:15:14,059f124bf3ff6108df2a33103fa79869ad2994abdb922765dd1121dbfaf5c94d,896496,351655.0,599.0,0.001703,5,6,810
2025-05-13 04:15:14,4dffe2f0c41604c1d9a9f667f38a2f6f57d3966aa390615ab32e29274e396f09,896496,5305470.0,599.0,0.000113,5,6,810
2025-05-13 04:15:14,b3c1eff7cdc72ec67bf7fb68fb3a0dfbf565d419fa34118bc9f0fa9e9ca82937,896496,1024809.0,122.0,0.000119,1,1,194
2025-05-13 04:15:14,e7fd879d2d884d2fe60759f5f7cfec634edcfc6abccea4fe8f863e5be7da4257,896496,4997847.0,153.0,3.1e-05,1,2,222
2025-05-13 04:15:14,fbfdb07d534b7f32d2da803636b0ee4b2451b00de675144427cc1a731c14ea56,896496,321778.0,668.0,0.002076,6,6,913
2025-05-13 04:15:14,770c78d430cc62ca1f631cffff0b220382deaa7ea30bb7309308aaf5ab7ce225,896496,951373.0,149.0,0.000157,1,1,217
2025-05-13 04:15:14,dcf82d87177d6b0e147a97487c4f1916edf220a95fc0f4ecc6b31f4ef2883ede,896496,391992.0,134.0,0.000342,1,1,203
2025-05-13 04:15:14,98e627e0818f60567ebf1fc915b87e80ad47ec9f5dfd701447015b5af592270b,896496,4917178.0,122.0,2.5e-05,1,1,192
2025-05-13 04:15:14,213100de83737081f586f727ae676136edd907a3954f6ea0d0de91a2c3d072cf,896496,196603.0,121.0,0.000615,1,1,191
2025-05-13 04:15:14,3f257b3df3f873e300186eae56705e8acd3d05db45774187fbff2c1bc71d0cc5,896496,1469879.0,121.0,8.2e-05,1,1,191
2025-05-13 04:15:14,3dac61a2d42819ce2f470f66ecb6b114aab33c0fe9e6e3207c6904f1c6df903c,896496,1292645.0,121.0,9.4e-05,1,1,191
2025-05-13 04:15:14,48ced460cb45cffb312f5caf06d6ce95b7b2b75213e56293723ac42c5b9b3936,896496,398454.0,121.0,0.000304,1,1,191
2025-05-13 04:15:14,46482e4f3ccf98b65b5cab90182d8c58cab0c1ae5368078f6840ce680067e300,896496,20267401.0,121.0,6e-06,1,1,191
2025-05-13 04:15:14,d43c6ca432d372a8f1144b04164c758c155b6d2ffaac545d6ffc2d82d04ce2f0,896496,52465870.0,2968.0,5.7e-05,1,82,2779
2025-05-13 04:15:14,e636ef21117cb0bd7fb17d3520a6c4204a033562c39d4f1fd298dfec28dfb459,896496,43461316.0,3943.0,9.1e-05,1,108,3665
2025-05-13 04:15:14,2eaedb41e6e3addcfb3247761ef9dffe0ed2471fe0a72349d05b69ff60be902e,896496,52663613.0,4226.0,8e-05,1,116,3922
2025-05-13 04:15:14,bf895f8c75e0cac7d794179a448a323e61519d42f2ce87f2552d5905349c8648,896496,48882961.0,3501.0,7.2e-05,1,97,3262
2025-05-13 04:15:14,d74c82c17af05f77bbc56b21a656d28c48dbd6e1116b89be42f232ddda9239e1,896496,45678.0,219.0,0.004794,1,3,248
2025-05-13 04:15:14,184cb8e6fc673b0ce34bae5f77302d7309c78224033aa3de8d6a368e38980f60,896496,45897.0,171.0,0.003726,1,2,205
2025-05-13 04:15:14,d3775c14f563e2fd5b31174aa78a327da469ee89ded08997edc3239e18b983d2,896496,46068.0,171.0,0.003712,1,2,205
2025-05-13 04:15:14,730144fb2783653c0048c47fb1b2aeddc7c48a44232f11dafd5f4bef25d11882,896496,46239.0,171.0,0.003698,1,2,205
2025-05-13 04:15:14,af52ae38e28ec4cb82b1efdefcddd76b50d1ccb26386b06b15a19d42c2a496ca,896496,46410.0,171.0,0.003685,1,2,205
2025-05-13 04:15:14,e9f19f8ba3d2870aa644437eaa15bfdc519da661e395e91e18cc91c9651b7b05,896496,46581.0,171.0,0.003671,1,2,205
2025-05-13 04:15:14,b35812cd7c57290ef469c8844ad288c73967947dfa17a7727f731445465047ec,896496,46752.0,171.0,0.003658,1,2,205
2025-05-13 04:15:14,34a756e4f946929d832992aa20fb784511a18be2d1fc42a8ec399211a53ec9e3,896496,46923.0,171.0,0.003644,1,2,205
2025-05-13 04:15:14,4b4443ce366cc9a7ceb837b00117b4ebf8a44626cf39babad7ba608a90e9d2c7,896496,47094.0,171.0,0.003631,1,2,205
2025-05-13 04:15:14,5f096046369dbafadf6621cc1c509fc3c76a044a5720814a2e54c7918f359ebb,896496,47265.0,171.0,0.003618,1,2,205
2025-05-13 04:15:14,7995c87f6f52fb73226e6c459a0b7fd2b657d4185c090cff4cefe4cb670a0275,896496,47436.0,171.0,0.003605,1,2,205
2025-05-13 04:15:14,fde9392cfe3e217f008a4c074658c2b17fc2e319d86d49f05728ffeb9e35eb9e,896496,47607.0,171.0,0.003592,1,2,205
2025-05-13 04:15:14,c1f62e75f5f9c4b5072643681567405adb78ffa0636b57a2c80f205f9da23907,896496,47778.0,171.0,0.003579,1,2,205
2025-05-13 04:15:14,dceaa87ea9f6345b73823f568195e23108c74de728d11d28d8179712c11b3eec,896496,47949.0,171.0,0.003566,1,2,205
2025-05-13 04:15:14,93ac8fe7512aeb1835fdfa1dc0bb4474132d25c4ce566c0e1c87cd4459ea3f28,896496,48120.0,171.0,0.003554,1,2,205
2025-05-13 04:15:14,a52e733de8447f5b50c494ecbe5dc53937069a7c47aeea565bf7893280926005,896496,48291.0,171.0,0.003541,1,2,205
2025-05-13 04:15:14,6bb9c722a98307749de1e024806dca1e5ccdde9d45c02bb3677a4d30926a85af,896496,48462.0,171.0,0.003529,1,2,205
2025-05-13 04:15:14,a6bfaa72194c8accc1044e1422e6b0c34447ac2de611a167ab94f851628f16bf,896496,48633.0,171.0,0.003516,1,2,205
2025-05-13 04:15:14,1d25e9a01f0b785a899131a8c48dfd53583d90c8798cc408b9c1034e1ca7098b,896496,48804.0,171.0,0.003504,1,2,205
2025-05-13 04:15:14,22c8a3a5df2b69e6e83c0587844b50b8acaad7392c2bedf317f35309b293e22b,896496,48975.0,171.0,0.003492,1,2,205
2025-05-13 04:15:14,db44e587923e25a918a0735345473f32db2a43456c56af5400ff18ffee191849,896496,49146.0,171.0,0.003479,1,2,205
2025-05-13 04:15:14,264c9e5c9fdc43e9e5f53cfbc94cb14687ab56472a1dbab218ead05a1caf5c24,896496,49317.0,171.0,0.003467,1,2,205
2025-05-13 04:15:14,f3b95a6bac2a253a7200707f160916b31ad06bbb919b640294ef5071712ff69c,896496,49488.0,171.0,0.003455,1,2,205
2025-05-13 04:15:14,0bec397bc6ad1916186373d01ad587de80c2ed68ddeda3b96a900ca3dcb2928d,896496,49659.0,171.0,0.003443,1,2,205
2025-05-13 04:15:14,21a5fc7c63c286dbfb9db42346f5fd729ded07c257fde24d5a6cf1e182a7c7b3,896496,49830.0,170.0,0.003412,1,2,205
2025-05-13 04:15:14,1d32db9b958579285beef2ef1fe4c223fce8022f5af751e6b709cb6d8e10c775,896496,27678.0,219.0,0.007912,1,3,248
2025-05-13 04:15:14,3b4d86b49efe013f9e71b0d7c0f2180637713fdd44f19a7129a2e04fcb2aed8e,896496,27897.0,171.0,0.00613,1,2,205
2025-05-13 04:15:14,6f041d22873f1d8530a07461e3d81a54fecb5f705d53f26a4886465e46eeda91,896496,28068.0,171.0,0.006092,1,2,205
2025-05-13 04:15:14,7df15e98641529689bd5c9e13c184b86d53311cda7479534a23d9228b871c995,896496,28239.0,171.0,0.006055,1,2,205
2025-05-13 04:15:14,e510470da34394a1ec4c6f408b54216c6754a24e17716fec2b8ce3c743e95be9,896496,28410.0,171.0,0.006019,1,2,205
2025-05-13 04:15:14,149b5e49b2d1365e7be653ac7038d232405578cb9762fbdfbd7011a9e23f7556,896496,28581.0,171.0,0.005983,1,2,205
2025-05-13 04:15:14,d3b9b2ed369e862986455fae7769e5c80d45f4d80ccd10964a09948225bb5ea9,896496,28752.0,171.0,0.005947,1,2,205
2025-05-13 04:15:14,9b01b1d8d19d2b3de7a15d72e405b1181073675917dae3261b6de06259aa10da,896496,28923.0,171.0,0.005912,1,2,205
2025-05-13 04:15:14,352efa69f66d31f0963db87c468bda27f336d504bbbed5231cdcee101f89f662,896496,29094.0,171.0,0.005878,1,2,205
2025-05-13 04:15:14,b6f1aa56290b1e90539c9780d50cd6ad340c3517e3aa8dcff7b5769e6b0fc4cd,896496,29265.0,171.0,0.005843,1,2,205
2025-05-13 04:15:14,a3d126b1cf4932d47d925ae557d988a869c51e89fcd5016ca46fb139f52bf129,896496,29436.0,171.0,0.005809,1,2,205
2025-05-13 04:15:14,6e890d0375807ff5f79c244b28d465d8354d311e3f541b15308f50ec0a426570,896496,29607.0,171.0,0.005776,1,2,205
2025-05-13 04:15:14,88fe1ae04ea956b7f78010c608d3e02f4a215a157dac87235534e1a14ee4c762,896496,29778.0,171.0,0.005742,1,2,205
2025-05-13 04:15:14,e651860520531738b2571dd36ca7350864f56699f483fce297421ce4b12a4a89,896496,29949.0,171.0,0.00571,1,2,205
2025-05-13 04:15:14,a1269e4dce7e587814c09cab4684197952b077d4a5af54fde6f3f15b481ce3bc,896496,30120.0,171.0,0.005677,1,2,205
2025-05-13 04:15:14,3158e3b9d9f2b646cbde0340015325d659201dba03f61ea92b2139a718b2f2cc,896496,30291.0,171.0,0.005645,1,2,205
2025-05-13 04:15:14,867fb0cf5241e322c43fbd4d2840775c9190540fed2f00b9a6471e22759c1304,896496,30462.0,171.0,0.005614,1,2,205
2025-05-13 04:15:14,ba8c91923d500545fe2bf79602ffa74888550090f7b5966d06b714dbd4ec6707,896496,30633.0,171.0,0.005582,1,2,205
2025-05-13 04:15:14,aa09d2ffd8ba44a013e17ccf155fe94693d4c455c1d7d80165f3d346d64182e2,896496,30804.0,171.0,0.005551,1,2,205
2025-05-13 04:15:14,93d87c70ec3fce4fc90d16138eede97f9343d53ced99118b3adc37b407a35fa2,896496,30975.0,171.0,0.005521,1,2,205
2025-05-13 04:15:14,166b739e3a521b734968e9ec10255c30012620fdd66297dbf9a8242638d18aab,896496,31146.0,171.0,0.00549,1,2,205
2025-05-13 04:15:14,e70e900c930671be0cd634c53094770568ff14326eca3e391d8129f1c3e6cc98,896496,31317.0,171.0,0.00546,1,2,205
2025-05-13 04:15:14,b19f83a48b231c30219c8f2b550b09ad6fd8bf7a6c2886f007aed034f5378df4,896496,31488.0,171.0,0.005431,1,2,205
2025-05-13 04:15:14,3ebe7f6b277e74b3fdc12f470879e850f77c97f8f4089f9f3038d9e8276df939,896496,31659.0,171.0,0.005401,1,2,205
2025-05-13 04:15:14,cf3d6c848db3d712d2242df91195ee48f13a9d60b367f62390c6275ce0376789,896496,31830.0,170.0,0.005341,1,2,205
2025-05-13 04:15:14,2d091e714f75e46553f936ccae1c686d127cba227edc55866330263d5ca50764,896496,45434.0,219.0,0.00482,1,3,248
2025-05-13 04:15:14,d6a8a70b86212a77262a0f8db8209b37278abf1e06d4583ca929af1e4b960533,896496,45653.0,171.0,0.003746,1,2,205
2025-05-13 04:15:14,4a9e36f0c5930595634714402feb5a4fc4ca5660e755ed95a255b36bf6487879,896496,45824.0,171.0,0.003732,1,2,205
2025-05-13 04:15:14,1abaca60b5ab72f9f4ab4312487c84b7f0b754f31514ff64d4ff1c7918d80816,896496,45995.0,171.0,0.003718,1,2,205
2025-05-13 04:15:14,d9e74f40a11a0e833222290b5c3d3a4ff606dc6029841a1d456c683c6eadae95,896496,46166.0,171.0,0.003704,1,2,205
2025-05-13 04:15:14,4dfb4d6ebdfaf9b2c22e13ec5db0be5dcdcef9881d1a97f877ac715b99885772,896496,46337.0,171.0,0.00369,1,2,205
2025-05-13 04:15:14,e1b7be5b27aafad555a263f60a80de8c56378f5da5ebb9311d349a2a42cd5425,896496,46508.0,171.0,0.003677,1,2,205
2025-05-13 04:15:14,9b800b5ae80fec97b1836a8af1098799e39cbbefa63de73874c50a598726ee26,896496,46679.0,171.0,0.003663,1,2,205
2025-05-13 04:15:14,669bb7f47e87503af05d814913cec6a0ca5c9ec6fbd5ec98612242d803396f83,896496,46850.0,171.0,0.00365,1,2,205
2025-05-13 04:15:14,02c595161b53c7ec33723b91228f6d241fc1b3c38c3e3d4d25688f74a0504ffc,896496,47021.0,171.0,0.003637,1,2,205
2025-05-13 04:15:14,ce6447f252a04b57751ed26d6e08da5aef3962863f763b2e02a6bdc99ec838f5,896496,47192.0,171.0,0.003623,1,2,205
2025-05-13 04:15:14,5f9a2878ce5c8bb953b8b3a9f0956ecf7bbf56decb50464f312ea1f0554f9cec,896496,47363.0,171.0,0.00361,1,2,205
2025-05-13 04:15:14,57818c6485ce05033215c771871418afc3782df7eaf37ecc907919fff3821cc9,896496,47534.0,171.0,0.003597,1,2,205
2025-05-13 04:15:14,84faa5d5473f5770112929e556b92fb9971aa7cc19c0811db9fa14c96ff9fbb3,896496,47705.0,171.0,0.003585,1,2,205
2025-05-13 04:15:14,fa56b065240908482a5eea13103e5890f7c593ba684d9bbdf7c17a6ea395a4d5,896496,47876.0,171.0,0.003572,1,2,205
2025-05-13 04:15:14,d6db4627c475522f7339099bd1dec1eba6c47cf01f93320807e23b2bd19783c7,896496,48047.0,171.0,0.003559,1,2,205
2025-05-13 04:15:14,61b803bb7ab0ac694c2baa768791bff08d3cd31b7d301eac33e6aeea232b8b16,896496,48218.0,171.0,0.003546,1,2,205
2025-05-13 04:15:14,deab796ba6af2c43eee291e345217948989798a9733b284cc4fb923114da6be2,896496,48389.0,171.0,0.003534,1,2,205
2025-05-13 04:15:14,7e191b02c67cb09a6171c4d4c9b8b8e0509253a458bc529e0e3e752eee874ac0,896496,48560.0,171.0,0.003521,1,2,205
2025-05-13 04:15:14,4dc2ef97db16b178b493f7e1fa234236df1fc80014ff62cdd345b783a3c906da,896496,48731.0,171.0,0.003509,1,2,205
2025-05-13 04:15:14,300b5a4afd683f1d456280cbdbe983799721f98414eea8f0dd20a74d9239d6a0,896496,48902.0,171.0,0.003497,1,2,205
2025-05-14 19:23:31,dca249244288381099a39bd4d3971843913233f28cfe8ffd99891a2fab6aa1b5,896711,999506.0,494.0,0.000494,1,2,358
2025-05-14 19:23:31,1424395d3940abcd3605114ffe88def0bc1b9f720c98ddd71ae59173b5fe1785,896711,4193584.0,464.0,0.000111,1,2,347
2025-05-14 19:23:31,66595ea906f754e2f0868304c6a3af8d8b1aaccca8c78dee73cf336b3abcf693,896711,59242924.0,745.0,1.3e-05,1,5,480
2025-05-14 19:23:31,d19a4f9b9e4cdea77a987d2dd61c6ab10d52b648024e4289e0b7a6e08f84d13c,896711,850599.0,599.0,0.000704,1,2,197
2025-05-14 19:23:31,06a9d5d7a0dcf08736df99e0ca02c963d7f019da1d120ca2a79d819ad6a24dd7,896711,851198.0,224.0,0.000263,1,1,406
2025-05-14 19:23:31,f28c79177acaf7393e08ad042c798d9f1c07e521ff56925f218019c7564a1c28,896711,50423927.0,365.0,7e-06,1,2,222
2025-05-14 19:23:31,7faaa2b3e94266f345c5e00219d00d3fe3716dd22825f137651181b3b0394dcc,896711,476867.0,1050.0,0.002202,2,2,371
2025-05-14 19:23:31,c4b7af4ec1bc64b91b2f68aa6c02ea0b5ee56272e47ecd691cb0e4914b19b823,896711,40886293.0,9118.0,0.000223,1,1,191
2025-05-14 19:23:31,72172d378eb9d063c9e694a03d81512222ef1b4dd3e3422c15ffe29d7f04fa83,896711,85047827.0,6514.0,7.7e-05,3,176,6152
2025-05-14 19:23:31,e31141055f75fca7f277a6abd3cc26bed45c232b2ed0fd70e3adfa4aaf3a34cd,896711,467791.0,520.0,0.001112,1,2,222
2025-05-14 19:23:31,45e579008030885fc9a6002aa5726b2ed02dbfa466e72f3e3f4f84abf33d6d23,896711,9963.0,540.0,0.054201,1,1,191
2025-05-14 19:23:31,152f5084d05da083a60c3336286c4be3a7c6bced706841dbbfdcbfcaf350a2fa,896711,84240.0,555.0,0.006588,1,1,195
2025-05-14 19:23:31,6a7ddfbff1e075ba53761c3c29d90165f5d534bf34296f354e5c2ba75840911e,896711,160233.0,695.0,0.004337,1,2,223
2025-05-14 19:23:31,168dfb035252916a83b729d438358e87dde32f80aa379abc2245471044d93c76,896711,30374192.0,9076.0,0.000299,1,1,191
2025-05-14 19:23:31,c4ca3466eea9e7d418e19b7e3be3f3fc4507512c217e7ce05247fc96558853dc,896711,62733768.0,6473.0,0.000103,2,176,6040
2025-05-14 19:23:31,5f8212f227d952307c17889092019d4cd63e6d1041cb065ec2658cad898ad0d7,896711,114987469.0,627.0,5e-06,2,2,371
2025-05-14 19:23:31,4bb127416483dc06c5564de172227a5cd59a8457135bacbec4ab44bb6f5d1dcf,896711,129891216.0,282.0,2e-06,1,2,222
2025-05-14 19:23:31,3dcbf49491f33b6eb740f63a2c626ce98cb2041b21dec849f7eaa625b3e59c97,896711,540292.0,1058.0,0.001958,1,2,283
2025-05-14 19:23:31,49943babfb1cfefb961941d37c0aa3ff15f31fa98619a7acdf8a8f388d464704,896711,541350.0,838.0,0.001548,1,2,283
2025-05-14 19:23:31,b2c9197c63d7aaeefe4568fa45f97f461ab89821962e53db8333713fc3feece8,896711,542188.0,312.0,0.000575,1,2,283
2025-05-14 19:23:31,e410dedfb2cadae255aa8db65e1ea17effa7dd389b651402802ebfec72598fe3,896711,144223.0,898.0,0.006226,2,1,342
2025-05-14 19:23:31,e5b1b6ffcfec7926a89e4a1621874092ef346294f66eb2acc7cda6b911528f7b,896711,35931.0,1512.0,0.042081,1,1,188
2025-05-14 19:23:31,29c1c621e5911c6fff450a99148c460d55bbb7d2e301c9882b3dd2590f6c1fb7,896711,90550.0,2968.0,0.032777,2,2,369
2025-05-14 19:23:31,24d7b579928a207fe7783bbb83efb438c90eb02e508bc9c33f412ddbbf1cce42,896711,46545486.0,3859.0,8.3e-05,1,1,191
2025-05-14 19:23:31,e3dc1094e0730f81e064361435cc49a61f09fbbebd905c96d39f43396cdde01b,896711,85042354.0,11987.0,0.000141,3,178,6220
2025-05-14 19:23:31,ae52c24a61fb9d00cdb1c3f451aa053bb0dcb1239695fd017a93b4b1ebac3390,896711,410971.0,452.0,0.0011,1,1,195
2025-05-14 19:23:31,5d3ef91371ee91b7dab8771f695051126ef8276e4e676ff7bd0313bfb98e4655,896711,146073.0,508.0,0.003478,1,1,153
2025-05-14 19:23:31,075751930382e22a2f7a3f3884c126e290c5251a9aa9ec787b92da4b041fb808,896711,47980468.0,3586.0,7.5e-05,1,1,191
2025-05-14 19:23:31,9d5942f025a486b4e4a83629ce70d6b64da6f6ef24fe8af96ae71671ddb1aab3,896711,83602504.0,11076.0,0.000132,3,160,5763
2025-05-14 19:23:31,76d6843492f3ac8cf12b770450f4e66edd0201a3bac079f4d833dc397a583940,896711,649187.0,848.0,0.001306,2,2,374
2025-05-14 19:23:31,c035216f0b147c63ada7453e7600b6826fc2646a35d7a35e61804cf89d932331,896711,25769959.0,4230.0,0.000164,1,1,191
2025-05-14 19:23:31,e5fb3ef833fdc89a392b4bec6cf19714465847f6ac6e4150ad7f38d3c176dc02,896711,55255403.0,13239.0,0.00024,2,201,6761
2025-05-14 19:23:31,61b62027459cb03e2d87dbce00feac13780665dccd2576fbfa865235ed79240c,896711,79144.0,531.0,0.006709,2,1,339
2025-05-14 19:23:31,a0424d89173a1f343b04a5b8806330dd2c9e01ade4b5d090279dfb78472df735,896711,739028.0,440.0,0.000595,1,1,192
2025-05-14 19:23:31,5d371df0d7799b766677e1aada95989532b6d6010289d198cfd41a14242d6556,896711,27622370.0,3618.0,0.000131,1,1,191
2025-05-14 19:23:31,707867e8b06121f2c5dcb97b2bb18e265c92ae2e31ee82dcc9a0ee3f9521b96b,896711,55257452.0,11190.0,0.000203,2,169,5737
2025-05-14 19:23:31,07504cf390a287dc05b867738c643fd41c8e397811f53d5ef9b2c555f9e55145,896711,19433.0,379.0,0.019503,1,2,194
2025-05-14 19:23:31,19cd0a3fad0a042fd06cfb54bac1780cbc8454a9d1b1e2feb856b14efb3969e0,896711,25812.0,468.0,0.018131,1,2,346
2025-05-14 19:23:31,2784cb480c0b502723c84ca438c0d826a65599bdda308c26e680bf6c3ef3c9f6,896711,2363754432.0,705.0,0.0,1,2,590
2025-05-14 19:23:31,f843ada1f882528aac0bdfdb60749ec456cf99469ebbbdc3d68d25f169a8331a,896711,11825908.0,1805.0,0.000153,2,14,1058
2025-05-14 19:23:31,90b09234fa6fe3d7d79eb2a149571b7c3b4f7abd7f7ce20fcfdb962a0ab69f16,896711,1276011.0,1855.0,0.001454,4,2,1264
2025-05-14 19:23:31,3ec37c3bf8ac3ec471b57794e042c2ab2c563da6a7538bafd0e2d6c689279f21,896711,1429933.0,1064.0,0.000744,3,2,968
2025-05-14 19:23:31,846db30db82ea9c966ac0d263ac711656475998868a511abe06c0532a29ce531,896711,3401141.0,4025.0,0.001183,13,4,3971
2025-05-14 19:23:31,3a9cc43326733c9dcbc2439da83115be19ba6ab2364ad7f721508201c1c7ceb0,896711,1966093.0,3202.0,0.001629,10,2,3095
2025-05-14 19:23:31,291b403e2d97aed08e0925fa123fc426b977f703429f2c896bba647b19175bbc,896711,12562450.0,506.0,4e-05,1,2,381
2025-05-14 19:23:31,cd85a2a5fbe159f840d4a8b96907ba15c908c55907e294383f116af615ca6e6e,896711,63364368.0,506.0,8e-06,1,2,379
2025-05-14 19:23:31,870fc06e0b023a7bf38d9a126d632c54338010f7f960d26ef96b0b1295236061,896711,38273791.0,506.0,1.3e-05,1,2,380
2025-05-14 19:23:31,3ba3af86bf8bf38657dd68aab38e51db655d88c1203516fb719d25496b6c7355,896711,28177155.0,785.0,2.8e-05,2,2,673
2025-05-14 19:23:31,0d80c36d999b66070fdaea8c235981b85eda0887e1db7e8d8e747a69078e91b9,896711,122221.0,672.0,0.005498,1,2,223
2025-05-14 19:23:31,d60a1e54eb2b23c1b3383fa8a7b9da717c1f8d269f27fc6c0fb222cf1ff32243,896711,132547.0,672.0,0.00507,1,2,222
2025-05-14 19:23:31,b64c08ab4baf034bb7cfe60c2307de109cb75e629d7a2cb08540d72c868f8c06,896711,142882.0,448.0,0.003135,1,2,223
2025-05-14 19:23:31,8dc41c06a8cd6e237309f922796d47ad9d44b2142aa54342ebfba56c1b3eb12d,896711,133672.0,529.0,0.003957,1,3,279
2025-05-14 19:23:31,0594661db8dab555e7e4600b21414fbf4e6bc8c47798422ffb8138ae00afd5f2,896711,34214876.0,452.0,1.3e-05,1,2,249
2025-05-14 19:23:31,2fd57b3e43feb6f73a690f9635956621f95795aeddeddbf0677c112d3903c8a2,896711,731543050.0,1814.0,2e-06,5,3,1770
2025-05-14 19:23:31,4d88c84df0736dd74232f49ea3e843c73c9cd1d5e5f4f09faed89c7ed026eddc,896711,787879.0,459.0,0.000583,1,2,193
2025-05-14 19:23:31,b84a6e149ae4290fb9c30489d1cb7274ebc0ff12fc39f1ea2592defbe94198d1,896711,802862.0,306.0,0.000381,1,2,193
2025-05-14 19:23:31,48b3a44d83b682f89bfbc9c10a1bb886873e2ef8ec27cbed35e9bc50c3c155ef,896711,27865735.0,380.0,1.4e-05,1,2,222
2025-05-14 19:23:31,5987b7ea867817910d0a4e7dcb992e2aa968423542f54b2b9086a90ff5d1d689,896711,150922.0,329.0,0.00218,1,1,204
2025-05-14 19:23:31,0283c37fe74bf277d5176fd445f3f1f3696a7cfde887a880452d645f71010e24,896711,2580286.0,674.0,0.000261,1,4,331
2025-05-14 19:23:31,1177fe93ce3f58747b382af481213c7db6e90bf1a2f9c5f7bdb294f28fb6a891,896711,1490722.0,872.0,0.000585,3,2,518
2025-05-14 19:23:31,6a566629588847d6650833c7903515886607eab6c4d90c4ed6b63794ed3b31d0,896711,1087209.0,441.0,0.000406,2,2,371
2025-05-14 19:23:31,793fb5e4157caad79bfbbc8cf91bc6c95bb509d160152ec6743814b1ce0e150f,896711,1271552.0,849.0,0.000668,4,1,635
2025-05-14 19:23:31,24ba2ff5f8b29e607a2f8181e5d687483b997327dce19bb4df085caa2bba55fa,896711,155488.0,774.0,0.004978,2,3,447
2025-05-14 19:23:31,a0b4e627553b959e81bae2d192682b8d3ded85bcba9fdc9b42a3a96ea898aeb7,896711,71084.0,603.0,0.008483,1,2,222
2025-05-14 19:23:31,96a1b9a43a27aa1063386dcd42379e2525436f90704e9ea33a924d562b123d1b,896711,18748.0,601.0,0.032057,1,1,221
2025-05-14 19:23:31,b524c6dbbfd73242d36161a7813d14c0ad4e2d416b9b8101501eb65a83488089,896711,93307.0,450.0,0.004823,1,2,245
2025-05-14 19:23:31,bc26f1aa718c87605193892d81ef26de95d3a5ac4951cfd4cfcbb55075044322,896711,206479.0,450.0,0.002179,1,2,245
2025-05-14 19:23:31,ec2e55da4a8413318b856d0d997f923659cdc8d38e0d68cce4eaaca55e57904f,896711,498577379.0,423.0,1e-06,1,2,234
2025-05-14 19:23:31,d4bbcee9ba4596b6647b1384cf86dcb8495646d8693e51d36ef3c2c166e0331d,896711,154007.0,493.0,0.003201,2,1,339
2025-05-14 19:23:31,7b8249179213f049b76d31c42514a54da83afacadc2e8ef17a1ba8e7ed0f894d,896711,55916292.0,394.0,7e-06,1,2,222
2025-05-14 19:23:31,753d403e87977eaf7d3461f7bde91db78fd773e59d8651df732ff995dce01cfb,896711,1487502.0,428.0,0.000288,1,2,234
2025-05-14 19:23:31,63d7ef52f50efd716ffb87a102d53e9e6f2d812f2948cad0aab5019f70ea422b,896711,1436553.0,426.0,0.000297,1,2,223
2025-05-14 19:23:31,143a6f7ff87fe8b8f36743b696af8cef044e96286a7d7154822d9ed4f1638692,896711,3367534.0,423.0,0.000126,1,2,222
2025-05-14 19:23:31,6e7c75ffc417121c18eb6c1800139d9c992dc6df07525d82a48e40cd38322343,896711,3464515.0,423.0,0.000122,1,2,222
2025-05-14 19:23:31,ba5367d089bed2c2a9b9e56eadb3e7adeac6ebdfb94376d637c7aa89a1f4b227,896711,6361682.0,423.0,6.6e-05,1,2,222
2025-05-14 19:23:31,ae728460b066a2eeab764886ed6950b905f162511c925511d2d8f6b9413fb7a3,896711,7038544.0,284.0,4e-05,1,2,224
2025-05-14 19:23:31,c405959964c50865c0b0c85f55889b7b38712f59d772653a5b3ca3e85ce57131,896711,2752294.0,426.0,0.000155,1,2,223
2025-05-14 19:23:31,d2e448749a7e580c1efac45adfa083d7b8d36ea9c7c805992c83b4e29805aa00,896711,2772020.0,423.0,0.000153,1,2,222
2025-05-14 19:23:31,0d2aeb025b0be21001feb8e18d04c4b3d2ed25e1864bf8cfa5530545430c6539,896711,2791743.0,423.0,0.000152,1,2,222
2025-05-14 19:23:31,c959612d8764492865fbd400f23979d968e6b7bd1235b9038c3084fbedc146e7,896711,2811466.0,423.0,0.00015,1,2,222
2025-05-14 19:23:31,098b5bc075c5fe22d29df4cb4f69f54e2dec2fdb0b66a977f06edd06fe8211dc,896711,2831189.0,282.0,0.0001,1,2,222
2025-05-14 19:23:31,15367db075b6c384da5ec759bea4e401a3cf215ca4badb4eeb7b8288431ebe82,896711,101161.0,1045.0,0.01033,2,2,373
2025-05-14 19:23:31,1142171b5e0dfa824477b025a15f9107cc23b16180d1e3593f3081a3fb7c26fe,896711,587249.0,399.0,0.000679,1,2,223
2025-05-14 19:23:31,2a76d4a62c9ed0d7d59f887e1e420a07cc8f9a1b7ffa2f66eb4d32ea44c4b9c3,896711,218286.0,892.0,0.004086,4,1,636
2025-05-14 19:23:31,a7a45fe415a7ff7287cd17723c924640b3fb7d8541019f66638ac4fb5ea33532,896711,644042.0,594.0,0.000922,2,2,371
2025-05-14 19:23:31,f2b6b60d4c654735e384468b5e14b7b7b183ab5e3f78d92f36b643ca95025859,896711,482272.0,575.0,0.001192,1,2,223
2025-05-14 19:23:31,188538cc1738ee80fa12b347f9cd819b9d3fea53976c3c6613479f2c53bec1e2,896711,959975.0,406.0,0.000423,1,4,284
2025-05-14 19:23:31,19be4cb8887163835300ce9ac0768bbed96518297ba155f2579dd8c13925b6c5,896711,65576.0,594.0,0.009058,2,2,370
2025-05-14 19:23:31,6c3f5473aefb9d8d3ef0cfe7a927c84e00d1e49bfdf2ea367c5a8634da725937,896711,1120332.0,1042.0,0.00093,2,2,744
2025-05-14 19:23:31,4ce1d54ba3ca6b74c0a9d9e51414f7dbed0f871e45dae7d067420cd4db8e1cba,896711,9899365.0,635.0,6.4e-05,1,2,220
2025-05-14 19:23:31,c1a419792cdabcd5207820c3d514e2bf0ab2d3f3e713485d4496a45aad1b5473,896711,18954.0,384.0,0.02026,1,1,214
2025-05-14 19:23:31,fef12c646f280facfbd58bdfaef58d22293e91ecf38e20cfb961f0fd5c04bdb8,896711,312312.0,546.0,0.001748,1,1,189
2025-05-14 19:23:31,7b7a9b8a63e92187aceebe92a71960d62c343724b46d9ff908e098a6c376cca0,896711,256540.0,286.0,0.001115,1,1,150
2025-05-14 19:23:31,be7e58531c2dbfcd827f62caed35b815853219934922a8e952603ca016a125e4,896711,24674.0,326.0,0.013212,1,1,192
2025-05-14 19:23:31,47fcfa0bd2db389424a1f6adacab747b8a82bcda3f78e570b4ad5b0974f09a12,896711,19494056.0,660.0,3.4e-05,1,2,223
2025-05-14 19:23:31,2e779dc065f70b15b1f07c10513fc8a48357ccc8882257116ac1534c986cc7c1,896711,13779152.0,419.0,3e-05,1,2,223
2025-05-14 19:23:31,73122fef54993144d7308d8c3957931a25c1612028d49a83d441aaebea94d185,896711,8078537.0,419.0,5.2e-05,1,2,222
2025-05-14 19:23:31,2bb91c148039efccf467af4294f070db0b799cd9d104851d353f79fc1edf6b80,896711,2399244.0,419.0,0.000175,1,2,223
2025-05-14 19:23:31,f35b067b4d6da66eb90d1eea11bfb77b94dbd8c20699e2305143add73c82752a,896711,308847678.0,419.0,1e-06,1,2,222
2025-05-14 19:23:31,b44cd8a7591bc6c2953baa8983b22d7de7400077064df4aafeb931e8c8b87804,896711,99581.0,419.0,0.004208,1,2,222
2025-05-12 21:13:18,9d888bf7f1cb0b7d4432734d10e926e5a2a89d801fb01ef3a7a0f914da4d960e,896458,80896.0,8994.0,0.11118,1,2,274
2025-05-12 21:13:18,988e23bbf24039c21583b7003864daef2183998c2ab6416199a98e389491b78e,896458,94720.0,9042.0,0.09546,1,2,276
2025-05-12 21:13:18,e250e3452db74ae4056663f98a6590b779feac7446518fccd64ee266d4a4bf6e,896458,9753270.0,9042.0,0.000927,1,2,276
2025-05-12 21:13:18,78dbe0f2c02a079816488dd5359ba2e98d159a39a1d5a448d47720d4d8c0356d,896458,81561.0,9042.0,0.110862,1,2,276
2025-05-12 21:13:18,ee337596c193555618dba460401f59848d20375db4c43d9c56c750428c1d5d1c,896458,253231.0,10670.0,0.042135,2,2,394
2025-05-12 21:13:18,adf335b9fc5ebfaf6c841e47a452509f8a3b3ac7ec0ae79e2f9f77a63daaff0a,896458,339981.0,22246.0,0.065433,4,2,806
2025-05-12 21:13:18,efe4b2bc1906978551581f48c54402206bcbcb63ca01914e5f90bbdf5e57350f,896458,378423.0,23921.0,0.063212,4,2,841
2025-05-12 21:13:18,b59e09e18ca74d95bf7c6ae1e8a41f3caa5d3e65e06c6c7be96cea9de9024b86,896458,167562.0,12295.0,0.073376,2,2,428
2025-05-12 21:13:18,b2a80b7ec8f77fdcdaf2169953d8ae6a0b30b1962ff21c5b5be09513833b7be7,896458,421785.0,27222.0,0.06454,5,2,995
2025-05-12 21:13:18,37b0f313db44f577f9004fb9b376d7c2f2cdf38864b703f2e993af5ba84625a2,896458,427268.0,27222.0,0.063712,5,2,996
2025-05-12 21:13:18,92b5105c02a15451a6e9f2a6f2ef55a56249187d8b7d5c078c328fccfe84db45,896458,189734.0,13969.0,0.073624,2,2,463
2025-05-12 21:13:18,bc8b73b667937dbd118d92b34a7f90474c61f13bddb0be7470b04986de963128,896458,202496.0,13969.0,0.068984,2,2,463
2025-05-12 21:13:18,0bea04bfd983e9276b166e07d7d38bf1195dd3e6165d7ee4bb58ab17a488cf1f,896458,204252.0,13969.0,0.068391,2,2,464
2025-05-12 21:13:18,78184af8e478ffc8c3f71f77d92792430ffe47ab588b1affca0766cb69d1f806,896458,213150.0,13969.0,0.065536,2,2,463
2025-05-12 21:13:18,4d6b272b6efdcea71dfcb77056c5d6178b1782e553b9b5b13a8c259b74a05cc3,896458,12454852.0,13922.0,0.001118,3,2,547
2025-05-12 21:13:18,c57f468cf09e4e557f2e8fccf7d88e2ed9def8f6c545aaf58764f7aa18e9f093,896458,402346.0,13924.0,0.034607,3,2,547
2025-05-12 21:13:18,dc8810c08095fb1ceaddb807dc17e0f5e5408c7b67f384126a4d5f850572c614,896458,354594.0,13972.0,0.039403,3,2,548
2025-05-12 21:13:18,caaed7ec80fce0e741e8dcbb66ae08f66051ed6b4bc0f6af77e00774143b9676,896458,515002.0,30571.0,0.059361,6,2,1148
2025-05-12 21:13:18,0cb87c01788c5b193ece5193c06c3f710fa02d0a658d002e04f0dbc1ff4c9097,896458,649805.0,32245.0,0.049623,6,2,1184
2025-05-12 21:13:18,0ac85df605b87b499a6a8007948ce6d6409173c4ccbd372dd3c6b79a6fee48bd,896458,580989.0,33919.0,0.058381,6,2,1218
2025-05-12 21:13:18,e3d9cb22f91729d738e53d40ef765d7dba64d4c4496ebdac55f834a337b26aaa,896458,619998.0,33919.0,0.054708,6,2,1218
2025-05-12 21:13:18,c6d648b35b64598c20863ed74713998b8eb6e569164bff8dd79b452d7a0e978a,896458,306683.0,17318.0,0.056469,3,2,617
2025-05-12 21:13:18,4b9232a4492d168c1a3c78386cf2b1af8bc2044698b2a11cc08cd225ff7d2bed,896458,590812.0,37221.0,0.063,7,2,1371
2025-05-12 21:13:18,7f557cd5ee085aba8484d36454e50b36494b8dce1601bf46d4b8459fd376a270,896458,740581.0,37221.0,0.050259,7,2,1371
2025-05-12 21:13:18,a29d738fb21bf064aa3da8096c839dcaf9a370dd86dfd9aeac1a8f7d000dbdab,896458,284706.0,19088.0,0.067045,3,2,655
2025-05-12 21:13:18,999380856047673306479afbce92308f80f9667b3126da30810104ce07ec0cfd,896458,292991.0,18945.0,0.064661,3,2,651
2025-05-12 21:13:18,15583b5c9f32877c20a3988ccb8fce19e2a911ecff6361ff2bb6fe73adf68ca2,896458,319421.0,18945.0,0.05931,3,2,652
2025-05-12 21:13:18,43591c77e00f7ea3746e3578f78fbd0719ee1c2cb954a0f08227bc3f19e2bd19,896458,284435.0,18945.0,0.066606,3,2,652
2025-05-12 21:13:18,c8e8762124a318390b5e09cca63a669ce752201d40a5f5f6c374c44621257105,896458,292139.0,18945.0,0.064849,3,2,652
2025-05-12 21:13:18,f83ab3ba564f7b3a7864c707f9be22693db9e691aa4ebdc462d7c1e7143aaa01,896458,307792.0,18945.0,0.061551,3,2,650
2025-05-12 21:13:18,5d1553e46439b7a08a2354ae5f5c7722ef7221c969a75bfb8f8157ba56d77b01,896458,254820.0,18945.0,0.074347,3,2,651
2025-05-12 21:13:18,729e5993c8af8b0408ddad223544ecaa1953f5a9beb24485566cf72432fc1477,896458,250450.0,18993.0,0.075835,3,2,651
2025-05-12 21:13:18,4e994b413d4918b72ed7b2fabd5ae8da4d635d73f1083bba60225ec5f82f4c49,896458,253061.0,18993.0,0.075053,3,2,653
2025-05-12 21:13:18,f5df4c5d8388edee9436b0f052a247f4b3f11af708092098cbeb172d237c2600,896458,721588.0,38895.0,0.053902,7,2,1406
2025-05-12 21:13:18,d74ade837082c684116cfa93565a6fcd79fc633963c35437bbd9039a651fa089,896458,341881.0,22246.0,0.065069,4,2,805
2025-05-12 21:13:18,92e7101d836768e1a85bededad62c5db50d840764bf9c8c2ddf87571d40cf634,896458,431269.0,23921.0,0.055467,4,2,840
2025-05-12 21:13:18,6a9663ad1562ad8f287485002b0fe811e29ae38a39d2214a438e0ab78d7f88e9,896458,822882.0,48798.0,0.059301,10,2,1867
2025-05-12 21:13:18,a45fb3b59bd6689db627dc1822b1839985e794c5f6fa89339835cd53c4f2dd4c,896458,1271260.0,75303.0,0.059235,15,2,2843
2025-05-12 21:13:18,51b6aaaae6bc6619a0c597f87679aabf48815ae3aebece66c597d112c99d9a01,896458,844641.0,53822.0,0.063722,10,2,1971
2025-05-12 21:13:18,545f4c229ae6f370bc0310439d4b1abd5c75ac440df9daf2cb317248e676aa66,896458,524824.0,27222.0,0.051869,5,2,992
2025-05-12 21:13:18,b67cd6c2c5d24b0895ccf18591a9822244dc7d1c6cebf8ae8ef44620b815ec63,896458,512904.0,29040.0,0.056619,5,2,1031
2025-05-12 21:13:18,186732938707efd616aa7467d7393de937969f4b71198d01fbacb8283d06ca9d,896458,1028747.0,60376.0,0.058689,12,2,2275
2025-05-12 21:13:18,aa4ef30edaeb72bdcab16e40fe36144fea447b724fe410c89317c84ee9554ff8,896458,623243.0,32245.0,0.051737,6,2,1182
2025-05-12 21:13:18,c6325f53d3d419e90ab86f70cee3f0f2ba9e5208bc07ea6bdd6bf2fee074a920,896458,590281.0,38847.0,0.065811,7,2,1404
2025-05-12 21:13:18,16d43be33d480015031aa96b3bae34719d9577665e0a31fd8d62539b08531b04,896458,693142.0,6858.0,0.009894,1,2,223
2025-05-12 21:13:18,656a5f045641da4fef0fb29c1474e52b6a1a12503543c399969cc00240a4a699,896458,127503.0,5334.0,0.041834,1,1,191
2025-05-12 21:13:18,3df9816b20616da85259a77099295a72dec8f832e7f3d282973fb96d2c80ceee,896458,41333.0,8667.0,0.209687,2,1,340
2025-05-12 21:13:18,4b65612b62d63c26ddb2f15a4be6320f533f8f061ac3ef00c83e585d30bf3ffb,896458,109280.0,5517.0,0.050485,1,1,195
2025-05-12 21:13:18,2f16b438ba3520f1ed3782742403679fd9791b0a8ebeaa4daedd732ad14bce80,896458,3988911.0,6909.0,0.001732,1,2,223
2025-05-12 21:13:18,0049893126fdcb5a8a3d12eab2d7bee3488b3fe60b5faf2269eaf2c861ddd64b,896458,3533786.0,6909.0,0.001955,1,2,222
2025-05-12 21:13:18,1046b4355da1ab2fc08c74ed62c6d55be626ff54a0af43d187edbab891494d2c,896458,3813284.0,6909.0,0.001812,1,2,222
2025-05-12 21:13:18,8c9e95e8405d2b83e368b4077283c9ff3cb1570725bef7b5861788c74157892a,896458,2407912.0,6909.0,0.002869,1,2,223
2025-05-12 21:13:18,0a6c17cd96bc203e175000fa2c384dd8e13fab0df92bab8fd6d1a0c99c4ebc1d,896458,571000.0,8939.0,0.015655,2,1,344
2025-05-12 21:13:18,6bdffb9f3b21faab8bc3bdcb75bb186f5d4479523e61f587039c89a6cc185cc2,896458,18506.0,5474.0,0.295796,1,1,191
2025-05-12 21:13:18,ef45def6fbc1adfa4478690347761cf3a2159f16d750603bdf33a773c2d8b9d5,896458,19507.0,5539.0,0.283949,1,1,192
2025-05-12 21:13:18,02d059dbb649e4adfc8a43d8a269639c6696edc4cac0e6f3d328f65e508a033e,896458,490000.0,5499.0,0.011222,1,1,192
2025-05-12 21:13:18,62cb4264ce5bbedbdaf375a6084dae3d73c39b31bf9e2195e7f2f158a49b62b9,896458,3959156.0,7050.0,0.001781,1,2,223
2025-05-12 21:13:18,506b96ba6aee58390ee87b3646fe4d32003394fa36b2dfd2c99434c06430313d,896458,4316167.0,9050.0,0.002097,1,2,347
2025-05-12 21:13:18,c6f1780b80a87d0e0da0f32a8e74931e20af354c89677e5c4f7a4f6ac621a01b,896458,2610750.0,5550.0,0.002126,1,1,192
2025-05-12 21:13:18,7a6249df73b9f33b697be70e48acb6ed467cc56a14993a5e255895ae2734e803,896458,149908231.0,23941.0,0.00016,1,12,560
2025-05-12 21:13:18,640d2cded2d1fd42da81bdf94c3eaa2478403de08a33b89e95b28860b077b6a3,896458,217677045.0,17550.0,8.1e-05,5,1,660
2025-05-12 21:13:18,735267ec82a4ba1ab21d0c0fd6fa79f049a2dddca4b179a1d9b15d35f3c3117c,896458,29504344.0,11200.0,0.00038,1,2,223
2025-05-12 21:13:18,04634999831e37950691ced28c3a7166372cf2c8e8e5d226a92f1f252b860f29,896458,1240000.0,9523.0,0.00768,1,1,189
2025-05-12 21:13:18,0c4bdc0045f3e629ae1ebdd21a83ee9098d85ba6d6790d72858ef93ba570d541,896458,53647290.0,23941.0,0.000446,1,12,554
2025-05-12 21:13:18,3d3a913a8dfe1d4e037e1c9f166b400b20ffc377d52abfd0641eb8ba778682c9,896458,64062770.0,5586.0,8.7e-05,1,1,191
2025-05-12 21:13:18,178b4ee86ed94ccff8c13436d542a4e649cbf62c03e833f5ea4725da1edb2c1c,896458,48684.0,6203.0,0.127414,1,1,204
2025-05-12 21:13:18,647954f148e3b57869f9f704493d3ffe8d42ba09d2b51307a5372362c26737ec,896458,7408055.0,22388.0,0.003022,1,11,519
2025-05-12 21:13:18,d2c0c3cb592069f36b6ef4e6ebd25d134c5bfc037e162a3f2967c289d1bda667,896458,41000.0,5633.0,0.13739,1,1,192
2025-05-12 21:13:18,3773c261fe7036d89fc9915ec6adbe05e9556054442609884b69db713935fe8f,896458,19517.0,5636.0,0.288774,1,1,192
2025-05-12 21:13:18,4578c1e5b83ffb507372d4cf108dd2fffd3edde76ada1af20383c2b84068c31b,896458,67476304.0,23941.0,0.000355,1,12,548
2025-05-12 21:13:18,743c00eed7a4739c3d18fe2d44a08a7bd1aa9b1dc206ab37e90d06062873b76e,896458,63005389.0,19282.0,0.000306,1,9,456
2025-05-12 21:13:18,c166caba5efe8416e21ff6eb3262e6ca1b494e6bdd9069cf05be82ac415b05eb,896458,96826712367.0,12483.0,0.0,2,3,404
2025-05-12 21:13:18,82744870781e4f13072804d5f1c7f6c30c2b39774637f1639994788a046fab01,896458,70018411.0,19282.0,0.000275,1,9,453
2025-05-12 21:13:18,39990ec3172f2137e7ce5ce117abbbf0be56f47470cb9887e3aee7d4234e86ef,896458,104555970.0,20835.0,0.000199,1,10,481
2025-05-12 21:13:18,29b0fc569b17d5c663e268a4591c47a7c303cb8ee2dcf0c9208e8cbc3c29504d,896458,46592625.0,20835.0,0.000447,1,10,481
2025-05-12 21:13:18,34e1af5efe370c412240e3768c4a9bca2994c2031b3f5df9a89c1b62d5aa18e1,896458,2013.0,5913.0,2.937407,1,1,195
2025-05-12 21:13:18,09897b5ac788a04a06235d664e35b969955c35ff44d68a5ea528f971a2f6fbb7,896458,39890000.0,10000.0,0.000251,1,1,191
2025-05-12 21:13:18,b4ffe3ac3610a3db59b5d0c15b519ef0bef379418d0dddf2f764b9e3816f3ad3,896458,38470717.0,19282.0,0.000501,1,9,448
2025-05-12 21:13:18,61b89edc033fd80d30396ea94475c657d6c0e2c41cc85052d98517e6ad6b06a5,896458,86222186.0,19282.0,0.000224,1,9,446
2025-05-12 21:13:18,0e4c9d162f1a33cb40d1ef891ed253d81998fb6c6043377d905e074a84ea7192,896458,80840840.0,14622.0,0.000181,1,6,356
2025-05-12 21:13:18,ee5ed1841bfc01d2ba4e08d8c8a498ad9e320e31d3355b0ab66080c87b9e9a8d,896458,81916.0,5946.0,0.072587,1,1,192
2025-05-12 21:13:18,ad49220cbb6806abfd2c321def1d92b159c67ffb7968c81f1f52cbf9097b97e2,896458,30439252.0,16176.0,0.000531,1,7,383
2025-05-12 21:13:18,c63379f6eef8dcbaf2936566691b6fe04a52490f81a98f721edb11f9f6c70694,896458,58122154.0,14622.0,0.000252,1,6,350
2025-05-12 21:13:18,4fecd4c7739c6e8c9d54099d249280874ac4a781e8359bdd82a409dec2465337,896458,127032101.0,13069.0,0.000103,1,5,322
2025-05-12 21:13:18,120a09425a5e0fc577c10a18f548ef9934d163f4c6b54576c05315cb7f1e6ea6,896458,34000.0,6000.0,0.176471,1,1,192
2025-05-12 21:13:18,3d8b4eb4cdae24974654635b8f42fc08a1dd1e17a904fa7a920e44b732bc1847,896458,40898.0,6036.0,0.147587,1,1,191
2025-05-12 21:13:18,3c054b83d3c0f2ff66f5d85d66bfbf0e19798abd927803ff4fff503325dc728f,896458,85906110.0,14622.0,0.00017,1,6,347
2025-05-12 21:13:18,f057d2e5158d19be267330935ce147f9c4137fddd8188554a0d1990f2f03db73,896458,9000.0,0.0,,1,3,207
2025-05-12 21:13:18,27a944621c1ac120157b3fcbce60cc5d06005f648ca7ce25a2cdc0c65d8745fe,896458,90890698.0,13069.0,0.000144,1,5,318
2025-05-12 21:13:18,899ac71f32914f4dd6ca51ba3e8b4eb02250754dbecf95ab78972a35e0c475c2,896458,68948517.0,13069.0,0.00019,1,5,318
2025-05-12 21:13:18,75ec150237dd313f4a0079e20c77408a67bbf03d0306b9759e7e70db84664faf,896458,38032.0,6168.0,0.162179,1,1,191
2025-05-12 21:13:18,6b5477fb94f7afa0951a240ac67d56d7a987b3243182fa5921a3c23d40f6fc60,896458,365137047.0,8168.0,2.2e-05,1,2,225
2025-05-12 21:13:18,8117db32500d5b3ea8a6493c1cf4a0ab006ac576cf200f428df8d1d5b3605658,896458,67216.0,6241.0,0.09285,1,1,192
2025-05-12 21:13:18,d11280857ad01d489ba0c1b181858761f8e6d936ac3caff26a47d33d9c137deb,896458,14566866.0,6418.0,0.000441,1,1,194
2025-05-12 21:13:18,cf47a5e0eee51ba24127175a568def1e7a6a6cbc168f04e4c9149cfbd7c38bc8,896458,1051049.0,10110.0,0.009619,2,1,340
2025-05-12 21:13:18,bb4a1ab91fcc003518937345af93d907b8e1a2de33b300bf94880ea8903bcd18,896458,9680513.0,17835.0,0.001842,4,1,638
2025-05-12 21:13:18,d0200cb22644788637d7e1c563c30a5e773b0c703f4fac502eb2e8f3e74d23c5,896458,563544.0,6248.0,0.011087,1,1,191
2025-05-12 21:13:18,2ab9320bd26e99fe603c6b360ca72884fc7d4513e59b4bb9bf67237317edf289,896458,659361.0,6248.0,0.009476,1,1,191
2025-05-12 21:13:18,7727a60133d1d0099770e339c46335fb2a70b28180459be64bf1d93e8d389fd3,896458,1549125.0,8009.0,0.00517,1,2,222
2025-05-12 21:13:18,5f4046abd3824c720e8f2e6c71e69d6d87af133b1f52204224a5538710d0b69e,896458,96755066.0,8009.0,8.3e-05,1,2,222
2025-05-12 22:00:06,3f4fdb6cf684fef3545353ce9842a10d1c501c5320398953905ed8901a2c5018,896461,2369570248.0,6384.0,3e-06,1,6,348
2025-05-12 22:00:06,0a8305f10fe5252f47381fb04852becdf7935fd20d7fb94636d1da35fc5ae1cf,896461,4577356.0,2644.0,0.000578,1,1,192
2025-05-12 22:00:06,0bd4d16d9017e0ca86c8fba3233c0fd578e0b21a5ec3a77e1d001d084feb1897,896461,1470386.0,7614.0,0.005178,4,1,638
2025-05-12 22:00:06,5ae0f39da189463cfbdf499d8c0a2086cf041356a725a8e321eed1301187aaab,896461,88483.0,2825.0,0.031927,1,1,194
2025-05-12 22:00:06,0ac2374c7a75d8ee73f36ffdb4b895b91bead9b2642416327cdb971c5a4c8eb6,896461,61093.0,4907.0,0.08032,1,1,188
2025-05-12 22:00:06,295c9c655c3f052ad8795059255afc5ebe2c3df441c9d2f955516a7c92991ac7,896461,31269968.0,11111.0,0.000355,5,2,817
2025-05-12 22:00:06,3aa5ea65fb63b0e0ac36e602d9130505f1bf9d91851891fc86cf4ab1fa3e7c45,896461,1902238.0,7152.0,0.00376,1,6,347
2025-05-12 22:00:06,3ed914560994a4da3081ed6df39ef0e4c5e00ce404f26a8a3c896df8ba0e2492,896461,1027257.0,5695.0,0.005544,2,2,373
2025-05-12 22:00:06,d7aa1379dacff5241fcad71130f194894c08281a802fdf15063d9a9e92e13be6,896461,3529023.0,4670.0,0.001323,1,3,254
2025-05-12 22:00:06,72d2f086df9f2a574ab58743071b110e5973027ce59a76e20c650d7f39a6f9c5,896461,1207905.0,5615.0,0.004649,2,2,370
2025-05-12 22:00:06,1466032a7237185155e3bea5d7eca71ee96174dfe3263a4164ebb41e569e1819,896461,1086094.0,5615.0,0.00517,2,2,370
2025-05-12 22:00:06,ca68d10b30fcb4f9236ed60dd1ab22d1afc1ee621be9b6bd421af052e01397f1,896461,15615382.0,5642.0,0.000361,2,2,371
2025-05-12 22:00:06,c3138b92800ffd96222b6db24f393f9a2ba4398ff1fcba2a514e60eb60b46976,896461,830788.0,2970.0,0.003575,1,1,192
2025-05-12 22:00:06,a3f801af388fc977ba2e0bd65728f1568e6d5bef3b87d0038695a477b09b40c4,896461,578097.0,3929.0,0.006796,1,2,225
2025-05-12 22:00:06,8281179aa3e4365b15784014af08d72bef69571347de38c0b0124e676827eaea,896461,1909754.0,5156.0,0.0027,1,1,188
2025-05-12 22:00:06,ad0a843fca6563527b8121a83b619303174f9c59f823ccee7a300f8ad2c5916f,896461,352369.0,3915.0,0.011111,1,2,223
2025-05-12 22:00:06,e9dfe1d306bf2f06a4dbf5705f7335919d5b0b83ba153f8cc99c0914c76c2ba4,896461,2120112.0,3888.0,0.001834,1,2,222
2025-05-12 22:00:06,a4d8b5142446c9d3852c872f9823cb52349ade4f64a5acda6746f12e41bb9754,896461,177368.0,5751.0,0.032424,2,2,370
2025-05-12 22:00:06,cb9820d736611c1e776b56a77ee4bcf4706255027f2177021e10125a0bf27d85,896461,1187739.0,3948.0,0.003324,1,2,223
2025-05-12 22:00:06,f75fb3bda3a98d5c6a0fca7cd4004d185384b3e8bbff0624a96ce51797b8ae0f,896461,47928221.0,4415.0,9.2e-05,1,2,234
2025-05-12 22:00:06,b66261bce66760d25e8141c0e83473258ed9d7196f8ca43db4f5caa10bca71b0,896461,857970.0,4230.0,0.00493,1,2,222
2025-05-12 22:00:06,2ef02fa5515bd645cd92f1a743ce25a561174c69a38b5a5354d862c00839b85d,896461,104131.0,8820.0,0.084701,2,2,376
2025-05-12 22:00:06,d2bcff8b5a6d0e9546ba74570214c35719e084010dc7b4c43f1c0bb44c197104,896461,173586.0,4230.0,0.024368,1,2,222
2025-05-12 22:00:06,759bdcf0b321533940dcb43f0dcdf5d8f88807c288a7fb0501a768aa36d626cd,896461,88306.0,3488.0,0.039499,1,1,192
2025-05-12 22:00:06,90934a898f04617b8ca620491c9fb92580b115e0ed84a2b1cd238987470e986a,896461,8719375755.0,23590.0,3e-06,1,21,831
2025-05-12 22:00:06,58d80f0977cb5dfd9bf613947b299c40c414b69618b40d872cffaec301eae4be,896461,640008.0,4448.0,0.00695,1,2,223
2025-05-12 22:00:06,4b74e131d61c2a0977ff886231e5e63338814c9a003ccc5e28a76c0031dbe9eb,896461,6122.0,4512.0,0.737014,1,2,222
2025-05-12 22:00:06,79dc1ca2b28d0d479383094158def8eb7683ae387c63b522310200a12a91e0a8,896461,60474.0,3616.0,0.059794,1,1,194
2025-05-12 22:00:06,45c02171fba05da74aa5ee293bdf54a2e73ac7b15077949c3206fdf38ca3108a,896461,1378997.0,4608.0,0.003342,1,2,226
2025-05-12 22:00:06,5e0e8a9e6b9207001b0737d1d80d24c33a8282ca21e495c0654c9c5289191b70,896461,42236.0,3616.0,0.085614,1,1,194
2025-05-12 22:00:06,318019c13ee1c5ba8daed518b9f15fd3ef674c4ece912ee0357595efef28942d,896461,718336.0,4512.0,0.006281,1,2,222
2025-05-12 22:00:06,cd0fcd17e9e5cb45f13ffacd0f3f5d46c484098a1af7a129c19a85e29c3b2827,896461,288529.0,6784.0,0.023512,2,2,374
2025-05-12 22:00:06,bd1f7d25c62d7f7d184289c5415aec6aa6771ee75074770a919adc93af906613,896461,751638.0,3616.0,0.004811,1,1,195
2025-05-12 22:00:06,0363938aa22d0f26c8aaf6664567d77ea4db86d0625ccc7974c427b15471c732,896461,173813.0,11072.0,0.063701,4,2,669
2025-05-12 22:00:06,bf496dae144b845f180475357f07e9a65a9b639f9558959c0db88654f8b15173,896461,3609779.0,10880.0,0.003014,2,1,339
2025-05-12 22:00:06,ebd0b0235b999058f73ad9d66b3bcdaec627ea72be3d8817cb2de7f917eee295,896461,51245828.0,4653.0,9.1e-05,1,2,223
2025-05-12 22:00:06,95e6e5d0a2b9d030cdcc5911445e23c36a17f00c3de7275d86350b02c54cee7c,896461,67922263.0,4664.0,6.9e-05,1,2,223
2025-05-12 22:00:06,deaaf9704d5a3c5eb06ba561aef7dd041b7d2b58a129fcebead537e0feb81372,896461,16569.0,3859.0,0.232905,1,1,195
2025-05-12 22:00:06,616bd20c3c3026bdb55cb6c33a9b3c321ac9c7bde1c392bc43b98bbac532c8a2,896461,467020.0,4070.0,0.008715,1,1,194
2025-05-12 22:00:06,4cc7bf4c6e7f41ad6bb4bc378ba9eb95871d39d50cd398aed14b35d4133511b7,896461,3146061.0,16192.0,0.005147,3,7,691
2025-05-12 22:00:06,e3f14e2b2209a7bef8d539f9c680a6a071003d316b91bad5a061940d5670d8e4,896461,344303.0,5217.0,0.015152,1,2,223
2025-05-12 22:00:06,9f6aeb693c6b73326e45efaecdd30cc5ff5252e4d1af6d337714070b82a579b6,896461,21557.0,5217.0,0.24201,1,2,223
2025-05-12 22:00:06,5a15d0205eac38336408e98997ba50bcfe06fe0b8d9501e242464dd9728e8982,896461,49096.0,5217.0,0.106261,1,2,223
2025-05-12 22:00:06,fb877023900739572e824eb83aac49a2621fabbd14e68454ee57ed0fb5c9eb74,896461,514967.0,5217.0,0.010131,1,2,223
2025-05-12 22:00:06,ff017f36c50fb6c704235972291f4faa8a7e4a9b68cd61bdfd966bf6498ccf54,896461,196427.0,5217.0,0.026559,1,2,222
2025-05-12 22:00:06,4488d9d1fd317825db5c311b38001e91152a64712b783ce607044914a5562f21,896461,40070.0,5217.0,0.130197,1,2,222
2025-05-12 22:00:06,6f858f1110f3b63178c54ba0a7db4bcfbfe4231ed5871787e586609df8e9f62a,896461,3089915.0,13838.0,0.004478,2,2,373
2025-05-12 22:00:06,ceeda57333b0b5cb10aa90020eaea6858af373f2a102d3df68e504430a9ef98e,896461,26828345729.0,430754.0,1.6e-05,74,20,11574
2025-05-12 22:00:06,65d0e8b6331c40ac17db69cfd6e272570fa61b920e01bbcc8bcb1d22f2ece055,896461,432696.0,5291.0,0.012228,1,2,223
2025-05-12 22:00:06,55f6776700d2f6f80a8c2f7c6bac49d517229b25c90d132c6d96a2d434d10e76,896461,26137645.0,5254.0,0.000201,1,2,222
2025-05-12 22:00:06,c6f22d281b549cc1225a8ba731ce0bdad00dfb75546878d0cb22a1be891eccea,896461,987629.0,6623.0,0.006706,2,1,339
2025-05-12 22:00:06,a7be7bb50668d7d1ce5772236fa7fb0f27fbc8510ec91f939d0eb1eba61e7159,896461,71549709.0,6213.0,8.7e-05,1,2,248
2025-05-12 22:00:06,df8a0ca92338d2a4b334912cf9ed0063cca8d7c4b04130025bf9363cd379253a,896461,4325466.0,5301.0,0.001226,1,2,223
2025-05-12 22:00:06,4c9d083bdadd829fd35bbcf29e492b096d07b59425e6c13bbec2494a1baa83b0,896461,142216687.0,5016.0,3.5e-05,1,1,214
2025-05-12 22:00:06,4dbe30d4110db26a1b62cfa43e22dcdf914d3d80e8b175d3b735e21564c01538,896461,20180504.0,5326.0,0.000264,1,2,222
2025-05-12 22:00:06,73a52562636a5321fd6ef8fece5fe762de442d9e73e5ae1d7c1394e2ad4388fd,896461,36685411.0,9462.0,0.000258,3,1,492
2025-05-12 22:00:06,fed3793f1a03e589c0f07fa060f28fcff71ac616ae086050765119e3047de4f6,896461,477592.0,4294.0,0.008991,1,1,194
2025-05-12 22:00:06,2dda00c7558c7a567829e8522c535ae65a8c64b50264199bf2d290a5684b63f5,896461,109883.0,4294.0,0.039078,1,1,194
2025-05-12 22:00:06,4ff64b001eadcc1155f5d3a40f3062976b76b136a11ef8134455f82c8eb8f1ef,896461,89668.0,4294.0,0.047888,1,1,195
2025-05-12 22:00:06,a7550f27a2d4065cd4a8e14fc2ce8c7f5195f5d809b2d924eac329fc43360cef,896461,122427.0,4180.0,0.034143,1,1,191
2025-05-12 22:00:06,bec58fc2691be108ca987ca31132b062298272b92a7f4b8d758caeb9b93bd0ee,896461,205028.0,5472.0,0.026689,1,2,226
2025-05-12 22:00:06,9080d32ebe3648c32147bed846cb9526f5a3d8e5e830250d9c0e42b6c8beaeee,896461,43119.0,4180.0,0.096941,1,1,191
2025-05-12 22:00:06,c13f5a1f68df0f66d27a22c1d3b3a221db71d6c934cef51e2a98046d463fa0ed,896461,156284.0,4294.0,0.027476,1,1,194
2025-05-12 22:00:06,4b3479fe205ac161ba98c84283e6e1c6fc4130445ef471859ff353e4bcca28ec,896461,260525.0,5814.0,0.022316,1,2,235
2025-05-12 22:00:06,378bba9ea60354c7dd037061fb46b2a5ecfc929a14a6f2fcf1234f0ae947b7e7,896461,656668.0,4294.0,0.006539,1,1,195
2025-05-12 22:00:06,87beb65b6a3070b3a89c4ff3dcc9215a52bca5236aec94d04e1ea09f14cd1ae7,896461,402092.0,5358.0,0.013325,1,2,223
2025-05-12 22:00:06,c0fe947465cba51d950799a7059b2fa7c0d0a675a49088c6c1b2df95714059e6,896461,120687.0,5396.0,0.044711,1,2,223
2025-05-12 22:00:06,80618b1206774aa0a34afd125afc1c6a6b9fabf9555b940ac77f14027a674ee3,896461,376663.0,4294.0,0.0114,1,1,195
2025-05-12 22:00:06,cae255e5f2351d493f816e9239274044ecb4b488d22e2cb7cd440572925d85df,896461,58418.0,4294.0,0.073505,1,1,195
2025-05-12 22:00:06,a77018627d8e6437cafee05be1434694c261b0a1523181b7fc5b19dc9f92c6db,896461,966435.0,4180.0,0.004325,1,1,192
2025-05-12 22:00:06,2c17e73b83132da44b7e94e98f75d158b844ba20e57c3645a4e0b02a89593bd9,896461,721448.0,5358.0,0.007427,1,2,222
2025-05-12 22:00:06,0f980175c17596f540994e51b43d23898a25419b636a8a71eac984766647b6d4,896461,54635.0,4294.0,0.078594,1,1,194
2025-05-12 22:00:06,d7d9fdf14aa366972775a7acb94f4fd0c722395016784f514eca853c37cf9dd4,896461,40820.0,4180.0,0.102401,1,1,192
2025-05-12 22:00:06,10a0bcb010a71e0e0c4e545c89c9ce7b2140cfb4ae997d29bc49003797473dd4,896461,22299691.0,5472.0,0.000245,1,2,225
2025-05-12 22:00:06,c8039f3f2c6ecfeeed602634c4525dd5e35cd147aca6dda6edba4a8003c5c8d3,896461,1813433.0,5358.0,0.002955,1,2,223
2025-05-12 22:00:06,64b3b14e7515e252a2bd26ffac0c1497ea4c7931be797c9eb83c418841d04fcf,896461,40285.0,5358.0,0.133002,1,2,222
2025-05-12 22:00:06,6013b1e32cdc1695536161854168f4e80f0839a2e3e5b084200184733cf565c3,896461,28706.0,4294.0,0.149585,1,1,194
2025-05-12 22:00:06,92352e4a2d99c4f3416c67b134e35e327b0ae60b89fd12c13a0ef7aaa9ab8dc1,896461,1869296.0,4294.0,0.002297,1,1,194
2025-05-12 22:00:06,90e935e92d67925e32dfe101dedbc04179713b028a013c846dd0f8b36ca874bf,896461,59938.0,4294.0,0.071641,1,1,194
2025-05-12 22:00:06,d0bfbcb74020bba1f4e1b57eb86418b5e76306e5b4af521af04501ea3bb919bd,896461,3912644.0,4180.0,0.001068,1,1,192
2025-05-12 22:00:06,812ed48832a06fb3525e6ad07bd934cc73262e9703e880c30e665e43064e01bb,896461,89537.0,4180.0,0.046685,1,1,191
2025-05-12 22:00:06,52c1c24b53e4ed71509a8d95bb2fbf4d9b6696b98747c13fff4cecbe0a4b52b9,896461,5140407.0,5358.0,0.001042,1,2,222
2025-05-12 22:00:06,efc4e24f9f40da3ecd594149f4bb9c1c4cc82de198c4b78eda6e33c3eea480b1,896461,190374.0,5396.0,0.028344,1,2,223
2025-05-12 22:00:06,827feb4a088b3d12d8d2727c3eb3a5697966210106159696bd6fd069f2c290aa,896461,34755.0,4180.0,0.12027,1,1,191
2025-05-12 22:00:06,8e172a0e21211be9645cdc8529086277cae920344eacc85254ebcedf354f17a8,896461,1628373.0,4294.0,0.002637,1,1,194
2025-05-12 22:00:06,d5514b2457f18879d5ab5d7a8716b92733dc20afa5f306c539ec5d335817a0a5,896461,25757.0,4218.0,0.163761,1,1,193
2025-05-12 22:00:06,923f9c0bfb74e6076df0b5b446cec5e6b352d305bbececd7a0fd4a433b2377a2,896461,5418.0,4294.0,0.792543,1,1,194
2025-05-12 22:00:06,2c77277672f7e2bc9bc4274e14530dd9e814265f9d450ca3af3db1f5bb26bf9b,896461,329386.0,4180.0,0.01269,1,1,191
2025-05-12 22:00:06,c13b00152f57fe23cd44ace799e3b9701482904b4c1b2bdaba3e1e948a4ca39a,896461,270676.0,5358.0,0.019795,1,2,223
2025-05-12 22:00:06,8ce6d446b02058b0ee58130ba8262ea54bed9b75ef1e715ef6b9e76d41477391,896461,188820.0,4180.0,0.022137,1,1,192
2025-05-12 22:00:06,ae61b498bfce59e2fea64e9e2655cc494500291d71a7dc83350819af207cb78f,896461,5411139.0,4218.0,0.00078,1,1,193
2025-05-12 22:00:06,a31982c672e762c8ba534d520cd10b67b7b28fa923a4c997bcf4361e7e9c5f8d,896461,64666.0,8056.0,0.124579,2,2,375
2025-05-12 22:00:06,1af9aa14fe6b135ad10d8629eb9d7337753ef196176b3a8eee35ac92e92bb889,896461,255322792.0,5358.0,2.1e-05,1,2,222
2025-05-12 22:00:06,0a98189db02ca20b5737285bfb3f516d96081c5d0c33284c29c3b0a026c7bf83,896461,85425.0,4180.0,0.048932,1,1,192
2025-05-12 22:00:06,a0da0b68507a1cc99708968fe2e42f1e8400b4618e0e559398b3067cd81f8c73,896461,3370369.0,5396.0,0.001601,1,2,223
2025-05-12 22:00:06,15aa0eede9ff3b0eae906defe9419407ad8a5890333f9b3c0d6b1720128f4d6d,896461,3495820.0,4180.0,0.001196,1,1,192
2025-05-12 22:00:06,5a7e698a88ea9d9b2fa34781aca8f6cad8178649c26b9d70eb59538af624cd6b,896461,37999.0,4180.0,0.110003,1,1,191
2025-05-12 22:00:06,49d1e9ea52c62e6bcbe1c38aa82f164ca250072e5b257c2e0aaa653c94149564,896461,461208.0,5358.0,0.011617,1,2,222
2025-05-12 22:00:06,b4b63afa2c98d21c16cf3e8e1c616cef5f45e7118ea83122e9ac80741d5d6d64,896461,2427589.0,4218.0,0.001738,1,1,193
2025-05-12 22:00:06,2e6ac9ba18e1aed791f0133024d82fc531171c76181a620b1e19930e052c6d61,896461,45407.0,5358.0,0.117999,1,2,223
2025-05-14 17:04:35,64d8f4a541a7730b3727f5090ab97694e49f191f60f10064b5d440f841bb9a28,896698,365352.0,3247.0,0.008887,1,1,189
2025-05-14 17:04:35,b96c9ce975dcf3af558485255b851e4fe64b20fb9e02ac8f6bb78f3c9c55740c,896698,29610546.0,11722.0,0.000396,1,1,191
2025-05-14 17:04:35,e704d48f85184c67d5e91ce1c1b6fee21c571559ca21145190b2975e130d3d49,896698,275676253.0,11325.0,4.1e-05,1,171,5729
2025-05-14 17:04:35,67876fa4225acb17212e3f64f89436eaad8abc5bd54b3ca15899a53f99f0fea2,896698,118055.0,834.0,0.007065,1,2,223
2025-05-14 17:04:35,6b55796e1c892bdd144acace3688bbe988df1a1b67b017fa234169e6ef83227f,896698,1551587.0,1312.0,0.000846,1,2,222
2025-05-14 17:04:35,05727644ef5476efe0e83b63618779aee66927834a8d7831d15417c401f91f30,896698,30653728.0,17806.0,0.000581,1,1,191
2025-05-14 17:04:35,8fdeee2589a9e3bea71a0a68a3490ac8caf71f3e9a619b49605848048996c5a0,896698,275680980.0,6598.0,2.4e-05,1,182,6068
2025-05-14 17:04:35,492004a5cbc9e41a35dfd63df0f60badf23615533aed3d9f9e15bb18f1bffbf0,896698,57048173.0,9660.0,0.000169,1,1,191
2025-05-14 17:04:35,18959445515ae6402c7f08dac4c3f838a5856ee58048103e370ea157260193c5,896698,88770060.0,13151.0,0.000148,2,168,5751
2025-05-14 17:04:35,b32e740d82e54def49754a1770208fb768b46452a9655e505471c5118b3fca04,896698,44442127.0,5580.0,0.000126,1,1,191
2025-05-14 17:04:35,7e9d92b1f654f3d4245e9149da13da95be040cf33eb8640a22e9af9fb30832f9,896698,79520773.0,15535.0,0.000195,2,153,5326
2025-05-14 17:04:35,6dcf6d374ee9747a118406b57370e07260688791a809c847d9de04446ccba2c7,896698,960872.0,3988.0,0.00415,14,1,2127
2025-05-14 17:04:35,952353b87b59b5eaa9c8187667e42c63a5b96bde6564070591af8cc01bc7047d,896698,33438.0,2348.0,0.07022,8,1,1233
2025-05-14 17:04:35,352b737685d36ff70590ce5a3c6a333b1246d9a87d6e7e28959ea61dbf57c125,896698,110680.0,569.0,0.005141,1,2,223
2025-05-14 17:04:35,aa2aecf39a0b47d992d9f5ec186f247234609c8b38f18bd891ee232de90eae69,896698,2660.0,4540.0,1.706767,12,1,2102
2025-05-14 17:04:35,fe1ba33d3580197e7190c2613a6ac19202aee8918772ad1df45b673e5b25801b,896698,54314566.0,2803.0,5.2e-05,1,1,191
2025-05-14 17:04:35,1958975ad83370ff88d7507d19544f364d60bc8c211b8da7fe37118274ab4d9b,896698,95554050.0,21387.0,0.000224,3,176,6168
2025-05-14 17:04:35,aee9edb3a3fc0113008b2e799a9c139e075609ed70dea50e9a63795a96aa0e9a,896698,20980614.0,892.0,4.3e-05,1,2,222
2025-05-14 17:04:35,1174403a0761e439a1e1aca212123214d0d4cc18cf881e67f752dbb5e481be53,896698,39137106.0,892.0,2.3e-05,1,2,223
2025-05-14 17:04:35,017e273880e9c028accb0e377b7c9c3cf09c6f97aeac0c95e5eb49ff3619caae,896698,5823254.0,4427.0,0.00076,14,2,2154
2025-05-14 17:04:35,d2c1f9a6ae4f626276111a06bb4a3c061e73fe5f9ffb88fb35f9bdd3d3890695,896698,1712850.0,1532.0,0.000894,5,1,786
2025-05-14 17:04:35,ed342f2a1116f8221db4a2622401801849bf6d7eed1f020a196059db280276b1,896698,512348.0,1528.0,0.002982,5,1,785
2025-05-14 17:04:35,5c4b2f934648d9810a145f2d063de749e9f79c47d0de2f24cdcbb0be245e6b88,896698,253491.0,1484.0,0.005854,2,2,370
2025-05-14 17:04:35,23f974c4e8439ce2bf265e0665c815f6d254b4428de229913b67204fb7a83b1f,896698,2616981215.0,35672.0,1.4e-05,60,1,8890
2025-05-14 17:04:35,e9fcb2646f7fd79b4c32cd31ee2daf0f5ad4d5e29b1922764cd54daf41f4450d,896698,12229492.0,1256.0,0.000103,4,1,637
2025-05-14 17:04:35,0849c882761344cdceddad38992048a160c0f711193f2b87a3e25a4f26e1d9f1,896698,976136.0,1529.0,0.001566,5,1,783
2025-05-14 17:04:35,9c797a17fa0df3a0734be12d9b13240d1c6db74a417430bbf6ba177690516098,896698,9396056577.0,30344.0,3e-06,51,1,7561
2025-05-14 17:04:35,481e58ea769a7e7b2f32d36e5774a136aebb360b4a9f993128d531921505398c,896698,63695459.0,21499.0,0.000338,2,160,5519
2025-05-14 17:04:35,0a4ce8a7e283bcbe3323d7458a78d7cf781cd39323181496af41457a420af621,896698,573842.0,1425.0,0.002483,1,2,284
2025-05-14 17:04:35,3758e35d03a7a2029979fb5861db166b80b86aa47f03b4ddc4855e321115ff60,896698,575267.0,1140.0,0.001982,1,2,284
2025-05-14 17:04:35,94b0547d9d569a57be2af57b580321b6a36450e509c305811a707a8f4b9f8f36,896698,576407.0,855.0,0.001483,1,2,284
2025-05-14 17:04:35,aaa8ec5887fb9af86e1545c3a3ba968aa03b91f2582f95b79704aac02af17985,896698,1141318.0,1080.0,0.000946,3,2,419
2025-05-14 17:04:35,0a90eca0f9380c5fd39a90a9cca7e24dfd43e4324e68c5fb9b81f0340b40874b,896698,25801870.0,5810.0,0.000225,1,1,191
2025-05-14 17:04:35,cf650dc37db6ee148212b189ee1ed6837446e7908341a05e006c437bdb48a617,896698,65271640.0,16293.0,0.00025,2,163,5555
2025-05-14 17:04:35,c66bd258ced24c53a3f9b5f35ee8381e6f31fa39030f19c9b4a3a00e1b31cd05,896698,288495.0,940.0,0.003258,1,2,234
2025-05-14 17:04:35,5200dcef34267a5a847dbe486a85876092a03428ccd7e97b5dbc1ec76f708b50,896698,674346.0,908.0,0.001346,1,2,226
2025-05-14 17:04:35,2e2f44a3ecfd3c6db75fd8c4c4e429c46d4564e433d3173df3741b8ecbee7ece,896698,4853497.0,904.0,0.000186,1,2,225
2025-05-14 17:04:35,7661851d4092803fd264d2952d8ac639cdab17c4c5e488fab7a87777a496ceb8,896698,142248.0,904.0,0.006355,1,2,225
2025-05-14 17:04:35,7ea3244709fff3ad46433581f7a70427c696b9cbfca646165559e81142f80393,896698,68459.0,904.0,0.013205,1,2,225
2025-05-14 17:04:35,6703e2961406093dec25ff6daca339b39ece182bc2fba76efd5d93fe0da02387,896698,535423.0,904.0,0.001688,1,2,225
2025-05-14 17:04:35,ae2607c985b5a408c673f6750597a4afb29fea6b7bde3332024eb1eda4b5856c,896698,154891.0,904.0,0.005836,1,2,225
2025-05-14 17:04:35,001474c534b6169256008fefeafcba37f9d88251c65c4f4148570a7ad5a5e44c,896698,170353991.0,904.0,5e-06,1,2,225
2025-05-14 17:04:35,2ea0ed21b5d5573996051adb56a27661e07c7a7fff9389e60adf24a9e28a14d5,896698,201648.0,900.0,0.004463,1,2,224
2025-05-14 17:04:35,f3f705543ae1df5c4a43bc2359df770b1ec3f2259d7c201fe681fa357a1a3f7d,896698,539071.0,896.0,0.001662,1,2,223
2025-05-14 17:04:35,35063c555b5ff54029a6b02adc64efe8eea7b5148b94acdecb032cdf14390117,896698,548669.0,904.0,0.001648,1,2,225
2025-05-14 17:04:35,9d4b1faf699262026f6dfeacdc59491c61fa8c1a07f3eb1055de1ca0a3428dd4,896698,209104.0,896.0,0.004285,1,2,223
2025-05-14 17:04:35,f90a01bf658a03454b9fd8bdccb673eb794622cd94c2d3331e7369b7c55dac93,896698,6214135.0,896.0,0.000144,1,2,223
2025-05-14 17:04:35,ad433c36e2ee6d5d783c6e540a83727e50dadc58a944f79f0c9a37410dfba58d,896698,145435.0,896.0,0.006161,1,2,223
2025-05-14 17:04:35,77be130ea5b801185c358ddd6af70d3c511d1124fe79e17b23497785286ddb53,896698,1009872.0,896.0,0.000887,1,2,223
2025-05-14 17:04:35,c1e2f918d1071c9bb307eb2bbf6c9bfb0f4b21ea68f91a37a8ed721cf7e731a4,896698,9072181.0,913.0,0.000101,1,2,492
2025-05-14 17:04:35,2e21dbd1047517bb28600b23ca94ddd5fc69da5063d3f9d531a4a8e134940c1f,896698,9882623.0,4664.0,0.000472,16,2,2461
2025-05-14 17:04:35,f83d96657d824b58a589145d1eac34072693e922769274160828d2c9b73c57d8,896698,203863.0,892.0,0.004375,1,2,222
2025-05-14 17:04:35,5087609b74d213f39dab2db2eb1d908caaf3210ac063d87ae15435fa184608ca,896698,858743.0,892.0,0.001039,1,2,222
2025-05-14 17:04:35,72081f034d0cb8e87d8675d73713de59d3e790c8aaf9a2b0150b8ff863a9d7be,896698,286960.0,892.0,0.003108,1,2,222
2025-05-14 17:04:35,3d0deb3a776a62a73783d0af46b1d738d25d4e8773a0070644ea9a968a5098b7,896698,125963.0,892.0,0.007081,1,2,222
2025-05-14 17:04:35,3ba17a0279261facd06dc185c1e184aa7bf527f598f819fbce12e6f9a96b80a4,896698,10465.0,892.0,0.085237,1,2,222
2025-05-14 17:04:35,99157482397d68628df8470e69904b2b8cf0b5ce134344e862540098063ae186,896698,93195.0,892.0,0.009571,1,2,222
2025-05-14 17:04:35,3060e584d1e0432c1d38ef4521390af5b6427cf4a0922a20c6859953f33e207f,896698,5796425.0,892.0,0.000154,1,2,222
2025-05-14 17:04:35,2f8c04e580ffdba2c0ef52eaf66d917e025bf0245d655175a79578b968cb4b5b,896698,217134935.0,892.0,4e-06,1,2,222
2025-05-14 17:04:35,2b6c97df651ecdc23897c8314b545ae2160c81177cf3902c9d66bd1da6043552,896698,204938.0,892.0,0.004353,1,2,222
2025-05-14 17:04:35,b20a51439be4021a28c8eaa10b17d602fdaf38ad631c883336c82c6646a19445,896698,1144332.0,892.0,0.000779,1,2,222
2025-05-14 17:04:35,56efeaf1737b8fbcbaebe396c526122c7194a9a0adff0f5cf7db9f1fd7a1e743,896698,90408.0,892.0,0.009866,1,2,222
2025-05-14 17:04:35,0109b1eb0142b40bcfb11239501b1a91bd77a707d01f7e093225569a0a863e26,896698,3413510.0,446.0,0.000131,1,1,192
2025-05-14 17:04:35,37680818db79ebc64ff8d73c96efaf57e0bffc72ff51f4f7a3e45c97b622981c,896698,191080.0,892.0,0.004668,1,2,222
2025-05-14 17:04:35,094e00b4bca5b39e818a2b4326fdee12166b54c166997c6597eee14ecc371016,896698,370974.0,892.0,0.002404,1,2,222
2025-05-14 17:04:35,96709a0beacc5fbbd824f18e59b51a35118a10995141126617811540803ee957,896698,92462.0,852.0,0.009215,2,2,374
2025-05-14 17:04:35,9fcbbf955b4d7912edbd2fcdb9af2175298eb27256e0ea5ac2fd8ccb7837dea3,896698,300199.0,840.0,0.002798,2,2,371
2025-05-14 17:04:35,d5b99c520176d3009db6c73a4688f1f9026ae1ad957ac5d96f9a2b74f84afc93,896698,36319.0,840.0,0.023128,2,2,371
2025-05-14 17:04:35,1405b9de1828e69b1cceea26e6c22646e74e15286fed84b17484712276b3ed13,896698,28482.0,840.0,0.029492,2,2,371
2025-05-14 17:04:35,95c3e6b39de228f1f3f1ba7cea11a8e2928d94551b55f91456505b2ae5424a7a,896698,623900.0,836.0,0.00134,2,2,370
2025-05-14 17:04:35,9d7b30159b9f548f0b932b71b91ab8b4ea62b619614a4fa773b028919e086e41,896698,562213.0,836.0,0.001487,2,2,370
2025-05-14 17:04:35,d851d7e5ba6a07a586a116233e83a3146b946e06d30de873d8b8be9eb7f61d3b,896698,288169.0,836.0,0.002901,2,2,370
2025-05-14 17:04:35,2c3e86d20a73acf47dd3ed9967b8c51f8847fbc53e799016c783ce350c5d892c,896698,122378.0,768.0,0.006276,1,1,191
2025-05-14 17:04:35,2197a590acdfe35532202cc553af0ad4c31957776067c0ad349cc3fe83b7d285,896698,77478426.0,760.0,1e-05,1,2,381
2025-05-14 17:04:35,c197e0cbb482676621dad04d49e6dd201ef19dc24c680431d63f51fc3522386e,896698,239820.0,760.0,0.003169,1,1,189
2025-05-14 17:04:35,d2850638a64a3c62f1f8d62c13a78aa312c7132d8873bd41242f848d0f1bbac5,896698,8328.0,736.0,0.088377,1,3,234
2025-05-14 17:04:35,ae17220afb9e6911c51ce240746c61f24c1510e6e4ebf58de7a7f71439bf3f79,896698,49264.0,736.0,0.01494,1,3,234
2025-05-14 17:04:35,08fdc05015ad0b925009a4c5187be41c3ac091632480bcf0af0388eebe990603,896698,48694.0,736.0,0.015115,1,3,234
2025-05-14 17:04:35,b5961619a096293efd4194f09a51b52d7db7497709ec7c57cda161f67ad2a602,896698,72014.0,736.0,0.01022,1,3,234
2025-05-14 17:04:35,9a359e04ede358bf988c0468402eaed08368413ce1cae6927acd11933dc4678e,896698,84101.0,724.0,0.008609,2,1,342
2025-05-14 17:04:35,0785d6ee5ba7666efc6c225cd2f52499f311509b72c393cb1ff2b34be921f176,896698,365920.0,724.0,0.001979,2,1,342
2025-05-14 17:04:35,de3af09d665b8655c54889a1004cac64aaedc9eaaffa66c1751b5c08feb51c6c,896698,189239.0,724.0,0.003826,2,1,342
2025-05-14 17:04:35,e9bf89e4964a04f805ef275aad02e813e6c5a370de7325f3b3640f93974ba1f5,896698,21186.0,720.0,0.033985,2,1,342
2025-05-14 17:04:35,d240906c7dabdd2abdb2a72c46e469f32f05b7c67d4288d88149d22fab575ce9,896698,1557794.0,720.0,0.000462,2,1,342
2025-05-14 17:04:35,a0282e5227f4372f8dd2ddd5ed3466f34c6190b583b8bc85cb81e42d04285da4,896698,13300043.0,716.0,5.4e-05,2,1,341
2025-05-14 17:04:35,355c16e491ebe1570d71b751ccc3efb794e732fdc7c4c9dd0cbce2982d485abc,896698,181417.0,712.0,0.003925,2,1,339
2025-05-14 17:04:35,6c167259d346df0e5d2393cfa5abfc5a0bcbebe6a157cf81738d6262c9f79655,896698,3157553.0,1396.0,0.000442,4,2,669
2025-05-14 17:04:35,eb60c17b6834f28053b0fa90841e848784836df320364bff4ad550275a11ef82,896698,284191.0,1384.0,0.00487,4,2,668
2025-05-14 17:04:35,a2771dc9565928cd5a5bb6e42250330ebbe5d32c1f93083f602c1cbe862cadc5,896698,67499004.0,664.0,1e-05,1,2,246
2025-05-14 17:04:35,8ffba970f6644498626b6d5ec05b05e53895a27213556f6aabe63dd8801425c5,896698,408673.0,620.0,0.001517,1,2,205
2025-05-14 17:04:35,5b82844340f90c87f2847048b9a15aac49ecdb8bdb42cc9e771f046aedb515a8,896698,2914133.0,620.0,0.000213,1,2,205
2025-05-14 17:04:35,672e36b745564c1d7459a75f642c62e0a02411cefb6b563c4e46e8f5cb60b39f,896698,71560.0,1164.0,0.016266,2,2,370
2025-05-14 17:04:35,0b4789f9fa49beb6b2c58884c6660714b729a0fd3c0f9007571a4aacb81b1d5d,896698,1148185.0,1164.0,0.001014,2,2,372
2025-05-14 17:04:35,2f9fdb8bfe58fd5b34a615d9bde3c0c845532c9315707b6a7f685899b18f64e3,896698,7913718.0,572.0,7.2e-05,1,2,193
2025-05-14 17:04:35,ee91173158c2e4d4796ae2879ad5f334c3e36391c356ff049e010f411131e2df,896698,18683843.0,572.0,3.1e-05,1,2,193
2025-05-14 17:04:35,077f2fe6a44108e1ab3f831b9a5cd040045139c63eaa317c95465372770541a9,896698,7537800.0,572.0,7.6e-05,1,2,193
2025-05-14 17:04:35,eece1e38549089aadd7501e77faf9ecc1a1c6d94e31c7738d0ec5923053d899f,896698,7748246.0,572.0,7.4e-05,1,2,193
2025-05-14 17:04:35,34fb9250678d24cc4c8588131c3fbd32ab466e5987b52593ce37e8d0703c635a,896698,7566199.0,572.0,7.6e-05,1,2,193
2025-05-14 17:04:35,36e1f75c82347fd9bc6e98deedbec2e54b6b36dc7b828cb11b53febe5294ae08,896698,19311695.0,572.0,3e-05,1,2,193
2025-05-14 17:04:35,f38891b17db4a8d3dd3b19cc9221fc9a1f4946334063909ad8eab3eeaf1754f7,896698,50951.0,1112.0,0.021825,3,2,519
2025-05-14 17:04:35,64d8f4a541a7730b3727f5090ab97694e49f191f60f10064b5d440f841bb9a28,896698,365352.0,3247.0,0.008887,1,1,189
2025-05-14 17:04:35,b96c9ce975dcf3af558485255b851e4fe64b20fb9e02ac8f6bb78f3c9c55740c,896698,29610546.0,11722.0,0.000396,1,1,191
2025-05-14 17:04:35,e704d48f85184c67d5e91ce1c1b6fee21c571559ca21145190b2975e130d3d49,896698,275676253.0,11325.0,4.1e-05,1,171,5729
2025-05-14 17:04:35,67876fa4225acb17212e3f64f89436eaad8abc5bd54b3ca15899a53f99f0fea2,896698,118055.0,834.0,0.007065,1,2,223
2025-05-14 17:04:35,6b55796e1c892bdd144acace3688bbe988df1a1b67b017fa234169e6ef83227f,896698,1551587.0,1312.0,0.000846,1,2,222
2025-05-14 17:04:35,05727644ef5476efe0e83b63618779aee66927834a8d7831d15417c401f91f30,896698,30653728.0,17806.0,0.000581,1,1,191
2025-05-14 17:04:35,8fdeee2589a9e3bea71a0a68a3490ac8caf71f3e9a619b49605848048996c5a0,896698,275680980.0,6598.0,2.4e-05,1,182,6068
2025-05-14 17:04:35,492004a5cbc9e41a35dfd63df0f60badf23615533aed3d9f9e15bb18f1bffbf0,896698,57048173.0,9660.0,0.000169,1,1,191
2025-05-14 17:04:35,18959445515ae6402c7f08dac4c3f838a5856ee58048103e370ea157260193c5,896698,88770060.0,13151.0,0.000148,2,168,5751
2025-05-14 17:04:35,b32e740d82e54def49754a1770208fb768b46452a9655e505471c5118b3fca04,896698,44442127.0,5580.0,0.000126,1,1,191
2025-05-14 17:04:35,7e9d92b1f654f3d4245e9149da13da95be040cf33eb8640a22e9af9fb30832f9,896698,79520773.0,15535.0,0.000195,2,153,5326
2025-05-14 17:04:35,6dcf6d374ee9747a118406b57370e07260688791a809c847d9de04446ccba2c7,896698,960872.0,3988.0,0.00415,14,1,2127
2025-05-14 17:04:35,952353b87b59b5eaa9c8187667e42c63a5b96bde6564070591af8cc01bc7047d,896698,33438.0,2348.0,0.07022,8,1,1233
2025-05-14 17:04:35,352b737685d36ff70590ce5a3c6a333b1246d9a87d6e7e28959ea61dbf57c125,896698,110680.0,569.0,0.005141,1,2,223
2025-05-14 17:04:35,aa2aecf39a0b47d992d9f5ec186f247234609c8b38f18bd891ee232de90eae69,896698,2660.0,4540.0,1.706767,12,1,2102
2025-05-14 17:04:35,fe1ba33d3580197e7190c2613a6ac19202aee8918772ad1df45b673e5b25801b,896698,54314566.0,2803.0,5.2e-05,1,1,191
2025-05-14 17:04:35,1958975ad83370ff88d7507d19544f364d60bc8c211b8da7fe37118274ab4d9b,896698,95554050.0,21387.0,0.000224,3,176,6168
2025-05-14 17:04:35,aee9edb3a3fc0113008b2e799a9c139e075609ed70dea50e9a63795a96aa0e9a,896698,20980614.0,892.0,4.3e-05,1,2,222
2025-05-14 17:04:35,1174403a0761e439a1e1aca212123214d0d4cc18cf881e67f752dbb5e481be53,896698,39137106.0,892.0,2.3e-05,1,2,223
2025-05-14 17:04:35,017e273880e9c028accb0e377b7c9c3cf09c6f97aeac0c95e5eb49ff3619caae,896698,5823254.0,4427.0,0.00076,14,2,2154
2025-05-14 17:04:35,d2c1f9a6ae4f626276111a06bb4a3c061e73fe5f9ffb88fb35f9bdd3d3890695,896698,1712850.0,1532.0,0.000894,5,1,786
2025-05-14 17:04:35,ed342f2a1116f8221db4a2622401801849bf6d7eed1f020a196059db280276b1,896698,512348.0,1528.0,0.002982,5,1,785
2025-05-14 17:04:35,5c4b2f934648d9810a145f2d063de749e9f79c47d0de2f24cdcbb0be245e6b88,896698,253491.0,1484.0,0.005854,2,2,370
2025-05-14 17:04:35,23f974c4e8439ce2bf265e0665c815f6d254b4428de229913b67204fb7a83b1f,896698,2616981215.0,35672.0,1.4e-05,60,1,8890
2025-05-14 17:04:35,e9fcb2646f7fd79b4c32cd31ee2daf0f5ad4d5e29b1922764cd54daf41f4450d,896698,12229492.0,1256.0,0.000103,4,1,637
2025-05-14 17:04:35,0849c882761344cdceddad38992048a160c0f711193f2b87a3e25a4f26e1d9f1,896698,976136.0,1529.0,0.001566,5,1,783
2025-05-14 17:04:35,9c797a17fa0df3a0734be12d9b13240d1c6db74a417430bbf6ba177690516098,896698,9396056577.0,30344.0,3e-06,51,1,7561
2025-05-14 17:04:35,481e58ea769a7e7b2f32d36e5774a136aebb360b4a9f993128d531921505398c,896698,63695459.0,21499.0,0.000338,2,160,5519
2025-05-14 17:04:35,0a4ce8a7e283bcbe3323d7458a78d7cf781cd39323181496af41457a420af621,896698,573842.0,1425.0,0.002483,1,2,284
2025-05-14 17:04:35,3758e35d03a7a2029979fb5861db166b80b86aa47f03b4ddc4855e321115ff60,896698,575267.0,1140.0,0.001982,1,2,284
2025-05-14 17:04:35,94b0547d9d569a57be2af57b580321b6a36450e509c305811a707a8f4b9f8f36,896698,576407.0,855.0,0.001483,1,2,284
2025-05-14 17:04:35,aaa8ec5887fb9af86e1545c3a3ba968aa03b91f2582f95b79704aac02af17985,896698,1141318.0,1080.0,0.000946,3,2,419
2025-05-14 17:04:35,0a90eca0f9380c5fd39a90a9cca7e24dfd43e4324e68c5fb9b81f0340b40874b,896698,25801870.0,5810.0,0.000225,1,1,191
2025-05-14 17:04:35,cf650dc37db6ee148212b189ee1ed6837446e7908341a05e006c437bdb48a617,896698,65271640.0,16293.0,0.00025,2,163,5555
2025-05-14 17:04:35,c66bd258ced24c53a3f9b5f35ee8381e6f31fa39030f19c9b4a3a00e1b31cd05,896698,288495.0,940.0,0.003258,1,2,234
2025-05-14 17:04:35,5200dcef34267a5a847dbe486a85876092a03428ccd7e97b5dbc1ec76f708b50,896698,674346.0,908.0,0.001346,1,2,226
2025-05-14 17:04:35,2e2f44a3ecfd3c6db75fd8c4c4e429c46d4564e433d3173df3741b8ecbee7ece,896698,4853497.0,904.0,0.000186,1,2,225
2025-05-14 17:04:35,7661851d4092803fd264d2952d8ac639cdab17c4c5e488fab7a87777a496ceb8,896698,142248.0,904.0,0.006355,1,2,225
2025-05-14 17:04:35,7ea3244709fff3ad46433581f7a70427c696b9cbfca646165559e81142f80393,896698,68459.0,904.0,0.013205,1,2,225
2025-05-14 17:04:35,6703e2961406093dec25ff6daca339b39ece182bc2fba76efd5d93fe0da02387,896698,535423.0,904.0,0.001688,1,2,225
2025-05-14 17:04:35,ae2607c985b5a408c673f6750597a4afb29fea6b7bde3332024eb1eda4b5856c,896698,154891.0,904.0,0.005836,1,2,225
2025-05-14 17:04:35,001474c534b6169256008fefeafcba37f9d88251c65c4f4148570a7ad5a5e44c,896698,170353991.0,904.0,5e-06,1,2,225
2025-05-14 17:04:35,2ea0ed21b5d5573996051adb56a27661e07c7a7fff9389e60adf24a9e28a14d5,896698,201648.0,900.0,0.004463,1,2,224
2025-05-14 17:04:35,f3f705543ae1df5c4a43bc2359df770b1ec3f2259d7c201fe681fa357a1a3f7d,896698,539071.0,896.0,0.001662,1,2,223
2025-05-14 17:04:35,35063c555b5ff54029a6b02adc64efe8eea7b5148b94acdecb032cdf14390117,896698,548669.0,904.0,0.001648,1,2,225
2025-05-14 17:04:35,9d4b1faf699262026f6dfeacdc59491c61fa8c1a07f3eb1055de1ca0a3428dd4,896698,209104.0,896.0,0.004285,1,2,223
2025-05-14 17:04:35,f90a01bf658a03454b9fd8bdccb673eb794622cd94c2d3331e7369b7c55dac93,896698,6214135.0,896.0,0.000144,1,2,223
2025-05-14 17:04:35,ad433c36e2ee6d5d783c6e540a83727e50dadc58a944f79f0c9a37410dfba58d,896698,145435.0,896.0,0.006161,1,2,223
2025-05-14 17:04:35,77be130ea5b801185c358ddd6af70d3c511d1124fe79e17b23497785286ddb53,896698,1009872.0,896.0,0.000887,1,2,223
2025-05-14 17:04:35,c1e2f918d1071c9bb307eb2bbf6c9bfb0f4b21ea68f91a37a8ed721cf7e731a4,896698,9072181.0,913.0,0.000101,1,2,492
2025-05-14 17:04:35,2e21dbd1047517bb28600b23ca94ddd5fc69da5063d3f9d531a4a8e134940c1f,896698,9882623.0,4664.0,0.000472,16,2,2461
2025-05-14 17:04:35,f83d96657d824b58a589145d1eac34072693e922769274160828d2c9b73c57d8,896698,203863.0,892.0,0.004375,1,2,222
2025-05-14 17:04:35,5087609b74d213f39dab2db2eb1d908caaf3210ac063d87ae15435fa184608ca,896698,858743.0,892.0,0.001039,1,2,222
2025-05-14 17:04:35,72081f034d0cb8e87d8675d73713de59d3e790c8aaf9a2b0150b8ff863a9d7be,896698,286960.0,892.0,0.003108,1,2,222
2025-05-14 17:04:35,3d0deb3a776a62a73783d0af46b1d738d25d4e8773a0070644ea9a968a5098b7,896698,125963.0,892.0,0.007081,1,2,222
2025-05-14 17:04:35,3ba17a0279261facd06dc185c1e184aa7bf527f598f819fbce12e6f9a96b80a4,896698,10465.0,892.0,0.085237,1,2,222
2025-05-14 17:04:35,99157482397d68628df8470e69904b2b8cf0b5ce134344e862540098063ae186,896698,93195.0,892.0,0.009571,1,2,222
2025-05-14 17:04:35,3060e584d1e0432c1d38ef4521390af5b6427cf4a0922a20c6859953f33e207f,896698,5796425.0,892.0,0.000154,1,2,222
2025-05-14 17:04:35,2f8c04e580ffdba2c0ef52eaf66d917e025bf0245d655175a79578b968cb4b5b,896698,217134935.0,892.0,4e-06,1,2,222
2025-05-14 17:04:35,2b6c97df651ecdc23897c8314b545ae2160c81177cf3902c9d66bd1da6043552,896698,204938.0,892.0,0.004353,1,2,222
2025-05-14 17:04:35,b20a51439be4021a28c8eaa10b17d602fdaf38ad631c883336c82c6646a19445,896698,1144332.0,892.0,0.000779,1,2,222
2025-05-14 17:04:35,56efeaf1737b8fbcbaebe396c526122c7194a9a0adff0f5cf7db9f1fd7a1e743,896698,90408.0,892.0,0.009866,1,2,222
2025-05-14 17:04:35,0109b1eb0142b40bcfb11239501b1a91bd77a707d01f7e093225569a0a863e26,896698,3413510.0,446.0,0.000131,1,1,192
2025-05-14 17:04:35,37680818db79ebc64ff8d73c96efaf57e0bffc72ff51f4f7a3e45c97b622981c,896698,191080.0,892.0,0.004668,1,2,222
2025-05-14 17:04:35,094e00b4bca5b39e818a2b4326fdee12166b54c166997c6597eee14ecc371016,896698,370974.0,892.0,0.002404,1,2,222
2025-05-14 17:04:35,96709a0beacc5fbbd824f18e59b51a35118a10995141126617811540803ee957,896698,92462.0,852.0,0.009215,2,2,374
2025-05-14 17:04:35,9fcbbf955b4d7912edbd2fcdb9af2175298eb27256e0ea5ac2fd8ccb7837dea3,896698,300199.0,840.0,0.002798,2,2,371
2025-05-14 17:04:35,d5b99c520176d3009db6c73a4688f1f9026ae1ad957ac5d96f9a2b74f84afc93,896698,36319.0,840.0,0.023128,2,2,371
2025-05-14 17:04:35,1405b9de1828e69b1cceea26e6c22646e74e15286fed84b17484712276b3ed13,896698,28482.0,840.0,0.029492,2,2,371
2025-05-14 17:04:35,95c3e6b39de228f1f3f1ba7cea11a8e2928d94551b55f91456505b2ae5424a7a,896698,623900.0,836.0,0.00134,2,2,370
2025-05-14 17:04:35,9d7b30159b9f548f0b932b71b91ab8b4ea62b619614a4fa773b028919e086e41,896698,562213.0,836.0,0.001487,2,2,370
2025-05-14 17:04:35,d851d7e5ba6a07a586a116233e83a3146b946e06d30de873d8b8be9eb7f61d3b,896698,288169.0,836.0,0.002901,2,2,370
2025-05-14 17:04:35,2c3e86d20a73acf47dd3ed9967b8c51f8847fbc53e799016c783ce350c5d892c,896698,122378.0,768.0,0.006276,1,1,191
2025-05-14 17:04:35,2197a590acdfe35532202cc553af0ad4c31957776067c0ad349cc3fe83b7d285,896698,77478426.0,760.0,1e-05,1,2,381
2025-05-14 17:04:35,c197e0cbb482676621dad04d49e6dd201ef19dc24c680431d63f51fc3522386e,896698,239820.0,760.0,0.003169,1,1,189
2025-05-14 17:04:35,d2850638a64a3c62f1f8d62c13a78aa312c7132d8873bd41242f848d0f1bbac5,896698,8328.0,736.0,0.088377,1,3,234
2025-05-14 17:04:35,ae17220afb9e6911c51ce240746c61f24c1510e6e4ebf58de7a7f71439bf3f79,896698,49264.0,736.0,0.01494,1,3,234
2025-05-14 17:04:35,08fdc05015ad0b925009a4c5187be41c3ac091632480bcf0af0388eebe990603,896698,48694.0,736.0,0.015115,1,3,234
2025-05-14 17:04:35,b5961619a096293efd4194f09a51b52d7db7497709ec7c57cda161f67ad2a602,896698,72014.0,736.0,0.01022,1,3,234
2025-05-14 17:04:35,9a359e04ede358bf988c0468402eaed08368413ce1cae6927acd11933dc4678e,896698,84101.0,724.0,0.008609,2,1,342
2025-05-14 17:04:35,0785d6ee5ba7666efc6c225cd2f52499f311509b72c393cb1ff2b34be921f176,896698,365920.0,724.0,0.001979,2,1,342
2025-05-14 17:04:35,de3af09d665b8655c54889a1004cac64aaedc9eaaffa66c1751b5c08feb51c6c,896698,189239.0,724.0,0.003826,2,1,342
2025-05-14 17:04:35,e9bf89e4964a04f805ef275aad02e813e6c5a370de7325f3b3640f93974ba1f5,896698,21186.0,720.0,0.033985,2,1,342
2025-05-14 17:04:35,d240906c7dabdd2abdb2a72c46e469f32f05b7c67d4288d88149d22fab575ce9,896698,1557794.0,720.0,0.000462,2,1,342
2025-05-14 17:04:35,a0282e5227f4372f8dd2ddd5ed3466f34c6190b583b8bc85cb81e42d04285da4,896698,13300043.0,716.0,5.4e-05,2,1,341
2025-05-14 17:04:35,355c16e491ebe1570d71b751ccc3efb794e732fdc7c4c9dd0cbce2982d485abc,896698,181417.0,712.0,0.003925,2,1,339
2025-05-14 17:04:35,6c167259d346df0e5d2393cfa5abfc5a0bcbebe6a157cf81738d6262c9f79655,896698,3157553.0,1396.0,0.000442,4,2,669
2025-05-14 17:04:35,eb60c17b6834f28053b0fa90841e848784836df320364bff4ad550275a11ef82,896698,284191.0,1384.0,0.00487,4,2,668
2025-05-14 17:04:35,a2771dc9565928cd5a5bb6e42250330ebbe5d32c1f93083f602c1cbe862cadc5,896698,67499004.0,664.0,1e-05,1,2,246
2025-05-14 17:04:35,8ffba970f6644498626b6d5ec05b05e53895a27213556f6aabe63dd8801425c5,896698,408673.0,620.0,0.001517,1,2,205
2025-05-14 17:04:35,5b82844340f90c87f2847048b9a15aac49ecdb8bdb42cc9e771f046aedb515a8,896698,2914133.0,620.0,0.000213,1,2,205
2025-05-14 17:04:35,672e36b745564c1d7459a75f642c62e0a02411cefb6b563c4e46e8f5cb60b39f,896698,71560.0,1164.0,0.016266,2,2,370
2025-05-14 17:04:35,0b4789f9fa49beb6b2c58884c6660714b729a0fd3c0f9007571a4aacb81b1d5d,896698,1148185.0,1164.0,0.001014,2,2,372
2025-05-14 17:04:35,2f9fdb8bfe58fd5b34a615d9bde3c0c845532c9315707b6a7f685899b18f64e3,896698,7913718.0,572.0,7.2e-05,1,2,193
2025-05-14 17:04:35,ee91173158c2e4d4796ae2879ad5f334c3e36391c356ff049e010f411131e2df,896698,18683843.0,572.0,3.1e-05,1,2,193
2025-05-14 17:04:35,077f2fe6a44108e1ab3f831b9a5cd040045139c63eaa317c95465372770541a9,896698,7537800.0,572.0,7.6e-05,1,2,193
2025-05-14 17:04:35,eece1e38549089aadd7501e77faf9ecc1a1c6d94e31c7738d0ec5923053d899f,896698,7748246.0,572.0,7.4e-05,1,2,193
2025-05-14 17:04:35,34fb9250678d24cc4c8588131c3fbd32ab466e5987b52593ce37e8d0703c635a,896698,7566199.0,572.0,7.6e-05,1,2,193
2025-05-14 17:04:35,36e1f75c82347fd9bc6e98deedbec2e54b6b36dc7b828cb11b53febe5294ae08,896698,19311695.0,572.0,3e-05,1,2,193
2025-05-14 17:04:35,f38891b17db4a8d3dd3b19cc9221fc9a1f4946334063909ad8eab3eeaf1754f7,896698,50951.0,1112.0,0.021825,3,2,519
2025-05-17 09:37:04,d2ccd6d5432324be8ba89ee0bbe7765a34d71ceba22a548b52ac3e4ecec18fe5,897084,1476700.0,34829.0,0.023586,17,1,2570
2025-05-17 09:37:04,0470bca75836c5f8819987cfc812efc41d76ab7bd8c393fe75ad3e93dfda8c05,897084,6054727.0,13949.0,0.002304,6,2,966
2025-05-17 09:37:04,db940ca4652b033106f071a4fd12ac25afeb774bbd7c451c97afce6cc74c9af4,897084,61541.0,11078.0,0.18001,5,1,785
2025-05-17 09:37:04,cd0d39bb0866f77f931d57337bd3396ff2eb8bf4d11fa99077881febe322d842,897084,25821.0,10005.0,0.387475,4,2,668
2025-05-17 09:37:04,514063195baf600c032061c7ce6ad024e5b16b28b91fa0d599ec4ecdd34b9422,897084,33591.0,9106.0,0.271085,4,1,636
2025-05-17 09:37:04,503c89644317540b42ea99c7b3d7a5ff9e89571e2f62d6e5a08b1e579032d405,897084,790561.0,8033.0,0.010161,3,2,519
2025-05-17 09:37:04,47c775ea0dbb6d2bcdb919c2d61e5175425cf3d9865191b27763143dc389ca6d,897084,977992.0,7221.0,0.007383,3,1,491
2025-05-17 09:37:04,d6c95261d22730df50ebb3dcd7af3de729f4324daa792e0eea8fc5487661cbfb,897084,24439.0,6438.0,0.263431,1,1,221
2025-05-17 09:37:04,fda11ef1d2ea37d9825e1f55d5a3f170b1b87248513627fff2d8c27859d64fd8,897084,49253.0,6148.0,0.124825,2,2,373
2025-05-17 09:37:04,287ea5ae817a2d0d6c5bfa1a2b851100c1b3af608706a4476cde2af700394f09,897084,4934454.0,6148.0,0.001246,2,2,373
2025-05-17 09:37:04,18f6f0de9c8dc6117573560ed4b408597d168d74bf39b2c16a0a375ce7ee96f2,897084,19849.0,6061.0,0.305355,2,2,370
2025-05-17 09:37:04,c01e41f57d79b625c4602b792b3c64759dd55cfb774fee81e8221c6840942681,897084,82806.0,6061.0,0.073195,2,2,370
2025-05-17 09:37:04,68c763b1d3817d525430d3de2a26bc137f3a0dde77f5f844bd91a891d836ec22,897084,101516.0,5249.0,0.051706,2,1,342
2025-05-17 09:37:04,cca38837f4329a0357d3f456ebd06fb6b2fd4f8066e6fd3646334938a7ed8d12,897084,49994751.0,5249.0,0.000105,2,1,342
2025-05-17 09:37:04,2804750441633c6f4d1cfab1dc2a6c664ed7127af5c4540b0ba7cbdb58086760,897084,27888.0,5162.0,0.185098,2,1,339
2025-05-17 09:37:04,647da31189e0c12b22aba533acbd92ed61a44898b63eff26f514892447af2000,897084,1009220.0,76926.0,0.076223,26,2,4815
2025-05-17 09:37:04,a79bee78d46c126f94a8c3a7f80f992ae99c3681b4fa0777f5cb139bf6769e18,897084,506075.0,8000.0,0.015808,2,4,434
2025-05-17 09:37:04,1b95422dce12a4b253065a1d476f0c3203357275fa7d2f62c60a302aa22a76e8,897084,6516100.0,9235.0,0.001417,4,1,635
2025-05-17 09:37:04,dd7b54826f64644758595f525fb972b7abb68e41ea48e86052c97d73e38a6884,897084,9198301.0,7000.0,0.000761,1,5,318
2025-05-17 09:37:04,bd9a1c4c2356e07a6f100dd65543e3f88cae6d36b7b2e41952a1ee4b7e555a36,897084,250000.0,5242.0,0.020968,2,1,339
2025-05-17 09:37:04,e0daedd9dbb7f661ab6b0e732e475e8dcb303e990c5c4e61ba040bb77780973f,897084,20346197.0,7888.0,0.000388,1,3,266
2025-05-17 09:37:04,96d8e5006f1b047a9c5678874abd6be28fe6007dd78b4b83e2d4e09d6e1afe1f,897084,5157162.0,410476.0,0.079593,141,2,25708
2025-05-17 09:37:04,384b689a70b43137367059bae00013fce9a19ff96efe2f4d64a161e2a5295fd5,897084,26660866.0,4197.0,0.000157,1,2,222
2025-05-17 09:37:04,94a2b3c660977ce9e5a49868caad754ce7465e291e84eb2ff574ff50c399e3f6,897084,200985.0,4230.0,0.021046,1,2,222
2025-05-17 09:37:04,3f243bcb4c3593ba9a8fc1d76fa651452c6e43d4b94eda9769f748f575d5360a,897084,8228538215.0,121980.0,1.5e-05,1,1,348
2025-05-17 09:37:04,ec7dcc55bba52a5e9e2535b090209202d1170c26b80ca4d8558fa08dc0ab68cd,897084,8234249198.0,18000.0,2e-06,31,6,10393
2025-05-17 09:37:04,a797fd02fa8f8d116d942922650243a6f2641d1b17a7d19d2c96608a1c44fdd6,897084,27462320.0,10808.0,0.000394,1,9,441
2025-05-17 09:37:04,7ba71c2968b744c490bad0cc31766e16d6cabc5a6fe652b3e20c4b92fbdfab3c,897084,787669.0,63748.0,0.080932,20,2,3787
2025-05-17 09:37:04,dfafdbef6824c80b8602c04a07d20ba6b1b81957e86c774c6726a18f6c66e180,897084,17982074.0,20608.0,0.001146,7,6,1024
2025-05-17 09:37:04,c32885043d84e63e44d7ab1a966ea22b17e305ef976fe0a19052ae70a1b0fc8f,897084,4351514.0,11542.0,0.002652,2,2,373
2025-05-17 09:37:04,a51775484e6ee031ce72f4ed5c23034c8ec842c08a3a2691089f7b30f4303f15,897084,289322766.0,5859.0,2e-05,1,1,189
2025-05-17 09:37:04,e1b640c5d86a4bd40b2c9b2abd99d360959a93f7c62156aa7bbce2d50f4c95fc,897084,1025087.0,11542.0,0.01126,2,2,371
2025-05-17 09:37:04,c8427b6b6e2c94072441802ac5c310ed71a3a7569337a923f5e5e222f76f1af3,897084,4083653.0,4512.0,0.001105,1,2,226
2025-05-17 09:37:04,6139070a9350f8a2bf93447f7ae00623558566c3070aabf51f83892085440e66,897084,199535.0,3465.0,0.017365,1,1,192
2025-05-17 09:37:04,6b343e9b7596973a280a3d7913845eecdcedba7362de00f0e22e34b527482249,897084,207607.0,3465.0,0.01669,1,1,192
2025-05-17 09:37:04,7b551a386366bb1dd0dfbe8af9dfc730516e53da0767b0d3dc11e74b7f7c90aa,897084,77281.0,3520.0,0.045548,1,1,192
2025-05-17 09:37:04,5fe5d772a393d2c3c79d60b3a3f9ba0c2aebcccb08ddc7a62f402853ed637720,897084,75608.0,7100.0,0.093905,2,2,394
2025-05-17 09:37:04,f8d1444392c311437aa87354fcf5f55d81a6b5fe2645ab94ca9ed7d3ae440dab,897084,189529.0,4512.0,0.023806,1,2,222
2025-05-17 09:37:04,e93446f18849ab8ed06556855a7aa89c158fc66319224b9c9d5ea13d5c7f814e,897084,209073708.0,4512.0,2.2e-05,1,2,223
2025-05-17 09:37:04,a7e453803bbb73312355237d20fad99f3ecfb8ae1fc96fb7a545c9c8be372545,897084,9636.0,3520.0,0.365297,1,1,192
2025-05-17 09:37:04,639581d1202ec239f9816f6695e06c9f67638464dce3d5dfec73dabff49e9353,897084,5333905.0,13344.0,0.002502,5,2,821
2025-05-17 09:37:04,b4b201f60a8598edf91dbc3636b9154b64912858d7b9fe1125cf447302eec283,897084,424829.0,10880.0,0.02561,2,1,338
2025-05-17 09:37:04,8d73ab82857e875712f06ed92475d543d464d377aa7b2d9b582d15a3af419c53,897084,135856.0,6144.0,0.045224,1,1,189
2025-05-17 09:37:04,649b1a40a403051a5cdf15a814d599f2dcb0d78e51e98eeadb4b381bbdaf79ef,897084,13904885352.0,18546.0,1e-06,1,15,643
2025-05-17 09:37:04,f221a7bc30ea5c22948e464e267091f0007efc45e7368389a3635ea9719fcebb,897084,113943.0,5049.0,0.044312,1,2,234
2025-05-17 09:37:04,888dd1d03a9729a75e17ab29c9c83dc9fa5371618f0a933ae0250583e3906b84,897084,6446389.0,16863.0,0.002616,1,13,593
2025-05-17 09:37:04,82cd3c957ba54c50332d3d513b8ecf5b6b38791403051847a9aa391a541eb182,897084,2836631734.0,16170.0,6e-06,1,12,571
2025-05-17 09:37:04,37f2f807e5b896bf5508e69b97d72096ad947bc5aed765c98b456994c318b974,897084,4437720650.0,25410.0,6e-06,1,21,851
2025-05-17 09:37:04,facd0b0e0f5297b44dfeab7b8f2b4d1ca59181b9873232171b2796309612db35,897084,231111333.0,17589.0,7.6e-05,1,14,614
2025-05-17 09:37:04,341c55a6cfbb319e20ed8fb4258f4683653b09212f6e9a99267bc77b610fbc17,897084,2903079211.0,12408.0,4e-06,1,9,457
2025-05-17 09:37:04,e1df545cc653bc551eda09aa00148d9bfa5304858bec0fe90a22cb01300c930d,897084,45368841.0,25476.0,0.000562,1,21,853
2025-05-17 09:37:04,f7c7ef8573ac03b6b1aaa0e411d6c0018227476ea7b00da6995216cf3a4d040c,897084,48498670.0,20658.0,0.000426,1,17,707
2025-05-17 09:37:04,f17212467ab85187f9b86985ea5589768644158ff71a5d5dea677f104cc58775,897084,42812130518.0,29040.0,1e-06,5,16,1284
2025-05-17 09:37:04,0a61df736b4fdcb6550ce5ce9fd62a2dc316c4a12435042abb0d98fd046cc95c,897084,1276241218.0,4687.0,4e-06,1,2,223
2025-05-17 09:37:04,6dc02356c5b4849f30864d4f5c8edff88ceee0b4daf0a6bc2efd35d594719df2,897084,23155136.0,8471.0,0.000366,1,3,250
2025-05-17 09:37:04,88d5315ec2c99c80d9a64c4cbd9e405f50a489f770374ef9b015d03a2f2c20c5,897084,104087.0,4794.0,0.046058,1,2,222
2025-05-17 09:37:04,611268dd6d7aef57fafadd9868fea16a1d7919a23ceacc98abf900091efac308,897084,289479525.0,6426.0,2.2e-05,1,1,188
2025-05-17 09:37:04,fdbf9c33b72de7f2e8285d3b1aedd7defff118328c57991d32b2bd9074709836,897084,7999638396.0,4968.0,1e-06,1,2,196
2025-05-17 09:37:04,377944da1d308d52be16edc388e1f480c439d0a81dd0ac42afe7b3ed2c0e0691,897084,8289129315.0,4968.0,1e-06,1,2,196
2025-05-17 09:37:04,12670c81552c9345dc7b3eeb59aa956dfa9d3795132119eea894d05ac2b14c77,897084,97599386667.0,7910.0,0.0,1,2,226
2025-05-17 09:37:04,ae28b0fb6f3849b8e1ccf68b026575684cc1b358926f9df772b255e4ebb710ac,897084,20402.0,8832.0,0.432899,3,1,489
2025-05-17 09:37:04,8708cbe744da3ba01c4c37b7cd36bf13a172e2fd482abcc286e1b88fdad7dfcf,897084,26243.0,6512.0,0.248142,2,1,343
2025-05-17 09:37:04,9437c7f4a1bd6602dbe49fc3be0478f99255332420e1fe83e584dab21d46007b,897084,65000.0,6800.0,0.104615,2,1,341
2025-05-17 09:37:04,2829e5951fa256fce94f3f8bbb5a78c819f0c8fc4fb0cbcfb830235dcba00f50,897084,107578.0,6767.0,0.062903,2,1,341
2025-05-17 09:37:04,8f4e4d6e4a6d1369d4236f0cea00114ea1226c5667cc6f530a79fbf48361678c,897084,99959.0,6899.0,0.069018,2,1,344
2025-05-17 09:37:04,55b3f4c2527524595a7a188c3537b76231033c77086061290576d4acfa6205db,897084,24000.0,4338.0,0.18075,1,1,195
2025-05-17 09:37:04,80b7dca43c98e0aff0f4e149128a71173c3e2f866bc2a98b3befbca9c0abbbe2,897084,503083453.0,5640.0,1.1e-05,1,2,222
2025-05-17 09:37:04,d4891057af5a61420f19b866c85adb15b4ded0e413c77c003ad24e353c115fd7,897084,435415500.0,5640.0,1.3e-05,1,2,222
2025-05-17 09:37:04,57650be5c8de1a5e848f965641b4584fa8a8a212b8e14d5b4df0db66bdc88995,897084,2701225.0,5640.0,0.002088,1,2,222
2025-05-17 09:37:04,4f35a1767ee885bee23eeeb56df597ceaf0dce52acd147a13b158b3d3db17b7b,897084,432052335.0,5760.0,1.3e-05,1,2,225
2025-05-17 09:37:04,a065be06f15d47313c7083140ea299bc3e5971c036dbf38712392aa5c9f3357b,897084,497984010.0,5640.0,1.1e-05,1,2,222
2025-05-17 09:37:04,291eeccde123012a64693cdbf09274bb2eccedbb397952ce5a72b285c9ed756c,897084,538343930.0,5640.0,1e-05,1,2,222
2025-05-17 09:37:04,3bac6832745788c8308363eee12de1503f3bddfb935c13e927b2ed95b2292b6b,897084,965954833.0,5640.0,6e-06,1,2,222
2025-05-17 09:37:04,51f67a845e0add78721f410c0c4d9d6ffaeea4754206c7d60148f05f58a83b68,897084,645793782.0,5640.0,9e-06,1,2,222
2025-05-17 09:37:04,1c90e540fe51076743fb6ef25fd1e3535f5e2b92b2256d1e00366ec7a154ef5f,897084,528569975.0,5640.0,1.1e-05,1,2,222
2025-05-17 09:37:04,73b88e4033eda1f80eca8235f0804834258764139bb601ba4a2ade73d6524a58,897084,853430.0,4400.0,0.005156,1,1,191
2025-05-17 09:37:04,f039aeb7d29ea3d11259d1a657f7452332f00dd959d2b6e88696331ccb3ff749,897084,33259915.0,5640.0,0.00017,1,2,222
2025-05-17 09:37:04,481d304b03a40061174f2d9ca2a5b4fc40d51e66da2575fd49fdd13f675a8235,897084,793798353.0,5640.0,7e-06,1,2,222
2025-05-17 09:37:04,a45b3ff14c255bd23a7825961e3707ba93b5859e3937becdb10dc36005fb5a27,897084,716999202.0,5640.0,8e-06,1,2,222
2025-05-17 09:37:04,2409733a90de60bbe4699a44bbb349b5faad61b8338dfd630091ddff247d141b,897084,392334896.0,5640.0,1.4e-05,1,2,222
2025-05-17 09:37:04,1468b354948159190a6623c31569a143321c6e11027fb89eb117e79575a60f09,897084,102735549.0,5640.0,5.5e-05,1,2,222
2025-05-17 09:37:04,78ca53e8130296bcc370d588794163b76002ecd1daf097a94e19549367799c94,897084,17892400.0,7600.0,0.000425,2,1,351
2025-05-17 09:37:04,dbf15a687ca4d0d74992d652687f58d275cde481f63def8c6e05f8a6cc5db358,897084,75697.0,4551.0,0.060121,1,1,192
2025-05-17 09:37:04,7196cde7a3bd2d3141db8e7d7ce9e5c2467d0cf50d053e00def473ab29b3cb6a,897084,46375546.0,8584.0,0.000185,1,4,288
2025-05-17 09:37:04,2506c8252633a488e5242353a592723be75ffedcbaa46b4fc37212b6d608cb94,897084,64848134.0,9742.0,0.00015,1,5,315
2025-05-17 09:37:04,d6f9e33beda6ff20233218c9e508581aac8e30282900d9dcb0e1f32d8a9133cb,897084,91983430.0,8584.0,9.3e-05,1,4,288
2025-05-17 09:37:04,46e3e97d0cab1282e97af4ff36fa80440c67ee1c21e487932a58ebe4156ee86e,897084,912513.0,4732.0,0.005186,1,1,195
2025-05-17 09:37:04,812ed8f8768211f7b821baded0ee812a85d2653fc4b83a70262fb20c744b74b1,897084,40677103.0,8584.0,0.000211,1,4,284
2025-05-17 09:37:04,a97afdedffa9e30f414a74bd81429dbb133a7fc79940f95751dc73d0646be7f4,897084,3119546.0,20000.0,0.006411,2,2,382
2025-05-17 09:37:04,7e6f0effa5b04b9315d963fe42ed38ab3bab938f860e0bc3fe4997acd582e9a4,897084,546.0,846.0,1.549451,1,1,318
2025-05-17 09:37:04,668bc171ba71e7678fc5878ceb59d58e8f267a5e789a68571fcebff7a1e56cd2,897084,48968.0,918.0,0.018747,1,2,234
2025-05-17 09:37:04,2362bb5b337c046a69b8b58e29571c8a8e43d6cccc10a24cd71f46cb447dfd5c,897084,298586.0,5978.0,0.020021,1,2,222
2025-05-17 09:37:04,cfa2aab304a14a90a93c45a9260620abaa26969a30b0a956305c29138789a6e9,897084,4827934.0,6021.0,0.001247,1,2,223
2025-05-17 09:37:04,d18009194aa40f4edf1ddefcf8846dad5a7cae48fda37addfba9d70213bac268,897084,24370.0,5980.0,0.245384,1,2,222
2025-05-17 09:37:04,7c1cecc074912cd49b5c7deb7123391c8d2277a040be5d9b673584ee58626f1d,897084,5554230.0,9455.0,0.001702,1,2,222
2025-05-17 09:37:04,96207d3de723022512850ca6bb1931736abf2544343f474c41b46022635e2dfa,897084,175837.0,8862.0,0.050399,2,2,370
2025-05-17 09:37:04,210ca7a7bfccd8f91975c188267c99a72f038331651b55b5fd6576f03a7e3139,897084,192924.0,7547.0,0.039119,2,1,339
2025-05-17 09:37:04,de3c12f9c1601614b19a5ee934d6a55240b093658529281058d12c89d5b07b2d,897084,6345600.0,8154.0,0.001285,1,2,380
2025-05-17 09:37:04,88d2a0a1056d9276737bf650e245bdaa9d8e33f4a87488126b5fd397cde499a1,897084,38878.0,4863.0,0.125084,1,1,194
2025-05-17 09:37:04,a7978e3bf4ae4658bbba6d91cf20ece5051acf7d554b798a8824acb4fa6f464e,897084,68895910.0,7426.0,0.000108,1,3,254
2025-05-11 02:26:37,c55a8096218e97b19c6f3845c08d0ad66cf159e6dc9d563d539c7302a109d5c3,896193,7350485.0,809.0,0.00011,1,2,241
2025-05-11 02:26:37,e6873ec0abc2f18e9938df3581ec1e2eb6b9915dfd6fc4f98762b1cb19e49eb6,896193,5857090.0,809.0,0.000138,1,2,241
2025-05-11 02:26:37,cbe1d56c8b0944fbfe39eae38c54646c5ec20f50cd001456ca032ab95b9a43a9,896193,4832710.0,809.0,0.000167,1,2,240
2025-05-11 02:26:37,4a22ad02c1a28e61d4005b6bd0254cc665d65f3249439f573020e5f064e4329e,896193,6273264.0,809.0,0.000129,1,2,240
2025-05-11 02:26:37,ef70c21ddab248d778d148d55aed4fbc51a369d3f9463fb3c8888b4f3ab05896,896193,6676528.0,809.0,0.000121,1,2,240
2025-05-11 02:26:37,627be494c59ee1338be95596d85c097133ccfd771bb77423664cbecdadc5d984,896193,5148946.0,809.0,0.000157,1,2,241
2025-05-11 02:26:37,ef84342f69c420682815bdeb448b42715238b159c7e8784f50bc1ae2fb770974,896193,3839191.0,809.0,0.000211,1,2,240
2025-05-11 02:26:37,3c2904947e654230d62bc3b34a9391011600029ac2c1b489fc197725bf4e8371,896193,3619191.0,809.0,0.000224,1,2,241
2025-05-11 02:26:37,707c1d677bda6121267c071ef59d48b2429db18ffc6f3fe34adb3ea03a4ff263,896193,3586402.0,809.0,0.000226,1,2,240
2025-05-11 02:26:37,b3fa30d4d7379cd9daa48cb140fcc7f1371b46f1a6a4bb56a409ebebe95cee62,896193,9212334.0,809.0,8.8e-05,1,2,241
2025-05-11 02:26:37,a13b8abde93ed4c6659109befc11ab5e6138a8028684687555cf97ec59bc4361,896193,5532041.0,809.0,0.000146,1,2,240
2025-05-11 02:26:37,a11fb646452d4bb3bda4ee38cc20bb279b5ab6b5a2bfaa81ec9114030394e25e,896193,6578489.0,809.0,0.000123,1,2,240
2025-05-11 02:26:37,0d7c72ec510f78d48fe9473ba078d8b179a44cae39dc87d479be6a0babfcdf5d,896193,2408681.0,809.0,0.000336,1,2,240
2025-05-11 02:26:37,349c3c97149c17b295cb495e5fd375641ee80b7d9010b3fa1780c5311fe9125b,896193,3849191.0,809.0,0.00021,1,2,240
2025-05-11 02:26:37,2a527d98fa9e5261287ad8f5a5030a1e4049c8dc5c275ac3267c4b762a27e259,896193,5074147.0,809.0,0.000159,1,2,240
2025-05-11 02:26:37,813c72e1309795375e66f24714daed1e303020f1da32005932cca87b28dd8d57,896193,4528511.0,809.0,0.000179,1,2,240
2025-05-11 02:26:37,2b3a5c5759eaef894cbfd32d6d8b920e71e6fda0abdcb1f436abafe7ab6c0946,896193,5324712.0,809.0,0.000152,1,2,240
2025-05-11 02:26:37,4f266b2d511ec8253a75d886997277234693b759f8e22e2c836bc5ced1839838,896193,5013662.0,809.0,0.000161,1,2,240
2025-05-11 02:26:37,d9b93c41bdf2f573a6d65c62028019205ccf80e5c402aecb128585a967922924,896193,2777364.0,809.0,0.000291,1,2,240
2025-05-11 02:26:37,f635aaf98dd97b46b2f7e6a56b8a45056505ea8b535deb0feb6736a25109f81a,896193,886752.0,809.0,0.000912,1,2,241
2025-05-11 02:26:37,63656434c618c4f7d1d52dddf4cc3b18a568e536b233ca3ab0a2e3353228d719,896193,4689191.0,809.0,0.000173,1,2,241
2025-05-11 02:26:37,8fa73ee0f20e53804e92c1031161372bb85b9bca45407cdb8ed23d4770570302,896193,3865362.0,809.0,0.000209,1,2,241
2025-05-11 02:26:37,8fb6d9e604d43013af04020ef27c7a3d6f4db0ff6853b5b9ca2ff345f5d85300,896193,5240805.0,809.0,0.000154,1,2,240
2025-05-11 02:26:37,5a74230018491c8f4328c86d37e6e35549c00b653d3fe18a94cb0a3e03e885fd,896193,5155665.0,804.0,0.000156,1,2,239
2025-05-11 02:26:37,d129220ad946e2be6f45c1786c9170c44678796cf0093ff0d053de53ccfb24f6,896193,7491826.0,804.0,0.000107,1,2,240
2025-05-11 02:26:37,ffdfb430d94c238fb2b280c2e6900d080fe3ddf999c147f6776335bcfadb1bf5,896193,7384357.0,804.0,0.000109,1,2,240
2025-05-11 02:26:37,5223122cb3b5d43b9d164be95abde437c1e620faa4445d78481ee098ffbbf2f4,896193,6942187.0,804.0,0.000116,1,2,239
2025-05-11 02:26:37,2b8622e389d2e21c1f0263681591e5ef034bdba7acae021d7aa4e9d75d30d6f0,896193,4756921.0,804.0,0.000169,1,2,239
2025-05-11 02:26:37,55c33261cc4e7f966afc25d94e5be4a63408520bbf0455c38f9f5b595b7cadee,896193,5254567.0,804.0,0.000153,1,2,240
2025-05-11 02:26:37,c97021b28a38bb4c98572403f0f50cc228859b6605bcbb6f1559549d72d531ed,896193,5621307.0,804.0,0.000143,1,2,239
2025-05-11 02:26:37,68084be84aa320eaeb95e1e1697a6a359ca8d531d0edd5ab347987b996deefe4,896193,2949097.0,804.0,0.000273,1,2,240
2025-05-11 02:26:37,f15b253dfe11b6ba41e55dfe7e1ad3dfd9b170d1f57b1710a50632bc7e648bdb,896193,3869196.0,804.0,0.000208,1,2,239
2025-05-11 02:26:37,1ff1be1efb7f77e2468a82b12e163bfc29c8797876b093ed2a53d6b0cfb081d4,896193,3209196.0,804.0,0.000251,1,2,240
2025-05-11 02:26:37,9436bd76a23bebd0ec520bec0530daec9c2e0a6348c786b65b38117108a94bd3,896193,1651681.0,804.0,0.000487,1,2,239
2025-05-11 02:26:37,bb2b8283207de6f9777af5dd239ed41072e0afff6abb84e2b555d5338ea79bcd,896193,2987606.0,804.0,0.000269,1,2,239
2025-05-11 02:26:37,299aed526b44df77e9f1388c8fa1f49f502f60e599c02f3e1d8deafdabe960c8,896193,1983049.0,804.0,0.000405,1,2,240
2025-05-11 02:26:37,4cb8cbefbd9afae66a816f65a6ae0a0d52b7a5b1130bdf6092b31371c902d0c1,896193,6668826.0,804.0,0.000121,1,2,239
2025-05-11 02:26:37,f5e5b0c573b1c06810a696543587aab5c4468b4cb51083dbd3fe15b70a5458ae,896193,4824139.0,804.0,0.000167,1,2,239
2025-05-11 02:26:37,9a16037d3ac83d0ba3786c5b5aba7b69dd6de553a704e2c927163f4ec29596ab,896193,4922271.0,804.0,0.000163,1,2,239
2025-05-11 02:26:37,0078d737c45ee47bbff513f2f2d29eab184d4988b4cd9eb570c147cbdcd352a4,896193,2596116.0,804.0,0.00031,1,2,240
2025-05-11 02:26:37,603de07e990bb23f9b4dee0350f9d3f7fe5e9a6811b358e047926a477a3627a4,896193,2088948.0,804.0,0.000385,1,2,239
2025-05-11 02:26:37,116343e002ac3fdcb4531118ed9d08be59c6cb8ec62937cc736a527641685aa0,896193,3749196.0,804.0,0.000214,1,2,239
2025-05-11 02:26:37,4104e7aada7bf079e7f7ef54da48b709a61d179aea0dccafc40c95256011cb9b,896193,3793605.0,804.0,0.000212,1,2,239
2025-05-11 02:26:37,4a2fdbeaaff7ed179ff8d00113eabc0483e1cc9a3624279b22e2373f80469699,896193,2707510.0,804.0,0.000297,1,2,239
2025-05-11 02:26:37,e8d42b1d37357082cf6c14242ad334dae1e419fbcf5a69fb5808f0c1b6e5b598,896193,2154302.0,804.0,0.000373,1,2,240
2025-05-11 02:26:37,af9175a615844203803daee0dbba56ddd839ef248ed93d41d88a25ed8f6fbf97,896193,5077104.0,804.0,0.000158,1,2,240
2025-05-11 02:26:37,aaab05ae456d87c3299df9dfe12437686b1a6bfa738d76d5f660a379f7133e8c,896193,3739196.0,804.0,0.000215,1,2,239
2025-05-11 02:26:37,11e38a71c9d723111c27c1ec7bfc360b6521b20aee57f2091a947f16c2768680,896193,2706898.0,804.0,0.000297,1,2,239
2025-05-11 02:26:37,f6b62ebe8fc49a9e8a8c7668039539d8b672de02348035ba8154b4ec0fc0427e,896193,3372278.0,804.0,0.000238,1,2,239
2025-05-11 02:26:37,197a3a4bbe17eaf0b61b13f65f1d6d4f9e7f4ca7338370dc579115532a337b7b,896193,5496448.0,804.0,0.000146,1,2,240
2025-05-11 02:26:37,9907c92aa95a8103857f855dfe94f2c1c88f8a2b9212fcdf0cbc8b8fe8ac7d78,896193,6929637.0,804.0,0.000116,1,2,239
2025-05-11 02:26:37,c8d7f7d2e3995b1ee290f6f60882c1fef041a60317a1173ce0c892b00652266e,896193,5217074.0,804.0,0.000154,1,2,239
2025-05-11 02:26:37,857ace759e1666acee9558d2fd5248085e45afda53efa84c66058722f9f6f164,896193,3959196.0,804.0,0.000203,1,2,239
2025-05-11 02:26:37,03b022ce4ef52b46bb844fb4859d5f35b8577a9f99058bfe75f73cbaa3a15e64,896193,4239196.0,804.0,0.00019,1,2,239
2025-05-11 02:26:37,149b4a180bd7ad7ecae12bbe1bb5ed04c84a848b1c96bec9fc5aa67b781d735d,896193,2552396.0,804.0,0.000315,1,2,240
2025-05-11 02:26:37,7c631b77106f3bab0cf5f9bbaa5535b62cdba33192fd198d4eea74156bc27b5c,896193,6845157.0,804.0,0.000117,1,2,239
2025-05-11 02:26:37,5ac44c76940ed06cf4659dcea9560cf90c390cdb2c422d3190bf7384d3fded5b,896193,3669196.0,804.0,0.000219,1,2,239
2025-05-11 02:26:37,05077d0c78c9c0665805a5905768e6818e8cafbc14af97b458f935fa1d370b57,896193,6236103.0,804.0,0.000129,1,2,240
2025-05-11 02:26:37,3a859bd8d0da8ef65b9d5fb73b2f17055eef7dc397af7e9637c1dd137fa57254,896193,3282639.0,804.0,0.000245,1,2,239
2025-05-11 02:26:37,821b435d97b345bf8461eed696d2cc6870c7ccb08a6d15fd5784dd9586775e46,896193,2420223.0,804.0,0.000332,1,2,240
2025-05-11 02:26:37,521b35cdf6a3ab6073d3ce6760659245b8ddae045cd99fa9200aa0657cd2c945,896193,4242368.0,804.0,0.00019,1,2,239
2025-05-11 02:26:37,675e687c80784a0c05f3ee5e6037509019fecc82c5fe8c5f0bdaf3fac0010a37,896193,3984621.0,804.0,0.000202,1,2,239
2025-05-11 02:26:37,4b8292dc81eab244d179a3beefde9595bbfc4628e53de9c86a4e35d6323d7430,896193,4359196.0,804.0,0.000184,1,2,240
2025-05-11 02:26:37,87388297c0931b7c80d272ce5c10a51469cf3f746c1c05a0d44e40f7cf69e726,896193,2359307.0,804.0,0.000341,1,2,239
2025-05-11 02:26:37,6840f6ea5169cec73e54dc60e568cffa94caa85ac2d4a4745dd1ac28bdb0b319,896193,11005146.0,804.0,7.3e-05,1,2,239
2025-05-11 02:26:37,98796cc762dc6d5339297bfdcebbd951c5f9234c4e857a2c054bafdad2fc3f15,896193,4936686.0,804.0,0.000163,1,2,240
2025-05-11 02:26:37,da1bfdfb58dcb4a99ca712a99b4d5621f1537715ffc8bbf5796de4c91927d2c1,896193,4134309.0,867.0,0.00021,1,2,252
2025-05-11 02:26:37,791f4ad7c713d4101585e2783e831db157ac63ad6cd8287463aef2ffe1541ce9,896193,5516050.0,820.0,0.000149,1,2,243
2025-05-11 02:26:37,259098ec69352da4e939a8d601cbb837e6d3b5a0e17e2e2e540215dd0cf624d5,896193,2428073.0,820.0,0.000338,1,2,242
2025-05-11 02:26:37,8c107754c6908db03d5a3de064fd5c5b5760c5251b0ca59620738858f0d83107,896193,7238033.0,820.0,0.000113,1,2,243
2025-05-11 02:26:37,50376be5184bb7bed7e8349576b2d3c1168d94cbcc83838fc29b0f13aa309afc,896193,3636072.0,993.0,0.000273,1,2,276
2025-05-11 02:26:37,ee25426710862a419e84e3526effbddaab2dc1500e2b4aa232d25ab688c3e1e0,896193,3854894.0,993.0,0.000258,1,2,276
2025-05-11 02:26:37,7ffafbe53e23d19dea72b1cf2c952422250bf46ae9ae4cdd3e58610f7500d3d3,896193,2703043.0,993.0,0.000367,1,2,275
2025-05-11 02:26:37,34047a0a4a0a65e206c64c68f34ef27aa21eed7384f49571fdda6ba0446ccace,896193,2713620.0,993.0,0.000366,1,2,275
2025-05-11 02:26:37,a8cf408be12b826514ae8d729c562d59ea13886abffb92389710dcce253cf6c9,896193,3338336.0,993.0,0.000297,1,2,276
2025-05-11 02:26:37,5efcf3a078280e7eb06e5960449264339e10603ee5f1b2437d4b0f6571b439c2,896193,2930719.0,993.0,0.000339,1,2,276
2025-05-11 02:26:37,a389416b9dfc630df8ed07f35ee8af7d05a91e0ba28f561671af7a278bc0b9bc,896193,2378630.0,993.0,0.000417,1,2,276
2025-05-11 02:26:37,621e810686db1f96ec89f943a3bfa51f7183e7e72e02d207346d86b1dc81b0b4,896193,4356959.0,993.0,0.000228,1,2,276
2025-05-11 02:26:37,339dddd862ed084c4c75fff1e9dc32561b5e48764d8ee3369c2c197b011b8ab2,896193,2788460.0,993.0,0.000356,1,2,275
2025-05-11 02:26:37,b5f471ff8f10f7773c9bb54529f2fcede9c765397123407d2903cee6706fe8aa,896193,3849007.0,993.0,0.000258,1,2,276
2025-05-11 02:26:37,b1a86ee6981950ec5cfd4c8d3a41235e6d7aca66dd7f5a6fa82941b2bdd7979d,896193,3377067.0,993.0,0.000294,1,2,276
2025-05-11 02:26:37,111b9330f1787892892c0d34043f71b5867035704a52a2b78d1401f8ecb14f91,896193,1920237.0,993.0,0.000517,1,2,276
2025-05-11 02:26:37,afb164fee0e2c70cbf616ac5f27052f7c41ef63a8fa770ad4bf3d9c1c465fc90,896193,3388652.0,993.0,0.000293,1,2,276
2025-05-11 02:26:37,37f1b921e1fa4ca4ae5eec04b1216086da37c3f899f300f2089c2bf8d8e91589,896193,2810118.0,993.0,0.000353,1,2,275
2025-05-11 02:26:37,cb03aed142712e0f7d053b6631f939da68b270c3d04d2b19fec5aaacdabc6770,896193,1995566.0,993.0,0.000498,1,2,276
2025-05-11 02:26:37,f4dcfcedcdd876536dedb511b484b13a7d1ff0274b35ad9fedd1f19a10785f4b,896193,2995113.0,993.0,0.000332,1,2,276
2025-05-11 02:26:37,22828e059fab330d11fbad7df7e3f5e67fd839974cbf1b01645a48d948ffe148,896193,2369127.0,993.0,0.000419,1,2,276
2025-05-11 02:26:37,45ffa5b8186aba508d24d807ddb104ffdea18481a02586e6dbad8f61c736573b,896193,1942419.0,993.0,0.000511,1,2,275
2025-05-11 02:26:37,75498dc781d79dda9be252cffacb491f9e4da2be1304976c27f4503a03413829,896193,4838388.0,993.0,0.000205,1,2,276
2025-05-11 02:26:37,619f7b2eb11aedd4bb827a0eb3502d7b6e20383cfd5314dbc8862cde63df1726,896193,2679501.0,993.0,0.000371,1,2,275
2025-05-11 02:26:37,7e0fd68af4c2785983a1a125b2584e2f7f12ef406be108d40868337968fbc620,896193,4199007.0,993.0,0.000236,1,2,275
2025-05-11 02:26:37,d8e1cbd2e5c5f9d54a74dbe128c9823f4135eb17b06ea4cd0ac5a387963b241d,896193,4499007.0,993.0,0.000221,1,2,275
2025-05-11 02:26:37,ecf7e8ba5ff1cada616670fa41d4e0a7cd1db9b8e69d22b990b7f522b8103612,896193,3199007.0,993.0,0.00031,1,2,275
2025-05-11 02:26:37,00487fb8138b350cd359b5c65741b6bf5eb7608195ddcab2fa6ccd3702719409,896193,3863555.0,993.0,0.000257,1,2,276
2025-05-11 02:26:37,926c65367471fa4578bbb502f5054c5c72fa30210909b684e56659af446e4505,896193,2394871.0,993.0,0.000415,1,2,275
2025-05-11 02:26:37,ed672e453cd744aae0c5e1d001ef4d98675e635c8b8e99c15bbd437f1c8edefe,896193,3199012.0,988.0,0.000309,1,2,274
2025-05-11 02:26:37,2be462458942bf799e078d36fcf2b023274a7de870a5b93a9ecd3976535b12fc,896193,2389692.0,988.0,0.000413,1,2,275
2025-05-11 02:26:37,0bddd7c737432cd293ee29279c93a0e288abae24577a61427d8bdaf10f3463f5,896193,4840880.0,988.0,0.000204,1,2,275
2025-05-11 02:26:37,6d05e54793f595d8d70c4c364c437f9e142da69760de0c434872ce405f35c3f1,896193,2524256.0,988.0,0.000391,1,2,275
2025-05-11 02:26:37,365eead11ad07ced8d2569b0c78c013b2ecda0a90ba1d52a24cc017b6ae16fe7,896193,2428036.0,988.0,0.000407,1,2,275
2025-05-12 21:13:18,65088ebbc199a066272ad390050534a9da5a257195a71145f46d36c95d7595dc,896458,857570.0,5217.0,0.006083,1,2,222
2025-05-12 21:13:18,ac915e979734451d13aaf026ce2c49a2de2973e9d083e4e3b3d342215be6dbc7,896458,2138056.0,5217.0,0.00244,1,2,222
2025-05-12 21:13:18,f653e2bc1dcc3a27ea38fe5cc7e89ab19a3845598eb41f93f274bc2e537a30bf,896458,4998317.0,4070.0,0.000814,1,1,191
2025-05-12 21:13:18,c9e379799625607288c42b09af828c25a2c3cfddc591e6f781900660086885be,896458,37499.0,5217.0,0.139124,1,2,222
2025-05-12 21:13:18,693cf38c19991952c0dc5912bd72068a55608b9d803bd830460e385ee93748af,896458,3030868.0,5661.0,0.001868,1,2,234
2025-05-12 21:13:18,84c8e53eca51295d3d018ad276b4e6b3cc9c6dfda806d06144f91ebba342efae,896458,125363.0,7511.0,0.059914,1,4,284
2025-05-12 21:13:18,9e12b29aa9e982ab65628129833c08012d4bf7fc08822d4c27ea8e757dbebfab,896458,1488741.0,6105.0,0.004101,1,2,246
2025-05-12 21:13:18,7e5fed9b2721c177cf5aa8fb96473c41e9deb37a3e8b1271b4b027ff869d38a9,896458,274877.0,5217.0,0.018979,1,2,222
2025-05-12 21:13:18,689228a4d9380ad82224d873749dc6f609c74b3a060e53e331e54c6e85250e93,896458,337158.0,5217.0,0.015473,1,2,223
2025-05-12 21:13:18,2f09154a3f453b1a6d25fe10c929bf447e90f3456a524245544300aa4947998a,896458,259295.0,5217.0,0.02012,1,2,223
2025-05-12 21:13:18,9066a05a9e49f572399ae2d3f65def9fdb5ceba850f61f4b376502ec496b6a80,896458,285565.0,4070.0,0.014252,1,1,192
2025-05-12 21:13:18,31a5fe2aea76e74408c9acec11855cb920482888212aad667153e05b6995c776,896458,54063.0,5217.0,0.096499,1,2,222
2025-05-12 21:13:18,910ea2fc6da4f114c26f0fb5b8642d553533ce0369d136e32852db12387dee69,896458,189874.0,9176.0,0.048327,3,1,490
2025-05-12 21:13:18,6bfe33fe79f81c5f62bbb2ad89c13f2b5c0e4e0b851432f2f9dfd078cddf4464,896458,24121.0,5217.0,0.216285,1,2,222
2025-05-12 21:13:18,3a826b11cfd5c202e082d261a78ac08b21e6c968ff4950892897a6c1da0de236,896458,472601.0,5217.0,0.011039,1,2,223
2025-05-12 21:13:18,c9b5b2a738d2048861c4db6486c1c4fbf1d626d5f5d8c634647cc4d0c71c9633,896458,1218742.0,5217.0,0.004281,1,2,223
2025-05-12 21:13:18,698cd441c0ed98768d49a951712bb08e64bcd475d17ec7a134957440227c3f30,896458,121966.0,5217.0,0.042774,1,2,223
2025-05-12 21:13:18,d2edb8ae609f3487aac2dc79ea634db81c6c8f8ddcba0caeff5811c258b82e2a,896458,1195719.0,6364.0,0.005322,1,3,253
2025-05-12 21:13:18,379d3d2cce0f248d9bce1a8fecfe7437fc392fa88d3398b782f98be04813be23,896458,915930.0,4070.0,0.004444,1,1,192
2025-05-12 21:13:18,a6caac357cd8c8900490bcb582420f209e7ebeb7c5f2b8fa33196e52ae96f91e,896458,1137816.0,11840.0,0.010406,2,2,402
2025-05-12 21:13:18,14c11b5c1bb9a13499057c24c01a0188ae68e7a2bcfe8fea3711ba75d6046304,896458,225373.0,5217.0,0.023148,1,2,222
2025-05-12 21:13:18,21c6b463107b24d9e0aec6ed71d81cf7c7eb3afc23bf0402213ef52f11cf4200,896458,270617.0,6364.0,0.023517,1,3,253
2025-05-12 21:13:18,ff2c960a5a87c672a2ee9beb4d33da19188688d0a33c05b863951adaadec85cc,896458,1122402.0,23532.0,0.020966,4,1,635
2025-05-12 21:13:18,da03d27e827dc88a39942eefa467a03a75dfa5af828fe1e804380b4248210e75,896458,499991661.0,8339.0,1.7e-05,1,2,225
2025-05-12 21:13:18,83cb4ee440a97ecbf145710043381fc4238d0d930a179b8f5a65262e85000017,896458,33862.0,13838.0,0.408659,2,2,373
2025-05-12 21:13:18,6ea06c7b3816cf491fc0eb11104b26a8c4a1eee0d97dda33df3db18125c1d787,896458,3478059.0,8820.0,0.002536,2,2,371
2025-05-12 21:13:18,dc9585d5c1bffa088257b8e8f1b2e8d0efb30fd09f9b4dde42a6701e4be781ed,896458,5758552.0,6688.0,0.001161,2,2,371
2025-05-12 21:13:18,58e7ee72c7fd1240bdf880577430fcd808c200618967a3ed60c7e747690ebf71,896458,223645.0,8362.0,0.03739,1,2,225
2025-05-12 21:13:18,e7651981342b786f6eadb7b427e5615d5e1673a8265a8d94fcda64fd7dcf4402,896458,20719473.0,6137.0,0.000296,1,2,246
2025-05-12 21:13:18,1b2a9955095de066e79558c5140a7123f24c350b1151b49122b00900462a54a4,896458,121425.0,5365.0,0.044184,1,2,225
2025-05-12 21:13:18,72da452a8297fa086f576d06d14a6bd88a827dbb696ef7d788f78c2d75ca5be6,896458,403888.0,5291.0,0.0131,1,2,224
2025-05-12 21:13:18,40db016ddeaa941249728726f01993e4b97f16c4b7e4c67051688b2c9a85a921,896458,4869418.0,5291.0,0.001087,1,2,193
2025-05-12 21:13:18,aaf0914b9553cae0757eea9288e3001c0963fd74ac10f84b7420a09486dfeb85,896458,2471329.0,5254.0,0.002126,1,2,223
2025-05-12 21:13:18,bff7390b9a4bcbf58d2bd868c0ff23af27f06489b42a40dd0899ba2b3cf35872,896458,1983457198.0,5254.0,3e-06,1,2,223
2025-05-12 21:13:18,589fc53a01cc080c2b4d42d4be4bcd331491b7b613a05ce33532741bb9ce5736,896458,1907497.0,5254.0,0.002754,1,2,222
2025-05-12 21:13:18,2351a0485cdca294146104c60dbf1d4345058fc195d65bd4b7be6c6e4664d495,896458,3367385.0,8362.0,0.002483,1,2,224
2025-05-12 21:13:18,357bb484fd87955a4edd32c10dc6e5f555079e5910d72e9bbcd2ab7f0d988d16,896458,920403.0,16317.0,0.017728,3,2,521
2025-05-12 21:13:18,8fb67c341f0589d7f88dbf0fc3dc765d25a0db77e6346af85b31a1de5772904b,896458,282053.0,13838.0,0.049062,2,2,370
2025-05-12 21:13:18,9183637936cc5dd20fb15e62dd48337333eb004c90c4c55d2b0ac57b4beee1d3,896458,300674.0,10323.0,0.034333,3,2,518
2025-05-12 21:13:18,103c23d7b705f9f0a671c4cc4270f723bdfd1a7347cdfbd90951210c8c0eaffa,896458,9993787.0,6213.0,0.000622,1,2,247
2025-05-12 21:13:18,13990c99caccc2120e72bb48b80880e0d5d7458c9066ca7f210df919a522e8b7,896458,10599.0,17982.0,1.696575,6,2,963
2025-05-12 21:13:18,489ffa036b008da0d53e5f3efe858fe27d57ccc0d51814ee4dfde581977df826,896458,1040747.0,11729.0,0.01127,4,1,635
2025-05-12 21:13:18,da8c3e7cf853e38f11bb0483f559335c84939b5467caf60f7da5389cdc6f6cd0,896458,1136494.0,8362.0,0.007358,1,2,223
2025-05-12 21:13:18,7385c098f69b92c259f44cf05bd7aee746dff5f0f47f3a5d4b5f06ff490c0fcc,896458,860603.0,8362.0,0.009716,1,2,223
2025-05-12 21:13:18,397d15c28fcb9b24381411df539ca8c718fb644b6d2810a179119df964cbcdfc,896458,346352.0,5301.0,0.015305,1,2,223
2025-05-12 21:13:18,ab8f819626dfa3198b1689cd15c057ba9cb2e76994046423440a7223b540a4d0,896458,7371029.0,5301.0,0.000719,1,2,223
2025-05-12 21:13:18,8ed72fd01b6869ad9a8ad4ba0ccb8f5b9323af94a5c46a9a16949b431c9666a7,896458,486543.0,5301.0,0.010895,1,2,223
2025-05-12 21:13:18,c31d7bf8f3a10873ec44d9acb47d428547a17d41a9c4249769a0e1202c267144,896458,50227925.0,5301.0,0.000106,1,2,223
2025-05-12 21:13:18,2a87940df8344227e3f7d3c384f100b9fef0058231dd3558081ca021196cf441,896458,3806509.0,5301.0,0.001393,1,2,223
2025-05-12 21:13:18,43f65484ca9dfa22c2369214df40fb69cf2aab00e61a83c217455098951bdb1a,896458,144699.0,5301.0,0.036635,1,2,222
2025-05-12 21:13:18,faee8005a533561cf2e69e303aff56982f75dfe75c3fc20726830898050d2d81,896458,110977158.0,7866.0,7.1e-05,2,2,372
2025-05-12 21:13:18,0333a6333c5f2b2e67d0d4a864fcc1c526d5c4c76193f20dc85bb3c607945d55,896458,168343319.0,7866.0,4.7e-05,2,2,371
2025-05-12 21:13:18,f72128492cae5e64c3264c752db169b066b68a5052911d81085ae19995f7afa1,896458,136588.0,8362.0,0.061221,1,2,222
2025-05-12 21:13:18,ddfb239c8e36acb467ad8a31e7c9513a2ee3f7a5c326ed31a995fedd08431b5b,896458,4419914.0,8362.0,0.001892,1,2,222
2025-05-12 21:13:18,0651ac1032a6cf4716f30c458ac04a5e01be32f979674a7d5c6dbde8d0909050,896458,1898228.0,8362.0,0.004405,1,2,222
2025-05-12 21:13:18,be2b698065502135f8dff5216fb9b1b9cfcb0d98120b6ebabdf37d84cd8fb34d,896458,930978.0,8362.0,0.008982,1,2,222
2025-05-12 21:13:18,41e6d9703b0d61f694010bf9c468f5b6a68e6b74f77e07ffd5444af77a38323b,896458,903423.0,8362.0,0.009256,1,2,222
2025-05-12 21:13:18,87fd494fbcaf0dcc87d5a13e0cb5fb3d9c793f4110f81e14e714d6519c27788d,896458,17296935.0,13167.0,0.000761,3,2,592
2025-05-12 21:13:18,48214273df8d04558811c20d95d6657f17d7b8e1ed4dca6cda9d5559ea7e69ae,896458,153358254.0,5472.0,3.6e-05,1,1,227
2025-05-12 21:13:18,9d7324f757a9b0311d99c2099882dcf75b5f6d71e789e86b31219eb263028366,896458,536530070.0,24048.0,4.5e-05,1,15,637
2025-05-12 21:13:18,3283352a24559d467f3eb087fb42bf09eb3816f33275bc284e51a9db27c02b55,896458,5984210.0,23256.0,0.003886,8,2,1261
2025-05-12 21:13:18,0479e0430ef73265116b460b50e5e2d33b360e6cdb22da77d627ffd02c011e30,896458,19975739.0,10431.0,0.000522,3,2,519
2025-05-12 21:13:18,ece2d868fb82d4d4d6ea54154ced94a5dda8525d105555a534ff73a8a42f1f6f,896458,853876604.0,7866.0,9e-06,2,2,370
2025-05-12 21:13:18,b938a51c845bc3605b722c12b5896bea5e708a0d25afdee69d005785139992dc,896458,1699984520.0,15480.0,9e-06,1,8,409
2025-05-12 21:13:18,aeec0dc2d1d49534cb893be167f2585a3cbe1bd55da023bd0417d30dee62cf54,896458,102485702.0,5377.0,5.2e-05,1,2,223
2025-05-12 21:13:18,36ba368a50d28ceb5337582609edf2f3da1f5e43c0e5667e026e19b1f795ae4c,896458,6430783.0,5377.0,0.000836,1,2,224
2025-05-12 21:13:18,1c172bc663961d6f6f6599a61aeb6bc7a6444c6d48cb967a6f982468f797cc39,896458,2218999.0,5377.0,0.002423,1,2,223
2025-05-12 21:13:18,2946269c8842ed587930a2baa91b56e384c8d0043a4e2c2856f30a2745f9fa29,896458,19010997.0,5377.0,0.000283,1,2,224
2025-05-12 21:13:18,207cbbe56353f627ccd1f50785da69a135eded00d5fcd5a65b546df71a834902,896458,107947475.0,5377.0,5e-05,1,2,223
2025-05-12 21:13:18,507b812c03dc3a38431246b44682dd9949e00673dd65011d51dc81a6a3e6275e,896458,1271888.0,5378.0,0.004228,1,2,223
2025-05-12 21:13:18,b8c718ffca08471ce1c0593807d9339643273e85fab226f113da1fe781814dbf,896458,334741127.0,5341.0,1.6e-05,1,2,222
2025-05-12 21:13:18,e354592be0566f6299e23c0e28f01f4394134c2b313d42edd9eb1580b64c06ae,896458,325104670.0,5341.0,1.6e-05,1,2,222
2025-05-12 21:13:18,43ba3ecd59331b4f0d6f4a0af7c36876c73a4c116577384ab133362bec835e91,896458,342033419.0,5341.0,1.6e-05,1,2,222
2025-05-12 21:13:18,9807e3922b217cca2e5d494584bf8cebe9888aea5a5e8d6dac47097f5a48e289,896458,555770246.0,5341.0,1e-05,1,2,222
2025-05-12 21:13:18,6f270dc7cb156335e8f60f476317eb1b2433266998a846de930582e2a0aef787,896458,1405135.0,5341.0,0.003801,1,2,222
2025-05-12 21:13:18,1a948b82b581c080332ba3e42aa304d72fdb92a230d6875cdd64f850d7ca1a7c,896458,49203789.0,5341.0,0.000109,1,2,222
2025-05-12 21:13:18,eb2847a08e6f24a0997c5b7a891b4c02ae59aaa89ec7416a1bebdbb0264d5865,896458,511184603.0,5341.0,1e-05,1,2,222
2025-05-12 21:13:18,786b74909e1690a6ab2f242ce411998c4fda5fdbebd36865765a2241a4fbed1c,896458,179179174.0,5341.0,3e-05,1,2,222
2025-05-12 21:13:18,0bf544e5b17aa13f0f327806e50f71454c2fc92b2af80a59bfdf3fd3e3b6ce17,896458,635355843.0,5341.0,8e-06,1,2,222
2025-05-12 21:13:18,b2da7a75e240c926130e4f14757345880dc98975d1ce5362e8ef274ce0784df3,896458,3115489.0,7879.0,0.002529,2,2,370
2025-05-12 21:13:18,6d46ac07e44dd345d300338c8030226a2a8ebd733a423e056ec965bd068bf3fd,896458,8504578.0,5379.0,0.000632,1,2,223
2025-05-12 21:13:18,0e947bd5ff4950e02bd6246137cd3b2bfb7b45f86edd45426789f088eb5a81d9,896458,644744715.0,5379.0,8e-06,1,2,223
2025-05-12 21:13:18,d2e861f302d05857bb439af861a286557d0e917d026631a896ad845235fd8e28,896458,33197292.0,5417.0,0.000163,1,2,224
2025-05-12 21:13:18,9149fdfeb2d385d471556f042d0949469df61333bf0125652a74441d3f0b9f2d,896458,1486838873.0,30305.0,2e-05,1,22,882
2025-05-12 21:13:18,b56315ac692ce799416bd6098b2386058442b59e8a8d3985fe2055073a30e40a,896458,5106476819.0,19471.0,4e-06,1,12,704
2025-05-12 21:13:18,9a2f45d59e91ee5cbc624bbebea4a47e7e83ef15d7db05d580b8f8ea535ca88e,896458,611561983.0,34207.0,5.6e-05,1,25,985
2025-05-12 21:13:18,f4076defcbd323ad8d8016d56c446b00b0932d01804d2b590cd50bf2e4026ad7,896458,15057957.0,12501.0,0.00083,1,8,411
2025-05-12 21:13:18,3c1d7fb3882ed114f5038d63465d564046588d9c9e9dce1838a4165506e90032,896458,7628930.0,10266.0,0.001346,1,6,352
2025-05-12 21:13:18,e00840bc8c605436cf2043490867228838e68aab866c2f651cb057982bf8e6ea,896458,5940916779.0,26631.0,4e-06,1,18,894
2025-05-12 21:13:18,175e2c816beea23771161c18fd15021da1b56ce42cc945c86ecb5d2f5ef16ffa,896458,1595679.0,5455.0,0.003419,1,2,225
2025-05-12 21:13:18,7232470cedb07f267f130f4dfe2426ea5acca1cd91f931aeaf36febe9c22742f,896458,374774064.0,26025.0,6.9e-05,1,19,769
2025-05-12 21:13:18,a495f0ef143c5db5b5b36f4166382278b5b38221280d2d2c24c2a7c7dd630de8,896458,6409073210.0,13183.0,2e-06,1,7,539
2025-05-12 21:13:18,f0b79a408cd609556b9cd720b0fc0770c86ce30a30fc6c4d1b2c6379302ea71c,896458,429444728.0,9660.0,2.2e-05,1,2,255
2025-05-12 21:13:18,d67531c26fc7003bbe61a996462c15d8eebf41a900224e786f8d9b6dd7febe12,896458,99991628.0,8372.0,8.4e-05,1,1,221
2025-05-12 21:13:18,9df616b7b26415b12ee420e2b8ff8d516a708758e54cd97c69476fc251080d54,896458,2783922.0,5493.0,0.001973,1,2,226
2025-05-12 21:13:18,92788c46dc7112d2db0fed2dd5e74feb11982833aebdc62e488415b3e89d2f46,896458,190552.0,8107.0,0.042545,2,2,376
2025-05-12 21:13:18,d82c55994faf3088bf46f48a7be723be033da008e7386be17bf4714876408690,896458,15538560.0,6516.0,0.000419,1,3,253
2025-05-12 21:13:18,88b605d226198fdea4d58acf70f1d8371dedecbad6e10071b698ac37cdf5f97f,896458,2000125.0,6516.0,0.003258,1,3,253
2025-05-12 21:13:18,4d1bd79e6a2321839b6cd79b1519798d918258b198fb527aa72d913cd5c89833,896458,248071.0,6213.0,0.025045,1,2,245
2025-05-12 21:13:18,a5396a209650319b38e5c5abcd2163390fac4787cc3c0c02011cfe3b38c754b7,896458,608766.0,5569.0,0.009148,1,2,228
2025-05-12 20:48:06,56aca2e6eb47b7e926fee95fd5cc843735fabb6cf6f3fab4478eb1d7c73233ec,896457,746536.0,314.0,0.000421,4,1,635
2025-05-12 20:48:06,c8568a3f0b2693bbc4a8add94e0c57a8b6defa55f855a24995b10abcc9b9e1e9,896457,421574.0,314.0,0.000745,4,1,635
2025-05-12 20:48:06,0abf10fd344ec42c40b0fabe29e107c031069905d69412e5998e944f07733a84,896457,1001842.0,314.0,0.000313,4,1,636
2025-05-12 20:48:06,30f2ea2c1bd1635617c8a929b221448500e5c66441383654a1dbc0e5ec895464,896457,463963.0,314.0,0.000677,4,1,635
2025-05-12 20:48:06,15704bce3b5daf8a2f1197179029ae2abb0b3118259e24085992f48164073b11,896457,1233592.0,314.0,0.000255,4,1,635
2025-05-12 20:48:06,54b19291ef80495abdf2f9a5a7df264741956bc0dd19a2d3c6b38bba4bc10a6a,896457,255997.0,619.0,0.002418,6,2,1100
2025-05-12 20:48:06,5cbf6ab345dafccd1cc022e820c099ce909c0381988915735830d4985b173dba,896457,7942218.0,8918.0,0.001123,60,1,8889
2025-05-12 20:48:06,d27490e2bedbe76d4d69b72ac4ef6a07a075ed2ba3978c3bcbcdc648fbf08805,896457,80309797.0,303.0,4e-06,2,5,465
2025-05-12 20:48:06,a417e58d018caed937d0f6e95bdf73b7df27ea688c3b094fbb03c1133e92357c,896457,2536642.0,1062.0,0.000419,15,1,2263
2025-05-12 20:48:06,1de0c1b408351db9ceb592a3502a7da01f24c92cf51b1cc2db8193abe06d44dd,896457,1096294.0,754.0,0.000688,10,2,1559
2025-05-12 20:48:06,a3844bad3aa85f9e7808a84ac8719fcc1f42e4fc00d51af6efddf8abd63eb0f9,896457,11196313.0,8918.0,0.000797,60,1,8887
2025-05-12 20:48:06,01acbaa6cfbf832e9f42b9558ed4147fc4b197986cbaf466b266dcb975b602c8,896457,6239465.0,8918.0,0.001429,60,1,8887
2025-05-12 20:48:06,79ccb378773f96fe389c4682b4af82150967a331e8482562225c6c890e7fa7b7,896457,7048023.0,8918.0,0.001265,60,1,8887
2025-05-12 20:48:06,bce940607178444d7926b98a2e0b6fd8c04ef2669325b65d49a1e00d0af8272b,896457,9318742.0,8918.0,0.000957,60,1,8887
2025-05-12 20:48:06,9f6a93db3ed2116fc19a4f078c49825a45536e9b8fe294bfbf53633009d945c1,896457,46100.0,285.0,0.006182,1,2,284
2025-05-12 20:48:06,17a560b4ed7b114fe68262c3935be62f66c6ca1969ab886c4a1d5ae5d363e9a8,896457,43575.0,285.0,0.00654,1,2,284
2025-05-12 20:48:06,86ed0a4ba5baefab233495760ab22658eeca1f74803aee19ccc72accf6a7e767,896457,1016921.0,285.0,0.00028,1,2,284
2025-05-12 20:48:06,17da40f430b9711c2ac3c26601dea5ff7ac89c7912ac0d1efaa1187da371ea66,896457,43620.0,285.0,0.006534,1,2,284
2025-05-12 20:48:06,e723bd6a7fa9d0dcfeec3cee0ed15932d033d59b35b8213886c38043bdcd7786,896457,43905.0,285.0,0.006491,1,2,284
2025-05-12 20:48:06,696b84d751af43a9252b957e92d8c14025db082fed7934bae745c5cd9b1df926,896457,35205.0,285.0,0.008095,1,2,284
2025-05-12 20:48:06,a208658b784dad68fc9fba2a520e7bad5f936d892d5d278c31b8ce1e51467925,896457,44190.0,285.0,0.006449,1,2,284
2025-05-12 20:48:06,55fb4ce1bf924e009a7a337ed0d155d4777d9e3cdb8bce2e741c4dbbb7d32702,896457,40845.0,285.0,0.006978,1,2,284
2025-05-12 20:48:06,e4aea676ee435ebf10c1aa7ae0cfddb86b86b2a2f1d915190ac8e5604030d157,896457,41130.0,285.0,0.006929,1,2,284
2025-05-12 20:48:06,d97b725d297ebb2c3a0192a46440941d12ae3a2f2c6de9e705aff109e35608bf,896457,41415.0,285.0,0.006882,1,2,284
2025-05-12 20:48:06,4f0ab33713da4ea1363bef3e191e84ca98516b337f606849b6956065b408eb98,896457,9459270.0,9066.0,0.000958,61,1,9034
2025-05-12 20:48:06,cd6083cf722a4661a4c1473fb3aabc396180a01763031ab4fb75af686096e2ef,896457,10250857.0,9214.0,0.000899,62,1,9181
2025-05-12 20:48:06,d0daac3f608106f631c088ed6a5d6129b35779ee50546d21215192bf031d7c7a,896457,4251595.0,278.0,6.5e-05,3,2,519
2025-05-12 20:48:06,741971276e9ecc2b1a0ffb35c2a9fb7eea0d7b010e877722f1a68add94c83165,896457,25289253.0,17520.0,0.000693,257,1,38081
2025-05-12 20:48:06,099e217147fcafddb058dd6cb7a1bc64d010a06070166ae2081ceec3a09a9b32,896457,100957425.0,42576.0,0.000422,625,2,92576
2025-05-12 20:48:06,3aeeb6b452ea16eac57d09e3e06814df113f6c884714d88eff53800f5ff330f7,896457,207781.0,271.0,0.001304,2,4,432
2025-05-12 20:48:06,b81e906da2aaa2ce4456804f22f0d5de3ff36efbbee2c145eb83e40ee8caa848,896457,9258327.0,8918.0,0.000963,60,1,8885
2025-05-12 20:48:06,62425e779f8cc5ba264f4fcf633c871697056fe86d0ae3ccd95317c76297247c,896457,98820722.0,1560.0,1.6e-05,25,1,3008
2025-05-12 20:48:06,0f19f4e3e95cfd0c8d687bde17da9104601b866024884157d19381ecf81be8b8,896457,9882114.0,9066.0,0.000917,61,1,9031
2025-05-12 20:48:06,77576acb46cb69149150ebcf1a314d8c5d2ca2cef0f693fb61483fd9680d6a5e,896457,62200.0,1028.0,0.016527,14,2,2149
2025-05-12 20:48:06,2cd6045483b0d7d2f959ca3fe84dd8013db1c72f4c447acc33102224279ad6ab,896457,9396858.0,1025.0,0.000109,14,2,2146
2025-05-12 20:48:06,d4e302061460a850717e37dd03a0a58b3bd694111b26495d00c6c37ba41c742c,896457,107702.0,256.0,0.002377,2,2,417
2025-05-12 20:48:06,c2d4cde08a778cf5a98bf212a152b8b2b54cff266edbc67630cbb4a3e8b93b6f,896457,222786.0,767.0,0.003443,10,2,1573
2025-05-12 20:48:06,1314002f3dff94c56c13e2a50b0bf27da80e97666e4e0eb368c8dbb0d079c798,896457,11244310.0,8918.0,0.000793,60,1,8883
2025-05-12 20:48:06,8c37128c2db7864129b54ea507c59ef41e5c40098bd8346e5b10490fad402aa4,896457,767434192.0,1267.0,2e-06,18,1,2708
2025-05-12 20:48:06,3e90f1b1358601e828e6fd0b47eeaaef6faadfbd7ed4d269853fd6c4f500ff61,896457,3449792466.0,4781.0,1e-06,69,1,10300
2025-05-12 20:48:06,24607e7d4d668eef75913b89de5d92f2bf1eb682963bfc04547c272bacb9b6f4,896457,192255.0,249.0,0.001295,3,1,490
2025-05-12 20:48:06,634ebf925f20f05cdae4284fa9347f17a29c1cdf58b8e6b8acaa210f4e51c7cf,896457,5719608.0,246.0,4.3e-05,3,1,487
2025-05-12 20:48:06,6f8a3060678abf263a0487734139182f28521e0323bae2e55215ac5befb39f73,896457,308643.0,246.0,0.000797,3,1,487
2025-05-12 20:48:06,9933e9b491f12b6d6a787189d3a8e9750a7611a137e5b8a39a0ad8c26d22bc26,896457,310227.0,246.0,0.000793,3,1,487
2025-05-12 20:48:06,bd40685fe564bc4e875ae99891228cdef3225c849f80375ae0cd4c99977b7104,896457,99359475.0,246.0,2e-06,1,3,327
2025-05-12 20:48:06,409e552317c4fa89a686eb0d4e56704a5b27d216888c556fb4e9a06cbfa9d601,896457,274593.0,246.0,0.000896,3,1,488
2025-05-12 20:48:06,a187db329acbdd7b73e43f24f608d9816f5cce06ac77f31f982de0cb3692acf0,896457,48330.0,285.0,0.005897,1,2,283
2025-05-12 20:48:06,a8c677d7a246a0469e98f1cf097668f0b1d071c02b08e22435ff7fa6c302d246,896457,48615.0,285.0,0.005862,1,2,284
2025-05-12 20:48:06,939cd7e7092b00671c995ad8aae6110245b4134e2aa7aa05c51b3146ca78ebcf,896457,48900.0,285.0,0.005828,1,2,284
2025-05-12 20:48:06,7dc4e73e31f572d0404316d9a72c60b524546634c3bbf15f4a2ce5411271bef9,896457,49185.0,285.0,0.005794,1,2,284
2025-05-12 20:48:06,b4d3b03c57bb61882ab5bf431a1c9cd32c2897d3fa4cf04f5f69da0a1d9f8bcf,896457,49470.0,285.0,0.005761,1,2,284
2025-05-12 20:48:06,6775a4cefb57922961dea03478e606e062769f3af13f2b4dc370f0d29393a65f,896457,49755.0,285.0,0.005728,1,2,284
2025-05-12 20:48:06,97d6e8c54274a3bdfe73b03e1ed79d1904769a85c45aec2fe0bc393fa5553529,896457,11615414.0,8918.0,0.000768,60,1,8881
2025-05-12 20:48:06,1a6548f04c31dfeda6825a4c4c3825f4657e2d5dbf4a0d5653669e03c029b568,896457,951556.0,722.0,0.000759,10,1,1523
2025-05-12 20:48:06,499bc3c5954b71a0a712b87c2a792bc96eba58cfc3973dc17516a521bbb37284,896457,1584552.0,240.0,0.000151,2,3,401
2025-05-12 20:48:06,fc93644edbc7a80e0fc8f4deb720281fae8047a41466b4d6dcdeedb101d4b92d,896457,16549.0,240.0,0.014502,2,3,401
2025-05-12 20:48:06,2940f501544a8b2c019263dde50407c61a7b75c1fdbdd6ee8bc7f0501a3b91d5,896457,10917768.0,8918.0,0.000817,60,1,8879
2025-05-12 20:48:06,4213f14e316e38043c6603660ed9fcfed4cfb056ecd3c812aa990937bd4ea9ee,896457,41700.0,285.0,0.006835,1,2,283
2025-05-12 20:48:06,93f525e1c78734baaa96b4f92ea0c4b6825423db0ed3467a7583517d7a9ddda2,896457,41985.0,285.0,0.006788,1,2,284
2025-05-12 20:48:06,ebf2902bc4583f4ef34bd4c7a75c71b425e1096a7939954fee9232f1326a2101,896457,42270.0,285.0,0.006742,1,2,284
2025-05-12 20:48:06,96c566d68df46e579d22a9c52627f414628795bb5a9feb356f5541089490f682,896457,42555.0,285.0,0.006697,1,2,283
2025-05-12 20:48:06,2af00926a6808bcd4281a8d5d5bcc032b47ff6ba2650d3c0b42c66ff8e53923c,896457,42840.0,285.0,0.006653,1,2,284
2025-05-12 20:48:06,5002840bb0dcc39d78baa597f3ec4d11a8f03c7b89bebd720bf7c5b70396af50,896457,43125.0,285.0,0.006609,1,2,284
2025-05-12 20:48:06,edaa36b065e41f202bfc95e2c10b4d9719da24fbbe4fac893417ff489d9fed03,896457,43410.0,285.0,0.006565,1,2,284
2025-05-12 20:48:06,939603f541ccc0d10fc9c004f321a2b4929d4088ed73e4a679bde1da253c5703,896457,43695.0,285.0,0.006522,1,2,283
2025-05-12 20:48:06,36a64c7ae0af3ea97b19ceb2feab46a288fe51f22c56c8d5ea5478ff379fcb0b,896457,43980.0,285.0,0.00648,1,2,284
2025-05-12 20:48:06,6411bea56e0b9147786cee88b5117d1aaf0cbcce49249ddcc325a83c96ef02ac,896457,44265.0,285.0,0.006438,1,2,284
2025-05-12 20:48:06,0169a4587b5d527c96f72580b5d49db570d79f5fc4cdd13988d299fb4c3bb7ef,896457,44550.0,285.0,0.006397,1,2,284
2025-05-12 20:48:06,08be23fae851110e32065c72fcfdb9a8b1d38f655667269be6a63c9c4a0725d3,896457,44835.0,285.0,0.006357,1,2,284
2025-05-12 20:48:06,2c4d380cf270ba9cdca12f08c15a0f6a47d51c713bae3cdc7a2283810903e4e0,896457,401107.0,226.0,0.000563,1,2,225
2025-05-12 20:48:06,6c9350bbea133a0def5754e2e903eb1808125471e18a4fd9f2eedeb4cedd12f0,896457,18717.0,224.0,0.011968,1,2,223
2025-05-12 20:48:06,21672896da2de0f5b52bcecf0ca3f0970c3c2bb1743713b2369a22bbb65c9bcb,896457,1298971.0,224.0,0.000172,1,2,223
2025-05-12 20:48:06,2eb1c4cd4862bfb89245ad79b8ecbd8c6495a4158700cea3b49b69bfaa16de0a,896457,954669.0,223.0,0.000234,1,2,222
2025-05-12 20:48:06,e1f8a05dbf0e9abdf6463bd267be3bc461d470a904d5dae79c4d8bb58112fe09,896457,29999777.0,223.0,7e-06,1,2,222
2025-05-12 20:48:06,0f1025c12b05badc78428808b0db72adfde14b88812071f75bc51caae9b64a1d,896457,1126169.0,1778.0,0.001579,25,2,3788
2025-05-12 20:48:06,302413c817c24da98984d6ff80a4d11f5c311e2be0241a2514436a08ce8556cb,896457,161619.0,221.0,0.001367,2,2,382
2025-05-12 20:48:06,fa0a8028726da79c3784e57abd04d4d3728dd104ef411f3c2626a563db348a86,896457,79127.0,221.0,0.002793,2,2,382
2025-05-12 20:48:06,410afd7dd705145583de0ae86f43e551d9e5a43693d8e4059e14e25e9d6f9240,896457,43860.0,285.0,0.006498,1,2,283
2025-05-12 20:48:06,b7ebc0fe0c45b68a630fe3a1076b107a6ac220710bb3cc3c86d59c46f2354d62,896457,44145.0,285.0,0.006456,1,2,284
2025-05-12 20:48:06,2f9dba8fe80ee0c985ee2a71aae8f84651c9a6d6221031520d421e365d25b881,896457,44430.0,285.0,0.006415,1,2,284
2025-05-12 20:48:06,57ae5fed62d5530bbf387b491f142d77a9eda6092e6af3407f30e58ce24723fc,896457,44715.0,285.0,0.006374,1,2,283
2025-05-12 20:48:06,bfa52e8ef356d12027a2869f3ed163ebcc7e2b3d287a3a93db4fb9140eef742b,896457,45000.0,285.0,0.006333,1,2,284
2025-05-12 20:48:06,1760b23c286ab3a4e81a37269e2da107744a79b7457147adaf9b92609e818209,896457,45285.0,285.0,0.006293,1,2,284
2025-05-12 20:48:06,3f2f3c2ba32d274d0d68ce738ea5f4c849aa37038491b30b765d636e3290bb6a,896457,45570.0,285.0,0.006254,1,2,283
2025-05-12 20:48:06,5044155b419d8a5fe051a8bc541bdac4d8518a219927dc6e058e34c7d47ed0ef,896457,45855.0,285.0,0.006215,1,2,284
2025-05-12 20:48:06,80df907947ddcbef566888cc5055a95908d0dc1888af6d2efc71a2630c6c7114,896457,46140.0,285.0,0.006177,1,2,284
2025-05-12 20:48:06,d06872632e7252f7b35527c0e28b4bee5ac6a787227180a33f175a3767bbc96e,896457,46425.0,285.0,0.006139,1,2,284
2025-05-12 20:48:06,c498d215744f4c332f34247bd9595a2e4e953035d0afdea96840dc71bca6d3b4,896457,50040.0,285.0,0.005695,1,2,283
2025-05-12 20:48:06,e41611cc27e005fb0d6f81780fe327d0c765a18953edd3043e6a214caf09d7bc,896457,50325.0,285.0,0.005663,1,2,283
2025-05-12 20:48:06,1483b2f14c0fb65771c8854d3137b259136f6f19a9f1efeb588443c273480ef8,896457,50610.0,285.0,0.005631,1,2,284
2025-05-12 20:48:06,bcaac9a47c12518c0749d0988838f3a7e96140bd6db34fa8a49a7ba6a846775b,896457,50895.0,285.0,0.0056,1,2,284
2025-05-12 20:48:06,b6bbe6fab5f1c1d89c0cd9534a1f17a1fafa95734f2c77a8b52be2eedb5722f9,896457,51180.0,285.0,0.005569,1,2,283
2025-05-12 20:48:06,87f3d99cd91d82f68dba2c4c680b0bfcf271e25f37547c09462119ed0caa71e8,896457,51465.0,285.0,0.005538,1,2,283
2025-05-12 20:48:06,df27dc11ecc98419f4841fc6fc9cf928531aca1f84d101242071b17781ce66f9,896457,51750.0,285.0,0.005507,1,2,284
2025-05-12 20:48:06,dc72b55cda3b9c2aaedcce5ab2ac2da342131fa6251f6e9ea26ac9e84e1cdc87,896457,52035.0,285.0,0.005477,1,2,284
2025-05-12 20:48:06,61b91fc8c66831e06945b433cc1616dc7efc8c5f8e2e87beefc9d3b1f328105a,896457,52320.0,285.0,0.005447,1,2,283
2025-05-12 20:48:06,42f3c0154392dee19c8b9d33e07931ea2f89028158070fefe751613559f06e3d,896457,52605.0,285.0,0.005418,1,2,284
2025-05-12 20:48:06,b8e2618521c28a5a08dc0d5a6885f7c03c5bd8548f4b979951aaff6e47f064f3,896457,52890.0,285.0,0.005389,1,2,284
2025-05-12 20:48:06,78595d22cbba35045fb631bf47b5c26719d1acf654094cd2a274dd715fec5e8a,896457,53175.0,285.0,0.00536,1,2,284
2025-05-12 20:48:06,993066afd98ad450913c2b66bb2d430fc846a60c0524aebb6038830175c9d842,896457,53460.0,285.0,0.005331,1,2,284
2025-05-14 18:14:07,8446192ac3aa63c023d4c8a271cfe724181b51ea2cc8962ac0f340c034ef556c,896704,94771572.0,572.0,6e-06,1,2,380
2025-05-14 18:14:07,6302dfc2f3b048be940e8fac9c4bb8a9b3a780b96083111e5f1f93bdaab6984f,896704,71436182.0,572.0,8e-06,1,2,379
2025-05-14 18:14:07,f2f19bbb0e9296035d9ed0b8618f567d4a5f105a0413f75706f2121168d48aef,896704,6502484.0,672.0,0.000103,1,2,222
2025-05-14 18:14:07,231b3027b9d88b8b49ba108d7cd0ecfa51b3ee90f2d0787d75eb184e12bc81c2,896704,1353916.0,672.0,0.000496,1,2,222
2025-05-14 18:14:07,40c462592236755e34b8e7cdbad19ba874cb925d5a8b7007be9fdfa6f5ffebaa,896704,3486530.0,672.0,0.000193,1,2,222
2025-05-14 18:14:07,dbd45ac33809ff5ebf68cac8da43ef5221d91395a694b248cd43cf7004bda872,896704,515083.0,672.0,0.001305,1,2,222
2025-05-14 18:14:07,54b3be00ee552066e5ff077ca405205548b3cff950f369669b90a758a5c8d1c7,896704,51542.0,333.0,0.006461,1,1,192
2025-05-14 18:14:07,e758ecfbab165267c8cdd8411ffbd4995fa37cfd1e7d953cb92f9837fb34e70a,896704,84610.0,642.0,0.007588,1,2,403
2025-05-14 18:14:07,84d995e34b0bf4c6cb2900a29b9ab858961710d67f7adbcc43e0e7d31a00fb00,896704,77655.0,642.0,0.008267,1,2,402
2025-05-14 18:14:07,2e4fac48bad8c49507b365790663f03071d00e0c37798db9c02a5f44670296f6,896704,173216.0,540.0,0.003117,2,1,340
2025-05-14 18:14:07,2deeb310743d4c13be310c91ac73a7476c1ceda8be9bdaac1999f7f126f8a042,896704,2256.0,744.0,0.329787,3,1,488
2025-05-14 18:14:07,0b2c3aa8a9160671e6a64c12ca991b853e09cd55929f7bf6211d44fd6d79534d,896704,4809830.0,2196.0,0.000457,10,1,1529
2025-05-14 18:14:07,e87f3d017b9579e881dfafce9b5ed9b5ef4c1592bd81b28086e19b6760ff21a6,896704,2032303.0,2907.0,0.00143,6,2,957
2025-05-14 18:14:07,b56171ec806dd59fc55a84d04758cf93b4b8d876836912948d2f40c952a9f18e,896704,106593.0,678.0,0.006361,1,2,223
2025-05-14 18:14:07,05f9ec850baecd1c597700840896218e03f1ce8ee51123fe9bbeed1cf533ca63,896704,478426.0,678.0,0.001417,1,2,223
2025-05-14 18:14:07,86b43e05289c0dcf699700535772714eb8928fc8a8cc56440e21f352544faa3e,896704,270441.0,678.0,0.002507,1,2,223
2025-05-14 18:14:07,bbe5d6624af0156801b38a1a6dd73181544c95cc162a017f3489c411d3f97778,896704,784172.0,645.0,0.000823,1,2,403
2025-05-14 18:14:07,eb0f1413b7a538979e7768c1961d616fb829dcdad302705833794ffa6a88a4bd,896704,46514714.0,34578.0,0.000743,166,2,24718
2025-05-14 18:14:07,05ed868c10ccbf5c16891ea4ad8db4c358aee194d1dfcde902bcd40954524536,896704,3034732.0,2709.0,0.000893,12,2,1859
2025-05-14 18:14:07,8b0e0cb9321dfc8346f88efc6b5d97afdc50bd7cde861423d73e7b113e020215,896704,8976.0,412.0,0.0459,1,1,216
2025-05-14 18:14:07,e13dc3dbde46c5a447bfa4309eba3f05d017cee9a65e4f5b05a8088c7708b957,896704,1399258.0,452.0,0.000323,1,1,195
2025-05-14 18:14:07,11d0a011e09bd326316cebf3f528f590d12ccb7b613ed445ac4e1adfc3ea7a07,896704,1426736.0,824.0,0.000578,2,2,371
2025-05-14 18:14:07,85d9a2755760e3697c328d9068e0bdb0e01e7128ded00459426a78e07f7d2013,896704,185790726.0,1075.0,6e-06,1,11,530
2025-05-14 18:14:07,f902e785e037f6ceb20b4f1e9f0e04fda728807e5ee2dc826d5ad6fa6a88a3f7,896704,439050.0,849.0,0.001934,3,2,521
2025-05-14 18:14:07,7e92eee24ada681c0a7358a52a6b60b74efc56b171a01dcc9677df8b12a3b0db,896704,2483322.0,678.0,0.000273,1,2,222
2025-05-14 18:14:07,8d47da147b46aa1eacdd1fceee9f6d11d04268213011eac204507cb5a56ef67f,896704,2396857.0,678.0,0.000283,1,2,222
2025-05-14 18:14:07,dbeb152649c740f58d15e2603595c6ab77b44055d085659c0ce2c32086998f49,896704,962340.0,678.0,0.000705,1,2,222
2025-05-14 18:14:07,71d2d7f8e79f268a672bec8ac3ddb1d8409da0873be5c54233393a595c243a77,896704,568107.0,639.0,0.001125,2,2,372
2025-05-14 18:14:07,934c90e2f685f139e7f0eb94d2fc0e86aad9908dda7166a043fad6965f9b4802,896704,2070074.0,441.0,0.000213,1,2,225
2025-05-14 18:14:07,dc07c15699e230b72de2f7be294c666c8791b8c4a3ff1a024fb2fe974ac22751,896704,83765.0,435.0,0.005193,1,2,224
2025-05-14 18:14:07,73d444db85611d823be0aa63ab2385b458371a15714c16f596b68b61f8f9c0e4,896704,1239710.0,432.0,0.000348,1,2,222
2025-05-14 18:14:07,a1ec83d3d6ed6203db58e2e45cbd49875bc9722bf3c62f36f5d6495223fc4ab5,896704,121206213.0,432.0,4e-06,1,2,222
2025-05-14 18:14:07,2e94602cb748aed3949c8cb3eec164fcc4ab94591f29d0a395edcb59039a38ab,896704,3493548.0,432.0,0.000124,1,2,223
2025-05-14 18:14:07,9de271a3ea609febc24fb1f333cff50b7ce5bee4cb5dca85e43afb8bf0637aa8,896704,95807.0,432.0,0.004509,1,2,222
2025-05-14 18:14:07,3585952a671ea5674e1ecbffc7e8bb08c759f0a0c4718b627338847f9d1abe8c,896704,28343.0,432.0,0.015242,1,2,222
2025-05-14 18:14:07,4468e739530df2cd4846ea0a97cb78a642333be605d51b0b33aa95f176bc1c35,896704,966445.0,432.0,0.000447,1,2,223
2025-05-14 18:14:07,4f898943b6b31efb1f43a46893acde828f3362c4bc08a29eb4a305c506477301,896704,759799.0,432.0,0.000569,1,2,223
2025-05-14 18:14:07,ef759361091c04931c517d43b8d76f7b1fbf4df6786e5c652f2398eecfe116f9,896704,147102.0,789.0,0.005364,2,2,419
2025-05-14 18:14:07,936fc233d4020e1843cbf6e6d6e71451174e5d1df64f4e7179da7ce6b473ed6b,896704,22511.0,753.0,0.03345,3,1,487
2025-05-14 18:14:07,3fe182ec8e4993dba6bfd97ba32ab60084514c3d96c5cfa2e11411e87f1909d1,896704,1049523.0,434.0,0.000414,1,2,222
2025-05-14 18:14:07,821d8499c3b0a5211a8c1375ea47839ca293ff15de94a387697cb1af7f96c429,896704,741636.0,825.0,0.001112,2,2,430
2025-05-14 18:14:07,0a0711181e646585702fe95bafc00f7040fa7860ba6726fad5d7ef2881542783,896704,546.0,447.0,0.818681,1,1,300
2025-05-14 18:14:07,20395fe05ad3e442264435ef61e6a67642df0a99fea7a21266adb952dbeec807,896704,546.0,447.0,0.818681,1,1,301
2025-05-14 18:14:07,0cc0508429024bd97a2ad7ab693efa0a52511774cc9ae82bcf8586438b435f37,896704,546.0,423.0,0.774725,1,1,269
2025-05-14 18:14:07,36626ef68f6d83f8f29b0f5783256b032bb6a175bc27a133d6daba7a533789f8,896704,546.0,450.0,0.824176,1,1,302
2025-05-14 18:14:07,c60b6ab719f461ac4278df68e2ce7bccdd2eb5ce77d96bfc0079975a00cbe7c2,896704,1520929.0,1032.0,0.000679,1,7,426
2025-05-14 18:14:07,b06c772323678e9580447696d89a9807971d7f6f9a7abceb3b27b456ebbf6579,896704,320669.0,447.0,0.001394,1,2,196
2025-05-14 18:14:07,60ff5b01be93637d218f8297d7c38f118e6a17b314c3828152efdf8e3e49ca05,896704,118308.0,444.0,0.003753,1,2,226
2025-05-14 18:14:07,357e668767898ac703e336a38fb3bc0afe57e244a9d9a5619bcaed33d1aacca7,896704,617948.0,438.0,0.000709,1,2,223
2025-05-14 18:14:07,ecc7c9eee1de5b7ad97b02f64374888f60dff72270f7c18597c012d9765c27d2,896704,1060157.0,403.0,0.00038,1,2,181
2025-05-14 18:14:07,ccf0ee56e4798cc6c3755d52a9fa1e685433791ea3672062a1226ffe465459d2,896704,1096910.0,507.0,0.000462,1,2,246
2025-05-14 18:14:07,4a7959c8df329c8be1065a8c3c3432591b6d26e66f95ac50cdfa80bf3db7e7a2,896704,3971766.0,594.0,0.00015,1,2,382
2025-05-14 18:14:07,99ddc0252ec6b52e2e105ebe00be407ebd82a9b296b2fdc57c3cc1422f9c30b5,896704,1157897.0,896.0,0.000774,1,2,222
2025-05-14 18:14:07,6a89319fc3215b8a702f8236cc59778f19c357ec7e415a1f74582e1c27ab6f9a,896704,1178093.0,896.0,0.000761,1,2,222
2025-05-14 18:14:07,3f543631c2502147144c1297121dd02b6216a0f3ccba90d23395373838dadc9d,896704,1188689.0,896.0,0.000754,1,2,222
2025-05-14 18:14:07,ec8da3e962d360f99ed6ca592bbcdd86cb41be27e2fde370137fb6d91981d569,896704,1235185.0,896.0,0.000725,1,2,223
2025-05-14 18:14:07,e0c9ac24218ff83c833ba2ed8ec349f8d92706049c69cc73e994078c9ff77f8c,896704,1308281.0,672.0,0.000514,1,2,223
2025-05-14 18:14:07,327e80da18cdc85ab3b91f6f0bc8727e878fc015c160fea8ce5d9613b5284ae9,896704,1378953.0,672.0,0.000487,1,2,222
2025-05-14 18:14:07,b36054aaa2f7a3e7fe6ab6f612230ea44660455720e7904b9a09d4484cfd0c2e,896704,1435925.0,672.0,0.000468,1,2,222
2025-05-14 18:14:07,7717ecc99dd76175523ead62eef57b6eb64d8ba0e815f919e9f2b0a2f9f2f6a4,896704,1446297.0,672.0,0.000465,1,2,223
2025-05-14 18:14:07,816c3d588de29d3024014e82f7cb163baa13ea529233f54f6433161338b4c8e0,896704,1456669.0,672.0,0.000461,1,2,222
2025-05-14 18:14:07,ece51e54c7bd9b24c52f79f115a43fad02413712e249f44b932046ede83c2c60,896704,1467041.0,672.0,0.000458,1,2,223
2025-05-14 18:14:07,0e2c1095498d36e7188e3e9a49bae931e185aaef2708253450def9c575e03ce2,896704,1477413.0,675.0,0.000457,1,2,224
2025-05-14 18:14:07,6accdb71f068315323a071e01800a368cd0fc3ba0f3252d39ab9c452765c8783,896704,1497388.0,448.0,0.000299,1,2,222
2025-05-14 18:14:07,56ffffa2aab7336c9406ac248f067dc7e07909b969baf4ffa6c451572907b700,896704,1599936.0,448.0,0.00028,1,2,222
2025-05-14 18:14:07,c76c285da986371e50688b80b89c532ef2ea71b410a7245a4d2da113bc9453d8,896704,1619684.0,448.0,0.000277,1,2,222
2025-05-14 18:14:07,ec62dd52d590f5620e7e157e480e2ad075f01a15bc4b2e538c259910334f6ce8,896704,4016818.0,588.0,0.000146,1,2,381
2025-05-14 18:14:07,c7f46e7a89f17e813bb67bb1ca710d399ffcff8427ff17dab03b36218801e52e,896704,4744156.0,588.0,0.000124,1,2,380
2025-05-14 18:14:07,3849bed6782adebcfc6f313c8f576e48bac9916187ea5089eb66b07d01b89664,896704,4957924.0,585.0,0.000118,1,2,381
2025-05-14 18:14:07,7fb9fce2527882fff00ebc8137875aa52b57cb3b958bd21ae4ba7d0983eaf847,896704,5346109.0,585.0,0.000109,1,2,381
2025-05-14 18:14:07,a8422820c483cc2a565e5625faf30f18807f106f16520a65afe288e2213706f1,896704,6703294.0,588.0,8.8e-05,1,2,380
2025-05-14 18:14:07,2784fcfbd5afa47a96874f14618f38caf099c34c98c93aa4d6e152358f85e0b2,896704,7382182.0,585.0,7.9e-05,1,2,381
2025-05-14 18:14:07,4d473396cebcf49ca0a017d955c42688a44a38179fa3ba69c5eceb2ae73db9c1,896704,8109517.0,585.0,7.2e-05,1,2,381
2025-05-14 18:14:07,2a116df1062f2d333e6cb490311859e34dd13e6111305db4d06e5242c6ec9ce7,896704,9079102.0,585.0,6.4e-05,1,2,380
2025-05-14 18:14:07,8c2683290f6fd7c07935ec308b17ccdda9b32c79b7426adea9f7868e34088a7b,896704,9806437.0,585.0,6e-05,1,2,380
2025-05-14 18:14:07,a96027f027573bb8a1519b9ea6e6753578b971d61213491fb7faff1ec9e9b6c9,896704,10776022.0,585.0,5.4e-05,1,2,380
2025-05-14 18:14:07,6df3ef894ba92aea09aaa6cc52273ac6a5d66e9b0db3cc15b972eb3a1589e126,896704,11510731.0,585.0,5.1e-05,1,2,380
2025-05-14 18:14:07,933cbb134b78aff602016abdd3cf797f0d24cd2910670f967d7a3850ce84daf4,896704,12238066.0,588.0,4.8e-05,1,2,380
2025-05-14 18:14:07,619bd4b420e4c72dc34458c91a615309736cc05080e84aa0d153f7c9ab9e89e6,896704,14176654.0,585.0,4.1e-05,1,2,380
2025-05-14 18:14:07,4022981d35b4b39817f6eae0304531a3d11533766d22e04425760a8addf31aa0,896704,14215999.0,585.0,4.1e-05,1,2,380
2025-05-14 18:14:07,6c0c24d93e5e8613dd02ef94f045be480152583ac94413a7bf7609c7a1a5fe3b,896704,2251126.0,3825.0,0.001699,11,2,3324
2025-05-14 18:14:07,2b38af8f7e94152c3c67da79ba59b062deb1063b98d5cab7835c3cfbb1833109,896704,550031774.0,1143.0,2e-06,1,2,369
2025-05-14 18:14:07,68a0506ffaae974154bb09db238629fd83c168204345e58b9839cc8c5099fa4f,896704,14943334.0,2203.0,0.000147,6,2,1851
2025-05-14 18:14:07,c94b41ccefe9daa0115e2b95566863d3df80723d354f34f09bfeb083c1e817f3,896704,333287.0,1880.0,0.005641,5,2,1556
2025-05-14 18:14:07,9aa75c91bae50c6881fa156e3483b23298db8cff91a67bb005231f1d4170e13c,896704,15133306.0,4142.0,0.000274,12,2,3617
2025-05-14 18:14:07,4a767d7c314eb86dcf421525b42f5402ddfb26119c9362343c404d1fceecf533,896704,5287209.0,6726.0,0.001272,20,2,5966
2025-05-14 18:14:07,3f21f57c00883ab8c1c3b05273de241401060fb589be22995a01781fc963367f,896704,581400.0,2070.0,0.00356,6,1,1808
2025-05-14 18:14:07,cada11661d3fc9c666f1e370cb5d043c1873528d16e2a87c7c814a19c239c9dd,896704,315456.0,1877.0,0.00595,5,2,1557
2025-05-14 18:14:07,55d44f034d69c4828eab952bea4112d2273c5e97e8c5c8cc12576ef29f314103,896704,2425000.0,2395.0,0.000988,7,1,2102
2025-05-14 18:14:07,e0dd18925860ffee8a9a0b087f0936922f8c41e5fdfca1ace8d15b65b595ab58,896704,3930232.0,7046.0,0.001793,21,2,6258
2025-05-14 18:14:07,378ed78795caec78d8084f1357d0fcb0a97143e145c146273c4d785b45beabac,896704,96900.0,1100.0,0.011352,3,1,927
2025-05-14 18:14:07,7799508a69885fb999ab2a825ca7622403a01c1221ed69e5d4afc6ca2efb5344,896704,281851.0,1554.0,0.005514,4,2,1260
2025-05-14 18:14:07,d1c0b783647a63f93a18b804f82d140d7e0633da8a9a0e3906bab9efa5c54214,896704,2543135.0,8339.0,0.003279,25,2,7437
2025-05-14 18:14:07,36d7e7e2bd6081f310e252f5b0c43b748da2c89fd63d45f870ca8329e3a436b5,896704,132727.0,1231.0,0.009275,3,2,968
2025-05-14 18:14:07,89a3939b29845ac4af42549253f0f6775718959efe1866e68413e4ca5f2cb1b2,896704,67962.0,911.0,0.013405,2,2,675
2025-05-14 18:14:07,d27dff4dc0cfdcb08fd8acad2f49a4d96384caf433f339a9d103d1b190ff7ed2,896704,679000.0,3043.0,0.004482,9,1,2692
2025-05-14 18:14:07,920f2d2cf6987eede2b63dce6e03a0e24a190affa2810e23aae6442199c03a94,896704,246367.0,908.0,0.003686,2,2,674
2025-05-14 18:14:07,f5698c2eeb4eb7ed0c5d150b3fa090dd93535e15e585a0f4e8a5d9cfd7ac4d9f,896704,96900.0,1428.0,0.014737,4,1,1220
2025-05-14 18:14:07,99b2a21831c7b49c5cc00e1860ab24baf119f00ad833136a6c104d4644b52012,896704,2438526.0,12539.0,0.005142,38,2,11256
2025-05-14 18:14:07,c92f179fc064cda61c93f212a1aa8d35788fc65152b2af8fe9a34e8cee69a07f,896704,860746.0,3502.0,0.004069,10,2,3027
2025-05-11 22:58:45,b596fd7b7ea7e1af52abff7f2c292b1232bcf985fd446c75189c63772cc37c61,896321,1375335.0,136.0,9.9e-05,1,1,195
2025-05-11 22:58:45,aade6ab3b174b407aaf880e00dfc34d6a9d9b393c98f921d45b700c7ebba7517,896321,1422512.0,136.0,9.6e-05,1,1,194
2025-05-11 22:58:45,aaab29bcf40b7cd3679034033cdb7114f0eb11aacb6aec33c06aa04ef61054aa,896321,85631791.0,943.0,1.1e-05,10,3,1591
2025-05-11 22:58:45,6ae27cea6ff9ebaa192d1ec3fcfa9d6acc7faeafef2e1a1d3820e45e082a86ea,896321,396049.0,948.0,0.002394,11,1,1671
2025-05-11 22:58:45,7921a47804691c38a123d5837bbed666f5f5710baebcf8e2285a173411001f89,896321,232007.0,906.0,0.003905,10,2,1560
2025-05-11 22:58:45,80b080f603793f632d62c8b7f978bdf804c344f8c4fbffca6ed9bddc9a2cec6d,896321,204038.0,500.0,0.002451,5,2,819
2025-05-11 22:58:45,a0e8e0c885759666775e8d15172f56c17bfe7a94fe0ce1c1374c68af584c8543,896321,60961990.0,217.0,4e-06,2,1,342
2025-05-11 22:58:45,e645820bb6dffea1909a75cb96aeca959cd9e0a4b3509156c1b9a9db90fe0812,896321,735488.0,252.0,0.000343,2,2,371
2025-05-11 22:58:45,9fff59c95895327e26dd8e5e874b2e554c91bb37a492d7d29cf23eb1d2faf5c6,896321,10573707.0,1031.0,9.8e-05,12,1,1819
2025-05-11 22:58:45,4457814058dc2613fdbde69468a5a6fe65cff1c277c507251ed0201187138f74,896321,16708936.0,906.0,5.4e-05,10,2,1558
2025-05-11 22:58:45,5c6b920cf2d0fe6a153927e1f27892b192b16f85fa47e485946046e55d069161,896321,1344085.0,906.0,0.000674,10,2,1558
2025-05-11 22:58:45,dbcc84fed187faeafe97c56bb6856b2d5042133e2cd4f08cd6ac051ef5166ad2,896321,362327.0,415.0,0.001145,4,2,668
2025-05-11 22:58:45,4703637af580bf0a6be318ac6126a9438f21d2d66be8c8cf415b3d0266d3e66d,896321,5734979.0,7050.0,0.001229,85,2,12696
2025-05-11 22:58:45,7c7b530f27a81d1a2c667312a1c3f21ba889929bffeb588b038492390fa9607c,896321,216972.0,251.0,0.001157,2,2,370
2025-05-11 22:58:45,b286de3a3724b5a7e5f5b98c06ced6911e44b5e52b5630c217475cbfda12c37b,896321,1479626417.0,251.0,0.0,1,4,289
2025-05-11 22:58:45,1a1b5af70a163a1e4130ec6e4e889e71471358a45d1059db6b632e7f4a7fe284,896321,4998994152.0,134.0,0.0,1,1,193
2025-05-11 22:58:45,874fa3bc657ce2be47f56644fa4680010037b35f2e9198905af928e47fee98ff,896321,26184.0,262.0,0.010006,1,3,299
2025-05-11 22:58:45,7a58a36d9e4d2fc24ddcaac6649a5bfe351e3986c0bc057ed5b0380a1a5b54f8,896321,26184.0,262.0,0.010006,1,3,299
2025-05-11 22:58:45,b8da1db89e2aae79b72bc22bc15536c5b4e1f8d109c8d781d46aa4160ca7a5e0,896321,26232.0,262.0,0.009988,1,3,298
2025-05-11 22:58:45,6d5c1cae7606308c20a02787b4179368993008ede41366c98e54d5ce0af850d6,896321,26493.0,262.0,0.009889,1,3,299
2025-05-11 22:58:45,4d171994ffa95d717558a98d2634162dffa83c68f64944d5719450d875fd0fd1,896321,316941.0,262.0,0.000827,1,3,298
2025-05-11 22:58:45,793357a31485849cfccc43662f26ab074499125d7324ca0a9054c56ada5e52b9,896321,26254.0,262.0,0.009979,1,3,298
2025-05-11 22:58:45,e541024e31e23273fe3a352d8b882cb47e940c5ae7596a670a7a61befcab08b8,896321,26181.0,262.0,0.010007,1,3,298
2025-05-11 22:58:45,fe368f92de38b02dfabff5efd2bfd8d30249331fba681cdaa13c7fbea637c5b2,896321,26185.0,262.0,0.010006,1,3,298
2025-05-11 22:58:45,3826ffa684b2f28ab1c8a7cfb892a7a66e8af873fc18b9073cad65c129c8ec88,896321,26012.0,262.0,0.010072,1,3,298
2025-05-11 22:58:45,cd48c9cbda625ef4f5a5f2a579cfe74217e4e50d2394a94cc59d6c90b455ee7b,896321,26185.0,262.0,0.010006,1,3,298
2025-05-11 22:58:45,a9eca9ab0cc738ac901691b7f282030f3e38379f99c8971a167e61386f23f66f,896321,26179.0,262.0,0.010008,1,3,299
2025-05-11 22:58:45,9e6e009be268d2893bbafe196c5704e4d8b8fccb610072471806a0a781bc2e6a,896321,26181.0,262.0,0.010007,1,3,298
2025-05-11 22:58:45,eb2c7b156c264c79179fd83bdfc94254d59c85a431425d91443b653dd88bd661,896321,26180.0,262.0,0.010008,1,3,298
2025-05-11 22:58:45,b8a1579e32ebb6ebf6a4ee862ba3803b60beee1bee600ea173b93c47ac010237,896321,202752.0,262.0,0.001292,1,3,299
2025-05-11 22:58:45,3d73462edbca9ccf2ace56c24865f3a2f4cdbe25a0ab564dfdb46abfeb21f92c,896321,26253.0,262.0,0.00998,1,3,299
2025-05-11 22:58:45,5983c0ba69df8ea2bf1e2f46ca45be30d75d5c96fcedd2f642bcecc220fbbd29,896321,201435.0,262.0,0.001301,1,3,299
2025-05-11 22:58:45,bb2c72c7c19e1e811a442c87a9a99b983641250e4981529736804551e80b8e23,896321,25960.0,262.0,0.010092,1,3,298
2025-05-11 22:58:45,1434d5a52103627b24541672edbc710a0e357b8aba5b8015450ab21a29d2ce21,896321,201746.0,262.0,0.001299,1,3,298
2025-05-11 22:58:45,5419aa511e4e8ef94de3154dab1bb273914d3f9193c03bdfc9da5e9253293921,896321,26256.0,262.0,0.009979,1,3,299
2025-05-11 22:58:45,1cb9959911df8cb804105e55652d50588b5ba097b21be0be547c5411c631580e,896321,26019.0,262.0,0.01007,1,3,298
2025-05-11 22:58:45,01675626de68b20c5a5112f03e0b198e5fd5f0615c569aeae87de08992ebe509,896321,25961.0,262.0,0.010092,1,3,299
2025-05-11 22:58:45,d0897d19c8cda8de8a30dd3f8593b4ff0699b090cceca72f777d20067f2dcd08,896321,369421.0,262.0,0.000709,1,3,298
2025-05-11 22:58:45,7321420da45d06d49bf54fad41c634050a5d6653ae0ce016a91e7de876d01dd1,896321,2096302.0,743.0,0.000354,8,2,1260
2025-05-11 22:58:45,8172d2cb3838ae2857bc20079e69842b2d7565181388961fc4adbe981ce32438,896321,890043.0,448.0,0.000503,1,2,223
2025-05-11 22:58:45,2bcabf5f3e2867b7b4f5be92453c71f140d3ecfeb902cc9f5a58f996eecde9fe,896321,957591.0,224.0,0.000234,1,2,222
2025-05-11 22:58:45,034104aa3d821d6c1b398298cc7af7a94a01012d603ba0ee8e491b57b3bc8c59,896321,967415.0,225.0,0.000233,1,2,223
2025-05-11 22:58:45,3296d8937c954b1f230dd953e8343092d21d6da8de766264f3e61716b7aff806,896321,977240.0,225.0,0.00023,1,2,223
2025-05-11 22:58:45,74333d9ad06435d6df0efa0d3551ab61c4cedaba18e3d4a8076db31f3e285b9f,896321,987065.0,224.0,0.000227,1,2,223
2025-05-11 22:58:45,96904be39e17808505f0ca2abd3ace1da0104067b10cd69012fa879857c22f37,896321,561026.0,448.0,0.000799,1,2,223
2025-05-11 22:58:45,f82519b6eb87d89899c29b7b76d852f8f16fd48d878cc048734bb496cad02f1b,896321,678274.0,224.0,0.00033,1,2,223
2025-05-11 22:58:45,e8c9dc1c33cbb2380e222b23fe65bbf86d7c52cd133c3989c27349aa9ab669c9,896321,687998.0,224.0,0.000326,1,2,222
2025-05-11 22:58:45,9b6958325a736f26bec9904df371d3f037970ee95fcb247f375a99f3123c80df,896321,697722.0,225.0,0.000322,1,2,223
2025-05-11 22:58:45,f5dd506e48aec0791be0d091699532007a90043cbbcec911882e9fbb13123291,896321,707447.0,224.0,0.000317,1,2,222
2025-05-11 22:58:45,eec19138d87ddfc469b7be211161869f145d269a0875af7c30e4be8b5a787d6e,896321,104749.0,214.0,0.002043,2,1,339
2025-05-11 22:58:45,8df97b3e9c4b7c06c0aac89909198680580531a609db7b7b304ce90150e1f25c,896321,8548177.0,188.0,2.2e-05,1,2,206
2025-05-11 22:58:45,1451af47fbef8f6aabbbfb61f71a9f43f3329056239de533738b088f2bb869c6,896321,9764322.0,793.0,8.1e-05,5,2,817
2025-05-11 22:58:45,39bc0d97f978fec9b5f667ccfd87cddd57ced10b5560d40f7b099223e9b1d2f4,896321,546.0,171.0,0.313187,1,1,275
2025-05-11 22:58:45,e21597004c999bc88f89351462427384d837ca0cfbdb4121a8ed24285ec208a5,896321,7188936.0,276.0,3.8e-05,1,2,441
2025-05-11 22:58:45,ccc725ab5cc03a6a96645e2ba262bf79a6b5d5566491681809cd9357b5421891,896321,59728.0,224.0,0.00375,1,1,406
2025-05-11 22:58:45,c6ac5417eb1c4b2af2789dea8079d8c0d32861732e925b14079e19a4cfe0a249,896321,1885473.0,176.0,9.3e-05,1,2,234
2025-05-11 22:58:45,70d91df62353930fd9db010b29c1567f409362ab1c4f7cf82dd470cbe6636424,896321,1366350.0,178.0,0.00013,1,2,225
2025-05-11 22:58:45,1d134a17c432a25c99a0e25e533d052a2fb0bfa1b5e5dd83a4635f0689047fb0,896321,13611.0,224.0,0.016457,1,1,406
2025-05-11 22:58:45,364bf4792b731e0c3a44e87f19061ab5dc1dc1285d5879ccd9f226ede4a1e990,896321,1584237.0,178.0,0.000112,1,2,234
2025-05-11 22:58:45,9b48df0736c593cf50fe0522156aafed8cdcc923a3af668913a7d08e62a9f48b,896321,962159.0,219.0,0.000228,2,1,339
2025-05-11 22:58:45,a32903e70c4d8aad1c6938d636a9060fe67f5dcd802d6d9610d890eac06245a0,896321,534.0,217.0,0.406367,1,2,226
2025-05-11 22:58:45,98e5f0678df060b73fae6f14097c6e361c34573903737ab2948c17cef17d8806,896321,2118530.0,175.0,8.3e-05,1,2,222
2025-05-11 22:58:45,781c41053093c21c1f28b547ac0c4097900293f0ae4c54f63123e8330513d90c,896321,1209986.0,276.0,0.000228,1,2,438
2025-05-11 22:58:45,01c7cad5d483ff932e3cdef092a591e32238de835db27f4ad4a434e68466a67e,896321,16776760.0,240.0,1.4e-05,1,2,359
2025-05-11 22:58:45,2df3f6b0255959e27d15917c71b9a1f279fa541ac3f40d51e552b9ecb31d6d25,896321,46796122.0,204.0,4e-06,1,2,245
2025-05-11 22:58:45,4b337c8cadfda712f2c9ee99b65fa95a4a1f34555522d65cd11a1a7c2b2120e7,896321,10000876.0,478.0,4.8e-05,5,2,633
2025-05-11 22:58:45,b6211446ca2f0efc0240ab17a3dc916bdc9a0ce931ebb5e3a89c6a1b8ec273f8,896321,53900.0,259.0,0.004805,2,2,370
2025-05-11 22:58:45,46019a9311a416d1b059fa17d751aca79f8e20e38b66fcb5fcb3ef6a5da99d63,896321,3762653322.0,11939.0,3e-06,105,1,18048
2025-05-11 22:58:45,5d0ffcb2872a953d054e28511a4f94e9f200fa04ed737e049e62781876c249f6,896321,4988708.0,192.0,3.8e-05,1,2,205
2025-05-11 22:58:45,fbbcfbb190b17f33f7ca7289350c36862182ac719098daff414bf7a865bb3ae8,896321,29461.0,292.0,0.009911,2,2,366
2025-05-11 22:58:45,49e6acd731f8b19c5b4f2757f062c6785638f1492f36606585a02c9ea074f2b3,896321,3594.0,292.0,0.081247,2,2,366
2025-05-11 22:58:45,b3b0407357b2e30cebc73e81cb4656c5419ed5506bb651d80368895f107d1994,896321,8188.0,292.0,0.035662,2,2,366
2025-05-11 22:58:45,158b9cdea125da0f6b858a6e9ab69bcfcbf11aa952a6ecfd820f16b55dd51521,896321,816541.0,292.0,0.000358,2,2,366
2025-05-11 22:58:45,6ad0572381fb6b249f054b791bb5c0ce5c95979e1bf47bbfd6d06674226aa193,896321,136953.0,234.0,0.001709,1,2,349
2025-05-11 22:58:45,902a6a6813d292986b7a2cbba4bb464942dd697d24949d20a1a11a3a5a8c5837,896321,189109.0,387.0,0.002046,2,2,644
2025-05-11 22:58:45,a3cef6cbc69fa7d88cae9ee5f7d5345b0be8d4274856363edffc649874db8af8,896321,534.0,219.0,0.410112,1,2,226
2025-05-11 22:58:45,faca06151581a8b468af3d55a0fe04d5829f554acae51b518aa8acff64a2ffee,896321,534.0,219.0,0.410112,1,2,226
2025-05-11 22:58:45,b986b696435cb4abb17aa54cfc95f816738ba18421f0b06691039a9b682487e3,896321,534.0,219.0,0.410112,1,2,226
2025-05-11 22:58:45,a4010b83d07b2c191c5bea47f10547afab23812516205379051369540a401fe1,896321,534.0,219.0,0.410112,1,2,226
2025-05-11 22:58:45,e9e43691821531ee3d55d674f1926375fab26824b473bd2d7d28e0296b4002c5,896321,534.0,219.0,0.410112,1,2,226
2025-05-11 22:58:45,a0056510ee507a5c8e809961d39897f6130f452cc49c644b38b07da91160e7c3,896321,534.0,219.0,0.410112,1,2,226
2025-05-11 22:58:45,99e1e6853a37e1898963623397899f81ee136666c3b8ab8a420bae4f0bb1f19e,896321,534.0,219.0,0.410112,1,2,226
2025-05-11 22:58:45,78f6d143863834fc3000df7fd60eed5d0009aeddf8826f7941b5bcfdcb8ede9d,896321,534.0,219.0,0.410112,1,2,226
2025-05-11 22:58:45,78e3891fb5b97ffa97548e1ee62d3d6155ac1c2dca5636d087bec411f3048d93,896321,534.0,219.0,0.410112,1,2,226
2025-05-11 22:58:45,545d21bd8b1c93f47483c8af0a6d514d035c596db782941e8b34f6a7fa31188a,896321,534.0,219.0,0.410112,1,2,226
2025-05-11 22:58:45,b5a3d1adb59a3ac05705e64cf61f1117d83283a7fc2d2fa03637702e39a8ea22,896321,534.0,219.0,0.410112,1,2,226
2025-05-11 22:58:45,8daf3526ef8db8ce64a978781e2561104ecd4c03773f441704969bd90b48410f,896321,534.0,219.0,0.410112,1,2,226
2025-05-11 22:58:45,0d8f798055cb9b8224b9c8e3f838883c7a621a4c3a889e6a7aef8e09a7ff0ab3,896321,72900.0,434.0,0.005953,3,2,726
2025-05-11 22:58:45,a3d26080a3e734f56c7060ffdf2a4e8468ce9856bc4a9af8c812b05f32281739,896321,1140711.0,448.0,0.000393,1,2,223
2025-05-11 22:58:45,567975511193d6416499f747e02c2e6b83f83a49ced86957b893fee4cb0f76c3,896321,1155530.0,224.0,0.000194,1,2,223
2025-05-11 22:58:45,fa470cbc709156d66864d753a3d852a83a0d220696f2ecd9cc2d36df53824c8d,896321,1170125.0,224.0,0.000191,1,2,223
2025-05-11 22:58:45,90e2ce87914b75f594261cebd335fa08081974586b0f9e7f595a6c5cc10a97f7,896321,1184720.0,224.0,0.000189,1,2,223
2025-05-11 22:58:45,5b36e7a1fa5a142617dd0b90ada5c0c2c223b3662e392b6295dbc5a74be8fb52,896321,1986409.0,450.0,0.000227,1,2,224
2025-05-11 22:58:45,b86ba033aecc72e0f21e941e4a5994a4a2cb048ad35b47fca6380e5a45eeae16,896321,1996459.0,224.0,0.000112,1,2,222
2025-05-11 22:58:45,016b6ffcdd59a3e15fd1e934c0e63cf1eec61a9e3a41f956d66ca0ad1059df02,896321,2006283.0,224.0,0.000112,1,2,223
2025-05-11 22:58:45,df107893961154ad59477814088e3806924db2352e396aed4ab557a7eb99ee30,896321,2064807.0,224.0,0.000108,1,2,223
2025-05-11 22:58:45,203cb8082ea0df3a8ec2a3136f0e34fd57371a5149203c06e7952bf591ad4259,896321,10577196.0,464.0,4.4e-05,1,9,447
2025-05-11 22:58:45,e3fa9abff7800d9ce98abf8cea91b805dc22a44d79d2cc73552381dc5559364a,896321,160392.0,197.0,0.001228,1,2,206
2025-05-11 22:58:45,1b2a8178452ab6214f05e866065af319c3398103e7adcc5dfc5ded9446bfb43f,896321,1380475.0,480.0,0.000348,2,6,537
2025-05-11 22:58:45,53e83ce33be59d3c0a1a7a965f2e74229f287a69f5ea53b7198267a108fdc016,896321,530199.0,468.0,0.000883,2,6,525
2025-05-17 10:07:32,470b926e9be5c097140808dddcabf530441424a48d5317e7ca62b8541fe44c9e,897085,417980.0,1240.0,0.002967,1,6,383
2025-05-17 10:07:32,279a28055674b02232d498551c502ea86cfa0eae7242b1196393fad03b457d8e,897085,80258.0,1240.0,0.01545,1,6,382
2025-05-17 10:07:32,fdd4d9bc2d68c225467c246994e6d153e22ac7be916d2bad4757955a4ab6da6a,897085,76280.0,1240.0,0.016256,1,6,383
2025-05-17 10:07:32,9c9529437e8e56132d2879dc043cace9018567b6e2ec6be4d16fa3d0251a413a,897085,1031510.0,1240.0,0.001202,1,6,383
2025-05-17 10:07:32,53ed0cf98f98eff60e28ea17d028c4fe935dabe079d1658caff95181c27d752c,897085,1106585.0,1217.0,0.0011,2,2,676
2025-05-17 10:07:32,cda1f4a992e819797697ad0953ff6c5eba5d6680e63dcef223b524cb083e4793,897085,14071989.0,1213.0,8.6e-05,2,2,675
2025-05-17 10:07:32,a635627d063528846fe91ea63d0a9f4387bfb25bed9d90a15b040ebe8d981ba5,897085,34727640.0,10066.0,0.00029,16,6,5474
2025-05-17 10:07:32,b9652838d7f8babf101ab12546ef9876565276e6f46151bd09d895262207883a,897085,1583860.0,913.0,0.000576,1,3,412
2025-05-17 10:07:32,97c9e0ee38cdd4af5dde417599fbfa0f5403906e94e537326f35ad39d9a135f3,897085,156677.0,909.0,0.005802,1,3,410
2025-05-17 10:07:32,f6223bbbc69321f596bf54e773c33516a8d7657a8c5f4631322f53817da8c8db,897085,518880.0,1116.0,0.002151,1,5,352
2025-05-17 10:07:32,29f7065a3b83d5bfcad864ce3fc0b15b01df4d9ca59ad8e6edde1103a4af355c,897085,258882.0,1116.0,0.004311,1,5,351
2025-05-17 10:07:32,2fe1a3295439a50c775e982f6ac439f9daba8be34a7b97a84e581817c438c039,897085,1126289.0,1571.0,0.001395,1,2,380
2025-05-17 10:07:32,424994ff171ab808228b1284b5767c6e6a5e8e938a47f345434ee9314f507c03,897085,115438430.0,831.0,7e-06,1,2,392
2025-05-17 10:07:32,681d5aed9ef2b8de479926a7062a9b0e239b8a7bf89bdc6218ee8a1688bfb6d1,897085,54097146.0,1538.0,2.8e-05,1,2,372
2025-05-17 10:07:32,c3eae5bc707cc5b828f3243b4c33aebd97991a3632adaa06fe102dc5f135a4bd,897085,2077994.0,2150.0,0.001035,3,2,520
2025-05-17 10:07:32,47d7612ef1acb680f6c197a5c3f94cb8a2cc73330bee3352f5f9e25b7e9bfe5f,897085,961012.0,583.0,0.000607,1,2,222
2025-05-17 10:07:32,b2442c0a239d51c2173d8ad84580ca45bd4041cbbc16bcea980e39ea126c5823,897085,204713.0,583.0,0.002848,1,2,223
2025-05-17 10:07:32,8e7c235ff1482047455c754bfa32da6998aa084959cbca019a84f0933d78e712,897085,22804.0,583.0,0.025566,1,2,222
2025-05-17 10:07:32,8361f4ed19d4c3fa65d965929a3128b3209faa6d1a70fcb53b30d68170cbbfb6,897085,2053605.0,786.0,0.000383,1,2,381
2025-05-17 10:07:32,cfe94d4b6431d5c72cf748e48169c66ae27c5fb6f73661f1f3f6cc23ea07fa5c,897085,6051020.0,786.0,0.00013,1,2,381
2025-05-17 10:07:32,6b487448cb2c3f9ffc698c73f51278f298bafa472c080cadbfc5c308a5fa1058,897085,9772053.0,786.0,8e-05,1,2,381
2025-05-17 10:07:32,60bd65b91d0f063a3d9838f537c1124d918cbb27fc37b3a498f8fe802615a8a9,897085,3604563.0,782.0,0.000217,1,2,379
2025-05-17 10:07:32,7be0604ec98a24c23292ca9a82170b269a596bbf993ba0f01952e4cd52eee695,897085,31880003.0,782.0,2.5e-05,1,2,381
2025-05-17 10:07:32,0bc3306ce1c71726fdda8bb8a8161d31d5167f67640764d1827addd521ca4106,897085,1505366.0,782.0,0.000519,1,2,380
2025-05-17 10:07:32,71b5eaa671a75401553103cb730bd4484784a1194406a373f6fb9c767cc1adf3,897085,2734391.0,2011.0,0.000735,2,2,677
2025-05-17 10:07:32,3d67173a18d722b5cd577178e2f66e95ab4b261e56e9b2c850b1ccd36f276cc4,897085,378678.0,1068.0,0.00282,1,5,339
2025-05-17 10:07:32,09905e60a4ddb24da34acaf8e28f8b347f85f0335e563f7054c84c243fa4da7d,897085,110112.0,1068.0,0.009699,1,5,339
2025-05-17 10:07:32,5c4a9e08a698e189e42300317cdf744ed46749da32175c8c9aebbe7de15ed500,897085,1100532.0,1068.0,0.00097,1,5,340
2025-05-17 10:07:32,e328fd1e68d76e326fc5c34f9b7316501dcb89564ef051d9cfa9b5bc236945f2,897085,60464.0,584.0,0.009659,1,2,222
2025-05-17 10:07:32,d056cb6a1a3889691302b7cc6f4581f92611a079f9579751d67d957316a479be,897085,117411.0,584.0,0.004974,1,2,222
2025-05-17 10:07:32,795f18c1a9389715bf0dddce0a3f0dd571635a2a19a5f4a9fb1841b23f1c82a7,897085,4790449.0,584.0,0.000122,1,2,223
2025-05-17 10:07:32,d7597798f02f1f7ee86aa828868aa2277e527cd564628c883df92f06c87f4779,897085,9792307.0,584.0,6e-05,1,2,222
2025-05-17 10:07:32,0a063ea2a389d03c0657058f51cf7da3611bd008fc0548a852e91fe2b8cb1956,897085,1250021.0,584.0,0.000467,1,2,223
2025-05-17 10:07:32,9a9c1dbd8542245806dc53e4f5056de6f03da7f94df1088814950840d4eb5f38,897085,419054.0,584.0,0.001394,1,2,222
2025-05-17 10:07:32,834a77d20251247e4f5ea76dcec76aaa1cf12a34b94a0a35fa02c6de1385ec11,897085,155850.0,2150.0,0.013795,3,2,519
2025-05-17 10:07:32,2eeee0d30570a18c6b2f44afe299c597039eb3bde0d002de8d84b019bf07b791,897085,1121447.0,564.0,0.000503,1,1,217
2025-05-17 10:07:32,a5ad7edf9c63f210cd6071e968dc93d9cc62ccfa09ac4e6a0b2f9e6be51bc9ee,897085,3452399.0,2800.0,0.000811,2,2,674
2025-05-17 10:07:32,1ae7268ec486bfecbed69c9bef5bb0d67c631d085c1c135aff0341a590032bdf,897085,268575.0,424.0,0.001579,1,1,153
2025-05-17 10:07:32,3b8296143e1c8e3c62ecbd67f3c23d9fad122501972f3525886f6f76a1fb42a7,897085,402400.0,668.0,0.00166,2,1,260
2025-05-17 10:07:32,004b5bd69b40cf63f0190066d7ce39ed951f9dfdf714420781e9824f1ff3b3ff,897085,4318.0,848.0,0.196387,1,4,284
2025-05-17 10:07:32,0defee72dfcfad9aec2ca9568bacb5fbedb89ca7b39334f651515f4efa7ba617,897085,5000.0,848.0,0.1696,1,4,284
2025-05-17 10:07:32,63b6ac9d296269fcdb6f14e39f8e1660f320074b8a10f744acc9ddf38efcc10f,897085,4874.0,848.0,0.173984,1,4,285
2025-05-17 10:07:32,6ba5ad4200c67a7b7be8db628e72c87c68fb43f61802d9acad599c779c929d3e,897085,1145748.0,1167.0,0.001019,3,2,520
2025-05-17 10:07:32,4ee87d8eb6cce9ae7d8a6e6ecf9aa2245c9af036616eb687bd463d2214c96749,897085,48135.0,565.0,0.011738,1,1,195
2025-05-17 10:07:32,3b0df79e675159fa379a927eebdb330c5266ef7a75524de652612b3759275859,897085,30615449.0,1806.0,5.9e-05,1,1,191
2025-05-17 10:07:32,b2b3cba1f9955b08313ed99b18a9fd3f71fbbb715d785cb5da4042df270e1e53,897085,36181609.0,3400.0,9.4e-05,1,32,1215
2025-05-17 10:07:32,df0f06c836f871d81151061f81109e0d7cf67fe9a5fc4ce9145e1d40a2c6904f,897085,99753.0,696.0,0.006977,1,1,305
2025-05-17 10:07:32,f50764a15929e6db1b7dfcd82e93146c2fc0440457e8b530f55daa36663e75d3,897085,113825.0,678.0,0.005957,1,1,194
2025-05-17 10:07:32,69b6bae3888874cc41e261d2f81abc93ccc153b6720359277e15b4dd81be9e2d,897085,50292498.0,2020.0,4e-05,1,1,191
2025-05-17 10:07:32,17e9b444fd43ca3d102f5bd28e95936fc063f07765f0665efcc935467e9c0945,897085,56410257.0,3937.0,7e-05,1,38,1394
2025-05-17 10:07:32,eb7bec0f3ef41d307ac9e8e666ef931872544ebb5bdaa5627341af5e791a3f06,897085,34982215.0,2297.0,6.6e-05,1,1,191
2025-05-17 10:07:32,f1c0ac430651798e43c610a427ce5e8a83a5679b0d4a39956151df2bf541fead,897085,38022941.0,4636.0,0.000122,1,46,1627
2025-05-17 10:07:32,4d4abd9ab7eb22d7e035eab7305cd3376a19fc1c158bc9ad89d5f630c245453f,897085,939877.0,1072.0,0.001141,2,2,418
2025-05-17 10:07:32,608bb52b5f4cb7d2451e4071d58d2868115c0503b174cfac6deef4a750ed4f81,897085,822614.0,1291.0,0.001569,3,1,488
2025-05-17 10:07:32,4a481e392ad714bdd1c3c742c177301bb58d9ccdd2c2f58c4494d17e67f6d511,897085,30484088.0,2483.0,8.1e-05,1,1,191
2025-05-17 10:07:32,d040b5f585a7e2c74c3f54481728c13a66d564d3dfde9d529c8c80d76ac5ab2e,897085,35706769.0,5101.0,0.000143,1,50,1782
2025-05-17 10:07:32,d5b5718712bac4bb686fb255634c070a79a1d64c95d6b25714b841827b8d033f,897085,35305532.0,2660.0,7.5e-05,1,1,191
2025-05-17 10:07:32,e5e915eda60c35202fdb049a07d2ed74a532d96888403f1b9a6402df29f061b1,897085,40014260.0,5539.0,0.000138,1,55,1928
2025-05-17 10:07:32,2b57395926d176450fd72d90ba6deadb57c83d817c6629b8b64f2b99bfba847a,897085,3615069.0,705.0,0.000195,1,2,249
2025-05-17 10:07:32,567c03b2e5788aafcaf3eb89597d55776a919641de0920e0de5f4c4c84d34b35,897085,849060.0,940.0,0.001107,1,2,224
2025-05-17 10:07:32,1c7140c87e7108d750083f0e0826f2acb1972981020ac32ae1d22d1533ec2604,897085,31365615.0,2224.0,7.1e-05,1,1,191
2025-05-17 10:07:32,dc0fbd5f315ee5f46663a3cd9ac944c2bde52c2737cafeaa3b28d32484855323,897085,35227495.0,4461.0,0.000127,1,44,1564
2025-05-17 10:07:32,978e2253c63f320528df5d8f34957e6ed7dc1d622005c255651fc124e259355b,897085,31181412.0,2647.0,8.5e-05,1,1,191
2025-05-17 10:07:32,861b26386b200cf0a56a76d8d2cf168406af092ee303b33396ce2bbb2a4ad13c,897085,35675391.0,5528.0,0.000155,1,55,1919
2025-05-17 10:07:32,ce5a9e2a594c6cf04683db3ed63b8dfb3c21e399bdab05e9d032df91cddf94c1,897085,34957997.0,5813.0,0.000166,1,1,191
2025-05-17 10:07:32,9f8c004e73f0c97fead77ae25aed1261d571be9e63b1f40397aa26bd3dad881e,897085,36898797.0,2270.0,6.2e-05,1,54,1897
2025-05-17 10:07:32,ee81d4a1a25f5555e320c5b5a36d456a1e9c44cc2d0fe23d7b7cc653e8213f6a,897085,59725513.0,2878.0,4.8e-05,1,1,191
2025-05-17 10:07:32,3d281671e6f797db223494b56fe858261e3ab1097e3f61c50f01f774c190d1c1,897085,70246478.0,6884.0,9.8e-05,2,63,2378
2025-05-17 10:07:32,777c607f4d1b611a11084d4f6c148c2a8eba0954840c7699fd5cd8a9d80fb23b,897085,47866.0,592.0,0.012368,1,2,222
2025-05-17 10:07:32,10d623a895e0e6659d0dafee626f320022dc2e1408061ff217f499b54a6d5943,897085,31795914.0,1955.0,6.1e-05,1,1,191
2025-05-17 10:07:32,d7b60e6c3b6d5d721e9e2c52e569b108b34ae60f9e051fc3a00d3c18235d3aaa,897085,35122894.0,3789.0,0.000108,1,37,1339
2025-05-17 10:07:32,1f66802553061274b59fd195a85c1f8286df15a1779e35b8f5dd8f19e8a31aa7,897085,109842491.0,1159.0,1.1e-05,3,2,519
2025-05-17 10:07:32,af8c7ec52ee0ae45a5d695b379ff236f487c1927a791cb434e218a3aa0a43ac2,897085,221467.0,605.0,0.002732,1,2,225
2025-05-17 10:07:32,ca0c1e3ab419a45b2fe48335c35ce79c386c85e57d8c6a941c0b01f7910e31b8,897085,805712.0,929.0,0.001153,2,2,383
2025-05-17 10:07:32,a9bf3d931d0f2f04a0bc8b0c077174a709c571479c85dee406db54454c75b464,897085,32930428.0,722.0,2.2e-05,1,1,191
2025-05-17 10:07:32,1a563a66a3539b0c7852a0096fed26263b9166f99bbcadabb24020abd1488acf,897085,35121411.0,5270.0,0.00015,1,39,1396
2025-05-17 10:07:32,d300cb6365a66202fa8db47111694124781f96295f096d6d23a7cf66010ec9d0,897085,1660029.0,513.0,0.000309,1,1,203
2025-05-17 10:07:32,95aa9680733c478f90450f9eefc89a5eaab514c821a8d8d0c88b4ec81e03d5b4,897085,4405.0,875.0,0.198638,1,1,191
2025-05-17 10:07:32,37f586168a4810ab55b01fbb83dd7295d24bcb7ebead28c3cb001a05ba48c088,897085,28121399.0,1472.0,5.2e-05,1,1,191
2025-05-17 10:07:32,497874ddceb4f9152b374332812d39112515418492bf814db84a97a63af3dcc9,897085,35119195.0,7486.0,0.000213,1,61,2101
2025-05-17 10:07:32,e3000cf144421e1403e7900741c16a4735a388b12d38d1bc48bf5257d5931f53,897085,2016589.0,724.0,0.000359,1,3,254
2025-05-17 10:07:32,63d28dcf0439808536812a9c268e3564a80128eca6bd6ea3f6f236cc7711f885,897085,1250017.0,1293.0,0.001034,2,4,407
2025-05-17 10:07:32,a36934497fb20a2ded96b989d179d1b3c7f4153c1882381b881d72dc651dcdc2,897085,9070995111.0,19070.0,2e-06,31,7,10407
2025-05-17 10:07:32,a8b2975b4eed69a1c7f6ef6680ee11e109c8b032aa293123d5f38c29b224d5f6,897085,509656.0,3168.0,0.006216,7,8,1100
2025-05-17 10:07:32,3426f741fda6bfe95d59b812d6340558e7918d1ae0c92cbc01a11bcd8b14ac25,897085,459541.0,594.0,0.001293,1,2,222
2025-05-17 10:07:32,5044df543820790fe1ed106dd6ef5847351451f3269e558947399b44c5fbf195,897085,3067187.0,991.0,0.000323,1,5,316
2025-05-17 10:07:32,7dd287837f3444a95d0b477373f99a939ec6a949f5f40a4fead9fad91406a953,897085,461445.0,595.0,0.001289,1,2,222
2025-05-17 10:07:32,d101b8a7815681113f670512198d7f83a00a80090943f119b1c1d660081e6551,897085,1649098.0,595.0,0.000361,1,2,222
2025-05-17 10:07:32,5daac298698ae733ed4b367140876bb0d25d355174ec84b5782ec120df8d4bec,897085,1227106.0,1553.0,0.001266,2,2,368
2025-05-17 10:07:32,301581ab10c2b05b4eb4168944f4defdf44a5f94e60dcc8a8df86c1468426baa,897085,786847202.0,1456.0,2e-06,1,8,426
2025-05-17 10:07:32,811d1829a428df54bc70c1e6c13a0398939c968f26eeb6b3d9f2472ea76ebd80,897085,1497095.0,2410.0,0.00161,6,4,1054
2025-05-17 10:07:32,7e8e9b4cd133c9ea3e203bef2d7db59f61c1c847639927b0f97698081470bb5f,897085,830863349.0,1587.0,2e-06,1,9,457
2025-05-17 10:07:32,a01e6cbdad1d210b097269ced1a2b62e5da0c024cfb4407654de65ea81e9c078,897085,875944344.0,1528.0,2e-06,1,9,443
2025-05-17 10:07:32,4d491574fd72e5a16e130a6a77c24b4b9ffd95a09def6eb994d5bb131f65f2f9,897085,1320132.0,1960.0,0.001485,3,5,597
2025-05-17 10:07:32,bcc55eb4972eeb5c149c8d6df996c1961b6cd4096253f9f5e5ac35317c4d2eaf,897085,1323879.0,810.0,0.000612,3,2,419
2025-05-17 10:07:32,8c0f2b0acf33a529d4e272869692e4f8be532886f8117034c4103ae351ee51e1,897085,21737109.0,714.0,3.3e-05,2,1,269
2025-05-17 10:07:32,94ca8f6501530cff97f7da0f144b0abe1eca346474da28862fc649763f14f24f,897085,1136067.0,1454.0,0.00128,3,2,518
2025-05-17 10:07:32,1392392fbb4dc496ef8a505f5652d30b3dd5e118ebae35afbf20b900db8d4f29,897085,34368403.0,2069.0,6e-05,1,1,191
2025-05-17 10:07:32,4e8d98532f7256b490de3164ee54c10cd2dc1a51c2e0525257e2f50d546163b2,897085,65858.0,2140.0,0.032494,1,1,195
2025-05-17 10:07:32,5474d59e006b8d3a32c5e8ae19d8dbf42b960dfd66e7f40e1c832a0b36eae239,897085,38757394.0,4060.0,0.000105,1,40,1435
2025-05-11 15:49:37,5414fc8cdacedda2cbc1a99a2a7fb7629684c6bd8e990be311f234cd3874fb79,896276,3303.0,230.0,0.069634,2,3,361
2025-05-11 15:49:37,d76bc78f11d7b666a776deecc0372e819afa3eba229b0f3bfae3bbb9bb939cf9,896276,77068.0,225.0,0.002919,1,2,224
2025-05-11 15:49:37,5c0255a11196e0c0428bb6e1f5a2724ee163fd8fcf66826ebdb85a05d8cf0a4f,896276,4434151.0,225.0,5.1e-05,1,2,224
2025-05-11 15:49:37,7f9a040332fa43176795edfa66dda77b4b6c6620a5a249b6b8fba1c7103ca0ca,896276,906491.0,224.0,0.000247,1,2,223
2025-05-11 15:49:37,dff4ce8a04fdba60410745665abf0c0f5f9ba2e857c2e4211ebf1aa2801b17ca,896276,602477.0,224.0,0.000372,1,2,223
2025-05-11 15:49:37,4ca455a7b7ecccec83e94198547edcda66818abf40765e9be7eb6a47b093809c,896276,1973681.0,224.0,0.000113,1,2,223
2025-05-11 15:49:37,e082ad2705439b5201cba11aacf67485053e83729b27f2d9608dae0bfff9f24c,896276,232150.0,224.0,0.000965,1,2,223
2025-05-11 15:49:37,fa758b6558a4e9a53972bfbe813a758bbf5ef4084e53baaf371cafbeb1c10748,896276,879112.0,224.0,0.000255,1,2,223
2025-05-11 15:49:37,ac0d47067da93a8d099f7a43f31c6bca2c83dafa2c69582f463de2f3ee672a1c,896276,4328158.0,224.0,5.2e-05,1,2,223
2025-05-11 15:49:37,50b47735f33d37b19255b4cd5ec9ad95396d9088b4a82d66fac5e53c5a83a833,896276,648984086.0,223.0,0.0,1,2,222
2025-05-11 15:49:37,37607829d9ec2bb8ac26a5983d6e0b1241a7a19677d650b62876ae200987a82e,896276,347285.0,223.0,0.000642,1,2,222
2025-05-11 15:49:37,a21f53216d0e745b53480cf00f4ae216205f130cabdff745e0a39f1ca165482e,896276,24989955.0,217.0,9e-06,1,2,486
2025-05-11 15:49:37,4df81a66f0b306bb9cccbdde46d84167995849ab20fed48fa4e6045b2da33753,896276,2019581.0,201.0,0.0001,1,1,200
2025-05-11 15:49:37,9f9a84e2a585eacdc5b89a60e6fc9e7af4b1f5029ed8831aae5b956784f664a1,896276,39230.0,198.0,0.005047,1,3,248
2025-05-11 15:49:37,c13245ee5d0efd4b0aab8fa4579aed4697a06895a02a73e1983cc4fe9c99831c,896276,2891528.0,193.0,6.7e-05,1,2,383
2025-05-11 15:49:37,5a6291956e186569d9e698f798a56095476bf3d21c3ec039bbb770e8edbeeff6,896276,3264562.0,190.0,5.8e-05,1,2,379
2025-05-11 15:49:37,eabf0553dff753d09227bb568dacfa05948ff15cfa46adc541803c22160757ea,896276,47379046.0,190.0,4e-06,1,2,381
2025-05-11 15:49:37,62b903a90fd928cf04d8bbf7dcfd4a2c06eba7f30ec23918a950654ce67e4769,896276,337930.0,285.0,0.000843,1,2,283
2025-05-11 15:49:37,0ede4aa8f0a7010d146c793a7c024aa84aa876a69de8b4abb1fd5022c09eb4fc,896276,338215.0,285.0,0.000843,1,2,284
2025-05-11 15:49:37,458642b71c832bad39469bbe9a8c1d22887fa570f4c7d496f6343ff880b1c2f1,896276,7978158.0,181.0,2.3e-05,2,1,342
2025-05-11 15:49:37,62d2fa99da73627f36485034bfe48a0ec14db99cd50f20d71c68ddde4b795703,896276,551725.0,181.0,0.000328,2,1,342
2025-05-11 15:49:37,178ab34f063bab81d986fc302289091beb48afaab5034095e84b46e0709a958c,896276,168494.0,178.0,0.001056,2,1,339
2025-05-11 15:49:37,2c7397efc92b31c187cd916e0495d8e593a93fcd02f8ff699d8ae88c03315c99,896276,1091306.0,285.0,0.000261,1,2,283
2025-05-11 15:49:37,c8cf35a040d268d221ae0d3ff742c7f3a04ab5a21f703bc344993528f5f6a1b8,896276,1091591.0,285.0,0.000261,1,2,283
2025-05-11 15:49:37,d511e2ba118ce30ffed120729bc9cae2903ed05ce212173a5e88298d08eefa95,896276,1091876.0,285.0,0.000261,1,2,284
2025-05-11 15:49:37,e1e363f89160e36fc6b23c53901ae2ad19c684215df42db2fc6e9a1fde36bd2e,896276,247501.0,166.0,0.000671,1,2,247
2025-05-11 15:49:37,3f0183117ff958bf9d3a92a6d369066167665862e074d774892de0161b3a7007,896276,489385.0,166.0,0.000339,1,2,247
2025-05-11 15:49:37,99200b4ac21399dfcbf5eb9174e3f9253d1454ce46bcfec91f784ddf6c469168,896276,196095010.0,155.0,1e-06,1,2,205
2025-05-11 15:49:37,d34938a31a9fda6bffdb240abf8ca8359fd09f300311e15a40622e7958657052,896276,7504040.0,155.0,2.1e-05,1,2,205
2025-05-11 15:49:37,3ab344d3441c057a99639137e1ca1cff4d10fbc1c4b24401d49c51995ee2c46c,896276,758917.0,452.0,0.000596,6,1,933
2025-05-11 15:49:37,0576e0b5ddd0cca4c7784888c0726d126212c9dc2869861f8fe4969d30b45fbe,896276,1226956.0,224.0,0.000183,1,2,222
2025-05-11 15:49:37,e3a95080963e3a64699d022862b743f7461448181ec9e6f60cb50ed00ffed582,896276,1236759.0,224.0,0.000181,1,2,223
2025-05-11 15:49:37,3d55af4307a24f6084cb7f62c652cad86a630cb240a1bdb49295b3e6d17d751e,896276,29666.0,146.0,0.004921,1,2,196
2025-05-11 15:49:37,b508a71bab22827d35213efefcdf3971115eb67a97edc306e3a0759da4282187,896276,856395.0,143.0,0.000167,1,2,193
2025-05-11 15:49:37,27a51b5353e638f15eb37ae3ced1c27f1a1f78842f75ab1dc485410a8bf67c13,896276,4999857.0,143.0,2.9e-05,1,2,193
2025-05-11 15:49:37,4fa70e8422189a6c4651cbf7f3d3bd38890cdabb276678e38da1f8062f7342d8,896276,37059.0,285.0,0.00769,1,2,283
2025-05-11 15:49:37,fd0ac459d1db8cbeb9534fb1d750f2b575fe8258c35cc2bec5a46f9aaef321af,896276,143500.0,191.0,0.001331,1,1,189
2025-05-11 15:49:37,8ddb74ace9c2154b6158e727e15b6a81f2b064403e1dc143487551795cd4a897,896276,424248.0,227.0,0.000535,1,2,226
2025-05-11 15:49:37,dd00e333c9262578bdbb0b118f9cd8812de74afefae4ccd83cba87bca2273fc8,896276,1496517.0,962.0,0.000643,13,2,2003
2025-05-11 15:49:37,c33b559734732ec9eda2c0150b13ca9536cb30fb43f696ed436fe159b20a6967,896276,967826.0,272.0,0.000281,2,4,432
2025-05-11 15:49:37,fb7a5a2d5b2e90284df8e6ec898c3655ac04f3bb6a539b45a9ebb65987b35fb2,896276,2892149.0,225.0,7.8e-05,1,2,223
2025-05-11 15:49:37,e170610a8ae02723fd38aed0225b0613634e6db967f3165971ea99d48bdecf45,896276,2901974.0,224.0,7.7e-05,1,2,222
2025-05-11 15:49:37,b12b78bb16087fcb7f5c134dbc3278d1e2233951b8c417fe5d1fda08771ff16d,896276,2911798.0,224.0,7.7e-05,1,2,223
2025-05-11 15:49:37,3008f326c336a439cd97fbdec36fdb559595bd6ce1882217712620b69eebb341,896276,67739266.0,133.0,2e-06,1,2,183
2025-05-11 15:49:37,b16f3346df0d1051c19e193c1ec04a37aaec679bd210ca4d7dfd07c2c021b94e,896276,199999868.0,132.0,1e-06,1,2,182
2025-05-11 15:49:37,5e7e820aa47c95b848026f3047f2fa68fc44616d72d2f57c625fb8a735fe136b,896276,538839.0,255.0,0.000473,1,3,253
2025-05-11 15:49:37,625d6cf41b88f41cd322ea684c01d90b077610f6abef1ed7a0f961df53fc5ab0,896276,1173163.0,248.0,0.000211,3,1,489
2025-05-11 15:49:37,02dd2e59b8d6134c246800f197ef537d253c536fea27347a6e2705da85a3849e,896276,95536.0,122.0,0.001277,1,1,236
2025-05-11 15:49:37,602af3db1b8316a8f7cb25a131534443a8af6ee68afb2397e47d1c561d9a88ac,896276,350472.0,235.0,0.000671,1,2,233
2025-05-11 15:49:37,c0c2580d2e6682b1b777081474a772be3ab4116b0a05260b6fbd3970d7d239b7,896276,135946.0,29054.0,0.213717,500,1,53557
2025-05-11 15:49:37,8cc3f3a3d039cb7b2672298bab0df523c9acfbd1770995dfbeffa0c5c0985e7c,896276,9911.0,1852.0,0.186863,31,1,3372
2025-05-11 15:49:37,06add61ec60b9f64e5a17402ca599b8c25746000208f91c8278216021777dae9,896276,57540.0,460.0,0.007994,6,2,754
2025-05-11 15:49:37,4f77fafbdce632f11f31d54d9e89189e62474de0be3a2b454b822a34c5896eca,896276,478241.0,339.0,0.000709,2,1,336
2025-05-11 15:49:37,f54fbb5d39ecdbfe30b7c322c007bbdb4c7d970d6e4267d73f667299e6d08cfd,896276,925785.0,224.0,0.000242,1,2,222
2025-05-11 15:49:37,42a7c5e8ba6c47f2482e0cc4241b97e80ccdcc906576af5c20cf981488e795d4,896276,1723590.0,112.0,6.5e-05,1,1,162
2025-05-11 15:49:37,44701711c2aadf14785769eae9c31c7066097ac1eb0039421e272ee05088d8cf,896276,73490.0,112.0,0.001524,1,1,162
2025-05-11 15:49:37,c6fb907152ec90c4685f481420e09e6691e2642b1c1867c321ab2e748fb43e55,896276,1833235.0,224.0,0.000122,1,2,222
2025-05-11 15:49:37,e348b3209b7f9741cdb25275a0dcd481512ec0bc2badcf5a41ef37c829c7c248,896276,174776.0,224.0,0.001282,1,2,222
2025-05-11 15:49:37,b094e8554e95d2af09b74fd8322fa8e02ed206c8ccfa4250ff1798dca171dc28,896276,945079.0,224.0,0.000237,1,2,222
2025-05-11 15:49:37,b24170484272a07125afcb3a2bcc5eb64150b29a93da24ab26b10a2fb4183a1c,896276,10176.0,111.0,0.010908,1,1,192
2025-05-11 15:49:37,01b112b02f12996cf615c3b6015756b1ed4a978a0d80c9d37cafb148ebe33297,896276,518792.0,214.0,0.000412,2,2,312
2025-05-11 15:49:37,dead68a481021e6dc3440ec0aaca3fbc2e3392f8ddc0d603ba7c83762191c0ab,896276,14213.0,59277.0,4.170618,1,2,234346
2025-05-11 15:49:37,2dc079f65b6c629f32f6257b15b25a79e3156076e680b68350510bc04071170b,896276,73490.0,112.0,0.001524,1,1,162
2025-05-11 15:49:37,88748bc95e8279fbd5086da942b1989da78bb4b8c9df6a47e52d7347b9d17d7e,896276,147204.0,155.0,0.001053,1,2,205
2025-05-11 15:49:37,b4be0056eb3daddc5c29d2d7a791f95735493a4ce98291d815bc65bca9fefb65,896276,147359.0,170.0,0.001154,2,1,269
2025-05-11 15:49:37,df30e102c450cec98e7f9a27531328deeb1e0404617c3717042a4985c7d0b3ca,896276,148195.0,198.0,0.001336,1,3,248
2025-05-11 15:49:37,51d05f03fb5e4ba81213483988b683715575a7319bb75acc7ade3168b961bc8d,896276,78576404.0,195.0,2e-06,1,2,359
2025-05-11 15:49:37,590c889874d56d867be897da01c41965ba7cbd92272fe92276ba35123007cd1c,896276,9662960.0,31529.0,0.003263,459,1,68200
2025-05-11 15:49:37,b80f1c8e9bb9b7d5622f318154ee0ac277397cc96dc09aaa822d42532b585446,896276,1487484.0,272.0,0.000183,3,2,419
2025-05-11 15:49:37,8458a85be5b6a8826b2af1c5abc5632a9c624785564d4f930c30c9a220686ec9,896276,2155675.0,348.0,0.000161,4,2,665
2025-05-11 15:49:37,41ab5c1ac30cce92b71e1a0f26da341ea6731d88e1291c2630650edd111f2df0,896276,1012773.0,257.0,0.000254,2,2,416
2025-05-11 15:49:37,4025d9dc4589962d34d59d74741163056bb10270fc7d0d5ff73cdbaffc09d8a1,896276,23726.0,257.0,0.010832,2,2,416
2025-05-11 15:49:37,31430a8e38851773be461ac38d57eba26fae6335171ea44cde52eb6b42de30d4,896276,330.0,168.0,0.509091,1,2,333
2025-05-11 15:49:37,9e62d5facc6697d869d4ce81d3270afcb13bfc269b26c9e62a91001cd5e5e3c3,896276,330.0,168.0,0.509091,1,2,333
2025-05-11 15:49:37,63f02234a5f242d9bd223e1287e8a06a2f738d79b05899f2cb472e357710c1be,896276,330.0,168.0,0.509091,1,2,333
2025-05-11 15:49:37,8d4544eb2407e0922fcfe5f5a77ec8d5bb9b79ef4466734f21820d0c3ab172b6,896276,330.0,168.0,0.509091,1,2,333
2025-05-11 15:49:37,8cc6b524a0b81780ee170c7d2c8ce072071d6db9fd85b93199b306bb69e2a5ae,896276,330.0,168.0,0.509091,1,2,333
2025-05-11 15:49:37,38eb8e6bb00ddda13970694956609d1487cc183680589c97b15db84aa35edca9,896276,330.0,168.0,0.509091,1,2,333
2025-05-11 15:49:37,fc8fe9b7cbc4673deaaec41f8299385653788259d783fda23f7ba49c4120f8a7,896276,330.0,168.0,0.509091,1,2,333
2025-05-11 15:49:37,05857bb8ce8f5fbb8105688ded5b422ee39d71d54ba29976a99ba8cdee2fa5a6,896276,330.0,168.0,0.509091,1,2,333
2025-05-11 15:49:37,797cb70a227ca68f604556113f81de17080a81aea040bceaea56bf5de5d646a5,896276,330.0,168.0,0.509091,1,2,333
2025-05-11 15:49:37,6751640c94c8278726b9e5a7f8846fad045f851d2a178c35c39d42dfc71b4997,896276,330.0,168.0,0.509091,1,2,333
2025-05-11 15:49:37,143d31d4662b0626843048ab99c8e1a1bcd5ebea629384d722b4b90c14acfb92,896276,330.0,168.0,0.509091,1,2,333
2025-05-11 15:49:37,d668a9506e5c0f9cd9a8ca96d0da640b01e9d7252bd01520b00afee467ec4485,896276,330.0,168.0,0.509091,1,2,333
2025-05-11 15:49:37,1023c6c637c11b520a6b47041041e05ecca9421dee1d41757fd2b6e6b3a42083,896276,330.0,168.0,0.509091,1,2,333
2025-05-11 15:49:37,c1fbbafc7905247b7f6cac033da57c31102f5756c4051ee74f7466f516506a46,896276,330.0,168.0,0.509091,1,2,333
2025-05-11 15:49:37,41c97e0df2ddad4cc106d9c14477b1c487a67756a34c1449f23143b863870846,896276,330.0,168.0,0.509091,1,2,333
2025-05-11 15:49:37,a28778bb545e4270521ebebad180cfa08bc70796d4fa51c869b78d4928423538,896276,330.0,168.0,0.509091,1,2,333
2025-05-11 15:49:37,385ee6b3465c357d5ab4876e82777bcf21d6c919957f7232af28d5058756b231,896276,330.0,168.0,0.509091,1,2,333
2025-05-11 15:49:37,6c9c692559e9000b19af84b475e775e5dd044ccf1fb5999c77b5698126217b2e,896276,330.0,168.0,0.509091,1,2,333
2025-05-11 15:49:37,4351213ea64ec3aa38808b2a579ec9259049091cc4eaf54accb6d2105f42b512,896276,330.0,168.0,0.509091,1,2,333
2025-05-11 15:49:37,d3c41bac12155deebc4912d0564576220aaf5ab8063eb16b1b6dd63cda28f600,896276,50703247.0,333.0,7e-06,1,8,410
2025-05-11 15:49:37,1d734bd8d3b3c44249947cceda5340e0a057a79c4481103df49c8f3d282a3bae,896276,1011951.0,234.0,0.000231,2,2,393
2025-05-11 15:49:37,17e9bb32505035d2456d3ee415d735fa7c95516c714c8fb501e4ca5ef8a22d38,896276,23225.0,229.0,0.00986,3,1,376
2025-05-11 15:49:37,4dc7fda0405e59cc3e34beda7a7dcab0f58aeec7a3d0cff439c10f5386cfd7df,896276,84854.0,146.0,0.001721,1,2,226
2025-05-11 15:49:37,051ea4a6faa57f61d0e12238fc3ca0e254d3e4ccc51b2bef84977b25dfdc7ae9,896276,191957.0,144.0,0.00075,1,2,193
2025-05-11 15:49:37,acf5315008c7c1c6c51b4db9bf89b635103f606d69520e1b19a8906f178b886a,896276,605438.0,144.0,0.000238,1,2,193
2025-05-11 15:49:37,971cab4bbe4d058c9d00030191cf33ef776abf1793e9a54942d38e6bcb7f2c32,896276,97168720.0,144.0,1e-06,1,2,193
2025-05-11 15:49:37,1e6c136949f7d2627cc3bc817fb03b5ca3741db4319ff73b22998cf778990bde,896276,5695234.0,350.0,6.1e-05,4,2,669
2025-05-11 15:49:37,ec5852c97c9f6e8a25fdae99a21384fa00ad69b1c826c9c1b58721f728eac91a,896276,1074388.0,418.0,0.000389,5,2,816
2025-05-13 04:23:38,aa92084770256c2ccda956b412d8036f866d06e3f28713ca7b1f249a37147934,896497,1855690.0,179.0,9.6e-05,1,2,234
2025-05-13 04:23:38,a942dcec19314b644a810bb3c999fc23a79bec2734aa8bdd594c22f92333754e,896497,1775080.0,537.0,0.000303,1,10,471
2025-05-13 04:23:38,eb5955ad865100b096cc048d35034e033a83ebbed170f9c0579add8c7d444aa0,896497,7722328.0,239.0,3.1e-05,1,3,254
2025-05-13 04:23:38,a3965a77569b9924df3990bb18ec007a66da701b43306246be75c5c43eac2c60,896497,10211950553.0,154.0,0.0,1,1,193
2025-05-13 04:23:38,b9facbfabb97cf544621d96f19c551e2ea70f53d7ff90e9895e25030cd3911cb,896497,67883.0,303.0,0.004464,1,3,299
2025-05-13 04:23:38,591796fb61eab25d9183980a99a94782e00923e818843de2eadd4a4e07a75bc7,896497,20681198.0,200.0,1e-05,1,2,222
2025-05-13 04:23:38,98a25050a7b5915edea1d5aed64502d3dc3ed82f7689ef726235f096695e57d2,896497,476500.0,1665.0,0.003494,2,1,341
2025-05-13 04:23:38,ea2ce8fe638e88965b91532690d42574bc6b778cd652ac6c8a1f17fb24d5e13e,896497,41447638.0,4648.0,0.000112,1,128,4306
2025-05-13 04:23:38,f8734db046fa3cc67f9660674b40bc2631a5dadbcae9b3b5ad301474a47340af,896497,268695.0,208.0,0.000774,1,2,194
2025-05-13 04:23:38,d3e80bab91f2f396f8b5e74865a4009d37a7b8c03c85fc1ce9c88948b0e6ba77,896497,374817.0,347.0,0.000926,2,1,566
2025-05-13 04:23:38,ee76b53211f39689a013f4f367a3a9576322830538235e36348e36e6dc2716a5,896497,541936.0,226.0,0.000417,1,2,235
2025-05-13 04:23:38,16d9f341e72b6028dd8ad308a3d7ac71c07c8ccc9306e5e13b30265679856408,896497,3926725.0,211.0,5.4e-05,1,2,223
2025-05-13 04:23:38,915cc63b88a8cfdf85611bcb109ca930a22c5a31f5d477b54813198ef728c6bc,896497,4073936.0,209.0,5.1e-05,1,2,222
2025-05-13 04:23:38,48c6e2235810f1c16ad955ecb34398c49af86a5803a7abc1bef361c07f1cc7c5,896497,19669.0,290.0,0.014744,1,1,322
2025-05-13 04:23:38,e46527f5091d74b9e9ad408e974ab9e204b7bc8f26dc2dfb3dfa341a4090a8ac,896497,135849705.0,153.0,1e-06,1,2,235
2025-05-13 04:23:38,398e79808a165bb8731fa2725494c23b49afe2df56981bb12cb4746dff67cb3b,896497,494340.0,529.0,0.00107,2,2,888
2025-05-13 04:23:38,944913a936dc0856f733af9835f08eeecc68d70bf2790b68dc1c5677b9dc711b,896497,667345.0,878.0,0.001316,4,1,1657
2025-05-13 04:23:38,dd8c9907e75c9619a148ba7eab8945985cc086587b9bc277f94fd0cd4b5ad27c,896497,2034037.0,2524.0,0.001241,12,2,4894
2025-05-13 04:23:38,dc636e898d639a15a250d0aa9aa95d1388f6c13751f918aa0993399433936673,896497,5634260.0,2523.0,0.000448,12,2,4890
2025-05-13 04:23:38,de15f654478b9d6a4211588ef6a0b161d50c8025ca216b5b86f7940151e5138d,896497,9799.0,328.0,0.033473,2,2,305
2025-05-13 04:23:38,f613350f0636fa452dfaef7ee76e60d07ed5d8cefa409586b7c357b0ca5a780e,896497,5075.0,271.0,0.053399,1,1,406
2025-05-13 04:23:38,d1eaa6c29dce1b9e10e83d3602336c2cca3a0a463c74e6e5e1c96c68dc8b95f7,896497,1466792.0,212.0,0.000145,1,2,234
2025-05-13 04:23:38,0db4d2f82992f5a05a03657a2e3a446c581c6e640edd09a788ee792a7c3747dc,896497,17409991.0,451.0,2.6e-05,2,3,449
2025-05-13 04:23:38,0c39713832de8373a9fcbcffbaead665b0754edca028ce74d06112b263c5ce4b,896497,134430.0,711.0,0.005289,4,5,726
2025-05-13 04:23:38,4c04d5f095c51cf819ea7570268ff4c8ac57fb64540aedf7e9e459b22286f156,896497,558693.0,254.0,0.000455,1,2,234
2025-05-13 04:23:38,c40fb9beef8b8fa414c0e8be42295a5fc1b0e38f62e1fcc57f522c7154c972c5,896497,1151151.0,1344.0,0.001168,11,1,1679
2025-05-13 04:23:38,d33dd5bc86ef7e62f563b6f58940d2db706c3220b9a0ab91de130579dbc39322,896497,1170878.0,657.0,0.000561,2,4,739
2025-05-13 04:23:38,1634badf1ae86799ee755d1e66bf538c5b52613d1933a2383208ea259d207fc8,896497,13075858.0,247.0,1.9e-05,1,2,222
2025-05-13 04:23:38,6eb14bdcf3b9dbf266d19b129dc69594b3aaf5be45e133cf9632f7146adb4461,896497,275755.0,292.0,0.001059,1,2,247
2025-05-13 04:23:38,eb10af577e70ee02700ce3418683007de10c535a98ab0ce45c083800926930b0,896497,280513.0,257.0,0.000916,1,2,222
2025-05-13 04:23:38,0b59b3d896848ea5b5141a1060161c31317977dbcd6e8ea6ab0f699006fcef13,896497,75335.0,502.0,0.006664,2,1,262
2025-05-13 04:23:38,b53d02cf3c42d03e3f7181ae8f89993bd02cd0303badaf0bbb203ab04e6682b5,896497,47221.0,224.0,0.004744,1,1,407
2025-05-13 04:23:38,a1442f5172085f4f0924e49c412a9e0b40987be572c5d929e13219fbab8618c2,896497,2976727.0,179.0,6e-05,1,2,234
2025-05-13 04:23:38,c8e30d1b1efd5b65067f56f89b54c1814ad6bd71920014e875f189ac5cf01240,896497,389804.0,313.0,0.000803,1,2,247
2025-05-13 04:23:38,b40e375fa40d5d29ab493f26bc0369fdb492f32cd9724a89e9e4640a4bf87159,896497,235695.0,353.0,0.001498,2,1,341
2025-05-13 04:23:38,cba0aef0ae4337c69fb34ab8118e21b1e1d476d613e9e251bdb4b7bfa0eedaeb,896497,1579294.0,281.0,0.000178,1,2,222
2025-05-13 04:23:38,b080a0c90deaf0c98cfa87032722d6b49ea9f1c98a92368bd5316bcd46bca1b4,896497,756828.0,281.0,0.000371,1,2,223
2025-05-13 04:23:38,04d7c41f56548b93c2f24ef5209a356a6f8b9e6a817467bec77ac01ddf53ef7b,896497,1662975.0,281.0,0.000169,1,2,223
2025-05-13 04:23:38,53eec451eaa704f430028f26b68a8f8f21a8f14449d3f39b88e1a4cae4733d5f,896497,80309.0,281.0,0.003499,1,2,222
2025-05-13 04:23:38,42597f1c228e9ab43653a2b1288165f346f0b0f29963ee3536e1e6814d827052,896497,765874.0,281.0,0.000367,1,2,223
2025-05-13 04:23:38,f03d9fa9040eb79c1780f6e582cdafe0c16c236bc6e9602382b6347c84b27239,896497,5332631.0,281.0,5.3e-05,1,2,222
2025-05-13 04:23:38,d79fde23fa0f3dcc601b12a96b597f51aec046bc92e632c191a1390ab7a3492e,896497,844322.0,281.0,0.000333,1,2,223
2025-05-13 04:23:38,3b9025958795f53d547bca4ad5e171f950c0028ea335763f170210028c12f22a,896497,253201.0,281.0,0.00111,1,2,223
2025-05-13 04:23:38,1873b3df96a48c940fd2cccd9d34625449df0a6be6a2947fb1b065d3823da355,896497,701619.0,287.0,0.000409,1,2,226
2025-05-13 04:23:38,0b3f49a306e1573f4a84139c74e4f24d6eab2801e963efa679516c1cf501895a,896497,126439.0,327.0,0.002586,1,2,246
2025-05-13 04:23:38,72931f3ec1cf8fd64f17199cf02e2520ce25c7a37af805f2fb28cf74868128b6,896497,53838.0,423.0,0.007857,2,2,312
2025-05-13 04:23:38,c137d73335a5fea2796a4b84370942949a3e555fcb87b9de421db891cda2a3fd,896497,3599906.0,282.0,7.8e-05,1,2,222
2025-05-13 04:23:38,84e2c36cf041aa65eb849687fc19ec89ced0e6bf1440e17b0f4eafb8f3698bef,896497,83554.0,446.0,0.005338,1,2,223
2025-05-13 04:23:38,bff4f9cd4ff864fe0ac641b1c74cd874d1f67869bd19e54fce2f0a22168e5ee7,896497,71741.0,562.0,0.007834,2,4,412
2025-05-13 04:23:38,bc516e4091fbfe878e7b283c64b0f0043a2798a9b8ab8d9a59bfbab6c42df1d6,896497,71661.0,424.0,0.005917,2,2,312
2025-05-13 04:23:38,12c254a0420527a3884e9486e6a2477baeab2a5945ee390dbc485d67b9de83c5,896497,546.0,306.0,0.56044,1,1,328
2025-05-13 04:23:38,1a96acc5aa73dd8ea2dbae4c43264a9e690b36d5355afbc457e67b2eb5717fc4,896497,7055318.0,316.0,4.5e-05,2,1,258
2025-05-13 04:23:38,b362d97f62cbeb90e31fc5031b499a09632d38dacd2ce3722247c71ae105e6bc,896497,45904206.0,336.0,7e-06,1,2,297
2025-05-13 04:23:38,cb604d229a47e379a14f604ee44cc3b036d2cecf8bf815e3b680152ae58339b2,896497,61284.0,446.0,0.007278,1,2,223
2025-05-13 04:23:38,6b064af7f38b6eb7dcaf82862c21ede212f6149057aa44e8e06799ccdce6e996,896497,291267.0,282.0,0.000968,1,2,222
2025-05-13 04:23:38,50570a38102bac369862a82656a1378c034bd4d60054be90a66893545e195a94,896497,548839.0,282.0,0.000514,1,2,222
2025-05-13 04:23:38,1820ffc235b936e08c2c215367115a832f9812aee706affb628ac2026b4e498f,896497,36696.0,560.0,0.015261,2,4,412
2025-05-13 04:23:38,b3621199cc5e63992ac76410cf8b8131eca9d50dcb7ee86dd1368cde353c6589,896497,22628438.0,694.0,3.1e-05,4,2,668
2025-05-13 04:23:38,b2ba5295de2fbaf0e0af17d29d8513fe121b66b7525e000dde92a0e64c09ef7d,896497,3679917.0,384.0,0.000104,1,1,192
2025-05-13 04:23:38,cb36daabd2b329e9031ba967b1acddad1e69801926deb823dac3c4bb0137e47b,896497,546.0,304.0,0.556777,1,1,324
2025-05-13 04:23:38,332868c316b70ae513a1c4edef0bdc894058b091827fb963d8762bbf8fc9f993,896497,26196.0,308.0,0.011758,1,2,205
2025-05-13 04:23:38,3e5bc0afec614935af2d813c3232e58960f2caf033a60c29328c8d5d86daba79,896497,307670.0,220.0,0.000715,1,1,191
2025-05-13 04:23:38,372acc106d8918c53995225c8a059054b3da15a82131c5f1cdf8bd5c33d8a474,896497,73426.0,220.0,0.002996,1,1,191
2025-05-13 04:23:38,83f0f43637459952daaca5c270381c7d1dfcbfb4b8dbe9c9eb16c2b00913586a,896497,457212.0,568.0,0.001242,2,4,384
2025-05-13 04:23:38,598d030a9138adcf180142c6ccb53bf833030aaf8aea173af4e539a2513e326a,896497,9999716.0,284.0,2.8e-05,1,2,223
2025-05-13 04:23:38,1c422256bc65fa7ae8cd059740739f03ef52796d4cc6af7d4be1a4b357a36e68,896497,139106.0,282.0,0.002027,1,2,222
2025-05-13 04:23:38,bf4a8efe15da691cb132d50a88d5ef7b3ebc50ec79669b7152c99a255d47f84b,896497,1444.0,424.0,0.293629,2,2,312
2025-05-13 04:23:38,4424af412335e630685251afd5409db7d636046a865f87db8401590970e2262b,896497,99986.0,560.0,0.005601,2,4,411
2025-05-13 04:23:38,b29d48578b21bb3d3cb8a6d6ff0440010efea626da610ee1533da80de1000329,896497,514494.0,306.0,0.000595,1,2,234
2025-05-13 04:23:38,162ba895e72962cd66c59f0cccf0b3c86ee8b970e3a1eba1bb25acdbdb193e24,896497,546.0,304.0,0.556777,1,1,325
2025-05-13 04:23:38,c5a13f558cf81f177f5e18c817ff03049c08f2a3640d4e71ee4c12a6ce5ce4b1,896497,26049.0,308.0,0.011824,1,2,205
2025-05-13 04:23:38,7d1de5427f4b6c0fcd497d14f99c69a0c8722f28d1caa9904adce9cd8a30cba9,896497,1092.0,12910.0,11.822344,2,2,25281
2025-05-13 04:23:38,aeead659e5a05410ff87a1dd8a2069263d41e3ef6374805c13d9d45a89ddcf64,896497,107150.0,506.0,0.004722,2,3,384
2025-05-13 04:23:38,d0d9d00d69b5c200d1847e9df72ee382512b7d7a64aa0001d40856497740d4ca,896497,166894.0,1077.0,0.006453,5,6,913
2025-05-13 04:23:38,e624ccbe18019b920f8ebfa5c8c12fe644561d8d59c4f05b5dede40701d441c9,896497,328296.0,1580.0,0.004813,11,1,1677
2025-05-13 04:23:38,d0e52dae995405273bda9cb826536fb7e57d2a50fc33fa3b7351f47f6ba1608a,896497,120046.0,39932.0,0.332639,293,1,43557
2025-05-13 04:23:38,015e743d3f8609acbe7b72e806fd63ccc893a27d66a86a4e85c20eb74d490740,896497,204916.0,68084.0,0.332253,500,1,74288
2025-05-13 04:23:38,8db7d38521906bd62c52d7dd38d8a48223f4d87e0d9ffe350665c11154f5cb38,896497,519252.0,748.0,0.001441,2,2,373
2025-05-13 04:23:38,3a6a66dca6a7967da393cd3f62bd253992e4177c830f04e153357e8a99742459,896497,14136455.0,33756.0,0.002388,185,1,31678
2025-05-13 04:23:38,bc92f76b0317a122e87c3bbc4f7d33145a33bbe0848e9b24070e67f5bdf13e8d,896497,2113000.0,570.0,0.00027,1,2,284
2025-05-13 04:23:38,1b4d69a00175218ddf92cda12cf133f90acca8d6c18e995602781099c83d7247,896497,2113570.0,570.0,0.00027,1,2,284
2025-05-13 04:23:38,e0085ca3ca912ff4c5164c555e5fa0fe982c806789ee6957b704c4ef75f149a1,896497,107619.0,446.0,0.004144,1,2,222
2025-05-13 04:23:38,7d4e237bcbb43a13707874cd645239d95d6dd7878e0aaab91a774ef047e6797f,896497,858554.0,446.0,0.000519,1,2,222
2025-05-13 04:23:38,38e7008514848250fb3dc1daf874e4696b92257545665b9b8603c80150a0745d,896497,99554.0,446.0,0.00448,1,2,222
2025-05-13 04:23:38,86246963288911599a4bf2d5298bf09fa43f6db94686496d80c84cf668d94b3a,896497,10324442.0,1944.0,0.000188,13,2,2016
2025-05-13 04:23:38,0d39c4d3d4d72512c91950ef34306f8773aff9757c6bb54a27037b998e28e5db,896497,339585.0,378.0,0.001113,1,1,188
2025-05-13 04:23:38,bc8a6ebcd8800b7e236e29bd6d6e5951fd32bd44bde7f190fe64cd13bfec2dd4,896497,982163904.0,1040.0,1e-06,7,1,1081
2025-05-13 04:23:38,8960d42ab2f82a4b5c03e6480f63628372b2cf23b67188d16c05683bbd34da3d,896497,752.0,340.0,0.452128,2,1,269
2025-05-13 04:23:38,60ecdf7b689e552a76f8dc5c63cb6e733b2e0e2ddc3f5105681a0cdde3d6f9b0,896497,884727.0,310.0,0.00035,1,2,205
2025-05-13 04:23:38,2f838836ba18f039bcb558c7ccd8b037163ba578cd3539f949b0d1d61827a72f,896497,3642187.0,292.0,8e-05,1,2,196
2025-05-13 04:23:38,ff3e35da8af3fb7abfe2f1460483974703957835daeb39b27e1ca28957d519f0,896497,7013643.0,286.0,4.1e-05,1,2,193
2025-05-13 04:23:38,7b12ef6a62ba12e06b58ed61c6e30a90647b09007edd0ae8288f2edad5250eb0,896497,4307460.0,286.0,6.6e-05,1,2,193
2025-05-13 04:23:38,cb7c92d197e7ec6a56df8bc01b9dc1219fd73dafcbc676c5b031a8d27fce7057,896497,83860816.0,286.0,3e-06,1,2,193
2025-05-13 04:23:38,0508455c4c4f5902c13d54e2fb261a0463b3e8df410d1e267e5d5f57ad4fe43a,896497,132126605.0,286.0,2e-06,1,2,193
2025-05-13 04:23:38,08ecdcfa7c5874fb5a294bf329f872561be02521a483caf8549d47f605acbb2b,896497,2895270.0,286.0,9.9e-05,1,2,193
2025-05-13 04:23:38,79e3c1a2b5f2fcaf2ce20f0b3bb33627b0ca7e312753892b1821a917407ffdb1,896497,6772.0,1964.0,0.290018,16,1,1767
2025-05-13 04:23:38,f5f111e867be053bbe20618b2c3f4baa89c1ff758c5ba74fde7c1ac08cfbfdc0,896497,4622.0,1384.0,0.299437,11,1,1232
2025-05-13 04:23:38,c9add35978fcabf6cfdabe46a25a6d219031c9f0752aa59c9bcee94920c7f09d,896497,70011.0,341.0,0.004871,1,2,334
2025-05-13 04:23:38,0c1859efe846791bd1f265847035ac3b171387bffa65748bff80fba2ca4f95f4,896497,106125.0,224.0,0.002111,1,1,193
2025-05-13 04:23:38,265a8e457a581eb52ca4f2cd43619da422c41da8cef73b5bdf6f5d47b670f360,896497,2994079.0,224.0,7.5e-05,1,1,162
2025-05-17 17:52:33,9f4b80587b7a894cfda6d9d8a662e87490427cd783030f9b1d6eabf0dc6f895b,897134,725381.0,874.0,0.001205,2,2,374
2025-05-17 17:52:33,82c5e5b3b9bbe681d820a2ad8f140897940f40560be1d2413e677394f1f1089b,897134,10411624.0,2000.0,0.000192,2,2,677
2025-05-17 17:52:33,12d4546c03b4be9139ce5eee42ec206c75997629cb982100403e2d87298195bf,897134,560449.0,1523.0,0.002717,2,2,369
2025-05-17 17:52:33,036f5beccdbef879135760098235031429ba90f253e589eee8345a558f56f924,897134,88221705.0,932.0,1.1e-05,1,2,223
2025-05-17 17:52:33,776590c1420f3225bc07295a64aac55ff373dd18a452b8c1af68f2d8159afba7,897134,88266765.0,936.0,1.1e-05,1,2,223
2025-05-17 17:52:33,89b971afdd0417b1c128434b89f50d65e128b22efd179b5addab9a47eaea027b,897134,88380441.0,919.0,1e-05,1,2,223
2025-05-17 17:52:33,dbdd336bfab6d04d3ed513d8f9d54d4f12bb859328f90687dff753f3eba6cbb5,897134,88427407.0,915.0,1e-05,1,2,222
2025-05-17 17:52:33,39aa58506ffccd25393f2ec25d562b34991bca3c3b9422eebb620125dec372bc,897134,88473443.0,915.0,1e-05,1,2,223
2025-05-17 17:52:33,78571c42bfd899ff5f733c4778f643956a0290d300eef5e01d079427f59898fb,897134,89486958.0,919.0,1e-05,1,2,223
2025-05-17 17:52:33,49ce9dbf20f3369243c7e025c81eb2f4b6566ba5451eff2a92dcd9f7cc35afa1,897134,90282597.0,915.0,1e-05,1,2,223
2025-05-17 17:52:33,699698b5e416bce83e8659dd8c8f612f9602f9e59dd55d1caaf47ba06b69891d,897134,90339970.0,915.0,1e-05,1,2,223
2025-05-17 17:52:33,3498aad82a52e04d61fe730ade0cfabd645ef6ce91a8ffac18914c92ee9131b3,897134,257454.0,1116.0,0.004335,1,5,352
2025-05-17 17:52:33,d2bbb473cdf84321966e45ae68aa2da30569f38199f892d816226196896364e2,897134,4596296.0,583.0,0.000127,1,2,223
2025-05-17 17:52:33,de37e064b034ee96121f8ad07dc951dab9567cd251675ffc80be5e4ef695e9df,897134,15816623.0,583.0,3.7e-05,1,2,222
2025-05-17 17:52:33,193dc4a4038138fb64602a7e1d271ac99913ff4969e2ea97ce7d80f92415fca7,897134,1174833.0,583.0,0.000496,1,2,223
2025-05-17 17:52:33,292b031ce09c6c54d63af3719f067e933577d645107471c5a871be104e8ac2cc,897134,1308114.0,583.0,0.000446,1,2,222
2025-05-17 17:52:33,2e0e154189cd1adf8fb642c9f5e654b9a85d4694ff25c0e7e7bb85a86972af5a,897134,840604.0,583.0,0.000694,1,2,222
2025-05-17 17:52:33,d5e681e0a64ec684b9a19f9e016f15bf543bc73a882035fbf71866c084eccc28,897134,1792299.0,583.0,0.000325,1,2,223
2025-05-17 17:52:33,0e038317ace28736f7f0477b5d51e6e27b27d2c736bccff111299349a6932b04,897134,4727550.0,583.0,0.000123,1,2,223
2025-05-17 17:52:33,6855c43645036b56b2d16e888cffbc0a1b11d30f6d3bd10b1f603170963b3d1c,897134,35366600.0,918.0,2.6e-05,1,2,222
2025-05-17 17:52:33,c4a4ff7a41642a7d050bd168340e0347755a452577c706beb08605731970c3cd,897134,125183189.0,1300.0,1e-05,3,1,557
2025-05-17 17:52:33,c2d5e6da1956dd5240bd3dab1142e909bd19139fa81865cad730f2db39d7c9f8,897134,574281.0,584.0,0.001017,1,2,222
2025-05-17 17:52:33,e175e6efd021115695f8fc92593695fb34295d3d99e428e6866aa028271f814e,897134,241623.0,584.0,0.002417,1,2,222
2025-05-17 17:52:33,5c45bf300f2d018810d4537a920b16cfb66047fa9b50dce9a49e518ad9018724,897134,2582697.0,584.0,0.000226,1,2,223
2025-05-17 17:52:33,f9e8ee85a385fa863e3f864c24d125f650996b7cb992fb4d55429a9b6758f00c,897134,2099416.0,584.0,0.000278,1,2,222
2025-05-17 17:52:33,0715e440a9815df70f41a0d5dec48dd03898f9b680bec7b7c1b07b1814166705,897134,9552983.0,584.0,6.1e-05,1,2,222
2025-05-17 17:52:33,e743b4b05cd65cac2151088dddf3fddc99ee7585005441bdfd8a66c720df0203,897134,550057133.0,1537.0,3e-06,2,2,371
2025-05-17 17:52:33,83477cf2b9073b7d1c5b4bb6e65250e0b4b38ccfcd0d9a23ad60636675d5ba86,897134,193301.0,702.0,0.003632,1,2,223
2025-05-17 17:52:33,4a64281789cbe0908c1b9a4d054ae4c2524dbe213ce549ed4a81c75b376409ec,897134,200135.0,2713.0,0.013556,9,2,1408
2025-05-17 17:52:33,a2d7f66cf4af253a9350a341c87b141bc08192bab2c696c4bad5c36422cbf2a8,897134,2607257.0,1574.0,0.000604,2,2,302
2025-05-17 17:52:33,df040489c59d72a82b2bfa8eb37b4ca21a46386e527ee234a342acd4b835889d,897134,2522340.0,346.0,0.000137,1,1,407
2025-05-17 17:52:33,be923f4aa85be9bc4023cd1a9466c63e61bdb52b091662db6a7b3ccad3862235,897134,2568763.0,1943.0,0.000756,7,2,1122
2025-05-17 17:52:33,5f0293a3c105f06be0a6889f18d08975886edb7c4d6f95f84e8cb5dba2d4b425,897134,82637.0,1821.0,0.022036,3,1,985
2025-05-17 17:52:33,ce76e4082f80ecbb848ae745931d70a6e713cc316f58ce643f757fd88a682054,897134,136620.0,2018.0,0.014771,4,2,518
2025-05-17 17:52:33,ff34705262927af4d297a3fcc27d5f2cb2437440bfc961cec4f743034ee4708b,897134,312646.0,334.0,0.001068,2,2,467
2025-05-17 17:52:33,1512f35d5db44faf7c35f0983ef691abe357275b36d22cc55f786f767d9044d9,897134,333621.0,635.0,0.001903,1,2,234
2025-05-17 17:52:33,572ec0d82daf6cbfd7df2cef41fc511871ae3f729d27162026a4bb1769a504b3,897134,331065.0,635.0,0.001918,1,2,234
2025-05-17 17:52:33,655032157ed825f76d6282cda952337966cd3915676c004f2445a1ef03e13b79,897134,47545.0,797.0,0.016763,1,1,192
2025-05-17 17:52:33,0d37e47b75711e609ab846ef11bfb276463b3a0fe29c427b4575cfe5fc79bc99,897134,269062.0,926.0,0.003442,1,2,223
2025-05-17 17:52:33,c9a2ceaf797fffa476a3eabffc79883aed2565b70825b42438cfd724cc06bcbe,897134,279756.0,2150.0,0.007685,3,2,517
2025-05-17 17:52:33,fbdc3288c5bd15a6ff1f446a22971480656e984657d35ca6e5735d7123c4a564,897134,34792.0,1073.0,0.03084,3,2,410
2025-05-17 17:52:33,294b05b0f1d629e3838042e9c922fe8b41fcfd2b62bbe62f405da29345422ba4,897134,56655.0,412.0,0.007272,1,1,150
2025-05-17 17:52:33,2b0553ec93b332852e19cb86d942cb5853c425be1828839886b8e949f3e4420f,897134,1943435.0,1020.0,0.000525,3,1,487
2025-05-17 17:52:33,ece75ea8a78d3bda8f8575eb369d778f6bf5078b0fe202f36bac3508a474ce3a,897134,224119.0,1554.0,0.006934,2,2,373
2025-05-17 17:52:33,c1ba8ce088b949bd0834b4696834f8cbd5d386f97b65da5a27e879f6dfc4bd0b,897134,105435.0,1554.0,0.014739,2,2,373
2025-05-17 17:52:33,5b93cee36fd9ac865e57380ad2a3d689aaa5120d5adaa2d628e4c5c2aed66d5b,897134,1883821.0,1686.0,0.000895,3,2,522
2025-05-17 17:52:33,8be2ed9d4d576fbb2d3ff20545cc7ec69d36c6bf115ed6ae260350121f0152f0,897134,24022.0,938.0,0.039048,1,1,192
2025-05-17 17:52:33,3aa409e08b3f1563ab158c2a5c22a0dac1b274888c62c558cb464a8ac974237e,897134,14990.0,1453.0,0.096931,2,2,371
2025-05-17 17:52:33,16e5e543631461ed34e0c1dcf813776730bfce6447ee7f07466df4b5966be99a,897134,56200742.0,21035.0,0.000374,2,157,5339
2025-05-17 17:52:33,705a4d2494ec91476e27d4c0ea3a8608f8076ad3cbd50ab16212c74413d5eeb1,897134,1906441.0,848.0,0.000445,2,2,303
2025-05-17 17:52:33,ba59703af039c3b36aba5874c08aace1eac3d9a3d63a03741763c31050f9af69,897134,135911.0,1900.0,0.01398,1,1,189
2025-05-17 17:52:33,8c2a84f308df179993142b5db34947c7dec7e6d979fa474e2c5bba3db15d2b08,897134,68860006.0,4892.0,7.1e-05,1,1,191
2025-05-17 17:52:33,25599274a96b8ea5baeb3ca1594c8d5b4dbc13ae7907aeeb6342ce89070f72d9,897134,99102645.0,18859.0,0.00019,2,167,5728
2025-05-17 17:52:33,3d4fef3e79739022f2861af18b0e2d04b2854c467c7521b22f2a3a015ab36201,897134,560145.0,1072.0,0.001914,2,2,419
2025-05-17 17:52:33,8584fd8fa99ce6df0f605999aa2aaa5a9701be24bb4dc534e7e71f9ae8dba103,897134,433234.0,2537.0,0.005856,7,1,953
2025-05-17 17:52:33,6e196d08fe1b16533de26195e11b8a943186a1e62aa25b7bf3b73a813a7aeca2,897134,145206.0,696.0,0.004793,1,2,347
2025-05-17 17:52:33,400d3ec4904278eaa40958b6b28869548eaf003f628c6117082948ac3718cd1f,897134,19397.0,281.0,0.014487,1,1,406
2025-05-17 17:52:33,75c3ad331454d294f2b9be5583a9a063edda3cc07e9ccfeb9ef5b3547cd2fdb9,897134,218758.0,1554.0,0.007104,2,2,371
2025-05-17 17:52:33,0950abd883b1979d313d0b34bb60c488218436546f525a73dd98c32a1e73cac7,897134,23698712.0,2575.0,0.000109,1,1,191
2025-05-17 17:52:33,6b566973e74df5a22519afc3d48b43e289422b1a6c92c15e8562132ea3688332,897134,73701287.0,5335.0,7.2e-05,25,2,3785
2025-05-17 17:52:33,a3ebbcd7b308661b7f7328c45fe575f4bef8ab8a18552b77ba7aa5ba7eaed71c,897134,1631988.0,692.0,0.000424,1,2,246
2025-05-17 17:52:33,ede72291769bcb28ff1662c6544e74951a7c49804d19cc8b024aa6e604c0490f,897134,93522.0,1045.0,0.011174,2,2,370
2025-05-17 17:52:33,a3ef54905988d7bddcea6639005c9ec7572d3dba575bdbe42c2055a9ef5a6044,897134,68612940.0,6666.0,9.7e-05,1,1,191
2025-05-17 17:52:33,5ff4f075de94d90ce8da6d1dc0a86d1c215051a55ce43cfdc88a9c4d2aa9d84c,897134,103335821.0,15582.0,0.000151,2,155,5356
2025-05-17 17:52:33,6f805bfd63d200e4af1659b9b0899b893f7d03c580769eb0422c46427555754b,897134,52922871.0,1621.0,3.1e-05,1,1,191
2025-05-17 17:52:33,a5e983855dbdeb5e492f70105921d0df6713333d6e35eba7f7851b3ea2580467,897134,83614729.0,23224.0,0.000278,2,176,5968
2025-05-17 17:52:33,a6cd8afce271f47dff7f9bb243e68402316395ba408aad1f91f01db40293fd20,897134,41373092.0,17191.0,0.000416,1,1,191
2025-05-17 17:52:33,d9475ae34d409044f97a9d59e7f94b1b948629385acf6ea4051733e9bcdb63d6,897134,60562700.0,7088.0,0.000117,2,171,5832
2025-05-17 17:52:33,460cebbacee7ad6401fbd5d4c7758030a2fb82436e2dcfd289c41959e20a05c2,897134,1151328.0,878.0,0.000763,2,2,371
2025-05-17 17:52:33,a8a28828f81b5e6ad1b06b7df85301955d683f46c9be4645f0f0e2cf99921dfe,897134,8888590.0,794.0,8.9e-05,1,2,380
2025-05-17 17:52:33,3e6d0dd97f9bd7ff5316afdae17659d87ede562bd8f21450fb14d8cfbdb17202,897134,2523060.0,794.0,0.000315,1,2,381
2025-05-17 17:52:33,9a1bc8114dc9706038427053e399cc3bd11655dee36b80dcde91363d990bb81b,897134,80813.0,647.0,0.008006,1,2,205
2025-05-17 17:52:33,9b4469689ba47a56cc42ed4e5593d3b60eeed9459365a3507ff40efbeac3023f,897134,140691.0,605.0,0.0043,1,2,226
2025-05-17 17:52:33,cc423a0eaaf941c069001fbebaee34a3230cb7f73991a2e36575a84727d3a49b,897134,315033.0,890.0,0.002825,2,1,340
2025-05-17 17:52:33,4a5c71053508a5e63c0249f036d3c1033f8b42975664f61bc1ab983c6b5c5a22,897134,27290160.0,5527.0,0.000203,1,1,191
2025-05-17 17:52:33,6f97a5669151aaf083d7895c93e49d2b8006fa76a3578c85433ff9c79e926a2f,897134,49559861.0,12762.0,0.000258,1,129,4324
2025-05-17 17:52:33,95c534f51c30f4903be3d3a9fe9866e20da18abc02be882ebc9106d1b8f23621,897134,478649.0,1160.0,0.002423,1,1,191
2025-05-17 17:52:33,66ef22f5a2bc738829c1989c8c20b0f81862c9f0ec2ed2df281f59a593b55702,897134,2653480.0,752.0,0.000283,4,2,669
2025-05-17 17:52:33,ed44633e92a759c381dad7768d73c42db15dcef1418d9c10bbc3869bb7f28efa,897134,122337.0,643.0,0.005256,1,2,234
2025-05-17 17:52:33,0b5bd5daf051fdaca56c95d8c20d3989bd8ccac0520016e1785c68803daec4db,897134,123833.0,643.0,0.005192,1,2,234
2025-05-17 17:52:33,e363ebb959b53a847029e29fb513a65d31684b5879d8c7e1054f93f9c631e88b,897134,14315.0,643.0,0.044918,1,2,235
2025-05-17 17:52:33,6b94fc191ab2632d8c265391919e6bb104cd5cb703dccc0a290ac681d10e9182,897134,436022.0,643.0,0.001475,1,2,235
2025-05-17 17:52:33,537b0e156b6ecb7c1287963044d44429f63c2d268cc30290c272f464d5aa3e24,897134,16332384.0,643.0,3.9e-05,1,2,234
2025-05-17 17:52:33,f6a138fc8f7fcf60dd2487c2c7284e3f60462464734a50d28f0ade8a45df286e,897134,38945.0,733.0,0.018821,1,1,192
2025-05-17 17:52:33,d38dddd7b23b5bb21d91d48bcf694237f40cd8eac1cdc6299c43269708bcc82f,897134,57978.0,322.0,0.005554,1,2,223
2025-05-17 17:52:33,d52eae5107ef2483e4adb18c3a19e8bc63caf6eb45de0d3226f54b3538f693b3,897134,420469.0,929.0,0.002209,2,2,383
2025-05-17 17:52:33,061a180e2f2b93ca1705d9fc749140110fe06dfb721e6968115bba6c5e107489,897134,243193.0,761.0,0.003129,1,2,346
2025-05-17 17:52:33,b76a6021f64633814ca8a28b0bbd63f41c40375df5e475e7b1dd958bd36a5a7a,897134,23364.0,846.0,0.03621,1,2,223
2025-05-17 17:52:33,cfefdc31e9f3f1ea578359d095f51ee98ea50aa2f7d66c149a472799c63a6f11,897134,28532250.0,6391.0,0.000224,1,1,191
2025-05-17 17:52:33,a0f95c78e99befb2e24a20d7e2f065a7d49c99c335b26124e6f15974819b9d1d,897134,49557668.0,14955.0,0.000302,1,149,5048
2025-05-17 17:52:33,a96a30787a0e680a214f242941b0d7584a4099bd22f69f9ada084b9cd6176f18,897134,1661372.0,677.0,0.000407,1,2,222
2025-05-17 17:52:33,3787ae86d3c217caf81672bf438617c5c17834eea2df4b81ae4456100497b039,897134,1685077.0,734.0,0.000436,1,2,234
2025-05-17 17:52:33,2a8625a2f55441e45d6034272e420751af11c52e54602a80b6b3ca74261c567b,897134,2304038.0,518.0,0.000225,1,2,225
2025-05-17 17:52:33,b78ba74a5484c5beb5b725d0b06e28c20f1beed70fc6dea4df1b4df6140471fe,897134,5373559.0,518.0,9.6e-05,1,2,226
2025-05-17 17:52:33,40d69d526005b59dae8a89ab8299d49f4c326f829667a7ee5f470a221469d3cc,897134,48029.0,513.0,0.010681,1,1,203
2025-05-17 17:52:33,1574f858b4e26cee141fb63e6068d332afb4b5817aeb64c789e9d86d6c4f6c29,897134,4608700.0,984.0,0.000214,1,5,315
2025-05-17 17:52:33,3e7f644e86bc4a3fd32ca1c3aa4038263844377cacdd7bd62fc57c5684660696,897134,191558.0,766.0,0.003999,1,2,348
2025-05-17 17:52:33,3a532867c7daa46f04e885bd9d044439de67b56d3b7aeb39bd4cd1fc5acfb462,897134,125917.0,417.0,0.003312,1,1,150
2025-05-17 17:52:33,c06baf4b119dbe33eb7b9ad392cae5e02cbad8ac57a097324371f12e7ed5458f,897134,372872.0,940.0,0.002521,1,2,223
2025-05-17 17:52:33,96b3f1321a010a83f2d8655501c61c2c1fcd9c32a34cdadccf6214ee5b9e8a44,897134,9439.0,940.0,0.099587,1,2,223
2025-05-17 17:52:33,760dcd929c3513f557bee3ae036f45d83bfbf0938e27b0d003d959419dd7a013,897134,885516.0,3438.0,0.003882,1,2,223
2025-05-17 17:52:33,d09062215f2534a45ba9a16a0976cac38fa2c33bc37e6a4e0ae0a76e9154541a,897134,976154.0,3438.0,0.003522,1,2,222
2025-05-17 17:52:33,d462e69558aedb92a3145558bb709ca3424ee7ab28578f350a9a129c2b2e2a1b,897134,164921.0,3315.0,0.020101,2,2,371
2025-05-17 17:52:33,ff8a20c997c8b82d1c102e12d1f759630649944d4a98c15d6b47ad79ea2cb96e,897134,4332826.0,2775.0,0.00064,1,3,254
2025-05-17 17:52:33,01d3c0cf94ac42a075b6607e0a1c41444e3b54fd4c07f6b33964a07d11b95073,897134,511937.0,1830.0,0.003575,1,1,195
2025-05-17 17:52:33,a4a5be1b793c781794e1bfd385b7ac5a40f5c59cf8a6a2c45af2f6a7730d84c0,897134,1407512.0,2295.0,0.001631,1,2,223
2025-05-17 17:52:33,020ed814124688e0b5ba91101770d3d237af709777e29356595155eb70f0ca4c,897134,184803.0,2295.0,0.012419,1,2,222
2025-05-17 17:52:33,6355e846309e5a9a9fc0affe39eaef05698338a8531a0b34ce890909fa85232b,897134,3855089.0,2295.0,0.000595,1,2,222
2025-05-17 17:52:33,7f89b4422e7403c1f9010d3e3ef06e4d8f752841b43ac70765ed75ddd6c1517e,897134,235000.0,1791.0,0.007621,1,1,191
2025-05-17 17:52:33,80a2c61512520417455d0636a2f56ede6acd3a95df59c34fc8a6384143bf1a28,897134,12640.0,1852.0,0.146519,1,1,195
2025-05-17 17:52:33,96822b56e255d5e2560940aa2b0d80dd842365202bae673b6e6ffbcde686423f,897134,33981460.0,3724.0,0.00011,1,2,226
2025-05-17 17:52:33,e24547b4cf6858825e46496cecf81c1f7b90dc9cd3df79e6b0e5e7e2b52959f3,897134,33377192.0,5700.0,0.000171,1,4,345
2025-05-17 17:52:33,7680cb7b0f02347ab230b8a42315f6c838fecfea4ef7f9fd27fee03a7d88c217,897134,140078008.0,3724.0,2.7e-05,1,2,224
2025-05-17 17:52:33,531e7d1388da320822fbfa9e2a5feb8a67da1a04a6d95ae73d7ef92c862e489d,897134,132001943.0,3724.0,2.8e-05,1,2,223
2025-05-17 17:52:33,d9903ab394f1e831f6754dade991856842737dae0134003f7deaf5cb987f405a,897134,62587052.0,3724.0,6e-05,1,2,223
2025-05-17 17:52:33,69ad01a5f534ca46b5eb31472fe37eb6cbdea7c9134daf3b4242566b055a23c9,897134,151693567.0,3724.0,2.5e-05,1,2,222
2025-05-17 17:52:33,6d6105d8af9f29b068b50408070fe7c085265f6b4cd41e4327f1b68068c16256,897134,14402822.0,3724.0,0.000259,1,2,222
2025-05-17 17:52:33,631c292d5140a2fbc81f68c4cf0dc0783b5cd042eea4a5a4485530a16851e40b,897134,138563641.0,3724.0,2.7e-05,1,2,222
2025-05-17 17:52:33,9de27a0616e3083703c2e3717c153f967461a97d7d3ed30f11d9a28e5f5ed40b,897134,53254437.0,3724.0,7e-05,1,2,222
2025-05-17 17:52:33,27a673029fdb29a5d4427aaf76d54c6bcd23974bcb057b192c8fca02a051542d,897134,7248768193.0,8262.0,1e-06,5,3,895
2025-05-17 17:52:33,ef862a861a9f9eaf00a5deddb8f0e2c4fa0fa81ed10c80af66448ec850960135,897134,719939.0,1870.0,0.002597,1,1,192
2025-05-17 17:52:33,4677797ea6c25029c259ceddb6f57a5c82faf683068ba4eb7d1c384db65c509a,897134,349281.0,6422.0,0.018386,2,2,371
2025-05-17 17:52:33,213c3883eb93b16d271d6fea0902e54b4c9f81479019bf5ca22097a5845b98b7,897134,201089.0,4011.0,0.019946,1,2,223
2025-05-17 17:52:33,4292bcc06415966b5e75ab383a7107bfa451bafb1f37c3150c0341bf8fb36a1e,897134,12862309.0,4194.0,0.000326,1,3,314
2025-05-17 17:52:33,9678d10c7d63a1181c149869b6337f3e6b1d32a5b796915af582dba1257756d5,897134,292332.0,3145.0,0.010758,1,2,246
2025-05-17 17:52:33,4e3648438cd009dcac640c1a81c69a94a3113715bfbd68dc1b9062b65ebcfa7d,897134,2548803.0,13272.0,0.005207,4,2,665
2025-05-17 17:52:33,c743e51c263af03c898d8f65d95783ba6cdac27745ef62d812245aba3929abd2,897134,27448359.0,2820.0,0.000103,1,2,223
2025-05-17 17:52:33,2fd1dcb7d1487c7facb83f038beb6fe51b7efa2eb6935b9314db1dbb483881be,897134,368463.0,2260.0,0.006134,1,1,195
2025-05-17 17:52:33,09914daf7ff8ff37d41d89f899f1ecb4163796625211e06c32621ce8d9bb24af,897134,551731.0,2820.0,0.005111,1,2,222
2025-05-17 17:52:33,7223c7d9c6fce1eb5029e038d37f77dc5ff702507c7b2e1e7f1bc41315a06386,897134,660450.0,2820.0,0.00427,1,2,222
2025-05-17 17:52:33,500b7ce6c8d255c69cf4d8ecae85599145eee72226b26300ca2fcf40fa68b9fc,897134,741760.0,2820.0,0.003802,1,2,222
2025-05-17 17:52:33,99a38ee63d4ac049060d0abbbfc7fb4f69d3f7feb01c8a4abac11ea03be3f174,897134,499494240.0,2880.0,6e-06,1,2,226
2025-05-17 17:52:33,8241d723e895deb92f65eb108eac9c71f4f66bbdc55accb330ddc8b347bdf54e,897134,816566.0,2820.0,0.003453,1,2,222
2025-05-17 17:52:33,2e5cb2b27a40326676e31946bd9d9495cc7dd861001c0c0febb556173cbe2f8e,897134,926867.0,2820.0,0.003043,1,2,222
2025-05-17 17:52:33,155090d059a8a7343a7b48453c39572f60514d86a2339dddac737d71c0ca24e6,897134,1018216.0,2820.0,0.00277,1,2,222
2025-05-17 17:52:33,921e01c8b8fde998f2585d7378c476bb17c109ae652d1a8570675ff074c8a972,897134,62000.0,2847.0,0.045919,1,2,223
2025-05-17 17:52:33,661b0b7bf2a0cea9d44a3cc34cddf62c97382d035dee6c4ba9c53a2cc849b870,897134,62900.0,2853.0,0.045358,1,2,223
2025-05-17 17:52:33,9594004fc2a4aa4a2817da7054e3aa2a614a9ac75de1d16cfd71619ea779d5cf,897134,31963.0,3237.0,0.101273,1,1,193
2025-05-17 17:52:33,10617e391e34ed9f93d309f28e86d53c65f44f529d339d9f4716a08547de4817,897134,66191.0,3233.0,0.048843,2,2,372
2025-05-17 17:52:33,df648df93f0149857c34e95bae66a8f66e8c6a94d9a71949a5a10ed6f49a0818,897134,24224.0,2485.0,0.102584,1,1,194
2025-05-17 17:52:33,7645fe9c6b6308430de0a3a5bcd08602b7891da6ec26e3b63f7b86ec3a886333,897134,156914.0,3938.0,0.025097,2,1,341
2025-05-17 17:52:33,ba269fca013d92bcbfb18f170e8765feba870b49170cf3b2bd7fdafaf77e2f33,897134,22686708.0,3168.0,0.00014,1,2,225
2025-05-17 17:52:33,6ef4c4e4feb2a526fcd3fc2d9399e3763c99f3a39a4d395c5143b192b370db8f,897134,179706.0,2440.0,0.013578,1,1,192
2025-05-17 17:52:33,1ee82960988b38df6f27d9ae3e34c3d4de04621b7b4d37ce9e597b71b3480bf6,897134,34240.0,2486.0,0.072605,1,1,192
2025-05-17 17:52:33,0644e341f2dd6885b34822e2d078e0067c8d73ab6d19e8aae2dbb06d24fcfeb2,897134,1800260.0,3300.0,0.001833,1,2,222
2025-05-17 17:52:33,7c96cec48cc736706aa26dcfb852e6b6bfc8995f28538f8dd0ee009d8b8cab40,897134,659995.0,4594.0,0.006961,2,1,351
2025-05-17 17:52:33,5dc999840cb83632fe9abdd246cff4cd53b6245c2c0ca672dc0ecca1ff5b0092,897134,9653.0,4475.0,0.463586,2,1,343
2025-05-17 17:52:33,69bc5417e36c6a148279ce608c21476aee7c0053fa7c69fe2889367851ba0921,897134,162321.0,3525.0,0.021716,1,2,223
2025-05-17 17:52:33,0dbe774026f644ac8372981d42ae789b4f839e119954afcef625985ca6d99630,897134,40300.0,12200.0,0.30273,3,1,482
2025-05-17 17:52:33,ec3343f1611424fddf5d3eadbc3baea37e1320e7e50c1a41cbf837f52732be5f,897134,111551.0,3555.0,0.031869,1,1,216
2025-05-17 17:52:33,b39db28211a587886dd3074096ad60983f58ab06f3b70d6273415bc1fc3ab16f,897134,285764.0,5035.0,0.017619,1,1,189
2025-05-17 17:52:33,6a59450331b01cf10f4a152776d5f33dc179590767d38c98a2a3b4707a5a2626,897134,557524.0,5641.0,0.010118,2,2,370
2025-05-17 17:52:33,a2b72208c3398a9e6bb629c5701ef72c11b886b42d3220426f72bfbb05907f9f,897134,51978396.0,7590.0,0.000146,2,1,340
2025-05-17 17:52:33,022fe3255bb62dcd830aa996f7f7a672f0c5fdb3ba333d63d55246daf2c80dae,897134,50991256.0,7547.0,0.000148,2,1,339
2025-05-17 17:52:33,59ec0b684e62478da2c094ac078630303a74ce96b8e5e174f0ddfc8c58b8cad1,897134,994730.0,4664.0,0.004689,1,1,191
2025-05-17 17:52:33,a3261fef00eba56bcbf7ad3d7e6650de209f7de736b86f1217ce95b81ceb5fea,897134,999409.0,591.0,0.000591,1,1,191
2025-05-17 17:52:33,73674a3f1ca552658b27ee416a06169f3eb18b91680491728cee7d33cbe289ca,897134,49999394.0,606.0,1.2e-05,1,1,191
2025-05-17 17:52:33,023669729e7d5f62a0380cad472e8de209e85cd0379f76842cdb9d5a233271bc,897134,999394.0,606.0,0.000606,1,1,191
2025-05-17 17:52:33,2c7a845a069bba628220c69b749b6b54e66e00cb4d5b9d9b2098758624497c9d,897134,85036.0,3080.0,0.03622,1,1,195
2025-05-17 17:52:33,84010c774de9011e5b0ea3a30ed1d4abddf49f41b86e291838b1c5cb034ff86b,897134,138766.0,3080.0,0.022196,1,1,195
2025-05-17 17:52:33,e390d900c46513cb0efe7de85d41d25d7f74843d2e2531cd0f8f58cb33dff9dd,897134,210237.0,3948.0,0.018779,1,2,226
2025-05-17 17:52:33,1a192b5a496e2a25bb7f6d45d27487295fa93d8dee8edf55257d53e5568e598b,897134,108078.0,3948.0,0.036529,1,2,226
2025-05-17 17:52:33,8230a64b3d54398f72681af63a70156adb6fa4c76a58669643fb1b52b43a504b,897134,10001874.0,3948.0,0.000395,1,2,226
2025-05-17 17:52:33,5c87dfa843228b9fc6d40073feb8a9945a837c63cf2da2170ff668d35a456e2d,897134,22043.0,3948.0,0.179104,1,2,225
2025-05-17 17:52:33,f87b6400a8cafa8d53c0ad3693241363f1aa298b2072b2d35cdf3f36d531b8b4,897134,177073.0,3948.0,0.022296,1,2,223
2025-05-17 17:52:33,935baf57be646c3f2e86122813905d6d53c11cbe43202929323987842851483c,897134,119996052.0,3948.0,3.3e-05,1,2,224
2025-05-17 17:52:33,80ad9d20a4cefc09269c3623c3c9d994296beac8d98abbe872549b3305b2bb1a,897134,102056.0,3948.0,0.038685,1,2,224
2025-05-17 17:52:33,7bcb8d454cc5375a651cabe2d716349709a5a0c9708b7740b6b2252e84af79f9,897134,56664.0,4816.0,0.084992,1,3,254
2025-05-17 17:52:33,492a8b721dddeee6abb554257d489e3e9672bd54cdc64808df9382f5d4fdfdc1,897134,27833.0,3948.0,0.141846,1,2,222
2025-05-17 17:52:33,13d7d8ca9f09c2fd1cc7173cbb3e3b82845094b4aa1dd3cc3cc3ec215887ea94,897134,953851.0,3948.0,0.004139,1,2,222
2025-05-17 17:52:33,2baf9c5339bbdf6daf7820eb3152e4d333150a2727aae75970ff826564c0198d,897134,6264676.0,4284.0,0.000684,1,2,235
2025-05-17 17:52:33,8028addca42d15cfe0a4a54dc49ea8c499e1f2096f9e5723a0ee1fb3a71c8584,897134,371973.0,3080.0,0.00828,1,1,192
2025-05-17 17:52:33,43612c537f19b519b368b819835b22a22cf189327a29c93b1ecd04dd5790d581,897134,1581874.0,4648.0,0.002938,1,2,247
2025-05-17 17:52:33,2cb7a58c186b524de2230f21132e616a1676a4c14fde349c77c5fd4169111148,897134,482094.0,3948.0,0.008189,1,2,223
2025-05-17 17:52:33,25500e88ac65f0815de20ef3176c01810fb5a7661ae988f2989f01b9ea0f7c46,897134,306508.0,6328.0,0.020645,1,2,226
2025-05-17 17:52:33,48ddfc1391c6eaf51f6b4e77f988d937e20db1e4613cf47ba13b845d76004334,897134,341649.0,3948.0,0.011556,1,2,222
2025-05-17 17:52:33,cdd64941f0ca2fd5ec7654eb90dbe73c59218dcf798e787a995d3235e1eac018,897134,56872.0,3080.0,0.054157,1,1,192
2025-05-17 17:52:33,6e4ccf4f909f0663a431d352b2b4e6015fe212e4c8aa13f2988d884f2e96bfcd,897134,6805336.0,6328.0,0.00093,1,2,225
2025-05-17 17:52:33,ca4eb19e9800d2d2653d5178e40d6aa593bd408792a7814b5285a4a3ca5b5ad3,897134,40173.0,5376.0,0.133821,1,1,191
2025-05-17 17:52:33,ba3c671ccc0d37bac59fccb59422af9fce68dca453c82dce5a8bc44a18d63a98,897134,524209132.0,4032.0,8e-06,1,2,194
2025-05-17 17:52:33,8cb7a2ec658216d92755492378aa9322427d2c7e666f2358e78f7c83104545ee,897134,138716.0,3102.0,0.022362,1,1,191
2025-05-17 17:52:33,3aa07b8768c744c309868fc688974a7e4fa1b09bb9e6f4a5c9c90eabfa7010ea,897134,12663820.0,6944.0,0.000548,3,1,489
2025-05-17 17:52:33,3ebe40345f848b1d5bc547da6252fb75f31cdb5639f1aec9acf98bed58032b9d,897134,2151084.0,4009.0,0.001864,1,2,223
2025-05-17 17:52:33,a7183643b403ee041385b9af29ae677c61e2391c2f75bfcbb6880eff3516b081,897134,321664673.0,4009.0,1.2e-05,1,2,223
2025-05-17 17:52:33,c074b786d5b8140ec2b75789dd518186d29997aeeb0b8a7b0472dd84f742a3f6,897134,1231916.0,4856.0,0.003942,1,3,253
2025-05-17 17:52:33,60215dc5385a900ef3e24bbccd73b72cd9ac58b8a80bb49690a942be4aa5d8ff,897134,1569819080.0,3981.0,3e-06,1,2,222
2025-05-17 17:52:33,4d3ea9dd9ca26c5a6368f0c38d22a1e1f3ee0647bc3c5b38717e798fe75830fb,897134,379121816.0,3981.0,1.1e-05,1,2,222
2025-05-17 17:52:33,06f0d02c283090175f81017855eec061ed674ae30ff0206385a2da72ae00cae4,897134,420723910.0,3981.0,9e-06,1,2,222
2025-05-17 17:52:33,5b3c94b15b38f80dabf0490f49e020d58f440cefb4e2edfa5c0cf0e0e357e4db,897134,1311940186.0,3981.0,3e-06,1,2,222
2025-05-17 17:52:33,f20c60d06acaa323f96bd60c7c0d3b7df61954b564dac12ab1eea0c4ccdf33ce,897134,943013015.0,3981.0,4e-06,1,2,222
2025-05-17 17:52:33,d2465e086b9856393eb31d1fbc0836c8eada0e62d69d5b5e48d56b20b232b8a3,897134,622491979.0,3981.0,6e-06,1,2,222
2025-05-17 17:52:33,8fcb60ddf7f0c45e5cc4c58c40b2ae860c20ea5f5834175352b7a91ae86e4780,897134,880144405.0,3981.0,5e-06,1,2,222
2025-05-17 17:52:33,98a775c850ce99a78dfbd00b56bc48a111591aec5d3f25d408527fccf7d92d7f,897134,1638843693.0,3981.0,2e-06,1,2,222
2025-05-17 17:52:33,c660723c96ab8fb2759b821f01087ed1537154bbf29f11017fec338461d75b60,897134,1392129048.0,3981.0,3e-06,1,2,222
2025-05-17 17:52:33,1b790ac67688e7d18a7af25ac37af2ef6dc1090ee9d3ffa6a8b2686ccedb4342,897134,1062665022.0,3981.0,4e-06,1,2,222
2025-05-17 17:52:33,0da849f410011cb3bc647a76ae440cd71a2d7cdb13c0f215d865b75a4baa1328,897134,1377016396.0,3981.0,3e-06,1,2,222
2025-05-17 17:52:33,bf1af0c6340292a0e6251aeb30d0fb1bc9fd4ea81e388b219a510b48d5153224,897134,310351915.0,3981.0,1.3e-05,1,2,222
2025-05-17 17:52:33,38c551e4e83ade0ff8dd17a00bd34956cea634d2b8a8e307a30bcfcd4fdba40d,897134,173996264.0,3981.0,2.3e-05,1,2,222
2025-05-17 17:52:33,82894249036e11e0bd384761f502f4a20ddb90f0be3695b7e3b3960e05f9ffaf,897134,31522046.0,4066.0,0.000129,1,2,225
2025-05-17 17:52:33,98f2d75bc181ed2a8608654132cf8afb94dc7506439b4fc07bc727cb8eb9a5bf,897134,17537000.0,6778.0,0.000386,1,5,321
2025-05-12 21:13:18,71b0ca95df72b665ed9596474e3db4586fea74a0230d571df2e225e6b6e3ab91,896458,519140.0,4830.0,0.009304,2,2,371
2025-05-12 21:13:18,bd4d0dd03860da1845d3a78707ab985f780004c6baa612ab0359041585621a00,896458,189798.0,4830.0,0.025448,2,2,371
2025-05-12 21:13:18,7601aa71e22253de58bf2b1a44a4faba1bac0eb6a828078e5237fadecaa51ac4,896458,201594.0,4807.0,0.023845,2,2,370
2025-05-12 21:13:18,2ad61a4c3aad52a2a2481b1304f9759873a8a2f8e3fe77eaa0fe9ce1391a5148,896458,354529.0,3289.0,0.009277,1,2,223
2025-05-12 21:13:18,722142e931277ab7b2cc4fa9e332d8759e23347870becefe9d739945d0fd7399,896458,381873.0,3266.0,0.008553,1,2,222
2025-05-12 21:13:18,2eb5793986e6ac4b2a5327b298efa0da60b2a2278abbb7783f0a4e16e1bb3974,896458,145898.0,3266.0,0.022386,1,2,222
2025-05-12 21:13:18,6974bcb0f830b577b86c698e20fd49fa171a7d5cbaaa3f15a2c6da0da6d4a2cf,896458,32674.0,3294.0,0.100814,1,2,223
2025-05-12 21:13:18,589de842b69480b1067e5572f3de6946574a061eeaa12a18cc51277336dfbb68,896458,2951706.0,3294.0,0.001116,1,2,223
2025-05-12 21:13:18,9bd2d802a10fd20e10a9cf9977214f03077db6a14293b956be2df87cb7071948,896458,193050.0,3294.0,0.017063,1,2,223
2025-05-12 21:13:18,658c50c1bbdbcbc648d44e76b7e23444db6a8dd6cc6f3166b9a11209eb3a7b40,896458,50614829.0,3271.0,6.5e-05,1,2,222
2025-05-12 21:13:18,a37d48758289947946f4372cca54e17fbd11d9cc884fdb72a1f1faca891177a5,896458,51197519.0,3294.0,6.4e-05,1,2,223
2025-05-12 21:13:18,36ef9929aaa05638da86bd74bf4506b2f9e5ca840607beeeb6cb17c3a3e9dee8,896458,363993.0,2575.0,0.007074,1,1,192
2025-05-12 21:13:18,a71f0fba0356506d2976f61ad3629df2b93fc11a01761a1992020cc3e089e9ba,896458,51608184.0,3271.0,6.3e-05,1,2,222
2025-05-12 21:13:18,585d9b9931b93245809686935d888f5f69e017520fd957944718129d9c507183,896458,51742149.0,3271.0,6.3e-05,1,2,222
2025-05-12 21:13:18,5a40393c05cf3d1b1dad1bbfe535e12df829b267f7586eda927d56313255f035,896458,45304.0,3271.0,0.072201,1,2,222
2025-05-12 21:13:18,ecfc93792b0132af739a736e2b5d37fed9c38df19cb4db38599f27162ebe8aca,896458,32368.0,2552.0,0.078843,1,1,191
2025-05-12 21:13:18,f542263d07561a736bd57aa8d55c37c1bf79795eed5d557642a86caa99262cbb,896458,24148.0,2552.0,0.105682,1,1,191
2025-05-12 21:13:18,d0e06d9df45c18272179a8fc9e573b410cae4248f103501cb31da5247699ff78,896458,250864.0,2552.0,0.010173,1,1,191
2025-05-12 21:13:18,4eab3d71239853f06f3614ee288bede85be82e36b8a77ef5cf15b490d7770b2b,896458,147032.0,2552.0,0.017357,1,1,191
2025-05-12 21:13:18,ce0a4ece662148477e76c40aaf10c3d0d444efadf8b4949dd31e13940dd1b806,896458,51405979.0,3109.0,6e-05,1,1,215
2025-05-12 21:13:18,d96e28bc762de46809b56448f1f0f75c931e5390baf49036d61bf6bb989931bc,896458,52879460.0,3275.0,6.2e-05,1,2,222
2025-05-12 21:13:18,9d371464a8f597f1abf429f6ee981d6f5baaf872ada2f8a4feb276769c7072d0,896458,53060852.0,3271.0,6.2e-05,1,2,222
2025-05-12 21:13:18,808002b30e5608409533f81cbd324db406c66610a4a06055cb87ebeedcc1f4aa,896458,54036368.0,3294.0,6.1e-05,1,2,223
2025-05-12 21:13:18,3c5fb63ebdda448b86eaff1f82101f5a8115c768f4634ae1d879ee59ab2653e4,896458,54128049.0,3271.0,6e-05,1,2,222
2025-05-12 21:13:18,e73cba4616acccdc472c4b867209d5d94eb0eb70a3c51e3f961ac59be2a2e0f6,896458,54710739.0,3294.0,6e-05,1,2,223
2025-05-12 21:13:18,cd5836109687b8f1811cd6515082cfd17f77b69a2b96f26a8fd750c1d8a238e8,896458,54949729.0,3271.0,6e-05,1,2,222
2025-05-12 21:13:18,53296b9dc36d46587b49815d6b16fff6e3180a052ecff01fa7fd737e19fd17c2,896458,93280.0,2622.0,0.028109,1,1,194
2025-05-12 21:13:18,3d1011aed174b03d40a0c3b5c917a6c7f8a85fd414573e17b5bbbf9ae7b61395,896458,26832.0,2622.0,0.097719,1,1,194
2025-05-12 21:13:18,be82bd966e08464794b0d739af7b649858ecd99edaf8a7dc733613a1a170b583,896458,31729.0,2622.0,0.082637,1,1,194
2025-05-12 21:13:18,7b0a01543ac7a48abb425c94393be23f49d88536d717b90b617a10cd2ab79225,896458,94878.0,2622.0,0.027635,1,1,194
2025-05-12 21:13:18,b76b193bf52ed1a823a3e6a7ba8e480577bcf21687cd10155476f3c7091dbeb9,896458,55237800.0,3285.0,5.9e-05,1,2,222
2025-05-12 21:13:18,e5e015054697bc785f4e4b81e567d0f59090c1141619f267643fddcb077e3695,896458,55329472.0,3294.0,6e-05,1,2,223
2025-05-12 21:13:18,1049331e5273b7566dcdc98b4e7863281bb8bcc6fcbd29d743fb3c9eccdeca17,896458,55421153.0,3271.0,5.9e-05,1,2,222
2025-05-12 21:13:18,1720f81cf53eb81563b517cb1b3151ca13a4e5850cfea1cea88c0abc7ac2753f,896458,55512811.0,3271.0,5.9e-05,1,2,222
2025-05-12 21:13:18,d45a30e692bc2be87cf7287115dce3aa4595aa4283a08a1c891e1f7f8202ea8b,896458,56169156.0,3294.0,5.9e-05,1,2,223
2025-05-12 21:13:18,0fd085735d2fd2eb562bdc08256c2b7a5d66efcaa169860cbf879378c6f88632,896458,56260837.0,3271.0,5.8e-05,1,2,222
2025-05-12 21:13:18,8d2e9664e7434790e864018aa100f2a683faebb797b66f995e492b5c473d3408,896458,56499804.0,3271.0,5.8e-05,1,2,222
2025-05-12 21:13:18,7b15e607f807318b254d8ee20d4a7f1fbd1acb6e50c5d9aecdd4851ea928700c,896458,56802571.0,3294.0,5.8e-05,1,2,223
2025-05-12 21:13:18,9a4dea8fd84f37262963dde53d19fd0e9fa4587ab4483fc7831b249c28a3ca77,896458,56894252.0,3271.0,5.7e-05,1,2,222
2025-05-12 21:13:18,d336c03d6c51cc41d1fb6a89e000f7c0cb205dd70678d0e2a6937f3f812d962a,896458,57005550.0,3271.0,5.7e-05,1,2,222
2025-05-12 21:13:18,5ffb09456a6d74001981a367cd46d34b1c049887ed72fe4d0e04eed5a5b639da,896458,58472099.0,3294.0,5.6e-05,1,2,223
2025-05-12 21:13:18,33635dc5e057131aa028739310c10a83958fe8b3489e198ac8307f23239c581e,896458,58602586.0,3341.0,5.7e-05,1,2,225
2025-05-12 21:13:18,cd391959d12d63d38fac9da9fe73dcff2c48abf96d319aeefd715a1ebc0918ac,896458,59087140.0,3271.0,5.5e-05,1,2,222
2025-05-12 21:13:18,948e55ceae73bc7bb7c0061bdf256b6e1808c4d1894a3ac9da8652d47cd10518,896458,59580462.0,3271.0,5.5e-05,1,2,222
2025-05-12 21:13:18,56a2962f2afdfd3994eb0c02a522e2145cc4c0d8a073355ea557a7d926ad3405,896458,60114049.0,3271.0,5.4e-05,1,2,222
2025-05-12 21:13:18,f6067c27af5581657d190870974c05d5db7424fb231a3876624b7f736f326d03,896458,516254.0,4830.0,0.009356,2,2,370
2025-05-12 21:13:18,205059f7be3c32ee8da57e3bd83abd22a365e672bee574003c661a8858fa146f,896458,4540370.0,3275.0,0.000721,1,2,222
2025-05-12 21:13:18,e21a6cedd0ca2fa8ce9565b97933a4a7a676af03f7db72b1eb8fee6ac6ddf235,896458,341109.0,4130.0,0.012108,2,1,339
2025-05-12 21:13:18,fcf639621444245ffff833c8142fe9dcefb8c6ffe2a76dafb61f97fa97f2ffd1,896458,419619.0,3271.0,0.007795,1,2,222
2025-05-12 21:13:18,0a381b60a9d1c302426054b0e66b824e9cc29fc28c89a2837d4a1b3635b9bb01,896458,689777.0,3271.0,0.004742,1,2,222
2025-05-12 21:13:18,6108bc0e1a35726cf4ae113da39476f5aede53c59b05b242cafafef1d27df2c8,896458,309395.0,4849.0,0.015673,2,2,370
2025-05-12 21:13:18,41367df9740f6067390418b5e3626fb851d22a4ce04a19aa77a139b82da5f213,896458,1394324.0,6450.0,0.004626,3,2,519
2025-05-12 21:13:18,f1a8e9ac5c548d4ba9a495e1c8c08140033bbd0a2a1c3e5063f841fcda6ce050,896458,1126880.0,3294.0,0.002923,1,2,223
2025-05-12 21:13:18,2af2f81795a0ef23cf13f72d139333850f515b9da09b393f7d5cfdbb2fd8ef2c,896458,1446617.0,3271.0,0.002261,1,2,222
2025-05-12 21:13:18,c3af07a5eef2748db0e3e9384780144e3f12079adef4617699765d8cbbdd4a2b,896458,593875.0,5174.0,0.008712,1,2,222
2025-05-12 21:13:18,5b20bc38989222b796a65aa6fa05c867b0dd16b6cb0902315d925c61e5fde227,896458,17624.0,5174.0,0.293577,1,2,222
2025-05-12 21:13:18,956fa48cdb2d565a42272dc3970e0119b481bb9ed44a3bca76ebbf0393a61f7c,896458,1095274.0,4872.0,0.004448,2,2,371
2025-05-12 21:13:18,30da02e990445f5aafbe9e699527321b556f6753fe63dd9a94069e5e9d2ab31f,896458,1964944.0,4849.0,0.002468,2,2,370
2025-05-12 21:13:18,62c6671cc864f670a3a91ef21d64cb3cbc7ef787ed9735d2f8b12d2823e536df,896458,1698054.0,8607.0,0.005069,2,2,369
2025-05-12 21:13:18,0eb2c1277f2846032852c1688258546d09a3646b09ed848e31842e05defa10ae,896458,90300.0,4130.0,0.045736,2,1,339
2025-05-12 21:13:18,c2202dd7bef277be565d61951ddd8fcd5bdc5dc9102f8587100cdae14ca3ec50,896458,29832800.0,8611.0,0.000289,2,2,369
2025-05-12 21:13:18,eb71b603575c98f69f52f8b6a8722944f40103ecef657069ef7c5754a9888861,896458,279860.0,6640.0,0.023726,2,2,370
2025-05-12 21:13:18,1a33f27d9928ca115d273f5186d4ee42af4e789b5d2f7d4e440517e9062a4ec5,896458,492347.0,1509.0,0.003065,1,2,222
2025-05-12 21:13:18,53c6788840a762a2552bb1eeec383a0d7f055bb9dd1924ba98ba8851a30885d7,896458,1024238885.0,4025.0,4e-06,1,3,254
2025-05-12 21:13:18,612d046c1f4ab9da036d02bec747c74353d42edf3cfb77890f5234ca5b06369b,896458,252500.0,3300.0,0.013069,1,2,222
2025-05-12 21:13:18,4a0e033752430c1d0227dd6657c533f87dc1b3fd8c58f32c1c448f30ab9deb61,896458,143900.0,3308.0,0.022988,1,2,222
2025-05-12 21:13:18,816788def2ba66eb7175959fa7eecae013347ead7bfdbf4b79942491b75ecae9,896458,808600.0,3310.0,0.004093,1,2,222
2025-05-12 21:13:18,708910ad7df219a4a8cf161e0ef516a0d28d0269f54495852b0953dd9e3bf408,896458,1024239598.0,3312.0,3e-06,1,2,222
2025-05-12 21:13:18,57133fc4fa8dbd07612679e94639584726ec2a62d946bf91a328f51f6d042fe9,896458,19615.0,2590.0,0.132042,1,1,191
2025-05-12 21:13:18,264f9bdd37be229ffc2c223fbc4afd2cca61d09815eefb88f1afa3c667d00f0a,896458,162600.0,3400.0,0.02091,1,2,225
2025-05-12 21:13:18,050b6b389c4f104fb54a1275a6125d9eb861424cc83240de8bc91d979e0ec348,896458,6665834.0,6248.0,0.000937,1,1,191
2025-05-12 21:13:18,af0f094946cd1bbf913faacfda6a5454b4ad38e3d740f091acbf4c3ad3af7ff2,896458,6672082.0,3438.0,0.000515,1,1,188
2025-05-12 21:13:18,f46cd47036b3051c17ca8236f5fbcb6c5bebe4fceb623eb2574edff83b78ec8d,896458,1133106406.0,882.0,1e-06,1,2,226
2025-05-12 21:13:18,a18a18f15e9e3dc71cb02afbaa5adf384a2c53af09011e1406ff32021c25e0bc,896458,117474.0,4248.0,0.036161,1,2,259
2025-05-12 21:13:18,5b06954e32e4700137bfc104df6730f605075cddcfa1a301850c0ef90ac9e34a,896458,5867232319.0,10656.0,2e-06,1,10,635
2025-05-12 21:13:18,7e79a2720f7b84efe1ffc8b7bbc17af611bb2bf774c42bba1c29f6e6a067250e,896458,1894283.0,8338.0,0.004402,1,4,345
2025-05-12 21:13:18,a6bd89212cb17d56b830efc51526d3ad28d3dffab19904cd33a4e41e5b0845ba,896458,9956619.0,4602.0,0.000462,1,1,190
2025-05-12 21:13:18,b74fc3b7b0dd923636b7b03af8a03267a52401c33795f1859da4910c87ea2ad5,896458,12078915.0,8188.0,0.000678,2,1,338
2025-05-12 21:13:18,f35f79bb0131c2e4bb617a7ca7af5ab79575e9af49f48cb54c193be28486a733,896458,11811062.0,5035.0,0.000426,1,4,288
2025-05-12 21:13:18,1306df1261c41ea580c850ef790e405dedafdbcc5b40d6c3ba99f135bc24a53c,896458,2153455.0,9956.0,0.004623,3,1,492
2025-05-12 21:13:18,d4855449838a83837b3e259096a20513c607011e3b6083e6b6b9819277a2ef1c,896458,8214524.0,4602.0,0.00056,1,1,189
2025-05-12 21:13:18,e8d172c18d853efd01b4a95ef8e1ae9b424da96fc9eb801be307a8d63efb7d83,896458,1024039444.0,3744.0,4e-06,1,2,235
2025-05-12 21:13:18,4240dd5a443d747c372254249bc0ed917a4577dd4ba25db5910a76c571c411de,896458,1024239381.0,3528.0,3e-06,1,2,225
2025-05-12 21:13:18,7641048e5c61239aff078f3993a959a96b9e7f388b5584e39f4ff6e812f7adc5,896458,13252868.0,2737.0,0.000207,1,1,192
2025-05-12 21:13:18,958de41f3739585c0ef85b2d05f25eb9a8ff8274312c4bc1039c2ff83792ea74,896458,38024223.0,11320.0,0.000298,1,12,534
2025-05-12 21:13:18,5c6b37df438424e03b8a7e590c4edb4fc5f8f201fc9bc873bbf227471f6d72f0,896458,299996475.0,3525.0,1.2e-05,1,2,223
2025-05-12 21:13:18,1aaf4f28be3fbb188e8878fc71f46f44752ea7db60630bead26f2b2e1fb036d0,896458,975469.0,2825.0,0.002896,1,1,195
2025-05-12 21:13:18,a64c821a0b214becc7c3ff6677a15aa6e948e2a384033d6a0fc366cfed0a1638,896458,97291.0,2750.0,0.028266,1,1,192
2025-05-12 21:13:18,bad5f5ad2c481f6ce6a2e263c958fcd870768e4487a3f4b033d2275f5e8c6f1a,896458,188657.0,5550.0,0.029418,1,3,304
2025-05-12 21:13:18,557b03b331f9597887db4c10b75fe1bc7e28cddd4187b17c203cc031534a24cb,896458,25049956425.0,26375.0,1e-06,7,2,2379
2025-05-12 21:13:18,088bfd114faf00f444858744d790b9408933ea1c8ce5ed9ecdd642e5ce4a1dfe,896458,417970.0,5256.0,0.012575,2,2,370
2025-05-12 21:13:18,e7e244c9fe9a2a24e5bf3123b77efac4f614d6c588bf4ad769fca33b7c0340eb,896458,546.0,3150.0,5.769231,1,1,204
2025-05-12 21:13:18,4785b16ae4a55c23866d4989e8ae70121bf033ae958916435a71654b5fc0d34f,896458,3696.0,3575.0,0.967262,1,1,320
2025-05-12 21:13:18,5018b6bb69fceae4b4f93b87babea2b7e2f15d9ac537e372b5466dcaba3cba1a,896458,299973240.0,5760.0,1.9e-05,1,2,226
2025-05-12 21:13:18,e9040352bdd6362e2a977356a8b27a74d87d347b7d8c2ad9b466d3f98c5ff276,896458,83409.0,3672.0,0.044024,1,2,225
2025-05-12 21:13:18,3f039149374dd3d370cf668058f46036c8c96aceffea4663ea1174063cb5ff30,896458,2999087.0,3621.0,0.001207,1,2,224
2025-05-12 21:13:18,71033e577b2f158121f606109b7658d31204b00efc93fdfe6c58d6be7e1798cb,896458,44257.0,3596.0,0.081253,1,2,223
2025-05-12 21:13:18,1b3d521e69086bb7920ab965559478f144f7b5e3a7de4f67a5518c01a97f0779,896458,158710.0,2842.0,0.017907,1,1,192
2025-05-12 21:13:18,124c8437bb1afdda8db9998b3dc9b5b07e1642ed728d8cdebcef88bd1665b0f0,896458,933223.0,3925.0,0.004206,1,2,234
2025-05-12 21:13:18,d4fd6884db873441840110b07a44effd456a9f5dc7a925bc6eeff9bef6e87aea,896458,2840820.0,9988.0,0.003516,3,3,551
2025-05-12 21:13:18,9f5a54fb9b171e5d1c4eed01c1456bbe11b96c3b56ace0afb7f9a17d991ecc38,896458,345677059.0,5569.0,1.6e-05,1,2,228
2025-05-12 21:13:18,1e47fa18c8a1f55904249411047be1418c6f3f02ee5dedf495e492a45ddc65be,896458,75360739.0,6554.0,8.7e-05,1,3,254
2025-05-12 21:13:18,3223ef2ef64854034b6159dfbfa2bf9b36de1e1339e2edefc59836ef5cd58f26,896458,4825751.0,15647.0,0.003242,1,10,494
2025-05-12 21:13:18,c40b95e386a4208625a6b7053387a4f797619e78220736c96aef3a08dfe7f4d8,896458,579215.0,5342.0,0.009223,1,2,222
2025-05-12 21:13:18,6d3c59c2aa18a647fd3a21c8d0ece0d507c7b6f69aca55ffc4642156f75474cd,896458,4860698.0,5342.0,0.001099,1,2,222
2025-05-12 21:13:18,334ebecdc2cfe475d71e877e11364f6469e60b3ab412a524f84b1ec71a9b1ab9,896458,15852986.0,5342.0,0.000337,1,2,222
2025-05-12 21:13:18,dcb747ff01cf51d573970f2e3c8f96d3e95ed5ca2e6fc69fc64a10904f24756f,896458,116004814.0,5342.0,4.6e-05,1,2,222
2025-05-12 21:13:18,71913372a31057cea0abca5a5dfdf71c7d87eda1b039f645d3f5923704be163c,896458,164658.0,5342.0,0.032443,1,2,222
2025-05-12 21:13:18,aece5dcd2958220526f286c9844ac4810068532aa78bc0f2e463d11d49e03c3a,896458,9731980.0,5342.0,0.000549,1,2,222
2025-05-12 21:13:18,4684fc77b9eee294bd1fb75d1359048bd7458a755d3964a8466efd9fabf06000,896458,1746208.0,5343.0,0.00306,1,2,222
2025-05-12 21:13:18,b0e8495e826e05852b7739495ee30c02496c80f91d65be549977e49445814f6b,896458,2925812.0,5341.0,0.001825,1,2,222
2025-05-12 21:13:18,8bc404d1049374edc5d98874786ef2bd1e416e5fa3ca7aa47c486b58b56a23a3,896458,129990225.0,9775.0,7.5e-05,2,2,420
2025-05-12 21:13:18,0b5eb84590137fa86beec3051ac7aaee6ae8acc6cd9c284d7bbc37d1943d2e91,896458,4675232568.0,5456.0,1e-06,1,2,225
2025-05-12 21:13:18,a524e9e88c42b60c3a36fc591ae6a66bb69de0c415b108866847c7610b1a3b55,896458,208753194.0,7959.0,3.8e-05,2,2,372
2025-05-12 21:13:18,7c7ca8698753d0be66a095d2f62c41a57800eaf3462e13c566501a60f950030d,896458,10004231.0,4169.0,0.000417,1,1,191
2025-05-12 21:13:18,0d61511bb85df8e9f2b741af26e13bbb07e7a0c0b7f249310f791581a4d20df8,896458,20156.0,5344.0,0.265132,1,2,222
2025-05-12 21:13:18,e7a004e9779991b5c4f0143fb34814c1bd1017b57a26c50066f6ef77115aeaee,896458,945217.0,5344.0,0.005654,1,2,222
2025-05-12 21:13:18,99ad924d0a3349de50abca239c0fe33cf29141949d8872d1ea98bd4c7f31b29d,896458,86559.0,5344.0,0.061738,1,2,222
2025-05-12 21:13:18,0aa50bc4d7815aaa77ac6a5bc9d29943ef44f2e21f2c0b5bfcbc0131148f5163,896458,13048858.0,5344.0,0.00041,1,2,222
2025-05-12 21:13:18,0547b862a37f14a41641ac828161cf7543735a8b9f98cfe699edb513cb8f7562,896458,16103919.0,8094.0,0.000503,2,2,375
2025-05-12 21:13:18,64cfc35ca71a23685349390324602555060dd0c69a0b37c9d1221b2521b29c05,896458,30350747.0,5301.0,0.000175,1,2,223
2025-05-12 21:13:18,7719f6206631e90dc7fa1d77e84683a1c433fa932a3e2bb6e42a9d1c6106c8ff,896458,44820.0,4180.0,0.093262,1,1,192
2025-05-12 21:13:18,c26484200582da74ff833d186eb7410a8a23f888e7343c8c0b3a0f875e0169ff,896458,2174182.0,4180.0,0.001923,1,1,192
2025-05-12 21:13:18,a614cb4da26babc59321ac652ab4848dce20fb3976b83a15f2ae4fc8429bdefe,896458,1224501.0,5358.0,0.004376,1,2,222
2025-05-12 21:13:18,56849f4b2b6f4d0b38fafd63df448df995b62ebd97c69867b3d46480979a38fe,896458,552455.0,4294.0,0.007773,1,1,195
2025-05-12 21:13:18,534d9fcae7ef718fbee05dd2b32c7b7ccf375fb53578ab9230e36365fad130fe,896458,8390.0,5358.0,0.638617,1,2,223
2025-05-12 21:13:18,e83ef32ba1473c30e4ddf0315d982b5caf09327af5cb9e9217ff5564374604fe,896458,22798.0,4218.0,0.185016,1,1,192
2025-05-12 21:13:18,389d2c8acafc42aca05408a137cc5864617e62b9c52cf3da8d4ebf603b8141fd,896458,54123.0,4636.0,0.085657,1,1,204
2025-05-12 21:13:18,c2b48f2d9da41c50c53750bd7f781f0a7cdcf678e954420a8aa991d90fc4fffc,896458,306202.0,5472.0,0.017871,1,2,226
2025-05-12 21:13:18,4a6594de3a19f3c273f114de1356b43a8f1031c07a0f7fd9c94350b8747b07fc,896458,88052.0,5814.0,0.066029,1,2,234
2025-05-12 21:13:18,4f1c7d956572b9aee06b8ede200f4d2359d1eff38dbfe289762003bf529d91fa,896458,683518.0,4180.0,0.006115,1,1,191
2025-05-12 21:13:18,068b68a1b4ec22551be683c7193a5039dd03054f47b057bae32bda318c36b4f9,896458,1376.0,4218.0,3.065407,1,1,193
2025-05-12 21:13:18,3821390981cc4353a095a54151de81f1730ac7f2575a1cbd2e8a4636dcb8a0f9,896458,294294640.0,5358.0,1.8e-05,1,2,223
2025-05-12 21:13:18,bb6a6d814a2001c7b16812d322ced29f5281441c9eb1080fb65dcef5207d8af8,896458,45820.0,4180.0,0.091227,1,1,191
2025-05-12 21:13:18,a17745e6135c89f30d949cd55f4e0a0582895e3673fb543aa89d8ea4613383f8,896458,268422.0,4294.0,0.015997,1,1,194
2025-05-12 21:13:18,8ecf570eb2a0c7cf4d6c50b1c8ca730e124d36dac9673685f92b430f0e8178f8,896458,2073214.0,4294.0,0.002071,1,1,194
2025-05-12 21:13:18,8cf4080bb50deb78c81c6aa4a25faa71c9cfaef644b1c69f3d036288691602f7,896458,184316.0,4294.0,0.023297,1,1,195
2025-05-12 21:13:18,cb742a931b572e07a78019ceb524e301d4d730691074b4534f985be8a4f63df6,896458,153860.0,5396.0,0.035071,1,2,223
2025-05-12 21:13:18,5eedc363acb4f8bd25eea86608e156e06780a118270f0fdd1dc32746467679f5,896458,297246.0,5472.0,0.018409,1,2,226
2025-05-12 21:13:18,9e8a5eef60df789842e8f457de43334a3e0dc968a43252950b3b319c4ff65ef5,896458,76593.0,4294.0,0.056063,1,1,195
2025-05-12 21:13:18,c928f4d2d3fa5ea719ad2d09ed8f0f0e89ce30d9a696ceafdc0e19bc62ec24f5,896458,763872.0,5358.0,0.007014,1,2,223
2025-05-12 21:13:18,0194b1bc1d2a0563bdbb4633df2acb8d08986e6a052b394cd6d7381324c941f4,896458,105583.0,5472.0,0.051827,1,2,226
2025-05-12 21:13:18,4b949a8c8c358c3d772c043703fb732b7c5e18a2152f9ad4542e415399b5d6f3,896458,259491.0,5472.0,0.021087,1,2,225
2025-05-12 21:13:18,33c6c45ef849e45549487f71cb7a14dbd41486eea7b381ca5ede2ff882b27df3,896458,174031.0,4180.0,0.024019,1,1,192
2025-05-12 21:13:18,3b4016d54052755bcf5886c6a9996c1764e3df5ed27d861552c4b5eec4603ff3,896458,1897060.0,5472.0,0.002884,1,2,225
2025-05-12 21:13:18,add83baf1d8a1b27341eb7919b6d3e48b534c4be8d1b744aa248785fb528c6f2,896458,17082826.0,6536.0,0.000383,1,3,253
2025-05-12 21:13:18,f2bbf09a60d3b5c34ad957836bd7917373633004d0ba3a3a5f58b68311f7c4f2,896458,1562795.0,4180.0,0.002675,1,1,191
2025-05-12 21:13:18,46c2aa600cd51347c247b34260e65d694a1202979d6b8e8dfc7e7a52c5b8b9f2,896458,3984155.0,5358.0,0.001345,1,2,222
2025-05-12 21:13:18,752a02d15e8c853cd5457f0432630d5dd23a76146f2e1a839c215954cd4598f2,896458,9369887.0,5358.0,0.000572,1,2,223
2025-05-12 21:13:18,7d40db99db4f22737fb00165644d3bb817288aa66d5c4e6ec64e3a0dee147df1,896458,20232.0,4294.0,0.212238,1,1,194
2025-05-12 21:13:18,6805857392d4d2e13004d74da9dfc77440b90b38945d78552289f399099666f1,896458,192381.0,4294.0,0.02232,1,1,195
2025-05-12 21:13:18,04f9264e4d1065e682606291b3f173211c7936c232707799c0fe0bd99090bef0,896458,1657.0,4180.0,2.522631,1,1,191
2025-05-12 21:13:18,933a8430bd52026ed0ddd725aff397e5dd893e3c66b266241deab8f1143eb9ef,896458,389687.0,4294.0,0.011019,1,1,194
2025-05-12 21:13:18,62bdf76f000c74699618476b4071d5b6b711fef69086f875585ab3dddd3857ef,896458,61954480.0,4180.0,6.7e-05,1,1,191
2025-05-12 21:13:18,cdbe17401bc9fca9c7fe4a29b415a17a672cc4fe3e776605b49fdddb721a2cef,896458,193722.0,6878.0,0.035504,2,1,344
2025-05-12 21:13:18,510fabbc132f7ed9d1f5afce8a39528948dde6bc06a00a5509d6636f6e613aee,896458,158277.0,4294.0,0.02713,1,1,194
2025-05-12 21:13:18,caaa07390438d8632743cdc20a460d593c8969f8733f4a2897ed5c65c82ae3ed,896458,1495741.0,4180.0,0.002795,1,1,192
2025-05-12 21:13:18,a35c4c95d725cac73831c26c1a51155a3352566d668b99d6bbc2f7c45dba15ed,896458,90566570.0,5358.0,5.9e-05,1,2,222
2025-05-12 21:13:18,f304c1864efef7a77caba01215ef02720fcf4851d73b7b1a6490bed83acfd3ec,896458,159960.0,4180.0,0.026132,1,1,191
2025-05-12 21:13:18,1cc445132658b4b2f89584354837ac09fb5af09eab11faa21b57f0e369dbddeb,896458,49647.0,5358.0,0.107922,1,2,222
2025-05-12 21:13:18,aae5cea4d70f99bf8aa63c128f6ecb43675a986c09d3b092bb4ca7c29a4fa3eb,896458,462949.0,5358.0,0.011574,1,2,222
2025-05-12 21:13:18,e6a32095e473879943c82268cfb08f57a91eeff16e9faa8d493f156df1b700eb,896458,181959.0,5358.0,0.029446,1,2,223
2025-05-12 21:13:18,60bd6fa0890cf3f669275eb2f777a658bfae44499b6ba1b0d47f6dfccb6347ea,896458,229012.0,5358.0,0.023396,1,2,222
2025-05-12 21:13:18,be621e7ce244d2dbbd332adeea2d6ce02fd73fda3d8ba9082db3d65eba0300e9,896458,64492.0,4218.0,0.065403,1,1,193
2025-05-12 21:13:18,1310bfb1caaa7e9d646e0d69dd50cf41675c3d3ecd3d3f810fae5ab541ed62e8,896458,8616132.0,5358.0,0.000622,1,2,222
2025-05-12 21:13:18,81fcf90bc760b40136046f21383db5cc6edb532d87de6f8610cf59e72d4f12e7,896458,100208.0,15732.0,0.156993,5,2,819
2025-05-12 21:13:18,fdf0a79d97dacc9536036b6db52add67bd79e01043d53998c33a961dcea903e7,896458,328636.0,5472.0,0.016651,1,2,226
2025-05-12 21:13:18,6f854d942e311b14b2e2a3ea5fed7cfd1beb9115958b72a8535192fd67f696e6,896458,126823.0,4180.0,0.032959,1,1,192
2025-05-12 21:13:18,ce4ac850c6b294531a823acd4095192cde8cd860e50b7746f78836808d8260e6,896458,113782.0,4218.0,0.037071,1,1,193
2025-05-12 21:13:18,9e28f7d0a428962d29150357d266550d608953944cc1613972efad8c652b22e6,896458,309392.0,4294.0,0.013879,1,1,195
2025-05-12 21:13:18,4c75044cc654601e061613cd6a80f15c1fa2c8f2fd0a510e6869c6da671603e6,896458,716706.0,4294.0,0.005991,1,1,195
2025-05-12 21:13:18,8bcadce9d168d2ef957c21f573601903ad37f0b2d9d92a495a6353855714e8e5,896458,76798340.0,7942.0,0.000103,2,2,371
2025-05-12 21:13:18,42a0125007caaaec3417f155102b686ac93ca403fe52f9a1007b3a57645a5ee5,896458,187239.0,4294.0,0.022933,1,1,195
2025-05-12 21:13:18,20756b07a1172cdbdd967b814e3774da4702a88e919ae412d76563c43e8c4be5,896458,846799.0,6878.0,0.008122,2,1,343
2025-05-12 21:13:18,6a4410dc09cee8d300d9d68007339a064536a1faf4b234c20511889f506d0de5,896458,563560.0,5472.0,0.00971,1,2,225
2025-05-12 21:13:18,465c9ca839c88b739fbea1a37a9d0595b2a03800b5846a77d17ca2dc41768ce3,896458,36847.0,5358.0,0.145412,1,2,223
2025-05-12 21:13:18,33df654b57edbddcc43f571395d79843f9939ca74cb1919c60b7dcd2f06f5ee3,896458,153626.0,5358.0,0.034877,1,2,223
2025-05-12 21:13:18,b4825bc8e1c0ee1a65e2228e5729f60486c239d44458fa64c898f54814d558e3,896458,372000.0,5472.0,0.01471,1,2,225
2025-05-12 21:13:18,83229856c8e627fc0658a67fa288a1dd5ee3a69385e212f9058d7d4b8ec2fce2,896458,276177.0,4294.0,0.015548,1,1,194
2025-05-12 21:13:18,eea406ceab9036171e2042d40cb158dfb25221bce3ad8653e4fc95876d29a2e2,896458,501706.0,4294.0,0.008559,1,1,195
2025-05-12 21:13:18,a716fda044ce88485c8a6bc31a6837de3f9072eb00a99bd95577b2f1d80818e1,896458,45105.0,5396.0,0.119632,1,2,223
2025-05-12 21:13:18,b33aaa556ed2ddc6a9289223febbd95f8d2a7fbdcd1ac650d24b8549d6caeee0,896458,83937.0,5358.0,0.063834,1,2,222
2025-05-12 21:13:18,85d1d7b3000df2075bcd20daa1d12bddf08ec721bbaac5f4041b6b77647562e0,896458,2157897.0,4180.0,0.001937,1,1,191
2025-05-12 21:13:18,6d4ac8e05e6f594bce0b985df2b7f4b118fb45b4be5a1bb371dd30202ca702df,896458,53816.0,5358.0,0.099561,1,2,223
2025-05-12 21:13:18,9a3aa667b4a7f595a8d9cd99b8a2176c4ef4704b0e7074e3f543abc40bff41de,896458,118460.0,5358.0,0.04523,1,2,223
2025-05-12 21:13:18,486e2fc36a88748f565e290b7133aa9a114446ef837a70ebe03c9297c8b84bdd,896458,461107.0,4294.0,0.009312,1,1,195
2025-05-12 21:13:18,27ac040b074638968210285d8d15f6669d8084a2003377f1ad2547e230aa22dd,896458,1692.0,4180.0,2.470449,1,1,191
2025-05-12 21:13:18,9258bcf02b59ab2b8c1c9f5e26661b5903d2359945995ba301c0b583050fcfdc,896458,31191107.0,4180.0,0.000134,1,1,191
2025-05-12 21:13:18,a1e2dcb1c8a15cb1cc6a8ab877e859317ca2dafb9e29d0673c5e022f117fb3dc,896458,18580466.0,5396.0,0.00029,1,2,224
2025-05-12 21:13:18,0ccce0bbf95f3269e2921ddbac687655feba4a39ff588ca6b87284857a6a3edc,896458,173408.0,5358.0,0.030898,1,2,222
2025-05-12 21:13:18,23bff037e3666e1b86a47ce2450285826d33eabd2af791bae62c63a90c1801dc,896458,38386.0,4218.0,0.109884,1,1,193
2025-05-12 21:13:18,0c00c2adfcab8cf49047c42ea214d1c5b85a53903ca1d588c516e2e68da0c5da,896458,890475.0,4294.0,0.004822,1,1,195
2025-05-12 21:13:18,57a5055e88bf5d4d3733ae3ec4468784fd56ce5cabf2e9b0d7b1b050fb8895da,896458,2814758.0,5472.0,0.001944,1,2,225
2025-05-12 21:13:18,c1ef0035dc4677ff1c0601b8200d3c48d5fae18b6dad0cf67699d535873309da,896458,81771.0,4180.0,0.051118,1,1,192
2025-05-12 21:13:18,8ec486b872faa4b3e6b1038bbf14e0d80680a06d55d1a2c4e10b21ca08053fd9,896458,151333.0,7980.0,0.052731,2,2,373
2025-05-12 21:13:18,0ed18e358b8e41ff2eb177dcd56f4c5b0ce7a71b91d95cbbc6d5ac3138dce2d6,896458,481488.0,4294.0,0.008918,1,1,194
2025-05-12 21:13:18,356e2b2c2fc29dfeb9402290f422ca7980b15d4d819bcb4b238dca87a463b6d6,896458,82830.0,9348.0,0.112858,3,1,490
2025-05-12 21:13:18,9a08d54ab26e96476c1213fe299e47e8345d919160c5c9aa6bf102924bb723d6,896458,8057.0,5358.0,0.665012,1,2,223
2025-05-12 21:13:18,3d027a70eef9675e1d6e131474f941532dd12c935f2112730d378da4eeb91fd6,896458,7888682.0,5358.0,0.000679,1,2,222
2025-05-12 21:13:18,425a0bdf1d6723e3acb9884cc358654ac1461962f6876b345d87a941777915d5,896458,122723.0,4180.0,0.03406,1,1,191
2025-05-14 17:04:35,5e7395773c4d69cc6d9c1afdb612236ae0af5a424faa2c8615bf8333bdffd3ac,896698,7834804.0,576.0,7.4e-05,1,2,222
2025-05-14 17:04:35,910c60fcd681cbb78373bc25b524ad6677713a96195df9f677dc4fd09cfe22a5,896698,235217.0,576.0,0.002449,1,2,222
2025-05-14 17:04:35,e98a8da3000b89ebd146ccb1b02caac14115bf3c03dd97d59840fb4a837a2b94,896698,100169.0,576.0,0.00575,1,2,223
2025-05-14 17:04:35,4885a9a37b6d9fc3f720e028873a3be4bbd6d9f348812cdf1a97531d765c5384,896698,159734.0,576.0,0.003606,1,2,222
2025-05-14 17:04:35,0350438bc4b46560c1930a7d77d1b9f90021694f10b64c173e462bd9dd36a870,896698,663624.0,576.0,0.000868,1,2,223
2025-05-14 17:04:35,658ce8cfbca5bb9f978418f6adcd9e8925b6e7d353126bc95d222bbef536cf5e,896698,14143037.0,576.0,4.1e-05,1,2,222
2025-05-14 17:04:35,3d4955ed8926944e60b4799684a6fa890ff7f69a4e16c2a9b84b85e195bad92c,896698,490232.0,768.0,0.001567,1,1,188
2025-05-14 17:04:35,ae617541ac208e49e51b3c786a91af09417449bfbf5c59000cd6d36af3e69b13,896698,21950.0,576.0,0.026241,1,2,222
2025-05-14 17:04:35,5273ff0654e7dbb00b849071d1de15ff2783717293971aa07e9d56572af9e410,896698,94244.0,768.0,0.008149,1,1,188
2025-05-14 17:04:35,95d20a5afccffd85912015dcd78360ecf9b8ddd6b5405af838ef59e59ed3b810,896698,113224.0,576.0,0.005087,1,2,223
2025-05-14 17:04:35,67de3df8c8d4097d1f814a63755e6a69876050fd56c343cdee11a7c9407435ec,896698,794115.0,854.0,0.001075,2,2,372
2025-05-14 17:04:35,aa2276d650832528e9128f520937bf33212dea5e988c177460b66b47666047c3,896698,1687173.0,854.0,0.000506,2,2,371
2025-05-14 17:04:35,f171b7a53223182be94d720eba4ec56def2c84b57c52763e5ff271b141ed44ce,896698,5470416.0,846.0,0.000155,1,2,222
2025-05-14 17:04:35,e63b46dd5abb918c7d0dfbd64f7a4c8d0dbfc90505f9dafb0e81ddfd71595d4c,896698,5491785.0,677.0,0.000123,1,2,223
2025-05-14 17:04:35,88673614b9eae063f1f83c704f3546617e25a053d8cfdea03f58ff50362edf16,896698,5514181.0,734.0,0.000133,1,2,235
2025-05-14 17:04:35,fcc339cc9727c1b439a507b6bf6b6ae8a25ac1f12f2e23394e69d84f164fa867,896698,5723086.0,338.0,5.9e-05,1,2,223
2025-05-14 17:04:35,0e5187087c93f91f34aeb5ba979a6d6cdb8dd5ad598fc141d428b424ac024400,896698,5745051.0,338.0,5.9e-05,1,2,223
2025-05-14 17:04:35,b939aa25786d9b7ca8b41f97570fda8c5151bd992a9f901b01504e880ff8f2c2,896698,247307.0,896.0,0.003623,1,2,219
2025-05-14 17:04:35,5d5b016d55d977b61eebb9197110f6d36d3d6bd6f88cc90c4d911b2df2e24e48,896698,378598.0,11016.0,0.029097,18,1,2692
2025-05-14 17:04:35,c41a22b41fa80ecddd417adc11eb052b8a66df9e40eba6c04db4a79d3d27c67b,896698,527350.0,1040.0,0.001972,1,3,254
2025-05-14 17:04:35,a07d06280d72c47f7ccf0e50437b7873780916d0b44e19e7d0bcbbaeda5124ea,896698,462953.0,875.0,0.00189,1,2,223
2025-05-14 17:04:35,11f9e0f5090ce43c034928b559577aafef10e0547a94cb86623a28766e2a0610,896698,2916590.0,284.0,9.7e-05,1,2,193
2025-05-14 17:04:35,ce822e44774f789599426c7047f6ea537d4859e6044005942f85d78c1431ae6a,896698,572447.0,856.0,0.001495,2,2,372
2025-05-14 17:04:35,904263be19b346b5d9d925624591ee682097ffd8e8041b565bca7b5b9904b7e1,896698,159428.0,852.0,0.005344,2,2,370
2025-05-14 17:04:35,80d6e4a85327cd370092f58bb1225fbeb6374bf58b11ea700fca275c9879a0da,896698,294987.0,680.0,0.002305,1,2,247
2025-05-14 17:04:35,8e1cade05b91661c4a12e7845527f7b611e65a08236fb4fbcd553b8d70e0d167,896698,1342726.0,586.0,0.000436,1,2,224
2025-05-14 17:04:35,4da9aad1562c2b605a62c1ef467f7a92e47c9b8de993794597dfdc2455538e3a,896698,325436.0,586.0,0.001801,1,2,224
2025-05-14 17:04:35,06bbc831d4607b3100ef43fb0004656f6302d63f55e1a70e759a3a53464eaed4,896698,303767.0,876.0,0.002884,1,2,223
2025-05-14 17:04:35,aba718b8038514f959e59d4f48f45aa78e9272a2134998b6c3cac955ed849ba6,896698,971309.0,281.0,0.000289,1,2,222
2025-05-14 17:04:35,8c46c990db25f7b1a8bbdd17502c8129e9ac4220c4b4ecf640ad9d068352d9fb,896698,10846812.0,2746.0,0.000253,4,2,669
2025-05-14 17:04:35,c2187f3b57978e857923f9cac0154bd690c408ae5eca81be9a8b49e4060e6108,896698,335242925.0,1388.0,4e-06,1,1,338
2025-05-14 17:04:35,1152b626c06f475ae7fe37072f19ca59d069032998759f5b2210997ea51bf4e3,896698,87841744.0,2998.0,3.4e-05,1,19,920
2025-05-14 17:04:35,7902e6423b342d240e2554b0e121c4ae6bbbce945cf48e14891d8e149c3c8f93,896698,62224.0,580.0,0.009321,1,2,222
2025-05-14 17:04:35,09cb679100ae122ab7b82711c120a643d55f3b0be720543ecbd82af2f1ccf98f,896698,424340.0,580.0,0.001367,1,2,222
2025-05-14 17:04:35,71cac30d4ac3fc9ead60a2fe9213fed71af71b3c397794c74b051f0926a06708,896698,430901320.0,720.0,2e-06,1,3,256
2025-05-14 17:04:35,a887643731fcff5967a2f8bc59a23738260e533436d6a1a343200e569f13272f,896698,499518.0,631.0,0.001263,1,2,234
2025-05-14 17:04:35,6d8536e448ecef12f90ed8b99e1d7160aa3e85a6693c544dc7d6257bbed9992b,896698,1533413.0,1643.0,0.001071,3,2,968
2025-05-14 17:04:35,797580dd3381ef0cf5ad5c0d59e1da74c2a522a93f2457f83aa255fed7f3b156,896698,1130291.0,1569.0,0.001388,1,2,380
2025-05-14 17:04:35,9fd42ac2db7149fc9d78e2ea0f72cb5a91b6ac32506c65f731cec032b830ef41,896698,16638069.0,793.0,4.8e-05,1,2,382
2025-05-14 17:04:35,b20d34b6655413309077f781adc090fc06e377b76a6982ecdccc985f6f063314,896698,18980146.0,793.0,4.2e-05,1,2,383
2025-05-14 17:04:35,f912cef4c8a5088642b8494b87c001ac128ba4ccafeac6a01c76dedcc9de2db4,896698,20957043.0,4660.0,0.000222,10,2,3027
2025-05-14 17:04:35,d16b3b6c3eafa6c7b1455a3b02b6dee252b4f23d89bf0fa9ffd5c38d5b10117f,896698,3592815.0,781.0,0.000217,1,2,380
2025-05-14 17:04:35,091b74e1520725f25e9649778853f25dca5121830b109b8c2fdf0c878e482276,896698,313905675.0,781.0,2e-06,1,2,381
2025-05-14 17:04:35,c45d72bf6b4a9f5b4a3c8d2d60509b7f1cc128b620d5d0ffec378acb7c6cd452,896698,40250096.0,781.0,1.9e-05,1,2,379
2025-05-14 17:04:35,9fb9a8d37bea8806bf247a6eb6848564b9581d33549da47181b270845f8798a8,896698,19293187.0,30058.0,0.001558,68,5,20176
2025-05-14 17:04:35,e3de3df98d4b26303f020c6740f7dc3f3bc2c5ead67826afb3456928ac6fb4b6,896698,134652.0,583.0,0.00433,1,2,222
2025-05-14 17:04:35,cb2c0842005feaac30bc7c36f1426540976764f3965551faf8c602c5b8c69cb3,896698,3442513.0,583.0,0.000169,1,2,223
2025-05-14 17:04:35,d16e1bf5978bea5ef9c3bd7915d30409cd0139337c2453fd60d5451837a2916b,896698,473126.0,583.0,0.001232,1,2,223
2025-05-14 17:04:35,08fd1ea0d5091d2a4e73b4813aa51303400ce7301e45c57c64016e21c2d87dd4,896698,477580.0,583.0,0.001221,1,2,222
2025-05-14 17:04:35,ad90f15f1f3f6637853a4d4469dd6575b3547c85b270c76eee575a02dcf9b2e9,896698,482095.0,583.0,0.001209,1,2,223
2025-05-14 17:04:35,f19a66f31d4c9b20a992c0d980f913426626378e8064b842a1ad3300f2fa800f,896698,139227.0,583.0,0.004187,1,2,222
2025-05-14 17:04:35,50c3de1e6f778ef705923473cb986440c2ba51b0ed15d2d629b517d52eb70ddb,896698,143863.0,583.0,0.004052,1,2,222
2025-05-14 17:04:35,327fa888be9b912086b5e37fdf5fa76a686fe309079563795ea5b935f1632fd7,896698,148499.0,583.0,0.003926,1,2,223
2025-05-14 17:04:35,28df5f0a9fc406989afbb7c2cd260fd7d2cb1e31d9b93644cc88a16482994303,896698,486610.0,583.0,0.001198,1,2,223
2025-05-14 17:04:35,63d8b75802463daf542dc565077540cf14bde3e5a532168b2d94c0da9c644209,896698,491185.0,583.0,0.001187,1,2,223
2025-05-14 17:04:35,b820b089e9bb8ee2ece74db0d3c33ae8965db0bcb0e3ce4312e161303cde4c7a,896698,997356.0,455.0,0.000456,1,1,192
2025-05-14 17:04:35,bac5261375957f9b9500186f4809c7c7535c9ae9688b6c02a87ff9b90fcfcd89,896698,177865.0,584.0,0.003283,1,2,222
2025-05-14 17:04:35,bd98964871a5eb32b5cfefdb8edae98eacf37c6fade4e9d8818e3a4e6c275a61,896698,24671.0,975.0,0.03952,1,2,235
2025-05-14 17:04:35,6135e4fa8b639df42fa9f8e9c00e4859116412b05b3f9f811ed9c28fceca97d6,896698,10576.0,424.0,0.040091,1,1,153
2025-05-14 17:04:35,dd0fa6d58d350837cde884d9cda5fb033d04badb4098d155e12519ed421bea0b,896698,1267269.0,424.0,0.000335,1,1,153
2025-05-14 17:04:35,604e77ab1a34646efd55c288bef9bf160e1ea6ddaba720465db7b47b44245452,896698,46844.0,412.0,0.008795,1,1,150
2025-05-14 17:04:35,f80baeef43b3da005385b0a9b915738eb68cb365151610edd72728856a33a402,896698,4588.0,412.0,0.089799,1,1,150
2025-05-14 17:04:35,2c28e6d81584d63865186fa2f6b514790be7bd1a29bb4fb2f376ff2743546110,896698,21876334.0,846.0,3.9e-05,1,2,223
2025-05-14 17:04:35,0483ee456a8d9b885e23c8f801c64cce08ecfe5d20bbf34165dfc77cebe973c2,896698,21966387.0,677.0,3.1e-05,1,2,222
2025-05-14 17:04:35,a441f83cf871f2cd7c840eb9f74cb83da0035e49931dce3a969f558e27c4cb37,896698,21987583.0,508.0,2.3e-05,1,2,222
2025-05-14 17:04:35,9ae6e2b4b89a332992d7c5fb6e3ddfcecb6d30c7bb1a52bf90a56199d9a03ceb,896698,21998891.0,367.0,1.7e-05,1,2,234
2025-05-14 17:04:35,ccde5c26cbaada87a79f89cf5f5fdc6539989ed0c5a8e33696530222735d6747,896698,493639.0,637.0,0.00129,1,2,234
2025-05-14 17:04:35,1ffbad4d344cf652248f2152adf6e802353be5b6c1695c15f6060d9e5c6d15f7,896698,14625076.0,2280.0,0.000156,3,3,547
2025-05-14 17:04:35,b5bee525865069dcf0fbc8ec24b5b8f369e0e51cf08a64811c847438406154c1,896698,140134.0,2747.0,0.019603,2,2,659
2025-05-14 17:04:35,8393e7c1ff8b8952743e78636cd721a7cb06ceb75fbb71485f9f79d456de106f,896698,3273.0,909.0,0.277727,1,3,300
2025-05-14 17:04:35,b61b679735966837a6516af30e9343e0f2e038979b8011eb17183e571b627705,896698,966384.0,909.0,0.000941,1,3,299
2025-05-14 17:04:35,bcb941451fe6d1722fd43a03cb38eb560b93da07713a3264915184aae978a136,896698,4687198.0,1409.0,0.000301,2,1,337
2025-05-14 17:04:35,569a0f20a66336fa2eb0ffbbd6c956913b9bb25a00dd596700915ba99902f591,896698,143424.0,729.0,0.005083,1,2,223
2025-05-14 17:04:35,c16f432921d8aa6112dd6ef3d1800f5abb47cc7d2e81198291db766df551e187,896698,144999.0,583.0,0.004021,1,2,222
2025-05-14 17:04:35,afcf06ff52d691841c7eb13ee8e09dc9f9f0e8cb9f85083526e951842e09a057,896698,146428.0,583.0,0.003981,1,2,223
2025-05-14 17:04:35,89b837f85852035df551bec1b76212f0dd40354c3f837268a07adfba833023a6,896698,147857.0,583.0,0.003943,1,2,223
2025-05-14 17:04:35,8dbdde984f028b2df0a3e1934091cc4aeb7f36da29f86d2450b9f0ab3e5a12d4,896698,149347.0,583.0,0.003904,1,2,223
2025-05-14 17:04:35,44b37d0b45278945df73f2053cb8f538ec748910e58f03615f6ab3fdef611c2b,896698,150837.0,583.0,0.003865,1,2,222
2025-05-14 17:04:35,c12b847b4f9fb034b65b237f89e7e49882200322e0734480a1000980a7fdebaf,896698,152327.0,583.0,0.003827,1,2,223
2025-05-14 17:04:35,74f3a95627df0e23a0b8747f8e2867615fa7f252a851fcd2eac60a9df3cb86bc,896698,153817.0,583.0,0.00379,1,2,223
2025-05-14 17:04:35,ca130f00ae02a7d45d90b00bf26db5788f8a7ffb6cca49225bb2639b2c3b8e9b,896698,155307.0,583.0,0.003754,1,2,222
2025-05-14 17:04:35,0cb41bb9215b6d5a60198c20ea9eafd1b3556eaa485a5030f8c9d1256cbd356d,896698,156797.0,583.0,0.003718,1,2,223
2025-05-14 17:04:35,f2ada069f1b8a7de622b350edd883d6642166f7362b187615d6306daaf5384ef,896698,158348.0,583.0,0.003682,1,2,222
2025-05-14 17:04:35,fb0249eb551d9394c299bff77ef84683581aefc2ead094bf38db3ca75b50727e,896698,159899.0,583.0,0.003646,1,2,223
2025-05-14 17:04:35,869fd78d8e77942e9259ed4c08de3ddb22bb77a455170d30c6f70625e7d92ca3,896698,161450.0,583.0,0.003611,1,2,222
2025-05-14 17:04:35,d2f19b16ccad20347a0034fbee23409ce09efc9d5d0398e06aeaf8b69b03b219,896698,163001.0,583.0,0.003577,1,2,222
2025-05-14 17:04:35,29bfd61c37163363fc702c0bee7057f6d8425cf62fb3662ce440054f488218f9,896698,164552.0,583.0,0.003543,1,2,222
2025-05-14 17:04:35,379e4da9442b54abe5bf96ec1c9c3c244fa77ac843b19fea824e28545fa8b276,896698,166103.0,583.0,0.00351,1,2,223
2025-05-14 17:04:35,b12d92e15e25e4f289af85ae92e377d7ed30564b2a52bb8c80ee00e63cd30f27,896698,167654.0,583.0,0.003477,1,2,223
2025-05-14 17:04:35,707c38ec980c26aa607c3c37d69e80110261679d472e70c946f1b951a3676493,896698,169265.0,583.0,0.003444,1,2,223
2025-05-14 17:04:35,4ff8aa24997739335d0527ced1a0416def5300a19cef3c37bd9db9dad0e6f33f,896698,170876.0,583.0,0.003412,1,2,222
2025-05-14 17:04:35,c89e9dc773859d9b218237356bec4ef01c5fb1f1e703ad5cb61e373db0de7ff7,896698,172487.0,583.0,0.00338,1,2,222
2025-05-14 17:04:35,0013cbf65f407a6f4677f12ab9411bf86e3b883aa450460f19129b8c3be2ddb3,896698,174098.0,583.0,0.003349,1,2,222
2025-05-14 17:04:35,09c92c4a36159bb6235042eada21713061687add71c08c65f794a213219a74ba,896698,270816.0,1554.0,0.005738,2,2,371
2025-05-14 17:04:35,bda009a18157c84fc3a1846cc406ef852b87620791481442daf265951475504a,896698,489957.0,641.0,0.001308,1,2,234
2025-05-14 17:04:35,30e36a21b32eb2afb0eee8efe176b27084a1962a75bb35f5e03462ecbe432c2e,896698,330125967.0,742.0,2e-06,1,2,258
2025-05-14 17:04:35,a3c6210fdbcd95d23bff2d464d99db586998ad15635daff32c332472ad2d73c5,896698,22887040.0,3864.0,0.000169,1,1,191
2025-05-14 17:04:35,1bd1d84a4539185a5677958902efd0ae07ba2af7d9d9daaecea9cbcb95ce6cbe,896698,72890904.0,1213.0,1.7e-05,15,2,2306
2025-05-14 17:04:35,267d73e1beb6f2e322c62c073a11940da331bca986cb69dba03ec988955bd7ab,896698,22942928.0,4287.0,0.000187,1,1,191
2025-05-14 17:04:35,50b35297e6bb817d0cac39995a833c350eaeea63a50508b39941844940b3bce0,896698,72947215.0,1362.0,1.9e-05,17,2,2602
2025-05-14 17:04:35,5e7395773c4d69cc6d9c1afdb612236ae0af5a424faa2c8615bf8333bdffd3ac,896698,7834804.0,576.0,7.4e-05,1,2,222
2025-05-14 17:04:35,910c60fcd681cbb78373bc25b524ad6677713a96195df9f677dc4fd09cfe22a5,896698,235217.0,576.0,0.002449,1,2,222
2025-05-14 17:04:35,e98a8da3000b89ebd146ccb1b02caac14115bf3c03dd97d59840fb4a837a2b94,896698,100169.0,576.0,0.00575,1,2,223
2025-05-14 17:04:35,4885a9a37b6d9fc3f720e028873a3be4bbd6d9f348812cdf1a97531d765c5384,896698,159734.0,576.0,0.003606,1,2,222
2025-05-14 17:04:35,0350438bc4b46560c1930a7d77d1b9f90021694f10b64c173e462bd9dd36a870,896698,663624.0,576.0,0.000868,1,2,223
2025-05-14 17:04:35,658ce8cfbca5bb9f978418f6adcd9e8925b6e7d353126bc95d222bbef536cf5e,896698,14143037.0,576.0,4.1e-05,1,2,222
2025-05-14 17:04:35,3d4955ed8926944e60b4799684a6fa890ff7f69a4e16c2a9b84b85e195bad92c,896698,490232.0,768.0,0.001567,1,1,188
2025-05-14 17:04:35,ae617541ac208e49e51b3c786a91af09417449bfbf5c59000cd6d36af3e69b13,896698,21950.0,576.0,0.026241,1,2,222
2025-05-14 17:04:35,5273ff0654e7dbb00b849071d1de15ff2783717293971aa07e9d56572af9e410,896698,94244.0,768.0,0.008149,1,1,188
2025-05-14 17:04:35,95d20a5afccffd85912015dcd78360ecf9b8ddd6b5405af838ef59e59ed3b810,896698,113224.0,576.0,0.005087,1,2,223
2025-05-14 17:04:35,67de3df8c8d4097d1f814a63755e6a69876050fd56c343cdee11a7c9407435ec,896698,794115.0,854.0,0.001075,2,2,372
2025-05-14 17:04:35,aa2276d650832528e9128f520937bf33212dea5e988c177460b66b47666047c3,896698,1687173.0,854.0,0.000506,2,2,371
2025-05-14 17:04:35,f171b7a53223182be94d720eba4ec56def2c84b57c52763e5ff271b141ed44ce,896698,5470416.0,846.0,0.000155,1,2,222
2025-05-14 17:04:35,e63b46dd5abb918c7d0dfbd64f7a4c8d0dbfc90505f9dafb0e81ddfd71595d4c,896698,5491785.0,677.0,0.000123,1,2,223
2025-05-14 17:04:35,88673614b9eae063f1f83c704f3546617e25a053d8cfdea03f58ff50362edf16,896698,5514181.0,734.0,0.000133,1,2,235
2025-05-14 17:04:35,fcc339cc9727c1b439a507b6bf6b6ae8a25ac1f12f2e23394e69d84f164fa867,896698,5723086.0,338.0,5.9e-05,1,2,223
2025-05-14 17:04:35,0e5187087c93f91f34aeb5ba979a6d6cdb8dd5ad598fc141d428b424ac024400,896698,5745051.0,338.0,5.9e-05,1,2,223
2025-05-14 17:04:35,b939aa25786d9b7ca8b41f97570fda8c5151bd992a9f901b01504e880ff8f2c2,896698,247307.0,896.0,0.003623,1,2,219
2025-05-14 17:04:35,5d5b016d55d977b61eebb9197110f6d36d3d6bd6f88cc90c4d911b2df2e24e48,896698,378598.0,11016.0,0.029097,18,1,2692
2025-05-14 17:04:35,c41a22b41fa80ecddd417adc11eb052b8a66df9e40eba6c04db4a79d3d27c67b,896698,527350.0,1040.0,0.001972,1,3,254
2025-05-14 17:04:35,a07d06280d72c47f7ccf0e50437b7873780916d0b44e19e7d0bcbbaeda5124ea,896698,462953.0,875.0,0.00189,1,2,223
2025-05-14 17:04:35,11f9e0f5090ce43c034928b559577aafef10e0547a94cb86623a28766e2a0610,896698,2916590.0,284.0,9.7e-05,1,2,193
2025-05-14 17:04:35,ce822e44774f789599426c7047f6ea537d4859e6044005942f85d78c1431ae6a,896698,572447.0,856.0,0.001495,2,2,372
2025-05-14 17:04:35,904263be19b346b5d9d925624591ee682097ffd8e8041b565bca7b5b9904b7e1,896698,159428.0,852.0,0.005344,2,2,370
2025-05-14 17:04:35,80d6e4a85327cd370092f58bb1225fbeb6374bf58b11ea700fca275c9879a0da,896698,294987.0,680.0,0.002305,1,2,247
2025-05-14 17:04:35,8e1cade05b91661c4a12e7845527f7b611e65a08236fb4fbcd553b8d70e0d167,896698,1342726.0,586.0,0.000436,1,2,224
2025-05-14 17:04:35,4da9aad1562c2b605a62c1ef467f7a92e47c9b8de993794597dfdc2455538e3a,896698,325436.0,586.0,0.001801,1,2,224
2025-05-14 17:04:35,06bbc831d4607b3100ef43fb0004656f6302d63f55e1a70e759a3a53464eaed4,896698,303767.0,876.0,0.002884,1,2,223
2025-05-14 17:04:35,aba718b8038514f959e59d4f48f45aa78e9272a2134998b6c3cac955ed849ba6,896698,971309.0,281.0,0.000289,1,2,222
2025-05-14 17:04:35,8c46c990db25f7b1a8bbdd17502c8129e9ac4220c4b4ecf640ad9d068352d9fb,896698,10846812.0,2746.0,0.000253,4,2,669
2025-05-14 17:04:35,c2187f3b57978e857923f9cac0154bd690c408ae5eca81be9a8b49e4060e6108,896698,335242925.0,1388.0,4e-06,1,1,338
2025-05-14 17:04:35,1152b626c06f475ae7fe37072f19ca59d069032998759f5b2210997ea51bf4e3,896698,87841744.0,2998.0,3.4e-05,1,19,920
2025-05-14 17:04:35,7902e6423b342d240e2554b0e121c4ae6bbbce945cf48e14891d8e149c3c8f93,896698,62224.0,580.0,0.009321,1,2,222
2025-05-14 17:04:35,09cb679100ae122ab7b82711c120a643d55f3b0be720543ecbd82af2f1ccf98f,896698,424340.0,580.0,0.001367,1,2,222
2025-05-14 17:04:35,71cac30d4ac3fc9ead60a2fe9213fed71af71b3c397794c74b051f0926a06708,896698,430901320.0,720.0,2e-06,1,3,256
2025-05-14 17:04:35,a887643731fcff5967a2f8bc59a23738260e533436d6a1a343200e569f13272f,896698,499518.0,631.0,0.001263,1,2,234
2025-05-14 17:04:35,6d8536e448ecef12f90ed8b99e1d7160aa3e85a6693c544dc7d6257bbed9992b,896698,1533413.0,1643.0,0.001071,3,2,968
2025-05-14 17:04:35,797580dd3381ef0cf5ad5c0d59e1da74c2a522a93f2457f83aa255fed7f3b156,896698,1130291.0,1569.0,0.001388,1,2,380
2025-05-14 17:04:35,9fd42ac2db7149fc9d78e2ea0f72cb5a91b6ac32506c65f731cec032b830ef41,896698,16638069.0,793.0,4.8e-05,1,2,382
2025-05-14 17:04:35,b20d34b6655413309077f781adc090fc06e377b76a6982ecdccc985f6f063314,896698,18980146.0,793.0,4.2e-05,1,2,383
2025-05-14 17:04:35,f912cef4c8a5088642b8494b87c001ac128ba4ccafeac6a01c76dedcc9de2db4,896698,20957043.0,4660.0,0.000222,10,2,3027
2025-05-14 17:04:35,d16b3b6c3eafa6c7b1455a3b02b6dee252b4f23d89bf0fa9ffd5c38d5b10117f,896698,3592815.0,781.0,0.000217,1,2,380
2025-05-14 17:04:35,091b74e1520725f25e9649778853f25dca5121830b109b8c2fdf0c878e482276,896698,313905675.0,781.0,2e-06,1,2,381
2025-05-14 17:04:35,c45d72bf6b4a9f5b4a3c8d2d60509b7f1cc128b620d5d0ffec378acb7c6cd452,896698,40250096.0,781.0,1.9e-05,1,2,379
2025-05-14 17:04:35,9fb9a8d37bea8806bf247a6eb6848564b9581d33549da47181b270845f8798a8,896698,19293187.0,30058.0,0.001558,68,5,20176
2025-05-14 17:04:35,e3de3df98d4b26303f020c6740f7dc3f3bc2c5ead67826afb3456928ac6fb4b6,896698,134652.0,583.0,0.00433,1,2,222
2025-05-14 17:04:35,cb2c0842005feaac30bc7c36f1426540976764f3965551faf8c602c5b8c69cb3,896698,3442513.0,583.0,0.000169,1,2,223
2025-05-14 17:04:35,d16e1bf5978bea5ef9c3bd7915d30409cd0139337c2453fd60d5451837a2916b,896698,473126.0,583.0,0.001232,1,2,223
2025-05-14 17:04:35,08fd1ea0d5091d2a4e73b4813aa51303400ce7301e45c57c64016e21c2d87dd4,896698,477580.0,583.0,0.001221,1,2,222
2025-05-14 17:04:35,ad90f15f1f3f6637853a4d4469dd6575b3547c85b270c76eee575a02dcf9b2e9,896698,482095.0,583.0,0.001209,1,2,223
2025-05-14 17:04:35,f19a66f31d4c9b20a992c0d980f913426626378e8064b842a1ad3300f2fa800f,896698,139227.0,583.0,0.004187,1,2,222
2025-05-14 17:04:35,50c3de1e6f778ef705923473cb986440c2ba51b0ed15d2d629b517d52eb70ddb,896698,143863.0,583.0,0.004052,1,2,222
2025-05-14 17:04:35,327fa888be9b912086b5e37fdf5fa76a686fe309079563795ea5b935f1632fd7,896698,148499.0,583.0,0.003926,1,2,223
2025-05-14 17:04:35,28df5f0a9fc406989afbb7c2cd260fd7d2cb1e31d9b93644cc88a16482994303,896698,486610.0,583.0,0.001198,1,2,223
2025-05-14 17:04:35,63d8b75802463daf542dc565077540cf14bde3e5a532168b2d94c0da9c644209,896698,491185.0,583.0,0.001187,1,2,223
2025-05-14 17:04:35,b820b089e9bb8ee2ece74db0d3c33ae8965db0bcb0e3ce4312e161303cde4c7a,896698,997356.0,455.0,0.000456,1,1,192
2025-05-14 17:04:35,bac5261375957f9b9500186f4809c7c7535c9ae9688b6c02a87ff9b90fcfcd89,896698,177865.0,584.0,0.003283,1,2,222
2025-05-14 17:04:35,bd98964871a5eb32b5cfefdb8edae98eacf37c6fade4e9d8818e3a4e6c275a61,896698,24671.0,975.0,0.03952,1,2,235
2025-05-14 17:04:35,6135e4fa8b639df42fa9f8e9c00e4859116412b05b3f9f811ed9c28fceca97d6,896698,10576.0,424.0,0.040091,1,1,153
2025-05-14 17:04:35,dd0fa6d58d350837cde884d9cda5fb033d04badb4098d155e12519ed421bea0b,896698,1267269.0,424.0,0.000335,1,1,153
2025-05-14 17:04:35,604e77ab1a34646efd55c288bef9bf160e1ea6ddaba720465db7b47b44245452,896698,46844.0,412.0,0.008795,1,1,150
2025-05-14 17:04:35,f80baeef43b3da005385b0a9b915738eb68cb365151610edd72728856a33a402,896698,4588.0,412.0,0.089799,1,1,150
2025-05-14 17:04:35,2c28e6d81584d63865186fa2f6b514790be7bd1a29bb4fb2f376ff2743546110,896698,21876334.0,846.0,3.9e-05,1,2,223
2025-05-14 17:04:35,0483ee456a8d9b885e23c8f801c64cce08ecfe5d20bbf34165dfc77cebe973c2,896698,21966387.0,677.0,3.1e-05,1,2,222
2025-05-14 17:04:35,a441f83cf871f2cd7c840eb9f74cb83da0035e49931dce3a969f558e27c4cb37,896698,21987583.0,508.0,2.3e-05,1,2,222
2025-05-14 17:04:35,9ae6e2b4b89a332992d7c5fb6e3ddfcecb6d30c7bb1a52bf90a56199d9a03ceb,896698,21998891.0,367.0,1.7e-05,1,2,234
2025-05-14 17:04:35,ccde5c26cbaada87a79f89cf5f5fdc6539989ed0c5a8e33696530222735d6747,896698,493639.0,637.0,0.00129,1,2,234
2025-05-14 17:04:35,1ffbad4d344cf652248f2152adf6e802353be5b6c1695c15f6060d9e5c6d15f7,896698,14625076.0,2280.0,0.000156,3,3,547
2025-05-14 17:04:35,b5bee525865069dcf0fbc8ec24b5b8f369e0e51cf08a64811c847438406154c1,896698,140134.0,2747.0,0.019603,2,2,659
2025-05-14 17:04:35,8393e7c1ff8b8952743e78636cd721a7cb06ceb75fbb71485f9f79d456de106f,896698,3273.0,909.0,0.277727,1,3,300
2025-05-14 17:04:35,b61b679735966837a6516af30e9343e0f2e038979b8011eb17183e571b627705,896698,966384.0,909.0,0.000941,1,3,299
2025-05-14 17:04:35,bcb941451fe6d1722fd43a03cb38eb560b93da07713a3264915184aae978a136,896698,4687198.0,1409.0,0.000301,2,1,337
2025-05-14 17:04:35,569a0f20a66336fa2eb0ffbbd6c956913b9bb25a00dd596700915ba99902f591,896698,143424.0,729.0,0.005083,1,2,223
2025-05-14 17:04:35,c16f432921d8aa6112dd6ef3d1800f5abb47cc7d2e81198291db766df551e187,896698,144999.0,583.0,0.004021,1,2,222
2025-05-14 17:04:35,afcf06ff52d691841c7eb13ee8e09dc9f9f0e8cb9f85083526e951842e09a057,896698,146428.0,583.0,0.003981,1,2,223
2025-05-14 17:04:35,89b837f85852035df551bec1b76212f0dd40354c3f837268a07adfba833023a6,896698,147857.0,583.0,0.003943,1,2,223
2025-05-14 17:04:35,8dbdde984f028b2df0a3e1934091cc4aeb7f36da29f86d2450b9f0ab3e5a12d4,896698,149347.0,583.0,0.003904,1,2,223
2025-05-14 17:04:35,44b37d0b45278945df73f2053cb8f538ec748910e58f03615f6ab3fdef611c2b,896698,150837.0,583.0,0.003865,1,2,222
2025-05-14 17:04:35,c12b847b4f9fb034b65b237f89e7e49882200322e0734480a1000980a7fdebaf,896698,152327.0,583.0,0.003827,1,2,223
2025-05-14 17:04:35,74f3a95627df0e23a0b8747f8e2867615fa7f252a851fcd2eac60a9df3cb86bc,896698,153817.0,583.0,0.00379,1,2,223
2025-05-14 17:04:35,ca130f00ae02a7d45d90b00bf26db5788f8a7ffb6cca49225bb2639b2c3b8e9b,896698,155307.0,583.0,0.003754,1,2,222
2025-05-14 17:04:35,0cb41bb9215b6d5a60198c20ea9eafd1b3556eaa485a5030f8c9d1256cbd356d,896698,156797.0,583.0,0.003718,1,2,223
2025-05-14 17:04:35,f2ada069f1b8a7de622b350edd883d6642166f7362b187615d6306daaf5384ef,896698,158348.0,583.0,0.003682,1,2,222
2025-05-14 17:04:35,fb0249eb551d9394c299bff77ef84683581aefc2ead094bf38db3ca75b50727e,896698,159899.0,583.0,0.003646,1,2,223
2025-05-14 17:04:35,869fd78d8e77942e9259ed4c08de3ddb22bb77a455170d30c6f70625e7d92ca3,896698,161450.0,583.0,0.003611,1,2,222
2025-05-14 17:04:35,d2f19b16ccad20347a0034fbee23409ce09efc9d5d0398e06aeaf8b69b03b219,896698,163001.0,583.0,0.003577,1,2,222
2025-05-14 17:04:35,29bfd61c37163363fc702c0bee7057f6d8425cf62fb3662ce440054f488218f9,896698,164552.0,583.0,0.003543,1,2,222
2025-05-14 17:04:35,379e4da9442b54abe5bf96ec1c9c3c244fa77ac843b19fea824e28545fa8b276,896698,166103.0,583.0,0.00351,1,2,223
2025-05-14 17:04:35,b12d92e15e25e4f289af85ae92e377d7ed30564b2a52bb8c80ee00e63cd30f27,896698,167654.0,583.0,0.003477,1,2,223
2025-05-14 17:04:35,707c38ec980c26aa607c3c37d69e80110261679d472e70c946f1b951a3676493,896698,169265.0,583.0,0.003444,1,2,223
2025-05-14 17:04:35,4ff8aa24997739335d0527ced1a0416def5300a19cef3c37bd9db9dad0e6f33f,896698,170876.0,583.0,0.003412,1,2,222
2025-05-14 17:04:35,c89e9dc773859d9b218237356bec4ef01c5fb1f1e703ad5cb61e373db0de7ff7,896698,172487.0,583.0,0.00338,1,2,222
2025-05-14 17:04:35,0013cbf65f407a6f4677f12ab9411bf86e3b883aa450460f19129b8c3be2ddb3,896698,174098.0,583.0,0.003349,1,2,222
2025-05-14 17:04:35,09c92c4a36159bb6235042eada21713061687add71c08c65f794a213219a74ba,896698,270816.0,1554.0,0.005738,2,2,371
2025-05-14 17:04:35,bda009a18157c84fc3a1846cc406ef852b87620791481442daf265951475504a,896698,489957.0,641.0,0.001308,1,2,234
2025-05-14 17:04:35,30e36a21b32eb2afb0eee8efe176b27084a1962a75bb35f5e03462ecbe432c2e,896698,330125967.0,742.0,2e-06,1,2,258
2025-05-14 17:04:35,a3c6210fdbcd95d23bff2d464d99db586998ad15635daff32c332472ad2d73c5,896698,22887040.0,3864.0,0.000169,1,1,191
2025-05-14 17:04:35,1bd1d84a4539185a5677958902efd0ae07ba2af7d9d9daaecea9cbcb95ce6cbe,896698,72890904.0,1213.0,1.7e-05,15,2,2306
2025-05-14 17:04:35,267d73e1beb6f2e322c62c073a11940da331bca986cb69dba03ec988955bd7ab,896698,22942928.0,4287.0,0.000187,1,1,191
2025-05-14 17:04:35,50b35297e6bb817d0cac39995a833c350eaeea63a50508b39941844940b3bce0,896698,72947215.0,1362.0,1.9e-05,17,2,2602
2025-05-17 10:23:47,42ad62061c0d79e9f05461f6d33b32af5372b00c69d1434a30658410b8cdc69f,897086,54635906.0,4686.0,8.6e-05,1,2,223
2025-05-17 10:23:47,e09bea86431d50eec3c88e4601d8c621db2e86ec62886046223d6f7ac9e5016e,897086,3336354023.0,19734.0,6e-06,1,15,680
2025-05-17 10:23:47,0a415e82a1f1c2960fdb214aa06ba0e3543ecf8a6fdb575a6a90f0e5baafd463,897086,8870894.0,20955.0,0.002362,1,17,716
2025-05-17 10:23:47,fee72bf57ce8bd06e18d7b3dcde889efa37446a94775247b980cb1d22022f750,897086,5216275.0,22770.0,0.004365,1,19,771
2025-05-17 10:23:47,3b6b30b628c55074272f34be505026ef23637a5310115b17b90c114090103f4b,897086,13185241.0,13233.0,0.001004,1,10,483
2025-05-17 10:23:47,fe04f53fbebfd12adf7c18a627981293f41423d26dd210420936ab29fd79a454,897086,10749325.0,22011.0,0.002048,1,17,747
2025-05-17 10:23:47,43af891b64e4cb082f933129c41b6e44fbb946b6c6953facda29d17039ed3a1d,897086,1053182.0,6948.0,0.006597,2,2,370
2025-05-17 10:23:47,718c70a9a84f885cd166fbf9f13f3151717140fad66270b85045438523d4bd95,897086,481893954.0,4831.0,1e-05,1,2,225
2025-05-17 10:23:47,13c99e9981afde2ae0f9c704c20f31eedeb4d3944aeb936ff03620ce208f7856,897086,51446197.0,3850.0,7.5e-05,1,1,192
2025-05-17 10:23:47,dba4bfe0df1a2e6c7917075bea05e7c05749454d242de0a943bc834a4cc5b469,897086,45637.0,6332.0,0.138747,2,1,339
2025-05-17 10:23:47,fdf27cff47bbd61674d9676be829a611b2372f701b5895d95aa7bd5e6ba8d578,897086,1082871.0,6356.0,0.00587,2,1,339
2025-05-17 10:23:47,d540816bf873c7f89a0f076d18080d8a5f7123610d02bf46ce5a2cd318e533d2,897086,195113.0,6563.0,0.033637,2,1,340
2025-05-17 10:23:47,946037ab906a9f613de7853d3ebe94556f8256dcb32f437a838953830fe35531,897086,15253619.0,5327.0,0.000349,1,2,225
2025-05-17 10:23:47,f3c3e67ee99fa365a41401ae0eee84b863a91442571bb646e0d076dc3eda89a8,897086,36034.0,4092.0,0.113559,1,1,191
2025-05-17 10:23:47,254a01ee6b55fa66e81f8d1a9af70241c941d58ec21503efdb6f01fbfb4d1704,897086,103954.0,4138.0,0.039806,1,1,193
2025-05-17 10:23:47,3bf5aa0796059cd2816d142d15a088d4ce58c283e7e7fbc7b19aa6a071d46b19,897086,3900.0,6751.0,1.731026,2,1,340
2025-05-17 10:23:47,744289bd36de583c3b20e41e57b07d5c7b6f7a026cacfbc370d6a48752c05b6e,897086,56897593.0,8584.0,0.000151,1,4,303
2025-05-17 10:23:47,7e67c7ae36bd02e375c8f3264669e2f21314c0d24f2dc141dc6b4d1add1fa6ec,897086,12579363.0,5640.0,0.000448,1,2,222
2025-05-17 10:23:47,357812cf7b7fc23904224a2682d2e713af6645de712ff8699ecfdcae13bb24e9,897086,15062139.0,5640.0,0.000374,1,2,223
2025-05-17 10:23:47,b8ea4471dac46c8f80b249f3cd2206473720b2917628b0013e7e7d8c6a2709a8,897086,392125815.0,5640.0,1.4e-05,1,2,222
2025-05-17 10:23:47,e4f780f84d500fe6e3237cbdef66a77d0eff586b657a7bec18454063c3c54d99,897086,1502961.0,5640.0,0.003753,1,2,222
2025-05-17 10:23:47,903dd521ed801897ffc58a79f15d9435bdb39cf1cdfcad06f0c76ab76090b155,897086,497879477.0,5640.0,1.1e-05,1,2,222
2025-05-17 10:23:47,45046752fda24da441563d219e992de57018bf7363453638884bb6966ee3783d,897086,102140790.0,5760.0,5.6e-05,1,2,225
2025-05-17 10:23:47,792ba079e5fb26df4e28c323afd55cf9d3bb144d3f07cc9232f2ac60bcd45d28,897086,431566858.0,5640.0,1.3e-05,1,2,222
2025-05-17 10:23:47,496898b6bc714301adc8f8acf04ee54d1c0e85423d2eeb32dafc56d94523f125,897086,2476107.0,8933.0,0.003608,1,2,223
2025-05-17 10:23:47,f1060acdba6ebf46cbdc3ddf66fbe6a257c996e08ffbc1380d8773da33668ed5,897086,435298778.0,5640.0,1.3e-05,1,2,221
2025-05-17 10:23:47,e630e4de87954ef63e56b49880bb1df9fae4168c45a7617786fbb3900149606f,897086,106000.0,4436.0,0.041849,1,1,191
2025-05-17 10:23:47,81aa58763bd5d67c8d94030a8e185981a71e8196560c26511fdc71e98b760b5d,897086,57957092.0,8584.0,0.000148,1,4,291
2025-05-17 10:23:47,da8257cfeaa6cdb005bcaddcbeb10003e418e37b7307b2dfda226a101c5d5317,897086,83811129.0,8584.0,0.000102,1,4,288
2025-05-17 10:23:47,daeff1149772ecbe538b79d9383aa494b0d12a1216006b9e31d14c0a2ecb63fc,897086,73740164.0,7426.0,0.000101,1,3,260
2025-05-17 10:23:47,7d32147618f4d8000ece3e1097932d62da9cc0525885f12a7df76a42da0772d2,897086,97063201.0,7426.0,7.7e-05,1,3,260
2025-05-17 10:23:47,38e062b772bac8d9e4b54549cc23516f2100715ab962c8b8ca76e63e22884f80,897086,9238948.0,1211674.0,0.131148,295,2,53843
2025-05-17 10:23:47,6423e1ad11362573c40a03a90890ba135fddaf681d2d2ce8ad23a6ad418a2dc0,897086,13187952.0,5675.0,0.00043,1,1,215
2025-05-17 10:23:47,7c18615b9d058d12864f2571c4fba270eafcdd14037fce2cab2005a42591953a,897086,20281828.0,5675.0,0.00028,1,1,215
2025-05-17 10:23:47,a780a8e04c238fa0801359463d44129723dd7c74bcc8c68f74583ada0cc52a2d,897086,20163991.0,5675.0,0.000281,1,1,215
2025-05-17 10:23:47,82104c0299dd2a9890a45995f268a6f2bc223686e7aa86383dfc50165e4a7def,897086,241622.0,5978.0,0.024741,1,2,222
2025-05-17 10:23:47,2097f4afa244459a863ff5d59f5883b09cc5d697f82ecaaaa265405b59115d2e,897086,196208.0,5978.0,0.030468,1,2,222
2025-05-17 10:23:47,d1f31168e8ee0bfbe8b3d2fea3ee5f9284e83660762e1ab1ab3bb9f727e3c6c6,897086,1905546.0,6021.0,0.00316,1,2,223
2025-05-17 10:23:47,db2877c52cd38d7744207c5a316e595dd9eadcf213092d8cd1a3c2d590a8ac1e,897086,735500.0,5982.0,0.008133,1,2,222
2025-05-17 10:23:47,35b5dca41b8f4f26548d9c5333124b9400627de3238690a4aad8ebf3220ffc5e,897086,91611645.0,7426.0,8.1e-05,1,3,257
2025-05-17 10:23:47,ed671f155871ab768326625bf0a983580c777ffa430de42a3a4fce0638021334,897086,2520461000.0,6538.0,3e-06,1,2,234
2025-05-17 10:23:47,f7f00ee597c4cfae966478b894d93a202f289c1115d349d3f32886b77c954c5f,897086,286522.0,4704.0,0.016418,1,1,192
2025-05-17 10:23:47,49b84ebf2458add941d2bb423f4198d21e5d77c753801b249d3ac82985ff28d7,897086,3086600.0,6043.0,0.001958,1,2,222
2025-05-17 10:23:47,bdbc574223e739afb028203686f7a97f0ae83ab1b0fd3ef68039e033de23667b,897086,2921302.0,326459.0,0.111751,78,2,14193
2025-05-17 10:23:47,2e8124c64e89126f181d52d08f13e6b03deab854d0cd1e1f40de793a1f35c589,897086,23162818.0,7426.0,0.000321,1,3,255
2025-05-17 10:23:47,6ce90916f47b0be3afadabd30ce2955ab2061b450e5033a7a696282ee2f3fd22,897086,2065404.0,229400.0,0.111068,53,2,9797
2025-05-17 10:23:47,7cfefa1e6d43a1edf197ccc6cc5387b1011eda7c6d229dcc03daede074febcc7,897086,502278.0,63250.0,0.125926,13,2,2536
2025-05-17 10:23:47,b1c075798692de2266573538b4110f2f2893767bcaab3f28db4446469e110677,897086,86482568.0,6268.0,7.2e-05,1,2,224
2025-05-17 10:23:47,de82b66ac77b5c0a2b1c5c817854b7be8bb62c970d3de1659a0c8e9bc9cd096c,897086,23865253.0,6269.0,0.000263,1,2,224
2025-05-17 10:23:47,6ffd3a24a0fd3216508a6831f2751b81968296eb1cdbb604b70435734cc71c0d,897086,1167908.0,135617.0,0.11612,30,2,5597
2025-05-17 10:23:47,37640bee6a7c6164f2dbf395714711878b6e99eebe2bda23c3ce4d47f0dd9c02,897086,96538.0,18851.0,0.19527,3,2,652
2025-05-17 10:23:47,c9ef7ef0a0aa4e866c8d96d9a332066e441c36d0780679ab8bcc51d4edb2f1e0,897086,226516.0,31957.0,0.141081,6,2,1181
2025-05-17 10:23:47,d723b9d14f18eff2ab9a4bac1f1f629e01ec8d32e456b97b1223773c6fcaf4a5,897086,1769700.0,6020.0,0.003402,1,1,203
2025-05-17 10:23:47,651ba60ec1aa7e7966936629bbdcfd571072b085018606b2d022cdf6de223cc2,897086,180847.0,7650.0,0.042301,1,2,235
2025-05-17 10:23:47,2b49b1d9681daa667098b675407023191726215dc5a4207196c3bf3d3652708c,897086,381565.0,5500.0,0.014414,1,1,192
2025-05-17 10:23:47,ccef08bca63386ed6ce199e1424c2861ee7600bd945029b6bfe14f0d0e09828a,897086,1058873.0,7050.0,0.006658,1,2,222
2025-05-17 10:23:47,ac6d24fd0094a0d582f6438582441ba626248bdb60cbc5477033be8cd903894a,897086,6891390.0,9050.0,0.001313,1,2,345
2025-05-17 10:23:47,4e634937e753bd0ff2649d0b6453603ef4889f07583e8bea8739af7ed7b888cf,897086,31855800.0,7100.0,0.000223,1,2,222
2025-05-17 10:23:47,78b859b1a49fbd3f8f6931ee5c708600abb4bddad8a851f9a84e38d43054351b,897086,1287253.0,20000.0,0.015537,1,1,201
2025-05-17 10:23:47,85ac00ec24d2c626297a3cfa6ba844643fd77af1cc0a5c05c830e41c3675e935,897086,54028540.0,1840.0,3.4e-05,1,2,348
2025-05-17 10:23:47,20281ee7f7acd4092dfa965fce44d47088a2cc12f9214fe2b7a095cd7fef0fc5,897086,224878.0,8460.0,0.03762,1,2,222
2025-05-17 10:23:47,15eb8b2cbb94ac8b36aba6cf94ad5330c67373cb86025450a936175cb5fb20f9,897086,5584715573.0,20956.0,4e-06,1,8,389
2025-05-17 10:23:47,b8cfa7145b1f4dafaa6ed4e50ff661ecdc8930eee7ecc6e1ffc8df2107360acc,897086,324287.0,7480.0,0.023066,1,1,192
2025-05-17 10:23:47,96e89011948b0ac3a023e88963f412232103c6d55843d3faaddd28c4865ef476,897086,90992230.0,7770.0,8.5e-05,1,1,192
2025-05-17 10:23:47,e7e89adc5d18d94c0f513bd4833b149b69bd37cd7e76413703c428446b3a2a89,897086,535878500.0,9900.0,1.8e-05,1,2,222
2025-05-17 10:23:47,25293cb1c2a2c30963bf2438124f58fe80848a41ec301f3a232d714494a95e22,897086,16346500.0,9900.0,0.000606,1,2,222
2025-05-17 10:23:47,3906c9ba1c6b0af9b7b4a945019871e86acbf2ae39b3458c2ec0490a55407553,897086,627388400.0,10000.0,1.6e-05,1,2,223
2025-05-17 10:23:47,1a48c9bcda468beec5eb232acf171126223837b1fceaa143ae679bd08d0c0597,897086,3401226.0,11718.0,0.003445,1,2,247
2025-05-17 10:23:47,8b5beb023f62f331e2675cacb2c23c33969833f8cb3d63e27511ddcec7bceefb,897086,69274631.0,9900.0,0.000143,1,1,217
2025-05-17 10:23:47,cdc3c42d0182cee8b4afa202f14f25c118c723f9c481b063f366816142881781,897086,6595.0,8296.0,1.257923,1,1,193
2025-05-17 10:23:47,97b63df607e8b38e6b61fa65f18237844b7b955fdd26cedc0ff72f92540b78e7,897086,20470620.0,15780.0,0.000771,2,2,372
2025-05-17 10:23:47,3c0cf0b3a3cb711f469322627bec9f197d8ee1c9e5050a1818da9f90b6f9fbdc,897086,290000.0,8802.0,0.030352,1,1,192
2025-05-17 10:23:47,e35de07082685e5ee76455efa81d87cf66e23ef51177d49ff47131ade440b54e,897086,30808587.0,10890.0,0.000353,1,1,191
2025-05-17 10:23:47,fbf50f89b8721022b274088a8d99ccf9b160d8eeea786d67c2a4d328dcc1f555,897086,1546925.0,204120.0,0.131952,4,2,1260
2025-05-17 10:23:47,81d0b7dd22e1ffafc4066bc524a4ba78d51ec58d905bb0c3418652d64e341292,897086,136655.0,240911.0,1.762914,5,4,855
2025-05-17 10:23:47,a8929da8899539c7e99c342473a3824d42f77cc954ed5bc612f8c963c9093984,897086,48600355.0,84001.0,0.001728,1,3,248
2025-05-17 10:23:47,52810b077ee764bc13a55791f62604a980815fd725a911010d39c3dcaff9cb1a,897086,295.0,125.0,0.423729,1,2,176
2025-05-17 10:23:47,c2e620721b9f960d6fbf3cd488f1e43f6364541481e250b7a817fe485b521358,897086,321901612.0,0.0,,1,6,422
2025-05-17 10:07:32,34d6ad0cacdcabef60cc2bd8ecb1a0ab2cc930f1ab4f3196346d5c260222db2b,897085,24529855.0,558.0,2.3e-05,1,2,223
2025-05-17 10:07:32,e126c43656b3b6d927bfdafd52c66735c5834354232342afc22e9c5c2633ba25,897085,15096013.0,558.0,3.7e-05,1,2,222
2025-05-17 10:07:32,f298f52b5684e291fded66456ac68ddb4a1adad74b2a50cf519e5593b673e206,897085,3929188.0,558.0,0.000142,1,2,222
2025-05-17 10:07:32,1490c5b55ca6e2e429d1c715f7dfa0f8dac5a5ab4110ee481c8129fae26ebc0c,897085,29242407.0,594.0,2e-05,1,1,316
2025-05-17 10:07:32,b64b650de26843364de439256f8d56e9fc4532c8e27846a24622ce2b8e44a937,897085,143579.0,824.0,0.005739,2,2,370
2025-05-17 10:07:32,46035acdeba9d6a8557ebc138bf6efccd511cbd7b18bde61053b3bba96e78bdc,897085,9774400.0,828.0,8.5e-05,2,2,371
2025-05-17 10:07:32,2d9102b4b8f78cb7dc6669f386996fb90c20853b5986c8aa076fb5cee95c6c6f,897085,9998653.0,828.0,8.3e-05,2,2,371
2025-05-17 10:07:32,804fcbf0303fd83afd7330212cc01c021b94501bbfc5d07a6fe93638a56ac02f,897085,375801.0,828.0,0.002203,2,2,371
2025-05-17 10:07:32,9180b25529187b7d1cd51f363eccd1ac63331655dbe03982f638a9dd9298ac2d,897085,94126.0,828.0,0.008797,2,2,372
2025-05-17 10:07:32,ddc11e9a483a0aac104a5ed00f047182a06e0b8d95a88f5f03a406ae62873e0f,897085,13065213.0,828.0,6.3e-05,2,2,371
2025-05-17 10:07:32,808fd9588569d102ff43796138d77bd488ebfb624588190bf5c9cfd9070963a5,897085,18954015.0,1098.0,5.8e-05,3,2,520
2025-05-17 10:07:32,0f4a90e807ffb194b2d9bf0edc47cddf0652b9ff7df5620f9103f19c3e8a9b9c,897085,19842374.0,440.0,2.2e-05,1,1,192
2025-05-17 10:07:32,ad92532e3eccc64d9daaae4f53c2d026a27600c78c58e1f8718351f1a7ce0a04,897085,1091472.0,880.0,0.000806,1,2,222
2025-05-17 10:07:32,8dfb56df6aca243e747278a1444a0137ed7407e927ea9fe5c942239644740b99,897085,253815784.0,1336.0,5e-06,2,1,337
2025-05-17 10:07:32,6d8a357ceb8f4ea23ee6a27b60fbdf7dcd0a85fd1d5704c6ef88feaf921753a0,897085,2219005.0,892.0,0.000402,2,1,387
2025-05-17 10:07:32,aa2984403b4be43963cf205ae4524651aa3905419731617bdd569870c76564d2,897085,3067789.0,900.0,0.000293,2,1,390
2025-05-17 10:07:32,171e52042c23ecff435fb5b5d2eae40b0f146a7aff0b62e723f09928a3fa51c6,897085,153972.0,857.0,0.005566,1,4,267
2025-05-17 10:07:32,d0a5a01b5145504a76b7004675b749b71114d58b4ee8f1cad569fcba6d7ca2a0,897085,24967604.0,500.0,2e-05,1,1,150
2025-05-17 10:07:32,eba2da9aad024d153e66f1221d3a75fb4d6ff643271a0454a9ad1949cf00995b,897085,161404022.0,500.0,3e-06,1,2,235
2025-05-17 10:07:32,f4114f56f6795f17a651a34342e8395bd5fc73083a0dfd010fe043782f284c27,897085,70814.0,834.0,0.011777,2,2,372
2025-05-17 10:07:32,c2f6d6ec8872c053de684bd2d8af7cea8303d591196274d25fe38740e608bcf4,897085,91743.0,560.0,0.006104,1,2,223
2025-05-17 10:07:32,b01412405f14ebab57a529a398a1fed1a20ed832d2744ba4e74cb20e1407bcb8,897085,56747.0,842.0,0.014838,2,2,375
2025-05-17 09:37:04,9d46cbe5b6471c711336bfb9ed47081b90d4c0d147881d925c12987b1cce3b62,897084,335971.0,2295.0,0.006831,1,2,223
2025-05-17 09:37:04,4d0d5e5a0c5c1fab2088cc158bcbab85456f0254e3d3cb2c65b99398b8683ec9,897084,970510.0,2904.0,0.002992,2,1,340
2025-05-17 09:37:04,85a8d687102479d74a1277256ef5001ed7828dbdb2e7f1a8128c738c9250fea1,897084,39263255.0,5700.0,0.000145,1,4,346
2025-05-17 09:37:04,45de7c3cdd3e57db64c06dd799df6152c29fd02487047f828f5bf4ec38c6e0a0,897084,793403.0,1830.0,0.002307,1,1,193
2025-05-17 09:37:04,c6eda4029d8d37ba8e4034d5033bee773d7ed1257f934b7410d5a1d58dba4e51,897084,89111577.0,5701.0,6.4e-05,1,4,345
2025-05-17 09:37:04,eb991ffc0d88360ba2b0e294de9127f8f1cbfb3cbf9dce06055df505090a13a4,897084,1979284.0,2336.0,0.00118,1,2,223
2025-05-17 09:37:04,29bb805333aab9c60fd7f34704c1ac7dd439a8762aab5a047a2d4fe0c15c3ef3,897084,2555529918.0,12571.0,5e-06,1,21,840
2025-05-17 09:37:04,8c2531e78ed39971b1e2eb9deb96314972f1eb638d01cbe6972a88aefbb3a721,897084,1252610.0,1830.0,0.001461,1,1,191
2025-05-17 09:37:04,9cd9f9808e120e04cb8cf0c9f53a66ac7815b8d7a3a5b9914baeb00999b69b1d,897084,37171.0,1830.0,0.049232,1,1,191
2025-05-17 09:37:04,bd49a88f71958138476d09b25ff48023eaceadf939426adeb5e7cf0c900e2e55,897084,102524108.0,3933.0,3.8e-05,1,5,287
2025-05-17 09:37:04,f15dd91d0c257b0af7c47061f142b5f80f7db23e87f6c65275be3732514df3e8,897084,62479952.0,1665.0,2.7e-05,1,1,150
2025-05-17 09:37:04,3bb41e14c5a8a7984a8d77c77c4e5c26b79d1f5026f79cd0a3261150d7f0cb14,897084,10290212.0,3119.0,0.000303,1,3,266
2025-05-17 09:37:04,1394f5e6e47ff7235cbb4e942c49440200d847f8a7f41a720c325ccfb9552697,897084,25144.0,3360.0,0.13363,1,1,192
2025-05-17 09:37:04,686bd67f95c556669dec23b01b8cfaef669d5fd9fd58bc377575dcc94d44c187,897084,21054218.0,1015.0,4.8e-05,1,2,222
2025-05-17 09:37:04,24e157c118642e95cca0a942ecaa30a118c5d07958a9498e7e4c906828b1dac1,897084,5419960.0,2920.0,0.000539,1,2,249
2025-05-17 09:37:04,d395280e99d85ef8762a654735aca6db9b3c3d9dbdd3653395ca75bcc1ccbd2a,897084,28148620.0,2920.0,0.000104,1,2,250
2025-05-17 09:37:04,6a85cff6ad495498cc62058fc912dd6712661435c7f691fde5a8106ffaf407b4,897084,17501.0,1961.0,0.112051,1,1,162
2025-05-17 09:37:04,1a49e6f078088ea288405cebd873839e762f0cca87c260f85856911980a27280,897084,3084200.0,4319.0,0.0014,2,3,405
2025-05-17 09:37:04,60f8cc0d5ad3200eeaa5bf111c2b31a4f0d24bdb0432962d18ec295ee7101652,897084,2658037.0,3096.0,0.001165,1,3,253
2025-05-17 09:37:04,25a466a5b429ebb6df76a66a71a9bc518901c60b2ba97d6da7b52ddf371b9d28,897084,3199766.0,2538.0,0.000793,1,2,222
2025-05-17 09:37:04,e4eda4fe8f9df61785db8d6d103534e9818ecd338232a916b7d38136517074a8,897084,48461.0,2099.0,0.043313,1,1,195
2025-05-17 09:37:04,fa31c6f6a34894ea00884639279bef424bffed33d65ba185d52e2fa562c268dd,897084,546.0,4407.0,8.071429,3,2,385
2025-05-17 09:37:04,9e1235f40be5b92ca57791b5e56cc00f4a5978bf5ccaa19afd6b85fd41fbc815,897084,130212666.0,28766.0,0.000221,10,1,1516
2025-05-17 09:37:04,f69305778401e1bf664e995867f59dec6bd72fc0654577100cdd639a9c777522,897084,14000.0,2112.0,0.150857,1,1,162
2025-05-17 09:37:04,f6b100caf99ea52abe15f2052b3e7ea89131e36306de56a4967902ea5238303a,897084,777282.0,2754.0,0.003543,1,2,225
2025-05-17 09:37:04,020a0a2b6329fd68d7db15ff7576efd88bfa9eddf95f2fe72b84d64083c51496,897084,27120.0,2139.0,0.078872,1,1,192
2025-05-17 09:37:04,97505a11647744c372b99623ca61f77d0df73518f4ebc1a98e4092b0937ae10f,897084,31047.0,2236.0,0.07202,1,1,194
2025-05-17 09:37:04,c883747d62d52e017939026df06ad21420c56f61d60bab7d9b64a4f552218bf8,897084,27471.0,3820.0,0.139056,1,1,192
2025-05-17 09:37:04,1b1347a09559b4e48c190f930e8122f4d569f655684ed59a9e59a6cb6f8405b5,897084,444354.0,2196.0,0.004942,1,1,192
2025-05-17 09:37:04,8460fa44ed4049fd1de52d1158338446d81a9f4b246f815cf06069f39ed5a97c,897084,107977.0,2196.0,0.020338,1,1,191
2025-05-17 09:37:04,a57c491007d77a79ba240e97b4ac240a9afa58dd477a41d1053c4672cd138d50,897084,634604.0,2196.0,0.00346,1,1,191
2025-05-17 09:37:04,ee842e52b928ec19104510f57dcccc5ca6c3e8b7c636bc290814fbb8330461ef,897084,6062846.0,2820.0,0.000465,1,2,223
2025-05-17 09:37:04,1390a0aa46bbe6b99e03d0411b2f66b25cd5a376259f0461b9401e9fe5f6c656,897084,2042440.0,2880.0,0.00141,1,2,225
2025-05-17 09:37:04,dca720f9ae71bcedcc2795b5e76a9a53da38f668ce6bc7dc334d9fafc853e336,897084,60407.0,2820.0,0.046683,1,2,222
2025-05-17 09:37:04,0068c3431c57b50ed1fd3c955941d177a51cae73c08232268963ec233cec215b,897084,10017176.0,11000.0,0.001098,7,2,1111
2025-05-17 09:37:04,f23084a5c10f70ee998f1b51c50a49239c45150da84828692a945af4d8cf5809,897084,3689936560.0,4480.0,1e-06,1,2,223
2025-05-17 09:37:04,e57c2d6d3aa9a5a722db863d85e6ce0786fd743cb9c9f660aaa5ec3802189ee7,897084,3789941040.0,4720.0,1e-06,1,2,235
2025-05-17 09:37:04,a5a3fc02542f23447e67693b56014ffcfb4114a9c425bdbb2c9e9fa7afaba62f,897084,806381.0,4460.0,0.005531,1,2,222
2025-05-17 09:37:04,bd8c02a5ffe99b97141c5a246b7d497071ab3bdce4cbcb0217d5298c8ce91664,897084,46576.0,4520.0,0.097046,1,2,222
2025-05-17 09:37:04,314c4d754b751563b78e81ffd2a834d353ed5aa5a2dad8076b14a492da63f57e,897084,866895.0,2892.0,0.003336,1,2,222
2025-05-17 09:37:04,a3051bc6f5b15a80ca858a2c93d4375bf9d0f6ec3000ffa9a3603b85796d5985,897084,208200.0,2900.0,0.013929,1,2,222
2025-05-17 09:37:04,64e2ca62103fcd1d27deb850a80f5f2882a862ebdf219957d738cd497ab2aaad,897084,21440.0,2270.0,0.105877,1,1,192
2025-05-17 09:37:04,1fde55bb16cfa7aae374be2a201b6fe43328bbdc6400582ce6abc5bb75328dd5,897084,456201.0,4000.0,0.008768,1,2,381
2025-05-17 09:37:04,2a87ca53bfed53f0d0ad1c636ddd7a2c9a82a3a1f76d387b9bc698fb7c1107aa,897084,13344.0,4704.0,0.352518,2,1,385
2025-05-17 09:37:04,073796887cbf44c997c5e1820c1ab941af2b30d74593cecdcf2d31c2ce0de84d,897084,2300239.0,4068.0,0.001769,1,1,191
2025-05-17 09:37:04,a2cb001a2df14657a8b9055b570b4d92dd2f9c85f74ccc79ceecaa7099b9846e,897084,1944927.0,5463.0,0.002809,1,4,443
2025-05-17 09:37:04,6cca3098539bb5598d9871859379337d898ebe4737ee766f50c034bb661f4c58,897084,223714107.0,6072.0,2.7e-05,3,2,521
2025-05-17 09:37:04,6a22639762778736597a916926b22cc8fb41d9597d0f496425cf82ca916b90d8,897084,1002594.0,3164.0,0.003156,1,2,223
2025-05-17 09:37:04,096b55bbffce0fe6644691ef24cda6f4334015841b47e5a18a5e590ea8c44f8a,897084,49548.0,2473.0,0.049911,1,1,192
2025-05-17 09:37:04,4f7041ffd48dc79d1b8dbbfb3bd98f4b5a5e7301cd55e728e460df425a8f433b,897084,6212371300.0,3200.0,1e-06,1,2,223
2025-05-17 09:37:04,86ab25351c8fe79e7b9531f3d9d99514f7f2cf1d0664fabb55f21842c34439fb,897084,77502.0,2498.0,0.032231,1,1,191
2025-05-17 09:37:04,2c6e7812105e982976545f75d6215e91c00b8e4a4330abfe79501e4605348abe,897084,1496918.0,3082.0,0.002059,1,1,215
2025-05-17 09:37:04,f79806b704cda0e4e486b5d98ed5acaabdf075fe44a0e70e15a7a8eff93e0e7d,897084,138443211.0,3243.0,2.3e-05,1,2,223
2025-05-17 09:37:04,502389e325b650bd8984448c08acc9138359658a2aa79dafff2ea05fb3999d9a,897084,818989.0,15111.0,0.018451,9,1,1378
2025-05-17 09:37:04,a8838711fe486b85bf90c2e4608afca442861d6497e5ed3dc9cdee8a54c9977e,897084,238576.0,3825.0,0.016033,1,2,245
2025-05-17 09:37:04,e4494517f4c45c3e9b6d29234aaa5e32866c8b31797ac3c1926a89ff320d627c,897084,1475255.0,5959.0,0.004039,1,4,443
2025-05-17 09:37:04,a111916e272acd85b1efcfe083c282e5004cedb7d4b35278bfd2f2d8303ab2fb,897084,177899236.0,7791.0,4.4e-05,1,7,404
2025-05-17 09:37:04,22a3a66b97c1c7634cc185bc7a5c21ce6fa97f3ee90f29e55fffb09fd9727cb0,897084,194913022.0,8134.0,4.2e-05,1,5,325
2025-05-17 09:37:04,23b0270298996befe75f5a8a8bfeaf615dafc8815b08ac4fc5e9806df634d08a,897084,93480.0,3080.0,0.032948,1,1,203
2025-05-17 09:37:04,c4399b2226cbf82f38dcbaff641e83e1668586318138a65b54576a4144cc6638,897084,2069242.0,9350.0,0.004519,2,2,369
2025-05-17 09:37:04,7c05d86bc4815c55642e50e27a01e884b6e32bae53b177443faf460f5350af9b,897084,5191538670.0,5640.0,1e-06,1,3,301
2025-05-17 09:37:04,f99985928fa59d277e5b34ba152bb21508e7004ee135835186005ec879b57681,897084,5269565038.0,5640.0,1e-06,1,3,302
2025-05-17 09:37:04,2c22f1d04ec006a71359a3d4cfa7807bcfc6b1a5ab69f8f202e61a41b537ec12,897084,1440527.0,3679.0,0.002554,1,2,224
2025-05-17 09:37:04,2137cb7eea6558d3d79e7e7426ed604e6a36d8fd3b0c464e034763ef2930d231,897084,562967.0,2882.0,0.005119,1,1,192
2025-05-17 09:37:04,4b8c47129b2a0394379f3b79b40a9b159cc129c6ffd320b668acc2af4fe18f77,897084,2883083597.0,20020.0,7e-06,1,18,764
2025-05-17 09:37:04,3029c5be08404e16a68453fcdf20a1a6cf4464e9e7e52dad469e3e89bb9478ff,897084,12521.0,3080.0,0.245987,1,1,195
2025-05-17 09:37:04,42cd31f58410a7ef8f39b0e507ec5db1d0d9e3a364924f0079df0e6d7dc96fd8,897084,2200766.0,3948.0,0.001794,1,2,226
2025-05-17 09:37:04,20668e1075f8a926724a51ee0e262fcb2cd760d5ebe23250fbc2b4fbe8f497be,897084,511242.0,3948.0,0.007722,1,2,225
2025-05-17 09:37:04,c5cf289d6e648e8f98a1b46e38959733f2b404699aa48e7912bd7726eaf2a005,897084,508850.0,5746.0,0.011292,2,2,371
2025-05-17 09:37:04,97e3fbd2336558079dd83debc2b1eae5e78562e44217e89cea0c1e7590b66152,897084,10246060.0,3893.0,0.00038,1,2,222
2025-05-17 09:37:04,2edf7e7c8dd6d988837374a11413ac528f7309a45c2514640ca1a923a0b6cdad,897084,178360.0,3948.0,0.022135,1,2,224
2025-05-17 09:37:04,89e37bdf7667bc24e4f39b2686d5518b7a56e37d67957d3a6128ccefb9ed0a74,897084,275116.0,5012.0,0.018218,2,1,342
2025-05-17 09:37:04,04b13f314051b0077ada16763c26ed8cc729768af1999762510ae64267785ce0,897084,3165819.0,5852.0,0.001848,2,2,372
2025-05-17 09:37:04,3bb00fbd5b6c313a17055d5970a05e6b0e4e0762aa203959deeb24cae9189016,897084,19191091.0,4690.0,0.000244,1,2,250
2025-05-17 09:37:04,40332e19288bceaf8fed8dca202025d578a46165dc90da3d23700bccf91f7ef5,897084,94295944.0,4284.0,4.5e-05,1,2,234
2025-05-17 09:37:04,079f882e7c21ad0915e579b0eaed8f0b063fe01333910c804aa62359a46b21df,897084,64920.0,3080.0,0.047443,1,1,192
2025-05-17 09:37:04,ea6d0c932087e9e77464f9f351b010b5f008e24d73d21111fa3f922663c98bdc,897084,2535847.0,3948.0,0.001557,1,2,223
2025-05-17 09:37:04,db5c1766461bde6d9fd282c22b617ee4b4913a6de63ebc6f17f579e5e0e7e2db,897084,575067996.0,6216.0,1.1e-05,1,2,222
2025-05-17 09:37:04,ac82da64c08ac3dc1d2fe6f4c44141d855b4aa7601b1526399babc8505d892ca,897084,49993672.0,6328.0,0.000127,1,2,226
2025-05-17 09:37:04,bc709ca31213a486ff86fc044c3c3f89c30217b330c91d3f8ba3050ab8b5e5ba,897084,299969.0,6944.0,0.023149,3,1,491
2025-05-17 09:37:04,3db5267b3c4b627824ed7ffdd4ef2337fb3cd8714b4199b794094e7d5dfa549a,897084,7002.0,3080.0,0.439874,1,1,192
2025-05-17 09:37:04,76e936727617b6aed799736cf95a408b93308cb86415ae013e3aca30dd60de7c,897084,134984208.0,3948.0,2.9e-05,1,2,223
2025-05-17 09:37:04,702f9693545a7ae9e33678a828b2af10b89fb77bb27a626ab4905aec2c7d986b,897084,4115.0,3080.0,0.748481,1,1,192
2025-05-17 09:37:04,202589d0d84edbd395fefcb07a09e41eb31b0b9e63eaeadd689f73b1336e864d,897084,90831435.0,4284.0,4.7e-05,1,2,234
2025-05-17 09:37:04,abcfa0b455aeb4421e3a54928c9d4beb3e6677316fbbf775812384672bb97f47,897084,6424920.0,3080.0,0.000479,1,1,192
2025-05-17 09:37:04,bddf7255b07f08d16aef8f32ac2673d6afefaa84aa1724201046309e16e5b63a,897084,123697.0,3948.0,0.031917,1,2,223
2025-05-17 09:37:04,92aa5a124b31aba7efe4c3de201a695e155603eb05a66ec6de61c23aa94a872c,897084,21690.0,3948.0,0.182019,1,2,223
2025-05-17 09:37:04,9214a7654eb005ef22afb5c26044fa34713ac9ed7f1895bc7cb4aa77b1fc4628,897084,1426243.0,3948.0,0.002768,1,2,222
2025-05-17 09:37:04,39a49b7bda31e14a34e06246c5b91ed633c33085674f8d2648240f3e9f56fb15,897084,4638553.0,4648.0,0.001002,1,2,247
2025-05-17 09:37:04,8a02a071507d49da479f4484fc882de44045fdb5dc9f4344f2b126cc7b96d210,897084,294299.0,3948.0,0.013415,1,2,223
2025-05-17 09:37:04,bb6211756189b98d0b0a9cca73a5f73390eb4ca0be98ad3260906d85a867480e,897084,12779920.0,3080.0,0.000241,1,1,191
2025-05-17 09:37:04,3bcfc931e69bc58b93a334f37886a47e19724948a32b131b4e8c1bea93988e54,897084,5269677156.0,13770.0,3e-06,5,3,894
2025-05-17 09:37:04,85527513a4cf8838843f800c7ead80c380d97d438727f0475be5e55aa530253c,897084,17749458.0,13664.0,0.00077,3,1,486
2025-05-17 09:37:04,bcc6b9806705514fbc526f2ebf2955424a58cc58326e564ab0ff5f21b15d8f4a,897084,40332109.0,5880.0,0.000146,2,2,372
2025-05-17 09:37:04,b9589d13efa87c709091135fba149c00165e156e3e6a9ef875f6da8b63d60768,897084,93712.0,5376.0,0.057367,1,1,191
2025-05-17 09:37:04,9987164688b6501adfe9742c42865980484a0ebc1146728895d9dccd31db1ff0,897084,31676.0,4004.0,0.126405,1,2,223
2025-05-17 09:37:04,8ba6cefca04b751e65f74696fb42bccb1284cd5da0cc76343d256da233e2fb7d,897084,890954.0,3976.0,0.004463,1,2,222
2025-05-17 09:37:04,a8675c992451b2c2a74614a4bcb6c9c51a0131723360ee3c1e4e2b5993d73e03,897084,16947.0,3755.0,0.221573,1,1,248
2025-05-17 09:37:04,82cf333b34edcaf0a686e9b49281d322dd2ebca80bbb97a8c9a6e0b6f3f0cfdc,897084,1630992032.0,3981.0,2e-06,1,2,222
2025-05-17 09:37:04,1681b7f34ac2f091bf29982fd30b38dc98e73a586502cd314026fd72b1002ad2,897084,1844044866.0,3981.0,2e-06,1,2,222
2025-05-12 21:13:18,7bc3c24e3a1c98d052d4c70b9f22a7dada7c56b6a660cb9ad032a9ec14098e23,896458,208301.0,322.0,0.001546,1,2,223
2025-05-12 21:13:18,f732551b18766be8b9ae699242728c31046ff63b67c548672ab60da90d710e8b,896458,696421.0,609.0,0.000874,3,2,519
2025-05-12 21:13:18,300c3e7db19c927a9c3ebc2a49cd5eef4413a70db8b39faf02f66d2278f7abe8,896458,1808247938.0,6000.0,3e-06,9,7,2910
2025-05-12 21:13:18,68c9285d0870d3a4128b1c627ba5a39828f60857cb88bc944099af4527f5cc88,896458,51737.0,447.0,0.00864,1,2,196
2025-05-12 21:13:18,e9a8e5613abf61e8ce952788f57c026abdb4295fb8e135eab88cdecd0ff36c96,896458,1236603.0,882.0,0.000713,2,1,666
2025-05-12 21:13:18,dcdfcb015b1e70cbeec5344941f548934fcec408910673f65eae49111fd4d581,896458,11350.0,310.0,0.027313,1,1,151
2025-05-12 21:13:18,a8160bd50719135d87b64d82b1d9366a029f2f91a23f00e7790469c87b097688,896458,113543.0,456.0,0.004016,1,1,338
2025-05-12 21:13:18,16298fef345832372ed126ca932907a96c63d0fbd3dd7a527588b8afb1a420b8,896458,4852373.0,438.0,9e-05,1,2,222
2025-05-12 21:13:18,692da119f785e3e1395d035759f207ff5f025c0862b8ba56a70299b6dcba0ad6,896458,2092970.0,870.0,0.000416,3,2,523
2025-05-12 21:13:18,8966c4f47fd74749a1195e57f15bd2cd49beaf24aeb7b938dd536839eb5501da,896458,700769.0,446.0,0.000636,1,2,224
2025-05-12 21:13:18,8270d8c0f243ff8d07d442dd677334c265dd84364a1601dadd8486f3fb4ccb65,896458,3391262.0,482.0,0.000142,1,2,235
2025-05-12 21:13:18,09b333a9828ddaef60140bb7e910bb22f080c9677d1ec09b322141c399b8ea00,896458,1823842.0,482.0,0.000264,1,2,234
2025-05-12 21:13:18,70796423e16b0e5841a16a9542742da68f699e99f34c70be6cbf7f80c9a35ce6,896458,95807.0,445.0,0.004645,1,2,222
2025-05-12 21:13:18,6081dbd43ea9bc7f1388d9090249e164cbad743ea15a193f9079d74ffba9efcc,896458,1303117.0,705.0,0.000541,1,2,223
2025-05-12 21:13:18,a51cff280c55c3eeca3ca41595da710b5a638a11fcf3ea100adf5fb44a99ed95,896458,67063.0,696.0,0.010378,1,2,220
2025-05-12 21:13:18,ada5640292a02d4e11da99e84e27e7e3d7f15be5262333d24d6e65bd898a0438,896458,353626.0,500.0,0.001414,1,1,150
2025-05-12 21:13:18,047e0e9aaac2d38c3df2bf8adf248a47e86f160eef0415939a71d040ed4985ad,896458,354126.0,168.0,0.000474,1,1,162
2025-05-12 21:13:18,630c228fda27b46ba86f10322013e551be35e2e58bc8a3f5ccf93838eaca08b3,896458,853262.0,452.0,0.00053,1,2,224
2025-05-12 21:13:18,8a987a85cb0d1e74c872e545159afc87b55e4c38f116fc29ec8d62ba7d0e33b2,896458,810216.0,1590.0,0.001962,4,6,699
2025-05-12 21:13:18,d67fa9d05faf80f8305edccde36950e142fee570cdffe8a9710f0561881f228f,896458,1561.0,450.0,0.288277,1,2,222
2025-05-12 21:13:18,51a12a0ba371efbee3f5a6489cfc676bae5a017451501b0f7eeb8d889afb92d4,896458,40301022.0,10822.0,0.000269,1,1,191
2025-05-12 21:13:18,6f24effe7e780a46e36705b4d0360b6ec710fa5246e38d3d0ba26a908e3b407e,896458,71959753.0,5499.0,7.6e-05,1,151,5080
2025-05-12 21:13:18,387aa00f51ae55b3672bb2577483baad8c9d69cab63477a3c9c394b9912bdb8e,896458,23404.0,3520.0,0.150402,1,1,192
2025-05-12 21:13:18,ba817bce8105a266e56d75be1373e051fc0c916741fa1e5889b0de4a854f3375,896458,39716584.0,12035.0,0.000303,1,1,191
2025-05-12 21:13:18,82ef7525fc60bf96e0c0d5092d2ea66bb9841b8568b8d794d2b7484d74cf345e,896458,71959116.0,6136.0,8.5e-05,1,169,5659
2025-05-12 21:13:18,b21378a9e7137c8e1be39a3861dffdfeccf3d0fe0af26f47f157ac95a01aafca,896458,585629.0,5922.0,0.010112,1,1,194
2025-05-12 21:13:18,46cebd31bb60fa984e19236732c25d48256bb0d166354db45f28b04b9bd88e2c,896458,35627283.0,12217.0,0.000343,1,1,191
2025-05-12 21:13:18,b61e037c593a4c8836b05f3a685ba08220a6c3dcaf943e089c57aced2575628d,896458,71959027.0,6232.0,8.7e-05,1,172,5746
2025-05-12 21:13:18,5f6e4856b0d26dc86ad400a6df719570251e5991265caab7c77b8297bfe3ea1a,896458,127684.0,1375.0,0.010769,1,1,191
2025-05-12 21:13:18,21c78acd5413afeb55c6a24894ee0ec514ed670ac5f9043c2aafdfdb192e09d7,896458,40304431.0,11054.0,0.000274,1,1,191
2025-05-12 21:13:18,f89cce579e690ed83194dba9eb3b6335f02e3ca313f9d7daa65869cbb9e52623,896458,71959630.0,5622.0,7.8e-05,1,155,5191
2025-05-12 21:13:18,7ffbb7c6be2ecd51ffb3ae6d74b93826b58d43c5f2a12ace887ddfe14add7d4e,896458,56559.0,6369.0,0.112608,1,1,204
2025-05-12 21:13:18,ad76a881e46322432694feeb469cb8a532322728d75c1721f090430fd34b2cdc,896458,28791.0,5988.0,0.207982,1,1,194
2025-05-12 21:13:18,840842843206e8a63ee59ea809efa2cbb58bd5dfae2709f8cb97c060bca2fbc1,896458,24463124.0,12355.0,0.000505,1,1,191
2025-05-12 21:13:18,fa328b537bbbe4f93b22ce1937697d3936e1d1f7bc7b91fd10828ce880d0fb24,896458,71958947.0,6305.0,8.8e-05,1,174,5812
2025-05-12 21:13:18,9421dcf2e0cbfbdda4433246ab12591118a0fa1554e98c5381ff42319780dc6a,896458,69856264.0,9680.0,0.000139,1,1,191
2025-05-12 21:13:18,b57d17c22c3a9c34a15c227bbf1e86df7448c9aa85ce8e36961d2ed75671d336,896458,104290601.0,8501.0,8.2e-05,2,167,5743
2025-05-12 21:13:18,adbef357c95affa4b1317af05389c4ae995a560625ebb3fe061aa1ce3532ced5,896458,21001232.0,5621.0,0.000268,1,1,191
2025-05-12 21:13:18,2a263ce04e65eca5ee170e58c4dadc0eed1546bb9afa8bada575230b7a78db21,896458,51387476.0,12180.0,0.000237,1,166,5543
2025-05-12 21:13:18,a34c3188ec1ce47f05818303a65b9b40ad9eb3a07458a323329734d6c8b96931,896458,7781435.0,1015.0,0.00013,1,2,222
2025-05-12 21:13:18,8893d03f00e27bcefd1ca9f45cbee510e81c8504736fe26ee2d9fdd455adcb74,896458,8546.0,1300.0,0.152118,2,2,370
2025-05-12 21:13:18,669cbb20ed45d4edb1a059ffed6d0d0eb7ade193bf5a9cae3266be4bd0ef1b28,896458,7789489.0,338.0,4.3e-05,1,2,223
2025-05-12 21:13:18,e4a3b75f909cf827e19f3370e5a0860628c1c4413cd34535b1a15ea12e0634d0,896458,7814147.0,367.0,4.7e-05,1,2,235
2025-05-12 21:13:18,6c3eab92f71e1482cb8f1f75ab881d5370fd82a835ddf98a3035b3fb5f001868,896458,7822728.0,338.0,4.3e-05,1,2,222
2025-05-12 21:13:18,788e411511eb8f3f0aeaab28336d88ba54099bc4392e3d5d25d75e8703941294,896458,7830208.0,169.0,2.2e-05,1,2,222
2025-05-12 21:13:18,580c1d87cb83a19c8cb460ecb13fb7b76ab35cf37a5e16596b0da78d7c23952b,896458,47369.0,452.0,0.009542,1,2,223
2025-05-12 21:13:18,17c821befcec278e7970e591721cdb43347c1be2d2c5af09459046fdf6b445a7,896458,2281973.0,855.0,0.000375,2,3,397
2025-05-12 21:13:18,811692a53d6fb0a96b7443552f4ba6bba093f5f05d9a7129fdfe906d1a85b734,896458,2278185.0,855.0,0.000375,2,3,397
2025-05-12 21:13:18,13f47167c9199d8ec2d7f6c844a0936cb67c0e2f308c3ea029bd5bdd6df78d06,896458,65855.0,949.0,0.01441,2,2,377
2025-05-12 21:13:18,1da28231ee4d3b1f739120661250434af8ed37250635c95ecbd7064f1aea5ba7,896458,108038.0,531.0,0.004915,1,2,246
2025-05-12 21:13:18,b13016560c3c89c170c5392dae63c2dcadd5fe701e0d6db69e7ac779ed47b80b,896458,28399.0,531.0,0.018698,1,2,246
2025-05-12 21:13:18,f5f297bc6f093cdc912d52563edf27a986940b3e5c31ccfc7a9081b467f8398b,896458,14834291.0,459.0,3.1e-05,1,2,224
2025-05-12 21:13:18,b9e3c8407f8d35ec25ea512d033dd3a3dbe418eb6fe48650faf503e562ce5e67,896458,35600.0,459.0,0.012893,1,2,224
2025-05-12 21:13:18,87014f73c4f1722671523c884c4fac1222a6efa5f4001c9ae443f689ca05a645,896458,63712818.0,7311.0,0.000115,1,1,191
2025-05-12 21:13:18,ae91379453387fb5ffc882b655ce5908d30c9212d3b79c51be8d49c44d6c25bf,896458,1390828.0,7866.0,0.005656,2,2,371
2025-05-12 21:13:18,5316f3094c5ef2870df9ba6096273c00b7a717145829ed2693d6afed8c0dd095,896458,102786896.0,12416.0,0.000121,2,182,6227
2025-05-12 21:13:18,c3b5fe1326b887afb663f60cfe58d46f90739352914d0839ecc91a4f6314caca,896458,73430.0,731.0,0.009955,1,2,226
2025-05-12 21:13:18,a47b2d700168616e33d93afcd695867eafa107d0c79f0ed228ac749db6d77616,896458,25370561.0,1128.0,4.4e-05,4,2,673
2025-05-12 21:13:18,f23791ab49c005b39ed856623f6f3a8fb0d999903c9673738723e90b0aded2b8,896458,407921.0,1395.0,0.00342,3,6,640
2025-05-12 21:13:18,015d7b3010033236da3938b520118c611950ba0ead551fd2689355ea6c8aaf0d,896458,837880.0,435.0,0.000519,1,1,216
2025-05-12 21:13:18,0a7c0f05d66a2afc02058d58c70acb6725660bb948186c4d87e76f5013f7037f,896458,756791.0,459.0,0.000607,1,2,222
2025-05-12 21:13:18,ece5d929f52ea47637e11c856c4177d9861a52d2bcefc670dd3736912b99183a,896458,21097082.0,459.0,2.2e-05,1,2,222
2025-05-12 21:13:18,26734689cfc3806fd7b14479e4848363c73c23d120994a45930ad2bd2920e638,896458,144673.0,459.0,0.003173,1,2,223
2025-05-12 21:13:18,276d30f6e1b72254ffe61d542dc5c93a238f58ac3bb9d92c8aa821f43b64e004,896458,111426.0,1459.0,0.013094,6,1,931
2025-05-12 21:13:18,a3ebec4a18db611ebfc6b53c87d6b5a6eee0166629adad7ef6c6759fdd1fb6df,896458,95638.0,672.0,0.007026,1,2,223
2025-05-12 21:13:18,bedbb9c5ceb058fb4c641fc88c5874421690254492bb550f4b0d949369a64984,896458,115822.0,465.0,0.004015,2,2,370
2025-05-12 21:13:18,780b80becde6b997d770258fb98a0be4fce639dfdc0922caf8f76cf9a9edd24d,896458,783250.0,333.0,0.000425,1,1,153
2025-05-12 21:13:18,980f94403ac04d8b9103f4bfc7872cb0482248ccb7690270b12e4fefe8bb4cb4,896458,2636003.0,1210.0,0.000459,1,2,223
2025-05-12 21:13:18,c122d4401e58769bd8a046dc33169d0f8efb25ff09a88219fc026d80ab30bf96,896458,2929755.0,245.0,8.4e-05,1,2,222
2025-05-12 21:13:18,246435f1fdf9bf6eb6dcaa0d2102a30c37181b4bbb232a2af277e40c237c2b27,896458,228092.0,914.0,0.004007,3,2,522
2025-05-12 21:13:18,6d72d18c3d57a2a64b5f147fa4196b236e6e95482fc9e6c8ad0cb3ee85dd7f03,896458,33323.0,731.0,0.021937,1,2,223
2025-05-12 21:13:18,ab5385d9a7d658a64bcb10c273d2c6a341b7dc5f795aa8fb134a76c782e10850,896458,917753.0,2466.0,0.002687,10,2,1558
2025-05-12 21:13:18,e1b695c5a26e048dd6ad7f4ce7eb8a1821c5051e3e06d4a5c734f715ccfdc8ee,896458,923985.0,949.0,0.001027,2,2,371
2025-05-12 21:13:18,1599b7462f7b0be8f2ed81eb116547d32526256999047a7612b917f8fd7ab72d,896458,95446.0,543.0,0.005689,1,2,246
2025-05-12 21:13:18,0e3747134b779945f567d901cc4988e39485f5a8109062c945fb39c51af8582e,896458,23681088.0,731.0,3.1e-05,1,2,222
2025-05-12 21:13:18,d0c630ed7a9f88b90395375ee8de469fc91e3523034b7c27f235f49240f19556,896458,320654.0,652.0,0.002033,1,3,279
2025-05-12 21:13:18,21a6869ac7cf628f74b5e957495ade67e9b99e431fc44779e8cb027d701cf4f1,896458,45632.0,465.0,0.01019,1,2,222
2025-05-12 21:13:18,d5571115783ed52c3aa812767bfdeb54183e5f4f35b8c08206f1b7a505d8b738,896458,116626.0,673.0,0.005771,1,1,462
2025-05-12 21:13:18,79291d5b157ff6130f689a8bea5f3547e2979729a4ff14a46311a25c5bbee2e8,896458,260561.0,914.0,0.003508,3,2,520
2025-05-12 21:13:18,e06a190e5c78da8c45209fd4a3e6e40faa53cceafe4b69b9e7222893d8b44672,896458,107674.0,914.0,0.008489,3,2,521
2025-05-12 21:13:18,ec1348519dc45052c594ea4ad995d7b7a4aca849477780c97b9afbb9ed647fc1,896458,351554.0,697.0,0.001983,2,2,373
2025-05-12 21:13:18,767147a5099df1f3c0661a068b4133bcbf3bcea96448d87720d8a350c068a87b,896458,9981.0,780.0,0.078148,1,3,317
2025-05-12 21:13:18,df8cac52a9f7b69e38aa64d10d497b839b3e5f001a3a8ffa3c78e9d30d073be9,896458,1248362.0,508.0,0.000407,1,1,192
2025-05-12 21:13:18,3d14a04781964bb260d905cedb86e418d4154f656102adc838d8af848ad16149,896458,11029232.0,322.0,2.9e-05,1,2,222
2025-05-12 21:13:18,098519eeb934a1cd0b62ce176538ce895a73aeac224b095f44b27d9bc643e94e,896458,486616.0,1936.0,0.003978,8,1,1227
2025-05-12 21:13:18,e125ff6f40a1c46c9fdc301a0035253f7eda4328f6301e16725f27ceb45d2862,896458,546.0,513.0,0.93956,1,1,277
2025-05-12 21:13:18,1efd8f895f90d0be2404d23fdf6a20c70c1998caf8f514fe33eb6d5ee2cea850,896458,7662.0,462.0,0.060298,1,2,205
2025-05-12 21:13:18,cd182e7e9834c4de962f9177666a1d5f7548b72dbd04c818923f1f784b9229ef,896458,38290.0,697.0,0.018203,2,2,372
2025-05-12 21:13:18,8a7f5abf58cb149dd21d62deb27127ab6c95408507693e0fcb5f82ba68f4c3af,896458,193956.0,697.0,0.003594,2,2,372
2025-05-12 21:13:18,ae6e4433caa46b99a3d9bafb199c3aaa968afcea6e7340d76ba0eedee6ba5512,896458,14602.0,1118.0,0.076565,2,1,336
2025-05-12 21:13:18,9f722d573197c772641dc6d1db69032ad37e23d9925415160447fa60ee069182,896458,33995.0,660.0,0.019415,1,2,222
2025-05-12 21:13:18,18c317227eaa8382037b9fd7d8bf4a8efec36ad7237f02feb1a3d3e007d6d88d,896458,35615.0,280.0,0.007862,1,2,223
2025-05-12 21:13:18,6cf3535c71157bb575ae01394917edbbf40884f0b4fa34a6039ece853482d4e0,896458,338821.0,697.0,0.002057,2,2,371
2025-05-12 21:13:18,6b157248ef549472b14bb82c0513c59468ffbcc286aaf2ccd82646067b1eabcc,896458,36494.0,697.0,0.019099,2,2,371
2025-05-12 21:13:18,e3dee7310f0bb3eb3a22be9382dff77f22d2d2b1855d261f7f40c0912d35019a,896458,9776792.0,697.0,7.1e-05,2,2,372
2025-05-12 21:13:18,97a7fc50b1873ddffc2b4075ff0bb2a4f71ac6a44a64cf2ed1e52560e3338e06,896458,1268601.0,697.0,0.000549,2,2,371
2025-05-12 21:13:18,679ade84bc194465daa1f53b108a232dc6d033c2c0b2effcba4dc58eabddbd66,896458,975080.0,3498.0,0.003587,12,2,2011
2025-05-12 21:13:18,4f09c0722929f4d4d14de2ed0281ce1c2a49518b595d614b84bff644688b31e9,896458,19330.0,482.0,0.024935,1,2,226
2025-05-12 21:13:18,ce7d185ad6197fcb5a9e64ad1de5c2cb2dfc578a3ae6e1c573d6916630cbab56,896458,234586.0,482.0,0.002055,1,2,225
2025-05-12 21:13:18,0d0e0d0fdf2166ecc1899fce149af2ea337f45d623ff8878b9dc5121c33967cd,896458,77612.0,452.0,0.005824,1,1,194
2025-05-12 20:48:06,1f1ffb9a6813d3494f5151ea91898103ca658c66a1a8d9aa113952a826ca9a13,896457,47400.0,285.0,0.006013,1,2,283
2025-05-12 20:48:06,720d6cf325adc0ec4a54366e73d18fced596ff1addeb3cec4915c6e34fbddfd7,896457,47685.0,285.0,0.005977,1,2,284
2025-05-12 20:48:06,de5a6d50e01355566e5f71d8df676af2dcaabff2fb53f0021866183ff037c1e7,896457,130081814.0,166.0,1e-06,1,2,246
2025-05-12 20:48:06,ee9febb4f93f77deba5767bfac43c0714246a842756457f13ef528690074ffe2,896457,5032719.0,166.0,3.3e-05,1,2,246
2025-05-12 20:48:06,1de5117de4886e7e4d9b229b3ae8052a95a27d68259fff136f0736cec9bf442d,896457,9999834.0,166.0,1.7e-05,1,2,246
2025-05-12 20:48:06,4c5ad9e66e1463dc2fc508791e32c0df8379163e71f171699f211882718e94f7,896457,1017206.0,285.0,0.00028,1,2,283
2025-05-12 20:48:06,bae5f216c886de5e58e34fcbfa93579250e26f1c9942e8e252a2047b6559b1e1,896457,1017491.0,285.0,0.00028,1,2,283
2025-05-12 20:48:06,b14fa15f8a73fb650f6be7196ea3232a28948352dca02de595a1e24e8a4fd598,896457,1017776.0,285.0,0.00028,1,2,283
2025-05-12 20:48:06,86473bfb97c81e37d408f6989cf1be62495b542a5a4e21aa40d4619e7986b2dc,896457,1018061.0,285.0,0.00028,1,2,284
2025-05-12 20:48:06,ed99cad015b385f4c06f808417e785c6123580389babdab97e6cdf64a10367e1,896457,46710.0,285.0,0.006101,1,2,283
2025-05-12 20:48:06,e894dc6fc75619355002ce41136d535182a421be8b5f1bcbc2c73f799c990d10,896457,46995.0,285.0,0.006064,1,2,283
2025-05-12 20:48:06,ee26b5db1eaf821440c674fb07f6bb05cb71c643c37fd030e04a4b320dec93be,896457,47280.0,285.0,0.006028,1,2,283
2025-05-12 20:48:06,6132249050f23d181b69693a787775b1eece52fb4d084d67a656330066964381,896457,47565.0,285.0,0.005992,1,2,283
2025-05-12 20:48:06,2bc8559cec676e76e3824b89760889becb9179c58f35fd5008093c4fea8076f7,896457,47850.0,285.0,0.005956,1,2,283
2025-05-12 20:48:06,4ff295b501e53257b5b2cf73c6d371edf814e381ccbb5e0dd4be422af5f48f13,896457,48135.0,285.0,0.005921,1,2,284
2025-05-12 20:48:06,b445bb37498614eaabf196c2571edc411a73c5c9f9400b73a5ba91b3de9261bc,896457,48420.0,285.0,0.005886,1,2,283
2025-05-12 20:48:06,193d53d66f82a27fd5177b2574df1502145e02becead5396993c67f39defdcc5,896457,48705.0,285.0,0.005852,1,2,283
2025-05-12 20:48:06,fd205a9c1fba1cf3c9be84a0cf77fde04b6e4265f91c9d91c80a36e87a5f5c84,896457,48990.0,285.0,0.005818,1,2,284
2025-05-12 20:48:06,63165659ae4ff50ac1195142c9a903d1f2f779a42f1d1703477ae418a9d82b51,896457,49275.0,285.0,0.005784,1,2,283
2025-05-12 20:48:06,c065b93a9207ec98e88b9944f8d197f05e6c2fa8fe68cfc6324bf72ab448030b,896457,49560.0,285.0,0.005751,1,2,283
2025-05-12 20:48:06,53e6dd8cf05a0aca742a472680e264622952098e1fa6dad6a48fac10900a4c29,896457,49845.0,285.0,0.005718,1,2,283
2025-05-12 20:48:06,2f264984852f3c5696001d07e808af71a826831a9f40733cbb22e678f487a00a,896457,50130.0,285.0,0.005685,1,2,284
2025-05-12 20:48:06,f5e97bba82c80f2d3788bc211843e9860fcb9f26561efac9984286c409bf1ccf,896457,49805.0,285.0,0.005722,1,2,283
2025-05-12 20:48:06,497d92f90c9ebb909aebaf11c20b015a8c3908e5c5a769fbfd2ff481becd83e5,896457,50090.0,285.0,0.00569,1,2,283
2025-05-12 20:48:06,5dacfd57a3747f8536570c44511192cdeb2f15821607ee93f78ab12406d3cd05,896457,50375.0,285.0,0.005658,1,2,283
2025-05-12 20:48:06,2ccffd151c7bc08ca116a1a673c1421b3bf985371546778e23e58d379a6de814,896457,50660.0,285.0,0.005626,1,2,283
2025-05-12 20:48:06,19b803960b8c469e53350a57b2a7fb963fba356f1a4df30f69cb8b9bf42839ac,896457,50945.0,285.0,0.005594,1,2,283
2025-05-12 20:48:06,2e286341f62faadaec02827be8d56bb5a408b30b0feca54c712bb737247574c8,896457,51230.0,285.0,0.005563,1,2,284
2025-05-12 20:48:06,cd7c4f08e49c32f655b185a82cd8b17ea13e60b585aeb50d4866fe184c2dab49,896457,51515.0,285.0,0.005532,1,2,283
2025-05-12 20:48:06,1e203a56b7b3fa5bf7ceee2865e8d996005846cdcd581e10e81d938d24f6f041,896457,51800.0,285.0,0.005502,1,2,283
2025-05-12 20:48:06,8d03d5bad43f0cf0069f8ca1eccb1b719dc50392beccba40ab32e576831d5fb9,896457,52085.0,285.0,0.005472,1,2,283
2025-05-12 20:48:06,576753ef571ab4abae785af8a0ad3aca1c62de7ba6e05e9d4d7298669a67020a,896457,52370.0,285.0,0.005442,1,2,283
2025-05-12 20:48:06,a8812972988b252eb95eafa3f2391151ac85be95b80efcb4d741badaf5b7e20f,896457,52655.0,285.0,0.005413,1,2,284
2025-05-12 20:48:06,9ebc17a6a09dcfb3f0e1667fa6bed6ad820cb3ebe63a25d6041d99154331164d,896457,29441460.0,932.0,3.2e-05,6,1,926
2025-05-12 20:48:06,9014b19c543a8cd69228ae70a56d7e93169ff4d0919af8f52ed2aec9881dd6f6,896457,4845.0,155.0,0.031992,1,2,205
2025-05-12 20:48:06,75becbca464d7464ab534463d8a9f2eeca6dac06e0958fcc6511b5964a3f53dd,896457,4845.0,155.0,0.031992,1,2,205
2025-05-12 20:48:06,cb73e0707353afb10a123ddc70211becdeea6f34dca09460795b97b865e66fdb,896457,9845.0,155.0,0.015744,1,2,205
2025-05-12 20:48:06,e7585156affd4c0880b8f825157a3409709798ad38ee62a0a842d280091c8239,896457,5423.0,155.0,0.028582,1,2,205
2025-05-12 20:48:06,17180b3d855c3f52f054c40eaf2102a68a8e32057c2e8aad792620210a36a2e1,896457,330.0,154.0,0.466667,1,1,326
2025-05-12 20:48:06,d78050c91609a829217196ee901c6c649d86f6b91d48d3d7603875b438ffe0c3,896457,160846.0,154.0,0.000957,1,2,205
2025-05-12 20:48:06,f85971b7c56dcde4e7bdcda08b99391dda7058e3c3b63830df3ede8528b0fb6e,896457,330.0,154.0,0.466667,1,1,326
2025-05-12 20:48:06,635709962d98498704ba6e6680956b7db37b96c775f4df1464801e4c61736059,896457,151046.0,154.0,0.00102,1,2,205
2025-05-12 20:48:06,013d5f48c20bf52c763430a803c84efb8f6963d4da45937123fb6f48015f366d,896457,330.0,154.0,0.466667,1,1,326
2025-05-12 20:48:06,deaf1667d7c898093f795cbf21d8ec3932c95a09171047a21e2c412366933c85,896457,137846.0,154.0,0.001117,1,2,205
2025-05-12 20:48:06,e2ae3634ba58f25c74918dede817849e5aeb0efe33091f8676f05a15232609ad,896457,2755025.0,452.0,0.000164,6,1,933
2025-05-12 20:48:06,6134328c79d10451eee2bb2908c618f4499061bd22d60b53910655d1a289f92e,896457,84488217.0,2853.0,3.4e-05,19,1,2834
2025-05-12 20:48:06,27a271ab1703a8c210cd532272d97c588a1037abaecd61096fba10aadb66e38f,896457,3404552.0,296.0,8.7e-05,2,2,674
2025-05-12 20:48:06,68d90f01dbbb9a30d88a5a006a5324afa533737b44d4606772cfc5d43a570b17,896457,1111436.0,295.0,0.000265,2,2,674
2025-05-12 20:48:06,85a1cbaf93824073e28831c5c311eb33edadb2b7b359aaab48aa8075ff166b5c,896457,28797936.0,14591.0,0.000507,98,2,14492
2025-05-12 20:48:06,c8e0cfe9ea01d41434fcddb821f98dff56ef495ac55b93c56471b04c635ffedb,896457,299854.0,146.0,0.000487,1,2,196
2025-05-12 20:48:06,a4680f8cac71f9434d2b8955fae4e53ab92e6e9ca195b2cb9c09d1756e9477d5,896457,9620808.0,146.0,1.5e-05,1,2,196
2025-05-12 20:48:06,d5c3b112e4d4b72f803f16b9fe49e10b41e246b1bd7ca13f5b7427568fd644a6,896457,50415.0,285.0,0.005653,1,2,283
2025-05-12 20:48:06,4b7772208de31fee7f137957b0e73a4a9c2cf4aa4447465ff5f9fd17890e8997,896457,1018346.0,285.0,0.00028,1,2,283
2025-05-12 20:48:06,3721043f3f34c5907c4534118c21d1baedb4c692fd01ff96525a44ceecde2883,896457,50460.0,285.0,0.005648,1,2,283
2025-05-12 20:48:06,ef11c565120c5bc0bf67c3c09be94be8c6ff33f1801aad31716dd0279b721533,896457,1018631.0,285.0,0.00028,1,2,283
2025-05-12 20:48:06,cf1a2069a102e80f2b9719b2f18b901c3aab31a387a6062b6df87f7c5f03f6a8,896457,1018916.0,285.0,0.00028,1,2,283
2025-05-12 20:48:06,f2f899c59c23d4e31353ad645d647501861b15c60c8d51c96aaf670501ae0489,896457,1019201.0,285.0,0.00028,1,2,283
2025-05-12 20:48:06,89a8c203306bca1fb0b1c2bb1e058f5fb4f8b7b91dd4b3d1d1d775bbe0f09a46,896457,1019486.0,285.0,0.00028,1,2,283
2025-05-12 20:48:06,ca79e1ab260f8d50f16591583029e10967929932067545420c95ad72ed2bbd1a,896457,52940.0,285.0,0.005383,1,2,283
2025-05-12 20:48:06,6db7df9e87e89ff32caf20b938aebc442d811eb886eadf1cf266a1621d7baeff,896457,2288469.0,142.0,6.2e-05,1,2,222
2025-05-12 20:48:06,08dcac05db11a6047d5fce21eabdbc0f5a95c1f01d3d87c302fa4fe1609cb0d2,896457,6396452.0,142.0,2.2e-05,1,2,222
2025-05-12 20:48:06,a2a019db3ffd774ba669369e43d3d895c7c8ccd21994e10af75602e9d50de645,896457,4099.0,281.0,0.068553,2,4,441
2025-05-12 20:48:06,999a903bddf8b3606abd153ebe58ba3026438acf9b788b4dd64ad81cc0abfd93,896457,8262.0,138.0,0.016703,1,1,302
2025-05-12 20:48:06,1dd64d07444264bd6c5481490bda8ade166075eaec90709a72d5eaafb34f5264,896457,77607.0,666.0,0.008582,2,2,661
2025-05-12 20:48:06,e505ab3d93e4a6d3616b131b422afbf41c0d07f4f309ac5bbd8d498255f9b606,896457,339511.0,131.0,0.000386,1,2,181
2025-05-12 20:48:06,5d456e3930c6a8a08eca2f1fdf892a3865e6258e53cb1a333886b68b31dffc70,896457,19459.0,124.0,0.006372,1,1,207
2025-05-12 20:48:06,c7fdfbc009bae873e3b3a0ad63b6dc40d651a428c2430774808b4bf8857066ef,896457,5731.0,123.0,0.021462,1,1,204
2025-05-12 20:48:06,ccd2e3eb3ec0fc3aad8b17f30e6271d97471e4e173b1e09626a016896ae7b0af,896457,2208026.0,123.0,5.6e-05,1,1,203
2025-05-12 20:48:06,bab56954f8d9cde923a19161a40cb6d8b196616c0bfe7de641766d0992ffad86,896457,969651.0,123.0,0.000127,1,1,204
2025-05-12 20:48:06,322360f76e130a2d4f824ce36b13ba09eb796768dc039c1518260e173d247dd7,896457,4882303.0,122.0,2.5e-05,1,1,202
2025-05-12 20:48:06,8206080e7bcd137854070118271b31f3c1fcfa15f975212f77dbbdbb6ba26a22,896457,810464.0,2049.0,0.002528,19,1,5630
2025-05-12 20:48:06,a49ce46e1675307894f54dadbcc97185489f3060e197bf2509b7bb7eedb3a5d1,896457,330.0,151.0,0.457576,1,2,231
2025-05-12 20:48:06,c320bc2bf9b37287052bf428a24f552b5f56d1377559a1f675827e20e44c3985,896457,330.0,151.0,0.457576,1,2,230
2025-05-12 20:48:06,507d57367f96479c31e5d973f67f8a5b05e49a67be5a4118822378739accd12e,896457,3455.0,204.0,0.059045,1,4,285
2025-05-12 20:48:06,d2c053b16e53f99e393e311ca43dc4c7be9ea5f37a4ece26b7bffee1e270c0eb,896457,29143.0,5274.0,0.18097,90,1,9685
2025-05-12 20:48:06,8362653fd0eae5c127682b07f2977f027c0743c2b1e4f201a0f5d26091650397,896457,2666.0,634.0,0.237809,10,1,1125
2025-05-12 20:48:06,86e479d028a770dc02c0fe0f6e577419e99290ff01957a77910a14f70536131d,896457,65083.0,2954.0,0.045388,50,1,5405
2025-05-12 20:48:06,2611f41afa30a1cf3972100b9c3acfe2ff04f790fea4bae6b0765e4fc5e57639,896457,34597.0,5274.0,0.152441,90,1,9685
2025-05-12 20:48:06,e3c314bb6b02acae156863fefadf2e9fb4470b313b0155aa5fb7b5c0c2c56837,896457,3210.0,750.0,0.233645,12,1,1339
2025-05-12 20:48:06,c5dda1f6d1bb74d001b113af9d92a67c15935ea976710fb09ef397b92e34f979,896457,53094.0,4694.0,0.088409,80,1,8615
2025-05-12 20:48:06,00aed622bf958e55280445020b126dcb2c6d4c009d44c4f54f7112fa83653d0c,896457,7018.0,1562.0,0.222571,26,1,2837
2025-05-12 20:48:06,3210885aa421c30c0865f96993657dd7ce3ac89c55e1200a1cedb57fecd7c5ff,896457,45191.0,6086.0,0.134673,104,1,11183
2025-05-12 20:48:06,496274243a95dfa5f6daa449213efec184281976292582b242942d06f324bb3a,896457,1034.0,286.0,0.276596,4,1,483
2025-05-12 20:48:06,5fe7d77cf445f891cd4dc65bf83dc0bb69c18938ac11406f74f79e09104188ab,896457,36389.0,5622.0,0.154497,96,1,10327
2025-05-12 20:48:06,a1bde3506d1250624de97f65241a51b1b17dcf6f104bd94fdce6278da4c99e5c,896457,3210.0,750.0,0.233645,12,1,1339
2025-05-12 20:48:06,abbae144dfac0ffd4b561f297aa5d82247cfdc053dd184250d197be9f3744b82,896457,41158.0,5970.0,0.145051,102,1,10969
2025-05-12 20:48:06,8bbe2b2807c4e5ad4a9a5faef4ce573b9f1eddc4669a00f73430fcd996b26ed6,896457,1578.0,402.0,0.254753,6,1,697
2025-05-12 20:48:06,2c1c44fc95c43191625eb1d729bc8e3e890374ad7bf2c018bbcc50b8eb80a74c,896457,43972.0,5622.0,0.127854,96,1,10327
2025-05-12 20:48:06,d1e0563f24062442be0fd52c20245c014dfcc7341f3b3fb6a76a9bd4d3668b7e,896457,3210.0,750.0,0.233645,12,1,1339
2025-05-12 20:48:06,50f2852140cd8728bb2abce77cf34db60a54012498f9b50c71bbc80e27baaced,896457,48926.0,4926.0,0.100683,84,1,9043
2025-05-12 20:48:06,aaaba64e2536d108f27534c50684691b67a5ce21a3b82a3ab408aae25e9f33f4,896457,7018.0,1562.0,0.222571,26,1,2837
2025-05-12 20:48:06,a3b7943b179040185351847b92a4430c335726b648a8434c27326f9ab5b80708,896457,65134.0,6782.0,0.104124,116,1,12467
2025-05-12 20:48:06,4a8d5f1c506a5594e48a3fad81ae2986271ab5471707bc5229abd72682b00f60,896457,1578.0,402.0,0.254753,6,1,697
2025-05-12 20:48:06,e09655195262b3418583f4bec3d7fd8252756b0e9ef20947390e84cc27225a4a,896457,32289.0,4810.0,0.148967,82,1,8829
2025-05-12 20:48:06,f8f619205c75a95d2a6520a2b4ecfd12d580f291a99bac78aab43de3e12eb459,896457,46020.0,5274.0,0.114602,90,1,9685
2025-05-12 20:48:06,e83d966c421b2a6d7754db157aa2ad6258af490e951824273790a3ace1b6fdeb,896457,27789.0,5390.0,0.193962,92,1,9899
2025-05-12 20:48:06,60efec476630d98bcdea534e79c44cb0875d63685f40b2ac36d6a23e09f8eca3,896457,48540.0,5506.0,0.113432,94,1,10113
2025-05-12 20:48:06,f969371c81b5eb72bb45ca7d6cb7555461f6860bad07f7a381a5c624debf0ed1,896457,37525.0,5738.0,0.152911,98,1,10541
2025-05-12 20:48:06,fec5066e10df9f7b4593b4692ad0a61ce43fea443f382ef531527434d41b161b,896457,33716.0,5738.0,0.170186,98,1,10541
2025-05-12 20:48:06,1171ec97c3eecfecfe05c5ad8bbde42d0c33f886b463b978b12e915028461527,896457,56140.0,5854.0,0.104275,100,1,10755
2025-05-13 04:23:38,bf59a7009a346c3bf3a314578ba5101b3eb3b867480914e5d2fa9bcc6ade9cc6,896497,116681.0,942.0,0.008073,1,1,191
2025-05-13 04:23:38,bdea23d8813d5e5d9f889a93e7af506763650923eb6406d1eeea3ed8aab3fd95,896497,425681.0,1412.0,0.003317,1,2,245
2025-05-13 04:23:38,5de6ab4ca0a39596d3f34c93ef09c7b8ec602246cce283a33cb6cd70fc0ad371,896497,796338.0,2712.0,0.003406,3,3,552
2025-05-13 04:23:38,aa8aa0ed2ae8a916eb27791b063e024d13fec976800728f7c8d117622804ab9c,896497,29092.0,1386.0,0.047642,2,1,257
2025-05-13 04:23:38,f6db30e4253725e49383f5147fd36e0fe82278eceb142d6d7009169a6d3544f0,896497,102393.0,1728.0,0.016876,1,1,191
2025-05-13 04:23:38,af1197a680727088fe249517e9d7cc8c641a9620b0ea27184b7af2084dc79c6c,896497,99999000.0,1000.0,1e-05,1,1,192
2025-05-13 04:23:38,985dd1d59ac30ebc2fad787a6de839d379e110e55aacc365e517230e5bd0e0c3,896497,635382019.0,1821.0,3e-06,1,2,414
2025-05-13 04:23:38,cf66a14bf5d371cebd3bb005e07adb752763044b7276a6eddb1feeacd797f355,896497,59653.0,1674.0,0.028062,2,1,342
2025-05-13 04:23:38,a200b8d13200450dfc05725e6419c9e67bb2e6178b9779df1251d471acb907a5,896497,139080032.0,3585.0,2.6e-05,2,6,545
2025-05-13 04:23:38,133efb3ce5a64e4ef382ceaeefb2b7b94bb34ea1f63411a7469301cd357326b3,896497,100950.0,1050.0,0.010401,1,1,192
2025-05-13 04:23:38,14da44d1ada31a9cde7edac31a0d5d3794877dbc4570b84677d0857da7757695,896497,32799589.0,2104.0,6.4e-05,1,2,219
2025-05-13 04:23:38,e195230eccf6c91c0b6469fbb28f1d6ea4bdf03329b21051b51894a325090f1b,896497,1057.0,1071.0,1.013245,1,1,162
2025-05-13 04:23:38,54bca31629a157019eba71455df016f63ec69fe50e29704f5a390532e62b75bb,896497,242485.0,1090.0,0.004495,1,1,191
2025-05-13 04:23:38,0bd76737fca4b01e21330282feec1b16de602b42f1f4f76b59e08c4eebe1de98,896497,150696.0,1410.0,0.009357,1,2,222
2025-05-13 04:23:38,16be198398d5e86eb1c3bffd30a1f91ca64b40a3e2e0be3856e8d922ba20e405,896497,7996620.0,1910.0,0.000239,1,1,191
2025-05-13 04:23:38,490fff9abb5129c45763640fe54995892a3eb36dc604edf32816157f7023d603,896497,527571.0,7840.0,0.014861,5,1,782
2025-05-13 04:23:38,62d546d3b7614cee084df19dac9c4b09a3af15947e6a1b220b485734eaf92fb2,896497,555318.0,2110.0,0.0038,2,2,372
2025-05-13 04:23:38,f44c35fa7fb11bf0fc45a7be618e524b4a6d1826110aaac75432919d9264fd2e,896497,433888.0,1920.0,0.004425,1,1,191
2025-05-13 04:23:38,b114c1e2b2d638eb145cd320831904958daf72806515fb4f23b48e88f0f851f3,896497,2129760.0,2091.0,0.000982,2,2,370
2025-05-13 04:23:38,fc7bf5e377b7efea5413b3351217c31cd7198f0cce3d8618128397f280323495,896497,56906.0,1428.0,0.025094,1,2,223
2025-05-13 04:23:38,b3326a5a5b5c2199d2f305122b0f57ab1b90e0e0bb399be2c09e1db4228f9c2d,896497,1226583.0,1418.0,0.001156,1,2,222
2025-05-13 04:23:38,5c886f3acffe9174781fc4a3d4d22fb776b3614e51593e14dc62b06fc3d42db1,896497,3097099.0,1418.0,0.000458,1,2,222
2025-05-13 04:23:38,1ed1310007c21592ff94686743626e75e15c347e2fbdd74c3e2bf64bdc4ad515,896497,1077004.0,1418.0,0.001317,1,2,222
2025-05-13 04:23:38,5789bcd17d885878f3b739b45e047d5a5580d298affe024156e426932909a2aa,896497,1198582.0,1418.0,0.001183,1,2,222
2025-05-13 04:23:38,379813678a7556491537bd275b3518e0dc6fc5aab64d7b1060cc81d4d2c22179,896497,21625951.0,1430.0,6.6e-05,1,2,193
2025-05-13 04:23:38,8311458272bf632fb36800b34984a3db1d07c3a43b9a88608c38d9c1858accbf,896497,22409.0,2310.0,0.103084,1,3,311
2025-05-13 04:23:38,80621922e9306e013d532ca253da6f22884c751a06d732ddba344529d0bf601a,896497,9221.0,1920.0,0.20822,1,1,188
2025-05-13 04:23:38,f57e7aabb37396e73f7d5552237461ebf3b336db2e8dbc28aaf142a08c786567,896497,1907087249.0,4640.0,2e-06,1,9,447
2025-05-13 04:23:38,4ced97212d8fb8bd6f7962f0e7deb9ba68c0f060f77997a9fc262b0f67091d2a,896497,735245217.0,5920.0,8e-06,6,1,1049
2025-05-13 04:23:38,53a3e359f240aa987311596d1c45e19019ad22ee51051b07718b914d3509576f,896497,534048.0,3896.0,0.007295,2,2,370
2025-05-13 04:23:38,2f68f05eb0638f0790de3494de41cf1b82bfd0a8b4bab14c5506b8f541cd6e25,896497,23434458.0,5900.0,0.000252,1,15,633
2025-05-13 04:23:38,1bb40cba616ce0da18eb5d87b2a7b56bbe519ce2e0f095a9dcd304bc4780fdfa,896497,5282688.0,1523.0,0.000288,1,2,223
2025-05-13 04:23:38,31eb3658111bd8d4a3bf87e1786ee211e2aa15514e7b0684fbeff37a475a7fb9,896497,13838461.0,1523.0,0.00011,1,2,223
2025-05-13 04:23:38,909da5729764f00e305a21744ea475bbf8f66b9c451c2411c21b402154baeb83,896497,1857147.0,1523.0,0.00082,1,2,223
2025-05-13 04:23:38,5d8dbf1a4de1261a705f443cb2260cef34e12dda50b320bda2476ac0bc691901,896497,2062274.0,2242.0,0.001087,2,2,371
2025-05-13 04:23:38,e68ad7d17f6c1ff047a374a09d12b264ea68bf07246ac4f3568d21f4f1efadf2,896497,1321764.0,1545.0,0.001169,1,2,225
2025-05-13 04:23:38,36acad50813eaa5c2c67586daa1f9f03e1d8fada6eb4b0ce3cd059a6e3083deb,896497,1699643.0,1545.0,0.000909,1,2,225
2025-05-13 04:23:38,f33db649a96ee6534794f2a733ecd06bafe9a971284670b4ae4f05f60bdaefea,896497,6904963.0,1545.0,0.000224,1,2,225
2025-05-13 04:23:38,4d0d3bb47c80045e1cd8d3af4a85fc3ac67f41cc96c1fcb04b5ebc44d3486cdd,896497,1072066.0,1545.0,0.001441,1,2,225
2025-05-13 04:23:38,567d378c5fafa16ed200bf05518ae9d20d7a9e6ac9f6f8f30cda9127820f65be,896497,1037150.0,1545.0,0.00149,1,2,225
2025-05-13 04:23:38,4f99ead2d241fcce56a8c46b1f9358ca81e446fd7eea07b5d1b28b194f69186d,896497,1420215.0,1545.0,0.001088,1,2,225
2025-05-13 04:23:38,2cf040bdb2601d566358fbd8a642d2d695240bb9b8d811be16befef6ffd69e23,896497,1025826.0,1545.0,0.001506,1,2,225
2025-05-13 04:23:38,2a6a5743ef561dfafc0e114edd9216bd38c5bb9fcb87fd9f4d933075ed0599ff,896497,2001829.0,2264.0,0.001131,2,2,373
2025-05-13 04:23:38,183d34557e9f8f9e4b8bea446c61f0828711c2bcd60c72b0b55ee480427dbce7,896497,1100027.0,2264.0,0.002058,2,2,373
2025-05-13 04:23:38,9ef189c2a8b8a1d81227a54f33d7714404b4e9ae717572cfe908bc2c069792c8,896497,1044794.0,2264.0,0.002167,2,2,373
2025-05-13 04:23:38,067fea171601e82c7e900526d08937fe97c599509803b92d2557a0ba0e45ac5b,896497,1022250.0,2264.0,0.002215,2,2,373
2025-05-13 04:23:38,d21959eaa82b7a8b99304ba1d81bac14ddfd3a9d5faa423b48c0d846c0b7624f,896497,1133170.0,2264.0,0.001998,2,2,373
2025-05-13 04:23:38,815c15be13233034d81f9ed32997272b34e4e499425c9c140093952ee82988da,896497,1047773.0,1513.0,0.001444,1,2,222
2025-05-13 04:23:38,9035309c4c1ac0125dd6ca462f1b2e209c295e38160cb003d07aff761900f5d3,896497,5161305.0,1513.0,0.000293,1,2,222
2025-05-13 04:23:38,f64322a7686e6cdb1681794f3cb96f1cf4cf9ba0056ee1f1a8690a5e5cb959bf,896497,1196591.0,1513.0,0.001264,1,2,222
2025-05-13 04:23:38,9cc8824c77f41d0735d22e574385d40193604e8efd15f5a536d1d3a27984a09b,896497,1031454.0,1513.0,0.001467,1,2,222
2025-05-13 04:23:38,2edd3bcdcf51ab596bfc209134c1c8caa1fcdaaa68a270be50acb40d89ed8f99,896497,60264966.0,1513.0,2.5e-05,1,2,222
2025-05-13 04:23:38,8331ba2b272ac7d2ea0de184d8da8df91d987977c9faee351103ad48a1cceb93,896497,19947343.0,1513.0,7.6e-05,1,2,222
2025-05-13 04:23:38,99258e24f640bbae47ff7b48439196b7e1eeb59839ad3984ff78b07888e1c68c,896497,1077131.0,1513.0,0.001405,1,2,222
2025-05-13 04:23:38,23dec5306a0d03d67742e6e942908642aa6da43b35966d7035c273beba254474,896497,1783464.0,1513.0,0.000848,1,2,222
2025-05-13 04:23:38,b393f61f462556a95f2f9b413f17541adb23b82a7edd6e1164cad3f71d4b4f73,896497,1038174.0,1513.0,0.001457,1,2,222
2025-05-13 04:23:38,a7de7110a86832167609049cfda1c3392c8dca3ddf06f59c532ea078732e6059,896497,1326192.0,1513.0,0.001141,1,2,222
2025-05-13 04:23:38,477c5fe40b992adf17f3169754765e9bfa0b8e20ab5243105f39f8f03e31ee54,896497,1063131.0,1513.0,0.001423,1,2,222
2025-05-13 04:23:38,c60c7afbeba2d21176835480cbff9373b498e99a5cc0a33c9469712e9d6f8638,896497,1057957.0,1513.0,0.00143,1,2,222
2025-05-13 04:23:38,03779a1e6f2b6270a20c0ce0eda6d764f87cb4cfb50a4955e689328ff3edcb2a,896497,1488301.0,1513.0,0.001017,1,2,222
2025-05-13 04:23:38,e0da308af660c749dec2b93cbfd64d174c471bee9edc42883b70cacbaa305d0a,896497,33546290.0,1513.0,4.5e-05,1,2,222
2025-05-13 04:23:38,ccf21c6a0752bae65317883f3351121647ed7ffbe0b2cd30b09b74e00a90a005,896497,18243024.0,1513.0,8.3e-05,1,2,222
2025-05-13 04:23:38,4463e670461fe86c2fb0a683d818bbcafaba2c306e5e798f231a7cd697832303,896497,1109977.0,1513.0,0.001363,1,2,222
2025-05-13 04:23:38,ed3c5dfecbd63c6685fd0a3ce7cc9e19317147c76acb52c45237745472e7c206,896497,1100589.0,4421.0,0.004017,5,2,814
2025-05-13 04:23:38,348dd4df3482642ec0d4ee122cb2d20f9cb6865ad9b1cb9c52183c37932df6d4,896497,1036768.0,2232.0,0.002153,2,2,370
2025-05-13 04:23:38,ae616eb3e40e3bca57e87583481f776b2ec02b10121dc07422f0a335f5ad2070,896497,1013117.0,2232.0,0.002203,2,2,370
2025-05-13 04:23:38,e971c8a865f13f7f63f00ea35ad35fa186d0068099255703611bb42d6aacd466,896497,1027149.0,2232.0,0.002173,2,2,370
2025-05-13 04:23:38,34492f83d123ff79af662f909432e4ddf0ffdcb2edb2ccfa414f4ccfc58d435a,896497,1158067.0,2232.0,0.001927,2,2,370
2025-05-13 04:23:38,aa0d5e1cda6e41325c3c16b9a4e0cc8f4918d942d4029f5a4ffc4e43a3cff93f,896497,1380338.0,2232.0,0.001617,2,2,370
2025-05-13 04:23:38,5cb27a28db9a8c50b5abc45c462b54e24a4557b320939c114feb9aac3dfa722b,896497,1013639.0,2232.0,0.002202,2,2,370
2025-05-13 04:23:38,62f8fd5262566af4a04dadadc98b2a5827087bbc07c743df446aec484e7d18c0,896497,1095329.0,2361.0,0.002156,2,2,382
2025-05-13 04:23:38,41f34eccc5b30d7ed0cd7d795daeaac0fab2b5fdc8eef9957f54a04a17fa9978,896497,1081138.0,3724.0,0.003445,4,2,668
2025-05-13 04:23:38,5d415b76aa612172e0a5ed3bacf632f3b0d3bbd67730485989f5cd4c48cb7e8e,896497,1998871.0,2243.0,0.001122,2,2,371
2025-05-13 04:23:38,774566a70e2b681340f9943bf042f8c3bfe96e4c0a624e302df66611104f8271,896497,1991430.0,1524.0,0.000765,1,2,223
2025-05-13 04:23:38,28af3574b9222583329ac0b2441990f4a940b12724b41d665e9045e562b1f6ea,896497,109994229.0,1771.0,1.6e-05,1,2,246
2025-05-13 04:23:38,474f7b0648356e3fc8bd70a7fd5859b9b72d79b74d2216eec7afef271d529318,896497,2191014.0,3703.0,0.00169,4,2,667
2025-05-13 04:23:38,33fa584f45afbf2c1c1f853e30b36358f693a0597417435ad5a27395312c94ca,896497,1095318204.0,5367.0,5e-06,1,13,582
2025-05-13 04:23:38,31f8e70017d63a54d859da6b470e2f27f2a5bc3d15946c8e64ecc01acf263162,896497,1204584.0,2265.0,0.00188,2,2,373
2025-05-13 04:23:38,6a00c9b780d26ad85a20a78945852a1760bf3712ab877bfc8737968db4a2a9fa,896497,1027469.0,2995.0,0.002915,3,2,521
2025-05-13 04:23:38,018e1cab2d45cd83590f865303d0af26f1aafa65a2fedc588ae36bd2032e137f,896497,1048678.0,2233.0,0.002129,2,2,370
2025-05-13 04:23:38,1a382083c5ca9b9e0c04f2e6e580ad140c3f0ef4b3b63769f5ccef0367e86a6b,896497,1771737.0,2233.0,0.00126,2,2,370
2025-05-13 04:23:38,fa7c79b4898f45a0df70b66eed75a897dbf3a4f63e7705bdd644bb2b6b1f71b3,896497,2439817.0,1546.0,0.000634,1,2,225
2025-05-13 04:23:38,cc877cdddcf01b1170e9224380bd7ac18c0862e695285828f356099cb8bf47ae,896497,158865.0,1514.0,0.00953,1,2,222
2025-05-13 04:23:38,059b59672c3eff640fd8b909ac624bbb82d4fcf0afbed6cb45cee2734767fa00,896497,46308028.0,1525.0,3.3e-05,1,2,224
2025-05-13 04:23:38,68b52cc8994c88adfc54c5f9d70fe6a20b012ee8f6557aaaa10e5d17c6fbda15,896497,728360.0,2240.0,0.003075,2,2,370
2025-05-13 04:23:38,d5015f3a7fb0fc3035c8dd8abb214290def5c7651cd9c9051300b6018b72b474,896497,158234.0,2639.0,0.016678,3,1,487
2025-05-13 04:23:38,56bf3d4669bb76bbbe0520f622da881b968c221dea5d0251c0a1b3f2975fabe9,896497,31560824.0,2780.0,8.8e-05,2,2,420
2025-05-13 04:23:38,fd43309e523ce0a2d119cab22e32fb9f1e2203e13ce5bd6e5478f2bf77dc5a01,896497,17724134.0,2264.0,0.000128,2,2,341
2025-05-13 04:23:38,de17cb4045e9f1240fcac0287d8c2db37a1f0e67e671c31210f15e42262b5efb,896497,333820.0,2646.0,0.007926,3,1,487
2025-05-13 04:23:38,126a57554a60fbb89d590f2e1648f358d78a26ddfcd3895fce0be0cadd31a324,896497,480748.0,1556.0,0.003237,1,2,225
2025-05-13 04:23:38,a6ec22cb4b5f09e9cf51bd38203c4cc5fb9c89975207e4cf7d161269fca9d846,896497,1031990.0,1513.0,0.001466,1,2,221
2025-05-13 04:23:38,589258c47844cd0f02636d442c79942c46a61c96cba7417d11d2c45f2d968653,896497,828205038.0,1524.0,2e-06,1,2,222
2025-05-13 04:23:38,7b1596c63b70979985d84de31891e03d77b5060b093478b4f78a015a9f1ccd8f,896497,75864344.0,2761.0,3.6e-05,2,2,417
2025-05-13 04:23:38,bef7888b43c38a84cfe7e92e8df3444f5b40434c4a4dcc8a24a5f6cd93dbeac8,896497,59127778.0,1529.0,2.6e-05,1,2,223
2025-05-13 04:23:38,12451907efadd6a58912452a85c3c31a1c48d855d72b2af344bd29334f69ed68,896497,195767.0,1535.0,0.007841,1,2,223
2025-05-13 04:23:38,e6d22d6b96f1d9dcfd04e224c867a1c629999e5c7516f4e69a1f7efcf1c07dac,896497,7609564.0,1546.0,0.000203,1,2,223
2025-05-13 04:23:38,c7c381f5375185d04a25ad7846d6073a7250732b4274b8dcaac2e607b1d25e2a,896497,4596686.0,1210.0,0.000263,1,1,192
2025-05-13 04:23:38,3c62ca78d41af213dd98ba8318fcb481d8bd59ea6f261a88ba3dcbc15c9989a2,896497,667506.0,3425.0,0.005131,4,1,636
2025-05-13 04:23:38,01f6c3d5d062eab8ede8f4b743dbd573dde0c196af3d060491df7063b6190f02,896497,41476707.0,1557.0,3.8e-05,1,2,223
2025-05-13 04:23:38,c346ecab221607b2e7be77571d0585065e966fe9ae0307ed048ea6fdb796a31e,896497,796999.0,1678.0,0.002105,1,2,234
2025-05-12 21:13:18,c2805af768fd16b90a0857ca781e693a620f2fb0bce4f67f090e8b8eddea1697,896458,250743.0,5358.0,0.021368,1,2,223
2025-05-12 21:13:18,cf43735efb88736be00d2ba2c8e6b76d6bb612c422eea48dcab9bd81388ca196,896458,96421.0,5358.0,0.055569,1,2,222
2025-05-12 21:13:18,1c4e62e93917c0e7e6ec6459f827cd5c8d2a7b0271d981609e67c94037186695,896458,87219.0,5358.0,0.061432,1,2,223
2025-05-12 21:13:18,c67b82bdaa42536eeb9474f759ebdd7e7f845b70e7140a5789c4a3404f3d6b94,896458,22627.0,4180.0,0.184735,1,1,191
2025-05-12 21:13:18,ac6dab9c96cc48fe6be1afd2387fb10bab0fc37710035ae78939d0f929515493,896458,722462.0,4218.0,0.005838,1,1,192
2025-05-12 21:13:18,9ce29dbc14087d4f0c80e709a39cba0f3b32767dc5b61565145b089b7d903093,896458,7649968.0,5472.0,0.000715,1,2,225
2025-05-12 21:13:18,08f2eafd9619b5beeebb2e1a6a162655c88b50aab6ce8b9812c1b797f2528492,896458,60730.0,4180.0,0.068829,1,1,191
2025-05-12 21:13:18,edfd905ae4fa85a68f223c2286b033841bf3426243dedff5648b3c428c504492,896458,1994972.0,4180.0,0.002095,1,1,191
2025-05-12 21:13:18,9ec07af6ae94bdc6c98fa0dd4b638cd0541b845500b40527818a820d17fcfe91,896458,337014.0,5358.0,0.015898,1,2,223
2025-05-12 21:13:18,cf7e3db945bdee1e0ce50c16841d31cf6d61f8221c56166e581c10b7ad52e191,896458,2371830.0,4294.0,0.00181,1,1,194
2025-05-12 21:13:18,04109e8b047cc99139d83005592dbbeeec0457007c20bfc47801668244abd391,896458,124656.0,4294.0,0.034447,1,1,195
2025-05-12 21:13:18,bd5640d236c586148fa07e3d84eb641b15959432a72b3e340306baa3f9dd9391,896458,87514.0,5358.0,0.061224,1,2,222
2025-05-12 21:13:18,1402ef506df1d03fe9eee28889be99a666e27ce7266ea9fc4c76e9b51aedef90,896458,77625.0,5396.0,0.069514,1,2,224
2025-05-12 21:13:18,f23d75a0bd247f31d13a68abdb9276942405b1e0353e5e31b65cc4261936cb8f,896458,361746.0,5358.0,0.014811,1,2,222
2025-05-12 21:13:18,8d58698ca42478db909bacfb7e6ccd67a69805a3c43d1492de756081d245cd8e,896458,6911805.0,5814.0,0.000841,1,2,234
2025-05-12 21:13:18,f301575b2383dd312db4c52e75953f7b7e2948c886201649bc0f9d465a68c98e,896458,39881.0,4294.0,0.10767,1,1,194
2025-05-12 21:13:18,55a982694ad07fe3909b7399d555b04ff4779ea6b925ff25d212e81d8cc9478e,896458,55342.0,5358.0,0.096816,1,2,222
2025-05-12 21:13:18,436e12e5c2b01bd534a4da8db6e7a1ca6d2c737834877d71d10a2e63263f458d,896458,273771.0,5358.0,0.019571,1,2,223
2025-05-12 21:13:18,64389f0e84fc6ebb3c1e180f75f0289cf489ac74410efd8fe98155f4f26d168d,896458,4837642.0,5358.0,0.001108,1,2,222
2025-05-12 21:13:18,f5d9a1083e7b0872ab23ff7369e731a4e5e160a2cfb421e997e9c1e9aed8f98c,896458,59072.0,4180.0,0.070761,1,1,192
2025-05-12 21:13:18,4495fb99a50afb9d697168c1a89efdeca02ffd4c839fa64f8c5d7af63d8cb58b,896458,90093.0,5358.0,0.059472,1,2,222
2025-05-12 21:13:18,d986d8405545b9271e6786d968a10efe152106bea91f709c4b4f17e36a7b558b,896458,47192.0,4218.0,0.08938,1,1,193
2025-05-12 21:13:18,e12063a9fd7a79e09b0cd4bbbc81ac74bbf563993e77a473ac8653781cf2e08a,896458,284142.0,5396.0,0.018991,1,2,224
2025-05-12 21:13:18,d9af32b7de8dafbb99e3e023566988bde48bb87a6a13986566ec4cd07a4bd68a,896458,104171.0,5472.0,0.052529,1,2,226
2025-05-12 21:13:18,6de286175c87964c490f39b9bb07969ff2b03030d043eabab2f277b1202b078a,896458,477731.0,5472.0,0.011454,1,2,226
2025-05-12 21:13:18,bfbb4ae9da706bf1b204011f7abfccd5cfdce880d2e13363436921d75a891089,896458,694195.0,5358.0,0.007718,1,2,223
2025-05-12 21:13:18,29077a5f6e1ced6986113d652e4cf14199787a0810e3389efe2f8bfd8264d888,896458,333159.0,5472.0,0.016425,1,2,226
2025-05-12 21:13:18,d9a24b570610244233d6ad9cacf9e9358b4cf764cff21bc2f1e3260b7031b586,896458,108970.0,4294.0,0.039405,1,1,194
2025-05-12 21:13:18,31889c53dc00acb6110e4903766c5f847d26a1834f0601eba2cda09c5ad44486,896458,6927872.0,5358.0,0.000773,1,2,222
2025-05-12 21:13:18,7c6e8c66fa6bfc664711039c460c7f0aa3d44e4e8cc7ed48e6a38449b1478585,896458,15007.0,4180.0,0.278537,1,1,191
2025-05-12 21:13:18,fc5a9839ef06caf121c25f4df571a582f2b24a368d03af6a552db3b7041fb084,896458,178820.0,4180.0,0.023375,1,1,192
2025-05-12 21:13:18,d3926ba93d73aa7da3e6e53d515fdf4f747d3e8fb320e9a0c520219019b85584,896458,328753.0,6764.0,0.020575,2,1,341
2025-05-12 21:13:18,a0ec1c88b39a9302cf7781d63d0528673c80486c21ffa556de0e2ac97798b982,896458,119170.0,4180.0,0.035076,1,1,191
2025-05-12 21:13:18,d965be4cfde5be1c5549b129d36eac37ac95934d91e71d85c62a59abc4d70d82,896458,32647.0,5396.0,0.165283,1,2,224
2025-05-12 21:13:18,8181c9821f72b7d496c21798f2b59d58798ac68a905d745ac18df2f266c0d281,896458,227135.0,6878.0,0.030282,2,1,343
2025-05-12 21:13:18,7d86de35c0b5c5e930729cd31c8d33814e8ea2b23308522ccf476a6eacddce81,896458,65628.0,5358.0,0.081642,1,2,223
2025-05-12 21:13:18,5ea23ec57bf9871d8f734907831f6f14fc76061fb37fb8ab22235eca6f0de280,896458,103131.0,4180.0,0.040531,1,1,192
2025-05-12 21:13:18,1427f0dea6b535aa02a9ab3f2ba524cb18fd52806f62a946a3d67bff439e6f80,896458,508268.0,5472.0,0.010766,1,2,226
2025-05-12 21:13:18,71f230f3936f3cd95c4418ae31dc4d0fd5d8ee88343768105f5708e2a2cba27f,896458,172898.0,6764.0,0.039121,2,1,340
2025-05-12 21:13:18,61fbdb68c3be31702370c58e8dfd5c19bf3491cdf0ab2b4a5a47ff7035bddb7e,896458,309317.0,8056.0,0.026044,2,2,374
2025-05-12 21:13:18,40e0aa90bd5d61fee8f20e652d96506d24f9ca9ffb3327096c1d9d4da8c6477e,896458,63044896.0,5396.0,8.6e-05,1,2,224
2025-05-12 21:13:18,b43613e81cb78759d2f248f9064e0fa4f20999ee6da980c92feab86160aebb7d,896458,236934.0,5358.0,0.022614,1,2,223
2025-05-12 21:13:18,6ab36b6f59e24761070c9eb99f16fdebd6304518d72c8f379f33842376284e7d,896458,1065634.0,5396.0,0.005064,1,2,224
2025-05-12 21:13:18,3781d745d7779b9e0a05dd3b6056db142603167d7a49ab66c2c8a62ab65ef97b,896458,245979.0,4294.0,0.017457,1,1,195
2025-05-12 21:13:18,d4e882bd849d1ed42f64a250d80147612d1039567bcce2e1e351b2d170ddea7b,896458,1475186.0,6878.0,0.004662,2,1,344
2025-05-12 21:13:18,41df0cce98df995a50c3a1db2af124c801f5f3ccfbca14465de8bdf3e066ce7b,896458,3063751.0,5396.0,0.001761,1,2,223
2025-05-12 21:13:18,a35d46fc05705a58423d33c289fce41ef28568e7b3786363a6e5debd9013c27b,896458,1873487.0,5358.0,0.00286,1,2,222
2025-05-12 21:13:18,d8ca6d2471b9e4e0075bda6dd0e740643ab1dd120a855f7f93a8bd4b68aea97b,896458,31616177.0,5358.0,0.000169,1,2,223
2025-05-12 21:13:18,68a2c915b4f9c27408ca1d4b9d7b177a9552a354ee6fee0cc0cbeaed76917c7b,896458,285016.0,5358.0,0.018799,1,2,222
2025-05-12 21:13:18,7c8707a08b3eb22f202a3b76790b77a1bbbe6bb448c6de9ccf83ff911c525c7a,896458,1711778.0,4218.0,0.002464,1,1,193
2025-05-12 21:13:18,bffa6516a10db493204f93034baca8485b16682b37bcf2597c2f39a92a1f8879,896458,1826551.0,5358.0,0.002933,1,2,223
2025-05-12 21:13:18,1015a8d861383c6084d15a2c82f2fffcf5aa803e8b7e62f2d0baccd06b208779,896458,183967.0,5472.0,0.029744,1,2,226
2025-05-12 21:13:18,a92319bc3eaf6deb9418960e8b52894fe0abfea0433c507b90db95b19609cb76,896458,89708.0,9348.0,0.104205,3,1,489
2025-05-12 21:13:18,b660202bea6620d3387491af896396eb1370e461d5afe972471a49770dfdce75,896458,63586462.0,5814.0,9.1e-05,1,2,234
2025-05-12 21:13:18,8c3ffa0b27b03b2dc305c6794422d78dc3a130ab9c1e8d24932bf3fe7597f673,896458,1928350.0,5358.0,0.002779,1,2,222
2025-05-12 21:13:18,7631d2e5d4ba21fbcfab55fc08b4de581bb3216b448c10d9e8720cc90686a173,896458,3304642.0,5358.0,0.001621,1,2,222
2025-05-12 21:13:18,62a26ec6bb80cbc68713429cc985cda79e475a1207e0350ef88d178db5863f73,896458,1670317.0,6878.0,0.004118,2,1,344
2025-05-12 21:13:18,79580f69b30fdd0d68e63a8088146145f3c0f9375949f7667536de7545f10572,896458,90626.0,5472.0,0.06038,1,2,226
2025-05-12 21:13:18,cbe841e112b5cd9539dc738494cdb424243d15e450854463cb0c55fc595ce971,896458,102513.0,4294.0,0.041887,1,1,194
2025-05-12 21:13:18,529e96d0800957d9c079bcd0794ca7eb37e4a8bb33438fd83d93f422940de071,896458,6207347.0,4180.0,0.000673,1,1,192
2025-05-12 21:13:18,c1a555d2e0ffc4329b7199ca46efe5d8d90b1da72a411a2bf80e2da12ec42171,896458,1442008.0,5358.0,0.003716,1,2,222
2025-05-12 21:13:18,4e52fa8f9fb8b3ad47b4b6bff5421a36d35d23b756203a5f1b8123241e0fe570,896458,175971.0,4294.0,0.024402,1,1,194
2025-05-12 21:13:18,bc213d4ab6fa81dc69dcd0d4d04ea896564da0328efc35662c09a0d876e5b36f,896458,970982.0,5358.0,0.005518,1,2,222
2025-05-12 21:13:18,4beecda849f092c3a2177e701b1c21b1fe60780663d580bf8fda0fa153c9b26f,896458,606879.0,5358.0,0.008829,1,2,223
2025-05-12 21:13:18,839ec0cde55b9d86fc95937acd03da480aa6d0af2eb46dc5443d34beab7e456f,896458,88773.0,4180.0,0.047086,1,1,191
2025-05-12 21:13:18,b2da9d51e1e3cfc4c8d9096294d3f92cfb9eca178ed7caac12e2a6674367e16e,896458,263843.0,5396.0,0.020452,1,2,223
2025-05-12 21:13:18,14ea68332258cf69cfed5d1440e7e0ecdbbc98296eec5dfce43f39339c90b06e,896458,41194.0,5396.0,0.13099,1,2,224
2025-05-12 21:13:18,0e721e5517a91387f60db98d5f4262e2bd5b85d53bfd514c5859671b89868d6e,896458,2823403.0,5358.0,0.001898,1,2,222
2025-05-12 21:13:18,591616316c02d0990bb4b4f49a25e881910fe7b8b241f2385e60f89c0a1af96c,896458,40808.0,4180.0,0.102431,1,1,192
2025-05-12 21:13:18,de085f2b44ce42da00efd3ab5eb4a2ad46348f127ac863da06285d594be2936c,896458,1480782.0,4218.0,0.002848,1,1,192
2025-05-12 21:13:18,4dd8fc39b8d7d03ec2c5ae37151b9ac11855086f078edf94d31e8e02792c386b,896458,145090.0,5358.0,0.036929,1,2,223
2025-05-12 21:13:18,221449dac2364511654d770c5787ed7e086356f2237d59d93a995c00455e0a6a,896458,2460512.0,5472.0,0.002224,1,2,225
2025-05-12 21:13:18,b1b65f7cf86c92149d23015329890f210150608832cfaf36d09fd6b708300469,896458,222004.0,8398.0,0.037828,2,2,383
2025-05-12 21:13:18,5a0b092c8f7c29473d3ceea6239b93abb9b8ca466e4f38cb25be3718efa0e868,896458,500306.0,4294.0,0.008583,1,1,194
2025-05-12 21:13:18,efd9ac0f86cb441ecbd88c3a9b27f3459ebf4fbcb9adc6e8fe1d00d73bd19568,896458,975296.0,4294.0,0.004403,1,1,194
2025-05-12 21:13:18,59cb0ada20f5c307d77af9037577157a16bf6f871917de3e9d66471d12137868,896458,4363730.0,6764.0,0.00155,2,1,340
2025-05-12 21:13:18,820b19eb53216869af1f951194add4ed442757073c53811c1f1ed660c8e95568,896458,389995.0,4180.0,0.010718,1,1,191
2025-05-12 21:13:18,c041a1d2b24789317dfd6dc3c750d2feabca37ddc00f88cd3faf5bdab8730568,896458,205666.0,4294.0,0.020879,1,1,195
2025-05-12 21:13:18,ae1c4acf020094809b4ff06d579e0b5f7e7749e2de31e534323dca4eea3dd567,896458,92079.0,5358.0,0.058189,1,2,222
2025-05-12 21:13:18,b00c3580bb71574aa267935317650d0b40a259753916afc157bdd6d9c2d8f566,896458,11443.0,5358.0,0.468234,1,2,223
2025-05-12 21:13:18,3f879a0daec39e26bfb623eb5c186b5b77a24dd62d65c1227b010fc52ba16d65,896458,15373.0,5396.0,0.351005,1,2,224
2025-05-12 21:13:18,b02755fa007484674f3625a3b632cedc7e02848f0583a04f455b4c0f15739364,896458,854769.0,5358.0,0.006268,1,2,223
2025-05-12 21:13:18,03b588a6997c9605a0f0f2b8550d7bacc6e5728ef30e7d8822523c5e21d8f063,896458,385449.0,4294.0,0.01114,1,1,194
2025-05-12 21:13:18,8445d0c48338cae31f81dbf783d9a1079b97dc77f6b05a06771fd9bacf27e063,896458,23646.0,5472.0,0.231413,1,2,226
2025-05-12 21:13:18,6e6507007f01c7b9754b231e172efa7d119115f840e4644e66990d95f25ca163,896458,1454642.0,5358.0,0.003683,1,2,223
2025-05-12 21:13:18,6b494e7d2ac65a275206f95ece838410b0dc6f64036f322ec47eb678b1799e62,896458,768757.0,5472.0,0.007118,1,2,225
2025-05-12 21:13:18,a9fef176c4f5afaa1a0ad9cfbe876073b6d72374499f13babc279b3eb3f05762,896458,6524602.0,4180.0,0.000641,1,1,192
2025-05-12 21:13:18,cf0339459bbe6d62ce0635a1cd0ea78c078119e25b163dcf8797cc2538994062,896458,58029.0,5358.0,0.092333,1,2,222
2025-05-12 21:13:18,b9d2f44d65c057f0b2cac21896640d08e6ce8dd94d1a3af6902945f1d4c90b62,896458,516532.0,4180.0,0.008092,1,1,192
2025-05-12 21:13:18,d4354c9b88dbfa368ffdf5475aa86a2d5d7f98b917592988e63b28083149d761,896458,190354.0,4180.0,0.021959,1,1,191
2025-05-12 21:13:18,935d0a39c4287cf7f91df2c8731dcb4f86317e0f7f7dba6a32ba098e9706ab60,896458,13094655.0,5358.0,0.000409,1,2,223
2025-05-12 21:13:18,b8e7596609d63a2aaa73c14f8386502c38569ccd3e05886bccbcfa22e85da360,896458,464396.0,5472.0,0.011783,1,2,226
2025-05-12 21:13:18,1e4900f861843b200ff38998f216a83b2709050f234b5a8dda758741f5fe1b5f,896458,100097.0,5358.0,0.053528,1,2,222
2025-05-12 21:13:18,6cccef618cb2d3de5c693b5157b3421b36bf5f928343906ea1bfdd0cf8b5f95e,896458,5684828.0,5396.0,0.000949,1,2,224
2025-05-12 21:13:18,e8cf54a32719a7853194384578e9af045579715718b21be67b3877fcf98ca05e,896458,20037.0,5358.0,0.267405,1,2,223
2025-05-12 21:13:18,0d35ad292d095851c708eb6494098fac8e661e824861ce88588ddf2efa87145d,896458,1350671.0,5814.0,0.004305,1,2,235
2025-05-12 21:13:18,8a00bce1efaa332df9a913cd6f13d2228653b78a1aadef63eb1341341e26755b,896458,100513.0,5396.0,0.053685,1,2,223
2025-05-12 21:13:18,b1aff7ce534b22bae3a9e61d7a9cf71a31fc009a604bb0be127613b47699255b,896458,277400.0,4218.0,0.015205,1,1,192
2025-05-12 21:13:18,5f65962922d87eb3a4f76e7b5ee1f95b392eb90bbe0a94a3bc3d3af388a6f85a,896458,3007642.0,6764.0,0.002249,2,1,340
2025-05-12 21:13:18,fb2c994f13d40ae06972756944fdcf6c1b35a87f2f58348af04878fece4bf75a,896458,70705.0,5358.0,0.07578,1,2,222
2025-05-14 18:14:07,248b8411e1f7501925b16966b7801df0316d3315f0f56f4992e75b9a427df88a,896704,96900.0,1426.0,0.014716,4,1,1218
2025-05-14 18:14:07,362b742ce2b6de8c7eac74ef9f847bb2226a7ecf3f65f8bb5bb22c9f0472b6cd,896704,640334.0,5754.0,0.008986,17,2,5084
2025-05-14 18:14:07,ae9dae84b2c99848cd29cf02f81be56c8e0da07d72df90fdea84b607ebbcd1a3,896704,484500.0,1423.0,0.002937,4,1,1219
2025-05-14 18:14:07,21df583877b6355cf556b43e449a3a8167e9d6ee2da278ff377e3fbf69a8d7ba,896704,242250.0,2070.0,0.008545,6,1,1805
2025-05-14 18:14:07,c4f572a595efeaab8fc177b7acef94ca15f930b75abc89bfe8409d4cf69a79ed,896704,96900.0,1113.0,0.011486,3,1,924
2025-05-14 18:14:07,bedbd1980e5af0dbf0cef65e139074ebb7a72c86143bbe417b63d2aacdc7d6d4,896704,187464.0,2523.0,0.013459,7,2,2144
2025-05-14 18:14:07,1d7b5074261c65288f28cfe8bcf7ccef592ccf6a9d555beee8e82ee6899fd68d,896704,1028864.0,6077.0,0.005907,18,2,5374
2025-05-14 18:14:07,2fb3cd7602dede9d381ec5643311ed3a02af6b48fb95de6f30dc1076b11388dd,896704,43098.0,848.0,0.019676,1,4,324
2025-05-14 18:14:07,e142325223c351cf2dc989f9f1319e94e4fd2dbcac6ce95e337bc7d409e1549f,896704,679369.0,2075.0,0.003054,6,1,1808
2025-05-14 18:14:07,9546cce9a1587ca8b507b6a67f1e9543f6422923fe715d7486a5bd8d34419357,896704,151235.0,438.0,0.002896,1,2,223
2025-05-14 18:14:07,cd8d9ca703a8e8e8f5b56bcd9226a0e0ed1f9b98170e99de5bd7ca32470d271f,896704,496934.0,438.0,0.000881,1,2,223
2025-05-14 18:14:07,61e660342d247edb1e18459caeb7bf5a6cfd55947015424b97c693ffa1bcbfb3,896704,485000.0,1749.0,0.003606,5,1,1511
2025-05-14 18:14:07,f2fcae9a10a8ca085bdd27f858fbf186daab77ab4ab80715dba7d1dd88252aa6,896704,734582.0,2310.0,0.003145,6,9,1043
2025-05-14 18:14:07,4897fff16d4548bdfb31f23fbd646dc45081f4224e290e1a06c38a44da5a6e3d,896704,14377.0,859.0,0.059748,1,4,327
2025-05-14 18:14:07,95cd840ba962ec9913dfb491a2fe9500db06f6ccd754b2d40dc8ed93bc646476,896704,175389.0,1105.0,0.0063,3,1,925
2025-05-14 18:14:07,fcf038105d1125737666d5e470bc301b5d25f8d85052a8481df4fd2bad931cfb,896704,97800.0,2874.0,0.029387,6,1,923
2025-05-14 18:14:07,6c5fe79fc3a4561799b6d962ab6426b0fddeaf59f1787d2bcb515f2364f83ce7,896704,339500.0,1821.0,0.005364,5,1,1512
2025-05-14 18:14:07,ca1bd175c50c4d92f0ba75fbf41642b16e706ea6406611179af06f61779d8ba7,896704,2474977.0,10600.0,0.004283,32,2,9494
2025-05-14 18:14:07,e3adaedda42081204147d6608fe19b17a1a65c782ea2c3609b1933ab80a43855,896704,296191.0,2200.0,0.007428,6,2,1850
2025-05-14 18:14:07,5f992996a15fca50bded215ef2d7e68af3c5e43ab595dbc7678fd1d52620bba3,896704,33424215.0,589.0,1.8e-05,1,2,381
2025-05-14 18:14:07,e30c9ab03334310fea21832b443c39ca6bd1d60df1c03590a45968c33e4cd49f,896704,12983548.0,3346.0,0.000258,7,1,1073
2025-05-14 18:14:07,0276c7a434348e6e708b556436cc6c285d9d3b6fd2069f997c8c4ba5b8728c8f,896704,138908.0,462.0,0.003326,1,1,192
2025-05-14 18:14:07,4d6e2b78a0e838d8a1302db286c6602807f4f7531bdf2a9e8201c848f0a9ee56,896704,144225.0,322.0,0.002233,1,2,222
2025-05-14 18:14:07,ea83c9696cf999ac3876d5ed7028670bbc068bd6e520ea099a0248c04f56c6e9,896704,12290.0,550.0,0.044752,1,1,342
2025-05-14 18:14:07,458017b01e3ee9de653060a2a6540f26823cdba4aa27898844a82ae774808682,896704,162950.0,450.0,0.002762,1,2,225
2025-05-14 18:14:07,2172be1feaaa6658eb52790338c04e8966c173e433660b1d069c3cce573609e8,896704,726750.0,5476.0,0.007535,16,1,4754
2025-05-14 18:14:07,606c8985717cabae039edd5db331667b5fbf748a690c71be48aff35f36ef7c20,896704,909973.0,7370.0,0.008099,22,2,6554
2025-05-14 18:14:07,95c32e414da80635ecd2b16a65da9418ab17d35194dcf72c88c0df82826734f0,896704,215818.0,1234.0,0.005718,3,2,969
2025-05-14 18:14:07,22a5c8955bf8ca553dd0ecf165093ecb6c859d8b1eaf5f07c3cc72f4c76196c2,896704,116858.0,1234.0,0.01056,3,2,969
2025-05-14 18:14:07,08731971b2c97a9893c44c53add1464ba1cd19aad42fc9cc44b3b21085172175,896704,402803.0,1554.0,0.003858,4,2,1262
2025-05-14 18:14:07,322923fdc24186ed7797b29a2edec0e3aedb8f84d780d38e081a933eda98ac30,896704,242550.0,2523.0,0.010402,7,2,2146
2025-05-14 18:14:07,763509b61ea475f8ec080ef244c2cd3e41ac82114c3330eeccab17ecf1659ef1,896704,2677472.0,516.0,0.000193,1,2,246
2025-05-14 18:14:07,3f5c1e91ad148441e23aa1c97b898ef01ad3d4254aa4e958978e72064ba4c0a6,896704,32599926.0,1833.0,5.6e-05,8,1,1228
2025-05-14 18:14:07,c885fbb63bc1ace3b390b05cdf0b251ee4949697dcf2df86f710d2760f8a8e5a,896704,90922.0,1099.0,0.012087,3,2,519
2025-05-14 18:14:07,b784cd64ed79f6093795121cf9f2b2e06ba6a0ff7acc0eaf0c4a06289788a5ae,896704,6193527.0,457.0,7.4e-05,1,3,411
2025-05-14 18:14:07,cd3ac73f4158e22c9727104298bd0e5244352e54b5a4a311c22fab233e98b1ba,896704,7211878.0,656.0,9.1e-05,2,2,371
2025-05-14 18:14:07,ed7f3ae040621cc90271090b1a34f901ac05dc113fa444cbe968dcfbd3a48c04,896704,1050291.0,452.0,0.00043,1,2,225
2025-05-14 18:14:07,37c147185fc8dd236cc816abb5cb39a66b1426c69a6b7ff791a16eb152f5681a,896704,1160481.0,443.0,0.000382,1,2,222
2025-05-14 18:14:07,7e96cad54fefdb05182af1eaee2749a51409df96af90f40d3ed5282b4ecd6995,896704,23544.0,657.0,0.027905,2,2,371
2025-05-14 18:14:07,62cfa4a12c9a06c07671873fad68f8d98406ef3256d296bcd98fbe65082fe9c5,896704,22813.0,482.0,0.021128,1,2,235
2025-05-14 18:14:07,6329b0e5bd11106f83778116605ee7a2685ee87bc70fc98ad97975e037856f66,896704,21742.0,385.0,0.017708,1,1,203
2025-05-14 18:14:07,5f80645d2719a1c1da972126c374d67e53dfa2915ceed892296331936b186ace,896704,1121176.0,872.0,0.000778,3,2,518
2025-05-14 18:14:07,6e4f8798786e3aaec7329a7177c34c77bce60e63bed737100b4da09cd889ef06,896704,6326863.0,708.0,0.000112,2,1,386
2025-05-14 18:14:07,60fc049d1cc8465ce75e87ab8d140bc3edde86a013729c8b0429faf71be35652,896704,31404.0,705.0,0.022449,1,2,223
2025-05-14 18:14:07,828ed9d46e1db563c41509fb682356492a1c94157cd67c7ec76da4c6355029e4,896704,871659.0,778.0,0.000893,3,1,488
2025-05-14 18:14:07,8f5380b609510df85709a8e8f99646ca32f69269fabdec2f9a87bbb5db64f64a,896704,1017159.0,560.0,0.000551,2,1,339
2025-05-14 18:14:07,d7be50ef1ed45535d1176d76982b986ea9502c48fbc97ec0c8f896fc5cb7ec7f,896704,92734240.0,1175.0,1.3e-05,1,2,371
2025-05-14 18:14:07,71b0415aae225eec6b193c50bd69e9e6f45f758abf1b4fe3a58b88ff43d6d858,896704,2397826.0,1014.0,0.000423,1,5,512
2025-05-14 18:14:07,ad94d8d561993bfa910899eb3861d229687dc9e3124df8f8c4ba9add63d2e987,896704,31296231.0,701.0,2.2e-05,1,3,413
2025-05-14 18:14:07,7ab8015bdc9944cf224c16f00ed63f099395baaa70f77a8ec4086bb522f9b2ab,896704,162635957.0,1225.0,8e-06,2,5,767
2025-05-14 18:14:07,3b925eec8fc1b943c5f9ba73c46220a3a32755255c29f98deed095d4a74cddf4,896704,9482660.0,600.0,6.3e-05,1,2,380
2025-05-14 18:14:07,49c8ac0dc0728b0da54061434506ee28005b20b67aa3ee4db3104770170b438d,896704,73383349.0,600.0,8e-06,1,2,380
2025-05-14 18:14:07,3cd6b03f3aca616e6d38d5b4fa69fff54c34204bb6140a873d5659c69279e615,896704,5234205.0,600.0,0.000115,1,2,380
2025-05-14 18:14:07,d8ee2bc5ccc43fbae3c1a89249e36277b43d8ddcc811f502814bf0ddc0c1a719,896704,89760.0,705.0,0.007854,1,2,222
2025-05-14 18:14:07,6e446be18cb8f98fca0372268d0f60c34854db464112e07971c79d300f6959f0,896704,9172914.0,2147.0,0.000234,5,2,1626
2025-05-14 18:14:07,4761bae6c268fe9742c762b701ccda5d0aa504d363b5e3c3dba76e5d1bde1321,896704,11436117.0,13632.0,0.001192,39,6,11694
2025-05-14 18:14:07,56718e850306ff54a002d9e8892f4d04041341b0ec937b5095b498f382544f91,896704,1373195.0,1049.0,0.000764,2,3,711
2025-05-14 18:14:07,fc3e119820ee2b0d3a8ea247034dcbfa38e5c6a0970568d01ac378b5353adffe,896704,18013778.0,604.0,3.4e-05,1,2,380
2025-05-14 18:14:07,05900c0144945072a84632cc2091f749fe4ab057172fd47f7ebf2d4c25f638c1,896704,82775915.0,518.0,6e-06,1,2,226
2025-05-14 18:14:07,dd69539ca2b3a808ccfb27e7a5974f996198360a21f4a4ee6bcc083f717f3973,896704,95531377.0,508.0,5e-06,1,2,223
2025-05-14 18:14:07,ee6947aa020fcacea230c6f22c10e85ad97a4a031205b220b2ff95df25d33c29,896704,95986263.0,367.0,4e-06,1,2,235
2025-05-14 18:14:07,e192d68d6090e6ddb4b2c4e596ef2b6137819f1da5416ecca632e02b5f739be9,896704,623870.0,452.0,0.000725,1,2,223
2025-05-14 18:14:07,622c5bc05af18653c9152865938fcfa58722c08ddf5459ec644f46befa5f22c1,896704,2724614.0,462.0,0.00017,1,2,196
2025-05-14 18:14:07,23f9d1d8004949c829d205bf24e393f51317e584b9b538ad0a9828abdb37713a,896704,343091.0,1590.0,0.004634,4,6,699
2025-05-14 18:14:07,0d38e720f4572814f96ee4fea956c10500f0fed0bc7625ef67fc54ffc59ff066,896704,97385.0,1135.0,0.011655,3,1,926
2025-05-14 18:14:07,886d5849ccabf3c9c2fe9a38931640f0fe26008dcbe79fde66fbd49a6c64722a,896704,8483566.0,954.0,0.000112,1,7,380
2025-05-14 18:14:07,4af80bacde1095a79efff88a45a6b1e761d589bc19b92d7922634d5dc75846c7,896704,5813156.0,852.0,0.000147,1,6,349
2025-05-14 18:14:07,d548163496218409d617e2810d12024465548ce8c81741d1a56f47be5fac4977,896704,3457986.0,452.0,0.000131,1,2,222
2025-05-14 18:14:07,83945e4ba31d6d1e922620b9bbddf6d68757ec36e6d0b104a179ef3410ba28a1,896704,600578.0,896.0,0.001492,1,2,222
2025-05-14 18:14:07,d763ab5f3f6f8e578e66a29ee70265717b25ecf2c983befbe83bde4a6821e39e,896704,611174.0,896.0,0.001466,1,2,223
2025-05-14 18:14:07,130efbbb483bde2ff4ea2d985e43f4f55f266ee5c1427af071f49d3788d85135,896704,621770.0,672.0,0.001081,1,2,222
2025-05-14 18:14:07,6e60c20c6520b4b9cb2e7dc1d3887a12e1595fd1685d42ff2caa510ecdc2c69d,896704,632142.0,672.0,0.001063,1,2,222
2025-05-14 18:14:07,e1a1e82adc66c3487fe523351b83a5361a04d9aedb2f5ec99ea154efd7ca0174,896704,642414.0,472.0,0.000735,1,2,235
2025-05-14 18:14:07,dcdf1677e47b4dbbd3b7a515dd72ac2c1b73d7782f4cb01b645d31cc90a39cd7,896704,34433751.0,713.0,2.1e-05,1,2,222
2025-05-14 18:14:07,cad266954c77a636461e3758bd4b8543c20fefa17ae4bf103e04cfb5250307f9,896704,89547.0,453.0,0.005059,1,2,223
2025-05-14 18:14:07,94c28b405c04affbc4452f57363ec59a3544e9203c70bf48ea8bb5770bc3dff8,896704,36183.0,453.0,0.01252,1,2,222
2025-05-14 18:14:07,201b724e4fa5a5017504d033e3c4c2bc91d0197a40814740ae2c04b7420dcebf,896704,191547.0,453.0,0.002365,1,2,222
2025-05-14 18:14:07,184c66ba15962b892ff036ae2d85422c3f95522e2232efc6195630c69b2e95a9,896704,227547.0,453.0,0.001991,1,2,223
2025-05-14 18:14:07,0d52aebdab3d550545e6581da7ab407b7e858b6ffe0ec90d7db2aceb84128ca9,896704,90547.0,453.0,0.005003,1,2,223
2025-05-14 18:14:07,5fdfd943cbfb7352f7570b42e27c45821326229ee77d1465c051d1f6585402a3,896704,38334.0,453.0,0.011817,1,2,223
2025-05-14 18:14:07,55f7c6d74fb4add9f8460d0ac6bd22625f4082963d7890eec11228daad81c293,896704,200416.0,453.0,0.00226,1,2,222
2025-05-14 18:14:07,1790c18abea08b0703136059f97a4dc9e0455600f7044c72a3ba76b2acea3f40,896704,42536.0,453.0,0.01065,1,2,222
2025-05-14 18:14:07,26a189b44a9842a9e07269b8daf8a973bbca8a3504a57582497d598f396dbc4c,896704,484500.0,2586.0,0.005337,7,1,2099
2025-05-14 18:14:07,37b065a36115a29aca4631137105c529c4f0f0591e3a9e7c808b386a658da08e,896704,423357.0,1234.0,0.002915,3,2,969
2025-05-14 18:14:07,98c33cb88394b2647635d2bddbf7428dec1f98035d919b49675c96e188c30766,896704,121415.0,1554.0,0.012799,4,2,1261
2025-05-14 18:14:07,07a12d8119a3492beb63654f2eb1663cd7280220ef275dd363a99aab1988296d,896704,829452.0,855.0,0.001031,2,3,397
2025-05-14 18:14:07,40acf258a00304e000ecae7d924289aa5923297056b4f3a39378b8d7b7283071,896704,36035.0,1785.0,0.049535,5,6,835
2025-05-14 18:14:07,3e25ac60d30cb271ac2d3a341986426163c432feecae8c640faf64bd0eeb01e0,896704,416378.0,531.0,0.001275,1,2,247
2025-05-14 18:14:07,7fb49985ddb6579f52b492487ce46bf2095cfb2ae19bcbcc8740485d28825ac1,896704,596576.0,1797.0,0.003012,5,6,806
2025-05-14 18:14:07,034fe5687b5ab80840b5891ef4aaf298043f90aeb7695cecab54c79b1cbade86,896704,460367.0,1797.0,0.003903,5,6,806
2025-05-14 18:14:07,22f12bafbf4336fc2b5c7c63119d22625f4019562a2d13b48ca239cefcfd937f,896704,202732.0,1797.0,0.008864,5,6,806
2025-05-14 18:14:07,998fb89f35265f1a3a8c1247d53ef81609564a90f0a284f7c083445036a88e9c,896704,14182099.0,1418.0,0.0001,3,2,522
2025-05-14 18:14:07,934153d0603cddaf3e8e3b27c949d9131308c25abc2bb74a24a41f605f17d14c,896704,294841.0,462.0,0.001567,1,2,194
2025-05-14 18:14:07,30c2bdd9926edb7356adfbea161be4ca951f67163a658d20fe04e66a636ea83b,896704,45709.0,462.0,0.010107,1,2,194
2025-05-14 18:14:07,d3303d2ef96a3a6436fe491440f73b94487c90da08c39187356ebb62734296d9,896704,118106.0,459.0,0.003886,1,2,223
2025-05-14 18:14:07,6c571337b73e9341d8494e54d0f49f0cc1994584609270d550e928842fbc162c,896704,81751.0,459.0,0.005615,1,2,193
2025-05-14 18:14:07,7d5f0466db69d9e7aef19a84d9345f8bfe6c8c0bcd6df9360cdc90da980e2d84,896704,552210.0,1342.0,0.00243,5,2,820
2025-05-14 18:14:07,2a2a85ed32ef3f5cf6f13ed7fb9a2a5a148104e01c22d6d2cc6a38ac2e4d1970,896704,194000.0,1485.0,0.007655,4,1,1219
2025-05-14 18:14:07,b2d360e15c42ca87baf2ddad640149dc24457b59f1de46fa7b77a6e5455f3521,896704,2899.0,646.0,0.222835,1,1,191
2025-05-14 18:14:07,50bc366f2890af0ed3f663093466ffaac3f3cc6fb9f9c6be6a1fd69d89fbd523,896704,326439.0,609.0,0.001866,3,2,519
2025-05-11 02:39:37,05df2995ed6b29d118d4026f68fbb265d99c18e3c9d5e52600d593ed3fd96b00,896194,89235.0,444.0,0.004976,1,1,193
2025-05-11 02:39:37,b86bc3537f2b6a866b5df15e3647aa33f77a22e48e9f3fda925e5e1ca8a0e150,896194,5660.0,3062.0,0.540989,3,3,450
2025-05-11 02:39:37,d0b6e6911745c309a16e159b70bcd4f82db595b17e47d772ec1817675988d487,896194,100160.0,254.0,0.002536,2,2,313
2025-05-11 02:39:37,20246aff6ad26b624181861fafacbddcb11854a7d6bf64a488070b607369965b,896194,100160.0,254.0,0.002536,2,2,313
2025-05-11 02:39:37,66294e976e58c0f5c6a68baa1105f1e53de127904ab0ff5378cd9180e0dc14ef,896194,2143868.0,286.0,0.000133,1,4,320
2025-05-11 02:39:37,a8ba45cef278a6efdfdd806a51cd629a537802b4ce9ea90323ce14ef7e76a760,896194,96600.0,2744.0,0.028406,2,2,300
2025-05-11 02:39:37,200204e4238ebf1b8290fa47998d645d2ab2eaf63425e07f043cbd96d3d98817,896194,3462900.0,241.0,7e-05,2,2,302
2025-05-11 02:39:37,bd1448a7112c10a383d133648008eb43572cd842e84bc4854bbfa7230df0c3ca,896194,3637879.0,591.0,0.000162,4,3,816
2025-05-11 02:39:37,dfe70f55edf1c9c3e5d4c6aafa75cdbaeace7524bc8677211c6ab68ff465a714,896194,2521.0,1949.0,0.773106,2,2,300
2025-05-11 02:39:37,7fb45052dfd2d4249cc22928afc06bb5d83081c51ef2d9f903213b90ffcb9ea3,896194,79697.0,254.0,0.003187,2,2,313
2025-05-11 02:39:37,e22098471b191592f890b8d712ec2b0446d0e7722ea2f2e70e4eb63d1845562a,896194,222260.0,237.0,0.001066,1,3,248
2025-05-11 02:39:37,83942573e1ff9322de67376858e4d9ebdbf6510cdb78ebeaa42f67cdc55e1319,896194,575191.0,573.0,0.000996,1,2,194
2025-05-11 02:39:37,c090cca50fa4ed092d4a800cff6c6b1dba98f1e62563f1b5f62a2ad5d2ce480b,896194,341736.0,2244.0,0.006566,7,2,1125
2025-05-11 02:39:37,dad7e1a358edd2c80391db1245a7e7af12aa10f94bef037291b20bdc8757da3a,896194,15173830.0,8452.0,0.000557,30,2,4529
2025-05-11 02:39:37,0860356e4f54ac3c342d4636a20b752f837099c9ad3f157c591c0ce758ad3413,896194,484574.0,453.0,0.000935,1,1,195
2025-05-11 02:39:37,ea1241535f2b85f997acd189622eca90dc9db61d3f85512cf5ef7d42592e4060,896194,5848057479.0,27976.0,5e-06,47,1,6978
2025-05-11 02:39:37,90ee28ba6f982e2ff78af240652ca8158cf566752f064013485b335fc57c5164,896194,2864167.0,3392.0,0.001184,7,7,1380
2025-05-11 02:39:37,58b4ea4ec61b0e9a11322a0e4463c01e57e162aab6b86d8642b3f78b9d6ecade,896194,7677241397.0,19688.0,3e-06,33,1,4909
2025-05-11 02:39:37,20d6ddf513e3dacdbdb41993d8b1f68220e7fb1e0bb16247573da1ab652b9a1b,896194,18766621.0,1484.0,7.9e-05,2,2,370
2025-05-11 02:39:37,919375a572eeccc1f4ca146c2ff8f4fb7c6e0e974d74c1e966994d5737feead2,896194,6432.0,1452.0,0.225746,2,6,494
2025-05-11 02:39:37,a99ccf700e5c368782d19394ed92e1d62e51fc4bbb0dec487a4ed12068a98a2f,896194,26391.0,2832.0,0.107309,7,7,1242
2025-05-11 02:39:37,c5f8abce2133e4d02b3e9780424e2c33c50ce8a56f3a5eb17025c6ad43739867,896194,1863910.0,1384.0,0.000743,4,2,667
2025-05-11 02:39:37,08a899f321f4b8327b8a17e3868a9a93f6fc98a371944e24e207556e98f16c4c,896194,5946921853.0,35672.0,6e-06,60,1,8891
2025-05-11 02:39:37,13b74b27d3cb617f5347a7b088708a00c62606fd993a7992d29ab79816ac4f04,896194,1456592.0,5048.0,0.003466,8,2,1258
2025-05-11 02:39:37,94b6c344a3c2030a4c0ce770093253c1b873409193341bdbaf549c5e7c1ca55d,896194,27280812.0,582.0,2.1e-05,1,2,226
2025-05-11 02:39:37,146cc1f6ce1688cc0e72553350355e8838268ca6c2f6df63b9d99f3493abe6bd,896194,52281394.0,566.0,1.1e-05,1,2,224
2025-05-11 02:39:37,633c0be7ea5758a636b72b7ca73c8392ce1aee87bf03df53af4ba57e82d7a2ce,896194,348408.0,1124.0,0.003226,3,2,523
2025-05-11 02:39:37,bd6c0c859adbd58a48330a801c95d8a547a12918e58eb00981068240bcf385d2,896194,7241995908.0,35672.0,5e-06,60,1,8886
2025-05-11 02:39:37,d83c8fde60fae11ce50bfb8b51ac5689bc48d3c85a15e0f394788b06160c2e18,896194,1959493.0,1112.0,0.000567,3,2,520
2025-05-11 02:39:37,6e3d02eed3d79aa2ee5ba88278821481a150f8408da1a63c5bfb41d05aa647df,896194,1662037.0,1108.0,0.000667,3,2,517
2025-05-11 02:39:37,f8384d3b407f0e708e83871df445806618eee9223038da91e573ec0359fdf8b2,896194,2151650.0,1108.0,0.000515,3,2,518
2025-05-11 02:39:37,b3f7a61bfab49d64a5af277008ec4aa33b909018899233024427c916396e493f,896194,4071508.0,1108.0,0.000272,3,2,518
2025-05-11 02:39:37,68c5c916685c0cae8a624c67a7c7e87f33195349dcc2cecea600fc2312a4f509,896194,1374215.0,1108.0,0.000806,3,2,518
2025-05-11 02:39:37,29a65361fdbaa0549318f1c62e1e5857d52cbb6b580a0846281d6e4038e0ba42,896194,700053.0,1064.0,0.00152,2,3,396
2025-05-11 02:39:37,7dd3a119ad6adbe9e51c85c46a22a99b3acf8bc25776fbefca6fb7c2c6438f52,896194,10790196.0,984.0,9.1e-05,3,1,487
2025-05-11 02:39:37,9f23dc818fd156f9e57a29592552380ebcbb4d5bf1dfa1c6504f568de9e40774,896194,63876.0,968.0,0.015154,2,3,373
2025-05-11 02:39:37,bce6a5d9658bd9361b5ef4334c244ea33ba0fecd8b21ecab4d641d7956529792,896194,202837.0,904.0,0.004457,1,2,225
2025-05-11 02:39:37,26ce486ae1739daee594d959d45764b567c6a253ca9013f9df7f44be22236b56,896194,303537.0,904.0,0.002978,1,2,225
2025-05-11 02:39:37,4547c0b57234028efbfa5155dc82afd32e73e63d7649cf6f8a72333114b5d344,896194,84096.0,904.0,0.01075,1,2,225
2025-05-11 02:39:37,01aa23852c405679535e747c786bf5af0c8b26c62022f8d5935770d1d57edd34,896194,10268.0,904.0,0.088041,1,2,225
2025-05-11 02:39:37,6b25afe6749c89ab66e9bd3d24ae698e22f2e82ab8866c561e86655d08eed126,896194,423096.0,904.0,0.002137,1,2,225
2025-05-11 02:39:37,5de34c2c84adfd1c45606075a63b2af4be1c22f17d39a1b6d7f1234947aff3bb,896194,637238.0,896.0,0.001406,1,2,223
2025-05-11 02:39:37,8cb157bf81560064f8c75b68b5e099fdc1b9493857bb825e22fcbd693d3df458,896194,31423.0,896.0,0.028514,1,2,223
2025-05-11 02:39:37,4a15bfaba9221fb13be9444476a32900a43738c191855d724539efcc121ab23f,896194,3050.0,896.0,0.29377,1,2,223
2025-05-11 02:39:37,211f11d99889324e65c64ef95b8679365459618fef7227e31c9f678919585019,896194,916208.0,896.0,0.000978,1,2,223
2025-05-11 02:39:37,6e0c2ca4f510d55e227bff7a01a6f3060052f07fd1a780d6adb13fd0977c8c0e,896194,26365.0,892.0,0.033833,1,2,222
2025-05-11 02:39:37,3b8b4cf104b0568cf382558a07df32ba215f933022a9be2c3dca84927b0bc283,896194,885717.0,848.0,0.000957,2,2,373
2025-05-11 02:39:37,70e60dc170a99a326964e873903b6a578bdd544ab181c3a606acedb5f8f7b607,896194,1023853.0,5048.0,0.00493,8,2,1256
2025-05-11 02:39:37,1f8b2dda74a2a03ff8bb9230947c79813f255e9efc33a8850da226ff29dd10f8,896194,13648334.0,840.0,6.2e-05,2,2,372
2025-05-11 02:39:37,58e375dc272865a269fe067cac7232cd8cd5782dcbb489cd62184c6660c140ca,896194,56043.0,840.0,0.014988,2,2,371
2025-05-11 02:39:37,cb408eda5ff1e779f7466fb9c42d817611285abbd0a674e99145e463771b008c,896194,372312.0,840.0,0.002256,2,2,371
2025-05-11 02:39:37,4b36b4c0958459d1e44625fa213e17cfb339c5d66cf5eb73b166d33256810678,896194,1187767.0,840.0,0.000707,2,2,371
2025-05-11 02:39:37,b710a5bc0cf5c2e93a30aab21866899f7b51a66e2e702909b4e8172051a13511,896194,108597.0,836.0,0.007698,2,2,370
2025-05-11 02:39:37,51eb65c5f7ae98b86d44ca3d471587864864dabaf564daa45eb7c063bb254512,896194,528039.0,808.0,0.00153,1,1,201
2025-05-11 02:39:37,75745786080c4d2efaed0046ee5b2a3e570e70b3b32ee2683be55e38242727b0,896194,514483.0,5315.0,0.010331,17,2,1906
2025-05-11 02:39:37,2bad875f84e5457f51110686caf5e423ea8a2998008ffb224193f63cf73781d8,896194,604227.0,1198.0,0.001983,5,6,806
2025-05-11 02:39:37,b061d9062fc3a43fef86e3fc576e5b3edba82b832f0518b71d46561e8d7786a0,896194,2542424.0,1544.0,0.000607,5,2,633
2025-05-11 02:39:37,a965d2ea1ed1876eb7ff9a01b2df3c1de683a28bd8f47a441f471eb8a7edcd72,896194,319611.0,768.0,0.002403,1,1,191
2025-05-11 02:39:37,c367474869de12d3f6906c9dd7518aad5c47085c2d4de7120d59d88f35ef5748,896194,39979.0,768.0,0.01921,1,1,191
2025-05-11 02:39:37,7e61192eaf04aaf85d0a0213a49d751df8cb09c4380961e55e61bed2050f17b1,896194,98970.0,567.0,0.005729,1,2,222
2025-05-11 02:39:37,f0a0d1cf9ab4c68ca1ae009132242e676e3b11cc4aa285670b18e2aca400e15a,896194,45244.0,756.0,0.016709,1,1,188
2025-05-11 02:39:37,2fcd2e7579f293e65a04e3665801ef6f0e42251b55accf4e0d77e75c106756da,896194,576693.0,5256.0,0.009114,18,2,2761
2025-05-11 02:39:37,5009dfaa0e02e925cd3207860aca8d19c226dbd2ac54788108f9d17896c58422,896194,1028227926.0,5048.0,5e-06,8,2,1255
2025-05-11 02:39:37,1a3ec157a275828070c64d5646bef98084f7073ea2c1b7a97caeca82a3cc6ea0,896194,285516.0,716.0,0.002508,2,1,340
2025-05-11 02:39:37,27f9acc87632439b01c5ece9b168479e6d86753031efb930d9c3615f5ea15361,896194,2189394.0,716.0,0.000327,2,1,341
2025-05-11 02:39:37,f434fb8cb7e064d5a8f6f63d369dd1f226d55288dd450b84f6d06cacb056c442,896194,128284.0,716.0,0.005581,2,1,340
2025-05-11 02:39:37,fab39fb227ebb78a9b83bd9f20b951a4649fcf5cb412d129d199f92673198062,896194,459913.0,712.0,0.001548,2,1,339
2025-05-11 02:39:37,6b380089a75f32de727ce3df23e1c5cb604d3908726bf686f104b04ca5739254,896194,263556.0,668.0,0.002535,1,2,247
2025-05-11 02:39:37,440acabd7dbb336bb99e1255c9f4f8c5dd8d89b0e35871a22f004aaa6dda3cc6,896194,4738973490.0,9220.0,2e-06,15,2,2291
2025-05-11 02:39:37,0ca9f499835214455cb492bbfb812165349a31c4aaaa2eecc410f989c62250cd,896194,18711483.0,620.0,3.3e-05,1,2,205
2025-05-11 02:39:37,81f72aca9e3b86983444e13796cf63025bd3c9867746ed7da22c84a3c396ffa7,896194,7342111.0,620.0,8.4e-05,1,2,205
2025-05-11 02:39:37,d835352a561cd84588649c7948cc14a727e8e180e2bd4854a3e21c0bd43d549d,896194,1374279.0,620.0,0.000451,1,2,205
2025-05-11 02:39:37,2a5b9077842ba93af773ec6479d98a11f76072768064b19dd7140df7f35b9925,896194,15143.0,443.0,0.029254,1,1,192
2025-05-11 02:39:37,8e1d788eb1223ca07c18cd67a449db61b4ce7720dd521b20162461a44b312a92,896194,326653.0,584.0,0.001788,1,2,196
2025-05-11 02:39:37,1cb75beff9f4506ae15da6835ff462afe60176da28c9583c33e61ab90e324ce4,896194,335497.0,576.0,0.001717,1,2,194
2025-05-11 02:39:37,17c708c997b533d4456db4c31561a28cba10e6da7755331ed7b9ea03c06c3e59,896194,326383.0,576.0,0.001765,1,2,194
2025-05-11 02:39:37,f802d05ee82015837a8570939d5b1a0dcf78b098501d79f6f249fcb110703b74,896194,740376.0,572.0,0.000773,1,2,193
2025-05-11 02:39:37,8c5bcf4f7162a60f56527ea845b0596a6b535f8a1bb182ae2e203600def40b4b,896194,333257.0,572.0,0.001716,1,2,193
2025-05-11 02:39:37,8b517d6a7f63cf41d2e49da44203c36ac68e261d574ff0a1e467ae3192147816,896194,583448.0,572.0,0.00098,1,2,193
2025-05-11 02:39:37,f3d69a3ce0999db1fe6e4d46889141639966e31302c5ecc9fa70de2cc2993024,896194,31051.0,568.0,0.018292,1,2,222
2025-05-11 02:39:37,f477cde1b1e30a18841f640664999d114fc6332a74f20da96241f6e0133735b7,896194,2572929.0,1049.0,0.000408,1,3,253
2025-05-11 02:39:37,beae3e37a5d312b4470b436be0ace5dbc2e6f99b259c8243ad371b12d9861462,896194,2662837.0,212.0,8e-05,1,2,222
2025-05-11 02:39:37,75e281ef624b07fda5754246336c097c50e5c3d73c7c5e9092a1af1fbddfc393,896194,2249003.0,1112.0,0.000494,3,2,519
2025-05-11 02:39:37,00ea4350d5f836356ffe64f79c523f4212b2a00b303854b24637ef089acd267a,896194,1713174.0,3728.0,0.002176,6,1,925
2025-05-11 02:39:37,574e5bce190ba4ce517b4e93543275f47f9e50d044404158064b25f8cd32a421,896194,1298221.0,1392.0,0.001072,4,2,669
2025-05-11 02:39:37,5e191c5303db0dfd1c765ab0c1bd0956cdf5b9319ee6e388c0bc7c2a0a697933,896194,9992292.0,908.0,9.1e-05,1,2,225
2025-05-11 02:39:37,89cc89027f3726d99452d39513d50b71f42df60e1a8a61ea0d523ad55263a8a1,896194,2060540.0,904.0,0.000439,1,2,224
2025-05-11 02:39:37,62f90f5916a44355f2c8c5f8547fb05913334d0225a18293ceb2dc09e83042a3,896194,1320683.0,896.0,0.000678,1,2,222
2025-05-11 02:39:37,0a6a8f845579b7c07cdc801de7982470f9c978365f0be48c320a60cdd1fcf82b,896194,24999104.0,896.0,3.6e-05,1,2,222
2025-05-11 02:39:37,0f3006ae516cd843cf221687757b7b7c51f66d3a4626d489e39514febe5b68da,896194,418961.0,1268.0,0.003027,4,1,638
2025-05-11 02:39:37,eb89edf9000d47b7e4d9a2b584c0589ff230c4d70db6f0a3599f14ed52b9803a,896194,197968.0,840.0,0.004243,2,2,370
2025-05-11 02:39:37,ea7bc9ac607e55255fe2990a379630876bdc69cea878c829c421da95c3e5c9f2,896194,349068.0,765.0,0.002192,1,2,234
2025-05-11 02:39:37,b05a1fe0fa3167926930820cc3bd8cb1038d180f5f2c7d7670553b400cefcfb7,896194,363774.0,423.0,0.001163,1,2,222
2025-05-11 02:39:37,5ef3330a530c2452be0bea69c38c54e172a267c1d70a5c239709d14e1d612598,896194,238202646.0,582.0,2e-06,1,2,226
2025-05-11 02:39:37,4c56ef8ec34a8792a386cf1c41d6967fc9b69291709da092778db60905389416,896194,46915860.0,582.0,1.2e-05,1,2,226
2025-05-11 02:39:37,22d03f52a76b4d446104f09431fd646cd10b509661f7c01119dfba04af107d2b,896194,1332761.0,1128.0,0.000846,3,2,522
2025-05-11 02:39:37,3e09ac506a891fc8a14d64108d43411c7168520fa09f73e4f37e84492bf13ba6,896194,51794.0,1496.0,0.028884,2,2,370
2025-05-11 02:39:37,3a53e469265468ab5df14b792187d6c37deaf128bd5c36566de6d0b603189cbd,896194,300639.0,1492.0,0.004963,2,2,369
2025-05-11 02:39:37,c76d2723786a7aadbda09250852ce65680268494e8f26d99f84c8428c96ae4b7,896194,962242.0,11052.0,0.011486,39,2,5878
2025-05-11 02:39:37,5e7192dd1818224e260f431320e8ca815f7a28933395679c06c7b6f87be952cc,896194,330.0,559.0,1.693939,1,1,304
2025-05-11 02:39:37,77c5143cff6f57d0c02836bc7cdb40175c987258142ca60d486ae1dbdfcda7b6,896194,271792.0,254.0,0.000935,2,2,313
2025-05-11 02:39:37,7077bbf96a22477fde5c68327417b4192a329675459f8a806464e8ede1c26aa1,896194,68576.0,241.0,0.003514,2,2,302
2025-05-11 02:39:37,b8db58b9bef2a3a1267ea679ddb95a6970e160997af8371a52eaf5fdb5003886,896194,68576.0,241.0,0.003514,2,2,302
2025-05-11 02:39:37,0bcfc6a103ec121358045e9f2f7ab4c1108cc8d1ac522fdb38171d4d5e4bbd80,896194,133817.0,241.0,0.001801,2,2,302
2025-05-11 02:39:37,3d78cf1733ac237bad2fa7f3dd5936f16c3f136e4a6a882dc89e5724316f7a6e,896194,136526.0,241.0,0.001765,2,2,302
2025-05-11 02:39:37,5f531d6d678cda823113efed51f5a9021a2221a9a5e68680d5ce689e620be363,896194,68576.0,241.0,0.003514,2,2,302
2025-05-11 02:39:37,ed64f0c1a3ad9c93e6c059a7021e7d3b4b94ba9e014dcb31c7849451220ae34d,896194,271792.0,254.0,0.000935,2,2,313
2025-05-11 02:39:37,b2bbaa419fd65bc28cbaa387c95edc9509abcc3efef30abe2540cb6ffe690d1f,896194,271792.0,254.0,0.000935,2,2,313
2025-05-11 02:39:37,47eb54744777197e9a47daa72cfede2a1f7d90c87a55c2b19d63e8a9e4287f0f,896194,239394.0,254.0,0.001061,2,2,313
2025-05-11 02:39:37,4ea366e1d9e07b20acc8516fd0dd73712208db1ccc5f44a7aea4fcd75a9ee11f,896194,2017298.0,702.0,0.000348,1,12,635
2025-05-11 02:39:37,1a985670eddeaced7598076e0830c750a3d52d797ce99c611de9871d4a794c07,896194,90889.0,3685.0,0.040544,7,6,1020
2025-05-11 02:39:37,4e1ae1c83327acdd82742f51ed765b0b011c18014cc8aeb4288fa651a472c3df,896194,9099.0,1218.0,0.133861,1,2,222
2025-05-11 02:39:37,c8fbbfe60530278940e89c2a2514773db3d6e08ff0e608dabd18e5d4c0af9bcf,896194,104780544.0,1218.0,1.2e-05,1,2,222
2025-05-11 02:39:37,c6f1429414a690d9577af2d7f8f56e615f439b7eceee471382324b4de60136e6,896194,569767.0,2570.0,0.004511,4,6,792
2025-05-11 02:39:37,4ce7886006cca3c4a221d74744273e1e78de8b3a4b1bdb6e78f636c026039025,896194,102913137.0,2179.0,2.1e-05,1,10,446
2025-05-11 02:39:37,26c181ca419706b03e84cd9f0ee06bc1c60144d81ca9856aca8e4014996c2db2,896194,175724.0,1523.0,0.008667,3,2,519
2025-05-11 02:39:37,1049268a0f076eaef55a28bc248b543bf3ef7312347f9a50b29aab396f686d8d,896194,50106.0,1161.0,0.023171,2,2,372
2025-05-11 02:39:37,dcfa7c6681bbf378a41cd03872b06e08c53296060f305132fdc97355c7a230e9,896194,83568.0,1344.0,0.016083,2,3,405
2025-05-11 02:39:37,c1a2c80382c70f2f01b1cd0f1f3451eb1a91286f07d78cf5b1dc82244ad224a6,896194,62901.0,780.0,0.0124,1,2,222
2025-05-11 02:39:37,690f265f816c1f1075ee357bfbf11cafc7ae84cca453b422a256dec1014ecaa1,896194,98782.0,1218.0,0.01233,1,2,220
2025-05-11 02:39:37,c1eb585190441d21d5a0a08e698a0c48ea2f39f05da70b91da8fdd2fdc49dec0,896194,131602.0,4355.0,0.033092,9,6,1262
2025-05-11 02:39:37,d4fbb45a0946028f40cc4fe721a98c08d2ba7e4b5a7628b70d3e391d08ade2f1,896194,2655274.0,555.0,0.000209,1,1,151
2025-05-11 02:39:37,e720f794b739e6e44e379ffa49ff92a121c7bda8b01a613120d66a852aff60d0,896194,1103274.0,555.0,0.000503,1,1,151
2025-05-11 02:39:37,d768b50d120faeddf9a5ec849e01466c0b8eb3be839f023140fcd0d64a16c24e,896194,1950574.0,555.0,0.000285,1,1,151
2025-05-11 02:39:37,5ceb9d12bb46ef683ada9624af745ecd29b278bbc7314d954601994bb70c2fb1,896194,9592.0,611.0,0.063699,1,1,192
2025-05-11 02:39:37,a78f3a3dcf14aa693824031c863041bdfd62a10282addaa3f44449b293a13fda,896194,1838565.0,1161.0,0.000631,2,2,371
2025-05-11 02:39:37,328912cf9c4ab2f61f745aae159c9ece28494c4be2ba95d545b856823ae5aecb,896194,261448.0,1161.0,0.004441,2,2,371
2025-05-11 02:39:37,034f75211ad2f93295b77528f7216b447454364b3ada1a32e1c04eee92c65d9a,896194,59195.0,1161.0,0.019613,2,2,371
2025-05-11 02:39:37,e7d8aa80964042f10069d62a1b4e2a848998526c5c3f12c31c2c984fbb929168,896194,714575.0,1161.0,0.001625,2,2,371
2025-05-11 02:39:37,39ec6eb0e099412b321f2ce8a73a863983f0e567388438eea3dd3c401b7abf44,896194,131322.0,1161.0,0.008841,2,2,372
2025-05-11 02:39:37,1270ca2acf49e619566c64cc52ca1e7dbb1b8ebd7f5dc9b16ec90759a5c5671a,896194,353905.0,1161.0,0.003281,2,2,372
2025-05-11 02:39:37,054e8afb3298beaeccc7d0e5910b72f61054af581fb6f3f1d456d085a21e3119,896194,636907.0,1161.0,0.001823,2,2,371
2025-05-11 02:39:37,f9589ad01b58f625fc001bfab54932e50d14b6e408d72e2be04b6768b9db2c26,896194,11226733.0,8676.0,0.000773,8,2,1258
2025-05-11 02:39:37,833d56bd4898aa2d4491e10a49dbaf69015012fafc5b6e35c4f5a6d204dcaa8c,896194,10432469.0,2511.0,0.000241,1,2,223
2025-05-11 02:39:37,c3ae1fa259a03308926ac432604a066d9da424575cd1b5b117c4cc5cdd1dd943,896194,18838931.0,1968.0,0.000104,1,2,222
2025-05-11 02:39:37,49f2235c828023f2e710b063fc2b964add5c1365140175675171ccb891739df3,896194,19312420.0,1476.0,7.6e-05,1,2,223
2025-05-11 02:39:37,aa4320d0069af9b827dab1533570d27a58bbf9aea8ad470d00cbe912e7ee7049,896194,19455961.0,3608.0,0.000185,5,2,810
2025-05-11 02:39:37,ddea06f51ef6629d1f80610c14b16a93ccbb34c8ab70c89a206ce81a68fbf524,896194,16852578.0,3116.0,0.000185,7,2,1108
2025-05-11 02:39:37,f2812b5d5b7f2caaa9cb018adc10f4c7e6e5d17538d2348448e640bf625d9610,896194,16719.0,852.0,0.05096,1,2,235
2025-05-11 02:39:37,2a4252694ab1a98f3227a2f4877938d4e42c80611a82b49fb63973248d962206,896194,4430000.0,3456.0,0.00078,10,1,1116
2025-05-11 02:39:37,8535e11140d1bb9015610052a25a670cc0840e5852f570ea2b811070f714fee2,896194,199474.0,1161.0,0.00582,2,2,370
2025-05-11 02:39:37,3e295d6c044cfc2064ae8ec7c34d930dac8de2b12cdb1831da3cae80ed9e2648,896194,1509345.0,1161.0,0.000769,2,2,370
2025-05-11 02:39:37,361748644cdb040a206ac1f49b481f749888ee984d0bef2ba6697657e11e0c0a,896194,211555.0,1161.0,0.005488,2,2,370
2025-05-11 02:39:37,013495779fc3b4b42fd74b36f6e45678cfa81d5018ae28d3061bb07fcf9ed88b,896194,385988.0,804.0,0.002083,1,2,225
2025-05-11 02:39:37,fcda6ee9d1cbbd2094720a07c27d05929dad47dce7859ad88098ad3ed9ac281f,896194,420548.0,804.0,0.001912,1,2,226
2025-05-11 02:39:37,37b6dca75f46d816bc020990cee6b8fd61332ad43b1cd779a766da4cd838e709,896194,28216924.0,804.0,2.8e-05,1,2,225
2025-05-11 02:39:37,dde539dbd51125e8c40beff92bfff62fb92f8cf1a3f2ff70637381e9b53e1597,896194,61640.0,1056.0,0.017132,1,1,189
2025-05-11 02:39:37,c5fdc641e66f77e53241ce39d283f231faff5a404195cfc06544dfe5dc77d55a,896194,269002.0,998.0,0.00371,2,1,341
2025-05-11 02:39:37,a9f2b1f757faf003dc534f7e73f0a8f1dd020013ec494a6009050b72f9a80ce2,896194,6071813.0,1105.0,0.000182,1,3,248
2025-05-11 02:39:37,06e8eff3911d67c5653a6ecd66d2aa5c0f1fd950a4be7c9749a3d756c644ff9e,896194,1112325.0,1105.0,0.000993,1,3,248
2025-05-11 02:39:37,3e2f4e3d693f0b05caf842aa91d502c9d46c8dd190fe063ffeba97d571cd695c,896194,971015.0,1105.0,0.001138,1,3,248
2025-05-11 02:39:37,038bb243b51113bb2591295b1d7a8c88187a6a3746663e93e33ab69758af312f,896194,353395.0,1105.0,0.003127,1,3,248
2025-05-11 02:39:37,058000ba3683496eace08ac4219585ba019645068cadf613cc7ea1215eebacfa,896194,36153.0,984.0,0.027218,1,1,191
2025-05-11 02:39:37,4ec13572c28b7128a246b3af000208b4ee6d1ef39a361da5ff5438225adb0c96,896194,4347052.0,984.0,0.000226,1,5,321
2025-05-11 02:39:37,8035863e966a208379e84ab3a151dca39492a23ff3c57fd9ce4993ef26cab3ea,896194,188245.0,998.0,0.005302,2,1,339
2025-05-11 02:39:37,23f82c20b60c5d547223da3b644a3aeb7c0057a9b2981cc77617b622cf556fac,896194,118618.0,804.0,0.006778,1,2,224
2025-05-11 02:39:37,4029567919ea4679796b695220db6484aba6ed68283e9d192e6d29ba3430666f,896194,1472532.0,804.0,0.000546,1,2,223
2025-05-11 02:39:37,1f0bac499631b30519a88bbbb2c75afc6df8ee6747fe200fcd4307f5baab6502,896194,183662.0,804.0,0.004378,1,2,223
2025-05-11 02:39:37,b20743cb8424b55347e872beae811720622b12b015cfdd641d9bb4003d4022de,896194,526335.0,641.0,0.001218,1,1,195
2025-05-11 02:39:37,7f4924b32e3b43854dbd5d8ef04f88679fca76ed09c83ef3a87b4f5db7381fcf,896194,71683.0,641.0,0.008942,1,1,194
2025-05-11 02:39:37,607937fc517f99533953cd0f179ee74d919747796e229d6fdaf027314dacafc4,896194,92990.0,641.0,0.006893,1,1,195
2025-05-11 02:39:37,59e30b55e80eff2c43fa406b49ae07259e76f70e1e7ea9c76104f2574c506db2,896194,185001.0,641.0,0.003465,1,1,194
2025-05-11 02:39:37,7e0a879d15c6128503766fbb991c64554f3be2aec3d999f9912112fdb01ad97a,896194,4351119.0,641.0,0.000147,1,1,194
2025-05-11 02:39:37,d34e1d48984b653dc49e254e6e561194e8a527e6e54b9d9316da00cbca64e16e,896194,959257.0,641.0,0.000668,1,1,195
2025-05-11 02:39:37,d119d8f556ad8dff061991b35f35e7dda59539876d71daeef18494c57271eb5d,896194,1297914.0,641.0,0.000494,1,1,195
2025-05-11 02:39:37,8fe6b26b0f5ada2ba18280c51570fbdfc63b518f950d0d96895359e894cd8f02,896194,47789.0,641.0,0.013413,1,1,195
2025-05-11 02:39:37,9c2f8146edf1d63d2a603908e861cb0c222e030cca473629630f2f235927effb,896194,380696.0,804.0,0.002112,1,2,222
2025-05-11 02:39:37,ebec9357f06b678825ab43e25f0967bd8bf216aca4b346be757a5794d36fd7f9,896194,138597.0,804.0,0.005801,1,2,223
2025-05-11 02:39:37,69ec2a1c6c29e1d6551580ea66358764ce0e286e67cd3ab7457e6ce70d1b8af1,896194,184496.0,804.0,0.004358,1,2,223
2025-05-11 02:39:37,36a41c83ce5068cf68f7300eaf635808e2022de244423252207a362584c965e9,896194,11941305.0,804.0,6.7e-05,1,2,222
2025-05-11 02:39:37,7747c30dae9f3e85f633cef96decb849bc535aec619c8ebe43b0ef92602c43e0,896194,651188.0,804.0,0.001235,1,2,222
2025-05-11 02:39:37,07cf14f9e874b3926633eb7d911b60c81f75482efdbd7e5c67496f1290fe52dd,896194,254895.0,804.0,0.003154,1,2,223
2025-05-11 02:39:37,b30e63c11ea564e66b105760fddd8d354a0932f214a77cae903ad9491ad47adc,896194,6705632.0,804.0,0.00012,1,2,223
2025-05-11 02:39:37,3d95041291d9fd14cd9bc532d258be6d99eb87a02dfe3d494fa425d7b38325d6,896194,270511.0,804.0,0.002972,1,2,222
2025-05-11 02:39:37,c3417fcdcd532da8c2872a28f19a2eb9a781ece5a5307ab383c4ea09833a3dd4,896194,288282.0,804.0,0.002789,1,2,222
2025-05-11 02:39:37,07bfc2767c9133088404dff018004b9cb28e31398955deb33f5c3ff43f8c01b4,896194,61203.0,804.0,0.013137,1,2,222
2025-05-11 02:39:37,e94c2c69579aacb26b1251596de56fed0a47500aeeb440d20873e292bf5f43a6,896194,13842109.0,804.0,5.8e-05,1,2,222
2025-05-11 02:39:37,279559686abace3ae24c271e1da8ddc144d40b28f069b9d7c418e82165c298a4,896194,444379.0,804.0,0.001809,1,2,222
2025-05-11 02:39:37,6d47e84d691d4d4018bae7904b9b152c1cba338008b098b2bd57fd4e2a1a2393,896194,74805.0,804.0,0.010748,1,2,222
2025-05-11 02:39:37,4fda7eb4ad4b8a8d0500086581de8ebf9e74fa12d06f3db09dca830950931491,896194,42911.0,804.0,0.018736,1,2,223
2025-05-11 02:39:37,4e9540a1aeb51f32990f1ddaf00072c921270bdc12f872ba06a39a67547da188,896194,52874.0,804.0,0.015206,1,2,223
2025-05-11 02:39:37,0a05489bd860bf1154ca1f8a864e56cc172c5aea423894ac18075c100cf5a085,896194,136567.0,804.0,0.005887,1,2,223
2025-05-11 02:39:37,a4c18a311bfe7fa3825c6ae12d7f6d31374a15ef25f3ad4f266fea8cf362797f,896194,2018454.0,804.0,0.000398,1,2,222
2025-05-11 02:39:37,55b4686d06b6663b9d8e64f6dccac4df3a7d298ac7665870103b393ec726ad64,896194,1444161.0,804.0,0.000557,1,2,223
2025-05-11 02:39:37,4839beb4afeda4625d17f9f4d460fbc6f0c03d680a23a208fbb0b5fb25e3ff62,896194,2142961.0,804.0,0.000375,1,2,223
2025-05-11 02:39:37,47e41d3cc161e81b8cc2a39e30ae7869daf9e0264c6524f8458098918b32f45a,896194,300016.0,804.0,0.00268,1,2,222
2025-05-11 02:39:37,0623f21cb21cab52c52ebab84c3cab09ab2c8c94f08ba3334bcf47ddc7adda4b,896194,137743.0,804.0,0.005837,1,2,223
2025-05-11 02:39:37,9be191f5558885816badae71ad129ad5d75c16528865e37d8cd5b8bfe4d5274b,896194,5053510.0,804.0,0.000159,1,2,223
2025-05-11 02:39:37,a5ee327ad5313227b578a36eabf1bf9fffe6c0b6138dc37bf36156410eb4e690,896194,5174311.0,804.0,0.000155,1,2,222
2025-05-11 02:39:37,6b23cc62078f662e6bbe1f5e6c86ef54ffa17e6ead3d420c77bea6da63e7683f,896194,402021.0,804.0,0.002,1,2,223
2025-05-11 02:39:37,6fb53573de456ea99eee193bf1e50b2bab70d3f7fd2199b7450d457ecc1e0d3c,896194,11921025.0,804.0,6.7e-05,1,2,222
2025-05-11 02:39:37,7a34aeee2846a1ae8c773f263e0e4ecd172d31210582e762c2e0c94249611a2c,896194,62424.0,804.0,0.01288,1,2,223
2025-05-11 02:39:37,255b22831345ffbbe4c0c493ae84b20ba4a03266fb877a592b18622886dc472a,896194,32052.0,804.0,0.025084,1,2,222
2025-05-11 02:39:37,eac71d034e768bedafddf8ee818ec81396933864613471a1c63c532e806f331e,896194,357577.0,804.0,0.002248,1,2,222
2025-05-11 02:39:37,c7c172f61f57f05ca00bbfebfb9f50d2e1164bbf003a9f1c5c6e46863760b31b,896194,12653377.0,804.0,6.4e-05,1,2,223
2025-05-11 02:39:37,01f9d3ae8bd605515ab75eac51d183ad396a567a18085b065967f7dc108d1611,896194,614818.0,804.0,0.001308,1,2,222
2025-05-11 02:39:37,9f8acb3979649b761d41b9d79fa74ff88e2c4160d15a590bde3c407a51f6720f,896194,1287856.0,804.0,0.000624,1,2,222
2025-05-11 02:39:37,18b4b081f6c307ff5aad99d51d239ceb4cf0ea32ae0df28e96615eaaddb1360e,896194,576106.0,804.0,0.001396,1,2,223
2025-05-11 02:39:37,300dea302357992ca1d839665e6130449c47beceb4608ffcda8b12db85271a0d,896194,100443.0,804.0,0.008005,1,2,223
2025-05-11 02:39:37,fdea1937b7ac722afb17bb8ecaa752dadbe0a4ec53b0fdefe7ac8144a974f07d,896194,322911.0,1890.0,0.005853,4,1,637
2025-05-13 04:15:14,f9bc97b79cdb850ede778f65acc9636bc7d2f7a718997b94d9a1fe4c77b2f253,896496,237678.0,322.0,0.001355,1,2,223
2025-05-13 04:15:14,5c0300fcdce80b360263492c8c83a3f668c6acf807bcad21c0b158ab2ce90428,896496,223388.0,322.0,0.001441,1,2,223
2025-05-13 04:15:14,be640a273c2bab9db5c6fcfa21ea13121e09e6c29c1b2bcc988539e4a3fc8141,896496,357000.0,751.0,0.002104,3,1,568
2025-05-13 04:15:14,b4353b074daa58b25237b6e45a929aaa1d701d71cf510a1f01c4ffeaa223629b,896496,11459.0,257.0,0.022428,1,1,193
2025-05-13 04:15:14,cb63b679e05509a5ce4b434d414c42fd15d3f94711bbeddf15ad0d156c907f96,896496,92166.0,257.0,0.002788,1,1,192
2025-05-13 04:15:14,92762def88cfe61f7f53c36774e013396524a5eb6f52dc4712b6749cabe4d26a,896496,34664.0,257.0,0.007414,1,1,193
2025-05-13 04:15:14,4590d04f44735d5d340b61f2692d1beb1815883b4ef5319c793135bbdd36cef0,896496,1253053.0,355.0,0.000283,1,2,234
2025-05-13 04:15:14,b4a71df7397a5de2c178f511f784b4df357e2a0d2c207b1fcab369bb172b8474,896496,1180863.0,355.0,0.000301,1,2,234
2025-05-13 04:15:14,2c58f48a2f63f00f809950e5c886b57872b87454b49b2f0f3e19213325d1452f,896496,15990609.0,8941.0,0.000559,37,42,6622
2025-05-13 04:15:14,4b11f8d62c54ccdcb31bbafc9c73d53df300a4e0af7612ee714c49ae823b92e9,896496,106247.0,257.0,0.002419,1,1,191
2025-05-13 04:15:14,74b7bc77306060865d7455caf616784e714fad71c6f43c4513164a64dbf62ae7,896496,38136.0,257.0,0.006739,1,1,192
2025-05-13 04:15:14,829785c61449a40dc27d83ce9507dadbd6b88d020393c148859584a6bd3ebce5,896496,47509.0,257.0,0.00541,1,1,192
2025-05-13 04:15:14,27d020d564f7fdd59762e91806cad3f22ee394b2c33922d9fca6c57ade4374df,896496,106679.0,257.0,0.002409,1,1,191
2025-05-13 04:15:14,a998b44d99d3f50d332e6dc97375eab8b9619c5b1040cc6cbc7d445031ba2edd,896496,66053.0,257.0,0.003891,1,1,192
2025-05-13 04:15:14,b7c8da4be9bf30fd61b043ec9376e523c763c7143d17d6aab6abc9bbc710ccd7,896496,43094.0,257.0,0.005964,1,1,191
2025-05-13 04:15:14,8b391f9bb853ff0183a3183fa896bd669c47645522706a9e40ecd3f6c2355bb9,896496,295974.0,257.0,0.000868,1,1,192
2025-05-13 04:15:14,5842de927cc9524f343c086e61834c41d5e0176f798febbae5ce2ce7ec43c7ad,896496,58315.0,257.0,0.004407,1,1,192
2025-05-13 04:15:14,0ab61ab8af4f2579aa79dcd87b82994c1ede147a427a98b6dc9ae056da7c0fac,896496,719395.0,257.0,0.000357,1,1,191
2025-05-13 04:15:14,63b204d03192112a6f818542f0aade221172bbd84da4a67acd809bffbc99d3ab,896496,259743.0,257.0,0.000989,1,1,192
2025-05-13 04:15:14,4aab1c940eab514eef4e5fdd0b1accd36a96f984ff8cc7b10c39cc5119fafb97,896496,192866.0,257.0,0.001333,1,1,191
2025-05-13 04:15:14,01d789dd02afc88aa09edb1939774a61ef4f57f39744e6864090bc7b1f58398b,896496,120798.0,257.0,0.002128,1,1,192
2025-05-13 04:15:14,02a89982a903c740d12b6b489cfcde23abde83899fefd5e85a95bebfd243cd64,896496,279553.0,257.0,0.000919,1,1,192
2025-05-13 04:15:14,dece053b47ac5e982aed1be80fa572bdbbd0046338dfea71b4f148da5e832e50,896496,11152.0,257.0,0.023045,1,1,191
2025-05-13 04:15:14,d85d83de46512444a8993a6cd11217369becace01f15f9d96552a2aa9efeab4e,896496,24743.0,257.0,0.010387,1,1,191
2025-05-13 04:15:14,79e04dfc6d8214cda61daa928ee2caf39a162fb033179aa857782606ce631f38,896496,235953.0,257.0,0.001089,1,1,191
2025-05-13 04:15:14,48eec62f859c04d855196807e0cb5a40a8645de5637c9f19b4e90907228ebc35,896496,189463.0,257.0,0.001356,1,1,192
2025-05-13 04:15:14,e53f31862bd69967ff7fb9f94532543296cc8410a398e831d27647029972d92d,896496,101743.0,257.0,0.002526,1,1,191
2025-05-13 04:15:14,0cb68330b9b64d2c9c47736aa0031e09954aaf463a0ac65ff886196f45ac6816,896496,101743.0,257.0,0.002526,1,1,191
2025-05-13 04:15:14,fa15949547c01288df93c942413918ae2859d1c550b5696cca235d3d20a8e009,896496,382038.0,257.0,0.000673,1,1,191
2025-05-13 04:15:14,e2281dd26eef023e1978589cbd45f9eb63f39019d6e272c64909610e2adfc816,896496,1310000.0,665.0,0.000508,4,1,483
2025-05-13 04:15:14,d53fca5440be3f8a1ae0ca9fc03a0d2c8f20f6e8707f361bbca17adffb795c37,896496,9994492.0,6793.0,0.00068,48,1,5453
2025-05-13 04:15:14,84d25d478431738c723e8f1b5d1b5c0074250d2ff1b11918060e2b55413ce828,896496,196721.0,424.0,0.002155,2,1,339
2025-05-13 04:15:14,74de1b657982a80eee757983b750f485935e42fa76ed9d8ab8b5d1dece3578de,896496,477239712.0,338.0,1e-06,1,2,222
2025-05-13 04:15:14,92cfcf584a42c3e62847f511e398f43d478e48be276df11cdb3975d0b25f72dd,896496,14522220.0,338.0,2.3e-05,1,2,222
2025-05-13 04:15:14,63ccbce0314e0d838da87ac5a7eaddd5ea3b522807572a14ca52a624bbb87635,896496,176297611.0,338.0,2e-06,1,2,222
2025-05-13 04:15:14,9d6a82eeb5bade46a943d204827ad0ad3f0398a866ba3fcaa8557c980706a010,896496,50752686.0,338.0,7e-06,1,2,223
2025-05-13 04:15:14,2efcccdaaac4849a7de4796cb05d3daea0195c815849af6c5691d198e84ce6c4,896496,4645657783.0,415.0,0.0,1,3,254
2025-05-13 04:15:14,72df07def2c1572c6fae66d263f37c9de30ca251c9902824a7c1d5f41125d72c,896496,196549.0,451.0,0.002295,1,1,188
2025-05-13 04:15:14,5b7dd2edf079da272b99656683046d96d454d9a86432a3f2a68585c44365d896,896496,98117788.0,2126.0,2.2e-05,1,25,968
2025-05-13 04:15:14,60348ce4f8696ab08929333823487085b1d96ece8b086ee415654b03b9862799,896496,18707562.0,785.0,4.2e-05,1,8,409
2025-05-13 04:15:14,32db2e6022393a8ebf498bde3458d10694ae7591caac6f8de60363a2e6784ef5,896496,60888648.0,346.0,6e-06,1,2,226
2025-05-13 04:15:14,cf1ceb2f27b15e008e30369918880780cb593bb6e85d695134a8e4dfdcbf4e8d,896496,34457158.0,346.0,1e-05,1,2,225
2025-05-13 04:15:14,d5e024a02832b72fa021e350dfea25a0014dffc57021dfb2b40b182413295100,896496,781176319.0,346.0,0.0,1,2,225
2025-05-13 04:15:14,b49416bd00c320c2769510ec997881abeb049e3673ce8710a132420e07ffa26e,896496,554375500.0,370.0,1e-06,1,2,234
2025-05-13 04:15:14,739135303320b578642673174cd86ab411863209e6b6f34384639fddccbbb263,896496,282607.0,270.0,0.000955,1,1,193
2025-05-13 04:15:14,064b93f335bd00df84c867c432700cb874bdc0606ff9edac30d2bcc797e451d9,896496,8567.0,270.0,0.031516,1,1,191
2025-05-13 04:15:14,d7b87f051ac1a2158873f4f36b8cd64f4636ae46f6aa0759b0a42335aa20515f,896496,13001121.0,65199.0,0.005015,291,2,49836
2025-05-13 04:15:14,0e70cb6e05299cd09b197af1f7ab6c3cfa2578309c8eac0ceb2424cb17992f33,896496,196721093.0,546.0,3e-06,1,3,411
2025-05-13 04:15:14,240ad52103b8fb8b2ea0ca67d7f5af6c93a97ccf71537b310a8f44fd8b647cbd,896496,8628350.0,467.0,5.4e-05,1,2,380
2025-05-13 04:15:14,c0b303dacd812111b7cd6a3470349f5b82f0f42560f4dac42c405fefecec8e14,896496,22308.0,469.0,0.021024,1,1,189
2025-05-13 04:15:14,b4e46b430cba7ed6af8801566735173eba488a8aa115500de709dee660cae802,896496,436338.0,470.0,0.001077,1,1,189
2025-05-13 04:15:14,cb96e96f97fe576df16cacb518511f202a677853dbab20cd72b2dd3cc6a80c20,896496,206432.0,834.0,0.00404,2,4,399
2025-05-13 04:15:14,6b89ecab54022272d98b82417ee1b5b673c9b9c6562dda585327c904e9d3e690,896496,210266.0,834.0,0.003966,2,4,398
2025-05-13 04:15:14,5d698499692c82d1509b4fb5174be1db69b1905f0857554e77a656dd67812b56,896496,214100.0,834.0,0.003895,2,4,398
2025-05-13 04:15:14,9471f86179045d3abd0d0c09100cfe5195ecb66ef8cc4a0b5672d4ac4cf3bcc3,896496,217934.0,556.0,0.002551,2,4,398
2025-05-13 04:15:14,855f9f31ce34dcc965fa5b996223c164fc80a215f7c07acda28ba0233709d554,896496,221490.0,278.0,0.001255,2,4,399
2025-05-13 04:15:14,1b321dcd6d2acade30c447053b9d6fd52e08473378789aef72498e2de9e62b9b,896496,21656907.0,32010.0,0.001478,186,1,27728
2025-05-13 04:15:14,a32a8be9006f394f057343b6ab7db7fce811e3388a2ede0af76b3f455d8d60ff,896496,2701.0,325.0,0.120326,1,1,192
2025-05-13 04:15:14,0460a1f290c98ba57fc4ab6fd0f295aa97b1442b1aa70a5f5fc4df777d1f053b,896496,7054.0,322.0,0.045648,1,2,226
2025-05-13 04:15:14,a8209518e85e95ad187e75489f57723cba8a209cbc6add2bef87d1a0fe109447,896496,84516.0,484.0,0.005727,1,1,189
2025-05-13 04:15:14,09a9a38a18a4ce55e0f6fa953f8fa78d5d2beade66d046557daa22accc462640,896496,84516.0,484.0,0.005727,1,1,189
2025-05-13 04:15:14,d13f8228aec23d03c6b2a6e1d5e50e1246a527e6652692a25673fb6f3c7984f1,896496,1047244.0,398.0,0.00038,1,2,234
2025-05-13 04:15:14,4f0845011b62a098d7da5c45c5757b18108b065eb94c77d8b9329b21c4d23eee,896496,454000.0,724.0,0.001595,4,1,474
2025-05-13 04:15:14,c8a7054707aa71c4052d59e65f77c76d9b3964c30376eb24d4022e64061c03fb,896496,149304.0,1590.0,0.010649,4,6,699
2025-05-13 04:15:14,2f7da6f87d5335a519f2185928d51d2d35f907c250f61e5cf70d8a245a1680ba,896496,149846.0,154.0,0.001028,1,2,205
2025-05-13 04:15:14,38862af69eeb52617d9b97bc3034e4eea9774db0d7222743e2bd922f15c634e3,896496,3931.0,509.0,0.129484,1,1,188
2025-05-13 04:15:14,a16c203d339f08f56729aa28d979a45800d2267ff3576d06cc5f586ab456234f,896496,622680.0,920.0,0.001477,2,1,338
2025-05-13 04:15:14,83c03f3dde16aacf1b7fa951de56ac9016fac000ebb970b33d3e8e79bec4a699,896496,2106950.0,1120.0,0.000532,3,2,522
2025-05-13 04:15:14,dcd4eac6fc0b3c0c8650f71133b0bef9740bc0a1c771bc3895a568dc8ec5128a,896496,1584758.0,208.0,0.000131,2,2,370
2025-05-13 04:15:14,712d323f24b7503356b58b1d561a5dd979b31a6bc2ce8a030d5b103f4349109a,896496,129905.0,1173.0,0.00903,3,6,582
2025-05-13 04:15:14,6f03e8459b74f29f4e8bc1ce09f9090e8ce2623fd7bdc0546cb5d29ef8d7e2e8,896496,871506.0,978.0,0.001122,3,3,596
2025-05-13 04:15:14,d376d7ae3312c03028d710028819a19eaf86847126fa78c108ef1656981d3020,896496,601470.0,440.0,0.000732,1,2,234
2025-05-13 04:15:14,80b9e9fcffc645cf565c61f51b44c7a8c1f86741115d7b6968fc2b23b9229e32,896496,19093877.0,931.0,4.9e-05,1,6,505
2025-05-13 04:15:14,31449736adeaf071176346205e12826e6a2c84356dc94cc7a911f134aae2230f,896496,339827912.0,420.0,1e-06,1,2,222
2025-05-13 04:15:14,7236132acdad41990c5fedf41798337eb438d35373a27c9370564b42028adbd1,896496,1210618.0,623.0,0.000515,2,2,371
2025-05-13 04:15:14,f15ce6c0d86257bb256c691ff647d7aa6de5ae2ca9859abea307808520e8c8ea,896496,27290.0,421.0,0.015427,1,2,222
2025-05-13 04:15:14,7197e638c9e0c4789fd88ad660ab27f57a3540cc6c3c89bf3977c4910ef4be43,896496,30514.0,421.0,0.013797,1,2,222
2025-05-13 04:15:14,e15047aa013db4ac775ca9db218f7b0160283e7862b1d55470e9c403cc6b8354,896496,156465.0,490.0,0.003132,1,2,246
2025-05-13 04:15:14,4a412dd58f2afb4d0d49821f100c85bff9402666e50c1fb58bdb814c0e8f2c8e,896496,6604446677.0,2220.0,0.0,10,2,1550
2025-05-13 04:15:14,cdb6eff9a6c72fad82439e44de33c920c3a1bed699c68dd64f758581e6f94e45,896496,662076.0,634.0,0.000958,2,2,374
2025-05-13 04:15:14,aa9a8ea5f2b1491fe2de0684fdcb34d73239666550b50db587fbfc1d0a365646,896496,148824.0,940.0,0.006316,2,5,414
2025-05-13 04:15:14,d43a0d967973c526673be7fb1f7ff87923ca33bf937e23f2df09527ea4502439,896496,357013.0,940.0,0.002633,2,5,414
2025-05-13 04:15:14,0624b5c73c6272f3f42fc1f4787261855f556d74df46b2b6a9f39229d4c98b18,896496,306675.0,940.0,0.003065,2,5,414
2025-05-13 04:15:14,b21de4a9c97f3d61a3e346ec04d3729ad98b8521df7dae0dd877b5c5309aa66b,896496,52962.0,12777.0,0.241248,1,98,4310
2025-05-13 04:15:14,7d87b2dd65ade02e7dd3218189ec6041be4a31ce45bc00ece4918e1e3942494c,896496,349675.0,940.0,0.002688,2,5,414
2025-05-13 04:15:14,6a96030a324d20b7ff0c8486fb7248030536b2892bd640044ba1f31690c15e5d,896496,52962.0,12777.0,0.241248,1,98,4310
2025-05-13 04:15:14,e907b4bfac26baf0dd848e18632dc4180bcfe53f8aed5657c7fb371aeb4818a4,896496,349675.0,940.0,0.002688,2,5,414
2025-05-13 04:15:14,a2d01979b18262a9054c64dbb8dea20f566ccde46466fe09717fff07c8884b57,896496,52962.0,12777.0,0.241248,1,98,4310
2025-05-13 04:15:14,38e21403b7303362d5585d4be13cfd3dc1c9464bffe36a273472afd517ec9da4,896496,357013.0,940.0,0.002633,2,5,414
2025-05-13 04:15:14,214d386bbe4585f911ab739f98fdf87de6cf8c111efe03f4604ed1c73e7c0b10,896496,52962.0,12777.0,0.241248,1,98,4310
2025-05-13 04:15:14,8dc59654fc7595e66c127fc3244bd388fe1dc6c65c8bbcc9f3238f93641d6b8b,896496,149029.0,940.0,0.006307,2,5,414
2025-05-13 04:15:14,220c7c019fe8ee96a711eea4330ff6057d3c95304b76a3b377820a6626e281ff,896496,184603.0,531.0,0.002876,1,2,259
2025-05-13 04:15:14,5d9a928bd1630de086744d1b391ef44d05af250eee93e75b36282ea36fd449fe,896496,3995574.0,426.0,0.000107,1,2,223
2025-05-13 04:15:14,280739b16800633e0763aa014c551feed4da309e5ac091264cb3abff56880bfc,896496,1101582.0,333.0,0.000302,1,1,192
2025-05-13 04:15:14,148a494eb5cd4abe6f2e566c04f2eb13fb450a8a89890eb620478acd7bc1e1ec,896496,53715.0,333.0,0.006199,1,1,162
2025-05-13 04:15:14,03fb79163e3dd3d8b583bd7e78070e03991864aedf20454189f8e8d10f4731eb,896496,227206360.0,423.0,2e-06,1,2,222
2025-05-13 04:15:14,552e994008e83aa6067061538efe7faf934e9e1cba440b279523a16e3bdf1aeb,896496,289009.0,534.0,0.001848,2,1,340
2025-05-13 04:15:14,b1045d7c8500194e6799c9477c964d8291bc0c5f9d081899a85515dc27b367dc,896496,107841.0,423.0,0.003922,1,2,222
2025-05-13 04:15:14,aa2d38de20172c08a9bb6e5ea8c438df5d0eece00ef69b777de51cbad07ad9d7,896496,52962.0,12777.0,0.241248,1,98,4310
2025-05-13 04:15:14,4b55d83556287d80761643ddd0ca50ca37b287f9ac6b4afd668ace4a850c5cd7,896496,422579.0,1113.0,0.002634,3,5,521
2025-05-17 17:52:33,009148e5f637969cc9a9dd96529d59ce6172870dd02051503533dfaadbe35308,897134,28456387.0,643.0,2.3e-05,1,2,225
2025-05-17 17:52:33,a5f125c8d38d166acae3d5208bd8c9427f4ea0c6398f37598b43508781f27107,897134,14571355.0,643.0,4.4e-05,1,2,225
2025-05-17 17:52:33,24a80ab3de224b33379a373ef9692c2235d2a9ba68d2f53b34632c4a00474a87,897134,312763.0,929.0,0.00297,2,2,370
2025-05-17 17:52:33,a768252b386f23b184a9533d5b9addf2dac5b101bc4c6dacceb9b4b0486bed77,897134,209680.0,929.0,0.004431,2,2,370
2025-05-17 17:52:33,af5ed20ae9f59abecdc4a28ef08f549825e9b9295b0df6434f5ba17ecaf90d46,897134,3153116.0,684.0,0.000217,1,2,234
2025-05-17 17:52:33,1b5646820c30c45308d1dbf77cc8c42fc1d2e818705af858ff346546e8327bda,897134,661454.0,546.0,0.000825,1,1,204
2025-05-17 17:52:33,6fa3df163d45311ad17aa29b759935f0b439589e8c77557cab00393e77ba7424,897134,4162.0,798.0,0.191735,2,1,340
2025-05-17 17:52:33,9c1533e6279e3336d0629dd8610426a5b53cbda2a978f158a470a47d91ed46cb,897134,25579.0,548.0,0.021424,1,1,204
2025-05-17 17:52:33,5324767e30d4b711169dde1ee3490267875ee86acf034b050a26ef92e94a35c1,897134,143242.0,548.0,0.003826,1,1,204
2025-05-17 17:52:33,60eb125b5303840c3da3fea02d92e5c18e2e81fd778600e384c57ba2c0be1577,897134,38744.0,548.0,0.014144,1,1,204
2025-05-17 17:52:33,6f465ea6113990605a153c30efb8905a7d72ea8b3d622797d048c7abff2d7f37,897134,19046.0,513.0,0.026935,1,1,192
2025-05-17 17:52:33,44a9095103cf2f46b033e3f21bbfd7a1a15f37b0ff5ed697739ebc6b9724f720,897134,315039.0,929.0,0.002949,2,2,373
2025-05-17 17:52:33,70b8e76fe14f99ed01661913693079e2280d0d47f4e21742bf9a08b133fc9d2f,897134,10779.0,845.0,0.078393,1,1,188
2025-05-17 17:52:33,28446ed3b5d863d733540681ce502dc5c88912931ea9c49a66cee567398fbe76,897134,528350.0,850.0,0.001609,1,2,379
2025-05-17 17:52:33,9bac2dd4e6630fea25720e034dfe83ca643fc44278bfe8bb20a58a6f5d7d55eb,897134,1780525.0,513.0,0.000288,1,1,194
2025-05-17 17:52:33,5cd4dc0b30226789f64740ae47dece92e4dad60a0ca0bbc527a66ff9e5be6626,897134,2266647.0,643.0,0.000284,1,2,225
2025-05-17 17:52:33,b6f2bfc3a2ce296e02ba835d8d69d8ddb76effd34bceb48279cea73218fa5bf3,897134,13906793.0,860.0,6.2e-05,1,3,253
2025-05-17 17:52:33,c3df5107ac2d299cd77ca15338a51347f03137db3890d18dec3bc36235f5b594,897134,14026000.0,688.0,4.9e-05,1,3,253
2025-05-17 17:52:33,6b4048925b74747a1c2c30f6811ceba8a971971000d64ce64b73b70a916407a2,897134,5955183.0,852.0,0.000143,1,2,193
2025-05-17 17:52:33,d8272861d1c56271f211a8b9cc55e83726fc9df3a68e3debd0d4957c569cd463,897134,6006473.0,426.0,7.1e-05,1,2,193
2025-05-17 17:52:33,4d406866c2d0b317af13ec2b0dfc10ce09e94dcc0b3ccc4e950e1e9f244e5a95,897134,176769.0,639.0,0.003615,1,2,223
2025-05-17 17:52:33,a8e3f63e272fec211be506433b60925216bef679dcfe1aafd50118fd010a6557,897134,760018.0,10863.0,0.014293,35,1,5224
2025-05-17 17:52:33,5d660181872346fd9c3ea0c5b046b8d4112db60088cfe5c8de7ed6569ce76d78,897134,1560532.0,635.0,0.000407,1,2,222
2025-05-17 17:52:33,0dff9ba330ced3390e9f6ce581257540d8bd7845ee61bacc4e2d644bf1ed7e73,897134,436860.0,635.0,0.001454,1,2,222
2025-05-17 17:52:33,cb827c937d5c8fc5cec030e4803ed60884b9922611679ddee6fffd9d329db545,897134,45830386.0,3011.0,6.6e-05,1,17,859
2025-05-17 17:52:33,72654924df5c63cb79bcbefe582577e44c20dedc7ddb58e01e216c0b052f0606,897134,5100888.0,798.0,0.000156,2,1,339
2025-05-17 17:52:33,482230d1e98d8247f68a9c858556fd92ad363e9b63818e0a925d41b5d913a63a,897134,13790632.0,2588.0,0.000188,1,14,765
2025-05-17 17:52:33,7bc2a7c2b4946f7563239bf16517661ac7576886bb3f6878d1659e5c66883d5b,897134,51083.0,571.0,0.011178,1,1,151
2025-05-17 17:52:33,fc2f36df959d6aecf0f59d5fa922920a34cbe0ece325d2762cbed3bc21056c41,897134,208815.0,696.0,0.003333,1,2,346
2025-05-17 17:52:33,7b2996015aa39850aefc8b99234ccecd989c57bc7cb55bc9c827e844e1347661,897134,863920.0,870.0,0.001007,1,2,196
2025-05-17 17:52:33,5c5cd182385ca1f57ce6b2d699ed914490559802ee1452661e5c6f8876131c1e,897134,874489.0,429.0,0.000491,1,2,194
2025-05-17 17:52:33,a3fe3d8be36346685ad917211425411d181743b53b8e80a427a0201ecf80530d,897134,468236.0,1260.0,0.002691,2,2,371
2025-05-17 17:52:33,fa5a8ba87815c4bb73c7245720f68f9ec5e3959f287dced3fb1529e51a295ea9,897134,625439.0,630.0,0.001007,2,2,372
2025-05-17 17:52:33,55865b76cd5b80ea386313497849c4c6b12efa5920acd3b9961df2d6d409896b,897134,17127367.0,1552.0,9.1e-05,4,2,666
2025-05-17 17:52:33,f0a1409f4366b89c6675015827092a7c8b09b23aa2470122b5e2b3ab1e991e2e,897134,1168966.0,1683.0,0.00144,1,2,373
2025-05-17 17:52:33,07ee4eedcadbacaaf8b5280f9c58e7110c04d62c5fa6b0ff06d3f4ad58fd1ea4,897134,1333606.0,1662.0,0.001246,3,2,518
2025-05-17 17:52:33,da079d45de5b5dafffa7566143ea2f7199139c1a5e3f5ee7ea1eaa1612a92524,897134,1097188.0,834.0,0.00076,3,2,520
2025-05-17 17:52:33,a8608b0628e1b54813d76d8beff318e11fbdcf04937a6966fffbeb10663f3f5b,897134,3340751.0,1283.0,0.000384,1,2,381
2025-05-17 17:52:33,4eb2b738efd96139501dd1124e5a9846a544ace2ee97d4fba6a450a6911656ce,897134,3514522.0,428.0,0.000122,1,2,381
2025-05-17 17:52:33,58a8185b041f0265944f154422b5776a5f24c96ee6d418a99831a55761f27ec8,897134,11507368.0,1135.0,9.9e-05,1,4,442
2025-05-17 17:52:33,d215bcdd211cd7cc8a7baef4e4280f7f645d6b085bb65aa8d39fbbb3938a96be,897134,13414283.0,1751.0,0.000131,1,7,579
2025-05-17 17:52:33,9328b319b042ce9bf31c7f0ce2f8aceadfc67c7f1b1c16e7d7b88b1af61a75c2,897134,2104681.0,1328.0,0.000631,2,2,675
2025-05-17 17:52:33,bb978a2738f85c89d5f056a159482586b7944614e97b14d877953cb384a4f952,897134,12610296.0,1328.0,0.000105,2,2,675
2025-05-17 17:52:33,051f0233bc1140d0a995584addbbc8aee872871c9523aa56a8501ebfa973e43c,897134,4464899.0,1328.0,0.000297,2,2,675
2025-05-17 17:52:33,05ffc7c91afccee5d63a3fdee7a8fb3b3006b273ec5d9d3f671bb997dec66943,897134,617787.0,1306.0,0.002114,1,4,480
2025-05-17 17:52:33,fb28a433d711d8335666d45e2d8971615f94dec2c87a7b3023a632523ca9e6d7,897134,336025.0,1139.0,0.00339,1,4,443
2025-05-17 17:52:33,817de752362df909ffb1e3fb32f95f6c68b6e7fabf2b82c163d94fa49b105b10,897134,471721.0,765.0,0.001622,1,2,235
2025-05-17 17:52:33,40f443c7af805ab76563befcb3d9d765b52f686cc7bd1a582b41417bd6588ff3,897134,563825.0,564.0,0.001,1,2,223
2025-05-17 17:52:33,3c19ce4e090fb8be999480a3b5b590118faf1e50781db1eeb991195e9f23a652,897134,72799212.0,1162.0,1.6e-05,1,4,448
2025-05-17 17:52:33,d179e00838f05daace5a2ee8801c5cf72bb99b0a0631b0fe15c43462432fa265,897134,18801812.0,1022.0,5.4e-05,1,3,417
2025-05-17 17:52:33,4da3df3c5c7d669db6ca7b5d74a3db51fbf765edd1ccfec5f68267218b482f7f,897134,3714950.0,1013.0,0.000273,1,2,415
2025-05-17 17:52:33,e3154a97c87b5db9a1619ed4921950016d51791b136ce64eb47f95385ec2df97,897134,1119480.0,2746.0,0.002453,5,2,1558
2025-05-17 17:52:33,ddb1e9162c38ab56c83d837c09948785dbd17e0586f44ab50fb824b4224d2056,897134,2672585.0,2746.0,0.001027,5,2,1558
2025-05-17 17:52:33,be896609d397001f27c6a62338882c81cd888c91b738ead84218c7fc8b837aa1,897134,3653292.0,1018.0,0.000279,1,2,417
2025-05-17 17:52:33,8c9de1b8e006dc7d8031763a868ce2f73f87863191a54a5612a21659b8ee48c1,897134,502747.0,996.0,0.001981,1,2,247
2025-05-17 17:52:33,85596e2fbb9d9da3a7875e34052fe8b9865224865cfbdc69b4ce4ce14f24a0e3,897134,508575.0,835.0,0.001642,1,2,248
2025-05-17 17:52:33,56033fd3b29823b22e21c5f154868d7db92380d678ea2ba67bb6779a4c85090b,897134,514248.0,664.0,0.001291,1,2,247
2025-05-17 17:52:33,ff4860eb436cca5b8a1d9fb160a9565f2435670d69b3e5e5fdccf6d2e9ab45b2,897134,524607.0,501.0,0.000955,1,2,247
2025-05-17 17:52:33,e77e61d6a069a37324b3f605bcb2be4ac1f98f0cec954c7e787080b6cf9f63c0,897134,1083411.0,869.0,0.000802,1,2,384
2025-05-17 17:52:33,17457b6286ddd01023baadaba5924407db18b0912a62659d9766369bd6155cb8,897134,33446149.0,869.0,2.6e-05,1,2,383
2025-05-17 17:52:33,ff8d4f37dc353d1295aa128b62c8f011e56a2f8ccbaa2535079031d678769b92,897134,1933907.0,869.0,0.000449,1,2,383
2025-05-17 17:52:33,ae65d3d6edb9f3b7f99bd0ba9729f6b59bf4b033b6f2ce853b81b1c4c04f4992,897134,1537815.0,869.0,0.000565,1,2,383
2025-05-17 17:52:33,75e6df7aa42627b07b500faccd8eb02fe26dfc305518716216c410ce74300d62,897134,17841852.0,869.0,4.9e-05,1,2,384
2025-05-17 17:52:33,9aa3151528cd142d23dff476fdf2a8670a3fd0c2a4def19771984d84a3d9d65c,897134,15180179.0,869.0,5.7e-05,1,2,384
2025-05-17 17:52:33,ec633d5fcdb9ab4c0936a9d6f8583828d8fda613aefa665acb65bbe321fb0924,897134,26244318.0,860.0,3.3e-05,1,2,380
2025-05-17 17:52:33,eee4d1f8cab6e28c9fdefae46f76afc692298d4a627190df5d51c4c9d2b74112,897134,178051.0,1290.0,0.007245,2,3,447
2025-05-17 17:52:33,7a4b7639ed576bfb2a4cf17fd682dc97908072fa3f059c7f18525216ab0951ee,897134,40200.0,643.0,0.015995,1,2,223
2025-05-17 17:52:33,22731edccdaba9afc974e0d0181cbd02b42469dbc14a2e5ecadd1fce888761bf,897134,371252.0,643.0,0.001732,1,2,224
2025-05-17 17:52:33,36d71e8912feceb54c5ba2d3f8b29d7df3deedf0d4ec976eac9ab3af1342f9b0,897134,47197.0,643.0,0.013624,1,2,224
2025-05-17 17:52:33,5caf79aba69fe4d7d9ff5f1fa70b139abb934df7a988528179cbf088b385a895,897134,2723351.0,643.0,0.000236,1,2,224
2025-05-17 17:52:33,d8a42159dc17040dfac72281543f3e6d204933726fb7b15cfcb680c59e9bd088,897134,31075.0,643.0,0.020692,1,2,224
2025-05-17 17:52:33,6030d65b97312c36962514b3248b0e775803f4131b2343124939ae65e4436a6c,897134,1259063.0,643.0,0.000511,1,2,223
2025-05-17 17:52:33,171915e8acb41549905aa7e4c409088814180bbceb09ce46520c94d5af88724a,897134,3475906.0,643.0,0.000185,1,2,224
2025-05-17 17:52:33,92a7592b5eedf9e70082c4f5ede9703da2cdda6cc8506c10e73eb5478fb36d30,897134,321920.0,643.0,0.001997,1,2,224
2025-05-17 17:52:33,0e77f7ac70d414b67f92095f920b386a3714228f1248a4b379e8abcceca70d2c,897134,4899326.0,643.0,0.000131,1,2,223
2025-05-17 17:52:33,c5acd97ba21e8362194892f27918c408b9736beb73dfea6491a5e7b7dc982926,897134,45265.0,643.0,0.014205,1,2,224
2025-05-17 17:52:33,ea44d07404a5893f10dda2785062466a8fbe523f38ada4932d5c27354f89f406,897134,6463.0,643.0,0.099489,1,2,223
2025-05-17 17:52:33,3de1ac0b3d7b8f2cb0ec16cc61c3e2d7d6495686cdf258bf86d6634d8c006c32,897134,776059762.0,2287.0,3e-06,4,2,1266
2025-05-17 17:52:33,48c4eb9ac94814dcb9a320e7226c1c32f7f23f4cfb95ab6fff8d9f3f1823f7ff,897134,253130807.0,856.0,3e-06,1,2,379
2025-05-17 17:52:33,c762bfeda043328373fd10ea1667ff3fd43de47a4157b9454e3a9057c148f7ee,897134,10653883.0,856.0,8e-05,1,2,380
2025-05-17 17:52:33,ac02dd304db87af4e4117c157726e6d875af57979575ee036cd55b4fcbd128be,897134,8826122.0,856.0,9.7e-05,1,2,379
2025-05-17 17:52:33,849e360b41be15b4e599e5f4385df6b25f59e686f30f2d9f2018ab95fe1f44a3,897134,59028024.0,856.0,1.5e-05,1,2,379
2025-05-17 17:52:33,328a6868544ff87edd37c5e33a70b60f398f9c2d5c478dba1dee074060a5df9b,897134,1084788.0,856.0,0.000789,1,2,381
2025-05-17 17:52:33,c7f8557b10fbfb08ce298e90c7478b16430232f8f7a003f36082952f5046db9a,897134,3028983.0,856.0,0.000283,1,2,379
2025-05-17 17:52:33,5bd9f5c11c37d9ba443bd7a1aee990515833dd736c35352e6f95a2decbb5a298,897134,25764477.0,856.0,3.3e-05,1,2,380
2025-05-17 17:52:33,82f10699c787f5589ece5ff5aa4fde0ab3189b09bac8f29deaebe564d8625b7a,897134,7731032.0,856.0,0.000111,1,2,380
2025-05-17 17:52:33,eeb037744d618a67d5ce01a7dd72211144b4e6b84765b834c4b6fb506a47556e,897134,108781459.0,856.0,8e-06,1,2,380
2025-05-17 17:52:33,57ce69cf4288899595f589b96f53beeeda23682327a74b9f9190bb71a2c23447,897134,173208999.0,856.0,5e-06,1,2,381
2025-05-17 17:52:33,ca7d1740e902fba025cd26d5aa17fe18e531df56498fe7be138e4fb14b0ac746,897134,71334513.0,856.0,1.2e-05,1,2,380
2025-05-17 17:52:33,d40015fe41aed7ad0e3ee4a66fac53e1583e2bbdd8dd8792861008d7c3b11ad2,897134,9569.0,1120.0,0.117045,1,2,222
2025-05-17 17:52:33,436eb3e7e44af75ecab448ea02288d8033de7a8439d06a24732f4f8b790ecec4,897134,15546.0,896.0,0.057635,1,2,223
2025-05-17 17:52:33,928d350a231beb30b8166bdfd1e23b5c025061aae6c6840c56548ce98cd0afd1,897134,351997.0,1120.0,0.003182,1,2,223
2025-05-17 17:52:33,12a3cd966b4d6e1bebad0772fa0ba1af9dadd183ad5b10028141bd919033567e,897134,368117.0,896.0,0.002434,1,2,222
2025-05-17 17:52:33,fbac07e35b41baee29122bdc88572cf35d8a36567e7acfff6ee399c4a4cdbdf2,897134,6130.0,3758.0,0.613051,3,2,407
2025-05-17 17:52:33,3af9b1047d0711cdac34d2aec3eeb6fd2bbe52291aaf5a00f28cf0b9ecb480d6,897134,280371.0,254.0,0.000906,2,2,313
2025-05-17 17:52:33,fe2ea79799507eabf4274f65fbf27f0a2edc0a72e289822fe198ac803db4a97e,897134,280371.0,254.0,0.000906,2,2,313
2025-05-17 17:52:33,3ee8e1fb4b3879429a5c8bb7fb683423f8d80410b907b5179e2b72bcef93bd1e,897134,936755.0,424.0,0.000453,2,4,517
2025-05-17 17:52:33,aae8316ddd7a5c5ff789b137316e2bf95692056cdc9a01e700950ef45dd89810,897134,27135.0,4251.0,0.156661,6,1,938
2025-05-17 17:52:33,5a499db382b663e9dc76e54dc29f66564d92f959841295150539695392f42a4c,897134,1131844.0,1342.0,0.001186,2,2,677
2025-05-17 17:52:33,7c6d54facc766804a50ef38d100c414a4c886f5871a502fec9424065274882ad,897134,25457.0,499.0,0.019602,1,1,192
2025-05-14 17:04:35,166efc3fc0d11f15c1d55ad4d3d514f9521129b226ec89f6444f7074a8a14361,896698,15939325.0,1218.0,7.6e-05,3,2,519
2025-05-14 17:04:35,15990adcb60183531f7e64f58d8816da8c83ac91f4211351b1c36117fafb9414,896698,8209992.0,5029.0,0.000613,1,33,1220
2025-05-14 17:04:35,2ef90e568868285f0c1088102fbd45a28264054be812efad4764927d6100d13a,896698,146852104.0,4954.0,3.4e-05,1,33,1203
2025-05-14 17:04:35,e18f9a048063401a84a7f294b18bb202ae29dc5c497d9f5b91fcd920b0009897,896698,465075446.0,6155.0,1.3e-05,1,41,1476
2025-05-14 17:04:35,de95d3bbe661493ac77b7f9863c7ac512faa0b460897f776e9c9278b5f9f1f8e,896698,90715389.0,6601.0,7.3e-05,1,44,1577
2025-05-14 17:04:35,335ca1bf059f3307e41282d7536c4d84dffa2f1669c74e2d183809b64f5fce02,896698,22847470.0,4464.0,0.000195,1,29,1093
2025-05-14 17:04:35,7fce20c60654f85d8a73b9cadfee325f4d7433fdcac46e3ed67361bcaef6089f,896698,467470299.0,5983.0,1.3e-05,1,40,1436
2025-05-14 17:04:35,ad534a9fc73712cc55eb6c19104bdf545af4e2f4e3722bb95bcfce329b344932,896698,33150957.0,4155.0,0.000125,1,27,1023
2025-05-14 17:04:35,5e3ffeb4b22dae88f215917d9c62ee17e3218524d4280c052f97963abc92beb5,896698,99994270.0,4800.0,4.8e-05,1,31,1168
2025-05-14 17:04:35,aaa68d95ca971d56b127eedf47ef7d84b4dae5a0918b391ae75240c2d219198e,896698,23401667.0,5299.0,0.000226,1,34,1282
2025-05-14 17:04:35,3e9a51e96cd6123d85fe079a68852ff7e7f8f02d45be3150cca917f03130bca1,896698,96636092.0,3568.0,3.7e-05,1,21,889
2025-05-14 17:04:35,e1f6a3ba1a77a089784d95486415fb5ee492c18131432febf9045c47b26ac8ff,896698,22442915.0,6902.0,0.000308,1,46,1644
2025-05-14 17:04:35,241a02d04bc6555a3155684a37c947afa556354b2dab2bdd3d7efbd37856a7f8,896698,7995010.0,4990.0,0.000624,1,32,1211
2025-05-14 17:04:35,7278804e9046c00fbbcf4ac755fdfc0ed22568195e03028ec1f18789f973b222,896698,174623645.0,5489.0,3.1e-05,1,36,1325
2025-05-14 17:04:35,946101fd95ce938f86b6d6cb70c6940ec251efdb6bedd9f02bb45b4195bffe2f,896698,46770290.0,6147.0,0.000131,1,41,1473
2025-05-14 17:04:35,cd7f612260ce62bff5c928d8c9f929eb51700feff6be7b55ea3cd2d5497a6cc8,896698,49994352.0,5648.0,0.000113,1,37,1361
2025-05-14 17:04:35,665bbbc6441f166ff8e435276cb1131f5e938cb859d542c0defdd356e046d1b1,896698,23401596.0,5701.0,0.000244,1,38,1373
2025-05-14 17:04:35,136f20221887b647aaa5ac06c60c4ff8339a405d4c5e7b9185d938a854ff4d15,896698,14223256.0,4915.0,0.000346,1,32,1194
2025-05-14 17:04:35,6e0a6b96c71e9ca64fa7d72b7a8162e5a73a98603606d3fee5836d2098eea49e,896698,9994374.0,5626.0,0.000563,1,37,1355
2025-05-14 17:04:35,43ddcab2a4e01b4217aea75b1a7fad4f6d612f9b8692d2a6d4fec9f4b0cceaf9,896698,79278825.0,5158.0,6.5e-05,1,33,1250
2025-05-14 17:04:35,b96036cb66bf965647f49d604d2674c3ed7d9c446a321880ac5e1dcc10745101,896698,34832559.0,4425.0,0.000127,1,29,1083
2025-05-14 17:04:35,8f1ff8b00ef245910e5e18ba62b4fc85cf711a7ad857e3b9c52e6c1a636b1afb,896698,153948.0,643.0,0.004177,1,2,224
2025-05-14 17:04:35,944c2c2f14e9fa5e71ed4d661f8c8df968c3669ec92503408c99ba9bc5391abf,896698,188431.0,643.0,0.003412,1,2,224
2025-05-14 17:04:35,662bd06ba15c8ab2d752322c4c491cc134950b0ce0b71a81127d914593c4da92,896698,222914.0,643.0,0.002885,1,2,224
2025-05-14 17:04:35,b4592f5be4d814e5b04330a0659bcb55d05be0b276d96eae4c3dcdfaf0e65382,896698,257396.0,868.0,0.003372,1,2,223
2025-05-14 17:04:35,9e70f0756dd63c63fc587a1532de5b9a3e53c8fe26a0cfe3848f4edbb32dfae2,896698,292101.0,482.0,0.00165,1,2,223
2025-05-14 17:04:35,7dee4d098f546ccccc695d604d667b252a15a5a325b8b634835c2282f38e2b30,896698,311918.0,482.0,0.001545,1,2,222
2025-05-14 17:04:35,728d4f8e568f8dd1cc5b12b153c829b70ef2d89acd8d44383d4aba9525c88ee1,896698,583105.0,1734.0,0.002974,4,2,821
2025-05-14 17:04:35,3617943ced1d2f8fac73bd196510dd201f3be8c46ddfd3975cd11048b52d604c,896698,965971.0,929.0,0.000962,2,2,373
2025-05-14 17:04:35,aa0c8b9b11554634a5f9098be975a7668e0d94b91ff45b59aafa45e827e45546,896698,484431.0,929.0,0.001918,2,2,372
2025-05-14 17:04:35,dde458e6df74dcc1a6d41cb1fd112fdd0dc05a061cc3513527cbf145f7f3dc16,896698,216488.0,929.0,0.004291,2,2,373
2025-05-14 17:04:35,fa1810e7d9016e8328ce818940a68f8adaa05ca7f1005cd1ef1a8a211749aa0e,896698,313833.0,929.0,0.00296,2,2,372
2025-05-14 17:04:35,6a8e8e5a542df470d09bb6a19bec598fdddb0ab8a19d6e3af1bce74425aae854,896698,169429618.0,1000.0,6e-06,1,2,226
2025-05-14 17:04:35,ec218f4a5959999f3ba4ad4f4b25f9d1875f560c738238659bcfe83885f0051c,896698,14829775.0,1660.0,0.000112,1,9,426
2025-05-14 17:04:35,fc658b796a64c3d01700f9029005e7583d44bcff7ef3faed026d299369188490,896698,127000.0,487.0,0.003835,1,1,192
2025-05-14 17:04:35,35cacb87d203fe312234be3d35dee705545187c4b67d0c246a2805a62204cbbb,896698,190402.0,740.0,0.003887,1,2,249
2025-05-14 17:04:35,e84ccebb4648f84ace165bc7415139f06eae4ad353732cd552b51a5152646e02,896698,5988505305.0,985.0,0.0,1,2,222
2025-05-14 17:04:35,50b27acec4b4ec6dce8e783338d0c523414d6aae7b5bb2f2d140b56b0df11bae,896698,19999556.0,444.0,2.2e-05,1,1,151
2025-05-14 17:04:35,9394da69513939638633d6853ec814a50ba07ffa9408de5013ba8078ae98b7e7,896698,13832629.0,1088.0,7.9e-05,3,1,488
2025-05-14 17:04:35,542686e889648158adfce78d20b1e6d10786ca02f0a20623c1d0083a350a6cd0,896698,41565385.0,1000.0,2.4e-05,1,2,225
2025-05-14 17:04:35,efeeae582c5b8e77a4d7a8485637eb19848361430e1c57e3036f77458ba15154,896698,167849290.0,1000.0,6e-06,1,2,225
2025-05-14 17:04:35,2747517053e316fe6e4413c086d312e614cfb2cdab663dd87b2d9dfaed8126f6,896698,1353806.0,929.0,0.000686,2,2,371
2025-05-14 17:04:35,6006f3d88b367e4a0e03462c15a83a5a8ca6738eabc79d98deab094079f5f0cb,896698,691906.0,929.0,0.001343,2,2,371
2025-05-14 17:04:35,029000e5a9f4a900ce79da40808e3d681070b56d24ffc833379899212c1f85c8,896698,505195.0,929.0,0.001839,2,2,371
2025-05-14 17:04:35,95994911bbaa9beb8ca67fba43971b20d824f73b9d599c476e97f2aaee6bf6c2,896698,1044358.0,929.0,0.00089,2,2,372
2025-05-14 17:04:35,f3abd349cee67c80d3221a8855058711f73116be5c863267c171a9eb7d3ecebe,896698,1163859.0,929.0,0.000798,2,2,372
2025-05-14 17:04:35,300c6dce430c87fe6137a7f329b4b39775d346f68788b67066340a0912055795,896698,498847.0,929.0,0.001862,2,2,371
2025-05-14 17:04:35,f9b8297538ef412148ef750932ccbeccbf5b8b592a66a5cf0efb600a1cfa9793,896698,109901.0,929.0,0.008453,2,2,372
2025-05-14 17:04:35,e8793038ec98c895254f3f69e3a269bc9a13bdb4bec8ca7b8753f70628533186,896698,11354452.0,929.0,8.2e-05,2,2,372
2025-05-14 17:04:35,d9b4b428453fe13c214d89e637d73e79e51123c23b1827cfaab9340467ca6c69,896698,62282.0,929.0,0.014916,2,2,371
2025-05-14 17:04:35,531bcb1e8bf7d7b9b7437389772470f446402fd742fe32348bb3b76017be5067,896698,662651.0,929.0,0.001402,2,2,371
2025-05-14 17:04:35,cca6351a46e8aa12f707b58a4a297984ff58504f2f3d65c4652b5b5fe8fe4e5b,896698,2332096.0,929.0,0.000398,2,2,371
2025-05-14 17:04:35,91263c3ab1734d156dfd2989e7d6b8bdce093247e61c49f195afc81d64167957,896698,549950.0,929.0,0.001689,2,2,371
2025-05-14 17:04:35,7a623b29e663f7375b4480f59a8e4fc2f17c1a3551bb93ecbfbff7333238873a,896698,1089047.0,929.0,0.000853,2,2,371
2025-05-14 17:04:35,c9c07f0664e5be55f6f37cad5751272bc8ba85b2e7259cc87950fa8a58286630,896698,305124.0,929.0,0.003045,2,2,372
2025-05-14 17:04:35,438e1cc620cacc67a515ff674c850e6143a7f38690ab94ff16677ef7c92ed917,896698,480353.0,929.0,0.001934,2,2,371
2025-05-14 17:04:35,6a0789e1fe16298e65c3d67b3ed91b9073dd2dff8c7eff157f72296251e98ea9,896698,2545.0,1580.0,0.620825,2,2,300
2025-05-14 17:04:35,11e29ec6542749754ccc2787213d39b0e30b483a45bd74e8329ac6744d0e3a57,896698,201091.0,254.0,0.001263,2,2,313
2025-05-14 17:04:35,d2ae96099b6d125c1530d45a8119cf6ae914a2e0f0feff553ba93176a13c248e,896698,136872.0,929.0,0.006787,2,2,370
2025-05-14 17:04:35,86f18544dfeb9986b2e75d5576150a33a787ac423374c8141ec5ee8e3fc64e0e,896698,137801.0,929.0,0.006742,2,2,371
2025-05-14 17:04:35,573709fe1df5fcd2c16652403d9522bbcc0d84ec3b83ba98279a1c25bbf596e7,896698,36061.0,3244.0,0.089959,7,10,1111
2025-05-14 17:04:35,1b3d2b5261ce69e147f7e4dc4831457f4a76261d1ae64f2297e270a249fa4c26,896698,405836.0,3000.0,0.007392,2,2,673
2025-05-14 17:04:35,d8aa4cf28ad2a91654599a5144a885750fd64801b862334518aa1aba72d179ac,896698,120471846.0,1000.0,8e-06,1,2,224
2025-05-14 17:04:35,b6b820be8191f5ded6e28c99d74dbf578a470d3cf3fcbbf36c543c7d3126f2e2,896698,41704.0,643.0,0.015418,1,2,226
2025-05-14 17:04:35,617d35224ee0da33abd9a8240b1c119b4eb73009b51ca04f20fbf61afae23edf,896698,89890.0,643.0,0.007153,1,2,225
2025-05-14 17:04:35,340c27af68f9183580ddcac3b66b3651dadeea8f300abbacd0aaa6f0b02c2dd8,896698,5120727.0,643.0,0.000126,1,2,225
2025-05-14 17:04:35,36a597eda57a132c4a606ebd7f0055d4e1bd3edcbb389af4d88e0507a79d5cb8,896698,110531.0,643.0,0.005817,1,2,226
2025-05-14 17:04:35,9936cbcbb03fbbcda276cfb5299b10ca6d586fd3f023737aeb52b6cfbdf3cab2,896698,193187.0,643.0,0.003328,1,2,226
2025-05-14 17:04:35,e8ecc490c8212374a2ca89ff100ba5adbb16bdf123c24086862322f6166034ab,896698,740084.0,643.0,0.000869,1,2,226
2025-05-14 17:04:35,d438830c016a030c599e82ef273c2e736a43b67106959ae9947a2a78910f55a4,896698,1616115.0,643.0,0.000398,1,2,226
2025-05-14 17:04:35,af803e6c3c56c0d3245001d7153497129f59abc2c91477ec09b12b57c7feff82,896698,299848.0,643.0,0.002144,1,2,225
2025-05-14 17:04:35,a3fe8d1d6da6c924a01500da5ca23bbdbfa1adc8625c3ab9a9c64ce79ba91563,896698,856799.0,643.0,0.00075,1,2,225
2025-05-14 17:04:35,636d4e95487af5735f852dd6e9dbeb4619b7293c6be5d0f58c030bcbf1f9a181,896698,985887.0,643.0,0.000652,1,2,225
2025-05-14 17:04:35,22f8f7deec23062c0d3e2c660e4f91f7c2881effdfc5e7d65fe3690c8059483e,896698,127015.0,643.0,0.005062,1,2,225
2025-05-14 17:04:35,630a5128ce5e4c65f2032ce6243b8a68c6597fe7cea6486a84bfe622f93c1b2d,896698,51947.0,643.0,0.012378,1,2,226
2025-05-14 17:04:35,cd7321377f2d958dd9ea10953588e05fd421669cf66bbb20cf600fa0fb1b0dcb,896698,42828.0,929.0,0.021691,2,2,370
2025-05-14 17:04:35,57fb89130f565f05df74ff79704c1bd38eb794eec51d79a9c1d57a9a57c47099,896698,12299788.0,929.0,7.6e-05,2,2,370
2025-05-14 17:04:35,8ef9d4be3df0729bc32b14b261ba97aa5c4852e740a5b07e367648cca58c972a,896698,1643528.0,929.0,0.000565,2,2,370
2025-05-14 17:04:35,8c88ba1fe510a4f2df2c6c9d872f27fabe5ebbcd92f6d3877101693e4fbb3c1d,896698,12733292.0,929.0,7.3e-05,2,2,370
2025-05-14 17:04:35,606f249ff4eb7ed72bc4a316688e6fc849f74339ca9dc7183cc61d4f5e36e597,896698,17405.0,2159.0,0.124045,3,1,483
2025-05-14 17:04:35,331575c985bd5073981c83b13bc5e6edcac5adb734b8eead6046ca8c03cc8afe,896698,105434.0,845.0,0.008014,1,1,189
2025-05-14 17:04:35,13802987100b27ed60988edb1a4acdbcfea55b03ecae7eb3ec1569795a5babb3,896698,33294.0,643.0,0.019313,1,2,224
2025-05-14 17:04:35,c5ab6749d2729514818ce2f376a861ac26ef52f676364ba0425d8da4e014b437,896698,67781.0,929.0,0.013706,2,2,371
2025-05-14 17:04:35,68b85978279d80fb002f3d3975063ae1ca51cddb3567d20a64ffdf7682fdd39c,896698,297433.0,798.0,0.002683,2,1,341
2025-05-14 17:04:35,deeb0a9fb01f87cf492f0419cf21c4e5fe97a38536d1d2e1a783ff31b8186699,896698,220374.0,798.0,0.003621,2,1,340
2025-05-14 17:04:35,e13199ef239e5399ae8afe9015ab34057e6a8dfd89c3874a954910fa052c7094,896698,1820094.0,798.0,0.000438,2,1,340
2025-05-14 17:04:35,baa792355d2350b9f00312ee25c4d42711e1ee139f58ce0790698701fd4582d4,896698,129757079.0,1000.0,8e-06,1,2,223
2025-05-14 17:04:35,791a2c17172dc801f8b478df81ce085f851a82a942d836abb9612e065109c0c8,896698,6448200.0,1000.0,0.000155,1,2,223
2025-05-14 17:04:35,54d1d2cb62508d51fe09afa755e88c692ccd7a98c01cf97c86141d798041efc4,896698,133171055.0,1000.0,8e-06,1,2,223
2025-05-14 17:04:35,e2c0f3b56dee9b452ceb1b30fb9560d15eea8102e959dcfe8aa59b60dc3c4aa0,896698,5832499.0,1000.0,0.000171,1,2,223
2025-05-14 17:04:35,8abf7c98d5ab728b305bc6ebd1efcf7a7f2c4f8a23931aa33042566dda46fb5f,896698,19166042.0,1000.0,5.2e-05,1,2,223
2025-05-14 17:04:35,e35edf2d9dd13bdd3c3c8e388e2af57e3bdce1c3264af800f38b76234304555b,896698,111246177.0,1000.0,9e-06,1,2,223
2025-05-14 17:04:35,262f82915fb2a507eac07180ff94cf86bf0eaded091ee0bd00bbdfa1c2ea621b,896698,179226147.0,1000.0,6e-06,1,2,223
2025-05-14 17:04:35,57c7c2ab57c78bd721b68bef9e279ae1d7e08b1d9a17bb970074062df2bf9803,896698,159450331.0,1000.0,6e-06,1,2,223
2025-05-14 17:04:35,bd04923f41a95475aec8ece24ac7dcbbe5e2d67719c5e941d675fa0ae43cdd81,896698,4526.0,548.0,0.121078,1,1,203
2025-05-14 17:04:35,a491b5de19cca53c7efe6a3c889c0ecbb38206455659878cd5d8eaf55b40285b,896698,222646.0,939.0,0.004217,2,2,371
2025-05-14 17:04:35,fadeff3390e4f6427158ef38b6c068708202c52f46521a3fda617e5c63c8c376,896698,199564588.0,1003.0,5e-06,1,2,223
2025-05-14 17:04:35,fbe147f7c59e73d155213665f2e9d1a3cae3a5f9861a792ac4f5025bee4bee8b,896698,9838684.0,705.0,7.2e-05,1,2,222
2025-05-14 17:04:35,e022d955322165c81a66268bcbebdfebb7101423b65cc9455a792eda6406c8c5,896698,9888185.0,564.0,5.7e-05,1,2,222
2025-05-14 17:04:35,a9d6a18a67186087e7bde0faca620611da482154bb7f0e76ba2c8ebd2daab9a6,896698,131924.0,1940.0,0.014705,3,3,866
2025-05-14 17:04:35,166efc3fc0d11f15c1d55ad4d3d514f9521129b226ec89f6444f7074a8a14361,896698,15939325.0,1218.0,7.6e-05,3,2,519
2025-05-14 17:04:35,15990adcb60183531f7e64f58d8816da8c83ac91f4211351b1c36117fafb9414,896698,8209992.0,5029.0,0.000613,1,33,1220
2025-05-14 17:04:35,2ef90e568868285f0c1088102fbd45a28264054be812efad4764927d6100d13a,896698,146852104.0,4954.0,3.4e-05,1,33,1203
2025-05-14 17:04:35,e18f9a048063401a84a7f294b18bb202ae29dc5c497d9f5b91fcd920b0009897,896698,465075446.0,6155.0,1.3e-05,1,41,1476
2025-05-14 17:04:35,de95d3bbe661493ac77b7f9863c7ac512faa0b460897f776e9c9278b5f9f1f8e,896698,90715389.0,6601.0,7.3e-05,1,44,1577
2025-05-14 17:04:35,335ca1bf059f3307e41282d7536c4d84dffa2f1669c74e2d183809b64f5fce02,896698,22847470.0,4464.0,0.000195,1,29,1093
2025-05-14 17:04:35,7fce20c60654f85d8a73b9cadfee325f4d7433fdcac46e3ed67361bcaef6089f,896698,467470299.0,5983.0,1.3e-05,1,40,1436
2025-05-14 17:04:35,ad534a9fc73712cc55eb6c19104bdf545af4e2f4e3722bb95bcfce329b344932,896698,33150957.0,4155.0,0.000125,1,27,1023
2025-05-14 17:04:35,5e3ffeb4b22dae88f215917d9c62ee17e3218524d4280c052f97963abc92beb5,896698,99994270.0,4800.0,4.8e-05,1,31,1168
2025-05-14 17:04:35,aaa68d95ca971d56b127eedf47ef7d84b4dae5a0918b391ae75240c2d219198e,896698,23401667.0,5299.0,0.000226,1,34,1282
2025-05-14 17:04:35,3e9a51e96cd6123d85fe079a68852ff7e7f8f02d45be3150cca917f03130bca1,896698,96636092.0,3568.0,3.7e-05,1,21,889
2025-05-14 17:04:35,e1f6a3ba1a77a089784d95486415fb5ee492c18131432febf9045c47b26ac8ff,896698,22442915.0,6902.0,0.000308,1,46,1644
2025-05-14 17:04:35,241a02d04bc6555a3155684a37c947afa556354b2dab2bdd3d7efbd37856a7f8,896698,7995010.0,4990.0,0.000624,1,32,1211
2025-05-14 17:04:35,7278804e9046c00fbbcf4ac755fdfc0ed22568195e03028ec1f18789f973b222,896698,174623645.0,5489.0,3.1e-05,1,36,1325
2025-05-14 17:04:35,946101fd95ce938f86b6d6cb70c6940ec251efdb6bedd9f02bb45b4195bffe2f,896698,46770290.0,6147.0,0.000131,1,41,1473
2025-05-14 17:04:35,cd7f612260ce62bff5c928d8c9f929eb51700feff6be7b55ea3cd2d5497a6cc8,896698,49994352.0,5648.0,0.000113,1,37,1361
2025-05-14 17:04:35,665bbbc6441f166ff8e435276cb1131f5e938cb859d542c0defdd356e046d1b1,896698,23401596.0,5701.0,0.000244,1,38,1373
2025-05-14 17:04:35,136f20221887b647aaa5ac06c60c4ff8339a405d4c5e7b9185d938a854ff4d15,896698,14223256.0,4915.0,0.000346,1,32,1194
2025-05-14 17:04:35,6e0a6b96c71e9ca64fa7d72b7a8162e5a73a98603606d3fee5836d2098eea49e,896698,9994374.0,5626.0,0.000563,1,37,1355
2025-05-14 17:04:35,43ddcab2a4e01b4217aea75b1a7fad4f6d612f9b8692d2a6d4fec9f4b0cceaf9,896698,79278825.0,5158.0,6.5e-05,1,33,1250
2025-05-14 17:04:35,b96036cb66bf965647f49d604d2674c3ed7d9c446a321880ac5e1dcc10745101,896698,34832559.0,4425.0,0.000127,1,29,1083
2025-05-14 17:04:35,8f1ff8b00ef245910e5e18ba62b4fc85cf711a7ad857e3b9c52e6c1a636b1afb,896698,153948.0,643.0,0.004177,1,2,224
2025-05-14 17:04:35,944c2c2f14e9fa5e71ed4d661f8c8df968c3669ec92503408c99ba9bc5391abf,896698,188431.0,643.0,0.003412,1,2,224
2025-05-14 17:04:35,662bd06ba15c8ab2d752322c4c491cc134950b0ce0b71a81127d914593c4da92,896698,222914.0,643.0,0.002885,1,2,224
2025-05-14 17:04:35,b4592f5be4d814e5b04330a0659bcb55d05be0b276d96eae4c3dcdfaf0e65382,896698,257396.0,868.0,0.003372,1,2,223
2025-05-14 17:04:35,9e70f0756dd63c63fc587a1532de5b9a3e53c8fe26a0cfe3848f4edbb32dfae2,896698,292101.0,482.0,0.00165,1,2,223
2025-05-14 17:04:35,7dee4d098f546ccccc695d604d667b252a15a5a325b8b634835c2282f38e2b30,896698,311918.0,482.0,0.001545,1,2,222
2025-05-14 17:04:35,728d4f8e568f8dd1cc5b12b153c829b70ef2d89acd8d44383d4aba9525c88ee1,896698,583105.0,1734.0,0.002974,4,2,821
2025-05-14 17:04:35,3617943ced1d2f8fac73bd196510dd201f3be8c46ddfd3975cd11048b52d604c,896698,965971.0,929.0,0.000962,2,2,373
2025-05-14 17:04:35,aa0c8b9b11554634a5f9098be975a7668e0d94b91ff45b59aafa45e827e45546,896698,484431.0,929.0,0.001918,2,2,372
2025-05-14 17:04:35,dde458e6df74dcc1a6d41cb1fd112fdd0dc05a061cc3513527cbf145f7f3dc16,896698,216488.0,929.0,0.004291,2,2,373
2025-05-14 17:04:35,fa1810e7d9016e8328ce818940a68f8adaa05ca7f1005cd1ef1a8a211749aa0e,896698,313833.0,929.0,0.00296,2,2,372
2025-05-14 17:04:35,6a8e8e5a542df470d09bb6a19bec598fdddb0ab8a19d6e3af1bce74425aae854,896698,169429618.0,1000.0,6e-06,1,2,226
2025-05-14 17:04:35,ec218f4a5959999f3ba4ad4f4b25f9d1875f560c738238659bcfe83885f0051c,896698,14829775.0,1660.0,0.000112,1,9,426
2025-05-14 17:04:35,fc658b796a64c3d01700f9029005e7583d44bcff7ef3faed026d299369188490,896698,127000.0,487.0,0.003835,1,1,192
2025-05-14 17:04:35,35cacb87d203fe312234be3d35dee705545187c4b67d0c246a2805a62204cbbb,896698,190402.0,740.0,0.003887,1,2,249
2025-05-14 17:04:35,e84ccebb4648f84ace165bc7415139f06eae4ad353732cd552b51a5152646e02,896698,5988505305.0,985.0,0.0,1,2,222
2025-05-14 17:04:35,50b27acec4b4ec6dce8e783338d0c523414d6aae7b5bb2f2d140b56b0df11bae,896698,19999556.0,444.0,2.2e-05,1,1,151
2025-05-14 17:04:35,9394da69513939638633d6853ec814a50ba07ffa9408de5013ba8078ae98b7e7,896698,13832629.0,1088.0,7.9e-05,3,1,488
2025-05-14 17:04:35,542686e889648158adfce78d20b1e6d10786ca02f0a20623c1d0083a350a6cd0,896698,41565385.0,1000.0,2.4e-05,1,2,225
2025-05-14 17:04:35,efeeae582c5b8e77a4d7a8485637eb19848361430e1c57e3036f77458ba15154,896698,167849290.0,1000.0,6e-06,1,2,225
2025-05-14 17:04:35,2747517053e316fe6e4413c086d312e614cfb2cdab663dd87b2d9dfaed8126f6,896698,1353806.0,929.0,0.000686,2,2,371
2025-05-14 17:04:35,6006f3d88b367e4a0e03462c15a83a5a8ca6738eabc79d98deab094079f5f0cb,896698,691906.0,929.0,0.001343,2,2,371
2025-05-14 17:04:35,029000e5a9f4a900ce79da40808e3d681070b56d24ffc833379899212c1f85c8,896698,505195.0,929.0,0.001839,2,2,371
2025-05-14 17:04:35,95994911bbaa9beb8ca67fba43971b20d824f73b9d599c476e97f2aaee6bf6c2,896698,1044358.0,929.0,0.00089,2,2,372
2025-05-14 17:04:35,f3abd349cee67c80d3221a8855058711f73116be5c863267c171a9eb7d3ecebe,896698,1163859.0,929.0,0.000798,2,2,372
2025-05-14 17:04:35,300c6dce430c87fe6137a7f329b4b39775d346f68788b67066340a0912055795,896698,498847.0,929.0,0.001862,2,2,371
2025-05-14 17:04:35,f9b8297538ef412148ef750932ccbeccbf5b8b592a66a5cf0efb600a1cfa9793,896698,109901.0,929.0,0.008453,2,2,372
2025-05-14 17:04:35,e8793038ec98c895254f3f69e3a269bc9a13bdb4bec8ca7b8753f70628533186,896698,11354452.0,929.0,8.2e-05,2,2,372
2025-05-14 17:04:35,d9b4b428453fe13c214d89e637d73e79e51123c23b1827cfaab9340467ca6c69,896698,62282.0,929.0,0.014916,2,2,371
2025-05-14 17:04:35,531bcb1e8bf7d7b9b7437389772470f446402fd742fe32348bb3b76017be5067,896698,662651.0,929.0,0.001402,2,2,371
2025-05-14 17:04:35,cca6351a46e8aa12f707b58a4a297984ff58504f2f3d65c4652b5b5fe8fe4e5b,896698,2332096.0,929.0,0.000398,2,2,371
2025-05-14 17:04:35,91263c3ab1734d156dfd2989e7d6b8bdce093247e61c49f195afc81d64167957,896698,549950.0,929.0,0.001689,2,2,371
2025-05-14 17:04:35,7a623b29e663f7375b4480f59a8e4fc2f17c1a3551bb93ecbfbff7333238873a,896698,1089047.0,929.0,0.000853,2,2,371
2025-05-14 17:04:35,c9c07f0664e5be55f6f37cad5751272bc8ba85b2e7259cc87950fa8a58286630,896698,305124.0,929.0,0.003045,2,2,372
2025-05-14 17:04:35,438e1cc620cacc67a515ff674c850e6143a7f38690ab94ff16677ef7c92ed917,896698,480353.0,929.0,0.001934,2,2,371
2025-05-14 17:04:35,6a0789e1fe16298e65c3d67b3ed91b9073dd2dff8c7eff157f72296251e98ea9,896698,2545.0,1580.0,0.620825,2,2,300
2025-05-14 17:04:35,11e29ec6542749754ccc2787213d39b0e30b483a45bd74e8329ac6744d0e3a57,896698,201091.0,254.0,0.001263,2,2,313
2025-05-14 17:04:35,d2ae96099b6d125c1530d45a8119cf6ae914a2e0f0feff553ba93176a13c248e,896698,136872.0,929.0,0.006787,2,2,370
2025-05-14 17:04:35,86f18544dfeb9986b2e75d5576150a33a787ac423374c8141ec5ee8e3fc64e0e,896698,137801.0,929.0,0.006742,2,2,371
2025-05-14 17:04:35,573709fe1df5fcd2c16652403d9522bbcc0d84ec3b83ba98279a1c25bbf596e7,896698,36061.0,3244.0,0.089959,7,10,1111
2025-05-14 17:04:35,1b3d2b5261ce69e147f7e4dc4831457f4a76261d1ae64f2297e270a249fa4c26,896698,405836.0,3000.0,0.007392,2,2,673
2025-05-14 17:04:35,d8aa4cf28ad2a91654599a5144a885750fd64801b862334518aa1aba72d179ac,896698,120471846.0,1000.0,8e-06,1,2,224
2025-05-14 17:04:35,b6b820be8191f5ded6e28c99d74dbf578a470d3cf3fcbbf36c543c7d3126f2e2,896698,41704.0,643.0,0.015418,1,2,226
2025-05-14 17:04:35,617d35224ee0da33abd9a8240b1c119b4eb73009b51ca04f20fbf61afae23edf,896698,89890.0,643.0,0.007153,1,2,225
2025-05-14 17:04:35,340c27af68f9183580ddcac3b66b3651dadeea8f300abbacd0aaa6f0b02c2dd8,896698,5120727.0,643.0,0.000126,1,2,225
2025-05-14 17:04:35,36a597eda57a132c4a606ebd7f0055d4e1bd3edcbb389af4d88e0507a79d5cb8,896698,110531.0,643.0,0.005817,1,2,226
2025-05-14 17:04:35,9936cbcbb03fbbcda276cfb5299b10ca6d586fd3f023737aeb52b6cfbdf3cab2,896698,193187.0,643.0,0.003328,1,2,226
2025-05-14 17:04:35,e8ecc490c8212374a2ca89ff100ba5adbb16bdf123c24086862322f6166034ab,896698,740084.0,643.0,0.000869,1,2,226
2025-05-14 17:04:35,d438830c016a030c599e82ef273c2e736a43b67106959ae9947a2a78910f55a4,896698,1616115.0,643.0,0.000398,1,2,226
2025-05-14 17:04:35,af803e6c3c56c0d3245001d7153497129f59abc2c91477ec09b12b57c7feff82,896698,299848.0,643.0,0.002144,1,2,225
2025-05-14 17:04:35,a3fe8d1d6da6c924a01500da5ca23bbdbfa1adc8625c3ab9a9c64ce79ba91563,896698,856799.0,643.0,0.00075,1,2,225
2025-05-14 17:04:35,636d4e95487af5735f852dd6e9dbeb4619b7293c6be5d0f58c030bcbf1f9a181,896698,985887.0,643.0,0.000652,1,2,225
2025-05-14 17:04:35,22f8f7deec23062c0d3e2c660e4f91f7c2881effdfc5e7d65fe3690c8059483e,896698,127015.0,643.0,0.005062,1,2,225
2025-05-14 17:04:35,630a5128ce5e4c65f2032ce6243b8a68c6597fe7cea6486a84bfe622f93c1b2d,896698,51947.0,643.0,0.012378,1,2,226
2025-05-14 17:04:35,cd7321377f2d958dd9ea10953588e05fd421669cf66bbb20cf600fa0fb1b0dcb,896698,42828.0,929.0,0.021691,2,2,370
2025-05-14 17:04:35,57fb89130f565f05df74ff79704c1bd38eb794eec51d79a9c1d57a9a57c47099,896698,12299788.0,929.0,7.6e-05,2,2,370
2025-05-14 17:04:35,8ef9d4be3df0729bc32b14b261ba97aa5c4852e740a5b07e367648cca58c972a,896698,1643528.0,929.0,0.000565,2,2,370
2025-05-14 17:04:35,8c88ba1fe510a4f2df2c6c9d872f27fabe5ebbcd92f6d3877101693e4fbb3c1d,896698,12733292.0,929.0,7.3e-05,2,2,370
2025-05-14 17:04:35,606f249ff4eb7ed72bc4a316688e6fc849f74339ca9dc7183cc61d4f5e36e597,896698,17405.0,2159.0,0.124045,3,1,483
2025-05-14 17:04:35,331575c985bd5073981c83b13bc5e6edcac5adb734b8eead6046ca8c03cc8afe,896698,105434.0,845.0,0.008014,1,1,189
2025-05-14 17:04:35,13802987100b27ed60988edb1a4acdbcfea55b03ecae7eb3ec1569795a5babb3,896698,33294.0,643.0,0.019313,1,2,224
2025-05-14 17:04:35,c5ab6749d2729514818ce2f376a861ac26ef52f676364ba0425d8da4e014b437,896698,67781.0,929.0,0.013706,2,2,371
2025-05-14 17:04:35,68b85978279d80fb002f3d3975063ae1ca51cddb3567d20a64ffdf7682fdd39c,896698,297433.0,798.0,0.002683,2,1,341
2025-05-14 17:04:35,deeb0a9fb01f87cf492f0419cf21c4e5fe97a38536d1d2e1a783ff31b8186699,896698,220374.0,798.0,0.003621,2,1,340
2025-05-14 17:04:35,e13199ef239e5399ae8afe9015ab34057e6a8dfd89c3874a954910fa052c7094,896698,1820094.0,798.0,0.000438,2,1,340
2025-05-14 17:04:35,baa792355d2350b9f00312ee25c4d42711e1ee139f58ce0790698701fd4582d4,896698,129757079.0,1000.0,8e-06,1,2,223
2025-05-14 17:04:35,791a2c17172dc801f8b478df81ce085f851a82a942d836abb9612e065109c0c8,896698,6448200.0,1000.0,0.000155,1,2,223
2025-05-14 17:04:35,54d1d2cb62508d51fe09afa755e88c692ccd7a98c01cf97c86141d798041efc4,896698,133171055.0,1000.0,8e-06,1,2,223
2025-05-14 17:04:35,e2c0f3b56dee9b452ceb1b30fb9560d15eea8102e959dcfe8aa59b60dc3c4aa0,896698,5832499.0,1000.0,0.000171,1,2,223
2025-05-14 17:04:35,8abf7c98d5ab728b305bc6ebd1efcf7a7f2c4f8a23931aa33042566dda46fb5f,896698,19166042.0,1000.0,5.2e-05,1,2,223
2025-05-14 17:04:35,e35edf2d9dd13bdd3c3c8e388e2af57e3bdce1c3264af800f38b76234304555b,896698,111246177.0,1000.0,9e-06,1,2,223
2025-05-14 17:04:35,262f82915fb2a507eac07180ff94cf86bf0eaded091ee0bd00bbdfa1c2ea621b,896698,179226147.0,1000.0,6e-06,1,2,223
2025-05-14 17:04:35,57c7c2ab57c78bd721b68bef9e279ae1d7e08b1d9a17bb970074062df2bf9803,896698,159450331.0,1000.0,6e-06,1,2,223
2025-05-14 17:04:35,bd04923f41a95475aec8ece24ac7dcbbe5e2d67719c5e941d675fa0ae43cdd81,896698,4526.0,548.0,0.121078,1,1,203
2025-05-14 17:04:35,a491b5de19cca53c7efe6a3c889c0ecbb38206455659878cd5d8eaf55b40285b,896698,222646.0,939.0,0.004217,2,2,371
2025-05-14 17:04:35,fadeff3390e4f6427158ef38b6c068708202c52f46521a3fda617e5c63c8c376,896698,199564588.0,1003.0,5e-06,1,2,223
2025-05-14 17:04:35,fbe147f7c59e73d155213665f2e9d1a3cae3a5f9861a792ac4f5025bee4bee8b,896698,9838684.0,705.0,7.2e-05,1,2,222
2025-05-14 17:04:35,e022d955322165c81a66268bcbebdfebb7101423b65cc9455a792eda6406c8c5,896698,9888185.0,564.0,5.7e-05,1,2,222
2025-05-14 17:04:35,a9d6a18a67186087e7bde0faca620611da482154bb7f0e76ba2c8ebd2daab9a6,896698,131924.0,1940.0,0.014705,3,3,866
2025-05-11 02:39:37,53cee5be7f36b0750c25d9de99dd79560745de3d42a116e5c2c75b620d3c3c13,896194,371360.0,930.0,0.002504,1,6,383
2025-05-11 02:39:37,92d245cdc74e3a70723192658bc8eac2c9f2304a436d31686b6d82089a94eb0e,896194,1122090.0,930.0,0.000829,1,6,382
2025-05-11 02:39:37,17b28cc7217c5accd3ad8efb800998fb880712c596ea99281c546fa18decef00,896194,747730.0,930.0,0.001244,1,6,382
2025-05-11 02:39:37,b1aa4b574189fac026e0634d51dc17fca025e60b0b2be6ed211812a12e9eaad1,896194,15186.0,309.0,0.020348,1,1,151
2025-05-11 02:39:37,2f9e041d74d34dbaecad82d00f909448c80a94dbed211065c25630098c3e12c8,896194,368588.0,792.0,0.002149,2,2,418
2025-05-11 02:39:37,69b2ee9d68daa85d2970af4d1efbf37f483ceb256873fd6683b2c1b461c37553,896194,8521510.0,896.0,0.000105,3,2,532
2025-05-11 02:39:37,9e8b4eb15b777d52a3862908765b5ab210cdcd328a2ca5ef49413ea605779237,896194,213141.0,670.0,0.003143,1,2,486
2025-05-11 02:39:37,777b673b7ebdcd45780ad92af907018a1403c02f8f9cd5599586e5f340fd088b,896194,307048.0,555.0,0.001808,1,1,192
2025-05-11 02:39:37,fe5a6b7deadb87a9f1278e12f5b66fb9138c27f575fedbfdf88bd059543382b5,896194,428440.0,5351.0,0.012489,12,2,2034
2025-05-11 02:39:37,8b33bdee7ac2637e29595b9773a625c9b7fd83f166c8de95288430e0684e414f,896194,763645.0,2076.0,0.002719,4,2,736
2025-05-11 02:39:37,c4eae53838108abe9cb12e6c4a590bf3d8b1877b070fbd46ea160adc4e655b1c,896194,563482.0,2087.0,0.003704,3,2,652
2025-05-11 02:39:37,dd428edaea86a940e111b6884e6d8f9ae50e1b735683a0c180211d2008a14617,896194,428556.0,1535.0,0.003582,2,2,464
2025-05-11 02:39:37,625f6436be76dcf9e389a32e64c1a31336cc3565197b9764898cc16e67b9a3dd,896194,144950488.0,1116.0,8e-06,1,24,926
2025-05-11 02:39:37,f116846316f958cddd21d991a370260aa2796ee33e4f7347e0bd462ac7bc475f,896194,223954777.0,1045.0,5e-06,1,22,872
2025-05-11 02:39:37,ac105aeeed29d90989802e35c7c685471a9d3310960e893687501b02f6097f0c,896194,999998830.0,1170.0,1e-06,1,25,968
2025-05-11 02:39:37,7e8aca212df30f3585a56d5d657c318fe355ec524e17b3c87378fcbac1566fc6,896194,670055.0,1081.0,0.001613,2,2,889
2025-05-11 02:39:37,bbcb7034b96152b4e4c3c34f97a543b7ac4512098cc4b7e5dadd40a9ad8d5dc2,896194,10625.0,786.0,0.073976,2,1,634
2025-05-11 02:39:37,c557a72ca35e26f4698700e6597b3506a72cfe6eb1db817079a1793387ac6c0c,896194,46220.0,440.0,0.00952,1,1,192
2025-05-11 02:39:37,942c4ffc9e1f76ea646fda4dc6dea28e5e67730e94e3b3e348cb34f8ebc252f7,896194,92204747.0,2808.0,3e-05,1,26,1126
2025-05-11 02:39:37,d1d9a9b3dc5e693017d58ffba3b9905140a2382fae7a16b3217607b83d26418c,896194,56372034.0,7635.0,0.000135,21,29,3931
2025-05-11 02:39:37,1f54e8c468e8531fc49431013e3cbbf01c3adef961bf5d4d3c719f68424a439c,896194,208269.0,731.0,0.00351,1,2,235
2025-05-11 02:39:37,d7045d6579c4c9c1a39b85a3f9d439c9e1e905e2b9d389666f9793f04f9001c2,896194,553129.0,921.0,0.001665,2,2,676
2025-05-11 02:39:37,f07cd3be74ee01efb1704f243bcb6b76fbc65e132186160c8ff3537deb8a2b35,896194,419533.0,1892.0,0.00451,4,2,1688
2025-05-11 02:39:37,19a9d277f87816ad015574daa208eee4ef7532da84efc39c75abda526f67c3d5,896194,153484265.0,439.0,3e-06,1,2,223
2025-05-11 02:39:37,bd037b00c55c21be279b60e020a5c59234108da6f2faf502e857ab84f1bb56a1,896194,744870.0,439.0,0.000589,1,2,223
2025-05-11 02:39:37,a88c428c2fb905396204bb3e26683a8ee16f4407e3503f700268b9a4a5f7d07f,896194,7932983.0,1078.0,0.000136,2,2,885
2025-05-11 02:39:37,f518c92609a46676d224da9eaa54497e0f0bf5193b66e71b1ef084393aad1325,896194,31213.0,318.0,0.010188,1,1,153
2025-05-11 02:39:37,3f4910752783e4b9f42e1e626b2f38c48f6c41a719b1366fb86b7b794cce76b6,896194,109696.0,1254.0,0.011432,2,2,372
2025-05-11 02:39:37,c1dd70a771d53617c7a603db873929002914b973d8dead4a887a908a24e2151f,896194,5310701162.0,13635.0,3e-06,31,8,10435
2025-05-11 02:39:37,4d9cd489e4980c7df12d8b6e04df992ac9dbd1436d3562ca3168c6df350e0785,896194,1054379.0,804.0,0.000763,2,2,419
2025-05-11 02:39:37,843a8d57102e2fbc59a00bbca1178c0c1b08881218558e49685b6de85ab6888e,896194,135804.0,501.0,0.003689,2,1,260
2025-05-11 02:39:37,94cc325d7958ccf697eee22e205366d7bbd508e8e8bc54f76a145b62b72a4c44,896194,200000.0,768.0,0.00384,3,1,487
2025-05-11 02:39:37,523d5863a89cfd16d834b3dfcb4507d5ed00336cae4f031b943126e855ea4627,896194,609337.0,452.0,0.000742,1,2,226
2025-05-11 02:39:37,fd14daf190f03dfb47b00d832af7d0462494da448fe81c3e7d059c3cc52b525f,896194,177008.0,1405.0,0.007937,3,1,1258
2025-05-11 02:39:37,0637f13e5350a2e32c7d219e25e873fe714ef92f488c8197397e55f07eb073bc,896194,37780443.0,557.0,1.5e-05,1,2,258
2025-05-11 02:39:37,42f618ddff3045376c2dec8a8fefc463821a407f8cb811b3deb76c558c8096a4,896194,952541.0,557.0,0.000585,1,2,258
2025-05-11 02:39:37,cb3aa2a7797d9cb03a181526952d7c3786cee84d085c269ef62452bce0626820,896194,91194375.0,557.0,6e-06,1,2,259
2025-05-11 02:39:37,850826be9300ace967dbbe37101d2f8e84ecdde3248e9ed01868c0c1242e31ae,896194,7194913.0,482.0,6.7e-05,1,2,234
2025-05-11 02:39:37,347edc7d9d1e55f843bf9242cd3dd326e55c46d9280eb8192e1a2857deac380c,896194,136062.0,690.0,0.005071,2,2,319
2025-05-11 02:39:37,aa1a8792f9dd1d9bf018ae4a957f9c9cdc5a0fe170870b7b1067e716ab33b67d,896194,71799.0,347.0,0.004833,1,1,192
2025-05-11 02:39:37,de39d53b0075cbfb46a5fa2912a944ec1dcafbb76b2d15d592e533a640cddfa3,896194,58621.0,959.0,0.016359,2,1,844
2025-05-11 02:39:37,be69404b270caf131db5ffc1fa9a27fbf2e9cc547a5e8d27c40606945cb3174a,896194,54700.0,385.0,0.007038,1,1,204
2025-05-11 02:39:37,8ba00898584822449ea7f6f7f30b6021bb782f33ac32152f45cadafaaf592402,896194,34857.0,385.0,0.011045,1,1,204
2025-05-11 02:39:37,27a04dedaadd58b858f2b5b4f7e67f79ac39d099aab93d772fc1600e534dc1e3,896194,41205794.0,445.0,1.1e-05,1,2,222
2025-05-11 02:39:37,fc20d9c79ec79637cea79e15951aa00297943636143b98eca04c7924a1b4b9fd,896194,4457.0,543.0,0.121831,1,3,253
2025-05-11 02:39:37,4ec1f8fbb76a8ff4f55adaa07c64445e27def8cdd8997e920da7a301f16b0339,896194,8730767.0,531.0,6.1e-05,1,2,249
2025-05-11 02:39:37,a302167f873aef8044d4dbc74a46b74d11048991135185fd994c80ca4cf84bea,896194,65177.0,358.0,0.005493,1,1,194
2025-05-11 02:39:37,516036a3256b3483e88c71b12527b1295a769011b98c5b1de92a03be29ee0594,896194,299648.0,352.0,0.001175,1,1,192
2025-05-11 02:39:37,94f23fb81886abe2d2dfec7564175d0a55966854880f1b18445bd281b249d5cf,896194,1008.0,536.0,0.531746,2,1,269
2025-05-11 02:39:37,07f8e5f3fd0dcbfa1c5d6d8507464a28f99f8303b42205fc139a1d6901006b05,896194,568968.0,1578.0,0.002773,4,6,728
2025-05-11 02:39:37,d10353f5244d7cc52311f638106bab154546a265beaaad76afe3d4da11180eef,896194,151221.0,705.0,0.004662,1,2,222
2025-05-11 02:39:37,26e24d7d8845f7179dba6ffccefb76d80b8127ffb4440763fb0fe7a8f567e4a8,896194,542072.0,3000.0,0.005534,2,1,340
2025-05-11 02:39:37,9b67c315495c92ba2fe6332a0e00988c65a538ca46e2919f05c549c835fcec63,896194,122568374.0,1732.0,1.4e-05,1,38,1393
2025-05-11 02:39:37,130a8aecda44e3ef0dabb877fe285809c9fb370a3f3bd8f822f453b96e6db147,896194,23686.0,2674.0,0.112894,1,1,192
2025-05-11 02:39:37,28ca324943fb34aa53fe70489f75e00b1133e611b99c48fcda8794f0cbe5b96f,896194,132371929.0,1652.0,1.2e-05,1,36,1332
2025-05-11 02:39:37,3384d89bbed9acdab2337714726e0e76599c0b57ea964b40bf618a37242f70f2,896194,999999542.0,458.0,0.0,1,2,225
2025-05-11 02:39:37,b800e3c5963373faef645602c5360766f9d81f36f95a555cc789ca0ed15fc8c3,896194,261617135.0,458.0,2e-06,1,2,225
2025-05-11 02:39:37,f4f70d16bca320f9e489ee1d9fd035ccc63392458e5f956622b3205f75651b8d,896194,416510316.0,458.0,1e-06,1,2,225
2025-05-11 02:39:37,644bb8a53ea773aa924b9da0d91f6ad69423b732c1e63512d8a75d3b54d54c4b,896194,722129529.0,458.0,1e-06,1,2,226
2025-05-11 02:39:37,33fe655e86e1743c8570bd180f067620ef7252d1137f797e6f936adc91ce3d63,896194,291912157.0,487.0,2e-06,1,2,234
2025-05-11 02:39:37,685c94d67bf5648ba9a3d8eaa491a4dba37a7d6db0d9b5f85b2c81142be3d319,896194,983803.0,1197.0,0.001217,1,1,1220
2025-05-11 02:39:37,f12770f7fd074a4a9e653f29abdfa13fafbfaaa627baa4a8d43b4c504e4b2d54,896194,20176.0,2019.0,0.100069,4,1,634
2025-05-11 02:39:37,e3febfaa6909c6bb642876aa4e71187cf0623632fb842c9beca786963d03c043,896194,24354437.0,11543.0,0.000474,33,44,6092
2025-05-11 02:39:37,a8b59c59f42c7d3f73b1b55899997bc52dcec52dbcb0506f734a55d84133afe8,896194,814264.0,1590.0,0.001953,4,6,699
2025-05-11 02:39:37,d36e03c2b00dfb212011948f64ba174e4df5b4b7d9aea6998409ffee3df4dde6,896194,997293.0,1590.0,0.001594,4,6,699
2025-05-11 02:39:37,391bbb7bf91d61b8b76b5e18051d8c011b25fe519015dac4985270a0c79c7eb6,896194,298293.0,1590.0,0.00533,4,6,699
2025-05-11 02:39:37,253e8905ffc30e1961f3dbd135cf07c4ecf21a9a281f849e3d75f8647af508a5,896194,410302.0,1590.0,0.003875,4,6,699
2025-05-11 02:39:37,c765662f5406e5a2e07484fa27b8a5ca3370237f7601d4ecc91f731152885ca0,896194,200347.0,1590.0,0.007936,4,6,699
2025-05-11 02:39:37,083a1a1c8a7e56b808f9e0e97a63ad582617880fe04d694a56ed703a22b73f4f,896194,540515.0,1590.0,0.002942,4,6,699
2025-05-11 02:39:37,a8a7ad889de2d1d09dde71f64e80ad0106c416348ca409b1c28b1baa9adfd140,896194,84282.0,1590.0,0.018865,4,6,699
2025-05-11 02:39:37,f52f2ce30572cf2279ba52031a74b9d57a107290efb78759e95f7140b8989b2d,896194,789072.0,1590.0,0.002015,4,6,699
2025-05-11 02:39:37,893bae1b5646030abe83edfe85f7b8ee1ab340bec70a2bbcefea1d2e6d974521,896194,767645.0,1590.0,0.002071,4,6,699
2025-05-11 02:39:37,da715c0a481af8297f3c08936e8dc7d3181d5e75641e3a6d054caf06fea75dad,896194,1200000.0,2014.0,0.001678,4,1,631
2025-05-11 02:39:37,20dd65312aaf180d24bc4fc769d71c80741110ad305acf6c5db371e8cdeba3a7,896194,330479.0,613.0,0.001855,1,1,192
2025-05-11 02:39:37,234782a555ac702aeaf482c33271267b040fc6e13a987a25164b9e3724f6b490,896194,13295680.0,454.0,3.4e-05,1,2,223
2025-05-11 02:39:37,ee88086e443eb420a487d0a031741fbb7cbcea99e7dd868b1e85ed6972cba46d,896194,201528.0,355.0,0.001762,1,1,192
2025-05-11 02:39:37,338a80d2a5c6ddcc407d8620545212e2da35616a6a8b2ab379956157fde57a1c,896194,39999565.0,435.0,1.1e-05,1,1,217
2025-05-11 02:39:37,0bdaedbf6b9ccebc55b52ed6234591fa129f59008a7a608c5c7c974d95230db9,896194,4627161.0,451.0,9.7e-05,1,2,222
2025-05-11 02:39:37,eb2b8e784326989ebc244a209e05eaf7e8daf08f963808aec9d29332b209ef91,896194,180768.0,451.0,0.002495,1,2,222
2025-05-11 02:39:37,52149b89f80ccc944353fdc30e547b4a90e1ac50c52bc552d042f4cf688af63b,896194,45467079.0,451.0,1e-05,1,2,222
2025-05-11 02:39:37,b03caa3a9dba6edc0f77c062dc5731352cdebf179b8a3fa90a712042f2a51438,896194,15491300.0,451.0,2.9e-05,1,2,222
2025-05-11 02:39:37,5076dcf91d3365a21618b553821161be33af521d382e4c4704c328337e5d9f1e,896194,1358846.0,451.0,0.000332,1,2,222
2025-05-11 02:39:37,aa0bb1755e9c897bce896a6d77486900fe290ea62ea357a49e48d608c6a98c15,896194,617829.0,451.0,0.00073,1,2,222
2025-05-11 02:39:37,7aacb4d9a99ff882b0c68f45104590f9a1f1751285632d66f0da0a53e3bbb310,896194,17757156.0,451.0,2.5e-05,1,2,222
2025-05-11 02:39:37,c6659c13aaa9478cc4d850e07db6e1f1bd890a72e4fc1815b3df3321114fbe92,896194,75299132.0,723.0,1e-05,1,2,226
2025-05-11 02:39:37,d4797fbeebd38d62c4168570ef05823d5550fcbac86daa2fc9b653982257e1e7,896194,32201.0,352.0,0.010931,1,1,191
2025-05-11 02:39:37,334530aca6deadbb8da91613a848a04a52568ba7d9bf3af3de56d8ed478015c3,896194,615399.0,352.0,0.000572,1,1,191
2025-05-11 02:39:37,6f47e6934c70ad4ccd3c7b9b8dae21da60729f6937b79eb91f64a39cd85480af,896194,99359.0,352.0,0.003543,1,1,191
2025-05-11 02:39:37,5aec65d29a792c6bdba40b632ceb7ed5a25b428d37802a1a7b4e6915c4dfc657,896194,130219.0,352.0,0.002703,1,1,191
2025-05-11 02:39:37,a0229bd340bd4607fdeaa643abfb8b0a21c93ff8c86214203a2b526f166ee24f,896194,768809.0,352.0,0.000458,1,1,191
2025-05-11 02:39:37,a544ccff72dc3ac7c042034685194646fc48977f3b769058e484bbcd38940842,896194,42943.0,352.0,0.008197,1,1,191
2025-05-11 02:39:37,26a721beb071cd9b6529580514b6e8ee9d56a42cf8f465a8bad1455868f9f5cc,896194,4583.0,458.0,0.099935,1,2,194
2025-05-11 02:39:37,333a28b4a3b5a49ddcb0bde18e27ee8a90146783b2d0a03fb3664722bf38b8fb,896194,47924.0,567.0,0.011831,2,1,339
2025-05-11 02:39:37,1eca2113c2090127ff2eb00798ef77e00c112748a6e73d53fb5df2c41403f5c5,896194,1893149.0,452.0,0.000239,1,2,223
2025-05-11 02:39:37,12a3954c9ee441a061966d3436b86c75c072382878bae9992ec90a59e3abaab3,896194,2490705.0,452.0,0.000181,1,2,222
2025-05-11 02:39:37,78e57e4548cc6ec76c780a06b59d995bfba5d8f348dabe8fa655c74070bd1913,896194,4234250.0,452.0,0.000107,1,2,222
2025-05-11 02:39:37,aadc8537b7d1710022334620c3b5b607cc98a09ba5bf4c5899a42a7754660eb1,896194,49658.0,1106.0,0.022272,4,2,667
2025-05-11 02:39:37,67871d0da7d231b21d5849bc1223d5af4a57f862bd91717cad4eff5d490d28c4,896194,573575.0,491.0,0.000856,1,2,234
2025-05-11 02:39:37,16277a94623a9f84851afab4568bfec0d3c31cf87e883fe701e42aba744421a4,896194,65813.0,491.0,0.007461,1,2,235
2025-05-11 02:39:37,42846f7666d25d6dd16f16ca4abee1642cd4a4acc3359e87121018656a520bb2,896194,433331.0,944.0,0.002178,2,2,674
2025-05-11 22:58:45,1601f5518d29a7f20290336fa534ae09e370a96f06e946b50ef58600af94ba0f,896321,111782.0,284.0,0.002541,1,2,223
2025-05-11 22:58:45,ec4dc3d70cd3a5c0aedd533dd43cfa5ff0b30a464650375019a5cf19ca2fb40f,896321,105013082.0,680.0,6e-06,1,8,421
2025-05-11 22:58:45,6ae99801c1776eac7aff32749a63fd68d2abc943c26ad1f1844ee7fcf773700f,896321,53419.0,282.0,0.005279,1,2,223
2025-05-11 22:58:45,e2e6e1bbc91f37abbccfed310f71139b2055f2d3e287eb1abcac0437e00ab70e,896321,30757.0,282.0,0.009169,1,2,222
2025-05-11 22:58:45,f6b9e812a90a05707829c015c6d899c262c1984ec1efc43e6a9c05347c253c0e,896321,66236.0,424.0,0.006401,2,2,375
2025-05-11 22:58:45,2618fee47a360be09a4f10b87e43b624b76afc2b14635569551641d68241c40c,896321,6095779.0,220.0,3.6e-05,1,1,192
2025-05-11 22:58:45,02243d2c85a10428aafa839a3f577381d02b572289f2a1570a11400066d6050c,896321,35681.0,434.0,0.012163,1,3,298
2025-05-11 22:58:45,323a44076cac67662c7e4a1ba4f2052739422114d3542f79e857bc1ca6bee10b,896321,1446383.0,418.0,0.000289,2,2,372
2025-05-11 22:58:45,409820b57983a54735e07ce7f3aa17122404144194787d3ca167cda93e445d0b,896321,61411.0,410.0,0.006676,1,3,286
2025-05-11 22:58:45,fe2280d6e088db60e928fb097bde70c1986772d88895c2f93da10e3358b3280b,896321,176496.0,282.0,0.001598,1,2,222
2025-05-11 22:58:45,d3225db1d81ffb6ccbdd6fa29ca26046531f15e8e8e33e0e98b2fe3af2a0f409,896321,144139.0,354.0,0.002456,1,2,258
2025-05-11 22:58:45,70b1f4fc0f09e0b21c8594216676e86270376380974195d21f4f6fbb84302508,896321,402939.0,416.0,0.001032,2,2,370
2025-05-11 22:58:45,1691a859ab7641c75608b253ebe24bfeff7e4e8f2b6af0d8733e971721aa7f06,896321,1923983727.0,282.0,0.0,1,2,222
2025-05-11 22:58:45,686e071caa7bf721b006fbdb6cc774e79ed54633a3cc83b46a0932babc0a7406,896321,1597494.0,282.0,0.000177,1,2,222
2025-05-11 22:58:45,ec0de6e0f3c6b6dbdee55bf513da3dc2da131ab1abc9b3c5db4694af85e0ff04,896321,462571.0,492.0,0.001064,3,1,488
2025-05-11 22:58:45,f3d5ea57e4eb1ef507a1902cd8ac9925de193c736779d637290a2857ae00ef03,896321,243879.0,416.0,0.001706,2,2,370
2025-05-11 22:58:45,2e4c7267b47272def0a6a6578f5bbb0768f1523e421365d72718fd5d70ab9503,896321,1927229.0,362.0,0.000188,1,2,346
2025-05-11 22:58:45,08e89c366447c9d150d98dd918d26611880cd0a399d4f5e414daf343995db802,896321,4452354.0,282.0,6.3e-05,1,2,222
2025-05-11 22:58:45,0fee2b829d8d1aa8bd762eddd9784f30198d8de05d53f0429f8617ebcd8a653d,896321,6366992444.0,1556.0,0.0,5,1,777
2025-05-11 22:58:45,987d6e1845001f0dc4419909eca42bcfc52de3f4ec445065bbbd7b9de0e88a45,896321,38541.0,1038.0,0.026932,3,2,518
2025-05-11 22:58:45,16e943ce01e8307a172760e0ef4a275a333ffe969af7daba83b53ee258e8f44f,896321,165554.0,446.0,0.002694,1,2,223
2025-05-11 22:58:45,f0afdb0a6cd0c7212bdf759b4aadc83efa8a2be09937e866c937f190204cad57,896321,200163145.0,1372.0,7e-06,9,2,1414
2025-05-11 22:58:45,68edabe01546d24a4a93a760c55ae43797b2dc8e3c3efcfbad675035589893ce,896321,600237.0,1308.0,0.002179,9,1,1381
2025-05-11 22:58:45,c3fc1a30f24dde62dcd8534a074240b736b3ce524fb03e0dd99a9e4103c2929d,896321,3308.0,1308.0,0.395405,9,1,1382
2025-05-11 22:58:45,305aa7e175dc558f971b7235ede1d8644bc2fda1c41b87ddf63a388593da1b2c,896321,81916.0,27284.0,0.333073,200,1,29755
2025-05-11 22:58:45,5d865262b5d168ea5a20fe6aff3c7c8fbe58c9aa5a54f858a46de1f765967aee,896321,72225308.0,1060.0,1.5e-05,5,2,931
2025-05-11 22:58:45,f7a3ed893546786145340cc45e57b74f8233246f1d78339fd9767ff9cb5fabdc,896321,861216874.0,17836.0,2.1e-05,60,1,8897
2025-05-11 22:58:45,2fd05494c931c6b236092f2c374f4366732c8df9ada1f20aedcf6ac3c220ceda,896321,99132.0,419.0,0.004227,2,2,371
2025-05-11 22:58:45,4b577f623076949b72dc293f988de4b1dff7eda77742abee5cb28e843e318dd1,896321,245362.0,417.0,0.0017,2,2,370
2025-05-11 22:58:45,2afb88740e1b4152f76e2f2e9b27dca1288f29000fa48346ee2dd6c29864420a,896321,4916427383.0,7476.0,2e-06,25,1,3729
2025-05-11 22:58:45,805f10179e2d78cb6ca0931ff7bf6de01a8afecaa17457cfcfbb6a85cafe801f,896321,1600005074.0,830.0,1e-06,3,2,822
2025-05-11 22:58:45,488cfdc1b881fcedcd92f47ed5e3cb5baa4f55551d12eaf63bd1c73e94063640,896321,1114062.0,393.0,0.000353,1,2,277
2025-05-11 22:58:45,e9ad004e5a0d63cd0ffa65f21554f171fd4ed983bc714648e6013014ad3bf4c1,896321,193725.0,766.0,0.003954,2,2,382
2025-05-11 22:58:45,d0f669a1b553638eed7db52653c1051a7d97090ff5cafe6b16981e93be381e6c,896321,82622.0,748.0,0.009053,2,2,373
2025-05-11 22:58:45,84c550ebe9fc1fc51243ca47a3f62c22594ff84855204238a76b44c347fe8e27,896321,286315.0,748.0,0.002613,2,2,373
2025-05-11 22:58:45,0cb293f9856d49f2b82b5d62b86c807c612c2f33bade3cc30821e02a62393b91,896321,831683251.0,17836.0,2.1e-05,60,1,8893
2025-05-11 22:58:45,864a8325d587de586902911013d09a3bb74d15380cf060a05dbd5caca6b02342,896321,9358424146.0,14876.0,2e-06,50,1,7417
2025-05-11 22:58:45,90b11673ceacf1f59b326248e9c7fd037fb04c7ed572756eab552785fc492882,896321,4127236.0,690.0,0.000167,4,2,667
2025-05-11 22:58:45,1760452ad18765d5f2b96cee4525e840397cf00b829fd95a1cf7b69a86e0b1d5,896321,943072308.0,17836.0,1.9e-05,60,1,8892
2025-05-11 22:58:45,376a12d9d699952d972461ccb61899aa5969bdc9dd04af5f50b945cd4d99c92a,896321,226644803.0,13396.0,5.9e-05,45,1,6678
2025-05-11 22:58:45,8dc7b02f47d88329c16f76be309ef47dbe208c988f54b47141482ecf59185a08,896321,94006170.0,660.0,7e-06,2,2,710
2025-05-11 22:58:45,17c9ca1c8fa95a13caef5c21fd1a4270400439f752ea0a452e7dbcb80219f2bb,896321,123182125.0,658.0,5e-06,3,4,539
2025-05-11 22:58:45,a132b4689d86378ec6734f0b0164cb15dd464bd73a0b5c0bc9e975c8ccdd43ff,896321,549321.0,654.0,0.001191,2,3,707
2025-05-11 22:58:45,4dbf5da878607ba955d0ba38e6fd38d62d33390af1e3e3ebfa181fa1e890fb59,896321,2534920.0,961.0,0.000379,6,2,962
2025-05-11 22:58:45,d9ec556b39ca1cf80483d79c6bf38dd3cecdfe62fb04cb6a7463f6614ee610e7,896321,1309778303.0,17836.0,1.4e-05,60,1,8890
2025-05-11 22:58:45,7c638eaef16faee037568c6f8ddd343c475d8e1bc865c86b1c6dcaf737eb4c15,896321,1685288886.0,17836.0,1.1e-05,60,1,8890
2025-05-11 22:58:45,801ef29f936607927809f1c6ad438b0d2d85e855ad451afeee157027ab215690,896321,851912367.0,17836.0,2.1e-05,60,1,8889
2025-05-11 22:58:45,1074c62f18555f15079f12c10b7e18997b24eb6e865c306293c95a43ec59858f,896321,5966299.0,1764.0,0.000296,3,17,1449
2025-05-11 22:58:45,e5b8ce3ca7b84900c299b416208983a4a2e0491d36abdc9d3c199af0d335a4f5,896321,1115001.0,578.0,0.000518,2,3,419
2025-05-11 22:58:45,bb61098d46f030fbe22bbdf67dba0c7cb2a94d24cadc04c81f3b916be4e72904,896321,464067937.0,287.0,1e-06,1,2,224
2025-05-11 22:58:45,d52c1a7dfe71ea5c0a35ab3704fb077f2b79ebf1ece35725416588064e85ef1b,896321,2286850.0,570.0,0.000249,1,2,284
2025-05-11 22:58:45,51c97c1b720d94f2aa026822729d3e290d2bb0c1468e033da46e5d8de0b3adff,896321,2287420.0,570.0,0.000249,1,2,284
2025-05-11 22:58:45,0f482885c0db204c3c516eda0d780cf4e86cbef75e570955012b5b6e9021e8a6,896321,2287990.0,570.0,0.000249,1,2,284
2025-05-11 22:58:45,3a69b16f53a45053508ea5f84ede324ad0c775b5b687b29ddeccedbc447455c7,896321,2288560.0,570.0,0.000249,1,2,284
2025-05-11 22:58:45,fe0f0b3a31004651a26a09f6727fc66e5fb4d5a53ba52f7087dc1a71a6a2d8e3,896321,808735.0,283.0,0.00035,1,2,222
2025-05-11 22:58:45,fec2bc4d818d98c955ca3082a3d8d783b5ea7107fdb32f95c88db37fafea2518,896321,223886163.0,283.0,1e-06,1,2,222
2025-05-11 22:58:45,457c33c2fc837103e2a5e8f214df538b7c5b8f0e96ce81c9173adca2f17c76cc,896321,3185851.0,558.0,0.000175,3,2,521
2025-05-11 22:58:45,646da99eea1ff23ff1fee0a8f3207daff5bc86bcde93290ce827ab5fead58c59,896321,38849.0,556.0,0.014312,3,2,520
2025-05-11 22:58:45,3d03a7992ec648accd16af9a259b1d10489797bf5012572854def068d3a3d737,896321,1718199.0,556.0,0.000324,3,2,520
2025-05-11 22:58:45,47be9e24ebbd47ade4f17a83d1700669d9caa674774c0fd32e4371b26b6d8183,896321,498318.0,1648.0,0.003307,11,2,1704
2025-05-11 22:58:45,0c23af3f22643f633a5112f918e319fefbc373c456300c93cd0694075156fc01,896321,289269.0,506.0,0.001749,1,4,443
2025-05-11 22:58:45,473f4f4b1aa2af157a8e331a4a849474fbcd9cee2ad1dfef5a588e42f31abcd2,896321,33548.0,452.0,0.013473,1,2,225
2025-05-11 22:58:45,948d4cba88c711736660e61874d75f6ba0657e0c9b0acb06bb832f5ec1e2744a,896321,4690643.0,448.0,9.6e-05,1,2,223
2025-05-11 22:58:45,f6d2c2bb65ee9e181bae28ad8e26a135153569fba9878d1687bfe92be3fc7140,896321,83268.0,448.0,0.00538,1,2,223
2025-05-11 22:58:45,b1ce075a0ea0a24c37579aa73dc95e47dd1dd69a3d3fea2f662139dd58d4d314,896321,347137.0,448.0,0.001291,1,2,223
2025-05-11 22:58:45,f01e40c39e905bdfec0c14f1692bb4ec62d9eda8478723359283174e8206c6bb,896321,220282.0,446.0,0.002025,1,2,222
2025-05-11 22:58:45,b6d73645e5f1784426e5773fecf022c62e2811e649ccfa7f959ccb08a345e1ba,896321,114695.0,446.0,0.003889,1,2,222
2025-05-11 22:58:45,6940d837714f42483abb4044860658cdb8f830d8148fa1b7ce13bb9c317a07a1,896321,9139124.0,446.0,4.9e-05,1,2,222
2025-05-11 22:58:45,8a2bb416be83ea7c1ff7e855428226c788d3c94e0bc5a4399f7fdcddd317009e,896321,287106.0,446.0,0.001553,1,2,222
2025-05-11 22:58:45,7b7a37980e3bcf99b72525938a6f713fc565fb47ff5bcb49f5fd164c32399e37,896321,312703.0,446.0,0.001426,1,2,222
2025-05-11 22:58:45,24f83396daae7cb8e29be7ee24c2a0f8bb4aeb76e758d70c9151730e25300735,896321,277347.0,446.0,0.001608,2,2,384
2025-05-11 22:58:45,696ba42f799be192f624a7c6dbb6790e40c0f753758c5d9925de30c99f30bb26,896321,446431.0,446.0,0.000999,1,2,222
2025-05-11 22:58:45,f8392ffa3d6a000536e10add67a244323efaf06e31d5679ab96c898e50a0c824,896321,3755729.0,446.0,0.000119,1,2,222
2025-05-11 22:58:45,5707b3901735b405d92eb4142243040b33b02a93883f3e7fb92dd95c74c82d1a,896321,1113300329.0,442.0,0.0,1,3,412
2025-05-11 22:58:45,c091aee88e12eeee6a516fd228d6b2b47eb8eb046a21d0cd1a8ec62bff04d1b3,896321,40596.0,426.0,0.010494,2,2,374
2025-05-11 22:58:45,54b34426ab1d8b4992630f4c8e7d9e715f1511eda68b2d8ec6eb1ecb4a46f89d,896321,1271397.0,424.0,0.000333,2,2,373
2025-05-11 22:58:45,0d7742ca40666dbfe8ce26273845a12e1aef3a96d8c9826a6a54aa2e74533137,896321,309361.0,424.0,0.001371,2,2,343
2025-05-11 22:58:45,e8e2b50b6b939f12f7464152c03de41c597e15c6aaf98c378b9c0e6ab9bba9e8,896321,50837.0,422.0,0.008301,2,2,372
2025-05-11 22:58:45,b7ff77d65ddea8670d21c76991693c9fee1c586e27b7593a1a10bba312464da0,896321,513664.0,422.0,0.000822,2,2,372
2025-05-11 22:58:45,905ad91d6dbe6d79de5429ce29984b640b24eb95dce099504be36d37c8f7bb23,896321,409541.0,420.0,0.001026,2,2,372
2025-05-11 22:58:45,70ed07e44acd996a814aa283aabe47da6fe70c6a15e8714ed1be4f17a4240ef9,896321,130091.0,418.0,0.003213,2,2,370
2025-05-11 22:58:45,964a5a6ea5e0f91a6bef93f9bae293882163bed6802e6f273fbafb8cafbc4cb1,896321,102593.0,418.0,0.004074,2,2,370
2025-05-11 22:58:45,4b2250b7847770b25238c2bba9ed2a8b3a7ef6b7a359654c9c4bf88beb43e075,896321,48386.0,418.0,0.008639,2,2,370
2025-05-11 22:58:45,618afe407bb7455ba26e580dc425ab4d31d4e8603cf84462f9f01d2d45306143,896321,384605.0,418.0,0.001087,2,2,370
2025-05-11 22:58:45,1a8a041b5a92185da5086c917ddf09fc59d792e83b213ed1c1e635e691a48d6b,896321,34400530.0,408.0,1.2e-05,1,4,284
2025-05-11 22:58:45,204d0e89d6cd04d0f134f40616278a79b42295be78c89fb174eb5d06ec7076da,896321,12794056.0,12864.0,0.001005,101,2,12924
2025-05-11 22:58:45,64ffe5a3b16145616a4b13d2095ab40ca26ee1d49db18406b85a6b741b3d169a,896321,4427.0,402.0,0.090806,1,1,200
2025-05-11 22:58:45,7dbdc7ae09ea9f485da6bd601410ea9ee1ef6e1d5647a1ceae0cc6bf66cf66ab,896321,351721.0,393.0,0.001117,1,2,276
2025-05-11 22:58:45,26f05fbec022590e9a6d61f058a589ab6de6ab15870216015ddc89228ac59759,896321,352660.0,578.0,0.001639,2,3,419
2025-05-11 22:58:45,a6341363dac58bb900e535fddd64c56530525bc3e837823255cf382d3ace5c84,896321,5228585.0,386.0,7.4e-05,1,2,383
2025-05-11 22:58:45,a487275df23f8974240ac93464609af7731b2e9fc38e4740041be0736a7b68ff,896321,522230.0,380.0,0.000728,1,1,189
2025-05-11 22:58:45,84652f48bfca8b40ce60fa54f5a9c085eb487a4abb0cbc63189e82d37e106898,896321,9304419.0,380.0,4.1e-05,1,2,380
2025-05-11 22:58:45,e3cdf35fec3600d7b5dab9a5bee35e4535fb0fa8b477af43829516c6249cc300,896321,2422079.0,698.0,0.000288,4,2,670
2025-05-11 22:58:45,7aaa26b1f646a55eccec76c4df796facb66fd5a0bbe03b611eef3379bc271731,896321,2500.0,346.0,0.1384,1,1,405
2025-05-11 22:58:45,a0833dc744fca02440216ea15ecc0af6c05ea8dab5f2619b478143364108881e,896321,5000.0,346.0,0.0692,1,1,406
2025-05-11 22:58:45,14805c67a9bc586cf39c616d117d526bbe267fe57c95ca8c89fff722aeddd815,896321,237267912.0,346.0,1e-06,1,3,253
2025-05-11 22:58:45,4af10a943bc99d2bf807dc8838218199b8773dcb9664484ac5695c0eb233f012,896321,2500.0,346.0,0.1384,1,1,405
2025-05-11 22:58:45,1d83e3620a7e42ab9a5533062bcbeaa6aa3c65a5bb0623d72a1fecf150336573,896321,454444.0,332.0,0.000731,1,2,246
2025-05-11 22:58:45,e2a4539fbcfc692c99d9dd723e4c686a7bf33bc3f10ffd48b1af96ff68061602,896321,157523.0,332.0,0.002108,1,2,247
2025-05-11 22:58:45,4918f02e9f129e06bef2e1d977a3756f3c848f030cd3dc0575b6cd8db821b5d9,896321,470445.0,310.0,0.000659,1,2,205
2025-05-11 22:58:45,08767e1cf9cfda66555b71f997538c0e54e885d0530a047cb39ae91360aaaf37,896321,266021.0,322.0,0.00121,1,2,222
2025-05-11 22:58:45,ab34aa4a2898e7765757075d556dc2259652789f982ed29e08eefe5c0ac8f230,896321,384065.0,322.0,0.000838,1,2,223
2025-05-11 22:58:45,41ee784a33a363096a0f66792eacb0ae8d90fcfc4a76b22023a292e905fdbd1f,896321,32671339.0,322.0,1e-05,1,2,223
2025-05-11 22:58:45,e5ac90b55a5c96fcbdd3044db1275d4679e5db3af012b62e038086ba49e4431c,896321,14283.0,322.0,0.022544,1,2,223
2025-05-11 22:58:45,a9b9c0ee1bcb93002f86d9b9f40142b8e57e3fd2334b911434d4c131300a3419,896321,9680472.0,322.0,3.3e-05,1,2,222
2025-05-11 22:58:45,099ca25fb7453abf047656160b3dbefce01f9212844226580c24bf34fb556318,896321,30768.0,322.0,0.010465,1,2,223
2025-05-11 22:58:45,8f1bc168f3f98a855f2d0c7c8d67004cf17c686ee366739cd714b9f449ba5417,896321,891433.0,322.0,0.000361,1,2,223
2025-05-11 22:58:45,5357fde19206e6a80dea8f24ad53668f372026d5ed966db6320db246a94c4210,896321,43678.0,322.0,0.007372,1,2,223
2025-05-11 22:58:45,3c5dbac0cedd0e50478d29f8ae27b1d8408fc245cfa63126a4944a1780e8850c,896321,147549.0,322.0,0.002182,1,2,223
2025-05-11 22:58:45,14a0f48951eafeaf8999fe790a9fa452b478d5f9839cec6acdbf394032307f09,896321,367841.0,322.0,0.000875,1,2,222
2025-05-11 22:58:45,d5ae8ec2f8364b2e4d6c39f76161239ad837fb34780d171b55c543bf2f645208,896321,156663.0,322.0,0.002055,1,2,222
2025-05-11 22:58:45,5780187be95cd53574776c882a65c2727fdf6b9c8095f10e7998f36eb6f46f05,896321,62547.0,322.0,0.005148,1,2,222
2025-05-11 22:58:45,0366232fb15d3c1d590b8cbc56a99f293feeb348b134c664f90e25a147a13602,896321,8535551774.0,352.0,0.0,1,2,205
2025-05-11 22:58:45,873b278035241cee98d80da644bb5c18d4cb82390728977df58e5c0763cf63b0,896321,496247.0,350.0,0.000705,1,2,234
2025-05-11 22:58:45,a408389efb277c31135e45ced1e9a272e2c5f9b644283846332fc7883f726d7d,896321,546.0,387.0,0.708791,2,1,269
2025-05-11 22:58:45,a67d2d0365f3ffd76006c1c1f1d0a2556ead542f40f96f7988eee252184df765,896321,332617.0,487.0,0.001464,2,2,374
2025-05-11 22:58:45,cd11708f3729cd607732548f94b12e41b9f17a08755b67fab432251d886bc9a4,896321,1207524.0,508.0,0.000421,2,2,383
2025-05-11 22:58:45,be202349f0c47f8f651aeaa591a2e4df3850d642af10117cede491cdee99cdf3,896321,945313.0,715.0,0.000756,3,3,554
2025-05-11 22:58:45,3d9b3d31a6d54cbcf6a5024391348d0e33b4949d168642e72f5873ef5d5a72f0,896321,464271.0,352.0,0.000758,1,2,234
2025-05-11 22:58:45,2850baff4cfb1d2edd1d0a5b614728351bce21033fc8e8a1f3a36f19e6f2be0f,896321,464517.0,352.0,0.000758,1,2,234
2025-05-11 22:58:45,519c39528be9f763925ae034c89335719230e6194653917b0e25324979d24008,896321,29626324.0,325.0,1.1e-05,1,2,222
2025-05-11 22:58:45,afc5443aa8ff60ba031f355cbb836f6522591c6dff599defab4167acc3da9068,896321,29668576.0,325.0,1.1e-05,1,2,222
2025-05-11 22:58:45,56240f1cf500e0e4b1ef9dc457c7c348961af3c87a673c62093fc0a395e590ed,896321,199365.0,627.0,0.003145,2,3,434
2025-05-11 22:58:45,be17aa614b5ea5ce9ec1248356e70b2cb370b56714bfffeeb84a39a9ba581327,896321,27772846.0,1586.0,5.7e-05,4,13,1012
2025-05-11 22:58:45,d2eb9cd53f864fab3953201a9284e8d433f6ee1499d9c55e03a8e81d18158327,896321,462342.0,353.0,0.000764,1,2,234
2025-05-11 22:58:45,deedd0fe092e083b6825f62c02bfe960eacd9cf802f1bb0736f4201af242f7f6,896321,1456046.0,257.0,0.000177,1,1,193
2025-05-11 22:58:45,a45cd08a308ec7d4ccee343ec6ea9b7d42d3018e81ae231310eddc6d8faf95d3,896321,2400983.0,257.0,0.000107,1,1,192
2025-05-11 22:58:45,ba15d44b78f69153837ea3cdbc35be675b1f0d5f9617f0567bd39ce805874663,896321,1404753.0,257.0,0.000183,1,1,192
2025-05-11 22:58:45,647386576d5b2c136733187ca6380d022ce1b767d0a4782ea69be78e04cf2d22,896321,19803.0,257.0,0.012978,1,1,193
2025-05-11 22:58:45,640f765ec436ca794ad96512192f96e8b9a1b92b3744e4ce581970946227100f,896321,281926.0,257.0,0.000912,1,1,193
2025-05-11 22:58:45,abfb06305f8c75fb2d9853100f1145d7d97bf61eadac628d4dec087197663916,896321,121270754.0,328.0,3e-06,1,2,222
2025-05-11 22:58:45,b7b31ad52eef0ba17f02f1615b7a37a3b3867bd9fa46d0d94a13ce5c7f547c83,896321,18132862.0,1053.0,5.8e-05,1,10,644
2025-05-11 22:58:45,87cc1b6b9027ccf75126fd1d875142e112b0dfc753be4d99702a5462fdbe32c8,896321,23980346.0,11803.0,0.000492,50,55,8833
2025-05-11 22:58:45,f30a5a91cdf24f25ba0367029d85190f7b661da8eb23264cb53f23f02427ee80,896321,1372264.0,523.0,0.000381,1,3,415
2025-05-11 22:58:45,b8d991faf1b3935e09578ded7f7c808c53a2a7ca4bf0101cab07d836b411d8f3,896321,93377.0,257.0,0.002752,1,1,192
2025-05-11 22:58:45,63b534c8896ee58bede3d73e6ab5c00b11828f2025b9f89b1cc89c4f1cbd70f3,896321,435494.0,257.0,0.00059,1,1,191
2025-05-11 22:58:45,510903b6f498fb25607770a9b641b709c73b8075011746fa5f2e1082e5cebded,896321,1272.0,257.0,0.202044,1,1,192
2025-05-11 22:58:45,27d70d087fec8f8678d4861d0d7eb14131b4f87456be7b015bde11afa55b5ce7,896321,38178.0,257.0,0.006732,1,1,191
2025-05-11 22:58:45,0161cc3e9cf66c12ad833b3006847ee9203480a5909ed8fd8ac970b4cd2d31e7,896321,28000.0,257.0,0.009179,1,1,191
2025-05-11 22:58:45,dc7b6c8301e6d7ec52c9e40e5f5fb90854744c2c546d3fd6f2de9cbbf0bf68e3,896321,1408850.0,257.0,0.000182,1,1,192
2025-05-11 22:58:45,04d6191c40c0cddd5112a33a1ffb88fabf7972afb4fd215b30a70ad3c45f81dd,896321,1863.0,257.0,0.13795,1,1,191
2025-05-11 22:58:45,5ab6c065fe2bf179e3daaf13341ee90e770b32dbd4e03d40193702f82cc1b4dc,896321,397905.0,257.0,0.000646,1,1,192
2025-05-11 22:58:45,516b7c4f08e12d1263dcea09c3101317bc4ef95e3a50bf15344e3ca08d968dd7,896321,26808.0,257.0,0.009587,1,1,191
2025-05-11 22:58:45,91f1f6fc30c3215269f59a5eff8d050866932157270503649d6869b7e4dff2ca,896321,960743.0,257.0,0.000268,1,1,191
2025-05-11 22:58:45,8e9921812411192551552091756c499f9858d5fe5d1434882d15f4e716bd4ec4,896321,8838.0,257.0,0.029079,1,1,191
2025-05-11 22:58:45,4f6724f0fbbd569efbbe4acedf0e3913a74620d9194636ceafd7997d67b9fdbf,896321,719889.0,257.0,0.000357,1,1,192
2025-05-11 22:58:45,fa844e28e8b552707a8b47916c4a29c5b1f9bb565af8302e454cb9830e3e10b8,896321,35882.0,257.0,0.007162,1,1,191
2025-05-11 22:58:45,02daa340e1abaedd3fbed1758551d66208be165bc82c75b26e75e868394326b2,896321,200743.0,257.0,0.00128,1,1,191
2025-05-11 22:58:45,2483ac4b5149bf6b1470bb3504ee37f37c9f8c246d9060b16b68e45d992d8aa5,896321,92182.0,257.0,0.002788,1,1,191
2025-05-11 22:58:45,ff6c7abb39b0009fd0c6ebd47228af7a576a91133cfcfd94d595375bff3ca5a4,896321,128078.0,257.0,0.002007,1,1,192
2025-05-11 22:58:45,ca74f0912854e564eacf8dbb63931a3dfde00b4e586d7df4159276b387c0929c,896321,2416.0,257.0,0.106374,1,1,191
2025-05-11 22:58:45,89025faeaac9e65b9bb402dfb2feab19de7971c276259eb579e461218852719a,896321,29791.0,257.0,0.008627,1,1,192
2025-05-11 22:58:45,33af2ac1a8fca73febef0121c7178d05f16d094098ab1924b45fd3c0beccc397,896321,438743.0,257.0,0.000586,1,1,191
2025-05-11 22:58:45,fcad6f43593142c7d103b71e8170c71029579091684c09a9fd5a3e45be985890,896321,10610.0,257.0,0.024222,1,1,191
2025-05-11 22:58:45,bd36f96cb6e1822f6fb448749b478a27ec8d0110b7a7815520bc8854dee1fe89,896321,3757204.0,257.0,6.8e-05,1,1,191
2025-05-11 22:58:45,4161774107bd0c9c308d51e99fcb2a2d336cc8f5fa3d0ac994e52421dfda047a,896321,1544.0,257.0,0.166451,1,1,192
2025-05-11 22:58:45,34f5e6fa088a4569c3fe8cb8f70124a5f1016fdf07569f1d2e497833ed8b566c,896321,288175.0,257.0,0.000892,1,1,191
2025-05-11 22:58:45,0e25cf486649de0e93dabfd8b5e7c5c3b2cc43c949291b144685df0ef1fbe567,896321,154607.0,257.0,0.001662,1,1,191
2025-05-11 22:58:45,4dfb34a59d3b3e5465fcce8e50a1c38d7cde73bf3caa4682630998bbbc75095b,896321,238523.0,257.0,0.001077,1,1,192
2025-05-11 22:58:45,29a0acd176cd64bf91b4a79b227879f56968ac72e2eba945ceb657fc94987853,896321,138543.0,257.0,0.001855,1,1,191
2025-05-11 22:58:45,6e40edfff603e149c3ec3e5b96cc7c72ed48c5965e978b4b12bcc76ca3b66f52,896321,575739.0,257.0,0.000446,1,1,191
2025-05-11 22:58:45,a591efc518889cf1f73e4a0ddcf034ed16e71fb6516185b1fdc123d0c38df94e,896321,57615.0,257.0,0.004461,1,1,191
2025-05-11 22:58:45,b0b1206fbdb24e330619661c9c5307ba81ab6a71cb7222fb8de6f5cde01b8449,896321,48743.0,257.0,0.005273,1,1,192
2025-05-11 22:58:45,79b01aa0233b6d5febcadba2f208c6f6e45d2d82e675a1ad73bee7a70fca7d42,896321,1124305.0,257.0,0.000229,1,1,192
2025-05-11 22:58:45,39d5371a48273b6288d29cb0db8c9d2454da03a6b9ed0099d2bac05f7470843c,896321,40361650.0,514.0,1.3e-05,1,3,411
2025-05-11 22:58:45,19bf77f4582d9b4ba0a73aca5632f92f98beca2c7efa43edec5b387f89642a3c,896321,239997.0,257.0,0.001071,1,1,191
2025-05-11 22:58:45,088bfd251ca943f2e187c119064654424a9d7048f7d2d178fc9045637c8e8b28,896321,117819.0,257.0,0.002181,1,1,191
2025-05-11 22:58:45,0579032f8be94d18e4fe5ef9a7842f49c8ec74d1a00599f4a125fb75f672aa1e,896321,1066360.0,444.0,0.000416,1,2,382
2025-05-11 22:58:45,3a4b47da1925055f2d1c9306f81da5a45e5cb6b61e5234cc759efceffbd3fae3,896321,1538729278.0,470.0,0.0,1,2,392
2025-05-11 22:58:45,5abc51f594b811b597a900a7fea8f66c6e1838e72ef9f0fdf4d867c337b1f4d2,896321,46648886.0,470.0,1e-05,1,2,392
2025-05-11 22:58:45,b00acb32bff492ced870be24edaaf9dc54882e0e8637f1924248ba282e5f62e0,896321,1429320774.0,442.0,0.0,1,2,381
2025-05-11 22:58:45,15336ee3730db92c2486074380bf34e7bd509b53b538347b18fbde1324148999,896321,135141.0,442.0,0.003271,1,2,379
2025-05-11 22:58:45,56552dc6543fb0fd5fd9fbd8aab92a1cc7d48768f5c2b5721e9968b1cfc52a88,896321,36426925.0,442.0,1.2e-05,1,2,380
2025-05-11 22:58:45,ff6399db26aea25c6b8ca419d31188959b0d9165f615563138b8b25fd48f176d,896321,3115542.0,442.0,0.000142,1,2,379
2025-05-11 22:58:45,9d30c7d3c8af1ea46a954f87631b16bacc18d6cd167fcb004b8a8e7bb6171455,896321,4661570.0,442.0,9.5e-05,1,2,380
2025-05-11 22:58:45,8b5f0513948721a3a4c4973e9a352e0584e2a2e6c4313ce0f8c90f86e5861f9c,896321,2302127.0,693.0,0.000301,2,2,676
2025-05-11 22:58:45,f1cd6c53041c60b76ae5d363eee2582742592f3d4d08be615eb424ac3dabea51,896321,20409.0,641.0,0.031408,2,2,466
2025-05-11 22:58:45,bea598953edb83a4f958e75e116ef02a93407d8733dd7457ad27c7c8070718e2,896321,562356.0,310.0,0.000551,1,2,205
2025-05-11 22:58:45,500cb9d2469b3cbcba9a55409d2446ebec5220fc5f7f8faa142f19e9f66b5df3,896321,106019.0,257.0,0.002424,1,1,190
2025-05-11 22:58:45,5fd73e8873d2d6d91fbdcafee21df6ede6cdaa2ba8ccdd19acb933696353de61,896321,28523.0,448.0,0.015707,1,1,190
2025-05-11 22:58:45,c2c24ff7b8dfddfb4d3186cba5fcfc409f1018543f0a2166a06255eb2f6b345f,896321,60615.0,790.0,0.013033,2,1,335
2025-05-11 22:58:45,d4cee72124005030a036cea68cd29cf91f6f1666b42a5f8cee698e95259b985b,896321,244777225.0,504.0,2e-06,1,2,404
2025-05-11 22:58:45,8013df5ff373e6e3328ffd36063562b827369a38339ac83b9f5a19a82872e382,896321,237524.0,235.0,0.000989,1,1,150
2025-05-11 22:58:45,87ecf98ac3fac5dc349a72a2d72cc9e79b0f7f0f0d9ce57891a6614280bcf206,896321,37584.0,805.0,0.021419,2,1,339
2025-05-11 22:58:45,1e9234a299a2eb3b2005a819999d405d1f3f0ed319768a82250da9fbe7f25aeb,896321,3887871.0,508.0,0.000131,1,2,223
2025-05-11 22:58:45,0262fe281a360cd0da6e70d28f564c3ff8ade674e6d29167ba14b2f1f6c6b8d7,896321,3926961.0,367.0,9.3e-05,1,2,235
2025-05-11 22:58:45,e88e0a762953e99e180a71fd0ed8c016f5ceb80928f22e82f0e0f6e8abe42ccb,896321,3937385.0,338.0,8.6e-05,1,2,223
2025-05-11 22:58:45,aebbbcb8bca7867466b82aec382f2dcd8947847ca3488ed4ae6c2d726969b861,896321,3956963.0,184.0,4.7e-05,1,2,234
2025-05-11 22:58:45,6f9129b316f5f84898d193cd4102451d8f64c9bc5605204452be6f97369181d2,896321,237221.0,856.0,0.003608,2,2,302
2025-05-11 22:58:45,01fa833fbe80d749ae0f647e088e2149a04d2a038b9f6998b44bde6c1033ccc2,896321,235367.0,224.0,0.000952,1,1,406
2025-05-11 22:58:45,e35a370a7809de50cdc6dd26e9e37519d2e3c826470b4fccb77dd6d90f79b47c,896321,1466908.0,178.0,0.000121,1,2,234
2025-05-11 22:58:45,e7d91292e516872edb8a62d62c179fdb07ad18ec368dc181817c0d268e4921e5,896321,4407066887.0,338.0,0.0,1,2,223
2025-05-11 22:58:45,3c095da808cba2fc8b9fdb8853e0c4e9136ca53fce29ad504c648267a293592d,896321,1104376.0,338.0,0.000306,1,2,222
2025-05-11 22:58:45,35124f7ef6751b2e17c80f82694fb264cf9dc8f4d79bfb822ac2f85309e79790,896321,15159307.0,619.0,4.1e-05,1,3,253
2025-05-11 22:58:45,db482bd0d80eed58387dec9475c4f548e1517c3ad725916736a9e5b267d6d8bf,896321,15242212.0,206.0,1.4e-05,1,3,254
2025-05-11 22:58:45,1f4aeedc468d8b63c52576f90425c92b582cd7e041f901263cc8037c3fd60492,896321,140891179.0,1255.0,9e-06,1,14,604
2025-05-11 22:58:45,a4c80bc22dd41a61d675907c08cf82fec6b4a022650d231f290aeb1884bc1ad3,896321,5618393368.0,1188.0,0.0,1,13,576
2025-05-11 22:58:45,5623d4aba23354d0bdb3eff908f893c5ea7f91e83fd45dcfbe6fc3587064a370,896321,6289398952.0,1092.0,0.0,1,12,536
2025-05-11 22:58:45,3eb890c6b56bfc9fb50268c21cf42b7a054cfbedb65b8bb0f708b26b95f3a7cd,896321,448173.0,669.0,0.001493,1,2,223
2025-05-11 22:58:45,d5ead054ca6b17ea20e2edf9f0a32d50657dd4751c7e0426d0c0534569a772a4,896321,30464589.0,508.0,1.7e-05,1,2,223
2025-05-11 15:49:37,441f0fa5b671b330adf5171edb0ac2615190580d2be91d7ed1cc51c46ebdf687,896276,1394518.0,555.0,0.000398,3,2,519
2025-05-11 15:49:37,5e5ac98014043c84f52395056f75d5c648d7fe93ad1dce329a6e8b6830fcd564,896276,1141143.0,555.0,0.000486,3,2,519
2025-05-11 15:49:37,ef15f5f878014b9c709b61a1d904131d33d3ca8421b1ed1ad0b1a608d4215759,896276,1953518.0,553.0,0.000283,3,2,518
2025-05-11 15:49:37,0f344d9be3c12848e615de7e79197b625b029863124055367552d840be2f6344,896276,1118108.0,553.0,0.000495,3,2,518
2025-05-11 15:49:37,3131a9f7dd4fbe38014dcfe173798c140a9b16b27e1a1491ad5bb0e8ddfc6533,896276,4140165.0,553.0,0.000134,3,2,518
2025-05-11 15:49:37,188ac13f6334e7a939c5f3b7a3b884ecc37b5b170ede3ea17702fc9e8d917dde,896276,1017512.0,441.0,0.000433,2,2,382
2025-05-11 15:49:37,48dff2a79f9618fa8c6d3e5d68eaae06be7037ac091e3f35e7ce9d96cc8f3c11,896276,1011800.0,441.0,0.000436,2,2,382
2025-05-11 15:49:37,05720c5831679f54f31851f562bc70d3a807282b4ef2d764d6db1129dc1f6ef2,896276,1023016.0,423.0,0.000413,2,2,373
2025-05-11 15:49:37,85be18e042b1d3ad251b78a5a6b4a72abf88e46cdb29d77779804a9155e308e8,896276,1057485.0,423.0,0.0004,2,2,373
2025-05-11 15:49:37,2299e2117fc2db1090ecfdd051ae13df4e3ccc893153280b457aad58a9d725d7,896276,1065916.0,423.0,0.000397,2,2,373
2025-05-11 15:49:37,d062a224d3e55b47454797e4ec93d9c7b1d964fdc195173239db61e51e87c897,896276,1054560.0,423.0,0.000401,2,2,373
2025-05-11 15:49:37,69fae765ad7cc74f732ff43fc9aea8ad85ce9b90eaed301fa94787e93f0dee7a,896276,1014141.0,423.0,0.000417,2,2,373
2025-05-11 15:49:37,01400a5581552a04ebfc224c92a698725439a5a317050137b9dca11f81e65c18,896276,1018176.0,423.0,0.000415,2,2,373
2025-05-11 15:49:37,8f5a6c275f17f3269860dbfb8f623c5c9690fa2e7d2fd838c698dd5127a831d6,896276,1053370.0,419.0,0.000398,2,2,371
2025-05-11 15:49:37,c357b7ea1a7c91e7195a5e2e892b932c336c9e8227d9d603988e81afe5f8a1ef,896276,1006120.0,417.0,0.000414,2,2,370
2025-05-11 15:49:37,bdfeb80fea1377deab7a4e3806aeba9d07d96cf98d881d023a843f787e60afed,896276,1031981.0,417.0,0.000404,2,2,370
2025-05-11 15:49:37,dc4c88343e582e1495bed9430d675fca3972c6eb98a066ab6ae7fad809a293c5,896276,1004572.0,417.0,0.000415,2,2,370
2025-05-11 15:49:37,645a8a2ac597cd311090f85c056a321d36cd72e58aae35f28ae53f7849792661,896276,2136070.0,1632.0,0.000764,5,2,814
2025-05-11 15:49:37,328b0dded627fdcef0216bab61d382e0bc83559ad382489a9793ac4c3145faa7,896276,1007480.0,1913.0,0.001899,13,2,1998
2025-05-11 15:49:37,85155bdda2fd8334a0c17a68c37cbe47964a5b29e4cd44c4b6d07d2637bf5f0e,896276,1966.0,764.0,0.388606,5,1,785
2025-05-11 15:49:37,e53c8e6b18d9604e473352ebd5abafb0876600542c8a5e1f49a9c0f5ab388cc9,896276,54493.0,748.0,0.013727,2,2,373
2025-05-11 15:49:37,70447cea426cd82387508910e645307a29c271f74bd33ffe734411a10c5a1f90,896276,142358.0,748.0,0.005254,2,2,373
2025-05-11 15:49:37,b6a82461f2ba8e81b354298e02e2c4f9ae0af2deb74aeb6ea790d757699e82de,896276,2525148.0,1103.0,0.000437,7,2,1113
2025-05-11 15:49:37,eeb2e8a564f12f906f9ef8b874342dc9d828285651b338b4b235ceb015e4c338,896276,876533.0,714.0,0.000815,4,2,678
2025-05-11 15:49:37,fe36278ce011e7b81fc99beadba7a9737913e49c2ade185560a2e319d23ba3de,896276,1043625.0,696.0,0.000667,4,2,669
2025-05-11 15:49:37,63457076c79d649eb73ba6430176dec8743d22e9e20cb5453a853c48e692c1de,896276,1143084.0,690.0,0.000604,4,2,666
2025-05-11 15:49:37,2d78b786b86422a89c50eae345e4113e9e105caa974fc232468e9dbbd1fe18c8,896276,1315715.0,690.0,0.000524,4,2,666
2025-05-11 15:49:37,8b112e93e21f773cf0d7fc04fd2944996eeac2b4623c71e527e127841e9a3fd2,896276,113330.0,961.0,0.00848,6,2,962
2025-05-11 15:49:37,9b7b13fe28a557c8f000161cf3fa365f3d48022e4f394be36f20945cbe5176b0,896276,2335870.0,570.0,0.000244,1,2,284
2025-05-11 15:49:37,6f81b404022b8d31cec21e12363d296cba757a982cce10adb0cb432de272b846,896276,2336440.0,570.0,0.000244,1,2,284
2025-05-11 15:49:37,be2ac204f41f3744c490219150f4dcf387e2fbdd6869ccbb66ffdee3f8030c65,896276,2337010.0,570.0,0.000244,1,2,284
2025-05-11 15:49:37,17dee93bb86b43d5441bc4cf34aef822ace2d380755534db9c4afdbcb2558861,896276,115856.0,562.0,0.004851,3,2,523
2025-05-11 15:49:37,090fd66a0a6400eadae9d4fdbedda4f7242a2219fc526ae4585db6b78254dc77,896276,1585359.0,1044.0,0.000659,3,2,520
2025-05-11 15:49:37,191d75c9ac0628d7a4b5cae640435ebcfa17c97ef5ef0ecedfbce042312a46d5,896276,517261.0,516.0,0.000998,2,2,419
2025-05-11 15:49:37,ab22db55bbcda6ba22638bcb154f8b342393fbe6a04cb52c0333bebcb850ea79,896276,344077.0,470.0,0.001366,1,2,234
2025-05-11 15:49:37,a298cf4d91b773c8778f813b25ea86718636e149f603441199423e9be13c1c6a,896276,742905.0,470.0,0.000633,1,2,234
2025-05-11 15:49:37,ef99e1e81b6f0869ef71d9c8aadb16fa3d0e46838592ccc32f462adbb92dd4ec,896276,22776.0,452.0,0.019845,1,2,225
2025-05-11 15:49:37,19f31569e582f3a35919d41567e4d0adea0119c86df151157ad5e90a5cfd50aa,896276,23544.0,452.0,0.019198,1,2,225
2025-05-11 15:49:37,d03cec9b8e86b9a8bc0db5acd88400b65678c0c5b33b2c01004e26462182f788,896276,27738.0,452.0,0.016295,2,1,388
2025-05-11 15:49:37,71d5821dbecdddea6f7b09b1e9e3834cec8cc4ce5c8e8925255e5c9561483923,896276,1369081.0,452.0,0.00033,1,2,225
2025-05-11 15:49:37,100b7a465b37331c97010a4c32a2005e2638da9483ddcad4822909d9fb2d5105,896276,454547.0,452.0,0.000994,1,2,225
2025-05-11 15:49:37,7a846d570acb3cf1db0abc3c8a3914447be6a3af21709e71b3309f46e02c8217,896276,777200.0,1340.0,0.001724,4,2,667
2025-05-11 15:49:37,7140df6f3144a9bb7e2133547290de2a81468ef6c58721ec7aa0aee7b61df8d9,896276,483021.0,446.0,0.000923,1,2,222
2025-05-11 15:49:37,e8116c6e1e2e5ba5c3f5518ec81ca087576bc1a0d5019cf691429fbdc3fbc2c2,896276,1322109.0,446.0,0.000337,1,2,222
2025-05-11 15:49:37,86257e9483c740d5efb4e5bb5b94753b0448d523a322aae2ea82e0f0142e9aaa,896276,123774.0,446.0,0.003603,1,2,222
2025-05-11 15:49:37,57f28dafab2df6e47d5dc8aadd402d662e1f8754423bdcea38bfd205cb57028f,896276,1512854.0,446.0,0.000295,1,2,222
2025-05-11 15:49:37,55f29f3dbbc29ee1d8fc928a4f72749b682772a4ffab23b89f21600344ec5262,896276,704940.0,446.0,0.000633,1,2,222
2025-05-11 15:49:37,1302a96f0dcf60637145a42e64e3173be9b4c991ce53c3823ba2ea7ff95cb922,896276,176168.0,446.0,0.002532,1,2,222
2025-05-11 15:49:37,ae55af09850fd37878d863c5a3062a709bba12840c23a0441b9300104e2c2026,896276,89241.0,221.0,0.002476,1,1,192
2025-05-11 15:49:37,e565ee752bf35779b64997c5d10a6df6d1f886a89b27ad7b88370d2b56eac521,896276,113744423.0,442.0,4e-06,1,3,410
2025-05-11 15:49:37,b02c10eca9e3aef1761cda6f4ed65d72499d77cd09178a43639b86b866474d70,896276,220134701.0,426.0,2e-06,2,2,375
2025-05-11 15:49:37,70c54f550f85f2e07cc7c102a39f3ef01a2a74f4d4ed22678c3a157050774852,896276,373555.0,424.0,0.001135,2,2,342
2025-05-11 15:49:37,9136e1f67b6e0190b5536e8992479b425852c9145f0f563316447c70795c05e6,896276,1432998.0,1176.0,0.000821,8,1,1231
2025-05-11 15:49:37,85d060fc929cc2d358ce07c02349d3108393a31b68d0d03e0ef17e3b27690735,896276,899616.0,384.0,0.000427,1,1,191
2025-05-11 15:49:37,8c2ca1c1ddc15c5c042e2e21342aacf90b21d0ad090a41658132353919e8cb12,896276,1044603.0,380.0,0.000364,1,2,381
2025-05-11 15:49:37,96738ac156d795df4a64196fe2364994c790aeab789cadbc274a9b55e6d1d81a,896276,54256.0,744.0,0.013713,2,2,370
2025-05-11 15:49:37,17b0cefddaeb57bbc3f86bbd65be54deac7218bcd15f5cc4254c9c37edea47b0,896276,887269.0,362.0,0.000408,2,1,342
2025-05-11 15:49:37,8ad23839e5e1d3fc05716ef057c9de3f3b771a6fd5628a7f8db28c1de21327d3,896276,2810512.0,360.0,0.000128,2,1,342
2025-05-11 15:49:37,07acd4b92ec4598897213957b07e020b5a55b6028fe84e5382ede06647ba23ee,896276,28984.0,358.0,0.012352,2,1,340
2025-05-11 15:49:37,81263e35fbe6406cdbe59548c2106888f5a5991e2a5f1acf3c526c217e23e251,896276,9001468.0,1044.0,0.000116,3,2,519
2025-05-11 15:49:37,aa1833df5b585162562665e9302796e50288517ca5c2bdeaca75c935bd105813,896276,50547.0,1044.0,0.020654,3,2,519
2025-05-11 15:49:37,3b0abef2359e57a674313e21ce51582b8ced1a3adbc6ae7caff1f099694776c5,896276,1046805.0,310.0,0.000296,1,2,205
2025-05-11 15:49:37,9e81689a09e880e83019e19d28a2b9f1ef7d6eb6cce5939cc2e0a2198dfcfb5b,896276,72245985.0,449.0,6e-06,1,2,223
2025-05-11 15:49:37,6b293b7c8d241ef581781ab771850fd57b4c0df8ce821ad91bd0305404981d9f,896276,962498.0,292.0,0.000303,1,2,196
2025-05-11 15:49:37,f7474b319c5aa1cc2d71c4e43171296013deeaf24d841c12b46a5df1733225b1,896276,19064502.0,286.0,1.5e-05,1,2,193
2025-05-11 15:49:37,4575c153fe09c247dc70f13693eda67d61f991797351cb6b4aaa61bb6cee14ab,896276,199036.0,286.0,0.001437,1,2,193
2025-05-11 15:49:37,0c9b0dd0b7abce9f6cbfd87e17d64128121f328c2f2db856db48ced4a01e5f1f,896276,647090.0,286.0,0.000442,1,2,193
2025-05-11 15:49:37,a12f17a85b6b05755f30ad40f26a9c8d59e7b8bec6402a44eac715dd9f13e950,896276,271886.0,284.0,0.001045,1,2,223
2025-05-11 15:49:37,be3350af4b3b32e61913668dc06d11e467b0d9d8a04467cba497009ba3dc6f07,896276,6673.0,284.0,0.04256,1,2,222
2025-05-11 15:49:37,8a3143034ad2d3b774c2c5de5235217372d14b08ab03b5638ebca23cf1a6a107,896276,2472.0,804.0,0.325243,6,1,697
2025-05-11 15:49:37,10ae044f174492894f7ba1e125503460f7ba393a502e12f5eab04c361a756514,896276,3332.0,1036.0,0.310924,8,1,911
2025-05-11 15:49:37,fddc888766cbbef134c7b4a1d6fbb9ca8e7f1382688c2e6da93c668f71fb84f9,896276,11392.0,1500.0,0.131671,12,1,1339
2025-05-11 15:49:37,36dd53011561fb7294638242e0aad2383b40c813347721cdac7e2cc6374cea57,896276,21392.0,5908.0,0.276178,50,1,5405
2025-05-11 15:49:37,2f35756cc481832aa99705988b830a73322dc1dff1bdff0cf0df5c56f715cfe8,896276,20102.0,5560.0,0.276589,47,1,5084
2025-05-11 15:49:37,8d3585dc4676d8a15ecef6af950833302547cc5e989342c228438b7ee3eff1f6,896276,1876.0,688.0,0.366738,5,1,590
2025-05-11 15:49:37,b8db6f51343a967cf53b876db19765d1baacbc911360ea3ac8ea7aeacdf6bda1,896276,908851.0,456.0,0.000502,3,1,376
2025-05-11 15:49:37,338c3b9fe576c66067cb9201a0669e69f67b4318dc36e2c4f8cc3499956d9ed8,896276,318548.0,452.0,0.001419,1,2,224
2025-05-11 15:49:37,8ae199d1a352512b7ccebf7d7bea24fde5f62ea1e99c65c667c7e65a431fbaeb,896276,225221.0,222.0,0.000986,1,1,191
2025-05-11 15:49:37,28611ed3036b127dd4cec6b70e334934c08d4f3f97d961a73f0ba856ea4f26f0,896276,1438506.0,380.0,0.000264,1,1,188
2025-05-11 15:49:37,dc46586c7a213749aa355d172daf6fe09356720e868016b223400e252bd3ef96,896276,82569608.0,449.0,5e-06,1,2,222
2025-05-11 15:49:37,bc4eecfd099d76b98b5ec101cd868e535c799403e860021936a2dc4fc63b5db8,896276,982039.0,358.0,0.000365,2,1,339
2025-05-11 15:49:37,333e2114df9b63207f8eea13b56e489e18a2ea88d6d162deb5d96ffaf1a9f281,896276,3099688.0,312.0,0.000101,1,2,205
2025-05-11 15:49:37,b6bce9cec2cda295344c81b2e760e1fef5d504d17dd5b417e6a2ef56eef4cc34,896276,279783.0,452.0,0.001616,1,2,223
2025-05-11 15:49:37,2d7aca5c0a21c4672de50b2409033aa450927a401b0fe8d5ffd0c971b0695708,896276,45067.0,452.0,0.01003,1,2,223
2025-05-11 15:49:37,a0a61f37a1c45010d9b49caaee733d5d3d3c48ffbe870720267b35c849f447f6,896276,67368.0,292.0,0.004334,1,2,225
2025-05-11 15:49:37,03430b01b56869811aa505dc057d464afb44d3c40a899b4f34766069bfa3ad68,896276,1282247.0,288.0,0.000225,1,2,223
2025-05-11 15:49:37,51085feeeda99f76ac4ce3c849dda5045a760ff056725ccab0c1ae523f08676d,896276,177015.0,460.0,0.002599,2,2,326
2025-05-11 15:49:37,2f7b8ac80d432c70823760e0c734aa2733337137864f9f8db46a9c418750fb56,896276,44863.0,564.0,0.012572,3,2,520
2025-05-11 15:49:37,5be654a247a6608873be41b2eb3ab7ac794b9df63e38ea682564b8320f31bd0a,896276,150000.0,505.0,0.003367,3,1,490
2025-05-11 15:49:37,89039eef01759b6cd2995ed1d7676e498d6948c1f754ff915f4957338ba8e63b,896276,158810.0,428.0,0.002695,2,2,373
2025-05-11 15:49:37,b54677cf624b0ba9eb4a4fbf82c3c18254b319c6a58200a431f8e47e66c17b41,896276,163775.0,840.0,0.005129,5,2,817
2025-05-11 15:49:37,562b8ec6480180a6ad156992aad598a0161a9c07c221779d77b2fccedc3574bb,896276,55547.0,365.0,0.006571,2,1,341
2025-05-11 15:49:37,6a2f245f00ddeb410facf9bae09d5df81e0be27ec06a9af8bba27a3d4c9d2e24,896276,2173193.0,294.0,0.000135,1,2,226
2025-05-11 15:49:37,12ab70a1f3581870f68e914222b1fcd0706cd4ac2e15369b0a491eddd2796cb4,896276,113457.0,290.0,0.002556,1,2,223
2025-05-11 15:49:37,d86f399781189d9bff3b55771add3929f7a09972ea04eb7bb86fab2abbd51b7f,896276,177747.0,290.0,0.001632,1,2,224
2025-05-11 15:49:37,e376e0ef1a209030b0e0a6671bd467daef9d78b84681e35ec0c3a8c18ce32e5b,896276,29589174.0,290.0,1e-05,1,2,223
2025-05-11 15:49:37,bb192dba927b2a8327ff12cab7314bd1b07fda88dab3cb413c074e24496cac48,896276,217865.0,290.0,0.001331,1,2,223
2025-05-11 15:49:37,a68e15dde1a83f2a0340a0d1df6b769cd7fd72513034e326854489ac28cff341,896276,43700.0,290.0,0.006636,1,2,223
2025-05-11 15:49:37,5cc8d4b80d0761f6b7af7938ea6e03ae25c995c26f42b0deaa658a22b3bf6b8f,896276,382957.0,915.0,0.002389,6,1,931
2025-05-11 15:49:37,d504288e1d2dc75f41d989d1bc6d34aced5c455672726a8c511ae1657a61c0fb,896276,331492.0,288.0,0.000869,1,2,222
2025-05-11 17:23:59,10c0ef277d3f77880a4de9cf90ab06a8ab8cd84b83d7568d713297e844fea169,896285,278894.0,154.0,0.000552,1,2,205
2025-05-11 17:23:59,6cbcff3304390c949fa57ba714c9929bbd42b7278112bc8b3baa64046f348310,896285,330.0,139.0,0.421212,1,1,307
2025-05-11 17:23:59,d25d4e9d2b891518bb8eda99c3f2df9a35a5ca892af9f3317bb1d45b0da266e7,896285,11889.0,1346.0,0.113214,4,25,1670
2025-05-11 17:23:59,425fd1fb63f9766f7c4a4373ee443f48268c724c680753d5080fc5dfc4520510,896285,351.0,129.0,0.367521,1,1,269
2025-05-11 17:23:59,7f09fa9067fc2e78800b8cbe0ca968d33ce13385011bb2bd92ac6fbf2b83e50f,896285,330.0,152.0,0.460606,1,1,323
2025-05-11 17:23:59,39c803a699990307949ead043e3a2f627cdcaba832ffcb7b3f94d98d4ee8bc0f,896285,330.0,152.0,0.460606,1,1,323
2025-05-11 17:23:59,f2000b50047623e37539fcc358df566718f8287b326d1b8a11e3158cb1f0a10f,896285,1731543.0,173.0,0.0001,1,3,255
2025-05-11 17:23:59,e9f1bd939ecd3801f0ab24657581000996e63a942d41b51d4935daf52c0c920f,896285,33481.0,217.0,0.006481,1,3,298
2025-05-11 17:23:59,9b65254b1ce16c2ae244cf5a8fb39b97f3d6db6c10f73cefc4a5f91cb08d870f,896285,330.0,152.0,0.460606,1,1,323
2025-05-11 17:23:59,3b76d6ab840f99075a27b2c0fd8ea07b0c10a8391b4efb87fd89c012613107b5,896285,192221.0,2691.0,0.014,1,61,2742
2025-05-11 17:23:59,d6d0b92257f3e766c3dd85763093fdc9f099ca5fc3f928fc4f12a442e1154a0f,896285,330.0,152.0,0.460606,1,1,323
2025-05-11 17:23:59,fbd101353efb10000fb9b895a8b526e53ffe3816a3e5e82e8b74b9775113410f,896285,330.0,152.0,0.460606,1,1,323
2025-05-11 17:23:59,3337dc87a227e04c996d3ac8ca0261493c38e9c115c1dc9da336b3b34e6e0c0f,896285,35371.0,154.0,0.004354,1,2,205
2025-05-11 17:23:59,947009dea4d5c7bdf246d8d92769080a19febf83a1cdf1a86276fde9d407e40e,896285,330.0,152.0,0.460606,1,1,323
2025-05-11 17:23:59,01ac9a9bb8780a3740cb16bbdcc9ce1a7060e108e64cc5824251fe3db0329d0e,896285,546.0,153.0,0.28022,1,1,327
2025-05-11 17:23:59,a346189ba8c0279e63d39f52d5085772594e23e94da291febd381f4ff630b7f3,896285,7907.0,154.0,0.019476,1,2,205
2025-05-11 17:23:59,b7f97773e440c8e5c922230547143280e48a7dfa920e3437563b334e18494b0e,896285,330.0,152.0,0.460606,1,1,323
2025-05-11 17:23:59,94b7889b4a2a60b932bf82842d35f401341f5d822c07b7d8fe1d5a991efdd10d,896285,4503633.0,142.0,3.2e-05,1,2,223
2025-05-11 17:23:59,c6794ecc91d22ac307ed4a80c08256c8734742e6f04c6bb4f444439d4acb550d,896285,509832.0,154.0,0.000302,1,2,205
2025-05-11 17:23:59,ed05afc7821cf6fd0c4c43369a07450a063ea5e589cf84bb2033b3eb1df3d10c,896285,330.0,152.0,0.460606,1,1,323
2025-05-11 17:23:59,a565cfbe49bc606ccb884816efdcaf3e3800034e21064ed9a0b6e2b1a1d4f10b,896285,351.0,129.0,0.367521,1,1,267
2025-05-11 17:23:59,8ae36773061cae7b25485f9dea1e24a24e3f9fc67a841e5ca39a76dc6684e10b,896285,330.0,151.0,0.457576,1,1,319
2025-05-11 17:23:59,b926d9e0046bf3a9344047bee738c2742be7e10f4410c47e9bc1f6f0d8b52d0b,896285,330.0,151.0,0.457576,1,1,319
2025-05-11 17:23:59,251d01e047c6c0b104288e21288e0a8ea57351cbc2b4cd9c6e10d4ec7d5e9f0a,896285,9137654.0,111.0,1.2e-05,1,1,193
2025-05-11 17:23:59,f6223326675f3c831d306a5e33d30ae11d0f313ef02190ef83416cdeea7f140a,896285,330.0,151.0,0.457576,1,1,319
2025-05-11 17:23:59,1dcf08eb70f075c4f81122f3b300c23b411af77021f8d7d736ac21597922fc09,896285,330.0,151.0,0.457576,1,1,319
2025-05-11 17:23:59,c74480f129c9935c1dac6b6822c81d6ed0af6a5c23a21fefc794dbe3943a4909,896285,330.0,151.0,0.457576,1,1,319
2025-05-11 17:23:59,c4388774f435d38f2d667c4dc031535914fc2f37443cc6899a4d43190fad2e09,896285,330.0,151.0,0.457576,1,1,319
2025-05-11 17:23:59,3ad838163ccf5ae5e3925b87a8e0a08aab276820b6bf0383c86a354013001a09,896285,330.0,152.0,0.460606,1,1,323
2025-05-11 17:23:59,c78f8daca2a4255dc9dc04b9e8966f50578f439bef18215c9bad1bccb87b0f09,896285,330.0,152.0,0.460606,1,1,323
2025-05-11 17:23:59,175ac1ca0c0e3b04a617f50cf2d5d582e3e1f8c1f4011295558e44e5e000ae08,896285,330.0,152.0,0.460606,1,1,323
2025-05-11 17:23:59,256c0492121b24f639828d8fc64f418ac7095f9b47d4e82d43e656a18dd59308,896285,1387631.0,201.0,0.000145,1,2,391
2025-05-11 17:23:59,d5cb6e73f6631af3db994c86584a8ad84a7d88f63ea56bf27eeb12f82ff19008,896285,34286.0,143.0,0.004171,1,2,194
2025-05-11 17:23:59,349df091a755161e23ff3ad0f6e1919756e568fc2e6481dad6f2f4a7f3876a08,896285,122017.0,154.0,0.001262,1,2,205
2025-05-11 17:23:59,055c4de2f249e26e60dff6cc174c2b929d194d299ac32b189b6f6a1a4f783f08,896285,351.0,129.0,0.367521,1,1,270
2025-05-11 17:23:59,2dc2d3f4ab8e31bd0357df4deb30c7fe169108d87393c0dcfb8dd93652a32e08,896285,39151.0,222.0,0.00567,1,3,303
2025-05-11 17:23:59,39f53bc3ddb726c4d9480bad6e45ea8dbb8bd86eb4c1c20efaaae8417319bd07,896285,20767036.0,141.0,7e-06,1,2,223
2025-05-11 17:23:59,279dd6e4673f399bddf81b75c168122a363e2cc6d5cfdafa76483ac85e698705,896285,4294726.0,141.0,3.3e-05,1,2,222
2025-05-11 17:23:59,91bfe131cb045259e2f5ad56f932bfb17b3b927b487ac31ba94282fe0dda55a5,896285,4310251.0,144.0,3.3e-05,1,2,226
2025-05-11 17:23:59,00a5b136eaedf8034917e4d2781e755dd55abef3ffbe224b6529ec1b61afb2f9,896285,4325779.0,141.0,3.3e-05,1,2,222
2025-05-11 17:23:59,397803bcd222d137c85ae9241a300997d739098330ab9ad1174d7325aaeffb04,896285,82310.0,142.0,0.001725,1,2,224
2025-05-11 17:23:59,d1ef5e577eaa8df490534ce0758bac55ebc7a376e4384c0e96a67c04c2923b03,896285,330.0,151.0,0.457576,1,1,319
2025-05-11 17:23:59,620656372870fa37a1cb3333c809b5b8a6446c0c6a700efebd04194b81e1e202,896285,351.0,129.0,0.367521,1,1,269
2025-05-11 17:23:59,18854878f628b3cddb626ef7b8bd863dcbae9c536334226e1b80b26d6b228102,896285,134440.0,111.0,0.000826,1,1,162
2025-05-11 17:23:59,7caac5820a1655dbc7328eea39fe16d7c57b76e17acd663bf9fc3d62ae300f02,896285,330.0,152.0,0.460606,1,1,323
2025-05-11 17:23:59,da8cfa9f5f5910ba6a08937e9a987b3cffb3fa061e52e72caef57e7f6c261601,896285,330.0,151.0,0.457576,1,1,319
2025-05-11 17:23:59,5d3b52993d25da85d3ae8828a2da11880e6d5ea73d79c4d8e9bac4544eec1201,896285,330.0,152.0,0.460606,1,1,323
2025-05-11 17:23:59,69ebf52014c7de67c6da9a79fefd1265a710da3cc65e9f4c8e8211106a9f0d01,896285,39698.0,222.0,0.005592,1,3,303
2025-05-11 17:23:59,4eca881a1083521ef052ca89c90ae888e3c0a199c4864db42accd542dc61ef00,896285,546.0,142.0,0.260073,1,1,319
2025-05-11 17:23:59,30387f94370dc115d8a3f3a57e608a8f9fa1345db80aec3327a52096e2e45212,896285,340477.0,153.0,0.000449,1,2,234
2025-05-11 17:23:59,694335fea208245e29d64b65e301f94343c85a4d35b4bf85ef39f61f59e65b00,896285,59959.0,217.0,0.003619,1,3,298
2025-05-11 17:23:59,34c2e93c25a97a765e455966365249329c6a72403d85904afba0e92f84c21c00,896285,330.0,152.0,0.460606,1,1,323
2025-05-11 17:23:59,db85597d4772c8fce528b1b7df9b8f73271368f3536705792ff05ccfa6110f15,896285,282137.0,72943.0,0.258538,1076,1,159288
2025-05-11 17:23:59,676a4aeea618139522907f4f8cd84493bfaf7bd38bcbb0371b166b828aa37ebe,896285,367893.0,95097.0,0.258491,1403,1,207681
2025-05-11 17:23:59,9f74471b96fecbc9ac6f0ad0ce030b64478aac96a2e47e05ab5c86cc8994d72f,896285,237151.0,575.0,0.002425,4,7,867
2025-05-11 17:23:59,0739476aa7b1cfb414923455471e4fad0c8dce292a1d8dbadb819f98e364e301,896285,158988.0,542.0,0.003409,1,11,592
2025-05-11 17:23:59,c68008e0670191b0433c20238ae1432484ebbccabf3469befff7861475eb91d5,896285,274483.0,348.0,0.001268,4,2,669
2025-05-11 17:23:59,f9609f05ae77bc3fd34fcff85f6f793e6a8619e9c2cef66bc3b14810f00e3188,896285,16388.0,346.0,0.021113,2,5,477
2025-05-11 17:23:59,a51e4bd34980341c9219cc52713ba1803b4ae5a4ae8296827a61c79cbb2d8deb,896285,1921169.0,315.0,0.000164,4,1,636
2025-05-11 17:23:59,64373118affb98e2e550b8dbf409cd5c5145fc0e1ab064c41a6945e228fe3f74,896285,330.0,154.0,0.466667,1,1,328
2025-05-11 17:23:59,b2bcdfeb118adcdcb09d540b063c27c44ecc05d66d9f5a9ddce14916ca3d5515,896285,1344732.0,154.0,0.000115,1,2,205
2025-05-11 17:23:59,85bde5b857eb700e68f77210c021ac00b79a0f565d866d9bc4e4610275f2e82f,896285,330.0,154.0,0.466667,1,1,328
2025-05-11 17:23:59,48210d58097bdc433087da65392be39eafe78ab28a60469d3163c34c658f1da9,896285,1600183.0,154.0,9.6e-05,1,2,205
2025-05-11 17:23:59,1c4b2d71fac9450cd02ec39e0e69d6c7fa3ca900f052faa0596fe794410d611b,896285,330.0,154.0,0.466667,1,1,328
2025-05-11 17:23:59,6eab7c412dc2776ad13c2019d09c237b34395c14e40a3c681e9bfb9f86918a12,896285,1597785.0,154.0,9.6e-05,1,2,205
2025-05-11 17:23:59,7a002178b5f8f244de3b4e3920c3450ddb948d1f755ab25aeee58d55412e8a0f,896285,330.0,154.0,0.466667,1,1,328
2025-05-11 17:23:59,b92521e21fbbdcc13999c3e8cff127ac5d8e7d1b06a2e9f9e6aae9d255a6a5b0,896285,1338883.0,154.0,0.000115,1,2,205
2025-05-11 17:23:59,5248947dab3f54adad34147a345c0044414737ed033a29cf9cda9623a2466cad,896285,4308743.0,291.0,6.8e-05,2,4,390
2025-05-11 17:23:59,375320f08dd5317ed88151633d1376fe870f42ec8043bcc365810f34c33e7ceb,896285,58965.0,285.0,0.004833,1,2,284
2025-05-11 17:23:59,41f1721ec6133ef7f9a637c0ff9af50bb7f1a17cdb0e4266c53cf781545af268,896285,1087031.0,285.0,0.000262,1,2,284
2025-05-11 17:23:59,f6fad71147720146eea4c0b670d3c23ec32d98dd3f9489adc681f070a3b72752,896285,68343.0,285.0,0.00417,1,2,284
2025-05-11 17:23:59,402bb0a6fef7bfce8fe081feff98eed2a5a1b712881f36c8a87dc5cf76a2881f,896285,56580.0,285.0,0.005037,1,2,284
2025-05-11 17:23:59,a7f1171de65acd95832d8c41961c64be940daaaf673f134515000904d5b98ccb,896285,1615043336.0,30783.0,1.9e-05,279,346,46270
2025-05-11 17:23:59,0f17a0e911f34831f162c252e5bc5f27900e3c5749f2d9765ae8ea91cf09cb30,896285,1344818.0,247.0,0.000184,3,1,488
2025-05-11 17:23:59,4547ac38f2e0b7e5277402f59587ef202d3c4e2ca4adf5d23bccf29ccfa9097d,896285,2403183.0,246.0,0.000102,3,1,487
2025-05-11 17:23:59,0850fdaed811226b0fdda141acc1d92711ac3a56863111bc8e0bc75412c9f5e5,896285,47435868.0,174.0,4e-06,1,3,253
2025-05-11 17:23:59,869f2511efb759b0916faa05286bed951be750cfaad3ddd5f99f7b425e770d27,896285,48233848.0,141.0,3e-06,1,2,222
2025-05-11 17:23:59,df307099868bc0270d4d8ed067e098dce869c42a190964e773df077a7725e97a,896285,48309844.0,141.0,3e-06,1,2,222
2025-05-11 17:23:59,1c6cbdd5b7c5d615152ab669aadd165816fa2cb75ba6cff02e6915151a19d436,896285,1398861.0,224.0,0.00016,1,2,223
2025-05-11 17:23:59,315cc41c116dcce60df6708128529906c86f8b4761ebc840c5c04496add626d5,896285,1408685.0,225.0,0.00016,1,2,224
2025-05-11 17:23:59,92dffd8c23cd4999c8b8d60cba7bfbc30c8739987a40441b0d8bcd94cf5590bf,896285,4166211.0,224.0,5.4e-05,1,2,223
2025-05-11 17:23:59,39c077435f5f7f3d497b4668acc36e17bf577775b074d54273a710c787a767b2,896285,2253795.0,224.0,9.9e-05,1,2,223
2025-05-11 17:23:59,d79faff1c3a282de1e952c70868e3cdd53bd73d5a90140eb3bfd7173c1b185a3,896285,1012665.0,224.0,0.000221,1,2,223
2025-05-11 17:23:59,ef17a5cff3df484c45c69d30e0a759080c22082a8f02f258728588fd3275ea1a,896285,1038480.0,210.0,0.000202,2,2,371
2025-05-11 17:23:59,483f48dc8196ca401fc1454a8570bc230bd2e209665a2cb30451d98e0b07b200,896285,236736.0,209.0,0.000883,2,2,370
2025-05-11 17:23:59,3c7c8f8b0c2a528397b5e4683e608dec43b21a708357728d99addf9d6c3b05e3,896285,33434.0,201.0,0.006012,1,1,200
2025-05-11 17:23:59,79229c8b72fffdfd68de7944b2d2d192b9ff8728a18ec9d3ee82c21a6f41208e,896285,14796011.0,1078.0,7.3e-05,15,1,2282
2025-05-11 17:23:59,50362cf5b6957d779c01181bc229f365a53f9cbbcc556b19b0d02cd91082c5c1,896285,2179307.0,337.0,0.000155,3,4,485
2025-05-11 17:23:59,87c43f34f7f3285436f355d624a833d285d0b4679420ff97145f50f688fe874a,896285,149736.0,167.0,0.001115,1,2,247
2025-05-11 17:23:59,46e9afa9fe622d77d924291b79ce6b33f1b4028abf7e9e0de244e5db36e00686,896285,1106285.0,315.0,0.000285,4,1,637
2025-05-11 17:23:59,db71723a4b83c013e1f4d5e2681eb2f5d76fdb1ca0db763e1e9dc0b2d35ad291,896285,180740901.0,155.0,1e-06,1,2,205
2025-05-11 17:23:59,949d38a25993e24a60537b746faad079d25b8fdea3a79fb4e6e7d501f7d28474,896285,37797.0,290.0,0.007673,3,2,531
2025-05-11 17:23:59,84aa22cedcb2b08cec567f6095838837425262a36383c805cd169146e08f83dc,896285,62265.0,285.0,0.004577,1,2,283
2025-05-11 17:23:59,522bd4a291a3a3274627a2ba1e0c6e5b2cd6fecde8f7940e15cceb80f28e7082,896285,54580.0,285.0,0.005222,1,2,283
2025-05-11 17:23:59,91d71ada1e5afd8b85fbbe702dd58b52be8dc1a7d98e84602c0fa8b268df7f0a,896285,66865.0,285.0,0.004262,1,2,283
2025-05-11 17:23:59,b8bdad830338b7eff61fa5ca22f88d969da4c5d8582944bfa167ee3845009c95,896285,48673.0,271.0,0.005568,3,2,419
2025-05-11 17:23:59,e1e4656d7f42bd72b0ed5f57b07ae478a99604285a5639c7c2b100aadb100ef6,896285,1760666.0,373.0,0.000212,2,2,370
2025-05-11 17:23:59,d432c3cf0478a2d7cfaab7d6b46f6a27f19c028c4d033715310f01fa09c652a3,896285,98434.0,12350.0,0.125465,212,1,22739
2025-05-11 17:23:59,7dc4839fe3a8292232c3297b67f17351f2500a55a5a08e0fa3e790d57204b36c,896285,162687.0,227.0,0.001395,1,2,225
2025-05-11 17:23:59,4a3cf42ff918f5b8477a9de593391807c16268e8384fe78aa84a1473dbbeb97d,896285,4135269.0,224.0,5.4e-05,1,2,222
2025-05-12 21:13:18,3be32ebf82dd4a6c5f1875389075d567a046b938d45cdbda633022d49f8dcb92,896458,21837902.0,4430.0,0.000203,5,3,844
2025-05-12 21:13:18,88cf80c763d7a9f8b38e77a912429911e96b31c54dedd72c5b24b135812bf25a,896458,1962730.0,1415.0,0.000721,1,2,222
2025-05-12 21:13:18,714b29842b87c5079975488d679386278caad70f1d9ac46589dab48f4ac6e1e1,896458,21805.0,1446.0,0.066315,1,2,226
2025-05-12 21:13:18,d4c0d277e1776204187a135e84bdc66e0f746d5e7f4ee3803b1a0cacc9732acb,896458,2937658.0,2230.0,0.000759,1,2,222
2025-05-12 21:13:18,9808c96d462810fa0e4c5336ef4399f1a7d3be2a0a5544d7c4352da57a0395f4,896458,2188054.0,1430.0,0.000654,1,2,193
2025-05-12 21:13:18,212920b2de1300d99b238716340c52ddd9d577a142018478afdcd9111abaed32,896458,9163769.0,1310.0,0.000143,1,2,181
2025-05-12 21:13:18,ea941459eb3294f5520b3a6f7331bed3e0d3c283ad46248bfeb8a087a98e5976,896458,49963092.0,1686.0,3.4e-05,1,3,249
2025-05-12 21:13:18,b51e3e1f580b98d23ad292d34506f88bafec777d898b098c02dafd987e58565a,896458,359554429.0,3040.0,8e-06,1,1,300
2025-05-12 21:13:18,58004bfac88143c5d3364c8754324459285b5f79501ba86c474910edee78f0e5,896458,476634.0,2260.0,0.004742,1,2,223
2025-05-12 21:13:18,27fc86aca094721414031c739acb90d063be10cb3f1fc024e79215e4035c47f2,896458,3118250.0,1750.0,0.000561,1,3,253
2025-05-12 21:13:18,2c914c5f735d8aaf789bf2eece7e2872f4c77b5d8cbb173d7af484b38eaff0dd,896458,21034082.0,1750.0,8.3e-05,1,3,253
2025-05-12 21:13:18,4c7e6c5081753d8a080bceaf7b4828d2c2b6a4a968191003159e5508321bfa0e,896458,11801303.0,1750.0,0.000148,1,3,253
2025-05-12 21:13:18,11b9801352d58089f6cf9582222c6f986936604e8368fd740c942ca34221fca8,896458,93616.0,1446.0,0.015446,1,2,224
2025-05-12 21:13:18,68157cde0e3bde056b6b91241b64d7e6ba5c1f89d106bf341a2fc12645163890,896458,7778048.0,1446.0,0.000186,1,2,224
2025-05-12 21:13:18,32aaa855231689f1c0d797b28f4d952aaba0483f39a9134f4f12629083a7c78f,896458,2948391.0,1439.0,0.000488,1,2,222
2025-05-12 21:13:18,998340020baa9dd5c9438689229d09b9961c991c472a03ae14d91d6cc9c35f0a,896458,84843.0,1920.0,0.02263,1,1,188
2025-05-12 21:13:18,57e6d26133e023e5a5cbf70d52e777d6c2a1082082ad88588f6fd4063e6e82bd,896458,292295.0,1822.0,0.006233,2,1,340
2025-05-12 21:13:18,9f3de3b4bfb61753968640411431ecbf4699cc3ef7cbdfe880e89e83c4e88ab8,896458,7102266.0,1776.0,0.00025,1,3,253
2025-05-12 21:13:18,db298401183141b7efa38bb47007e185f8ed4d9865a3c6ddacfebe9b1a1c5657,896458,327970375.0,1580.0,5e-06,1,2,235
2025-05-12 21:13:18,97bb1f3df2d8f38c592b33b453c570107666ff6a5d1780d9951d6acd2c40dd1e,896458,36549.0,1460.0,0.039946,1,2,222
2025-05-12 21:13:18,eaafc54cbf5bf2cb2680fa4d2d862ab46b36cff449a5294ad5e713676913d72d,896458,7998539.0,1461.0,0.000183,1,2,222
2025-05-12 21:13:18,b73fb21dd33340ef44e33679a31bc31c8c5761a1386275211840ac5d6a6dc4d2,896458,6914000.0,1462.0,0.000211,1,2,222
2025-05-12 21:13:18,30a116d8489204e321a5aeb5287a7cf4a181193adde04368d5e43956679fee28,896458,5859832.0,2054.0,0.000351,1,3,279
2025-05-12 21:13:18,d34e3aa155d1067b2afffaaa0b544c6a8a6a69fb409ae2a0bb0385ddd46f184f,896458,7805420.0,5420.0,0.000694,2,1,351
2025-05-12 21:13:18,75adad8bc89cc1d64fa595a21efca8ec97de9cc05cb61c6ab3363d8d28b84ae4,896458,7773952.0,5420.0,0.000697,11,3,1733
2025-05-12 21:13:18,fc4dd1c21e2667c8a7b960a2f8e6a0616934205321f25f48f11f489d4c1ccc99,896458,769100.0,2120.0,0.002756,1,4,284
2025-05-12 21:13:18,b9bcaad15bc3c114188e3c2def29f8f232923683501bd20e56b65680d57211a3,896458,44544.0,1153.0,0.025885,1,1,192
2025-05-12 21:13:18,8c0bc9cdf84d88d0c844c4fd244f0aa813505b13ca469f87b076b4989afa91cd,896458,197300.0,1490.0,0.007552,1,2,223
2025-05-12 21:13:18,b1855453127d025f25b56b4843aac39fcd97518f087e159adce691695f38312a,896458,297121.0,2884.0,0.009706,1,1,192
2025-05-12 21:13:18,f25519ccaefe909e701b18531064e53bee26906367bb5439df54b88b0003a5f6,896458,547971.0,465.0,0.000849,2,2,372
2025-05-12 21:13:18,89e37a815ca3d6c2a2ea6a57fbc3e9a065ee84a3a8e5d99b031b21b1edfd0f56,896458,1583403.0,1159.0,0.000732,1,1,191
2025-05-12 21:13:18,cc7df94dd0e03a63a21ef70e8c1dfac5ad0b31797e72bc72b179b3ae600cd1f8,896458,123798900.0,1522.0,1.2e-05,1,2,225
2025-05-12 21:13:18,3eea0cee2a82238b57b9f4e74cc5d1f760c8b8081c872210987c510010526276,896458,297959.0,2852.0,0.009572,3,1,511
2025-05-12 21:13:18,5c2b4a2159f2328e3e0380bf28846c0f32abcbce783359247010a79aee008c81,896458,4156660.0,1541.0,0.000371,1,2,225
2025-05-12 21:13:18,d036074b76008e5ed7a4ad66061b0b2e67557ecb488129013eced825ddf10419,896458,16803255.0,33037.0,0.001966,52,2,5662
2025-05-12 21:13:18,8572e4f20e72c683bc6afd6f062003a76f901ef997141bfc3e626733965727a1,896458,6058348.0,1509.0,0.000249,1,2,222
2025-05-12 21:13:18,35fe3f72f640a2cc93cf7d4f908e0632c4d2cf72520325b5b3ce6933d741ad81,896458,496032.0,1509.0,0.003042,1,2,222
2025-05-12 21:13:18,ce873e9cdddaa63cd3f8bbcdffedf7e808ecd6c012fb010f755c1eea60bb017f,896458,10356797.0,1509.0,0.000146,1,2,222
2025-05-12 21:13:18,45adc44da531a66b53ef707356ae7ac9293a6565d615970b1e2b8896ba35d02d,896458,1186334.0,1509.0,0.001272,1,2,222
2025-05-12 21:13:18,f66565eafa164dc21c3141cd6b70ee7bfc841fe0bbd4ac997004af01036fc314,896458,38383.0,1520.0,0.039601,1,2,223
2025-05-12 21:13:18,c8dbaf7b8037857f01318173946c81f485aaaa924dd94b9cb903b5c6dbde0317,896458,433725376.0,4528.0,1e-05,1,11,504
2025-05-12 21:13:18,7740d4e882e502d9ee7ada45c9ab1ad918a375b49115d3da2c2023040ac88e00,896458,449332988.0,3875.0,9e-06,1,9,443
2025-05-12 21:13:18,fb66f8f082b6bb5333745d7b338a413809ade2d937667e65738df94fa2e1e0c0,896458,13357714.0,1510.0,0.000113,1,2,222
2025-05-12 21:13:18,0aefd50c92078a56e7bcb35c6bd3e54f585085bf91b8fffd76d6626bd0d9285b,896458,14333000.0,1756.0,0.000123,1,2,245
2025-05-12 21:13:18,9e4e5460fe2ae0a679db6aa8f41a1d44d6899ef43a9016b6528394959e5568ac,896458,5922483.0,1510.0,0.000255,1,2,222
2025-05-12 21:13:18,821c927c2f5761c634b76152813b3bdf8f95db335a4b5b18e32abac85997819c,896458,1671338.0,1510.0,0.000903,1,2,222
2025-05-12 21:13:18,daffbc42f551faa96d6e9d697c2f3cb4879bb00eb17968ce390e8b3c27750969,896458,10047212.0,1510.0,0.00015,1,2,222
2025-05-12 21:13:18,8a4c9d9460727550a5acdab89ef9245c1e5419be69364ffb6c885153a9597b4e,896458,2208621.0,1510.0,0.000684,1,2,222
2025-05-12 21:13:18,cbc08ec072400b06e83f4221b159cb997c1e4b0bd5c30c05ecfcd44a2f2a5f3b,896458,7213993.0,1510.0,0.000209,1,2,222
2025-05-12 21:13:18,79a400da397fd6b05c9318126414e159be1cea35995ef24ea90478412aa20b6a,896458,8415503.0,1510.0,0.000179,1,2,222
2025-05-12 21:13:18,e2568c40699963fcf8a8d7dc3d6e8e20e2e6839fe910c306a9659ea7e1a1f61f,896458,48961988.0,1510.0,3.1e-05,1,2,222
2025-05-12 21:13:18,cbd203c7d3779604acd075faa636e138d09c4154d0ee22bf4e7d148c76d2fdc3,896458,49937274.0,1510.0,3e-05,1,2,222
2025-05-12 21:13:18,b9a21e13f982324be25ce647f7efdd1b46fd38a4c3ec53111a21e253b92a2e32,896458,49968971.0,1510.0,3e-05,1,2,222
2025-05-12 21:13:18,1d0c884236347337a53b9cfc683c4dd82162278987068b144f83428240b51dc3,896458,1999993222.0,1778.0,1e-06,1,2,247
2025-05-12 21:13:18,7cac6497fb78416faa0413daa09ee4cffd518de75629b00f3632291e22635080,896458,15125817.0,2410.0,0.000159,1,2,225
2025-05-12 21:13:18,aefd22275df965b779a2f9b900d6a8b6de613e696a21b770f29ece2f313b9187,896458,15320218.0,1532.0,0.0001,1,2,224
2025-05-12 21:13:18,fd57c825dfafe3988babcd234941231e5b8a5cd1ba8d60cfe422af4a3bfa6263,896458,378038981.0,48010.0,0.000127,30,1,4478
2025-05-12 21:13:18,33d9b811e4d2da371e48ac676e190f9f16535b1f2870ceb61f45ebd87516ed98,896458,157795706.0,7838.0,5e-05,1,21,782
2025-05-12 21:13:18,cc0550f74bf203eef6eab8327b4aa1f5cc1f65c1e881631a9a606fc1950b23c5,896458,113894448.0,2527.0,2.2e-05,1,5,286
2025-05-12 21:13:18,a683e568cece905700ab40adbe6da2403f90a112d3b04e0c19c63df41539c313,896458,30000000.0,63144.0,0.002105,86,1,12770
2025-05-12 21:13:18,1f80813ffd767d49b86e589a73c7f21cddde6d9318de7b1a1be068c510178c0d,896458,99245567.0,1777.0,1.8e-05,1,2,246
2025-05-12 21:13:18,90b47e2b0906a66bdcb372cd9a0d3ed0ccf2c3c0c52c1f1bf44c617b3412f2c5,896458,2013572.0,1659.0,0.000824,1,2,205
2025-05-12 21:13:18,a6bed2e39ee3c9b08c4cd91e03bddd1809341fb83f89a890d7c6dc27ca597d7f,896458,1093386.0,2838.0,0.002596,2,3,426
2025-05-12 21:13:18,8730f75fda1b79fb3ed6fc2764adc369696e2fcf9ab90aa4308de814e5abf96b,896458,429898.0,1652.0,0.003843,1,2,234
2025-05-12 21:13:18,53fe14362ffc4f5180d0469176dbd73db0b910c5889bdf3533c0276ad050552f,896458,36443366.0,2400.0,6.6e-05,1,2,222
2025-05-12 21:13:18,108b62f563b11c0a1e6b7106f71caab40b3b33af184c6491f6c2ae17a1338fd1,896458,52507.0,1193.0,0.022721,1,1,192
2025-05-12 21:13:18,8dd182c5e4635e34768780f0edbfd4480c87b8ac668fafc17e9f08128e4775f2,896458,2444785.0,1535.0,0.000628,1,2,223
2025-05-12 21:13:18,465460d5ea442cc84e1b6de222cf29076765dfec3e0ac193fe4df08c52921f0b,896458,405842.0,1535.0,0.003782,1,2,222
2025-05-12 21:13:18,d02ed09c298e56aa6eb2f71b1b7353f4d5ebc4c1bb39d3f66219694c74dfaf06,896458,73096.0,1535.0,0.021,1,2,223
2025-05-12 21:13:18,90783e42bd7881cf4cf7adb39b5ad7bd8cadcfedc4e886337d579538467b9404,896458,1493678.0,1535.0,0.001028,1,2,223
2025-05-12 21:13:18,f148543d8ccb5b4a430d6663a31d55296a42733b8d447040b62dbcc09df01eef,896458,3562307.0,2277.0,0.000639,2,2,371
2025-05-12 21:13:18,5875290677299a38dfc4ab5c0c7c68b0813edd79864c93922e0aedfa3b5532dd,896458,166484.0,2277.0,0.013677,2,2,372
2025-05-12 21:13:18,fbaf2c590dc2a730014569990f1057a823e84567105c4221006988372f90a2f9,896458,167176516.0,1560.0,9e-06,1,2,194
2025-05-12 21:13:18,6869646dd530a38fc75d01b13546edfa14dd86de5f289ea33c86b7b2ba1cb601,896458,218412263.0,3020.0,1.4e-05,3,2,519
2025-05-12 21:13:18,afb4c457e2fd3d77bd7ca7e8edc1f3ab0c8c2a5fbab5860bb5f1d8e50065c18f,896458,1545150.0,2299.0,0.001488,2,2,373
2025-05-12 21:13:18,0c23e3d8115bd3aab0aab5e817edb1598aeb6f7a5994b79923e867887ae8b851,896458,10265673.0,2299.0,0.000224,2,2,373
2025-05-12 21:13:18,4840965b09d34c882d9cd86c8f0f7233ffecf750d0dfd8caad8b3fa52b35eb48,896458,5301458.0,1557.0,0.000294,1,2,223
2025-05-12 21:13:18,b25acd75cb1c58e494cc85e470279faadd102cf780aae03d8569b509a98c4816,896458,11708118.0,1557.0,0.000133,1,2,223
2025-05-12 21:13:18,c89dda61a34dc88484191e9e905765f07eaf0efd78811a8197b8e4e72f11cabd,896458,4530745.0,1843.0,0.000407,1,2,249
2025-05-12 21:13:18,f9cf73c0244fd1333c8ae49b19ffed4381d91191c01eb8187a9fca8e5b8be3c9,896458,78252.0,1131.0,0.014453,1,1,154
2025-05-12 21:13:18,88c55cb85dcb39d03810627e3f220befc14b7b526d519e6e3aa4af1557146edc,896458,5182530.0,3042.0,0.000587,3,2,520
2025-05-12 21:13:18,13c7ae87fb0ecefcec0f6f374053991c1465f0f3e69fc6de6fadb80d08ad81ca,896458,70158.0,1551.0,0.022107,1,2,222
2025-05-12 21:13:18,41d1d1143e24b19022b6479d5e547ecf94d2be41dcfa2aabc0d71d4c8ceedfbc,896458,58491.0,1551.0,0.026517,1,2,223
2025-05-12 21:13:18,21f0812f97554be34738b8994247e721101b78cd6268044f65732b4829630eb1,896458,21422.0,1551.0,0.072402,1,2,223
2025-05-12 21:13:18,cf5dd1cb723ecf125bb110b13d78f66bc1097d57f23d1c5be10fe8321856c8a5,896458,6419.0,1221.0,0.190217,1,1,192
2025-05-12 21:13:18,f4ab4d08ca525aa3a23be510e1376fa4d8724b92583651c3e0d2fcb8ebf4d087,896458,530423.0,1562.0,0.002945,1,2,224
2025-05-12 21:13:18,57fb719086d12f4a9e7e613417b3812cfe8dade4d591e53de661415173ff8971,896458,80320.0,1210.0,0.015065,1,1,191
2025-05-12 21:13:18,36425ada97e0616daf86fbaddd7532afddbe94003205dc38a3a7194c8d2a6570,896458,37024.0,1991.0,0.053776,2,1,343
2025-05-12 21:13:18,9a9311ae960324208c065bc02b7b900297c875ff1bf2fbf06c20dbdb55880c6e,896458,279173.0,1551.0,0.005556,1,2,222
2025-05-12 21:13:18,07ac30ea04ff61685c62e49c15327c320a63ba7b9648eb73a76fe19ee99d2068,896458,417226.0,3784.0,0.009069,4,2,666
2025-05-12 21:13:18,37de9c72bc8fc7746bc1a1ae9c9fcec859ef59378553884a02d790299135ae63,896458,123791.0,1551.0,0.012529,1,2,223
2025-05-12 21:13:18,e749990ba7144cc340455227841564b46d5cecc3fba765065d7e856c2bbf1460,896458,1040782.0,3454.0,0.003319,3,1,556
2025-05-12 21:13:18,1269b1147cc888447b3d7b88b25bfa15d86a06c5317265d928862a077d345c56,896458,49998108.0,1892.0,3.8e-05,1,3,253
2025-05-12 21:13:18,0c8457af242a0703b16bd781f5ce1e9c7c429fa9867a2cc1c2d841d8ddf03a3a,896458,26005.0,1562.0,0.060065,1,2,224
2025-05-12 21:13:18,fa58986935214f652ec4efdb5b7b6f9e10b5fddc486c375c43ca74cc57c89334,896458,4402712.0,3938.0,0.000894,1,9,439
2025-05-12 21:13:18,8115eced844b3443e9ec0a12f5efb12bf5ed7ca4e2b54bf094d18a8a94db8e34,896458,24873.0,1551.0,0.062357,1,2,223
2025-05-12 21:13:18,f7854a58934c30a010e0e0b59704294f38e59262c761409613ab54b2d082f733,896458,297620.0,1551.0,0.005211,1,2,223
2025-05-12 21:13:18,7d5ff14b8605922735b25f656c5b8538976307cbf00d58f6485a9c3103f24a23,896458,130824.0,1551.0,0.011856,1,2,222
2025-05-12 21:13:18,0521c98d1678f6770aa982e61be2db0cbde79c3ee25a7e6397bd7858bc857b11,896458,127605.0,1551.0,0.012155,1,2,223
2025-05-12 21:13:18,378915cc0fec9b8700f2ba80bf65bacece0a11ebc848e781b3011becfa203b10,896458,187687.0,2453.0,0.01307,1,2,223
2025-05-11 15:49:37,e2f4d3ad5519e03f3f24dc5e7bd84423dfa83984948e80043eefbb53a6958a11,896276,588851.0,154.0,0.000262,1,2,205
2025-05-11 15:49:37,57fba41752b113b4a3f4e27de452e8bfd54ca90acf8f0ae197504142a9dd6911,896276,36126011.0,141.0,4e-06,1,2,223
2025-05-11 15:49:37,006807048d749128b0723e0096ab823427d20229ee0e810b35bdeb6af48c0c11,896276,42633.0,154.0,0.003612,1,2,205
2025-05-11 15:49:37,bb574112a344c7c635fee73e340f064431f01082b57bd4dc7d5d92bb637eb210,896276,18023.0,157.0,0.008711,2,1,257
2025-05-11 15:49:37,c0db26060d4e744037d7937611c2441fff4db916b83b5d32189dd4c5f75c4110,896276,169159.0,805.0,0.004759,1,4,450
2025-05-11 15:49:37,a33754f43aa79d7b2ee5f7d282ae027ae18fc32fccaeb54498852b467b972e10,896276,127267.0,151.0,0.001186,1,2,202
2025-05-11 15:49:37,0f8f61c5df6ee2d66480ac3a47db5cf99bd58c7654e229adebb8642bd3f3fdfd,896276,127418.0,151.0,0.001185,1,2,202
2025-05-11 15:49:37,b00cc1135647d92f44023b5c411e90bca568cd7ed7d7f4ce1775e78630a0a333,896276,127569.0,151.0,0.001184,1,2,202
2025-05-11 15:49:37,447db6a414135c2a6fbe684fa684702441b6007169614f5584245a6248dac86f,896276,127720.0,151.0,0.001182,1,2,202
2025-05-11 15:49:37,30d613ad27415ee8daa5df5eee94c368e6e90697147b0d81f2b3152a2f51cca6,896276,127871.0,151.0,0.001181,1,2,202
2025-05-11 15:49:37,f6607235defb8e00bd9733a862ec0f0aa6bea44693e548e478903ca13b289c0f,896276,231249.0,212.0,0.000917,2,2,312
2025-05-11 15:49:37,cebefec34cf95efc73d02cabb5cc78b474c9163b7cc3d4a485ae6100bcbde0db,896276,231461.0,212.0,0.000916,2,2,312
2025-05-11 15:49:37,16fcfe0c165e16035ed8511cc87acf47f256aac70eeafeada7451b7bf81ab3ef,896276,231673.0,212.0,0.000915,2,2,312
2025-05-11 15:49:37,8750fe75eb08594e60e1110684747399f24d0b92f173443a8eadf6f57cf8590f,896276,201857.0,143.0,0.000708,1,2,194
2025-05-11 15:49:37,8f064a588b1c8a16802297efa70a50acd91a0871f3a0c486e772b66becf5910e,896276,546.0,152.0,0.278388,1,1,323
2025-05-11 15:49:37,860c04bcbb2e49f9a8446a9d494afafdf280242e474d4d9559e29521b29e4bf3,896276,30582.0,154.0,0.005036,1,2,205
2025-05-11 15:49:37,f0fac1d863b5a9a1755bf16911a12283f267149528c019232198720c9f1a2e0e,896276,330.0,151.0,0.457576,1,1,322
2025-05-11 15:49:37,faba506e514056e4f62d97b75be05fbbae44953f699f8a94e8562d06b88af20d,896276,499340.0,805.0,0.001612,1,4,451
2025-05-11 15:49:37,c543846ef12fb27940b81875d8f29a5132a772883128dab094b49968144a930d,896276,107674.0,286.0,0.002656,2,4,387
2025-05-11 15:49:37,3ab86be29f7b1be9d5bbec78e9d58f15ab1d9b3d6c31f0f1e66ea8567767a30c,896276,181176.0,144.0,0.000795,1,2,226
2025-05-11 15:49:37,8c0705a3d495b4d3a85dc2a4792e0bd889e4beb7bb73236c47c1182aa7749441,896276,196647.0,153.0,0.000778,1,2,234
2025-05-11 15:49:37,2fcf4f206f820e02420a9f6433e6d10b57e69782415eb3f5205d74954fd47093,896276,212127.0,153.0,0.000721,1,2,234
2025-05-11 15:49:37,20218bfdc18bc1f3451849f197fec06c5b94f35b32dd905a5e2371740d3f95ea,896276,227607.0,153.0,0.000672,1,2,234
2025-05-11 15:49:37,df67267963ba9751f15fa45a03cbebdcf85140fdf6e584c4f804ddb56aa5670c,896276,198994.0,154.0,0.000774,1,2,205
2025-05-11 15:49:37,f2c5a90381a439c104107c2babf2d762bda35eeff555cf4be350b75be3f9450c,896276,384825.0,141.0,0.000366,1,2,222
2025-05-11 15:49:37,d00af1d1b4877b6ee434f1bddc09159baca1af77a7e9a35e7a6d66bc72f1e90b,896276,925170.0,141.0,0.000152,1,2,223
2025-05-11 15:49:37,2e27b41295207119b1016a3fcbf2dbce72ab15620a6c9e301cfaa211b940bf09,896276,238292.0,805.0,0.003378,1,4,450
2025-05-11 15:49:37,670aeb7ae6abf049c0d7f7191cc5aacebc00c74683ff9891500549dd38db1509,896276,546.0,154.0,0.282051,1,1,331
2025-05-11 15:49:37,39f4ff744ffbaa6e9f53f1276a1fea3c32a8fc72ca2e8b32f5905ec4c066d108,896276,223846.0,154.0,0.000688,1,2,205
2025-05-11 15:49:37,cee7629058b372bb0ebf4c3e0785fc6bef1beac4156e5b3d1cd5f81a8f57d108,896276,198994.0,154.0,0.000774,1,2,205
2025-05-11 15:49:37,e5cee3ecbf23ac4947086cf6e41b27cb9bcd67ac27705eaa09969bb046af9708,896276,546.0,152.0,0.278388,1,1,325
2025-05-11 15:49:37,e812e8d0feaecccfecf1d7a7683ce47c5ac2eb3fdfe8dbd5f29b841ff4b62bb1,896276,24210.0,154.0,0.006361,1,2,205
2025-05-11 15:49:37,7c16b45351ed894d3131bd7030d3772b00482d446aa181492f88ca3375469508,896276,306633.0,111.0,0.000362,1,1,192
2025-05-11 15:49:37,bed9a95c1468b12fe89364fead5c677c5eeaf4536eba5de8f88075e65bf74c08,896276,39812.0,188.0,0.004722,2,2,288
2025-05-11 15:49:37,c7c6813f5294c368865a20f67a5db8beae1beac728b0c4764fe44b82258fe207,896276,78880.0,212.0,0.002688,2,2,312
2025-05-11 15:49:37,8ec0a69e55160f2b91ff233a4b98840b010023d0591faccaeb42f8d90382a307,896276,9553.0,145.0,0.015178,1,1,227
2025-05-11 15:49:37,f327d8468efad5ec75f55825c97a1e5549531dd1952cde1f43d7f5e46f0c4c06,896276,546.0,152.0,0.278388,1,1,323
2025-05-11 15:49:37,f0812d99617cb097554ed31b47a18cb814f86c51eb8225ef62292490493d0020,896276,898259.0,541.0,0.000602,1,11,592
2025-05-11 15:49:37,1a27e9c5bd8e1e3e007140d4d806fe3c72969ae4b09ccafe5297e22cc30c7c05,896276,499846.0,154.0,0.000308,1,2,205
2025-05-11 15:49:37,de01c51fdfc9e40eae30a2c00a3b13cd3762f29a564c137fed5e4469d3dd0405,896276,99359.0,141.0,0.001419,1,2,222
2025-05-11 15:49:37,f33776eb16dc4fc49bb19fcbd3f6cc173801f3b0ebbbe65761394d4c6edd8204,896276,546.0,152.0,0.278388,1,1,324
2025-05-11 15:49:37,c720b9522686e97cdb41b0388f969deacf6fd2354e64aecf8b1d83466ebe1efc,896276,134072.0,154.0,0.001149,1,2,205
2025-05-11 15:49:37,b9a50b797db65704ba929b9e1977bdb5a14c1f2c5b64c6754a39e08ae8027b04,896276,19898.0,102.0,0.005126,1,1,153
2025-05-11 15:49:37,a3c7b217cdd14a70ffe2e525712416f88f4a508751a243d6df384b3b06180504,896276,341065.0,178.0,0.000522,2,1,341
2025-05-11 15:49:37,fd4ace1996daa9d73547363f0a3e6766a2e43d4eca60b01f39fd51b4849cee03,896276,4669.0,165.0,0.035339,1,3,246
2025-05-11 15:49:37,e730280f50d4c61a9fb63052ff721f0f4ec14bc65b678e7f9df11c3fdf35bf6b,896276,4834.0,162.0,0.033513,1,2,243
2025-05-11 15:49:37,56f3c776eb32f3461ad4abc2836f16257409cf3fb2d06de2a09e1feb20297c9e,896276,4996.0,162.0,0.032426,1,2,243
2025-05-11 15:49:37,a757ad315cb51f187a8df04ec9b63d43cdfa88da8fa23ec64262022512701ca3,896276,7158.0,141.0,0.019698,1,2,222
2025-05-11 15:49:37,529349d81172f5b4eef3be8ef348a6ca95792d832133f91e045b8ed77eb0dc03,896276,13723946291.0,141.0,0.0,1,2,222
2025-05-11 15:49:37,ca9b38bb2cfda5b067b2c346d1c28a3343b47aba6fc88ba07ad12bbe8e898d24,896276,14123946432.0,142.0,0.0,1,2,224
2025-05-11 15:49:37,c72cc1ad11f24a77183513570572192704578f8bb68c2da782621ceae4edcc03,896276,62486.0,154.0,0.002465,1,2,205
2025-05-11 15:49:37,31c08cbfaae0db97443343d0a601eab163c1120f789a40b877d524edd9b3c303,896276,201005.0,143.0,0.000711,1,2,194
2025-05-11 15:49:37,1303d043758bfc0f62ac99e217112661eb0fb6a4c9da2b7b2b4f0f2a07f75303,896276,546.0,152.0,0.278388,1,1,323
2025-05-11 15:49:37,5feeb3c7fe070526707a529218e48af287ab7e994954ab6512f9eecc4507328e,896276,850300.0,154.0,0.000181,1,2,205
2025-05-11 15:49:37,7a8ed1a0ff9c28437ce473b1dc61179f4b361ac08034485eda7b7f8c3edaef02,896276,647141700.0,141.0,0.0,1,2,222
2025-05-11 15:49:37,d60aeb587d64e1e2e1eb1618c76951c958f299b5ac45be5987792f2f6e3c2402,896276,330.0,151.0,0.457576,1,1,322
2025-05-11 15:49:37,2398b153cb7c76fe2d26b6fdf0cb5e77b25c087f209e44161ee1e49539054a25,896276,15300.0,1401.0,0.091569,1,31,1452
2025-05-11 15:49:37,415a179b948462f418b89cd0283fb2f9ee44a3791c70a7515e14fbac6d512102,896276,45538614.0,141.0,3e-06,1,2,222
2025-05-11 15:49:37,d399a6f2c04531627ffc6f27f753bbde1fa63a221a4f472900315e6c56f5b84f,896276,50042602.0,141.0,3e-06,1,2,222
2025-05-11 15:49:37,4dda5c8f1b59fa7f0b16eedb613b036bb54212eb3026d91f1a58f92fe9803201,896276,7320.0,240.0,0.032787,2,3,372
2025-05-11 15:49:37,da60e878128014e5883c2022eba341dda4d7a99f601bff6a1374f14d20c41f01,896276,645151.0,212.0,0.000329,2,2,312
2025-05-11 15:49:37,208e8dc35693efcf87fb848b8ba6d28d91ec9087dd488f36a65b8eba7c8e0401,896276,1194570.0,165.0,0.000138,1,2,246
2025-05-11 15:49:37,cc0c854433b781f9e9fad7a05242c35684ad24cb63fe1000744dc6e65452c300,896276,651976.0,203.0,0.000311,2,2,303
2025-05-11 15:49:37,aafe8d0c0d58434c538ba5474585b516d779c3f412cc1e1271d166f0c7f6b400,896276,33236.0,154.0,0.004634,1,2,205
2025-05-11 15:49:37,2a44c27f10d1f10ba2b14c65893e9e538907c882691376a7c7b7064022c25d00,896276,546.0,152.0,0.278388,1,1,324
2025-05-11 15:49:37,763f3bc9312f85820e1dc699024171e849ba430b8afeea67692e48d2390aa0df,896276,16289.0,154.0,0.009454,1,2,205
2025-05-11 15:49:37,db41d27e9092575ccdbafc602032842c15279a2b8fd25b7129f277ee33af69f0,896276,63383.0,7389.0,0.116577,127,2,13675
2025-05-11 15:49:37,5e21a967c4d9138b8ee17be7a00d998ff5e059f697d500303ea6095d052fe0d9,896276,1101124029.0,3220.0,3e-06,35,27,6029
2025-05-11 15:49:37,d4d28c3d7a1b480315a897177347cf0b3eb9ce32503e06085edfcea57cbd4229,896276,32714.0,1305.0,0.039891,21,2,2345
2025-05-11 15:49:37,57cbe9f7952fe30dd554d50595cb1c1eda6dceb9ee2ba005e7ecb8fe7ae0e6c3,896276,207874.0,502.0,0.002415,4,7,794
2025-05-11 15:49:37,af8ac04a836712d5cd9d6f3932627e25faccd5ead54a55918f2ce8764d6d7d81,896276,212843.0,420.0,0.001973,1,11,502
2025-05-11 15:49:37,3246d8cf3b10a0153600db95ffe4b349b423f3446c0cec7a25dbec2021b7581b,896276,65368.0,757.0,0.011581,6,7,1211
2025-05-11 15:49:37,be2ee431c6c6b83a59054a4f1abaa816c558123c291a46a862ba10a6acfca388,896276,6169.0,734.0,0.118982,3,12,945
2025-05-11 15:49:37,a1b4ae29ba48e8ec810df87ea46947917e51f55063ee1a7edbc659995901bf37,896276,63322.0,643.0,0.010154,2,12,773
2025-05-11 15:49:37,5bfe432afa34252b5dd5f09355c85585e3fa40b486948e3227211b3579550c0b,896276,1958657.0,413.0,0.000211,5,2,815
2025-05-11 15:49:37,fd208edc43d2d30e6dbaadce127ddbf163c51f7a7aa3edf3d5db2507a95ff4eb,896276,1142455.0,209.0,0.000183,2,2,372
2025-05-11 15:49:37,80b49ef36cdd15651d97c44185a1c5dbb871e06d6db85c70c462392a838e6cdb,896276,3518096.0,509.0,0.000145,5,1,911
2025-05-11 15:49:37,7d37c8a3592e873f29625baa54ace423595e575434fe78d2f98e5d46503fe022,896276,99949065.0,345.0,3e-06,4,2,667
2025-05-11 15:49:37,713a25083114e0633dbfbb94da27e8f08e2d5ef2ebc273f7d100aa1ac3dc7567,896276,65945196.0,141.0,2e-06,1,2,223
2025-05-11 15:49:37,0d9336f37d8d4352edf77fa583fe3c0dd2b37ff87dd50ee379838ce4661fc04f,896276,181262.0,852.0,0.0047,6,12,1179
2025-05-11 15:49:37,97f3c19a3e332d285180c6eb0b7420bfc68c19f1c5a775ee0916801b174bfae8,896276,1999344.0,821.0,0.000411,11,2,1706
2025-05-11 15:49:37,a751cd23cfcee75c9eb6b13f9f18ab05001d76302738d04843b6895f8c87a48a,896276,11027.0,383.0,0.034733,5,1,786
2025-05-11 15:49:37,0ed3789a3b6e5dd51032bd3e5313a60319aa88d4284608a79a5bd06a7a828ff8,896276,4187893.0,382.0,9.1e-05,5,1,785
2025-05-11 15:49:37,8d94e7f17bb50350346cb76fae7f925c5847a8624120c9cf2f7de9b6ef88bb11,896276,1200278.0,716.0,0.000597,9,3,1437
2025-05-11 15:49:37,a1f1a48c75377e16c0e13f7714ae324b2b75e6a81fcc5158c704978fe9d2d80e,896276,322068.0,337.0,0.001046,2,1,336
2025-05-11 15:49:37,88f6b4d0567593d11bbd31a7595e6d594ebf52634d4cc8a04babc5c8b6d8871c,896276,4238930.0,958.0,0.000226,13,2,1999
2025-05-11 15:49:37,cdc216ca3df81b1b9efe87cc58d84a7b5ff27cb029398e752cf5a1eefd8ecbef,896276,225666.0,315.0,0.001396,4,1,637
2025-05-11 15:49:37,5158f3d352aeb8815031a0d6ecc3aec23d2b8e32f3fe29df83167bcb9cd6e680,896276,4551334.0,314.0,6.9e-05,4,1,636
2025-05-11 15:49:37,34087beb7ffc16db146291e9b26df03612a87c850964c5c8c1ef21ebfb362343,896276,30492.0,571.0,0.018726,5,7,943
2025-05-11 15:49:37,821cfa300d09c58bad46b889514ec15418be3a44d63e69270ed83b1fb302a4db,896276,1341817.0,278.0,0.000207,3,2,519
2025-05-11 15:49:37,d44ed82d9ceb9b4cf14eef4b2fb20f3290ca32987cc5aa78becc838094533d2a,896276,125888321.0,278.0,2e-06,3,2,520
2025-05-11 15:49:37,cda522babf2e7a1719bcdac6c87b493ee134764b98572ad403bdb2469d68a111,896276,1383488.0,278.0,0.000201,3,2,519
2025-05-11 15:49:37,cedf661bb9de5f5165ee95f58846d5e74f377391235b34276131b1232e5f2905,896276,4833215.0,278.0,5.8e-05,3,2,519
2025-05-11 15:49:37,5984d22aa31779454e6d45160bb24564f51a1a692dedf9baf18da192095820c7,896276,1325416.0,178.0,0.000134,2,1,339
2025-05-11 15:49:37,362fe382f8c91cf8e2544fb88f76f2209355f11a0c245b91fe91a90818b3c07b,896276,1594617.0,2317.0,0.001453,33,2,4958
2025-05-11 15:49:37,c00620d3d594e698a1748be96802899d0c363224d2f7c02b354cbfec01977ffc,896276,512639.0,246.0,0.00048,3,1,487
2025-05-11 15:49:37,2f1c96763c479299f1fb5328b8e6d11fcb344740ada2f5fc8a52ea4c961f4879,896276,2423487.0,246.0,0.000102,3,1,488
2025-05-11 15:49:37,c222343bbc1a0d0d1ccdac3da02082ae169b5a09bf9302a1870af218beb1623d,896276,23615035.0,1456.0,6.2e-05,22,1,2971
2025-05-11 15:49:37,e705a8bc2c1b5af8dd2176738c3f139d490c590f1f21ce18ac7adf784c5508a4,896276,25976.0,237.0,0.009124,1,2,533
2025-05-11 15:49:37,35225c16ba375569240867d4f86acdeff05753868be44e3cf35f95a5b79e1d13,896276,856880.0,234.0,0.000273,2,3,365
2025-05-13 04:23:38,87a2b99186f772dff08535eec03c510342d88ed3e53ddda45025eb53ae6a516d,896497,694945.0,1590.0,0.002288,4,6,699
2025-05-13 04:23:38,e75883e2dc27bd1476ee6c702d2d0977e2955206c7231d86ae2ec8a7755054d4,896497,257118.0,450.0,0.00175,1,2,223
2025-05-13 04:23:38,2b9626043d2c31cf9ad9ecddf1f3321c19a41bdfd8054f3f6e5e3fe2c07c554b,896497,45771.0,457.0,0.009984,1,2,194
2025-05-13 04:23:38,97b1ea7eee5c139822a8c34cc4db08de0f3e85def684b7c6b2cae473e056f4c5,896497,49956.0,426.0,0.008528,1,1,214
2025-05-13 04:23:38,bd0b15bf82f11fc29a7d8ea1db81840df6d98497f80fe663da29fdef53e98a99,896497,2812741.0,452.0,0.000161,1,2,223
2025-05-13 04:23:38,b4261854d5539324e43fbb8a643a97e7093e108a82becc8fa5cb2d6aeea0792d,896497,88713346.0,603.0,7e-06,1,1,188
2025-05-13 04:23:38,50436b785b4c5f0471aa26c49cd04bd035bbdf3d2bca9dbfd38288958ab5ef52,896497,125444.0,636.0,0.00507,1,3,279
2025-05-13 04:23:38,62133e1804757212ec35174b374b6cdbfef92f95ebd8f83b05422bf7d253a3e1,896497,148006.0,1401.0,0.009466,4,5,666
2025-05-13 04:23:38,3c34d53ef1c6b242123f54c2f02b438bc3fd67e3761696b3d2e7e92d661e563a,896497,642969.0,1459.0,0.002269,6,1,933
2025-05-13 04:23:38,157784c1b377dae7165bdf050d255770eda7378cd614bbb57e60290c40494ea4,896497,2234220.0,459.0,0.000205,1,2,222
2025-05-13 04:23:38,f2d71ce00dba0ce468527b164fb579fb76bff3e602cfebd92a505393a1077e5d,896497,688116.0,2004.0,0.002912,6,6,913
2025-05-13 04:23:38,18b414bc80ffbe75879d690a17e9a9c539c6e888a5f84fb9fe335051193ecba7,896497,4580.0,438.0,0.095633,1,1,214
2025-05-13 04:23:38,c9032f96c6e2991bcef5a4cda3ba28d7684dd787b2f189b745be5e341bea48e7,896497,490173196.0,993.0,2e-06,1,7,381
2025-05-13 04:23:38,bd6605cd0f637de658eb8be872486670300cebcb84b5794959db9d062a6d2147,896497,51239894.0,891.0,1.7e-05,1,6,351
2025-05-13 04:23:38,2deac53b4078c4a73cce12c77b0b2d0738a37a13e845e7dcb012dfadf341da68,896497,35523700.0,488.0,1.4e-05,1,2,225
2025-05-13 04:23:38,13dcc9ed66dd8bfeedb7c244320a99841dc75c6e61cef264d2cc27184a6be207,896497,89615.0,385.0,0.004296,1,1,195
2025-05-13 04:23:38,791dd8c18f94e185238dc93cc839efa70490df6746ca9159751b2f06193b46ae,896497,166077.0,482.0,0.002902,1,2,222
2025-05-13 04:23:38,a002d7ef50bcce1c1ceddf24a9a9890d1bdc4020718e5f744a0edca2a1d5d68e,896497,97939.0,482.0,0.004921,1,2,223
2025-05-13 04:23:38,e2ecdb4283b03364a6356e4f4bef10cec5efaf2a1c4ded88a5e4cb8677faa66b,896497,90588.0,482.0,0.005321,1,2,222
2025-05-13 04:23:38,22c7815f371aa3004c99d57910a02558b7e37a727ff9a7bf75cab7e84a02424b,896497,240052.0,482.0,0.002008,1,2,222
2025-05-13 04:23:38,9252840a765b448565d18e8135a4c2fffde9728a21e556a5103e0691c93be20f,896497,777158.0,482.0,0.00062,1,2,222
2025-05-13 04:23:38,61401268d5131dd0fc6d5abf5ab6b1483262606f72bd109e8aa1795547a62194,896497,52331.0,385.0,0.007357,1,1,192
2025-05-13 04:23:38,ba0a9d2b3ad0c13687d9aefbdd4e4e87e989f1d385379e02015ed9db500cd4eb,896497,71921.0,385.0,0.005353,1,1,192
2025-05-13 04:23:38,0c75374f99da75596456e80eadfd1cf4cdd4710a69ccdbcfd01264f650c069bb,896497,219615.0,385.0,0.001753,1,1,192
2025-05-13 04:23:38,7b3470df57341a447c348366e78d0fe2a0e7729bcc78f304f98062dc65360b5e,896497,234903.0,385.0,0.001639,1,1,192
2025-05-13 04:23:38,33574e71c5556f14dc66a584321fe23d7811a540e1041f3aa383526f96e24818,896497,136451.0,385.0,0.002822,1,1,191
2025-05-13 04:23:38,9a8a52ffac5f393244ee8e57f6531240654939eff5d15145f11af1d1e43b0adc,896497,95590.0,390.0,0.00408,1,1,193
2025-05-13 04:23:38,370151be774334e800cd603ec8628d9d9154d3cceceff2f2fa911f4d85f76c5e,896497,335.0,665.0,1.985075,1,1,189
2025-05-13 04:23:38,741ca30600167d2aee603adaa291be42dd41c1392fd9bfb98e00c7fb00f826f8,896497,335.0,665.0,1.985075,1,1,188
2025-05-13 04:23:38,50fe50fdd724fb984f23340ecc02aa6bb63f0b6414461aab3c78a5e80df44c49,896497,335.0,665.0,1.985075,1,1,188
2025-05-13 04:23:38,c5bf59bd4e044690b179bba5d51ac62eef5fe13b6121e5c0af7f8dcb0dd5be30,896497,335.0,665.0,1.985075,1,1,188
2025-05-13 04:23:38,5edd80d3fb269bf2e5c6914fd62aabed9baaf36fdd1c7d5cfe25ab57573f9cc0,896497,58066845.0,731.0,1.3e-05,1,4,285
2025-05-13 04:23:38,2b8cb2c2182eecf2116ab2a209701b016bcd48369b3c8e384629a5319ad44b88,896497,14514645.0,508.0,3.5e-05,1,2,223
2025-05-13 04:23:38,da9876f74d4455eed9d6ad93d3b5d6871bc341a56fbffd00786a8eadb039f4ee,896497,546.0,511.0,0.935897,1,1,269
2025-05-13 04:23:38,9c277da9f77d92dae001a21f29470aefffa422498df181c0ca3f696bf158b339,896497,642509267.0,2860.0,4e-06,1,21,835
2025-05-13 04:23:38,2dd801c85a19c5dd06cabfdcb290a29fe3021b81da0a74e72e844b1e6ef02828,896497,1224408.0,779.0,0.000636,1,3,286
2025-05-13 04:23:38,b4e119aac419198435921a30f930860f032d1b000610397c2f740140ed880cac,896497,5169808454.0,2860.0,1e-06,1,21,833
2025-05-13 04:23:38,ae5efd5bb337851808c774497c25db95977b2fa7e2a5a7cd7d50b6de527ad674,896497,522863.0,421.0,0.000805,1,1,192
2025-05-13 04:23:38,f4f15cdbfb602cc7d5d35725208b3b0ffe7ca0d02e93c176e8cdcc410ce24544,896497,42861976.0,864.0,2e-05,1,2,223
2025-05-13 04:23:38,a8fc2672dd76d6b4efbe92b6714de88bffafea16e68623c372db25378e06baf0,896497,17848.0,1048.0,0.058718,2,3,429
2025-05-13 04:23:38,afdb1e913a059c20b044a3d2c75f781013d255ea27633df1f1e3954a97588cca,896497,526120.0,1462.0,0.002779,2,4,429
2025-05-13 04:23:38,fa6e7accd8869cb477f5584210403326b90494a130e2d514196d1de8526578c8,896497,351149.0,1462.0,0.004163,2,4,428
2025-05-13 04:23:38,3998492994670aa633aeedb350d03bede199170278f59ba18a66bc37aa03ab4d,896497,584443.0,1462.0,0.002502,2,4,428
2025-05-13 04:23:38,9c0e873b179de5cbc9226258d84569956b3a0242a50de21f7be0e0aabfe67aba,896497,1467485.0,1044.0,0.000711,3,4,582
2025-05-13 04:23:38,f40ae0a64bb9e4a8646fae17725ef937adb75d76dd894db81fd9fba520080270,896497,263295.0,1340.0,0.005089,2,1,337
2025-05-13 04:23:38,e36c4fbd2c0097bcb1e2ce373eee4810c08c7d214d38c213c97105a0a6a9f242,896497,181907.0,529.0,0.002908,1,1,215
2025-05-13 04:23:38,fcc3c28e3aa7259c7926461504ebe552bd89501e0d34c9dfcd476691a12ddef9,896497,752798.0,1020.0,0.001355,2,3,386
2025-05-13 04:23:38,ba0263d8e5af7eb42499bfd98b1030ea22f85330befd02603a1d6518f6a71182,896497,7877023.0,588.0,7.5e-05,1,2,228
2025-05-13 04:23:38,6f405f2e0cf386dd005a43287e0af2749d555172080d4999d59125426894d67b,896497,5753842.0,564.0,9.8e-05,1,2,222
2025-05-13 04:23:38,7e6243ce86d136b2121d695e2f54c6334740bfe3253a441937844070a3d5316f,896497,2665533.0,688.0,0.000258,1,3,253
2025-05-13 04:23:38,c8794e9161eec0da494139636e8c4b01148f5450bbf407fa27b4f56935b5a562,896497,519315.0,1056.0,0.002033,2,4,396
2025-05-13 04:23:38,22799127522ba70917d23f0974f7f64a2c56eb26579c2a4d7a9fd5b7fb60a64f,896497,20224.0,440.0,0.021756,1,1,192
2025-05-13 04:23:38,139bbd0a37e85d675c1b936fef573df7e4a18a00f7eccfc80aae0b046d0d9649,896497,43905.0,564.0,0.012846,1,2,222
2025-05-13 04:23:38,55412c5d437d8a975cbfdf8e0070527474db2b7a29d7e7754b511f37b147ad39,896497,4607862.0,568.0,0.000123,1,2,223
2025-05-13 04:23:38,3298f43c24c64c2096a59adbdf18aab8fd4df3be31b42a04d2c46c9105867b0e,896497,466250.0,1909.0,0.004094,2,2,300
2025-05-13 04:23:38,c4414800eb4e681aa7a4e3ed2d2faaf40de2188c1fb4c86d0355164c0a731f2b,896497,18178750.0,240.0,1.3e-05,2,2,301
2025-05-13 04:23:38,2808ecb41178a94a7ebb5a6a7060eb6365483f737cab60fed88ef1d259a272d5,896497,19208675.0,235.0,1.2e-05,1,3,278
2025-05-13 04:23:38,5c6dc50da9a25fe32e0ca9d1d831372f27641e4d7fd234eab82c5ae330a0729c,896497,1696288.0,896.0,0.000528,1,2,223
2025-05-13 04:23:38,809ac4b1a52a63715ae69b67b532756dcfa5b42e0ca704c89664ed8691ea89d5,896497,4045988.0,620.0,0.000153,1,2,205
2025-05-13 04:23:38,c5581bd511f798db9bfb31e9cd5757127ada2193a57e31b26d90d44aa34d0fa3,896497,4218782.0,568.0,0.000135,1,2,223
2025-05-13 04:23:38,efff7802767cd85038bc5e17e394877740c4baf5aa486c1214d67916a910899f,896497,44552.0,448.0,0.010056,1,1,162
2025-05-13 04:23:38,3a5d9189499d34ba51286e63fb11e07afc728d4522e3153b9b98c6865f7133c7,896497,4545.0,452.0,0.09945,1,1,191
2025-05-13 04:23:38,553d9f86f57a770268bcf7d007777ae0ac5c1854d389cb3805d2c1a14079c420,896497,372731257.0,1140.0,3e-06,1,4,357
2025-05-13 04:23:38,dd25cbd834f0f844cb89b147fb742cc30a25b231e62deaffe28237c1783edf02,896497,5553589.0,712.0,0.000128,1,3,253
2025-05-13 04:23:38,78814ffe45762baa5dfa56165d1977c0dd8134a792e6013a274096ea4f2f5a6c,896497,116022.0,1322.0,0.011394,4,1,640
2025-05-13 04:23:38,ea446f9fe33a381b09a633a6e6dd7a7fbf95d009a072a25b3cc2906dcfc92259,896497,90415214.0,595.0,7e-06,1,2,222
2025-05-13 04:23:38,f5d59115c6e8176fc3086d5e96b8d54f8d6a9d9c2d8e045ba4339838bfbb63db,896497,353098312.0,1521.0,4e-06,1,4,358
2025-05-13 04:23:38,41825b5375b2dfcc1d517208476d8ee3ae2d894eeae2aaf33c146276feb9c74c,896497,56944.0,471.0,0.008271,1,1,192
2025-05-13 04:23:38,2794034a241ebf9b3a98bf1e465150c82f45b2f8d0dac24c6eba42f941e07d9c,896497,482605.0,1035.0,0.002145,2,3,338
2025-05-13 04:23:38,bf7c4351871ff7af6c10ee377872bff21085044d4f4e4d87a2e4517095a13f25,896497,1091039.0,4900.0,0.004491,16,1,2411
2025-05-13 04:23:38,f50aa4713316e3e9083a3d552b51a7db32aa20313045b1bf8e048b17656a838d,896497,4368445.0,627.0,0.000144,1,2,222
2025-05-13 04:23:38,c09c182a3db3e77b0339e9c5cc07d7430763d090cc54c7c2e574b201dde12f7b,896497,1509238475.0,47682.0,3.2e-05,5,324,11105
2025-05-13 04:23:38,70d9d962142f2681ef752246e0f3a84ad840e68c7c0aa1b517701bd1084c59c1,896497,618522343.0,101811.0,0.000165,251,2,42996
2025-05-13 04:23:38,31db095e247049a5050cf39973dc516e0bc67b1284af35feaf441d17ff5fabb6,896497,1780010780.0,7953.0,4e-06,2,51,1947
2025-05-13 04:23:38,1a0df7473680f877250b3f20a46768eb79793fceb9c58473b119e1a5a956a862,896497,6109904.0,1609.0,0.000263,1,9,442
2025-05-13 04:23:38,1545e541a8dd71de193dbf976f6e5bff8a3a745f5af2bc8da532f50b3ee8965e,896497,49492.0,508.0,0.010264,1,1,194
2025-05-13 04:23:38,516939ecda6489ab9c462017d2ddd2977a0b5ab98ffdf00bcb95b126e857cea6,896497,1768146.0,855.0,0.000484,1,1,189
2025-05-13 04:23:38,811761a57f093dda3526bb0f4f477398d6d1f42e802fe857d93eb8110d3459fd,896497,13100.0,646.0,0.049313,1,2,222
2025-05-13 04:23:38,ab16d3a4043817d511490422118a53967c560c68d4c33dea46c82ffa52fd6659,896497,9854068.0,720.0,7.3e-05,1,2,235
2025-05-13 04:23:38,aaeee6c301ecd120b3f9a35804ef70693c2ad831cd9470a31e2df72d60c8266c,896497,53098789.0,1128.0,2.1e-05,1,3,301
2025-05-13 04:23:38,f644aba224a96defc080ed9e1a9dbbc686dd06829aa647beba2bc00d4c28cd8b,896497,53344705.0,1000.0,1.9e-05,1,3,313
2025-05-13 04:23:38,92e2dd8e567f166cdbbd6859661297842b8f543ba7a57641176157f45f35696a,896497,406916.0,1104.0,0.002713,1,5,316
2025-05-13 04:23:38,859064e805e8a592d5cc0caaefcac4897d41e83e44a4859b62a454b37ba895da,896497,481121.0,1405.0,0.00292,3,3,445
2025-05-13 04:23:38,3c61d481c9feffebf30d08c7d6b14a55f07b86177efbe051eb13521c009906e2,896497,849535.0,1064.0,0.001252,1,2,223
2025-05-13 04:23:38,0d96b47077c6b2f6d3c99cff87f60aa9dd85114198502110d3c22430e5a418d4,896497,26680845.0,1064.0,4e-05,1,2,223
2025-05-13 04:23:38,c8d9b63bd1a8f9568a36c99d7e43e30e0e571ae1a8c8cf5ac81f24cb6030fc7c,896497,45865288.0,1064.0,2.3e-05,1,2,223
2025-05-13 04:23:38,0c4e71594335042258effab144d8030527210ffd1e528d0c65d44ea1eccbbeb8,896497,8041.0,547.0,0.068026,1,1,195
2025-05-13 04:23:38,813a6a8a120e3f2095ea336fd0c2b3022972ca98756a9a38ea18e8047622863e,896497,1066300.0,687.0,0.000644,1,2,222
2025-05-13 04:23:38,ebb43aebe5c4224d564aa6a4abf480b88bbdcd725b39c9d155c0e4d80c1a48b6,896497,848712.0,818.0,0.000964,1,2,248
2025-05-13 04:23:38,4b5a3148f1abe03a97e4365b932b49a0b05d5cdb3c097cc7453e88991c1c44ce,896497,28195000.0,700.0,2.5e-05,1,2,223
2025-05-13 04:23:38,41898d48c2305a1dc00614fa66cad141644cdf3ec458001bda1af7c835167fd7,896497,1300605.0,699.0,0.000537,1,2,222
2025-05-13 04:23:38,b527275fc7b31ec9077fb6be66387f8bf12d3cebc39544bbaa47eb4bdfb888a7,896497,2423680.0,699.0,0.000288,1,2,222
2025-05-13 04:23:38,e9453a86b5e439366b733c31b29dc08b77b238e67192f74cde5d762ac2471b11,896497,1141279.0,699.0,0.000612,1,2,222
2025-05-13 04:23:38,a517391e20d60b6a065213c0d86ed6ed84b10ea430d1e198ebc5205820da6f90,896497,1335467.0,704.0,0.000527,1,2,223
2025-05-13 04:23:38,eb52df68f8100bee2ea33385fdc0cfb64b1c2c419a704587ab4543d0141b0cf2,896497,1432722.0,714.0,0.000498,1,2,225
2025-05-13 04:23:38,ebc92ec84414990a83c6f4f3714f7e47cc1eca415aa973742df91810f5a972ac,896497,1200894.0,714.0,0.000595,1,2,225
2025-05-13 04:23:38,be2a501a1c9cd174540c95b0f4fed719be3968c9bd39e8b520665e615d571eaa,896497,1032111.0,714.0,0.000692,1,2,225
2025-05-13 04:23:38,e0cdccb19ec966fde62d2b18a826af9ea3f4ffb9326b40a434c67a3bb5433ca9,896497,1268458.0,714.0,0.000563,1,2,225
2025-05-13 04:23:38,da8a06a33ac4deff7c270d81fea86039ebc7b881f27de1a61e9723ffb0aa974f,896497,1057993.0,714.0,0.000675,1,2,225
2025-05-13 04:23:38,755ef97681d9936388d2cd3a18d84b752e5af7bae6e091bd04e2ca8f90f2aecf,896497,2004628.0,1047.0,0.000522,2,2,373
2025-05-14 17:04:35,51458fcf57a9579c724c83f0234ab1f42faac0d13ec373de69fc2c13b0d4c101,896698,1998419.0,513.0,0.000257,1,1,193
2025-05-14 17:04:35,7f5961d7c26e6c62d354a81d03948793bab98cec51584bf104c4a5f129889e82,896698,4353071.0,1618.0,0.000372,1,7,541
2025-05-14 17:04:35,3cbc15478d104c2e7ab77c62d06f50e7149e34ffa637c9f0b4f6885878509fff,896698,91946072.0,1521.0,1.7e-05,2,2,710
2025-05-14 17:04:35,df96a60a0dad8bf6c86a4934fb52d4744a29d73ea391140a6faf782e1e10c759,896698,374334.0,666.0,0.001779,1,1,192
2025-05-14 17:04:35,e4d629defc2a8f8d756b02f7c35ff65fe7fe145ab7cc719c109c4f1f2bc9327c,896698,8645426.0,3265.0,0.000378,8,6,1382
2025-05-14 17:04:35,68c1ca271e9d01a33a33924bcb9f6e3afd9752bbf7ea3c26811315ab410e2ecd,896698,1114378.0,1360.0,0.00122,2,2,676
2025-05-14 17:04:35,c2da869c5295a1f47ba826065a9b8436759f77369578d264c6705c617d966304,896698,24255280.0,1374.0,5.7e-05,1,5,488
2025-05-14 17:04:35,9bf87e9c13cd237465cbb264ef2ad693ad0a923a36e3d8ecb9a5c9ab54ddd8ed,896698,10031938.0,1226.0,0.000122,1,4,457
2025-05-14 17:04:35,6c3bc3441bc95bc7a604c95edc3b1fc11a43de844066ce28de5bb35a056303a1,896698,12996329.0,2166.0,0.000167,3,2,1038
2025-05-14 17:04:35,cdd7f28ca396130fafdea3f1f46df9fa11a1678fa8598f8337585bef79e15e82,896698,454361.0,876.0,0.001928,1,2,380
2025-05-14 17:04:35,d587f206597ce6d4d4ddf3f9d020959842a8dfc809a75d7dce8e34ae49956760,896698,461041.0,876.0,0.0019,1,2,381
2025-05-14 17:04:35,64443d09c98344a2975f20f8936ee9e4633b21aab7a43fb77dac617dd74a6bdc,896698,468689.0,1521.0,0.003245,2,2,710
2025-05-14 17:04:35,9cce0b8ad291cca9eed4bf40a59da358dec59cc01415a61af52a50312b0efb6d,896698,22841415.0,653.0,2.9e-05,1,2,222
2025-05-14 17:04:35,521acd4fa9b2c6d634d0957ac87f3ead894852f2c963e618ec650da89af9346d,896698,147375581.0,1033.0,7e-06,1,3,415
2025-05-14 17:04:35,bedd16dd834c787e00573767eda3764623d9cdc5858222ed57da95d3c64c6788,896698,10903745.0,2525.0,0.000232,4,3,1305
2025-05-14 17:04:35,8195353df164cea3555d1bfc4fe3253c3e4306d5ba3e1a89fd3f2f9ef21e165b,896698,1913479.0,1682.0,0.000879,2,2,744
2025-05-14 17:04:35,40c8a2fafa3f315b24cad7cc1028e67a3818508035a8f3044e15432b582f067d,896698,13770007.0,876.0,6.4e-05,1,2,379
2025-05-14 17:04:35,984de3c977fe9c28b4a0a58ba97193de357d9f08a9ccb3ee5e90db6e3ea1b44c,896698,101173761.0,876.0,9e-06,1,2,379
2025-05-14 17:04:35,a519e4e316ed494e099cd6712ef1a160598d70df19bc1d3770fd2d825d8ebe3a,896698,1220058.0,876.0,0.000718,1,2,381
2025-05-14 17:04:35,2a26296d0d7f397edbb23fe985f1538e99337d0c557ac7beb0e9b3faeb359e12,896698,14443727.0,876.0,6.1e-05,1,2,380
2025-05-14 17:04:35,972699ab50c39a906415bd28a62b898b5196a6ec34a1c027a8bf38fa03c133ba,896698,6209802.0,890.0,0.000143,1,2,382
2025-05-14 17:04:35,d9335f1fe471a4882ee5268305ac5f941eebf284c1dd61eb8433caae2cb5a48e,896698,588562433.0,5767.0,1e-05,11,2,3333
2025-05-14 17:04:35,1762500381b0380889b0c0ed67523500dcf00cf05e3d3a7f278d219b1e8e9c15,896698,905756898.0,846.0,1e-06,1,2,223
2025-05-14 17:04:35,861ad4626e6c226569b7d98b68f8435da7b41f9b4262ddc5db69e503beef5834,896698,905813635.0,846.0,1e-06,1,2,222
2025-05-14 17:04:35,c78db8868d3d2a7e65877c7e8818902fe7cd91dc834b37ffed3ac954bde479f9,896698,907650910.0,413.0,0.0,1,3,253
2025-05-14 17:04:35,df7ff2e6e1a9219634111367510401391de532974f53e3b5df9098dc39235d41,896698,89260196.0,932.0,1e-05,1,2,391
2025-05-14 17:04:35,77bf59bcf9fb3863ed3e8634c2777671ba83365d53c7b0d0a469977b6900bbf3,896698,21822182.0,881.0,4e-05,1,2,381
2025-05-14 17:04:35,c73a49ca76f889ec849be419d476b6ea6bb4870d9bb8a0ccb541e9e0b602025e,896698,12176308.0,881.0,7.2e-05,1,2,380
2025-05-14 17:04:35,3c40873f9c6fce0a32b8e20c4916d07c82c4949c33ae93b2a6bfeec090acfe3f,896698,12992622.0,881.0,6.8e-05,1,2,382
2025-05-14 17:04:35,3ea4f9f06d0fd3016cf3dacc6703454da026314d811e16e334eb5b0e26f79a98,896698,409799.0,705.0,0.00172,1,2,233
2025-05-14 17:04:35,dd2e621f8d2c82a210518e51861e1cfed73ce2f461c025a4d9d9beaa2d721514,896698,16674868.0,29054.0,0.001742,58,6,17268
2025-05-14 17:04:35,806c15663397aa9ae9bb8758d3c7d92b1f460eeff769fa7cb81966da8af24ba9,896698,606647.0,2420.0,0.003989,3,6,616
2025-05-14 17:04:35,20abb41eea835afd260a013171bff655e52962847b6ff1bbe4e6f3d7bfdf7af5,896698,749713.0,1086.0,0.001449,2,5,453
2025-05-14 17:04:35,12e9f5a5990cf5eeec4fe046b4e2c732c6e3a251e882d602b01d1fb167f458c4,896698,10314828.0,1068.0,0.000104,2,1,340
2025-05-14 17:04:35,4d264cec0b6ba3146350585a8adb0bf0bbe539d6a845cc24ae5c355bf76b9bfe,896698,7492947.0,1112.0,0.000148,3,2,519
2025-05-14 17:04:35,693c0b2f2a2504c71069619e38989a27fdb59a219e0126cae7461f8f6e083eb6,896698,7352243.0,440.0,6e-05,1,1,191
2025-05-14 17:04:35,56d4c1dda01124be769e0e355cee35e8b32e23e051308df093d853fd1a238658,896698,246282.0,842.0,0.003419,1,2,346
2025-05-14 17:04:35,1072cc7e73585778cea1d4c34fe7c987d7e57624a46d96ee2a687d469f1f37f7,896698,758072.0,2601.0,0.003431,8,2,962
2025-05-14 17:04:35,1818c1a41a1834040130d667cd8d24c4153d209247fb2fb8c0f93efb464431b7,896698,12343.0,657.0,0.053229,1,2,222
2025-05-14 17:04:35,d8289caf38bab6b582fcffe15452558a229cf2411dca8cd2d16b77dffb3538b4,896698,247343.0,657.0,0.002656,1,2,223
2025-05-14 17:04:35,20e11e1ffe432f04d64ed322003e57db4849801ad72c8fe38fce2c26df6692eb,896698,29251.0,513.0,0.017538,1,1,191
2025-05-14 17:04:35,b8c7f48cc6340c90e53c98ce41dcbd4a195ac2b0891d5ef82df9ee440bbd54ea,896698,425258.0,513.0,0.001206,1,1,192
2025-05-14 17:04:35,d76529bc70f9ab098ec4b24b03590d907f54f7534802985173104c23261580e6,896698,46456.0,513.0,0.011043,1,1,191
2025-05-14 17:04:35,b831f9c5e49f8c93b693b1a0ec56f503aecb3887dfc8369acf8c778e480cd6e4,896698,3892358.0,513.0,0.000132,1,1,192
2025-05-14 17:04:35,f89c757ec56448c9130b8f1150827af7a0d6bc1f4cdf99e2be7156cf2f789be3,896698,999487.0,513.0,0.000513,1,1,191
2025-05-14 17:04:35,28b85e24b24ef32836afdcf4729157709437f5d77c3e56dfbd5d8c3e639aafc9,896698,1047407.0,513.0,0.00049,1,1,192
2025-05-14 17:04:35,bc3472e9646c0ea17a3191591b6ad2e358e3c1e92e66f93b8317ddb8e1c3a5c7,896698,20686.0,513.0,0.024799,1,1,192
2025-05-14 17:04:35,b38258b52f6b84a86922694fbb43855f7ba4629181159d74d00641e97db373c3,896698,370748.0,513.0,0.001384,1,1,192
2025-05-14 17:04:35,7e8fd42eb4c903b2c26b2d24e3ebb2ea5d9d161a8a39b58ee397f0e2a033b1ab,896698,112487.0,513.0,0.004561,1,1,191
2025-05-14 17:04:35,5327a84b1bc389b5719e3da74ddb6247a39306a4a7fbdd6f500c5db34654858e,896698,240913.0,513.0,0.002129,1,1,191
2025-05-14 17:04:35,03250d0f02b911033c8903855c5591b80d1479c47b478cadaa636f40c32a148b,896698,27233.0,513.0,0.018837,1,1,192
2025-05-14 17:04:35,51d85d193f5ac393125c3f34c5aaf220d3af634505b93d892a6e1987ff21216f,896698,262584.0,513.0,0.001954,1,1,192
2025-05-14 17:04:35,cfd00caa707defbcc31526e75c8ed6766aa4e492e815904a720399a4012a935d,896698,1260315.0,513.0,0.000407,1,1,192
2025-05-14 17:04:35,bcd3aec09021d9ef6070275a330d99d3a010a09ca420e36fb808093482aeee5c,896698,67187.0,513.0,0.007635,1,1,191
2025-05-14 17:04:35,609b0b1b2ac14073ebac8b948382441057aa7d4ced2df722f9d5e54e9bacf94e,896698,19440.0,513.0,0.026389,1,1,191
2025-05-14 17:04:35,cfaba018480a3c0ff66852b4d1d6b7961dafc9e8d4db90de3565899b08c0be38,896698,498636947.0,513.0,1e-06,1,1,191
2025-05-14 17:04:35,e5c37abbc66a947689a581b4e491e84ca6b706f351f6d4c9d41e3b2585937035,896698,356027.0,513.0,0.001441,1,1,191
2025-05-14 17:04:35,2189e65fa2ea7db0d08545f9a283d07b394cbe5de98c8b09212ec23fbc81cd26,896698,2617441.0,513.0,0.000196,1,1,191
2025-05-14 17:04:35,5b28bcba428cf2a3870e91477126d01da254fafff299aea093a733543c04361d,896698,14765.0,513.0,0.034744,1,1,192
2025-05-14 17:04:35,b0ec6af6a4774d2ad3a22814541b95b7cb502aedae95d06a283ffa268783290b,896698,144353.0,513.0,0.003554,1,1,192
2025-05-14 17:04:35,8ec9b454fca5aabaa6dccd1e1d9768b7dae4b037bcfec3534651098961abf7eb,896698,6746602.0,933.0,0.000138,2,2,302
2025-05-14 17:04:35,746b80cad5a2f615ec7ff9ef790875a7165eb1dd2d901479f8ac83a47774b145,896698,70878.0,621.0,0.008762,1,1,214
2025-05-14 17:04:35,93a1e6948d60eddc4da328057051e408548ac38bc195c7d4f2224e1232802ae2,896698,99967355.0,645.0,6e-06,1,1,267
2025-05-14 17:04:35,0816d584e2806ea965bef1c589525368eba0c9516b17cfee009cea2e68f483c0,896698,3355500.0,660.0,0.000197,1,2,222
2025-05-14 17:04:35,23bd5c45fa11874d1c6a71c806f308f434004f0f75209747ade9850e59e68841,896698,38340.0,660.0,0.017214,1,2,223
2025-05-14 17:04:35,e3cffa6061935a0e4843b8ee9716512b2282fe7757fb003f69239960ff2269ab,896698,889123.0,2084.0,0.002344,5,2,816
2025-05-14 17:04:35,d52326f8bec8c562e174375d321376c36436913f21770f30de4cf969c3b2a681,896698,886019.0,583.0,0.000658,1,2,222
2025-05-14 17:04:35,128ea0dafe4fbf4ea10387e5dc74a51576495bcd957b6935cd9a9429821144c6,896698,1525183.0,583.0,0.000382,1,2,223
2025-05-14 17:04:35,cfa95821a7709b01179e81c72cf94f06b3c4670d8cc96319582535fc5eed3e81,896698,3937543.0,1254.0,0.000318,2,2,371
2025-05-14 17:04:35,9a50592584243e564bb25494662c8cb528c8de706e0bf340c54b0495d5f429b8,896698,11487090.0,4491.0,0.000391,1,29,1099
2025-05-14 17:04:35,42d3c65cabb0386b7741bc63f64104d22df66b2228b538a561c1bef1dc0d35e8,896698,8707327.0,3824.0,0.000439,5,2,815
2025-05-14 17:04:35,b648d68b95182217f136e88b09306424d9eebb638297ea98153c43df269534d7,896698,92817.0,1200.0,0.012929,1,1,191
2025-05-14 17:04:35,1ef455d12b292e77a243fb2860b876927ca9072255645ff05bd0b82fb3b74f55,896698,55046011.0,2246.0,4.1e-05,1,17,705
2025-05-14 17:04:35,8a20b7fc4ff8942d90d789615a9e20f593ccfadd3e8a5ed84bad6d8826b17d1d,896698,237370.0,630.0,0.002654,1,1,215
2025-05-14 17:04:35,5b4c3d9e610a7b6fecfaede86c767ba5243d4e920cc539c5ed48630bdb9a022f,896698,1814.0,852.0,0.46968,2,1,343
2025-05-14 17:04:35,25a4c0ccc38e1903288845cb5cf6d82ae9dad38aad946a702eb9513cd394a6d3,896698,220979.0,678.0,0.003068,1,2,225
2025-05-14 17:04:35,8dea2c8a3ef977acb87abb1248fe6d65b1bb4d60b3c0dddac912573ad70aa6a7,896698,150872.0,678.0,0.004494,1,2,226
2025-05-14 17:04:35,b09218da8c52f504f960ac9708a13232b394487a8c31e0760085f3475fa6eaca,896698,480399.0,562.0,0.00117,1,1,195
2025-05-14 17:04:35,9dacd7e9ca3996902ea57810b495ccb6bc9ecc22ffba2c9809488479d2664e4b,896698,1399519.0,1389.0,0.000992,3,2,521
2025-05-14 17:04:35,a4763a6bf5d356e898e6855b6f4652f0b294c3f83678ce2a1ba6efe9c222df93,896698,2269576.0,573.0,0.000252,1,2,226
2025-05-14 17:04:35,fd55c1e098b8b14669266a5cd4909b2f8e6aaad32399e65ac56bbaf465b123ba,896698,2904573.0,982.0,0.000338,1,2,223
2025-05-14 17:04:35,ab888c7d1011d882a4efa9e0479d06b167a119686305b37ee5c2a74b7c47ada9,896698,2934593.0,561.0,0.000191,1,2,222
2025-05-14 17:04:35,81f48756716397740616ee584ce514adc26b627d987eceec30eeb702252cc672,896698,3658409.0,561.0,0.000153,1,2,223
2025-05-14 17:04:35,4e60fc6f02723b65d3382f3413eafb0b6af8ca0de4b00400330aa8437840adb3,896698,4625889.0,561.0,0.000121,1,2,223
2025-05-14 17:04:35,f2b3711aa21aaf04dbe1123dfd2ef4da7684f6d80230e0f7625722431931fe31,896698,462553.0,524.0,0.001133,1,1,191
2025-05-14 17:04:35,12dfb57d32580b7b613e6dc9fb9985acdc98103e96de47bc57bf47a046aee630,896698,19999475.0,525.0,2.6e-05,1,1,191
2025-05-14 17:04:35,080211dda4135ea6a8bae5812da307e41bedf8bdd0515f212b352a96daa0d084,896698,7865869.0,918.0,0.000117,1,2,235
2025-05-14 17:04:35,3aa064c6ffadeac6bed79575d0347f333d03ea217073cc36fd830174a47eb1b4,896698,7952326.0,846.0,0.000106,1,2,222
2025-05-14 17:04:35,e521ec96be89973e6561fc68833d1fd6c92f0ac4c8501b2f914703b81fbcd9de,896698,7967696.0,734.0,9.2e-05,1,2,234
2025-05-14 17:04:35,bc6b4e23891ec1ab978faeeba86dadab86d4ff1d5e5da92598092e797ba86a54,896698,8051588.0,677.0,8.4e-05,1,2,223
2025-05-14 17:04:35,46b22b2ff738012dcd8b2fe2c0c227c4da5c6cf2cbfbab8621bcb13aed8eda9f,896698,8809092.0,367.0,4.2e-05,1,2,235
2025-05-14 17:04:35,b0a7679532ad8e4a9b4f3cdc02105a570d9779e2e454e8d67b78554d0e833a0a,896698,9675.0,851.0,0.087959,2,1,341
2025-05-14 17:04:35,dcc64eb4174619235cd69667f63d8e912c9237bedb646077387573598c7421ef,896698,70719848.0,734.0,1e-05,1,2,234
2025-05-14 17:04:35,92d822b7a85b6540b61f31d2b25b7a6aca8f95c96a7979c23e5f58c5523f0fa9,896698,3488670029.0,734.0,0.0,1,2,235
2025-05-14 17:04:35,3b5ff96634c97d325faf0bc79c292f0f1e47f13c4dbd02531716c982a0b6676e,896698,24136392.0,734.0,3e-05,1,2,235
2025-05-14 17:04:35,9585c47ea4e679c9f09095d2100ad7504eca287aee7d351ba364bd12c69d960e,896698,84467.0,734.0,0.00869,1,2,234
2025-05-14 17:04:35,74481dcad31aac8a3d2263e75ae66fd8e00904e899da3db0371b627b34fb6596,896698,25591499.0,830.0,3.2e-05,1,3,255
2025-05-14 17:04:35,ffb900b4ae585fb42b9e3802a37730bf5cc0f49518205316515ea28582886ca9,896698,7140177647.0,974.0,0.0,1,4,284
2025-05-14 17:04:35,7ff8638530329e42dc388a9df290f674b1c2bc2e14a8d1e2bb70c29797673139,896698,20932813.0,1286.0,6.1e-05,1,6,349
2025-05-14 17:04:35,fe1cd4924a54315c1dd6dcae38c514e878938f0f8b6de131c117dc6b722ef1d8,896698,83679310.0,691.0,8e-06,1,2,225
2025-05-14 17:04:35,51458fcf57a9579c724c83f0234ab1f42faac0d13ec373de69fc2c13b0d4c101,896698,1998419.0,513.0,0.000257,1,1,193
2025-05-14 17:04:35,7f5961d7c26e6c62d354a81d03948793bab98cec51584bf104c4a5f129889e82,896698,4353071.0,1618.0,0.000372,1,7,541
2025-05-14 17:04:35,3cbc15478d104c2e7ab77c62d06f50e7149e34ffa637c9f0b4f6885878509fff,896698,91946072.0,1521.0,1.7e-05,2,2,710
2025-05-14 17:04:35,df96a60a0dad8bf6c86a4934fb52d4744a29d73ea391140a6faf782e1e10c759,896698,374334.0,666.0,0.001779,1,1,192
2025-05-14 17:04:35,e4d629defc2a8f8d756b02f7c35ff65fe7fe145ab7cc719c109c4f1f2bc9327c,896698,8645426.0,3265.0,0.000378,8,6,1382
2025-05-14 17:04:35,68c1ca271e9d01a33a33924bcb9f6e3afd9752bbf7ea3c26811315ab410e2ecd,896698,1114378.0,1360.0,0.00122,2,2,676
2025-05-14 17:04:35,c2da869c5295a1f47ba826065a9b8436759f77369578d264c6705c617d966304,896698,24255280.0,1374.0,5.7e-05,1,5,488
2025-05-14 17:04:35,9bf87e9c13cd237465cbb264ef2ad693ad0a923a36e3d8ecb9a5c9ab54ddd8ed,896698,10031938.0,1226.0,0.000122,1,4,457
2025-05-14 17:04:35,6c3bc3441bc95bc7a604c95edc3b1fc11a43de844066ce28de5bb35a056303a1,896698,12996329.0,2166.0,0.000167,3,2,1038
2025-05-14 17:04:35,cdd7f28ca396130fafdea3f1f46df9fa11a1678fa8598f8337585bef79e15e82,896698,454361.0,876.0,0.001928,1,2,380
2025-05-14 17:04:35,d587f206597ce6d4d4ddf3f9d020959842a8dfc809a75d7dce8e34ae49956760,896698,461041.0,876.0,0.0019,1,2,381
2025-05-14 17:04:35,64443d09c98344a2975f20f8936ee9e4633b21aab7a43fb77dac617dd74a6bdc,896698,468689.0,1521.0,0.003245,2,2,710
2025-05-14 17:04:35,9cce0b8ad291cca9eed4bf40a59da358dec59cc01415a61af52a50312b0efb6d,896698,22841415.0,653.0,2.9e-05,1,2,222
2025-05-14 17:04:35,521acd4fa9b2c6d634d0957ac87f3ead894852f2c963e618ec650da89af9346d,896698,147375581.0,1033.0,7e-06,1,3,415
2025-05-14 17:04:35,bedd16dd834c787e00573767eda3764623d9cdc5858222ed57da95d3c64c6788,896698,10903745.0,2525.0,0.000232,4,3,1305
2025-05-14 17:04:35,8195353df164cea3555d1bfc4fe3253c3e4306d5ba3e1a89fd3f2f9ef21e165b,896698,1913479.0,1682.0,0.000879,2,2,744
2025-05-14 17:04:35,40c8a2fafa3f315b24cad7cc1028e67a3818508035a8f3044e15432b582f067d,896698,13770007.0,876.0,6.4e-05,1,2,379
2025-05-14 17:04:35,984de3c977fe9c28b4a0a58ba97193de357d9f08a9ccb3ee5e90db6e3ea1b44c,896698,101173761.0,876.0,9e-06,1,2,379
2025-05-14 17:04:35,a519e4e316ed494e099cd6712ef1a160598d70df19bc1d3770fd2d825d8ebe3a,896698,1220058.0,876.0,0.000718,1,2,381
2025-05-14 17:04:35,2a26296d0d7f397edbb23fe985f1538e99337d0c557ac7beb0e9b3faeb359e12,896698,14443727.0,876.0,6.1e-05,1,2,380
2025-05-14 17:04:35,972699ab50c39a906415bd28a62b898b5196a6ec34a1c027a8bf38fa03c133ba,896698,6209802.0,890.0,0.000143,1,2,382
2025-05-14 17:04:35,d9335f1fe471a4882ee5268305ac5f941eebf284c1dd61eb8433caae2cb5a48e,896698,588562433.0,5767.0,1e-05,11,2,3333
2025-05-14 17:04:35,1762500381b0380889b0c0ed67523500dcf00cf05e3d3a7f278d219b1e8e9c15,896698,905756898.0,846.0,1e-06,1,2,223
2025-05-14 17:04:35,861ad4626e6c226569b7d98b68f8435da7b41f9b4262ddc5db69e503beef5834,896698,905813635.0,846.0,1e-06,1,2,222
2025-05-14 17:04:35,c78db8868d3d2a7e65877c7e8818902fe7cd91dc834b37ffed3ac954bde479f9,896698,907650910.0,413.0,0.0,1,3,253
2025-05-14 17:04:35,df7ff2e6e1a9219634111367510401391de532974f53e3b5df9098dc39235d41,896698,89260196.0,932.0,1e-05,1,2,391
2025-05-14 17:04:35,77bf59bcf9fb3863ed3e8634c2777671ba83365d53c7b0d0a469977b6900bbf3,896698,21822182.0,881.0,4e-05,1,2,381
2025-05-14 17:04:35,c73a49ca76f889ec849be419d476b6ea6bb4870d9bb8a0ccb541e9e0b602025e,896698,12176308.0,881.0,7.2e-05,1,2,380
2025-05-14 17:04:35,3c40873f9c6fce0a32b8e20c4916d07c82c4949c33ae93b2a6bfeec090acfe3f,896698,12992622.0,881.0,6.8e-05,1,2,382
2025-05-14 17:04:35,3ea4f9f06d0fd3016cf3dacc6703454da026314d811e16e334eb5b0e26f79a98,896698,409799.0,705.0,0.00172,1,2,233
2025-05-14 17:04:35,dd2e621f8d2c82a210518e51861e1cfed73ce2f461c025a4d9d9beaa2d721514,896698,16674868.0,29054.0,0.001742,58,6,17268
2025-05-14 17:04:35,806c15663397aa9ae9bb8758d3c7d92b1f460eeff769fa7cb81966da8af24ba9,896698,606647.0,2420.0,0.003989,3,6,616
2025-05-14 17:04:35,20abb41eea835afd260a013171bff655e52962847b6ff1bbe4e6f3d7bfdf7af5,896698,749713.0,1086.0,0.001449,2,5,453
2025-05-14 17:04:35,12e9f5a5990cf5eeec4fe046b4e2c732c6e3a251e882d602b01d1fb167f458c4,896698,10314828.0,1068.0,0.000104,2,1,340
2025-05-14 17:04:35,4d264cec0b6ba3146350585a8adb0bf0bbe539d6a845cc24ae5c355bf76b9bfe,896698,7492947.0,1112.0,0.000148,3,2,519
2025-05-14 17:04:35,693c0b2f2a2504c71069619e38989a27fdb59a219e0126cae7461f8f6e083eb6,896698,7352243.0,440.0,6e-05,1,1,191
2025-05-14 17:04:35,56d4c1dda01124be769e0e355cee35e8b32e23e051308df093d853fd1a238658,896698,246282.0,842.0,0.003419,1,2,346
2025-05-14 17:04:35,1072cc7e73585778cea1d4c34fe7c987d7e57624a46d96ee2a687d469f1f37f7,896698,758072.0,2601.0,0.003431,8,2,962
2025-05-14 17:04:35,1818c1a41a1834040130d667cd8d24c4153d209247fb2fb8c0f93efb464431b7,896698,12343.0,657.0,0.053229,1,2,222
2025-05-14 17:04:35,d8289caf38bab6b582fcffe15452558a229cf2411dca8cd2d16b77dffb3538b4,896698,247343.0,657.0,0.002656,1,2,223
2025-05-14 17:04:35,20e11e1ffe432f04d64ed322003e57db4849801ad72c8fe38fce2c26df6692eb,896698,29251.0,513.0,0.017538,1,1,191
2025-05-14 17:04:35,b8c7f48cc6340c90e53c98ce41dcbd4a195ac2b0891d5ef82df9ee440bbd54ea,896698,425258.0,513.0,0.001206,1,1,192
2025-05-14 17:04:35,d76529bc70f9ab098ec4b24b03590d907f54f7534802985173104c23261580e6,896698,46456.0,513.0,0.011043,1,1,191
2025-05-14 17:04:35,b831f9c5e49f8c93b693b1a0ec56f503aecb3887dfc8369acf8c778e480cd6e4,896698,3892358.0,513.0,0.000132,1,1,192
2025-05-14 17:04:35,f89c757ec56448c9130b8f1150827af7a0d6bc1f4cdf99e2be7156cf2f789be3,896698,999487.0,513.0,0.000513,1,1,191
2025-05-14 17:04:35,28b85e24b24ef32836afdcf4729157709437f5d77c3e56dfbd5d8c3e639aafc9,896698,1047407.0,513.0,0.00049,1,1,192
2025-05-14 17:04:35,bc3472e9646c0ea17a3191591b6ad2e358e3c1e92e66f93b8317ddb8e1c3a5c7,896698,20686.0,513.0,0.024799,1,1,192
2025-05-14 17:04:35,b38258b52f6b84a86922694fbb43855f7ba4629181159d74d00641e97db373c3,896698,370748.0,513.0,0.001384,1,1,192
2025-05-14 17:04:35,7e8fd42eb4c903b2c26b2d24e3ebb2ea5d9d161a8a39b58ee397f0e2a033b1ab,896698,112487.0,513.0,0.004561,1,1,191
2025-05-14 17:04:35,5327a84b1bc389b5719e3da74ddb6247a39306a4a7fbdd6f500c5db34654858e,896698,240913.0,513.0,0.002129,1,1,191
2025-05-14 17:04:35,03250d0f02b911033c8903855c5591b80d1479c47b478cadaa636f40c32a148b,896698,27233.0,513.0,0.018837,1,1,192
2025-05-14 17:04:35,51d85d193f5ac393125c3f34c5aaf220d3af634505b93d892a6e1987ff21216f,896698,262584.0,513.0,0.001954,1,1,192
2025-05-14 17:04:35,cfd00caa707defbcc31526e75c8ed6766aa4e492e815904a720399a4012a935d,896698,1260315.0,513.0,0.000407,1,1,192
2025-05-14 17:04:35,bcd3aec09021d9ef6070275a330d99d3a010a09ca420e36fb808093482aeee5c,896698,67187.0,513.0,0.007635,1,1,191
2025-05-14 17:04:35,609b0b1b2ac14073ebac8b948382441057aa7d4ced2df722f9d5e54e9bacf94e,896698,19440.0,513.0,0.026389,1,1,191
2025-05-14 17:04:35,cfaba018480a3c0ff66852b4d1d6b7961dafc9e8d4db90de3565899b08c0be38,896698,498636947.0,513.0,1e-06,1,1,191
2025-05-14 17:04:35,e5c37abbc66a947689a581b4e491e84ca6b706f351f6d4c9d41e3b2585937035,896698,356027.0,513.0,0.001441,1,1,191
2025-05-14 17:04:35,2189e65fa2ea7db0d08545f9a283d07b394cbe5de98c8b09212ec23fbc81cd26,896698,2617441.0,513.0,0.000196,1,1,191
2025-05-14 17:04:35,5b28bcba428cf2a3870e91477126d01da254fafff299aea093a733543c04361d,896698,14765.0,513.0,0.034744,1,1,192
2025-05-14 17:04:35,b0ec6af6a4774d2ad3a22814541b95b7cb502aedae95d06a283ffa268783290b,896698,144353.0,513.0,0.003554,1,1,192
2025-05-14 17:04:35,8ec9b454fca5aabaa6dccd1e1d9768b7dae4b037bcfec3534651098961abf7eb,896698,6746602.0,933.0,0.000138,2,2,302
2025-05-14 17:04:35,746b80cad5a2f615ec7ff9ef790875a7165eb1dd2d901479f8ac83a47774b145,896698,70878.0,621.0,0.008762,1,1,214
2025-05-14 17:04:35,93a1e6948d60eddc4da328057051e408548ac38bc195c7d4f2224e1232802ae2,896698,99967355.0,645.0,6e-06,1,1,267
2025-05-14 17:04:35,0816d584e2806ea965bef1c589525368eba0c9516b17cfee009cea2e68f483c0,896698,3355500.0,660.0,0.000197,1,2,222
2025-05-14 17:04:35,23bd5c45fa11874d1c6a71c806f308f434004f0f75209747ade9850e59e68841,896698,38340.0,660.0,0.017214,1,2,223
2025-05-14 17:04:35,e3cffa6061935a0e4843b8ee9716512b2282fe7757fb003f69239960ff2269ab,896698,889123.0,2084.0,0.002344,5,2,816
2025-05-14 17:04:35,d52326f8bec8c562e174375d321376c36436913f21770f30de4cf969c3b2a681,896698,886019.0,583.0,0.000658,1,2,222
2025-05-14 17:04:35,128ea0dafe4fbf4ea10387e5dc74a51576495bcd957b6935cd9a9429821144c6,896698,1525183.0,583.0,0.000382,1,2,223
2025-05-14 17:04:35,cfa95821a7709b01179e81c72cf94f06b3c4670d8cc96319582535fc5eed3e81,896698,3937543.0,1254.0,0.000318,2,2,371
2025-05-14 17:04:35,9a50592584243e564bb25494662c8cb528c8de706e0bf340c54b0495d5f429b8,896698,11487090.0,4491.0,0.000391,1,29,1099
2025-05-14 17:04:35,42d3c65cabb0386b7741bc63f64104d22df66b2228b538a561c1bef1dc0d35e8,896698,8707327.0,3824.0,0.000439,5,2,815
2025-05-14 17:04:35,b648d68b95182217f136e88b09306424d9eebb638297ea98153c43df269534d7,896698,92817.0,1200.0,0.012929,1,1,191
2025-05-14 17:04:35,1ef455d12b292e77a243fb2860b876927ca9072255645ff05bd0b82fb3b74f55,896698,55046011.0,2246.0,4.1e-05,1,17,705
2025-05-14 17:04:35,8a20b7fc4ff8942d90d789615a9e20f593ccfadd3e8a5ed84bad6d8826b17d1d,896698,237370.0,630.0,0.002654,1,1,215
2025-05-14 17:04:35,5b4c3d9e610a7b6fecfaede86c767ba5243d4e920cc539c5ed48630bdb9a022f,896698,1814.0,852.0,0.46968,2,1,343
2025-05-14 17:04:35,25a4c0ccc38e1903288845cb5cf6d82ae9dad38aad946a702eb9513cd394a6d3,896698,220979.0,678.0,0.003068,1,2,225
2025-05-14 17:04:35,8dea2c8a3ef977acb87abb1248fe6d65b1bb4d60b3c0dddac912573ad70aa6a7,896698,150872.0,678.0,0.004494,1,2,226
2025-05-14 17:04:35,b09218da8c52f504f960ac9708a13232b394487a8c31e0760085f3475fa6eaca,896698,480399.0,562.0,0.00117,1,1,195
2025-05-14 17:04:35,9dacd7e9ca3996902ea57810b495ccb6bc9ecc22ffba2c9809488479d2664e4b,896698,1399519.0,1389.0,0.000992,3,2,521
2025-05-14 17:04:35,a4763a6bf5d356e898e6855b6f4652f0b294c3f83678ce2a1ba6efe9c222df93,896698,2269576.0,573.0,0.000252,1,2,226
2025-05-14 17:04:35,fd55c1e098b8b14669266a5cd4909b2f8e6aaad32399e65ac56bbaf465b123ba,896698,2904573.0,982.0,0.000338,1,2,223
2025-05-14 17:04:35,ab888c7d1011d882a4efa9e0479d06b167a119686305b37ee5c2a74b7c47ada9,896698,2934593.0,561.0,0.000191,1,2,222
2025-05-14 17:04:35,81f48756716397740616ee584ce514adc26b627d987eceec30eeb702252cc672,896698,3658409.0,561.0,0.000153,1,2,223
2025-05-14 17:04:35,4e60fc6f02723b65d3382f3413eafb0b6af8ca0de4b00400330aa8437840adb3,896698,4625889.0,561.0,0.000121,1,2,223
2025-05-14 17:04:35,f2b3711aa21aaf04dbe1123dfd2ef4da7684f6d80230e0f7625722431931fe31,896698,462553.0,524.0,0.001133,1,1,191
2025-05-14 17:04:35,12dfb57d32580b7b613e6dc9fb9985acdc98103e96de47bc57bf47a046aee630,896698,19999475.0,525.0,2.6e-05,1,1,191
2025-05-14 17:04:35,080211dda4135ea6a8bae5812da307e41bedf8bdd0515f212b352a96daa0d084,896698,7865869.0,918.0,0.000117,1,2,235
2025-05-14 17:04:35,3aa064c6ffadeac6bed79575d0347f333d03ea217073cc36fd830174a47eb1b4,896698,7952326.0,846.0,0.000106,1,2,222
2025-05-14 17:04:35,e521ec96be89973e6561fc68833d1fd6c92f0ac4c8501b2f914703b81fbcd9de,896698,7967696.0,734.0,9.2e-05,1,2,234
2025-05-14 17:04:35,bc6b4e23891ec1ab978faeeba86dadab86d4ff1d5e5da92598092e797ba86a54,896698,8051588.0,677.0,8.4e-05,1,2,223
2025-05-14 17:04:35,46b22b2ff738012dcd8b2fe2c0c227c4da5c6cf2cbfbab8621bcb13aed8eda9f,896698,8809092.0,367.0,4.2e-05,1,2,235
2025-05-14 17:04:35,b0a7679532ad8e4a9b4f3cdc02105a570d9779e2e454e8d67b78554d0e833a0a,896698,9675.0,851.0,0.087959,2,1,341
2025-05-14 17:04:35,dcc64eb4174619235cd69667f63d8e912c9237bedb646077387573598c7421ef,896698,70719848.0,734.0,1e-05,1,2,234
2025-05-14 17:04:35,92d822b7a85b6540b61f31d2b25b7a6aca8f95c96a7979c23e5f58c5523f0fa9,896698,3488670029.0,734.0,0.0,1,2,235
2025-05-14 17:04:35,3b5ff96634c97d325faf0bc79c292f0f1e47f13c4dbd02531716c982a0b6676e,896698,24136392.0,734.0,3e-05,1,2,235
2025-05-14 17:04:35,9585c47ea4e679c9f09095d2100ad7504eca287aee7d351ba364bd12c69d960e,896698,84467.0,734.0,0.00869,1,2,234
2025-05-14 17:04:35,74481dcad31aac8a3d2263e75ae66fd8e00904e899da3db0371b627b34fb6596,896698,25591499.0,830.0,3.2e-05,1,3,255
2025-05-14 17:04:35,ffb900b4ae585fb42b9e3802a37730bf5cc0f49518205316515ea28582886ca9,896698,7140177647.0,974.0,0.0,1,4,284
2025-05-14 17:04:35,7ff8638530329e42dc388a9df290f674b1c2bc2e14a8d1e2bb70c29797673139,896698,20932813.0,1286.0,6.1e-05,1,6,349
2025-05-14 17:04:35,fe1cd4924a54315c1dd6dcae38c514e878938f0f8b6de131c117dc6b722ef1d8,896698,83679310.0,691.0,8e-06,1,2,225
2025-05-14 19:23:31,205aade9812919cadd60ede9d0b1eb833254ab840b060be7314d7c3f92dae124,896711,3480699.0,396.0,0.000114,1,1,191
2025-05-14 19:23:31,9d4756deaa2985206eb01ada0a98dc2cc8653db553f8a752de1f78558d5e7118,896711,2595893739.0,630.0,0.0,1,3,256
2025-05-14 19:23:31,461c36c087f7a60bf1713cc21556b1bf7777b4438d5a97af311626ab64d8e40e,896711,1943117.0,396.0,0.000204,1,1,191
2025-05-14 19:23:31,30c8858b85d644ffc7e236db76bb5c7b46309f06912cd2f5ffd535260aa2f7ad,896711,19590685.0,677.0,3.5e-05,1,2,222
2025-05-14 19:23:31,fc71e5ab81391e78c079e977e9efe3218ae6aaccfc2c6579cfd351e722d25060,896711,20090812.0,508.0,2.5e-05,1,2,223
2025-05-14 19:23:31,c4f2fcb64a81831c1eef48a413d77f91a65990806b64d91371d2ceab71ab2d90,896711,20137776.0,338.0,1.7e-05,1,2,222
2025-05-14 19:23:31,bf8b6252f9a3f37ad957e49afbb6a17bf9182d72322fdc3496402a6060db3690,896711,10634726.0,965.0,9.1e-05,1,6,350
2025-05-14 19:23:31,3098354f8f7254c65cca13ab0029779eaa4bce6b522041b83c9acd3e64026f35,896711,2266388852.0,1804.0,1e-06,1,13,582
2025-05-14 19:23:31,26889c145110317f54c5821b0c8ad625d97fcc8f237f3cd5474252a19325e5cf,896711,48706965.0,749.0,1.5e-05,1,4,290
2025-05-14 19:23:31,0056a791936d70cbb9dada76ef8d5dbfef1f7f409683c401baa6c18a9b8d0517,896711,35416436.0,641.0,1.8e-05,1,3,260
2025-05-14 19:23:31,ba48cb00c4e56c07ae9a44866eddf546042c0e6295428c4b320162c5a1abeee3,896711,23824520.0,551.0,2.3e-05,1,2,234
2025-05-14 19:23:31,d49c76e0e3965f38216fa19b5d818ec6124e98f588f29d71215f9f6746be2057,896711,20796348.0,551.0,2.6e-05,1,2,235
2025-05-14 19:23:31,cf52f2877ddd333c94d8f04f7c3f0a26ad301653ea137c430803daae66c31e47,896711,199144249.0,551.0,3e-06,1,2,234
2025-05-14 19:23:31,f180360df25ce7be75643be4b4c0a04a49695e4d48fc25f03981ddc1fa753c24,896711,19823935.0,551.0,2.8e-05,1,2,234
2025-05-14 19:23:31,74fe6176d21bc4a80547f44420d56e380c8b3e7e00de6ac4750908165f7b9100,896711,8907545.0,551.0,6.2e-05,1,2,235
2025-05-14 19:23:31,c7279cfd5dc3ba57e92507f09725d34068e6b88e35e67b24145a064d52076e4c,896711,5667149.0,677.0,0.000119,1,2,222
2025-05-14 19:23:31,65f5c79aca93438812458f42137ade81f45666ebb3da76a6994daaba36713ecc,896711,5681724.0,508.0,8.9e-05,1,2,222
2025-05-14 19:23:31,bc4e94df9755b5e26dbdd888a8de218db668737511e22b47e0a420d089ba2e16,896711,5811912.0,508.0,8.7e-05,1,2,223
2025-05-14 19:23:31,d4e3dd32323fffe444ffde54b40d1079f1ae9ffe6b4271c630e7177ac1d67a65,896711,5873428.0,508.0,8.6e-05,1,2,222
2025-05-14 19:23:31,9399e54276881721440a24f1d77d2406e042606afd52ff937fe209ebffe6df7b,896711,5899989.0,338.0,5.7e-05,1,2,223
2025-05-14 19:23:31,f24a3f3e81e00987db4eba029035d2648d2c2e35cb4f21e7b4438c40442a3f43,896711,154844547.0,778.0,5e-06,1,4,297
2025-05-14 19:23:31,77859faeca6531ef4e9d36dfced5c3434bb304a8c2165a57766b611f5bb6a99d,896711,58262570.0,742.0,1.3e-05,1,4,288
2025-05-14 19:23:31,b52aabc7058288dd78178f7ded384aebe6a8f95795d5e945f959e0dba88722f2,896711,3381314072.0,508.0,0.0,1,2,223
2025-05-14 19:23:31,e681401c6b74e065e833356f8a6dd59ca4a10b00646237f032a93af7dd5d71ed,896711,199999492.0,508.0,3e-06,1,2,223
2025-05-14 19:23:31,4e266f07ea123a78a0aa550e74d5301a5ba9b7995ea081b93f405dce750b15e8,896711,7981755907.0,508.0,0.0,1,2,222
2025-05-14 19:23:31,63604eaa0489a876a803716533f11bb7d165b89d0f95d7bd0619a629992b88e6,896711,97805443.0,508.0,5e-06,1,2,222
2025-05-14 19:23:31,dcd9051d043b3cab30594b317b980fece051c77af8b74c93ba51e50c86eacdd7,896711,22332034.0,508.0,2.3e-05,1,2,222
2025-05-14 19:23:31,77e6e68b5fe90acde02ea9f783172a8605839cbeb4c41985655d9159500665d5,896711,150097.0,508.0,0.003384,1,2,223
2025-05-14 19:23:31,6816eb0a1cefec125274c9bf5406ba486a6c1cd0fcc9369a21103a17f2a309d3,896711,1860950587.0,508.0,0.0,1,2,223
2025-05-14 19:23:31,da60e130eec9e18faa0f247079132898e9ba623cf51c6bd35c1a9774c517ecc9,896711,9491540.0,508.0,5.4e-05,1,2,222
2025-05-14 19:23:31,9d960444d38d8d58eb3efd32b5ba267599b0426b3ead402c9bc9c65511e7fbc4,896711,1223735494.0,508.0,0.0,1,2,222
2025-05-14 19:23:31,2b6c2eb91e305efc80909e16358fb73dd2e7d0b39cf8dc38fb425ab3d90cdab6,896711,23217364.0,508.0,2.2e-05,1,2,222
2025-05-14 19:23:31,c0a704d1ff32ac0180aca28b98d3c4933ccd3064a370494a73ec0914b4e3b6b1,896711,114799.0,508.0,0.004425,1,2,223
2025-05-14 19:23:31,76612af4215d042fd8ae5284dc86cf163f6ddf263b02d985cf1089deaa8bfcad,896711,514619.0,508.0,0.000987,1,2,223
2025-05-14 19:23:31,933401dc2d09fa5a8549db01cb8b144d86578e88845baa1028b64e89ea6c65ad,896711,105725209.0,508.0,5e-06,1,2,223
2025-05-14 19:23:31,aba581de9b2d6133b2332822fe82053a0069792fcc7617d4a6eedde2c57343a5,896711,56919195.0,508.0,9e-06,1,2,222
2025-05-14 19:23:31,d9ae3e14fc41bf956abff41d114ccff03062aa9aa63fc6988442c1fe9d0535a5,896711,134040.0,508.0,0.00379,1,2,222
2025-05-14 19:23:31,b80d9f724feb9613ad593b343b7c44895e4d9566899fa0cfa5d96aff0abbb7a4,896711,1078126.0,508.0,0.000471,1,2,223
2025-05-14 19:23:31,8b88e22eed1e4380af2052fcd41a6f5beb49573afe471aedf2b8ea07c87c588c,896711,75081147.0,508.0,7e-06,1,2,222
2025-05-14 19:23:31,1d1b758bba2f428498a9349ea91ff1f9b8c20e3cea1e880872ce242ec34f4581,896711,69122432.0,508.0,7e-06,1,2,222
2025-05-14 19:23:31,ba49709492ca18ba547c82b30b30d2cae91989acdc87ba0f725ae7d813246577,896711,59392084.0,508.0,9e-06,1,2,223
2025-05-14 19:23:31,26a7833aa56d3aca6362592ee29920d6816ebac7c0045bf9c43c7cf1ded41876,896711,83920884.0,508.0,6e-06,1,2,223
2025-05-14 19:23:31,0d36b7b903fb6b1480d360fcc11f82127e4bd8e7430355cf12886bef29a9936f,896711,55879249.0,508.0,9e-06,1,2,223
2025-05-14 19:23:31,5bc622983180425bbdfcfd1e690e22a79a686407fc62a6871e4cce1849b07f4e,896711,23837927.0,508.0,2.1e-05,1,2,223
2025-05-14 19:23:31,dc067c91b32b33d89447f427f37b706b63dd3f9f454f8ad1f7b2e88370bdb444,896711,19015.0,508.0,0.026716,1,2,223
2025-05-14 19:23:31,c10a8e40ab46d7c7be32ebe32b04848484a6272b7b37b77187847ee1d6ea7042,896711,15967782.0,508.0,3.2e-05,1,2,222
2025-05-14 19:23:31,8f821d046aeb5acf9404fab47d433e0ccee629d0cdfc9921a53c6a895f00ab3c,896711,42424518.0,508.0,1.2e-05,1,2,222
2025-05-14 19:23:31,2224fae062b0854d403101549eed8d46031472d724e84d934d39d06959213926,896711,17813049.0,508.0,2.9e-05,1,2,222
2025-05-14 19:23:31,31b83ae0d20cdab80b6654ed399d4dc7da09ebe041705e2e652cd511b3cdb821,896711,7500978656.0,508.0,0.0,1,2,222
2025-05-14 19:23:31,e80abc452ba67567e9403e5001d1dba3a84c0f00647106cca56073273adfea1e,896711,3218737328.0,508.0,0.0,1,2,222
2025-05-14 19:23:31,1b9e7ec787487e772241ee1adfde757f28ec5f91a1b7f87182d119079c096417,896711,132269029.0,508.0,4e-06,1,2,223
2025-05-14 19:23:31,5cb9d67cc702346b69327843bef5e9ef7b7ea936daa20b18dae691613175030f,896711,53805136.0,508.0,9e-06,1,2,223
2025-05-14 19:23:31,a07049a112e3d5426ea60fe6e0c1c5076417935306f6a83a0bb89fc0294eef09,896711,23237686.0,508.0,2.2e-05,1,2,223
2025-05-14 19:23:31,7367882551ac1805d9542cd62f0034d8c33401c89a04476ed2a94a10f92baaaf,896711,9671900.0,400.0,4.1e-05,1,1,193
2025-05-14 19:23:31,b20c3a99a987913486953e0bdf3c26f60108c23d2e4e6d1eeb00f53aae3e52e8,896711,3474961700.0,751.0,0.0,2,2,370
2025-05-14 19:23:31,a273b4d9d790cc24eb57e09d8c6be194fd13f813755099d86b586de4c169afe9,896711,6787494681.0,1937.0,0.0,5,6,940
2025-05-14 19:23:31,313e67c292cdcc09baa468723986c9cf9712795221d270dd0a836487275ea916,896711,15802.0,752.0,0.047589,2,2,370
2025-05-14 19:23:31,54620e4b5bb516e83c5ff509a94fe16fe41f6ca660fb94c3a27bb38bf7407f83,896711,4715944.0,763.0,0.000162,2,2,373
2025-05-14 19:23:31,953629af11a43816db95edcae45b11318f54c7bd658f57d33f548c6b50a81d7a,896711,973524.0,510.0,0.000524,1,2,222
2025-05-14 19:23:31,29efd5cd2896d9a7067df8583f553cc55dc4877e7380ca35e772d9aa6a04f1b2,896711,5272667.0,4194.0,0.000795,16,2,2449
2025-05-14 19:23:31,4893761c5afc7ea1acad9961a5a048bef3b68d217d06e2b653d0b948d56b9aee,896711,5023867.0,35161.0,0.006999,142,2,21170
2025-05-14 19:23:31,b3a4c42413158e2c7585f380b7e027e00dddb8f8569a02ad469d85f698ce60be,896711,37049292.0,24350.0,0.000657,98,2,14631
2025-05-14 19:23:31,70eee59944f34b3c8917bcd256c414a35d1e8f78ca79d367ed94025c6a69d3f1,896711,5923335.0,561.0,9.5e-05,1,2,206
2025-05-14 19:23:31,f428df33d89d1297559806499152b09094765e82bcff0f912459fb560fd84d08,896711,879345114.0,30438.0,3.5e-05,121,6,18162
2025-05-14 19:23:31,a0f5147ad89f86e3e81727a424258623dc5fcc71cb75c4b806a6ed299094e8c8,896711,38182766.0,61441.0,0.001609,249,2,37041
2025-05-14 19:23:31,f110974349e8388acb421b5e0eab119ec5091c1564be2624f8ea5d3fe3315664,896711,57638.0,1246.0,0.021618,4,2,666
2025-05-14 19:23:31,040f62313ca10339610deeb261a4b1d5b7ffac23b6b5b324f10c3978a7ce0147,896711,662209414.0,511.0,1e-06,1,2,223
2025-05-14 19:23:31,a3ff3ae194aa4cc28aeaf3e1459e7c16f790d89694c6b631ea47ed3de3ee9c65,896711,8757267413.0,1292.0,0.0,3,3,599
2025-05-14 19:23:31,6e2beced02c822001c7e2493bedcbd04cdfcdd8cd9b92435e2a80f6e190e6611,896711,38257569.0,1340.0,3.5e-05,2,2,369
2025-05-14 19:23:31,2824eed06b6f3102951763ca16948135e3d8271089b238d25c448b3569d2ee52,896711,991738628.0,1048.0,1e-06,2,2,370
2025-05-14 19:23:31,d49a77c0a10d8b48bd6c43922dc3b2368f0d7543e29ed0d27d7d10fd7954eea4,896711,78246.0,1400.0,0.017892,5,1,786
2025-05-14 19:23:31,c0c93c5c08c170177716e93161c7db46c49a1a0b996a730a3064722644b2f8be,896711,69217182.0,5077.0,7.3e-05,1,41,1472
2025-05-14 19:23:31,cd04151577810139dc6e25f94b065ad791be7a9e1f1ce79b9542a98625366830,896711,291083039.0,2993.0,1e-05,1,23,902
2025-05-14 19:23:31,3b44d50ba4ab1bd4a94aed8c6427417d8eae12de08b91dac9fe76f07a84cdcad,896711,330094754.0,3515.0,1.1e-05,1,28,1044
2025-05-14 19:23:31,8ba117ff2f4e053e75db12cd918069071e213959071a82b1dfe62f14eb7400d3,896711,9674952.0,4278.0,0.000442,1,34,1253
2025-05-14 19:23:31,eae385b5611b54250b56fec7e476c545af30c0370db4b7ffd2709079a8a78ff8,896711,185861483.0,4373.0,2.4e-05,1,35,1280
2025-05-14 19:23:31,ed3ff6adb04ef1f46151a196407d02956c28261e9b75214e9175a9add9549976,896711,179322160.0,3632.0,2e-05,1,28,1076
2025-05-14 19:23:31,b1623186ed7b60a3c14bd7dab4218d7b19b43df9caf05f613976848f4c8e85a5,896711,178993343.0,5136.0,2.9e-05,1,41,1489
2025-05-14 19:23:31,2243246432f6cddc87628e38a37a7776da13dc5da8a4a823b86827bcd78dda7b,896711,278486593.0,4990.0,1.8e-05,1,40,1448
2025-05-14 19:23:31,fbe039c4a3da7f757f03585ec6459c7a99de983985db380a73f3b2e25a290ac9,896711,398121271.0,4917.0,1.2e-05,1,40,1429
2025-05-14 19:23:31,ed34b9aaf640db2403857d692d843348686064c91b70eb1233b16e8466d4da3d,896711,217172940.0,4917.0,2.3e-05,1,39,1429
2025-05-14 19:23:31,d9c632ca2d3592c5c4b25c00d6f7e54e7e00ee85356037fa119a3a8c81ca59ba,896711,46995302.0,4698.0,0.0001,1,37,1368
2025-05-14 19:23:31,53aeaad9fd4e273995fb3ade2b7c82e1f6d900d943fa47778b01757993429006,896711,54363477.0,4187.0,7.7e-05,1,33,1229
2025-05-14 19:23:31,0067afb5373f28fe1d1c7195525cc417418de14bc7752306d769235cc61a95c6,896711,49345477.0,3081.0,6.2e-05,1,24,926
2025-05-14 19:23:31,33da8ac9a3660418209458fbf95dcbaf17a1772fc3d8feea030ddfc791b2d4e3,896711,192096060.0,3939.0,2.1e-05,1,31,1160
2025-05-14 19:23:31,9071b455005d7137e287d81861e5ed0c64419bef9379b5ac0043a87cf3a3c89c,896711,33159211.0,3209.0,9.7e-05,1,25,961
2025-05-14 19:23:31,d76e29883cfff1e10cf72be63333868133069619e8927db3038c37bde3b3fce8,896711,61100140.0,6429.0,0.000105,1,51,1948
2025-05-14 19:23:31,781374b6fe484f5b9545e0f58900a127c4145362d261bea59b800c003b757317,896711,11199628.0,1687.0,0.000151,1,12,543
2025-05-14 19:23:31,a97f6e95e4ae6d8986fc35f972671d94447f665677655523cafb0300f7c9752c,896711,406339.0,560.0,0.001378,1,2,234
2025-05-14 19:23:31,1955cf5d0ed1181887d94db6219d0e4fd0af0e1be92ebd2ccb4881f3a1affb1e,896711,782761.0,560.0,0.000715,1,2,234
2025-05-14 19:23:31,6298eea22a85affa466be7a3d6be40588802b1005ec0d60e6e91671b922a6e94,896711,14653333.0,1588.0,0.000108,1,2,380
2025-05-14 19:23:31,6ddb09040deb71fa863642ca28aff5ea93b3e927ea5885e7723cf6c55c0f370b,896711,14673633.0,396.0,2.7e-05,1,2,380
2025-05-14 19:23:31,d231ff283f89f2c1818c263a32ee7be07b16f0f923415415d65eb31f0d536368,896711,14747407.0,411.0,2.8e-05,1,2,381
2025-05-14 19:23:31,4b0fb1181ae1191867031f7d8424b3b2c417fb6e9b64a5c80ccd02f62a187a94,896711,14758700.0,382.0,2.6e-05,1,2,382
2025-05-14 19:23:31,f984f16f06f1a3bb4cbcf51905a8e80a9408699e0532d806f0e0c270e5413cf6,896711,2597152.0,1723.0,0.000663,1,9,660
2025-05-14 19:23:31,6aa64718b43b94f977ed2809d036adb841c3e407038d1af744f4c679cc64b071,896711,1690650.0,1054.0,0.000623,1,4,478
2025-05-14 19:23:31,05a2f2547eed6625c8ef809c956e20bc3d8f12a765edc70a918ab9e413e63a25,896711,2598092.0,5471.0,0.002106,10,13,3385
2025-05-14 19:23:31,a766ca347ee80b3d68fe4ae143b13ff93da64bc4b5f29acefe5b0957e1440f9c,896711,14050754.0,831.0,5.9e-05,1,3,417
2025-05-14 19:23:31,c2ac108a27597f245b72beb7232581e0cf8638e95351a0106c7e0f4662f0e604,896711,82314073.0,934.0,1.1e-05,1,4,446
2025-05-14 19:23:31,d71c9d48b22c80764b45db5b957018975d4c94311eb30e2f809cdf1b752b3a47,896711,200758199.0,2085.0,1e-05,4,4,1326
2025-05-17 09:37:04,e6a3defcebf891c251ba5435f7aaffce955ee9172217d36c1c9064dc5c97a1e7,897084,145713.0,1115.0,0.007652,2,1,339
2025-05-17 09:37:04,5be7e31bb6eb8ef85935a199b66f3293b0d71db721537d832b9e342e56300870,897084,436799.0,1545.0,0.003537,3,1,487
2025-05-17 09:37:04,706366f00fd9a3716018b50fc42462d2dd9b5857b47443bf0a593a071e04e170,897084,2572204.0,1416.0,0.000551,2,1,386
2025-05-17 09:37:04,edf015887a280d3ac5ed70fa77a870a482f00d4f04a7c557ab0937a34af82eff,897084,31767119.0,1009.0,3.2e-05,1,1,191
2025-05-17 09:37:04,e4796a43c8cdab258b5f22a936628c8aeea860dbe6aee7f620f7d1e9cfc9eda7,897084,503860.0,11279.0,0.022385,1,1,195
2025-05-17 09:37:04,5cd5bf0bb0980247e42664bf81169bd23588061ba73a47d2ba9754c6bcf149b0,897084,36929271.0,2601.0,7e-05,1,62,2162
2025-05-17 09:37:04,71972d6f27d55c1bc84fbb85019823cb22507dd9785357e75618a78ecd971542,897084,1741420.0,3156.0,0.001812,4,6,727
2025-05-17 09:37:04,1dd27d52c3e3a6e33a4720bac580d5f536e0a07ff8af3932b7945749d4614ec8,897084,37713.0,750.0,0.019887,1,1,192
2025-05-17 09:37:04,8889f0279b4ba838adaf1b54f74b446cf3e554125319e2762d562e3837f6a081,897084,77200.0,864.0,0.011192,1,2,225
2025-05-17 09:37:04,0cdc0df6848e4345316bbdd097fbff51c0ee17cae285e1be67534986e97d4446,897084,18409.0,701.0,0.038079,1,1,191
2025-05-17 09:37:04,a14f493ac1f0294135a8e6e8c87ee21c4fafd6e06353ec674f2f2337b92e96f3,897084,59000.0,3180.0,0.053898,4,6,699
2025-05-17 09:37:04,028f9ab3aceb9132585a44e664f72fb656521ec6ae2a0dcfbedc5e71908677c5,897084,21990824.0,3180.0,0.000145,4,6,699
2025-05-17 09:37:04,c328ae4628865b4a881c3535240ce2c9a09db4176b968a481a5bfca604fab7b7,897084,441905.0,3180.0,0.007196,4,6,699
2025-05-17 09:37:04,a8cee3f09309ceeefd71f8427f07e845a08e4d7f4ef6e875823c10551a7c48b0,897084,860116.0,3180.0,0.003697,4,6,699
2025-05-17 09:37:04,acee573c355a25d11cef8a0a279dad40b8483fab961b1e606c6b47becacd7072,897084,43566.0,3180.0,0.072993,4,6,699
2025-05-17 09:37:04,fec43ab082755ed647f0c4fb3bbc4b9840513957fe5651eae1a560c3a354c647,897084,822361.0,3180.0,0.003867,4,6,699
2025-05-17 09:37:04,974b1fc2b41e1509ccda1ba9c887c1d33df67508511a24b8a87c69620224fc13,897084,124502.0,3180.0,0.025542,4,6,699
2025-05-17 09:37:04,44e68cef1d60b013620baa1a74cdcbd828a07747d266475a02f9837a266ac8d5,897084,1585603.0,1530.0,0.000965,1,4,291
2025-05-17 09:37:04,e60c1d78eab24de9b1b459b56bdddc2f4f0d8c469b69e8e29d05d001dae04a85,897084,2664007.0,1530.0,0.000574,1,4,291
2025-05-17 09:37:04,270d07a506fa9c1db1b872deb14cdfe077d60bb6c5c9afb54737559d92278a67,897084,12858.0,1020.0,0.079328,2,1,260
2025-05-17 09:37:04,ff75fa1ea0b7afe9dd6dffb233de4198ace32cc598450a64b2ce598364a881da,897084,5122.0,900.0,0.175713,1,2,222
2025-05-17 09:37:04,427a1b8d8fb527d642db951e6e61d664bad65a393cd950f898a6b39ef27b8be5,897084,32024.0,1137.0,0.035505,2,1,341
2025-05-17 09:37:04,1d0eab6e1d316b276e5d6148d28ac8add0e78cd5623bf00c9fc9ae87908ce907,897084,5036750.0,8272.0,0.001642,18,2,2748
2025-05-17 09:37:04,7d5cc6270068063ced844335c56be35ea450decd30e4b5b1e6e2ea4228b99758,897084,26088.0,977.0,0.03745,1,1,192
2025-05-17 09:37:04,9e258c536f7a400d290a5c04fd67039f552f8df91d26007e06aa222c63f5eba3,897084,28647532.0,4530.0,0.000158,10,2,1560
2025-05-17 09:37:04,3a934ab0eef42896ef7e0862712bdb8703ed8010ab1d65bb3e5d5cafcf08b545,897084,1551767.0,1015.0,0.000654,1,2,222
2025-05-17 09:37:04,1c2d85e4cb79eeda8dc0db7c2ec081ed04af96bf12ae5dc2b320f3b70cf466a7,897084,1599205.0,1015.0,0.000635,1,2,223
2025-05-17 09:37:04,aaf735235717d29a864c70cd294eeaa1cbb8f1bb443d2aee92043e850275feb2,897084,1610294.0,1015.0,0.00063,1,2,223
2025-05-17 09:37:04,b823a23e77cc049b07d26ed6eb112650d19c3f90b459eebefd554842fb3ad320,897084,1704638.0,1015.0,0.000595,1,2,223
2025-05-17 09:37:04,9d90917f5c0d3e258d56c06aa7ce506a24275b087f5a491d63be32f7d3ce56b6,897084,1789046.0,2203.0,0.001231,1,2,234
2025-05-17 09:37:04,7db352676b113f6d8cfa777ecac0e19b7831467755c6a097b96e44cc5a9de4fc,897084,2191114.0,677.0,0.000309,1,2,222
2025-05-17 09:37:04,63a7931ec33d690ad5506d68c7590d9d8d1a7935a2b35c8f478affb8c2e9b6fd,897084,2205395.0,677.0,0.000307,1,2,223
2025-05-17 09:37:04,44028824a7ceee0b9c8696cf04170ebd7115f6586b72f2e7c4e7fe99d555792f,897084,2829064.0,677.0,0.000239,1,2,222
2025-05-17 09:37:04,8dfa4ce07d57b07df3cc3e4b91442bb2897e4d23a9a3e2a8c2c39ac0eb666122,897084,2885237.0,677.0,0.000235,1,2,223
2025-05-17 09:37:04,7f12d769d6177e50ee6de553660ce56d5b6d70211632729ff9d029fa85f50369,897084,2894851.0,508.0,0.000175,1,2,222
2025-05-17 09:37:04,e18279020968dd92d960fa5f42f675271a078ce2a52304ac42958bca05f513ed,897084,2905084.0,508.0,0.000175,1,2,222
2025-05-17 09:37:04,0b63a23b860c24b26a475204af173cf1d110eab4c4a6b249f2607c93f9faf990,897084,961192.0,703.0,0.000731,1,1,192
2025-05-17 09:37:04,d6d74cac6c10245e390cce95539b3c9c71d6a039433795472b74610e13110edc,897084,1016849.0,2365.0,0.002326,2,6,530
2025-05-17 09:37:04,f13f7886dad64f6c709e778d323caf3344ca508728d574bd87bbf66b3d48c21a,897084,7130.0,902.0,0.126508,1,2,222
2025-05-17 09:37:04,c88acb293d628a1310d37ecbd3f288083ff98e5397defc79ccac1d5edb52ca34,897084,1089999.0,3594.0,0.003297,5,6,806
2025-05-17 09:37:04,9d7388a0635b26bfc763698418bd112bc164924586c23df15f3529c4605a76ca,897084,3114998.0,3180.0,0.001021,4,6,699
2025-05-17 09:37:04,45473988a37cdb91300da45068451cf2d09b2703cf66fd122819ddbea0b0508a,897084,6511778.0,3180.0,0.000488,4,6,699
2025-05-17 09:37:04,d68dab8a410462bfb8cf4f6af771d586186c323c55e26b59d9bbff3acf2a382f,897084,1152122.0,3286.0,0.002852,2,1,340
2025-05-17 09:37:04,d63c913a80b2ef0b303b7b28dced688393cfc16d1df9aa9231dbf9b17017696a,897084,234001559.0,1358.0,6e-06,1,15,628
2025-05-17 09:37:04,16c9bdc12fa3541f99bc73bd021f1e50f3ecbd4b62ccfb00f236e014693c776d,897084,61263.0,3594.0,0.058665,5,6,806
2025-05-17 09:37:04,434b294f8781abef51acd8c5921cb468616422ef7ddda88ea20a6e69e1c12736,897084,77307.0,3180.0,0.041135,4,6,699
2025-05-17 09:37:04,b5df514f3d1b2de1523a07698ad31d77d43f201fddfdf41e59f4212900755847,897084,2355764.0,3132.0,0.00133,3,1,487
2025-05-17 09:37:04,0bcbe35708df80bbfa06e12191e5be88fce3a65fcb724942678a38b0de5ecf82,897084,209669.0,1140.0,0.005437,2,1,339
2025-05-17 09:37:04,06c0c636af8662191077491e06e60df11fe3d4a5c783aa9475b204a423835485,897084,115258.0,1218.0,0.010568,1,1,189
2025-05-17 09:37:04,49cdb6ff0c19c7dabfc5029eb14ae43f4313b67d72e1145b86dfa1f0eaa4ed35,897084,397275.0,5072.0,0.012767,11,1,1672
2025-05-17 09:37:04,0a06ebfabc54d4ce5cc1b088bb229ab65f3655234aa215c2801f0910a21d1332,897084,993337.0,3264.0,0.003286,4,2,671
2025-05-17 09:37:04,001d98ad65fa7185eb7fb65b9d271d7b6fce8ef1675abdd1c944e3a1db599526,897084,274527.0,3594.0,0.013092,5,6,806
2025-05-17 09:37:04,3a63a2a109d3bd88184845d2d1ab3d9818726981d3caafd3b36ff64150e18e56,897084,286998.0,2917.0,0.010164,6,1,937
2025-05-17 09:37:04,8c259a56083eba8429ae9541e5433fcb3befe9174da205250728370c4d9d9c49,897084,224000.0,1143.0,0.005103,2,1,339
2025-05-17 09:37:04,5fdcb658d189b13b78c0150cd752322700818c70cabf3c48b819f89d8f6bfb4e,897084,380953.0,2067.0,0.005426,2,4,457
2025-05-17 09:37:04,11c5f224f5bfd6ce9866d1b1046bdb40572a08a4ad4bec1e934a866b37e11dde,897084,528503.0,750.0,0.001419,1,2,223
2025-05-17 09:37:04,6203df0dee33dcc97c4d4ea976843cd14708480f91468a835364953cdd07f105,897084,112387.0,2067.0,0.018392,2,4,457
2025-05-17 09:37:04,add50b1752012d580af21e8b90c0de280628535cea3742a7aa34fa856f77b681,897084,643160.0,750.0,0.001166,1,2,222
2025-05-17 09:37:04,a5997d8045c7eea782e7385ced80f5236930d8ba9439b26195d78143509abfb6,897084,2396831.0,1545.0,0.000645,1,5,290
2025-05-17 09:37:04,764e1d70ce140a1a5612a52517810415ea0f5061059500954abb41159d344142,897084,734723.0,2489.0,0.003388,5,1,790
2025-05-17 09:37:04,6d541319a8f119afc999783d6bd0e27291102afafc2102284ca1b25a6fafcdf0,897084,520162.0,4007.0,0.007703,8,2,1261
2025-05-17 09:37:04,ae03ca9a9b1f1e0cad0ce9895d9634802fb9e95933b60aa2e22764e668a2d584,897084,899864.0,870.0,0.000967,1,1,215
2025-05-17 09:37:04,b0d7f12ddad07a951de8264c1478628fabd644458d7c2b6a6f70af4148d0423c,897084,2930512.0,870.0,0.000297,1,1,215
2025-05-17 09:37:04,20e5f34d4736c76052b9bc3e3bf5ae560d9cae79ffb234e97b4e9f50ee576e80,897084,9629939.0,1897.0,0.000197,2,2,375
2025-05-17 09:37:04,51780ce3a12cff38c486d52db80573cdaabe9188dc5ab6335f0932862eb12cc6,897084,7768386.0,2496.0,0.000321,5,1,787
2025-05-17 09:37:04,a7ff9b637376a6238393ce211ed680da4605130d2481826346c6ce5620645f24,897084,287063.0,994.0,0.003463,1,2,223
2025-05-17 09:37:04,ade6b7a286b7d871d8607e46cbe7d90b358f11ad32df0ea1440b08fe1445625b,897084,385502.0,852.0,0.00221,1,2,224
2025-05-17 09:37:04,240c100e7db9d6bf12d760be1ffdf718128a662ca1b1deeedb3160564cb3c98c,897084,8166640.0,3720.0,0.000456,6,2,1054
2025-05-17 09:37:04,00ebdea6f9470db8026343d1f9a566595ae1dcf9cb0393a007861f23ff8a2ab1,897084,194886.0,1897.0,0.009734,2,2,374
2025-05-17 09:37:04,7d103ea866968e43941c94ebe2ee4d842839f0702faf4d46edae53d109ba4353,897084,13015.0,1070.0,0.082213,1,2,245
2025-05-17 09:37:04,bee3fbbc5d7b2a5c38dfb6e7c2cef91608b5b33ca9dbf6533d21174eae9e8d1d,897084,20867.0,4008.0,0.192074,6,6,913
2025-05-17 09:37:04,aad00578b6141ef34d97353276fa703a3be9498545a16754fa6ab2478f8bac0e,897084,9409482.0,666.0,7.1e-05,1,1,153
2025-05-17 09:37:04,565f1493d210cd14c8e077cb733eed81bf71f6f6ba670eb8c5e4174924e6ab42,897084,172277.0,2021.0,0.011731,2,2,494
2025-05-17 09:37:04,e3d227a0a9a7f21dc0f5fa9f242e283eb0a15a65751f6a7b3e0d4e4e7909bdcd,897084,105928.0,600.0,0.005664,1,2,234
2025-05-17 09:37:04,7eda2ce348435740b427a2b5cbf00bf1655ac4924fb5ee4a6db7ce9cdf1f9482,897084,711692.0,2256.0,0.00317,4,2,669
2025-05-17 09:37:04,4610cbc557912eac6d8220e554b0d6cd698db1d00a5ce190fcd50359e6a8326c,897084,14533.0,726.0,0.049955,1,1,192
2025-05-17 09:37:04,89d0e0b9ed16763ebe14ac078d15c580128974a49f18a7cbda0867acf68568be,897084,212102.0,1462.0,0.006893,1,2,223
2025-05-17 09:37:04,16a8a8d4bc1018365766f07571365543bb5f6ddc76b28e998a06ea53b2ada107,897084,218390.0,1161.0,0.005316,2,1,339
2025-05-17 09:37:04,7370ee29f7b00545e1fdfae0ba01ccd9913fe87e6f9d7d826cdecebbe236e8ff,897084,79838.0,1393.0,0.017448,2,2,374
2025-05-17 09:37:04,11e5ea3054140be5def0ffdc312595934532436de0f92b88e86b592d461707ea,897084,2399084.0,1393.0,0.000581,2,2,374
2025-05-17 09:37:04,191219081dd7265ac519dd77f8ed255313b8a5a58fd08112d9b542d0cfa430a9,897084,3126032.0,1393.0,0.000446,2,2,375
2025-05-17 09:37:04,2a5a2729561f14a36d19e57bc013e23b19d42eee98edf9666ecc83382555635a,897084,229328.0,1393.0,0.006074,2,2,375
2025-05-17 09:37:04,6c012634ee69a82dc4a6144c746141a693c066fca8e0603208dac40dcd37d23f,897084,325071.0,1393.0,0.004285,2,2,375
2025-05-17 09:37:04,50cbce116b9ff09da0f7fb4f9b73eb67bfcf17318b1fa6a6f6309815c92c2434,897084,1327852.0,1393.0,0.001049,2,2,375
2025-05-17 09:37:04,61e35dc7df92b5e30ae655dc00ec779e90fd61b08f991da13320244a27c98cb9,897084,46784.0,723.0,0.015454,1,1,191
2025-05-17 09:37:04,8c54a78cfdd1bf25ce09e868d22d74c2a28ce7bf2726900e3a59f83082ac207a,897084,274794.0,1836.0,0.006681,1,2,223
2025-05-17 09:37:04,e57d76e4695bde2c1bb7c9aa102563915dea3f792fc797badc09cee7c19c7f29,897084,416630.0,465.0,0.001116,2,2,371
2025-05-17 09:37:04,5276b8f7f0d161b094c96ecd638aa080a9e6d05bb95fed07b8e65695217e8d1c,897084,482175.0,4422.0,0.009171,7,6,1020
2025-05-17 09:37:04,405a93db3a973d606197466c2736d8782a38cfe6e0cad036c5d0201b3dd331b9,897084,2912216.0,1304.0,0.000448,1,3,279
2025-05-17 09:37:04,68f627a2583706ffb04cdfb64b6ddd8cfedc5728804f67f23eadae0f743196b9,897084,7344998.0,2280.0,0.00031,1,4,346
2025-05-17 09:37:04,dc5e6b8bc91a12b4a33e73a9eab409ff26e2a96c3516b947d16b58582374d29f,897084,2453153.0,936.0,0.000382,1,2,223
2025-05-17 09:37:04,b92336d75d6aabee8a40db2dbb0b17af0c9715a439c15516696c70e6423b5a8b,897084,8973168.0,936.0,0.000104,1,2,223
2025-05-17 09:37:04,a2335f1615831fd6d0103ea6d9337ea53e4796bca69ee4208d630755ef7a89ab,897084,1234225.0,1827.0,0.00148,3,2,520
2025-05-17 09:37:04,bad2a46acc202d52404df723c912fdb92bc7cf961a25b78076380708f1e9091b,897084,899265.0,1827.0,0.002032,3,2,520
2025-05-17 09:37:04,4d00a45e4c4e08e24417272e1d3ad241562f406cfbf539647e6630ede36d19cf,897084,29929384.0,4890.0,0.000163,2,16,1122
2025-05-17 09:37:04,c009cfcf6602f97ad0e3f37d3a117d5376e337615cf6e59510c1c68b6d8206f3,897084,5507388.0,1015.0,0.000184,1,2,223
2025-05-17 09:37:04,314dc52ad53e499e831dee9d2b7edbd3e03da839879229774857aaab8fe59bdc,897084,5626909.0,846.0,0.00015,1,2,223
2025-05-17 09:37:04,eea21e1520aa210c6f01a57a9a5cfbb9ec86bc1cdef1f9a20c8eda8d452560e8,897084,6475650.0,1492.0,0.00023,3,1,376
2025-05-17 09:37:04,e0870dff49db4b20c5435959ce7f5b873cc04020c26b0d444f49d109fc9cd4f1,897084,3473460.0,3043.0,0.000876,6,1,947
2025-05-17 09:37:04,0d87480e4704a8d520c47986727d7281b4dceffcf28029a773783c6efc36dde4,897084,1021571.0,1393.0,0.001364,2,2,373
2025-05-11 15:59:08,0021af8e7a255f314c75322eea544a55692c11155ac7c08fe7ef29b5e479bfe4,896278,9435231.0,249.0,2.6e-05,1,2,248
2025-05-11 15:59:08,011cde64cf2dc5a755715be597b86da9df66542109200788b72b39743f6934c4,896278,249115.0,165.0,0.000662,1,1,191
2025-05-11 15:59:08,bb65e50ccf3a5fe2f7be99524badda1b5eb25b2a4a555724bd0c632b612bb5c2,896278,41717.0,213.0,0.005106,1,2,223
2025-05-11 15:59:08,3c0d4c0b5b4c338ed83fcc552a2d0428ac4bce8cad5cb38341c39903de1cfdfe,896278,8093431.0,222.0,2.7e-05,1,1,162
2025-05-11 15:59:08,c8fa664b00eaab8559f9749bfa17c18f7ffe47af8ca3ba32b6a17d60112e76cc,896278,8093653.0,112.0,1.4e-05,1,1,162
2025-05-11 15:59:08,a5dd88dd5324aba31021f114bc6b55537978bd694836dcae678b5910c19fc9fa,896278,20724706.0,1213.0,5.9e-05,1,19,995
2025-05-11 15:59:08,d5f78c42686b097941d4880a5ad484f2859d26b016a572f90bd47af6642b05ae,896278,1376077.0,622.0,0.000452,3,2,980
2025-05-11 15:59:08,28ece06a9397e023dac49bd17a2f5796931e47539b42854dd1a55932dc9842da,896278,1421215.0,498.0,0.00035,2,2,708
2025-05-11 15:59:08,a2d2ab2af8260b29c251f0095da2be8914662b3b9274e0a2a61173782f533ebc,896278,15898781.0,287.0,1.8e-05,1,2,379
2025-05-11 15:59:08,f264cc903ee238744e47e83ce60f4a98b75afc5f8abae11b1099ae73343e6873,896278,91507762.0,287.0,3e-06,1,2,380
2025-05-11 15:59:08,d3c6cc176e14bddc8166283c56fb89e355a3fc0a626ecd7d09374762d43f3b09,896278,14145165.0,328.0,2.3e-05,1,2,488
2025-05-11 15:59:08,48074424e0ff1dfe9d103e81f7559869bcfaa3aea54587f19b01256d1528a6d4,896278,1086911.0,860.0,0.000791,4,4,1325
2025-05-11 15:59:08,2ccbfba558a951ea88d5f34f0c3ac463cf03258e581dc80d2fb9ca27200e4135,896278,14768843.0,330.0,2.2e-05,1,2,487
2025-05-11 15:59:08,073eac2e9706226b646b1d195f3dfc802a90e9b97bf67121902f53c2c397c76d,896278,5682907.0,292.0,5.1e-05,1,2,384
2025-05-11 15:59:08,c643e4f32c65f1c5fe006be1d193f40ba71e78129d9e557801066ec24adfe51c,896278,10517641.0,292.0,2.8e-05,1,2,382
2025-05-11 15:59:08,925e91e88d51f2b85992e90c7cab5aba4ae99ceb6a29926f6688e04a0d7a0302,896278,99905282.0,292.0,3e-06,1,2,383
2025-05-11 15:59:08,2da969d9f35183ecd5e88e999c081b4be8328716e948f032629fc8251b17c564,896278,674081.0,2323.0,0.003446,11,2,4493
2025-05-11 15:59:08,ceef5c99422e075c5df34372cc6f6e5f14c1ccdb516ecc2bca6dc2f97d5c5d66,896278,203740.0,727.0,0.003568,3,2,1284
2025-05-11 15:59:08,18e0216ac74858edaf6140de98ff0ef82a6dc6bab05d3efb7850e4f88dea27c7,896278,1123315.0,1128.0,0.001004,5,2,2088
2025-05-11 15:59:08,3fa513ec6f292489159688eeccb786b4c835a5f33a2e0c14b158dd4f7e5d941a,896278,49329506.0,218.0,4e-06,1,2,224
2025-05-11 15:59:08,a48e9a4ee2d142f63f4bc531a882ac2dc625a33e055459151a9d47edaa1791c3,896278,27367.0,234.0,0.00855,1,2,235
2025-05-11 15:59:08,ee8782f0f123765c71d83814b98fed14fa4e910d3394f582e5b2d881bab9fd3f,896278,37702154.0,1025.0,2.7e-05,4,2,665
2025-05-11 15:59:08,4ab1e58362446d201cec3e57076c35a3bbedb7dd5ecc47d16da96691af121e69,896278,973219.0,260.0,0.000267,1,2,248
2025-05-11 15:59:08,6ffd7a8bb98feb9703a71744eea1c801e2dc76a813b2e525bcfb00e3f31dc801,896278,50695.0,236.0,0.004655,1,1,314
2025-05-11 15:59:08,39185b37a0a5d0f4f4e3fa88632a1cbc9354a0906aaca677384aa1d2f4444e14,896278,10013200.0,3420.0,0.000342,30,2,4517
2025-05-11 15:59:08,94fd2910fef807c1878a176b69ba15a6b2e39d17c1d2cadd1830a595a1671e44,896278,139000.0,233.0,0.001676,1,2,222
2025-05-11 15:59:08,748a255b919b294daa7f3b5ca4442732b7060a7c0cace1c1bf96d13c74188bd5,896278,90631.0,254.0,0.002803,1,2,234
2025-05-11 15:59:08,5a179e3bc492a868e8a42f369367828125bb358378bb7128e9d385479fe34ab6,896278,37949.0,185.0,0.004875,1,1,191
2025-05-11 15:59:08,8df138e39fe5f5c400dc479bc50a641d58e4286620fbd3f5b0767e97fdd13f8b,896278,2177400.0,261.0,0.00012,1,2,205
2025-05-11 15:59:08,8827450a83382d3f13b1ebef6c0a749d27a49bc1fa009f0ff57e94e71ba3b535,896278,33353.0,192.0,0.005757,1,1,195
2025-05-11 15:59:08,5ce13503cc03773b0d47efb08c7e5b527b031082340dfd6f45ddaf0cc596650e,896278,1554881.0,236.0,0.000152,1,1,303
2025-05-11 15:59:08,ed50a5ad00ed357c80f81853ed46040fd628f500e220f2538c78836c803dfde1,896278,9382289.0,262.0,2.8e-05,1,1,203
2025-05-11 15:59:08,c38bd8dcd20d24f1c1b1dd1c8d00f7906545b9a7a86323b6e5906ea7085439a8,896278,9382551.0,135.0,1.4e-05,1,1,191
2025-05-11 15:59:08,0b9d12690c5816a44686324ad5c07d10b27a4b93e0c1388071fb614ca860a40f,896278,14412.0,368.0,0.025534,2,2,374
2025-05-11 15:59:08,a1f8f47269af473c8a089940048f0388c062c6611ec42cfe0927ec03fc1ff7bb,896278,4110.0,855.0,0.208029,3,2,407
2025-05-11 15:59:08,b55c8493691c203e0925c82bf535aa34439deb4f8e2546e0cbb4d86a5be57d59,896278,179357.0,240.0,0.001338,2,2,301
2025-05-11 15:59:08,c43c92c0fb13e82dedcca99cfcf91ae17c974000c400a98917fb5c1463c03724,896278,179357.0,240.0,0.001338,2,2,301
2025-05-11 15:59:08,185331d58a630289bc9e9a0eee0cd6386b68df1c8d4df85085130818c1b35240,896278,368134.0,368.0,0.001,2,4,470
2025-05-11 15:59:08,50aa8c2be8e0b4187e2cf87d989253de419f0445f2aa911395794be3325f4650,896278,260047.0,704.0,0.002707,2,3,398
2025-05-11 15:59:08,bf5253f7f6efe74ba7e075045a07cc7257340da76f2f23cf6ed817427bf790ae,896278,393137.0,370.0,0.000941,2,2,372
2025-05-11 15:59:08,40c2962400318e124e163c7a10c0a5eac55efbd0083ab21b91d22ed9f925756a,896278,1055400.0,756.0,0.000716,3,1,486
2025-05-11 15:59:08,38fbb9fc0b949618f817d02683f0e63c4a695df4b4d7958bae9df6259221a0a5,896278,2461767.0,413.0,0.000168,5,2,814
2025-05-11 15:59:08,d0cb200c7f3a6ca268b28aa5d95b5fb1453d1a0830506b30a8766ec48d0413b9,896278,636800.0,200.0,0.000314,1,1,192
2025-05-11 15:59:08,979807131699e3333bada9cdee0739f4d28bd0358dfe4f930cc8e20d2830b554,896278,38650.0,220.0,0.005692,1,1,203
2025-05-11 15:59:08,5ef32c2afd25185c6440d73ee6806d9fb6f65d10f644ea45d9db648ee00257fc,896278,84800.0,200.0,0.002358,1,1,192
2025-05-11 15:59:08,2cc3d3e4477908fabeb777e4d3ebc8c18850aeb392dada3bbd5de94dc512c8bc,896278,575028.0,406.0,0.000706,1,2,223
2025-05-11 15:59:08,2cd128307d402987acb589ac08f7eedc5f93be8deb25f560a1681745c34144ac,896278,47931.0,210.0,0.004381,1,1,193
2025-05-11 15:59:08,b07b77bf36985660f87deea84d48869b9b584a44c9499f04975181d05aee93b7,896278,559402.0,340.0,0.000608,2,1,339
2025-05-11 15:59:08,62ca2c42b9e95a4737559091e7cfaf811448ba7c07ab54ffebe2b9457b23bfca,896278,896887.0,427.0,0.000476,1,2,220
2025-05-11 15:59:08,5138966cd5225a7f0f7e1c85e53941cd81982bcce4324d656b205eb3fc9a4671,896278,8560706.0,323.0,3.8e-05,1,2,247
2025-05-11 15:59:08,6ce1598ca024df7e4ef85962c3da02161eb0b8c33e82aab075f40883f36a75bf,896278,6567550.0,216.0,3.3e-05,1,1,191
2025-05-11 15:59:08,399f975ca71e53feadf2772a3db6dd3b93077715bb6d1ffd835384fa98b45f3d,896278,724643.0,278.0,0.000384,1,2,222
2025-05-11 15:59:08,1951ca1b26ad1c873b2c3b22942180a7261fbc6027d9d26aeb65f7be5ab43679,896278,453303.0,284.0,0.000627,1,2,225
2025-05-11 15:59:08,3e2234a7e71be20871b3f314e55c3a85afa2b9574b262c4865dcc17f1cbb5563,896278,1057897.0,284.0,0.000268,1,2,225
2025-05-11 15:59:08,3ec8825bf00f6e393515f7010ad41214e51afc9a4e712f5e3b493d7546d582f1,896278,13998186.0,279.0,2e-05,1,2,223
2025-05-11 15:59:08,9fa1ab77f97e7635d9486542f970fa7b1127aaa522d55fefb6f852e825f7e7eb,896278,128336.0,736.0,0.005735,2,2,371
2025-05-11 15:59:08,f7c62e3268e75233ac29bd41c99f111faa6d0363e7ccd983d4040d29e4a7de1b,896278,136941.0,415.0,0.003031,2,2,371
2025-05-11 15:59:08,667e62d7cf178a7b11f2674c7dcac183a0656426ae47dd29eacc7cb51fb5ef3e,896278,22693.0,421.0,0.018552,2,2,375
2025-05-11 15:59:08,640ce9959096670157c690a9c704ff13a0c63693ed0e8d5517243b5bef860336,896278,153104.0,286.0,0.001868,1,2,226
2025-05-11 15:59:08,778d18ba9ef87998a77bb88fb836bcdcd2f970be654c09a22fcb6f3ade4b4f2b,896278,54928.0,461.0,0.008393,2,2,394
2025-05-11 15:59:08,c97dc23e68f0406a0741ce4c43e4ef48ad9c11189eb72a8063a20cf112e39e8f,896278,4418199.0,507.0,0.000115,2,2,417
2025-05-11 15:59:08,a5c165b4354aa6586f44fa0f482dd7ffc468a6f81acc6f623a125e395872e1c1,896278,446226.0,422.0,0.000946,2,2,312
2025-05-11 15:59:08,206558ce72712c3468f1f50850b2ff700da4a7f4122c83ee92168ff9100a4285,896278,129269.0,422.0,0.003265,2,2,312
2025-05-11 15:59:08,d8eccff22602c35c347fb97f7276858f7792c1a9c1dceddf2f9f936f47b18c7e,896278,172580.0,422.0,0.002445,2,2,312
2025-05-11 15:59:08,2beb1722a2bf61a814c02d2e48d78b2dc7bb36ce846c8aad41789fe742baa229,896278,189299.0,422.0,0.002229,2,2,312
2025-05-11 15:59:08,105c1137305e5dd6532291b8e5e9ff4ee2feadcb551a646505cd8acdebef17b2,896278,3904210.0,219.0,5.6e-05,1,1,191
2025-05-11 15:59:08,5c7fe065b40719c8abbf208996edc97bcd231fd05fade3cbef3f5e12d590342c,896278,2462923.0,221.0,9e-05,1,1,193
2025-05-11 15:59:08,8e4307860a493a5e2ee2db8e2713fd88fa3c5b0c49351cd1943113b57d0f73cc,896278,22757.0,243.0,0.010678,1,1,203
2025-05-11 15:59:08,d5894073cdb9a0868c17b346626933c0c6c6246c71c36ae54c27efc46bd3c305,896278,6316.0,271.0,0.042907,1,1,218
2025-05-11 15:59:08,47a53acce14b3debda0a925a6676b41bc159d32d15860f3948a3ab42d42d2ff8,896278,507503.0,281.0,0.000554,1,2,222
2025-05-11 15:59:08,1dc9fc506c614578399eeff1dd6197835efc677d6f6681f8c969ebaabf73e284,896278,1818798.0,281.0,0.000154,1,2,223
2025-05-11 15:59:08,5b66465e89211e3301adb3ebc6ffada498eda6e4602e47309623fe14a6cbb058,896278,5393229.0,281.0,5.2e-05,1,2,222
2025-05-11 15:59:08,2d41550cb963aa7ec468827ed77f688d5623da4e665c042eb9a7c171c0589946,896278,1162898.0,281.0,0.000242,1,2,223
2025-05-11 15:59:08,f3ec659e3025922e830d7d9f5d9a3c93c1311eeba214c5cbee4e0385b2fdb830,896278,116359.0,281.0,0.002415,1,2,222
2025-05-11 15:59:08,f08de8e052539bc35dac405289a7f45bc343c0c7f4a5b1e755fb5845b16cac02,896278,9125178.0,281.0,3.1e-05,1,2,222
2025-05-11 15:59:08,4493802bd3c618cd009e4ace2674a7555849a84cfa31973d3a082110e37d0331,896278,190641.0,283.0,0.001484,1,2,223
2025-05-11 15:59:08,426841c89714f2c480f69c1e3282e54b97302a5c4c9bf1fffb6e88067a6f0b63,896278,18957859.0,287.0,1.5e-05,1,2,225
2025-05-11 15:59:08,2390170de8d0a71a948fb773d2ba055ebfc758d749579a528566a51214f0bc71,896278,110764.0,327.0,0.002952,1,2,245
2025-05-11 15:59:08,31a1d3e64f6cd9cf0f4806ee0b8bf2f1e58565a37bf502767a1ed791ed57da63,896278,632375.0,327.0,0.000517,1,2,246
2025-05-11 15:59:08,947b968f4b430fcd8a2634181342c57bc4187c214afcb3615658061f8732cc8c,896278,152766.0,395.0,0.002586,1,3,279
2025-05-11 15:59:08,7f0a471d2fbdd68d26d925a42fcf2f70c3ffd765cda698c10258f9cc89d915be,896278,5012197.0,405.0,8.1e-05,2,2,303
2025-05-11 15:59:08,715e28ccc1bdbe64476632b6a3777141695ff47c3c8e1fbcc44c22f78556a7d6,896278,97553.0,415.0,0.004254,2,2,370
2025-05-11 15:59:08,8f3fa76f330268f3a9d4e707a23807399afa0f1d4dcd1a5ea190e395602f9d7f,896278,484713.0,421.0,0.000869,2,2,373
2025-05-11 15:59:08,61eaa3fd2a529a88efe4425608bd17b4c8f0aefefa5b1e2b902dabc2ce763524,896278,1092.0,1569.0,1.436813,2,2,2604
2025-05-11 15:59:08,eabe2ccd92f8306ba847eeeb30640776b1dcdf972fc41405e5240ddef5ef14fe,896278,1073959.0,288.0,0.000268,1,2,226
2025-05-11 15:59:08,7de6ca692f737bfbd29a32da3440744c78bad8c88c9f33988ab285f615a9e7fc,896278,67062.0,434.0,0.006472,1,3,298
2025-05-11 15:59:08,b173b9262f79e9eba7f96ee637d8d1d98b0f9e67d66be660dcdbc378b0a998f8,896278,65317.0,434.0,0.006645,1,3,298
2025-05-11 15:59:08,8b62313df4cd4c63be2549124fb5fcf2541794dc3e2ec2f8470832c2d81e42f5,896278,481769.0,448.0,0.00093,1,2,224
2025-05-11 15:59:08,97f3d6991ec147658cec3ffbd786f1626494d57fe14936565ab67d7e5b220cf0,896278,203876.0,282.0,0.001383,1,2,222
2025-05-11 15:59:08,36ce5e78dfd51b5bc83e45ae91d40fd2502d249cc97c9c48a04876d98ff22fee,896278,546.0,5184.0,9.494505,1,1,10084
2025-05-11 15:59:08,61a2286cecef537dfc01535af6dd245b7893cb052d7a3d84dbbaf2d50d6f19ed,896278,952159.0,330.0,0.000347,1,2,246
2025-05-11 15:59:08,9e7203343c81e7674f4a476f6350e1cf3ff18a57b01438396bd9a4db183f05e6,896278,1009718.0,282.0,0.000279,1,2,222
2025-05-11 15:59:08,7b9fe93f28f5afbf0096c6bbc437ea29ea5cc015771133b5e385e8522c80e6e4,896278,57153.0,282.0,0.004934,1,2,223
2025-05-11 15:59:08,4d2f7eaaee8319f2d08b662326cee23b733ea615ae98767f4ea0c631a96610e2,896278,475650.0,416.0,0.000875,2,2,370
2025-05-11 15:59:08,1fb660f08bdd9794b76eb4b78ace4ab9deebfe022fdcd05f554f0ff17f043de1,896278,113169.0,434.0,0.003835,1,3,298
2025-05-11 15:59:08,93f7bdfea4f1d57f8df6b2a540b6fd4259bdaced960579b37ccc9107cc0ecee0,896278,728213.0,282.0,0.000387,1,2,222
2025-05-11 15:59:08,bf2ddd2ba7981138ba0e1e9465954642bf6830d93ca0ce8c5d72cc11c91e93e0,896278,1214747.0,282.0,0.000232,1,2,222
2025-05-11 15:59:08,83f8e7b14700a0a9c158fe2e543ddf41693a79329f7c41618eddda548aa0e1de,896278,1150474.0,282.0,0.000245,1,2,222
2025-05-11 15:59:08,4bf795b6cc1041ffe5858a0d6711a149dbf5e18bdbc6e344c4158148f10b62da,896278,2900648.0,1098.0,0.000379,7,2,1112
2025-05-11 15:59:08,a3d87d18c2c6591b8b070c68c07dbd7b9a2c4ec4f43e7acf4a640e71e1a31cda,896278,1283780.0,282.0,0.00022,1,2,222
2025-05-12 03:27:37,e50d51e01d7403183e5742fc928c0889e22102e768193cae7fd78b2e4a0f6d9f,896352,58151421.0,176.0,3e-06,1,2,223
2025-05-12 03:27:37,ec09780b23017170b8fddc9d271d954a66e12f4cabedc803c150ea504dbfde9c,896352,1062255.0,258.0,0.000243,2,2,370
2025-05-12 03:27:37,9e9feae9dd374e0e24e4ab90c6cf7dafcf0574afc22df9a7a8db768fae7303b0,896352,77359326.0,175.0,2e-06,1,2,222
2025-05-12 03:27:37,b936c9095692fe32bf9f6a07673156ef42976739fb156190ef49334187837ead,896352,482152550.0,175.0,0.0,1,2,222
2025-05-12 03:27:37,ac18d428eafd6de61dbdcfddaaec936d0c86d0b1772d4d8074761f5d61104d92,896352,243470037.0,175.0,1e-06,1,2,222
2025-05-12 03:27:37,09a44a84d3a34c371498c6823d86a2b26c17aadc4fac3730decff0a7f33aa06c,896352,525057984.0,175.0,0.0,1,2,222
2025-05-12 03:27:37,42a7308c2597988e8b4b53ec863b724ab1aaab629a1c763d004cbd9b66342953,896352,5098985027.0,175.0,0.0,1,2,222
2025-05-12 03:27:37,151b7974296823533e5ea06f3c139efc0fff5b6902fae3f8b784900e51402722,896352,504057532.0,175.0,0.0,1,2,222
2025-05-12 03:27:37,fcea06a3291890a3c26e7e41f9de98cfc5fa66f542b0ad7c5f8dcaada4e5d9b2,896352,404051839.0,190.0,0.0,1,2,234
2025-05-12 03:27:37,ff6f964c6b83e044d31b34a3c88c9cc813dbfa2a93c037a3d3022ecd61d7d179,896352,405051029.0,175.0,0.0,1,2,222
2025-05-12 03:27:37,940968a75876a90661057d97724236f5910dbf124d4810445a71f73ae7d0bd1d,896352,140425.0,224.0,0.001595,1,1,406
2025-05-12 03:27:37,ff8d45fcc25b45c0954960b1230cf468fb7efd02b9a313d25dc7a2a1b244beb8,896352,1109364.0,180.0,0.000162,1,2,234
2025-05-12 03:27:37,a6e45b15f3fed72538b92f3eb81b0ac3f215ff2453ffa6dfa9535e6f20ab0441,896352,236538125.0,6130.0,2.6e-05,3,139,5173
2025-05-12 03:27:37,bee023d9148c863939a9738d5bc00989a9d144599bc35d2e6fb4364552f717c6,896352,550060661.0,13179.0,2.4e-05,116,2,19908
2025-05-12 03:27:37,dac75e343d892274271d35994aea405b7ec0abad216d1fd694f80743564b7ff5,896352,16776760.0,240.0,1.4e-05,1,2,358
2025-05-12 03:27:37,aa343729ba3d6b2c482a71148d18241fcc1377288fb348208c40461ece63270d,896352,1090198.0,345.0,0.000316,3,2,519
2025-05-12 03:27:37,e62e7823c003ed0a2df5b5f7945ba5be57ce7324e1ee9f2ed87456f109eef0dc,896352,23469377.0,177.0,8e-06,1,2,223
2025-05-12 03:27:37,e59cb0104637cde9acbb7b3f2d9698274a685c6e301eb9ab43d87171e7a548a6,896352,299455.0,570.0,0.001903,1,2,283
2025-05-12 03:27:37,7032b37babf915d6031179f6e6927a893ee47b1e2473ddcf5f52798cf8358293,896352,300025.0,285.0,0.00095,1,2,284
2025-05-12 03:27:37,9d710146eb5124b0e1ce16ea764a608aa3e2ef61bb74e59b7ac48f4f88f3c86b,896352,300310.0,285.0,0.000949,1,2,283
2025-05-12 03:27:37,20154992066ea27c4d96ceebeed6e57384ff4c3725878d512c9339ff405fa44c,896352,300595.0,285.0,0.000948,1,2,284
2025-05-12 03:27:37,32665f8f4d9131263ebf3d546944e06675ff58e8ab8f824f74b6bf8dc3e73eeb,896352,164303942.0,181.0,1e-06,1,2,225
2025-05-12 03:27:37,4c32ccdc4b1b30f1cd62bec1d438dc471b5953a120b6b6f3e7864debcc496c67,896352,166914804.0,181.0,1e-06,1,2,225
2025-05-12 03:27:37,d1f91c1d43959873aaa3d41819ca70978981f234dbd0de16b9eab239673440a7,896352,167240842.0,181.0,1e-06,1,2,225
2025-05-12 03:27:37,e20b6ac9d2f8bdc2923c170e38340f1642cb1e8841190ed08bc012ea52513d65,896352,3655998.0,266.0,7.3e-05,2,2,373
2025-05-12 03:27:37,83f8ca8701090a4fb9d5710253cfb7e60a72d9b6a4229aace7314dd39098f15c,896352,6084.0,255.0,0.041913,2,2,303
2025-05-12 03:27:37,215111f17dc21bd6375bc4bce9e9426e5f6cbf1b87d6a6eccc6fab1ec8696deb,896352,634766.0,483.0,0.000761,2,6,540
2025-05-12 03:27:37,b97f7d0a73962daf49feb5295a32a008d231ef975f90616f489021b92d3a9fe8,896352,1868212.0,483.0,0.000259,2,6,540
2025-05-12 03:27:37,07448e08565d18cac395377f928e3908d116d4d61512d4a19329042f8b73f614,896352,741994.0,472.0,0.000636,2,6,529
2025-05-12 03:27:37,bc8daf2434d1c99a203121e61aae80a9d09cc4dec402f4751781c9ab22714d82,896352,18035.0,279.0,0.01547,1,3,299
2025-05-12 03:27:37,73b20f1d413cfa68095e236cc2f8f5c6319dd5cbbec1545f21f77b833ceaa93e,896352,546.0,182.0,0.333333,1,1,314
2025-05-12 03:27:37,bea37d69a2e2864b20039881e43296e376dc127decb570ab1b6df29a37a34d77,896352,105749.0,198.0,0.001872,1,2,235
2025-05-12 03:27:37,43d38013f113855250608dab072e32d616b840e25088a21caa60315d271c1afd,896352,62259.0,247.0,0.003967,1,2,348
2025-05-12 03:27:37,bb6cea5f67e742b0f36b0ca636d170a342bf9a1b467d07c2811ccf4d1f600168,896352,62836.0,247.0,0.003931,1,2,348
2025-05-12 03:27:37,39daff28ac1372ba02c65e2e16ff9462633b7a3fbd295eb0367c2c6cca5e93a9,896352,63413.0,247.0,0.003895,1,2,348
2025-05-12 03:27:37,6d32e37a98d420cee2a9a028e439b6d05d30ccb20ddc6f641392cf1abe403e9f,896352,63990.0,247.0,0.00386,1,2,348
2025-05-12 03:27:37,31f5f6c3edad040820dbd1d6c4f801a50f5ac2cb66af057f5be4650825d5ff97,896352,64567.0,247.0,0.003825,1,2,348
2025-05-12 03:27:37,4ffa3fd60922c7d4b22c1067093e34fa336cdbccd1c58478f410a015d135d534,896352,65144.0,247.0,0.003792,1,2,348
2025-05-12 03:27:37,3df33a4a04d4ca2d889d462c395f3c881346cd945befbbac61a217355b5ed487,896352,65721.0,247.0,0.003758,1,2,348
2025-05-12 03:27:37,978b6c9075861ca2329384da3386ae3a72552a853afbe893287ead33436d9d19,896352,66298.0,247.0,0.003726,1,2,348
2025-05-12 03:27:37,577392757fac75c2a338dad9a5a7fc910c39ee5fd29529b614dfdcd8e3c0bd1d,896352,66875.0,247.0,0.003693,1,2,348
2025-05-12 03:27:37,e0ef8e90c868088be4cf78319da3a313ab30ea64d99b9dc109146d264cd4b870,896352,67452.0,247.0,0.003662,1,2,348
2025-05-12 03:27:37,ed06064f04e177cce506dd4bc24ef2f934eaf585e54f4a8f5ae4eb908bd20c2b,896352,68029.0,247.0,0.003631,1,2,348
2025-05-12 03:27:37,63e277f95d33954ec8310b47e44ff736a5653e71c90f922d599f6cf74fb9041a,896352,68606.0,247.0,0.0036,1,2,348
2025-05-12 03:27:37,7de503dcf8e059665beae690c1f7266245c4909de734a26df3baf257a1977a29,896352,35623772.0,1081.0,3e-05,1,1,191
2025-05-12 03:27:37,ff3268db45a4858d155d92b62af7486d76fc1d918adb8696b5569f542c818f99,896352,294744292.0,5180.0,1.8e-05,1,142,4784
2025-05-12 03:27:37,2ca8baf9009131af0117f66fc30b0c35010e4942a504c2945c416166e924df8d,896352,70053.0,185.0,0.002641,1,2,193
2025-05-12 03:27:37,b10340df4764b98921e1c85269deed6d1d91b41b6ad2cb189bef0516cb1b950b,896352,103521.0,265.0,0.00256,1,4,285
2025-05-12 03:27:37,13d53cf35663b2dc244dea3b5272a089752478dcfddfaafc6f0e9d1ed4a3aebf,896352,59630.0,188.0,0.003153,1,2,195
2025-05-12 03:27:37,70aa1258a5a717a96ce46d5dfd674f8165df9b8d859cc4065fa8c8816d932493,896352,34154908.0,362.0,1.1e-05,1,6,358
2025-05-12 03:27:37,e70e91a01a358b5f5da87d1fe60e83c3ed69fad0f83fe332fd239730c69a8302,896352,102837.0,531.0,0.005164,4,4,730
2025-05-12 03:27:37,4b238a987e3cfad6926fd474c4b26a4076096d77e35eacfa8ac359f7222dec10,896352,159148.0,191.0,0.0012,1,2,197
2025-05-12 03:27:37,a1a5c194510df5029e542061775911472197ba7dfdde5e91e4b14da1f9354f88,896352,128855868.0,338.0,3e-06,1,2,223
2025-05-12 03:27:37,484873a3eb1cb92d35948f188d314ed6b9f35c8e5debeb18bbbc93cb0a43e1c3,896352,128861699.0,169.0,1e-06,1,2,222
2025-05-12 03:27:37,4be104dc3b53dabfc926b663eede3778d1133c70819e5a32d21034c16b73e896,896352,129039595.0,281.0,2e-06,1,5,316
2025-05-12 03:27:37,99d2e278d6cf38a93116fffa417de071b4cf54ea766a14c8a6854d681a134a7e,896352,37524.0,369.0,0.009834,2,1,339
2025-05-12 03:27:37,23ca10a2b1455f3249e0dd4a72b8e270aa23a2b1a0e80533c4552e7a86a96166,896352,129076606.0,169.0,1e-06,1,2,222
2025-05-12 03:27:37,b67faded59bf4514f9b4b95a41bf7f91b578bafc76cac732f473ec4830490491,896352,129121610.0,173.0,1e-06,1,2,226
2025-05-12 03:27:37,e69139309c9dcb88037abed717388a47fbb46b806d91a0e96bb54583fbe5e155,896352,129157630.0,173.0,1e-06,1,2,226
2025-05-12 03:27:37,19b137e27f2e8c68c1d661d8bc198c2755bac97abc3e3433e816afa8a76c5eb8,896352,129252649.0,184.0,1e-06,1,2,235
2025-05-12 03:27:37,db42c69664deac3e78516452088572927cef672536d499e01bd3acfe9bdc4d35,896352,129350000.0,169.0,1e-06,1,2,223
2025-05-12 03:27:37,65e553f05d1000113e0c88832062eaae58eee525c7ef4ba8fb2183cafee104e6,896352,129391723.0,169.0,1e-06,1,2,222
2025-05-12 03:27:37,e470a3035eaf91853ebb7a6cbbb8e0faea518e41712d356a4f9c70a1b0d4fe29,896352,129404922.0,169.0,1e-06,1,2,223
2025-05-12 03:27:37,2e82b5c921b33fb15ceb92fd260b5911d3bca01ec22d9ccdda0ac8bdd6d2cb19,896352,129454386.0,169.0,1e-06,1,2,223
2025-05-12 03:27:37,6c99eecdf2dacd265c6a3399a1dc4f3ded4fe79604706dfad460b3945ba95094,896352,723091120.0,924.0,1e-06,1,20,782
2025-05-12 03:27:37,5636d0bdf802214a0851e7120c5a675684be1a4da9f5364473b3b47a8e622f43,896352,36806835.0,825.0,2.2e-05,1,17,706
2025-05-12 03:27:37,71ad55fbcfb4549da07eb4b6908d0312ddb195c102ca9fa4f31ddc7e5a9107e9,896352,94698269.0,1225.0,1.3e-05,1,26,1010
2025-05-12 03:27:37,11096538ccabf88cea21b320c17c5b7f010e9f792e91e7eb981a6230ff4bf589,896352,93168018.0,961.0,1e-05,1,20,809
2025-05-12 03:27:37,e4f5e70f3111ecfac241c8e455fc83f3005ebc3ed72708c44a8d4effd1c1e86c,896352,49816035.0,965.0,1.9e-05,1,20,813
2025-05-12 03:27:37,22d5e45c93675caa35b3887a3e3b2474205b05b6e5193cf26c11cefaa1139b1a,896352,48698221.0,1175.0,2.4e-05,1,25,972
2025-05-12 03:27:37,cecfd045d3cd14a073ceea4f2c2d5066476c3d36cbf5c4e8c6ab0b0cf13c85d5,896352,67024307.0,672.0,1e-05,1,13,591
2025-05-12 03:27:37,1e83113b13ce0f1dfba2ba6426e5d4e0316598f670b2615c595ac74137fcd2ba,896352,93073831.0,1245.0,1.3e-05,1,26,1025
2025-05-12 03:27:37,6b5fbd7d81aad935908732e461bfdce7f113c5b8c06750e3b5842c356040235c,896352,25691283.0,1113.0,4.3e-05,1,24,924
2025-05-12 03:27:37,cafdab663d449106db2bc307203c78fa16e8636039a1212b3a626b30f0293b51,896352,52136370.0,1113.0,2.1e-05,1,24,924
2025-05-12 03:27:37,873180c66904ac6ae27f14c6502dd7b0e713c1040ee23499432ea35f5c846fc3,896352,30824393.0,1014.0,3.3e-05,1,22,849
2025-05-12 03:27:37,18bbe6e310d5420170b08f0586036f8f74c53e30e1b2e6764a8327209d9212f2,896352,99998295.0,1413.0,1.4e-05,1,30,1152
2025-05-12 03:27:37,0790ed39bd82efe77363c4b9fa8f7b8521d59f6562af63554482b84469f93a24,896352,3999998670.0,1330.0,0.0,1,29,1088
2025-05-12 03:27:37,70209180879f32b1ffe587d4b8d1c593c66bf50d132dcb5cc97f56df39c56704,896352,33892986.0,1058.0,3.1e-05,1,23,882
2025-05-12 03:27:37,a4038f9f7a2d79d3d33077bb157d8a35ea35866d41cf27e4ff6c7757517485da,896352,93459997.0,926.0,1e-05,1,19,782
2025-05-12 03:27:37,bd84f127a77ba839ff0b0ea1a936eb0397ed8b295aaaff1a1bc99f50f3c88c33,896352,81440151.0,963.0,1.2e-05,1,20,810
2025-05-12 03:27:37,f7fa92bb85bb230a839b1846b0a93d3f2887c2b8619f9918a64001e03db57b8e,896352,96105.0,222.0,0.00231,1,2,249
2025-05-12 03:27:37,41eb40ccf21b2a319387394b9c2c95de724211dd2b276bbf5ebb3623ce628381,896352,695247104.0,1331.0,2e-06,1,28,1088
2025-05-12 03:27:37,b53968c77cffcdf6942b0c2c39164f5e46453d9cc24cb3b311c517435ce5a52d,896352,464617.0,326.0,0.000702,3,1,488
2025-05-12 03:27:37,3201c073c3ed14e6415c9d968e9a6a5607b6541190b56106d080c93bb0c8400a,896352,14800.0,200.0,0.013514,1,1,191
2025-05-12 03:27:37,a6c7739f231bc3da5bccf8778f2186ff4d53af2da8288cc2238c129b3f69229c,896352,133601837.0,511.0,4e-06,1,11,508
2025-05-12 03:27:37,d067ebe132801f8b79eb5774db2504bdc724200c439cc71ab0708a7ad3648310,896352,579290.0,177.0,0.000306,1,1,215
2025-05-12 03:27:37,765348a0910c44c988f35a5415739249357514a6886960178e96c2c1d39ead63,896352,5574.0,257.0,0.046107,1,1,406
2025-05-12 03:27:37,6c9ee04343cc4c65cc48fd2452a0d1fd3b28b3d478c3d881def4e8bd59ab3a6e,896352,2484647.0,176.0,7.1e-05,1,2,234
2025-05-12 03:27:37,f89a995b1a3a0aba6d03649b33fa8438535363f5583cd1cbcfcf560ee5681bd0,896352,50790387.0,4984.0,9.8e-05,2,111,3897
2025-05-12 03:27:37,72e2758cf87380d7d5c7af8fe44d05a4f65fd2c15624a4ed811a66b6d6eef6a8,896352,332306790.0,98484.0,0.000296,500,1,73773
2025-05-12 03:27:37,a1148b05ee65ec8034da9a3474c230d54facf9b14e150408e74a8e1ba981a2c7,896352,62730.0,1072.0,0.017089,10,5,1298
2025-05-12 03:27:37,9adf8278f10f3ee4ec660584f3ef32a03768f547a2896cdee0997a39140964bb,896352,55307.0,150.0,0.002712,1,1,163
2025-05-12 03:27:37,75deb83155fe0c983407c91fed1e37db72aa617780fd45904f6f75af511a5a1d,896352,930411.0,205.0,0.00022,1,2,234
2025-05-12 03:27:37,ff9558eb000435e717bc0e56007587717129b4327ece6f1b68d6bd9ccabc82cc,896352,5089.0,257.0,0.050501,1,1,406
2025-05-12 03:27:37,575c352fe57304c58aea1dcccca4b2e8e6c2a5aeaccd24ebf31cb3cd09090090,896352,1205033.0,180.0,0.000149,1,2,234
2025-05-12 03:27:37,68c2faa81dccf7fd2780ca3ebfe4b4280a4d5db67c377d5d0ab26c105071fcf8,896352,73674.0,337.0,0.004574,1,4,330
2025-05-12 03:27:37,d3a0739c580f35a249217abaaf8c5437ae3fc1f0e83ebefb5425ab803123d1ad,896352,671360.0,362.0,0.000539,1,6,348
2025-05-12 03:27:37,d341f49cb7de28a3f5a76ffc05a876a59161c5584510b7f25f9cb824ae7fe9cb,896352,114336.0,337.0,0.002947,1,4,329
2025-05-12 03:27:37,74157f5102f1f7f7189375ada9606a7ffb1bbfb91dc632dd44d074b94d948a28,896352,7284854.0,1585.0,0.000218,12,2,2127
2025-05-12 03:27:37,f64dd41414f2277008dc82046b693e800b4398ca8d2ee4fb73c4e7d34b05ba1f,896352,65510306.0,198.0,3e-06,1,2,226
2025-05-12 22:00:06,0375cd313e98696f253d471f232d106a522e9bfa88d7ed80a629cea187e5da81,896461,202210.0,446.0,0.002206,1,2,222
2025-05-12 22:00:06,dcf3b3d65ca880a6b0c586de900af544d55b9d845f041e54753c8d5b31ef262b,896461,30935.0,446.0,0.014417,1,2,222
2025-05-12 22:00:06,17e4e7fecdc49362177b04a6a49b7c15fd19234650dfcc4388cc8befa3afd921,896461,178524.0,446.0,0.002498,1,2,222
2025-05-12 22:00:06,0c7d658feb9940400cd811ae4c4d0c0ba2f219d3b90b4034e910caef9c059d13,896461,18200.0,446.0,0.024505,1,2,222
2025-05-12 22:00:06,20779bb6ced50e9bfc906113f403027d0e6cd101b00f16dce04fda77df88ee68,896461,11401.0,1336.0,0.117183,4,2,665
2025-05-12 22:00:06,b31238912bede3ac0a3a6ae37ab4dcd275df896904f0534f44fca4df57913abc,896461,4870.0,420.0,0.086242,2,2,371
2025-05-12 22:00:06,6b407435bf70da45e5e2a6768a03a9a21f2a562617c302ba739a6e1b98dac6f4,896461,977358.0,380.0,0.000389,1,1,189
2025-05-12 22:00:06,e8c29974eab4c8c23d28d31849f62d81e29d2442a5f91882dfefd90a882299f4,896461,25615569.0,380.0,1.5e-05,1,2,380
2025-05-12 22:00:06,c060cd5f7b5d09e2e1f109dd87fd2fe2418657de8b8804e3551e72b2011fb1bc,896461,92349556.0,380.0,4e-06,1,2,380
2025-05-12 22:00:06,34ee542570361e52c44831da75be3a30e781b063bc994ca65e789a54ce62b5e2,896461,33894.0,378.0,0.011152,1,1,188
2025-05-12 22:00:06,c86985f54671f143b3d39bb97b9e0a8f492be1ca32df5cff8bac7d573f84ce29,896461,699256.0,744.0,0.001064,2,2,370
2025-05-12 22:00:06,c2e29b64dea7ad05376c1d1b2abbfd8b906d0e3e27578e617cd906a8475d698f,896461,2156890.0,570.0,0.000264,1,2,283
2025-05-12 22:00:06,a497d64cb67ee2186ebf38c5436f35cf846b1601c5e79df93974fbdf80c34295,896461,2157460.0,570.0,0.000264,1,2,283
2025-05-12 22:00:06,c609a91804ecce409bf32dd4a23b6d2cd88a9bb08282d6841ce4d7f8cb462818,896461,2158030.0,570.0,0.000264,1,2,283
2025-05-12 22:00:06,4c72ed91271980b26ad2d64e8cf5c750a4252448ebdc498b3289b3e215f1d8d4,896461,2158600.0,570.0,0.000264,1,2,284
2025-05-12 22:00:06,a5c7012b3ffc3e771908edc0fb90da9521893b8eddb8e00d412affb3e777a11e,896461,2159170.0,570.0,0.000264,1,2,283
2025-05-12 22:00:06,28c7953cb4b849a26a46abfe1da6e6c998998ef66cc90a56983ce7bf4ff573be,896461,2159740.0,570.0,0.000264,1,2,283
2025-05-12 22:00:06,84fab59b9d23336ff7e245b599ab1577f9c436a6837e9a4eefa9fc61b934cc5f,896461,2160310.0,570.0,0.000264,1,2,283
2025-05-12 22:00:06,8184eec0fcdead20a4490e1354ca371d0b8a57b8db718a46a591431dbfb7fb99,896461,2160880.0,570.0,0.000264,1,2,283
2025-05-12 22:00:06,86adb020ce92028123cd383ded098bba0570c0232a643a4bdf8bfb79f01becfe,896461,2161450.0,570.0,0.000264,1,2,284
2025-05-12 22:00:06,2ae41085cca8e95451e45dadf657472c2ed3077a6824762b098823d2100d15cb,896461,2162020.0,570.0,0.000264,1,2,283
2025-05-12 22:00:06,1c47e2cd90afef1c6c0c90d93688b3173af8f214a093e1a34a2e69c41ce81f1d,896461,2162590.0,570.0,0.000264,1,2,284
2025-05-12 22:00:06,53c5c0917c861e13f29521f41e5510d819802c4e831712e77d2eee68a29ac63a,896461,2163160.0,570.0,0.000264,1,2,284
2025-05-12 22:00:06,cb2689cb5100d5b06b6c6fba515a38cd7cc12e21a405e969332d648d36b4236c,896461,2163730.0,570.0,0.000263,1,2,284
2025-05-12 22:00:06,972f928190b09dbbf4f736babe4b7989a865751843a8bdfd9e657b8b813a8c26,896461,2164300.0,570.0,0.000263,1,2,284
2025-05-12 22:00:06,c4c24bb2b7c739c762bbc29bbab3ed9cb8e31e758faf6eb93dfb22c45aab98c4,896461,12818.0,356.0,0.027773,2,1,339
2025-05-12 22:00:06,5888137024e958dd72734c9099729bf42e73675b85fd4749339eb1a023ae998b,896461,419732.0,356.0,0.000848,2,1,339
2025-05-12 22:00:06,402ec05f4ba23c3340fb042346334b0b8f605d8c71f3406e64cc3f5f7368e219,896461,55589.0,346.0,0.006224,1,1,406
2025-05-12 22:00:06,bf24fcf8e080e637a09d0db49480bb4f5c264d3c1a722e1cfc078fc8ab202743,896461,733570.0,336.0,0.000458,2,1,298
2025-05-12 22:00:06,7df7dada72d87169adb3013b14ee3909fd85de9da657b480fe430c3f7097084a,896461,4399332.0,334.0,7.6e-05,1,2,247
2025-05-12 22:00:06,78a0078ef9cb04d0abafd7964c255129f0e3d62e527d1bd9c2553cbdea41cc86,896461,288121.0,332.0,0.001152,1,2,247
2025-05-12 22:00:06,510a792f0dd249bc439d22106e985ca943ee236178a3c115c44705f36c2f58fe,896461,5223072.0,288.0,5.5e-05,1,2,194
2025-05-12 22:00:06,2e7333a0690e8ceae1a037716b641e59674fa7e60d583dbbbbfb5e8b02f83491,896461,5421733.0,286.0,5.3e-05,1,2,193
2025-05-12 22:00:06,58657fda8413f618d175e90656ffb0c3ca2fada4f720c1e1ab1d7f79285cfc87,896461,6670823.0,286.0,4.3e-05,1,2,193
2025-05-12 22:00:06,98219e6c91ac7097fe118ec5547e18a7c7300af0366e7f86dba61de19d88cc67,896461,134125764.0,286.0,2e-06,1,2,193
2025-05-12 22:00:06,87d33b72d5874db1f291c551aeb369b53775364f43ae2e07716897e7571f573f,896461,87657830.0,286.0,3e-06,1,2,193
2025-05-12 22:00:06,1d9ba3420793d0045fab0d3c0a859fe02bcd90a5086b1e178d6c1d6c73ce1d0f,896461,5223294.0,286.0,5.5e-05,1,2,193
2025-05-12 22:00:06,c4433e85928d2fc082eb951dd6db94ac251b9a066ebe7fa10fad9ee7112e2307,896461,130098991.0,35548.0,0.000273,243,1,36121
2025-05-12 22:00:06,cd403cd4fe8d005ef2d7b33f7be2546f6259b4e355b6f69f3e41cea291059151,896461,2111589.0,284.0,0.000134,1,2,223
2025-05-12 22:00:06,2ec75d12d27cccb2debedf1101f4633c665c2b1610368c04be721350c19d0370,896461,3996.0,282.0,0.070571,1,2,221
2025-05-12 22:00:06,df073dde2479a9ccbe2bbcdfb6432743815ac7cfbeb936004a906cebeb6eaf4c,896461,712410.0,282.0,0.000396,1,2,221
2025-05-12 22:00:06,b59951b1485e4177565c2ab5b1de89e06f4cbda66d9e4dd8ee5a4ef6eaa0b97d,896461,42101934.0,558.0,1.3e-05,3,2,520
2025-05-12 22:00:06,46df77be35a1361bceef9d01e0a6b9dd404e9765fffb8bee7b26d18aec50f6f5,896461,322452.0,264.0,0.000819,1,2,182
2025-05-12 22:00:06,c8c45da43b54d4fe5a9373f1aa162693cb889e413637a1e1ea3492028043672f,896461,32504.0,264.0,0.008122,1,2,182
2025-05-12 22:00:06,1286402b730d4775876b3ce57bd355fc2ec3a49376ea7318f43108c9e923280a,896461,6607.0,1732.0,0.262146,14,1,1553
2025-05-12 22:00:06,91f02936d5595423daabaa0f4d2dea71d625f5e4b9686d3034ff8e481697968e,896461,1088239.0,982.0,0.000902,3,1,487
2025-05-12 22:00:06,845d10a17607722f1f9377587e4741578c6f2b845a9dbce43a4607654e2cd1d6,896461,1645755.0,696.0,0.000423,4,2,669
2025-05-12 22:00:06,f21e39b10932af0b566d5e112612b44f94bc25ace9b859b99a1d01489438206a,896461,20551.0,5560.0,0.270546,47,1,5084
2025-05-12 22:00:06,ef614448c3525a21080db88637751082f25226aa8d302bf1dd8c04ec7e76994e,896461,36040.0,2080.0,0.057714,17,1,1874
2025-05-12 22:00:06,a16be8e7b9666a19699b21b31f8f50ccb8617a79551cf1079306eb1d6ba0870b,896461,1200.0,456.0,0.38,3,1,376
2025-05-12 22:00:06,a817846f6a91bd593f86a7af03c400f8cfc69f4ab1b39ebcef8e771324d17917,896461,4639.0,454.0,0.097866,1,2,225
2025-05-12 22:00:06,fb704ae08d47cd4ed6a1c6130e9d19e365b198f4b44e4a966bebf094b271e777,896461,1321500.0,450.0,0.000341,1,2,223
2025-05-12 22:00:06,08599201ad7c2f0a52ef7f82b0c42504e87a441de9e32e2409df3c39dbaf44ff,896461,1122143.0,448.0,0.000399,1,2,222
2025-05-12 22:00:06,560f3020a8efeeaa6d2d876b8cbdced106eb31e9a72b54fc03dc69ee609289d1,896461,872848.0,448.0,0.000513,1,2,222
2025-05-12 22:00:06,05a52a06fccb009afe8c8fe4c0a63ec590f63ceb7516893fd710dc90f267abc7,896461,2120620.0,224.0,0.000106,1,1,193
2025-05-12 22:00:06,c7c86626ddf934c425911698b0444db9eb8b3ba965367709e2435ae547bf4093,896461,9992229.0,224.0,2.2e-05,1,1,162
2025-05-12 22:00:06,4318fdeac8dec60b7d0b8205253f3e36cb83d18ab119cd8f5b8b4b8feb47b06f,896461,2759853.0,448.0,0.000162,1,2,222
2025-05-12 22:00:06,d422c7bb034b8fad1d87bc36a84efb983f2ff36f8675645891061de2777aeb09,896461,398668.0,224.0,0.000562,1,1,162
2025-05-12 22:00:06,261f895ccbb232604540526084f56be655e07019424f560accc778d5fbe23c08,896461,9992229.0,224.0,2.2e-05,1,1,162
2025-05-12 22:00:06,dea149f36c97a788d0c47d2903edbd4199be49d3672e433a2ab95823ab1e0c39,896461,1371387.0,222.0,0.000162,1,1,192
2025-05-12 22:00:06,c90aafd9b74a78032828013ed3af66f58e4f52cc568aa4dc4b422acc0a9cd0c3,896461,1999780.0,220.0,0.00011,1,1,190
2025-05-12 22:00:06,a5a26d7cec3f1bc5061a79b2daa041ef2917b50e119067801455bb72b37b67a4,896461,6130.0,818.0,0.133442,3,1,489
2025-05-12 22:00:06,70df2d5928bff58ea830740817a54452b2cbfd455119959be2aa117a3a9ba562,896461,228456.0,360.0,0.001576,2,1,340
2025-05-12 22:00:06,36b9d219dcbc37f69df6adc83ba65f527b45a01d17b0ec452ba32fb7b79c366d,896461,6023775.0,332.0,5.5e-05,1,2,245
2025-05-12 22:00:06,e4897e8ba124203a053f73b6708a204ed0077bbac7543058ee34eab251d25829,896461,470927.0,3766.0,0.007997,20,1,3472
2025-05-12 22:00:06,ea192d59914da9ad99c273daa4e1926b0b2939a08921cbc869ea6ce02b4b7660,896461,1132424.0,452.0,0.000399,1,2,223
2025-05-12 22:00:06,1a53207e2bfb20d1d6f4c459b683e1edf15c2153f7440087a42edd9d9e3b548d,896461,3917034.0,292.0,7.5e-05,1,2,226
2025-05-12 22:00:06,24c150953e0272582af9d0c6c3c91f24ec6e9968974de60d1fbf5117fed66b68,896461,21672.0,286.0,0.013197,1,2,223
2025-05-12 22:00:06,acb179dc9b0776dc0260ecc3994098ac9067d183112ed327b38a83093ebe9650,896461,167300.0,286.0,0.00171,1,2,222
2025-05-12 22:00:06,5e9e861e72c60c0430ea8062c5efe09afb5025759f4de29d134688e8d8269634,896461,140664.0,286.0,0.002033,1,2,222
2025-05-12 22:00:06,463bd0c8a0caab00a08eeecd119cd36164dd5593911faf50229f51eb62985a80,896461,211348.0,1808.0,0.008555,12,2,1856
2025-05-12 22:00:06,20a9222b86ec8572b5afaf1894d693e6867a46b4dacc92c9c2f8dd11c22a4e4a,896461,937109.0,360.0,0.000384,2,1,339
2025-05-12 22:00:06,2efd7c818ce86dd16acad4b9bfcf15d0523b9fb88fbf281d5736c9bfcb142199,896461,11070.0,230.0,0.020777,1,1,194
2025-05-12 22:00:06,c706175cfb1e8d020051f1763a9dcaca68aa2395b1eacfb877aa7f9b3ed5a062,896461,61765.0,230.0,0.003724,1,1,195
2025-05-12 22:00:06,a96015ed7b2a6f01ba0d4420a743c3a8b041a0e15e1b538cfd04d27c847fb7b3,896461,29838.0,343.0,0.011495,1,2,250
2025-05-12 22:00:06,de30a6fe62e36561b21ae836afa052af92810f4ac6997fa6e04ff9aa79595e5a,896461,6674256.0,392.0,5.9e-05,1,2,383
2025-05-12 22:00:06,4db66cd97339a37cb10e1f844dc90a2dbd74c1380d24f5ea69964808a288abf2,896461,137278264.0,288.0,2e-06,1,2,223
2025-05-12 22:00:06,9cebcd14811a5c00d59e24b5f4da5f5b43869cf3300446b55487ee8f7de9d1ef,896461,4167604.0,288.0,6.9e-05,1,2,222
2025-05-12 22:00:06,9ced7519f29909e74f94667191af866605075363d85abd7c4e46d376e3dd81c7,896461,4881286.0,288.0,5.9e-05,1,2,222
2025-05-12 22:00:06,66079eebb80b3d19c5b05321b52bf72c09bb38e5194c68b91ab427b7e3c558bf,896461,616723.0,288.0,0.000467,1,2,223
2025-05-12 22:00:06,5a81925f09d1f0f0833451340e4a42186fe166d919649e048ea8d1bfd7726fb2,896461,38809491.0,288.0,7e-06,1,2,223
2025-05-12 22:00:06,714c544d4329ae5f34e6cb22f19d832d483abe8e68cccf9208ac858707c9a4a2,896461,45292504.0,288.0,6e-06,1,2,222
2025-05-12 22:00:06,55a22cdbcb682c04a260fa5dc646de7fe77233e5d15e43d6c014830d69a80186,896461,10517536.0,288.0,2.7e-05,1,2,222
2025-05-12 22:00:06,af812ce7d0d1ac2c2bb4a4d3a7dff068696c6c265a0b80ad65f50932d25e70a4,896461,507564.0,525.0,0.001034,2,2,420
2025-05-12 22:00:06,54f382976196aa4937286a0e24ebdf12b785226f07ad87ef2a540bd95bb97835,896461,85392.0,500.0,0.005855,1,1,151
2025-05-12 22:00:06,80e2bef50c0817866bea30dce6d435730dab808c440a99e32e8e9671363cae3f,896461,85892.0,23308.0,0.271364,200,1,21455
2025-05-12 22:00:06,9b16b4042e7f7e97326549b31f209c97f7ec710c5d6e8730c82a6fb9b5f2beea,896461,28192.0,274.0,0.009719,1,1,215
2025-05-12 22:00:06,2fb61345069ceef5b62322f39300474e688540df4fc6feca51da94a62377e9d9,896461,736216.0,274.0,0.000372,1,1,215
2025-05-12 22:00:06,9aed1e24a34274bab7ff349c217d31b081cca550ed2e2670206868b6882c1da9,896461,27726.0,274.0,0.009882,1,1,216
2025-05-12 22:00:06,5e635106bb99b0b53ba35895a84e74d035b20899eebf74ca81970bd27f46b56f,896461,647676.0,225.0,0.000347,1,1,192
2025-05-12 22:00:06,8ef72d9527ef57132a17e77c7d66acc00a78035178a638544d04aa3fb11486f3,896461,569138521.0,57198.0,0.0001,309,1,52529
2025-05-12 22:00:06,13e73587e676c0db7b1b8b0ff14b98d7978275680ccf97e82a48e3687fc17cc4,896461,343724909.0,37690.0,0.00011,201,1,34213
2025-05-12 22:00:06,bb61932cda74d002de1928100afd530517c6deead4bd7aab4337e248a8504bb9,896461,897770.0,586.0,0.000653,2,3,448
2025-05-12 22:00:06,39c93c1aab713f724b9eae7c03fff456a2a8b34d6c2295f1cc92d5e41bafb695,896461,214999593.0,407.0,2e-06,1,1,195
2025-05-12 22:00:06,ad984d56557380dd9fe64aad2c04be2544fe8dd3009eae6f7c595138ff8df115,896461,217079259.0,251.0,1e-06,2,2,370
2025-05-12 22:00:06,90fcba6c0a86a5b6b0e3fca400cdd11c299c599f4be1b0348090e9ae57e2bcee,896461,168686.0,682.0,0.004043,5,1,581
2025-05-12 22:00:06,15f0d2c5a1af24939e2c1097fcda576509c43b00410238cfbfcd896e063f6be8,896461,2165550.0,2888.0,0.001334,9,2,1404
2025-05-12 22:00:06,844d98a917f65aadfc92341c8443988033450f312c80982ff3380d2aff12f838,896461,38861.0,274.0,0.007051,1,1,214
2025-05-12 22:00:06,77d915c15622eaa06f52b5a97e74e1fc0baf192d452d66bc8e4fd4a7f7679dcd,896461,11789.0,1471.0,0.124777,4,2,514
2025-05-12 22:00:06,25053b287c72995ef1680570a8d9c24af04a92105804c6a94511d3fc67c71ab3,896461,375828.0,241.0,0.000641,2,2,302
2025-05-17 07:10:42,d6525570492cb56feef14fb698ad57807c6d7fe805912f20879a2b275ac98630,897072,600.0,194.0,0.323333,1,1,191
2025-05-17 07:10:42,afd5855f09f541d4ff9bf67bba86f32e5022a8a62baace206750311e260d8f29,897072,600.0,194.0,0.323333,1,1,191
2025-05-17 07:10:42,d87a8c3776c19ce4375d9440eb7c81e6d8eafe7a2056ca20679c0dca77945405,897072,600.0,194.0,0.323333,1,1,191
2025-05-17 07:10:42,ddb8cc0c7629a8165fbb7bb2210cacf4b131c93aebf2723f1260d88e6c3bd9a9,897072,21627991.0,12312.0,0.000569,178,1,26465
2025-05-17 07:10:42,913588fa692aca527f097b1416fa128db1e065d6e677b72f2180984feb44fff4,897072,600.0,192.0,0.32,1,1,189
2025-05-17 07:10:42,74807bc932ed59e4d828721f16ddecc2d1e4f84c808cce361ff1db108c0321e5,897072,839.0,192.0,0.228844,1,1,189
2025-05-17 07:10:42,be102e9e37c71767989d22a27c60f1cbc5f957048b812a882dd69546abd083b2,897072,600.0,192.0,0.32,1,1,189
2025-05-17 07:10:42,6604be0e11a0391b01c4ea454b96f66290061042a29020e88dc3d4d17bf93d28,897072,50179.0,6059.0,0.120748,103,1,11064
2025-05-17 07:10:42,b10d8f4a1c4ce42cf0a9cadc8ab2522696e4a94c91aee3977eb529e50731bde0,897072,600.0,191.0,0.318333,1,1,188
2025-05-17 07:10:42,e0fbe50d6259c8c5dc19a39de5baa22e885d8dde10ba3494e1f4ec6f53d16fd9,897072,600.0,191.0,0.318333,1,1,188
2025-05-17 07:10:42,812dd5d08cfc9819a734e79f6e6ed1202cddf8780b8398ab6305e94fe3a831d0,897072,600.0,191.0,0.318333,1,1,188
2025-05-17 07:10:42,d802c3cae4bf70319b05b4ac3179a76170a2a7caec2a6276ba1160303484bdc9,897072,600.0,191.0,0.318333,1,1,188
2025-05-17 07:10:42,07ef1f00e5924c770d1dedc8336fade64fcbcc5626f13422e15f89d1160e2ab5,897072,600.0,191.0,0.318333,1,1,188
2025-05-17 07:10:42,6594c38a4b6e2492f4f9bfcbb8c745581e57e39ce8e7e29a7cd6e90f7b0e05ae,897072,600.0,191.0,0.318333,1,1,188
2025-05-17 07:10:42,604aeb30f7c140c8b61fcdd205c1f3e19ca0cf7627897bf20960c1a13cd837a2,897072,600.0,191.0,0.318333,1,1,188
2025-05-17 07:10:42,4d84eb1df91f98e143faf7afc1c06762eefaa0689ade6283f221905e94a3189a,897072,600.0,191.0,0.318333,1,1,188
2025-05-17 07:10:42,bd3b8b03c738e1cbda3248465a091c75d770d3a50f4801b81e3e539976ce2791,897072,600.0,191.0,0.318333,1,1,188
2025-05-17 07:10:42,2433cf52e82d21431fc286a0e74d90975e74b30638e2ad22f6b0ec538fa26e84,897072,42969.0,191.0,0.004445,1,1,188
2025-05-17 07:10:42,e99b8e95ec6e13d0697fd08109df45da215edbe388b53b2d9812810861c3993e,897072,600.0,191.0,0.318333,1,1,188
2025-05-17 07:10:42,9e9566bd7656bcbbfce837e230dfae3a5dc22ca26378d83a1b2510510006ad3b,897072,25631.0,191.0,0.007452,1,1,188
2025-05-17 07:10:42,c28f3713438e19e39d3520fc9e0f8bd425da973e612e77d83a7beeb933888c2c,897072,600.0,191.0,0.318333,1,1,188
2025-05-17 07:10:42,36001101d61f61a5369374d09f2fb9ff5168c125d3edd9389c4f4ad8d6c30c29,897072,3642803.0,191.0,5.2e-05,1,1,188
2025-05-17 07:10:42,f570e6c8a768749776704c0b61c606cabdb643b54465853bb7fa1df7dc361d24,897072,600.0,191.0,0.318333,1,1,188
2025-05-17 07:10:42,4add5c874cd4a6251eefca60ad67baa246ee096a02055a2e2e49d2efe18c081d,897072,600.0,191.0,0.318333,1,1,188
2025-05-17 07:10:42,3505b5372911896a1db83ddeef2f6eea6e0166d386199c4bf498c7375e7a1a09,897072,600.0,191.0,0.318333,1,1,188
2025-05-17 07:10:42,b643c1c03400383a9f232b0ff922fe8e51af9b3e8cf93a4fa83f8db37ec378d6,897072,5813512.0,4881.0,0.00084,68,6,10262
2025-05-17 07:10:42,2408fef6c7ebbdaa4c3fa7445117899c10874f7d443c5b846e916243089f5b19,897072,235637884.0,6775.0,2.9e-05,90,1,13891
2025-05-17 07:10:42,830c2c4c60a57325a7aa639f5d4e7bbb6f80864e8e5db19fb895443af39ebce3,897072,300913.0,3665.0,0.01218,27,1,8144
2025-05-17 07:10:42,3ed23e1cb7cc73da7b29d58cd57333644ee8cb969ca597394c342829f8239306,897072,522936.0,694.0,0.001327,9,2,1406
2025-05-17 07:10:42,98face02e24f60a93aa4a4c7c373dc104df659132c5b8c72ad9d011b76965ab5,897072,294213.0,378.0,0.001285,2,2,372
2025-05-17 07:10:42,28323d004d1b85db64455f95f074ad84ee4886749be917fffe930e603e0178f6,897072,176131.0,941.0,0.005343,13,1,1970
2025-05-17 07:10:42,3704e4e7a2d52d0cb36a73f2f8e4075ae68e06c1d7b5805257395d4b0ec56fe8,897072,106554.0,376.0,0.003529,2,2,370
2025-05-17 07:10:42,a7db7229beff010b0ed81a16a9950b7af625ce1562bdd7f64d576162dbf6281d,897072,744099.0,376.0,0.000505,2,2,370
2025-05-17 07:10:42,62cfc1f69c05b88562fed47b01bb06ee88a31e690ed34779a4588d4a1d0b8ea8,897072,1834054.0,249.0,0.000136,3,1,487
2025-05-17 07:10:42,b90c9067c7beb57e0a32c4c8efe022f067cc7d3bfbf489b558beeccafba77238,897072,141685.0,249.0,0.001757,3,1,487
2025-05-17 07:10:42,a1582d6454454220dbe6ddfb0bce6cea8532924f849123d6448ec6f41db5ce44,897072,126109.0,124.0,0.000983,1,1,203
2025-05-17 07:10:42,45f1397fa8f3444899f52255afb36bf9d2bac97f502f0fe7a789c93e0c7d0d14,897072,103471.0,124.0,0.001198,1,1,204
2025-05-17 07:10:42,277026ccbb9ac60b22dc3f44c8a278b6072e9e3edbeef4e6f0956dc929eb9c0f,897072,1340466.0,372.0,0.000278,2,2,366
2025-05-17 07:10:42,a6d19f593c56bde71d0eb0f143ca03c670e9dbc0bb9fdd782095279a602cc50d,897072,67474.0,124.0,0.001838,1,1,204
2025-05-17 07:10:42,9bce83faf6a3da70bfe9729dc775a0e1fce6b1e394bc9325c342fcb1ccfae07d,897072,330204.0,183.0,0.000554,2,1,342
2025-05-17 07:10:42,36f879ad341e0543a36c2e11235783a0d74f6fe7274f61567caeef979e7f127d,897072,625970.0,973.0,0.001554,6,2,957
2025-05-17 07:10:42,3762652f61d88311d1a1fa9fbaefce0edd4baf18e113c923bf1fdf89eb2df1e6,897072,13114345.0,362.0,2.8e-05,3,2,518
2025-05-17 07:10:42,271fc1325664dc556fc6cf6bf75d12b2c18c210472eb5c4b65b3ae2f4ab00847,897072,54751681.0,301.0,5e-06,1,7,377
2025-05-17 07:10:42,182f33232f5b4fc1af3d5a7e4a731a086a6a63cfc3606b7ae58539074357ceea,897072,16494049.0,180.0,1.1e-05,1,2,258
2025-05-17 07:10:42,2c88c58c75252ba13e8f4b0a3ac38211c4270c24c67b1c255711866a4d0c12b7,897072,4151740.0,180.0,4.3e-05,2,1,339
2025-05-17 07:10:42,87ea7f137436c231ad731df0208ceb95cea76b7e79546e99c2356036c390d780,897072,54045.0,180.0,0.003331,2,1,339
2025-05-17 07:10:42,9e2f6f4a2fed642e4624352942142861371118509c830ed3d762265059a07e03,897072,2096517.0,180.0,8.6e-05,2,1,339
2025-05-17 07:10:42,5f0904842787adb7dea80fb7f8458e940e5b5510bc5bd9b9c00a6904c3069328,897072,37266060.0,4302.0,0.000115,57,11,8805
2025-05-17 07:10:42,6ba546eb4b01f40fee3c0cb3954325e4d012d32b4963a58304c7f65f6d8beced,897072,591561.0,528.0,0.000893,3,2,519
2025-05-17 07:10:42,b565bdea4223debf9883d11ed279386be3eb7a1ea50a5d75149e565b31650961,897072,4010485.0,2166.0,0.00054,30,2,4538
2025-05-17 07:10:42,78b85b0d21f1e1a11e07f62f3b4e805d441cc08270a655b70998b676cb8f11c3,897072,566297.0,525.0,0.000927,3,2,516
2025-05-17 07:10:42,2b2c4f64f278f840f00d1f1d40421f30ccbed7803a59f5b1200652327ed8bc56,897072,3912828.0,1866.0,0.000477,26,2,3922
2025-05-17 07:10:42,2307c595811c666455d61e500575502d1efbd09adf785e2b521dbb0e47801f78,897072,5762658.0,68751.0,0.01193,1004,1,146647
2025-05-17 07:10:42,29a83c57b5b10782e2560a431938d1cec5554b14108891aba7eb9d813829be7e,897072,120568.0,115.0,0.000954,1,1,194
2025-05-17 07:10:42,b7ec19f6a09239587a22d3bfcbf8882b46dc1e8ea376554d030d2cd2ab558423,897072,52350.0,115.0,0.002197,1,1,194
2025-05-17 07:10:42,798ee32ba4f5e93534060231e7768ddb62731a74a332767b5ff2e13123456800,897072,39555.0,115.0,0.002907,1,1,194
2025-05-17 07:10:42,e7a38b657324f92b08b106a7d6ef8526e95b06cd2aafdf576d70657e9f9e3f7f,897072,37753942.0,229.0,6e-06,1,2,225
2025-05-17 07:10:42,7a74c7e555f7645d6c70e24665c2cb052d4379a0a4890baeef3a7b6e0fec0268,897072,57063.0,229.0,0.004013,1,2,225
2025-05-17 07:10:42,b2fbf119b059dc901b371a1fad6a29c3dae00b7d4b3c70ee175e7551954ccd00,897072,49999771.0,229.0,5e-06,1,2,415
2025-05-17 07:10:42,b9b1c8f60ad8cec223487919c4ca65341881db981f9b0789b3354f45c29ca7d1,897072,4479004.0,171.0,3.8e-05,1,2,249
2025-05-17 07:10:42,b7fba9716010aa0f5daff98218630e8b874b01bd0d92a99da2af858a27f8ca13,897072,5999658.0,342.0,5.7e-05,2,1,336
2025-05-17 07:10:42,9b123e95487204628cb132c6174209e4d5877d2faacbdc06f0544e936887890b,897072,170229.0,171.0,0.001005,1,2,249
2025-05-17 07:10:42,a52731a9d7f45ede6042437cf1e0ac1a6bcc77438954908bca9573db4054aed9,897072,1864764.0,283.0,0.000152,3,2,520
2025-05-17 07:10:42,4e03e7cd55de4008bf89db504b1060d0345be01df2f801cca5bcee9797e6b9f9,897072,2910764.0,226.0,7.8e-05,1,2,222
2025-05-17 07:10:42,1baa5dd610580dc97a856715f525eff74bdacb71cc5cb6a2f91ec852d587c9cf,897072,483220.0,113.0,0.000234,1,1,162
2025-05-17 07:10:42,4143801cb90553cb7e69164a7bcb24046ac679db5a4002e950e8e51f7400f79a,897072,11265.0,226.0,0.020062,1,2,222
2025-05-17 07:10:42,cbf9909e2474cf8734689940a669b4b4cce6e40f56b83cf4635276058ad7428e,897072,253237.0,113.0,0.000446,1,1,162
2025-05-17 07:10:42,78079eaf627f73f260b23f454d48b778e467c10d5311bf4904d31a8c67da215c,897072,3769.0,113.0,0.029981,1,1,192
2025-05-17 07:10:42,58540d824ff4f8f5ba14f6f66e1d225d3d4fad4425838512f2ec54f9b3ab3e87,897072,14900.0,282.0,0.018926,3,2,521
2025-05-17 07:10:42,b4fae0d32d29dd7596cc2bf0876a5b562e44f2eadcdcf7b3f86e988c14e3b0a4,897072,518483.0,281.0,0.000542,3,2,518
2025-05-17 07:10:42,f70baa1ee4b84bc8ddf78dfcea5f2f886dd7cfc8e0947dde2645c7165e66e425,897072,263399324.0,393.0,1e-06,3,1,732
2025-05-17 07:10:42,82bda880b06574afb958b3e17a98ebf2b00c2e7ed22782f1a42f749e319629d2,897072,56583.0,505.0,0.008925,5,1,898
2025-05-17 07:10:42,43a967fe5ae82bcbbeea1ce7d0af4e4124cf9286e759233f1b32922bfcb62fe8,897072,306088.0,112.0,0.000366,1,1,191
2025-05-17 07:10:42,022b7a4e9ae9b778f2a0e09e9c33faf386dca785d48fbacee0544d188a70a8b5,897072,1926.0,112.0,0.058152,1,1,192
2025-05-17 07:10:42,f2aab4064383ca907a8b10caf0af26238944fbbe05c1d8fedfccc57cf4140ead,897072,153175.0,112.0,0.000731,1,1,191
2025-05-17 07:10:42,cd21f8096387b025b63dc41c7a6f60c737c41126bf6f16e2cf4ed794cf2bf29c,897072,71094.0,168.0,0.002363,1,2,246
2025-05-17 07:10:42,bc6f72c01d27cbbcf526ba4e8e599c38ccfc9d942656983b29f3e2221a21f19b,897072,501117.0,112.0,0.000224,1,1,192
2025-05-17 07:10:42,abab879ae5432e1a9d975b1824dfc1f04c96224fe839d9c6f939ea624d1f0395,897072,888.0,112.0,0.126126,1,1,191
2025-05-17 07:10:42,83aaf5f26b733b61eef27f58ce98a75b2053299cabecec42f4fd2f232b378d80,897072,10691.0,112.0,0.010476,1,1,191
2025-05-17 07:10:42,bf5da88dece45c1dac9c47a8d6eaf9ea4aa7f53937a41c67ca73a8fc282a8e7e,897072,13888.0,112.0,0.008065,1,1,192
2025-05-17 07:10:42,ba4ddd66e4ead25568b1851cafb035a4df0ee78442557b42dfc1d089f17b7a7d,897072,37679.0,112.0,0.002972,1,1,191
2025-05-17 07:10:42,c859d9f0f2dfeca28d6556269ed37f2a488d65c894ec573fe6c59ab7dd17da5e,897072,31865.0,112.0,0.003515,1,1,192
2025-05-17 07:10:42,ebd14df05a2812a68a59047419bd1318b3513c7a54f7f7f124b78ff1bda9965b,897072,4929364.0,112.0,2.3e-05,1,1,191
2025-05-17 07:10:42,14bc704f59d3c262926fe2a63064627089bd629524d291a5effe7a0966b35d5b,897072,576.0,112.0,0.194444,1,1,192
2025-05-17 07:10:42,e5c2b8191c9aba6d9a411e3e7e9d529197b36716acd1db7f3ab21dd4c6d8e34e,897072,24888.0,112.0,0.0045,1,1,191
2025-05-17 07:10:42,09abc947d64e42a9a5ebbf3f51b816499b9a837f9af684bd81b081639037cd24,897072,394878.0,112.0,0.000284,1,1,192
2025-05-17 07:10:42,51392a72e8a99beb40377d2f8e3088aa884e14046a843ecaebf519cb17732221,897072,109120237.0,224.0,2e-06,2,2,382
2025-05-17 07:10:42,9cee3c638fe2ba8d8f8a2f796c5732fe975e3b088dcc2765ca48b8ce2857ed0e,897072,888.0,112.0,0.126126,1,1,192
2025-05-17 07:10:42,5f9bbaa0c7cd815a5b21f09f51e7d2112a5a31e2a829e80964338738a389b70e,897072,12875.0,112.0,0.008699,1,1,192
2025-05-17 07:10:42,b1b46d2093f0a1b9b5f16eaff33e4bd4dceabcfd73a750a47697206f9f60b10c,897072,1274104.0,112.0,8.8e-05,1,1,191
2025-05-17 07:10:42,cb80559c518fbc7ea272c3a85463362303cf4c1118865997df645c8adcda92ec,897072,99454953.0,388.0,4e-06,5,1,783
2025-05-17 07:10:42,9cf8878b8f81eef875de0cdae7ec5ec999d757b7b3ec72313d1d6a23bf92c4de,897072,144446.0,218.0,0.001509,2,2,376
2025-05-17 07:10:42,6fb53241ea20eb239b0f2c1257926e424b5bfb24a3758ff894d3f107d3d48477,897072,270056.0,216.0,0.0008,2,1,443
2025-05-17 07:10:42,c8998f6cf94e45640c9e19b28173d0987dd526b3c94feb2d6324df6ffbe7d175,897072,338955.0,89715.0,0.264681,1299,1,192292
2025-05-17 07:10:42,214b51fa09d2b02e040590588b0c767d03d0e8e2b1ae058704f087adc437e64f,897072,323297.0,85573.0,0.264689,1239,1,183405
2025-05-17 07:10:42,86097b9ff455ad5b9129170f60a2442ab408cc84a6ef3594ea6d5d0821f427c7,897072,337911.0,89439.0,0.264682,1295,1,191694
2025-05-17 07:10:42,e92b325bcd330b80919e76e1fb26d482102981e06ac682774aa964c2d30aac1b,897072,2411029.0,214.0,8.9e-05,2,2,373
2025-05-17 07:10:42,c32a4b6d580426c645b59ebd22f143c4e7224cf5b473c30d6d1a993e8c608f44,897072,133788.0,212.0,0.001585,2,2,370
2025-05-17 07:10:42,8d4cc34f16f4e44a9094ded54d5190f3372bc9f13b321d4b6d2d6c74b8a59b06,897072,14730706.0,212.0,1.4e-05,2,2,370
2025-05-17 07:10:42,9eca09ff8e6f70fc8090ab3a621874ff373e53b51759b125462fc46a94fb44ff,897072,19999789.0,211.0,1.1e-05,1,2,377
2025-05-17 10:23:47,4aaeba1d458929bef4c704f6e179d9ec41e8248da73e313c2e4623d72b9f84a6,897086,36042.0,421.0,0.011681,1,2,221
2025-05-17 10:23:47,23416350a49f1b25a46533d7138a49b1ef19732aed34bbfb66590b8e839ab1b0,897086,903272.0,1239.0,0.001372,5,2,817
2025-05-17 10:23:47,016e1a960f3ef75b841a9278b8d9adf6abb1831c571bcad5ebd2fd8a6f09f4cb,897086,567902.0,1146.0,0.002018,5,1,786
2025-05-17 10:23:47,6958ed5d2425714337a8d34f63b47a6154dc9f9da7f7da357601ba61629fae36,897086,599970.0,1122.0,0.00187,3,5,555
2025-05-17 10:23:47,3c07a5d2778c95c8aa4327c0dace24630ee091f761760da4ba851a6c89cd9046,897086,33532724.0,996.0,3e-05,4,1,671
2025-05-17 10:23:47,2abe6069f5811c0ed3c9ff76349e33fbd238e133e346b1a2fbedf24007f31159,897086,44338.0,635.0,0.014322,2,2,373
2025-05-17 10:23:47,8f336f85cc71bae36f97e0228f6183fd0357c3b870c05af51f1bba140df6a9e4,897086,41569.0,626.0,0.015059,2,2,370
2025-05-17 10:23:47,0426f07e5f2ab4dd13f5e6200f8f325cd3c1cbab41f8db5acded5880803b341e,897086,2401571.0,626.0,0.000261,2,2,370
2025-05-17 10:23:47,2d54c4af8140fcb96ef12b5872191e4631ec0645c38335af446fd48c9aa46aa2,897086,2008421.0,1758.0,0.000875,8,1,1229
2025-05-17 10:23:47,3ed57915ceca09f1a5ccce996a03a9b45ecd1e39a9adc8639d21adb2d541cd77,897086,9825623.0,28086.0,0.002858,63,1,9330
2025-05-17 10:23:47,e66d7e5aa7bf230a48d1d7cbf8b6bb2b9c070881bcd349b44a255b9a213913de,897086,1427409.0,578.0,0.000405,2,1,363
2025-05-17 10:23:47,3cc8ed69f3a04c6080441dd0415413cce54224152e74340e3e3b45912ba9e839,897086,12382472.0,26754.0,0.002161,60,1,8887
2025-05-17 10:23:47,7f2f8691d535da123043b3ab7bd579eec4879a1633b3b7f739f3673455f572bf,897086,886046.0,855.0,0.000965,4,1,483
2025-05-17 10:23:47,c544a75dd71fa4636142300c01ef8cc9dc81a9a3dd4ecbe44a09af688d62e1b6,897086,8541586.0,26754.0,0.003132,60,1,8886
2025-05-17 10:23:47,2de0b7dd2eed104fee437d2728c1dc9dd4be0194a7710a995526c059aa5f8542,897086,10990479.0,26754.0,0.002434,60,1,8886
2025-05-17 10:23:47,f1dbf945db429ffa9bf706a95c668976ff5c66b21dad41a15fb2e2312469072c,897086,2513921.0,831.0,0.000331,3,2,519
2025-05-17 10:23:47,8a7d728b47b57235fb34a43efe522035e44531b5ebe8f59662f7f86150bdd716,897086,195713.0,831.0,0.004246,3,2,518
2025-05-17 10:23:47,90d9fee5e2c9b74fae23366eb01a219c7471b7fe31ee8345efbb47002fb4d467,897086,27492.0,1560.0,0.056744,3,2,518
2025-05-17 10:23:47,9abbf0e2b055e1a0b8dffea49622e6bad185abc9c8a3faa2982be4dbc54f4c93,897086,593587.0,1554.0,0.002618,7,1,1080
2025-05-17 10:23:47,9fe8388f508ec4db7bab65477967765b2e4a706bcc8201a788b959fadd4ff42f,897086,4353007.0,777.0,0.000178,2,2,420
2025-05-17 10:23:47,3a808005364f246d53228267a4923720d8b4d3baaa1e1f367f487ee5ee7530b0,897086,297792.0,765.0,0.002569,2,2,416
2025-05-17 10:23:47,61c109416f864c925dd06c42a5173275fcb2a9a888c03f2f70239b865306fa38,897086,238185.0,738.0,0.003098,3,1,488
2025-05-17 10:23:47,836adbf849ab8ce69e84b81c0e9fc166722bf891eb1747dc05ebc11fe62f0fde,897086,100782200.0,729.0,7e-06,1,4,407
2025-05-17 10:23:47,12e06f83d23b27ab5772019e4b71749ae154e6377e09f9cf783f01d62378a1ec,897086,3195234059.0,78538.0,2.5e-05,228,303,39115
2025-05-17 10:23:47,c67aec5e89f19a551cfc2e9ba277a00bfa1e8fed184b05761bed4db0296b6168,897086,79536.0,464.0,0.005834,1,2,205
2025-05-17 10:23:47,893142544b864e6035125ca01261a2a994e83ef96be83e9d94460a061e435e33,897086,79536.0,464.0,0.005834,1,2,205
2025-05-17 10:23:47,7dfc2a4cd7a66201ab92155399ce4ceba56f4b4d3da5c4bb36b510b0f3550c32,897086,79536.0,464.0,0.005834,1,2,205
2025-05-17 10:23:47,fd0da9d3ed2900360073ef0934b6e041a1367f4df14e85e3a2964f7145c40b48,897086,546.0,458.0,0.838828,1,1,324
2025-05-17 10:23:47,b512f8cf295b6aaf5a5ce1273f1f03b0b78aa85a6b37f4545b2597904a821e81,897086,16505.0,678.0,0.041078,1,2,225
2025-05-17 10:23:47,fbc143862a2ec8b12d4c6aae7cc57a916aa59f8de408f99efec25445b965b422,897086,1930200.0,675.0,0.00035,1,2,415
2025-05-17 10:23:47,f05cf2608a3542adb383bb3a45dfead6ba935e1519a81aa3b443aa6ab532c4c3,897086,22429.0,669.0,0.029827,1,2,222
2025-05-17 10:23:47,85e581d523d356cab8bc032588f00047157f30f0ffd1df24dabb54756c2b3e86,897086,7813.0,663.0,0.084859,2,2,382
2025-05-17 10:23:47,9293bf63380c014b1ecd3a04561e74edf049bd8b24d5062c543675585cd8727b,897086,7813.0,663.0,0.084859,2,2,382
2025-05-17 10:23:47,4b13a438f18abbd4116df8c5f96b5229a1bd60a993cae11e94c13d279941d652,897086,7616.0,663.0,0.087054,2,2,382
2025-05-17 10:23:47,ced3ad7f308a92b947730305c77d0fabf2c4444eee33bc338cedd6bdebdb055f,897086,4230879.0,4623.0,0.001093,25,2,2773
2025-05-17 10:23:47,95eecfdad8b510156213502d16675ba0413dbe3c941c6371eb5faef14be74cbc,897086,13384462.0,639.0,4.8e-05,2,2,374
2025-05-17 10:23:47,922011c10c14665e43d287a4e5ddbe0a5dca5fadae7dbb3d9d79d281d4b8be6e,897086,63736.0,639.0,0.010026,2,2,374
2025-05-17 10:23:47,5d6a23b61209cda9a86ef025b87005cd9bdbed95ae762af3950aed2746542946,897086,3131190.0,639.0,0.000204,2,2,374
2025-05-17 10:23:47,644bbd7611e2affe0bf0bb44124bf9bdb6df73ee2ae023f3642d5f544f4f6333,897086,105025.0,639.0,0.006084,2,2,374
2025-05-17 10:23:47,5f740936c939aae1bc0d12d162fa5d77cedceb2e25af816af5ceb72447db1506,897086,242779.0,639.0,0.002632,2,2,374
2025-05-17 10:23:47,51f355ccc481ba37436b5e1fefe7214a28d551f9bffe2c9f86818f86dea69ca7,897086,857974.0,636.0,0.000741,2,2,373
2025-05-17 10:23:47,eca016d3cc85619772c2c0599c759878bf2ebe885b2ae1d22fe1c57571a9fcde,897086,277845.0,633.0,0.002278,2,2,372
2025-05-17 10:23:47,143b9ef0c87cf35692a0549f7c34f53af289db78dd45ce4e5e1325f78b809b5d,897086,49402.0,633.0,0.012813,2,2,373
2025-05-17 10:23:47,f209bfc6c00a40db160363d07d4e613fd667c36af19eef63a9295d7a322457d9,897086,560887.0,630.0,0.001123,2,2,372
2025-05-17 10:23:47,448dfb2f69ea53d4de58a88cc22ed9e97714aff4cc5bbe8f2e03d5f9b8483343,897086,209079.0,627.0,0.002999,2,2,370
2025-05-17 10:23:47,d046ebec78dc2b9d55f70d23476c735325c22450efbcb88719e5ce1b83179423,897086,548544.0,627.0,0.001143,2,2,370
2025-05-17 10:23:47,1c628ff27d03ef581d4e03eefa1e65119f3916bc7ce1ac5466d09d2697f6b30c,897086,729065.0,627.0,0.00086,2,2,370
2025-05-17 10:23:47,21ad0caa8b42294a05b2d343976d172318f8e06067f90c5f40af1523e2a7eb97,897086,18195605.0,606.0,3.3e-05,1,2,393
2025-05-17 10:23:47,8fb3637461c290049e0cdccda8729263b854911a3b1a4cdcf39818cc065f5349,897086,105415158.0,606.0,6e-06,1,2,391
2025-05-17 10:23:47,e4ef04ac18a2b94238bb7cea9266224423f1180b65b977ec862d5bea80d2be70,897086,356184036.0,573.0,2e-06,1,2,381
2025-05-17 10:23:47,aec5c68136a93de3b73179a9a05ac2ab8d34018ef9d9e01eaf1c968824788ca8,897086,108133.0,570.0,0.005271,1,1,189
2025-05-17 10:23:47,8ca22f3cedd3c4c859ab026acbf42b0d0586982a6e47525b62e1acc618a893e6,897086,13857.0,567.0,0.040918,1,1,188
2025-05-17 10:23:47,886477e596f8659224f6da821ddbded91b030023673d8d541b1274618dce12d9,897086,13893.0,567.0,0.040812,1,1,188
2025-05-17 10:23:47,9742f3204528d2fd64b755637500d710f7c8f6291f4970c09b0b29924a3543dc,897086,229750.0,546.0,0.002376,2,1,343
2025-05-17 10:23:47,cff3dcaf67cd40b7513ce423a6ee5d9a9c51a41167f3f6954bcc395968e223da,897086,9565.0,540.0,0.056456,2,1,341
2025-05-17 10:23:47,d984d4b08dbe80f26af873f5d27b5cfc0f95ef09ff7bb3a7966627f7fe599431,897086,12270.0,540.0,0.04401,2,1,341
2025-05-17 10:23:47,49b5910846853d12f26558fd393c3df4e036afe81e175608e915fa60298108c9,897086,94778.0,537.0,0.005666,2,1,340
2025-05-17 10:23:47,6e006daac5c448f29166d691ab841a0a92353ee736994f0971bacd30ca1aa358,897086,190823.0,537.0,0.002814,2,1,340
2025-05-17 10:23:47,0f2aee817df3c864127d0d5e477ba253828f7d36dc29eb620894499a0a22b120,897086,29246254.0,531.0,1.8e-05,1,3,227
2025-05-17 10:23:47,09ebeb11cc3d0fa519d9547d9b1b1dcd32c7a946cd62dae2764591ce8caaf64a,897086,3200.0,1038.0,0.324375,4,2,667
2025-05-17 10:23:47,f86eca4b03802acf3f74a9070db747a7f6a0e262ea28a1a180c65cf26886be1c,897086,1888268.0,1515.0,0.000802,4,2,1263
2025-05-17 10:23:47,3df82e672e6c23dd48a96a8bbefe821d716d929483c53c93cffe8443b045e34f,897086,70000.0,332.0,0.004743,1,1,191
2025-05-17 10:23:47,bf22a9bd51892b04f0619b105927d1d9a02d60c50127a5cd2997c663d78d49a2,897086,6208725.0,465.0,7.5e-05,1,2,205
2025-05-17 10:23:47,69a595f9edb69816d423621b7722ccf91fa44df88a07f2fb384bab941e031342,897086,2558268.0,3201.0,0.001251,9,3,2767
2025-05-17 10:23:47,e411436167bff84dfe4b307bf27d88550a44252ee9055ba9def85320d931aadc,897086,25990718.0,435.0,1.7e-05,1,2,226
2025-05-17 10:23:47,f61ced68b4a6b27e29e53f4c45708853442b5c97fe45172f9e5d2191ab968fa5,897086,4829565.0,435.0,9e-05,1,2,226
2025-05-17 10:23:47,db54431b3f434f2c1425dc50a0eb5d4d3f0f1092ed18f3a3aa42597d69b79b7e,897086,1939684.0,860.0,0.000443,2,2,373
2025-05-17 10:23:47,0f3e658d25ed7605dc0df45f02ae0dc9158c1c7b5cc86e5290280e7b6a9da778,897086,175104.0,442.0,0.002524,1,2,220
2025-05-17 10:23:47,940ec04c4607fdf2e8eb09d68e4a6e6cbcf17d21f6d72c87ce5364e9532f8dd1,897086,43792896.0,429.0,1e-05,1,2,223
2025-05-17 10:23:47,25db8db60c24c0b1db3037e3138ee5583dcc5dd22ce30a094d49932f0fd8fb46,897086,8216062.0,429.0,5.2e-05,1,2,223
2025-05-17 10:23:47,ea4d047b9be1c924affb7c8dc33c2a0bcc21af7b9b5ed5d17bd5f169b190e6fd,897086,75375.0,426.0,0.005652,1,2,222
2025-05-17 10:23:47,0d1d44d5a0b28819217f0660bc6287536b4bafe58ba9492f0e14d82ba872a6c3,897086,27544.0,426.0,0.015466,1,2,223
2025-05-17 10:23:47,c867eee639f5c5146bc8fc6cf07537304b34ad862e0372e6c5a0aaa4de06dfa1,897086,2508132.0,426.0,0.00017,1,2,223
2025-05-17 10:23:47,7094de27628ed30ede0d80b8f59b4808204e3deac0fa0ecc0db149053f85d197,897086,70492.0,426.0,0.006043,1,2,222
2025-05-17 10:23:47,ab21b072e8e426aaeb4329ccb70dfed35a56e2ca49f1e4208b392ae15c14c4f5,897086,2018555.0,2460.0,0.001219,7,2,2143
2025-05-17 10:23:47,23b3d7d843df97915d9006f8f01167a3a6d0463666105b2e9302b9fb45227acb,897086,99607.0,393.0,0.003946,1,2,181
2025-05-17 10:23:47,2204868ef66db6f31b73df300105859c3fcf63afef781f23065351350f498da7,897086,261751.0,393.0,0.001501,1,2,181
2025-05-17 10:23:47,ff1028fef47808063646bde35ada05247497ad186ac3990afb5e1c4bca961317,897086,172972.0,393.0,0.002272,1,2,181
2025-05-17 10:23:47,fc964525e71470269c14544862dea97654952a7503bbf00b40261425ad0a40e1,897086,9405400.0,520.0,5.5e-05,1,3,253
2025-05-17 10:23:47,6bbe975275db09edef5e56519ec8bcc85a780e83e4416d4fca942b8a8e3603e2,897086,451571.0,744.0,0.001648,3,1,489
2025-05-17 10:23:47,52188b47284e80e8a79e3fdff1d85063ce454d0680792cc127c836716ac2db03,897086,44829.0,744.0,0.016596,3,1,489
2025-05-17 10:23:47,d79b0fdc0b2d71c8e7fade09f77e2eb124e1bb79a52c6c168951b0cffa36764b,897086,1868.0,369.0,0.197537,1,1,204
2025-05-17 10:23:47,9ff8d8d552882b985d28eb1b2627c8c44430eea91bd7349a4047195f8b60e062,897086,23058.0,11124.0,0.482436,63,1,6796
2025-05-17 10:23:47,12fb2f967e9f0e59aa764f68f236f91ac47f1f8005196b0061bb77cc380356d2,897086,323122.0,678.0,0.002098,1,2,224
2025-05-17 10:23:47,d9b67b0e200abcbab022262c3c2e7b127659c0384469e75f4dd2e44ac921d80a,897086,98870.0,678.0,0.006857,1,2,224
2025-05-17 10:23:47,52ae340e9ef2b482ce9c4361541a2cb215f28a61f8c44ea3ddba4d1e98845a04,897086,49310.0,336.0,0.006814,1,1,192
2025-05-17 10:23:47,be3f7dd59beb909d69fcfd91291577eb0e906be496ae6bb1a4db0d573ba7e185,897086,104049.0,333.0,0.0032,1,1,191
2025-05-17 10:23:47,49a6dbb537161c7142e73cea1e74f2441991c8a9413a44c14ae08666f14c3fd7,897086,187630.0,639.0,0.003406,2,2,373
2025-05-17 10:23:47,267d712579f11a676e9cdcd80f2c01a578f5d25091e04860420dd112db750943,897086,102721.0,639.0,0.006221,2,2,373
2025-05-17 10:23:47,c3849b03483e84b1b9e19d6d21a3585d0407158bf3b02f19b6b5956eb6817453,897086,1998096.0,630.0,0.000315,2,2,370
2025-05-17 10:23:47,17d0749db5459f2cf9f74547e8d027f9bf7314fde3cbc23ba90053f72253940d,897086,423840.0,3906.0,0.009216,11,9,2172
2025-05-17 10:23:47,ec1481492e4a8ef55f5441d4ce2041713456027be78c0efc7eb52f97f2f732e7,897086,8057978.0,500.0,6.2e-05,1,2,247
2025-05-17 10:23:47,3d6a6b51cb3e62cc4c366e43dbacde5b89c693aa45d77e5c23e8c457c032d97a,897086,483437.0,882.0,0.001824,2,2,373
2025-05-17 10:23:47,99d5c7f6ac0b1128a89285d09f7fddf8fabf929b579a4548bc123bcf06bd77f2,897086,348415.0,837.0,0.002402,3,2,519
2025-05-17 10:23:47,837917b58d1f0b63688879e6f8a8e88786d451186f316e8de727bf8128aff2d2,897086,998890.0,1110.0,0.001111,1,2,366
2025-05-17 10:23:47,53b22bc35bb0abd6a1a62b39e189fe4511645c6fd019bacfb40652a308446f50,897086,22538.0,546.0,0.024226,2,1,342
2025-05-17 10:23:47,f5d19efec0447725993020c05fa65f47e23b9f7dace8b413ca5c6393bea3f0ef,897086,416093.0,540.0,0.001298,2,1,341
2025-05-17 10:23:47,f0ce28798a3cc24767e5cefb6a9bd144e486d9ea7e87a48e1e619e28bf49ea76,897086,133050638.0,437.0,3e-06,1,2,225
2025-05-17 10:23:47,e1cd6e73c7ec6a873f554c27fce277f6acd10a626bb51f5b2de3557882e29923,897086,3528789.0,437.0,0.000124,1,2,226
2025-05-17 10:23:47,247a12b3993092adec689a1f7c7441330db08b1a9aadb226c59c96cfc894b08f,897086,57005.0,1044.0,0.018314,4,2,666
2025-05-11 22:58:45,af009ff862c443819665e521f7827592c028278fbd93dd67994e50b783dde0ad,896321,5677942.0,1116.0,0.000197,1,2,223
2025-05-11 22:58:45,90883b5a1b5ad31f68c6c7f3aaeb19e803889b90a32943eba02ccbb791f3d2f0,896321,220639.0,1128.0,0.005112,1,2,222
2025-05-11 22:58:45,b9a9fcb1f4c681aa568668d7c441b1fdbbbc74eb2982d14dc62c657a589c4ed1,896321,264010.0,1912.0,0.007242,2,3,401
2025-05-11 22:58:45,6ac53c7ca4707701f2ed8192fa5ff529587e3f5ba50e0e31d57381226008c7c7,896321,8177754.0,880.0,0.000108,1,1,192
2025-05-11 22:58:45,97b6a2a10b0e52906f167119e5c30e079bb9164a482c3ff505565dae95a61ab0,896321,229021.0,1128.0,0.004925,1,2,222
2025-05-11 22:58:45,27ae92dd06808c68f3bcf4a813273a3cc85d6cad9f8eae5d2aecbf3a2de0aa97,896321,8710189.0,2056.0,0.000236,2,2,419
2025-05-11 22:58:45,743c6fd2f780e9fdb210043b011c2ef1ad2b959f370c53887d1996e9b344546e,896321,1947463.0,1128.0,0.000579,1,2,222
2025-05-11 22:58:45,d0fca121268b7002cd4cce2ee419ce62a94e71c1d9fd078c3ed44a7827d4af1e,896321,3064493.0,1152.0,0.000376,1,2,225
2025-05-11 22:58:45,8cdaa9163c4fd1f32abd31ae596e6609ab78e7c0a137130881941ae0fb096324,896321,300188393.0,4968.0,1.7e-05,6,2,1104
2025-05-11 22:58:45,191eb655e489cd7436d50b160e00a69e4bb1a17e5cdb89f3e3f8985cd2e76c34,896321,4994277.0,4712.0,0.000943,6,1,1072
2025-05-11 22:58:45,7439070f676023be4dbe2741c3827308bd46c79dd07246ad9af3a4515cab390d,896321,2151888196.0,1924.0,1e-06,2,3,402
2025-05-11 22:58:45,f288da481b64fc1fe495538307301151fbe60fadd1a7bccfbb1f42d011876976,896321,1929646.0,1672.0,0.000866,2,2,370
2025-05-11 22:58:45,3ee84f86fdd830697714ef80a7544ea727a2198fc1fb9e679590cedd96b4fbe2,896321,3460052.0,1287.0,0.000372,1,2,193
2025-05-11 22:58:45,f1b05f5a6b35717dc05981e1b10724a119dd8d01f412e6969545b946b9937bf1,896321,3542572.0,1008.0,0.000285,1,2,194
2025-05-11 22:58:45,9ec1597ef78e787c05acd452f698161e819d09e6500f732c99844649fbe30fa3,896321,31373838.0,1388.0,4.4e-05,1,3,253
2025-05-11 22:58:45,0593494253aa3a43211202bfa044fff39ce85f772024f7061773bf45bf61b02a,896321,68632410.0,2000.0,2.9e-05,1,5,328
2025-05-11 22:58:45,d9ad6417cb75d0e77d88ef4fa6bfca7ee871000d27be85d231b159bb1fb45e30,896321,83817362.0,2000.0,2.4e-05,1,5,327
2025-05-11 22:58:45,0d90467cf02260cf9fe91afe8f4e9bb889762677fb235497d4f48c455be594ba,896321,215765220.0,1808.0,8e-06,1,2,222
2025-05-11 22:58:45,7b61549bd8985a09e76ec56db64c5c6d2ba737b374981693bb2b15ff0e51c007,896321,104967.0,1532.0,0.014595,1,1,188
2025-05-11 22:58:45,40aa6d8ef277ccb24bc5b6500ccd8358747585424ee1dc0b58ba4145012afbc9,896321,96100.0,1455.0,0.01514,2,1,340
2025-05-11 22:58:45,67282203fcedf56c6b361c0d0486a7b58a1cc979976c92ce52a7cb83dfacc1b2,896321,61010941.0,1410.0,2.3e-05,1,3,254
2025-05-11 22:58:45,0a12b6f47f106848e98c3d094d3f37d679a098926ad5b2b5b0961a19bdcabe1a,896321,3478052.0,1287.0,0.00037,1,2,193
2025-05-11 22:58:45,70720eeacf67a928ff4ad3c91a7b64d263e1b124cb29d42111ffdaa5e8710db3,896321,3494456.0,1296.0,0.000371,1,2,194
2025-05-11 22:58:45,247952a6caf5ece18fbcf2500a2ca85f69e1a4f40aba9e1bf3da60a52685b694,896321,3539724.0,1225.0,0.000346,1,3,225
2025-05-11 22:58:45,f9309133066eac0a40f9823d1553bff14f8c7e4dfdb1afb02cb1a2a964618c76,896321,86593237.0,2624.0,3e-05,1,5,316
2025-05-11 22:58:45,555bd154b59a62ea4afb331cbbb96e61c86f33b30fab7535c81546625117da45,896321,1261064.0,1530.0,0.001213,1,3,266
2025-05-11 22:58:45,ad7ab6fbd9f91bfde6882497166016d640f2e54ef8c9ecea9a2b5b250c4cb314,896321,3246.0,920.0,0.283426,1,1,191
2025-05-11 22:58:45,f3e0ddbaef1462d09e76693590606be1474e2df9dad80dd952ed8c100fff714a,896321,97634427.0,2000.0,2e-05,1,5,321
2025-05-11 22:58:45,9813f17e87c90fd06e205338036551c07400773dd4d934a8ddd7ee8e8d5d2582,896321,93143086.0,2000.0,2.1e-05,1,5,319
2025-05-11 22:58:45,a7b031a2eeee9c723fa22c10031457ae55d8048c67609ae72270b372d7286673,896321,1997719776.0,2000.0,1e-06,1,3,424
2025-05-11 22:58:45,c75d81a6a697dbde27539ed79b34ab7bc49898abac507bdf074f4c36a72a6fa6,896321,1557989.0,1760.0,0.00113,1,4,285
2025-05-11 22:58:45,e86f9890c5e35b0cdf51720f2771abf76d14db227373210027331a463aa5b096,896321,35670.0,957.0,0.026829,1,1,191
2025-05-11 22:58:45,144a09a6c7c8fe3e1b86bd31c014db2ea65dc6f2b1ebc639bf31b88199c8c394,896321,650921.0,2090.0,0.003211,2,3,402
2025-05-11 22:58:45,9187341705efb8be2cbb35fd4a1e4cfbfd8d4739e15957aa75c0cd99d9688154,896321,19736600.0,2400.0,0.000122,1,6,349
2025-05-11 22:58:45,cd9b72a2092cb2debf4bbed133a314b76074732c4251be7cc4186e5313bc949f,896321,18269.0,1017.0,0.055668,1,1,195
2025-05-11 22:58:45,455c33a8d2fcb6b59b0f7c5da993232f787de3537dc598b7e9108ad36c8af42c,896321,8247579.0,1269.0,0.000154,1,2,223
2025-05-11 22:58:45,6dccc28aff8a7354310cc7729b091efb8d5b7161996a711a2950b80bb493b47a,896321,1885938.0,2242.0,0.001189,3,1,490
2025-05-11 22:58:45,6b2e88d5efc3085ee263f1453d9e3aa267d6b3d6d9834c2ed2f9c696d97ba2cc,896321,47827127.0,2830.0,5.9e-05,1,7,392
2025-05-11 22:58:45,b03bb3970458e5160c40087eb4bfcd44c900b5c068d91058d538121d1492837e,896321,2892.0,1033.0,0.357192,1,1,194
2025-05-11 22:58:45,cdb0d2b9b4f7851862528708e1ed628d9872cda34a2579e72725966fb7f15edd,896321,121147.0,1018.0,0.008403,1,1,191
2025-05-11 22:58:45,00b17e40d40aa21f144ce7fbcabc0acab9f8491797d8017fbd77f49fc7798ed9,896321,2007000.0,1025.0,0.000511,1,1,191
2025-05-11 22:58:45,d2802166c2c3efbd060c03a96208f323334f33ca8c198213ee2aefa77ef49d49,896321,7711.0,1057.0,0.137077,1,1,195
2025-05-11 22:58:45,b685018cbb0da3e47a2d973ad63af2084626cdb46e9f5bc08b36011ea64223c7,896321,62499926200.0,40615.0,1e-06,1,4,284
2025-05-11 22:58:45,1d19c0404a58b8ded4e110e7b6142aebf5ecb88bf46ce1359be7add1d7fb6d39,896321,62499966815.0,33000.0,1e-06,1,1,191
2025-05-11 22:58:45,0ceda61ebe5e6bcff5739b2aba4f943acfb9d78c0c0069601c4c69eb089d1e9f,896321,62515975243.0,11422.0,0.0,106,24,17222
2025-05-11 22:58:45,6365bca19db5c10b82400ee64c96a0c8041e52bf185fa267404c4cbf7f5419b9,896321,8000.0,1042.0,0.13025,1,1,192
2025-05-11 22:58:45,4eb61cfb146300ef8479dd243da5c8e056efca8dfd60512fe83b09e2858fa5b8,896321,17165331.0,1053.0,6.1e-05,1,1,193
2025-05-11 22:58:45,a0ecf0f25836e9d1cbb2b6d2d97a719fb9fd28d081ab73d7bf3563eb0516ba08,896321,79476317.0,2000.0,2.5e-05,1,4,291
2025-05-11 22:58:45,4e3d52bf18831b8a20bdb36dd68055a4adbbf9da0f3d7330039768bc2c4d6add,896321,94153071.0,2000.0,2.1e-05,1,4,290
2025-05-11 22:58:45,00a3d519473aa7379c718f68569c731c6d64920ef7fb78b26c4a6544a14a4af3,896321,203758.0,2800.0,0.013742,2,3,451
2025-05-11 22:58:45,b6f2a4e1e1c0609bbb64c6e903c05e44e1a53c7033db86d4b4884ecf683f86db,896321,43892.0,1377.0,0.031372,1,2,222
2025-05-11 22:58:45,fc05bddccbe1ba16ed7b4e193b0159eb76502ef45cc2156fe54cbb97d47dcd82,896321,145813.0,1377.0,0.009444,1,2,223
2025-05-11 22:58:45,a9709562ae342af5cc8f8b829391632c257b91973ce4de08f8137e9df0363fe4,896321,23122.0,1076.0,0.046536,1,1,192
2025-05-11 22:58:45,aa8581f5b57272399c4af5d61b7235594fd550d260bd90d2cd17debd282c1328,896321,465492.0,1098.0,0.002359,1,1,191
2025-05-11 22:58:45,3e74146010b20b8e4e90e16e6ba82d0a9ede7b393586474d21327df3446a6d18,896321,216790.0,1758.0,0.008109,1,3,257
2025-05-11 22:58:45,f9e079d7ba090b774b002d4d95413ff9e102361dc9dfe087d668d4be28086da9,896321,959000.0,1099.0,0.001146,1,1,192
2025-05-11 22:58:45,3b67317c4af068587408a5036ab32d3f0238855214277bc2b126fd5a1f4785f7,896321,105250651.0,4340.0,4.1e-05,1,11,516
2025-05-11 22:58:45,54ff0079b118e93e98ccac8a78dbf59c09a687812ada3029cdd1b9d704e7efef,896321,1039452.0,3740.0,0.003598,1,9,456
2025-05-11 22:58:45,5acdfb004d7d6ddc5b8ddbbe63890d5b276e6f6a062cdcbe5d4ae2dc98477be8,896321,1850918862.0,4850.0,3e-06,1,13,567
2025-05-11 22:58:45,703357176caac8b4f4a758565377b0912877c69eb9eb8e241d82d8092bb047e7,896321,1074748.0,3890.0,0.003619,3,4,602
2025-05-11 22:58:45,950441d31e3a43ad91f22f194366de904ea43c19f22eebc1093034ca3f5992d4,896321,515267762.0,3710.0,7e-06,1,9,452
2025-05-11 22:58:45,029854d21049695d2618f2b05943738f39432047fa7da1c56116c9d67af70ac7,896321,70995778.0,4990.0,7e-05,1,12,581
2025-05-11 22:58:45,086a800c696b1026fdc52be887f97276b2c0f0df237bbb623cbdeb71842381c4,896321,998870.0,1130.0,0.001131,1,1,194
2025-05-11 22:58:45,ad0edbcdf988adea2f7c9eb5155433f3636b70c38bd4ab851085ac653d7166bf,896321,342274642.0,5330.0,1.6e-05,1,14,614
2025-05-11 22:58:45,48edb9ee36c7101309511c35c07e8c8d0f374cd4d60de1c018e8721251c9e6ba,896321,1879203998.0,2670.0,1e-06,1,4,459
2025-05-11 22:58:45,73e51d3043891a24f988e8d8b77b6cce4dd67cd63c150b5bb1bc2ccc9e4ad2b8,896321,4861021.0,5170.0,0.001064,1,13,598
2025-05-11 22:58:45,9125ab795de765f669e1c7406c4b9c30f59ff60d10189d9dcfed10ac90e449ad,896321,344464725.0,5240.0,1.5e-05,1,14,605
2025-05-11 22:58:45,8ba113e822bbd7ccccdc63dc42088b076d431ee53e00cbabc76f8ad08ac0ae9e,896321,310843316.0,5920.0,1.9e-05,1,16,674
2025-05-11 22:58:45,066ead444af7b80a799dc6e06f73ac03d414e98113391ccd8cfcca39e1c6a89d,896321,4395694133.0,4050.0,1e-06,1,10,486
2025-05-11 22:58:45,374d46dd4493371a20259d44927d3dc75787f5dd4faf893e19798dc071597982,896321,4576802024.0,1420.0,0.0,1,2,224
2025-05-11 22:58:45,f2376ef761c57a1900373728262d14a47642f17da391ee5fc0e8684688274d7f,896321,1916024.0,1440.0,0.000752,1,2,226
2025-05-11 22:58:45,4ca64e1c7602202b4a082b8c2a882873b3f3212cbc161575e04b281501469354,896321,1997072813.0,2660.0,1e-06,1,4,458
2025-05-11 22:58:45,b29085f2a72a6fb45d503ded74a1b02b08d76660d50e36be479dc9191c858c49,896321,4040616.0,3210.0,0.000794,1,7,403
2025-05-11 22:58:45,f0ceb99edcd6979a22276eb868ba5b7bdc1e4f60400eb9e7dba7adf2d7327742,896321,670428.0,1410.0,0.002103,1,2,222
2025-05-11 22:58:45,014de41acf31756c51f14ccd3a22657010111829803b06e1432ffbfbf76d3942,896321,1138870.0,1130.0,0.000992,1,1,194
2025-05-11 22:58:45,fd7e84feba2bd4a6ae0461ba2f32b938c5ba8735eecdb17dbcabef4b859dca3e,896321,104498.0,1100.0,0.010527,1,1,191
2025-05-11 22:58:45,bab41780360f129b38f0d1029658b08e1fee79766304859d3ac366198eaf6d3c,896321,1383618252.0,4270.0,3e-06,1,11,508
2025-05-11 22:58:45,cfb99f667820198cea990285a3a113eb549f1c06750bcde26fa35f63c6066528,896321,2186748.0,1410.0,0.000645,1,2,222
2025-05-11 22:58:45,1430e434bf1d76f9e24493065ff4f50ecfc66be155b19fd99b83b39d19a3829d,896321,2256980.0,1410.0,0.000625,1,2,222
2025-05-11 22:58:45,1476a59b6785e8763cbe55139e29a3dde44c85905776a33bd132ea4c9272b023,896321,28760.0,1100.0,0.038248,1,1,191
2025-05-11 22:58:45,b6f479140fb66c9b84caad37bbabfe282af25e204ce8f9f32a6b905ab1c28414,896321,5077402.0,4490.0,0.000884,1,11,531
2025-05-11 22:58:45,ad37770998026c3d88008262d8942a45a4099dc7d00460c9d2c814286a3d3c13,896321,1986390150.0,3640.0,2e-06,1,6,556
2025-05-11 22:58:45,ae9d1a30d8f626b55da2e2e31fe2894be66eeba4c603c7e95f82345812ef3610,896321,34981076.0,4580.0,0.000131,1,11,539
2025-05-11 22:58:45,1713ef9ea07a2acc019c2b606c9f92d90a0a2f37c9b82c7700b5a0b2e44b9a0f,896321,42062626.0,5320.0,0.000126,1,14,614
2025-05-11 22:58:45,de453af180b52d6356c3d709b8ef3e6fde36fbe0e0309639f0e071980656b10b,896321,79989.0,1410.0,0.017627,1,2,222
2025-05-11 22:58:45,40e1e1411dff6abb1c9c0e2fbc27fa1a1f242445a7f082fca5ae9cb405555619,896321,5871.0,6506.0,1.108159,2,2,300
2025-05-11 22:58:45,2f532776cae1f23462cda7b1099d6befe50e1a8f42f78ed0e5f7081e89390b16,896321,533592.0,241.0,0.000452,2,2,302
2025-05-11 22:58:45,e4e5687d3ffc54eb8483a1c544d975048f355d262c55a9498edeaf662324cb24,896321,1026027.0,373.0,0.000364,2,3,472
2025-05-11 22:58:45,4c5c752d2040131a29ad8f01956718070645da30ff329ece280dcb03fabdf739,896321,100174068.0,3140.0,3.1e-05,4,1,635
2025-05-11 22:58:45,47a465b9b538bb8dcce6f7129f38b932d903c925662f15027776c6a043e03711,896321,185779.0,3090.0,0.016633,3,3,549
2025-05-11 22:58:45,fd8a773ab40dfba6a7ae75614d0ce405e90bb7e40d4d7f59b0c358e1d8b79183,896321,3052258525.0,7140.0,2e-06,2,12,709
2025-05-11 22:58:45,c96aa8d3a86c7dca7b851e67255d44e61ac90f40dcb5434c27d3b96a6ed99566,896321,18394395.0,3740.0,0.000203,2,2,370
2025-05-11 22:58:45,ca536623b217b06c1fb5cfae7fb05a1f5ef0bfc5e2d33ee69e5d6673bc14ea21,896321,8954984.0,2260.0,0.000252,1,2,222
2025-05-11 22:58:45,5fa8467be606dc9c5fbaf052b2ede6e4e8edb1d6abcd033d40fb7944698f80a2,896321,8967808.0,2260.0,0.000252,1,2,224
2025-05-11 22:58:45,c0328ff746ffb7157c3da3bc98a71aa181de06b4221a053d03d9191f35d3e799,896321,9093976.0,2260.0,0.000249,1,2,224
2025-05-11 22:58:45,5ef84405d1da598ba9f7f5293cf781fa3ef6472b540e79f4aa6c684aed639500,896321,9133236.0,2260.0,0.000247,1,2,223
2025-05-11 22:58:45,a0c02b336a785863969178657c7b7ce7ac6bba4126dde72c4c3818c79e349c8b,896321,1230217.0,1920.0,0.001561,1,1,189
2025-05-11 22:58:45,caf50329db0cb19b32554bcb6efa8acc7e6c9ad95b7d533507e61eeb6f2f8154,896321,90055.0,1750.0,0.019433,1,3,253
2025-05-11 22:58:45,2eea074650e97f234358829f95c350973a70d5ceccdec6c508fcd962dac846f4,896321,148822256.0,2260.0,1.5e-05,1,2,222
2025-05-11 22:58:45,fcebc4804de674d446df00fba9dc2c4ff4a13c26dfa51391d413741c5d9c0a2b,896321,50844.0,1920.0,0.037763,1,1,188
2025-05-14 17:09:36,409a9b276830f95346f25571a8f45c042c5dde2d62257a24cdaee7d610658edb,896699,61484.0,669.0,0.010881,1,2,222
2025-05-14 17:09:36,032ddc75f9bfc8280a079c39a8ac97a3a183edef300d9b4aa7eb981e3feb8d72,896699,63473.0,669.0,0.01054,1,2,222
2025-05-14 17:09:36,0818e51e34764df8fb0bb0f7cf7603401d3301f869ca3128c11c93c8bf281e3c,896699,1421702.0,669.0,0.000471,1,2,222
2025-05-14 17:09:36,604859dee3dd658434af6d98436970d5fc77b3b4bc3815cffc4ee53b49a5b00d,896699,375783.0,663.0,0.001764,2,2,382
2025-05-14 17:09:36,28bea6528ef76a76345042f8bf71dc56cf457d9e79014575d22323df0e17b2e4,896699,22882239.0,639.0,2.8e-05,2,2,374
2025-05-14 17:09:36,377e6d8f22e820037f72d2416d97e3f1be4da2d764f5c4ffa52313a60c9a15fd,896699,357948.0,636.0,0.001777,2,2,373
2025-05-14 17:09:36,120dce840a9310909f89cea4c53dd742829c4647d275808868fa343f487319c4,896699,1125591.0,630.0,0.00056,2,2,371
2025-05-14 17:09:36,0da5d7c971c484b7000cd1c42cfefd6652a6c7dbc787081d9db5bb85af576c4c,896699,785683.0,630.0,0.000802,2,2,371
2025-05-14 17:09:36,4965af0319fa5ce59a5b80a0ded4995549b93395c76a3f6bf7578e28fdcd01be,896699,130979.0,627.0,0.004787,2,2,370
2025-05-14 17:09:36,d7b56f27a47a1f1a6bc4c5845e5a530e2a52f736b105ec5b0bc546ffb46657b3,896699,2465368.0,627.0,0.000254,2,2,370
2025-05-14 17:09:36,afbbedee9ec3403041a32385af7ee4f33ba670e0a974628ac3bec7a630de5e83,896699,43429133.0,627.0,1.4e-05,2,2,370
2025-05-14 17:09:36,bd00ef9e9a2dd06950b767aa3b79c512416c7eba132e4dbdc918a18f647e8a11,896699,45183514.0,627.0,1.4e-05,2,2,370
2025-05-14 17:09:36,cbb9bf3faa90308e8adda7afc3c4a2fb9bfe0056e5704c656bb7f08c298a1e77,896699,2161118.0,624.0,0.000289,2,1,422
2025-05-14 17:09:36,c23f48581f08f463df2129194dbfa58f6a6c70a92be9cb327b7f6ddc913c4062,896699,433652.0,624.0,0.001439,2,1,422
2025-05-14 17:09:36,358058954d9be1091109c2d290a3a9d9383507a8f484e9028739a71aca692f1b,896699,168467.0,624.0,0.003704,2,1,422
2025-05-14 17:09:36,4dff00a0a69b68d9c2a1fcfa9c6cc0cf3ba5f3761276b9dc2157f35ae014640d,896699,1116343345.0,597.0,1e-06,1,2,414
2025-05-14 17:09:36,72775277435b798388cf89fbc63f82b75141fbde51d9d4834de89ecacd95dcbd,896699,1110539.0,670.0,0.000603,1,2,222
2025-05-14 17:09:36,090d78bca82db4edf7a37714da2c623e805bb08228bc8ba2cbd4927ff6143ff8,896699,1207809.0,586.0,0.000485,2,2,372
2025-05-14 17:09:36,ca5d00d4925540d602b902407846bcd0867741ed1df93c55bdf42e00529ab310,896699,84454.0,414.0,0.004902,1,2,222
2025-05-14 17:09:36,f11704949991a1d428a1d4a2741ce781ae86d1f7f39b318f787c7b8f56156f41,896699,182070.0,400.0,0.002197,1,2,223
2025-05-14 17:09:36,52811c1e7a72bbb994f9aae5ae838cd60967bfa005a017122e08f634eec6ee47,896699,278246.0,261.0,0.000938,1,2,222
2025-05-14 17:09:36,4b804aa22c7c7eee3d95d722733b7c634f46101c625189d6cb16e2b06f93af0b,896699,297918.0,579.0,0.001943,1,1,192
2025-05-14 17:09:36,34b8990a7aade7cb2657b3b91725314382d9b75418fc2d9be68bbe9bb7226913,896699,32437150.0,570.0,1.8e-05,1,2,381
2025-05-14 17:09:36,66298f98cf97f9e0f3e0d06654ff91889369172ddde2423febe9a618913370e8,896699,605888.0,1686.0,0.002783,9,1,1006
2025-05-14 17:09:36,67ad3d8a427810a983c6e79fd54d1a6d0bf2137574a8dac814ba136f91b7a0fd,896699,15226.0,1119.0,0.073493,2,2,371
2025-05-14 17:09:36,fd0afcaf4f3c42246f232928a0e8ebae190d19cf875d2657521efe8dc92a5f86,896699,101454.0,1116.0,0.011,2,2,370
2025-05-14 17:09:36,865c4d263e4d4c76d3cf691a8f8adefc0d721bf725e9726a420bf25c45c9e4dd,896699,38448.0,552.0,0.014357,1,3,234
2025-05-14 17:09:36,5684bb3dfa1b06be4ddb323a8767e3cfd8e36d28acbd05a02e69211008ec589c,896699,25948.0,552.0,0.021273,1,3,234
2025-05-14 17:09:36,9cd1a7c25f5d0a8946be5520adb32eb3de68fa5680930cfcfa4b2162a7fe7675,896699,12372.0,552.0,0.044617,1,3,234
2025-05-14 17:09:36,5aa17a961a074a6e2b1aa58448237520f5cb4df25576c4683a8980edfc026541,896699,10747.0,552.0,0.051363,1,3,234
2025-05-14 17:09:36,ffdec4766f21c957d9b7dbac83df1aa3dbe298fb2ed3474c305c4b3623f7559b,896699,10211563236.0,440.0,0.0,1,1,192
2025-05-14 17:09:36,7f4a396ef04d85a303468629df6529ae0e946426b0d1803cf7123f8cd3c89cb4,896699,26145316269.0,14565.0,1e-06,32,14,10937
2025-05-14 17:09:36,e6fd9b2737814c11e01f4f603891ea6b9b7b96c92b8721f79e2a86221bf20e0d,896699,155067.0,537.0,0.003463,2,1,340
2025-05-14 17:09:36,99831f25474e60a329a2b9e99f83c2bf14943fc7762f4f677695cddcb8ab8643,896699,8000762.0,5190.0,0.000649,14,21,2419
2025-05-14 17:09:36,a48138e1f1854d226f8ad2e7ab8d0329eb0d789f52e04a3e225fd568fda0a9c9,896699,40629.0,1011.0,0.024884,2,1,335
2025-05-14 17:09:36,098e0cd7575aff5ff5ac24a17dfb54ccec510ed65523d0fda348edb68c7bdf3c,896699,52553.0,498.0,0.009476,1,2,246
2025-05-14 17:09:36,0bfad3447a6177f58714b1b420bc95883bfaf5fc28630579b66d57cafc44f185,896699,5135266.0,435.0,8.5e-05,1,2,225
2025-05-14 17:09:36,91fa91276db50d0c101fb430eaeb4ea25e61c7698717bc274d1bb447ee4f36c3,896699,564726.0,429.0,0.00076,1,2,223
2025-05-14 17:09:36,3cf5656e7fe5650341d5434b7c2d4549511ee91b9ab397cc09a9d39524562267,896699,2659899.0,429.0,0.000161,1,2,224
2025-05-14 17:09:36,1043d38701cf5e32703ec930398d11d546408b98b9e47a9b91c3029a9f87561b,896699,3812746.0,429.0,0.000113,1,2,193
2025-05-14 17:09:36,9df6f3d3cb72344c3a72e919b125efc1703b957dec563151836167d4ac43c03a,896699,572987.0,855.0,0.001492,1,2,283
2025-05-14 17:09:36,1f24e2b4a075d5274eddfd2ecab964f0139823a3782118a5d4cd4fc87ec404bb,896699,71408.0,426.0,0.005966,1,2,222
2025-05-14 17:09:36,643ee633e6ce0a0a764facf414956274c918a09b4f63b754758cbf7addc3667e,896699,2783374.0,426.0,0.000153,1,2,223
2025-05-14 17:09:36,bb008dd555ad898de6e1ab87310afefd20083dbabb4a9c169cecc838f0cac75f,896699,540251.0,426.0,0.000789,1,2,222
2025-05-14 17:09:36,c7c0731c83f86ff18f368b0af49c3ceb62cff916ba924ef3a206fbd283521927,896699,27950.0,426.0,0.015242,1,2,222
2025-05-14 17:09:36,386a7fad2dbb15edbe8f4f6f7c899179acfdcd319fade41c3f1db76c30d78a5f,896699,3188250.0,396.0,0.000124,1,2,182
2025-05-14 17:09:36,d7ed769005b7d73983424e8d1b3e84c2b7a9372e7adb4a3aac320921c78db10f,896699,12726.0,396.0,0.031117,1,2,182
2025-05-14 17:09:36,00a35eca1040e6610f309ec87248881faed5e178c0b7734cffc6d575ca8220cc,896699,3188253.0,393.0,0.000123,1,2,181
2025-05-14 17:09:36,fc36039b5d4cbeadd81df03d993f1f8e666319cabe295d45be3640755c6c3504,896699,3246.0,1554.0,0.478743,8,1,911
2025-05-14 17:09:36,b09e44302d30518ba204485ae9a346683b9146f9b4a809a01bb5c8aa9301a42e,896699,44997940.0,608.0,1.4e-05,1,2,392
2025-05-14 17:09:36,cca0f10b5cbd0df1d8bd8bd9bea76c410bb0774bda50e0741a07a0bbb678be2a,896699,404550.0,8862.0,0.021906,50,1,5405
2025-05-14 17:09:36,a0e7a9825bdbede8db6baaff569c60a533ae62e68a5f0c69259ce0e5f055f3c4,896699,203504.0,708.0,0.003479,1,2,234
2025-05-14 17:09:36,c8d3f7c9bef326a7d500693c6d269e4dd29026583ff518de0d08f891442caca4,896699,1324781.0,572.0,0.000432,1,2,380
2025-05-14 17:09:36,cdee80dc3bcadedf6d6e946f1fa696a67aec27793baaede46d094f01f08958bb,896699,426129.0,342.0,0.000803,1,1,195
2025-05-14 17:09:36,db6995a7677d884ccf89a99b80d4cebab882d8a58b85f232a548404f6e470aad,896699,3341511.0,342.0,0.000102,1,1,194
2025-05-14 17:09:36,5d59d1326af761d223b7a57600b7397e4778ecdf3c0bfcf58d096d1632924d62,896699,98320.0,342.0,0.003478,1,1,195
2025-05-14 17:09:36,b1c073fe16c195f203eb29e0640e1188889584a669bc931ff2b86f3ca94016d9,896699,2351322.0,678.0,0.000288,1,2,224
2025-05-14 17:09:36,1064122add2e1360df6aaa03c6ae3dd9c84079846ca28cf967f5d0c4f442d5d9,896699,1529436.0,675.0,0.000441,1,2,223
2025-05-14 17:09:36,eab4b3fa8db5b1f60fc7cc3f8e60d459594b455cd50fbc28a67e7c076410962d,896699,2446468.0,675.0,0.000276,1,2,223
2025-05-14 17:09:36,57b09155d4ce01fa65bf1b21f7f74be9ace36dafe4f4d54f034a978106e3cdd1,896699,1877991.0,672.0,0.000358,1,2,222
2025-05-14 17:09:36,e8effbd7aff51161c080c4201d50f0ccbba3a93c2a3ba4801e863ff85f55146e,896699,305024.0,672.0,0.002203,1,2,222
2025-05-14 17:09:36,4fa2e4041cf204e74f7621905410edb72b887d5bc8b26e0bc9e3aeb6921ed05d,896699,536613.0,672.0,0.001252,1,2,222
2025-05-14 17:09:36,e9da5693e85c3c2f43c844837ecb3341b43d79ada686bd0bd0495f1840e6143c,896699,6533376.0,672.0,0.000103,1,2,222
2025-05-14 17:09:36,8254027372f73c16663f206d18c1ba5a73accaf43f0761f18ca431ff71511d30,896699,2009.0,336.0,0.167247,1,1,162
2025-05-14 17:09:36,30c55fe2597e27c6b59812c99227b80902f486cc808d7416bc1fe9594ca8acd0,896699,10530641.0,800.0,7.6e-05,2,2,300
2025-05-14 17:09:36,f1aa805ac8439b2cf49676b24703a962cdf51b188468bd113b1fa88675a360c5,896699,38696.0,670.0,0.017314,1,2,184
2025-05-14 17:09:36,6613a44b6a7c562541732ee4d36c88b22276a6ecdec01796ec864851fa198473,896699,5288858286.0,135904.0,2.6e-05,413,490,68228
2025-05-14 17:09:36,ce499027249968ad6e13a0ab129e0015c89ec5bceb848e35d13125300b01dbfe,896699,546.0,333.0,0.60989,1,1,191
2025-05-14 17:09:36,2bb4d8f52442601acf27fc6231fd6e7c2f6392e18ddd4553ec3f2401d8fbffe0,896699,4388584.0,887.0,0.000202,2,2,672
2025-05-14 17:09:36,d6053972e31ca79e16fc1d978966c7f32bcae9e1ba0bf362a3598efac36638fa,896699,371320.0,630.0,0.001697,2,2,370
2025-05-14 17:09:36,8d1360ab15da04abe7675a0e98d04faba3622e6c5d87ed874ff00421da84dcd7,896699,1062582.0,300.0,0.000282,1,1,150
2025-05-14 17:09:36,9a2faed885ea39033295264e10ad3111359534540e98d2e34584b2f76fe5e6f8,896699,746951.0,1455.0,0.001948,6,2,964
2025-05-14 17:09:36,09719941916320d2ceebc3f8708ddc0c3206431d51215b4f34b2117eb73c9494,896699,5008783.0,2910.0,0.000581,6,2,960
2025-05-14 17:09:36,51f453459650bdbbcd3a93384cf053fa45717d1e7bb370677b5cc308e6588015,896699,18401443.0,17247.0,0.000937,38,2,5688
2025-05-14 17:09:36,439bad7ff755e71da32c1ba3cf4fd33e7e708459da2539cfa03ede63ad92358d,896699,16220.0,1119.0,0.068989,2,2,369
2025-05-14 17:09:36,e786adb6c8591d89da9312c162cdbc38e552958be25ae2029e1aa3b6e70f019d,896699,53895512.0,837.0,1.6e-05,3,2,519
2025-05-14 17:09:36,3f3d200f9df98c7574969e4074bd30f9e3e2e1ac39a8545fb3268dc36a3f0dbe,896699,99563.0,437.0,0.004389,1,2,225
2025-05-14 17:09:36,d706e9e9fc1bf98bfb3c7db87c357bce318d8c1c4d8c54eb196d0d83770ee880,896699,1743219.0,1500.0,0.00086,3,1,494
2025-05-14 17:09:36,5842cb5f74bbb16963ba9eb993bee5b6cf5c520e7f5d05712d1d784395b049c3,896699,14571079.0,3219.0,0.000221,15,1,2272
2025-05-14 17:09:36,8d2f72a85f7660b9c815bc14c74725b5c2cb9abaab44f2ae0eeaae6ea5c605ab,896699,176872.0,1016.0,0.005744,2,1,415
2025-05-14 17:09:36,d5ffb8cb4f39fce13d42672810ae186c039984a66ca04eff24cd39028f8d94de,896699,74920.0,224.0,0.00299,1,1,406
2025-05-14 17:09:36,f8b9a53b5f3b1e2aac662c5a95573076a3e70bbc06338d876be7a4c2cae6fd51,896699,2450485.0,352.0,0.000144,1,2,234
2025-05-14 17:09:36,2cf2e4987a051304a57c45890d42da70551ddf5ed229a4a3db8cd86749b89e4f,896699,509968.0,1158.0,0.002271,5,1,785
2025-05-14 17:09:36,f564a4e1bf539f151544efde81dcc04ab5ac273cbcf8a4f086c25ea9825a1ee3,896699,15693.0,678.0,0.043204,1,2,223
2025-05-14 17:09:36,0c83a078ca977341bb581b4b9078395a704e61c8babc2fd5fa0e7080b828e45f,896699,2917530.0,678.0,0.000232,1,2,223
2025-05-14 17:09:36,481d3a326a3ee7b4c546cb123c58c636972a7554e3857a2bba2bc25957fe1e1f,896699,899302.0,438.0,0.000487,1,2,226
2025-05-14 17:09:36,f3847b0c405fca0aabe5f8b7522b0471c88b837ca8c8b50bbe55470feb6bd4b6,896699,2955043.0,648.0,0.000219,1,2,403
2025-05-14 17:09:36,d43ac0176ccf1b93d03c85139da26393ce38da58a76ab8ff80630dd6448227bf,896699,105943.0,645.0,0.006088,1,2,403
2025-05-14 17:09:36,27e438a4cbacf55bb5a2209203b5974b9965c597af11b6dff1423fd30aeca99b,896699,463576.0,645.0,0.001391,1,2,403
2025-05-14 17:09:36,b1e2c2432ebb0e0a7efd0be1a823ca42fe56f23648bd01ce93c84d8fbc13225a,896699,20222716.0,3750.0,0.000185,10,15,1731
2025-05-14 17:09:36,57ba6cb2dea1b9f13a3a53feb5772365c1050aa2aca465b41743c9b26fc0c4df,896699,482297.0,685.0,0.00142,1,2,225
2025-05-14 17:09:36,cf6f6bed14f46f7feeaef1c0f3a36191fa2d0e1c1f9915a19a66105c42e8a489,896699,146848467.0,576.0,4e-06,1,1,189
2025-05-14 17:09:36,110e294c1f9a5ba8a583d39c8e88a8bb87062b04352682d8ef508a822f6a0074,896699,50084860.0,89025.0,0.001777,429,2,63804
2025-05-14 17:09:36,cc68ddf415c7881d6419dc3c46f0332ace60160303edc07c65ee6cafc253546d,896699,13615.0,345.0,0.02534,1,1,194
2025-05-14 17:09:36,44cae8a9d0b10cd09235bf8a17c800212890362ef1364e68ad790d0b7d39ad3f,896699,6156965.0,974.0,0.000158,1,6,510
2025-05-14 17:09:36,0143a143aa3d708310ba289682b32614146f5c6d57799f2565513bc7d604c4d1,896699,22042.0,678.0,0.030759,1,2,222
2025-05-14 17:09:36,dd6b902282b3638f391f563be112da66310aeeb85840013fe7d6ecde1214e604,896699,37834.0,678.0,0.01792,1,2,222
2025-05-14 17:09:36,2940aec609d1380d196f1da96abaac3df14b6cd6d2478e2b63f8b3be7bf0a43b,896699,132696.0,984.0,0.007415,2,5,424
2025-05-14 17:09:36,5c8b804c2e68a89d2f1a48e8bd2865f7e94a57567de920d447d84405fc25ca73,896699,5484.0,5416.0,0.9876,7,7,978
2025-05-14 17:09:36,aead24232e371fb742fa475dcf2cbd62602b54f464179d43a97641d2ddc918db,896699,15799.0,254.0,0.016077,2,2,313
2025-05-14 17:09:36,409a9b276830f95346f25571a8f45c042c5dde2d62257a24cdaee7d610658edb,896699,61484.0,669.0,0.010881,1,2,222
2025-05-14 17:09:36,032ddc75f9bfc8280a079c39a8ac97a3a183edef300d9b4aa7eb981e3feb8d72,896699,63473.0,669.0,0.01054,1,2,222
2025-05-14 17:09:36,0818e51e34764df8fb0bb0f7cf7603401d3301f869ca3128c11c93c8bf281e3c,896699,1421702.0,669.0,0.000471,1,2,222
2025-05-14 17:09:36,604859dee3dd658434af6d98436970d5fc77b3b4bc3815cffc4ee53b49a5b00d,896699,375783.0,663.0,0.001764,2,2,382
2025-05-14 17:09:36,28bea6528ef76a76345042f8bf71dc56cf457d9e79014575d22323df0e17b2e4,896699,22882239.0,639.0,2.8e-05,2,2,374
2025-05-14 17:09:36,377e6d8f22e820037f72d2416d97e3f1be4da2d764f5c4ffa52313a60c9a15fd,896699,357948.0,636.0,0.001777,2,2,373
2025-05-14 17:09:36,120dce840a9310909f89cea4c53dd742829c4647d275808868fa343f487319c4,896699,1125591.0,630.0,0.00056,2,2,371
2025-05-14 17:09:36,0da5d7c971c484b7000cd1c42cfefd6652a6c7dbc787081d9db5bb85af576c4c,896699,785683.0,630.0,0.000802,2,2,371
2025-05-14 17:09:36,4965af0319fa5ce59a5b80a0ded4995549b93395c76a3f6bf7578e28fdcd01be,896699,130979.0,627.0,0.004787,2,2,370
2025-05-14 17:09:36,d7b56f27a47a1f1a6bc4c5845e5a530e2a52f736b105ec5b0bc546ffb46657b3,896699,2465368.0,627.0,0.000254,2,2,370
2025-05-14 17:09:36,afbbedee9ec3403041a32385af7ee4f33ba670e0a974628ac3bec7a630de5e83,896699,43429133.0,627.0,1.4e-05,2,2,370
2025-05-14 17:09:36,bd00ef9e9a2dd06950b767aa3b79c512416c7eba132e4dbdc918a18f647e8a11,896699,45183514.0,627.0,1.4e-05,2,2,370
2025-05-14 17:09:36,cbb9bf3faa90308e8adda7afc3c4a2fb9bfe0056e5704c656bb7f08c298a1e77,896699,2161118.0,624.0,0.000289,2,1,422
2025-05-14 17:09:36,c23f48581f08f463df2129194dbfa58f6a6c70a92be9cb327b7f6ddc913c4062,896699,433652.0,624.0,0.001439,2,1,422
2025-05-14 17:09:36,358058954d9be1091109c2d290a3a9d9383507a8f484e9028739a71aca692f1b,896699,168467.0,624.0,0.003704,2,1,422
2025-05-14 17:09:36,4dff00a0a69b68d9c2a1fcfa9c6cc0cf3ba5f3761276b9dc2157f35ae014640d,896699,1116343345.0,597.0,1e-06,1,2,414
2025-05-14 17:09:36,72775277435b798388cf89fbc63f82b75141fbde51d9d4834de89ecacd95dcbd,896699,1110539.0,670.0,0.000603,1,2,222
2025-05-14 17:09:36,090d78bca82db4edf7a37714da2c623e805bb08228bc8ba2cbd4927ff6143ff8,896699,1207809.0,586.0,0.000485,2,2,372
2025-05-14 17:09:36,ca5d00d4925540d602b902407846bcd0867741ed1df93c55bdf42e00529ab310,896699,84454.0,414.0,0.004902,1,2,222
2025-05-14 17:09:36,f11704949991a1d428a1d4a2741ce781ae86d1f7f39b318f787c7b8f56156f41,896699,182070.0,400.0,0.002197,1,2,223
2025-05-14 17:09:36,52811c1e7a72bbb994f9aae5ae838cd60967bfa005a017122e08f634eec6ee47,896699,278246.0,261.0,0.000938,1,2,222
2025-05-14 17:09:36,4b804aa22c7c7eee3d95d722733b7c634f46101c625189d6cb16e2b06f93af0b,896699,297918.0,579.0,0.001943,1,1,192
2025-05-14 17:09:36,34b8990a7aade7cb2657b3b91725314382d9b75418fc2d9be68bbe9bb7226913,896699,32437150.0,570.0,1.8e-05,1,2,381
2025-05-14 17:09:36,66298f98cf97f9e0f3e0d06654ff91889369172ddde2423febe9a618913370e8,896699,605888.0,1686.0,0.002783,9,1,1006
2025-05-14 17:09:36,67ad3d8a427810a983c6e79fd54d1a6d0bf2137574a8dac814ba136f91b7a0fd,896699,15226.0,1119.0,0.073493,2,2,371
2025-05-14 17:09:36,fd0afcaf4f3c42246f232928a0e8ebae190d19cf875d2657521efe8dc92a5f86,896699,101454.0,1116.0,0.011,2,2,370
2025-05-14 17:09:36,865c4d263e4d4c76d3cf691a8f8adefc0d721bf725e9726a420bf25c45c9e4dd,896699,38448.0,552.0,0.014357,1,3,234
2025-05-14 17:09:36,5684bb3dfa1b06be4ddb323a8767e3cfd8e36d28acbd05a02e69211008ec589c,896699,25948.0,552.0,0.021273,1,3,234
2025-05-14 17:09:36,9cd1a7c25f5d0a8946be5520adb32eb3de68fa5680930cfcfa4b2162a7fe7675,896699,12372.0,552.0,0.044617,1,3,234
2025-05-14 17:09:36,5aa17a961a074a6e2b1aa58448237520f5cb4df25576c4683a8980edfc026541,896699,10747.0,552.0,0.051363,1,3,234
2025-05-14 17:09:36,ffdec4766f21c957d9b7dbac83df1aa3dbe298fb2ed3474c305c4b3623f7559b,896699,10211563236.0,440.0,0.0,1,1,192
2025-05-14 17:09:36,7f4a396ef04d85a303468629df6529ae0e946426b0d1803cf7123f8cd3c89cb4,896699,26145316269.0,14565.0,1e-06,32,14,10937
2025-05-14 17:09:36,e6fd9b2737814c11e01f4f603891ea6b9b7b96c92b8721f79e2a86221bf20e0d,896699,155067.0,537.0,0.003463,2,1,340
2025-05-14 17:09:36,99831f25474e60a329a2b9e99f83c2bf14943fc7762f4f677695cddcb8ab8643,896699,8000762.0,5190.0,0.000649,14,21,2419
2025-05-14 17:09:36,a48138e1f1854d226f8ad2e7ab8d0329eb0d789f52e04a3e225fd568fda0a9c9,896699,40629.0,1011.0,0.024884,2,1,335
2025-05-14 17:09:36,098e0cd7575aff5ff5ac24a17dfb54ccec510ed65523d0fda348edb68c7bdf3c,896699,52553.0,498.0,0.009476,1,2,246
2025-05-14 17:09:36,0bfad3447a6177f58714b1b420bc95883bfaf5fc28630579b66d57cafc44f185,896699,5135266.0,435.0,8.5e-05,1,2,225
2025-05-14 17:09:36,91fa91276db50d0c101fb430eaeb4ea25e61c7698717bc274d1bb447ee4f36c3,896699,564726.0,429.0,0.00076,1,2,223
2025-05-14 17:09:36,3cf5656e7fe5650341d5434b7c2d4549511ee91b9ab397cc09a9d39524562267,896699,2659899.0,429.0,0.000161,1,2,224
2025-05-14 17:09:36,1043d38701cf5e32703ec930398d11d546408b98b9e47a9b91c3029a9f87561b,896699,3812746.0,429.0,0.000113,1,2,193
2025-05-14 17:09:36,9df6f3d3cb72344c3a72e919b125efc1703b957dec563151836167d4ac43c03a,896699,572987.0,855.0,0.001492,1,2,283
2025-05-14 17:09:36,1f24e2b4a075d5274eddfd2ecab964f0139823a3782118a5d4cd4fc87ec404bb,896699,71408.0,426.0,0.005966,1,2,222
2025-05-14 17:09:36,643ee633e6ce0a0a764facf414956274c918a09b4f63b754758cbf7addc3667e,896699,2783374.0,426.0,0.000153,1,2,223
2025-05-14 17:09:36,bb008dd555ad898de6e1ab87310afefd20083dbabb4a9c169cecc838f0cac75f,896699,540251.0,426.0,0.000789,1,2,222
2025-05-14 17:09:36,c7c0731c83f86ff18f368b0af49c3ceb62cff916ba924ef3a206fbd283521927,896699,27950.0,426.0,0.015242,1,2,222
2025-05-14 17:09:36,386a7fad2dbb15edbe8f4f6f7c899179acfdcd319fade41c3f1db76c30d78a5f,896699,3188250.0,396.0,0.000124,1,2,182
2025-05-14 17:09:36,d7ed769005b7d73983424e8d1b3e84c2b7a9372e7adb4a3aac320921c78db10f,896699,12726.0,396.0,0.031117,1,2,182
2025-05-14 17:09:36,00a35eca1040e6610f309ec87248881faed5e178c0b7734cffc6d575ca8220cc,896699,3188253.0,393.0,0.000123,1,2,181
2025-05-14 17:09:36,fc36039b5d4cbeadd81df03d993f1f8e666319cabe295d45be3640755c6c3504,896699,3246.0,1554.0,0.478743,8,1,911
2025-05-14 17:09:36,b09e44302d30518ba204485ae9a346683b9146f9b4a809a01bb5c8aa9301a42e,896699,44997940.0,608.0,1.4e-05,1,2,392
2025-05-14 17:09:36,cca0f10b5cbd0df1d8bd8bd9bea76c410bb0774bda50e0741a07a0bbb678be2a,896699,404550.0,8862.0,0.021906,50,1,5405
2025-05-14 17:09:36,a0e7a9825bdbede8db6baaff569c60a533ae62e68a5f0c69259ce0e5f055f3c4,896699,203504.0,708.0,0.003479,1,2,234
2025-05-14 17:09:36,c8d3f7c9bef326a7d500693c6d269e4dd29026583ff518de0d08f891442caca4,896699,1324781.0,572.0,0.000432,1,2,380
2025-05-14 17:09:36,cdee80dc3bcadedf6d6e946f1fa696a67aec27793baaede46d094f01f08958bb,896699,426129.0,342.0,0.000803,1,1,195
2025-05-14 17:09:36,db6995a7677d884ccf89a99b80d4cebab882d8a58b85f232a548404f6e470aad,896699,3341511.0,342.0,0.000102,1,1,194
2025-05-14 17:09:36,5d59d1326af761d223b7a57600b7397e4778ecdf3c0bfcf58d096d1632924d62,896699,98320.0,342.0,0.003478,1,1,195
2025-05-14 17:09:36,b1c073fe16c195f203eb29e0640e1188889584a669bc931ff2b86f3ca94016d9,896699,2351322.0,678.0,0.000288,1,2,224
2025-05-14 17:09:36,1064122add2e1360df6aaa03c6ae3dd9c84079846ca28cf967f5d0c4f442d5d9,896699,1529436.0,675.0,0.000441,1,2,223
2025-05-14 17:09:36,eab4b3fa8db5b1f60fc7cc3f8e60d459594b455cd50fbc28a67e7c076410962d,896699,2446468.0,675.0,0.000276,1,2,223
2025-05-14 17:09:36,57b09155d4ce01fa65bf1b21f7f74be9ace36dafe4f4d54f034a978106e3cdd1,896699,1877991.0,672.0,0.000358,1,2,222
2025-05-14 17:09:36,e8effbd7aff51161c080c4201d50f0ccbba3a93c2a3ba4801e863ff85f55146e,896699,305024.0,672.0,0.002203,1,2,222
2025-05-14 17:09:36,4fa2e4041cf204e74f7621905410edb72b887d5bc8b26e0bc9e3aeb6921ed05d,896699,536613.0,672.0,0.001252,1,2,222
2025-05-14 17:09:36,e9da5693e85c3c2f43c844837ecb3341b43d79ada686bd0bd0495f1840e6143c,896699,6533376.0,672.0,0.000103,1,2,222
2025-05-14 17:09:36,8254027372f73c16663f206d18c1ba5a73accaf43f0761f18ca431ff71511d30,896699,2009.0,336.0,0.167247,1,1,162
2025-05-14 17:09:36,30c55fe2597e27c6b59812c99227b80902f486cc808d7416bc1fe9594ca8acd0,896699,10530641.0,800.0,7.6e-05,2,2,300
2025-05-14 17:09:36,f1aa805ac8439b2cf49676b24703a962cdf51b188468bd113b1fa88675a360c5,896699,38696.0,670.0,0.017314,1,2,184
2025-05-14 17:09:36,6613a44b6a7c562541732ee4d36c88b22276a6ecdec01796ec864851fa198473,896699,5288858286.0,135904.0,2.6e-05,413,490,68228
2025-05-14 17:09:36,ce499027249968ad6e13a0ab129e0015c89ec5bceb848e35d13125300b01dbfe,896699,546.0,333.0,0.60989,1,1,191
2025-05-14 17:09:36,2bb4d8f52442601acf27fc6231fd6e7c2f6392e18ddd4553ec3f2401d8fbffe0,896699,4388584.0,887.0,0.000202,2,2,672
2025-05-14 17:09:36,d6053972e31ca79e16fc1d978966c7f32bcae9e1ba0bf362a3598efac36638fa,896699,371320.0,630.0,0.001697,2,2,370
2025-05-14 17:09:36,8d1360ab15da04abe7675a0e98d04faba3622e6c5d87ed874ff00421da84dcd7,896699,1062582.0,300.0,0.000282,1,1,150
2025-05-14 17:09:36,9a2faed885ea39033295264e10ad3111359534540e98d2e34584b2f76fe5e6f8,896699,746951.0,1455.0,0.001948,6,2,964
2025-05-14 17:09:36,09719941916320d2ceebc3f8708ddc0c3206431d51215b4f34b2117eb73c9494,896699,5008783.0,2910.0,0.000581,6,2,960
2025-05-14 17:09:36,51f453459650bdbbcd3a93384cf053fa45717d1e7bb370677b5cc308e6588015,896699,18401443.0,17247.0,0.000937,38,2,5688
2025-05-14 17:09:36,439bad7ff755e71da32c1ba3cf4fd33e7e708459da2539cfa03ede63ad92358d,896699,16220.0,1119.0,0.068989,2,2,369
2025-05-14 17:09:36,e786adb6c8591d89da9312c162cdbc38e552958be25ae2029e1aa3b6e70f019d,896699,53895512.0,837.0,1.6e-05,3,2,519
2025-05-14 17:09:36,3f3d200f9df98c7574969e4074bd30f9e3e2e1ac39a8545fb3268dc36a3f0dbe,896699,99563.0,437.0,0.004389,1,2,225
2025-05-14 17:09:36,d706e9e9fc1bf98bfb3c7db87c357bce318d8c1c4d8c54eb196d0d83770ee880,896699,1743219.0,1500.0,0.00086,3,1,494
2025-05-14 17:09:36,5842cb5f74bbb16963ba9eb993bee5b6cf5c520e7f5d05712d1d784395b049c3,896699,14571079.0,3219.0,0.000221,15,1,2272
2025-05-14 17:09:36,8d2f72a85f7660b9c815bc14c74725b5c2cb9abaab44f2ae0eeaae6ea5c605ab,896699,176872.0,1016.0,0.005744,2,1,415
2025-05-14 17:09:36,d5ffb8cb4f39fce13d42672810ae186c039984a66ca04eff24cd39028f8d94de,896699,74920.0,224.0,0.00299,1,1,406
2025-05-14 17:09:36,f8b9a53b5f3b1e2aac662c5a95573076a3e70bbc06338d876be7a4c2cae6fd51,896699,2450485.0,352.0,0.000144,1,2,234
2025-05-14 17:09:36,2cf2e4987a051304a57c45890d42da70551ddf5ed229a4a3db8cd86749b89e4f,896699,509968.0,1158.0,0.002271,5,1,785
2025-05-14 17:09:36,f564a4e1bf539f151544efde81dcc04ab5ac273cbcf8a4f086c25ea9825a1ee3,896699,15693.0,678.0,0.043204,1,2,223
2025-05-14 17:09:36,0c83a078ca977341bb581b4b9078395a704e61c8babc2fd5fa0e7080b828e45f,896699,2917530.0,678.0,0.000232,1,2,223
2025-05-14 17:09:36,481d3a326a3ee7b4c546cb123c58c636972a7554e3857a2bba2bc25957fe1e1f,896699,899302.0,438.0,0.000487,1,2,226
2025-05-14 17:09:36,f3847b0c405fca0aabe5f8b7522b0471c88b837ca8c8b50bbe55470feb6bd4b6,896699,2955043.0,648.0,0.000219,1,2,403
2025-05-14 17:09:36,d43ac0176ccf1b93d03c85139da26393ce38da58a76ab8ff80630dd6448227bf,896699,105943.0,645.0,0.006088,1,2,403
2025-05-14 17:09:36,27e438a4cbacf55bb5a2209203b5974b9965c597af11b6dff1423fd30aeca99b,896699,463576.0,645.0,0.001391,1,2,403
2025-05-14 17:09:36,b1e2c2432ebb0e0a7efd0be1a823ca42fe56f23648bd01ce93c84d8fbc13225a,896699,20222716.0,3750.0,0.000185,10,15,1731
2025-05-14 17:09:36,57ba6cb2dea1b9f13a3a53feb5772365c1050aa2aca465b41743c9b26fc0c4df,896699,482297.0,685.0,0.00142,1,2,225
2025-05-14 17:09:36,cf6f6bed14f46f7feeaef1c0f3a36191fa2d0e1c1f9915a19a66105c42e8a489,896699,146848467.0,576.0,4e-06,1,1,189
2025-05-14 17:09:36,110e294c1f9a5ba8a583d39c8e88a8bb87062b04352682d8ef508a822f6a0074,896699,50084860.0,89025.0,0.001777,429,2,63804
2025-05-14 17:09:36,cc68ddf415c7881d6419dc3c46f0332ace60160303edc07c65ee6cafc253546d,896699,13615.0,345.0,0.02534,1,1,194
2025-05-14 17:09:36,44cae8a9d0b10cd09235bf8a17c800212890362ef1364e68ad790d0b7d39ad3f,896699,6156965.0,974.0,0.000158,1,6,510
2025-05-14 17:09:36,0143a143aa3d708310ba289682b32614146f5c6d57799f2565513bc7d604c4d1,896699,22042.0,678.0,0.030759,1,2,222
2025-05-14 17:09:36,dd6b902282b3638f391f563be112da66310aeeb85840013fe7d6ecde1214e604,896699,37834.0,678.0,0.01792,1,2,222
2025-05-14 17:09:36,2940aec609d1380d196f1da96abaac3df14b6cd6d2478e2b63f8b3be7bf0a43b,896699,132696.0,984.0,0.007415,2,5,424
2025-05-14 17:09:36,5c8b804c2e68a89d2f1a48e8bd2865f7e94a57567de920d447d84405fc25ca73,896699,5484.0,5416.0,0.9876,7,7,978
2025-05-14 17:09:36,aead24232e371fb742fa475dcf2cbd62602b54f464179d43a97641d2ddc918db,896699,15799.0,254.0,0.016077,2,2,313
2025-05-11 15:59:08,bd644f2d6c835b3a299f6e0c9c1cc1a37e99b59686ca8874f314c0005bb1573c,896278,546.0,151.0,0.276557,1,1,322
2025-05-11 15:59:08,ee70eb03959175e179089f3abd6713167bd959a80bfb8339fbb09a371b4aa6e4,896278,146709.0,154.0,0.00105,1,2,205
2025-05-11 15:59:08,660b57c35762ad4a1445143ee85c7921f842c349a6be1f870180e41ca4567d3b,896278,330.0,151.0,0.457576,1,1,319
2025-05-11 15:59:08,3da96565107ebcc0297d277a61a9f24f7c26dc4cb263c718a582a43df2237d3b,896278,1041225.0,142.0,0.000136,1,2,224
2025-05-11 15:59:08,2d269e0e9dc4a13fc46363836addac2ced07a2b4206d977531e2f401778f0e37,896278,95401.0,111.0,0.001164,1,1,193
2025-05-11 15:59:08,44774cf232943af3230b2fdfb98c51992e9cfadf4671eba8a6a30b87235eaa36,896278,109531125.0,207.0,2e-06,1,4,288
2025-05-11 15:59:08,24196427b87ab69963d8130eb590cb8da8cec40ade9fa7b025362a5b2a4f7535,896278,2962.0,237.0,0.080014,2,3,337
2025-05-11 15:59:08,820e6f733604d9b1f1c7aa6ae26577fcd4ce2d9a9c878f258ecfacb5c92ce534,896278,194138.0,217.0,0.001118,1,3,298
2025-05-11 15:59:08,3928ed7280cc767b1b9e8cd45561928fc908d96426995afa543cb35447aba734,896278,19898.0,102.0,0.005126,1,1,153
2025-05-11 15:59:08,c7d9618526edd230d97363ecaeb35203f3fbe25194f9d82d7f25eb7354b38934,896278,330.0,151.0,0.457576,1,1,319
2025-05-11 15:59:08,8ad94cca42c82e14aafed8a2e39e60d5963b3ac3e1bb30d63a8501bc749c0f33,896278,172429.0,212.0,0.001229,2,2,312
2025-05-11 15:59:08,e93682a36a5577fbd6188339ff939295a60e0b3a0af52631ad3caf6637e20133,896278,546.0,153.0,0.28022,1,1,330
2025-05-11 15:59:08,b281ab2f9bbe0db747cfe3707173c051106bf268aa59ea31b93b5041cdc806c1,896278,41779.0,154.0,0.003686,1,2,205
2025-05-11 15:59:08,3d4c9bc33cd8bb66224a7aca1225160f7dcc9c88b53be13da968b15475693632,896278,1976775.0,141.0,7.1e-05,1,2,222
2025-05-11 15:59:08,7d2d2af3ebf4265f07c726f696014a6e684eec2bc2edf80f40db70f7c1a59131,896278,5917.0,113.0,0.019098,1,1,195
2025-05-11 15:59:08,43891389191c5b152f2de7e470e58944815b34080675901d88534dfce8f8f12f,896278,19898.0,102.0,0.005126,1,1,153
2025-05-11 15:59:08,1bdebb1008d5def59104973c1acbe2234a09ba116a226e662b6d9f18b2fbe32f,896278,17120.0,113.0,0.0066,1,1,195
2025-05-11 15:59:08,10f4c0e44cc44998616fcb0438e865599ab96dbc109518c3f235d3f8c26d3b2f,896278,1266738.0,141.0,0.000111,1,2,222
2025-05-11 15:59:08,766a78de93789abee2d9842877da3055e325f5ae6c290db7ddda09579d6f932d,896278,546.0,152.0,0.278388,1,1,324
2025-05-11 15:59:08,a3cf8c83e3d72042178839cc3b7744a828cd6910afe715bbaa4547687f79672d,896278,133220.0,154.0,0.001156,1,2,205
2025-05-11 15:59:08,dbe31ebab7d2f799fce95461f112c1f8913e8224bde7eced4a324713be202d2d,896278,10870.0,169.0,0.015547,2,1,269
2025-05-11 15:59:08,7c9c0d9b87e7b420b8dad43f1f1cf7bafcea040cacb10329630e50d76ec7292d,896278,546.0,151.0,0.276557,1,1,322
2025-05-11 15:59:08,46301cdc41862e41c72eda78baa29f768a8e536cf69255ec04e5af9812b2a539,896278,127909.0,154.0,0.001204,1,2,205
2025-05-11 15:59:08,1bcf6863ba86e2d81cdecd7e352273e9f3e5201a1e55ae1a89ac55b13f02682c,896278,954038.0,142.0,0.000149,1,2,193
2025-05-11 15:59:08,e59b334ef449959c4475e7b13150dee8075a53c271f0e0c48ce2751e0d41bb2b,896278,20590.0,226.0,0.010976,3,1,376
2025-05-11 15:59:08,936f5da54529765b7e0bb2e72d0b2d005c060f0e010ee2f8873531538c6d5a2b,896278,330.0,151.0,0.457576,1,1,319
2025-05-11 15:59:08,743902381748ae44bd50cdc1a8f720641abd1458e73efc75d4b515f784829f2a,896278,96313.0,212.0,0.002201,2,2,312
2025-05-11 15:59:08,579b9c166a6ddf9fe724eabe4030f46fc7a1788aadf0d7c67b47f64670290a64,896278,96525.0,212.0,0.002196,2,2,312
2025-05-11 15:59:08,84dfd7530da8beeb2c3a544b70eb94b1e0b29026c435308b4832bd1aefc4a9bd,896278,96737.0,212.0,0.002192,2,2,312
2025-05-11 15:59:08,4b90f05f8c8d595b4d2d1bbe30739edeadf21fbac41fa07c73a3240dc85ea2e0,896278,96949.0,212.0,0.002187,2,2,312
2025-05-11 15:59:08,daaa6a0a5bfdad70494e1f592006ed807108f0dcfac414f4da9562a850728be3,896278,97161.0,212.0,0.002182,2,2,312
2025-05-11 15:59:08,332786413480b578ab590ec20741d6b35a475ea6061b350d44f9ece647f3c529,896278,546.0,152.0,0.278388,1,1,324
2025-05-11 15:59:08,ae05497fe9cb441b9f0b92ac4ab54567db7fce4f488f0edb63529673bbb9b233,896278,86318.0,154.0,0.001784,1,2,205
2025-05-11 15:59:08,1d2e68e75bd59677d9a73e1f945c0e17a563e388107423f5c7d5619185c53329,896278,275037.0,805.0,0.002927,1,4,450
2025-05-11 15:59:08,8e3d17ee9c1b70698e60de954472001f2510518363ad39e620394eec9181db26,896278,11924.0,212.0,0.017779,2,2,312
2025-05-11 15:59:08,92f7f992f915ce8c6088bff6a912fca00a50db3cf861e63d1eec70b48eeb0b26,896278,158765.0,154.0,0.00097,1,2,205
2025-05-11 15:59:08,2900cf7045b68f5f89373b5a9d5081457a939b6c20d2b3259e580d88c9c19e24,896278,330.0,151.0,0.457576,1,1,319
2025-05-11 15:59:08,9a33a3fc21302b3f02789396d8df1020afdede96a922c610ed1a53c45a55fd23,896278,92822.0,153.0,0.001648,1,2,234
2025-05-11 15:59:08,c2242a835512d44244d715566c79546a39039a1d16409d8afff392ce63aefa23,896278,130510.0,142.0,0.001088,1,2,223
2025-05-11 15:59:08,a71d3a686fa32c8f91ba1f0e3c18d1e3dedd5560173a1f8eccda90b910edc623,896278,200802.0,141.0,0.000702,1,2,222
2025-05-11 15:59:08,ad2b5b3ac26cac796ae2ef7663d42b10f3a3c918f93cd4e1c306a0bf2134a623,896278,3169156.0,141.0,4.4e-05,1,2,222
2025-05-11 15:59:08,5f7900e8d17bb6ccc02f6aac13a966b4dedc8855912dd0b3a5f9816966f22623,896278,546.0,153.0,0.28022,1,1,327
2025-05-11 15:59:08,c5fb13b2ccc6ebfc40e18091095729532d24b2312288cde6eaa14c916b4a9922,896278,330.0,151.0,0.457576,1,1,319
2025-05-11 15:59:08,832c1af3259608fe51e1c7807b3969db49cdc4826d9c4cefbe5fef555ae96f22,896278,389614.0,154.0,0.000395,1,2,205
2025-05-11 15:59:08,35e4e65fdc0bbe3cb2490e4598ed15b3f523b0480194b9869587355f240f4c22,896278,546.0,154.0,0.282051,1,1,332
2025-05-11 15:59:08,548995b26fbd2fb17c3b08556e7994c2f4ff22e5d5ba564bbaa77b2ef74807eb,896278,8003.0,154.0,0.019243,1,2,205
2025-05-11 15:59:08,387db97d4d2eda178f7619978b69600340930fa1ca16231f82900b6c7d72de21,896278,23982.0,619.0,0.025811,2,12,719
2025-05-11 15:59:08,3f859e3f18ef9db6423d0c6d6ac6bb622cfd33c2c2ea5624d62416be06af7621,896278,103159978.0,227.0,2e-06,1,3,308
2025-05-11 15:59:08,c85056fef33c452a33043cd4f925ef75e75e4c60c1e9c537d19a49ca1d7d8020,896278,13765587.0,165.0,1.2e-05,1,2,247
2025-05-11 15:59:08,ac058eb7c6682ac647c4c7e1b2a6d7950e8207e5d4b25e51867c03c38570c71f,896278,19898.0,102.0,0.005126,1,1,153
2025-05-11 15:59:08,196f3c0d3a3fc41a03fcaed89f10b6cc70dc254c4f9494d0c5f81516d3f9531e,896278,330.0,151.0,0.457576,1,1,319
2025-05-11 15:59:08,c9d08d8754aefb17d40ab5f5bfa842d15ed8995789e9e10e2d8d7700c394edb9,896278,105505.0,4239.0,0.040178,1,97,4290
2025-05-11 15:59:08,b0d2cb5bad4fb843075f5d071c72a4da3bc627ca0b7f1d04d196c9d59825bd1c,896278,546.0,153.0,0.28022,1,1,330
2025-05-11 15:59:08,49b4af388075c1a0e2170d668d2121b6b8a149890f805430e8b77c7186f361de,896278,1846.0,154.0,0.083424,1,2,205
2025-05-11 15:59:08,35d5880cf1a1c16479d76afb73a874c23fbb116bb8ef432eae6962e6f03c3f1b,896278,47902.0,110.0,0.002296,1,1,192
2025-05-11 15:59:08,94efa7e968f930eeb49b7e89b3179a98a4b0d58e7fbe34003a6bb8d731d2c219,896278,9188.0,154.0,0.016761,1,2,205
2025-05-11 15:59:08,9da3d7721ba2745d61ad6f3355d553fe237c467ddbf76a5a5f3f88efdee45418,896278,172641.0,212.0,0.001228,2,2,312
2025-05-11 15:59:08,a770b54a10fb2f84146d1b6e344b01458d8b09cf387fec1dc5559415d5d34417,896278,3752171.0,212.0,5.7e-05,2,2,312
2025-05-11 15:59:08,d3dfbcaf74eb8c7e3c5690efca278bf9d2e0f959d0192e142d05abff7ac79116,896278,1515944.0,111.0,7.3e-05,1,1,192
2025-05-11 15:59:08,38b3fc56ff955947cdb00c9e50ef416055fd9981ab50f72ba51db4cb834c6f16,896278,3466760.0,142.0,4.1e-05,1,2,223
2025-05-11 15:59:08,14bc66663eee08ef0f4733f4f12e033191ebc5bbf16328dae85d365a7aaf5115,896278,159061.0,181.0,0.001138,2,1,343
2025-05-11 15:59:08,d3ae450163ce947446669141b92b0afa0a0224b9158945bfdb269db79355a213,896278,450644.0,154.0,0.000342,1,2,205
2025-05-11 15:59:08,d320ded9e331baa9c8f785746137ff6638cf4901f185caa73719187d941a9a12,896278,168806.0,154.0,0.000912,1,2,205
2025-05-11 15:59:08,787e9754a3e625a8830dca325156c5e106d46bec6d50778f3e4812564fb8a611,896278,677023.0,217.0,0.000321,1,3,298
2025-05-11 15:59:08,94bc8dd46470eb7e4d6e9bbb90e0d66c688aee8f5f4623cbb53328cdf5f22711,896278,15043.0,154.0,0.010237,1,2,205
2025-05-11 15:59:08,ff91b811ea976eb9883cb579757d1f328b18f99d4d3e8b9fcac162d00de00511,896278,11366.0,154.0,0.013549,1,2,205
2025-05-11 15:59:08,dd9fd65b25ed333e6ead133c9bc9c324d6a034f1ea4ade7a2a7b63a9f9a50d10,896278,361494.0,178.0,0.000492,2,1,340
2025-05-11 15:59:08,a7a8166e3aff34d84222dbf03d6344b72d77c0981d5dff65c26d231f7e6da00f,896278,442778.0,142.0,0.000321,1,2,223
2025-05-11 15:59:08,f1142a3ae63154f39dff7daa970e96f1d3711c735edc175c7e985c11c958670e,896278,233800.0,212.0,0.000907,2,2,312
2025-05-11 15:59:08,edcb79b39f1d8d90db0322c874bc8b34e9be3b65fb659cb7f117d2d1eb429f11,896278,234012.0,212.0,0.000906,2,2,312
2025-05-11 15:59:08,5e20788a9f9a8315cd837a49f4e7a6a3167933b32d8180929fc8ffc0747941f6,896278,234224.0,212.0,0.000905,2,2,312
2025-05-11 15:59:08,336d6c2103dcf6deb8e2fc0636b6b69dbcc5e2570e7749838f518e214c73560d,896278,243292.0,279.0,0.001147,3,2,521
2025-05-11 15:59:08,ed8b222d734b5fc7752f7c5befdd136facda66cc0ca2066c6c9063930a2a830b,896278,6091512.0,911.0,0.00015,2,21,1292
2025-05-11 15:59:08,6ced3a1d9db817dc5fdf8e53b5795874e207ac8ca89ebeff6262cef49b048f08,896278,359588.0,110.0,0.000306,1,1,191
2025-05-11 15:59:08,f71f28af6b73f0f10c1fda89aeb509e126856fca7e08ca05c94a81bbf3443107,896278,20616174.0,142.0,7e-06,1,2,223
2025-05-11 15:59:08,18af11f425db4d1d0852551356d01120b29a589f4e4813598b2c82aea326f805,896278,8904717915.0,166.0,0.0,1,2,247
2025-05-11 15:59:08,3523d4e991347ed25e0b3a7e268cf62c729f786dbedba0c8caf0c04c6635d101,896278,1342427.0,141.0,0.000105,1,2,222
2025-05-11 15:59:08,260dcdd7d971d23b3368ef1b2c57e2b8632037328c86944104566d0c1b9d6e00,896278,16151.0,169.0,0.010464,2,1,269
2025-05-11 15:59:08,4c4a7b9dcb4900c5a66e0e44caeaa4ccdc2a7e544d6cad4762131c1df03bb267,896278,50306.0,6066.0,0.120582,104,2,11214
2025-05-11 15:59:08,1da50fa95f327c872ec7016a801069f75e82b5a0ed92ec420d1ea2137757b629,896278,20532.0,677.0,0.032973,3,12,826
2025-05-11 15:59:08,5416bb205fadd87af4126d4c7fab043b3cafaf6709c3b1eeb8af9ac810d2c440,896278,10850.0,542.0,0.049954,1,11,592
2025-05-11 15:59:08,261c08dd55af4cd5a1903431c85881371c267b9012a707ea0a5d68ffea6aafd5,896278,1065456.0,209.0,0.000196,2,2,370
2025-05-11 15:59:08,0a12c6ef1dccac2a212187af3efee18ec19ced26454662749048e08349f4b9b6,896278,1019172.0,209.0,0.000205,2,2,372
2025-05-11 15:59:08,39b94c8849ae4abc74bada65e4273de730f8b77f027d130509e4e149fadee791,896278,1083522.0,413.0,0.000381,5,2,814
2025-05-11 15:59:08,51a68364e2156f6f7ab84a9c1acdf1f643f1f5f2b59c62ec2ed640c898e6ecf5,896278,815923.0,383.0,0.000469,5,1,784
2025-05-11 15:59:08,5e578f7432abe05efe52154ff5df75f7e55c22b8b24ffab908a46a572a22ccb8,896278,84646.0,344.0,0.004064,2,5,474
2025-05-11 15:59:08,643a7d9fa9bf3951671cbefae0e82cee0553496da883a174119eaffd0bb5e569,896278,100002696.0,655.0,7e-06,9,1,1376
2025-05-11 15:59:08,082784069f980a8303e174d19c3cc93e35e746cc6477ac56634a0c0f91753aaa,896278,16179775.0,314.0,1.9e-05,4,1,635
2025-05-11 15:59:08,ed9648127fd10eb825db00573772985a424541b1391d151318c8f333b7cb1d66,896278,1090736.0,285.0,0.000261,1,2,284
2025-05-11 15:59:08,f9bc8c498ce35324ef6aef187d0296b808a9477b316159944bd1ad89be6f2944,896278,2055378.0,278.0,0.000135,3,2,519
2025-05-11 15:59:08,0c4430889edc2a987cc808834b6c3c37d42abe7861c822063e4419cba63a3128,896278,5680999.0,2187.0,0.000385,32,1,4656
2025-05-11 15:59:08,f5117d6e243f7f146569853f61a4552592013289b6eec71e14801e012b7ccf73,896278,299099.0,268.0,0.000896,2,2,429
2025-05-11 15:59:08,447c1f017d6dd5adf4f3c0ce3e0b4dcdc19a7a5bdb6ec0831a31c67109350f85,896278,1614016.0,262.0,0.000162,2,4,393
2025-05-11 15:59:08,14d2d2f64d1ce92ef4209d561d10f8ad1d7c0429c94f91070d1bcbfc360ebba5,896278,1904251468.0,35195.0,1.8e-05,326,384,53263
2025-05-11 15:59:08,d9b8b608f85e27505e2a310c11a2e24746d3be8b7346b687d2fcf215b36d13d0,896278,17295.0,235.0,0.013588,2,2,366
2025-05-11 15:59:08,963ebdfa34a8b145b41a491f6c52ad9b6fadd67544a25a6cac393bf77899438d,896278,1592519.0,226.0,0.000142,1,2,225
2025-05-11 15:59:08,269577e38375c26c8fc0a17d52bdc52cc7ebc99cda104cb4a1cbfe012bf9deb8,896278,2872499.0,225.0,7.8e-05,1,2,224
2025-05-11 15:59:08,987e8df7b05205e190db6c8b372de16cb761b7addf4061996f16bd3f665d89d5,896278,4374527.0,224.0,5.1e-05,1,2,223
2025-05-11 15:59:08,56afd32f122fbc600b99926abeeada5a7fcd2b086f86029d1a94822f486b93c7,896278,404200.0,224.0,0.000554,1,2,223
2025-05-11 15:59:08,f9b88fe0337ba7210a9a0787342a0f39d0c418e459cc94918a60396bfb1997b8,896278,887197.0,224.0,0.000252,1,2,223
2025-05-11 15:49:37,a67926e65bc530217b99d534034a4aec7bbe612cdc4f0c892c522d502bf0a9f8,896276,663302.0,288.0,0.000434,1,2,222
2025-05-11 15:49:37,c507f571f8a0f9748eca082993c4e4e5af95bb421eb50f0cae99df4e72cadef7,896276,160447.0,288.0,0.001795,1,2,222
2025-05-11 15:49:37,2456eb4036affda8a292879b15e6675195f03aa795e93a3013fc8a2649011dc9,896276,9623254.0,288.0,3e-05,1,2,222
2025-05-11 15:49:37,d5cdad54556ec7fb37cdd7eccb4ac3c66532a45b269c2f453ac8f996c6843ca9,896276,373077.0,288.0,0.000772,1,2,223
2025-05-11 15:49:37,64229e00ab6c017b5523daaf8748d0a3f452ce1fc4ede7b810260a862c985f91,896276,114663.0,288.0,0.002512,1,2,223
2025-05-11 15:49:37,2f11556d0a5ce4b487e9d1694c6d0b2be1edd467e8a065a3cceca1e3e304c48e,896276,153390.0,288.0,0.001878,1,2,222
2025-05-11 15:49:37,aa738b47a0eb87221c8c6444d405d3e2e72dfab816588d81f8994e37c54b577e,896276,98167.0,288.0,0.002934,1,2,223
2025-05-11 15:49:37,5d88b2284d7b6380c95efc24db61af189c3771444d27993ac8c0ee38722c4754,896276,215322.0,288.0,0.001338,1,2,222
2025-05-11 15:49:37,3e596c02a5dc44c53a65b0d10b78da20f263489770dc8b99c22303aa3a682f32,896276,6781998.0,288.0,4.2e-05,1,2,222
2025-05-11 15:49:37,c189001059946168a3ff3705278c636e4fa48c3d8b30a3e3ebf8c4724e3e9c12,896276,85694.0,566.0,0.006605,3,2,520
2025-05-11 15:49:37,6e37ced76664c6a1e02db4aeb2aa730ee45fb700798c28a8ca293e48cbc23999,896276,101800033.0,20712.0,0.000203,111,1,18837
2025-05-11 15:49:37,d002bff17a1482b751bfdc89f6ccbfec62e5aad6d57d7d6ae3ee68f0217e1009,896276,20233.0,4004.0,0.197895,33,1,3577
2025-05-11 15:49:37,20fff0f706f9db90af230b7c6c4c7f905e66b95c8fc5feedb0b721c8fd1c0f48,896276,24498550.0,227.0,9e-06,1,1,191
2025-05-11 15:49:37,e4effb3a00d5cd8e47b3b850e93621568e2f52a8c6790820d5c41c427ab3f3cc,896276,287724.0,322.0,0.001119,1,2,238
2025-05-11 15:49:37,1e5924465fb4ebfffc82dbb4969f8fb8dc60ebcbf08fbdfc07000b63eb0f3344,896276,176687.0,322.0,0.001822,1,2,238
2025-05-11 15:49:37,b25a3172d992b9411087a26c23fc69013a87c38ef713bd158a13370f5cd1d99e,896276,646182.0,647.0,0.001001,4,1,635
2025-05-11 15:49:37,626a46d4dbe12dc29e36c0ed848c05179a60fc084ecaed2227776400a7fd64f8,896276,118039.0,292.0,0.002474,1,2,222
2025-05-11 15:49:37,1c6a29c545c3d2183f40bf9c81e5ed7a4db72bbd736d8930769dc9f7ee01399e,896276,573911.0,292.0,0.000509,1,2,222
2025-05-11 15:49:37,b8d464bbd106173b625c3668ca52634a7b3d1d85e1dfdb5284f2aad19410d0bc,896276,692633.0,1000.0,0.001444,2,2,673
2025-05-11 15:49:37,d60088f78c647cca5e5a3cded13bee0919ddeaa64a954a1b0763e892ec75efe5,896276,2145600.0,300.0,0.00014,1,2,225
2025-05-11 15:49:37,71b8338698c02d90e1b5f424ec7c8ec78b510a5a01cd47acc51622b216c9b83b,896276,104196.0,296.0,0.002841,1,2,224
2025-05-11 15:49:37,47c0159c1a08013389ad9d2c7e3a247c78442a912a5042c9ec7a4bd6360c43bf,896276,2547448.0,1032.0,0.000405,3,1,495
2025-05-11 15:49:37,169edb650e1eaa6572258a6f45a5732ad3ce4a5bd9036ec8e0a545ca8ed06fc0,896276,4931823.0,292.0,5.9e-05,1,2,221
2025-05-11 15:49:37,b64c8032b42d00d0aa10a99ed2753ddc134ecbd22fcd80e536e67e4d47d1cb36,896276,1717712.0,288.0,0.000168,1,1,267
2025-05-11 15:49:37,9246b52d00b9bc4bc0292d99dea36a9cf5bb1af3d4af3e7c89f1dbd0bd72ad68,896276,9299.0,2380.0,0.255941,19,1,2079
2025-05-11 15:49:37,51cc7dd6fab2f4a4299323cbdabe934743b541e892a96048e04355d2aa49f3a1,896276,1358300498.0,302.0,0.0,1,2,225
2025-05-11 15:49:37,18517944f9d4c0b9c1b3b35478a86b9ca11ae532927d68f553cf99597e6299e4,896276,4101741.0,298.0,7.3e-05,1,2,223
2025-05-11 15:49:37,b269653046dc7dc2de9bbaa98bf7711d273ee0a9495af8ad5c2d8d9bd2dc8032,896276,13446.0,378.0,0.028112,2,1,342
2025-05-11 15:49:37,9e1ceb4125c69bb18136e219955783c9633e8c7be74eb3f5158d3af5ddbfe571,896276,2548837.0,397.0,0.000156,1,2,379
2025-05-11 15:49:37,c9414b2c6358a8a984a2fea09483936ebcb339ca3067adb88552ee27d96f8265,896276,801586.0,414.0,0.000516,2,1,417
2025-05-11 15:49:37,184f9aa6d520cf9d62135399bab2f3ec2dc3ffb3a4819ef88b4dec6bb55d747f,896276,92845.0,590.0,0.006355,1,2,234
2025-05-11 15:49:37,6ab6842fc9204195ea2c817baf604ac317e7daddc7f68026acecfe94d489d762,896276,3272262.0,356.0,0.000109,1,7,378
2025-05-11 15:49:37,acd47d90218de1aeb3e775184562e6a4e5ad000525cd55127e53f657defe3675,896276,1652121.0,222.0,0.000134,1,1,150
2025-05-11 15:49:37,f34a825d2bd084b037c42bd34b647832addc31b3371646146d7a97917e8ceceb,896276,9986768.0,310.0,3.1e-05,1,2,205
2025-05-11 15:49:37,82c072f88d7b1cf5ddc8ac6ac20000686bfc33250c7e32780cc54bb8274f090e,896276,395069.0,486.0,0.00123,1,3,312
2025-05-11 15:49:37,588e9050618acf7b509873d2dff998a43765efcfc2a298eb727123dae60d0d59,896276,329634.0,465.0,0.001411,2,2,383
2025-05-11 15:49:37,ddbd18519bf0f112dcac79025519c28f51b65b361cf2b54f2619839c43c6de3c,896276,1360543.0,303.0,0.000223,1,2,226
2025-05-11 15:49:37,8820bbfb107a4f6891702ebf79836ee271585e633ba14c27e707e6117bf893c7,896276,253579.0,322.0,0.00127,1,2,234
2025-05-11 15:49:37,9ce4d84904145c23bd1b356531468267345b662801fb3ebf154999b6ccc4f5a9,896276,290071.0,322.0,0.00111,1,2,235
2025-05-11 15:49:37,78694fbef3757db5d141dc74b0115877e18eca7779f812f00e9e394b6f546426,896276,7580458.0,322.0,4.2e-05,1,2,235
2025-05-11 15:49:37,a75e1f303198f57506e2d08f32af139a30eb5405ce97fbbf2ab3188b82a989aa,896276,131625.0,440.0,0.003343,1,1,203
2025-05-11 15:49:37,04feafbd5c0296fe876dcfce313a61b7ec0518582ef3829153b03917be4077e7,896276,2046306011.0,244.0,0.0,1,4,285
2025-05-11 15:49:37,b38d25419376756d3d3c8e1baf8e490ab872c59780e44e5bcba6db6263effb7c,896276,169596.0,798.0,0.004705,2,2,379
2025-05-11 15:49:37,1eed9dbf0eb9dbbcda262a53d8cb9f4a5ecefb1e9ad31f054f2139b775eb4e39,896276,24286512.0,297.0,1.2e-05,1,2,222
2025-05-11 15:49:37,3d329f3f997ad7c35aa0c255f3ee17b9376d4c1c1670c450a111bfd4838f5037,896276,6143717.0,752.0,0.000122,4,2,681
2025-05-11 15:49:37,4722b9b4f8d90f6268d23a356b38171558a2968cd4a6c0fafb2397d708405982,896276,88493.0,609.0,0.006882,3,2,533
2025-05-11 15:49:37,543147cc3ed83c0d1c28a64512a7c10cac27d436c0fa6a497eed82c005b3ffc0,896276,160001078.0,470.0,3e-06,1,2,223
2025-05-11 15:49:37,6bbc27fb37cae248be52afd3b70cbe70fcc6cd5d138f53f9113683af5fd81a5c,896276,22280900.0,465.0,2.1e-05,2,2,382
2025-05-11 15:49:37,7dd527e9b0c037334e307c863234408c09686c4aa844e38523ba9bb7dfe114f0,896276,30224.0,296.0,0.009794,1,2,221
2025-05-11 15:49:37,208c47a1e9400e295cc7c0a42009f815a0257b055a7dcfa6ac60e2563993ef0b,896276,233340.0,442.0,0.001894,2,2,372
2025-05-11 15:49:37,306ba555414508b8ff6f943decad896ab362ead514b8850c684a8c1af22785fa,896276,49285.0,1052.0,0.021345,4,6,728
2025-05-11 15:49:37,67b9fc78c6caede157fd388e1d7e74efa758edcff8fdaac02225cd2b5f285f12,896276,15821648.0,5131.0,0.000324,35,1,5242
2025-05-11 15:49:37,ff10adeeac631c16fad9e81dd12a6b61fb243dc3733caf181e5dec6801b00bbe,896276,1018789.0,299.0,0.000293,1,2,222
2025-05-11 15:49:37,c79c2e52107a1873c3bc2eb82cc4fa32ced0ba532f819c8faadc4a397d1d17b4,896276,814319621.0,299.0,0.0,1,2,222
2025-05-11 15:49:37,8d52f127e4ea440c936acb71359e989cc326a60ba0772ab41dc1a22d8fd81da3,896276,1990208978.0,299.0,0.0,1,2,222
2025-05-11 15:49:37,c2d1e635f8137439031e237b2a4f37e598ad2ea0e9df08b716e18304adc02095,896276,251913868.0,299.0,1e-06,1,2,222
2025-05-11 15:49:37,66b2ff6c306eeb1c81ba8ab5901270e6fe22efac5e9692cd702321ab4df61966,896276,1964524908.0,299.0,0.0,1,2,222
2025-05-11 15:49:37,787b72b8192203342859eee6b15bc798b0d601bddc7952436584eb832ee9ef47,896276,207313166.0,299.0,1e-06,1,2,222
2025-05-11 15:49:37,937681370199c2333ea1db604ebb607ef5bfa68ee7cc3cd8755fc67d05780f26,896276,498851470.0,299.0,1e-06,1,2,222
2025-05-11 15:49:37,f31b1b496b54c9469d7657ec44060d8cb0a33fbdc916e3d3121027f6c49c771e,896276,568115007.0,299.0,1e-06,1,2,222
2025-05-11 15:49:37,c89f5a8d8ec58c15446877366d37509b912def9aac00c5f9171ddc300ad4c70f,896276,52014011.0,299.0,6e-06,1,2,222
2025-05-11 15:49:37,0df09037d906c3f89a348b06322dec039e8ddd46650c0abee0ae6f5c079bb904,896276,1960029848.0,299.0,0.0,1,2,222
2025-05-11 15:49:37,b98ae40903809a5182aaf25ec5208632f48f8808537cd6993600db6252ddd5a0,896276,157787.0,1213.0,0.007688,1,1,192
2025-05-11 15:49:37,128ba00ffceeb5138649b73137b99897ac219d673c1bcaa312ad24c334a5155d,896276,26787.0,1213.0,0.045283,1,1,193
2025-05-11 15:49:37,ab76604e5b11fc6966b6a4e55ea830b988ac383ce477bd54745e51fc119fa18f,896276,149205496.0,1273.0,9e-06,1,30,1142
2025-05-11 15:49:37,13f612441898c26a5765c403948f9990f5c1c6dcdb336e117e4b82b0faa882b8,896276,1319609814.0,348.0,0.0,1,2,245
2025-05-11 15:49:37,a708bae89c882dc81a6183c5a18b39826098c0af2edd356c72128fccd3752d33,896276,1999787052.0,348.0,0.0,1,2,245
2025-05-11 15:49:37,d1924e1766d230005970b14cdef32b6f2f6180418902040b6049b883613ddf07,896276,42830.0,1170.0,0.027317,1,1,191
2025-05-11 15:49:37,8bd59f958a7d5d2964815b45e984a2c6fd8ceea57353020926d243d22bba73f3,896276,158450358.0,1217.0,8e-06,1,29,1096
2025-05-11 15:49:37,a7c01c4e797fb9d102eeb248bd4c2ce702b9fc0125efff69b2b6a759525970f4,896276,719715039.0,325.0,0.0,1,2,234
2025-05-11 15:49:37,b06571b7654b7270f4b8af3d5c81b7247b659e012cc8ec4d41558520f5818da6,896276,452611302.0,325.0,1e-06,1,2,234
2025-05-11 15:49:37,462e30f0b7e83e5a0cad437ca19158c084415cca681c798b76fd0db1783093ce,896276,18761720.0,540.0,2.9e-05,1,2,254
2025-05-11 15:49:37,38926c1752708512a5cd2ede2d430b8bc910eb16d2cd7deb584cf6dac3572044,896276,1175647.0,302.0,0.000257,1,2,223
2025-05-11 15:49:37,40698667a189e5e65cd9a5e55fff8c313b08b4ea7e97f5830f8556d432f8f7c8,896276,499700.0,300.0,0.0006,1,2,222
2025-05-11 15:49:37,d36e3f37fb600069ecfcca06f44b03f20d6fdb8139c53b190de7cce4bd4a9eb6,896276,5812300.0,300.0,5.2e-05,1,2,222
2025-05-11 15:49:37,5a27cc4cec74fc6023e2aceba6a0e04821812c57f799067bbd932b3a28765b48,896276,246595507.0,466.0,2e-06,1,2,219
2025-05-11 15:49:37,b1c2d343bc0992132e13f2df8ac62ed290620a882639f5ca813760f766200ac5,896276,1855138.0,877.0,0.000473,5,2,814
2025-05-11 15:49:37,686f78bc5cfa1c4ae8cb6519789f0f8631bc6509da7577b1f168b3ea39687d5e,896276,1952793.0,541.0,0.000277,2,2,416
2025-05-11 15:49:37,0ef0c0996fa9bd6022139bd816a15b1af0f2681ddcdb7a56c3954c30d429aff8,896276,63635.0,1206.0,0.018952,6,2,971
2025-05-11 15:49:37,8553b75026ae29aa8472be61a8e5aad67cf14fd944c1df1770b2a98994a21e6a,896276,14044392.0,307.0,2.2e-05,1,2,225
2025-05-11 15:49:37,e886c55aa18b69ab8bd958c379e9268a9cba7983276835cf622beb7b9ee06112,896276,41143.0,843.0,0.02049,1,2,224
2025-05-11 15:49:37,9367e4ade0327cd62c3cc8aec5229b919c6651a93bb68275eee2ac7b57521389,896276,66309561.0,355.0,5e-06,1,7,377
2025-05-11 15:49:37,1aada7a7b3e18d2279e48ec3b8ba5960015c47dbb46edaaf89088441ceb5cea5,896276,66341445.0,169.0,3e-06,1,2,223
2025-05-11 15:49:37,ba5eacf89e3d289232b5e0caa489c737732ba5685d5a48c492a22e217aeb3ceb,896276,66432604.0,169.0,3e-06,1,2,222
2025-05-11 15:49:37,795c892c233f2b7da4825eac0d8042a8d0fa89b3c3f4bfdbe6ca20def3471567,896276,1607534.0,1403.0,0.000873,9,1,1383
2025-05-11 15:49:37,3960768bfb6ff9a24a7076393cf4a152f87ed89f6808dc7d94c2dd8420503a88,896276,56966.0,772.0,0.013552,1,1,191
2025-05-11 15:49:37,50954171e1ba88e3100035dc642f71fbdf9443336f032f791db0a1d983872515,896276,885623718.0,685.0,1e-06,1,15,653
2025-05-11 15:49:37,ae47bbaeb1fc6db3fab10726017a995e0b04ad6bd0e119a5d8ff382c45e47d75,896276,161338.0,576.0,0.00357,2,4,369
2025-05-11 15:49:37,adb859a18fd51b46a4624f97a878bc68106d1a644f7049c0896dacc094a64534,896276,161254.0,576.0,0.003572,2,4,369
2025-05-11 15:49:37,4edf7b5ca73783696486862f7fb258c6833f7875645f3db2e6407786619c234c,896276,26610.0,591.0,0.02221,3,2,518
2025-05-11 15:49:37,44fa92514e08bf0fae58390971125610a01445349fa81b6dc941bd3e5c364720,896276,328242.0,802.0,0.002443,2,2,374
2025-05-11 15:49:37,e12a214e612d244050ef2d6c8b19ab9949b13c5f0c692afba7cd6ddd2907d651,896276,210335.0,504.0,0.002396,1,2,235
2025-05-11 15:49:37,83dfd897a252facc95fded4428a221010fcd9f395d70e74cc29303ab97570a20,896276,39076.0,354.0,0.009059,1,2,247
2025-05-11 15:49:37,2d815d6acc33f89ad89a609aa6edcf1128f722f2eb170e27cabffb31825b280b,896276,19711981.0,1198.0,6.1e-05,5,6,806
2025-05-11 15:49:37,324c8c8b8d41a0627d752c259a9b0df14266952b39c1e780ffc53d502358fb5b,896276,19716620.0,1198.0,6.1e-05,5,6,806
2025-05-11 15:49:37,680639b7b95b4f979f6f9290d9e78921338de4bd2d5aa25328b95563961d2746,896276,19716021.0,1198.0,6.1e-05,5,6,806
2025-05-11 15:49:37,c08f91e01948ab5b7600d186e88ce3ecdb92cb691dc4086d0af51c6a1530c8b0,896276,19713623.0,1198.0,6.1e-05,5,6,806
2025-05-11 15:49:37,3edc60613af74e461817d670e21e3e81f3d7671a5edc841ac7f009ffc4a031fd,896276,19679308.0,1198.0,6.1e-05,5,6,806
2025-05-11 15:49:37,0c6c9d867c97334c9064ec05925b3e29a86a860ce7233495d32fa94fd26c59a8,896276,19331264.0,1060.0,5.5e-05,4,6,699
2025-05-11 15:49:37,1d4060ddb5126f6e895e7c050030f71e5aa4c45b6c374cc5a207aeb83372262e,896276,654404.0,1063.0,0.001624,5,2,819
2025-05-14 17:09:36,2ee054e17b5e62adce8f2aa6772abbc891cdd7d1d4ca66042e8639386c6d56ff,896699,97108.0,624.0,0.006426,2,2,370
2025-05-14 17:09:36,f471ba0bfc97bb9c685d4824ce15f821d221c3161621c2de83401272035fa584,896699,1177119.0,480.0,0.000408,2,3,402
2025-05-14 17:09:36,7cc781d2146db01b3d9c6a85438fbf84c7544ee5ba1807251766e72e40c7a43b,896699,191815.0,1834.0,0.009561,9,5,1191
2025-05-14 17:09:36,e1f3a7b521c789cf2ea6d50c3c65416df69b460f1589deb10bd0c548af6faaa3,896699,22896594.0,17214.0,0.000752,100,1,14911
2025-05-14 17:09:36,2b098d98076646681661056d7000289e2212767bebbc3462a3dbf2c51a1d6cf4,896699,330.0,380.0,1.151515,1,1,326
2025-05-14 17:09:36,c8095b195c1c403a8760d22788115408d900da6bfd788286cb840c8f970bf1f0,896699,9615.0,385.0,0.040042,1,2,205
2025-05-14 17:09:36,cadc1fa1fc347a65b0eaab5014786e9bf6815ff7c23a08b0046050604aa7cec0,896699,649601.0,2935.0,0.004518,13,9,2218
2025-05-14 17:09:36,0e38c6efa9bd9c6016ab7fb715034705464e8727780ade0111eb9a27440435a1,896699,21956548.0,423.0,1.9e-05,1,2,223
2025-05-14 17:09:36,676baaeda72d6749086f61bfba1a7f3625bd2d85bb3117b30b5c995630917fef,896699,31956971.0,282.0,9e-06,1,2,222
2025-05-14 17:09:36,ead6766a53fb94e1ad2a72c236df0715086b65b555080004f55d2fe1b94b5b79,896699,416828.0,1680.0,0.00403,7,6,1235
2025-05-14 17:09:36,a3a38f19adbd7e8f931b2489233e55614c0da3680320c22a905965b32b3f962e,896699,887369.0,3515.0,0.003961,16,10,2691
2025-05-14 17:09:36,14f6e50fd0db118b69b0ce78f8176298b278b63c7503689a3293db03399d236e,896699,1046332.0,4528.0,0.004327,22,10,3578
2025-05-14 17:09:36,f4df80b781bbfe3c478f66f87b2c25cdd0e43af9be027b55347daa0f03f078f9,896699,494704.0,3598.0,0.007273,13,8,2483
2025-05-14 17:09:36,47ba7c54377db1881ea33619528d9368a1a07733427a823b713c28a7fad33363,896699,504824.0,3523.0,0.006979,13,7,2453
2025-05-14 17:09:36,03ab2c22f07ced5ae7e0a851ab195f19f3ebb5c3faaa294ca33c4589c50891bc,896699,418348.0,3373.0,0.008063,12,8,2313
2025-05-14 17:09:36,f08384f1d36390ef1d6d585895ecaa3a85bb9093ccd3b645699db4571ef1023a,896699,122000.0,477.0,0.00391,1,2,380
2025-05-14 17:09:36,a3f1f9516749ffeaeb4f62e5f9822ae42a383b53bba0988878ffd6edfd655891,896699,17958584.0,12901.0,0.000718,49,54,8746
2025-05-14 17:09:36,4acd0dcde60fcddcd97a3b78c5cabdcc5063a6a254c93efed9431fc9c3d13c48,896699,482576.0,468.0,0.00097,1,2,346
2025-05-14 17:09:36,45e09eec1129793ffbd9423c7ca06ad95211446d90ab677bc2c0b3d1d05114c4,896699,54662238.0,365.0,7e-06,1,2,222
2025-05-14 17:09:36,79e71078c9b6846132b552d3b4c0c7ee7b9ef33d3e46e676ed7ce569cd2f7c34,896699,1200600.0,366.0,0.000305,1,2,222
2025-05-14 17:09:36,f2b3b70b287b56bb3779f98c6d0f8df3aee12957563fecf6eaee5f0c38a56a0f,896699,37616570.0,430.0,1.1e-05,1,2,222
2025-05-14 17:09:36,53b1307d9b30ffa03c082eaeaa692f1ba765062aea735ec93a5686da8879e4b0,896699,37663000.0,395.0,1e-05,1,2,222
2025-05-14 17:09:36,7ed7245c5287fd8ef2bf015568d5e260f28169107daca39588b55a66ce4e3493,896699,37693471.0,282.0,7e-06,1,2,222
2025-05-14 17:09:36,739000b4a2f2aed8be5b4e0853266b639d4273ec25745320c37a1ff65db223af,896699,3438736.0,558.0,0.000162,1,3,295
2025-05-14 17:09:36,5d9edff55c0dfa0f5ac8ce779683eb08e35e6f50a4b62eae27dc7cd8eecfd896,896699,429767.0,553.0,0.001287,1,3,293
2025-05-14 17:09:36,72e749475dc8245420d34eeb1c9aac68359574f239b5dd5b6b4e876600e0c377,896699,49036.0,554.0,0.011298,1,3,293
2025-05-14 17:09:36,9ac998601a1389af49533ea9c6d21b3ee81ace0022e24944baaf02d688e4ddd5,896699,971164.0,1083.0,0.001115,5,2,814
2025-05-14 17:09:36,70f64c643c429afdfe39f4503ba3aa19205e7b35d87c07ae46deba851a42e83f,896699,1659235.0,379.0,0.000228,1,2,194
2025-05-14 17:09:36,f64bb4a0636cd46d688b253c5058adcefd688cf97ebd534d59e0e59898fccae4,896699,7479.0,293.0,0.039176,1,1,192
2025-05-14 17:09:36,6538ef2d34045cdae66b6da74c6026d0d59880e9ad1c479811295a4b7a9acd87,896699,3545890500.0,600.0,0.0,1,2,223
2025-05-14 17:09:36,6dd034e76ae43d1887684b4d4b931c4c07846eb03ea7f238057127cdfae2420a,896699,1160.0,296.0,0.255172,1,1,192
2025-05-14 17:09:36,b0d1719d54a9bdb5beba269dc126a406558f33877d15cfd651a39c102bd0670d,896699,211945.0,566.0,0.002671,1,3,292
2025-05-14 17:09:36,7501a1a028b79857128312d2dcc1d6110dbc13a0a073445104386bce2d0ccc7d,896699,3204781.0,29489.0,0.009202,160,1,23722
2025-05-14 17:09:36,b4558b7214d7cf99018ecca7cab193b54d5b0aaf12c5b993783e5920799dbd2c,896699,946000.0,800.0,0.000846,2,2,674
2025-05-14 17:09:36,46bd7b269ed4fb89963cdb8562ccea6b4718afaff301a465169673207f7686d9,896699,25792812.0,1146.0,4.4e-05,5,1,785
2025-05-14 17:09:36,4eee75f909d779464d09113a3ef4a15320deda7326a885b47de16383e66db2bf,896699,29798585.0,282.0,9e-06,1,2,223
2025-05-14 17:09:36,9582224111afe20efff825f327aee44110f3586d763da5f4e59b660902c3b6fe,896699,157286.0,450.0,0.002861,1,2,245
2025-05-14 17:09:36,65a892847338c71b771213c1af02d3ae96c89fc46a9f2e571fbf13e8119f0a76,896699,179960.0,450.0,0.002501,1,2,245
2025-05-14 17:09:36,d5ef6b4c89bdf0c0cbbbf72046f2045ae077cbf8b7767b0a042d816f0e05c271,896699,158800.0,450.0,0.002834,1,2,245
2025-05-14 17:09:36,0892b85779801acd65087fad21521d8004dd069b512ee12488cfdf0d4de92e0f,896699,270144.0,450.0,0.001666,1,2,245
2025-05-14 17:09:36,d36a12e41c030429d48f84ee187dd3056f6c9e7ec5c6ecf9f95ac7fc477e7910,896699,307633.0,426.0,0.001385,1,2,193
2025-05-14 17:09:36,85857f87ce7e6a198d629cfec2ab98fd5f00159081db41e480593780d3fdd7a0,896699,608059.0,426.0,0.000701,1,2,193
2025-05-14 17:09:36,663b07a87774d342831fbe51657efc4d998c696aea224e3692270aa51ba648d7,896699,808485.0,426.0,0.000527,1,2,193
2025-05-14 17:09:36,47947b2015295a765bbafb86e928f26f0166dc71d465b5f5e473a9383a899815,896699,898911.0,284.0,0.000316,1,2,193
2025-05-14 17:09:36,d48c9b6113e6bccbac91299909776b368c2dba66058db1d55c1dc8e15f0fbd00,896699,14084340.0,462.0,3.3e-05,1,2,205
2025-05-14 17:09:36,cff067d8f854661b05bc8e24bef41270e8d0a1e2125b7e2b3103df57fd20811f,896699,14184802.0,462.0,3.3e-05,1,2,205
2025-05-14 17:09:36,0abb50cd5c9e704178836ab67edc129cddf754875fdbadf6f608a740311de906,896699,14285264.0,462.0,3.2e-05,1,2,205
2025-05-14 17:09:36,aa9d95e8aac6e9996c8798d4365df053b7cf09cb2ed31c0a60242ad128d04f14,896699,14385726.0,308.0,2.1e-05,1,2,205
2025-05-14 17:09:36,2789d66101b4153bced7a99ebef5656ba79b0a921b7c47caf3f86bc6dc041062,896699,80732.0,672.0,0.008324,1,2,223
2025-05-14 17:09:36,0193913a666e7cbdce8cfc61e3aefe13f3d427d99df58a1a51e247729f272840,896699,95919.0,672.0,0.007006,1,2,223
2025-05-14 17:09:36,8d4e723288f705c92c5fd390eb86b31d3025fa846e5a6ab92634323cf99ed31c,896699,111106.0,672.0,0.006048,1,2,223
2025-05-14 17:09:36,7effa348091dfd88f073c9f02f259f3ca9f224efbfb80d4f607b3cb0840f9153,896699,126293.0,448.0,0.003547,1,2,223
2025-05-14 17:09:36,9c57d9a58d9a27f873027c3eb91770f3d0e43f062cb20cb240d8ed43107595f2,896699,1042420.0,609.0,0.000584,2,2,382
2025-05-14 17:09:36,c71145836ce46ebbf1460decaa355e7f84021fe350db8e9a8dc8f0f35165a6c7,896699,471147.0,425.0,0.000902,1,2,234
2025-05-14 17:09:36,d72d09153648010573d2d8377e922873cca46d48154074e0b03ecbb01d6b6986,896699,486363.0,425.0,0.000874,1,2,234
2025-05-14 17:09:36,aa2bed8708c3c737c4122ca1c9211ac0e5bf82ec5f4e09063d1ac0362cfed96e,896699,199600.0,400.0,0.002004,1,2,225
2025-05-14 17:09:36,5d542d53d3b96c7a1332da5288528a009aafa5e7301204e53faccc8521a02d03,896699,477241.0,425.0,0.000891,1,2,234
2025-05-14 17:09:36,17ad9a07100c2fff5a538b734a1f5141f22febca53f71d9c8f058013e42c0f95,896699,1334791.0,802.0,0.000601,3,2,530
2025-05-14 17:09:36,488cd79adaa86cbf76de9d362d3e6bce8ee390a0a6250910c3dd609bcd129907,896699,82877800.0,400.0,5e-06,1,2,223
2025-05-14 17:09:36,468965dfd45b310033bcc0d609cbb7ccdfe556b2de6ccfc8353252de9bb012a4,896699,1518002.0,1048.0,0.00069,2,2,372
2025-05-14 17:09:36,16fe0d7ffcb53b75a6631ea7c237b13b6889514cc5bee2462a979db243e8a2b9,896699,47133.0,479.0,0.010163,1,2,251
2025-05-14 17:09:36,66f14d94ec1df884df51bcb89ec8b6229ae064c719590a89fe07cb5ca018a03c,896699,91421.0,981.0,0.010731,4,2,666
2025-05-14 17:09:36,c6886b8e73ab48703b5b0e869c58ac6310d89c251a694ae9a0836bcec7769019,896699,27898701.0,1766.0,6.3e-05,1,15,808
2025-05-14 17:09:36,930c8ecfc6ad621d090449fd3b1204351aa41e376c93c1a0fc1e69a9be992fbd,896699,185130.0,287.0,0.00155,1,1,150
2025-05-14 17:09:36,07582ab87e22f5d8cce8fc402b123fb4de36995c69de674085f48202088aa166,896699,355570.0,330.0,0.000928,1,1,194
2025-05-14 17:09:36,0e503bbc667d4db8c6f085e66cbd54dc43c83133b8d7dd853c9b9ea23bb95953,896699,54740.0,330.0,0.006028,1,1,195
2025-05-14 17:09:36,caced334a761754325064a7e9c1b2b16e6c52bb1661be6e28637f52a2b3c824b,896699,406670.0,330.0,0.000811,1,1,194
2025-05-14 17:09:36,155a24acb702c76450d04e4db3c39d62e35e5b051101d7b40d7167be9062a19a,896699,24182.0,639.0,0.026425,2,1,269
2025-05-14 17:09:36,785197266534167138433ad5b49f87ab811cceaf5a1646eeecc14cfced26b787,896699,9691.0,309.0,0.031885,1,2,205
2025-05-14 17:09:36,730a02c381960c140b5ffeb812d9e599ed40525cfb18dd85c392832ecf621911,896699,6006372.0,8046.0,0.00134,22,33,3853
2025-05-14 17:09:36,2ecbeff26e8df9b886b2a4d049edcf4ec80c0bb7b5ce10129a95c1832e12c67f,896699,6008622.0,1377.0,0.000229,1,10,549
2025-05-14 17:09:36,561921f7702c398348b3dcba4ed6a5f7aab1aa08fd4e1ae610035bda419a2f4f,896699,21151412.0,540.0,2.6e-05,2,1,340
2025-05-14 17:09:36,2323d980cf99df10c9190287127af9b9b2052cc1e648e8a9ddee9bd363aad1cf,896699,118026.0,438.0,0.003711,1,2,234
2025-05-14 17:09:36,173e71e518e996978bd3d03c26b89fffb6d88dcac2ecb3d5682069a4c69dd0e3,896699,1376785.0,419.0,0.000304,1,2,223
2025-05-14 17:09:36,0e5717b367e3ed16c4e0f55c919a930a6ff15c3a00e9e90ca106a9ab0dad3285,896699,999581.0,419.0,0.000419,1,2,222
2025-05-14 17:09:36,7cadfed84210254f3d66ee7dd2fe3c2309b2e10a9cc15d1a8d560837f489cd34,896699,17712590.0,419.0,2.4e-05,1,2,222
2025-05-14 17:09:36,a6b80915bf7d7bf3758b4f6b68cd873b7c11dbd68c7cf95095a2b994f33c5534,896699,205561872.0,419.0,2e-06,1,2,223
2025-05-14 17:09:36,9279ce950e7b349e94ad2aeec71781d551374ffba121697457d0620f1c468e9e,896699,299664.0,336.0,0.001121,1,1,194
2025-05-14 17:09:36,5d8e0900063652a088b59ca3ea583323dbc7921b686ca00faf7be49b2cd9db12,896699,3076.0,336.0,0.109233,1,1,194
2025-05-14 17:09:36,49448bbb9ac50b5895643107dd5f54287d407e3f730e9af8306aa9a3d269e0e2,896699,7674698.0,363.0,4.7e-05,1,1,203
2025-05-14 17:09:36,0ba42f505d6683c2abfdcaa91bff9f520bb6420ee068cc27f8938d866e4130f4,896699,832800.0,500.0,0.0006,1,2,249
2025-05-14 17:09:36,d5ca51cb82e1b5f4f7f31a21ad1d9f48bf18bbd70c6e8ba8719726862936abc6,896699,2273973.0,396.0,0.000174,1,1,215
2025-05-14 17:09:36,e3dd8c55ce79d3449587e31ad8a80afc68bb756027bb7375b6ef9d43e0637e7e,896699,7984883.0,420.0,5.3e-05,1,2,222
2025-05-14 17:09:36,904b4a739f8c3d985c902f68c91be7c336bf107d259959cde01ec25d58becfd2,896699,36532.0,328.0,0.008978,1,1,192
2025-05-14 17:09:36,8d719cca62da5516e5e078d0f6e0e504c6a6ab391c1f45d4f008bc773a975788,896699,202105.0,328.0,0.001623,1,1,191
2025-05-14 17:09:36,c8f521b0178c1f395c6ad6530ead4d9d89135c046f2dc4588e8085160355e45c,896699,370046.0,328.0,0.000886,1,1,192
2025-05-14 17:09:36,9f146c2257339d736c28e70d88009730f595097eba409a0979f584a86da48f51,896699,30456.0,328.0,0.01077,1,1,192
2025-05-14 17:09:36,2fc11ead14e31acecc937d5898969ac26c10636a1076923e18b5da0128d515a7,896699,50922.0,331.0,0.0065,1,1,193
2025-05-14 17:09:36,a19566368cb32204c487595d59c13b4ca9ae50b9f5e27221e1b46f1180467fec,896699,1976968.0,337.0,0.00017,1,1,195
2025-05-14 17:09:36,522dd1eba36dcad6d68b01d080a84ba3b8535dd4775fdb47ecadc392640f3dbf,896699,47962.0,337.0,0.007026,1,1,194
2025-05-14 17:09:36,35f98caa58874c6bed346b86bfad3bf4fad920fe41e771b0b242d38f068c82a6,896699,425326.0,397.0,0.000933,1,1,214
2025-05-14 17:09:36,fcef2b1a054e5ef92f7d093361aefa5d23bbe795d40f42e6efada0413b8e1c77,896699,409520.0,597.0,0.001458,2,2,300
2025-05-14 17:09:36,d07d03916cfceb975f31088c4458db009aeb2819f5b0a5ec32e3566aeee40048,896699,13536966.0,600.0,4.4e-05,2,2,301
2025-05-14 17:09:36,73bd5f9f15bbb149c412646b585fdc74df9a043899c0aaf894cd3884028c9814,896699,1593371.0,824.0,0.000517,3,2,518
2025-05-14 17:09:36,1249dfb52df1f4542259ceb6c9f98a60c8b5c8389cda28c5daa9126a05ebe0d0,896699,93917.0,421.0,0.004483,1,2,222
2025-05-14 17:09:36,ba28e91396b9dece12851a03b419f2fb03063d61d3f2796e5cd0e8065704c3cf,896699,78579.0,421.0,0.005358,1,2,223
2025-05-14 17:09:36,d34d19ad9d0bed671b884f310fa79282e9f5cc5ce5a131da6b50429f494493ce,896699,20746.0,421.0,0.020293,1,2,222
2025-05-14 17:09:36,fa7f1513369d33e25eaf9fe876d3858111ce0d14a5f139868aadacc6cfb135c6,896699,192041.0,421.0,0.002192,1,2,223
2025-05-14 17:09:36,5d6c860c5fe73b413c319b69c03a1cf7db5ff6bbee666a51405f992d852484b5,896699,22297.0,421.0,0.018881,1,2,223
2025-05-14 17:09:36,39fb6a0702b26d3af17888a7d9d7b0127ec09076cfacd6d3dee7add7468d8b5c,896699,4740110.0,421.0,8.9e-05,1,2,223
2025-05-14 17:09:36,2ee054e17b5e62adce8f2aa6772abbc891cdd7d1d4ca66042e8639386c6d56ff,896699,97108.0,624.0,0.006426,2,2,370
2025-05-14 17:09:36,f471ba0bfc97bb9c685d4824ce15f821d221c3161621c2de83401272035fa584,896699,1177119.0,480.0,0.000408,2,3,402
2025-05-14 17:09:36,7cc781d2146db01b3d9c6a85438fbf84c7544ee5ba1807251766e72e40c7a43b,896699,191815.0,1834.0,0.009561,9,5,1191
2025-05-14 17:09:36,e1f3a7b521c789cf2ea6d50c3c65416df69b460f1589deb10bd0c548af6faaa3,896699,22896594.0,17214.0,0.000752,100,1,14911
2025-05-14 17:09:36,2b098d98076646681661056d7000289e2212767bebbc3462a3dbf2c51a1d6cf4,896699,330.0,380.0,1.151515,1,1,326
2025-05-14 17:09:36,c8095b195c1c403a8760d22788115408d900da6bfd788286cb840c8f970bf1f0,896699,9615.0,385.0,0.040042,1,2,205
2025-05-14 17:09:36,cadc1fa1fc347a65b0eaab5014786e9bf6815ff7c23a08b0046050604aa7cec0,896699,649601.0,2935.0,0.004518,13,9,2218
2025-05-14 17:09:36,0e38c6efa9bd9c6016ab7fb715034705464e8727780ade0111eb9a27440435a1,896699,21956548.0,423.0,1.9e-05,1,2,223
2025-05-14 17:09:36,676baaeda72d6749086f61bfba1a7f3625bd2d85bb3117b30b5c995630917fef,896699,31956971.0,282.0,9e-06,1,2,222
2025-05-14 17:09:36,ead6766a53fb94e1ad2a72c236df0715086b65b555080004f55d2fe1b94b5b79,896699,416828.0,1680.0,0.00403,7,6,1235
2025-05-14 17:09:36,a3a38f19adbd7e8f931b2489233e55614c0da3680320c22a905965b32b3f962e,896699,887369.0,3515.0,0.003961,16,10,2691
2025-05-14 17:09:36,14f6e50fd0db118b69b0ce78f8176298b278b63c7503689a3293db03399d236e,896699,1046332.0,4528.0,0.004327,22,10,3578
2025-05-14 17:09:36,f4df80b781bbfe3c478f66f87b2c25cdd0e43af9be027b55347daa0f03f078f9,896699,494704.0,3598.0,0.007273,13,8,2483
2025-05-14 17:09:36,47ba7c54377db1881ea33619528d9368a1a07733427a823b713c28a7fad33363,896699,504824.0,3523.0,0.006979,13,7,2453
2025-05-14 17:09:36,03ab2c22f07ced5ae7e0a851ab195f19f3ebb5c3faaa294ca33c4589c50891bc,896699,418348.0,3373.0,0.008063,12,8,2313
2025-05-14 17:09:36,f08384f1d36390ef1d6d585895ecaa3a85bb9093ccd3b645699db4571ef1023a,896699,122000.0,477.0,0.00391,1,2,380
2025-05-14 17:09:36,a3f1f9516749ffeaeb4f62e5f9822ae42a383b53bba0988878ffd6edfd655891,896699,17958584.0,12901.0,0.000718,49,54,8746
2025-05-14 17:09:36,4acd0dcde60fcddcd97a3b78c5cabdcc5063a6a254c93efed9431fc9c3d13c48,896699,482576.0,468.0,0.00097,1,2,346
2025-05-14 17:09:36,45e09eec1129793ffbd9423c7ca06ad95211446d90ab677bc2c0b3d1d05114c4,896699,54662238.0,365.0,7e-06,1,2,222
2025-05-14 17:09:36,79e71078c9b6846132b552d3b4c0c7ee7b9ef33d3e46e676ed7ce569cd2f7c34,896699,1200600.0,366.0,0.000305,1,2,222
2025-05-14 17:09:36,f2b3b70b287b56bb3779f98c6d0f8df3aee12957563fecf6eaee5f0c38a56a0f,896699,37616570.0,430.0,1.1e-05,1,2,222
2025-05-14 17:09:36,53b1307d9b30ffa03c082eaeaa692f1ba765062aea735ec93a5686da8879e4b0,896699,37663000.0,395.0,1e-05,1,2,222
2025-05-14 17:09:36,7ed7245c5287fd8ef2bf015568d5e260f28169107daca39588b55a66ce4e3493,896699,37693471.0,282.0,7e-06,1,2,222
2025-05-14 17:09:36,739000b4a2f2aed8be5b4e0853266b639d4273ec25745320c37a1ff65db223af,896699,3438736.0,558.0,0.000162,1,3,295
2025-05-14 17:09:36,5d9edff55c0dfa0f5ac8ce779683eb08e35e6f50a4b62eae27dc7cd8eecfd896,896699,429767.0,553.0,0.001287,1,3,293
2025-05-14 17:09:36,72e749475dc8245420d34eeb1c9aac68359574f239b5dd5b6b4e876600e0c377,896699,49036.0,554.0,0.011298,1,3,293
2025-05-14 17:09:36,9ac998601a1389af49533ea9c6d21b3ee81ace0022e24944baaf02d688e4ddd5,896699,971164.0,1083.0,0.001115,5,2,814
2025-05-14 17:09:36,70f64c643c429afdfe39f4503ba3aa19205e7b35d87c07ae46deba851a42e83f,896699,1659235.0,379.0,0.000228,1,2,194
2025-05-14 17:09:36,f64bb4a0636cd46d688b253c5058adcefd688cf97ebd534d59e0e59898fccae4,896699,7479.0,293.0,0.039176,1,1,192
2025-05-14 17:09:36,6538ef2d34045cdae66b6da74c6026d0d59880e9ad1c479811295a4b7a9acd87,896699,3545890500.0,600.0,0.0,1,2,223
2025-05-14 17:09:36,6dd034e76ae43d1887684b4d4b931c4c07846eb03ea7f238057127cdfae2420a,896699,1160.0,296.0,0.255172,1,1,192
2025-05-14 17:09:36,b0d1719d54a9bdb5beba269dc126a406558f33877d15cfd651a39c102bd0670d,896699,211945.0,566.0,0.002671,1,3,292
2025-05-14 17:09:36,7501a1a028b79857128312d2dcc1d6110dbc13a0a073445104386bce2d0ccc7d,896699,3204781.0,29489.0,0.009202,160,1,23722
2025-05-14 17:09:36,b4558b7214d7cf99018ecca7cab193b54d5b0aaf12c5b993783e5920799dbd2c,896699,946000.0,800.0,0.000846,2,2,674
2025-05-14 17:09:36,46bd7b269ed4fb89963cdb8562ccea6b4718afaff301a465169673207f7686d9,896699,25792812.0,1146.0,4.4e-05,5,1,785
2025-05-14 17:09:36,4eee75f909d779464d09113a3ef4a15320deda7326a885b47de16383e66db2bf,896699,29798585.0,282.0,9e-06,1,2,223
2025-05-14 17:09:36,9582224111afe20efff825f327aee44110f3586d763da5f4e59b660902c3b6fe,896699,157286.0,450.0,0.002861,1,2,245
2025-05-14 17:09:36,65a892847338c71b771213c1af02d3ae96c89fc46a9f2e571fbf13e8119f0a76,896699,179960.0,450.0,0.002501,1,2,245
2025-05-14 17:09:36,d5ef6b4c89bdf0c0cbbbf72046f2045ae077cbf8b7767b0a042d816f0e05c271,896699,158800.0,450.0,0.002834,1,2,245
2025-05-14 17:09:36,0892b85779801acd65087fad21521d8004dd069b512ee12488cfdf0d4de92e0f,896699,270144.0,450.0,0.001666,1,2,245
2025-05-14 17:09:36,d36a12e41c030429d48f84ee187dd3056f6c9e7ec5c6ecf9f95ac7fc477e7910,896699,307633.0,426.0,0.001385,1,2,193
2025-05-14 17:09:36,85857f87ce7e6a198d629cfec2ab98fd5f00159081db41e480593780d3fdd7a0,896699,608059.0,426.0,0.000701,1,2,193
2025-05-14 17:09:36,663b07a87774d342831fbe51657efc4d998c696aea224e3692270aa51ba648d7,896699,808485.0,426.0,0.000527,1,2,193
2025-05-14 17:09:36,47947b2015295a765bbafb86e928f26f0166dc71d465b5f5e473a9383a899815,896699,898911.0,284.0,0.000316,1,2,193
2025-05-14 17:09:36,d48c9b6113e6bccbac91299909776b368c2dba66058db1d55c1dc8e15f0fbd00,896699,14084340.0,462.0,3.3e-05,1,2,205
2025-05-14 17:09:36,cff067d8f854661b05bc8e24bef41270e8d0a1e2125b7e2b3103df57fd20811f,896699,14184802.0,462.0,3.3e-05,1,2,205
2025-05-14 17:09:36,0abb50cd5c9e704178836ab67edc129cddf754875fdbadf6f608a740311de906,896699,14285264.0,462.0,3.2e-05,1,2,205
2025-05-14 17:09:36,aa9d95e8aac6e9996c8798d4365df053b7cf09cb2ed31c0a60242ad128d04f14,896699,14385726.0,308.0,2.1e-05,1,2,205
2025-05-14 17:09:36,2789d66101b4153bced7a99ebef5656ba79b0a921b7c47caf3f86bc6dc041062,896699,80732.0,672.0,0.008324,1,2,223
2025-05-14 17:09:36,0193913a666e7cbdce8cfc61e3aefe13f3d427d99df58a1a51e247729f272840,896699,95919.0,672.0,0.007006,1,2,223
2025-05-14 17:09:36,8d4e723288f705c92c5fd390eb86b31d3025fa846e5a6ab92634323cf99ed31c,896699,111106.0,672.0,0.006048,1,2,223
2025-05-14 17:09:36,7effa348091dfd88f073c9f02f259f3ca9f224efbfb80d4f607b3cb0840f9153,896699,126293.0,448.0,0.003547,1,2,223
2025-05-14 17:09:36,9c57d9a58d9a27f873027c3eb91770f3d0e43f062cb20cb240d8ed43107595f2,896699,1042420.0,609.0,0.000584,2,2,382
2025-05-14 17:09:36,c71145836ce46ebbf1460decaa355e7f84021fe350db8e9a8dc8f0f35165a6c7,896699,471147.0,425.0,0.000902,1,2,234
2025-05-14 17:09:36,d72d09153648010573d2d8377e922873cca46d48154074e0b03ecbb01d6b6986,896699,486363.0,425.0,0.000874,1,2,234
2025-05-14 17:09:36,aa2bed8708c3c737c4122ca1c9211ac0e5bf82ec5f4e09063d1ac0362cfed96e,896699,199600.0,400.0,0.002004,1,2,225
2025-05-14 17:09:36,5d542d53d3b96c7a1332da5288528a009aafa5e7301204e53faccc8521a02d03,896699,477241.0,425.0,0.000891,1,2,234
2025-05-14 17:09:36,17ad9a07100c2fff5a538b734a1f5141f22febca53f71d9c8f058013e42c0f95,896699,1334791.0,802.0,0.000601,3,2,530
2025-05-14 17:09:36,488cd79adaa86cbf76de9d362d3e6bce8ee390a0a6250910c3dd609bcd129907,896699,82877800.0,400.0,5e-06,1,2,223
2025-05-14 17:09:36,468965dfd45b310033bcc0d609cbb7ccdfe556b2de6ccfc8353252de9bb012a4,896699,1518002.0,1048.0,0.00069,2,2,372
2025-05-14 17:09:36,16fe0d7ffcb53b75a6631ea7c237b13b6889514cc5bee2462a979db243e8a2b9,896699,47133.0,479.0,0.010163,1,2,251
2025-05-14 17:09:36,66f14d94ec1df884df51bcb89ec8b6229ae064c719590a89fe07cb5ca018a03c,896699,91421.0,981.0,0.010731,4,2,666
2025-05-14 17:09:36,c6886b8e73ab48703b5b0e869c58ac6310d89c251a694ae9a0836bcec7769019,896699,27898701.0,1766.0,6.3e-05,1,15,808
2025-05-14 17:09:36,930c8ecfc6ad621d090449fd3b1204351aa41e376c93c1a0fc1e69a9be992fbd,896699,185130.0,287.0,0.00155,1,1,150
2025-05-14 17:09:36,07582ab87e22f5d8cce8fc402b123fb4de36995c69de674085f48202088aa166,896699,355570.0,330.0,0.000928,1,1,194
2025-05-14 17:09:36,0e503bbc667d4db8c6f085e66cbd54dc43c83133b8d7dd853c9b9ea23bb95953,896699,54740.0,330.0,0.006028,1,1,195
2025-05-14 17:09:36,caced334a761754325064a7e9c1b2b16e6c52bb1661be6e28637f52a2b3c824b,896699,406670.0,330.0,0.000811,1,1,194
2025-05-14 17:09:36,155a24acb702c76450d04e4db3c39d62e35e5b051101d7b40d7167be9062a19a,896699,24182.0,639.0,0.026425,2,1,269
2025-05-14 17:09:36,785197266534167138433ad5b49f87ab811cceaf5a1646eeecc14cfced26b787,896699,9691.0,309.0,0.031885,1,2,205
2025-05-14 17:09:36,730a02c381960c140b5ffeb812d9e599ed40525cfb18dd85c392832ecf621911,896699,6006372.0,8046.0,0.00134,22,33,3853
2025-05-14 17:09:36,2ecbeff26e8df9b886b2a4d049edcf4ec80c0bb7b5ce10129a95c1832e12c67f,896699,6008622.0,1377.0,0.000229,1,10,549
2025-05-14 17:09:36,561921f7702c398348b3dcba4ed6a5f7aab1aa08fd4e1ae610035bda419a2f4f,896699,21151412.0,540.0,2.6e-05,2,1,340
2025-05-14 17:09:36,2323d980cf99df10c9190287127af9b9b2052cc1e648e8a9ddee9bd363aad1cf,896699,118026.0,438.0,0.003711,1,2,234
2025-05-14 17:09:36,173e71e518e996978bd3d03c26b89fffb6d88dcac2ecb3d5682069a4c69dd0e3,896699,1376785.0,419.0,0.000304,1,2,223
2025-05-14 17:09:36,0e5717b367e3ed16c4e0f55c919a930a6ff15c3a00e9e90ca106a9ab0dad3285,896699,999581.0,419.0,0.000419,1,2,222
2025-05-14 17:09:36,7cadfed84210254f3d66ee7dd2fe3c2309b2e10a9cc15d1a8d560837f489cd34,896699,17712590.0,419.0,2.4e-05,1,2,222
2025-05-14 17:09:36,a6b80915bf7d7bf3758b4f6b68cd873b7c11dbd68c7cf95095a2b994f33c5534,896699,205561872.0,419.0,2e-06,1,2,223
2025-05-14 17:09:36,9279ce950e7b349e94ad2aeec71781d551374ffba121697457d0620f1c468e9e,896699,299664.0,336.0,0.001121,1,1,194
2025-05-14 17:09:36,5d8e0900063652a088b59ca3ea583323dbc7921b686ca00faf7be49b2cd9db12,896699,3076.0,336.0,0.109233,1,1,194
2025-05-14 17:09:36,49448bbb9ac50b5895643107dd5f54287d407e3f730e9af8306aa9a3d269e0e2,896699,7674698.0,363.0,4.7e-05,1,1,203
2025-05-14 17:09:36,0ba42f505d6683c2abfdcaa91bff9f520bb6420ee068cc27f8938d866e4130f4,896699,832800.0,500.0,0.0006,1,2,249
2025-05-14 17:09:36,d5ca51cb82e1b5f4f7f31a21ad1d9f48bf18bbd70c6e8ba8719726862936abc6,896699,2273973.0,396.0,0.000174,1,1,215
2025-05-14 17:09:36,e3dd8c55ce79d3449587e31ad8a80afc68bb756027bb7375b6ef9d43e0637e7e,896699,7984883.0,420.0,5.3e-05,1,2,222
2025-05-14 17:09:36,904b4a739f8c3d985c902f68c91be7c336bf107d259959cde01ec25d58becfd2,896699,36532.0,328.0,0.008978,1,1,192
2025-05-14 17:09:36,8d719cca62da5516e5e078d0f6e0e504c6a6ab391c1f45d4f008bc773a975788,896699,202105.0,328.0,0.001623,1,1,191
2025-05-14 17:09:36,c8f521b0178c1f395c6ad6530ead4d9d89135c046f2dc4588e8085160355e45c,896699,370046.0,328.0,0.000886,1,1,192
2025-05-14 17:09:36,9f146c2257339d736c28e70d88009730f595097eba409a0979f584a86da48f51,896699,30456.0,328.0,0.01077,1,1,192
2025-05-14 17:09:36,2fc11ead14e31acecc937d5898969ac26c10636a1076923e18b5da0128d515a7,896699,50922.0,331.0,0.0065,1,1,193
2025-05-14 17:09:36,a19566368cb32204c487595d59c13b4ca9ae50b9f5e27221e1b46f1180467fec,896699,1976968.0,337.0,0.00017,1,1,195
2025-05-14 17:09:36,522dd1eba36dcad6d68b01d080a84ba3b8535dd4775fdb47ecadc392640f3dbf,896699,47962.0,337.0,0.007026,1,1,194
2025-05-14 17:09:36,35f98caa58874c6bed346b86bfad3bf4fad920fe41e771b0b242d38f068c82a6,896699,425326.0,397.0,0.000933,1,1,214
2025-05-14 17:09:36,fcef2b1a054e5ef92f7d093361aefa5d23bbe795d40f42e6efada0413b8e1c77,896699,409520.0,597.0,0.001458,2,2,300
2025-05-14 17:09:36,d07d03916cfceb975f31088c4458db009aeb2819f5b0a5ec32e3566aeee40048,896699,13536966.0,600.0,4.4e-05,2,2,301
2025-05-14 17:09:36,73bd5f9f15bbb149c412646b585fdc74df9a043899c0aaf894cd3884028c9814,896699,1593371.0,824.0,0.000517,3,2,518
2025-05-14 17:09:36,1249dfb52df1f4542259ceb6c9f98a60c8b5c8389cda28c5daa9126a05ebe0d0,896699,93917.0,421.0,0.004483,1,2,222
2025-05-14 17:09:36,ba28e91396b9dece12851a03b419f2fb03063d61d3f2796e5cd0e8065704c3cf,896699,78579.0,421.0,0.005358,1,2,223
2025-05-14 17:09:36,d34d19ad9d0bed671b884f310fa79282e9f5cc5ce5a131da6b50429f494493ce,896699,20746.0,421.0,0.020293,1,2,222
2025-05-14 17:09:36,fa7f1513369d33e25eaf9fe876d3858111ce0d14a5f139868aadacc6cfb135c6,896699,192041.0,421.0,0.002192,1,2,223
2025-05-14 17:09:36,5d6c860c5fe73b413c319b69c03a1cf7db5ff6bbee666a51405f992d852484b5,896699,22297.0,421.0,0.018881,1,2,223
2025-05-14 17:09:36,39fb6a0702b26d3af17888a7d9d7b0127ec09076cfacd6d3dee7add7468d8b5c,896699,4740110.0,421.0,8.9e-05,1,2,223
2025-05-11 02:39:37,57fea412a3c7c6fe122f42cc7ef106a621ab670724490cd5ceb3874471aca2ea,896194,3983400.0,846.0,0.000212,1,2,223
2025-05-11 02:39:37,b7e9c22aab121befb53542f2f9692f54fe09797c056aec7bd1e4a7bf3aded32a,896194,233299095.0,846.0,4e-06,1,2,223
2025-05-11 02:39:37,7e69874768a88fede5e1072b445dbbe50fbe86dbf0e6f37ffa79bb8c7ae0ee2f,896194,233315190.0,918.0,4e-06,1,2,234
2025-05-11 02:39:37,bb6448d0c211c295ae3c3e11373298f94e5f47ed71de060c8196c2d8fa3ddc58,896194,233323599.0,846.0,4e-06,1,2,223
2025-05-11 02:39:37,d6f032e2e3325a7330644e65bae16cd2f506612eb759fdc90baaec92ed16db8e,896194,234040807.0,864.0,4e-06,1,2,226
2025-05-11 02:39:37,a038b0dfdb9e1241546d399f7dfc73f772fce22b2f0441650cd0ee470b66899c,896194,234129822.0,846.0,4e-06,1,2,222
2025-05-11 02:39:37,486ea8e95b6ac9346ccfe61b952ca2905a2872fc4ce8ce234a99c6a515621334,896194,234439052.0,846.0,4e-06,1,2,222
2025-05-11 02:39:37,431dad0f3b4687b19ad2db32af613269ab8f3857e225dc1883e32f54e75a714f,896194,235801641.0,1608.0,7e-06,1,6,349
2025-05-11 02:39:37,54a68ab5754ba766ba32f58405c30ae6d6d220f10371a7eaa1c2e01798b100c5,896194,236491515.0,2226.0,9e-06,1,9,452
2025-05-11 02:39:37,eaf6324b3d440c0ddb49774d3d30cec11514fe20d4fac8fc9d870acac519ba29,896194,543468.0,804.0,0.001479,1,1,216
2025-05-11 02:39:37,abfdf106485d91f562b923758ea2a1d2b8bbfbf704ce7885fb276ba1a3d6b329,896194,15702454.0,846.0,5.4e-05,1,2,223
2025-05-11 02:39:37,772b7bd82a827556c1f0db7dbc8ab4b855556acc16e8f0a4c63bb58d30709969,896194,15773819.0,846.0,5.4e-05,1,2,223
2025-05-11 02:39:37,2922e55d3b20d4f64285aeadaef98012dc1cb205f8d97a1ff84f56ca24730b24,896194,5793210.0,1260.0,0.000217,2,2,373
2025-05-11 02:39:37,ba42fa97c646c55f2da150d0eceb8d86401c00dd8b490b644b1ae64282171019,896194,182397.0,1272.0,0.006974,2,2,374
2025-05-11 02:39:37,0e0fbeac74e7d045527b08db4b22d2f5dcbd74ddc024179ba342ccef21cf6011,896194,870535632.0,918.0,1e-06,1,2,235
2025-05-11 02:39:37,121b0ff9ec7cb72e3262a634ada4151c4731c80f8df44a34efa7bb93ef796f10,896194,141171704.0,1032.0,7e-06,1,3,254
2025-05-11 02:39:37,e8949f6a56ee1f8c980812f8a26c56c5b067c351c7310367615c506af594b302,896194,844110735.0,918.0,1e-06,1,2,235
2025-05-11 02:39:37,642a769b1445c1a36400c8aa694361c47f915abcdb73c20f16e2300b8ebd7a01,896194,91037.0,918.0,0.010084,1,2,235
2025-05-11 02:39:37,6c3001f39d4ed2f707a5995b9003e7f9a40f1313a11660370e646da146a991f8,896194,2602837.0,13950.0,0.00536,33,2,4983
2025-05-11 02:39:37,30822ad59b0d78f573702d4500770a6731208ca97bb5bdb91896e7bd5969102d,896194,2439885.0,1412.0,0.000579,1,2,235
2025-05-11 02:39:37,6e06e66c932a6dd5d4ea7cae137f3f78c18b7ba5232a382039252e728cbeab37,896194,8824880.0,3114.0,0.000353,7,1,1085
2025-05-11 02:39:37,1f71187db6f04fa1d9d1c6ff6e221353c28561a1a2dfad9f367ccdb95b796135,896194,2433720.0,3114.0,0.00128,7,1,1085
2025-05-11 02:39:37,1bd9078d9b0625acdafad2968ac9fe03723fa0f42a409a4e7a9274aa13c56451,896194,1498759.0,5718.0,0.003815,10,1,1758
2025-05-11 02:39:37,69dfb4c938ef9050154c438efb8e34a4f4fb9c762238dae24ab34f6c7c59743b,896194,218689.0,2634.0,0.012045,4,2,762
2025-05-11 02:39:37,54aa69ee33a80e8670b61ec90cf2e49bdc6122667aca0f4de1e6f57aeb6415f9,896194,602432.0,2442.0,0.004054,4,1,730
2025-05-11 02:39:37,4cc25c15ca65279c8939e988946b4b9c07683b8fbaad7bacbf54d62afde331b5,896194,1426687.0,2442.0,0.001712,4,1,730
2025-05-11 02:39:37,caa0c1fd319cf8c4d6f1c248abec7341ac5610bbcc533763def5b8664d733c95,896194,420096.0,2058.0,0.004899,3,4,525
2025-05-11 02:39:37,45e2820eff80671ab74ffd0301c5455af6e8cd9bee85f16c49b5fc19c6527bff,896194,304930.0,1896.0,0.006218,3,1,558
2025-05-11 02:39:37,db3de6806877817940bfae3a02c92c0cbb2d48f3137f06f7f829e1ceb85f1bd9,896194,350417.0,1890.0,0.005394,4,1,638
2025-05-11 02:39:37,a7b79dd50fbc5042dde7a71cca5afb1983e2a61d22fb578edf12bdf12280e8f1,896194,11268927.0,1686.0,0.00015,3,2,523
2025-05-11 02:39:37,a8538f3844591a9390a3e436b965c3c1d561fb6ea6fc08123fd01a554780da00,896194,907131.0,1614.0,0.001779,3,2,449
2025-05-11 02:39:37,3d456597572d77373ab72c1fab47d7e69794b523053c26d6ad18474bc903cc17,896194,36127596.0,1350.0,3.7e-05,1,2,224
2025-05-11 02:39:37,cee602c6fe3cf5cd563d5aedf203f26e4daee7cd7b993e1b99c58d3572302976,896194,28656.0,1344.0,0.046901,1,2,223
2025-05-11 02:39:37,7ea50c2d4d5933204b16bbddff69c572f64e6694413a2d581e99318cdb0551d0,896194,483105.0,1272.0,0.002633,2,2,373
2025-05-11 02:39:37,a320a5dc6913d22f83c726ecbe86ccefd3fcd59c7d2826dcc6ad98e712b9e2f5,896194,601588.0,1266.0,0.002104,2,2,341
2025-05-11 02:39:37,565019d700284e9b2008b11c86c27f4d0e382ce47663001f4834339089ff0c72,896194,1088338.0,1266.0,0.001163,2,2,341
2025-05-11 02:39:37,f46481bf4654f23e39744b43edef1e479a43f383c72e96229899d3fe33a4f271,896194,1041071.0,1266.0,0.001216,2,2,341
2025-05-11 02:39:37,befb88fe87fc269da4470a475d7ccbb988b95c637e41f8d03b62df2e6839f558,896194,180571.0,1254.0,0.006945,2,2,370
2025-05-11 02:39:37,751429736d79e349542f86a15458b6eeaa0f1be21181339d09ca4d0e53c857db,896194,1248802.0,1158.0,0.000927,1,1,192
2025-05-11 02:39:37,409779cc2d703934d9c74938f85436672d5f8c9b839ccb7604c39d07436935b4,896194,1329037.0,1140.0,0.000858,1,1,189
2025-05-11 02:39:37,33f4f26b250c67aab7a5699184d396f20a269d5b4f64e878a99012004e7832e2,896194,4405030.0,4530.0,0.001028,10,2,1558
2025-05-11 02:39:37,363bbec1e81d5a2c0482e6c42a9f8f373e2cd4b32c04c180dd1df2b6c3e15c32,896194,42620.0,1086.0,0.025481,2,1,342
2025-05-11 02:39:37,86f3c2d2eb0ade0dc31b7925694b8fecdca7bbd9c166559dc99ddb60e00a223d,896194,565386.0,864.0,0.001528,1,2,194
2025-05-11 02:39:37,86405b8d6419452848397edb2d3cd974543034cc51abe738a58a7c6672f4ad8c,896194,507835.0,858.0,0.00169,1,2,193
2025-05-11 02:39:37,885bd81ae9e6922a6bbf97594c6143061407d01071146e8ab55ce7a65c6f3f75,896194,300480.0,858.0,0.002855,1,2,193
2025-05-11 02:39:37,e8800d3e20888c32f1fd75a902bcfcb5712c51ac113c303e3df53191533d1a55,896194,539159.0,858.0,0.001591,1,2,193
2025-05-11 02:39:37,7109efb1cda7a73d0ae64ccac427dde4da75925791a67f0616f4de0d2d0ff606,896194,304052.0,858.0,0.002822,1,2,193
2025-05-11 02:39:37,0cfb70f047c2d294bc136c38914f595fb3788dbca48eacf2593a5909aff2dea2,896194,94346.0,1344.0,0.014245,1,2,222
2025-05-11 02:39:37,e41090ec2dd9bb3cc19dffde662789e1a8c31599a7ba108a379105defe77b622,896194,12002802.0,20136.0,0.001678,22,2,3326
2025-05-11 02:39:37,a435c0446f8e13cada7b21b575ba6a5f3b79d9711dc4dda300e0d13d5c70b926,896194,955342.0,935.0,0.000979,1,2,205
2025-05-11 02:39:37,16da5788076d9935ebd46c4e47db25b490eb8b2dd99c025ffe3514707c341d1b,896194,690213.0,935.0,0.001355,1,2,205
2025-05-11 02:39:37,7cbb9f7b270fe225f9b3308623bb67ef027664caa31b68cb4c6a91fc8f4ede08,896194,132444.0,1003.0,0.007573,1,2,225
2025-05-11 02:39:37,96dc5e450a7a67c9347fd9b3ef4932e2ce4c104df62b4fb1ffc1181e851ebbb1,896194,27873430.0,6570.0,0.000236,2,27,1475
2025-05-11 02:39:37,a31f2839402050a534c01301d52f5f35adcb2bd1a5261522e876ca38cbea5a8c,896194,311067.0,3870.0,0.012441,4,1,632
2025-05-11 02:39:37,5fb0ecc3f90d67b48583258d27c17214abf8bf3755f4ef281c0c44f38622ba44,896194,2210143.0,2287.0,0.001035,2,5,472
2025-05-11 02:39:37,33d0df35a7dce4b8473c0a376539846537f0446688118393aca7b206bdee1c2d,896194,993511.0,2282.0,0.002297,2,5,500
2025-05-11 02:39:37,6b4e8766a0e9bd89661a96b1d262d063345a64d2a72d34c433f70e117f91a221,896194,1248056.0,2282.0,0.001828,2,5,500
2025-05-11 02:39:37,4f3fbf8a58f5871a0d3f4ab63827ce7098029950ce9e7087ef1125f84192790a,896194,1315435.0,2282.0,0.001735,2,5,499
2025-05-11 02:39:37,3be6c6811cec729d3f0a6a4b98e8465dc89f6456d054940f2b2dec127ec6a253,896194,7763934.0,1215.0,0.000156,1,5,315
2025-05-11 02:39:37,977c5ae22633ba6761104bdd3b39f45764a97b2abff6c9537b3f44d0a1868c70,896194,101646.0,4920.0,0.048403,10,5,1298
2025-05-11 02:39:37,d3c9be3bd9c72c9d261cc598c94c6f757c787c35e4cae9b3a13efd261556f707,896194,361145.0,1008.0,0.002791,1,2,245
2025-05-11 02:39:37,47108ca4fda1d6789da3839b2653f608e59db5594adf3013d6ae478e2f775466,896194,287125.0,875.0,0.003047,1,2,222
2025-05-11 02:39:37,92d7d65ab96ed5e81e96f13b005a2a22d33f18665de4a43bedae25747f9e933f,896194,121426270.0,875.0,7e-06,1,2,222
2025-05-11 02:39:37,4dc3d39d5988bdbdddb5105523865ec98a0d513531009eba7ab560d615313f44,896194,1200678.0,5003.0,0.004167,5,2,806
2025-05-11 02:39:37,c30e36cf0afc029096472ab32828e21e9270cfe6dc5bc579e9a632ffa0aec6ab,896194,143921.0,2321.0,0.016127,4,2,695
2025-05-11 02:39:37,9b250d523ec05ee7c79be1a3bc02e818ee713521884e42f3776457a3f0e2d3c0,896194,194936.0,2564.0,0.013153,5,2,814
2025-05-11 02:39:37,575925bb6f59f6a9b90c9a4a8ce5286be6beaa807152aae11f77e198d4f63ca8,896194,185716.0,2179.0,0.011733,4,2,672
2025-05-11 02:39:37,005b578f285155e15ca3c87825a8b00fe3b56acaf6b49d26bf2b855366c4973b,896194,1466813.0,1962.0,0.001338,3,1,558
2025-05-11 02:39:37,35a76f2d6c50c0f494194ad05e2c8fc7f95356adf651e4fe77d189b4e0cff1eb,896194,526564.0,2467.0,0.004685,4,2,718
2025-05-11 02:39:37,bc78f939262b7596b5058f83ec5ff5d5eae3171d1ddb10811bb1f619a6031067,896194,9638733.0,1186.0,0.000123,1,2,381
2025-05-11 02:39:37,600621a1bdea937896c9459e2f6ec54194a8d62b0edb26e229b4b948d231a29d,896194,1467281.0,1180.0,0.000804,1,2,379
2025-05-11 02:39:37,b3ef23a0cc2beb7a992a04f9c232e2bdaf8f2bdabe787514476073c7c0cf297e,896194,13710034.0,1180.0,8.6e-05,1,2,379
2025-05-11 02:39:37,d267ac32b2247e717d659bbf2b2668c37b12d99eb04113833d5ba5c31797909a,896194,19196.0,1272.0,0.066264,1,4,285
2025-05-11 02:39:37,5b03737044f118909aa377bab89597b43ed00612bf9604cfab11b996caad8c69,896194,390931.0,1962.0,0.005019,4,1,636
2025-05-11 02:39:37,cf6f0bbc3f49d44fd542b373e1187e7ea07a3a63c32b8f7f83295cb12dd48558,896194,645272.0,1412.0,0.002188,1,2,225
2025-05-11 02:39:37,6f685c073928cd2e0559e24cae209930daeb84573a9e161cfa42553fe8d7a6c9,896194,5764.0,1804.0,0.312977,2,3,449
2025-05-11 02:39:37,8476e3590268acb46fb1d6bdb8c89916d701b12b484a5d78bfb727ea19d9f1b9,896194,127731.0,2178.0,0.017051,2,5,477
2025-05-11 02:39:37,e209602255cbbb2df15bf6ab35b3935dcfed84868b7b441dc021a03617d7fbf6,896194,5024500.0,900.0,0.000179,1,2,222
2025-05-11 02:39:37,7761bcd8e8e5d6dea6a80099a19c197372973ab306668ee8da46c7bbcf8d3116,896194,2375277.0,1710.0,0.00072,2,3,397
2025-05-11 02:39:37,d8dcbf6053a4002648184bb5f72fb7606ac4f92c4d58f3928ccb912a1c96565f,896194,1388593.0,1659.0,0.001195,1,5,339
2025-05-11 02:39:37,480bce83187bcac16f64e12719ed6350e3346a872eb7d87519ac63edc32e005c,896194,99998000.0,2000.0,2e-05,1,7,388
2025-05-11 02:39:37,a72323d14804305a7a43ea7f62dfbccd5af97c896a95cda68b924a6261e20af9,896194,1545544.0,1456.0,0.000942,1,2,222
2025-05-11 02:39:37,701b1c87984b6e6a38299aa024dddf25e10f52bc35ba7c8f5ac01a794f285993,896194,461600.0,883.0,0.001913,1,1,216
2025-05-11 02:39:37,74b58c9b146a67b326d18e31d0abeef038e3f2091c16abae019ee529fd8a28e4,896194,413257180.0,2280.0,6e-06,1,4,346
2025-05-11 02:39:37,6a906a341ce4073a173d35333724ccb560663000b8b470176aa5737be2d69410,896194,35687813.0,1320.0,3.7e-05,1,3,280
2025-05-11 02:39:37,85a50f847ec73a032588fc32e4fbeb8d323b1a0236c673896cbdb0f7c8852cf7,896194,101250.0,750.0,0.007407,1,1,194
2025-05-11 02:39:37,1ec9136bcd1deeebaf9fb5764a33bf65dca06263444b06d3e276b77fb8f83e12,896194,463620.0,732.0,0.001579,1,1,191
2025-05-11 02:39:37,9cb3da5e122bb99e9589313d657cceaf57bdb4e8f12629b4306a5f7b77a67726,896194,138295.0,2246.0,0.016241,2,1,337
2025-05-11 02:39:37,c457b477d0367f9c4b934009656dbb7531fe296159990444ab95d9189556dc24,896194,209739.0,1261.0,0.006012,1,1,188
2025-05-11 02:39:37,7c7b0e7de39706b5dddeb49e6788501b2556e19b7fb5edc6335a1055362e77ff,896194,6242.0,1469.0,0.235341,1,1,188
2025-05-11 02:39:37,aad0bb009b6d166aec2f1f6bc8ccf59a116e15cc9c7929f84e179d747e0d95e9,896194,26919.0,2306.0,0.085664,2,2,368
2025-05-11 02:39:37,8970022a0b14a47c31a63521834e20e380df7a112d11f53efea0c8a9bccf6f02,896194,146036.0,964.0,0.006601,1,2,222
2025-05-11 02:39:37,f42da04970e1638b2d1613856685ae2aec87289ed607ee7ef8826d935bd5d7cf,896194,818679.0,2014.0,0.00246,2,2,376
2025-05-11 02:39:37,bb197b8c4b281ea320dd80757dd8fb8d4827ed1241196ef486bd16cd01f0e5db,896194,23983.0,763.0,0.031814,1,1,191
2025-05-11 02:39:37,7a05b396c2a3417daebda0b827e9021283fcb93b305c13f320f5b407a9c814c7,896194,114357.0,763.0,0.006672,1,1,192
2025-05-11 02:39:37,bf22acfa3b7b2fad2585eddefe60d0c86a9b91244147e44958804550dadff59f,896194,41779.0,763.0,0.018263,1,1,192
2025-05-11 02:39:37,14748e121fd1635fa9bbee47d1f136dbfcb0768b9843ed8914d676cc1a035a95,896194,43080.0,763.0,0.017711,1,1,192
2025-05-11 02:39:37,f773dec07883ad8e8b725ab542977fd0925176fbc38ef2cf8f92a3d56135e093,896194,109833.0,763.0,0.006947,1,1,191
2025-05-11 02:39:37,541d3c5af2560caa213988cd4d96742942c6ed60b0edd33736d7a4efe4917e8e,896194,90137.0,763.0,0.008465,1,1,192
2025-05-11 02:39:37,57fce7bd839c83b2a83e6cbfd0f2a7ffb8826ba6398f0f3f6548f43c9d0f8185,896194,48490.0,763.0,0.015735,1,1,192
2025-05-17 17:52:33,28f13505906135dbd7f9154710e90960547b0d89cfe1543cb4196f0911a7ee06,897134,772896.0,564.0,0.00073,1,2,222
2025-05-17 17:52:33,5afa3431652dd0a7d5031867d6ec608d3c3d673e3ab6c0ff418c254badc2c306,897134,57176.0,396.0,0.006926,1,1,150
2025-05-17 17:52:33,46539cb003472a71c39d86294478bef29a06dd85eb4cee8cb659d84a2192a706,897134,99908.0,564.0,0.005645,1,2,222
2025-05-17 17:52:33,8b775904d5658244bfd178fd9b6adc864b808c4bade024d90fbab5a4a96aa406,897134,43015.0,568.0,0.013205,1,2,223
2025-05-17 17:52:33,240e44e00325d46570c5bda81c8c5bc70ade8b5fd160f8fabd44b42b82fc5104,897134,286960.0,924.0,0.00322,2,3,363
2025-05-17 17:52:33,790f1709690f0f78937dcbbb87510eac933ff6f15c5761b923106498cb554b04,897134,865567.0,1836.0,0.002121,2,10,621
2025-05-17 17:52:33,9e2270986ba449cdd3f38e1ddbd01a4631521ae563981c2789de210fac693b02,897134,19853.0,440.0,0.022163,1,1,192
2025-05-17 17:52:33,afc61cc80f6004048b319461623dca2bc247e51d87b5148d0a999f0a9c66ca00,897134,7702680.0,440.0,5.7e-05,1,1,191
2025-05-17 17:52:33,1b6c7af75acb00575f42b5e98331528d7d5f2f69386e1f1fc215759bd95b6619,897134,524810.0,1934.0,0.003685,6,2,968
2025-05-17 17:52:33,875fb6134f01b1b1a1d7b69d4ecbfe5da7a1febc3c2756fd9c77141f981d8e0a,897134,303975.0,5928.0,0.019502,12,19,2385
2025-05-17 17:52:33,32d96bc38bd31a1c15471f0fa7f80ebd0c28ef9c56fb180954098abd3382d7a9,897134,1710.0,3000.0,1.754386,3,3,450
2025-05-17 17:52:33,0a4014182a36f08464cf73201590e0a84ef814e8dbf184b45dbca4a45d4dd066,897134,16017.0,241.0,0.015047,2,2,302
2025-05-17 17:52:33,e5ab09cf0694802a60207031d0804acfbe4a83888e3d24835ea131cd145bde1a,897134,15753.0,241.0,0.015299,2,2,302
2025-05-17 17:52:33,73d3abf73fed1da86bbff40ad043d247c3f1687d58160ffe06c21ca1f8173697,897134,338615.0,286.0,0.000845,1,4,321
2025-05-17 17:52:33,29906b02bdb8a2fdd16d9691207f4969bfec40b51369394aa7c54eb9b6eb8317,897134,1235457.0,17156.0,0.013886,62,2,9281
2025-05-17 17:52:33,d960a99d4358c4c2cb70fe3ba051fe64755b97ea29d71f37edbc921648a185d4,897134,7732040.0,2072.0,0.000268,7,1,1083
2025-05-17 17:52:33,00be720d8bdc981d1defc1f6e0f456effe5fe76ca53038c3f7fdbdb751575b61,897134,5791909.0,564.0,9.7e-05,1,2,223
2025-05-17 17:52:33,504e60b2c2ea6ec0e4c70584cffb82be0aaf117d7778eb82a133280f604e8bbb,897134,5674712.0,2592.0,0.000457,8,3,1294
2025-05-17 17:52:33,6fbd82f9533ff721af553cd4d2a5328fb374d73419474cd46929daf6f3e61cdd,897134,1126.0,1918.0,1.703375,2,2,300
2025-05-17 17:52:33,87f029fd0d32df17582330547e00f5a951549ced6f24674993b107c753c481b9,897134,41342.0,241.0,0.005829,2,2,302
2025-05-17 17:52:33,02a25f2fb4d5e54abdf1e07a78ef5fbb9d72a043af8cf45ed4c20607efc6bc6a,897134,58309.0,237.0,0.004065,1,3,248
2025-05-17 17:52:33,7fe315f0716d2c885437cce19f8492465fb5b79b33d8b0b68abb069cb7d855ea,897134,89345483.0,2272.0,2.5e-05,5,6,847
2025-05-17 17:52:33,c9ce5ef08cff8b3b2b5636c28d23b0cb12b842dc67b25b537c63f762227002f1,897134,291465.0,136298.0,0.467631,500,2,74326
2025-05-17 17:52:33,b956a0198a85433bea32b670bece0d293621f7d1ef50f352da669dba2aaa7151,897134,19732.0,2168.0,0.109872,1,11,592
2025-05-17 17:52:33,f9b2191b7197e5a5bb617cddf51a2cbd0d4107eb22fc660da76a13dc22b7670d,897134,1415967.0,2168.0,0.001531,1,11,592
2025-05-17 17:52:33,7cf447a82d0a90b0fecfad9d5fbf18f38ac560260a90e245848b078c48134b0a,897134,183225.0,2088.0,0.011396,3,2,521
2025-05-17 17:52:33,10549fe3ccc1ee2953fd708f4c1c61ee1e1bf3406983a7eb637843bf12463754,897134,6004407.0,2076.0,0.000346,7,1,1083
2025-05-17 17:52:33,977ea95c8ff9f77ccf4686308c2e53f2e1f03888c91730b9317415738365996f,897134,1155205.0,1108.0,0.000959,3,2,518
2025-05-17 17:52:33,16a48433603d70334df385b2ed3f6d1fb7d293bd37da4c7cd4736f83e61f37e5,897134,1062279.0,836.0,0.000787,2,2,371
2025-05-17 17:52:33,477001dbf4a383d9e8c20461b99afacb705290b0da6d7fd044ea78deeeec9c9a,897134,559873.0,892.0,0.001593,1,2,222
2025-05-17 17:52:33,cbeb830c32c73fa944120a054bca00a5f7f468c71f702014b5a8dafe3aa823c9,897134,803245.0,892.0,0.00111,1,2,223
2025-05-17 17:52:33,bbb4e1bd6b9af41d65c54122b0b120409d0dd78f5ea6f5a91d789b5fba3c0a83,897134,9556313.0,3560.0,0.000373,12,2,1856
2025-05-17 17:52:33,725b66ba8c32d3b087a73239500d215d92c2f80e682ca048328424d6201519bf,897134,897246.0,1772.0,0.001975,4,4,764
2025-05-17 17:52:33,e820f56f5754abb223e7cc4c2a08a518f0991c69a37b46590518d4b9ad2ad9f2,897134,135084684.0,1584.0,1.2e-05,5,2,675
2025-05-17 17:52:33,83ef98cc2c4e6e334d8290987c24606e82bc7e2c860181b99a4930a254b43a11,897134,70336955.0,23043.0,0.000328,2,175,5907
2025-05-17 17:52:33,a11f557343ecdc9f7655c3c7dfe8469cadd4115038e7410a7d029409cc38e9fb,897134,2346343.0,1528.0,0.000651,5,1,783
2025-05-17 17:52:33,d00754b6e543f9960942a9199a377716b630fde2b46e59c5b662abfd33b28a96,897134,1141442.0,1528.0,0.001339,5,1,785
2025-05-17 17:52:33,f01e31f6e91894c04a00268406bb97ed389a7458d22de8fa99f1e79d82aab376,897134,169973986.0,2888.0,1.7e-05,10,1,1526
2025-05-17 17:52:33,4b5448954c79c0318a66b2a344ffe56614b589af450052748adb9ee6135c2576,897134,106675600.0,1444.0,1.4e-05,1,7,551
2025-05-17 17:52:33,cebe108ef2316906682e65ae6e97ae32785a6fb2955f7b137da46766432d41fa,897134,2641383.0,2864.0,0.001084,9,3,1437
2025-05-17 17:52:33,832fae9d59b25ffa33b51085977fdf6d078c7fe6b16b5fa5f062aa786a551138,897134,13026357.0,1384.0,0.000106,4,2,668
2025-05-17 17:52:33,5c92f080e533968c2f2cc1188bebd812aa6108166d5fb888c6a239cfcd4d6c5b,897134,381368.0,1348.0,0.003535,2,1,336
2025-05-17 17:52:33,229c9c9ceb0eebdd80069027d335ed0296aaa822e7b540b8aee285493fbff53e,897134,17702736.0,13368.0,0.000755,48,2,7206
2025-05-17 17:52:33,968007a5dde514d64bb4cc54f959be2ad2a3bf8bb8c032d65a5dbaaffd8f0fb3,897134,2032662.0,984.0,0.000484,3,1,487
2025-05-17 17:52:33,1ff2ad8c25db490b16dd269e837619bf38f85be59d8b3462853f55562bfcde20,897134,1043579.0,836.0,0.000801,2,2,370
2025-05-17 17:52:33,4547d5e652572d6b824db84cc7d4e0880e658f4348afe3c03946798d0707cbb3,897134,1038736.0,836.0,0.000805,2,2,372
2025-05-17 17:52:33,c2658b3bd69e76d9f6a5ea96e517b917588ebc6d5d6ed0e7309ae4b64b576743,897134,3286073.0,1268.0,0.000386,4,1,639
2025-05-17 17:52:33,4ac1183b7edb2da5d5a046c0e87c06755c4819ec5f49c19554918ccde54931d0,897134,247118.0,1256.0,0.005083,4,1,635
2025-05-17 17:52:33,e29b12b8d2dad04c2a4bec7385c69b02c200df32d6cc863c90ecedd838a4820a,897134,126046.0,1256.0,0.009965,4,1,637
2025-05-17 17:52:33,083112e1d4b880044adbd6303130518ea969b023a207d3ed442c972f36917f82,897134,5202111.0,1132.0,0.000218,4,1,512
2025-05-17 17:52:33,da7c1c12761e69236f6de5c3c85cf2e301902e672f010e1a79958e506b2c4ab4,897134,136022.0,1124.0,0.008263,3,2,523
2025-05-17 17:52:33,309a86fe18f662a0104ede1eea66940d6daadf649ac47c2fdba320ebd67f884e,897134,7981372.0,5600.0,0.000702,13,1,3856
2025-05-17 17:52:33,af65bcdc1c2f8063e39846d13cce5dc9cb592e1bc86aa7ff2161d87025d776fd,897134,1220523.0,1108.0,0.000908,3,2,518
2025-05-17 17:52:33,12d1613174664516af0ee4649109bf03a47b4da75ce9bc84dc9bff03ea5a41f5,897134,1622454.0,546.0,0.000337,1,1,217
2025-05-17 17:52:33,9ec856be2fb470c2a16439dca818c3021bc460bcaadbbc6e21a14c6451ac7591,897134,66553.0,1000.0,0.015026,3,1,492
2025-05-17 17:52:33,91adaae215d83b25c6289da383bb1e74a99d707b7cf805d865676afbdd300348,897134,41625.0,1000.0,0.024024,3,1,492
2025-05-17 17:52:33,a7be317f5980be179296ebfe4b6c254b7ba3287da2122a134b5b9e344ad42212,897134,970935.0,996.0,0.001026,3,1,489
2025-05-17 17:52:33,7eaa7958fc4e9a4af5ecaebbb6b26d937765a648cbe12b276f510d34d4d0f7df,897134,5697.0,992.0,0.174127,3,1,490
2025-05-17 17:52:33,dd7f6ccaaada8304d9375543a59118ae684b0d86c8acdc690ff3a9defd76c19f,897134,1165672.0,988.0,0.000848,3,1,488
2025-05-17 17:52:33,29f17ae4e75081671ef178b4fa91f4e2d7f6f13c625934f0b8a0a85ca05b3990,897134,1103715.0,984.0,0.000892,3,1,487
2025-05-17 17:52:33,dc077d9e0862042db55f3667c6b492221d6b3c3d55eeee49632bbb6e671f76fc,897134,273223.0,972.0,0.003558,2,3,404
2025-05-17 17:52:33,173abb997f801ad2e9015fb250d157a9a71f194a59ce14b104d4a7b40a583970,897134,5433.0,2896.0,0.533039,10,1,1529
2025-05-17 17:52:33,0d773a56056e436fe0df52ff50343323d27bbfaeb162e789cbc9c59ddbc73de3,897134,3431811.0,1832.0,0.000534,7,1,804
2025-05-17 17:52:33,8b069886c028ddee8ad043a968d8301cb5f79c434eff164e034d8875173e0edf,897134,60128.0,904.0,0.015035,1,2,225
2025-05-17 17:52:33,10a087f2df9b644a62986a8866d1e05fc6e944e3bb16e82d9a2e2d58e09bf450,897134,1559766.0,904.0,0.00058,1,2,225
2025-05-17 17:52:33,873951e7893430d8cf97bff618ec9cf80f88b7183d72b6616bff45315cc39a2e,897134,191159.0,904.0,0.004729,1,2,225
2025-05-17 17:52:33,f09588dc994d1e68bfdcdc754b762c784d3b486a52569f0834104f4c74f40a20,897134,200557.0,904.0,0.004507,1,2,225
2025-05-17 17:52:33,a72865e6f1bdd7e2edb987f3e97f75808ef7185660fd070939c17a905e99bb0d,897134,13805816.0,904.0,6.5e-05,1,2,225
2025-05-17 17:52:33,60174b8fcdd72251ffb74c7f5c5cc17d59df8e56617274f5236893b7403d91ff,897134,1220568.0,900.0,0.000737,1,2,224
2025-05-17 17:52:33,3c45584882194a65f6ddf4ebd2679a9effaf68ed96af0b51bda6d6b5573ba3f2,897134,45007316.0,900.0,2e-05,1,2,224
2025-05-17 17:52:33,db93eebe0a9c0dea0f650884b72a11675504594b5a4f89df5fd8973092a54880,897134,365064.0,900.0,0.002465,1,2,224
2025-05-17 17:52:33,85ef511e33a16c8ccbda9dae6eb31667d7a75676927378885e5d641b8a131ef7,897134,187642.0,896.0,0.004775,1,2,223
2025-05-17 17:52:33,c8fed7887ff5860d028ac47548ef56d253b4e00067c88418e514067f03788af0,897134,89977.0,896.0,0.009958,1,2,223
2025-05-17 17:52:33,07c9c40359887a6c7c1c49e5337350fab0bbe9750b37f72eb8226fe92102a6c7,897134,1767224.0,896.0,0.000507,1,2,223
2025-05-17 17:52:33,1afd09dfed18be36990be8090314eca905743a6dbc5a167c126ab13026b295be,897134,769594.0,896.0,0.001164,1,2,223
2025-05-17 17:52:33,a28abfa4eb7e27ecd3122ef7a5fc4e508b8b41aea7c4c4037ef3592b9b4b89bd,897134,751509.0,896.0,0.001192,1,2,223
2025-05-17 17:52:33,b7103a99e9aa11e5c1d6fedbfc934300363641bedc7dc635fa0255281f85eb91,897134,841428.0,896.0,0.001065,1,2,223
2025-05-17 17:52:33,8c3082e7fa6a059b35061b355d970cd2f5270e1a0dfe7e1471a0a3e44eebdf8b,897134,595121.0,896.0,0.001506,1,2,223
2025-05-17 17:52:33,697b4927a1ed8069fa00d1be8e22183d53391e6905edc6ec18b0053abfbbb285,897134,370315.0,896.0,0.00242,1,2,223
2025-05-17 17:52:33,47165411c49fb1bd3bb49ef76426dbbf94ff9d1910b3f415029a784020690f83,897134,825357.0,896.0,0.001086,1,2,223
2025-05-17 17:52:33,28b3c697d43f86e921f9a97ab8659f15f05648ca0ec55d3edaa2ebb083de7f81,897134,1258263.0,896.0,0.000712,1,2,223
2025-05-17 17:52:33,2228e205d3063dcb461dbf7e79b3ab9ef0ba77d2e71610a09a751f80381bd664,897134,803608.0,896.0,0.001115,1,2,223
2025-05-17 17:52:33,9177cebf87b01d9c85eab45d53128599e5f76dec7d13b26dd8c543af16d15948,897134,116014277.0,896.0,8e-06,1,2,223
2025-05-17 17:52:33,51626a55ac0a4666d915fb610c8bf6ed52f83fb6641678ece0d0ddd7a8100c47,897134,666500.0,896.0,0.001344,1,2,223
2025-05-17 17:52:33,0cca700d9870cfa60d06f53aac0c54aa25208149bae3a8d4b41625784884113f,897134,1377545.0,896.0,0.00065,1,2,223
2025-05-17 17:52:33,492f398defe5798901aa538746b9efa5a1b9fa57cb755b521c370804228cd02a,897134,119205.0,896.0,0.007516,1,2,223
2025-05-17 17:52:33,5ddb9fb651110c60ab0c02e7d829f163e12f4cdfb732bf4944534c9a14cb1d29,897134,3767630.0,896.0,0.000238,1,2,223
2025-05-17 17:52:33,8ded64401dff9e5a3c0c5e0ea249e1249d69f5a7fec46ce73f8db8bf303f5412,897134,946518.0,896.0,0.000947,1,2,223
2025-05-17 17:52:33,0deb16e6cd82776765d74300e1f7a6591eb1e09bec1a3f39178fe368d22ffc10,897134,137362.0,896.0,0.006523,1,2,223
2025-05-17 17:52:33,1c4062c37a8e4d74bdd766eed771abca8129a4757e5093c05126b325edecebf1,897134,4582416.0,892.0,0.000195,1,2,222
2025-05-17 17:52:33,864cd24b8daeb8ee47538f94da87635180a0da07aff3d2ed7f5dd89179f2cae4,897134,146847.0,892.0,0.006074,1,2,222
2025-05-17 17:52:33,0784b3c2357e1e307bf45720f6dabede45f81e1a0c79ed39d6b332d4e99a04df,897134,193271.0,892.0,0.004615,1,2,222
2025-05-17 17:52:33,2e249b309f7a7d9c776bdb1beb317552a618f8523ac210aae9a08a8807da09d3,897134,83108.0,892.0,0.010733,1,2,222
2025-05-17 17:52:33,5315743bf98605cb012198f583590c37cafb6f8e32725d3bdee0ed9a4798d8af,897134,605621.0,892.0,0.001473,1,2,222
2025-05-17 17:52:33,ea5ac944e92787076ce2537650ae61bc6376988f5d914b8f09ec03693dead6a7,897134,100548.0,892.0,0.008871,1,2,222
2025-05-17 17:52:33,8a591e3a347227f1b1cd506a9a8844ccdcc005957dcc2cf3d663b15fa18c05a3,897134,1025109.0,892.0,0.00087,1,2,222
2025-05-17 17:52:33,b1373e706d73a7bd2fbeda100be876b8cc84b341f5c6614507b7d4b757f6a399,897134,167322.0,892.0,0.005331,1,2,222
2025-05-17 17:52:33,37f0986194a58b06df801bc700437fc178db47134dc13aff9af5db02266bda85,897134,1284019.0,892.0,0.000695,1,2,222
2025-05-17 17:52:33,2ae8244d9441b31b9b581dea0f01d86675d5f3afaa95739c5266a6fc559ec677,897134,18886.0,892.0,0.047231,1,2,222
2025-05-17 17:52:33,0a4e3958d7944a5bcdc3b0b26ea2e9f0588588c58f22247cec827eed15e9e03c,897134,26108.0,892.0,0.034166,1,2,222
2025-05-11 22:30:28,5982a100c6a018aa393a6e5b133dbc85fc07e183858be4ebe66599e20be6070b,896320,105806.0,143.0,0.001352,1,2,194
2025-05-11 22:30:28,6c15e4f5f49c31a057bcaeea7b54106d34cd40f8c0c8835c4fd95a3ee82b270a,896320,94773.0,217.0,0.00229,1,3,298
2025-05-11 22:30:28,9da375f819a7813c353725f01c409ec66a971c41ffa3c0bb0f93273b30ffe109,896320,32925.0,217.0,0.006591,1,3,298
2025-05-11 22:30:28,96842b595f83c32926cf8ce47849da58cf404aa1927fd0364205b99e86332a09,896320,591057.0,143.0,0.000242,1,1,325
2025-05-11 22:30:28,af138c438e88fe17e62a4ee1bd9645d8133db82cd1cecc832024a004655fa907,896320,32934.0,217.0,0.006589,1,3,298
2025-05-11 22:30:28,040e839ebae9d5db7e45f1da05d101a69f4ec1a35dc6c8e5b88f8f26d7de7c07,896320,19492.0,102.0,0.005233,1,1,153
2025-05-11 22:30:28,d0d940dff9cd304b3d050b4cea3a247a3e58826ada2d490eeaa4c722d6104907,896320,1313271.0,142.0,0.000108,1,2,193
2025-05-11 22:30:28,bf9b67d97317265bc4736b2cf23f33ef39cd0b7ef6afa911083eb91734508b06,896320,39703.0,217.0,0.005466,1,3,298
2025-05-11 22:30:28,09e3268184b918c45baef3a2a79f7c0658c42fd2f90990c85d4cdbb8d1372005,896320,108622575.0,141.0,1e-06,1,2,222
2025-05-11 22:30:28,113d8501d79926025364bf1c168420513b942770e4e6c691ffff5b5ea8e95e04,896320,59975.0,217.0,0.003618,1,3,298
2025-05-11 22:30:28,a3c53f3d76d2f78bd8e399978e2f052159ac567c307daf3680381e6c27dd4404,896320,36231.0,217.0,0.005989,1,3,298
2025-05-11 22:30:28,7abfe4eadecfbe69e1b202de9cf52eb41261472c83a8e2b646093b6116c8d803,896320,18833.0,111.0,0.005894,1,1,162
2025-05-11 22:30:28,ac0ca99ed8d1dd4f653bf7a69623c845b1a48eb64396c85de6423a86c2060d03,896320,47194.0,217.0,0.004598,1,3,298
2025-05-11 22:30:28,e9b47f949ae72cd37f150469348d1c48311a8ca24c8a8cefdb3945ef16a86102,896320,11033.0,217.0,0.019668,1,3,298
2025-05-11 22:30:28,1d636798572343436c48029061c65d497cfb421f30a5dd0bd5506830a6c5f500,896320,27791.0,217.0,0.007808,1,3,298
2025-05-11 22:30:28,391747a0b08c439bcece7b021e3ea9516cc3a309d93d1751b11955df2860a700,896320,35125.0,217.0,0.006178,1,3,298
2025-05-11 22:30:28,818f6db1bff1a8d5b957af14ac13d34216cdd1bfddae111c521a83e717088c00,896320,33481.0,217.0,0.006481,1,3,298
2025-05-11 22:30:28,8cbb6e65c14d877cbbdd39a4a616df846163e8f1b1e4ac2bb749e16282bc4800,896320,50250.0,217.0,0.004318,1,3,298
2025-05-11 22:30:28,cf276828df5fd8bde349c8b19b929e330217dde06192f18045d3f0ad7a413b00,896320,12971.0,217.0,0.01673,1,3,298
2025-05-11 22:30:28,e04cbb035272b3c743c0091e5162d7a319b9fe32dff901a32421a70fb3de2c00,896320,39168.0,205.0,0.005234,1,3,286
2025-05-11 22:30:28,3d9bb81d2c3be81e280d2bf6ba02ed662efe9101d07c5838c7c96cfba5c30e00,896320,39703.0,217.0,0.005466,1,3,298
2025-05-11 22:30:28,42724ab0a7662074cbc72b74e093268cea58187048d694ae19f6d42a6e23f3cd,896320,182366.0,502.0,0.002753,4,7,793
2025-05-11 22:30:28,83e1ca97abfccfd9189df89cc807873e31ef8ca5d3ac6818ae24fa2ee8116508,896320,187122.0,420.0,0.002245,1,11,502
2025-05-11 22:30:28,b2d3a08205c0e00fc58fb24a705c39f77de0154aa6de0f00b031db5d7e845ce1,896320,507947.0,549.0,0.001081,7,2,1114
2025-05-11 22:30:28,8a58b97466700eb057738c1a1be651ec2d0cd9d7b403f3b1a73947158223a1c8,896320,182485.0,428.0,0.002345,3,6,577
2025-05-11 22:30:28,189de8f893c546c623bb554b531a9f43d8f894617fa0c4e0c4b45a1f1ec87b3b,896320,2535804.0,425.0,0.000168,5,2,829
2025-05-11 22:30:28,c8ace48f3cb317c6d2f8ee615070e6c73024a7b0904477c72961672fafe6d097,896320,139994.0,733.0,0.005236,6,10,1154
2025-05-11 22:30:28,90ee26ec57f1995e277d4c509af58f66dd6e49deb0888f10e890eded78a1b407,896320,153381.0,351.0,0.002288,5,1,660
2025-05-11 22:30:28,94bd740cb9fd0594c53689120b89e1ea1dda2c3af88231d0749fcdc0385e69ee,896320,636062.0,346.0,0.000544,4,2,668
2025-05-11 22:30:28,23d0df5ec182198b8556d00c7a090a1afcb403f82b988fb4b38367f8d4a7585d,896320,68668.0,341.0,0.004966,3,4,552
2025-05-11 22:30:28,5caf00a3b64d8b4333d033c580ffa934b3b6d3b5bf33cd2b15343a22a39a78be,896320,41295.0,285.0,0.006902,1,2,284
2025-05-11 22:30:28,c26478d64cd4c5f481babb557018a33091addc1ded005db270cd6d5bce6e4cb0,896320,49195.0,285.0,0.005793,1,2,284
2025-05-11 22:30:28,fbe0f7f856478d27a00caf5a275fe54db6749f7aea10919d97dfd3484c8a0aad,896320,49480.0,285.0,0.00576,1,2,284
2025-05-11 22:30:28,182c97a6106efe8ae88e473f40ad11d208557c4ff9526d7706afd33280ed8217,896320,41580.0,285.0,0.006854,1,2,284
2025-05-11 22:30:28,403ba26183851afdae5bb5470604a16b27a60888fcd4a574e461fbd38b321114,896320,800000.0,57069.0,0.071336,625,1,107244
2025-05-11 22:30:28,8d9af4844f2a28074b43d4e170b051ee8f0cdcfe8377d30ba4e83a517dcf5802,896320,93670.0,242.0,0.002584,2,3,372
2025-05-11 22:30:28,207d7c2a7532404215b8f021bb10f00c835fbe1d4d420f974a689cbbbd529cf9,896320,2082151.0,481.0,0.000231,6,2,962
2025-05-11 22:30:28,b9e29507cd0c14b0bb21fbd563d401760e0adc6b55b26de53c16d56f85081ef5,896320,3024574.0,225.0,7.4e-05,1,2,224
2025-05-11 22:30:28,1a58d8cfbc6804281bd593d76ac025850d62074a87d6167cb2f9177b46a81b6d,896320,2513666.0,225.0,9e-05,1,2,224
2025-05-11 22:30:28,09281a7d22f8588cff8e0764346abc0167d3bf2f728246b78944099e2eeadcd2,896320,261300.0,224.0,0.000857,1,2,223
2025-05-11 22:30:28,4d30b685285c5c8539b516f95b3d0d3ca0d879d7d43dbe326e1f94a6717365c8,896320,784123.0,224.0,0.000286,1,2,223
2025-05-11 22:30:28,6b6bd596a6ce5eb91108f05bd57d7e59e5d05e8e87da73ff13e351eb1df43e3f,896320,564777.0,224.0,0.000397,1,2,223
2025-05-11 22:30:28,42949ecd8806fc2809572f3865a22b0164deb392125a1887ab92bd2f673a5123,896320,717171.0,224.0,0.000312,1,2,223
2025-05-11 22:30:28,3b28e825a7c3de8087f06a000f43ad3ae9935081244e58708eb63eeea09ca0f3,896320,1083.0,219.0,0.202216,1,3,269
2025-05-11 22:30:28,99aa82b814df2e1afe2d42b0d78ba047519263bbc67381155ed050198430dcad,896320,1699.0,219.0,0.128899,1,3,269
2025-05-11 22:30:28,577867fabb3689cd17e8fb534aa18a8ee579850ff17854d4db8a0339b911e475,896320,42907.0,215.0,0.005011,3,1,364
2025-05-11 22:30:28,4078ff072fa7a2a34621517ac3226909555249544230387a92876fe1bc1c61b6,896320,1069931.0,285.0,0.000266,1,2,283
2025-05-11 22:30:28,f043706332ce4c2c373d5664fe66d5cb165417374bca5aef36b341244f6b0fc4,896320,1070216.0,285.0,0.000266,1,2,284
2025-05-11 22:30:28,5f11502d56d9c69b0e9e33a7d7ddfa1e1e7a6f1d9bc48324c6d2e4f566ddb9da,896320,1070501.0,285.0,0.000266,1,2,284
2025-05-11 22:30:28,fbe96d2fd0c23e3984ed57d47d5a00f88f52ea3a2abd59922249a345fad394b2,896320,9999506.0,210.0,2.1e-05,2,2,371
2025-05-11 22:30:28,0878cf7a07fac4ad9d411883ca7538c1c26360d6fdda1bb92bb2b903211c85d9,896320,538513.0,209.0,0.000388,2,2,370
2025-05-11 22:30:28,5918b638f47d280e9ef426de90b485a97bd61f19939e9170a0cfc8337533637d,896320,1038403.0,209.0,0.000201,2,2,370
2025-05-11 22:30:28,73a0d3fd9cd5f32ece785266dd3edf3d8f851acec14a8c1f3ffb6ef6ffba6f1a,896320,17453924.0,392.0,2.2e-05,3,5,540
2025-05-11 22:30:28,f6ccdbb82953acd689071a7e9476adc88e334effdb433d01fdd52b3756df71f0,896320,113670.0,383.0,0.003369,5,1,785
2025-05-11 22:30:28,35c7455bc181ae3e87fb6369d80f272086b4c85fdaf1ec0f8fb1ebeb7c7a0fbf,896320,36910.0,285.0,0.007721,1,2,283
2025-05-11 22:30:28,ef50d08ab4d22d72f1a589bf70074e14bc967ca2815e40c08e818518b1eacc49,896320,37195.0,285.0,0.007662,1,2,284
2025-05-11 22:30:28,9465753c147cc3d87603959bae934e1054f42ea0d7306b125a495d34ea2f2679,896320,38910.0,285.0,0.007325,1,2,283
2025-05-11 22:30:28,a0aabdc4bd0362b3d43cfee1d1e9ad346be6f339a5ca436239adbfc3617533e0,896320,39195.0,285.0,0.007271,1,2,284
2025-05-11 22:30:28,4c88d0e79deffc5d004879e51c99edc7248d37b85076532e3dac8905f2601f78,896320,44595.0,285.0,0.006391,1,2,283
2025-05-11 22:30:28,66d5d3b4929c0ee5ea4abf2043679e10fd16d07c27733370c81ecebc5da32f7d,896320,44880.0,285.0,0.00635,1,2,284
2025-05-11 22:30:28,8abcc83af7d3a7b6d7de52a1665fd735d610b9cc2195510cdf4c6367c6bd4c6a,896320,313420.0,285.0,0.000909,1,2,283
2025-05-11 22:30:28,49d01d0af4f00fdc09eaa26c156d6c36b07a609007cc9d95b1fb8b11bdb42e04,896320,313705.0,285.0,0.000908,1,2,284
2025-05-11 22:30:28,d8e1d17be9bf151bc9f75baa2564191ec98cc293020e066a38f7046a48f02330,896320,79467943.0,190.0,2e-06,1,2,380
2025-05-11 22:30:28,ee3c03557bb61aa0f0ccb80ea7d74fc38d60c59714d31bad8bd80a72973c8f28,896320,96575118.0,190.0,2e-06,1,2,379
2025-05-11 22:30:28,b9e0e845fe3c5706de17d56a6a9664ac1d5a021bfcd450b936a85d46c47d59f4,896320,2659984.0,178.0,6.7e-05,2,1,339
2025-05-11 22:30:28,9c5ef317cac063d7776af49cf17bfb2ab8791e0afb043d9d603b50d51f088074,896320,991665.0,178.0,0.000179,2,1,339
2025-05-11 22:30:28,434658c7e132b70d33a769508092d0db067e27b8cd10cbfc0d4ba1b3f93f115e,896320,190085.0,224.0,0.001178,1,2,222
2025-05-11 22:30:28,25fc4de3993412f3755580f5a70ce275e55bffd0b02e0737dbfef97d6a841672,896320,204680.0,224.0,0.001094,1,2,223
2025-05-11 22:30:28,5cdc43a8e4734fee732852e4cb3dea82c5f108f0a4d1eb41bf80d4f25959461e,896320,50673.0,285.0,0.005624,1,2,283
2025-05-11 22:30:28,b03ad1f9d4ac3a5dc8acc119e70765bbe5b07d121f1fa479861cdc0b5fcb57cf,896320,50958.0,285.0,0.005593,1,2,283
2025-05-11 22:30:28,8a24b969920b261eacf8d319d8672438514adbe131a7715f501fd9d471ecb3c4,896320,40897.0,142.0,0.003472,1,2,222
2025-05-11 22:30:28,5df389f18ac7532c9018658e48f69cb887f0770ae299d8ffc6940ae118b72897,896320,99859.0,141.0,0.001412,1,2,221
2025-05-11 22:30:28,734c673e5e4fc65fa75ee636dc833a90865ee1deec5b574fffd217763ab9b750,896320,268104756.0,141.0,1e-06,1,2,221
2025-05-11 22:30:28,519513a1ebdc2f8e587f71edd4d8e269feefa6ba7c865cb5724b608ec48221a5,896320,480632.0,247.0,0.000514,3,1,487
2025-05-11 22:30:28,6d84afecc4c6ebc587946ea118d22f5bd1253e09b7e66cfe04f70e8ecb5da899,896320,5372640.0,1764.0,0.000328,16,2,4774
2025-05-11 22:30:28,faff02c44f98981b1b7c2e480dcf2ad03826debd34fb31335f771c0eeeb781ea,896320,479888.0,112.0,0.000233,1,1,162
2025-05-11 22:30:28,9ba140c4571cbbeb8c0db7e9fdbbecd84d65c7b69848240326fa8923805b51bc,896320,1476304.0,224.0,0.000152,1,2,222
2025-05-11 22:30:28,1aa7fd514a47ac56f262a60644b76c3b0f716356ac6b511f6adbf6f6d2f7136f,896320,2074631.0,224.0,0.000108,1,2,222
2025-05-11 22:30:28,7d9881c3f828f2693c2a6370e4e3133c8c28fd00cf31379e41e5a0c0d9650a0c,896320,873468.0,224.0,0.000256,1,2,222
2025-05-11 22:30:28,029fb97fbb21d5db55a62cdc078ff5b30b4f2157aec0adca344983dcb18cbd99,896320,30127.0,111.0,0.003684,1,1,192
2025-05-11 22:30:28,5635ccf157ff5b92e49031d906dfbd7881bbee15eb7c591bf722eb4d31f01767,896320,5404443.0,214.0,4e-05,2,2,312
2025-05-11 22:30:28,b5976f87f435d16922ada96fc8a23a92308904f0c1e617a47c71b8800fdadfda,896320,18849900.0,100.0,5e-06,1,1,150
2025-05-11 22:30:28,ad6d4a0520519be3528a392216650540a4346c7b6ae9a84685bedd9d72a3c863,896320,19849900.0,100.0,5e-06,1,1,150
2025-05-11 22:30:28,52206c38a14c2c4f0eab1b35e2c36deb9393ca76db98e63cfa00fe9b5a0c6f53,896320,13899900.0,100.0,7e-06,1,1,150
2025-05-11 22:30:28,08ab09fe45172fd2ec4ca7f4aa62841a4c09284b82056e3f077b9448f895a03f,896320,19399900.0,100.0,5e-06,1,1,150
2025-05-11 22:30:28,85bc1c14eeb20d38e8b8b08165dbce8c29b4677504dc6386266bed780b1cca48,896320,35954051.0,155.0,4e-06,1,2,235
2025-05-11 22:30:28,ec08d796aea0a301c88084336f703b50b70d012572f8fe5ee2b446bdf4b8c1fc,896320,30854.0,146.0,0.004732,1,2,225
2025-05-11 22:30:28,a75b424015e32f83c443fee66077132b23b0af0e7059b1b5c985a2a3db8ebe45,896320,27854.0,146.0,0.005242,1,2,225
2025-05-11 22:30:28,b5ee5cbc8600ed472bbcaef35ddf9bdf4f536989def64e76e7905f3e9ed86e23,896320,37437.0,144.0,0.003846,1,2,193
2025-05-11 22:30:28,b1367656752f24d3f7139006579eaf7d34ed9872e4c89c16b4dc83027e973f45,896320,10799167.0,1450.0,0.000134,20,2,3034
2025-05-11 22:30:28,f19171ef5b84cff3a5fd660931906ee011f57e333b412876dd8929640c2dab69,896320,544709.0,253.0,0.000464,2,2,494
2025-05-11 22:30:28,df39b9df33ff8c2a776c681722cf51425861285fe7099a06771f626c09fe3e80,896320,10950387.0,214.0,2e-05,2,2,371
2025-05-11 22:30:28,7f958ea8ce12543f9ff5ecbf35f7ab3f8c22aa0530e4c036cc60c174c70beb3e,896320,231854.0,146.0,0.00063,1,2,223
2025-05-11 22:30:28,30a62252c9e4d67a61d4cab19ef874e2b537f829ae7ebf821b293b75e610fd40,896320,110854.0,146.0,0.001317,1,2,223
2025-05-11 22:30:28,827065118f132958391c6c3d3119b9c83d00f6371b8b2ae29b9b5d1e9273d429,896320,104030.0,146.0,0.001403,1,2,223
2025-05-11 22:30:28,13229a2ec7afccab0a201c3ce58a428e64b637a6341a741227b681c0e0ca51eb,896320,206340.0,770.0,0.003732,6,9,1043
2025-05-11 22:30:28,62dc418877e2e1ef9e283e16a3f3d3b20dad6ff53c99885dbf86944c6db32e5a,896320,160866.0,106.0,0.000659,1,1,153
2025-05-11 22:30:28,39be824556924a6e3d5f998b7eab4dff6e69f89e449afc3eb6257af6db81dede,896320,207696.0,235.0,0.001131,1,2,226
2025-05-11 22:30:28,b896fec71b60ff643f0bbdb18d000c20a5ad324d43b70b43731066bcd28cf174,896320,17640.0,103.0,0.005839,1,1,150
2025-05-11 22:30:28,a832161f80d1be7db759fe1d9a95515646e23d65104d3ab495cfbb1238dc20c0,896320,1170880.0,219.0,0.000187,2,2,372
2025-05-12 03:41:07,0d7cacecf8dd0b5c31238193ae7c91e9f91616cfbc24b6ba4c1bcbb46d59bbb1,896353,40029307.0,237.0,6e-06,1,2,222
2025-05-12 03:41:07,df1f82e4d1da7d10ee4e400452454ac4d902289b47361d86d8d599089b20e7ab,896353,35248081.0,237.0,7e-06,1,2,222
2025-05-12 03:41:07,7f7fd06171a4e6d344892e83fbb4a01b236f1208e7931562852b986f86c1ab32,896353,31826278.0,237.0,7e-06,1,2,222
2025-05-12 03:41:07,e7ed65ccc2d63b7ed1ea192a8080c4a4db75ff062eee40c9c9c691ef36ccac04,896353,40243250.0,237.0,6e-06,1,2,222
2025-05-12 03:41:07,4de65f0ce96206192a8839836db07c634cf6a328f2c0f20e8f3163a198263548,896353,1105557.0,355.0,0.000321,2,2,373
2025-05-12 03:41:07,e4663c21b4c77f91935b519a19f217cf72358f6f7e7d4eccd1fbdd095fd75f35,896353,1045239.0,355.0,0.00034,2,2,373
2025-05-12 03:41:07,bd0be8563fa7b63b3b9555b7bbd0b6d1158e7191a86516d72259a152b4e7defe,896353,1119321.0,350.0,0.000313,2,2,370
2025-05-12 03:41:07,fd186196f612a6eba1ae731d566228ce1b240fafefdf69ca8d386812c74e94d0,896353,1049040.0,350.0,0.000334,2,2,370
2025-05-12 03:41:07,6fbe71e6eafd7debd8fd293adc2f47d6c2f6b9bec4421142dd63ef5f4679c89a,896353,1154275.0,350.0,0.000303,2,2,370
2025-05-12 03:41:07,f53cbe1f172d3264683ea10a16cb0a53e891a41f56a0b0456c4abeb05d741155,896353,1049842.0,350.0,0.000333,2,2,370
2025-05-12 03:41:07,978b451ecdf25b3eb5125cc952f1a5632ec53a54dd42c74ba59288a208634ff4,896353,36019199.0,239.0,7e-06,1,2,223
2025-05-12 03:41:07,f64da7ae00328d1986979ad08d6adb5388e50d4ddf932d81241c8d725c4db5e0,896353,11239733.0,239.0,2.1e-05,1,2,223
2025-05-12 03:41:07,bcbd4945d03c4d504acc2329ee4d0b59b13989da4c6dbc6347b0e1bd2a30d1b3,896353,37169945.0,239.0,6e-06,1,2,223
2025-05-12 03:41:07,7906b0cc9a2c7c2be8fa848343e8fc0ac1932c01e756dce0506b63982f1f0345,896353,28423215.0,239.0,8e-06,1,2,223
2025-05-12 03:41:07,4467363369fdb4a1ab06473b0eebb7400b64ffbdfa08b17767e2e69d48ca512c,896353,30022435.0,239.0,8e-06,1,2,223
2025-05-12 03:41:07,e5a1d7b35f28536dc3f63a851b87cb91b8156954a79d8db2b5682181c296a066,896353,1109517.0,331.0,0.000298,1,2,277
2025-05-12 03:41:07,1c4d71d480c6ea92f0448790df1f17ec4c9f6da6ed322675995f65d66fa38d38,896353,1110394.0,485.0,0.000437,2,3,419
2025-05-12 03:41:07,b76332bdd0c09d4f1f0a9aa66147c633f164ffca4db0f893e7a9281943804fff,896353,1301154.0,1037.0,0.000797,8,2,1258
2025-05-12 03:41:07,4d92dbd5502c7efbb9592df98d8140a5207d091da4bb0b5edfa5d609a1094165,896353,1502272.0,258.0,0.000172,1,2,234
2025-05-12 03:41:07,ca7633c0d403390478eb53b943a1035117aa7291f3ba0d9459cb2670c6ab614d,896353,9609525.0,430.0,4.5e-05,1,2,255
2025-05-12 03:41:07,f7f633a43f993af5d2ad535517b3c315837c6882869572779b16bc4283ecbd00,896353,10373309.0,582.0,5.6e-05,4,2,667
2025-05-12 03:41:07,a27d27b532021925ab5e6708473d421ee226da9b9443667df73ff5439fab2bff,896353,1899498.0,238.0,0.000125,1,2,222
2025-05-12 03:41:07,8bee2b5f21c95c9f1696c33b4fbe852eb82cf17e9c9c4727a54ed65c1710d57d,896353,1874803.0,238.0,0.000127,1,2,222
2025-05-12 03:41:07,390f4564fb6a3dfd34581f32079e079b30b5106da91a7f6b51a10043dcca9e25,896353,2934478.0,240.0,8.2e-05,1,2,223
2025-05-12 03:41:07,226c951a0fc6a20599ad5d15f49175facf2ddec4bef77e9afe86ab8b420d28a1,896353,112389.0,424.0,0.003773,3,1,490
2025-05-12 03:41:07,d1ea2c7da28d9b609bdf956ac6a28d5d8e8245f1f2a6797ec2ca2cfe128bdbe9,896353,6043.0,855.0,0.141486,3,2,407
2025-05-12 03:41:07,3dd72d036f22aa3da3cbc2ef3c7f5df585e01ebd132e6f3ae66033d91b22a586,896353,434835.0,241.0,0.000554,2,2,302
2025-05-12 03:41:07,fa6450fbec0d66d8775f28c8019c6bd7d087cab6db197ee63acded0dd48bc445,896353,117223.0,254.0,0.002167,2,2,313
2025-05-12 03:41:07,1ea501b7da813a1cfb592dc0c4b6498570595a861249a95db4c9cdbb72fc1656,896353,606374.0,424.0,0.000699,2,4,516
2025-05-12 03:41:07,a97d072ed05348f0ae15e8613d7ff11c73cc3878420860b11706b5849023a627,896353,968448.0,267.0,0.000276,1,2,234
2025-05-12 03:41:07,f9bcadfffacb14dc92a2e199ee32d88a6e03f54dc020125cb6071655287f5f5e,896353,683087.0,434.0,0.000635,3,1,489
2025-05-12 03:41:07,2529cff598b3d95ccb230b758259ce217387f06acea58349fd56b219b54be472,896353,467355.0,748.0,0.0016,4,3,746
2025-05-12 03:41:07,e7d1d6b9dc007a2f34c2ae116235b6e3b8152d496361b4f563f423ffee3cc40e,896353,94648.0,198.0,0.002092,1,1,162
2025-05-12 03:41:07,1c48f6cb417279075c23889c3c726555710a91b922d63e1b89e743d7be3c5fee,896353,968444176.0,252.0,0.0,1,2,222
2025-05-12 03:41:07,19eb117bd089dce977140aadccd2cd37f11ba486e98d733267f625a311ffc46d,896353,980292439.0,254.0,0.0,1,2,224
2025-05-12 03:41:07,08237c8acbc14163131a780e76addba7f2c158424d0413f7232d3f9cb01ff701,896353,275491058.0,254.0,1e-06,1,2,224
2025-05-12 03:41:07,4e8c9cf7a0efc9e67c04638644b59ed9adc8eb6c72862cbc1de5f1b261a821c9,896353,957092.0,274.0,0.000286,1,2,234
2025-05-12 03:41:07,94e69e4aaba46628e1b9361656a109e29608d16196d85129a177a9a08d63d934,896353,840055662.0,258.0,0.0,1,2,225
2025-05-12 03:41:07,60f8d18ef59d6fdcd2dbce8c5af7d3c0d1f20fcda98bc4b5b60330a64fd2542a,896353,8708.0,855.0,0.098186,3,2,407
2025-05-12 03:41:07,f919a33b9484986366b364641ebce2b6addf280982dd74971b0f792dd34db1eb,896353,409219.0,240.0,0.000586,2,2,301
2025-05-12 03:41:07,02b6884a3d9db266cd9b402cd64a773c78eb8e73fb20c89d6254a68fac940229,896353,409219.0,240.0,0.000586,2,2,301
2025-05-12 03:41:07,3bb4d5a8d45eb55d1d2fb1ae7d019c8c187d9e971b7e3f6b260036b21acd60f2,896353,976685.0,315.0,0.000323,1,4,345
2025-05-12 03:41:07,0731e4d7700d12289a47a699591e0d7d7f6e5d5e6d3d83b8eb2cc36118cb7453,896353,97999654.0,346.0,4e-06,1,1,192
2025-05-12 03:41:07,fd878fa615ecb676ca3d62682642e1c6d3df1779ea8565303cc1fe38815d9a2c,896353,34906855.0,256.0,7e-06,1,2,223
2025-05-12 03:41:07,2c4afa19384618d0572c86bc8a46aeff99a46c13cef42dcd549f8c37129367ee,896353,35152444.0,256.0,7e-06,1,2,223
2025-05-12 03:41:07,8e0f649179a6df72b3c8fd5d14ee90d27bac5b55fc8fbf8aaf3241fe0de59f9a,896353,74185.0,220.0,0.002966,1,1,204
2025-05-12 03:41:07,63784cca9ba3a91b2ca7cf83212d11c11c82d5c28a5e3b68b37fc737473ba7d9,896353,1822464.0,504.0,0.000277,3,2,521
2025-05-12 03:41:07,2b7668f02feca757a2c6c1a13bcbe3ed1bb5c75af236cc1a4efa915486004fc3,896353,70841256.0,116359.0,0.001643,950,1,140640
2025-05-12 03:41:07,70686a2f21127bfbbb4508b9e33821ee92d8e457fba3ccabbae63f48f271fc83,896353,85194.0,376.0,0.004413,2,2,370
2025-05-12 03:41:07,374e1015a71a4aedb1b0e47476bb9ace00455f45d01bc746e097bad85acc06ca,896353,30492.0,322.0,0.01056,2,1,340
2025-05-12 03:41:07,cddc7194b30d8e0c922b2f353cf1442ca2664a41f5b68bd4f8593d7721401523,896353,24046401.0,157045.0,0.006531,589,2,86655
2025-05-12 03:41:07,b09fbaf8746589369bb0456448c710828cd691e903337a64f57a2033e2e5223e,896353,3316900.0,669.0,0.000202,2,2,369
2025-05-12 03:41:07,0b43ee31f615eda41dc90908893374239f16f3b891165705fbfbde06fcd56257,896353,19800.0,200.0,0.010101,1,1,191
2025-05-12 03:41:07,75f5312c0f81cc558c333adfc5a2f178926bb940831eb9f4efb5e4d28983f13a,896353,49800.0,200.0,0.004016,1,1,192
2025-05-12 03:41:07,14d8b81f7cd60a7eaab2e2df7f6fc5df9fe2c7f1dc07075c119666b318e9ae45,896353,915590924.0,282.0,0.0,1,2,235
2025-05-12 03:41:07,9aca6b5613397337ce4f709fd80f0a870cb019234dbc38516dce56b10a516138,896353,2002400.0,515.0,0.000257,3,2,521
2025-05-12 03:41:07,11b7b2a945b2fe997125c38cd9bc477f222d85ef34f612a943529ee491f818bd,896353,4809771.0,1728.0,0.000359,6,1,923
2025-05-12 03:41:07,7e9fe63b5f532ceab2d1af7f4909b57b6f3c49134b39953f86c7b0cd438d7fe0,896353,147895.0,423.0,0.00286,1,2,223
2025-05-12 03:41:07,3218409d8236239ffa1930e600a5dc32e94eedece50cc14d60244788153ba0b7,896353,287829.0,630.0,0.002189,2,2,372
2025-05-12 03:41:07,d7c05b63a87cc7f951464fd72d4198111e348a61bb728fa44ad2a27c60706332,896353,42956140.0,942.0,2.2e-05,1,20,794
2025-05-12 03:41:07,28973f6ed098844a70f84f63b04c23d5ddb6383a3acf10795295074a32573516,896353,38479.0,346.0,0.008992,1,1,406
2025-05-12 03:41:07,84ec738921b45aa55463251b3d745473cf273cc9d72c57c79bd20a63da2d03e7,896353,1019613.0,267.0,0.000262,1,2,234
2025-05-12 03:41:07,9c3de8aa4677808fd240ee8f1ddb05a3b0bff71324322791ca377a22f990f41b,896353,11720672.0,396.0,3.4e-05,1,4,290
2025-05-12 03:41:07,844d6e5aa21600ce11f0fdf768fa08ffa38650a501b9585e419f5ee26015dd45,896353,120227.0,359.0,0.002986,1,1,188
2025-05-12 03:41:07,06baaead85ed4fe695c4cf85177f30c6518eff513fe2c94411bd8e020be474e4,896353,1394973.0,321.0,0.00023,1,2,249
2025-05-12 03:41:07,a5b6501f65846b9356965f8fdb3270afc7eb95bb06ef7b16f394a39cc2c61a9a,896353,9166278.0,426.0,4.6e-05,2,2,383
2025-05-12 03:41:07,30f1466a243b48adb3db2a6ddefb802d33f9a547a2e8d7f3d8fb96f9c656f7fb,896353,647082.0,296.0,0.000457,1,2,234
2025-05-12 03:41:07,8c15425c44ed015c04d2d7b161e625d434bedaee913ba27c4565c8705801faac,896353,120304.0,346.0,0.002876,2,1,340
2025-05-12 03:41:07,81d44456e30c51ed556cbf7d26d7b57c92b29d9ac3411ff31ede74c7619300aa,896353,330.0,216.0,0.654545,1,1,162
2025-05-12 03:41:07,7ad5ceaf91ff1f71fdf45b4d0473e4449019749dd5fa618b5cb405c19265fc03,896353,16789929.0,1039.0,6.2e-05,5,2,932
2025-05-12 03:41:07,98d449177d07d1ff1371a201b300af86d0568ea4705211f69e675927dd02e0ac,896353,17757225.0,502.0,2.8e-05,2,2,417
2025-05-12 03:41:07,ba50223f14c4dda226fab6dbb841f675ca4eaef64552c090de30736a88d0c5bd,896353,21961819.0,327.0,1.5e-05,1,2,247
2025-05-12 03:41:07,08b5e36f3f8d569b54c941e07d6f45504aa8bccb244112ce73cfddb4b28477df,896353,93013.0,264.0,0.002838,1,1,215
2025-05-12 03:41:07,d24b71fe875ff8b17e616a81ef17e74304fc1cb74bb5e6b6f80394368c452ab9,896353,141439.0,278.0,0.001966,1,2,223
2025-05-12 03:41:07,6723600a4f34f9e740cf8360a29345a58de7f8f05c5cb0f8271f8c58b172f1bb,896353,303777.0,223.0,0.000734,1,1,194
2025-05-12 03:41:07,ac428cefbf8ccb4f747434605bc76287dc4f2bdb3ec58aa3fe1639b5de04274f,896353,318595.0,624.0,0.001959,4,1,639
2025-05-12 03:41:07,6bd652ca93f210336a6f3871167ee4c219ded90b0745b6b89b9d4f47792bc37f,896353,924959.0,279.0,0.000302,1,2,222
2025-05-12 03:41:07,e8cac2725fc8728473cbbee481708f4c6fbb50fe959a1acdba8c4086667d2259,896353,237318190.0,279.0,1e-06,1,2,222
2025-05-12 03:41:07,2218d27f2f30fd6a85849c6fe4dba82c551dd2a062a3910e812fa6554692d42f,896353,724621.0,279.0,0.000385,1,2,223
2025-05-12 03:41:07,7e3bbdf7b1e73201e6dcb65f2a07fc22862f42e91c6dc106152e8f178e0cfa2b,896353,3516920.0,279.0,7.9e-05,1,2,223
2025-05-12 03:41:07,7e531bd8b5606dbdb949c3dc75bf2a6655a186f39074e8a651bce39edb5e58d0,896353,377602.0,282.0,0.000747,1,2,223
2025-05-12 03:41:07,3d6cc123220e5dbc5d085444010d1c953cfed8f43af6885446c36679d64c97cb,896353,381058.0,282.0,0.00074,1,2,225
2025-05-12 03:41:07,f6c548ebf760f0ed0489e92f12cfbe6d649e6f1b3f3c3cb2dbb304b19e7873ec,896353,102488.0,414.0,0.004039,2,2,371
2025-05-12 03:41:07,27db2e8e75e3b12d619c1bfa584c39dd0501c18eb82b12195f21340dfa26c1e2,896353,2621564.0,414.0,0.000158,2,2,371
2025-05-12 03:41:07,7714e94b41bdb6d05021fbf945fd1b25326e09218061e435cf0c5fc914b3914a,896353,361475.0,414.0,0.001145,2,2,371
2025-05-12 03:41:07,0b0174c583dae44957083b7987ee50673d1201e0d92aebfc9aed8d122a76303f,896353,9773.0,264.0,0.027013,1,1,215
2025-05-12 03:41:07,4aca9eda0c2fcd913fc543b2b0a8923f10773e9683b30bbd88a680e3e0b5a5d3,896353,56633.0,415.0,0.007328,2,2,371
2025-05-12 03:41:07,c5ad3f0bebd2486d98b772dc79d5428901d0dcf22cc134f8df46368a45ea5946,896353,34195.0,280.0,0.008188,1,2,223
2025-05-12 03:41:07,30ef266cd392c93fedcccb417b3e6d1727a079fbc272891b945cb7d3cef1a78c,896353,414047806.0,414.0,1e-06,2,2,370
2025-05-12 03:41:07,5a96b679c6591b1d4bad6e6f95e143e4cace9c8d0ea78700a915cd86f7cd91df,896353,91708061.0,418.0,5e-06,2,2,373
2025-05-12 03:41:07,ae0a5894e438fc071e31e37123b5523fb99da7ecf4cab40e714751e83fd9bb31,896353,416310.0,418.0,0.001004,2,2,372
2025-05-12 03:41:07,8944839596fc638cd1da91e0ae67939f352619b38ecfdc6f1f92d71a9ee64951,896353,1802994.0,422.0,0.000234,2,2,312
2025-05-12 03:41:07,d00d4ce9ab01b1837e2eb5945c099906c357bac90e565b10b5d024916ebc99af,896353,43301.0,219.0,0.005058,1,1,192
2025-05-12 03:41:07,54cbba6a7d628a834b101d9d6bd1ef2e6df7894fedc377808c15afc83032e294,896353,43310.0,219.0,0.005057,1,1,192
2025-05-12 03:41:07,e34cf4c213b68006b7bfcc8a6548856214b13a61ee293b2b735ca8d1fd10440b,896353,49076.0,219.0,0.004462,1,1,192
2025-05-12 03:41:07,dd82c504a8648d35fe307e9ff192f5a77baf3210aab8b5831d51f5f8cd2e57e5,896353,261204.0,225.0,0.000861,1,1,194
2025-05-12 03:41:07,7522804d52a8656943af443af3656c9e1889f5f99737335207be44ae0740b662,896353,19205.0,225.0,0.011716,1,1,195
2025-05-12 03:41:07,12e944836d0d55a2fba1cb021e52e004a79deed23535ea440e6916d3a59651da,896353,95347.0,281.0,0.002947,1,2,223
2025-05-12 03:41:07,c3f2d77fb73b5c18aae360561eddeb16177fa0349d3b2dd7ebe7cccd8b2e5142,896353,116368.0,281.0,0.002415,1,2,222
2025-05-12 03:41:07,9623bca2504b1afef657c37083410c4bfa6369ad20c8b098b111e5356b2eb225,896353,173118.0,281.0,0.001623,1,2,223
2025-05-12 21:13:18,d97ed441cf392df95c3f3c28bd3bcd087bf11668d354eb8f4be52cee2971defb,896458,3944664.0,760.0,0.000193,1,1,189
2025-05-12 21:13:18,6c0b57e5e71de0a94a8ac15571eb250153dd79f9d6811847d6eb7b3a4823986c,896458,13374280.0,760.0,5.7e-05,1,2,380
2025-05-12 21:13:18,ba284b4cb5830560712f3f944ea61f09da524131f575f9d3b3b170c82e3223b1,896458,49999275.0,725.0,1.5e-05,1,2,345
2025-05-12 21:13:18,efb7df93c1f2dde426acee9df57eb0eaaed7cf2fe8daade987c49c895fee6ff4,896458,2540603.0,572.0,0.000225,1,2,193
2025-05-12 21:13:18,9030001759a1cb1591ad5d975953c53ada13f2dd314413b3170f405dbf72696c,896458,2397376.0,572.0,0.000239,1,2,193
2025-05-12 21:13:18,a03e6330f76a60ac50f69a09b9b710529d213fe37438b15d8eeaf1ed2212012d,896458,2495254.0,572.0,0.000229,1,2,193
2025-05-12 21:13:18,cb0a5d3f1cf95d018b8e44b23c83d15b4d54126f447a4500e1e9feb7db0f2c65,896458,3238.0,2768.0,0.854849,11,1,1232
2025-05-12 21:13:18,8d567d8406d5174532d55a9601608dac6c5136d459fce8c101632fb539ff9557,896458,827663.0,411.0,0.000497,1,1,152
2025-05-12 21:13:18,19230177e0f6aceff5ca93e8a0b33c240d3e1c5b63482590bbc4caea78862a82,896458,249081.0,452.0,0.001815,1,1,192
2025-05-12 21:13:18,d95d22ad2c34aab64923f5007cae33dcf60b13b1ec7b1bfff80bd1348171380a,896458,4998214.0,1796.0,0.000359,2,5,894
2025-05-12 21:13:18,b6472c48a36d8d456c59b803d9186a03e2fdd2e3e493baee8880b5eb8928c61f,896458,434158.0,1973.0,0.004544,3,2,984
2025-05-12 21:13:18,3677c0dac3b01e0d1d55987559ac2347716ca50b473ebef58f4cb47d04b01b52,896458,50462670.0,452.0,9e-06,1,1,192
2025-05-12 21:13:18,4adb5ce79ac42e1f7ac52477180844781ec733eadc631679d73e0206654ec19a,896458,106368.0,675.0,0.006346,1,2,245
2025-05-12 21:13:18,90db0ec6e11940c0b3238c3ff96ceaf81dcc68e1539042d716a38397327282e7,896458,82721.0,1040.0,0.012572,1,1,192
2025-05-12 21:13:18,e3731e381fd392f83a3a32d97c568ebfaba0a95cc4691d71cbf61d0ce1aa951b,896458,128461.0,465.0,0.00362,2,2,370
2025-05-12 21:13:18,6f25e6a96fac70f115052ae3a9e233297dc929859f384ce420a8983c05a48926,896458,117085.0,257.0,0.002195,1,1,192
2025-05-12 21:13:18,711da2c09b159ca4feaf9cbddd02657d5f3880ec8dfa0760f23dbbf244dcfe65,896458,35717389.0,1503.0,4.2e-05,1,9,446
2025-05-12 21:13:18,db9aedf82eeaca129e37eb13f226406f545f0002cb679206434da54ff740262d,896458,142512242.0,972.0,7e-06,1,2,235
2025-05-12 21:13:18,9e84aa9cbb185f88dae6e7b9516ea54438aa601354ba4c48079ef949ca30de94,896458,4127153.0,1469.0,0.000356,1,2,235
2025-05-12 21:13:18,c27f28a22df14e38ba33c8fb4e3d05428af0389d05b5356aa4f1a99283e915a0,896458,4209189.0,1102.0,0.000262,1,2,234
2025-05-12 21:13:18,8e336262272f678b887e00cb9980ace3e13706f8baf0e019cad6cf38a974dfd4,896458,4256936.0,677.0,0.000159,1,2,222
2025-05-12 21:13:18,f07be745445793c55beec4d7b9ed6c04b92fa969769754b246e0afad77eddb6d,896458,4281957.0,367.0,8.6e-05,1,2,234
2025-05-12 21:13:18,92a6e8377a6d54cea78246d8face1309eb404f46d30dfc1be1e91e4434837bc6,896458,4379704.0,367.0,8.4e-05,1,2,235
2025-05-12 21:13:18,0937ef5d5952e84d66b131eb426bc89b19df4b666988e88a05724189cfbf39ee,896458,4398475.0,169.0,3.8e-05,1,2,223
2025-05-12 21:13:18,50f48afdb5e0ab4f314ae8a311f098e645aaac496599a4e339f685babc3669cb,896458,4502600.0,169.0,3.8e-05,1,2,222
2025-05-12 21:13:18,175687706dfcb6958e9056d99d5b7b54a0532963e44b2ec21a6aa879f1201ecb,896458,36000.0,2025.0,0.05625,3,1,483
2025-05-12 21:13:18,8d559290623f927d20da48f6e819450fd2748af94d890f1a865db01e25d68fd6,896458,223866.0,1521.0,0.006794,3,3,560
2025-05-12 21:13:18,4ab7386e395ba95c4f00c6b3f2c4dd0c89139a763646881bff4bffa469102496,896458,966080.0,459.0,0.000475,1,2,234
2025-05-12 21:13:18,600cd62fbcf5f14a2a5a04b15d64abac6d2fa93d0081d4ce8c0646c95c6f3c24,896458,29211.0,789.0,0.02701,1,1,188
2025-05-12 21:13:18,2a9a3642b7932d580d326c037ee96fe0809fe6ac7eee7cafeb40598a7169dfc1,896458,872982.0,643.0,0.000737,1,2,235
2025-05-12 21:13:18,3d950932ea5f5568d07e37d38ad8f5706fd529f85fda968ca98550ed2ff06bba,896458,206438.0,513.0,0.002485,1,1,203
2025-05-12 21:13:18,377069d99df39f4aa0dba19122b644bd1cd387aebb5325d2b40b29553b5faca2,896458,3655038.0,513.0,0.00014,1,1,204
2025-05-12 21:13:18,858ae74cba59a2b4ab49cd9feadbb2f2e2a9e14d46af83075f348d42af058a39,896458,1029487.0,513.0,0.000498,1,1,203
2025-05-12 21:13:18,9adcb82741b9becfef964230a0cf58876712792836bbb01056823ede941c7a15,896458,1947394.0,639.0,0.000328,1,2,193
2025-05-12 21:13:18,77a6110e5a3da43328eee4e8f4cb2bffb61dd64fd05acd76da48a54b7d70c2fc,896458,39480936.0,10558.0,0.000267,1,1,191
2025-05-12 21:13:18,f65a194787134762d674c23fd558d270500c547cd435f84ede3c2a392f077544,896458,87583.0,16035.0,0.183083,2,2,371
2025-05-12 21:13:18,46aee824c17f07c1e14c21f4a26c85ac321b8a7ec2257bbc2a5c8d09fb517f9d,896458,71959891.0,5361.0,7.4e-05,1,148,4954
2025-05-12 21:13:18,2dd66d2ae33afb4ef7194b7780577a9576b9f0ad089619295f28ba085fa38f53,896458,242839.0,1176.0,0.004843,1,1,151
2025-05-12 21:13:18,5713cebfe6ff688f3346421df1ae5550b5bc3f33a10862bad8d738e94c602147,896458,244015.0,257.0,0.001053,1,1,406
2025-05-12 21:13:18,f8f04e15ff608fc4889880d32fb9b099af0b0e3c0559bc9cf0a751a4cd9f782b,896458,2445495.0,357.0,0.000146,1,2,234
2025-05-12 21:13:18,3d6309b208a16659979cd074317dc2329944f0eacc50b67c0d4d13e2f2685540,896458,1403976.0,1588.0,0.001131,2,5,500
2025-05-12 21:13:18,4a43e466fca1e887b01f9bbb9612a747b2d284b6fe5b05e276287049a845102b,896458,1871981.0,450.0,0.00024,1,2,223
2025-05-12 21:13:18,68a7945fd5c3dfb0bb6557d84d4a9405274febe16f41ef6635f978d0717e6dc5,896458,24199400.0,600.0,2.5e-05,1,2,222
2025-05-12 21:13:18,19687522ec752cc0e06906df5fcbc601bd5a3b75c8e9d03a90985d4c59c7ccde,896458,91631.0,1557.0,0.016992,3,3,530
2025-05-12 21:13:18,66d3efc7a2a94bc95004d92cb48aec70f9a729e230dfa6142e4b774894fd21b6,896458,181943.0,459.0,0.002523,1,2,234
2025-05-12 21:13:18,230c0decd72315158e742b22722fba4413b25ae1ad31e1db5b1f2cbd5b55f98b,896458,5173715.0,708.0,0.000137,1,2,246
2025-05-12 21:13:18,adbb2d7a3bbe4753db27eee9ea7ea323b35f79ccc95d84eaae1d90366a55b801,896458,262014.0,1600.0,0.006107,2,2,372
2025-05-12 21:13:18,9e0d090bd8604b6b3a03b0e0db47713c5de18042d734487cad6940231ef705d9,896458,89152.0,612.0,0.006865,1,2,224
2025-05-12 21:13:18,0633b58e43b0abf7163150cb3f701fd0f8163763295179d7c381d94ead6573bd,896458,2755488.0,1890.0,0.000686,3,2,522
2025-05-12 21:13:18,04dd606adb08a676dee04628b2ae4b04ba8adfc188ee0e09dbb54cd0c67ad841,896458,28936.0,488.0,0.016865,1,1,194
2025-05-12 21:13:18,2b0dbfb88404a7625b456b1096a9f67b086f6f8037049f72bfa554db12f3c8f1,896458,967154.0,1046.0,0.001082,1,2,212
2025-05-12 21:13:18,ce67c29cbe17b6324db9807e20174819e01a6607edbde44ae7e399728cf329d7,896458,968200.0,179.0,0.000185,1,1,203
2025-05-12 21:13:18,7bdb993d90fee49495a61f0083c4a5b70934d471f78994653a88b98f7512123d,896458,89542.0,616.0,0.006879,1,2,193
2025-05-12 21:13:18,31283407db588d3e9d2c623f6278aa187d5617ee2d83ce7a9879e38e404f7a3a,896458,48737.0,612.0,0.012557,1,2,222
2025-05-12 21:13:18,44c6fd65fcec9d7ddcbb1d75a9821984e436c437d0f7d95f762da1fd7476a7bb,896458,113358695.0,2373.0,2.1e-05,1,14,628
2025-05-12 21:13:18,de12086cc4bce0872fe44276efcc0841dcd59da3526496436b5532cb22b54c64,896458,56044.0,1464.0,0.026122,3,2,499
2025-05-12 21:13:18,b92578aba62b3f4b4ca5ef58760c225dad219f509ec2f6601814e6d5d56b8ade,896458,14697.0,459.0,0.031231,1,2,234
2025-05-12 21:13:18,b4bdce587241e818e1795c519a0215a3b93ff68de199ab922bb0520c0d29b4c4,896458,98765.0,767.0,0.007766,1,1,192
2025-05-12 21:13:18,9d8dc03201ad3dbbe6f568859428c51c592067fd9f90cb27d2d0ddfe54743b7f,896458,45205.0,2212.0,0.048933,1,1,191
2025-05-12 21:13:18,84ec12027a61ec2d67c106197e0be156f132643d03a5e6bc6d8672b01a65b862,896458,19500.0,2263.0,0.116051,1,1,191
2025-05-12 21:13:18,ce16664a86f6de1a92ae0c978abb851c1762a947faa1fbc05f96130650421dad,896458,244241959.0,679.0,3e-06,3,11,809
2025-05-12 21:13:18,ec3dcd86b61b64cd30611d6124222d0f841473cd21ae4856c6a5111f7265c231,896458,973192.0,1504.0,0.001545,4,2,668
2025-05-12 21:13:18,61a15936b7b93daabc587a1fa8e6a8a8663da6548da70f2849e02074fc52defc,896458,1149864.0,975.0,0.000848,1,2,223
2025-05-12 21:13:18,35340b958020c71f6a778f35720eb396f8496d17f4cf037e5dd2552e8ac98b6c,896458,137310.0,975.0,0.007101,1,2,223
2025-05-12 21:13:18,64ce8a883ae4872b3dc0a8989203b76d3d5e40ac275c9462dc39df8a14728f15,896458,106953.0,929.0,0.008686,2,2,374
2025-05-12 21:13:18,978afc9669b4332f8ee517b92de33df17fc6209f1b727100c2b5541518389161,896458,382894.0,754.0,0.001969,1,2,223
2025-05-12 21:13:18,aa338e51d25697dc9bcc2aa78e3350322d3df814c176b79038e2280d8b6adb1e,896458,476127.0,482.0,0.001012,1,2,222
2025-05-12 21:13:18,ad8ad7ba34144b0d27b2b81ab429c9003ec640bad07fb2a35a87facb0e6b58e0,896458,1499905.0,975.0,0.00065,1,2,222
2025-05-12 21:13:18,6e953b58e1c9825ac37cc93902615017e2af61280608796e52eb12b9cad630de,896458,1922968.0,852.0,0.000443,1,2,223
2025-05-12 21:13:18,1ef0bd33371e5433c022268decdb1da2556e9f3124ca0308ddb240db55af1941,896458,2009952.0,864.0,0.00043,1,2,225
2025-05-12 21:13:18,2ed27f55ac087d919c68170817b32d8168a386da95167421ea45acef7d2bf97f,896458,2724641.0,173.0,6.3e-05,1,2,225
2025-05-12 21:13:18,199e29bbe8bb09f508a0a5bcd7e17c13da4af31a4a9f8310c26565a239815243,896458,58550.0,1218.0,0.020803,3,2,520
2025-05-12 21:13:18,15259e9daba893740b30623c9cbc8989e34aa942856e7ee2bd23ef60a5c1daac,896458,153580.0,929.0,0.006049,2,2,373
2025-05-12 21:13:18,f4bcba953730d185da3a483f9408bbc4fb7696c79a71a3f8c0e473048c94c766,896458,24383.0,891.0,0.036542,1,1,204
2025-05-12 21:13:18,06461b61ba73a13d8ba9f517b3b36e0580448835236f00e62f83f011169f0b03,896458,50397.0,322.0,0.006389,1,2,234
2025-05-12 21:13:18,17119777895a7d9243375ecd4e830407e7156f9a96c2c79849904bb8b19908a1,896458,7377078.0,1685.0,0.000228,1,5,315
2025-05-12 21:13:18,790afae0671a5e30fb54cc2275567251a65cd8e327948aefa653928a3b081161,896458,8487554.0,244.0,2.9e-05,1,4,284
2025-05-12 21:13:18,99f0efe148cde1efd7417dad138b5556a0a1b8835f5816b397d623ec3c61d9b2,896458,1740165.0,929.0,0.000534,2,2,373
2025-05-12 21:13:18,fb1dc7b89c2a18271af9b4fa0a38a84274d9d4882e0b9fce0e988a13cd1f6b9d,896458,144486.0,929.0,0.00643,2,2,373
2025-05-12 21:13:18,efd858279dabec8bb221bf4435a8d0e33229c2b9bea21eedb89e2675f30cf06f,896458,36147532.0,929.0,2.6e-05,2,2,372
2025-05-12 21:13:18,59dce564be5696036b2ef311c5cc38c6e5205f9e46752913cce23a90641ec53d,896458,1894285.0,929.0,0.00049,2,2,373
2025-05-12 21:13:18,e4686aba093e6dffb836a714d11de771704bcab7e53de4d788409fb759f5dae0,896458,259340.0,488.0,0.001882,1,1,191
2025-05-12 21:13:18,29e250a92a832714ec8532ff07b55d1c46a91111d3e0db2be4ee158f85e9b8a5,896458,38348.0,488.0,0.012726,1,1,192
2025-05-12 21:13:18,ac157879c57ff7bf239dd8ac64bfdfed6a35c7d5b83139d3853e16865bda7bc6,896458,28531211.0,1000.0,3.5e-05,1,2,225
2025-05-12 21:13:18,2306d1beb65dbcac49e3ebe819968008eac7e2ee9213d06a7bfc9d3beab7bb61,896458,258282.0,929.0,0.003597,2,2,371
2025-05-12 21:13:18,f0efcb4a8228bcd699b4f9b329869d1d4c11faffd0bc22adfbefc19d6a8ae041,896458,78042.0,929.0,0.011904,2,2,372
2025-05-12 21:13:18,2afba2a3c7b3c307780a53c2dbe9cfcce4507a68fc8b37a7b7946dd94a92f622,896458,5143254.0,929.0,0.000181,2,2,372
2025-05-12 21:13:18,e448ccac6d3c418e3364a6cf5d243f8ab3073cb790bda73e8d2c5d4195a03809,896458,318589.0,929.0,0.002916,2,2,371
2025-05-12 21:13:18,51558a8d3b08949e430e62f8f29a4e90bd36951117cfddc916f2c1dd57d33bf2,896458,56883.0,643.0,0.011304,1,2,226
2025-05-12 21:13:18,4d9d6a92dfd7a444c5c4806800aa9880d2e47294e22d28d9eb92f5560f7173be,896458,1176816.0,643.0,0.000546,1,2,225
2025-05-12 21:13:18,0ae56f85c29c4cbdd45f8247f8fe4e224d7b2c36023dd0edb398d96ae2cbe1b2,896458,241375.0,643.0,0.002664,1,2,226
2025-05-12 21:13:18,476b774fd8491f1e9ae440b890a2998d6ea7282ec557fed3bf3df8b709ff37b2,896458,107843.0,643.0,0.005962,1,2,225
2025-05-12 21:13:18,b88babe3419d524550e9dfc1dc7162130ddeeacbe3004ad0a46685d67cb31557,896458,1068444.0,643.0,0.000602,1,2,226
2025-05-12 21:13:18,a5e8ceceb32240866c728378e12e837894a1fcf6acb2156af664a2ae31a75f51,896458,2167831.0,643.0,0.000297,1,2,225
2025-05-12 21:13:18,3c6a384ced12e32549387c4d00d15b65e6f329fdbb43639a527d1504ad04e24c,896458,21934.0,643.0,0.029315,1,2,225
2025-05-12 21:13:18,623791320ba166a945539172e35d2df9c6ffdace2661e71fc01fa7ffa6b31687,896458,966707.0,929.0,0.000961,2,2,370
2025-05-12 21:13:18,eaca68b716828f644d3599febc7ff25550992fe9aaab1a018eb4eceb5c7e2382,896458,240769.0,929.0,0.003858,2,2,370
2025-05-12 21:13:18,151d44dfec123d69a856f3199a028e0cb259b737bddb9a945646b3ba4849751f,896458,236618.0,929.0,0.003926,2,2,370
2025-05-12 21:13:18,8e0fb4cab5d0da0e9d2da541747072d6e95d5d50c15f76216591ab147efe044d,896458,93464.0,1246.0,0.013331,2,1,259
2025-05-12 21:13:18,d60afb182d45e2ae6ec6a7de6577642a0e661b5047de30951ad6a53ab6ca0e0d,896458,93949.0,224.0,0.002384,1,1,405
2025-05-12 22:00:06,dbe1a77c20a4e1640cb35be6c9b02b8c9ade11fceeb58a5058081b0cdf1298f6,896461,2651737.0,1639.0,0.000618,1,2,222
2025-05-12 22:00:06,ba8f63dddaf9b09ff03578be86fc081bef0006416fe8e749ac6dfa30c208ef54,896461,102654.0,1706.0,0.016619,1,2,223
2025-05-12 22:00:06,ecd9bdbfd0d97984ba208e52d2f67cec2451558a8f8aeed53665efa5b6079310,896461,34019034.0,1840.0,5.4e-05,1,2,223
2025-05-12 22:00:06,17cc82057dfe40ae4f5fd31e076f0c3468ff42e1ddb1bf04e12dfe4648472d53,896461,34824310.0,322.0,9e-06,1,2,222
2025-05-12 22:00:06,d75b8c091c0b5e02edffefae06a3a1812b9b55bac2fd658583f6929f99ae46cd,896461,156870.0,1112.0,0.007089,1,2,195
2025-05-12 22:00:06,dc83901640e4c35c8129f7a8f079430b25e788a1ba0cd0d599900f89ebf9fbc0,896461,285889.0,1625.0,0.005684,2,2,371
2025-05-12 22:00:06,a312525f13a525defd04394ac980c4f512c82ccddb6fd4c13925c1769503a585,896461,338615.0,1125.0,0.003322,1,2,225
2025-05-12 22:00:06,7da8f56a065ff580670043443ecd871a36400aacfe17fa8ee904754eb58c95f5,896461,75354.0,1397.0,0.018539,2,1,341
2025-05-12 22:00:06,cea4fe25f2fbb269a924d04a0996d205a2ec51fbe8dd06e4d1ef8e3644a8d668,896461,84487.0,898.0,0.010629,1,1,195
2025-05-12 22:00:06,ccd3b91922c220aabcf31b12682b30db414dad38b6a5ae9b38bd37886cf78244,896461,664251.0,1146.0,0.001725,1,2,226
2025-05-12 22:00:06,04b99c93c667ddc267696a55da30853a13c67ed8197a6f1b3ad6b61b59b8fade,896461,637789.0,1125.0,0.001764,1,2,222
2025-05-12 22:00:06,9a14d387e527c98f1abb239cb2bd2f2746de5b4d83d84ee8484228a36936f2be,896461,4243555.0,1125.0,0.000265,1,2,222
2025-05-12 22:00:06,21acec4d09be8922f1dd8a4966b2d838a4f9d5d71c84a8348ae144e1a3a4579a,896461,48582.0,1125.0,0.023157,1,2,223
2025-05-12 22:00:06,dcb176621426339d42125afd2dae9e2d9a4d9a9c6c115c2c891092659a5edf47,896461,980872.0,1125.0,0.001147,1,2,222
2025-05-12 22:00:06,ab189a6483006a5da0b48a2565e9fc24c1dfe508849ae4627e9dcb3a052c1f6d,896461,11990758.0,1696.0,0.000141,2,2,312
2025-05-12 22:00:06,35783045fa3d4cfddfbd6267ebc880c9d51b55f9c015e4466063838c4c5f7b0d,896461,241501.0,6016.0,0.024911,10,2,1556
2025-05-12 22:00:06,978af7724ecec01d76542ec82f6ef06486dd1d273aae4a6878bb57a9a95e91d2,896461,90407.0,897.0,0.009922,1,1,192
2025-05-12 22:00:06,dbbe7f04d7d51f91bc65be5c40b7dd4078427aba02db9ace303805f457e2133a,896461,6867.0,897.0,0.130625,1,1,192
2025-05-12 22:00:06,90ed62909c23f87147398bbba2a5f1350cb59b4d7bd5bc9151a19f9988b85258,896461,847338103.0,897.0,1e-06,1,1,191
2025-05-12 22:00:06,95b1b6faf4720cc21c4f3e9e089c243d3436249ebfff4fb2911f44cc9a4a52c1,896461,1306791.0,1184.0,0.000906,1,2,223
2025-05-12 22:00:06,7d40d1915b475a38bb563dd7540e57e255a7846614912d734742eff8384c19a7,896461,525533074.0,2797.0,5e-06,1,8,415
2025-05-12 22:00:06,3835458db62920299928c2ac63375aedf418a9e7caac27ce758bcafcdba2a61b,896461,81944751.0,1210.0,1.5e-05,1,2,226
2025-05-12 22:00:06,b004585087a24d1742c9d370ee6a82b10d0e1257d980326dbbd36937c04c2547,896461,82044477.0,1210.0,1.5e-05,1,2,226
2025-05-12 22:00:06,493e3af529abc6a83a80f54a8404d4c4460e0536c95141c6aa8bee85333710bb,896461,5420178325.0,6417.0,1e-06,1,21,832
2025-05-12 22:00:06,ab950d03c92416a8c4f252e5e0a22d5a5e5c85e5327c2814086c45885f2d1eb8,896461,342349675.0,960.0,3e-06,1,1,191
2025-05-12 22:00:06,0427589f599adb70d5ec634041202a41e10ee2c7d352e776aa8fe65259fefb9e,896461,10147524.0,3040.0,0.0003,1,4,345
2025-05-12 22:00:06,e4e1c8b0a31fbf99544b9d9db45edd4a8948b3d988d229bab9ff4c01457dd1f2,896461,123110.0,1355.0,0.011006,1,2,235
2025-05-12 22:00:06,6afd03ae61fe6f520dcaa94e10f496fd7454a8b073a35adb56beb096833c3e3b,896461,3570864.0,1263.0,0.000354,1,2,222
2025-05-12 22:00:06,f0f6df1caa96f6666f4bf487de4a612bfb530cb8e006fd33a6a695c83e40e72c,896461,32530.0,1000.0,0.030741,1,1,191
2025-05-12 22:00:06,662013491e1335b20115a86f849f664b0ce6f7e89fccd76289fdb1aa47408a59,896461,26961.0,1022.0,0.037907,1,1,193
2025-05-12 22:00:06,e53e80a182e76708a2dc0f386291fb3b0d4d72f65c31c35ecb1486dfed26a1fd,896461,46824.0,1045.0,0.022318,1,1,191
2025-05-12 22:00:06,cf98adf33db2377c72b43b76270b537d734b4a2ba672bb2a1511e4da166041b3,896461,156032797.0,12147.0,7.8e-05,8,2,1255
2025-05-12 22:00:06,a86bf789af09842faf3880e3d2c4eacbfa3b5bd5b360e367d7cc6aadc072ebeb,896461,101078965.0,1410.0,1.4e-05,1,2,222
2025-05-12 22:00:06,7c2d765bbdb55370936079c4079ba58fd33bed687b70e914fc229bd5904373df,896461,774179.0,1890.0,0.002441,2,1,351
2025-05-12 22:00:06,72ad6dbe8ffa4278da12876518fe86ec0ec0e281bd276879f014127d89c850a4,896461,2299375.0,1750.0,0.000761,1,3,253
2025-05-12 22:00:06,8d5b230e9f6ce76ef4dd86db0ffd9562beb3ff9e3df67ea9f7cba4f495d9adc6,896461,3111125.0,3070.0,0.000987,3,3,549
2025-05-12 22:00:06,833163e8853e4d5404354053510bb97768e3f02b196fed10788bd3402cf6eb72,896461,3569195.0,1750.0,0.00049,1,3,253
2025-05-12 22:00:06,c85f6e3a8ecac2110e32e760bef56d2baec7698ce9447a96584f891c8c3a954a,896461,4988394.0,2785.0,0.000558,2,2,422
2025-05-12 22:00:06,3344b6c37a46cfd2396f50ccf43c5d31097c34b23b1077e95a9cc442ac60771c,896461,147725023.0,1532.0,1e-05,1,2,193
2025-05-12 22:00:06,ffcb1fcb1aa24a4bfa95ad51e1c7cbca80552d7953cc77d9254e7c41052588cf,896461,10659.0,1187.0,0.111361,1,1,191
2025-05-12 22:00:06,5d084e2fd6a509fc9b43bcb01470f1bb0064449707d55f9b3f638207fdcca2c0,896461,137808.0,1187.0,0.008613,1,1,192
2025-05-12 22:00:06,9c533decfa98e0dda23298cf8cd90024d4fbcfc57583e0e3f1943c188e321fa4,896461,10506710.0,2710.0,0.000258,2,1,351
2025-05-12 22:00:06,c20d9617c064ea4fb766df90d021be8841ebd339d369a7794284a91b9aef25fa,896461,100893501.0,2710.0,2.7e-05,3,3,549
2025-05-12 22:00:06,edf4e577b3b2ddda597f2b5d1f6b5d9648f4a9bbcfdf79256f8af35affdc3b66,896461,91396404.0,2277.0,2.5e-05,2,2,370
2025-05-12 22:00:06,1fa5efd23e7067f02815b91e613ea2871902de4f7b89f0678509a0c9d9117f38,896461,127998439.0,1557.0,1.2e-05,1,2,224
2025-05-12 22:00:06,610a3544a40d66aa46092c38cf0e0cd9505ef0a5aee8b2460f23dde7e2c63dcf,896461,223888.0,3256.0,0.014543,1,7,377
2025-05-12 22:00:06,2f996bfa75abd5aee66c0bd15a1a05b114c5f89e859d467a5396bfad50ef44c3,896461,36821.0,1584.0,0.043019,1,2,225
2025-05-12 22:00:06,93442e346f1e7b8a200282c28e17ddcd8af9a0222e1a0e9ac600cd26a1d96ebb,896461,387109.0,1551.0,0.004007,1,2,222
2025-05-12 22:00:06,c885f509f8fc531f049fc05e56de6861e6973a3c9adda89632b564e242eee08e,896461,154682.0,1584.0,0.01024,1,2,225
2025-05-12 22:00:06,480a45d12e78e00008be9b53ddfcf05b518328c1ab5c7133d40f32c552f84233,896461,212503.0,1551.0,0.007299,1,2,222
2025-05-12 22:00:06,0a2175a8f5639ba9332ecfcd6cc6e7beacc8799844995595a75eb3289c2cc01b,896461,360152497.0,3801.0,1.1e-05,1,4,345
2025-05-12 22:00:06,4c201d5e41f083ac602bc8c2b5f238a1cabe96697f883786a7ff5da99c92fa46,896461,65284387.0,2453.0,3.8e-05,1,2,222
2025-05-12 22:00:06,7be44f84e97032c630cef0c33ad8f7a7d783820cddf8e23806c5172ecb751f8f,896461,2485210.0,2486.0,0.001,1,2,224
2025-05-12 22:00:06,b122ef1a5149be00933c5758eff1def1389fed690cf2f706a0c53708023fcb76,896461,13092645.0,1601.0,0.000122,1,2,225
2025-05-12 22:00:06,691195f0f6ad5b5bd93ace2f90a6b1381436be28da3fbeb162c53f0e4d07ae43,896461,99997559.0,2441.0,2.4e-05,1,3,297
2025-05-12 22:00:06,5f29c3730004569aa36c95137d17dfff96800703c3968b6f0a1145e5796828c5,896461,184428.0,1619.0,0.008778,1,1,306
2025-05-12 22:00:06,553640544eb263a1431e083f8be15ff61a31ad1a29c165d4e435b002baddea02,896461,2991262.0,3718.0,0.001243,4,1,637
2025-05-12 22:00:06,a282e659c3079a4717c9f90bd4a1fef0d1d0d3c92aa6801dc4008041bb8e2998,896461,252983.0,1686.0,0.006664,1,2,222
2025-05-12 22:00:06,8f4dc8a00e2ed4741cec549ad62f156ff7d0338d331b94483b33e953ccb7fb47,896461,101396.0,2434.0,0.024005,1,1,461
2025-05-12 22:00:06,2af01accc83bf968d7e167962b833a43cf876562e5b6cc2de2f558434c1d0493,896461,1106941.0,1692.0,0.001529,1,2,222
2025-05-12 22:00:06,1fdea7900e3d65bb6ed50864ce6964b104df5b0229d3df5e1723f296507c64a0,896461,831009.0,2156.0,0.002594,2,1,340
2025-05-12 22:00:06,30f586e322bc3f5a96d6aab9e3a4d6366e8de22c07b6e2e3a758708f643f603d,896461,98201329.0,16011.0,0.000163,1,36,1493
2025-05-12 22:00:06,1db694caed59f80d24052ec02ef9f0f589205a6843dd51fde5653930b32b0c27,896461,1967762.0,10887.0,0.005533,7,4,2211
2025-05-12 22:00:06,2c82ef463276c36601e2d96c66736430e90341d2cab8199e07e974f38eb896ce,896461,15633168.0,2348.0,0.00015,1,2,381
2025-05-12 22:00:06,6c792a92387b0212efeb724c7243bf785f10e27611a77e5c4bb883c1c8efcfab,896461,1179243.0,2348.0,0.001991,1,2,381
2025-05-12 22:00:06,2c10814ff2aaf3b7a45bcff7e5ca352dc9c3f6d2f899bf6c4aa134dbf300a511,896461,1028241.0,2373.0,0.002308,1,2,382
2025-05-12 22:00:06,78ff8c3c3ed9c570a4c8130e871bdf339aeb1d465d0845fccc7f725b8a846ede,896461,1456055.0,2336.0,0.001604,1,2,380
2025-05-12 22:00:06,583b01b82043825bd7489beb50e2495131eb98d21d86cc08c50ee5bebe1ff257,896461,9692939.0,2336.0,0.000241,1,2,381
2025-05-12 22:00:06,c29bcb0f66fe41bcc3df267c70601482a0c7be673820856eb1411795b6b9150d,896461,2535423.0,3626.0,0.00143,2,2,673
2025-05-12 22:00:06,669e5ac1c1873778ad6877c63d6599a227c38917441ea95900123608afa1d87a,896461,5279758.0,1375.0,0.00026,1,1,193
2025-05-12 22:00:06,e27fbd8b58c9846dfbc7b598b4f83ba2ac2b3d04d03bc832d731ebafd7d7d7d4,896461,49997183.0,2817.0,5.6e-05,1,2,417
2025-05-12 22:00:06,6c1f1837e61389dd01e6bc4cdbced9eb74e1ffaf8be0e3ee94bbbc3af13a207b,896461,3318691.0,1375.0,0.000414,1,1,191
2025-05-12 22:00:06,58399ca3a42975a861089d847c4e603bc23b51f8572ab7062cf7fb0fdc365d47,896461,2477754.0,2280.0,0.00092,2,1,343
2025-05-12 22:00:06,276919ba78b7e2588b5226ffe0405e3af7fd9ece9476f3b8c60ba7fa02020792,896461,10733.0,2679.0,0.249604,2,2,372
2025-05-12 22:00:06,f0e8d7a8e5b0f82571661afd613755026d9b123f99d6bc106360b8511dc66235,896461,1092.0,3070.0,2.811355,2,3,336
2025-05-12 22:00:06,daaa80e017019c61c15a2fb51e50da0254ffb3809962edfccdb9c9b011d32e67,896461,450000.0,2330.0,0.005178,1,2,333
2025-05-12 22:00:06,6c8d9c9eebcb3ddc6d20f602958346e33bc93b2e7b8d95ecd755fbfe749d2467,896461,11233414.0,1986.0,0.000177,1,2,224
2025-05-12 22:00:06,6ec5ae061b87d7c4656bc917f0598a1af83aa904d796ea32474a266c170f18d6,896461,77115.0,3431.0,0.044492,3,1,489
2025-05-12 22:00:06,94287524e39776a03a3d4c3372d5e800ff33edcd5defc0cbb9caf813e1cbd48a,896461,2876635.0,3192.0,0.00111,1,2,226
2025-05-12 22:00:06,3e9dffa4ef475ab33c0dfd2d0f0bc6f90a200e1c94fb2c4eda925b9369318025,896461,22781.0,1605.0,0.070453,1,1,194
2025-05-12 22:00:06,0cec74b229906ac87af0aedaae4e9fd7e76282cabc47a575f9d146d93f04def4,896461,1689593.0,14295.0,0.008461,10,1,1759
2025-05-12 22:00:06,9960e9f52ae385fc64244e5b725c370016cf7d964f8c2ac03c3e5c331f53a799,896461,795084.0,14295.0,0.017979,10,1,1759
2025-05-12 22:00:06,ba8742b2f9c416fcd92876faf14c72449dfa3b692457b374e28fda6272dd1381,896461,3328877.0,12930.0,0.003884,9,1,1588
2025-05-12 22:00:06,d60e9baf7da0dfad18ec2d9f7367691852c29214e040b8f412f5127fa06651e8,896461,45349538.0,15660.0,0.000345,11,1,1929
2025-05-12 22:00:06,9093e4497d48bb12f6ed4ec94ec4bf5acafff4bd182ae63c97593425bb258316,896461,5950.0,1697.0,0.28521,1,1,192
2025-05-12 22:00:06,d9611d6a622c44048f2b107d7207c3f1b97c0deba8e70759fc524a4d3f3ba96b,896461,4897077.0,4751.0,0.00097,1,2,245
2025-05-12 22:00:06,8c039ad9cc84f23cf15a130573cc65a3c1d37d9876ad3b87d4ae9ae7633de17f,896461,4901828.0,122.0,2.5e-05,1,1,192
2025-05-12 22:00:06,7d301c1f2e59469612ce74ba2740d0263c467bbf0ea74da5bed4920d39527a12,896461,165085780.0,3995.0,2.4e-05,1,2,222
2025-05-12 22:00:06,fff64685c4f20af7547dd825b555c85747636c70201d16688e3fbd4d78f09b8a,896461,258500.0,2000.0,0.007737,1,1,191
2025-05-12 22:00:06,5cef1708d58689a81fd8d04a887db60826ce5c75ff003ba209c14ebbe2238583,896461,901140.0,3859.0,0.004282,2,2,371
2025-05-12 22:00:06,d197c111afada3709f798863fa84f89e8e01e1e1d4efecc317f1674cbee18ed0,896461,46544.0,4047.0,0.08695,2,2,374
2025-05-12 22:00:06,82bcef8a01a5f8c0e63ab9113c3bbd891c8cfb02b5ddb25c8cd5dbfe9895ecb6,896461,4897110.0,3216.0,0.000657,1,2,234
2025-05-12 22:00:06,d387cdf9cf2ee2829fc9ee169de7a1a9449cf36a0bddb60f4919fc370584950f,896461,42857.0,4011.0,0.09359,1,1,189
2025-05-12 22:00:06,8c504c8a65bb001c927b582d521f2c1a61d2743c8faef25b10306f3c995529d1,896461,233086.0,3266.0,0.014012,1,2,224
2025-05-12 22:00:06,d96c6c02f83351cd35f7da13163f3695b02288c96b5377f3e41b45e483b2eabd,896461,206617.0,5175.0,0.025046,2,1,387
2025-05-12 22:00:06,f8e21c34e1b31b95080fe8bd2ff3884d8a25ea7c14a88c6ef764f9899c617f9f,896461,175959113.0,4761.0,2.7e-05,1,4,288
2025-05-12 22:00:06,070bbc3d27995ee3d38259d737a4e1ea096da01b35a1dc1a594e91e761b3ea84,896461,5176788.0,24012.0,0.004638,11,1,1933
2025-05-12 22:00:06,de7bf4e98e2fc923fb1a6afed655041b45d3f33f0efc21edb4b43fde87b01aab,896461,31702541.0,5704.0,0.00018,3,1,489
2025-05-12 22:00:06,04d436ffe9ba510d677a181ce7e0b58cc3f361f6da47f858965c6c5179ccb22d,896461,139516.0,2562.0,0.018363,1,1,191
2025-05-12 22:00:06,60602258f267b0bb0cca7c3d001ce865538cdab7f637bf1159b5876c6ed8a3aa,896461,22326.0,4385.0,0.196408,1,1,188
2025-05-14 17:09:36,c46ebf453021ae12b4c208432974a735eeb91276e46c4203f25d74cc7f2d3153,896699,209562.0,322.0,0.001537,1,2,223
2025-05-14 17:09:36,dea9efa60456990b68e05b9acdc840ec71071952de273b7c914176f50bd68341,896699,4127140.0,322.0,7.8e-05,1,2,223
2025-05-14 17:09:36,3c809ce9b732dd5698fad9bd6a2a8c78da02f71036cdf8f6e9124e3461284325,896699,1867854.0,322.0,0.000172,1,2,223
2025-05-14 17:09:36,28642ec892e3a19c45f97dcac2a285cd6a9ca38ebb519ec051ffed0c2573b474,896699,35000.0,775.0,0.022143,2,1,338
2025-05-14 17:09:36,845168f52df60ecb7e8132fa44d8cf593b8a0bab13d691f5e68a51986b331387,896699,2171352.0,352.0,0.000162,1,2,234
2025-05-14 17:09:36,2b1080589c366e0f3049849f0a8bf4441288e8c5345a08c6ade8c561df82dd8c,896699,507104.0,488.0,0.000962,2,2,374
2025-05-14 17:09:36,ef0d18d7bfb16dfbd60cd275de795cc6422eb18b6cf1567d5f684db9bfc027a9,896699,27719.0,257.0,0.009272,1,1,191
2025-05-14 17:09:36,631fdf9c0893f68f49eff575b80e64d745e5e3f3cbdb7c5512bd7a9e4606c500,896699,124579.0,322.0,0.002585,1,2,222
2025-05-14 17:09:36,c2d45d4a7ec4e76c2087ee82458ef077888edd17c209968ce267cecdf6678739,896699,5994742.0,21438.0,0.003576,136,2,20201
2025-05-14 17:09:36,dbfcc69fcd7e2018b337a9873b54a99eae9bf288f8c6a60d287bf64561553c6a,896699,36912370.0,326.0,9e-06,1,2,222
2025-05-14 17:09:36,67da2941a4bd01b808d859165d624b2904cdce70bda73234d72a660498dce821,896699,721616.0,257.0,0.000356,1,1,192
2025-05-14 17:09:36,86d6bc9255a180452e9271a5a880bc77f9ad67ac4dfb06808bfd891aab1b129a,896699,178742.0,790.0,0.00442,2,3,697
2025-05-14 17:09:36,0d0c6a24af6f6e7c0dc3fcc3a8559d615d9c06564d756816f10e0e8981e10722,896699,104387.0,788.0,0.007549,2,3,696
2025-05-14 17:09:36,164ec879d15036f187e536e5f4f687b314bedf437ff1449d87c88b98f46389fe,896699,1642399.0,357.0,0.000217,1,2,234
2025-05-14 17:09:36,d030a3c0dffb1a70726322ce96c04497f699be0250d213b991899564bcd5daf5,896699,1577544.0,357.0,0.000226,1,2,234
2025-05-14 17:09:36,283b4b2e51e1a110d4de70a378a09ba3e10edeff1bbace8d9314ade8b0df96f3,896699,1113728.0,357.0,0.000321,1,2,234
2025-05-14 17:09:36,f7d56353fd8294606adef4b46c52e21795b6500fd728d757138c6731cd32e9c3,896699,1317628.0,357.0,0.000271,1,2,234
2025-05-14 17:09:36,7a2ebb4487d4754223e08172c7c4f3f6f4ebeba117e37c8514d2b40264d2bba2,896699,1099435.0,357.0,0.000325,1,2,234
2025-05-14 17:09:36,b415eb2f38ec0ca628b4f50d9c4b939b5f822d654da4f883e2f5b39c94019823,896699,1548069.0,357.0,0.000231,1,2,234
2025-05-14 17:09:36,229dd0b597fe9042eca4299e799ae53460d75b7a1438061576e138b22b2f4ce0,896699,4915105.0,488.0,9.9e-05,2,2,372
2025-05-14 17:09:36,c7739d8373b4ea419e274a222177934f26ecbefaf5f0d9a0b9d61f9b3ae9bbdc,896699,650052.0,257.0,0.000395,1,1,191
2025-05-14 17:09:36,2970f40fa031f7e21578486bc94d5b73e25d6426613ba71217ff955ada0326d8,896699,28796.0,257.0,0.008925,1,1,191
2025-05-14 17:09:36,038496c0e3d3faca814c87d80afcad151c94cb48ba909b54ea5fbf243a37e0ab,896699,4780.0,257.0,0.053766,1,1,192
2025-05-14 17:09:36,ff17ed94b989e48063e1418ee5cc64f37a7f2f7c7d5c75ab16cc401d879a57a6,896699,185784.0,257.0,0.001383,1,1,191
2025-05-14 17:09:36,826e13bc8bfda12d92b7e2d331ac86dcb34301619dbd9ea24300f39ba7085781,896699,814643.0,257.0,0.000315,1,1,191
2025-05-14 17:09:36,df0d87e7f360451feab8ff636f971e258c49298500e5ecb3aed34267c6a4c07e,896699,48048.0,257.0,0.005349,1,1,191
2025-05-14 17:09:36,3b080afc8d80f42cd30596b1ac9ca0f16edf165ac0db35722f5441135e427461,896699,2838621.0,257.0,9.1e-05,1,1,191
2025-05-14 17:09:36,32f72baa854971b2dec6ba2ecf46c081a829d21701c2eebc131bcefad9862c5b,896699,306732.0,257.0,0.000838,1,1,192
2025-05-14 17:09:36,67b20a9e2c132217bf16bc5ae4cc9ee05a07295910f1df317523f61e95c1b552,896699,2219490.0,257.0,0.000116,1,1,191
2025-05-14 17:09:36,4f3334fe4cd4621f03aa3da348eba65784d1e4a38e19a4c7d38177b852486214,896699,55138.0,257.0,0.004661,1,1,191
2025-05-14 17:09:36,a4126f6ef929f3d62e0301f6e563b467a858c37a0ee4c9e63f17a42668fab80a,896699,2464739.0,257.0,0.000104,1,1,191
2025-05-14 17:09:36,49511fc93472c4e58859d1f72bcd675b6fb63f3766d343b2b03dd2ac0443d105,896699,52887.0,257.0,0.004859,1,1,191
2025-05-14 17:09:36,99510328797627dc6db8b995716cb1e60f7adb2227b9eaa394829c7bbe176ae8,896699,4925600.0,330.0,6.7e-05,1,2,222
2025-05-14 17:09:36,ceaa3e90e93a241545611f60fb2d3d9f699233a70408e4a1a81f4aa0676c726a,896699,39421000.0,312.0,8e-06,1,1,215
2025-05-14 17:09:36,ba74da1a9a5847f3db1e617818fa74a864a130883bf27ec16d0944f86c5aab0c,896699,466879390.0,2671.0,6e-06,7,3,1135
2025-05-14 17:09:36,f2fac98ab19517d69dc7702b88fd45299968c13f5098c49e97c6d1b60e7acc46,896699,1578926.0,613.0,0.000388,2,2,422
2025-05-14 17:09:36,c60cb293d6d9cdffd87c90308e25f66f921b487edb81fc879e7fb6ae335a50e1,896699,5653732.0,5677.0,0.001004,32,7,4965
2025-05-14 17:09:36,576177eda4a2fa51f82945618690025bb009d59620615b22d49ed90f27f4aafc,896699,68102.0,391.0,0.005741,1,2,246
2025-05-14 17:09:36,1280cf91032b98f986f995ce8ba1707d314b125de97331eab676e30bd2f68fbf,896699,1546821.0,391.0,0.000253,1,2,247
2025-05-14 17:09:36,913133366e68f743f57d1a708685e2b2e18552b439d0fabda50cace23375d82c,896699,146135.0,391.0,0.002676,1,2,247
2025-05-14 17:09:36,2cd1cc6b9ce92798b67e5ebcdae9d9598f98cdce48797385ff9c5e7f6e81b4a5,896699,557817.0,2270.0,0.004069,1,2,283
2025-05-14 17:09:36,ef146b2978b01d4570001a6a9541d90c7ef4842d5fad6b1a7b95a9e4e2422a89,896699,560087.0,460.0,0.000821,1,2,283
2025-05-14 17:09:36,72c7d4758e429183999a81118d135245c60164b3cab478971e80b3b7f72fdc89,896699,560547.0,309.0,0.000551,1,2,283
2025-05-14 17:09:36,7369d06594486e971d207c0731261ff652ab4d89b8379a0c35ee8e6d599ad5bc,896699,560856.0,390.0,0.000695,1,2,283
2025-05-14 17:09:36,e2a2680f4e7fbc4022d8d63b860c4c8f5e0c01c7b5b0f7c8ba06eebe852fb898,896699,561246.0,304.0,0.000542,1,2,283
2025-05-14 17:09:36,4651606f60d8431ecb82dbecb48d76e0c5880cbd2630d9da06e45dc5d866fa43,896699,561550.0,292.0,0.00052,1,2,283
2025-05-14 17:09:36,4afbe9a11f613146da993561b8ad98c2f0f21395cb669f96030b9d45a072fe16,896699,79071760.0,339.0,4e-06,1,2,224
2025-05-14 17:09:36,18385c95a7d8173992f0424e95b7d2d256e70d822460bc5e41b4ffa922151fbd,896699,3007961418.0,15343.0,5e-06,16,2,23601
2025-05-14 17:09:36,a98bfc6735b8d8de3cd0935d9775da8cbbce1fd9477412b3ef6d354e5a65dbf4,896699,2589521.0,338.0,0.000131,1,2,222
2025-05-14 17:09:36,3b54cd09e59d4b071d11c2fa7647d96980660427b7a607ae96593dc8a67ef9e9,896699,19715322.0,338.0,1.7e-05,1,2,223
2025-05-14 17:09:36,d4b5798b4e9bacdc256b913a8a9c63d93de013664d9f673343c1663d680509e9,896699,350013.0,338.0,0.000966,1,2,222
2025-05-14 17:09:36,0707f3ee38767aa0635f962344b5b5704106a2e7885f67eb4d4a03fe79a97ed1,896699,86528.0,338.0,0.003906,1,2,222
2025-05-14 17:09:36,70ffa4f613bf5d3ac75e63b3f334d270873bea8b989b6f31eeb320c3979b85ca,896699,14786.0,338.0,0.022859,1,2,222
2025-05-14 17:09:36,36bd250b6beee2510555ff34ce91f8fcf903e3c7695ab2760b38cd1ac1383db7,896699,84120674.0,338.0,4e-06,1,2,222
2025-05-14 17:09:36,051c07e31a9eb9e536e0899f73cbdad91a1aa7af1c2353c4cb85d30535d39ea3,896699,90152.0,338.0,0.003749,1,2,222
2025-05-14 17:09:36,e7e0fd66b73455a7cdd17e14e76b8e834ac02f2d6fc70bc70bc1b3cfcb061c9d,896699,14225841.0,338.0,2.4e-05,1,2,222
2025-05-14 17:09:36,30a17eaac760a92522b78270664770bf4499e32c3963f380e20c0f191cc48f6d,896699,57643477.0,338.0,6e-06,1,2,223
2025-05-14 17:09:36,b200616be03814d1c262db3724cff2cd29136385771e1de50c305ee23e9ad354,896699,185262.0,338.0,0.001824,1,2,222
2025-05-14 17:09:36,b733872e8aa1c9dabb842ecd43ecfd3f355084e2e75f0bc753382107c5211d35,896699,1104710.0,338.0,0.000306,1,2,222
2025-05-14 17:09:36,2cf49c4f9516d2f23d5df3ad92c38f73e94df169ab07a87eb537b2ed214dcc25,896699,1229824517.0,338.0,0.0,1,2,223
2025-05-14 17:09:36,56ca1d16a793eeae115637a8dc2f3b17f03f9d5698cf255d0c5c719532166707,896699,894828.0,350.0,0.000391,1,1,337
2025-05-14 17:09:36,b5114e75c42dca5778359febb0a25cb83842d82b5d8a8017faa885e9b3daaadd,896699,49633.0,271.0,0.00546,1,1,194
2025-05-14 17:09:36,89fb41e28cf581709a52d721cdb58418c4113179d58b78c2b792bacd2e12434c,896699,77940.0,271.0,0.003477,1,1,194
2025-05-14 17:09:36,a53781fd2b3fa806f1c6fc900ffac1608a6a11a62e0bf255f4ef9a4db585a593,896699,1683746606.0,1274.0,1e-06,1,14,613
2025-05-14 17:09:36,fea7c75d83a406e83f8fa558c869460646a05bc46cdfb4a24d77db479ba318e5,896699,851315.0,264.0,0.00031,1,1,191
2025-05-14 17:09:36,e120835aa167643196d1cda7fb4ddb95cd09b9de98a80be2fedecb2e7ce4d6ab,896699,16733.0,264.0,0.015777,1,1,191
2025-05-14 17:09:36,0a0b340eda58b9df4b3efc0bfe104a67ebb71bbc68d28d36f5fb363439822885,896699,437251.0,264.0,0.000604,1,1,191
2025-05-14 17:09:36,80e52935cf749705440a8cdaf44c5ef75316d3aa4435b991e8677f7080285b69,896699,11556913.0,264.0,2.3e-05,1,1,191
2025-05-14 17:09:36,593719415c4e5ea5639c42b34dca9fc178734f0ddc177bd741ce8d5e36d68c5a,896699,58176.0,264.0,0.004538,1,1,191
2025-05-14 17:09:36,30b0b9828e278768a8f4d696b0d1bdc818f46c3a7d1c6ba275c49abf52766c4a,896699,1737540.0,264.0,0.000152,1,1,191
2025-05-14 17:09:36,394ec7243a4dd495376fc6fdf437e524f577e3169477eb3ff14ba99b710cbd49,896699,143836.0,264.0,0.001835,1,1,192
2025-05-14 17:09:36,1fa2e21a80e05e3059fa76ca2d05cfd8be0cd2774883d93bdd13861cf2be0f40,896699,19039.0,264.0,0.013866,1,1,192
2025-05-14 17:09:36,212cf649a4c824fa6da79bdd156ab35b3d7c4e313d71b919b7695ef89b1b77a8,896699,191889522.0,1318.0,7e-06,1,14,631
2025-05-14 17:09:36,145bdffd1c3b974649ff5d6246f04005e5ebcdb9c47e843333c33bcfc04790bc,896699,255889.0,341.0,0.001333,1,2,223
2025-05-14 17:09:36,e738cb325a75c909a9d1eafbe257df3b5c485cfd6f86154eab476e1e1cf40952,896699,1544993.0,341.0,0.000221,1,2,223
2025-05-14 17:09:36,4fa01191494331944de01aa81c750e1de5ecc2eab360ca456738bd60835e3e2c,896699,8438.0,293.0,0.034724,1,1,203
2025-05-14 17:09:36,5f530996f784ebd2c1baad52b2b0631034dffefeda0a7fbe52ac51ca7869f21e,896699,280097319.0,502.0,2e-06,2,2,372
2025-05-14 17:09:36,cad9d866676f735112e5d2fd039413825b281e495397b1cee3ceadf64f6744e2,896699,4320977.0,346.0,8e-05,1,2,225
2025-05-14 17:09:36,b1f13f8de760fa6d3485a377de3256dfcf42f8e2405f55d1416b6207db446e78,896699,176417959.0,346.0,2e-06,1,2,225
2025-05-14 17:09:36,82157877f412d9f97557e9e29e0d6b13021f9ae0dd086a2057a8324263a2c7f9,896699,890804153.0,10044.0,1.1e-05,28,1,4172
2025-05-14 17:09:36,dca9e9ec8afa3d294b3ab16f78e17f756d7b3c9a88f124bb95854a3670832c6d,896699,8215389.0,1406.0,0.000171,8,1,1226
2025-05-14 17:09:36,1814a8ff40aa9d8d060a3d9a1dd4c75da5e462e826c23ea8f1cc4bc5a9e6bc5f,896699,481353.0,1812.0,0.003764,10,2,1559
2025-05-14 17:09:36,7cdb23cfd6cf60c9cdc210df89917db6f1940eecadb33097cccc8f15e0b258ad,896699,596909074.0,535.0,1e-06,1,2,222
2025-05-14 17:09:36,a3a29796e925b1be658776fe3e1321fbf2c1a66d889aea5834f6cb629621670f,896699,64760.0,340.0,0.00525,1,2,222
2025-05-14 17:09:36,025571defed7102f63db69fda225fbf7300c4736ca57b1282d40487fc2fb2db9,896699,1378922.0,830.0,0.000602,4,2,668
2025-05-14 17:09:36,2f7c9aa4661444c965f8b15d3f24b394853475cbab925c2753b71bbe26d92216,896699,55638.0,374.0,0.006722,1,2,206
2025-05-14 17:09:36,c7eb11f8412414a82bf6399cecea43d7e130db3e6fee5e9b05a65303701cc08c,896699,5688881.0,12298.0,0.002162,74,2,11061
2025-05-14 17:09:36,f7435abfa077291ff0942f96a9cc80c433a5edba10e17977fc0c6f63f978a0f4,896699,93693.0,502.0,0.005358,2,2,370
2025-05-14 17:09:36,886a1c0cfa8c094ddb896898cf29b06fed4d702d3fb871fc216a2e142625e5b7,896699,141002.0,502.0,0.00356,2,2,370
2025-05-14 17:09:36,891f6d2efa08504e8c50edf91003ff6357ace6c309a2bde1a26dbb74df1a7616,896699,71095.0,502.0,0.007061,2,2,370
2025-05-14 17:09:36,0678aff6d5faee648278709a177f010fdee6faa44ccd390ba7bd9a8ad41d9b0a,896699,46329713.0,502.0,1.1e-05,2,2,370
2025-05-14 17:09:36,97fb00b939eb00d1590f33d9bea07414ecb8ccd689e4105108cd7962569eb7a8,896699,29784.0,816.0,0.027397,2,1,338
2025-05-14 17:09:36,92e5b87b164e77150d313b26926d074bfc165aab7c3c2d7a5af748cb68261a34,896699,1299552.0,1678.0,0.001291,9,2,1421
2025-05-14 17:09:36,94cbab1f896ec969bd3cadbe284f87e8b5bbbe07f83f019ac72b213fac143019,896699,24512826.0,367.0,1.5e-05,1,2,233
2025-05-14 17:09:36,baf69acdb96105636ff5019c96138619c121c89e6b7fafe20dabc5d05364e84c,896699,223053.0,430.0,0.001928,2,1,340
2025-05-14 17:09:36,9adb847b3f2a50e81c2cd9fd50197fb42c54991c009559a0f92dd28523bfb576,896699,203411.0,264.0,0.001298,1,1,190
2025-05-14 17:09:36,453e00d7b44ff7c2a1f768fac2ac7661f20e0ffcb554bb7636b0b5351c19fb2c,896699,2945490.0,468.0,0.000159,1,2,357
2025-05-14 17:09:36,5987be85bbf058a1f64c0107963fbbbd23fad2b95fbdfbe98471e82e3e6246d4,896699,3228609.0,3780.0,0.001171,10,2,1548
2025-05-14 17:09:36,f7b2d6cb381a2fe98e83186f55bd6ea2f1d9f5eaeb830ce4de42566f80847e51,896699,61180.0,353.0,0.00577,1,2,225
2025-05-14 17:09:36,69b50a2202b433a49fe861ae5b236f2749a688b58444176a5249db16189edd48,896699,14608443.0,270.0,1.8e-05,1,1,191
2025-05-14 17:09:36,c46ebf453021ae12b4c208432974a735eeb91276e46c4203f25d74cc7f2d3153,896699,209562.0,322.0,0.001537,1,2,223
2025-05-14 17:09:36,dea9efa60456990b68e05b9acdc840ec71071952de273b7c914176f50bd68341,896699,4127140.0,322.0,7.8e-05,1,2,223
2025-05-14 17:09:36,3c809ce9b732dd5698fad9bd6a2a8c78da02f71036cdf8f6e9124e3461284325,896699,1867854.0,322.0,0.000172,1,2,223
2025-05-14 17:09:36,28642ec892e3a19c45f97dcac2a285cd6a9ca38ebb519ec051ffed0c2573b474,896699,35000.0,775.0,0.022143,2,1,338
2025-05-14 17:09:36,845168f52df60ecb7e8132fa44d8cf593b8a0bab13d691f5e68a51986b331387,896699,2171352.0,352.0,0.000162,1,2,234
2025-05-14 17:09:36,2b1080589c366e0f3049849f0a8bf4441288e8c5345a08c6ade8c561df82dd8c,896699,507104.0,488.0,0.000962,2,2,374
2025-05-14 17:09:36,ef0d18d7bfb16dfbd60cd275de795cc6422eb18b6cf1567d5f684db9bfc027a9,896699,27719.0,257.0,0.009272,1,1,191
2025-05-14 17:09:36,631fdf9c0893f68f49eff575b80e64d745e5e3f3cbdb7c5512bd7a9e4606c500,896699,124579.0,322.0,0.002585,1,2,222
2025-05-14 17:09:36,c2d45d4a7ec4e76c2087ee82458ef077888edd17c209968ce267cecdf6678739,896699,5994742.0,21438.0,0.003576,136,2,20201
2025-05-14 17:09:36,dbfcc69fcd7e2018b337a9873b54a99eae9bf288f8c6a60d287bf64561553c6a,896699,36912370.0,326.0,9e-06,1,2,222
2025-05-14 17:09:36,67da2941a4bd01b808d859165d624b2904cdce70bda73234d72a660498dce821,896699,721616.0,257.0,0.000356,1,1,192
2025-05-14 17:09:36,86d6bc9255a180452e9271a5a880bc77f9ad67ac4dfb06808bfd891aab1b129a,896699,178742.0,790.0,0.00442,2,3,697
2025-05-14 17:09:36,0d0c6a24af6f6e7c0dc3fcc3a8559d615d9c06564d756816f10e0e8981e10722,896699,104387.0,788.0,0.007549,2,3,696
2025-05-14 17:09:36,164ec879d15036f187e536e5f4f687b314bedf437ff1449d87c88b98f46389fe,896699,1642399.0,357.0,0.000217,1,2,234
2025-05-14 17:09:36,d030a3c0dffb1a70726322ce96c04497f699be0250d213b991899564bcd5daf5,896699,1577544.0,357.0,0.000226,1,2,234
2025-05-14 17:09:36,283b4b2e51e1a110d4de70a378a09ba3e10edeff1bbace8d9314ade8b0df96f3,896699,1113728.0,357.0,0.000321,1,2,234
2025-05-14 17:09:36,f7d56353fd8294606adef4b46c52e21795b6500fd728d757138c6731cd32e9c3,896699,1317628.0,357.0,0.000271,1,2,234
2025-05-14 17:09:36,7a2ebb4487d4754223e08172c7c4f3f6f4ebeba117e37c8514d2b40264d2bba2,896699,1099435.0,357.0,0.000325,1,2,234
2025-05-14 17:09:36,b415eb2f38ec0ca628b4f50d9c4b939b5f822d654da4f883e2f5b39c94019823,896699,1548069.0,357.0,0.000231,1,2,234
2025-05-14 17:09:36,229dd0b597fe9042eca4299e799ae53460d75b7a1438061576e138b22b2f4ce0,896699,4915105.0,488.0,9.9e-05,2,2,372
2025-05-14 17:09:36,c7739d8373b4ea419e274a222177934f26ecbefaf5f0d9a0b9d61f9b3ae9bbdc,896699,650052.0,257.0,0.000395,1,1,191
2025-05-14 17:09:36,2970f40fa031f7e21578486bc94d5b73e25d6426613ba71217ff955ada0326d8,896699,28796.0,257.0,0.008925,1,1,191
2025-05-14 17:09:36,038496c0e3d3faca814c87d80afcad151c94cb48ba909b54ea5fbf243a37e0ab,896699,4780.0,257.0,0.053766,1,1,192
2025-05-14 17:09:36,ff17ed94b989e48063e1418ee5cc64f37a7f2f7c7d5c75ab16cc401d879a57a6,896699,185784.0,257.0,0.001383,1,1,191
2025-05-14 17:09:36,826e13bc8bfda12d92b7e2d331ac86dcb34301619dbd9ea24300f39ba7085781,896699,814643.0,257.0,0.000315,1,1,191
2025-05-14 17:09:36,df0d87e7f360451feab8ff636f971e258c49298500e5ecb3aed34267c6a4c07e,896699,48048.0,257.0,0.005349,1,1,191
2025-05-14 17:09:36,3b080afc8d80f42cd30596b1ac9ca0f16edf165ac0db35722f5441135e427461,896699,2838621.0,257.0,9.1e-05,1,1,191
2025-05-14 17:09:36,32f72baa854971b2dec6ba2ecf46c081a829d21701c2eebc131bcefad9862c5b,896699,306732.0,257.0,0.000838,1,1,192
2025-05-14 17:09:36,67b20a9e2c132217bf16bc5ae4cc9ee05a07295910f1df317523f61e95c1b552,896699,2219490.0,257.0,0.000116,1,1,191
2025-05-14 17:09:36,4f3334fe4cd4621f03aa3da348eba65784d1e4a38e19a4c7d38177b852486214,896699,55138.0,257.0,0.004661,1,1,191
2025-05-14 17:09:36,a4126f6ef929f3d62e0301f6e563b467a858c37a0ee4c9e63f17a42668fab80a,896699,2464739.0,257.0,0.000104,1,1,191
2025-05-14 17:09:36,49511fc93472c4e58859d1f72bcd675b6fb63f3766d343b2b03dd2ac0443d105,896699,52887.0,257.0,0.004859,1,1,191
2025-05-14 17:09:36,99510328797627dc6db8b995716cb1e60f7adb2227b9eaa394829c7bbe176ae8,896699,4925600.0,330.0,6.7e-05,1,2,222
2025-05-14 17:09:36,ceaa3e90e93a241545611f60fb2d3d9f699233a70408e4a1a81f4aa0676c726a,896699,39421000.0,312.0,8e-06,1,1,215
2025-05-14 17:09:36,ba74da1a9a5847f3db1e617818fa74a864a130883bf27ec16d0944f86c5aab0c,896699,466879390.0,2671.0,6e-06,7,3,1135
2025-05-14 17:09:36,f2fac98ab19517d69dc7702b88fd45299968c13f5098c49e97c6d1b60e7acc46,896699,1578926.0,613.0,0.000388,2,2,422
2025-05-14 17:09:36,c60cb293d6d9cdffd87c90308e25f66f921b487edb81fc879e7fb6ae335a50e1,896699,5653732.0,5677.0,0.001004,32,7,4965
2025-05-14 17:09:36,576177eda4a2fa51f82945618690025bb009d59620615b22d49ed90f27f4aafc,896699,68102.0,391.0,0.005741,1,2,246
2025-05-14 17:09:36,1280cf91032b98f986f995ce8ba1707d314b125de97331eab676e30bd2f68fbf,896699,1546821.0,391.0,0.000253,1,2,247
2025-05-14 17:09:36,913133366e68f743f57d1a708685e2b2e18552b439d0fabda50cace23375d82c,896699,146135.0,391.0,0.002676,1,2,247
2025-05-14 17:09:36,2cd1cc6b9ce92798b67e5ebcdae9d9598f98cdce48797385ff9c5e7f6e81b4a5,896699,557817.0,2270.0,0.004069,1,2,283
2025-05-14 17:09:36,ef146b2978b01d4570001a6a9541d90c7ef4842d5fad6b1a7b95a9e4e2422a89,896699,560087.0,460.0,0.000821,1,2,283
2025-05-14 17:09:36,72c7d4758e429183999a81118d135245c60164b3cab478971e80b3b7f72fdc89,896699,560547.0,309.0,0.000551,1,2,283
2025-05-14 17:09:36,7369d06594486e971d207c0731261ff652ab4d89b8379a0c35ee8e6d599ad5bc,896699,560856.0,390.0,0.000695,1,2,283
2025-05-14 17:09:36,e2a2680f4e7fbc4022d8d63b860c4c8f5e0c01c7b5b0f7c8ba06eebe852fb898,896699,561246.0,304.0,0.000542,1,2,283
2025-05-14 17:09:36,4651606f60d8431ecb82dbecb48d76e0c5880cbd2630d9da06e45dc5d866fa43,896699,561550.0,292.0,0.00052,1,2,283
2025-05-14 17:09:36,4afbe9a11f613146da993561b8ad98c2f0f21395cb669f96030b9d45a072fe16,896699,79071760.0,339.0,4e-06,1,2,224
2025-05-14 17:09:36,18385c95a7d8173992f0424e95b7d2d256e70d822460bc5e41b4ffa922151fbd,896699,3007961418.0,15343.0,5e-06,16,2,23601
2025-05-14 17:09:36,a98bfc6735b8d8de3cd0935d9775da8cbbce1fd9477412b3ef6d354e5a65dbf4,896699,2589521.0,338.0,0.000131,1,2,222
2025-05-14 17:09:36,3b54cd09e59d4b071d11c2fa7647d96980660427b7a607ae96593dc8a67ef9e9,896699,19715322.0,338.0,1.7e-05,1,2,223
2025-05-14 17:09:36,d4b5798b4e9bacdc256b913a8a9c63d93de013664d9f673343c1663d680509e9,896699,350013.0,338.0,0.000966,1,2,222
2025-05-14 17:09:36,0707f3ee38767aa0635f962344b5b5704106a2e7885f67eb4d4a03fe79a97ed1,896699,86528.0,338.0,0.003906,1,2,222
2025-05-14 17:09:36,70ffa4f613bf5d3ac75e63b3f334d270873bea8b989b6f31eeb320c3979b85ca,896699,14786.0,338.0,0.022859,1,2,222
2025-05-14 17:09:36,36bd250b6beee2510555ff34ce91f8fcf903e3c7695ab2760b38cd1ac1383db7,896699,84120674.0,338.0,4e-06,1,2,222
2025-05-14 17:09:36,051c07e31a9eb9e536e0899f73cbdad91a1aa7af1c2353c4cb85d30535d39ea3,896699,90152.0,338.0,0.003749,1,2,222
2025-05-14 17:09:36,e7e0fd66b73455a7cdd17e14e76b8e834ac02f2d6fc70bc70bc1b3cfcb061c9d,896699,14225841.0,338.0,2.4e-05,1,2,222
2025-05-14 17:09:36,30a17eaac760a92522b78270664770bf4499e32c3963f380e20c0f191cc48f6d,896699,57643477.0,338.0,6e-06,1,2,223
2025-05-14 17:09:36,b200616be03814d1c262db3724cff2cd29136385771e1de50c305ee23e9ad354,896699,185262.0,338.0,0.001824,1,2,222
2025-05-14 17:09:36,b733872e8aa1c9dabb842ecd43ecfd3f355084e2e75f0bc753382107c5211d35,896699,1104710.0,338.0,0.000306,1,2,222
2025-05-14 17:09:36,2cf49c4f9516d2f23d5df3ad92c38f73e94df169ab07a87eb537b2ed214dcc25,896699,1229824517.0,338.0,0.0,1,2,223
2025-05-14 17:09:36,56ca1d16a793eeae115637a8dc2f3b17f03f9d5698cf255d0c5c719532166707,896699,894828.0,350.0,0.000391,1,1,337
2025-05-14 17:09:36,b5114e75c42dca5778359febb0a25cb83842d82b5d8a8017faa885e9b3daaadd,896699,49633.0,271.0,0.00546,1,1,194
2025-05-14 17:09:36,89fb41e28cf581709a52d721cdb58418c4113179d58b78c2b792bacd2e12434c,896699,77940.0,271.0,0.003477,1,1,194
2025-05-14 17:09:36,a53781fd2b3fa806f1c6fc900ffac1608a6a11a62e0bf255f4ef9a4db585a593,896699,1683746606.0,1274.0,1e-06,1,14,613
2025-05-14 17:09:36,fea7c75d83a406e83f8fa558c869460646a05bc46cdfb4a24d77db479ba318e5,896699,851315.0,264.0,0.00031,1,1,191
2025-05-14 17:09:36,e120835aa167643196d1cda7fb4ddb95cd09b9de98a80be2fedecb2e7ce4d6ab,896699,16733.0,264.0,0.015777,1,1,191
2025-05-14 17:09:36,0a0b340eda58b9df4b3efc0bfe104a67ebb71bbc68d28d36f5fb363439822885,896699,437251.0,264.0,0.000604,1,1,191
2025-05-14 17:09:36,80e52935cf749705440a8cdaf44c5ef75316d3aa4435b991e8677f7080285b69,896699,11556913.0,264.0,2.3e-05,1,1,191
2025-05-14 17:09:36,593719415c4e5ea5639c42b34dca9fc178734f0ddc177bd741ce8d5e36d68c5a,896699,58176.0,264.0,0.004538,1,1,191
2025-05-14 17:09:36,30b0b9828e278768a8f4d696b0d1bdc818f46c3a7d1c6ba275c49abf52766c4a,896699,1737540.0,264.0,0.000152,1,1,191
2025-05-14 17:09:36,394ec7243a4dd495376fc6fdf437e524f577e3169477eb3ff14ba99b710cbd49,896699,143836.0,264.0,0.001835,1,1,192
2025-05-14 17:09:36,1fa2e21a80e05e3059fa76ca2d05cfd8be0cd2774883d93bdd13861cf2be0f40,896699,19039.0,264.0,0.013866,1,1,192
2025-05-14 17:09:36,212cf649a4c824fa6da79bdd156ab35b3d7c4e313d71b919b7695ef89b1b77a8,896699,191889522.0,1318.0,7e-06,1,14,631
2025-05-14 17:09:36,145bdffd1c3b974649ff5d6246f04005e5ebcdb9c47e843333c33bcfc04790bc,896699,255889.0,341.0,0.001333,1,2,223
2025-05-14 17:09:36,e738cb325a75c909a9d1eafbe257df3b5c485cfd6f86154eab476e1e1cf40952,896699,1544993.0,341.0,0.000221,1,2,223
2025-05-14 17:09:36,4fa01191494331944de01aa81c750e1de5ecc2eab360ca456738bd60835e3e2c,896699,8438.0,293.0,0.034724,1,1,203
2025-05-14 17:09:36,5f530996f784ebd2c1baad52b2b0631034dffefeda0a7fbe52ac51ca7869f21e,896699,280097319.0,502.0,2e-06,2,2,372
2025-05-14 17:09:36,cad9d866676f735112e5d2fd039413825b281e495397b1cee3ceadf64f6744e2,896699,4320977.0,346.0,8e-05,1,2,225
2025-05-14 17:09:36,b1f13f8de760fa6d3485a377de3256dfcf42f8e2405f55d1416b6207db446e78,896699,176417959.0,346.0,2e-06,1,2,225
2025-05-14 17:09:36,82157877f412d9f97557e9e29e0d6b13021f9ae0dd086a2057a8324263a2c7f9,896699,890804153.0,10044.0,1.1e-05,28,1,4172
2025-05-14 17:09:36,dca9e9ec8afa3d294b3ab16f78e17f756d7b3c9a88f124bb95854a3670832c6d,896699,8215389.0,1406.0,0.000171,8,1,1226
2025-05-14 17:09:36,1814a8ff40aa9d8d060a3d9a1dd4c75da5e462e826c23ea8f1cc4bc5a9e6bc5f,896699,481353.0,1812.0,0.003764,10,2,1559
2025-05-14 17:09:36,7cdb23cfd6cf60c9cdc210df89917db6f1940eecadb33097cccc8f15e0b258ad,896699,596909074.0,535.0,1e-06,1,2,222
2025-05-14 17:09:36,a3a29796e925b1be658776fe3e1321fbf2c1a66d889aea5834f6cb629621670f,896699,64760.0,340.0,0.00525,1,2,222
2025-05-14 17:09:36,025571defed7102f63db69fda225fbf7300c4736ca57b1282d40487fc2fb2db9,896699,1378922.0,830.0,0.000602,4,2,668
2025-05-14 17:09:36,2f7c9aa4661444c965f8b15d3f24b394853475cbab925c2753b71bbe26d92216,896699,55638.0,374.0,0.006722,1,2,206
2025-05-14 17:09:36,c7eb11f8412414a82bf6399cecea43d7e130db3e6fee5e9b05a65303701cc08c,896699,5688881.0,12298.0,0.002162,74,2,11061
2025-05-14 17:09:36,f7435abfa077291ff0942f96a9cc80c433a5edba10e17977fc0c6f63f978a0f4,896699,93693.0,502.0,0.005358,2,2,370
2025-05-14 17:09:36,886a1c0cfa8c094ddb896898cf29b06fed4d702d3fb871fc216a2e142625e5b7,896699,141002.0,502.0,0.00356,2,2,370
2025-05-14 17:09:36,891f6d2efa08504e8c50edf91003ff6357ace6c309a2bde1a26dbb74df1a7616,896699,71095.0,502.0,0.007061,2,2,370
2025-05-14 17:09:36,0678aff6d5faee648278709a177f010fdee6faa44ccd390ba7bd9a8ad41d9b0a,896699,46329713.0,502.0,1.1e-05,2,2,370
2025-05-14 17:09:36,97fb00b939eb00d1590f33d9bea07414ecb8ccd689e4105108cd7962569eb7a8,896699,29784.0,816.0,0.027397,2,1,338
2025-05-14 17:09:36,92e5b87b164e77150d313b26926d074bfc165aab7c3c2d7a5af748cb68261a34,896699,1299552.0,1678.0,0.001291,9,2,1421
2025-05-14 17:09:36,94cbab1f896ec969bd3cadbe284f87e8b5bbbe07f83f019ac72b213fac143019,896699,24512826.0,367.0,1.5e-05,1,2,233
2025-05-14 17:09:36,baf69acdb96105636ff5019c96138619c121c89e6b7fafe20dabc5d05364e84c,896699,223053.0,430.0,0.001928,2,1,340
2025-05-14 17:09:36,9adb847b3f2a50e81c2cd9fd50197fb42c54991c009559a0f92dd28523bfb576,896699,203411.0,264.0,0.001298,1,1,190
2025-05-14 17:09:36,453e00d7b44ff7c2a1f768fac2ac7661f20e0ffcb554bb7636b0b5351c19fb2c,896699,2945490.0,468.0,0.000159,1,2,357
2025-05-14 17:09:36,5987be85bbf058a1f64c0107963fbbbd23fad2b95fbdfbe98471e82e3e6246d4,896699,3228609.0,3780.0,0.001171,10,2,1548
2025-05-14 17:09:36,f7b2d6cb381a2fe98e83186f55bd6ea2f1d9f5eaeb830ce4de42566f80847e51,896699,61180.0,353.0,0.00577,1,2,225
2025-05-14 17:09:36,69b50a2202b433a49fe861ae5b236f2749a688b58444176a5249db16189edd48,896699,14608443.0,270.0,1.8e-05,1,1,191
2025-05-11 02:39:37,7955bf432098e3092a1fc6a8c7dc5fe7bcdf48009444e5a1532527b063d648a8,896194,20383.0,396.0,0.019428,1,1,191
2025-05-11 02:39:37,c4d7100e3ce36a28e6239c4127850fbe9c7057d87a26768e1a8988f1736b976b,896194,19604.0,396.0,0.0202,1,1,192
2025-05-11 02:39:37,e23516f39e29d5d9fa3df78b6ff7f3bd6486faa805ce681a7ee7a35840e07468,896194,184157.0,756.0,0.004105,2,2,372
2025-05-11 02:39:37,e4248b903ba333d3ac6e4c31678afe1cf32067691393d1848b3303d796303765,896194,440064.0,756.0,0.001718,2,2,373
2025-05-11 02:39:37,d3a245c5d99dfa96b215241b57e624a34b40f65d2a1c7d17bbaa60774cc23d5c,896194,28165.0,396.0,0.01406,1,1,192
2025-05-11 02:39:37,a4ddba1778cf7cfb25b71699ea301d2d290f7403807d54d0878190494a70cd5b,896194,22691.0,396.0,0.017452,1,1,192
2025-05-11 02:39:37,5bb3bf33c2e983498fdac0da16fb65764f43193266282cd31aae412f3fce2e5b,896194,37902.0,396.0,0.010448,1,1,192
2025-05-11 02:39:37,cb2e65212329c2e848b6dec498f5c0839671537658c65b3190a231165058c341,896194,88638.0,396.0,0.004468,1,1,191
2025-05-11 02:39:37,f6a1ea438b14b25cb767b5f40057a30e729e0e6673db2b34a59706b49a54e53f,896194,25316.0,396.0,0.015642,1,1,191
2025-05-11 02:39:37,1e0e28b1e608d8aff907031d98d11c8256d029f5c03efb6db3914f7495ddf02c,896194,21425.0,396.0,0.018483,1,1,192
2025-05-11 02:39:37,56eba6063d4a7686d04d2af3859968bb6fe5dcd60d7c5e81cf4045a53cb3301b,896194,16761.0,396.0,0.023626,1,1,191
2025-05-11 02:39:37,026c237f0813b4514c6fa1e9fc790a5b9332609730b984eae27d6707409b0fc4,896194,19351575.0,551.0,2.8e-05,1,2,234
2025-05-11 02:39:37,e5bbffe62a5d0b7bccf614c8a1992399c1dc39b961a924ebac2117719e1ed989,896194,18978779.0,551.0,2.9e-05,1,2,235
2025-05-11 02:39:37,9b38c6241921d970a628c98602e3b611a680258be251b6026ad865a94e97ca79,896194,1978429198.0,551.0,0.0,1,2,234
2025-05-11 02:39:37,926e161bcdac1726fba76dbfe7d2087823242aa06bd07bc49c8e1f0a0b85b88a,896194,61593.0,407.0,0.006608,1,1,195
2025-05-11 02:39:37,eaa469a4b29232172161f0a163af6c52a1beca7af1c7bbdc2fa91d2edc0e1e57,896194,62554.0,407.0,0.006506,1,1,195
2025-05-11 02:39:37,7334cc22c685b4e7450a6e1ad1dd771597b3fba1c247c9963331c65205627437,896194,60434.0,407.0,0.006735,1,1,194
2025-05-11 02:39:37,2b8625db390cf3674dd4db071bb7214816bc59729cea2df7ce3e947a104fc8f7,896194,1114538.0,508.0,0.000456,1,2,223
2025-05-11 02:39:37,0eeaa21a4a290550874f430b41f1f1c92490ddb8f4790702cdad505d20965b9f,896194,17935707.0,508.0,2.8e-05,1,2,223
2025-05-11 02:39:37,f47a20284f4899fd650d7ac846ca6c74fe27aac0483f5a911263dde19daf698e,896194,47861.0,508.0,0.010614,1,2,223
2025-05-11 02:39:37,7ff13f4828e2f79c4d7d6fc4a504029c2993ee764f44e8854f60742c9653446d,896194,6910584.0,508.0,7.4e-05,1,2,223
2025-05-11 02:39:37,800adb7904bf745d5e00a6c1af0bb72bbb084fa5a8c446a10d5887252917f069,896194,112013163.0,508.0,5e-06,1,2,222
2025-05-11 02:39:37,9215033a8aecd72624ed9f2f70d8f987ef24f165e98b95b46deff0ec08d54d56,896194,5092.0,508.0,0.099764,1,2,223
2025-05-11 02:39:37,72dcac3b58b22672a72bf05afebd3b86a48a4d6dd9d7d50db57412010a3fca30,896194,98402122.0,508.0,5e-06,1,2,222
2025-05-11 02:39:37,e9395980d668e639359ef61696ac7ed3103393601e6082a5a105e5675fd13222,896194,19005164.0,508.0,2.7e-05,1,2,223
2025-05-11 02:39:37,31d73339b8514f47c44ba63890b568fc1db01d31d6eb013271399ee8ab30024a,896194,2766767.0,400.0,0.000145,1,1,193
2025-05-11 02:39:37,104e1c471be4aec370041ebc7120e28520a07466fa20f798bc45060acd3112f7,896194,630650.0,1240.0,0.001966,4,2,667
2025-05-11 02:39:37,8c57ec44b1bf3974bc0de4162d8a534b44b1e54fcc66846d2c18765f55c523aa,896194,98987.0,440.0,0.004445,1,1,204
2025-05-11 02:39:37,9ee516e1e4fab757e8845c69d3b1561ccafbbe7d8214a4fcd34c6e443063f49c,896194,167970694.0,1324.0,8e-06,1,2,367
2025-05-11 02:39:37,3796b8d225fd1002ca7849baac310e21eff505f22e975eda264a217fef0ad112,896194,49734229.0,6701.0,0.000135,1,1,191
2025-05-11 02:39:37,a446b958cde18f1fb605e9ba3b6e546cb51834c9bcef5a9381ab061e790d3f06,896194,67154603.0,9210.0,0.000137,1,131,4367
2025-05-11 02:39:37,3d1f96fa4f1ef8d8fe3fc4936ab40cf444087ba960c1eefa03bb8daf2bf6236c,896194,8266.0,546.0,0.066054,1,1,191
2025-05-11 02:39:37,291715c6fbd72e4a9934bc077a670590b91a74dac07dafc7f778aea94b4d7f38,896194,33641818.0,3078.0,9.1e-05,1,1,191
2025-05-11 02:39:37,021c1f157ddc88abf2e559c4bea9b539aaef3c6b2090377a808e2403138cbe06,896194,57566117.0,14752.0,0.000256,2,144,4978
2025-05-11 02:39:37,aed9b56eb5141c0f81af6a1b729097ae6432a6a9e673b21590e2a9aea13216ac,896194,411353.0,848.0,0.002061,2,2,374
2025-05-11 02:39:37,53669abb6485d1115927a4003e85497aef6cba9082577f86092e7d2fbe22c3e3,896194,25418894.0,4386.0,0.000173,1,1,191
2025-05-11 02:39:37,81e404a3616549a051e4421bbb42e0d43e42d6e5880166d0cee3661f8607da9d,896194,53717287.0,14548.0,0.000271,1,156,5202
2025-05-11 02:39:37,4fd53e5b18ba00ac5e81ff4c0969523641e054c2bd98f13c9c069823f42a5c60,896194,34674466.0,3620.0,0.000104,1,1,191
2025-05-11 02:39:37,aea8ba33dbf60cb126c03b69b4728d304e0fc225a8213e3378197e6bf8499ad4,896194,59821901.0,15915.0,0.000266,2,159,5449
2025-05-11 02:39:37,e0596666d9c5fd2a19a9e141336ca06c692893bc8dd9de1959def9782fc1938e,896194,43142.0,1220.0,0.028279,2,1,337
2025-05-11 02:39:37,5f43d9b32167f89b7dafdfd52a86a386545e3f0bc65795e60b8c88b45d83e60c,896194,1511064.0,3103.0,0.002054,12,1,1825
2025-05-11 02:39:37,eae481658970cb60816251e7f34aa84330f1f5ece0b64b880573c28f8a5a7efc,896194,21304350.0,39463.0,0.001852,160,1,23792
2025-05-11 02:39:37,0822e38aabc8a1ae123184c76a6ac56af24e1351da8dcfa0f3dd7d13bbf31c28,896194,15981.0,641.0,0.04011,2,1,339
2025-05-11 02:39:37,be98cb59895fb1a283b8ad2c4ed15b3458151a7a110ec9a0993b1d116bbcb3b8,896194,226607.0,3820.0,0.016857,1,1,189
2025-05-11 02:39:37,2fcdaefe980afed38b8d9fbf2dd12e50f53cce75251a50ab941bba0a8e0ba5eb,896194,60343948.0,3505.0,5.8e-05,1,1,191
2025-05-11 02:39:37,ad950000ad0677952cf49c100e8b1f0bcde1873abe748fbb4ff7b085aa6e7669,896194,179473.0,3820.0,0.021285,1,1,188
2025-05-11 02:39:37,1417cbb3b5b1cd2c7d46b95e2e4cb78ca32ecf2809c73fedf6063c5415907d51,896194,88158449.0,15230.0,0.000173,2,152,5228
2025-05-11 02:39:37,1ba7f30c9f375dd6070183511b6793d622eee82cb11ea92e7c65c10dea12d9e6,896194,123766.0,402.0,0.003248,1,1,191
2025-05-11 02:39:37,2da95904ff3de8a6efbe9c70c770f75b47fd21471d607957b45b052bfb42e867,896194,75502482.0,516.0,7e-06,1,2,222
2025-05-11 02:39:37,cb0fa5ecc3db8899904832e3e2ddc896315e1eece88a098914e76f305db28721,896194,26930220.0,1686.0,6.3e-05,3,1,1032
2025-05-11 02:39:37,18bbe16a0f73511a1d158543fcf08c62a5a34743fb7eb2ac456702ba830cfcb4,896194,15194.0,493.0,0.032447,1,1,216
2025-05-11 02:39:37,7461caea08c850bf7d5f49efd7f348ebb027054b4ab4c508e9a345132bb4fb77,896194,54670800.0,700.0,1.3e-05,1,2,380
2025-05-11 02:39:37,ef21f3820ff0a1d6bcb41eccc96dba6ff0978fac806f9b24e4bdc6fe198088d9,896194,983737.0,1120.0,0.001139,1,2,223
2025-05-11 02:39:37,7d2656364a57e0c5a7c70dc5f75d3f34623f3a543f4ca27589d03cc073bf5097,896194,1003957.0,896.0,0.000892,1,2,223
2025-05-11 02:39:37,bbba838d8a469de64b675e1806664c2eeeccccbf949e6d2aab82f04502e290a2,896194,1023953.0,450.0,0.000439,1,2,223
2025-05-11 02:39:37,1c6c2c346365e18cd22fb2ada2be6cf37ee046bcd4de290883fb893acb17c5dc,896194,177912.0,564.0,0.00317,1,2,234
2025-05-11 02:39:37,b98038804759302aad7b396d3c484a5ab77f31c48432b40daa1ebaac9fdd5682,896194,173018.0,564.0,0.00326,1,2,234
2025-05-11 02:39:37,a4339d9ef78e6ae744aaa359f5cf2a8c7598eb99b08b5570bc54903ac39b9704,896194,122382957.0,1213.0,1e-05,2,2,710
2025-05-11 02:39:37,0e354a881d2f5783c8414ece5c98fe4e17e99dc77b88fa851d780876a195326c,896194,9999059.0,941.0,9.4e-05,1,3,444
2025-05-11 02:39:37,b040f2f81b68ea4e1e768c976d985431be48502060cd0c34fade564732c3da9a,896194,125081581.0,812.0,6e-06,1,3,410
2025-05-11 02:39:37,6975065e04e45a020e63788f67babe8140d7bcd43e7a71561d8fcf27edfbf0d5,896194,218734.0,698.0,0.003191,1,2,380
2025-05-11 02:39:37,7609dd2c014eab38fdf1c4a0f8e1a9b5596becf9607ed7dc5a721e4e67fb3215,896194,3665657.0,698.0,0.00019,1,2,380
2025-05-11 02:39:37,70d3ae5ff3e17abda4be949cc67fa6dd57cde9ee26f712b873d8d85a271d4e0f,896194,106678928.0,698.0,7e-06,1,2,380
2025-05-11 02:39:37,80fc86f7cf0042f2a62f51183f59fe195cf1f543236925e0ac30400d253db098,896194,1128983.0,1980.0,0.001754,4,3,1295
2025-05-11 02:39:37,326aec3717245c5168dc6d8139af7d6faa661c6b72047e40f56ea211f3e3ccaa,896194,96452691.0,743.0,8e-06,1,2,391
2025-05-11 02:39:37,5fe889ea86a7498b3f41639c2477c0f94fe126aa0a7fe3c9e9168324fbaaf954,896194,110638171.0,1084.0,1e-05,2,2,674
2025-05-11 02:39:37,11f0262986f02371c4bbb663175ff789dc25d334e7e8c6cb57364cc65ba0b812,896194,1451841.0,1084.0,0.000747,2,2,674
2025-05-11 02:39:37,252227f8c89d85a3bbcb6edb349a27ed3d1962cdfcad489b4e20528a44f959f4,896194,1133977.0,1470.0,0.001296,3,2,967
2025-05-11 02:39:37,896b1575cae8c67564b0b9333c771398737562910445a70f59defced81ede7a7,896194,349181.0,819.0,0.002345,2,2,383
2025-05-11 02:39:37,3a0b769501e43b1f31ec540c947e1b52450133c794817cdc4ae8533985cd3085,896194,141495.0,819.0,0.005788,2,2,383
2025-05-11 02:39:37,e5fb7b99bd59f9b32bdebf35177168e5b6b9d40e1406d89f0877e98372d31066,896194,230181.0,819.0,0.003558,2,2,383
2025-05-11 02:39:37,00808980ed0cc755ed1ef5fd855819463b74225cfc48913f341a11f0d87317a8,896194,228852.0,774.0,0.003382,2,2,370
2025-05-11 02:39:37,f98b55d7bc43c7a72352d1d8078f8ab1bd122892795a37f4ba7144343df2bf08,896194,22550.0,450.0,0.019956,1,1,192
2025-05-11 02:39:37,e32549da22e1e8636a16a2fb373c00c11a60ad893584978f91fce98e2d11868a,896194,44985769.0,1181.0,2.6e-05,1,8,410
2025-05-11 02:39:37,b5af5b5c32ac02698fb5da28f5948dde91a22e188b26097d1980c3adc2afa4c5,896194,468484.0,516.0,0.001101,1,1,267
2025-05-11 02:39:37,8b0bf888e13ca15fe26f2d4ed0e8785f5a3c0b87da4f71cce48330d8ac8640c3,896194,468484.0,516.0,0.001101,1,1,267
2025-05-11 02:39:37,505dbe55f158c2e676b5d0ba5dd345b99ac3b2dbff962461c0cd9189a6e192aa,896194,468484.0,516.0,0.001101,1,1,267
2025-05-11 02:39:37,480c769d4245e3743375a840900aa052daed3ac021ee1da13ed250e700be4260,896194,468484.0,516.0,0.001101,1,1,267
2025-05-11 02:39:37,1bdce8724e03dcdcc0a714c6cab4f9c2e05935b0ccf3a2a9fa50b339906afd5b,896194,468484.0,516.0,0.001101,1,1,267
2025-05-11 02:39:37,252acd295cef16cfebbd7125e00ce76b539040a7cfeb07a75d711da024a0a044,896194,467484.0,516.0,0.001104,1,1,267
2025-05-11 02:39:37,60b6429000d2775f4936505dd16ba20ed6eab104d75e18ca6897b43516eed4c7,896194,191524.0,1258.0,0.006568,2,1,336
2025-05-11 02:39:37,5e55b699472507e9ec0661cd1d3d3d591bfaeb448877a998210f6fbe5a3ab9eb,896194,374998619.0,1381.0,4e-06,1,2,366
2025-05-11 02:39:37,8951a7a61620e21a5397b2ab4c12091aa74df79f20aa27b374b390427e9c2c15,896194,922286.0,714.0,0.000774,1,1,189
2025-05-11 02:39:37,2c020a9c5757c966c1848b4d68fd04ae7f8db8181a5af2d6c6e64f2724d4d316,896194,9731.0,639.0,0.065666,2,1,271
2025-05-11 02:39:37,51541e541aaa2912d6c3ef737c62432a083cea326fe060736251e61526e76b66,896194,1215465.0,626.0,0.000515,1,2,246
2025-05-11 02:39:37,91ab4cc5317dd4a682890037197f45c28bbf1009e4b1d444beef16d487986f01,896194,59946.0,2609.0,0.043523,8,5,1084
2025-05-11 02:39:37,db5b7a0b3d083964b9c570344652dc3ed7c83f28086e4e68fc75a3ff29c9858b,896194,66750.0,1900.0,0.028464,3,1,484
2025-05-11 02:39:37,0b991fcfb64858171ce19b90937fb6fa81098ea82c4909cf19ef117788c472ff,896194,61032167.0,855.0,1.4e-05,1,5,322
2025-05-11 02:39:37,9da1430272beca9eb30903b5feaa417f24f39ae3a168ebe06d830f93cbbbb071,896194,1315891.0,628.0,0.000477,1,2,246
2025-05-11 02:39:37,d85c8e124e353f2af07c9905f32e7d74d2f31ae4376c7ea4e22aef47651e3318,896194,16284.0,716.0,0.04397,1,1,188
2025-05-11 02:39:37,c304442911f235a1625551a98abeb195222eab736ef9b6b463851c07e5ede8df,896194,483392.0,583.0,0.001206,1,2,235
2025-05-11 02:39:37,27fb18aabe88b958b30a964e331e71057d8195b60ad41921d7c482f2a4c299d8,896194,27237.0,1209.0,0.044388,4,1,641
2025-05-11 02:39:37,3c2656ddc79fa2d984dfc1a92877dc8c3d7a997bacd17d1a91df72a215eb2206,896194,15236078.0,1103.0,7.2e-05,1,5,480
2025-05-11 02:39:37,64262704b783d321f9bb32b057de2e8ea3c5713f4e6c32092dda93997dd38463,896194,456664.0,1428.0,0.003127,3,5,585
2025-05-11 02:39:37,6976aa8f5bf33fcd1c3cdc4acbdf6ced67373b54047444c5c559927126f975ee,896194,87146.0,768.0,0.008813,1,1,201
2025-05-11 02:39:37,d89b48b8e3efc16a4c22daaa9ccd62cf3357f42be03de360ab758f882a197e6a,896194,117013263.0,737.0,6e-06,1,2,357
2025-05-11 02:39:37,40bc90c01c04a0386c6391d778d6825c8e31104f2d7552083b39ddac03c376cd,896194,16284655.0,1188.0,7.3e-05,1,7,390
2025-05-11 02:39:37,d02450a9dba4fb38b1061f7856b826c637884a6535b0eeb504d141bb08e94432,896194,565900.0,1290.0,0.00228,1,8,415
2025-05-11 02:39:37,14c053263eac1ee21dc3d36598bf96ec28ca2dd90aa3d80167d6c4423be286b3,896194,115417.0,1505.0,0.01304,5,2,624
2025-05-11 02:39:37,46be4cfe0609f41424c56f22ebcf2d03e5a1c1b4ffd2230050486b898674186c,896194,17624.0,376.0,0.021335,1,1,162
2025-05-14 17:09:36,d25ddb7160d4f935af3584ec0168c897481d44a1c9263aadcc09db5d87f6e718,896699,1927569.0,446.0,0.000231,1,2,223
2025-05-14 17:09:36,b31acee959e9003626c421bfb14fa828021a4d157cdc1167b01d54b96cc418c5,896699,1431628.0,691.0,0.000483,2,2,382
2025-05-14 17:09:36,d02b92fd69d1f24c5ce15071710ca2f0ee786c90f3fdb7189b1f3cd2d8f201a6,896699,1023000.0,691.0,0.000675,2,2,382
2025-05-14 17:09:36,69a004093b78c36e3b665f4c3f4b6351f456ca5fae7bf831ac35f8ef624d8cda,896699,1022414.0,1514.0,0.001481,6,2,965
2025-05-14 17:09:36,9fd5f58e6d2feb5168868bb87ec50b460855fb6d008a8863db5589de21b443a1,896699,1052260.0,1090.0,0.001036,4,2,669
2025-05-14 17:09:36,162dcd9065f2168eead415c20fb44758ce6e73a1b87987a2dad9e55dfa00536b,896699,1126966.0,1090.0,0.000967,4,2,669
2025-05-14 17:09:36,6ed61c2b883932d97af3479be1e0c3bb8995376ad6cdc1136a8eec99cbfa29f5,896699,1094146.0,867.0,0.000792,3,2,518
2025-05-14 17:09:36,56ec01b09d646a89f91fea8357c8705ca12a655ed3448daa541a55338aecb4f3,896699,1034409.0,867.0,0.000838,3,2,518
2025-05-14 17:09:36,9b8651d853a11f01dfc03559c0fbe085abeee29ad8eb3c4feae7a0bde4c510d2,896699,1027851.0,867.0,0.000844,3,2,518
2025-05-14 17:09:36,1eea810322ecd2ec6b83dff2d86c4c3dd37351bbfa518e55f33df07516c7723f,896699,1140665.0,867.0,0.00076,3,2,518
2025-05-14 17:09:36,f0857a6e9cd057b59a0784c49b6cde776ef3bc9a9f950c14fcc9561cc5a7e3f9,896699,1926587.0,443.0,0.00023,1,2,222
2025-05-14 17:09:36,c46e5290eea75db15ad89f36ee76c7b1455c26e7bce967cff946aa3b8901dcf2,896699,1061848.0,443.0,0.000417,1,2,222
2025-05-14 17:09:36,95322ee498f21ed557ea22bf158b8adac46315b84fb151ae5c85e812961146eb,896699,1223499.0,443.0,0.000362,1,2,222
2025-05-14 17:09:36,f989bb24d3f71533512926449ec88de6ee63c601bfcb198a0d03f1ad78da55d7,896699,1494261.0,443.0,0.000296,1,2,222
2025-05-14 17:09:36,814023e5357d21c866ff41cea75cc409baf1323b7dfb95b9301b0bf37a6e93c2,896699,1432526.0,443.0,0.000309,1,2,222
2025-05-14 17:09:36,873fbddf30ba48c2a6164f7e5a63a2d1b90ad83aa1e50f0fa1dbb4849e7adebc,896699,1156969.0,443.0,0.000383,1,2,222
2025-05-14 17:09:36,d7c12cc73f213909d44fec34ede3f0962de62f19fde0d874691bc9b5ec653fbb,896699,1491021.0,443.0,0.000297,1,2,222
2025-05-14 17:09:36,58e2f14810a53cdb8e982f84ed5a5b2330f08f83edfb1c239fb0f7796863387e,896699,1221317.0,443.0,0.000363,1,2,222
2025-05-14 17:09:36,5f7bb1d96a9fc152f30ddb8014058b04ee5ede527f352de3d7b355f75874df68,896699,1015073.0,443.0,0.000436,1,2,222
2025-05-14 17:09:36,8ae189e9aa6478b6e659622f0d08520c6ec80ae5d018f383f6a9d7feb5db6867,896699,1101842.0,443.0,0.000402,1,2,222
2025-05-14 17:09:36,3058606d37b84d31a2199ab8ef1c5c104828bb20787f325f1af16aa50954b047,896699,1317911.0,443.0,0.000336,1,2,222
2025-05-14 17:09:36,432603ee029187ef1ab1f27488e56f261e273ad931dfa5ff34cc0ad867ec3943,896699,1963694.0,443.0,0.000226,1,2,222
2025-05-14 17:09:36,3ffb58aa1a6769a2f1a21aa1dd96e5f120162d5578518cbd93b0a1d22767230e,896699,1842182.0,443.0,0.00024,1,2,222
2025-05-14 17:09:36,252f267572b5cbf8e717bbc166f79f334bca03cac88ff95af574bc945f8bf20d,896699,1976005.0,443.0,0.000224,1,2,222
2025-05-14 17:09:36,006f413759cb04db695dcfcf39ccacdff699d1c6381780d049dc6b9f82c1474d,896699,1187232.0,1970.0,0.001659,8,2,1270
2025-05-14 17:09:36,521cd0030a5571eda14e2a192969e496e725f92c9f64fe6ac52a797bdadcb7ea,896699,1200219.0,1304.0,0.001086,5,2,817
2025-05-14 17:09:36,ad45b8a71a774ac8f32e89ac0fffdff34cbf02ac3104836292065b38f23377e4,896699,1025937.0,663.0,0.000646,2,2,373
2025-05-14 17:09:36,79e07569801c6d701731de7b4f581819aad43a1b0f4c7e441d6b8ee9d8a53d8f,896699,2022975.0,663.0,0.000328,2,2,373
2025-05-14 17:09:36,ab5cea2799136e068f065bd6d004ebf3f3e1a8b2344d91a1d76cebc7f4184073,896699,1013695.0,663.0,0.000654,2,2,373
2025-05-14 17:09:36,683affe8695064799b96b22c2859fae39bb4ba775fb2a10529a9611ac36ffd4a,896699,1150404.0,663.0,0.000576,2,2,373
2025-05-14 17:09:36,6ac5d54f11c6115c42b7f6345f712dc71c58f7f2f33a67196bdb602a22fdc946,896699,1134607.0,663.0,0.000584,2,2,373
2025-05-14 17:09:36,ba0b9166521ac83063ca499ee0f52302f9b2d572ca03884cbb6087e090c24f1f,896699,1040388.0,663.0,0.000637,2,2,373
2025-05-14 17:09:36,5c1b46cc8ae30c03338520c4dac8268f5a64540c01d0c55cfa9780a45cb0a6d3,896699,1138035.0,1081.0,0.00095,4,2,666
2025-05-14 17:09:36,c3acba19e98c6bb0849ae85f8593c0c60c2869a71f0da9cd46aa977376157e1f,896699,1058270.0,1081.0,0.001021,4,2,666
2025-05-14 17:09:36,06a10be057ebedd0ea26655c36a7254de89ded2b0c96f89f358f6543d2133edd,896699,1075453.0,2357.0,0.002192,10,2,1554
2025-05-14 17:09:36,a3596b7bfd3d63ccbe641e5cdbef174f49f3c11ebb4d2c1a70023ab29fbddfa9,896699,1563930.0,1053.0,0.000673,2,1,335
2025-05-14 17:09:36,d7c293a55c811d8ac711b07e06384f50ef373a9e8defde87aa186e5dbac91969,896699,27468459.0,7984.0,0.000291,17,1,2540
2025-05-14 17:09:36,86962e06f807e94b275bb912c71547e3e5d15923c2ee890f41ab45f797140405,896699,2662224.0,984.0,0.00037,4,1,635
2025-05-14 17:09:36,2f88dca0d14278afe132642e1d2ee0205ebd10fde8f4e83183d11151cadebb33,896699,349999519.0,481.0,1e-06,1,2,234
2025-05-14 17:09:36,60f850703e30a0cfeb19fead0ce82b7bcfda5114f6278f2a2d1dcb7feaae6486,896699,2099654.0,346.0,0.000165,1,1,192
2025-05-14 17:09:36,7b5308ab6834d74630ee1418aee1900cb215c00db42c26992d6a48d78aaa873f,896699,1567027.0,557.0,0.000355,2,1,339
2025-05-14 17:09:36,3b18228ccc4ebdcdde6245ef854c54b3eebff19329e15737d81ed83795300db8,896699,1948955.0,896.0,0.00046,1,2,222
2025-05-14 17:09:36,f4b704622ba039bc0432549bafb13fee64327b769174fc865d6cff3c25a813d9,896699,1969151.0,896.0,0.000455,1,2,222
2025-05-14 17:09:36,d57692984b913587bfd5c6494e36eb26836ce88c061372ac6f24c5785aac83be,896699,1989347.0,896.0,0.00045,1,2,222
2025-05-14 17:09:36,651a6e9fe37e7b9b4c5819c73a68703f3bd5da9475e5e445ae616636d4530b08,896699,2009543.0,672.0,0.000334,1,2,223
2025-05-14 17:09:36,f4d447cd1dafb52fed25986a4a63ff58e6b1b720da212b9f3359a5b86f9ba102,896699,2029515.0,672.0,0.000331,1,2,223
2025-05-14 17:09:36,785c0387d3480732b1cb40bde9b36e8d8e035135cb1276da1900820afb280a93,896699,2049487.0,672.0,0.000328,1,2,222
2025-05-14 17:09:36,499a2a5f7f54ce9bfa5c7f009a5f89a8d14f138d5fb9283fc9b04cf535477804,896699,2069459.0,448.0,0.000216,1,2,223
2025-05-14 17:09:36,7485d68d443bbde311006d4665d8d763867cc5b70f06136421cfc3da541e2e42,896699,2098907.0,448.0,0.000213,1,2,222
2025-05-14 17:09:36,f92f38f88c8253444cd215ec741490e4d3586a8170e829619f0f19daca4d35e2,896699,78819.0,444.0,0.005633,1,2,222
2025-05-14 17:09:36,66bac94bbc6f355ab791a7fbfe137024b4683aa1e5c56f8d2ee87ae43eb4f4dc,896699,7735691.0,444.0,5.7e-05,1,2,222
2025-05-14 17:09:36,e9171e4d883332c6d2a726ee673507472f9cad2bf6f7162ce4be976530857c85,896699,24143347.0,444.0,1.8e-05,1,2,222
2025-05-14 17:09:36,2db61dc112ca6efe5d1f62833e8fbc45cfa0d82230a98f3eb1eeda0037a83e55,896699,834353.0,444.0,0.000532,1,2,222
2025-05-14 17:09:36,726ba7094ee42210a7dec80902b22d1d30ca1fe065d3426b805fcd0ab9b69657,896699,1056878.0,444.0,0.00042,1,2,222
2025-05-14 17:09:36,65e69cb7a7a34729f6460753eeee715e02d7826b409e8086a047beccf7ffddf7,896699,1279533.0,444.0,0.000347,1,2,222
2025-05-14 17:09:36,60e35b22f58bb51f4e61d57305e4e30bda3463f42b0362df1cc4a1d77f63a34f,896699,1502185.0,444.0,0.000296,1,2,222
2025-05-14 17:09:36,ecddc77dd0bdca57b3a899d0665a01f3c2948d1151d873cc468b725394d25060,896699,1724656.0,444.0,0.000257,1,2,222
2025-05-14 17:09:36,baaa24b04d47559b80bd9ec2e4cb65b0d6bd01b013256fc5a7d7304d80272116,896699,240608702.0,444.0,2e-06,1,2,222
2025-05-14 17:09:36,6fa57fe7d44a9fb291d522686c68f08730e55be297e84c256bd97dfcdd474c0a,896699,595198495.0,444.0,1e-06,1,2,222
2025-05-14 17:09:36,0410f3251e8dd629337cddb07731a6e1481fad4ce03b583ff7b104b1ea9cf92c,896699,990905.0,422.0,0.000426,1,1,215
2025-05-14 17:09:36,2099dc4f4fda2907cdaeff6d16ba5a2cb9925e77435304d4741fbb1c517c4f39,896699,36924.0,482.0,0.013054,1,2,234
2025-05-14 17:09:36,2ef11ecb64776d7483d2f7086024c7b8e3827b7b9b16d5d1c81e6d716c0a84fc,896699,292019.0,542.0,0.001856,1,3,253
2025-05-14 17:09:36,a29f7b7e66e43efc2541460ac0f1962a0116da403feccfa72d76d25bb1618c4d,896699,312489.0,542.0,0.001734,1,3,254
2025-05-14 17:09:36,bec1eff3a7a6d6d46c2b2c03a172d44118d37afad8818f3af7cf20441ad398d4,896699,850.0,350.0,0.411765,1,1,162
2025-05-14 17:09:36,ea2b9892b8be39ac2739c1c56e03aaa30f9c52df6f4d3f31caf30f75e6d50d93,896699,850.0,350.0,0.411765,1,1,162
2025-05-14 17:09:36,d92c14295a71e112e4baffc799afe5f5c2ac6da6205d32d4e10efabb3df27407,896699,850.0,350.0,0.411765,1,1,162
2025-05-14 17:09:36,eaaa4b18d73e72e58c13d6a3d2c6fba61cebfef059d1aedca40ca573954164ea,896699,72509.0,448.0,0.006179,1,2,224
2025-05-14 17:09:36,9678cf14ae0f693a75c881742add2d676af13189e96b764ed65d13368be8594f,896699,57311943.0,669.0,1.2e-05,2,2,375
2025-05-14 17:09:36,9f32cd2548de31efe1b3fc2b6d957cad86900307a3fc73b492119350ec6e6e12,896699,371491.0,385.0,0.001036,1,1,203
2025-05-14 17:09:36,9607a83108883e6fbdff20c7dcfd3ad088872491296401cfb976748f4dbb8432,896699,239049.0,445.0,0.001862,1,2,222
2025-05-14 17:09:36,d848ce85df16748120e70577bd57975b80f17751f2d474c4e26b7893a001cd89,896699,59698404.0,27805.0,0.000466,1,203,9001
2025-05-14 17:09:36,211454c18adad18e3108f666564f56250b92c4f03288f3a39fdffe72a772fadd,896699,967090.0,483.0,0.000499,1,2,234
2025-05-14 17:09:36,8d832d9c159444423d86a45a4567283eb022148af03e488a24a23f72d3885bf3,896699,380000.0,2927.0,0.007703,13,1,1968
2025-05-14 17:09:36,693bc23cfa67ca431fff079ea937c8a8f572631981902684efcdf28659f03edd,896699,17567.0,606.0,0.034496,1,1,191
2025-05-14 17:09:36,e4f152a70a48f096d063ffa95de0d253d8d952880936bf1697e1a4afdc64e9c3,896699,1706362.0,1374.0,0.000805,3,2,1004
2025-05-14 17:09:36,325d7e403efdf1a6f2a21aba4b7db8fb971a5f418c9e441ff1e087b8286c4bba,896699,6173762.0,600.0,9.7e-05,1,2,380
2025-05-14 17:09:36,0fd82f0d32e44151a5ac7e0c188f6e889b47544eb66effce2f47263386123b85,896699,313651745.0,600.0,2e-06,1,2,380
2025-05-14 17:09:36,b3bce4601648ddec2f6b90381560730a87770c59680b3f193fb1cb33f7b8a044,896699,3009737.0,600.0,0.000199,1,2,380
2025-05-14 17:09:36,d243a284787c0e25f90d570572fa512bbfa18634a7b6f3d7ab4303f831d6b83f,896699,2515652.0,1178.0,0.000468,2,2,371
2025-05-14 17:09:36,144776f397ae708f56b4cf4da11028a6a69c86b629af4f523ac97b9456fd9f49,896699,1152576.0,705.0,0.000612,1,2,222
2025-05-14 17:09:36,31e33a3931a62749504c09a7eddab477506d5b0700569910ae6b83d4af081de9,896699,4342727.0,10096.0,0.002325,45,1,6727
2025-05-14 17:09:36,87b5c63ccd199ab873fc12852f76e0ac5f02f2d751e2a939a4718ab9af099b24,896699,157738.0,790.0,0.005008,3,1,491
2025-05-14 17:09:36,8151b1974bbb2b96637bc15eeea6af0c9b9d7fc2ccb442dabcc4a2c9bc543ded,896699,6120600.0,1590.0,0.00026,4,6,699
2025-05-14 17:09:36,2850df4a58a7c981a0e1ac045b38334d3e5f038df0173ca77f07eb5b6c98c2d6,896699,333515.0,1590.0,0.004767,4,6,699
2025-05-14 17:09:36,013463680981456af94fea2d2208db7e15d5c451e491f110def04758acbbfd8e,896699,1097020.0,1590.0,0.001449,4,6,699
2025-05-14 17:09:36,0e22e7c1d3452aa242c07babd658d7edf2d2fdf0ef0a9647e133aae34c4fca63,896699,1719576.0,1590.0,0.000925,4,6,699
2025-05-14 17:09:36,c2385721dd0c0a46dd99c0f84ecf3729549f3d2d0ae7f9fb4512c4e473494260,896699,2465223.0,1590.0,0.000645,4,6,699
2025-05-14 17:09:36,ce8f21deed4f8316ca9793018f0842dbd8494d1846b580d448916899f7a0953e,896699,1495669.0,1590.0,0.001063,4,6,699
2025-05-14 17:09:36,ade872fc7be27c8e34ac2ceb3599246980667c54a6b3451d6a4f027ed36ef288,896699,746601.0,784.0,0.00105,3,1,488
2025-05-14 17:09:36,edbf0cd05f937a37b4125f7f7c92e25cb11f0683119ca30f9154776ea59131fe,896699,859500.0,450.0,0.000524,1,2,223
2025-05-14 17:09:36,5b367fab8c3fa3cdde4a6af7e10164fb4f32780ef22f97cb5f972b22d37bb2e4,896699,185490.0,450.0,0.002426,1,2,223
2025-05-14 17:09:36,5efc5eee37eae70fd9527d1337c5d08667d7640357cda506108043ea3ff1dc95,896699,221317.0,450.0,0.002033,1,2,222
2025-05-14 17:09:36,4e7619dc16380c21ce12e74d5999a8a44768e8170a08ba649f526b8bc464cc0a,896699,879374.0,437.0,0.000497,1,1,191
2025-05-14 17:09:36,46b746b558f0e414cbebd779323a19ff36a92249fd60af7605d0d1b2dda14928,896699,1880126.0,1443.0,0.000768,6,2,962
2025-05-14 17:09:36,d94484b9a9b0ae58820aef69447a0f94c9e2e56e0a51fdb5f5e4b7426e3bcb1d,896699,4294839.0,2596.0,0.000604,5,2,812
2025-05-14 17:09:36,a6ba0552ebbc6dc0084d11109f19861a01dd62a5d2632d1b45c0edc383788b37,896699,453500.0,355.0,0.000783,1,1,192
2025-05-14 17:09:36,7a6c1e7823e15d4b94322e564e9ba3d22367afeb9b48b894fb29d12a432ec463,896699,403419.0,451.0,0.001118,1,2,223
2025-05-14 17:09:36,a91851599a296f9242efc9064059fc983d70a3f9a44e896083236c7763420847,896699,403419.0,451.0,0.001118,1,2,223
2025-05-14 17:09:36,b27d94f77df454515df69e4b11955fc3e9cf13409b081d107f6790df16038200,896699,13102.0,531.0,0.040528,1,2,248
2025-05-14 17:09:36,c0d148b281e4784f6c52c5eb6e423c4a0f6621dc312d49a33960f8dfa2b502ef,896699,1198667.0,461.0,0.000385,1,2,225
2025-05-14 17:09:36,d25ddb7160d4f935af3584ec0168c897481d44a1c9263aadcc09db5d87f6e718,896699,1927569.0,446.0,0.000231,1,2,223
2025-05-14 17:09:36,b31acee959e9003626c421bfb14fa828021a4d157cdc1167b01d54b96cc418c5,896699,1431628.0,691.0,0.000483,2,2,382
2025-05-14 17:09:36,d02b92fd69d1f24c5ce15071710ca2f0ee786c90f3fdb7189b1f3cd2d8f201a6,896699,1023000.0,691.0,0.000675,2,2,382
2025-05-14 17:09:36,69a004093b78c36e3b665f4c3f4b6351f456ca5fae7bf831ac35f8ef624d8cda,896699,1022414.0,1514.0,0.001481,6,2,965
2025-05-14 17:09:36,9fd5f58e6d2feb5168868bb87ec50b460855fb6d008a8863db5589de21b443a1,896699,1052260.0,1090.0,0.001036,4,2,669
2025-05-14 17:09:36,162dcd9065f2168eead415c20fb44758ce6e73a1b87987a2dad9e55dfa00536b,896699,1126966.0,1090.0,0.000967,4,2,669
2025-05-14 17:09:36,6ed61c2b883932d97af3479be1e0c3bb8995376ad6cdc1136a8eec99cbfa29f5,896699,1094146.0,867.0,0.000792,3,2,518
2025-05-14 17:09:36,56ec01b09d646a89f91fea8357c8705ca12a655ed3448daa541a55338aecb4f3,896699,1034409.0,867.0,0.000838,3,2,518
2025-05-14 17:09:36,9b8651d853a11f01dfc03559c0fbe085abeee29ad8eb3c4feae7a0bde4c510d2,896699,1027851.0,867.0,0.000844,3,2,518
2025-05-14 17:09:36,1eea810322ecd2ec6b83dff2d86c4c3dd37351bbfa518e55f33df07516c7723f,896699,1140665.0,867.0,0.00076,3,2,518
2025-05-14 17:09:36,f0857a6e9cd057b59a0784c49b6cde776ef3bc9a9f950c14fcc9561cc5a7e3f9,896699,1926587.0,443.0,0.00023,1,2,222
2025-05-14 17:09:36,c46e5290eea75db15ad89f36ee76c7b1455c26e7bce967cff946aa3b8901dcf2,896699,1061848.0,443.0,0.000417,1,2,222
2025-05-14 17:09:36,95322ee498f21ed557ea22bf158b8adac46315b84fb151ae5c85e812961146eb,896699,1223499.0,443.0,0.000362,1,2,222
2025-05-14 17:09:36,f989bb24d3f71533512926449ec88de6ee63c601bfcb198a0d03f1ad78da55d7,896699,1494261.0,443.0,0.000296,1,2,222
2025-05-14 17:09:36,814023e5357d21c866ff41cea75cc409baf1323b7dfb95b9301b0bf37a6e93c2,896699,1432526.0,443.0,0.000309,1,2,222
2025-05-14 17:09:36,873fbddf30ba48c2a6164f7e5a63a2d1b90ad83aa1e50f0fa1dbb4849e7adebc,896699,1156969.0,443.0,0.000383,1,2,222
2025-05-14 17:09:36,d7c12cc73f213909d44fec34ede3f0962de62f19fde0d874691bc9b5ec653fbb,896699,1491021.0,443.0,0.000297,1,2,222
2025-05-14 17:09:36,58e2f14810a53cdb8e982f84ed5a5b2330f08f83edfb1c239fb0f7796863387e,896699,1221317.0,443.0,0.000363,1,2,222
2025-05-14 17:09:36,5f7bb1d96a9fc152f30ddb8014058b04ee5ede527f352de3d7b355f75874df68,896699,1015073.0,443.0,0.000436,1,2,222
2025-05-14 17:09:36,8ae189e9aa6478b6e659622f0d08520c6ec80ae5d018f383f6a9d7feb5db6867,896699,1101842.0,443.0,0.000402,1,2,222
2025-05-14 17:09:36,3058606d37b84d31a2199ab8ef1c5c104828bb20787f325f1af16aa50954b047,896699,1317911.0,443.0,0.000336,1,2,222
2025-05-14 17:09:36,432603ee029187ef1ab1f27488e56f261e273ad931dfa5ff34cc0ad867ec3943,896699,1963694.0,443.0,0.000226,1,2,222
2025-05-14 17:09:36,3ffb58aa1a6769a2f1a21aa1dd96e5f120162d5578518cbd93b0a1d22767230e,896699,1842182.0,443.0,0.00024,1,2,222
2025-05-14 17:09:36,252f267572b5cbf8e717bbc166f79f334bca03cac88ff95af574bc945f8bf20d,896699,1976005.0,443.0,0.000224,1,2,222
2025-05-14 17:09:36,006f413759cb04db695dcfcf39ccacdff699d1c6381780d049dc6b9f82c1474d,896699,1187232.0,1970.0,0.001659,8,2,1270
2025-05-14 17:09:36,521cd0030a5571eda14e2a192969e496e725f92c9f64fe6ac52a797bdadcb7ea,896699,1200219.0,1304.0,0.001086,5,2,817
2025-05-14 17:09:36,ad45b8a71a774ac8f32e89ac0fffdff34cbf02ac3104836292065b38f23377e4,896699,1025937.0,663.0,0.000646,2,2,373
2025-05-14 17:09:36,79e07569801c6d701731de7b4f581819aad43a1b0f4c7e441d6b8ee9d8a53d8f,896699,2022975.0,663.0,0.000328,2,2,373
2025-05-14 17:09:36,ab5cea2799136e068f065bd6d004ebf3f3e1a8b2344d91a1d76cebc7f4184073,896699,1013695.0,663.0,0.000654,2,2,373
2025-05-14 17:09:36,683affe8695064799b96b22c2859fae39bb4ba775fb2a10529a9611ac36ffd4a,896699,1150404.0,663.0,0.000576,2,2,373
2025-05-14 17:09:36,6ac5d54f11c6115c42b7f6345f712dc71c58f7f2f33a67196bdb602a22fdc946,896699,1134607.0,663.0,0.000584,2,2,373
2025-05-14 17:09:36,ba0b9166521ac83063ca499ee0f52302f9b2d572ca03884cbb6087e090c24f1f,896699,1040388.0,663.0,0.000637,2,2,373
2025-05-14 17:09:36,5c1b46cc8ae30c03338520c4dac8268f5a64540c01d0c55cfa9780a45cb0a6d3,896699,1138035.0,1081.0,0.00095,4,2,666
2025-05-14 17:09:36,c3acba19e98c6bb0849ae85f8593c0c60c2869a71f0da9cd46aa977376157e1f,896699,1058270.0,1081.0,0.001021,4,2,666
2025-05-14 17:09:36,06a10be057ebedd0ea26655c36a7254de89ded2b0c96f89f358f6543d2133edd,896699,1075453.0,2357.0,0.002192,10,2,1554
2025-05-14 17:09:36,a3596b7bfd3d63ccbe641e5cdbef174f49f3c11ebb4d2c1a70023ab29fbddfa9,896699,1563930.0,1053.0,0.000673,2,1,335
2025-05-14 17:09:36,d7c293a55c811d8ac711b07e06384f50ef373a9e8defde87aa186e5dbac91969,896699,27468459.0,7984.0,0.000291,17,1,2540
2025-05-14 17:09:36,86962e06f807e94b275bb912c71547e3e5d15923c2ee890f41ab45f797140405,896699,2662224.0,984.0,0.00037,4,1,635
2025-05-14 17:09:36,2f88dca0d14278afe132642e1d2ee0205ebd10fde8f4e83183d11151cadebb33,896699,349999519.0,481.0,1e-06,1,2,234
2025-05-14 17:09:36,60f850703e30a0cfeb19fead0ce82b7bcfda5114f6278f2a2d1dcb7feaae6486,896699,2099654.0,346.0,0.000165,1,1,192
2025-05-14 17:09:36,7b5308ab6834d74630ee1418aee1900cb215c00db42c26992d6a48d78aaa873f,896699,1567027.0,557.0,0.000355,2,1,339
2025-05-14 17:09:36,3b18228ccc4ebdcdde6245ef854c54b3eebff19329e15737d81ed83795300db8,896699,1948955.0,896.0,0.00046,1,2,222
2025-05-14 17:09:36,f4b704622ba039bc0432549bafb13fee64327b769174fc865d6cff3c25a813d9,896699,1969151.0,896.0,0.000455,1,2,222
2025-05-14 17:09:36,d57692984b913587bfd5c6494e36eb26836ce88c061372ac6f24c5785aac83be,896699,1989347.0,896.0,0.00045,1,2,222
2025-05-14 17:09:36,651a6e9fe37e7b9b4c5819c73a68703f3bd5da9475e5e445ae616636d4530b08,896699,2009543.0,672.0,0.000334,1,2,223
2025-05-14 17:09:36,f4d447cd1dafb52fed25986a4a63ff58e6b1b720da212b9f3359a5b86f9ba102,896699,2029515.0,672.0,0.000331,1,2,223
2025-05-14 17:09:36,785c0387d3480732b1cb40bde9b36e8d8e035135cb1276da1900820afb280a93,896699,2049487.0,672.0,0.000328,1,2,222
2025-05-14 17:09:36,499a2a5f7f54ce9bfa5c7f009a5f89a8d14f138d5fb9283fc9b04cf535477804,896699,2069459.0,448.0,0.000216,1,2,223
2025-05-14 17:09:36,7485d68d443bbde311006d4665d8d763867cc5b70f06136421cfc3da541e2e42,896699,2098907.0,448.0,0.000213,1,2,222
2025-05-14 17:09:36,f92f38f88c8253444cd215ec741490e4d3586a8170e829619f0f19daca4d35e2,896699,78819.0,444.0,0.005633,1,2,222
2025-05-14 17:09:36,66bac94bbc6f355ab791a7fbfe137024b4683aa1e5c56f8d2ee87ae43eb4f4dc,896699,7735691.0,444.0,5.7e-05,1,2,222
2025-05-14 17:09:36,e9171e4d883332c6d2a726ee673507472f9cad2bf6f7162ce4be976530857c85,896699,24143347.0,444.0,1.8e-05,1,2,222
2025-05-14 17:09:36,2db61dc112ca6efe5d1f62833e8fbc45cfa0d82230a98f3eb1eeda0037a83e55,896699,834353.0,444.0,0.000532,1,2,222
2025-05-14 17:09:36,726ba7094ee42210a7dec80902b22d1d30ca1fe065d3426b805fcd0ab9b69657,896699,1056878.0,444.0,0.00042,1,2,222
2025-05-14 17:09:36,65e69cb7a7a34729f6460753eeee715e02d7826b409e8086a047beccf7ffddf7,896699,1279533.0,444.0,0.000347,1,2,222
2025-05-14 17:09:36,60e35b22f58bb51f4e61d57305e4e30bda3463f42b0362df1cc4a1d77f63a34f,896699,1502185.0,444.0,0.000296,1,2,222
2025-05-14 17:09:36,ecddc77dd0bdca57b3a899d0665a01f3c2948d1151d873cc468b725394d25060,896699,1724656.0,444.0,0.000257,1,2,222
2025-05-14 17:09:36,baaa24b04d47559b80bd9ec2e4cb65b0d6bd01b013256fc5a7d7304d80272116,896699,240608702.0,444.0,2e-06,1,2,222
2025-05-14 17:09:36,6fa57fe7d44a9fb291d522686c68f08730e55be297e84c256bd97dfcdd474c0a,896699,595198495.0,444.0,1e-06,1,2,222
2025-05-14 17:09:36,0410f3251e8dd629337cddb07731a6e1481fad4ce03b583ff7b104b1ea9cf92c,896699,990905.0,422.0,0.000426,1,1,215
2025-05-14 17:09:36,2099dc4f4fda2907cdaeff6d16ba5a2cb9925e77435304d4741fbb1c517c4f39,896699,36924.0,482.0,0.013054,1,2,234
2025-05-14 17:09:36,2ef11ecb64776d7483d2f7086024c7b8e3827b7b9b16d5d1c81e6d716c0a84fc,896699,292019.0,542.0,0.001856,1,3,253
2025-05-14 17:09:36,a29f7b7e66e43efc2541460ac0f1962a0116da403feccfa72d76d25bb1618c4d,896699,312489.0,542.0,0.001734,1,3,254
2025-05-14 17:09:36,bec1eff3a7a6d6d46c2b2c03a172d44118d37afad8818f3af7cf20441ad398d4,896699,850.0,350.0,0.411765,1,1,162
2025-05-14 17:09:36,ea2b9892b8be39ac2739c1c56e03aaa30f9c52df6f4d3f31caf30f75e6d50d93,896699,850.0,350.0,0.411765,1,1,162
2025-05-14 17:09:36,d92c14295a71e112e4baffc799afe5f5c2ac6da6205d32d4e10efabb3df27407,896699,850.0,350.0,0.411765,1,1,162
2025-05-14 17:09:36,eaaa4b18d73e72e58c13d6a3d2c6fba61cebfef059d1aedca40ca573954164ea,896699,72509.0,448.0,0.006179,1,2,224
2025-05-14 17:09:36,9678cf14ae0f693a75c881742add2d676af13189e96b764ed65d13368be8594f,896699,57311943.0,669.0,1.2e-05,2,2,375
2025-05-14 17:09:36,9f32cd2548de31efe1b3fc2b6d957cad86900307a3fc73b492119350ec6e6e12,896699,371491.0,385.0,0.001036,1,1,203
2025-05-14 17:09:36,9607a83108883e6fbdff20c7dcfd3ad088872491296401cfb976748f4dbb8432,896699,239049.0,445.0,0.001862,1,2,222
2025-05-14 17:09:36,d848ce85df16748120e70577bd57975b80f17751f2d474c4e26b7893a001cd89,896699,59698404.0,27805.0,0.000466,1,203,9001
2025-05-14 17:09:36,211454c18adad18e3108f666564f56250b92c4f03288f3a39fdffe72a772fadd,896699,967090.0,483.0,0.000499,1,2,234
2025-05-14 17:09:36,8d832d9c159444423d86a45a4567283eb022148af03e488a24a23f72d3885bf3,896699,380000.0,2927.0,0.007703,13,1,1968
2025-05-14 17:09:36,693bc23cfa67ca431fff079ea937c8a8f572631981902684efcdf28659f03edd,896699,17567.0,606.0,0.034496,1,1,191
2025-05-14 17:09:36,e4f152a70a48f096d063ffa95de0d253d8d952880936bf1697e1a4afdc64e9c3,896699,1706362.0,1374.0,0.000805,3,2,1004
2025-05-14 17:09:36,325d7e403efdf1a6f2a21aba4b7db8fb971a5f418c9e441ff1e087b8286c4bba,896699,6173762.0,600.0,9.7e-05,1,2,380
2025-05-14 17:09:36,0fd82f0d32e44151a5ac7e0c188f6e889b47544eb66effce2f47263386123b85,896699,313651745.0,600.0,2e-06,1,2,380
2025-05-14 17:09:36,b3bce4601648ddec2f6b90381560730a87770c59680b3f193fb1cb33f7b8a044,896699,3009737.0,600.0,0.000199,1,2,380
2025-05-14 17:09:36,d243a284787c0e25f90d570572fa512bbfa18634a7b6f3d7ab4303f831d6b83f,896699,2515652.0,1178.0,0.000468,2,2,371
2025-05-14 17:09:36,144776f397ae708f56b4cf4da11028a6a69c86b629af4f523ac97b9456fd9f49,896699,1152576.0,705.0,0.000612,1,2,222
2025-05-14 17:09:36,31e33a3931a62749504c09a7eddab477506d5b0700569910ae6b83d4af081de9,896699,4342727.0,10096.0,0.002325,45,1,6727
2025-05-14 17:09:36,87b5c63ccd199ab873fc12852f76e0ac5f02f2d751e2a939a4718ab9af099b24,896699,157738.0,790.0,0.005008,3,1,491
2025-05-14 17:09:36,8151b1974bbb2b96637bc15eeea6af0c9b9d7fc2ccb442dabcc4a2c9bc543ded,896699,6120600.0,1590.0,0.00026,4,6,699
2025-05-14 17:09:36,2850df4a58a7c981a0e1ac045b38334d3e5f038df0173ca77f07eb5b6c98c2d6,896699,333515.0,1590.0,0.004767,4,6,699
2025-05-14 17:09:36,013463680981456af94fea2d2208db7e15d5c451e491f110def04758acbbfd8e,896699,1097020.0,1590.0,0.001449,4,6,699
2025-05-14 17:09:36,0e22e7c1d3452aa242c07babd658d7edf2d2fdf0ef0a9647e133aae34c4fca63,896699,1719576.0,1590.0,0.000925,4,6,699
2025-05-14 17:09:36,c2385721dd0c0a46dd99c0f84ecf3729549f3d2d0ae7f9fb4512c4e473494260,896699,2465223.0,1590.0,0.000645,4,6,699
2025-05-14 17:09:36,ce8f21deed4f8316ca9793018f0842dbd8494d1846b580d448916899f7a0953e,896699,1495669.0,1590.0,0.001063,4,6,699
2025-05-14 17:09:36,ade872fc7be27c8e34ac2ceb3599246980667c54a6b3451d6a4f027ed36ef288,896699,746601.0,784.0,0.00105,3,1,488
2025-05-14 17:09:36,edbf0cd05f937a37b4125f7f7c92e25cb11f0683119ca30f9154776ea59131fe,896699,859500.0,450.0,0.000524,1,2,223
2025-05-14 17:09:36,5b367fab8c3fa3cdde4a6af7e10164fb4f32780ef22f97cb5f972b22d37bb2e4,896699,185490.0,450.0,0.002426,1,2,223
2025-05-14 17:09:36,5efc5eee37eae70fd9527d1337c5d08667d7640357cda506108043ea3ff1dc95,896699,221317.0,450.0,0.002033,1,2,222
2025-05-14 17:09:36,4e7619dc16380c21ce12e74d5999a8a44768e8170a08ba649f526b8bc464cc0a,896699,879374.0,437.0,0.000497,1,1,191
2025-05-14 17:09:36,46b746b558f0e414cbebd779323a19ff36a92249fd60af7605d0d1b2dda14928,896699,1880126.0,1443.0,0.000768,6,2,962
2025-05-14 17:09:36,d94484b9a9b0ae58820aef69447a0f94c9e2e56e0a51fdb5f5e4b7426e3bcb1d,896699,4294839.0,2596.0,0.000604,5,2,812
2025-05-14 17:09:36,a6ba0552ebbc6dc0084d11109f19861a01dd62a5d2632d1b45c0edc383788b37,896699,453500.0,355.0,0.000783,1,1,192
2025-05-14 17:09:36,7a6c1e7823e15d4b94322e564e9ba3d22367afeb9b48b894fb29d12a432ec463,896699,403419.0,451.0,0.001118,1,2,223
2025-05-14 17:09:36,a91851599a296f9242efc9064059fc983d70a3f9a44e896083236c7763420847,896699,403419.0,451.0,0.001118,1,2,223
2025-05-14 17:09:36,b27d94f77df454515df69e4b11955fc3e9cf13409b081d107f6790df16038200,896699,13102.0,531.0,0.040528,1,2,248
2025-05-14 17:09:36,c0d148b281e4784f6c52c5eb6e423c4a0f6621dc312d49a33960f8dfa2b502ef,896699,1198667.0,461.0,0.000385,1,2,225
2025-05-12 21:13:18,67bec3c0bec46d7efcc51f099282d28863287269c386d142f869f41fafc987bb,896458,8183832.0,346.0,4.2e-05,1,2,225
2025-05-12 21:13:18,dcc098e953a01034569ae4d8e2fe9cd9cef3a939c871c3f6ffc8e4589c09f651,896458,3257251420.0,346.0,0.0,1,2,226
2025-05-12 21:13:18,e2a815e9b1a542daf012128503e0c526b5f81a369b4b53f0bdba0862b90eb021,896458,30856867.0,346.0,1.1e-05,1,2,225
2025-05-12 21:13:18,b7abfcfe0682c7729c9ee8c46fba7785090eb24d25b28a6708040bfd4fe38d0e,896458,2217310151.0,994.0,0.0,5,2,818
2025-05-12 21:13:18,bafb92bb231b93250ec77107426fec1341239a43391b367acb516f85c4ea5f20,896458,2214188.0,1812.0,0.000818,10,2,1560
2025-05-12 21:13:18,894fa8be9061d7ba3c772123c5bf6832ae1727cd1347440b8c35da5918c4e68c,896458,2226071.0,1812.0,0.000814,10,2,1558
2025-05-12 21:13:18,f07adf72062062811876c2e982e51d49ac81f9f5922f642b39ec73d786648b02,896458,399072949.0,502.0,1e-06,2,2,370
2025-05-12 21:13:18,2b52337e8648316732133b777af71c063efb0748d06ec97ff2c85b10abe22206,896458,4050774400.0,701.0,0.0,2,2,373
2025-05-12 21:13:18,6e6f5f44f366c29582d3f726e122164b3bfb49ad18f733cbc2c630a86cd2325b,896458,997907.0,506.0,0.000507,1,2,420
2025-05-12 21:13:18,2c7bd49bd947a9e40debbd2f2bfde16649ca7992c986991ae50622ed5a06982b,896458,1008760.0,506.0,0.000502,1,2,421
2025-05-12 21:13:18,30bf9ba7654a8f6e5bda832a62fc3d56aa1831f2f78173bccee33be456494b1c,896458,71385.0,633.0,0.008867,2,1,341
2025-05-12 21:13:18,7b5e3ccf9acb8cb41b1ec1147e83017f961f32f8c3465edf71a297fd93f5b3ce,896458,1441899.0,270.0,0.000187,1,1,191
2025-05-12 21:13:18,74d8dec4d55d412a6f2100921eea681f8de5b94c508c5fe5729ffdcbf5e8d800,896458,215800.0,347.0,0.001608,1,2,222
2025-05-12 21:13:18,3fd6a3518165d84294145c3df5d22131302a135ff011dce81a42b8d6f202ad5e,896458,28291.0,470.0,0.016613,1,1,189
2025-05-12 21:13:18,92ad03dc5631cf401e2091105c863a273b12387d22aa1f9dfe147d8baaf374f7,896458,616578288.0,430.0,1e-06,1,3,254
2025-05-12 21:13:18,fcda61ed1813801a948fa503f077fc1ca93568b5910fc4608adabcdbcb597874,896458,46009168.0,413.0,9e-06,1,2,247
2025-05-12 21:13:18,5e54e76e41b64161d1a918292486696a8cd16b7640220fb094b86eece05b11f9,896458,666.0,426.0,0.63964,2,1,269
2025-05-12 21:13:18,bf672de60d3b73c17aa59a8b4401da72e9df9a7b2192750089c2cc7e46e969d5,896458,666.0,426.0,0.63964,2,1,269
2025-05-12 21:13:18,a37e6a4e6f4fc19b093066e1458fc89a4fbb11d058d5836e211b14985e78bdc0,896458,666.0,426.0,0.63964,2,1,269
2025-05-12 21:13:18,f160c7157c7d051d811d26d57ff3b32fc03b915c90b0d98485321d8ad5d2f4ac,896458,666.0,426.0,0.63964,2,1,269
2025-05-12 21:13:18,68c1b47b963452520c9aee36f842d82fd92c98c077345b5e261db7a8772bd596,896458,666.0,426.0,0.63964,2,1,269
2025-05-12 21:13:18,b8952d5b16a39df2a68fa5d03c21145db76c6dcec2569a52309819d54d0ffa8d,896458,666.0,426.0,0.63964,2,1,269
2025-05-12 21:13:18,54781fbcb307843dc2d98f013adc2b59eb39dbae02177b0d26b3e2f108d9e188,896458,666.0,426.0,0.63964,2,1,269
2025-05-12 21:13:18,fce48706d79a381a40d33dd0c80fd13c320f0a143bd01fa0d3c320bf846a8a7e,896458,666.0,426.0,0.63964,2,1,269
2025-05-12 21:13:18,7265edfd58a83e627e7a1b05f4683bc7ae0a1a9664af56394f4d4aa6bdcf3071,896458,666.0,426.0,0.63964,2,1,269
2025-05-12 21:13:18,ef9db94720f3d5ce1d16015ea370399f6e6b63c6b05a39e951c44b0a68ac9c6f,896458,666.0,426.0,0.63964,2,1,269
2025-05-12 21:13:18,b3becc0679b6df5f3d108d11744d11db3e20f4f090352adb0ac568c07a813165,896458,666.0,426.0,0.63964,2,1,269
2025-05-12 21:13:18,99e61bd86e0610e678c2148a62406b58abd6305213424502d7b2e0ca706b8338,896458,666.0,426.0,0.63964,2,1,269
2025-05-12 21:13:18,082d949129543e23a3c20273a9abf52448e9095fd1bf830f58da01ba823dd22c,896458,666.0,426.0,0.63964,2,1,269
2025-05-12 21:13:18,f80e6209bb9800081afdd55b27f7e30c680e0fdfbc1e8077762e9e70a16a2d10,896458,666.0,426.0,0.63964,2,1,269
2025-05-12 21:13:18,4cf18b222c364372ccaed58cd6854afb52ea8d43797622e050333aecdafb7b71,896458,3317.0,484.0,0.145915,1,1,192
2025-05-12 21:13:18,3404847b8b686c4c3c5f236dd565d3e4f95b8854c8077956bb1de5034b73d159,896458,1862404.0,389.0,0.000209,1,2,234
2025-05-12 21:13:18,5303fd462e81b0910df9a80de96d42367c773c483ce74282ca37366c9f36f0df,896458,6914843.0,368.0,5.3e-05,1,2,223
2025-05-12 21:13:18,615c7eb7eeb8053647d4f94651dd349ada890289e0c4a072358a353c2eab225b,896458,213836.0,961.0,0.004494,2,2,370
2025-05-12 21:13:18,3a0ded0c4dc1352a36a7030ecdd0a8d1bb95b8300216e57eeee47c808e1a8923,896458,159000.0,1000.0,0.006289,1,2,384
2025-05-12 21:13:18,29af0b48e8649ac65e7ab92d3e109e2fb81c1b2c5b1db5aff4d8fe6ecb3d4c7e,896458,26369.0,5162.0,0.19576,10,2,1156
2025-05-12 21:13:18,461104a94300788c254d9af288c8676d2279a5cb44fb20374103d20047a214e4,896458,288794.0,240.0,0.000831,2,2,301
2025-05-12 21:13:18,cc036436185f1c7815982ec4eaa11d87c1c735371d6ca0363f159fd100ab93cb,896458,288794.0,240.0,0.000831,2,2,301
2025-05-12 21:13:18,61aebdf5b4bc5a56069404d34d096728659ce57a603178239241f0eecca4719b,896458,196042.0,241.0,0.001229,2,2,302
2025-05-12 21:13:18,910ad06b286cbdc62a389ef8d3386d6ba9125331695fadde4e8fc02e377d4471,896458,375828.0,241.0,0.000641,2,2,302
2025-05-12 21:13:18,ab8968bf2e0f2491a02cf07bf9d654a162e2ee500e5cfdad22011d10f450d96d,896458,288794.0,240.0,0.000831,2,2,301
2025-05-12 21:13:18,967ada0353c3b1c26c9d43f82ef0d47a0df7a5c3113c78d1c4fe40458eadbe51,896458,200592.0,241.0,0.001201,2,2,302
2025-05-12 21:13:18,c5499e4eea4e2eb32fcb0573651d7b6ae1381489a181c263f9b9ea34429e1e43,896458,288794.0,240.0,0.000831,2,2,301
2025-05-12 21:13:18,73ec76f64201c209cd9a6532e346bc30b67c39209966f514ec9dae324fd7af3f,896458,375828.0,241.0,0.000641,2,2,302
2025-05-12 21:13:18,7346bd517c74320b20cd3bc41f193661c40d5acbc484bfd787d844f5da67f116,896458,288794.0,240.0,0.000831,2,2,301
2025-05-12 21:13:18,4d3dc3905a38c64a9c343693c489440ca3813369fb195e9e788e21c971bec9fe,896458,3716220.0,729.0,0.000196,2,11,771
2025-05-12 21:13:18,0b0e550176ed21da84f7812eb23961724030b4ac62373b6d7294d3a4ca683151,896458,602507.0,493.0,0.000818,1,1,188
2025-05-12 21:13:18,b7551f8316e75eb0a142e2edfc4d474f064513bfab91a8ccde6a024f07dd5fb6,896458,102126.0,549.0,0.005376,2,2,371
2025-05-12 21:13:18,df1c24e22d613003c8b4b4c161b2b5445ac208b9e1bb96feaea7b21e73ddb2c0,896458,1096656.0,330.0,0.000301,1,1,191
2025-05-12 21:13:18,35a83125597fa30a7dbc6dd748471e642adc12b7eea01ab06585ea09c916001c,896458,1186918.0,423.0,0.000356,1,2,222
2025-05-12 21:13:18,218b85934655f48cd1152c6a84567ac0865a2b0eb3794a97ff2fe85379ed7163,896458,1380279.0,282.0,0.000204,1,2,222
2025-05-12 21:13:18,7fc63c2f1df24e8e0d8c76a5abb2f17e11b511b11c1091cf30f4599c9cbc9260,896458,148484.0,380.0,0.002559,1,2,194
2025-05-12 21:13:18,fa3336dfde1a8266081dcb9dae46fc80cbe515a74fb5df5bcd0b9f7cb5dd7a54,896458,10212106777.0,297.0,0.0,1,1,192
2025-05-12 21:13:18,fa8199f51fb234b717f6853d8543f74dcc02418f2188f7e9e456b5317431a322,896458,3224868.0,1344.0,0.000417,1,2,222
2025-05-12 21:13:18,9a763c4343fe03d7b4e4aea30a8d4fbf286cdbe950ea21cec80b746b5e8145af,896458,3236012.0,224.0,6.9e-05,1,2,223
2025-05-12 21:13:18,e7bfd8850cabb2053101b9849e4681156ee259358ff720c27e24fdeffd960a29,896458,3246036.0,224.0,6.9e-05,1,2,223
2025-05-12 21:13:18,b7b99932c759854d9771c3553872196d8d802ba21aad21fa1270dbd5147945c1,896458,152702071.0,3826.0,2.5e-05,9,2,1404
2025-05-12 21:13:18,4479da5c568b737d61180fffedb91380b5a4ba40a3eed7ebca34b1297b75eaa3,896458,2780102.0,1344.0,0.000483,1,2,222
2025-05-12 21:13:18,4ff1d50626613bfe990712fab441a2d18833c2d609508f325c7639b4c3a730b6,896458,2791146.0,1120.0,0.000401,1,2,221
2025-05-12 21:13:18,511710cbea3be2e92002e055397b25d3c25dca3257ccbbcbf84fcdde78d7a9d1,896458,2801966.0,1120.0,0.0004,1,2,223
2025-05-12 21:13:18,ac015395ed42ad80a7f74c7805bfb97d2bbe6739b295f9cb6817e846065aebf8,896458,2817686.0,448.0,0.000159,1,2,222
2025-05-12 21:13:18,154a6dba98a8a8b7aa2fe1b46fdb14245b159c7303ca7bee6e683192b5e156af,896458,2827834.0,224.0,7.9e-05,1,2,223
2025-05-12 21:13:18,de513ca8aaf1df9b5b730417302cca0b3b475a16f0610ca4eee6c570e4875b1e,896458,2837758.0,224.0,7.9e-05,1,2,223
2025-05-12 21:13:18,4c6b11f4948bc8e578ba27907955b005cf7b18ab3322d49f6595ea8eb2fa1591,896458,2847682.0,224.0,7.9e-05,1,2,223
2025-05-12 21:13:18,d29d23a16a91d9c83c969619f058420f5f2a51cda14021b89f998f0c8294e1a7,896458,2965306.0,224.0,7.6e-05,1,2,223
2025-05-12 21:13:18,1844c02050500ecb3224c3d083b64fd3f36bedd4108e45922bb2842dcbde8ce5,896458,8102144482.0,1173.0,0.0,4,3,747
2025-05-12 21:13:18,38e8d4a0bf015c00fd76f20792fee2107ab9e68ed1a953b014f218d780f0af79,896458,184656.0,1752.0,0.009488,4,9,844
2025-05-12 21:13:18,b417b3c82e12caebde838407a7a9f4ba8e00365e00174a3557c76561ae55c656,896458,48729.0,2511.0,0.05153,6,6,867
2025-05-12 21:13:18,c6cdaf3b6d0b81340af4f5388b7ab189e7cfd9ac9a54c2e0c8fb4e2b774eb19a,896458,287490.0,537.0,0.001868,4,7,792
2025-05-12 21:13:18,ffe873a624eb4235a14ee46fdbf7f676db445331e77b4dca6afc919c975aea2a,896458,31755.0,731.0,0.02302,1,2,223
2025-05-12 21:13:18,4d2e1766e660d08e4e2ab4407f24bbc24069055dfbcb840d42ad0215085fd0d8,896458,42239.0,504.0,0.011932,1,2,222
2025-05-12 21:13:18,e6682013d3c89f018641d3256796ee9b901a8a3cd87cbc475cd24df8f489b21b,896458,68493230.0,2180.0,3.2e-05,2,2,370
2025-05-12 21:13:18,01d6b9320811cd0ce5309070a8b2557cdcae87d772c1c9ac832a584192eea0ae,896458,657521554.0,904.0,1e-06,7,3,2434
2025-05-12 21:13:18,079ca19fd3d974b68ed13a8921d16118839968ed00b7ab3462a16e6800c72007,896458,2015229.0,2490.0,0.001236,12,2,1853
2025-05-12 21:13:18,a85d9b4ccf68382b2e6612de77a9067acbcb2dd2cf3a368e0200eaef5843a97c,896458,507613.0,387.0,0.000762,1,1,267
2025-05-12 21:13:18,325caed1c2a6445e952a5fb5548ff15555fa80d511b538d162c4e7b4051e7ac6,896458,9805044008.0,1000.0,0.0,3,3,598
2025-05-12 21:13:18,d3f3cb557515129f56665d1f15162d4ec192cb75877c7cbf69fabeda2f3b98e9,896458,14851161.0,1015.0,6.8e-05,1,2,222
2025-05-12 21:13:18,b090d5eec1e39e996919088bfaac2c0ec440c1a2ed5e7489e695a5b49f874d28,896458,14896005.0,677.0,4.5e-05,1,2,222
2025-05-12 21:13:18,4fd37c874444cf93cc28ce7fe1bbbe1793ce76e2f42000dcc3fb8a3b3510472b,896458,14909448.0,508.0,3.4e-05,1,2,222
2025-05-12 21:13:18,6864306ea6d1da6eb9c8dcad72561ffdcd4de2b90dc7c7663e24ca0e49ca28a6,896458,14930395.0,338.0,2.3e-05,1,2,222
2025-05-12 21:13:18,76fe018ec51329cdc48b612362acb4d843f59d27e39b4b23b9112d6f058cc2c2,896458,14941617.0,338.0,2.3e-05,1,2,222
2025-05-12 21:13:18,745d94cb5af77ff095229096a3e2d9262291fa6974168e2ab40cecdeb86a3c95,896458,14993576.0,338.0,2.3e-05,1,2,223
2025-05-12 21:13:18,5ac8d461915ce5a803c6e60079231c342f791f8a9dd5b2f962758e1dba3cfd76,896458,15014402.0,169.0,1.1e-05,1,2,223
2025-05-12 21:13:18,bce3808f4e088ecb3376016c09d63cf078f9f7c66719bfd1ffe3158abc939f41,896458,15034387.0,169.0,1.1e-05,1,2,223
2025-05-12 21:13:18,ad1839f4be6275e5526f85f07bdc20a9f4ccf8a9eaa82b9fea693b778c36dcf9,896458,15065479.0,169.0,1.1e-05,1,2,222
2025-05-12 21:13:18,d565e2ae5ea8a603a41c291fe358a10055094042921fc5786c626697fa441f97,896458,15117455.0,338.0,2.2e-05,1,2,223
2025-05-12 21:13:18,7d7ae03fa5dc2eebd66a53bfe49c836a101f56362ad3451b95f2b758c9c954f4,896458,15181220.0,338.0,2.2e-05,1,2,222
2025-05-12 21:13:18,b8920a57d199934c67fd87565b00209eaa61a30c3bcd339d2828544fca6380bb,896458,21462.0,538.0,0.025068,1,1,189
2025-05-12 21:13:18,e1d53a4d9049cc0880c04f8e4a9735e1d5242e1b70a72233fe46d2451df465d7,896458,1999451.0,549.0,0.000275,1,2,357
2025-05-12 21:13:18,e1ed9f66b3ddcb4fa4a68baa6767303b235fb0635d3b36f5be7a077dbc2ea199,896458,128388.0,508.0,0.003957,1,1,150
2025-05-12 21:13:18,8c182a77fa045207487f37db51474719b84d0a8a4a68eee4611a85876e677dab,896458,13488896.0,462.0,3.4e-05,1,2,205
2025-05-12 21:13:18,143a57cdf6b98e5021436c8c81315353ce4961abdd1d5b5be7b05f880d5561b6,896458,13489358.0,122.0,9e-06,1,1,204
2025-05-12 21:13:18,f3ec538eb5789a8ee8b2f5aa3086630ed306471e1c760ec643872b81be7bc373,896458,2754926.0,4743.0,0.001722,10,2,1554
2025-05-12 21:13:18,a949829ca0e57d542c212fd5a4273d3d8358d3887fdc697246a344ca3e0d582d,896458,1065650.0,667.0,0.000626,2,2,373
2025-05-12 21:13:18,9406232e07f55f5b22c2cdc463983a9e21d2c1a55fe9ff26b8c1a705e220051b,896458,1262488.0,362.0,0.000287,4,2,666
2025-05-12 21:13:18,e6c9382e5b477e660be8046d3218b7a02d920ff74b8e2ccd4ef2e70ad6f49e68,896458,1104406.0,862.0,0.000781,11,2,1701
2025-05-12 21:13:18,110df4ed3b9c26226a2057516a219dce2ee17757ca1b527c76f23e82f6a1fa52,896458,1048765.0,220.0,0.00021,2,2,371
2025-05-12 21:13:18,9c015cfeef13b781920e838292d1f51dade02232fa89e62cbb08bb7543db9583,896458,1346686.0,1122.0,0.000833,1,2,223
2025-05-12 21:13:18,8c7710cced8a61c842b6535379a75bcb1ef13edaad424fb7a62de8b1be86e24c,896458,660791.0,1403.0,0.002123,1,2,222
2025-05-12 21:13:18,0507a5efe603679fb8e0fd6d34f4cf333a1fe5131c2160df5dba5c048dffce89,896458,2010002.0,1374.0,0.000684,3,2,520
2025-05-14 17:09:36,f201a892b56826c216c17451b0af5a3b6406ae2ba995f09aa905bd4d9f3510e1,896699,878493.0,848.0,0.000965,2,2,373
2025-05-14 17:09:36,a5d01528e955309ccb99c3061f12fc03adc4470acb6957cde7c33b6fe2ed9696,896699,4100.0,836.0,0.203902,2,2,370
2025-05-14 17:09:36,91a5b0d3e1f8c77b14e6c8ae7fd9cddce860f8b444a94a6370ec7ed3242727a0,896699,100240.0,760.0,0.007582,1,1,189
2025-05-14 17:09:36,0226006d9bac6838d971cf2f75d1ee5bf31878a4ba16e8e5b7e45f2b2f062297,896699,43244.0,756.0,0.017482,1,1,188
2025-05-14 17:09:36,954128fcac07cd2d6118bc252146e61ffacec0b0ff3163bf030479711ffb3947,896699,2033060.0,567.0,0.000279,1,2,222
2025-05-14 17:09:36,0b5fac7a8e4cc4a3304a02f4ac2ade30329b60e8452c397a35dacfde8f02e8d8,896699,4578.0,1496.0,0.32678,2,2,372
2025-05-14 17:09:36,bb7fc97cc2bb7e1026a78090e14c94f55344ac06ae38d7b872c271149d26e819,896699,253833.0,1496.0,0.005894,2,2,372
2025-05-14 17:09:36,27bfefb63287406f4eedf030bed5d5c8238a8b77214ec2c9fc6b50fec9d8d9f1,896699,49586.0,1484.0,0.029928,2,2,369
2025-05-14 17:09:36,0f248b07fbe70d5c3654d5d228158f7d13f1ec201e2235b9631354733bf085db,896699,17736.0,716.0,0.04037,2,1,340
2025-05-14 17:09:36,59100b4ee52029d6762c59ebd9b63eb13050be3e1f4409cf682f045fa638ef3b,896699,190161.0,716.0,0.003765,2,1,340
2025-05-14 17:09:36,1269884c3c8eeab87f41356810274c6f9efbb2d3e24eded72bb66a6e20853d7f,896699,10488.0,1360.0,0.129672,2,1,338
2025-05-14 17:09:36,3d3d594d67419115d75a8070b889127fbdbfb0a853e21ac74492a7290721c0fe,896699,18682271.0,572.0,3.1e-05,1,2,193
2025-05-14 17:09:36,81a3d410cad82dfb0b3141a39b5e370cdc77ee224a68db429e18e857b998982d,896699,19260817.0,572.0,3e-05,1,2,193
2025-05-14 17:09:36,7ff57c073fa4ed81f09f9c3a7ead02d89f90a977ef18a2a379b5d9fc6cd78a7b,896699,73430.0,568.0,0.007735,1,2,222
2025-05-14 17:09:36,82acf89a8193b19b241431e4c574b871ed0b9117a0e38a5f8cc7a4a34ce76913,896699,18690814.0,568.0,3e-05,1,2,222
2025-05-14 17:09:36,2511f0528ace04692cfd3738468ec0785d3897855632db33d4376cf5e2ffb5ab,896699,206268.0,564.0,0.002734,1,2,221
2025-05-14 17:09:36,e5a8b01e3ff3c49bbe4a3fc87d218bac6b0a1f2e5988f206cd45bd407600bd44,896699,1259478.0,996.0,0.000791,3,1,490
2025-05-14 17:09:36,8c0ca6b9e0449536d0053c9b636408123b22cc4b39a4e3fa0d316eb3ad00c6ac,896699,5595.0,896.0,0.160143,1,2,222
2025-05-14 17:09:36,7e0d18688f320a596e84026dbf4df779e957aaaa4145318e325296b16651459f,896699,9992005.0,448.0,4.5e-05,1,1,162
2025-05-14 17:09:36,54fbd12038e77bc390f0910f187adfdd5ad9fe47e23e9aeeab4bdc975db9b24e,896699,9992005.0,448.0,4.5e-05,1,1,162
2025-05-14 17:09:36,a2ba71d2537dee5d82e5ddad002fc37b85600d0e242f473bdf53dabe84d6fa41,896699,9992005.0,448.0,4.5e-05,1,1,162
2025-05-14 17:09:36,0c01f52d836c0a00acf57bf350ae3b183d81f86192d69d251714d338a4b3d33f,896699,9992005.0,448.0,4.5e-05,1,1,162
2025-05-14 17:09:36,f8a5fbd44e187510f4412606bcb5dbd14a002f0c05695e1bbb73f23971b95bf6,896699,15000.0,400.0,0.026667,1,1,150
2025-05-14 17:09:36,1f7d70e24b79c83477b6d11a2819681543f4b18b0e56f9798cb62c07b2088fd3,896699,6142607.0,582.0,9.5e-05,1,2,225
2025-05-14 17:09:36,c3e616b21cbceb05084f43fa113b0cad55bb9987cf14c11aec118f33ecd32a7c,896699,2415.0,1492.0,0.617805,2,2,369
2025-05-14 17:09:36,0b89cbf37560de1ff527fa44fb17c1ef9469e9b750b1bed1a6434e8539b88d4e,896699,948208.0,1492.0,0.001573,1,2,369
2025-05-14 17:09:36,03ea4c5b579151add2c5f7adfda255f5c2151d2cdd99d5a56ed17dfe2adf85ec,896699,6017012.0,988.0,0.000164,1,3,435
2025-05-14 17:09:36,65a22cfaead3f1bc6728bda95c476800ad76ba0cf849c38fe4edeeeededd3eb0,896699,4843939.0,1268.0,0.000262,4,1,637
2025-05-14 17:09:36,4c9a440a91bb9520a0e907ae4a055ea80cb640d6fa0bcb52b8347255fe52dbd2,896699,2090300.0,573.0,0.000274,1,2,222
2025-05-14 17:09:36,9960c2ce73d3c311c4b4f1cfacb3c8f59d75939e9b84d20dcc5a83bc52428fb8,896699,30407524.0,117872.0,0.003876,426,2,63306
2025-05-14 17:09:36,527e96d8789f372066d4f0993dca6de3fb806a3d41f0c7467d33af2758d210af,896699,27848284.0,904.0,3.2e-05,1,2,222
2025-05-14 17:09:36,82b85e7478965096b673a4137818f6db0fda55395b0195b21716eee2df310b45,896699,15633.0,904.0,0.057826,1,2,222
2025-05-14 17:09:36,7cdbacd2d9e38c7e2ee5ecab2855d0968ce8a7d9040e1190f9bd7a5d8cbfa708,896699,674145.0,2004.0,0.002973,6,2,975
2025-05-14 17:09:36,9172a5b164d2e6f3719d818ff568af13f509171c4cf591204ea7433fca48dc81,896699,249685.0,588.0,0.002355,1,2,225
2025-05-14 17:09:36,f6bf0f4cd99ae66371446f847a3404534ab41f9e57c1e55d412115dd1baeada6,896699,46942.0,580.0,0.012356,1,2,224
2025-05-14 17:09:36,63460d61d1e0a225d838dda884e4d09180ccc877f5007397231a02efca48f06f,896699,2027262.0,580.0,0.000286,1,2,223
2025-05-14 17:09:36,3a674b41b7ced1af11cd481a6074ef548912fbb24e586a75ab2f840d8e2d85ba,896699,9283728.0,768.0,8.3e-05,1,1,188
2025-05-14 17:09:36,318b64c1b453277039d6f0d385801eb8331fa0a7c17593b2d7973ede6008c8b5,896699,2141300.0,576.0,0.000269,1,2,223
2025-05-14 17:09:36,7ad00d3584b2161d8d78bfff1d7d7b9ae2d2e40d6a250482ba27a80e763ea021,896699,119984.0,576.0,0.004801,1,2,222
2025-05-14 17:09:36,0a0151f635fa31d09a3913c310eb359bec13d80f12c4a9d999a5af979d748035,896699,48521575.0,2240.0,4.6e-05,7,2,1113
2025-05-14 17:09:36,627e834c17a462748d2ff94596d577abd6dbc5918a9671652754ecc77ff7a8a9,896699,191567.0,1359.0,0.007094,3,1,827
2025-05-14 17:09:36,11655a9f6901dd9a81c456fbd533350cb4c06f0fe876e241db8475d739bb05ad,896699,3625769.0,856.0,0.000236,2,2,371
2025-05-14 17:09:36,c6ed6877ec7abdf94e750ecc44b8963c01153e57add33bcd873d31032ff3b092,896699,167392.0,578.0,0.003453,1,2,222
2025-05-14 17:09:36,fa6becb49fda3e4a360e7324d4d50a8e78de1259c0570c8c412e92c661ca18ef,896699,198486.0,675.0,0.003401,1,2,245
2025-05-14 17:09:36,98075f9388510c96f773c1035199a3cd0c41668b1e61175465d88fe7c38172d2,896699,104707.0,675.0,0.006447,1,2,245
2025-05-14 17:09:36,e306242f38d905bc24fc8aeac131cee57b677ea9e2c4b2e3c3bcd50c872c5ec0,896699,466398.0,675.0,0.001447,1,2,245
2025-05-14 17:09:36,115f34ea31ee491a25ccd55ab72dc01e1659e1242723e08a528fda1eab5572ac,896699,162900.0,675.0,0.004144,1,2,245
2025-05-14 17:09:36,003c0ad326e95b61bfd10a9dfc093080ece6501f399b849cc27e1d698824d56b,896699,67968.0,675.0,0.009931,1,2,245
2025-05-14 17:09:36,7755e41207449c837326ed2b22b3515a5858761bdb0f5542a5d3d064e7f979af,896699,290777.0,1009.0,0.00347,3,1,487
2025-05-14 17:09:36,a97db5d4e9d710dfa416e16b09b78840b305e93b01f58c00791bdfebe2b2ad49,896699,137416.0,583.0,0.004243,1,2,223
2025-05-14 17:09:36,890832c61bf7847b1b6b8f12ec43179ba6499a32c8777c7b7c13ed0d8877fe70,896699,138845.0,583.0,0.004199,1,2,222
2025-05-14 17:09:36,9e9ad496922e4ef08473bf3d535174be6f743d6299e37be2cc68c2a0b07d9ed6,896699,2620318.0,1225.0,0.000468,1,7,377
2025-05-14 17:09:36,f86a09ffcfbb1f9a796277262264b84a16b641309e58791ff2867371befe0487,896699,48892.0,416.0,0.008509,1,1,151
2025-05-14 17:09:36,b507abf067858bba88acc51c514444cc6536cf7c598751c67313e201022e0df7,896699,1395147.0,1136.0,0.000814,1,6,353
2025-05-14 17:09:36,775800830f639e405393cfd0a21dcf635dcb97ef80a38ee72fa4e5cfc9cab479,896699,84607591.0,594.0,7e-06,1,2,222
2025-05-14 17:09:36,34ab39b8c4504ea4ce37dd5851f4c23d112b6fa203401cb3393a494c2b40fe91,896699,1426290.0,929.0,0.000651,2,2,382
2025-05-14 17:09:36,26bc501cc2cb39bc21b63e0916502c038f46557e5fb16dbbf7cb40c6e8ba56ba,896699,73851.0,1162.0,0.015734,1,1,154
2025-05-14 17:09:36,30a2cded0b7a99f3c606efcc17f24626c2a1671f8cf9e9c754763c4843186a6d,896699,75013.0,224.0,0.002986,1,1,406
2025-05-14 17:09:36,063dc322723cbea1ca8ff2da441be321fafd9b4b52f70f57c68f4cf8fa4a8f9c,896699,490057.0,425.0,0.000867,1,2,234
2025-05-14 17:09:36,53e0243d59ea6a19025e330b97b60b77ddf32a5dd42dca56704a1dc9848ee7fa,896699,18244500.0,874.0,4.8e-05,1,4,286
2025-05-14 17:09:36,327c63af9ff7de3ddbc90b5040d114698ce9afbeda90c602fb419c374a58d9e0,896699,187855.0,654.0,0.003481,1,2,235
2025-05-14 17:09:36,03fbddd4c0009bb753a1f34d47124259445756e816094f5b930b2b66552f98ae,896699,204214.0,958.0,0.004691,1,2,224
2025-05-14 17:09:36,8b45fcb6d1ec5f1c54850507fa04aed891a7ad2896f5acc31066a5e64e66189e,896699,2224.0,1442.0,0.648381,2,1,337
2025-05-14 17:09:36,b5ac38cd51294bfdf87fcc58e5d22b3d1b8ebc57f03acc3f528f67d9b96a6367,896699,55819628.0,1272.0,2.3e-05,1,7,379
2025-05-14 17:09:36,3cab1f518092dc4a0e918a0e9e8ac660256499da74609e9ed3d47a96a1709132,896699,1450532.0,473.0,0.000326,1,1,191
2025-05-14 17:09:36,4934a0ea5b6587082b643f964c2bc813dd3ee1bf2b2106f77f6d5955e322486a,896699,9116.0,1002.0,0.109917,1,3,284
2025-05-14 17:09:36,568b8d8195499d2c294a17dd5dbf54fce8c801ae6fae43b6a156264f7cd69faa,896699,192916209.0,31376.0,0.000163,80,1,13744
2025-05-14 17:09:36,12796370aa6242fb9f836299cbe8c6b14b8db4581c0364dcd97ac8812dbd7d54,896699,26994.0,823.0,0.030488,1,1,188
2025-05-14 17:09:36,ec7111075b359d4f2893bd21d3e1da37f6b569fdeaf3472169b183f7896212cf,896699,51990.0,958.0,0.018427,1,2,225
2025-05-14 17:09:36,534545e67bd6aef658a489f204a711b3cf79b19e578a5ddac0f1ecb500b7dc6a,896699,1822321.0,975.0,0.000535,1,2,226
2025-05-14 17:09:36,b1857f7c8db6e69bc7b53ae6559ea6f0152a813fe7632a174380cb2dd8f97cf9,896699,459042.0,958.0,0.002087,1,2,222
2025-05-14 17:09:36,73945aa70111158707ac32deb7bfd0d750d40ccf9f4e293b628447f17905cf20,896699,2456939.0,949.0,0.000386,1,3,300
2025-05-14 17:09:36,8a8593f4415fbc350d8d5684cfeeca547080e95ba6c796f435377566297257f4,896699,1428286.0,869.0,0.000608,1,3,279
2025-05-14 17:09:36,c25eb25e9c2349c075c2da4f2c59cb0e9fea9d3c56d94138dda1078882e852b7,896699,771412.0,869.0,0.001127,1,3,279
2025-05-14 17:09:36,0b9a546692d0a63facad853299cbdbf07025c3afea60ed53b1471128fd0b68a0,896699,500000.0,1380.0,0.00276,4,1,635
2025-05-14 17:09:36,915734331fd682e24e91940483f4e24ca14c331e3e98b351dae291570937eb15,896699,154206.0,1029.0,0.006673,2,1,562
2025-05-14 17:09:36,c87dc11b7f43d13269703233284abb4ab64160ef840b907c426b105f55cd87e0,896699,1461622.0,929.0,0.000636,2,2,371
2025-05-14 17:09:36,bc908428861181b7f49a6c52ecf3c34e5ae391953efa502c9ba8e6e5faae701b,896699,377056.0,929.0,0.002464,2,2,372
2025-05-14 17:09:36,d02930a4db2e448a312126663ecd105fa4aa76537a71a1eccbc5206d0068798d,896699,51641.0,929.0,0.01799,2,2,370
2025-05-14 17:09:36,bface0fc8718514d627e08202f517a4a6d205ce90c6ca6d396d7a63d783b0222,896699,167346.0,2195.0,0.013117,3,1,484
2025-05-14 17:09:36,b070409c1cb0570908cfeaa985743b0b8881eda925c609f00282066fc01ce3cd,896699,14947839.0,7692.0,0.000515,10,20,2677
2025-05-14 17:09:36,d254f4e80d2a315bb8b19f48f43766bf59fd5a34af166395746d8cfc0138c606,896699,308335.0,465.0,0.001508,1,2,205
2025-05-14 17:09:36,1693635a9beadc22062dc1bf7c111afef508c507da6940acfd23c263eee06d74,896699,7419111514.0,1000.0,0.0,1,3,302
2025-05-14 17:09:36,8a11dc76ba52c6e0229c00feadeda81d045690122e3ae350b9b3af5989bd64c2,896699,240645.0,643.0,0.002672,1,2,223
2025-05-14 17:09:36,84dda52f7ca60824c5a4f5b4d6282024b17e757de190f36b5866ac7c71b1999e,896699,297465.0,643.0,0.002162,1,2,223
2025-05-14 17:09:36,a0158d9f295aeacb7cdc1066f2091d478e5418eb81d5f67de8724fd0e2bf9330,896699,11939061.0,643.0,5.4e-05,1,2,223
2025-05-14 17:09:36,de618a4ca2d600372372fc9a8652479b4e539ef2d64ee2ca31085d4a987f4700,896699,107737.0,643.0,0.005968,1,2,223
2025-05-14 17:09:36,17c714f461dc20b0986b28f22713267dca50082622c144e18e7e0e6e99862906,896699,16775605.0,890.0,5.3e-05,1,1,192
2025-05-14 17:09:36,6a2392077e789c75843c1ee345d6bd3b12e50437efeb46ec9a8513a12cc4f2a0,896699,95337.0,657.0,0.006891,1,2,223
2025-05-14 17:09:36,2f4557ba81cbe98fd13adf96a31f10818d67b1c6f5406cf23aa9643aaf95734e,896699,40343.0,657.0,0.016285,1,2,222
2025-05-14 17:09:36,21e17bac79ab55d568d7e7577656326fe76ade08a5844685b0445bd0e9de5c00,896699,2437859.0,618.0,0.000254,1,2,183
2025-05-14 17:09:36,c45280d2078b8e313095f376fa75522d05039faa0f406d1d492ef231197221b3,896699,2446182.0,767.0,0.000314,1,2,246
2025-05-14 17:09:36,80d2a7ae599c5f060db429091d77c24db57e75fbf38982f2dc00310e5842f996,896699,2447888.0,656.0,0.000268,1,2,222
2025-05-14 17:09:36,0ce1795addec65770396a30feaaa498bf176171f92960e82509760193a396aa5,896699,908951.0,513.0,0.000564,1,1,192
2025-05-14 17:09:36,47c0d84520b22e419d3a8c87514ab9f747977a04e7d18fe02469c1dfb4d85e81,896699,1400420.0,777.0,0.000555,1,2,248
2025-05-14 17:09:36,a58d70cd2ae3b0211d39732aafe35f57b3795360d8f7a3c352dca13f225ef76e,896699,112961.0,993.0,0.008791,2,2,341
2025-05-14 17:09:36,60f18a385415d2287f2bb42766057758c63681c44657656d16689d45503f52fd,896699,362160.0,2136.0,0.005898,3,3,560
2025-05-14 17:09:36,a8013b7505cfd96503a429a21e387527031de637ee5635435320305816b9e3a2,896699,362703.0,1077.0,0.002969,3,2,601
2025-05-14 17:09:36,dcbeb48bcde545896ea7baf9df6e83536e4a31f681ec4c6c85c0f859a67d0d15,896699,6918930.0,1070.0,0.000155,1,2,414
2025-05-14 17:09:36,6a6f730e75a163b1c0573bf8ef77dcce64f3a04de76a7d6d4736cd50cda4bf21,896699,14196438.0,1448.0,0.000102,1,7,383
2025-05-14 17:09:36,f201a892b56826c216c17451b0af5a3b6406ae2ba995f09aa905bd4d9f3510e1,896699,878493.0,848.0,0.000965,2,2,373
2025-05-14 17:09:36,a5d01528e955309ccb99c3061f12fc03adc4470acb6957cde7c33b6fe2ed9696,896699,4100.0,836.0,0.203902,2,2,370
2025-05-14 17:09:36,91a5b0d3e1f8c77b14e6c8ae7fd9cddce860f8b444a94a6370ec7ed3242727a0,896699,100240.0,760.0,0.007582,1,1,189
2025-05-14 17:09:36,0226006d9bac6838d971cf2f75d1ee5bf31878a4ba16e8e5b7e45f2b2f062297,896699,43244.0,756.0,0.017482,1,1,188
2025-05-14 17:09:36,954128fcac07cd2d6118bc252146e61ffacec0b0ff3163bf030479711ffb3947,896699,2033060.0,567.0,0.000279,1,2,222
2025-05-14 17:09:36,0b5fac7a8e4cc4a3304a02f4ac2ade30329b60e8452c397a35dacfde8f02e8d8,896699,4578.0,1496.0,0.32678,2,2,372
2025-05-14 17:09:36,bb7fc97cc2bb7e1026a78090e14c94f55344ac06ae38d7b872c271149d26e819,896699,253833.0,1496.0,0.005894,2,2,372
2025-05-14 17:09:36,27bfefb63287406f4eedf030bed5d5c8238a8b77214ec2c9fc6b50fec9d8d9f1,896699,49586.0,1484.0,0.029928,2,2,369
2025-05-14 17:09:36,0f248b07fbe70d5c3654d5d228158f7d13f1ec201e2235b9631354733bf085db,896699,17736.0,716.0,0.04037,2,1,340
2025-05-14 17:09:36,59100b4ee52029d6762c59ebd9b63eb13050be3e1f4409cf682f045fa638ef3b,896699,190161.0,716.0,0.003765,2,1,340
2025-05-14 17:09:36,1269884c3c8eeab87f41356810274c6f9efbb2d3e24eded72bb66a6e20853d7f,896699,10488.0,1360.0,0.129672,2,1,338
2025-05-14 17:09:36,3d3d594d67419115d75a8070b889127fbdbfb0a853e21ac74492a7290721c0fe,896699,18682271.0,572.0,3.1e-05,1,2,193
2025-05-14 17:09:36,81a3d410cad82dfb0b3141a39b5e370cdc77ee224a68db429e18e857b998982d,896699,19260817.0,572.0,3e-05,1,2,193
2025-05-14 17:09:36,7ff57c073fa4ed81f09f9c3a7ead02d89f90a977ef18a2a379b5d9fc6cd78a7b,896699,73430.0,568.0,0.007735,1,2,222
2025-05-14 17:09:36,82acf89a8193b19b241431e4c574b871ed0b9117a0e38a5f8cc7a4a34ce76913,896699,18690814.0,568.0,3e-05,1,2,222
2025-05-14 17:09:36,2511f0528ace04692cfd3738468ec0785d3897855632db33d4376cf5e2ffb5ab,896699,206268.0,564.0,0.002734,1,2,221
2025-05-14 17:09:36,e5a8b01e3ff3c49bbe4a3fc87d218bac6b0a1f2e5988f206cd45bd407600bd44,896699,1259478.0,996.0,0.000791,3,1,490
2025-05-14 17:09:36,8c0ca6b9e0449536d0053c9b636408123b22cc4b39a4e3fa0d316eb3ad00c6ac,896699,5595.0,896.0,0.160143,1,2,222
2025-05-14 17:09:36,7e0d18688f320a596e84026dbf4df779e957aaaa4145318e325296b16651459f,896699,9992005.0,448.0,4.5e-05,1,1,162
2025-05-14 17:09:36,54fbd12038e77bc390f0910f187adfdd5ad9fe47e23e9aeeab4bdc975db9b24e,896699,9992005.0,448.0,4.5e-05,1,1,162
2025-05-14 17:09:36,a2ba71d2537dee5d82e5ddad002fc37b85600d0e242f473bdf53dabe84d6fa41,896699,9992005.0,448.0,4.5e-05,1,1,162
2025-05-14 17:09:36,0c01f52d836c0a00acf57bf350ae3b183d81f86192d69d251714d338a4b3d33f,896699,9992005.0,448.0,4.5e-05,1,1,162
2025-05-14 17:09:36,f8a5fbd44e187510f4412606bcb5dbd14a002f0c05695e1bbb73f23971b95bf6,896699,15000.0,400.0,0.026667,1,1,150
2025-05-14 17:09:36,1f7d70e24b79c83477b6d11a2819681543f4b18b0e56f9798cb62c07b2088fd3,896699,6142607.0,582.0,9.5e-05,1,2,225
2025-05-14 17:09:36,c3e616b21cbceb05084f43fa113b0cad55bb9987cf14c11aec118f33ecd32a7c,896699,2415.0,1492.0,0.617805,2,2,369
2025-05-14 17:09:36,0b89cbf37560de1ff527fa44fb17c1ef9469e9b750b1bed1a6434e8539b88d4e,896699,948208.0,1492.0,0.001573,1,2,369
2025-05-14 17:09:36,03ea4c5b579151add2c5f7adfda255f5c2151d2cdd99d5a56ed17dfe2adf85ec,896699,6017012.0,988.0,0.000164,1,3,435
2025-05-14 17:09:36,65a22cfaead3f1bc6728bda95c476800ad76ba0cf849c38fe4edeeeededd3eb0,896699,4843939.0,1268.0,0.000262,4,1,637
2025-05-14 17:09:36,4c9a440a91bb9520a0e907ae4a055ea80cb640d6fa0bcb52b8347255fe52dbd2,896699,2090300.0,573.0,0.000274,1,2,222
2025-05-14 17:09:36,9960c2ce73d3c311c4b4f1cfacb3c8f59d75939e9b84d20dcc5a83bc52428fb8,896699,30407524.0,117872.0,0.003876,426,2,63306
2025-05-14 17:09:36,527e96d8789f372066d4f0993dca6de3fb806a3d41f0c7467d33af2758d210af,896699,27848284.0,904.0,3.2e-05,1,2,222
2025-05-14 17:09:36,82b85e7478965096b673a4137818f6db0fda55395b0195b21716eee2df310b45,896699,15633.0,904.0,0.057826,1,2,222
2025-05-14 17:09:36,7cdbacd2d9e38c7e2ee5ecab2855d0968ce8a7d9040e1190f9bd7a5d8cbfa708,896699,674145.0,2004.0,0.002973,6,2,975
2025-05-14 17:09:36,9172a5b164d2e6f3719d818ff568af13f509171c4cf591204ea7433fca48dc81,896699,249685.0,588.0,0.002355,1,2,225
2025-05-14 17:09:36,f6bf0f4cd99ae66371446f847a3404534ab41f9e57c1e55d412115dd1baeada6,896699,46942.0,580.0,0.012356,1,2,224
2025-05-14 17:09:36,63460d61d1e0a225d838dda884e4d09180ccc877f5007397231a02efca48f06f,896699,2027262.0,580.0,0.000286,1,2,223
2025-05-14 17:09:36,3a674b41b7ced1af11cd481a6074ef548912fbb24e586a75ab2f840d8e2d85ba,896699,9283728.0,768.0,8.3e-05,1,1,188
2025-05-14 17:09:36,318b64c1b453277039d6f0d385801eb8331fa0a7c17593b2d7973ede6008c8b5,896699,2141300.0,576.0,0.000269,1,2,223
2025-05-14 17:09:36,7ad00d3584b2161d8d78bfff1d7d7b9ae2d2e40d6a250482ba27a80e763ea021,896699,119984.0,576.0,0.004801,1,2,222
2025-05-14 17:09:36,0a0151f635fa31d09a3913c310eb359bec13d80f12c4a9d999a5af979d748035,896699,48521575.0,2240.0,4.6e-05,7,2,1113
2025-05-14 17:09:36,627e834c17a462748d2ff94596d577abd6dbc5918a9671652754ecc77ff7a8a9,896699,191567.0,1359.0,0.007094,3,1,827
2025-05-14 17:09:36,11655a9f6901dd9a81c456fbd533350cb4c06f0fe876e241db8475d739bb05ad,896699,3625769.0,856.0,0.000236,2,2,371
2025-05-14 17:09:36,c6ed6877ec7abdf94e750ecc44b8963c01153e57add33bcd873d31032ff3b092,896699,167392.0,578.0,0.003453,1,2,222
2025-05-14 17:09:36,fa6becb49fda3e4a360e7324d4d50a8e78de1259c0570c8c412e92c661ca18ef,896699,198486.0,675.0,0.003401,1,2,245
2025-05-14 17:09:36,98075f9388510c96f773c1035199a3cd0c41668b1e61175465d88fe7c38172d2,896699,104707.0,675.0,0.006447,1,2,245
2025-05-14 17:09:36,e306242f38d905bc24fc8aeac131cee57b677ea9e2c4b2e3c3bcd50c872c5ec0,896699,466398.0,675.0,0.001447,1,2,245
2025-05-14 17:09:36,115f34ea31ee491a25ccd55ab72dc01e1659e1242723e08a528fda1eab5572ac,896699,162900.0,675.0,0.004144,1,2,245
2025-05-14 17:09:36,003c0ad326e95b61bfd10a9dfc093080ece6501f399b849cc27e1d698824d56b,896699,67968.0,675.0,0.009931,1,2,245
2025-05-14 17:09:36,7755e41207449c837326ed2b22b3515a5858761bdb0f5542a5d3d064e7f979af,896699,290777.0,1009.0,0.00347,3,1,487
2025-05-14 17:09:36,a97db5d4e9d710dfa416e16b09b78840b305e93b01f58c00791bdfebe2b2ad49,896699,137416.0,583.0,0.004243,1,2,223
2025-05-14 17:09:36,890832c61bf7847b1b6b8f12ec43179ba6499a32c8777c7b7c13ed0d8877fe70,896699,138845.0,583.0,0.004199,1,2,222
2025-05-14 17:09:36,9e9ad496922e4ef08473bf3d535174be6f743d6299e37be2cc68c2a0b07d9ed6,896699,2620318.0,1225.0,0.000468,1,7,377
2025-05-14 17:09:36,f86a09ffcfbb1f9a796277262264b84a16b641309e58791ff2867371befe0487,896699,48892.0,416.0,0.008509,1,1,151
2025-05-14 17:09:36,b507abf067858bba88acc51c514444cc6536cf7c598751c67313e201022e0df7,896699,1395147.0,1136.0,0.000814,1,6,353
2025-05-14 17:09:36,775800830f639e405393cfd0a21dcf635dcb97ef80a38ee72fa4e5cfc9cab479,896699,84607591.0,594.0,7e-06,1,2,222
2025-05-14 17:09:36,34ab39b8c4504ea4ce37dd5851f4c23d112b6fa203401cb3393a494c2b40fe91,896699,1426290.0,929.0,0.000651,2,2,382
2025-05-14 17:09:36,26bc501cc2cb39bc21b63e0916502c038f46557e5fb16dbbf7cb40c6e8ba56ba,896699,73851.0,1162.0,0.015734,1,1,154
2025-05-14 17:09:36,30a2cded0b7a99f3c606efcc17f24626c2a1671f8cf9e9c754763c4843186a6d,896699,75013.0,224.0,0.002986,1,1,406
2025-05-14 17:09:36,063dc322723cbea1ca8ff2da441be321fafd9b4b52f70f57c68f4cf8fa4a8f9c,896699,490057.0,425.0,0.000867,1,2,234
2025-05-14 17:09:36,53e0243d59ea6a19025e330b97b60b77ddf32a5dd42dca56704a1dc9848ee7fa,896699,18244500.0,874.0,4.8e-05,1,4,286
2025-05-14 17:09:36,327c63af9ff7de3ddbc90b5040d114698ce9afbeda90c602fb419c374a58d9e0,896699,187855.0,654.0,0.003481,1,2,235
2025-05-14 17:09:36,03fbddd4c0009bb753a1f34d47124259445756e816094f5b930b2b66552f98ae,896699,204214.0,958.0,0.004691,1,2,224
2025-05-14 17:09:36,8b45fcb6d1ec5f1c54850507fa04aed891a7ad2896f5acc31066a5e64e66189e,896699,2224.0,1442.0,0.648381,2,1,337
2025-05-14 17:09:36,b5ac38cd51294bfdf87fcc58e5d22b3d1b8ebc57f03acc3f528f67d9b96a6367,896699,55819628.0,1272.0,2.3e-05,1,7,379
2025-05-14 17:09:36,3cab1f518092dc4a0e918a0e9e8ac660256499da74609e9ed3d47a96a1709132,896699,1450532.0,473.0,0.000326,1,1,191
2025-05-14 17:09:36,4934a0ea5b6587082b643f964c2bc813dd3ee1bf2b2106f77f6d5955e322486a,896699,9116.0,1002.0,0.109917,1,3,284
2025-05-14 17:09:36,568b8d8195499d2c294a17dd5dbf54fce8c801ae6fae43b6a156264f7cd69faa,896699,192916209.0,31376.0,0.000163,80,1,13744
2025-05-14 17:09:36,12796370aa6242fb9f836299cbe8c6b14b8db4581c0364dcd97ac8812dbd7d54,896699,26994.0,823.0,0.030488,1,1,188
2025-05-14 17:09:36,ec7111075b359d4f2893bd21d3e1da37f6b569fdeaf3472169b183f7896212cf,896699,51990.0,958.0,0.018427,1,2,225
2025-05-14 17:09:36,534545e67bd6aef658a489f204a711b3cf79b19e578a5ddac0f1ecb500b7dc6a,896699,1822321.0,975.0,0.000535,1,2,226
2025-05-14 17:09:36,b1857f7c8db6e69bc7b53ae6559ea6f0152a813fe7632a174380cb2dd8f97cf9,896699,459042.0,958.0,0.002087,1,2,222
2025-05-14 17:09:36,73945aa70111158707ac32deb7bfd0d750d40ccf9f4e293b628447f17905cf20,896699,2456939.0,949.0,0.000386,1,3,300
2025-05-14 17:09:36,8a8593f4415fbc350d8d5684cfeeca547080e95ba6c796f435377566297257f4,896699,1428286.0,869.0,0.000608,1,3,279
2025-05-14 17:09:36,c25eb25e9c2349c075c2da4f2c59cb0e9fea9d3c56d94138dda1078882e852b7,896699,771412.0,869.0,0.001127,1,3,279
2025-05-14 17:09:36,0b9a546692d0a63facad853299cbdbf07025c3afea60ed53b1471128fd0b68a0,896699,500000.0,1380.0,0.00276,4,1,635
2025-05-14 17:09:36,915734331fd682e24e91940483f4e24ca14c331e3e98b351dae291570937eb15,896699,154206.0,1029.0,0.006673,2,1,562
2025-05-14 17:09:36,c87dc11b7f43d13269703233284abb4ab64160ef840b907c426b105f55cd87e0,896699,1461622.0,929.0,0.000636,2,2,371
2025-05-14 17:09:36,bc908428861181b7f49a6c52ecf3c34e5ae391953efa502c9ba8e6e5faae701b,896699,377056.0,929.0,0.002464,2,2,372
2025-05-14 17:09:36,d02930a4db2e448a312126663ecd105fa4aa76537a71a1eccbc5206d0068798d,896699,51641.0,929.0,0.01799,2,2,370
2025-05-14 17:09:36,bface0fc8718514d627e08202f517a4a6d205ce90c6ca6d396d7a63d783b0222,896699,167346.0,2195.0,0.013117,3,1,484
2025-05-14 17:09:36,b070409c1cb0570908cfeaa985743b0b8881eda925c609f00282066fc01ce3cd,896699,14947839.0,7692.0,0.000515,10,20,2677
2025-05-14 17:09:36,d254f4e80d2a315bb8b19f48f43766bf59fd5a34af166395746d8cfc0138c606,896699,308335.0,465.0,0.001508,1,2,205
2025-05-14 17:09:36,1693635a9beadc22062dc1bf7c111afef508c507da6940acfd23c263eee06d74,896699,7419111514.0,1000.0,0.0,1,3,302
2025-05-14 17:09:36,8a11dc76ba52c6e0229c00feadeda81d045690122e3ae350b9b3af5989bd64c2,896699,240645.0,643.0,0.002672,1,2,223
2025-05-14 17:09:36,84dda52f7ca60824c5a4f5b4d6282024b17e757de190f36b5866ac7c71b1999e,896699,297465.0,643.0,0.002162,1,2,223
2025-05-14 17:09:36,a0158d9f295aeacb7cdc1066f2091d478e5418eb81d5f67de8724fd0e2bf9330,896699,11939061.0,643.0,5.4e-05,1,2,223
2025-05-14 17:09:36,de618a4ca2d600372372fc9a8652479b4e539ef2d64ee2ca31085d4a987f4700,896699,107737.0,643.0,0.005968,1,2,223
2025-05-14 17:09:36,17c714f461dc20b0986b28f22713267dca50082622c144e18e7e0e6e99862906,896699,16775605.0,890.0,5.3e-05,1,1,192
2025-05-14 17:09:36,6a2392077e789c75843c1ee345d6bd3b12e50437efeb46ec9a8513a12cc4f2a0,896699,95337.0,657.0,0.006891,1,2,223
2025-05-14 17:09:36,2f4557ba81cbe98fd13adf96a31f10818d67b1c6f5406cf23aa9643aaf95734e,896699,40343.0,657.0,0.016285,1,2,222
2025-05-14 17:09:36,21e17bac79ab55d568d7e7577656326fe76ade08a5844685b0445bd0e9de5c00,896699,2437859.0,618.0,0.000254,1,2,183
2025-05-14 17:09:36,c45280d2078b8e313095f376fa75522d05039faa0f406d1d492ef231197221b3,896699,2446182.0,767.0,0.000314,1,2,246
2025-05-14 17:09:36,80d2a7ae599c5f060db429091d77c24db57e75fbf38982f2dc00310e5842f996,896699,2447888.0,656.0,0.000268,1,2,222
2025-05-14 17:09:36,0ce1795addec65770396a30feaaa498bf176171f92960e82509760193a396aa5,896699,908951.0,513.0,0.000564,1,1,192
2025-05-14 17:09:36,47c0d84520b22e419d3a8c87514ab9f747977a04e7d18fe02469c1dfb4d85e81,896699,1400420.0,777.0,0.000555,1,2,248
2025-05-14 17:09:36,a58d70cd2ae3b0211d39732aafe35f57b3795360d8f7a3c352dca13f225ef76e,896699,112961.0,993.0,0.008791,2,2,341
2025-05-14 17:09:36,60f18a385415d2287f2bb42766057758c63681c44657656d16689d45503f52fd,896699,362160.0,2136.0,0.005898,3,3,560
2025-05-14 17:09:36,a8013b7505cfd96503a429a21e387527031de637ee5635435320305816b9e3a2,896699,362703.0,1077.0,0.002969,3,2,601
2025-05-14 17:09:36,dcbeb48bcde545896ea7baf9df6e83536e4a31f681ec4c6c85c0f859a67d0d15,896699,6918930.0,1070.0,0.000155,1,2,414
2025-05-14 17:09:36,6a6f730e75a163b1c0573bf8ef77dcce64f3a04de76a7d6d4736cd50cda4bf21,896699,14196438.0,1448.0,0.000102,1,7,383
2025-05-14 18:14:07,851841848c638fb3f5759d73a14a20fe1761f4ba0637ce59330a157f16dde9e1,896704,13312.0,462.0,0.034706,1,2,193
2025-05-14 18:14:07,8a2ab7dbf9df3afd5de524b24be45aff23853285c6e73fab172235edd1cb5be0,896704,187314.0,462.0,0.002466,1,2,193
2025-05-14 18:14:07,3cb7e07d88ce9afc9a409e82cc6a8f1b80ec9bca5238f61afba713788fac7eb4,896704,25248.0,462.0,0.018298,1,2,193
2025-05-14 18:14:07,a817e224fc1ea9877d8d32703ad0594cc4ac6a83a1d79799921885882475a969,896704,90110.0,462.0,0.005127,1,2,193
2025-05-14 18:14:07,01ca768f9006abf45e99e9065eafbbf93bc958ba19ce268516a871a72b61f644,896704,18002.0,462.0,0.025664,1,2,193
2025-05-14 18:14:07,6f69012e551850819dc25912c24fb5a626db6d4c6af0c0607a1e93e685a7f992,896704,28151.0,459.0,0.016305,1,2,223
2025-05-14 18:14:07,a459271cecc7254eb3d3a5b6ecdaee98b3bdff1dc16ced203d11295f5757ea24,896704,258533.0,459.0,0.001775,1,2,223
2025-05-14 18:14:07,6b3c432c374eb8c65e7846de400a4885c67a8a1efc62a37c0b93bd690937e48d,896704,4095612.0,1342.0,0.000328,5,2,816
2025-05-14 18:14:07,47b97d3004de50728842489f81e9400e4734ab4d569a1c7d543a4bcd094cb269,896704,2910204.0,1342.0,0.000461,5,2,817
2025-05-14 18:14:07,915cbb2bfd08dce8b8ab21c1fd2de23b5de3db5fc6e9c4291d3e614aba9f464e,896704,190837.0,949.0,0.004973,2,2,373
2025-05-14 18:14:07,da6d0e993b9e96da618f35192c0a2ffe0a035bb984185bef5db9a4b2009d33a0,896704,30752459.0,460.0,1.5e-05,1,2,222
2025-05-14 18:14:07,5d1b44adebde413f72766f485b7a83db346461bf181e9eaa9a1ba414fd8fc299,896704,109096.0,614.0,0.005628,1,2,224
2025-05-14 18:14:07,fb87afc6f89e7419456e03845ed4e3fb7776f43d0954fa3d3cc28e18da6eb1c1,896704,144675.0,322.0,0.002226,1,2,226
2025-05-14 18:14:07,ee9e35e4a10bc1094106671dfa1bc603f896c788aab0fdb9029cccf314a3130c,896704,9909.0,1097.0,0.110707,3,4,485
2025-05-14 18:14:07,0e37db24388ee5327243e9aa76a58d1e4839a6d4c9db64ed74565782ed7a5b71,896704,260658.0,731.0,0.002804,1,2,223
2025-05-14 18:14:07,d7a8260bcd1f18776e5b51a2a7d29ba621405b93e17a5b60d641969327a5e509,896704,531535.0,731.0,0.001375,1,2,223
2025-05-14 18:14:07,deda9bea26e1a2b8790dddebef994dc88f79b2ca528602e888c1a2512f60b825,896704,893836.0,584.0,0.000653,1,2,226
2025-05-14 18:14:07,3d10c7ac1e4a18021cf40f30644d0809ecb0ecc673a177a83b1c73b5229c2e6a,896704,895133.0,438.0,0.000489,1,2,222
2025-05-14 18:14:07,dcae89628d7b39995eb58b8fc686d6b76fc880268b337f7ee10a204bd97ee3a0,896704,896365.0,438.0,0.000489,1,2,226
2025-05-14 18:14:07,5b517470b3b512314fadb4e8533d5759c488c9f5eb56e607dc30fa2d1d4bc1a9,896704,4876175048.0,1230.0,0.0,3,1,489
2025-05-14 18:14:07,0246dc6c3f3eac447a60a49d374293c823277c352851c5552199663e2620bf3b,896704,300.0,110.0,0.366667,1,1,191
2025-05-14 18:14:07,158614cc2f6eedfe04f0e9025a772cc2ae785761ab6a5bf8171b3cc77778ae5c,896704,897213.0,292.0,0.000325,1,2,222
2025-05-14 18:14:07,9e8e6062efc0288862ad024a37e9995def6c524df42ec481df9306f8285c1c51,896704,845643.0,605.0,0.000715,1,2,223
2025-05-14 18:14:07,06d9aaa3ac027cf741f1014ee0dcfedbce17040c0d2552abf4f3d5524367cc85,896704,976364.0,322.0,0.00033,1,2,223
2025-05-14 18:14:07,97c24d27b7de757d84c2d2823aa71cdb1cc4d4ff8fd2ec1f2773cf8d9a7caabe,896704,52448.0,697.0,0.013289,2,2,374
2025-05-14 18:14:07,43eeabff0539beb1ad82205bde692ce6c8ac563d7a2ddf06d2f1f41cdb5ed782,896704,92845.0,697.0,0.007507,2,2,374
2025-05-14 18:14:07,18ce1a9589a7078d2ea36cad47e4354df7b1ccb72bc7bced78c44d5fb144e5dd,896704,964976.0,816.0,0.000846,3,1,491
2025-05-14 18:14:07,5c90d399deb60b8e29d7413264673679e59d6983a105c62a27bbfa4d6140dd55,896704,1081867.0,731.0,0.000676,1,2,222
2025-05-14 18:14:07,004aa8f9c9c1c9cd1532857799188de7a60bc701c820dc53e9ee175801e27219,896704,1060212.0,731.0,0.000689,1,2,222
2025-05-14 18:14:07,58efe9e125f74f88960dfe3b116203cf8bec528da65aede23a051bea911d060b,896704,335300.0,731.0,0.00218,1,2,222
2025-05-14 18:14:07,6454b9633ae9dd1146fb720a9bbc04c24bdad6f6fd15c7d2e0a9cd92454cdf1d,896704,2761135.0,1031.0,0.000373,4,1,637
2025-05-14 18:14:07,d59e405824761f2df6b6c5a86765e7b4776bb6a9e5c507afb28d6d2d803a00ff,896704,471464.0,366.0,0.000776,1,1,192
2025-05-14 18:14:07,777cca4ec8da089101c920fa120515d0c4f0817663db68b1e1a3b64c75de8bbb,896704,338797.0,914.0,0.002698,3,2,520
2025-05-14 18:14:07,35ff10ae17f10e926d9cac3feb08d0f0815ec52cff33b8abb69858358fb5bf33,896704,21967181.0,914.0,4.2e-05,3,2,520
2025-05-14 18:14:07,0dea675eab23109b5a246fdd13aa1fdce63a8c2ec3f1c1a213f2578cc5563263,896704,297295.0,736.0,0.002476,1,2,223
2025-05-14 18:14:07,5b967fe60f207add84bbf961fcbac9f6808167cfcc06578b19ad4b39b448d143,896704,41713.0,634.0,0.015199,1,1,192
2025-05-14 18:14:07,b71513b4a7ee011b523b1afaffe34fb35ff5f4000cd36e9df119d10725be0b77,896704,177279.0,469.0,0.002646,1,2,223
2025-05-14 18:14:07,7865d8e867142a401eee8ceee897d2c9231ecb1f8162b4939f7364098b1fbd1b,896704,413877.0,403.0,0.000974,1,1,203
2025-05-14 18:14:07,06838292a06e9db4c3e256d120a5b31fdda1117fc26f7218525c277cafdcb3de,896704,68643244.0,466.0,7e-06,1,2,222
2025-05-14 18:14:07,43882138aecc4f10e4cdf145dbfe900e8d581f6083fa326c0d17f2e44bf65dde,896704,585341606.0,466.0,1e-06,1,2,222
2025-05-14 18:14:07,ed268439ab3061d1f178e32abb5b1df4b4d665756a14d78a75df4602a79843c5,896704,273583572.0,466.0,2e-06,1,2,222
2025-05-14 18:14:07,86187f8fd3c45cd0e5e348e60fe1143093e169d24e5c4c0e91154b05f712f09f,896704,645515695.0,466.0,1e-06,1,2,222
2025-05-14 18:14:07,86184895fb4640c3e7de1ee3f13631e2ca5d81589bd4c52c785fb083051fa898,896704,662420467.0,466.0,1e-06,1,2,222
2025-05-14 18:14:07,0f72ceda24582ec02b5e0bfc6a4bee70b9a896e7ca3d62c389db917e634bd38e,896704,424229476.0,466.0,1e-06,1,2,222
2025-05-14 18:14:07,c960150666675c968a63c11b751f3ccdd635b1c50788767fc019b2a8ac7da08b,896704,1091939.0,466.0,0.000427,1,2,222
2025-05-14 18:14:07,ee282a79361b860e9ef945124e3828d4f23b38d21687d4676736046d02965d78,896704,555411883.0,466.0,1e-06,1,2,222
2025-05-14 18:14:07,1a4f174e899e6bd2a8aee507475b8e30f5ff35c0fec900c8f6209396fe8ea319,896704,482872386.0,466.0,1e-06,1,2,222
2025-05-14 18:14:07,caf8bfd6cee0a97da502b7cec87d8d1470c5812ec8cccc4841373d97a578c515,896704,1225362.0,466.0,0.00038,1,2,222
2025-05-14 18:14:07,0bf27eb75d9f2ce639af9baa5328b46956a1018c4009d263ec5f973ea9763b0c,896704,473802131.0,466.0,1e-06,1,2,222
2025-05-14 18:14:07,a1f3c6bdccfa97b9a0ff7ac9d358e251e140a2eb387a89af2574db42383e2c02,896704,6145654.0,466.0,7.6e-05,1,2,222
2025-05-14 18:14:07,8e9b7a2785b379a1903dfe270eda4ea4df47cf8e5a80ad7d54c32b1fa0081087,896704,25151481.0,476.0,1.9e-05,1,2,225
2025-05-14 18:14:07,08a7090cf08571a59f8ca0dd26ab7a9b13e60aa8d6f831c9bf67e79a66ae7078,896704,1412955.0,476.0,0.000337,1,2,225
2025-05-14 18:14:07,2c6f3f116d209dd0fe55503e9899bd207ec604ec95fb79baed0e7283add05530,896704,562915585.0,476.0,1e-06,1,2,225
2025-05-14 18:14:07,689ee217fef99377180d685b58a48311d6d95d1e49c0eb5994f00cb261cf2d43,896704,1601009.0,572.0,0.000357,1,3,254
2025-05-14 18:14:07,9ed366553d99febceb08088ebb08339f384adde6157f32e2f69c6788991c5199,896704,8964535818.0,15279.0,2e-06,31,10,10507
2025-05-14 18:14:07,d6fc44b319ce11fec83600a407ea1cd78b642ca0566aeb7d72cdfa45f568a2f3,896704,1045173.0,731.0,0.000699,1,2,221
2025-05-14 18:14:07,73bbfd8e763a455f78c291f1320aa3f48bb11984cfc16d306de7fdb46df7da9e,896704,691431.0,599.0,0.000866,2,1,344
2025-05-14 18:14:07,3d1fc8e5292a43fc2903ab2fb4d580e4dc43a734b168dbcd588e42bb869da64e,896704,3202401.0,599.0,0.000187,2,1,344
2025-05-14 18:14:07,ada51fd620797a998fba91feb2623fde94a896e9b580517f93a3ce14c2d5de25,896704,1230937.0,695.0,0.000565,2,2,373
2025-05-14 18:14:07,e30483292282bfadcdce4ba056f1da7a3ac88ae95a13bb6df65960c85b552e13,896704,64377.0,914.0,0.014198,3,2,518
2025-05-14 18:14:07,c2a9006fa1222582da96f7a0135b52543be4f1b604e4c466d00c51bb16260940,896704,504421929.0,3027.0,6e-06,3,17,1064
2025-05-14 18:14:07,616ae0a5800fe13f9940116cc0263a35108b5ac1f1bd280637850ab3b84f1b14,896704,8322908.0,828.0,9.9e-05,2,1,631
2025-05-14 18:14:07,fc847166449e2f562268bc24b958a78b3370436914bf1e8886b60fac181948c1,896704,16165269.0,8555.0,0.000529,35,6,5393
2025-05-14 18:14:07,f66316252031f01b7498d9c791fc4233ae50fbe8efaa1ca515da366b9d2741fe,896704,91976.0,467.0,0.005077,1,2,222
2025-05-14 18:14:07,612eeb854c6b3c365ebef2206ea5f5721bb75941f4b7f4fda51e2524ecc1d2f8,896704,32565627.0,467.0,1.4e-05,1,2,222
2025-05-14 18:14:07,5e2828619d2cbc6f18d3341240492ebcb577aaadda1146c5e8c9476d505ebd8c,896704,8821148.0,467.0,5.3e-05,1,2,222
2025-05-14 18:14:07,43f6d948b369caee4cc9a00ceb711196b240a2172ccc2b0e8bb2b0d1cefa502a,896704,12250202.0,467.0,3.8e-05,1,2,222
2025-05-14 18:14:07,68e0a134b6616b3a77fbdd6b858cc482ec87eff8e97f582d1121288a9b0bfafb,896704,3489643088.0,1454.0,0.0,3,1,943
2025-05-14 18:14:07,3b6474d1f7eb6d567d8ea0c03416c7a673d2f23eedfbe552f190388ad441e35c,896704,18740458.0,3617.0,0.000193,15,2,2296
2025-05-14 18:14:07,93bcd0eb809cc948f5353f92f28a3bb0f4860ccf93ceda339070586642620e63,896704,6378854.0,997.0,0.000156,1,7,382
2025-05-14 18:14:07,098c085f8852bd1fbfb5fb309ffd7b3fd1c3ac7f90af50e55f8580532b13b8ad,896704,466995094.0,1262.0,3e-06,5,1,783
2025-05-14 18:14:07,2498f56d99a4f3595ffe9ae0d46fb332233dc37bae16561914016cd9854964d0,896704,1800521.0,2057.0,0.001142,8,2,1264
2025-05-14 18:14:07,0457ca55cb19dc96638c0e2eaff872dff514545199c208386a8640cd01abc68c,896704,1972248.0,477.0,0.000242,1,2,225
2025-05-14 18:14:07,170bd46181459f986f40ca87dc56bdfe0c0f47f3926bbc61677546849b54c830,896704,5218202.0,689.0,0.000132,2,2,370
2025-05-14 18:14:07,57e2f56b6aba16c03a7df140ce448bb5f98f11485f9e0f49b9fa00e4cd3c0956,896704,1681550.0,2647.0,0.001574,8,2,1442
2025-05-14 18:14:07,459faabf778497ccb5f6c445f6fc7933f468abedf59b2b392256ead44733d80b,896704,486048689.0,2985.0,6e-06,1,26,982
2025-05-14 18:14:07,79f5985b82c69c33231a6673703ab42859d93ebfa38842dc85f3a2812a07e82c,896704,1157386584.0,2624.0,2e-06,1,22,874
2025-05-14 18:14:07,95496627d0669f7e018c38f4f67e1a5e4af8fc146abec0269ac57574d9281c0d,896704,24053501.0,550.0,2.3e-05,1,2,247
2025-05-14 18:14:07,a5b71dfdd56eeffee20315d49d668d632a6462d135e6c774453335990355daf7,896704,5918391.0,898.0,0.000152,1,6,352
2025-05-14 18:14:07,6c7d1c6b4a466ee94ba2693e0184c3750ecf09b70defe0eaa1e38338c3a01b04,896704,3317.0,570.0,0.171842,1,3,253
2025-05-14 18:14:07,8c847d18cf66fc4e7553c32a2bbe0809f7f56d99006fa419329e5864830c05a6,896704,1150545.0,726.0,0.000631,1,2,219
2025-05-14 18:14:07,f80165db9e7194cadb2f139647d87054c7a9e674f3c1633670c23f4e8b172383,896704,221686.0,968.0,0.004367,2,2,374
2025-05-14 18:14:07,91762e6c67cd97eb81725cdae8176418cb131191380d5a53c5c280001b423699,896704,192590.0,915.0,0.004751,3,2,518
2025-05-14 18:14:07,1c3aa6f1e9b43f5a387297c95b95dccc7afe0fef31feab6d44c93abab963c3f5,896704,1898680.0,683.0,0.00036,1,2,375
2025-05-14 18:14:07,48e8548cdc89b83639e8df8fdba22c87fd324d8e0910d43f6f99feb0ffd33347,896704,3943772.0,587.0,0.000149,2,1,339
2025-05-14 18:14:07,01446df2c0af0891e81844ebab50cbef99becf7cf70e8014afc5251b9739663d,896704,583860.0,1224.0,0.002096,2,2,369
2025-05-14 18:14:07,d6f35a311c3508efac1dd2459ebec24592907a2dbf233ea93a77d1742008c7c0,896704,86610.0,690.0,0.007967,2,2,370
2025-05-14 18:14:07,82816a219fa74a8be4c1de4c9fc2d41ec10fc9eed4ad5068c4f2f72614a1fc6f,896704,59110.0,690.0,0.011673,2,2,370
2025-05-14 18:14:07,f80b4449570c83e6dc8154b622d38fe1527fdda6b77d12e6ae226b10dc583e5d,896704,1343816.0,690.0,0.000513,2,2,370
2025-05-14 18:14:07,7cba16f12d733c824d2801ae38f09fafe90e08943b54a167f456380c9d25337a,896704,546.0,513.0,0.93956,1,1,312
2025-05-14 18:14:07,a829309e314a631401562c239d2633c2a4fb0e6d93ab11518c7d0bf2fe70444e,896704,3508.0,459.0,0.130844,1,2,234
2025-05-14 18:14:07,7f08700160c94fd7ac1ca50e84c7d6e0e051a85eda119f0900b5b54ef611b126,896704,159859896.0,564.0,4e-06,1,2,251
2025-05-14 18:14:07,3d7288a92536fa3481be76d99b45920241609204c523479ac8d6c30db911f80b,896704,746610.0,564.0,0.000755,1,2,251
2025-05-14 18:14:07,15b4cb6fe2b5d3ff554ab012e8595d8debf1986f0fcf9976b753f6a326c20456,896704,1623438.0,365.0,0.000225,1,1,192
2025-05-14 18:14:07,4b46a8af58f712636c89c4ad69af3d9b78edc1bbd250a8b7f1b6b238163dcd72,896704,546.0,510.0,0.934066,1,1,308
2025-05-14 18:14:07,45f6e71f027e2bb814de3db66941ec8224938064261711c9bcc30648cca4c359,896704,14926.0,459.0,0.030752,1,2,234
2025-05-14 18:14:07,27d5362998e49f9684a93c178d97666a314f8d88c78eabce67700b6f8a8566e6,896704,111159.0,697.0,0.00627,2,2,373
2025-05-14 18:14:07,e83751cc569057833c836e1702dc36d6d6b0603b54f9188d8a193a30a60b00c1,896704,99868.0,697.0,0.006979,2,2,372
2025-05-14 18:14:07,7bed6d27bec5e100e191b8e085cf66d8381794b0352056bfcbf842608ff3c2b1,896704,1638463.0,664.0,0.000405,2,2,300
2025-05-14 18:14:07,b9623a07f1c6213c84547c22bd7bd1fe9914db1fd4594b6286221576f27a82a0,896704,191475.0,1026.0,0.005358,2,5,472
2025-05-12 03:41:07,0ff84c35337e0fef0d2e5cabd648954b1fe35f90be2c37f7ee52c4167074caec,896353,944166028.0,253530.0,0.000269,3,1478,49211
2025-05-12 03:41:07,9b0ad357af7b36efc1f80ea4acd8d331cf11e93e8fd1332ca4a1c234f3c21221,896353,1885921797.0,247760.0,0.000131,6,1431,47671
2025-05-12 03:41:07,72c34b1cb0f8c0726f170212af2e4d21f801dcc07fd0d8c295741772fd21bb3a,896353,1255599566.0,126600.0,0.000101,4,727,24132
2025-05-12 03:41:07,5a1716e1ae61d48c5a3d0a5d1482017c433b363330a7eb78ed343026e9720517,896353,1207932.0,990.0,0.00082,1,1,188
2025-05-12 03:41:07,b1a79b909f62cf492ca39f08f961441f4a75d4439215f829c380e36208506e31,896353,64186636.0,1145.0,1.8e-05,1,3,297
2025-05-12 03:41:07,e7fd9e758bdf22f32be06f3c368e9f66d1feb62d9cae2ada87222375fc8fb874,896353,9618.0,953.0,0.099085,2,1,340
2025-05-12 03:41:07,5670065190c17b7c6bb7c0025ca49d250386f6cfb8ced071056a696f2312e341,896353,95475745.0,994.0,1e-05,1,3,256
2025-05-12 03:41:07,013fc5d52b8695e9db57fb457b1700892af48335fff4d2c3cc3f6de34a949a73,896353,48000.0,964.0,0.020083,1,1,150
2025-05-12 03:41:07,fa0a1b4922cc8fba8e3f8b772f11bba2d0206fb25a3027c32046e6268ad50529,896353,49511.0,489.0,0.009877,1,2,205
2025-05-12 03:41:07,0b554310feb31568bf4733e861b63cdd0f09b42945d36d2df60b8fd89fbf6bf1,896353,736716.0,1146.0,0.001556,1,3,279
2025-05-12 03:41:07,846d6cf1392d7177037de94205564125537b3930a9312f6e078c681ed39f2f35,896353,1018758.0,644.0,0.000632,1,1,191
2025-05-12 03:41:07,78fc89ba2ea26e574be447ea5cfcbb3c3ba0e9f58640dbe787357b427a377684,896353,135099070.0,907.0,7e-06,1,2,234
2025-05-12 03:41:07,2829a88d7d48700a8d14df455dcf95e2a128f8b49f7522b9082029d198669aee,896353,1984659142.0,2380.0,1e-06,3,3,562
2025-05-12 03:41:07,8a72a61dfe273373db80fcb9b9cc29bd8a49645fcf801ef87022dba9215309d0,896353,281087.0,1254.0,0.004461,2,2,371
2025-05-12 03:41:07,97432274a2f91f4d835a60e4b6bad8a94afe2ef5a702d56091020dc226d70199,896353,135557.0,1248.0,0.009206,2,2,370
2025-05-12 03:41:07,219d3b912bb075f4755342bd2421228f0fb7891e0808180ebe29e70596d0568f,896353,1785428.0,1032.0,0.000578,1,3,253
2025-05-12 03:41:07,99436953340de057f3c21daf9bfbfce957f9ff5ba98f6efd838dd36b7e05290f,896353,3528892.0,1434.0,0.000406,2,3,401
2025-05-12 03:41:07,96f583082f5acd7f5900ba11cf45d57876a8bd6276282777a7f50e2706d95e0d,896353,62536.0,846.0,0.013528,1,2,223
2025-05-12 03:41:07,935258b3b642bcc9fb1d695d5b1101437f519d15220ff601de13e91757e85602,896353,1213091.0,858.0,0.000707,1,2,193
2025-05-12 03:41:07,aabf3196994206676cc5db029e5a3ca16e0e5b9c4604ae1e7e3c344f4f274505,896353,67185747.0,2000.0,3e-05,1,8,412
2025-05-12 03:41:07,5546841b6e9ee3f4cdb08f17ae91d6b639253e3a4283c877db09c506b9a6045d,896353,47601.0,669.0,0.014054,1,1,191
2025-05-12 03:41:07,fcdfcd890a0d3a0de2c3342e7407db038d5203a0a8f3533a7e1cf9cb732707a9,896353,1730355932.0,4068.0,2e-06,2,2,665
2025-05-12 03:41:07,9f8c1b225b3e983c45d88b277510391a09aac684126c457d4293c190de6bfa15,896353,166279.0,874.0,0.005256,1,2,222
2025-05-12 03:41:07,a73bc1bf9679e68badeb9a234bfd197c17fe76a987fa905d2e80c048bfc9dfa1,896353,546.0,975.0,1.785714,1,1,336
2025-05-12 03:41:07,c17ce413da7a547872b84b190e22e9157be940ffc8d3ec492132ed5a6d9346a0,896353,99998639.0,1361.0,1.4e-05,1,3,297
2025-05-12 03:41:07,168ab487d026114aa274a3bfb9deedfa8fb0e2706a24e84a95b2650eb421ff51,896353,79102347.0,1361.0,1.7e-05,1,3,297
2025-05-12 03:41:07,c3b5acdd54ecda7ccf1ee1f8382dd9c199e99e84b4183423fc04e45bfdd20c42,896353,167032.0,918.0,0.005496,1,2,227
2025-05-12 03:41:07,ceba13ef8cb8967c6a2c0126814d89afe9b7f52a66654d84be4748c462ceff24,896353,27599.0,975.0,0.035327,1,2,205
2025-05-12 03:41:07,5849a22037a9068d149f8450c24c27ef77bf667f394f0060eb9a4270d233190b,896353,12658670.0,1326.0,0.000105,2,2,370
2025-05-12 03:41:07,727b7e9bbc1955638d1e88ceaed72800bf0e9fe39a98938b5128c62d6c77f5d9,896353,6089055.0,918.0,0.000151,1,2,223
2025-05-12 03:41:07,e6445db0b1862609ad4d71fb22354918aba8ea4ec5b3cbcd5353a553c29cd471,896353,9380682.0,1064.0,0.000113,1,2,245
2025-05-12 03:41:07,2ba03ffaf8144b0a23a67554dbae450300d30b86e0f2a416eb297325d3237af0,896353,9754121.0,918.0,9.4e-05,1,2,223
2025-05-12 03:41:07,b7bd838f29cbce59ce861604e96d1384364572369e92a493feb32d2a58d99a69,896353,159939.0,918.0,0.00574,1,2,223
2025-05-12 03:41:07,d89a6da7121d7477cb485fb69c7c21dd212fb6138e8e0ef60c45d995942dce9e,896353,4689205.0,2280.0,0.000486,1,4,346
2025-05-12 03:41:07,8ba10f36971fa817481faf93c33f029857dfebf994a412c7b4f73b7ee727c7c6,896353,85838964.0,2000.0,2.3e-05,1,7,383
2025-05-12 03:41:07,1965dd5ba146edd11ef0ccad428b9e512fd2a325877f1236574eae1f05a1ab40,896353,3078765.0,3438.0,0.001117,2,12,617
2025-05-12 03:41:07,fd0cf73a0b93452209f03daa2b4487291136d0f396d868668fef12a0760ad74e,896353,65910.0,732.0,0.011106,1,1,192
2025-05-12 03:41:07,939c69a762b8a8e2a1c479cb6da724d7283c4e4acfd8c57f8e6d74f79c1a9a02,896353,157928.0,732.0,0.004635,1,1,191
2025-05-12 03:41:07,f97adf9d148613b2064040ceef9fe209c144b4bb7d965b7af49dc219820691f6,896353,22114004.0,4452.0,0.000201,4,2,669
2025-05-12 03:41:07,f79000eecce5279739fdc69660ca3630d392066a7dddce7916be92c3804d0c5b,896353,83265051.0,2000.0,2.4e-05,1,7,381
2025-05-12 03:41:07,d39ae3d82381f49af37c2b56c494b6482e3d9479621e1dd4993e634b50ec1f0a,896353,4635997.0,747.0,0.000161,1,1,192
2025-05-12 03:41:07,23b383f928d0f0cd96d57245c6a803aa4443b64ce8398dc430c702eaca5c3e93,896353,699235.0,765.0,0.001094,1,1,194
2025-05-12 03:41:07,dc0b388a9e771c275be3e1fe282e382c387a73d2e9b3112ca6234e19ca177a7e,896353,83235.0,765.0,0.009191,1,1,194
2025-05-12 03:41:07,40f1214391f007bced854a24d4fc3e74b1f98e1303a8deee9548ac5b167441cb,896353,83646325.0,990.0,1.2e-05,1,2,197
2025-05-12 03:41:07,f9607bdc61e6529db09251f776e309658069bf6cd837c19ace1ce14009af1fea,896353,220082839.0,2567.0,1.2e-05,1,2,371
2025-05-12 03:41:07,62687ea132f2054f77dda10e7a70d5dd05d93267987a036aa151850b6f79e6ee,896353,701823.0,1148.0,0.001636,1,2,245
2025-05-12 03:41:07,f75e2346aa627641c1cadd84b89f486ba58bfa44a4dd7b5430eef31798791808,896353,243683.0,1190.0,0.004883,1,2,252
2025-05-12 03:41:07,a568c9c5c870956dbfdf172a0d6cd3ac6ee8971f4a3860a2ca01e2f51e8a5560,896353,78233.0,782.0,0.009996,1,1,162
2025-05-12 03:41:07,6bb2afa79384a7504ff38137666fbd26181906222d80e83130234dca117db300,896353,6910066.0,784.0,0.000113,1,1,192
2025-05-12 03:41:07,1b286668767277f4f05347cb7d0b6d72de568e9b4bd5660cc26114c63d48cd87,896353,102338.0,777.0,0.007592,1,1,192
2025-05-12 03:41:07,7ffd016cc5234ffcc1e41c61498806c91562a0016f86e570b871680b238e63d9,896353,17011.0,1498.0,0.088061,2,2,375
2025-05-12 03:41:07,3dcbe98f194f186b92a8dd86245c6df5b24f3dae732be211f342b1aa1bd69801,896353,282879.0,1269.0,0.004486,2,1,341
2025-05-12 03:41:07,9c177610e82d1f5ae6c4a68f337a49ca4d096097c35a5ef442c020b7ee72ac60,896353,757092.0,1022.0,0.00135,1,2,225
2025-05-12 03:41:07,3f305b2f9ebdb2bc54edd30a35f71d25257745cad928c19371e734a608eff372,896353,112930.0,784.0,0.006942,1,1,191
2025-05-12 03:41:07,65581289dd6c313f61b7228b4a7074b2b26810a164103705b8ee7b96f454ba36,896353,49216.0,784.0,0.01593,1,1,191
2025-05-12 03:41:07,c48443f1d1df396e84459a4a5b75708058aaf4fc8de4de419969797d3ed027bb,896353,583846.0,2000.0,0.003426,3,2,521
2025-05-12 03:41:07,5405898a66c37288de1cce089762fb400f84aca2b44a66f6514e164f186b5784,896353,949491.0,1183.0,0.001246,1,2,247
2025-05-12 03:41:07,106e62da027af7048ce6e5ca3fdc83dd581b36f6d016b4a9e1c69dc41baced78,896353,126956107.0,1900.0,1.5e-05,1,4,345
2025-05-12 03:41:07,754b124f01facc9e6ccd6956145757ee95c03c51cb42a10ab1f0ab15f505d3bf,896353,1918090.0,1022.0,0.000533,1,2,222
2025-05-12 03:41:07,a29413692d088e484573515c0093de2132bb187e35199eaaa64b3e037305325a,896353,29635.0,1022.0,0.034486,1,2,223
2025-05-12 03:41:07,46f03b1d94abb4a0d2b4935667187fc8d382b6340c2d5d47dc1cafa0d495223d,896353,97543.0,1022.0,0.010477,1,2,223
2025-05-12 03:41:07,23befb258fd71da966683e1b638733119ffedd868128b60d3c1461c083a90d28,896353,658799.0,1022.0,0.001551,1,2,222
2025-05-12 03:41:07,d436e5ae1cf7e3bab5faca80366b26899926b458faa034f983f661ee03273a05,896353,93025276.0,2002.0,2.2e-05,1,3,297
2025-05-12 03:41:07,e7cb3bcc6107c7fab41b45d6606e55070b7760fed9be368c67ccddb3ae8d6b6d,896353,94497278.0,1361.0,1.4e-05,1,3,297
2025-05-12 03:41:07,7e309ebec615a37a1ea3fc9d50dcf85c1eb0c7cb1bd86267d35b5cf04c131baf,896353,99998639.0,1361.0,1.4e-05,1,3,296
2025-05-12 03:41:07,be1b2ae4e07f313b8c401581813c987257f89caaf5734f510fb4ce860029c27e,896353,14440.0,1345.0,0.093144,2,1,344
2025-05-12 03:41:07,3a26391d69d87f9a562664aed43ca6fc926c686b865ae0f8528da207b243bfc0,896353,11692423.0,1064.0,9.1e-05,1,2,222
2025-05-12 03:41:07,9a7cfb8aa213d5704d13b305b8c3afe910401d120bb70e2dd02c6290dc1c4fb9,896353,33223047.0,1336.0,4e-05,1,3,256
2025-05-12 03:41:07,e2a306d012a09a673b3890ce91c63b35f3b52099aa2df0869d8273f66285eaae,896353,14442.0,1375.0,0.095208,2,1,341
2025-05-12 03:41:07,5750b049a5ec06f64f353616f8d1ea147e2bbf455b5e5b06eae4d358a03e1c29,896353,737845.0,1880.0,0.002548,2,3,406
2025-05-12 03:41:07,db81bec1437dacc6790251dcb77cff696baf9f37d0f99161795f3c50317836c6,896353,9225881.0,63595.0,0.006893,82,2,15114
2025-05-12 03:41:07,a5a13771e1c488914e7886d300dee44e0285c6866dba90002fb94630c45ffe5e,896353,27679207.0,1123.0,4.1e-05,1,2,226
2025-05-12 03:41:07,93e547a768e6df9ad4f0bee750c00ba11c29b5fecbb76cce920c3d39335a724e,896353,6104865.0,1226.0,0.000201,1,2,242
2025-05-12 03:41:07,03dc708b8b09e73621cab421098190213ef5048a4ef93e896c104f68a38240a5,896353,16610395.0,1203.0,7.2e-05,1,2,240
2025-05-12 03:41:07,0dd26f454eb9bc5fcfc65b65e170b34f088129f934db2418313f3f8cffb52ea4,896353,2625081.0,1203.0,0.000458,1,2,239
2025-05-12 03:41:07,4e562ff7f2d2814669bd7c471a546505c88e31113230dbd5dc5a034dd2138485,896353,2538979.0,1203.0,0.000474,1,2,240
2025-05-12 03:41:07,08d1d840c0b92aa487a8734701b958e0b8c671fdf57607a5a364f3fbb1611685,896353,5212681.0,1203.0,0.000231,1,2,240
2025-05-12 03:41:07,8732cc682a226171eeae8918becf07d691d686caf221dcc197d3fd5304446782,896353,2717864.0,1203.0,0.000443,1,2,240
2025-05-12 03:41:07,0574b5377f87db3eed999b734b2a829505df5db5638645759e99528a2646272d,896353,2648028.0,1203.0,0.000454,1,2,240
2025-05-12 03:41:07,d845a21a465b9740b1a25f76d6ccd3a0d11373583ad91718295275415e556f1d,896353,2396264.0,1203.0,0.000502,1,2,239
2025-05-12 03:41:07,0ae0c2c1819eb9f95eca8325f1a35b39a9c9b48ed027292f4abb62c61bc49968,896353,368789.0,2838.0,0.007695,3,2,618
2025-05-12 03:41:07,ca46d7de6cf25ad94d196c0b8ae0417cce03e2a58715696b9cff915976fa68d5,896353,114557.0,1478.0,0.012902,1,2,275
2025-05-12 03:41:07,65de4b0731af3a43f6bdc3dabc6ef364b2ba3e5cd60729ddd2e027ef9c2bda4f,896353,2998514.0,1486.0,0.000496,1,2,275
2025-05-12 03:41:07,0070f08b64afcb753ee976b9e4d954ba4e5a30e5cd5cef9c8b131c975c7444f5,896353,5016753.0,1745.0,0.000348,2,2,393
2025-05-12 03:41:07,bfb53919d438278f3d4001c58f83d022e2ca48dc0dd6809f05aebefb6ad3a5bb,896353,5376686.0,1745.0,0.000325,2,2,394
2025-05-12 03:41:07,3c63dcd9723aa72b8feb31c40294a28499c0166e3ff179af2fb1f36f5e9711e8,896353,243861.0,2020.0,0.008283,2,2,429
2025-05-12 03:41:07,8e9e68094aaec2eb65fb02e89b525fc85864ebc7518c91490dfb929de8c788ac,896353,509177.0,3939.0,0.007736,4,2,842
2025-05-12 03:41:07,5bdae711b2e3989e5c9828295f09a528308f0f39e79c6b7e8d5108c12452b899,896353,9433102.0,2303.0,0.000244,2,2,464
2025-05-12 03:41:07,10903a1388bd71676ef1405b40d7d91a9fa3b66ecab0197d9833c4626944d893,896353,243848.0,2303.0,0.009444,2,2,464
2025-05-12 03:41:07,a03f294273230db0542b94a90598cfc791faff0bb94a44dab14ef87b92ccd676,896353,237435.0,2303.0,0.009699,2,2,464
2025-05-12 03:41:07,d79460b645d6da02371ef202ef3c5721a411c650fd380dd718795c0c20dadcd0,896353,637672.0,4749.0,0.007447,5,2,1029
2025-05-12 03:41:07,7e9dac17a7c389e7854cf601ca33be7c521feed31ad138f00bd296e70758fed0,896353,690466.0,5016.0,0.007265,6,2,1149
2025-05-12 03:41:07,ae077963038999de5d9c0b46330967eb7fbde57c5f0cfe13378ca5d9c084239e,896353,381629.0,2838.0,0.007437,3,2,616
2025-05-12 03:41:07,b6d79369328c0849e2b65555ed27f61a044d9a4cc0ec57becd94a6fef626e879,896353,11181368.0,2838.0,0.000254,4,2,701
2025-05-12 03:41:07,9393ccea1f327a4ffc369c24dbac3a4db3521491fce3dc727cf2e89f4f2d6b9a,896353,813444.0,5559.0,0.006834,7,2,1302
2025-05-12 03:41:07,92f32cc376e4b90d8beb5249a587a7e82a1405358c3125dbef201420d3ffc9ee,896353,405765.0,3113.0,0.007672,3,2,651
2025-05-12 03:41:07,9b4c85ecce196ecd17f2e778318e58b15a35a0078c1a05cd515f3c9ae1bced42,896353,406131.0,3113.0,0.007665,3,2,651
2025-05-12 03:41:07,21530a005455826b80356848d5734d377bdb60d35a1c3dcdc96f8ec3f2b52270,896353,366582.0,3121.0,0.008514,3,2,653
2025-05-12 03:41:07,e6274db3fd8d91f89670fd0be80395b5a19f9026929f98181b99bfabc4a5b6fb,896353,1222487.0,6101.0,0.004991,9,2,1538
2025-05-12 03:41:07,8abbb1c8cc447f1faf2b138735760503c9149569e4fe0b151a031c7b1abf6b04,896353,954930.0,6927.0,0.007254,8,2,1559
2025-05-12 22:00:06,53961cbbf24e560899d4480377a5d3b47ccd7dfbb769e96d0a4eb32d219673bc,896461,243182.0,211.0,0.000868,1,3,364
2025-05-12 22:00:06,009d793720be1350e0974aeb7b1df3a86c77b894f7ea70ee4d5a271c96e23dad,896461,243723.0,211.0,0.000866,1,3,364
2025-05-12 22:00:06,8f8c050207744ec2528211a6ec16dfba5b1a3693a4b38b6c922189f967b352f8,896461,244264.0,211.0,0.000864,1,3,364
2025-05-12 22:00:06,54c7cf29fb4a4b15bedd6ae933d6c165fcc0b43b403d0c1327ca0523dfba068b,896461,244805.0,211.0,0.000862,1,3,364
2025-05-12 22:00:06,bff6c678b44d7113188c471cf0c5ba7e2db9c391a573afe891af9d870ef89334,896461,245346.0,211.0,0.00086,1,3,364
2025-05-12 22:00:06,c52b20d5294f4c73f1bcee35c67596258c65b3982d7e0e6651528a6d5a1bf0d2,896461,245887.0,211.0,0.000858,1,3,364
2025-05-12 22:00:06,2ed6a34fc0c51bb95609bbae04298f7493b0e111887e0b27277c6b9b84b4f485,896461,246428.0,211.0,0.000856,1,3,364
2025-05-12 22:00:06,9af8fe09fe2e7055f822326941ac5c6e429ab8bea9aabe9701f578a8102a7002,896461,246969.0,211.0,0.000854,1,3,364
2025-05-12 22:00:06,c76822b20fe7fc88b25ce45d86c0691cb3690411cc282ea9392a1773c5c220b3,896461,247510.0,211.0,0.000852,1,3,364
2025-05-12 22:00:06,dba2e98502571ee4942d016bcddf7e1b68a017b672a1e9348d53f16c46bb2128,896461,248051.0,211.0,0.000851,1,3,364
2025-05-12 22:00:06,f52b8cfe5d325c5c3ecef742a3ca9628af8f54f0e0bac8f7b12ec2976cd2b503,896461,248592.0,211.0,0.000849,1,3,364
2025-05-12 22:00:06,c86920c2e371e8b3c213c6c970db0d694353f6f85e931cb3ef60c1905ae62b80,896461,600.0,136.0,0.226667,1,1,216
2025-05-12 22:00:06,47d427597ee171a1a4593ddf7c369acd705e98dcbecd23f55fcfcb249bc7cc54,896461,600.0,136.0,0.226667,1,1,216
2025-05-12 22:00:06,ea5a2efb0484bcbea0f61e65e271a622cd072682c6a0ec7d3c4580d70b524e45,896461,600.0,136.0,0.226667,1,1,216
2025-05-12 22:00:06,ba4530027dee6c50169770147e761cd6c81e6991d52a547e38f47454566c80b8,896461,600.0,135.0,0.225,1,1,215
2025-05-12 22:00:06,f3b5aba7382de0a887c02e4b7cbf7cac63701942c6a24fb59f661e309d0312c7,896461,235649.0,131.0,0.000556,1,2,180
2025-05-12 22:00:06,845a4db4f0aea43dbdb5af3d60cb75fe16f7c0759fe22ddada2d99a3a9172669,896461,236650.0,131.0,0.000554,1,2,180
2025-05-12 22:00:06,edfee17633822c7396bf54a37f3fa73bb34f465e84423958eb791fe9d05ed450,896461,230309.0,131.0,0.000569,1,2,180
2025-05-12 22:00:06,61acc8848fe2b1e77d5a439bd326206edcb0f87b0ff3a6e092fc2cb3492e1672,896461,600.0,194.0,0.323333,1,1,191
2025-05-12 22:00:06,098ffc543fda9730ae1f94d677bdd18673aed7d86919fcd6c3ced519007fe766,896461,600.0,191.0,0.318333,1,1,188
2025-05-12 22:00:06,5d1ca4812ebf577a0206dd1c23298c713004e1cf222cc729955c0c8e4c21e138,896461,600.0,191.0,0.318333,1,1,188
2025-05-12 22:00:06,e768f4dcfebadfb7e7406c3e0c9254f882ac32e6f8ace17ec62eb36509299d56,896461,4999751.0,253.0,5.1e-05,2,2,495
2025-05-12 22:00:06,3ad3949898117f1d78e1e98d2db22ec8d540f0f8c9840897d4c3ab135d250239,896461,16500781.0,253.0,1.5e-05,2,2,495
2025-05-12 22:00:06,ed432a124925485d1c2b2933601e7c746bb8e43f3c9aaf2085ce0b408d606a84,896461,764983.0,350.0,0.000458,4,2,668
2025-05-12 22:00:06,1dd774a3cbee20acab05474d00586ce08b6bd33c7083723a152aef80d17cc78a,896461,38007.0,112.0,0.002947,1,1,191
2025-05-12 22:00:06,668366dd163dcc5d29df4f2a48fabc4b08903efb3543fbffbb925fac3c615447,896461,351765.0,112.0,0.000318,1,1,192
2025-05-12 22:00:06,32f89ff7ab6e1798c43e5b7724efa6f18885a385ddf7bdadfa51c26cfc985174,896461,248572.0,211.0,0.000849,1,3,362
2025-05-12 22:00:06,92159a6b951110c9c6122e28b77dbd9c5af78e4121db770f6c74b5c3d6f9cfb0,896461,249113.0,211.0,0.000847,1,3,364
2025-05-12 22:00:06,43a2b928d7fb6d879b829d4dcb47b35cac9f596e4fce6323e04add6db57bbd41,896461,108193.0,23477.0,0.216992,399,2,42769
2025-05-12 22:00:06,51c2a3d11e59f8096e934ab0f5435ae79cc10b4d6b80c7a1b9361c987c089971,896461,239141.0,253.0,0.001058,2,2,494
2025-05-12 22:00:06,6cef4f7d07eb73ee01976de64aa1ae69b5ba7fcdefe88cb517c54630e8794232,896461,15944494.0,253.0,1.6e-05,2,2,493
2025-05-12 22:00:06,5b3e082506638ea75445c9c9410ea3c0a99533a34aabbd124996497391863c25,896461,22892515.0,253.0,1.1e-05,2,2,494
2025-05-12 22:00:06,14b9b2bb5a35b5fcacb7faf9e6e041a037fd39703ac8f1892eebfae27d5eb343,896461,10465842.0,253.0,2.4e-05,2,2,494
2025-05-12 22:00:06,b8914e0af49e67a4289c39421899118ca90c97b53ca9318b4f2ed8cc5f417fb5,896461,7828912.0,253.0,3.2e-05,2,2,494
2025-05-12 22:00:06,7cdf1d5ee378c4fec12381986579c17455d0d899e789513eb3c4e02b05feedf9,896461,258016.0,162.0,0.000628,1,3,209
2025-05-12 22:00:06,c68ab000789f28fde0119d4886aacc7ed4dcc3c128ff15cd1d266a33a16a76d4,896461,250024.0,162.0,0.000648,1,3,209
2025-05-12 22:00:06,49085b533c17c4be38d151fdd31be91a92f531179434290d3e65e66a26e065ce,896461,255548.0,162.0,0.000634,1,3,209
2025-05-12 22:00:06,8e538ff28a2486d52aad32b872c1e0ad2414ed3fbfdd3c0e80792fb76cba0bcd,896461,334138.0,162.0,0.000485,1,3,209
2025-05-12 22:00:06,d7d75006f576a3150ee5a342c90de9be6f47f214e17078e4470a87582ae975c1,896461,251203.0,162.0,0.000645,1,3,209
2025-05-12 22:00:06,0e333b65e7b1875750deec85c941c60319482d5ef22467cbaf656dddc0809bb0,896461,258107.0,162.0,0.000628,1,3,209
2025-05-12 22:00:06,5c64339209910fa2136c96bae06593844675a1d70e76a38caef1a26822c67995,896461,257594.0,162.0,0.000629,1,3,209
2025-05-12 22:00:06,3904e048b430f680c0d0c6b203e589ab07e64ea44f43c41265f770596da0e757,896461,341110.0,162.0,0.000475,1,3,209
2025-05-12 22:00:06,021f230643c4409720aef0e553f97d6ea1d8ad1dddd8cf101df590a2f8d4e641,896461,251203.0,162.0,0.000645,1,3,209
2025-05-12 22:00:06,e126b1c1d9efb9a51762d530031e3b127e60c8ebb01598fecc107ebf5b4f482a,896461,415500.0,162.0,0.00039,1,3,209
2025-05-12 22:00:06,85f65615edb5f7b45ca55d40da4b92adfd8b586932df00152fb3d7082a10b221,896461,253307.0,162.0,0.00064,1,3,209
2025-05-12 22:00:06,b0f0be18e6e1dbf86d9d6da53a4d7d670c1be1c249a02552856241dd0398830a,896461,257502.0,162.0,0.000629,1,3,209
2025-05-12 22:00:06,04bf4312242e47231fcd025f865945a9dd4461d82eea712b4e2b4e18b49fbcba,896461,84909.0,286.0,0.003368,1,2,194
2025-05-12 22:00:06,21380f033cf0df3d9929a42e28297ab58478b98b695cef0ac6f380fb94b84787,896461,85195.0,6028.0,0.070755,103,1,11076
2025-05-12 22:00:06,8f76f2b799e90b75c1c5a4b155caedfc4ea3b7ff3fd4c31a95e421bada8aa0b9,896461,65734.0,286.0,0.004351,1,2,194
2025-05-12 22:00:06,d1c28b9663f923df7cb6b0080ada2266621e6c6e98df2af773ad9c2c4aef7169,896461,66020.0,6028.0,0.091306,103,1,11076
2025-05-12 22:00:06,365e08989915d89b0525f9e84c9a90879855fa6f26192f09a0e9e09febb7a88b,896461,9450.0,998.0,0.105608,1,20,1134
2025-05-12 22:00:06,dc9a28360d4fa79256e3d8b0e8f8d303f5f8f4b9037c190013e7574ac89ce9cd,896461,201730.0,158.0,0.000783,1,2,234
2025-05-12 22:00:06,59ffea7803ceb138108f6bdbf5ad7af34e101bfc9611ad96180da924a3edfce2,896461,9286.0,146.0,0.015723,1,2,222
2025-05-12 22:00:06,34fd10c75cafe87906210682344da4b9e513c438d06d717b35bfbe84688465a4,896461,265838.0,146.0,0.000549,1,2,222
2025-05-12 22:00:06,c9e88dfec46472d97f5baec7ce0c039449561fce6536ce6b80114aea4a984ec2,896461,1936924.0,770.0,0.000398,6,9,1043
2025-05-12 22:00:06,93128e68309111dbc6d824bc7ed5514bcd7cfe987a7fd40fb50a6c07082453a4,896461,9811.0,1026.0,0.104576,1,21,1153
2025-05-12 22:00:06,89db487d3880f55be137c04fa00f3c288195060255c6099cb3ff04beee7632f6,896461,220175.0,156.0,0.000709,1,2,205
2025-05-12 22:00:06,025af56a7e5afb3a340f8a422e9a19adefffa42ac747d6146d9fedbc0bd644d6,896461,1518054.0,106.0,7e-05,1,1,153
2025-05-12 22:00:06,befe84b574b34491b9cf6bcc1816f7f7dcff00f72952aa4e6ac15f87becf77d0,896461,69498.0,278.0,0.004,2,4,399
2025-05-12 22:00:06,ab2b9c6fc0aa8e7311efc485c39174e2031231addfee1b252898ab0969ff422b,896461,1540352.0,839.0,0.000545,7,9,1150
2025-05-12 22:00:06,0bc1b6a465d8a4c83a1679b3e3a8bf73fa59c943321e258c3580a0d66be53822,896461,995240.0,148.0,0.000149,1,2,222
2025-05-12 22:00:06,5cf785af380b4b4ec452f8ec83ecf9fbf06c800631c7e26ce74f232c982b51e4,896461,536067.0,543.0,0.001013,7,1,1084
2025-05-12 22:00:06,7aeee8dbce3ff8370d9016a31196f71463d90e0edf9670bd212efb1a3a776d76,896461,146113.0,186.0,0.001273,2,1,339
2025-05-12 22:00:06,e4e56668e6d7589692a977e20e99d8b064e40c1f0e8c5ef2f60d56080e399ad0,896461,2333785.0,473.0,0.000203,6,1,934
2025-05-12 22:00:06,a874066bca46a9573f758a764796ad40b5e879ef26b72266bd0120f1c38fbc2c,896461,1119384.0,290.0,0.000259,3,2,518
2025-05-12 22:00:06,e30d820eddd649df3cab0e31aa3fd2762aee03b8b8b2b0b673550c9d46441c33,896461,341550.0,329.0,0.000963,4,1,637
2025-05-12 22:00:06,f66704bdced6a409f68084f8188119c0b8c9af726b865c43ccd52fe2d8dd7bb1,896461,1487607.0,1219.0,0.000819,16,2,2449
2025-05-12 22:00:06,b76caeca121cd2fefa812e7f30fca67d79595e9848059183faa1376055db8632,896461,438813.0,543.0,0.001237,7,1,1079
2025-05-12 22:00:06,b31fbaa3bf98450a53b5839d82e6a0ec55c77efce94e19dc587bb10690b8949f,896461,444916.0,402.0,0.000904,5,1,784
2025-05-12 22:00:06,c1439f37585f1e225f0e318c1158c05c76699ff17ebf455a88df3bcdcb3332bf,896461,453143.0,401.0,0.000885,5,1,783
2025-05-12 22:00:06,51ea565a359d2bae13a215e3271e0200a396e24f472f3f0510d502123e5a9d6c,896461,1041602.0,220.0,0.000211,2,2,371
2025-05-12 22:00:06,f3659f826470f33e9d88bca51dbd22165f7a0944a9953d091835ededa6d415f1,896461,207885.0,219.0,0.001053,1,3,367
2025-05-12 22:00:06,c8bf858a300d8457856d591a6037d74725cff6f694437944961845e4101063a6,896461,202264.0,219.0,0.001083,1,3,367
2025-05-12 22:00:06,f95bcebf2da9296d4a22110e72d922006899d6fe5a7f2de2f00f82808ea23fbe,896461,202813.0,219.0,0.00108,1,3,367
2025-05-12 22:00:06,1c3844357b4d9dbbc407a2f09b01c8ecbdc029622c2e603ab5b4da64fca66d7c,896461,208434.0,219.0,0.001051,1,3,367
2025-05-12 22:00:06,8d0f8eaf194044791813237b23e3426556739657a869754394c0537d97ee9280,896461,208983.0,219.0,0.001048,1,3,367
2025-05-12 22:00:06,78d9fb0dec3405c991b57987840510683ebc784f7bb8056db0e103b273bb9a6d,896461,209532.0,219.0,0.001045,1,3,367
2025-05-12 22:00:06,cb3972f499fa6280d3efc7e2387663c76838cc8f63453022591d84e9478f0dd3,896461,210081.0,219.0,0.001042,1,3,367
2025-05-12 22:00:06,28aa3e88f798d247aea48b9c4f77917f3929f7b920bfa1e10c7475e542aad1fd,896461,210630.0,219.0,0.00104,1,3,367
2025-05-12 22:00:06,59f2e72e5b1a4783cf6fc4c546ddee64a3eabbe9a1ef3544c3b87a1178166c6d,896461,211179.0,219.0,0.001037,1,3,367
2025-05-12 22:00:06,4126fbae44d3c72713e58c4c6cb05a01f99f37080a3273824195bebeabd29cc3,896461,211728.0,219.0,0.001034,1,3,367
2025-05-12 22:00:06,8da252a440754d8fa9ff656ded3e314c78949a92d7eee4a808e21ab7d5266491,896461,212277.0,219.0,0.001032,1,3,367
2025-05-12 22:00:06,85d6b86142fb757e938656341ad8bb3a0375ce1ad6e986f9e10dcd7a2ab0eb8d,896461,212826.0,219.0,0.001029,1,3,367
2025-05-12 22:00:06,764bec3db1011498ce4a2035dd3a101f2d0b0b5cb8fe86bdd06c28fc624a28d5,896461,213375.0,219.0,0.001026,1,3,367
2025-05-12 22:00:06,36184685e0fa0b5314f1309fa9539929af580e71ce9882b3f044590c4f3ad5fe,896461,213924.0,219.0,0.001024,1,3,367
2025-05-12 22:00:06,57e8cdb89ecdd31d8ec3ed0b43d631477df768b185ac8e2f7c471d2f5392a1d9,896461,214473.0,219.0,0.001021,1,3,367
2025-05-12 22:00:06,34f4a129f6eb3ad9d2e7926d7eb275b409bf5e82e1aedfd80c5ccfef6dad47ab,896461,215022.0,219.0,0.001019,1,3,367
2025-05-12 22:00:06,613c56e0d087310a8d014e9d99804b1d0be281e92930136ff9d2f5ebfb1ade6c,896461,206652.0,219.0,0.00106,1,3,367
2025-05-12 22:00:06,b963dd8b188c88f83c923d6f8a164d5fef17477df8bc06b96faddb52213c4958,896461,387664.0,219.0,0.000565,1,3,367
2025-05-12 22:00:06,0e04df60972b1ca58d4d3b4e5aa1774af6dc232c7417c1440968197ee199233c,896461,388213.0,219.0,0.000564,1,3,367
2025-05-12 22:00:06,284def4ae1813b2a2f5d4990f969e5c34543ba7e3783eeb15ed33ba4fe3bf9e3,896461,388762.0,219.0,0.000563,1,3,367
2025-05-12 22:00:06,022f64f814f25d48fbd7fb65037b5689efc1c5cc2d62fb0f8ec262da7b484029,896461,389311.0,219.0,0.000563,1,3,367
2025-05-12 22:00:06,4792534d76ea564b28602ad0c944eb36c55f459d40e9bfcf022477161b60254a,896461,389860.0,219.0,0.000562,1,3,367
2025-05-12 22:00:06,966c6c66ca60c7f974e354aaa6ebf10863d635cde29235a407431a558d8123d0,896461,390409.0,219.0,0.000561,1,3,367
2025-05-12 22:00:06,3e63f2e82f1d2be98030f87f64416d6cac532c68461ca26e7cb8a098f878d122,896461,203362.0,219.0,0.001077,1,3,367
2025-05-12 22:00:06,6f4571f2ca8e8ded40329c94f92bdf439c8d40bab473a7bb32e2ac96925b418f,896461,203911.0,219.0,0.001074,1,3,367
2025-05-12 22:00:06,9f38bec6c8b5dc1fa5e0ab0ac7b43d00224843b5b6a9b394fc8af0b707533eca,896461,204460.0,219.0,0.001071,1,3,367
2025-05-12 22:00:06,2d364f42e1f5dc0cce6f9e7966cc4755f49ae812016768b6db70e6547201642e,896461,205009.0,219.0,0.001068,1,3,367
2025-05-12 22:00:06,72d86f135e2a3c5e3c3a29306a16ea9383ae7c8f391511ab1127c7bd3f69451d,896461,207201.0,219.0,0.001057,1,3,367
2025-05-12 22:00:06,1b90804ae4eccb3c5dcfaafc34546fdbf2f159e10adabe1040ce465a5b4e83f7,896461,207750.0,219.0,0.001054,1,3,367
2025-05-17 10:23:47,f3b82d1a31049ee210429601d0934a9b9a11744ab0df9eefc080105eb7ee2065,897086,16473.0,580.0,0.035209,1,1,191
2025-05-17 10:23:47,5b3c6bacb5ac63f9edadc3afb4d33ba23612998293283f081f36e66940492743,897086,25485.0,580.0,0.022758,1,1,191
2025-05-17 10:23:47,970da00f4d104c374772b4e4a044f3a6e72a1de7711889108c82e46cfb6b054b,897086,485364.0,2630.0,0.005419,4,6,727
2025-05-17 10:23:47,295ba4f32e2ec6ca1ae494006c333ede2e046fb58759ac48ec2bf6b761e135ef,897086,2070097.0,1935.0,0.000935,2,5,501
2025-05-17 10:23:47,d2d3c28ad87e7685c334d437f89af017ffd25e639d698e0b72d51f218bffa962,897086,2144248.0,600.0,0.00028,1,2,223
2025-05-17 10:23:47,3e483228680e58e32253dad66dd7dfbe5522929eb6ef69c04ef90f88b283616c,897086,231485.0,3616.0,0.015621,9,2,1406
2025-05-17 10:23:47,bbd22e77101003ff6ced9696bffa48563cc8ce2fdcc8ca38c9c221f12d4dd2fb,897086,1368337.0,1935.0,0.001414,2,5,499
2025-05-17 10:23:47,ec4230f6ae1712bc34f1ccb0255937f219ca83ff5f66351c628d22005121d9f6,897086,1424319.0,600.0,0.000421,1,2,222
2025-05-17 10:23:47,8dd9365957f3ea7fc96932a20b6e16a7cb0e9e5602f3accce19852c5c7b0626f,897086,548257.0,1935.0,0.003529,2,5,499
2025-05-17 10:23:47,ebccf82bd9c937e4ad5a6feecc7642a10dc0c610639b65d2718c6ea0a017db46,897086,694699.0,600.0,0.000864,1,2,222
2025-05-17 10:23:47,8631dce7eb782c5c3cca35cf2d9674666914bfda909280473f18d49357353053,897086,1059787.0,1935.0,0.001826,2,5,499
2025-05-17 10:23:47,2971b3187494d162a25bcfd07686ff5e135bfe21d70b0d6fe6d5157743bc4132,897086,1073008.0,600.0,0.000559,1,2,222
2025-05-17 10:23:47,b17214b92c644def9888bfa6596d9ad2a7d16a9c698363a7e0dea6b92ed822ed,897086,440342.0,2650.0,0.006018,4,6,699
2025-05-17 10:23:47,d9eb1e52f6f1ab46e0d50513baac882a54d4e8759524a12ccdb8d3eece9427de,897086,2671901.0,2650.0,0.000992,4,6,699
2025-05-17 10:23:47,3c790d7b2c106ffcc3188afdf591c5fa02fd341ed44ae0e960b83d6540ff34d3,897086,23067.0,2650.0,0.114883,4,6,699
2025-05-17 10:23:47,f69cf141a630e9ffc5fdab6ac104356c9df585cfb2e967138f3e543eebe33fcb,897086,4915473.0,2650.0,0.000539,4,6,699
2025-05-17 10:23:47,9db0b9a2d50c81512cf75450b4ab34b5458cb8c7fa582fcec9099201d42ddea6,897086,814081.0,2650.0,0.003255,4,6,699
2025-05-17 10:23:47,47c590ba02e1fddc035d9f47bb3b5de03f9d4fc919bf00d87d0867bdbe4786a0,897086,6387792.0,2650.0,0.000415,4,6,699
2025-05-17 10:23:47,ee1e7cb42366b4734c9b7abc43dbfd2cd26f40f1c7c7376ead98a3e5a3b01091,897086,1244096.0,2650.0,0.00213,4,6,699
2025-05-17 10:23:47,e6fa24cfcd5d84cf80e32f72e05d8216428ef82558913dfdd056c4d869f5a35e,897086,3980712.0,2650.0,0.000666,4,6,699
2025-05-17 10:23:47,1c3dc2c22a34772b8c67766337b6f991c2d5dffeb6c660861cf2d31304a69f2b,897086,2178648.0,2650.0,0.001216,4,6,699
2025-05-17 10:23:47,c02b5bee9611b9deb50a09bd7f776588c90b682c06f99b66063c103198d8922b,897086,394396.0,2650.0,0.006719,4,6,699
2025-05-17 10:23:47,281249157ffc3023c9f8f5ced69e2a115f7722f3b3b5f858960394fe326ddd27,897086,867222.0,2650.0,0.003056,4,6,699
2025-05-17 10:23:47,b0c1b53d02c6c670f6048c7909e52d57456924ee606758ea2289c0a2b8bd4819,897086,197391.0,2650.0,0.013425,4,6,699
2025-05-17 10:23:47,c1a558796fa640856517d11db2f3a96cad30711e5dd25f5b9709a6d2043cc006,897086,126894.0,2650.0,0.020884,4,6,699
2025-05-17 10:23:47,10af2211e560bb35ed84a9d32a8194e215379da9ad8757c4ebae42346b901629,897086,733725.0,1275.0,0.001738,1,4,291
2025-05-17 10:23:47,127956d0a431cb36d87183875e78f512c252105280bd49d6de56332367ce0c45,897086,8424.0,1185.0,0.14067,1,2,223
2025-05-17 10:23:47,67b6bbe99bedd1bd8c1d79c91cf09dee012591e16068224be0051f83c691c50a,897086,50559.0,641.0,0.012678,1,1,191
2025-05-17 10:23:47,8860970c0d6d42f1d37b8450ad6953b737cf16ed1f0ca57aa3495f3f68d8b4ef,897086,100778.0,1081.0,0.010727,1,1,191
2025-05-17 10:23:47,4e41229af9948a2d7e4f79c5c21ccbb9f4bdfc6b3dc38a43ee74ccca6b5ec54a,897086,101859.0,641.0,0.006293,1,1,191
2025-05-17 10:23:47,4fdd99e8ef96a18afba5ad55c78ce93786139f674955f5c058ffc5d15105fa50,897086,169997558.0,2442.0,1.4e-05,1,14,753
2025-05-17 10:23:47,971e5b338cbfd4c1b7708aafe1f128c4f74442f5e16f7c6dd076726de09b99c8,897086,93220.0,1185.0,0.012712,1,2,222
2025-05-17 10:23:47,7872fc83318b77a08a0ef134252e31cd7a9f0aec8249978fea1997cd84a45879,897086,11815.0,1185.0,0.100296,1,2,222
2025-05-17 10:23:47,3c281deee7dff13d3af21167da495cefffc3aebe6854ec6ac7a7a23d45e0f213,897086,1007195.0,1185.0,0.001177,1,2,222
2025-05-17 10:23:47,56e8eca4e0fa2199e52501e3b46a5b58de07561719725fde3e91b37371e4a3fd,897086,427555.0,2975.0,0.006958,5,6,835
2025-05-17 10:23:47,d13b5fad31719dd827a725f269a977a72f2e290dd71a70c83593e107d2f40ff7,897086,1052592.0,2975.0,0.002826,5,6,835
2025-05-17 10:23:47,0e288f21f830659c0576e322c6aff2a839fd6904ab917a088da667fcfd9dfc34,897086,366198.0,714.0,0.00195,1,1,195
2025-05-17 10:23:47,d92b82dc84b105274406be2a642d484c1dac6dbea7c81f589793b87447c097a6,897086,2558273.0,649.0,0.000254,1,2,222
2025-05-17 10:23:47,f4da13c837e2802c0b221bb928f4c7d723d1f67d78bd4e6bf9b20ef9911a65c7,897086,16115.0,1026.0,0.063667,1,1,191
2025-05-17 10:23:47,fa47a4b5be4fe8a9df6cbf7b64ae8fdbd747e7d357e2ad73825211c9a8fb91e8,897086,17639.0,2995.0,0.169794,5,6,806
2025-05-17 10:23:47,1db040c9833b9c3d4722964988c34f08107145f841f7622b72ed4ff7d0573d4a,897086,2025654727.0,2610.0,1e-06,1,11,517
2025-05-17 10:23:47,96ab182ec89c483af6ceb7dffc43ede3d0940172d207b446af85866c355eb77a,897086,2030081821.0,2246.0,1e-06,1,12,549
2025-05-17 10:23:47,4da65d5ca6d6b5e47afcd6e6df8406c626489e9da67771d4d21dcfd191687ac4,897086,334140.0,1105.0,0.003307,1,3,248
2025-05-17 10:23:47,f2d94295f6f9c19dbe3563f2a70677456d475460ea433fafbc9cdbcc17868fbd,897086,1796791.0,2650.0,0.001475,4,6,699
2025-05-17 10:23:47,fc9653a674ddffdfe36b37b2a177ad94911a5e7a455423aafac5260137baf3d3,897086,16160238.0,846.0,5.2e-05,1,2,222
2025-05-17 10:23:47,0a96efdd1ba34d5c8ee22be46518c08e0e6dc183bf0ef4edb85166d14a9b9b33,897086,16168198.0,846.0,5.2e-05,1,2,223
2025-05-17 10:23:47,3e2ae02ae4d70241338d3e58735bbb5e5d22032880ed80ebe7d56860a0ae7fff,897086,16196121.0,918.0,5.7e-05,1,2,234
2025-05-17 10:23:47,540a175e1d45554038c781f3eae34c10c68f0b02a415205e033e451127d6bc20,897086,16206748.0,734.0,4.5e-05,1,2,235
2025-05-17 10:23:47,02adf3b1d804425a3ef4fd8153250544277562176a540301212d6659f3d333d2,897086,16216470.0,677.0,4.2e-05,1,2,223
2025-05-17 10:23:47,6dfe9dab3b710649da9d60214c27603c791c32b49729941bb2477d8727fc6fb0,897086,16224264.0,677.0,4.2e-05,1,2,223
2025-05-17 10:23:47,60c5b800ee11385404326a76c244a5710143ca5181534792f73f2e4fa783e8dd,897086,2127488.0,1348.0,0.000634,1,4,331
2025-05-17 10:23:47,42d825e5a10217d997cfd162d02dc183cc4f9e0f2877dcd9f528b500b6b891cd,897086,214551.0,1160.0,0.005407,2,1,352
2025-05-17 10:23:47,a966062b2276529938d42eb86e398c5c38e248fa55607d3cb9096b17551b7a49,897086,20740268.0,974.0,4.7e-05,1,4,284
2025-05-17 10:23:47,bcc6758f360bbe453a226600a0016e20d6a8c537e5cc9d3858160185c7e53d01,897086,8026093.0,967.0,0.00012,1,2,222
2025-05-17 10:23:47,803b6ca7a714eb47ed6713897eebf1b897ad36966fea5f707fd76772b07971cd,897086,23376839.0,929.0,4e-05,2,2,370
2025-05-17 10:23:47,a666d3814336874371af01776db778b17798e304d57268360b8b07588bf307f7,897086,452853.0,1717.0,0.003792,4,1,640
2025-05-17 10:23:47,b81f2fc8909d5ebd89c72d61ed7da3a72f96d8092da804a34e983aac38431648,897086,107495.0,867.0,0.008065,1,2,222
2025-05-17 10:23:47,77695beffad6fbf85c86db5b472c4a83027d5c866ddf5bf6b821d44aa4126b20,897086,293292.0,1035.0,0.003529,2,2,371
2025-05-17 10:23:47,ddb96e280a0d96b513927cca48e0eb5e44bc5f36c60623b6c46085aa1e04a687,897086,618041.0,3340.0,0.005404,6,6,913
2025-05-17 10:23:47,be1062cdaaaa16e12f792a17a055fc1a488fa5f78eef85abdd014a444914531e,897086,33400000.0,2702.0,8.1e-05,5,1,899
2025-05-17 10:23:47,37c574ebda7feab2a254bc732b4bacf9a79009f0dc0c639752c1c7104b27e589,897086,815272.0,1880.0,0.002306,4,2,669
2025-05-17 10:23:47,41ba2e4f909c7d30383f52d23ebd7422e107cbb11bde61d934fb1e62616c9772,897086,163034.0,1360.0,0.008342,3,1,492
2025-05-17 10:23:47,5757668c7ea0ef4e24165e1e7ee159e9386f8b24fcb1edb918d451821f63f799,897086,88808.0,1218.0,0.013715,1,2,223
2025-05-17 10:23:47,6f805cbfbd6e243c367e3a6992bb72bf126d674afc9f7d1e30a1076aa087fb05,897086,17999000.0,1549.0,8.6e-05,1,4,283
2025-05-17 10:23:47,dc20de03d9c09f674a83a6fe5df198c51bc28a0f97c77f316b700c589db2cac4,897086,9644561.0,1161.0,0.00012,2,2,374
2025-05-17 10:23:47,cbac764ac56d4a0b7de5b2512f77733e7602f0e21051b4fd86341d78821f1ebc,897086,135733.0,868.0,0.006395,1,2,223
2025-05-17 10:23:47,314f635db84d1000d6ea7ea6c53af16fb0071d53d75d01b3505ef2db7c1ec174,897086,20877843.0,677.0,3.2e-05,1,2,222
2025-05-17 10:23:47,4ed022e712c94bd92639265a3748c176e6a9f6d90d9820039c97917c2922ef90,897086,930248.0,902.0,0.00097,1,2,223
2025-05-17 10:23:47,9f5a602478e75cd3e0af8cd3186a2e5efc57e5a87887d697219c5544b7eceed8,897086,955418.0,643.0,0.000673,1,2,223
2025-05-17 10:23:47,26a07b8eb42a9cc3db1a35d28dc0713b05e915cfee93be9913d7bb615a1ae82a,897086,156078.0,902.0,0.005779,1,2,223
2025-05-17 10:23:47,7ecfdc326a89ec0b53c3bc89592ea8d6d357644e52df1b6344da8d4cd344b443,897086,200080.0,643.0,0.003214,1,2,222
2025-05-17 10:23:47,bca2b34c6548a4d6014dc206d0e6374869a348c894093be836d6eabae29b8743,897086,1510696.0,3685.0,0.002439,7,6,1020
2025-05-17 10:23:47,eea62d1db7a7e8b47815f5cb0409c68eed319fc8a23b22c46cb41f2d5c2ec8f5,897086,284401.0,1480.0,0.005204,2,2,371
2025-05-17 10:23:47,62352c9aafbf99dd64240e241a4112e7c5c03b9a74d1422b2e39be8218063158,897086,239354.0,446.0,0.001863,1,2,222
2025-05-17 10:23:47,7b57bd1adf75c29891f1509acbdf2606ea6afe8aa1d7c4d02bb9d6d6874cc7a9,897086,160000.0,2198.0,0.013737,6,1,697
2025-05-17 10:23:47,091458f354adab50a186993f9b2a978fd7990e236a92da9af825b3074c993053,897086,1573137.0,4010.0,0.002549,8,6,1156
2025-05-17 10:23:47,2417804c32f9d40ebc6a0757cfcd29340a85b056dbf3719877c7d68fae37b325,897086,976384.0,949.0,0.000972,1,3,253
2025-05-17 10:23:47,967eaf8cd6c79c941270929dd12c0b1e0a1186c7a51072a65b2597b863280ddb,897086,90189.0,610.0,0.006764,1,1,191
2025-05-17 10:23:47,4885e8a652ea973a42a67d8ec102f53fa5e568437ee779f645d9dde3cdd78ccd,897086,1652957.0,783.0,0.000474,1,2,222
2025-05-17 10:23:47,d07968c8d7ab65107d9bf2f163285035cdedc6c51be455fdeae753d8cca4dd2e,897086,1082707.0,1161.0,0.001072,2,2,372
2025-05-17 10:23:47,fc2d553d927938b8dde1cf21d705df4ddbfea17505ac180ebb3ac9530e8f3f70,897086,72620.0,1212.0,0.01669,1,3,299
2025-05-17 10:23:47,a7f07e9d89f3b1137de18abef8ae22794b7ebad24772a0dbcc4bb838ce899aa4,897086,15228.0,852.0,0.05595,1,2,234
2025-05-17 10:23:47,bd0cbfc056bb5ae7f779f829037a51ae4fb47e3ff72cfed002113e9c33fe8725,897086,22460.0,1015.0,0.045191,1,1,305
2025-05-17 10:23:47,08f951a0b10d7cea0659f4d96201ea69d7ae25ffa191290601339886a36f31d7,897086,16028430.0,612.0,3.8e-05,1,2,234
2025-05-17 10:23:47,078f57e5300457461595166c6d83c0e33ca304ba8e12c019519d4da1b9cc8ed3,897086,91105.0,895.0,0.009824,1,1,191
2025-05-17 10:23:47,d67264c5e8b1c3bb50c45773bde4f87919e6f37bf3ca02dabcd792ecb349f161,897086,32999.0,1001.0,0.030334,1,1,192
2025-05-17 10:23:47,ec7104c5b5b96115d20e7c1eb466a4954c55d2180ecbc86fbcfae9da0f42973f,897086,57950.0,1050.0,0.018119,1,1,191
2025-05-17 10:23:47,f82c3a915394fa5c82b8e695d3a63d9a03815f597dee2ac4358eca39519df4a9,897086,146546444.0,2702.0,1.8e-05,1,15,645
2025-05-17 10:23:47,500476ee80125cc7b537819b8d7b6c1fca4a526c6923bd0e2645d47e763439d9,897086,66823.0,1161.0,0.017374,2,2,370
2025-05-17 10:23:47,6d31a3cf11e8af20e9f8ea85b2f421471472577e3c28f220b843fdff70ac3aab,897086,2198350.0,1161.0,0.000528,2,2,370
2025-05-17 10:23:47,e46ed6879ff5d974ae0d26c4cd9e958c222d7039fd54269b9621217fdd050d10,897086,1428500.0,1161.0,0.000813,2,2,370
2025-05-17 10:23:47,7e1d79fdb89b5814aa7755707544f00a93557f12c9439689ce59ce5e3a40acb2,897086,1266842.0,804.0,0.000635,1,2,226
2025-05-17 10:23:47,74a2d85dce08e041ba2b9f42fc3600dd2b5854dfdc68458f22ce3527143a6e94,897086,2575696.0,804.0,0.000312,1,2,226
2025-05-17 10:23:47,e9244466bab1b3490445d623fb77918731d2a8447a701b0dd6a6fbde0fe7ae48,897086,388145.0,804.0,0.002071,1,2,226
2025-05-17 10:23:47,779e5f3fcd96ac912dbb6263857e416f7758115870e0b51ddd9e07df956869ec,897086,4917793.0,1105.0,0.000225,1,3,248
2025-05-17 10:23:47,63c2162d65baa0df1c46a51c752893e435c05ea541c6da2b695243864b72ebd8,897086,1798895.0,1105.0,0.000614,1,3,248
2025-05-17 10:23:47,5225a836695f74c1256653f31dab26d7b77a9bd988bf6b6d526388715c10ea9f,897086,199495.0,1105.0,0.005539,1,3,248
2025-05-17 10:23:47,d7c941807af6836ae048269735aef167f754ebe2018572e7728824c493ea5a04,897086,442446.0,1105.0,0.002497,1,3,248
2025-05-17 10:23:47,31b81586d5c97208b868d2c18443fe9af050c71ca66a08b7733fe1b16d3c2904,897086,577076.0,1105.0,0.001915,1,3,248
2025-05-17 10:23:47,b4e24bf931c539c32f54bde2fbf74458090ea6b0750567185ca4fae06019d970,897086,190676.0,5065.0,0.026563,11,6,1448
2025-05-17 10:07:32,fe681d1178ce800d615d69a7d57712ac6cfda96e3f5dbecbd561aa1db28399b1,897085,299592.0,254.0,0.000848,2,2,313
2025-05-17 10:07:32,106bf09cbe116eb30f037d4a15b8d43fbfc29c90be5613feabfe395da93a8c89,897085,313734.0,237.0,0.000755,1,3,248
2025-05-17 10:07:32,0a30b9157db3c0aa6d02010c39d404b62516883966a1071b620aee1fd98b9f32,897085,106472.0,1949.0,0.018305,2,2,300
2025-05-17 10:07:32,46103db01a00161e6e0c0ed4363814141806ba7518d245ef125d59b537edee5f,897085,4199806.0,254.0,6e-05,2,2,313
2025-05-17 10:07:32,396d5ed71b1c7164b47c58135f8cff0e9be8b6510a59648ca865bfe887a07c16,897085,4982764.0,237.0,4.8e-05,1,3,248
2025-05-17 10:07:32,badef1faa6a720227520b9520be42338caaffa2eb6ab8fd8b7ebdea7ed54594e,897085,3032277.0,2352.0,0.000776,8,1,1229
2025-05-17 10:07:32,e1e35918e20229811d5217fc720f9c8d83475b9a41caded58a680008a91cdf32,897085,215444.0,545.0,0.00253,1,1,298
2025-05-17 10:07:32,90bdf6a8c036cf008c90d26a5030fc574061f2afd2692f95ddce2f9e814f9dde,897085,316696.0,2088.0,0.006593,3,2,521
2025-05-17 10:07:32,fe3de9f2d40a0fcd9f9a9a7a807423403600ff83358ac8a2d7b2aaaf40828b59,897085,2899.0,513.0,0.176958,1,1,191
2025-05-17 10:07:32,10752f9488bfa9eae097e99d7e1cafd39a7a6752836ec64c08f0d5eda50cf8b0,897085,273988.0,493.0,0.001799,1,2,222
2025-05-17 10:07:32,b8aa6c0fbde6c12f679df4e90b6c5797fb4cb6f41ad9b1bad6eebcf9511846b4,897085,1001596.0,1920.0,0.001917,6,2,962
2025-05-17 10:07:32,e41e11272a285dd326932d726361c45cfc32f0893445e1c1638eb1d860e426e4,897085,15106194.0,3704.0,0.000245,13,1,1974
2025-05-17 10:07:32,acea6dd2249a9106d12f7e423edd41c0f9f7e69baef74bcc34a76c24508bfbe4,897085,3273.0,445.0,0.135961,1,1,162
2025-05-17 10:07:32,2ce58c873edbfa2dff77095bf5a057d962507a0d60fa5479462983b0d430bd32,897085,988227.0,878.0,0.000888,1,2,219
2025-05-17 10:07:32,da5fb198f58269dda8e29f0b48c6384ce780ae43aa72ca5f0d937342597c1b4d,897085,3336373757.0,35672.0,1.1e-05,60,1,8897
2025-05-17 10:07:32,cace1e236593c1a4de2229353cb05b5f524e15bd94a7e2d6555069185c371332,897085,43435613.0,5064.0,0.000117,18,1,2715
2025-05-17 10:07:32,5f6866fda5a8171cbee7eb6287b19137bd85fd46ce7963151db338550851cb93,897085,64319.0,1116.0,0.017351,3,2,521
2025-05-17 10:07:32,ed586040d2b42a9ac04364bf3c9ecc6ad3329804484267a3e7f7249ba4190b6b,897085,16500.0,564.0,0.034182,1,2,222
2025-05-17 10:07:32,0e78a5e8a726dc55f80c9bf2915ee3a8b1b750c0c0531e7b4a0ea84c0b0441fb,897085,3441059849.0,35672.0,1e-05,60,1,8896
2025-05-17 10:07:32,66cd971f97e12fd44b0efda9f28bb0262f9c74c303acc95e5004ee6ae5033a53,897085,109800976.0,12584.0,0.000115,21,1,3138
2025-05-17 10:07:32,77ebc77a71d81b8bc128016826ad9229e107f26b66a4c1555fc844b0735f9d6a,897085,120839.0,1528.0,0.012645,5,1,783
2025-05-17 10:07:32,0f4ac927c7d43cd2f102676800f44e114a39674fd42f2d55bb373cc6d90125b4,897085,488627.0,1256.0,0.00257,4,1,635
2025-05-17 10:07:32,b26923927be44d5613d00c715518470370002d30a3f9c8814a01311461072df9,897085,9382.0,618.0,0.065871,1,2,205
2025-05-17 10:07:32,a56f353e2aed7bfd57c3e2ed0b88cb714a048ac3759994da69392009891673f2,897085,9382.0,618.0,0.065871,1,2,205
2025-05-17 10:07:32,44a9fe50025d77eb785323c2db9f8a8afcad6fa7946ff67479d3bfa903e43254,897085,3917.0,546.0,0.139392,1,1,218
2025-05-17 10:07:32,2410e73e254c2051ac108d6a3cac89f3babd487971f21d4b7bdaefdd6f2fd673,897085,6265649.0,1084.0,0.000173,2,4,432
2025-05-17 10:07:32,92c7b89ec632ba3f6c7866e41a4189722abf2b2e94614c7e8652661a5b56c95b,897085,985659.0,1080.0,0.001096,3,2,419
2025-05-17 10:07:32,f2832cfc43e75f6398135e5a24f28e50613ae7facd1468d2c315b74c4f4646d8,897085,28746.0,1064.0,0.037014,2,3,396
2025-05-17 10:07:32,773e81504c7670f1aee78fecc42eea352669eed021890b69c7bf934316cf4b9e,897085,6464.0,1064.0,0.164604,2,3,397
2025-05-17 10:07:32,cd8ab29362e43832997a65d06a9e4a914963fb9ecadd4180836152f70bccd97b,897085,12473.0,1064.0,0.085304,2,3,396
2025-05-17 10:07:32,426466e4a8e331a3aecd2605665e91b6268e828b20d56d2edf0d19d0b47ad523,897085,11306.0,1064.0,0.094109,2,3,397
2025-05-17 10:07:32,342249d2587afa4e8792462ddafb1b90d0760dd39ec99abd443d327103a1319a,897085,40314.0,984.0,0.024408,3,1,488
2025-05-17 10:07:32,f1184b0d2ff5927ce15e4ba6b320b1daa9c268b3d4a5945d843ad6f9f2ea1c16,897085,95244.0,984.0,0.010331,3,1,488
2025-05-17 10:07:32,13d89bb89ca6ee61c40771be9b7e8584d735e873768c9543ae161d4c22d49cdc,897085,292786.0,1952.0,0.006667,3,1,486
2025-05-17 10:07:32,7a5a164fae69477d99d46d9aa7bb18b339619280442cd5575b9c955ded6248f0,897085,43750273.0,896.0,2e-05,1,2,223
2025-05-17 10:07:32,142d35cbf9768bac4bb977b42a0d81c9029c84d8293cdd44779b719cd7c058aa,897085,118554828.0,892.0,8e-06,1,2,222
2025-05-17 10:07:32,744a8d2bfbfdd097b74b5a7b3c6f6b0d32165796178bd36f4301e7766ece167e,897085,1231875.0,884.0,0.000718,1,2,220
2025-05-17 10:07:32,c1fa2cefcbec1e6521d1f8a129c55f68bf67a2c19bb2e1b37ac25552dcf9423c,897085,4689.0,438.0,0.09341,1,1,190
2025-05-17 10:07:32,0cce6c63d1281fa791ebd4e5a0f5d7aa4f5167989e879cd41b523345a3d85a56,897085,695378.0,852.0,0.001225,2,2,375
2025-05-17 10:07:32,25232d7f01cb81f5ce7721470d6d6dcedddfd0930e7d54827d0222cf7585d6f3,897085,328640.0,848.0,0.00258,2,2,373
2025-05-17 10:07:32,b991053aa87fa4b65727c76c1f79166a9d1aa10720dd476aaa17ea5d4a5f2dd7,897085,348726.0,848.0,0.002432,2,2,373
2025-05-17 10:07:32,cc4b6cb9cac9b4e46f2ed53490fc740cf26c53bbd27c1a75d048a12a4b2f59c1,897085,23705.0,8452.0,0.356549,14,1,2103
2025-05-17 10:07:32,20a10000f463ff574beab95e45421a7379cb6c88822fe1a5b54bc49cbdd783f7,897085,40160.0,840.0,0.020916,2,2,372
2025-05-17 10:07:32,a61d919ac8767a3c8ea1d63dd723a009ed36b0dcfa1b5bd6becd7db52dcd1855,897085,85898.0,840.0,0.009779,2,2,371
2025-05-17 10:07:32,46a403ccc88a0aada0c1446bc374c47e8a24cf276cc039b48faf5cf5c2351c93,897085,1492238.0,836.0,0.00056,2,2,370
2025-05-17 10:07:32,3d2990e1c8a966288265ad88abb339c9990b7db1175a48a630e91a76ae64dc60,897085,1140825.0,836.0,0.000733,2,2,370
2025-05-17 10:07:32,f48f760a869fccb34ff95ecea1d2f1eca5e23d588b205346002a5f7fc1bd753f,897085,403182.0,836.0,0.002074,2,2,370
2025-05-17 10:07:32,cbe6f27ab40260f0e43353afeda0ef43adb47055435564aed98241bb55841b29,897085,1099458.0,836.0,0.00076,2,2,370
2025-05-17 10:07:32,18cbbcfc497bb5f2b321f83c06ca51b6f3239131785e61c29d8cfbc832422668,897085,580670.0,772.0,0.001329,1,2,357
2025-05-17 10:07:32,35a1dcfd4f39e4d5133ac338543bc724fcc6ae9eaf68aa94315ffeb4fee857ac,897085,29910733.0,760.0,2.5e-05,1,2,379
2025-05-17 10:07:32,03c50a6ef88ae2e141959635ec014957c55e3ca6eb7167d720f9ffad6b8c4aa0,897085,76999.0,756.0,0.009818,1,1,188
2025-05-17 10:07:32,7be7e4f52a59b3730fa5330c8b8c3b3518da49f0ddbbb9a00a7b64f70f7008ae,897085,5622473.0,1122.0,0.0002,3,2,522
2025-05-17 10:07:32,8624d5d8e35b25bb7ce720a56bbdb52aa6374716ad4a45d1a43c824f4a82b393,897085,1364048.0,1122.0,0.000823,3,2,522
2025-05-17 10:07:32,3b9ebc4692f0c0e180deaf3b6482fdf913d88aa3c3785abc33c3b93af04e50b0,897085,46475.0,1492.0,0.032103,2,2,371
2025-05-17 10:07:32,a5d01a77e5ed6e76883307960ee116ad1b54b87916fb4b5b10e7b3e69a6b586b,897085,90896.0,716.0,0.007877,2,1,340
2025-05-17 10:07:32,dfe2e81feab881f17de9e072d3239d9fceef93c3aeff79c841fbbd3d360d83a1,897085,2565684.0,1396.0,0.000544,3,2,590
2025-05-17 10:07:32,696111899753267816fdab8ec8525eb11d6a1dae03c257aae7a4634d9e4ca7ae,897085,1493795.0,1809.0,0.001211,3,2,565
2025-05-17 10:07:32,fed4af58e09b55b33cda44763f05f2a48143005cc4520893facd63b48ba7dd9e,897085,381361.0,304.0,0.000797,1,2,222
2025-05-17 10:07:32,ff5e94af40714127c44295ed43bf4095d96204778cfda9420bda3cb18eb6e02b,897085,481253.0,326.0,0.000677,1,2,225
2025-05-17 10:07:32,edf152d7f09c8b6beb561e85844c3a70fbf128cd5d472de9746912f0555937b0,897085,990058.0,1772.0,0.00179,3,2,524
2025-05-17 10:07:32,253be5c6e36d88e36545728d734778a028762d374de5e745ded392aef9a27292,897085,2071402.0,1180.0,0.00057,2,2,673
2025-05-17 10:07:32,e3bf012b015356eb987ba8c203a033cdde69f9bb1933d3c7cf78db1c53727c1b,897085,43001.0,1172.0,0.027255,2,2,374
2025-05-17 10:07:32,6632d04b5dd718fce42d329a3c284d85a605b509f97b3ff78d8f9f62fe1e3d7a,897085,342400.0,1806.0,0.005275,6,1,931
2025-05-17 10:07:32,4d6d7e622aae211cab4a386671c96b936f5fc73f6eb90f879614bf07f5fd3b43,897085,601239457.0,1476.0,2e-06,3,1,935
2025-05-17 10:07:32,215e9391515626086397ae0223a28b439a317eb7ae2c933a12ea07bd1f3cf4e6,897085,172777.0,2995.0,0.017334,5,6,806
2025-05-17 10:07:32,5c5d04cb73cb904fe51a730e552d1e933d02e39c52e638f1d4ad5b5be2b2326c,897085,1832058.0,2310.0,0.001261,6,9,1043
2025-05-17 10:07:32,a4391a3a1bec8a098bd077320746de5e85870e881b081875f022579af98edef9,897085,1832076.0,561.0,0.000306,1,2,205
2025-05-17 10:07:32,bd27ec3bafd5e17f240ae16808618a33b2ef2aad2bb0fa2532d7063446dcf38f,897085,62584.0,46616.0,0.744855,200,1,21455
2025-05-17 10:07:32,64784a3b8e2bab8b3fdf8f8282aea505360c78d16ef0add85c862efc3317b658,897085,982892.0,1360.0,0.001384,2,1,337
2025-05-17 10:07:32,3de66ff6d4a263410f74bd06d461ddd6144be6357fa4bf0772ef20f575ed8c30,897085,555089.0,856.0,0.001542,1,2,402
2025-05-17 10:07:32,ba3ed24fca33167ef7bb4d7b4a01996f76a83352699488e18cf68b14fd8ed910,897085,77387.0,844.0,0.010906,2,2,371
2025-05-17 10:07:32,271c791f5f48c4dcc8a4ea154879f426ed3d19a76ccf63d6f7e567b23f0c796c,897085,853823.0,1264.0,0.00148,4,1,636
2025-05-17 10:07:32,5d60cd2746947d4b570b4b39b7b02e41c6732c0a87c36a118cd0163311e40712,897085,1005135.0,1370.0,0.001363,1,6,346
2025-05-17 10:07:32,ce91fc1da336e653a28ebf7a53c26baabfb3790698b2fe0be9b7b43462438345,897085,1049226.0,966.0,0.000921,1,6,395
2025-05-17 10:07:32,4a25c14f7bccfce4106f03cdd65d1c3bf4a3e1e3b7752c02ea6b0c54eb2fb352,897085,699781.0,582.0,0.000832,1,2,226
2025-05-17 10:07:32,3737d54e35927a1664c89a2dc86acf6b7ddcbbca6e8b1e5702c3ca73d608940f,897085,2155609.0,582.0,0.00027,1,2,225
2025-05-17 10:07:32,ff95941d5833ab8a156c46305df025cb2ec40280295632036d115a5eb25c8ef7,897085,3050644.0,720.0,0.000236,2,1,340
2025-05-17 10:07:32,7cbf71398af98cdbde9c413782da138ded447a7cf274e6c88a3560c8de1f982c,897085,242839.0,716.0,0.002948,2,1,339
2025-05-17 10:07:32,271c495d15a65330985e7edf6e477dceab6df027360d22f0eb9bcdd22c1a9ef3,897085,5237668.0,700.0,0.000134,1,3,255
2025-05-17 10:07:32,e7163638683713909321d347f8c7c7af342fc5926b2d4ec4759cc58062b3512f,897085,14718.0,1463.0,0.099402,2,2,370
2025-05-17 10:07:32,411f2628c9e5bdad35b896f7c8f2a3dfbce007e4dc2f1cf6f25f6774270babcb,897085,30455961.0,1667.0,5.5e-05,1,1,191
2025-05-17 10:07:32,1c39002c58254dbb1bae8b527064f278c112253c6894b7f6a1a728062d325e01,897085,35122676.0,4005.0,0.000114,1,38,1372
2025-05-17 10:07:32,411447caa0f004a63b85c8a7281b661eca5c324382678a5b21a1a39a49377d9a,897085,588014.0,575.0,0.000978,1,2,223
2025-05-17 10:07:32,38db0ae304592aa8bde07d25368b578a1a2d707637d62ba748eea6a16cbdf909,897085,93870.0,997.0,0.010621,3,1,488
2025-05-17 10:07:32,5fdbbfab59e8a5b59b9c4681ee55027bdf015ecb56bd721ed5517851aea37770,897085,3199096.0,904.0,0.000283,1,2,223
2025-05-17 10:07:32,e2ad23309aaed95f99919d803dc9e448ed8428b59b930020fa9f80b9337e42be,897085,7107760.0,860.0,0.000121,1,2,404
2025-05-17 10:07:32,929300287aeadd1a2f4a4e4fca05cd01a414c925356ff5e9efe8b4d8c41583fd,897085,157074.0,1272.0,0.008098,4,1,635
2025-05-17 10:07:32,5848013bc88f2b2c5568afcc6561d5ad3e4be4d9c9cd97de5bb8dd7392bee334,897085,317263.0,1272.0,0.004009,4,1,635
2025-05-17 10:07:32,6fbf041d1ad1759712b299b780d5009f709f1a201828d7b7841aedf90653e389,897085,827201.0,452.0,0.000546,1,1,193
2025-05-17 10:07:32,de1f7cc1efb4359fffa9498f34188db1b4bf987f131ceadf09b45f893b1a9778,897085,633956.0,448.0,0.000707,1,1,192
2025-05-17 10:07:32,5594065bf4a56d7315a26bf1a180e6532e74e37305defedda5d270591c41dca9,897085,243186.0,856.0,0.00352,2,2,371
2025-05-17 10:07:32,6bce76fc4a8ad65060d34f51327f95e108c833526a1ef176edfc75aa9cb8b826,897085,3605336.0,856.0,0.000237,2,2,371
2025-05-17 10:07:32,91aabdb1d2abb27bb0ca5cfeb9038a1283edb8dec7afbfe16badbeffb2df174f,897085,104481.0,603.0,0.005771,1,2,228
2025-05-17 10:07:32,73b88f6ee864f24c0c270aa6c34a9531411d40d2ea99a94fb0e49510b2c83c26,897085,120084.0,898.0,0.007478,1,2,219
2025-05-17 10:07:32,e9cd935c5af8333cca56bb059c18989af27c4ce0efefda3652f7fdae03c46e8b,897085,283974.0,603.0,0.002123,1,2,228
2025-05-17 10:07:32,4915e9e82ee870a0692015e385a220a19119af5995f79bbd310edf2d599b8a8b,897085,1143939.0,854.0,0.000747,2,2,370
2025-05-17 10:07:32,232480afabf78854acd70473a6a88bc4d79831940e97f639fbbc462704d051a6,897085,818689.0,1308.0,0.001598,3,1,561
2025-05-17 10:07:32,706f965725281a9dd15722e4a1927d2500ba117937240169fa2e1b466c30461c,897085,8260.0,580.0,0.070218,1,2,222
2025-05-17 10:07:32,11ba0ecde58e8624c11bef24fb253f643f602d2c60634bffb1c68e48f0b312fd,897085,693380.0,1240.0,0.001788,1,6,382
2025-05-17 10:07:32,f42ecec7f34af53c0489ca677026280203481008d2b397eaa2326dd4acdcbcca,897085,693380.0,1240.0,0.001788,1,6,383
2025-05-11 15:49:37,b1fe7459dcf5c3d19b8e86cc2e09be37d725d41a80f59403a343c2d506e43c08,896276,46863.0,137.0,0.002923,1,1,194
2025-05-11 15:49:37,425570fc8867f16198dc966e7e0622363b31b6d06718168afb5d4507e8f2c7af,896276,169934.0,188.0,0.001106,1,2,206
2025-05-11 15:49:37,48b89d3fe17e34e880a9f152f7121d87e5139c845fadfecf6af72672c9d3c99a,896276,4331395.0,188.0,4.3e-05,1,2,206
2025-05-11 15:49:37,c62b72e6230cb3941807e19db2ce15dcf1717e3667409131237955e056090c89,896276,195266.0,448.0,0.002294,2,2,369
2025-05-11 15:49:37,6b52a71111283de9e8aece166f7e80b24e7aa0e18f58e3b7d11ead0d7493359b,896276,2499834690.0,310.0,0.0,1,2,255
2025-05-11 15:49:37,e4796d17e6d136703e9b1ad9868ef3abdb1e6d1dfd18c043d68cee1de0cb1dcc,896276,1834990.0,178.0,9.7e-05,1,2,222
2025-05-11 15:49:37,5b51783487e55eebfa0675f99412ccfae0244ac720448bfba261eeafe21a701c,896276,2599757.0,415.0,0.00016,4,2,667
2025-05-11 15:49:37,8a0b74deba672d36818c6d2a75fc4e646c1f35446c2e88a104e60919b33cebf7,896276,269286.0,190.0,0.000706,1,2,206
2025-05-11 15:49:37,c8793cdd96e429b145526a75f0016a059f14e7265fd3ba7271ac36633cbf801f,896276,8688.0,263.0,0.030272,1,2,437
2025-05-11 15:49:37,b04cfc0d2e4c16b696cb64c8e1851c937672a6e525a750cc33f91ed09a8dc221,896276,1228013.0,180.0,0.000147,1,2,234
2025-05-11 15:49:37,ddece6751a6d5936af9828aacfac840a277c7c1a0d01c76f291fb393ed5a4f0e,896276,35566.0,224.0,0.006298,1,1,407
2025-05-11 15:49:37,cd1d257549ab9e2edd45352b4510fc6ac34c5d007aaaaedb173de2948322b9d6,896276,696046.0,184.0,0.000264,1,2,234
2025-05-11 15:49:37,a3c8c1bcaae739f95872bf4511773c755cac7358179cab35c9234bbba53625b9,896276,1499972.0,242.0,0.000161,1,2,358
2025-05-11 15:49:37,f0cd44f98e9dc0d77b07b3fc0841cf283aa98f41d78488bf2b1326550a1e2a31,896276,138864.0,224.0,0.001613,2,1,340
2025-05-11 15:49:37,6035d840c0c171bf098ce3a0a675553737f1d6bcd7a0db89bbe526136375e41e,896276,885000.0,344.0,0.000389,4,1,471
2025-05-11 15:49:37,781fec9253a17e9304888309efa3263d36c809f2e80cddfb19c9a46dca17e7d8,896276,1155075.0,471.0,0.000408,2,6,529
2025-05-11 15:49:37,c733d8d4f82d66a292a778b6958fb48c01ccb2501b3346dcfc0954e24c3f6fd2,896276,564700.0,300.0,0.000531,1,5,315
2025-05-11 15:49:37,4037ebde65b6404ec600d61491eb83a9259921fe51f5e24f8c2d8edef2443e7d,896276,1186936.0,236.0,0.000199,1,2,349
2025-05-11 15:49:37,799002c60fa2df5e2332917ad0186a285d263d9b852d1c70e4f992b38e70fd18,896276,91764.0,236.0,0.002572,1,2,348
2025-05-11 15:49:37,2565fb0ab1e3b33294d6e69a49dd39a5ca14ff3f33ed5c33d266866f9a6acb5c,896276,89098.0,174.0,0.001953,1,1,214
2025-05-11 15:49:37,ebfe370334d18c9b2207fc34a3d8af2dfbc184d9b3c63eef21b12e568d9a7a18,896276,2727800.0,200.0,7.3e-05,1,1,194
2025-05-11 15:49:37,cc4312a673b065f1c32ae577e861b58fd1166e8d487f16e32e4d71b754084a0c,896276,11808349.0,559.0,4.7e-05,1,12,547
2025-05-11 15:49:37,907c42f5d4d8237ec75a8fea607d8c996b48f6ea2c4d39273c57b8785de4b8f5,896276,15619371.0,188.0,1.2e-05,1,2,194
2025-05-11 15:49:37,18a270982b16069137004a4d7725aac6f8fe1ccc9967c551689ebc7a4fc5a14d,896276,11277.0,145.0,0.012858,1,1,192
2025-05-11 15:49:37,3208bac13fdfbc9779701cf0d0f66ab6bf24fdfbad1f80a6452c3671d60420f3,896276,16776746.0,254.0,1.5e-05,1,2,357
2025-05-11 15:49:37,df4c616648268dd8bf41cc43e923c300695362c9edcfb301e119a2358439ff31,896276,3155.0,191.0,0.060539,1,2,195
2025-05-11 15:49:37,4e13062e99e2a6f5780be6cacdc469529d3617498a42f5c8ba46ef7822bd62ec,896276,1770824.0,191.0,0.000108,1,2,194
2025-05-11 15:49:37,7365c61759a208f0cca5f56c19e6b99996abc5650fdb3caf00d7b684044fa9a0,896276,4814.0,191.0,0.039676,1,2,194
2025-05-11 15:49:37,ad0fd19e69540a01355019926e6dd0b84ed3aa0d6c4353ee722ac20fb2658047,896276,96411.0,191.0,0.001981,1,2,194
2025-05-11 15:49:37,25410a714bc6c6caed463da0db6b92db23954540c4252328d1651a9a36e16fcd,896276,166767.0,301.0,0.001805,2,1,387
2025-05-11 15:49:37,e7b3f979fc6d9e190d8fb962fef74f38e446245f3a6182d6e17f18dcfafd1737,896276,25903.0,259.0,0.009999,1,1,406
2025-05-11 15:49:37,6921457c24fb9695ece73122087f8661b08ad480df0b3b5fb478acd4357b20d7,896276,2781387.0,176.0,6.3e-05,1,2,234
2025-05-11 15:49:37,846b84283e73b9f0df454619ff361f68adb638d3522d1e0a6f8f9669c946b930,896276,198100.0,300.0,0.001514,1,2,223
2025-05-11 15:49:37,b0e19ba6e6d5d53964066e8abf72eb29df2c588ed55c58a838ab3386d0da4a45,896276,10352702.0,338.0,3.3e-05,1,2,223
2025-05-11 15:49:37,6fa3a158059f3e0d924775367df7c2f4ed24ce6f6a31567bb6f6655f5921b764,896276,10380388.0,169.0,1.6e-05,1,2,222
2025-05-11 15:49:37,12dc72523aca8da9f694231500f5584e3128f990d97f8c7835f4b95465f4f595,896276,10400980.0,169.0,1.6e-05,1,2,222
2025-05-11 15:49:37,1f4bbf3d5298b72617f5981c6ca0bf3e75982040688a18144caf2f72483d1f5a,896276,10425123.0,184.0,1.8e-05,1,2,235
2025-05-11 15:49:37,913ed5f602a8d6d3c26c785f1eb07d1d1d6e216094812e934cead8c287e1f4f7,896276,10473230.0,184.0,1.8e-05,1,2,234
2025-05-11 15:49:37,ae1c86a13e942b8c9b8914ad76ac77b8b29bf2b51626523dab182ef3abeab06e,896276,10620848.0,169.0,1.6e-05,1,2,223
2025-05-11 15:49:37,f0af03b761b8de2e369835dd6464831b4daa24648e89091b85af7647f12b17c4,896276,10670593.0,184.0,1.7e-05,1,2,234
2025-05-11 15:49:37,6f1bbe59640e1de773f9f498e3a3a12fd0a32f00f6c493cc19adaf347113f4a6,896276,10739652.0,169.0,1.6e-05,1,2,223
2025-05-11 15:49:37,00e89a06aaf5ab88319834047443f01b4b3dfadf5f5967b6bc1f12e749f02370,896276,175288053.0,338.0,2e-06,1,2,223
2025-05-11 15:49:37,7b4447ea3553f893840c63c74cfe3f85726a7c0defb4070b6daa7c5156905255,896276,175321720.0,169.0,1e-06,1,2,223
2025-05-11 15:49:37,e758256a93b299fb63c871fd996c78f36ce9e6eeacbbb59710b10c4e1d8edb25,896276,175416263.0,169.0,1e-06,1,2,223
2025-05-11 15:49:37,b5a0f62f10ab30c30cff8070297be3bf145d02754ed14174a23c1867a0057dff,896276,175447631.0,169.0,1e-06,1,2,223
2025-05-11 15:49:37,c3cc7e330f9b6b4c00f6291e428e80cd9baab25d46466eaf9c37f10a20346bd6,896276,175467806.0,169.0,1e-06,1,2,223
2025-05-11 15:49:37,ba4951667328b5c447dcdbc7da5fbc0d13a3216c69b655568a41abd09ae92d78,896276,178578791.0,358.0,2e-06,1,7,380
2025-05-11 15:49:37,b8e025bade1ac79248d7023f4af97c02fc274a58c7d867af5466d65ec3676bdb,896276,178588356.0,169.0,1e-06,1,2,223
2025-05-11 15:49:37,e7648137ae3499df862b5d0d4a264e9fbd6d1944256f77e73f8c19ae4f6a837c,896276,981008.0,337.0,0.000344,1,4,330
2025-05-11 15:49:37,72fc198ce5c3cad5f35b938ce7dcbb8f335b2615f2fe170bd9dbc37023b8b836,896276,987005.0,480.0,0.000486,4,1,759
2025-05-11 15:49:37,a6802c7371b07c1553b85549b85729f51936c028f33fa65771880d63e8eb20b3,896276,850.0,150.0,0.176471,1,1,191
2025-05-11 15:49:37,dc8d11532c22210886a5a7c3a5c0d47a5eede7fff3f81e04ffa3d3b6223d7718,896276,1748131.0,375.0,0.000215,2,4,434
2025-05-11 15:49:37,05c5a02cef0b79990fa923d93cc9ba0aa4b487ff0fb7ce1abac85fb8fbab1e6e,896276,61910594.0,195.0,3e-06,1,2,222
2025-05-11 15:49:37,119f56293ebc07c47352cb505b00ebe26d99f34318c690e9ca817ade54274c97,896276,10212789047.0,154.0,0.0,1,1,193
2025-05-11 15:49:37,4f483fcb4a329e0e799b761f9138f5545690b1b4629c17c67940b9b3a9288caa,896276,32870200.0,196.0,6e-06,1,2,222
2025-05-11 15:49:37,dd9e477be8617850527fc3b1b47a83bc26c66074b2f367cac677a31179eebd47,896276,2370.0,1155.0,0.487342,6,3,1161
2025-05-11 15:49:37,fe1ffba8a10c5742474fd2282bdeb65dfcd4eafab0204e5402a04e21b3d433bd,896276,40946.0,1596.0,0.038978,16,5,1940
2025-05-11 15:49:37,67a9bec531765feb9490cafbd12c46068cc3460212f4dd81ec6c517a34fd81d2,896276,83603.0,197.0,0.002356,1,2,222
2025-05-11 15:49:37,4059cbf4718c37427b992c2811c21e07339e2b249a5d058dadb6d56f860c94a6,896276,671233791.0,338.0,1e-06,1,2,222
2025-05-11 15:49:37,c10ba0046e969089da063072c5e1a323ac59034475478eaa323fb76ec9c1a326,896276,671268360.0,169.0,0.0,1,2,223
2025-05-11 15:49:37,2b2bcf2da361e44438ba9781451614a128937c35efb18dffd4a900f5069124c9,896276,671543560.0,169.0,0.0,1,2,222
2025-05-11 15:49:37,4315d75fd99e5be12981ebffe1b35b88669298a719edec2a66d3315112fa3ce0,896276,671581295.0,169.0,0.0,1,2,223
2025-05-11 15:49:37,80c8e30594fab2147599718b347f05dc5e2097b530edaf57a627f09e92e60470,896276,671608395.0,169.0,0.0,1,2,223
2025-05-11 15:49:37,ebf65c253e6a47e85d89c00d30e1954bad32e5ffaf0afdc1b43543c4a8cd0e86,896276,678478495.0,169.0,0.0,1,2,222
2025-05-11 15:49:37,8dead98badc977dd284793739909bdbdd1233f467bf6f54444af9b8859c8c043,896276,3593741.0,214.0,6e-05,1,2,234
2025-05-11 15:49:37,7d4c04397d9609ce2ff60c96feb23fcd3d74b0196e3ba04c96efc990a21470b3,896276,9138731.0,557.0,6.1e-05,4,1,941
2025-05-11 15:49:37,c6b0928297233481e180c30ac61fcaa0f7b6992665b2a413656b781b51ba0cc5,896276,162854.0,216.0,0.001326,1,1,192
2025-05-11 15:49:37,4a7879c208e64bf9794fd17be5a03b41fd54d0958acb0316fa8aee4b7d44e5f1,896276,41934.0,1390.0,0.033147,1,1,305
2025-05-11 15:49:37,430841abd25ade5c447957728629641b0eda053e48298b10b3acb1c2de94ea10,896276,47661368.0,4390.0,9.2e-05,2,118,4152
2025-05-11 15:49:37,07e19aebc6353e2bda3cf430aa1a0d1f37ade5bf55685de6f16a6dc88b36d3ce,896276,10088.0,154.0,0.015266,1,1,191
2025-05-11 15:49:37,9b3d99697197cdb69284e6c9757d856711e1294438fc2a294e6ea83980cc60fc,896276,355006637.0,199.0,1e-06,1,2,222
2025-05-11 15:49:37,67bc4ec2e0dd33707ef3972a456b92e6eb61f4350e0b9de20be8b392f2c32d1b,896276,1074600.0,200.0,0.000186,1,2,222
2025-05-11 15:49:37,8ef367a0212793be0707390def10632d71a2b6d66bc171e69a5ba31015733255,896276,480000.0,1320.0,0.00275,13,1,1976
2025-05-11 15:49:37,65353286470e9cff244756336f5b3cb887278355cfe18e1faaaee82ecee57180,896276,53260.0,260.0,0.004882,1,1,406
2025-05-11 15:49:37,822321d14482f3e2821b2b045c8a88176928a5b5ca5c9295d7f4d1d7a05cc603,896276,665248.0,206.0,0.00031,1,2,234
2025-05-11 15:49:37,591357cfa2197f60b893e94098f293b3ea2dc894f2b955978d4d65fed828870c,896276,999641.0,159.0,0.000159,1,1,192
2025-05-11 15:49:37,ebfd05bbce2d2de1b35960189c82d99a35c1f22b1a5a301b4713f1e5068b23e5,896276,120205.0,331.0,0.002754,1,1,193
2025-05-11 15:49:37,47572a795d2b1ea8e20f9f55f841a97dbcb210cfdcbe9ef178955cf9bdc5696f,896276,1579724037.0,763.0,0.0,1,17,718
2025-05-11 15:49:37,d1aed6d68b151e5ad9f5084c1a6ae8d9b63aa3d7b3c553acf3856b14243045bb,896276,664797.0,225.0,0.000338,1,2,234
2025-05-11 15:49:37,0ba6dd7d37b964024c614c6bf934d190571f0756fd8c122b154a8a1010ac51cf,896276,497781.0,349.0,0.000701,2,1,568
2025-05-11 15:49:37,392bf48f9b93fcc49ad8fcccabe79500702c587a10816d88ab243229acd5f74c,896276,48632.0,162.0,0.003331,1,1,192
2025-05-11 15:49:37,ad8e6b2232f7fed3ebbccf7233e03f2a569456c62de18748021d3352c859bc03,896276,137683.0,226.0,0.001641,1,2,235
2025-05-11 15:49:37,6a9301b368e93f4f2c94f7bd8775eedf964af3eeb1ce719becdface7bb60df4f,896276,4516896.0,338.0,7.5e-05,1,2,222
2025-05-11 15:49:37,e6f28c53518fe1ddd857367276fb8ac5d04a9a037e0dde523814e476ba7f6f1d,896276,5209598.0,169.0,3.2e-05,1,2,223
2025-05-11 15:49:37,0dc092bda6979cf27a2877dbfeb5e8119a2ca72b083edcea56678b9c1f2de20c,896276,5301758.0,169.0,3.2e-05,1,2,222
2025-05-11 15:49:37,a50c2238996de6cecc7f02152803a14cbb1086ac6785c5aea50a70d615c69666,896276,5318220.0,184.0,3.5e-05,1,2,235
2025-05-11 15:49:37,96d7ddc13f2b9ea186f69dab459d3eba7b118f5969ae7403efab0bc3423706a6,896276,49500.0,264.0,0.005333,1,1,191
2025-05-11 15:49:37,00c6ba2ff48493427f309855ec93d9de3f19c18a9ed5a51744762e29bbdf6ad6,896276,106339.0,212.0,0.001994,2,2,370
2025-05-11 15:49:37,716eec79d2b8b24fbfe0eea071ff0abe51a7d98172b2ba860ff491f479f93d1a,896276,38640284.0,292.0,8e-06,1,2,383
2025-05-11 15:49:37,98f4e1ec2fc2005b5c398ffa60ad12548b631b72768298f93c814e3548ac6dfb,896276,12621.0,323.0,0.025592,2,2,313
2025-05-11 15:49:37,ce6ec6c9d8db602eb3a3a743eb89cdc9a8a149d7de8390aa20f096468886c2a8,896276,466.0,276.0,0.592275,2,1,317
2025-05-11 15:49:37,955c4fd8f1f0accebe4d791e77a710a38682a259d18d68cf86dd8e289ab3ab08,896276,144544.0,421.0,0.002913,2,2,373
2025-05-11 15:49:37,6d76be94fb52af9d742b053c1cab19a3c49e04528f7619573c58b63065a79cb4,896276,39188403.0,190.0,5e-06,1,2,379
2025-05-11 15:49:37,ca6540a195e56d15d11b4a9e91a2208755fd0a9ed6f2efbaf64235ff64a80b53,896276,55780.0,220.0,0.003944,1,2,225
2025-05-11 15:49:37,d9195f023c81af92cb47a107318c2201f5035d305cc94cd7657dd9feba4025e3,896276,28782.0,420.0,0.014592,2,2,373
2025-05-11 15:49:37,dfcd88a7cb2f88946cdd95ecf7f04ba3d7725fcf2641add5846bce7249b18d12,896276,1918174.0,190.0,9.9e-05,1,2,379
2025-05-11 15:49:37,0562fff00528995e2665fff0ce9402b65b9431604887bede805b7c0507cb1e1f,896276,4051549.0,219.0,5.4e-05,1,2,194
2025-05-11 15:49:37,799c0c0e452f49713a491c95be468c9e8c85ecc9ca0b230dbf2d17aced237b8a,896276,47368.0,288.0,0.00608,1,1,188
2025-05-11 15:49:37,1919feaa85c13234c3a8b1028faee53a917b589a0624ccda86f6bd9e1e1a82e1,896276,47371.0,546.0,0.011526,1,1,192
2025-05-11 15:49:37,78d69429dbccecb7241d606679faa7c5a639ed18dc9eeff6453e8cbcebefba6f,896276,749995624.0,1330.0,2e-06,1,32,1196
2025-05-12 21:13:18,0a6f2e74e84ad2184cd84000fb40e3ff4d95c2ca17e2d222428b2ce8ff546856,896458,4341637.0,1375.0,0.000317,1,1,194
2025-05-12 21:13:18,ddd55309d76fdf3b5729419b709c23ae985c86d0e107571bbc1c800941dd8a95,896458,27822209.0,2520.0,9.1e-05,1,4,288
2025-05-12 21:13:18,74d92ed2c2dd6b39a3db7c66429ce19a253140386cc2f245768f8f9d51737f71,896458,64101550.0,7163.0,0.000112,2,14,745
2025-05-12 21:13:18,d1239ceec6f2d8b4ec0a1723826989b865163fa4cea6a9ba12f0969ef6ef9ef1,896458,43878100.0,11078.0,0.000252,1,22,1090
2025-05-12 21:13:18,d4ccbf1bdf5891ab99f2ca01b971e97ddc08f39f66c9ccbd15a45af01a0ade30,896458,2724995925.0,4075.0,1e-06,2,2,711
2025-05-12 21:13:18,a940d4a976ee93425ed82def728b389ee63864cce760637d12434980987cc226,896458,291506.0,2881.0,0.009883,1,3,424
2025-05-12 21:13:18,cf0df4679338bc3a120fc91c518df26e98fadd022494f4f4aaecaf10a6dc54f3,896458,2280655.0,6610.0,0.002898,4,3,1293
2025-05-12 21:13:18,559b9c3d2d54c57a324741310940936a103f0ce88d36765ff522f72aebbd14cb,896458,67975797.0,2340.0,3.4e-05,1,2,380
2025-05-12 21:13:18,72cfe00909469b7baea43634b8fbde7e5ca47811358285796a9ef736e517434b,896458,3683412.0,2340.0,0.000635,1,2,381
2025-05-12 21:13:18,f14d07a1e3d28bf37cb5922aa4a7609f532e711a90f63727aedf00fe95f3a1bf,896458,7932.0,1375.0,0.173348,1,1,192
2025-05-12 21:13:18,060d8eecaedfa1e6b05eb1cbf3f53b106aaf169585f7050aa30692e77174b316,896458,39657.0,1375.0,0.034672,1,1,192
2025-05-12 21:13:18,27bfc51b975945c09e8961ec8d20542591dd24506e1e4a03a5ef6795d950cc08,896458,16087.0,1375.0,0.085473,1,1,192
2025-05-12 21:13:18,f1667d99b472c9cd3ec3a9ae2ce81a1feb2c03b3e3f5356b659110299aa27def,896458,35458774.0,11024.0,0.000311,10,6,1686
2025-05-12 21:13:18,00f35cdcca0f8734914d33c24b722edb117bf458d668f602170759a0937b16ef,896458,1136116131.0,2869.0,3e-06,1,3,444
2025-05-12 21:13:18,23256f18c35a780031a57e1d730617bf22c2081dcf0f0dfc21facfdfecfea695,896458,145879.0,1419.0,0.009727,1,1,192
2025-05-12 21:13:18,e29d69d2ab5c42d9001313489efecc18fee7900ef45dca93dec58dda15b24f81,896458,64476734.0,2588.0,4e-05,1,2,392
2025-05-12 21:13:18,517464fd2e74ac4d239caf3888b1bd475efdfe441f94ab549a07ccdb764d39a4,896458,1730504.0,2434.0,0.001407,1,2,380
2025-05-12 21:13:18,d3e76945157866975c0473ac6af16ab6abc0fbfc6abf22c96a783c39710fcb68,896458,316691620.0,6865.0,2.2e-05,4,3,1293
2025-05-12 21:13:18,19a120123b97057e22c5eedff0c41fdd8b8f64c207dc0268b650b32ca6de1acc,896458,108339227.0,6468.0,6e-05,4,2,1262
2025-05-12 21:13:18,8ffebda1ca8eceed98528cc934a69cb8d4ff80085f1b7b22bd36ca767ec3c6aa,896458,98065489.0,8210.0,8.4e-05,5,3,1588
2025-05-12 21:13:18,69a16256eaa4741f32474aea5c2630b308a933fd2f0811a0229b238b6e4e1e3c,896458,127773.0,1836.0,0.014369,1,2,224
2025-05-12 21:13:18,5d9af75573d7e23ff597cdc41237408a8454e6b2b526881227efdd985ca2a18b,896458,17560.0,2440.0,0.138952,1,1,188
2025-05-12 21:13:18,48d0110398e78ebb433f2cce7d06d0155eca2b528e0ffbdbd69a6af0861b3a02,896458,456875.0,1429.0,0.003128,1,1,192
2025-05-12 21:13:18,4644de4b11ba84f88dcd576b596be0d3e9205b2517e57a804df46819f8cf3cff,896458,5887165.0,1833.0,0.000311,1,2,222
2025-05-12 21:13:18,d33083df309ed10334c9aa143f899bd8675c0cdc06947589edd960df126c1ac2,896458,605525.0,2717.0,0.004487,2,2,371
2025-05-12 21:13:18,aeaf1bcb59e2bf7b4c9bc004e1f9d632843e8db64e417f33267f1fc9963f7e9f,896458,537610341.0,2912.0,5e-06,1,2,224
2025-05-12 21:13:18,0207cef0aa163aeeb00976fabc4164f0c541d377d450d7180e31a4e097c56253,896458,341355.0,1833.0,0.00537,1,2,222
2025-05-12 21:13:18,8a3590444f1278a641251845721c34d9f389b71ff19792f8c1ebe91796e5193b,896458,51174.0,2132.0,0.041662,1,2,246
2025-05-12 21:13:18,a0d61cf000a81400110c442179f1d77a729de26bee47a122c9c69728cdac2719,896458,29636.0,1846.0,0.062289,1,2,224
2025-05-12 21:13:18,c48ff8edc884310ed26b0f4c141ae36e0eea6e6d508d1aa4dfa50e1305beeb10,896458,135450.0,1833.0,0.013533,1,2,222
2025-05-12 21:13:18,dd20ff56c3f5d0e989d9b77a4836015ef8c98494d88d45f411883ff4fd7df379,896458,393578.0,2890.0,0.007343,1,2,222
2025-05-12 21:13:18,977be4927be0dc2122401979d1191a4473c33b28b3a66fdaa26e9afa744875d5,896458,367178.0,1836.0,0.005,1,2,222
2025-05-12 21:13:18,5390f7bf7cb69d67caf4179a12d9d181ce3b86dfb13d5dac9c4bdbe903bb525e,896458,60364.0,3627.0,0.060085,3,2,521
2025-05-12 21:13:18,c9a48eefd2b715f89cca1829b5a37c0289d8900a6cc05b48be22c8d00038650a,896458,96370.0,1443.0,0.014974,1,1,192
2025-05-12 21:13:18,4be21411d673ff0e1e0f2c9c2cb9128091fd5a9b3f6da3863d483a4a10ab25a1,896458,10315125.0,4561.0,0.000442,1,4,345
2025-05-12 21:13:18,14002c8110bc58d90e2f09986e2e6d842d2722526b635454b18627d8c5e70d3a,896458,21303503.0,2802.0,0.000132,1,2,381
2025-05-12 21:13:18,87a6ffc64d864c224c6ec7a302cea7fb57586e5eb358a0d54878ba7604d18e24,896458,21596867.0,2244.0,0.000104,1,2,380
2025-05-12 21:13:18,80ca6d4ec657ff5b3161e4565c2b8f935de9059a7abdb3c5c4c9b0d6eec91cea,896458,12644570.0,6043.0,0.000478,2,7,833
2025-05-12 21:13:18,95fb57fbd222147cf2a8ec91e1368893b697815db78fac1d141f6339604d0392,896458,29131640.0,2543.0,8.7e-05,1,2,382
2025-05-12 21:13:18,5854767d53c3985b8c9b9e5e5e98ec7b1fd881e466c7901f5165a02cb2bceba0,896458,115050083.0,2530.0,2.2e-05,1,2,380
2025-05-12 21:13:18,86c5cd38d403745854fb3b777ab2bd0899f5fac365c9c29376e2732b936bab07,896458,6036833.0,33908.0,0.005617,21,10,6511
2025-05-12 21:13:18,81e02506d2e8547112667d88451098f4cf905f32aa14ac9938053827c53b9103,896458,114213604.0,3008.0,2.6e-05,1,2,223
2025-05-12 21:13:18,00d3836e22b3a0e0a4c33ca14ae6496e122ca3d65a452e9022b611cfd628489c,896458,40687973.0,2995.0,7.4e-05,1,2,222
2025-05-12 21:13:18,e470e7c1aa6d22efe190b7ba45e0b89791bf41c1e7d189bb9de5beb09f362ad4,896458,54109.0,3607.0,0.066662,2,1,698
2025-05-12 21:13:18,2a5438aed485a5f8b018a2b87e03a3278647f1ee5a130ecdeefc28c4fce7bfcd,896458,26092939.0,2742.0,0.000105,1,2,392
2025-05-12 21:13:18,8e53a137988ddd914b1b2100042cf4c7a3f57f1f3a3dc479d0a29036cb124bc7,896458,34488647.0,2579.0,7.5e-05,1,2,379
2025-05-12 21:13:18,6b27a6567c5762573e587d462c44fd006460517760ea53dcff79a906783a5083,896458,12907679.0,2579.0,0.0002,1,2,380
2025-05-12 21:13:18,d0d13f72c9365e80818cbcd4531a068983cb9b41d990dae1a9293d31711d7659,896458,1500382088.0,2579.0,2e-06,1,2,380
2025-05-12 21:13:18,bc8d303c11bca92b3b6d888de6f5dc4bce5b0dc44edc58e001b7d53e0751743f,896458,63105628.0,9702.0,0.000154,6,2,1851
2025-05-12 21:13:18,0b4da137d7e5effedda5960daa6ee156fb834ee32eb380414e2d889773132006,896458,30002097622.0,9702.0,0.0,6,2,1851
2025-05-12 21:13:18,c3396c527836a9f52b6bf37684950b1268761e9d80f71ee4a7399408a45685e8,896458,96249087.0,5428.0,5.6e-05,3,2,966
2025-05-12 21:13:18,c384b004b358a237d6cb08dca81aaba6f1d9007f2eec998bfb784c72806635bc,896458,365124.0,1928.0,0.00528,1,2,223
2025-05-12 21:13:18,414249b07f7d50bc63dad0908faf69dfe442ca77a6d64e0e6dd1706920fe4f7d,896458,55104311.0,24922.0,0.000452,1,52,1996
2025-05-12 21:13:18,1615af375f2d73f7dce995149214d95ea5c7c029005c87556774376051292b5a,896458,24787124.0,10187.0,0.000411,1,7,536
2025-05-12 21:13:18,e3091ba7bca98a9b42486eabff5df9995158c91e3a3fcd4f4eb308b1168b39a2,896458,48826549.0,1509.0,3.1e-05,1,12,693
2025-05-12 21:13:18,5831767a86ff65fe24170b65950053e7b4c2012ccccfea5d0a4b46fde16344d2,896458,320000.0,2330.0,0.007281,1,2,333
2025-05-12 21:13:18,c2464d791f6e05878405f8931f2d605e4a4ae7c5c7bee8536b69059e2d9d0c47,896458,1833600.0,2330.0,0.001271,1,2,333
2025-05-12 21:13:18,90abb508b717ff91d960b803341350b3f4fd04ff79f7f42a75a6886789112bb4,896458,997743.0,2000.0,0.002005,1,2,225
2025-05-12 21:13:18,01a9573dc47c3c6debde1b846b33ccfbf78ca29489a4d17c9babe016da78cf92,896458,2603222.0,2000.0,0.000768,1,2,225
2025-05-12 21:13:18,c11ade91c8f9486bd3da4b2d5d54a414ae2101860a87604c9b0c2008481cc85c,896458,61053880.0,2917.0,4.8e-05,2,2,372
2025-05-12 21:13:18,eaf5f6b8377cf49115240afc46f2775f0948f9b7c204344553d472edeec40861,896458,14520124.0,3056.0,0.00021,2,2,382
2025-05-12 21:13:18,d3634f7eaee9e78fd36969d0c527e89ce2c575a90ddde5914125cf2b94e522d2,896458,171571.0,4680.0,0.027277,2,1,336
2025-05-12 21:13:18,1f5d3a4f948e3cd4f54423c1f5f42bbedf2464074a2414ee3e8ebd4d98b5487c,896458,179240.0,2016.0,0.011247,1,2,225
2025-05-12 21:13:18,ba1e2502d12011b5f03bcda57345aad2367be95e86ff77bfc10499aece8ae4aa,896458,994346.0,2000.0,0.002011,1,2,222
2025-05-12 21:13:18,a96654d6fb718938e07471d67c5c6ed6b7f4fd6202e4afa493d5d1a0a1a0bc4c,896458,3711271.0,2000.0,0.000539,1,2,222
2025-05-12 21:13:18,472b3bd78f53fcc2d67ee704ad7eafe8f74d5e9792d0ca951a7fa6b559dd2d46,896458,998000.0,2000.0,0.002004,1,2,222
2025-05-12 21:13:18,24b3927799059be98d2177bc6349007ebb0f52b721eef2d2b530fa24c88ad484,896458,8676.0,2996.0,0.34532,2,2,373
2025-05-12 21:13:18,ac16fa78e57862568e188932d10bd86ea5dc877b7c798ba12efb4874888e9ec2,896458,4310427.0,3556.0,0.000825,3,1,490
2025-05-12 21:13:18,7bcf045e3c6335816055ccfa1636a5d5ecfe5e1374a50a246de5bdbb518ecdec,896458,1207189.0,2730.0,0.002261,2,1,352
2025-05-12 21:13:18,7e3cbb7c2480bbb68b898522256fdeb389af53d3feac518855e97846dcc45187,896458,53380.0,1582.0,0.029637,1,1,191
2025-05-12 21:13:18,78767e45ca4e4c35e95e034026815ba6deb5fd8989a0c6c82fbbc89c131c3627,896458,2428067.0,3228.0,0.001329,1,2,224
2025-05-12 21:13:18,f31fcd8194269afa65c40e8280ea1c0f00754a833ba85bb73524725bba21d38e,896458,81318.0,3247.0,0.03993,1,2,223
2025-05-12 21:13:18,f16c5493badd799935809a1270a155aee12cbb14465a6ed3509772df21aaeb73,896458,1108613.0,3247.0,0.002929,1,2,222
2025-05-12 21:13:18,3864e993424f4d3d7cbe9c0284aaef2c0b6abb0441166b22e1956ed2059a3e0e,896458,496597.0,1616.0,0.003254,1,1,191
2025-05-12 21:13:18,ae76a2091522c30d0540bd4ca098935b12347f4d2dbb2874c12c4302f429f52d,896458,343863.0,5494.0,0.015977,1,1,192
2025-05-12 21:13:18,4aac02c06b7bbf70100e49471ad45cdae6f4c8bd9cac183b0f6035a8d20c72d6,896458,95017573.0,141.0,1e-06,1,2,222
2025-05-12 21:13:18,69ecd4e830c5c388775bc434219d43d52f1821a14f90964f90503518ef846bde,896458,95320158.0,141.0,1e-06,1,2,221
2025-05-12 21:13:18,5d95e8d414ecd982c7ab5d9814cf6d22206f4c8338b3763a33a702c81a7f4cdb,896458,739547.0,2448.0,0.00331,1,2,246
2025-05-12 21:13:18,1dd6491e6dcdc54883476950665dce8556bffc28034fca158d0fd5dd5d946988,896458,1948726.0,2113.0,0.001084,1,2,223
2025-05-12 21:13:18,bee26cfb1c83d7bc0ff4cf331fae46a8c94e48b6f01bc6b6af75eca363e064a5,896458,211885.0,2115.0,0.009982,1,2,222
2025-05-12 21:13:18,362a19f93cbd86a6b7516c4f44c2778918dd1526581593cfc0791431bb32a79e,896458,110786.0,2115.0,0.019091,1,2,222
2025-05-12 21:13:18,33b065e72e5fc22a81b3402577fd504806abec28aee78a49a4a68bc7c1581e5e,896458,6576735717.0,2160.0,0.0,1,2,225
2025-05-12 21:13:18,75a331a776e7735ea5626348414a985e6359ac75f217451d9bcbf9099d505313,896458,336215157.0,2715.0,8e-06,2,1,343
2025-05-12 21:13:18,a32cc84b80b9112c94cc5a68f955d765b6c0494024e95636f97adb1f8ba68d44,896458,381581.0,2880.0,0.007548,1,1,191
2025-05-12 21:13:18,1cf1800f442df8da9a262df9c89e7fb1b950f9f3e5810eeb07cbe4984d7f061b,896458,4433358.0,6825.0,0.001539,6,1,936
2025-05-12 21:13:18,2d1d09cae7899ceef3587c6cce115b1fd021a2875d37c08b978eb2b1a1d5eb56,896458,96276864.0,1680.0,1.7e-05,1,1,162
2025-05-12 21:13:18,9537ba859f0828c5b1aaa6961c20a6214fbfea99cb229f947ec41a1251d6896d,896458,974.0,2913.0,2.99076,1,1,192
2025-05-12 21:13:18,80e3f48c113005ee69e806c570a07a265f9306d344afadc70831b6a429297742,896458,271852.0,2890.0,0.010631,1,1,189
2025-05-12 21:13:18,0190ad0ec5643bc22f6100980f4b036c69ceb5b42f91c4f0d4948dcac908379d,896458,174900.0,2890.0,0.016524,1,1,188
2025-05-12 21:13:18,a116bd8baa27d0c966c15bfe836c181b69ee91ba49eeff1c915b50ec506d8c4e,896458,205639.0,4436.0,0.021572,2,2,371
2025-05-12 21:13:18,3614a14640ee31f9bf43e191cece9992200f4a67c0fc5a83d8f1637f06ac2c42,896458,2391115008.0,4928.0,2e-06,1,4,285
2025-05-12 21:13:18,1e60c0cc1b45a8acf9e4ab14b8b5e40abe74e957af041778b9b5dee583ec7173,896458,2394314740.0,3686.0,2e-06,1,4,291
2025-05-12 21:13:18,40a2fa453e630de27f46706b16ba6d37fc1c37177f7afbaf0e6be1567fbcc95d,896458,2397328433.0,2674.0,1e-06,1,3,253
2025-05-12 21:13:18,d546070da15565244cf11197d1665aa58434bbc987fe161272464125f4200791,896458,2398307317.0,3066.0,1e-06,1,4,285
2025-05-12 21:13:18,a6da9954f63aa59519dab7179805f45d7e834ba932b33c51883b7c64f1c0c466,896458,2399273543.0,2428.0,1e-06,1,3,253
2025-05-12 21:13:18,1eefe10fd98f60312df01e76ed860cdb639499a34892679763a6298c50b17e6f,896458,2400741252.0,2182.0,1e-06,1,3,256
2025-05-12 21:13:18,d9554d42796a170c33b4a8678fa21cfe5d406aa085b92d9c495d4b67fe805e9b,896458,2414034974.0,3900.0,2e-06,1,6,346
2025-05-12 21:13:18,9e9bdfee78d46dd033fc906dd7f935fbf341172f90f46d44aff691cbd9eedf9b,896458,2414686322.0,1610.0,1e-06,1,2,223
2025-05-12 21:13:18,f3d169744e5ea0e5ce450bbeb9f378156ee8be1d62e2be016051deabc478ba73,896458,2420107208.0,3460.0,1e-06,1,6,348
2025-05-12 21:13:18,f6bc02b6f92c15e5f6d306ff239d3272fd550f8fee9273ff1f8a889c735b9c23,896458,2427286159.0,4556.0,2e-06,1,7,380
2025-05-12 21:13:18,508994534fc5d14db6c69806c0dc18d7dbd4e2d59ece1d2a5db06ebc5642cad3,896458,9780271.0,5472.0,0.000559,1,2,226
2025-05-12 21:13:18,47f6ad2381dfda6cdfc6e1805ebc6258611ed158522dea0559125255dac157d3,896458,3774.0,4180.0,1.107578,1,1,192
2025-05-12 21:13:18,2808359e93f580957b22712bc5b811105faeedddad5c15b4b5233bcea0cc65d2,896458,133855.0,4218.0,0.031512,1,1,193
2025-05-12 21:13:18,51dcbd8550b8d52ed10fd8c034eb3944fec4f7d0799429877de5d487c8e32ad2,896458,1094199.0,5358.0,0.004897,1,2,222
2025-05-12 21:13:18,780f68d4e42b049784c3943a8aee3c093803ccaf7201bdf9c568dd4d2c43e6d1,896458,177560.0,7942.0,0.044729,2,2,371
2025-05-12 21:13:18,f8052ba33d13a8be325aced26e7b26b3b2513072ceb91ca90a08d9444832a5d1,896458,92886.0,4180.0,0.045001,1,1,192
2025-05-12 21:13:18,9eb9eda5fcd07e5f09195d1b96a2a642d08bbe61214dc6dfe3bd0339166a52d1,896458,1133622.0,6802.0,0.006,2,1,341
2025-05-12 21:13:18,abc9e07ef96ddd9cc9ad8866ea63c0f8d2a0919f7793127cb8ed9fa0ed1d44d1,896458,14642.0,5358.0,0.365934,1,2,222
2025-05-12 21:13:18,67c9d8eba5a28868f923a05ad941d8cde1909363a571a0684fa982654f1e40d1,896458,1775060.0,5396.0,0.00304,1,2,223
2025-05-12 21:13:18,73163c7f7ab436124ba3556bf1ae0459f55c16acbc3d077bbc61da3c6e7ddad0,896458,106375.0,4636.0,0.043582,1,1,204
2025-05-12 21:13:18,da8896da5fe061099810e0cf44b19337697671f02aad280a299ad16131ff71d0,896458,5593.0,4180.0,0.747363,1,1,191
2025-05-12 21:13:18,ded178cd9c7fe389d588d87feed4e056d728407f6c5d4c760adcb1e9d6b2c0cf,896458,646663.0,5358.0,0.008286,1,2,222
2025-05-12 21:13:18,c850f7134eb8e308d99a217c7d44060e7463d07700c1b1a42a1a3dc31f3e8dcf,896458,945453.0,5472.0,0.005788,1,2,226
2025-05-12 21:13:18,76ec29b60a2b9834435e06b4769a331472833148f86a5582003feb3e57dbc8ce,896458,247528.0,5472.0,0.022107,1,2,225
2025-05-12 21:13:18,4fa6db6cc3ed023a33c48efbaa26651ebf6f0c6ce1a454f31206944b11a3c7ce,896458,908279.0,5472.0,0.006025,1,2,225
2025-05-12 21:13:18,4e80d3a76a57212013a466cbbc171ed0fe74c688933086b64e0f38bae289b8ce,896458,208833.0,4180.0,0.020016,1,1,192
2025-05-12 21:13:18,66922637c5badea6de426dc3264e5abcec38e47190c3ff6c8f67256b61f6d6cd,896458,48322.0,4180.0,0.086503,1,1,192
2025-05-12 21:13:18,8bb0378405cb902b7780f89675b6a4072724c4d25321e1c41757aed23402c0cd,896458,19262.0,5358.0,0.278164,1,2,222
2025-05-12 21:13:18,2e7943055add70277e6fb110af9d9ead688f3b7d8346021dba7b9874d74248cd,896458,1972570.0,4294.0,0.002177,1,1,194
2025-05-12 21:13:18,342f6abb5122268ed3d413a67e7b33dfe3bce12144ac778bd9b6f21e5fad54cc,896458,2320364.0,5358.0,0.002309,1,2,223
2025-05-12 21:13:18,fc6aa8d65d0abef1d4dea9a0651619c5209be1881f4c5fa2a2da4ac5c5eb24cc,896458,21653.0,4180.0,0.193045,1,1,191
2025-05-12 21:13:18,889b6558f903eca560b3911fcae09612a98002358c1d7aabd0dc10479fb243cb,896458,302872.0,5358.0,0.017691,1,2,222
2025-05-12 21:13:18,21c5c51fc7be7265f1e4417b9b5d3f78f65828138bd2b44b423fba99666e09cb,896458,20820.0,4180.0,0.200768,1,1,191
2025-05-12 21:13:18,5079d1ccc05fd7eb3b62383fce23987577f502063994401566753bea6c06aeca,896458,77418.0,5358.0,0.069209,1,2,222
2025-05-12 21:13:18,7421bf5f0e4e9109bad41760aad9fcc771ff5345f5a2a0e01ca0e98aa64cd8c9,896458,948095.0,5358.0,0.005651,1,2,222
2025-05-12 21:13:18,cd4cb7433ffd84770b1d45eaf1dac24d00bb1717523c215119f25e349cc53bc9,896458,876101.0,7942.0,0.009065,2,2,372
2025-05-12 21:13:18,0a4a41b54fad88acc5c791d9142c414264d4192660c2bff139fcf57ff8a552c6,896458,484910.0,5358.0,0.011049,1,2,222
2025-05-12 21:13:18,38ef6a2f350f7347a3000c4c20fc428d1c0a883924bee38ec270640b5a1063c5,896458,88462.0,4294.0,0.048541,1,1,194
2025-05-12 21:13:18,869e0b58c4abdebc3398dadb9ba9fa027de8962e74aada86131fe42948540dc3,896458,1585752.0,5358.0,0.003379,1,2,222
2025-05-12 21:13:18,3d6803884fe4919eccd6c51212bc6992b2ef91cc63233c9678e686e9d7bfbbc2,896458,340478.0,5358.0,0.015737,1,2,222
2025-05-12 21:13:18,d9cd6bdaa81842aff51220be2d8307f86072df57f8c99af6c4bd6089638a23c2,896458,6916.0,4294.0,0.620879,1,1,194
2025-05-12 21:13:18,4947b0bf99e3c191868767c94bc43b58806a14e735f8795a0001fb15ebe8adc1,896458,20175992.0,5472.0,0.000271,1,2,226
2025-05-12 21:13:18,1789af030550c739b52855bf1783168acc8d7d7bc57f8cdc08e7c3932e82d5c0,896458,1165842.0,4294.0,0.003683,1,1,195
2025-05-12 21:13:18,2b5dca7866fcb9a06dad196149ac42df396a945bb05d8e1e4a3ff50bdb769fbf,896458,1302316.0,5358.0,0.004114,1,2,222
2025-05-12 21:13:18,6729b525d257e4fdac2fffdec166af6b8a6892a18d852ae9421cb22cb8ef10bf,896458,95685.0,4636.0,0.048451,1,1,204
2025-05-12 21:13:18,67e25e4352a80d9352b8f079fd0b737bb2b816bc490fb3480f1805ec341174be,896458,436995.0,5814.0,0.013305,1,2,234
2025-05-12 21:13:18,b82a44a75f7e806ed836fb9bf078c01bddca5234ec097fd9afe881f00c66d0bd,896458,332500.0,5358.0,0.016114,1,2,223
2025-05-12 21:13:18,64a8d8109072c56242a6fc7caefc455a9a8f4d662f63b9c2fb35594c031775bd,896458,212642.0,5358.0,0.025197,1,2,223
2025-05-12 21:13:18,428978b2f4a49809afdd5c6bea38f125c542c3ba205dec1cbdca03e64b91d7bc,896458,9050.0,5358.0,0.592044,1,2,223
2025-05-12 21:13:18,82008e907503970cfbe87e8154108aab7b2366ffdcd07e4effbd49c289dd76bc,896458,58076.0,5358.0,0.092258,1,2,223
2025-05-12 21:13:18,9099086196279a7ba47f94b7b25c2c0b4b127ce3ad0dc23033a0a4f7784241bc,896458,135356.0,4294.0,0.031724,1,1,195
2025-05-12 21:13:18,e064a0d4be8641293602245580424f2a17b10db5bd5c5a05dc1dfed5d382efbb,896458,46358.0,4180.0,0.090168,1,1,192
2025-05-12 21:13:18,d45d60e2ae1fa52bf8ca561c67c1d7ae7dc3b59fc42a1781243b1669fc94e9bb,896458,112387.0,5396.0,0.048013,1,2,223
2025-05-12 21:13:18,2bedc4065e45c6c8368668dafb547b5a3992f95c587822a69a33f5f73609b8bb,896458,245016.0,5472.0,0.022333,1,2,225
2025-05-12 21:13:18,88d46a09351598d22b6018e1372a6ebeb965724b7f8136ae6c58b4c77ad697bb,896458,306575.0,6878.0,0.022435,2,1,344
2025-05-12 21:13:18,82a28d4f8957e12e7338cb6b4230653f35ca3b0c9e440f5bc640918fa9bd92bb,896458,394397.0,5358.0,0.013585,1,2,223
2025-05-12 21:13:18,a5b6045358514255a4221430873fea046d9d66dc9e9bd3a239cb0f9164555cbb,896458,90752.0,5472.0,0.060296,1,2,226
2025-05-12 21:13:18,91405bf4ae735f9bac24bb94943d896f380fbaada9c71350e3e726176133d5ba,896458,24047.0,5358.0,0.222814,1,2,222
2025-05-12 21:13:18,a125aa2a2a698fe73ace055697a5158cc88f48e216def8cccffd083110c69fba,896458,9642.0,5358.0,0.555694,1,2,223
2025-05-12 21:13:18,8efe32982d90972181deaa2cf3a57c6a5d97e1d8cc67d2d317c107646d3ec9b9,896458,995782.0,4218.0,0.004236,1,1,193
2025-05-12 21:13:18,8e832cafc68348084d03fddef77a61d3d3e9974007b3f4a0704db2fba6f9feb8,896458,1812585.0,5472.0,0.003019,1,2,225
2025-05-12 21:13:18,e3cd719e72a5374d59a7b604107e70200851fe1f4ee8a95327bf7a147927f3b8,896458,236127.0,6878.0,0.029128,2,1,343
2025-05-12 21:13:18,04c311cdb16dfdd49c8f389a688d5237cb4f8ffa057b50c9c819b11122743cb8,896458,8602.0,6764.0,0.786329,2,1,340
2025-05-12 21:13:18,f6d00f1e54687d0332b5ed4e6ae110e95731a1ad9a9264d081b611f8423be6b7,896458,19333.0,4218.0,0.218176,1,1,193
2025-05-12 21:13:18,4963d0ceb5464e407be469544e297e889b05f428a0d133e0ae0fd34e89ca6ab6,896458,920250.0,4180.0,0.004542,1,1,192
2025-05-12 21:13:18,ffd17c7c1efbc92c866e606ca66c0c9b6c54ef9dd51b44813a434a0c150344b6,896458,373820.0,4180.0,0.011182,1,1,191
2025-05-12 21:13:18,f999f28ee933186d28d82941b4c687a5934a23f1fa191ba3d8c7187767eda5b5,896458,53182.0,5396.0,0.101463,1,2,224
2025-05-12 21:13:18,27dfe8f364fb405593221dad15604a2f20d5a481cc79eda77c040df2fb1e93b5,896458,97866.0,4294.0,0.043876,1,1,194
2025-05-12 21:13:18,8f36379cc7778cd81d0820879768c748ec30491438f5ff949556d13b6df72bb5,896458,174312.0,5358.0,0.030738,1,2,223
2025-05-12 21:13:18,439222cb0dde71e2e1a4f62f90a46f9c892b21f72ba556294fd27c5cf32a20b5,896458,515706.0,4294.0,0.008326,1,1,195
2025-05-12 21:13:18,0a3c7052b66bbdf7a7c93339974ec76b80b0a5ce78bd113312d261f3e466afb3,896458,283643.0,5358.0,0.01889,1,2,223
2025-05-12 21:13:18,b7cb674a749ad777fbd1951145ec292214a3ae29fcebb45e530ac69675e893b3,896458,799974.0,5358.0,0.006698,1,2,222
2025-05-12 21:13:18,573a96338f8a45da04559b2a07f34f839c8bcf480c60c6964c3301b0c61680b3,896458,2094996.0,5472.0,0.002612,1,2,225
2025-05-12 21:13:18,37df09b2027859e4e5ad1d5ff19303b76743170b28fb774a88a43c18c03a75b3,896458,5539.0,4294.0,0.77523,1,1,194
2025-05-12 21:13:18,c703457f9d10933abf87f3bfda1a903a9d842cd920c9b42ff4824e289622f8b2,896458,31618.0,4180.0,0.132203,1,1,191
2025-05-12 21:13:18,e8b88a327837987d28d41828472fd0e2697bc3b9eafbf0a2d8cae3dee4e5f4b2,896458,638519.0,4180.0,0.006546,1,1,191
2025-05-12 21:13:18,174d33ffdfd94ea1a8fff3dde0dedb00af2da5730d0d39564a36a9a76bfdf4b1,896458,218421.0,5472.0,0.025053,1,2,225
2025-05-12 21:13:18,7c55191133452eae9383897d13d514e1ab929e30540bd40367d55ee676e2ceb1,896458,497148.0,6878.0,0.013835,2,1,343
2025-05-12 21:13:18,74e85ecf51c60a8bd704215c845561639715a2c2a847eb25452036414eaac4b1,896458,98331.0,5358.0,0.054489,1,2,223
2025-05-12 21:13:18,47a5e019a2129861c1631e1e9f59f418665e498e81c05d9254788ab3722d92b1,896458,191908.0,5472.0,0.028514,1,2,226
2025-05-12 21:13:18,39f407386389bff9563cc7b13d5612f5e65f3d8cb899203e5f01667c67a042af,896458,469733.0,4294.0,0.009141,1,1,195
2025-05-12 21:13:18,002fd0f089e8c11fb7e23da36440ec5f9a02281cd04dd597e27c20eafdb734af,896458,92855.0,5358.0,0.057703,1,2,222
2025-05-12 21:13:18,7d43199389ded8d8909991313370df74ccce9b8d3215776bef2ada22b48f9eae,896458,4102.0,4180.0,1.019015,1,1,192
2025-05-12 21:13:18,5df736afd0e9df90df2a3853c1f8203486980155d64497326a86a574dac99bae,896458,125358.0,6764.0,0.053957,2,1,340
2025-05-12 21:13:18,a805623cf0061e47dda3e746b54eb63d791a002c3d17f929d5a3c51cd5f035ac,896458,101853.0,5396.0,0.052978,1,2,224
2025-05-12 21:13:18,439e6b735a92fb6486754c1f756e8c5e6bad9c13259fd9f7972d92dd1a8cb6ab,896458,249280.0,4294.0,0.017226,1,1,194
2025-05-12 21:13:18,febec7b70a10f6378d0ef54b45b974e0ce6714fe73b263e50c1c0225746861ab,896458,104180.0,8056.0,0.077328,2,2,374
2025-05-12 21:13:18,fae400f4179bd1d7a03baa5c03215949dbf5ca1df72bfe7a127015f5295b51ab,896458,696725.0,5358.0,0.00769,1,2,223
2025-05-12 21:13:18,44cccb3629d7f989960d6e5c71630c8a62084af6781d5d1b6777d9a1dd8ab3a6,896458,108408.0,5358.0,0.049424,1,2,223
2025-05-12 21:13:18,53a6f6f39f8f6414c15e19c26b6aafc86f148495298714930a60928b0794a3a6,896458,155820.0,4180.0,0.026826,1,1,192
2025-05-12 21:13:18,4814b078030c62e801a798c8a5cb6e030e15e3b95d2f37199041e4a580348aa6,896458,3984488.0,5396.0,0.001354,1,2,223
2025-05-12 21:13:18,c86f820950ec84910deed9b5ca70f8a452f0c20a2c6466e4201e477fb4ea46a5,896458,74698.0,5814.0,0.077833,1,2,234
2025-05-12 21:13:18,2b688da6a1fbe23f152989ee0a14907756b3766c49fbcc4a56340716a9f00ea5,896458,25771.0,4180.0,0.162198,1,1,192
2025-05-12 21:13:18,c02a0f389f6fa52124bcf8a0db795237afaeab9d088aa5e032a27b096bf2dfa3,896458,120988.0,5396.0,0.044599,1,2,223
2025-05-12 21:13:18,44d24a28ca0b65a2734682e603e0677a74e7150714aea95ae129f3b6b9ca1ba3,896458,55872.0,5358.0,0.095898,1,2,222
2025-05-12 21:13:18,e9aa8532bb61b5aa3fb0410e1388ee2d1c3cd6cb5cc74d9f821a43be1a8a1aa3,896458,6257104.0,5358.0,0.000856,1,2,223
2025-05-12 21:13:18,43088158626c88a34721673e3ac1c9c415a75770954f184b145cef456bbeeba2,896458,978366.0,4180.0,0.004272,1,1,192
2025-05-12 21:13:18,803235225199647ca5740d5472f8b2bf5dd03b07b617515bc76f99bc350edda1,896458,69193.0,4294.0,0.062058,1,1,195
2025-05-12 21:13:18,2853cdebf0137dfb7f581a4a421739c67bbf37e30d35be142b3874c6530be89f,896458,5191450.0,5358.0,0.001032,1,2,223
2025-05-12 21:13:18,3a7e68f7ae6d6774345437c0e0f7ba6eb50b5286cce563a0956b7701ea1da29f,896458,159706.0,4294.0,0.026887,1,1,195
2025-05-12 21:13:18,d3bb46577d83afdc7f44e4c33bea61e5f2d24c595fcf3d85ade4567da7b1c89c,896458,9208.0,6802.0,0.738705,2,1,341
2025-05-12 21:13:18,2f04700707bed62172dd7ebb62608ed549aa3a6297c1bb377bb8401431d54c9c,896458,97861.0,7942.0,0.081156,2,2,372
2025-05-12 21:13:18,11781fc8653f2992b1db3ac5158d1b4c9c16c8c698deed01108573870403f89b,896458,42267.0,4180.0,0.098895,1,1,192
2025-05-12 21:13:18,615580380e4812733fe1cdd245afb6e45dbf66a319fa51a7da62ec11e77a9a9b,896458,46510.0,4180.0,0.089873,1,1,192
2025-05-12 21:13:18,7b11fd49305b8c91a44a7960872e492b091d463153355614d4561453e17d2f9b,896458,24800.0,4294.0,0.173145,1,1,195
2025-05-12 21:13:18,798489fe2cc2b2de38837d0a2eb4573602ed8c3c379a62611c2a8607bcfafb99,896458,59312.0,5396.0,0.090977,1,2,224
2025-05-12 21:13:18,2bd4289a7d7dcb434b1219f8bc86e3125095087aee310e456f893a9b910dd499,896458,326035.0,5472.0,0.016783,1,2,226
2025-05-12 21:13:18,ed535b6e34f35293ed2bdcd87c2f6b26cb923295fbac8b67c9992b70d3017699,896458,314259.0,4294.0,0.013664,1,1,195
2025-05-12 21:13:18,f740af829e8d8db53100f738bc2575edbc5b358a4c5cd5a1aa459e05728a5898,896458,14591.0,4180.0,0.286478,1,1,191
2025-05-12 21:13:18,54c400053a559a0e51d87e60c32a1869b119f528380c2c5c79f36dc7b5aac097,896458,669465.0,4180.0,0.006244,1,1,191
2025-05-12 22:00:06,feacff1d400cbc6ff66859b40939bcf3d743050d5f558e85fd7a34557259d25e,896461,120715.0,5358.0,0.044386,1,2,222
2025-05-12 22:00:06,4afea24b6f96b019c2bbc4845225be943f9e95ca1061a441fb6ac4bdd863815b,896461,13777067.0,5358.0,0.000389,1,2,222
2025-05-12 22:00:06,a2235f20692d16a3e9b0e81ae60e2f53d73359349abc721e9e683d8738bedc57,896461,1833425.0,4294.0,0.002342,1,1,195
2025-05-12 22:00:06,ae26ef63ac4850a8347c64b50d3c25e2d3d69b7161f83fcc17860d4a9ed72051,896461,100100.0,5472.0,0.054665,1,2,226
2025-05-12 22:00:06,44ca085225edde8db14cb99076c6f4a7b075746a285d6072d9497591d2ca234c,896461,2061920.0,4180.0,0.002027,1,1,192
2025-05-12 22:00:06,cd9b0ee0fe9cfb2d148a28fc243b1369917180702e5e25b60dade94c03cb014b,896461,1251032.0,4294.0,0.003432,1,1,195
2025-05-12 22:00:06,0f9048c4c60727b80d95d6f4750ddb8336de5fe626e2c32e77f97074e735454a,896461,24332474.0,4218.0,0.000173,1,1,192
2025-05-12 22:00:06,bbe16fc310c5d4c1d32651bb90d3358a9f0ec27644541fa58c6739a5bde3334a,896461,22692.0,4218.0,0.18588,1,1,193
2025-05-12 22:00:06,3f2a342f91c04fbe8be3a451ce9c5a6c73998126d9c1004c8a4a35f3ecd35847,896461,38717.0,6878.0,0.177648,2,1,343
2025-05-12 22:00:06,1dafba3c602736b2c0c098fb5b435e6ad15324f3da8a226b272aa4bf0b98e245,896461,4312.0,4180.0,0.969388,1,1,191
2025-05-12 22:00:06,9c8a69cf88e2360e0206e441b30bba0000951cd3285a2cd0f1e2b14e4e9dee43,896461,44451.0,4294.0,0.096601,1,1,195
2025-05-12 22:00:06,33f2a481967e1fd370317704ecf73e847dec06dc68f9dc3502d3df2cf024be43,896461,191071.0,4294.0,0.022473,1,1,194
2025-05-12 22:00:06,950506ba8496444026470b04b644dade183874bc8897629eacf4093d8962f641,896461,2258187.0,5358.0,0.002373,1,2,223
2025-05-12 22:00:06,91cdc1b0c377bfa55b57c554ddc8b82223748d1dc2ff66a1e781e3ce46bb1c41,896461,963401.0,5358.0,0.005562,1,2,223
2025-05-12 22:00:06,47d7ec5f054165c578ba16599f52c470b1ff41d703b1ab9d8f1ea4b232580835,896461,3984720.0,4294.0,0.001078,1,1,194
2025-05-12 22:00:06,10efe57a4f401d55a637f6c2d316fd73e16cc26b0c0ce406f2188dae0ee76534,896461,94820.0,4180.0,0.044084,1,1,192
2025-05-12 22:00:06,dbe78735fc7ad69b8530ca6de385ced10c9fb147a790924cf31f2babc297c833,896461,135656.0,4218.0,0.031093,1,1,192
2025-05-12 22:00:06,1d4cab483489396c3e2c5009f7902c8d8f6abacbe1561fc58c4b5b55e4ec9a33,896461,54805.0,4636.0,0.084591,1,1,203
2025-05-12 22:00:06,b61b6b90fe9a8af8c5a7696a04184ab40a839466da05daa138d892441cedeb30,896461,203941.0,4294.0,0.021055,1,1,194
2025-05-12 22:00:06,e66cba89549853d7a9b5b3a76aa1d15eb1bad86276d226eb58a34b3232843e2d,896461,179513.0,4180.0,0.023285,1,1,192
2025-05-12 22:00:06,f54e3107573ca4d78114441f2304737eaccd3c9aa507e06e985f162a4a832329,896461,841019.0,6878.0,0.008178,2,1,343
2025-05-12 22:00:06,98371892a1da6cc823e49cd4ea0046edd15c6c8f639c430334a9d11f67422d26,896461,487916.0,5472.0,0.011215,1,2,226
2025-05-12 22:00:06,b0cff847a9a99ec42efffc0d81debad083dd70387ad4468778027bf923122125,896461,62296.0,4180.0,0.067099,1,1,191
2025-05-12 22:00:06,0ab879f3e04b6445674516ff11132b44af1ba340ba0aaca470ff45d1bef9cd20,896461,78361.0,5814.0,0.074195,1,2,235
2025-05-12 22:00:06,1ed7d01d797a60dce8cf009a2b64b78a81b41da0863abe4325b4ff9cbdbb7420,896461,517358.0,5472.0,0.010577,1,2,225
2025-05-12 22:00:06,605863a957e3613243769a6e9970dbfb370a4ff6650c34de8300d9bd9ba4e21d,896461,971561.0,4180.0,0.004302,1,1,191
2025-05-12 22:00:06,bc350a55e80878e5d0bcc8b1320e4655882c13e8d79d0542d17a2f4f0bbbbb1b,896461,933477.0,5472.0,0.005862,1,2,226
2025-05-12 22:00:06,90c1e84f957c805b2c0913bc02121662452c9584ac27faa648a13213fbdc521b,896461,1048226.0,5472.0,0.00522,1,2,225
2025-05-12 22:00:06,b66733bd39b82de304a0c4749c0364be3cbb442573102019c1eeab6c19e73916,896461,337161.0,4180.0,0.012398,1,1,191
2025-05-12 22:00:06,d57cf5b1096baefdd96914c93a4157db73928aa41c1dafb38f0eaa047d8b5814,896461,483040.0,5358.0,0.011092,1,2,223
2025-05-12 22:00:06,4006627c6db372a57b283f6eb04de33fb1f41e286fd3fb7338e858da5af87e13,896461,499882.0,4180.0,0.008362,1,1,192
2025-05-12 22:00:06,c5c1727fd76807254c96ee89e60e95def8e0db0539549dc66318878059117f10,896461,160706.0,4294.0,0.02672,1,1,194
2025-05-12 22:00:06,8d4b8c0b643c832198539a70f1fa96ad0a549855f2e9aedb7648f7af3c5ea40f,896461,1629727.0,5472.0,0.003358,1,2,225
2025-05-12 22:00:06,7dc02abecc6fcce7fcb4d0ec80dcfcaa1083cb03d42d8aa7968528257efc410d,896461,970118.0,4294.0,0.004426,1,1,195
2025-05-12 22:00:06,a31d0cc210e9a756a91752b9c8ca39bd1e104be425efbeb0ad018043cf239807,896461,1437980.0,5396.0,0.003752,1,2,223
2025-05-12 22:00:06,2e05cc9e15aa03656cbac4d8ec394898e025019cde948880c8e4450e61221b28,896461,128962.0,13110.0,0.101658,4,2,667
2025-05-12 22:00:06,c46c8e02c60ed05c0ba9d73d31d338835bc7d440f0419d4ccacf97b02172cefc,896461,290269.0,12046.0,0.041499,4,1,639
2025-05-12 22:00:06,2fb6f5f42e6e4fb092ab7816f0b5ced8b4b8837f1e95b9dc16adeefffba53705,896461,5680921.0,12046.0,0.00212,4,1,639
2025-05-12 22:00:06,d0cb5f6d2553ecc6b047e2ad9d689de13fcd3450ccd24c7ca8c4e43141b43c06,896461,276401.0,9348.0,0.03382,3,1,486
2025-05-12 22:00:06,4db1d1d9e6f55e4b2fe842e83daa984f4126208b1662c17aa124c3af47027d91,896461,165958.0,8398.0,0.050603,2,2,382
2025-05-12 22:00:06,7ceaf446fc7b45c3a8d31eda592b83b0ed7c9eb51495a40466f916b0f7910e07,896461,10979.0,6802.0,0.619546,2,1,340
2025-05-12 22:00:06,665b751f4540c7675994eba02a99654252f89f2b3bb35688a72fb0b137e8bd80,896461,532746.0,6764.0,0.012696,2,1,339
2025-05-12 22:00:06,2c8ce83e6b97a74b39eddd55800034bd6c570e05f993f354ec37809bfc5bd554,896461,45043265.0,8414.0,0.000187,2,2,382
2025-05-12 22:00:06,1bc4e56f077212f213e102e54cc804fd8eb9ce94e8c30f61adebd82f34cf2f12,896461,236325575.0,7098.0,3e-05,1,2,348
2025-05-12 22:00:06,44742edf2863bcf849d2eebae0cae00c121ba3190595eb0bca8229ec668fc6ae,896461,20023706.0,6105.0,0.000305,1,2,234
2025-05-12 22:00:06,ff00c37cdb8a176edb2b029529e2c65cb69b209fd23fa5371f30b7709aac481f,896461,17157939.0,6836.0,0.000398,1,2,245
2025-05-12 22:00:06,e1fe9a876702afc75798ecaa1f5cdcce3abb81dbad95d69124ee08a4560b3460,896461,114733723.0,11020.0,9.6e-05,1,4,346
2025-05-12 22:00:06,ace75d5836c1172404bc263182ca42ab03fb0d45cce40b71a31b163bd43e4ba1,896461,36347816.0,51609.0,0.00142,1,35,1316
2025-05-12 22:00:06,9fdfd38773cd8c9f68cb741e954abf36deb628f0af6803ff5edf7c6318152ee5,896461,11456498.0,43502.0,0.003797,1,29,1122
2025-05-12 22:00:06,62bc64f7f0354c34951f61c559151f3664033ecedcac6130be993b19153dc789,896461,17772650.0,5964.0,0.000336,1,2,224
2025-05-12 22:00:06,b86ca89cd5327e18204490f2f2eb20058aeb153746855b6cb0e779208303b980,896461,19974613.0,8904.0,0.000446,2,2,374
2025-05-12 22:00:06,cc0f3525444a8a5543d23996648273a47b24cf1d00bdb546988b05b5f866f73f,896461,11482997.0,13314.0,0.001159,4,1,637
2025-05-12 22:00:06,ce50b9300318247af00174e3df46399d5b7dd4776ed657058a097fedbf0a5ded,896461,96481.0,4798.0,0.04973,1,1,193
2025-05-12 22:00:06,af3ce12f0cb25e8eef135c0e27a6305c5894175dc30b3e24dbdfd820ff72bae2,896461,7235720430.0,6668.0,1e-06,1,2,205
2025-05-12 22:00:06,5c9803ec7647a5e365833edc3198c99b73f9cc69dd19edbaa05c333cf4748883,896461,48738.0,4815.0,0.098794,1,1,192
2025-05-12 22:00:06,4d3869261c20353adf3d3a3ba61dfdf3d9fa97fd9eba9212c9fc424293d8a164,896461,146337.0,4967.0,0.033942,1,1,191
2025-05-12 22:00:06,4d952a8f3ec6d1c4378f1d8a17bb5d97acd321104e5c2c4c24d04e908c239ba6,896461,1196616.0,86949.0,0.072662,18,2,3443
2025-05-12 22:00:06,db387690b4004351abb851443d43de3d26083b42fa666fb4eb33e8401b6cafb2,896461,194695154.0,22540.0,0.000116,1,13,571
2025-05-12 22:00:06,e0cbe61a83c2161a612fd00b395b46365fc9a6a6c5c7ede1891d5d79d2e1227b,896461,81956843.0,21482.0,0.000262,1,12,548
2025-05-12 22:00:06,105e47d55ded1d0db1b05821fd934d5ef496e4cab6abbe8e294f1e55c3f35dd9,896461,6876.0,5182.0,0.753636,1,1,192
2025-05-12 22:00:06,83a74753a5802347840cf74520b97c9a840fbcbf499694d6a435b9900090fdc8,896461,116840.0,5182.0,0.044351,1,1,192
2025-05-12 22:00:06,10febbb072e00775d0f18980b045081232011dd2d5cdbd4d196634685c650bd5,896461,331809.0,27261.0,0.082159,5,2,997
2025-05-12 22:00:06,a899e5344e64ea3394beffab3094dcdb93e42947fc6ab21f905235212eff5748,896461,263837.0,22239.0,0.084291,4,2,803
2025-05-12 22:00:06,29835b9feec64c83145b85b8a5b554ca233e80bef95cd466f3efd2326028ea35,896461,3695093.0,6909.0,0.00187,1,2,222
2025-05-12 22:00:06,688066cc48abb28803cc52112c5082f2006c21e6bf327e488a1852e060f6d33f,896461,56561.0,5558.0,0.098266,1,1,194
2025-05-12 22:00:06,200dd5db1649e63e6cd8bed7302b7b1d96051867e504f19f7f760d644fc071d3,896461,4659784.0,11172.0,0.002398,1,2,224
2025-05-12 22:00:06,6346041a30f1d6d283eca414db699cbd9d4c81a8a54b758872fc36cd21d7e0d1,896461,1941857.0,15000.0,0.007725,3,3,542
2025-05-12 22:00:06,dd60b0257682a61ed9666951e8a093798ff243d45d2858bde9374b7616ff7f9e,896461,1087110.0,8900.0,0.008187,2,1,339
2025-05-12 22:00:06,53afe7d46c2c9f5a169572f79576f1c325670aa7553a70705651cecda6297d4e,896461,12030000.0,8706.0,0.000724,1,2,255
2025-05-12 22:00:06,40a102c48b7f261faa30cd08fc166a1ec2d2b2a819d2471db3a25d571a19a3fb,896461,937232.0,5616.0,0.005992,1,1,193
2025-05-12 22:00:06,2ca3623faa4ba891eb453669cf31509ac72bb1ea30098ad63513acac784a3cec,896461,13674.0,5913.0,0.432427,1,1,192
2025-05-12 22:00:06,284c42a685e3ee3c1175a6e16d369306c7b5726fa9e05c02aab92afc47c90560,896461,52275490.0,14631.0,0.00028,1,6,353
2025-05-12 22:00:06,8bb40cbe276f0fc4bf33d27070d686ead9463b4f28a30ee347d0414dfd853167,896461,5707214.0,14630.0,0.002563,1,6,350
2025-05-12 22:00:06,4c59e42ccaf8f6d89b0b4d0bf87426a61a72702c3da5a09b4bec5f4b2d253f3b,896461,105206.0,6259.0,0.059493,1,1,191
2025-05-12 22:00:06,13efc1a66b0b59ae636feb569c716c21b814446f25eb615a697769c22a29aae6,896461,94187.0,6942.0,0.073704,1,1,203
2025-05-12 22:00:06,71381db76bf2c979a33d9f7b7d5d133646df92fd45429054c0347f2ce65be881,896461,728978449.0,8037.0,1.1e-05,1,2,222
2025-05-12 22:00:06,f4887c9e95a3efba7f8a6d488e4aea9b12895e6d1ce467fa84853911c21f94dc,896461,19324939.0,389879.0,0.020175,46,1,6831
2025-05-12 22:00:06,0a0efb0aafe61ee72f4c44b3498af74a62f006a7e5cd55d9e2f1d6c00c6d7dc4,896461,156131.0,10830.0,0.069365,1,1,189
2025-05-12 22:00:06,5239d0bd1cd6dc158e7c62366172974645f65f27281ae95e1ae29c0fa47665e0,896461,6904.0,12864.0,1.863268,1,1,192
2025-05-12 22:00:06,6a92df0699e621f0127a6a42afcb460f28c87be65373fc48a96248d350427e88,896461,156854.0,8500.0,0.054191,1,1,194
2025-05-12 22:00:06,a28071a5cc79557cc409e68377aa81bd22929e4e7c622ccb12892fbcdc376c94,896461,450000.0,10628.0,0.023618,1,1,191
2025-05-12 22:00:06,321145a6eec5bf18f1004e518030b4a7a706784a815d2640ba15e80164c3b07d,896461,316590838.0,0.0,,1,5,421
2025-05-12 21:57:42,613eb721d19411ccd2ef86217dd7ba935553b66398126ab88a8e9185e7799899,896460,8390779099.0,502.0,0.0,2,2,371
2025-05-12 21:57:42,7b1d5d914d8a03484acac9a1287870c9ef02ea31600841229bc0b364b7bc781b,896460,493629571.0,502.0,1e-06,2,2,371
2025-05-12 21:57:42,7974a4055245f210be4df1e51dd0c8e564d7c4804b8906f96f216dd010b04cc1,896460,70490418.0,346.0,5e-06,1,2,225
2025-05-12 21:57:42,6d250fd528c7880b87af29944c244240fb91e2c2a6a48c44bfe2806b5016b57c,896460,3257221938.0,346.0,0.0,1,2,226
2025-05-12 21:57:42,aec8e092ed7992cf254d57b6330ff0e0b251fa73e2eff991734c24622ce430c6,896460,616387146.0,340.0,1e-06,1,2,222
2025-05-12 21:57:42,2253d4be3c39e024320fb6746849f4582eeb91d7a90003ddcbd6cbbd9d946ec0,896460,33161.0,818.0,0.024668,4,1,475
2025-05-12 21:57:42,e5fda0e8008c13cd5c968a066625150af27df0040d121d2f6f572456c940bbbf,896460,26918.0,271.0,0.010068,1,1,407
2025-05-12 21:57:42,b509131196acaf277c20e5d5ded00f5bb1b59a5e37c7eec9e8f200f4d4560bfc,896460,1557242.0,361.0,0.000232,1,2,234
2025-05-12 21:57:42,924833af15d2d5b7a91a2b9964744b3e95572f92fa4679c2ea6825da9eda42e1,896460,1514267.0,372.0,0.000246,1,2,234
2025-05-12 21:57:42,c081b181d927e741b87ed63ad1ae6cc994bb3551b2417e9ec9cfcc8e3c9f5576,896460,17537.0,463.0,0.026401,1,1,190
2025-05-12 21:57:42,53f61e707ddab8d2f4ab4796bcd745876ae4baf8b5153af671b113648317d2c1,896460,172730.0,270.0,0.001563,1,1,191
2025-05-12 21:57:42,5d005189a802a48abacb27a4818f805c12b8816687908ed8b159b1c3591e2795,896460,37061.0,467.0,0.012601,1,1,189
2025-05-12 21:57:42,850159c1c6b287e46741a99cf8b10285f5e4e78d3e6296bf3b7f5371e0d5ef42,896460,19852848.0,8404.0,0.000423,49,1,7294
2025-05-12 21:57:42,940570fc6acf945ab60f7bfb62386fac350786c320f8c00006289be85bf4e88b,896460,20091801.0,7557.0,0.000376,44,1,6552
2025-05-12 21:57:42,65f431ab29f2505a1de89311f7bd5883e7fc43082d112ceea5df0fc75822a257,896460,6031827.0,368.0,6.1e-05,1,2,228
2025-05-12 21:57:42,d0992a026f89171a7fdc597f604fdb2a76c8acd1f5b5161e4d10a1e28a2bb476,896460,48740.0,949.0,0.019471,2,1,335
2025-05-12 21:57:42,81944b191544025eddfa2dcfb88d1041ce41417cfbd1e9946fa13726f125cbcf,896460,143465.0,446.0,0.003109,1,2,222
2025-05-12 21:57:42,101bd150afbde0a9e263238b32b674b25eb7a4aa1b2be63e75b51fc8632caff1,896460,666.0,426.0,0.63964,2,1,269
2025-05-17 17:52:33,b105014038cebbab47c010268485a592044b61890eb2b9fbc0fe73fc63ec5195,897134,1449706.0,1161.0,0.000801,2,2,372
2025-05-17 17:52:33,cf35c0bdb952513b796793cadd8abac2b4dc8ff5a969863cf9ef6a987297572a,897134,493892.0,1479.0,0.002995,2,3,426
2025-05-17 17:52:33,03ec86e36b99f0e0593616db97e595942024efa2a344ba1464935c9b29270dda,897134,61465351.0,1760.0,2.9e-05,1,4,314
2025-05-17 17:52:33,a621d2158ba4e824a09b79846dda4692e45a4f9a2dff635801b92bdda6b7faca,897134,108466.0,555.0,0.005117,1,1,150
2025-05-17 17:52:33,85c33bb54c31612b6d71108934d04dc8322b10ac15f082745a5e44a12b972ec4,897134,486237.0,998.0,0.002052,2,1,340
2025-05-17 17:52:33,a78cf6c4fdc2da5a8bc466584d80eed281106b35918e92d30254953c2142d8b5,897134,595626.0,998.0,0.001676,2,1,340
2025-05-17 17:52:33,15f299fa31d26b9ebb1bee0892fc8c07c1422f905052c91be719df6549cd043d,897134,484830.0,998.0,0.002058,2,1,340
2025-05-17 17:52:33,1aa96a6843b511eb13174fadd8c421a0306aa2db57429a5c0a09c6318e89567b,897134,1243895.0,1105.0,0.000888,1,3,248
2025-05-17 17:52:33,42c815f18ca85e34eae91a6df5ee61b17e6c2bc1fd4661e0973652ea1b66f4fe,897134,3365.0,1056.0,0.313819,1,1,188
2025-05-17 17:52:33,a5014ba938d37e5a859102e152acdd2b037352af8f3cf69cf5505bd9adba3893,897134,108992651.0,6231.0,5.7e-05,7,2,1109
2025-05-17 17:52:33,82150fa9f75df185cda2a0f99ec4e7a9c6d37dc5fc0544d7aa67f7c6e2dc3123,897134,86406.0,2784.0,0.03222,4,6,728
2025-05-17 17:52:33,4d3f79b3d45b6a4c5d28bc4a0bead522347ba305632bb3c9e5cf4d65a619f2fd,897134,36375.0,625.0,0.017182,1,1,193
2025-05-17 17:52:33,54f9d2b83b96cab425cbfec9cc54b8cf89bf98048697a39c28d4d2c75be1e6d4,897134,409100.0,998.0,0.00244,2,1,339
2025-05-17 17:52:33,2a94d0505e23eeb3d7d780e45d2952cd87c00e377806fa904204a464045d2cdc,897134,186508.0,641.0,0.003437,1,1,191
2025-05-17 17:52:33,bf623a3d84224d01ad5e688e76f4c76a15489dde79f27737465df0d7a929a449,897134,375069.0,1161.0,0.003095,2,2,371
2025-05-17 17:52:33,cdaec3aa1d43579fd936fc67f534e7252845fca5c9ed015c7bcc131ec4c027b1,897134,251025.0,641.0,0.002554,1,1,192
2025-05-17 17:52:33,e243a73a2cd34b7ed0976c83b0f98d84818e834f3b3c690c7b6aa4574a6245cd,897134,491880.0,1161.0,0.00236,2,2,372
2025-05-17 17:52:33,7bb0da2b94c32f72ce8eaff0f52eb5634cb42f95525d9afc77084080b86fce78,897134,845113.0,1645.0,0.001946,1,2,246
2025-05-17 17:52:33,f34ac1af8be8b50cadef05c6eb30996f3b0604ab18541c7ef520845f5c84856b,897134,893401.0,804.0,0.0009,1,3,526
2025-05-17 17:52:33,c5e711af02e26b1aaefef58b39fee2c595f958c7c47fb57e31f2cbdbabd828ff,897134,1297566.0,804.0,0.00062,1,2,223
2025-05-17 17:52:33,25a37f63ded2486ac9c3597f71b01b63b6a1344bbb1351bd12a3dba6b45f11ed,897134,2527628.0,804.0,0.000318,1,2,223
2025-05-17 17:52:33,89224a84f19064c3e5a4fa2a491278eed15c06157ac31f6b068ffee1270ee5ea,897134,511620.0,804.0,0.001571,1,2,224
2025-05-17 17:52:33,e103cafc68735086ea3413faeedac75d1948d11936a5240f7be5826a74a7e2e0,897134,572281.0,804.0,0.001405,1,2,224
2025-05-17 17:52:33,76d0d304e7f1711e4e8739b9eee05bfed569ac43c9b84fc188905972c5a02eb6,897134,14356.0,804.0,0.056004,1,2,223
2025-05-17 17:52:33,234aa16ad4296a0e231183f68230f1e476f5ab29fde29800055bbd6d1254a2ad,897134,432094.0,804.0,0.001861,1,2,223
2025-05-17 17:52:33,b3d74cd0b52a4d6d84773b4f5ee1d33574517ace042a299467c19aa12465e08c,897134,742213.0,804.0,0.001083,1,2,224
2025-05-17 17:52:33,3a6320ca8985c6a1c2613a84bad6311dbe3b1d2752e4faab95d7556b1993df35,897134,18527665.0,804.0,4.3e-05,1,2,223
2025-05-17 17:52:33,9a438226cbecdbd4fd70896f93a44d782d16622ddae3c5620f5a043c791cc72c,897134,1065206.0,804.0,0.000755,1,2,223
2025-05-17 17:52:33,7158ab756a4f045f0725b8bf1075fd47c6c6bd68959f035e6a03d2cfad168e09,897134,9601816.0,804.0,8.4e-05,1,2,223
2025-05-17 17:52:33,259b67c6999a4e63f55d30ed008f01d7aea7c18cabc5628501e4f102d92bf2fc,897134,892854.0,641.0,0.000718,1,1,195
2025-05-17 17:52:33,62d10ce06420d3757980541c4019b91a05e31483f1fd3c27491b541ed7ebcfe7,897134,36090.0,641.0,0.017761,1,1,195
2025-05-17 17:52:33,636c09a5162851479a6dcdb64aad7dd56c751e6da3d0b469214a9736b95a15da,897134,183911.0,641.0,0.003485,1,1,194
2025-05-17 17:52:33,c2e9e93c4fb34ef08ff474a5ede900017766382bdcecf8c052426950ccee30d5,897134,857749.0,641.0,0.000747,1,1,195
2025-05-17 17:52:33,c1fa8c9ec1d37dccd5ab5f09219c40a143e9ffa986bc864d182e075bf9d2f5c3,897134,203831.0,641.0,0.003145,1,1,194
2025-05-17 17:52:33,5a8e5798b3b665fcaba856af6e6c09bbf90631bc9096973f80ae06793d380dbb,897134,43087.0,641.0,0.014877,1,1,194
2025-05-17 17:52:33,b0775027b199c759be286cba6c61d6668514909c0fbb03dc31d29f72b97d0276,897134,151258.0,641.0,0.004238,1,1,195
2025-05-17 17:52:33,fbd497453632da6d293d4b6c6e83d889876b59b6b047c0c0197d90f25b7a826d,897134,717819.0,641.0,0.000893,1,1,195
2025-05-17 17:52:33,ed757278c28de677c71d88b3b434251905982ad9424c6606927358a65438075d,897134,338427.0,641.0,0.001894,1,1,194
2025-05-17 17:52:33,5585b0c06ed74e4cc7ab6d0b22628dddaf9121d1f6c6d76276ffdd9b4d69ab5b,897134,976772.0,641.0,0.000656,1,1,195
2025-05-17 17:52:33,9ac4a8e66696374afcb7217f63ee094cbd838252035205d9f74c5a67e91c4e2e,897134,485036.0,641.0,0.001322,1,1,194
2025-05-17 17:52:33,ab4e04eb8d0878596bc00ca0c1c45527edde8455e86fb459b6690fa87e422f25,897134,1211791.0,641.0,0.000529,1,1,195
2025-05-17 17:52:33,9db1c873c70d7b9da4856778bdd2eba4fa802478ed4cf0b0beb22d89b0755c20,897134,229768.0,641.0,0.00279,1,1,194
2025-05-17 17:52:33,79c6bf6460123fb8df5c5b2f43eb71d13c0d3dc6d07be09bf96e5d59fed6aa0e,897134,383229.0,641.0,0.001673,1,1,195
2025-05-17 17:52:33,c6344d60eb4596a0295985ad26e2349aebb55d987e4bc98671a1099160562508,897134,119530.0,641.0,0.005363,1,1,194
2025-05-17 17:52:33,158c5d6375563cc9999f15ce102426ad0190af402cb5f3eca2b204034d0cc542,897134,1221563.0,804.0,0.000658,1,2,223
2025-05-17 17:52:33,90a80f5a1bbd52cbe5b138b5411d665530eabf1258a53eedd0f50488fb48efd0,897134,1319231.0,804.0,0.000609,1,2,223
2025-05-17 17:52:33,2cbf150b775b436a373cf1d923025fb5b6d8b4d9b569461988512d5dcbb0ccb1,897134,10083161.0,846.0,8.4e-05,1,2,222
2025-05-17 17:52:33,ec8c94879ae44faa816013792cab57736940d035b864823c0e54123188113359,897134,10158328.0,846.0,8.3e-05,1,2,222
2025-05-17 17:52:33,a55dee5a7c320228fd7fa9d51338e872489d5af9a968e65d6b75b976695a55cc,897134,10395184.0,846.0,8.1e-05,1,2,222
2025-05-17 17:52:33,a9f034b2e3d1084b084e5c3e0e6f8355f2a74ddfed3eea7e286b39b8a15c9c6c,897134,10423679.0,677.0,6.5e-05,1,2,223
2025-05-17 17:52:33,59652e55d56c04f8cf5092ccad753e07d7225b70fc0f6c45c0ba00989a0027fe,897134,151541239.0,804.0,5e-06,1,2,223
2025-05-17 17:52:33,53abe0c05b6065d125a80b0c06d0b279c85d5a275c80bca6b693b9292d20e8f6,897134,56734.0,804.0,0.014171,1,2,222
2025-05-17 17:52:33,ca3b350489e7e65310be487d64fb6e3f26ba8eca92952a62192f827229f27def,897134,164175.0,804.0,0.004897,1,2,222
2025-05-17 17:52:33,839ca568fb4bb4d24f2352583dbe1b0aadae208cd071bc543bc52495c80700ef,897134,55631.0,804.0,0.014452,1,2,222
2025-05-17 17:52:33,d38a51abbd26ddfb44984f917940b8a3d559a74cb1d2c30dc0f7be10e76483e5,897134,12500354.0,804.0,6.4e-05,1,2,222
2025-05-17 17:52:33,fd04c2f835b0d864bfad5dd2ba965f033d98f0f7702d21b9ef5474da56e265dd,897134,786196.0,804.0,0.001023,1,2,223
2025-05-17 17:52:33,39efc8921afea658e8163afb4877525f1955ea86d7935976701cdfa02b8347d5,897134,1964280.0,804.0,0.000409,1,2,223
2025-05-17 17:52:33,234402c0bf1ea9d68b3002f02b21c26dc303e7058d8db29ca3cd6d0f783323d5,897134,56916.0,804.0,0.014126,1,2,223
2025-05-17 17:52:33,dc169c6af69903ba67052ac01a0b90c7886b83f881731b4b42a4559fe308fdc9,897134,1408598.0,804.0,0.000571,1,2,223
2025-05-17 17:52:33,896039600dbad520592eb636c920e11a7547e26d6c74218d38a708462f83e7c9,897134,441335.0,804.0,0.001822,1,2,222
2025-05-17 17:52:33,92e2e4fb0fa01e6400bf445c832887659c43b862f8d4fc2b76093c3461ac2fc2,897134,6593679.0,804.0,0.000122,1,2,223
2025-05-17 17:52:33,ed029b231d49c6c7d3094dcb2b4f567dc98929f1b9cc48dc8278a975128d83bb,897134,2744672.0,804.0,0.000293,1,2,223
2025-05-17 17:52:33,299087eb4b2d908eeb3141e4a339b987f39894be7f467b612d4af3adc13507b4,897134,4667433.0,804.0,0.000172,1,2,223
2025-05-17 17:52:33,3f0bd581f04bf3a1efeed99afb73ed92b55450db9c7b33a524ffd5e1eb4db9a9,897134,5149196.0,804.0,0.000156,1,2,223
2025-05-17 17:52:33,70c5b4845c66ebc6f9ed39901d01c0a0cac0684e97fb7ac560313fa2bbc883a6,897134,162171.0,804.0,0.004958,1,2,223
2025-05-17 17:52:33,48e28da7cff64562c7d88f0036d7057d31dd26f1d2eeba8c875aa640fc1619a4,897134,18617352.0,804.0,4.3e-05,1,2,222
2025-05-17 17:52:33,ce49519b9ba0664752ecc9644252d4c5f030f631c98c74b17a2d2d549d11779d,897134,3635211.0,804.0,0.000221,1,2,222
2025-05-17 17:52:33,5a110b6787934c9fdc24d3a498168c59684b474642296b0d1e2d7726ceb9b09a,897134,298084.0,804.0,0.002697,1,2,223
2025-05-17 17:52:33,f23589d8f2a752a7ceff6bc6644c0998c9cd2adbcad03c5a302c4e9ee27bac97,897134,384822.0,804.0,0.002089,1,2,222
2025-05-17 17:52:33,44f732fdb9435fbef0c27639b2ef52724bd8f7f3e8d46157598c78cf7b19c28b,897134,4739529.0,804.0,0.00017,1,2,222
2025-05-17 17:52:33,3d4c5b060d548c8e13fe11f6200fadf9fb2c590b11e1a70fad2f9d601b678482,897134,46979.0,804.0,0.017114,1,2,222
2025-05-17 17:52:33,a3b7e7f0023c1832246fae5fba5d517ef4c0bb3a0cab5cf22e8ee983263ba17a,897134,237687.0,804.0,0.003383,1,2,223
2025-05-17 17:52:33,21d25b52fdff20ba9647973c387a123df9d0ba3990dc633fe64d512baffefb6a,897134,713667.0,804.0,0.001127,1,2,223
2025-05-17 17:52:33,25c2ba1bc36d7edbb7ae98d3078aeebd7c2f1b11b2bd000b9d51ad23873c9166,897134,883898.0,804.0,0.00091,1,2,222
2025-05-17 17:52:33,4130e47a19d0a586a37b7fd38f0a3322c0e83b0d84ca6b92005650f5b008375e,897134,15121851.0,804.0,5.3e-05,1,2,223
2025-05-17 17:52:33,e82bcb11568cf5895adcb2a6dae182357e675bf0b3adb13dfb26c5b9f83d0850,897134,506468.0,804.0,0.001587,1,2,222
2025-05-17 17:52:33,4910c07c3e141ce3ad2b2b372c7208472e759a9b49550797ca79ce2031d29b46,897134,2699359.0,804.0,0.000298,1,2,223
2025-05-17 17:52:33,607e756f43225ba05abc938479149561ca36780a8c82e5cd444f1b2cec9c333e,897134,1001504.0,804.0,0.000803,1,2,223
2025-05-17 17:52:33,2175289e3e1769526e8577053f003b03d8b7c683a5dd60e802fe48ecea5c0b3b,897134,88772.0,804.0,0.009057,1,2,223
2025-05-17 17:52:33,cbbec02fa05cd9c97977689e9e7ef64549509e4c0a60a533239e56d9ec9dfb32,897134,565945.0,804.0,0.001421,1,2,223
2025-05-17 17:52:33,7c877516c1072e4fcde1582b085c37e8cbfe151dea30378f73d2f9c415270531,897134,4938295.0,804.0,0.000163,1,2,222
2025-05-17 17:52:33,3a7a3f52de9551141461dc27af28926168b236ed51f30110a139c01bbebba82f,897134,335696.0,804.0,0.002395,1,2,223
2025-05-17 17:52:33,c07cee3d8fdbd761b07762e30c5101254e6741525b64586db26d4ee8c0497bbd,897134,374276.0,804.0,0.002148,1,2,222
2025-05-17 17:52:33,a928196a58833a212f56d50a54d63fe6a5520e045e5a16cb2a3ec1bfb44e162c,897134,86793.0,804.0,0.009263,1,2,222
2025-05-17 17:52:33,647a5503826774877aebeaa86741838c5ecfccd055d1586a9beea7a48a7af72a,897134,49864.0,804.0,0.016124,1,2,223
2025-05-17 17:52:33,c3c72f0efbd6e3235b9dc99626df3e1fc93715fb30332384467d7de2597dfd28,897134,213218.0,804.0,0.003771,1,2,223
2025-05-17 17:52:33,fb2f8d51e5bfe35ce4253ad444b4941a679c76971387fd080f555ed6060e9e21,897134,51160.0,804.0,0.015715,1,2,222
2025-05-17 17:52:33,553446e21f34d3337078f6206202040c4bacf9ee281b888a7be4ff87b8308521,897134,202084.0,804.0,0.003979,1,2,222
2025-05-17 17:52:33,c3b9a43895d197649de7f2c9a27759be342042112534c43744457ad132102a1d,897134,15876865.0,804.0,5.1e-05,1,2,222
2025-05-17 17:52:33,843f403292b16db3408644f49e9c1d41ce0d905240e1c1318b876d5a104c131c,897134,1067755.0,804.0,0.000753,1,2,223
2025-05-17 17:52:33,e663f6bb7cf0c85d957c96a46fad32df3460630175a18f1618ec7ae2f12cdf14,897134,276635.0,804.0,0.002906,1,2,222
2025-05-17 17:52:33,85970b9f2290eed0994fd2092532847aa79d6b779c30671728b6b91559bbf107,897134,433352.0,804.0,0.001855,1,2,222
2025-05-17 17:52:33,ec1f196c2894c909c3d59ac573edbedb5d6c6702b2b168cf2eb5fbf33dbe2203,897134,163004.0,804.0,0.004932,1,2,223
2025-05-17 17:52:33,7c5aef6ae7a8baabb00a2101b2a489477de7b0057ceca8f261d014e022ae2d00,897134,219654.0,804.0,0.00366,1,2,222
2025-05-17 17:52:33,25a33966236ea6e9c366139cb716b4d6eb3ad391e5fd961d14b76364811d8556,897134,4937767.0,1082.0,0.000219,2,1,340
2025-05-17 17:52:33,eacdc22c675bc997d082194ead1ce61c3304867afbeb402aae8498d8832085a8,897134,17656412.0,1281.0,7.3e-05,2,2,371
2025-05-17 17:52:33,77e1f33ed1a737190896fa7b949c7879a9fdc9ce23b561485ec0334ec17635c5,897134,19463271.0,729.0,3.7e-05,1,2,222
2025-05-17 17:52:33,f749177e042e7eb5ada7bc3bb5626acbf2d0eb9285d6a045abb97df3b283f5dd,897134,1760100.0,810.0,0.00046,1,2,222
2025-05-17 17:52:33,d08786b72d4a69eefe629958778835dc20832fa0b63ee8461e8666537444835a,897134,234038266.0,1518.0,6e-06,1,4,481
2025-05-17 17:52:33,8f4ef82eb7272bcd1f8007b77db7cecf503bb39fcfc35acc3db0ebd53d65f7f9,897134,13185913.0,918.0,7e-05,1,2,234
2025-05-11 02:39:37,fd0fa9acb7ab18e40d031c6dc8a1fe338ac04a82c0c0a4571c35c36a90667d8e,896194,2367270.0,3850.0,0.001626,6,9,1043
2025-05-11 02:39:37,db37c0d625f911db8407b7d35d2ba2a08b888b280c6811685620e362a77145f0,896194,1634014.0,1027.0,0.000629,1,3,279
2025-05-11 02:39:37,42259de59fb4e719dff98de0683a245441af634dba8ad74238e228683c8b0cab,896194,726234.0,1635.0,0.002251,3,1,558
2025-05-11 02:39:37,e95ece089a5c655f2a10285e585e44042765fe24ef7bf58b263174dc99bf4544,896194,284769.0,1635.0,0.005741,3,1,557
2025-05-11 02:39:37,fe86e32d86ac785878333e641c978ff88ccc321690a3f35223ebaa41acfd61df,896194,2873803.0,2955.0,0.001028,4,8,800
2025-05-11 02:39:37,27c6b772b072e2b2afdb1884d840ce285c0da5d1c38805366a6b603d192e32a1,896194,10585.0,530.0,0.050071,1,1,153
2025-05-11 02:39:37,c157b5242014eec43ecee653986b51887404ae83f726ca4c78a9d177ad9b99f8,896194,116287.0,1180.0,0.010147,2,1,389
2025-05-11 02:39:37,64a3a98bd89d0d3eec95aeb733aa609f09c468d61b9f40dc5d6616bd51b84a75,896194,2827278.0,1180.0,0.000417,2,1,389
2025-05-11 02:39:37,4979658b288fc514835cf677d00afd6630b9a481efc983ed8b6c3bf1bcfe6048,896194,1545555.0,1113.0,0.00072,1,2,406
2025-05-11 02:39:37,9fd1d438148a1915af244e814684c09ddfbca3a2af622eea0f2ce791ed456539,896194,94177.0,1218.0,0.012933,1,2,234
2025-05-11 02:39:37,0e902572e83c38753ed1e099ba59a0e63cca2b821490fce99b133b8fd612ecf5,896194,1086230.0,984.0,0.000906,1,2,380
2025-05-11 02:39:37,1602f7020e8f37fb3f90ac259be7b67dfce7afed3ff942e49db134c2014901de,896194,71691521.0,984.0,1.4e-05,1,2,380
2025-05-11 02:39:37,e55e26fd5a1b52e013cf3d29666d2c4d2ad77e6b2de5f1207541eda9eb4265aa,896194,17514066.0,984.0,5.6e-05,1,2,380
2025-05-11 02:39:37,6380621070320abcb805e7602170c3038fe6a5ce1e5fe5ff2b5bf206c845cb9d,896194,137084565.0,984.0,7e-06,1,2,379
2025-05-11 02:39:37,af85811ccc1ac8f458bc18ead9a546c7f5b79aad3cad3d43362488afcb50e48d,896194,2646917.0,1180.0,0.000446,2,1,388
2025-05-11 02:39:37,de082425ae44b85c1bc95084265714f0668fdcc75997298ab04127e92285f75f,896194,68446.0,1554.0,0.022704,2,2,678
2025-05-11 02:39:37,27f2b99d8fa626750704671aeea2a7df6429c9acbefc53534f44530456642e60,896194,587143.0,2650.0,0.004513,4,6,699
2025-05-11 02:39:37,3a9a9dff8aa836691f80a155c4527117aa0a96557f7126d1789bb48bbf402936,896194,688655.0,3850.0,0.005591,6,9,1043
2025-05-11 02:39:37,401c944d2c6871c3ce05199d349756858968591397b62a2135608987ac5b8dfe,896194,94909.0,1005.0,0.010589,1,1,192
2025-05-11 02:39:37,56ec93b06b9ae14d7005bae54173ee00e562fc5250167c95d183361dfe1bbc32,896194,116114.0,1760.0,0.015158,2,1,336
2025-05-11 02:39:37,48199ca59683221c90f956ae1a1e2e3048f7573653f5c73675f83e9bb4b22e7e,896194,76161.0,1180.0,0.015493,2,1,387
2025-05-11 02:39:37,016fe585af759877a7e6ceb00f0d05f8615729872d18e7b2febfca1d9aaa24be,896194,34491981.0,998.0,2.9e-05,2,1,353
2025-05-11 02:39:37,ed619da88e0e3cd890eea82241b3c00d5998df046fb4c2c95ddfbd0f0462166a,896194,313776.0,804.0,0.002562,1,2,235
2025-05-11 02:39:37,db93ffd3ff63ba3db1f74875ae81db0c61aa28c0dc70dde7c5a594fdc740a628,896194,19095.0,905.0,0.047395,1,3,253
2025-05-11 02:39:37,e3bc9e52939cb490fb95ced029d3a71566c899947aea6c95e41a12eb6f29dac6,896194,19020.0,1003.0,0.052734,1,2,225
2025-05-11 02:39:37,eb18de3a1618c77ac70ff94adcd63b51487b1cea74b531ed2b8b817757cb3324,896194,181286.0,1737.0,0.009582,1,1,191
2025-05-11 02:39:37,a05471cf7cd60bb7fcabd5492e42b75b5c0be35a2f8120c1089b72bfa080d1fa,896194,48045997.0,22997.0,0.000479,2,137,4751
2025-05-11 02:39:37,b91f8219fe94b16a6af806c84850a250ab594f9115801ed46b318b586052c866,896194,189218.0,845.0,0.004466,2,1,260
2025-05-11 02:39:37,56b4f7c7ae23ff89048d52c22b4b92bbfb99cbc243346942c93ccc6a31da4465,896194,9869151.0,1817.0,0.000184,4,2,667
2025-05-11 02:39:37,0caa32f3d76794a52b57f68af11ea8bddfab2e6ddb0a7208d5b3a242e237c5fb,896194,265450.0,2630.0,0.009908,4,6,728
2025-05-11 02:39:37,0a633995f98d9742301e2401fd45378c48228e3a4efed5ed381154164b127651,896194,308760.0,2630.0,0.008518,4,6,727
2025-05-11 02:39:37,21ab474a9410110f7933723f9a6b8836a9df768aab3f475b16d015cda19e3f18,896194,352070.0,2630.0,0.00747,4,6,728
2025-05-11 02:39:37,2c2775aa037cafb7700c1f035363080cacdb3eaa79bc54d89a72f78666e3dc85,896194,155377.0,2623.0,0.016882,1,1,193
2025-05-11 02:39:37,0da1a6ec9284c45152df792e84c8a05025ad3d42bb337dc055ae549234994189,896194,22950825.0,4324.0,0.000188,1,35,1282
2025-05-11 02:39:37,bbd702a0b4046e99dc60c7459f7c9c3fba57d5b1f93a031d8c3f87830e7831ee,896194,1921929.0,1060.0,0.000552,2,2,300
2025-05-11 02:39:37,9c95b3f077bd6f1238d0cdccfaa12ac7c56a03cdbb3c08750ff9e295d3270710,896194,10911846.0,770.0,7.1e-05,1,2,196
2025-05-11 02:39:37,c2f70d65eaad46938efbbc4b9f3df8b1b7f91cc694bbe32ac0c0edc02e67aef3,896194,21696.0,2650.0,0.122142,4,6,699
2025-05-11 02:39:37,7ca8b7c2dbaa42eea054a4ead5c639cec6eab3f5e8687ae6cd54d2321bca91cc,896194,284005.0,2650.0,0.009331,4,6,699
2025-05-11 02:39:37,fb50972b57889757053a637869a155b6b4165576dd8ca9c25954ea9ea43fe5ba,896194,1110221.0,2650.0,0.002387,4,6,699
2025-05-11 02:39:37,a9203597ed0358be48974bc3fd65ef30481491fa95a2e43074f100852db26fb7,896194,48473032.0,2650.0,5.5e-05,4,6,699
2025-05-11 02:39:37,0f0c7ace04cff9cf0ca6f8b5be91606055b776c6b3ee898277130961f9edf6b4,896194,44941.0,2650.0,0.058966,4,6,699
2025-05-11 02:39:37,7ba659835d4c8b547fa943a6174c52f54e22297fd6574192d02e73673a040dac,896194,314096.0,2650.0,0.008437,4,6,699
2025-05-11 02:39:37,3e65854753cf55c979a201ffa7775b8bbf5ec6f00c93dcf611fbc326c757e4ab,896194,787720.0,2650.0,0.003364,4,6,699
2025-05-11 02:39:37,0c5537be691555df1dd6e0c9428745075a33007f952e665ad4e9d78e19627fab,896194,228207.0,2650.0,0.011612,4,6,699
2025-05-11 02:39:37,d759b44ef1e984e59b8608f2256d72ca483c7339ae32f4facf7008938f54ec99,896194,371900.0,2650.0,0.007126,4,6,699
2025-05-11 02:39:37,796569f0be15c05850d46f88353b56ba8276a8d877968f914e59db553534d485,896194,351291.0,2650.0,0.007544,4,6,699
2025-05-11 02:39:37,55da2a47f0f272bfe20a2353b792299999b8381ea6bc97019404be202997ff80,896194,721698.0,2650.0,0.003672,4,6,699
2025-05-11 02:39:37,a12a6f94d5d1fc374b5c96b4ba7504711df290324897fbd6fb28212ba2fa3a69,896194,1307244.0,2650.0,0.002027,4,6,699
2025-05-11 02:39:37,f3695eeeb489c4380a105f6305cc4e6618a997ec5a75fe757c570cf635322d63,896194,857073.0,2650.0,0.003092,4,6,699
2025-05-11 02:39:37,8a46b61dcf34f002b782522bd6ed75da24a65bddb12ba93b70736090f797705a,896194,311096.0,2650.0,0.008518,4,6,699
2025-05-11 02:39:37,e8a7185740b924145977727051298edd6cf9deb5798b95594c6915d7bdef784f,896194,30116.0,2650.0,0.087993,4,6,699
2025-05-11 02:39:37,23ad546af0409c5af95ddefae723678605c78bb7881615e2d3b0629949570143,896194,493062.0,2650.0,0.005375,4,6,699
2025-05-11 02:39:37,1c5e47955b6b6c8007e1801868c628777812c4e5bdb857f867ca05eadef8a036,896194,968911.0,2650.0,0.002735,4,6,699
2025-05-11 02:39:37,da475db068cb0d22d318f668ae78523424ccf4fd9c94237a1941becd6d66ab22,896194,579563.0,2650.0,0.004572,4,6,699
2025-05-11 02:39:37,f507eecc2016274bc4edffcd67bf214df30e26bcb3c2b95b13190f84c968e918,896194,413096.0,2650.0,0.006415,4,6,699
2025-05-11 02:39:37,2dd56b564c5b8abcd59ab12a146521430d73a8948981a6623bbb07a6cd6c0115,896194,92670.0,2650.0,0.028596,4,6,699
2025-05-11 02:39:37,4170345f34bba87b3e2d613fce0f1917ee0208f6371ddef1d3d9623896445ada,896194,148725.0,1275.0,0.008573,1,4,291
2025-05-11 02:39:37,dd64fa84190430a6dd8ecb248c0bfb3b42e8ce35e54ee92cfe597da45b99a17f,896194,14411584.0,750.0,5.2e-05,1,2,223
2025-05-11 02:39:37,1e8ad14340eaf9a114898b3ce05be97dacae2ab5dde6381af942587d43d8b0d9,896194,42124.0,3026.0,0.071836,1,2,222
2025-05-11 02:39:37,6f3c60cc8c657df7a6167ba89b00922d3f38d0016212281dedd551e98fb4c31b,896194,202478619.0,1795.0,9e-06,1,21,846
2025-05-11 02:39:37,fcf5b0fdc1baab4b39308edec2604a6ca5b023ccb48c3908da6eb9d7ca9e9287,896194,14556.0,1950.0,0.133965,2,2,786
2025-05-11 02:39:37,0b7126543deb696dce24dfdfd4e75ccc7d938ce958ed6872f86c6495649ef5f4,896194,1064875.0,725.0,0.000681,1,1,218
2025-05-11 02:39:37,4fa45927561799d82c73f14c8cf4f21660e8af05dd6443f388449b2a5c243205,896194,28815.0,1185.0,0.041124,1,2,222
2025-05-11 02:39:37,0ea714da8c767d5e0e9a9bddbae3a288c06de84feff2136cd411b1b37b5b17c8,896194,200000.0,6059.0,0.030295,19,1,2077
2025-05-11 02:39:37,b365075449e4a09a7a46bd9a30275e0e8ac4611ff6b76f4e2ebc60db0ecdfcc6,896194,57459.0,755.0,0.01314,1,2,222
2025-05-11 02:39:37,e66201589e4616c91abd57f59caea7a10e914501c522704407786801bb1f60c5,896194,90726.0,755.0,0.008322,1,2,222
2025-05-11 02:39:37,c4ed96ee592763511299c61206d67bf14279a0fead302683db0713581e9b6a97,896194,578245.0,755.0,0.001306,1,2,222
2025-05-11 02:39:37,3323602b0b86fa9a0a4926263287ca9e3ca1aea95b1335e231d036d0ec7ecd65,896194,149593.0,755.0,0.005047,1,2,223
2025-05-11 02:39:37,bbcdb45747978f87443513f2750746e1afdcdab0cb0320f4088c1e12452d3555,896194,95419.0,755.0,0.007912,1,2,223
2025-05-11 02:39:37,603be886420896207cfff9151c2b1850e54a30bed9b7d96532b656758feb754f,896194,62755.0,755.0,0.012031,1,2,223
2025-05-11 02:39:37,7c58b0e30013d18d854673f9152dd25b6e09198dbe8db2c43d9878e6d672ee29,896194,198014.0,755.0,0.003813,1,2,222
2025-05-11 02:39:37,f7a986c7bd75b602dac79c6863d2d4e1b861748842ed1c3aa9f37e43da97ea17,896194,47978.0,755.0,0.015736,1,2,223
2025-05-11 02:39:37,8cb9142f9a8f0770a6935155ff9f601583fc02bf099a3b8aa717fe35b2c38e13,896194,131779.0,755.0,0.005729,1,2,223
2025-05-11 02:39:37,87aff6e25a8f9d32a153f9a46645b211ea1f2ced3f3edf3f59ae97ded528fc5c,896194,2040998.0,1581.0,0.000775,2,2,377
2025-05-11 02:39:37,5c06dd146b2e72bc42d7f5c2bbdafdbcbb60932cc28f53155006952d91358ebd,896194,76590.0,725.0,0.009466,1,1,216
2025-05-11 02:39:37,93acaac055c8211abe504d334810bf660923ae08de9bb679f011c65ac87fbb40,896194,478180.0,1015.0,0.002123,1,1,189
2025-05-11 02:39:37,5c8b06f82823daccb8e557d2b8cde7db0bfdf8349b5be9a60b492c1b7bba19ef,896194,1185020.0,2995.0,0.002527,5,6,806
2025-05-11 02:39:37,94ec8b046b3648ac91e87eb46fc8d52f343a97d43bbdc612c83349fff28185df,896194,1787162.0,2995.0,0.001676,5,6,806
2025-05-11 02:39:37,065763e2b0c95122d7d12e5ca822fd0e91d6bf8c8a0c26395aa4dd798845f3a8,896194,1208547.0,2995.0,0.002478,5,6,806
2025-05-11 02:39:37,ca9eba7a801551373e883eed6890be12188bb07537d40d2d04d16536d0eb3e80,896194,1192804.0,2995.0,0.002511,5,6,806
2025-05-11 02:39:37,6f88965cad5f8a811e277f25809c650579bee29f4b249a3083b73bde2e3fed59,896194,535420.0,2995.0,0.005594,5,6,806
2025-05-11 02:39:37,a983a7b349fb1eebab4c1817996577ea135402ac7acc9899ca82226831cf4a44,896194,66996.0,2995.0,0.044704,5,6,806
2025-05-11 02:39:37,34ef2bec418e7bad0f7e965f165e060c7fed225f914d99a7bbd30878d39c240c,896194,749745.0,770.0,0.001027,1,2,194
2025-05-11 02:39:37,0456c257d05b02beeeb0a2ce8d123baa5e290d6e6161a49a7d21967284c0b229,896194,99119.0,2300.0,0.023204,4,2,670
2025-05-11 02:39:37,161f2d99350e9bd235b3ba5cdf97d9419b63691f1793f77cc23fb43575897d16,896194,1687457.0,1161.0,0.000688,2,2,378
2025-05-11 02:39:37,d988745a6eccd6f1bdbb824cf0407d2041bbf07c790198636ebd7269996f7b94,896194,392534.0,3162.0,0.008055,8,1,1232
2025-05-11 02:39:37,2d28aafc867f399afe1c3b02e246406206ee0beafdffc190e51b27a8808299f1,896194,934182.0,725.0,0.000776,1,1,215
2025-05-11 02:39:37,e5344b8ae7b94024ebe0d0efb56ac04c2c2581be1e8fd7f24c10b7266b038ea3,896194,286836.0,725.0,0.002528,1,1,216
2025-05-11 02:39:37,b3bafa88429046141173b133c0a2dad9b511b81ebdd7176ad5008274cca007e5,896194,202697.0,1581.0,0.0078,2,2,375
2025-05-11 02:39:37,f13e3d439ff951a3d751b8a1ea0000c31f68aa179760a9a6f9eb3a84ef2860c0,896194,67124.0,1581.0,0.023553,2,2,375
2025-05-11 02:39:37,6aed1f22ac3b2eebca34fb8dd4f9f485fbe3155a7c00bf382743ca1712d9348c,896194,111152.0,1581.0,0.014224,2,2,375
2025-05-11 02:39:37,b7ecaa5958e247be2ec9f90a4851d5549ae3fdf7a646fd6b20c376214b400367,896194,83102.0,770.0,0.009266,1,2,193
2025-05-11 02:39:37,6f64a2ce5c24ea14296f8252d28d8f212a1f4c8fcf1a945f2c52ad9f71fb03b5,896194,963394.0,972.0,0.001009,1,2,223
2025-05-11 02:39:37,72d1e24da789480282cf51fea02d8dc9d6bedfc4aadee26e6fcbba842cc2d996,896194,987137.0,929.0,0.000941,2,2,371
2025-05-11 02:39:37,2c44ec168b98658a42dbddbe2016584ccd2bb3b357cf3736d81c7230d4062b57,896194,30721.0,1831.0,0.059601,2,1,337
2025-05-11 02:39:37,21c3c5359ec33b4d147eb3af8241e73de80475a51b5e53900de9f5789cf6ea09,896194,100428467.0,2000.0,2e-05,1,9,450
2025-05-11 02:39:37,425abf9d91fa4305d4b628bb3e7c1b8514c93054965143c0283488ab8fb0c5f9,896194,656402.0,1523.0,0.00232,3,2,523
2025-05-11 02:39:37,2227797cda807e43b76deb442f2e1b6a5cd2b0a8fc04e1d042dbb974b124a0f2,896194,90059.0,555.0,0.006163,1,1,153
2025-05-11 02:39:37,d5948788a7a8ea0b13a6b80d4f4954bd47e672c43cd0441c62f4d238f2065d31,896194,20128.0,15214.0,0.755862,11,2,1263
2025-05-11 02:39:37,960dfdd4a95e322634b965aee072130768660f48437be448c864d91e59a741fa,896194,437714.0,254.0,0.00058,2,2,313
2025-05-14 19:23:31,1431546a875c9a32474b4dad3e416a47c9d5077a365a7e50721f592eb125a3f8,896711,2253376687.0,2597.0,1e-06,4,7,1467
2025-05-14 19:23:31,b7fed342840605cc777fbf7fe04c1963f14307bdabcb4d2d7a8ed0f45291f4aa,896711,413508806.0,1328.0,3e-06,1,6,552
2025-05-14 19:23:31,83414b7969aabdef8e91e7b351f7afda636c67e7bc3fae4f7aca68369d1a02b6,896711,5028456.0,2469.0,0.000491,5,4,1622
2025-05-14 19:23:31,9ca4681b607222401c7902e1d195690e97de69e2bf37d29be1416f5a01e35671,896711,9706373.0,828.0,8.5e-05,1,2,416
2025-05-14 19:23:31,e95c8a1a20ae2e0c06d9f071d79746115798652d3533d0800a7a0fd101422f38,896711,19609.0,703.0,0.035851,1,1,191
2025-05-14 19:23:31,a7d272cd170c0a3a4ae79cfadd5a8c953b93ad8f95f34de586da15936869d488,896711,1737072.0,707.0,0.000407,1,2,382
2025-05-14 19:23:31,f59933dc02e6d68f202766403c80c33ea0facd6ebcf39066978f7ad3361b4340,896711,1925242.0,707.0,0.000367,1,2,383
2025-05-14 19:23:31,a86c808273e331b8a88f528acd94cb0446b84c511e79bdbf22d0a11ad8ab5026,896711,1548157.0,707.0,0.000457,1,2,383
2025-05-14 19:23:31,ebe743b6d9e318f8313a173c4d6764f53bc1123f1c5d3eab182542961cfbf9ee,896711,1677909.0,696.0,0.000415,1,2,380
2025-05-14 19:23:31,a1094ae95ab24d76060ff2397ebb0be946947f7c178fa8347583623d976e2eb4,896711,21487338.0,696.0,3.2e-05,1,2,379
2025-05-14 19:23:31,532e285eaa42e17d66c3736733624fe6027c98bc27f792fef377e3d07b7cf1b1,896711,83443167.0,696.0,8e-06,1,2,379
2025-05-14 19:23:31,833ea5f4bc502a80b0a105aef603908ec3e77ac52619c976b9395984c5f68d85,896711,8011696.0,696.0,8.7e-05,1,2,381
2025-05-14 19:23:31,395a73786cdd9036fbe99783c3de84964834f07daba6bf5925491833496d4d1f,896711,55418.0,582.0,0.010502,1,1,350
2025-05-14 19:23:31,248553965df0724d069b214a8a78facf66c9689732bb9612e8c56f29d680ad67,896711,89330683.0,700.0,8e-06,1,2,380
2025-05-14 19:23:31,8cb76cb782ab788221c9fb97a9dd0b351b057afc583ef9920851036d2b12c3a8,896711,1252776.0,1091.0,0.000871,2,2,676
2025-05-14 19:23:31,8143599dc331a1a815e2c6f0f816806734e630ca8b1744fe58cfe4a60e994819,896711,1684216.0,1080.0,0.000641,2,2,673
2025-05-14 19:23:31,24731b044eb4d39e4d2c938763f5b00febf32e6d59bc53d17500b42808628ba6,896711,72480.0,520.0,0.007174,1,2,223
2025-05-14 19:23:31,6a69d35c18e97360008792a928a40fbdbf11d3d011df001ccd8fcbd95758d655,896711,172480.0,520.0,0.003015,1,2,222
2025-05-14 19:23:31,7437e9ce3e533c70e94f38b5e22d039ca04a9df49dc1971ec9f9c4e4f89017a8,896711,459910.0,612.0,0.001331,1,2,234
2025-05-14 19:23:31,3fdcb64b7b23c1a0ed7ed27f37fe57cb086c05dfebbfcd920cb406edc990c060,896711,113303678.0,4231.0,3.7e-05,1,33,1240
2025-05-14 19:23:31,f80f951d2e3c2f2cd4a4f351aa2658ff39d519fbbe2e9764ffbdfd56b89b7e1a,896711,9648112.0,816.0,8.5e-05,2,2,384
2025-05-14 19:23:31,34a1690d8836ee460536d1edca868de7009056f35e7d8ab0d4af074a33f6ba7e,896711,5134011.0,621.0,0.000121,1,2,250
2025-05-14 19:23:31,f1edd6aa8815b67e3762bdac9aedfc868f7d2cc225bdb1f5e13f542b68b40da9,896711,82680.0,1246.0,0.01507,2,1,337
2025-05-14 19:23:31,860431c300fa19ec699069dbe658e323bb2bb390d6160a1a4cd74a1f08a9330e,896711,2070000.0,2067.0,0.000999,9,1,1006
2025-05-14 19:23:31,730e4cc09190850a3eb73d4d64cad77b48a906c10155c79aa89bf30646c13f03,896711,19999300.0,700.0,3.5e-05,1,2,379
2025-05-14 19:23:31,580b3c2c72e41ab655964c2e3cac61ba7f1740fea3ef44b9ef4ce67a00c16ec2,896711,1115016212.0,747.0,1e-06,1,2,418
2025-05-14 19:23:31,7f1ece592057acb649cfc703da7e1afec3e36616a4f23728de37407198345411,896711,146523.0,706.0,0.004818,2,1,341
2025-05-14 19:23:31,28c7ed1a2304dfdd9e99f9f859d334037d96edd22e9c81362b69e25f3f4663a3,896711,475519.0,482.0,0.001014,1,2,222
2025-05-14 19:23:31,a95b499c2c00bd0f7f4953ca99defa3955a5cf17bcc312f114cc96562dc7e628,896711,995390.0,1923.0,0.001932,7,1,1079
2025-05-14 19:23:31,f70272aa840132f25181e2891d7949d9e725990f160faab70293a207a7f4832c,896711,496733.0,555.0,0.001117,1,1,194
2025-05-14 19:23:31,b70eeb6ddaf026ecdef1e7f2eeb0f4e10706955237be7edce6f34cd3435139bc,896711,126282321.0,5764.0,4.6e-05,1,47,1660
2025-05-14 19:23:31,454e710fe5ebeb3fa5e229de6109dfb315bfe899bf5103cd9b3d25b5ef7c91cd,896711,29999279.0,721.0,2.4e-05,1,2,358
2025-05-14 19:23:31,60f482fba4222fced4bdb472da3bd560bc27677ff0959cb4cc0bbd368c6b0dab,896711,31824852.0,11026.0,0.000346,32,1,5533
2025-05-14 19:23:31,1b4143fdb0b80a6733eb1fb6b7f7d0593129c918eb71b59f55712d86d32939b8,896711,1405361.0,801.0,0.00057,1,2,405
2025-05-14 19:23:31,c622eb0db6e516471347f7653faf3e97da70c22a42b57d4b459a3145d4e98ef5,896711,400626.0,573.0,0.00143,1,2,234
2025-05-14 19:23:31,3025ec97e5c275d5da0c9f0920e3a87a4b2560cb2743dd132e2819f6686987b3,896711,425499793.0,3828.0,9e-06,13,2,2002
2025-05-14 19:23:31,b8eb915719e03de7df21cfcc60c7d0b09d6189e43384efacb1fcf52b6a763e98,896711,230751515.0,282.0,1e-06,1,2,223
2025-05-14 19:23:31,768bb6cd70571577641720ce90237396cfa95e1497127482a842d0d9d411f918,896711,102421.0,3861.0,0.037697,14,2,2158
2025-05-14 19:23:31,c6c18575c36b7acb49fba1ab9456b1903a581c3ffa4224c92f8507f097252a50,896711,4999005.0,697.0,0.000139,1,3,265
2025-05-14 19:23:31,e0c098c586c1b15aff02133c03c561057bf00a82ef49f5c3502cb12df096cdb0,896711,79343.0,657.0,0.008281,1,2,222
2025-05-14 19:23:31,1a4a51bc6f7b2f213559d14171d9ab11611b2bc115185056ae9db4ef1572c6af,896711,33036737.0,2304.0,7e-05,1,18,721
2025-05-14 19:23:31,e59326e7ece49d263a5501633d0dc7711b0e65d053de7f8e66f2d67fa435aa1d,896711,2386709.0,735.0,0.000308,1,2,358
2025-05-14 19:23:31,7cf54b677713ac011eff034a12cd310edf4c8c22ffa5fab4f78a14ea9439a2de,896711,1248808.0,914.0,0.000732,1,5,321
2025-05-14 19:23:31,af8de03d93892dff8e59a68a3ed7e4f431838bce8363f4b8fb139054dc5d3564,896711,15000.0,426.0,0.0284,1,1,192
2025-05-14 19:23:31,69b617f51a65d50fecb4eae2452d61d567fb7404c7792cfa92840c642ebe1946,896711,934439.0,696.0,0.000745,1,2,347
2025-05-14 19:23:31,4f341abd404232c9b3adac4ad50328cfd43b455e1c31eeb171534649093c1b1a,896711,16347.0,423.0,0.025876,1,1,192
2025-05-14 19:23:31,b005f86045e6f6d08b687505e47308853fd9da5f76af9ffa078544593a202c48,896711,6770.0,435.0,0.064254,1,1,194
2025-05-14 19:23:31,5764640f5c8ccf23fe510cc80e497a84c24520074f0eb54aee66e05fa4ca36ed,896711,6003.0,3693.0,0.615192,4,2,514
2025-05-14 19:23:31,d33da177afacd94ea631fd5de077dbe176755cf1e62384284abcec8923313bd0,896711,183012.0,254.0,0.001388,2,2,313
2025-05-14 19:23:31,6e58a579341701196b026477b7b257a2171cb693e5ce1e4c70e93024c2befbc6,896711,183012.0,254.0,0.001388,2,2,313
2025-05-14 19:23:31,30b1396cca28f5231a403c19bf3e6594c86d4972c4e4a3d5c323b2b811fc3b15,896711,183012.0,254.0,0.001388,2,2,313
2025-05-14 19:23:31,d284fdfd19704f2eadaa2c85522c77715aaab175827b552e767f2e69caf41e97,896711,663367.0,338.0,0.00051,1,5,364
2025-05-14 19:23:31,0c8b462450855ffd3561927584a061d9db07866ed0ee5658e7b145081717d283,896711,479672.0,440.0,0.000917,1,1,194
2025-05-14 19:23:31,bf74a6fdcff6868a7820d42a7c6222fefc006a22bd287e709986c5efa668a3cc,896711,553766.0,1166.0,0.002106,3,2,564
2025-05-14 19:23:31,5b212647a6f4494aa84fa3554a5f59af9dc68e7a6ee4c264a1de7778c6a8caa9,896711,129194.0,1608.0,0.012446,5,2,814
2025-05-14 19:23:31,d776d961fd7040e697a606b9ad5a2160d25c76e1488bee13c91d0cb23c1dce69,896711,47849.0,532.0,0.011118,1,1,217
2025-05-14 19:23:31,3fbbda402fb397ad57f8f1158b6d12c743c7042e2f98bb5c6b9ec353d7c588a2,896711,2453554.0,646.0,0.000263,1,2,247
2025-05-14 19:23:31,0fb5bd291ebb28f38351498fb00620c3f85808d4e9198c456829f00749326996,896711,1215213.0,564.0,0.000464,1,2,225
2025-05-14 19:23:31,b9b314c4d0df50f3f913983fcba7ea5f033402a74ae97313dc6bf755385a4557,896711,389562.0,564.0,0.001448,1,2,225
2025-05-14 19:23:31,f05345e3d4242146a75b04c43568b0726d4af25bac4b7eb563931940e9658d0e,896711,750431545.0,564.0,1e-06,1,2,225
2025-05-14 19:23:31,1602f458345da5bdaaddf31036ef68b64a642c4770fdaa9137f6ba3d97b1a942,896711,191595.0,600.0,0.003132,1,2,234
2025-05-14 19:23:31,9ffa6881ac5c7dff89ca77d768a94fe74eecbc5241992b42e9e92ba09b923ee3,896711,192838.0,561.0,0.002909,1,2,194
2025-05-14 19:23:31,c409eb5cf437c6a0e019a7e72b24bacc6f1c28f86a60d93d048e8f8d86fc6221,896711,23709925.0,1720.0,7.3e-05,4,2,762
2025-05-14 19:23:31,1e4a194264f2a734082744784c727ecece84ff06234f94d10a87e74c0bf35b01,896711,1270832.0,432.0,0.00034,1,1,191
2025-05-14 19:23:31,cbc7222e87942cd5d114e175567c85d59f19cdd4e964b33b0e2d3f1fd8e161cf,896711,68459.0,436.0,0.006369,1,1,192
2025-05-14 19:23:31,4ef9d57416022fa4d92b560d764f98ecb06f57eef51b1a3083a1423a37f283b9,896711,398132.0,444.0,0.001115,1,1,194
2025-05-14 19:23:31,3f5425fcacdb008d4cfa244e51c18cc515c1066997191dd24742025da1256ffc,896711,4512.0,562.0,0.124557,1,2,194
2025-05-14 19:23:31,9d172d2e1748ab70c4bb486564a02a210c2874100992145e1d18942d7dbbf72d,896711,33606.0,712.0,0.021187,2,1,343
2025-05-14 19:23:31,678acdb79dd0a9e595594881011e64a3b2e35f076007f4b3fd028d90ea9a54e8,896711,5593630.0,1370.0,0.000245,3,2,591
2025-05-14 19:23:31,3a74e69e6a2cb42b79bc0299ef8122f8da256d54aa304ca317ec53d9f1d8899a,896711,139261.0,828.0,0.005946,2,2,372
2025-05-14 19:23:31,90fa1ccade1da4bcefeeaad4d5d1722b3e74da6ca6bd90c0c784d381cbf431ac,896711,185510.0,556.0,0.002997,1,2,223
2025-05-14 19:23:31,c3aa82818f20cd03e6d97b1d4e1e62950d1f11e1e9b9276eb8e9dc252b574697,896711,65575.0,556.0,0.008479,1,2,222
2025-05-14 19:23:31,f00707fa68d350c6adabf9f51bf1ba8af1c366e6104d9507aad52f3f3fbcba8a,896711,1930883.0,556.0,0.000288,1,2,222
2025-05-14 19:23:31,213c1efb392c059139b627c09ea95881b49c070554cf6fd6500f4394866ef079,896711,256281.0,556.0,0.002169,1,2,222
2025-05-14 19:23:31,bbe60ce442880c0fb24097a282380cf443511c3dd9a7c82e45cbcf9d4c40064c,896711,66670.0,556.0,0.00834,1,2,223
2025-05-14 19:23:31,536c36c6c3f9b7f95eae7949604c29dd0fbb2f4382b6f2507f724aee14a1bd1b,896711,269473.0,556.0,0.002063,1,2,223
2025-05-14 19:23:31,d922d67ff49354a54ab4a920af4d92079d2e12446289e7be600479eb028bc1f6,896711,133385.0,560.0,0.004198,1,2,223
2025-05-14 19:23:31,45a7f074122188f286a9bb5641b6cb3898e05e73d668d2728f67aace890f80e5,896711,4345058.0,568.0,0.000131,1,2,226
2025-05-14 19:23:31,a9d94e03fcb680b3fd1752dbb9dceb9c9db8e2c1f71fe0c94c3249cad6ffd4bf,896711,229697.0,2588.0,0.011267,9,1,1382
2025-05-14 19:23:31,febae584cd247e13f19eb81bfb4ffbf54eafa6d35ec5e7d33525360506f38d05,896711,1447.0,716.0,0.494817,2,1,344
2025-05-14 19:23:31,9dfe545ccbefe442a1364ae8e73e4d0ac4b51cd7bf34d24b6d1ee475cf6709fb,896711,13670547.0,558.0,4.1e-05,1,2,222
2025-05-14 19:23:31,c423470c0503bae39279c2e6392163f218eb0f4527926a614b4ddaf2c47afaf2,896711,657486.0,558.0,0.000849,1,2,222
2025-05-14 19:23:31,587300c4a7f9313c0bc751cee2fd72492868d91923367dac40f8a647727edfb6,896711,17907404.0,558.0,3.1e-05,1,2,223
2025-05-14 19:23:31,ab2c2975cd36e4fbc3d58dde7be07a3050acbc6d122b9ede7ab6936297a05da2,896711,1158672.0,558.0,0.000482,1,2,222
2025-05-14 19:23:31,dd70bbfc1b2becca2f90ea71017e22c0aea6554475077ddd806e2041ec3c8a7d,896711,3495571.0,558.0,0.00016,1,2,222
2025-05-14 19:23:31,c705b3aadbcf4f87c793b95f846232e196f6834c7ac5a74ae977bbe20194d77a,896711,4521662.0,558.0,0.000123,1,2,223
2025-05-14 19:23:31,e33dc1af314d88bf522078cfc1e0d2a27cf3e8ee07e451fe793550c6417cd272,896711,1163200.0,558.0,0.00048,1,2,223
2025-05-14 19:23:31,1e1d2c3fc2580f5ffd54e9e357d341ef8ecb808014fdb62f4b60c812140cc31d,896711,69442.0,558.0,0.008035,1,2,223
2025-05-14 19:23:31,1f6a03ed139b2a952c7ae3ba29ac5dd2f4e1b9e20d6204085b5ba79883dd791d,896711,13203668.0,558.0,4.2e-05,1,2,223
2025-05-14 19:23:31,6087564fe72f2e58ab057fe5e16028402c8505c58b2fee7c1ec1abe896973218,896711,5547753.0,558.0,0.000101,1,2,223
2025-05-14 19:23:31,3dd7eac39645016570e7cc8f7bee192cd2446c974f78e9eac545fbaed68d63cc,896711,6574112.0,558.0,8.5e-05,1,2,223
2025-05-14 19:23:31,d4b64ca648329e8e402015c6f701a86ddd535aac7d6d49f665e5547bdf85470f,896711,2795442.0,558.0,0.0002,1,2,222
2025-05-14 19:23:31,cb05ca85a1ea668706c03b713b1a7177f3076df2e23d8a8dd2ab179c0a3b8c00,896711,305439.0,895.0,0.00293,1,2,226
2025-05-14 19:23:31,a19e5c45d2251a08bd6cc7eb35d1f3c33ca668e6c44c3ca5ffe4d22c22dbeec0,896711,9697458.0,828.0,8.5e-05,2,2,371
2025-05-14 19:23:31,c131fe868ec4476bc34876ffd2301750edaecdfa9d97e2c8363018f1a7feb31b,896711,2785782.0,828.0,0.000297,2,2,371
2025-05-14 19:23:31,093dab1274d5fec53f677717151863f61e089fd3636801d96503d0cb0880b600,896711,7093275.0,828.0,0.000117,2,2,371
2025-05-14 19:23:31,fbc95904dde4e76f2cd02ed6206cdd5da1ac803a7427e492d78a59bcf01b33c1,896711,136076.0,436.0,0.003204,1,1,191
2025-05-14 19:23:31,83cf596092367e8e9e67f73f1b461da3ddc38131a84c560230e367b7b4307ea9,896711,186191.0,436.0,0.002342,1,1,192
2025-05-14 19:23:31,8800b15fdcc230b5e28c771a42d86b046064ef11341fe4978d270fa690acda4b,896711,43422.0,436.0,0.010041,1,1,191
2025-05-14 19:23:31,507959193bf347f8978720c452cb3542838f8c249d7e88a6206fe73a2a2b6630,896711,41000.0,436.0,0.010634,1,1,191
2025-05-14 19:23:31,9d58f0fec1d81f66b9e97a7ad007751b9a34a9ea41392d516ff07666a94ef48a,896711,1016773.0,929.0,0.000914,2,2,374
2025-05-14 19:23:31,6424ec30733978d58d509d57374c36429f86de177792085e8383229a0f68541e,896711,51768.0,754.0,0.014565,1,2,222
2025-05-14 19:23:31,880d810d04ae239ff5ae67d655da7e6e531797ba2637ee6159affc0da1a01c38,896711,93480.0,482.0,0.005156,1,2,222
2025-05-14 19:23:31,33776f4e8b1b62fcde0a29a1d2c5ebbe85608bd83d2c658be90d68ed49acef18,896711,25095.0,487.0,0.019406,1,1,192
2025-05-14 19:23:31,0830bd5617394e4dec231b94803becf9bdefb8d252b114b30c0e1b996cb60858,896711,213395.0,975.0,0.004569,1,2,222
2025-05-14 19:23:31,de2ad66dca7953c53af21db8c34628817a5f0a2fa987014b3c9c13690d99a134,896711,17610.0,1265.0,0.071834,2,2,371
2025-05-14 19:23:31,0625c5bfc4b1c5da454c24bfd81e6e18601c60a8266b96aa1b95740ef974e0e4,896711,418738.0,1218.0,0.002909,3,2,520
2025-05-14 19:23:31,80b8094a601f95a6d713556feb355775b6ed7991e52ba448458d0f5877490aa2,896711,273242.0,1218.0,0.004458,3,2,521
2025-05-14 19:23:31,cacda92e282cf7f452822da89fae0f0b4d3e7744f64d75ecf292c4899cb89f34,896711,123224.0,1218.0,0.009884,3,2,520
2025-05-14 19:23:31,66152444f5f84ba4ca2efee0053980f25644ce54ee0a104c106e95337fd2d133,896711,2686462.0,1218.0,0.000453,3,2,520
2025-05-14 19:23:31,fde25a93620e21a3b4bf8185ae5b9db47c7edde552f0381af37ccb9bb69e0902,896711,293805.0,1218.0,0.004146,3,2,520
2025-05-14 19:23:31,e1b30c1194b827b2da68e86672119458c93dec7ea782f1a8ff4190cb1cd6ce98,896711,169087.0,1060.0,0.006269,2,3,372
2025-05-14 19:23:31,99b041f836f0ba3e4a725ccb6adc228cc6e39a5a94dab248a27024cd933ee633,896711,269157.0,1179.0,0.00438,1,3,526
2025-05-14 19:23:31,8f17dd18502e42e9a6f833e831036d76ca1991e5b742f5711c54a0932086ac0b,896711,508496.0,798.0,0.001569,2,1,343
2025-05-14 19:23:31,98758a4eab662d16be6999720542007815af6e61a60f2dc87ba4da764cffee46,896711,2895559.0,1325.0,0.000458,1,6,346
2025-05-14 19:23:31,d6c6135f26e4f679e47ff8484e53a90f4459bd73acd91358ac61b4ab7eaf6590,896711,263942097.0,466.0,2e-06,1,2,222
2025-05-14 19:23:31,c4c243fa2a887a3912f8f12bda5930050b24ab8f0f8e34e3c63e336e76c485e6,896711,2049902.0,677.0,0.00033,1,2,222
2025-05-14 19:23:31,00ecfe4c925d766852e98feb432963328fa25c4e5dfb0d4f5acd36e234485532,896711,2567861.0,1421.0,0.000553,1,7,378
2025-05-14 19:23:31,b720c732e05ede47959aaf65de992a5dad05bd4ec6442439906dc4586e22e87f,896711,2661069.0,734.0,0.000276,1,2,234
2025-05-14 19:23:31,0bd92e04d239a762ff514c99ea1dd399e3501e9e04c0b552ff0e98d68378e409,896711,2670627.0,677.0,0.000253,1,2,223
2025-05-14 19:23:31,3f504e5c4d89c01121068dc8f6412a963a661d3f88afbb0a944d22929c2efb5b,896711,2927689.0,338.0,0.000115,1,2,223
2025-05-14 19:23:31,fed6a375f8b6c93efa0c7da8abd1ebbe3ae7a014aa4869ecc249bc08773a6319,896711,3074152.0,1218.0,0.000396,3,2,518
2025-05-14 19:23:31,7589beb25ec772a9ece235753c76e49e6957ef7f6d7c17a6f8fa2ac3a5ce930b,896711,2888326.0,1218.0,0.000422,3,2,519
2025-05-14 19:23:31,81a090efc25d12307395e3e67eb16156023f9b2b7ab8f4f90a15d7b62cfaa000,896711,155624.0,1218.0,0.007827,3,2,518
2025-05-14 19:23:31,0d9d26d31c1c1b319ba596c14dbab04e4a3a283bcb6b499def8fb746b10c80e4,896711,4422919.0,734.0,0.000166,1,2,234
2025-05-14 19:23:31,10abf87865a5867c140a43a65acd2afa0e26a2698213daef4ddf71b7c4ce22b5,896711,4477537.0,734.0,0.000164,1,2,235
2025-05-14 19:23:31,3b970c29cf9a167765e04aa4b9d7010041c0b48ee0eb3c06b35b5cdc2ab74e5d,896711,4502868.0,508.0,0.000113,1,2,223
2025-05-14 19:23:31,d5801b1cc8961dc1130021d22034766ae3cd645de4e8a572f19ef44b869ebe0f,896711,211771.0,598.0,0.002824,1,1,190
2025-05-14 19:23:31,78392eefb92fb44972d89e7dbe1681d1d7d1dfa1cf9211072c270581def03b28,896711,185998327.0,508.0,3e-06,1,2,222
2025-05-14 19:23:31,77df845d87af84a54135d55bc723c19e049ec83abcccf74ccf041edf76946cb4,896711,515942.0,798.0,0.001547,2,1,342
2025-05-14 19:23:31,c2824be78f312fc9fa4b05413c01161dc3730aefe932cab29c8d23d52d0ea949,896711,1856936.0,798.0,0.00043,2,1,342
2025-05-14 19:23:31,83ff38d3aed869bf9593ef12fc4734a46c5f968211d4ffbc086d18ee5bb805cd,896711,41622.0,536.0,0.012878,1,1,191
2025-05-14 19:23:31,4511f366023533b8b9d84d6c2f9f4433e443ebd29f968c9d4ce95056e5b3f95b,896711,42158.0,440.0,0.010437,1,1,191
2025-05-14 19:23:31,d7bc815c8d1bc196cb9aad9c6985f8df8b4c5260222cf38f0b30d59f2f1da74a,896711,100636734.0,630.0,6e-06,1,2,223
2025-05-14 19:23:31,cb47fa7c1a797e97b54ed64c9ba1822ccb07ab58b4af8e443fb7a98543ca92d5,896711,20028574.0,929.0,4.6e-05,2,2,371
2025-05-14 19:23:31,cf24f9243df8962d3d1255f89524b105d40195cb7337ca32c835117808eff1d1,896711,6228407.0,929.0,0.000149,2,2,371
2025-05-14 19:23:31,d7d3ce841e78552e5fb2688ddfb75a7c5827e9173dcccd7b659add24b8bcdc92,896711,13106856.0,929.0,7.1e-05,2,2,371
2025-05-14 19:23:31,4b121b2e2aca8c4913d2a4a3d4dda3c33d2293f31d30878bf751b885343f1a91,896711,431778.0,929.0,0.002152,2,2,372
2025-05-14 19:23:31,d9dfe45f3395e6c17c90f3f998f239818fb917e1f6a656c3bbe8b7cf8b395b7a,896711,776698.0,929.0,0.001196,2,2,371
2025-05-14 19:23:31,32baf4ef6f014970e44b66c22a8047af0fb5f35988b9ac92c1515a22183c3f6b,896711,137947.0,929.0,0.006734,2,2,371
2025-05-14 19:23:31,132a1361ffcd244417429b773aa22265e6ecf5d33210c10cc378e4f80accb952,896711,4259814.0,929.0,0.000218,2,2,372
2025-05-14 19:23:31,a9e684e46c95f3530b704c30a0758b560564560328b2673de9e1424d98955d4d,896711,3871128.0,929.0,0.00024,2,2,371
2025-05-14 19:23:31,07ab924aefca854be2a1c2f4be3d5e9076dc0c07fa65969553eee9cb0e1c933c,896711,305107.0,929.0,0.003045,2,2,371
2025-05-14 19:23:31,9f28789aa2d5b785e93244b3dba43494e0fd89552a393ecdf6f00a69dad3aa21,896711,34513.0,929.0,0.026917,2,2,371
2025-05-14 19:23:31,21b2d53bac0158b1d53f52cc8a4d7d20bd3afbab358670dd33b3ce5941a2f623,896711,57857108.0,2228.0,3.9e-05,1,13,582
2025-05-14 19:23:31,f3b052b7bcf24764000689a249e991263e595649df3e76a26f6b6d3f748a2300,896711,2894417.0,975.0,0.000337,1,2,219
2025-05-14 19:23:31,b89973d916910c59e239fa006a29bee54b33162fc3fe8d7123f5ae9cbfa80a3a,896711,7199810.0,1686.0,0.000234,3,3,547
2025-05-14 19:23:31,600baa0189a40563bb7f51e7cb19f892482252590d2e09ad0a086f85825b3a55,896711,5884182.0,663.0,0.000113,2,2,382
2025-05-14 19:23:31,0d618114cc8b9dde059946545c7e6e6cbb2bb958737c532ca7bf5d5820629dbb,896711,119414.0,1632.0,0.013667,3,5,578
2025-05-14 19:23:31,e3e9341a1abbcd05e21c0bd856b736aad447db907f6dc468aaeeecd9133aaef8,896711,552148.0,643.0,0.001165,1,2,226
2025-05-14 19:23:31,bc19f86c261886f7f0a47e23602c64770ae18d6671292ddaabe3d939214c03ec,896711,247316.0,643.0,0.0026,1,2,226
2025-05-14 19:23:31,3c45f20daf65ce8e61716669ad80a493c7ef1f4337737497baf41c1b2187d1e7,896711,730296.0,643.0,0.00088,1,2,226
2025-05-14 19:23:31,4d0c046105d1946a686f6a4969df21d16fda64c78cf024a32bb834fd9019e1e1,896711,1060864.0,643.0,0.000606,1,2,225
2025-05-14 19:23:31,03b4485536f66198492d14bdb884351f878c9f54a59f0127b9f389cd4580dee1,896711,3753543.0,643.0,0.000171,1,2,225
2025-05-14 19:23:31,8db3373ec41fd3adef6302752ce2ea3999493d3f26d0e55d22b0617d0dbc59e0,896711,341594.0,643.0,0.001882,1,2,226
2025-05-14 19:23:31,b32d44caf0abe4123ee7a9f90b7bca88fa808e31cd58dae71206661053cf32de,896711,267072.0,643.0,0.002408,1,2,225
2025-05-14 19:23:31,a958ca03549e29bd976ee42763a23176af1c5701f8c27509d5c9c68b2fbebdab,896711,248707.0,643.0,0.002585,1,2,225
2025-05-14 19:23:31,ee0050c37b3ba8794a2e96dcf9185d7109e3ce63e96054a336d6770b3364e198,896711,359663724.0,643.0,2e-06,1,2,226
2025-05-14 19:23:31,fd6df8aa52a14d0d3778f3836fba34450bc39a9da58fee3851865d35b47e0997,896711,444391.0,643.0,0.001447,1,2,226
2025-05-14 19:23:31,276e529cb6a0e8848ee8e2e389a98959a22f963b6b0bdefcfa5fbd0d55353d71,896711,1202194.0,643.0,0.000535,1,2,225
2025-05-14 19:23:31,8fe0d945a1ebb84e656e2af40a1df78e529ec57238f1bb321d07cacdce3aed5e,896711,61514.0,643.0,0.010453,1,2,226
2025-05-14 19:23:31,0a4d9c6b555929d7f8b8192e909d459c0391fc672a356e44c0eb6cc9106c324f,896711,335653.0,643.0,0.001916,1,2,226
2025-05-14 19:23:31,11fb52cc51c13d731aeadf7fbc561683900e3bb5b87ada9203cac913d9192149,896711,240222.0,643.0,0.002677,1,2,225
2025-05-14 19:23:31,61cddf272aa16e7d7a2cb8c5b20982be1938209ece52cac02fec95ec72a4dc37,896711,126434.0,643.0,0.005086,1,2,225
2025-05-14 19:23:31,0571c68792b132bf1651ae9410a8b919379c5b8f9516c074a0276ca581d61f24,896711,108270.0,643.0,0.005939,1,2,226
2025-05-14 19:23:31,effb4e1c19c2401c569181d00eb8bad5ce0403f20d612c3b2be912ba1ea06a21,896711,223441.0,643.0,0.002878,1,2,225
2025-05-14 19:23:31,6b961eac43b73cd530d749087edaddfa560d329187dc4b00bb7e81ab1fd28202,896711,38411.0,643.0,0.01674,1,2,225
2025-05-14 19:23:31,bb8b9a5f24a501e7caeb57a71c43a17cffd59b036cd130b0cb573abdaed993d3,896711,874935.0,929.0,0.001062,2,2,369
2025-05-14 19:23:31,601aded3468129c4fa301264bc967d607889126db927e45768f52f11ca5585b4,896711,142358.0,929.0,0.006526,2,2,370
2025-05-14 19:23:31,6c5712d8812398aa6903429ef8c97042c7c992ed8625175960f90974897ede57,896711,648371.0,929.0,0.001433,2,2,370
2025-05-14 19:23:31,9266105be9fdb1af867d0c60b0b498de5c4a0ddd2f1ed7d220e97de42facf614,896711,223131.0,929.0,0.004163,2,2,370
2025-05-14 19:23:31,281c578b117f744a18824344960e99aa29f54e77706678e0d65c48e3be13610c,896711,1947034.0,929.0,0.000477,2,2,370
2025-05-14 19:23:31,80e2aaaad5005c8cb239552ed57dca871026debdd640247cebce81b906a3880b,896711,883182.0,929.0,0.001052,2,2,370
2025-05-14 19:23:31,b8f4e5d5c897cda2b13168720d547021b42503bc72b24de5ea304408c064b7e4,896711,58939.0,596.0,0.010112,1,1,215
2025-05-14 19:23:31,732dde47f1ae153a415de2a1e7c4c322d5e45ad7a63e7d2aa9495e8213ad4ae7,896711,1193362.0,798.0,0.000669,2,1,340
2025-05-14 19:23:31,5e06776713308ef812870663af7ac061af4f571478d564aeda90b33d685475a7,896711,4209.0,1791.0,0.425517,6,1,697
2025-05-14 19:23:31,efa5ac60c24eb59b5dce9869c0689cc38ca9fc284a562b1419e1286aff0740ba,896711,4158412.0,639.0,0.000154,1,2,193
2025-05-14 19:23:31,73926a31c6ba7bc08ebc28bb82e8d169435d3eeb9a39266aa82c8e18f69ef2c7,896711,4160945.0,7938.0,0.001908,29,2,3201
2025-05-14 19:23:31,9df5a1e9d9f41a74a51c194a539c982e588c955b93fb9bf4623f8cba02ffa582,896711,1432722.0,639.0,0.000446,1,2,193
2025-05-14 19:23:31,04ef529d4f462c8f5b30e935650e96ea4d5cf18986c013c482f154f1ae0b134d,896711,494431.0,639.0,0.001292,1,2,193
2025-05-14 19:23:31,ce8a7c8891f9eb4800093e7d83245c28be5b4cdf44dcb982f94dbdaa521aa58e,896711,2040571.0,798.0,0.000391,2,1,339
2025-05-14 19:23:31,8ec35b5b1f1f65c0fb5e6c2db505eab6403630a764592564d7e10ffddbf3e95c,896711,26574.0,798.0,0.030029,2,1,339
2025-05-14 19:23:31,b6919a1e92955ba35f8940fcb2f478a137428db58fc70f2677c4182715d0c8d7,896711,193112.0,803.0,0.004158,2,1,340
2025-05-14 19:23:31,9d4ff1f3319d35e8e92f4f9d553bcc4a0a0058938b4b6a0eb1b395f6db9cfcfd,896711,1095918.0,2716.0,0.002478,4,1,1404
2025-05-14 19:23:31,13a97d9a2b5d282dd0973b419a426649b39f951cbeec133f9cd359bf210803ac,896711,1403435.0,513.0,0.000366,1,1,192
2025-05-14 19:23:31,6ec685938eb569c3d441ed73a360bcef41b990f1b8eeab7133c81cc7d45f3fe1,896711,1673792.0,929.0,0.000555,2,2,371
2025-05-14 19:23:31,fd42aa219416073e3ded670cea56d8107fe7eec71064acbe003c8b6b59bb3f83,896711,812682.0,643.0,0.000791,1,2,223
2025-05-14 19:23:31,d6902feea13fa651cb3063b23da7670ff77860864a7da6c4271fa4829d870574,896711,320057.0,643.0,0.002009,1,2,224
2025-05-14 19:23:31,975f381845bb9317c304ea0b45f40b17314db045e03e04444286e93a2b320371,896711,1074977.0,643.0,0.000598,1,2,223
2025-05-14 19:23:31,a99b2de9e634072429011d01d3ddacef351f2a9a7455fda98bf317697a4ab846,896711,29999395.0,643.0,2.1e-05,1,2,223
2025-05-14 19:23:31,a2789224d773d4cd79a479b2d1b7c726364ac22ffa5e6b62a154346441f3be34,896711,175546.0,643.0,0.003663,1,2,223
2025-05-14 19:23:31,f3901d450b69e66b9d2ff617c4be5c1c3d634ef1792c2352fc30615762e5ac0e,896711,837357.0,643.0,0.000768,1,2,223
2025-05-14 19:23:31,b5f256e275a01ff135782625e0d0b8cd94206586a0720ef68c7df4677cbabb00,896711,1596357.0,643.0,0.000403,1,2,223
2025-05-14 19:23:31,fbeea7761c0e83eaa50de35f79a72b5c6f4a706e67342a6bc6d6645b89fe9b82,896711,254289.0,1400.0,0.005506,2,5,441
2025-05-14 19:23:31,2ef69d64ebe421301ccae2c3d99c53efec9f16b52df07bf68200cb4c9e4292f1,896711,96624.0,513.0,0.005309,1,1,194
2025-05-14 19:23:31,0f6682a171dbbdac4fe715fabc292c0fade223ecee9c0bce70d88106022a5778,896711,21096.0,513.0,0.024317,1,1,194
2025-05-14 19:23:31,9ce492deaea85baf6c78fe832e59ec5c4f7d14c86729e9e13bb6180424d99570,896711,8492.0,513.0,0.06041,1,1,195
2025-05-14 19:23:31,9434318e1a44b5d027a731a266b838296872c39b6f54d71232424efade42ee40,896711,1887776.0,513.0,0.000272,1,1,195
2025-05-14 19:23:31,ea26fa09f906b071226fca5ae4d53de78981c7caa81784ab5e562e303a333434,896711,101130.0,513.0,0.005073,1,1,195
2025-05-14 19:23:31,cea9b6ce8b05667138af8225d483319be0547faaa6099d18f6afbe86121afb2e,896711,96183.0,513.0,0.005334,1,1,194
2025-05-17 17:52:33,c80eb82009fcc9184ee398d766db6475788acf1eaae72b4293c9fd42a06f4724,897134,332006.0,1738.0,0.005235,5,2,817
2025-05-17 17:52:33,a05c97600b2d9161f4ec3d2fb006f3907e65e39a912d4a10c5bab935703f9f85,897134,3378000.0,751.0,0.000222,2,1,340
2025-05-17 17:52:33,61189437ebfd9cf86a569d4d23d871e14968a771695a7d74f84bd8b590751a00,897134,144659.0,1103.0,0.007625,1,1,154
2025-05-17 17:52:33,b9d5de215ce44a8687d34f1a5033c03ebd39e01b8265583fd34b3e84a100623c,897134,145762.0,224.0,0.001537,1,1,405
2025-05-17 17:52:33,55f013fe92fdb41d704f6563ec399a6c1963d8aa579d8cb11a5e8ef0540a76b3,897134,409966.0,479.0,0.001168,1,2,234
2025-05-17 17:52:33,48ca5d4c966e472ee8367f59db7731a76b318b72e5b0d13bc99e23ae04c5f7e8,897134,439737.0,798.0,0.001815,2,1,351
2025-05-17 17:52:33,6bc6aebe3ddd3472c066b2b4d8328c471fdb7284e5b4718c53e06622901f0336,897134,5314785.0,929.0,0.000175,2,2,382
2025-05-17 17:52:33,e2e38a9957c2f13d9339c3864d523c616d1a4bcbde5011954902512388166c1b,897134,21092.0,578.0,0.027404,1,1,192
2025-05-17 17:52:33,ed8142e40681af2791961cc0e80e96e23eed06311eb5b6c1930a5f0d93e39e37,897134,65518.0,482.0,0.007357,1,2,222
2025-05-17 17:52:33,8767f54188b5fa75664cba522da479e773e67370e0e22580ae6453d097d37b18,897134,43074.0,660.0,0.015322,1,1,191
2025-05-17 17:52:33,373067a411822cc06f4cc9e6f1ed53e71d290589673da6045790cbcb8c4e1268,897134,47998411.0,4290.0,8.9e-05,1,1,191
2025-05-17 17:52:33,16c91544dc6c0e051fd065e4c1d92e9a4047f290559b7b25111fd09f22419181,897134,85913.0,4664.0,0.054287,1,1,191
2025-05-17 17:52:33,7df3fc8da096b626fdd1d6977005fe09e3eae1e44b15bf43589cc5b10e2d94b2,897134,91026200.0,21152.0,0.000232,2,179,6164
2025-05-17 17:52:33,b455f4fa81d302051da80e785f77e902cc607bc33ca9349b90aaea1ecb82a290,897134,2706.0,1500.0,0.554324,5,1,578
2025-05-17 17:52:33,8d2dbd55bbbc7e550c678814a203b3ccead97ffac1366711edf8e1b1bbb40752,897134,784.0,2072.0,2.642857,8,1,911
2025-05-17 17:52:33,1bc4ad6a1a7db79965b88daeb655656348b0f19ac11107d8ed7677ae910027b6,897134,7611130.0,695.0,9.1e-05,1,2,246
2025-05-17 17:52:33,0a479bfe0394116b6436ae5033accdeba7343c7e282fa77bb23054864aa3c5f7,897134,51708866.0,14978.0,0.00029,51,2,7643
2025-05-17 17:52:33,7c07241eb37f33fd84df2cbb178cba4ea927d864cbe3cd987d69436a9b5cf3dc,897134,187336.0,848.0,0.004527,2,2,300
2025-05-17 17:52:33,59ebc8312b21485cad021ef23cf8734d4ab923641d40a7f974ce0ad21cf2e59b,897134,41103.0,852.0,0.020728,1,2,225
2025-05-17 17:52:33,a451533a06ef2b1368853e777119013ac4cf2099f4445e3768389d6d29ca17a2,897134,61364.0,568.0,0.009256,1,2,226
2025-05-17 17:52:33,8497793d13f75c60d9d984b385afeb1cd5e898d99a3ca675d0820e20a9779fa9,897134,81202.0,854.0,0.010517,2,2,370
2025-05-17 17:52:33,ceac527e2340ba5f5d5c74bea2814c80dcd78d4a0173fff0a668cd8f52cfa158,897134,791597.0,734.0,0.000927,1,2,225
2025-05-17 17:52:33,c33c8361f00aafdf295e050e5ceeeab8995bc228cf9a338ca2f0b7243160526c,897134,797230.0,713.0,0.000894,1,2,222
2025-05-17 17:52:33,dfb1d918ddf99df22af8c04dac5fbce6b93b2791ca480e0d1c4d89d0293eeb4b,897134,836802.0,673.0,0.000804,1,2,223
2025-05-17 17:52:33,744dfa787c49e741262946cde069d1961d1f1906cf6205770703638101639268,897134,1703215.0,826.0,0.000485,2,2,374
2025-05-17 17:52:33,c9ccb6e318832b7241dbbdd632f391e1598912397ae7cbd995d81b6b27964036,897134,5749.0,360.0,0.06262,1,2,223
2025-05-17 17:52:33,ada7e374e0815d9ebc4b29097d84fc8b17546f7d41c31091bd110ee8a2d2c8b0,897134,116410.0,1660.0,0.01426,1,1,194
2025-05-17 17:52:33,d2a681a1d945ea4c8191170750671dea1606c9110ced340dd70bfa04288f81bc,897134,999997887.0,2113.0,2e-06,1,22,857
2025-05-17 17:52:33,ddc47d1d4aa537226c54060cf1d009bac25445b2d986d78ef9c07fd1a1ff1e58,897134,176765.0,2174.0,0.012299,8,1,940
2025-05-17 17:52:33,3ce3fd0bea077a182a65e5325f68e0ce7ed7952d913d73be8e3456e3b981f8dc,897134,298357.0,1591.0,0.005333,2,5,471
2025-05-17 17:52:33,08c88072fe1a0d5bf49edc781ad910878029cad4739cc994b74ca5d46d1a5d7a,897134,300748.0,453.0,0.001506,1,2,193
2025-05-17 17:52:33,8bfc210d613c4d451268588e2671ee05019639ef58dd162f917f819d8a786eeb,897134,193135.0,884.0,0.004577,2,2,370
2025-05-17 17:52:33,c0f8a09b5e3493b3d715394c91d875c1350002dc42c122e1011b36518994ca06,897134,46328.0,705.0,0.015218,1,2,223
2025-05-17 17:52:33,6854a8aa99147633efa267ec463914df844bfa468ab64a1f79081fe4bf09cc03,897134,312916.0,564.0,0.001802,1,2,223
2025-05-17 17:52:33,ad6c7cd95a438942013ed02157f2194bb0df110f410adf96f2b9d1048c29929d,897134,318332.0,705.0,0.002215,1,2,223
2025-05-17 17:52:33,9b49e89f23b24df0e3e64582285458a8496e91e6fea665bb00dbfb2762d50f5d,897134,393817.0,423.0,0.001074,1,2,222
2025-05-17 17:52:33,ac51e0256a2dea456ba03d7a35354d1ddf05a0d03c94caf4734a32d571633850,897134,10209402508.0,605.0,0.0,1,1,193
2025-05-17 17:52:33,a5a90b6729662b17eead88be44b81fae8c93b8400446ea24b41b850821ede2cc,897134,22452348983.0,2060.0,0.0,2,9,897
2025-05-17 17:52:33,7da0c4fa73c4c233b47863128c18fff072ba11b241a823926a248d026e5daaf2,897134,173600.0,600.0,0.003456,1,2,222
2025-05-17 17:52:33,03dbed6c65095afffba3309646f246e227ff38027c44020c88534cf4aa83bae1,897134,399987400.0,600.0,2e-06,1,2,222
2025-05-17 17:52:33,f5756de09ab4663f9aa3c8b35c0308d49973b939809178974a7b4d15bb4940ab,897134,21397400.0,600.0,2.8e-05,1,2,222
2025-05-17 17:52:33,fdee276e68366f1f18f8abd30bff0085b1843486e49eb8550b50326a05f60c9f,897134,423042.0,958.0,0.002265,1,2,225
2025-05-17 17:52:33,601a628a9a1fc04d0d9354250bd2942c1d24a67c8b71d5580b57455882a34863,897134,4498967.0,4426.0,0.000984,14,1,2122
2025-05-17 17:52:33,80a977d88c7ff40767e4fc193251d2b0d1ecd801f300053b174d01b166e9f33b,897134,312305.0,385.0,0.001233,1,1,192
2025-05-17 17:52:33,40effc17ef5eb8f32ec48586118f90a4fda17b936cfaff71cfc01c93ab486209,897134,319485.0,482.0,0.001509,1,2,222
2025-05-17 17:52:33,991c6b33ff2d9345b48aeafa2c4522cc780fc19e4c8b473c0a1f5658ee3ee484,897134,17390.0,567.0,0.032605,1,1,215
2025-05-17 17:52:33,8fb09ae7b2d630488f1c3b359b92fbc62f7166ac3bebaea5b62e991728af164c,897134,3110199.0,482.0,0.000155,1,1,195
2025-05-17 17:52:33,ae6d3e7e20576907b80dea8a02673ad710e81896c6520651e1cd240322c71a0d,897134,213718.0,482.0,0.002255,1,1,194
2025-05-17 17:52:33,01fea762a8a5c8829912b703a98942dfa8ae06f50c6f98db40302e36c0410054,897134,319702.0,1476.0,0.004617,3,1,487
2025-05-17 17:52:33,3a1de26efb2ed8eaec0de74915a614b3147dcc98885dfeaa43835f62bb47624a,897134,12052393.0,593.0,4.9e-05,1,5,321
2025-05-17 17:52:33,8c9fa9086f09a694b150b66d875c847cbc6d95bbee189ad3187e92b6f94bf990,897134,203686.0,736.0,0.003613,1,1,151
2025-05-17 17:52:33,eddbadf85907ac5bc7cc8feac59a281dacc70305902c4ee251e264124eff318b,897134,969362.0,813.0,0.000839,1,2,194
2025-05-17 17:52:33,1c017c353175eca1bb0767695166ef3fe0e328f0fcaeb87e9cd0dd78d6f74af5,897134,970175.0,224.0,0.000231,1,1,405
2025-05-17 17:52:33,5d76db481c132151fe8d9ce41af3d62cd4a4e70a31dc9d9515ab590b046cb9ac,897134,63943.0,2153.0,0.033671,1,1,191
2025-05-17 17:52:33,2052b6b3e0a6f29cde1b51c3d13f1a7b15cba03bbe18f61aff18f364820c5416,897134,549284435.0,2955.0,5e-06,1,32,1167
2025-05-17 17:52:33,4f931c1fae7038b78a83b733803ef6abcd58ae9ee2d783bcbbf23ce8f274ccd9,897134,4962192.0,654.0,0.000132,1,2,234
2025-05-17 17:52:33,ef05e5d65b401f56beddd7fb681adf4e90704be7920b29c89302eb64584dda1e,897134,29229564.0,654.0,2.2e-05,1,2,235
2025-05-17 17:52:33,7ec6ab58f8b65aa65d3c6ea48e8726e12272f59552d358d792a55ebb606d5f86,897134,25798218.0,1176.0,4.6e-05,1,4,287
2025-05-17 17:52:33,84ef2705502f10ec1e5e0a16c20cc16e977133c173a3d3abee50b2a332b24e0d,897134,26005721.0,27015.0,0.001039,93,2,13879
2025-05-17 17:52:33,a5721912c9fed476725bd7283b824a4a7ed3b003004c29ebfda295399cb5b986,897134,3788203.0,3222.0,0.000851,10,2,1563
2025-05-17 17:52:33,42dc902a74c1bdc6a7a4cdc91abf6134af886e6a17fa43eb5b7731fa05749bd0,897134,27173.0,822.0,0.030251,1,1,192
2025-05-17 17:52:33,ac0b0806303edfa3e98acfd8c287d90bb44e626c32d04a79eac214f323dfd924,897134,820533.0,822.0,0.001002,1,1,192
2025-05-17 17:52:33,47f71274fed8b792e5e07828ef174e55a866949ab1a98f1ca4fb06ee88440b34,897134,537889.0,882.0,0.00164,1,3,288
2025-05-17 17:52:33,77b6a31fc181bc136b456cb5d5ddcc688962d8bbe43cff95e835e78f30222ef5,897134,327807.0,955.0,0.002913,1,2,223
2025-05-17 17:52:33,30339a8245b7e8d11f29c6a0c5b732a323672d4431e373ff1e086ff71914826b,897134,153074.0,2090.0,0.013654,3,1,488
2025-05-17 17:52:33,ea1428710dd992ac3d4fdddbbb8d2e8f4ab629009373e44dcbe1e04068dd85e0,897134,1801161.0,1140.0,0.000633,2,3,397
2025-05-17 17:52:33,3126f42a2f8a24a58867ed2a88020657c32f23c8ed65688be6032abdc1459fab,897134,43330.0,705.0,0.01627,1,2,222
2025-05-17 17:52:33,83a2fd0da4501da5578779e6ae828a06527f0aae1cc48ecb33fe0e44e0edd5b0,897134,54703.0,836.0,0.015283,2,2,371
2025-05-17 17:52:33,505d974a10bbeec9f2e58a216e362e843bf1bf8930a2dccd4fb38ecd4a67da4e,897134,86436.0,564.0,0.006525,1,2,222
2025-05-17 17:52:33,6eae6ff63012658df5cdd9282b7c44abb6c81f811acbdf8948fdaec5c21f4e5b,897134,6971280.0,10600.0,0.001521,27,1,4649
2025-05-17 17:52:33,99622f18b2c0a82b0f73c1a605e0fb1d3ee8b2c8179428193d29de3aeddbd1ff,897134,137521.0,708.0,0.005148,1,2,247
2025-05-17 17:52:33,7ae351847eccf3bb2baf0ac19f2e012e1f2c26de30a988bf63a93e82c31de3dc,897134,143140.0,708.0,0.004946,1,2,247
2025-05-17 17:52:33,f6bec51ce22a8ef43d029490ca8b957d475d66281a1317e75c86be0dc501dab2,897134,152528.0,708.0,0.004642,1,2,246
2025-05-17 17:52:33,95d2b5a8fc25e74c9188505dc8b3363baade2c97d62be2c303f01907f3e2a99e,897134,129266.0,708.0,0.005477,1,2,247
2025-05-17 17:52:33,168a7229f874f116916f3771dc2b1eeddc7b63af5e45d415818fccef0bae0498,897134,1753883.0,708.0,0.000404,1,2,247
2025-05-17 17:52:33,51a4b8666ac98df7f9958e95390c37796ee55ca14e7fd3281dcfdfacf56a725b,897134,95075.0,708.0,0.007447,1,2,247
2025-05-17 17:52:33,17474953ffd1ed9d2daf5fdfbfac7acb54e441bf13ce83752ce852e5bf86ed7e,897134,187879.0,657.0,0.003497,1,2,234
2025-05-17 17:52:33,4a282f9276827080955ea9b0d37a748678fd609d7abb1d0e0f7e2bc5350ae1bb,897134,295674.0,958.0,0.00324,1,2,223
2025-05-17 17:52:33,927b139a1dfc6f4d5a4de2980883ebd59d77c54a31182c38b610f21bce4aa877,897134,81091.0,958.0,0.011814,1,2,223
2025-05-17 17:52:33,76c3c2d90ebf8f8fde25806a16621067d8a2ccfff6cfb7a3b9adb0a6bd5f721c,897134,204183.0,1569.0,0.007684,3,3,561
2025-05-17 17:52:33,844615f895bb0ae15e764223d81998ac38e21ae5e04cf02358f0fab1de2879a0,897134,1656612.0,459.0,0.000277,1,2,234
2025-05-17 17:52:33,1c187ae833f02b3dd66eb1b424a13fd0c9eaa5b62eb602cdc8661722e4673f97,897134,83364.0,1651.0,0.019805,5,1,788
2025-05-17 17:52:33,6665f39ca1ea1dfac77fd7bf2a916b571da339b298bbe4f34e17273a58dbe3e6,897134,23761221.0,652.0,2.7e-05,1,2,222
2025-05-17 17:52:33,7cfed25f191a4852c8be7523aa425c0f09496a76f4d38e076f3358a30e67e622,897134,519777.0,694.0,0.001335,1,1,194
2025-05-17 17:52:33,ccdfd8204932ccbbbd131b9e7f4e16a3ae6f155c733d20e2e8602862f38eb425,897134,520471.0,385.0,0.00074,1,1,191
2025-05-17 17:52:33,86e86264ad3dbc6fa425af76d5ee67a63ad3c7226033c29a311aed66625244c7,897134,24282729.0,489.0,2e-05,1,2,223
2025-05-17 17:52:33,01f9a357df2a0c941ff040cef825d2fb16f1d5b05fd0edd47da4cf7f7125e3cf,897134,214053.0,474.0,0.002214,1,1,192
2025-05-17 17:52:33,683729891d81edd98b1c27c2e4bf752ab73a72ad8fc34de38401e476e4b9f313,897134,579526.0,474.0,0.000818,1,1,192
2025-05-17 17:52:33,386dc31d83e70550b4411fe9991978bc82242db5e1ba79dd4dd79ab890b49c14,897134,173793.0,612.0,0.003521,1,2,193
2025-05-17 17:52:33,78c2cf2c28dc3d5d7cb75a2117bff306cd005e6423491a8a5ba04293b2307474,897134,3983571.0,1344.0,0.000337,1,2,223
2025-05-17 17:52:33,ac7594a4c0d596ea6ab435f1f1175a5d847181604dd2b82102ac5e31903c4d5e,897134,3994615.0,1344.0,0.000336,1,2,223
2025-05-17 17:52:33,acc7034c67ffd6eb917b51fce2fd4b52c8ae0b2bdb82b58bf1d4c571a67059d4,897134,4005659.0,1120.0,0.00028,1,2,223
2025-05-17 17:52:33,5bf09cca6ffa2f06066b8ae97423d46788c357e09ae05248537a74a04d23583f,897134,4016479.0,1120.0,0.000279,1,2,222
2025-05-17 17:52:33,87bbefdd1f407047ac68caa2ed16179feac72ebf7ef81bc73db1ee54f14d32fb,897134,4027299.0,1120.0,0.000278,1,2,223
2025-05-17 17:52:33,01ec39105ac9d3147b9a78fbef3fd869bccc7b3cc86621e6b62677eeeb6adfd1,897134,4038119.0,896.0,0.000222,1,2,223
2025-05-17 17:52:33,625cb62e752d637f95cc4f766e2a40058e9bbe1c4a16b9ec7dea739de879a6eb,897134,4048715.0,896.0,0.000221,1,2,222
2025-05-17 17:52:33,520e951054197f755d2e941615d7ac9176f236609f9c5836dd75baecd7823f2d,897134,4059311.0,896.0,0.000221,1,2,223
2025-05-17 17:52:33,f4b6fa834cea4f73b46018a53fc7ccff9d1346944b3d1a153a523a2855cde068,897134,4069907.0,896.0,0.00022,1,2,223
2025-05-17 17:52:33,e3cfcb6215ebfad3766b387835f22211d3d889752ddc3818174777e54645978b,897134,4080503.0,908.0,0.000223,1,2,226
2025-05-17 17:52:33,3497ac2b1b5b573f5714be334e51a065b83f271a89a9241c7846c5e30331f01d,897134,4091111.0,896.0,0.000219,1,2,222
2025-05-11 22:58:45,8a9778016d1f7bb056278d31ed0a0f20788ee5d70c968c3b7569cc4e2bd4d5ca,896321,30913939.0,518.0,1.7e-05,1,2,226
2025-05-11 22:58:45,2a9c4e39206f441ec20c040f76d4176c998b5f577675bc76045dcd219c170de5,896321,31104577.0,413.0,1.3e-05,1,3,254
2025-05-11 22:58:45,719d2cad2b95e6777443dde1db9c28cceab8c2b0dd3dcad63e1cdc6f5c459551,896321,31210982.0,173.0,6e-06,1,2,225
2025-05-11 22:58:45,3765cbae564d7a2cdf712151d5ed738441e8f4fc6725d28ed8cd824bec869d46,896321,31446666.0,169.0,5e-06,1,2,223
2025-05-11 22:58:45,a060eeb04591e7de470027df8c75173a62bf0aabe3f8fccb94f216e0ea8200d0,896321,1650153382.0,341.0,0.0,1,2,224
2025-05-11 22:58:45,776567a1ca7c505aa2df4c71f692f41a9f991484f2dc7168d2af3e4fe1e6e7dc,896321,72190190.0,502.0,7e-06,1,4,291
2025-05-11 22:58:45,2c80d98cc7d278e7af2c62b528fcd527dd36f966448dd85686a7cc8f8bc88a63,896321,763546.0,454.0,0.000595,1,1,189
2025-05-11 22:58:45,c5380afa96e870be014f2344dc0ba33901748fe5f8716a0e5aca9952a43bb817,896321,48298.0,546.0,0.011305,1,1,194
2025-05-11 22:58:45,0c639075654b125ad82fc3e8a4c17cb67f29455033bbe43864f8cb8edcf062f7,896321,75194.0,546.0,0.007261,1,1,191
2025-05-11 22:58:45,69bb2bd4956eac3e85aa56bb3a419279029511832f7cbe4101bbe3f665a83873,896321,12490010.0,281.0,2.2e-05,1,5,315
2025-05-11 22:58:45,b29522b75124dddc5de645b332b5ce26007f1e979a8f9f58aff24ec77f4239c2,896321,13312160.0,368.0,2.8e-05,1,2,234
2025-05-11 22:58:45,89ace1b81668bbc6ddc2cc0b33d4d723ce357130186244721d94a5944b0cdebc,896321,13333938.0,340.0,2.5e-05,1,2,222
2025-05-11 22:58:45,7da4bb2b81058b29a49e5f5b3ac66f1f63cb02088aa6e26e7820dd9d74e86d0b,896321,13633188.0,342.0,2.5e-05,1,2,223
2025-05-11 22:58:45,a4534ec853696ba313a30e41b22136bfc2d22e31c96dcf88dc96828598f25f51,896321,19842620.0,347.0,1.7e-05,1,2,224
2025-05-11 22:58:45,9448ad68a6f998554ec35fceea0068fd2fb3052c27ce854cb29aaf82315e17fb,896321,22575397.0,509.0,2.3e-05,2,2,374
2025-05-11 22:58:45,cd63c3def521336faae142952f676ea50c3850860f5e29d4dd11582cf6c44e22,896321,237733976.0,478.0,2e-06,1,2,415
2025-05-11 22:58:45,d2a1819b104dce71136416bd607972f7b10576052a0bc6af5125aabc61c766d1,896321,35213.0,520.0,0.014767,3,1,365
2025-05-11 22:58:45,19cefdfa1b826d2f8748159d632e62c77ff18204ad9973d955a9471151fe6258,896321,351644.0,271.0,0.000771,1,1,193
2025-05-11 22:58:45,63dedf9a0af5ef61025725385b97d598ad5ddfa963fb388230ffa638482d29ef,896321,4820.0,1185.0,0.245851,3,1,485
2025-05-11 22:58:45,18173a335f6f85f3ea751cb53341a0a0395d87b201083dbd69b839258d6e6467,896321,37559.0,677.0,0.018025,2,2,607
2025-05-11 22:58:45,22128b4b00985a57dedf466da8e5bf0b9b40a8b811d4cc93f569b4c66726bc65,896321,1923.0,464.0,0.24129,1,1,189
2025-05-11 22:58:45,8cb8b372c8ad50c1c3af1733899e4668e547c4e6f15ebe8fc89548fb30b46034,896321,143257705.0,508.0,4e-06,1,2,223
2025-05-11 22:58:45,d0d40a9c882eeffc8bca2a8cd82c2b8a12fbbed711564dbc29441a6da12671d1,896321,143275799.0,508.0,4e-06,1,2,222
2025-05-11 22:58:45,905575bc485bffee3d0ebb919f84144f60cde9c980884b9ab700680388763a2f,896321,143368637.0,508.0,4e-06,1,2,222
2025-05-11 22:58:45,b57ade919a74cb6877db677eb5d978c51a13e4bbb4346ea5505e65baec2be479,896321,143425197.0,508.0,4e-06,1,2,223
2025-05-11 22:58:45,05ac491cfb200d04f87159713edd7bb1ff3a8579c703d3a9813e14367a2aead5,896321,143454040.0,508.0,4e-06,1,2,222
2025-05-11 22:58:45,92bbf45ff04fe701cb27a8bf2ddb51f5431e0e155bea78618b04e9351895b3f0,896321,143473706.0,508.0,4e-06,1,2,223
2025-05-11 22:58:45,6d02762585a6c9977aac162428166d3dd1edc4ca047ab22da29f6420eabfc08a,896321,143567951.0,752.0,5e-06,2,2,370
2025-05-11 22:58:45,21ea42d59bd7f8b9730b3ebc4a97f905be8abeee6a9e06e82f1c4f629547330c,896321,236927.0,886.0,0.00374,1,5,328
2025-05-11 22:58:45,a9fead48ca5d7bc9ecce004ffd6e23ab860292c7834363783f230e83e29dfcad,896321,333674.0,508.0,0.001522,1,2,222
2025-05-11 22:58:45,9030fee55e1159c72251e3019afd9e410d9f75ab30927ea20253ef3313bfdd1e,896321,477998.0,338.0,0.000707,1,2,223
2025-05-11 22:58:45,63c637e4b139a33dbae648ecd0a5427e73daae211f779f6cd735ae77fdcf8eb9,896321,554053.0,509.0,0.000919,2,2,374
2025-05-11 22:58:45,c28b524bd6927dbb661a51987f887999b9250071348cc126409740ecbebfad23,896321,40688.0,169.0,0.004154,1,2,222
2025-05-11 22:58:45,184753dca5442e8ff40b48860cfacd81300fbd58421174f1d4f6871ca06daa08,896321,300546.0,371.0,0.001234,3,3,551
2025-05-11 22:58:45,bbe59b45101fafcb435642433d5719c3652d0db7287d38c97d5f76ddb8aeb7f6,896321,111503.0,169.0,0.001516,1,2,223
2025-05-11 22:58:45,276512e568380b129acbf45ada4dbf1cee79e2b4fed4bef36e2699bf4829a4bf,896321,131709.0,332.0,0.002521,3,2,518
2025-05-11 22:58:45,9de27ac68507489e4a17412ad829a7e9964c93bf2abaf49b9c559157ad51c0b5,896321,563628.0,169.0,0.0003,1,2,223
2025-05-11 22:58:45,31714fa10eb12cc14c6db4016c263d731af28745492f8ea960eff0fd85272d74,896321,143495491.0,169.0,1e-06,1,2,223
2025-05-11 22:58:45,a3cf61b4a16cce6fa2cda93fc7e7ebbdbf2fdf2256294639f8cbf541f60a2a11,896321,189138.0,169.0,0.000894,1,2,222
2025-05-11 22:58:45,df3e3a9af9fcc149dc1e6693fb3772399442bf1358c201ae5d53b7501833387c,896321,96194.0,436.0,0.004533,2,1,339
2025-05-11 22:58:45,69930d6cfdce7d217a2695f3d8778273b04bb92a3ae4c6b4f943a43b4668ca73,896321,575437.0,434.0,0.000754,1,3,257
2025-05-11 22:58:45,ec757023158666d9fb46c40c584b81695b46f6948877c8f3fdcd505c63410616,896321,8535943690.0,352.0,0.0,1,2,193
2025-05-11 22:58:45,5ab5d8c7feffd098c4837232c56509a72b0ec5aebaaa2b8c703e457689be6da6,896321,8535953281.0,352.0,0.0,1,2,193
2025-05-11 22:58:45,1b817cb5336fca70eeb8c23ec5b06508d20d5b418524a38b27f3b639c8662e62,896321,8536094137.0,352.0,0.0,1,2,193
2025-05-11 22:58:45,8e609d8cc7d32ed48460dba330a244717d9eeca1a5e3ed80fef24eaec8b8a3f9,896321,8542766235.0,352.0,0.0,1,2,193
2025-05-11 22:58:45,a6f54d764d8ecbe752b361e095134bb3760b8d6e4820af7d50184752b158e907,896321,200879583.0,627.0,3e-06,2,2,371
2025-05-11 22:58:45,c993be4a4c47a12fc9eff0dc9a35d260e5dfefe803e14928991c87262afec31a,896321,211026272.0,3756.0,1.8e-05,10,2,1548
2025-05-11 22:58:45,4b3ea3440a2d7dde29dce20a7a061d4daac603b80fcef073b42ab9d7523b14aa,896321,1838981.0,508.0,0.000276,1,2,223
2025-05-11 22:58:45,bc77e6b3ae13630a90f56112c08ae68cadcac7d1e6ac22d787bff5157313fb5f,896321,2056228.0,551.0,0.000268,1,2,235
2025-05-11 22:58:45,b70252f91b15861d65d3d4d8c133268ef122a5975c61d4439f6290578c56ac83,896321,2065689.0,551.0,0.000267,1,2,235
2025-05-11 22:58:45,0bb87d05761200558042e1fa5daf37bb8053611cb45eadfce60f8d43d34ffb0e,896321,2084425.0,508.0,0.000244,1,2,222
2025-05-11 22:58:45,162202000a50449126c4d9b0064389b9719b65083261b48346b3675c6e822eed,896321,2171510.0,508.0,0.000234,1,2,223
2025-05-11 22:58:45,52a1b0a94a6aa6f33db88d3af51a61c060ec69b84e6d579f3fbc65f4cacd506e,896321,2205004.0,508.0,0.00023,1,2,222
2025-05-11 22:58:45,8c89e8edc14eed05d4dae42bc5b11cec451dd82f0f2f679d4597e8254fed1009,896321,2215150.0,367.0,0.000166,1,2,235
2025-05-11 22:58:45,cefb3634f8935f688622b2c80bf81f660ace7b08462caf37ce9d4b9643cd0b85,896321,2224422.0,169.0,7.6e-05,1,2,223
2025-05-11 22:58:45,4a24412575a5604922ce1586db3643081c5f3881413f0b662234a407de71784f,896321,2256216.0,169.0,7.5e-05,1,2,222
2025-05-11 22:58:45,6f15cd904a49297e00cc16ebffdbae042753e3a82152471ae22621825417e70c,896321,2275638.0,184.0,8.1e-05,1,2,235
2025-05-11 22:58:45,c4c8d9a062aa87903c9ed0cc3606d493b0c6d1fd7c42e35efbd00723b7406d96,896321,2368220.0,169.0,7.1e-05,1,2,223
2025-05-11 22:58:45,f72f372c01f8eea3251b1f140d19bfc4c85a2de8ea4dc21458b6feb455c6743d,896321,2418405.0,184.0,7.6e-05,1,2,235
2025-05-11 22:58:45,e0d0e4273db6bb5fee9974305dc5ba311a8492de46c4e3463ced9756e9c8b195,896321,17165691.0,15409.0,0.000898,89,1,13307
2025-05-11 22:58:45,400a82baced7793ad888e50d32540dfbf469e73762ca7c39420a48989fab9d21,896321,17246084.0,6090.0,0.000353,35,1,5246
2025-05-11 22:58:45,64739f4c5712533dcf4388be42ea559e29b991d0230f604966f86ebb6b51e5ee,896321,91536.0,443.0,0.00484,2,1,339
2025-05-11 22:58:45,a2156166f47247b21a4e40ebc96409823dcc0bbd2f41b507e966b9bcfcc4bd02,896321,52662.0,462.0,0.008773,1,2,349
2025-05-11 22:58:45,262a0829f2b0ac03d0994f85688930aaac9c7b659bd72705594d46c9411160eb,896321,130553.0,574.0,0.004397,1,1,151
2025-05-11 22:58:45,481b75baba7ae687e2966f269caa9782ab632fc83d954e5c81be274d3c2f3847,896321,131127.0,224.0,0.001708,1,1,405
2025-05-11 22:58:45,f682d432952fba6de427af9cbe16792bbdfabcdf78edd7b0cbac33495686a4ab,896321,536050.0,271.0,0.000506,1,2,234
2025-05-11 22:58:45,5f779aa403f9a36bf17c02f24f60778ee816a61b91732140c8298fd91a7fca5e,896321,26524.0,476.0,0.017946,1,1,189
2025-05-11 22:58:45,e5f208f39e5efe0a93759eb4de0cf34fa79b62c7e2e34cb0137f9fdad6854345,896321,531000.0,280.0,0.000527,1,1,192
2025-05-11 22:58:45,9ecf6af282e30ed8c97a890e2095296f09fe38a2d7b6ec0aa40f94a62ec0cd4a,896321,87681.0,336.0,0.003832,1,1,192
2025-05-11 22:58:45,810a1fecf1a2a8c83d77b66816258ba81e6b2f9c0e6b3ac0533f5bb11e8f6a05,896321,57215082.0,842.0,1.5e-05,1,8,432
2025-05-11 22:58:45,b688d6aff8e357d2cf3d7371241adcc579ca61d946e3ebabf662523e76435537,896321,111375.0,487.0,0.004373,2,1,351
2025-05-11 22:58:45,35dd8fda5539258467e8985637842650730e09e1cf781e9e890c12c1035ebd72,896321,5986.0,366.0,0.061143,1,2,222
2025-05-11 22:58:45,a28fec44c13366483cbd23cae24a025c2f87b474d2e201f91a05138741471456,896321,42454.0,546.0,0.012861,1,1,192
2025-05-11 22:58:45,3404a0377a2d0c83950a555451012912649821cab228b83047162517e161bde9,896321,105678215.0,3192.0,3e-05,1,39,1411
2025-05-11 22:58:45,c655885cb839eae70e3d694e80955ed31cb4b561dfdd4abbac4ec28ff2371cd1,896321,54049.0,435.0,0.008048,1,2,248
2025-05-11 22:58:45,b9d94695ae21a1acbf37cfb37a12055d21c2ae196f2ee00d4a4aa1020be49eba,896321,1922659.0,389.0,0.000202,1,2,228
2025-05-11 22:58:45,4ef12f326e189cf183e497f15e4adcaa2fdbbab241f9431a11455aa25c7e90aa,896321,122000.0,1372.0,0.011246,7,1,1083
2025-05-11 22:58:45,508cfe401fb98eab1655b5baab41c64c9564be0f7dce37d1dabf294dcaedf587,896321,9944632.0,508.0,5.1e-05,1,2,222
2025-05-11 22:58:45,1265a0a1b9ea3791b69a6d002af86797046df64e3ac9248e68b5afcbc2929393,896321,9972634.0,508.0,5.1e-05,1,2,223
2025-05-11 22:58:45,230a333be634579341e8c8e38d869ff8f3833aded09d68ae62425bb446e7f23c,896321,9978683.0,367.0,3.7e-05,1,2,234
2025-05-11 22:58:45,cebb888f9fdef90101655fd86006a39f86873d9eb53b7d0874e2628d4d14c6a2,896321,9989841.0,184.0,1.8e-05,1,2,235
2025-05-11 22:58:45,7f1c1064d15b03804aacce292855ef37755f65c9278bf2d1b03075ac423c1a80,896321,49981.0,299.0,0.005982,1,1,192
2025-05-11 22:58:45,59f8d0c3c7046aa3a2e88ede5aefe8f84ca03604264ec01c36f3187614a5220a,896321,1700.0,300.0,0.176471,1,1,191
2025-05-11 22:58:45,194016f021cde66b4b473b755a2331ec8444b53088c48a6e8195a1fe51cad061,896321,10199891.0,724.0,7.1e-05,1,6,346
2025-05-11 22:58:45,2762df98fc169155ac6f7d8eeedec2a6b5d5b443ae88891a9dd7d431c077c2bd,896321,17065812.0,452.0,2.6e-05,1,2,226
2025-05-11 22:58:45,fc82bc74838700aaf19556f681b33d4bd49e9b19fd4981241f12d0712c21cd0e,896321,17066264.0,257.0,1.5e-05,1,1,191
2025-05-11 22:58:45,135c86c3a4a820d6fb67193b7e6c0f57c3423e4d66129a0f29190bfb86b9d176,896321,14487510.0,508.0,3.5e-05,1,2,223
2025-05-11 22:58:45,6e319630b66f183173a415497cf28e7c627bd23d9d287a1452d5072ac8c8094b,896321,14550186.0,508.0,3.5e-05,1,2,222
2025-05-11 22:58:45,89fbd2231418a32a21ffbecd8d54cab13ebe2f3232a1b0eacb26121bbe1527dd,896321,14615367.0,169.0,1.2e-05,1,2,223
2025-05-11 22:58:45,07693c7e78dffb8d00672eb8980b5c3b16a61f7204d370605410ce92d9439d48,896321,513126803.0,508.0,1e-06,1,2,222
2025-05-11 22:58:45,d796a3d022a44c48935f852af01c999872d10cdca621f1150b27413ad9fc4350,896321,513143763.0,508.0,1e-06,1,2,222
2025-05-11 22:58:45,68421be56fd08721b0300509fe58ed78064f0d2e5ad6c955ce66f92681618577,896321,513157902.0,169.0,0.0,1,2,223
2025-05-11 22:58:45,eeeb23e58bf6dfd24f6db22696f418ed3db8fcb2b176ad1d9a982db47e14ec21,896321,71400.0,310.0,0.004342,1,1,191
2025-05-11 22:58:45,43bd2226a73fa85d64e5bb37fc9382cdbdb3a8ec56debd79834aa05c4f23577f,896321,270878724.0,546.0,2e-06,1,2,380
2025-05-11 22:58:45,b3f0277d63056d7ebf1562bb12b8a243cb99f74fc6527e6c99fa17756163585e,896321,68172427.0,760.0,1.1e-05,1,4,345
2025-05-11 22:58:45,924786fa9f01b2bb4999345bd29c7183650e33a046fb6d9ce6a637fd3a284efb,896321,4662434.0,542.0,0.000116,1,1,188
2025-05-11 22:58:45,7c7b9ac0f1853f476815ef3b889029dcc7d3bff9540bfc7c0a28cb9b2465fc2a,896321,46723.0,959.0,0.020525,5,1,584
2025-05-11 22:58:45,6f3977a0e4fb1ee2d4900dbfdff63e14d9c8a8e6c03f7b3977eca66108bc3953,896321,14100.0,330.0,0.023404,1,1,195
2025-05-11 22:58:45,cb5660bef81738dab3ed53ee6cea2e45e825d4198ee71892fb766cfd375e5db2,896321,3118518.0,8694.0,0.002788,42,1,6283
2025-05-11 22:58:45,1ab3cf1c6dcf9ab726a1d241964b82d55c4d43360f537f329fa7789a3d41cfc8,896321,18106.0,670.0,0.037004,1,1,151
2025-05-12 21:13:18,f24053f1822c64ea7e3e848299f7adc3e8911eb137a4fb00324ed1ae2b9adc5a,896458,1697913.0,5358.0,0.003156,1,2,222
2025-05-12 21:13:18,6a4969d8831c7638f52f9303107812d5b71f1a30f5d9e8a564516feb173fb159,896458,4470590.0,5396.0,0.001207,1,2,223
2025-05-12 21:13:18,4dd391370e5bae91d27c2e6871d9ee97f22a0100e370f071a586b2da35c74a59,896458,1655707.0,4180.0,0.002525,1,1,192
2025-05-12 21:13:18,1e69a726d2a2a1da0b2c4ddff05d892ac456d3103e91b7f2e9b569c000df6d57,896458,91564.0,4294.0,0.046896,1,1,195
2025-05-12 21:13:18,e7ade16fa4fef7894509dcfd5c0bddb16e60695b721f3c063ab1001b471d5c57,896458,3399379.0,6650.0,0.001956,1,3,256
2025-05-12 21:13:18,9dfb6e0158b45cb3609de40982fb9952f3dc763a94b7092a894854180f6f0d57,896458,67677.0,5358.0,0.07917,1,2,222
2025-05-12 21:13:18,34cf41ce8e4ba6a56f64d9d1eedb8831b7f88abd9da30b806a4f5a7db10dfe56,896458,815578.0,7942.0,0.009738,2,2,371
2025-05-12 21:13:18,ec35b71cb8cdea263fd3621aef79cfcbf0daa9d01b8266abf18377eb4a3bdb56,896458,905230.0,5358.0,0.005919,1,2,223
2025-05-12 21:13:18,01c127d6232fed70005c3417d1eb09595fe247ba7ba1a739c0e07adc8e7d9556,896458,294177.0,4294.0,0.014597,1,1,194
2025-05-12 21:13:18,5aea886f0a011e21ce4d77738fc68a63049d1b8ea8941c350e869c1433547055,896458,28820.0,4180.0,0.145038,1,1,191
2025-05-12 21:13:18,65a7fa631462bbb0a82862043d0a2f75717a6653407a59f34854084d4ef3e954,896458,79570470.0,5814.0,7.3e-05,1,2,234
2025-05-12 21:13:18,4453342163c1c8d06a7ee3669def45623103eca415adf0b917f04af101316454,896458,2216424.0,5472.0,0.002469,1,2,225
2025-05-12 21:13:18,1ed7c3ae065820619140c605c79b88f3c3679d4615b140fe359f47e4f9194554,896458,3875899.0,5472.0,0.001412,1,2,226
2025-05-12 21:13:18,1091be25633d9f18733855b97f7526c2ba3ec3dd76ca77034d3e1b88511ab153,896458,143795.0,5358.0,0.037261,1,2,222
2025-05-12 21:13:18,725120c9059580997dd18a3a408bed690960f422d253a1fb7f8da8c4d9fc0653,896458,262255.0,5472.0,0.020865,1,2,225
2025-05-12 21:13:18,1f7321c17e178424b0d5a25da6b393f2eef44b4a95278da8bc6e7be6174a6852,896458,725454.0,5472.0,0.007543,1,2,225
2025-05-12 21:13:18,dedc7ee0b620456a1e57f67a37acc36a8681657385039f7e6e7f013b4a130252,896458,1314147.0,5358.0,0.004077,1,2,223
2025-05-12 21:13:18,160c385ad3bbdd25d5725cdd8cf38432e0739d456018f9d1f9fb392ca28e4851,896458,2108406.0,4294.0,0.002037,1,1,194
2025-05-12 21:13:18,1ef9aca5dc5069c2c892f673865138ae6f72c1f2b6a4a2ef3302d13c35491051,896458,2191369.0,17100.0,0.007803,6,1,937
2025-05-12 21:13:18,7aa8819385ddef9bca59a0378ce55c3133f461603da33cb4d692633fd66d8550,896458,1502145.0,5358.0,0.003567,1,2,223
2025-05-12 21:13:18,4d8391b10181732f3662f4552ef3d282483753921c0dca7a9d9c35117134c04e,896458,40056.0,4294.0,0.1072,1,1,194
2025-05-12 21:13:18,db99224d481774687f92cc55d1b17fdc85e6ba908953a7d2f5bcb0c61d28834e,896458,165581.0,5472.0,0.033047,1,2,226
2025-05-12 21:13:18,291d1917b5e60f261bd047afd40d710033bec9f8bca178db1e026fdac4e3344e,896458,1821725.0,5472.0,0.003004,1,2,226
2025-05-12 21:13:18,913065ab3813e4b6294224824f1b57ecdee30e0eaadaa5b62a51c6415d9d714d,896458,188820.0,4180.0,0.022137,1,1,192
2025-05-12 21:13:18,62d880fae9a6d67eee026daabdb0162798411f6c30a778835c32a17b78fe2e4d,896458,443942.0,4294.0,0.009672,1,1,195
2025-05-12 21:13:18,8ce2d98451ac46d4b2f22c238d2f69b24074f0103de1e8125e5b70ae7c43604c,896458,7681549.0,5396.0,0.000702,1,2,224
2025-05-12 21:13:18,4f175324c7b5ae73878b06b2036fb33291f64d38a7722240c2c2c16c9346ee4a,896458,59895.0,5396.0,0.090091,1,2,223
2025-05-12 21:13:18,47dd28d1fb7cb1102b90fa7abab637f503f630ca688e8bb0674a79ec82a0eb4a,896458,10752.0,5358.0,0.498326,1,2,223
2025-05-12 21:13:18,6de3542dda9a87df211f2ab6bebd42581333446ce3eed7a63f19afa44abe3d4a,896458,11560.0,4180.0,0.361592,1,1,191
2025-05-12 21:13:18,5317d0b9b112d5e5e33fc1012570a63f64a02da708d7bd2aa02b28b2ec90344a,896458,89836.0,5814.0,0.064718,1,2,234
2025-05-12 21:13:18,5205c173e3e3f4364cd4f1911d31d2803146565392fe5bab460e997997a42149,896458,1458768.0,5358.0,0.003673,1,2,222
2025-05-12 21:13:18,928e9593279d5852f0f2d9eb6c3d7f8fbbed7a44dc20f474ad2129cddc62f048,896458,237070.0,5358.0,0.022601,1,2,222
2025-05-12 21:13:18,2c07c818b7a379e8b3e792d74b64846b134f200cadb8aba74500b88218e7e948,896458,2662532.0,5396.0,0.002027,1,2,224
2025-05-12 21:13:18,89738b9ec6268fb5514174fde422eb692df5324e9e59396b6d6c722523fbe248,896458,232196.0,4294.0,0.018493,1,1,194
2025-05-12 21:13:18,9798b771c24e33224621debb70aebb6baab9dca1b371a02316c0619462148848,896458,125329.0,4218.0,0.033655,1,1,192
2025-05-12 21:13:18,3027815e4d02be5f802cfc190c657e35b21a772dd640ee314fc8d06a8efc2f47,896458,34948.0,5472.0,0.156575,1,2,226
2025-05-12 21:13:18,b98430d726533653a9ea66a3a07b0ac13a2dd7b3fd86353e5eac53f863292847,896458,1518642.0,4294.0,0.002828,1,1,195
2025-05-12 21:13:18,892b7faebddf52b42baed5c1598b13df65c99035fd890b1e0d3e1d455f0af146,896458,67729.0,7942.0,0.117261,2,2,371
2025-05-12 21:13:18,cb85b9a0c192304bd2c8f2c910fcaafdcbc6fb20720204d023e667441a419746,896458,565775.0,4180.0,0.007388,1,1,192
2025-05-12 21:13:18,96409deafc40e9420d5c6dd61708ed08a3e549fd5bb595bdc9f335b1d1cd9146,896458,10682725.0,5472.0,0.000512,1,2,226
2025-05-12 21:13:18,615bd6841de5763a579034943f878d8872a7d66124ad3d9787f207c078898c46,896458,1191639.0,5472.0,0.004592,1,2,226
2025-05-12 21:13:18,f48ca2b1fe75e93c9b544a3e401072de0e7969c814a87303abe9a1c229f67546,896458,843171.0,5358.0,0.006355,1,2,223
2025-05-12 21:13:18,8021cbd219b283439f27e053f655471940a0fe88a5894d303ebc170b71af0146,896458,4466652.0,9348.0,0.002093,3,1,489
2025-05-12 21:13:18,2cdc38f531c75b138e127f60cbddac4eb9f8a79ce0a830faddf8d7f8f08dd745,896458,1464528.0,5472.0,0.003736,1,2,226
2025-05-12 21:13:18,2e8078445d6e281a2012aac328823d5ab8b3bcd68a11239584f0ef9d0dd85945,896458,779671.0,8056.0,0.010333,2,2,375
2025-05-12 21:13:18,029c76b41c114c2ed8af671bd18627a80ab7b83a6cb54b5c977d3107ffbce744,896458,335028.0,4180.0,0.012477,1,1,191
2025-05-12 21:13:18,eeb7c7d09673141cc69976ac405f828cfdc1176c6153af415f0548c64763f943,896458,93962.0,4180.0,0.044486,1,1,192
2025-05-12 21:13:18,ca12886d543f6f168fdd0ebc7835d3d00d7bb4f5eca035103c6802ff9e48db43,896458,12433.0,4294.0,0.345371,1,1,194
2025-05-12 21:13:18,0e736e767c18dc8f31056b933bfd0def24651883ff434898075780df3d5cbe43,896458,79431316.0,6764.0,8.5e-05,2,1,340
2025-05-12 21:13:18,0ce2e3f3ac28a45612df81847a907f11e17be6465d29245c449d1d55dc3a5c43,896458,8646443.0,5396.0,0.000624,1,2,224
2025-05-12 21:13:18,1567a7c217c919750d3879cf9ad8241389e9e03618e724bc0e66eefbd8a34043,896458,45999.0,4294.0,0.09335,1,1,194
2025-05-12 21:13:18,5d5ac1b029bb85a20fb97fb66f9a65c3cfa28a0f4463a18cf46ffa8654b0f542,896458,375126.0,5396.0,0.014385,1,2,223
2025-05-12 21:13:18,ffcb6a4689a9411e9c688595b7f7689ab405a2787d58fdddd3a9d920a3179f42,896458,23715.0,5472.0,0.23074,1,2,225
2025-05-12 21:13:18,49a3c089facc619855dea8d8b6a638a143c7712dd72f354f15c3bac116458742,896458,449526.0,4294.0,0.009552,1,1,195
2025-05-12 21:13:18,1689e298a187075fc2b1b739c36af4818d6a32bfb172798f3b82fd8045a57a42,896458,484049.0,4294.0,0.008871,1,1,195
2025-05-12 21:13:18,7926456f3e71db11ebc0ee9243bc3a792d459bf5a1f0c41fef16d1b1e8ed5142,896458,474522.0,5358.0,0.011291,1,2,222
2025-05-12 21:13:18,96a493cbf3161ef0e6530b99cc1d9fea6e60df6d368922cd84a6120bdc132142,896458,138630.0,5358.0,0.03865,1,2,222
2025-05-12 21:13:18,467cf693ba0999a794defa2ad95c43fdc7cecbd7a29cc444460cca5077d62a3f,896458,290323.0,5358.0,0.018455,1,2,223
2025-05-12 21:13:18,ca8aa7d81288e448d02af2e70c83ff2a6634f4f69ed3f999a81a6b9095fe463e,896458,73229.0,4294.0,0.058638,1,1,195
2025-05-12 21:13:18,c009b8527acd78f6236a14863c72b7a54f25fbe04c631cac91ba76bf774b023c,896458,451640.0,5358.0,0.011863,1,2,223
2025-05-12 21:13:18,0c2ca56088f96960a3c682d65c9050db5fdbe30348a835ffdaf9747ac3b6ba3a,896458,230941.0,4218.0,0.018264,1,1,193
2025-05-12 21:13:18,93e91bab2d476fa5c528c9ef9c1b964b7f41b94b16370504239e113ff6528d3a,896458,42140096.0,5814.0,0.000138,1,2,234
2025-05-12 21:13:18,0e51fb5d5646ee67d7624a7521a87757b81c1ee1e61f705fdfe95798ba08763a,896458,28706.0,4294.0,0.149585,1,1,195
2025-05-12 21:13:18,382cef136935c97dccb1c2408f1b6a23c637f24216846fe5f334c1bd7812c838,896458,33230395.0,4180.0,0.000126,1,1,192
2025-05-12 21:13:18,93db2239232988579ed7e06818daf86d69d3042e861077cfaaf27664a37e8238,896458,234404.0,5358.0,0.022858,1,2,222
2025-05-12 21:13:18,0ebfdf0470f5f54f202984154229bbb3320664339e27c7488b64014b29dda237,896458,186061.0,5472.0,0.02941,1,2,225
2025-05-12 21:13:18,7c6feeb920e972a92f10109e960225b0271563be027a6ec56307804146d8f135,896458,1410152.0,5472.0,0.00388,1,2,226
2025-05-12 21:13:18,61dc21f192d21ab501d5e77c3bc768375e8a4b23274a13a43c73ca2821213f35,896458,350944.0,8056.0,0.022955,2,2,375
2025-05-12 21:13:18,f32a5b9f2116a407b3ea105fd8963b0fcdaaf15c6c3ba39f6aae4b447cb28a34,896458,39604.0,5396.0,0.136249,1,2,223
2025-05-12 21:13:18,f9b4e4e343a570b4c180acdf0570b9df2fc31c9ea9b46d4154ff880f76c7e733,896458,309060.0,4218.0,0.013648,1,1,193
2025-05-12 21:13:18,020499ca6e959c7aa323fc8ef188a5dce737f7acd6f39886e1982a24cc6e9332,896458,95706.0,4294.0,0.044867,1,1,195
2025-05-12 21:13:18,f146925d28ad1f7aa00b3cd5a4d859c379a20b94ae3e55aa81cef3816e728e31,896458,11003.0,4180.0,0.379896,1,1,192
2025-05-12 21:13:18,5b80964ad015cdc09e1c283153c02db680f459175d601554908d1db3cab6eb30,896458,662757.0,5358.0,0.008084,1,2,223
2025-05-12 21:13:18,7645441da674dceb89dd3f4cd13605d4e07395fbc75a7cb4387c0b3e31bf552f,896458,38995.0,4180.0,0.107193,1,1,192
2025-05-12 21:13:18,7e4ce1ce86c7b250f4d3a9f630d3700f21ebcdbdabe98c6659961e29ca09282e,896458,15504.0,6764.0,0.436275,2,1,340
2025-05-12 21:13:18,91b9468e4dd8f3ec4167d351ccd5b1c93e7a676ee69b477952a92682dfeaf42d,896458,15175.0,4294.0,0.282965,1,1,194
2025-05-12 21:13:18,450b4e00ddf54ed6d7dd74e6dd09c6da04a4f98d05adeff6f8b41726306df32d,896458,413239.0,4218.0,0.010207,1,1,192
2025-05-12 21:13:18,cb859ecf464374a28685a49fe09b788ab02bbd1cac1bf5e9b556ba992f35a12d,896458,780675.0,4294.0,0.0055,1,1,194
2025-05-12 21:13:18,3e152dd3719c91a24effbe37e4c2019d27b3ece781ed2552b384c4ace140782d,896458,21256.0,5358.0,0.25207,1,2,222
2025-05-12 21:13:18,4de4b63e439902cfb7f64924676dc9d0b2fe599ffbc5b5ce659125feddf1f92c,896458,19871.0,5358.0,0.269639,1,2,223
2025-05-12 21:13:18,bcc44c47c487881e8b579b8fa592abc5ad38314463eab75c45ac6d5d7768d72c,896458,565035.0,4294.0,0.0076,1,1,195
2025-05-12 21:13:18,14e997c204aa54efcdc4c947dc6732f14801cd8546139d227f602d60d33e342c,896458,376312.0,8056.0,0.021408,2,2,374
2025-05-12 21:13:18,643a285818986bb4095c1ad9487ec77f5736f1dd786c182d5b9375e4399ffa2a,896458,9377930.0,5358.0,0.000571,1,2,223
2025-05-12 21:13:18,7c01d035ad8b2f46b917a743f51b8bcf1e8111235d100dc27a463d60cab8aa29,896458,399158.0,4180.0,0.010472,1,1,192
2025-05-12 21:13:18,3c768e18d2b4d80bebbd1e0870ceb7ac02e6b5fbdda6888ca982b568920f3729,896458,1077158.0,4294.0,0.003986,1,1,195
2025-05-12 21:13:18,15047fc11d05d9abdcf9375937383c029321f97deaf4168540065f7413f28f28,896458,16710018.0,5396.0,0.000323,1,2,224
2025-05-12 21:13:18,ae46b1f979dbb013b959ccd7886d7e0d5d1b8adf3bda2123371d735574862728,896458,5029.0,4180.0,0.831179,1,1,192
2025-05-12 21:13:18,3472f51d5f57f1ee26a61fdd87aed16623bd55c96fb73a3043d465f688adc027,896458,23625.0,6764.0,0.286307,2,1,341
2025-05-12 21:13:18,2be389f3db2e9ae985660bdb7951ed08b3ff21900b3187b2ccf994600ddf2927,896458,48866647.0,5472.0,0.000112,1,2,226
2025-05-12 21:13:18,958c13fbfdacd0f7112b612770a3c5db8c15e0608fc2e68847f0e890277a2626,896458,41858.0,4294.0,0.102585,1,1,194
2025-05-12 21:13:18,a60228c3b54b505829544d35acfacd002f84b4001f6002dbdc83c6d22ac40026,896458,133512.0,4180.0,0.031308,1,1,191
2025-05-12 21:13:18,146a94b13956f5935bf1c6dcbe0c9cee17cb126fd54a972ce75e6bcb6a5b0125,896458,79105.0,4294.0,0.054282,1,1,195
2025-05-12 21:13:18,1c60a89ac8ac153e66996ab7ff805bb09d04c3319253dc30c9b34c73f30c4d24,896458,62972.0,5472.0,0.086896,1,2,226
2025-05-12 21:13:18,e657b22af05f5693465240b4e4c80bc1f2cc4465cb635b26b24455d936a7cb23,896458,435279.0,5358.0,0.012309,1,2,222
2025-05-12 21:13:18,2ff764ce16a9891b18ccea2648d64f28ed42b304092150c272cbe27c8d8bf922,896458,49657.0,4180.0,0.084177,1,1,192
2025-05-12 21:13:18,3df9a89d1cfa91852453d4c99b45a91808897280b99b9b5dc14411838f587922,896458,4140804.0,5358.0,0.001294,1,2,223
2025-05-12 21:13:18,81a1f963a5e96abce8fc5956fe823370fa264cc5214221e757f5a53d7a17b421,896458,1877793.0,4294.0,0.002287,1,1,195
2025-05-12 21:13:18,08d1a9dbaa283bca0dae1a63c442e4d620c03ab666dd4bf364b50266d6cbc01f,896458,926410.0,5358.0,0.005784,1,2,223
2025-05-12 21:13:18,fa4294f92bccb3ca57f9c0b27733b6eef81e700f8fed8bbb45b029c27bb58e1f,896458,48103.0,5396.0,0.112176,1,2,224
2025-05-12 21:13:18,57b33bedb947bbc90d1733db2806be2255969f729f248648d66f69fb83b15a1f,896458,33315.0,5358.0,0.160828,1,2,223
2025-05-14 19:23:31,40c679a1fd5df2633d7c6a1f5bd26502b6933d8c4561b1df749808530f7f7d07,896711,28863.0,397.0,0.013755,1,1,188
2025-05-14 19:23:31,2ffa52b888263afe85d4314dd8e29ff67531da9e83d9fd2ec7a682cc55a7b0e8,896711,2776900.0,300.0,0.000108,1,2,223
2025-05-14 19:23:31,17e2e6a8136da3c54537fce6891396f2b5e0a6436fef328d9690f800a39b5045,896711,5903.0,708.0,0.119939,2,1,335
2025-05-14 19:23:31,3088c29e2a953c9b6d4a74fd9b8ef7bb9f21a853b2ed044f218ce7e65c975d07,896711,6887.0,3194.0,0.463772,10,1,1511
2025-05-14 19:23:31,0cf823f0fb6d94bf3abac3f71c6145db30bc9b2e198b9a0b6a218282e9f3f6ec,896711,275442.0,1052.0,0.003819,4,6,727
2025-05-14 19:23:31,f511b521e65e44a92338bb747cb0e1fa9e3d229e9b394248b571a9287f46d6d9,896711,50764.0,1052.0,0.020723,4,6,727
2025-05-14 19:23:31,b1231c1e6867c8b3f397bf1dbf5f3c2a3b459d6de36ecc2fd6a0e9082ebd5c71,896711,184815.0,1052.0,0.005692,4,6,728
2025-05-14 19:23:31,fef0fb75734f8d8b9f9f65b76801939c73f8e313951a96e1bb1a8de138466b63,896711,281037.0,1052.0,0.003743,4,6,728
2025-05-14 19:23:31,ed22f1e21d01ac104a7c98c03d8704ca0baec1568bc24beef4eeec886301fcd5,896711,1799109.0,233.0,0.00013,1,1,191
2025-05-14 19:23:31,0f046fdf4b0a294958e0c520c54aa51a292a510976a115bdcbe93ce32fd39536,896711,2812602.0,441.0,0.000157,2,2,370
2025-05-14 19:23:31,557aac594b0e4d3c5912ddc9724ea480a378719a11176f0276b3c05857618656,896711,2213969.0,301.0,0.000136,1,2,223
2025-05-14 19:23:31,24edf52da388090c58f07aef9f1be810b53ded34c34bd35178ea0444a55088b2,896711,2814960.0,299.0,0.000106,1,2,222
2025-05-14 19:23:31,e57014d0c86feb46ede58c1b7174479f866352cd8fffcd6763699ba7cf942408,896711,1680258.0,301.0,0.000179,1,2,223
2025-05-14 19:23:31,71f5cbae859dc9228e938e6fc914510a2195c9dfbaefec1701ffe2591aca3dfb,896711,2281211.0,443.0,0.000194,2,2,371
2025-05-14 19:23:31,c52d8c2ab71c0e220f62e1c4776ea42ac23151021fc5975520209186a63a4422,896711,3415949.0,305.0,8.9e-05,1,2,225
2025-05-14 19:23:31,1487124cf4ea6f801495baa12b321f7d15d508207e034355ea352c0e54508d8a,896711,1478243.0,301.0,0.000204,1,2,223
2025-05-14 19:23:31,07ec6408097a4d749613859ee0bf3d3d11bce31884a8cd1fd1eca3ab3a01dd21,896711,4377331.0,301.0,6.9e-05,1,2,223
2025-05-14 19:23:31,ad6f17e749b52000fb559036a3e9387ed2c61fa828d867de6fe1057a7d6dc506,896711,1284234.0,441.0,0.000343,2,2,370
2025-05-14 19:23:31,05bc0b851ac9ba6db7681ea5c81ded58de9de0f1a0d5787f80d45bb536ad88e6,896711,1164674.0,299.0,0.000257,1,2,222
2025-05-14 19:23:31,d3d61b21c78aa47c944f46253d6b178f08f41b450e3098fcb08ddbd2cb5296c7,896711,4566243.0,299.0,6.5e-05,1,2,222
2025-05-14 19:23:31,08f7759ef49905c29384f452693004949a94f9de60d115a899722fdca895b7c5,896711,2079429.0,299.0,0.000144,1,2,222
2025-05-14 19:23:31,21f62c6e746d879ecd879cde9602bc075b9a1adab73160e3a0a073f5ec5df92f,896711,36077494.0,299.0,8e-06,1,2,222
2025-05-14 19:23:31,555f2a5568ba0dc9a1a81d697b2c8578cf085ef658f9677154a82945d0eb9d2c,896711,4927014.0,299.0,6.1e-05,1,2,222
2025-05-14 19:23:31,0fd9915f5e92b644b9aade6cdcd9449a6377912b5b9f42f113728424b064d414,896711,18148140.0,299.0,1.6e-05,1,2,222
2025-05-14 19:23:31,ae18b6ee7d236212420b228a232499acc3f683bd0d765ec61fb2a5f70035c8a7,896711,2418199.0,367.0,0.000152,1,3,254
2025-05-14 19:23:31,226a715652ef8dc8e5d0d6fc2c366b592ec873ec32814fb8aa13204eec55f704,896711,295502209.0,904.0,3e-06,1,11,507
2025-05-14 19:23:31,fc7ee21aa6961c70a604a627406aa725e2bb2faa9ea40c646e252bf2212fee82,896711,22682488.0,433.0,1.9e-05,1,4,285
2025-05-14 19:23:31,05ec5fdda3137cb56c81b26df42b5afb5de700e040e4503c5f0b21cc051256b2,896711,39999550.0,450.0,1.1e-05,2,2,375
2025-05-14 19:23:31,25e978d88907e5579627966aef801b5696caadc8634fdb30f6dfbd5ad440bdaf,896711,25298930.0,306.0,1.2e-05,1,2,225
2025-05-14 19:23:31,cdc94cf6c148ca842d1f041da67bc7f3c2507e6a42f6b5d447c763737c924b75,896711,13863415.0,306.0,2.2e-05,1,2,225
2025-05-14 19:23:31,57436a6f0eda203ce5f783c18436da0eada6d43bd665402bece9891b14c83f78,896711,14416821.0,306.0,2.1e-05,1,2,225
2025-05-14 19:23:31,6083b01836c3bba842f8e3ad7874d45085c97d249c2d4a116574fcf6abca3807,896711,7551388.0,442.0,5.9e-05,2,2,370
2025-05-14 19:23:31,b05438ec0c9c42dfe166135d48a89c31edadfc6b793940aa25c936c7f7fb650f,896711,48110840.0,304.0,6e-06,1,2,224
2025-05-14 19:23:31,702c73033e8538062d54a2f866fb224c90d6b755ffd459da1e47626add163e91,896711,819784553.0,300.0,0.0,1,2,222
2025-05-14 19:23:31,7cb9f2eaf401d30350875e07b624245d9c6bcda6f1cd11d7326ed1a01364a449,896711,3216757.0,300.0,9.3e-05,1,2,222
2025-05-14 19:23:31,48b9db74bfdb9e074641fecfbb5c0a099a4ed791b8becc905032bbf6c736071f,896711,34314556.0,500.0,1.5e-05,1,5,316
2025-05-14 19:23:31,eee4556dfd88be7a90370accac12282778a2395f9b182863a6ae5aaab697b513,896711,5569500.0,300.0,5.4e-05,1,2,222
2025-05-14 19:23:31,586aeb056258bc743f079c4f18c5cd495858b20c7528c37ea7c48ea5c1a7a72a,896711,23565.0,354.0,0.015022,1,2,248
2025-05-14 19:23:31,ad980e531093817dc0c459cca8adbdc5c2ae2fd87ad2d98e2e7f9afdf73c4690,896711,371623886.0,2727.0,7e-06,3,2,4489
2025-05-14 19:23:31,141fbaa0e9f1aa6b0cdf4b9397dc2b8d5149f3d0776d9242463a97aba429b385,896711,16706.0,329.0,0.019694,1,2,205
2025-05-14 19:23:31,99b7815996fa96bc441325f0864e851105dbc1cbbaa5ffb993fd051085b6b8cb,896711,321809.0,302.0,0.000938,1,2,222
2025-05-14 19:23:31,e3f8773480812eb6bbc028801ea65b0872310b22dba4b02065462ed7502d683c,896711,190463.0,387.0,0.002032,2,1,342
2025-05-14 19:23:31,6fd96ae1000e16e10e6b1e37c6fc0245cfa721d42f6def84764a8b25ddbea96c,896711,3781981.0,306.0,8.1e-05,1,2,193
2025-05-14 19:23:31,1f01103e2fbe17f69d85e4f1ed4af8b97174eb4939b60307a2f3cf8559594442,896711,1438429.0,306.0,0.000213,1,2,193
2025-05-14 19:23:31,d1da167cfa0af3b401384fa940b856f3dac23f9489b29b2693bcf64d50084c29,896711,961698.0,333.0,0.000346,1,2,205
2025-05-14 19:23:31,b6b521f7124ee5e8ccb421def3d09cd24f3bda1561fb0e81159f171edc92c2b9,896711,205552.0,312.0,0.001518,1,2,225
2025-05-14 19:23:31,cc3882143e0f1dfa8b0274a758eda09d8cc371b43873bea47a3e7eb1521dcc43,896711,512357.0,752.0,0.001468,4,2,669
2025-05-14 19:23:31,c571bc1285c9e24ea93ed638f8c9fc45b967cdd2585416767a66f4cf6632513e,896711,13023.0,306.0,0.023497,1,2,222
2025-05-14 19:23:31,2593c5e7d1becbb461a96c21c08febe560cba4242e1e0017a78f9c402f754fa2,896711,7203.0,334.0,0.04637,1,2,234
2025-05-14 19:23:31,c2485f595445240055780c20479a8efa71f416b1f772ef59f71d51945c2b8972,896711,512774.0,687.0,0.00134,4,1,638
2025-05-14 19:23:31,5ed7e96f2900b8f3e479328446f227eda55b20831825c42bbedd89ea8d0b129c,896711,3422714.0,488.0,0.000143,1,2,223
2025-05-14 19:23:31,94911a900a9ae99418e72c9dff97cf741d301484e2a880506beb802ff52b319e,896711,110078.0,465.0,0.004224,2,2,374
2025-05-14 19:23:31,9f1b7304cf23281a8177062f77514be20a11effb7c66353c9682e87685cd9bff,896711,4069353.0,435.0,0.000107,1,3,279
2025-05-14 19:23:31,ae7f5fdf6ab5a736e473a9a30650292a36c6fb365aefc6cec8f8a2e8b30fc990,896711,68362.0,465.0,0.006802,2,2,373
2025-05-14 19:23:31,3afb50a4e5f42aa281fa0905d55761756dd8955a8372abd6f6aeac5a65bab6ee,896711,788600.0,496.0,0.000629,1,2,225
2025-05-14 19:23:31,a86a96086cf1df82b53957083890335fea91f56b30216998706497004996a88b,896711,284291.0,609.0,0.002142,3,2,519
2025-05-14 19:23:31,0cd2e2bcef73ff6fc19f2650872253b439b3dff15f5ec2754d0d92c934d3e65d,896711,50149.0,609.0,0.012144,3,2,519
2025-05-14 19:23:31,5298752ab6c3178b1ba7f9353490e81010ae0a8c99e16fb31c2de0ea9afbb7c0,896711,4350267.0,544.0,0.000125,3,1,490
2025-05-14 19:23:31,8a7d3e1b1b02a66da175bed4ac491a85a2bf507ab5eaca32b411bcafa923478a,896711,1543441.0,312.0,0.000202,1,2,222
2025-05-14 19:23:31,50959272212e096d81865b5c862116b7e379cb4fb526a1434854f22c97ac128f,896711,43494.0,684.0,0.015726,2,5,472
2025-05-14 19:23:31,43cf42242aeeebaa2400faff9f561ecad0b86ee614338a23aff4fcf26363e768,896711,878800.0,465.0,0.000529,2,2,373
2025-05-14 19:23:31,c77234f6417b94e81bacd35d1ec33d4bd51fe0ceab3e6f1d34033b07bcfd79e5,896711,532200.0,465.0,0.000874,2,2,371
2025-05-14 19:23:31,02de2e54c53c27549955187ac9d1c0020bbb5f8ac1b8db41f112072b6e1f99d0,896711,1420114.0,465.0,0.000327,2,2,372
2025-05-14 19:23:31,baacbd8e6163304652473b48fc212b6468073bea2a1021d97544cce971cea36b,896711,4423876.0,465.0,0.000105,2,2,371
2025-05-14 19:23:31,69e270bd69fb7326268640abb177e2c977380419dcae1a7387c2a54a57fa5662,896711,67030.0,465.0,0.006937,2,2,371
2025-05-14 19:23:31,39e0dad03ab84e1ae151dcd26f29123debd718df9acdbca471bcd4fe80b5db5f,896711,112141.0,465.0,0.004147,2,2,371
2025-05-14 19:23:31,c1211f6e238894765e36bcffd8170d7eeb5a5ff6600afe2d8db9b3723696a322,896711,55296.0,465.0,0.008409,2,2,372
2025-05-14 19:23:31,19f67b9b443f8c9648010cfa7db73bc4de72310e3d353984a3e36bc7d895800d,896711,172766.0,465.0,0.002692,2,2,372
2025-05-14 19:23:31,c14793aca8a8078a7289eb3c856ac0c61b5f685d12e74c3aa8f7a59b229af901,896711,1848155.0,465.0,0.000252,2,2,371
2025-05-14 19:23:31,d71193dab6c9421f26bd69d51d4f1aaf86ed2135a9a6f2d484b4e83bdd30e5e6,896711,59734.0,812.0,0.013594,3,5,577
2025-05-14 19:23:31,126f227ad6d72e93a98aa1a0c24248621305b5abcb953fe0ed068705938c412e,896711,181189.0,465.0,0.002566,2,2,370
2025-05-14 19:23:31,5cff3e57f6f7d5c153aa94e1799a16a66f41beeca0a018da292130359bb082ec,896711,823120.0,322.0,0.000391,1,2,226
2025-05-14 19:23:31,94de3fb4b09b6ab34ce63bbac0fd28a061e57b148d39b434aac72ce2abb373dd,896711,15299678.0,322.0,2.1e-05,1,2,226
2025-05-14 19:23:31,40c6bf1915b5e9f0ddb8d0c1995a85cb671db92b381dc805e21b296d45020f9c,896711,499382.0,322.0,0.000645,1,2,225
2025-05-14 19:23:31,71392c0e77c1c1c662bcf8f7e7b348ebc8812239ff510f7b57901541acb2ed6d,896711,48361.0,322.0,0.006658,1,2,226
2025-05-14 19:23:31,849b5926872eff9cf7f61feb0fb161578b5d10531e73f6295a57d9c253fd7b19,896711,925992.0,322.0,0.000348,1,2,226
2025-05-14 19:23:31,7995a4ca601d2759c9dddd0d56b7e3d66a0404babcb5061eac99f158bc521f0e,896711,7107.0,322.0,0.045307,1,2,225
2025-05-14 19:23:31,6ce3b39ae679da66f635fee4d2cba7de045084b1fe0a937fb226424ea224c70a,896711,318955.0,322.0,0.00101,1,2,226
2025-05-14 19:23:31,a8fe06c5752e56377489699495f1ace26583bf2e70bafb74a065da6a232ccd07,896711,97775.0,322.0,0.003293,1,2,226
2025-05-14 19:23:31,ee555c10c0db93cf39893239a5185de05bf57007b07b6ca4e7e4a3bf04ff98e9,896711,12693.0,399.0,0.031435,2,1,341
2025-05-14 19:23:31,949d6b0e1eece237fe8d2934668ceca46ec53c0d5f68b97f564d58e62a741ec6,896711,123774.0,399.0,0.003224,2,1,340
2025-05-14 19:23:31,90e404fd318e830e2d4e3ab483a35f76890bbce6c08da12bc98ad14187014941,896711,19078555.0,423.0,2.2e-05,1,2,222
2025-05-14 19:23:31,e971b4b5cf8faa40784d490e7f1e70f434db5948cf9fe62408ce44a28724f0b2,896711,19920195.0,282.0,1.4e-05,1,2,222
2025-05-14 19:23:31,48a663adb125d357e89d5bb2a3ded6d8d31d6981dbfea17af8525c0cef5f779a,896711,33263497.0,284.0,9e-06,1,2,223
2025-05-14 19:23:31,0a8a0ee1cc31dda6853efd25df18d1064ef2f1a447ad1637065b232134699e9d,896711,33295259.0,282.0,8e-06,1,2,222
2025-05-14 19:23:31,fdf441199b6b1e036e8f4950c16d08172501abeef7d5404eb89a594b51dacae7,896711,2992512.0,322.0,0.000108,1,2,223
2025-05-14 19:23:31,3cd799c4df5029a54baf51c801842c7159f351d894704468c0b666a83b36e374,896711,76215363.0,322.0,4e-06,1,2,224
2025-05-14 19:23:31,68da1afbe57a9c72ed90dfbfb420e5891203a0bbe308c6809356e462897a6af4,896711,177450.0,257.0,0.001448,1,1,195
2025-05-14 19:23:31,04ba128c2a7a5a94d866de3d9826441aad761836762860cd72b0497850e6a9be,896711,23991.0,257.0,0.010712,1,1,194
2025-05-14 19:23:31,57ff31a3b330c3dc80618aaf52a0c8eb0203bc3be8034985b7e21e8f00e822a4,896711,173758.0,257.0,0.001479,1,1,194
2025-05-14 19:23:31,e0395a8c4950e4998f61e326f72494ed048725cd4f528a821502b3fd454bbf92,896711,52978.0,257.0,0.004851,1,1,194
2025-05-14 19:23:31,02dfbbcd40111d9cab619af6faf0e934b80f677ad28ae393bb825efcc09fc859,896711,493443.0,257.0,0.000521,1,1,194
2025-05-14 19:23:31,31455041672e243b12d1a32622d3c34b75afd6b7f20869c594fa990ab1695917,896711,692743.0,257.0,0.000371,1,1,194
2025-05-14 19:23:31,6a9884dd874e2f42bf6d7748007fd10166155831f9455f2d7e96fa89dcf02e0d,896711,1013504.0,257.0,0.000254,1,1,195
2025-05-14 19:23:31,f0dac73185b8dd29c937f5294d2700740e4d461dd85b5b107f4c52dc455b4b00,896711,38404.0,253.0,0.006588,1,1,192
2025-05-14 19:23:31,309f0ab402a76f4ea963489bd8c47417a6ce6be745ee6a0792329532a83c4810,896711,1449880.0,330.0,0.000228,1,1,191
2025-05-14 19:23:31,beec63e3b104b970d3209dc9a6adeacda79caf45eadc50cf5c96be0947903dcb,896711,1526436.0,1326.0,0.000869,8,2,1261
2025-05-14 19:23:31,150869184180273d4c684e800293ca66cc98568dc1cb868da80375961374c5fa,896711,215403.0,322.0,0.001495,1,2,222
2025-05-14 19:23:31,8cb79dd78b5c5f9cc14f17e96330df9882cdd1059b2909dc9cc3c195ce3768f8,896711,47988.0,322.0,0.00671,1,2,223
2025-05-14 19:23:31,551c0006574bf024b41c1137da3eec28f8ecd309c982c70d906bc536aaf468ee,896711,963406.0,322.0,0.000334,1,2,222
2025-05-11 15:59:08,039861eaf5a5f6a947f819186e2f35736f78c490eaddb8c4946bf15064f0dc66,896278,1556.0,628.0,0.403599,4,1,637
2025-05-11 15:59:08,12d5193ddb8664ea10109b55751a84fb16102c1ce511b78ecc43d0a3d86699bd,896278,2334730.0,570.0,0.000244,1,2,284
2025-05-11 15:59:08,e3cbb52a169d44e8f34a44215dda676ae887313cfa848b6f4b4e45483f7444e4,896278,497754.0,1044.0,0.002097,3,2,520
2025-05-11 15:59:08,3db195570643ba5d01b0da0a499248414f8a0d4861303607af785bbb1d6dca32,896278,59918.0,492.0,0.008211,3,1,487
2025-05-11 15:59:08,beec6e3563bb82a25cf799b65296879cfabe36415f004b05a7be2b4b7ae0d1ac,896278,602388.0,452.0,0.00075,1,2,225
2025-05-11 15:59:08,a7df2afcc1614ac0cbd6b4f48d8afd5d79875e15f51213b5390baa110cda3635,896278,284045.0,452.0,0.001591,1,2,225
2025-05-11 15:59:08,739d327038a85dfc21a56ff73575954ac8474450d89e7ba66f19943997ea99ea,896278,73688.0,446.0,0.006053,1,2,222
2025-05-11 15:59:08,a4c626e402db42936db509231238288a885f1a0301205ba8d17360c2cbf996af,896278,118289.0,446.0,0.00377,1,2,222
2025-05-11 15:59:08,28c2200387fcef1917bbf8454d373874db644573629685f5c48b0cc31a2ab085,896278,342948.0,446.0,0.0013,1,2,222
2025-05-11 15:59:08,cab026a57a9f84e970cd6b165c7928c66e38d7be232fd8d655d346ddfc7d1c18,896278,37554.0,446.0,0.011876,1,2,222
2025-05-11 15:59:08,78752de831b2b836f9f505df2561b32e3aedc5f788883467532acd11bafd9236,896278,238189.0,1334.0,0.005601,4,2,664
2025-05-11 15:59:08,29b80b6afd060f8921ff51478d5f1c7f167e6a62ac8cc6a2295c1abafb075d64,896278,439018.0,424.0,0.000966,2,2,373
2025-05-11 15:59:08,52d3afe9908cdb57d6224b7887e3bc72c1e8f0bdd3f3bc02b0fbdfabf4151411,896278,275626.0,424.0,0.001538,2,2,373
2025-05-11 15:59:08,a5575da657e8176258e0dedc22b6d3a3e599762f5e8a9957f49c360121eaee89,896278,856294.0,418.0,0.000488,2,2,370
2025-05-11 15:59:08,a291cfaf110a2e4b93c3a9d258ea39961b7f95c3dc6bad7db3c99398bafbb449,896278,1330337595.0,384.0,0.0,1,1,191
2025-05-11 15:59:08,96d7ff18ec989316e04bf710566a9923e07b8c782436f569d468cce1b90eec77,896278,1021374.0,382.0,0.000374,1,1,190
2025-05-11 15:59:08,4ae0805ac3763c7d9f8fbb45de3258ecb774cb2cf9da6208c0cea4327352b87e,896278,5008401.0,748.0,0.000149,2,2,372
2025-05-11 15:59:08,a40c2b7ae0a490f1b19fd2c524c5424f94e127c89858dda21b136614439973f7,896278,18330171.0,744.0,4.1e-05,2,2,370
2025-05-11 15:59:08,3cc72cddf6aad1ddbf183e66794aeb2fc0dd9c93ee0c677b724e37fb6c1c4259,896278,921273.0,310.0,0.000336,1,2,205
2025-05-11 15:59:08,c728a19dceccd503eb6b7f2a323b6dd19b9b355fc19a646926cfa8c34145f971,896278,959914.0,292.0,0.000304,1,2,196
2025-05-11 15:59:08,aa356c4be259ed93f6a172810be0b447f9a3df27fc25f469f33a6703dcc8e2ec,896278,18805619.0,286.0,1.5e-05,1,2,193
2025-05-11 15:59:08,33a56fa23f29942808242313cb963f74c6edfc39cd30a92f3d2b30e2452c6eb2,896278,645804.0,286.0,0.000443,1,2,193
2025-05-11 15:59:08,dc0ccb8c164a5111a57bec0cb13fe1049415738ccb05c18ba1ba05b0e9c5b3ce,896278,890016.0,262.0,0.000294,1,2,181
2025-05-11 15:59:08,2789939371070ab376738875ba373ed3026727e7d48a36afe6dc393cbe855352,896278,3332.0,1036.0,0.310924,8,1,911
2025-05-11 15:59:08,940f12a3f5c24a6316b6f52f30de6a3755af76db01b782cb601de118f1487c31,896278,1092441.0,496.0,0.000454,3,1,489
2025-05-11 15:59:08,73c532ef782b819f1f3d18faef4239d4437f63b0792e86e5741265f410780f7d,896278,127600.0,34676.0,0.271755,298,1,31943
2025-05-11 15:59:08,3da032e05403ba3ef64c9992d8ad161c3387e5bb503dae0e0f020b4d4a39322f,896278,82423669.0,449.0,5e-06,1,2,222
2025-05-11 15:59:08,fa27151eabbb25d558a505e34803d5750cb3aea9bda970403648fb0743baf926,896278,119548.0,452.0,0.003781,1,2,223
2025-05-11 15:59:08,4d9f00864c8e230ff526701bb24dc32f513b29ae2021f440484e6c256f5acf0f,896278,49532.0,288.0,0.005814,1,2,224
2025-05-11 15:59:08,c01503ab2301d094be68cc58172654018c7563b27160f430a3f3cc4300215add,896278,148645.0,779.0,0.005241,5,1,786
2025-05-11 15:59:08,ece15298f80db9b7cc0399ba4aeb9fb57c6033d7d8c1639a0405b3f0d61711c6,896278,95420.0,384.0,0.004024,1,1,189
2025-05-11 15:59:08,1f49118ad784f007017c7fd9dfc006e4a47c238b58c749d9074ff360594ed3d7,896278,11521713.0,4838.0,0.00042,34,2,5123
2025-05-11 15:59:08,b150074f80231d5d2b3c2e8c764ecf2a199f13f3cc639d13e54db9ec22d3f4b5,896278,5062682.0,563.0,0.000111,3,2,518
2025-05-11 15:59:08,3e612843db1b6dd95259e391891013d84294da282976f8d1d58912fb939da751,896278,9615702.0,392.0,4.1e-05,1,2,383
2025-05-11 15:59:08,9f066e45a0de04e5464ce81a33a31c2af979256ef9886143bbe9481292639d3d,896278,4788161.0,294.0,6.1e-05,1,2,226
2025-05-11 15:59:08,4725bb600f19b32e5ca0f59155df1f8758a043d1cd701c974e445cd18027bdde,896278,45861.0,290.0,0.006323,1,2,223
2025-05-11 15:59:08,e6da54169b153fcb584d34ef1e3b37fd31912c2c5ba9d21563ef4fcc84ac06cd,896278,2379710.0,290.0,0.000122,1,2,223
2025-05-11 15:59:08,b397e421b5e6aea4fdb1cf365226b20b9896ca6b736d11b1ecc21beac53e1ac6,896278,910608.0,290.0,0.000318,1,2,224
2025-05-11 15:59:08,0f2f4ae444882a2921dbb05edd9f32d747d53256f3ca1c7e8b0bf75503c9231c,896278,216617.0,290.0,0.001339,1,2,224
2025-05-11 15:59:08,5329748724ef09415254c12f690e1f1476e326efd5f344684fd69db25f0da4df,896278,20072.0,288.0,0.014348,1,2,223
2025-05-11 15:59:08,e546bcb1819c603bedc3a8a567efd6bf7b1ed184bd77a8ee26aff2357f2962b3,896278,3450495.0,288.0,8.3e-05,1,2,223
2025-05-11 15:59:08,f7881e027c25d8ca73e047e75e86867552de01afe73ece2a8ce031d4df6ca39b,896278,1703981.0,288.0,0.000169,1,2,223
2025-05-11 15:59:08,386dbf4b4e55a9e124074f0c92a6f3a07abb01b28ff2a090684c36f744c7389a,896278,452113.0,288.0,0.000637,1,2,223
2025-05-11 15:59:08,708992480b99f5ab80e1c5187f9dd89442594c751240dae43c55edc27ababb8c,896278,143754.0,288.0,0.002003,1,2,222
2025-05-11 15:59:08,1cf6ae6a9e0f3d49901848178b1be342affa1039c8b32c65ce53613213aa2789,896278,145160.0,384.0,0.002645,1,1,188
2025-05-11 15:59:08,cdebacca460642290db90c75d5d34d4aca239414383bb3dcc45eceec17940356,896278,1180363.0,288.0,0.000244,1,2,223
2025-05-11 15:59:08,9b6909bbd89ef4ed9535f654435e3e0e20e948332bbcfbd1c237ae2d4b51732e,896278,24594.0,288.0,0.01171,1,2,223
2025-05-11 15:59:08,c3a9798fb96b97b200ec287a58bbbc5a52970cc1b7a4ac2021e36a3f1d4b9101,896278,76515.0,288.0,0.003764,1,2,223
2025-05-11 15:59:08,ed9e0090de8421e4f8b4efb7977201b1ea599cc6bc533fb53e53caa56cd1d333,896278,1536769.0,876.0,0.00057,4,2,671
2025-05-11 15:59:08,c8b9e2a6b561ef4d65496dea87fd45b1741a29ad60ef2cdfe9bc227af9ddacf4,896278,14781.0,3424.0,0.231649,28,1,3042
2025-05-11 15:59:08,5e3d701129c91ebcfbccef40d0165202fb0e120a1e469ab85d6f173d89b5c4a9,896278,84828.0,292.0,0.003442,1,2,222
2025-05-11 15:59:08,9d331f119bf57f70dd0f28fe49b7e3a6c9f3517ecc8ca46a41c7b16069ea1ea1,896278,1180572.0,292.0,0.000247,1,2,222
2025-05-11 15:59:08,e67a7e0751a2bb0d7d3feba56bdc7c6547a49d277070b8be076c4017f65f9616,896278,107724.0,292.0,0.002711,1,2,223
2025-05-11 15:59:08,d2580ae4f9b490303b7e432297bf8307a8a78e4efc563bd1d29826fe8ee66a9f,896278,137866.0,488.0,0.00354,1,2,235
2025-05-11 15:59:08,96ec89723bde89164787fd6bf6c7ceee24b53e60c6a8601e8745492775a0045a,896278,9722152.0,1592.0,0.000164,7,9,1333
2025-05-11 15:59:08,6f456856c879bb5a8a9cbf6a48671568ec173967885fab22a1f200fda2b4d5a0,896278,719.0,393.0,0.546592,1,1,189
2025-05-11 15:59:08,713730161d3345cb59945089c2b31f69caeb4c0a00f382fb28409d8debd26c30,896278,11498400.0,300.0,2.6e-05,1,2,225
2025-05-11 15:59:08,3a6f059622514cb05634bd07666d6e9cfb886a5fb07fd4b67dd7af8c5351c027,896278,43040.0,633.0,0.014707,2,2,385
2025-05-11 15:59:08,b2a9c293db5d81e0846fd4de728f12b13935d947b7252043ae27367e64e4df38,896278,167112600.0,435.0,3e-06,2,2,370
2025-05-11 15:59:08,a9813d8dbc718ab55b076b2f2df98799306dc9077cbadcd376d42a18aeeb83cf,896278,3250418.0,222.0,6.8e-05,1,1,150
2025-05-11 15:59:08,d5cf20f87a4472fd9f81ec157f03a321fd5dbc2ae1a9ca4f79b8c73d8971435f,896278,9986768.0,310.0,3.1e-05,1,2,205
2025-05-11 15:59:08,9e854081e337e14423b2bd98d68b76888c7cb8273e8339dca4cfa41b46ff3af7,896278,368201.0,465.0,0.001263,2,2,383
2025-05-11 15:59:08,97093668f0ae05adf478d6da8475784ba0e14e84d27ac8b0e5e9b0cc43ad9a0a,896278,2953851.0,322.0,0.000109,1,2,235
2025-05-11 15:59:08,4bf638b74ea3aaf3ae2d52a4f4f64dc9407658259c4dfb9c4066305c95a31946,896278,124927.0,297.0,0.002377,1,2,223
2025-05-11 15:59:08,8f211177a731ff38f6a9751450233c0e735866df259b49a88a568bba309f8314,896278,14100.0,257.0,0.018227,1,1,203
2025-05-11 15:59:08,c61a9df6688660ec5a8b6fb11e87788b60dde57797039d9d6e3984cb8ee1b852,896278,34813818.0,500.0,1.4e-05,1,5,317
2025-05-11 15:59:08,7a3e5dc195aa0dc683293ab6a3398540d2a237b5a6d3e8f419155090b166b1fe,896278,47657700.0,299.0,6e-06,1,2,222
2025-05-11 15:59:08,c47de723815115b177d271bcd4fed16811c22190c4761ff79f017df040959fbe,896278,556910966.0,299.0,1e-06,1,2,222
2025-05-11 15:59:08,7db49c2c56f446972c63292b9c55af926648beba50823e267b76edc8a648c69c,896278,1128658.0,299.0,0.000265,1,2,222
2025-05-11 15:59:08,7720eea0253ca5d559b09f571672e9dea28904a78097d9ea8b1cc78b305b469a,896278,719653477.0,299.0,0.0,1,2,222
2025-05-11 15:59:08,14a55cf1f1e0651bc6e48c48cd84f46e5f8586e65019fd349fc98abaac171082,896278,1265392.0,299.0,0.000236,1,2,222
2025-05-11 15:59:08,be0b44f77071b11984581e6a6351d2c3e1dc3703fdf9be93ba54690f9086933f,896278,498789900.0,299.0,1e-06,1,2,222
2025-05-11 15:59:08,30f61c91a116263219b709cc7c519fb370b4c46c86e9a839d139a0bb9b60dc98,896278,126752705.0,325.0,3e-06,1,2,234
2025-05-11 15:59:08,f7ad2261909ca4a12c2446123f638d2f98e1f61efe4124b45a2edb9eeccd3abe,896278,10399539.0,461.0,4.4e-05,1,2,492
2025-05-11 15:59:08,0fada202187b1ae3454074c111405c369c4d6d69fb9b66e96a3c7277396d3fbd,896278,251858071.0,306.0,1e-06,1,2,225
2025-05-11 15:59:08,23de1007c383f914a996277078e6728c5bb446fc5aa7d448c477558cd1024076,896278,451948044.0,302.0,1e-06,1,2,223
2025-05-11 15:59:08,23cf83d2a72ecd0ff34d9fbe3d0fc9ee9d9b96dedb912197ef1829a5700c7506,896278,127052.0,302.0,0.002377,1,2,223
2025-05-11 15:59:08,105c9505b0fb6655ae3932255bb443bb31e5fba93541a855f68160d4d3b62c4a,896278,1038169.0,515.0,0.000496,2,3,404
2025-05-11 15:59:08,6e2e800b6a49bf14e34bf6e10166c252c453442c568cdb86090bd9ca2c161539,896278,2964215.0,877.0,0.000296,5,2,814
2025-05-11 15:59:08,e6559ba893bb725c3751497a62ad4c7ef56b25e4d919d94f4d7d5206c4a3e9a4,896278,54391400.0,445.0,8e-06,1,4,290
2025-05-11 15:59:08,c2d0053fa4c9dd6a3475f48e0a6b4fb22dedf65f5b22c330329d78d6cb3cf415,896278,1587835.0,865.0,0.000545,4,1,728
2025-05-11 15:59:08,d4fdeabe17fef871dbcdda98c3836af7ebd6c786ba6fd3e12a43e51206336d26,896278,8075808.0,1477.0,0.000183,6,1,934
2025-05-11 15:59:08,6fb311d3ff90179ddfe23d24f7fe4468fbca25464e637bb9fa228766e058ea6a,896278,164694.0,802.0,0.00487,2,2,373
2025-05-11 15:59:08,1346c61409de0a81df7c3572a703f6d66877056b6f54288f48246734da10e3c6,896278,357239.0,299.0,0.000837,1,1,303
2025-05-11 15:59:08,f31afc66f38e89d45c6d1c9426690732605674a4756fd15a4b2733d745d3c033,896278,50463122.0,973.0,1.9e-05,6,1,934
2025-05-11 15:59:08,1398b756b00d68db5eedf129e5c953cf3950dc5e703f79ba25bfab16bfa00c36,896278,66462.0,620.0,0.009329,2,2,372
2025-05-11 15:59:08,d4ab61f210f9bf612b47109116bd31dff4816bd2cf7b7089a6fb43d904595a3f,896278,13276667.0,206.0,1.6e-05,1,3,253
2025-05-11 15:59:08,8b64df4973b07e584e81ada2583c694772b42fede61bee4173748c07553c3b6d,896278,7085306.0,488.0,6.9e-05,1,2,225
2025-05-11 15:59:08,717451e69ff8aaececbba6e17464e0193a2129a2218b7aac21850281afab6603,896278,322069.0,306.0,0.00095,1,2,223
2025-05-11 15:59:08,8bd101606ed605793889351954f559bc1cd8ca4ff220fa488ef836bb6f4125fb,896278,3836.0,265.0,0.069082,1,1,203
2025-05-11 15:59:08,1e923bd8c454b1386d2a3c5191d368d690874b1aacbe61e9cb784db015cee302,896278,63642.0,895.0,0.014063,5,2,817
2025-05-11 15:59:08,d926a02a3834a0beb8bac02ef559882571736d0d5bd22b4714bbfa84613b754e,896278,21530.0,470.0,0.02183,1,4,267
2025-05-11 15:59:08,290070867b6a73794aff6289c902a3f3e72a433e3f1253e2299c7b7bf7325080,896278,240222.0,488.0,0.002031,1,2,224
2025-05-11 15:59:08,1eab76ea5326df4b6f70e237c83520c04a973d8e9830f0572ac4eb6d3c152827,896278,2179643.0,752.0,0.000345,4,2,669
2025-05-11 15:59:08,65f29fee55e3d74da540aa2597a59a5c3c0f5faf2c271159e84114e617817b0b,896278,26952.0,386.0,0.014322,2,1,339
2025-05-11 15:59:08,e022737787a481b26b6cb5977ec9b5d4b95a9f3a74b920826ea79f729231479f,896278,43115.0,575.0,0.013336,2,2,371
2025-05-11 15:59:08,42a4d6c8cf7b8388f475ea50545f36a8b2bd4f66e42a41f32aee9fc82a4688c2,896278,42075.0,121.0,0.002876,1,1,191
2025-05-11 15:59:08,6e7bdf9f3e4f44a2e5a814efa729a6b87eafa99dd118e02259ab22ad0d090c50,896278,3176517.0,609.0,0.000192,3,2,522
2025-05-11 15:59:08,1a010fd2dbde7a78eeb2e469720cf5b540243c499f1431ed3851d633dda2d9d8,896278,814656.0,488.0,0.000599,1,2,223
2025-05-11 15:59:08,d107154713e2db35f8eaac42483c697fa774a499c05e6c6657d96b2eaf3a40ce,896278,114817.0,488.0,0.00425,1,2,223
2025-05-17 09:37:04,a527af9f2241c6f05c9562fcaf88cb579b236053fc8449648e9f1240c6edcd34,897084,4524235.0,609.0,0.000135,1,4,284
2025-05-17 09:37:04,280b031f4e9461a02fe7a887289636ce54e9b7035b603d8cebae9a786d737bec,897084,338371.0,1392.0,0.004114,3,1,487
2025-05-17 09:37:04,13bd40a372d330b4d8ffa9c2767eb55ce1107a1a826dad9e61c0b44972925757,897084,1395487.0,1450.0,0.001039,2,3,356
2025-05-17 09:37:04,afc9cd4e1e94c1938470ecbdcecc0ad03eabbef570948e00e91795613c977bca,897084,99442970.0,2167.0,2.2e-05,5,1,784
2025-05-17 09:37:04,11762fd0e5313edaf18b6749f61f592d5b938c016a01a13393b63e75081b7bf4,897084,1874230.0,804.0,0.000429,1,2,222
2025-05-17 09:37:04,83cbe2517838b80c45a02639b7ad1a766c6e85040a8da46741a23a8fa1bc72f2,897084,147922.0,804.0,0.005435,1,2,222
2025-05-17 09:37:04,e920671cb58041c13dd91cb385ec47577c2e2f3c832f9b3d9ea0d2ced887faf0,897084,336148.0,804.0,0.002392,1,2,222
2025-05-17 09:37:04,bdee300fed3bb6e2c4a90c1ba219b3c9de8b9f4e6892c6d163789fb87827eaef,897084,54026.0,804.0,0.014882,1,2,222
2025-05-17 09:37:04,a68c6b427ef3c8092c505ed86d350c76229c0f98abd36fc62db14141efaad6ec,897084,1182139.0,804.0,0.00068,1,2,223
2025-05-17 09:37:04,3a85ec3b9fa8096f82574be55b69cc9558b03095e7b8682b498180b4d5bf92ec,897084,309949.0,804.0,0.002594,1,2,222
2025-05-17 09:37:04,f333c863a92fff57c89bdbabf80b2eb1d5d31b957ecc9649b2b4f523811b46eb,897084,5862.0,804.0,0.137155,1,2,223
2025-05-17 09:37:04,cd5df8057f388ac9f3b7a602cfa856f833c7043f61c383e8b2a77a8437b130da,897084,1375836.0,804.0,0.000584,1,2,223
2025-05-17 09:37:04,f78bd62fca5136554216e5db6fc158c05117f042e10c628b0c66b8ea7af358d6,897084,47524.0,804.0,0.016918,1,2,223
2025-05-17 09:37:04,4628dcd1ddfb68cefb7c2b441a47160ef9abd16f84f3798793a7891315dd8cd5,897084,358168.0,804.0,0.002245,1,2,222
2025-05-17 09:37:04,bd559f93ce1f0b6e02fd25ea302714d24e7b34d5384d59de756bfaea3aa29dca,897084,50403.0,804.0,0.015951,1,2,222
2025-05-17 09:37:04,87d9d26e4403cb7d6c6ba3122cc86a93dc479d3ece79a98e5a5cde4d744ccfc9,897084,132410.0,804.0,0.006072,1,2,223
2025-05-17 09:37:04,47f9e275a2e8c91c413844310708d7b75b4d7f99e835018ccb34762444a096c6,897084,330582.0,804.0,0.002432,1,2,222
2025-05-17 09:37:04,a757948c7838e9af98b48080e806efbb6c28c624bda1fb545b05d34337dbdeb3,897084,197961.0,804.0,0.004061,1,2,223
2025-05-17 09:37:04,dfc127cca03a680cc9a42a9b1809b36c757eb3d59215e71b35dae2675ca83ab3,897084,53467.0,804.0,0.015037,1,2,222
2025-05-17 09:37:04,113b9c869e4cd5a4becdc0ac5af11aecfbf44a7e4e626c016644880e111d37ae,897084,15363.0,804.0,0.052334,1,2,222
2025-05-17 09:37:04,7f3631bba08173df7ebf996946c57c7f421d0248836d0913a37d7717c4fa00ae,897084,486999.0,804.0,0.001651,1,2,223
2025-05-17 09:37:04,9e4805a764fc83982388b73a46ba674c36629c8a2c8a96f332059cff3d5dcfac,897084,2754483.0,804.0,0.000292,1,2,223
2025-05-17 09:37:04,289f842a7ee324d1d32058b6d5c993ccf4b5a6ba9d5b5d91451176005ddfbeac,897084,129196.0,804.0,0.006223,1,2,222
2025-05-17 09:37:04,f8507c0a1727be3f02e2e9ddc7d8ad5f5b39b558e7784439d75c4c64a0078aab,897084,156454.0,804.0,0.005139,1,2,222
2025-05-17 09:37:04,8e31b5d6ea8c067a468b81a6af43804d4ed5bbb6cf05eddcadf2970c2fa93da9,897084,59937.0,804.0,0.013414,1,2,222
2025-05-17 09:37:04,a0665671831eba95ba549ea0e3af5e29ed256c7c8d68a168cdc51feb78ace9a7,897084,75239.0,804.0,0.010686,1,2,223
2025-05-17 09:37:04,a53be9e5f7fef99bfaf1108ca05215af80b082fe60ffbc1bc03d49be93c58ba4,897084,479351.0,804.0,0.001677,1,2,222
2025-05-17 09:37:04,0a07491ecaa8db9af3c501240d6d5fb296f34544f23616fdafc4ba32efc37e9f,897084,58827.0,804.0,0.013667,1,2,222
2025-05-17 09:37:04,c6830c120174e2c8143ea2a5d0f907548e686882d2004de2a8c04932e48dba9e,897084,355386.0,804.0,0.002262,1,2,222
2025-05-17 09:37:04,72d27ec7f3b1f4b75c33f2c3b56ff4055b17d463d375106d15f9d294950c498e,897084,12603309.0,804.0,6.4e-05,1,2,222
2025-05-17 09:37:04,3fc1743ae4f48ff55998f153867799d6121f40ca708440344540679c932baa84,897084,3720228.0,804.0,0.000216,1,2,222
2025-05-17 09:37:04,b2082e3d6acd6c31477f1abe0f4fec24582fc27e8111ca067b3536f905a9a07d,897084,889603.0,804.0,0.000904,1,2,222
2025-05-17 09:37:04,1b9700ab81a99c239c0e99153be50527150b2ab1dfb0973b3d80812d80ecfd7c,897084,1191806.0,804.0,0.000675,1,2,223
2025-05-17 09:37:04,c05dbf0ccc4a47ebdbd265096f41ab2c4e5999fd2d590efc9dce8f7dfb70ce7b,897084,273521.0,804.0,0.002939,1,2,223
2025-05-17 09:37:04,30c10047db0ff7466221467967b2bb164ff3e639d94cf91c405fbeffd3f37978,897084,5357050.0,804.0,0.00015,1,2,222
2025-05-17 09:37:04,206885e45694b6df39dad9892ae53d3c7369ee65609a4d37cdfad8f866071678,897084,178847.0,804.0,0.004495,1,2,223
2025-05-17 09:37:04,5860a0acb65936508605c418871d23ac790f8426f8a11b35ddd2a9ea64823676,897084,1375056.0,804.0,0.000585,1,2,223
2025-05-17 09:37:04,6757a22b0dc1d314aaf88a2a00e1be37fd90510b8e7cc56fc06238ff15da7382,897084,1482520.0,804.0,0.000542,1,2,222
2025-05-17 09:37:04,756a6b28f05f924f5f1893d86bb1f8bfdaebde9cd47f7d99c8c80acca5c42b7d,897084,1580247.0,804.0,0.000509,1,2,222
2025-05-17 09:37:04,84893849e04c1aa9642f38ba2eea4e86bfa953fce8fe745843fb5865e3c7cdfb,897084,1677955.0,804.0,0.000479,1,2,223
2025-05-17 09:37:04,cbb1113e7c2b27a73aa1bc8bdbb3f35a8c9f24bb7658337504abf4b1b7b72e5e,897084,71726.0,804.0,0.011209,1,2,222
2025-05-17 09:37:04,ab20ae2719a22db779d33a79f6f5842425a869c8b3493d259212bd520aa8895c,897084,613316.0,804.0,0.001311,1,2,222
2025-05-17 09:37:04,cc596e7a646ce8f4a6f43b2418225a98400b59c08dc994ad87215a63a0ee375b,897084,57568.0,804.0,0.013966,1,2,222
2025-05-17 09:37:04,b5a410ee10934f3dca2a82a4013917ee5ca0accc9a86e69a21bbc803761f2a59,897084,427780.0,804.0,0.001879,1,2,222
2025-05-17 09:37:04,33890b1ffd1c669e235443575fe7b04af74df5e3c7ee223aa0cac073108f6258,897084,41989.0,804.0,0.019148,1,2,222
2025-05-17 09:37:04,8ef8a92ea6f6e59380bdf0fd6e3d60b1d16b97448e474806c4e69bbe993f1357,897084,130638.0,804.0,0.006154,1,2,222
2025-05-17 09:37:04,be480b99accf78b8667764993bd217c66ffab60103c9e92809d14ea0344d5154,897084,403101.0,804.0,0.001995,1,2,223
2025-05-17 09:37:04,b633b3dda42a72c8209001cafd11cb808cbaacfcecab1f278c5c075f05e92c50,897084,1571761.0,804.0,0.000512,1,2,223
2025-05-17 09:37:04,01fcc7f34ece80914c36e6b64f1293b2ac911eb651a941eb92f0608691e99949,897084,379926.0,804.0,0.002116,1,2,222
2025-05-17 09:37:04,fc4c3b3e37c2e5a5a2d83d424e3fcfe5dc3ee5eda625d84c97fa34bece866649,897084,234283.0,804.0,0.003432,1,2,223
2025-05-17 09:37:04,742fa6b8d4c91b479804cc2a9ba282d2a294b501f8a82da93bcba4ae2cd24849,897084,47269.0,804.0,0.017009,1,2,222
2025-05-17 09:37:04,e96cc2efd743f6ad7bdd536d2af9cc686f292793de3f309e34814cb97931d044,897084,922196.0,804.0,0.000872,1,2,223
2025-05-17 09:37:04,a0d99f4f935df761f5bafe1e9c33a32ccb6060967fc0ae385ee69b5b2d7beb39,897084,75049.0,804.0,0.010713,1,2,223
2025-05-17 09:37:04,4f3d81ed9923c9841fe3fe21fa9b1d178f4c8e9bc7cda8880b55a8000b2f1634,897084,254000.0,804.0,0.003165,1,2,222
2025-05-17 09:37:04,bf9bf149e5ca4cac47372003cf678c8906f10b476be9029c74ef7959d232cd33,897084,26164.0,804.0,0.030729,1,2,223
2025-05-17 09:37:04,07fc5619be42c72014d286cf3afa3acb529294b8c9fcf44b8bb2441f46d3c432,897084,4845451.0,804.0,0.000166,1,2,222
2025-05-17 09:37:04,10a6b7d0f2416a66f18535fc32b3b15c5e5912c188c56381876fd536c44df9d6,897084,5086255.0,804.0,0.000158,1,2,223
2025-05-17 09:37:04,f88ed4cef87742424dcf8571842fd61a8d6c213e780407dd2631445ee1885f2f,897084,157462.0,804.0,0.005106,1,2,222
2025-05-17 09:37:04,1fe4b5ae7d364a58e040d97ffa5a21d30e907c87352fdbc1568e40d6985e4d29,897084,793613.0,804.0,0.001013,1,2,222
2025-05-17 09:37:04,69976d00f3c09a632b1f506404a49a7ca6b583ec5285781102501edad1c38b28,897084,275088.0,804.0,0.002923,1,2,223
2025-05-17 09:37:04,df4e07a54573631e0088a87baf87cad4ef59306aa10daea654c9e6c4e1aebc24,897084,807201.0,804.0,0.000996,1,2,222
2025-05-17 09:37:04,dfbce83e431dd37c3542d9b3d5622eef1ca4a78c1e29d5d5f3053311b326dc23,897084,8479809.0,804.0,9.5e-05,1,2,223
2025-05-17 09:37:04,4e3817c5d4628320e05c2deb6bc45a45ba8a05153d6a26d6a1b5c2d4af25ba20,897084,183194.0,804.0,0.004389,1,2,222
2025-05-17 09:37:04,6daff30644eb540eef83a9ea0db849bbb92242185d5c076f628f3a600e87a31d,897084,1171096.0,804.0,0.000687,1,2,223
2025-05-17 09:37:04,8413f8fbe0f8ab52ba58691450a1a42da7d2d4f601fa4c6323dbcbeaab8dd31c,897084,96184.0,804.0,0.008359,1,2,223
2025-05-17 09:37:04,b7ce574a7bdde56260c205a886aad7d4c5ff58c70c74cfc2609bbc0bc447171a,897084,45675.0,804.0,0.017603,1,2,222
2025-05-17 09:37:04,9764c9ea613fd83336c970c23ef7d8829844d80366627b86d59314882f2abf19,897084,1902196.0,804.0,0.000423,1,2,222
2025-05-17 09:37:04,caf39237994a6c58b413548af2844993833944091eedbd943d109f7536c18217,897084,34770.0,804.0,0.023123,1,2,222
2025-05-17 09:37:04,e0f239c8ad268d7a1c7e3d5077970024594d53f257c2a1a16f1b7fc4c8b8f816,897084,125917.0,804.0,0.006385,1,2,222
2025-05-17 09:37:04,233acdcd8eb4d9a0197ee9649c2f6b5b25a54d5155a6f27b06934fd134d00513,897084,2100462.0,804.0,0.000383,1,2,222
2025-05-17 09:37:04,759112602c694f23192dabca97937ff2ca76bba1d05eb5f9b85cbaee25175b0e,897084,46579.0,804.0,0.017261,1,2,223
2025-05-17 09:37:04,8181a91ecf7fc1418b2cf1c929753003091c59d80c27ef712fe7bd907a63e90d,897084,805961.0,804.0,0.000998,1,2,223
2025-05-17 09:37:04,5831140e158fba1bd3a9ad9ec8d43aefe8135e663e8df0df93680c9228b98208,897084,28278.0,804.0,0.028432,1,2,222
2025-05-17 09:37:04,6bc77406ce16e400ec26dc9e5c9db325590f84219481c7b8eeb3a0eb2cbba407,897084,44791.0,804.0,0.01795,1,2,222
2025-05-17 09:37:04,d5e34c2f74feb9df31b29f24548594b7140dff2f77808cb4c71cfe8e42fa1106,897084,5327059.0,804.0,0.000151,1,2,222
2025-05-17 09:37:04,6f348ba74f7a8fbecfc7bd7a96963d1e3d1cf2a7e50afdb21699c27c0cdf5c03,897084,119249.0,804.0,0.006742,1,2,223
2025-05-17 09:37:04,9ac57d7986abca8854c010b6a6a21b0437e2b91847634665819420db5a842cde,897084,21770824.0,3180.0,0.000146,6,3,1042
2025-05-17 09:37:04,260b66d9be730ac3cf4ff722232be81678368e1de7d8c7c9c3d55f3b09bba714,897084,96715.0,1805.0,0.018663,4,1,640
2025-05-17 09:37:04,a26199c98f941a86c7d4e6a861b15b869c669d6b31f4057ffe7bf45ec340177b,897084,1558290.0,1672.0,0.001073,2,2,372
2025-05-17 09:37:04,6cd25706dd0c3d580868f42388fe40ae3e6407f07aed479fd2bb8aba0f4d0d8e,897084,473676.0,1124.0,0.002373,3,2,523
2025-05-17 09:37:04,4630acd7aac97813d389344db937423341d6a9dcb83b1941785e887ef63a3445,897084,966.0,1075.0,1.112836,1,1,188
2025-05-17 09:37:04,567dd7305c83dd9e477e3b8d3c5e1b81b5defdc71aea53eafa824ed61ef837b2,897084,2118500.0,2370.0,0.001119,5,1,783
2025-05-17 09:37:04,3426c32d7303abb0a678610f4f7172fb07b8070411d7daa402c39c2aec9a26f6,897084,23923.0,1254.0,0.052418,2,2,370
2025-05-17 09:37:04,283a9e664974a2edec2ede95cb2290ec90108623199c2cc9eaf5412c87f37ec5,897084,64253.0,1060.0,0.016497,2,2,373
2025-05-17 09:37:04,df7c176a1407b2f689f869c91479456897320f88465a5957a203dd33004ed359,897084,54895.0,705.0,0.012843,1,2,222
2025-05-17 09:37:04,97c8891c36c54288a4c7286f82dd247d77f16cad9c6e3b7fa9f89b33f53c75d7,897084,838405709.0,1020.0,1e-06,2,1,340
2025-05-17 09:37:04,dc3191f8b1d38604743f2f9ead69605dd23da456d2b1c77d7fc71a9f9bc81a8a,897084,247948299.0,1702.0,7e-06,1,4,512
2025-05-17 09:37:04,e3df7802f36b89726c1178a2c10ce51c636a285f0a3174e38d06ac03a83bb0df,897084,29202.0,1152.0,0.039449,1,1,200
2025-05-17 09:37:04,7a528d018a943ebb0384da9832ea2a733e94036d8f673fbecddb5cf1b7964c37,897084,27037.0,1089.0,0.040278,2,1,351
2025-05-17 09:37:04,5dca84c42d75be625c5c962ce93baac06eadee643fb780822690d3b697c8e28e,897084,360540597.0,3000.0,8e-06,3,2,520
2025-05-17 09:37:04,a6690163f07bd843abdc89edc2c88d0cb988e0b1f0bcd952f471c7683dd7dee0,897084,4999037.0,641.0,0.000128,1,1,193
2025-05-17 09:37:04,f76625a0048fbd6e680f8587d115991f34131efdeadd3b8ad8edcf1c9d4492d8,897084,196877.0,641.0,0.003256,1,1,192
2025-05-17 09:37:04,68bf4c7de4544427818168be88e0b175ff5dce2e973a52247eced9489e08efb5,897084,236398.0,641.0,0.002712,1,1,192
2025-05-17 09:37:04,1b758f47fdb68b9c7702f19414b8f7a8a8480d9effa537f56c93610ee3c1ad9f,897084,91893.0,641.0,0.006976,1,1,192
2025-05-17 09:37:04,7d607c49fb26bc8edf31dd413cf71e4c2bc469d2018555c4183d5a9a37da3a72,897084,71359.0,641.0,0.008983,1,1,192
2025-05-17 09:37:04,d6c923be4a98df9875a637b57b79c779e19764236c8203b48e08022b426d6d5d,897084,48995.0,641.0,0.013083,1,1,192
2025-05-17 09:37:04,bae3ea1989551bf0efde1c3f88d7cb50beba4ae8ff632943a0f07bf7a16e8d4e,897084,95388.0,641.0,0.00672,1,1,192
2025-05-17 09:37:04,e406bb5e1a19a004ce6539691aa2f65fe7f1ab03e95e000b5c6aea69be639b3d,897084,202258.0,641.0,0.003169,1,1,193
2025-05-17 09:37:04,cc29d2c2e3dc65df377456cc2570d691636adf3ff3f5a38a4e8bb95aece5c535,897084,126535.0,641.0,0.005066,1,1,192
2025-05-17 09:37:04,a913345c07d66d937510ce701066e2e410e1b90fa4e564d8d816dc49ae48e408,897084,90244.0,641.0,0.007103,1,1,193
2025-05-17 10:23:47,6fdb1f7ef83054f1a057d59809c7bde4264ed6229dcbdfba6f23ba0402747fa4,897086,713444.0,2521.0,0.003534,3,2,518
2025-05-17 10:23:47,b3934831ab73c42ea61e276b1d1ed320298c640d34281dcf3cc6ab52f9cf6a71,897086,307530.0,3820.0,0.012422,1,1,189
2025-05-17 10:23:47,01c6a9ceb3ee5a5b0a2ebab00301de5d3f652f7aa8a8119f811ee474085915ea,897086,3053623685.0,2280.0,1e-06,1,12,557
2025-05-17 10:23:47,64989b5c1740f68f3c52537ff99b354f8e4f9ffe478d0b6cda1b4ebe5fafa191,897086,948796.0,1314.0,0.001385,1,2,223
2025-05-17 10:23:47,0f72557921cdb65a07df93b984bd625cc1d5d528385f84ac1f907eaad1388e30,897086,217950.0,1050.0,0.004818,1,1,195
2025-05-17 10:23:47,12ecfcc905a8ca62a5ce0fe503802c4216cc6d0e5d6a6176ab66bdb23c5ab694,897086,953530.0,1422.0,0.001491,1,2,235
2025-05-17 10:23:47,c71b94842a6317e8e6f76a3aabb1eabaac94c5de7e8ce672ba70d88b7ea551d5,897086,2414100.0,7767.0,0.003217,5,1,2070
2025-05-17 10:23:47,c15d74f8f4afc85545f21f5f60b8230cc5102912c9931ef80c664470e58012c5,897086,1597877291.0,2928.0,2e-06,1,7,365
2025-05-17 10:23:47,a67f9784f317f5ddfa08d51e28085fe2d60c831b5e0487e30572b93d30e533ee,897086,1306.0,1036.0,0.793262,1,1,162
2025-05-17 10:23:47,413ed375e2d9d65b8e2fdc2a82262ea9dc6dbcf214e86420f1aea76967b37fd0,897086,418743.0,1257.0,0.003002,1,1,215
2025-05-17 10:23:47,9760124fae39ce3b0778fc082befbd43acca9cc4b4e5580d980f768eee70e3a1,897086,178743.0,1257.0,0.007032,1,1,215
2025-05-17 10:23:47,d0659b187fbf914b035907da61dc20d5cc973c91b7e661088a9db2857202c997,897086,219043.0,1257.0,0.005739,1,1,216
2025-05-17 10:23:47,f3fd381fe2264d0f0ecd96d6560d197a9a6cb2e861162cd999286cb04c7af811,897086,354665.0,1257.0,0.003544,1,1,216
2025-05-17 10:23:47,f536f1ba503f310ea206b8d87d3e7b0bbe710c76812cbfb617d05f6ee218c8cb,897086,298739.0,1261.0,0.004221,1,1,215
2025-05-17 10:23:47,d70e5c6a65fccd754079245c1a0a990d7129a650aa890f07d06405b4d0d5ea88,897086,898739.0,1261.0,0.001403,1,1,216
2025-05-17 10:23:47,579fe57cbe194291244172d235a2d1d351495f35ebd60e5ae7b2b5ffe5690529,897086,540207.0,1261.0,0.002334,1,1,216
2025-05-17 10:23:47,57fe2f1360570aa50bba33ce55812b4918dbc4595d1f86b9ccba6ab238a3b7c9,897086,212950.0,1050.0,0.004931,1,1,193
2025-05-17 10:23:47,612ce8910912adea67aa364f7e8a365e7e25072617a2cb27e8c8e18d756e3c05,897086,22709200.0,6770.0,0.000298,7,6,1296
2025-05-17 10:23:47,67d0e1a3c6263ec56f11274e14728dbc3abd242371ca7146036bcbf39031c393,897086,2541952898.0,7098.0,3e-06,1,21,828
2025-05-17 10:23:47,a09b9c7dfeb5c37af0b5fc308080186c6bdf9adcd8b3841fc7e95f494e1a9c72,897086,171950.0,1050.0,0.006106,1,1,191
2025-05-17 10:23:47,40ff88d366175d62d357de3ae5e6298b798f4f88f50d43fdb2cfb876d0d52e36,897086,62950.0,1050.0,0.01668,1,1,192
2025-05-17 10:23:47,8c443628ed2b2d3952b298c1d1e4a2f17ddcca8ca1f4c5fb104bc91a96791c90,897086,1120000.0,2059.0,0.001838,3,1,364
2025-05-17 10:23:47,47a8aaa85908fb1fd70c1f3eafaf20783b1dd94257cfb5c75afa29eba9b99ef6,897086,12058.0,3160.0,0.262067,3,1,610
2025-05-17 10:23:47,f213c7c10bbab6c5159f440dbbdb63a0e5005b2824e7d9f2b2fe97c48d5c0110,897086,2525540.0,1392.0,0.000551,1,2,226
2025-05-17 10:23:47,af8b0cb544006714335c58a86b3a38f9f6084851cd692402b870a30a6dae8f76,897086,2528578.0,1354.0,0.000535,1,2,222
2025-05-17 10:23:47,157825fd8eeee47064ca5c03c4fbbeb62db1f8f55ad85289012cd1045fba5289,897086,29241329.0,1078.0,3.7e-05,1,1,162
2025-05-17 10:23:47,e41da19b0fe9cb2c23f81718dc08e29fff93a3d2fd7985ff4e274e9f976e9e5c,897086,1316.0,1078.0,0.819149,1,1,162
2025-05-17 10:23:47,ca577ca2b67d4c02d51b2978e34b03701e695380ae0b1699b2b99d26307a0679,897086,707385.0,2040.0,0.002884,2,2,371
2025-05-17 10:23:47,5ddf3ccc47cd0144e98e0a423bbb4d4020d4426a51c93396ad195c852cff2140,897086,1311.0,1089.0,0.830664,1,1,162
2025-05-17 10:23:47,a4edfd674bd4c78b00ef73756214bd1e5981bca07bd3ec9495881a428ede6a99,897086,683194.0,1415.0,0.002071,1,2,223
2025-05-17 10:23:47,c8297ac8f84088f5c257ad79753fcce4bea78ed81c1bdc267972c16df2e9ddb0,897086,2459405.0,1975.0,0.000803,1,3,279
2025-05-17 10:23:47,e2fe7279a2aee6a620180c067ca39c6e941a22acc807417760d890c82c76b26a,897086,348555009.0,2765.0,8e-06,3,2,520
2025-05-17 10:23:47,bc2146bc047d3c1a5931edba11f5e662592e0040e0a39c318bb64fa6b6d38e45,897086,2322972.0,2348.0,0.001011,1,2,493
2025-05-17 10:23:47,ad9a384232709b58668de0a391358cc6bd3b21c0468f062136455073ca7598fd,897086,17012.0,1100.0,0.06466,1,1,191
2025-05-17 10:23:47,b953acc8c51f1faa8c6c4dc5f0863a59bfe8065ffec69d82654dd6705bcd33f8,897086,65485.0,1410.0,0.021532,1,2,222
2025-05-17 10:23:47,9ba4728d7eff89bdc606725f3dc6767108991697955dcd4e9c6106c3d0bccab2,897086,548390.0,1410.0,0.002571,1,2,222
2025-05-17 10:23:47,3a2f60cadb384eb72dcdf80eff0c9c4cd63b62482b177e14a758380afee3f39b,897086,3267775.0,1410.0,0.000431,1,2,222
2025-05-17 10:23:47,378b07d3900977e416bc221e8058fb9eebaee45d55ab5169f1a75eefa3d8c574,897086,127319.0,1440.0,0.01131,1,2,225
2025-05-17 10:23:47,ca8ac93214d92038e28853777c06e26d2032f1701f63c88a9b51c9c061fa5e64,897086,757768.0,1410.0,0.001861,1,2,222
2025-05-17 10:23:47,cd73b74c46fe840a97d99746f4c70067e9ab142ab4d208f5a8af38e65d63fb4e,897086,8427178.0,1890.0,0.000224,1,2,379
2025-05-17 10:23:47,1b49ef9ae97eac1a045c82970d74ab268ddd16ecf31bc8e69332fae6ed202647,897086,158900.0,1100.0,0.006923,1,1,191
2025-05-17 10:23:47,371ad64684d1f8ddc605c73128a632c2eb456a9eaba581b5fdf067eb4e1b1b1f,897086,2372173.0,1410.0,0.000594,1,2,222
2025-05-17 10:23:47,24600391ff480e266780e6e4e6dba20d33f57aedea5b3424057abf46fea26908,897086,870876.0,1110.0,0.001275,1,1,193
2025-05-17 10:23:47,0d1c8b6acf2e699bb62fbd183ab80b71754d38ebbf28c7d8c7c63f1fdd135207,897086,192317.0,2710.0,0.014091,2,4,433
2025-05-17 10:23:47,d575bbe4c385300581d5cbaeab023a442a91618ef8cb99c442ffd37f37d19d78,897086,1058086.0,3140.0,0.002968,4,1,635
2025-05-17 10:23:47,5880db9295fec121f4ec53ef729a58c93f69172f369c1e1520e99cceadcee7cd,897086,2026531.0,1410.0,0.000696,1,2,222
2025-05-17 10:23:47,1216eca5fd9c6890c0d754655445bc5fa0cff4b75342d414b0ac7e38586b2ff6,897086,80354139.0,2090.0,2.6e-05,2,2,370
2025-05-17 10:23:47,58e0df0db57a940f83a128d56eb14f35ec02d1bad387774760b7ed1203f16b35,897086,3239752.0,2090.0,0.000645,2,2,370
2025-05-17 10:23:47,562679766dcae399d4842b53c3721743c66c2e022794b2147a2a285a1b043fb1,897086,276218238.0,2660.0,1e-05,1,4,345
2025-05-17 10:23:47,042f4e119c5b957f126bb4a09639b911284ed25545a44df9401b5ae9d87921a6,897086,41135351.0,2660.0,6.5e-05,1,4,346
2025-05-17 10:23:47,c9212e49c8cd6b8d2474e80cace075f2c0584eaf15d3c8b9d7ad16e8f8a66538,897086,423542.0,5212.0,0.012306,7,1,1083
2025-05-17 10:23:47,2822668f6c0e0c6e57ca9ca3eb29e2cb4b757ba20c6bdd1f41b500428147e879,897086,520000.0,1707.0,0.003283,2,1,269
2025-05-17 10:23:47,261533b00e3a8ebc151455877d50a73fca0a608fd63747915d8ad9a48d6a078a,897086,4178.0,4596.0,1.100048,4,5,654
2025-05-17 10:23:47,eec47a5a02169550014cf5687fca43650db508dbf3e8be1c71e32b24bc911f2e,897086,152715.0,2820.0,0.018466,3,2,522
2025-05-17 10:23:47,810c7912dc69f91176a8439b39e4e7666e7f3c10b3e2dd6708cc097f87e23a49,897086,66316.0,2260.0,0.034079,1,2,223
2025-05-17 10:23:47,85846c2f815980036997c01254643f12e37d7d9a2e54f6cfa73a09d024154e59,897086,104193.0,1758.0,0.016873,1,3,253
2025-05-17 10:23:47,0c8823dbd63fc4b9f8401b3fe70f7f16bda24ecc70e7e77b6537e54f4cbf7873,897086,138494.0,2292.0,0.016549,1,2,223
2025-05-17 10:23:47,6477ca506c8bae2f8a2c5d0851303b1c2ed0a6ae4e1980e43b2d801955fa2c14,897086,75478076.0,3310.0,4.4e-05,1,7,402
2025-05-17 10:23:47,182830bc2efada1218b3cdc6cbc7f6f09d0976ea1a11bd8ea879c63b5684ce73,897086,10502902.0,2480.0,0.000236,1,2,222
2025-05-17 10:23:47,6781781d2b49a94c7127b36217da95e59da3f5afde0a212f50703e1f39d238c4,897086,11035778.0,4104.0,0.000372,3,2,520
2025-05-17 10:23:47,12aac836b37fd3a66b9c2795c50d18e919fbeaa4778654944ad9bbce9dbf1754,897086,35827.0,1396.0,0.038965,1,2,222
2025-05-17 10:23:47,84d422f281a8e7664f9c19f965cba53b8be6b5e88809c42aa7aed29193ca6eb7,897086,64373.0,639.0,0.009927,2,1,339
2025-05-17 10:23:47,edc0717a305e85e0e953c12094bf9a4015d14d0ff818b9032a4c707d15d19704,897086,37223.0,852.0,0.022889,2,1,340
2025-05-17 10:23:47,5b6d1d51af15c9814b4e5719f7ebd288bc918fc44421698dc8ac102d59ff788d,897086,1083701325.0,5660.0,5e-06,1,12,544
2025-05-17 10:23:47,197bb2ae232aad6e4d2b0f0432023c4e7b3791fba0712485a0f0160376f4da72,897086,8137448517.0,7786.0,1e-06,1,21,828
2025-05-17 10:23:47,550a5d0e3d1a91b3510f575fb7ad2091266bf4807c8e8b845fd5a591e3514de0,897086,1095901417.0,4640.0,4e-06,1,9,444
2025-05-17 10:23:47,414a671abe89319cb77abc0be785886ae6e919c6fda1f6f878d363d795820acd,897086,1731319.0,1481.0,0.000855,1,2,222
2025-05-17 10:23:47,4c6128271bbe1579ef23c24769f6ca71a60015b013c01a77472ca00898b9690c,897086,3241020.0,2236.0,0.00069,2,2,373
2025-05-17 10:23:47,57f5077d4ed321ff9b126bd6efefca52b1ee58488ca2d01848a38b6349b3a7fc,897086,677800.0,1500.0,0.002213,1,2,222
2025-05-17 10:23:47,48787f533c9201dd2373360733bc93bdbe35dc787f88efd25027db9fbadbd880,897086,87349.0,1118.0,0.012799,1,1,154
2025-05-17 10:23:47,e67435c98441f0e950fd60b53cd33421898556fe2c8e46d0ca87cc0dc7e769f1,897086,9053972.0,1804.0,0.000199,1,2,245
2025-05-17 10:23:47,79ef3dd9adc83dbc22f6bb9a58ec7f7bb98dc4d957cf7c7c621251527f3ac3f0,897086,1062849.0,1551.0,0.001459,1,2,223
2025-05-17 10:23:47,36dc858ab945a6c2238637fbc1e8420a285b8acf317ce0c6251d46ef50f1fc0f,897086,125737230.0,2497.0,2e-05,1,4,309
2025-05-17 10:23:47,a55c27f1a146198ec994eeea9c4588fd070daeae0f2235b4bf08a644ed99a94e,897086,125994362.0,2959.0,2.3e-05,1,6,350
2025-05-17 10:23:47,9998c27d9b277519085c3e5ec241dfac2e09c7f0340ae9cb6430bf453438b88e,897086,127334866.0,2574.0,2e-05,1,5,316
2025-05-17 10:23:47,844a5d58ab332df74f512abf9bd074df7fc877676f1371e6eefdb5eb9bce9335,897086,24742041.0,13486.0,0.000545,13,1,2276
2025-05-17 10:23:47,26f956fdd1ebc4d86d924bdfa4cfa844d4721c95dbf53248a8b31d76f2e8de6b,897086,150073735.0,15840.0,0.000106,15,2,2648
2025-05-17 10:23:47,f61b372e06a9b2df764864e229df2014dbf15f24844a36117e092910d8362e4a,897086,1261203.0,6479.0,0.005137,6,1,1072
2025-05-17 10:23:47,7197583c2ce05d6e7d3f8927dbd24fb38caf8be45378e3413df156fa637ef464,897086,27412578.0,2448.0,8.9e-05,1,3,301
2025-05-17 10:23:47,ec054d69adb771b21d403d3a5797eedbdc89bb08f24f718644e936c1cf370544,897086,132378714.0,2522.0,1.9e-05,1,2,225
2025-05-17 10:23:47,d351fd8b0ff27288574a48990036fa0c471c76c465af0212820b46adc547996c,897086,188693823.0,2851.0,1.5e-05,1,3,253
2025-05-17 10:23:47,9ed03d33c6ca335459f5c3dee0cd74a53c822bed50c82ba8c968519ca918606d,897086,2322069.0,2958.0,0.001274,2,1,342
2025-05-17 10:23:47,abe85a944db877e459a3be0821cbab8a0b79505ffe60f34a931c35572606f6d9,897086,16524351.0,1686.0,0.000102,1,2,225
2025-05-17 10:23:47,1de8df41a7348d54c8e8454d71ecc99b01ca850ece625b0aeadc2354a9fa9ca1,897086,18255606.0,3106.0,0.00017,1,5,329
2025-05-17 10:23:47,172aea2433cda56bbe270b3220838d12e6153304311dc16b63556b9e5e95fb98,897086,18276639.0,1504.0,8.2e-05,1,2,223
2025-05-17 10:23:47,bc404bf20276280facd2d5d3d4bc85d64111cbd30233d91dae1e7120d5bde51d,897086,19181137.0,1504.0,7.8e-05,1,2,223
2025-05-17 10:23:47,7dbbf885262e456f6a2261afe210a0f25030b93fb41219948561cb270e8758d4,897086,27626.0,1313.0,0.047528,1,1,194
2025-05-17 10:23:47,91e8cd1994296e9e97ad38ba2b6c3911aa61e8a780bf0e275beff5253a4cdec4,897086,808845.0,1313.0,0.001623,1,1,194
2025-05-17 10:23:47,8c61308c43ff82bd5be6b6e6aecdf588ce127e977a5265a897dc35aa620c52cc,897086,2816034.0,2000.0,0.00071,1,3,254
2025-05-17 10:23:47,83e9849fdeea07a552e938a90111413344af7c92ba5a799dfd602a20c51c2498,897086,25971832.0,1932.0,7.4e-05,1,2,248
2025-05-17 10:23:47,9a78f034c497cee42f2ef5f396167197b212314aef6374f92f00c51128db74c1,897086,390429.0,1571.0,0.004024,1,1,215
2025-05-17 10:23:47,a7d3bb87a0a57d0f0206091d89dd4cd87a1e32a2ae1c9e1d66ddd4acaa0be54f,897086,129195764.0,3740.0,2.9e-05,2,2,371
2025-05-17 10:23:47,a45e3ce7a580be9292bee8aba18139c8c2e9708aeb83e0f38b80de08e954efde,897086,225467266.0,5360.0,2.4e-05,4,2,668
2025-05-17 10:23:47,75e7b4d93b53eb1542e4faad1b7b31d35546f512348c33316fa0635a458e2daf,897086,432240667.0,1808.0,4e-06,1,2,225
2025-05-17 10:23:47,d17f1ed25e808589767d179f3365248b92ae661f938f9da5174a1e69d974ea43,897086,432471175.0,2992.0,7e-06,2,2,370
2025-05-17 10:23:47,c2c4cfd68c94d3d02cd02cf12cf1717136f4d26abbe97d5bf863e49ee422f9d5,897086,89997600.0,1200.0,1.3e-05,1,3,256
2025-05-17 10:23:47,45cbed543c0a52e9359cb6fac070075c8a9f8ff40454516c97f764614766034b,897086,81798599.0,458.0,6e-06,1,3,286
2025-05-17 10:23:47,fa44d6947c9575db233ce1c419f3b231080f1db7b87badf7814fc192c7babb57,897086,38909141.0,2484.0,6.4e-05,2,2,372
2025-05-17 10:23:47,0ef6b8af03a4f5c9e0a854a24de5400849621efce5eb52194ffaaad60b9d76b5,897086,538909.0,2520.0,0.004676,2,2,374
2025-05-17 10:23:47,c8ae8254eace3ded91911fa85f3e472711cf5c7ae71bc0faea41ac9caf3153f7,897086,1796726.0,1836.0,0.001022,1,2,234
2025-05-17 10:23:47,bb2160d80fdba00ba3d565936079e92f2c93bb9499205fec51f0e386d33cc029,897086,911371.0,4089.0,0.004487,1,2,222
2025-05-17 10:23:47,a8d1eec0533238cb231e6ef7d63332ed29d117c830af0ccd24e4d0d0ddea3f29,897086,129666.0,3190.0,0.024602,1,1,192
2025-05-17 10:23:47,339c3091398c6b74373ba2aab8b6d77f92b9aae6b8771d2e7550c11897ce5d28,897086,64291.0,3277.0,0.050971,1,1,195
2025-05-17 10:23:47,ca35b1aca9f6c027b5b8b29ecdb73d5c97abb3922973af050fc6e8ed7be5fd27,897086,91123.0,3277.0,0.035962,1,1,195
2025-05-17 10:23:47,81fda29562cb1e80d5352b121afd88fdda251e623ef2650a9d77a7b0b67bde27,897086,101810.0,3190.0,0.031333,1,1,191
2025-05-17 10:23:47,ebff4fc4c2a838676a7951e29a3cd433bee47f624ee5170ec385a7dbb5e68926,897086,573579.0,4437.0,0.007736,1,2,234
2025-05-17 10:23:47,94e8ace0ea092a45eeb00d5f707831134d9fc4719ed38e252125e8f0699e5c26,897086,2865032.0,10034.0,0.003502,4,2,670
2025-05-17 10:23:47,d15e840e17d3bb39203f4c265622e55ba35d7b6a621fdf09bb70906657693524,897086,2103962.0,4176.0,0.001985,1,2,226
2025-05-17 10:23:47,59fa988e445cb6bf1e385bc37d2e1c0b0335d74b03cb9ffc07d115f11d4b2f24,897086,330060.0,4089.0,0.012389,1,2,223
2025-05-17 10:23:47,752ac08bb619fb47642cf2f6eb21a22b0bd6c6db49729ee34c51304d6c578923,897086,194723.0,3277.0,0.016829,1,1,195
2025-05-17 10:23:47,be62709642af5ff1adf41efd8db8aa16efaf553338418a74b5b66c34e9a08422,897086,54911.0,4089.0,0.074466,1,2,223
2025-05-17 10:23:47,55973536209b499d4e490d9f313521749897e47123c612dc447ba75ee9ac1822,897086,566094.0,4089.0,0.007223,1,2,222
2025-05-17 10:23:47,b29ef2a1a11dbdc0ab2f12119e367af53e7e624af1b3957bbd65e9d8b6ee1522,897086,35693.0,6148.0,0.172247,2,2,374
2025-05-17 10:23:47,2bab33b58ddfc6c99b9e0c553aa0ca57f49f7a50856a81dfd31ca94dfdb4d021,897086,162102.0,3190.0,0.019679,1,1,192
2025-05-17 10:23:47,b608ff09f940eb59e5823053e53eacba6cd606fbd4fa306fa9794c376049ab21,897086,101756.0,3219.0,0.031634,1,1,192
2025-05-17 10:23:47,bf51c06d0aa6fa517bf2ec32d5eb9495cf911bbc67ff75716efb4093af553721,897086,21002.0,3277.0,0.156033,1,1,195
2025-05-17 10:23:47,93e1ed9a7f3e3922262384973456efd7a53e39665abc89865e0061a72c71651f,897086,276037.0,4089.0,0.014813,1,2,223
2025-05-17 10:23:47,dbde5e2e6910ae5539095a81263fd95a374ec48a91045353d61e0e716545651d,897086,96890.0,4089.0,0.042202,1,2,223
2025-05-17 10:23:47,1a15ad20b96d433c55881c1ac1c1fa9b6c44862b74cc15695c4971e6ff9f451d,897086,667371.0,4089.0,0.006127,1,2,223
2025-05-17 10:23:47,2a0c42e2f140d1eda001000f644d1a024b3fc3d819cfda11e8dec533be59c61c,897086,16023.0,3277.0,0.204519,1,1,194
2025-05-17 10:23:47,fa3111c1e137c0bbd4064ae45eafbadac7375b3885ee3482315bdd45b63ebb1c,897086,495469.0,4176.0,0.008428,1,2,225
2025-05-17 10:23:47,96a8fd40bcece16661c72878fefad178bccf3d70cad68a432ad3cdc78db98b1b,897086,88958.0,3190.0,0.03586,1,1,191
2025-05-17 10:23:47,b4def3b68b1869ac8997f2485c250d6fe70913943eaf625f6d5c3a29316c8b1b,897086,952290.0,4176.0,0.004385,1,2,226
2025-05-17 10:23:47,1e1aaa98e26670ab7d2dc497c2e1c275e0389b13128dbe68d09a620a3c6b6c1b,897086,129262.0,4176.0,0.032306,1,2,226
2025-05-17 10:23:47,00b154ca70ed7799f795febc2a21b4ccc08f726bb38f9b4225db0b6a68b6d31a,897086,1851461.0,4089.0,0.002209,1,2,222
2025-05-17 10:23:47,4eadaace90d36b92abdc1d51794cb6f9489b40e3a43ab45154bb6e4a77d5281a,897086,50188.0,4118.0,0.082051,1,2,223
2025-05-17 10:23:47,2878bf37a73df8fa68bcffab086714e50792435f7e5f5a3ef4151d185b633017,897086,127566000.0,4089.0,3.2e-05,1,2,222
2025-05-17 10:23:47,a26754d83232fcc8026ec79720d0b6903778ff1f730163777267e52aaca7c515,897086,372465.0,6409.0,0.017207,2,2,383
2025-05-17 10:23:47,42db6107ea4b1c3eb5c5c3b8bac050d6642b558c7a27616e82aac5c89daa6a14,897086,122509.0,4089.0,0.033377,1,2,222
2025-05-17 10:23:47,1fa7c6699bc42ad1879e268976aa0ab1a729b099e5ea8e93fa41ffd325532713,897086,573267.0,3219.0,0.005615,1,1,193
2025-05-17 10:23:47,2b4c95ad09f87ef35b7939dcc90e3cea60c4fa812e680ce71efd8b2db3cfd112,897086,126550.0,4176.0,0.032999,1,2,226
2025-05-17 10:23:47,ff139e5d05ab3558a3e577dca3a6f1f1de6bcd64fd5d76e8fbe5d064b228cc11,897086,5533339.0,3190.0,0.000577,1,1,191
2025-05-17 10:23:47,9970fff5b69aa7709408d58fa1493de2af52641116ad34ca21b7cfcf11660710,897086,652909.0,4176.0,0.006396,1,2,226
2025-05-17 10:23:47,9864afe44b04a19f232337888a28ace2b7efbf98cf55369db5accea4bc4f0c0f,897086,1786367.0,4118.0,0.002305,1,2,224
2025-05-17 10:23:47,a0352cf18582aab2a1aca83d4e45b149defb02ffd03bbd3b39557822196d340e,897086,7463.0,3190.0,0.427442,1,1,192
2025-05-17 10:23:47,4a635927a757fc19668f37c93e944935d67a3479c223e04c5a083c746d56310e,897086,211767.0,4176.0,0.01972,1,2,226
2025-05-17 10:23:47,498d93ea8f7476f6028130e6f86d99ff837257eeeefc1dff846de5bec474050e,897086,4953721.0,4089.0,0.000825,1,2,223
2025-05-17 10:23:47,b9157343bf711d320d9c7781b69c786cf8b97576fc9e539f67be7fe34c0fb00d,897086,517017.0,3277.0,0.006338,1,1,194
2025-05-17 10:23:47,e5aba2abeb61e68dc8c801b1f1e35e11f0c405752db038c30c7ad84daa39150d,897086,75510.0,4176.0,0.055304,1,2,226
2025-05-17 10:23:47,6d117874056687b42b076e5afff45e00317c21e6a6bb6f683cb7a9bc79328c0b,897086,192810.0,3190.0,0.016545,1,1,191
2025-05-17 10:23:47,0d43cc23ea30f261b59f5bed3d6856dbf18d6172942b363641e3f8af21ccc50a,897086,4374865.0,4089.0,0.000935,1,2,223
2025-05-17 10:23:47,ce34636ff78b85703a9df3f0941184cb6e10dc20c6b3e41e27036180aa068d0a,897086,488560.0,8033.0,0.016442,3,2,520
2025-05-17 10:23:47,5228c6498b032cb7836b2ac8184c6d021cc6475e22041d512a506e708f7ae209,897086,100361.0,4089.0,0.040743,1,2,222
2025-05-17 10:23:47,0f9db45dddaf1f4391bd7d22e1cf0573972b42f8189b9af43d597dcfed8a7909,897086,69259.0,4176.0,0.060295,1,2,226
2025-05-17 10:23:47,9280908c8815f52c9ab885fe5784432c287b739f1fe9076e66cbb7d1d53f4a09,897086,114017.0,4089.0,0.035863,1,2,222
2025-05-17 10:23:47,24d7466a7e0c3742236eeeaa949d5b66d3d031cc2856d191b8790b09b610a407,897086,1072184.0,6061.0,0.005653,2,2,371
2025-05-17 10:23:47,3c8fd76ce6ae62d1c009dd7e978f9f60503d31ca0c77a2805e184479d662b105,897086,1851789.0,4089.0,0.002208,1,2,222
2025-05-17 10:23:47,87fe5a612036932cafa94126d8000c6b83ada28b2580d896090920984e229c05,897086,174592.0,4176.0,0.023919,1,2,225
2025-05-17 10:23:47,59bdf040cecd7cb4cb76851920be771e88b146a4be1ca95db5391caf72258405,897086,331798.0,3277.0,0.009876,1,1,195
2025-05-17 10:23:47,f40a4cb5f60b77d70c7645efcbf1a3dcb5655c5d60ed8d328ffe9b46ae375004,897086,572227.0,4089.0,0.007146,1,2,222
2025-05-17 10:23:47,4b9a83ed90fc21d8d4df8c21e1ab13008c195c82c25eff16dcaa1bd8d1d09102,897086,239676.0,3190.0,0.01331,1,1,191
2025-05-17 10:23:47,5e3888a24dee8cf2c86d847437100a587419739fc325d12406d86fa3144d8a01,897086,165602.0,4089.0,0.024692,1,2,223
2025-05-17 10:23:47,01c60e6cd7c4ae7308f836dbf167e71da5ad68352f726e00137fa1c28dc83801,897086,1446942.0,4118.0,0.002846,1,2,223
2025-05-17 10:23:47,404195a6ad2de25013566865a7f7252da79b8923edb017fca5a3b55297c91901,897086,26846650.0,3538.0,0.000132,1,1,204
2025-05-17 10:23:47,7dfca3841b6d826458e7da812bd61ec43045eda5583675b8b4df852c4610015a,897086,56376141.0,46574.0,0.000826,23,1,3459
2025-05-17 10:23:47,adb16a70fb92cd4e3136ba4eeb2f69da91fcccf77e43e5276b51d93aa7e7b103,897086,20967384.0,13050.0,0.000622,6,1,933
2025-05-17 10:23:47,2849a2c745ad94ae0ed6b950155b7170bbbdf467076c4aae0fda6166503cd928,897086,16183783.0,11977.0,0.00074,5,2,817
2025-05-17 10:23:47,ab650d23a11595a0d9b08043508c51085250c0d80106f8275b6b27086a291288,897086,40511.0,10005.0,0.24697,4,2,667
2025-05-17 10:23:47,b20fe93d86a1a75f9a62f337bd8a82b610cc0b6025ce94bd5d253bd8d6796052,897086,48975.0,10005.0,0.204288,4,2,668
2025-05-17 10:23:47,af93f02a62f660a3086569ad7ddd7324df53beee30f874f75191fb4e573d5531,897086,25922.0,10005.0,0.385966,4,2,668
2025-05-17 10:23:47,0b48966784b739517a669651e238c123a8c7fd21e020c50582bf23946c455fe2,897086,377785.0,7134.0,0.018884,3,1,488
2025-05-17 10:23:47,beed8b0bcb0127db9c8babd61b0e623b27103404165c76dd8f3dcf8ae9e89055,897086,70543.0,7134.0,0.10113,3,1,487
2025-05-17 10:23:47,577ad09932107dad89d330d8b5e593ae937a01acb5ec5b01156ffb95fb298f88,897086,244503.0,6148.0,0.025145,2,2,373
2025-05-17 10:23:47,0e32bb9d02bac3c91b319cba3d9c3bf8608b3855d235ed6e7a7a324c22a6f983,897086,59585.0,6090.0,0.102207,2,2,371
2025-05-17 10:23:47,1a8b97c55fcb6cb59417fb57d9d685cfb69e10557a3a8680b730d94677dc75d1,897086,1583008.0,6061.0,0.003829,2,2,370
2025-05-17 10:23:47,19be8dcea43fb059262a96fd48c3717297cab82a91be0b6d9bd3f8a82fe94f67,897086,15982.0,6061.0,0.379239,2,2,370
2025-05-17 10:23:47,7785c4e0e213f71f9182eb70b546c987dd2b332b7aff7b5930da37f0b8656704,897086,91690.0,6061.0,0.066103,2,2,370
2025-05-17 10:23:47,e1fe92512fcd28e708c1b03ec8f4547cbb418c5dd86333cccb6a9c6203951cbf,897086,186102.0,5249.0,0.028205,2,1,342
2025-05-17 10:23:47,6a44b9cb9125372d60f08546e47f8fc24997822098a4ec0d3a2546bc30459091,897086,177681.0,5249.0,0.029542,2,1,342
2025-05-17 10:23:47,95991ef60cb05c2828a9e593e1cba0133d6be606a7faeac1d0807375d31c0e46,897086,67904.0,5249.0,0.0773,2,1,342
2025-05-17 10:23:47,7e7b34c276f6fd73457ba59d625ef7ddeb13b2ee501513478644262233d7b4bf,897086,2321077.0,5191.0,0.002236,2,1,340
2025-05-17 10:23:47,c1ff95315506422fb963907567cba4367cc989f46ad7d275ae3bc91ec0f1e071,897086,119239.0,5191.0,0.043534,2,1,340
2025-05-17 10:23:47,9757e3efa56b213666b26c4436e1616ae7c39f7b98b84f5c8eac20d2af2c60db,897086,43010.0,5162.0,0.120019,2,1,339
2025-05-17 10:23:47,c7e85d39006a78843e949311060b4ce7d95d32de00823af418406703f02c46ca,897086,1285147331.0,11637.0,9e-06,1,10,479
2025-05-17 10:23:47,d19e6074e924f45a063a5957bc8b2c274ec0ce9134d69b488c9b9121bc176b4b,897086,682500188.0,5965.0,9e-06,1,4,285
2025-05-17 10:23:47,dd6f559a001306cb388b61d014f932792fd11064f4e627b65905f3976ebc9859,897086,2882643.0,3277.0,0.001137,1,1,193
2025-05-17 10:23:47,853561fdfdd7f2923fb2485ca809b5d9a1b5772aa25d2cdca5d9e62a1e8eaa37,897086,12194390.0,4181.0,0.000343,1,2,222
2025-05-17 10:23:47,1599256e7d206d041f840c4069ee8bd16c18b49f2c7d36f83820492c427563e3,897086,229531899.0,7952.0,3.5e-05,1,6,349
2025-05-17 10:23:47,7d100857d71ddfc6bc9b9ee0dcff74b846387e08be6b78c3e823a53f2b5157e3,897086,57672204.0,7952.0,0.000138,1,6,350
2025-05-17 10:23:47,b4b518ab8aa277a28038c6c69aef8108592e4a3960c63202099daac5b109da12,897086,91391091.0,7000.0,7.7e-05,1,5,317
2025-05-17 10:23:47,4372cd468238fce18ce3d0e6ed0d79cd8baf166abe8c11e5e97922f0de9c3ede,897086,157360.0,4230.0,0.026881,1,2,222
2025-05-17 10:23:47,2dd39fc5efd2433201a7030d175a5ae2ef4344bde7cef2f450d1a8418d4675a5,897086,67309.0,3300.0,0.049028,1,1,192
2025-05-17 10:23:47,1663b82ad9dbdc920a2a3f58dab4add90f74b6d6ab23b159fde319bd0480b892,897086,9566239.0,10808.0,0.00113,1,9,442
2025-05-17 10:23:47,3cf42e1e39277909eb0e47f9e5aa408c90acd4eeb8100e5aeadda06cba62418c,897086,1935149.0,10200.0,0.005271,2,1,336
2025-05-17 10:23:47,86ef1fd75cc69dde8924513e8ceacdf6bffab0ed517604149d85520555e002ea,897086,7439.0,6365.0,0.855626,2,2,371
2025-05-17 10:23:47,f84413cbf29480ba9b617d4e3f0c32b152c6ecbdb1dc2f3e1a9a8b1366e23a94,897086,3100893.0,5518.0,0.001779,2,1,341
2025-05-17 10:23:47,391db82f6189ab3456f5bbb4f8e419c9175f1c3fd735e05fb13a99d941ca662f,897086,63620267.0,3457.0,5.4e-05,1,1,162
2025-05-17 10:23:47,0c9bb7310ebdfd4040a3527f0ccd9a2867b0bd31b7ad6d8cfcfb890f6c4c4ce6,897086,79168.0,4512.0,0.056993,1,2,225
2025-05-17 10:23:47,d88f25444282de2f57ed50a4f65e3fdb2b5dc8d33a8d2e4d4d9a94ad49692680,897086,353146.0,4512.0,0.012777,1,2,223
2025-05-17 10:23:47,d28cde1ba7157088b121bfec0f27c45d59ef1c2634182b6ff1987bbbba4036ae,897086,2122967.0,4611.0,0.002172,1,2,225
2025-05-17 10:23:47,00bfbdf9278f4ebf6d1e9b02ba096273cb389792ea2546192cf3e628c83eb10f,897086,95007120.0,7684.0,8.1e-05,1,5,290
2025-05-17 10:23:47,46a60de24c61f4c8220a5b29bcaed3fc83daa241c29d662523a5956738469acd,897086,2031265.0,5728.0,0.00282,2,1,340
2025-05-17 10:23:47,39cea2d5e90cfd0bde2c4d73a1227dab6eee76673f60fb211b2d790c08d8e50a,897086,199992768.0,7232.0,3.6e-05,1,2,224
2025-05-17 10:23:47,f17d79daa262fdb925ad961a0d2be4a9aac1516956fc4d5002cae986b0d696fb,897086,465953.0,14644.0,0.031428,6,1,937
2025-05-17 10:23:47,3364b4935d800808bdb3461df3697a68b1ed638413f05b90f1aca3cba098387d,897086,1454774.0,18976.0,0.013044,8,1,1229
2025-05-17 10:23:47,96948cb5618754c9c17a8e0cbc8cc39d1bae04d2ab0596a2f4dbff3f689b94ba,897086,974143.0,7232.0,0.007424,1,2,222
2025-05-17 10:23:47,142a3f964cafcaa02500240978bf8bfcd9476e636299b4f552306fa6acb290cc,897086,40770517.0,20922.0,0.000513,1,17,715
2025-05-17 10:23:47,ac34bdd07611a813f44924912465adc9bd8d28d4f74e7a5474628921035639c4,897086,297825307.0,25476.0,8.6e-05,1,22,853
2025-05-17 10:23:47,a6a92e93f8e81bcad5baf3050f90beb063254a04c8455526e2ca7846ea1147bf,897086,7658179.0,19107.0,0.002495,1,16,660
2025-05-17 10:23:47,ae1913ceef795fff5474faa92d62a2e01b9e3e254ec6f3a6758cfc0cdaab80bd,897086,15697182.0,21120.0,0.001345,1,17,721
2025-05-12 21:13:18,a2f861d67e3ec733e1e8490e5733080fbad94e1d6ce6448dbd4a5f4203c57c1d,896458,17889.0,4294.0,0.240036,1,1,194
2025-05-12 21:13:18,29b5ba3516518f15dd89e12bf6edb94972e6204bd4c27ca292c6b428be1d651d,896458,32654.0,5396.0,0.165248,1,2,224
2025-05-12 21:13:18,8b4517f38ee9efd69f5e5397d79fb3ee11d4fb7d58f88973f00fac0bcdaa4c1d,896458,191806.0,5472.0,0.028529,1,2,226
2025-05-12 21:13:18,01011ec7604d1079dee48559e69a4186e8d47c1711da7dad6e4ce91ab40dde1c,896458,460528.0,5472.0,0.011882,1,2,225
2025-05-12 21:13:18,88d8c5da2e81288e5c72d79ad890585dca55fce3df8045cbcd8790c83d86751b,896458,117905.0,5358.0,0.045443,1,2,222
2025-05-12 21:13:18,081de5073c6cc8d0d82744326987d2b4a2a744fae1c9136451187477ce9f191a,896458,111645785.0,5472.0,4.9e-05,1,2,225
2025-05-12 21:13:18,3c66e158018f8ae27fdebcdf2a80b3acd948d87e3ed6b3040e9285a18d50ff18,896458,1892602.0,5358.0,0.002831,1,2,223
2025-05-12 21:13:18,aba148bdc7719709a3ab29f6224e1cd832880ecb2bdd15fd92f876d198d7e816,896458,90916.0,5358.0,0.058934,1,2,223
2025-05-12 21:13:18,a81e21f6caaceea64a1689b648038b4eff4d2b3154febacfd5f5963ac3bf3716,896458,564201.0,4180.0,0.007409,1,1,191
2025-05-12 21:13:18,179d421ce22b17e50911c071e20b0f019ce4e0d8e20be60a74072f070b564715,896458,279866.0,5358.0,0.019145,1,2,223
2025-05-12 21:13:18,bd5885bcf81a96a1a1fcfa2e6a2fecf5f74576c55771f4fa201c942dd8373c15,896458,78587.0,4294.0,0.05464,1,1,195
2025-05-12 21:13:18,f9196afc378c73a77fed9e7a5e9fdf815b30272eb26ca1023c6399d7de020315,896458,7558936.0,5358.0,0.000709,1,2,222
2025-05-12 21:13:18,aebeaade2177066feeda28fa19f89170493c77b2c0dbb34866491013ad7eda14,896458,348359.0,5358.0,0.015381,1,2,223
2025-05-12 21:13:18,c8a67dfc1fb2100dab94f82a1e76d44113cf2f98e3314d6e9522eab8f5846a13,896458,139661.0,5472.0,0.039181,1,2,225
2025-05-12 21:13:18,9f2620d29fbe46209c8c66fb302957a1b3139cb9d39b4a54031502c310d06013,896458,44440.0,4294.0,0.096625,1,1,194
2025-05-12 21:13:18,bcd65b30e64ae0696b83e0cb121d79b9cd38c173ce9bc2991a50c46adb9acf12,896458,88503.0,5358.0,0.06054,1,2,222
2025-05-12 21:13:18,0bc8617e47ca0e1d3421b10c2bca82eb3ef562c7eabeae372a87f79041ddb912,896458,10155.0,9462.0,0.931758,3,1,493
2025-05-12 21:13:18,3007df719ef107876ed0e84c0e2721ece6ca4ff01db8fa73cf32ed066cd63812,896458,41820.0,4180.0,0.099952,1,1,191
2025-05-12 21:13:18,e0af5ed01f5458e41d2f3451387a8de5d44387ab03eba4b859a26f1d4e88d611,896458,325706.0,4294.0,0.013184,1,1,194
2025-05-12 21:13:18,2b571bf24e368d49cb8741a4bfc4f7c545d3c2db27c855cda12151d9e5847c11,896458,3142139.0,5472.0,0.001741,1,2,226
2025-05-12 21:13:18,2f27e522c7517d9d3ac5f51c84a5c7e8da8ad45dab180d7d12613081ea4e9610,896458,439642.0,4294.0,0.009767,1,1,195
2025-05-12 21:13:18,c04f1f3260bb784bd4c45687ee874d0ea489a4569a796dd9a03919929a203410,896458,29970.0,4180.0,0.139473,1,1,191
2025-05-12 21:13:18,0f628f209b0a5aab8b11b6804c575f6481ede65fdffe4b52efc1d9fa19cff10f,896458,115832.0,4180.0,0.036087,1,1,191
2025-05-12 21:13:18,17736e7ec26b01f319d51fa3e0bc1f06787a00738c36d4e3a0b40520c2572d0f,896458,140402.0,5396.0,0.038433,1,2,223
2025-05-12 21:13:18,fddd065270ae39d3e51e4c92154ec529e2323e327380cc19da6deb70d337800e,896458,4832.0,4180.0,0.865066,1,1,192
2025-05-12 21:13:18,1ca05d94c37244d474314a4cd3f5fb0e4de29cb4c75ab725c208b100b5bd560e,896458,220925.0,5358.0,0.024253,1,2,223
2025-05-12 21:13:18,32225de52f7c81bea09d3f21224346b156eea30951792f46bd3c1b5b624dd10d,896458,315590.0,5358.0,0.016978,1,2,223
2025-05-12 21:13:18,129e944abf59782254861a09aca03e116f7c9a011ceb88ed98afaf9ef0d8400d,896458,708290.0,4180.0,0.005902,1,1,192
2025-05-12 21:13:18,ae4e50360a7211b604e7db72e6edbb35d8d54f5db18a1c8e332b2587ea301f0d,896458,1905145.0,4294.0,0.002254,1,1,195
2025-05-12 21:13:18,b22d52968cb969f2fd436026b421fbf1564798b8606fd4f5f255e77545f8590b,896458,210689.0,5472.0,0.025972,1,2,226
2025-05-12 21:13:18,cf3e51a828c8da118448c47e1036a4a4ae7824d8d68cae0d811f5adba9da100b,896458,74550.0,4294.0,0.057599,1,1,195
2025-05-12 21:13:18,1eb4272314603571771435ccce5cb23a96bbc4a66bf7a772604d7a0eece2c50a,896458,59411420.0,5358.0,9e-05,1,2,222
2025-05-12 21:13:18,2d4b41cf65161fecf0570417aa35c43d189b6b17b46db6437cf79a2ea9abf209,896458,273012.0,5396.0,0.019765,1,2,223
2025-05-12 21:13:18,32a4b9bc750f53916b4d0dff70073f4e4e1f52e7e5cc082894a8b62fd4c9dd07,896458,75165.0,5358.0,0.071283,1,2,222
2025-05-12 21:13:18,f850939f186e621cdf4eb2b9f009751fd73d1aac5cf3f93a52237d2f14cb5a07,896458,24913610.0,6802.0,0.000273,2,1,341
2025-05-12 21:13:18,6176f53723b1b2601757a69e1df3ba244b413854cc6b823b547af9763aff4b07,896458,978288.0,4294.0,0.004389,1,1,195
2025-05-12 21:13:18,d3f0aa704cc2dd2c72f83004206e03fc9a0ceb8b367e276881f9bed62fcc0207,896458,107596.0,4180.0,0.038849,1,1,191
2025-05-12 21:13:18,a0d95659d563254ad89abb1ede1bd705a1149dfe245160311d219cbded8ad806,896458,280595.0,4180.0,0.014897,1,1,191
2025-05-12 21:13:18,23c975042b60b9b8fc434166f9fd1477c9755a1a03e77f7ba488f27867b0c406,896458,318136.0,5472.0,0.0172,1,2,226
2025-05-12 21:13:18,db32c8d6ace5d8953c9638c70d65b840250db84b3e4a2ab6add1d32064807804,896458,289677.0,4294.0,0.014823,1,1,194
2025-05-12 21:13:18,e17510598490ce9ea1868f05077cd36e451fb2b8ab8b3bcbed22efea209f6904,896458,282172.0,4180.0,0.014814,1,1,192
2025-05-12 21:13:18,1afe72888cc674ef5bac6ec2caa6aec5a5d8cc9054ddc77aa41bed97ba056f02,896458,35711.0,5472.0,0.15323,1,2,225
2025-05-12 21:13:18,a298ba35b997045d7c0c4c1a7be46316e63e8ef3f42ec673a9d522ecfed3da01,896458,113505.0,5396.0,0.04754,1,2,224
2025-05-12 21:13:18,4033f938cd1a99ac46fb72f1746f34aef0925620995a2e99cc739cfb9f19f700,896458,366025.0,4180.0,0.01142,1,1,192
2025-05-12 21:13:18,282449dbb3ea1422aea9f613ea4609bd0c465403ec979b855f0234333feec700,896458,11848984.0,5472.0,0.000462,1,2,226
2025-05-12 21:13:18,8671aac844b2c829e2fe8acbdf4f946d435de23aac78bd6875be35e07613ba64,896458,73487.0,9356.0,0.127315,3,1,488
2025-05-12 21:13:18,8d40a3984549eb45ebb12dc79837801f67da4eb3cf545982d1a84b435d75d503,896458,682015.0,9320.0,0.013665,3,1,487
2025-05-12 21:13:18,76249f8fbb2e9d474b296c1e1ed7f71586c785368c743f383133da0392986902,896458,1036971.0,28614.0,0.027594,10,2,1559
2025-05-12 21:13:18,43227e8d26ad49712ecbc1aefe0bd64eb229e7bd23c2d128dd6d89a714101fcf,896458,2053780.0,43054.0,0.020963,16,1,2422
2025-05-12 21:13:18,e8fddacd1d018e56ce1c2084ac1210b5f4e4b6ab87d358a656751057fc2888d9,896458,137738.0,18392.0,0.133529,6,2,968
2025-05-12 21:13:18,bd3b98aa08d371c5772736fb0db97e885b2f5cdaddf715d79965ed874d06ebbf,896458,472151.0,18278.0,0.038712,6,2,965
2025-05-12 21:13:18,da923377541b33447071fc557df46df66b0332eec19da9d644c9be0657d45869,896458,24902.0,18278.0,0.733997,6,2,965
2025-05-12 21:13:18,3025e2dac7ad02f760c5bd24eaaf437f58f701d1c2cbe10a5df1f2abf2be8706,896458,464701.0,17100.0,0.036798,6,1,932
2025-05-12 21:13:18,c1ed864180aea25e52aed6ec51c898c920a61aebc1a4d69bb4952261644fe7dd,896458,684040.0,14630.0,0.021388,5,1,789
2025-05-12 21:13:18,90d1e2f576a123550bee357b88b906494c8d3080161c1311d2de0a00f49a4de1,896458,17754.0,7277.0,0.409879,1,1,191
2025-05-12 21:13:18,7372e6da24bde45b4db75513241e3d2b549eaf388e55139b623361694a05899f,896458,305617007.0,14097.0,4.6e-05,1,2,370
2025-05-12 21:13:18,ab758bc2efbf6cfd7ed646f8d84d727e41829ce6e92b5de9fb0dcd06a4b36ba9,896458,5940144.0,13224.0,0.002226,4,2,670
2025-05-12 21:13:18,e5960bd0807d102606b2b54e354567a2dcc787171db8a21ef408c88d6841a93c,896458,58289.0,13224.0,0.22687,4,2,671
2025-05-12 21:13:18,662be6f73b0fee4507c9b5ddd79e8bf275e309917f7c623e9abcce74dc82deaf,896458,18812.0,13148.0,0.698916,4,2,669
2025-05-12 21:13:18,553b952f322d5b04a2f3c304be1c716f66d6d359d2a9168a97b50be5d0ea8eef,896458,359848.0,12046.0,0.033475,4,1,639
2025-05-12 21:13:18,5869b1c4ec63d2f2ea72603d54aecc39a1c89c9c6f467b7dfa48330213e86b05,896458,2054377.0,12046.0,0.005864,4,1,640
2025-05-12 21:13:18,69465ce38f3eb6b677d11ef5001e8d6639c1657b3db067cf46706d46e2997fd4,896458,983216.0,11932.0,0.012136,4,1,637
2025-05-12 21:13:18,ffcec621abd68664966b4cb8848264f9406b69c711fdbd9c5b66856195427d6a,896458,971137.0,11932.0,0.012287,4,1,637
2025-05-12 21:13:18,c9a080aec3623ae11be52ef42b6e9b64648fc9928b587ce7a5ff8fc17b271290,896458,502105.0,10564.0,0.021039,3,2,519
2025-05-12 21:13:18,4dd46541c9c398daec179e7b9a9f1fd2ff2aabf27528c564e1f3ef9837f084f0,896458,1152875.0,10526.0,0.00913,3,2,518
2025-05-12 21:13:18,f34a6fe0f21fe66c5f06527f810e0d55d0e5282701d0bebcba196c2e4756765e,896458,6697034.0,9804.0,0.001464,3,1,500
2025-05-12 21:13:18,2602d8e32f44a996f46a2f5d9698ed4ca7ee4acb44d8658616ea522cd5a1829e,896458,109527.0,9386.0,0.085696,3,1,489
2025-05-12 21:13:18,bc5ac8817f4f1354b1deebb3ebf0e2c35cecf31aad5d104395f2f0a349853d95,896458,16075.0,9386.0,0.583888,3,1,489
2025-05-12 21:13:18,623eee81c64698a3da5bd47e4ac449c8029e137bb742792e9e32284ca8946a0a,896458,374083.0,9348.0,0.024989,3,1,488
2025-05-12 21:13:18,74316024723294c71e328d4bed5d2b509f65c84d5f73cd2f33493702875906f4,896458,1240000.0,48125.0,0.03881,18,1,2705
2025-05-12 21:13:18,e64d7a11f3a860c1569d1c2e42e789bc4565e46e19c00d20cdecd29bb18bef72,896458,2354223.0,9352.0,0.003972,3,1,487
2025-05-12 21:13:18,67d32c4aac4765ef3a558dec5b7dd26f4ec6259fb4372e64d7ea2e29ca8adcd5,896458,4507758.0,8398.0,0.001863,2,2,382
2025-05-12 21:13:18,b77b891327a52ebafc02d363d09ce4c7ec04710640bad8ed509b9c717c1c5679,896458,3990538.0,8094.0,0.002028,2,2,375
2025-05-12 21:13:18,ad8faaf67338416f1fcbb60b96c96cc4099bef225d48b1934417666fa0857d11,896458,4075723.0,8056.0,0.001977,2,2,373
2025-05-12 21:13:18,958602338df005e8d7e8f116de9e023b3da0d1dbcf07042dfea0f40d879f0c1f,896458,287082.0,7980.0,0.027797,2,2,371
2025-05-12 21:13:18,33a8e1c2ee48d715c92be44b4f1a48f2c8ec99b4e3ac7159d83ed49360eb831b,896458,34459.0,7980.0,0.23158,2,2,371
2025-05-12 21:13:18,c62ad27034d7b7d9fda8865ff570b10e4a6d7571032023d6cb92d9c84126bcac,896458,103129.0,7942.0,0.07701,2,2,370
2025-05-12 21:13:18,af7cb875107fdaf222861bb5254faef4ec780150a4ec50615ca95cf511b07fa6,896458,82983.0,7942.0,0.095706,2,2,370
2025-05-12 21:13:18,fb83911d2a0cc10911fdb4def65baafebfc38abe512d68b00a3828e3aebbfc91,896458,96343.0,7942.0,0.082435,2,2,370
2025-05-12 21:13:18,7665a6dc9bf4cfc90fb1f93c8cb697a40e7f36319b3fec7a435e2e63a42ef98a,896458,3867603.0,7942.0,0.002053,2,2,370
2025-05-12 21:13:18,e22de7e1083a4996ef5dc9b263b8315f8ca99c4d4a32ffc06cb2a0c6e2352881,896458,8196058.0,7942.0,0.000969,2,2,370
2025-05-12 21:13:18,bff660cf76aeb4d94d9e26bbbef43347ddde9e3ff33e77290e5cbffc6d7db657,896458,336692.0,7942.0,0.023588,2,2,370
2025-05-12 21:13:18,578aa20cf4aff6afff834bd86ccb63313762541b27e2e2700093ec3bf724583d,896458,507206.0,7942.0,0.015658,2,2,370
2025-05-12 21:13:18,b943791042e2fddb0758f2401a24f0968b95fefe902671f1c007c7c475f39807,896458,675648.0,7942.0,0.011755,2,2,370
2025-05-12 21:13:18,9f511e49e40ee5fecb62948833804b22755f141bc2e578b760b03ee3d9a19a9d,896458,299990520.0,7220.0,2.4e-05,1,1,189
2025-05-12 21:13:18,63b212bd10c375d4184dc3c9c2ba847917ceb5cd40790ae291b5583ce188cf7c,896458,25082576.0,10659.0,0.000425,3,2,522
2025-05-12 21:13:18,a3a1ea9370f68631274ddb623eace08d8b8edb6b666c60c497d404b7cc9e1eeb,896458,27620.0,6878.0,0.249022,2,1,342
2025-05-12 21:13:18,6ec2d347a9d2083a5a514429a90b0fc296a076df71b3f72c049c96ec1df24f56,896458,11966406.0,6878.0,0.000575,2,1,341
2025-05-12 21:13:18,81b99a0293954697ab1d6c5640dd33e111e02b0d8164243e357fde604fa3ef13,896458,131243.0,6878.0,0.052407,2,1,342
2025-05-12 21:13:18,481469844732bffbbbb6fabfcdb87962b58ce4000023ee424aeae2b14bc3c310,896458,108967.0,6878.0,0.06312,2,1,342
2025-05-12 21:13:18,6896987b3391bfc40ec8ee54568772d2702a663a92206d928a7ad3b9d6dd3cc9,896458,6377792.0,6802.0,0.001067,2,1,340
2025-05-12 21:13:18,ff05d484ff9292da6f8bc5951a8072b2087ef9615a909146f1d7f369895437f2,896458,1794636.0,6764.0,0.003769,2,1,339
2025-05-12 21:13:18,8677cd10896e50aef8f4b0d9725f7e1cb14115073de260df38decf5095a0a643,896458,252128.0,6764.0,0.026828,2,1,339
2025-05-12 21:13:18,b91c1b287f6b8b00a6bc74f412604e8a55906f31721f49279251ad24e8844826,896458,43851.0,6764.0,0.15425,2,1,339
2025-05-12 21:13:18,3c337f18c87079f01d2211203dd781c1432cf14de5920ad974a7e6e4109b0612,896458,51999.0,6764.0,0.130079,2,1,339
2025-05-12 21:13:18,eb68ee04141aee5a5d584b7417f165f0f056c8110eb5466d733a81592e94cb7f,896458,249139589.0,10564.0,4.2e-05,2,2,605
2025-05-12 21:13:18,57624abe89af6d4f527c2d168d4cff96046b1e7209bafb5bbb4567ea31d7b17e,896458,320706.0,4294.0,0.013389,1,1,193
2025-05-12 21:13:18,e45304b8c383212347b5a3dea6cd95eb09220d0c3c1cf89b50241250b0393f99,896458,323976.0,4218.0,0.013019,1,1,191
2025-05-12 21:13:18,e0434f54509188860686264efcd8290967a5cd26e97ea5ae7a65964dc4260ab4,896458,24361.0,4224.0,0.173392,1,1,191
2025-05-12 21:13:18,447954c61e7ae73a65f7a183849b6ac7b7911f4aeed98a9ccc392624bc597f73,896458,99224459.0,8561.0,8.6e-05,1,2,222
2025-05-12 22:00:06,cb4756efd9a98bc2a52d4f91e10b6ed4b81f491d5123fed63e1cce79a4824585,896461,64610784.0,141.0,2e-06,1,2,222
2025-05-12 22:00:06,903e4b5929538e3d0cf4fe35818ebe7edf143148d93ff50b7ccd12703a055a2d,896461,353461.0,165.0,0.000467,1,1,191
2025-05-12 22:00:06,b2c7ab37b851912adb15c5652d36434aab39602f461d314c9bb63eaa993c485b,896461,446380.0,230.0,0.000515,1,2,234
2025-05-12 22:00:06,b63f65a0eae242b0b5d0275a048d5e595187edf93b3c234d2734ebb9d71cf536,896461,277873.0,332.0,0.001195,1,2,246
2025-05-12 22:00:06,1900d26a73311be552e3334251526c61f7f57863bac5f5787e0f9815891a6fc9,896461,283080.0,166.0,0.000586,1,2,247
2025-05-12 22:00:06,53f7866b60dfe44d3add85091e600cba493773d531f7a6fb33f07aa124d7ba86,896461,65367.0,12609.0,0.192895,144,1,15463
2025-05-12 22:00:06,b99546e655b218f56c11cb5447cf39baa93b43d2b29b189c498b2d62f081c89f,896461,413544.0,373.0,0.000902,3,1,489
2025-05-12 22:00:06,cc77b4b36867dae213bc7d762c81747d9835d608468cc6f9daf8d8857981b7ed,896461,60630317.0,546.0,9e-06,2,2,899
2025-05-12 22:00:06,1ffda6158e9b097c4a345e6cdac2474defec27711f44a130cd545655a176a3a3,896461,31756611.0,19609.0,0.000617,93,21,37948
2025-05-12 22:00:06,b86edbc1225d99005679b8618051aed6e05f4330b6fed5d98f580c69ae21113f,896461,21602287.0,9193.0,0.000426,44,8,17902
2025-05-12 22:00:06,08d0accd7057dc400580b938f6b8c834ffba849a4191c32f635b71536f82ad4a,896461,71378728.0,38289.0,0.000536,187,20,75550
2025-05-12 22:00:06,ba062d5400d7918cf6ad4b9027ec989c76f42a8b032925c1537d3c6457edad25,896461,32094.0,215.0,0.006699,1,2,222
2025-05-12 22:00:06,295c5dbc7d356c7e28e113101d27683551b97baaedcbf4e859570b6c4b261001,896461,235876.0,738.0,0.003129,3,1,482
2025-05-12 22:00:06,78f7ec41b57360bf60638b7d638e090ce94576c39e2ed50084b1ed7b4158e86f,896461,35097.0,435.0,0.012394,1,2,284
2025-05-12 22:00:06,e7e14088635d951a7fad78bac2e822ba605bd3851e61c749d1509d9485fa8f24,896461,471330.0,1700.0,0.003607,3,21,1347
2025-05-12 22:00:06,a69530ef315fb04857ab5518406bfbdab3dae047b3ea0df58b7227aac239ac9b,896461,2085365.0,220.0,0.000105,1,1,191
2025-05-12 22:00:06,77835a8acfedfe236fcf7fe590427aa0cc58e79477c7897d884962a6f0a05e7c,896461,2085585.0,121.0,5.8e-05,1,1,191
2025-05-12 22:00:06,41c1bd666a9019e417416f53a25c9429a8be2b8e1d8da7413f1ae1e43aa5955a,896461,18026.0,222.0,0.012316,1,2,193
2025-05-12 22:00:06,18eb5d3a8f916f91fbdf78db5249572edc5401be42b872c38d313c8f00bb5faa,896461,1045063.0,327.0,0.000313,2,2,371
2025-05-12 22:00:06,3163e4a18bccc65c91ea7eda5e42bd160a834d07e5ecde9cb07029f30f076f90,896461,486445.0,271.0,0.000557,1,1,407
2025-05-12 22:00:06,586902e919ff81b2633ba9889ba1d0e9b305f69fb7eb823b790f33653cd12e78,896461,5074.0,272.0,0.053607,1,1,407
2025-05-12 22:00:06,9f3023704a618656d462e6d546360557d5bf6c7f159db53dd115b1d09976f0b3,896461,959706.0,192.0,0.0002,1,1,204
2025-05-12 22:00:06,ab11c85fe8e0eb770b35d58e07e59a2deb2dd069de534b5eaa41df0f1b139f91,896461,289849.0,449.0,0.001549,3,1,612
2025-05-12 22:00:06,cf272c8a8b896b1762ec0c192572aedcc69af280ed32f6a0f834757c675cb2eb,896461,138822.0,271.0,0.001952,1,1,406
2025-05-12 22:00:06,f9bc873fe0c395eca3785bd826257bebec32a4dff509a887b953619556c7b0dc,896461,480669.0,271.0,0.000564,1,1,405
2025-05-12 22:00:06,6a757b00c8e3176091172e8b586dec9beec1bb8bc3216b400eccaa91f40fbc8a,896461,14916.0,271.0,0.018168,1,1,406
2025-05-12 22:00:06,ac7093dfae21576753f81f0dea52e05be1d393a6c5b09599acc99fdd3516fd6f,896461,24030957.0,298.0,1.2e-05,1,2,379
2025-05-12 22:00:06,d79a04cb198439e01f0293ecc5483409dffd0138a422d1a543b744b7b0c14329,896461,33865921.0,298.0,9e-06,1,2,379
2025-05-12 22:00:06,66aa1920a5e8b572ffb17a506988f36235519b1f47a91f30f96c57851d4fcea8,896461,6629.0,272.0,0.041032,1,1,405
2025-05-12 22:00:06,9decc14e4671b24a220561afc775f038149e2d85518d9619386d6f6fdc83b79f,896461,24741.0,272.0,0.010994,1,1,406
2025-05-12 22:00:06,365393b9e5d04e3d081a7c355f87d321b8292809abe7c4b1c3303b3a9cc0d63c,896461,26505.0,272.0,0.010262,1,1,405
2025-05-12 22:00:06,a0a1b4b9fc72303061615dc86e2f1f61f1efd14d7870f8e899cfe370d44cd436,896461,486199.0,272.0,0.000559,1,1,406
2025-05-12 22:00:06,c6760864c5545b35ee0a8a302a567039fa4145f842bce1fc6846ab5dbcc201eb,896461,95047.0,275.0,0.002893,1,1,407
2025-05-12 22:00:06,f87b96280bdea18830ac35664fca7ebb1bfb00fd0ae155644d4bda237a02bfce,896461,92931.0,276.0,0.00297,1,1,407
2025-05-12 22:00:06,8917073f7d15b0132a18b8650e0de941a96b6c1a3832aba2a456dd525ec615f9,896461,486344.0,275.0,0.000565,1,1,406
2025-05-12 22:00:06,7a46ae086c621f8713d5489afcdb593ffa328d74dca210397bf87d1b1043e776,896461,24017.0,275.0,0.01145,1,1,405
2025-05-12 22:00:06,098840c8a571f33157ceb00ff00b3911f6a4ff0e257529ae1ae59d996362cea2,896461,5070.0,276.0,0.054438,1,1,405
2025-05-12 22:00:06,133c3e241725f53784ff4c7bb13e00231945031228ab7236f39743633edd2d0a,896461,280000.0,1556.0,0.005557,16,1,1758
2025-05-12 22:00:06,618ea5bbfbd5312c01abbda1f2060cb4e68f24eca4d991213fe43ad50989aa1f,896461,30175.0,279.0,0.009246,1,1,407
2025-05-12 22:00:06,9845f6fe3da1219f4f95553bea796e2470a05d00147373c3e5feaa1b2ac9d718,896461,5067.0,279.0,0.055062,1,1,407
2025-05-12 22:00:06,a1ac9cfeba9062d2b72d20ccf4beb315970f2dec21104fe70c8ea123b9417ae5,896461,485925.0,280.0,0.000576,1,1,407
2025-05-12 22:00:06,176c5827088d6dfda987eb4e03d8b64a8a1a24d9f761da59bd87d0185af72803,896461,182003.0,698.0,0.003835,4,5,692
2025-05-12 22:00:06,b5500191b10bf1924154cfe42aa765f21c51322c6687c8212b6f38b7ebd68488,896461,188000.0,248.0,0.001319,1,2,234
2025-05-12 22:00:06,ec5b43ed9f1eaa534625a5185b8126d8cc157637601f7b255d012e8b9620b394,896461,49688.0,279.0,0.005615,1,1,405
2025-05-12 22:00:06,a74e006cdbdf89dd7691c1158d159d8e03ecfbaa310a5bd5602f1a910618377b,896461,162934.0,279.0,0.001712,1,1,405
2025-05-12 22:00:06,765e3c841b672010e45cab01eaecefaa2e8ab2feb9e3cd13597caa00baf56e76,896461,569825.0,1488.0,0.002611,12,1,1339
2025-05-12 22:00:06,1c07c421efe8f1bc7147ed067853dc63b5c6ff8ee4e2c45f3f1d9dbcfc02dbc1,896461,573513.0,530.0,0.000924,4,6,702
2025-05-12 22:00:06,2edc14d5c28c37a67cbf6ce0dcf2a9f7b509affd6d00c9864ba5044d8cbca070,896461,454048.0,1488.0,0.003277,12,1,1339
2025-05-12 22:00:06,9157dbce8135a0220dd5a4453e5a14cc8d5e4056770bdb8621e5744e0e28078a,896461,552374.0,530.0,0.000959,4,6,702
2025-05-12 22:00:06,474c2e7e29dafb7514c464813ffb16cd85885f97afa22195485dfd765ebef142,896461,426858.0,1488.0,0.003486,12,1,1339
2025-05-12 22:00:06,9c9f96a9dcb7367c5ff749c77824546b0b330fc8930015c05cc02d57f9725de3,896461,528524.0,530.0,0.001003,4,6,702
2025-05-12 22:00:06,c52616115dcad32cdc4d920c62de54c64fd056cdde0d036a401d4ff358290ec2,896461,53300.0,281.0,0.005272,1,1,407
2025-05-12 22:00:06,588ceb1917c60fb06a46cc75d7406c5b0d8102ab15fe5c9c9f137140e17cacf9,896461,28099.0,310.0,0.011032,1,1,154
2025-05-12 22:00:06,009ef26212fd9a33d73645908ac97022a5a7bbf3a5550f659ff2339920f486b2,896461,28409.0,224.0,0.007885,1,1,406
2025-05-12 22:00:06,74570959f74623130a21e60f84aa717a41a7956166dcac23010f2f6571728cf1,896461,4471211.0,213.0,4.8e-05,1,3,265
2025-05-12 22:00:06,712308bef93a05e8352e7814882de0e07ea50fe42a4dfed07be5c107a3ed1857,896461,458546.0,280.0,0.000611,1,1,405
2025-05-12 22:00:06,c36b11b2c7042ed85815772674171a6fb885042fa0388d4043418e25639ba2b8,896461,219358.0,404.0,0.001842,3,1,490
2025-05-12 22:00:06,20d539fc2dab6c58931407104664924ec9909f760d9b3668878a172b9dd2412c,896461,48648.0,282.0,0.005797,1,1,406
2025-05-12 22:00:06,98ab7c589e6f0b85a98efa5f65edf43cf9e6ee7da18c3529b74fe3d079fab082,896461,19319.0,283.0,0.014649,1,1,405
2025-05-12 22:00:06,81471e15a4c3cf0b9d979e25280071575aaf0e8a5d9ac9884bd47937dddece62,896461,142990.0,283.0,0.001979,1,1,406
2025-05-12 22:00:06,4383825ffe9f0dc46eecd5eec95c03c6d7f182e3ff58626eea79cdc542804ab9,896461,48621.0,285.0,0.005862,1,1,407
2025-05-12 22:00:06,8fbdc69ee742d50adde3a0acc4da48eeb6d97b3afbb50129f9cef073ffe8dcb7,896461,210268.0,866.0,0.004119,4,3,1040
2025-05-12 22:00:06,3f4c23288a487b88ae7cd80de61b8ad14b838f9bd0159da86d9e5a8a8fcbd5e7,896461,9774.0,285.0,0.029159,1,1,406
2025-05-12 22:00:06,be1db6d7b009eefaf3e611e2edafad75914aa8f64dcc4c6d831932aa8ddf4ee0,896461,48922.0,287.0,0.005866,1,1,407
2025-05-12 22:00:06,6f240fab64e00e0e8c8f7afb1dd3517466ea77d9672f0376433835f67aad142d,896461,100466.0,254.0,0.002528,1,2,234
2025-05-12 22:00:06,3c492adafc94140373ba6938359dbfc3547f7406796a094257bc3afc674b7eed,896461,5060.0,286.0,0.056522,1,1,404
2025-05-12 22:00:06,fe2625c12620e72e7518034105f5a032213128a96ffdd01da175409666810544,896461,9763.0,286.0,0.029294,1,1,406
2025-05-12 22:00:06,3184cb4fdc709002d128f8827b1c833fd89b26bcc3b12d156e1a5aba2d714071,896461,999687.0,203.0,0.000203,1,1,203
2025-05-12 22:00:06,746c32a3e907d6305957dd0d39bd79dbfb38f0ddd539f039bf74cc8c4e38d2dd,896461,3056902.0,353.0,0.000115,2,2,374
2025-05-12 22:00:06,c39f809f4532b39d6c2a6d381de66012a481bcef2a753304749ffcd8b3ee564e,896461,41473.0,287.0,0.00692,1,1,405
2025-05-12 22:00:06,c60af5b4a18702944d5b1c73db5c386511bb08406be9b330326d1cda91f7b920,896461,47950.0,287.0,0.005985,1,1,405
2025-05-12 22:00:06,abdaccc38e65febaa22ab174da82095f8b13d87a77aaff32bf7a62b1315d3fc7,896461,146045.0,239.0,0.001636,1,1,306
2025-05-12 22:00:06,8f0d8653aca625181cb6c3f65e1aa2e37e9037f92df76311c238a4353fa342a3,896461,7749.0,599.0,0.0773,3,3,596
2025-05-12 22:00:06,fb5688619b145a959dc978275e1b48798b12c79dfc2d8761607eb49b6e43ee22,896461,1022035.0,192.0,0.000188,1,1,195
2025-05-12 22:00:06,5906e48b2bdf9a9b59e2801927a50fc28917c4949316c9c21de209cac9de6e76,896461,5780176.0,187.0,3.2e-05,1,1,191
2025-05-12 22:00:06,0b70810cc8abbcad654be4f5a1b9ad66a07b972305806eac2f671b56185c579e,896461,63489.0,297.0,0.004678,1,1,405
2025-05-12 22:00:06,30e547156c956f17693d80808be5553f4cf28a1f77c147afcaf44f3b80ee2936,896461,25517957.0,247.0,1e-05,1,2,222
2025-05-12 22:00:06,7672c25d1dc1b522c4346294d16f687583ab306804380d2e35d6288b831323b5,896461,2200954.0,269.0,0.000122,1,2,234
2025-05-12 22:00:06,4a930db7cc429df24486f866fd25eaafad0bcfd62271caf1e9ec63518d9853dd,896461,72452.0,3552.0,0.049026,1,1,192
2025-05-12 22:00:06,1e359951547d09a1fe990024b097d4b5b5a6de98579e2eaa1c9973d94a0e2ad0,896461,43720316.0,8249.0,0.000189,2,199,6761
2025-05-12 22:00:06,a57df25c96fd84352d115ab37d82f326f00db4c56a7bb63b474d5c0573813b07,896461,481437.0,197.0,0.000409,1,1,163
2025-05-12 22:00:06,719e7f473504c5da252bb040058e94e958914f3abbcacd951eec7daae816bca2,896461,9650156.0,250.0,2.6e-05,1,2,223
2025-05-12 22:00:06,0b1cf726e056d01ce1a65898d64f406a0e07c0e239bcadc6056d731e3bfc8460,896461,91154.0,422.0,0.00463,1,4,262
2025-05-12 22:00:06,4137f1f3aac2dc847a1d46fab7719c8efb02e0ac294476b9e72997d354e705af,896461,275422.0,580.0,0.002106,2,3,357
2025-05-12 22:00:06,a08ddb51c104a468e8b58c998ecd2142cbce6d5cea21bc4f51a5077c150e5143,896461,522921.0,308.0,0.000589,2,4,378
2025-05-12 22:00:06,39484f2e90ffda05bbf864655371663ec531857783c7f2ee499ddd5b2c951059,896461,4068702.0,249.0,6.1e-05,1,2,222
2025-05-12 22:00:06,76da066e4ce863aa148a23e1ea72f2dc9707418e91c0af497ced6a7f0dd2184b,896461,5467108.0,249.0,4.6e-05,1,2,222
2025-05-12 22:00:06,9586a0772d43ff83acfe435c29e7b02cdac0dab8fddda9487f6c2d872f12fd9d,896461,5486841.0,249.0,4.5e-05,1,2,222
2025-05-12 22:00:06,f2a5141166afde657e63f829eab507d6fe346f59f922c06af93c5a5812b180d2,896461,1650.0,680.0,0.412121,2,6,485
2025-05-12 22:00:06,aaf0cdcc38c246e274f8aa1283b1a6a3fef450fba67f89a79bf6b2bd489f54d9,896461,3354.0,855.0,0.254919,3,2,407
2025-05-12 22:00:06,4850071ab39b06c491ad2a00d2f478b8af8f54eeabb59cc6dc0a956a9e3cea60,896461,90085.0,240.0,0.002664,2,2,301
2025-05-12 22:00:06,c9ec7d47770bb44a1d88d8c88675af5eb9cbf5002df85a748364337ef794683a,896461,193076.0,240.0,0.001243,2,2,301
2025-05-12 22:00:06,13efffc9a79cc6ff671444266ce657c79be7a828523f0b4ded4855977d8916f4,896461,312191.0,368.0,0.001179,2,4,468
2025-05-12 22:00:06,371a30394287407c542e6a05f42434b22673e1f6b31fbbf4a931667a760fe822,896461,4202566.0,252.0,6e-05,1,2,222
2025-05-12 22:00:06,e4b7c5a7add5f6e0d4767366668831b1626d8f803768d228b0fc9d512097cb61,896461,1896962.0,3616.0,0.001906,1,1,194
2025-05-12 22:00:06,39481b94b8020b52d82cffc52d35a187ebb0ae984efaf263070952cf3219bdf1,896461,65719066.0,7746.0,0.000118,2,187,6358
2025-05-12 22:00:06,1d62f9a0818aeab1e16b64ad3f94ea497912ff7ede38730adac3a8491d781cdd,896461,289324.0,676.0,0.002336,2,2,373
2025-05-12 22:00:06,f55c0b4c5b47a30cebb2b1b60425f08718a0e598d64dd1244dc5833d8a04caa6,896461,1392810.0,256.0,0.000184,1,2,222
2025-05-12 22:00:06,256c8128de51fd806dd7208891a83201c20dc7a50870424ce8491dabe0520328,896461,865900.0,200.0,0.000231,1,1,191
2025-05-12 22:00:06,010643bcefefdade5ab1f52449677498ecb375b0fe5329bed517b5b87696428f,896461,1989249.0,751.0,0.000378,1,1,1355
2025-05-14 17:04:35,ff2eb83d29fde954e7f540ed894a5f17ae8c982ce5fc1f6fdf42f21b3ed09210,896698,19229488.0,512.0,2.7e-05,1,1,203
2025-05-14 17:04:35,e5c95ebb5fc281acb13d79b6d02bb4df2aa82f6d8f5fe25550e9e449bf4f5bff,896698,1182209.0,592.0,0.000501,1,2,222
2025-05-14 17:04:35,9e209ad6eddd0726ce09142d8af21637ecc0135b28cf222e3e2a31face6e84b9,896698,1100029.0,592.0,0.000538,1,2,222
2025-05-14 17:04:35,1a01d8010e9805232bd087a36490c04f234c7acc7718f6e3537a7c036e6ed917,896698,629708.0,592.0,0.00094,1,2,222
2025-05-14 17:04:35,5182b7ef85a08cd2d1c9fae6576e5021be2322ba86bda5aadd1b076bf1d4cd15,896698,951352687.0,846.0,1e-06,1,2,222
2025-05-14 17:04:35,c714515222792f6e40c4fa55c788aed22a64e8024c0a9302959e88ca6299b29b,896698,951792287.0,846.0,1e-06,1,2,223
2025-05-14 17:04:35,1eb8a3a96c7b2af74471663d8a11c74a87e60d1f07a665a20cc54fa7bfd3ce87,896698,952485656.0,677.0,1e-06,1,2,223
2025-05-14 17:04:35,b87d6af3ba06e0eab88676cd0fa6922d16446f323f01b3ff024725bf05c3ab6b,896698,952509958.0,508.0,1e-06,1,2,222
2025-05-14 17:04:35,758f050468e6cbf325605da4474378d0812a4b6250b6cb6e0781c0e7e42a0de3,896698,952571728.0,338.0,0.0,1,2,222
2025-05-14 17:04:35,7b11aa43372438d124ea903c24cbc83309bfb8b58a419faa741fe41468ba2e42,896698,959456428.0,338.0,0.0,1,2,222
2025-05-14 17:04:35,82f2312a5c0a2cc4db6bfc0ad577a156b9d374629575c0ef9883da4b5217c0e9,896698,330739.0,462.0,0.001397,1,1,191
2025-05-14 17:04:35,337d53ea85284f4c699b5e2bf4c9ea9c89d1e09abc2094edd60c84483ad208c6,896698,1613990.0,1554.0,0.000963,2,2,370
2025-05-14 17:04:35,cb51c83528cf2fdb9dc20a8bca0f86881f03bbb416e237e61c76d5ec1086c47c,896698,2124569.0,462.0,0.000217,1,1,191
2025-05-14 17:04:35,edf1834423ae316629dc134b5be290c2155bda6b05e4b40faf322b715e161c74,896698,19872.0,462.0,0.023249,1,1,191
2025-05-14 17:04:35,971a616a6b9668817a88fcce0915177ef7937eb46721c19655fa577dd3b6cb67,896698,73998.0,462.0,0.006243,1,1,191
2025-05-14 17:04:35,5ecfc08a9398875431fd1379bc02e0299cd18bd5f012ef47ea0a76c4218bde00,896698,183452.0,1554.0,0.008471,2,2,370
2025-05-14 17:04:35,916e61819deb5d8b456eeb30e258ff583d1c6d6dbf2ee782b848a9a1a7b0d8fd,896698,109424.0,1420.0,0.012977,2,1,338
2025-05-14 17:04:35,76bf6717d16add1600a0a8cbb080c1045808b7c37d0b57bb86161dc0033710d7,896698,117901125.0,1542.0,1.3e-05,2,4,748
2025-05-14 17:04:35,78f86112e50f2153e3407c552a347f8c9c35ae04c808990018407846063d71ba,896698,79480.0,643.0,0.00809,1,2,235
2025-05-14 17:04:35,c32f6dfe5ed4d0dbab712bf187d6e0a6766109e3acb1d3b757d210e9af4adf4b,896698,5186632.0,643.0,0.000124,1,2,235
2025-05-14 17:04:35,9090d35a6e308a8321a50a884a685675457131e206d70011464d56078bcca90a,896698,663202258.0,643.0,1e-06,1,2,234
2025-05-14 17:04:35,dd415dcfd081a5dac35ceb5827efb6e9923ea34be640502e3fa41e0761bd58da,896698,75985.0,475.0,0.006251,1,1,194
2025-05-14 17:04:35,a24b350c1fe528e1e170a25392fd46491caab52b1f56fe181af4556b62ba21be,896698,586408898.0,597.0,1e-06,1,2,223
2025-05-14 17:04:35,48590d88a4fe3cccde6ea345c60503ec1377275d63504ee7f1e2ac6590a4ebae,896698,778947001.0,597.0,1e-06,1,2,223
2025-05-14 17:04:35,9da3e9e64feae9e4a2de057e0105595892aa7ac02b256361c6c0a173bdd0dd90,896698,107228.0,513.0,0.004784,1,1,203
2025-05-14 17:04:35,8028f261b688ec4e407d4c8efe1c4dc7c2850b8a8064ff3ff6df7ab2968c26f8,896698,486866625.0,593.0,1e-06,1,2,222
2025-05-14 17:04:35,c3bdf27e5ee2fc1775d5e4b01660af2c24acc3005bd7d4eae808cb7e267825ba,896698,650166898.0,593.0,1e-06,1,2,222
2025-05-14 17:04:35,73a9667bcd5105defb6493d7750d32a8a85eaa9f7a556137e496e34c6f89b293,896698,1273630.0,593.0,0.000466,1,2,222
2025-05-14 17:04:35,fefb92eb6bdfa3f50af3810883cb01edce7c357e230345f059479452eb9c7976,896698,1723079346.0,593.0,0.0,1,2,222
2025-05-14 17:04:35,318fe5cc8dcc5af622b3c96015052603b02d1f6d809e1997c49915bfb79fa374,896698,75236692.0,593.0,8e-06,1,2,222
2025-05-14 17:04:35,4cede771fdace9bc0c1173498264b9cb905580471274e30d102532d6df742c71,896698,15090388.0,593.0,3.9e-05,1,2,223
2025-05-14 17:04:35,f45ad6f6527455a01a3ed14ea16f220883e15e95a09501e8e04678837f05cf39,896698,15042374.0,593.0,3.9e-05,1,2,222
2025-05-14 17:04:35,8e8d5b1c1235688b1c225e5ec94f9adffafd7c69b724ff4c6e3a71fb623179ea,896698,15730458.0,593.0,3.8e-05,1,2,222
2025-05-14 17:04:35,ec1d403beb83dcc2ec463a057a075ed3dea98856f19accaaf8ffae769d1f35f5,896698,17342698.0,593.0,3.4e-05,1,2,222
2025-05-14 17:04:35,c1fd1505bbb688d4eb686896b3a67b8b2ad951716fb99e005688fc36c9e4911f,896698,430861069.0,593.0,1e-06,1,2,222
2025-05-14 17:04:35,f2b51d5a08ef25d65d3b85f23914f1377d94a3e960a2761fd973e8de23b3561d,896698,279319463.0,593.0,2e-06,1,2,222
2025-05-14 17:04:35,e5536b5a082d28d3d37343d5ad11e771cb910abeb7c5138d66aeaaa16c861914,896698,46169274.0,593.0,1.3e-05,1,2,222
2025-05-14 17:04:35,95c566d4bfb9840df5a77029c3b2b4620cbf84b3323992b1f7744ef4d013cfa2,896698,46281180.0,593.0,1.3e-05,1,2,222
2025-05-14 17:04:35,c1d5dc74f13c62373303e92f76b57cd974b562bc518b435135c459d10188550e,896698,529351046.0,593.0,1e-06,1,2,222
2025-05-14 17:04:35,420f150ef7520c700eab2af6f3762eb31b8af3cc9fa5aa3d0e7966d596badb00,896698,2569528319.0,593.0,0.0,1,2,222
2025-05-14 17:04:35,a0535a06a7e5f321225d4e352d32aef82821c45284e2f9c1749b4c43b625d30e,896698,736940.0,691.0,0.000938,1,2,225
2025-05-14 17:04:35,b3b55241e10612e27c62264dc5c714eef5181b98363075b55bfba863caba1607,896698,1003357.0,508.0,0.000506,1,2,223
2025-05-14 17:04:35,74365e121c5885c5a3eb723cd0ccbbf8669f4caec11742374dc3ee980629e808,896698,1019085.0,915.0,0.000898,1,1,191
2025-05-14 17:04:35,e8d54236194726587be5ec9cebd5850c69f3a783646c18fddff0d96b0e13e1a4,896698,3648843.0,141.0,3.9e-05,1,2,223
2025-05-14 17:04:35,8c8d9d580c276cd1903beab035846da70dcc8fdfe24c1ca8d4cab3c7a2960cef,896698,556459270.0,690.0,1e-06,1,2,245
2025-05-14 17:04:35,376f778c3afc62c8174ab609953307fa9433ef41c42e7b35b503da782e7c03c5,896698,3004152.0,690.0,0.00023,1,2,245
2025-05-14 17:04:35,2ea1bc038c67393569a1e43ec621672877e796ce756668fbde1b0317458a3bb4,896698,1034310.0,690.0,0.000667,1,2,245
2025-05-14 17:04:35,71cc86e8258197f53cc792f39805c83b3f202ab0c76f82ea4231b31167aabac3,896698,2999087.0,913.0,0.000304,1,2,492
2025-05-14 17:04:35,8a6b0540e828082233c096c7f77ecccc30795f26ea60655fbedde32a98f21a9c,896698,29713913.0,13603.0,0.000458,1,1,191
2025-05-14 17:04:35,03b8c1a6b37731171789a08aa4bd29fd66e96c67b467f355cd8c44aba1d77813,896698,971703.0,14973.0,0.015409,1,1,191
2025-05-14 17:04:35,08e0e4a9ce472da940ee4e6f7a61984947d73ac999615be9616790b3dfc1533a,896698,275674435.0,13143.0,4.8e-05,1,200,6653
2025-05-14 17:04:35,b5537486325e71236e2e734e4d16663a9942856c6528d692c32f3da60644520a,896698,15196303.0,648.0,4.3e-05,1,2,205
2025-05-14 17:04:35,2804ddc01ddd94c73d9ae06a7bedc9b895016ce97bfecfde371c35a8c1734909,896698,564202257.0,606.0,1e-06,1,2,225
2025-05-14 17:04:35,cbe9da6f400466ef67ca6f0e5d58c15fffd3c2fa55c6359943243893beb94a5e,896698,998254.0,463.0,0.000464,1,1,191
2025-05-14 17:04:35,9ffb844538f821d2961e9b565d05cbca8bc9b85998341adcc76f320b41766c1c,896698,549488547.0,4630.0,8e-06,1,32,1182
2025-05-14 17:04:35,42f3e0cbe2438782a10b87771e3f056a7fa039ae21fb3bd002104fbc9c850771,896698,6107378583.0,2757.0,0.0,1,17,845
2025-05-14 17:04:35,b72b8eb08509e242e01b1707e8fc80cd6554d3e46e73b143257ff4bef6d6461c,896698,8405585.0,1187.0,0.000141,1,4,282
2025-05-14 17:04:35,56c4ccb738f7c4516e72fe3e4fabc4ed0f43c47de0882b313323a772be95be97,896698,463240.0,724.0,0.001563,1,3,253
2025-05-14 17:04:35,25b153d0a48faa8491191fb04c6bbc4a4e3163be17c213c907eb2cdf93c408f9,896698,29090387.0,2694.0,9.3e-05,2,14,801
2025-05-14 17:04:35,e1f035d4b487133525ceb4696d092d9cd0ec279cfb86ce430f678df4f43eca53,896698,39891697.0,6011.0,0.000151,20,2,3034
2025-05-14 17:04:35,6db3b4b2652580ef21c9bac914408ad79a23a81d9e54a592210e2c966c0eed23,896698,2259785.0,985.0,0.000436,1,5,315
2025-05-14 17:04:35,34ce554e41b9782bd4abcf507ca5258c686a382a3408506e6c70b0ec6df9586f,896698,999398.0,602.0,0.000602,1,2,224
2025-05-14 17:04:35,43f424badfbedee13f7b3d28e4d779ba03e1d94a86ac0daec65a43c9f48e3055,896698,1570558.0,1604.0,0.001021,5,1,783
2025-05-14 17:04:35,25ab0e0a24af4a1424be0c343f744d10099272c19007d1589f7c5de44fe9a4bf,896698,1228478146.0,3448.0,3e-06,1,23,901
2025-05-14 17:04:35,cf1c827437d4710146b8fa095468f6964d1970c6c1987b1633e23739f4e1a2fe,896698,1098343.0,2219.0,0.00202,5,2,929
2025-05-14 17:04:35,d42ef589ad3d8cca6b4c4b4de80942bc2960a080045ef6225c652109389887ef,896698,24065658.0,699.0,2.9e-05,1,2,247
2025-05-14 17:04:35,312a0f72563aa2ce26b1424fe63f4f077555b7c9abc96ed5322cb8a94af48063,896698,850715.0,619.0,0.000728,1,2,228
2025-05-14 17:04:35,5e6812acaa7848b2c57cc0d9d0211b752f1ba0a636f084fdb996820883fa54f6,896698,355757.0,1078.0,0.00303,2,2,418
2025-05-14 17:04:35,ec6c0b4ecec4b884a88899f39daeea4e334ffb55f4468049b1509da2e751b7c5,896698,1461071.0,1457.0,0.000997,4,2,668
2025-05-14 17:04:35,da9f9b05d658ca5cd09bf9a544f578426389f4acf67b3f05859fd7c0b0016d98,896698,6480223862.0,1916.0,0.0,1,10,646
2025-05-14 17:04:35,909b5f5bf7af19f7c1c3a52ea8d91439286887391d4b5ad49ca7043fa94e7c68,896698,94078.0,1554.0,0.016518,2,2,369
2025-05-14 17:04:35,0fddd617b8cf40c8eb8cfd4649dd5c99549f0081c13a0cf3386d5e6bfc8b854b,896698,100666.0,973.0,0.009666,1,2,231
2025-05-14 17:04:35,3e18dad02eebcf7ad2d97746ec2cd106f6fc8ffbcc03d5f6ee2f3a2dab97f8fc,896698,1006489.0,1449.0,0.00144,4,2,666
2025-05-14 17:04:35,be00ab6d03cfea79fb9e603173074eed841270fc5be9e4ec325b3296484c99fb,896698,1615875.0,594.0,0.000368,1,2,222
2025-05-14 17:04:35,f4369269f39e4c8f18a635d704c5782f5a49d37c19bd1af85942d0b2fdaea4f0,896698,1860890.0,594.0,0.000319,1,2,222
2025-05-14 17:04:35,eb36019cda3327fb73f635524907c465eb9d220915ec1dc99b83335baea846c1,896698,562030.0,594.0,0.001057,1,2,222
2025-05-14 17:04:35,7c06f04b1f0e2f2dafa6031451c5f649b44ff5937026039264535cd95d0096bd,896698,2371883.0,594.0,0.00025,1,2,222
2025-05-14 17:04:35,0f3964e225a13c747e4cb9d7fa5631d62bb0930b61f4272906b75a4a7ade088e,896698,4335515.0,594.0,0.000137,1,2,222
2025-05-14 17:04:35,5b6d34c620043b89a48812e4a947ef84b56257d8d18fb9e680dc5aab3a36e147,896698,3275119.0,594.0,0.000181,1,2,222
2025-05-14 17:04:35,97b67a6ff9be07348e748c5dbd784710b68203f19c9b71878941cc3ff587fc35,896698,61326939.0,594.0,1e-05,1,2,222
2025-05-14 17:04:35,935cdcc93ec876dfb80593021a7e74dd4ed625f229793223adddd6d275593b1f,896698,618195.0,594.0,0.000961,1,2,222
2025-05-14 17:04:35,d69c8dfa78ed965d6427eac59ede12a18b6ed9f7e9db0494597c6fee3848f22c,896698,68677.0,1163.0,0.016934,3,2,518
2025-05-14 17:04:35,23630dc66af3c3fe92574b154536a703f2212a3b064536551210dc8eade6782e,896698,944549.0,708.0,0.00075,1,2,250
2025-05-14 17:04:35,dfcc9b391805caf31f1d7223eea15c4541b1b6763bc19111c48aa52ebcd72f23,896698,378270.0,902.0,0.002385,2,2,376
2025-05-14 17:04:35,b3ede28c51ab74d8a1017ef0d95cce5a75de6f7f4e7fad12ffa2e88e677dde37,896698,20475775.0,24465.0,0.001195,85,1,12626
2025-05-14 17:04:35,a6877b6c1179d3852df67799239ad857bd7d34adad824488f89417c179f830f1,896698,207694.0,928.0,0.004468,2,2,382
2025-05-14 17:04:35,d43cd63235eb929a81efe8f239c166ae444217414fcc0c58cced894ec8b270b0,896698,60158334.0,1000.0,1.7e-05,1,5,319
2025-05-14 17:04:35,b0703b35473b5ea911c915d15166141a9c360805aeddd9b6f6df141b7c26709d,896698,19076.0,958.0,0.05022,1,2,224
2025-05-14 17:04:35,9e8b0e5672e48814899d1f0a4ed36ff512dfb7a295395063493eb1017bf5e2ae,896698,116680.0,1554.0,0.013318,2,2,371
2025-05-14 17:04:35,993b6cb8fb68c53ace8704bf3f6c7abf79c6f9a170edc71c2e961dd1ab814045,896698,133000.0,798.0,0.006,2,1,351
2025-05-14 17:04:35,5d0f901aec2b8cef3ef24e4a64745bb84708de3a28c381f3a69a5d57255557a1,896698,46349136.0,748.0,1.6e-05,2,1,339
2025-05-14 17:04:35,cbf42dafed06a87a09e0dec4256854d8c26a0c09ed3ec50ffc5a04da5fa8f84e,896698,546.0,704.0,1.289377,1,1,322
2025-05-14 17:04:35,14fcb6a762665a33bd12a2061910a97ff13fb8fa8eeb946d0e3734137e704dbc,896698,6778.0,904.0,0.133373,1,2,235
2025-05-14 17:04:35,e9d3ca0caadd770c0d3b134b9acb64f93b821d0f0ef0842ad9bd700e1683f673,896698,303944.0,1056.0,0.003474,1,1,189
2025-05-14 17:04:35,d81712e83f5a15b2cfbd5a2a745b5e5cd24bb0eace00db22460d52ce55b6e34e,896698,304659.0,641.0,0.002104,1,1,192
2025-05-14 17:04:35,2c47e4bd40bf78fe0e5aa58b5b1588011664d1e35d00e5f1172a24cedfc2ae28,896698,151759.0,641.0,0.004224,1,1,191
2025-05-14 17:04:35,4319a4a9b9ec8f817a3dfc810080b5613aa25ae4e5a0de9797596070e8aebd03,896698,406359.0,641.0,0.001577,1,1,191
2025-05-14 17:04:35,8b75a4f3eb981a97fa26fafdd4f198d10e972efd0e20fd791172a4fb762ea479,896698,506150.0,2137.0,0.004222,1,1,193
2025-05-14 17:04:35,f7a4b820e3651e7755ac8497900fd99c19204c19a1a04f19536f182a081a38f9,896698,508287.0,513.0,0.001009,1,1,191
2025-05-14 17:04:35,03ddebcc6cb80bb58e51bdf24d384f6b8e564ba5a1f6eafeadc57b51dac58914,896698,48150.0,2137.0,0.044382,1,1,191
2025-05-14 17:04:35,ff2eb83d29fde954e7f540ed894a5f17ae8c982ce5fc1f6fdf42f21b3ed09210,896698,19229488.0,512.0,2.7e-05,1,1,203
2025-05-14 17:04:35,e5c95ebb5fc281acb13d79b6d02bb4df2aa82f6d8f5fe25550e9e449bf4f5bff,896698,1182209.0,592.0,0.000501,1,2,222
2025-05-14 17:04:35,9e209ad6eddd0726ce09142d8af21637ecc0135b28cf222e3e2a31face6e84b9,896698,1100029.0,592.0,0.000538,1,2,222
2025-05-14 17:04:35,1a01d8010e9805232bd087a36490c04f234c7acc7718f6e3537a7c036e6ed917,896698,629708.0,592.0,0.00094,1,2,222
2025-05-14 17:04:35,5182b7ef85a08cd2d1c9fae6576e5021be2322ba86bda5aadd1b076bf1d4cd15,896698,951352687.0,846.0,1e-06,1,2,222
2025-05-14 17:04:35,c714515222792f6e40c4fa55c788aed22a64e8024c0a9302959e88ca6299b29b,896698,951792287.0,846.0,1e-06,1,2,223
2025-05-14 17:04:35,1eb8a3a96c7b2af74471663d8a11c74a87e60d1f07a665a20cc54fa7bfd3ce87,896698,952485656.0,677.0,1e-06,1,2,223
2025-05-14 17:04:35,b87d6af3ba06e0eab88676cd0fa6922d16446f323f01b3ff024725bf05c3ab6b,896698,952509958.0,508.0,1e-06,1,2,222
2025-05-14 17:04:35,758f050468e6cbf325605da4474378d0812a4b6250b6cb6e0781c0e7e42a0de3,896698,952571728.0,338.0,0.0,1,2,222
2025-05-14 17:04:35,7b11aa43372438d124ea903c24cbc83309bfb8b58a419faa741fe41468ba2e42,896698,959456428.0,338.0,0.0,1,2,222
2025-05-14 17:04:35,82f2312a5c0a2cc4db6bfc0ad577a156b9d374629575c0ef9883da4b5217c0e9,896698,330739.0,462.0,0.001397,1,1,191
2025-05-14 17:04:35,337d53ea85284f4c699b5e2bf4c9ea9c89d1e09abc2094edd60c84483ad208c6,896698,1613990.0,1554.0,0.000963,2,2,370
2025-05-14 17:04:35,cb51c83528cf2fdb9dc20a8bca0f86881f03bbb416e237e61c76d5ec1086c47c,896698,2124569.0,462.0,0.000217,1,1,191
2025-05-14 17:04:35,edf1834423ae316629dc134b5be290c2155bda6b05e4b40faf322b715e161c74,896698,19872.0,462.0,0.023249,1,1,191
2025-05-14 17:04:35,971a616a6b9668817a88fcce0915177ef7937eb46721c19655fa577dd3b6cb67,896698,73998.0,462.0,0.006243,1,1,191
2025-05-14 17:04:35,5ecfc08a9398875431fd1379bc02e0299cd18bd5f012ef47ea0a76c4218bde00,896698,183452.0,1554.0,0.008471,2,2,370
2025-05-14 17:04:35,916e61819deb5d8b456eeb30e258ff583d1c6d6dbf2ee782b848a9a1a7b0d8fd,896698,109424.0,1420.0,0.012977,2,1,338
2025-05-14 17:04:35,76bf6717d16add1600a0a8cbb080c1045808b7c37d0b57bb86161dc0033710d7,896698,117901125.0,1542.0,1.3e-05,2,4,748
2025-05-14 17:04:35,78f86112e50f2153e3407c552a347f8c9c35ae04c808990018407846063d71ba,896698,79480.0,643.0,0.00809,1,2,235
2025-05-14 17:04:35,c32f6dfe5ed4d0dbab712bf187d6e0a6766109e3acb1d3b757d210e9af4adf4b,896698,5186632.0,643.0,0.000124,1,2,235
2025-05-14 17:04:35,9090d35a6e308a8321a50a884a685675457131e206d70011464d56078bcca90a,896698,663202258.0,643.0,1e-06,1,2,234
2025-05-14 17:04:35,dd415dcfd081a5dac35ceb5827efb6e9923ea34be640502e3fa41e0761bd58da,896698,75985.0,475.0,0.006251,1,1,194
2025-05-14 17:04:35,a24b350c1fe528e1e170a25392fd46491caab52b1f56fe181af4556b62ba21be,896698,586408898.0,597.0,1e-06,1,2,223
2025-05-14 17:04:35,48590d88a4fe3cccde6ea345c60503ec1377275d63504ee7f1e2ac6590a4ebae,896698,778947001.0,597.0,1e-06,1,2,223
2025-05-14 17:04:35,9da3e9e64feae9e4a2de057e0105595892aa7ac02b256361c6c0a173bdd0dd90,896698,107228.0,513.0,0.004784,1,1,203
2025-05-14 17:04:35,8028f261b688ec4e407d4c8efe1c4dc7c2850b8a8064ff3ff6df7ab2968c26f8,896698,486866625.0,593.0,1e-06,1,2,222
2025-05-14 17:04:35,c3bdf27e5ee2fc1775d5e4b01660af2c24acc3005bd7d4eae808cb7e267825ba,896698,650166898.0,593.0,1e-06,1,2,222
2025-05-14 17:04:35,73a9667bcd5105defb6493d7750d32a8a85eaa9f7a556137e496e34c6f89b293,896698,1273630.0,593.0,0.000466,1,2,222
2025-05-14 17:04:35,fefb92eb6bdfa3f50af3810883cb01edce7c357e230345f059479452eb9c7976,896698,1723079346.0,593.0,0.0,1,2,222
2025-05-14 17:04:35,318fe5cc8dcc5af622b3c96015052603b02d1f6d809e1997c49915bfb79fa374,896698,75236692.0,593.0,8e-06,1,2,222
2025-05-14 17:04:35,4cede771fdace9bc0c1173498264b9cb905580471274e30d102532d6df742c71,896698,15090388.0,593.0,3.9e-05,1,2,223
2025-05-14 17:04:35,f45ad6f6527455a01a3ed14ea16f220883e15e95a09501e8e04678837f05cf39,896698,15042374.0,593.0,3.9e-05,1,2,222
2025-05-14 17:04:35,8e8d5b1c1235688b1c225e5ec94f9adffafd7c69b724ff4c6e3a71fb623179ea,896698,15730458.0,593.0,3.8e-05,1,2,222
2025-05-14 17:04:35,ec1d403beb83dcc2ec463a057a075ed3dea98856f19accaaf8ffae769d1f35f5,896698,17342698.0,593.0,3.4e-05,1,2,222
2025-05-14 17:04:35,c1fd1505bbb688d4eb686896b3a67b8b2ad951716fb99e005688fc36c9e4911f,896698,430861069.0,593.0,1e-06,1,2,222
2025-05-14 17:04:35,f2b51d5a08ef25d65d3b85f23914f1377d94a3e960a2761fd973e8de23b3561d,896698,279319463.0,593.0,2e-06,1,2,222
2025-05-14 17:04:35,e5536b5a082d28d3d37343d5ad11e771cb910abeb7c5138d66aeaaa16c861914,896698,46169274.0,593.0,1.3e-05,1,2,222
2025-05-14 17:04:35,95c566d4bfb9840df5a77029c3b2b4620cbf84b3323992b1f7744ef4d013cfa2,896698,46281180.0,593.0,1.3e-05,1,2,222
2025-05-14 17:04:35,c1d5dc74f13c62373303e92f76b57cd974b562bc518b435135c459d10188550e,896698,529351046.0,593.0,1e-06,1,2,222
2025-05-14 17:04:35,420f150ef7520c700eab2af6f3762eb31b8af3cc9fa5aa3d0e7966d596badb00,896698,2569528319.0,593.0,0.0,1,2,222
2025-05-14 17:04:35,a0535a06a7e5f321225d4e352d32aef82821c45284e2f9c1749b4c43b625d30e,896698,736940.0,691.0,0.000938,1,2,225
2025-05-14 17:04:35,b3b55241e10612e27c62264dc5c714eef5181b98363075b55bfba863caba1607,896698,1003357.0,508.0,0.000506,1,2,223
2025-05-14 17:04:35,74365e121c5885c5a3eb723cd0ccbbf8669f4caec11742374dc3ee980629e808,896698,1019085.0,915.0,0.000898,1,1,191
2025-05-14 17:04:35,e8d54236194726587be5ec9cebd5850c69f3a783646c18fddff0d96b0e13e1a4,896698,3648843.0,141.0,3.9e-05,1,2,223
2025-05-14 17:04:35,8c8d9d580c276cd1903beab035846da70dcc8fdfe24c1ca8d4cab3c7a2960cef,896698,556459270.0,690.0,1e-06,1,2,245
2025-05-14 17:04:35,376f778c3afc62c8174ab609953307fa9433ef41c42e7b35b503da782e7c03c5,896698,3004152.0,690.0,0.00023,1,2,245
2025-05-14 17:04:35,2ea1bc038c67393569a1e43ec621672877e796ce756668fbde1b0317458a3bb4,896698,1034310.0,690.0,0.000667,1,2,245
2025-05-14 17:04:35,71cc86e8258197f53cc792f39805c83b3f202ab0c76f82ea4231b31167aabac3,896698,2999087.0,913.0,0.000304,1,2,492
2025-05-14 17:04:35,8a6b0540e828082233c096c7f77ecccc30795f26ea60655fbedde32a98f21a9c,896698,29713913.0,13603.0,0.000458,1,1,191
2025-05-14 17:04:35,03b8c1a6b37731171789a08aa4bd29fd66e96c67b467f355cd8c44aba1d77813,896698,971703.0,14973.0,0.015409,1,1,191
2025-05-14 17:04:35,08e0e4a9ce472da940ee4e6f7a61984947d73ac999615be9616790b3dfc1533a,896698,275674435.0,13143.0,4.8e-05,1,200,6653
2025-05-14 17:04:35,b5537486325e71236e2e734e4d16663a9942856c6528d692c32f3da60644520a,896698,15196303.0,648.0,4.3e-05,1,2,205
2025-05-14 17:04:35,2804ddc01ddd94c73d9ae06a7bedc9b895016ce97bfecfde371c35a8c1734909,896698,564202257.0,606.0,1e-06,1,2,225
2025-05-14 17:04:35,cbe9da6f400466ef67ca6f0e5d58c15fffd3c2fa55c6359943243893beb94a5e,896698,998254.0,463.0,0.000464,1,1,191
2025-05-14 17:04:35,9ffb844538f821d2961e9b565d05cbca8bc9b85998341adcc76f320b41766c1c,896698,549488547.0,4630.0,8e-06,1,32,1182
2025-05-14 17:04:35,42f3e0cbe2438782a10b87771e3f056a7fa039ae21fb3bd002104fbc9c850771,896698,6107378583.0,2757.0,0.0,1,17,845
2025-05-14 17:04:35,b72b8eb08509e242e01b1707e8fc80cd6554d3e46e73b143257ff4bef6d6461c,896698,8405585.0,1187.0,0.000141,1,4,282
2025-05-14 17:04:35,56c4ccb738f7c4516e72fe3e4fabc4ed0f43c47de0882b313323a772be95be97,896698,463240.0,724.0,0.001563,1,3,253
2025-05-14 17:04:35,25b153d0a48faa8491191fb04c6bbc4a4e3163be17c213c907eb2cdf93c408f9,896698,29090387.0,2694.0,9.3e-05,2,14,801
2025-05-14 17:04:35,e1f035d4b487133525ceb4696d092d9cd0ec279cfb86ce430f678df4f43eca53,896698,39891697.0,6011.0,0.000151,20,2,3034
2025-05-14 17:04:35,6db3b4b2652580ef21c9bac914408ad79a23a81d9e54a592210e2c966c0eed23,896698,2259785.0,985.0,0.000436,1,5,315
2025-05-14 17:04:35,34ce554e41b9782bd4abcf507ca5258c686a382a3408506e6c70b0ec6df9586f,896698,999398.0,602.0,0.000602,1,2,224
2025-05-14 17:04:35,43f424badfbedee13f7b3d28e4d779ba03e1d94a86ac0daec65a43c9f48e3055,896698,1570558.0,1604.0,0.001021,5,1,783
2025-05-14 17:04:35,25ab0e0a24af4a1424be0c343f744d10099272c19007d1589f7c5de44fe9a4bf,896698,1228478146.0,3448.0,3e-06,1,23,901
2025-05-14 17:04:35,cf1c827437d4710146b8fa095468f6964d1970c6c1987b1633e23739f4e1a2fe,896698,1098343.0,2219.0,0.00202,5,2,929
2025-05-14 17:04:35,d42ef589ad3d8cca6b4c4b4de80942bc2960a080045ef6225c652109389887ef,896698,24065658.0,699.0,2.9e-05,1,2,247
2025-05-14 17:04:35,312a0f72563aa2ce26b1424fe63f4f077555b7c9abc96ed5322cb8a94af48063,896698,850715.0,619.0,0.000728,1,2,228
2025-05-14 17:04:35,5e6812acaa7848b2c57cc0d9d0211b752f1ba0a636f084fdb996820883fa54f6,896698,355757.0,1078.0,0.00303,2,2,418
2025-05-14 17:04:35,ec6c0b4ecec4b884a88899f39daeea4e334ffb55f4468049b1509da2e751b7c5,896698,1461071.0,1457.0,0.000997,4,2,668
2025-05-14 17:04:35,da9f9b05d658ca5cd09bf9a544f578426389f4acf67b3f05859fd7c0b0016d98,896698,6480223862.0,1916.0,0.0,1,10,646
2025-05-14 17:04:35,909b5f5bf7af19f7c1c3a52ea8d91439286887391d4b5ad49ca7043fa94e7c68,896698,94078.0,1554.0,0.016518,2,2,369
2025-05-14 17:04:35,0fddd617b8cf40c8eb8cfd4649dd5c99549f0081c13a0cf3386d5e6bfc8b854b,896698,100666.0,973.0,0.009666,1,2,231
2025-05-14 17:04:35,3e18dad02eebcf7ad2d97746ec2cd106f6fc8ffbcc03d5f6ee2f3a2dab97f8fc,896698,1006489.0,1449.0,0.00144,4,2,666
2025-05-14 17:04:35,be00ab6d03cfea79fb9e603173074eed841270fc5be9e4ec325b3296484c99fb,896698,1615875.0,594.0,0.000368,1,2,222
2025-05-14 17:04:35,f4369269f39e4c8f18a635d704c5782f5a49d37c19bd1af85942d0b2fdaea4f0,896698,1860890.0,594.0,0.000319,1,2,222
2025-05-14 17:04:35,eb36019cda3327fb73f635524907c465eb9d220915ec1dc99b83335baea846c1,896698,562030.0,594.0,0.001057,1,2,222
2025-05-14 17:04:35,7c06f04b1f0e2f2dafa6031451c5f649b44ff5937026039264535cd95d0096bd,896698,2371883.0,594.0,0.00025,1,2,222
2025-05-14 17:04:35,0f3964e225a13c747e4cb9d7fa5631d62bb0930b61f4272906b75a4a7ade088e,896698,4335515.0,594.0,0.000137,1,2,222
2025-05-14 17:04:35,5b6d34c620043b89a48812e4a947ef84b56257d8d18fb9e680dc5aab3a36e147,896698,3275119.0,594.0,0.000181,1,2,222
2025-05-14 17:04:35,97b67a6ff9be07348e748c5dbd784710b68203f19c9b71878941cc3ff587fc35,896698,61326939.0,594.0,1e-05,1,2,222
2025-05-14 17:04:35,935cdcc93ec876dfb80593021a7e74dd4ed625f229793223adddd6d275593b1f,896698,618195.0,594.0,0.000961,1,2,222
2025-05-14 17:04:35,d69c8dfa78ed965d6427eac59ede12a18b6ed9f7e9db0494597c6fee3848f22c,896698,68677.0,1163.0,0.016934,3,2,518
2025-05-14 17:04:35,23630dc66af3c3fe92574b154536a703f2212a3b064536551210dc8eade6782e,896698,944549.0,708.0,0.00075,1,2,250
2025-05-14 17:04:35,dfcc9b391805caf31f1d7223eea15c4541b1b6763bc19111c48aa52ebcd72f23,896698,378270.0,902.0,0.002385,2,2,376
2025-05-14 17:04:35,b3ede28c51ab74d8a1017ef0d95cce5a75de6f7f4e7fad12ffa2e88e677dde37,896698,20475775.0,24465.0,0.001195,85,1,12626
2025-05-14 17:04:35,a6877b6c1179d3852df67799239ad857bd7d34adad824488f89417c179f830f1,896698,207694.0,928.0,0.004468,2,2,382
2025-05-14 17:04:35,d43cd63235eb929a81efe8f239c166ae444217414fcc0c58cced894ec8b270b0,896698,60158334.0,1000.0,1.7e-05,1,5,319
2025-05-14 17:04:35,b0703b35473b5ea911c915d15166141a9c360805aeddd9b6f6df141b7c26709d,896698,19076.0,958.0,0.05022,1,2,224
2025-05-14 17:04:35,9e8b0e5672e48814899d1f0a4ed36ff512dfb7a295395063493eb1017bf5e2ae,896698,116680.0,1554.0,0.013318,2,2,371
2025-05-14 17:04:35,993b6cb8fb68c53ace8704bf3f6c7abf79c6f9a170edc71c2e961dd1ab814045,896698,133000.0,798.0,0.006,2,1,351
2025-05-14 17:04:35,5d0f901aec2b8cef3ef24e4a64745bb84708de3a28c381f3a69a5d57255557a1,896698,46349136.0,748.0,1.6e-05,2,1,339
2025-05-14 17:04:35,cbf42dafed06a87a09e0dec4256854d8c26a0c09ed3ec50ffc5a04da5fa8f84e,896698,546.0,704.0,1.289377,1,1,322
2025-05-14 17:04:35,14fcb6a762665a33bd12a2061910a97ff13fb8fa8eeb946d0e3734137e704dbc,896698,6778.0,904.0,0.133373,1,2,235
2025-05-14 17:04:35,e9d3ca0caadd770c0d3b134b9acb64f93b821d0f0ef0842ad9bd700e1683f673,896698,303944.0,1056.0,0.003474,1,1,189
2025-05-14 17:04:35,d81712e83f5a15b2cfbd5a2a745b5e5cd24bb0eace00db22460d52ce55b6e34e,896698,304659.0,641.0,0.002104,1,1,192
2025-05-14 17:04:35,2c47e4bd40bf78fe0e5aa58b5b1588011664d1e35d00e5f1172a24cedfc2ae28,896698,151759.0,641.0,0.004224,1,1,191
2025-05-14 17:04:35,4319a4a9b9ec8f817a3dfc810080b5613aa25ae4e5a0de9797596070e8aebd03,896698,406359.0,641.0,0.001577,1,1,191
2025-05-14 17:04:35,8b75a4f3eb981a97fa26fafdd4f198d10e972efd0e20fd791172a4fb762ea479,896698,506150.0,2137.0,0.004222,1,1,193
2025-05-14 17:04:35,f7a4b820e3651e7755ac8497900fd99c19204c19a1a04f19536f182a081a38f9,896698,508287.0,513.0,0.001009,1,1,191
2025-05-14 17:04:35,03ddebcc6cb80bb58e51bdf24d384f6b8e564ba5a1f6eafeadc57b51dac58914,896698,48150.0,2137.0,0.044382,1,1,191
2025-05-17 10:23:47,076c50b7a4f73c5bc7f47ef43288f505941723edced6cd3cac8ac6c08eb9f62e,897086,706199640.0,14462.0,2e-05,12,1,3588
2025-05-17 10:23:47,3296df81e976d43872602c889d36f4ea45eeccec313c2b4ee1cc7fa2a39230f8,897086,12598.0,524.0,0.041594,1,2,181
2025-05-17 10:23:47,791cf1464266c87aff4eb6e5e510a7ac13e59b1a3ac750901af9fc350400b7db,897086,12162.0,3136.0,0.257852,5,1,778
2025-05-17 10:23:47,41d560876ccd8cd99b456fbe716111ff6cbe8e7fc19a416d0686a3673a318a06,897086,946383.0,1000.0,0.001057,2,2,493
2025-05-17 10:23:47,d1a1dffeb3df18275168b9f3fbe09787c081a47376785f124427afed604392b8,897086,810035.0,908.0,0.001121,1,2,225
2025-05-17 10:23:47,558d111abffdc473059ed62c1eb4255b16102c547c52fba2c92df610d0463eef,897086,6699148.0,852.0,0.000127,2,2,373
2025-05-17 10:23:47,f53a9096e05d9ba5c7b51b71681d5ccad4d6e713b3cb4863f5c9d2ac63863fc7,897086,19999600.0,400.0,2e-05,1,1,150
2025-05-17 10:23:47,6cbb3f8a549bcd97ba945449c8cf1d7f85b4ca5ec7c016e5564c87fc61105c46,897086,684671.0,620.0,0.000906,1,2,234
2025-05-17 10:23:47,02b4138c65161adaadd164b30839caf7ebe139bd6fd7a664678fdade42e6f46c,897086,23576.0,584.0,0.024771,1,2,226
2025-05-17 10:23:47,3ad6d251350269ecd4c1201048445ef06f90d6cce8e84c47f73aee9c407f147e,897086,1099308.0,860.0,0.000782,1,2,404
2025-05-17 10:23:47,b6c15e42903d39d13426c9ba84408f9400c5f489efc9b14b3615d6599bb34934,897086,1046576.0,860.0,0.000822,1,2,402
2025-05-17 10:23:47,36163c01aeda68cec5acb29f0ea6a22ccea25de848512bfdde9dedf977a0bf78,897086,34687793.0,96068.0,0.00277,347,2,51608
2025-05-17 10:23:47,e6d89d72de40eed488de5440e9aa39d6ce18fb8d6ae3bc86a6310b6bd07f39a3,897086,30957716.0,149888.0,0.004842,542,2,80559
2025-05-17 10:23:47,4bd4d49c5b2f4e7b822dd8489041e55cd3ffee37dfde0ddc12f0da97f6493b7b,897086,218800.0,912.0,0.004168,1,2,414
2025-05-17 10:23:47,dca98df0f675a4fcdc2533d0a77c50e12bc06430a95ed49a9f500d49010e52c6,897086,20676.0,721.0,0.034871,2,1,339
2025-05-17 10:23:47,ff10e647473757fe9eac3167ad8352e58d5f10d1835f920262d189d2b21e2824,897086,43939048.0,576.0,1.3e-05,1,2,222
2025-05-17 10:23:47,59d6dfee9fcdb1ea51ea64ecff0aad6e562b2ae83aee0909209e6595b65b616d,897086,22788.0,1174.0,0.051518,1,1,192
2025-05-17 10:23:47,4192c38ab57f998e33c35550a786bf5aef8e6a8dfc6176b4656c694e44a490ff,897086,582968004.0,1122.0,2e-06,1,12,533
2025-05-17 10:23:47,1184f2d4bf5a649cd7213e22d49b4a18ae5630a60d172d50ae639297b4143eef,897086,2374249.0,854.0,0.00036,2,2,371
2025-05-17 10:23:47,66bdbd9f85fd5c571254fd07bf1216da3795cdaaa58dcb109f3248298e4e60dd,897086,2180582.0,854.0,0.000392,2,2,371
2025-05-17 10:23:47,02f0a360bff1dbdbbb053145dc9f8571a6cba7d2201ebe89c5212ac54ddb4b06,897086,7039.0,854.0,0.121324,2,2,371
2025-05-17 10:23:47,7aea0708e42490acce2159897a6119c4fb21857f5c92e142fec36832665c9c4c,897086,10244.0,854.0,0.083366,2,2,372
2025-05-17 10:23:47,58c3ddc55670e1318a9330d79947a5422fd7064e7656f91b6726fd5af5738f07,897086,380607.0,1128.0,0.002964,3,2,519
2025-05-17 10:23:47,56f23955249c82a05eba9871f22ef0b0325c87fead7c6989108a5ce9f868124a,897086,6475.0,724.0,0.111815,2,1,339
2025-05-17 10:23:47,7b687533c410a12abcfebdaee32fd3352db8b29a68ddc51d96be2f3baddaa138,897086,483235.0,450.0,0.000931,1,1,192
2025-05-17 10:23:47,f80387b9a51b95e8289c77343dbdb8493364b2204600613337dab38b61e2c02d,897086,7745.0,405.0,0.052292,1,1,150
2025-05-17 10:23:47,e063a4a79d031c8d1873076b8511196bbbf95f94a3d6c69f391fb15556a7499d,897086,24807498.0,712.0,2.9e-05,1,3,255
2025-05-17 10:23:47,b6fd79b268d576304524dac60cd2a600633a760bf9269e0b1a218c3f0c3fe489,897086,119095.0,705.0,0.00592,1,3,253
2025-05-17 10:23:47,7628dd885dc41a9678513ef1e1399574e92dc9a8fb6b61c1b4d0b2e13e699786,897086,468376.0,578.0,0.001234,1,2,222
2025-05-17 10:23:47,25d6cbe28e34d2e26c4505f507183f47173fe3a802192bb3777f3d37231f9039,897086,999999536.0,464.0,0.0,1,1,194
2025-05-17 10:23:47,93ff3dc754a16a7cb85a2a7901959ffd22bc222ba80f4e794250b76aa42e3b44,897086,46416.0,584.0,0.012582,1,2,193
2025-05-17 10:23:47,f6bcf22aa36e6537ea4e123f830f6cb505633cad6ab4563130ec946d53e8c203,897086,101349.0,584.0,0.005762,1,2,193
2025-05-17 10:23:47,be6940cd64e50f49e68f299538c7b51918be4281e1e29f127b203d443c47d2df,897086,850412.0,1288.0,0.001515,1,6,394
2025-05-17 10:23:47,77350e361a3daaa04fe95cb47a723c1aebe09130b6ae0ecec7f601f8500690cb,897086,1008512.0,1288.0,0.001277,1,6,394
2025-05-17 10:23:47,2b402173d6bf37f3e0a6300e964b8ecc7b981237046828d653067a808bcafc17,897086,988112.0,1288.0,0.001303,1,6,394
2025-05-17 10:23:47,e75264eb040231eed5479ae8760fa6128e1eb8bc8730ca144e1b86e82fb7e609,897086,998312.0,1288.0,0.00129,1,6,395
2025-05-17 10:23:47,ce7e0778f2826c1dce560ec581461a10da4ab0b89578dcebbb105be6ca71fd39,897086,7874556.0,1763.0,0.000224,2,5,809
2025-05-17 10:23:47,9d8a4227cea7a809c55e7ce5e11bc70f9da29aba4f27031108d5e89bc0b5f7e0,897086,554456.0,1240.0,0.002236,1,6,383
2025-05-17 10:23:47,9be4a8ebd712fd734ba746ccfb0451615090c2a7d1ff3c2a644cba50c75f20d1,897086,616574.0,1240.0,0.002011,1,6,383
2025-05-17 10:23:47,c47b49f70d2e814532e2d4e6492906f524aef88eb329b71f6019b08aef0caecd,897086,1029980.0,1240.0,0.001204,1,6,383
2025-05-17 10:23:47,2e33f9730aa5228d8e85991f9d2c3a877222193934c06c200ef21474ae40a6ac,897086,1028450.0,1240.0,0.001206,1,6,383
2025-05-17 10:23:47,5b4c84eb5b21f59c2a02d23bc784a4e24d4c1dd3e15f2a5284da22cc91aaa45e,897086,1365560.0,1240.0,0.000908,1,6,383
2025-05-17 10:23:47,4073d06e0609c54e039b7d4da63317d44dc0e07e38ad066fc8c4f3ba44317dee,897086,145475.0,1241.0,0.008531,1,6,382
2025-05-17 10:23:47,563ad70849ba7e3eddeb515deaf089e0df95f89da8722c1fe85de4fad494ecce,897086,553966.0,1241.0,0.00224,1,6,382
2025-05-17 10:23:47,27db90d97c6e1fb38ca43e3413f977bb7d3488ed59850013cb4bb7987fda4833,897086,2794.0,890.0,0.31854,2,1,339
2025-05-17 10:23:47,617946d683d7b55943d90079c15b14b976f2a71b280a6e77e996d406a8307f95,897086,51430.0,423.0,0.008225,1,2,222
2025-05-17 10:23:47,06c8fdb50ff981e1ff5ff6df6a319048ca9249d816a21e6a8775bb0c8af838fd,897086,81785578.0,958.0,1.2e-05,1,3,423
2025-05-17 10:23:47,bc42320df6cda855290194f4799590f571ee0803bd27c9d34da95b82ee1bec76,897086,9459372.0,913.0,9.7e-05,1,3,412
2025-05-17 10:23:47,219366a391c189c0d10c24422e45ff2f546b55cbc874552d324f18548ad9159f,897086,486782.0,909.0,0.001867,1,3,411
2025-05-17 10:23:47,98ff3412384223769bca5f01bd513feb7ebc30d7e94dac0d1aadb5573a57fcd2,897086,1908208.0,781.0,0.000409,1,2,380
2025-05-17 10:23:47,e2541e0c61733811d928169b3e40bd852a0829ba55c5b511d6af9319995a6fc4,897086,1034412.0,781.0,0.000755,1,2,379
2025-05-17 10:23:47,ee12a438d04186ceba81b90c72642f63a7d56175deef74ca2c0cfc609eefb873,897086,863457.0,781.0,0.000905,1,2,381
2025-05-17 10:23:47,1635363219b8022690decd66360721205df7a64649f03c4af5a26c7927091348,897086,1398473.0,4666.0,0.003336,10,2,3029
2025-05-17 10:23:47,c9e93c9468bf1bdf66f17d5704257eb86bdd38659e4c647bdadbfbe23b47191e,897086,518880.0,1116.0,0.002151,1,5,351
2025-05-17 10:23:47,a28f27d725643533af632b580d5ab152be59d146ca5b6693f8bd4f222ca2391d,897086,518878.0,1116.0,0.002151,1,5,351
2025-05-17 10:23:47,f1aff6479eeea2ec8515875f00a14775fbccef5ca0aca2963918720a85097c83,897086,66957.0,583.0,0.008707,1,2,223
2025-05-17 10:23:47,f3f8b660a9e6df33f01754183a1ecd75c10eec5d52db16afd537603c6c9ac61c,897086,100667.0,583.0,0.005791,1,2,223
2025-05-17 10:23:47,e8881300ea3fe0997f665687e815433fa1e745598a1d98c6ecf353b6cd0bc719,897086,3265372.0,583.0,0.000179,1,2,223
2025-05-17 10:23:47,de52cf7cbeb2918f3ab53b475b09063da196244864d0e088887c0cf77dcc4da2,897086,3285955.0,583.0,0.000177,1,2,222
2025-05-17 10:23:47,2d47f1b5bf74e612570b749321209277993ab709789404e1379d9fb21a0967b0,897086,3306538.0,583.0,0.000176,1,2,223
2025-05-17 10:23:47,349d2fbae8bff2215d537c004f4c75e6e27292326d07ad44b7323f903035afe1,897086,307324.0,584.0,0.0019,1,2,222
2025-05-17 10:23:47,1d9fce7f6608459a430909bfbc3a0c7d61b23adba044c0e702f68fbc6899a755,897086,588470.0,584.0,0.000992,1,2,223
2025-05-17 10:23:47,df0775fef0399e0cff9b1e84e75322995506a2f03539383854abd92ffbd6c253,897086,1845135.0,1308.0,0.000709,3,1,558
2025-05-17 10:23:47,13176a1544fbd14dd2216c1ba943d96e08a3435d9b5a5e56a825c7c69d3eafde,897086,9576.0,424.0,0.044277,1,1,153
2025-05-17 10:23:47,df2e69aedb9e9a1d1e4644d0dcd3724d1148f0bfe42f3f1d149b46a2f3d37dc6,897086,3949843.0,940.0,0.000238,1,2,226
2025-05-17 10:23:47,eefbac57fe182f02a04c93cfbb8d2b4dc27ae7b12ae94788764e61c0e8d1c4cb,897086,666706.0,637.0,0.000955,1,2,234
2025-05-17 10:23:47,e1d5eeab2df083785677b747acdfcfaa15cf34c053b2366618a42b98ade45d7a,897086,32697.0,601.0,0.018381,1,2,225
2025-05-17 10:23:47,9a22fc19f54f32d2ad2ecea0cdbe2feabfda6d5cba8a711c10ede70db8892b52,897086,11779.0,597.0,0.050683,1,2,194
2025-05-17 10:23:47,ffd18341ac514b34d1ef3be0c49597ebddaa98b81cb5ca11b86f6b9b07bdbd7f,897086,143177.0,1684.0,0.011762,3,5,586
2025-05-17 10:23:47,d5efe5e1ae2bff9aabcf3293b39ee451b039e97686b3622ad9b273a03ad91e61,897086,1026205.0,845.0,0.000823,1,1,189
2025-05-17 10:23:47,3c0d1270abcc32c17e81d27f39ff3ab1ae21537fea6d275215d280da6451d550,897086,819854.0,845.0,0.001031,1,1,189
2025-05-17 10:23:47,3b36dea53a5100066a5518dc26db8bc9a7ded1855b00cdd1c6c4a5e5b3d13c1e,897086,22343823.0,1316.0,5.9e-05,1,6,519
2025-05-17 10:23:47,7b93e86307fd51c99e50881b5cafe5c2a48dcb01adef4e66b98f37ba635f145d,897086,18210.0,980.0,0.053817,2,3,365
2025-05-17 10:23:47,158a0db90fb0f91f4d5b061aabc97a17d2be6575f4dc9a5547f9257dec214d7d,897086,84912.0,592.0,0.006972,1,2,222
2025-05-17 10:23:47,cb13580bb3ea4dfb9e729f7833b79f5164c263b6c75ebc1588319e5b257abbb6,897086,25036354.0,462.0,1.8e-05,1,1,191
2025-05-17 10:23:47,4a09dfa41cd7bda542996d5f788c09c8c59902b66158b64c51395f41cc6c644c,897086,660609.0,643.0,0.000973,1,2,234
2025-05-17 10:23:47,70486875219a48cdbaa597b14bbec36ba0b93ddc794cc61812adcd9ebf906bd8,897086,10836051467.0,19557.0,2e-06,31,11,10537
2025-05-17 10:23:47,6a9a74f6e324fed4f23ef42f5f0f741a0d66777dfc351389a049cf481ea38bf6,897086,317376.0,513.0,0.001616,1,1,203
2025-05-17 10:23:47,db562d63dda5ce2b4c12940de9b48982b91f55cdab964db7cd76d6f05740b4e5,897086,1977740.0,593.0,0.0003,1,2,222
2025-05-17 10:23:47,8d1549c3731418c5b600c6379974961ac9edeeed5885789f1f39a089fc5a5e85,897086,143306.0,593.0,0.004138,1,2,222
2025-05-17 10:23:47,a2ec33db3c1d05ab90351a6c0f1213c81bc8029e5cec29c0f2f3b3bbba4888f7,897086,1021617.0,877.0,0.000858,2,2,370
2025-05-17 10:23:47,304b9558539ee472902d4ee014622ab508fd6199ed784bb31760754c080a3a57,897086,1119239.0,890.0,0.000795,2,2,374
2025-05-17 10:23:47,f068e8fca24e2d92a085725d21498b29bf5bd15d352379f8d2b90602b7658dde,897086,45171958.0,1010.0,2.2e-05,1,4,291
2025-05-17 10:23:47,740b49b4385cf9292082942c6c3b2f20941d2b72fc86e3e393c09af9fc7f18f5,897086,2147015.0,2022.0,0.000942,6,2,963
2025-05-17 10:23:47,85580bee00f5709bb89b96953fbb69019f43b5de24ec0f80bd3783583aeca4c1,897086,783753757.0,1184.0,2e-06,1,6,362
2025-05-17 10:23:47,891f964db98ca014e75f4ec5ddb4566fe509d5faf997b4666ae4f7088e6949ce,897086,3307962.0,1045.0,0.000316,3,1,490
2025-05-17 10:23:47,ca2307e9e112ccc8c7fbbbc1fac45a9bf408474ab827719c6bd0625f2e2825ad,897086,7657513056.0,1357.0,0.0,1,6,512
2025-05-17 10:23:47,018467c550b5251972bcda175a2640f8c46026d0fb40c3fdb4dbaf84ae177dea,897086,1470101.0,923.0,0.000628,1,2,219
2025-05-17 10:23:47,b61602ed95b48ab01f22c80689a93c7de3275519a139b48f3d2a3fdcd56583b3,897086,500.0,500.0,1.0,1,1,191
2025-05-17 10:23:47,07356ce2908dfda8186e0f4c87f6f1bd5c582287444f9808d29a9dc2a54239b1,897086,9442.0,558.0,0.059098,1,2,222
2025-05-17 10:23:47,771ef9469365abb17d433a6ab57c1066b2bd914feb9c4faafbc9fe52624ab722,897086,856755.0,940.0,0.001097,1,2,223
2025-05-17 10:23:47,d4c3b24506e2daf0c95c0ae8e39c0b8ff9a33e12e28caa2f344e24db7e340087,897086,1705292.0,877.0,0.000514,2,2,370
2025-05-17 10:23:47,ab3403e75c0176068d37e2529d5e28abcb2001d04169c3e3a03248a7784bea3d,897086,26950326.0,793.0,2.9e-05,2,2,288
2025-05-17 10:23:47,9cb3aa50a9edad74e8fe7cfb7f1bbd1e5eff5cbe0215f65179083ae92b89ba60,897086,835209.0,1320.0,0.00158,2,2,302
2025-05-17 10:23:47,9f8a03136199e0f5088ee24b0a8bebba37a19e645bb0682094db4b466f5f6708,897086,696117.0,300.0,0.000431,1,1,406
2025-05-17 10:23:47,9c04f292941e8c53b9d619faa54b294170faae8a51f84d2ee0d709e0d8e3b486,897086,1217586.0,595.0,0.000489,1,2,234
2025-05-17 10:23:47,049a3168755be9e68c206a7f18cddd1db631a28f0729e10da3bd95540e6b098b,897086,680950.0,595.0,0.000874,1,2,222
2025-05-17 10:23:47,b2798964d709263f985c762d330cebea694501d64333254c595a553f71fd0f8f,897086,187498.0,882.0,0.004704,2,2,371
2025-05-17 10:23:47,370b2c1fb8619a9330e2f11aa8fd4822495ddf105b2dee03126ee6b3715a8b9e,897086,1054560.0,940.0,0.000891,1,2,222
2025-05-17 10:23:47,79df734c95782eaeab00494ff5f9bc50d867173798d1dadb5956cebf7c0e2161,897086,533752.0,848.0,0.001589,2,2,300
2025-05-14 19:23:31,4c1bcc7ab41573ea8739067285bf66f6e684d2c894364d87300e0ebfbd109235,896711,38561.0,372.0,0.009647,1,1,194
2025-05-14 19:23:31,8dec3ad6073bd47a67ca01492be10d50281237f5998d935a5088c35dbbc17f2b,896711,28647.0,372.0,0.012986,1,1,194
2025-05-14 19:23:31,09a27d9558d7aeff664e24737b9219fbc916909a5c39fe47670d8b019b5076d6,896711,28165.0,731.0,0.025954,1,2,222
2025-05-14 19:23:31,ea8c7df4c2fea4feb68aae845407f3017a5f9f7cf5a450681835b4a5394e37d5,896711,2868395.0,731.0,0.000255,1,2,222
2025-05-14 19:23:31,c9fceee84179b4e650953511e9285d28c79585f86d230d5d32fe5265a18cf44b,896711,888532.0,629.0,0.000708,1,1,191
2025-05-14 19:23:31,3a98122ce06060a2df060f494c8f63389a3570eba256207bcd46e526e58382df,896711,8339328.0,468.0,5.6e-05,1,2,223
2025-05-14 19:23:31,02ce4a7332401d486a03c189d5b5079c64255f1162015a349078872d8b804656,896711,8488504.0,468.0,5.5e-05,1,2,223
2025-05-14 19:23:31,04de33079a83cf6bd141785899807dc7d849b2d88e22300d539bb1ad58c97b01,896711,25356.0,465.0,0.018339,1,2,222
2025-05-14 19:23:31,025648b179ceeaeccfa132c0d94439bc8978ab9497398e90c9b61cb36ddc01e9,896711,1019497.0,851.0,0.000835,2,1,340
2025-05-14 19:23:31,a8a90898420ea5ca023128a1cba93c0e425cdcd6b2c6ec7b2fb553b3ff239bef,896711,19637.0,363.0,0.018486,1,1,191
2025-05-14 19:23:31,8005875bcbdcf1019d293bc1fde7124a928dd2626ae1d3a1012ab770fd9ee6af,896711,29637.0,363.0,0.012248,1,1,191
2025-05-14 19:23:31,1ea0bddc35fc0460d973fea9ec226ae421ffa1bf2e46262073cb857272a0ffb4,896711,1414568.0,809.0,0.000572,3,1,487
2025-05-14 19:23:31,21a7e56f7035a0370dfea6b8ff91a454d7af75bf89e7b3b4759bab596f01926a,896711,815289.0,697.0,0.000855,2,2,373
2025-05-14 19:23:31,223f636b4a4ab353f7a5b8867b975846a2f7a7deb94a5f34b8100268da7feb69,896711,95813.0,697.0,0.007275,2,2,373
2025-05-14 19:23:31,d2b893759ab3254757606b10bd2206c7c7db92eaf813ace90f47a0df7b5e0489,896711,8098295.0,482.0,6e-05,1,2,223
2025-05-14 19:23:31,96ab86e5c508fa2544b5ca7a81a1bb0b23d2ae12de7e63a9e4ca751d0c1017e4,896711,8206025.0,675.0,8.2e-05,1,2,222
2025-05-14 19:23:31,3471a8559334a1a4612decb33ba0bdcde143f7fabec0952d648b6ead5d5a5686,896711,8314958.0,465.0,5.6e-05,2,2,372
2025-05-14 19:23:31,1b5eba3396ac22cc2a6325452f003efc4daef94b0b0ae0bc171a9702ee76ddec,896711,130067169.0,1140.0,9e-06,1,4,345
2025-05-14 19:23:31,13a8a17bf87634716d6489df0733d91ef9da772f48160daaa774a3ab7db326f3,896711,660439938.0,466.0,1e-06,1,2,222
2025-05-14 19:23:31,99f213a024d6b42789d124905bd5e9cdb40bce6324f16b89edb0b805390a8dde,896711,1357071.0,466.0,0.000343,1,2,222
2025-05-14 19:23:31,3eb72eb5dd46edb37bc35dd320123c7f70124424bc005fc4d26e423afde2b198,896711,521515859.0,466.0,1e-06,1,2,222
2025-05-14 19:23:31,228e581245fcdd1f74f42ff7509d088e694769467a05fb1c5e19f6e0572e6f8d,896711,1094527.0,466.0,0.000426,1,2,222
2025-05-14 19:23:31,dd7a09a613fda5fdf021540432b3dea2a7c82a326210c5a94d436897eb39c287,896711,11961968.0,466.0,3.9e-05,1,2,222
2025-05-14 19:23:31,43b15ad27f2616f21335e1415ed5adb59d9536f593b87785cfda63229629ca83,896711,65990445.0,466.0,7e-06,1,2,222
2025-05-14 19:23:31,e39fa3940b1536ad1822608abd0564d81ac5cb6a7262b5f9d0c66083357a7f79,896711,543938721.0,466.0,1e-06,1,2,222
2025-05-14 19:23:31,f9dbc690891d55157f827aed6361a3f1d345377ec608ac3c43519a4f0452a257,896711,554410490.0,466.0,1e-06,1,2,222
2025-05-14 19:23:31,77cf8067d5cbda350db5b3e33e2b607983c6e1203d8c9c3f045c09d1a23f9241,896711,2245437.0,466.0,0.000208,1,2,222
2025-05-14 19:23:31,b92d28fbab7a2c8b503bb2c36ddbf9654c5d54d0ae0bfae1a23c7eb1f7135241,896711,421482655.0,466.0,1e-06,1,2,222
2025-05-14 19:23:31,51085a9a3dfb73d17b73d64c505252b8ed1aa90731b713b0fc30741c23b8fb1b,896711,1501120.0,466.0,0.00031,1,2,222
2025-05-14 19:23:31,ee206bb9fec3248c2e52d4dd16eac69a039f8ebe1e70ca01b882933af9c94314,896711,525018684.0,466.0,1e-06,1,2,222
2025-05-14 19:23:31,61daf09ac3aad462a838a19ab8b4c7de8e28ece35e5c51df272ca499a534990b,896711,777877443.0,466.0,1e-06,1,2,222
2025-05-14 19:23:31,c70dcdf14d378881cbf3a3c0ffb5bacb2d0fbd9db5c7c7b6044bf68f5a7f79e5,896711,1196003.0,476.0,0.000398,1,2,225
2025-05-14 19:23:31,76cf2174a470b917f89eb621dcc0b246df1693f2d5cb2f71b38ab06caff6d6d8,896711,481549077.0,506.0,1e-06,1,2,234
2025-05-14 19:23:31,365cf7f4d73a8c137f38ca781a2e216edf0c1e27aba049053b24bf0f00f9b14b,896711,551813853.0,506.0,1e-06,1,2,234
2025-05-14 19:23:31,c805b426871755a8efb7c572b959053f2c81207b73139a5de16f1072c3f176d2,896711,1449088.0,473.0,0.000326,1,2,194
2025-05-14 19:23:31,4a337c737257552e67d604cd0bd0a0cb5fe46cbb15a44cfd54cd081a66074e31,896711,33138.0,834.0,0.025167,2,1,633
2025-05-14 19:23:31,4e2734e2adf0d3d136a1d8134c158099d527626b447a7fe886d5df783408656b,896711,430737858.0,470.0,1e-06,1,2,223
2025-05-14 19:23:31,800f085461b49ceedb1992998ae316d902a66823b0aab9983b4a71996ecb4b8e,896711,259069.0,1139.0,0.004397,4,2,666
2025-05-14 19:23:31,5ab62ac39a48bebf2a0071751bbfb1a82b793e1a30ec29252840351c1b6f2e27,896711,641207086.0,2073.0,3e-06,1,17,707
2025-05-14 19:23:31,6bb25c756bd537637560119720d50790c198af3483c9ccf4eb949fc609931c19,896711,2405690.0,914.0,0.00038,3,2,519
2025-05-14 19:23:31,e802c51be2524a15d2c40f3f3c2c063d0a2503f18870a0a6eaf96467437a90ce,896711,473709077.0,2603.0,5e-06,1,22,867
2025-05-14 19:23:31,f0b4cd3bb27e5606caf8f63adf19391b138e71d2add861a8bd84c72ce1618dea,896711,2078709.0,563.0,0.000271,1,2,251
2025-05-14 19:23:31,d8d3b6bd1c49cf0c41ebea38a3fe7b615e445b9784f65db8487f2a7c92a14f0d,896711,22893899.0,1434.0,6.3e-05,6,2,731
2025-05-14 19:23:31,25b32dbc977f635dda0cbe1a43afa4766b8af028df53461eb0c2daa74ec8a030,896711,6931310204.0,2335.0,0.0,1,18,895
2025-05-14 19:23:31,391b367bdd223c4bb9735cfe51e2640000342240cde509a828f8ae256ed3152f,896711,71525242.0,467.0,7e-06,1,2,222
2025-05-14 19:23:31,8dae46200900ec01a4d55438eabe7de8521c4f97ac60c1ded1b45ea94409bf16,896711,2678847.0,467.0,0.000174,1,2,222
2025-05-14 19:23:31,2ca4dca756653f07f4262325c5e5e2e5d639617c0c76d9c3d7cb56c754489691,896711,355450744.0,805.0,2e-06,1,2,243
2025-05-14 19:23:31,a8c0fb3f802d9b2c97d3814d4ef1b67ee9e6f81af3ef571919bd6534843f3d8c,896711,1016001100.0,487.0,0.0,1,2,228
2025-05-14 19:23:31,ab5a0e8a361790e7cfdcf0961f187efc6b6a37e7c3bc696ca7ac77e06c504f85,896711,5730182.0,550.0,9.6e-05,1,2,247
2025-05-14 19:23:31,6a17f05b9f10e8a7689e7185665184618b0d35aefb6ac88aac646614df518cea,896711,46033541.0,1690.0,3.7e-05,1,13,591
2025-05-14 19:23:31,6e7a5a253430be6e97f615389a8274ff9f4e21f967d78e968042b18651e64ba7,896711,3160224.0,6094.0,0.001928,26,2,3937
2025-05-14 19:23:31,1f3ac25d58dffdc5df92ec58fb8b9697fbe29946c8976a1c0b1e7369aaa0a385,896711,288183274.0,570.0,2e-06,1,3,253
2025-05-14 19:23:31,7be8a91b177af2218c9b855842bc6b7dd893e72b411592cd36ffb4e86404cbf9,896711,159242139.0,474.0,3e-06,1,2,224
2025-05-14 19:23:31,bb9be17b7c0170906d1e8b9024bdfefa6ea5d5fec3d94164010cb8f50773562f,896711,371337.0,726.0,0.001955,1,2,219
2025-05-14 19:23:31,1a404f3a00ea2251f5005c697975e72874766e918bb0812ae9bc17a83865bd1c,896711,1038904.0,484.0,0.000466,1,1,337
2025-05-14 19:23:31,312466d3b76d29216cca96bcdd22a1d825076405857018be9a9bb0e7d107864c,896711,481558.0,736.0,0.001528,1,2,222
2025-05-14 19:23:31,4152b099eae8647540afc49d823a5b8811f1de33400155843fa10827207bce44,896711,16632.0,368.0,0.022126,1,1,162
2025-05-14 19:23:31,290f9fa7ea418103e929a79c92b46b0c18f40de0139254971a673dd765c461a7,896711,42926.0,678.0,0.015795,1,1,151
2025-05-14 19:23:31,b41eb7a67ecef79748b819b51d66e26a530447caa2932212467c3860c65e2234,896711,43604.0,224.0,0.005137,1,1,406
2025-05-14 19:23:31,7476e131499497c79e762815759f56211f6f404e564e16133fda194c4ddb3c9c,896711,531073.0,1048.0,0.001973,4,1,638
2025-05-14 19:23:31,1eb2313fb58d300aee814ad4cf7af86f1b7e290e52195c4766c946fae924a1dc,896711,69510.0,365.0,0.005251,1,1,192
2025-05-14 19:23:31,2abe429758985120437ea39d724d274c4d90a91914ab988ee8b44f81fb27bf4e,896711,927633.0,365.0,0.000393,1,1,192
2025-05-14 19:23:31,76fb73bc90069fa66aa51e3c61c757b204e45bc924d62f4c8050f3f6e456ee38,896711,835316.0,365.0,0.000437,1,1,191
2025-05-14 19:23:31,23362702fd2c0c2eca10e1a4e4835e7aba7ca25e5d42047fbb7d408a7bd5a153,896711,2221329.0,697.0,0.000314,2,2,372
2025-05-14 19:23:31,3a317907bdb91bfc11950efa8a8909faca48a92cfa36822886b9f7cd8a686638,896711,976104.0,697.0,0.000714,2,2,373
2025-05-14 19:23:31,027f48a10dcecf44480f39b62aef64e981d22fb4054f561458e786ee13f8168e,896711,3637545.0,468.0,0.000129,1,2,222
2025-05-14 19:23:31,6b91254254dbaf39918921daa91056ff15a2d9805de689162efdd2c7036aeb55,896711,177550.0,468.0,0.002636,1,2,222
2025-05-14 19:23:31,8d7bad42c25030efb27050abc9158c6699cf8a33a7b8a4f66c11181b96cfb5ec,896711,6794540.0,1817.0,0.000267,7,2,1110
2025-05-14 19:23:31,7a3eec90521248afa4a8e5ba040a237a34681e67037acdaf2530066e5ad1bbea,896711,3922844.0,46533.0,0.011862,95,1,14006
2025-05-14 19:23:31,8fb41e74d86d161d6d90e8490a7cf0ed8f14546f79d1553bd5a30ec1802a3d75,896711,9240065.0,629.0,6.8e-05,1,1,189
2025-05-14 19:23:31,74d4f9efcf55a11d0077fa4d666aa886c5e83d85f80b8f1c916817ccca05637b,896711,920754.0,1299.0,0.001411,6,1,688
2025-05-14 19:23:31,fd89c89edf9eb025be61e6f5989f0432bcbad432e9384aaa659b126f78478cf2,896711,4730611.0,470.0,9.9e-05,1,2,222
2025-05-14 19:23:31,343eae0e6383bf550bd5c049b2387dc062b9c6ad125be29d77fda80a0d0d8bdd,896711,386845.0,470.0,0.001215,1,2,222
2025-05-14 19:23:31,3681bef6532a38786d8a2280188c378e4e0a7b46536f2b794b675cfca4c41e85,896711,199321.0,470.0,0.002358,1,2,222
2025-05-14 19:23:31,ca71a480807e9853d680a2568f0fdc5c5cacd672eb87d57251007c8e68dfcae2,896711,552706.0,697.0,0.001261,2,2,371
2025-05-14 19:23:31,7792664229706beb5f5d51f6e9280e79fade6b7790056972905cd8cd1c23d2b8,896711,1098380.0,697.0,0.000635,2,2,371
2025-05-14 19:23:31,b6c286352a7452711be388034e7b2f3be8b355e337da5dc668a03116d66e6392,896711,452801.0,697.0,0.001539,2,2,371
2025-05-14 19:23:31,dcec87c4da41923160af9eb692e628933ae1c5fef312265da93beaa99f08d68f,896711,551727.0,697.0,0.001263,2,2,371
2025-05-14 19:23:31,7ebd04e2ea5dbbe7399dfc010b0bae21c44b244a2689a8a958cb9cbddc86c184,896711,8838027.0,697.0,7.9e-05,2,2,371
2025-05-14 19:23:31,402b964e2722c760ec01eaf40c1fda85bdd0dc1b98c2bb8c805fba0b04ed0e77,896711,955195.0,697.0,0.00073,2,2,371
2025-05-14 19:23:31,14cf7a86e62b7550349ae0dadcc1fbd1e56fa638d4037cfed96c51874af6a073,896711,608799.0,697.0,0.001145,2,2,371
2025-05-14 19:23:31,7d534ec7544e1251260a0054292f2f933d60bae6f9ad2a410b289178e44d573e,896711,786303.0,697.0,0.000886,2,2,371
2025-05-14 19:23:31,8fa34ef8256e9c1495e81c74e99c79ec7ef623f3d24a81b02f0285c63cea363e,896711,755014.0,697.0,0.000923,2,2,372
2025-05-14 19:23:31,3e844547d30799f0452810e4842e5ed326d11b7346876da985258e83e84ae839,896711,830141.0,697.0,0.00084,2,2,371
2025-05-14 19:23:31,af067cc28b87d234d8770da632e96f56a24116152f0921a8559027052cefb0c8,896711,149422.0,468.0,0.003132,1,1,305
2025-05-14 19:23:31,2161a6ee2aa1c7e75b59d89599724ec7168e2f057510f0261fd045cb5c9d48ea,896711,274420.0,475.0,0.001731,1,2,223
2025-05-14 19:23:31,279028c5b31f87f937482c4a783bd2f37646d67ee5d703fc03bedc26a092f1cb,896711,3175427.0,599.0,0.000189,2,1,341
2025-05-14 19:23:31,7ecee4cd8cfbc8c0bcfb6db629db533385c861114461d84361547dc6107afdd1,896711,56426.0,482.0,0.008542,1,2,226
2025-05-14 19:23:31,e973599f6bd26753fd020e2de6e7ed9e55493f04724fad6d959651559ed4607d,896711,1401994.0,482.0,0.000344,1,2,226
2025-05-14 19:23:31,d4dd9d3cfb2ee832d1bcb9861d8f9cd9f9f49b3638bfb20dea6db8f476561e39,896711,368474.0,482.0,0.001308,1,2,226
2025-05-14 19:23:31,0b68149608404375a87bd776f340963c057636e728a9bca1f78f5af0f4e7c536,896711,2433992.0,482.0,0.000198,1,2,226
2025-05-14 19:23:31,7c232eec7ddca2ec1f562d767231d0972569fc2b2cef4da0b7a40b538b926027,896711,44017.0,482.0,0.01095,1,2,226
2025-05-14 19:23:31,4f8466e8bb937edaca7af3f387b4d7b665eb8df4a457b0bbbc566d9b8a09640b,896711,19843.0,482.0,0.024291,1,2,225
2025-05-14 19:23:31,8dfa0381ad4b8b2273d77f231e566424b81f75fab0b475e4e147a0b27b2b955c,896711,1333998.0,697.0,0.000522,2,2,370
2025-05-14 19:23:31,fcf928aea48add0fa3c38bde019fe64990a74f64f93513a53f4933bf6b0d7a34,896711,28459.0,550.0,0.019326,1,2,246
2025-05-14 19:23:31,567bcbf115560de4fac16d7b2a39a2415cc631ba69a287bec8a14e0faa410f28,896711,16283.0,550.0,0.033778,1,2,246
2025-05-14 19:23:31,6287c6e594abe12fc8ce48b89226e634eb6a592071d976f9a5183750577fd861,896711,1981940.0,1057.0,0.000533,4,1,639
2025-05-14 19:23:31,731d914153285ee3c3a9f5502882a787342429c5172c94451941e1fbe6983059,896711,9762001.0,385.0,3.9e-05,1,1,192
2025-05-14 19:23:31,1c33ac5d778a50e1550eb5bf74563728d95f8415f217388666ee01e12ca6f177,896711,21343025.0,914.0,4.3e-05,3,2,519
2025-05-14 19:23:31,f1863daebeda238c42fcf35cba5617d056e16dcede347b45f31759756a184096,896711,64046.0,333.0,0.005199,1,1,150
2025-05-17 07:09:11,25d4edc79de8d643f5d3b574fd3fa68854e7475afd57e9ce776237e4f5b1ebcd,897071,722347.0,146.0,0.000202,1,2,223
2025-05-17 07:09:11,3ba65e5ab4a710184eaf055db30503e07bc394f5d43a4de8a9e2fdfaab8cf6c6,897071,2064699.0,146.0,7.1e-05,1,2,223
2025-05-17 07:09:11,80692f176607dee99e834a800c9324dfe2935dc87457aa989d1ac2e739c126b7,897071,974319.0,146.0,0.00015,1,2,223
2025-05-17 07:09:11,d171d55e7fe5fd65f14f9f3161e361f4b8d63ddb8de58abe012b7c9453e3bca3,897071,3832.0,146.0,0.0381,1,2,222
2025-05-17 07:09:11,b63fd146687b92f4517c75c0248e4a6648eb673808e35fac41840d05d524a6a1,897071,14216.0,146.0,0.01027,1,2,223
2025-05-17 07:09:11,1fbf90ef3b33c55c9ec82da9efb05248c0edd2cbf90942e03f04607f0424309d,897071,91086.0,146.0,0.001603,1,2,223
2025-05-17 07:09:11,615b862d0e897f78715401387f21c9df1ec11c5a1df7f17fb6d67ad107b30697,897071,179405.0,146.0,0.000814,1,2,222
2025-05-17 07:09:11,dd5cc3c272d317c0976c5e1a1f7c7cae068c2db38b7e91a6aa5fac6aac68a791,897071,19979.0,146.0,0.007308,1,2,223
2025-05-17 07:09:11,d2de05933adde1812f18148630ba42f137056b7faca8c9f41516a04543957288,897071,84911.0,146.0,0.001719,1,2,222
2025-05-17 07:09:11,d2b1d4d157deb8fcebfe6ffb2655dfdf11812a5947caacf38a53b919bc962288,897071,35125.0,146.0,0.004157,1,2,222
2025-05-17 07:09:11,8b20844d7e89709c647751851fa1ffb74d6868ac1ccb06372c86e9d7e7c9f87e,897071,699904.0,146.0,0.000209,1,2,222
2025-05-17 07:09:11,45094ee1e8d63051df1c617b65dfa90ee8b783c99512f3c8f658adedf07b677e,897071,99854.0,146.0,0.001462,1,2,223
2025-05-17 07:09:11,966139c09dc5915008e6c6866ccf7c2ef24f39fbbcd3ae99d9435c6c967ebf77,897071,204616.0,146.0,0.000714,1,2,222
2025-05-17 07:09:11,49110340b0163b0861b3887c10e4644a7145dafb89bb1946aeab5720f0d21370,897071,4407.0,146.0,0.033129,1,2,223
2025-05-17 07:09:11,002a3040ad4de6e6cfcb70ada2d22f8a0b9f04378a522e21eb44210f7609b06a,897071,645856.0,146.0,0.000226,1,2,222
2025-05-17 07:09:11,ebdb34eec1ff356ce5bfab85ac518c4ec2f536be7d044694ae8cf0aae8d89d63,897071,79090.0,146.0,0.001846,1,2,223
2025-05-17 07:09:11,52110d0daca6296b09707cba7e17f99225ca8860c7a5f48d395e8cf9405daf52,897071,21278210.0,146.0,7e-06,1,2,223
2025-05-17 07:09:11,d17d229f771109edecd02e2aef1453dc5fe0794e1a824e26f1ab867166e2df2b,897071,54031.0,146.0,0.002702,1,2,222
2025-05-17 07:09:11,83e36ff2c4da37a31c9934cb9780af63da7bdd937c4902e249ad66edda428421,897071,567830.0,146.0,0.000257,1,2,222
2025-05-17 07:09:11,ec45089bf306b2f8f80df5e8a1ca7181b5da3ce42dea213c27ff1ce95f9b6220,897071,2093660.0,146.0,7e-05,1,2,223
2025-05-17 07:09:11,97dfb043e8689a626cdad0970235b25bda555a03b4ef0527c3d9d4fb33dc7d02,897071,2651581.0,146.0,5.5e-05,1,2,223
2025-05-17 07:09:11,3fda2fe1643de71c8f67d7bcaa2941b3718cf485af0e9649fd76d5356c06af4c,897071,12591.0,1605.0,0.127472,26,1,2837
2025-05-17 07:09:11,db9c8187a47e790045f7f6b329fcd81a8f461a8658fb13e3806703bc9c49ace1,897071,11615.0,1489.0,0.128196,24,1,2623
2025-05-17 07:09:11,ec03004a2d32b94349a52ec0271fab9be44e1fd9c3756976609516edcfea4fc6,897071,11615.0,1489.0,0.128196,24,1,2623
2025-05-17 07:09:11,f0254536ac35bd13996227258cee67d65099f4f59f82fc78ee5672104cafc9a9,897071,11615.0,1489.0,0.128196,24,1,2623
2025-05-17 07:09:11,8ba2b6051bd72b9d45db94a8284232294d57745c4cb8a139849b6b771e49cc92,897071,11615.0,1489.0,0.128196,24,1,2623
2025-05-17 07:09:11,72aab6a1cc773ab6a65d72ed4daf3c736a97ae1dffb44993d28c2c6e70c58a91,897071,11615.0,1489.0,0.128196,24,1,2623
2025-05-17 07:09:11,0468dbc4dcbd19e45418a9d596472520891b407bb66b4e75df00e224f0875956,897071,11615.0,1489.0,0.128196,24,1,2623
2025-05-17 07:09:11,ad16a6ce1b111a25ed6ebacf5e5cd4cdca7f27df2cdf615050e2ada394f6bd3c,897071,11615.0,1489.0,0.128196,24,1,2623
2025-05-17 07:09:11,52f0b7c141173296bb5b32abe184d8d82e94a5bfff5728adcee3897a9eed5808,897071,11615.0,1489.0,0.128196,24,1,2623
2025-05-17 07:09:11,ee15788951c6de22df92164c00d8d30a15deb538914aff883b82f7224233b57f,897071,9000.0,691.0,0.076778,9,1,1390
2025-05-17 07:09:11,e9bd2ae235ea7bca106d4adfe6c99187fea3ad8b8fdbb8a2ee843f535618836a,897071,101989.0,1166.0,0.011433,6,1,1120
2025-05-17 07:09:11,233aa445a2e425eeca97ca081f4b4ff096a71cbc61dea4f4b1bee5b939fd704f,897071,52753.0,233.0,0.004417,2,1,385
2025-05-17 07:09:11,01eb194c7b84a72d85b094b93b05d8e2eb4a43a48a8a15ea9fdc0753fed0538b,897071,94628.0,415.0,0.004386,1,3,365
2025-05-17 07:09:11,2b7ed9d7cd78d7aa878724f5fa1483c5fffe76e4da1ba45680a0ab13820278d0,897071,95373.0,209.0,0.002191,1,3,367
2025-05-17 07:09:11,8c4264128b8ea171ac8536836de801db2bdc98bf8153c1f5aab4146ba36bf14b,897071,95912.0,209.0,0.002179,1,3,367
2025-05-17 07:09:11,b041412548004c8db2884015496e15a62c3bff3bd1a04bd2894c407adaa5bae7,897071,96451.0,209.0,0.002167,1,3,367
2025-05-17 07:09:11,335d19216a822633f0de2418c0a229578a22df13d05bd9e561ef3715e6346dc3,897071,96990.0,209.0,0.002155,1,3,367
2025-05-17 07:09:11,c226a395ee90c4ac46630e0ce2b17482b178443a8316a3776b001f6370d61fce,897071,97529.0,209.0,0.002143,1,3,367
2025-05-17 07:09:11,ca8fa85a093ad1b332e8d45c60ea5a209c1751e13416dfb33f3ab08a7c674bda,897071,98068.0,209.0,0.002131,1,3,367
2025-05-17 07:09:11,86556527470733fbf142a10ee75c63858d3b2c1c2de08ecb12cc30bc2f8afcf6,897071,98607.0,209.0,0.00212,1,3,367
2025-05-17 07:09:11,4a83279e01d1876ad3eb9fc9996e74035b4edf1c3bb2e581c45b6794913f3908,897071,99146.0,209.0,0.002108,1,3,367
2025-05-17 07:09:11,6a88583d4114441037c74605161c5e045a9ff2f29fdf9c6eef8c85f39b8e223b,897071,99685.0,209.0,0.002097,1,3,367
2025-05-17 07:09:11,e2ce42936ac00d34339b3a3045865aad8d95a38ac308604eac93380044719644,897071,100224.0,209.0,0.002085,1,3,367
2025-05-17 07:09:11,9b8ab9f2385cdb61ab0dc517caf9587fe17c8c104dac1aa77e1638703f3705d9,897071,100763.0,209.0,0.002074,1,3,367
2025-05-17 07:09:11,4017238c5bbce5377fd57ac945ffff9701839caeb87ae1dd61200aa7b5e87a96,897071,101302.0,209.0,0.002063,1,3,367
2025-05-17 07:09:11,20f54cf392b9de0a827f4ddaf833b523798b3d1324fbe3c9d7d825374b55ce7e,897071,101841.0,209.0,0.002052,1,3,367
2025-05-17 07:09:11,50b05d23ed51e90d3f181cc32aff57fb72fc9d63463b396a9add5ce4ab3df66b,897071,102380.0,209.0,0.002041,1,3,367
2025-05-17 07:09:11,7d61742e4c2f0241b9821d0e5e0eede66a8fff9cb3c8c999283a0f2f5c35fda1,897071,102919.0,209.0,0.002031,1,3,367
2025-05-17 07:09:11,8cb21cb0aa488cabe9b0d4026e128cc172a513b2962b8f380b1a826541af7472,897071,103458.0,209.0,0.00202,1,3,367
2025-05-17 07:09:11,fcfa4f0d66b939b002d9c12cc4feb99709566ad1f7cedb70e60251d241491e6c,897071,103997.0,209.0,0.00201,1,3,367
2025-05-17 07:09:11,e666615b6ba71d57b764ad6029b1988eb4c4bee4e80d790b3de58478c274c43a,897071,104536.0,209.0,0.001999,1,3,367
2025-05-17 07:09:11,6206907ede13da93376ed3ad80053026d93983b60ae952e4789e57921b448ce0,897071,105075.0,209.0,0.001989,1,3,367
2025-05-17 07:09:11,3490ddcceacf1d9194b712e7f82d72cddf8e31311c8033a911ab44ec78c4078e,897071,105614.0,209.0,0.001979,1,3,367
2025-05-17 07:09:11,662a35905beb3b63e2c353c6c3088ff50d286bd0b727d887d4c39b591b2c96e4,897071,106153.0,209.0,0.001969,1,3,367
2025-05-17 07:09:11,21f7aeb10fcccc65cc78c265394335d2956124892aa84cbf7849cd0b9d021376,897071,106692.0,209.0,0.001959,1,3,367
2025-05-17 07:09:11,e6159ad63b0086e7657122ba7897b88b721cac0745d9d8ce575364d00f710b4f,897071,107231.0,209.0,0.001949,1,3,367
2025-05-17 07:09:11,b2db789de8ea429bc530f6b5a98dbb9c31a504cdc2aff1431385184436b9ce8c,897071,109840.0,160.0,0.001457,1,3,209
2025-05-17 07:09:11,f607294aa3096928f8ba6f6460683e9f312a4b56744b08adc144210bcf5e3287,897071,26815280.0,115.0,4e-06,1,1,191
2025-05-17 07:09:11,65c3434e6ce3784400af8542cb643b361f0846c866d3d5b39c82dca46ff24b4e,897071,47612.0,205.0,0.004306,1,3,277
2025-05-17 07:09:11,6f5408029dadedde3cb564eccba742a0fd091a27c0ded0ada2908ee8169d85b1,897071,47817.0,160.0,0.003346,1,2,235
2025-05-17 07:09:11,c5023aa924cc940142319ccbf04508bc710c9d5a30c0bad676d6d7ef1d8dc1ab,897071,47977.0,160.0,0.003335,1,2,235
2025-05-17 07:09:11,c0e0e221470da5348ce5da70657dafd89e797f47ff3ca1089d1719db5257c583,897071,48137.0,160.0,0.003324,1,2,234
2025-05-17 07:09:11,606f96c2fcd25676563a3897ea2376bb4483caad245688bd023605fd2cbf8fe9,897071,48297.0,160.0,0.003313,1,2,234
2025-05-17 07:09:11,b92abe316c1f72b45f3681256c51bedff7f9c8bdb56dc059fd498a9fd69855df,897071,48457.0,160.0,0.003302,1,2,234
2025-05-17 07:09:11,7aee0eaa2aa350d62ed19b6c46ab32db7fd5e2cb285b7793331c2e9c480c8b2a,897071,48617.0,160.0,0.003291,1,2,235
2025-05-17 07:09:11,e28a226d1b8b34b5d45b83561f9989d822e356be0bb66814367d3e5ea49c349f,897071,48777.0,160.0,0.00328,1,2,234
2025-05-17 07:09:11,ed6dd3ed0119aeaea1723464106e031461f9a257158ba456bcd06c89aae9d440,897071,48937.0,160.0,0.00327,1,2,235
2025-05-17 07:09:11,1474ea2b426c7f275cfd1fc7a2b3909dc185d43b635dab0fc6965d770bf22313,897071,49097.0,160.0,0.003259,1,2,233
2025-05-17 07:09:11,e25a3603a0681d44e6e8407518dca11ad93afd07483b96feebfaa9be2f6f2db1,897071,49257.0,160.0,0.003248,1,2,234
2025-05-17 07:09:11,e62232027e88d7db7322a01caedfdee7d648ee7fec3430068a0f5e704018e02f,897071,49417.0,160.0,0.003238,1,2,234
2025-05-17 07:09:11,2d82e024c4d62e2428843eb11bfa3402ca722565c3c374ed50d03e8cabc10dda,897071,49577.0,160.0,0.003227,1,2,234
2025-05-17 07:09:11,f300a549504302d14840b970c729415850699e9362cc8e42892264ecc00b02dd,897071,49737.0,160.0,0.003217,1,2,234
2025-05-17 07:09:11,d450326822805317b81cad31a2503ea38874ec0e9365b80f7cb90b1c8150d7e4,897071,49897.0,160.0,0.003207,1,2,235
2025-05-17 07:09:11,734bf65e993dd0feff6f7a1ad0619fe3e3a02b7be807f36461f453cbbcc2c0cd,897071,50057.0,160.0,0.003196,1,2,234
2025-05-17 07:09:11,63d22022de6a80e2f1aecdc1a8102bd8c22ece2fcf7e3e111b70168a12343035,897071,50217.0,160.0,0.003186,1,2,235
2025-05-17 07:09:11,588432d95098bdceefe6faa79d96e3df4477626215064a4ece372739f59e69bb,897071,50377.0,160.0,0.003176,1,2,235
2025-05-17 07:09:11,479d0c0f85ee0b3d50e4ae74457c5ce24a282a195abb1fb207f350afb0aab903,897071,50537.0,160.0,0.003166,1,2,235
2025-05-17 07:09:11,7bbe1f5f24b7d88510fe61b534b7c7ec67cfd803f3a7624955c097f22d9d33d1,897071,50697.0,160.0,0.003156,1,2,234
2025-05-17 07:09:11,3065ff2e10f526b9a17c05c5d82e0da6c1ee4c3fed492de8cbdf1ee4d6883ef8,897071,50857.0,160.0,0.003146,1,2,234
2025-05-17 07:09:11,2907f35683d8c752311f28583aa2ad79457298fd5dee2c0d1ef913f1c7b18452,897071,51017.0,160.0,0.003136,1,2,235
2025-05-17 07:09:11,6cc1f18930e2e1afa75fcfd90893bc818a72667f7e56f6c04bd061c86b68c926,897071,51177.0,160.0,0.003126,1,2,234
2025-05-17 07:09:11,e0740f47afdd173bbae9a1f60c0f97dadef34029ca6899c2f0c7c641b8b3c0bc,897071,51337.0,160.0,0.003117,1,2,234
2025-05-17 07:09:11,be07db2ced86f6bb444282374c963aed02717a1ef42bcd090736d1c48c589a3b,897071,51497.0,160.0,0.003107,1,2,235
2025-05-17 07:09:11,0135a2dbff9ee12ea31e87fd45ccd605c99d053f506befebbfe364ed32135e3e,897071,140449.0,451.0,0.003211,6,2,734
2025-05-17 07:09:11,da8cf088d894469e5ef50989b2b3c7218ef8c3bd0b8c44bd07979751014e1e62,897071,93071.0,1129.0,0.012131,18,1,1969
2025-05-17 07:09:11,8e5071d8ff6246f154890ba8a6af747cca86c678013da4bf9900572c04789733,897071,275650.0,148.0,0.000537,1,2,222
2025-05-17 07:09:11,b85445e166944b7226082aab9e6a91d3c38e1d565b3e5dcec77583359fcc3ec6,897071,1306000.0,526.0,0.000403,4,2,1259
2025-05-17 07:09:11,408610dad94620b53ada4df717bb5a9d00f1fd53d01838302aed057f49312c6d,897071,9099.0,353.0,0.038795,4,1,658
2025-05-17 07:09:11,e3ddaa4b30fe763a19b802afaf106d51a0b67f2716801ddc88013a55360f599b,897071,9944.0,1049.0,0.105491,1,21,1156
2025-05-17 07:09:11,d5d9835ea7836185b93fb113088c93823a43d06a8dae810f49eea61b8da63965,897071,209879.0,159.0,0.000758,1,2,205
2025-05-17 07:09:11,7d7b9118f7925827138bfa0df3235a4f905c945cd7abfcfeef778e417d0fafd5,897071,220038.0,154.0,0.0007,1,2,205
2025-05-17 07:09:11,d8eb6685ecf2b3cd5e46805e2d0fd484648087cbaf6fa3a0f9f94cfee036047a,897071,210017846.0,66254.0,0.000315,500,2,141025
2025-05-17 07:09:11,c192519c5e0aba413399a1c93ec76f0ce08fda1761892c56defa8f8d084bb00e,897071,546.0,451.0,0.826007,1,1,1433
2025-05-17 07:09:11,db72e32a35d4f97b762829302318866f8fb710d6be4349c609956e281a9188ee,897071,112790.0,154.0,0.001365,1,2,234
2025-05-17 07:09:11,ce2e8c8305b5972bbcebb9b4e027f50740357b14abcf4d528ecb4652b214b103,897071,546.0,451.0,0.826007,1,1,1433
2025-05-17 07:09:11,97f783d3d733f0e657aa2b62faa7f4e673f64d4b6b50ff5bfdd5f613c8f098f4,897071,113941.0,154.0,0.001352,1,2,235
2025-05-17 07:09:11,9068d26ee780428f8a2060372a0353789b72ce795d9fa76f214eea472408f2fd,897071,546.0,451.0,0.826007,1,1,1433
2025-05-17 07:09:11,d54ec4bce39eac38a3faac3d002b5bb956d2ce83cb72169167b2c8936ed72b41,897071,115092.0,154.0,0.001338,1,2,235
2025-05-17 07:09:11,fc05b9b3e5cf505a0aca5915c252ba71819d88c75e9d29983e44764f8ba758aa,897071,546.0,451.0,0.826007,1,1,1433
2025-05-17 07:09:11,c9f90329218fe7187f3ea7683bb2c08d7712e62672808ca3b6fe0ad42c9e02ad,897071,152881660.0,59535.0,0.000389,24,2,3637
2025-05-17 07:09:11,d95febcede3f092ea7eb2f15080e398ba74c1fd0135ce4d0d14ce7bdeac9e55f,897071,54776.0,3915.0,0.071473,1,2,223
2025-05-17 07:09:11,3915d243c307422233b864851e1ea3de1f82291271c3be68a2c03bc23635a0ae,897071,13145582.0,3888.0,0.000296,1,2,222
2025-05-17 07:09:11,c2e9dc455a026781ffadb57285bf395e3ece106e4d65300726b0be87f0642be0,897071,186411.0,4032.0,0.02163,1,2,225
2025-05-17 07:09:11,00a0cca7417ab4a770f3c255f554228d913cbd9d1061c8c532f28bfba5b84436,897071,4972415.0,8792.0,0.001768,4,1,638
2025-05-17 07:09:11,8d07728de9d8eada9cbece8f722edd31a8d0df7b2494603dc97523a1bfeedf16,897071,124416.0,3080.0,0.024756,1,1,192
2025-05-17 07:09:11,bc1c5b0fe5235071f13dfdb94d94e5aa75a92e98fbabe13f17a743db93f47753,897071,6106450.0,6272.0,0.001027,1,2,222
2025-05-17 07:09:11,522f31bc27ffd226ba71b99af7ff2f293f859b25a204e9f7007a4be27a0012e5,897071,440222182.0,4041.0,9e-06,1,2,224
2025-05-17 07:09:11,cdef098937b5d3fd203664b8b2be870a0bf2161a20686b6576831f50da0f55f1,897071,510422.0,4089.0,0.008011,1,2,222
2025-05-17 07:09:11,5b3c88a57b0465740a76b1aa0a2f7c5a96bdf3e14e94b12cef9694c6c34b6ecd,897071,155781.0,4176.0,0.026807,1,2,225
2025-05-17 07:09:11,ac103b8d07b297d8a48f061fe05e737a8b8d20253de5f3165dbc79b07568d2c3,897071,487008.0,3277.0,0.006729,1,1,195
2025-05-17 07:09:11,c56811c1582c3f9300ef1a15fcd4945618ccd3bc013840d5db2da007fdaa639d,897071,190831.0,3277.0,0.017172,1,1,195
2025-05-17 07:09:11,260f7d3cca111b7724fe521a67d8d5b58ea1cf4c39bd956abdb5f1a79c8d2771,897071,528269.0,4089.0,0.00774,1,2,223
2025-05-17 07:09:11,8a3448c6643fd659395060044016a53775d88be9654daf60a1c08be64f6ebc5d,897071,8663.0,3277.0,0.378275,1,1,195
2025-05-17 07:09:11,c4afbd22e08fee2eda2ee7d83edc807f8f9a1a65c8c15df639c2a0465ab10043,897071,72632.0,4089.0,0.056297,1,2,223
2025-05-17 07:09:11,31055efce823088b86b9a75b950af8e3610a07cc8069da7a6d7c115352253742,897071,773358.0,4118.0,0.005325,1,2,224
2025-05-17 07:09:11,fec8c6239f84f69d7cf8a876a567ad06b5ae8671336c612ccfaf24c68d7fba41,897071,4809343.0,4089.0,0.00085,1,2,223
2025-05-17 07:09:11,9832b16ee9bca2c11234562caca7e5c7d404b2765bc00b22b26f8d723c2fa63e,897071,51695.0,4118.0,0.07966,1,2,224
2025-05-17 07:09:11,134bbdac15a3e6dd42b63acee607c35ca2ea63d70392b0429e27342c1288b130,897071,1915900.0,4118.0,0.002149,1,2,224
2025-05-17 07:09:11,0fff5367bd79d832eff8bc751cb07ae8965ee7ea03b47374b4658587458bcb22,897071,16015.0,3277.0,0.204621,1,1,194
2025-05-17 07:09:11,af66bb7692c357fdb7442dc6edf22f67f83243b6795ff99a2899048a3329e01e,897071,4064984.0,4089.0,0.001006,1,2,223
2025-05-17 07:09:11,fe0087a2272673aec40360ece7b834bccb4dfb4858e36e75169d7bdd0b647419,897071,283997.0,5162.0,0.018176,2,1,341
2025-05-17 07:09:11,b7839c788807787af5ebdec3adfd4ff59d0fac45281756e7c1c8d79f5979e401,897071,152885.0,3190.0,0.020865,1,1,192
2025-05-17 07:09:11,73e550fc6bb30cf3d19fefa647a8a4aa191fd7a5bce9e2705a4fb1c15ef2d517,897071,2108180.0,19220.0,0.009117,1,16,725
2025-05-17 07:09:11,4038916e6fa593d362b86ae512a7aff8f11d58ffa135b722d10a134f945130d5,897071,1692010.0,3990.0,0.002358,1,1,215
2025-05-17 07:09:11,237d8c6ba1405c50957f0d821b295bc4fb0b3e705e7bae8850e3a357cfdfcda8,897071,1636610.0,3990.0,0.002438,1,1,215
2025-05-17 07:09:11,84e0abef08626a5ddf20bf6b5d8669babf4a234606317e8f58eea46c85b07d5f,897071,291851.0,4402.0,0.015083,1,2,225
2025-05-17 07:09:11,7231812baea683e4df5da6c929284694ff8d2808be1f684c057b5c65c1d59635,897071,2058859.0,11053.0,0.005369,2,2,675
2025-05-17 07:09:11,da8bbdfe73029b44b6d9c6919ba80e3158b585d9779a4a76c603111c0ea7b404,897071,29700.0,5913.0,0.199091,1,2,222
2025-05-17 07:09:11,49fdd29b7dea58b820b2d116e365c9b27d0b219aa6470aeb665fd8d0e455dba9,897071,64810710.0,8589.0,0.000133,1,4,285
2025-05-17 07:09:11,82dca698ed36ee3e8cddfd5d752d5147325666411e0bef403bd084d2af5333ff,897071,18280863.0,9932.0,0.000543,1,2,223
2025-05-17 07:09:11,d29faefa1c35bbce75a90079fd61baa7cda863a36c274ceb756aaa714bb7a240,897071,82531.0,5913.0,0.071646,1,1,191
2025-05-17 07:09:11,83d2adeaaa8d85eae92ad93d0b3e61884ceed57fc56c14ce16abb801d2ba3312,897071,75407.0,8236.0,0.109221,1,2,224
2025-05-17 07:09:11,b4dc62cca0817c611882ec01d66c5ebf4ed973a710faa4d591607472ad936f22,897071,313927830.0,0.0,,1,8,535
2025-05-17 07:08:25,7dea6427d8e3adaa369636dd6e0068db1985d52b3858f0346862647b2e906878,897070,5596295.0,127.0,2.3e-05,1,1,191
2025-05-17 07:08:25,da854b8f764728e22c76e7b4d3e300275f1f305a1947e3655087e6ad0e7e4f0d,897070,87010.0,234.0,0.002689,1,3,370
2025-05-17 07:08:25,44d88387637369efa1b84df6426dbce2765d34789d050089b008e711ae582d94,897070,87574.0,234.0,0.002672,1,3,370
2025-05-17 07:08:25,e945e0c3a122bdd5031bcd982492bfdc63201845d6f585cbaab0c8755e950449,897070,88138.0,234.0,0.002655,1,3,370
2025-05-17 07:08:25,ae4fc7a1216cef20c134fd1c725e9056c822b56be0285037f4f047b9c1828cc0,897070,88702.0,234.0,0.002638,1,3,370
2025-05-17 07:08:25,23bcd420f01ed3d608ad4433f35a806831ed97f6d91e46a942cdb09ea12fc94d,897070,89266.0,234.0,0.002621,1,3,370
2025-05-17 07:08:25,fd1b525cd2a923f81ca9652a7cf1d5e7e23f5725aba1ea45901220d44197e16f,897070,89830.0,234.0,0.002605,1,3,370
2025-05-17 07:08:25,df6b03e8c6e73219d524ad64b19c60c10961d3d5549c19f87fb8f57709634b78,897070,90394.0,234.0,0.002589,1,3,370
2025-05-17 07:08:25,5c0008a8ade7664e52883fb1e5589bf06f1d589a6c760cbbb1abaee8f3707d77,897070,90958.0,234.0,0.002573,1,3,370
2025-05-17 07:08:25,655a6bb4a0b50d3ce4a5d1558a83531d0314d3f047bbbbcde0c6db084792a19f,897070,91522.0,234.0,0.002557,1,3,370
2025-05-17 07:08:25,9c76eb040ce1f8ef8c01ce68cf7af9d63c251ab32a571f7a51fe5652b3408212,897070,91756.0,134.0,0.00146,1,1,203
2025-05-17 07:08:25,f06322c8c8ca774a7ca675105598a90af2623f9dd830af2c46d5fb06fc5208b3,897070,129122.0,248.0,0.001921,2,2,312
2025-05-17 07:08:25,aafd5778689037cbfc7e598e466c75182ca1eed0a1bde2c10b081aea7a53e266,897070,361193.0,197.0,0.000545,1,2,249
2025-05-17 07:08:25,673b9e4c0acdebb78cb4612cf2fbe123095af10b8fb7eee26d68d604d942e59a,897070,54287.0,281.0,0.005176,1,4,389
2025-05-17 07:08:25,4dc289682ec94dec522522a5e7cf5e97c5c0448df0fa4605044990bc437ee96c,897070,54898.0,234.0,0.004262,1,3,370
2025-05-17 07:08:25,bca150e71577568ea15faed9a8813443feda3a95d73ec189f03733971bf1dcc2,897070,55462.0,234.0,0.004219,1,3,370
2025-05-17 07:08:25,3ae38fc7595284a07ee3c7fb72536dc185bd481047658029f1f1ecc8ccdd1a5d,897070,56026.0,234.0,0.004177,1,3,370
2025-05-17 07:08:25,395cd9754c6ce25d76b68bbec694a50fd0f75bbcc3d1fc6d1e8e3a4c0bfaa961,897070,56590.0,234.0,0.004135,1,3,370
2025-05-17 07:08:25,37c1170c77a27d04a6677929e2479e4adecab1d9535ca8ea8d18933e6882228e,897070,57154.0,234.0,0.004094,1,3,370
2025-05-17 07:08:25,9b2c904ecd5d0dedce344949c9c2530133be61459a0372bc62e6c201b3c23dae,897070,57718.0,234.0,0.004054,1,3,370
2025-05-17 07:08:25,2ace95e44d2686bdc04de37d35ced90734c356e55f53f588ab47d1e77ff551c0,897070,58282.0,234.0,0.004015,1,3,370
2025-05-17 07:08:25,86854c33fd153a8eb953af09a28745b8085cc02446f6ec8626f8664873523b5c,897070,58846.0,234.0,0.003976,1,3,370
2025-05-17 07:08:25,886850e4c21e27f6be2821ceff96c94216b82d83ed35e5539f665bb0ed8ddf44,897070,59410.0,234.0,0.003939,1,3,370
2025-05-17 07:08:25,10c92c262d176a08d27559ab71c83a053f16a32cad38e4ff731b85d9aa765abd,897070,59974.0,234.0,0.003902,1,3,370
2025-05-17 07:08:25,5ed8756d814e825c795e524c36ba88af0b2208e0b0738c4ba112ff3976cc3825,897070,60538.0,234.0,0.003865,1,3,370
2025-05-17 07:08:25,36c764012f52976a41e00cd40398c8565fd93b0834010c91071dcc01282fa030,897070,61102.0,234.0,0.00383,1,3,370
2025-05-17 07:08:25,6b00093d11564be8d659f3333ba5eae8c649ba6f13efb57190f82c63a86e65a9,897070,61666.0,234.0,0.003795,1,3,370
2025-05-17 07:08:25,b478dae02aeb538d30dee6d23bfc8c20d59f408e182d37021eb770999dcb4c5d,897070,62230.0,234.0,0.00376,1,3,370
2025-05-17 07:08:25,1e93007932fc67bcc1c970ca6dd292943cf1346c72dee592a792c1e3b12694dc,897070,62794.0,234.0,0.003726,1,3,370
2025-05-17 07:08:25,d9d10914b2ab7f8cdb7a0b0b0189e70f1d3ec11f34498cd05f793b8b3398c1ca,897070,63358.0,234.0,0.003693,1,3,370
2025-05-17 07:08:25,caf5643f0810666d66a150bec3f31afecf35576676f88a1c22c2804f1f3576aa,897070,63922.0,234.0,0.003661,1,3,370
2025-05-17 07:08:25,e7756da9e6b7c6c912fc0e9389dff00b0e16cbc1ea957544183a5bfd511b80fd,897070,64486.0,234.0,0.003629,1,3,370
2025-05-17 07:08:25,ae341515efa0aa974a4d9e783e9c0b4b41858f5dc9595ee1a57a3ce4200c9c34,897070,65050.0,234.0,0.003597,1,3,370
2025-05-17 07:08:25,27967da3391c715d74b1b4a2ffac839b74cce72da558ed3ff96f8d4fdcbecbd8,897070,65614.0,234.0,0.003566,1,3,370
2025-05-17 07:08:25,7c4d27d660c26e5bcf8e0d85e0093c1c8584725f09d13b35bcb4fcce2afdfc53,897070,66178.0,234.0,0.003536,1,3,370
2025-05-17 07:08:25,99467d0313769d1039e1bd664793d65251ff0ef34df27585f04fc6274b9c7699,897070,66742.0,234.0,0.003506,1,3,370
2025-05-17 07:08:25,ab6c2746647cfdfafefe305135765079a6afb8aa3aab21fd4120c3c57458f2de,897070,67306.0,234.0,0.003477,1,3,370
2025-05-17 07:08:25,f5ad598ca52a9072ca3189a1c46759a29a3e042a0f6473184fbc09014b9b3f49,897070,67540.0,134.0,0.001984,1,1,203
2025-05-17 07:08:25,749b3dd9e344a52a5824d330a6a3fef33835b78dcb3527f54145f0828f1d2f87,897070,65027.0,281.0,0.004321,1,4,389
2025-05-17 07:08:25,122ad9fee531b6e114eb080c972fcdaaa73eef45a9bcf7c569841f1edc3a2324,897070,65638.0,234.0,0.003565,1,3,370
2025-05-17 07:08:25,7411b062887dfe79c874c55d03a88209519cba739f77d0c00505c813bf408453,897070,66202.0,234.0,0.003535,1,3,370
2025-05-17 07:08:25,7a5ee16142ba401fced15bd47d39270f82873db76813be92e4042f626cca209d,897070,66766.0,234.0,0.003505,1,3,370
2025-05-17 07:08:25,2a2e281f3f222df64ee3c5f915ac85b5c781251541d797637215febad7e2644a,897070,67330.0,234.0,0.003475,1,3,370
2025-05-17 07:08:25,77702ac51e502d8718a56f38dd33af81eb71953b570fe6b3cdb42f45be776101,897070,67894.0,234.0,0.003447,1,3,370
2025-05-17 07:08:25,f09a47ac2b67346c0cc478f2897a9bd821013d4cf21bc229f6c61a57bcbfeb8e,897070,68458.0,234.0,0.003418,1,3,370
2025-05-17 07:08:25,0842d72ef02abbcdd1f6913f1bde214da34c73aa7bb48e0c5db705f4192361c7,897070,69022.0,234.0,0.00339,1,3,370
2025-05-17 07:08:25,018d3514130af91af9f43997fdff7e233ed5e2869ba235711c1e498fd8e63150,897070,69586.0,234.0,0.003363,1,3,370
2025-05-17 07:08:25,be72cb36ab7a3983f0885d82ec298f1129cea265bb7b8c2b46490856fd44f977,897070,70150.0,234.0,0.003336,1,3,370
2025-05-17 07:08:25,efe2dd2d951a35946245f88c52f04392363ddded53d240380dfd735092738d94,897070,70714.0,234.0,0.003309,1,3,370
2025-05-17 07:08:25,86c6810f9d4128c1e3aa65c883f70e8845bdf60c08673035cfa11b82e35e1dfd,897070,71278.0,234.0,0.003283,1,3,370
2025-05-17 07:08:25,8afd752841f1e63a645f111e95fe640f25cb45d5a4b9ffc9b4d037f27df610a4,897070,71842.0,234.0,0.003257,1,3,370
2025-05-17 07:08:25,a6ccc5af7829ed17dba2a7351f7494812dff508ceb607039f92a3a97c28b4674,897070,72406.0,234.0,0.003232,1,3,370
2025-05-17 07:08:25,8e9340871390b6b53fb90a96ecca016b52d80d17e9dbdff6e9fb3b72710f29c3,897070,72970.0,234.0,0.003207,1,3,370
2025-05-17 07:08:25,2ade028c779222c9204a5adae13b6ad8d1a7ba6a4c53ca8166f199cf4dad884b,897070,73534.0,234.0,0.003182,1,3,370
2025-05-17 07:08:25,558dc63620fecbd389a1f19a2fd2a67b76f1c335ac7caa0c48fdb52fda9414f6,897070,74098.0,234.0,0.003158,1,3,370
2025-05-17 07:08:25,961a0f8a9b8f42e734758502258211bbea08576da042562c0637460a07a97629,897070,74662.0,234.0,0.003134,1,3,370
2025-05-17 07:08:25,ce1bd570ee058cf5dce81d9aa6c00b99e7104925582e10625b195670f5fdb28a,897070,75226.0,234.0,0.003111,1,3,370
2025-05-17 07:08:25,8f2565c24670979deae5d6f7bb2dde19df862a1e18e54503e24593fce880ec18,897070,75790.0,234.0,0.003087,1,3,370
2025-05-17 07:08:25,84a33fa4d3538d11a46d50f1edc02f44cee46387c792f1dd7e7a6dbeed8a27f5,897070,76354.0,234.0,0.003065,1,3,370
2025-05-17 07:08:25,7b04c7811175ae7c2869f55d1c07512f7e54827df345d37067bc08d03f46975b,897070,76918.0,234.0,0.003042,1,3,370
2025-05-17 07:08:25,f1493d2762eb93d7f95e036acab0a4803dd2e2fe64f24bf76df24d262290e9bc,897070,77482.0,234.0,0.00302,1,3,370
2025-05-17 07:08:25,c57da0e3424e498e08d74a9fe0f94a0a1162eccc9eec62eee962c2fcc40a9b1a,897070,78046.0,234.0,0.002998,1,3,370
2025-05-17 07:08:25,eacdb57486f41cee1c9485fe372c77b2ccd99ac84cc928adb9df9e4e680ff378,897070,78280.0,134.0,0.001712,1,1,203
2025-05-17 07:08:25,2913759d431cceaba97f5d4c6a4c35f578fa326e3b656e6cb9c1188457b1676c,897070,46866.0,281.0,0.005996,1,4,389
2025-05-17 07:08:25,4b47d3d80004336f5bbe02a558e891817bb710068933773dda6b9b2afb3345ef,897070,47477.0,234.0,0.004929,1,3,370
2025-05-17 07:08:25,78a256fa550ebeb4ac515ac61bcc7ddfc68294e4a6130ec880060cff89efd353,897070,48041.0,234.0,0.004871,1,3,370
2025-05-17 09:20:31,8846ff4a5559b145aefcb5a4200e26d9d31348d9a4fa3a7be94a3df196a6980e,897083,95758.0,4007.0,0.041845,8,2,1258
2025-05-17 09:20:31,b5fed421d999ca1ba43f10881d66a1ea59e15dc90d6157a46685492b01feecbb,897083,28595630.0,1498.0,5.2e-05,1,2,393
2025-05-17 09:20:31,06de86d22d9994386a2b3ee64715c18dfe26c38fbb9335349445b7a772dfd832,897083,28983722.0,1051.0,3.6e-05,1,2,381
2025-05-17 09:20:31,dbdf680c5da7dd0dd6e1fdf0c33fd8a0ed91069e560d9dcf18bba6f24caa98a8,897083,2541231.0,1827.0,0.000719,3,2,523
2025-05-17 09:20:31,a8aa4548cbb70903c3e8b9eded59da8a731cd3f3562964d95a4f16cac0b8fe74,897083,17394.0,1253.0,0.072036,1,1,192
2025-05-17 09:20:31,faefb5273b2c5a526dd7f75c348ee356c76cfa89b5ba307b9f6ffd4b7c1c5fbf,897083,540162.0,9333.0,0.017278,20,2,3044
2025-05-17 09:20:31,88e5b925c38273d70a1d804e080403be861b88219a9c822f4bf3b7c3a25cfc51,897083,29181047.0,14171.0,0.000486,16,4,5204
2025-05-17 09:20:31,e5e1f5c1a178636f78c62cfbfd27e36c36dbbcaf3117b8426d794bdbda36f49b,897083,28559627.0,1255.0,4.4e-05,1,2,383
2025-05-17 09:20:31,015b7d8a07d4a608e2cd4c16b1560d87ed89bcbd0f6c105b3910e584ae647d5d,897083,31871.0,1164.0,0.036522,2,1,340
2025-05-17 09:20:31,6d896322ae263277cb3bee8959a3581c072a7c50f1ec4c0995be1b744ac66598,897083,91730375.0,1236.0,1.3e-05,1,2,381
2025-05-17 09:20:31,74ccdcf300d93a61753977ec4747d0d9abe433c2c690c17298812433adfab90a,897083,467097.0,903.0,0.001933,1,1,267
2025-05-17 09:20:31,348e82c008076d7ea5fcff4c944b8a9229766125f61d6b4498689eb08f658f20,897083,524919.0,1001.0,0.001907,1,2,193
2025-05-17 09:20:31,8c91e388ae7e11bf2bcad7c8b137b7335a84edb7acaaf01e75d5d7d56da6f9a9,897083,581920.0,858.0,0.001474,1,2,193
2025-05-17 09:20:31,8221afb29fdbeb1ba9584e02bdf7622cbb5441a1ab9aae7bb594edaf21175a02,897083,227728.0,1632.0,0.007166,3,1,493
2025-05-17 09:20:31,30fe5c1e1765bc55c49ccbd0aa271f394604610cf87a18393ebd9d0615c4f7ed,897083,1024609.0,2256.0,0.002202,4,2,666
2025-05-17 09:20:31,271ed1e852b893f8cde4aa0849767ff28c517b9d06450593cd24260a1d390d77,897083,1147704.0,1393.0,0.001214,2,2,374
2025-05-17 09:20:31,acb428b85e4e2fd5450835f04e8c54f02ef938df12cc97404ceea85fa75ad852,897083,4416966.0,1290.0,0.000292,1,3,278
2025-05-17 09:20:31,1afdd4f91bd2c48bdb68fd43f896469737813972948e624a724bcd61fe74e59d,897083,260910.0,1607.0,0.006159,1,2,222
2025-05-17 09:20:31,39be428f7bca54424974300c2cf6a30ecdca4e00d2ccdd4d34c4e709c70da52a,897083,707153.0,697.0,0.000986,2,2,371
2025-05-17 09:20:31,b8a830f3f3f5703b163eb4fc375b85d289518fee74ab757889460166a71c1da8,897083,7412278.0,2280.0,0.000308,1,4,346
2025-05-17 09:20:31,c5dd4aab2d298e2ed5399dc41069973ea6ca093820a28f88b8f974a83a9835fd,897083,124913.0,936.0,0.007493,1,2,223
2025-05-17 09:20:31,ceaf1cc860eee1876cd58ea3dcd1085974ced63f75e52a441740d0420a8892f3,897083,910691.0,2532.0,0.00278,3,4,627
2025-05-17 09:20:31,064d2b425e8dd3fd6e1da5cd0e9281077391317798796849989e587ff79ea951,897083,433834.0,1393.0,0.003211,2,2,373
2025-05-17 09:20:31,391c57a536ddd880f9a4991920b520054f9e6396d41992839e5b37abf1771049,897083,193308.0,3214.0,0.016626,3,1,486
2025-05-17 09:20:31,f5ca053530de70aacc33b522c75d449c54e681af5013c833efe6f5946dc3ebc6,897083,1562832.0,1827.0,0.001169,3,2,519
2025-05-17 09:20:31,3b6f0bbdd4f6db7d9467bdddd01e768acec6fbd0587f12fd2b26a5e87f611c4e,897083,77702567599.0,1552.0,0.0,1,2,234
2025-05-17 09:20:31,bbc4f266356bae8377012bda73c76d04c0d56546fb6f494accf9b37db66bac85,897083,254745.0,1393.0,0.005468,2,2,372
2025-05-17 09:20:31,e86af4f88af965a45df7e7d1907595a3fe1d3f251892e6d31a973ff60a9388cf,897083,2558636849.0,4796.0,2e-06,1,19,805
2025-05-17 09:20:31,cb8f41d0cf777d13b46b4e62f47ba762d84a459f60b8a79ae95edf3f6f04cc7b,897083,546.0,1020.0,1.868132,1,1,308
2025-05-17 09:20:31,7b5b4242f5d6283b701e13ef1b055e9c653dd0027525193d7fcb351cb53e4410,897083,26346.0,918.0,0.034844,1,2,235
2025-05-17 09:20:31,fd52bc77ee4777275023d3257d874181f4465acd6487e565218e52d37ff74164,897083,487250.0,750.0,0.001539,1,1,195
2025-05-17 09:20:31,d863a4eea8f29c0b420182f9326c550f0703ffe68074c93dc61bea47e0ce7b9e,897083,2710589.0,936.0,0.000345,1,2,222
2025-05-17 09:20:31,c162680a86bae2327043f65f1709f97577ac882bddab4bb744658762f62b3e48,897083,23630.0,732.0,0.030978,1,1,191
2025-05-17 09:20:31,65acb19332eafdbc812db8da861a113c5bf7f2f8cba8b0592abf8109d8ff79c9,897083,814864.0,1393.0,0.001709,2,2,372
2025-05-17 09:20:31,76b7981240b9eff4a7f06b36f97682038ac7005d8adbe7544b3e332abe518f13,897083,13539800.0,1700.0,0.000126,2,2,417
2025-05-17 09:20:31,bc4abdcf12655add47b39b596d2c3996f5b24ca53534ab25a0fa41010de9ded4,897083,261205.0,2377.0,0.0091,2,4,428
2025-05-17 09:20:31,cc15ba18ce8459a8aad070a228a9648cb7a69fbe840c50ffac5a73edec49ab75,897083,289127.0,900.0,0.003113,1,2,222
2025-05-17 09:20:31,5593c8f53cda7e660eda6130c70616538bded5dd9a2bf6406525329759ac266d,897083,448926.0,840.0,0.001871,1,2,222
2025-05-17 09:20:31,6d8488fe2180ef9e20b5595f175da3ce92f9ac632a4c965c50f940ddb1bfdf14,897083,261205.0,2371.0,0.009077,2,4,457
2025-05-17 09:20:31,72c842a1603ecc53c705c1034389ef6803217fbdf66dc8ba53cc40a410fa7ca2,897083,288989.0,900.0,0.003114,1,2,223
2025-05-17 09:20:31,c047b86f31235bd7f422ca5bef2fe3ab1791735b926fd5178f51a7a2c40621cd,897083,739655.0,1040.0,0.001406,2,2,371
2025-05-17 09:20:31,28a68f63e2839a6d5c6ba498984c607c2ed813ace7f90e35fd1e712d68450972,897083,60939387.0,4180.0,6.9e-05,2,2,370
2025-05-17 09:20:31,ffc5f27643738d28d3ca25c05e68443c728a5c23fbad5723145958fb2ab0000b,897083,61988683.0,324.0,5e-06,1,2,222
2025-05-17 09:20:31,87edbf6e989a55d12b607302b1fcb840f04fff8af945ed2160adea0da7ea5e25,897083,62778055.0,324.0,5e-06,1,2,222
2025-05-17 09:20:31,fd1b597cbecce621dfbaaa2de1a22d3d38ee5fd8e1d48323d7591135fc1e25cc,897083,63541166.0,324.0,5e-06,1,2,222
2025-05-17 09:20:31,416b24760e587714e2aadda816bf2ff782fd378b1386cf6dc614af1b20f9e50c,897083,41188.0,460.0,0.011168,2,2,370
2025-05-17 09:20:31,862f2fd9424b97f21aac30a22734968a3ff60271561cb59f5f7b75a1260bcac2,897083,273807.0,964.0,0.003521,1,2,225
2025-05-17 09:20:31,d84ba3b6fc00aec7406585225509ed85a6c334689c3ffde6d56797e02730db86,897083,318218.0,964.0,0.003029,1,2,226
2025-05-17 09:20:31,e2d4690922d9be1083bacc4fbb99b90fc7c02304b72870a6c8dd009a3cb2bd57,897083,11220015.0,964.0,8.6e-05,1,2,225
2025-05-17 09:20:31,e8f154ba3544443a3c752db7bf874c6d4b2780958c4814bab287c7e8a9de1b4e,897083,103432.0,964.0,0.00932,1,2,226
2025-05-17 09:20:31,c6579dfad15277ebb0985c75bd39f7d24c679d75263f5ef47a16bfcaa97ad428,897083,2324177.0,964.0,0.000415,1,2,226
2025-05-17 09:20:31,fef1c311401e1a3ec91f5fd9cdbc76b3744834c9a54f1b499628d8214f518a16,897083,1486094.0,2776.0,0.001868,4,3,738
2025-05-17 09:20:31,2fa6301defbb199faff6a82c65bae16a63cc6e68ea5f02f853f89e41f42d47e2,897083,1856347.0,1026.0,0.000553,1,2,234
2025-05-17 09:20:31,875773ce18b8df7b132bfb568ec7158e582787f15af83ade123fa0fc2c83083f,897083,696394.0,5664.0,0.008133,10,6,1341
2025-05-17 09:20:31,5125722d5f8d222cec10233fc592ef532fb9eac657f50cae0918e13c0aee71cc,897083,291813.0,1197.0,0.004102,2,1,340
2025-05-17 09:20:31,a3022a5b35dca7c7ad62532e2f0f890c85b53ce4e23eac6c257e4c2a1e1f1543,897083,225598.0,964.0,0.004273,1,2,226
2025-05-17 09:20:31,198caf66a123adf181adbb4033ca91590d41f851ebb15759c96fb384bb2c7579,897083,37157.0,964.0,0.025944,1,2,223
2025-05-17 09:20:31,ed78e99a58d8792497d4b1faf87c00b91f69cfb80741fce43170264137f2f64f,897083,105766.0,1393.0,0.013171,2,2,372
2025-05-17 09:20:31,a86d8fb713f8e32811426c697c7ebbc02d9bada8010d86216e1f47f09c33afa2,897083,138145.0,1197.0,0.008665,2,1,340
2025-05-17 09:20:31,99d152ad854658f92ce2d5fa775137915318d4e6e8a8add1d27130807ef37c48,897083,16424268.0,1197.0,7.3e-05,2,1,341
2025-05-17 09:20:31,6d30c20830ecee15d8fe6b433a198fbfabc7a001c8c98404d1252b5414536ad2,897083,824190.0,1892.0,0.002296,1,3,253
2025-05-17 09:20:31,07cd07f43a29545ad3ba2d85cff0a485543b4e014d0e24ec8c38ac534d73f596,897083,1005806.0,1015.0,0.001009,1,4,284
2025-05-17 09:20:31,4004338f2bafa3e5e260ecd765fec4a32d354e4a85b3ac58c48f0ba435ac94ec,897083,1041969.0,564.0,0.000541,1,2,222
2025-05-17 09:20:31,d935bc3a4d7384d06c20dce99e7cb419b888cfdfc0029708657f4b36b68a9a3a,897083,556900.0,950.0,0.001706,1,2,222
2025-05-17 09:20:31,ee93dbff1401450a32647dcaaf27d9d8f1a472445ccebd1222924d973bfae4d1,897083,28843188.0,1354.0,4.7e-05,1,2,222
2025-05-17 09:20:31,b484e74abd8df6f90c8d3ca2c29b006c74b3cdb820958c7d9f31a94248273b4e,897083,29061320.0,1238.0,4.3e-05,1,3,254
2025-05-17 09:20:31,8bc45da8043a6359afa932dca13478361cbf3278d3426a47516a2edfe4ac398d,897083,29178594.0,1015.0,3.5e-05,1,2,222
2025-05-17 09:20:31,b7553ea91c9ca34b7576b613cf0dfcaa0e793dc18eda9ec257d10819cbfc6a68,897083,29274600.0,677.0,2.3e-05,1,2,222
2025-05-17 09:20:31,38d9be06ee7eda922ed49a0e6db492dc221ba0f8772a325251dc8a5f8b3972cc,897083,29321883.0,677.0,2.3e-05,1,2,222
2025-05-17 09:20:31,c4d834203fbf62aff25de7ce9485c8116bb9ffd7bbe2dcd35746014a885dfc74,897083,939219.0,16725.0,0.017807,36,1,5369
2025-05-17 09:20:31,62132755ade47cd69ed17559fe254362f3526cf26f40e4d31be10f4bd6cab0cf,897083,22250.0,750.0,0.033708,1,1,192
2025-05-17 09:20:31,4b38dc0a2d8e74ab1b1505602a4ed132a52804dd7ece78b8cffd2ee293f0fd6d,897083,24155.0,1845.0,0.076382,1,1,193
2025-05-17 09:20:31,3143db690fdf73665e0003c00fb49603e36729ed63d86f83d2a1f1dd06a83e5a,897083,157074466.0,2664.0,1.7e-05,1,15,637
2025-05-17 09:20:31,cc1cf2c648d8f6ae6df730fb457483576c1d281fa0d8aa01bd23537b2e8912b1,897083,38618.0,745.0,0.019292,1,1,191
2025-05-17 09:20:31,23d73794565ffdd191c79a0eeef7c8fcd4df594bdea8aadd4b9f653fc0826462,897083,18933819.0,2030.0,0.000107,1,2,223
2025-05-17 09:20:31,5c3a46110ee81b0169ea1b9dfb7ff9d9b0e2e2909ca31217b0728455d22b6e14,897083,18953283.0,1652.0,8.7e-05,1,2,234
2025-05-17 09:20:31,ff140af318f9e83e1ce453ffed100c2bcbf189b5760ce92e61a41a195f64af44,897083,19051753.0,1469.0,7.7e-05,1,2,235
2025-05-17 09:20:31,999197cc2b53173ff50bf76e6e1528d7c75fd6929695a268c6ff653dac2a9661,897083,19079122.0,677.0,3.5e-05,1,2,222
2025-05-17 09:20:31,901ca0e2bf35c51d9c68d819035921403b53ce0eb7c125d4065f3de9b97e8ebc,897083,19187706.0,734.0,3.8e-05,1,2,234
2025-05-17 09:20:31,5c6dc9c41f24bfc1b98e27c99c65445e8d94f44c0964a057441b38f6ea6ea309,897083,19206705.0,677.0,3.5e-05,1,2,223
2025-05-17 09:20:31,1720b6cb7e6ac8c3f5b912a273aa3f431e8a316324cd685cf87f483d9d3b76fc,897083,19247024.0,677.0,3.5e-05,1,2,223
2025-05-17 09:20:31,d5e1a5fd4d25659deb1afd7cd2d0a540470ec2f97d86ac77b5b8ff0a46322304,897083,19303034.0,551.0,2.9e-05,1,2,234
2025-05-17 09:20:31,6ee463241f18a4c48d37dd596408b9a1a00365750c974c60d5726dddb192a9b5,897083,19351889.0,551.0,2.8e-05,1,2,234
2025-05-17 09:20:31,7fbe32133f3bcd330775c3c84cca6c0a1d628a1919fe0edc4c6730b8393575de,897083,47489.0,964.0,0.020299,1,2,223
2025-05-17 09:20:31,471c227d5f50055f37d3835302d1251313975d28806821bbb460848dbc6d2cd6,897083,63096.0,964.0,0.015278,1,2,224
2025-05-17 09:20:31,ad6df6d26633669be2879a44fa9b52bbfdebce33c0717dfee49e9668b56c8076,897083,741490.0,964.0,0.0013,1,2,223
2025-05-17 09:20:31,ca02ca4d373313215a7b9b376709affe80f30da3ab16f53064a2f97a6873ed30,897083,118710.0,964.0,0.008121,1,2,224
2025-05-17 09:20:31,20ce549f9f2c7b51fc11a4080eba2294b315f0b5ae7728c07434a7392a2ec9c3,897083,2000000.0,1847.0,0.000923,4,1,471
2025-05-17 09:20:31,354e00a8496b078783e65a5817423040a51c10df6de7bb47ac55c18f30d31622,897083,4317.0,994.0,0.230252,1,2,197
2025-05-17 09:20:31,333352b41b8b3d3befc0d02758fe03b192c595cfc296c343ddd2ebebf723a5d7,897083,309250.0,750.0,0.002425,1,1,192
2025-05-17 09:20:31,9c9653c90e0ee9b1a012c74194d29a0f65a06d5db9fbc1a7d7f05bf25defaba6,897083,280250.0,750.0,0.002676,1,1,192
2025-05-17 09:20:31,0e010dd5bc6cf5b84b030cfea3137e2fd03f66fbd00147dda8a9bae192fdc399,897083,53250.0,750.0,0.014085,1,1,192
2025-05-17 09:20:31,53bf1925dda237eee8a16803f92ace9a4d35b1be5514f24f17d44f4a04c5920f,897083,2647250.0,750.0,0.000283,1,1,191
2025-05-17 09:20:31,8eddc236872235461c442577023f39e99dbf553b9fa8a7811c7437073a3c2c36,897083,259461.0,2000.0,0.007708,2,2,674
2025-05-17 09:20:31,56e2e9683138262448f63e01d94d948486a21dbcaad2c296f2464940a50df8cf,897083,92550.0,964.0,0.010416,1,2,222
2025-05-17 09:20:31,0cbfd1887e2daa5deadd5612f6be39632109cb3d3b9335a7745d85224f2c9cc5,897083,528648.0,964.0,0.001824,1,2,223
2025-05-17 09:20:31,da01e14faf41f8e4f266b8c7c199633dd781ed358246f246d36c521f17fbdcb8,897083,668846.0,964.0,0.001441,1,2,222
2025-05-17 09:20:31,b0b36d017c26ae9ebd33aac8305aaa8cd147904afbc08c1e704669468286aea8,897083,49092.0,964.0,0.019637,1,2,222
2025-05-17 09:20:31,edc8c17e611a0819ea2fa1c30f80a5ae9f43b26dcf3dc47e6a0676319bc6758a,897083,35563079.0,964.0,2.7e-05,1,2,222
2025-05-17 09:20:31,ee2cc33be3f73bac82dafbbc4ea7ee863b73b8c393844367234ce4d437221e8a,897083,5620028.0,964.0,0.000172,1,2,223
2025-05-17 10:23:47,d5e177ee170965df0926da2bf14e2bdc5a62d0e0a14579845bcbbd511ffb3f13,897086,16472.0,528.0,0.032054,1,1,192
2025-05-17 10:23:47,e465558c4a3a67b7ac2c41ec466f8a85115dd7c69cecc055a94f80987e7f7806,897086,341872.0,528.0,0.001544,1,1,192
2025-05-17 10:23:47,c3159c8d976b034a99ad57d2475a7580d9ea0ca01bbcad81b2cda63356b2f101,897086,50282.0,528.0,0.010501,1,1,192
2025-05-17 10:23:47,24e73ff891fdc00a7c821c5340873ae6fdc9db2cb332dff1350bc63f85430136,897086,122056959.0,2981.0,2.4e-05,1,17,703
2025-05-17 10:23:47,fa9ff2d9cad853b7ca118a3c18bacc932344bb79f89dc3d7e64382ef165b2569,897086,4278648529.0,2026.0,0.0,1,11,504
2025-05-17 10:23:47,bf0d1678e9103001abef3ba3f80fc53676ac42dc560ef66c490ea9fa4251d3a3,897086,48948919.0,845.0,1.7e-05,1,3,257
2025-05-17 10:23:47,2d2a566eff102d1ca455e27d8892ffe202a900479da52974caa6882ac7eec7f7,897086,34664779.0,677.0,2e-05,1,2,223
2025-05-17 10:23:47,5cd0c19508bfc1f6e2d14747ac05f224cefb7a9e215611de5597e4a323dd94f4,897086,5033282.0,677.0,0.000135,1,2,223
2025-05-17 10:23:47,3a01365b75c5c036970f86d55ff8a66e73d0b56ce6770074f255c2936d4207e4,897086,57422.0,677.0,0.01179,1,2,223
2025-05-17 10:23:47,fbf5542358064607972dbc7c87960055216ed74069fe3cba33ec9af5e4b0b4d0,897086,84174234.0,677.0,8e-06,1,2,222
2025-05-17 10:23:47,055e61cdf1620dc8fc6128f8b3d76701abdbb479081ab61ac8b598c2a60d34b5,897086,9476693538.0,677.0,0.0,1,2,223
2025-05-17 10:23:47,ac798671bc3f357b8ccdde37240de71b8a44465fddff6d116fb2b6b537e3dba0,897086,34519350.0,677.0,2e-05,1,2,222
2025-05-17 10:23:47,371b37542fe4b83a935e4a96086262be2a2b19748caa6397e8316e7fd29a0f94,897086,5079118.0,677.0,0.000133,1,2,223
2025-05-17 10:23:47,4298b3b7c64aa864821639972ce301350f890d4c6f561d0575581c1ab1bf9a8e,897086,18584094.0,677.0,3.6e-05,1,2,222
2025-05-17 10:23:47,ff42425a627d634a3f821afe8bba7186fed2f13a8eae4f62f27c0f343bb284a8,897086,18659284.0,677.0,3.6e-05,1,2,223
2025-05-17 10:23:47,8f1cb637757ac7267cb44fafaf2f99ec5a237219722e8ba10e0e72fc8c3c2aef,897086,18675266.0,677.0,3.6e-05,1,2,222
2025-05-17 10:23:47,54b6aeb91893f501f76afc29a40e46e4799b10769130a5592ecea8a3e679e58a,897086,31207186.0,677.0,2.2e-05,1,2,223
2025-05-17 10:23:47,577f4e85c120572d558a4298318200c6c7e9851815cc8760892d7251f9ada97f,897086,7417221.0,677.0,9.1e-05,1,2,223
2025-05-17 10:23:47,8fea36e6a983a33897dd34111bb974a3760a8761ce5714d71622253576d5337a,897086,992946318.0,677.0,1e-06,1,2,222
2025-05-17 10:23:47,f5af640f91e039ab0e5dbc6f7d262265cc8d2649953296312cc077208813047a,897086,22940817.0,677.0,3e-05,1,2,222
2025-05-17 10:23:47,e26a6112939b28707cc7dc068143395b972e43bc97f317ada07bb58c198cb86e,897086,50964.0,677.0,0.013284,1,2,223
2025-05-17 10:23:47,b441a127570fbeacd9c6686963e3feca51b018cadeb8665e29977f70519be66a,897086,703139189.0,677.0,1e-06,1,2,222
2025-05-17 10:23:47,81de00759809003e7e9518b71b194656c4937efcc20c9ae4b437141e08240268,897086,4944800.0,677.0,0.000137,1,2,223
2025-05-17 10:23:47,6a9b58ffc214525b00b924b280d38e82fec8194adafaf8f1ce95a5aba6d16f5e,897086,993250433.0,677.0,1e-06,1,2,222
2025-05-17 10:23:47,702f69020041d0d18879e9a6753eee7bd8aad3a1aeb235f491d1343cd562c073,897086,993376755.0,677.0,1e-06,1,2,222
2025-05-17 10:23:47,7e88b4b0fca813bba454a121a132d4f8692537e661bd628091ead2797cab4154,897086,755936.0,677.0,0.000896,1,2,223
2025-05-17 10:23:47,b9ab5f3e55b37c32467c9e480b7da327cdf647bfbd4c2b3f8784bb405321503e,897086,191457.0,677.0,0.003536,1,2,223
2025-05-17 10:23:47,8f598bbe2650cb36f22257b8a70faa333460579095d729436bc84bd404c2063b,897086,20635.0,677.0,0.032808,1,2,223
2025-05-17 10:23:47,3580b1296f9c3d132afa6322662d7ba449340cdc89e92da80a46454a3f535428,897086,3510065.0,677.0,0.000193,1,2,222
2025-05-17 10:23:47,029cb7147ee14aecce61d64ad712feedb4fe97e4bed7a53b43d4ee4c933f7711,897086,30846108.0,677.0,2.2e-05,1,2,222
2025-05-17 10:23:47,f2f6e6d1a06db5c04b991080a6b9943718a0191eea7650b34359d3fde09fd80c,897086,15510228.0,677.0,4.4e-05,1,2,222
2025-05-17 10:23:47,b7a9074752839a38449f0dff03e44dc8615f75335f6280604d4c64ea6c55a209,897086,799932.0,677.0,0.000846,1,2,223
2025-05-17 10:23:47,54f0d3362615bd77f08f161f9531e68ef3a88f018d9709df8d4a741f080fc108,897086,1100005.0,677.0,0.000615,1,2,222
2025-05-17 10:23:47,593f9202e8e8e488660995c82e3085caae741ffcc65adefbcd788a69192b3706,897086,31147902.0,677.0,2.2e-05,1,2,222
2025-05-17 10:23:47,8d2eb9927f7fa3b763b94ea61d55260ec40770c7a6eed400961dcc9a93cb77cd,897086,194061.0,1018.0,0.005246,2,2,374
2025-05-17 10:23:47,788cca0dcedea310505b58b1aec1ce2156958af5dc62aceb0914653ac6e0ca50,897086,362951.0,1018.0,0.002805,2,2,374
2025-05-17 10:23:47,d96a818c3de2bdb55b3c7a458debdaa84ce3fcdf30754c3c63c3a4c0eff7d4ea,897086,10471117.0,826.0,7.9e-05,1,3,253
2025-05-17 10:23:47,9fde435bdbfc59b312ef3a643d7f68e5bbc6c9ccba34406e236315a1c83450dc,897086,467020.0,706.0,0.001512,1,2,228
2025-05-17 10:23:47,c676078633212c5ce55a0b2f6e0397800f62249179c5afb327c7538e281bdadf,897086,371681.0,682.0,0.001835,1,2,224
2025-05-17 10:23:47,9522741d11ca046c16df9c636793b0b46fb48412cff10cbac4096fe2d89e6d61,897086,38999322.0,678.0,1.7e-05,1,2,222
2025-05-17 10:23:47,6b93f1d4acff7315db8d05121cf5c5cd903122d563054968423b0782c6288a0f,897086,477171.0,678.0,0.001421,1,2,223
2025-05-17 10:23:47,cdbf0d81579f736a249ceca4b0ddf7ff1d3c4b154b31ccb5b17ae886cb4f4253,897086,510745.0,1632.0,0.003195,3,4,582
2025-05-17 10:23:47,bf923b6e57294095826b29bfc75c2c86baf23631cdd091ddfc375529856566cf,897086,596454.0,3638.0,0.006099,10,2,1562
2025-05-17 10:23:47,ebc677f3dc51a337a4cd6571ab4b9afa73f2836dab5ac4175b22c2fe26b4ae78,897086,12910610.0,1330.0,0.000103,3,2,519
2025-05-17 10:23:47,012e38923b8248a68dec72fd0ca18f30d83e246d9e2a4aaa94a937e70f20fc3c,897086,1429847.0,1330.0,0.00093,3,2,519
2025-05-17 10:23:47,b848bb8da6c4e64687ac6123c6d2d718783057f0257cf6aa085c657994de91b8,897086,27961.0,1181.0,0.042237,3,1,487
2025-05-17 10:23:47,aab47935121c6f2b23653998b80328f8c39a668ccb66eaf4bd0a1b335f0688d2,897086,5703196.0,1003.0,0.000176,2,2,370
2025-05-17 10:23:47,aa48b627e7c4369d07c4ab7fd0b8e43ab741a0bde7610507c2f5c66af234e4c6,897086,4994721.0,1003.0,0.000201,2,2,370
2025-05-17 10:23:47,8d7a83490f59d4c488329ef077a583fbd6a322db3958a50efc264eabc71fe528,897086,249613.0,1061.0,0.004251,2,2,382
2025-05-17 10:23:47,dc28c1322603966b23c4069d8c7f61904e4aa1ef96a6626be4d3da9a7e146746,897086,345109833.0,1987.0,6e-06,5,2,816
2025-05-17 10:23:47,3953996a8d0df8e538da0fadb6ddbf86d4fdb4ec44c7f032924bd7d93360a80a,897086,4203185.0,3629.0,0.000863,10,2,1558
2025-05-17 10:23:47,6112fd47c96bb3b916139bd48530a4232cd5db5c8793dff562739ebcd01c7946,897086,178827157.0,17726.0,9.9e-05,53,2,7947
2025-05-17 10:23:47,25da6ea242333c8f9e104dbe80489d96a172a163c29b85df3c4d962c4dc1975c,897086,1373177.0,734.0,0.000535,1,2,233
2025-05-17 10:23:47,cb6163be1a276c88ff3a5e2e7ab9f9d10f7cb4bae7835e5d8f0c6abf3634fc1f,897086,19346913.0,677.0,3.5e-05,1,2,221
2025-05-17 10:23:47,b28a87219afed0fce5f5603a56bd464ad86aab8c61b748cc5d81930187fd5997,897086,247821102.0,1418.0,6e-06,1,5,510
2025-05-17 10:23:47,494b0355c981ba74632562ffbf8d592c6fa52bf964471695ad56136709036d4d,897086,63567.0,1786.0,0.028096,2,2,366
2025-05-17 10:23:47,1b743370e870148544383fe9bfd6d60aacee53dc967da18687c0016c9482bfdb,897086,14310.0,690.0,0.048218,1,2,223
2025-05-17 10:23:47,83dae00fae00d93ffb410693ffbc80a01db951c87a7884b44b6b454e8a1bf2df,897086,1133639143.0,808.0,1e-06,1,2,246
2025-05-17 10:23:47,af46f2107b0af29b167c2c01a25b34958f5c6020b2f19aef31068d8ca40e5c58,897086,2180001.0,808.0,0.000371,1,2,247
2025-05-17 10:23:47,a997f78f91f52bd1dff7bf6a374337cffd4891e4454fa16a1a7908564f54d3ea,897086,2123977.0,926.0,0.000436,1,2,380
2025-05-17 10:23:47,047daf5c81ec099b0dfd55e5effc12284bab1dc97c3d8343f47026b3a5a75f41,897086,2571553.0,1255.0,0.000488,2,2,418
2025-05-17 10:23:47,6a5aa86f585b8fc024ec452344f5b4bbda96e1c56bcdc3fee532cb2db8a93882,897086,63861225.0,698.0,1.1e-05,1,2,223
2025-05-17 10:23:47,fcde38b3aaa959e5ecfcab3bdffb918a1501f3d75761b718ebe32053c075b142,897086,32607528.0,698.0,2.1e-05,1,2,222
2025-05-17 10:23:47,483b1e75777cfecf676a50f1c00db51a0bf8f24f15f83ea1a41b551c379bca2c,897086,11098541.0,698.0,6.3e-05,1,2,222
2025-05-17 10:23:47,eac2624a9244e168bfe98440c8a097d9a12824c3b394e43a6021a81404e038e8,897086,58102622.0,1035.0,1.8e-05,2,2,371
2025-05-17 10:23:47,501cc38293feb6ee0024f95fdbba928f639846d95f5b60f050fda90a73757bc3,897086,613628.0,1035.0,0.001687,2,2,372
2025-05-17 10:23:47,ffbc35e49aae2986eccd0d5f1d89e8f85d0a22ae6b36fb48e007bdc47f01da24,897086,175503.0,1035.0,0.005897,2,2,372
2025-05-17 10:23:47,5fcc3b523e1703bea93acb0d3025990f6587019ff1aba88d78978a92406bea87,897086,4408.0,1053.0,0.238884,2,2,374
2025-05-17 10:23:47,b5dd73144e9097260b455d408a2672b9b45036cc04716eb4e75174505952df25,897086,267065.0,3070.0,0.011495,8,2,1267
2025-05-17 10:23:47,05c89df49df8f01796e66900fa375bf0c686642b5c67c8f69b29f4cc60f6d39a,897086,271393.0,546.0,0.002012,1,1,192
2025-05-17 10:23:47,5cf72262c347114472712496056ecbfb0564d8f92a21f98dc0b193f3573f7c79,897086,47812.0,546.0,0.01142,1,1,191
2025-05-17 10:23:47,acae8fe34c6dfeed93870a2a325ab2153bda0f9b139921b65061b5c7a36ca120,897086,1771300.0,700.0,0.000395,1,2,223
2025-05-17 10:23:47,13abec84cb05699f186c2a84e4be1808557d33259c09ebbacafbf8ceb54011e7,897086,60854.0,760.0,0.012489,1,2,235
2025-05-17 10:23:47,7ae23be474acd44a1413c289687564d92a45690862aa84757459fb09d0c9c9ad,897086,349957.0,840.0,0.0024,2,1,269
2025-05-17 10:23:47,89f99b5917c4aa541e1ab3d4374267d9e1e7219140dea3bf978e6d19166a4005,897086,169085.0,1710.0,0.010113,4,2,668
2025-05-17 10:23:47,ba2fa840f100a8a3db1f8a24a0f224f7371cba0041582cc3d6344dfdbd352735,897086,86424054.0,701.0,8e-06,1,2,222
2025-05-17 10:23:47,13c1a933630f1f4c1aa227c354f0371f0c0aa98c11666625c96c68ef6c8681f2,897086,7765.0,562.0,0.072376,1,1,195
2025-05-17 10:23:47,ad48dced59f9768235f1ab2eff69165c0e14dee3fa719f8158f0008fdbe61def,897086,2036572.0,1000.0,0.000491,2,2,301
2025-05-17 10:23:47,00d79e00f8ae9dc9a76fdb6ce45a4630ebb458d7fe241cc9eca4d1a657e4b8b0,897086,79944.0,1045.0,0.013072,2,2,372
2025-05-17 10:23:47,85ac4ecaeb8741da4c24cac55fac4c522f9723a575142bd46371bda8a19f89d2,897086,865457.0,1055.0,0.001219,2,2,312
2025-05-17 10:23:47,4741d183fd4801bc95f60fc1a97194cd5e750423992a82c4410c8abfcaa94aeb,897086,15015.0,702.0,0.046753,1,2,222
2025-05-17 10:23:47,feade1b5c12b323b3859035247d2c881d05565a4e1ff319c4aa5f8f07e312dd6,897086,618368.0,702.0,0.001135,1,2,223
2025-05-17 10:23:47,f73a42604da48ca5cc0fe9a96642c997782815491241b2222896817a3a8988a2,897086,785994.0,717.0,0.000912,1,2,225
2025-05-17 10:23:47,d3a6a0d5b58ce4119ab86b4e46902f4319eac1cd960ece3cf637a3e6d0c33a82,897086,249283.0,717.0,0.002876,1,2,226
2025-05-17 10:23:47,d1e03cb12c39b82ca5dbbfc15a0c43f622c537bc96149f16b41519b476e1a74d,897086,8385036.0,717.0,8.6e-05,1,2,225
2025-05-17 10:23:47,b6bad1b0edbfe2f48cd49d575166a7c857977abd41fa133a91f2f8f2abd8aa38,897086,31357.0,717.0,0.022866,1,2,226
2025-05-17 10:23:47,3228fcbdec419b5f8e3f3322f9d3ebac816716f3142d2436193f0c353c407394,897086,111643.0,548.0,0.004909,1,1,191
2025-05-17 10:23:47,8e6151d6ab4ea3a12e3858006b0f8e781e11bab92da651302f0940db993fc310,897086,19452.0,548.0,0.028172,1,1,192
2025-05-17 10:23:47,836706b1d1ce528c78ee56d3ed579044aad7b48a12188c93a3c4df6a84646fe7,897086,19817.0,563.0,0.02841,1,1,194
2025-05-17 10:23:47,447df36334dee3eafc10738ea45e5b4655590d532810472f9d609c6293b4846f,897086,2358842.0,1415.0,0.0006,4,1,483
2025-05-17 10:23:47,afe435347fcdfc51caa90bdb280ace83852427cf2a90c08e8123f56a772204c0,897086,44941.0,872.0,0.019403,1,3,257
2025-05-17 10:23:47,ba9fc0a167f14d49795916b04cf43bf9a6cee05f851c4428be9eb25d60550a8b,897086,4486701.0,708.0,0.000158,1,2,223
2025-05-17 10:23:47,6fca35ec97b24d2a30977a999271ffe5f03e7e003510788a555274830e752071,897086,16516420.0,708.0,4.3e-05,1,2,223
2025-05-17 10:23:47,52384af7c4f593d9aa7d96d378ab60dfcac60ac67f48534f0ef00b4b36bb3287,897086,6689116.0,2264.0,0.000338,1,12,535
2025-05-17 10:23:47,0da7d42c6b7461639fddbfe11216ab3360810b7af2edc6b44803cab07f6d4ec3,897086,326596.0,1920.0,0.005879,5,1,790
2025-05-17 10:23:47,df35c48499ffab6c254b4ad9e3897b6dc06d86316d8b2167635605d7cda4f9c2,897086,48090619.0,838.0,1.7e-05,1,2,249
2025-05-17 10:23:47,204e9a59af39804b65bbac1fa2b92820549d7d01e50aad6fabce13e33672dc1b,897086,22633540.0,838.0,3.7e-05,1,2,249
2025-05-17 10:23:47,6863fc6a87e6c7d0ab74f4efea96f92f8168fcd31fc70627b26a8bfb04189dff,897086,546.0,765.0,1.401099,1,1,330
2025-05-17 10:23:47,1a02e5d6c69084df93a75b0b72f1c2db2a657edd7151730e9c750ef7344961fd,897086,1055420.0,705.0,0.000668,1,2,222
2025-05-17 10:23:47,50aa27c2c5ffdf9106b5cce5dc3e715349a1afba1e934666c97d755e408965fa,897086,546.0,770.0,1.410256,1,1,331
2025-05-17 17:52:33,27453bbac0e5f20dc03d1052b0b13446844ab13a4b5eca63c23a391bb9fc2a20,897134,38255.0,528.0,0.013802,1,1,191
2025-05-17 17:52:33,3ab969e5d6325df8662666e4ff7a662e937b3a3ada23bb4e7db4538f5156f41e,897134,18685.0,528.0,0.028258,1,1,192
2025-05-17 17:52:33,a3533a577ba4446f51f0431a4b7c3a3084a064b151bdbdc9c5dbe6430ff5291c,897134,1275771827.0,840.0,1e-06,1,3,256
2025-05-17 17:52:33,0f9e73ee7e6636c663ba15ecc578644d45b6a2fb2fd0c5a8c6f012de34c0671a,897134,2433472.0,528.0,0.000217,1,1,191
2025-05-17 17:52:33,5c2506393c85ffc972d0fe4b9d32449f780066a35aab97e7debcd4c690fd6d17,897134,19155.0,528.0,0.027565,1,1,192
2025-05-17 17:52:33,399ceaf90db6c4809edfc25d4c42346220a1d1d817fc75e28138a288344e0717,897134,168526.0,528.0,0.003133,1,1,191
2025-05-17 17:52:33,56d0439ab21a3eebc055fd29d0ab1c258915ddb7b2350628dd5f155e9e8db708,897134,103187000.0,2208.0,2.1e-05,1,12,541
2025-05-17 17:52:33,b80e5574c5e75e60e4a6de4e579a889aafa0d201b03076f2d1acfb899167d707,897134,78163.0,528.0,0.006755,1,1,191
2025-05-17 17:52:33,66e4be2d4d040fd9a6719dc88a6ea27a55ec601cc6f7c3d3df02bf6d4482fc05,897134,38207.0,528.0,0.013819,1,1,191
2025-05-17 17:52:33,2ae99efba5bd25f4e8a1823641f6ab03fa0e2deaa05fe84503aed998f9f26403,897134,46284.0,528.0,0.011408,1,1,191
2025-05-17 17:52:33,47fb88d762dd63136ba5dd19bc4b8ce79ab07c5207156312c3f371d758a25f0f,897134,2185312.0,677.0,0.00031,1,2,223
2025-05-17 17:52:33,5c733730f07f1754bef82d02d4e2910ec34ea5b01eacdc02c118c66b73af637d,897134,2215276.0,677.0,0.000306,1,2,223
2025-05-17 17:52:33,33d3d664eeaa7fd70c44d2a24595108442c352756b8139bb59ed02ac59200f90,897134,2696784.0,989.0,0.000367,1,4,287
2025-05-17 17:52:33,423379b2b09c068d2e0ebf96fe217c5f2bef8c1d9945677ae8be13cfd62c33cd,897134,2990139.0,830.0,0.000278,1,3,255
2025-05-17 17:52:33,9c2fc645ae0994ea3f0f021c3218499498ed5bb2b5b7aab94abf857a194d1d93,897134,2892940099.0,2669.0,1e-06,1,15,638
2025-05-17 17:52:33,96ae1bcb4ff9f4d8df38179c37e45d3d0c1f0b6772de06a495104caeae154f8a,897134,19944193.0,1301.0,6.5e-05,1,6,352
2025-05-17 17:52:33,7c5870e1c3a61fefbdac70d714325e96efcab3af35a776b01725fd78c5d5ea92,897134,442438.0,677.0,0.00153,1,2,222
2025-05-17 17:52:33,5a9d6e1f548fffa0d53fabde0882695dfcf8ee9b27be00e1fe4396e988948c44,897134,443115.0,528.0,0.001192,1,1,191
2025-05-17 17:52:33,03776487d5d1125445dbdab58246222dfd83d2ab6ef8cec5ce57eb0babb270f9,897134,6956088.0,1037.0,0.000149,1,4,297
2025-05-17 17:52:33,6a19a14bad68dc1835f06a0f76028b493b797aae69bafed622f164cff55d45c6,897134,12448878.0,989.0,7.9e-05,1,4,287
2025-05-17 17:52:33,983acc1a10751c32a2d62b3a6c6c4ab642fdcfeff0784368cc38d138721264fc,897134,452203379.0,677.0,1e-06,1,2,223
2025-05-17 17:52:33,4862fb5c7f93a19b12d6375d5a3106629c40aff41115eae2baee6d9af324f1fb,897134,1566069807.0,677.0,0.0,1,2,222
2025-05-17 17:52:33,18817bb1827d9b106cb1a2d7c54e77764ddb217f14f67d84737a59f7fce7bff8,897134,49999323.0,677.0,1.4e-05,1,2,222
2025-05-17 17:52:33,4352edac0acc961c0922e5960d77135c3f48e2df7596ca3f3132918ec07a31f6,897134,7172426.0,846.0,0.000118,1,2,222
2025-05-17 17:52:33,073ac6b72b955cf3038403dc53b63a1756a7a7c431c3acacb9b2b6294df3fc1d,897134,7174251.0,508.0,7.1e-05,1,2,223
2025-05-17 17:52:33,0927e26ad73ac4de49de5b31e2777c7d86d24420e0c15dd2bcc529b0418fabe8,897134,61450243.0,677.0,1.1e-05,1,2,223
2025-05-17 17:52:33,f5979ca1a0427e07542b8a86235761c9c9a71379f7afe3c0999793887c442ade,897134,2189528.0,677.0,0.000309,1,2,223
2025-05-17 17:52:33,bd453cd2f55f344276fbef066fea200083975a3cfba7e79dbca6d86718bb45c9,897134,5962514.0,677.0,0.000114,1,2,222
2025-05-17 17:52:33,4944f086aa220ed4c9deee993d46b6fa7685ab492b1ab7900d888bcd3a9775c2,897134,4943690.0,677.0,0.000137,1,2,223
2025-05-17 17:52:33,2323b8c237ed94423e5da9427d1641b342088042bf7def4c37c922d7af63efba,897134,90339651.0,677.0,7e-06,1,2,222
2025-05-17 17:52:33,7344dca428059909dd5ca2d33004021e8313666107c4e9cce79911f748d7b5b5,897134,814183463.0,677.0,1e-06,1,2,222
2025-05-17 17:52:33,5c0c0a70293572acba8b66bf2c6334cebe5057eb5819376478e8b70b952fa1b1,897134,119106302.0,677.0,6e-06,1,2,223
2025-05-17 17:52:33,7d11ae46ae1e11a151a9e1fb3907bae1506064b53c990bb66971d1ae6c124bac,897134,8990208854.0,677.0,0.0,1,2,223
2025-05-17 17:52:33,be40059814d387d91dce5d445b1129d551e258403021c49f2038f01476d34daa,897134,6292136.0,677.0,0.000108,1,2,223
2025-05-17 17:52:33,a9c0af3f34a72094e6745f474da5bbc6e64f58a863a5d5322c59ebedb217a3a2,897134,4634752285.0,677.0,0.0,1,2,223
2025-05-17 17:52:33,abbbb192900e8cb9424c1383ca188ab1ec0a4713131f1ab6ffebaab90c7ebc92,897134,151654922.0,846.0,6e-06,1,2,222
2025-05-17 17:52:33,c107384168ed21a67715d511731f9df4a246d4a07fa9c28e35de08966b6aad9c,897134,151688662.0,508.0,3e-06,1,2,222
2025-05-17 17:52:33,4339aed66c7f46e2b510d729714c2df19b3781118a40df48dfefbded87d73b81,897134,29886285.0,677.0,2.3e-05,1,2,223
2025-05-17 17:52:33,42a5d83009b824aaad94d1414d6d54d05cbd8154419ecc2c40ebe2e50fc62479,897134,1834431.0,677.0,0.000369,1,2,222
2025-05-17 17:52:33,074503b50b172fcbdc8d12470535c865478cfb1289061ddc50a6fa9e22e52d77,897134,44851.0,677.0,0.015094,1,2,223
2025-05-17 17:52:33,0fe0430061050e7a50983aec3e0583fb673a7b0244c30edeb96d7fe19b010c6d,897134,28324.0,677.0,0.023902,1,2,223
2025-05-17 17:52:33,96515140258eee3115c7e197f5f2b77ea875e05ce6b3e85639189747131e1a55,897134,59999323.0,677.0,1.1e-05,1,2,223
2025-05-17 17:52:33,14689021e3684c40a78ba8fde984be983a54cb350807c5400ea594d35efa7e4b,897134,142300200.0,677.0,5e-06,1,2,223
2025-05-17 17:52:33,b85d41bc561d4419b035bf4d020681434dba1351f69d1f6f7e417b048237e740,897134,79682.0,677.0,0.008496,1,2,223
2025-05-17 17:52:33,907e6f196b5d9911beaa3af54797251a7b3353ecc10786f57b71e5a32facca3f,897134,30840547.0,677.0,2.2e-05,1,2,222
2025-05-17 17:52:33,363fb26093f55fa144f15a00906d3d083fb6be18e8ba95af1c9440d86572b93f,897134,1048603197.0,677.0,1e-06,1,2,223
2025-05-17 17:52:33,b4beacf4b13a766b3735bcf0a0b3e3c266be8ed21e9e7e925112afbb10375e3b,897134,29382345.0,677.0,2.3e-05,1,2,223
2025-05-17 17:52:33,9490ecec9d8014f60aad0292a891e3e150be80eae456966c5297ff26f6f5be37,897134,5994205.0,677.0,0.000113,1,2,222
2025-05-17 17:52:33,2e4e3acd7392448ac1bb3fafb1e760c104e814f8664b7a8d26c74d77fb0a5f36,897134,179395.0,677.0,0.003774,1,2,223
2025-05-17 17:52:33,739a56d3c02faee00661da099dad84645f5f78ae44172eef2fe3bdadaa76f230,897134,2931929.0,677.0,0.000231,1,2,223
2025-05-17 17:52:33,96bd8cf03ed9832c7da16ac1998d5c1898775c554b60707be68e60ad78a35a2d,897134,67811739.0,677.0,1e-05,1,2,223
2025-05-17 17:52:33,f9b78b6a6ffebd5f91264d1abff5817baabb1f34bb7b884843371ad15b7c261f,897134,13616.0,677.0,0.049721,1,2,223
2025-05-17 17:52:33,c051652bb0496d3ed6923148b1ce06b77c20bf8a3119d8288787e75af760061d,897134,5910351249.0,677.0,0.0,1,2,222
2025-05-17 17:52:33,f87387e7c5d9803233c5477c28137244c9ee893a9c6be7dc1be85a36d8204a16,897134,31748226.0,677.0,2.1e-05,1,2,222
2025-05-17 17:52:33,2ea8dcffd498f130e905fe0cf0808d05813981c615611c30dc9a02a4fa47b90d,897134,174907038.0,677.0,4e-06,1,2,222
2025-05-17 17:52:33,483996dcfe8b39743978deb0ad7f455f46105007115244aca7e131158ac003f5,897134,697561.0,1330.0,0.001907,3,2,520
2025-05-17 17:52:33,ec8be3d541c629e2b0313eb60022d65f9ea3aa114a0cbe232e2610305c782037,897134,1795555.0,1330.0,0.000741,3,2,521
2025-05-17 17:52:33,ec003bf540cf439041f5638de103c38012d1eeafbc3824e3881c7e4bdc932d37,897134,29068368.0,1138.0,3.9e-05,1,5,318
2025-05-17 17:52:33,b2edf3f914e352d66908eb165bdc62953c69e064cb3d3c0f3983d127c32cb9f9,897134,32052.0,1018.0,0.031761,2,2,374
2025-05-17 17:52:33,8ca9723539f4871138c3df9a11bd3f0e6b57f8be37b270a3444e37913432be7d,897134,25260393.0,682.0,2.7e-05,1,2,224
2025-05-17 17:52:33,60cf141208693c0e08ffaee5726bbba726fcf1737235e1d713051225a7ed4663,897134,25290037.0,677.0,2.7e-05,1,2,222
2025-05-17 17:52:33,f32dd70ac85c1a7b3f3d38a67f3a555f82be203a615e4749f3b1be4a85d6dec8,897134,90903048.0,826.0,9e-06,1,3,253
2025-05-17 17:52:33,b3409c1acb51d54ee916dc9d7f3c930fb53744cc70cc5c3785a2bdafda319c31,897134,17356085.0,826.0,4.8e-05,1,3,253
2025-05-17 17:52:33,e1dd1a5e72d6bd6052b7324962a63f454fe65c0d00bd905fefb1f74f98a2ec21,897134,24072698.0,826.0,3.4e-05,1,3,254
2025-05-17 17:52:33,e07efc50a8b6f6f2ae9a63f41ce4445a93fb295666b73f128cf853c491b2b4fd,897134,2194639.0,682.0,0.000311,1,2,224
2025-05-17 17:52:33,491f3d5ae4ab2a6c9c0c363e6b56e5d7d8a09699d8e879a7f8b855c1d1e348a2,897134,18452.0,682.0,0.036961,1,2,224
2025-05-17 17:52:33,f3ad71ffb08214a5deb3be5fa8eecfc3cb28aa3591e08d8bf9ffd3da4f079198,897134,42654192.0,682.0,1.6e-05,1,2,223
2025-05-17 17:52:33,8890daca8cc5e1234ae6678eb907ab8abe622069e83dcb8e3ded5c977ca91c8f,897134,143938434.0,682.0,5e-06,1,2,224
2025-05-17 17:52:33,65fdb029c970230824c4cedf67233a168c552ad3b68f2656512f6d9c24a9ed40,897134,250332.0,682.0,0.002724,1,2,223
2025-05-17 17:52:33,19b12302f21783b240b6cd11c40e3eef929f7777e587b9c3ed1b7b52c2a37335,897134,1754211759.0,682.0,0.0,1,2,224
2025-05-17 17:52:33,3e544a9b4a0399e3ec4c23680dd58e39a5d10f5256f7f1972a011cd9790f0d24,897134,26855286.0,682.0,2.5e-05,1,2,224
2025-05-17 17:52:33,e8688740db4c03a54ad9fd2d8132eb47bd4634fc804b461660018bc18e9a3323,897134,457538.0,682.0,0.001491,1,2,224
2025-05-17 17:52:33,8b2eebb2ded7636c1cd635163973d037111d72a193aa55e6c7197344d76e4012,897134,2663491747.0,682.0,0.0,1,2,224
2025-05-17 17:52:33,7f637bd6b5bf000974baee3796c8f8ef53a5d86cf1fde790fd7a5aa865ed0110,897134,143292808.0,682.0,5e-06,1,2,224
2025-05-17 17:52:33,250f07866c36de7c079147d1e95702ea3138ced62006bfba24935d99f4159acc,897134,292241.0,678.0,0.00232,1,2,222
2025-05-17 17:52:33,836319a7b08a1655713a4d0adc1d07afa9d0a260ff6fd0b5852b89adb20e9123,897134,613681.0,678.0,0.001105,1,2,223
2025-05-17 17:52:33,dd4158738a14817874b5855785421074b95cc183321459d76348ffe2f16adf20,897134,329854.0,678.0,0.002055,1,2,223
2025-05-17 17:52:33,1f070e7bb25cf4d2e45b18564b31652b8ec896cb2414bc5aca5f39d4a25dd330,897134,639827792.0,1478.0,2e-06,3,3,549
2025-05-17 17:52:33,147d3bfed527055aaca3583a9560726f44704e94debd971b7c789fd3f228bb20,897134,712818.0,2640.0,0.003704,7,2,1113
2025-05-17 17:52:33,c31546a34555bbdc14a3b1563d5e18fc276d39283b38b3fef98dfbf13dd9335d,897134,15362396.0,3624.0,0.000236,10,2,1559
2025-05-17 17:52:33,5a71ec2548edf3004c98ca17b00572dcdf263bf444b494c3d8933bc877aaafbb,897134,23081068.0,3629.0,0.000157,10,2,1560
2025-05-17 17:52:33,21f46e3f363ca9c9a526c6046a093da0ba782edd385f622a160a0c92e9933326,897134,10314776.0,3629.0,0.000352,10,2,1561
2025-05-17 17:52:33,76708e9f477fc744f19dda8cefc33c5963c7bbfbdca07fdf7dbfa65c16716af8,897134,188062.0,1003.0,0.005333,2,2,370
2025-05-17 17:52:33,882a70af2d6c9e2e6197e7b149566dad73d26d106bdc05a5629a096e357a02d8,897134,51208.0,1003.0,0.019587,2,2,369
2025-05-17 17:52:33,bd7002deaa6b075c73f2ae791da5521d46051d20ff9da01d1fa3461eb55e2508,897134,1454769.0,1008.0,0.000693,2,2,371
2025-05-17 17:52:33,2a3e58cfb9890bbc3d62ab8bd2803ee00389117200152af68fc3bb3655641acf,897134,301737.0,738.0,0.002446,1,2,234
2025-05-17 17:52:33,9cc633e958b6882abe188a533f8910e45b968a9727155fbe149384a888c328b5,897134,282179.0,738.0,0.002615,1,2,234
2025-05-17 17:52:33,b30c3bfc3c9f8b378be11923c803fac12f7df2fb62c48f8d26e04e13373c22a2,897134,280238.0,738.0,0.002633,1,2,234
2025-05-17 17:52:33,8e3dddc74a455d52ebd7bfa836d210241b972de98a537626595e91970ca03e29,897134,300465.0,738.0,0.002456,1,2,234
2025-05-17 17:52:33,0f14b112bb9a54a44c4ee92fe604166694855942c754cf2c073d93e7ff6e81d3,897134,558072.0,2822.0,0.005057,8,1,1231
2025-05-17 17:52:33,fd1b31aa2cb60d97a3d0ad0eaf29ed04005a92d710fa057a00b11598d5044d72,897134,104145109.0,24605.0,0.000236,74,2,11070
2025-05-17 17:52:33,8f0354a0b09f023236ed79876a952a49740954cbda5bb5922a0436c28b243f67,897134,893909877.0,1738.0,2e-06,3,2,523
2025-05-17 17:52:33,e596da0d9a920273a358666719a6a3b3093cdc8f86efd38e3f4f5975f62e7fff,897134,2429907.0,7805.0,0.003212,22,1,3310
2025-05-17 17:52:33,1e152f03128d1ab0aaa93dea798149c3fbb0231dffd3e3f3182d37d6421d04fd,897134,12077.0,546.0,0.04521,1,1,194
2025-05-17 17:52:33,09a09858da6ecfc08321d40e34790ec08029623718b1de238a834dbdda13edde,897134,324761.0,546.0,0.001681,1,1,194
2025-05-17 17:52:33,6e0b8f5e21b55e8e5ae43af2db0a08c526fe8f9095aad63428dfd96fc8c388d2,897134,71907.0,546.0,0.007593,1,1,194
2025-05-17 17:52:33,601c3393e4fc7d106e7c90fae8050cb7fc5bc19b2bc5f85303d2955c1ef438c7,897134,88454.0,546.0,0.006173,1,1,195
2025-05-17 17:52:33,ec2289a62c5cfdb7d96ec2cea5b7ad764c00280245c93ba7325cc52f1e6e52b1,897134,166454.0,546.0,0.00328,1,1,195
2025-05-17 17:52:33,8cbd097406bd3274c55aba519583836ef6d38e9a0f7d2c2db0546a1216893f92,897134,134847.0,546.0,0.004049,1,1,194
2025-05-17 17:52:33,edfe421615c89b11b5ef56cfe6601b450686adf26e0bc205fa188fd61b256a65,897134,283611.0,546.0,0.001925,1,1,194
2025-05-11 02:39:37,c82841f7d3300697296c7738ed4f3582ed464cfbd032cfbf0375eed00b7b4a1e,896194,49300.0,2300.0,0.046653,1,1,193
2025-05-11 02:39:37,d4f4db12a67f60373d8f160910be0f3b597b6fd8375b163f107ec5058e3e8a2e,896194,196600.0,3276.0,0.016663,2,2,372
2025-05-11 02:39:37,e6a488aaeb1359f96af8ec437bf8f2eecd08d80b97650180ddd72cc5fe3b920f,896194,1844656128.0,29000.0,1.6e-05,8,11,2789
2025-05-11 02:39:37,65bb888336b37980fcb469a5deae31e7f8e8134080fa162707e1a4ee79a2196b,896194,38749320.0,2920.0,7.5e-05,1,2,247
2025-05-11 02:39:37,52c1c3e225bdb4e5b6399c6b03512e1b078cd658807e5d90f473ff0f9cd65f9e,896194,9378719.0,6081.0,0.000648,1,4,345
2025-05-11 02:39:37,bb95e3034e38a75ff94e051a7352841d4614c4a0ca5eaca1ee2d7abe7d78ddc8,896194,52590.0,3750.0,0.071306,1,1,193
2025-05-11 02:39:37,04c683da33a5db13c2c9aa5e8aaf9a82c9eb457a1ff7bcca2e309f9918290cab,896194,12123674.0,846.0,7e-05,1,2,223
2025-05-11 02:39:37,b7c87fef38b1bede542f96b32e1548cf1ddbd01b68e47cb82f3ca5c26effe28f,896194,2706.0,2294.0,0.847746,1,2,176
2025-05-11 02:39:37,d6eb46bf1aeb56ea9ff0b28053c902b7ad5de18ab9bf8ba418f3fe6f37fbc82b,896194,2706.0,2294.0,0.847746,1,2,176
2025-05-11 02:39:37,1864e649ae0adf37a4e23751c01aad711f7ef714d2edf2b0a40d9963dce7fd9a,896194,620000.0,3359.0,0.005418,2,1,339
2025-05-11 02:39:37,35b779c62f0103987d2ed990678fc2f067c445c108d29e7eef697fdd4d90907b,896194,1267903.0,2790.0,0.0022,1,2,223
2025-05-11 02:39:37,18e692f50b88fb057c8e20584657ddb35885a76db38c899192470f14f4c0d1f1,896194,22775600.0,2840.0,0.000125,1,2,224
2025-05-11 02:39:37,621f7ef3a07e2ccdbc58e6ea8496fb093bf1465e6251b7be72572dddab7d255b,896194,146781.0,219.0,0.001492,1,1,192
2025-05-11 02:39:37,444de63397ab684b7f4e24c522fbe37c866b414d35e69919928af8c20bb62f5a,896194,2007425.0,3399.0,0.001693,1,3,248
2025-05-11 02:39:37,1409a34add44cea507564369efc87a3827b547b9f007b117af48fc102d13b9cb,896194,1414790.0,5182.0,0.003663,1,4,444
2025-05-11 02:39:37,667ecddd94140fcbb8dad10478d1c2465e014a2a1837324cb01fda38d08cd469,896194,388461948.0,3000.0,8e-06,1,2,226
2025-05-11 02:39:37,753586159a88caab8729a7c94ef068eef03eceeeb84c4f9d7d7b669efac9dab3,896194,101009.0,385.0,0.003812,1,1,192
2025-05-11 02:39:37,a672769885ab4c157926fc7f902b31c737b120457386a21ab69cf6da8fbaccc0,896194,1547080.0,2920.0,0.001887,1,1,215
2025-05-11 02:39:37,19646767afb4aae5f4561f7c42e7859309f43378d63c4f8a92b59c2e7ff3c2fc,896194,24576.0,4202.0,0.17098,1,1,192
2025-05-11 02:39:37,1fb481ca08e976ce829efe6e24512b42d7096c9107e490c79eea513d68065d7e,896194,599290.0,2920.0,0.004872,1,1,214
2025-05-11 02:39:37,f713fc273de553979e6bd8491c31f3d51184407f42eb2f702c6126efbe1fe4a6,896194,99154.0,2562.0,0.025839,1,1,191
2025-05-11 02:39:37,7ee021b10401aafce2d0e75a0c10bb816494eb3dd450d94d3e59468d04ac1013,896194,318854.0,5162.0,0.016189,1,1,200
2025-05-11 02:39:37,383306ac1bd9891d72939f414508d85e6358f845aa484465e32b12173b090367,896194,99617484.0,6300.0,6.3e-05,1,2,225
2025-05-11 02:39:37,34f635038bc26ace6c2e355a2640c55db5f8bf2f9d4287bb12d2a2db4130dc21,896194,589351.0,8000.0,0.013574,2,4,437
2025-05-11 02:39:37,cb5d23a3c3196b686e9602eb7230d45d925a46176cdd11446750762916bd28fd,896194,274255908.0,5760.0,2.1e-05,1,2,225
2025-05-11 02:39:37,db11869dedac1c560e056a58356c17ad1381b6d669834400720493bdbd19d7ec,896194,3623313.0,5640.0,0.001557,1,2,222
2025-05-11 02:39:37,b3b35e87cb5bdea2dfb10e736626aa0b5b8eb9346c72d57bf34e5eb8b2c4a7bd,896194,777443804.0,5640.0,7e-06,1,2,222
2025-05-11 02:39:37,169cb52126112e291e03c6d5b610303367e8ba368110b96391fa53b69bf281a2,896194,1155360.0,14640.0,0.012671,2,2,366
2025-05-11 02:39:37,72853b5b0d816ab59d75770c3bf546ee12a6ba70aacb860a21fd264991f4a4a1,896194,20048167.0,5640.0,0.000281,1,2,222
2025-05-11 02:39:37,c3ec14b65b4e12554246c03809a5dd0222f189111a0bc76729f409b2ae24558d,896194,858172356.0,5760.0,7e-06,1,2,225
2025-05-11 02:39:37,23c81e0bd5c53d69df53c06836788a29ae40b3f91b9b3e278d335d47f41c028d,896194,1483937316.0,5640.0,4e-06,1,2,222
2025-05-11 02:39:37,26757e1bf4877e3aee2172e63f03abc5055898e26589ef71014f2da9c6c87066,896194,405085874.0,5640.0,1.4e-05,1,2,222
2025-05-11 02:39:37,15909a5f52247c6ee77a59805db65e00fdf636fe0ac6df36669edc455626c959,896194,703029371.0,5760.0,8e-06,1,2,225
2025-05-11 02:39:37,48c7606a3faccf2ec075291cfb9d297c745567bdd26ce9998e30b92b5f3e0157,896194,748874124.0,5640.0,8e-06,1,2,222
2025-05-11 02:39:37,c900ce11d5773f3eafdbd26cf631ec644e6110d016e41e5ca51d2f005656ac4f,896194,635548074.0,5640.0,9e-06,1,2,222
2025-05-11 02:39:37,83f1771df1d18c8cf892d22d1d36549ef9d057e146bc7563d2e9785643a1c905,896194,895996720.0,5680.0,6e-06,1,2,223
2025-05-11 02:39:37,b2a62e6ae71becf09e210cc866e8f729b995221f8f08f43032451bc0c64dc204,896194,6070430723.0,5640.0,1e-06,1,2,222
2025-05-11 02:39:37,fb2828ef38b1fe3e74484f89dbe4355dfcc58aeee945aad9fc8f20292e288b27,896194,230000.0,4612.0,0.020052,1,1,192
2025-05-11 02:39:37,a664a9c81901d7bc52f978c6584826f4cb641d6d62a656f486a93703e05d775b,896194,855659.0,7100.0,0.008298,1,2,224
2025-05-11 02:39:37,e211ce5d4a65d0acc17eb18c229c4876dc5151a20e7910094a95341ceea9026e,896194,1058801786.0,25620.0,2.4e-05,2,6,806
2025-05-11 02:39:37,12f6e2ae709ef1e618d9a289110cfe6f1527bffb55f3bff42cddc9cccffa148f,896194,3837165069.0,18724.0,5e-06,1,7,353
2025-05-11 02:39:37,b7283f51ad05d6ffac1463615c92d6780ea815874dee9bb14b47514432bd99f2,896194,1904480.0,12780.0,0.00671,1,2,223
2025-05-11 02:39:37,4b8f156086833c13bb30616916196d0ac0fecbda52c85e14ea8ad4035cc48e5c,896194,518000.0,32000.0,0.061776,1,1,998
2025-05-11 02:39:37,df87ef45f885e2f58d8e8ea30adb0753526cd1de25d96533e088d3b271a37b57,896194,468000.0,32000.0,0.068376,1,1,998
2025-05-11 02:39:37,122fedc9df7bcbf899ffe930acfa2e552c9087bf4369ec85d202192bb5abf5b9,896194,0.0,8400.0,,1,1,76
2025-05-11 02:39:37,aa774ae86cd6ad7c5ba026b5084671f4dbb08085457b8a03261de31168d61301,896194,1202391.0,60000.0,0.049901,1,2,382
2025-05-11 02:39:37,eda8ebfb716cfaee8a679b5ade7110dd4a763da3ff1c8e326b278afce806a73a,896194,317848586.0,0.0,,1,5,421
2025-05-11 02:26:37,0b35364e73a41885bc10281b282a8966da02b84d161c1f465ce8d44fb7eaba6a,896193,318691.0,720.0,0.002259,1,2,194
2025-05-11 02:26:37,81a6b4951efc68396bbace72b36eb6a0121328f9efc883d91293bd6b675ace89,896193,63500.0,1120.0,0.017638,1,2,222
2025-05-11 02:26:37,59c8da13f0a81330677374cc3f962e6d449d1188a74361e8480dcead1f456951,896193,666884.0,1120.0,0.001679,1,2,222
2025-05-11 02:26:37,215554f7812fee7d1f5193724c3a658ff524b6b9819e3a114f2db9dd875d3939,896193,4789354.0,560.0,0.000117,1,1,192
2025-05-11 02:26:37,658288f810a3a0282f62716b4db234e9855914c91423066d6185450f59a8b396,896193,2109300.0,2670.0,0.001266,5,2,935
2025-05-11 02:26:37,cf46b39094d1bed9c430bcbd0d5816a283f87c757814db16d6c2bd2ec9135b60,896193,809060.0,45404.0,0.056119,97,2,17179
2025-05-11 02:26:37,c2a1cac05ceee80f289879f541b196b2e5af4bac269117a4ddc4e2f3dd1fa372,896193,289585.0,1010.0,0.003488,1,1,200
2025-05-11 02:26:37,a0209698465a553bd581f9a5826b4773d95b9a2632746f6fbf331d1b8bd8d1df,896193,1727636.0,88002.0,0.050938,188,2,33270
2025-05-11 02:26:37,982a06f58b00536d37b4310010bf18f450b4ccefd9870c25d27f7df00915002a,896193,412116.0,23561.0,0.057171,50,2,8879
2025-05-11 02:26:37,71f14b1b6e33b4077e8da4baa5f62c9463f19166edc8518340d74399ea5331ad,896193,1532611.0,78366.0,0.051132,165,2,29400
2025-05-11 02:26:37,4cac68a3186c76f1a31871239d4306c4c190afa436f12cb58f5f0d08d3ee85be,896193,580507.0,30096.0,0.051844,66,2,11518
2025-05-11 02:26:37,06648dfe3e663064dd1772b9f12b9d887bd84cb17a27855cee8d5820253b3ef5,896193,2889832.0,123182.0,0.042626,251,2,45500
2025-05-11 02:26:37,c89d1468ba55821fe7e5a746df7f995cc27e3ad44dc457aaafe1cc29ded5b273,896193,316653.0,15013.0,0.047412,30,2,5500
2025-05-11 02:26:37,a0e849bc3b175ecda760e93968f53338d726793f2ed1297418683be4c5c20c81,896193,347167.0,25028.0,0.072092,50,2,9164
2025-05-11 02:26:37,9df6e012c69c7b2065806b30ae88710e86d0c5a977c6c0164b13b1b758eceef9,896193,11393994.0,1015.0,8.9e-05,1,2,222
2025-05-11 02:26:37,c7174a7df454eddfa8723590983b9ac37a97419e4de5f96deabeb3c5c4ca5172,896193,11407342.0,1102.0,9.7e-05,1,2,235
2025-05-11 02:26:37,05d955bc3fad5d20e974d48ee31ecf16db288df29cd76ce13b1b5fa26d6278e7,896193,11434021.0,1015.0,8.9e-05,1,2,222
2025-05-11 02:26:37,86cac2f8c23719c5599c074b765b90d3af5ee82f92c936c429afc0c19726efb7,896193,11483085.0,1102.0,9.6e-05,1,2,235
2025-05-11 02:26:37,6cce23da0c52eeea71bca485fd77b68ca8c223e9b36d96812f409f389f1df3b5,896193,11530151.0,677.0,5.9e-05,1,2,223
2025-05-11 02:26:37,294a1a24b99a20d8bd0b86319dc43e9f3f11a6d2c992c604e060689dadd10f03,896193,11576866.0,508.0,4.4e-05,1,2,222
2025-05-11 02:26:37,b125fd991d86e5412bdbfababf107a20b075c4f0d85d5e282e0b000e12a525f3,896193,12491100.0,551.0,4.4e-05,1,2,235
2025-05-11 02:26:37,7619566f378a41d2fa2b5fdee343ed9a2352e733d84c0479adc8c896d03edcd2,896193,12512102.0,508.0,4.1e-05,1,2,222
2025-05-11 02:26:37,d74fe4399b2575b31f9ae59f0d4bee3755fc1fb3539a08bc30033d20fd5b63ff,896193,12615346.0,508.0,4e-05,1,2,223
2025-05-11 02:26:37,133b9a1ba51e654b0776053e8cb5cf074eb89793ff3474a543176b1028d6af8c,896193,12622867.0,338.0,2.7e-05,1,2,223
2025-05-11 02:26:37,2e79ab398d263e055d81e959449c65517c9ed14be7a76fb885f09368b9cc6429,896193,10640743760.0,2256.0,0.0,1,3,301
2025-05-11 02:26:37,0d68b9b66a4527a5f05139363b6ee92dc28be405a82e6b49c94dc5c696500d21,896193,10640821324.0,1000.0,0.0,1,3,302
2025-05-11 02:26:37,f15d115837f9811e7d1a9d8c34d5d74b25b79d0d7806fcd362101ce764d4a07d,896193,10641117601.0,1000.0,0.0,1,3,301
2025-05-11 02:26:37,07507b0f63505ca7e06bd95c2a12da3212ea52a1873a390b9d84fbdc18222b7b,896193,10641191938.0,1000.0,0.0,1,3,302
2025-05-11 02:26:37,b0619f8e647989e89db8f62a728a8b53f3e3bcba55bba40cd29cc494ca723333,896193,10646631980.0,1000.0,0.0,3,3,598
2025-05-11 02:26:37,4620a754596daa1b78a21ac4f3a8d44e3a410153b7269f504f980b06ba2d9b46,896193,72143.0,794.0,0.011006,1,1,215
2025-05-11 02:26:37,6863a65d0d8858e9c35f21a6719ebb82dec7ecbd3ea5ba98f5b2f9abfd400f93,896193,580487.0,1543.0,0.002658,2,3,709
2025-05-11 02:26:37,680ef3b4af9fd0f3797ab25a3222f22da5d477af18af2885f16287dd3736f2b8,896193,194066.0,15560.0,0.080179,31,2,5685
2025-05-11 02:26:37,ed95ef97503db386dc1e9fc3444b9c80ad8368b1a9165637f7e762303690864b,896193,80033.0,1146.0,0.014319,1,2,226
2025-05-11 02:26:37,343ab359741324dd964bc7e7512a8a3b6ed9eae4c940b809446eee0d1fc2b61f,896193,428203.0,2974.0,0.006945,6,2,989
2025-05-11 02:26:37,4dd4d2f45f39d0a4215ad3cc5cf685f47e0702bf860b51baa70d028164f6b15d,896193,2177929.0,75448.0,0.034642,158,2,28182
2025-05-11 02:26:37,3a82897880e39094078b792ba82308bb0d07e914a7718c06d4eb059fe07c2af8,896193,2642325.0,7105.0,0.002689,20,1,3011
2025-05-11 02:26:37,8473a98fb5a2263d6bf56f236af336d109d19e6a4b52b122bfb0e2c496013b2e,896193,528517.0,32483.0,0.061461,67,2,12051
2025-05-11 02:26:37,145682764efc5e5380c50e10641ecf404b94b65d5c8725037fb689831698df62,896193,7030509.0,1037.0,0.000147,1,2,225
2025-05-11 02:26:37,7cc31d49ea89f5e37a80720a78a7ac5004e90c0fb486406c53d46be61bd435d6,896193,8126438.0,742.0,9.1e-05,1,4,287
2025-05-11 02:26:37,a51510a00cea62b6a3c6bdce21a5de4a656010dc85a1b3dacfeaae8bea44c3a3,896193,418342.0,17579.0,0.042021,34,2,6326
2025-05-11 02:26:37,8f8fa424b25e25ed68c1fade0f16062656c36478c02dd7fc498853cddffa075d,896193,1448783.0,52696.0,0.036373,110,2,19637
2025-05-11 02:26:37,c97bf9b58e8f9a3fcaee95a08b050da55138d70620862aad93984f9819f5dc8c,896193,340113.0,17558.0,0.051624,36,2,6483
2025-05-11 02:26:37,d0043248b848f3b5df8f353b5df53757ac01cbae6e7e4278c8643aab49c5a31e,896193,292154.0,17926.0,0.061358,36,2,6562
2025-05-11 02:26:37,d0b504f4261f5dd90b55459027de94d0da5c439d7e7d2bec43678ec39468324c,896193,6074218978.0,1015.0,0.0,1,2,223
2025-05-11 02:26:37,a5f71509474aeaaee8c499a974e95f69edf79a7a30681393837801b322b3c48c,896193,6074284657.0,691.0,0.0,1,2,226
2025-05-11 02:26:37,e53c1dabed67f2c6b137de0d9ff27af99cea6accb20ad187ac673dd60802b4af,896193,6074383999.0,691.0,0.0,1,2,225
2025-05-11 02:26:37,6255ad17c5e3c7bd2582e351672a0e76a61259f0a94f24336a6a2d6da4c12540,896193,6074466278.0,508.0,0.0,1,2,223
2025-05-11 02:26:37,98f99ccd69dbce08220fe2d9aaf38b1ba04205ad99e8b4d046d6d948c7406d23,896193,9819.0,678.0,0.06905,1,1,214
2025-05-11 02:26:37,f83200cf9abdb97c17bab028014600b2e1c910659c686bd579599c7045631f8c,896193,24927.0,964.0,0.038673,1,1,189
2025-05-11 02:26:37,70b7a3fa269d6c2c5739cfdd6e4bd2cc0b13671ea54382202872ef38ada001e0,896193,2082815.0,75243.0,0.036126,161,2,28330
2025-05-11 02:26:37,eeab67e17ab51b1d84cea65a61fe61d04c08f3d3d0fc5ae69db43f92b11e48ec,896193,431907.0,19188.0,0.044426,41,2,7222
2025-05-11 02:26:37,afdb064d1e85a4e4dfd3b24d53a127a6a245a60336eb732ea0bf7a32f73a9b79,896193,1941559.0,924.0,0.000476,1,2,346
2025-05-11 02:26:37,52712c32e9d47db15ee499fc0a7a85ed863f2d566f4f949f52543c1c892d327b,896193,491080.0,19745.0,0.040207,40,2,7248
2025-05-12 22:00:06,c2e57cb3955f2b26842790e56626d598e60f66e87f9a28a06ee9fcc4d31d3d00,896461,7296.0,110.0,0.015077,1,1,191
2025-05-12 22:00:06,c9a53ef830b9e3cb31dd866b98f290232e850bf267cbf2f3605f920e2eb83b00,896461,66115617.0,142.0,2e-06,1,2,224
2025-05-12 22:00:06,c268ae150ef90816374eb800ee6aef8f22f5e9a7e2a8f197bb2a8a9a784f1400,896461,87458.0,110.0,0.001258,1,1,191
2025-05-12 22:00:06,ac2b9476c26b8863f3bbe1b2677a18301c70c43bdb99c0753fe64fa54af20800,896461,330.0,150.0,0.454545,1,1,317
2025-05-12 22:00:06,490629a79ff908f40fd2e1345a2394f4b1e36f88a08a97b14f5f899e775813f2,896461,266649.0,503.0,0.001886,4,7,795
2025-05-12 22:00:06,c13b4dd13671717413d542bb937cd5c02153da22d8eb40a80c5e50ad31ae352e,896461,314978.0,502.0,0.001594,4,7,795
2025-05-12 22:00:06,53915004fb0fa236cf0b4d842ccf868f961ac768246fb46d2f06b72a7f2b84d5,896461,23858.0,3442.0,0.14427,50,1,7466
2025-05-12 22:00:06,b87a73f2609c23100f950b3e0faab7ab94177b53e0d46fc2e1db63adca91cccf,896461,18319.0,1471.0,0.080299,21,1,3162
2025-05-12 22:00:06,e73a026d9a046a918b5032de65658b36a78df25785b4a35daaa744719ab50873,896461,62856.0,450.0,0.007159,6,1,934
2025-05-12 22:00:06,cd03714b2643cf051961fb8285ddb80473a129105cbeec83a853a54d74faaa87,896461,110574728.0,441.0,4e-06,4,5,732
2025-05-12 22:00:06,3dcd1b773346a2286f56106e01d36b41481de19d3a3aa012bbd65fbdbd35e039,896461,11936941.0,8918.0,0.000747,60,1,8895
2025-05-12 22:00:06,9286fc17df9179628f083f337098558c37ef5888a01917c55af7022fd867c12e,896461,8895409.0,8918.0,0.001003,60,1,8895
2025-05-12 22:00:06,f7a2b731bd69fee1056919a85ec6e9f4cd1d08c4ed66232bb18f06152ec298db,896461,3000728.0,364.0,0.000121,3,5,545
2025-05-12 22:00:06,187d8c4365e004e2e9ba5ed0c5f6a435be6b94016adb259c76819f1f48b89c96,896461,248639.0,359.0,0.001444,3,2,601
2025-05-12 22:00:06,8207351d1c6a051f90aff53337ef46f2f623179fcf7955fae9bcbeb8b6318c8c,896461,79644599.0,345.0,4e-06,4,2,666
2025-05-12 22:00:06,173ed41e825144861e9de7f640686f5c533188e1c9a5bc4d5818f4c2ea8c1a2a,896461,1132009.0,345.0,0.000305,4,2,668
2025-05-12 22:00:06,16f11eab04693dedbfd12b8b8ff5e425ef3be1b5649a806b12d0d3725249158d,896461,2833384.0,1026.0,0.000362,14,2,2151
2025-05-12 22:00:06,5a45a96860d2c7e59aca71c2a9867660d085587bb723504f5d4f673e7f8e6149,896461,63669.0,317.0,0.004979,4,1,638
2025-05-12 22:00:06,e48b45104f1580a3f027356a3d49a74686b78d2a7bd5af38f5caf30df48d2281,896461,1482755.0,314.0,0.000212,4,1,635
2025-05-12 22:00:06,fb0d4f74fcbb841daeeb90c446f7444b22960452f98d012e7fa64c4d22559fd4,896461,23916605.0,938.0,3.9e-05,13,1,1979
2025-05-12 22:00:06,ed5895602f56a5a3bf4a1dd383c56f5b8a39c8ef6d8181b9197eb9e364c532d1,896461,15659229.0,312.0,2e-05,2,2,741
2025-05-12 22:00:06,515af2b8baa7c8254a45a21a98a9556b30fd1d5cdb04ae4024aa97abd608c5cd,896461,330.0,154.0,0.466667,1,1,327
2025-05-12 22:00:06,c0c0a16050e6ee1370c6b1d281307c14069736201f31ccfa6591c624e65e2052,896461,174863.0,154.0,0.000881,1,2,205
2025-05-12 22:00:06,72e99711b6b71f3a62304811c0f50e0ad4126f51c0a4f724a09c852ea025bd15,896461,1013786.0,285.0,0.000281,1,2,284
2025-05-12 22:00:06,552af85b502248f7b87200d32729c6c14dd022e7504e4030b326a97bd698cb6a,896461,11844919.0,280.0,2.4e-05,3,2,521
2025-05-12 22:00:06,854c4b07967c45160a634a106261b0a767bcba549648f85cb65a182ff6d6fca2,896461,7953392.0,278.0,3.5e-05,3,2,519
2025-05-12 22:00:06,73eede1345283879eceb4f50962939eb4cc7d6405ab74f4477e827d7ed297ee4,896461,319098.0,259.0,0.000812,2,2,420
2025-05-12 22:00:06,74fdfa54c012ce5d98eab5ec33c2ae3d6efa969f5d2a248da688c1bcb577df31,896461,1473414.0,256.0,0.000174,2,2,417
2025-05-12 22:00:06,3546fe210ada8e9b9d62ba2b9b83aaba3770408fae253d5eb8f9287a8b6cc966,896461,20248.0,248.0,0.012248,3,1,490
2025-05-12 22:00:06,e9f4ca72f1b2e9ee0ede93f4d495a3ec9b0491a8182dd882ba39e3970513fde6,896461,975508.0,247.0,0.000253,3,1,488
2025-05-12 22:00:06,4f34d543af675bab445e161f0568d0e020bdbd7955a47171336e88fe4d2c084e,896461,83760.0,240.0,0.002865,2,3,401
2025-05-12 22:00:06,0fceb65c3c244f40bb44bb192a6f4c14a4a04c0e3219838d248f5c65da929d5b,896461,3478027.0,234.0,6.7e-05,1,3,423
2025-05-12 22:00:06,6bcf01ea9d60f8893df6288f6cd1875d6844476f3546c021e8968aab86ac0955,896461,967459.0,225.0,0.000233,1,2,224
2025-05-12 22:00:06,64fa4a1b59cad186a99b32f77f8719bdb1621f8ae63ebdfc20afb87fe947f6ed,896461,5200214.0,224.0,4.3e-05,1,2,223
2025-05-12 22:00:06,012f204ceab66c1d5ff5bba09335813b21e511ba7e40ccccb98ee04f40f99ae2,896461,723166.0,224.0,0.00031,1,2,223
2025-05-12 22:00:06,19f08cda8757b4d437261c2c3e133fdf4cf0d2e0310e4c43e3c895d45cb58a64,896461,2995056.0,224.0,7.5e-05,1,2,223
2025-05-12 22:00:06,9052e1fee962fda48e7d99330b7417512b8924f4a5cda24459129456c793cb47,896461,928574.0,224.0,0.000241,1,2,223
2025-05-12 22:00:06,eb14c53215df9d4352b35e5c420cefb67100ac4bc139071146a56d6ef23e883d,896461,3071410.0,224.0,7.3e-05,1,2,223
2025-05-12 22:00:06,f18be43c0e6a0f8d936670c26ed354a331f1f43ddc93d1d00ef48c8fff3d662c,896461,12846.0,224.0,0.017437,1,2,223
2025-05-12 22:00:06,b478d641b502810735d862fff498670332a8c6d0428262b872c416bf12b8690a,896461,2689853.0,224.0,8.3e-05,1,2,223
2025-05-12 22:00:06,02c792dceaacba442ae6117f3bb16b3d2134048ef23f136da8ac9e87d0be2403,896461,356027.0,224.0,0.000629,1,2,223
2025-05-12 22:00:06,d179086a682b8902e610e395d98254000b6aa183ed83f2d60f91b8b950af55a6,896461,230503385.0,223.0,1e-06,2,2,354
2025-05-12 22:00:06,28471bfb2facc223ace8e3a9b746de3528737cb49b156992d7a657b031589709,896461,375777.0,223.0,0.000593,1,2,222
2025-05-12 22:00:06,6c6620f3c0e5f67d3df990d21f212af17be9b9ef4b6411e25fe374921ba3c354,896461,18834732.0,221.0,1.2e-05,2,2,382
2025-05-12 22:00:06,0f902b77d505c3641305d01006da12d88745d73fcfe5cdddb98d2676c26e376a,896461,95683.0,426.0,0.004452,5,2,827
2025-05-12 22:00:06,fa21c7a8aaf357e34878d4f257c1bd13e743ab7332a0d0d04e125e788f56d237,896461,3694871.0,211.0,5.7e-05,2,1,432
2025-05-12 22:00:06,f8179d6ec3f83ae5d136dfabbd2e885e69910850d1046c30f67188c8468c17a7,896461,37660.0,210.0,0.005576,2,2,371
2025-05-12 22:00:06,e2d88c3f237ceabbb76cbeb41fa0e3e0250cae655244806bc33ee9a8e254db81,896461,56065694.0,210.0,4e-06,2,2,371
2025-05-12 22:00:06,fa6403cabdaee36b4bcde11453df6c2cee761589f0e15529b2049e5dd417c3e5,896461,604064.0,209.0,0.000346,2,2,370
2025-05-12 22:00:06,7c60dc77b9b33c4e33b8c2279b17f2d007850e483cc4f1027a06bc1566aadba3,896461,1061630.0,209.0,0.000197,2,2,370
2025-05-12 22:00:06,1fecbcdf8c111fdbfdcca5b160a01f89ab743eece0de0936b138495c9902b97c,896461,5170692.0,209.0,4e-05,2,2,369
2025-05-12 22:00:06,e41d9ad6415cabd78047b73ab8fee83fb7f0f215ca41017df6bedd380c3d4f6d,896461,106185.0,209.0,0.001968,2,2,370
2025-05-12 22:00:06,3b99b639220d8e32c89e95ac2ad2be00534e48239fd87eb061caf99d89d7d96a,896461,288164.0,209.0,0.000725,2,2,370
2025-05-12 22:00:06,64f90421734d62a3c1cc7bf09b3d1e149a8ca730429f59074b99bfc34f35cd65,896461,1049674.0,209.0,0.000199,2,2,370
2025-05-12 22:00:06,509c86a78216f69579c6e2afe87b33a69e8db91c1d824de94e7870ef86364964,896461,1021446.0,209.0,0.000205,2,2,370
2025-05-12 22:00:06,830caf69a1c8b695babf636d2852bb1e16378875dfedff8001240aae1179e745,896461,548619.0,209.0,0.000381,2,2,370
2025-05-12 22:00:06,2bee5836a080e94347412330e06066bcc2305893ddc09f67325ab525222945ca,896461,3748401.0,191.0,5.1e-05,1,2,381
2025-05-12 22:00:06,ddf5271e543dd5f1161fac5cc98d85f018d3a3b9051aa965225013a971a6b2b2,896461,3846140.0,191.0,5e-05,1,2,381
2025-05-12 22:00:06,319285571ebbaa57c66881764ce561d0821eaff87cb5ce7fc75f687ba52a1b61,896461,5213368.0,190.0,3.6e-05,1,2,381
2025-05-12 22:00:06,a6dd9cfd2264c16e6e4813627b5cd07851bc339105c30271028bd8c9f855c6ea,896461,6189037.0,190.0,3.1e-05,1,2,379
2025-05-12 22:00:06,424e686f07f0f5dc88e14ddc734cea9e32ee70d533ac5d9067c4d8442dacc194,896461,6581487.0,190.0,2.9e-05,1,2,381
2025-05-12 22:00:06,5c2312ca6068c4627786793c2920aef8f1139fd36c76147ec8eb409dab5d606a,896461,7069417.0,190.0,2.7e-05,1,2,381
2025-05-12 22:00:06,578c5571f4786cb012cf5a5e293173e2be2a40c70b52ad23690c5bb1b36cce37,896461,9019837.0,191.0,2.1e-05,1,2,382
2025-05-12 22:00:06,320a2e87148b76d4d98c585a06fd84713c42c3e2c07998f256711a5791f0d198,896461,9605097.0,193.0,2e-05,1,2,384
2025-05-12 22:00:06,6e9a43eb200d34bd083ca900c0af2ccb7f0a77eb7b72831c78f5226d9341da04,896461,10141603.0,193.0,1.9e-05,1,2,383
2025-05-12 22:00:06,850ba4fe5511244bb469d639b525a902b3b98e4f006e60df9b322c7c87874585,896461,12585677.0,233.0,1.9e-05,1,3,423
2025-05-12 22:00:06,a70b5cfea1edb380da45375e2bcdf6ce5d167c50eddfa12f7671460999fef87a,896461,13560014.0,190.0,1.4e-05,1,2,380
2025-05-12 22:00:06,22839120b7b5901c43d7073e15535b934d09ff165a961077e62cd15619aba6fc,896461,14534308.0,190.0,1.3e-05,1,2,380
2025-05-12 22:00:06,186d4bebdf575956451fb55969ce412d03930dac5d772258e79ba23b000a6f7f,896461,15459897.0,190.0,1.2e-05,1,2,380
2025-05-12 22:00:06,d79295a2e549059e03e88182e766ce82f83db7e42a7730825d32a212615c1bec,896461,16434191.0,190.0,1.2e-05,1,2,380
2025-05-12 22:00:06,98b08e4d8f5d56d17577d5a6eebcdbad2044522593f1c6f716bb084880309da2,896461,16921521.0,190.0,1.1e-05,1,2,379
2025-05-12 22:00:06,2fe4437a8ee13e3cafcea4403a4fa3c3457674ddfcf888b6087d674cd34a1b40,896461,121256.0,189.0,0.001559,1,1,188
2025-05-12 22:00:06,4bb1bf69c7892d7877e8740a96050043e6b745cb8cdfd0c9bcf78d5cd3d48c12,896461,38761.0,189.0,0.004876,1,1,188
2025-05-12 22:00:06,5c22253f00ed07bbde4cf961e4c98eead375f8b9193d059f63f563eb8721eef4,896461,98861.0,178.0,0.001801,2,1,339
2025-05-12 22:00:06,770c4d0add28524b6aafaab7394366e2b995c3d0153b0b9a3651f2cddf42c7da,896461,40413.0,178.0,0.004405,2,1,339
2025-05-12 22:00:06,82207add86ec57c08137c71369e4a8c646202479d3529b35059d02669e39eeb6,896461,400526.0,178.0,0.000444,2,1,339
2025-05-12 22:00:06,ba90c219810dbc884f1cf8861ab94909ea0d780a927313a3f6053a9ca906ec8a,896461,40344.0,178.0,0.004412,2,1,339
2025-05-12 22:00:06,d389fed233e39e34c5cdbb91c6c699a297229797fa817b065078514519821452,896461,81640.0,178.0,0.00218,2,1,339
2025-05-12 22:00:06,1dc0d9be169218e7cee5428dc6dd5a2916bcf75fe85a1e691f60441ecd29fc4c,896461,30462.0,178.0,0.005843,2,1,339
2025-05-12 22:00:06,e4c6ac43a5f5a5ddc1b81475ab35f7133d18e9ffb63f6b5bd4d57c6f9c4bca35,896461,103382.0,178.0,0.001722,2,1,339
2025-05-12 22:00:06,c38b1fbda7196bcc725014235d7415f227ec99db4f2d4c816866cb5e3fefca29,896461,23302.0,178.0,0.007639,2,1,339
2025-05-12 22:00:06,08cd5efe4bc59bbc19b034e68c1aaecab58a797ac248e9d1fdd279a907046929,896461,956927.0,178.0,0.000186,2,1,339
2025-05-12 22:00:06,2d38c87ad22ef00fc2544edab4908f97f58fc12c90bebe6c2204ec6bbb6e081c,896461,4836.0,178.0,0.036807,2,1,339
2025-05-12 22:00:06,d26a9c77a3edec7293513243441972796ee02061a41d28a41009bd0f3c262416,896461,36778.0,178.0,0.00484,2,1,339
2025-05-12 22:00:06,512492a35f388b2bfe97f3d8e011548e8984805e3e4082d39bde7fe31172626c,896461,928.0,170.0,0.18319,2,1,269
2025-05-12 22:00:06,530709933c391f45d22f8edc1799d8f57f79ad5eb8daf2a4527406073ba1a975,896461,3199834.0,166.0,5.2e-05,1,2,246
2025-05-12 22:00:06,ae14eb7968a2b23d5f02742f2ccf4a5e1d6dcda8d7edeb4625986aa81a319d17,896461,4721875.0,331.0,7e-05,5,1,578
2025-05-12 22:00:06,7791fd036e4dbbc932659c3102b76ea0ebc6baa21bdec42acc657f8ffc129b85,896461,1014071.0,285.0,0.000281,1,2,283
2025-05-12 22:00:06,9508c119561f7aa43154abf7893d1b212f89faf7c2ab91ea81a465533cabeac9,896461,1014356.0,285.0,0.000281,1,2,283
2025-05-12 22:00:06,4b7fb81d72628511e3c6939cbaf152e15d356109ef70c15db7f95d77a2e8a5f1,896461,1014641.0,285.0,0.000281,1,2,283
2025-05-12 22:00:06,a7a5885b54ddc81ebe846a0ca3416155872aff5e01c592ec6fee2d558ded0df3,896461,1014926.0,285.0,0.000281,1,2,283
2025-05-12 22:00:06,569234baaa9640815798771525b34740256061c2a51052fd195bb81c8eaba413,896461,1015211.0,285.0,0.000281,1,2,283
2025-05-12 22:00:06,5738511d0996f88f8e5a6b0d7fc2930fc42a13af40fedd84e55d1585cb65a9de,896461,1015496.0,285.0,0.000281,1,2,284
2025-05-12 22:00:06,912a16a5c412e39c699c78f9fc007a83f88130b274305471451782642ec7b18d,896461,1015781.0,285.0,0.000281,1,2,283
2025-05-12 22:00:06,8823c16f422a75003bf23d0cc7c9af827968d9c72edd44373c0d49bedbf97f86,896461,1016066.0,285.0,0.00028,1,2,284
2025-05-12 22:00:06,f0286cd9e829dff62ccc70232154b4a9a3b0e191bc40f8245030d8683a3c51e2,896461,32208402.0,162.0,5e-06,1,3,212
2025-05-12 22:00:06,c8f10b2411db06a5e0a01c9ed3a63684d2ff61faa6b303ffb0bf510a47efb4c2,896461,22727546.0,155.0,7e-06,1,2,205
2025-05-12 22:00:06,5a41c44f560100c23e96d747259eea61f0b0b3f8312fcd39572cb1bc8b439a37,896461,23884.0,155.0,0.00649,1,2,205
2025-05-12 22:00:06,2657ad3a228deff03549579cdbc64e22904ce2d26cbb5867c14217fd1a82ff2a,896461,101520254.0,155.0,2e-06,1,2,205
2025-05-12 22:00:06,27d0bc9be2eaffe41a176eeeedf61fbf07663e906c74eca8ee7682f6d00030ee,896461,330.0,154.0,0.466667,1,1,326
2025-05-14 19:23:31,38f7d2fa5f70bc101cac25d9cb7c7614a105ff611014d9f6554a924d3d9ad2f9,896711,5622950.0,672.0,0.00012,1,2,222
2025-05-14 19:23:31,b578b4ee6a56e3f3fdac0fbdf7c21c40f3ea2cc16478432caeec415a5ae58fe5,896711,150854.0,672.0,0.004455,1,2,222
2025-05-14 19:23:31,8441b45ec2fc670111e9d47c4d1fe9516a433a9a0de60c5a24d681b3fe9316ca,896711,1887783.0,672.0,0.000356,1,2,222
2025-05-14 19:23:31,a05d134897a258c8407b53de302122b4aeeb80a134940ff899933cf891d34890,896711,2102217.0,336.0,0.00016,1,1,162
2025-05-14 19:23:31,b9dc58d2494c9d5d4c6531e3a764558984831e6f6b5253aea82897f6efd66c8b,896711,46952.0,672.0,0.014312,1,2,222
2025-05-14 19:23:31,dbf44a4f13be72b8b57570aa8683d8c09466668c3d3d9d252aff0c2615a49a4d,896711,39680.0,672.0,0.016935,1,2,222
2025-05-14 19:23:31,4a3c8029adf27fe884d095d69d741781191311488b2885fef0d7359ab208db31,896711,891415.0,672.0,0.000754,1,2,222
2025-05-14 19:23:31,73ca7cd4b1ee2b67d73df58ece43e7301c1629ad64113511fab8fad48357e230,896711,158835.0,672.0,0.004231,1,2,222
2025-05-14 19:23:31,830748a68bcd18b50745557a32e1c0b98cf7603015ef0e99930ec75572d57e27,896711,5691422.0,672.0,0.000118,1,2,222
2025-05-14 19:23:31,8fbcd478f1d1f0a1dfd4000c26dc96f52c61b8f6c2c22c47af33ff51a7101909,896711,1508707.0,672.0,0.000445,1,2,222
2025-05-14 19:23:31,4b6084aba37c5607bcff0218c08f6d4bd46c0a586bd568d27d858d9a4c766783,896711,613582.0,333.0,0.000543,1,1,191
2025-05-14 19:23:31,6f69970d03e8eb91e87192a280637f0c9aad861bd8c0935e8711eec9d57a9530,896711,1426644.0,4470.0,0.003133,12,18,2075
2025-05-14 19:23:31,4278cdd8e6901fdb9ea50ef9595eb12747901c2105b86ab170facac6a891e69c,896711,6784658.0,10501.0,0.001548,34,34,5806
2025-05-14 19:23:31,d4911ab3610afb888853c25d675f54c1a1e29b2556c204103e6c7f38733fc5fa,896711,1383120.0,579.0,0.000419,1,1,191
2025-05-14 19:23:31,99176c369aff7c88a9202cd0d953f766e6b427f4041d960f3dfae59bdbaa9d06,896711,1673955.0,831.0,0.000496,1,4,466
2025-05-14 19:23:31,71cb190550ea22901930a0947d9823cdd378e8ef824074c2ae467cf94cf6c2ba,896711,49975.0,1044.0,0.02089,4,2,668
2025-05-14 19:23:31,963be3a2b840ee4664ae733057c642eb00f194d06993a56f9b24253c3313b5ad,896711,4024.0,744.0,0.184891,3,1,487
2025-05-14 19:23:31,580b0bed0e950c4f1d7470943d2da5b7992bcdfdc1301fab50ec41b9810ae90c,896711,14299521.0,951.0,6.7e-05,4,1,636
2025-05-14 19:23:31,c5c1f507588229f8c8298a1d3680a8561d616e67afd84e862d52a8916d50b9e1,896711,28676138.0,678.0,2.4e-05,1,2,223
2025-05-14 19:23:31,3df87cfc6d7b82dd0e9f0350d803b89052698b5a75945ee7738e2dd94afc499c,896711,4267365.0,678.0,0.000159,1,2,223
2025-05-14 19:23:31,391a3e330774ee097ee65aaa2b2502a0f7765751a4decc4565d896353170c82b,896711,851277.0,678.0,0.000796,1,2,223
2025-05-14 19:23:31,18390c99f855caa0d288b7fbb19a328e372e0b3ee0ddffacc15cdc69eea74f38,896711,1328108.0,2892.0,0.002178,10,1,1758
2025-05-14 19:23:31,cd8cac010ab952a4d591e9fdee09423a330e08f4328a978bac37e49cd0834d6c,896711,2602.0,335.0,0.128747,1,1,191
2025-05-14 19:23:31,b6c22d14111c55922b09155730e8bec9f586e27108cd4a69912e307066e9f872,896711,4305206.0,2610.0,0.000606,12,1,1825
2025-05-14 19:23:31,33f6f5e3e62e461b71bbcc12311298b144698b146e454a24b6ec6e7175d295fa,896711,219050.0,430.0,0.001963,1,2,222
2025-05-14 19:23:31,a13a13ece724c845c414efd6da83bfff460fc77560981c43224a6a8975ecc1a1,896711,4136825.0,2346.0,0.000567,8,1,1415
2025-05-14 19:23:31,e7854eda056292ab38477bd21b5036a45114d4ff64ae96abaeeee70717443643,896711,1063189.0,2346.0,0.002207,8,1,1414
2025-05-14 19:23:31,a81147ab287e46a718b84ddff6176f1208956fa345ece5ac7896c0577419506c,896711,203871.0,540.0,0.002649,2,1,339
2025-05-14 19:23:31,10b0c4d7604932f19dd8200ec024a178aed8de00ff5d99098c587865a7049ee0,896711,12291.0,345.0,0.028069,1,1,195
2025-05-14 19:23:31,18e9f6e5fe89c6c6f224d6d795b6376ffac88c8574f49d15e94281091d8b7f53,896711,1439392.0,849.0,0.00059,3,2,521
2025-05-14 19:23:31,967d6eba04ff1909185c89d6a4c11e9eff41b4b4125217f3fce09566cbd3b6ec,896711,19216128.0,678.0,3.5e-05,1,2,222
2025-05-14 19:23:31,ce7f93a5a5528a24b5857e14294e9411f2e7d31acc947c32067102d9bcba45a5,896711,1823611.0,2346.0,0.001286,8,1,1413
2025-05-14 19:23:31,8b51c459410e0f6e9fb7d8bed58b242559bb7ce0b20ed9c45e7c2d8bcdb7326c,896711,10643331.0,669.0,6.3e-05,1,2,219
2025-05-14 19:23:31,1590bcc045495118d7d833bd63e6bb9ae00282a3325faf898a785080aa996450,896711,61248.0,639.0,0.010433,2,2,371
2025-05-14 19:23:31,29989d441c64e80702159826fb2b84dec6de3668cc804cb9e2d3dc0db35e755a,896711,13916.0,441.0,0.03169,1,2,226
2025-05-14 19:23:31,b6e8b579402f3d870b20783dc7ceaa0126c97e606d47a364f6e6960deb249547,896711,207850.0,441.0,0.002122,1,2,226
2025-05-14 19:23:31,910fe264bddb675c5985dac6b5affed1af3cf51441b5c7c13947e9d2127326d8,896711,175702.0,435.0,0.002476,1,2,223
2025-05-14 19:23:31,2ce5ed3009963a6bc21857e343e571f71a5fd94be95a9175aeb1732019ad2bb7,896711,580669.0,435.0,0.000749,1,2,223
2025-05-14 19:23:31,61ba3294fc869de7d36fc4386f5460c3554b967c6a688dc2aab679b390267ca4,896711,1998260.0,435.0,0.000218,1,2,224
2025-05-14 19:23:31,a7b963b89cdb0d4268eeec11bf1466bf92ebf268443e16df1a1cc8fdcc44b573,896711,10702565.0,435.0,4.1e-05,1,2,223
2025-05-14 19:23:31,a77180dd0d49d047951f7073887ebde833cc7131861e8366557b313cfa1b0e37,896711,94410.0,435.0,0.004608,1,2,224
2025-05-14 19:23:31,4bc204513cc2b754e238190bebd34fe64bd3acb0a5d6731d8e9f6badd49c2385,896711,1686102.0,579.0,0.000343,1,1,189
2025-05-14 19:23:31,6a763d22e49ef1a5e5262078b1a03fff9d687bc7c80deeb1f00b021460aed4fa,896711,125061.0,432.0,0.003454,1,2,222
2025-05-14 19:23:31,54fe20bc1c6376ca5e50e6ceed189dc4db8935634558c435820f508082056ac0,896711,33045.0,432.0,0.013073,1,2,222
2025-05-14 19:23:31,2fafafea7a75d2e0a371f4cd21cbb50117257dafceebe0b743238958a34f89b9,896711,50445.0,432.0,0.008564,1,2,222
2025-05-14 19:23:31,6c24034f18d98edce29ed7c2ae9bd6941105dd305ac87e0f5fcda7ceb054a4b5,896711,137342.0,432.0,0.003145,1,2,222
2025-05-14 19:23:31,09687b68a3e5d9e9e56b1775455b1ec0353a10c5d192a50fb2fd93bfdc9475a7,896711,124077.0,432.0,0.003482,1,2,223
2025-05-14 19:23:31,3597abf62fc5dbbec5ab922463de385fc1b377e5ffbfde319b7843d01ffaa99f,896711,17466716.0,432.0,2.5e-05,1,2,222
2025-05-14 19:23:31,54081507277a49c29cf044777cc8aea6fc0d85c308338f73ab25c0381cb7e684,896711,52875.0,432.0,0.00817,1,2,222
2025-05-14 19:23:31,aaf32c169b0bd185429ce7bbaf1e126925ce1317c584438df84c8e743460bb83,896711,70751.0,432.0,0.006106,1,2,222
2025-05-14 19:23:31,5bbba77f99e05de3af046cb884b3fb6805ca924c9e78a32c87a431e20615d17a,896711,429546.0,432.0,0.001006,1,2,222
2025-05-14 19:23:31,c6f7b65317910c91b3e23fa41f2f114ef71e8a1db606a7fcd66d558359c4de73,896711,124792.0,432.0,0.003462,1,2,223
2025-05-14 19:23:31,7cd0090fa2418e2c9c49b93d1745402c17d01d94aa4a85d1d305ea21dee0e135,896711,41247.0,432.0,0.010473,1,2,223
2025-05-14 19:23:31,b0ac64838e563c004d4ff556a41431b7574661aff5d0d3c0dbcff3f88f606f10,896711,67897.0,432.0,0.006363,1,2,223
2025-05-14 19:23:31,6b1a2b95c77c65ba56812a67c1dc766de441869a35df63b46026bfbfe75ab3d4,896711,2824253.0,846.0,0.0003,3,2,518
2025-05-14 19:23:31,b6651fb71995542d08d56b4906b78656b95dd36cec01f9f96c8fe5324a691c98,896711,325426.0,846.0,0.0026,3,2,519
2025-05-14 19:23:31,dfdab43399dd0a6d8c98bbd937df7015d4a79a2a022b906120a6f101da6f8505,896711,3117.0,555.0,0.178056,1,1,373
2025-05-14 19:23:31,5b881b17da5cecea1eb189904467464dcf703dc55c79195affe4b0e8630c2dda,896711,607698837.0,2061.0,3e-06,2,2,671
2025-05-14 19:23:31,672f7d8132b985fc996f18c7c410369d811cd34635f417b4cd521082f866098c,896711,928842.0,642.0,0.000691,2,2,371
2025-05-14 19:23:31,8040c82ef6f9fd3da2ce8ad71ddf0090a5a64204db317f8455494294c2c97b41,896711,58604.0,642.0,0.010955,2,2,371
2025-05-14 19:23:31,15142258f7c093a4114fb12c7932c14838587ce9e7700db0c30b450a30234858,896711,851168.0,639.0,0.000751,2,2,370
2025-05-14 19:23:31,42668759d6d3858400a1957a4d0a539e3988bb9372681054dcf83836a500504e,896711,50116.0,639.0,0.01275,2,2,370
2025-05-14 19:23:31,31968e1ba33ef4c1e65ebc1b148710541773153d85d759ed4754a5de4591029e,896711,53800.0,557.0,0.010353,2,1,343
2025-05-14 19:23:31,ee9d3591c8db4990e8fc692590f62b632e6266f56ea0f882b699d79d0cb164d6,896711,309590.0,410.0,0.001324,1,1,215
2025-05-14 19:23:31,1d80c2f727c3d8fd3cbaf56e4bdced6b0ab361e1143c469019840249fb0da4c3,896711,2124755.0,438.0,0.000206,1,2,193
2025-05-14 19:23:31,2ddffe045216b9f782ec6c63810203183b3b78f94826fe3ba0ebd34683ce5b1f,896711,46664.0,513.0,0.010993,1,2,248
2025-05-14 19:23:31,26552a4f44ac61701c3484972398827c07b67e62f06c55fc6e90bc44a04b814e,896711,1056432.0,981.0,0.000929,3,1,559
2025-05-14 19:23:31,9c725e86893bba469bdc7e9c697d083a18dc4af52159e37ed363547b5c6f5e21,896711,13660.0,545.0,0.039898,1,1,341
2025-05-14 19:23:31,4f35533dcedbfedb1ad44bf60fc1b43ca69d04d701ea598d5ea7c118aad3a194,896711,2316912.0,1883.0,0.000813,4,2,1686
2025-05-14 19:23:31,43676e9214cefe658cbccf3c28fe687a530628a80ac1e4961baed17ffd31112a,896711,1135063.0,437.0,0.000385,1,2,222
2025-05-14 19:23:31,39914b6818c03ca4a88f05f1ded98270ac500d6ea95ae7eec12b67aef17a9c06,896711,37252.0,552.0,0.014818,2,1,340
2025-05-14 19:23:31,c50faa1f1e19b57598cc7f553576556ca706bea442a133b36e1a99be7fdc317b,896711,104726.0,2298.0,0.021943,6,9,1071
2025-05-14 19:23:31,b6ca1909a7b81ffa92f6eaf88341aa19f91e9b04a1457327e54633affac2fc35,896711,209137.0,1077.0,0.00515,3,2,590
2025-05-14 19:23:31,632c5aca25be38aad1e186a67e5f9a2d9bff907f890e135274413505c6f45bf0,896711,21267.0,438.0,0.020595,1,2,223
2025-05-14 19:23:31,5ef2e9adf593d2a8cc58355ddae97d2277dc99f80e0873a7669db532de3ea1d1,896711,885212.0,438.0,0.000495,1,2,222
2025-05-14 19:23:31,4db560b9fa6987d7f7ecddc3da5b30e85dc806dc05a027ebd94c3bbd43ea11c1,896711,2542556.0,438.0,0.000172,1,2,223
2025-05-14 19:23:31,01a23314a9f14cc2613ee915bd424c1d0652df56cb93c6d8007982c122ed6aa7,896711,1290937.0,438.0,0.000339,1,2,222
2025-05-14 19:23:31,a3a3fbcd325f8e3fc7233c96fd692316234d2478f6604ac237c6839d14da91a5,896711,1291785.0,438.0,0.000339,1,2,222
2025-05-14 19:23:31,b09085e35591db514af29dec46a63c2d70a65bc75c2570788baf42d30b340ea3,896711,17229.0,438.0,0.025422,1,2,222
2025-05-14 19:23:31,0ec47ec943cf5560cc710e431ee9ddb9ae52bec7500271bbaa4fae5acf2a7d9e,896711,886060.0,438.0,0.000494,1,2,223
2025-05-14 19:23:31,88656718bc3c6bb5ed2f514fe2eb2e1a9d09a3a745881cf5f172d75dbee10760,896711,912685.0,438.0,0.00048,1,2,223
2025-05-14 19:23:31,62fe156fa0b70c070428be594e3d103ce0e2fe1ea509417214bff59594ec2345,896711,899557.0,438.0,0.000487,1,2,223
2025-05-14 19:23:31,72cf16048cc2559c4f6048b8c9ad489af842ce18ebfbb198a4d78c6d25513916,896711,2558219.0,438.0,0.000171,1,2,222
2025-05-14 19:23:31,d1097903bdf02f0efc7ecdb8123ef6eb7434b88672b10f101920a4b3ec4ac311,896711,3124822.0,438.0,0.00014,1,2,223
2025-05-14 19:23:31,dc26e31db32c10433eb43f0f3e124caf60ae120d2df46845c9722c8b7467b30a,896711,115437.0,438.0,0.003794,1,2,223
2025-05-14 19:23:31,f39ff8b6ec4f4def7d5995fbcae45b92b20784c616e72e2edb0bb9ae1d3aa413,896711,3090113.0,663.0,0.000215,2,2,374
2025-05-14 19:23:31,3d57ad87f8ed66bcc415507f8c69996f70638b9c28f9e2ea42edc0e437ab483a,896711,32000000.0,1408.0,4.4e-05,6,1,934
2025-05-14 19:23:31,99b53181faa9d807ec930fe427a4ceb6f2f3eeea027437563dc0b405e2441afa,896711,386119.0,3024.0,0.007832,16,1,1758
2025-05-14 19:23:31,8e4989251dd9d1f113da0299f0f328fb41c7439c303b52144d4608a1465e21b4,896711,35176.0,2454.0,0.069763,9,5,1509
2025-05-14 19:23:31,20ceec80e150efe115315392455d6f93527c4bb5582a1c01f375c0207d8c1ed8,896711,74865186.0,954.0,1.3e-05,1,7,386
2025-05-14 19:23:31,b4a232963c56574acd76a4cc0b57919cea902a5fdad27b51e1f83c8cb8984630,896711,33079.0,452.0,0.013664,1,2,225
2025-05-14 19:23:31,a7ce007b3a095b3ec1c7f136a145fe56c530ff7a7b01717dd39e93a6b165018c,896711,5226498.0,518.0,9.9e-05,1,2,246
2025-05-14 19:23:31,55a7231bd114d69113bc9b5b7ddca7a2fae601d2912ba60c4ca56311c0d75f91,896711,2551257.0,701.0,0.000275,1,2,223
2025-05-14 19:23:31,17be32e48b7fbf77edb156b413a2f910b072c58da2f6173fefed276fc1fce794,896711,7451641.0,481.0,6.5e-05,1,2,234
2025-05-14 19:23:31,e348e03004772f90e74513a3501b849e2c9b43e2b8e5915b9e7243cec4586a4c,896711,207081.0,774.0,0.003738,3,1,489
2025-05-14 19:23:31,705f4a265ff332c9ae1c4a4f534b81d175ec83016c21f0b8c853aadd478a6d8e,896711,51391.0,765.0,0.014886,2,3,343
2025-05-14 19:23:31,f9a52c62aa6b8cfbaf12944501d3db9b98a70c703ea8b1ff0330d8bcabbea956,896711,51391.0,765.0,0.014886,2,3,343
2025-05-14 19:23:31,e514b9bb6a8da19e19c2c3e3483596e62463de9c24ca636e534886931f219ef1,896711,1147952.0,658.0,0.000573,2,2,371
2025-05-14 19:23:31,5636d2d9235c60cd752d0dcc8fe9a2dc4f776aa013d46dc34192a133eea203cb,896711,119118.0,705.0,0.005919,1,2,223
2025-05-14 19:23:31,88a5f9383b019f8bff6e73b0ed9ddb4c323bc70c8c7d5533ad8c732fae37c729,896711,23957114.0,1343.0,5.6e-05,1,1,191
2025-05-17 10:23:47,7005d40499f792573b71b4e66ca81a7b8b2aa98ffea64688fb22080bcf1d51e5,897086,159015055.0,607.0,4e-06,1,2,224
2025-05-17 10:23:47,e2ae934119a63e8c8b8cb91fc84bc0810238bd752fe38419a17c5af25a3b3a0b,897086,2613450.0,607.0,0.000232,1,2,224
2025-05-17 10:23:47,e3484bfc78f40dc5eb63442975e7f0ae771d5a6c139ff8f927928018472ec179,897086,386118132.0,3260.0,8e-06,8,1,1413
2025-05-17 10:23:47,297b516416ffcdcf051960455cd88c8ca6c3574f981f31e2190f632aa75e03c7,897086,2400.0,600.0,0.25,1,2,222
2025-05-17 10:23:47,b93c958103a5d5636778ddf05322f0ec099859a50b6ca705a7aaecd9d7ddb06f,897086,13955.0,600.0,0.042995,1,2,222
2025-05-17 10:23:47,7c1428fd0f7fa9809bb2de1d9ec2f3d31e359dff947d734db806a80518725142,897086,22986.0,600.0,0.026103,1,2,222
2025-05-17 10:23:47,8937a2a44654ce200b57f5d42d71a33e34ac4d7aa26788115479ab009e77f0d2,897086,21958249.0,1508.0,6.9e-05,4,2,670
2025-05-17 10:23:47,4f3f2b9cdfbefaccbb6f2761235246ef87f1d6c2246848f625e73d130ecccd90,897086,2694421.0,788.0,0.000292,1,2,206
2025-05-17 10:23:47,fe7430800e40064e548bf0d490a7d77d0d361087eefbdaa5b3ae046accb54230,897086,2719459.0,696.0,0.000256,1,2,358
2025-05-17 10:23:47,d707df763d54cab66d74206f76b741610e7d048ad9e6648c6caa0be902c1b6ff,897086,1487932.0,2806.0,0.001886,9,1,1382
2025-05-17 10:23:47,d2a6092d0affe31a163a64b7c63dc4618a1c7595f5304f8aeffb18781738bece,897086,24941.0,706.0,0.028307,1,2,246
2025-05-17 10:23:47,c4a848a754cda2a6d6b678ce9b07998e2f040e7c0f708d46f34becc61878dcbd,897086,521862.0,706.0,0.001353,1,2,247
2025-05-17 10:23:47,c09cc1192b774e87e811b54a530b29a96201e0364bc1bf7f29a25db5d9e3ba1c,897086,10299.0,1108.0,0.107583,2,1,259
2025-05-17 10:23:47,e9a9669626380478f400f01ed6d33cb5d5b97aad97bbd1f28184adac7a22519a,897086,6326.0,300.0,0.047423,1,1,406
2025-05-17 10:23:47,60475a963788552c2d5df096527d537c76f90c25cc76e563f05d5e940a8423dc,897086,66396.0,604.0,0.009097,1,2,223
2025-05-17 10:23:47,4525c92ee6acfaae2d060c29ffa830c1597a1d99051ab00f175a4e412a171fa0,897086,154396.0,604.0,0.003912,1,2,222
2025-05-17 10:23:47,2cf8d91180b525c24d83b15a54fd726120774dd9c966c0d28dac3dc487b26e9d,897086,59674.0,604.0,0.010122,1,2,222
2025-05-17 10:23:47,8176fe68b35c36e7d6d2531fa839f0acf5531e3b7ecaeebb6ad310d90de3704d,897086,44365.0,604.0,0.013614,1,2,222
2025-05-17 10:23:47,39189a4ddfd3168193bf10b3d9dba459852e052d97d9291f870586fc8ebf952a,897086,2672394.0,604.0,0.000226,1,2,222
2025-05-17 10:23:47,4d25e8ee71ca51ddbd3f4ef87550491da5bdf6d059c3d62dff90fec385b1d229,897086,8991.0,604.0,0.067178,1,2,222
2025-05-17 10:23:47,a7d077c946a8d983d54bdeb03b4b01434ae4b8e5ab886485e7e5ed530165a1f8,897086,45542398.0,2651.0,5.8e-05,8,2,1262
2025-05-17 10:23:47,fcc7c4abcc71ca0cdc330156acffe8b68f5047c8307e01d7effa169db5122e0d,897086,1413453.0,708.0,0.000501,1,2,247
2025-05-17 10:23:47,70b23c075da7474a01c33bf9dacff2d2a2de65b433f271ce6bb0dfa2555b5a44,897086,6593097.0,1352.0,0.000205,4,1,636
2025-05-17 10:23:47,b6699a60ad2da56188095bc2a48bab479a2a98c9ce68d8ec4461b1ba4292fe67,897086,18500.0,824.0,0.044541,1,1,190
2025-05-17 10:23:47,1e6d77765ad508fc8ff1ec781c70fa33f6d010a4d35817fd19505668be4b1ccb,897086,427854.0,816.0,0.001907,1,1,188
2025-05-17 10:23:47,14b1143b9f937e68ac0c95c5049cb1ee16e9da3b45f23fb611006df8b731b082,897086,637137.0,2692.0,0.004225,6,2,1103
2025-05-17 10:23:47,ba3a4f67dcb339fe8e7a43272132d530db4dce1a9c00b172348f3025ea10e4ab,897086,204518.0,482.0,0.002357,1,1,192
2025-05-17 10:23:47,09abe70674e76567abe73da564417068bfaf677f1f4c5876bb837823924f8082,897086,538369.0,1218.0,0.002262,3,2,524
2025-05-17 10:23:47,6307bc79c9c89b8c7a0aafc71da10be59ae19d4e9ae708e902a8826caff5f825,897086,3309673.0,444.0,0.000134,1,1,153
2025-05-17 10:23:47,17e5a13aeaf45b5238d0761bd252b3f84bae88a3f33aef7760153200e76d6a8d,897086,714909.0,1218.0,0.001704,3,2,522
2025-05-17 10:23:47,52b32c7462050339126861200782997c3f1d4ae94e6ad1a0985ccb8986546651,897086,103320.0,975.0,0.009437,1,2,223
2025-05-17 10:23:47,0b97ebd652bc4d255f47924978404d5dae8256c82688bb73bb5a9412097a500d,897086,100433.0,975.0,0.009708,1,2,223
2025-05-17 10:23:47,6bd26d69d7b0445f7b210f61f951475c396d50de3198acd6186c17e5f71d3bc0,897086,574029.0,3850.0,0.006707,6,9,1043
2025-05-17 10:23:47,bfdb428eae19a841e2658a31bf54de630f5bdc0959e2298467fe3f9c89b66a8c,897086,2877933.0,1590.0,0.000552,4,6,699
2025-05-17 10:23:47,4fed3693e7650151d9f11842316486ec743f82b8f277ad4c2e62215b97f16df6,897086,8577673.0,929.0,0.000108,2,2,374
2025-05-17 10:23:47,182f5ffad43b59210617399f3fd2dc8fba2a605c751f903fd7f15a65b4d585eb,897086,842104.0,929.0,0.001103,2,2,374
2025-05-17 10:23:47,81b42df3d3826ce62019f672069b963c6703dcc47a1d1bf7eb13f2ff268d4d31,897086,1251715.0,929.0,0.000742,2,2,374
2025-05-17 10:23:47,2d1471aa4552c25774a4f415cd109d9e485f0d6b2be77f2aad9bb92358631e06,897086,235921.0,929.0,0.003938,2,2,374
2025-05-17 10:23:47,3cf09cf30df4b6604777d2bea04d52a4c2f4c2d3466f70ad2ef8ef2c7dce7bfc,897086,3483707.0,869.0,0.000249,1,3,279
2025-05-17 10:23:47,0bf81368b106d489e8d17c80a19115268c1bd471d56fd19ffc93b45812401ef4,897086,270501.0,975.0,0.003604,1,2,222
2025-05-17 10:23:47,dae31c59790ff0d582c19db3a2598ae97c51a5d125396d52a785daa3c28ff488,897086,4190996.0,624.0,0.000149,1,2,223
2025-05-17 10:23:47,72eea9a9d5e648825ad360d95208d1dcc864cbe175eb2b92fabb84f3a385fdec,897086,701537.0,1218.0,0.001736,3,2,521
2025-05-17 10:23:47,8d4b5b987c4c7edced8f13bdb90dffdba41d7229e4d7b2e5a2b4208ca2c7f256,897086,218750.0,1218.0,0.005568,3,2,521
2025-05-17 10:23:47,f0dff6c3eecf78a29a2369c091c7045aef1a680776556362eb7d05feb107b0f6,897086,5203.0,497.0,0.095522,1,1,194
2025-05-17 10:23:47,8dc394a5c37560d757dfc79b2639108084be4cb4b7667f46a09ca605b41e4f92,897086,28663.0,497.0,0.017339,1,1,194
2025-05-17 10:23:47,dc927b2860e14e60a9095d74990a789a16afbb05643fffb12c0a9acc0f69df35,897086,60205.0,497.0,0.008255,1,1,194
2025-05-17 10:23:47,4f527d91acdad3300bbef2944693bca83f2246068e8002edc38f29d28c9aff33,897086,21913.0,484.0,0.022087,1,1,191
2025-05-17 10:23:47,85ebfddfc924cd97bc43bdafc051ec27ad315e1e041376a31b0de71ff1f730f2,897086,1335752.0,929.0,0.000695,2,2,373
2025-05-17 10:23:47,80c4b0e591b81d01d0eadd43d34518efa1a714b0f9b6c1c8d45364062a350410,897086,4358955.0,929.0,0.000213,2,2,373
2025-05-17 10:23:47,b6f715c2dd6032c3cdab3533899a8cdb25e15b22b8463a363e2738e81e282cfe,897086,612064.0,798.0,0.001304,2,1,343
2025-05-17 10:23:47,96299cc907b5d9d4526701a40a0d5c3ee12c04799ab8f4eb0c6f1ba98a8b753e,897086,248312.0,798.0,0.003214,2,1,343
2025-05-17 10:23:47,7ba6bb3f88af458cd282f5d944854a6d4d02b4f7f34216d31d46bcf7412962c9,897086,379838.0,1218.0,0.003207,3,2,519
2025-05-17 10:23:47,f9639874b5efe3905fd0c05b824876082b0431bdf9b2c48d36bb35beb65deb76,897086,4663980.0,1218.0,0.000261,3,2,519
2025-05-17 10:23:47,c3090b28d4d3454d34e394227fc4ae993cf8759d01dec9203bd6991b53131533,897086,450050.0,1218.0,0.002706,3,2,518
2025-05-17 10:23:47,496523f699b656cff62d43336fd0ad955f282cb2fc23f5acdb708e5444740312,897086,432839.0,1218.0,0.002814,3,2,519
2025-05-17 10:23:47,745da5d07a1f032a775e802f42552b31ba372daf78c74b7e58375f03f2c5cfd2,897086,1311337.0,643.0,0.00049,1,2,226
2025-05-17 10:23:47,872eb23f3809a613a28624aed2ed7c9ba702a6f4a28370428a2a3843ece8032e,897086,3327076.0,1218.0,0.000366,3,2,519
2025-05-17 10:23:47,c0a69750357957509855ae214bc6068ddb04ae6f8b2e47a5f39134ee7d1256d9,897086,61098.0,929.0,0.015205,2,2,372
2025-05-17 10:23:47,b40469a14cd64586a3b8449efb80c0c30e30299da4fb755e66fab136a1581fc7,897086,1226062.0,929.0,0.000758,2,2,372
2025-05-17 10:23:47,edd863ca7b47adb758ab358bb6a97a23cd47eeba0a9e8c1cc28a9960b302da12,897086,83172.0,929.0,0.01117,2,2,372
2025-05-17 10:23:47,0fcc01f5f402174bd937dd7d6e68567183b13b3db823f6edb8e04bcb8a8d9512,897086,93633.0,929.0,0.009922,2,2,372
2025-05-17 10:23:47,cd42c0d73b2aea85ef6b12786df2428116460ed170960ae0c7d0eab2df2d761c,897086,192604.0,845.0,0.004387,1,1,191
2025-05-17 10:23:47,ecd7d4e0dbbe37f5fdfe622dbfd820d8278d88f1cb9e70dbe4e2795996af223a,897086,2348905.0,624.0,0.000266,1,2,222
2025-05-17 10:23:47,99ca07eef3335d99087077568a256e2681dbf65b87eb0ae69809322639653665,897086,254987.0,1386.0,0.005436,4,1,636
2025-05-17 10:23:47,7521290c9a47da327102b6d23a158247f54427c4ecffc5f4e05192e9138ed6e4,897086,415823.0,975.0,0.002345,1,2,220
2025-05-17 10:23:47,90cc4251a3ba3cf8dc49bb795e59d14dfc5ea6847ec0e93aa602d0c0c88903fc,897086,143385.0,929.0,0.006479,2,2,371
2025-05-17 10:23:47,7f62b72d0fb9fbc33976b2acfb7037493213b0efbacd9c4ee6431c8df4b03be0,897086,1135015.0,929.0,0.000818,2,2,372
2025-05-17 10:23:47,5263c2bf982e0db877ffb8cd7d194508e217975f3eeead61e961de1c61e974d8,897086,59630.0,929.0,0.015579,2,2,371
2025-05-17 10:23:47,2c30813e2e54d6d51f1d47e6d1bb21c900923456e6420c07dc61846e0cfbeeb8,897086,516689.0,929.0,0.001798,2,2,371
2025-05-17 10:23:47,fb3accbac4613adb980886521bba17bc28585d528361c1712d954fdab3828bad,897086,1023129.0,929.0,0.000908,2,2,372
2025-05-17 10:23:47,0cb4ff551b7548a1dfb7cd9028877d56ebce7c4e4e00cc49a954b4e5a1891861,897086,117996.0,929.0,0.007873,2,2,371
2025-05-17 10:23:47,3f7dd171dd4ead96e8cc5578907f3c518cadfe9f45698c5694164ba3efe9eb60,897086,19379618.0,929.0,4.8e-05,2,2,372
2025-05-17 10:23:47,19e3adc20e43e8cd5428f06baed1009fe6e15d7d7eb598186aee81e895189356,897086,31754.0,929.0,0.029256,2,2,371
2025-05-17 10:23:47,da27f9e1fc3f4e062326cd3f80b3860e4104a8c87a3387eb2f8267cc2a58a33a,897086,81155.0,929.0,0.011447,2,2,371
2025-05-17 10:23:47,c342c7b675ecd8d5ca022eff9d4fcf9323cda97dee1aaacd91df157869b94fff,897086,89927202.0,643.0,7e-06,1,2,225
2025-05-17 10:23:47,fe9eb632a6011ffa956dd964a27fd97334fdeeb2530b1cca4ce1a4a85964b0d3,897086,2061657.0,643.0,0.000312,1,2,226
2025-05-17 10:23:47,f92624c06467b1ba8e3dd03b712df4e6ec45a2e5a30b119d4058c1c8afee7ad1,897086,188637.0,643.0,0.003409,1,2,226
2025-05-17 10:23:47,6eb4955c8ff54895255bcc90501959b7b89e2aad9b029aab9a12bb4b79be19c9,897086,3319284.0,643.0,0.000194,1,2,226
2025-05-17 10:23:47,38eb3879131f29a5e492fab55cd8e61bdd27b5f41aea870fa81834f726c047c2,897086,8611081.0,643.0,7.5e-05,1,2,225
2025-05-17 10:23:47,c4c74d8ac6a3f0be39dad0acf2b340469ec554915c6433c038f7bfd98423bec0,897086,30466.0,643.0,0.021105,1,2,226
2025-05-17 10:23:47,53c0bb178bc6993b53eb2557c8bcf65588aa593184056ad69e719dd15aa97eb9,897086,56161.0,643.0,0.011449,1,2,226
2025-05-17 10:23:47,4b0c8e5c2f298dd1115e8ef18ea1424263fce1d0e0d89ca691e41d8fd818bcb5,897086,1002825.0,643.0,0.000641,1,2,225
2025-05-17 10:23:47,9e0e821f92e38f95a2cb3eb05a67fab17da3d00405161cb7df17721486d70ea2,897086,90176.0,643.0,0.007131,1,2,226
2025-05-17 10:23:47,ed537645dafeed106ce62a9afd9da24966aeadce539dd7e9b837b2e7e5b5cb9f,897086,377817.0,643.0,0.001702,1,2,226
2025-05-17 10:23:47,1d475856709859be91bb1165bbbd7e962123bca45a7eb1a234c51df20311d59c,897086,199736.0,643.0,0.003219,1,2,225
2025-05-17 10:23:47,47d6172701bb2aa14e5b1b4071ae7b84161ea42a2780cee8362e7daf12a41280,897086,169470.0,643.0,0.003794,1,2,225
2025-05-17 10:23:47,988a66ba666398d8085ea67ddd882ddcf2083861598886090daf66e0569c9579,897086,1001047.0,643.0,0.000642,1,2,225
2025-05-17 10:23:47,558c591a21d0359fcafbe9bce7423d8dc52a700f0b2bb6ef421975988489c878,897086,31734.0,643.0,0.020262,1,2,225
2025-05-17 10:23:47,141f230f7c6e0d1e73ed6f2486d46cace9a09d9084a98a74fcb68089c17f3472,897086,105791.0,643.0,0.006078,1,2,226
2025-05-17 10:23:47,10f95270320732b1a18c4419f50ffa120a8e1037ecc2900b4c154a8275abdf68,897086,123990.0,643.0,0.005186,1,2,226
2025-05-17 10:23:47,968ac608a0c0933fa337ed12a60a9abd6dc5c53f1cf2a4b1dbedbdb004551252,897086,96052.0,643.0,0.006694,1,2,226
2025-05-17 10:23:47,47c60248af04f2b66544f10963ba644766c35ced787d95b4be2fd5b0d85b824f,897086,69997222.0,643.0,9e-06,1,2,226
2025-05-17 10:23:47,11f802ce29a8ae55db8c81502d8da4f64164f1f0a28379dee8e884f90f121e4b,897086,192412.0,643.0,0.003342,1,2,225
2025-05-17 10:23:47,0ab04ee9079721d696036d13706ffb7e021c6f3a775b5a51dc1ccea1f5871d48,897086,536758.0,643.0,0.001198,1,2,225
2025-05-17 10:23:47,ab59076f6fcd576481665288fae729ab596a966445e9f73796f3e000d6f9ea44,897086,106260.0,643.0,0.006051,1,2,226
2025-05-17 10:23:47,a782f7f0eaf4fed6a079171ce9f86641964eb6dd76add079c3d70ed2a3b5042f,897086,128847.0,643.0,0.00499,1,2,225
2025-05-17 10:23:47,429898252d9851db137cd2e7886ded8b3834cd0777b0209ea26a4ec604de2815,897086,23605.0,643.0,0.02724,1,2,226
2025-05-17 10:23:47,53903b5cb2308223a1c32c9436ae511987f70f45a45f6dbcd72248085f490b04,897086,156771.0,643.0,0.004102,1,2,226
2025-05-17 10:23:47,c36aaf6e22222288065aa39d4bcb8f4fe55f670024f6c4ba1369e86e072d7701,897086,215081.0,643.0,0.00299,1,2,226
2025-05-17 10:23:47,7f817a8173f77212369f288c555c363a19392b6b3d121c1cc35a1880697a62db,897086,81577.0,929.0,0.011388,2,2,370
2025-05-17 17:52:33,da43690e78959b5371227152512d0e5b899c4a553c712327a46aa8b3efb3cc0f,897134,33339.0,929.0,0.027865,2,2,370
2025-05-17 17:52:33,276a184e9ec52ab4899acf0e6cc1017447475569e6587b20d4a8d984c3a99372,897134,7046017.0,598.0,8.5e-05,1,1,191
2025-05-17 17:52:33,8cc050129abb88c5bee2250b9027cee62304a6993c88e21fb6ad475c72fc7039,897134,43455.0,825.0,0.018985,1,1,192
2025-05-17 17:52:33,f59758a3ce7b6fd74cc26279b24215cfabf4b3797b7b08f13cfbc95011b75870,897134,344607.0,929.0,0.002696,2,2,374
2025-05-17 17:52:33,00746133266d78f03be85c1dc5fa142ddfe2a5d44b8060cc626cb19d89e02b04,897134,4286828.0,907.0,0.000212,1,2,223
2025-05-17 17:52:33,db529fe70cd29a658c01c039ab563bce0a05e96c8ce2d74f14ea01685477d76a,897134,4318735.0,643.0,0.000149,1,2,224
2025-05-17 17:52:33,9ed698b20fa5e46808ff1d3b17063d570ad79ebc9eeca2bf6cd0d6bc68d4e45d,897134,25600.0,973.0,0.038008,2,1,340
2025-05-17 17:52:33,6db30b8c191f9ac948af1752d1c6b72c988efe6835db4773d5c75b2df43ae22b,897134,24374339.0,1221.0,5e-05,1,2,223
2025-05-17 17:52:33,de758f46e1b7ba22445803bb41ec86c53ae7062b4d00823ca6a1583fc218367f,897134,338131.0,1161.0,0.003434,2,2,374
2025-05-17 17:52:33,850bec977e1506d71e138a5a313298e540ecf75fcf534fa744d60a874c6cd342,897134,2686040.0,1161.0,0.000432,2,2,375
2025-05-17 17:52:33,5a388c3e86ebd72d59ba29df65b791443287068f8c23c16fb6df4ccb8380a826,897134,358198.0,1161.0,0.003241,2,2,374
2025-05-17 17:52:33,52778595663b1aecb902a5ca30e2a9f3ec43ec723a4c235f36a0b0f90532dec8,897134,1444564.0,918.0,0.000635,1,2,222
2025-05-17 17:52:33,2bf48ccd7c324f71d65c458f083dbe32736ea402e2b34a7e57e09c40f9fd9731,897134,1722454.0,643.0,0.000373,1,2,225
2025-05-17 17:52:33,25382602f842dc4cd187481ccd6250ed7fbf41344e931e065706fe51e59e3744,897134,221905.0,1523.0,0.006863,3,2,522
2025-05-17 17:52:33,a088a28158a51a0c59a1cd10174b620c92127902f881bd4b2a6b91747815edc5,897134,462234.0,1223.0,0.002646,1,2,222
2025-05-17 17:52:33,724e8248fd5eda5fd8b0afe5c7ecedbb3e9170d72eaea559385fb7baff682b67,897134,501381.0,322.0,0.000642,1,2,222
2025-05-17 17:52:33,6ef4dda2488aef13ebf1f9ea8d5d99787a4026bba013f2966418b85d18d85115,897134,3088209.0,902.0,0.000292,1,2,222
2025-05-17 17:52:33,7c66c3ce2d0386814f972b1f42441f471d5062110a116e6d07d327eae9cd7737,897134,3121911.0,643.0,0.000206,1,2,223
2025-05-17 17:52:33,5d121c4392797d2a4f2b84fbb00cdc5ababc197b9cefaf636f3a4eb9f8188e51,897134,3212323.0,2089.0,0.00065,5,1,783
2025-05-17 17:52:33,dab69b2e6261ecebed8220caf1d9083f9536b7cc3f4d69edde75fb3f6656ad9a,897134,809396.0,735.0,0.000908,1,1,215
2025-05-17 17:52:33,ffb664faaf8be19471b333a81daef823057f8f92e50730386dcb0a7f2e2f041b,897134,52753.0,1218.0,0.023089,1,2,222
2025-05-17 17:52:33,4926d73bfc133a2b764f1cd07fd99c9803d03446b8d25c17960ce213bdbf9ce4,897134,101833.0,641.0,0.006295,1,1,191
2025-05-17 17:52:33,0c921d186b052d5d83f277468f99bb00aecabb47c96c7b3ed1ed42c93c353b20,897134,344787.0,1396.0,0.004049,1,2,219
2025-05-17 17:52:33,12ddbde29ddbb2567184f33e3e4c7fa8c903f0fc4abdbc6537ff43ba84a52d2f,897134,3433914.0,929.0,0.000271,2,2,373
2025-05-17 17:52:33,37293bb752d494878fdfb486bba5e0d98270a2129ecc8d2ffd10b6d134d1939b,897134,1635372.0,1523.0,0.000931,3,2,520
2025-05-17 17:52:33,3b07cdb646ea283bd163c7962f029f07d35e5b5ed5ec42b9be20c1a1ebe1e494,897134,180365.0,852.0,0.004724,1,2,193
2025-05-17 17:52:33,15dcc79fad8c92f026a34ec2df22dd228efd81f1552b00689493715964e704b8,897134,190899.0,710.0,0.003719,1,2,193
2025-05-17 17:52:33,d0557eb04b2b642065a738862d1f4d6f8c27057433022abd3a46d03db271c873,897134,41363167.0,846.0,2e-05,1,2,222
2025-05-17 17:52:33,c0331d78788a9a5142241f7ff9e251e8295d66b73cc097304307ecb82b21452a,897134,41413406.0,705.0,1.7e-05,1,2,222
2025-05-17 17:52:33,a01701d58ff746f3afcfe21ee7475d07e3dd6c7e697218fd9e1726f18f897564,897134,2304.0,1056.0,0.458333,1,1,192
2025-05-17 17:52:33,06216d7c960d6d408410b18041fe0d13f5452f6c4a27e55a99505c2f28b44a3d,897134,766944.0,1056.0,0.001377,1,1,192
2025-05-17 17:52:33,6c6af2c275b61d3dea65c38860b1cb3402f72966cb8dd41270a398ad375ef78b,897134,157705.0,739.0,0.004686,1,1,191
2025-05-17 17:52:33,e2091240753d9ff58c0c6b1bd2cfa6f1241eb5dee74eef72e536228870d486f6,897134,171794.0,643.0,0.003743,1,2,223
2025-05-17 17:52:33,1bf6f2b71b2b4ca8b97d2e245ec73478fbb73a4c5c9baff2eced933f0f1fc801,897134,1858539279.0,2337.0,1e-06,1,11,506
2025-05-17 17:52:33,90907f3ff355de5ca7cdcfa1c03f7d08d327f68207252ea8102bf3a35add3090,897134,1701290.0,998.0,0.000587,2,1,343
2025-05-17 17:52:33,d4ca3bb9e69017c025feb086605e822c0a5d7104001e695d2465714fdf00926a,897134,215844.0,998.0,0.004624,2,1,343
2025-05-17 17:52:33,58d10fc65fc674e07277b90f235dc4bb7df6cfaf72ac16a5db5491741e64f179,897134,400204.0,783.0,0.001957,1,2,223
2025-05-17 17:52:33,436d56ee1a5cf8d2f8bd9df5d938fbe469f7b3d1a38df7acf3c89134a017db0d,897134,47398.0,608.0,0.012828,1,1,191
2025-05-17 17:52:33,193db8269c7dd75f1b3ff1f1d2e61651fee17ea3e0850b9203c7a5f311fb2bd6,897134,511994.0,1360.0,0.002656,3,1,489
2025-05-17 17:52:33,8de25d697e615f5fa8cc94dd59c8473e0c2a2519a4519a6d27b499dab033a68b,897134,153891.0,1161.0,0.007544,2,2,373
2025-05-17 17:52:33,769dfffe282cd5eaac7f87a24ea8eeb0d651906de7e6361b6c9f59f8150a4333,897134,976770.0,1161.0,0.001189,2,2,372
2025-05-17 17:52:33,51c53c6d5253083b19b14af220d311ab9e9c77989b02488175af9e7b36f79109,897134,10846741.0,1161.0,0.000107,2,2,372
2025-05-17 17:52:33,a3e2304c509c842ba8afacec28abdd73ad2485a973af96442ac14301b0d0b18b,897134,100692.0,2070.0,0.020558,2,2,374
2025-05-17 17:52:33,0e982cd27cd5b8ac9e9ab4628f6e5ab0226e1cfdab312331a536673f1753bf07,897134,47319.0,1444.0,0.030516,1,1,154
2025-05-17 17:52:33,81028452686a767784dbfe161a9dd365d78ab109110f7e0623202cb41b3c403b,897134,48763.0,224.0,0.004594,1,1,406
2025-05-17 17:52:33,a343549e1a7a06fc652ae9b3ae3c60446f66a7837852a7fba65dfb1d322169e4,897134,166223.0,704.0,0.004235,1,2,234
2025-05-17 17:52:33,72ed822c6114b6f2aa5d1284b6768c5c89b4c8cb0966141424a83ba25cb04056,897134,280774.0,998.0,0.003554,2,1,342
2025-05-17 17:52:33,9db3acf357690f7bd0d501a7c88e9f0a2c2e0f71677ce9ecb42e8867ea8ba6c6,897134,132308.0,1048.0,0.007921,1,1,189
2025-05-17 17:52:33,87902dbf08a3e050ce00fea7ea55042b84dee0c7679bc3cc55d4ce66ec3617f8,897134,186911.0,1161.0,0.006212,2,2,371
2025-05-17 17:52:33,d5643e0e53156ea8a642792075fdb3e20b99793916ae6624e55ebe1bcb44bad6,897134,947591.0,1161.0,0.001225,2,2,371
2025-05-17 17:52:33,958a33bf5c2960c45a25d944f74733f3dda2ef5730d38a64f944cf36224422d6,897134,12451492.0,1161.0,9.3e-05,2,2,371
2025-05-17 17:52:33,b1def23c8f6d0ce1e69f2f350cf6d12ede61dd4961e41227075efd9904f05ab2,897134,110849.0,1161.0,0.010474,2,2,372
2025-05-17 17:52:33,1442d361dea92f8f44ba2e3544c2fa11b44b599b7e77c00e2a84793a3e3247a0,897134,252060.0,1161.0,0.004606,2,2,371
2025-05-17 17:52:33,25b706ba2179e5304e0e187ba7c2c6e2b2964a7d25240f76b085bf34f18f7986,897134,119384.0,1161.0,0.009725,2,2,371
2025-05-17 17:52:33,b7918941a6ff5934f0180d553c5ddf386658ea0eecb799cb211d983bed06366a,897134,597728.0,1161.0,0.001942,2,2,371
2025-05-17 17:52:33,86b6493cb642e7819b872929119ed25883c17ecdcf5906237e8e7853264c7460,897134,343516.0,1161.0,0.00338,2,2,371
2025-05-17 17:52:33,39d4f241f9a3266a8751c9cd0e4381e10aa6dfa65395935d9043789338ec6455,897134,294501.0,1161.0,0.003942,2,2,371
2025-05-17 17:52:33,e6ac244e59db2dc84b8e9b4daa77bdc517a102f060cb196c6e7ce48b4f19d050,897134,311666.0,1161.0,0.003725,2,2,371
2025-05-17 17:52:33,223991d536f68e8b0cc8bbe1ccc61d0619855d22d95eaf2a6d49fa8cc1c75549,897134,58109.0,1161.0,0.01998,2,2,371
2025-05-17 17:52:33,9d681ef65322493928a56d02d2822a31619ccb3fb858d545fbba14d02fd17846,897134,299529.0,1161.0,0.003876,2,2,372
2025-05-17 17:52:33,6bb4ea7d82b2632423ea97168bd672d19edda24548628ee79fb70ba9cfcb0d41,897134,151158.0,1161.0,0.007681,2,2,372
2025-05-17 17:52:33,808a7f022626c78363173d91b13292f66b6ce3dc25aa780c48128bd3eb8f7f27,897134,1069816.0,1161.0,0.001085,2,2,371
2025-05-17 17:52:33,dc5b2d38a454c7e7ff6bd591a37bc896bafb9ff664a0cd6198878c75dfeef905,897134,1191880.0,1161.0,0.000974,2,2,371
2025-05-17 17:52:33,3076567d02f0276222ce18338506addb652c2c574706f40e47b81453d3e0febc,897134,4501000.0,800.0,0.000178,1,2,225
2025-05-17 17:52:33,426bb972cbc7fe79ab65052028847b056a258c6f2f4da3c3c8508f5b9c43d2b9,897134,1469070.0,846.0,0.000576,1,2,223
2025-05-17 17:52:33,476d356ab83b5efb5f206e0f6f764f3529f5f3ee99baca0ed62a2c8a78211c6d,897134,1943215.0,918.0,0.000472,1,2,235
2025-05-17 17:52:33,81e3f1f8057f73b58c1979ea8cae7fcf4962cb32b27337987f20c50f3bc6b4f6,897134,1984013.0,846.0,0.000426,1,2,222
2025-05-17 17:52:33,c2cf16fd482f728bbd681a1422029de318405b9f18dea6f076ec66ca70a87f2d,897134,2119776.0,864.0,0.000408,1,2,225
2025-05-17 17:52:33,3d00f45df51ddc7fbb2e87dc7c6829ab41c952315ccbda97c55508d6cc9ed282,897134,2130252.0,846.0,0.000397,1,2,222
2025-05-17 17:52:33,c740eefb1d63d8881db37792c87afb274ef9b1b0cc4cfde3ec025d740051db7e,897134,2155155.0,677.0,0.000314,1,2,222
2025-05-17 17:52:33,4677aa7465e0dafb40ff5522afd358f3943eb19a333ba6bb2b1fc4e622d1124a,897134,2298254.0,677.0,0.000295,1,2,222
2025-05-17 17:52:33,1d092b3fd26ff6f3a9b7cd8f8041322acefa7c97ad43151009910436e2b249db,897134,2336469.0,677.0,0.00029,1,2,223
2025-05-17 17:52:33,4181d68b35a72699bf4bc60d62e5f05f4c2760747001b6c5876d0546390bd252,897134,224681.0,4375.0,0.019472,9,6,1234
2025-05-17 17:52:33,4ce70bb2830f1729c28dd9adef03707b0e8f5fc5a24b7620797609a498a7467e,897134,257578.0,2778.0,0.010785,4,6,699
2025-05-17 17:52:33,583be5675b146063e115c4bda427b8c77500e0bbd71b94dd179a9db5cea683ec,897134,60018.0,1629.0,0.027142,1,1,189
2025-05-17 17:52:33,c5fa672e8bd3b3b4545dc630c2bea33f3e965937cd8ec833e0671a12852624c1,897134,168331.0,669.0,0.003974,1,2,223
2025-05-17 17:52:33,7811f0ac31e64d248c951153f2fcf1a359952c6c0010705c00df2945fddceffd,897134,68485.0,1161.0,0.016953,2,2,370
2025-05-17 17:52:33,395d6b17ba074214fc8589281fe04ded3fc6f15fedf1d525004b158b3276f9e2,897134,102328.0,1161.0,0.011346,2,2,370
2025-05-17 17:52:33,d586d1e6922082e2a53c2d63610dbeb3d11946d6966566933657583c7f229dac,897134,236631.0,1161.0,0.004906,2,2,370
2025-05-17 17:52:33,6d8a0f4dd39a31f33e521bdc92b3582e75715e867e3664d5a989a3f150d8e2ab,897134,25391.0,1161.0,0.045725,2,2,370
2025-05-17 17:52:33,8e365de1dbda9cb6660f02663cbb2cc3570ee6e6f03407192a0b5d2a89cfa44d,897134,320846.0,1161.0,0.003619,2,2,370
2025-05-17 17:52:33,9a1d3fbe901ea9a38e8be48156e2f0d408be6e33a40db85b56652a2078c96d46,897134,54528.0,1161.0,0.021292,2,2,370
2025-05-17 17:52:33,e1c45268b3c65f87d60edcc545db7fb11b588cf9d146ae036b3ac1ad32ca102b,897134,197243.0,1161.0,0.005886,2,2,370
2025-05-17 17:52:33,2ee038416df16ded2898828ece2c6049630263879db513410934542dbb8fca25,897134,46797.0,1161.0,0.024809,2,2,370
2025-05-17 17:52:33,03a95a447e3304d402f0c362825151ecbdd6f61c62bba1746049b1022c96cbe1,897134,821261.0,804.0,0.000979,1,2,225
2025-05-17 17:52:33,9295b9036724f1271486f8095a684bc0fbf53687757f7e6fb4b31007762249c9,897134,1629602.0,804.0,0.000493,1,2,226
2025-05-17 17:52:33,4856b12d8776da3b62b4f7d67e55133a1af5949a0ae29f5f195aa85f9c4e75c2,897134,86540.0,804.0,0.009291,1,2,225
2025-05-17 17:52:33,f78fe8292306015cb588b103109d4f504bd2e4154d1b9baf79239122c6438891,897134,701881.0,804.0,0.001145,1,2,225
2025-05-17 17:52:33,beee4262ca95c01fe455d18b1d428e8b66bf6f41e16ca828ff3721b2bf55768f,897134,153763.0,804.0,0.005229,1,2,225
2025-05-17 17:52:33,845884497a56ee98e550e222711889ef953bc28b32cab7fdb467f064e8066a8c,897134,2205610.0,804.0,0.000365,1,2,226
2025-05-17 17:52:33,ba6ba7b48135d435ef314f5cd802d87d2501d3790975d9885bf7e7f1edcc2888,897134,99006.0,804.0,0.008121,1,2,226
2025-05-17 17:52:33,21661472cba9735d92772b0708d787045dd6d6b73384afccb70a515b5d35d27d,897134,565249.0,804.0,0.001422,1,2,225
2025-05-17 17:52:33,d51d1c10b3091be9bd87e73566155394b738a83a5812bc7eae858f4b99a1377d,897134,488674.0,804.0,0.001645,1,2,226
2025-05-17 17:52:33,fdc8e9dcfb31c4236519e72b40d0a5ae2e18e59d88dffd90fa882d5faba3413f,897134,14196.0,804.0,0.056636,1,2,225
2025-05-17 17:52:33,cc971798b7fda362f84a78efd76d2f02cab73f1969cd03a2d220e83ef00b3335,897134,6140732.0,804.0,0.000131,1,2,226
2025-05-17 17:52:33,57c1083ff93b869c7091cd492b8af15b057ac837e19921fafc4de52af7b1862d,897134,116568.0,804.0,0.006897,1,2,225
2025-05-17 17:52:33,653c7523b210e76ec9a20a8173132708e2dd476045c2a911277fa543028c3c2d,897134,60059.0,804.0,0.013387,1,2,225
2025-05-17 17:52:33,307ed3dc0ed43001764760a3fe0fd460d212789e2109df1c4fd150b6a3449007,897134,252482.0,804.0,0.003184,1,2,226
2025-05-17 17:52:33,d2df653a81daa3565b172551728f066659f43a87a21f66a5dcb5f6a4be22241a,897134,8495.0,1893.0,0.222837,2,1,339
2025-05-17 17:52:33,608e8ecc1335f5b7660f598de193bf667a550a16e2f493068f2fd3de13104371,897134,183394.0,641.0,0.003495,1,1,195
2025-05-11 15:59:08,93aadebd08e112b2f68b6918bcf3cac3d2783cb794baac0f7ea6fe3345b1fa6a,896278,339807.0,488.0,0.001436,1,2,223
2025-05-11 15:59:08,d939aca6e6fa1a327226dc23e7d66da96760171f2fd30ef279ef7c52360a82d2,896278,508113.0,465.0,0.000915,2,2,375
2025-05-11 15:59:08,76e8d61afe6be457371a28c486f2de51f3852364733fde510adb60d47be57253,896278,5701663.0,687.0,0.00012,4,1,635
2025-05-11 15:59:08,a4c1eeb2dd3df19bf8a9dd94c393a9732aac08ef88c5f3c3c0237b46bb273e81,896278,188595727.0,760.0,4e-06,1,4,346
2025-05-11 15:59:08,bc877cb9e8816c9b89f8cb69b0380d49957876607bc040aa55ff621fa152b603,896278,18125.0,546.0,0.030124,1,1,195
2025-05-11 15:59:08,e34f0a787ce827ff3d7b9d23a90a6a39bb21f081245bc747841304d9951210e2,896278,16628798.0,359.0,2.2e-05,1,7,381
2025-05-11 15:59:08,d0bdd4d5107f43758f07f702dfbbf84b3d0077f768faa827f803242081e53892,896278,395340479.0,760.0,2e-06,1,4,345
2025-05-11 15:59:08,1d76d57726138307a06bcc212954a691ea19862dd3ce544adb5b5b82d0d9c5b4,896278,4910181.0,465.0,9.5e-05,2,2,373
2025-05-11 15:59:08,a8f80a43eb381c427e5e2fc936a985dfe97f94b51071150094af9956aeed0a1a,896278,216161.0,465.0,0.002151,2,2,373
2025-05-11 15:59:08,247965ea1d30d1fdfc156b7d73f32044eeec851d87057e424c54d6ecde6a9d99,896278,70797.0,399.0,0.005636,2,1,343
2025-05-11 15:59:08,3daf613aefc0d8c5a3d4ac0b0c1c2b0323aaabbd488680fb637c7a78648d5ae7,896278,140074.0,488.0,0.003484,1,2,221
2025-05-11 15:59:08,8c225c4c757594fa85487e53372311ca2cef1c6b0b74e8a5620327d3ed32ba18,896278,226122.0,380.0,0.001681,1,3,253
2025-05-11 15:59:08,65270b5f6b84a8e779d7a805642feae2694a1cc0cf4620f4286b5903548f6099,896278,66897.0,544.0,0.008132,3,1,489
2025-05-11 15:59:08,c873ac2f776af62e88fdb1469e0462ea9a618342a29d2995942d6f2702af5753,896278,868901.0,544.0,0.000626,3,1,490
2025-05-11 15:59:08,6dde8168a8a681103ec65794afa5df9d6bda52226efe38d86959d9c0fb546b1c,896278,98100.0,465.0,0.00474,2,2,372
2025-05-11 15:59:08,fed01acd6dd04cd10baebbf28447e2432c7961769a8f4dbc3c7e935e00aca0ec,896278,1558960.0,465.0,0.000298,2,2,371
2025-05-11 15:59:08,304a74b19c5371457c0ab51f36dd49a9cadfb422c1caadeb50ef61336764f083,896278,302204.0,465.0,0.001539,2,2,371
2025-05-11 15:59:08,b01da228f6b3e130a163cd5f903d97323ff60497c744b57ed675115920e1e469,896278,140470.0,465.0,0.00331,2,2,371
2025-05-11 15:59:08,115d1d7185665ea5a930bee25e69301e48178fdb7cb4d5fa4a038afe4d95c364,896278,313040.0,465.0,0.001485,2,2,372
2025-05-11 15:59:08,66fd8ab394b08710439abecb945485fad7aad66badebcdb559f01b1f3346872e,896278,78970.0,465.0,0.005888,2,2,371
2025-05-11 15:59:08,5a138b5aeb6f5d5059c0954453f7065b634433993314dd2594427c91a50cb10c,896278,207327.0,465.0,0.002243,2,2,371
2025-05-11 15:59:08,19a40fb65c0b213f9a1be457579f8adb29d232474cd9adddaa2f6dae2cb78303,896278,15106.0,465.0,0.030782,2,2,370
2025-05-11 15:59:08,1530ec1728382bcd4c639b938e4736192d7b6db9451de465d53fea1e14b9afb7,896278,64314.0,504.0,0.007837,1,2,226
2025-05-11 15:59:08,2ccd80f7437fd918bfd36d881cdfc83584a6c893710aaae66aed96d81cd4de1a,896278,1853060.0,465.0,0.000251,2,2,370
2025-05-11 15:59:08,728d8c34e9253adfc8cfc71dc439e2582f5d4d59f54388fc894d10e556240aff,896278,3492219.0,465.0,0.000133,2,2,372
2025-05-11 15:59:08,91f33d74c805d74460e304cce20de99e786e626cf0f4fb436ac1429cb202ec1f,896278,4311466.0,5106.0,0.001184,33,1,4946
2025-05-11 15:59:08,7d8756bfdaf7a604a12967b9412f217db648a8b33a3c77042c846ac0b70236e6,896278,498010.0,465.0,0.000934,2,2,370
2025-05-11 15:59:08,73f184a7f05a37af4b0e9d77b8ebd1a12ea7d7135f76d85bd0360cc53229d1f9,896278,115117.0,322.0,0.002797,1,2,225
2025-05-11 15:59:08,fe7ff5bf4520c0f802cd66de3bbb499b07b416ae7c3ee31095c35abf867a2cc8,896278,57818.0,322.0,0.005569,1,2,225
2025-05-11 15:59:08,d28d6844801de0c1547d32387dbb60e91d336c5e5963bad90e15b4aa63df11be,896278,4538247.0,322.0,7.1e-05,1,2,226
2025-05-11 15:59:08,ecc1779a3ba9e8c4b32837931d8dc991cb3248a69ea57c37f51027f6a8d663b7,896278,57331.0,322.0,0.005617,1,2,226
2025-05-11 15:59:08,f2dda11eb48742575eff7eea6c1031ec388e6ee6877a1676cdc03e3be59061b2,896278,56211.0,322.0,0.005728,1,2,225
2025-05-11 15:59:08,9ebe34da343aefe115a4108a5c6a27982fb11feb63d75a8af780e78e11a751a2,896278,37041.0,322.0,0.008693,1,2,226
2025-05-11 15:59:08,5ffe01abd90b996d7f1eb1bf43cf7207f0d0a1322e5a70641d3165f92185389c,896278,84064.0,322.0,0.00383,1,2,225
2025-05-11 15:59:08,d09c11e3322846f56a6e712c053d8834652e7330180be898f7db11c8aab9c094,896278,2325462.0,322.0,0.000138,1,2,226
2025-05-11 15:59:08,e0ce88e1f5bd143199bd9c9ce3b3d840be9f732a89619c0bf9fe0545f313848e,896278,135079.0,322.0,0.002384,1,2,225
2025-05-11 15:59:08,258f7608f0a03f7be7fadddc97d9896a2b8a3dda76d55b8f9bfc73e509d7e385,896278,29880.0,322.0,0.010776,1,2,225
2025-05-11 15:59:08,6db3e5e66dd8f722b050318f956ca4ca020745887f449e971c38fe45d66c8369,896278,194154.0,322.0,0.001658,1,2,225
2025-05-11 15:59:08,45058ea4f556906a57695385ff18e25d958f9d30bffbfa00e5eb1c27acf92063,896278,26771.0,322.0,0.012028,1,2,226
2025-05-11 15:59:08,4ee937f905d458fc3abcc171fd2ee8631407fe7597476e16608a7ca3d8f4235b,896278,229820.0,322.0,0.001401,1,2,225
2025-05-11 15:59:08,d98103f88ce261d1923ad0f14ab3009fdb4504272ad184cd720043a806c82757,896278,272757.0,322.0,0.001181,1,2,226
2025-05-11 15:59:08,2e59c5589893d8c86dfc55d0ba9331e52047d6bee299099821df531c596f7237,896278,819259.0,322.0,0.000393,1,2,226
2025-05-11 15:59:08,7c1b88c1e4ead7ea38f5701c68da4015b60251f735254e4250630eaefca32112,896278,112258.0,322.0,0.002868,1,2,226
2025-05-11 15:59:08,0678e4cda94d1fcb29426f6a40626eaedbb9b1d8da709f042ced4372b9f55dc5,896278,559551.0,399.0,0.000713,2,1,340
2025-05-11 15:59:08,cadec99b6deebb0ed2f60ac535f83ed083c6b06ea061c9c917a883446c366b9f,896278,80711.0,399.0,0.004944,2,1,340
2025-05-11 15:59:08,24103a05b258babebd64bb3e8aa4f6c33ae09beec971dc989d95cca1fc41be60,896278,1279059.0,399.0,0.000312,2,1,340
2025-05-11 15:59:08,6fbb247d271a1828f404251a0a905f340eaf968ee70792c8f4410c331211923c,896278,28355.0,399.0,0.014072,2,1,340
2025-05-11 15:59:08,ba11fa94b82ed9c123d61b5e1aa153e01d87ab88523eb512a5f6077e7f1c43dc,896278,558109.0,658.0,0.001179,2,2,375
2025-05-11 15:59:08,f8e90bc72565d45ab84d9c7e96fc5f62c92ed70291f77b61d730cb242b90f516,896278,85108.0,4779.0,0.056152,1,1,192
2025-05-11 15:59:08,8219e814fff80df722878dcf089d86cdfa7fa0cc7c71903caae9ada3b2c21d90,896278,48492.0,5609.0,0.115669,2,1,340
2025-05-11 15:59:08,0fc9d45fc7805f1a342fdae0c90b6d1e25cd59a8a7aeea8f6891109357292df7,896278,67591500.0,4977.0,7.4e-05,2,134,4685
2025-05-11 15:59:08,c77086c8ce1168a50b673a8710de5bda8c4f749cb489d6bf60c437d8602e7c1a,896278,103353.0,504.0,0.004876,1,2,223
2025-05-11 15:59:08,69b35ad2754c1bcc970fa51799887e141ed058c05ef16e0fafc763f5894c28f4,896278,2397.0,251.0,0.104714,1,1,162
2025-05-11 15:59:08,5841fbd33cd05eae805a3cd7e030ad934ebdf26ad694f9e9984f963e794322f6,896278,28839.0,322.0,0.011165,1,2,224
2025-05-11 15:59:08,746dda8aa0326043173875e7959542af32187c6e9639de91cb5d6c612b0dbad5,896278,6013376.0,322.0,5.4e-05,1,2,223
2025-05-11 15:59:08,cb7b72c6e8dd19e84dac8396ac9c013bda924bebbbb2b0959821cd8ca6c90abf,896278,646968.0,322.0,0.000498,1,2,223
2025-05-11 15:59:08,1230f6805b3ed6780770f7b5a90891c4e569bbf2b072e8445ff1043caadc3ca6,896278,3071045.0,322.0,0.000105,1,2,224
2025-05-11 15:59:08,ac9eaacd38ea980ef6165a6a58715cb7396da0511d2583d7987b34287edef89f,896278,5145943.0,322.0,6.3e-05,1,2,224
2025-05-11 15:59:08,60b6717f37ba6e32275200fff4346050c48fe6ad191972600fd581cf09fe069c,896278,59828.0,322.0,0.005382,1,2,224
2025-05-11 15:59:08,06a444765af44dc40774528f9dbfd0b101b9304110beff2d52943c16741f7096,896278,112152139.0,322.0,3e-06,1,2,223
2025-05-11 15:59:08,7382c41d8de43041b6b763550bc90afa0cbd8c337d2c5417a307407b9e291a90,896278,286671.0,322.0,0.001123,1,2,223
2025-05-11 15:59:08,4681c3b2d8720f9b671e96e25500dc7da67f56b68e31e747c5e6bc6880dcee8b,896278,72956.0,322.0,0.004414,1,2,224
2025-05-11 15:59:08,b0006cb92039d80233ac3ef11827201b1b87dd565ff0962c6d19e5d25cf3f342,896278,52498.0,322.0,0.006134,1,2,224
2025-05-11 15:59:08,6033d0480c9afc51cc626d914527df3cfabe64904ebdb7189b1368538f6c8310,896278,70949333.0,322.0,5e-06,1,2,224
2025-05-11 15:59:08,638147ac12cf36f6248e219fb8b74a4dd7944ec090266b690a4625d1e9f9f4db,896278,126507.0,257.0,0.002032,1,1,194
2025-05-11 15:59:08,a772e60550202ec0939d2396656a7c4a529da60c2ee26c895191281430131b9a,896278,6050556.0,257.0,4.2e-05,1,1,195
2025-05-11 15:59:08,d0dbea5ae0c8460740771698a5b828a5b0ce9e94a32f76dd4d7c89209e7c7880,896278,481446.0,257.0,0.000534,1,1,194
2025-05-11 15:59:08,48fec43be224524a07a1ee4f78ef315d9f87f0f3bc3a8a2ae0d12bc2d2486e5d,896278,38443.0,257.0,0.006685,1,1,195
2025-05-11 15:59:08,f4fb97ad5a37b9c7469b5a4d357cbe9dfcaae0c88cbae0b957b76f83b5285d27,896278,118541.0,257.0,0.002168,1,1,194
2025-05-11 15:59:08,8d1456ed7b2337928c9133c54783521a7a85d793e6a89a5f7bd5ff84c854f323,896278,292539.0,257.0,0.000879,1,1,194
2025-05-11 15:59:08,b684a1eb570051b5d0cb46a302cb6c2270223b9754719cec1720d799cb5062ff,896278,301165.0,322.0,0.001069,1,2,222
2025-05-11 15:59:08,49cb2e20cbd50a15711dfa9e83ea3e6f19f05a899446611bae425d0935dc15fd,896278,356868.0,322.0,0.000902,1,2,223
2025-05-11 15:59:08,0a5befd541ff04d205db31812c643f7bcefbeab0518e1ca331ffc3f1645a75fa,896278,309278.0,322.0,0.001041,1,2,222
2025-05-11 15:59:08,1859e96392d633b9d7f1ebb3fefa7fa40bde93378b636ba8ff889c1048173df5,896278,9999678.0,322.0,3.2e-05,1,2,222
2025-05-11 15:59:08,c6f78c9c05cda4c6036d3f0ac1a7b57014b462fd700e9225aeb65b22300165ef,896278,46966.0,322.0,0.006856,1,2,222
2025-05-11 15:59:08,6e880b3fcf222e3fd7c377d2916359ea40b80af089915c1f94cd0bbfcc97a5e2,896278,2362885.0,322.0,0.000136,1,2,223
2025-05-11 15:59:08,3cea3a1a18e6488c7519755b3fab183431ca020290796aa4489bc1ff80a095e1,896278,129697.0,322.0,0.002483,1,2,223
2025-05-11 15:59:08,80f9f0c04b4bcff17aec30d673b23c4a563ff5db7ae61b25988d51e267669ddd,896278,2063436.0,322.0,0.000156,1,2,222
2025-05-11 15:59:08,27020cc1b565a767f1970df2752465f751b5bde5b4097de41dc5146e63f12bce,896278,99779.0,322.0,0.003227,1,2,222
2025-05-11 15:59:08,07ce64a6fa0d15b440595d53b7b5f1cbc0a81765014de5ed1702c21e33fb23c3,896278,5300732.0,322.0,6.1e-05,1,2,222
2025-05-11 15:59:08,5c087b7c3c4cb4796138974bc04082f6ea5cc8c2bfcecb4f9c271650b454cac2,896278,509425.0,322.0,0.000632,1,2,222
2025-05-11 15:59:08,6863fb72541f47b46c9079f7dd72fbf73cf51003594d7e1da6e6c3b55471fca9,896278,137537.0,322.0,0.002341,1,2,223
2025-05-11 15:59:08,5015a7cd3a59c92579889700ab3feb1131f5e788a629b991dffc75ede01423a5,896278,76238.0,322.0,0.004224,1,2,223
2025-05-11 15:59:08,2aaa0a2f2fd652366aff4d18c578c66795f7c503df2b387da7c9f0f003d2569e,896278,410713.0,322.0,0.000784,1,2,222
2025-05-11 15:59:08,3f8be55e05c782b7bf1e647db4d3c9be361f25e1632d129695b9e5d08895a09b,896278,1194668.0,322.0,0.00027,1,2,223
2025-05-11 15:59:08,c6a7f3bb90b74bfa5249afd4c26473f026bc4458b1c4e22f7fe6e29e4e3a9a8f,896278,1686763.0,322.0,0.000191,1,2,222
2025-05-11 15:59:08,025ea339d6bce43c1396a5751eadc34a4616b55f8fba9dbd1bcd833ad77e7b76,896278,143044.0,322.0,0.002251,1,2,223
2025-05-11 15:59:08,65f2bb715da39e0e4f8249e11b03456061635d1eebbe988e98e471fc9b119574,896278,298983.0,322.0,0.001077,1,2,223
2025-05-11 15:59:08,f1c3327e1292b29739c521a8af8ea9c73d27d563798289d612295b4add9edd71,896278,188102.0,322.0,0.001712,1,2,223
2025-05-11 15:59:08,0182220ce95a4b2eeafc2daf4c6e0e1dd974bcb481a6b496a594dfd53c7fbe68,896278,1494119.0,322.0,0.000216,1,2,223
2025-05-11 15:59:08,4bd44c0321a678ad9b51350c1ac6b1247828f6b1b2f08b870705c5573790e666,896278,318252.0,322.0,0.001012,1,2,223
2025-05-11 15:59:08,c19e6ed74369e7a92bf2f77898ced8e3c88f86019755074e732b6bea1213ce5f,896278,2814342.0,322.0,0.000114,1,2,223
2025-05-11 15:59:08,b08a4f32c6a8f33619b175c00717a2a638b3cc91b40984d2d6ff33571002f257,896278,243750.0,322.0,0.001321,1,2,223
2025-05-11 15:59:08,61e46a19a98a04877c2793fe77999db885e140a50d05d75ec8aa134d67a45957,896278,4949605.0,322.0,6.5e-05,1,2,222
2025-05-11 15:59:08,95ed65a3e3b78311192f32c36bfab06d92ddd8e637146237c95f12188f204246,896278,179604639.0,322.0,2e-06,1,2,222
2025-05-11 15:59:08,552383b28bb53e0104ce60e735c45185148e1c556c45932baeb61ce0c2ed4044,896278,684433.0,322.0,0.00047,1,2,223
2025-05-11 15:59:08,8c7c486a1c443e16e3c6f1b8a95e338f0b5a81e10b1eb131e41d89bcc9635c3a,896278,1113583.0,322.0,0.000289,1,2,222
2025-05-11 15:59:08,0041972356ef3095ad77f041112fe0456b513b43f8ac61dc7f42357f60154239,896278,7016574.0,322.0,4.6e-05,1,2,223
2025-05-11 15:59:08,dc5eca5905822fbedfa9586dcab0b0bbd661661551a3c16c3644e7524dd19534,896278,310906.0,322.0,0.001036,1,2,223
2025-05-11 15:59:08,1c4ccd1a59238554b7f17b183fcdadf0dcec377bdb995989a3f42ce315e63b33,896278,2990147.0,322.0,0.000108,1,2,223
2025-05-12 03:41:07,9513bdee62e4ba54162d3a357926036eb605b35e036581a9780f56cde04eb96d,896353,6090792861.0,833.0,0.0,4,2,669
2025-05-12 03:41:07,2ef9ee2cadee1a41b4b665379d7669a784ec451c6ed46b126845a7b6841f0288,896353,2184258291.0,864.0,0.0,3,2,519
2025-05-12 03:41:07,0499d030e738ed0a2693eacd667963c2f449904e3b4fc20a527bbfa125c74a59,896353,562809100.0,900.0,2e-06,2,2,369
2025-05-12 03:41:07,4bd0a93ee6ae692b86aa89005ba9e899d79e3084a7183f46f98f9e87c245d5c0,896353,458000.0,598.0,0.001306,3,1,487
2025-05-12 03:41:07,b68dbd3d1b0c722e9b6772477ffa09c727c39926d7400574aa747579bd6accb3,896353,1206368.0,682.0,0.000565,3,2,522
2025-05-12 03:41:07,ee583fdc155c41d5ea9cd606d5c83d812bc7e367a110d8d75bae1eef5b285511,896353,16731111.0,7953.0,0.000475,46,1,6874
2025-05-12 03:41:07,70a3080b09f7b5f290ec1d681ca00747f18ab8de3ffc691e3d635db4520db214,896353,98178374.0,876.0,9e-06,1,7,539
2025-05-12 03:41:07,80b57924c15d7a9103ebfbb14c5a0d4da44322c642538e491fba4106e8b2f96f,896353,23215760.0,2846.0,0.000123,8,2,2654
2025-05-12 03:41:07,aba3bae944656463d3e89aea169b088b15d80556654fb2d6048faa7bd0e00c80,896353,3327332.0,1266.0,0.00038,4,2,1263
2025-05-12 03:41:07,fcf9a83bfa8726af59be87cfb0d23a7fed725430721f15e4c7572aecc1e2b637,896353,42522.0,478.0,0.011241,1,1,189
2025-05-12 03:41:07,8fcca9f46614a4c6a2bbf40c000acf011891b44a509bc0df32f096f5802a093a,896353,20950599.0,656.0,3.1e-05,1,5,340
2025-05-12 03:41:07,55b8a3372f43496c62f633f91c27334af40aa5f11846629954831e0621d6bd61,896353,1155.0,480.0,0.415584,1,1,189
2025-05-12 03:41:07,a2e4f7679b7798f863bb29fdea1cb0e325d32023e6fde36d1a0022b38135ab3b,896353,207932.0,546.0,0.002626,2,1,340
2025-05-12 03:41:07,320b4ae93218f91af89c51f477471d1284f3d35d996e691e8103d32f34db95ef,896353,239046.0,284.0,0.001188,1,2,224
2025-05-12 03:41:07,3b160f0a6a540cc67668a63c1339bc76c3d5df12f95759bc666b513aa68af43a,896353,4233.0,493.0,0.116466,1,1,189
2025-05-12 03:41:07,809b08794bf5fe5ee4f21e972a53e12142ef51ead0047b52074508bcb886e873,896353,53530.0,627.0,0.011713,2,2,371
2025-05-12 03:41:07,bb1b2eaddc96bc6cb58a01246fab5b5d66a5786f45045c5c362da7d5cecf9b5f,896353,9454444.0,467.0,4.9e-05,1,4,287
2025-05-12 03:41:07,950fcb982ac5398f2dbc9386760939829710d8d516b1df8fbd7476505808674e,896353,57798.0,290.0,0.005017,1,1,191
2025-05-12 03:41:07,335af9e0025812fc0047aa04feb8a5453b3d9b997301555d138ab18f98ee4098,896353,24783048.0,4892.0,0.000197,12,2,1846
2025-05-12 03:41:07,cb9b48b8384a4344325c3c6b727a9d5162d66a5066e69e45e3c03be8e30ec7e8,896353,31705.0,546.0,0.017221,1,1,192
2025-05-12 03:41:07,8ca94a4b3c94ef366f859b94d95093454673ba49ceebb11d0dd79a3c15d4b261,896353,517086.0,210.0,0.000406,1,3,257
2025-05-12 03:41:07,3b4f3d317e5c0f66995feb580937d72eff8d49f32887f43446513d164e741347,896353,152579.0,529.0,0.003467,1,1,214
2025-05-12 03:41:07,ae56cf53b05f316b00402762172b367dc66ee2abe4e409398602888a8051c4bd,896353,153108.0,331.0,0.002162,1,1,192
2025-05-12 03:41:07,27bb93b81176fe68ed1205409263b250cdb0e82574765aa88e7e17d39128f418,896353,580283.0,163.0,0.000281,1,2,223
2025-05-12 03:41:07,ff08ba53f479753e4ccf21e0b058919e491daefc5d496e242ad466fdfd648ef6,896353,362828.0,504.0,0.001389,1,1,188
2025-05-12 03:41:07,6a9624f36f1a94b63ac82ae71ee92e368fa252e92ba951d96e1a225c4564d1f5,896353,656321.0,944.0,0.001438,4,2,514
2025-05-12 03:41:07,75caf0e3e54c64eb2c81b9572b0cd249f0177890b27423ad07d73ec4b7de8fc7,896353,274861.0,284.0,0.001033,1,2,193
2025-05-12 03:41:07,64df1f0660ac518daf2ff2bf376a789fcfc6c4d8d39b585211fb82f807886a8c,896353,8661.0,506.0,0.058423,1,1,188
2025-05-12 03:41:07,0bf91261b8622509e2ae362a669c704a2bf2d91fb6d915bc0ac3490b9b04a3b7,896353,12184.0,627.0,0.051461,2,2,371
2025-05-12 03:41:07,073d788fac651ad549a2b6312cfa247f23e29cafa5681935cb5f0b1d7a9df289,896353,12303.0,322.0,0.026172,1,2,222
2025-05-12 03:41:07,23d0b370c7ab34ba35890b4e9016ca6fb26c1f186792f8be28fa60a050251ed4,896353,84550.0,450.0,0.005322,1,1,192
2025-05-12 03:41:07,5aae339a62b8a0fda7765708c5508d301d12ee9e14279a7ca246f669502c5e6b,896353,75966763.0,1121.0,1.5e-05,1,12,548
2025-05-12 03:41:07,bc8b7b23790ea1f2853e95604b957c0cf1032a3c52768bb767a24983059e6b03,896353,120263.0,916.0,0.007617,2,1,336
2025-05-12 03:41:07,16f14996c567704fec4c9cf0ff44b2d3b45158cc2489a12138f978c3121cd4c8,896353,5072.0,804.0,0.158517,2,2,429
2025-05-12 03:41:07,c124e129f31eb1de263061fefab843d10031ae9c530edcbd73869395c1b068aa,896353,5938.0,531.0,0.089424,1,2,258
2025-05-12 03:41:07,02f53a7ba33fbbdc035c04191555d6c668f29a36bff2285b92847159d1ccc642,896353,5938.0,531.0,0.089424,1,2,259
2025-05-12 03:41:07,3b284ca3adefb69b692c47f568c0e6c7f4e1bca8f5c5253761a7fec003c4ebf7,896353,9469.0,531.0,0.056078,1,2,258
2025-05-12 03:41:07,c464124f6b3cb5959b00618d6f65a062b065b3ee7d63d2aa345833f31fa5d452,896353,9469.0,531.0,0.056078,1,2,259
2025-05-12 03:41:07,40cb4b694bd5cbe315eb3c330705f1e1f2c47f0a6a1bb263cfa720d56537eb89,896353,19644.0,356.0,0.018123,1,2,259
2025-05-12 03:41:07,afc238b788976dfa50cdb7d56622f3a8c5f11a0cfec19c023522d35945d87d09,896353,17202.0,356.0,0.020695,1,2,259
2025-05-12 03:41:07,388acbb7579b572ab62e2f6354c1f6994c9532dd088218320f68c36bc1f3321f,896353,92400.0,373.0,0.004037,1,1,217
2025-05-12 03:41:07,8f5f07fec0b973c5136ec6e13c0b01585d0ee6de0f1528cc514b9f656267fee8,896353,26634.0,421.0,0.015807,1,2,235
2025-05-12 03:41:07,8b2ba89cd635425a5672794642e4b235c774f43e06b6a3a95a0f5155f32f996e,896353,11847404.0,731.0,6.2e-05,1,6,347
2025-05-12 03:41:07,14343d6eb894de97f2f9c7c0afe5b087ff52a80a410840c3ee37a89b8c5ce37c,896353,181683.0,305.0,0.001679,1,1,192
2025-05-12 03:41:07,e4405bde5aaafd538ad7e8c4532fe05e42c4e7549056733e0e696a3d4d5eb9f8,896353,206445473.0,394.0,2e-06,1,2,222
2025-05-12 03:41:07,48afd9e2a5fd24b62e437fcb6455f4f8dc27e92f725ba174a6daca9bbcd1006f,896353,467613.0,387.0,0.000828,1,1,267
2025-05-12 03:41:07,8c8d22e5f0df85ebe805a93881f2da90fd3b416d8f2326d0498238ddc2e7354b,896353,467613.0,387.0,0.000828,1,1,267
2025-05-12 03:41:07,cdead69995d203ede781c789814157bfc669fd542ec65911a9fa6ff4bf8fb316,896353,467613.0,387.0,0.000828,1,1,267
2025-05-12 03:41:07,b3dc704a050e295d074be229907b0be4ef4a323587ab578b1ed9e2e51f1d9706,896353,467613.0,387.0,0.000828,1,1,267
2025-05-12 03:41:07,628f8477c96de47809ee184679326000ec92918c7a17fe2003f6e987249020f3,896353,1433076.0,1188.0,0.000829,1,11,504
2025-05-12 03:41:07,97280343ddbc4a11515be076efc052738b7ec368aef3f296e859ce1536f5797d,896353,712193.0,951.0,0.001335,2,1,337
2025-05-12 03:41:07,f00fdf7ee0d81bbd0af4d2ac6b8684b44d4cb9195e2863ed89bd33fa846319a6,896353,64895844.0,760.0,1.2e-05,1,4,346
2025-05-12 03:41:07,969d934d2d483766e47027b7baf5c491adcaf5b0ffc9f1788c70f73b904eb616,896353,7556757.0,502.0,6.6e-05,1,3,254
2025-05-12 03:41:07,2f21f12878c27f25c567b8c5a1ef650fefee2c67f22f4f6ee8f018a0ddc5dcef,896353,561077.0,525.0,0.000936,2,1,340
2025-05-12 03:41:07,1bedf3101df1c62188ee4fb3ca6562ee64128352fcbd5d1b67ee72ba121b6e66,896353,151276.0,417.0,0.002757,1,2,223
2025-05-12 03:41:07,1477aa06aed7ed9796c6ed18d86e824141cfaf1fe029a4599c380fe5cd0d44a6,896353,168895.0,417.0,0.002469,1,2,223
2025-05-12 03:41:07,cd586d94f0b447b7472fce2f234f2f2c288938730753f3bb55e01607c087a2e1,896353,130470.0,491.0,0.003763,1,2,248
2025-05-12 03:41:07,98b3bcb61fdfefb54874aa63263f5d60bc23be0999ef09e5af7269dbb52b818b,896353,87973.0,426.0,0.004842,1,2,225
2025-05-12 03:41:07,a110ab45875c96222eec3c7a7f5dcb010901fafd41ad16c8c8b38db96be76291,896353,316345.0,621.0,0.001963,2,2,372
2025-05-12 03:41:07,05e5009c38e37849990ec8fff3c79e6bd5c56cae2e3f10d5ce1d2dc4c3e8f247,896353,1101059.0,621.0,0.000564,2,2,371
2025-05-12 03:41:07,cc49a7f4d8e5c9db7944e9bf2ab6ec2f3d96e79fcd224f46d0022c2655d8b2e7,896353,41531.0,419.0,0.010089,1,2,222
2025-05-12 03:41:07,8c211e1f0e1c7009230ea47e97473d56de7d40b17c4085e3b2b88216f1d550dc,896353,106969357.0,419.0,4e-06,1,2,222
2025-05-12 03:41:07,003e6741c88ac9d2c04ed571ce488743a6236ebf3032d250023ddd54de152edc,896353,317046.0,419.0,0.001322,1,2,223
2025-05-12 03:41:07,f37a4283e0495172b958fbf344ee18d63008ed21d30647cca2f7966b9e513dd3,896353,1404908.0,419.0,0.000298,1,2,223
2025-05-12 03:41:07,9e1f0539e388ea9833a21d52ca63582883e18e00503146accf9e212af272267b,896353,16408934.0,419.0,2.6e-05,1,2,222
2025-05-12 03:41:07,f8f73a5730cb1eaca35fa001f42cda0740ada7d6d34d9183e33dea55961d615a,896353,4684462.0,419.0,8.9e-05,1,2,223
2025-05-12 03:41:07,a0ff62ee24c80f64686cf06143d9630bad55b55b950f939ddc6081ef0b7e1320,896353,232358.0,419.0,0.001803,1,2,223
2025-05-12 03:41:07,05c0db5bf17ba243340158529745dfb77912467254adb1a6eff222ebbffae9c5,896353,416187.0,824.0,0.00198,3,2,520
2025-05-12 03:41:07,b814c65de28ad05b175ed79411f2ae613c79011e4223c241daeaa57d359653a2,896353,7761377.0,2849.0,0.000367,13,2,2007
2025-05-12 03:41:07,f03631a18684949af682a05bbe07ef541fc5aaaa4348bff4e207dccac962cd18,896353,1781559.0,632.0,0.000355,2,2,375
2025-05-12 03:41:07,d93e35105e0fa1aa5e7c7685e08d1c4c341d72e3f4495f42e8b305518b3f4342,896353,4695394.0,659.0,0.00014,2,2,383
2025-05-12 03:41:07,8b0c5d6b1faafbb089493c1cf1913caf2eb0657b36ce9f08627855afd75ee689,896353,391296.0,504.0,0.001288,2,1,269
2025-05-12 03:41:07,3d3992f390a3ca7cfebac2f5615360f83624af8e5e6f837267f36c3f04cfb111,896353,391296.0,504.0,0.001288,2,1,269
2025-05-12 03:41:07,e54c6446144893bd292715efc16715a122f904f5b25c200e5e88e00a20c59935,896353,6893867.0,2849.0,0.000413,13,2,2003
2025-05-12 03:41:07,95966dffc3d55b7506f07dd893caf9d00c8b0fc2a287a4c4383d64e3bead4803,896353,18357245.0,3462.0,0.000189,16,2,2451
2025-05-12 03:41:07,4d41a6a122aa5c837a14b70675c0bac6c5cd3990202205b6bd0511d1611c9d7f,896353,116455.0,421.0,0.003615,1,2,222
2025-05-12 03:41:07,d4f86006d8ceac542f602282eace117e6d6a98af863ac9fac6889c3cfa24fb44,896353,3047981.0,421.0,0.000138,1,2,223
2025-05-12 03:41:07,1c023b85aba0eacb59a2c983bd6fc6263923f1cc7f5450f791d7e8ebf15c2930,896353,1618637.0,421.0,0.00026,1,2,223
2025-05-12 03:41:07,f9ec3fcc97e002dc4656d95c5f337f9d72bfb8632f271feb61ed847bd62dfa5f,896353,981635.0,430.0,0.000438,1,2,226
2025-05-12 03:41:07,b1ec6d7e3d7a1cffd427a272d1518added768638bd2a2b17bfb8c2e15a36894c,896353,166340.0,430.0,0.002585,1,2,225
2025-05-12 03:41:07,4044545dfebdf6c2ceb7988d2e8197ea04ed830233c0538fd2af1ce8ec236d10,896353,9166.0,433.0,0.04724,1,2,226
2025-05-12 03:41:07,8e51cbbf2a8d33bbcf044cd30dcd22a9d1e27f960ff14cc00274d7574d143604,896353,6429891.0,1640.0,0.000255,7,2,1113
2025-05-12 03:41:07,a99ffbf748ae8826fd27bc60f3c0f17798dc405c8c69454a7f0b46cd106d9398,896353,56480.0,490.0,0.008676,1,2,246
2025-05-12 03:41:07,cd06abf5faa5b2cefe9451ebd3f15efb43bfdc39873f33699e0b947dbd33ed07,896353,1112241.0,744.0,0.000669,3,1,492
2025-05-12 03:41:07,2f76696bc1d0bfd32f453c4b9d6dd29ad95b67da0d71c409ae02c6ac84f89675,896353,3979764.0,425.0,0.000107,1,2,223
2025-05-12 03:41:07,617dfa4834e79a7bd9456b708cd54a5ed1ae86ee48fb0ba15e67a5db6c650b42,896353,28886569.0,425.0,1.5e-05,1,2,223
2025-05-12 03:41:07,0b3e29afafcd538a06725af8a83daae19ff1c93990ef2b69edb07b1f63a0fc1d,896353,26796812.0,425.0,1.6e-05,1,2,223
2025-05-12 03:41:07,9121d838a7f3c581afc892684d2b1183e37a52ff0e0dd68c8421867ef0c58168,896353,8247695.0,2664.0,0.000323,12,2,1857
2025-05-12 03:41:07,d863e696b328212d02c6335c4e38da5cd73cc809aba86e70bf938d4b0beb8012,896353,5896819874.0,13392.0,2e-06,31,5,10356
2025-05-12 03:41:07,7c68f6ea100d6d0960f8b3b2084f1c31faf580df63ad536f82feffb53d02e0f7,896353,330.0,462.0,1.4,1,1,331
2025-05-12 03:41:07,a62fe1a0830fab03cd3926798b3138fc192b978e5477aac508afd4cdfdd720f7,896353,799577.0,423.0,0.000529,1,2,223
2025-05-12 03:41:07,1e6a11bf37cf74b288abe87c8a78bf59dac5d711d60395e67dcde57b87d9e9f0,896353,964517.0,636.0,0.000659,2,2,374
2025-05-12 03:41:07,2634670554b990775b44e0b8549b63239bd889807827ac2afc3197e51408b1eb,896353,330.0,462.0,1.4,1,1,331
2025-05-12 03:41:07,b511bb4debdeae1ffc9fab776736d4555a145424f8057043f842e4c51c9909e8,896353,1003539.0,663.0,0.000661,2,2,383
2025-05-12 03:41:07,11198cef4069fda0986de57a4c75e494948ed7cfdf4dc23208457b342e8aa2da,896353,100375.0,459.0,0.004573,1,2,234
2025-05-12 03:41:07,35b759e1b435e6f270163eadb831a18e1cfff2bbf60815bfa3a32962dc7419d9,896353,30048530.0,888.0,3e-05,1,7,378
2025-05-12 03:41:07,836f3028f5967834c38d5d59648ab24b7236f75f07bd02214d25cf067f02acd8,896353,45970.0,333.0,0.007244,1,1,162
2025-05-12 03:41:07,079fa39047added998b39a60fc13afaf70246abb5d893bd49b99aaff1afa19d4,896353,1221191367.0,618.0,1e-06,1,4,287
2025-05-12 03:41:07,1e1666e941b52c10edbea1f6133bf7070c7a35584299f02c514b29ba2d6b6ed3,896353,256450.0,981.0,0.003825,3,1,570
2025-05-12 03:41:07,6efbde0c7955eefeb2fee5372b4db4e7143723ac9fa19178e42e1e3fbf97b2d1,896353,4772630.0,795.0,0.000167,1,6,346
2025-05-12 21:13:18,0ff863533c82db0ecd008f2356f8ad01bdd1abf6e5be145193a094a9eb437b0c,896458,13053.0,1221.0,0.093542,1,1,192
2025-05-12 21:13:18,1fb3bcaf77bd35ccc2ddde87b7592bba3eecc4580a70c34f0d41c74b71cb6ba6,896458,133067.0,2294.0,0.017239,2,2,370
2025-05-12 21:13:18,d5402e902bb89fdfd31f3fd4150bd39b78d60c8cd1d0d029a0b7dbc89a62a1aa,896458,38562252.0,2860.0,7.4e-05,1,5,341
2025-05-12 21:13:18,ef641b5304feded1b245e74de5edc2a78d474742c50c148633fb1751332037fb,896458,2873204.0,2343.0,0.000815,2,2,375
2025-05-12 21:13:18,53790023ce5d454289653b412bd794c72e012e4a28145da4e6a898a14f1b17e4,896458,366948.0,2343.0,0.006385,2,2,374
2025-05-12 21:13:18,71c44644ac5d5ad43205617495cac344b7221a823bee76ce996dc3eca0cbf8f1,896458,111433.0,2310.0,0.02073,2,2,372
2025-05-12 21:13:18,9fdbd44baf6c7bdfd9255b1708e5dbc56cd9f17185f40657ddd89ab4695cb66f,896458,265200.0,2310.0,0.00871,2,2,371
2025-05-12 21:13:18,ac69873866bbbd1dbcdf43ca3e73ac7bb4f3b2822250d77a7237122b4400d6ab,896458,6930000.0,7992.0,0.001153,10,1,1526
2025-05-12 21:13:18,9eb97044d0f6a3ce62a22b71eb8e644df4c5bbf20b5c04f430140c3d8ba24c29,896458,81739.0,2321.0,0.028395,2,2,371
2025-05-12 21:13:18,7b4ceb07472b4c454a5b7bf84086fbe4cee9a90c61f3f237967ac39c35151cfb,896458,1945081.0,1601.0,0.000823,1,2,225
2025-05-12 21:13:18,44d1a04718ef1e51aafb0344aa42538720e79641b3205e2291c59587e65e9724,896458,571859.0,1601.0,0.0028,1,2,226
2025-05-12 21:13:18,a074eaedc7c2a0fe20d0d00bd654937fb3ba44f4ba967e10a5a11049406cd312,896458,16029901.0,1601.0,0.0001,1,2,226
2025-05-12 21:13:18,da008df898cfb619c00456ad6fc9858b54a21afba243faebcb018bd33334cb94,896458,225423178.0,2486.0,1.1e-05,1,2,223
2025-05-12 21:13:18,a3dce1c5570c93c30d3dfcb260b2361881f9c3717b373c87607d8a7039e93d69,896458,4671906.0,2486.0,0.000532,1,2,223
2025-05-12 21:13:18,bab743dd709c1bb5878a854cc0bd67b754d12c94b27a9dcbd46e9196807ecc1b,896458,502842.0,2636.0,0.005242,2,2,372
2025-05-12 21:13:18,364f750ffe442a3c44d7a2a6226ae202c753f2565cda5bdfe5de55445db7d66f,896458,1172239.0,2622.0,0.002237,2,2,371
2025-05-12 21:13:18,f3e8122b80c78e73eca16ff92f9740c7fbcb3641144f8e70e42a55b1e61c18ae,896458,875806.0,644.0,0.000735,1,1,192
2025-05-12 21:13:18,295d2fbe12f8a2618b2f58dfb0153c3078f25efd286a68c416619c7fd95497dd,896458,34557993.0,17490.0,0.000506,22,2,3339
2025-05-12 21:13:18,3ec681d41701317a1f1d2e61398871243411afe8104b89a29b075a53f5d78d35,896458,99000000.0,7294.0,7.4e-05,9,1,1379
2025-05-12 21:13:18,3c68191eec0a986945178f23e965aecfd1cbdefb2effddaf2cf2b4b062014c86,896458,1025810632.0,1925.0,2e-06,1,3,254
2025-05-12 21:13:18,c5728cff800e184b6fc7d324c759a0f449655f20585cd23a2fe8be3046beb9ed,896458,826349.0,1581.0,0.001913,1,2,223
2025-05-12 21:13:18,2b11729d45969b5dbc8ac70fed336d27c42d8794c9c3320fd07a43772fe31feb,896458,1025810973.0,1584.0,2e-06,1,2,222
2025-05-12 21:13:18,b58fd12b4e13e7ecc030312d5de752ef870ad4a78d0db1c13e33f29d03014680,896458,8765.0,1275.0,0.145465,1,1,194
2025-05-12 21:13:18,3a92d557f787b4fc1f0ec8fd4172fb8e47becebccbbaeae88ae9dc104fca1139,896458,200000.0,7682.0,0.03841,7,1,1243
2025-05-12 21:13:18,7926b066ad27777ea60fd346d46ebc4e39eed22859176127268fcf83dc807cce,896458,40413.0,2514.0,0.062208,1,1,192
2025-05-12 21:13:18,f08dd4b2be0970ffb16184ae1e306772cd518a03a23fed241ebea741e0231aa8,896458,18956710.0,338.0,1.8e-05,1,2,223
2025-05-12 21:13:18,0dc51b3536ba0066f18ea508afd894ad52d1f1d2b923b342617d63e57847dfb2,896458,94933102.0,4829.0,5.1e-05,1,9,618
2025-05-12 21:13:18,8d8c195c4421f2d3f32e3786270b8a33614d1837db980f6948be50beb4eb1ab0,896458,481297.0,3235.0,0.006721,1,5,476
2025-05-12 21:13:18,c1328f72acb6373f59b11d0dba150ddeff2212e5a43d3eabd827a9ad7d2637db,896458,291491.0,2896.0,0.009935,1,4,447
2025-05-12 21:13:18,a611e136a34d578d8d3175f1d980de717ef96f055151d2adda898ff4132bbbd3,896458,67488412.0,2511.0,3.7e-05,1,3,412
2025-05-12 21:13:18,719f2844f2f38927cd0bf4f133b2490719eb8160119b560492d584d883735b8b,896458,3932857.0,2511.0,0.000638,1,3,412
2025-05-12 21:13:18,43fb9945656443b5339d4acbff3d78de48a7f674ba236bfff2aeb15bb8d31487,896458,274557973.0,4886.0,1.8e-05,3,3,1001
2025-05-12 21:13:18,f31831c17bfe516d2142de30d3455399b4dd80995cba72ab70d66ea76b92af84,896458,2307414.0,2523.0,0.001093,1,3,412
2025-05-12 21:13:18,9d94cf92cca2d18e9bb16d77c5156592fd5238d10e6de67abfa14a8dff229817,896458,58909296.0,2285.0,3.9e-05,1,2,393
2025-05-12 21:13:18,ecc413618a69b74569b7d5f0a97acd5c9a75cd5b5aa1a8f89c272a9f28659688,896458,29450121.0,2161.0,7.3e-05,1,2,381
2025-05-12 21:13:18,e26e2752594029b4f7ad0fa072db9b2245abfd0ced65511e98effd35555182b1,896458,70556166.0,2184.0,3.1e-05,1,2,384
2025-05-12 21:13:18,3cd71eb5f183f8ca05bb7e928f5ef62bb4dffcc498f7c7c8decfba105c0a3afb,896458,75502606.0,2150.0,2.8e-05,1,2,380
2025-05-12 21:13:18,be8e421b1ab6266da6dd1c2c48a183a461f0ae2a32291a0f707d3342307bb0aa,896458,228309174.0,2150.0,9e-06,1,2,379
2025-05-12 21:13:18,d644128d85ab1596679a3ef40f80b29ce25e6cde407a3bfaf924b8281d7f858a,896458,53790934.0,2150.0,4e-05,1,2,379
2025-05-12 21:13:18,e5204ef249152c299aa6c5ba77e56a22b14a00a98a0489b2d60067eb2a45ed64,896458,4497218.0,2150.0,0.000478,1,2,379
2025-05-12 21:13:18,bbc37f43fc454952ebc5b4425e7ca55544fb80328018052a7c635e9564144a62,896458,5973919.0,2150.0,0.00036,1,2,379
2025-05-12 21:13:18,23b8bbb45b60b2cc934602280ab5809fa720e30ba80c84a5be9bece05f3fba1f,896458,4880153.0,2150.0,0.000441,1,2,380
2025-05-12 21:13:18,0660498a624fe5ccff682e2c2bdb8325ad5b75027956e08e260ada0f1d27c61c,896458,3399337.0,3687.0,0.001085,2,3,705
2025-05-12 21:13:18,50e97d8af4d76c2bf9cf8c82e23acf8a2e71f4c8233416e9f968bb9b385685cb,896458,6037126.0,28382.0,0.004701,21,9,6480
2025-05-12 21:13:18,d9727bc82adadf74c17a8ef101d0b5202faaa8773065e9191cd37cf122041aaf,896458,6055334.0,3371.0,0.000557,2,2,677
2025-05-12 21:13:18,e3a5a11c0d64de6ed64ccb016e9271277c1e330d2663c340a8506304c3580d38,896458,7491831.0,4920.0,0.000657,3,2,1001
2025-05-12 21:13:18,784c12a0c9559a600ca73481ccf11a6ac6375faf44c327f333c555d62af9769b,896458,1715636.0,3337.0,0.001945,2,2,673
2025-05-12 21:13:18,6cf12bf715b633eff12933e76138ba46f25d6586353ff244879c3cb7c1b1974d,896458,312585.0,1375.0,0.004399,1,1,192
2025-05-12 21:13:18,4f9a2b809a5c13dc672348acec12c34c836a047d48cb6a70d8c9a8e2966e7c7d,896458,139437988.0,15288.0,0.00011,1,39,1542
2025-05-12 21:13:18,2d7e7f08db88e36a5b51d749d1b0beb98872c13a94cdaf497df492ca5c77bdac,896458,104300.0,1518.0,0.014554,1,1,214
2025-05-12 21:13:18,6165d26397eff338d6f6f92706bff30edddca7092c95c4a33dc76626cc904ad0,896458,2668655.0,1919.0,0.000719,1,2,249
2025-05-12 21:13:18,d48c8858b302bec4514ca2421d1e63ac1a5ffc16484a8e486fceef80206c7b7d,896458,40404.0,2489.0,0.061603,1,1,195
2025-05-12 21:13:18,527d69adb2084eca74992bf67aecd971b21fb89b708ef757a223a4b97ff7e5c0,896458,44096426.0,1332.0,3e-05,1,2,219
2025-05-12 21:13:18,86eecd917d87ab2af66855b1f223b326c4253a2b43174281c8a0f01bed971a59,896458,15443.0,1412.0,0.091433,1,1,204
2025-05-12 21:13:18,2daeaf014536a7ff7023d5e9e7eb4b5b374a7a610ac906ad1ad552a4d55cd201,896458,77778255.0,9945.0,0.000128,1,22,1050
2025-05-12 21:13:18,76b6d54dc546cafe642eb35c3dbc77f3346deecac1007ae6dc4015df25367373,896458,1968705.0,11737.0,0.005962,7,8,2344
2025-05-12 21:13:18,616c0b147181c3bd930931cce2b09ebe5b2ad890280053585016f575bfa8bff1,896458,112873879.0,2198.0,1.9e-05,1,2,380
2025-05-12 21:13:18,3c550f90656e1e42130d4cb80d31f1472d2cefa343d80e49707b5c546a4ac43a,896458,256310.0,3000.0,0.011705,1,2,256
2025-05-12 21:13:18,24bb809d4cf9049bef648df79b20abff9632e20450bc894316bdcc2fa6101e73,896458,190403.0,4448.0,0.023361,1,2,222
2025-05-12 21:13:18,d95082315ea883ae5ff2071d119883f006e164866913aceb1dc8c7ffa0d91f77,896458,461931.0,1204.0,0.002606,1,2,222
2025-05-12 21:13:18,2d97d10f6286cefa1519021de0a26815ae9d35f9a2ae07c4c8cea5c2e97add9f,896458,589963.0,1204.0,0.002041,1,2,222
2025-05-12 21:13:18,58756db90a1ab7a8bc233ef6126fc532a8c83b5202fb3999c01f09016c1682f8,896458,116617.0,2625.0,0.02251,1,1,193
2025-05-12 21:13:18,948d2f27fb92a11805f354bb76689118b6ae1bf7e5e5b92b165466814bb77e5f,896458,13621513.0,338.0,2.5e-05,1,2,222
2025-05-12 21:13:18,019869a902ada19822085e1eeb180f3f828c574b832532d52055fd276a58c34d,896458,417437.0,1799.0,0.00431,1,2,235
2025-05-12 21:13:18,94bf08b8d0b8a4239ca3332cd6e6b000a36bd36662315f6d8a6e25aaf6651193,896458,163389252.0,2496.0,1.5e-05,2,2,374
2025-05-12 21:13:18,51daf85dc3fcebba928ab9645a8a53d5440d2401309e743a4c4eb79b29b5cd98,896458,43843.0,2105.0,0.048012,2,1,341
2025-05-12 21:13:18,ce8a1bfb83825997544ca36f267ac30b2461d0a7c0e1e582d7247f2f4c3f5666,896458,181119107.0,2496.0,1.4e-05,2,2,373
2025-05-12 21:13:18,c5835ebf73877b54663857acbede6dc6e91db1f1504c7f11222bca4113fe0297,896458,18162303.0,2477.0,0.000136,1,4,290
2025-05-12 21:13:18,73378ae34cebb958cbfe3177e8de521c72413a892bd5682a66a01e51eb7b12c5,896458,128770379.0,2256.0,1.8e-05,1,2,379
2025-05-12 21:13:18,c3bdd44a814158f9a8e8b15391ddb4ca4c4c56511acda99e915ed7bea26a8f39,896458,99383.0,3297.0,0.033175,3,2,519
2025-05-12 21:13:18,f6b85697632449179d21eb5940ec2c7230690524bef2c02eec5746ef2b3f78df,896458,40340661.0,4797.0,0.000119,3,6,645
2025-05-12 21:13:18,cbcda15573ba7bb3cd6e503b35d0b5795a21d083c9177ec4a1a2dec4e8018dff,896458,175265.0,1352.0,0.007714,1,1,195
2025-05-12 21:13:18,607f826b4f814fd86eac3f74a32e9c17016f57241cd37cd519ddbe175117b454,896458,86716.0,2156.0,0.024863,2,1,342
2025-05-12 21:13:18,105d782404c1626bf010a679c767ca2a2c8e9f65d4f7a90874bf4ff3cde6e0fe,896458,1337.0,2064.0,1.543755,1,2,311
2025-05-12 21:13:18,67f102cb11c54e97a2ab314797891997862ba80b6f2ee8ec25af971319bf03f4,896458,4252360.0,2436.0,0.000573,1,4,284
2025-05-12 21:13:18,f5d10b1d27be3767c828306963b6a3659987245ef775fb55cb3d9e63464032cf,896458,38080500.0,1692.0,4.4e-05,1,2,222
2025-05-12 21:13:18,3c0e09cb47da68b33490f4220ab1bbb8f327a609fead96312578d15481c51fca,896458,2426100.0,1692.0,0.000697,1,2,222
2025-05-12 21:13:18,1c1be2b152cbd5ce5fb94921ff4b19d57d70b9ef1e5f8f329a984868d5d4fcc7,896458,486886.0,1692.0,0.003475,1,2,222
2025-05-12 21:13:18,f0e46fdc189109d6d422d974567de0cb67b34e040ac22b2b3eeb0cbe1a04dfc4,896458,1534676.0,1704.0,0.00111,1,2,223
2025-05-12 21:13:18,32a1df926f713c73c6f3a9da79b7dd9450509c9d0189bbec7a3167c9e27698b5,896458,702856.0,1704.0,0.002424,1,2,224
2025-05-12 21:13:18,4df72f661dd4cfb89485a99a346bfdb29deaefe7e3a247416ed45e9968ec81a1,896458,138269.0,1692.0,0.012237,1,2,222
2025-05-12 21:13:18,5553b62e76d86624a5786aaafc732ec3866d128412984435658ea28cb42a4a9e,896458,248711.0,1716.0,0.0069,1,2,224
2025-05-12 21:13:18,b212184f61da3606b93abf6d1e3643628b649647760525f71271763c3347209d,896458,22158.0,1848.0,0.083401,1,2,205
2025-05-12 21:13:18,bbe25cfb2499dc665e3b600448746804e1bdf681d40f68ca0f725241cb5e6294,896458,2500404.0,2676.0,0.00107,1,2,223
2025-05-12 21:13:18,9c9cdcf1289dcff4a095d1dc4f137afac46570e7114e666f87daf2e391c8978a,896458,128886.0,1704.0,0.013221,1,2,223
2025-05-12 21:13:18,6365b5b7946909e5cfdb535e44f253676422dd1ad8f97f7b3d5d6442c4aadc87,896458,194620.0,1692.0,0.008694,1,2,223
2025-05-12 21:13:18,964caa813912875f2c1140174de765db7e5d538a8533bc5677279430bae33f7e,896458,150449.0,1692.0,0.011246,1,2,222
2025-05-12 21:13:18,050a6fa2daeadc101efcb0085f712ad881cd268f2b389cbadc09858fe0f8e670,896458,182161.0,1704.0,0.009354,1,2,223
2025-05-12 21:13:18,e007448fe7a73520b711427df6ee5737a7bc6ac65a28abe63ad504cf661baf6f,896458,1033841.0,2652.0,0.002565,2,2,384
2025-05-12 21:13:18,36066b78f7fceb55b8d1eb082622e2a011e76009e44961ac4d0fab11c792286a,896458,1069081.0,1728.0,0.001616,1,2,225
2025-05-12 21:13:18,8b272382125bbf42986f3724751690b7d36d8c2baaaa9607c837cbf3eea0395a,896458,1242040.0,1692.0,0.001362,1,2,223
2025-05-12 21:13:18,d137a7df07d9273343b30dceb6529f358d51ce9a6e66454f80c04da4cd4d4a4b,896458,1146190.0,1692.0,0.001476,1,2,222
2025-05-12 21:13:18,a7dfc0f7940123a74ee99f415db7bca5018d244f3556819e3b045e5e15939921,896458,505673.0,1692.0,0.003346,1,2,222
2025-05-12 21:13:18,b69bb1ec3d88e0c43eca842d4da903518f6d215d48dba54b8a413b6290805911,896458,4327528.0,1704.0,0.000394,1,2,224
2025-05-12 21:13:18,97a6d0eec6066b9bfd2e7682ee12f1bf1f9b6f954e06e0b054fc72dc8e4adafc,896458,2822936281.0,2544.0,1e-06,2,2,373
2025-05-12 21:13:18,9527cdb16bdf802752c2443267aa6f54ac1a341ca45582f7e44bc117d9c3339f,896458,405572.0,1692.0,0.004172,1,2,221
2025-05-12 21:13:18,d7cd91dba228fe853588d3bd40e85b51d48e87cb741f039a84240d59142622fe,896458,97123504.0,1344.0,1.4e-05,1,1,162
2025-05-12 21:13:18,a1b0c0cb3362f4c25c35757215cdfbf1d13bf92e5b4ed8444e6987d352493a51,896458,589588.0,2156.0,0.003657,2,1,340
2025-05-12 21:13:18,8f13672e3cf58e2b98329df5aae51bdaf26ad5f969eb72775b5f2cbdda685ac1,896458,66178.0,1375.0,0.020777,1,1,194
2025-05-12 21:13:18,fd4de6f716ccdce78cd3890b55c14f43809124e0a28b3c818cf762b6664ea877,896458,1218097.0,1375.0,0.001129,1,1,194
2025-05-14 19:23:31,5e4273d1f02d8156fe321cc007ed4ef60695bad54edb7d72ae156b5c19737c6d,896711,2087024.0,838.0,0.000402,3,2,521
2025-05-14 19:23:31,f9a9f8f576f80a1b866c107b81a27422f9ca432e0500085b0366a4a4cb7e925d,896711,1057226.0,838.0,0.000793,3,2,521
2025-05-14 19:23:31,1958b50480659aa44f53ca8d4a00857728669fc4a73cb031c78d7c54a5c32910,896711,1027579.0,838.0,0.000816,3,2,521
2025-05-14 19:23:31,1b2f284c713b995619024b56d957054837ba9bc5836ed1cb486b503d33d93c8c,896711,1144472.0,832.0,0.000727,3,2,519
2025-05-14 19:23:31,bf355f8dcd07dde2de162f564f4d0103cef1c2d1f263e06415442d01dc8c8541,896711,294030.0,829.0,0.002819,3,2,518
2025-05-14 19:23:31,8f93e430932bb1ca133a5b34a27386cba04dbbd8193f3a1f7d7bc95396cc232c,896711,1101342.0,829.0,0.000753,3,2,518
2025-05-14 19:23:31,db7b064983ed0abadc7527eab8ddd9ede72778c56bbe7c6d4525d592b64f1f79,896711,1194182.0,625.0,0.000523,2,2,370
2025-05-14 19:23:31,2c4bcb78918f82f4ac506fbb7bc915488e25c8464571f34755e4ac852d587d45,896711,1381008.0,625.0,0.000453,2,2,370
2025-05-14 19:23:31,4cb6f5f02a7d7a715c881c185e3654a65b01678577060f3e284365fb9faaf30d,896711,1038434.0,1566.0,0.001508,3,2,521
2025-05-14 19:23:31,41393a1a6e029be1ca48d4e1d7d56436db6a8124ee24493a9f56f5e75209bab2,896711,2812814.0,6252.0,0.002223,30,1,4504
2025-05-14 19:23:31,d1df3cdb188975c2dcec4034a46d1bcdd6612e0479ffe5617079ec9228f081ca,896711,6355232.0,511.0,8e-05,1,2,251
2025-05-14 19:23:31,46f2a1f439322790f06d81bc64c8610470a1c9feb82f6493c0d0ab96cf9d9d89,896711,18310241.0,496.0,2.7e-05,1,2,246
2025-05-14 19:23:31,2f37b9599a1185af8f50406e2c3cba3460bde1ffd47fa301f9e91b67c1c6cc8c,896711,30369.0,1350.0,0.044453,4,2,773
2025-05-14 19:23:31,5a55086ba617ae28ac5656bf182724f5163046dd60c78c46f7b3e44410e98c26,896711,296261.0,866.0,0.002923,2,3,450
2025-05-14 19:23:31,939eaa8d3750ac9a18eb5c7ca5bda9c3994d35896c9c535daf145f5a5a0c8916,896711,6617278.0,430.0,6.5e-05,1,2,224
2025-05-14 19:23:31,9ecf4e9a5c8c48211dd324d91ea03d3087bc5bde3653e9e79353ec2df321cbfd,896711,10000318.0,427.0,4.3e-05,1,2,223
2025-05-14 19:23:31,d2dfa185de838e8c7c808d371ff7170d68b4608b869577b16dfe0ed241e48d39,896711,428615.0,424.0,0.000989,1,2,222
2025-05-14 19:23:31,6a12e665353eb3cc0b483e87305d04da4a193c335069f9c37f398c72a5c38522,896711,33536914.0,424.0,1.3e-05,1,2,222
2025-05-14 19:23:31,782ae015de9618e6e9280f30f761fee2c758f1eb2a76e6fced2f46503511e903,896711,1445574.0,424.0,0.000293,1,2,223
2025-05-14 19:23:31,5914b748913893c77539ffd47820fe4f2799f86464a8050b207f4b10235c346d,896711,2889584.0,1155.0,0.0004,5,1,786
2025-05-14 19:23:31,6fa4b0def148d8e7227deaeb15cc570dc443a43d773595691d2ed2c4f0da32e7,896711,221997395.0,1146.0,5e-06,5,1,784
2025-05-14 19:23:31,eca02cbdb8a67f1cbdb8a8c82e428c9054e386fa3eee97018f4d49988a7dac29,896711,1624873.0,695.0,0.000428,1,3,313
2025-05-14 19:23:31,a599bfe10ca8ee7d47c6c9e6b8bd3ffda4409ab833f8033622bddcad54b642cd,896711,58649.0,1041.0,0.01775,3,2,589
2025-05-14 19:23:31,d7f11b27db274da0551bfcb8df61c52d307521f226784437986cfafe01080e72,896711,96700.0,331.0,0.003423,1,1,191
2025-05-14 19:23:31,249ec2c0e195eff4ab0015e13326c8ccd5c54fd9f2392d6f81c72a7d0f29bd68,896711,9644535.0,741.0,7.7e-05,3,1,488
2025-05-14 19:23:31,906328dcab73621cbf8fa72af03acab2799a90463303cc7b8af965f53b21e387,896711,4743314.0,496.0,0.000105,1,2,246
2025-05-14 19:23:31,691bfdda84054b6c4e0586848195cbf9975d7230e71de5273c5b271bef0eeef0,896711,246638.0,924.0,0.003746,3,3,550
2025-05-14 19:23:31,423de6c5e7c2a4f11b3bb454d721e686569cae5e929f7e2c531be59b264f065d,896711,192211.0,906.0,0.004714,2,5,463
2025-05-14 19:23:31,76979cd88b3e9b2905f5856951e8456722fef457cd6e0e1a0223be45bf56724e,896711,1926160.0,831.0,0.000431,3,2,518
2025-05-14 19:23:31,f6f191fe78b6c0a18691fb426e006a97deb9ade982da5c98264b1dc0e5012bf1,896711,995057.0,819.0,0.000823,2,4,404
2025-05-14 19:23:31,73e9b59de8fee9201dc590f729424826d6e3df78a847fb2d5bd2bb0c51c4984d,896711,416620.0,539.0,0.001294,2,1,341
2025-05-14 19:23:31,a86bf1c6a2275122534563427931249149d629c140a0c53e3f7be492adf045fe,896711,16540119.0,8070.0,0.000488,40,1,5676
2025-05-14 19:23:31,7760cb783d0ddec51e8a500cc810726a18d721a9e76818595db5ac2ed55c147c,896711,965609.0,738.0,0.000764,3,1,487
2025-05-14 19:23:31,7232fc658411ed15f3799725c8844d310b6441783ebb205523170acdfec09e79,896711,2671290.0,738.0,0.000276,3,1,487
2025-05-14 19:23:31,2997abdfb41c8a50672615a34c714fb38e4810440743edec451f6c5b8cfd52ca,896711,40377.0,705.0,0.01746,1,2,234
2025-05-14 19:23:31,78ecb924d567a15a015cc984b511a7cd606c746b94f3a264c94d4f526d1d1edc,896711,1050207.0,678.0,0.000646,1,2,225
2025-05-14 19:23:31,4536d954397e7a307460ae833f46186ec95b4b6beb9b2aa32ab5cdce90a79a4a,896711,51304.0,678.0,0.013215,1,2,225
2025-05-14 19:23:31,7665f854cdd65426dada11b28e3ab5f79eaf697110f8728fb0739e3192cfeb51,896711,116900.0,675.0,0.005774,1,2,224
2025-05-14 19:23:31,6d5fac7c699ef897eae819ff04ed67972cc3da2fa94be37d06703850b12a61ae,896711,615313.0,672.0,0.001092,1,2,223
2025-05-14 19:23:31,8ea1d870f71e0cc2993b75aa1e3e26259cc416175b33438949a33c40e0cd5ca9,896711,1418234.0,672.0,0.000474,1,2,223
2025-05-14 19:23:31,64990b10058bf61b514882582d04c40dc5343ceeae99e1635bc0f9509a211f79,896711,29308.0,672.0,0.022929,1,2,223
2025-05-14 19:23:31,171fb56065f4f5bb08f9b8cefd101b5299d71cb0323b7b6d265ee0f5f70dcc45,896711,747233.0,672.0,0.000899,1,2,223
2025-05-14 19:23:31,0500fc3edda0e599aa03a8ceae8b8c761ce8dba5c433e3859654db13e138ed44,896711,493630.0,672.0,0.001361,1,2,223
2025-05-14 19:23:31,6a9d93678d6fbdd21239988b9506b5d861b3c211cffe367126bbede39bcefdd6,896711,503902.0,672.0,0.001334,1,2,223
2025-05-14 19:23:31,f48c57b323f139deaa794cbbe9d504d648623c9fd0f6de39259744fcfb1a822b,896711,3446138.0,672.0,0.000195,1,2,223
2025-05-14 19:23:31,824107b0a9ae0b866c02200b98ca6180b49b511ce02fdcc12ad54ea5158a0b11,896711,496227.0,672.0,0.001354,1,2,223
2025-05-14 19:23:31,3b04d20f6ce7c4f0acdfc803d1985a75ebe3fc2c3ae2c0d0493f68370cb876de,896711,174382.0,669.0,0.003836,1,2,222
2025-05-14 19:23:31,730392cea38d459bf2917dd1b49056cdfc9cab32abb48d16116936919eb4dcc3,896711,9425242.0,639.0,6.8e-05,2,2,375
2025-05-14 19:23:31,51819542bfbc564276c06cbcd0e45f2c6335255d6dfdbe7d2ae81afd31e988f7,896711,5057809.0,633.0,0.000125,2,2,373
2025-05-14 19:23:31,fab23fa6a691a4a351667b4740cbd7d9958030f0d70917ccbd80307083d62c25,896711,420937.0,630.0,0.001497,2,2,371
2025-05-14 19:23:31,10357bd7b54b565040818eab3e2c9b1cd6d722d418d0a8323607b20b7a202ae7,896711,1965785.0,627.0,0.000319,2,2,370
2025-05-14 19:23:31,2284e343ecff80ef658c493044727ee24242556ed2a5653a58303a820b2cd485,896711,1414740.0,627.0,0.000443,2,2,370
2025-05-14 19:23:31,8fddb47547392b53839ba05604ed3caf8f3d06d04a19deaa1a3c5250d808c452,896711,9249.0,627.0,0.067791,2,2,370
2025-05-14 19:23:31,c1bca01b816ad8cd37bfd7a1fbb2377e360b7c715ad10bb9c377d060a3ba6c5c,896711,1182422.0,624.0,0.000528,2,1,421
2025-05-14 19:23:31,47b1f1bb6d53ba053561e52803a6d487299331e8be1fedfe2a7e812188073bd4,896711,142674.0,410.0,0.002874,1,1,218
2025-05-14 19:23:31,9299b0b06ff881edec4bf873b8591d85a3e22d5e184269b6b1927125d9b3d7c4,896711,1083849.0,603.0,0.000556,2,2,300
2025-05-14 19:23:31,a264e66d040322bc61d7b92f0b41c2fa5e0ab379775a316514b2cda5ff48af92,896711,86403207.0,1158.0,1.3e-05,5,2,633
2025-05-14 19:23:31,eca725395f90db02247e4bdbdfe76d36168e67aadc8bf0d428cfd02092e18353,896711,459399.0,576.0,0.001254,1,1,191
2025-05-14 19:23:31,7722aa0667756d0de5f62d8fefe9dbb7313d846834f87aab402c76b6d8d5db81,896711,38765679.0,570.0,1.5e-05,1,2,381
2025-05-14 19:23:31,1f1be1921d7df6197c270c7e4fc1f5aa63a6587272ed5d55a3738643244ba923,896711,313300.0,1122.0,0.003581,2,2,372
2025-05-14 19:23:31,452922f4b070ceb7b310db1689377361cb02577fe251db967eb29f8fe413d668,896711,536420.0,739.0,0.001378,3,1,487
2025-05-14 19:23:31,ef72301d37248607542a32e86624a3cde8e2564b630dd465d7a7653e1fa611b6,896711,3312758.0,543.0,0.000164,2,1,342
2025-05-14 19:23:31,21d06139ffacb6b355f924ac073028b499c2c479b67da2cbf8e9f9e29f035e78,896711,310926.0,537.0,0.001727,2,1,340
2025-05-14 19:23:31,94e73d7a9e1e895c45b2abcf59115c179ee195d6cfdd9d41ad7d5af005fc8694,896711,1008.0,534.0,0.529762,2,1,339
2025-05-14 19:23:31,273ad3da9c89a6fbf3137cf8cfc9fc7ef3698a7875c0c053f2076447ff2c6f5c,896711,19872.0,534.0,0.026872,2,1,339
2025-05-14 19:23:31,c59fd2c1ad82e5f310926f3d00119c3a3ee0663e4688595f543499af4d8b2bc5,896711,4537382.0,5283.0,0.001164,14,21,2480
2025-05-14 19:23:31,5c6d5aae94bd06f4f88d3f6ee4204eb2f11a6e61ccd4f42b71e90a808fd48bbf,896711,4538405.0,969.0,0.000214,1,6,378
2025-05-14 19:23:31,43f8cd6ad7463adbdb7197134b953697fafa6bc09de3a28e7e6ad3299566ecb4,896711,303586.0,1011.0,0.00333,2,1,335
2025-05-14 19:23:31,4c0e133e88e5fc02dcaefe765907afdb7f06cf1f5153886f4f880efbe67a5f5a,896711,5234014.0,498.0,9.5e-05,1,2,246
2025-05-14 19:23:31,a32dccedb9a891f8b751613945b1ea5234b63d0caab9d021d2fdb6104ef9798c,896711,5316512.0,498.0,9.4e-05,1,2,247
2025-05-14 19:23:31,c0eceaafcede75a04b2feb621d6cf5e1f2d28c5e30dd6fb17f777b5497737b0e,896711,403597.0,489.0,0.001212,1,2,273
2025-05-14 19:23:31,fa88f5b5f2aa71a549c31043ceaf92d8f5cab1c1141b61e9fde03d623a17b9cf,896711,500000.0,6060.0,0.01212,29,1,4335
2025-05-14 19:23:31,55ec614c1f46dc27d5588c256829ee36e331e401c0a475016372604a754dfdee,896711,599535.0,465.0,0.000776,1,2,205
2025-05-14 19:23:31,7316b6ef77bc73302a8cb6f5ba51281fcef647f6c014bf26c38dc59118c85ab2,896711,17142208.0,465.0,2.7e-05,1,2,205
2025-05-14 19:23:31,94963ff19d560136519af43ccdde7b965f3b88ec6ca9c4cfa1396950c8e2765a,896711,48326103.0,465.0,1e-05,1,2,205
2025-05-14 19:23:31,223c5e9b561b3d2467bb69a1754be0d03039dc49922ce35224666d2375318134,896711,17096351.0,465.0,2.7e-05,1,2,205
2025-05-14 19:23:31,ede4e3360fb84a73fd91ea33298a123a809111feac4c99df01aa9886fb57fe53,896711,501736.0,672.0,0.001339,1,2,222
2025-05-14 19:23:31,956558872250228f08a4d1cfd70e6c9b40b453fc4a94daa5d5f651be3238b915,896711,726079.0,672.0,0.000926,1,2,223
2025-05-14 19:23:31,2c6c018a412e416e973cdabe2c17e3c65f52c1f9ef330dc4083fe44ac5b8a9e2,896711,16241840.0,438.0,2.7e-05,1,2,196
2025-05-14 19:23:31,f6c79a09afa64a6b263690658c21c2dda39b4388fd08fad185f046b3e81470cf,896711,15683904.0,432.0,2.8e-05,1,2,194
2025-05-14 19:23:31,86620173e7defa5195b1bd12f18c76326c0282d0e6c5fa2876761fa1538900b5,896711,16177040.0,429.0,2.7e-05,1,2,193
2025-05-14 19:23:31,0c972b0ecddb4bb6b13ada17079d53217bcf2a2b09eaa7af2a0a1fb2dd5c1399,896711,571571366.0,429.0,1e-06,1,2,193
2025-05-14 19:23:31,63f67458c2209519e269eba7926a1a18386efdb0609e317ea685ca38693bf947,896711,14519102.0,429.0,3e-05,1,2,193
2025-05-14 19:23:31,99225d560405ce5c035e8d7f528a0ba80fd38b6afb4fdac20af0b5898e0cfa36,896711,31976.0,855.0,0.026739,1,2,283
2025-05-14 19:23:31,e2a5c5425dc08c2989c414afb1f6fd73bed18f6ff196beccb4ce47c61f9dd5e7,896711,7661602.0,426.0,5.6e-05,1,2,222
2025-05-14 19:23:31,1503b8af6c5b58a2ca67569a9f420af899862367e4cecb4644eef20902b5b117,896711,687611.0,426.0,0.00062,1,2,223
2025-05-14 19:23:31,e08372e2e726b96906f9f57c35713c4491aac369b098e244ed27d441b071b319,896711,514174.0,672.0,0.001307,1,2,222
2025-05-14 19:23:31,fafcf77f1a9f69ba09eb92d9f9c1da0ee81b2648233bdff958c0fdced801430c,896711,524446.0,672.0,0.001281,1,2,222
2025-05-14 19:23:31,515d6aee3b96baa2af4ba905fe3512d23e2b1eda1e1c92bc815d5cfe95fbb6bd,896711,539618.0,672.0,0.001245,1,2,223
2025-05-14 19:23:31,4030fd321e1b73a4e8cfd61b0b0cd1135c51ca433da110e4e07d3630138a9a9d,896711,99607.0,393.0,0.003946,1,2,181
2025-05-14 19:23:31,88656eead1317ad9ec7f355eebd3222d35ebcfece1046e723648fd8dadde801e,896711,3199993.0,520.0,0.000163,1,3,254
2025-05-14 19:23:31,36b00e20d515962af00d72e21b290331c8794669008d2277fd3a4b2fc08d0324,896711,924479.0,768.0,0.000831,1,3,254
2025-05-14 19:23:31,da11d5dec43dbf9786fae47378b2f19b29347f02e813852f34f1f742ea5a0ed4,896711,786727.0,750.0,0.000953,2,2,492
2025-05-14 19:23:31,904e4eb5f69ffbd25c76380aa2db07cc1efe7361252fb1ec8cc2d3152a76a360,896711,2215751.0,750.0,0.000338,2,2,494
2025-05-14 19:23:31,e3308e2248578cbc3d86b9dc58e183f53b7b8a108e0204404540bb2bdee48dd5,896711,291600.0,1355.0,0.004647,6,1,931
2025-05-14 19:23:31,dea7d169a54fdf1d8c23ffad844aa89ea80a3691048c93c6b2048ae3aa678cec,896711,52758.0,25218.0,0.477994,144,1,15463
2025-05-14 19:23:31,5d3afa1762ed8777b4251dc551de02724385e21d21cf4a64283a80647032aeb9,896711,387310.0,463.0,0.001195,1,2,234
2025-05-14 19:23:31,03773cca395a5cc16a0374be0066be9a4a2b13ab3b29651952ba817133be8cda,896711,67600815.0,575.0,9e-06,1,2,381
2025-05-14 19:23:31,33ea0c433a1024b403435ed31d954184e67fa3a9655d57c8915dfb1dfaefd95a,896711,3968.0,1032.0,0.260081,5,1,590
2025-05-14 19:23:31,8f66b5dd0c8eb47f744fbac74b74c3cecb59bb2cb65b9689a49c8bfa228387fa,896711,1293067.0,672.0,0.00052,1,2,222
2025-05-17 17:52:33,97f26a8cffa2f92c8b75a1cbfa0a5d77e692293c9f26c550b9ec175bd7f17073,897134,309979345.0,3740.0,1.2e-05,2,2,372
2025-05-17 17:52:33,4c2486f679440b9cc8a11e1775c0782e2511b70ebaa979b1f57d5eb3cfad03f9,897134,109991600.0,1200.0,1.1e-05,2,3,363
2025-05-17 17:52:33,427b27c78c88d27cf48916514f9daa7918d726fb300028a476a30f1e6f60d870,897134,2565760866.0,3960.0,2e-06,1,7,377
2025-05-17 17:52:33,22d8bbafd6ac6e832cd8f61d2fe65b86562d291c2028e20222b7df2e5a1ba150,897134,829294.0,2000.0,0.002412,1,2,381
2025-05-17 17:52:33,fa07e156866d3203baeda42fe71a6b4a4ffc5fec73e1bacfe503d346b8f5c7f7,897134,1210647.0,1506.0,0.001244,1,2,222
2025-05-17 17:52:33,b1a79c9b35a3a8de5a4cb476bfe2a5374e7caae4b1ae17601437013dc4fe4c94,897134,2696225.0,1506.0,0.000559,1,2,222
2025-05-17 17:52:33,ff3ce815fa4651ce66e63c41564ea5576d6811d76bdf003c4a1723fd674ec253,897134,382164.0,2359.0,0.006173,1,1,220
2025-05-17 17:52:33,408cc1592546674081e5ee374e74c80d3eff287fea166bdb6f4fe0775f5e6da6,897134,2839539.0,1551.0,0.000546,1,2,223
2025-05-17 17:52:33,27076a2b3d9ac0718b5fbee9d2cc08aa425d238c72f95564b1c33788a6b61cd4,897134,1883289.0,1551.0,0.000824,1,2,222
2025-05-17 17:52:33,52836529d952cb6f15725e7aa7b055dbbb968cdc80b8fcd711d3fb9123b59bc4,897134,9998449.0,1551.0,0.000155,1,2,222
2025-05-17 17:52:33,ba1a1e8d2123266da6c90204fd20fe64253d3fff913e8f06caa49e81adadcaab,897134,1969588.0,1551.0,0.000787,1,2,222
2025-05-17 17:52:33,36fa3054c5506046bddffe784436d42c14a30db2b786b1881a9fa45f97eba4d6,897134,2072020.0,1804.0,0.000871,1,2,245
2025-05-17 17:52:33,5bdf5c72dba681292bbe2180da1f24c92f42b62cb78d42bed4f801d4cdca8c9d,897134,2473596.0,1551.0,0.000627,1,2,222
2025-05-17 17:52:33,e0abde3d204585d81df1f2ebb02d95408378e9cef61e1bf278e16165d6f22149,897134,4183194.0,1551.0,0.000371,1,2,222
2025-05-17 17:52:33,e946cf9efca8358ffb0718d5485fb859f342a71100258b6ec43a021baf003a35,897134,10891460.0,1551.0,0.000142,1,2,222
2025-05-17 17:52:33,78fb361432565b03eae13dadf3ca06069195e6d329052026b4d976bb1326ea44,897134,1281100.0,9482.0,0.007401,9,1,1588
2025-05-17 17:52:33,1fd77a65e141fb352abf797a509f932a21948dcfc67fec1332849f15b73b2182,897134,7416815.0,15488.0,0.002088,15,1,2618
2025-05-17 17:52:33,f9ad6198b56dfba7087ca537b421b35af684c8e6e4749cc3380021087802a2b8,897134,53211977.0,1554.0,2.9e-05,1,2,223
2025-05-17 17:52:33,e51e37c2c73ab32da4983ebd30de1320239904f60b1420c836b40ff4f9baf0bb,897134,1422166.0,5478.0,0.003852,5,1,901
2025-05-17 17:52:33,da9561d1e63804c7895b03868e7c606c4405d99cb184156f1317f9b13b1d559c,897134,890754.0,2360.0,0.002649,2,1,351
2025-05-17 17:52:33,d9b80789be0c147ecdd7be1de821194edf7eb7011db82b61e6eef3b730825b2c,897134,324353.0,2360.0,0.007276,2,3,401
2025-05-17 17:52:33,adc3b9ef8aadf6cb408c02be0c1649e6996bb1d6555259c34ba6bc993b24e87a,897134,8658766.0,7480.0,0.000864,7,1,1242
2025-05-17 17:52:33,eb045093f54d36727afa7641574d727e96a7bec0b498fbcc7049c731890a30cd,897134,87222.0,1582.0,0.018138,1,2,222
2025-05-17 17:52:33,682aa9e80399d100381c032539624320e2fe24f48d82574f43d767692a98036f,897134,119319.0,1582.0,0.013259,1,2,223
2025-05-17 17:52:33,31492d0e197f286acc9a5045a780040975e7f0337560a47f7cc95dea10bf36e3,897134,549983085.0,2260.0,4e-06,1,2,225
2025-05-17 17:52:33,d9f0c5c5208018f00894cb0b19fefd3641d3b1a47f85a90417424fa678837b78,897134,550126245.0,2260.0,4e-06,1,2,226
2025-05-17 17:52:33,b7560b65ad9e42dcf520b421e79d8590e8c0e8846d89745134d60fa3ecaf3675,897134,550414205.0,2992.0,5e-06,2,2,372
2025-05-17 17:52:33,22ee7401e52333caecd20a4d6b08d98ca8a65605452739208dd1421bf34234fc,897134,4191187.0,460.0,0.00011,1,3,288
2025-05-17 17:52:33,a2bbd7d484828b05b5834d707cae7c4afa11a0ed0ee3c3d6b16710470bcb3ee2,897134,529422.0,1978.0,0.003736,1,3,253
2025-05-17 17:52:33,919401a78d9dabc020f874333561c388288aa905ae1d80000587910325b0bc37,897134,38826.0,1275.0,0.032839,1,1,192
2025-05-17 17:52:33,e7021083f0815ece95709b156d57441b16c17c7c5c2c891e0d485fc9c0543fd2,897134,89580380.0,2236.0,2.5e-05,1,3,254
2025-05-17 17:52:33,a745ebe27365028e7ca2cb3f8cc2ee3a64cd24045ba9e5ba036b7548e5ccb5a5,897134,90146216.0,3055.0,3.4e-05,1,5,316
2025-05-17 17:52:33,5fe2646569054e740d35368bb074a2cd949a029a2e97abf797732db59e827f4c,897134,91311813.0,3278.0,3.6e-05,1,7,379
2025-05-17 17:52:33,a20279ef8c7696bccd8cc030b91baf0cb7cfa8a553b0f3431a2e47f17ffc2d02,897134,99128092.0,3267.0,3.3e-05,1,7,379
2025-05-17 17:52:33,4f6a3d852d0a87168f94c0e21e34afdc30f40a04dc4b173796e55d8509298fc3,897134,100100230.0,4070.0,4.1e-05,1,9,452
2025-05-17 17:52:33,0d9298ff77441ef2c01cdb557ebe2e3454886e0ec96a1f205e70ea330d8a4fb6,897134,53255946.0,2106.0,4e-05,1,3,253
2025-05-17 17:52:33,47d17d7d945228bc36e64b12a3a963e870126a8d1dd267c2dfbef0a420e26fd2,897134,53494138.0,1554.0,2.9e-05,1,2,223
2025-05-17 17:52:33,21133a52a35b5528ee49b1bb2e739d885268fd23dc169b32c68ae9649165326a,897134,53770263.0,3210.0,6e-05,1,5,317
2025-05-17 17:52:33,a572af055087711ccf665fdfbc94809037103c8ff2a5802c26d0337814b26830,897134,54505162.0,2106.0,3.9e-05,1,3,254
2025-05-17 17:52:33,154f1b102ba853dda09ef64cbc5e4aa513011757219b5a9978bcae22dff06d93,897134,55491088.0,1860.0,3.4e-05,1,3,254
2025-05-17 17:52:33,01eef17371737b82255b31b5782b9ff7cb2fbf86a62d596a82f0eb3569216661,897134,55769070.0,1372.0,2.5e-05,1,2,234
2025-05-17 17:52:33,7b2a9b46727e6f90649d7e19f8a89f2e1e8fecf9a1dcd793d3f4bf12360b7247,897134,83189063.0,3750.0,4.5e-05,1,5,318
2025-05-17 17:52:33,111229c6edad7460d0961e6a756c448022c7b49efc1dac7bd17090e6c087bb0e,897134,54955.0,1667.0,0.030334,1,2,222
2025-05-17 17:52:33,29574de5199e743e253b05f61374622b4378c86e8ed722f40b5a5fb314ac9e8b,897134,1574851.0,1692.0,0.001074,1,2,222
2025-05-17 17:52:33,66aee4d0ccebbd7da317d6e115608009dbb18c41208b47046146262e1abb01f5,897134,46631.0,1331.0,0.028543,1,1,191
2025-05-17 17:52:33,94e7ef4c24480ff4a433aa29ac740d7a27990a20215133303f3ea92300bed2b4,897134,123247584.0,2952.0,2.4e-05,1,5,294
2025-05-17 17:52:33,8be70102d970d361d5878cc0a92a592eec59a501eb8c6ac97095f1b6d8b9e518,897134,5291798.0,6760.0,0.001277,2,1,335
2025-05-17 17:52:33,0dab09e56bbe2f33abdf090917cfa528f8b6216fc011f34d57af058ad714d03e,897134,58160848.0,2598.0,4.5e-05,1,11,515
2025-05-17 17:52:33,4d89c387731065a16971e738e0005da01a14e8d8cd9997a57de59205b989911d,897134,707441.0,1344.0,0.0019,1,1,192
2025-05-17 17:52:33,5af453da3447f1d5b4f790c03ac4de0829cc74d3752f29a689f69831d39be45a,897134,27606841.0,128740.0,0.004663,4,315,10774
2025-05-17 17:52:33,d7748d6136899ecb4292cd16500d216166c9f89eefc027f82b2a2f23ad6043f6,897134,282690.0,2330.0,0.008242,2,1,351
2025-05-17 17:52:33,f4cfc8a6ed7c27997abbf0ec6e7dc14925e26e08e147f983555c2363ec304040,897134,1107330.0,2330.0,0.002104,2,1,351
2025-05-17 17:52:33,8ccb915d068cc1945de01b32e6b5b867f4da07a336401b56dea77c23fc32366c,897134,2085614.0,1752.0,0.00084,1,2,224
2025-05-17 17:52:33,24f5e11c24a340947560ec554b1a3406e0ec7a8b7278841ae0e214d673ca644e,897134,501505.0,2652.0,0.005288,2,2,375
2025-05-17 17:52:33,fa4294bf83badc1c16d2932cc96c818c2780ff41f779b410a47eead12c0819c9,897134,356226252.0,12864.0,3.6e-05,6,4,1032
2025-05-17 17:52:33,fe79483cf007606848c13cb803906b12f004b4754b2f0601c6f5574dea76eb45,897134,8698079257.0,9240.0,1e-06,1,21,820
2025-05-17 17:52:33,3b4d4e30f843cd17156e1c36268f16b0bd1634c25173df78e4a33ed89286e225,897134,3568100.0,1780.0,0.000499,1,2,224
2025-05-17 17:52:33,1fe522626006e02f5bb23c604444de92d6db7f999418160829848e3bcb727ef2,897134,68982.0,1394.0,0.020208,1,1,191
2025-05-17 17:52:33,27ee37ba1eb3c15fa6e2e3687b123c8f52bcabc07affb68264650de913b2f7a4,897134,5198107.0,2280.0,0.000439,2,1,342
2025-05-17 17:52:33,278b0f40e1b22a67afe6bd6b68d027a51280d6fdd10be3fdf351bdeb19cc7705,897134,389184.0,2652.0,0.006814,2,2,370
2025-05-17 17:52:33,5c9d8aafe901eafb9f0db7cee0662f8361a5e25fa4b1bd3fb6dd990ab009ae45,897134,294841.0,1464.0,0.004965,1,1,195
2025-05-17 17:52:33,3aa07659e0e03f73c154e1e7ec4013ea4347f9509a22148acbc1e15e78236f54,897134,10270843.0,1872.0,0.000182,1,2,225
2025-05-17 17:52:33,10450649e2a3109e570e013ac8d4b744ba16d5a6c0c0d52ace0268452207ad4e,897134,3403274.0,3445.0,0.001012,1,6,346
2025-05-17 17:52:33,972fe74260ad9c29c56287068c6af19697612b7cd0238f8adc9a6a675f17bf2c,897134,1504030.0,4108.0,0.002731,3,1,560
2025-05-17 17:52:33,8c26ba2bb4869766ad0566d8103597dd1bd7c046e10d66bfa74d165f030e5ede,897134,120346.0,1836.0,0.015256,1,2,222
2025-05-17 17:52:33,709a2fe9a1aa003a4e5e1d974822677f92cd861314f82599a9bacb0b2aa54ec0,897134,17438.0,1502.0,0.086134,1,1,195
2025-05-17 17:52:33,9e0ac4c98874034617d1e78944f0091b557f4de13617697d3c95696a0da1f5d7,897134,972390.0,3468.0,0.003566,2,1,342
2025-05-17 17:52:33,544b5d5e3908cd78de6aeba32b0ba2f9635f9aaf485b3b6aefc6eecb36133f06,897134,19450.0,3560.0,0.183033,2,4,427
2025-05-17 17:52:33,62057984918365c84e825800f587a2b621668d50c6e7f998996d193254bde91e,897134,7970895040.0,10260.0,1e-06,1,21,844
2025-05-17 17:52:33,9054df9d4cfa37ee2b2c4db626a0961679b9f2e6b15122a7188b91a35ed2796c,897134,7550825.0,2330.0,0.000309,1,3,253
2025-05-17 17:52:33,28599c53ca1998aeadaf1f308a92cb5105bde3a61dcff8a4352367d2123c0b04,897134,1984730.0,2330.0,0.001174,1,3,253
2025-05-17 17:52:33,6bd78de96c4f957d30ef3f97d3d5530d5796de3779cd7c2a1d8cd72af29b10ca,897134,1820000.0,2330.0,0.00128,1,2,333
2025-05-17 17:52:33,0048ecfcc2979a45b2ed99150fb3bf465a841477d29cd4d80cc9b14bb739f8d1,897134,912017.0,2000.0,0.002193,1,2,225
2025-05-17 17:52:33,7a9c55edcf324958f09d9d3e84e414b823d5fe25d53fb21c7639eb6ae4f979ce,897134,1047503.0,2000.0,0.001909,1,2,225
2025-05-17 17:52:33,68723f2f59b4b1f212d6c6a02cf812700f710e7cba608f72bdd45055b0814bea,897134,940877.0,2000.0,0.002126,1,2,222
2025-05-17 17:52:33,28413220148142d52c1f10ca4f58019722e895a408502c80ebbc0a10e8761a57,897134,11744322.0,3060.0,0.000261,1,3,281
2025-05-17 17:52:33,f1488085fa90ae9d3787ac2977541868b7c1e8121d786a5d42ac8a2b3bffa51e,897134,11766682.0,3060.0,0.00026,1,3,286
2025-05-17 17:52:33,216c9b7c153c6cc2d5e07b364917f21372b3d82088f5fee07b4d3abfd88187a2,897134,11801042.0,2448.0,0.000207,1,3,279
2025-05-17 17:52:33,391b56e94db4de423b0fd4fd71145a9cf6fe1e12051387382553dfc9bbf3c807,897134,36612.0,1923.0,0.052524,1,1,215
2025-05-17 17:52:33,a0b7abaa7af0ec28f3aee5e4d4c09f0014982fa7a4aaae4f2a72c07ccfe72e38,897134,22038062.0,3450.0,0.000157,2,3,401
2025-05-17 17:52:33,e0b4b508d8c705d662cb096987c4fc8bf0def119b7a3c1b6e438c0f5ec106e48,897134,19322.0,1654.0,0.085602,1,1,192
2025-05-17 17:52:33,d9a491bc3df46732e55f84a1ff0b3a78e19def1801ea1006a7022e925287d6f0,897134,530350.0,2160.0,0.004073,1,2,225
2025-05-17 17:52:33,f7b730b9581791f2644fab21082c997ea6d8821ad9c79799a645eb5b2af56a86,897134,1632913.0,2115.0,0.001295,1,2,222
2025-05-17 17:52:33,bc57416269ef91b7d4d8d9630054913d46ebc5237964c9c8b48527f1f96a4082,897134,835183.0,2475.0,0.002963,1,2,246
2025-05-17 17:52:33,229382096abdde84ea5253148ab647ec5e2473bddd4e535459d9524e8df2ea4a,897134,3335739.0,5265.0,0.001578,1,6,351
2025-05-17 17:52:33,0d5fc048e34f407113a030827ffc19446879e60d89d7ee1c3b35ce4d1137d70b,897134,4071534.0,2580.0,0.000634,1,3,253
2025-05-17 17:52:33,9639040538d7a5a36c7878ea830ac3970604716f1fb52ae132537fb942e51944,897134,56018643.0,2780.0,5e-05,1,3,267
2025-05-17 17:52:33,5cfa1bfb730446f66a2a51d9ef2c859e9c7ecc77c97ab9ff69aeac78346c53e6,897134,31856232.0,2140.0,6.7e-05,1,2,223
2025-05-17 17:52:33,b0914d3521ea870f7bf03d56199cda5c1d132b2aafb1994fed60b674c2bbe66a,897134,27475353.0,2139.0,7.8e-05,1,2,222
2025-05-17 17:52:33,d30713a4e981c6b916fdbf84d385d9cf655921df2e87480a7f013cd97eb23923,897134,109242324.0,7410.0,6.8e-05,6,2,966
2025-05-17 17:52:33,0e71a0c92fb1450da9116b38715d1ed52a5ebebfa12d09d677776ad949f9dd77,897134,1416423.0,2190.0,0.001546,1,2,223
2025-05-17 17:52:33,a26ce3471cfddff41245cd3957f96014141e95db0c19c81a5c2b5cf3390db4ce,897134,69774.0,3438.0,0.049273,1,1,189
2025-05-17 17:52:33,88cf5bfa996f97b01a5e8b078f3c0a24f139c1562ac1f40d4271a6dbc7812eb5,897134,160412.0,3438.0,0.021432,1,2,223
2025-05-17 17:52:33,403c568327461d7cb97175cc55705cf3f7a4df18400bf48e7447fdc38a5f1676,897134,251050.0,3438.0,0.013694,1,2,222
2025-05-17 17:52:33,37bf4125da38311859adfb3596f766f4a5bc042f07f3d25dac405b0dcfdaa275,897134,341688.0,3438.0,0.010062,1,2,223
2025-05-17 17:52:33,748f13f5f6d5421b6ae9c34b712d855e9ee3c00c58e81ef3ac467bce5bb5443e,897134,432326.0,3438.0,0.007952,1,2,223
2025-05-17 17:52:33,ed0346407ede88eb0395d28e08d4cd5102c5950bbeea472b4ee02f4a9e04178d,897134,522964.0,3438.0,0.006574,1,2,223
2025-05-17 17:52:33,1c4e62dd93bc46c743ea388939cd40a3008c7b6afa31230558d8caa611d7cd8c,897134,613602.0,3438.0,0.005603,1,2,223
2025-05-17 17:52:33,33654f7bdbd7a5320922298897ea6bbfce82b0f0e5ebe7186df4977c0b988dc8,897134,704240.0,3438.0,0.004882,1,2,222
2025-05-17 17:52:33,dc63df7d57338af5e691567a8d7a524602aca631b7c4695570e75f36a001852f,897134,794878.0,3438.0,0.004325,1,2,223
2025-05-12 03:27:37,8e5f882846f293ede52135fb2e07df1cdb7805e975368b274c6f4a88755b9427,896352,1064957.0,242.0,0.000227,1,2,225
2025-05-12 03:27:37,7c1f98f981d5483098ca0cd4434fef0cf033b630987a56f39288bddf2fafa4a8,896352,1044159.0,237.0,0.000227,1,2,222
2025-05-12 03:27:37,67c51db976113f4cf88f2638883f629348113af502e041848e97133f902954a8,896352,1046198.0,237.0,0.000227,1,2,222
2025-05-12 03:27:37,6d824cb58baa297de3e223bcd688bc69dcde4ff4d07435d3d7f9968884a0b688,896352,1034335.0,237.0,0.000229,1,2,222
2025-05-12 03:27:37,da657bd0146878c8913bfd23146262ded91ce6058c3641bc1529ebaef32e047b,896352,1096295.0,237.0,0.000216,1,2,222
2025-05-12 03:27:37,6433d72c919144305e75379c73fcc44c9df5f003848e67b0f84113534beb6262,896352,3372784.0,237.0,7e-05,1,2,222
2025-05-12 03:27:37,a3ed6cd9ac2b22fbba9c792af4da843e9bb8d85d4a756e5234413f457d3c1d1d,896352,1020428.0,237.0,0.000232,1,2,222
2025-05-12 03:27:37,2615c2f648097fc74d43386fe76ac82875ebfe55223eace6708611c6c4c85ed6,896352,1032055.0,355.0,0.000344,2,2,373
2025-05-12 03:27:37,f40c441b1d1fe046891922b5534c1d6d2937b593351f2a6d763a0c3fe399a1c6,896352,1072748.0,355.0,0.000331,2,2,373
2025-05-12 03:27:37,296aabbddf8eb1c606a7dbe34bc8317e3dc1e69dd5e48c91ce7a9f2f1c01e54a,896352,1075150.0,355.0,0.00033,2,2,373
2025-05-12 03:27:37,df634f2ac386ab8254cd13b98ec8c9a5d5ebfb802a3bec6ffc2abd80ee9d6549,896352,1043971.0,355.0,0.00034,2,2,373
2025-05-12 03:27:37,733fc6f5e1f5f50e906b2777b1eb50a94bf34c73db54159f6833c5aeb7bf9b0c,896352,1015116.0,355.0,0.00035,2,2,373
2025-05-12 03:27:37,0f3aaa21fc15b6401c034425a85e224c7379ac73f20c55f41852072ff97e0d89,896352,1036110.0,350.0,0.000338,2,2,370
2025-05-12 03:27:37,bcba2a6980e56794d2827322a511816ab5c9f711f2360209591b84196f52b275,896352,1827807.0,350.0,0.000191,2,2,370
2025-05-12 03:27:37,f9a8f0ad9b074aae2bc6a34535742236eb6e035924145749e2446665a2cd2a73,896352,2021317.0,350.0,0.000173,2,2,370
2025-05-12 03:27:37,a4e8328b8a9001ab446216db1102fce49608959632670a32fb069dcd0e453c44,896352,1569586.0,350.0,0.000223,2,2,370
2025-05-12 03:27:37,f9222651fc427cc08eba0bdd885c595b04aa116983932fec30beaa41f4d3e92b,896352,1059328.0,350.0,0.00033,2,2,370
2025-05-12 03:27:37,8599fe644874b34e0d33c93ba55469fcc8b0b80ab28fc735939293f52d9bf110,896352,1023633.0,350.0,0.000342,2,2,370
2025-05-12 03:27:37,61309f22da93bfe4388755b218e5ae832d5c827a5582f82b0274db79cdc3db0c,896352,1027132.0,350.0,0.000341,2,2,370
2025-05-12 03:27:37,0d03d7c051fc5bd7e682363b8c92850345f8d10830fd421f20b3d12c8edbaeff,896352,1368358.0,239.0,0.000175,1,2,223
2025-05-12 03:27:37,74e80c9430356466a32ff3a247866bcd7dc5c1964981548f0aacf10db9c26ce3,896352,28763459.0,239.0,8e-06,1,2,223
2025-05-12 03:27:37,c4c1ce08d4d7cf51bc5dd42643aac7aecafb3336579921075fef7f201ca92be3,896352,45203580.0,239.0,5e-06,1,2,223
2025-05-12 03:27:37,d8bb3f0652b2835d374277e7e13942a9f64b97bb07c62d839c602d57e31411e1,896352,42043660.0,239.0,6e-06,1,2,223
2025-05-12 03:27:37,9e5c63a3b5371ae4e53bfd1fd88c5397fa0e3e80ca8148b5347f9182507deadd,896352,30078586.0,239.0,8e-06,1,2,223
2025-05-12 03:27:37,9b378af240bf9380b67f38a0588e77027c36a5b0f9d01143fa66588aa0eb33c1,896352,20015590.0,239.0,1.2e-05,1,2,223
2025-05-12 03:27:37,87f93c197260f6f211afae9d5a3b2f9c8ccbb975d57483700de490c26cc552a3,896352,37349488.0,239.0,6e-06,1,2,223
2025-05-12 03:27:37,587535577bc447724377675bdbe629510d44181175dbb0ed86fdd89d2ec215a3,896352,4758200.0,239.0,5e-05,1,2,223
2025-05-12 03:27:37,2aab6f6a995f3e0af19249b13cfa493e7f409e71988aa2d0bc031dbb4719049d,896352,39792029.0,239.0,6e-06,1,2,223
2025-05-12 03:27:37,c46a8860931024a7364381d828bf09950776dc54f90de8cfb3ae7814b81c2f9a,896352,48451254.0,239.0,5e-06,1,2,223
2025-05-12 03:27:37,3101e2813b53cdcd6d53c67106db2554f0af64ef7278f0b2b7a5475cae15e975,896352,1491642.0,239.0,0.00016,1,2,223
2025-05-12 03:27:37,75a070ef22cc1ff392812cc0585df996e10d7755c6d8c077a30b574e67dccb5b,896352,48239333.0,239.0,5e-06,1,2,223
2025-05-12 03:27:37,0d25cef1e3b5ecbd6460f49b7b5b1fd175e34891bdecc1cf98cb0a9a1ed86353,896352,43312045.0,239.0,6e-06,1,2,223
2025-05-12 03:27:37,2c9006c42eeb8037406f98d7fb0f7869e5423bb1ef4b4d6644fde7f40841604a,896352,49053520.0,239.0,5e-06,1,2,223
2025-05-12 03:27:37,7bf3d5d6e08cd474384041a88ec9cb60a7988e31b4a90d0d575ba0f82473f430,896352,43094.0,280.0,0.006497,1,1,152
2025-05-12 03:27:37,bb858bd74a18bffe1f319758f33739aea0ae9c40a03369293e5f392df41f2f93,896352,43374.0,257.0,0.005925,1,1,405
2025-05-12 03:27:37,84846f23968a2754545f7f141d391819c465cb145d3eea0811b6a52631a94ed2,896352,1381619.0,180.0,0.00013,1,2,234
2025-05-12 03:27:37,6c08ea7fb87915075351cf89bb480fdccac97813ce6f9e4052e368294bdce500,896352,40318744.0,239.0,6e-06,1,2,223
2025-05-12 03:27:37,65f18d0bfff9c8563569ab6f41184e7f9a1be008d097b43b62dbdc28318bc3ff,896352,2091941.0,352.0,0.000168,2,2,371
2025-05-12 03:27:37,e72e07fe8e10a51a5f0c7f1e752be0c5d43df07bb84dd4953a532b2d5d2ffab2,896352,1967573.0,352.0,0.000179,2,2,371
2025-05-12 03:27:37,a00c8377e79eb3709deedce718872f235ec5d86dc0d85c5f1ff797e3b59a40a5,896352,2069610.0,352.0,0.00017,2,2,371
2025-05-12 03:27:37,7570a050f0998932bc719049b35f58857a0b2085c8e75adcc5be8e3b1c3e1f83,896352,1080103.0,352.0,0.000326,2,2,371
2025-05-12 03:27:37,6cd78c1e12ab463eae394a5784b0b07b9e397f358f6ea31aff7b185e339ac954,896352,1087704.0,352.0,0.000324,2,2,371
2025-05-12 03:27:37,954547a19ccfa9d2665d5e351700da264ea70113e45e3c02bb6683fc375e7e7d,896352,1109900.0,470.0,0.000423,3,2,521
2025-05-12 03:27:37,d13ed2b1aaa4d896b580233b888c8c1ac4d8b13842a08a8b7bfc881044361edd,896352,1033385.0,465.0,0.00045,3,2,518
2025-05-12 03:27:37,f1aad99523b51fedef306d905bdfb7be0ad6a64334f657e911110a762aa81585,896352,1013921.0,258.0,0.000254,1,2,234
2025-05-12 03:27:37,7d9405bd9a397a56e2a91b8557e1fa51140f52feab9debbf19faf239bda99275,896352,1069185.0,1285.0,0.001202,10,2,1566
2025-05-12 03:27:37,9506cd21e3404770177960d53d70a14671bef5d6399a47083b77872f311b24dc,896352,2154705.0,808.0,0.000375,6,2,962
2025-05-12 03:27:37,64eeb434da20af4cc8edf894fbb41f982ed8e275e301fa267c4b542770a7bc8f,896352,1059183.0,582.0,0.000549,4,2,667
2025-05-12 03:27:37,a4460da4721cb4a4da44e3e561f6a4f34ea3bcf57c2787991c2e2732ca354f07,896352,2473685.0,582.0,0.000235,4,2,667
2025-05-12 03:27:37,cc85c449fdd7c4e4e0c73d9d45a288b9cbf3de844be924cb2e359433ad163b57,896352,385600.0,1100.0,0.002853,9,1,1375
2025-05-12 03:27:37,885d164a37f5c69550889a4e5023a3debeb05a637dece73ba95363471dc5affb,896352,48924987.0,238.0,5e-06,1,2,222
2025-05-12 03:27:37,fcefb8407aa882496d22e607e76670186395851adbe4a31a214e2eef687ed8f8,896352,40361326.0,238.0,6e-06,1,2,222
2025-05-12 03:27:37,949c1d0f2895c78b4466d5bfa7d1d2e9be6212e7fb0da006581d15bdd6f20ccf,896352,19421479.0,238.0,1.2e-05,1,2,222
2025-05-12 03:27:37,c62830f742a7051f4be3439d17a3031d62da1198966fe10849878b778e9371c8,896352,28481294.0,238.0,8e-06,1,2,222
2025-05-12 03:27:37,9d6ead6340329e23e1d6918b6b462e880f1b16855955f087e78bcb4ae8b242aa,896352,36308718.0,238.0,7e-06,1,2,222
2025-05-12 03:27:37,43f944808651619f6f567f5fef63986af420f1cacedd807cc21ccdf7d92476a4,896352,26768696.0,238.0,9e-06,1,2,222
2025-05-12 03:27:37,60e29c58464fd39c9cec48d781eb7d326a0df0d812c09c924a8fde6255ca87a3,896352,27455708.0,238.0,9e-06,1,2,222
2025-05-12 03:27:37,253bbddfd218ed929fd517929b5c758038a6f9e713a558b586c3111775212194,896352,38743762.0,238.0,6e-06,1,2,222
2025-05-12 03:27:37,f3756a063883e9dbf6302248677e20158a6afdbe43c2b61c44ee8ff64b233681,896352,25167534.0,238.0,9e-06,1,2,222
2025-05-12 03:27:37,ccabb7afd5209df5300b49889b5c46dc69a1fd3ba86b6152ae74a2cf57d66d79,896352,46887818.0,238.0,5e-06,1,2,222
2025-05-12 03:27:37,c51905d036615b509d361248f79e08cfe49837651ed95ff092f66043f240294d,896352,36260438.0,238.0,7e-06,1,2,222
2025-05-12 03:27:37,776651edfa53e95c3fa757849caa3027b4a789b4251e026e65e2ed97e308203c,896352,11825747.0,238.0,2e-05,1,2,222
2025-05-12 03:27:37,6b71346335583070b19436ba1596eb689ba721a0a832454407062c10e778962f,896352,3120998.0,238.0,7.6e-05,1,2,222
2025-05-12 03:27:37,d499b7491f2e7be6a34d3ac30356f9a53365eff514d1c6e241d17fedbcb3ad19,896352,41602450.0,238.0,6e-06,1,2,222
2025-05-12 03:27:37,b10ff327cd64ca3d45c2125629ff6c9804f2765d7c230ec758a3aff7c178a514,896352,20394749.0,238.0,1.2e-05,1,2,222
2025-05-12 03:27:37,1e7839b3b3ac63ed466214087960a43b46153ce425cb957cf63b3d8c06708210,896352,24783758.0,238.0,1e-05,1,2,222
2025-05-12 03:27:37,d4cbdd0fa3a1b3ca8c45e6143a3c71cc11e0f26ecb4770fd3e4ad0372a13c10d,896352,31922915.0,238.0,7e-06,1,2,222
2025-05-12 03:27:37,bfa7fe49e2488c45a8554c070a92ad41f78e9f1c1d3f3e89019b0057db77b90b,896352,1746066.0,238.0,0.000136,1,2,222
2025-05-12 03:27:37,b63b7cb0eb0f07a8c237f34cc1ebe685e7febd94c58696a41aabbbf9005b8f06,896352,43412672.0,238.0,5e-06,1,2,222
2025-05-12 03:27:37,6125de70c59df975187ca7a1cc2c3bf403dd909e2505a1372b371ff07bad6ed9,896352,11812.0,188.0,0.015916,1,1,162
2025-05-12 03:27:37,708482a1c3b8890b4a58535aeaf6d484e99d3b266604d7d1d4c066bfd869da87,896352,11812.0,188.0,0.015916,1,1,162
2025-05-12 03:27:37,60f5943a2c01853b4bec6c55fd882870f3cfd9a6d93ede3a41db529ea86da906,896352,99641.0,576.0,0.005781,2,1,335
2025-05-12 03:27:37,eeb5bce629b210c57ffb5bb29eea44d18f35fb99587d5d04d875898449b1d861,896352,9506.0,290.0,0.030507,1,1,151
2025-05-12 03:27:37,fa240e66953429ce6f5c10e39ba601595a0def3b3343aca2f7bb105a036fe62a,896352,9796.0,262.0,0.026746,1,1,406
2025-05-12 03:27:37,b1df93485d6962190868b074f28282b6350ddedec4dc8a64ca6e6d47c011f2df,896352,1098040.0,180.0,0.000164,1,2,234
2025-05-12 03:27:37,43f78066ca3ab8152e50e3297a814ab9fd7bebd6bcce7a77939193b596d1ba23,896352,953062.0,192.0,0.000201,1,1,193
2025-05-12 03:27:37,46995b701dde0196f035d789c4dc3b1200f5249387a3156dc2f2f9666d960821,896352,214547.0,328.0,0.001529,1,1,154
2025-05-12 03:27:37,0668ae0942c1c6a359d0c6e1f46fd75caf6069fe8dc6eed0389bd31679361f7c,896352,214875.0,224.0,0.001042,1,1,407
2025-05-12 03:27:37,10259079acabace97764271a275369814260ba30f465f3ff6cdb24aee6fa6411,896352,1035764.0,193.0,0.000186,1,2,234
2025-05-12 03:27:37,69b647d25a48c7d3ce19a3dccb62de0dfeee4233c28f14f98cde8d9e89c2a257,896352,1053498.0,593.0,0.000563,2,3,697
2025-05-12 03:27:37,63692f95aa441edf34bd723d20dbe8360c05c0ebdc5683c2364885676f6152d5,896352,31661.0,340.0,0.010739,1,1,151
2025-05-12 03:27:37,28e29ad330ba16f0775a4cf6d7eecd193423aac46d189a817770912d507ee80d,896352,532528.0,235.0,0.000441,1,2,194
2025-05-12 03:27:37,302d343100413e986f8b9164f445dbc642eacda033302a0162212826c5a70225,896352,532763.0,224.0,0.00042,1,1,406
2025-05-12 03:27:37,dbc4361972cc96c7a5a1043867c57f5c585961a355ea0b9e6a012376ff94e77d,896352,1001424.0,194.0,0.000194,1,2,234
2025-05-12 03:27:37,779c601a9ae7f3b618d4b932fa9ce6d8213e8706bf5d3d617b6873897c69d469,896352,7712000.0,1386.0,0.00018,11,1,1671
2025-05-12 03:27:37,a4266ca1582ce15f8a5eb71f3ee8eef728a58a3cdaecc60a62056882358a8cb5,896352,546.0,387.0,0.708791,1,1,325
2025-05-12 03:27:37,08d45c44c5caf0830306439434ab27ebfc09ba8f5b2bc3b4f47f4d7ccf12235c,896352,51227.0,154.0,0.003006,1,2,205
2025-05-12 03:27:37,f91eef13c3b36aea5b40b1f62165d132666d79fef9391c2d4d8e0fd3c66e0766,896352,546.0,387.0,0.708791,1,1,325
2025-05-12 03:27:37,0b06315157beda673a7ad0b753c90c6c3aa5ee99d5cc6fbf454d15da6107b4bd,896352,51258.0,154.0,0.003004,1,2,205
2025-05-12 03:27:37,2648e4167a0aef77c93e3d0cf466f20d26b4b0e83a5b2b324307d55d0681f0e5,896352,449999548.0,452.0,1e-06,1,2,255
2025-05-12 03:27:37,d00346599fa503b158843809824059d3c53e6791e41f8f95795d882e61177fb4,896352,271023359.0,252.0,1e-06,1,2,222
2025-05-12 03:27:37,a64e48ba7c34cc3b0eaf27a23d36ceb6980fc50743be92cb28ab6897af19a4a6,896352,251388386.0,254.0,1e-06,1,2,224
2025-05-12 03:27:37,d3fd23da2ea8e6720bf249dd3e43bf843f1279c93b9b3944f6495d09bd13829b,896352,253655605.0,254.0,1e-06,1,2,224
2025-05-12 03:27:37,5efb5e9884014d4d1bdce521688167ee910c6442318083de9c4225b5c2f788c4,896352,201507991.0,258.0,1e-06,1,2,226
2025-05-12 03:27:37,e5138af29989a5f30a5c603122a6f2e05c259b7d1b24c05fc9cc9195adb99403,896352,102136611.0,258.0,3e-06,1,2,225
2025-05-12 03:27:37,39a93b709d3a2145d562af007809ae0a35f5a95410968d0690f22e74634124c4,896352,614648.0,259.0,0.000421,1,2,225
2025-05-12 03:27:37,910202480caf7855e64e1d42dc52d02eecef397cf9fd692e32fb476342fb46b7,896352,455200.0,256.0,0.000562,1,2,223
2025-05-12 03:27:37,9e3b1310ee832ce2f9e03406d8d58f5a3d2d02253a6d41e46a1f842ca2d60444,896352,5796713.0,643.0,0.000111,4,2,678
2025-05-12 03:27:37,5851a77451e51b53199d0143d85b898ca312b4cdaffb1a34bab4185268eb00bd,896352,18293.0,322.0,0.017602,2,1,340
2025-05-12 03:27:37,b29645278a9f7a0c6d16832ee1bca476ff87cae7ccd50dbe8e0ddc30bc1f32bc,896352,8541821.0,326.0,3.8e-05,2,1,341
2025-05-12 21:13:18,d96c441bb0a2bba192b38c789d7a80b240159e2a1bbb0229cd1a51c9702ef3d9,896458,47635109.0,715.0,1.5e-05,1,2,225
2025-05-12 21:13:18,9ab2589412c63f97c63c59770a29811f9b78fd1dcd1958f04dc4f19252c5b716,896458,48387723.0,141.0,3e-06,1,2,222
2025-05-12 21:13:18,936c9353ec88f9089e62da6da74360bb40631c2b31e4cb4c5774f9145d7089dc,896458,49358793.0,141.0,3e-06,1,2,222
2025-05-12 21:13:18,0a95cfea40dbec25194c140d89f45bde484435b614d91a2e988c509a4b21d0b0,896458,5716500.0,850.0,0.000149,1,5,315
2025-05-12 21:13:18,016a5a0ecf87340400693c89179e243bebc8cfd2a4fd83611dc6400fbff1ff43,896458,1348728988.0,2860.0,2e-06,1,21,856
2025-05-12 21:13:18,e4e89dba30d0627ba6436f5386e4c8bfec8053f5681aad28c17162cf4c16281c,896458,1366227501.0,2860.0,2e-06,1,21,828
2025-05-12 21:13:18,beda593f20c92efc0cd4de90eace15f7afec1cd9adaae14749993e1f4f4cc631,896458,12779157030.0,2916.0,0.0,1,21,842
2025-05-12 21:13:18,8cb00121118f7c1901e88afb6ed4c0730042ba9b81131d907850033f6f124a29,896458,10133.0,555.0,0.054772,1,2,193
2025-05-12 21:13:18,c381225067ef71e5d32cabfd5272211b15461ffca411b8281314ac2f2fb35089,896458,284500.0,856.0,0.003009,1,1,486
2025-05-12 21:13:18,cd77f812617703526d3c672691f06b718cbc7d188b714d3e19a8c65332af0460,896458,950701.0,459.0,0.000483,1,2,234
2025-05-12 21:13:18,f4415d6a9ff56773043aa744c2f2adc2455e1d083e2c081e5b0689bc8a5497a0,896458,363000.0,1905.0,0.005248,3,1,485
2025-05-12 21:13:18,f614a8c4a827193c6d52a63f562a0385f5745dfbfe6eeda4c7e3eba3af4db426,896458,569532.0,468.0,0.000822,1,1,230
2025-05-12 21:13:18,159980162159cb67fd5a160143a00986c6aca893d6b18bddb9a34d294ac98ffe,896458,39676.0,564.0,0.014215,1,2,194
2025-05-12 21:13:18,e3cab941c2b04748fd94580cca8acbb26c890277b4c331878973089ad76d5d85,896458,261401642.0,904.0,3e-06,1,2,222
2025-05-12 21:13:18,c32999b102927202e7562a695de82d40e94e931f4a35d3a5eabde282716c8601,896458,261424846.0,904.0,3e-06,1,2,222
2025-05-12 21:13:18,7aec12070d50a36af509c2bd59215fe2e7c5c84d7d12e4eb58e61dea735033f0,896458,261448050.0,5640.0,2.2e-05,9,2,1412
2025-05-12 21:13:18,cfd25abf6024dd65b268f2829edf01d4664a3fff24e00c51fa2ad0e019ee97fb,896458,225524115.0,748.0,3e-06,2,2,371
2025-05-12 21:13:18,c3aff8ea238d5bcac0cd03eac2da2b5eceb553cf5b162cf1df0a50e07b793864,896458,263931627.0,1340.0,5e-06,4,2,668
2025-05-12 21:13:18,f4f5636fd63a28715c20bedf7acae51c1c357c67e1aad656fcb8cfabbe1183d6,896458,32304.0,396.0,0.012259,1,3,291
2025-05-12 21:13:18,80adadbe5b4efd6eae3e51045137db2df959d375659f0108b28f54d03f70fbd5,896458,111913.0,298.0,0.002663,1,3,294
2025-05-12 21:13:18,70105d52a3daa558f88be12f3ba818e76aa236be0435ad62dff9ff89a0b6a3bb,896458,149000.0,605.0,0.00406,2,3,442
2025-05-12 21:13:18,6b3f315f1f61f0595e6c617d14b62dc3a43e11ce444d2c4846b2bbf40a867792,896458,38236.0,360.0,0.009415,1,3,279
2025-05-12 21:13:18,328dfd91de413886e8805bac02c5ae6f0471eb3b27c24dc0d0050e9abc279773,896458,20014.0,1190.0,0.059458,3,3,590
2025-05-12 21:13:18,ea06fc710ae1630011070827aca46df624962ce941d5f2d8094160da1425d356,896458,1224774.0,326.0,0.000266,1,4,320
2025-05-12 21:13:18,5a5f51115203d5bfe45512da07d02dede0b2df6de8bf2db0ddbb25d42c4d1649,896458,4589191.0,572.0,0.000125,1,3,285
2025-05-12 21:13:18,5a655dceec4ead390f95196d78ebd2586dc8fe53a96880715d9db7614d637928,896458,205915.0,648.0,0.003147,1,3,285
2025-05-12 21:13:18,a163cacfd84e19378e65f479f260cd27276d4cc9131afd3950b9239e079d9e1c,896458,18900.0,615.0,0.03254,2,3,435
2025-05-12 21:13:18,3ac44343655721c1195f372e7e923ebf3787a3c57e64c9e7de2425d432195fc0,896458,508128.0,558.0,0.001098,1,2,223
2025-05-12 21:13:18,c6043137722c82628f531724283a946514eb0ea63e8bf65c69c8fee97ff51909,896458,480640.0,560.0,0.001165,1,2,222
2025-05-12 21:13:18,b05da9a62bc0b1afb841f0340452ad3ceb4ec1b9710030958933a7fb8e18962b,896458,47745.0,437.0,0.009153,1,1,191
2025-05-12 21:13:18,46993ba629b08f50560a0d6c2f8e0d55aecba17e8ced64e9e057ddabf69eb7d1,896458,1054824.0,561.0,0.000532,1,2,222
2025-05-12 21:13:18,5e198608589e3dd22cf91dbdfdd70dd3fc6dcc8378828bece976c5b75b1b1da2,896458,402172.0,561.0,0.001395,1,2,222
2025-05-12 21:13:18,459a77595ded4021645d393756efa372debcf9e5e1b837d7fc38983585b85a94,896458,34690.0,561.0,0.016172,1,2,223
2025-05-12 21:13:18,79b149fc3f331a52fab593190112ef0684a96656b2d14ed2e4b38593ad4d7e4f,896458,466956.0,561.0,0.001201,1,2,222
2025-05-12 21:13:18,a7dba6069552e68f5e4434e80dc392eef8cc95e292221c8a1bcaeb8a99b94b26,896458,200792.0,561.0,0.002794,1,2,222
2025-05-12 21:13:18,65296dba95f976fe5e5d2d0e26fca271b3ae594c3866a02d1bf6e60ab2b7ac06,896458,90162.0,561.0,0.006222,1,2,223
2025-05-12 21:13:18,112d37cd139fc940081b477267d49532c272c5ffa5638358e7fb8ad23e47c6de,896458,4069699.0,2097.0,0.000515,5,2,932
2025-05-12 21:13:18,f4066bf1477402091f50036da8c5f953182098a62a45cc201c7f813c768ab671,896458,329299.0,605.0,0.001837,1,3,234
2025-05-12 21:13:18,f86b99719c06861162d586ca42f009c913f91b60883046e45fc7ff7511c3d6cf,896458,996141.0,438.0,0.00044,1,1,191
2025-05-12 21:13:18,04fcb18a92079a114003e887f88f1c2206739605f410fcd9d7bdb16cbeb08c21,896458,1982998.0,846.0,0.000427,1,2,223
2025-05-12 21:13:18,6e48414e8c35ef91276386bd759fb2a69a97ceae909bae1f649baa66538d5906,896458,1999426.0,846.0,0.000423,1,2,223
2025-05-12 21:13:18,d4011f03f496f5e5975725592fc522d765b96eb226d4a475c90fe99b10c2f0ed,896458,2010304.0,846.0,0.000421,1,2,222
2025-05-12 21:13:18,06608312c0f2086553e17e9c9ce855dc457163556475aa2c1d9c69a7b6473bc0,896458,2054905.0,846.0,0.000412,1,2,222
2025-05-12 21:13:18,13002e9a9296c6ded70d33914c6417804d18a9ee2ad2f3c964f343cdafd5c2ed,896458,2092935.0,508.0,0.000243,1,2,222
2025-05-12 21:13:18,cb7b9077121dbc929a9e15fd8f12cf8a5898104403bc56f95b57ba838f30a8a3,896458,2113217.0,508.0,0.00024,1,2,223
2025-05-12 21:13:18,17f33407fae32a4120e944c8e06ad80767bcb73019aea37faf64de5444ba56f6,896458,2162450.0,367.0,0.00017,1,2,234
2025-05-12 21:13:18,8d60f39c4e104d44f4610b991a9ccfabedd60979d9348e5c7ae67f989c3d62a0,896458,2183274.0,169.0,7.7e-05,1,2,222
2025-05-12 21:13:18,04cbbb7a2c75559c12931821f0b835df43d77a7148199139ee7a650e0cf471c8,896458,2192468.0,169.0,7.7e-05,1,2,222
2025-05-12 21:13:18,1df74db35ba6772e1775e88878043c86437b79ef8c6d423d9c256ad566684fc8,896458,396531.0,1524.0,0.003843,3,3,584
2025-05-12 21:13:18,ee9055164fa8d9b32ce769cd995fd0e764340ae24a97ac8dfbff93773abf8a4f,896458,402099.0,459.0,0.001142,1,2,234
2025-05-12 21:13:18,7050d47a89b02503046e3b47cca5cecf3884e64d3eae0822bbaac63dd20386fe,896458,1258760.0,672.0,0.000534,1,2,250
2025-05-12 21:13:18,94b33dda66c92dbc3830a4cbe5e5efc8f31c1cd9e461d0b9b9771feac1fd53fe,896458,3989523.0,712.0,0.000178,2,1,340
2025-05-12 21:13:18,a88e9d5ce4854159190346ac2168a18a3039cfdd47574d35b992637f3f929ff7,896458,136320.0,968.0,0.007101,2,3,404
2025-05-12 21:13:18,69fddcb16b3ef64fa9a7428f91e77ddb505f207d82863a25ebdf5a1ef3e21cf4,896458,150871083.0,1440.0,1e-05,1,8,441
2025-05-12 21:13:18,f700234c5450f56559ca69b50aa80c13a7b920c6e6b4f69ef45c5cb4e741c7f3,896458,679712.0,564.0,0.00083,1,2,222
2025-05-12 21:13:18,ba42c89ea31becac5222f3cdd9a0f5799973903d819ca159cf98e89bdfbccff1,896458,12477.0,536.0,0.042959,1,1,216
2025-05-12 21:13:18,95559b4ed22b56a3762cb49acce1188fe72d7297424f674db22d93a344db6fe4,896458,1965047.0,1548.0,0.000788,2,4,790
2025-05-12 21:13:18,b30105906c6ff5546eb3ce4155919fc80e79514f15e469125366ccb84454eae0,896458,421142407.0,564.0,1e-06,1,2,223
2025-05-12 21:13:18,984d20288f6d68a3fcc31bf43f5b571a8aede8d67db4887974abb41b96c64ed8,896458,25891.0,440.0,0.016994,1,1,191
2025-05-12 21:13:18,250de323b84953b51f4e095969ab154cf2746c459f0615430889ed1a1ab97bd2,896458,4583240.0,564.0,0.000123,1,2,222
2025-05-12 21:13:18,227c3ea64537f40e8b75aa85e12e103ac60fce302b9b335868f5496bb2e700d1,896458,1589810.0,866.0,0.000545,1,2,235
2025-05-12 21:13:18,7a847e5e59fc85e1103656c4fb51d836334d226cdf49706e7943989a346653a4,896458,1892039.0,322.0,0.00017,1,2,225
2025-05-12 21:13:18,b00c2329a1c61fdbe47e67a5d069c4a35ab3cd4144c6c92e7cea32aaf6556ac5,896458,3538.0,732.0,0.206897,1,2,356
2025-05-12 21:13:18,5b1d1d4e30c21872a7afa041427a0ca1c0945d00aef1bba91ced5094384aadbb,896458,38750.0,440.0,0.011355,1,1,191
2025-05-12 21:13:18,446c525c3c1dcf7f0691c07ce98afad2dc133e489fe407ccb53c41e997237fb5,896458,19188.0,440.0,0.022931,1,1,191
2025-05-12 21:13:18,f9a5d7131efb97cd96de38726a6e4fa97ad82142d00e2d242f61779751c3d7b2,896458,11174760.0,564.0,5e-05,1,2,222
2025-05-12 21:13:18,3843ad540fbe30343c8ecbf8013f15d6fbcf2d60bbe028124ed5e1991f0d5eaa,896458,4172793.0,918.0,0.00022,1,2,234
2025-05-12 21:13:18,121946ff95ab2b756567ebc0559b91c038845a194819ac7bc8e9eb75e75033b8,896458,4759311.0,459.0,9.6e-05,1,2,235
2025-05-12 21:13:18,688fee5d31bf91a5d6cd88c06ccc1402167092a48b26a6e3163abfba3d490b26,896458,5345370.0,459.0,8.6e-05,1,2,235
2025-05-12 21:13:18,bb9db9ca9413e02840f8b92dcb68a7326dd1f1aff0234fc5974e2739cf0f30a5,896458,94561142.0,2468.0,2.6e-05,8,2,1265
2025-05-12 21:13:18,8d439b55c0764b6a22808bddfcb4a4a6354ce25927f8481457bcae8949755592,896458,201176.0,564.0,0.002804,1,2,222
2025-05-12 21:13:18,424a9adf04d58fd7e3be32c5ea01dd65c206e778c4950169547229150a44328c,896458,18491.0,536.0,0.028987,1,1,215
2025-05-12 21:13:18,b74c25a5fbc303683e0d749cd3675a753aa1498ee71ba605017fd53966232e81,896458,129185.0,564.0,0.004366,1,2,222
2025-05-12 21:13:18,c3862f6be2077ef171f3e819792fa4b85b34dd79ff2c6e08b7e220709d6c5b79,896458,155573226.0,564.0,4e-06,1,2,222
2025-05-12 21:13:18,a4b5a8bbef8de4fcb7530e7bd1a9d84a7a691d2b06c1c8620161101b1a8ebc60,896458,305888915.0,576.0,2e-06,1,2,226
2025-05-12 21:13:18,3d834050f04a917b6d2a863449ef84dce61e5e57d7e3be6f1caa1dc2b09d6f60,896458,167644.0,572.0,0.003412,1,2,194
2025-05-12 21:13:18,06ccb80084bf0173e6a3ad528121cd843280ae46a36b4ff828b1cd409bcc0558,896458,63133043.0,846.0,1.3e-05,1,2,223
2025-05-12 21:13:18,502d3d7400df2f43cc593021c2e009c88621e18d223c28ef8194470fa596d524,896458,63227992.0,282.0,4e-06,1,2,223
2025-05-12 21:13:18,ef60c258ff3f57eeefec0388e3ca5e98a07f5aae3941347011412ff58e0b1057,896458,3553349.0,1072.0,0.000302,2,2,431
2025-05-12 21:13:18,3add59e783eb49f4095927944b9cb344d336abe2a2dc4eb050bc21b63fc5ab51,896458,15907.0,1064.0,0.066889,2,4,398
2025-05-12 21:13:18,bdefdf2e9f7881dc508c807466cf656d62b3030a04817d045e884d5638941149,896458,26487.0,440.0,0.016612,1,1,191
2025-05-12 21:13:18,6a9dab7cca4017f4a3f1535f91466eb1b38b5931a3d289e3dea8062f3d1fe647,896458,906052.0,836.0,0.000923,2,2,372
2025-05-12 21:13:18,535b93a237ab2118bde30c8b594fb0b0b9dab54d44fde9887c9e575b0700eb38,896458,351523.0,564.0,0.001604,1,2,222
2025-05-12 21:13:18,1c08a44e41b269c80f807577e29c420c01f56ce10695fd0325627381c728c236,896458,625684.0,2800.0,0.004475,3,12,881
2025-05-12 21:13:18,4ae4b40a6b0e527b5de37497b1efdea8aa15c7e896970add3eb0b6f09cb24e2c,896458,38821.0,440.0,0.011334,1,1,191
2025-05-12 21:13:18,a7640733cc0ebee94550286ce80268cfeb231d7bcbe4c8a894feb665b7be612a,896458,170506.0,440.0,0.002581,1,1,192
2025-05-12 21:13:18,8a58e8fd4f126fd761921182920f3e25f5679a48a922d8b3d5e384ca4f29592a,896458,13254.0,440.0,0.033198,1,1,192
2025-05-12 21:13:18,15f55145fb50dc4905304a4998da31d84987248a2424f87e2cc66b6b68a84720,896458,122786.0,616.0,0.005017,1,2,205
2025-05-12 21:13:18,714a3aeb011daa573c57eb0a6ce5eaba0b559cf245be3d95eca81ce67294de18,896458,19785988.0,616.0,3.1e-05,1,2,236
2025-05-12 21:13:18,e2abb11edda1319b0f09096a7b232c7fef0f68c8762e0954200835791f2c4377,896458,921375.0,3000.0,0.003256,3,3,450
2025-05-12 21:13:18,8e590128b0897a5ce3b57112b8bd22b933d5600ae09a7e038ecf380c61217867,896458,17959850.0,241.0,1.3e-05,2,2,302
2025-05-12 21:13:18,fb221373357659ed00e3c3e36d08de26142b5d8bf29b7b3638fddd1bb2a67352,896458,17954875.0,241.0,1.3e-05,2,2,302
2025-05-12 21:13:18,9d27ec82118873d0b07024c11aeb0c9c8aeb26956e9c3a90c04491a24edec0f8,896458,55038548.0,286.0,5e-06,1,4,320
2025-05-12 21:13:18,d126ad9681a90fd8d5416c20345d21ab2accd45b2a1834bc57c790d40a0d33d9,896458,981874190.0,17972.0,1.8e-05,65,2,9729
2025-05-12 21:13:18,ebce00bbce177631ed8c92a1ae463567bef41dc21c74d7aec05540f10d8fcd61,896458,1243603.0,2244.0,0.001804,7,2,1125
2025-05-12 21:13:18,ace02970a7c13a7bf858f5e4d6a5bb1f2062f403d99a9a925233b9055dc7e9bd,896458,1731078385.0,17972.0,1e-05,65,2,9725
2025-05-12 21:13:18,6436731865a7373527642808c7c802fde012ae13fd848d68165031a20cc9951b,896458,1231877.0,6152.0,0.004994,22,1,3306
2025-05-12 21:13:18,53de4780b498b28999cf4782f13bbd7b59ade70e8007af24d0cbb8d1924ec511,896458,639300.0,566.0,0.000885,1,2,222
2025-05-12 21:13:18,2ef2d47cbc3f020a0a1b212f8fb4eeeba4a451ef5a7cd8d330926eb302329504,896458,3335911.0,1108.0,0.000332,3,2,518
2025-05-12 21:13:18,6852ea315caf57f6c948f86bbd8cbc2282032e2bb39598b5f0f0a8de5e0cffbe,896458,231697.0,892.0,0.00385,1,2,222
2025-05-17 09:20:31,43b87c2b74587a07a3d887b99ce35d79abcc5f3304b8352d47bfaf8e3273353b,897083,484989.0,1254.0,0.002586,2,2,372
2025-05-17 09:20:31,51e328f0a3146a2fdeb4b7cfc11350917862305bb6d943cf16c08c0450f67d3a,897083,13083070.0,846.0,6.5e-05,1,2,222
2025-05-17 09:20:31,97292a976f2dc47ee5c7be18f9bcc959f603d99efdaec72b01b5884e92fed938,897083,6576274.0,2538.0,0.000386,1,11,504
2025-05-17 09:20:31,73ba94c7e7e8a0b6bd9a67a443df898f04f34e737f3cfacb0c08e7c424eac432,897083,59425695.0,990.0,1.7e-05,1,2,247
2025-05-17 09:20:31,45c8a98da0c5aa4f0674a642262b33e143cad7a99ff2e50ee796b3107d13b82f,897083,1139348.0,1152.0,0.001011,1,1,192
2025-05-17 09:20:31,5f3c4b3515621c87e282665db948a8b7c3efa84f8caf96b2cf0d9a9274f6112f,897083,3548369.0,2910.0,0.00082,1,13,566
2025-05-17 09:20:31,2535ff786a9a8129c4675144ab46700d09a3ea4dacc716478325798ce26a0e2d,897083,95593301.0,1551.0,1.6e-05,1,5,316
2025-05-17 09:20:31,f6fcfd3bf56f01e51a59409e09a98905f32a6912d336c5ea0ae0d87b27907e4b,897083,95696030.0,705.0,7e-06,1,2,222
2025-05-17 09:20:31,729469babd9429b1769e494d02becddf82fd03a1e36485f87dce684ac707792b,897083,566.0,678.0,1.19788,1,1,195
2025-05-17 09:20:31,d1895625c38e68ba29f827a993dafc755259034275f5fdff4784c9f21b4fee2a,897083,290154717.0,864.0,3e-06,1,2,225
2025-05-17 09:20:31,9b60775eda2934e5429757b2a7dad12836b23dfd4e58d0782e3279a54e888a29,897083,616286.0,846.0,0.001373,1,2,222
2025-05-17 09:20:31,6bd0c7e80901d28302844b502fa56c3fa80ca339d704acc62a8d79424e80c028,897083,4998356.0,666.0,0.000133,1,1,193
2025-05-17 09:20:31,f827927eaebe63b2d96bb5ee9718d2e81c84e5fb3007cf4cfebb1530ded53f27,897083,96614.0,924.0,0.009564,1,2,205
2025-05-17 09:20:31,58a86d04f79ab1e217b6988e8227f3ac25a8b14dc1e44c5ec4274172d426ca26,897083,26467337.0,852.0,3.2e-05,1,2,223
2025-05-17 09:20:31,e6583a94751901757b6b0ff07b34e2c3370cb90951718372e6a171131fd15625,897083,807932.0,1032.0,0.001277,1,3,253
2025-05-17 09:20:31,d87db173f04463a107390e0c22f938a030e727935e9a26cb72478e999ceabf23,897083,2721252.0,987.0,0.000363,1,2,222
2025-05-17 09:20:31,fd81f5ae4c6a6917d9d846f22bc39f79187df974665f911202054993215c8d40,897083,2762295.0,705.0,0.000255,1,2,222
2025-05-17 09:20:31,01264c0e3a72a3134b57660cf7e2734382dceaa6e29bcd9299399a43f4954123,897083,46790.0,846.0,0.018081,1,2,222
2025-05-17 09:20:31,ef0285e183fb0334d4c1829d6041bd1a421bedb8b2d643a19d3a0954e4dfbd22,897083,117620.0,864.0,0.007346,1,2,225
2025-05-17 09:20:31,367c24ea6e87b89fdfe465b5c5cf86bfd1f7bf4a84ea112599a94bb6cfb3971c,897083,92956.0,1218.0,0.013103,2,2,303
2025-05-17 09:20:31,e2ac827eacbb1c28102e727e600972bda2be68bc67a16f46a1a00e367e980f1a,897083,822335.0,1788.0,0.002174,1,7,379
2025-05-17 09:20:31,3edba729a97566819e5a63fad490c03e0dfcc0c15725ddce42dcaa72a8456c18,897083,546.0,918.0,1.681319,1,1,330
2025-05-17 09:20:31,23a574e402f1a02a2b234df2f58ac42d9909319193533388da268e775dd9993e,897083,95461.0,924.0,0.009679,1,2,205
2025-05-17 09:20:31,bcddd99c6dc780a2b2f0f349521e91de792b2c42bede693154f6aa439a96f915,897083,1930072.0,918.0,0.000476,1,2,235
2025-05-17 09:20:31,869dcb2b881b4b72d42cbc39237c2b8051b39a54f1b10efa208e7618dda77d15,897083,2029518.0,1128.0,0.000556,1,2,222
2025-05-17 09:20:31,cbaf72b772ce16ba6aed101fff7bb785be3bedbfaeec07c611153a8f4265c462,897083,2045222.0,564.0,0.000276,1,2,222
2025-05-17 09:20:31,4ff993fcc24fb7ea8e25c79fb9daa7481f32c96398d6e40023b9c06ebafb1415,897083,3417193.0,1218.0,0.000356,1,4,284
2025-05-17 09:20:31,5a740d039cc53d533288315172489f488bb566a707cc386efb34fdf4083a7912,897083,483706.0,666.0,0.001377,1,1,193
2025-05-17 09:20:31,6cafb06cffc645ae0338b5b9e794b66c5ab7cbae72990c486d50c639a723290b,897083,552581.0,1158.0,0.002096,1,2,359
2025-05-17 09:20:31,744fe50a177a37850695682a7cf30d28b2677e6ff2fc8713ca31adeb071b7e02,897083,33412.0,852.0,0.0255,1,2,223
2025-05-17 09:20:31,82de6842eeebd81516cc8232e2e419fd92b407f046da15521c4ee9246c190700,897083,13308743.0,846.0,6.4e-05,1,2,222
2025-05-17 09:20:31,8e6a7283cffb969c39cfb75dc8b27bb064af68f2528faabb8745cdb733b0d727,897083,22050528.0,11010.0,0.000499,19,3,3365
2025-05-17 09:20:31,63f384b972a2d24518514d2518df2d5a8f93cd7b0a5da6a2fb3a431bd222d57b,897083,7671.0,3169.0,0.413114,2,2,300
2025-05-17 09:20:31,5fc835ebef06e2461a4b5efa4f148ba51e26c64f4a1ba904cd694816835e1355,897083,284667.0,254.0,0.000892,2,2,313
2025-05-17 09:20:31,2c6cbf610d92f7b7decceab22a699ce55eb7a96f70fc8eadd34dc0489701fad5,897083,734362.0,237.0,0.000323,1,3,248
2025-05-17 09:20:31,ce5a1ba283553e3398499eda9668fc003bd6c812cca81454d80b9fca6e1d219a,897083,2961294.0,6558.0,0.002215,15,2,2303
2025-05-17 09:20:31,ccd0a2d0b581b8a2c7b94079ac9f5b846a5ebea2b0de95220474eceab9e38ad4,897083,81323832.0,45096.0,0.000555,82,1,14112
2025-05-17 09:20:31,abd2b8d8b6e8b5cd73279cdcc5de488c770e902db811097d783239437a976423,897083,828170.0,4110.0,0.004963,9,2,1406
2025-05-17 09:20:31,5f1b5ee1426c0916a07e05bb93d82877e6f9c6f5fce8044dc469cd3540a06f7e,897083,330.0,1011.0,3.063636,1,2,339
2025-05-17 09:20:31,e73ddf7b8d862ed9bcaf14fe800681554f466664eaf810e71a8a3fec7af21c09,897083,104739628.0,1210.0,1.2e-05,1,2,226
2025-05-17 09:20:31,ce2042a8e28507be250bc54b2dcaa944ee724cc61fae616ef860049db8174985,897083,107674429.0,677.0,6e-06,1,2,223
2025-05-17 09:20:31,e22a3cfe49cf51f3ca2d3b6df7dc7aa1b2af628cdb56f3132c98b41fde740601,897083,107703720.0,677.0,6e-06,1,2,222
2025-05-17 09:20:31,19707bf682571f1dcd95e5ec31af7547e1e5f1e7cfb6457c5947359ba00d8385,897083,37380.0,927.0,0.024799,1,2,205
2025-05-17 09:20:31,2bfdd9d84cff08dfe369f68f16c19306fa1134ecd7a0b29edc3b0e3af657d79b,897083,15372981.0,4530.0,0.000295,10,2,1561
2025-05-17 09:20:31,c1313fd96f9e79dddb662b4d71e0f1c1f0719b344cb30ec122fa68f8b4548ee8,897083,55590.0,1500.0,0.026983,3,1,492
2025-05-17 09:20:31,02d78bab8091caead43efebf3662d748eb20d11e6197c3cb87bbe4c1d70138c3,897083,159460.0,1440.0,0.00903,2,3,401
2025-05-17 09:20:31,6ca6835cced4270cfbd917bb833b0f29ab52a54fd3ee3e1375fc6414e8521920,897083,934247.0,1440.0,0.001541,2,3,401
2025-05-17 09:20:31,64143292590654564290c0520bda7fda7ddb7b75dfe76a0a914b68f28eac0590,897083,46319.0,1356.0,0.029275,1,2,225
2025-05-17 09:20:31,cbda24d2aca3f27bd366d175852a98ea935b2d3e14f854bb1de76a3a3d1dd413,897083,326135.0,2706.0,0.008297,6,1,933
2025-05-17 09:20:31,fceaf64212c3f10bb9d4671b0a1a722a9f2ccc4b911ed8af991849f904f1b5cf,897083,94377939.0,1344.0,1.4e-05,1,2,223
2025-05-17 09:20:31,d183f44e110997299947be117e1c237e798dcd4ecfa0547c46f54c10d95033a1,897083,18327.0,1344.0,0.073334,1,2,223
2025-05-17 09:20:31,b5da1a5927da37de0b88988feee1a5b6f8f487f806f64ac038f0bdeaf0bc0df6,897083,635454.0,1338.0,0.002106,1,2,222
2025-05-17 09:20:31,208488482daf46bbc983f994d3a9ff41fa2b198f55d11eba9bc6606104facf8d,897083,705598.0,1338.0,0.001896,1,2,222
2025-05-17 09:20:31,2a8c2228de8fac64a7b823f12038a86a493572f11f239c40740f5628d5849463,897083,10346440.0,1338.0,0.000129,1,2,222
2025-05-17 09:20:31,473da7d01d56aae1d4ad7f0ee11df61d79825095ca6ed5f267a0b0047fd9706b,897083,8406759.0,1320.0,0.000157,1,2,219
2025-05-17 09:20:31,ece84bb7a4076246bba4201b3ecc8e020e6dc673a346381fdd72b8f83fcd537f,897083,9890925.0,1302.0,0.000132,1,2,407
2025-05-17 09:20:31,0b08b6f1724781e9fac2ec09a35f09444aa61aeff0592efc7040aaa69e2de3ae,897083,114021.0,1272.0,0.011156,2,2,373
2025-05-17 09:20:31,c82321e615da8a6742c7972a2a1bc8a8e3f3efe1856d520ed2d8005dfc2ff812,897083,166160728.0,1272.0,8e-06,2,2,373
2025-05-17 09:20:31,e6d7e85d3adfce5946d6ee8d77ffab7191d942bc5796493407e78c5271638fb1,897083,40861.0,1266.0,0.030983,2,2,342
2025-05-17 09:20:31,15fb8f3d280d24e4d45859230e49d0151398d5dc56cf887bb51cfb9be21c4599,897083,1702029.0,1260.0,0.00074,2,2,371
2025-05-17 09:20:31,3257a795fac4cf4f6f51b00cfbc7c7c1a4fdbc74016fb04528dbb447739ea83e,897083,533691.0,1254.0,0.00235,2,2,370
2025-05-17 09:20:31,d786b556f1848cc2f08527383283212e9d536f96c6f8f6ef931768fdeb3d7a39,897083,96457.0,1254.0,0.013001,2,2,370
2025-05-17 09:20:31,bc2daf774b4a0eda0532495382467050c045901f09253c21fe7c3207ecdf31d1,897083,50406.0,4094.0,0.08122,4,2,679
2025-05-17 09:20:31,46011e9d7d2420b58c636ad1a54bed8eef95cbd152d419b38779d4650bfb862b,897083,1196684.0,1158.0,0.000968,1,2,383
2025-05-17 09:20:31,6846607910a19c21acda08895cc33178c71f327408d0fd9d2b181b58cbd048b8,897083,50495.0,1140.0,0.022576,2,1,351
2025-05-17 09:20:31,e38b166c32b2897eec9304a9509648812793c7195da7bf3782d8b8c34001426c,897083,7384840.0,923.0,0.000125,1,2,234
2025-05-17 09:20:31,06489d34b0b54e0ad0dc92b7253e4f0a4a8c0ef5086eaa025c7df2c248c8ebae,897083,3153800.0,1068.0,0.000339,2,1,339
2025-05-17 09:20:31,3536ac40c7cf6cdc2aaf90347c1f7e9d22fd9d35e348b34e5357ad3ebb10af4d,897083,9992416.0,930.0,9.3e-05,1,2,205
2025-05-17 09:20:31,05a3ffccb0faf77f38a6b94ec5e55b111b415612f3bfb51181a2280e7fce0ecb,897083,2941100.0,876.0,0.000298,1,2,196
2025-05-17 09:20:31,56b4dba598a05f2707cc88badf1d549b3a98181ef434609656c44ec5c6525369,897083,1790877.0,864.0,0.000482,1,2,194
2025-05-17 09:20:31,0eee04f3af8258233614c02585cfe4a64918d0425f5647ade07c94045f0ec398,897083,1305021.0,858.0,0.000657,1,2,193
2025-05-17 09:20:31,384ce2eeddd3c703f87a8a0fb718aa6c345740df62e96b3fce372cfbfc296174,897083,2969012.0,858.0,0.000289,1,2,193
2025-05-17 09:20:31,7faa00ee6f92ee0db8d7a8c3b705e4a34e4d3d778e2cc6503f0e2766ef7dc41e,897083,2471518.0,858.0,0.000347,1,2,193
2025-05-17 09:20:31,0d5dabf193de6066cd6250573afb0f320adc8cb9533d981f4cf71c84fdf31aab,897083,2050566.0,834.0,0.000407,1,1,303
2025-05-17 09:20:31,9b1fe462cef82ee2f027d3e6c5022807b180778f3705502097914b12f17638cd,897083,6696.0,11808.0,1.763441,33,1,3586
2025-05-17 09:20:31,3c68cbdb9991df2d9cde6456b381ff89b84724447cb440490fa13679c87106f2,897083,415403.0,684.0,0.001647,1,1,195
2025-05-17 09:20:31,f03c8713e07ba7a93c3110c1f67a5c189a8270a2d73fb71175d98c8024e105d8,897083,841560.0,1350.0,0.001604,1,2,223
2025-05-17 09:20:31,85e0ccb2c86d9eb89cf77bd82039ab3e014e7c0868d1c48e6e14b242bd2213ec,897083,58665.0,1344.0,0.02291,1,2,222
2025-05-17 09:20:31,de4e51f77feda49740708a002a5f66cd3b0434c2d533abf5d4ffeb59ed8f529e,897083,50328.0,672.0,0.013352,1,1,162
2025-05-17 09:20:31,27756c458ee74aa5372c686fadf3dd2450a4d725bae6ba67ba403e18d30aa048,897083,1132033.0,1344.0,0.001187,1,2,222
2025-05-17 09:20:31,58e8ed523535a060f1ca1567a8014d7f04b3edb29762fee993ecc628181a7edc,897083,410126.0,7416.0,0.018082,8,1,1224
2025-05-17 09:20:31,da8ef584674dff11c0ef552698064536327c8b24e3fb26d35e04b110a81a6150,897083,22362.0,2244.0,0.100349,2,2,370
2025-05-17 09:20:31,d11af2744ec317108aff3edc30e8cb4584a7e781d9b87bc052a7f405f60b0565,897083,16722761.0,1198.0,7.2e-05,1,2,222
2025-05-17 09:20:31,fc314091d70a5d4c102fb44d2deaf448b75b96663fdf80296096364bf5b17820,897083,16756044.0,1015.0,6.1e-05,1,2,222
2025-05-17 09:20:31,19aacba132671459db6a170fbd4e61cdb3e04c4f6c33148bf49b4e5e71b51c91,897083,16905785.0,846.0,5e-05,1,2,222
2025-05-17 09:20:31,e496edc14a4b59acf3177d1358c835c34b501a8579aaf6103c7c467f134999ff,897083,16935224.0,809.0,4.8e-05,1,2,223
2025-05-17 09:20:31,5d0b76ffbfa13fb9f5fc50b2114aee90e1f883ee996ecc6edf831efc5ce2994b,897083,16959348.0,705.0,4.2e-05,1,2,222
2025-05-17 09:20:31,bb0cc236bb3a63fdb7fd7fd72092123eb4a494ec4f4e0d8957ab0fda34c3c593,897083,16997417.0,564.0,3.3e-05,1,2,222
2025-05-17 09:20:31,d525a28f858fe58bab2567d2abb0b7549b801007b88e7d89538aa797de03ebbd,897083,1497571.0,2640.0,0.001763,3,2,518
2025-05-17 09:20:31,8286b323f7ec232a5ffb60f64644a779e4fdbc37e661af46c84919a6a193c2cb,897083,131660.0,935.0,0.007102,1,2,205
2025-05-17 09:20:31,d68318a5c818387e75daa3b7e6304e002d3c96c65aeee55e0d2e66ec60621cba,897083,243968.0,1287.0,0.005275,1,1,190
2025-05-17 09:20:31,f0ee89447e384833ca55f1936d25361ebc68bfa43c3faced7166fc9bc463f1a7,897083,5310008371.0,2342.0,0.0,1,12,570
2025-05-17 09:20:31,f27febc273ed46d43b0e4fdccee4924d0ca1a8f2cdab27da988d66a2f381e9ae,897083,10113240.0,5238.0,0.000518,9,1,1587
2025-05-17 09:20:31,d86f43a481b8dbe2808afdf450f05e141d6056acdf02e0df508e86b90fa8eed1,897083,1115707708.0,1254.0,1e-06,1,4,288
2025-05-17 09:20:31,6719e747d04f390a2ffccd9315e04d9d44a29499c7d067fb18b1bfb2790d8463,897083,1160905881.0,1242.0,1e-06,1,4,286
2025-05-17 09:20:31,90fbb7914a5819893c30736246d0a4702ebc5ae725af0936798a922858c9a0e2,897083,91879.0,1078.0,0.011733,2,1,339
2025-05-17 09:20:31,6008dc88ca45c94b39b4fefa87221215fd315268b486b541873ef019fb22a664,897083,1933.0,2965.0,1.533885,3,1,486
2025-05-17 09:20:31,b04d843e32bb065a576cd3e18b2073e984021171675fb4a78120e5f299684f15,897083,1150800375.0,1068.0,1e-06,1,3,256
2025-05-17 09:20:31,d965f287f56a57d906d73faff0e19920e0e5aebafa79ee687fa6122a7b2d8441,897083,1882593.0,934.0,0.000496,1,2,234
2025-05-17 09:20:31,b0c30253b3dc1cb57a476e8e72171f9fd49bc843d7068e61a3ff387582d7b9af,897083,651343.0,2100.0,0.003224,4,2,668
2025-05-12 21:13:18,1b0ac336b10fe7c861da9e4d459c59e72f181a73e5a5f05d908ea24de15c2b41,896458,9796118.0,4512.0,0.000461,1,2,222
2025-05-12 21:13:18,97deb6ecaccf156354e345e7f2566f3eb01cf42e446bf3fc657f07223861973f,896458,384240.0,4512.0,0.011743,1,2,223
2025-05-12 21:13:18,2c4c3634aa4971b61afa1c9b8d23fc173f4c8368c95fb2644647733a4118613f,896458,499545.0,6720.0,0.013452,2,2,372
2025-05-12 21:13:18,c8e9ba3e37be6516f604a3432318705a4f20f14d5050bb596d154b19a412773b,896458,67964.0,6720.0,0.098876,2,2,373
2025-05-12 21:13:18,dbd823abd0eeefa9e1e681d3f1c4fc0d5463529cbbc01385b940419b2d03c637,896458,269549.0,4608.0,0.017095,1,2,225
2025-05-12 21:13:18,dabf95a7e43a6bd96c94ee761d59c76b3dc236b76e8c5e80bb4d3eb4b32dfc33,896458,134036.0,6784.0,0.050613,2,2,374
2025-05-12 21:13:18,90485e2f1374667c80c0f85dffef49f614e6efbb2f359477c1510a8ebcc61c32,896458,994025.0,4608.0,0.004636,1,2,225
2025-05-12 21:13:18,4aa67bc4e6bd0c84e8d8319092889009a0299a901bd806fd3687511b9c66242f,896458,116809.0,4608.0,0.039449,1,2,226
2025-05-12 21:13:18,fd6272e2e811ccd350d0e10da5b849e8fc0e6a5210965e0806239c4f13af172c,896458,2435560.0,4608.0,0.001892,1,2,225
2025-05-12 21:13:18,8e2d428dfdd781df4564f6c65915b1a3d88a9592ed94c8cdb2bfb08e7997e62a,896458,382872.0,6720.0,0.017552,2,2,372
2025-05-12 21:13:18,0549cc3c735c19a61aba7488fe197550e6e9e2a07e0ba3e0d13b36578209f922,896458,482885.0,3520.0,0.00729,1,1,191
2025-05-12 21:13:18,c03bfcebba035255e5ec2d958670986d81d72a0ce6604e0a20034bb1af1c7721,896458,1148005.0,3616.0,0.00315,1,1,195
2025-05-12 21:13:18,a1236d974067fecfc4e312c23e2023e8e5dffb365a14f7d114933bc54d9f9f1f,896458,2431257.0,4512.0,0.001856,1,2,223
2025-05-12 21:13:18,3f5838ee23b41589af78ae18c0e4d34992f4578eb43742a8bd8103f63cb16b1d,896458,11697.0,4512.0,0.38574,1,2,222
2025-05-12 21:13:18,341470d377f0037135f644fea70cc041a752359281eb2cb10df33575e82da01a,896458,1354511.0,10880.0,0.008032,2,1,340
2025-05-12 21:13:18,00abafc9142c90040123fbb9218daccd2cf6592f2941f0674f15f13b5a7e4267,896458,2344167.0,4608.0,0.001966,1,2,226
2025-05-12 21:13:18,81cb778028683f4124dc6d2b3517c35746de041862422c8e4011dded3096b018,896458,526704.0,4608.0,0.008749,1,2,226
2025-05-12 21:13:18,8e3beb7b88e27ffa2964111eb4ebad55f87e88cd0a3c70c20b795865d948ff17,896458,71020.0,4512.0,0.063531,1,2,223
2025-05-12 21:13:18,12b0bf67e288d50e03687a1a1a8ec766776598fb941ebc4d07136394fc22ea17,896458,42513.0,4512.0,0.106132,1,2,223
2025-05-12 21:13:18,dcf3e1a26a067b450ebd404b95b7bb89c6b1bbfe69ed383506402521a0a17016,896458,16104.0,4512.0,0.280179,1,2,222
2025-05-12 21:13:18,2323674c48ac78b88a60a7a265d9a30694fbcf791652bce703999eaef26ca313,896458,63727.0,4544.0,0.071304,1,2,224
2025-05-12 21:13:18,a40902c88185c91fda7835b43f3efb704855bda4280a78807377441748fbe904,896458,681586.0,4512.0,0.00662,1,2,223
2025-05-12 21:13:18,ae5e7ba6f7b526907cc8b029f5ad2e872a0f4585ec9dbbead961e1ca034b9203,896458,792693.0,4512.0,0.005692,1,2,223
2025-05-12 21:13:18,0b50c93f29728c47ad3cb73741b5a5c3e47d99914c6b3cf70c8660cc30f7ab02,896458,82759.0,4512.0,0.05452,1,2,223
2025-05-12 21:13:18,98b56853f6da30c8e850e381d22710d64fac350d6e871523145d5b094dbc9001,896458,2783469.0,6688.0,0.002403,2,2,372
2025-05-12 21:13:18,fd2339021e51582e76ca9727351a115d38300e016747690c31301594e3fa69fb,896458,3161836.0,3553.0,0.001124,1,1,192
2025-05-12 21:13:18,3c8737e266f1ef3795fab8d5286ef25d4c3cec4b8a79e9a25bb4218aeeffc548,896458,6331769.0,4608.0,0.000728,1,2,225
2025-05-12 21:13:18,bd7d029673c3198e4e41fe947da8e07079ae793aacc78aebc587af027636d609,896458,88489.0,3623.0,0.040943,1,1,195
2025-05-12 21:13:18,64302142e9434814686effcca95c47ebd620171055b2a95e1b488b80b92b76f9,896458,1235280.0,8000.0,0.006476,3,1,492
2025-05-12 21:13:18,d9df874ac4d1482b52d01b0102f886a474cf966b23a064cf234280e3e4aa56ea,896458,2439848.0,6784.0,0.002781,2,2,373
2025-05-12 21:13:18,b26a1a33222ee29eb95ff8bbe06cac2ac311704b38019c6a8e1a1369ed5005d6,896458,813042.0,6784.0,0.008344,2,2,373
2025-05-12 21:13:18,7ad15f79fa20a4ac1b66539ceb0a4c7aee22d5643e8101ac7d7ac2893cbdbfbd,896458,528760.0,6784.0,0.01283,2,2,373
2025-05-12 21:13:18,472c0a93a72c40da9276a9a9b8d1234a157d511fd96c0f3615f5d36bc08fdc48,896458,1121062.0,6784.0,0.006051,2,2,373
2025-05-12 21:13:18,b24e19f5cf912f9d4e97d0157bebbe5276375c2e554cfa2e3d2428cc486d2941,896458,51750.0,6720.0,0.129855,2,2,370
2025-05-12 21:13:18,0feefb03e89bb8d72cf777725d9eff1baf8173c3850f1e2b1adbb43d7a88b993,896458,179409.0,6688.0,0.037278,2,2,370
2025-05-12 21:13:18,d2ccae342f2cedaedc147dd816321388680e075df31ff08d02df6d3976f2f775,896458,2431617.0,6688.0,0.00275,2,2,370
2025-05-12 21:13:18,70649134f8cbf21028f48887516ec3339166820c2ac2532f2d5b55a410a40eaa,896458,1144149.0,3571.0,0.003121,1,1,192
2025-05-12 21:13:18,64b08f1db73f567ecfbd4ffb80e0c544a1e7b35f36805b1f04061e66c16c9d95,896458,715697.0,11072.0,0.01547,4,2,667
2025-05-12 21:13:18,794c7b9df9d021487c5a4cea312a6e1935c0ff4ab28aa9ced317128884d74d9c,896458,137379.0,10080.0,0.073374,4,1,637
2025-05-12 21:13:18,1a53fa1ec5216fe365808bb31b6c08feb4d65998283ccc46f6f440986d871e53,896458,263851.0,4544.0,0.017222,1,2,222
2025-05-12 21:13:18,c2e92068c12199848e2f456618304750ab3dc8dc818672c64600258024bb68ff,896458,130773.0,6080.0,0.046493,1,1,188
2025-05-12 21:13:18,826aff2a626f35e8d02cd8e5a51badaf4532d8b472214cfff0be7296524842e4,896458,83282.0,4664.0,0.056002,1,2,226
2025-05-12 21:13:18,6f934b84db8da116c9fc67f6267cf5be19ecb4f4f47c04a174286ca2af3c43a6,896458,387286.0,4600.0,0.011878,1,2,223
2025-05-12 21:13:18,16c0352cfa1b1b296f8810c3152c0fdcef8eed5a4cba43773a2d0511ab2a9f71,896458,11596196.0,4600.0,0.000397,1,2,223
2025-05-12 21:13:18,12e553500e583556dad2daaf355fb44149f65ddf56e8ead575e3e34196f0d776,896458,144053855.0,14679.0,0.000102,1,11,535
2025-05-12 21:13:18,b38e41ea5efaedbb5abdd01010e0bfee4e56305d172177907c1c8930ca0664ea,896458,669198.0,5752.0,0.008595,2,1,339
2025-05-12 21:13:18,610ce1d16b2059beae9d25ca4d99bdaaeab2126e0aeb37723139ca61c83e1546,896458,179557155.0,19868.0,0.000111,1,16,693
2025-05-12 21:13:18,9e294b2aab5f72893ee6271cb4da87fcc774735a77f525479e49983ac2a64a66,896458,22924655.0,4625.0,0.000202,1,2,222
2025-05-12 21:13:18,086d45d6691487e5aeaa2b0923ea378f6bdc112e9a68b31b600141115b6a7407,896458,88264.0,6930.0,0.078514,2,2,373
2025-05-12 21:13:18,44579a503683ab612b4326b0135b08ec6d35c98e2bfde220cdf9b0ee5b2cf5f4,896458,13484100.0,34596.0,0.002566,12,4,1922
2025-05-12 21:13:18,b5496e081e6265e3b7fbd14a71f1ac8651cf765c772c2274cc3697b693d0c68e,896458,1794417.0,385.0,0.000215,1,1,191
2025-05-12 21:13:18,e0134b10f69496fd97b8038343a60e6840b04da1c49805c18f42af7569366138,896458,101694865.0,10683.0,0.000105,1,7,405
2025-05-12 21:13:18,e64e4fccd8b008dadab270616c8001194ec9cae28c26aa0514e98f0650c2de83,896458,312417.0,4653.0,0.014894,1,2,222
2025-05-12 21:13:18,2674d6910e31f172c5c51faedf12560e8657370e4c0ca9cfa4814198c7f63c77,896458,179900.0,3630.0,0.020178,1,1,191
2025-05-12 21:13:18,e13c7b64e05ca57e5831c97d716094dc6957de0ab59827da85a735097d2bfd33,896458,8356262.0,4851.0,0.000581,1,2,228
2025-05-12 21:13:18,a5f065a1c07b5b31de4163c64fc0ff17e82ac0805fac15191c46d8ca438a852b,896458,117525.0,4653.0,0.039592,1,2,223
2025-05-12 21:13:18,fb5d52aabb4ac062d1896337051a279c6744e21f43cd72bcab0b81ab7f6ce2af,896458,2004554.0,4698.0,0.002344,1,2,224
2025-05-12 21:13:18,c3182d9618de825a7c53c23bb1b60332ccbb766eb6135560faef993f107d9b01,896458,106042.0,4085.0,0.038522,1,1,203
2025-05-12 21:13:18,d1037f1b759c34014da0a17ed5937ad84a39aac14154588d1d431a40abdb9948,896458,34999325.0,7215.0,0.000206,1,4,296
2025-05-12 21:13:18,eb467571ca000b5ffa7ba3045da660ce673ab200261ac3ae4022d7188fdfd6c1,896458,1774444.0,9632.0,0.005428,1,5,475
2025-05-12 21:13:18,80b6c3e3dccf83635337488c95409f91aebc3cef8fcaae672e48c00a76ac4b16,896458,574215.0,5217.0,0.009085,1,2,235
2025-05-12 21:13:18,bcb70349b7f75efb0f2b67469a8dc2ab22e4f3b772fdf69d6187f403a7f6e094,896458,190406762.0,8818.0,4.6e-05,1,2,258
2025-05-12 21:13:18,0a83d873e74ad4497b8d60bb67a42914c109b1d77a59dc64edd0322cf5dc42ad,896458,39447.0,4628.0,0.117322,1,1,215
2025-05-12 21:13:18,7c1d56cfb7da10cbbfcb330aa08773b7981b798dbd24d69fe0677fbe518a3e64,896458,2000993394.0,6606.0,3e-06,2,1,351
2025-05-12 21:13:18,7369d5c11bbedf55a2464f4c1b61105232eca1cb68b9b57252a8697fe7036d65,896458,449250706.0,6299.0,1.4e-05,2,1,342
2025-05-12 21:13:18,0cc0f775e2103b0c1e6639ef57e337f25ed47602f34660d16968ccf70c90d742,896458,16476.0,3885.0,0.235798,1,1,191
2025-05-12 21:13:18,3c79250f10a2f4525120ffd81a5c679529a6d450478abbb179e683187ec72bd9,896458,275978.0,4990.0,0.018081,1,2,222
2025-05-12 21:13:18,c78c3a7c99923b2e0a26c910c311c21940b1a817bb9d4f5e5bcefd94ec7cd2d5,896458,217284.0,4990.0,0.022965,1,2,222
2025-05-12 21:13:18,a1c2b14f01cfb439c0b6eee09ec4d708b811e178627ab1cbc8688154efe46faf,896458,77228.0,5203.0,0.067372,1,2,228
2025-05-12 21:13:18,345a62188f4724092182b603a124c8231a001f704f7ae25a3166d8b32aff64e8,896458,258000.0,4000.0,0.015504,1,1,194
2025-05-12 21:13:18,d5cfeb417760c4da3f9ad270cdcf084b3ad921499582184637d26a717661a7b9,896458,379000.0,4000.0,0.010554,1,1,194
2025-05-12 21:13:18,827c9cfb9ce3b05a5751402b7b99ea4863d3d5c450c26b8019f4b18d046b2295,896458,65000.0,4000.0,0.061538,1,1,194
2025-05-12 21:13:18,cd8bad93069ce5a77e96485cae24420f59c140c428690f8e1410d774f67a7328,896458,80509.0,5064.0,0.0629,1,2,224
2025-05-12 21:13:18,e766efc5df1138fc0c1af23768fe032c125b312d2d9a703ebb2afebebd9bb662,896458,84741161.0,22396.0,0.000264,1,17,682
2025-05-12 21:13:18,6343f118f1d642782aab6bc17ddae48f0f6734a711b42aca6a0c0d7c13cf8d45,896458,359159998.0,10138.0,2.8e-05,1,3,285
2025-05-12 21:13:18,d4cf6288d969642cbafa8714d90a33ec172746c96fc2023a45557e9e2ae5340d,896458,19418383.0,15576.0,0.000802,3,7,679
2025-05-12 21:13:18,9865e7f932577194684d4e0231a6c3c09f5012893168e885be61c92b81dc6840,896458,23846610.0,15488.0,0.000649,3,7,675
2025-05-12 21:13:18,5d7a5d42c69b660d94e653e8c282f3cc44c0718aa653864256b40065fb4a0f24,896458,5880722023.0,14940.0,3e-06,1,9,607
2025-05-12 21:13:18,e7df3dd1de41de1c483c1c4c2570f8ac4883f36fb64f915f25f72242d1c4d01e,896458,85398.0,6912.0,0.080939,1,1,192
2025-05-12 21:13:18,3c7f31edecb43fb9e3db1666653f7d0087c66067b529a8ddb117c1e1b1279ddb,896458,283562.0,4070.0,0.014353,1,1,194
2025-05-12 21:13:18,c7d1e58e11d223ca2ac6d5c9d0e3d1710ee5e8c7626018814d103e779e22189f,896458,1016862.0,5922.0,0.005824,1,2,222
2025-05-12 21:13:18,daef005cc13f990b13929e2b91d30a1bbbcd8d855e774ba6fd05d824d1c7081f,896458,1291179.0,6688.0,0.00518,2,2,372
2025-05-12 21:13:18,c72730ec013306a585fcbedb8ea7d828b03b500c9cceba3b322cc1548e07cce0,896458,3200.0,3970.0,1.240625,1,1,191
2025-05-12 21:13:18,97502ac4b6dbda70655797c218716dea265b0cbf6945e28eae0791a98b5cf2fe,896458,23224116.0,19832.0,0.000854,3,2,548
2025-05-12 21:13:18,65fbe81294e6bc419aa4070b059e217649bb0980517e4a06250afc07f692d9f6,896458,6874418.0,5217.0,0.000759,1,2,226
2025-05-12 21:13:18,c5cdb719746cdc58668e24a6e53c83559d173bdcf1178a5b3b56b09264b7d7e8,896458,10789608.0,5217.0,0.000484,1,2,226
2025-05-12 21:13:18,57953261b4e2656fd2007031c1b2443ebf7cbf8a16270b5fe50af2e676e1bba1,896458,1511501.0,5217.0,0.003452,1,2,226
2025-05-12 21:13:18,0c0f3f850170ae90e525fb3a4d149244a223fd867f1e63012fc34874691908c9,896458,28200.0,3987.0,0.141383,1,1,192
2025-05-12 21:13:18,1483beff4f456bb3609807aae8e5d9fd25953e7639d554c838474c50c0f37896,896458,81000.0,4000.0,0.049383,1,1,191
2025-05-12 21:13:18,bed6abb3edb4bd0ce9a013ad924448dd6cd31d0b7f8b17038691417369e48992,896458,46000.0,4000.0,0.086957,1,1,191
2025-05-12 21:13:18,665a8d78ad621bc35db5b77088a8d8204cd48363cac7f48e35792f4c682eb27f,896458,81000.0,4000.0,0.049383,1,1,192
2025-05-12 21:13:18,1ccfd12ae5e7be7bbfbb3444321f8c843995f3602e5bd827adfc7fbd07d5926c,896458,149000.0,4000.0,0.026846,1,1,191
2025-05-12 21:13:18,5e186b7a984e3e7b0ef2638b0e16dbeedc49a20325b7822e7b397fa49f8d4589,896458,1290403901.0,8588.0,7e-06,1,2,235
2025-05-12 21:13:18,37d669b7b37897cefe2cefdb6232bc5d59a958eddeed427a7828cbd9914bbf7c,896458,2103555349.0,30168.0,1.4e-05,1,20,822
2025-05-12 21:13:18,7a9bdd944f0d537d054f9ebfb28bec36ec8e3ea6d39209235488900a2c00bef6,896458,584150.0,5217.0,0.008931,1,2,223
2025-05-12 21:13:18,0b6ca7f57236ac7bd653c524e0a9886980b2be52da20a01db86bc324ee8ace49,896458,38263.0,4162.0,0.108773,1,1,194
2025-05-12 21:13:18,bc02a15483c92844860923bf00bfb31e9c93b0b6249a7119590c3b7c429d3311,896458,107140.0,4173.0,0.038949,1,1,195
2025-05-12 21:13:18,8e17566e0b17ce71663a8fcd634840150d986f6c6d042a10bb3dbf58f5f5e7fc,896458,701473.0,5217.0,0.007437,1,2,222
2025-05-12 21:13:18,d10c9db696b1ca08a45f47e041112c03e3581c154a012a63abb1792177f4d7de,896458,213114.0,5217.0,0.02448,1,2,222
2025-05-12 21:13:18,f4186b5cf26dd2f31f9f409dc179e345efd2a2e6cf278c6e80844d8b1ffa80de,896458,1721112.0,6105.0,0.003547,1,2,246
2025-05-17 09:37:04,9e86d02cf5e1bb1e5f55401514db02f1ab2104260655a021cbe2fa019496b997,897084,1375943.0,834.0,0.000606,2,2,370
2025-05-17 09:37:04,eeac63cd2ab8a0219fc802d90af8d6f8ca6b73f53f3bcb6a41c48e04b2365d9a,897084,821665736.0,35672.0,4.3e-05,60,1,8895
2025-05-17 09:37:04,97f7e36e88e679ab32c4327e3fba123f31b92263a2b42ff69ce25960997ca7bb,897084,16179.0,1528.0,0.094443,5,1,785
2025-05-17 09:37:04,bd4fb41473aa6d0ea02803170f25202b25d97147b347dec3895d6d737e1dc69b,897084,1354753.0,1496.0,0.001104,2,2,373
2025-05-17 09:37:04,f5da569708f14c48c0619bdd9b15366fda01e362870be6e7dd8bf4a3d5016111,897084,3342620.0,1428.0,0.000427,4,2,678
2025-05-17 09:37:04,a17855ef5a08db9dba0dad2843f041b7993b9ed637c7338be8afaa748c6e88b1,897084,477475670.0,35672.0,7.5e-05,60,1,8891
2025-05-17 09:37:04,8466626dcfa2c5abf9e6606580d834bc4422c505872e41982b48664847b4048f,897084,1259131141.0,35672.0,2.8e-05,60,1,8891
2025-05-17 09:37:04,a765082ceb19b4ec5fee6868414ad77e8a4a53054b091a6bb43bcaa351bd94e8,897084,407208233.0,40568.0,0.0001,68,2,10111
2025-05-17 09:37:04,55b7c63df0e9b1e8615c0b9169f3fb2faef2695e58fb1d0e444c78ef9652a532,897084,555652402.0,26792.0,4.8e-05,45,1,6677
2025-05-17 09:37:04,1a509cb06c169557d1267647b631d68957a896ca7ac512904e4f524233a68b12,897084,90194.0,2536.0,0.028117,4,1,632
2025-05-17 09:37:04,5b78828a111f7a1f0b5a0c6e5a893c592bdb8dc6dd8fdeda869a95c8e40c0a9d,897084,349922.0,536.0,0.001532,1,2,184
2025-05-17 09:37:04,63d8ecc92e22020b6c0c53cc1ca35fd751ab249b4929abb6b0d7fc54e8bce1ea,897084,430658.0,612.0,0.001421,1,2,234
2025-05-17 09:37:04,d87eeaceeb8ac960d51f1daaac687585600bb1224dd0460d48e4934cc6f02918,897084,74085.0,1124.0,0.015172,3,2,524
2025-05-17 09:37:04,1878198f76858e67aa30ca1976b3a62b44b4c335ec74b0df5003a278f148f40f,897084,156025.0,1124.0,0.007204,3,2,524
2025-05-17 09:37:04,341653f6320a484cb86b8830970d41e539d9a019b0f16a62ed8fb589ca9ad66b,897084,4673892.0,13348.0,0.002856,48,2,7177
2025-05-17 09:37:04,83efa7f774b4f9d1f0c46ec2ff1846c892f5c61b048437e77ac8269e2daca9e5,897084,571171.0,1112.0,0.001947,3,2,520
2025-05-17 09:37:04,bc6144ff4dd85a08d68121d70454d1b182f9d6a7387928d59a005648d71e4368,897084,39245381.0,1108.0,2.8e-05,3,2,519
2025-05-17 09:37:04,026d939392bd16a74dcf4e39c7d5690ae7fbdc1e8e9a558b4f38af9619c88c66,897084,7508265.0,6424.0,0.000856,23,1,3447
2025-05-17 09:37:04,eb664d6bf55fe6009745073a7d2c373367957e2297a31b25d761a80e4ebda50f,897084,120833.0,705.0,0.005834,1,2,222
2025-05-17 09:37:04,d0e2a96763a53a2a614ddce41455cdbc70ffe4cf9c4808208ab76068964cc13e,897084,363027.0,576.0,0.001587,1,2,225
2025-05-17 09:37:04,2d41c67578e3623e1ad04c77335fb6ad7f8e154ee084592fed55131ecbc8d257,897084,380034.0,564.0,0.001484,1,2,222
2025-05-17 09:37:04,08502e06a505dcd17188ea04553a3216d26792fea84ad789991d5b0982d466db,897084,399924.0,576.0,0.00144,1,2,225
2025-05-17 09:37:04,aff2ddf0382d935e9b924bbd930d935defe97562952d223111ce3a3fdab4a605,897084,436100.0,582.0,0.001335,1,2,222
2025-05-17 09:37:04,adccfb9a5e0dee698555bf7be6aca43445c29b596767a0c364ee4b2a96659055,897084,533357.0,564.0,0.001057,1,2,222
2025-05-17 09:37:04,b70219298935bc6a9581900843a644eb8f9914ad1a746a6fab6331dd732a3a24,897084,630568.0,432.0,0.000685,1,2,225
2025-05-17 09:37:04,3d6007cecd9f00f2f94556002eff5dad5ddc8b8aadc252966c27cd9345e491cf,897084,588411.0,3164.0,0.005377,11,1,1675
2025-05-17 09:37:04,a7471818188e7d0b981959b189e72c1e63db7f65ebf4b3db5d582458b9a7b4b9,897084,8519432350.0,35672.0,4e-06,60,1,8884
2025-05-17 09:37:04,a7ca999b19cf585a6fe9f06ca0d728d6e58c41fc54cd19feae000a58f790d47c,897084,809248.0,1032.0,0.001275,2,2,420
2025-05-17 09:37:04,b966dc461c5e7f046186e627e98cebab24e26fda3104d335898ae8440f14c544,897084,99979.0,1000.0,0.010002,3,1,492
2025-05-17 09:37:04,572df0091db6a5dfea1feed29939f6f35ad8638680e0bdf783d1e14f1a9da9d6,897084,240443.0,960.0,0.003993,2,3,401
2025-05-17 09:37:04,616ba24e03c358f8d251c3a3a39d477416fc133a311d560936147cb24f8c21f7,897084,35079.0,1904.0,0.054277,4,1,639
2025-05-17 09:37:04,ac5aac28c7754302d41d0613c99e39743d46b5e12aa8572e11c57d836d31acb5,897084,8704485.0,8472.0,0.000973,30,2,4527
2025-05-17 09:37:04,bfaaa1fc1d594b3afe39fbde8d99d4a5e189978c5c3dbf097831a7d36aef49e9,897084,11863148.0,908.0,7.7e-05,1,2,226
2025-05-17 09:37:04,5519b33a7fa5010532483c6f28cd904752d7cbc2cd2ff8b2987bdcf268362085,897084,1503666.0,904.0,0.000601,1,2,225
2025-05-17 09:37:04,7968d7f0fadd54a2b24d0ad9d305aa49b75d3980ce462a6518920bc449a9c60f,897084,184127.0,904.0,0.00491,1,2,225
2025-05-17 09:37:04,39d907c207a7c56d7cb907407f64781238f389b718ee7298ca0290fd9933368f,897084,3621365.0,896.0,0.000247,1,2,223
2025-05-17 09:37:04,6ac7cfb47e0928021ab0f9f7030d598bb16f526fe11f88f189e1d9c05db22c81,897084,1312419.0,896.0,0.000683,1,3,414
2025-05-17 09:37:04,7cdafbb1021c465050ad6942e7b381ce7ac7119b6b0942adc38f70a733bf5e7f,897084,1097570.0,896.0,0.000816,1,2,223
2025-05-17 09:37:04,5f25727a02201e450e8fc7149c36d394179a04bd4772a757c0a8370d9532a076,897084,140541.0,896.0,0.006375,1,2,223
2025-05-17 09:37:04,5a4ae640664faca54c8d8cadffef9eb3e9f6d7c92f4238e457818fa02d74f141,897084,299104.0,896.0,0.002996,1,2,223
2025-05-17 09:37:04,9b57f9ad18786761a4830d08a824a7883ad7c3410b824e87435e0485e5d7bce1,897084,831780.0,892.0,0.001072,1,2,222
2025-05-17 09:37:04,0512f6c1334f6a669c178fb19334e55ad839c26c252ffc4d53f4252c33daf9ac,897084,599694.0,892.0,0.001487,1,2,222
2025-05-17 09:37:04,e8c0f3f843e3d0a0c333899943319d88f2f5eae1e383deaa75867e71ab28a48e,897084,39261.0,892.0,0.02272,1,2,222
2025-05-17 09:37:04,c55c4e491f4369f5ad18d012f71e131b5aeee019d7b6f8461bb20d215c963681,897084,471650.0,892.0,0.001891,1,2,222
2025-05-17 09:37:04,54600fbf2d3dd20204251582868a2b11a9a62577365aaec3d5eb3de584067b52,897084,192182.0,892.0,0.004641,1,2,222
2025-05-17 09:37:04,57ba149656089b4420514103f236e7faed8a546a56689a96a2bee98fc811ae50,897084,46271.0,892.0,0.019278,1,2,222
2025-05-17 09:37:04,751033c4930e008432be71830a31bdfceb5ea3c97427e99be2f39b19a3e59845,897084,261756.0,892.0,0.003408,1,2,222
2025-05-17 09:37:04,57d7334b91bac377a18d515427e736c1f82952f72bd911cd32c37f1bf1654d39,897084,1068565.0,892.0,0.000835,1,2,222
2025-05-17 09:37:04,a3effdd02bd5eb07f2fb1bd6e10ab776c31c89c036dda6f08479f9400fd1a632,897084,95479.0,892.0,0.009342,1,2,222
2025-05-17 09:37:04,14df46643e8c52755a66f68b1838f8b0dbc80cc5f397faa7a704239810ee3f26,897084,560325.0,892.0,0.001592,1,2,222
2025-05-17 09:37:04,e7c05987729cbd9189588157d598827dd93842e9169385e191c05802eba1a919,897084,27853.0,892.0,0.032025,1,2,222
2025-05-17 09:37:04,ec061f3ca334b6e296e0acc1db2e25406f0afe4d63616affedf9e24a8119694f,897084,50264190.0,880.0,1.8e-05,1,2,219
2025-05-17 09:37:04,017da8cb551d3aadb48a032f215ca79b805d8892b4dc757824602f382bc56b38,897084,3127050.0,7872.0,0.002517,13,1,1959
2025-05-17 09:37:04,3d2878a09e25fff8f12f391be95b8d5fef62dc9559ab4ff17a83cc5b5fd7868d,897084,186480.0,852.0,0.004569,2,2,374
2025-05-17 09:37:04,1b289e5e9ab0b0fddabb57adab97b8e00d6b2ba0c9f682bf55a13cd2acdd358c,897084,194756.0,852.0,0.004375,2,2,374
2025-05-17 09:37:04,90ab4052be70bcfb3cf7d8f134885fd73f934a0e96224226e11a1845c3a01e6e,897084,49778238.0,852.0,1.7e-05,2,2,374
2025-05-17 09:37:04,0d6f1f51a107f098a12937688436591141caaa59db7488013139bf9e9c66b753,897084,423275.0,848.0,0.002003,2,2,373
2025-05-17 09:37:04,cd12b2c1bf36ea6ba887fe0cf3508de97837750404284d4ad388c5ef454bef37,897084,3087087.0,848.0,0.000275,2,2,373
2025-05-17 09:37:04,f04754f361bc34d73ea134ca0137f1303d7cffbde01ddfc5922a7d0352bd7fda,897084,54603.0,840.0,0.015384,2,2,371
2025-05-17 09:37:04,e5dcaf5acbcaeb64ebbd55388f71557b85b2bf60e87eee7edd875335656ea225,897084,122889.0,840.0,0.006835,2,2,372
2025-05-17 09:37:04,a8c5f5249187c4d8036ef94b84911f7bf507161bcb75d0d5f83f2a7dfb438968,897084,65797.0,836.0,0.012706,2,2,370
2025-05-17 09:37:04,f8931f0f9b13f72b8d1f678d345863d3ba5ffe19fa4ab7f5e3acdd16893fedbf,897084,131515.0,1331.0,0.010121,1,1,151
2025-05-17 09:37:04,67659969ddf7fd4ae6452056399dde0dc26e040c9a98232fb04cb55ac424b4de,897084,429652.0,309.0,0.000719,2,4,440
2025-05-17 09:37:04,17de3fdff932dea5e245ec4be8e938c6234974e0dce4970d6dddfdf7c135a638,897084,219975823.0,820.0,4e-06,1,3,255
2025-05-17 09:37:04,edb0a9242aea99438bd070d86c01c6fb4e0eaae7871f0f2c3b3a25bdcec8a18c,897084,402745.0,796.0,0.001976,2,2,329
2025-05-17 09:37:04,c934fb2ff0db4cd2e8ec94c3a0742d9e01fa82ea01333e862cbbf4b558748aab,897084,348893.0,1544.0,0.004425,5,1,788
2025-05-17 09:37:04,9dfcdd3c61cc18af8041714d4004b7574e1f8371e181da889758fcff0ee5efde,897084,24207.0,756.0,0.031231,1,1,188
2025-05-17 09:37:04,a47689c2b86dacce201b22147a998bdf531e00070cab723ce060caa503674f2a,897084,6087360.0,567.0,9.3e-05,1,2,222
2025-05-17 09:37:04,30f978fd8e2b1d5bc6a210b85ae3514acd51eedb1b0bc442c71cb1248edced27,897084,4376300.0,567.0,0.00013,1,2,222
2025-05-17 09:37:04,02e3cc443a05cef82746c15eb02dafc98b388fe3daaf4531a2d7b30fcb2e135a,897084,1797.0,1496.0,0.832499,2,2,372
2025-05-17 09:37:04,4e6621ba82d4b7afe05fce55bd5dc2e9d7d44674deaa18e8caf99999101b1232,897084,8401811.0,1122.0,0.000134,3,2,522
2025-05-17 09:37:04,9c4097dc0f42a03d2efac3a70db905f2dae2e16dc260ea50a6b4b4ac89fd17e1,897084,37527.0,712.0,0.018973,2,1,339
2025-05-17 09:37:04,518c77e2e9abca899dc8df65ec2f181609e38ba85acb14b4d2aba97b557d1575,897084,2026778.0,712.0,0.000351,2,1,339
2025-05-17 09:37:04,e956f2fb183fa0ff5f5829c34121123e8fe247d0c962154ddda4327cd1021b17,897084,3206.0,712.0,0.222084,2,1,339
2025-05-17 09:37:04,096372920f02319b10d603a1074b05a1e0380bd2d2e7904f5fa70eeeb84fc284,897084,3017417.0,833.0,0.000276,2,1,421
2025-05-17 09:37:04,0b68b88586d0d262b314c8be885aee43492704c495ffd3b82f12ac2d51b7b2d0,897084,1227707.0,1260.0,0.001026,4,1,635
2025-05-17 09:37:04,dd8ef840134d1dfcdae28dcc6b4f6dddbae1e5e8053b6787369aba2e53c00515,897084,36404943.0,7252.0,0.000199,1,55,1882
2025-05-17 09:37:04,5184c03ad644d4a9386c99f2c48d69e949a72118ae02f60a0701615091d78382,897084,6416324.0,584.0,9.1e-05,1,2,196
2025-05-17 09:37:04,977d156cc7ee9d73f9ae3c9254e2fa9b34f088ba898e18cd15f358c1e5d55564,897084,21448837.0,584.0,2.7e-05,1,2,196
2025-05-17 09:37:04,242dcd06d5b2d2fb827eef37751e54915bb1a38145f05f40d4c07a294861cae3,897084,3201125.0,572.0,0.000179,1,2,193
2025-05-17 09:37:04,606530e6d2363d50a1b59c6975350ea7301ccd52e725dd6d84d470c4e583d0b8,897084,261572.0,572.0,0.002187,1,2,193
2025-05-17 09:37:04,f225c8375c9e030e9ba97c2e97c850d49aac3fee87c901f9ae827ae34e2b657b,897084,9706419.0,572.0,5.9e-05,1,2,193
2025-05-17 09:37:04,4ea79bfbf024a5309c513aad625563e271e18bcd6d279e89c5ce71cff7b7485a,897084,2341566.0,572.0,0.000244,1,2,193
2025-05-17 09:37:04,6e5ee88ca5ff2ca538eead1a289380bbfdb53d88696b89b7e5c9fc94955dfb4d,897084,4370859.0,572.0,0.000131,1,2,193
2025-05-17 09:37:04,461233be9948709c5104be22919e5dba4f004dc2bfac019036ae5fdea6a17a46,897084,2806048.0,572.0,0.000204,1,2,193
2025-05-17 09:37:04,899b37ad8c202e5d215942fb9ffc132653469745c3b2161d9c3803e25ad9bcff,897084,47816.0,1124.0,0.023507,3,2,521
2025-05-17 09:37:04,564bd52d46a2a2122abdcb7de66fd798dd1c6f6ee839cde281f860f89173c3ee,897084,2096628.0,524.0,0.00025,1,2,181
2025-05-17 09:37:04,970f09ae02e41b0ef0e8007cbc87466fdbcfb7676c2bbfa16ae25a6d6c78950b,897084,8116614.0,896.0,0.00011,1,2,222
2025-05-17 09:37:04,f1c2acd53abbccf7a2d601d29a1fd9b869fbd592b2ed214cfb59353f6ddfa36b,897084,60000108.0,892.0,1.5e-05,2,2,384
2025-05-17 09:37:04,c838d4b159a8bc79c1a536260e4dcb31aa749f8cf82f8194fa4a18ff77e0c2e3,897084,104916.0,2943.0,0.028051,11,2,1275
2025-05-17 09:37:04,6d05ea724ac20bcc55bd51ef483d3a0135eeb7678db0e38276762c7a496c8d01,897084,1074113.0,848.0,0.000789,1,3,291
2025-05-17 09:37:04,d16258be45893b3728d31163f434e9aae2bd6e6de3b4263adeef474074a91346,897084,2871910.0,897.0,0.000312,1,2,222
2025-05-17 09:37:04,c4665714bfbd7ae12a2a16223df44e3df67d114fb2c1fd127d90ebb9c8e9914b,897084,1851433.0,1180.0,0.000637,2,2,374
2025-05-17 09:37:04,fb9432cd7d70b8af2528144d952712572c901eb02d4f8b1db83377888990dbd8,897084,1369183.0,582.0,0.000425,1,2,226
2025-05-17 09:37:04,96436cc3843dba57e6a633d28ce42caa1e8fabfc3ae17f4ab1516f1da684d3b6,897084,1325300.0,582.0,0.000439,1,2,226
2025-05-17 09:37:04,7512363e201c6c1305e53f2b3c2ddfa4774f5349f016bc5bfc18b8336e1d8174,897084,1087067.0,582.0,0.000535,1,2,226
2025-05-17 09:37:04,fd903b83fb7b823c35277f243ecf9dbe8a98f1885e657e60af070cbf40dfa34b,897084,4855913.0,582.0,0.00012,1,2,226
2025-05-17 09:37:04,cd5beac94781de49e3a638f884e41368a9d3e6e2fdca95b04d903b543777b948,897084,36647359.0,582.0,1.6e-05,1,2,226
2025-05-17 09:37:04,b76a405d9c7adb1ce87c2a5477b3e5b0f723a2ecd1571b82f88a40db42883af3,897084,16612.0,728.0,0.043824,2,1,342
2025-05-17 09:37:04,313ee847f5783ac3bef0b57eeeaa51f3d54033223eba7cdf4c50ae103c199df0,897084,87885800.0,700.0,8e-06,1,3,254
2025-05-11 17:27:36,486df72db51423356e90899bd5f85a49dcbac079d9d5a20ec0e3cdfde3117530,896286,236533.0,213.0,0.000901,1,3,366
2025-05-11 17:27:36,ac5ccc0050be533f88c9579798698ad3fcc15a2afc5b539d27952d52fc91784f,896286,237076.0,213.0,0.000898,1,3,366
2025-05-11 17:27:36,f03063e7d0e01b7151d8f024467a9ff32befe809c533c50c929a2b83b6f14a3f,896286,237619.0,213.0,0.000896,1,3,366
2025-05-11 17:27:36,66d099577584279515bff0d913579360e3637a105b108d7a15eb433fcac62ed3,896286,238162.0,213.0,0.000894,1,3,366
2025-05-11 17:27:36,44cea4415780eb548dbb32ba7590ac61f74534df3c76bce7982b97dad6f0a309,896286,238705.0,213.0,0.000892,1,3,366
2025-05-11 17:27:36,9c39013b9ce289789ad2c38f80379b0ade3d7e790dbffcc36aa789f987fe395e,896286,239248.0,213.0,0.00089,1,3,366
2025-05-11 17:27:36,6faf6b8c5b707eda023873bd2b72d3a296ea1590ccfc0c91dc4a7b243903b6ed,896286,239791.0,213.0,0.000888,1,3,366
2025-05-11 17:27:36,bba448bb54da972017b6fe90bffeb1bffae06c60e55af39c0cc2238cbd7d6007,896286,240334.0,213.0,0.000886,1,3,366
2025-05-11 17:27:36,17de1e2f034c4d0ff20d673d400a0cd60c64851fc7b720866dd13a994b94b9fb,896286,240877.0,213.0,0.000884,1,3,366
2025-05-11 17:27:36,273630114143b83a65442c1684737dca3d2720f3b404a4fe51888ca1da6d1fc2,896286,241420.0,213.0,0.000882,1,3,366
2025-05-11 17:27:36,ebc9f8bee9ffc1988114ff601d063fbaa1bd3ceac183e4dd9b8e3c0185c3b64b,896286,241963.0,213.0,0.00088,1,3,366
2025-05-11 17:27:36,d52ecc5cd064ab98431a24eecce82dada5a474b4026d3184da22e8af140c45b2,896286,242506.0,213.0,0.000878,1,3,366
2025-05-11 17:27:36,36f3c99133ceb0943bc2079dffaa783b58df95ceca3c435bf480738481f43ab3,896286,243049.0,213.0,0.000876,1,3,366
2025-05-11 17:27:36,a59d8a444ebdc7f8a424c12afcb58ba2355e2fb1d4f1eeb8083248c56d23141c,896286,243592.0,213.0,0.000874,1,3,366
2025-05-11 17:27:36,1f3a0bf083303543a874e018fa8ffc393d7ff7131d857eb0d0380712cb29b05a,896286,244135.0,213.0,0.000872,1,3,366
2025-05-11 17:27:36,430a125caec9037da5aa8fdb9df95a382d9f6b11cdfb99fa3e90beef1f9d5ae3,896286,244678.0,213.0,0.000871,1,3,366
2025-05-11 17:27:36,6c29537ee8d602ea2ae9dc892c3ec67eaae4bf6b674fa3889bae10c5566b4ade,896286,245221.0,213.0,0.000869,1,3,366
2025-05-11 17:27:36,f1583862f51b7d662d7662aa9bd1e27fdcf1a7cb686a49709c9a5c8d70f8554d,896286,245764.0,213.0,0.000867,1,3,366
2025-05-11 17:27:36,a6018307f0cdb53c3f624b0aa54ef99f47c48a56fdb0325f312743ca816fd261,896286,246307.0,213.0,0.000865,1,3,366
2025-05-11 17:27:36,5e22df69e02836125debb9973cad75e91bb82156cfda01aaccdda3e9d3a2a490,896286,246850.0,213.0,0.000863,1,3,366
2025-05-11 17:27:36,c9936af1048bb47d96418b588fb7104566f22a4aee0d4ad8ebee4859bb3fe01a,896286,247063.0,132.0,0.000534,1,2,180
2025-05-11 17:27:36,77b31c1821eb058e12fb8fd87f985996173497456e7d9949cb85e899a3d54262,896286,446447.0,213.0,0.000477,1,3,366
2025-05-11 17:27:36,3517e1c9249a95340acd18fe3cdaaacad5a6359610a5b04973e4ad47fa350b77,896286,446990.0,213.0,0.000477,1,3,366
2025-05-11 17:27:36,1ffffe5fd8c0d5eb0e6a2c74fc228a1379064b2bd18b6c150f673435254f3938,896286,447533.0,213.0,0.000476,1,3,366
2025-05-11 17:27:36,a4ed2a8123000861c243c18a6dc5667ffba7bd49ad3770a1880fbf736b8affea,896286,448076.0,213.0,0.000475,1,3,366
2025-05-11 17:27:36,382dddd6c5106cddb8627c45d72374d486bf0552dad232c535cd0c1474858818,896286,448619.0,213.0,0.000475,1,3,366
2025-05-11 17:27:36,b9dbc8e4900288b13770a7a0c8e58b9d53a148c9b6fd5e4faeb483fde60e3d55,896286,449162.0,213.0,0.000474,1,3,366
2025-05-11 17:27:36,30899151e50b35dba6408ee76fa9883282536c721fa3b49ca8cf9d6a7b2f1a0e,896286,449705.0,213.0,0.000474,1,3,366
2025-05-11 17:27:36,8164917686e1a85382046b2f460f4a2f8c04f29b413fedffd0c5fdca418a0182,896286,450248.0,213.0,0.000473,1,3,366
2025-05-11 17:27:36,750ca3b3966e7d65f4030361298a61931c02760df870544018482f6be8dd9793,896286,450791.0,213.0,0.000473,1,3,366
2025-05-11 17:27:36,ba8c735f5ade5d2d87644c3883ce1b8e7de3b270d41fe8e03bd15b38e1cc59ff,896286,451334.0,213.0,0.000472,1,3,366
2025-05-11 17:27:36,b8a6c8a6629152348ee709cd3a11c1ca81d217878640a91560c7fcf65107da7b,896286,451877.0,213.0,0.000471,1,3,366
2025-05-11 17:27:36,c08b87bd57b49c62d46943453da8a824ed54b8df71a9148a9fb06a968525d6ff,896286,452420.0,213.0,0.000471,1,3,366
2025-05-11 17:27:36,e49f24c0087f556c2c811a8ca52874f657a1657ad753c5389f14b446cc029eac,896286,452963.0,213.0,0.00047,1,3,366
2025-05-11 17:27:36,127543ae06ef3bb6dfd905216f1b1df3092e6e51bb2dfe91b43fbc5a4f4a75f1,896286,453506.0,213.0,0.00047,1,3,366
2025-05-11 17:27:36,4e5329f272624eae2a00c89e6a4d3a5d02c33bb12fc33e442fa585ec2a0acf43,896286,454049.0,213.0,0.000469,1,3,366
2025-05-11 17:27:36,c6253b5f8951a4d87f9ec7f52780c02daf16d4664223fb2e6a48eb394dbfe77d,896286,454592.0,213.0,0.000469,1,3,366
2025-05-11 17:27:36,50a57a2a8e7b8ca6e6d7a315b7de9d17813cb223be147a173da02049f5eee1d7,896286,455135.0,213.0,0.000468,1,3,366
2025-05-11 17:27:36,5334040187dcf3d8263cfb47328a597c6691c44a9c97013db4ba4a386464a549,896286,455678.0,213.0,0.000467,1,3,366
2025-05-11 17:27:36,9bac33c5782abfaa219b4af4343f1c68df42b5832ddab9ce1ec7687210f16d51,896286,456221.0,213.0,0.000467,1,3,366
2025-05-11 17:27:36,21aba0860df0d3ecca47f1a801ad8d39e284e142263c053162f022426ac11cb2,896286,456764.0,213.0,0.000466,1,3,366
2025-05-11 17:27:36,e01f04c9a1d65da9a3e793a391dd8d6d631c2d0ce9a65ac8e6f6dbb878750d5c,896286,457307.0,213.0,0.000466,1,3,366
2025-05-11 17:27:36,aae50df21229e25d049465e09841b4ab261ddc534a429d13e7caee0d170ea4c9,896286,457850.0,213.0,0.000465,1,3,366
2025-05-11 17:27:36,e4ef5e74be21af7b9571807e6053f729f90aa3a2690554a8934dedf239ef3e07,896286,458393.0,213.0,0.000465,1,3,366
2025-05-11 17:27:36,b17ab33769d05a11d1675102802859df38d295cfd8fad1cd18412740b8e7a46f,896286,458936.0,213.0,0.000464,1,3,366
2025-05-11 17:27:36,6882a7164061802297c06b95e5b921fcfa5fd47f0409ccb67c3470a7968e2e68,896286,459149.0,132.0,0.000287,1,2,180
2025-05-11 17:27:36,a6383f78dbdb6ceb0fff061fa86bea69727a2ab65080e51cb825bfa50cc2ce43,896286,229509.0,213.0,0.000928,1,3,366
2025-05-11 17:27:36,c17f0171ae87ed281d230c9509399e5b6c48dea805264e648d9a9da2de313b2d,896286,230052.0,213.0,0.000926,1,3,366
2025-05-11 17:27:36,5f21db2fb00104d79bcb7253a4150e3cd6186c25f0c046d83e8b7fbba580c7ad,896286,230595.0,213.0,0.000924,1,3,366
2025-05-11 17:27:36,3d2e56cb02ca948dade502e5f66cbbab08963da9290ee5543175268f214b7a5f,896286,231138.0,213.0,0.000922,1,3,366
2025-05-11 17:27:36,edc880fba01419804f7acfec18b511c012f967ed34a933b44691bbb848df0ff0,896286,231681.0,213.0,0.000919,1,3,366
2025-05-11 17:27:36,0dae9be4c22801ac99f4e5cae2cbd3e1f7da534c3e0c19e312964b40ac2308af,896286,232224.0,213.0,0.000917,1,3,366
2025-05-11 17:27:36,eaa0ec5b941432448bc3af45c8f3c92437a17e1e80369fde398317a557526013,896286,232767.0,213.0,0.000915,1,3,366
2025-05-11 17:27:36,ac6da2b73d09f15589003b5df20f23a9105aa2506ec5d9896a800808f801927c,896286,233310.0,213.0,0.000913,1,3,366
2025-05-11 17:27:36,6f499aaa8b2ef0aea6d6af04dc6e6bdbf146a99fa9f4d98cab54192c48485bb5,896286,233853.0,213.0,0.000911,1,3,366
2025-05-11 17:27:36,ee97e991cf600d32a10b80b6a6285a88b8215662d105357d2e0fb6bbf19eb62b,896286,234396.0,213.0,0.000909,1,3,366
2025-05-11 17:27:36,f4838618e4779b4e2e3bc6763d4696ff71eb8a939621ee9e1ed5eb5f7f852d79,896286,234939.0,213.0,0.000907,1,3,366
2025-05-11 17:27:36,e6d4589737cf81bd549dc759b9c3d32a088098dd7aaa9825c781e6012fb5f71a,896286,235482.0,213.0,0.000905,1,3,366
2025-05-11 17:27:36,a7a723b724e3c09fda54250ee5af1b73a635b298ea620af165948ecb46a934c1,896286,236025.0,213.0,0.000902,1,3,366
2025-05-11 17:27:36,d29a0bf0a41cda70f0683fb5c3ec3a13ba959560dbb284650fc80038d6a031ef,896286,236568.0,213.0,0.0009,1,3,366
2025-05-11 17:27:36,3aa7aef0ac2dfa9e65ccb65b4cae411459333b7c30c59325a09ac5e070f7fb4c,896286,237111.0,213.0,0.000898,1,3,366
2025-05-11 17:27:36,2c813da71fcd0022a03ca937c51451f8a376d03ff9596c824a79e0d4eaa8b225,896286,237654.0,213.0,0.000896,1,3,366
2025-05-11 17:27:36,27f3923355b4d93f0794fb6d8297fac8a968ddbd167dde24da4ba5c108b6e017,896286,238197.0,213.0,0.000894,1,3,366
2025-05-11 17:27:36,218a948588fdc7aee255762a6eb30f3ebd5dd099ad5e92301e20ab9dcf657927,896286,238740.0,213.0,0.000892,1,3,366
2025-05-11 17:27:36,75cea79abd73fff775aa77c506d0524bd62df23b2f6c5efc8562b7b3c083fd4e,896286,239283.0,213.0,0.00089,1,3,366
2025-05-11 17:27:36,326ed906628682bd80e0e0a65993cb2a1ed5b204a4eb9211553547f701862204,896286,239826.0,213.0,0.000888,1,3,366
2025-05-11 17:27:36,57f8d554746d866d556e5f296fd2385496cbf87764262263f4cd89669e3a9719,896286,240369.0,213.0,0.000886,1,3,366
2025-05-11 17:27:36,c5b772f6bc76940256f2fd67b3bf57db17435a3b9a23b9c4240d0e2a34a45353,896286,240912.0,213.0,0.000884,1,3,366
2025-05-11 17:27:36,cd01d577ddef0e7e9cf8747bbfbe443fd7d4ab616e8467a2a3d80aa61b9ef4c1,896286,241455.0,213.0,0.000882,1,3,366
2025-05-11 17:27:36,c622a27002e4a2ea867ba2370676044665a5b6ba359077c3dc905f3327b05dda,896286,241998.0,213.0,0.00088,1,3,366
2025-05-11 17:27:36,4cd8ce1807009ee9caf8542ea69c74aa196678895f8865d898eb4cf707ba3d7f,896286,242211.0,132.0,0.000545,1,2,180
2025-05-11 17:27:36,864b3fc5dd7d79ef518c0b9bb7459717e40494b22b5f6b259f97dece3536d433,896286,233659.0,213.0,0.000912,1,3,366
2025-05-11 17:27:36,8a7fc9e8bd541d88d96549e1070e9ac1b667462ed14f013b241138b96e1d4b95,896286,234202.0,213.0,0.000909,1,3,366
2025-05-11 17:27:36,28b222f41a65990c639e27de72c2b8ffb46debb3cf00ece129a38d42ea8f15be,896286,234745.0,213.0,0.000907,1,3,366
2025-05-11 17:27:36,88dc4d36b6bcf935ae4f11d0a9e444dd144acb88edc40a54bcf756a95220b48c,896286,235288.0,213.0,0.000905,1,3,366
2025-05-11 17:27:36,535666b351660bf0846b95b2eec159e0b42e0f4be9249b0c2a4a08b580301a19,896286,235831.0,213.0,0.000903,1,3,366
2025-05-11 17:27:36,20526b34b3b476490948675266ba4433e878436eb206ebd92616acd143c52b76,896286,236374.0,213.0,0.000901,1,3,366
2025-05-11 17:27:36,e96523fd8332bc7fec43714c30762ae1c56789cfeb5a952b8bf958bf3faf5090,896286,236917.0,213.0,0.000899,1,3,366
2025-05-11 17:27:36,b2c1c7bf6311697fd96028f120cf1c8146b14009c4e9137e259b1f50fc9429ce,896286,237460.0,213.0,0.000897,1,3,366
2025-05-11 17:27:36,e9b3f13e2676583d2f88b20b54a182943e939304d51393d216f5276d98fa8ba0,896286,238003.0,213.0,0.000895,1,3,366
2025-05-11 17:27:36,7761ab09d843ba4de7846eb3a725a4a5943c0ff33557d33cacb276347816bd20,896286,238546.0,213.0,0.000893,1,3,366
2025-05-11 17:27:36,8e2b3c1b80a20a510678fc554fcae1beac7197e55c4278d79da23b4267647f26,896286,239089.0,213.0,0.000891,1,3,366
2025-05-11 17:27:36,430afc1e547df14aa2ad8698817125a2c837ca7a24f38cdd5000579a792974dd,896286,239632.0,213.0,0.000889,1,3,366
2025-05-11 17:27:36,d0699470d8f78ae655280a4351f7762596b8d433fded252e4139a74abbf68003,896286,240175.0,213.0,0.000887,1,3,366
2025-05-11 17:27:36,f4cf987d7eb016f4dc8248cd49a7136806d7d72b6820d5ac8c231e1a0619c3b9,896286,240718.0,213.0,0.000885,1,3,366
2025-05-11 17:27:36,0db597f9c1cf4b0113de4c63535043d1da8ba95942a0f99e5967ebafd90571a3,896286,241261.0,213.0,0.000883,1,3,366
2025-05-11 17:27:36,5faffe29a9507e719ce1c9509cb3cf76c9b048fc39e5d30ab11eb986e54c712b,896286,241804.0,213.0,0.000881,1,3,366
2025-05-11 17:27:36,1e269846f0d760461e76eacdbf8397c4add44dc5e674396b6c9c5ace3a4ae3db,896286,242347.0,213.0,0.000879,1,3,366
2025-05-11 17:27:36,4204cc1cf1f5365b94a60a2838531a7f124b5387cf54bfda9b56db817b2490ff,896286,242890.0,213.0,0.000877,1,3,366
2025-05-11 17:27:36,0838aa3d956b3f8e91e2c0e45f34040744e365821e37b42216835f807f1353bc,896286,243433.0,213.0,0.000875,1,3,366
2025-05-11 17:27:36,a864a7331f6a17ffa3f8f7eaede6d457864b546179fe939889cdec0df6b79dae,896286,243976.0,213.0,0.000873,1,3,366
2025-05-11 17:27:36,03adc90318a123cf39c4f1071a3919e74fe5baaef170d12cbba6de6247477ad4,896286,244519.0,213.0,0.000871,1,3,366
2025-05-11 17:27:36,466e93430b165e305d9ecec6a37b47546b2a256700ff9772c140101e9b9665af,896286,245062.0,213.0,0.000869,1,3,366
2025-05-11 17:27:36,de5a8d6d9fca8dcdea8658ad78a672e704f2fc6e599a6f5c7047f25c2407aa57,896286,245605.0,213.0,0.000867,1,3,366
2025-05-11 17:27:36,353a01913d521174857f7f52d2d72009162b468f154c5a81f88591c2dd4506d8,896286,246148.0,213.0,0.000865,1,3,366
2025-05-11 17:27:36,697487a6728ff3372e73e9cbc1d1045bbbd3a26a619a17ac15df5ecdad835d3a,896286,246361.0,132.0,0.000536,1,2,180
2025-05-11 17:27:36,66bec113d0faf2640393da3e2d35bef24764dec135b181d5848f8cee6e9ab370,896286,1296681.0,146.0,0.000113,1,2,223
2025-05-11 17:27:36,be4a57040a47bb90db56996aa42888c9b01d9ad6ccc035932c20c2b101623531,896286,1206149.0,145.0,0.00012,1,2,222
2025-05-11 17:27:36,600ddbeb83f3a2d85cc27353b8fd9b3b4193bc93b3cdce1a411998c501b3adfe,896286,330.0,176.0,0.533333,1,2,338
2025-05-11 17:27:36,4e3553f6e2e7398708185f6eac027a395b6c395281dee523b7edc5a84bbcaaf6,896286,330.0,176.0,0.533333,1,2,338
2025-05-11 17:27:36,c8df9015a883bfe651da604e62dee321a5932262e5421d522b794abad093d47d,896286,47921.0,488.0,0.010183,1,2,223
2025-05-11 17:27:36,3850d3c3d9f9a2f000acb5090801b7f3aa36e04939d69b0dcd49845ba5b0d74f,896286,194229.0,488.0,0.002512,1,2,223
2025-05-11 17:27:36,ca21e2fef820179d6b963604e9d6e641d0a0087ba5f4f9af3989e3c3d4d46633,896286,83044.0,488.0,0.005876,1,2,223
2025-05-11 17:27:36,73c8006bcf9045a9efa38095fd5041e113c6a9b9c9f4c1763ad2d856cb7013b7,896286,50744.0,465.0,0.009164,2,2,374
2025-05-11 17:27:36,9c5b21c5d2dbf439238aad059e7a88888c9316cdc688717950954fce73bd3966,896286,37989.0,488.0,0.012846,1,2,222
2025-05-11 17:27:36,997233ea848fad3969861d3f3972c4019fbf9c1cb537b55b41d81a82457d905a,896286,625853.0,488.0,0.00078,1,2,222
2025-05-11 17:27:36,75aac3ddd53d6171d38c2150f5f272b1a5181b888dd7675efa4ff26b8a273000,896286,3934180.0,488.0,0.000124,1,2,222
2025-05-11 17:27:36,fc17721a39ff36e3ba285a594601a6424150bbc839c491eb7f244c007c529da6,896286,7933480.0,513.0,6.5e-05,2,2,395
2025-05-11 17:27:36,33ddc3f700f73562a14664514a194dd52dcd35cffa8200ff6336cc7257fa1ea7,896286,306249.0,399.0,0.001303,2,1,343
2025-05-11 17:27:36,283d9e77290799f858d89f642815098bc55df3e301a2877a505c233eed750868,896286,149114.0,609.0,0.004084,3,2,519
2025-05-11 17:27:36,f6bf397118cff247daed85031500027829efad0bdb7e102b2bdb441128e2e56e,896286,971402.0,544.0,0.00056,3,1,490
2025-05-11 17:27:36,b9a2ca990d9f38925473b10535ee7decf263d1abb0a23029c68a8957539361ff,896286,800994.0,465.0,0.000581,2,2,371
2025-05-11 17:27:36,8b58b704575ca12b6e228c4ddc6ff929b830aa189588bee211cb355c3b64f8a5,896286,142505.0,465.0,0.003263,2,2,371
2025-05-11 17:27:36,0967239504b6f160804d8f961eece1284abcf11e2a981827758a9be6196ae502,896286,4360385.0,465.0,0.000107,2,2,371
2025-05-11 17:27:36,e39e18758f1ff4b91bf78183e359009f33bc869283fe10479e4feaea4816b3df,896286,142496.0,504.0,0.003537,1,2,226
2025-05-11 17:27:36,6231e4c814b9b3e036c09908a957f53accbcf8ea5c12bdd2df32f1e5ce677ffb,896286,188600.0,308.0,0.001633,1,1,304
2025-05-11 17:27:36,ed495cfe98d630405565c53e9b7a44d2b5a641e063b50ec5745b0889ad73c8b6,896286,34455.0,322.0,0.009346,1,2,225
2025-05-11 17:27:36,afe5db23970ad25dd0b371266a9bfe00c6f465061e33d4cbfbba5708dbf36e0b,896286,147100.0,504.0,0.003426,1,2,225
2025-05-11 17:27:36,843d6132ec9b88b400b0660529f9fc0ce9c2eed7a0ed3a27faaaaefb1b5968dc,896286,185916500.0,1492.0,8e-06,4,2,666
2025-05-11 17:27:36,69ddce24319c4578f35b1f0407638504f7bd221710d5eb26647fb517b2fe81fb,896286,1166768.0,399.0,0.000342,2,1,340
2025-05-11 17:27:36,904852ef72bed59cc87d8b43dd5da33adf841909518228478766a3ffb225ceea,896286,117758.0,399.0,0.003388,2,1,340
2025-05-11 17:27:36,1fd48bf61cd56c8e2acd21de58c9dfc55e2bb291a5587611a9e2f89bb3377b59,896286,75841.0,399.0,0.005261,2,1,341
2025-05-11 17:27:36,56eda07a9ec36ff2b74ebe38703e5ca832736c5942bd2b9c555ba9cbd915a7a8,896286,2115194.0,504.0,0.000238,1,2,224
2025-05-11 17:27:36,d0ff369f2dacec76bfab70eb26c3484f7052731e3dbe74a182acec3656383843,896286,405173.0,504.0,0.001244,1,2,223
2025-05-11 17:27:36,7846a75e0c5a5140ea6fbdaf6a487a538ffbcc5726a4d484fd1ac670b3cadcff,896286,2793684.0,322.0,0.000115,1,2,224
2025-05-11 17:27:36,94d9f9cb3f912727f76443e5eed2fa64f366ae9910871b12b92cc351663d429e,896286,563445.0,322.0,0.000571,1,2,224
2025-05-11 17:27:36,afcc95d5893aa53bcd57077c2c28977c7598bff4246d2452351cd612558e006e,896286,819859.0,322.0,0.000393,1,2,223
2025-05-11 17:27:36,fc6a224dc59294a91c49d1f0cc8cc4f5b8ebb22dfee3fb87e59c6d9f4d10d15a,896286,1110384.0,322.0,0.00029,1,2,223
2025-05-11 17:27:36,71bd629c652b2b28ebdfd59b745f31108526a60263da8462cda75c7508cc124a,896286,1196430.0,322.0,0.000269,1,2,224
2025-05-11 17:27:36,f3f1fbb8170f097d81415c34197fc041c2e48d9357ad2472c14f236b4eaab21f,896286,47675.0,436.0,0.009145,1,1,192
2025-05-11 17:27:36,365f5089040dfbba6500506e619e2c3de6eb614f84334ad27f264cf22d448ad7,896286,938105.0,257.0,0.000274,1,1,195
2025-05-11 17:27:36,c7b207296be37c53e0bc43d53f8ff271f84aada025d2509f7c5694b1be8b87d6,896286,94111.0,257.0,0.002731,1,1,194
2025-05-11 17:27:36,445454f6bf3b2b0ed1ca31fc843045006006bb4ee05b408e1d35f2210a24ec9d,896286,11845.0,257.0,0.021697,1,1,194
2025-05-11 17:27:36,0297e6fc08e5f5af525e04427fb1c334e2788aef26d5670c1218a504c787bc95,896286,2359643.0,257.0,0.000109,1,1,194
2025-05-11 17:27:36,617c0838809e0b7640c8b9ef7ce07cf0ce58f3e5a7d1c1dfba59903c39d78961,896286,305986.0,257.0,0.00084,1,1,194
2025-05-11 17:27:36,3736482601496ea59942047e8be20eae5a9a4a7ba7dbb685a9cf0be1969bdd56,896286,1292739.0,257.0,0.000199,1,1,195
2025-05-11 17:27:36,2f0717799a77dc69b45c3fe765298b6218bae3457fb5eae08c3543c1fd0a9d13,896286,92921.0,257.0,0.002766,1,1,195
2025-05-11 17:27:36,ab8f9a4a5369c186a5277f6f88149dddd7faf5038e6f10d17ee5a6e307a747d3,896286,281572.0,322.0,0.001144,1,2,223
2025-05-11 17:27:36,be2822bf0725e74a192a28e4d40d743d049344bc7ecad32860b89b70ff74c4ad,896286,759013.0,322.0,0.000424,1,2,222
2025-05-11 17:27:36,116c0737c13f6c1a5ce6f6247cd7e2845fc559faba5634078c7d7e1d22c87792,896286,631861.0,322.0,0.00051,1,2,223
2025-05-11 17:27:36,bd29da8f384256ccdfe0cdab2cf37fb3f8eb413f8f625d3a0d3b62fe5f89607b,896286,97272.0,322.0,0.00331,1,2,223
2025-05-11 17:27:36,b98e52ddad77430c5949cf8a4108c68fa57bbdbf488d0e15ad912e12c091f778,896286,321806.0,322.0,0.001001,1,2,223
2025-05-11 17:27:36,e7839bfdd9ff6748ef1365eb993a0ef3b7fb327ab91015831b6e2474179b1d72,896286,18337.0,322.0,0.01756,1,2,223
2025-05-11 17:27:36,843c0d5509710d93f00e4e7f5b3e48ff39ceef8948e6e6b77b4da8873af2af6e,896286,42463.0,322.0,0.007583,1,2,223
2025-05-11 17:27:36,a243908573a197ec4976c310d80e4855735f464fd7613f046acff944b474ba38,896286,144074.0,322.0,0.002235,1,2,222
2025-05-11 17:27:36,221701852e172fa60308461c0ecea27d3558292a00b0c1dc5b0528829cde3937,896286,3845776.0,322.0,8.4e-05,1,2,223
2025-05-11 17:27:36,228462ef91632386f952fedd72918e2ff3ae916f481eabf04be917447f10b833,896286,2015632.0,322.0,0.00016,1,2,223
2025-05-11 17:27:36,1fd1af4a27fa91145963551b2fa583effcae3d190f034bd28d6334be27ad722a,896286,28958874.0,322.0,1.1e-05,1,2,223
2025-05-11 17:27:36,536bb45d01658606d23e335211e28f26a0b8f10cd176be918d2c48ec49df9228,896286,706217.0,322.0,0.000456,1,2,222
2025-05-11 17:27:36,3c8f452198d031f0fd0a14c527ff8c3c98e683e1c02eef0e06c6c7afaeb67a06,896286,6512740.0,322.0,4.9e-05,1,2,223
2025-05-11 17:27:36,c09fb0d1ae73af190b3c1fa9fb576f78eec9a7b759778645aca9d7406375b15f,896286,50665.0,257.0,0.005073,1,1,192
2025-05-11 17:27:36,84466114ba325319745493144dcab2ff32fdd74c34cbefc02b77dd4ff56eac39,896286,450271.0,322.0,0.000715,1,2,222
2025-05-11 17:27:36,7ecd4acb7ecddfbcd6643dd4d5d3c64ff2debf6e6c0138807c59c8fd067d057d,896286,42028.0,515.0,0.012254,2,1,385
2025-05-11 17:27:36,db97a455eca76d987a8d1d592f33c3a790f8f26940c4ae146af738b723d0cf97,896286,284850.0,257.0,0.000902,1,1,192
2025-05-11 17:27:36,738ea49c7bb3aa4639ef31a617bd78ded1308642f611370616725675e287dc4d,896286,43541.0,257.0,0.005902,1,1,193
2025-05-11 17:27:36,a00be14d83188678151886cadba8dffa32e67dad9ef6df835f62acbc8aeb07c5,896286,280723.0,730.0,0.0026,3,1,555
2025-05-11 17:27:36,09015ccc78c8d1c831534cfad57f030103194a855c52aad1a9e59f9ec3053a63,896286,20548353.0,9519.0,0.000463,43,38,7322
2025-05-11 17:27:36,b08cd79d5b1db742bbb2dacc408271d80407d57c0e9d74f826528b85750347ee,896286,21993.0,257.0,0.011686,1,1,192
2025-05-11 17:27:36,2ca22f76269e88be005f772fb9114f65f1de5312a5d8482c93ca11d94c7f7de9,896286,67263.0,257.0,0.003821,1,1,191
2025-05-11 17:27:36,4fd386b9adfe8c63fe611c1c78375dcf111e59bc76e3a28efbbfc360a15caae5,896286,71127.0,257.0,0.003613,1,1,192
2025-05-11 17:27:36,044e6edb74144f629e11057415d52e571b9ca1ddb35ee41ca4247db6a2977aa9,896286,218474.0,257.0,0.001176,1,1,192
2025-05-11 17:27:36,cfdeb01dae289404f0d6b0d30b8e04b78b748ed90c3ec62c7139f073cbd8cfa3,896286,158144.0,257.0,0.001625,1,1,192
2025-05-11 17:27:36,58d373c9c6dc99244de9d77e2b83f89e10876b2b6e549ce580acce296fe580a1,896286,52743.0,257.0,0.004873,1,1,191
2025-05-11 17:27:36,3aea38174871deab7e88cbd96982512ede76c5933baa9884f55de6ba623845a0,896286,99627.0,257.0,0.00258,1,1,191
2025-05-11 17:27:36,152838fab53279cd1c50cfc68209faa32d902e00d58033099acba0c1327cae94,896286,349663.0,257.0,0.000735,1,1,192
2025-05-11 17:27:36,17a3d4e8c1a11caff13e6d3f157aedfd75e309920758d317b425fa02b9e9826d,896286,288830.0,257.0,0.00089,1,1,192
2025-05-11 17:27:36,73376c7fc321e4c136e14afdf79eee52913520f172a73f887c9288db541b0d69,896286,493519.0,257.0,0.000521,1,1,192
2025-05-11 17:27:36,e44aa7e92510b08115b246259c2918a01c3d126397f30cc839c2a7020554c452,896286,2389.0,257.0,0.107576,1,1,191
2025-05-11 17:27:36,c0678e997523500b22007bc7b0bc7792eda6f6862a8858e654ba64da885c4a2f,896286,17743.0,257.0,0.014485,1,1,191
2025-05-11 17:27:36,de63cefae9a77543eb1ab0225fb81481d6afb3aaaf1b7df481606a7f43e7d71c,896286,105081.0,257.0,0.002446,1,1,191
2025-05-11 17:27:36,a67186ed65ecb4894360fe26bb8c1f664ead48f766b1d181e3fdc8545677630d,896286,28415.0,445.0,0.015661,1,1,189
2025-05-11 17:27:36,adaf39ffd7b7b7f20d4d16d63f5609bc5004f388e8469d587f3164eb323ff0d5,896286,83717410.0,529.0,6e-06,1,2,222
2025-05-11 17:27:36,2c8c7b1e587fd6b096fce160ba5d2d3f20865ad88633da50c46a798275c2fcd9,896286,177784698.0,338.0,2e-06,1,2,222
2025-05-11 17:27:36,6f0d2efb7b124f9dcc785c97f4472ea5c384a7fa8b6fe88df0029cc2f05f4ea1,896286,167795834.0,338.0,2e-06,1,2,223
2025-05-11 17:27:36,fd63152b7432388800adbf38cc2b28a7db1650957e1799f0d03720ba10e68463,896286,591254448.0,338.0,1e-06,1,2,222
2025-05-11 17:27:36,ed413c428eea38568cf2f411604f6db8d57e35ff560f25233b7e1ba421b9710c,896286,3380708.0,338.0,0.0001,1,2,223
2025-05-11 17:27:36,535f48122821029e47538ed8817673b4d66e76ac8092cfb25eade769b033554d,896286,18982193.0,367.0,1.9e-05,1,2,235
2025-05-11 17:27:36,fbbad6aa91e54ab395b03a360692fae420f429142dd2c2bcac5bdb53dad831d1,896286,2564082509.0,871.0,0.0,1,9,445
2025-05-11 17:27:36,058c14b893712ce683b430ee4c3a5f0146fa1806813e0bb886a141aee2a0dcf9,896286,7584210.0,1435.0,0.000189,1,16,680
2025-05-11 17:27:36,19d57d4ef39f2eae4a9fc7cf19ba355bf1d49f7470a0aa50c58cace9a1019011,896286,143365062.0,2645.0,1.8e-05,1,32,1183
2025-05-11 17:27:36,ca10dfcff8de9ddfc3cc1fbf39b338207c218db714234ed381cc267f90c3cef8,896286,9165633.0,341.0,3.7e-05,1,2,223
2025-05-11 17:27:36,cd3144dfeeb0ea0822a65b695941d9767289bba4f913eb0c7a6bdbdb9c36e1a2,896286,35065516.0,341.0,1e-05,1,2,223
2025-05-11 17:27:36,bef4ec594dd7c6a4b2d20e82e80217248b0802577aff71c0e00b88a15f5e2040,896286,193772.0,503.0,0.002596,2,2,371
2025-05-11 17:27:36,30603fb9c07789746bdd459dfe6ed324d1340923893c34b48e8843bf310a9872,896286,14443.0,819.0,0.056706,2,1,336
2025-05-11 17:27:36,53585b2a32eb0223f30afa239f3a87be9f9e26f96a2aab72d738a36eb842b862,896286,65518064.0,348.0,5e-06,1,2,222
2025-05-11 17:27:36,099b2b695b1b50945ca02e16be500678fb71e361994bb10bc42dd7a047ce4a7a,896286,89717900.0,349.0,4e-06,1,2,222
2025-05-11 17:27:36,821f03afcb33101f305ab52540d4f7c5680b1d529931138249ec4972c70ec14f,896286,926204.0,352.0,0.00038,1,2,222
2025-05-11 17:27:36,467763c4e9fe77fa8b8dfd39a717a1294211118594956a8df6f7f36d8aa946c1,896286,218101.0,622.0,0.002852,3,1,489
2025-05-11 17:27:36,67c498f8e470f6bdf0ea3e84acd7bc0d618eace4fd1d8183c015224dc5f62bd9,896286,77342004.0,368.0,5e-06,1,2,225
2025-05-11 17:27:36,fcdc523edc14b233e47596f8c402ccbe0a8e9f2e4f381f1245a07424b8986ca7,896286,16341973.0,378.0,2.3e-05,1,2,222
2025-05-11 17:27:36,d8139a5c363791ea1d1fc071364c0b3e1bf4400a373f79a51caf268ae0c0990f,896286,82642.0,1741.0,0.021067,4,1,636
2025-05-11 17:27:36,158af1edc7ffeb34638b245c2fca555665e09c7092224f76163bd305ef04127c,896286,481398.0,706.0,0.001467,2,1,339
2025-05-11 17:27:36,2c0b759273c5bb06df01cc10a41a7c153d6c63ce58be5a6e01e9780f7d8deafb,896286,72076690.0,760.0,1.1e-05,1,4,357
2025-05-11 17:27:36,8c47bf1a8219854766e19050f14e69f320c16c0af820d775b7c95bc985759db0,896286,497881.0,1047.0,0.002103,4,2,681
2025-05-11 17:27:36,c85752a8b28e4f6647356c421b90b5b168b1b31560cfd7d7dd6a9bcb6969fab0,896286,75587.0,426.0,0.005636,1,2,226
2025-05-11 17:27:36,ae9852e135bf3d8a0c9592fa6f7aee3bb2f99cd85c1dac6ec3aedeb9f859535a,896286,7277185.0,621.0,8.5e-05,2,2,371
2025-05-11 17:27:36,685dbc7cc2f658d665cc459425f2a412e8717a7adbabee20c7dead194d1913f5,896286,21891145.0,419.0,1.9e-05,1,2,222
2025-05-11 17:27:36,08cda4bb12acaf9442f2d868be0315996eec4dc4aa3642574f94f65240c20e71,896286,8945667.0,419.0,4.7e-05,1,2,223
2025-05-11 17:27:36,27109ff370da3802e9e8525734738d216be276baa69931bef671997b16574f37,896286,1512595.0,419.0,0.000277,1,2,223
2025-05-11 17:27:36,f04cc5946e6bfa8bf6136ca1585464d0bcdf455d03cd6a05b387c6b2072b4ed6,896286,63855626.0,423.0,7e-06,1,2,224
2025-05-11 22:58:45,054f3d0cd4f93c3358c03c60a41be570c281c7f271ca11a194f00d9560107617,896321,166125.0,333.0,0.002005,1,1,195
2025-05-11 22:58:45,3761b68b1bc955606e23f487283b3a33d2e02172b49f85b6237b89a7626f9c9e,896321,49995896.0,1404.0,2.8e-05,1,30,1145
2025-05-11 22:58:45,45c5b96a54aa386d5c446260f53a985348e9c20be2c550d4fa72ea5b262c775e,896321,279151.0,248.0,0.000888,1,1,203
2025-05-11 22:58:45,178721407eb3da4045be0d1f3cfd7aad319af9ade927adb93f2b0a21852edf51,896321,344204.0,141.0,0.00041,1,2,222
2025-05-11 22:58:45,8676c0616cc7a9ca691dfc5753b5de92f31c54dc9d6e24423c4064bbde4827d8,896321,39019.0,260.0,0.006663,1,1,405
2025-05-11 22:58:45,2938ece99c473f4031e03f0950b189ee0c97bac8ece8a1af9de834a5809db665,896321,696032.0,223.0,0.00032,1,2,234
2025-05-11 22:58:45,10e0c361aee23efa5b4ee0e2b5831a055b06a873f3234c05e4c91bc5b98ffa18,896321,45005.0,282.0,0.006266,1,2,223
2025-05-11 22:58:45,a84506b991c3ca808df797040f9ab87d07800f59cb5ede8d19243e164fb06a4a,896321,177487.0,142.0,0.0008,1,2,224
2025-05-11 22:58:45,13157e5e48eec1f5272cc15a75900fd30585e133260f4f04e6032161a6ab4b1e,896321,37766358.0,2315.0,6.1e-05,1,1,191
2025-05-11 22:58:45,ea698b0692179e3bd215c4309f3ac0a7743901936beb634932c8d9331f7ccaa3,896321,69364138.0,5936.0,8.6e-05,3,159,5637
2025-05-11 22:58:45,56dd6fda8a811d4e8d9ee1caaf5ccc90c1d904eaac98cb59bec7edbe2257e3ea,896321,38818608.0,2199.0,5.7e-05,1,1,191
2025-05-11 22:58:45,10eb7ca163b8fbd6531e600ab931bff4994b2353ad33d89ef9b2a6be292fef2b,896321,69234651.0,5613.0,8.1e-05,3,151,5344
2025-05-11 22:58:45,3c559d87a46cc5317edd3afc5ad10964281d4dcfbf421a22019c698fe27d0b9e,896321,18000.0,955.0,0.053056,2,1,339
2025-05-11 22:58:45,35bc051d5b444a96fcae0da0fcc45ceb91f5b6905fe5794fdaee5cdb36fdd7a2,896321,463911.0,2040.0,0.004397,1,1,304
2025-05-11 22:58:45,003748b1bac40f04a1c62721371ea6a7174a4709736d51a805968958dc766a4a,896321,23455484.0,2103.0,9e-05,1,1,191
2025-05-11 22:58:45,818151bd109f3f541cba50d41ba6b9d5ea4500fd8538db88846a18702aa6df1e,896321,46212177.0,5351.0,0.000116,2,147,5025
2025-05-11 22:58:45,2b3af8ce83e95175cf541b6ed4384fe820e30b0c255af9020b4c209f69959a97,896321,33358.0,244.0,0.007315,1,1,203
2025-05-11 22:58:45,2f35f34e4207b3d244c93b300307e0a5f5246beabfa07c4d39d86074e2032098,896321,25451.0,432.0,0.016974,1,1,192
2025-05-11 22:58:45,735353c6d1804175171ebe66163c69f7c285f16f19db8d745ec5ade32c804eea,896321,170483.0,556.0,0.003261,1,2,223
2025-05-11 22:58:45,e7a83d57294777025d0c98860bc563cab8c32b7097c9173e2e47f510379aa50b,896321,653039.0,604.0,0.000925,1,2,235
2025-05-11 22:58:45,f40dffb071ee8f553b416983039ed8d0ad0bc7e86a046f837e5317ce898c1417,896321,465388.0,848.0,0.001822,2,2,372
2025-05-11 22:58:45,4bee8164ca0a346bb084a6565499708e6bf6a0dab718bf6ce9a1df207c089f03,896321,26351194.0,2158.0,8.2e-05,1,1,191
2025-05-11 22:58:45,01d8a1f9759e0791748f0e763d438d897a71471d62779324e6f81ce688b19abd,896321,46175500.0,5500.0,0.000119,2,152,5161
2025-05-11 22:58:45,51069ce319267c8e29c3b3b8f02f95e831541142af57e22833251d66597a6695,896321,24724.0,220.0,0.008898,1,1,192
2025-05-11 22:58:45,b3714f90c39a5e2e8c1b45952bc403969efdac7f3f27c528d0e4c6a4195ea8c6,896321,36853154.0,2347.0,6.4e-05,1,1,191
2025-05-11 22:58:45,762cec171c13c7523fe1244d0c336f83b0da7fb8c898f05363e7c4266b4003f0,896321,69366824.0,6023.0,8.7e-05,3,163,5716
2025-05-11 22:58:45,9bc88f62ce3055c7740e448a242e23632c2064aff1beba77ac928b18710b50f9,896321,546.0,213.0,0.39011,1,1,286
2025-05-11 22:58:45,185284ee2b96ca2bc89681dfa84ba262796b4cc1f82f3e465833632a6148ede8,896321,546.0,210.0,0.384615,1,1,276
2025-05-11 22:58:45,e1c9f932d81be6c680d2ae4c92b6282be6720fbe6c6ec0f503a8cedc5ea29bb4,896321,546.0,210.0,0.384615,1,1,278
2025-05-11 22:58:45,b928b8f18d465458f8d2c5cb1516a22e5eb2bb5955f1bd0b6070018815b9bfb1,896321,546.0,210.0,0.384615,1,1,277
2025-05-11 22:58:45,51f827d678fac02dcd12d68f66aaf87363f02a4d87be8d403d2efbdcf562bb9e,896321,546.0,210.0,0.384615,1,1,277
2025-05-11 22:58:45,5ec59a17a8fa1ad8113782244542bee5c7c0846019388eca9faa9b0caf277c8c,896321,546.0,210.0,0.384615,1,1,278
2025-05-11 22:58:45,d4be80e3a6ac941f58c1f96574cf1587c35af8fcd0618f8236858faa23c2097c,896321,409931240.0,2358.0,6e-06,2,46,1734
2025-05-11 22:58:45,f6689dca3bf3df99f5ba3ca149395e6be7cba33382e423e71b2e75c0703ca36d,896321,546.0,210.0,0.384615,1,1,278
2025-05-11 22:58:45,ab31a9133b1f94c46802a3dbf8b04153aa6fa77a3d19ed0e0e7c6a80a2b6703e,896321,546.0,213.0,0.39011,1,1,286
2025-05-11 22:58:45,7bdb38d71a710debb54fde14b21688359355f797df4be04a51811960ae7b1fea,896321,546.0,212.0,0.388278,1,1,280
2025-05-11 22:58:45,ae1b6b8f6c83c62ec44764f485f5d8802501b098f4d563114dc02dac7a63bce8,896321,546.0,212.0,0.388278,1,1,280
2025-05-11 22:58:45,fdeb285c97af0515f35ffc00604de381aa82fb2407e1b2e35169e624eb4434bd,896321,546.0,212.0,0.388278,1,1,282
2025-05-11 22:58:45,8b609e98db3f4a0454da8267dd5c2b203957a93b02f2ca739be4b68b0e8264af,896321,546.0,212.0,0.388278,1,1,281
2025-05-11 22:58:45,580f132798acd3670b6397a76c0c282f32f93828d9fb1afc0cceb941bb7de6a6,896321,546.0,212.0,0.388278,1,1,280
2025-05-11 22:58:45,cb8268516fc6ec63ebaf7059400d3e1687971eecf17afd1ea31c6e8a20f7c36f,896321,546.0,212.0,0.388278,1,1,280
2025-05-11 22:58:45,5436435a8079f3f7674837c4ea2e0c7787cdd96dcf1997ba1554d040ff649531,896321,546.0,212.0,0.388278,1,1,280
2025-05-11 22:58:45,d4ee6b04fa1f19356576bbd5a576cafb34f4c0f75cc67fc6a0c4b2e3744cd51c,896321,546.0,212.0,0.388278,1,1,280
2025-05-11 22:58:45,86e526d8f99b6485af12bfef1e01d7ece6e34d2ed799a35cfe27c22713fcc035,896321,96677097.0,338.0,3e-06,1,2,223
2025-05-11 22:58:45,f5fd4822f6740d9f3d32ec8245ed43f03b29b6976251e3f807e165ba89ba984d,896321,37812724.0,289.0,8e-06,1,2,380
2025-05-11 22:58:45,002cd7b64b948982cdc92581327e814198a267192ccc9c26045e1a7c0db3c325,896321,719251835.0,221.0,0.0,1,2,226
2025-05-11 22:58:45,d7c39f0e72840d3893952f00c85ff3f05fe0ab9136b6760a6403ad7ece9b6bdb,896321,100082.0,264.0,0.002638,1,1,406
2025-05-11 22:58:45,50bfd60583b2da08bc98e92dea52143c785b0738011709383bbe646da7c4ae8e,896321,91800.0,217.0,0.002364,1,2,222
2025-05-11 22:58:45,eab0bc92e3390c47b7fdbb57e081eab68b084d7b3d2027b3df2123e1f7a8484b,896321,165223.0,322.0,0.001949,2,2,372
2025-05-11 22:58:45,fef89911571e0c39490f44aab88311f327d55ef0b206b1448c87e80313c3c674,896321,1111388.0,279.0,0.000251,1,2,346
2025-05-11 22:58:45,cb92b511a209714a9123de510be95c89257cd8a125727f784467f3d84d9301c8,896321,12664.0,1292.0,0.102021,1,17,974
2025-05-11 22:58:45,4b5d9280c33d5053082923f2006bd345a6cf11f49be8ce10f1200b489e97013a,896321,22080.0,318.0,0.014402,2,2,312
2025-05-11 22:58:45,d18380d7610983a23a5c144f305f92cf5b3bb379a5d5a4c6e17cea91cff1d750,896321,1204346.0,418.0,0.000347,2,4,432
2025-05-11 22:58:45,87c3deeb9da8d18fe3d557d047863f46b413aee03a397d20f42336271298a1b9,896321,96600.0,1865.0,0.019306,20,1,2183
2025-05-11 22:58:45,1c270cc3fa9a80cafe017e2f4ca52550f5159bf6e9e66838f7b0d92e68d547dc,896321,1382826.0,226.0,0.000163,1,2,226
2025-05-11 22:58:45,0f63454e932543e494db698f9cde77fe73cba6ea2c5897ba9d3ef8768de10778,896321,138160.0,636.0,0.004603,2,2,374
2025-05-11 22:58:45,7c18d610dba47093b65ca3ac6642e06a4fd55a1d69be575f16604b6cf72741ae,896321,99993422.0,1578.0,1.6e-05,1,33,1277
2025-05-11 22:58:45,88d87dda329edbfc403e09568c8d0669b40cbec3040871ff4d143a00a581ab3a,896321,95772.0,192.0,0.002005,1,1,204
2025-05-11 22:58:45,01bb72678aeb456632e95683a62bfafa26d0ce583c33f54d59e6830a8048d5ae,896321,549890.0,241.0,0.000438,1,2,234
2025-05-11 22:58:45,ae05498ede38c1d11f7b54eece8f5598a359d01fdb71ea5caba37f5bef824a31,896321,570459.0,241.0,0.000422,1,2,234
2025-05-11 22:58:45,ab6e9ecd23d51c111e264756d32c97cd8f66436284baa7a559a903d1cb6e2ddb,896321,101305.0,226.0,0.002231,1,2,194
2025-05-11 22:58:45,8e645e4415b6345a30089bfb5cc8af0079ac75131141f5c3d012a0d41eca49f9,896321,47301835.0,1257.0,2.7e-05,4,16,1118
2025-05-11 22:58:45,f9bdaa9f78bcd8d6c5408b812002daaa9f3b8e6f4bafcd190e815636f3c779fd,896321,97636581.0,223.0,2e-06,1,2,222
2025-05-11 22:58:45,2eb9727c6ad42ee472c6ec356cfdc2c2f52976a5a0b9a52ef150e3d72e90a1ca,896321,4801049.0,223.0,4.6e-05,1,2,222
2025-05-11 22:58:45,1473ecd5d92361e27a6286073b951a93d6ea8e203118cabe752bbec778d0da08,896321,91703.0,274.0,0.002988,1,1,407
2025-05-11 22:58:45,5f24ceb922e086b05f2790ceb389bb14932e44efaa0a3453a8cb13699c3350de,896321,86799.0,274.0,0.003157,1,1,406
2025-05-11 22:58:45,14f387a1ca850674d79be1ca7e4259fadd011a55005c57a47d5dbb67194697f8,896321,202160.0,416.0,0.002058,2,2,370
2025-05-11 22:58:45,3d77718ef1284aa107cfa518c3edfee86f9f3fe2a0addd23087ebb03a8d3add3,896321,28628.0,141.0,0.004925,1,2,222
2025-05-11 22:58:45,46f92d037fef2caa79af60eb04c30c7f6420513452f876a1ba052c3d37d01ec5,896321,72748756.0,653.0,9e-06,1,9,599
2025-05-11 22:58:45,0fcee5d338e45acdcc0908307b3ff8d1a67ca102b6a6c4b9389b7deab90c9ac3,896321,80353267.0,552.0,7e-06,1,7,536
2025-05-11 22:58:45,55ef8febf7c3bbd355f82d2f84d8824e69f169c78cec9b55be9f71a2aeb34cf1,896321,50200780.0,472.0,9e-06,2,2,675
2025-05-11 22:58:45,9d3ee7680b6af9a823fa172c0bfedabf4786820acd442a10fb1a346abb733ef2,896321,2271838.0,477.0,0.00021,2,2,678
2025-05-11 22:58:45,f192f18d8bb488a2dc36d9570e9bf12ab6c80d02d737f26cf12b41fda928e401,896321,92122487.0,405.0,4e-06,1,4,442
2025-05-11 22:58:45,83985313bde8ad0cec297bbf6fb67391fb82bf38e420ea6bd267bd61f097b2b3,896321,361614.0,1704.0,0.004712,7,2,2389
2025-05-11 22:58:45,a9a42ae82b392cae4a1add60d661f657aead1c0c5a82766543c72eefa370a3d4,896321,289469.0,306.0,0.001057,1,2,381
2025-05-11 22:58:45,3b3bb0c35dbba12f9d9adb401cc55a9ec1afa0b73ee2377685e06b27bb024ac5,896321,2694254.0,306.0,0.000114,1,2,382
2025-05-11 22:58:45,7fa4523087ad1cc5816de0c3681f5aad68258343b6d96c43a7f440aa8a6a3392,896321,1340291.0,306.0,0.000228,1,2,381
2025-05-11 22:58:45,9af91044d49f20ee4dff22e0666772cf5a6a7a508a57870d56eb1de704b024ef,896321,5802945.0,356.0,6.1e-05,1,3,412
2025-05-11 22:58:45,ef9effbba9e7229082119b4c34d95207ecb6cc8af8a7fddd41b4e81a286400e7,896321,1426112.0,1872.0,0.001313,10,2,3061
2025-05-11 22:58:45,b75b6d4683c21d7d268f620121d813458020c4df0149df66bfb41ca1d3bd80e1,896321,84740.0,260.0,0.003068,1,2,223
2025-05-11 22:58:45,24eddc76a2e9601c82333697e7d5ca18dbc3ae8ac541544ab44ecd96d5f7dfde,896321,171690.0,310.0,0.001806,1,1,194
2025-05-11 22:58:45,3eea343eaa49c57759af3405e85948ad3190fbd2dc7b1fc1d613eb38538fea34,896321,19454.0,546.0,0.028066,1,1,191
2025-05-11 22:58:45,e699b771442a472e5af47ea134c1b0d1291f2dcd0cbb40bbcd023990dfffb8cb,896321,107307336.0,1075.0,1e-05,1,25,978
2025-05-11 22:58:45,8b1840fa55824c345c1ccf0e7495897b51727c42f80390c6f551928f4b8282ea,896321,1140583.0,1872.0,0.001641,10,2,3057
2025-05-11 22:58:45,e94f17048c206b1d4ac1dd1c031c85f7258a107d958164dd9f4f095823746fcc,896321,1536249.0,305.0,0.000199,1,2,381
2025-05-11 22:58:45,4e98683b77333ee6b464cb0b7d2d542e5f4221362eed5cffa6f3bbaadc968187,896321,2916352.0,305.0,0.000105,1,2,380
2025-05-11 22:58:45,0ea0c874869823a90eae07b77407c2f011d1aab7d8a78bc3ec2856515834107b,896321,62730113.0,305.0,5e-06,1,2,380
2025-05-11 22:58:45,505b06609e13f59abf222b42e9fe464700185601b23bc4bfe2ac6ee7c005426b,896321,98857765.0,305.0,3e-06,1,2,379
2025-05-11 22:58:45,03e40affa990b0d7cecd4e3667c30fec1232631c2cf47d14bfab6cab4cbb4729,896321,2750237.0,305.0,0.000111,1,2,380
2025-05-11 22:58:45,da78a92bfaa45b46f67bdcf163eb6f23ad79595c2ab151485794e63f54b8afb4,896321,399904.0,290.0,0.000725,2,1,339
2025-05-11 22:58:45,019a696045ade62f87cb20662ef73e5fcf1ce1e7eb38a00730d8fbad51db4c4f,896321,2580775.0,1631.0,0.000632,14,1,2115
2025-05-11 22:58:45,31b81d02a100a6c97110e5353b0c4c0c6f88f6527c733ac5233f8dd2b60a7007,896321,1686839.0,1185.0,0.000702,10,1,1523
2025-05-11 22:58:45,abda1da184353212ff45fa420891abfc958464ed3e7ed5f50cc9074447e47f0d,896321,1955974.0,851.0,0.000435,7,1,1079
2025-05-11 22:58:45,42e06f87d8c3edce302914ae4dc0bbae4bd7c877cd151e4ca7ddd140d9b5aeeb,896321,44498877.0,286.0,6e-06,1,3,255
2025-05-11 22:58:45,1bf1a11981ea23af39be62b68c1d71f803431f9e2a2ba25eac2309f72b26222a,896321,163667.0,254.0,0.001552,1,2,234
2025-05-11 22:58:45,1a3c4801ecd9b9e5b06d892f2ae671ce44177d904da562a56207f7a2635455c8,896321,651469.0,231.0,0.000355,1,1,303
2025-05-11 22:58:45,8a59d80cde20fdaf93a1a1adf6ec41da55dbf73301c41ce61a1370d54395cfd0,896321,2461512.0,332.0,0.000135,1,2,247
2025-05-11 22:58:45,8a13fccde9be0975d9fc5f6e5d3f99f74f830625fdd015a3d2be578a63920063,896321,2612844.0,332.0,0.000127,1,2,247
2025-05-11 22:58:45,ed65c52da4f81e7ef7aef82cd4240f015e55d7719ba222b78b28314a58f20bb0,896321,2688176.0,166.0,6.2e-05,1,2,246
2025-05-11 22:58:45,142104ce4dd9bef2b18dbc2b975405d985df767aa0fdd7a0535eb7bf8d8ea362,896321,1059031.0,242.0,0.000229,1,2,225
2025-05-12 03:27:37,63a22e84658c425909735f51dd65d6285f849f9152545d152d0d100e7721bde6,896352,546.0,193.0,0.35348,1,2,226
2025-05-12 03:27:37,4addb4ad01d7468c1510387369febafa10fd1ed6b4e98619ed793ba7b3eeb2d7,896352,546.0,193.0,0.35348,1,2,226
2025-05-12 03:27:37,a898a060f7f46038d08549da1ff61750ba3e4e5c48b73a417399905c11ec0cbc,896352,546.0,193.0,0.35348,1,2,226
2025-05-12 03:27:37,7c925a48b00d9a7054211a77b1f0a51a0f6213bc55fcd3b5dfe0f155842834af,896352,546.0,193.0,0.35348,1,2,226
2025-05-12 03:27:37,97d898dfc83101aa3667b05c280664dbfdd044775e179e0e7a35e081415a10ac,896352,546.0,193.0,0.35348,1,2,226
2025-05-12 03:27:37,ea4195942eef30699d1d39b23869205502ca1820390390733ab59c4152289aaa,896352,546.0,193.0,0.35348,1,2,226
2025-05-12 03:27:37,bb1213bca90514da0a8a921f8288edde79289297987e765c2dade23627686f95,896352,546.0,193.0,0.35348,1,2,226
2025-05-12 03:27:37,2dcac5dee4ae9fa1930b8b5a4c2f0df25e0d0e0e4ad53747b07079918197ad8f,896352,546.0,193.0,0.35348,1,2,226
2025-05-12 03:27:37,78cb437fd40e66c6d21475f52fe234f4c1a2bc822d07709a36ee070e4a6a2482,896352,546.0,193.0,0.35348,1,2,226
2025-05-12 03:27:37,5e652cd743b991688e1b34b570c8511cf9e980b74008465ddb750fe4409d5372,896352,546.0,193.0,0.35348,1,2,226
2025-05-12 03:27:37,70c6112831d0beb83765365654c7b1f9277aa4ca2e998bc93469b052d7c95c62,896352,546.0,193.0,0.35348,1,2,226
2025-05-12 03:27:37,eb85a6748b5fc0198761829228a76835a28d3d69ca643c800788b410045a4b5d,896352,546.0,193.0,0.35348,1,2,226
2025-05-12 03:27:37,eaba09266d76d7affa8cae3b1bf0a191bff442f26abfdc378ae62743b87aec4d,896352,546.0,193.0,0.35348,1,2,226
2025-05-12 03:27:37,64e7808528050b6641867436043b672973c652f6615ae35a07b7ab6184b59a44,896352,546.0,193.0,0.35348,1,2,226
2025-05-12 03:27:37,9e35c5f63a1f2def6d5801724cf441b1f45769d98ca7ed12411d96cad69b8d34,896352,546.0,193.0,0.35348,1,2,226
2025-05-12 03:27:37,0f1360ba02869dd7765c80a142161c6c3d21d082b3a7101065d1cbbef45d8532,896352,546.0,193.0,0.35348,1,2,226
2025-05-12 03:27:37,7d9cea843d66b282405f0171aaeafcb2fca8d1b5cbc6c1d0b5472de553f7772b,896352,546.0,193.0,0.35348,1,2,226
2025-05-12 03:27:37,874b92f24caad33083f7b615ed813a32b7336f52a975d1f68621951eab757d20,896352,546.0,193.0,0.35348,1,2,226
2025-05-12 03:27:37,cda65ca3b2e6a083238536a6a25985f34d86d27e1a75c6b12a4861b04bbb3e1e,896352,546.0,193.0,0.35348,1,2,226
2025-05-12 03:27:37,48ace37d0f3d8676785c26a3beae4ee5a7788c83a6e8069de6fe22efcb33ad18,896352,546.0,193.0,0.35348,1,2,226
2025-05-12 03:27:37,5cda0375beb6c8598fc7372d7edce3fa22c81125699515d1b763c27fedae110c,896352,546.0,193.0,0.35348,1,2,226
2025-05-12 03:27:37,96b24060bebd26a42bcc31d47057f5d7df5b48a9b25449c6166ade102f140b06,896352,546.0,193.0,0.35348,1,2,226
2025-05-12 03:27:37,d1e7f14b770d1dc220d245bf0891b171c18c9dc25aa4368f6ee760eb29556b75,896352,75411.0,4923.0,0.065282,1,102,4526
2025-05-12 03:27:37,2a4246527ffbc96050060d338e00206fb9b59b53ab84dbb4d154979699d554fb,896352,48495303.0,3794.0,7.8e-05,19,67,4974
2025-05-12 03:27:37,a50e5307f0bf108bc543c545b2752c7bfbc19606bcbc49a6cffb16024ca7eae1,896352,96710.0,174.0,0.001799,1,3,209
2025-05-12 03:27:37,3e94dcf0ec29dca6aac40f7f4862c3bd4c6f4e2f0d818226a71ad44128171eac,896352,483364.0,174.0,0.00036,1,3,209
2025-05-12 03:27:37,2f74affc4677907466348b2d7f19658b91c8bd26216b3944dd2f008f564d4062,896352,483364.0,174.0,0.00036,1,3,209
2025-05-12 03:27:37,dbd81e20c526b1dfe7e38333edc27211f4a2456b7ca7f92d371e6585289b6c1b,896352,483364.0,174.0,0.00036,1,3,209
2025-05-12 03:27:37,fcb5d7a770214863e4d65c78cee3e0708216c119631c5fcea1bdc59e1c2e420d,896352,483364.0,174.0,0.00036,1,3,209
2025-05-12 03:27:37,2ed572fc2e356f0574da03489adecae82c792842ceee606d247cb19ef8f0e3bc,896352,694199.0,2290.0,0.003299,30,1,4499
2025-05-12 03:27:37,71c7bb51b8e5a674f8a0158db53889dc0d9a1de5ce562b68d2b556f67f3d9ce4,896352,134236.0,216.0,0.001609,1,3,277
2025-05-12 03:27:37,1da1cb94f461cb2d125fa48a05a60936eb4d56653ff080114614ad30e1592d4c,896352,201012.0,518.0,0.002577,4,6,763
2025-05-12 03:27:37,80af7d1db732f2c3bbc2a3fcf3bf0931f56400145d7f2bd2eeeeba635e54e546,896352,325228.0,518.0,0.001593,4,6,763
2025-05-12 03:27:37,a66760b4d9f18a25e677d6dc5f5916ba822616c72d4e540e1e5cae0cd7fcfd42,896352,1267493.0,1277.0,0.001008,16,2,2442
2025-05-12 03:27:37,23b911d95829af4107fbc561f2d31525e1c5e3d64868d7f18158f1f1423d48b7,896352,55090.0,252.0,0.004574,1,3,396
2025-05-12 03:27:37,22919a259c10b0d582e99d7b19faf227ea364f3ed76d1dd1e9ff003fd1587b9a,896352,403280.0,252.0,0.000625,1,3,396
2025-05-12 03:27:37,7037b3061e2aa481668c332e5d473ae0a4e617ba8bf37c0e382d456f14450180,896352,27887.0,252.0,0.009036,1,3,396
2025-05-12 03:27:37,0706c26f8f6d407e63684a207852e49c30f25d99a136d00c625ddde368e12f6b,896352,18000.0,504.0,0.028,7,1,804
2025-05-12 03:27:37,91864f4a09aced364f598f400d4eea047c93fa23425e2cfabee098ad10381054,896352,27134.0,252.0,0.009287,1,3,396
2025-05-12 03:27:37,8d881ae6a3f27f6cc35d5976a5b41494898530739697f2deda93b31420739122,896352,28266.0,252.0,0.008915,1,3,396
2025-05-12 03:27:37,bd071721ec6d6024bac93419e1d0fb248852e8bb974754faa66b424462debc3d,896352,227312.0,156.0,0.000686,1,2,223
2025-05-12 03:27:37,0c4608c7c00f6126caa4d2a8345b6391c4c1c18368f88876b059965093d74697,896352,299482.0,238.0,0.000795,1,3,372
2025-05-12 03:27:37,6f96e73b91aadd8547f03ba08cded6b82f2965e7c695ee240653ecb89d7c216d,896352,300050.0,201.0,0.00067,1,2,350
2025-05-12 03:27:37,ba7c7565d3734e28b6a7777ca86fcc91ff4555b8b63e585812bdc7d63e9d8ef0,896352,300581.0,201.0,0.000669,1,2,350
2025-05-12 03:27:37,207fa13179e0e08cdd0325f5ad9c25b37996d2a3e40c717be44c78ad744fd924,896352,301112.0,201.0,0.000668,1,2,350
2025-05-12 03:27:37,a6a16dbf9f67061f124fe92f32c58091c88df28bdad2cc4a0025346cde661ba0,896352,301643.0,201.0,0.000666,1,2,350
2025-05-12 03:27:37,c354896a115a70ad82ba98b03006ec273ff0af012cbe4570f25b6d73d1db661b,896352,302174.0,201.0,0.000665,1,2,350
2025-05-12 03:27:37,4289f8247ba79b1b9eb09e089123cf46ed90002c56186d07265298fde07e5c2c,896352,302705.0,201.0,0.000664,1,2,350
2025-05-12 03:27:37,66003a82355e63b39d5a70ac5d06aacfe37491e438234949baf5e2b04b201df7,896352,303236.0,201.0,0.000663,1,2,350
2025-05-12 03:27:37,8824f552d6128b021de636a9d546f6f2e7437e3f1d17bc31767408bef4467c10,896352,303767.0,201.0,0.000662,1,2,350
2025-05-12 03:27:37,99217aa6d0e6462cb47c2e2b11d914c3da9cd55ba0fb49adaa95b55e53e134c4,896352,304298.0,201.0,0.000661,1,2,350
2025-05-12 03:27:37,6930e56fb360db092fc9b0c21b197f5c937bab9f25244f15f825c325d6df50fb,896352,304829.0,201.0,0.000659,1,2,350
2025-05-12 03:27:37,8ee15cf9f727913c1b0fcb19980fbf0e25317dec88bb1d40b4a56a598d0e8956,896352,305360.0,201.0,0.000658,1,2,350
2025-05-12 03:27:37,2920b1ef25c694eb33554489814b27011827e613b7528c82dac2cec3241adde4,896352,305891.0,201.0,0.000657,1,2,350
2025-05-12 03:27:37,940a17b90e696fafaf6ca87d161ca321da05d090e9c402c109b2019b46fc1ed7,896352,306422.0,201.0,0.000656,1,2,350
2025-05-12 03:27:37,57a499df138df4b5ba0e7b29352217285533867941276cadb3ec1fa293562a38,896352,306953.0,201.0,0.000655,1,2,350
2025-05-12 03:27:37,3df827e75592a6393d03f2c418797de106d2cb1e56f4509cb348ca4e42a50d63,896352,307484.0,201.0,0.000654,1,2,350
2025-05-12 03:27:37,ed81cdc76613b088d52a9502d319985f42af3c278700a857f6ff222287a995dc,896352,308015.0,201.0,0.000653,1,2,350
2025-05-12 03:27:37,a53562ef457ba8d7d9e92a585195147813def2bd79ccf26711f04dd7929a933f,896352,308546.0,201.0,0.000651,1,2,350
2025-05-12 03:27:37,e9ff3bc21ae628691ed9a56d6ae843dc8ce9db5f9d2916b662e9e29143ec1d1f,896352,309077.0,201.0,0.00065,1,2,350
2025-05-12 03:27:37,48fae4d17cda21a7b7c12a63968c8533bf2c6375240aa54b7d05465b004e9b26,896352,309608.0,201.0,0.000649,1,2,350
2025-05-12 03:27:37,13dbbdd06b94cdb8912d7a97c2612de8ef01b4d8f7b0ff2abfa0366a24631298,896352,310139.0,201.0,0.000648,1,2,350
2025-05-12 03:27:37,264cb943a25e8b365ef985b2ee7cafc30ce700caec052f031124743c4e51eddd,896352,310670.0,201.0,0.000647,1,2,350
2025-05-12 03:27:37,2a1eb31a8092eacdf6a529d37c07bed41b49232eaace41f9a36725369a2da982,896352,311201.0,201.0,0.000646,1,2,350
2025-05-12 03:27:37,4b5ee009ad3534df31a587e180da30e1654664b12150f4cb3c971da385b80612,896352,311732.0,201.0,0.000645,1,2,350
2025-05-12 03:27:37,98a341ed9ebe2701070fa923ec60d97c03040e8266efbd80f77b9e79e384aca2,896352,311933.0,135.0,0.000433,1,1,203
2025-05-12 03:27:37,0363c7da8121d0ce4610c4ba2360c585e59c06c949ddaeb1432bc1ac1156ea95,896352,346413.0,238.0,0.000687,1,3,372
2025-05-12 03:27:37,d131b0b0ba422d269e99cdaca3a14f090baf995dc2fa40dfe170f56192467a22,896352,346981.0,201.0,0.000579,1,2,350
2025-05-12 03:27:37,ade5248b01ec3674fc3fae83ad2d9daa1552234e248371dd0fe98e6d1de0a2ce,896352,347512.0,201.0,0.000578,1,2,350
2025-05-12 03:27:37,a5efe19d90f656783f28714b9eb0079944e46debbf26fb3923d0568e8347512e,896352,348043.0,201.0,0.000578,1,2,350
2025-05-12 03:27:37,3f97c3919002e3b265775a6fd4721ac6482a862d279eb3b322818f503010e639,896352,348574.0,201.0,0.000577,1,2,350
2025-05-12 03:27:37,2b1eb4e003f49b6724fb08c143a571d65893a0471357ae1254c02062dfb3b9df,896352,349105.0,201.0,0.000576,1,2,350
2025-05-12 03:27:37,91bfb01e66969dc5478e97d8714cfdedadb6a4151ec24b02e09ea4ced00793a3,896352,349636.0,201.0,0.000575,1,2,350
2025-05-12 03:27:37,6fb67951170bd2c01a5ec98cbda815b47b5a990225c666719efa8d69b0e50e6c,896352,350167.0,201.0,0.000574,1,2,350
2025-05-12 03:27:37,ab1a439e57f7aa4aea5d36ed3219342cfe93c974bd4053d8f937d18f33e58ac2,896352,350698.0,201.0,0.000573,1,2,350
2025-05-12 03:27:37,bc3571e8601f98711734a4774ec46e3c1ff122368440527694981ee30444bc42,896352,351229.0,201.0,0.000572,1,2,350
2025-05-12 03:27:37,28e4589db90b714dcd7b31a8631909d014f84430b3be519dec024ebc3ec12b99,896352,351760.0,201.0,0.000571,1,2,350
2025-05-12 03:27:37,eeda310d4bfde124a96023cc29c520b9c468008f84093d44c27ae952b0e2969b,896352,352291.0,201.0,0.000571,1,2,350
2025-05-12 03:27:37,a505ee1efc1e519e6ef54854fa7a13e29fdd005f2129f5741337c9bf4e6cb396,896352,352822.0,201.0,0.00057,1,2,350
2025-05-12 03:27:37,2e13aa8c9cf8f9853beb7c2c00138878fc2c9a18ae62f80ff7cfbfdc6e508429,896352,353353.0,201.0,0.000569,1,2,350
2025-05-12 03:27:37,c7309bb2cc5357eda61bfa3e81bc63cbfbb0690a025c39565eb8b8cae11f0eac,896352,353884.0,201.0,0.000568,1,2,350
2025-05-12 03:27:37,b3af1e6cc8b9c709b693c6589a2a107dd50537d94a9569db471958ba2e67746c,896352,354415.0,201.0,0.000567,1,2,350
2025-05-12 03:27:37,e7e9f0d385d536fa72967029f44cad9111932b0e6a335e1c826d24d9af772be4,896352,354946.0,201.0,0.000566,1,2,350
2025-05-12 03:27:37,083738092172b4db9744eabd026e2d704abc1b1a089c089b35d5bfefeeea7f10,896352,355477.0,201.0,0.000565,1,2,350
2025-05-12 03:27:37,50053650283c7b4a2f35d65622853eee2c659da92254e91a801f628d72ffb3dd,896352,356008.0,201.0,0.000565,1,2,350
2025-05-12 03:27:37,7ae74fc90e449aa1a621429f64768403497180c4de203dcd02b2fdbbbe2fc232,896352,356539.0,201.0,0.000564,1,2,350
2025-05-12 03:27:37,37925c91ebb1167506609dc3d383ec8ef35c4115d2d73fceff65feacaa05657e,896352,357070.0,201.0,0.000563,1,2,350
2025-05-12 03:27:37,1e695021497f838f7e076ccecf482304410768e95c5fb5d425f52e9fe4c347a4,896352,357601.0,201.0,0.000562,1,2,350
2025-05-12 03:27:37,6605e2f9ae59d439268774745c60b50093b7f324b5025080bd309e456f57d9ff,896352,358132.0,201.0,0.000561,1,2,350
2025-05-12 03:27:37,1aea619b45e8e2d4cc959e895aab1d57e941fd9926ffe2f4122a2c2d46267d9b,896352,358663.0,201.0,0.00056,1,2,350
2025-05-12 03:27:37,f2f08c6b79540bf113fc39388e86c06a7ace96f7a3f03c0c5a2d8c5f1809c433,896352,358864.0,135.0,0.000376,1,1,203
2025-05-12 03:27:37,4946a1ced3ad51e475e11fcb9a4898f2a4c57bca2e62b199b1ced0fa070c43bf,896352,27716.0,215.0,0.007757,1,2,362
2025-05-12 03:27:37,421df588a59c3fdc0412d3d31fe27885a394a6b74e854e06b683200b7ab77b1a,896352,28261.0,215.0,0.007608,1,2,362
2025-05-12 03:27:37,18771f9ae4a0fcb496828324b330bd11b01ae9c4dc8dfd120fde8ec7b62f6099,896352,28806.0,215.0,0.007464,1,2,362
2025-05-12 03:27:37,4286e1e9100fb4f6297b21c15fd10ee30b052ae8d2a4d5e880e2f34459074420,896352,29351.0,215.0,0.007325,1,2,362
2025-05-12 03:27:37,167453d5d2aaadd2834dc9b4154e443e08dc7d71fcf860284012d60abe1715c4,896352,29896.0,215.0,0.007192,1,2,362
2025-05-12 03:27:37,63c43593eb2f4506bb04e10fa35d4961cbfd6205bda8cc2bfc4bd39822465bd5,896352,30441.0,215.0,0.007063,1,2,362
2025-05-12 03:27:37,326bc9b86fb160785ef31b8d3f31de8bca943a65135f009ab1af71a5815c4e31,896352,30986.0,215.0,0.006939,1,2,362
2025-05-12 03:27:37,18f63ae3f2dc0e31890a1a30196c52bef77eff6eb672bd161a2effe1573b49fd,896352,31531.0,215.0,0.006819,1,2,362
2025-05-12 03:27:37,8d0c6bc1af33f0d64574efe065b9df0a8045b9bdea31bb004812d6d4406cc06c,896352,32076.0,215.0,0.006703,1,2,362
2025-05-13 04:15:14,cf4b80a347483464b7696687d8dbefa2c441d520e49083980fb8707708eb73dd,896496,627205.0,280.0,0.000446,3,2,522
2025-05-13 04:15:14,b2ed4018d739325d41f8075bf022da665e2a943008fd25101fc12320f94efdcf,896496,244743.0,280.0,0.001144,3,2,521
2025-05-13 04:15:14,9e9adc0180c292e438cc2ffd80de443046de33029390c8d5929cb826c062628e,896496,1291550.0,277.0,0.000214,3,2,519
2025-05-13 04:15:14,f083a4448c6f619db18be37e841f663a8d1765838bd32851058b8acde8963518,896496,4922212.0,277.0,5.6e-05,3,2,518
2025-05-13 04:15:14,dfa23496c367533b5cfbbbbae06288353d088233432f20493af801ffeb0ceff0,896496,10030897.0,38079.0,0.003796,257,1,37941
2025-05-13 04:15:14,2f944c41d94f9e9059571eb0583f163714ef7cd5eaf89a27c0f0c3aa645ee16a,896496,250501.0,235.0,0.000938,1,2,234
2025-05-13 04:15:14,fde7c7ffa664650f7b435299e8dfad52d04a6e9d4ee2ddd8db0ff6e71922842d,896496,100095773.0,227.0,2e-06,1,2,226
2025-05-13 04:15:14,ddc029bf8ca576a7d32ea10b06420e7cce55533098b686d4fedda399c0df84d7,896496,2748500.0,30835.0,0.011219,452,2,66970
2025-05-13 04:15:14,ca93ceb84e15c492edfcf90576c450c1298d5b2b0ae6fd6919f01a214f08a98c,896496,37126.0,224.0,0.006034,1,2,223
2025-05-13 04:15:14,c15ca01ca99d167301b94e345633e1229d4ca5e59a0fcc5f16c2b1883b6c7743,896496,15336.0,221.0,0.014411,2,2,382
2025-05-13 04:15:14,9c4c55b6b3e7676f6d81ad25e55daa5e9dddf128e5f3fe7ef0ef094bfbc94957,896496,5338400.0,45886.0,0.008595,673,2,99678
2025-05-13 04:15:14,01a73237dcf821e13bc9e053a95c2eca4e8a6129ca68d27a142f2c0d3a1e5535,896496,1892530.0,193.0,0.000102,1,1,192
2025-05-13 04:15:14,77f2912f40e60e64fdb754385cdd5f656e6c9fd463a8506d37ecc72ab11faaf8,896496,975881.0,285.0,0.000292,1,2,283
2025-05-13 04:15:14,3958e46cf22195440ae7ea079002a9ed0b3d641a1bd5117a0dd75dae4c21391d,896496,976166.0,285.0,0.000292,1,2,284
2025-05-13 04:15:14,dcac499d85f8b6a20661011a79f9c14461ecaf7bf4c8e8205bde9f8bcd6dc2f4,896496,41910.0,285.0,0.0068,1,2,283
2025-05-13 04:15:14,7e21c23ce7dbbd5233e862a650d792cbb7683db3116cbdcacbafb91b5fea5ece,896496,42195.0,285.0,0.006754,1,2,284
2025-05-13 04:15:14,2ada0faa61c3395f7968fe11cec1176864d554e96f3dec36e52dbe90df8664a5,896496,52900.0,285.0,0.005388,1,2,283
2025-05-13 04:15:14,14c1ea64dbd55eae3986414b34b741b513c035622812bb8c134562515cea351f,896496,53185.0,285.0,0.005359,1,2,284
2025-05-13 04:15:14,6fb259940ce3e3e85919b7f01b05f8719ce787a182b2d33ed37fc52942bfc385,896496,33495.0,285.0,0.008509,1,2,283
2025-05-13 04:15:14,9517d8a78eaa2fe18ce63271035b0f21b196d4ecb147b5d5693fe4a6d9416fb4,896496,33780.0,285.0,0.008437,1,2,284
2025-05-13 04:15:14,20e55f3ee1d451531e2e9107530d9ecbedbd1d5347b60814ede2fe7b9d8d897e,896496,44390.0,285.0,0.00642,1,2,283
2025-05-13 04:15:14,09bca6fc837eb9218d4906bd138246abcf0ca46546e51ae11841a9be34850ccb,896496,44675.0,285.0,0.006379,1,2,284
2025-05-13 04:15:14,6a33d6af664ef3788e91da882638d0af6f2b510bebc703b8e5525c4c6346707b,896496,543295.0,189.0,0.000348,1,1,188
2025-05-13 04:15:14,a16fc6584557e84dd1bce666a7ddb6591ee41d4672af5e52c20ae9b551ea5786,896496,1723870.0,350.0,0.000203,3,4,498
2025-05-13 04:15:14,d1e2c75a65c75f4adcdc87524ebc635cda3450f854039f946af83ca5ab40a178,896496,106055804.0,342.0,3e-06,2,1,340
2025-05-13 04:15:14,61545852d3842b9a6fa83f7008adfd4297476f7cdee8ee2a24998485d0cf9061,896496,12062.0,165.0,0.013679,1,2,245
2025-05-13 04:15:14,18426b309f771d913f2b096269b56436d89dfe7faa92125312850ba61db7bf0d,896496,12059.0,165.0,0.013683,1,2,245
2025-05-13 04:15:14,eade704dd8ffda7cfef25b042b4278473ab39f53b18793146167d6f0f0079b64,896496,97519634.0,155.0,2e-06,1,2,205
2025-05-13 04:15:14,f1aa051d704dbf58064128b5a60fbb10a10445252a09f2264800b40dad9efcf9,896496,330.0,154.0,0.466667,1,1,326
2025-05-13 04:15:14,2452e54176457122dd1a268924c22b2b6bd698efdc40191caf41d176a34ff014,896496,294021.0,154.0,0.000524,1,2,205
2025-05-13 04:15:14,7c8e826e5ea68e98b3cc2c2eb40bf6b223374140420b85cd0221e17e9bad005a,896496,330.0,154.0,0.466667,1,1,326
2025-05-13 04:15:14,ea7e0da6257872371e3242add832242e764efb4ba8750c31a466fc3437046706,896496,486267.0,154.0,0.000317,1,2,205
2025-05-13 04:15:14,4f633f083a375dc1edb8efdd629d8869bb53f16811ecf4986017354b7cc94f57,896496,330.0,154.0,0.466667,1,1,326
2025-05-13 04:15:14,da19511b0661981d9e22155c88f5fbc3804b569b75a87706cf2c0b350866cb48,896496,486077.0,154.0,0.000317,1,2,205
2025-05-13 04:15:14,19dd6850aa17819391735967ae14c791a8dd49a5158247fa41c3e5a841dde537,896496,330.0,154.0,0.466667,1,1,326
2025-05-13 04:15:14,97f5de832562e6cabb21796eafbc6600ebca1b08a534c5e38308bf77e96b117b,896496,462937.0,154.0,0.000333,1,2,205
2025-05-13 04:15:14,f91ec3ce227a7d4edab36a4c7310ae62e4975e091abcf840dd4b770743851ab0,896496,2417925.0,297.0,0.000123,3,3,445
2025-05-13 04:15:14,db01e2f939ce7226ae7aa8b5ddd6498bcb3380503b2989031176412f35f1af7c,896496,46905.0,285.0,0.006076,1,2,283
2025-05-13 04:15:14,e3afd9b48ad3eebd740e00d45e7e0fcf65c7f1bb451a2662931d35a26340c331,896496,42150.0,285.0,0.006762,1,2,283
2025-05-13 04:15:14,cce09ab69e37630829e82f10fa5df9be725b851e0b90ab0b20562230aa5052dc,896496,136531039.0,242.0,2e-06,1,4,291
2025-05-13 04:15:14,4ac034a28e57500fac92913a3a18f69cff259badf1cb40075c27782d14e31dd8,896496,5650.0,1040.0,0.184071,17,1,1874
2025-05-13 04:15:14,159aa5646ff4f4986d6f0710c369c3bbede313649cc8cf96bc19d19b56992675,896496,3258.0,576.0,0.176796,9,1,1018
2025-05-13 04:15:14,8da361955fd93c77fab5609b7dfff2d665d93c0ecaf6c33c85b83b0a89517bfc,896496,1410.0,228.0,0.161702,3,1,376
2025-05-13 04:15:14,9c87a7551a4b870adc3239c2678751a37ce43425f384439b48d2a0522ec5d1db,896496,1410.0,228.0,0.161702,3,1,376
2025-05-13 04:15:14,61f0c982fbab3f168ab0e0341ac98b1c63d9ac4f77c8872cb5ee131afcd3ad24,896496,70250796.0,227.0,3e-06,1,2,225
2025-05-13 04:15:14,e3881fd66345ba3745a7b579d53e98e86faa42f97a54394196a200424c9b40e6,896496,27431.0,224.0,0.008166,1,2,222
2025-05-13 04:15:14,0f16a386cb83cb0e12a350bdee10ab9c1281ffedd3ba3afe7bac8558c3706d8a,896496,399585.0,191.0,0.000478,1,1,189
2025-05-13 04:15:14,49456be563c8fe821e10b754277e35667c84c67304ea7f9721d36e2072dc01c9,896496,799776.0,224.0,0.00028,1,2,222
2025-05-13 04:15:14,ead260ed6fda555c7b5c0779e8222c53d27138d6b0fdce63a051c60e1b45173e,896496,15356798.0,227.0,1.5e-05,1,2,225
2025-05-13 04:15:14,1fed615f85001045eb54a1c170611dae2f640b1a41e92a4346894cbd4b25cebe,896496,49034.0,202.0,0.00412,1,1,200
2025-05-13 04:15:14,d1280cc31681cc5409d9f60883f80f1049a4de1b737d54a18fc8c189355d98bd,896496,3015597.0,94395.0,0.031302,1,2,373428
2025-05-13 04:15:14,9a9f9292d82aa4159c563d20574bf541751441bed612ec2d08e864fd114a8205,896496,222896.0,851.0,0.003818,8,9,1301
2025-05-13 04:15:14,042380eb93e40652093bf28f125fd840272a7d4efaa574a80c339cf42a7c1824,896496,464828.0,210.0,0.000452,2,1,422
2025-05-13 04:15:14,a3e3c133bc9a739372d97d1617df16902ddb72953f0d0a31a72c0e666eb4bd4f,896496,3000000.0,1423.0,0.000474,20,1,3003
2025-05-13 04:15:14,60d7395ae44a94b6645862c279523e03b7ca375b4c52dea1f84f48628073af77,896496,95891.0,482.0,0.005027,5,1,874
2025-05-13 04:15:14,ed8fcb69e1a96df0241d76862e82a54841f3dd9f9c4866b659560a9e5d2b932f,896496,1861717.0,509.0,0.000273,5,1,903
2025-05-13 04:15:14,d3d1280b55fd08bb69ab36fc67dd5f3e7c7d5deecd4d5fd65306df54f913eb5d,896496,5576594.0,144.0,2.6e-05,1,2,222
2025-05-13 04:15:14,55d0a46087ae25979075dda515637908a01b6dcbb91dfc0a5e6c153a8775583b,896496,13349324.0,1010.0,7.6e-05,8,12,1387
2025-05-13 04:15:14,e1c8d846ab74ade587721273b68dd7e5d53cec456b61eaa90e6d758a84a667b4,896496,13349344.0,289.0,2.2e-05,1,5,334
2025-05-13 04:15:14,9ffa7bf12ec5a08b9f331ec3fc00d19329a3650921764c01665325ffb85ba294,896496,2201612.0,1010.0,0.000459,8,12,1387
2025-05-13 04:15:14,f439dff2ab4ea7039491c193c58534eb5c3855fa374cd7db5d6a684d7ab53d8c,896496,10280209.0,1010.0,9.8e-05,8,12,1387
2025-05-13 04:15:14,8718e20a55bb7bee2cf46e9816bdb052737adcf823ddd71a543d9f7de1f20a60,896496,23649.0,437.0,0.018479,5,1,829
2025-05-13 04:15:14,56f9f74330772e48ba0b29202d76698dcb3b6c374ff68fabf1da0c3052229384,896496,32071.0,149.0,0.004646,1,2,196
2025-05-13 04:15:14,5eee40fe448346fa151ee85589942c87a66a97772eed36b6a3b65b434d11d509,896496,13495.0,1709.0,0.126639,28,1,3039
2025-05-13 04:15:14,259e68ed504875463eefd3aae440133cb71979bb8a4e8c9ce504b3d0e7901ab4,896496,3937557.0,770.0,0.000196,6,9,1043
2025-05-13 04:15:14,a980f0f53e135661216adfc23b2b7a7e249e9c1b853a302eaa080b8099c7e1a8,896496,8979642.0,770.0,8.6e-05,6,9,1043
2025-05-13 04:15:14,7ef5038d01f478ae5444e3d22456e7277d89d9ab612884517865caf2740b25d4,896496,14317.0,106.0,0.007404,1,1,153
2025-05-13 04:15:14,61a47f18934d2217ddfb6a915a1a9c6e039aa8e1a5755777dee34b90439d610f,896496,5117.0,106.0,0.020715,1,1,153
2025-05-13 04:15:14,296250a9c3bde3e266d95481f7afbd75b6c0d4894209aa0fad2da8fba63e6c6b,896496,398324.0,236.0,0.000592,2,1,390
2025-05-13 04:15:14,adb197b41ef4e0ed0796430e3d3eb062dbb5a428773c512d86bfe4fe49064927,896496,799989833.0,236.0,0.0,2,1,390
2025-05-13 04:15:14,60bd04973debca1068de45f8c25396f60a68d5d9efd5d44994fddf9ea92d7272,896496,27230.0,103.0,0.003783,1,1,150
2025-05-13 04:15:14,0beab1f4f1b79a0644b0c2b3bdccdd393ef26c8ef835cf6970a3fca6ad92468a,896496,233912.0,146.0,0.000624,1,2,221
2025-05-13 04:15:14,1e8a5ddacf5500baf8a8e9d73ab71fb21e675632acddd0d570c554713ecb389c,896496,10071.0,1303.0,0.129381,21,1,2290
2025-05-13 04:15:14,d6ea8550be6bd87a018643b6fb5cd333683a97f122ed6d0d60bb80cccd4f315b,896496,10071.0,1303.0,0.129381,21,1,2290
2025-05-13 04:15:14,435f44a8f2508f20e4a06c407538727cafe97c4ad5e6a9883bcd0d55fe13acbe,896496,9849.0,1245.0,0.126409,20,1,2183
2025-05-13 04:15:14,73a5dbc6a0e8c786e88be2ddb4cac7ebc6d118dfdae02180678c6aea7672b9d7,896496,196592.0,190.0,0.000966,2,1,343
2025-05-13 04:15:14,4f121ecee3681be0dcada8c9bd197c990c2066d2fd6ce90fa710b98e25eddfc1,896496,1096551.0,362.0,0.00033,4,2,666
2025-05-13 04:15:14,f9201e56bfd08e77a82235c054f335b6627570e624d39afd3d934ccb1c99c5b4,896496,638395.0,258.0,0.000404,3,1,487
2025-05-13 04:15:14,a915bc1c5a2ec88c2bac7eb00e4c3c5907056ea59a66df4a1884861a5837caed,896496,2947988.0,615.0,0.000209,8,1,1227
2025-05-13 04:15:14,4d991d13e2f5b8d032684c862295d4028c5919e422eea5e7c312b89fb6598f16,896496,946756.0,177.0,0.000187,1,2,250
2025-05-13 04:15:14,d1a60ef236f93c7f563a0232906da237f641dea530bf4afdee10e03d9bfd72cc,896496,656481.0,169.0,0.000257,2,1,260
2025-05-13 04:15:14,d0da7de1e8d8df0ccc6910e0d594595b19ae455328babd19bfff28b2afbb4bcc,896496,95749.0,524.0,0.005473,5,1,898
2025-05-13 04:15:14,f46f9055005f0939c032fae48cd0c4534bc6832e72a83773a7f06b56ef84e3bb,896496,492914.0,526.0,0.001067,4,6,727
2025-05-13 04:15:14,019b104778692fef69651e57b370f7597c6188208e0bdd59e89acf3e64aae661,896496,1183648.0,526.0,0.000444,4,6,727
2025-05-13 04:15:14,b42abbe9c9d8db43dd52088e0a1f76d6db7a65f3fbf478dea5bad2274b413e40,896496,495314.0,526.0,0.001062,4,6,728
2025-05-13 04:15:14,a64a38c6c5297777a89eb4b6a17abd26881e9b536424dd6c389b666a9efbb946,896496,979680.0,530.0,0.000541,4,6,702
2025-05-13 04:15:14,ac579718043da559c04031e65049bcfe8338953edee0e9ac1ec32e91de7836f8,896496,156136.0,530.0,0.003394,4,6,699
2025-05-13 04:15:14,82b6ca9ecaa3b335445058633a57423551a7fe0e07df8f245c17f446d00b47f6,896496,4861879.0,530.0,0.000109,4,6,699
2025-05-13 04:15:14,99d353603c78bbfbf7ee109cdf71a5ade59be5b17448c4469c05bd5664b56eef,896496,1229616.0,530.0,0.000431,4,6,699
2025-05-13 04:15:14,7657f56ad503a83109f1d02229202c41b79a38effb638553cf234acf080008c7,896496,318716.0,530.0,0.001663,4,6,699
2025-05-13 04:15:14,a6f17fe4b500589d4d2965c4d87809f14045dbc803a9e79125aa44a4375cdac2,896496,317079.0,530.0,0.001672,4,6,699
2025-05-13 04:15:14,01aa445cf3a7431cd02cc65f9741531bf8cc9ffe8b72bee6542805045e8342b5,896496,157749.0,530.0,0.00336,4,6,699
2025-05-13 04:15:14,1f191a36d8644b87fcfbfebe9a738dbcb4690086e1517b8339e2a3662c3ceba6,896496,316660.0,530.0,0.001674,4,6,699
2025-05-13 04:15:14,a386513c08ddf9f6e683ddf6c6010dd5da4816e86bb14f3d2873c1486341a895,896496,1670685.0,530.0,0.000317,4,6,699
2025-05-13 04:15:14,370dc6dea1d10855639baa59d308ad8c69fcc56ba5057c3850c3058e6a0b5e7f,896496,211216.0,530.0,0.002509,4,6,699
2025-05-13 04:15:14,8aacd0ffdfebb01a4b6f2771a8b6f1877f40af13f8f8f39acd4986436ee8ee7b,896496,317295.0,530.0,0.00167,4,6,699
2025-05-13 04:15:14,cafd49690ecbf3d73ee66dd9b2f8c4511271841325d862e2d1bbf450bd14586b,896496,671895.0,530.0,0.000789,4,6,699
2025-05-13 04:15:14,299efe65c8df5a91e45898010b34a5c31ffeabd983fc249d83de424e3a031e68,896496,368539.0,530.0,0.001438,4,6,699
2025-05-13 04:15:14,9c8011ee4972b24c86d4a2f90fd6044cbdd572ef3fde5f3f466ee586e0a7f25f,896496,72840.0,530.0,0.007276,4,6,699
2025-05-13 04:15:14,0256f8d4bf99060f6ad1a1782fa341b3eb3a932c8a6fb9b7d02d4e4e6a334950,896496,157599.0,530.0,0.003363,4,6,699
2025-05-11 02:39:37,36302a2946b870137e0c43be9ec74227c322f57df9595a03ad50b81b261d0e8e,896194,28893.0,440.0,0.015229,1,1,195
2025-05-11 02:39:37,195d05871d2b9bcc9d2a1afe086bb5f96bd5ed8ca773ff21b14509addedd4abb,896194,9134025.0,705.0,7.7e-05,1,2,222
2025-05-11 02:39:37,5f3f391832a6c3e08860d031e3eea1602b1858e3ca66dbd450f9affa58b329de,896194,9241587.0,860.0,9.3e-05,1,3,253
2025-05-11 02:39:37,c5e229cef93aad21f8ea86b8951292c74008bdf1db59615ca6047d33765fa939,896194,9532930.0,888.0,9.3e-05,1,7,377
2025-05-11 02:39:37,9dce2e4081c85b56496eb1c0ada4307b35e9b96d6dd63fbaec1a5b45a97debaf,896194,9585616.0,860.0,9e-05,1,3,253
2025-05-11 02:39:37,963b82acd6e9ba519c25524ae16f0b0b019e8c6378b3336e75debccc7645b156,896194,9813574.0,888.0,9e-05,1,7,377
2025-05-11 02:39:37,236f7a0959344b3d06edcca77c3c9f064c07c34f78b61b1bdfb557f18b1dffc0,896194,1339738.0,562.0,0.000419,1,2,225
2025-05-11 02:39:37,e81f579db1968c90ac1bbf9f0b2670acecdbf952cb42f7db0671596848f6ec5d,896194,20976461.0,1449.0,6.9e-05,2,2,370
2025-05-11 02:39:37,d338b6bac04ed7eaed383d3978b8ea4e0c7dc78a995debc1f97db4ea5e527b0e,896194,838086.0,564.0,0.000673,1,2,226
2025-05-11 02:39:37,bdc7e7e84b9fdaa52b4cfdbae7db49908e33a14b14f0163428b591b07903f690,896194,231410.0,432.0,0.001867,1,1,191
2025-05-11 02:39:37,172a4e7ec4ca64375a471749e57c0012cd0989c050d6cbaf663bfd6f3c77a01c,896194,47624.0,436.0,0.009155,1,1,193
2025-05-11 02:39:37,d1aa95b4d52515f0e41f277c979ed151efd2f3a9e1d843461794ac58b0abbb94,896194,573257.0,444.0,0.000775,1,1,194
2025-05-11 02:39:37,3f1400a9ca44b370687fd418569c14240081cce8fe6707af4e00e11138ecf288,896194,394429.0,1668.0,0.004229,5,2,827
2025-05-11 02:39:37,d20b1db07ef26920fd2b637e60d82731bc43eb44e24f7d022f3459599a580f23,896194,699997256.0,744.0,1e-06,1,1,189
2025-05-11 02:39:37,8ad4c49b874a301b2e1a7c8ea8106b97945a217fe6bb91589160b2d472406ec7,896194,85907730.0,1004.0,1.2e-05,2,2,417
2025-05-11 02:39:37,248c4a69af5127c2d42bd290b74976757057874c6bd0aca15523bc09aeca6dfb,896194,49998988.0,1012.0,2e-05,2,2,420
2025-05-11 02:39:37,46b2f3f496f4b45aaa528805d9ac163178cf2ed46e07defb9c3a5d394e8ca149,896194,9766.0,8229.0,0.842617,18,18,3663
2025-05-11 02:39:37,b60e15c6326324ae1dad98c3d4d78edb90e92835ac4d2c463d5314761a291972,896194,40135.0,1132.0,0.028205,1,5,334
2025-05-11 02:39:37,b6c70a40e191d0aac1363d1b171e923c3a510bc6c8adf7ecffeec2f4c04c65f7,896194,110899.0,6898.0,0.062201,17,18,2658
2025-05-11 02:39:37,888b00f58f2f370e91bcd0effffcbba45caa71cdc4492a0f9a8beff401776c4d,896194,493890.0,824.0,0.001668,2,2,371
2025-05-11 02:39:37,547231dd6e39b89c52c03a90e949932a1240251b4bc77d77c2b70a591fb5e335,896194,107618.0,556.0,0.005166,1,2,223
2025-05-11 02:39:37,0b6ff6796db32a5069b4a115ff30f4c4d9ba820d389f83406fee4eb1ddfffb4b,896194,142836.0,568.0,0.003977,1,2,226
2025-05-11 02:39:37,8d3515c43f2cb4e902b55e80f115cf37496f36078e297c5d2b6d7b9fd5544110,896194,8828067.0,880.0,0.0001,1,2,223
2025-05-11 02:39:37,526cd3f947e1e3efe1e73568c5a01c77be769a0e8137e7adeee93f726d8ebf44,896194,196070.0,1334.0,0.006804,2,1,338
2025-05-11 02:39:37,0b536a3eb36b13f30c9da0b59b46e605c9888e45df7fc54288d9acb022c40246,896194,7984243.0,1056.0,0.000132,1,2,249
2025-05-11 02:39:37,d287594f77eb05a7d68a8207dd10e00e666afa65076341c82dd34c5e0f93fa26,896194,8050575.0,674.0,8.4e-05,1,2,249
2025-05-11 02:39:37,82ac39b7ea510c8e83ac77fe7194cbaab668daefec8bc8f865d280abafdd8258,896194,8657358.0,454.0,5.2e-05,1,2,247
2025-05-11 02:39:37,93862d1c5f12c459714695beb8967bb61c361fe4a1959174720afaf24e4f225a,896194,9177334.0,454.0,4.9e-05,1,2,247
2025-05-11 02:39:37,6c9bdd93acc2d0ea0c51ef3f46035dfbfb9b715d3e871af379e31f32fe91915c,896194,558447.0,716.0,0.001282,2,1,344
2025-05-11 02:39:37,ec34512416bc241074c118599edaa0f62fda92020148d5c38862c381f49e6027,896194,132382.0,716.0,0.005409,2,1,343
2025-05-11 02:39:37,001fc1bcc598af0ec0aac0fd72dd0c1cdd0c18f8a16cf68f98ad6b4ecc1eb4e3,896194,1248047.0,558.0,0.000447,1,2,222
2025-05-11 02:39:37,bb3d7a13444852f35aaf818837fd872e3a1c5ddab7528b683284a5b7adfdc2cf,896194,153695.0,558.0,0.003631,1,2,222
2025-05-11 02:39:37,656aba1e299e30982f5decd31a11fb7756143660b9a949a236c39c696b0205ce,896194,1437857.0,558.0,0.000388,1,2,223
2025-05-11 02:39:37,678fa03e83daefcc952fe11b489efa544ab23f77768f02407db85898e8cdedbd,896194,2498838.0,558.0,0.000223,1,2,222
2025-05-11 02:39:37,1ea4dfc77bd1d799c23d8c349407ce0e620a5a27c690398f7148a730ed14baa1,896194,3709442.0,558.0,0.00015,1,2,223
2025-05-11 02:39:37,c0b351f4d9727b9eb6321d6bac548ffd089dd94adb4555a9375390e75b3e0695,896194,1125403.0,558.0,0.000496,1,2,223
2025-05-11 02:39:37,241c4f564d5e9e1e305a2a85d27f1104e368595566d5734e617059c3837c2191,896194,180628815.0,558.0,3e-06,1,2,223
2025-05-11 02:39:37,f4784bb4b36d4f3724bd09e59f9d365bbf7d731738034ce4374e6c82f2f4798d,896194,1395074.0,558.0,0.0004,1,2,222
2025-05-11 02:39:37,214d8ff17803c031ab1eb4d70ab6df6e278cf054244dc2e4683ec4850fa1918a,896194,6607063.0,558.0,8.4e-05,1,2,223
2025-05-11 02:39:37,9d5f7d635f650d569fc5e3931fd2cdde4f17c836b1d24bfc5dd92946bc16c97e,896194,5578987.0,558.0,0.0001,1,2,223
2025-05-11 02:39:37,63e67c51027d7d518e661b23dc0a162f49c4a8ba5e61cea212b78b948fcd7a74,896194,3309251.0,558.0,0.000169,1,2,223
2025-05-11 02:39:37,8efbc903054fc8ebb2724718bd3460a6490f77290acb5158fe5afdd5df55696f,896194,76807548.0,558.0,7e-06,1,2,222
2025-05-11 02:39:37,b1b8c5807a9cc73afe4630eaa60250624f574cbf00646c72be91dd7a46484350,896194,974636.0,558.0,0.000573,1,2,223
2025-05-11 02:39:37,066a0ea96938df53822d25c882d5b3653365440ef4c2a570a1a879e6ebf26548,896194,12540208.0,558.0,4.4e-05,1,2,223
2025-05-11 02:39:37,68f42874670ec0da2eee67352036dfe0d1746ea8664b7be097de3e63fec10023,896194,35417388.0,558.0,1.6e-05,1,2,222
2025-05-11 02:39:37,6884cec2a50cae7fc570c47f2ffbcaaf73228af5dddbeca0309f534695ae6830,896194,73988901.0,1501.0,2e-05,1,8,571
2025-05-11 02:39:37,d6b07b62f632f1af6f350e3f59dd2e67a76aa615e04ffc55ab5f9f9b491c9a7d,896194,263505.0,828.0,0.003142,2,2,371
2025-05-11 02:39:37,03461a28a7d7c176700e5469930565aa099e3d7b20537a80e8af5b2f3801cc15,896194,286531.0,828.0,0.00289,2,2,372
2025-05-11 02:39:37,6afff76e1e377d73551da30eca62bc16cceb2c47328b5391f3a5d1f9fd5dfa0b,896194,4589622.0,828.0,0.00018,2,2,371
2025-05-11 02:39:37,08eb40d2edcae1cc1292039ac1c6622d306528554950011681fbc79caaaa0ab2,896194,795917.0,436.0,0.000548,1,1,192
2025-05-11 02:39:37,a3516bc26c9a92785045f0bf9c811288ada1dd40728e7678d5a7c1c624e2f7c7,896194,3826290.0,6624.0,0.001731,24,1,3607
2025-05-11 02:39:37,92ef640e43d1d92a2a19ba0a6e7e7bad3fbbf9f30040e98424e277a9bf0db57b,896194,52079567.0,1118.0,2.1e-05,1,5,472
2025-05-11 02:39:37,3464a8a89712c1e70cb0716601db4c30a6b5eb2a04b9d05cbed2eb4a0271a3a5,896194,14609225.0,873.0,6e-05,1,3,411
2025-05-11 02:39:37,821316e96e6e40a846e5f8d4693a321fa6bbaf8b9b0f5c39f77a9a3ae5b8fcd4,896194,320755.0,564.0,0.001758,1,2,224
2025-05-11 02:39:37,77391cd0c01ad1673c0714c1c0db9a5debc5fac2e0fd32939dc997e9dc62f3b6,896194,46831.0,564.0,0.012043,1,2,224
2025-05-11 02:39:37,6a314dfa0892ecf502d742eb4a5ec7aa73e1ad46d71617877481ab59cbf65204,896194,2096280.0,1311.0,0.000625,2,3,710
2025-05-11 02:39:37,57c32595710502ee4252f1e0fcf2adcdac6b8c66adf0180ed02f518f45d5dfe0,896194,8095061.0,751.0,9.3e-05,1,2,379
2025-05-11 02:39:37,727aa9bfafd68c9eee536acfe8a317ac4dddc1741647ca61949d7c5e1267cd85,896194,41325033.0,751.0,1.8e-05,1,2,379
2025-05-11 02:39:37,690fdb52625b3d9d419e268e677e1b0b9f72d7b625d40018669d1e0fcb900874,896194,13296390.0,751.0,5.6e-05,1,2,381
2025-05-11 02:39:37,16510d30b3f5d1420eea21510548b068b5af88f44accc22d3072e3fee5699d64,896194,2390456.0,751.0,0.000314,1,2,380
2025-05-11 02:39:37,619a0f8d67cf6dbfd22793f5ffc52e4a353ab66fa8cada1f5711745d01b0b758,896194,2115243.0,751.0,0.000355,1,2,379
2025-05-11 02:39:37,2139eba5b6d56a857422e41038cd61122bc59990650b911a42308ee7724d5473,896194,290260.0,755.0,0.002601,1,2,381
2025-05-11 02:39:37,639c6a81e41753c97d8de870f68c53319eb79ab6d45f5a218db17a8223934704,896194,761438422.0,763.0,1e-06,1,2,382
2025-05-11 02:39:37,ed6c3f3e2f1757cb723407ea3e204b5f0959a29ca7ee67ee28e375223579f786,896194,1206366.0,1244.0,0.001031,4,1,636
2025-05-11 02:39:37,3ed870231fe9cd8d37ed6c87ca8c661dd86cbe78ef7b124a712768e729e6c16c,896194,57689918.0,1304.0,2.3e-05,2,2,709
2025-05-11 02:39:37,33aeb8f56c9c50e12e661a11e84a083e9a1b0b1a8a57679324d2de2ac4a22144,896194,2025157.0,1165.0,0.000575,2,2,673
2025-05-11 02:39:37,24ccbf2e85e73003677af5152ad03fc3bf61e6b1e5c3bcd51904dba8ebd317b3,896194,64962521.0,1169.0,1.8e-05,2,2,675
2025-05-11 02:39:37,6f715265690b4d0ee0715443220f7687ca929f97e7163c4d2246ff9433e5046c,896194,2049334.0,1336.0,0.000652,2,1,336
2025-05-11 02:39:37,987ecfc727b5763546607a8a760eea40c386ea83fa645f766a46bafefdc573cc,896194,20501315.0,1368.0,6.7e-05,4,2,667
2025-05-11 02:39:37,97b6a907ac6398f4e174da75d0dc05436738ee2eefa8cb57e30d5d95402530b3,896194,89340.0,529.0,0.005921,1,1,215
2025-05-11 02:39:37,f9ff6481389b5c6a0ec57ae169e70f402766490909860016a18e7788a09c2bbd,896194,443267.0,541.0,0.00122,1,1,217
2025-05-11 02:39:37,7edb07af503cd79ad985d45b4ef5c35d4d38887b22a910c7683f20e667e11e23,896194,3665635.0,1098.0,0.0003,3,2,518
2025-05-11 02:39:37,3f766e8e6e50960faadb0fac543a838657961496b9ce63359e21e141e2362a1b,896194,7825216.0,1098.0,0.00014,3,2,519
2025-05-11 02:39:37,877d5512fb39b491c319b1ef702aced21fae7872792a36fac6cc556e46724473,896194,103206.0,561.0,0.005436,1,2,223
2025-05-11 02:39:37,5e365e1ae71c86fd3e831e4d56ab2be553a4b8f7e5536409ea0c5c4379f50d1c,896194,320047.0,561.0,0.001753,1,2,223
2025-05-11 02:39:37,f1435002c888cb4a86f629b688241f305910fd8c8ee9a80c1cc45461a70baae5,896194,144136.0,565.0,0.00392,1,2,224
2025-05-11 02:39:37,cb4f3974a98b286b0b5309bc9d60d45bc65f41b5711b082bd026e310aa39aee8,896194,132279.0,573.0,0.004332,1,2,226
2025-05-11 02:39:37,6c5acff65740828e7c0a6492c01d263415cd38fdc2b95506fa9666ae9083809b,896194,31897.0,573.0,0.017964,1,2,226
2025-05-11 02:39:37,3db80311939b8a80821382a947dc9d259a7c3025d4ad095c61f994dda05b0d82,896194,45029188.0,828.0,1.8e-05,2,2,370
2025-05-11 02:39:37,9bef2b27774a7cf802038c68c45741b4fc34c42710ac4135abf6d7bfef2d15d4,896194,7298554.0,836.0,0.000115,2,2,372
2025-05-11 02:39:37,14517fe0161d7abb508996d7a03e965493c3b8ce9c93973511ecbc5d753fd7c3,896194,15148341.0,836.0,5.5e-05,2,2,372
2025-05-11 02:39:37,46da72c9e51941857273f243212bb9cb943caa3d9928164b10140d0f01a01977,896194,4213.0,840.0,0.199383,2,2,373
2025-05-11 02:39:37,f806ab9cfe1d9a6ec22c22edc6c6d780120846154ac93b6e9ca5792847b662eb,896194,4643.0,438.0,0.094336,1,1,191
2025-05-11 02:39:37,c9f12ae48bf5d4224935493b7f68bf36e0219acfe94ea618267cf8439540a968,896194,339969.0,438.0,0.001288,1,1,192
2025-05-11 02:39:37,d0bfa6c4fa9418cf7f0094a8c8ffb493f66231b38e07a073fabcdb9aa14f22fb,896194,39550.0,450.0,0.011378,1,1,195
2025-05-11 02:39:37,e32d9aeb5595b203fb0327e2f65c7377d1672124bf6d3c68058ac0e5897a3bdf,896194,8535.0,450.0,0.052724,1,1,194
2025-05-11 02:39:37,58b10af251b687af454f76b8db0e3c73143c987a37702dc835d589b078e8ffd3,896194,127550.0,450.0,0.003528,1,1,194
2025-05-11 02:39:37,0148e00058eb531fe65c73fc9d3e02b5087bd790023b504337b166612a2f3ad2,896194,94550.0,450.0,0.004759,1,1,195
2025-05-11 02:39:37,5da8cd10015f3c80cdaad8e9a3d1fcf85d25fba5be5710143d31314c5524d2a9,896194,31550.0,450.0,0.014263,1,1,194
2025-05-11 02:39:37,d2229aea3660961ed3216563727106c811c3a0a3e1d6ab3189ba7c7111ef6694,896194,366550.0,450.0,0.001228,1,1,194
2025-05-11 02:39:37,aeadd43bba5aef9667c00fd4f4bce24da63a9c35993a117a721688aa342c9148,896194,80762578.0,440.0,5e-06,1,1,192
2025-05-11 02:39:37,a15f3970f59bdeb36f0016b6ed551a11af0974ad9e01b2c995ee15a81bcf4021,896194,100763018.0,1368.0,1.4e-05,4,2,668
2025-05-11 02:39:37,de760a0b7f9e170a3443b4df12f5bada155d1f6f02462168a900296c957bdde5,896194,734656.0,709.0,0.000965,1,3,260
2025-05-11 02:39:37,4a126f9bf87d7537afb2b6c3bed695e51c0c39715848bcf6e8ef2ec45e94177a,896194,50924685.0,8952.0,0.000176,32,2,4825
2025-05-11 02:39:37,7b5cde4a60c638464d41e46ea32665857712231e16bed4795e7205773f80c871,896194,556751.0,558.0,0.001002,1,2,221
2025-05-11 02:39:37,4fccd3095928a92387d223ea2057212cf301a2c86bc42a16fabd3d54eb110c7a,896194,4065777.0,562.0,0.000138,1,2,222
2025-05-11 02:39:37,daa93df0872715ba45491440a67b44970397dc2b6b117d1f0de2ee25589ed869,896194,473698.0,562.0,0.001186,1,2,222
2025-05-11 02:39:37,3d42a62d7efc0c5b6632a73f6ba9cf6003a66b8c1e5ab5905b6cf7f06e7e5921,896194,3988.0,562.0,0.140923,1,2,222
2025-05-11 02:39:37,39e769504e211e0a268f7d21f64648af67744df773286a4dba66c931902f08f8,896194,4644835.0,566.0,0.000122,1,2,223
2025-05-11 02:39:37,406843b37b7d715b93bfb6dd4308b7568b1fd5ce72c208e850d182a98e09b0ec,896194,130535.0,566.0,0.004336,1,2,224
2025-05-12 03:41:07,ea3a5720c5d45067aebcd39d02ff3f15b6411ac44ded9216c750d936acd9ce84,896353,15908.0,230.0,0.014458,1,1,194
2025-05-12 03:41:07,ed332a9c0daa96301f0f22a3c59f48848f74759fee7ee5ece3e4c89415b797aa,896353,51342.0,564.0,0.010985,3,2,521
2025-05-12 03:41:07,f6b53f721c1c47723cb656cda06010d0621940de0d49ed3a35ed5006868cb4b8,896353,18518471.0,290.0,1.6e-05,1,2,224
2025-05-12 03:41:07,8b2e71bbe8323c8e42d0bb8faf127259a1fd6eb0e4f2a7e7f89cfdd4498ea2a6,896353,25525.0,290.0,0.011361,1,2,223
2025-05-12 03:41:07,1c70ab38c660aba6612f76f35c8bc0ba4461c2068ea60516ada5d1d765d2476c,896353,14053.0,290.0,0.020636,1,2,223
2025-05-12 03:41:07,5997c58c24ad3bc4f3abeb7b55d25b9bd0f9506ee9d937df16d51c45e1a2df54,896353,488847.0,290.0,0.000593,1,2,223
2025-05-12 03:41:07,80b9966e20e6056053d51ac5a56775d61023c036a1db490f9266bd2b2071d864,896353,9029.0,288.0,0.031897,1,2,223
2025-05-12 03:41:07,710139e326ce1b745feaf55340c9ff17a698ae2a809270263ac176df22280124,896353,16120600.0,288.0,1.8e-05,1,2,222
2025-05-12 03:41:07,cbed45fc11b8fcfa3babf073f031fbda4c1143fda4f984b89a6ecfb383639917,896353,228446.0,288.0,0.001261,1,2,222
2025-05-12 03:41:07,972c4a1afff828f24f76aaae15b1907255a694e3bf95c542f23723551c445b00,896353,52923.0,288.0,0.005442,1,2,223
2025-05-12 03:41:07,f6799e65f06426a9d28a9630f9a39d685113bc0d3c52d2288d444f5f83d1f55e,896353,50680.0,658.0,0.012983,2,3,484
2025-05-12 03:41:07,7b01a3d6b3d0bfb4b68771bfc718bfc0c333c2c03953160d1c5238cf11f1a9e3,896353,700.0,227.0,0.324286,1,1,162
2025-05-12 03:41:07,207597197c1e8d4846f9be9d2baebccc4ff3146cc1c1f7544090e361c930978e,896353,323217274.0,36989.0,0.000114,199,1,34033
2025-05-12 03:41:07,acb1c587841b7f07af1942f66237d661d9fdffafa8cc7e0dcc89487f1945bca0,896353,189032.0,426.0,0.002254,2,2,370
2025-05-12 03:41:07,06d0af7175bc70cae5269519ab19eb98e6779b0799241f54c578af6f9939908d,896353,37027.0,426.0,0.011505,2,2,370
2025-05-12 03:41:07,642f0da6b9e5eb4e51cc67d8baddeb7dcec943b44097d9ee699923118059d85c,896353,1336735.0,1000.0,0.000748,2,2,679
2025-05-12 03:41:07,b9f4e036a33785f2cf600cb066187291ea4dd46ef4c249e544658e1a32b3c354,896353,1018256.0,292.0,0.000287,1,2,193
2025-05-12 03:41:07,7cd082f639756fc88e4b700b6d3d3d6aa5d273f51f2bc8b816d39b4f970eb16e,896353,19000.0,233.0,0.012263,1,1,194
2025-05-12 03:41:07,95824b3e14b7e4cf8f5d9714aefe7db76fe9b996904f84208793996ce85f489b,896353,721681.0,836.0,0.001158,4,1,728
2025-05-12 03:41:07,1278fdea3c4088567908ac699a55fdda72f7df4371cb9cfead50cc478fef38fc,896353,76802.0,269.0,0.003503,1,2,181
2025-05-12 03:41:07,14d2cbb7f56fcef88e4d2e061e6b76aeb54056c3edfd22f9ca417b317dda26a1,896353,3126559.0,1330.0,0.000425,4,1,642
2025-05-12 03:41:07,3a5170da3891d8606de6bb6eacdbe4153fa9f6c7e362d066e5b3437f77ad4a63,896353,485685.0,488.0,0.001005,1,2,234
2025-05-12 03:41:07,1a401b118bd2f30d063f49f28716164a07d8a756565621b689bc30fef69bdd83,896353,144008.0,427.0,0.002965,1,1,154
2025-05-12 03:41:07,f24826e3c4498c7d46618d3b23527d957d096fd749e71ea269e9945eec7d102d,896353,144435.0,224.0,0.001551,1,1,406
2025-05-12 03:41:07,b8edda22d97fae7315d65731fa717ff065b0afc9fd5397bf387570e6e0698206,896353,1087740.0,242.0,0.000222,1,2,234
2025-05-12 03:41:07,3144bc1960df9a1cf1ec6bb83b6a8914278837c2a726bb209015b04c5fa3aae2,896353,36120782.0,1678.0,4.6e-05,7,9,1150
2025-05-12 03:41:07,15553b567a6b1ef46f63a9ed8e20d72f00a1761c712a23bcbd52a6982a27376e,896353,5118034.0,578.0,0.000113,4,1,474
2025-05-12 03:41:07,3b5e85c5a5ebb1c0c4c6a16271c50dd2d56ad03cd239a135b6e302a288ea9fea,896353,1663103.0,465.0,0.00028,2,2,384
2025-05-12 03:41:07,782d5ab1bd4fb07a7848cd4fbf06c7b2fd44cad41edbfbe0d7b18dca35f91782,896353,5775914.0,465.0,8.1e-05,2,2,384
2025-05-12 03:41:07,8c41e3c7ed25a78324a70b6b4345f07910441520be09a9fe498907aa3867cde0,896353,6755709.0,257.0,3.8e-05,1,1,204
2025-05-12 03:41:07,e43477124b5d80acd59640edf15f2e48826e466fef396dc4ef907e36e9ce6a43,896353,25160.0,257.0,0.010215,1,1,203
2025-05-12 03:41:07,09c15e65365edf8024b644ec0b73df7bdac33c3cef1262f32a92b672d44a0f1a,896353,26811.0,354.0,0.013204,1,2,250
2025-05-12 03:41:07,ffc0e0e051b8b44635fe2f50065045c4cace2ccf194fb06ce1a2de0694d29e43,896353,39708.0,3778.0,0.095145,1,1,191
2025-05-12 03:41:07,4932ab4f1c31967174b7bfdece1ce58a82ce683132f70a13b18296eb67a71b43,896353,35620976.0,3874.0,0.000109,1,107,3602
2025-05-12 03:41:07,8f2b17b37df4fd3bb2dc15fb68970767e4bee560100a1c6459a35f2a4a02ff68,896353,388122.0,234.0,0.000603,1,1,192
2025-05-12 03:41:07,faba07090642e899b20e393c5769ee98529595ca61ecaf4d0cac9a19c433c0ff,896353,36141853.0,1816.0,5e-05,8,9,1257
2025-05-12 03:41:07,5e7658144057cff39dc6455c1c041826c774c9e02399558150a692bf0f4fb881,896353,36032903.0,1816.0,5e-05,8,9,1257
2025-05-12 03:41:07,881329764758850021d514f77cfb8780a686cae56e3fd6b2a1b760cf512c5300,896353,36080782.0,1678.0,4.7e-05,7,9,1150
2025-05-12 03:41:07,4b4a161f93112193a476ab065c2d2b4cd7269f00c9fde03943efbc6644c3d75a,896353,8338231.0,6916.0,0.000829,47,2,7057
2025-05-12 03:41:07,3d33c33217c9f7ba02ad3b7ef73a9525864a931d48d3c26e9214a15745b7488a,896353,50000099.0,501.0,1e-05,2,1,340
2025-05-12 03:41:07,279a314fa8041f15ce1aeba49ade7df01f65a6eab39345d6237364b4614e3c07,896353,199871841.0,546.0,3e-06,1,6,505
2025-05-12 03:41:07,df1899ae5a175395ea87431b8878c945e56ff4905f0c5c8747b4b8cda0bbedb3,896353,77516.0,1060.0,0.013675,4,6,699
2025-05-12 03:41:07,6c591fbfe18a587f7d5e930f3b6f76576a01a62aa0413d47ac0ce682d466ea64,896353,495470.0,1060.0,0.002139,4,6,699
2025-05-12 03:41:07,e87247618e4396a49e1f32282c70b3daedeaaafd4e4ef9af404a3b669ad23dd1,896353,2409767.0,283.0,0.000117,1,1,215
2025-05-12 03:41:07,86af54122d1290e04862797a8691871ea3f2e2d09ba599b7a1a9f88dedd475af,896353,78358.0,796.0,0.010159,1,1,192
2025-05-12 03:41:07,7bfc8db6f1fc472ae270cd22bf253323073ddf26f48bfd2e5bb706047408be57,896353,823264276.0,914.0,1e-06,1,19,773
2025-05-12 03:41:07,b01c553f9b46612db6f85a95114e1a455c95f8f0f45c4479618043aa95e211c3,896353,5786696.0,2042.0,0.000353,13,2,2007
2025-05-12 03:41:07,edc0c0110422bbebb56dfd1348114a552809fb4bf0795fb8c28236d1f0b11d8b,896353,219520.0,1260.0,0.00574,8,1,1232
2025-05-12 03:41:07,68901bd3ea392007d844fd00cccd5d6706bdadb192511af5ad5af3b6432a5aa6,896353,62389.0,595.0,0.009537,1,1,193
2025-05-12 03:41:07,3407d6bd39cab3922921e1623e77f28ad7406c61bf1ad7c5588f59f7b5fe350c,896353,28589936.0,169.0,6e-06,1,2,222
2025-05-12 03:41:07,32235ab6548d7ab2b137845e34be409498eb5ef02f9ee19815c2ef3297e28325,896353,31360248.0,281.0,9e-06,1,5,316
2025-05-12 03:41:07,17bf196c5b436860f96fab3de44f8fdb598d45aca408a9e529321afe4198ecd9,896353,45395.0,1198.0,0.026391,5,6,806
2025-05-12 03:41:07,8507602dffa053e37392a432aeae288eb63ecbdc3a4415407006a5cafcd30e10,896353,128350069.0,643.0,5e-06,1,6,350
2025-05-12 03:41:07,753f31a22a0fe5fd19c82d021330d67027b1bbc67e89777f8d316f5f9c6ef6f3,896353,128378621.0,338.0,3e-06,1,2,223
2025-05-12 03:41:07,92eba47081480351df929f6f3c374def2a882d9449ed6e28b40492b408550a27,896353,128394830.0,367.0,3e-06,1,2,234
2025-05-12 03:41:07,44ff254b08c3fded01107f27b8708781beeed4b47aa24b7605ef81ad54a86d8f,896353,128447820.0,338.0,3e-06,1,2,223
2025-05-12 03:41:07,ad6cb498efd5a40a86adad4f962a22afcdeb7492a5b3f12fd8026328eec74682,896353,128457512.0,338.0,3e-06,1,2,223
2025-05-12 03:41:07,235b8f347390265019b655e60aeb559d67c46db65e9373ad4c6d678cd869309c,896353,128837292.0,245.0,2e-06,1,4,286
2025-05-12 03:41:07,333db58678eef9ff8220059bb7aec5f8f24c8d4adb6f1b267b79adad03302084,896353,4995975.0,633.0,0.000127,2,2,375
2025-05-12 03:41:07,0ed6571049275270a73de747fcf658ce4ea94638272129a7368f5269b573f3bf,896353,781538.0,436.0,0.000558,1,1,201
2025-05-12 03:41:07,8f220d88ba2d6e310003b7f0b0d63da9b01e957fc9265ae12313376b9907ba20,896353,884729.0,428.0,0.000484,1,3,279
2025-05-12 03:41:07,ce8d8d23d9adf91f828d181f63dc3ec33ae977d56598599520e00e2249d180c2,896353,914309.0,290.0,0.000317,1,1,215
2025-05-12 03:41:07,28dd66a61bebff79ef7514eb3ba799e83b6b70e3b676164a824258c3711d6dad,896353,309192.0,290.0,0.000938,1,1,215
2025-05-12 03:41:07,1edbb2434293adadbafff8265dfa7c71efb63554113d166d4d50b18dd4219988,896353,192228.0,290.0,0.001509,1,1,215
2025-05-12 03:41:07,fe4d1720fc0e0ad64a3fb60c3b70234ffe7be6b5a84395d760077c2ba878e281,896353,25111.0,567.0,0.02258,2,1,343
2025-05-12 03:41:07,54662bbfb75f18179b8d94f5fffd6cb923f5d745e1b41eb5868ff73e052e86bf,896353,606073.0,752.0,0.001241,4,2,666
2025-05-12 03:41:07,08b11202d0183bc382c120055fe1e82cdadedeefcac35863da43b640e9f67a86,896353,187699953.0,488.0,3e-06,1,2,223
2025-05-12 03:41:07,ea07bc8cda0f88c28ac3e25d75a10b5c2e5da451252c191b9ffeb94337f28d65,896353,4892371.0,488.0,0.0001,1,2,223
2025-05-12 03:41:07,408a214933ab8dd1650c3c2b34ad0e4f82bf1d838dbd2e3b74f880fdaf062f8c,896353,196644.0,450.0,0.002288,1,2,223
2025-05-12 03:41:07,bd32ac4307ecf1cd04443b01e445675de6d4248f55bef9a1eedc75d9e157a337,896353,1129219143.0,169.0,0.0,1,2,222
2025-05-12 03:41:07,7e2e2b53d65a7f451b295d4640b01b1059310e8d025b686a739782a51b557b98,896353,9997900.0,312.0,3.1e-05,1,2,223
2025-05-12 03:41:07,f85d0312e36500deeff0910fc17d52015e69275d58be5c4799399e0eccd1f817,896353,285628.0,312.0,0.001092,1,2,223
2025-05-12 03:41:07,0c2630616c62f5a12275e4de7280b146af8a550cd57ac14734f199223e2a860e,896353,1733829219.0,488.0,0.0,1,2,222
2025-05-12 03:41:07,0215674eb798680feba6760b96989ac139311847bcfd0291ffe15d43f295060d,896353,16291055.0,488.0,3e-05,1,2,222
2025-05-12 03:41:07,c188e8aeb156bbbea8952774af86011708d13630b7bfc6c74a0f8745261f65e2,896353,2214712.0,609.0,0.000275,3,2,520
2025-05-12 03:41:07,82a5980e55bf34ccc8b072b7915e203dee77144f812a1a9e0b5500c961e77486,896353,440441.0,609.0,0.001383,3,2,520
2025-05-12 03:41:07,7886e17c9fa733ef97d0721775f01b55706cafff4a79a663f29c8b2896bc583a,896353,99746.0,609.0,0.006106,3,2,521
2025-05-12 03:41:07,24069d9b8855f904a46656fb548e29e4394db7b22c0e5f9943bef75cec8a93a6,896353,180409563.0,760.0,4e-06,1,4,345
2025-05-12 03:41:07,dfe686b0c6ae5186e39c74755f1f34b87d6daa1f874273bfa59c05950461611b,896353,89108.0,316.0,0.003546,1,1,192
2025-05-12 03:41:07,9ccfb2ff47fec817ec1c8475922afd9cfd4bf83b4951ac11ff717e1ec5dabdf2,896353,1600438.0,238.0,0.000149,1,2,222
2025-05-12 03:41:07,994f38f90403662b80bfc60bc18f425eaa87b7a22c1ed16217042530d5d661b4,896353,313612.0,318.0,0.001014,1,2,225
2025-05-12 03:41:07,a6e9b6c5c9cd271dffbacf00a8fe7551b98654dfc546d07539bd3d81e608da09,896353,31145.0,350.0,0.011238,2,1,258
2025-05-12 03:41:07,59d2b516ca99e08349909f4ed1304da054e5046e9c9e147e3e2b4a5c19041c16,896353,18922.0,322.0,0.017017,1,2,226
2025-05-12 03:41:07,b636f0719ab9505f59392a0de4068d82d27b87570d18e4507566ef5b7f199bfc,896353,10536729.0,257.0,2.4e-05,1,1,192
2025-05-12 03:41:07,22ce26d894d1ae581262a3e3b13576ff43ac2cea20c5e104d35bdd996b34ca31,896353,10536986.0,712.0,6.8e-05,3,1,489
2025-05-12 03:41:07,e623950d7fff950a8e3c7d43317ddc214e0dcb4047f2067c0d3b5deafe434ce9,896353,286303.0,465.0,0.001624,2,2,371
2025-05-12 03:41:07,322a2fd486967325733e0f3b14f583e9af6364348995efa82985d0c444abc2cb,896353,302427.0,465.0,0.001538,2,2,371
2025-05-12 03:41:07,43fad69235079bf3506a4c41dbfd6b67142116309366e6c73de5878170752a95,896353,1043181.0,465.0,0.000446,2,2,372
2025-05-12 03:41:07,f7cf741778ee8be7af383b8da6161968325d9bfc69a095c47246609ce6803e65,896353,312078.0,465.0,0.00149,2,2,372
2025-05-12 03:41:07,228d3fa8c4b77b66186b804405f609ac6b204d57cbffa6d7bb1ed9fee5781c63,896353,411175.0,465.0,0.001131,2,2,371
2025-05-12 03:41:07,6a56d7f9e4732e989f32e17743fa6484b04ac2e23224f98c5c71538b8372915b,896353,1211714.0,465.0,0.000384,2,2,372
2025-05-12 03:41:07,b62fe7f342ea5ba1f7146c612a44731b894502bfbf7de3c52ed61a288c455c4e,896353,317822.0,465.0,0.001463,2,2,371
2025-05-12 03:41:07,79907a261af6a724436579f1d1823deb53eac85106a1d002e0c9524462e32831,896353,336107.0,465.0,0.001383,2,2,371
2025-05-12 03:41:07,ebd1ae0c137bc22d67dff8ce65b2c698e4a422cc7fc7b4561c0c77ca5080d40b,896353,586697.0,465.0,0.000793,2,2,371
2025-05-12 03:41:07,7608b610c39102fba90aaf2ddea1c99c42ecf71e66f5c82450bcc3023ed0cbc1,896353,38000.0,488.0,0.012842,1,2,219
2025-05-12 03:41:07,bb7fbdba820637a63fee4b4d4e3f6f1fc8ca6b96d5b55a64f02599083e039920,896353,1442020.0,399.0,0.000277,2,1,342
2025-05-12 03:41:07,72d2180f7cd3a6a6660eda29aef7d8a2ba2f9736bd90b2389e1058fb0bc567f3,896353,174631.0,465.0,0.002663,2,2,370
2025-05-12 03:41:07,a3ef87037a374fcaf7b29869bd43ca9bdd46081339bfc5f33d674576e1bf11e8,896353,222550.0,465.0,0.002089,2,2,370
2025-05-12 03:41:07,18088d82f0d9b41711dea946989f6a82f8c0e6b83b918f612a20f08db90791d4,896353,39289.0,465.0,0.011835,2,2,370
2025-05-12 03:41:07,af95d5825c5e27e40991035f6dc20b05070ff5ae43baf1fed48f62e215b05274,896353,348007.0,465.0,0.001336,2,2,370
2025-05-12 03:27:37,3c78d1eac37c375dcd81a44a24b2c4edc1d070da4bfca83bed156fdef5f385ae,896352,32621.0,215.0,0.006591,1,2,362
2025-05-12 03:27:37,93775186ec29aabb260d6113f01a8a009d37d2f414ab861ba7f6b4e56c0b44e9,896352,33166.0,215.0,0.006483,1,2,362
2025-05-12 03:27:37,34a95864eae9d3cc56b3e66799a83483c3ea030143f77cdec59b93a290b53a74,896352,33711.0,215.0,0.006378,1,2,362
2025-05-12 03:27:37,5ac17a1f38dfd2f81226579547fdf53730c4f395c15a418b1e700fb7e9f31a55,896352,34256.0,215.0,0.006276,1,2,362
2025-05-12 03:27:37,c78fefdb20b50a983edba978f0d483d50d8289ac349c07315556cb7accf34c77,896352,34801.0,215.0,0.006178,1,2,362
2025-05-12 03:27:37,9acfde62af1c5834e678167565330ade796f3010cff9944042a56392d753a990,896352,35346.0,215.0,0.006083,1,2,362
2025-05-12 03:27:37,613be669b3b4bf4d4ef6329b9164e8ce589604745eacf04bd9dc72a322774a5a,896352,35891.0,215.0,0.00599,1,2,362
2025-05-12 03:27:37,54045638a4ecd837a1246af8e81e7ab0a69edc7efa93f2612e42d33e49550eff,896352,36436.0,215.0,0.005901,1,2,362
2025-05-12 03:27:37,bfa0dc8fd7fd17209a861e1aaff8d57562d386d48291c537bc98ad1f97f5b0bb,896352,36981.0,215.0,0.005814,1,2,362
2025-05-12 03:27:37,b6770881bcbe577b7fabb481fc8dc3e6036635b6f8d7ae5aa6d79bc15e4ca9f4,896352,37526.0,215.0,0.005729,1,2,362
2025-05-12 03:27:37,3177ae0f4d7fe9924e3b9ad0f60d28297b84c7ca2d10afe1e6aa2b198cd02011,896352,38071.0,215.0,0.005647,1,2,362
2025-05-12 03:27:37,1492b78fccd7e32da7ad0e2972a7d552ceae636b37fa034431a04b87fba2b04a,896352,38616.0,215.0,0.005568,1,2,362
2025-05-12 03:27:37,2922dd6341dbfc0db97c38b35e6dcec0200cb6f95fcba387ba6f334925b3067e,896352,39161.0,215.0,0.00549,1,2,362
2025-05-12 03:27:37,0a36caf3ecf167ab312a350cf45f1614c4583c56f06c32e049acc617e93a3768,896352,39706.0,215.0,0.005415,1,2,362
2025-05-12 03:27:37,a2add6657fbd398aa5858a7ab6c18ee8cb466066df1e0e7a45d768e9379f7fdc,896352,39921.0,123.0,0.003081,1,1,162
2025-05-12 03:27:37,81b5795d4b5aab5c6d809c7df866938d3a49d00cb592ad2eca35481b28deadb2,896352,28848.0,215.0,0.007453,1,2,362
2025-05-12 03:27:37,3fe36c0b7c9e42cf702df4b71492c7be49aeb48c5aca5ba66c29eee1962f9018,896352,29393.0,215.0,0.007315,1,2,362
2025-05-12 03:27:37,e3980f665a46f01255f4cc51054ee83ddddd3fa94984de6a81ef5044936a9aed,896352,29938.0,215.0,0.007182,1,2,362
2025-05-12 03:27:37,ab70420af9f444cab595bf26f8bc76af06d30f6374e0b18cff635891feda26c1,896352,30483.0,215.0,0.007053,1,2,362
2025-05-12 03:27:37,59ef8e984aab698a485025da61e03655712351e477750482939056aa55672cca,896352,31028.0,215.0,0.006929,1,2,362
2025-05-12 03:27:37,e7784d3f3fc7b3c06177331d4c2851b33b702c93eda029b2c62944c4e07fe7ec,896352,31573.0,215.0,0.00681,1,2,362
2025-05-12 03:27:37,d2d944a47354f1a1bbb48f304f03fdff820019cbe23922e0a6a57bea12746263,896352,32118.0,215.0,0.006694,1,2,362
2025-05-12 03:27:37,61d011f873ec574c8205bf98126a615522ff47f8c079867fff49c25091e0779d,896352,32663.0,215.0,0.006582,1,2,362
2025-05-12 03:27:37,574668945c4dc1a02410e49f0b5318eb3f004e979c98c7034d30890c15d96c46,896352,33208.0,215.0,0.006474,1,2,362
2025-05-12 03:27:37,1ba92e767bb35b89c8cde5be6f467e1fbdbca01fceece28850f21d0191dd2896,896352,33753.0,215.0,0.00637,1,2,362
2025-05-12 03:27:37,589b916f643f598e3564ca22a4edf98b234412e27a7db4dddfa7512d59ad85b1,896352,34298.0,215.0,0.006269,1,2,362
2025-05-12 03:27:37,75f1134893173651907ef370b68e257a1625ede4cc27ada2c6ffebfe4eae6feb,896352,34843.0,215.0,0.006171,1,2,362
2025-05-12 03:27:37,a72b03ddf9436c2357f359c3ddf30b14f9121c57d26bf1d2443b068fd29aca79,896352,35388.0,215.0,0.006076,1,2,362
2025-05-12 03:27:37,98461ea5bc383c7dda72a6739e15ced0ed23bbd321ba973a20b09e26f812dce5,896352,35933.0,215.0,0.005983,1,2,362
2025-05-12 03:27:37,7b3d92f62a0a32fb477d8c38c26e1ad5dd80db202b2fde0e630e47ed07d154dc,896352,36478.0,215.0,0.005894,1,2,362
2025-05-12 03:27:37,e631096b3259b9f18d1c9de01493b889ec8dc491e18f3da8df44ab56e77df9a0,896352,37023.0,215.0,0.005807,1,2,362
2025-05-12 03:27:37,1b4de1b832b24e5d7332d62b6c7534ec02e940c67384765a5d84a66c1e354f33,896352,37568.0,215.0,0.005723,1,2,362
2025-05-12 03:27:37,b53e663f18d00c10b043e24af7e33a425a9e85480725023ce6da4ebee151c169,896352,38113.0,215.0,0.005641,1,2,362
2025-05-12 03:27:37,f73ebc007ced4479b226563f11c34e61ca62290257f26093ce8f7125acd428c3,896352,38658.0,215.0,0.005562,1,2,362
2025-05-12 03:27:37,ff29b0ba235984ed1b9788efbd9898424c49cb476d06d80f067fdfbf7f8a20d9,896352,39203.0,215.0,0.005484,1,2,362
2025-05-12 03:27:37,c608fe88e37dc4de17288ef6195f9465a33572e2ae0308f367c9f43363cd03d3,896352,39748.0,215.0,0.005409,1,2,362
2025-05-12 03:27:37,42878f94d13007bab367c7ddbed7b74833257dd9fac2e85af0ee94f5f16a7a69,896352,40293.0,215.0,0.005336,1,2,362
2025-05-12 03:27:37,3df71f59a8effc8735b26e28ae519d4404848c9f7796742f62af66b643a640dc,896352,40838.0,215.0,0.005265,1,2,362
2025-05-12 03:27:37,32852cb460b082849aabb0502d698cef7cd4bb328b74450c17b4cf8c1dac847c,896352,41053.0,123.0,0.002996,1,1,162
2025-05-12 03:27:37,193b53eecb18804e9c3fbc6e1c5c94518483390f3ce32e9a44c3d91a66c8358f,896352,55672.0,215.0,0.003862,1,2,362
2025-05-12 03:27:37,bfa050fde00c89e0d809cb7d37f1501e9a586ed3b27df9fb3c97fc2dcaf25328,896352,56217.0,215.0,0.003824,1,2,362
2025-05-12 03:27:37,3350b3e2ffa4931f05b4e0e6fb68f9c345e517ba8c32df1b817b2d63bafe73c9,896352,56762.0,215.0,0.003788,1,2,362
2025-05-12 03:27:37,0adb06db92c45cec951261b31ba44c491add466fdeaee919d7d3092b36e85ece,896352,57307.0,215.0,0.003752,1,2,362
2025-05-12 03:27:37,59d7e1c343bcb81c77019bb59e39ae3d02bd3d909b8cd289fa5e9d7a4dd70840,896352,57852.0,215.0,0.003716,1,2,362
2025-05-12 03:27:37,312f7a714ea27abe1ac835fd9bf43f33b01cd34f010b283b501badf511100a0b,896352,58397.0,215.0,0.003682,1,2,362
2025-05-12 03:27:37,bfad36a22e580a30ecce19bff08fb1612671f39e7dd604cc8ea5ebe67a0fc1b2,896352,58942.0,215.0,0.003648,1,2,362
2025-05-12 03:27:37,8aa31fc95637f35044fb4e8630630fec811cadb01f7af5e0c74ae0963f6f19d4,896352,59487.0,215.0,0.003614,1,2,362
2025-05-12 03:27:37,93728812ff3d9eba2fdf16ca3a0c26aff9b4881ea6fe9c4d31538ebdf1d17c74,896352,60032.0,215.0,0.003581,1,2,362
2025-05-12 03:27:37,f4512b89efb25695f7e23a1ca0acd74b3b09bfb1741033b0c5a5a659bb1fa5a1,896352,60577.0,215.0,0.003549,1,2,362
2025-05-12 03:27:37,b3894279e6daa766ad150eca6e179fab62f28ee8c3a87bd812196456428108f7,896352,61122.0,215.0,0.003518,1,2,362
2025-05-12 03:27:37,dbd3d317fd74d37242e7cbffdf2fff4755f0fdb585c6d43a54316bd72ddca226,896352,61667.0,215.0,0.003486,1,2,362
2025-05-12 03:27:37,d2dfcb0cd9f724a234a1715af668ce4f333498fa7388079575de85d26b256a13,896352,62212.0,215.0,0.003456,1,2,362
2025-05-12 03:27:37,b7a56fad837282fdc7111111737756394e22f25344389927a262eca8b50ab085,896352,62757.0,215.0,0.003426,1,2,362
2025-05-12 03:27:37,c96915ad6ea2cf7c3d29589941d479e81147b82da0acfd7e4e582481f0ea9fb9,896352,63302.0,215.0,0.003396,1,2,362
2025-05-12 03:27:37,392ddde1f070f6d751faddf6c49a143c41da249c1a42dc0714e8e3965359fd06,896352,63847.0,215.0,0.003367,1,2,362
2025-05-12 03:27:37,d997ed8bcb72125a6188db0d068aeb21bab824a7a2c62bf4da5df6a5e58ad87e,896352,64392.0,215.0,0.003339,1,2,362
2025-05-12 03:27:37,dd39443b7d42c8e6a9a52c85736280cbe3f804dab5ccd3100dcaf64eb70cd06a,896352,64937.0,215.0,0.003311,1,2,362
2025-05-12 03:27:37,5d209527d4e1f6f20e340d6c7ccb16072a946cae9a720089342d1730b1123b5b,896352,65482.0,215.0,0.003283,1,2,362
2025-05-12 03:27:37,04d46af541562984e4a4c947c71b3e2bb74c8193f073b90fde9dceca9d63fa19,896352,66027.0,215.0,0.003256,1,2,362
2025-05-12 03:27:37,44f9f9583018f98877d34b1c56e228e7787b4217b81163c92a7873fa13e3cd41,896352,66572.0,215.0,0.00323,1,2,362
2025-05-12 03:27:37,a8ee99587770f27dad59e5c29abbae5985bfb2b828f3272da18d8c6447b95ecc,896352,67117.0,215.0,0.003203,1,2,362
2025-05-12 03:27:37,d7016f03a866d3abcc7c86c6267ae90158b810394c5b71cfc5a3c0180dda9258,896352,67662.0,215.0,0.003178,1,2,362
2025-05-12 03:27:37,316f29582bcf196f33413db855342425508e915913f176060096f7e33df3cd21,896352,67877.0,123.0,0.001812,1,1,162
2025-05-12 03:27:37,6534ed61b1901bb1e63e32c9872d3328d80ac69480e39e1a92d9e7af50e2b84a,896352,403862.0,215.0,0.000532,1,2,362
2025-05-12 03:27:37,74ebcc8a7f86d005f38beec384323d3999f1d38d962d17be3abd5f95bce51824,896352,404407.0,215.0,0.000532,1,2,362
2025-05-12 03:27:37,fb00bdd567e8d8cc61f7c7da15af4847320e5cecd4f9fb559dc05792096d0132,896352,404952.0,215.0,0.000531,1,2,362
2025-05-12 03:27:37,7e633eb6489e3572738ece35541d0625a6ef1d3148ac695779ab1901a6bc3a65,896352,405497.0,215.0,0.00053,1,2,362
2025-05-12 03:27:37,653eec582da356bf06307dffbe4988a5dd547057c596d42d7d089b2587b9896c,896352,406042.0,215.0,0.00053,1,2,362
2025-05-12 03:27:37,8c80812220aa185867266345ff2b5277d4963f6a524f3df6e7af8de87060699f,896352,406587.0,215.0,0.000529,1,2,362
2025-05-12 03:27:37,009e325f288e3c9f0e45bd77e01112efa4bd3d286cae21a90158679102492979,896352,407132.0,215.0,0.000528,1,2,362
2025-05-12 03:27:37,a9078e97e434be0cbdc3f7c7a248cf4a3fd8deba785cf7035b4541ed012ffe99,896352,407677.0,215.0,0.000527,1,2,362
2025-05-12 03:27:37,d54a991e48421aeedd9173598286e0d2e757ad9d06f6fa1497b8456d97cec148,896352,408222.0,215.0,0.000527,1,2,362
2025-05-12 03:27:37,47b9cb3131eaad74f68a12d58de8e27e197b26e3513c8bda3173f2397b9f7d18,896352,408767.0,215.0,0.000526,1,2,362
2025-05-12 03:27:37,ae26ea0fee26c4c8facf0c7064e2a9aea960382395bb0024fc844eacf224f336,896352,409312.0,215.0,0.000525,1,2,362
2025-05-12 03:27:37,b0b45bfe222dcaf8d254f19c84db5d30dd152db25889d592af08327c8a88b0fc,896352,409857.0,215.0,0.000525,1,2,362
2025-05-12 03:27:37,de9a8be0a8ef83ca76f347145c494fa01884d3fa133aa69d6b052264498744c6,896352,410402.0,215.0,0.000524,1,2,362
2025-05-12 03:27:37,f63a7a7d4e47b20677e291c31b422db781c5bb37e613a09140e44b8a3347c6a5,896352,410947.0,215.0,0.000523,1,2,362
2025-05-12 03:27:37,fcfd08b3b29e54635800f4f11b2cb8530c1f069d3a07dab01124cc13d3d73c94,896352,411492.0,215.0,0.000522,1,2,362
2025-05-12 03:27:37,beaf68052f648301d865a17d4f480c97e6aa4eaa61035c3c2e82da7c9306b193,896352,412037.0,215.0,0.000522,1,2,362
2025-05-12 03:27:37,7683cf28266b70b83e346a1e7d4a75e170bab1f9588118831b53b2530e1fc6ef,896352,412582.0,215.0,0.000521,1,2,362
2025-05-12 03:27:37,029099c30c3fa0272c4beaed9e301d326540920e7a8b0187dc3523a71deea45a,896352,413127.0,215.0,0.00052,1,2,362
2025-05-12 03:27:37,19e80757f87ea582b737bdda6df496ce59aabd2947fd01f499216e422aa8ee66,896352,413672.0,215.0,0.00052,1,2,362
2025-05-12 03:27:37,6c7600a88c6f2c69b7154ea06784d7c6ad42bd9723240c8bc18b2a67fbba1318,896352,414217.0,215.0,0.000519,1,2,362
2025-05-12 03:27:37,e4b4b5804851df9a1f257b9fae5e4f19d1f1c7cdd22458f461e261eb0ccf5cdb,896352,414762.0,215.0,0.000518,1,2,362
2025-05-12 03:27:37,4a6d36261bdaedc12fc82b10023c9c43966e64c7f06eef613d8cedc9eca3abbc,896352,415307.0,215.0,0.000518,1,2,362
2025-05-12 03:27:37,b9bdb0e244a1759c619afb8f6577d8a85af5009863b11462f954716d107deba2,896352,415852.0,215.0,0.000517,1,2,362
2025-05-12 03:27:37,38e74ababdaf1e55d38420fd1f0af73a39b8f0e72035fc25b038df453d240caf,896352,416067.0,123.0,0.000296,1,1,162
2025-05-12 03:27:37,7597e89e4a759a2d7cdbc622ef7f67fb2e5f656a45dba3ec2255bbf35e4c8300,896352,28469.0,215.0,0.007552,1,2,362
2025-05-12 03:27:37,78cb85a88a575b216122a8b53fed9ae1c1e6a96f26affe732d6b857ba2d239de,896352,29014.0,215.0,0.00741,1,2,362
2025-05-12 03:27:37,51a5b144afa29ce4ef00f795b76a31d30d9196ad0369c4eedb1040565a859685,896352,29559.0,215.0,0.007274,1,2,362
2025-05-12 03:27:37,57f46f22b7a1b717b342b6b61258e8f087842076636e5d14b7aef6ebbb6e94ef,896352,30104.0,215.0,0.007142,1,2,362
2025-05-12 03:27:37,053c9766ef9f9b36847946c80a2208c0cc0d86a15db23db3fc992c3edb3c7d9c,896352,30649.0,215.0,0.007015,1,2,362
2025-05-12 03:27:37,24429223b171f2e9f256a9c94ab1b2f140e8fc5f8855eeb8a3c953d8c9a5572e,896352,31194.0,215.0,0.006892,1,2,362
2025-05-12 03:27:37,7939f0e98a66a7a0b5c24087605df95bb7d3a2af808863169c40f59995c13c29,896352,31739.0,215.0,0.006774,1,2,362
2025-05-12 03:27:37,74c68f2a9b0c6d7fec3c524923279897398041f84e4d0f5124153a5a30491bf9,896352,32284.0,215.0,0.00666,1,2,362
2025-05-12 03:27:37,e1d1ccf286e83280f30a34c01fe3080fa7ace13120e62e3d5c0f9e3609ecda41,896352,32829.0,215.0,0.006549,1,2,362
2025-05-12 03:27:37,fbf566ec017158c2a0844bc43715485f53c4d918efbdf49c38a8db61246193a2,896352,33374.0,215.0,0.006442,1,2,362
2025-05-12 03:27:37,696178abc09acb9a6ae5d36d64e16349a9d63e8c580e481506e484674ace4689,896352,33919.0,215.0,0.006339,1,2,362
2025-05-12 03:27:37,c602d692c14e524c70ffda64531b5793c46306527ca9eddb1eabe4d83ea05219,896352,34464.0,215.0,0.006238,1,2,362
2025-05-12 03:27:37,c58e3eb89842903e19c5a263fdd51ca69d366fe421a153cbe8398debbbfbdcad,896352,35009.0,215.0,0.006141,1,2,362
2025-05-12 22:00:06,41937bd2526d911c27e3378288352608afa3b3945a399f562116fc20bb19a2dc,896461,15897727.0,206.0,1.3e-05,1,2,382
2025-05-12 22:00:06,f1031330b43e1dfe87af310f14bc4b3438c33e94e0c40fd49b2722623c038bfc,896461,16134815.0,203.0,1.3e-05,1,2,380
2025-05-12 22:00:06,2e4e899f183e96527049533a5c50ca6e6a6309ed917642176d2c6d5e3164d0ca,896461,3434664.0,599.0,0.000174,5,6,806
2025-05-12 22:00:06,70dbadcdb3e7a7ec53fb4e1b0bc7fd6989dba407187c81c0d70b5797931fddb7,896461,191451.0,599.0,0.003129,5,6,806
2025-05-12 22:00:06,9164fb1c8625676206654d41ed5b07675cecd1df6aa042fdb7d506e359f2efa3,896461,57268.0,599.0,0.01046,5,6,806
2025-05-12 22:00:06,831bf9a50ef23f4d435eeca700757c20f9cf327cc27ee4b3db0313a01d91b97a,896461,117100.0,224.0,0.001913,2,2,370
2025-05-12 22:00:06,c0056fb35d247f673d92cdcce9ade61cd107827284037440b7544d6403560b6a,896461,286175.0,154.0,0.000538,1,2,194
2025-05-12 22:00:06,ee0b6266e5a0dc1cf74a30b8ec4947bb6063ba3c74c3fa768ed50a95465129d8,896461,1827695.0,153.0,8.4e-05,1,2,193
2025-05-12 22:00:06,b52955e486782b533975e730c7531cb4cd2c3beb473d4531e89759c9845e9866,896461,281431.0,119.0,0.000423,1,1,191
2025-05-12 22:00:06,b4636237b35376fb2bfda577f2ccdd3ccf69e55e54628ec213ae7ba762ee4885,896461,1542807.0,145.0,9.4e-05,1,1,215
2025-05-12 22:00:06,74557f05a01366667107b6cb7b6575edcff63410f5f52d70232e269fbddacc4c,896461,219488.0,154.0,0.000702,1,2,193
2025-05-12 22:00:06,c743bc08fca84c43209ed5bb9c29dfcd91b966ed64c78a2e11b370005f6adf24,896461,299846.0,154.0,0.000514,1,2,193
2025-05-12 22:00:06,29c12dbcacf41e6bf343da2f9e0e92aa923299103e43cbc742d0005d8f3c9ca8,896461,286447.0,153.0,0.000534,1,2,223
2025-05-12 22:00:06,d3093d8026a23080202ee818b66f0253c00a3c06ea6153040bb7e08e92110330,896461,18569.0,153.0,0.00824,1,2,222
2025-05-12 22:00:06,880363843240970f13baaba0fd100df7674574465e5313b189d866f9390ac529,896461,107484.0,153.0,0.001423,1,2,223
2025-05-12 22:00:06,8d3856e2b73ed8031710c06ff823c99b160256a5680c8a839e39f83d3af05202,896461,267759.0,111.0,0.000415,1,1,153
2025-05-12 22:00:06,168fcd177ddc66bf978910dc7b2d4decbc4a08a0d260668204591817d9b0c800,896461,857978.0,147.0,0.000171,1,1,215
2025-05-12 22:00:06,e573bfbb8ac0816f11965c5c39acaec61b94bd58d1fde3a2978af72ddc6c64e1,896461,21327.0,124.0,0.005814,1,1,194
2025-05-12 22:00:06,ab0fdb4999f188d118e0393c151c1c713f84d021b2ab53ea5d57c523c5dca3d8,896461,410629.0,124.0,0.000302,1,1,194
2025-05-12 22:00:06,1356e7caac89e184b488ee4fc6007ab0859b3376a56e06ad607c454d6a102ece,896461,383076.0,124.0,0.000324,1,1,194
2025-05-12 22:00:06,8a8b18cd8fddb512dad239792b0f6e26b75579510de4a77558418ed178236c8e,896461,191676.0,124.0,0.000647,1,1,194
2025-05-12 22:00:06,b4094cd4ada8b420b1582272e57b40397fa841ecb03e67529c26656db5b1b96b,896461,49824.0,124.0,0.002489,1,1,194
2025-05-12 22:00:06,1d9811474c67c3b0ed885add20059320873a5781be7a7e9b4bde4c8ccb276ef3,896461,1031419.0,122.0,0.000118,1,1,192
2025-05-12 22:00:06,a24014efc97c3a0e15e9c3e44a5b702ab96e875146691941d0a0253762c746ee,896461,4909808.0,122.0,2.5e-05,1,1,192
2025-05-12 22:00:06,c95a1e31f01aeb4d98dfd47f6b7f19bbc20f0a9c2ba6675b00139fab654d5de5,896461,1080063.0,122.0,0.000113,1,1,192
2025-05-12 22:00:06,e681f06624fa080706aead44c4f61a61e05dc96b439a948558498914e857709a,896461,6337.0,122.0,0.019252,1,1,192
2025-05-12 22:00:06,bdc6981431b4472fad879558679b7e3a8252f1b59608c4715f4061bc2ecdf479,896461,12641.0,122.0,0.009651,1,1,192
2025-05-12 22:00:06,e1507b2093e372e006746edbb8910428e1833d97e67bb044985f3e92ae861b76,896461,13783547.0,122.0,9e-06,1,1,192
2025-05-12 22:00:06,747a9dba8d33d37147f1abc1b58022f8c7a1cb0667e1be674deefb5b06621e37,896461,97965.0,122.0,0.001245,1,1,192
2025-05-12 22:00:06,8e41f4fc59215f1cbf7119585818cdd57d07403cdc85c327920150a9f9054d68,896461,8708.0,155.0,0.0178,1,2,222
2025-05-12 22:00:06,9e4e894f85bd6341f12a382555cf1de2bbb7661ff3fee65fb67a74ea7de5a366,896461,22578645.0,155.0,7e-06,1,2,222
2025-05-12 22:00:06,9e8319b266ff23800dbf57bc6130fdd11ed3f05ae9c7637ff573ac3a1664735d,896461,6772343.0,155.0,2.3e-05,1,2,222
2025-05-12 22:00:06,6359e2a7990963dae5ce4a328c0781be31ea7521309b8e6795cd0ff10483d997,896461,8107645.0,155.0,1.9e-05,1,2,222
2025-05-12 22:00:06,04ed366478cf27b0434dd7b8c6beb664134660690fe093984140b343b3b7e7fa,896461,32229.0,121.0,0.003754,1,1,191
2025-05-12 22:00:06,750f64df03b3063693e66810767f2d86cdfd1253a398fbb2d8963e163224f6f7,896461,60439.0,121.0,0.002002,1,1,191
2025-05-12 22:00:06,bc3f924457e62105110f7e30b65723bcc6f9ca5da7f49a37992495f0186643e7,896461,85145.0,121.0,0.001421,1,1,191
2025-05-12 22:00:06,86bd8ba8fb01974241f6135069f867de592c113150e2a950f4b54ff6a57538c8,896461,17558.0,121.0,0.006891,1,1,191
2025-05-12 22:00:06,1887514b92f40472e38706e77b359248aa18df924f5fc64e9ee4c4b9d1bab1c3,896461,266892.0,121.0,0.000453,1,1,191
2025-05-12 22:00:06,5237ad4de4880fcbe0120ebac6b875f84578324d0237495b0e7a4bfbd75ad9ba,896461,292120.0,121.0,0.000414,1,1,191
2025-05-12 22:00:06,3ba92af7cae6e0ae27827f14f7f956c2617bb5ee86eddcc9353ceb46dbdf6fb4,896461,6898639.0,121.0,1.8e-05,1,1,191
2025-05-12 22:00:06,74bfa59a4cd5cff897cffcf3bd5a2d13ce7288b7b4ab202fc27ac57330208db0,896461,7847879.0,121.0,1.5e-05,1,1,191
2025-05-12 22:00:06,a6ecfaacb258fc6fb8914cf8bf41677fb5b2d30121e499d08047122fe6bf3e9e,896461,292418.0,121.0,0.000414,1,1,191
2025-05-12 22:00:06,9d6d34f7b90d104393fa386be072c19720391fb63e77eb9a4c4b2a9751b6ff84,896461,252879.0,121.0,0.000478,1,1,191
2025-05-12 22:00:06,fe354c37c3d21ec4f45470bd729168d937d50fae53432789720c778131f1f47a,896461,7541.0,121.0,0.016046,1,1,191
2025-05-12 22:00:06,b03b2ce03a7c44df2f496f79a856afc93eceac0bc9da8d31a7481861b9fc133d,896461,4171081.0,121.0,2.9e-05,1,1,191
2025-05-12 22:00:06,add70e062e872f7e1b9d5b76f2d32143d2c2ce99d0a3c2cea18d12b723f15333,896461,3366878.0,121.0,3.6e-05,1,1,191
2025-05-12 22:00:06,2c82d9cde9eb2a661a2148c430c2a38c7a4a6e890e4e97a7094cca949ad20c24,896461,4128779.0,121.0,2.9e-05,1,1,191
2025-05-12 22:00:06,9d2c5582adc3df16a408f764bf726101db1f2e031558014e5460c02566053f1f,896461,56613.0,121.0,0.002137,1,1,191
2025-05-12 22:00:06,7b203334ac518a6ae0b920b13d4f2b8c6daa80636777f5446f53f71da9f4051f,896461,108261.0,121.0,0.001118,1,1,191
2025-05-12 22:00:06,5eb6ec3b17cb0dbb27e1143ec3daae6482d96bc859ace071c2ecd630e3abdc5c,896461,54053107.0,7347.0,0.000136,1,203,6760
2025-05-12 22:00:06,742263448b5c91d0f2cfa7513e8cec46dd0eab0cf576673adb3b85725f813e9d,896461,64400839.0,4538.0,7e-05,17,90,5489
2025-05-12 22:00:06,98ee33abc97c129e3fc78473952e16304457a9e76b394295824a4a02d76ab4f2,896461,6671377.0,420.0,6.3e-05,5,1,783
2025-05-12 22:00:06,b4885586f63a96ad9db004c608364fd0bb23c621b60d8162c0b02cdfa7d67c47,896461,130032.0,305.0,0.002346,3,2,518
2025-05-12 22:00:06,ae72b36c6aa16167eef0417daa00814ca68ee704c5c292b7e2ac6281c81e919e,896461,738691.0,806.0,0.001091,8,6,1127
2025-05-12 22:00:06,9b14229c42bb2b1cbf404ef3d96fc3947d1adf322ae726598a9edfdd57c102c8,896461,23321.0,230.0,0.009862,2,2,370
2025-05-12 22:00:06,b0fd3c262700725086e7540a457d16b61e094977aba9d9403529d769deba9c10,896461,120800.0,571.0,0.004727,3,2,516
2025-05-12 22:00:06,851f4d2f7921da7a3e2a8bd76aa7ac68d1c94d7de65aa79a47f180445483068b,896461,16239.0,145.0,0.008929,1,2,182
2025-05-12 22:00:06,c02a5fbb7f5f9f6832bae375c546f108dd78475a462ec4e8d3c1d8dba09d9443,896461,6405.0,196.0,0.030601,2,1,339
2025-05-12 22:00:06,d0983b7290b7d14418dac166e00ace60b1f226c26f0117ae93a69664044dd37c,896461,712429.0,462.0,0.000648,4,4,614
2025-05-12 22:00:06,2e240bdf6541243cfc71402c8047378296bc7278af837c844349389561ac7f96,896461,1322779.0,221.0,0.000167,1,3,248
2025-05-12 22:00:06,57919ccda93d5f307e1d11ea91247a344391ecaa2a29d855320204762ca6713f,896461,736618533.0,137.0,0.0,1,1,203
2025-05-12 22:00:06,e2783a831100c21a9cea0aa67a9aaafcaf45c954f2784a0c7ab7d7330e5b267d,896461,92020.0,234.0,0.002543,2,2,370
2025-05-12 22:00:06,504758c422ebddd4bc9c5105eb2bdfbc9e7af410e614d8f19f9a654a00e108ef,896461,20189.0,125.0,0.006191,1,1,192
2025-05-12 22:00:06,8cf029551da07c054b5e8b3aa8c6f7f9e01bed59115865fc8bb8325b08936b0c,896461,18153.0,125.0,0.006886,1,1,192
2025-05-12 22:00:06,68863b5a10e73b557b597fd674ca46b15f39c02cab1067916a9abc7e6cd901b1,896461,5677611.0,346.0,6.1e-05,2,1,644
2025-05-12 22:00:06,439833f191f960225d64db4dba193a9fbd2e880798d55451db04bb7fb7de27bb,896461,45581.0,124.0,0.00272,1,1,191
2025-05-12 22:00:06,fdc0cf7152dfab57a709608adc13543a7083bd561e1f9dd5dcb3e5e6bedfdf8a,896461,1300000.0,354.0,0.000272,4,1,638
2025-05-12 22:00:06,26b840c83ea650ce940cb6e56b22ca6652f8c6bd7c6219bcd12110d24ac53572,896461,114277.0,159.0,0.001391,1,2,222
2025-05-12 22:00:06,35efafece9552f734a60393520dc37a5790e29bc5e41815550ecac8957d7444f,896461,95972.0,159.0,0.001657,1,2,222
2025-05-12 22:00:06,dec10d23087e41919eb55093a3fb63267da77d1401328d8e6d68f9e21b912620,896461,29499126.0,159.0,5e-06,1,2,223
2025-05-12 22:00:06,6c9f20391636ec1791bef6806d22b9f85d013de8fdecafe7c8c77dfc751d53c6,896461,21835034.0,16180.0,0.000741,207,1,30771
2025-05-12 22:00:06,70180e35f4c48b8aeb3dd88c9a9f5f8a8662eec0195753702189cdd56ed836f3,896461,2561340.0,648.0,0.000253,8,2,1259
2025-05-12 22:00:06,68f787d7e65ab36b7108322b33224c2ad63361588cf64c42e929c6bfc6e26982,896461,1046849.0,219.0,0.000209,2,2,370
2025-05-12 22:00:06,2aca972c5ae8eaf49a885c368d942d106f8d5f644752200e4d940c9170ce70b9,896461,1877627.0,1505.0,0.000802,20,2,3035
2025-05-12 22:00:06,b782b2389bd57f29ce6696c656449576a8e48572a5e110ae4276335c1685322b,896461,2072562.0,1719.0,0.000829,23,2,3479
2025-05-12 22:00:06,a8b36a49a138b23af79ba418ec9c1e96b87bd5dd2d70eb542dcccbb85ce96c66,896461,6943.0,2642.0,0.380527,15,4,2342
2025-05-12 22:00:06,2b6bab7c2feb8c58308842c4e95f07518336bf522f057f16bd780d795791c2ed,896461,7142.0,200.0,0.028003,2,1,339
2025-05-12 22:00:06,723e11d0002d409e2ab4adb3aa7f15e53355c0911fb29b7534a8a7094873ac6e,896461,3199735.0,265.0,8.3e-05,1,2,273
2025-05-12 22:00:06,b73353dbad2cfb44aabca36a63ce35f79312acbe1afe147fc5841f5703fb7087,896461,3212673.0,631.0,0.000196,8,2,1274
2025-05-12 22:00:06,8ef7d39d7adaeed6b02ecb2c005f01afd6772994a70e1608cd7b5d34f64c525c,896461,240195.0,352.0,0.001465,2,5,442
2025-05-12 22:00:06,d6975bcc46c88b67b18a690066070c20aaff3507b33c772b18ffb16067d5121e,896461,757535.0,352.0,0.000465,2,5,442
2025-05-12 22:00:06,0c12edfc2096592b3734092d7d2f2af918d3b1d5f9762bb9284636567129894e,896461,51079355131.0,940.0,0.0,7,2,2157
2025-05-12 22:00:06,19e29427c8b1cdd654e83173158305d7221ea1347394dcabdeec4d0570d06cf4,896461,1268577.0,434.0,0.000342,5,1,783
2025-05-12 22:00:06,ccb03a14b05d6620c3624821daeb7318ebfec330a8f6aeac2ac752c9e68d364a,896461,196300.0,161.0,0.00082,1,2,222
2025-05-12 22:00:06,17240f233c00bb02dc3da6d21e4fee996aef9303e90d0ceb6c43fedc49b88774,896461,34922193.0,189.0,5e-06,1,2,246
2025-05-12 22:00:06,93a1aa4a87142dcb7afdf0441202c6095f29517251a2495db624d866c3c36f17,896461,21005954.0,700.0,3.3e-05,4,2,694
2025-05-12 22:00:06,b20052e889cbbdf6e5eb578b38292d6b7da7445b688d0f93e2cc3dc427dac1d8,896461,389100.0,750.0,0.001928,9,1,1375
2025-05-12 22:00:06,2c234f5c64186087fffade3d095ac59cbde873c180277daf691d66f1753e795a,896461,3655080.0,218.0,6e-05,1,2,380
2025-05-12 22:00:06,0f958bfde334998feca20a691739a2136171572cd6dfd25a81c6751ceae736bd,896461,1030805.0,166.0,0.000161,1,1,326
2025-05-12 22:00:06,82a82d42b2e576d51bca4e45c0703c5f65a37000daf23b06df28774c039ef598,896461,3739956.0,130.0,3.5e-05,1,1,191
2025-05-12 22:00:06,4ab1c235ee6e933375c567b2c3bbea0ed37857fcec331b86fb4a320178915b98,896461,15877451.0,10844.0,0.000683,100,1,17195
2025-05-12 22:00:06,282c1a9bc53614ecaf7badeaa9eedeffdca34f3ebdff294d1eaf045aafbe4edf,896461,910.0,225.0,0.247253,2,2,288
2025-05-12 22:00:06,a19bcda200f18d3bb17467e178a54f8b24d46b5fac7d94bf7f2d31544ae3c632,896461,910.0,225.0,0.247253,2,2,288
2025-05-12 22:00:06,e80f1f7d28d4fc5d2e15976698c5b91ecfa8af787cc99c74c7ad8000507c45c5,896461,443664231.0,170.0,0.0,1,2,223
2025-05-12 22:00:06,429a8b75443bd097a254011ad93ccefc21b796c648a34fbf7d6f4f6dcec30cbc,896461,5764792.0,170.0,2.9e-05,1,2,224
2025-05-12 22:00:06,580b431b25c5c1b32aea9783c2aa2f4db8c70b597b67b7894fb536da37bc97b2,896461,105851.0,255.0,0.002409,1,3,382
2025-05-12 22:00:06,13c05b32dc76d2353c074b3cd05afcbd08585c8deceb186c6449921c18ad1fab,896461,111889.0,255.0,0.002279,1,3,382
2025-05-12 22:00:06,ca3a2cd6bce6687cdb0efafaea5023e63b3ae773567e003f4dfb80c91875749a,896461,2200974244.0,170.0,0.0,1,2,224
2025-05-12 22:00:06,8a17bb3e7c8dcd0285cff82f579e78ff083697698b51a7f155f646dbedcf9f92,896461,8375088.0,170.0,2e-05,1,2,223
2025-05-12 22:00:06,d3b63cfe925ad34cd5573b29eac3778bdbaebbbc8422d62a80bd3f26665ec891,896461,16494830.0,170.0,1e-05,1,2,224
2025-05-14 17:09:36,9402b8b894c2f948995768cc2ff8dfd3abbb1bf428bdce3d259789bd7227e783,896699,15799.0,254.0,0.016077,2,2,313
2025-05-14 17:09:36,32edd90130c6278951c6cdcc38906e14f3a91f703b2da5eb16c35941c17f7060,896699,15799.0,254.0,0.016077,2,2,313
2025-05-14 17:09:36,04e8ebf9ee7e5b8f3d6e1f1cf179541ca2ec5a1d305cc3062d633dea31ff4e3e,896699,15799.0,254.0,0.016077,2,2,313
2025-05-14 17:09:36,67f02184b752a7b477616d0673237479fa81b0a44e2ea78ea609e18ede725630,896699,15799.0,254.0,0.016077,2,2,313
2025-05-14 17:09:36,58aa15490b2323b25cb9f60c4923481b0b0f2550cb1f303c220f4e0c15099b05,896699,15799.0,254.0,0.016077,2,2,313
2025-05-14 17:09:36,779ac7ccaa6f8c26c3ee01a5ddf05c96e1fbec0888fa8de1307ca8b4bfdfb88d,896699,100666.0,868.0,0.008623,5,7,1056
2025-05-14 17:09:36,aaca45aaad1dea4f637ea3016c8a5371f6600b9a2244e8d8c7e57e259c1810b8,896699,1847861.0,970.0,0.000525,2,4,480
2025-05-14 17:09:36,1e98564d92c9f19791c0eeed3b4f977e8322435d1e638cc5b068e3d845e90ee0,896699,947043.0,555.0,0.000586,1,1,371
2025-05-14 17:09:36,67b8bad54d6f6b06213ae8b302f7b96791f8c4dc0c77cb588bb6bbba0af3aa16,896699,1504989.0,1623.0,0.001078,5,2,933
2025-05-14 17:09:36,a9971522e80f5d5199f5aeb215581f2ea7aa609d26296705a6aa58bcdc6e2955,896699,3194795.0,1344.0,0.000421,2,7,570
2025-05-14 17:09:36,1e9b5cc3b5389deb8b84933469e6e38e7dd8bc149a5ec0a526ca32bf459960cd,896699,4441639.0,5298.0,0.001193,16,18,2503
2025-05-14 17:09:36,f1a871b4ece00a1d44acaa65a30c49096b09c3a0448136952e04c963dff50018,896699,967706.0,1071.0,0.001107,1,7,420
2025-05-14 17:09:36,27a4046f858af63655d336163b5660ea7d272f06be7022efe6468c50ce6e4f9b,896699,259705772.0,473.0,2e-06,1,2,205
2025-05-14 17:09:36,666836bebbac2ad9e4dbf09b6d1b77c97f357abc275dfdf23f26a2eebcf995d9,896699,613597.0,642.0,0.001046,2,2,371
2025-05-14 17:09:36,51391005b6639e074c0f6d5dcb8b9f59696f770554c6810c163bf6d1f89c2065,896699,244950.0,504.0,0.002058,1,2,245
2025-05-14 17:09:36,34c7da89eae0728629fbb57fe22e689bd54d8b2bf121d778b79808e4c049876c,896699,3605042.0,1128.0,0.000313,4,2,689
2025-05-14 17:09:36,c0acb79e495a1c04a0e6c918a7f5803c2ee60832f0664dd1f849bf72fdce4186,896699,900150.0,584.0,0.000649,1,2,222
2025-05-14 17:09:36,d81130ae1d64088336f5641455ad07ad84cf80e7ea03e8f8d170ccd319353cdc,896699,901526.0,438.0,0.000486,1,2,225
2025-05-14 17:09:36,1252e1f3d2c6f30a81617cf733cb6f8b3a02ca124d66267f386462cc27b05fbb,896699,902755.0,438.0,0.000485,1,2,225
2025-05-14 17:09:36,8d017a33de9c7f0c3fe4dd3ffd9f8f1b023cb587f78d51ac2b2dd0381f6cb7af,896699,903603.0,292.0,0.000323,1,2,223
2025-05-14 17:09:36,f23866ba51e39006cdee13882aa8989298f18262e186e20c45996ca08a294e1e,896699,1302843.0,438.0,0.000336,1,2,223
2025-05-14 17:09:36,34c8489b3cfcb7cd6ff6489601227aee70f577bd831f328d9011803bbe994250,896699,1304072.0,438.0,0.000336,1,2,226
2025-05-14 17:09:36,c2f0f1ed17fe09894323481485f5fbb9c26b7df47f5eca91dc676fce473ad976,896699,25540276.0,3145.0,0.000123,9,10,1711
2025-05-14 17:09:36,751d3a445a4e951d87384db745c635829a85d785389fad94b47831e0295599e5,896699,835658.0,518.0,0.00062,1,2,250
2025-05-14 17:09:36,65fc102078ce345b08d60fc11a85511a807daa702f551ed966b971a3123015bc,896699,1305223.0,584.0,0.000447,1,2,222
2025-05-14 17:09:36,0c5a210e6336107c0ec8330d5efa6a6eaec26a05975743cf6bad460c26bbc8bd,896699,1306542.0,438.0,0.000335,1,2,223
2025-05-14 17:09:36,e65c4eccb13f90bf406699da0a2733b5f3f1c88a7cf3a48c4182d3fe0c1893f2,896699,1307771.0,438.0,0.000335,1,2,226
2025-05-14 17:09:36,5271cc95141c20821914fe1ce9cbd7f2fbdf3efe06bb4c47c99cf326c7960812,896699,1308619.0,292.0,0.000223,1,2,222
2025-05-14 17:09:36,362525168f9fa52a29b58257d2b40a764df5c0b3bfbc334cd8fc9b99ad83555e,896699,1952561.0,438.0,0.000224,1,2,193
2025-05-14 17:09:36,acccbfa1f87d9001449e145bf3a45f2a8fd72937a60762c0f6bd461efd779c02,896699,124675.0,556.0,0.00446,2,1,342
2025-05-14 17:09:36,477c9725c9717408fc7c1c6983d9bf4002526fc58dddfae9bc3c13c818e6ffe1,896699,5185.0,621.0,0.119769,1,2,392
2025-05-14 17:09:36,c177e5682c71d63cf14d089cb51d4702d07d83e06283613d9f4343413923430a,896699,532635.0,414.0,0.000777,1,1,216
2025-05-14 17:09:36,ca784d624cca674a0b0a8127884c274bfa6d2bb916849fa1e02f55e235412d6d,896699,1019070.0,930.0,0.000913,1,6,382
2025-05-14 17:09:36,51aea2f312eea04047d66ab7f4a4364671201100f96d9389bcbd3fc5860af0ec,896699,4126.0,1032.0,0.250121,2,4,434
2025-05-14 17:09:36,9bbf25be204e4e7b1a6dfbb7083881e1bd06d8e36cf9caaf47aa0978a384aaa9,896699,154381.0,1125.0,0.007287,2,6,495
2025-05-14 17:09:36,cd7c57629b847f1886446eb054de3aafcf0d54869f29867f1c0896d383d562f0,896699,95427.0,439.0,0.0046,1,2,224
2025-05-14 17:09:36,13daa4372243c8797c81edc27720cff0a602454cded161157669652641091235,896699,2487827.0,2417.0,0.000972,5,1,781
2025-05-14 17:09:36,ed2abda79fff7490127838410772a703956628855269443b5aaf91ac649a2053,896699,966922.0,2442.0,0.002526,11,1,1677
2025-05-14 17:09:36,cdd78046c374af0446fe39f42fc6258cc4d3cc511086f86078d091092f6887cd,896699,879.0,453.0,0.515358,1,1,315
2025-05-14 17:09:36,6a314a9295d3b1d90ec8e3eb2a08eb04077172bd2c99911f9bdef51b8696916c,896699,21072.0,457.0,0.021688,1,2,235
2025-05-14 17:09:36,fd7911d564fd1dd600e2bccbab34771dbac4c6ddec6a042cf91b993b75cb5702,896699,9692676.0,3505.0,0.000362,8,2,3289
2025-05-14 17:09:36,9e2b49471fe337509d5bc9b7fab51ab6f976ac9131a5624bdcabd84412c2b3dd,896699,27575129.0,46073.0,0.001671,113,2,45362
2025-05-14 17:09:36,e1bdf38b91424f0d96e863c94174dde75f4766e9d866c44979187044de0d149a,896699,7724.0,1149.0,0.148757,2,2,371
2025-05-14 17:09:36,d193f32840638b8b40a7edb6364688b4ea8978fa1b786a21da0bd9359418456b,896699,6573793.0,3508.0,0.000534,8,2,3289
2025-05-14 17:09:36,cdb6195978e0ca66e57aea2b1d294b7a3bca20190c164459613ca0e607644cad,896699,28313778.0,3099.0,0.000109,7,2,2887
2025-05-14 17:09:36,29226bce92b95cbf42be8756bdb60032f4e9e944f1b1ec86f8a98458b46d293e,896699,6375.0,447.0,0.070118,1,2,226
2025-05-14 17:09:36,36a725a0c6012bdedfd639f20a8b045f4c737e1ca1d5fd9a158cd8090d1a63a1,896699,9670000.0,3788.0,0.000392,9,1,3647
2025-05-14 17:09:36,c6fd11edf0bc6c89b3c79887f0af7e16d9a8e8c22fa947fc37d8ccd8c4451b71,896699,161810.0,438.0,0.002707,1,2,222
2025-05-14 17:09:36,6695a037226e607e43a6887a148482fd01a7a67dab197e8b00c5c859ea6264c9,896699,799247.0,345.0,0.000432,1,1,162
2025-05-14 17:09:36,b081c04309ab54525c69d899f73df03d60744776b65c7ed6a2c7e840ddf9211a,896699,2855524.0,2310.0,0.000809,6,9,1043
2025-05-14 17:09:36,925473e56c9cc4a55cc0fd85d1a212b616984a292a2969b183f0220ea66207f0,896699,205800.0,342.0,0.001662,1,1,192
2025-05-14 17:09:36,3a9edfc21b0a262af728a32b58f552c95b9e55857273e95c0884f0bad3adfbe2,896699,19145.0,855.0,0.044659,1,4,326
2025-05-14 17:09:36,2c8ea5295b0e28d32498d8b2eeb83f48bdcdd18c31d9aaee7fad0fc76d27f591,896699,82516.0,448.0,0.005429,1,2,226
2025-05-14 17:09:36,39e75978ecf7e3714fb988ef41682814ca5add3556e875fbbc81da658bb52f86,896699,72113.0,414.0,0.005741,1,1,214
2025-05-14 17:09:36,bc3e5c1b6583a24a8f0d223ffff3fcda17a5c56c3dc1f95a52217d012045cbdc,896699,183322.0,318.0,0.001735,1,1,153
2025-05-14 17:09:36,2c2f6b9471651cbdec95a0aa2b041500fe5402a7c7f3f04a073e7b3b4d2b3e6b,896699,5747.0,318.0,0.055333,1,1,153
2025-05-14 17:09:36,e33ee606b0f7038763a41fc91e2fccc2085f0806833b6c406ce7f94b1ffb04ab,896699,56393.0,309.0,0.005479,1,1,150
2025-05-14 17:09:36,6981806b247a460c87e7fa80cb4eaf8b7124c05cd0c75b05c94976dcf9b85126,896699,61044.0,600.0,0.009829,1,2,382
2025-05-14 17:09:36,c81616b74815d884ed8a89af5ea1d2d318d7f394dab398f3322a3ea8ecb26f14,896699,702587.0,813.0,0.001157,3,2,410
2025-05-14 17:09:36,db75690a7287dc3d3dba159d61527ab38a5853455e6512cd70b74e5f0b3f40ad,896699,65794689.0,591.0,9e-06,1,2,381
2025-05-14 17:09:36,343b961b4b9c19598f95d0091af99974b6667ec55de447351c06fba4873e2777,896699,8714.0,3349.0,0.384324,7,1,1071
2025-05-14 17:09:36,704cae2b616f023cb190eaabc36c59a58e5ed61449f61606bae039580f8b5064,896699,256092500.0,591.0,2e-06,1,2,380
2025-05-14 17:09:36,a4c0a9aa9f490212e45d6b084baace24d53e14d5d28cc23cc0111be28dd0ce61,896699,30000.0,5172.0,0.1724,28,1,3039
2025-05-14 17:09:36,270039a9e8d88d74ab091794fc27005c6d56120dfc1c9d6bc5755054ac319250,896699,527780.0,1197.0,0.002268,5,1,784
2025-05-14 17:09:36,b6d3567ff7821cd2b28b6e09ef6a5a60f74c4f8912870ee5d6b982b54ca8f2e0,896699,722852.0,442.0,0.000611,1,2,222
2025-05-14 17:09:36,d99e9eabfb4c06f016209bd7f1b969ee4463a820fb76984bf8d7b44f8c3bff5a,896699,914339.0,442.0,0.000483,1,2,223
2025-05-14 17:09:36,a2b3ae771e3d71c4dff84ce7ac86bfcce391877fcab99f5c31737c7d4651edea,896699,1099823.0,656.0,0.000596,2,2,371
2025-05-14 17:09:36,bdb03d18b4c2e3bc989d7b806660c57e80c578442956d3ec4d9cbafcbc3ebfbd,896699,2427151.0,656.0,0.00027,2,2,371
2025-05-14 17:09:36,ea75b2ebad11f4a49a2698dc1a5801ae5ef048d1e8c1a20a6bb4e94393385734,896699,2081252.0,656.0,0.000315,2,2,371
2025-05-14 17:09:36,503e6dcb154c6d9381bc4189d073086125a6fe70f2baa71893d42d0a0026ff24,896699,2011846.0,656.0,0.000326,2,2,371
2025-05-14 17:09:36,a0d88579a1fd2fdf04a1f7436166baf82c44f639e3795c2a4f7e88ad0e98bb10,896699,1628107.0,656.0,0.000403,2,2,371
2025-05-14 17:09:36,05ce0ea32b181418b95968228e57fc8062b28f27948b2eb272e5395f7b6a01e9,896699,1080233.0,452.0,0.000418,1,2,225
2025-05-14 17:09:36,5cfbebd17938f1870a72a63e9420cbc6e3c82fd9ed4386115a993fe33a5a75c7,896699,1052729.0,452.0,0.000429,1,2,225
2025-05-14 17:09:36,f4e91fb9d28513da5d4b3b72ce6f08949ca9e79cfb79be2a33a3c1278a1554ba,896699,1038249.0,452.0,0.000435,1,2,225
2025-05-14 17:09:36,c81bc9b6ac5e6effbbf0c2e9e18ea734ee98defb9a8022bdc9feb98d61131ab4,896699,1340331.0,452.0,0.000337,1,2,225
2025-05-14 17:09:36,83bd04204052c6d56d01581178ab650c9a5d413db175ae3c109e598fd2212b7e,896699,1107111.0,452.0,0.000408,1,2,225
2025-05-14 17:09:36,a29f04acd4801f86917e17caa09be5396ef4c252af81063d180d2d149fe68049,896699,1218629.0,452.0,0.000371,1,2,225
2025-05-14 17:09:36,39440caac9d79ba8466f612f9a8a0eb1a104df6912beca8398def1c695bbd13d,896699,1339515.0,452.0,0.000337,1,2,225
2025-05-14 17:09:36,97185e3243e7405b97fda40df68b90d2b31a0940be0faef72b61d5093e1e2925,896699,1093759.0,452.0,0.000413,1,2,225
2025-05-14 17:09:36,d26835dd32120df0bb8374e25c406255fc4bd885aadf3620b2fc899d10e07019,896699,1037514.0,452.0,0.000436,1,2,225
2025-05-14 17:09:36,f4af222f9bc011c07171608fe7c4d21779b5a4be32a29705b84fdb43a7c0a917,896699,1041452.0,452.0,0.000434,1,2,225
2025-05-14 17:09:36,d989323cb07a738b0ee4eccddbd8d3beb8e936373978cf3841c4e442a182370a,896699,1038581.0,452.0,0.000435,1,2,225
2025-05-14 17:09:36,2095fb102fc1de36d75710fb4355d4d3e91c7bb30783dd72b9c1270c746fa206,896699,1558433.0,452.0,0.00029,1,2,225
2025-05-14 17:09:36,c597755eae631fb050a1729fb2cd22a3f46d12e3ddfcc779915bf5bd4eb23ded,896699,1019878.0,653.0,0.00064,2,2,370
2025-05-14 17:09:36,4025555237cd76b531f7d9f7881dd607ff242e274685af0ceac0b98922198b9e,896699,1031171.0,653.0,0.000633,2,2,370
2025-05-14 17:09:36,8f48b2cd7341c9345244ebac8771c580608455ce0a730e0b05e65f43ecfc2e7b,896699,1375326.0,653.0,0.000475,2,2,370
2025-05-14 17:09:36,e1f5fb0d58b220feb09a8fe15481a35ac4e36f64d7bb5134f93acfe0d43ff171,896699,1050484.0,653.0,0.000622,2,2,370
2025-05-14 17:09:36,3f22f81c4b1441016fe498769cdcb7375d368d4f6fe71910b5a2636997016153,896699,1258088.0,653.0,0.000519,2,2,370
2025-05-14 17:09:36,9fa662da7ac38b7fa3b5371aabc029b90dff32ae9c777b564ad67e8e36a27150,896699,1145546.0,653.0,0.00057,2,2,370
2025-05-14 17:09:36,582ef17d1aa6f9da56fc8ba0b094638233a75449d5bc39395209255da8e28635,896699,2005114.0,653.0,0.000326,2,2,370
2025-05-14 17:09:36,ed440d8206cad26eaaa89f8c3de2e041c17bf1118a65ca43a6a8f1289be463de,896699,1136247.0,876.0,0.000771,3,2,521
2025-05-14 17:09:36,26df4710252423e7cf636f408f6edea94f520198d78990b1104882b9d27125b9,896699,1115531.0,876.0,0.000785,3,2,520
2025-05-14 17:09:36,d0e17f7142a7d455f459a31bddabe9d483169ae521ebc145b2ff61923db12b75,896699,1126440.0,876.0,0.000778,3,2,521
2025-05-14 17:09:36,887dd284a53c906a8301443846a6410f5978fab89362466732e690a864d8a8fb,896699,1947256.0,446.0,0.000229,1,2,223
2025-05-14 17:09:36,e65946b5d5b2d407c5e11024c6709161982a0a39d416929b2243bed7a1960de6,896699,1108614.0,446.0,0.000402,1,2,223
2025-05-14 17:09:36,c7937756ca36d6658cc52c47166429048847afb50e4b8ca14cc2499f5f333ad5,896699,1479186.0,446.0,0.000302,1,2,223
2025-05-14 17:09:36,744b759d991b5573d5116b4fd95dc3ff6af0b6d5cf5b23ee3f89c8337fb78abb,896699,1867587.0,446.0,0.000239,1,2,223
2025-05-14 17:09:36,1f9768f0e2358abf5230b6188d6afe6988b23417b6c4eb3c2c0154f35f7d67ba,896699,1153986.0,446.0,0.000386,1,2,223
2025-05-14 17:09:36,e4d4016254ecf38db554fa4308fa6f60b002fd4c5748b52373aa7aae3a7f468a,896699,1908832.0,446.0,0.000234,1,2,223
2025-05-14 17:09:36,31b84646af4c58ad8c36cab1ad3f87c48ac63fc4a56f2542586d7b47ab558a1f,896699,1069311.0,446.0,0.000417,1,2,223
2025-05-14 17:09:36,9402b8b894c2f948995768cc2ff8dfd3abbb1bf428bdce3d259789bd7227e783,896699,15799.0,254.0,0.016077,2,2,313
2025-05-14 17:09:36,32edd90130c6278951c6cdcc38906e14f3a91f703b2da5eb16c35941c17f7060,896699,15799.0,254.0,0.016077,2,2,313
2025-05-14 17:09:36,04e8ebf9ee7e5b8f3d6e1f1cf179541ca2ec5a1d305cc3062d633dea31ff4e3e,896699,15799.0,254.0,0.016077,2,2,313
2025-05-14 17:09:36,67f02184b752a7b477616d0673237479fa81b0a44e2ea78ea609e18ede725630,896699,15799.0,254.0,0.016077,2,2,313
2025-05-14 17:09:36,58aa15490b2323b25cb9f60c4923481b0b0f2550cb1f303c220f4e0c15099b05,896699,15799.0,254.0,0.016077,2,2,313
2025-05-14 17:09:36,779ac7ccaa6f8c26c3ee01a5ddf05c96e1fbec0888fa8de1307ca8b4bfdfb88d,896699,100666.0,868.0,0.008623,5,7,1056
2025-05-14 17:09:36,aaca45aaad1dea4f637ea3016c8a5371f6600b9a2244e8d8c7e57e259c1810b8,896699,1847861.0,970.0,0.000525,2,4,480
2025-05-14 17:09:36,1e98564d92c9f19791c0eeed3b4f977e8322435d1e638cc5b068e3d845e90ee0,896699,947043.0,555.0,0.000586,1,1,371
2025-05-14 17:09:36,67b8bad54d6f6b06213ae8b302f7b96791f8c4dc0c77cb588bb6bbba0af3aa16,896699,1504989.0,1623.0,0.001078,5,2,933
2025-05-14 17:09:36,a9971522e80f5d5199f5aeb215581f2ea7aa609d26296705a6aa58bcdc6e2955,896699,3194795.0,1344.0,0.000421,2,7,570
2025-05-14 17:09:36,1e9b5cc3b5389deb8b84933469e6e38e7dd8bc149a5ec0a526ca32bf459960cd,896699,4441639.0,5298.0,0.001193,16,18,2503
2025-05-14 17:09:36,f1a871b4ece00a1d44acaa65a30c49096b09c3a0448136952e04c963dff50018,896699,967706.0,1071.0,0.001107,1,7,420
2025-05-14 17:09:36,27a4046f858af63655d336163b5660ea7d272f06be7022efe6468c50ce6e4f9b,896699,259705772.0,473.0,2e-06,1,2,205
2025-05-14 17:09:36,666836bebbac2ad9e4dbf09b6d1b77c97f357abc275dfdf23f26a2eebcf995d9,896699,613597.0,642.0,0.001046,2,2,371
2025-05-14 17:09:36,51391005b6639e074c0f6d5dcb8b9f59696f770554c6810c163bf6d1f89c2065,896699,244950.0,504.0,0.002058,1,2,245
2025-05-14 17:09:36,34c7da89eae0728629fbb57fe22e689bd54d8b2bf121d778b79808e4c049876c,896699,3605042.0,1128.0,0.000313,4,2,689
2025-05-14 17:09:36,c0acb79e495a1c04a0e6c918a7f5803c2ee60832f0664dd1f849bf72fdce4186,896699,900150.0,584.0,0.000649,1,2,222
2025-05-14 17:09:36,d81130ae1d64088336f5641455ad07ad84cf80e7ea03e8f8d170ccd319353cdc,896699,901526.0,438.0,0.000486,1,2,225
2025-05-14 17:09:36,1252e1f3d2c6f30a81617cf733cb6f8b3a02ca124d66267f386462cc27b05fbb,896699,902755.0,438.0,0.000485,1,2,225
2025-05-14 17:09:36,8d017a33de9c7f0c3fe4dd3ffd9f8f1b023cb587f78d51ac2b2dd0381f6cb7af,896699,903603.0,292.0,0.000323,1,2,223
2025-05-14 17:09:36,f23866ba51e39006cdee13882aa8989298f18262e186e20c45996ca08a294e1e,896699,1302843.0,438.0,0.000336,1,2,223
2025-05-14 17:09:36,34c8489b3cfcb7cd6ff6489601227aee70f577bd831f328d9011803bbe994250,896699,1304072.0,438.0,0.000336,1,2,226
2025-05-14 17:09:36,c2f0f1ed17fe09894323481485f5fbb9c26b7df47f5eca91dc676fce473ad976,896699,25540276.0,3145.0,0.000123,9,10,1711
2025-05-14 17:09:36,751d3a445a4e951d87384db745c635829a85d785389fad94b47831e0295599e5,896699,835658.0,518.0,0.00062,1,2,250
2025-05-14 17:09:36,65fc102078ce345b08d60fc11a85511a807daa702f551ed966b971a3123015bc,896699,1305223.0,584.0,0.000447,1,2,222
2025-05-14 17:09:36,0c5a210e6336107c0ec8330d5efa6a6eaec26a05975743cf6bad460c26bbc8bd,896699,1306542.0,438.0,0.000335,1,2,223
2025-05-14 17:09:36,e65c4eccb13f90bf406699da0a2733b5f3f1c88a7cf3a48c4182d3fe0c1893f2,896699,1307771.0,438.0,0.000335,1,2,226
2025-05-14 17:09:36,5271cc95141c20821914fe1ce9cbd7f2fbdf3efe06bb4c47c99cf326c7960812,896699,1308619.0,292.0,0.000223,1,2,222
2025-05-14 17:09:36,362525168f9fa52a29b58257d2b40a764df5c0b3bfbc334cd8fc9b99ad83555e,896699,1952561.0,438.0,0.000224,1,2,193
2025-05-14 17:09:36,acccbfa1f87d9001449e145bf3a45f2a8fd72937a60762c0f6bd461efd779c02,896699,124675.0,556.0,0.00446,2,1,342
2025-05-14 17:09:36,477c9725c9717408fc7c1c6983d9bf4002526fc58dddfae9bc3c13c818e6ffe1,896699,5185.0,621.0,0.119769,1,2,392
2025-05-14 17:09:36,c177e5682c71d63cf14d089cb51d4702d07d83e06283613d9f4343413923430a,896699,532635.0,414.0,0.000777,1,1,216
2025-05-14 17:09:36,ca784d624cca674a0b0a8127884c274bfa6d2bb916849fa1e02f55e235412d6d,896699,1019070.0,930.0,0.000913,1,6,382
2025-05-14 17:09:36,51aea2f312eea04047d66ab7f4a4364671201100f96d9389bcbd3fc5860af0ec,896699,4126.0,1032.0,0.250121,2,4,434
2025-05-14 17:09:36,9bbf25be204e4e7b1a6dfbb7083881e1bd06d8e36cf9caaf47aa0978a384aaa9,896699,154381.0,1125.0,0.007287,2,6,495
2025-05-14 17:09:36,cd7c57629b847f1886446eb054de3aafcf0d54869f29867f1c0896d383d562f0,896699,95427.0,439.0,0.0046,1,2,224
2025-05-14 17:09:36,13daa4372243c8797c81edc27720cff0a602454cded161157669652641091235,896699,2487827.0,2417.0,0.000972,5,1,781
2025-05-14 17:09:36,ed2abda79fff7490127838410772a703956628855269443b5aaf91ac649a2053,896699,966922.0,2442.0,0.002526,11,1,1677
2025-05-14 17:09:36,cdd78046c374af0446fe39f42fc6258cc4d3cc511086f86078d091092f6887cd,896699,879.0,453.0,0.515358,1,1,315
2025-05-14 17:09:36,6a314a9295d3b1d90ec8e3eb2a08eb04077172bd2c99911f9bdef51b8696916c,896699,21072.0,457.0,0.021688,1,2,235
2025-05-14 17:09:36,fd7911d564fd1dd600e2bccbab34771dbac4c6ddec6a042cf91b993b75cb5702,896699,9692676.0,3505.0,0.000362,8,2,3289
2025-05-14 17:09:36,9e2b49471fe337509d5bc9b7fab51ab6f976ac9131a5624bdcabd84412c2b3dd,896699,27575129.0,46073.0,0.001671,113,2,45362
2025-05-14 17:09:36,e1bdf38b91424f0d96e863c94174dde75f4766e9d866c44979187044de0d149a,896699,7724.0,1149.0,0.148757,2,2,371
2025-05-14 17:09:36,d193f32840638b8b40a7edb6364688b4ea8978fa1b786a21da0bd9359418456b,896699,6573793.0,3508.0,0.000534,8,2,3289
2025-05-14 17:09:36,cdb6195978e0ca66e57aea2b1d294b7a3bca20190c164459613ca0e607644cad,896699,28313778.0,3099.0,0.000109,7,2,2887
2025-05-14 17:09:36,29226bce92b95cbf42be8756bdb60032f4e9e944f1b1ec86f8a98458b46d293e,896699,6375.0,447.0,0.070118,1,2,226
2025-05-14 17:09:36,36a725a0c6012bdedfd639f20a8b045f4c737e1ca1d5fd9a158cd8090d1a63a1,896699,9670000.0,3788.0,0.000392,9,1,3647
2025-05-14 17:09:36,c6fd11edf0bc6c89b3c79887f0af7e16d9a8e8c22fa947fc37d8ccd8c4451b71,896699,161810.0,438.0,0.002707,1,2,222
2025-05-14 17:09:36,6695a037226e607e43a6887a148482fd01a7a67dab197e8b00c5c859ea6264c9,896699,799247.0,345.0,0.000432,1,1,162
2025-05-14 17:09:36,b081c04309ab54525c69d899f73df03d60744776b65c7ed6a2c7e840ddf9211a,896699,2855524.0,2310.0,0.000809,6,9,1043
2025-05-14 17:09:36,925473e56c9cc4a55cc0fd85d1a212b616984a292a2969b183f0220ea66207f0,896699,205800.0,342.0,0.001662,1,1,192
2025-05-14 17:09:36,3a9edfc21b0a262af728a32b58f552c95b9e55857273e95c0884f0bad3adfbe2,896699,19145.0,855.0,0.044659,1,4,326
2025-05-14 17:09:36,2c8ea5295b0e28d32498d8b2eeb83f48bdcdd18c31d9aaee7fad0fc76d27f591,896699,82516.0,448.0,0.005429,1,2,226
2025-05-14 17:09:36,39e75978ecf7e3714fb988ef41682814ca5add3556e875fbbc81da658bb52f86,896699,72113.0,414.0,0.005741,1,1,214
2025-05-14 17:09:36,bc3e5c1b6583a24a8f0d223ffff3fcda17a5c56c3dc1f95a52217d012045cbdc,896699,183322.0,318.0,0.001735,1,1,153
2025-05-14 17:09:36,2c2f6b9471651cbdec95a0aa2b041500fe5402a7c7f3f04a073e7b3b4d2b3e6b,896699,5747.0,318.0,0.055333,1,1,153
2025-05-14 17:09:36,e33ee606b0f7038763a41fc91e2fccc2085f0806833b6c406ce7f94b1ffb04ab,896699,56393.0,309.0,0.005479,1,1,150
2025-05-14 17:09:36,6981806b247a460c87e7fa80cb4eaf8b7124c05cd0c75b05c94976dcf9b85126,896699,61044.0,600.0,0.009829,1,2,382
2025-05-14 17:09:36,c81616b74815d884ed8a89af5ea1d2d318d7f394dab398f3322a3ea8ecb26f14,896699,702587.0,813.0,0.001157,3,2,410
2025-05-14 17:09:36,db75690a7287dc3d3dba159d61527ab38a5853455e6512cd70b74e5f0b3f40ad,896699,65794689.0,591.0,9e-06,1,2,381
2025-05-14 17:09:36,343b961b4b9c19598f95d0091af99974b6667ec55de447351c06fba4873e2777,896699,8714.0,3349.0,0.384324,7,1,1071
2025-05-14 17:09:36,704cae2b616f023cb190eaabc36c59a58e5ed61449f61606bae039580f8b5064,896699,256092500.0,591.0,2e-06,1,2,380
2025-05-14 17:09:36,a4c0a9aa9f490212e45d6b084baace24d53e14d5d28cc23cc0111be28dd0ce61,896699,30000.0,5172.0,0.1724,28,1,3039
2025-05-14 17:09:36,270039a9e8d88d74ab091794fc27005c6d56120dfc1c9d6bc5755054ac319250,896699,527780.0,1197.0,0.002268,5,1,784
2025-05-14 17:09:36,b6d3567ff7821cd2b28b6e09ef6a5a60f74c4f8912870ee5d6b982b54ca8f2e0,896699,722852.0,442.0,0.000611,1,2,222
2025-05-14 17:09:36,d99e9eabfb4c06f016209bd7f1b969ee4463a820fb76984bf8d7b44f8c3bff5a,896699,914339.0,442.0,0.000483,1,2,223
2025-05-14 17:09:36,a2b3ae771e3d71c4dff84ce7ac86bfcce391877fcab99f5c31737c7d4651edea,896699,1099823.0,656.0,0.000596,2,2,371
2025-05-14 17:09:36,bdb03d18b4c2e3bc989d7b806660c57e80c578442956d3ec4d9cbafcbc3ebfbd,896699,2427151.0,656.0,0.00027,2,2,371
2025-05-14 17:09:36,ea75b2ebad11f4a49a2698dc1a5801ae5ef048d1e8c1a20a6bb4e94393385734,896699,2081252.0,656.0,0.000315,2,2,371
2025-05-14 17:09:36,503e6dcb154c6d9381bc4189d073086125a6fe70f2baa71893d42d0a0026ff24,896699,2011846.0,656.0,0.000326,2,2,371
2025-05-14 17:09:36,a0d88579a1fd2fdf04a1f7436166baf82c44f639e3795c2a4f7e88ad0e98bb10,896699,1628107.0,656.0,0.000403,2,2,371
2025-05-14 17:09:36,05ce0ea32b181418b95968228e57fc8062b28f27948b2eb272e5395f7b6a01e9,896699,1080233.0,452.0,0.000418,1,2,225
2025-05-14 17:09:36,5cfbebd17938f1870a72a63e9420cbc6e3c82fd9ed4386115a993fe33a5a75c7,896699,1052729.0,452.0,0.000429,1,2,225
2025-05-14 17:09:36,f4e91fb9d28513da5d4b3b72ce6f08949ca9e79cfb79be2a33a3c1278a1554ba,896699,1038249.0,452.0,0.000435,1,2,225
2025-05-14 17:09:36,c81bc9b6ac5e6effbbf0c2e9e18ea734ee98defb9a8022bdc9feb98d61131ab4,896699,1340331.0,452.0,0.000337,1,2,225
2025-05-14 17:09:36,83bd04204052c6d56d01581178ab650c9a5d413db175ae3c109e598fd2212b7e,896699,1107111.0,452.0,0.000408,1,2,225
2025-05-14 17:09:36,a29f04acd4801f86917e17caa09be5396ef4c252af81063d180d2d149fe68049,896699,1218629.0,452.0,0.000371,1,2,225
2025-05-14 17:09:36,39440caac9d79ba8466f612f9a8a0eb1a104df6912beca8398def1c695bbd13d,896699,1339515.0,452.0,0.000337,1,2,225
2025-05-14 17:09:36,97185e3243e7405b97fda40df68b90d2b31a0940be0faef72b61d5093e1e2925,896699,1093759.0,452.0,0.000413,1,2,225
2025-05-14 17:09:36,d26835dd32120df0bb8374e25c406255fc4bd885aadf3620b2fc899d10e07019,896699,1037514.0,452.0,0.000436,1,2,225
2025-05-14 17:09:36,f4af222f9bc011c07171608fe7c4d21779b5a4be32a29705b84fdb43a7c0a917,896699,1041452.0,452.0,0.000434,1,2,225
2025-05-14 17:09:36,d989323cb07a738b0ee4eccddbd8d3beb8e936373978cf3841c4e442a182370a,896699,1038581.0,452.0,0.000435,1,2,225
2025-05-14 17:09:36,2095fb102fc1de36d75710fb4355d4d3e91c7bb30783dd72b9c1270c746fa206,896699,1558433.0,452.0,0.00029,1,2,225
2025-05-14 17:09:36,c597755eae631fb050a1729fb2cd22a3f46d12e3ddfcc779915bf5bd4eb23ded,896699,1019878.0,653.0,0.00064,2,2,370
2025-05-14 17:09:36,4025555237cd76b531f7d9f7881dd607ff242e274685af0ceac0b98922198b9e,896699,1031171.0,653.0,0.000633,2,2,370
2025-05-14 17:09:36,8f48b2cd7341c9345244ebac8771c580608455ce0a730e0b05e65f43ecfc2e7b,896699,1375326.0,653.0,0.000475,2,2,370
2025-05-14 17:09:36,e1f5fb0d58b220feb09a8fe15481a35ac4e36f64d7bb5134f93acfe0d43ff171,896699,1050484.0,653.0,0.000622,2,2,370
2025-05-14 17:09:36,3f22f81c4b1441016fe498769cdcb7375d368d4f6fe71910b5a2636997016153,896699,1258088.0,653.0,0.000519,2,2,370
2025-05-14 17:09:36,9fa662da7ac38b7fa3b5371aabc029b90dff32ae9c777b564ad67e8e36a27150,896699,1145546.0,653.0,0.00057,2,2,370
2025-05-14 17:09:36,582ef17d1aa6f9da56fc8ba0b094638233a75449d5bc39395209255da8e28635,896699,2005114.0,653.0,0.000326,2,2,370
2025-05-14 17:09:36,ed440d8206cad26eaaa89f8c3de2e041c17bf1118a65ca43a6a8f1289be463de,896699,1136247.0,876.0,0.000771,3,2,521
2025-05-14 17:09:36,26df4710252423e7cf636f408f6edea94f520198d78990b1104882b9d27125b9,896699,1115531.0,876.0,0.000785,3,2,520
2025-05-14 17:09:36,d0e17f7142a7d455f459a31bddabe9d483169ae521ebc145b2ff61923db12b75,896699,1126440.0,876.0,0.000778,3,2,521
2025-05-14 17:09:36,887dd284a53c906a8301443846a6410f5978fab89362466732e690a864d8a8fb,896699,1947256.0,446.0,0.000229,1,2,223
2025-05-14 17:09:36,e65946b5d5b2d407c5e11024c6709161982a0a39d416929b2243bed7a1960de6,896699,1108614.0,446.0,0.000402,1,2,223
2025-05-14 17:09:36,c7937756ca36d6658cc52c47166429048847afb50e4b8ca14cc2499f5f333ad5,896699,1479186.0,446.0,0.000302,1,2,223
2025-05-14 17:09:36,744b759d991b5573d5116b4fd95dc3ff6af0b6d5cf5b23ee3f89c8337fb78abb,896699,1867587.0,446.0,0.000239,1,2,223
2025-05-14 17:09:36,1f9768f0e2358abf5230b6188d6afe6988b23417b6c4eb3c2c0154f35f7d67ba,896699,1153986.0,446.0,0.000386,1,2,223
2025-05-14 17:09:36,e4d4016254ecf38db554fa4308fa6f60b002fd4c5748b52373aa7aae3a7f468a,896699,1908832.0,446.0,0.000234,1,2,223
2025-05-14 17:09:36,31b84646af4c58ad8c36cab1ad3f87c48ac63fc4a56f2542586d7b47ab558a1f,896699,1069311.0,446.0,0.000417,1,2,223
2025-05-11 02:26:37,4bf1218711d3903981ecd786333000c68e2c9e739e1b4bfab34d930fda62da21,896193,11580116.0,1015.0,8.8e-05,1,2,222
2025-05-11 02:26:37,e7b1c0aa0466526ba195bedd50011b79050821c9ea5e583a25aa5be42b9c816b,896193,11655044.0,1015.0,8.7e-05,1,2,223
2025-05-11 02:26:37,9602d139bb172c88f7ff22ff4e56e495dc0b6f04e903dc705ae21b67d689dc4b,896193,11664020.0,677.0,5.8e-05,1,2,222
2025-05-11 02:26:37,57d31dd3e1549a9d961062686347ae7c4b2b861ee6c2c324d27abf7050d33434,896193,11671942.0,677.0,5.8e-05,1,2,222
2025-05-11 02:26:37,7c3bc74bcfad9e40ecc89388451cf8e14af5b492db5718548538d5ab3502c588,896193,11681491.0,508.0,4.3e-05,1,2,223
2025-05-11 02:26:37,1c7eb935ed69bde37975b3fae22a1885daca0cb3e6ea8abf9a1ded6b3edb8369,896193,138620316.0,8460.0,6.1e-05,9,1,1364
2025-05-11 02:26:37,b106638d42992edb8d3b6d6f19cc7b570fe8a50c1d6985c98163fc511898a2ee,896193,94833.0,1167.0,0.012306,1,1,188
2025-05-11 02:26:37,4c3c16892cea78df66e7e503a3dfd0d70df81e6a16d2ecacbe9802dd8eef48df,896193,20253.0,690.0,0.034069,1,1,162
2025-05-11 02:26:37,0d82b6ee625f0e4fa1e8ac8315844b1cd2b7fe01ac380e7de36f186021e6b9ca,896193,299998600.0,1400.0,5e-06,1,2,225
2025-05-11 02:26:37,bb349eb9cff8aedc56a65b7ee542a6825cbed916715f50ddce06e894c9a242c5,896193,90864.0,636.0,0.006999,1,1,153
2025-05-11 02:26:37,ba837be2e346771f18b7eab160519cded67917098ff316cff48a7a94c031796b,896193,338597.0,636.0,0.001878,1,1,153
2025-05-11 02:26:37,c91ab26956383b4ed6956dbc62101c8c57f237a01368299b9408f0a9d387824d,896193,683374.0,636.0,0.000931,1,1,153
2025-05-11 02:26:37,4a0aef36bfd15f213a1e891fd8ced2d864aa6828a492af5e1df237aec4a6fb43,896193,8900.0,636.0,0.071461,1,1,153
2025-05-11 02:26:37,0299b7d56e0b3aeb6278ce456b054be6027f6b758e5e5982cce074118ce8c215,896193,100905.0,687.0,0.006808,1,1,191
2025-05-11 02:26:37,5fadb57d57211ce004e3fff4759fb8b244fcb14d238a46a40a3b5e17549ac142,896193,367065.0,1548.0,0.004217,3,1,489
2025-05-11 02:26:37,bcc830b783879a42f6ffbfa2a56f08ab9f570b48c074a2a44e3fcc929d0d3e9b,896193,119120.0,1416.0,0.011887,2,1,387
2025-05-11 02:26:37,d1ea8c2be30d6661caa99cb139e701a6e8cd785382aaf4b0945755ca7f00f4a3,896193,182984.0,1570.0,0.00858,1,1,191
2025-05-11 02:26:37,128a8f2e6242ea33e76a7e70a54030d1c7b2c0c82c2ecda111239198da2357f2,896193,328557.0,949.0,0.002888,2,2,372
2025-05-11 02:26:37,3da6650f28e821c5d3d89d5fe459660a9499dd45f8b385b38772e2a4b48cc7a4,896193,5126.0,1517.0,0.295942,1,1,191
2025-05-11 02:26:37,c8ac81b07c6fdcd2f7221b46b163641d907d9f3eef99cf7b7ba51c3eeacf1849,896193,25846.0,914.0,0.035363,3,2,518
2025-05-11 02:26:37,82f4003713b5e14de117120cb6a869346dfff3b17ba0c54067dd2d3776c8dedb,896193,2330804.0,1382.0,0.000593,1,1,192
2025-05-11 02:26:37,c6a201b3cd382d9c934cae800e8f3b7d88be1fb39a2b3bebdfc9aab2d7caafc3,896193,12332186.0,1554.0,0.000126,3,2,519
2025-05-11 02:26:37,c5c61c1c176bed4cdb30ab285488b223218d3affb71c212d14686cdd20f530a5,896193,59767.0,964.0,0.016129,1,2,234
2025-05-11 02:26:37,1abc07898c811df974483a121a98578e83f720b3637a74f30ee7db98174aec9d,896193,181036.0,964.0,0.005325,1,2,234
2025-05-11 02:26:37,b0306504432ac28ce3af8da4b6cc31af84c42dd2d3e73ca837ef2e2b7966b067,896193,1086116.0,964.0,0.000888,1,2,234
2025-05-11 02:26:37,384375c045ad99f042bb427f63f63d37bc441b49992d482791df57301b101b23,896193,255644.0,964.0,0.003771,1,2,235
2025-05-11 02:26:37,34d8a4923cd957527abb749bb3854243b0952a36bec579889b5804eb8c8e97cf,896193,87765.0,1106.0,0.012602,1,1,191
2025-05-11 02:26:37,340233255ca71bbc075df1e4f86bb40a585705a14e32cc12f42fb2033ca971f0,896193,3282487.0,482.0,0.000147,1,2,224
2025-05-11 02:26:37,186a38fd4d392912003a9a808bf8cc8a078293908d813de3dfe0da191a9cfcc4,896193,7703378.0,945.0,0.000123,1,1,192
2025-05-11 02:26:37,0898daea92ed2349607f4d1b030888280829739d5ed72379e63c051a3c4967ed,896193,7848407.0,643.0,8.2e-05,1,2,224
2025-05-11 02:26:37,42adc21d2d62166214cec893346eb8c92ae6e6031034abab05baf4b1e01f6766,896193,42489565.0,1191.0,2.8e-05,1,2,381
2025-05-11 02:26:37,5eeed8b1565d98f7201d953ea9e9f1ab4923a4003d9abc8e0e4c8cb89e606338,896193,816518.0,1266.0,0.00155,1,1,192
2025-05-11 02:26:37,278ee3a4ae35d3fad66a57d877cdbd3e4bf33ec070a379f7140a733b2a3720bb,896193,825692.0,322.0,0.00039,1,2,223
2025-05-11 02:26:37,3ccf16198595132cebb92fd30e4452c17746fa216a1fcb12faa95322833c80a3,896193,101989.0,1336.0,0.013099,2,2,374
2025-05-11 02:26:37,05800fe83d49d24c8ad5319454e82dc3be597ab53d7c443f0682ffb9c2e511f5,896193,8574420.0,1260.0,0.000147,1,1,191
2025-05-11 02:26:37,7b55ff961ebb2120d861d30116ecdc3d4a467c9d90e7e756edad10e6956d7079,896193,9629678.0,322.0,3.3e-05,1,2,223
2025-05-11 02:26:37,d80c6d706ff9c923ff7e434f76d0a9f074060aa93a678d9f15d9775454ce61f3,896193,69865.0,1260.0,0.018035,1,1,192
2025-05-11 02:26:37,3a06adf9241ed7dfbab624f1f267cbf7cee93e3be53d874b0784a92c5c6d1d55,896193,99864.0,322.0,0.003224,1,2,223
2025-05-11 02:26:37,4a9c64a66ca037e9ec9d84defc2fcf11997b1424ec32ac8c83bda907469a77ee,896193,631602.0,1100.0,0.001742,1,1,192
2025-05-11 02:26:37,dff6dcee333f8a49f6cec50031c428e93e87ea2a4d4d707945cd159386528ca3,896193,701455.0,482.0,0.000687,1,2,222
2025-05-11 02:26:37,bbde1df45ccc4ce39cd959edf73c3b5a58d0af0aa9fb8d1c907024ac2c876996,896193,273365.0,1260.0,0.004609,1,1,191
2025-05-11 02:26:37,4feaecade431cb298afad9426336e1af90c49ce7d5d708bf2a95895562cd8c0c,896193,958745.0,322.0,0.000336,1,2,222
2025-05-11 02:26:37,04d61218fff8026fea3f0650333b211cd5d2acb9ff565bef261fe5d8b82e5b7c,896193,384956.0,939.0,0.002439,1,1,191
2025-05-11 02:26:37,83e948e023ff24297eb0b2267e95baa1bd230515c54abba7c51363d633ab691d,896193,429119.0,643.0,0.001498,1,2,223
2025-05-11 02:26:37,3299f78e36d4c4c90d443c69582be0dd6f8530c975e8a26a7aa2969a63ab2fbe,896193,874045.0,1119.0,0.00128,1,1,191
2025-05-11 02:26:37,93e6351b06ceaca5d9cc726924e1ec0e77501a39982708d9208e828fa8ab93d9,896193,881464.0,482.0,0.000547,1,2,226
2025-05-11 02:26:37,c800ad778a704eca55ceb089e7bb7e13e32681bb9fbf59d2b19f282e1a9ec95f,896193,422655.0,1393.0,0.003296,2,2,384
2025-05-11 02:26:37,79c581da0d90720206548d09eb71bedaf953a091555a15b4ecbe2fc3562ad623,896193,22909975.0,1393.0,6.1e-05,2,2,383
2025-05-11 02:26:37,ab609de538e90938987d50fc5e06a33e42d3a19a6600a29f99a8d11f131ea8e2,896193,38110.0,769.0,0.020178,1,1,203
2025-05-11 02:26:37,4ee775cb06722a1e9d0bb25bae62f7b61f8b8ae034c55f2ac4a6bc387f18a9ca,896193,948973.0,889.0,0.000937,1,2,223
2025-05-11 02:26:37,25db4dda518295087bffa3955c3a947e384fb3295c7996e67becd99aad381ead,896193,3747579.0,1356.0,0.000362,3,1,365
2025-05-11 02:26:37,1f82603b98d1cd131a76a28422584c88156c992a6332a8c58d01cb7092e3cf0c,896193,51248.0,1155.0,0.022537,1,2,348
2025-05-11 02:26:37,b9c19e2a32af353cecfa13cd978e4050d9f9bb7f7f75b8ed166fb4180f4fbb3e,896193,93947.0,874.0,0.009303,1,1,191
2025-05-11 02:26:37,dd359e259eefa644f0865c3b2e9b4e97a722a51475aa9f2b2e36ef73d45d5b0d,896193,27078089.0,17728.0,0.000655,1,1,191
2025-05-11 02:26:37,8c0c8a509c67b2f991a1ddb38b530e1554556ad1f69b865026900e21b141de05,896193,32960.0,24709.0,0.749666,1,2,223
2025-05-11 02:26:37,d8dd31684051e46cc15bf3f5c6815536991e68ac8f8c4d76b60836651c08b682,896193,49965523.0,11183.0,0.000224,2,168,5706
2025-05-11 02:26:37,9ffbdb5fb0950921410fa6cb68efe128aa46559b96da79faede897db7278c81e,896193,4454.0,1086.0,0.243826,1,3,253
2025-05-11 02:26:37,dbf2990f751658b549f60fa6c699407291ca958c223f5fbe6aaaafa3005f2003,896193,387886.0,1086.0,0.0028,1,3,254
2025-05-11 02:26:37,dc1f999c7c1f926c30db695997771a5794ae9f40c5c1db0495c19c4a448944e3,896193,84459.0,1206.0,0.014279,1,1,191
2025-05-11 02:26:37,a78cfb116b29cd4115f126cfd26908bd40e3451d659e2c8de4762cc833a04bda,896193,23530711.0,1639.0,7e-05,1,1,191
2025-05-11 02:26:37,aa077687bc95df1c5449023fdaec60f0fccbbcfc83d745353386431e6bc3b821,896193,22225.0,14270.0,0.64207,2,1,340
2025-05-11 02:26:37,ec183ab2f2ad42c3137375e8cf8883032ee640c02a503e7bee96e41e04c2988a,896193,48678568.0,26814.0,0.000551,2,162,5517
2025-05-11 02:26:37,bebc278da8b54360bdfb74e455fd5a2fec6f509577b41f8f8d20c8e5f2aa7445,896193,28517113.0,1464.0,5.1e-05,1,1,191
2025-05-11 02:26:37,93f6d605903df3a9b908f7b5970a78dccf4688c7a4472366111a23cff8964f77,896193,644107.0,6919.0,0.010742,1,1,192
2025-05-11 02:26:37,2004904e5cd766cb9b061d25be123ce3b0d4409029606e601105887752bc7960,896193,48954534.0,22326.0,0.000456,2,136,4682
2025-05-11 02:26:37,73e864b3417dfdf192069ff56c35f5e23c7c7e2c07783eb984b8835fb5a8a1a7,896193,119166.0,1840.0,0.015441,2,2,374
2025-05-11 02:26:37,a6c51564a165268fe105a34eb86d112cfd507f8347103485075f61ad8942e765,896193,3122961.0,12413.0,0.003975,2,2,371
2025-05-11 02:26:37,07bd9d414f21ea6225f8419806350de118ead0feda28800b911358e9fc3cf35f,896193,104998373.0,1627.0,1.5e-05,1,35,1313
2025-05-11 02:26:37,f28de3bd7e93a4d4eaf0b06b31c8d07c9458515f7e0f1ef6661a58ec1bdaf550,896193,183988153.0,1295.0,7e-06,1,28,1063
2025-05-11 02:26:37,e4a8bd5c271dd1dca60a88b36d6493d3196ee6033ec71962c32c5d82c36a2a5f,896193,1507284.0,1197.0,0.000794,2,1,351
2025-05-11 02:26:37,8354df8da91dd1e0776aa9790f6afcabe9633db943ee15fdec915df62f8a125e,896193,853280.0,3472.0,0.004069,7,2,1112
2025-05-11 02:26:37,02bb1ddb33c104182af108aff9510664f5e498b4ae70977d37c82a3258e34759,896193,4057814.0,1184.0,0.000292,1,2,223
2025-05-11 02:26:37,8b150b46c88466a6acd51e1c5047d2c4482c1299ffd683cadb24780f98c88b86,896193,4102022.0,1015.0,0.000247,1,2,222
2025-05-11 02:26:37,bd2924cd6184dc32a28a3ba1fdd4e7ae6741fb0e3a87307858caa6bc456b3a80,896193,4109959.0,1015.0,0.000247,1,2,223
2025-05-11 02:26:37,930ed89202fa1bdcd7b649a7bbbdb5f8cd318007285b28f40b4717b03b885a7d,896193,4119873.0,1015.0,0.000246,1,2,222
2025-05-11 02:26:37,85ee019058705415b5b9ab7ee18b786ce91517406e9705ccbaa01a9ed3ddc22f,896193,4166880.0,1015.0,0.000244,1,2,223
2025-05-11 02:26:37,347029ca1e09f5031956f0ec5e3045934153ca8c5b3ce29903666c2152a20108,896193,4193475.0,1015.0,0.000242,1,2,222
2025-05-11 02:26:37,9291f2e510d75f092f24ea8eb5bcce2c2f18ff65bcec1b86ef86beb074fe9343,896193,4240468.0,677.0,0.00016,1,2,223
2025-05-11 02:26:37,04660372c873a7a7c43c6f8f779e248bdc88d4b4fd1d6192b0fde0ab836fa590,896193,4309285.0,677.0,0.000157,1,2,222
2025-05-11 02:26:37,8ec722818e402b331fc87799805bd23405afaa692af09180408b7fcc201b86e5,896193,4319579.0,734.0,0.00017,1,2,235
2025-05-11 02:26:37,c664220150b8154a6b849857fa54cb5e6d297b80faf47f078df30834ba7060c8,896193,4419641.0,677.0,0.000153,1,2,222
2025-05-11 02:26:37,647b61d4a9a55d48b1a5b22622424e27f386258dd96ee2e6cf962b62b51acb5a,896193,61473.0,1201.0,0.019537,1,1,189
2025-05-11 02:26:37,7e5b360c020679d8744a11d49d59e11bd6eeb4b0814074a5d3c058485fb936ce,896193,90492.0,1412.0,0.015604,1,2,222
2025-05-11 02:26:37,20e8658deb5c0fdccd9b7569bbe9bdde97872e5502404b5f0e46b4ff64cac55d,896193,34634.0,916.0,0.026448,1,2,225
2025-05-11 02:26:37,581836412b96d974d1434fa82b96645ff30242c6a88ee759936a8c6ca9d4a3a0,896193,1818013.0,2280.0,0.001254,1,4,358
2025-05-11 02:26:37,91a0f56fb9005c88a4d58bc63dce35baf67f89fe9ba3b91f65c893b99a5e01cd,896193,11017616.0,924.0,8.4e-05,1,2,196
2025-05-11 02:26:37,f09e7333223f8b4a0df3e0a0033de94eec66af4aac88a07decccbc7793de2bfe,896193,2145802.0,3180.0,0.001482,4,6,699
2025-05-11 02:26:37,823b446a944129e0d5cda3f93b53dbc2fa7ea8209f20e6d6db7b074382ee7ecb,896193,202566.0,3180.0,0.015699,4,6,699
2025-05-11 02:26:37,cca7a267507bda00ff81e71bd7bbd9e133a07a7c9de1f6cb65f5b674bea6e9b5,896193,811413.0,3180.0,0.003919,4,6,699
2025-05-11 02:26:37,8de7b97cb14116189223ce752e9fb322891155ab52fe3f6c3c67599d5b1e5f9d,896193,229714.0,3180.0,0.013843,4,6,699
2025-05-11 02:26:37,f9cc6b046621a15d34a1104e63d8d67f7dae3a0383891e1098f0cd4314d75063,896193,764948.0,3180.0,0.004157,4,6,699
2025-05-11 02:26:37,feb200be5d4dd67c68847bb41fed76f3e48e1716bb6921ed41039ebe3324e851,896193,48596882.0,3180.0,6.5e-05,4,6,699
2025-05-11 02:26:37,cfe808fa60493a58c342e4338350ced6deb3ae74702bb3516daba27634aae550,896193,225806.0,3180.0,0.014083,4,6,699
2025-05-11 02:26:37,9837bda5b77e279292787650cca28fec5eda0b2a5c574b66eb5a20be97bf9219,896193,76401.0,3180.0,0.041622,4,6,699
2025-05-11 02:26:37,dd07c52ca8aedba0b251528494f7c41b44bb9130dbd3f286a956834102bd56ad,896193,622877.0,5227.0,0.008392,1,2,223
2025-05-11 02:26:37,139f21b5f8af91929bf5acbf846669e8b2bfe7f299ebe3184bd941496e592ea8,896193,169833645.0,1130.0,7e-06,1,24,938
2025-05-11 02:26:37,dde87778c7256ea37d091048af501490d32ee6b22f4f43437ee769ea4122a4f5,896193,85664.0,5187.0,0.060551,1,1,191
2025-05-11 02:26:37,94e5321adb63fda8b05aa099c095a229e87d1747ad1e7d46616fc5528cfb0e06,896193,190322753.0,1171.0,6e-06,1,24,969
2025-05-11 02:26:37,bee153f9b77fbea4bf6c88fecdba86fcc4a57ddaac1777865b0613a78a56009a,896193,21015.0,900.0,0.042827,1,2,223
2025-05-11 02:26:37,dc615c81f16b49c1b722346624323743cacc042dea9359e0a563b27f808ef012,896193,192848.0,3472.0,0.018004,3,1,490
2025-05-12 03:27:37,95e7814dec4e462d9c3807add6cb08e1063bb95f178db26b488459561f527047,896352,68782151.0,305.0,4e-06,1,2,222
2025-05-12 03:27:37,3a634ea3e2ac18e9e2b6e118bddc1919b688992efb04ff0afe48759cca3eb202,896352,81020.0,300.0,0.003703,1,3,269
2025-05-12 03:27:37,da9486e10fcc644745737030964c79ef1c3c0a9db232b377f5e5f9012f91d896,896352,81650.0,300.0,0.003674,1,3,269
2025-05-12 03:27:37,4d7a552ece3cebda79d3f3b10277ba991c3f5ab371afcff45f247b365f5b8b94,896352,82280.0,300.0,0.003646,1,3,269
2025-05-12 03:27:37,6024162211cb8e4ede883240f040309256ec573c1fb1098376e5b63d716133f6,896352,82910.0,300.0,0.003618,1,3,269
2025-05-12 03:27:37,55bcd0e7b5405920687c6891659098dd11dccb98853dff29e55dea13d2c7872e,896352,83540.0,300.0,0.003591,1,3,269
2025-05-12 03:27:37,7e303149d9e31456e3a9bd7bb4142a1fe12cf8431269fd7145e02f58a6e769a6,896352,84170.0,300.0,0.003564,1,3,269
2025-05-12 03:27:37,b5e835650adfe8d9f70112bda98fc70d3809b63ea294fd54a854a56d52cd9bda,896352,84800.0,300.0,0.003538,1,3,269
2025-05-12 03:27:37,675a3e9c70717dae5f574a8483950912401ac4259c93b600b224a7d55adceb90,896352,9914653.0,280.0,2.8e-05,1,4,284
2025-05-12 03:27:37,9231a7b42dfd9cf915f08b16aa39377a41dd1536a793ad0f2f1d31fc46da8331,896352,274819.0,489.0,0.001779,4,1,759
2025-05-12 03:27:37,d7d6d06e7b572c614d9a0fbab1ab0b7a68261552318fa968bf511c387cb62486,896352,10212760020.0,154.0,0.0,1,1,193
2025-05-12 03:27:37,c14c1ef3f92b36cba083c466ee18f86a3d0fe868c740eeacdd1aa6705321bcc9,896352,485800.0,200.0,0.000412,1,2,225
2025-05-12 03:27:37,cb495a18513adf75f9a9e4a020693c49a26bbf5517fa3463555bc0da70dccb48,896352,39425000.0,200.0,5e-06,1,2,225
2025-05-12 03:27:37,ffec4438f68bf556537078157214612e965f652e78c48bd69723ed6ec26a008d,896352,66251.0,303.0,0.004574,1,3,300
2025-05-12 03:27:37,13551fd87d903af4bd4dd29a567ed44615166b2efdb4c93e6bfc3030b5a03274,896352,14218.0,244.0,0.017161,1,1,204
2025-05-12 03:27:37,1197c4b82ac80f69f444965541f6cd359c4fd7604957ff3e925b96dc27788448,896352,25366163.0,1055.0,4.2e-05,1,22,881
2025-05-12 03:27:37,b216d92c8edd2d27b321914291ec8fa37243d558023b102c866921d811d80315,896352,11200.0,210.0,0.01875,1,1,192
2025-05-12 03:27:37,d0de321854ffaf6f108b1f6234b28b0a62bfa460a7a809fe6dd6104146a59060,896352,26695.0,146.0,0.005469,1,2,222
2025-05-12 03:27:37,058acaedaddad91a1f0a794d715233d8af509f1d4474d2edd3655c9b06f058e7,896352,1853144.0,609.0,0.000329,1,11,512
2025-05-12 03:27:37,5b2a241a9a4a08daa192c06b804578962a5be9d3574f3b884191575a611cafc2,896352,39800.0,200.0,0.005025,1,2,222
2025-05-12 03:27:37,d72e303a36807992e33e5cf3a5ee7d312e1a7a7532899d3945188f6724043f23,896352,1284629900.0,200.0,0.0,1,2,222
2025-05-12 03:27:37,4a016a01e61e2d378bdae1a081ba5d3ce89cd27c72d054fc5544de3eaa7a7aab,896352,1926595.0,695.0,0.000361,3,7,759
2025-05-12 03:27:37,6c5bd26945d5b126f2d3ce48f1da7c04e5e089b63241cdd3a5ba319292978ab8,896352,57916764.0,1029.0,1.8e-05,4,10,1100
2025-05-12 03:27:37,648e80bfb2fd55f60994868361ec8eec5b6456f9c9b3525bfd9ae3ef7f2f9f04,896352,72666.0,451.0,0.006206,4,2,518
2025-05-12 03:27:37,181d2223ea90ea045efe974f10524fa95ef176fbd77a8fe4d3b724a4f385d90e,896352,990273.0,206.0,0.000208,1,2,195
2025-05-12 03:27:37,68d6b39833f590eb74d382137ee255cfbf1be28614f60e23e32de70ccdba6226,896352,19246.0,262.0,0.013613,1,1,405
2025-05-12 03:27:37,1e5107e61a1b1fdac65f65a44f7a951df09ce7d5a7d69b46cb864543b585b266,896352,951305.0,203.0,0.000213,1,2,234
2025-05-12 03:27:37,e528944040f90472dc7d5bbdc0c1583f13e7f7d7776ed18952c1905f724beed9,896352,14203.0,162.0,0.011406,1,1,195
2025-05-12 03:27:37,e5b3e5f9aa9bd915caa1afb537c181f8887d6f726d892c2aac9198610bf13fb3,896352,415200.0,158.0,0.000381,1,1,191
2025-05-12 03:27:37,468e5b593211a5594f8e88d317ed20ad4871d6a7f8abd400fe57aa4f9b7b1f03,896352,313358.0,295.0,0.000941,1,3,287
2025-05-12 03:27:37,6e1cd4a787dee0e7a80d03914c586866e9f3aa7ba4519545f5d76343ae6e687b,896352,95000.0,452.0,0.004758,4,1,636
2025-05-12 03:27:37,7706ff798b9fa740e1dc4507856c8a5df0b62ce5e0a6eb2c8b91ed1754d15feb,896352,138430030.0,203.0,1e-06,1,2,222
2025-05-12 03:27:37,57c7d6da18f53902d351e425c1da14fd0b3d7eecd0716e3a890f9a09ffb80998,896352,16183031.0,203.0,1.3e-05,1,2,222
2025-05-12 03:27:37,66181ec4977a7b90e3a174849c6db2d501c5fb44f7643793688b454f30e26eb9,896352,24163606.0,766.0,3.2e-05,1,1,191
2025-05-12 03:27:37,d2d6c494c744f6efc5c19e01c51812715192d6269434375fc630f23e7e50f714,896352,41395229.0,3775.0,9.1e-05,1,91,3118
2025-05-12 03:27:37,745bb5414d804ddb5924eb0298fee0072bfe0ca75f583151f78541d44a78c8d3,896352,217300.0,373.0,0.001717,3,2,410
2025-05-12 03:27:37,0572df288468f7fcaa97af643614594d614b67a524d366bbd49781413932e3e4,896352,1340139.0,304.0,0.000227,2,2,371
2025-05-12 03:27:37,109839a696e7943206705c9edfb997f4c0fd8462b3212f0396bd90cc4619591b,896352,232121.0,304.0,0.00131,2,2,370
2025-05-12 03:27:37,747342538f3c5008cf3d59f54add6877cdeddf0fe7c25c067f46f84d98d2aa3d,896352,1232000.0,248.0,0.000201,2,1,269
2025-05-12 03:27:37,cb2ab65428a5fc30cce4ef653ef9b0887241bb178866a6c8a96385e7dd5e7d4c,896352,1303113.0,210.0,0.000161,1,2,222
2025-05-12 03:27:37,9c8ddf7e9790391598d490ac16d51ca8befa931365db8738bcb2145cbada0833,896352,5089.0,257.0,0.050501,1,1,405
2025-05-12 03:27:37,3ac437e976a0dcb780c304b3df79e6e04474c26a4c46e4d06233d2fe4157f239,896352,179161.0,420.0,0.002344,2,2,373
2025-05-12 03:27:37,95f3c20c49c29489340c025fc35dd31b7496a15858bd43b7748a63deaca74f86,896352,34172643.0,1683.0,4.9e-05,1,1,191
2025-05-12 03:27:37,b5b03c3c2dee0e50a9e543e73629cb71791bbc0267b657e8c67b690c8a2069d4,896352,294745270.0,4202.0,1.4e-05,1,117,3895
2025-05-12 03:27:37,a5ab699a9a46d9d7015e289037bdf1391b74c9c54bf14856cca0920f161b3841,896352,34117862.0,1789.0,5.2e-05,1,1,191
2025-05-12 03:27:37,78aea77ee43c76584b473944fb2c28139c4916c16e3d6c73a63a3fe9656f4067,896352,294744977.0,4495.0,1.5e-05,1,123,4161
2025-05-12 03:27:37,0afa75e9b452bcfbe5f281d189c4cf04fec7362863238dc3f544748ec8b3c424,896352,34324010.0,1854.0,5.4e-05,1,1,191
2025-05-12 03:27:37,3b542b6add7efc12fad8895e7f3b970c27c0fc2e262be44681becf0cef700edf,896352,294744803.0,4673.0,1.6e-05,1,128,4323
2025-05-12 03:27:37,01497c353abae196d1c4e8dc2d18fda4647e8a1e2d71d978fd51da5380951cd2,896352,35200338.0,1581.0,4.5e-05,1,1,191
2025-05-12 03:27:37,51117073e15b8d48d34f6b6ee0195a5b875a8236b5f7d563cd4f6d729cb86f31,896352,294745550.0,3922.0,1.3e-05,1,109,3640
2025-05-12 03:27:37,87fd901bb58409f5365fcfe84e6d36ef43e4cc97f93223293835556eae5c53bc,896352,34087008.0,1815.0,5.3e-05,1,1,191
2025-05-12 03:27:37,9c5deefd7b3dedebbe3ef0ee8c2a67590c00a55de11fde73988f4846b9b51aa8,896352,294744908.0,4564.0,1.5e-05,1,127,4224
2025-05-12 03:27:37,e31ed9213053f3e5bcd503bf3544443001ced7a0e8729de1c5b475cc2e78ac18,896352,8438388526.0,217.0,0.0,1,2,193
2025-05-12 03:27:37,5c3fd561e4d1aebd1d5b0d8e9c46348fc0407cdbeb2df23a9cb894405d756562,896352,8438667483.0,217.0,0.0,1,2,193
2025-05-12 03:27:37,f3b49ef85c9f9e1f172d3eb220a7128d66f5e6720aa8363ce97234f519891c45,896352,8443601526.0,217.0,0.0,1,2,193
2025-05-12 03:27:37,9d350d455a09a4975ea771d11706f40dc2249dc207ba748620e006508ad2c66a,896352,8447727915.0,217.0,0.0,1,2,193
2025-05-12 03:27:37,1703b94abf774dbc816b96ec07057a0f251c21633edddd43f6651736fd6d6ea8,896352,8447786537.0,313.0,0.0,2,2,374
2025-05-12 03:27:37,779d125385abcde44446e6f12975f83e32e1d72c7f94b8fce379aae5d2623336,896352,24183.0,218.0,0.009015,1,2,195
2025-05-12 03:27:37,727ddb1e946c82bd8b7b51cc50748afcc87b2bae9e73e380db0561f4babf8956,896352,3195844.0,601.0,0.000188,3,5,666
2025-05-12 03:27:37,4d028a1094ade5a5facb79abc8428e109590f5e315274df80ab62f8de6e2e97f,896352,279943.0,167.0,0.000597,1,1,191
2025-05-12 03:27:37,d8e1e57b21181ce2959b21e09bb81e2c556b5d4434a20076ec2c9bdaa9610586,896352,400000.0,1208.0,0.00302,13,1,1437
2025-05-12 03:27:37,49707000b13435728460731356a0850c464300f04a8f3a1247fb0e72fa756d24,896352,903847.0,234.0,0.000259,1,2,234
2025-05-12 03:27:37,360e778c62ede44571842936a512c9e32db27090a57dc9b8d19f6e573065ed2a,896352,57305510.0,216.0,4e-06,1,2,223
2025-05-12 03:27:37,141d41492bd1eaffcc75ea35eff176e1e7b777297c2b0e4901e4a42d5a7696d5,896352,689064.0,236.0,0.000342,1,2,234
2025-05-12 03:27:37,49e26a8aab64627845a4e460d0c9c2dac596278fd35b358548e58565b31eed69,896352,811000.0,335.0,0.000413,3,1,367
2025-05-12 03:27:37,b7d72599fe19337825b27cd5429b5facafcf08cbd89b1e461ff945f0fb50c5b0,896352,758051.0,326.0,0.00043,2,2,372
2025-05-12 03:27:37,6912a1794d389b9c080cd6bd52f7e6538ce537600ffae54df69902f0c3e45a50,896352,2613387.0,678.0,0.000259,4,4,759
2025-05-12 03:27:37,de6d956685d92afde897d61d54d30794e25f4931c98d7ee3331c28d0c506200f,896352,1134366.0,866.0,0.000763,5,5,960
2025-05-12 03:27:37,71a47f4905c7a2ee63e1147d6b3ebb1e349f437539c63e5255f2645d5492400c,896352,173580.0,327.0,0.001884,2,2,370
2025-05-12 03:27:37,37d277c96f7b280ed0fa3331ef96dac70c50099c3ac624a6951e4c90ff0b540c,896352,69263435.0,326.0,5e-06,1,4,288
2025-05-12 03:27:37,12e6fbe0c24c50fba3fae415f70be446aa2fd1ea24ccda1e8adc7e6e25315a00,896352,19304.0,276.0,0.014298,1,1,406
2025-05-12 03:27:37,6830c5413d7ff2a00e1a693a8dd16af2e000f2a77668c5804d4aea0f9344c849,896352,663089.0,242.0,0.000365,1,2,234
2025-05-12 03:27:37,e4a8915ba65334dfa7bc6fc5061e1e11a8aa3baa32d95e179045ff62879f3c5f,896352,26517045.0,828.0,3.1e-05,1,12,707
2025-05-12 03:27:37,ecd298ac416be7c9cd1cf8557c1a4287605f469c5c35e8fb888f83a7775862ac,896352,89701728.0,458.0,5e-06,1,5,476
2025-05-12 03:27:37,dcf226ba8db76759c0055b5ffbc49b93c307355c4cb24e806b3103506148635f,896352,93146839.0,410.0,4e-06,1,4,447
2025-05-12 03:27:37,79f3dc40226ab3de1e01b6c6c0d472b5434a103608a5704d7ff99526b741f113,896352,2516991.0,640.0,0.000254,3,2,970
2025-05-12 03:27:37,121f1b8d4e671c7ad189440aa2fc598e687607bb176ba67d2c75b3b7158babca,896352,252877.0,4718.0,0.018657,20,4,6725
2025-05-12 03:27:37,5312cd9ea35d8771df7b702e1568c5cd03721cf625e1a6fdeb69b81113729229,896352,1488115.0,407.0,0.000274,1,4,445
2025-05-12 03:27:37,48021ecafb3960e29ddcfcf1565855be7eb3c9336cabc76553368d8d6f5725f1,896352,1442187825.0,309.0,0.0,1,2,384
2025-05-12 03:27:37,9913b2a7a749ad916b284d88bc8243095866a20f1291aa9ce254dd70187c9ae3,896352,70194809.0,309.0,4e-06,1,2,383
2025-05-12 03:27:37,a0c91de59715823f485eda2885d32a5caef20a4d49e9b1d9b7e1de6d1b6b4c79,896352,921471.0,227.0,0.000246,1,2,223
2025-05-12 03:27:37,3f49aecd81a8ba1f5fa0f2a16442604e8c164c562adb4baf31b9df95d3ef83b6,896352,11568577.0,533.0,4.6e-05,2,2,712
2025-05-12 03:27:37,4373e1532491604960969ccc8fde76224ae29bb46cc1d011183155613d729800,896352,13043828.0,306.0,2.3e-05,1,2,381
2025-05-12 03:27:37,8148379ab6e8c68e8d530b869768fc9815184b0b7f151f4aa10aaf6d94cf03de,896352,3099999676.0,324.0,0.0,1,2,393
2025-05-12 03:27:37,f73307558567f5f8ff7a1ea7f1e7484a675179525ba278860fd62d54b422aedb,896352,3592347.0,305.0,8.5e-05,1,2,380
2025-05-12 03:27:37,9e289902f075068460146cab53fc733f55ba49310646f08f077e1836e2ef8142,896352,1962953.0,305.0,0.000155,1,2,380
2025-05-12 03:27:37,85a59f7445969910b46ca288c8291c3ee5e52a28652c74e88ceda3dd6599ba3c,896352,1608793.0,305.0,0.00019,1,2,380
2025-05-12 03:27:37,9ca018be85507d1f99b846fa44c242524bf0c969e8ec03a693ee6a67f0400b0f,896352,286825.0,305.0,0.001063,1,2,380
2025-05-12 03:27:37,f0d5ceedfb2b3ad03634bf47178a3cbdfc232cb435293ad0ad09bbd0e8246504,896352,9240940.0,305.0,3.3e-05,1,2,381
2025-05-12 03:27:37,b0a74b1967e43966d8563a762a4f95cc8ad0cab5e27ac73a9c047255fb482b69,896352,12800.0,200.0,0.015625,1,1,192
2025-05-12 03:27:37,c620abd95f29b6beebeb1651ca9cf582cc75f05eb26ff964a9fa119de69c1cfe,896352,42454.0,546.0,0.012861,1,1,193
2025-05-12 03:27:37,dfedfca57b2b291eb47ff9c741ea5d5bb2248b0549e43952630c3f0ec10972eb,896352,177265.0,864.0,0.004874,3,2,530
2025-05-12 03:27:37,cee78a1f85ce0c54bf44701eb9a52a6ca61776b979097a7d6a955915b6ef91fa,896352,77657970.0,1046.0,1.3e-05,1,25,953
2025-05-12 03:27:37,5f2e9f0dcd0a2e800d0ecfed3322649fbc329781edbbaafca93776dbfe71a345,896352,62800.0,200.0,0.003185,1,1,202
2025-05-12 03:27:37,cbc8c1db7a918bf68b78530c3a7b0db33c9bedce57003da49e5d255fae734022,896352,2500.0,346.0,0.1384,1,1,406
2025-05-12 03:27:37,8a69c78f2b6d2fd7dbfaad909c1555aa4c0d6226aaa776e8139092adf502c27e,896352,1022726.0,194.0,0.00019,1,2,234
2025-05-12 03:27:37,0c865154ebc0b1608c1cd717d15130965735d66ca21d5966eeb3c7261467ae84,896352,9684506.0,307.0,3.2e-05,1,2,350
2025-05-12 03:27:37,005fcd4c24bb14d0e70d4e0d03aa273dfc47d6e1233f174c8a2de8fe9567c7af,896352,18884.0,316.0,0.016734,1,1,189
2025-05-12 03:27:37,f5fe6c9942c285f8246669283950a81c6fbdb9f1f48b8cdade1a78691584c3ef,896352,1715650.0,242.0,0.000141,1,2,225
2025-05-12 03:27:37,0a7c0fdcc0ca78e76fcb1832d98851a20b30f9d701823aee279acfad6e277192,896352,1077836.0,242.0,0.000225,1,2,225
2025-05-13 04:15:14,ec1f438d291b56d265fc4af59ee73a5f2ea5d8944a00ee24c8a7e968b0a630e6,896496,2857204.0,2500.0,0.000875,10,15,1731
2025-05-13 04:15:14,4116192d0cd9e999529c0fa01ddbfb3f0e8db40d87eb6e1445a7ba8836a002a8,896496,184259.0,248.0,0.001346,1,1,204
2025-05-13 04:15:14,4adeb86f8f84f707f92b679a6e04ec194ccb90d684aa7bcaf4537f7e0afe5b8e,896496,517817183.0,61224.0,0.000118,329,1,56187
2025-05-13 04:15:14,df3b20e45cd9df89bf818438897c81d9f04ebd227461a255633fecf743e1ff5a,896496,494729.0,336.0,0.000679,1,2,245
2025-05-13 04:15:14,8bc41f84e99b58bacf32723254b01cf5629e935517c625d43f8d6e07b01fd9a4,896496,35281406.0,2914.0,8.3e-05,13,15,2052
2025-05-13 04:15:14,919d37d0f2f3b5c8e231aed17b705e391f7e94faabe2e3b9783a829053f59a1b,896496,493549.0,212.0,0.00043,1,1,153
2025-05-13 04:15:14,d68521ba542eeed1a886dffdd03f9cd52711792ce562cce72781d9e51e2833e6,896496,31791.0,209.0,0.006574,1,1,151
2025-05-13 04:15:14,03e8214f274d30f7d2a2196bad15eceea45fc7293f1abb2e92c7926d97899bb8,896496,330.0,321.0,0.972727,1,1,329
2025-05-13 04:15:14,d70ff0918fb29257d085dfc4ed2ed623bebe9917f67af21b59dcfaffdde48525,896496,62142.0,465.0,0.007483,2,2,384
2025-05-13 04:15:14,6f8ba5fe136d992f1ea9fb58424ffa7bfad14b5f85dce74255e8b64f5983fd00,896496,2772405.0,544.0,0.000196,3,1,501
2025-05-13 04:15:14,6c3bd50853d2e08e8826e2075bff36f57f6808f7062791ae2a86b4bbb4eb96cb,896496,344257.0,1100.0,0.003195,3,2,517
2025-05-13 04:15:14,4bf34370d7438751efd083f4b052efd1b4cf6d60fac205f7f777ade801888700,896496,160259793.0,760.0,5e-06,1,4,357
2025-05-13 04:15:14,ebbf9b29bd01ce074ab439064a18dbefb3b8fc89ffa34a7258e07d8f89ada76e,896496,3345228239.0,302.0,0.0,1,2,222
2025-05-13 04:15:14,9e2f3a8645cc737fc1d71a2bebfab081763dbdfe88bb33d1bede0b7814287f50,896496,22763344.0,504.0,2.2e-05,1,2,235
2025-05-13 04:15:14,f3caafdf0cfd92fd7f944e0b0ad5d569bdbdddbf8b0e7a3bd10c7d5fd99d1f48,896496,872268.0,1118.0,0.001282,7,1,1083
2025-05-13 04:15:14,2717b9bb7c50f740bdd4f6dde016de34b9738b2ba27079c4c0f61ff92a18c96e,896496,12984789.0,973.0,7.5e-05,6,1,934
2025-05-13 04:15:14,f022f6be67020bcdf6e7a67387dc1a5130a9938ca2ad565613afff70152cc9b9,896496,4959144.0,305.0,6.2e-05,1,2,223
2025-05-13 04:15:14,ba73dd2d7fa067d8c2e686771d4966da982b3713c53ec0eef638cc7160520054,896496,180545846.0,312.0,2e-06,1,2,226
2025-05-13 04:15:14,d434892555cd7064a1391d4102e6e5afe9ee8c23cba3cd68ad8b7267305221a3,896496,53772.0,802.0,0.014915,2,2,370
2025-05-13 04:15:14,395f561e7251f73b2e12076b61fa639ed7d801dd440966958cbca1dcae82e83f,896496,4260869.0,895.0,0.00021,5,2,816
2025-05-13 04:15:14,e126c4d4d83f982d5bc5591ab6b66f5f3a467dd28dfcbb24f10d43e27100a08c,896496,66861.0,387.0,0.005788,2,1,339
2025-05-13 04:15:14,298b7ffc07c71361c8dc946cd939597fbefb9720d187615eb91f55a1d5973576,896496,29761.0,488.0,0.016397,1,2,223
2025-05-13 04:15:14,22f30ed43f681c33ff7b4e4e5c8c7c4fb292ea439f10434474e14b2bffd67500,896496,42885.0,488.0,0.011379,1,2,222
2025-05-13 04:15:14,e99c1713726c4d6f109b8b7200ce18dbb19aa10cfb4f8abafce3938b8a2a0a26,896496,1423012.0,1064.0,0.000748,3,1,484
2025-05-13 04:15:14,3bd9f1aa2e0168a4f33732d0c23b239e6bbab2daba475e1cdbea28f75e544c3c,896496,931980.0,399.0,0.000428,2,1,344
2025-05-13 04:15:14,4551b90e2805c65b16c3068a4838c651abcd912688f15afe4ff6bc481e3afa14,896496,2687371.0,399.0,0.000148,2,1,343
2025-05-13 04:15:14,f55af5eee72fe7ee867ca86300620c0b2b08035f88571f6967f0b7452c7fd32d,896496,4565272.0,627.0,0.000137,1,2,222
2025-05-13 04:15:14,c1e6ab64ea94ca2e0ada0f29d093d5718889335e5c1e04a18d80fbab1dcd9849,896496,7553044.0,418.0,5.5e-05,1,2,222
2025-05-13 04:15:14,cac10590a600da5a597b6a61b96a77492f7fe8047d9416939b02a3b45e6f948f,896496,7651662.0,418.0,5.5e-05,1,2,222
2025-05-13 04:15:14,fc647a286c17311b39481ffcb078b2945bca00bf725aa9ce82e9285d19de74d5,896496,9620008.0,209.0,2.2e-05,1,2,222
2025-05-13 04:15:14,2677030cbf89e96a5e09cd3e2121bed0bc66d27a178a7cf455de525fd87675bb,896496,10111217.0,211.0,2.1e-05,1,2,223
2025-05-13 04:15:14,10129de730489ed32ad47fa1a72e5378b7898ececb74eb7f85bb91e57d9761a0,896496,12566428.0,338.0,2.7e-05,2,2,370
2025-05-13 04:15:14,0f00a2873419d663542a81b092e6061b42ce4378cae651b9b5249856d666c698,896496,2336293.0,211.0,9e-05,1,2,223
2025-05-13 04:15:14,f9b034c191322e0a86cd90612d10691b66c21dbf8f0c8730eaeafc36559f6d45,896496,2729304.0,209.0,7.7e-05,1,2,222
2025-05-13 04:15:14,a39df805c46e9f9f379ef02e031e2a7da0659a7322f0fc90923fe6e66dae3416,896496,62182.0,488.0,0.007848,1,2,221
2025-05-13 04:15:14,3eb5f25c78bf21d1e66b832404ad44c7d0a4349949ee6fa34323c01682667a14,896496,255897.0,221.0,0.000864,1,1,151
2025-05-13 04:15:14,65c8b055f8fe88220007fe00d28582cece67130c31c3f551a36dd3d0ca19e0ef,896496,594725.0,465.0,0.000782,2,2,373
2025-05-13 04:15:14,dcaec7a63fa80956bfa3b2e480ec464f2678d08a351e22359eca0d8af533ed30,896496,896895.0,465.0,0.000518,2,2,372
2025-05-13 04:15:14,7476d02cef6d3845f1a46aaf56ec3e1ca7ae78dcfb553b68ddb280d2d388d269,896496,128035.0,750.0,0.005858,2,1,338
2025-05-13 04:15:14,cd1d6f6212371df19d7cb0897d2914bdaa5a37caea0275b55f851c90e4b019e4,896496,43146967.0,465.0,1.1e-05,2,2,371
2025-05-13 04:15:14,cde6ac61fdb957fdf9c6f804c1384de6105202aa9a4e3a29d22797c5681ee7aa,896496,6189718.0,465.0,7.5e-05,2,2,371
2025-05-13 04:15:14,6612db117472d24f8835e16b46df96a1fed4edab9ab76366136a75e2fa5ea944,896496,112567.0,465.0,0.004131,2,2,372
2025-05-13 04:15:14,9725c921c61391df70467eacf2eb18fc014469b4119801f29bb1fc83e02b632e,896496,263554.0,465.0,0.001764,2,2,371
2025-05-13 04:15:14,0df226e39daffb976797e3c753af06248520450a83c6d465a09259c4b6eb3e00,896496,823124.0,465.0,0.000565,2,2,372
2025-05-13 04:15:14,5094eb70dacc4920ccc052a3d1e51320f225ff9d37ef264306edbfbe814205dc,896496,273686.0,399.0,0.001458,2,1,341
2025-05-13 04:15:14,94a733c2d439dfe9ecf726bada3a137e56275b9422a115fed32371cae59f8158,896496,509858.0,504.0,0.000989,1,2,226
2025-05-13 04:15:14,15b77e4e109df952265181ba9cec6297ff315abee2a86c0ca97f0d5b3a9ac23f,896496,114459.0,812.0,0.007094,3,5,577
2025-05-13 04:15:14,4e217b7b804fc498aa85f2115383e76f096da3d9fb6866413959d19301467e36,896496,769010.0,465.0,0.000605,2,2,370
2025-05-13 04:15:14,c1170a8fd522ab4dbb58d85cfda3e60e107b4c252cd2c55d44f5bafd48e6ecf6,896496,135347.0,322.0,0.002379,1,2,226
2025-05-13 04:15:14,891f859cdeb521f56912e2de0f590084e5977114c3380bba27dab330299e16a0,896496,735974.0,322.0,0.000438,1,2,225
2025-05-13 04:15:14,34e0996707d9a1e03074b0ceb7f0050ae4dce4d16baf205023cb2efa6710ec78,896496,1074396.0,322.0,0.0003,1,2,226
2025-05-13 04:15:14,1f4c4d16dcb474c8fb99e0a6d1e3a22da0c200af97b3353d03df409b19d6ff35,896496,256387.0,322.0,0.001256,1,2,226
2025-05-13 04:15:14,68d40c4a691a55c01197411694dd0d6e9ac5122523ffaef63ea1df7932bbdd35,896496,1089714.0,322.0,0.000295,1,2,225
2025-05-13 04:15:14,93c784b3885f62346525bfe55ebd370be404f92d2c28a4ed67ef000e2c7e2521,896496,991774.0,322.0,0.000325,1,2,225
2025-05-13 04:15:14,0e0e4093ecc0a9d36ce6d36ea34a2786e31c0c6194c23e16acc59e8c4c09c00f,896496,241589.0,322.0,0.001333,1,2,226
2025-05-13 04:15:14,168c98ec6eda6abc5ae2b2a0e4936288e8dce029865cbfcde2533a8a6c63c5ef,896496,112396.0,399.0,0.00355,2,1,340
2025-05-13 04:15:14,19488ee6514aeb383cadfdc9db0b7b8a86cb3fd8d946f8238fa0c518c0b9ccc1,896496,202431.0,399.0,0.001971,2,1,341
2025-05-13 04:15:14,814bbdf4b0d77d1b6254a62cae918a310693956c228fcd88b601ea0fa3ef7fc9,896496,944720.0,222.0,0.000235,1,1,150
2025-05-13 04:15:14,a25ce91d357f4aa519a9186a5088626f782c2f46866eb1024163f81b37d3ed70,896496,465725.0,399.0,0.000857,2,1,339
2025-05-13 04:15:14,184088b125f664b0e02095cf39052b1a66078bf335da182ab8fba60047aeb978,896496,2228345.0,504.0,0.000226,1,2,223
2025-05-13 04:15:14,259f55e0b29539edebceda351a98f01c7cc0ac52d5d485b946addb323f3c30e7,896496,177766.0,322.0,0.001811,1,2,223
2025-05-13 04:15:14,96bcc3fb47454999846a5dd13e0e0356b28aba60269162cdd9f6f647d7beba92,896496,96400833.0,322.0,3e-06,1,2,223
2025-05-13 04:15:14,17020450bf6a849ddca67e630126443f1ec8a2dff5ae7e850129891554afbc5d,896496,107660.0,322.0,0.002991,1,2,224
2025-05-13 04:15:14,a2c91f00978b9f991d683860203d6a8c52528223c0a95cc663ab3d8183f3e03e,896496,308268.0,322.0,0.001045,1,2,223
2025-05-13 04:15:14,fceb1aa26c45b22f9d4469b4a2ea9c95094e1e44a7b4f43420f7548cb1e30c3c,896496,507333.0,322.0,0.000635,1,2,224
2025-05-13 04:15:14,21cff503b643d5eec6d51c2d8d78a8782831246f31805ab5732a7e9c8845dcc1,896496,367166.0,504.0,0.001373,1,2,222
2025-05-13 04:15:14,ec77966e917ece9bd32702c6bad380d206b5f6b01fb1db5a3aa379998ca2ffa9,896496,84496.0,504.0,0.005965,1,2,222
2025-05-13 04:15:14,6ee53411fc538d23d4087d1ecd0d10bb0d0760bce2569c14972677f139146037,896496,302230.0,504.0,0.001668,1,2,222
2025-05-13 04:15:14,75f4ce37786ebef25bb352a50f859037758fa9f95f55ba1fa34ca9a824ba5c94,896496,88356305.0,680.0,8e-06,2,5,431
2025-05-13 04:15:14,4d74f8a55ca2ee4e9798bcaa6846a413cd5f751edf49c70e8396a04482c918f1,896496,182720.0,257.0,0.001407,1,1,195
2025-05-13 04:15:14,195ff508d48cff8880a5f124c706ee7b4a7eff2d26e693b9770f7d27d88632ef,896496,1463387.0,257.0,0.000176,1,1,194
2025-05-13 04:15:14,fe965771cd1618a18b351ad0402efbeddc56bc50bc8cec6fd951d51917a367b2,896496,253554.0,257.0,0.001014,1,1,195
2025-05-13 04:15:14,5ac97cf39d8012317e65e260de381f8f15305c4543653add9369604a32aed7a3,896496,1572151.0,257.0,0.000163,1,1,194
2025-05-13 04:15:14,634cc89444b153894e6896b8caac3ef31c56ec11690176bcd084eb3ca23f1e88,896496,511955.0,257.0,0.000502,1,1,194
2025-05-13 04:15:14,7e73db3a921931897b29aa59f94429ee7ccad070123397e9b54c53dfca4bb873,896496,1829962.0,257.0,0.00014,1,1,195
2025-05-13 04:15:14,589da4ff872b3e64bd658a51487047274dcf122e9f55e4fc4e9d73d3114a5c4f,896496,12819.0,257.0,0.020048,1,1,194
2025-05-13 04:15:14,65e197c1ccad26994539bda78770476542685b597e932f56a2525b525e14a55c,896496,35469.0,337.0,0.009501,1,1,194
2025-05-13 04:15:14,007306667c9f531d328f00470713e88dc2dd489ed274caa9d24ae4526767d3d3,896496,65294.0,281.0,0.004304,1,2,222
2025-05-13 04:15:14,ed9091995240233790bf49a56b2a160c815f49ed0550ad107501ae0e56390c0d,896496,98980.0,281.0,0.002839,1,2,223
2025-05-13 04:15:14,9a8a2ac29697a3e927f73250bfbdaafaf6237680820bc39eca7066ec63657d54,896496,39250.0,680.0,0.017325,2,5,430
2025-05-13 04:15:14,9f908bf8fed5aae1fd37391799f1cfd077faf6385280f658813dd88fb38e9ffd,896496,29261.0,322.0,0.011004,1,2,222
2025-05-13 04:15:14,cdeed4123968692add4023ab88394d8e5af3990fc034a4b7ec396e8241a5d9f7,896496,3768987.0,322.0,8.5e-05,1,2,223
2025-05-13 04:15:14,99ac09fed1d690ede18e3a5280a7d7b0a8178638ad4a48ca8bfefab270f24fed,896496,4434597.0,322.0,7.3e-05,1,2,223
2025-05-13 04:15:14,b620bac138cb09a95e5667a2735f94f18eadfaf1729a3a7e73b0b048831ff8ea,896496,170781.0,322.0,0.001885,1,2,223
2025-05-13 04:15:14,5097a8d417050f5ac7546e6c9f9f15bbd71eb24b4fa6dfe0348229a27ebc1ae9,896496,287467.0,322.0,0.00112,1,2,223
2025-05-13 04:15:14,3e08b30fc616aff49ffd40f48c21c9dbdc147b8ece46aa40dc29dce20fe1b8e4,896496,41738.0,322.0,0.007715,1,2,223
2025-05-13 04:15:14,8d1d56cdfa5aaf04eae2019848cc3fba26c96c89ea983bfae2591d84fcfafad4,896496,790525.0,322.0,0.000407,1,2,222
2025-05-13 04:15:14,df85029f58ad2309aa8b839322682b56941fb06a4f79bc6a1a5902fd3d4c1bd4,896496,1173649.0,322.0,0.000274,1,2,222
2025-05-13 04:15:14,a8063da9f704fab19377771e2527a7c0b912ec49043ce93bcbe0d2ab75cdc2bf,896496,79727.0,322.0,0.004039,1,2,222
2025-05-13 04:15:14,49bede9b43d10440a3e087fb6350f5ff62fe092f7c6e3601d2deb785963e7ebd,896496,3941096.0,322.0,8.2e-05,1,2,222
2025-05-13 04:15:14,eb68f2095eb79ceb10992df8d3f240338d08a11f1faca830650cd1414ed938ba,896496,283610.0,322.0,0.001135,1,2,223
2025-05-13 04:15:14,bcf6645cff3ca6aefdf6a97e19f2dfb1843203689354f1521b923bf910def1b3,896496,6039753.0,322.0,5.3e-05,1,2,222
2025-05-13 04:15:14,fb0ba1316b0b4c9026d77ba12c8002a349a43da5aa58fc2dad4b13d6fef834ae,896496,44037.0,322.0,0.007312,1,2,223
2025-05-13 04:15:14,295bd24b3baa445922076eb432be9e0b343bf5fbe6ef95c72e0d7dbaf22781aa,896496,504417.0,322.0,0.000638,1,2,222
2025-05-13 04:15:14,bd36a8f2cb9d3f1fbe2b14374e59fd5319d59725aceaac3210ad2a126c8bca9d,896496,198134.0,322.0,0.001625,1,2,223
2025-05-13 04:15:14,f99dbe2644de73d5ccbb74f14c80100053120c452a1c90cce770285dba5b5e8f,896496,471803.0,322.0,0.000682,1,2,222
2025-05-13 04:15:14,ab68cf673ade8ebd3834497b3e6be231a364b4dce5fd9c2560181e092fa13b87,896496,337811.0,322.0,0.000953,1,2,222
2025-05-13 04:15:14,11934a8d474a867f699319002a91b3fd5330b2894fe368e75ba63b4841f21e82,896496,191711.0,322.0,0.00168,1,2,222
2025-05-13 04:15:14,a1fde7243b2bebccc0dab34dd24af21301cb53fc075ee2d539acd81d5d7a8666,896496,91817.0,322.0,0.003507,1,2,223
2025-05-13 04:15:14,751f6f5cd9680c6fc3dd575bc9108edd250b26e69af3ef70725afcdc11bd8364,896496,572202.0,322.0,0.000563,1,2,222
2025-05-14 17:09:36,e87576b98926a3e61cb8f0de7b4f780ae55cd695242d5bdc3c47a447a55152af,896699,48302.0,577.0,0.011946,2,1,342
2025-05-14 17:09:36,099d70e326f4260089d76d3c7c97cd3b73816f488292c60fbe79ba8878bc85fd,896699,5936986.0,452.0,7.6e-05,1,2,222
2025-05-14 17:09:36,7503badad8973236bcd4f3068298ac0596c7a1817fe73ddbf38f3a3aba5513ac,896699,3508872497.0,452.0,0.0,1,2,223
2025-05-14 17:09:36,e68cf12cfc791017024132c00f253cd4265d7bf7ff8f9a032d0fb086c166a8e7,896699,52547.0,453.0,0.008621,1,2,222
2025-05-14 17:09:36,6e937a514d7aaef0302286aaf7c16b2f6efb7df3028dc755ae25ae3563a8e5e4,896699,26633.0,453.0,0.017009,1,2,223
2025-05-14 17:09:36,57b2c528ed0ff3ddf8254e13c843c85a413ed19882ab280baa625491800382e4,896699,44384.0,453.0,0.010206,1,2,223
2025-05-14 17:09:36,7efa5051c3cdcae7a27e1ec94b4e6d73a6a185b5358f1ada8f2a05a90539dbdf,896699,56864.0,453.0,0.007966,1,2,222
2025-05-14 17:09:36,e8d84a29512066e47aa75e31a0cce0818f9a7d1a8fbef9a96b6af04acd3263d4,896699,189807.0,453.0,0.002387,1,2,223
2025-05-14 17:09:36,a1c0dd272e8844fe95fcab94935671c71b26343a4f2e429f579a0b19e9cab1af,896699,181547.0,453.0,0.002495,1,2,222
2025-05-14 17:09:36,91028cf504c4c440f8e1e3ee6f28256d6a8255ef2f0f749c77508510ecbf4da4,896699,201340.0,453.0,0.00225,1,2,222
2025-05-14 17:09:36,cf62a7efb5b3d0dcc1a945bfd8caa7f8d84389953af64248c8eae6c135b77f94,896699,191443.0,453.0,0.002366,1,2,222
2025-05-14 17:09:36,f811f535e684fd577fe1a91366ad6b1ff41e74f0a7b255984c00ace682b26f8b,896699,500547.0,453.0,0.000905,1,2,223
2025-05-14 17:09:36,e7243197e6c46d3251bd96007d67f106e7d7a12ce63e202360415fc1cdbba78a,896699,135547.0,453.0,0.003342,1,2,223
2025-05-14 17:09:36,034c35883250945c300a5aa128d219030fb242598968255caf05bf94cc0c3384,896699,49547.0,453.0,0.009143,1,2,222
2025-05-14 17:09:36,df5081cf3c18bcf9d0edbda8cd797c1173a0e0f728405dac7d2137a0abff4e6e,896699,323964.0,453.0,0.001398,1,2,222
2025-05-14 17:09:36,092f926d16a5609409b67a336d697b2f905a92cc18be5f6d80c65c39aaceb738,896699,48593.0,453.0,0.009322,1,2,222
2025-05-14 17:09:36,26ee04145d4948df4433b5cae785b57cc4de3ed74e83be86818269dfacb2c432,896699,149547.0,453.0,0.003029,1,2,223
2025-05-14 17:09:36,0c780a9c53d8e267ff78dbd10f388760007e4a402b4b343cb742ee88b484f107,896699,1885214.0,453.0,0.00024,1,2,222
2025-05-14 17:09:36,e55fcb2543110fa8e5294ad582dd8c6de954d6bc54a47df909077632eb86dc2d,896699,978093.0,495.0,0.000506,1,2,205
2025-05-14 17:09:36,f501bda375b45a2e5f0ba04aafd4fa9c08357d1066d66d0b7a6d9bc4265ee5e5,896699,63152.0,531.0,0.008408,1,2,246
2025-05-14 17:09:36,b9dcd09428ad127bb6a24ec93bb8dfc898b1e5554c24fd7ccac20d45c0b37aa8,896699,46297880.0,531.0,1.1e-05,1,2,246
2025-05-14 17:09:36,c42d954c12fd2a3a9066de35b3686de2d6b921d70af04bab7a14aca9730e89a0,896699,2355607.0,531.0,0.000225,1,2,246
2025-05-14 17:09:36,67ea5fd34104ad1226907415ad636b574b35bd924d4763c14f282f71fa095171,896699,15263863.0,531.0,3.5e-05,1,2,247
2025-05-14 17:09:36,e8d6e8f62668020f898e74c2996ee72ab87baa6d024bffe014dcd3c90f91a551,896699,90035.0,531.0,0.005898,1,2,247
2025-05-14 17:09:36,45d9235e9bf1adafebef62f395ef779cb115da75a1d0d2e63bb50d5d028eb425,896699,661060.0,531.0,0.000803,1,2,247
2025-05-14 17:09:36,c2bfdba33f6b64516ef8b06804265eec56568610e22e917b811cd6c1283e2200,896699,66974.0,531.0,0.007928,1,2,246
2025-05-14 17:09:36,e88fdf28d9f8d091785050b9f26e07af6814e129ed2ca62a2a4c7bc8657f31c7,896699,208035.0,3663.0,0.017608,11,14,1844
2025-05-14 17:09:36,675e1a653aa9d409ee325ba8180821b8f4be2cc13408f023c6a1ff6500ebc914,896699,546985.0,896.0,0.001638,1,2,223
2025-05-14 17:09:36,cf12fd6fd94fb5a1f44699b9f431348b5d47500ed19f99b70e221d2a488455d0,896699,557581.0,896.0,0.001607,1,2,222
2025-05-14 17:09:36,8264d862adddb1430929498d2802461c9f2d59ddd8882756919dc166dcf5744e,896699,631077.0,672.0,0.001065,1,2,223
2025-05-14 17:09:36,1a9eb0963b2ecc80ab2ab5106d3bd1720396c827c7b8b36661045d58e0ffdb25,896699,641449.0,672.0,0.001048,1,2,222
2025-05-14 17:09:36,9c3db88fff3cda34517dd96c66137b6e70f750fad1990595488c796af8110800,896699,651821.0,448.0,0.000687,1,2,223
2025-05-14 17:09:36,f44f00611503f5811f5c5fe614b599eb072f77f0015551f795f54bfec0fdab30,896699,1052068.0,945.0,0.000898,2,2,673
2025-05-14 17:09:36,56df6c9f715902b1eb0bc6b6a78e5b5c49509ede93f659162edcac997c960a1e,896699,2058872.0,1797.0,0.000873,5,6,806
2025-05-14 17:09:36,6db2093f8dbf0174e506b7f60c710a8a474845bdca5fa60f2653d227df22869d,896699,51093.0,949.0,0.018574,2,2,375
2025-05-14 17:09:36,4c8e062c8e76c62e8ccdaa803d48bf7a294b362b433a91d466736a29ee9ee626,896699,111031.0,1683.0,0.015158,4,6,751
2025-05-14 17:09:36,b46229a1aff197ea9bc20aa20e453132fd03288c11199e992b8118f3be0940c1,896699,87349.0,462.0,0.005289,1,2,194
2025-05-14 17:09:36,4f7a2926edf5e383b1f7aa7dbfbf664092f4777d35693f943add263927b922d6,896699,4960214.0,1342.0,0.000271,5,2,819
2025-05-14 17:09:36,d4feb5a565a88560785704143a5735bd8da9577fc6d659b61ac26638170b037b,896699,557859.0,1386.0,0.002484,3,6,671
2025-05-14 17:09:36,ec8a4d9fe932ad13a1e2b62fc388fb4b1cf982071a1f3139353f7a685a1e2aa1,896699,1816031.0,3345.0,0.001842,11,9,1578
2025-05-14 17:09:36,2d2ffba316a26a785aa15a3dfd0540b0d6a9765773d56f3a54aa796c857eb96c,896699,3001900.0,1100.0,0.000366,2,1,339
2025-05-14 17:09:36,5b993a78a1b8c543397fcb149211aadafbd13f7010d9e89cc082a205ac11e2de,896699,289508.0,633.0,0.002186,1,1,191
2025-05-14 17:09:36,52e60454d3d9b44bcab862deb1ddfa02c74bd8c795edfe9d9b551603d692c7da,896699,295010.0,322.0,0.001091,1,2,222
2025-05-14 17:09:36,575b11042161e14e9003052bf30c2ed384329ebc12b26f223567b24a3ac6e823,896699,309824.0,322.0,0.001039,1,2,223
2025-05-14 17:09:36,d3e7106e408853c05b3a14b8d1d2c11f8b7d8f6d67032bc303cb7249ed3ea363,896699,4348234.0,468.0,0.000108,1,2,225
2025-05-14 17:09:36,5dd8a478781cd057b6f40286cb03a87de0c45270550437a07adbeb057babcf06,896699,2329078.0,949.0,0.000407,2,2,375
2025-05-14 17:09:36,f5642e46dd327dd0e6bdc13b62a53fa0dfc10d01170afbfb4e4b21fe58fe43cd,896699,1109697.0,462.0,0.000416,1,2,193
2025-05-14 17:09:36,f09afd4680f7a9a1dd1d9b227ae1570357fe1cca7db4db0a226224114c2dea07,896699,75777.0,462.0,0.006097,1,2,193
2025-05-14 17:09:36,f6822917a0a6695dc675c3241dcc93d574673ec272209c8f30191f6d36b4dd6c,896699,22581.0,576.0,0.025508,2,1,339
2025-05-14 17:09:36,e183754ebf12a319875057d0a1488dbe4919f136c9fee75391ea5850f62b2f96,896699,77481.0,459.0,0.005924,1,2,222
2025-05-14 17:09:36,abdd179af1846dbe7112c2b824afad680560b3bdb489d24a49d4482b80b3218f,896699,5582310.0,726.0,0.00013,1,2,223
2025-05-14 17:09:36,8d08f40df59110a5a7c9b6f28ef9cc8fa2e53e20fa24ac8fca1f9afd20e98a58,896699,706289.0,1283.0,0.001817,4,1,637
2025-05-14 17:09:36,2c27dcd687cd8a7ebcca114c6826953295a62ecc4422d0b92b21cfda721a5238,896699,385583.0,2418.0,0.006271,8,6,1127
2025-05-14 17:09:36,9984bc59cde55f8eeedc9e9491ec32612cac2b905b12b4bf4936122c3a12d19c,896699,282158.0,462.0,0.001637,1,2,205
2025-05-14 17:09:36,8a89cdd403cf5c2e747d2fa11f3c4f5835af408e8b7f6cf7c86031f8aad448fe,896699,2815616.0,2004.0,0.000712,6,6,913
2025-05-14 17:09:36,ffb0c245037bd72108983c83319ea1d4a56a63c2c340fee32dc5cfbe797e2277,896699,1306413.0,2004.0,0.001534,6,6,913
2025-05-14 17:09:36,d34384556d66605430ed604ae7a0b36601e27e13afba73918906134559301ac7,896699,1881363.0,333.0,0.000177,1,1,153
2025-05-14 17:09:36,9ae5438957877620ca454d39b9f754e52c3d24f693e1467b13919fcc82ef0cfb,896699,483987.0,369.0,0.000762,1,1,194
2025-05-14 17:09:36,35c14bd813eb948f798db675e56845ac72add99a295539f3f0604f0678de21b6,896699,5671309.0,725.0,0.000128,1,2,222
2025-05-14 17:09:36,388924deb699cd73fd3fc569465683eef0a59bfdb9b98532b24d01b163f37c51,896699,35001678.0,725.0,2.1e-05,1,2,222
2025-05-14 17:09:36,7509b9e5770d5aa0a4bcd350659d57f1dc6b8d239f95b1d9cd34fd98500d69cb,896699,454934.0,1245.0,0.002737,5,1,785
2025-05-14 17:09:36,aa1fc80d0efe68e3756756e51322ba7e3dc8226a6e670579e05623899e73a998,896699,499000.0,500.0,0.001002,1,2,234
2025-05-14 17:09:36,2f6611c6f56f40273326ddc1703d5fb0d4f4213fe5e49485eee0f2a4978b0c22,896699,89638.0,465.0,0.005188,1,2,193
2025-05-14 17:09:36,9de1a1b5d018f12e66fcb5b3ffabe020f52b587b2c0ea8e7b6a0ef72cc5c490b,896699,2029465.0,2466.0,0.001215,10,2,1560
2025-05-14 17:09:36,989da4238a31ef6ce05a5e8e0a19edf07b7bb287dcf1522894f37ae35b67233f,896699,584204.0,914.0,0.001565,3,2,522
2025-05-14 17:09:36,9d1f5d1568f380cd8f627c5cf12d7c26e68cd580ed4216fb8db544810e9127d3,896699,37496.0,731.0,0.019495,1,2,223
2025-05-14 17:09:36,94818a72ffc9dddf720d53e34ca26601f8fbd61850cef72eae554de4c6e09c83,896699,14999269.0,731.0,4.9e-05,1,2,223
2025-05-14 17:09:36,dd2eac73cf2e3d711b4a76f9284c2b2638b16f8f8b706573dbb4e9df1747ae17,896699,329083.0,731.0,0.002221,1,2,223
2025-05-14 17:09:36,c9cfe2f018cd6df17533c654c2c11a99ecb2f7bed32b3e92ce081232f000fde9,896699,40246.0,2199.0,0.054639,7,6,1048
2025-05-14 17:09:36,24c8cf3969cb4ed4a72db1c815e18ec87a6947e5f62c290b4688fc5b626b2fc2,896699,17276.0,1100.0,0.063672,2,1,335
2025-05-14 17:09:36,de9026873924465b5beec5c9ca961a3dfc479c2e374e5b14dbb7819cfc845708,896699,408264.0,605.0,0.001482,1,2,222
2025-05-14 17:09:36,f518a6c1a2d79204ac7820a4d54bd50f70599a8634d4028ae27ab5f5ee1c4887,896699,505502.0,322.0,0.000637,1,2,223
2025-05-14 17:09:36,d965d2a5a609c02f52bdc94f94015df6494b278963839c5b5d7a1b41e3c2d7c3,896699,311996.0,697.0,0.002234,2,2,374
2025-05-14 17:09:36,605353ecd9661e1a5fb4f565923f313612c71a78b86adc7dc6a73d807397c481,896699,94615.0,697.0,0.007367,2,2,374
2025-05-14 17:09:36,7f5716d4aad3029346d2e3a36a0dcb7fcfb0a5775c3a30fcace3d4241232d54a,896699,1376644.0,697.0,0.000506,2,2,374
2025-05-14 17:09:36,e68f0bfca6c235c7bb6e43876ff549accb4ca036fe68845a32e4a395e35c7217,896699,204997.0,697.0,0.0034,2,2,375
2025-05-14 17:09:36,16af64c7898caae9fb49efd25c7b90889d0e5a5d867267510f25f61cb92c9131,896699,314080.0,546.0,0.001738,1,1,192
2025-05-14 17:09:36,ccda5ccf78ef6ee1354fd52c544b5392a8310bbd04a6f2810caa0db1c7366ca9,896699,3346290.0,487.0,0.000146,1,4,284
2025-05-14 17:09:36,98dc0ee41abfde960918e90628e9c815804201d846dc16ee9975bacf97783fee,896699,313673.0,731.0,0.00233,1,2,222
2025-05-14 17:09:36,fde41afa336f1c1f2d0562a1f2e7021a21c84c3bcf749e6743287b18b28520e2,896699,283030.0,731.0,0.002583,1,2,222
2025-05-14 17:09:36,925df78fbe383e939b4ca67a62b1ba1c802e7b4f6dfe7195b56a46e75ed7c0a8,896699,503707.0,731.0,0.001451,1,2,222
2025-05-14 17:09:36,131ef8328ff5fd0c691188cc837656f9e62d38e520dc515d102170a9b4adce67,896699,267209.0,731.0,0.002736,1,2,222
2025-05-14 17:09:36,385e9753d58c4452ea12be8f291a0c78b0f13750fab74bfd113c0aaaf74d0acc,896699,50970866.0,652.0,1.3e-05,1,3,279
2025-05-14 17:09:36,41333d7e0d2350cd4a5a7db9ced1cb6b4d4c80eba946387a7bf304fbf8e146e6,896699,6187217.0,1031.0,0.000167,4,1,637
2025-05-14 17:09:36,9fceba0b5a3649527789027f45e8437ccf76209ccf394c2a68724710bd618aa8,896699,8446880.0,468.0,5.5e-05,1,2,223
2025-05-14 17:09:36,e7554cb94d67232b42d39af370f5b238ee85813c3d356e0e823656c70744649c,896699,73989327.0,468.0,6e-06,1,2,223
2025-05-14 17:09:36,e106767db82fcbb112a0ea53e9be5164254831c2177b9106a3367929400e858e,896699,841470.0,468.0,0.000556,1,2,223
2025-05-14 17:09:36,d7faf3acb4939749542c57cd16a8cc7d2a485def2259dcb19880924a9717b335,896699,81982.0,468.0,0.005709,1,2,223
2025-05-14 17:09:36,29303825a93ca538381c18cc5990f4bdb447fb606565534876eeae68d7476c3d,896699,200646.0,765.0,0.003813,2,3,332
2025-05-14 17:09:36,d0757de926592db322f77a7e87a3e93c3d65a8a1da6b25097615d16503be34fa,896699,20393906.0,914.0,4.5e-05,3,2,520
2025-05-14 17:09:36,8b7327613f92c38b6f0b5ad28c45f10153d3f7e74a8a39ffd191208023ed6dd9,896699,12098.0,363.0,0.030005,1,1,191
2025-05-14 17:09:36,2b1f0c64d34d6e1bcde9ef86f5153d4bfe8e14024b78b70c15fba0c6ac7f2479,896699,70179.0,363.0,0.005172,1,1,191
2025-05-14 17:09:36,e3028af83d1d2763f2185d5a804ec9fe4de3506c26da10f54d5b517c04dedd44,896699,575252.0,1089.0,0.001893,2,5,493
2025-05-14 17:09:36,075cfefb88e7d6e4e8c7c69097c185c423c69881b899f70e5c09d5875a56a3c3,896699,7472976.0,736.0,9.8e-05,1,2,223
2025-05-14 17:09:36,18f813951453a985a5a043a08094b11e90d05561fc492b3ecb56f9ff90a99845,896699,82547514.0,736.0,9e-06,1,2,223
2025-05-14 17:09:36,2031fd2d4ea912314b73e5e7922f64d69739020cb013f6fafb9650a13823adf6,896699,1340053.0,670.0,0.0005,1,1,461
2025-05-14 17:09:36,513df8bf890ee591fa2849259cffae4c0cc292c517f4b5db55180a268d097290,896699,1541392.0,466.0,0.000302,1,2,222
2025-05-14 17:09:36,eb807bc3a8af933fe907e87cd216c42509a0f9262391f812c971d43dd476add5,896699,1072471.0,476.0,0.000444,1,2,225
2025-05-14 17:09:36,df13a0bbbbee9ea8e31966656687f63cd710d30b43a236982018e077b1e8d2b3,896699,6813204.0,476.0,7e-05,1,2,225
2025-05-14 17:09:36,6cc671e29305e447a02ecd0b7ebd291fb8deb836e5cba8146334c7f654d19e69,896699,3991568.0,476.0,0.000119,1,2,225
2025-05-14 17:09:36,45d18744d9aaeff186831cc7af0f2a30b1c2e88d5cac5d9b35ae3a6f373e949b,896699,43615.0,385.0,0.008827,1,1,193
2025-05-14 17:09:36,fcf6229c74b39facb7b069eb7638b817d77c924f86c13db1c72d8276270a029a,896699,5636734.0,385.0,6.8e-05,1,1,193
2025-05-14 17:09:36,fb3de7eef86b4bd4300cf9a49eca8a7a076d5019b12b493d6cc65a4aa675f867,896699,3365675.0,385.0,0.000114,1,1,193
2025-05-14 17:09:36,8accd4db119ef8763fc17ea54193b30116a5761e2365c7c8cb1137ca00b23b3c,896699,45901.0,385.0,0.008388,1,1,193
2025-05-14 17:09:36,b6659b7a78d0befd6a29f9608f0ca81adc125b8a853118fe9532e36ae8a3e132,896699,67615.0,385.0,0.005694,1,1,192
2025-05-14 17:09:36,d456c0b2ff5da04985d56629b995561ce658e52b2f5db1c1f78058d4c5a71c17,896699,984416.0,385.0,0.000391,1,1,192
2025-05-14 17:09:36,59c334824622f594970b8f080428877f44f74198f6ef012fe6cad21af26dae6b,896699,850466.0,732.0,0.000861,1,3,292
2025-05-14 17:09:36,efb08c0bb3eede3be9e22eab9cae4837bf325869b9533a5d17dd40d07a1bae56,896699,13569.0,391.0,0.028816,1,1,191
2025-05-14 17:09:36,776d076cf183ce577f1d8219f019e974cf6202f7b77b3d2631881dc80aee23eb,896699,52648.0,482.0,0.009155,1,2,223
2025-05-14 17:09:36,e9c5928de87f27bf31996d6836b97c5ce91d4e68a92020877376ff420b1b3cc0,896699,265485.0,863.0,0.003251,3,1,490
2025-05-14 17:09:36,78f6658e78fd341017916c7c4c5cb499b1cb8535ef94f51e3b0ef80ef67ce7b5,896699,230267.0,728.0,0.003162,2,1,339
2025-05-14 17:09:36,b3bb682bef9167d4108db3c294c363933faea314a630d4b60e9ec1532c473eaa,896699,45874138.0,677.0,1.5e-05,1,2,222
2025-05-14 17:09:36,7b55e76117be9bd0075a2dc3c7783bedee03058eb0039fa682e235cd12afef3e,896699,45959554.0,413.0,9e-06,1,3,253
2025-05-14 17:09:36,fab69e7a6f99c796044a38f1974fe8a8387d019a2cb6aacea360d8a7ece814b6,896699,1449785.0,874.0,0.000603,1,1,192
2025-05-14 17:09:36,538c735889c8c4cc03aef9d8e9cf37d07a97ce47eeecd3968d7db46580106697,896699,426831513.0,887.0,2e-06,1,10,476
2025-05-14 17:09:36,9ec83989d16200075d9a50f9e0fc7fb577c17dba5c059cf698bda8b3125371ea,896699,113406.0,1093.0,0.009638,4,1,635
2025-05-14 17:09:36,ec10d31aeb2f1746844e0e93db57d0d102af9b2634d3998921344fdc3d9890eb,896699,538109.0,564.0,0.001048,1,2,222
2025-05-14 17:09:36,884e2ae15202ee4f327637f0af95d8c08f598c92586fc0219f66c91bae131956,896699,770573.0,432.0,0.000561,1,2,225
2025-05-14 17:09:36,287b05800017592c8000808d1a2e7f6b2d9791dd970e82d53efb4be2885c6bf6,896699,10480654.0,493.0,4.7e-05,1,2,223
2025-05-14 17:09:36,4c58f941b996bfd6b567b35c9f3193defe907d0293f56bd616f4e652af9b5cb6,896699,395196.0,564.0,0.001427,1,2,222
2025-05-14 17:09:36,6a46c132eca64b46d884307760bc473eb85d7154afe80e90cdd4fd2246a7ff99,896699,400598.0,426.0,0.001063,1,2,224
2025-05-14 17:09:36,7f09607a42ab893aa2ea942fe722b77de4ff6564d94e0344c060c655aff2d2f4,896699,35585.0,385.0,0.010819,1,1,192
2025-05-14 17:09:36,aa2c192881ddd12103b71f09016bfce06f0f322f73b34f5e3fb28f1c50e694f0,896699,22775.0,385.0,0.016905,1,1,191
2025-05-14 17:09:36,ad8b2f15484c349ec2c521a6ce4361f75b8bbe2f31c0bf70106828a7e2ddd0e9,896699,171041.0,564.0,0.003297,1,2,222
2025-05-14 17:09:36,468ea1b82f03d809e28e0eeed9737b4bde626710ec8b29b9a10a19cae11ef98c,896699,261596.0,423.0,0.001617,1,2,222
2025-05-14 17:09:36,14cb68da5c813265ebaed6f75a4e4c518057656831ea57e32c6825dad45ae7e3,896699,709857.0,385.0,0.000542,1,1,192
2025-05-14 17:09:36,e9871a9f2385f21b0e6905765541ffc626be8d3bf05d8012b28e8741cd04dde0,896699,359615.0,385.0,0.001071,1,1,192
2025-05-14 17:09:36,14579bdfeed4de74482d2f7d4939058b08d5d77c207f3320a302da49de6564ce,896699,184108.0,385.0,0.002091,1,1,191
2025-05-14 17:09:36,84459ce9f40373c1e378d24ae9ee4d3ceae39b3e0cedefc0340bfd9f538cafc0,896699,80680.0,385.0,0.004772,1,1,191
2025-05-14 17:09:36,1bbea509195a415428632660e280f0a42a21678bb99fbcfda3ed440fa6b3a59e,896699,58783.0,385.0,0.00655,1,1,191
2025-05-14 17:09:36,c346339493054207d8ef3f5f565a2de551af2dc7c86cebfe34671076a74f4799,896699,52524.0,385.0,0.00733,1,1,191
2025-05-14 17:09:36,f95a6be663e7d50a39ffdaf5a48b92d22c78948222353874e29308e83fc17d98,896699,101415.0,385.0,0.003796,1,1,192
2025-05-14 17:09:36,7ec44f9c961e5127993a93c8c3255a97c219b03df391aad37a5fb303bbe11e97,896699,870591.0,385.0,0.000442,1,1,191
2025-05-14 17:09:36,cb1f6cc266855a7b799af180a03241d75e9f814d4bc72b063793ec970629be95,896699,439491.0,385.0,0.000876,1,1,192
2025-05-14 17:09:36,8fdbc806ef92d2561c19087335e23b08ee2174ec33c10e902f0c09f9e324507c,896699,137731.0,385.0,0.002795,1,1,192
2025-05-14 17:09:36,f03e3e54e7ea3af976f8e98b8855f84b8d4c41ceb31dbedf190b67c3a4ede475,896699,690015.0,385.0,0.000558,1,1,191
2025-05-14 17:09:36,162d9ffa52a98886aa01cbed17d31f6c07005323ec2bf1de9c9859083331436e,896699,1159614.0,385.0,0.000332,1,1,191
2025-05-14 17:09:36,3e5ba7852037e1deadd3f486d520390304b466ebf0a66f62fe3e2962b6da2d59,896699,7847.0,385.0,0.049063,1,1,191
2025-05-14 17:09:36,ea504105ca738d639d9c79a5592f24f93aeb999bf3c054ad95bad420c3a3a056,896699,1015931.0,385.0,0.000379,1,1,191
2025-05-14 17:09:36,76210ab8333b6085add482de58c5be7ef4c5270ce02416338e8f7dab71b9eb3b,896699,2575373.0,385.0,0.000149,1,1,191
2025-05-14 17:09:36,039bd9c473dff766dec004d4fd2178a04b6e5af8a41e8039bf4836d2c0107d2b,896699,50515.0,385.0,0.007621,1,1,191
2025-05-14 17:09:36,5acc5ce8d63aa290b649a2388621fc704ecb55ad86a9f688341032cc47547127,896699,3467941.0,564.0,0.000163,1,2,222
2025-05-14 17:09:36,a6dd6b5cd98aaf25b1bf4fafb6f84d151c03e025b63278aed44051eb5de0dcce,896699,3487805.0,423.0,0.000121,1,2,223
2025-05-14 17:09:36,bff12ef197af5b0a54c6c2c4f08b99528003f7ca6d86e39100cd7299589b1927,896699,47340.0,385.0,0.008133,1,1,192
2025-05-14 17:09:36,6fd66e22bbef782c9b4f5b2b2a00f5bd3daf24778ff38dc28d0372dde8fda426,896699,20920.0,385.0,0.018403,1,1,192
2025-05-14 17:09:36,e816103f094ab2852a5c2a69e6392f704382434b55ab61b8d861f7f80995291c,896699,41568.0,385.0,0.009262,1,1,192
2025-05-14 17:09:36,edcd956104c430a78b74c75e90578c404d6879ca377e4c7c4a79283fce043114,896699,56499.0,385.0,0.006814,1,1,192
2025-05-14 17:09:36,e4c2b8732672bcf8e8ac634cf5e92cdc20377d8b13dd4b0b2471cc185b74e513,896699,1695365.0,385.0,0.000227,1,1,191
2025-05-14 17:09:36,0d483b6aa0935a346d24427f8b9b71cc9da3a93dd46dd15b15474410d2ab510a,896699,433815.0,385.0,0.000887,1,1,191
2025-05-14 17:09:36,4a40f027365a7ae3b1c6b622b2eed66f1a190a0e28d68ba6c90082c9078130a1,896699,5946121.0,917.0,0.000154,2,1,343
2025-05-14 17:09:36,1bccdf7df183dc079685e2ab8bceb1f959e3a43ac2cbf165a39206f5d68fc3e4,896699,89431.0,735.0,0.008219,2,2,371
2025-05-14 17:09:36,945178936e2e327d27d3686334919b4b76c4f8c0138d2ecf10c033b6ee9d4e65,896699,37678331.0,3003.0,8e-05,6,1,938
2025-05-14 17:09:36,0b5a6f615ae5f44e13ddf0e7a9321ee830f17a0a9b1b4118d39d01d68d4a65c9,896699,2872908.0,896.0,0.000312,1,2,222
2025-05-14 17:09:36,45bfd481bd4ed0edbe87cf12e04c2f608e3b19f0c0a8f0fa34f1d1e689715476,896699,3176678.0,672.0,0.000212,1,2,223
2025-05-14 17:09:36,9a8ce5f1a75e74e1dd12c63fb723139c583ba13b9ad88a37b6a2a8697a6f5779,896699,96452.0,635.0,0.006584,2,1,342
2025-05-14 17:09:36,8758c0e0495446692ce88b022a180a10c93259d85a341051203a7acc0f6f4fcd,896699,240752.0,748.0,0.003107,2,2,374
2025-05-14 17:09:36,732821df79e59b4f69d19d694b2bb42c7b5acd7276b419e638e1bec3cefc907b,896699,2183.0,678.0,0.310582,1,1,192
2025-05-14 17:09:36,bdb65d73a128c9a3eac578fef9d5f9344ab095483c2142dad3be3cf2b859e0fd,896699,880180.0,896.0,0.001018,1,2,222
2025-05-14 17:09:36,83a4c386b2144ef47a0eca0fe5c2aadbbb91b821a91ca862b11be449edf584d3,896699,890752.0,672.0,0.000754,1,2,222
2025-05-14 17:09:36,84b77c48d31e1b5da82025053ad70bf9d99431e9759f017caca0fe7549dd92cc,896699,5978650.0,672.0,0.000112,1,1,190
2025-05-14 17:09:36,58e3e5613ea71b8cfb491ed93d440b617069c5a7ed3a08ce4307d0a91ea82fc0,896699,2102828.0,500.0,0.000238,1,2,223
2025-05-14 17:09:36,4b2a0bfb1f06adeda8964203d29cfee1f6d820dbe06a058bdefbd80cfd894361,896699,49999500.0,500.0,1e-05,1,2,222
2025-05-14 17:09:36,9ba6ae9304842bc7ef10245525c3edff7213c4830af5a6ee6af3a0bf0121ddb0,896699,122220.0,1058.0,0.008657,1,1,215
2025-05-14 17:09:36,3a91f88bb0bba33ab274e2628f4aa314886727fd1ddf5c1b86a14fc6ad19be66,896699,60411997.0,4722.0,7.8e-05,1,43,1687
2025-05-14 17:09:36,91f9c934a8fbac4ec038efd030344e1d17bd5a37654ecf18edd32138bf068260,896699,2005499.0,672.0,0.000335,1,1,189
2025-05-14 17:09:36,5704c288433aaf2773f40f6698958da50ed1b63566bab9c57545c143b731b625,896699,2099878.0,672.0,0.00032,1,1,189
2025-05-14 17:09:36,2700980303a2c1dc59784b8a1fafbe7f595319f37c934a4958837add487150b7,896699,517703.0,545.0,0.001053,1,2,234
2025-05-14 17:09:36,716742904f095e41c922a877bb6abece46b664249da3c77cce98e17b0ec4ab92,896699,514497.0,545.0,0.001059,1,2,234
2025-05-14 17:09:36,7ad2bdbf11d0e63f2a29ccfff1fde8581e5e1c221326acc3455dab3d59785dad,896699,10011879.0,705.0,7e-05,1,2,222
2025-05-14 17:09:36,1b6416b8d2efdc847cbc2e4f921f4ad77bcf7f585db66e38f8afe5ce8064b2e3,896699,10163019.0,564.0,5.5e-05,1,2,222
2025-05-14 17:09:36,728f4aca20d94f901e93076fc75bb82da8aad4c1caae02a7826a85110612cd3c,896699,10235792.0,564.0,5.5e-05,1,2,222
2025-05-14 17:09:36,b250a762a131ae545a0af0cba1e539d0dc15af32d17c67e91fe96da2bb445a71,896699,10303854.0,423.0,4.1e-05,1,2,222
2025-05-14 17:09:36,535f6fca60ddf93513a920990b1f2e36bbe620eac613c9d01f21f93343ea00ad,896699,10859104.0,459.0,4.2e-05,1,2,234
2025-05-14 17:09:36,774d1b10904676bbdc74a53b4db18fba120344d86724a8bbf6762be81e097d61,896699,12233549.0,423.0,3.5e-05,1,2,222
2025-05-14 17:09:36,b57e6099bbef721ce4438223283739aae7bfeec17b2f16dda233a3eadcb2c4f0,896699,12838587.0,423.0,3.3e-05,1,2,222
2025-05-14 17:09:36,7c3063cafa61331e9310a0a6e709dc87915cde9a861beabf2d1125302a70da3d,896699,546.0,1297.0,2.375458,2,1,855
2025-05-14 17:09:36,305d4b134bb142e0d2826132716cff45fef3de3611fe07ccfdfec1208a811f8d,896699,10347.0,340.0,0.03286,1,2,235
2025-05-14 17:09:36,39515a4d47c51f0aeb1820cb2ec114890ba5133a3dc6e34d2aefa145ba84b85f,896699,397316.0,748.0,0.001883,2,2,371
2025-05-14 17:09:36,f1593f60b784b7cce8e1f55c604a5564494d916215f26e8d353e3f282fc2469c,896699,10144578.0,1045.0,0.000103,2,2,370
2025-05-14 17:09:36,e1c920aa23c6cd4242700dcbc9f5b763b10dbd1c3a87d1117fc1bd5707352de1,896699,546.0,426.0,0.78022,1,1,319
2025-05-14 17:09:36,62ae5a80f44bfebd8ee43d094fed98c03db6e1cc34c6ecc272bde6dd264b3de0,896699,483691.0,459.0,0.000949,1,2,234
2025-05-14 17:09:36,c0e9e92efba9496450458c04e6d1df274643cf51565fa4d74f42cb906f53d444,896699,10145371.0,624.0,6.2e-05,2,2,371
2025-05-14 17:09:36,1e5a63d2f21df50968eb9bda8866c4cab7bb8f92b9ef27d660700cfb7167f5b8,896699,520022.0,678.0,0.001304,1,1,189
2025-05-14 17:09:36,93578e0014fc3b1c31e7ef805109274aeb064232778a239ff1eb62ef9b8f10b7,896699,588868.0,549.0,0.000932,1,2,234
2025-05-14 17:09:36,55b1d672ea5af9886d8aea5da52c7923c3628e8224b2234e8cf0e5bd4cfdf59d,896699,670375.0,549.0,0.000819,1,2,234
2025-05-14 17:09:36,2987dac69fecaeda0d3892cabe59dbc63d932e8bb1a8c1a311fd4861f23cbdca,896699,552523.0,506.0,0.000916,1,2,223
2025-05-14 17:09:36,0004f3c08db68983c55101d2531701d0a2838a205f3b7ff57161ecee1b5330ac,896699,525670597.0,1485.0,3e-06,2,3,413
2025-05-14 17:09:36,129c27b8c9ee41f64fb3fe8403ac5d0365d6265ed1896d083d327db05560f1ee,896699,84977009.0,518.0,6e-06,1,2,226
2025-05-14 17:09:36,7136103336eb4033bc06b839655c2bc93b7e19cc6e6bf2bf898f606b7c8653e6,896699,8071135.0,518.0,6.4e-05,1,2,225
2025-05-14 17:09:36,d992644f3f347fc6f795f2dd59ea3ca2e3c88952b77373e0b3584646a17d48e2,896699,238472310.0,518.0,2e-06,1,2,226
2025-05-14 17:09:36,574acde1191c941d803f003d78b1621de82ab0d45eed6daf334786d61dcf8fd7,896699,216525731.0,518.0,2e-06,1,2,226
2025-05-14 17:09:36,40ea9c35b3b2a5c9ba7e2c3554110e494bd1169cc8d4571fe17b55a32ee52ea8,896699,356793534.0,518.0,1e-06,1,2,225
2025-05-14 17:09:36,ddd48832b298092b2f4b65210c7e2604579676fd347393bc483addb85e898140,896699,821398643.0,518.0,1e-06,1,2,226
2025-05-14 17:09:36,44844422616e72fbc643efa3a88e6bb07fec086c03f7403c1a9e3cd46beac43f,896699,470107476.0,518.0,1e-06,1,2,226
2025-05-14 17:09:36,1b6cf7b6ec950d838715855b03ebb55a13ebca8344ad7ef6b4c1f8c3379aae1a,896699,50836.0,813.0,0.015993,3,1,376
2025-05-14 17:09:36,ee397bc5dd03bc94921bb8dd986697951c726940f4e9352b380bbbf4760364c0,896699,82880851.0,644.0,8e-06,2,1,342
2025-05-14 17:09:36,db603d7962780f028fdceab140bab8c8a9875d5e505f4dbcad572de09a643ea7,896699,34657.0,752.0,0.021698,2,2,371
2025-05-14 17:09:36,fad8209bc775571b067aa7608bf3696ad08fc589c968173b1b710b21e3681ee8,896699,99756578.0,842.0,8e-06,1,5,315
2025-05-14 17:09:36,75037631c2813fa344464bedad54e6238f0929d721362bd7539b4a5547b92448,896699,399419.0,511.0,0.001279,1,2,223
2025-05-14 17:09:36,d6ca9509d5fed9a262165620e85243dcb5be04fcac83d9fc1580f5d74fa5db31,896699,85164.0,511.0,0.006,1,2,224
2025-05-14 17:09:36,e87576b98926a3e61cb8f0de7b4f780ae55cd695242d5bdc3c47a447a55152af,896699,48302.0,577.0,0.011946,2,1,342
2025-05-14 17:09:36,099d70e326f4260089d76d3c7c97cd3b73816f488292c60fbe79ba8878bc85fd,896699,5936986.0,452.0,7.6e-05,1,2,222
2025-05-14 17:09:36,7503badad8973236bcd4f3068298ac0596c7a1817fe73ddbf38f3a3aba5513ac,896699,3508872497.0,452.0,0.0,1,2,223
2025-05-14 17:09:36,e68cf12cfc791017024132c00f253cd4265d7bf7ff8f9a032d0fb086c166a8e7,896699,52547.0,453.0,0.008621,1,2,222
2025-05-14 17:09:36,6e937a514d7aaef0302286aaf7c16b2f6efb7df3028dc755ae25ae3563a8e5e4,896699,26633.0,453.0,0.017009,1,2,223
2025-05-14 17:09:36,57b2c528ed0ff3ddf8254e13c843c85a413ed19882ab280baa625491800382e4,896699,44384.0,453.0,0.010206,1,2,223
2025-05-14 17:09:36,7efa5051c3cdcae7a27e1ec94b4e6d73a6a185b5358f1ada8f2a05a90539dbdf,896699,56864.0,453.0,0.007966,1,2,222
2025-05-14 17:09:36,e8d84a29512066e47aa75e31a0cce0818f9a7d1a8fbef9a96b6af04acd3263d4,896699,189807.0,453.0,0.002387,1,2,223
2025-05-14 17:09:36,a1c0dd272e8844fe95fcab94935671c71b26343a4f2e429f579a0b19e9cab1af,896699,181547.0,453.0,0.002495,1,2,222
2025-05-14 17:09:36,91028cf504c4c440f8e1e3ee6f28256d6a8255ef2f0f749c77508510ecbf4da4,896699,201340.0,453.0,0.00225,1,2,222
2025-05-14 17:09:36,cf62a7efb5b3d0dcc1a945bfd8caa7f8d84389953af64248c8eae6c135b77f94,896699,191443.0,453.0,0.002366,1,2,222
2025-05-14 17:09:36,f811f535e684fd577fe1a91366ad6b1ff41e74f0a7b255984c00ace682b26f8b,896699,500547.0,453.0,0.000905,1,2,223
2025-05-14 17:09:36,e7243197e6c46d3251bd96007d67f106e7d7a12ce63e202360415fc1cdbba78a,896699,135547.0,453.0,0.003342,1,2,223
2025-05-14 17:09:36,034c35883250945c300a5aa128d219030fb242598968255caf05bf94cc0c3384,896699,49547.0,453.0,0.009143,1,2,222
2025-05-14 17:09:36,df5081cf3c18bcf9d0edbda8cd797c1173a0e0f728405dac7d2137a0abff4e6e,896699,323964.0,453.0,0.001398,1,2,222
2025-05-14 17:09:36,092f926d16a5609409b67a336d697b2f905a92cc18be5f6d80c65c39aaceb738,896699,48593.0,453.0,0.009322,1,2,222
2025-05-14 17:09:36,26ee04145d4948df4433b5cae785b57cc4de3ed74e83be86818269dfacb2c432,896699,149547.0,453.0,0.003029,1,2,223
2025-05-14 17:09:36,0c780a9c53d8e267ff78dbd10f388760007e4a402b4b343cb742ee88b484f107,896699,1885214.0,453.0,0.00024,1,2,222
2025-05-14 17:09:36,e55fcb2543110fa8e5294ad582dd8c6de954d6bc54a47df909077632eb86dc2d,896699,978093.0,495.0,0.000506,1,2,205
2025-05-14 17:09:36,f501bda375b45a2e5f0ba04aafd4fa9c08357d1066d66d0b7a6d9bc4265ee5e5,896699,63152.0,531.0,0.008408,1,2,246
2025-05-14 17:09:36,b9dcd09428ad127bb6a24ec93bb8dfc898b1e5554c24fd7ccac20d45c0b37aa8,896699,46297880.0,531.0,1.1e-05,1,2,246
2025-05-14 17:09:36,c42d954c12fd2a3a9066de35b3686de2d6b921d70af04bab7a14aca9730e89a0,896699,2355607.0,531.0,0.000225,1,2,246
2025-05-14 17:09:36,67ea5fd34104ad1226907415ad636b574b35bd924d4763c14f282f71fa095171,896699,15263863.0,531.0,3.5e-05,1,2,247
2025-05-14 17:09:36,e8d6e8f62668020f898e74c2996ee72ab87baa6d024bffe014dcd3c90f91a551,896699,90035.0,531.0,0.005898,1,2,247
2025-05-14 17:09:36,45d9235e9bf1adafebef62f395ef779cb115da75a1d0d2e63bb50d5d028eb425,896699,661060.0,531.0,0.000803,1,2,247
2025-05-14 17:09:36,c2bfdba33f6b64516ef8b06804265eec56568610e22e917b811cd6c1283e2200,896699,66974.0,531.0,0.007928,1,2,246
2025-05-14 17:09:36,e88fdf28d9f8d091785050b9f26e07af6814e129ed2ca62a2a4c7bc8657f31c7,896699,208035.0,3663.0,0.017608,11,14,1844
2025-05-14 17:09:36,675e1a653aa9d409ee325ba8180821b8f4be2cc13408f023c6a1ff6500ebc914,896699,546985.0,896.0,0.001638,1,2,223
2025-05-14 17:09:36,cf12fd6fd94fb5a1f44699b9f431348b5d47500ed19f99b70e221d2a488455d0,896699,557581.0,896.0,0.001607,1,2,222
2025-05-14 17:09:36,8264d862adddb1430929498d2802461c9f2d59ddd8882756919dc166dcf5744e,896699,631077.0,672.0,0.001065,1,2,223
2025-05-14 17:09:36,1a9eb0963b2ecc80ab2ab5106d3bd1720396c827c7b8b36661045d58e0ffdb25,896699,641449.0,672.0,0.001048,1,2,222
2025-05-14 17:09:36,9c3db88fff3cda34517dd96c66137b6e70f750fad1990595488c796af8110800,896699,651821.0,448.0,0.000687,1,2,223
2025-05-14 17:09:36,f44f00611503f5811f5c5fe614b599eb072f77f0015551f795f54bfec0fdab30,896699,1052068.0,945.0,0.000898,2,2,673
2025-05-14 17:09:36,56df6c9f715902b1eb0bc6b6a78e5b5c49509ede93f659162edcac997c960a1e,896699,2058872.0,1797.0,0.000873,5,6,806
2025-05-14 17:09:36,6db2093f8dbf0174e506b7f60c710a8a474845bdca5fa60f2653d227df22869d,896699,51093.0,949.0,0.018574,2,2,375
2025-05-14 17:09:36,4c8e062c8e76c62e8ccdaa803d48bf7a294b362b433a91d466736a29ee9ee626,896699,111031.0,1683.0,0.015158,4,6,751
2025-05-14 17:09:36,b46229a1aff197ea9bc20aa20e453132fd03288c11199e992b8118f3be0940c1,896699,87349.0,462.0,0.005289,1,2,194
2025-05-14 17:09:36,4f7a2926edf5e383b1f7aa7dbfbf664092f4777d35693f943add263927b922d6,896699,4960214.0,1342.0,0.000271,5,2,819
2025-05-14 17:09:36,d4feb5a565a88560785704143a5735bd8da9577fc6d659b61ac26638170b037b,896699,557859.0,1386.0,0.002484,3,6,671
2025-05-14 17:09:36,ec8a4d9fe932ad13a1e2b62fc388fb4b1cf982071a1f3139353f7a685a1e2aa1,896699,1816031.0,3345.0,0.001842,11,9,1578
2025-05-14 17:09:36,2d2ffba316a26a785aa15a3dfd0540b0d6a9765773d56f3a54aa796c857eb96c,896699,3001900.0,1100.0,0.000366,2,1,339
2025-05-14 17:09:36,5b993a78a1b8c543397fcb149211aadafbd13f7010d9e89cc082a205ac11e2de,896699,289508.0,633.0,0.002186,1,1,191
2025-05-14 17:09:36,52e60454d3d9b44bcab862deb1ddfa02c74bd8c795edfe9d9b551603d692c7da,896699,295010.0,322.0,0.001091,1,2,222
2025-05-14 17:09:36,575b11042161e14e9003052bf30c2ed384329ebc12b26f223567b24a3ac6e823,896699,309824.0,322.0,0.001039,1,2,223
2025-05-14 17:09:36,d3e7106e408853c05b3a14b8d1d2c11f8b7d8f6d67032bc303cb7249ed3ea363,896699,4348234.0,468.0,0.000108,1,2,225
2025-05-14 17:09:36,5dd8a478781cd057b6f40286cb03a87de0c45270550437a07adbeb057babcf06,896699,2329078.0,949.0,0.000407,2,2,375
2025-05-14 17:09:36,f5642e46dd327dd0e6bdc13b62a53fa0dfc10d01170afbfb4e4b21fe58fe43cd,896699,1109697.0,462.0,0.000416,1,2,193
2025-05-14 17:09:36,f09afd4680f7a9a1dd1d9b227ae1570357fe1cca7db4db0a226224114c2dea07,896699,75777.0,462.0,0.006097,1,2,193
2025-05-14 17:09:36,f6822917a0a6695dc675c3241dcc93d574673ec272209c8f30191f6d36b4dd6c,896699,22581.0,576.0,0.025508,2,1,339
2025-05-14 17:09:36,e183754ebf12a319875057d0a1488dbe4919f136c9fee75391ea5850f62b2f96,896699,77481.0,459.0,0.005924,1,2,222
2025-05-14 17:09:36,abdd179af1846dbe7112c2b824afad680560b3bdb489d24a49d4482b80b3218f,896699,5582310.0,726.0,0.00013,1,2,223
2025-05-14 17:09:36,8d08f40df59110a5a7c9b6f28ef9cc8fa2e53e20fa24ac8fca1f9afd20e98a58,896699,706289.0,1283.0,0.001817,4,1,637
2025-05-14 17:09:36,2c27dcd687cd8a7ebcca114c6826953295a62ecc4422d0b92b21cfda721a5238,896699,385583.0,2418.0,0.006271,8,6,1127
2025-05-14 17:09:36,9984bc59cde55f8eeedc9e9491ec32612cac2b905b12b4bf4936122c3a12d19c,896699,282158.0,462.0,0.001637,1,2,205
2025-05-14 17:09:36,8a89cdd403cf5c2e747d2fa11f3c4f5835af408e8b7f6cf7c86031f8aad448fe,896699,2815616.0,2004.0,0.000712,6,6,913
2025-05-14 17:09:36,ffb0c245037bd72108983c83319ea1d4a56a63c2c340fee32dc5cfbe797e2277,896699,1306413.0,2004.0,0.001534,6,6,913
2025-05-14 17:09:36,d34384556d66605430ed604ae7a0b36601e27e13afba73918906134559301ac7,896699,1881363.0,333.0,0.000177,1,1,153
2025-05-14 17:09:36,9ae5438957877620ca454d39b9f754e52c3d24f693e1467b13919fcc82ef0cfb,896699,483987.0,369.0,0.000762,1,1,194
2025-05-14 17:09:36,35c14bd813eb948f798db675e56845ac72add99a295539f3f0604f0678de21b6,896699,5671309.0,725.0,0.000128,1,2,222
2025-05-14 17:09:36,388924deb699cd73fd3fc569465683eef0a59bfdb9b98532b24d01b163f37c51,896699,35001678.0,725.0,2.1e-05,1,2,222
2025-05-14 17:09:36,7509b9e5770d5aa0a4bcd350659d57f1dc6b8d239f95b1d9cd34fd98500d69cb,896699,454934.0,1245.0,0.002737,5,1,785
2025-05-14 17:09:36,aa1fc80d0efe68e3756756e51322ba7e3dc8226a6e670579e05623899e73a998,896699,499000.0,500.0,0.001002,1,2,234
2025-05-14 17:09:36,2f6611c6f56f40273326ddc1703d5fb0d4f4213fe5e49485eee0f2a4978b0c22,896699,89638.0,465.0,0.005188,1,2,193
2025-05-14 17:09:36,9de1a1b5d018f12e66fcb5b3ffabe020f52b587b2c0ea8e7b6a0ef72cc5c490b,896699,2029465.0,2466.0,0.001215,10,2,1560
2025-05-14 17:09:36,989da4238a31ef6ce05a5e8e0a19edf07b7bb287dcf1522894f37ae35b67233f,896699,584204.0,914.0,0.001565,3,2,522
2025-05-14 17:09:36,9d1f5d1568f380cd8f627c5cf12d7c26e68cd580ed4216fb8db544810e9127d3,896699,37496.0,731.0,0.019495,1,2,223
2025-05-14 17:09:36,94818a72ffc9dddf720d53e34ca26601f8fbd61850cef72eae554de4c6e09c83,896699,14999269.0,731.0,4.9e-05,1,2,223
2025-05-14 17:09:36,dd2eac73cf2e3d711b4a76f9284c2b2638b16f8f8b706573dbb4e9df1747ae17,896699,329083.0,731.0,0.002221,1,2,223
2025-05-14 17:09:36,c9cfe2f018cd6df17533c654c2c11a99ecb2f7bed32b3e92ce081232f000fde9,896699,40246.0,2199.0,0.054639,7,6,1048
2025-05-14 17:09:36,24c8cf3969cb4ed4a72db1c815e18ec87a6947e5f62c290b4688fc5b626b2fc2,896699,17276.0,1100.0,0.063672,2,1,335
2025-05-14 17:09:36,de9026873924465b5beec5c9ca961a3dfc479c2e374e5b14dbb7819cfc845708,896699,408264.0,605.0,0.001482,1,2,222
2025-05-14 17:09:36,f518a6c1a2d79204ac7820a4d54bd50f70599a8634d4028ae27ab5f5ee1c4887,896699,505502.0,322.0,0.000637,1,2,223
2025-05-14 17:09:36,d965d2a5a609c02f52bdc94f94015df6494b278963839c5b5d7a1b41e3c2d7c3,896699,311996.0,697.0,0.002234,2,2,374
2025-05-14 17:09:36,605353ecd9661e1a5fb4f565923f313612c71a78b86adc7dc6a73d807397c481,896699,94615.0,697.0,0.007367,2,2,374
2025-05-14 17:09:36,7f5716d4aad3029346d2e3a36a0dcb7fcfb0a5775c3a30fcace3d4241232d54a,896699,1376644.0,697.0,0.000506,2,2,374
2025-05-14 17:09:36,e68f0bfca6c235c7bb6e43876ff549accb4ca036fe68845a32e4a395e35c7217,896699,204997.0,697.0,0.0034,2,2,375
2025-05-14 17:09:36,16af64c7898caae9fb49efd25c7b90889d0e5a5d867267510f25f61cb92c9131,896699,314080.0,546.0,0.001738,1,1,192
2025-05-14 17:09:36,ccda5ccf78ef6ee1354fd52c544b5392a8310bbd04a6f2810caa0db1c7366ca9,896699,3346290.0,487.0,0.000146,1,4,284
2025-05-14 17:09:36,98dc0ee41abfde960918e90628e9c815804201d846dc16ee9975bacf97783fee,896699,313673.0,731.0,0.00233,1,2,222
2025-05-14 17:09:36,fde41afa336f1c1f2d0562a1f2e7021a21c84c3bcf749e6743287b18b28520e2,896699,283030.0,731.0,0.002583,1,2,222
2025-05-14 17:09:36,925df78fbe383e939b4ca67a62b1ba1c802e7b4f6dfe7195b56a46e75ed7c0a8,896699,503707.0,731.0,0.001451,1,2,222
2025-05-14 17:09:36,131ef8328ff5fd0c691188cc837656f9e62d38e520dc515d102170a9b4adce67,896699,267209.0,731.0,0.002736,1,2,222
2025-05-14 17:09:36,385e9753d58c4452ea12be8f291a0c78b0f13750fab74bfd113c0aaaf74d0acc,896699,50970866.0,652.0,1.3e-05,1,3,279
2025-05-14 17:09:36,41333d7e0d2350cd4a5a7db9ced1cb6b4d4c80eba946387a7bf304fbf8e146e6,896699,6187217.0,1031.0,0.000167,4,1,637
2025-05-14 17:09:36,9fceba0b5a3649527789027f45e8437ccf76209ccf394c2a68724710bd618aa8,896699,8446880.0,468.0,5.5e-05,1,2,223
2025-05-14 17:09:36,e7554cb94d67232b42d39af370f5b238ee85813c3d356e0e823656c70744649c,896699,73989327.0,468.0,6e-06,1,2,223
2025-05-14 17:09:36,e106767db82fcbb112a0ea53e9be5164254831c2177b9106a3367929400e858e,896699,841470.0,468.0,0.000556,1,2,223
2025-05-14 17:09:36,d7faf3acb4939749542c57cd16a8cc7d2a485def2259dcb19880924a9717b335,896699,81982.0,468.0,0.005709,1,2,223
2025-05-14 17:09:36,29303825a93ca538381c18cc5990f4bdb447fb606565534876eeae68d7476c3d,896699,200646.0,765.0,0.003813,2,3,332
2025-05-14 17:09:36,d0757de926592db322f77a7e87a3e93c3d65a8a1da6b25097615d16503be34fa,896699,20393906.0,914.0,4.5e-05,3,2,520
2025-05-14 17:09:36,8b7327613f92c38b6f0b5ad28c45f10153d3f7e74a8a39ffd191208023ed6dd9,896699,12098.0,363.0,0.030005,1,1,191
2025-05-14 17:09:36,2b1f0c64d34d6e1bcde9ef86f5153d4bfe8e14024b78b70c15fba0c6ac7f2479,896699,70179.0,363.0,0.005172,1,1,191
2025-05-14 17:09:36,e3028af83d1d2763f2185d5a804ec9fe4de3506c26da10f54d5b517c04dedd44,896699,575252.0,1089.0,0.001893,2,5,493
2025-05-14 17:09:36,075cfefb88e7d6e4e8c7c69097c185c423c69881b899f70e5c09d5875a56a3c3,896699,7472976.0,736.0,9.8e-05,1,2,223
2025-05-14 17:09:36,18f813951453a985a5a043a08094b11e90d05561fc492b3ecb56f9ff90a99845,896699,82547514.0,736.0,9e-06,1,2,223
2025-05-14 17:09:36,2031fd2d4ea912314b73e5e7922f64d69739020cb013f6fafb9650a13823adf6,896699,1340053.0,670.0,0.0005,1,1,461
2025-05-14 17:09:36,513df8bf890ee591fa2849259cffae4c0cc292c517f4b5db55180a268d097290,896699,1541392.0,466.0,0.000302,1,2,222
2025-05-14 17:09:36,eb807bc3a8af933fe907e87cd216c42509a0f9262391f812c971d43dd476add5,896699,1072471.0,476.0,0.000444,1,2,225
2025-05-14 17:09:36,df13a0bbbbee9ea8e31966656687f63cd710d30b43a236982018e077b1e8d2b3,896699,6813204.0,476.0,7e-05,1,2,225
2025-05-14 17:09:36,6cc671e29305e447a02ecd0b7ebd291fb8deb836e5cba8146334c7f654d19e69,896699,3991568.0,476.0,0.000119,1,2,225
2025-05-14 17:09:36,45d18744d9aaeff186831cc7af0f2a30b1c2e88d5cac5d9b35ae3a6f373e949b,896699,43615.0,385.0,0.008827,1,1,193
2025-05-14 17:09:36,fcf6229c74b39facb7b069eb7638b817d77c924f86c13db1c72d8276270a029a,896699,5636734.0,385.0,6.8e-05,1,1,193
2025-05-14 17:09:36,fb3de7eef86b4bd4300cf9a49eca8a7a076d5019b12b493d6cc65a4aa675f867,896699,3365675.0,385.0,0.000114,1,1,193
2025-05-14 17:09:36,8accd4db119ef8763fc17ea54193b30116a5761e2365c7c8cb1137ca00b23b3c,896699,45901.0,385.0,0.008388,1,1,193
2025-05-14 17:09:36,b6659b7a78d0befd6a29f9608f0ca81adc125b8a853118fe9532e36ae8a3e132,896699,67615.0,385.0,0.005694,1,1,192
2025-05-14 17:09:36,d456c0b2ff5da04985d56629b995561ce658e52b2f5db1c1f78058d4c5a71c17,896699,984416.0,385.0,0.000391,1,1,192
2025-05-14 17:09:36,59c334824622f594970b8f080428877f44f74198f6ef012fe6cad21af26dae6b,896699,850466.0,732.0,0.000861,1,3,292
2025-05-14 17:09:36,efb08c0bb3eede3be9e22eab9cae4837bf325869b9533a5d17dd40d07a1bae56,896699,13569.0,391.0,0.028816,1,1,191
2025-05-14 17:09:36,776d076cf183ce577f1d8219f019e974cf6202f7b77b3d2631881dc80aee23eb,896699,52648.0,482.0,0.009155,1,2,223
2025-05-14 17:09:36,e9c5928de87f27bf31996d6836b97c5ce91d4e68a92020877376ff420b1b3cc0,896699,265485.0,863.0,0.003251,3,1,490
2025-05-14 17:09:36,78f6658e78fd341017916c7c4c5cb499b1cb8535ef94f51e3b0ef80ef67ce7b5,896699,230267.0,728.0,0.003162,2,1,339
2025-05-14 17:09:36,b3bb682bef9167d4108db3c294c363933faea314a630d4b60e9ec1532c473eaa,896699,45874138.0,677.0,1.5e-05,1,2,222
2025-05-14 17:09:36,7b55e76117be9bd0075a2dc3c7783bedee03058eb0039fa682e235cd12afef3e,896699,45959554.0,413.0,9e-06,1,3,253
2025-05-14 17:09:36,fab69e7a6f99c796044a38f1974fe8a8387d019a2cb6aacea360d8a7ece814b6,896699,1449785.0,874.0,0.000603,1,1,192
2025-05-14 17:09:36,538c735889c8c4cc03aef9d8e9cf37d07a97ce47eeecd3968d7db46580106697,896699,426831513.0,887.0,2e-06,1,10,476
2025-05-14 17:09:36,9ec83989d16200075d9a50f9e0fc7fb577c17dba5c059cf698bda8b3125371ea,896699,113406.0,1093.0,0.009638,4,1,635
2025-05-14 17:09:36,ec10d31aeb2f1746844e0e93db57d0d102af9b2634d3998921344fdc3d9890eb,896699,538109.0,564.0,0.001048,1,2,222
2025-05-14 17:09:36,884e2ae15202ee4f327637f0af95d8c08f598c92586fc0219f66c91bae131956,896699,770573.0,432.0,0.000561,1,2,225
2025-05-14 17:09:36,287b05800017592c8000808d1a2e7f6b2d9791dd970e82d53efb4be2885c6bf6,896699,10480654.0,493.0,4.7e-05,1,2,223
2025-05-14 17:09:36,4c58f941b996bfd6b567b35c9f3193defe907d0293f56bd616f4e652af9b5cb6,896699,395196.0,564.0,0.001427,1,2,222
2025-05-14 17:09:36,6a46c132eca64b46d884307760bc473eb85d7154afe80e90cdd4fd2246a7ff99,896699,400598.0,426.0,0.001063,1,2,224
2025-05-14 17:09:36,7f09607a42ab893aa2ea942fe722b77de4ff6564d94e0344c060c655aff2d2f4,896699,35585.0,385.0,0.010819,1,1,192
2025-05-14 17:09:36,aa2c192881ddd12103b71f09016bfce06f0f322f73b34f5e3fb28f1c50e694f0,896699,22775.0,385.0,0.016905,1,1,191
2025-05-14 17:09:36,ad8b2f15484c349ec2c521a6ce4361f75b8bbe2f31c0bf70106828a7e2ddd0e9,896699,171041.0,564.0,0.003297,1,2,222
2025-05-14 17:09:36,468ea1b82f03d809e28e0eeed9737b4bde626710ec8b29b9a10a19cae11ef98c,896699,261596.0,423.0,0.001617,1,2,222
2025-05-14 17:09:36,14cb68da5c813265ebaed6f75a4e4c518057656831ea57e32c6825dad45ae7e3,896699,709857.0,385.0,0.000542,1,1,192
2025-05-14 17:09:36,e9871a9f2385f21b0e6905765541ffc626be8d3bf05d8012b28e8741cd04dde0,896699,359615.0,385.0,0.001071,1,1,192
2025-05-14 17:09:36,14579bdfeed4de74482d2f7d4939058b08d5d77c207f3320a302da49de6564ce,896699,184108.0,385.0,0.002091,1,1,191
2025-05-14 17:09:36,84459ce9f40373c1e378d24ae9ee4d3ceae39b3e0cedefc0340bfd9f538cafc0,896699,80680.0,385.0,0.004772,1,1,191
2025-05-14 17:09:36,1bbea509195a415428632660e280f0a42a21678bb99fbcfda3ed440fa6b3a59e,896699,58783.0,385.0,0.00655,1,1,191
2025-05-14 17:09:36,c346339493054207d8ef3f5f565a2de551af2dc7c86cebfe34671076a74f4799,896699,52524.0,385.0,0.00733,1,1,191
2025-05-14 17:09:36,f95a6be663e7d50a39ffdaf5a48b92d22c78948222353874e29308e83fc17d98,896699,101415.0,385.0,0.003796,1,1,192
2025-05-14 17:09:36,7ec44f9c961e5127993a93c8c3255a97c219b03df391aad37a5fb303bbe11e97,896699,870591.0,385.0,0.000442,1,1,191
2025-05-14 17:09:36,cb1f6cc266855a7b799af180a03241d75e9f814d4bc72b063793ec970629be95,896699,439491.0,385.0,0.000876,1,1,192
2025-05-14 17:09:36,8fdbc806ef92d2561c19087335e23b08ee2174ec33c10e902f0c09f9e324507c,896699,137731.0,385.0,0.002795,1,1,192
2025-05-14 17:09:36,f03e3e54e7ea3af976f8e98b8855f84b8d4c41ceb31dbedf190b67c3a4ede475,896699,690015.0,385.0,0.000558,1,1,191
2025-05-14 17:09:36,162d9ffa52a98886aa01cbed17d31f6c07005323ec2bf1de9c9859083331436e,896699,1159614.0,385.0,0.000332,1,1,191
2025-05-14 17:09:36,3e5ba7852037e1deadd3f486d520390304b466ebf0a66f62fe3e2962b6da2d59,896699,7847.0,385.0,0.049063,1,1,191
2025-05-14 17:09:36,ea504105ca738d639d9c79a5592f24f93aeb999bf3c054ad95bad420c3a3a056,896699,1015931.0,385.0,0.000379,1,1,191
2025-05-14 17:09:36,76210ab8333b6085add482de58c5be7ef4c5270ce02416338e8f7dab71b9eb3b,896699,2575373.0,385.0,0.000149,1,1,191
2025-05-14 17:09:36,039bd9c473dff766dec004d4fd2178a04b6e5af8a41e8039bf4836d2c0107d2b,896699,50515.0,385.0,0.007621,1,1,191
2025-05-14 17:09:36,5acc5ce8d63aa290b649a2388621fc704ecb55ad86a9f688341032cc47547127,896699,3467941.0,564.0,0.000163,1,2,222
2025-05-14 17:09:36,a6dd6b5cd98aaf25b1bf4fafb6f84d151c03e025b63278aed44051eb5de0dcce,896699,3487805.0,423.0,0.000121,1,2,223
2025-05-14 17:09:36,bff12ef197af5b0a54c6c2c4f08b99528003f7ca6d86e39100cd7299589b1927,896699,47340.0,385.0,0.008133,1,1,192
2025-05-14 17:09:36,6fd66e22bbef782c9b4f5b2b2a00f5bd3daf24778ff38dc28d0372dde8fda426,896699,20920.0,385.0,0.018403,1,1,192
2025-05-14 17:09:36,e816103f094ab2852a5c2a69e6392f704382434b55ab61b8d861f7f80995291c,896699,41568.0,385.0,0.009262,1,1,192
2025-05-14 17:09:36,edcd956104c430a78b74c75e90578c404d6879ca377e4c7c4a79283fce043114,896699,56499.0,385.0,0.006814,1,1,192
2025-05-14 17:09:36,e4c2b8732672bcf8e8ac634cf5e92cdc20377d8b13dd4b0b2471cc185b74e513,896699,1695365.0,385.0,0.000227,1,1,191
2025-05-14 17:09:36,0d483b6aa0935a346d24427f8b9b71cc9da3a93dd46dd15b15474410d2ab510a,896699,433815.0,385.0,0.000887,1,1,191
2025-05-14 17:09:36,4a40f027365a7ae3b1c6b622b2eed66f1a190a0e28d68ba6c90082c9078130a1,896699,5946121.0,917.0,0.000154,2,1,343
2025-05-14 17:09:36,1bccdf7df183dc079685e2ab8bceb1f959e3a43ac2cbf165a39206f5d68fc3e4,896699,89431.0,735.0,0.008219,2,2,371
2025-05-14 17:09:36,945178936e2e327d27d3686334919b4b76c4f8c0138d2ecf10c033b6ee9d4e65,896699,37678331.0,3003.0,8e-05,6,1,938
2025-05-14 17:09:36,0b5a6f615ae5f44e13ddf0e7a9321ee830f17a0a9b1b4118d39d01d68d4a65c9,896699,2872908.0,896.0,0.000312,1,2,222
2025-05-14 17:09:36,45bfd481bd4ed0edbe87cf12e04c2f608e3b19f0c0a8f0fa34f1d1e689715476,896699,3176678.0,672.0,0.000212,1,2,223
2025-05-14 17:09:36,9a8ce5f1a75e74e1dd12c63fb723139c583ba13b9ad88a37b6a2a8697a6f5779,896699,96452.0,635.0,0.006584,2,1,342
2025-05-14 17:09:36,8758c0e0495446692ce88b022a180a10c93259d85a341051203a7acc0f6f4fcd,896699,240752.0,748.0,0.003107,2,2,374
2025-05-14 17:09:36,732821df79e59b4f69d19d694b2bb42c7b5acd7276b419e638e1bec3cefc907b,896699,2183.0,678.0,0.310582,1,1,192
2025-05-14 17:09:36,bdb65d73a128c9a3eac578fef9d5f9344ab095483c2142dad3be3cf2b859e0fd,896699,880180.0,896.0,0.001018,1,2,222
2025-05-14 17:09:36,83a4c386b2144ef47a0eca0fe5c2aadbbb91b821a91ca862b11be449edf584d3,896699,890752.0,672.0,0.000754,1,2,222
2025-05-14 17:09:36,84b77c48d31e1b5da82025053ad70bf9d99431e9759f017caca0fe7549dd92cc,896699,5978650.0,672.0,0.000112,1,1,190
2025-05-14 17:09:36,58e3e5613ea71b8cfb491ed93d440b617069c5a7ed3a08ce4307d0a91ea82fc0,896699,2102828.0,500.0,0.000238,1,2,223
2025-05-14 17:09:36,4b2a0bfb1f06adeda8964203d29cfee1f6d820dbe06a058bdefbd80cfd894361,896699,49999500.0,500.0,1e-05,1,2,222
2025-05-14 17:09:36,9ba6ae9304842bc7ef10245525c3edff7213c4830af5a6ee6af3a0bf0121ddb0,896699,122220.0,1058.0,0.008657,1,1,215
2025-05-14 17:09:36,3a91f88bb0bba33ab274e2628f4aa314886727fd1ddf5c1b86a14fc6ad19be66,896699,60411997.0,4722.0,7.8e-05,1,43,1687
2025-05-14 17:09:36,91f9c934a8fbac4ec038efd030344e1d17bd5a37654ecf18edd32138bf068260,896699,2005499.0,672.0,0.000335,1,1,189
2025-05-14 17:09:36,5704c288433aaf2773f40f6698958da50ed1b63566bab9c57545c143b731b625,896699,2099878.0,672.0,0.00032,1,1,189
2025-05-14 17:09:36,2700980303a2c1dc59784b8a1fafbe7f595319f37c934a4958837add487150b7,896699,517703.0,545.0,0.001053,1,2,234
2025-05-14 17:09:36,716742904f095e41c922a877bb6abece46b664249da3c77cce98e17b0ec4ab92,896699,514497.0,545.0,0.001059,1,2,234
2025-05-14 17:09:36,7ad2bdbf11d0e63f2a29ccfff1fde8581e5e1c221326acc3455dab3d59785dad,896699,10011879.0,705.0,7e-05,1,2,222
2025-05-14 17:09:36,1b6416b8d2efdc847cbc2e4f921f4ad77bcf7f585db66e38f8afe5ce8064b2e3,896699,10163019.0,564.0,5.5e-05,1,2,222
2025-05-14 17:09:36,728f4aca20d94f901e93076fc75bb82da8aad4c1caae02a7826a85110612cd3c,896699,10235792.0,564.0,5.5e-05,1,2,222
2025-05-14 17:09:36,b250a762a131ae545a0af0cba1e539d0dc15af32d17c67e91fe96da2bb445a71,896699,10303854.0,423.0,4.1e-05,1,2,222
2025-05-14 17:09:36,535f6fca60ddf93513a920990b1f2e36bbe620eac613c9d01f21f93343ea00ad,896699,10859104.0,459.0,4.2e-05,1,2,234
2025-05-14 17:09:36,774d1b10904676bbdc74a53b4db18fba120344d86724a8bbf6762be81e097d61,896699,12233549.0,423.0,3.5e-05,1,2,222
2025-05-14 17:09:36,b57e6099bbef721ce4438223283739aae7bfeec17b2f16dda233a3eadcb2c4f0,896699,12838587.0,423.0,3.3e-05,1,2,222
2025-05-14 17:09:36,7c3063cafa61331e9310a0a6e709dc87915cde9a861beabf2d1125302a70da3d,896699,546.0,1297.0,2.375458,2,1,855
2025-05-14 17:09:36,305d4b134bb142e0d2826132716cff45fef3de3611fe07ccfdfec1208a811f8d,896699,10347.0,340.0,0.03286,1,2,235
2025-05-14 17:09:36,39515a4d47c51f0aeb1820cb2ec114890ba5133a3dc6e34d2aefa145ba84b85f,896699,397316.0,748.0,0.001883,2,2,371
2025-05-14 17:09:36,f1593f60b784b7cce8e1f55c604a5564494d916215f26e8d353e3f282fc2469c,896699,10144578.0,1045.0,0.000103,2,2,370
2025-05-14 17:09:36,e1c920aa23c6cd4242700dcbc9f5b763b10dbd1c3a87d1117fc1bd5707352de1,896699,546.0,426.0,0.78022,1,1,319
2025-05-14 17:09:36,62ae5a80f44bfebd8ee43d094fed98c03db6e1cc34c6ecc272bde6dd264b3de0,896699,483691.0,459.0,0.000949,1,2,234
2025-05-14 17:09:36,c0e9e92efba9496450458c04e6d1df274643cf51565fa4d74f42cb906f53d444,896699,10145371.0,624.0,6.2e-05,2,2,371
2025-05-14 17:09:36,1e5a63d2f21df50968eb9bda8866c4cab7bb8f92b9ef27d660700cfb7167f5b8,896699,520022.0,678.0,0.001304,1,1,189
2025-05-14 17:09:36,93578e0014fc3b1c31e7ef805109274aeb064232778a239ff1eb62ef9b8f10b7,896699,588868.0,549.0,0.000932,1,2,234
2025-05-14 17:09:36,55b1d672ea5af9886d8aea5da52c7923c3628e8224b2234e8cf0e5bd4cfdf59d,896699,670375.0,549.0,0.000819,1,2,234
2025-05-14 17:09:36,2987dac69fecaeda0d3892cabe59dbc63d932e8bb1a8c1a311fd4861f23cbdca,896699,552523.0,506.0,0.000916,1,2,223
2025-05-14 17:09:36,0004f3c08db68983c55101d2531701d0a2838a205f3b7ff57161ecee1b5330ac,896699,525670597.0,1485.0,3e-06,2,3,413
2025-05-14 17:09:36,129c27b8c9ee41f64fb3fe8403ac5d0365d6265ed1896d083d327db05560f1ee,896699,84977009.0,518.0,6e-06,1,2,226
2025-05-14 17:09:36,7136103336eb4033bc06b839655c2bc93b7e19cc6e6bf2bf898f606b7c8653e6,896699,8071135.0,518.0,6.4e-05,1,2,225
2025-05-14 17:09:36,d992644f3f347fc6f795f2dd59ea3ca2e3c88952b77373e0b3584646a17d48e2,896699,238472310.0,518.0,2e-06,1,2,226
2025-05-14 17:09:36,574acde1191c941d803f003d78b1621de82ab0d45eed6daf334786d61dcf8fd7,896699,216525731.0,518.0,2e-06,1,2,226
2025-05-14 17:09:36,40ea9c35b3b2a5c9ba7e2c3554110e494bd1169cc8d4571fe17b55a32ee52ea8,896699,356793534.0,518.0,1e-06,1,2,225
2025-05-14 17:09:36,ddd48832b298092b2f4b65210c7e2604579676fd347393bc483addb85e898140,896699,821398643.0,518.0,1e-06,1,2,226
2025-05-14 17:09:36,44844422616e72fbc643efa3a88e6bb07fec086c03f7403c1a9e3cd46beac43f,896699,470107476.0,518.0,1e-06,1,2,226
2025-05-14 17:09:36,1b6cf7b6ec950d838715855b03ebb55a13ebca8344ad7ef6b4c1f8c3379aae1a,896699,50836.0,813.0,0.015993,3,1,376
2025-05-14 17:09:36,ee397bc5dd03bc94921bb8dd986697951c726940f4e9352b380bbbf4760364c0,896699,82880851.0,644.0,8e-06,2,1,342
2025-05-14 17:09:36,db603d7962780f028fdceab140bab8c8a9875d5e505f4dbcad572de09a643ea7,896699,34657.0,752.0,0.021698,2,2,371
2025-05-14 17:09:36,fad8209bc775571b067aa7608bf3696ad08fc589c968173b1b710b21e3681ee8,896699,99756578.0,842.0,8e-06,1,5,315
2025-05-14 17:09:36,75037631c2813fa344464bedad54e6238f0929d721362bd7539b4a5547b92448,896699,399419.0,511.0,0.001279,1,2,223
2025-05-14 17:09:36,d6ca9509d5fed9a262165620e85243dcb5be04fcac83d9fc1580f5d74fa5db31,896699,85164.0,511.0,0.006,1,2,224
2025-05-17 09:37:04,f161b31f26f1aba7373da9bd6162e864820bcdc45ed5e834c9d1be1005faba31,897084,1117643.0,765.0,0.000684,1,2,235
2025-05-17 09:37:04,feb0ceab319db56ebb6f8fa3011289549ef94bcb43caa72aa425fd751d0c4c69,897084,1119664.0,765.0,0.000683,1,2,235
2025-05-17 09:37:04,58fdbabe99550bead315276a9158074a0d56e2a89f30669615244fcd28630b98,897084,1121685.0,765.0,0.000682,1,2,234
2025-05-17 09:37:04,ce7a9773f540c66e4bb074faa6369c3d7c07bc1e1b7c27df624811b754ddda91,897084,1123706.0,765.0,0.000681,1,2,235
2025-05-17 09:37:04,f9eeb0b37a40036d3a627a8338479f1ade511dad6f4a55aee6869a3d96f4096f,897084,1125727.0,765.0,0.00068,1,2,235
2025-05-17 09:37:04,ba54524d6d13d791ec30e9f9ce3db3d3d88946b886042a85f2be16d2be333fc3,897084,1127748.0,765.0,0.000678,1,2,234
2025-05-17 09:37:04,d0a1fcac49e75885d1cffafafd1aea5b885303120cc1dfe6ff3e2158557d7204,897084,1129769.0,765.0,0.000677,1,2,234
2025-05-17 09:37:04,e13d2892196f84c666fbca4ffa17049d355600bc0ebbd9ddc76713ef2cd6d339,897084,1131790.0,765.0,0.000676,1,2,234
2025-05-17 09:37:04,9cb35179ecf40d78fe1876908d595d9b128f45df75b87866e980078d8ca348fc,897084,55503999.0,804.0,1.4e-05,1,2,226
2025-05-17 09:37:04,000e16aa1ac45c85338e0f3ea59439d9510175bffe20bf958ffde62f3c6cf3f0,897084,468739.0,804.0,0.001715,1,2,225
2025-05-17 09:37:04,48fb75d0bcbf3769b8d3ffaa5e75f05ee99c214e14bd4d0102b6537ccb54f5ef,897084,40326.0,804.0,0.019938,1,2,225
2025-05-17 09:37:04,6316116fe2b821023cca82561662fd5273bf43119ce75bd071e4946ef599d0ec,897084,84344.0,804.0,0.009532,1,2,226
2025-05-17 09:37:04,9a442de225aaa8821e96aea1ea5531b07cba66ac228e225b4df3767d2d2bc0ec,897084,53813.0,804.0,0.014941,1,2,226
2025-05-17 09:37:04,553a135fda8bbb99495cb8187273bebafe172dbc546aca23eaa858ca34c701df,897084,229988.0,804.0,0.003496,1,2,226
2025-05-17 09:37:04,8a8e7527aa5dfb5172f803e4c0674c39a54c3af358c931e8e1c5040f1aa246b4,897084,41222.0,804.0,0.019504,1,2,226
2025-05-17 09:37:04,0c54577d726f8a89033b4e596e4d7921945b384978707e52cc20312a3cb43e94,897084,2745893.0,804.0,0.000293,1,2,225
2025-05-17 09:37:04,6e12f73c352e9d58699541b6c8b402c2750c67686e3f1a156abe286f6d426891,897084,195814.0,804.0,0.004106,1,2,226
2025-05-17 09:37:04,9a5cf0a1f66a2b2b79e92fc580a8b140a8bfdb566633368c6f2c95763911337f,897084,37478.0,804.0,0.021453,1,2,226
2025-05-17 09:37:04,646a8263994262273ffffcef2cb6de67080437041578491c3754dd3400073c6a,897084,54762.0,804.0,0.014682,1,2,225
2025-05-17 09:37:04,4c2efe718fa5b1504f60950bee48e5619f78a4387269499b6a94709ace77fe60,897084,149729.0,804.0,0.00537,1,2,225
2025-05-17 09:37:04,943f032d7196c69df1a65e6a14dd9d03b144ab8025c0fcf681bae220eb039b4a,897084,206871.0,804.0,0.003886,1,2,225
2025-05-17 09:37:04,863766774d67ac19284f84dc276281ae0bc690594bc880b7a93eb218490af649,897084,20420.0,804.0,0.039373,1,2,225
2025-05-17 09:37:04,be93a3bcca3dd35c39b9d278484cb774cdc5cf5a80c72d516864717636f62b48,897084,396607.0,804.0,0.002027,1,2,225
2025-05-17 09:37:04,81696dbe7ba52ed919a1f9a7ac917260148dbad0012b4683ff9c18d8aad04c40,897084,99003.0,804.0,0.008121,1,2,226
2025-05-17 09:37:04,198ae4bd43b2e17a5cc213c41d72cf11efa8266958a6fe1e26238715da2ba43c,897084,3073167.0,804.0,0.000262,1,2,225
2025-05-17 09:37:04,30078bf5f89fb03ce67171d25d91044e72a59417ebfea53629e4ed24c22b1729,897084,882113.0,804.0,0.000911,1,2,226
2025-05-17 09:37:04,aaf43181bd0ae2c9f82e7d084721adabe822ec9d7f04f20a37926f7fffc4d428,897084,25215.0,804.0,0.031886,1,2,225
2025-05-17 09:37:04,d8b0d6f77eb4213fd0dc8db349e126847e2b1a98d49a5d783d7ef706bda93e1f,897084,2419241.0,804.0,0.000332,1,2,226
2025-05-17 09:37:04,4f1c6c352ced8a3803cc460a47b4e5edb464551a4a9359328843e3f640191e12,897084,100971.0,804.0,0.007963,1,2,226
2025-05-17 09:37:04,da017812b85497fc9de259ae30b6675a651f0aaf32513a4d7a19f6d77112420f,897084,172431.0,804.0,0.004663,1,2,225
2025-05-17 09:37:04,75ab40d2f05dbf01cbad44483b2712c988e3f11566184a1a2fad77aaefe30c09,897084,558128.0,804.0,0.001441,1,2,226
2025-05-17 09:37:04,a08ffea1796c61ff39f554006734b3022d1514c5bd23501458f1f94067814b00,897084,2074826.0,804.0,0.000388,1,2,226
2025-05-17 09:37:04,032f6d1cb8f7e9754f80cf936a538a368b7610a842813db2dfe83a302724a656,897084,26512.0,1363.0,0.051411,1,3,326
2025-05-17 09:37:04,784faa603cb6ca0e80baa69e37b751da2cdb2b1dcaebd496382f3f2e99852dd9,897084,18865381.0,8496.0,0.00045,15,1,2271
2025-05-17 09:37:04,0d6c15efeab5ac34fa98e5e3a1fba699082bb8142e25dce308fdf5f8323c99cd,897084,2646585.0,2630.0,0.000994,4,6,727
2025-05-17 09:37:04,a4ada545ba1929fb076db20b5c5fb4e773819e7e1942408c41542fb722dfa06e,897084,4702415.0,1590.0,0.000338,4,6,699
2025-05-17 09:37:04,c820e2ea2cb80fc684056148ee448851e245fa8776aff814dd5a8c98c3ecd267,897084,6654604.0,1590.0,0.000239,4,6,699
2025-05-17 09:37:04,86a7c7602cca6da76b193a909b0851328caee083918798acaf5f9ce62ee6ae33,897084,3730000.0,10121.0,0.002713,1,1,218
2025-05-17 09:37:04,94871c9f4cf6d8f73cf84beadfa84492decec8262b3ec16fa2b7a76f75d55e7e,897084,3740121.0,2819.0,0.000754,3,1,365
2025-05-17 09:37:04,2b4ee5a2bfb8cf59f4ddfaaee127d8c157bbccef5ccf9e03929d68c397bf5e2b,897084,48679364.0,18450.0,0.000379,3,1,487
2025-05-17 09:37:04,934507b5012783d608d6c2d6293d23d639164f5d1874a9333c4e9095bd9cf46d,897084,5509152384.0,147336.0,2.7e-05,267,330,44094
2025-05-17 09:37:04,f78e8667c5e69638f65e375c3b73c2c08fa43d5f404c9bfd7a7b90b14a8fcb7d,897084,703754.0,998.0,0.001418,2,1,340
2025-05-17 09:37:04,b2c1cb2c76f537e6fbb575e54215501405ac85dd34af03ecea432ea89f76533e,897084,466031.0,998.0,0.002141,2,1,340
2025-05-17 09:37:04,2a73da7e56fb20f7c0a6d1508833d71c3bcfe1a09358ef390f95a89575b62de2,897084,960927.0,1105.0,0.00115,1,3,248
2025-05-17 09:37:04,ad05518987e4c47469a062f6cdd9bbd31dd5716d60170c0d9863846c3de6ae2f,897084,10698895.0,1105.0,0.000103,1,3,248
2025-05-17 09:37:04,37b773fdf6c4b92a06494e5279fca9edec07d3d8b379bb5d416b706203ee0d29,897084,698895.0,1105.0,0.001581,1,3,248
2025-05-17 09:37:04,abcb7c53b9c205ae9f1e9c0c3e3256a6cba0a36724aa08fb2eae432b824e7aaa,897084,118836592.0,846.0,7e-06,1,2,223
2025-05-17 09:37:04,e25aa0501304ea931cc591124a27468478f4e04500cd7565a85f6b280e1a4149,897084,118843438.0,1037.0,9e-06,1,2,225
2025-05-17 09:37:04,54a7705ede91bb7b0e22484963a4c03a2c2c64253723f55a3e877e37d11c13f9,897084,119389175.0,508.0,4e-06,1,2,222
2025-05-17 09:37:04,6772d2588adc9d2fba3b50ab4c231eccff494a58adb1d95e917f4300981d8acc,897084,2907.0,1029.0,0.353973,2,1,340
2025-05-17 09:37:04,b9dd5d39f690b05cd439a1ae7a88db7e7375c3a0668b2430d73a25af8f841b98,897084,1655637.0,1687.0,0.001019,1,2,245
2025-05-17 09:37:04,3da14d14a8ce29ab532b330f3ceda3a11a8ca9d813b3d3f49f01420cdc66ce5a,897084,1669838.0,536.0,0.000321,1,2,224
2025-05-17 09:37:04,376db22cceadaa5a559088a4d64a2d59ea8f2fd60da70a92b5b89ecc72edfbc2,897084,1679034.0,530.0,0.000316,1,2,222
2025-05-17 09:37:04,2cdcc28f8742ed60725db8dd4a1803cf8e36550a7d77ad5a748eb5b727aaa2d7,897084,1710434.0,530.0,0.00031,1,2,222
2025-05-17 09:37:04,5e0cd4b735016e8942e0245d8511080418b2534791783814f11c1ef014ca79a6,897084,1725410.0,785.0,0.000455,1,2,222
2025-05-17 09:37:04,dad01fb733874096b24051c23cbe8dc825bef5439b2f09286c5e808054a6f649,897084,48318.0,1384.0,0.028644,3,1,490
2025-05-17 09:37:04,0dce550bff89a488a4c695d53892ae801809f93ad6e43d3c5a8e5b07656f59a2,897084,1821311.0,4200.0,0.002306,1,21,827
2025-05-17 09:37:04,9a40679805f15bdd515ea03fbaa21e99bc4d300ec9f777a7160e171edd259fd0,897084,76924.0,998.0,0.012974,2,1,339
2025-05-17 09:37:04,85e4c2166f70e8a202533b7c37f41e702ae48a2a22b6bf1596bcd3618cb770b9,897084,2056944.0,998.0,0.000485,2,1,339
2025-05-17 09:37:04,2684e198939cf7c617b79705fe90f784ee78c936149ecaeff7617c0daa860ad8,897084,1067000.0,688.0,0.000645,1,1,204
2025-05-17 09:37:04,ee0e28f1cada0fb5e91ba2cb08b91abb1624a07c4830f5b5a11f4e86e7fbc595,897084,66853.0,791.0,0.011832,1,1,195
2025-05-17 09:37:04,91a6461b002432c7a991ffda1ffaa2e96bb6bbb1da792585b3e0d4c84a564be0,897084,127744.0,643.0,0.005034,1,2,222
2025-05-17 09:37:04,6b5651119fe8859d097e5a6aad1bb5532fc577d633922b749b5f62e4c2368dfa,897084,1671059.0,804.0,0.000481,1,2,223
2025-05-17 09:37:04,a111532820ad16c7a1f6bb8470c703bdc9c20c731ecc4c05c9854e2fdad620c4,897084,303848.0,804.0,0.002646,1,2,224
2025-05-17 09:37:04,bcc88d4ea256db8a8aec8bad2608fa44acf8eef3e8702b613a0408fcd8b9d3a2,897084,695435.0,804.0,0.001156,1,2,223
2025-05-17 09:37:04,1be3978abcc83324255c4f45c1c57623be57d151847a1f773ef354391f0eaa77,897084,716192.0,804.0,0.001123,1,2,223
2025-05-17 09:37:04,9e7fc145d61f9cd4f35e6ff875643183a85e2cc0305f17141332f1fbbbeaf452,897084,13142060.0,804.0,6.1e-05,1,2,224
2025-05-17 09:37:04,c78818bd157fbfc0a5334a75c718b307bceea16a67771ec7045a258c9fb7db4b,897084,2898128.0,804.0,0.000277,1,2,224
2025-05-17 09:37:04,9eedb40b39126363817379dcff0a13ec5ac1ab42cc18edbb940927ab97ee080f,897084,228778.0,804.0,0.003514,1,2,224
2025-05-17 09:37:04,5d35aa57845cc16af7e9207f91b4540e37d2103474d62e7da3bc82f6365c0139,897084,626154.0,1463.0,0.002336,1,1,192
2025-05-17 09:37:04,a8f9413e745739b4c89118b14cc68897b816a1f8decd6adaf0ff766a1fea49b6,897084,966793.0,904.0,0.000935,1,2,226
2025-05-17 09:37:04,1a378607ce49a4b45fc757d5bed67c6ba50b9955d0cec01eaebf8d2d25740fe7,897084,1583240.0,623.0,0.000393,1,1,191
2025-05-17 09:37:04,8f7cfeebbdb4bd17fed99912fe890fe740a2248bada1bc39260abafc2b276dfe,897084,16346.0,641.0,0.039214,1,1,195
2025-05-17 09:37:04,d25e94961d11d82bc38360c931f5a4e425340d1f2d649e950e9b156c7f8773f7,897084,31886.0,641.0,0.020103,1,1,194
2025-05-17 09:37:04,6a4cb3a86e80db9c2b84c3524593be27d2cef357499473896bc0498b27ce2bf7,897084,15896.0,641.0,0.040325,1,1,195
2025-05-17 09:37:04,595b9cf87738747f55b558927724ff70c8d3273dcf64f83e8bb0892668f863ce,897084,87858.0,641.0,0.007296,1,1,194
2025-05-17 09:37:04,ccd2121e0d8e71ac5ab137828ed9e2841c2f5cdfab63e1a08b3d36254e0d0caf,897084,137882.0,641.0,0.004649,1,1,195
2025-05-17 09:37:04,8578e0b19477911fc5170e45983166a61d6eb8d21c56321ca08ad96af75677ac,897084,24569.0,641.0,0.02609,1,1,194
2025-05-17 09:37:04,4f3dd41ea56927a7ad2360b1a5946b0d86b5f9bb2c6c4c008753ac32186c4d6b,897084,9859.0,641.0,0.065017,1,1,194
2025-05-17 09:37:04,7ae2c2a0b9454c427bbc694302a7a1024fa9a45fb958e56a9c95835b161de65a,897084,92009.0,641.0,0.006967,1,1,195
2025-05-17 09:37:04,401d5ab378c22726185a0c4001897c740db3c6046681040df650724cfe64a554,897084,57234.0,641.0,0.0112,1,1,195
2025-05-17 09:37:04,70abdf8b59449d0318a168c3b366838210e1103ab035cf6bc5a0dbacb34fd552,897084,65506.0,641.0,0.009785,1,1,194
2025-05-17 09:37:04,1b064b2cf949cabcb81494f5624253db517ab717aec9bc1afd482748fc066049,897084,97658.0,641.0,0.006564,1,1,195
2025-05-17 09:37:04,e4c94e17facd9963b7f86f31f14a3d5a56b9914cc9cfd93b24ce63e58b257b3a,897084,399451.0,641.0,0.001605,1,1,195
2025-05-17 09:37:04,1d39f81f267e33649fd18a93345a0a8e19c01cda1b30a6d139c39405e59db531,897084,298439.0,641.0,0.002148,1,1,194
2025-05-17 09:37:04,94294239974a5e6cf63fcb4290dac7feb2412feb505b52ef86a20b2838ed6b2e,897084,530223.0,641.0,0.001209,1,1,194
2025-05-17 09:37:04,79d8d1b6ce0839d09c1faf1b7232f5cb2a6fe24da75c6446887d27cd1b159828,897084,279609.0,641.0,0.002292,1,1,195
2025-05-17 09:37:04,bd54e3e359ab41e1ee5de80f3ed9337d8b86aaa1fb39b31f66f6b4f2012eeb27,897084,448596.0,641.0,0.001429,1,1,194
2025-05-17 09:37:04,72af6f39d9a23c9cfb653fe3f8c5b4e55f88721d1aa795b5460dbf2103959e12,897084,29819.0,641.0,0.021496,1,1,195
2025-05-17 09:37:04,1bb6c38737822e72bb23dcca0c9c37ec06bc4dc2420d0b7ffd17440f9f1e2ce6,897084,652102.0,868.0,0.001331,1,2,234
2025-05-17 09:37:04,45601531d13ac9fcffcaf5333f2ee4ea0bab32bc846104d7b3ab65b975de22cb,897084,672689.0,868.0,0.00129,1,2,234
2025-05-17 09:37:04,9b04ef83085f1e03efeebc453fcf5f4b86f96aaa851e636fc82d015cb4e3bcba,897084,706022.0,868.0,0.001229,1,2,234
2025-05-17 09:37:04,cc3d2d4ebe90e4630e1d7a99a89936ddb5fcbe0ac4faa9ea72006127647cbb4e,897084,706581.0,868.0,0.001228,1,2,234
2025-05-17 09:37:04,2eaeffe2df9a041a1989ac7c99bb207277b10b3fde7f5d8c061ff7b400d25220,897084,690637.0,868.0,0.001257,1,2,234
2025-05-17 09:37:04,d23cd2c76ae4cfeafae9893f1f0fd7950bfa8dfcd5bb752339b73e182748a4fd,897084,790100.0,800.0,0.001013,1,2,222
2025-05-17 09:37:04,95cd7676f84baa8ddc6e71aa5a92288a4edddc843d40636fdf399cfb417509c0,897084,3949200.0,800.0,0.000203,1,2,222
2025-05-17 09:37:04,bff8df01e9e23d5c3f86b96a4b0b4f942e05f960046a8220289546f1e7a4f261,897084,98307935.0,1008.0,1e-05,1,2,225
2025-05-17 09:37:04,5e75daa28f13962da0a8eb842bc4dbd43777ddf5c353636938285f44e243025d,897084,99358706.0,987.0,1e-05,1,2,223
2025-05-17 09:37:04,5b838de99ddefde68a0dc6d6d0fd8cad130124f0b230d131e364ccfc754c21ce,897084,100226923.0,423.0,4e-06,1,2,222
2025-05-17 09:37:04,75b165b400a1497da88e3325f373af290a31846cf296dc937188fb2030da3a3b,897084,4455409.0,1872.0,0.00042,1,5,315
2025-05-12 03:41:07,e89d7ea1f5365d2439a0740ade5e2fd79520003e0966f39a9accca1a0ec82a12,896353,94662.0,434.0,0.004585,1,3,298
2025-05-12 03:41:07,1a553a05fd36098e340ea07093f7660922a41d1934cb2f5e3f6da7f53adfe710,896353,72973.0,434.0,0.005947,1,3,298
2025-05-12 03:41:07,ddbedebcac603356ec962e9357c9ae71534fef917baf64e5f1ea44c42b26d710,896353,655466.0,434.0,0.000662,1,3,298
2025-05-12 03:41:07,800e619297739da8fbd57acdedf218d153daeb1a6ae6d023c82323f2bd2cb510,896353,94662.0,434.0,0.004585,1,3,298
2025-05-12 03:41:07,c9f3a241073c70865b2c20d2eeecd8605fca140f44ca2c820ec6770edb447e10,896353,126174.0,434.0,0.00344,1,3,298
2025-05-12 03:41:07,638925e67fc7f67c7344fab01d3ab5f6fb87bf4af7000e6bba7540f40e532b10,896353,2519380.0,282.0,0.000112,1,2,223
2025-05-12 03:41:07,6222b196a436aa924fb532ad6f5b37e5af1b82f3aae2d54ea177f9a5f0371e10,896353,255463.0,222.0,0.000869,1,1,192
2025-05-12 03:41:07,8e974c4a1c60247c4bce922e87630f1f1977013149914c934e42782e700cf30f,896353,42548.0,452.0,0.010623,1,2,226
2025-05-12 03:41:07,2c0d9b5b0784711c10626e41f9f0eb9f1d6957297c95cae533e9d7eb3cd6c30f,896353,64110.0,434.0,0.00677,1,3,298
2025-05-12 03:41:07,4c21648202b0f598500d2baf2111b9c75ace7b8ed2d0b135d144695f5d9fb10f,896353,208585.0,308.0,0.001477,1,2,205
2025-05-12 03:41:07,a90e7aaa1b03707226bdc0fbab9e0da4be04843a66204a7e6ecba92d1ddd960e,896353,146061.0,284.0,0.001944,1,2,224
2025-05-12 03:41:07,690993f2d6752f5eba4e11787b3ae0e82b61016aac0de28fc6e1332b4478530d,896353,285419.0,568.0,0.00199,4,1,483
2025-05-12 03:41:07,a50bdafd457fb81b167f60ef386c8fdf635522dd1b1e32c230051bdd1e9c260d,896353,88131.0,434.0,0.004924,1,3,298
2025-05-12 03:41:07,5f7804fff1757d62a2be87153b2a44a84b4126b6937d546681c15505d328e70c,896353,191894.0,282.0,0.00147,1,2,223
2025-05-12 03:41:07,891c016ad763f8ff00ad1d8a33234078fc23be1958634615ac4d14a72b61c50c,896353,410985.0,288.0,0.000701,1,2,226
2025-05-12 03:41:07,01aca00e217d49fd3d62cec09e71f5ec60106bdbac967b47f7d774d580efee0b,896353,112850.0,282.0,0.002499,1,2,223
2025-05-12 03:41:07,d91850ff9360f504ec195ad76f4ad7b3cb879c76e69a4e0a4bcbb4e8178e8c0b,896353,57774.0,226.0,0.003912,1,1,195
2025-05-12 03:41:07,3dee59433941016e3cdcda1f6e98c48286a44124bfd35442af8fd8078cc5f809,896353,1586.0,410.0,0.258512,1,3,286
2025-05-12 03:41:07,1d7f6ee14098562c0d9baa3b44165689addaac7231456d9060677efa5eb83409,896353,1362.0,410.0,0.301028,1,3,286
2025-05-12 03:41:07,2eaa60a51949f68c1187a72f3ad0a92856fd504c352716ab6fd2cb154e951c09,896353,64482.0,434.0,0.006731,1,3,298
2025-05-12 03:41:07,d9c54d5cd0707e27bc51eb80bdc0416e931bdde5803eed16a444361b234dd908,896353,45737.0,220.0,0.00481,1,1,192
2025-05-12 03:41:07,5ce78706d9c8b9ad9490d979491bcb2c6804f5e834ef17ac32d7d2da494de707,896353,1586.0,410.0,0.258512,1,3,286
2025-05-12 03:41:07,86544fc0a04609cd1bff43bbf3658d0175c13d9d7be169db7605f386bfb38505,896353,337198.0,434.0,0.001287,1,3,298
2025-05-12 03:41:07,5672cf9dcb7d0d88c2762b86444ce9d3a3c07d463c321fa9cf9186faecb8e104,896353,399230.0,308.0,0.000771,1,2,205
2025-05-12 03:41:07,58d3be5cdfffd98defca312c0a6c204777a6f486aa2648d752ac2ca4f78f0903,896353,176739.0,446.0,0.002523,1,2,223
2025-05-12 03:41:07,300cb771cec1c48b13e3a49c05fb3c31c748436b0687b861719d69728a707f01,896353,25880.0,220.0,0.008501,1,1,191
2025-05-12 03:41:07,c038e35ecdf899e5514ce5f457d682f2e31244fc0c3c12f68ba9d6e5a90e7401,896353,64283.0,434.0,0.006751,1,3,298
2025-05-12 03:41:07,7d2c11fcc13111f8a81ef40cc541b0b1463f6d48d35d8146e681681668ef7f00,896353,14760.0,424.0,0.028726,2,2,312
2025-05-12 03:41:07,437cf2b9c61f335b0bc94752ab616c736fe18d9fabd9c2faf137ea1e59094d11,896353,109676.0,36730.0,0.334896,269,2,40026
2025-05-12 03:41:07,2da0d569ef22d60b1a217b752a3912d2200fcd6690afbde9f8534f9734992fab,896353,203556.0,2222.0,0.010916,7,2,1109
2025-05-12 03:41:07,45aa08bee9533cda7a0bb051b871a1ef979e7e852a75204588e19882dc631665,896353,731783.0,1104.0,0.001509,7,2,1117
2025-05-12 03:41:07,b77b0d0535194f7fb5f58ed206bd3006d24465655234cc7d183936a72b24b3b1,896353,538056.0,832.0,0.001546,5,2,820
2025-05-12 03:41:07,c26303f3e14533a010140e73719d795a37e1c0a64ca9648d6f8b65c0943adb73,896353,674891.0,766.0,0.001135,5,1,787
2025-05-12 03:41:07,5d0965d05b33fc2a43a34ea7e0dadfbb287d1f458fef30124006573e6b2dbcd8,896353,34875.0,744.0,0.021333,2,2,371
2025-05-12 03:41:07,21bcf0d57e1d46290224a39b84e46b58772f9acd35a308f1aff47d7865db7dd6,896353,50829.0,744.0,0.014637,2,2,371
2025-05-12 03:41:07,151485558ecf4a2ec09ca1f16970556747fbb2e1ae6b84c8091a9134ab767a45,896353,45445109.0,744.0,1.6e-05,1,2,371
2025-05-12 03:41:07,c11e3818bdffa88ee5b8567547340bf9f7afeb40f905a5d81738b56ec9989d87,896353,9762042.0,690.0,7.1e-05,4,2,668
2025-05-12 03:41:07,31bf7d6c0e02ef7628afc1b84c83c4fa0306fb3327e39ef570c08add3ee67d16,896353,16464709.0,15748.0,0.000956,115,1,17121
2025-05-12 03:41:07,afde425c1ca7856f01ef1be66a4dd6c5c5e8a2e653bb4de1616d7c2d495cfaf5,896353,816217.0,634.0,0.000777,4,1,639
2025-05-12 03:41:07,d1929f8bd1ed2a2957856a088c77cc4e96168030f94c8e9d535a1831bae8c7d6,896353,8390.0,628.0,0.074851,4,1,635
2025-05-12 03:41:07,29d2b214e68469cb25961593d887e6f22932b17a2a55d4cd26c19f1366b2240e,896353,102691.0,309.0,0.003009,1,2,205
2025-05-12 03:41:07,1cd02302e72a3e089278100884ea8484449f13a3ca3de8def61d76baffc3d84d,896353,1773248.0,540.0,0.000305,3,2,419
2025-05-12 03:41:07,15453a64c3e03e33418248923bf62a448dee97f5557b06a38c3ebfd067d5600e,896353,34545.0,516.0,0.014937,3,1,500
2025-05-12 03:41:07,b0ae173b5e47ebd7cba1dee21faf3264ef4f1ce18e3b0b2004aea2d368db0fe2,896353,1377786.0,452.0,0.000328,1,2,225
2025-05-12 03:41:07,2530af48326d11ba3bcf398daf50fcbb3828d2018dba615d909d87ffbcd413c9,896353,233595518.0,452.0,2e-06,2,1,387
2025-05-12 03:41:07,6000f39f77cd29df9f3fcc32d5bc87a6300cfd85432a7912ef4b683c37d33b85,896353,190168.0,452.0,0.002377,1,2,225
2025-05-12 03:41:07,d987c3a1971c483138baf48f2e0519e8e9dd1009df976d0c5f353ca70a8d0a13,896353,8599550.0,450.0,5.2e-05,1,2,416
2025-05-12 03:41:07,d7668018c1ef015e4924099779fe96198f69c67f933a8dd241509efc677286b2,896353,302607.0,448.0,0.00148,1,2,223
2025-05-12 03:41:07,a14e75329740e740297582a6acb288336f33bcba5ee2b7dedb553145578f7534,896353,631666.0,1334.0,0.002112,4,2,664
2025-05-12 03:41:07,9b793752a6f89132110fdcb7e1fe1aa024057607bbd2e0f96002bf790590ae44,896353,493423.0,440.0,0.000892,1,2,219
2025-05-12 03:41:07,acf18911f8e61cd73fcf6ede5f4dce9eb1fc9c46802905c95bc14210776d63d9,896353,2254360.0,570.0,0.000253,1,2,283
2025-05-12 03:41:07,e7a82af2ac1423fbd3d7a3b6b715ee3a5b6408dc7dcdeae9bdf6847b45a68c6e,896353,2254930.0,570.0,0.000253,1,2,284
2025-05-12 03:41:07,b3bc368ff6a07d37b0878f984e80102fc7302e5126005193bea1d4dec497f41c,896353,2255500.0,570.0,0.000253,1,2,284
2025-05-12 03:41:07,b4c30577026d4f6939dc912ad56b774579dd894d86fc2dbc7e08880eb57241fd,896353,10764.0,426.0,0.039576,2,2,375
2025-05-12 03:41:07,636cb1893b60310b4f0dd92f07765dfa0f09ce083aa250440be4a34f04a7c317,896353,264439.0,420.0,0.001588,2,2,371
2025-05-12 03:41:07,4297b252adbb13beea7192e61ec6b61dfc852fbe3419ff02353946d9debebafa,896353,158530.0,418.0,0.002637,2,2,370
2025-05-12 03:41:07,e504c2f63c443bb5c0e92c68f3d9e569075cc2e16564e89289449bc826fdaaef,896353,127650713.0,418.0,3e-06,2,2,370
2025-05-12 03:41:07,73c2d45056b8fce4a18a8f5d4c0374f3eba068b3b924c3dee38fc29341b1db7e,896353,40011.0,418.0,0.010447,2,2,370
2025-05-12 03:41:07,7832d6fa1dfae6cb9f8fd1002ba9d0634ac355c8aed3bd4310ca632b357bc704,896353,3498815.0,3618.0,0.001034,26,2,3713
2025-05-12 03:41:07,bd49de3d1c111f31e8de4dee6353c871069e456da05aa0cedb3de8e0d127c42b,896353,5677045.0,386.0,6.8e-05,1,2,383
2025-05-12 03:41:07,22e23a60e4cec2fe87a3cf1171162409ab889130115754ec756a68291ac81dc3,896353,9599616.0,384.0,4e-05,1,1,191
2025-05-12 03:41:07,1adab4e0870002e4c028ab95df887fb18c45db67affedddb121a74133c78d310,896353,12998392.0,382.0,2.9e-05,1,2,381
2025-05-12 03:41:07,85bd1842a222100de3c134f2d23fa57f2eb0232ea99055671be6dc83445482fc,896353,53312346.0,380.0,7e-06,1,2,380
2025-05-12 03:41:07,d0990a36d85987dbc00a421d95f354a7b0f2fb13ccbbb66f223759dba3f00c76,896353,3563566.0,380.0,0.000107,1,2,379
2025-05-12 03:41:07,850bd6bdfea86b47ee2df50e9b218cf8c1c2ef8a6a69e03fae8b4919ce7bc86e,896353,1508215713.0,380.0,0.0,1,2,381
2025-05-12 03:41:07,580d7777877664215c77a0d30a2f0284f5509659ad4acaff9b25a6d5806d576c,896353,44529947.0,380.0,9e-06,1,2,380
2025-05-12 03:41:07,64c513f9e1444f09049cbfb6352d2185101f44b224df847be6e426939cc1c314,896353,2449286.0,380.0,0.000155,1,2,379
2025-05-12 03:41:07,a036d9abfcc82aff70dfd5e1af8485c074ea758260c580657f8a1e13d0d99e00,896353,1443694.0,380.0,0.000263,1,2,379
2025-05-12 03:41:07,01ca132a083280f1d936e2792344267c48e3c2b41d63857f317cb280e035d836,896353,716161.0,748.0,0.001044,2,2,372
2025-05-12 03:41:07,63d3784e4ebe181305ec11a9c8a9530833c3842ba8f77a3612872ca7d65b9e2f,896353,461626.0,714.0,0.001547,2,4,735
2025-05-12 03:41:07,ab440d36337391a265026517c9420b4b493e8ee703e3684905c3ded986e82aac,896353,1747047.0,692.0,0.000396,4,2,666
2025-05-12 03:41:07,b8d99abb5bd6b6f7cedf3d29852f919ccea2b8ef95a6651fde317ed261074af8,896353,536.0,340.0,0.634328,2,1,269
2025-05-12 03:41:07,a64bedfbb5768cb2d336e32958f7778cd6c7626b1a79f9d38329d3351e4a3428,896353,15946753.0,340.0,2.1e-05,2,1,269
2025-05-12 03:41:07,adf1867a8cf8c7cd86158b20c6df4b47bde540eb25569e90bd0bea233458a8dc,896353,93155153.0,1000.0,1.1e-05,2,2,688
2025-05-12 03:41:07,b1a2e434a43bca58caacd4d43595bb9f6f3d9dfbb7a06e8ae77d734bb37844bf,896353,1251197.0,590.0,0.000472,2,2,673
2025-05-12 03:41:07,ef530d802a1fc42f6b298c127bc0721679c31fadf5a70fea24a6eb97875b74d8,896353,212673.0,292.0,0.001373,1,2,196
2025-05-12 03:41:07,b8c4766b139bbf9fbdb89e9054fa071358a63dcccfe42e2c8bb30975949501da,896353,1612.0,572.0,0.354839,4,1,483
2025-05-12 03:41:07,b549114ee811e5f9a942a988550171f64f4c612e641ac6450eb2cf2e04583dd1,896353,12714965.0,286.0,2.2e-05,1,2,193
2025-05-12 03:41:07,f9825aaab70a7576b226aea18661a42b535816b2fb79ef6b933e2161fce0be36,896353,209066916.0,286.0,1e-06,1,2,193
2025-05-12 03:41:07,cf52b9b5939eadf66fde6c725cd39949795dde05eb6c0104b3d46c5804373854,896353,297745.0,855.0,0.002872,1,2,283
2025-05-12 03:41:07,6fffe627e06f88cccbd471069d83cf9db061b2e5327cbbef46123ae547c2c910,896353,298600.0,570.0,0.001909,1,2,283
2025-05-12 03:41:07,aca4399b58c78651180319a6a77366dec2fcbc9c08ac11ddb9eb88fe4d70fd0e,896353,299170.0,285.0,0.000953,1,2,283
2025-05-12 03:41:07,085c9cc1a37017f4f628eeb09b3ef7cfc23f352b7bf7f7eb1c41e9ba77dc675f,896353,3328668.0,2270.0,0.000682,10,2,3024
2025-05-12 03:41:07,212ae73330d4f261190b95984908573c3a2846be8fc00159a5d30741f05319d8,896353,924422.0,262.0,0.000283,1,2,181
2025-05-12 03:41:07,936786035c0c7c53b08ce438c246e2a2044e8c43265b449b62ebff3bce2254c3,896353,15372.0,4284.0,0.278689,36,1,3907
2025-05-12 03:41:07,38cec90a39e93ebc4c0259a10e4b4f19d9b9f36f28d634c54faa180200799edd,896353,20532.0,5676.0,0.276447,48,1,5191
2025-05-12 03:41:07,9400d3e670480f98231d30f00266a989944d209911d60cfbdd195e32adc3e9f9,896353,23342.0,5908.0,0.253106,50,1,5405
2025-05-12 03:41:07,7f03b63baf02cc4197b6c373d4dc5dc5de125876b366658d837219fa26efc5a6,896353,51044.0,5908.0,0.115743,50,1,5405
2025-05-12 03:41:07,4c91f951a8840835364ea9b9b64476f363311cdf241f49ffb3743e89d6d853fc,896353,142836.0,40476.0,0.283374,348,1,37293
2025-05-12 03:41:07,c73d912b5f722a3987b3d389da7181ad5c5e9dd12373452b04b77dbc83718953,896353,20102.0,5560.0,0.276589,47,1,5084
2025-05-12 03:41:07,8e91705de795941d651c23b3949a8b7bbde025e3819bd4095ab407673fd338a6,896353,30936.0,5328.0,0.172227,45,1,4870
2025-05-12 03:41:07,3eecc725013c9ecba07bdc44f11fa54720fc8d862c569722a988ea65d25d45c9,896353,28460.0,2080.0,0.073085,17,1,1874
2025-05-12 03:41:07,e73ccc2260758290a0197389f1a58ee8530e917f2fa450fc90d6c5035cd135dd,896353,3762.0,1152.0,0.30622,9,1,1018
2025-05-12 03:41:07,3d8d2b0b9892ae253d1c76e68de90a2558e350bc154a0dc9f75262e6e23f1d6f,896353,3400171.0,2062.0,0.000606,17,1,1865
2025-05-12 03:41:07,a91ab6f97226e0f8912b9fcf90b4e40a839ee3e751abe20539ceb29566e34d3d,896353,1020852.0,448.0,0.000439,1,2,222
2025-05-12 03:41:07,bd598628f2d028282fc050f40da16b865c3fc4590acb2d9d513ae82e7ca3519b,896353,4959258.0,2170.0,0.000438,7,1,1075
2025-05-12 03:41:07,5408ad2900f13d73a42100c1deaed5dcb69beefb85c226775d83444047a4ba3b,896353,42397121.0,291.0,7e-06,1,2,225
2025-05-12 03:41:07,38a7831f103b39128895f883edd2bf26197371a8b3e024aa5e9e0b21afdd0e20,896353,34646463.0,291.0,8e-06,1,2,226
2025-05-12 03:41:07,827e34c97fe5b965e11102e3a5d0d66bbf3e59ee6f196b1b56b16342ffb2db87,896353,66973.0,364.0,0.005435,2,1,342
2025-05-12 03:41:07,4ba91fe0e0009727e0253815af58cd9bd9323218ceb2eec0c1016a1ceafdf686,896353,545290.0,230.0,0.000422,1,1,194
2025-05-14 17:09:36,c03258ae5457ac50299e52a7cf58f5afa1a4d82a99a3cdcf66eafffdebc51749,896699,862.0,222.0,0.257541,1,1,192
2025-05-14 17:09:36,bfbe0ab49063bcc91fdc87a0bb00f1cf7a5395cf649d8f69bf34bbd9a0faee76,896699,187697.0,428.0,0.00228,1,2,402
2025-05-14 17:09:36,ffeb0ea7ea506588c2dea400522b713e3765e18f4aa1edecb77271c93268a433,896699,1931845.0,386.0,0.0002,1,1,191
2025-05-14 17:09:36,4fded7bbf81a0e5f6f4f2c3f1f6ca9984062742361eec1db41f1dff054b6dee1,896699,557245.0,572.0,0.001026,1,2,283
2025-05-14 17:09:36,1b9e97f16b784f006543f9b5c4edbf43ae88cf3dbb1a8d81704420b437d0f8d6,896699,14286.0,225.0,0.01575,1,1,192
2025-05-14 17:09:36,0fea95bab61fe9d588a826e5dcb0a7cbe5a87e9f16783f09065b6c003024f079,896699,1014624.0,430.0,0.000424,1,2,402
2025-05-14 17:09:36,ed57c7b60e1933c681acc5fa352107b41887088b1b34ff7c18d439cf92222cfe,896699,19203.0,230.0,0.011977,1,1,195
2025-05-14 17:09:36,d6e83edeedb90f783691f6464d08a4475f98175aab44b472b78f2ff3208c4300,896699,22318.0,1386.0,0.062102,9,1,1401
2025-05-14 17:09:36,9bf83a8262bcc298302798d280e3274e7c6ce5b75a4be209cbe174d51902c651,896699,8805.0,721.0,0.081885,4,1,658
2025-05-14 17:09:36,2df810142f5b1a5503be5eb5c37818610a2b395dcaf2489ebaa374ddd18bb0c0,896699,26239.0,337.0,0.012843,1,2,249
2025-05-14 17:09:36,884362ef46e12e7ab914f99eebcc7239055164e836bc969a3cd31649a02ffb92,896699,26247.0,329.0,0.012535,1,2,245
2025-05-14 17:09:36,541d015294056d2eeb339db92d623f38b99da004a59bd365ffab1986361d0a91,896699,25629.0,283.0,0.011042,1,2,222
2025-05-14 17:09:36,331a3e9df72cffbe86eed5fe575527bf6d0234249e1ed7c947610dd20a1e9c8b,896699,24662.0,510.0,0.02068,2,2,416
2025-05-14 17:09:36,45becc0f558246d470bc54f0b5a8acbbd4f32f33f7cb39842b3fddbd84bc27be,896699,2850232.0,2158.0,0.000757,9,12,1494
2025-05-14 17:09:36,57d64d575284715bb6080c1b24806a4eaa15fb94083e8bee1ed35a5f59458640,896699,25526.0,602.0,0.023584,2,2,374
2025-05-14 17:09:36,7f28cc82f87a1389fb4ddb1732ad686a5646fb41ebae6578fdb1bd4ac32eb016,896699,651986.0,586.0,0.000899,2,4,445
2025-05-14 17:09:36,8ab6dc6fdb116e8d2f5f661970ea85ebfe57c25286e55d5494518c8cd28eeb5f,896699,17999708.0,292.0,1.6e-05,1,2,222
2025-05-14 17:09:36,340086c1794bdb53516816b9e1b05d52d5459d3058c674602150ff860ae3454c,896699,132768.0,292.0,0.002199,1,2,223
2025-05-14 17:09:36,90ddbbf6afe68e7ebe6721344cc6045110281ad400ab9c9bf30d5755d67b7291,896699,2380954.0,1540.0,0.000647,6,9,1043
2025-05-14 17:09:36,da08339c2e040c00a68f827111d08ffede9fe9595c80df3b07dc50f1e5987044,896699,1296846.0,1540.0,0.001187,6,9,1043
2025-05-14 17:09:36,b738c48d8c712af07962fb3c11bb164f63c39bf0d66b401a4fbacbd9f9b2f601,896699,120432.0,573.0,0.004758,1,4,327
2025-05-14 17:09:36,9a33afd6cd7503400282a1427294c7644baf3ca989b1e2d1546bd0bc45c5f9cc,896699,25135.0,206.0,0.008196,1,1,150
2025-05-14 17:09:36,54e17b724193220e70f2546f27fe78f85c9fe3dc1b4f57843362cf98f2106c68,896699,756559.0,294.0,0.000389,1,2,223
2025-05-14 17:09:36,f5e0fc3de1be066a8eb669b21348d08eb846ef2ec71c30b8f5eb5d31cf9d5d5b,896699,47713.0,595.0,0.01247,1,2,284
2025-05-14 17:09:36,1fe74ceaa206d4d7126a893cb39e972ae3750ad01857e1541a67e7b8229e4a6c,896699,48308.0,595.0,0.012317,1,2,284
2025-05-14 17:09:36,bc0b323871a15fe92eee6a243224273ddc9d1a9327f2a82f8f9c9ef8f50f264e,896699,48903.0,595.0,0.012167,1,2,283
2025-05-14 17:09:36,cf8cb842065879dd2593731150348f456d0e020ce3826fcd5e452b3d71fea7ce,896699,49498.0,595.0,0.012021,1,2,283
2025-05-14 17:09:36,148dc2dc2a19c71bcfe81decf6950622a7d534fb29588627a0010700878d824f,896699,50093.0,595.0,0.011878,1,2,284
2025-05-14 17:09:36,fb7ea6920666ac260576d84422191693b64daea9554811a27cd8e9e2861d9fa0,896699,50688.0,574.0,0.011324,1,2,284
2025-05-14 17:09:36,dd43aa0958f57c7273f75d50fa7c408d66e1bcd2c616925818c68027fac5cfc3,896699,24323257.0,402.0,1.7e-05,1,2,382
2025-05-14 17:09:36,8ae7f8ead6699d0856240bc8139524312fa60e70ee3c0e56f42351b8f920d34d,896699,258215.0,913.0,0.003536,4,1,1093
2025-05-14 17:09:36,e252e98a257f27f6736e3ae9de5d3520bb4b834558a516127eb57dec9f34418e,896699,1864563.0,1678.0,0.0009,7,9,1150
2025-05-14 17:09:36,c8ebfb104f3e73aaa3f7a2a3b6e7d7247164b8411ffac1a29fac6b2e1858900b,896699,47694104.0,396.0,8e-06,1,2,381
2025-05-14 17:09:36,70aaa395406dd392f906190447dde60ce168730cd51a8135acf0917413f7c745,896699,29199225.0,321.0,1.1e-05,1,2,234
2025-05-14 17:09:36,34273f1288e46257304c71fd2edbbae51727b5fab1a79755c9a649fd5a0b1438,896699,404003.0,321.0,0.000795,1,2,234
2025-05-14 17:09:36,af050ad629d4059cd71f532f2bce34d484ad899a735697ff4efa9c2ad9fd2c4d,896699,2355502.0,298.0,0.000127,1,2,223
2025-05-14 17:09:36,84d9c674e0fe9da3069a26a1420e53c61c4a05710a654fe6045333862a780460,896699,3990936.0,361.0,9e-05,1,3,253
2025-05-14 17:09:36,474f8f5864954bdab95be05d5172356dc2e0845179e09089bfb5bf9ba9490827,896699,2167693.0,615.0,0.000284,2,2,673
2025-05-14 17:09:36,46c92eec3919c1865ac5a0aa409794a6a52bf6c2d5f4d613a164d458d31b70ea,896699,35214.0,231.0,0.00656,1,1,191
2025-05-14 17:09:36,8605bd68c4e52e993b5581f9896bff687658feb7d7402aa5f3b4579783a81ba3,896699,4340594.0,399.0,9.2e-05,2,1,352
2025-05-14 17:09:36,2e9c7d554712bdab78d9d0d98d2ae5fa2807fd85a94dc284ac8225408f6354d8,896699,862212.0,465.0,0.000539,2,2,383
2025-05-14 17:09:36,76baa64b54470c45987cbe8d0f6750a7a8dcc553011e5e4725e3b322f4ed96d2,896699,63063.0,297.0,0.00471,1,2,223
2025-05-14 17:09:36,bbf2e158e54c5d86916f8d4f26b4535a55cc96a17dd53ba4d517f41bea71c488,896699,71945.0,470.0,0.006533,1,2,223
2025-05-14 17:09:36,ea59c5c2af4d26abc0617ec253906c65e59608c8a5f132c2ee1c6f178655b58d,896699,1036400.0,300.0,0.000289,1,2,223
2025-05-14 17:09:36,5e7d3f242d1195bd995ada0191b81da816051587b7c45b244691df3829310fe5,896699,989531.0,442.0,0.000447,2,2,372
2025-05-14 17:09:36,22aa530461b1ee3b8e8d0673a434b80dd8a99062d9b90cba470700dfc8da84c0,896699,507797.0,349.0,0.000687,1,2,247
2025-05-14 17:09:36,5dd78e83cc5634418a6b03a13266179ad0b6851a08cb23c2b6716161c0f352a5,896699,130841.0,1052.0,0.00804,4,6,727
2025-05-14 17:09:36,aafe91ec9751994aad965f414002019ece24767c3ae89c5cde1c5d29284975ec,896699,88347.0,470.0,0.00532,1,2,222
2025-05-14 17:09:36,d0da29deb00f0e37c8ee952f16653f0e8272505129ec88bee432464f7be40336,896699,47638.0,470.0,0.009866,1,2,222
2025-05-14 17:09:36,758c81d7e0cc83a5a691942a37e41012c4995145396652b7c22b2bde7f49f836,896699,13017258.0,299.0,2.3e-05,1,2,222
2025-05-14 17:09:36,4d08c15507fc757dda810a348072270e9318ea9487fdce7b58b5b21bb5cf0f26,896699,211896.0,61104.0,0.288368,500,1,53557
2025-05-14 17:09:36,c2db1d1fd5f78e3c5435ac1694006832246b98336af14b2584e5a43e1cf9ae22,896699,96519.0,240.0,0.002487,1,1,194
2025-05-14 17:09:36,bed692ebbd9e4163a64d7f9750000e86492a5bd63e482d5873c756a3fd901c8b,896699,1297726.0,510.0,0.000393,1,4,291
2025-05-14 17:09:36,4aa487e2c9ff55e5abd48af251be3f9260f0ce1380cce42f17b6ad6657bfdacc,896699,57479.0,472.0,0.008212,1,2,222
2025-05-14 17:09:36,26cd83245f5703658d0c2af1f908497ca734de068ff1517c79774db374955a4b,896699,879785.0,2662.0,0.003026,8,2,1252
2025-05-14 17:09:36,0bba5322c4772f34df6207129f4cd5e553ce3a76166829c43709d664ec316621,896699,498296.0,1410.0,0.00283,4,2,663
2025-05-14 17:09:36,03b88201bd6c74c02ad0248d9789cad3caa4ade3b0f10f15b76b297b8cf4a734,896699,172235.0,587.0,0.003408,3,2,518
2025-05-14 17:09:36,aedea6ce212429be67051bfa71c7cbc18b0fc6aa69fe899824c1d85f58e8ffbd,896699,14868715.0,285.0,1.9e-05,1,1,215
2025-05-14 17:09:36,203c285098fcee1628ecb5acf287765ef0e79a2d44ee7bfdae993ee16e67c035,896699,23264577.0,651.0,2.8e-05,1,7,387
2025-05-14 17:09:36,5624d0153690039fe81d3e825245a2f102bb16fbecefacec891380ced47f23cf,896699,17679245.0,300.0,1.7e-05,1,2,222
2025-05-14 17:09:36,00374ae96e4fe0ae5ee1e9721dd2429a0ba5de348c5f70dd272adcca790a8ec0,896699,313421.0,300.0,0.000957,1,2,222
2025-05-14 17:09:36,3eceffbb6fb16b0a527f21d053c7006afa0c827e85de5e73928093b89e032592,896699,11488499.0,400.0,3.5e-05,2,2,288
2025-05-14 17:09:36,5267d74c807a90915960cdbab7ff5d0327c25934a0abd483f2ee17d46fbaf675,896699,3263240.0,300.0,9.2e-05,1,2,222
2025-05-14 17:09:36,7c65b9139822e80e12c41b1a3bbcf5b7dad9bea7a268eaf5ed05c51759b85ff2,896699,412535.0,1098.0,0.002662,3,2,516
2025-05-14 17:09:36,b2925071bd4d590c65ccb64e41e52197cceb0a6aa92463586542371f1ef220da,896699,92420.0,349.0,0.003776,1,2,245
2025-05-14 17:09:36,352f39a5943c11d5e47d4d9d136617b91cab1b916e7d0fa0cb4834bc16025f8c,896699,27288448.0,443.0,1.6e-05,2,2,370
2025-05-14 17:09:36,588fea50eb47edb57bf8d6b0a96abd36b83cf2542387ae698b6257594a6003a6,896699,27740519.0,300.0,1.1e-05,1,2,222
2025-05-14 17:09:36,8943d6cfbeccdecc6e0f517a4c23f962767c13fb38c904d87a770b5e5c8a213a,896699,17714745.0,307.0,1.7e-05,1,2,225
2025-05-14 17:09:36,ace91f003024816933824bbd874edf3aa881968b4370754a866343d7f26335a9,896699,8551952.0,354.0,4.1e-05,1,2,248
2025-05-14 17:09:36,3bcd8460f1a81d3dec486f75967ca1ce90dc37000d024652eb8024724b944103,896699,2343155.0,1954.0,0.000834,9,9,1364
2025-05-14 17:09:36,6a56cfa047a621ff41a2cab1fceaf8712e72a4a26a544d847d4a149fc176d314,896699,385121.0,963.0,0.002501,6,1,934
2025-05-14 17:09:36,d3e4d2f93949c86529d3697e3e5e7bcfd90c0853192e1f2109d74beafbf6fde8,896699,57131.0,302.0,0.005286,1,2,223
2025-05-14 17:09:36,70ed53f95d32c37cae8752766a86c217dc3297ffb6c47fbc5c1bb5b07afecc14,896699,66698.0,302.0,0.004528,1,2,223
2025-05-14 17:09:36,bbc2fcbd371d9a6f378cc6bbcc6220f2fba99deb5af5f6ec5927f65009c3b288,896699,295802.0,354.0,0.001197,1,2,247
2025-05-14 17:09:36,84b44ff5747399bf72249c7787dbad57650c724fd9a7b8de8f314c74faabd9b0,896699,1255366.0,714.0,0.000569,2,2,714
2025-05-14 17:09:36,561e0ece07805bda41424ef8755b10389a5dcfdcb975b5fa35c7f0c3b9fa5af3,896699,185734.0,633.0,0.003408,2,2,377
2025-05-14 17:09:36,3eb0009719ee0a5fad89981529c205be0894310f85aa5e9f54c24c92edbd323d,896699,97499.0,306.0,0.003138,1,2,193
2025-05-14 17:09:36,a4cdf71dad72721f7615a02c987ff82f860708c9d69be1c2d4ac590a412af504,896699,358542.0,306.0,0.000853,1,2,193
2025-05-14 17:09:36,bb6238883f36ca7c941084f2b075d0c8caae8e2d390761fc30d51f919e97bd69,896699,119816.0,465.0,0.003881,2,2,377
2025-05-14 17:09:36,89a97759690611c3066f927a74f3979fe39475450f7db0ebb81179518f3d8847,896699,7021500.0,305.0,4.3e-05,1,2,222
2025-05-14 17:09:36,d89a909d2262e09987a0219cbb49f73aec7cb458be70980da66e692a4ff52792,896699,31546257.0,290.0,9e-06,1,1,215
2025-05-14 17:09:36,d5e7cf8e22d44edc723ea1e9373c522796bd40146861fb22b12d0a9f5547574c,896699,38686.0,290.0,0.007496,1,1,216
2025-05-14 17:09:36,096dd9abb893e14804b6fabfb99ba934a9f6fccd2b2b8b8ac015404345894a11,896699,201589.0,633.0,0.00314,2,2,374
2025-05-14 17:09:36,9a754337e804fbaecfa00d3c4c6cc7e012a740a4bdd014031542632caa0a34fa,896699,9079.0,483.0,0.0532,2,1,362
2025-05-14 17:09:36,2684b717e2ed2c6744c74bc7b573dc2838078aee1f55703301b69aba44dde1d0,896699,16811.0,283.0,0.016834,1,2,222
2025-05-14 17:09:36,62ad813949b00292abec84f48f3b7a4b25201fd6db4db1b5144235b8717a5811,896699,26245.0,329.0,0.012536,1,2,245
2025-05-14 17:09:36,eba8bdae2e9fcb942c92f9f92b3b74b7904db8ca1af5dac53b01cedb91485159,896699,21517.0,306.0,0.014221,1,2,222
2025-05-14 17:09:36,2bae740bd240879ce775b5049e559a0d840d8f4de9ee221a7e753c99560e8b4d,896699,46508.0,306.0,0.00658,1,2,222
2025-05-14 17:09:36,533f3518e399288a1d1bf44d5401629c94fe3ccfe6a08a316336951a4387e967,896699,962323.0,633.0,0.000658,2,2,374
2025-05-14 17:09:36,8cbf1bb645d7c9afa8039906ca29a827faa2c2811131b4adf455de85d5d4e52b,896699,3117334.0,752.0,0.000241,4,2,668
2025-05-14 17:09:36,20268c649312d6f68c88c5a5842278850f7cdc550ccaf4a110d100fad48530ed,896699,22626.0,1104.0,0.048793,8,1,902
2025-05-14 17:09:36,cf16796f2cebdf25f642faca8fec78a37728fa58a5a8dedfba97ae96f57d6e9a,896699,386511.0,687.0,0.001777,4,1,638
2025-05-14 17:09:36,745e044d40a5bce41c359e415259ca1c72964c8533e1a8767c8e783b2e23bdaf,896699,237449.0,488.0,0.002055,1,2,223
2025-05-14 17:09:36,fd4442777149a497b5c9d9efd75012dd6919fe82b60c896fa8917d0010fb9330,896699,5926843.0,488.0,8.2e-05,1,2,223
2025-05-14 17:09:36,466b79c8a4ce0666c158c0c709ab8e541bc49d69b546c55ebfbcc9fd908fd602,896699,52714.0,488.0,0.009258,1,2,223
2025-05-14 17:09:36,5dda0c5591b7412d8f5ba261c7842d64df1942fd808fbffc9186dd03776742ae,896699,1513630.0,309.0,0.000204,1,2,223
2025-05-14 17:09:36,dfcc98d4b211fb310859914715902dfc5cb711dff1118082304b19b9b8f98694,896699,297539.0,309.0,0.001039,1,2,222
2025-05-14 17:09:36,cf2e6c12b40f1c3be65411a9e27968c3ca5825ac1cdb7c3317a5e67089734480,896699,4617520.0,1415.0,0.000306,9,1,1308
2025-05-14 17:09:36,1999bdaf27f206407e20aae73f2f92d943f5c72d2a7d9769039f207ba0bb77ac,896699,323784.0,609.0,0.001881,3,2,520
2025-05-14 17:09:36,632e62aef99d098309f138e9d9fdaa8d2e28ebbceddc8c969c38b38a34cfecad,896699,447760.0,530.0,0.001184,2,3,372
2025-05-14 17:09:36,c03258ae5457ac50299e52a7cf58f5afa1a4d82a99a3cdcf66eafffdebc51749,896699,862.0,222.0,0.257541,1,1,192
2025-05-14 17:09:36,bfbe0ab49063bcc91fdc87a0bb00f1cf7a5395cf649d8f69bf34bbd9a0faee76,896699,187697.0,428.0,0.00228,1,2,402
2025-05-14 17:09:36,ffeb0ea7ea506588c2dea400522b713e3765e18f4aa1edecb77271c93268a433,896699,1931845.0,386.0,0.0002,1,1,191
2025-05-14 17:09:36,4fded7bbf81a0e5f6f4f2c3f1f6ca9984062742361eec1db41f1dff054b6dee1,896699,557245.0,572.0,0.001026,1,2,283
2025-05-14 17:09:36,1b9e97f16b784f006543f9b5c4edbf43ae88cf3dbb1a8d81704420b437d0f8d6,896699,14286.0,225.0,0.01575,1,1,192
2025-05-14 17:09:36,0fea95bab61fe9d588a826e5dcb0a7cbe5a87e9f16783f09065b6c003024f079,896699,1014624.0,430.0,0.000424,1,2,402
2025-05-14 17:09:36,ed57c7b60e1933c681acc5fa352107b41887088b1b34ff7c18d439cf92222cfe,896699,19203.0,230.0,0.011977,1,1,195
2025-05-14 17:09:36,d6e83edeedb90f783691f6464d08a4475f98175aab44b472b78f2ff3208c4300,896699,22318.0,1386.0,0.062102,9,1,1401
2025-05-14 17:09:36,9bf83a8262bcc298302798d280e3274e7c6ce5b75a4be209cbe174d51902c651,896699,8805.0,721.0,0.081885,4,1,658
2025-05-14 17:09:36,2df810142f5b1a5503be5eb5c37818610a2b395dcaf2489ebaa374ddd18bb0c0,896699,26239.0,337.0,0.012843,1,2,249
2025-05-14 17:09:36,884362ef46e12e7ab914f99eebcc7239055164e836bc969a3cd31649a02ffb92,896699,26247.0,329.0,0.012535,1,2,245
2025-05-14 17:09:36,541d015294056d2eeb339db92d623f38b99da004a59bd365ffab1986361d0a91,896699,25629.0,283.0,0.011042,1,2,222
2025-05-14 17:09:36,331a3e9df72cffbe86eed5fe575527bf6d0234249e1ed7c947610dd20a1e9c8b,896699,24662.0,510.0,0.02068,2,2,416
2025-05-14 17:09:36,45becc0f558246d470bc54f0b5a8acbbd4f32f33f7cb39842b3fddbd84bc27be,896699,2850232.0,2158.0,0.000757,9,12,1494
2025-05-14 17:09:36,57d64d575284715bb6080c1b24806a4eaa15fb94083e8bee1ed35a5f59458640,896699,25526.0,602.0,0.023584,2,2,374
2025-05-14 17:09:36,7f28cc82f87a1389fb4ddb1732ad686a5646fb41ebae6578fdb1bd4ac32eb016,896699,651986.0,586.0,0.000899,2,4,445
2025-05-14 17:09:36,8ab6dc6fdb116e8d2f5f661970ea85ebfe57c25286e55d5494518c8cd28eeb5f,896699,17999708.0,292.0,1.6e-05,1,2,222
2025-05-14 17:09:36,340086c1794bdb53516816b9e1b05d52d5459d3058c674602150ff860ae3454c,896699,132768.0,292.0,0.002199,1,2,223
2025-05-14 17:09:36,90ddbbf6afe68e7ebe6721344cc6045110281ad400ab9c9bf30d5755d67b7291,896699,2380954.0,1540.0,0.000647,6,9,1043
2025-05-14 17:09:36,da08339c2e040c00a68f827111d08ffede9fe9595c80df3b07dc50f1e5987044,896699,1296846.0,1540.0,0.001187,6,9,1043
2025-05-14 17:09:36,b738c48d8c712af07962fb3c11bb164f63c39bf0d66b401a4fbacbd9f9b2f601,896699,120432.0,573.0,0.004758,1,4,327
2025-05-14 17:09:36,9a33afd6cd7503400282a1427294c7644baf3ca989b1e2d1546bd0bc45c5f9cc,896699,25135.0,206.0,0.008196,1,1,150
2025-05-14 17:09:36,54e17b724193220e70f2546f27fe78f85c9fe3dc1b4f57843362cf98f2106c68,896699,756559.0,294.0,0.000389,1,2,223
2025-05-14 17:09:36,f5e0fc3de1be066a8eb669b21348d08eb846ef2ec71c30b8f5eb5d31cf9d5d5b,896699,47713.0,595.0,0.01247,1,2,284
2025-05-14 17:09:36,1fe74ceaa206d4d7126a893cb39e972ae3750ad01857e1541a67e7b8229e4a6c,896699,48308.0,595.0,0.012317,1,2,284
2025-05-14 17:09:36,bc0b323871a15fe92eee6a243224273ddc9d1a9327f2a82f8f9c9ef8f50f264e,896699,48903.0,595.0,0.012167,1,2,283
2025-05-14 17:09:36,cf8cb842065879dd2593731150348f456d0e020ce3826fcd5e452b3d71fea7ce,896699,49498.0,595.0,0.012021,1,2,283
2025-05-14 17:09:36,148dc2dc2a19c71bcfe81decf6950622a7d534fb29588627a0010700878d824f,896699,50093.0,595.0,0.011878,1,2,284
2025-05-14 17:09:36,fb7ea6920666ac260576d84422191693b64daea9554811a27cd8e9e2861d9fa0,896699,50688.0,574.0,0.011324,1,2,284
2025-05-14 17:09:36,dd43aa0958f57c7273f75d50fa7c408d66e1bcd2c616925818c68027fac5cfc3,896699,24323257.0,402.0,1.7e-05,1,2,382
2025-05-14 17:09:36,8ae7f8ead6699d0856240bc8139524312fa60e70ee3c0e56f42351b8f920d34d,896699,258215.0,913.0,0.003536,4,1,1093
2025-05-14 17:09:36,e252e98a257f27f6736e3ae9de5d3520bb4b834558a516127eb57dec9f34418e,896699,1864563.0,1678.0,0.0009,7,9,1150
2025-05-14 17:09:36,c8ebfb104f3e73aaa3f7a2a3b6e7d7247164b8411ffac1a29fac6b2e1858900b,896699,47694104.0,396.0,8e-06,1,2,381
2025-05-14 17:09:36,70aaa395406dd392f906190447dde60ce168730cd51a8135acf0917413f7c745,896699,29199225.0,321.0,1.1e-05,1,2,234
2025-05-14 17:09:36,34273f1288e46257304c71fd2edbbae51727b5fab1a79755c9a649fd5a0b1438,896699,404003.0,321.0,0.000795,1,2,234
2025-05-14 17:09:36,af050ad629d4059cd71f532f2bce34d484ad899a735697ff4efa9c2ad9fd2c4d,896699,2355502.0,298.0,0.000127,1,2,223
2025-05-14 17:09:36,84d9c674e0fe9da3069a26a1420e53c61c4a05710a654fe6045333862a780460,896699,3990936.0,361.0,9e-05,1,3,253
2025-05-14 17:09:36,474f8f5864954bdab95be05d5172356dc2e0845179e09089bfb5bf9ba9490827,896699,2167693.0,615.0,0.000284,2,2,673
2025-05-14 17:09:36,46c92eec3919c1865ac5a0aa409794a6a52bf6c2d5f4d613a164d458d31b70ea,896699,35214.0,231.0,0.00656,1,1,191
2025-05-14 17:09:36,8605bd68c4e52e993b5581f9896bff687658feb7d7402aa5f3b4579783a81ba3,896699,4340594.0,399.0,9.2e-05,2,1,352
2025-05-14 17:09:36,2e9c7d554712bdab78d9d0d98d2ae5fa2807fd85a94dc284ac8225408f6354d8,896699,862212.0,465.0,0.000539,2,2,383
2025-05-14 17:09:36,76baa64b54470c45987cbe8d0f6750a7a8dcc553011e5e4725e3b322f4ed96d2,896699,63063.0,297.0,0.00471,1,2,223
2025-05-14 17:09:36,bbf2e158e54c5d86916f8d4f26b4535a55cc96a17dd53ba4d517f41bea71c488,896699,71945.0,470.0,0.006533,1,2,223
2025-05-14 17:09:36,ea59c5c2af4d26abc0617ec253906c65e59608c8a5f132c2ee1c6f178655b58d,896699,1036400.0,300.0,0.000289,1,2,223
2025-05-14 17:09:36,5e7d3f242d1195bd995ada0191b81da816051587b7c45b244691df3829310fe5,896699,989531.0,442.0,0.000447,2,2,372
2025-05-14 17:09:36,22aa530461b1ee3b8e8d0673a434b80dd8a99062d9b90cba470700dfc8da84c0,896699,507797.0,349.0,0.000687,1,2,247
2025-05-14 17:09:36,5dd78e83cc5634418a6b03a13266179ad0b6851a08cb23c2b6716161c0f352a5,896699,130841.0,1052.0,0.00804,4,6,727
2025-05-14 17:09:36,aafe91ec9751994aad965f414002019ece24767c3ae89c5cde1c5d29284975ec,896699,88347.0,470.0,0.00532,1,2,222
2025-05-14 17:09:36,d0da29deb00f0e37c8ee952f16653f0e8272505129ec88bee432464f7be40336,896699,47638.0,470.0,0.009866,1,2,222
2025-05-14 17:09:36,758c81d7e0cc83a5a691942a37e41012c4995145396652b7c22b2bde7f49f836,896699,13017258.0,299.0,2.3e-05,1,2,222
2025-05-14 17:09:36,4d08c15507fc757dda810a348072270e9318ea9487fdce7b58b5b21bb5cf0f26,896699,211896.0,61104.0,0.288368,500,1,53557
2025-05-14 17:09:36,c2db1d1fd5f78e3c5435ac1694006832246b98336af14b2584e5a43e1cf9ae22,896699,96519.0,240.0,0.002487,1,1,194
2025-05-14 17:09:36,bed692ebbd9e4163a64d7f9750000e86492a5bd63e482d5873c756a3fd901c8b,896699,1297726.0,510.0,0.000393,1,4,291
2025-05-14 17:09:36,4aa487e2c9ff55e5abd48af251be3f9260f0ce1380cce42f17b6ad6657bfdacc,896699,57479.0,472.0,0.008212,1,2,222
2025-05-14 17:09:36,26cd83245f5703658d0c2af1f908497ca734de068ff1517c79774db374955a4b,896699,879785.0,2662.0,0.003026,8,2,1252
2025-05-14 17:09:36,0bba5322c4772f34df6207129f4cd5e553ce3a76166829c43709d664ec316621,896699,498296.0,1410.0,0.00283,4,2,663
2025-05-14 17:09:36,03b88201bd6c74c02ad0248d9789cad3caa4ade3b0f10f15b76b297b8cf4a734,896699,172235.0,587.0,0.003408,3,2,518
2025-05-14 17:09:36,aedea6ce212429be67051bfa71c7cbc18b0fc6aa69fe899824c1d85f58e8ffbd,896699,14868715.0,285.0,1.9e-05,1,1,215
2025-05-14 17:09:36,203c285098fcee1628ecb5acf287765ef0e79a2d44ee7bfdae993ee16e67c035,896699,23264577.0,651.0,2.8e-05,1,7,387
2025-05-14 17:09:36,5624d0153690039fe81d3e825245a2f102bb16fbecefacec891380ced47f23cf,896699,17679245.0,300.0,1.7e-05,1,2,222
2025-05-14 17:09:36,00374ae96e4fe0ae5ee1e9721dd2429a0ba5de348c5f70dd272adcca790a8ec0,896699,313421.0,300.0,0.000957,1,2,222
2025-05-14 17:09:36,3eceffbb6fb16b0a527f21d053c7006afa0c827e85de5e73928093b89e032592,896699,11488499.0,400.0,3.5e-05,2,2,288
2025-05-14 17:09:36,5267d74c807a90915960cdbab7ff5d0327c25934a0abd483f2ee17d46fbaf675,896699,3263240.0,300.0,9.2e-05,1,2,222
2025-05-14 17:09:36,7c65b9139822e80e12c41b1a3bbcf5b7dad9bea7a268eaf5ed05c51759b85ff2,896699,412535.0,1098.0,0.002662,3,2,516
2025-05-14 17:09:36,b2925071bd4d590c65ccb64e41e52197cceb0a6aa92463586542371f1ef220da,896699,92420.0,349.0,0.003776,1,2,245
2025-05-14 17:09:36,352f39a5943c11d5e47d4d9d136617b91cab1b916e7d0fa0cb4834bc16025f8c,896699,27288448.0,443.0,1.6e-05,2,2,370
2025-05-14 17:09:36,588fea50eb47edb57bf8d6b0a96abd36b83cf2542387ae698b6257594a6003a6,896699,27740519.0,300.0,1.1e-05,1,2,222
2025-05-14 17:09:36,8943d6cfbeccdecc6e0f517a4c23f962767c13fb38c904d87a770b5e5c8a213a,896699,17714745.0,307.0,1.7e-05,1,2,225
2025-05-14 17:09:36,ace91f003024816933824bbd874edf3aa881968b4370754a866343d7f26335a9,896699,8551952.0,354.0,4.1e-05,1,2,248
2025-05-14 17:09:36,3bcd8460f1a81d3dec486f75967ca1ce90dc37000d024652eb8024724b944103,896699,2343155.0,1954.0,0.000834,9,9,1364
2025-05-14 17:09:36,6a56cfa047a621ff41a2cab1fceaf8712e72a4a26a544d847d4a149fc176d314,896699,385121.0,963.0,0.002501,6,1,934
2025-05-14 17:09:36,d3e4d2f93949c86529d3697e3e5e7bcfd90c0853192e1f2109d74beafbf6fde8,896699,57131.0,302.0,0.005286,1,2,223
2025-05-14 17:09:36,70ed53f95d32c37cae8752766a86c217dc3297ffb6c47fbc5c1bb5b07afecc14,896699,66698.0,302.0,0.004528,1,2,223
2025-05-14 17:09:36,bbc2fcbd371d9a6f378cc6bbcc6220f2fba99deb5af5f6ec5927f65009c3b288,896699,295802.0,354.0,0.001197,1,2,247
2025-05-14 17:09:36,84b44ff5747399bf72249c7787dbad57650c724fd9a7b8de8f314c74faabd9b0,896699,1255366.0,714.0,0.000569,2,2,714
2025-05-14 17:09:36,561e0ece07805bda41424ef8755b10389a5dcfdcb975b5fa35c7f0c3b9fa5af3,896699,185734.0,633.0,0.003408,2,2,377
2025-05-14 17:09:36,3eb0009719ee0a5fad89981529c205be0894310f85aa5e9f54c24c92edbd323d,896699,97499.0,306.0,0.003138,1,2,193
2025-05-14 17:09:36,a4cdf71dad72721f7615a02c987ff82f860708c9d69be1c2d4ac590a412af504,896699,358542.0,306.0,0.000853,1,2,193
2025-05-14 17:09:36,bb6238883f36ca7c941084f2b075d0c8caae8e2d390761fc30d51f919e97bd69,896699,119816.0,465.0,0.003881,2,2,377
2025-05-14 17:09:36,89a97759690611c3066f927a74f3979fe39475450f7db0ebb81179518f3d8847,896699,7021500.0,305.0,4.3e-05,1,2,222
2025-05-14 17:09:36,d89a909d2262e09987a0219cbb49f73aec7cb458be70980da66e692a4ff52792,896699,31546257.0,290.0,9e-06,1,1,215
2025-05-14 17:09:36,d5e7cf8e22d44edc723ea1e9373c522796bd40146861fb22b12d0a9f5547574c,896699,38686.0,290.0,0.007496,1,1,216
2025-05-14 17:09:36,096dd9abb893e14804b6fabfb99ba934a9f6fccd2b2b8b8ac015404345894a11,896699,201589.0,633.0,0.00314,2,2,374
2025-05-14 17:09:36,9a754337e804fbaecfa00d3c4c6cc7e012a740a4bdd014031542632caa0a34fa,896699,9079.0,483.0,0.0532,2,1,362
2025-05-14 17:09:36,2684b717e2ed2c6744c74bc7b573dc2838078aee1f55703301b69aba44dde1d0,896699,16811.0,283.0,0.016834,1,2,222
2025-05-14 17:09:36,62ad813949b00292abec84f48f3b7a4b25201fd6db4db1b5144235b8717a5811,896699,26245.0,329.0,0.012536,1,2,245
2025-05-14 17:09:36,eba8bdae2e9fcb942c92f9f92b3b74b7904db8ca1af5dac53b01cedb91485159,896699,21517.0,306.0,0.014221,1,2,222
2025-05-14 17:09:36,2bae740bd240879ce775b5049e559a0d840d8f4de9ee221a7e753c99560e8b4d,896699,46508.0,306.0,0.00658,1,2,222
2025-05-14 17:09:36,533f3518e399288a1d1bf44d5401629c94fe3ccfe6a08a316336951a4387e967,896699,962323.0,633.0,0.000658,2,2,374
2025-05-14 17:09:36,8cbf1bb645d7c9afa8039906ca29a827faa2c2811131b4adf455de85d5d4e52b,896699,3117334.0,752.0,0.000241,4,2,668
2025-05-14 17:09:36,20268c649312d6f68c88c5a5842278850f7cdc550ccaf4a110d100fad48530ed,896699,22626.0,1104.0,0.048793,8,1,902
2025-05-14 17:09:36,cf16796f2cebdf25f642faca8fec78a37728fa58a5a8dedfba97ae96f57d6e9a,896699,386511.0,687.0,0.001777,4,1,638
2025-05-14 17:09:36,745e044d40a5bce41c359e415259ca1c72964c8533e1a8767c8e783b2e23bdaf,896699,237449.0,488.0,0.002055,1,2,223
2025-05-14 17:09:36,fd4442777149a497b5c9d9efd75012dd6919fe82b60c896fa8917d0010fb9330,896699,5926843.0,488.0,8.2e-05,1,2,223
2025-05-14 17:09:36,466b79c8a4ce0666c158c0c709ab8e541bc49d69b546c55ebfbcc9fd908fd602,896699,52714.0,488.0,0.009258,1,2,223
2025-05-14 17:09:36,5dda0c5591b7412d8f5ba261c7842d64df1942fd808fbffc9186dd03776742ae,896699,1513630.0,309.0,0.000204,1,2,223
2025-05-14 17:09:36,dfcc98d4b211fb310859914715902dfc5cb711dff1118082304b19b9b8f98694,896699,297539.0,309.0,0.001039,1,2,222
2025-05-14 17:09:36,cf2e6c12b40f1c3be65411a9e27968c3ca5825ac1cdb7c3317a5e67089734480,896699,4617520.0,1415.0,0.000306,9,1,1308
2025-05-14 17:09:36,1999bdaf27f206407e20aae73f2f92d943f5c72d2a7d9769039f207ba0bb77ac,896699,323784.0,609.0,0.001881,3,2,520
2025-05-14 17:09:36,632e62aef99d098309f138e9d9fdaa8d2e28ebbceddc8c969c38b38a34cfecad,896699,447760.0,530.0,0.001184,2,3,372
2025-05-14 19:23:31,5ac586dc41e8fdef8e26e907c3e957e4b0fd264ce3e8d8b255aaf5d2d512a233,896711,4999778.0,222.0,4.4e-05,1,1,162
2025-05-14 19:23:31,e6302beb0e182ceb2a56e38e8b2e1cfec410d3dd32b46d8dc87c10af86a0f20a,896711,43870.0,330.0,0.007522,1,2,246
2025-05-14 19:23:31,da04717201d53d60807db129b9691cd445bde0b40ad4ee57b92ff5e540c3b807,896711,10426814.0,226.0,2.2e-05,1,1,195
2025-05-14 19:23:31,8e77f53d9dd1da8ce9c146d2acb3f026c211b5b525bf1db397f36a3521227606,896711,546.0,310.0,0.567766,1,1,336
2025-05-14 19:23:31,f6c6281168bb34a661be8f09368f359d684b2ec66c7e9437c44c0fa4b3fbb90b,896711,109314.0,308.0,0.002818,1,2,205
2025-05-14 19:23:31,9de573b25bf12b09e8def693cb3f528fb8100f9bf8a2ac0149e06e31ae18b304,896711,45136.0,282.0,0.006248,1,2,222
2025-05-14 19:23:31,45ff1f66f2c1fd6af42b37691a8287df3d9ab7ddbc4447a13d6b64e3cb2e3cfa,896711,205632.0,1152.0,0.005602,4,7,868
2025-05-14 19:23:31,74118e29e18dfcb3b27b489257cf2fa549c948c822e8ed4122b92709bef226d8,896711,125120.0,1006.0,0.00804,4,7,795
2025-05-14 19:23:31,6397b5eec0c5ca07751a234508a2f0c6423e7a29cd4bb3d38655feb670dcf3ef,896711,235887.0,740.0,0.003137,2,2,369
2025-05-14 19:23:31,9846a3f528135b149ba3717be4a47f096275472158a2ed4700752405f9989d9d,896711,59093.0,333.0,0.005635,1,2,247
2025-05-14 19:23:31,7143b24bb58c8db7bbe453b73b3a5bea820b1a3c7da9548d348074062bcc4b47,896711,6408.0,331.0,0.051654,1,2,247
2025-05-14 19:23:31,042231a10c2b36bf434a6cecfc5c96d1b8d9c70f8c0adb298906b128a599fbae,896711,16671.0,329.0,0.019735,1,2,245
2025-05-14 19:23:31,0ccb15b037a0c9af2784272f69de1337495b01398058fd8d4f91d6b94632d1a2,896711,26266.0,329.0,0.012526,1,2,245
2025-05-14 19:23:31,175185e144b31f9525949eff558f834e6558f58be111ccbe3f5b6ed9863465f6,896711,1022676.0,1054.0,0.001031,6,2,1008
2025-05-14 19:23:31,079b011150da34dc6e99c463f4ea9ec0adc80d31301297da310f3fd9305757ef,896711,26663.0,337.0,0.012639,1,2,249
2025-05-14 19:23:31,74c4592fd1a8554df6a74aa5589d5c42e7930967a1cd3224da2141651640974d,896711,106045.0,337.0,0.003178,1,2,249
2025-05-14 19:23:31,04793f83e6aefe5c13e02cab9e2f180891e356e7f8816aee62c39d2550825b4c,896711,12340.0,329.0,0.026661,1,2,245
2025-05-14 19:23:31,687f5750decad72b8059a88e25bfdd3350b608ab5b478dd87c19509b639a5701,896711,26273.0,329.0,0.012522,1,2,245
2025-05-14 19:23:31,91a879c6a3b632eb1cb31b23e09bfb86e2f49cbf82a207e16da4ce8d04306d68,896711,406327.0,742.0,0.001826,2,2,369
2025-05-14 19:23:31,675a06c5866b1fc9758adf6873b527f56d6d05afab642b9b8ed8a6d74473e6ff,896711,612729.0,446.0,0.000728,1,2,223
2025-05-14 19:23:31,400a8d4afb21b77f8aa502b80629d65f752d38e0469f7d42927eec1353ffa245,896711,270975.0,594.0,0.002192,2,4,428
2025-05-14 19:23:31,b9d8f93f39e380e8f7510291e620e5ef3b8030a1dbb688cd52fb540e63086353,896711,472910.0,594.0,0.001256,2,4,428
2025-05-14 19:23:31,96c1e0ce078c1971f7224770dadb19f5ff56e35a68953e44d5fb2026c3f329a7,896711,674197.0,594.0,0.000881,2,4,427
2025-05-14 19:23:31,8ffec099032e3e60e86f9ccb7196f6fdef7f3fe128a7da351b5f1eb8993dcdad,896711,1023067.0,873.0,0.000853,5,2,837
2025-05-14 19:23:31,2c72935733a6d495262b82eff11b7d687c828600bdcaeed77c956f3e56e3d526,896711,1867330.0,570.0,0.000305,1,2,284
2025-05-14 19:23:31,3e98668f2cf43945ad782feb6d652c242ad557409f9095d5a7784e344c8b98fd,896711,14604393.0,1060.0,7.3e-05,7,2,999
2025-05-14 19:23:31,49d2b726877765ba6b23959ed1082589c7597275e4afbbd0e3f64fc505faeac8,896711,19421900.0,1016.0,5.2e-05,7,2,946
2025-05-14 19:23:31,ef243eced93c790f664604f24bf55fb95969131c59ff5603539e6c6dda436d59,896711,1008736.0,737.0,0.000731,4,2,689
2025-05-14 19:23:31,70e37179ec4fe75ce7558cb5b886b80f83f7c8a62ea5f77ed6d0f72e38eacd9a,896711,30555700.0,245.0,8e-06,1,1,203
2025-05-14 19:23:31,869bba877b3fa3b7d1991a6a4492c5d9f756e934d16c6dbbca314ead981b1cfe,896711,72521810.0,968.0,1.3e-05,6,2,965
2025-05-14 19:23:31,778959951348b0780b9625719e2e97e298a7160ff44d47daf0e18da30c8512c6,896711,95900.0,693.0,0.007226,3,2,586
2025-05-14 19:23:31,2c1df8bfe8e1e6bc7b8beb92d6268a9430352e7685dfee7b3dd1685f8bc2e277,896711,20410.0,448.0,0.02195,1,2,223
2025-05-14 19:23:31,6c4e1110f1a05b3de821ffc6a21d2488050578b7a3912128e4bbe91ac3d59844,896711,211880.0,448.0,0.002114,1,2,223
2025-05-14 19:23:31,70ed2ecbb7595beba8b08e8af85d6f24646f5d4178d0e14613d625f4013e0d31,896711,332643.0,448.0,0.001347,1,2,223
2025-05-14 19:23:31,cc76f1fb5d4c652acf907ee1cd881a069f60c2bf936bcff11bc106554fa0bddd,896711,62544.0,446.0,0.007131,1,2,222
2025-05-14 19:23:31,d6bfaea81730dc2aeb58fcbe0a7ab68b9b1cf16f27bc9073bd836cb67d87d36b,896711,66459645.0,888.0,1.3e-05,6,2,740
2025-05-14 19:23:31,99ae23771ed91d9470e009cc06c3a17802e12988e0c4ee826abea18d6283aaab,896711,19804942.0,880.0,4.4e-05,6,2,798
2025-05-14 19:23:31,e9e58ed6a9ea8e6c29e7986ccfe9d8684347efbb294182b54858a40a93caae43,896711,352675.0,418.0,0.001185,2,2,370
2025-05-14 19:23:31,68bca500f0b3e44d65d1a35bb4f78eee2f5c2b30c555cbeb327bbe72856f4b3f,896711,10547.0,418.0,0.039632,2,2,370
2025-05-14 19:23:31,e7281e28fac832a412a2de7944adb1f72676c1b40efd95652a4235d5980d39a4,896711,129822.0,386.0,0.002973,1,1,192
2025-05-14 19:23:31,8efd6d4b2fd72270d47c655cee756fe4f5b7ead2ce95db020b6e0da8fb2312fd,896711,1867900.0,570.0,0.000305,1,2,283
2025-05-14 19:23:31,e1dc137ec8a9123de9e58d994374bb3c153c4c8f464e239367557583563b73e4,896711,1868470.0,570.0,0.000305,1,2,284
2025-05-14 19:23:31,30c64cc445eeb9152e285e79058457a6e4a99411ff1690a915869652b3fd1680,896711,22855886.0,742.0,3.2e-05,2,2,369
2025-05-14 19:23:31,539e28642558dbc1baa2d45a61dafd4cd4cf15a2f0b20d32e598cd3ff848c67c,896711,195607.0,2962.0,0.015143,8,1,1473
2025-05-14 19:23:31,bdb8693fe7c1d6a7a3cffd7691531bb58050def20b086219305c3376903037d3,896711,225054.0,356.0,0.001582,2,1,339
2025-05-14 19:23:31,3fdb73a835f153cc85cdc1ead2f434740f90768d694aa55935284c5f0fdf22c0,896711,100193.0,346.0,0.003453,1,1,406
2025-05-14 19:23:31,4364d958a6f05a1fd56331ece9c3700fea536a4264b0e9a3fce875eb1d99d849,896711,40428635.0,558.0,1.4e-05,3,2,520
2025-05-14 19:23:31,6c5c9b229d8df3e668b45e73e05b6ea4ca910a3657f1a2de0563a2e5d9a285f0,896711,1695869.0,678.0,0.0004,2,1,336
2025-05-14 19:23:31,1baef35cd22f8e81d3bf0753e618826b9cf350231a30cac6b7d4fd15c6d68bca,896711,61649.0,448.0,0.007267,1,2,222
2025-05-14 19:23:31,46ea65d845dae70e1b4a65ff30a6d7b9d9822301fc7ffd4f454bd01cb13ea00e,896711,165033.0,448.0,0.002715,1,2,222
2025-05-14 19:23:31,274a85857d01c9b8ef1e466249fe676c3adfafb5765de507f2482e5dd65bc2f9,896711,2069915.0,1342.0,0.000648,4,2,665
2025-05-14 19:23:31,670c0ecba53d702b5a8fe68c7b04e61de040159d593031e28b12f1f0c7cb5dd8,896711,281040.0,422.0,0.001502,2,2,371
2025-05-14 19:23:31,ae49764e0deabfe46bd7366648fd2be186c122dfb519cd1c5c9514ebc5890994,896711,436286.0,1040.0,0.002384,3,2,515
2025-05-14 19:23:31,226b71c5abad11842b0ab3c6c1ceda24bcdf1da33a42dc19d63da198bb15df92,896711,5139369.0,564.0,0.00011,3,2,521
2025-05-14 19:23:31,e71a88ddace8b1fb6106ae0bf1421b2d208e63b61c390d5780cb8cd7da531b48,896711,7251707.0,360.0,5e-05,2,1,340
2025-05-14 19:23:31,c96ab44c5b8ea76877b58207e0524ad1c50390e9ad00dbb539dbb10e6779fcd8,896711,23390.0,223.0,0.009534,1,1,191
2025-05-14 19:23:31,152094ab86aab78071c29bdf77b5a42415b0d7db210738a0310f02b1921d5012,896711,530814.0,292.0,0.00055,1,2,225
2025-05-14 19:23:31,02700b0ac0a1c4b0c4bd30bee549a5bd22f14089dc83fc03ef9536f7be9e2def,896711,314496.0,286.0,0.000909,1,2,222
2025-05-14 19:23:31,0a0cb44989c8e9a06ef0266eff5c9420db5ab47e0a48d8728d8dc54ea5ac6af9,896711,91140.0,1051.0,0.011532,7,1,1080
2025-05-14 19:23:31,d05a36d5429b055b961d90248c186e63522f3bde318b34a6b51da9c7df2645d8,896711,40241205.0,58384.0,0.001451,422,2,62742
2025-05-14 19:23:31,48afbbb526702b356034ed35171b20b8e4ccc8310c21e00a92c652e309b1f3f6,896711,148579.0,368.0,0.002477,1,1,373
2025-05-14 19:23:31,890a5c704d85e0ac0e0bfa8d303b95235fcc57b9c8c01b847b683ce31ba8b8ce,896711,182097.0,1332.0,0.007315,9,1,1381
2025-05-14 19:23:31,761ab7d41efd6435c6818703ddfd14103eb80184641067e27e54ef2c50ec4542,896711,31264.0,578.0,0.018488,1,2,284
2025-05-14 19:23:31,9ae13ef898f6d7807873ce2e2b7bab219f98dde58e3f91427586e334ff79f840,896711,31842.0,578.0,0.018152,1,2,284
2025-05-14 19:23:31,890727a0e18fe9f7d537ae0401b46c037e675dd8861f610296a0ddf8f206f59a,896711,32420.0,578.0,0.017829,1,2,284
2025-05-14 19:23:31,e4603c5b6ada0293e33a162852151f1ae7d2e96984936ed3522f8248a2bf2e0d,896711,32998.0,578.0,0.017516,1,2,284
2025-05-14 19:23:31,a9e153f9a506d08d1ebc101e449aa3a0db2274338b5a8e5afe85e91556a0dbb6,896711,98222.0,230.0,0.002342,1,1,195
2025-05-14 19:23:31,f0a06f4904b49363c6a43c22d2e2ff3cdc3267d9b71fd35657a2ab3b38da915c,896711,379903.0,230.0,0.000605,1,1,194
2025-05-14 19:23:31,8462f8c3beea733622e4b3df08e7208e1fd9fe6da6d375712ac7298e8d68f480,896711,11944.0,226.0,0.018922,1,1,192
2025-05-14 19:23:31,bd2398d632c8c576ee0dce908f403930221bac92754343376b929e7d1dd076a9,896711,48965.0,224.0,0.004575,1,1,192
2025-05-14 19:23:31,62e219255b95b8e718ffd3ea4ada1d1892bca3b5e9208399816e71d23421f071,896711,2481767.0,455.0,0.000183,1,3,413
2025-05-14 19:23:31,c03c4ba92f9da8a5266451506b758cf92149f91771a2a6ceb026acfcec41d55e,896711,91915.0,994.0,0.010814,3,1,487
2025-05-14 19:23:31,86cd40f605b0cb7272877bf630abc0b33e6615c22c7b05f9250db3f9ec66c12d,896711,206438161.0,27805.0,0.000135,149,1,25423
2025-05-14 19:23:31,34c509da8edc7e5d2c6cbfc13292f53ded9b7ad991cc2690d024e48fac67686d,896711,165995.0,314.0,0.001892,1,2,234
2025-05-14 19:23:31,52546f4fd423472a656cc947b8197d6956b90ca0c92b235652335eaf9546e639,896711,13978.0,292.0,0.02089,1,2,193
2025-05-14 19:23:31,8eac8f88ef947b8b61e1ed6696c67ba5148794bd6ebf915a15f37a4efd2f60bc,896711,451682.0,718.0,0.00159,3,2,592
2025-05-14 19:23:31,72bd0ef29fddc6d845d66fc23cf96eb3906f65f253a4f5ae5cf95def7f1aa809,896711,201117434.0,291.0,1e-06,1,2,222
2025-05-14 19:23:31,9f84940b70e95cc19ac11c51e82a789c65d5aa0c799a0e860038a593738dc170,896711,106122.0,292.0,0.002752,1,2,222
2025-05-14 19:23:31,03a7a2f6b17c7757dfde64901ab8c9e248f960e4946f7d6aa789faa9d62cfbb8,896711,205940.0,516.0,0.002506,3,1,492
2025-05-14 19:23:31,7cb1a568b8592a34392b0b047eeeed14281107bd74b4e9682d4d15543cd53857,896711,89461928.0,399.0,4e-06,1,2,384
2025-05-14 19:23:31,ed0e4d5609233b2bd8ed5a16a6dd0f99bed45bc6a7d8cf38e32422cfe0f7cc2b,896711,403109.0,375.0,0.00093,2,1,342
2025-05-14 19:23:31,b764a63728580ef4228e16265142696b30d10a8f88d3558251cdf187c1b8ad72,896711,5002491.0,302.0,6e-05,1,2,225
2025-05-14 19:23:31,027de7766eca0789a4d9cde82860b044c9f910f1f0f2124ce81a0fe4f64cf811,896711,2916298.0,302.0,0.000104,1,2,225
2025-05-14 19:23:31,af7291e1ffb9a2cb8d10269dd314481af696d14d5541c7a7c4c220ea08a703eb,896711,176320.0,237.0,0.001344,1,1,194
2025-05-14 19:23:31,20bb9d8e1cb18dcf70c97eb1a2f82437f5341f40d6b97de91269ee0235b533ab,896711,176320.0,237.0,0.001344,1,1,194
2025-05-14 19:23:31,8cabe7ce66e4e589c323c16b7a16a5a0ee694aac0b75cfc0cc71e284370aeba2,896711,176320.0,237.0,0.001344,1,1,194
2025-05-14 19:23:31,6040bc8560318e4a26ad92660aa1e1243413e658f315bdb1082538c72f449485,896711,136122.0,361.0,0.002652,1,3,253
2025-05-14 19:23:31,9b12911afe6e142926d4413ec83dc437bbc29c98478157e1b9338220ef59afce,896711,30157200.0,296.0,1e-05,1,2,222
2025-05-14 19:23:31,e6ff05a5ea56943cb53c4d52aa5f8e77c77e7eb428c5de7a2542140d8d37cba8,896711,590499.0,296.0,0.000501,1,2,222
2025-05-14 19:23:31,6ab0956a830b48b9cd9058d3ff6e0c8f56f1f1ce2ea9fa2e9601aed0b953be6e,896711,421704.0,296.0,0.000702,1,2,222
2025-05-14 19:23:31,4ff1ffb300065f32f14ca3817f01832efb4851996f184349d0e97332b564b571,896711,563891.0,578.0,0.001025,4,1,474
2025-05-14 19:23:31,166b8939f40cf2d8ab6481bce84994153c4ed149e9c934c036d4a371a889e675,896711,12226.0,1350.0,0.11042,2,12,773
2025-05-14 19:23:31,e129def4bf89bc417a87ae4c80a52fb346ac1a6614d022736125ce9b0b289373,896711,745997.0,303.0,0.000406,1,2,225
2025-05-14 19:23:31,d5d8f5457f05409171921e338fdfa985ef98380f3902fe725db5d6958e06835d,896711,334329.0,257.0,0.000769,1,1,203
2025-05-14 19:23:31,57ab1d154eb87986e03d0fb65c25ab00cdbf90657a1bcbaf9577ed6a73cf7833,896711,99139820.0,474.0,5e-06,1,2,225
2025-05-14 19:23:31,602b58b155aab36a2f9ac85d101cd06823867d09eeaf96920cebe822fc662989,896711,5741182.0,468.0,8.2e-05,1,2,222
2025-05-14 19:23:31,5e65f1d0fa78dc35f52adffed1c4b8c3417765880c0710cd3f6db1d8b39f001a,896711,65100662.0,468.0,7e-06,1,2,222
2025-05-14 19:23:31,f4c8869ed8b3a95280dd33d7252ae21e33732e8738a33ccbf498186fdd70c5c0,896711,6968370.0,439.0,6.3e-05,2,2,370
2025-05-14 19:23:31,bf9d1d9ee536ded5e62c6f9087160e0825082ffbb66c03d997011c777b18701f,896711,6695.0,439.0,0.065571,2,2,370
2025-05-14 19:23:31,4cf32406f67317d52fcde8b35b3a2fe801f7d0259b5c4820fb673e8452a7a2f6,896711,32385.0,779.0,0.024054,2,2,369
2025-05-17 10:23:47,babd95b06c28fc350b7cac85de13c54f478be200ec5e5d97362034633c773086,897086,260966468.0,664.0,3e-06,1,2,248
2025-05-17 10:23:47,da734ddc612a072747f7aaab0c78778b7332560a45e2e16f67876ad0875e126e,897086,266967132.0,498.0,2e-06,1,2,248
2025-05-17 10:23:47,c8d863da11092bbfd20aa4b3ece38259b7e8fcccf70d6ee2a543e3154b707069,897086,267967630.0,498.0,2e-06,1,2,248
2025-05-17 10:23:47,48fb10f6f9f1ffffde527ea0441695475be725012aa858ba11aa30ba42001802,897086,268968128.0,498.0,2e-06,1,2,247
2025-05-17 10:23:47,f34c1f89c8d3dfa34a38d6eb14ed644b9820da081ff6cb385ceab6dfc385f6ed,897086,269968626.0,498.0,2e-06,1,2,248
2025-05-17 10:23:47,785fb1eee0f5dcded6190e5840bc71e28ba3f6c510bbe48a5b2d5c7f1d9a38c2,897086,275969124.0,498.0,2e-06,1,2,247
2025-05-17 10:23:47,ea55c7725a7322f27a308f7be5d543eff0afd9904f98d4b2468bffe2f0e2766b,897086,276969622.0,498.0,2e-06,1,2,248
2025-05-17 10:23:47,eede1ecb576a100741f917f4f712cbf6f5aab6723054190f6fc35541477b0a36,897086,282970120.0,498.0,2e-06,1,2,248
2025-05-17 10:23:47,a4b87c206d2df1bf0884c3e524cfe01c09c46743ccf370d9ea9af75ef15a7021,897086,283970618.0,498.0,2e-06,1,2,248
2025-05-17 10:23:47,57a97d1e22e93880de88149ad74f96d7225343c1cec5c480de7fb9ec16f159d5,897086,288971116.0,498.0,2e-06,1,2,248
2025-05-17 10:23:47,65ce3a0b48d53b6f07cacc23844a8823c9d71dad333874bb4c0f67376a88d704,897086,289971614.0,498.0,2e-06,1,2,248
2025-05-17 10:23:47,57786a110672913db3645a27dd85768b08396f3f037bd9e4372b0bb0ee4332c3,897086,290972112.0,498.0,2e-06,1,2,248
2025-05-17 10:23:47,7144587035198a32cf656cb2890cadd69785580ca5488780ce78e1e2304f93f8,897086,291972610.0,498.0,2e-06,1,2,248
2025-05-17 10:23:47,89f2c76875d07197326cfadd4df2408b94a618f745197f7875b502f5d3fc7c09,897086,292973108.0,498.0,2e-06,1,2,247
2025-05-17 10:23:47,dd0eac9888b454fdf7b95a1bb90afbcd0b7cb592e8f30b1b08f888de8332fba5,897086,293973606.0,498.0,2e-06,1,2,248
2025-05-17 10:23:47,d52625d6f564456c40c81ac169e9d2e2c2ec2df6b12536cfc9d5fffb9c8a2a9f,897086,2464048.0,612.0,0.000248,1,2,249
2025-05-17 10:23:47,23aef6b1acbe964eac79e0b24ebdc9a473b47380d1156844d6367c50c44bfb37,897086,2201321.0,612.0,0.000278,1,2,249
2025-05-17 10:23:47,7c2041a0947faab3e163d6002222fb2ba18b98ac98509a4f11ce699bf2aaa8c1,897086,364998641.0,1359.0,4e-06,1,2,373
2025-05-17 10:23:47,03c235ce048d7acccae592f9260470ad7e86537b2633f53281d95a2440e09ff5,897086,77816.0,1775.0,0.02281,3,1,487
2025-05-17 10:23:47,fb3016d694f5b48c23ae9349555455b3e4f4c206dc848da838a1f3aa44445770,897086,7769997503.0,1879.0,0.0,3,2,515
2025-05-17 10:23:47,0812afd23d59ec144881ab3b09b54dbdd9aaabb3d6ad18fae73acd091b5993fd,897086,452586.0,3236.0,0.00715,6,13,1188
2025-05-17 10:23:47,8600b4e828bff12fab7c927357158ef7e5d3db4f1a4c3b5975d85c8008c3b920,897086,614142094.0,1360.0,2e-06,1,2,372
2025-05-17 10:23:47,eec455865b46246fddc7371961f5c65d722b52641a3e728b65c16edca3488df8,897086,654984.0,1045.0,0.001595,2,2,370
2025-05-17 10:23:47,f7d02ae9ac1b18871d6b5b7191b3d8674f4452650002e78df369ef6ed9e4bce3,897086,595282.0,1326.0,0.002228,6,2,769
2025-05-17 10:23:47,b9a78dcf5fbdf99aed5ffa322e51fd98b39e44fd9ad67927b30f65b70e06f620,897086,43530.0,1020.0,0.023432,1,1,192
2025-05-17 10:23:47,64f1935d547e3fe95dc233de9ac9072aa74e3c3ee97afef4ebb445f951c0b94c,897086,37705594.0,507.0,1.3e-05,1,2,225
2025-05-17 10:23:47,07f8fc2261a5de8c3ecbbba084b00f54dd6a54fd251224d6b72da009d382a76c,897086,4722.0,1352.0,0.286319,2,2,369
2025-05-17 10:23:47,ea409e288e00d589df0e810afc4f501e91178237a315d4efdf91ddd7df4733af,897086,1838300.0,561.0,0.000305,1,2,234
2025-05-17 10:23:47,265a3ddcafe3caa4db17406ddc1be6ed70cd81f1586bffe67989de871f77a37f,897086,1842001.0,561.0,0.000305,1,2,234
2025-05-17 10:23:47,2191d16144f86e50155562a475cf673f84722bcc8e07fffa9e8b302e3cb9317e,897086,3885240.0,561.0,0.000144,1,2,234
2025-05-17 10:23:47,5483d62889d46b4c4cbc00fdda894108a1f77df19b4d5bac9aae3754e810b36e,897086,1126562.0,3438.0,0.003052,1,1,190
2025-05-17 10:23:47,dd1fa5540a4e0939843cca9b17434fc749009c97847d5eacc86b1048d5d03b89,897086,1872431.0,1027.0,0.000548,14,2,2152
2025-05-17 10:23:47,3b4789cd6556d49dbb2cc58cbdd3ff76415d4e802f977668de324c59e5aab65d,897086,67230.0,562.0,0.008359,1,2,234
2025-05-17 10:23:47,a3a6f8f5ad58b309231f1afd65bee6195d139508433ec8dd8eaf4ca71a95e61c,897086,179438.0,562.0,0.003132,1,2,234
2025-05-17 10:23:47,91cdca51d95e67624bc6f059fa97e93a245be682dc8e49d137f8c7832c827ead,897086,237523.0,813.0,0.003423,2,2,383
2025-05-17 10:23:47,c2d667887355aac6da489e7a046401cb779e2bbc74e72777a161529d22bd7d98,897086,268510.0,813.0,0.003028,2,2,383
2025-05-17 10:23:47,b9d3d92e9cbc2765be711e9891de19ca2c38becb18d2066e3ac019d046cf0a59,897086,302377.0,813.0,0.002689,2,2,383
2025-05-17 10:23:47,a7c04b249e69981ba09f9d06c3dfb8d4b0dcc1770b82fa73e87c787221f5f872,897086,1082250.0,780.0,0.000721,2,2,375
2025-05-17 10:23:47,df1534e6be898ad7d45136da1002641e5f8e3bc12bf5f8ac87ebcbc8ceca3f39,897086,3044544.0,769.0,0.000253,2,2,372
2025-05-17 10:23:47,bcd02540350a2f4137fe7dd158c53a68d24ac2aa6a0607bb946a4ab8f10655cc,897086,364996152.0,1359.0,4e-06,1,2,369
2025-05-17 10:23:47,d52fc5e9f0fcb8ef1346160b31912aa5ba8f114864990dbc75645a7b8fab7a3f,897086,546.0,688.0,1.260073,1,1,315
2025-05-17 10:23:47,a845ebe9817f8dbabf681f6058cd441b034f37197f28f6dd918ec3882ad22ae2,897086,4132.0,612.0,0.148112,1,2,234
2025-05-17 10:23:47,d7f074a02c8eebf5093341ee657259381c42c1bf33f505f9306cac8240b0419f,897086,4744.0,330.0,0.069562,1,1,192
2025-05-17 10:23:47,4fb4f631f4fc633a13950ead6127b2c0293a861c3357e5421d1056a8e3fbe9ca,897086,5368.0,627.0,0.116803,2,2,370
2025-05-17 10:23:47,e685736ddddc930492bfb91b20c7cda3db13571d21b417605c5eac190e649737,897086,85480.0,520.0,0.006083,1,2,223
2025-05-17 10:23:47,924174d957ed3a8f863ee9ebd74bae2ccbf842f708dc1d7d5837bd361a3fed0f,897086,546.0,666.0,1.21978,2,1,342
2025-05-17 10:23:47,7ebef29fe50bf3957a28f625419ffe181e379cde8b94aa15656387469fce1df6,897086,131999389.0,611.0,5e-06,1,2,246
2025-05-17 10:23:47,e5e174c6ee105a60683d569616510421314b1958db5c7415658635ad2c2bcbec,897086,4696388.0,612.0,0.00013,1,2,246
2025-05-17 10:23:47,27376aa6e1989ed623d49d9267b8b73b28ac0981458a0c2883296b8ed6a54981,897086,17446307.0,612.0,3.5e-05,1,2,246
2025-05-17 10:23:47,5bc598577aac5d778443d5b5f7a52b55180c1a5cf83a223fa472fe2cea848b50,897086,11287.0,408.0,0.036148,1,1,191
2025-05-17 10:23:47,0b9838b40646626b17f7a733abfaf1856e103d73015e2891420505bf317d540f,897086,14795832.0,612.0,4.1e-05,1,2,246
2025-05-17 10:23:47,0cfc18245b960c22c07d6b1fda80801415ecf5840ff65eb272c5a7ed7701c5d3,897086,6999450.0,550.0,7.9e-05,1,1,346
2025-05-17 10:23:47,5a66f5103cef357ceba1751a23751838ca9058d8e380ea1168afe7d46a125566,897086,2244322.0,897.0,0.0004,2,2,456
2025-05-17 10:23:47,c3897eb9ed2f5257241912913e89dcce2aed8eaead3dde65348fc0b5062ae4ad,897086,31529.0,410.0,0.013004,1,1,191
2025-05-17 10:23:47,80be40259d8c8169039497ce9b5eee5cabbe54d6d89ae51ed48e9484bf936c43,897086,430747.0,410.0,0.000952,1,1,191
2025-05-17 10:23:47,34b7f4500e9a3372d284d36c4b680dc600d9f3b85856c84ca8838ae7242366ec,897086,9148.0,496.0,0.05422,1,1,214
2025-05-17 10:23:47,0aa974d4336c07d69b50d6ded6446fb3775c89ea9a475c32fc21855b20a5702f,897086,2575278.0,612.0,0.000238,1,2,245
2025-05-17 10:23:47,f64a4262f8ad220fe574b4eb81bcd6558676aa10b1767777063901e07a355d49,897086,352652.0,1576.0,0.004469,4,3,746
2025-05-17 10:23:47,3c1c17739c7cdc5e54d86b34f59ed36a0361b7f08b111d5073c7ccafb361973e,897086,1092.0,873.0,0.799451,2,3,333
2025-05-17 10:23:47,c894ca824739c9da4038064d561c3d0cc81c4e52dc8eb227bef384d806531f94,897086,24616885.0,948.0,3.9e-05,1,4,443
2025-05-17 10:23:47,b401e368b414f87bc24f185d5fa586936b1a848a39925fd42f859adfd5828542,897086,546.0,600.0,1.098901,2,1,260
2025-05-17 10:23:47,b1bafcac8a67b67fa9065b14a5a00e8475ac4045d12bcfb37a90b6c166ab6cea,897086,87948.0,1038.0,0.011802,3,2,518
2025-05-17 10:23:47,ca93f1c72d0a9528bf59ce0e7be08f88e1674ec3daf795c67373dfaede2e925f,897086,77009.0,1038.0,0.013479,3,2,518
2025-05-17 10:23:47,d57bf9df2c009dfdaa8ac64d85aa0e3f98306ccddc8b66109976c281de76d7f7,897086,2435107.0,1848.0,0.000759,5,3,894
2025-05-17 10:23:47,43b48c0373eb9340109269ee1a6cb7fe65a2ab8b9b0d5849c12eb97a85a9173a,897086,51907.0,378.0,0.007282,1,1,151
2025-05-17 10:23:47,756e3c399e6436c5c1c38211a79b04dac30d04ea216b46e85b6bdde50ec51d42,897086,53506.0,784.0,0.014653,2,1,340
2025-05-17 10:23:47,e732c4ba0f4e0b1c24f42d69733a19a8c112a56d2410aef72e327e2b37497cf4,897086,102574.0,426.0,0.004153,1,2,223
2025-05-17 10:23:47,e457c8cefa0c9310a871bc546b8368233d2b440526ebf37e637dbc32ef300ae0,897086,180427.0,2495.0,0.013828,9,1,1018
2025-05-17 10:23:47,f07839d43bd23c97e272f0f8720256fa81a03b6094421528414def8e5a6bafd7,897086,34180.0,305.0,0.008923,1,1,407
2025-05-17 10:23:47,396d74d53ae79eb43781bb8f1e05fe81ee7ca063c83a774f4f657093dc19d377,897086,1325993.0,1015.0,0.000765,2,2,303
2025-05-17 10:23:47,b828040337c302f752b9d220aef7eca5cbfced8311419d1bb473538399009fb2,897086,1034438.0,462.0,0.000447,1,2,205
2025-05-17 10:23:47,97bc546295292dbfdfdf3f302b8894fab15674b05bf187510b28a84a95022398,897086,294580.0,462.0,0.001568,1,2,205
2025-05-17 10:23:47,448d11588687f2524bfbc0a27c963bc9f96a49ba47f4ab6f6028f9c2b94bdc64,897086,16386866.0,3927.0,0.00024,4,19,1787
2025-05-17 10:23:47,536c78f57de82fe331d0cecd831ff3ba24fed5ce2594b913fa3e5e317727d1fe,897086,499639.0,836.0,0.001673,2,2,371
2025-05-17 10:23:47,1f7309dd72f1af85b7d41d7496f5ba0b3be4e251a3d0618089fb5e2100e0dc27,897086,479132.0,385.0,0.000804,1,1,192
2025-05-17 10:23:47,942b7acc505fae24ec583221533e3d1cee33abd50932318fae02e2f4578851e2,897086,1849200.0,800.0,0.000433,2,2,371
2025-05-17 10:23:47,e8364c25fa6975e6c8a1e3e9fdc6a243d6cb42ac2a976572bbe76f3cca539cbc,897086,6627.0,757.0,0.11423,1,3,234
2025-05-17 10:23:47,f036554d2b96b81a9272d65fed3c5fbc47323fa8dc570269c2acb10a5701e431,897086,32629.0,1208.0,0.037022,2,3,405
2025-05-17 10:23:47,5d7e8715ce9b0137c9f73c4bbbcdd5e73925782901f99048fa41dc9b2ea72bef,897086,45000554.0,360.0,8e-06,1,2,224
2025-05-17 10:23:47,b3314e704615ad2d95cb1f8531789b5ca52f6d4466e1d1982cdc9f9a95faa635,897086,45013018.0,370.0,8e-06,1,2,245
2025-05-17 10:23:47,9caae197ea3faea3697d53e3f220f62fa4efb4bf69778f2be2ee6982e46d8e44,897086,1951844647.0,6089.0,3e-06,5,3,1584
2025-05-17 10:23:47,c67d5d83b1ca5bb315b21f5595d630fc946b2315f6ee14f8ea0d021e4de3cea2,897086,39454.0,546.0,0.013839,1,1,194
2025-05-17 10:23:47,cab9a6804f73815a08b1cbb235f922283eb5dd707cc04430bb493f6b43b56b2a,897086,1756303015.0,432.0,0.0,1,2,222
2025-05-17 10:23:47,9d710f17e6374600af4e7232307d8ab7f31c29c3c43e7b715c00b4736d2f2738,897086,4877720.0,1858.0,0.000381,1,1,192
2025-05-17 10:23:47,d25fb87a26e6e51b6163a6ef06e585f396a42248594091953ae7222551ae2136,897086,4879578.0,2130.0,0.000437,13,1,1967
2025-05-17 10:23:47,6dc7ecc0aa6d83589e03e3c59bf916d70f6af71fdb0063a8074abcf5d684521e,897086,445660.0,1554.0,0.003487,3,4,614
2025-05-17 10:23:47,db661e2948a9feeca1bd1c642fca0242068285516ebfacfd7266326607c3c2de,897086,361906.0,1303.0,0.0036,3,2,718
2025-05-17 10:23:47,0bb8551022f7ee802f3baad5d2d8dcb8fa91918dbf303617e5e9133d76f7e19e,897086,546.0,599.0,1.09707,1,1,314
2025-05-17 10:23:47,cf9e631c630543ce8e1cec53865347a6886a6fc3974533ad3eabf784cd595e1b,897086,3814.0,536.0,0.140535,1,2,234
2025-05-17 10:23:47,85e1e8fb99bd7e70e5007211de54cb4f7bc94f0a53dff8ec859a71fc104bb8dd,897086,4557419.0,547.0,0.00012,1,2,222
2025-05-17 10:23:47,52395d71bf478ffa10471f7c96692234e34486a4c9f6580ac4eace3544159472,897086,5347773173.0,15246.0,3e-06,13,2,3912
2025-05-17 10:23:47,ccde93c61c1dc8129bd62deef6963d60b6a85499896e006bc871a5396be509ab,897086,13565.0,691.0,0.05094,2,1,339
2025-05-17 10:23:47,891163f3f0fe7daaff0b8e2efa8d22cf10706f56c683ac952679812b0de243c0,897086,732727.0,993.0,0.001355,1,4,446
2025-05-17 10:23:47,9050bdf63d942f1e3ee4dbc4633c8a5dc418e53e3280013017a884414592dcd7,897086,45795.0,1310.0,0.028606,2,1,335
2025-05-17 10:23:47,80d4087340acfc61783c1ed5c89b2af096dbb38e3da981d1b245cafed19a6c81,897086,705300.0,552.0,0.000783,1,2,222
2025-05-17 10:23:47,686ffa65f8446dd0238f33a42dc45c6e59ae51d2b36509e7507615dc820feded,897086,49999354.0,646.0,1.3e-05,1,2,246
2025-05-17 10:23:47,014aa75d6ed0ad28d85c74ac8f75efe6091d6638f02685ed973eff4189c90be8,897086,40317221.0,646.0,1.6e-05,1,2,247
2025-05-17 10:23:47,87726e2c8089325fac41c1032fe63938fc94d4509c0e1a649b506446a13caf49,897086,25759896.0,646.0,2.5e-05,1,2,246
2025-05-17 10:23:47,748fc37ff3243c669a21fb0e62336ce2045286f686bb8201cee73aa3654fa047,897086,578339438.0,646.0,1e-06,1,2,247
2025-05-17 10:23:47,d32d8e3f641bf7b4a4d8866d8e6c8188cb39e89cafe54845d01edd9b1d94213e,897086,297553683.0,646.0,2e-06,1,2,247
2025-05-11 15:51:25,d898ce993420213a48b1a11281921746c0e65ce2f790b00b2da979799ceb7502,896277,425495.0,426.0,0.001001,2,2,374
2025-05-11 15:51:25,cc4ba22bfbaeed78adb26916103eb8caf91dfcb06c83365938a501e994109cc3,896277,289560.0,380.0,0.001312,1,2,380
2025-05-11 15:51:25,7d85c107ff8cfd5c01e46edc8856e2ec60c08a05dd7406ca6a5e67c1b5cbf49a,896277,2087912.0,614.0,0.000294,2,2,686
2025-05-11 15:51:25,baf082b32e3e3715dfa7aae6f6ffae8751d39f5b2b2df8c6b9e07bd0e46c2918,896277,961206.0,292.0,0.000304,1,2,196
2025-05-11 15:51:25,86218671f7ddbd7d81e55bd70afcb94f81117dcd2a8e1cd72721cdf6ed6f1e74,896277,2335300.0,570.0,0.000244,1,2,283
2025-05-11 15:51:25,53b8a16048a7511f29376e308b36a10bac87edf73be03482df64dd99bd62a160,896277,1168479.0,288.0,0.000246,1,2,223
2025-05-11 15:51:25,623f5ecf10adff624efd930d8df83f4f49de32ab1c245b7b1c8d104358acd0be,896277,75934519.0,290.0,4e-06,1,2,224
2025-05-11 15:51:25,179964a35054e9099aacae6eb51a1223f6f7e5e541ebae613b7e986077fab1c6,896277,3503.0,288.0,0.082215,1,2,222
2025-05-11 15:51:25,780bfab6a390996c03ba9cb210ad5c26450291e7b52b56ae43b432a19b19fb1c,896277,736170.0,288.0,0.000391,1,2,222
2025-05-11 15:51:25,e32b78974999ac66c0af27e9d5b068cc997a39622b7611ef080328842df8a465,896277,3353000.0,1503.0,0.000448,10,1,1526
2025-05-11 15:51:25,4a8b55eb1aae59f3f3ed07056668d8d76ca97f3c1ea584aff36a795f8f285a75,896277,720505.0,488.0,0.000677,1,2,232
2025-05-11 15:51:25,cffcdde93a17fc45e43335684b729099d12074b5c46e58b1846c71da12ae8876,896277,1299233.0,322.0,0.000248,1,2,235
2025-05-11 15:51:25,80e0b5cefb9db48a6aaa396187b6e156cb9ba7f70f7c8260e4fc1feaef9be1c6,896277,1618510.0,305.0,0.000188,1,2,225
2025-05-11 15:51:25,8274d83c11ec7b6a47c32f1849ed9117b5bcd710fc3ca8a34cbc6b76beb8ac22,896277,49058712.0,299.0,6e-06,1,2,222
2025-05-11 15:51:25,ea47b56fc533f6d51044380e02580837332efabb9c4a9ac6e1bd4c92f751a650,896277,1108475.0,325.0,0.000293,1,2,234
2025-05-11 15:51:25,2a549177cbd10d66d7099cbdb382164810fadbb3437b4978eaab613d7e2b417d,896277,37628433.0,568.0,1.5e-05,1,6,347
2025-05-11 15:51:25,a94a0488982bcaecc16a44f19d9ca7833f44d3f320e6eef9d7ee8d2a90b38969,896277,1139157.0,354.0,0.000311,1,2,247
2025-05-11 15:51:25,8a7dba9ed04a3bf4162e8a978363f3e21424b9d90c4794971ea10b3ff402e45f,896277,164551.0,308.0,0.001872,1,2,194
2025-05-11 15:51:25,b3f162b4d6d6b785c33a5dd7d0e251de8d39aed7de52e2497d784b8f66471f34,896277,171946.0,306.0,0.00178,1,2,223
2025-05-11 15:51:25,a7f752c9524cd6ecc3d08b94a8f62f17421250e765913da037ba3f53b794b6e5,896277,52678942.0,737.0,1.4e-05,3,2,519
2025-05-11 15:51:25,9fcb55fb25707ae594ae831ceedbe624d92e67f4773b9ee68e33ebbe34544ab3,896277,65871159.0,169.0,3e-06,1,2,223
2025-05-11 15:51:25,0384a0a2f3c679dba4d17a5313c4e5745730930c83527d9ebbeac6c2b6d2bf07,896277,1076498.0,290.0,0.000269,1,1,214
2025-05-11 15:51:25,e8a6bfbf6d235d6053df1bcf527e9aac1e51aeb87fb44551836336b4b3f616d3,896277,53511670.0,488.0,9e-06,1,2,223
2025-05-11 15:51:25,328cd9a3f48722260fea7607d7a563cfcd3920e0e15bd6cd635b604974d71c83,896277,424146.0,465.0,0.001096,2,2,374
2025-05-11 15:51:25,b451996f553051c09a77ce7a4d31b3f03a8d83f7556a678e46a6c33fec62aa4f,896277,851144.0,488.0,0.000573,1,2,222
2025-05-11 15:51:25,0ca9f975e80db4c09fdbcbde853effa3561e475db9f768f458c82d248bdf5f0c,896277,188721487.0,760.0,4e-06,1,4,345
2025-05-11 15:51:25,d5b7484a20b52ef455f2f37150ab94b4acf97b97162dad77e78b45f201bb3b47,896277,36447.0,399.0,0.010947,2,1,343
2025-05-11 15:51:25,6e4f3bd8591cbd4e5357e664bfdfa68df1b575268f266f3c420e31036a602ce8,896277,1036565.0,488.0,0.000471,1,2,220
2025-05-11 15:51:25,224d410639cc3943e5b4428a98c873a3c268a6f509ed6d7a3e95313093dfc9c7,896277,2349346.0,322.0,0.000137,1,2,225
2025-05-11 15:51:25,36eb6543c4312da3039890de2862c5dae68f7b80cf68ef5ce6fa7bb4165052b4,896277,462624.0,322.0,0.000696,1,2,226
2025-05-11 15:51:25,66c467d294f6456854546302a9c5090d37c428a348714ea77896752f8a2b33b3,896277,299229.0,322.0,0.001076,1,2,226
2025-05-11 15:51:25,47822993db17ca4819e9cff518a2ac8565ad6b7b218465507e878208917ecfa2,896277,983038.0,322.0,0.000328,1,2,225
2025-05-11 15:51:25,d833269070c3e26b3d65274136fa44ad2eb438adf8ae0781ee1ce2ddde74ef32,896277,690292.0,322.0,0.000466,1,2,225
2025-05-11 15:51:25,5932ffbae657be7c6db4dc135a3c079d61f1fee92c74a194c5430f34fffce34e,896277,73132.0,504.0,0.006892,1,2,225
2025-05-11 15:51:25,6d8cacf30d83254c2e096ad1d12c0059f07129d748d61ad733ecf67b3e09d528,896277,382966.0,504.0,0.001316,1,2,223
2025-05-11 15:51:25,290ebda198c1cd9a43d51c7896a6eefdcc286be31e3c17c38b15cec83fcf5fc1,896277,447214.0,322.0,0.00072,1,2,223
2025-05-11 15:51:25,bc5483a157031cd1104b2851162aa27d1aa470b706d506eb289aea8074c8a1a3,896277,56364.0,322.0,0.005713,1,2,224
2025-05-11 15:51:25,8334aa306d14e161ab4bce437deb2e2e79daf17dfdfc38f5b719498fead13737,896277,95806.0,322.0,0.003361,1,2,224
2025-05-11 15:51:25,b60daf172a5533351e90385fe141068189c48513ffbc8e85b3c43df4aea77020,896277,21318.0,322.0,0.015105,1,2,224
2025-05-11 15:51:25,6c39bacb339415d22959c955f48347cc032c9e6ba9bcd526135e99cdf43d34e7,896277,105124.0,257.0,0.002445,1,1,195
2025-05-11 15:51:25,184a8b1409d4894ab4fa9c6a43da88788fa001b6250ed9581ae6459be95b58cb,896277,425663.0,257.0,0.000604,1,1,195
2025-05-11 15:51:25,7bee06930e3723c2c8090070edc5462e53b018a1623365be635fd37d0880aaa6,896277,42436.0,257.0,0.006056,1,1,195
2025-05-11 15:51:25,3a072b5527739dca3e028fd8826981de5b2e451fac4a095bd9363e80c702b6da,896277,43811.0,322.0,0.00735,1,2,223
2025-05-11 15:51:25,b4cc9d9d24877b84f103e02e3ba400b888275305a0bf8575f17753f68c0ef8ce,896277,23830.0,322.0,0.013512,1,2,222
2025-05-11 15:51:25,9a76d9209368353f21c7b27f75f65a4065034c1571b7f47954fe992f893402c9,896277,265510.0,322.0,0.001213,1,2,222
2025-05-11 15:51:25,456f1417ad56fe73737d999b932938769e2896f8da5565b8fcab49552914b8c1,896277,44496.0,322.0,0.007237,1,2,223
2025-05-11 15:51:25,f899a8ee8403117611c73ff5e01f5baed3d32e16138e8ef131248c3bb33289bc,896277,151678.0,322.0,0.002123,1,2,222
2025-05-11 15:51:25,e5e642f996ffb1483b6c7cdc52899204d206d6f6279a5f12ba7929e406d664ad,896277,9797768.0,322.0,3.3e-05,1,2,223
2025-05-11 15:51:25,13316acb2b8d300531e422960933a8e8c1ebde90fb0065396726a292df4eb1a9,896277,75241.0,322.0,0.00428,1,2,222
2025-05-11 15:51:25,9314c451f8d6f6e14e4205a17c3f4d7fc57fd41b9b6600684401347bdde957a9,896277,115400.0,322.0,0.00279,1,2,222
2025-05-11 15:51:25,9d983094192e53be7df2577b9879553463eeccaf539ef248be3ef5769c269968,896277,241081.0,322.0,0.001336,1,2,222
2025-05-11 15:51:25,de3db544b2923639126090904ef64377bbddd9f71c03b6e6058b0ddbaa4f2d34,896277,2574065.0,322.0,0.000125,1,2,222
2025-05-11 15:51:25,467f032278b595f137b7fb4be547a7d862ae69496a39f5a7df0df0a8300cd529,896277,120449.0,322.0,0.002673,1,2,223
2025-05-11 15:51:25,02577ff78ec85b62ac9948a5a4a8f32d5e6bce6ac07ef2fe874ecbf2134941cd,896277,172453.0,257.0,0.00149,1,1,191
2025-05-11 15:51:25,94ca1224f0020939b5bc297bd4039130b6dd67dd656282c1c644b318daa9fdc7,896277,135890.0,257.0,0.001891,1,1,192
2025-05-11 15:51:25,a7e5a2cbc741bfb01f97ea238f9988b143a9ef133829dbae286e345f7e2b9284,896277,1406854.0,257.0,0.000183,1,1,192
2025-05-11 15:51:25,8e8d68c3627e9afa82404410ffa94b6a0bed7b5690965c24297418e0aecf9245,896277,33802.0,257.0,0.007603,1,1,192
2025-05-11 15:51:25,b2b56dc2630f68f0e2ebbe3a1a24d5c425c831b0e30850343ea7d547701d4336,896277,3813776.0,257.0,6.7e-05,1,1,191
2025-05-11 15:51:25,46f9b865c89f793b50f547ccc61efea38c8d4d3ba6ead230c9f772608d7b6e08,896277,14112.0,257.0,0.018211,1,1,191
2025-05-11 15:51:25,ae1d75e9ecd8e9debb827b352a01ba9b9cb1a328ae1912920a66192508c6f808,896277,15225028.0,525.0,3.4e-05,1,2,223
2025-05-11 15:51:25,f19e1e9d383ebdfa3a5e785881780407fdc633a5800a04f2246dabfde15ab872,896277,10300700.0,338.0,3.3e-05,1,2,222
2025-05-11 15:51:25,be03107d5469030be4bfbd0d4f41a33be26c10e8787fcadd6f94834ea3d64672,896277,69998662.0,338.0,5e-06,1,2,223
2025-05-11 15:51:25,f4c6f9363e2aae02aae517e248e046f34a67bdb118bff62f1afeffd3bf39a5dd,896277,175210613.0,492.0,3e-06,1,4,286
2025-05-11 15:51:25,8d550d16ccae505dd0841c09f6420629858630df598e9220b79b5a89ecfa0901,896277,175268666.0,338.0,2e-06,1,2,223
2025-05-11 15:51:25,59ff7c818623b25bd78090e5f712c75fa9c5fdea6d4eb0d176a229c12a08a693,896277,872223143.0,1582.0,2e-06,1,18,740
2025-05-11 15:51:25,96ad25d8812b4bc4a88f4d12d6c028648dd96a11486dc98dcca1da3b0ada9ac6,896277,13775471.0,346.0,2.5e-05,1,2,226
2025-05-11 15:51:25,1d9fe3257f5c0104d6860fe42d8dab3f93d940769f22ff183ed1b5ddadaf9c2a,896277,1283339900.0,400.0,0.0,1,2,247
2025-05-11 15:51:25,db76d5060458891e61af8ab53df7a031ec8d64bd77a9b326eca626339f253945,896277,2546531.0,575.0,0.000226,1,4,287
2025-05-11 15:51:25,6131f21e970fdce612ef1b8576430476458489f70b6356a31ac50edad9763c5f,896277,73211572.0,760.0,1e-05,1,4,345
2025-05-11 15:51:25,51f2ba42a6afdc8dce66a7401505655ee2f58234513392ce3af01752f0257c61,896277,36076.0,324.0,0.008981,1,1,191
2025-05-11 15:51:25,8cf4fbabb44977d14716affe226d570d9ae7642e3aa6acd7831f940aa7ef6bd0,896277,175604.0,417.0,0.002375,1,2,223
2025-05-11 15:51:25,21b1e00f0449f0f3622cc0407a40840694e760fca0e01817a0f924b7fad35501,896277,100048.0,417.0,0.004168,1,2,223
2025-05-11 15:51:25,a439ca83b13b99bf64c63dd3dd7c85fa387f41f2df42a838ac5c77f0ac932b12,896277,909023881.0,653.0,1e-06,1,3,410
2025-05-11 15:51:25,bcf8593076cd54736c508cb97bd0ff5d68dc6d7d89e6f982e36af82c99d6f665,896277,191665.0,618.0,0.003224,2,2,370
2025-05-11 15:51:25,8900e474dfce805a1699c096a02b9e4dfe9ae7611691e0969af780bfed6ddafb,896277,5869.0,337.0,0.05742,1,1,195
2025-05-11 15:51:25,6fb2fe937570c7105e584a12ba38941072a5524640c299c2d8c01016fe56ff88,896277,188168.0,397.0,0.00211,1,1,214
2025-05-11 15:51:25,bba47f7c1c40fa5085d9381c4f5d35838f147383b212d3d8a572bd492d8461ce,896277,564316.0,421.0,0.000746,1,2,223
2025-05-11 15:51:25,ccc860523f98c3089373604d33beae06d86372749b2671be1155592222c4175b,896277,13273499.0,1640.0,0.000124,7,2,1115
2025-05-11 15:51:25,f442ef0aed9a4b5ab29de31e5434f5058efbb70d6faf9add89755a3ec99c15a2,896277,1991660.0,938.0,0.000471,3,1,556
2025-05-11 15:51:25,9727625dca862add7c97d4dbef5fec35ea6bea4ad4b2409331483761b83e0819,896277,162206510.0,425.0,3e-06,1,2,224
2025-05-11 15:51:25,a5a7d9459d179b26fe15d5c012a72a2d5ff38ef9bdbf6e90a677d035ad029dfc,896277,1222448.0,426.0,0.000348,1,2,224
2025-05-11 15:51:25,cf12095d478574673ca543682799a94c6d4ccd2714a17bb09444a9b0c993b3f8,896277,108985.0,426.0,0.003909,1,2,223
2025-05-11 15:51:25,3d989b3649fe87deff804cad03b8db8a3e9e3486f988df40b505dd1d572019f6,896277,33154.0,423.0,0.012759,1,2,222
2025-05-11 15:51:25,45a3c174dbc3c5e82888242b1c0c1ad4b58a8514a988c0c98be9d68a7d1e3cf5,896277,36433.0,648.0,0.017786,1,3,297
2025-05-11 15:51:25,d786d178d8db0b103bbdbe2e05e5e98dbb5ac263403ede29e0ef6d39579333f1,896277,34575.0,648.0,0.018742,1,3,297
2025-05-11 15:51:25,f7cc6cca8b22f795be437bcf65fc88773bb71f51ee779e36c07bce25380267e9,896277,116285.0,432.0,0.003715,1,2,225
2025-05-11 15:51:25,c698486c84f6f6bbcde952ef71e7ca0f65155e39e1b39d990e88c4d923e8e3e8,896277,78074.0,426.0,0.005456,1,2,224
2025-05-11 15:51:25,f4737c98c7621bbf5b9baeab3492a280be77767bf85d50298e3202640fa14ce5,896277,7145.0,651.0,0.091113,1,3,298
2025-05-11 15:51:25,e8e25df7ca4d439a3ea526c9682d52e1da76455717cd6b7a50c6a0d3de9394e0,896277,249484.0,423.0,0.001695,1,2,223
2025-05-11 15:51:25,d97a72066ecda6e3b12b37dfaf366f3919994ba77610a881d25a20b91c5109d5,896277,41661.0,339.0,0.008137,1,1,195
2025-05-11 15:51:25,a7ede2c1025814a34603bbc58965caf79e1645d2c193abb21d5becf7fb511dd3,896277,29385.0,648.0,0.022052,1,3,297
2025-05-11 15:51:25,2bb44f99f1cb5d1563b7b4751612a6f33608a11db2219326bccabd61a4f7ebcc,896277,6321786.0,426.0,6.7e-05,1,2,223
2025-05-11 15:51:25,31863ec38689fd03e9788d5abf71e5da8e406b0c31837585f98e6e68fe848cca,896277,34462.0,648.0,0.018803,1,3,297
2025-05-11 15:51:25,a476c637c62f1a43f5bc40972077ea097b51c6e3183dcf420ec7ce885dbb89c4,896277,36215.0,648.0,0.017893,1,3,297
2025-05-11 15:51:25,65b77c91b982119aec289a83461478efe8d3dd3a6f7240aac787d7c30e93bdc1,896277,149717.0,423.0,0.002825,1,2,223
2025-05-11 15:51:25,1019dbfe840e3f10075d5cca620543f72d4465519263d23b675e2b44f0e04bbe,896277,43332.0,339.0,0.007823,1,1,194
2025-05-11 15:51:25,c29c9e8f188830a4ccbfa82b01e69ac4131752f028d9797b31a8a69f1e010fba,896277,101694.0,423.0,0.00416,1,2,223
2025-05-11 15:51:25,0c7c7e146fb950d1d5e048f6a7c466566dbe1e9a8c7722788bead548f4ead0b5,896277,22126.0,423.0,0.019118,1,2,222
2025-05-11 15:51:25,1fac6a9edfac56fb0baf39ae1a5f4505de66782bc29234afb2e3706bd257c1b5,896277,29034.0,648.0,0.022319,1,3,297
2025-05-11 15:51:25,b50f87c8b48f9b68b22f8255ec142400bfcbeb9bc7a2897b3d935e80918fc8b1,896277,88577.0,423.0,0.004776,1,2,223
2025-05-12 03:41:07,a18ea1ff59c70980fb2fb53f8416bde624b3f56ae91f24a031afcf71f66af972,896353,441928.0,3656.0,0.008273,4,2,805
2025-05-12 03:41:07,e50161e512fed358a66f5ed38aa30d35242961cfa78938b42c8b753b69fca024,896353,460642.0,3931.0,0.008534,4,2,839
2025-05-12 03:41:07,6bfd423f68f223a864af61f395c34ff3f763b6b3634daf5da0da3176f5b8c50e,896353,540502.0,3931.0,0.007273,4,2,839
2025-05-12 03:41:07,170d98c62c10bdd83ace59bf0e63e4b7c3854096d0594e4d4e70034fa7d93e14,896353,466827.0,3939.0,0.008438,4,2,840
2025-05-12 03:41:07,e0d0d7dbee62ea6b4507514003466b782d50e55b7b92883d212e346385b2fe7c,896353,1200114.0,8012.0,0.006676,10,2,1865
2025-05-12 03:41:07,1b23caa22d861749f80a3c85f59507c468ccddffebeaae3d51f8b30957565eb4,896353,598434.0,4481.0,0.007488,5,2,994
2025-05-12 03:41:07,ae9d5ca6a0535d95cbf169ed87640a72e2dc6d579540064530ce2b7d0182d52f,896353,2426657.0,17015.0,0.007012,21,2,3941
2025-05-12 03:41:07,d68de296528f86b2f7630ad9665e072152799de15a5c4d1198256b84909e8df8,896353,638937.0,4474.0,0.007002,5,2,993
2025-05-12 03:41:07,35697cdfaed3d1c85e19de2e02febc24153f03a9ad1744141f2a86809b58ab98,896353,578994.0,4474.0,0.007727,5,2,993
2025-05-12 03:41:07,010857f42f282e38d694f29193b56806e29be4fd419e40ec75dd43e7cdfe3424,896353,4527700.0,27913.0,0.006165,35,2,6511
2025-05-12 03:41:07,bbb1dab457221bd3989e3139caf1abfd4cab2b83f508ceb2fb71b37ab06f7d57,896353,550912.0,4749.0,0.00862,5,2,1027
2025-05-12 03:41:07,19d92e1d25dd80d451d8c862c439b8a3b11f47e2c2fa9ee615f9d7d1ae0b4804,896353,4357929.0,28723.0,0.006591,36,2,6700
2025-05-12 03:41:07,d44bc5cd10ee3e08f298b5f8388e3d7d46e3ce038f978e3eae7cfd85a5914173,896353,8676966.0,49686.0,0.005726,65,2,11816
2025-05-12 03:41:07,7019f79d484ff955a6afd094ca7dcb6808a508aace8468da1673e8b192c3e1a1,896353,9204539.0,61425.0,0.006673,78,2,14410
2025-05-12 03:41:07,3e726b5a600354853f4328084e1c03039abcd571c4800a0f6daf586e559f1241,896353,5817770.0,41265.0,0.007093,51,2,9561
2025-05-12 03:41:07,38d350b611e2a02e36426c7cd0e5307c7057e3ae5df3fdfbfcc18e85f1196f06,896353,6621125.0,43710.0,0.006602,56,2,10293
2025-05-12 03:41:07,9597b9939fc9f044bd510ea14e5d9f7c95c69aff4e30afe7177d5f1cfaa947c7,896353,663315.0,5567.0,0.008393,6,2,1216
2025-05-12 03:41:07,9a315f78baa39abbafdc847ad0eec4aee3bd670bb7bb643fe21a61ebab749dcd,896353,8714847.0,53775.0,0.006171,70,2,12751
2025-05-12 03:41:07,5b45577aaecab2afb6ea3db5f283ae53891075e1ddb2e3fd60c4661b5471df4d,896353,23993597.0,1123.0,4.7e-05,1,2,223
2025-05-12 03:41:07,5e682450de64dc098a36de06d0c860ec81ad167dde35560398a6ea367b6c4ddb,896353,1454019.0,1128.0,0.000776,1,2,222
2025-05-12 03:41:07,81d3d7c61ed768511fec681660d0c3e26ed2c5426ff1b9a912537159110fcca1,896353,1405797.0,1128.0,0.000802,1,2,222
2025-05-12 03:41:07,e4b1a7c12e2d9aee18cf2dece9384e54acb04c3d6be3a7aaa9d4d2a485e14788,896353,342491.0,1416.0,0.004134,1,2,258
2025-05-12 03:41:07,da3ddf5322a6414a8f78f09630ac5a8e034a0662e0030ce0d6c13df2e78ad944,896353,126580379.0,1128.0,9e-06,1,2,222
2025-05-12 03:41:07,985de5d4bea0ced4b475f1d0a9431e3c7b8dc14d2a9c28d2808d62faecaa1bb8,896353,126818742.0,1624.0,1.3e-05,1,4,284
2025-05-12 03:41:07,f88fbf51b86534d9aab878f5663dd648966c37be8a0baa92e5d1bfcee1430a54,896353,126893091.0,1384.0,1.1e-05,1,3,255
2025-05-12 03:41:07,e469970d19ded455cacdfbe0237242fc518980c1e928caf0b155164d5160be7b,896353,595694.0,1130.0,0.001897,1,2,223
2025-05-12 03:41:07,e1583b568e7389490638f109f29f079add56eb806fecc0b74c5315791d6c1a14,896353,4028980.0,3984.0,0.000989,5,1,902
2025-05-12 03:41:07,47880ac8be4190637503a17243efcd3a0d2fb3a15989742006188182ee94f914,896353,215419406.0,2080.0,1e-05,1,3,259
2025-05-12 03:41:07,ad35c3fb2a2e7e4048508a7ae1acf27ccf9672f2fc60bcc58db9fb48556aab26,896353,2382074.0,1152.0,0.000484,1,2,194
2025-05-12 03:41:07,20c92eb106c9c8374d92bef8a2b861e3e517d8b037aee07d65f38b782c31fecf,896353,172807.0,896.0,0.005185,1,1,191
2025-05-12 03:41:07,fe7dcca36365cb9884e95a00247383e60c5e36b7c1db297b88a4f6dabaa11756,896353,414949.0,1403.0,0.003381,1,3,253
2025-05-12 03:41:07,6c07f880744f0481a4bb38fc0852698d48afde08f234194529f2294cced3c5e6,896353,127051185.0,3712.0,2.9e-05,1,9,455
2025-05-12 03:41:07,0c1e6fbbf862a4fd254ebaebfe32d5c5c9219ec80c21bede6067534a64e31ae0,896353,4858.0,914.0,0.188143,1,1,192
2025-05-12 03:41:07,8680f6df57c1d217549a344c33836f207bfb5249626062aea1728c3c81156d61,896353,60234628.0,2000.0,3.3e-05,1,5,321
2025-05-12 03:41:07,599cddbc7e348cc57d094ead6d2181111cb9dedd06f1b26ca7929679b612f51d,896353,50499157.0,2000.0,4e-05,1,5,316
2025-05-12 03:41:07,69b7854e606463c4136a0dd7e301c98b4a451f33504fb148c0ed8a33728ea8d6,896353,147464851.0,2000.0,1.4e-05,1,5,316
2025-05-12 03:41:07,096f9bc6be4420c68cd502769bcaaaf6fcdcf2615842e924bc1ff90d392d02e4,896353,17993026.0,2130.0,0.000118,2,3,407
2025-05-12 03:41:07,47d58b5ad15dfa1ec34555ce4561082a9cc927f0fa1e305131eeb4a0d8eafa92,896353,4998704.0,1296.0,0.000259,1,2,225
2025-05-12 03:41:07,8731255f7a5c8afc3a03d7052620dfd836db1a582081822b0f7022034202f6c4,896353,1856242.0,1900.0,0.001024,2,2,370
2025-05-12 03:41:07,2ee8a062148c9d85580b7255d13c63b78ccd2276a452f383a9d653f5828a67fc,896353,1323535.0,15143.0,0.011441,9,1,1656
2025-05-12 03:41:07,1ac61599d6d3d61293ce20361cce7bbec0df021dfe7704e6f96c858687dc318d,896353,5113699.0,2610.0,0.00051,3,2,521
2025-05-12 03:41:07,ee6679dda9a1ec239f2d967ff74c8c72054e9c49dd28111d234df08e89d4edf1,896353,101942.0,1049.0,0.01029,1,1,191
2025-05-12 03:41:07,041f1bedc479031ded7c4b75741f1956d3e6d6830f1a5e03eb96faef498961fd,896353,1625672.0,1943.0,0.001195,1,4,284
2025-05-12 03:41:07,95cae1f3a92861feb077d252b8ec51f5baf2c1f2857883b6125a34162cf5dc63,896353,85336188.0,2000.0,2.3e-05,1,4,289
2025-05-12 03:41:07,1f01e15a2145c5a555f817bfcbf020c12a201031e958b5b25329ce84c5fa18f9,896353,596112537.0,2980.0,5e-06,1,7,380
2025-05-12 03:41:07,db557f3ae3e4f76db7312b1f05f456a7c26eda0fa16f3803dd62a812ea5ea2ee,896353,877616682.0,4740.0,5e-06,1,12,555
2025-05-12 03:41:07,b8b958369143aa926050e3d58003e65b7f015c9828c1e8593aaa4d40997a2fdd,896353,954094680.0,5320.0,6e-06,1,11,724
2025-05-12 03:41:07,91845de25b59649ed24202f4212761a256cfb0c19e956bc69bc668191a749fd3,896353,8490306.0,1420.0,0.000167,1,2,223
2025-05-12 03:41:07,deeb54836c038164799a1b36b6d57acfd6c4ab200e4bf0882ad808e533ca54d0,896353,10720471.0,1410.0,0.000132,1,2,222
2025-05-12 03:41:07,8ea3ebc7926ae1144965e86df9f8c8d031cf9e83bf42989cd797e76b292970bc,896353,32812021.0,3610.0,0.00011,1,9,443
2025-05-12 03:41:07,ff60ea72af782171cb9f06671dc8fd2c0ede68708f9d31fe3bf1207e977957b1,896353,7869962.0,1420.0,0.00018,1,2,223
2025-05-12 03:41:07,172fdbe5ac5c0e9abe4831a16d568cfec3c9088640d43692b63b903eb5e01da1,896353,698324.0,2800.0,0.00401,1,6,361
2025-05-12 03:41:07,5fc6393a8f7d355fa4a4dbc1f720330e617c96fbd3148e3de13794ed62fe989f,896353,1555694.0,1420.0,0.000913,1,2,223
2025-05-12 03:41:07,eecd52029fff9e30bec35a2a1b7ecd959796382354e686169b032aff3f6e6496,896353,8199264.0,4480.0,0.000546,1,11,529
2025-05-12 03:41:07,b952fbebb7df2b9a5b95a1b760b9521068673f388980e51dd9c05c753c4fc292,896353,41987767.0,2410.0,5.7e-05,1,5,322
2025-05-12 03:41:07,2224118060bf7d955b65c9bd009002355be433b27396601183001f852ad1f388,896353,918295.0,1410.0,0.001535,1,2,222
2025-05-12 03:41:07,edf1fc6e9a7388feca6891aca9a91483b3fc52fcdc038d1237fb5c42174a0d7f,896353,2000425136.0,4050.0,2e-06,1,7,596
2025-05-12 03:41:07,ff067e690d5e3e7e43467f8a540eda79b0ce52394040ef7d964b6051d70f137d,896353,8671041.0,2060.0,0.000238,1,2,375
2025-05-12 03:41:07,40239c85f94d85ce843f922151d8ab286e44c4784adb2eff9f6d1f089272b2a7,896353,9153745.0,2070.0,0.000226,1,2,376
2025-05-12 03:41:07,7b57cf293d82c3930ad5bbb1780efd6501b919a35d690d4ab4564a58810a9d6d,896353,20224088.0,4370.0,0.000216,1,11,518
2025-05-12 03:41:07,0537a5ab15448ec75d9e700985c25cd719abf8806c9cd5996acfc216e741eb50,896353,11329718.0,1440.0,0.000127,1,2,225
2025-05-12 03:41:07,c9eb75ccdf8a8a14f1e0846e92a9d39522bdd2fe168d756cdfe1f9c584740cfd,896353,12670158.0,1410.0,0.000111,1,2,223
2025-05-12 03:41:07,50447914d03b85f70b0c73fe8cad6f9c3ed1e31fc7e1c68b3dfa157ce1955727,896353,119990.0,1410.0,0.011751,1,2,222
2025-05-12 03:41:07,a1eed42f83fce8df83027412cb2f2bc442c36b599844283fc38e3f6357bb5c22,896353,48694.0,1110.0,0.022795,1,1,193
2025-05-12 03:41:07,c01f166abb6de9d9f7685bfd960fa4bbe23994cd8f06ff49dcb11a0a897e1e86,896353,705823308.0,2140.0,3e-06,2,2,373
2025-05-12 03:41:07,07fc213a910d9a551a4207776d3bc9d2b43a90ace98badf5ee2d9120198289bc,896353,4201978.0,2260.0,0.000538,1,2,222
2025-05-12 03:41:07,62726904200348de20b9a8eb0bc1a7c8416c5bae403f9e06589950c4290ab50f,896353,546.0,1260.0,2.307692,1,1,204
2025-05-12 03:41:07,9b822ef92840755adb6caeaba67770c158ebeded8572ba7a2d18a7953617cb6f,896353,1806.0,1430.0,0.791805,1,1,319
2025-05-12 03:41:07,8d780d34e919c446e346304ba1c73b4a2e82e287be01633cc5cffd866957bc01,896353,1173952.0,1570.0,0.001337,1,2,234
2025-05-12 03:41:07,4c2d7adeda8c1c7f8f630de657b0f663fcff1a48ae117c0ce804d974bc5470a0,896353,170514.0,6900.0,0.040466,6,6,1034
2025-05-12 03:41:07,ea021033d70457cdd774be06ebf37cc60bb14704f14d93dc0b3759123931286c,896353,1431285293.0,4980.0,3e-06,1,10,480
2025-05-12 03:41:07,292deddc441eaaa68e101e992e024a226f0c41dc950d7bbd63074800958a4ec8,896353,9720375861.0,4300.0,0.0,1,8,414
2025-05-12 03:41:07,f5a13eb922f95062b7a61c502862810718f177829933ee5cda57e6557c86fec5,896353,65000.0,1064.0,0.016369,1,1,153
2025-05-12 03:41:07,5aea79ecbea6f6dbb6f57be3481685fe0972e39afb48ed0b60605b308499c3b9,896353,4870731.0,3800.0,0.00078,1,4,345
2025-05-12 03:41:07,d7cccfb172a0cca7304976ee8e2718d4ac4941eb5d889c9a1c01875571e1d499,896353,285763.0,1237.0,0.004329,1,1,192
2025-05-12 03:41:07,f707a17025b547fc8973c77c949f9d15d58c53587c08837fbf64b8ae6923cac9,896353,81523708.0,2458.0,3e-05,1,3,297
2025-05-12 03:41:07,a67b1ed0f62691e3b4b3995a518909e1473487e46204e37342c58003f107b41e,896353,84669252.0,2000.0,2.4e-05,1,3,256
2025-05-12 03:41:07,3dae23df2bc345505e3ece85ef974e2016619b726f8112a7aaacaf24eac66e16,896353,21742204.0,2000.0,9.2e-05,1,3,254
2025-05-12 03:41:07,38f122f9d9b4e10afe454543b459d284ada99852c1b3b46b81bec829c30eb94e,896353,56974.0,2268.0,0.039808,1,1,188
2025-05-12 03:41:07,39650a5f96b097e0880a8f78b40841070ba2ac16f71533fa7e62db015fe18285,896353,7726307.0,2062.0,0.000267,1,2,246
2025-05-12 03:41:07,45b3616f746e02a02c42fecf0c8a848d9b4bf2783c880bbaa0351338fe8ca20a,896353,10899972460.0,9315.0,1e-06,5,2,1927
2025-05-12 03:41:07,b460a7067d438d2fa33d30a1d8666ceea33af88940b210085327a4be8f1ac6af,896353,5199992260.0,7740.0,1e-06,4,2,1561
2025-05-12 03:41:07,96d4b5599b61edd347fed52d01948e3988214ba8c9db2df2e7e956aaa3b3ec38,896353,5399964855.0,7740.0,1e-06,4,2,1564
2025-05-12 03:41:07,e4484500c6bb09240a97d348567e5fb69a72881f9c5734964434f7c21c3f95f4,896353,6429326.0,2000.0,0.000311,1,2,223
2025-05-12 03:41:07,db6c18a76bb767081252e4fe1e5b8867621b78668468bfb77d80fdf0fb54fbeb,896353,1070485.0,2000.0,0.001868,1,2,222
2025-05-12 03:41:07,9408c84f7a0393bd06c7c0f4a3d2661d8b20d1bd7de2a9cf672a7837d6117907,896353,5874105.0,3877.0,0.00066,2,3,434
2025-05-12 03:41:07,e2cbe265448cb76930ae53eb3cf2090d1bd49d5e97b988abf95565cdf85a8d8c,896353,23882.0,1582.0,0.066242,1,1,191
2025-05-12 03:41:07,d0e6200b36b7f152d27023d3a00b0638845191bce3e3a1fecc56f2f92f7b9c76,896353,28680246.0,3228.0,0.000113,1,2,224
2025-05-12 03:41:07,bbd53f70efdc97e06ba11c13af78133ee38b7f7f38b6e6edd9f15e4373e196a8,896353,12516.0,2122.0,0.169543,1,1,337
2025-05-12 03:41:07,a1eefe2d68b334cf3e7cdc491b5906b0af5eb1263a2ce3e59ae37414f2e6c47a,896353,2588321.0,3247.0,0.001254,1,2,223
2025-05-12 03:41:07,7d589c3c93b225d86965b38dfefc33b8ab5a2f34bc25f4aed59025b67d064334,896353,152961.0,2115.0,0.013827,1,2,222
2025-05-12 03:41:07,91b2d9d0191f47a4f07a914b5730cb535899b1fe78faa5fdcf36912298a9fd27,896353,146778.0,2222.0,0.015139,1,2,223
2025-05-12 03:41:07,2861546f50e6f0e80321266b17b45a36b718e126cf4be498c6503b62d17f70de,896353,192271.0,2229.0,0.011593,1,2,224
2025-05-12 03:41:07,993e45b5701039679dceb1e3758ef0a271fbe86e7c79e3ff91487a60fa71f15e,896353,18283605.0,2220.0,0.000121,1,2,222
2025-05-12 03:41:07,f8977ee74bc47574f5bcca3e47f2072a5c80bdc06509290f19bb04f2bd5772cd,896353,86543.0,1842.0,0.021284,1,1,195
2025-05-12 03:41:07,7e503bc3456972ae4bd3e287d9f1cbc89852099e2818c4efb43e84db8fde3de3,896353,36606.0,3438.0,0.093919,1,1,189
2025-05-12 03:41:07,df573fc29830955c007a8bcd9596cfd6419f2d45ab51b92a912716399fbf79ff,896353,4323638.0,4068.0,0.000941,1,2,223
2025-05-12 03:41:07,8199b3bbb73c1a53ca9fbee638887b2a173bb8fbd5368d4ad9de25f24387b5fb,896353,3712124.0,3724.0,0.001003,1,3,277
2025-05-12 03:41:07,d042204eacc237bc69f60fbe8ee05986453d55ddabc9b93c9d96a8d133ecfd91,896353,584933.0,5540.0,0.009471,3,2,519
2025-05-12 03:41:07,534fa6c7994e89a3416bbf384682b5b748f2f7705a255a0a673f97fe25b1ae2f,896353,29920026.0,2820.0,9.4e-05,1,2,222
2025-05-17 09:37:04,108b6c93c51b912f50aaa38c0ebeb8c6d194de7fd85f8a740d4295a3673506a7,897084,2280600.0,784.0,0.000344,2,1,341
2025-05-17 09:37:04,63b7c736f8155d066b2df71ec6cd5c2bc12ff40b6c171e6e911c7ec5c7b55e26,897084,86399.0,538.0,0.006227,1,1,191
2025-05-17 09:37:04,7e3c6c76560546711033f2ec7708288c48d39ad56a350a97db46e7f3aa97336a,897084,3861933.0,572.0,0.000148,1,2,193
2025-05-17 09:37:04,1f6de789b57bb9229193af866e5bc80dbad422498232327ee194e5770e079cc4,897084,81553.0,598.0,0.007333,1,1,191
2025-05-17 09:37:04,bd80607555360f0dc6083f4dcb06b22d3d22e460573275ff4528b7ce13c8c097,897084,10708448.0,508.0,4.7e-05,1,2,222
2025-05-17 09:37:04,3a8150f96ef35218628a1d77fc76b60ddbaebc16528a3689d5a658e88900f12e,897084,57189.0,771.0,0.013482,1,1,191
2025-05-17 09:37:04,edc7dbf268e032e7a98b4fc2504bc7d47b8de5d9818abb4947ce675a1f8ff32c,897084,44188867.0,335.0,8e-06,1,2,222
2025-05-17 09:37:04,a965be5a763bd8e29318a36ef092d12c6a9af4315529fba0f4b36c6a17081fce,897084,1147567.0,1270.0,0.001107,2,3,450
2025-05-17 09:37:04,89b8469949b42cef1ff386a8d591ec7578ca5581b41e28e31b9551772a6bbe21,897084,16283598.0,1134.0,7e-05,2,1,340
2025-05-17 09:37:04,d72896ae8cbdb481cacc3da59c9579aa08c4877d78e7bc36702145ce76648952,897084,305997.0,898.0,0.002935,1,1,195
2025-05-17 09:37:04,dd20b61aba2ebe14e089dff398e08b5d0b5dfced561f1a14ba8c6b9f63435d9c,897084,3067574744.0,1768.0,1e-06,1,13,573
2025-05-17 09:37:04,f69bae7caf588b407c4d8d06a1bd4a152443b9bdfe0b65ee9c71cb5e07678253,897084,23228318.0,2583.0,0.000111,5,2,907
2025-05-17 09:37:04,1c8f3b7be9b79b4a8daa660c61afdb27078f76ea149fb14b74e241d34aa2e8b3,897084,546.0,684.0,1.252747,1,1,312
2025-05-17 09:37:04,1a6345332433984c7fe3af316ef4d4144e1adc850ceffa5ae1d14fe5a93a34aa,897084,6679.0,612.0,0.09163,1,2,235
2025-05-17 09:37:04,5ef5ffa03bd05cf9caae61a13a016e326c7d68c0b7b3912247d7569acb833afa,897084,159143.0,929.0,0.005838,2,2,372
2025-05-17 09:37:04,ccc5261ebaee867108f71703c0ddd1a1a058461941ca909d084a1b912e550802,897084,5195703.0,929.0,0.000179,2,2,372
2025-05-17 09:37:04,bf3af37286bec68149913ea226cd720187b9320b8fb8c8f0e947b629adb09d04,897084,1227091.0,975.0,0.000795,1,2,220
2025-05-17 09:37:04,f3685dac66290dbb41eb88059035acb20008f62e6a7a82671deb0ab3a84766fb,897084,168410.0,6810.0,0.040437,12,1,2105
2025-05-17 09:37:04,90a19c69fa5e8569a7f6fc5c7170a178f34489f9291c6369583afda55022d469,897084,1017604.0,10488.0,0.010307,20,31,3960
2025-05-17 09:37:04,89a395b532299aefcd941b0a3359c9a4b9fa5bc4911939baa9b361d9ddb8bb40,897084,1020000.0,1362.0,0.001335,1,11,535
2025-05-17 09:37:04,a90884dcd0fb76daf70b7954e1e937230eb91dd017b7c765639faefdf02a850d,897084,27221692.0,643.0,2.4e-05,1,2,227
2025-05-17 09:37:04,58fd2b4362506393d554d9022332532725de978415f628e273c91d8e2582cfe6,897084,2607242.0,929.0,0.000356,2,2,372
2025-05-17 09:37:04,1a8ae8776183c286433ca19f239285b452e21d84fdfedeb8eb1d1b2c76ff06e2,897084,516594.0,929.0,0.001798,2,2,372
2025-05-17 09:37:04,1a65a677c69ea40261e897605c2b11a0c6132170796bf80f099fe5983ecec1b0,897084,12689.0,929.0,0.073213,2,2,371
2025-05-17 09:37:04,fbf65be87d6ab36915238e6e4b028a6eec49047369f63cb771abdcb66ee98eac,897084,10431061.0,929.0,8.9e-05,2,2,372
2025-05-17 09:37:04,178d9d69c6973721123a0270cd3c349d427256a0365496a94a9ca1d06155d88a,897084,191815.0,929.0,0.004843,2,2,372
2025-05-17 09:37:04,8af7061d45572e31abfa8b6fa6f2c024fd49eda08f823d9a3e3edbc09f65f26d,897084,1226259.0,929.0,0.000758,2,2,371
2025-05-17 09:37:04,b0d5ca1812c20eca31dc41c7593c8019394557f3d2c74f585f975d56886ec830,897084,345467.0,929.0,0.002689,2,2,371
2025-05-17 09:37:04,aaa50ab1f5171555925200ff19ca29c6e276479668807848b2d0da3c7df9beaa,897084,1179493.0,756.0,0.000641,1,2,252
2025-05-17 09:37:04,f64a90566688a5c558a1c696ddd71bfd3586eda6f60b20a3388eafc5b80555ae,897084,26676.0,798.0,0.029915,2,1,341
2025-05-17 09:37:04,172459fd5ae6664eaf4b65e2f1d5759f97e07df03cb00eece7a0d40c6f2821df,897084,18600.0,643.0,0.03457,1,2,226
2025-05-17 09:37:04,d330529a75222e7f2784722ec8bdcdb51693001d41b16f6720a974112790bbcb,897084,135558.0,643.0,0.004743,1,2,225
2025-05-17 09:37:04,1de8b4d241d470bc399358d36269620bff60ee3ca523d8be8542e3aa167c4dab,897084,1997369.0,643.0,0.000322,1,2,225
2025-05-17 09:37:04,5062c87b4e81724b2820c7e17ddc95ef7981a9e1227ee0e16a14a4b8893bbaa1,897084,193224.0,643.0,0.003328,1,2,226
2025-05-17 09:37:04,3427fcca57394f37536a7b5821911a6ca2b51e5842d1b972615988372885dc73,897084,4842106.0,643.0,0.000133,1,2,226
2025-05-17 09:37:04,0b61e46c670554c2f6680e49cee3685429ba9554e4d9fd5904900957065a7a73,897084,486295.0,643.0,0.001322,1,2,225
2025-05-17 09:37:04,b4718c6ad74a4dcda152bbfd20be49b205daf339821ef0ef238da23f447b6b72,897084,228302.0,643.0,0.002816,1,2,226
2025-05-17 09:37:04,2a4879d3f631ebc4e8bb27a33c550ae1381859755585174e900a02f0a298fa4e,897084,224585.0,643.0,0.002863,1,2,225
2025-05-17 09:37:04,416d0bbb7390f6811380b4767147a84cd6007bef89217565d937fa0738f0bb3f,897084,2782621.0,643.0,0.000231,1,2,225
2025-05-17 09:37:04,0c7ddd145e163d613cc2ccc16f5f82cd594d739fe6062cf6808ec7689a059b32,897084,83011.0,643.0,0.007746,1,2,226
2025-05-17 09:37:04,66b5bbf1656b11132acb275bb3da63f00af8c108b6487eb9038f6deb1778ec30,897084,748177.0,643.0,0.000859,1,2,225
2025-05-17 09:37:04,1936a39b3b6fa11884ab954f499fe1e523a641af80617f21965aa9049f5b981b,897084,78011.0,643.0,0.008242,1,2,226
2025-05-17 09:37:04,22fbd9b8604933f445239173380bd214c09f0401e9b661ff883d3eb0efb640f5,897084,16068.0,929.0,0.057817,2,2,370
2025-05-17 09:37:04,5859fa3eef2bdecebd48ed204eab891c05f11954c8dab606f366c6e30855556d,897084,52800.0,755.0,0.014299,2,1,269
2025-05-17 09:37:04,0bb04ead8d1ecce07edf71ef51ec62c6030af26a26c12371c92b00d17b071cc2,897084,32850.0,2168.0,0.065997,3,1,484
2025-05-17 09:37:04,f3c406f2e884b4a1497e5ae4dfa51344c50123890d57a3238d21b54dadd44eb3,897084,992173.0,798.0,0.000804,2,1,341
2025-05-17 09:37:04,1bd179b68885b9aee63fd2e830a157947adccc72050aacb9c184f9016a19ec12,897084,113202.0,798.0,0.007049,2,1,340
2025-05-17 09:37:04,a6f654c22bff57976e067c8a313214c9aa6d9d21e298b5e0ce58ba0547c2fc57,897084,997917.0,548.0,0.000549,1,1,204
2025-05-17 09:37:04,dddca985ebbc171f167186addb1dcc8a2048638d35839e3bba3e991ab5735485,897084,49900030.0,1074.0,2.2e-05,1,5,290
2025-05-17 09:37:04,b3635fcbb02efb31369d01e50dbac588b46feef946647cd9ca67e9f096dfac59,897084,733151337.0,1811.0,2e-06,1,3,403
2025-05-17 09:37:04,531526b6470feb791c0f0df2eea9e1c74dc003176d377a984e9520cfb4e03706,897084,26869.0,693.0,0.025792,1,1,192
2025-05-17 09:37:04,0405e1a9b76e71b314524912ab8f64ae928829acbd10f441d4288e93c54e1cb5,897084,66562.0,438.0,0.00658,1,2,223
2025-05-17 09:37:04,350c58abfa902516031f3651bf83fb1531ce54aff0f8713c1d0ce075938bc011,897084,2018517.0,1670.0,0.000827,1,2,370
2025-05-17 09:37:04,8e116aca393c1d25642b2a9f8ecb04cd8ebf1a99714fab9d9ae512a8f51838a1,897084,1956051.0,1571.0,0.000803,1,6,539
2025-05-17 09:37:04,a47a3cdeb92d2231aa213099597f06887c65c91aae5a917755403379d337a2e1,897084,4506790.0,1129.0,0.000251,1,3,250
2025-05-17 09:37:04,c765ae27f080f4f49981526769e5c709daa069d97df03e1b3e488991bad9dc81,897084,214606.0,940.0,0.00438,2,2,370
2025-05-17 09:37:04,1fa1552355a602a263f5cbb3098dbae30babfea69362848f57c48acfff8207dd,897084,561949.0,1139.0,0.002027,1,4,444
2025-05-17 09:37:04,8039381bf9478c7592aa909569397ea43c49f3863afe7be2c57305178b85edd6,897084,7853564.0,945.0,0.00012,2,2,371
2025-05-17 09:37:04,21f826d94ae4c4df569847f800b58e96fbd4c16b3bf0e82f140959a819182318,897084,240660.0,945.0,0.003927,2,2,372
2025-05-17 09:37:04,0aaf8b6c7085fe595c7c3ae8e93fc8677071fbf9d183177997fdcbd5453f70b0,897084,4331561.0,869.0,0.000201,1,2,382
2025-05-17 09:37:04,85a68ae9e93381af3ebc81f62eb3562da538aace90013f00e387f883dfc38e06,897084,219362326.0,869.0,4e-06,1,2,383
2025-05-17 09:37:04,8f56ae3d893efc4ecf5271f98cdc50b3c9aeec8ac25f66893aaae4aa084ad1d7,897084,2141389.0,1720.0,0.000803,1,2,380
2025-05-17 09:37:04,0272f89c0b5a5f56d336f1adf2264d983fd7f1b64292fd21c5a5d2a10e7a6f91,897084,3371944.0,860.0,0.000255,1,2,382
2025-05-17 09:37:04,ccdf4bb87438a50403d47d636209102a7b229884b8ee6e4c1a6756cb1481b0b1,897084,3872325.0,910.0,0.000235,1,2,392
2025-05-17 09:37:04,dc3b452409f3940513cbccec9e7b6d3f745b0d5de310895ad28951f7a9038df7,897084,457985.0,643.0,0.001404,1,2,224
2025-05-17 09:37:04,e2b129208ef4b251b2d4b5013fa1a1c7e299cb63bc92f160b290674d699912df,897084,901795.0,643.0,0.000713,1,2,223
2025-05-17 09:37:04,89199f977cde881b527f757b284f98ec8c09458fbd41b1da307201a6e11f62ce,897084,46747.0,643.0,0.013755,1,2,223
2025-05-17 09:37:04,ebcac896ed2ea85a6767d077957014bc93ffa29ceda3333800c40a8ba164a477,897084,261500.0,643.0,0.002459,1,2,223
2025-05-17 09:37:04,3f362cd5877eacf170fc12385abe7e8815cb78389f740118aa37e3c85c293461,897084,1032862.0,643.0,0.000623,1,2,224
2025-05-17 09:37:04,5ebb3c8656a48685b412d84c8b5dfc3ea60c47956197937def85df95c5b1423f,897084,31367.0,643.0,0.020499,1,2,223
2025-05-17 09:37:04,46b37a24f67385f0221f8f7ac7a4e05928e1bd272635d60d1d7c2a698978153a,897084,872230.0,643.0,0.000737,1,2,224
2025-05-17 09:37:04,b0549d832db2efcd606e570e63d3390ef039a67c2de10f0c69f88d7a74b9f831,897084,63139477.0,643.0,1e-05,1,2,224
2025-05-17 09:37:04,f6cb4f467ef3e49e3322e20767df3891a6f8093542fc1619b4f46cb723c5ec25,897084,708050.0,643.0,0.000908,1,2,223
2025-05-17 09:37:04,92ea2cafed928b871e7db64113276e9263c49697e589cb1b0dba53136654f5fe,897084,288542.0,856.0,0.002967,1,2,380
2025-05-17 09:37:04,1c87458c5e167a3c7799752e17c533a99e46214b1651659404f4b059ea7fe9d7,897084,1184254.0,856.0,0.000723,1,2,380
2025-05-17 09:37:04,122471ddefcd1051a4164d2d0854060046f69371329ac814eb735418338e78ca,897084,288542.0,856.0,0.002967,1,2,379
2025-05-17 09:37:04,a36f8cf1c6a879ce0c0ecb0d9b7006ea4bee5a7178d30e73f692897b7f0b678a,897084,2040827.0,856.0,0.000419,1,2,380
2025-05-17 09:37:04,d46e3e0497edd768fc091242a933857a226ae2900f8f916a3173bf6727cd412a,897084,23312476.0,856.0,3.7e-05,1,2,379
2025-05-17 09:37:04,0c8269847cc7b78f79789601188b39d0b94ad41d1816d24c2227469abf9f641d,897084,15437453.0,856.0,5.5e-05,1,2,379
2025-05-17 09:37:04,9fa0426adde085f8f124334648a538f54ffbca457b811bf0d092a6e74c49a95c,897084,1050185.0,4163.0,0.003964,8,2,2440
2025-05-17 09:37:04,8efefeee6e899ec61b090a61f5be14d99069be85db136d7ff1791623145bbb45,897084,39475085.0,1409.0,3.6e-05,3,3,554
2025-05-17 09:37:04,ed316be5cf5a28a9de42d422169b59381eaabd9a13ca3ed0bc592905a57ed176,897084,3217975.0,1342.0,0.000417,2,2,677
2025-05-17 09:37:04,c2ff93d20762c31c1215086f521e3145e2ea19fd2b59e553c8280ac280e8e4c0,897084,2994718.0,780.0,0.00026,1,3,254
2025-05-17 09:37:04,141720c59fd93c44a6a0853874ee8fa15d094a9a3c294410b4064feb7c3c7e98,897084,8731695.0,780.0,8.9e-05,1,3,254
2025-05-17 09:37:04,998403d09e17bb6ef29c2a18450e93e8d57effb66a287589b334d5e541987332,897084,247948858.0,1198.0,5e-06,1,3,480
2025-05-17 09:37:04,e26e303b96d7deff4fccc20d4625403d30ef288b74aade538f7adbea10e9f3e2,897084,88787.0,513.0,0.005778,1,1,195
2025-05-17 09:37:04,33952ab2557e6d4d340fd85943574afbae615626cee3e2de7d8be9db0ee459c2,897084,96498.0,513.0,0.005316,1,1,195
2025-05-17 09:37:04,93b4b48b690860a88e3c2c6f949b5309174706bb1e4a378450f6d58ae05e22a2,897084,241251.0,513.0,0.002126,1,1,195
2025-05-17 09:37:04,6cbde6cf819a92620e70e5b378b8f4406a0026102381f77c6e40b8dd5a28f99f,897084,710531.0,513.0,0.000722,1,1,195
2025-05-17 09:37:04,a77987b8e36516f2d5ed9f5db8576667673daf7c28bc9025b64aa0ae5f6b7b9b,897084,188901.0,513.0,0.002716,1,1,195
2025-05-17 09:37:04,473d4cbea580581e859c6bf7a2535db28e292fe9116a1ea9444902a557135393,897084,10656.0,513.0,0.048142,1,1,195
2025-05-17 09:37:04,1b7938a110d23fa37506974b87a49faeea034ccc659bd17ddeb68db587857d82,897084,9044.0,513.0,0.056723,1,1,195
2025-05-17 09:37:04,f841b6333bca189e7dfb029ff7526bb29ce472e74fab29e0020a0241e62d1d6f,897084,13577.0,513.0,0.037784,1,1,194
2025-05-17 09:37:04,1a747cce2bf52ba2f539ca4e4b2438b3f7e627a3a68d3d57b29ef94644f34c69,897084,100902.0,513.0,0.005084,1,1,194
2025-05-17 09:37:04,5041a4fb63a8fd398d4e96fbbe0bd0cc5af437ebc799b4d84f62a0b91e2acd47,897084,326735.0,513.0,0.00157,1,1,194
2025-05-17 09:37:04,f2a7d3d980e934d10de77908ac95309b0c15716e39ac7323fd7924848b35f235,897084,756331.0,513.0,0.000678,1,1,195
2025-05-17 09:37:04,b50b13c522fe6b7f797e5b537524518ef840047daeec6c16c12fdd5886caeb2e,897084,487497.0,513.0,0.001052,1,1,195
2025-05-17 09:37:04,fa5acb6b8841d60f43110ea8fde897ccf5e82c76950f7c01ebd4e78302764511,897084,96142.0,513.0,0.005336,1,1,194
2025-05-17 09:37:04,0c4b4f5d85d4c1aa0b0d33663e3e8b1d4995aec8eff714eea82ed68992d9af17,897084,1046789.0,7084.0,0.006767,5,2,1560
2025-05-17 09:37:04,92e460c5f8121f77d378079a896180b83723f8dce9aff6637847c5b67522b4dd,897084,41327058.0,500.0,1.2e-05,1,1,191
2025-05-17 09:37:04,590d7494fef53f563227f2be218406a648c84bb297922489b3bed1827acd6da9,897084,109281.0,719.0,0.006579,1,2,224
2025-05-17 09:37:04,09ae269aa1296441f44af0cb3aaceed6dc6de59921752080ceb489449df9fb46,897084,79042.0,1185.0,0.014992,1,2,234
2025-05-17 09:37:04,fd659d430c0aae47632b32f428dc79f73171c5ca1c699e3ad106a89df50a865a,897084,7271.0,775.0,0.106588,1,2,234
2025-05-17 09:37:04,2f756cd59bac6684b2711a6d76edd1f666cf54381d5a307cad6c2d46a3678ada,897084,1543427.0,563.0,0.000365,1,1,193
2025-05-17 09:37:04,f0b78b071e159de84c75d87e2bf01618da7625557c452ccbf091c344d14022cb,897084,4897.0,558.0,0.113947,1,1,191
2025-05-17 09:37:04,702f8b2a365449e694853cf1928e739f97e1ebaf80d83ec923921d784381c4dc,897084,217894.0,2090.0,0.009592,5,2,817
2025-05-17 09:37:04,7e9678324d581a3037aeecc7b11be0a4cec580426c64e771b4f2673717ca0920,897084,2400.0,574.0,0.239167,1,1,194
2025-05-17 09:37:04,3abe1d95c685451fb57e5c31929bc7e931f7528db14547a03efa4120ff7587d9,897084,1607817535.0,935.0,1e-06,1,3,266
2025-05-17 09:37:04,dbc7ba0f656dcbc6955d2a0884f7b4a98c30441ba96e15f4f7947f5b1ea6d30c,897084,5263624.0,3842.0,0.00073,10,2,1560
2025-05-17 09:37:04,caf3775df8bf116f4b22a6f674bc094bfb5bdf6c7185a9a10021f4dcc69de482,897084,11181205.0,717.0,6.4e-05,1,2,222
2025-05-17 09:37:04,cb5a790e740470f46eef436c954985b8c7982cc9d5ef7d86dc9974e3fa66e3fe,897084,1112240495.0,890.0,1e-06,1,3,257
2025-05-17 09:37:04,e051ae3428e922733e27f3b8fbf0969f79b23d638296c7506b32700a3f29bdfe,897084,1712724214.0,885.0,1e-06,1,3,255
2025-05-17 09:37:04,6b57bda9906ecc1ed1dcfe713c4ed0b7eb0d9846ceea7d11b6fff9eb127e34fe,897084,891738834.0,880.0,1e-06,1,3,255
2025-05-17 09:37:04,ddc5628cd62436be02ac5666211e04a31cf7f8f15a7023a9170cd5eefde452dd,897084,1112985979.0,880.0,1e-06,1,3,255
2025-05-17 09:37:04,4719a48d6de43d523682cb08cc76a4ff66b8223e6a21cf4480d90a24e9e9dfac,897084,1755825968.0,875.0,0.0,1,3,253
2025-05-17 09:37:04,173688f31d3b7cb99d6180ba72ec4ed17e42a796bf92b52fa93b1e14a2017faa,897084,1111127887.0,875.0,1e-06,1,3,253
2025-05-17 09:37:04,ffa653ebebfcbad9f45b38531e4659f2b5c373eff6a336a2f2fd1a4cbe9b1728,897084,891661519.0,875.0,1e-06,1,3,254
2025-05-17 09:37:04,9b1bac0105f154b11e7a74c7124aac7e5c3586f76a2146b7b529281a04ff8618,897084,1757361915.0,875.0,0.0,1,3,253
2025-05-17 09:37:04,01f16a2d5cc2da95a273b40d8bb534a40f22ed80990417267d93e18389142708,897084,1144921391.0,875.0,1e-06,1,3,254
2025-05-17 09:37:04,0118617d8440dfbc999fb0ce3702852ec6ce0ca4a4367831112d762a896c7140,897084,43639588.0,3455.0,7.9e-05,7,1,1246
2025-05-17 09:37:04,85a0226b5d747e629ba964b95799c0a603efa601fa1c8cf3bf0a2d757963dfb0,897084,29977.0,1023.0,0.034126,1,1,201
2025-05-17 09:37:04,ea2afc0f0af9ad16ea0da4602928f63a115fe5f5089ddd5bd114018e9f347bbe,897084,3926831.0,1130.0,0.000288,1,2,222
2025-05-17 09:37:04,e26ee5fdbe556b5992aded54ded7270daffd6524273674ae244e3f3664724a96,897084,190969.0,1130.0,0.005917,1,2,222
2025-05-17 09:37:04,f2bbbb47593a9197b6982280d147db20e04f7ac30a376af380aec096054cc1a6,897084,319960.0,560.0,0.00175,1,1,191
2025-05-17 09:37:04,5160469c2a27e62b69d24f321c08c487d65304986ea1efc909d1f03140619b5f,897084,20565.0,560.0,0.027231,1,1,192
2025-05-17 09:37:04,61fcdb732694b8dfc50f6afee44b07c4881c78ce815f7e5a37d159d109b6f91f,897084,106752.0,560.0,0.005246,1,1,191
2025-05-17 09:37:04,2d3881b95f6d0379109dcff4ff3c0c0a456373d768880a0036f785e2cf80fc77,897084,1617105.0,718.0,0.000444,1,2,222
2025-05-17 09:37:04,793436bc8d16682d40510a4459f5f7e5e3e2b402dbfff284698244a772e94aeb,897084,1784195784.0,780.0,0.0,1,2,235
2025-05-17 09:37:04,410ca02d46cdc58fc549514f76c3eff7c1cd06299e6c86437f27711464594c93,897084,1951613.0,775.0,0.000397,1,2,233
2025-05-17 09:37:04,f8440db324cdeb590bd9b113e5fb0c51c1a1959a5903ee4944f759fccd808cfa,897084,339731.0,719.0,0.002116,1,2,222
2025-05-17 09:37:04,c15c4c23d49e179b5ec5a7427eb939f77a5cc82d5fd6041111c90719b0491485,897084,3997750.0,2250.0,0.000563,4,2,765
2025-05-17 09:37:04,c20210ff13f82fb6821642c2acab319a452ff0b15bf994f9ff74dd565f2c819a,897084,23794113.0,8185.0,0.000344,23,1,3461
2025-05-17 09:37:04,237d03c762ee16e08643e27eb782cfaba85d82681871712e860798354b28a5ce,897084,30930643.0,852.0,2.8e-05,1,2,223
2025-05-17 09:37:04,21d1393c02f140e847f996bf1dc63b58647a80a2a29f2d83af8c7c97cd4e7ab8,897084,30949235.0,1260.0,4.1e-05,2,2,372
2025-05-17 09:37:04,cfd7257958c85ab84f51d77a20f5d1e8eb38e5d34cb8ca0e5d1a4b2a90740fcf,897084,31429993.0,756.0,2.4e-05,2,2,373
2025-05-17 09:37:04,6f84f68706f921e4782bb29466aee653adc2045ef5291a9046c6beee5ef01096,897084,1721966363.0,735.0,0.0,1,2,226
2025-05-17 09:37:04,0f4ddd02341857ed25ec4323afd9c3324ed198fcc749166b57510da241220388,897084,1757269685.0,735.0,0.0,1,2,225
2025-05-17 09:37:04,5c7a08d396e7f79bea892c1b3be8b9806bf9038c2eb3abdc43c477c7ba7c4a17,897084,1637911942.0,735.0,0.0,1,2,226
2025-05-17 09:37:04,9a67037c0e7a206275368287e8e3ecddabb818596cf47397b82ff1478df618ad,897084,591287.0,1022.0,0.001728,1,2,223
2025-05-17 09:37:04,b46f17fbfc8b89ead2a443e4d33dd9026a251c1a37b97767ca718207315ea251,897084,593101.0,584.0,0.000985,1,2,226
2025-05-17 09:37:04,0a24540a8871650a408bdffb9a4627999e7488387e324540be9829ad00e06a65,897084,594479.0,584.0,0.000982,1,2,225
2025-05-17 09:37:04,be34adec5e7c7efde1c65126b6eede46eb3a9897d214023fc2bfbd13564402ba,897084,1849582045.0,725.0,0.0,1,2,223
2025-05-17 09:37:04,bd6febf1bdff8336eeeeacfb85328abbe361975fe8968993226b52a1dcdc4905,897084,1750218166.0,725.0,0.0,1,2,223
2025-05-17 09:37:04,77a56a856e3eff383291a8d761f466b06e7d23f6db4da2da14bbb58e12afd5ff,897084,1113904581.0,720.0,1e-06,1,2,222
2025-05-17 09:37:04,a04ce3c12c179c09bb8da9f5cb70548daf95d5d8ff7c73619e3dae75aa3ea4fa,897084,993546256.0,720.0,1e-06,1,2,223
2025-05-17 09:37:04,15b5b76e69f5b1adeeba58e5041fa7932a7cf758abfa5edd2230ec1b2ab254e6,897084,1617893186.0,720.0,0.0,1,2,222
2025-05-17 09:37:04,17847a94fb971f13b29f387a9446bba0f1b01d1b90f811abcc898640190aa7d6,897084,1115878743.0,720.0,1e-06,1,2,223
2025-05-17 09:37:04,4b2df4732724db527d5ea0f3e049f87c3123059143e3ba35dbdb2b230bbb8ad6,897084,1825648484.0,720.0,0.0,1,2,223
2025-05-17 09:37:04,69eb3f5e93cec265bc00df8ab9ced5cee5197b2e4705ea10583e503c509a7da9,897084,1832019329.0,720.0,0.0,1,2,223
2025-05-17 09:37:04,f51074af7c2f4e74e649b84921e90c9ae66cc50b18ecb9b64bc06430ce93c7a3,897084,1756359207.0,720.0,0.0,1,2,222
2025-05-17 09:37:04,0fb45fd5c92179251e577ce87133f993ef3922a9622050da58a07f46c58cee83,897084,891328139.0,720.0,1e-06,1,2,223
2025-05-17 09:37:04,610669d2286b9bd38755b7f0d2e628028bede521a671e5cfe958697584ab1f50,897084,1140860388.0,720.0,1e-06,1,2,222
2025-05-17 09:37:04,12698e59b526ba4fbf49e5a231db666ddd87b822197f783eb631653cd8147a45,897084,993123639.0,720.0,1e-06,1,2,222
2025-05-17 09:37:04,021956a2e2df31589ce8ab3aa629fd63daa837478e4df79253e40a44044de72a,897084,1810556398.0,720.0,0.0,1,2,223
2025-05-17 09:37:04,7c73d37c412ba2189db181b26e091b6d40581e5f09b50546d8d31adf093e3413,897084,46607521.0,720.0,1.5e-05,1,2,223
2025-05-17 09:37:04,172da169c88390a1f34c061dfae874d05a9a7f6e342bd08b91f39d4392b36e03,897084,1003037724.0,720.0,1e-06,1,2,222
2025-05-17 09:37:04,5af4990cbe6f10ff40e2c08d83a4f758da58540a0469583499ecfa1faef36db2,897084,86100493.0,1814.0,2.1e-05,1,8,436
2025-05-17 09:37:04,15789851e1806017eae276008008a9b9dc00892e8c408d49a15a94f5fdf98333,897084,436247.0,2619.0,0.006003,4,1,933
2025-05-17 09:37:04,e0395c047826026e10c079719eac30ae34e13336927cc53fc1647f204b6b7d4a,897084,102580.0,300.0,0.002925,1,1,406
2025-05-17 09:37:04,5d2f3843849b2a743aba486819e4d24410af524cf43e30a7045775371835b0d1,897084,1952876.0,720.0,0.000369,1,2,234
2025-05-17 09:37:04,9ffa88628ce85eb2cb0a4234b70c4bc24b0dd5760c795dc84f27eb85b7a9dd59,897084,4135.0,729.0,0.1763,1,2,223
2025-05-17 09:37:04,d4ef55a79dceba0ee554f15f67c2b801ea0256d6c86e95ed380da5dd6f8ca5d4,897084,6864.0,729.0,0.106206,1,2,226
2025-05-17 09:37:04,a74b30fb110901ac3e0da911751faba620f8a0183b7b77cd1bcd9cb914c46fc5,897084,53033.0,962.0,0.01814,1,1,188
2025-05-17 09:37:04,4276c403159fff9c859b645a61efb4735b0c30e4a75dfdf574d5287c71c8b93e,897084,158127.0,733.0,0.004636,1,2,224
2025-05-17 09:37:04,e2c5c777a01a3cb0219cf9e5e71a1b077b74a81c16e236266d7521483e2c06b2,897084,171220.0,722.0,0.004217,1,2,222
2025-05-17 09:37:04,43c89db3a776bc26e2dd7c2100faa761c4561ee40bb7e165e0962afe7847c00e,897084,10221738.0,1153.0,0.000113,1,2,225
2025-05-17 09:37:04,9cb76324d6699c242efa4f0f11390d7b83fa0fb86733dd7734ae4328944325f5,897084,930168.0,1868.0,0.002008,2,6,525
2025-05-17 09:37:04,e15e73e6a2c280430dbd0a320816fb78871a84b6386aaae9e78d62a93a493a75,897084,1446002.0,883.0,0.000611,1,3,254
2025-05-17 09:37:04,215a309bec521fec34aa59fb42bf0996534c0b6670aa2f9bb4801c756b859bdb,897084,710750.0,4422.0,0.006222,7,6,1020
2025-05-17 09:37:04,2c232f62053446526e0f21aef588275b4974e55212b90bdb5bef0939e6267537,897084,211733.0,1590.0,0.007509,4,6,699
2025-05-17 09:37:04,dce5f696975e2d712d1a13ba85dcb939f935eba86770a20aa22ea7cab3b10427,897084,4030125.0,750.0,0.000186,1,2,197
2025-05-17 09:37:04,ff7dd2a71db6855b82a441b92ec38c4733794b618607ccb03256cdd15f85ee1d,897084,1007107.0,730.0,0.000725,1,2,224
2025-05-17 09:37:04,d8b2c1ca37ea09f4b1cf1e0bb5b80e8d4c7c5f6b5ce59fb2702f26d23f5fa62c,897084,168755.0,746.0,0.004421,1,2,226
2025-05-17 09:37:04,9ae7590a4b8008c50f7b662af39b516254c4e0e879deb7e67f6711bca498b995,897084,2114908.0,1550.0,0.000733,1,6,382
2025-05-17 09:37:04,05597da8ddd873ab109657ac9875ae28ab2f0dfd20e8d01d05845652e04c2c57,897084,1683490.0,1550.0,0.000921,1,6,382
2025-05-17 09:37:04,13e7b6c561d005acdd22e44a8f42bc3f54073c43962e46e86162da031db9951a,897084,1383610.0,1550.0,0.00112,1,6,383
2025-05-17 09:37:04,a4e436154ec721933ffa05d37e6033d760661cf664b7b472089a2d261d553f12,897084,2097304.0,1550.0,0.000739,1,6,382
2025-05-17 09:37:04,73eba04d85f34a671718b1d861c0c4b635dd0f5e8a55993edad6ae84ffab02ba,897084,741604.0,1635.0,0.002205,3,1,559
2025-05-17 09:37:04,2951090cc2bad2967d77110a75eda4c495eed2033b3b2b857a06836f94e1da4d,897084,15456562.0,1795.0,0.000116,3,2,591
2025-05-17 09:37:04,36b186d9f82d561ae35b8487133baeff39b48e7e84d00c46bfedcc91163e44b8,897084,258603.0,1395.0,0.005394,1,5,351
2025-05-17 09:37:04,7528e0984a9413eeef47abecded38c87979dae0a41cd9f4598370da377116093,897084,240576.0,946.0,0.003932,1,2,348
2025-05-17 09:37:04,5d284f0908be4a11ac0213b5ef245f27da56c156d17ddaee0c8af7e88777a1a7,897084,29795.0,729.0,0.024467,1,2,222
2025-05-17 09:37:04,74a49d3b834b14d1dcc05345fda64125751ee74a3da5d096e8ac9646a84ccf8b,897084,2626.0,729.0,0.277609,1,2,222
2025-05-17 09:37:04,72ebe107a2e6eb01239bd7718a28cb8503d8ee2cacbd5ea169451b31010ae2db,897084,466601.0,1396.0,0.002992,1,5,351
2025-05-17 09:37:04,361acacdb252f4d7b852eb7c52210d9f16c05c5e6d211d01ea6c560cd059354a,897084,258765.0,1335.0,0.005159,1,5,340
2025-05-17 09:37:04,77810f3eaf5658bf812c22faba225ac7695b127e64b97a5bf85c072f4434721e,897084,258663.0,1335.0,0.005161,1,5,340
2025-05-17 09:37:04,461a11432598967163470dcf8af401d10f4cf9db963e03f06c9a90214d61261c,897084,5895901.0,730.0,0.000124,1,2,223
2025-05-17 09:37:04,becb9c5b3828cf4ab18e68aabeebaabe8f84132b13c6ea91930d76cae45a2cd1,897084,11537967.0,3850.0,0.000334,6,9,1043
2025-05-17 09:37:04,4d723f70c605083398d1c04b06842379fad0cd271206b556d6325c7aa11eddbc,897084,1998327.0,3850.0,0.001927,6,9,1043
2025-05-17 09:37:04,bce5a35cba4c38ed8aeb96084bc69bd5356d595ded3a341d629e9b83938ec36a,897084,49064.0,1431.0,0.029166,1,4,327
2025-05-17 09:37:04,f664c587cbec1674ed03a4f6b7cea5dda805b9b4cb3979b26f4463f5ae76d66f,897084,117551965.0,23179.0,0.000197,30,1,4470
2025-05-17 09:37:04,88958d45f653ac18015a2cc2a1e265c3f4865ea031c3c7e6dd9319526ebbea6b,897084,42209165.0,813.0,1.9e-05,1,2,223
2025-05-17 09:37:04,47ae2e533edee480c657f91022e88a090d356c8ff1b07b070ecf0172b0b9aaea,897084,42253475.0,650.0,1.5e-05,1,2,223
2025-05-17 09:37:04,05bd6e825c0abc91030adf615cb74a83c14bf8ea40d8f74f1b4d4b1b1161a1c5,897084,11070.0,530.0,0.047877,1,1,153
2025-05-17 09:37:04,f453360a3bdae89dd822d872b7f4fd5b4198bbecf3241434141738ce17478a97,897084,28365850.0,1560.0,5.5e-05,1,7,381
2025-05-17 09:37:04,af33da22816837d25fab373ece211c05de4d1442b41ed9c125633f450785fcff,897084,244092.0,515.0,0.00211,1,1,150
2025-05-17 09:37:04,9c12a6ba35cc0d139b8252f73e3d61d7d6b32ef2ebeef264a50c6488e16a69a6,897084,916244.0,1930.0,0.002106,2,2,371
2025-05-17 09:37:04,ca7cb394936d05703365a6dcfeb530b86a44a3cab57fd5d90b95ad25c25754bd,897084,288118.0,987.0,0.003426,1,2,223
2025-05-17 09:37:04,d79db669ba7ec96947f41692a6314dc4184f06c85f2f0a3cc7edeebda1ef99f1,897084,989105.0,840.0,0.000849,2,2,373
2025-05-17 09:37:04,079c19f01279c7c50ae94036f4e9a43bd66571a7d0bbf31095d2f1e8dbf48c7e,897084,981451.0,750.0,0.000764,1,2,195
2025-05-17 09:37:04,fa2550149c57f306a1a6212eb699b1d898ebccd6d8bc07b13ed39be23e4563db,897084,81614.0,912.0,0.011175,1,2,234
2025-05-17 09:37:04,a725975dd82ef3c4aa6dc9207d1201beabc8ee1d3c0cd826a8631cc8aad342c6,897084,48315.0,1252.0,0.025913,2,2,372
2025-05-17 09:37:04,4801b0e376e67d4f6bc5c4e6fcf70ffed840432b9daa7d4bfea27d7527aef176,897084,524042.0,1008.0,0.001924,2,1,269
2025-05-17 09:37:04,e150767da71dcf1bab875cd232a98f16ec6ba2cc24438713c39fdad24b5ed188,897084,124078.0,1056.0,0.008511,1,2,259
2025-05-17 09:37:04,facf7236d01f713939b862b66046cd91a0f5befaff2af8806b8b91414d3d4efa,897084,10917652.0,1128.0,0.000103,1,2,379
2025-05-17 09:37:04,fdc6f133de2310b171bd1d12dcc85b5f1cdf287a22e40e6cd4f801783b3ae2f7,897084,40048119.0,1128.0,2.8e-05,1,2,380
2025-05-17 09:37:04,fe73210954b7a928c3066df89d0c51e47d6cb30c8b5a6884f708709ab2ee5fdb,897084,22189820.0,1128.0,5.1e-05,1,2,380
2025-05-17 09:37:04,0ef5071db7f73fe8f914bf02205bed959718ecaff3f5020de77b1785beeca1b1,897084,145211862.0,1128.0,8e-06,1,2,381
2025-05-17 09:37:04,8e9a50b551d0d89ed1f69c62f910f99f00b1964636766c2fff550872c307c379,897084,64711757.0,1128.0,1.7e-05,1,2,380
2025-05-17 09:37:04,835be450bc267b753e04c19eb9f9bef150e7a9ec683170df4d17510f8377024c,897084,120154688.0,1128.0,9e-06,1,2,380
2025-05-17 09:37:04,9b66fb0002e0548f0d688214be857ef789a3f29ebe43d18da59325ee48f4c331,897084,187735413.0,1128.0,6e-06,1,2,380
2025-05-17 09:37:04,bbff16ca00b397d3991af354e4df698cdbad895324905285ccac7aed5a01e603,897084,185323678.0,1128.0,6e-06,1,2,381
2025-05-17 09:37:04,fef969a7b66fbdaa09e27d6607735318281c2d4691e97523084c8ae83bb29eef,897084,83021762.0,1134.0,1.4e-05,1,2,381
2025-05-17 09:37:04,9cc34df814b24ada3188919cfc2a049fe0db49192f98555d797e450c6eb9a1ea,897084,179655462.0,1146.0,6e-06,1,2,384
2025-05-17 09:37:04,8773db4de49ed8fc79db8203718616f78489bbdfe5090d141cefb7e980f41ac3,897084,86710049.0,1146.0,1.3e-05,1,2,383
2025-05-17 09:37:04,4cfb0d350152ab91758ef60d58c567b16e4850112893858e359a9f071f4e878a,897084,89470885.0,1146.0,1.3e-05,1,2,383
2025-05-17 09:37:04,ae91cd81aa5599096cf741c496c4d3844577b11431db995d78dbc48e4d473b80,897084,1856841.0,1146.0,0.000617,1,2,383
2025-05-17 09:37:04,cd970bbd5b60eb880410078bc32d74b8baa44d9c0d66ecdb8a45d4963527b973,897084,101519319.0,1146.0,1.1e-05,1,2,382
2025-05-17 09:37:04,a83fceb12a05525f6d49f36218d1f76cfa87515286ea46b748d700e4f285276d,897084,19202909.0,1146.0,6e-05,1,2,384
2025-05-17 09:37:04,e0c5a9ff8601e25644f947c910527ebf859d8043bfbbb3f378d2c32c715b9d69,897084,50153082.0,1146.0,2.3e-05,1,2,383
2025-05-17 09:37:04,87e33fe8671042c960e2947a6685306fa865aaf69e05f08ef2458b0ac58ad237,897084,87958232.0,1146.0,1.3e-05,1,2,383
2025-05-17 09:37:04,59a72eda2ba5486cc0b8356112ec727533b9341cf5a4a77993a2ffc95dc8391d,897084,27839153.0,10380.0,0.000373,14,21,2419
2025-05-17 09:37:04,5f93aebef40430884640e7823a5b630fd8c0c80a5874653de57ebfc4b08e9d07,897084,27847553.0,2346.0,8.4e-05,1,8,463
2025-05-17 09:37:04,8d2fb0068337eac9b68a4d28498dacd7189cc6f7cc1476ea9054dc654361253b,897084,100537.0,794.0,0.007898,1,1,215
2025-05-17 09:37:04,3ad61cbe0e1e0dfd2398555c8587355f92745777750608b1cfacecf023a81bc9,897084,233286.0,842.0,0.003609,1,2,223
2025-05-17 09:37:04,aebdf8eee2b84f3e644df2022eb26db65bea346198f1f13626e3cc85eb4adff1,897084,514780.0,1266.0,0.002459,2,2,312
2025-05-17 09:37:04,1bc27edc0598c45ca0222db7d6402c9cc6a60f9fa66c5626646f3786e36d493a,897084,4138.0,1266.0,0.305945,2,2,312
2025-05-17 09:37:04,bf0a4dd424872ea299172f5d441112e7388577425be70e1824cf1cfa64554415,897084,299280.0,1266.0,0.00423,2,2,312
2025-05-17 09:37:04,4237e271f8b29e5029326044f25e1974e584847d3116fc05a56b1aa3848fa76b,897084,62151.0,657.0,0.010571,1,1,191
2025-05-17 09:37:04,cb449ed69a0de099bf83d50beb00244337d2f59819af383f85d70e9e22612a00,897084,1216683.0,657.0,0.00054,1,1,191
2025-05-17 09:37:04,55dfe9b4b160a2f32b95cb612321556d5dc181fa794efba466ef788497e62b2a,897084,43933704.0,1332.0,3e-05,1,3,415
2025-05-17 09:37:04,d7cf33342dd3f5122768b923eac0021b5e48e83131b0a4518e0cf57122b2531b,897084,155786981.0,1332.0,9e-06,1,3,414
2025-05-17 09:37:04,707cae4ada9ccbe45474ba86e158d4152d98571a20a6a455e0966a6bbea570fc,897084,47768.0,675.0,0.014131,1,1,194
2025-05-17 09:37:04,43c49031968942f6c634d8dfb446bade57d14dea4b848db240fd28a5618746ce,897084,1934577.0,675.0,0.000349,1,1,195
2025-05-17 09:37:04,83f57b3f0c52cc6b7d0d21cd09f33885040d35ad167cb7c4f089d2ead2622fc7,897084,10917.0,675.0,0.06183,1,1,194
2025-05-17 09:37:04,f7a5ec2f54f061e49f7c06fbe1a7436e93368ef16cafb8fcfe8601401549a1b3,897084,74626131.0,1350.0,1.8e-05,1,3,416
2025-05-17 09:37:04,290433aad0726ffb71c77bd63d69e8dcecb01902ce0e9080fb3de07b73c6b698,897084,186525155.0,1350.0,7e-06,1,3,416
2025-05-17 09:37:04,d1dbe19875b0407041876ebc254f97004795099cf9cb0bf4407433e343e8802c,897084,1928125.0,675.0,0.00035,1,1,194
2025-05-17 09:37:04,d8e8eed9806ddb7a5179d041b930f31f920f16a467613c593e5d1c0baebafaaf,897084,27780338.0,1542.0,5.6e-05,1,4,448
2025-05-17 09:37:04,67c1b2ab689a68e6040b84fde98aeee1b5ac155082c73d5ec021d6a48a59cb47,897084,740657.0,1656.0,0.002236,3,2,520
2025-05-17 09:37:04,6395d7d25ae52670a82679d92b2024f7ec86c3adddf929b7bc30234c121bb5d5,897084,27700.0,843.0,0.030433,1,2,223
2025-05-17 09:37:04,c208198b06c5403e3028b7d9e38f33990c32daa65bf6454046ac33e73b6f0b92,897084,307211.0,843.0,0.002744,1,2,222
2025-05-17 09:37:04,a013ad16cc883ef68847152b55e98a48198c9a97f8c20f3d400d883bd90bc32f,897084,11178117.0,843.0,7.5e-05,1,2,223
2025-05-17 09:37:04,94791b886d8c0e9dbc730454caf26aa5903ef123a52aa675161c423b05577f1e,897084,426278.0,843.0,0.001978,1,2,223
2025-05-17 09:37:04,571177b1bcf4c9c04676ece3416e911647defef2365f8e3ec0b967604d8d2ac0,897084,192223.0,849.0,0.004417,1,2,224
2025-05-17 09:37:04,437f69233f9d702bf026688728d34b7496bf40d9917a3d94277c1d17421222bd,897084,3874943.0,1698.0,0.000438,4,1,483
2025-05-17 09:37:04,148fe5b5bc9b334602dbdb610e1f69760f768609dd1002edf7a9ea2ec7bf302c,897084,1942658.0,915.0,0.000471,1,2,234
2025-05-17 09:37:04,58bab388319dd4fdd81f8144a66f166eb08eb1a5c06a433c76948cb4c5ecc239,897084,7883439.0,964.0,0.000122,1,2,224
2025-05-17 09:37:04,13f34eedc5448a252b547414d9ff7145b081dccf74caebfa5427838116d5c24c,897084,8369595.0,804.0,9.6e-05,1,2,226
2025-05-17 09:37:04,35960eccdb9d08f76bb4c76dc85dd718dc74cfb3f3695ee5b5db76d253470e4c,897084,9165507.0,804.0,8.8e-05,1,2,225
2025-05-17 09:37:04,267f6d4f17d9943e7b57ab602b3836179c68985bf06dd4bf1c733ffbf5683c7b,897084,141415.0,1071.0,0.007573,2,1,341
2025-05-17 09:37:04,1c1172cf49c45ad63be9ba10cf580a1e5a2e695735f6cb15711e80d378a52959,897084,96059.0,2029.0,0.021122,2,1,339
2025-05-17 09:37:04,376d06aece653f06369fa93ed7f8f174922a57bd64a82d97794b7635601eac9f,897084,7464.0,844.0,0.113076,1,2,223
2025-05-17 09:37:04,00e908732ee8fb8567540f108227d147d900d5f3e2ddf79101f33e27a141ec57,897084,339355.0,1437.0,0.004235,2,3,403
2025-05-17 09:37:04,8771efd6007d78e7e4bfa4e248d2d3c4a7c0aa075db5b04d8c47ac17e6636e42,897084,8255688488.0,26340.0,3e-06,31,3,10281
2025-05-17 09:37:04,13c561588084b1cb54bdd967bab05f5161515c310923ed2e7fde75a7db056c20,897084,10760674211.0,27084.0,3e-06,31,7,10407
2025-05-17 09:37:04,2aeed13284188e9cc9f16bd4c74167307a2cf3ac6cca2fc6a18820fc3eaecd6c,897084,11356362118.0,29028.0,3e-06,31,17,10729
2025-05-17 09:37:04,d6c9ef86b3b764adadcf3bf8a3f3f2d712d2c51de83b1e98e6b2ccb379da91b2,897084,9028671126.0,26340.0,3e-06,31,3,10280
2025-05-17 09:37:04,080bcc373797a39c546fea818c470b1cc2d4a266103e99befd6a1c37e9579eaf,897084,12452684.0,846.0,6.8e-05,1,2,222
2025-05-17 09:37:04,b0e316180a30b3b1a2a89aae6752c1a6408def29bcadcd3b0d9d66a5a8c50442,897084,12469442.0,864.0,6.9e-05,1,2,226
2025-05-17 09:37:04,c3e66b4eeac8632ef26ad252d8eb4a2fcbf8af409c2f344d46d06d2858735643,897084,12521667.0,1015.0,8.1e-05,1,2,223
2025-05-17 09:37:04,21ea3f0b8c8f789415ddf6bf622d929d9a43354dfee84ce502209fcc48c5dcdc,897084,12574043.0,1015.0,8.1e-05,1,2,222
2025-05-17 09:37:04,a216b690bb894d9b2b85892c47a163a7da3bc7497da30d3e46aee7da27fd8145,897084,12645635.0,511.0,4e-05,1,2,223
2025-05-17 09:37:04,1bdfb3b56bbc8ea82978368a9bbd84b7f8cb38c173e812ae4a81f8edc796ce62,897084,444599.0,13855.0,0.031163,33,2,4959
2025-05-17 09:37:04,e24071de509bd0e138038e01c932dc20f334d479f2c2f69abd7ad51c1a219dff,897084,394364.0,864.0,0.002191,1,2,226
2025-05-17 09:37:04,843fb329a1baa01b9550571996b49a7b7c082dd9bbe826ffbd1abeb6710496ff,897084,1153555.0,846.0,0.000733,1,2,223
2025-05-17 09:37:04,57fb979b89141c2708809dbc4a0cb5b2e62011004a477ba1771271ebeb656bff,897084,107438.0,1272.0,0.011839,2,2,312
2025-05-17 09:37:04,aac6cb639b57d129866d1c3216945a56df964d159532d1271a9fd3cf9ab246fe,897084,229689.0,852.0,0.003709,1,2,193
2025-05-17 09:37:04,3272e4441e07c0af507de853e7a2fb3dfbdb70484654a21ed273c5de0a62cffd,897084,546.0,912.0,1.67033,1,1,323
2025-05-17 09:37:04,0867ed70f3853cbad43b0dd007222b3bbc47c7b809cf765870d52a89483fc7fd,897084,546.0,912.0,1.67033,1,1,323
2025-05-17 09:37:04,4eb25746ceb609bee04ee197970a8182550e68569d90d3feb42bc44a9f109cfd,897084,554631.0,924.0,0.001666,1,2,205
2025-05-17 09:37:04,a0da351d4cb6a822f73d1afc8467f3175730f976ae0a6231b0214dbce4246ffc,897084,4996614.0,924.0,0.000185,1,2,205
2025-05-17 09:37:04,a7ea569d5d36e0ab9a16d9722d7d89a535fde55694e90e51bd05629a7fc314fb,897084,345417226.0,1551.0,4e-06,1,2,222
2025-05-17 09:37:04,1ae0aefe76836109f0aef6bd8bc56b6742b03c69e27da0dba3930e529914e40f,897084,346327871.0,423.0,1e-06,1,2,222
2025-05-17 09:37:04,3b016bd1d2de3f95294c3fbf717d44ccdcdd814fa50b4a875056fd3b8f8cd5f3,897084,346885002.0,564.0,2e-06,1,2,222
2025-05-17 09:37:04,fcdc5c442a2bccec8be8737d0903dba389bdaa2126d41c3273a4e17e1e2de9f9,897084,95222567.0,864.0,9e-06,1,2,226
2025-05-17 09:37:04,8dfdd822693dadde11a4ec814f8732790426c82602396d6d41f361a09c592cf9,897084,28792520.0,1032.0,3.6e-05,1,3,253
2025-05-17 09:37:04,083f766c0aa54d40ff8476dd5e264c93359485cdf63c60b5d6b3929b4234c3f8,897084,5182.0,1356.0,0.261675,3,1,376
2025-05-17 09:37:04,9fb3b31448055a25e0308e4e6038153445aef776572f18766db6c2e36be3adf6,897084,398764.0,846.0,0.002122,1,2,223
2025-05-17 09:37:04,4475e9eec100a5cc931f520e07631290317b9a67adf08518c4a77025c873abf5,897084,64755.0,4800.0,0.074126,1,4,421
2025-05-17 09:37:04,507f49621a275cbc4af4c1de16a17dbf3fdc948c7603e96e826a50b66d8932f5,897084,1250495.0,864.0,0.000691,1,2,226
2025-05-17 09:37:04,1ecaa7d8002d1bcac2e40fce0d9fb7a70ec8aa45d1416c09ee697874937a35f4,897084,705539664.0,846.0,1e-06,1,2,223
2025-05-17 09:37:04,f846b5fe9fd37be3d48a8c2ca197fe47ea82815e32a52f7941179d484926f2f3,897084,549168.0,846.0,0.001541,1,2,222
2025-05-17 09:37:04,5f5ed8c1f4a23a1af566d57d2fb2a07e7dbc798dcda1f2bf3029708579d839f3,897084,267851.0,1548.0,0.005779,3,2,408
2025-05-17 09:37:04,7d3e7cd55b1b991dd8d271c6477d964c886a4589926ff2f933e01115bf29d7f2,897084,546.0,912.0,1.67033,1,1,323
2025-05-17 09:37:04,75e7216274fb8e2618d4d6ba5b03f2653f98ccd64c2039a742d84bf35a954af2,897084,370765.0,852.0,0.002298,1,2,223
2025-05-17 09:37:04,cb7d7d14fe925b82ff6bbdc7cf2d87b1f269bedddeebaea388d6afe1016604f2,897084,13506799563.0,846.0,0.0,1,2,222
2025-05-17 09:37:04,73c8cfc885c8a92f9d39f6100cbf9078604d359827241354fa9333724c9f35f0,897084,154117.0,996.0,0.006463,1,2,248
2025-05-17 09:37:04,072f1657968e39e646ed05cf35df59c0e29e1a330a981809e14ea06edc55caef,897084,99525.0,1272.0,0.012781,2,2,375
2025-05-17 09:37:04,7489c044e5161219c57b8d33438c41ae4aa11e179abff68fb3e7cb8b7ceaf5ed,897084,1332.0,1614.0,1.211712,3,2,419
2025-05-17 09:37:04,bd7db4ea32339201a8817ca88f7c8bc929ebf77ab3783a5c39365107d4b07eec,897084,4101651.0,846.0,0.000206,1,2,223
2025-05-17 09:37:04,2c912bdab149a77c8c8c702ed74cbf5c8c2d385a18e3ce6000870610f3a741ec,897084,546.0,852.0,1.56044,1,1,319
2025-05-17 09:37:04,1ae4bafdb6e2b533f2f124834b7c96b18fc1481e1875cd74fba6b93d2bde35ec,897084,76260.0,960.0,0.012589,2,1,260
2025-05-17 09:37:04,9a9d88951e236fb539f5f903c8a91fcbe77d83024e143f21dc1d7bc51e89eeeb,897084,74469.0,1272.0,0.017081,2,2,374
2025-05-17 09:37:04,3b9602ff3446470effc8c754ea79eed8ea7539b652dfda5771a9b4342d27d9eb,897084,2248180.0,852.0,0.000379,1,2,223
2025-05-17 09:37:04,03030992ec266b86cf841508b7d08bc3840ce67c45efcf6aa02b831075f252eb,897084,546.0,918.0,1.681319,1,1,330
2025-05-17 09:37:04,f97adaf005236907788b7dacbe9be257ace1aa8c21fab559b9325191b813cfea,897084,258148.0,924.0,0.003579,1,2,205
2025-05-17 09:37:04,b9d9f28ca3236430e3c25ee468b79c57cb26f11abaa506ea634d021853ee1fe9,897084,31370.0,864.0,0.027542,1,2,225
2025-05-17 09:37:04,045d18afd426c0480b82406fd4ec6b05470d2e28999db365799a7002140675e8,897084,17807.0,1272.0,0.071433,2,2,312
2025-05-17 09:37:04,ba667b82ed2d2a4cf2ee02def6a9aba2110c9e002454b9429d38f0adcd3f4ce7,897084,81650572.0,864.0,1.1e-05,1,2,226
2025-05-17 09:37:04,116054e2e7bbbf2a1e6c5272cd20ed1910fdd51afc9db7c3ec0d1ce79ab53a1a,897084,173786.0,846.0,0.004868,1,2,222
2025-05-17 09:37:04,e17ca0cedabaf86981f6f975dc46edc2dd2e2b7c6abf48fe51ac2c79fbcadd6d,897084,553832.0,864.0,0.00156,1,2,225
2025-05-17 09:37:04,6ab061c0c39b03c53dbf814afbfcaf49f489f98eb30845750b4459bf85858a19,897084,11028892.0,864.0,7.8e-05,1,2,226
2025-05-17 09:37:04,4576e98dc5b35ae196587f9490c57c4e437be0a8e71bd1312dd955b7ffa17219,897084,546.0,906.0,1.659341,1,1,322
2025-05-17 09:37:04,0bd4af7ce66fa901e1b65193b6208ff3877b71fd843d057434105642826052a7,897084,440115.0,924.0,0.002099,1,2,205
2025-05-17 09:37:04,bd493904204171069da54af1660c1eeaef2c01d8e6907e903ebc60972b9a8918,897084,546.0,924.0,1.692308,1,1,331
2025-05-17 09:37:04,6fd59b17320b3ada757c6d8c510a718fb663050fc6e2c98e97daaeb7d5768fe2,897084,23695.0,924.0,0.038996,1,2,205
2025-05-17 09:37:04,d9c52b3bbe0ff76cf9ba36bec42ccd8d465e5cf907fcc8c58245654e5315da17,897084,740100.0,924.0,0.001248,1,2,205
2025-05-17 09:37:04,0d6a1d2380d4d8434859dc1fb44ac9499810767307f7ba98473bf3c13b6cd114,897084,546.0,918.0,1.681319,1,1,330
2025-05-17 09:37:04,ca6a2f88294b36b39be0a69aff12db80509570cd7c07464c9a7597bd368d365c,897084,218237.0,924.0,0.004234,1,2,205
2025-05-17 09:37:04,338effb9ba5a20f59dd1eecacbc3b0d09dc8f8285b4e6c6837bcfcf038c24513,897084,66777.0,918.0,0.013747,1,2,235
2025-05-17 09:37:04,2a92596ef2dbca4747d25f43a00bed22adf1218f0763b88068aee70fd1e278e8,897084,69093.0,918.0,0.013286,1,2,235
2025-05-17 09:37:04,d997188a25d721c5324db7b36146a9716e901fc87874e9c40c5d8b6d2916c511,897084,116154.0,846.0,0.007283,1,2,223
2025-05-17 09:37:04,1db8574f15d5fc29b02d798a9115827f9799a588839bb04bf8115c98a624fa10,897084,323185.0,846.0,0.002618,1,2,222
2025-05-17 09:37:04,e0146992f0ae02b216141a79a3415ebfe26881272e77f647ebbd2e2592cea90d,897084,546.0,828.0,1.516484,1,1,305
2025-05-17 09:37:04,ea5362a7c5fffcbd5faa1ea25a3c082e212cb832ec61de7d17bface90c827309,897084,999148.0,852.0,0.000853,1,2,223
2025-05-17 09:37:04,19cae226f0701faca028c8bfecb79807f7613f425765a3f3310e0e263ef94d09,897084,546.0,828.0,1.516484,1,1,305
2025-05-17 09:37:04,32927af0525a4a18dce61fa2303100810f67a374bf9ccb3dfc3464802bbc2add,897084,11212849.0,4272.0,0.000381,1,15,794
2025-05-17 09:37:04,373a2334d4427b5a777ac0b7feb1bd95c07a1d453a034e7375c30faa0dfea008,897084,71409.0,918.0,0.012856,1,2,235
2025-05-17 09:37:04,60487245f337d5fa7c971644bb3295bd0722abe1530405ab65fc99717fffbd1b,897084,73725.0,918.0,0.012452,1,2,234
2025-05-17 09:37:04,b210e2eb91aae86e7a1fa17a70b6074f886709e6bf27a481b5ee623a6d730307,897084,546.0,912.0,1.67033,1,1,326
2025-05-17 09:37:04,7a1c1f9808d0cdbd7588e750b01ca24f4a943b4f6b6b0277aa491dbcb81df22b,897084,8126.0,924.0,0.113709,1,2,205
2025-05-17 09:37:04,62523602d1e1308d3690080b66ff4f141994fcdf3b082b4e07c065516c0b5502,897084,16406529.0,1056.0,6.4e-05,1,3,257
2025-05-17 09:37:04,e147d782adacfad1fbd987ff6c78f4d00e2eb4b0f3665452cdbbf0a9dd1bbc01,897084,896143.0,4830.0,0.00539,1,4,450
2025-05-17 09:37:04,345fa9891c193d80e8a5fe5ff64c35037c752d09b34a49eca92e0d5fb4d8019b,897084,7584758943.0,14554.0,2e-06,1,1,350
2025-05-17 09:37:04,8a06dd1c823d04500f17b7aa3516fe0eba65b4bb253036a9a2a5ad0936638d9d,897084,12587456004.0,13563.0,1e-06,31,6,10410
2025-05-17 09:37:04,e1c0dbd1dd8990652b556a6e26d59e33af726ef41cfbaf7f18a3d40c3bb30aab,897084,4185956.0,6810.0,0.001627,12,1,2104
2025-05-17 09:37:04,aa57b385a51c5b8f1d3fcb59170ab70fb0701e922f42eac0189aa7f7d8745d06,897084,6678689.0,8940.0,0.001339,12,18,2075
2025-05-17 09:37:04,0fdb1edea1f8b03c07747f39accd869532ac5304e1d9ff8462504c96190a5e9c,897084,6685331.0,2142.0,0.00032,1,7,420
2025-05-17 09:37:04,dd22876abf57ac5b594e1edcc67f481d6ef9e1cc97e1b52a3130e321c7d7da6c,897084,192753803.0,1128.0,6e-06,1,2,221
2025-05-17 09:37:04,c86c07138c35c78f91d44c35943977b8ed03cd025c04c647ece84857116863e2,897084,196513804.0,987.0,5e-06,1,2,222
2025-05-17 09:37:04,75d09cc1df0554ee70b55abfe6b808b536c699fc79aa6ca5d76684337f924d3e,897084,201320393.0,423.0,2e-06,1,2,222
2025-05-17 09:37:04,98b71ec238c9cc14fe08757bc3e73edbc202abaa2cf8dcfb161ed9f193c44a79,897084,75544894.0,2196.0,2.9e-05,2,7,527
2025-05-17 09:37:04,149a5f93344cc86a6b7a597643618f3b00407c6d8b30ccf57a2366adf554aa65,897084,103628.0,1065.0,0.010277,2,1,339
2025-05-17 09:37:04,75a3fb2eac2db1c232556b706b4bfc0a8edfce068c262b1560dcf2909c6082eb,897084,25182593.0,2076.0,8.2e-05,4,2,668
2025-05-17 09:37:04,257658f99d0c73bebfdb3856c6c77fcfc0437a0edcf07de26e87555a024506e0,897084,1200093.0,1908.0,0.00159,4,1,641
2025-05-17 09:37:04,7fed48d132d3ab87bee35c58d0f946227bc50f6d7e14db5ead533645acf75b47,897084,793790.0,1734.0,0.002184,3,2,531
2025-05-17 09:37:04,1ff3405896266c4adf9878d5f7f2b91caf3294b5390baa31c3fb4df325f047cd,897084,193868.0,1132.0,0.005839,1,1,188
2025-05-17 09:37:04,d12300c2bc916712be8e157e867aee68590d6182c644d844a2fc15930514b095,897084,671783.0,1536.0,0.002286,2,2,417
2025-05-17 09:37:04,c5048a2b19e9310500453b44b1819f7150ee73cc576c8386e7a9ff5acead023d,897084,16867.0,1133.0,0.067173,1,1,188
2025-05-17 09:37:04,9b98123e70a997346a1593b3012e528541e1b6060ce618463ba59712cf839ff6,897084,2222966.0,1356.0,0.00061,1,2,225
2025-05-17 09:37:04,693badabe0829c26b1b678ea2323e37710a63a4b42f5bbffa0681470e33cfa2a,897084,365090.0,1338.0,0.003665,1,2,222
2025-05-17 09:37:04,591880b5536bdbee4c7c0a474140dfdb7da2ae5cb358a01eb2045ecfc363bd05,897084,71885916.0,1326.0,1.8e-05,1,3,411
2025-05-17 09:37:04,d2fb4cab65e768fa84501748c4d6df6bc3d31d99ef9f490deb0f524e5a527cc9,897084,10171096.0,1254.0,0.000123,2,2,370
2025-05-17 09:37:04,deec52a739e570f905a0dadec694ebd5bc50912fda10bc063c6bf88a974f543c,897084,27659.0,1140.0,0.041216,1,1,189
2025-05-17 09:37:04,641493eb01fdf4bc622f0c28659d4f9043874c09e6897ef3ea5b04ed91613060,897084,42388.0,1074.0,0.025337,2,1,340
2025-05-17 09:37:04,793971313d0b31980d5c8fe8434ac010aa278611b73912c382e63a49e573af24,897084,99249845.0,2094.0,2.1e-05,4,2,670
2025-05-17 09:37:04,549a74b70e33786cb7a46ab9b9b18ccdd202e2b10d6ed6799f7f1910a2fdabf4,897084,9992416.0,930.0,9.3e-05,1,2,205
2025-05-17 09:37:04,121404f1aa5547215807144ee9e575714952031c2a58dce265625d416dff32f2,897084,9639711.0,930.0,9.6e-05,1,2,205
2025-05-17 09:37:04,4911c6ee5adb20f42a8e438c5146e761feb8fd5d7d06bb9494b859c31c16f6e5,897084,146115316.0,876.0,6e-06,1,2,196
2025-05-17 09:37:04,0275e1c1013b170a491f67f78570488cb2a18987160df4b3c9a84c5988f26dd0,897084,2469042.0,876.0,0.000355,1,2,196
2025-05-17 09:37:04,6023b98e40fef518b8f0bb809aa0d9400acff7984acb4a989d583bee3a0ce925,897084,2840080.0,876.0,0.000308,1,2,196
2025-05-17 09:37:04,de133a13b93aa9f50616e9d805dbf44c82e57807b492b34ad89ef754b621d116,897084,1884723.0,876.0,0.000465,1,2,196
2025-05-17 09:37:04,132af12f34bac1c88ab4cdc5191673b1fe8b162a2196fc7ba2d88aef42871bc1,897084,200307616.0,13074.0,6.5e-05,23,2,4021
2025-05-17 09:37:04,f26b98383a384b7db4305edfc56e83fa2993f1390c8e37be1f52eb0d61e044ce,897084,1690001.0,864.0,0.000511,1,2,194
2025-05-17 09:37:04,08f14a3cc751e648204963282dd5fb36572f430b4c45c674a6e1917bc7a99f39,897084,1302157.0,864.0,0.000664,1,2,194
2025-05-17 09:37:04,81720bd61540199717e1e1d48ee03bb21c623a187ffd89b623f1d9563b5afda8,897084,1340020.0,858.0,0.00064,1,2,193
2025-05-17 09:37:04,470b3ac2fd2dd69c11b4ff8ebe8e123c9813754997ddb729f653b0ce143bef81,897084,2818140.0,858.0,0.000304,1,2,193
2025-05-17 09:37:04,ffc338b6eb0949a8bae1834efa7991165cb1044a012c6017c47e628792402606,897084,429853.0,1001.0,0.002329,1,2,193
2025-05-17 09:37:04,8077b19825c897651ac3cf4de022e2886452b22132b8d218939524a93afa5f4b,897084,449154.0,715.0,0.001592,1,2,193
2025-05-17 09:37:04,99c049aa780e7aec7dbe3b25303e8f0e2c9e7d1633773f45bd654dce1f82e8e7,897084,25616.0,852.0,0.03326,1,2,223
2025-05-17 09:37:04,b2e71893fc5616f0ba36583d0364ee3ea5f190a85d6e4b3b4db4d8cc074fa16a,897084,360443519.0,852.0,2e-06,1,2,222
2025-05-17 09:37:04,2d9317f686b94c381efdf9527a9785f7345ef25580e6b93ff39394dce5b5ebfd,897084,2022996.0,1362.0,0.000673,1,2,225
2025-05-17 09:37:04,f30209da37071a3fe3510b0cabedaef9606ba7be2eaeb52a2ab4615b1e97fa12,897084,679020.0,2930.0,0.004315,4,6,745
2025-05-17 09:37:04,01d6951339fed2f335c47b7c92715c1025c3cd02829dd2bcffbacbba9b371426,897084,989076.0,2646.0,0.002675,4,5,758
2025-05-17 09:37:04,19862e643bf9f62b8a9d355d8dad46c1ba3f17ec32773201e251094780dc3ebc,897084,1289726.0,7500.0,0.005815,10,15,1731
2025-05-17 09:37:04,231e1176abe4391acc6ed89bdfbc436326fcadeb4649f18c0be824cdd4dd0945,897084,1295042.0,1938.0,0.001496,1,6,377
2025-05-17 09:37:04,5ca7ca8f76f88bc38fd23497341dac3bed692662b8e4c4626af1c8a8638882f4,897084,385000.0,1000.0,0.002597,1,2,246
2025-05-17 09:37:04,8870400c45b392e8e85e39b4a19ffcad8483c5a8990369954e673c42d3008700,897084,563115.0,2256.0,0.004006,2,2,372
2025-05-17 09:37:04,8ff6070ca412db593104eabf25ff380ef5ab8bd65bf8d3f6db84fb0eb67c25ed,897084,478347.0,1314.0,0.002747,1,2,486
2025-05-17 09:37:04,2d3cd82cb89dfa3b738b5348e463a22193f59141b3c14b4019a3c64411cc12c5,897084,4851964.0,1314.0,0.000271,1,2,487
2025-05-17 09:37:04,2b6d178c0e3f157e37f5115b3deef9296694a0fc177967c60ec489aeeb1d3e7f,897084,7860501.0,7500.0,0.000954,10,15,1731
2025-05-17 09:37:04,6d8951bb14f8d9b8a832e4b0150696a4191381463bebbfd317c1399f25d9a1f1,897084,103255295.0,2232.0,2.2e-05,2,2,366
2025-05-17 09:37:04,ae718d02524c3bfb48adeec4a3322a9db699fcf7b887b2ba7e46f5b40502cf3f,897084,30542936.0,208272.0,0.006819,502,2,74637
2025-05-17 09:37:04,05010c688336de0075930ce758e747643d07457d46a3525e191e7b279363902e,897084,1045805.0,1356.0,0.001297,1,2,222
2025-05-17 09:37:04,c69d1f7dfe32c260dcd6358cd294e2b51577f8aad45030c89bef00275f48522c,897084,257925.0,672.0,0.002605,1,1,192
2025-05-17 09:37:04,2dbcaee1890e672f57ebd2bab942c1b6c4172acb578afb11aa62f6d5b237edab,897084,96933.0,1084.0,0.011183,2,1,339
2025-05-17 09:37:04,5034784c84b44691dacfd31e9035aeb772997d4aac70cabd581308b944367b38,897084,88426.0,2574.0,0.029109,1,11,502
2025-05-17 09:37:04,8b0682e96d96a3cae6e0f0e3cb57120c5e70bc6918268cde5e59419bb8b45d7a,897084,4205996.0,6060.0,0.001441,8,12,1387
2025-05-17 09:37:04,ca0c65810db0a2c93b473b1310e07321e4d9fc182e772f8d8ab90c048d318627,897084,119055.0,3024.0,0.0254,3,1,483
2025-05-17 09:37:04,c3dccab9744a3e5d6e175b342168aec1b6c98a6fdd1fcc6866c3b7b8dd2be488,897084,133002.0,1338.0,0.01006,1,2,223
2025-05-17 09:37:04,8cb357a238d90d41eacd6a4d7608893b335007ef9e7749891eac4a1e8ca9cf6b,897084,134541.0,1344.0,0.00999,1,2,223
2025-05-17 09:37:04,2264f2e0d59679a66d2511c0e447f23d6275629a0ca46e5a78fe9253b241f6dd,897084,330.0,849.0,2.572727,1,1,305
2025-05-17 09:37:04,6febf96b70c3fb5f06515ef32466b05293b62aebd919b56748b81667229d6492,897084,330.0,849.0,2.572727,1,1,305
2025-05-17 09:37:04,bf3e524cbd9d79f5cc5733544a4feefbd383cd1add8bf039f2db0647e0f1f96a,897084,30785.0,1203.0,0.039077,1,3,278
2025-05-17 09:37:04,b6f60f5ff7c8f72ae92ab9e6bb54ef544976f72af028b7d8f1c4790ee6e1f6f9,897084,278000.0,1323.0,0.004759,3,1,364
2025-05-17 09:37:04,497eaba23af54b9cecc98a64bc0d13e30e84709c99ef5f3b32c378cad617ecf0,897084,2120.0,2102.0,0.991509,2,1,340
2025-05-17 09:37:04,e60ec7446367c98392db2bda4de79a101e53b11c45ab9bbe29555b7dfc350621,897084,715040.0,1183.0,0.001654,1,1,191
2025-05-17 09:37:04,e1a69c9103c74dab21af1bc150cc7eba118b32d277d24af949d14fe00a974b04,897084,8255812.0,1962.0,0.000238,4,2,515
2025-05-17 09:37:04,3f6c89335454bb2267db5416c00563415204753afe43851904abdf9867d3adac,897084,3416370.0,10596.0,0.003102,16,18,2503
2025-05-17 09:37:04,48700f1edf6715b7a4dfc7ce3fd7b06351ca63408dbd0287c3577312673c9a32,897084,2660479.0,4620.0,0.001737,6,9,1043
2025-05-17 09:37:04,9e0155a4e89da9961f46cab39cba28b8c997bc2dccd74e9e4ae0cffe4b8bfcd5,897084,2059325.0,6888.0,0.003345,10,12,1601
2025-05-17 09:37:04,6d5c7f65a60436a160ebffb2275ac01818f503c00af482742c5ba94589c1cfbb,897084,546.0,1000.0,1.831502,2,1,260
2025-05-17 09:37:04,e6fc759d27871f946bd463457c298415778e680a619378e6eedd5d0dac2f666c,897084,159578.0,3717.0,0.023293,5,5,763
2025-05-17 09:37:04,0dcb88118bb6bc403dcc78c8e0a56c97a704e6370eaa403277a6882d98703f5a,897084,11084.0,462.0,0.041682,1,2,205
2025-05-17 09:37:04,cf27a17b63b739c449cb6d3287a426a12e3075cd7cf32b966d6cc81a641e4e5f,897084,205400.0,885.0,0.004309,1,2,222
2025-05-17 09:37:04,0dc2156d75eec7885a1487878cee53146e72ae372dd93c1d8b716b48817b9474,897084,1781391.0,5034.0,0.002826,7,9,1150
2025-05-17 09:37:04,580d8fccf57553b2564cdca5cbee24208aefdc657186d6bb39bcbf5711a4f85a,897084,2653480.0,5034.0,0.001897,7,9,1150
2025-05-17 09:37:04,e6c0430ce37e3d9f76e93b2cec542bfe83eff2d2c8372d5df861283d8827312d,897084,36233526.0,5034.0,0.000139,7,9,1150
2025-05-17 09:37:04,cd71d327968380fdfb0d4ccc235f108f141ff27be4eba11a0eef02dcb3edbd76,897084,36277626.0,5034.0,0.000139,7,9,1150
2025-05-11 02:39:37,a85e848532a9fdae499469c2944e6d1e114712329f1c35b52e440d0f3d34353d,896194,194168.0,1554.0,0.008003,2,2,369
2025-05-11 02:39:37,5c56e66278941112b95e2e5f3ce2133b4dce96bc6fdd0eeb579e09a0c938d79a,896194,57686.0,2670.0,0.046285,4,1,632
2025-05-11 02:39:37,65be54ef78d17e937fc8dd0245a1ce454ae2b855e7074c80576ae8a5850912b0,896194,208042.0,958.0,0.004605,1,2,226
2025-05-11 02:39:37,495b821f42955e81a51e1bce147ff01458a8e9d0b552645ea3b5cfb5b26dff96,896194,2874.0,471.0,0.163883,1,1,192
2025-05-11 02:39:37,4193b37342bea7b7616a64e201d4bf6204d32be45ec125127f03d4c5772c0209,896194,1112317.0,1591.0,0.00143,2,5,472
2025-05-11 02:39:37,2ce3b6b403abbfdc4e99150a8964bca3c4d0af0e488c2c503ea2e3815f7a354e,896194,1299550.0,450.0,0.000346,1,2,223
2025-05-11 02:39:37,7fcba21f6ac3d163620021c7d149bf924441c7a26a571e9b528608356b1f8ec6,896194,43735.0,4830.0,0.110438,1,4,451
2025-05-11 02:39:37,82c3b947b44425648e3e2b9704ade4c27630c17e6172f7a3ce59ed344728ec98,896194,50935.0,4025.0,0.079022,1,4,450
2025-05-11 02:39:37,278815b4d17f69dde3088aabe76ea5c292b6be2a30b417e3d8eb00146b9cd4bc,896194,57330.0,2445.0,0.042648,3,4,746
2025-05-11 02:39:37,e603f4949cd5de482c37ea2bd3c760afc8217674ef59abe454897d701afbe3a1,896194,60565.0,2415.0,0.039875,1,4,451
2025-05-11 02:39:37,33ae2ad1d059d81082255d96fee02d97fd59e68d8a7438971c1091e737d373e9,896194,99384.0,616.0,0.006198,1,1,226
2025-05-11 02:39:37,00c57be93531e7266263ffd6f381dbcb18eb7be00be3eeb7f3641049f616764b,896194,46068.0,884.0,0.019189,2,2,370
2025-05-11 02:39:37,2960f73087323942a6104d60d3f836d70858d04666c9978d409c71bcba7263bd,896194,1362943.0,928.0,0.000681,1,2,387
2025-05-11 02:39:37,ff634d0df3354b9cc8add3e925a0c0dd05edd2fdf90870482485d5dd22c481fc,896194,252759.0,654.0,0.002587,1,2,235
2025-05-11 02:39:37,18291bf9ded8b5449053d7aebfb4beedbf7914db6b0b5de50243f644d00844c6,896194,8916964.0,654.0,7.3e-05,1,2,235
2025-05-11 02:39:37,6e96a055cd05caee031e6228012bf884a16092a97f6cdcb1b67fa676d2dfe4b7,896194,7946069.0,654.0,8.2e-05,1,2,234
2025-05-11 02:39:37,bb3ea3ff9b420039934badb4dcdbd8ee1c0613abe43bf8ddd793717e3a257b20,896194,137598509.0,654.0,5e-06,1,2,235
2025-05-11 02:39:37,f472c1e031a8409b1f664b2274db7196c22796e3d847825ca975e8084a651caf,896194,50734.0,894.0,0.017621,2,2,371
2025-05-11 02:39:37,4f6f54e32cd2a8a4dc9ed2f211669e834301e9a3fbbc4d7cad5cd54c01d1079f,896194,89114.0,822.0,0.009224,1,1,192
2025-05-11 02:39:37,23db6d49d4632265afb701447f3a180b25604053f627595b222c2b4204d909ee,896194,512186.0,690.0,0.001347,1,2,212
2025-05-11 02:39:37,fbecb91ca10717a9f27b643168f3477fe55b1f8f8b69ae38122645d6987a0636,896194,1095150.0,690.0,0.00063,1,2,212
2025-05-11 02:39:37,9748295af56c95b66ff200d1940a620c059e78c59d52fb39feb3a4451126500f,896194,1914601.0,690.0,0.00036,1,2,212
2025-05-11 02:39:37,ab4f74cad411c9d029543b03b7498a088ba54aab718d9361f44717379da78d4e,896194,343429.0,1418.0,0.004129,2,1,367
2025-05-11 02:39:37,bf2cf0a3c99c4d510e59a767e596ac5cb4c06ab902455832f0b7ced7c6e91d6d,896194,15972409.0,24851.0,0.001556,55,5,16350
2025-05-11 02:39:37,6d8d7efc533adc438865310f8e316a40bfecff0ffe2da14262ac8b372add3ba1,896194,16396.0,958.0,0.058429,1,2,223
2025-05-11 02:39:37,b5cb4417747119ca44dbf73c92eafd373d859ca0ccc34841260cefd72949b868,896194,22042.0,958.0,0.043462,1,2,223
2025-05-11 02:39:37,94c487f10a92cdd7ebf72bb86a494e8aec93cd79da6a7230842b8615257dc614,896194,381653.0,1147.0,0.003005,1,1,191
2025-05-11 02:39:37,7c7ed4c95dfb6a23953d6245b16707e49659541fa23d8893ecbece69970d33df,896194,382800.0,966.0,0.002524,5,1,783
2025-05-11 02:39:37,eca0707880909773c6b196251a6ce241ad7d75863c131f55df4da0c691d456f5,896194,149239.0,1455.0,0.009749,2,1,338
2025-05-11 02:39:37,5b86ef213cb3153264c73243c5f39aea70ac0a40567ec35feea2e3044044a965,896194,94690.0,767.0,0.0081,2,1,340
2025-05-11 02:39:37,327dc237feaaae7c5cbc31408921394b0ae7b01ad88d59c283990eb5aa29d211,896194,3014.0,958.0,0.31785,1,2,222
2025-05-11 02:39:37,c9a2dee2c65801e7b09fa9a2ca99368de8d18718495924f082a38f9bd3c5eb6c,896194,34868.0,488.0,0.013996,1,1,194
2025-05-11 02:39:37,ce804c77577643eeee78ddb8516ccd83070d5f455b89b310cea0968484e74850,896194,81474214.0,2000.0,2.5e-05,1,12,544
2025-05-11 02:39:37,a49397b359dec6af664e7fa2902b1868debacf0a4b7a9daac7a74c663c2fa076,896194,6741.0,477.0,0.070761,1,1,192
2025-05-11 02:39:37,b096fcc79744ca44a8c2edeecee3d7e5b26057aa11978608b22c52ee6ad7f353,896194,32181.0,772.0,0.023989,2,1,340
2025-05-11 02:39:37,2fd083d70a3f78ef14246c08d9393233e6654de99456b5a1154a9a45ec6e37a8,896194,171005.0,616.0,0.003602,1,2,193
2025-05-11 02:39:37,ab44ab9c04cf59aeb0539943a6297beeebdddcde0a7290bf9fdc5e152d1a2c70,896194,29694.0,616.0,0.020745,1,2,193
2025-05-11 02:39:37,878ef5f7b292e1bf3eb8aa4d373e57debb57f49a1ed3f6828a515dcd2095dd45,896194,87487.0,616.0,0.007041,1,2,193
2025-05-11 02:39:37,e564f1e8c3c5cf1d27c20d39403be92c5f4d95ee7efcb3f37589ca7ab70f2632,896194,550990.0,616.0,0.001118,1,2,193
2025-05-11 02:39:37,817f50a342cf2f714c56533a388d8ca068483a5ff0a626883646ba4b0b3944ea,896194,29524.0,612.0,0.020729,1,2,222
2025-05-11 02:39:37,0de46c2e0924948da074a56dcf01f1c6e575fb722223f26149d189f50b695761,896194,2044667.0,612.0,0.000299,1,2,222
2025-05-11 02:39:37,0d196d61499990a1fe2b6bad9f25aaa6344ec7b8881cc448d914f9d8d6b4074b,896194,1047712.0,612.0,0.000584,1,2,222
2025-05-11 02:39:37,3e306b25f9e46221151662ec0ba027bb986ddc287f3027edad86b30c01757647,896194,281525.0,612.0,0.002174,1,2,223
2025-05-11 02:39:37,bf91b7db639b579c343703c18a4421a1c1568ed31871c036714dcc3614013835,896194,1052660.0,612.0,0.000581,1,2,222
2025-05-11 02:39:37,979379252b2163370fd60e11d6fc72a14ed5229eb8de2ca8d82cdf428a3c0c03,896194,1015920.0,612.0,0.000602,1,2,223
2025-05-11 02:39:37,85f9079a5573808baef086bce72316bbec36a962197c41c81bbe77af5a149ca7,896194,1027885.0,903.0,0.000879,2,2,370
2025-05-11 02:39:37,1029e2ad102d76456ccc8dbebc5f3ee3ab88742e67f07c53c10363129adf92b0,896194,1015032.0,1016.0,0.001001,2,2,396
2025-05-11 02:39:37,458d46dfced8914b0654539a4e34ddb7173f0212396dc2b60f987ac186c8b2f2,896194,2006759.0,1790.0,0.000892,5,2,816
2025-05-11 02:39:37,7ace608a5a79b89a6467b205f2c096f944c64ec5a1b038f294bec5089a6ce3de,896194,1915319.0,882.0,0.00046,1,4,285
2025-05-11 02:39:37,99123f014bc7829db664605a6a464b29a62dab24417b4af8e1510c3cc8d29b8d,896194,19999361.0,639.0,3.2e-05,1,2,228
2025-05-11 02:39:37,0c52e32f90bbef0aabb6d749c15ac666e32d64678717111dee3186063ba61c8a,896194,19999387.0,613.0,3.1e-05,1,2,222
2025-05-11 02:39:37,1aa0ba3d9e5d5b93a9627af7a9d564e28f247367482f1d667aa5670d46590254,896194,19999387.0,613.0,3.1e-05,1,2,222
2025-05-11 02:39:37,2445ee3d4d9d286751269b544a62aa99d388cb39b4359f5751eebca9d575653c,896194,19999387.0,613.0,3.1e-05,1,2,222
2025-05-11 02:39:37,66a2456688144c5ff5e88c0b4e10c2bef488d3c1ff83f690dcf6ec3b09f5eb18,896194,19999387.0,613.0,3.1e-05,1,2,222
2025-05-11 02:39:37,efa9fbbfe3cb2d37258d54314303a255f451b061f3ba284fe7289f6c55aa7dba,896194,1467973.0,761.0,0.000518,1,3,256
2025-05-11 02:39:37,6997fe8d86f7bf2a4367afb558b26eb3390f1ad3ea57f396b25bf8f7b4e1da4f,896194,125794.0,2062.0,0.016392,3,3,556
2025-05-11 02:39:37,d97d8ceee368e095d861d45eed413489f6bbe63b0a045c5f70d0c4b59d0a7766,896194,2486189.0,826.0,0.000332,1,2,380
2025-05-11 02:39:37,09060e7f03eca340d79cf6272d7b082ed8e5719cd87a80cdc6290b6656a7b5d4,896194,675929.0,1504.0,0.002225,4,2,667
2025-05-11 02:39:37,4cdd0e3163297d57758802adde59e1c14ab4e808cd8e4ac418d3317ec18c0cbc,896194,57414498.0,831.0,1.4e-05,1,2,382
2025-05-11 02:39:37,c3b7d730c2ddf93e01791267e08e821255d97b0563da91207bbe27e0beae3c24,896194,3307420.0,804.0,0.000243,1,2,223
2025-05-11 02:39:37,bf5cb26f1e118d49389aa8517360c832ba269a73eda7911c42359046894b29e9,896194,5513861.0,482.0,8.7e-05,1,2,235
2025-05-11 02:39:37,270a1e306591e919981644cea88bab5dd06b373ded03d6acde284cef6a4e0a9a,896194,3379656.0,914.0,0.00027,1,2,223
2025-05-11 02:39:37,1649b82c1c7dfde6a63476902f9a34dab40281ed373f20fdc95ebfe94584bc8f,896194,3768538.0,322.0,8.5e-05,1,2,223
2025-05-11 02:39:37,09f0317649874023f8d3c23f9b66fcfb33d89dd0902d177c9e643ca90f328757,896194,2499833.0,869.0,0.000348,1,3,279
2025-05-11 02:39:37,bd831290263bca82412d9025304c3cda03a328c17f605c15b1c302f5eb58c7cb,896194,79855.0,483.0,0.006048,1,1,191
2025-05-11 02:39:37,afbf7c1eca415d11112d76b3969b7784f7e027eb35e7090e6c360b1d34d9788d,896194,39140523.0,1301.0,3.3e-05,1,7,377
2025-05-11 02:39:37,86280075d5a63c9365435217ac7301bf7f71181166434f68305acd0ecf6f829d,896194,50291.0,497.0,0.009882,1,1,194
2025-05-11 02:39:37,06c67bbeabf5f41ce036c4070820114c486828da24468b3927ec57c41f3f46a0,896194,7554909.0,846.0,0.000112,1,2,222
2025-05-11 02:39:37,72f0b3220f3b17d4a30713ba8f645e5ee9b2cea73ebca97125fed32f8eb05e02,896194,7597537.0,677.0,8.9e-05,1,2,222
2025-05-11 02:39:37,71570d274ff11d8738b4b5f09332ee4e0ac8dd4e0c58b58d9745450c5c2f3285,896194,7605229.0,338.0,4.4e-05,1,2,222
2025-05-11 02:39:37,4afb72621aaf676d99b08b770f7857b266d24faa525be3ac10d7a6428f4a8769,896194,1150136.0,1218.0,0.001059,3,2,518
2025-05-11 02:39:37,3bf1ec94220e6e4d2107fa767718ac007820b42ac23344865909fd13ca8220e1,896194,267968.0,1978.0,0.007381,6,1,931
2025-05-11 02:39:37,d765c65d85644d2e072c3bcb003c20ba8f3ffa6716d8e395657e2c268ada5bbf,896194,20409.0,1502.0,0.073595,2,1,340
2025-05-11 02:39:37,12b8f37565e94acff2cee2c4a2548515bdcf5db81d17b53e415080eec150eb19,896194,8917703.0,678.0,7.6e-05,1,2,234
2025-05-11 02:39:37,4f21b4fcbe2e5a247d59ff449ea978125032032e3873627bfd24bc02e34b1043,896194,10642346.0,1764.0,0.000166,3,2,966
2025-05-11 02:39:37,6d1e85e522776b46a6c6c7109ca1098f962c61211f5aa1f9c60c67ca575dedaa,896194,181512.0,488.0,0.002689,1,1,192
2025-05-11 02:39:37,15db8d6cdf19c77d0b6bd5de5f217d64dd10a8bbf52e161a36fe129695ed7470,896194,96161.0,488.0,0.005075,1,1,191
2025-05-11 02:39:37,80177478ad1cbd8de1bb47fed27d4a4866a1156d20378c402ba48a44382758e3,896194,201883.0,929.0,0.004602,2,2,372
2025-05-11 02:39:37,3f0a2bc2b307461d34a381676adac9386f8ceb524be6ecba00f45a9df7821f5e,896194,49708.0,929.0,0.018689,2,2,372
2025-05-11 02:39:37,68c29c3cf22bba33e18e2be574cf8ba2021bf9cb95b084ecb8cbe6a24bd6a6d4,896194,1115342.0,3012.0,0.002701,7,1,1712
2025-05-11 02:39:37,4011c6e6bd73df8fd4eadebac302c89d4a597f872c1a7b57e2e4030f5f8d70c6,896194,2233763.0,986.0,0.000441,2,2,383
2025-05-11 02:39:37,220ef74899706ed04c23d1a53dbb47d779686ce634f4b40030d6945a9c75d19a,896194,317165.0,643.0,0.002027,1,2,225
2025-05-11 02:39:37,605ffd5d4c9eaf5a4292cd822866c617bedb57b45b844e1443fff23b936f4b14,896194,54150.0,643.0,0.011874,1,2,225
2025-05-11 02:39:37,290aa9b8b23be11aef18a997c8fc6247b9815369e01d6a69af8301e99d233fac,896194,290017.0,998.0,0.003441,1,3,414
2025-05-11 02:39:37,bd8c34177d62c4362b9898b2a2cba4510d15f42c8adf266521db0d5f134afebc,896194,823545.0,1428.0,0.001734,3,3,562
2025-05-11 02:39:37,8c75d458fc3e5ad1fd9d06836bc530d44cc3f8cb0d2c7aa6c9f831b786e413e8,896194,3360748.0,1925.0,0.000573,5,1,785
2025-05-11 02:39:37,e2b06bf9a103e1c577f54cf3aaa540ec1ed3424d48fd43e118624a985d10d293,896194,1072114.0,1045.0,0.000975,2,2,370
2025-05-11 02:39:37,f533ddee53c25e0a6a7f6042a2e43bf9417d3c149b2a76406f84c22a38822f48,896194,1079811.0,836.0,0.000774,2,2,370
2025-05-11 02:39:37,2a2a2fde7209d28290965326d4f1136a5e6f7e058f7e4105535d447b3573d9b9,896194,1057670.0,836.0,0.00079,2,2,370
2025-05-11 02:39:37,7349a813f506775e8286196f15c3941af42fa39e4c4d1db4a7d55b17dac3019c,896194,6566153.0,1108.0,0.000169,3,2,520
2025-05-11 02:39:37,534cb7a820f64061414353edd50757dd481420a811c869cc82f34f9d48f2937b,896194,12395062.0,851.0,6.9e-05,1,2,381
2025-05-11 02:39:37,79db30790516a4d0e40a25020bb260ac382f8ea0bf35c5291d4c6008a08ba6ca,896194,35549.0,1055.0,0.029677,2,2,373
2025-05-11 02:39:37,543bd84bfc6299f03c839ba7812eb29d9f9f6d7a9c26eb396e018b14dfe7bcd2,896194,53677589.0,846.0,1.6e-05,1,2,222
2025-05-11 02:39:37,a3ec2310f92cf8a9362478eeac3619f7cf9180acbb39402a27056a0e80bc4c97,896194,53714094.0,423.0,8e-06,1,2,222
2025-05-11 02:39:37,37d3c0d4261627c9b022ab1585a59e6e6727d92d9864e3254cb27d78ac2b467e,896194,495591.0,639.0,0.001289,1,2,223
2025-05-11 02:39:37,c8e456eeda005ad931cbf538d35ed6c26826363b730a41934d528ca8e873077c,896194,2940027.0,639.0,0.000217,1,2,193
2025-05-11 02:39:37,ba7d7cd5a8e03e0496be288f1ca78548a36ca8e101c27819aefc2ac704702c6e,896194,412108.0,639.0,0.001551,1,2,193
2025-05-11 02:39:37,818fa3b8f832f885cdf4704bece98b309e930ae4fc799792f74f8678a0cbe4ff,896194,61210.0,550.0,0.008985,1,1,203
2025-05-11 02:39:37,cdb6f87144582594e501e325f090e574f05fbfb2e67a17271d6119eb87416b0a,896194,427911.0,880.0,0.002057,1,1,191
2025-05-11 02:39:37,64dc2da59323669177b6fc772c1c6a109a4d2202a182d66a7e5436275c351d43,896194,928791.0,306.0,0.000329,1,2,234
2025-05-11 02:26:37,ececa801178aa507191af47dd0a742d34cdc45a906534d486b4aaa3cbb7e6756,896193,2365116.0,1902.0,0.000804,4,1,640
2025-05-11 02:26:37,90c364923a92070163f26fa838cfec1a14d6bbf9a016a896b7f8321403319814,896193,2147979.0,1854.0,0.000863,2,4,440
2025-05-11 02:26:37,3761190fc240900e66ec93209a5c7c58d00be509da3aa885e068d47df952f90d,896193,215284674.0,1734.0,8e-06,3,2,530
2025-05-11 02:26:37,dfd9fb6cec39293039a0379763b03508153cf90baea5baed8bb10b6afe9d3afd,896193,3178250.0,11868.0,0.003734,22,15,3747
2025-05-11 02:26:37,9fc41367d2ed25f4c7d9f2f4cfb949c769414b07a68d7ec8be6887e2bd738da7,896193,69550395.0,1542.0,2.2e-05,2,2,418
2025-05-11 02:26:37,fe26cdf3de230bee8c394f13455664b357ae07a244c42bdd1fcf560d58fc2d9e,896193,94482128.0,2000.0,2.1e-05,1,8,413
2025-05-11 02:26:37,48373aa1781c4360fedd461cb54d5505c11e74927146166422e2ff1cd2a9ef53,896193,80257.0,1494.0,0.018615,3,1,491
2025-05-11 02:26:37,3cfc777f0d00fc08da0b85ca50727c2a0a9c72b59beaa9d337f47944ecc44b2f,896193,2998584.0,1416.0,0.000472,1,2,235
2025-05-11 02:26:37,48626c6353cf7a1d86a3dc959bee5de22426e83e47500c0206d3d52f1f370163,896193,94430.0,1350.0,0.014296,1,2,224
2025-05-11 02:26:37,9f2d493039537f64dda9fcdb3df5d082662db10d55a2eb28d70145d072af651a,896193,4485837.0,1344.0,0.0003,1,2,223
2025-05-11 02:26:37,f90aaca2e669f138a7c65a8e53007bddd7b57be482b1704cb5da7ee6fc7c98db,896193,17230.0,1338.0,0.077655,1,2,222
2025-05-11 02:26:37,57fcc2aff4c8eadddd5d444c1612749da94500e4ab31231bc7f1508dcb38cacf,896193,516662.0,1338.0,0.00259,1,2,222
2025-05-11 02:26:37,0271f8708f3c1221a071f5a4530986414f535066ca654c132ff5df457d4ce271,896193,480445.0,1905.0,0.003965,4,1,638
2025-05-11 02:26:37,8af5e9bddb7c152f34ce5ddcde5996894546029494f7683d40042c48fc1cd7a0,896193,261380.0,1254.0,0.004798,2,2,370
2025-05-11 02:26:37,e33af770b8de1727e353e8da00d7a8a4ee51c044dbfd80f2ef3c34000ffae677,896193,848914.0,1254.0,0.001477,2,2,370
2025-05-11 02:26:37,b6a0bd181c60c20b8bdb2b22abb7198dddd03cf834d1f0bd9589823f39c00f60,896193,1644456.0,1254.0,0.000763,2,2,370
2025-05-11 02:26:37,f6d60f50cab81e8434d96befdd4029c5123eca77609a6dc44e78494440c8d47f,896193,63626040.0,1224.0,1.9e-05,1,4,285
2025-05-11 02:26:37,a9256da76275c417308ff5b17bf6012c66c7335529348bd9e18a6e4c1d710ce3,896193,43285.0,1140.0,0.026337,2,1,351
2025-05-11 02:26:37,76986efb0b93f250f6fb5beff6936cd955cc6dd42cef703d696a8b20a499d992,896193,1950010.0,4530.0,0.002323,10,2,1558
2025-05-11 02:26:37,0fed05cdbe7e336650e159c5103a261ee66d73b2b0546fb257a9a75559c4b256,896193,132967.0,2226.0,0.016741,2,2,369
2025-05-11 02:26:37,c9355e267b0eb2c47552917d661168c45b01e477cf892f25cb7253da9cb19e48,896193,999998775.0,1225.0,1e-06,1,4,284
2025-05-11 02:26:37,784ac869687065000e11bf3f6b4f38eba1d045d43d6b20a3da4002f9c8ec050a,896193,21465328.0,2076.0,9.7e-05,4,2,667
2025-05-11 02:26:37,7ae4cb4e4bfb778eace60c1bfcd9745c12e70913279c07a85b7f6ec8cacbd7fb,896193,17711.0,1637.0,0.092428,1,1,151
2025-05-11 02:26:37,eb07c4b5ae56a087beecbbc0fb3b2a15ec4247df0826624cc40d693c36fc573b,896193,19348.0,224.0,0.011577,1,1,405
2025-05-11 02:26:37,df2fa5dff9898cefeadbf2f7c7979aeb8c872844934db866588a49cd6431677b,896193,1212958.0,704.0,0.00058,1,2,234
2025-05-11 02:26:37,c808332d96b3526bd61e879556fa50e7dbd272e8a4bb2e493fe81b42bc195852,896193,980.0,1020.0,1.040816,2,1,269
2025-05-11 02:26:37,e31c7431e100a1d08ef19ae68e3646fe70d6662726575d4585f0fe260e385df3,896193,69215421929.0,1358.0,0.0,1,2,225
2025-05-11 02:26:37,7a317d498890505dac661b0d79ea140aca459705f6ad0fc5f918840ba25ba050,896193,19426380528.0,3000.0,0.0,2,2,689
2025-05-11 02:26:37,7b27768a395dcb238808d3c9a9b657abf80b8f3c4c8f2578aac0591129d5e52e,896193,62848678261.0,1359.0,0.0,1,2,225
2025-05-11 02:26:37,ef28fb14935dcf22c5e1f09ae371663116c5f819f906d5f5e229dd5c391b784d,896193,16399797.0,1039.0,6.3e-05,1,3,253
2025-05-11 02:26:37,c84977e68412f488d0f1c483db396b53af4ab0156274de0e9668c7f5275ebf7a,896193,67864819.0,2000.0,2.9e-05,1,8,412
2025-05-11 02:26:37,5f693aab7d8087b9910bf82c0d194b7fd65bf42d5a6024581b0d4c7f479a5c74,896193,72474549.0,2000.0,2.8e-05,1,8,413
2025-05-11 02:26:37,19d08958ccd0d9f3b225d69f8d4a493a9d446305970fad6d447155ee797eff04,896193,925847.0,3084.0,0.003331,4,6,793
2025-05-11 02:26:37,d1c0f3b7b7b5776718da84a37cdbe8376409038d46b629c052031648f590d0af,896193,1711131.0,2590.0,0.001514,4,6,763
2025-05-11 02:26:37,5c5fe7871ae46e937ca9a3c9cdd8a142591705316d4e6d5095fd540f2de0ad77,896193,225215.0,846.0,0.003756,1,2,221
2025-05-11 02:26:37,4cb728e8ee1574a679f56f6239047ad7a89826c9f5b5fb45bc8fb2506fa1edff,896193,10783015.0,10524.0,0.000976,25,1,3756
2025-05-11 02:26:37,2f96ec8684398c24a3513816744feb243c5dd51abf69ff6ac50fafa9937a2f49,896193,3309019.0,860.0,0.00026,1,2,222
2025-05-11 02:26:37,5c8a41482a3b8243ff3c6519c90fe9732e78d4163311c88b4959f7f076ad4b7b,896193,3388451.0,846.0,0.00025,1,2,222
2025-05-11 02:26:37,146239e9dbfd39fdd51c2d08ed5c6af57349f62611193f90d47a89beac2be147,896193,51138.0,91152.0,1.782471,261,1,27984
2025-05-11 02:26:37,c261d208c9ba99a7b0d4b7b89c1fbf687358e31083c1185aecb4223db2048b73,896193,5580.0,174324.0,31.24086,500,1,53557
2025-05-11 02:26:37,154e168ce036588390b9b76266a152342a18e0e88445d29c8909603689ed481f,896193,12384.0,34428.0,2.780039,98,1,10541
2025-05-11 02:26:37,fbc86756b6827ad4a19118c634428e0d0c0f8c2a45187a1239b2661d0a6c16d5,896193,1018319.0,1362.0,0.001337,1,2,225
2025-05-11 02:26:37,aa72b9b24826109e3c1bda08dfaeb4a52c5b268a3aee5fce21496014923d0ebd,896193,36147984.0,1344.0,3.7e-05,1,2,222
2025-05-11 02:26:37,cf37a5c572ad805f9b399ce9f3d1f7ceec78ac96d0b6aff64d6b64e6f3d6d02b,896193,128093.0,1000.0,0.007807,1,2,246
2025-05-11 02:26:37,8413ef3d60a196fcff6836f19f7f2a1ee514649038834be3a8be09543489474a,896193,374857.0,2629.0,0.007013,2,5,501
2025-05-11 02:26:37,e850e0d0a145d0db41dd832ee575afc0b6c357812fd0041ecfe05493aede2ccd,896193,395136.0,1716.0,0.004343,3,2,520
2025-05-11 02:26:37,3c4a801f780c45f2550ab12528e1c1265ec74ede4985418d191a1d653fa5c748,896193,1989091329.0,12000.0,6e-06,8,7,2652
2025-05-11 02:26:37,8dbe3eb8569fd291c2ea2decddf64218281899cca01f2480e851ce56d1c6fb3a,896193,1159244.0,6036.0,0.005207,14,1,2122
2025-05-11 02:26:37,4c065742f285ab2ebe683d2ebc50caa3aae298a6753566322c1e7442ba2c1d87,896193,58226.0,2250.0,0.038643,2,2,370
2025-05-11 02:26:37,67ff95475852937f411c046e186ec415b43e19139f2779c8ac2fc9def3f34b81,896193,1720580112.0,1260.0,1e-06,1,4,289
2025-05-11 02:26:37,a3df2cd68313a7200236aec3a4160bd54967fa0e1738789c05144b2d1e3b1276,896193,757148358.0,1260.0,2e-06,1,4,289
2025-05-11 02:26:37,87e8b7eddec839402d47185d1a089265f525c7f4773665712604473cb99ca0d8,896193,935857753.0,1254.0,1e-06,1,4,287
2025-05-11 02:26:37,bee79e2f41729fcf90e7b48d398064442b2fb62e9b752c8b1d3262083fdd6e8d,896193,943099179.0,1242.0,1e-06,1,4,285
2025-05-11 02:26:37,48a7dbd98f8bdab9e2a95e4caddead35d6d21c9c1051bee0d8330e2eea4d1d08,896193,972809896.0,1236.0,1e-06,1,4,284
2025-05-11 02:26:37,4ed6abb7a5cceb1dd8110bf45ce8d9aefd08a683471ed5ebff12c55671ecb8c2,896193,3065619.0,5238.0,0.001709,9,1,1585
2025-05-11 02:26:37,e7aebb7f0e228c46448e23f0a1e9e37cf03fda42f50525f948276e7e6b8dc2eb,896193,17426.0,2574.0,0.14771,1,11,502
2025-05-11 02:26:37,b33d5786d1d91db1fcec48178cab6394bdc36f8094e8749ee4373993e54538c6,896193,700098.0,852.0,0.001217,1,2,193
2025-05-11 02:26:37,c188a4857243035158eda9430e81fcb285d2a253de3197aea72fe750e6a12165,896193,892934858.0,1122.0,1e-06,1,3,266
2025-05-11 02:26:37,5bb0c188dea9f12bfd7693ab54c653b6634f480b07bb07b02a69632fc58b492f,896193,1309451358.0,1074.0,1e-06,1,3,257
2025-05-11 02:26:37,a193b399d9b111fc74f368f50759f1513d56a85f8a199de4cc2f7e1c06e2e038,896193,954220677.0,1068.0,1e-06,1,3,257
2025-05-11 02:26:37,089d150d437688582a11778e9294632265af0882d68cef5d325df86fe6273749,896193,4312689.0,1953.0,0.000453,1,5,510
2025-05-11 02:26:37,d75a06cc3346a5172c57e2fe138a87826c4b571d1d4c83114b4432c39ed8ae42,896193,1661303173.0,1056.0,1e-06,1,3,254
2025-05-11 02:26:37,a0844c7a32d3565e2d8c8f3b6091a10a15e1179b2b6eed99a83457865ad8b1fd,896193,873055357.0,1050.0,1e-06,1,3,254
2025-05-11 02:26:37,6c8a1c7c2a7418dc4e9f6acf2c2948bc87ef0667587325aa94e7cae8d5210a79,896193,1216812343.0,1050.0,1e-06,1,3,253
2025-05-11 02:26:37,df479729ff123e9d563e48435fe62d255d429b59245570286b2160416f53451b,896193,868863308.0,1050.0,1e-06,1,3,254
2025-05-11 02:26:37,d337838e18a9dba1325338f56c7c607245ea7f7591ea2c19b6450c9168d89d9f,896193,583399.0,1099.0,0.001884,2,1,342
2025-05-11 02:26:37,e16a8150fef7021ab4aa7c5500a6e3d0abca521b8bbff28f59d20a368ef81bd1,896193,112610.0,690.0,0.006127,1,1,195
2025-05-11 02:26:37,c5cd855c092645a2b3449b1fa4e57292b05d59f269dc6db580d3264697e5b1ec,896193,97026.0,3520.0,0.036279,2,2,686
2025-05-11 02:26:37,5bd1e23dd359b9c951acffe647e312e5eec454731ad5226d57adc36b0c51fdde,896193,546.0,1000.0,1.831502,1,1,325
2025-05-11 02:26:37,639042f8c722dee3588d9e39631b078703a9849b92af1ef68cb22f19b90f0074,896193,98200.0,1800.0,0.01833,1,2,389
2025-05-11 02:26:37,1b69f26648d1ed510d40b4da73e67b5e353d6a0262eeee73208f9f63db347fa1,896193,71132.0,678.0,0.009532,1,1,192
2025-05-11 02:26:37,f39b415960dc4251df03bddd2efe909ddfb23730670c4b7c72195e76c0acb92a,896193,1980091686.0,9000.0,5e-06,6,6,2045
2025-05-11 02:26:37,6fbed18b8d8bd7fb8b189daff6563943339aa5e90fa2e689f0f5ef4e85bd5796,896193,21000.0,673.0,0.032048,1,1,192
2025-05-11 02:26:37,ae7d5acec3dc35e0f61872480e80d3b6af3c9b85707f000837929e204c580423,896193,1714379850.0,882.0,1e-06,1,2,225
2025-05-11 02:26:37,ebe42a35ecfa688da6ce07dc2c7ebad41cfc664078ca0240954a8a521037602c,896193,1296458348.0,870.0,1e-06,1,2,224
2025-05-11 02:26:37,21e9d22e91d0bc7b94a4e08bd9f61e520340adcd395b4686fe65cd6fa7c9f1da,896193,1691948588.0,864.0,1e-06,1,2,223
2025-05-11 02:26:37,1da1f58d8ba87418b92a85d10af656d1af5b4571b1b599def6d0ea6de17a96d1,896193,1439197325.0,864.0,1e-06,1,2,223
2025-05-11 02:26:37,b9092b1a4935cf0e48189ccb3aa7c5fce4c22037f66cf9629edb2dd1383671b9,896193,1688792170.0,864.0,1e-06,1,2,223
2025-05-11 02:26:37,e36cc686b77dca33bc5b8bad34a9a5631891d0845297be7cc6043bdd5b3d9d86,896193,1735925425.0,864.0,0.0,1,2,223
2025-05-11 02:26:37,11f9a6066ceda38a53973637859f3cc0e8a45e3559c35b93ae533cfab225a73d,896193,1712358972.0,864.0,1e-06,1,2,223
2025-05-11 02:26:37,911c8fa1650a359fd99d216367b734f0dc9773acf50ee828a9d9abc8cff8ee34,896193,860947133.0,864.0,1e-06,1,2,222
2025-05-11 02:26:37,0751d71a3e4d70dd3518be3379faa9a103883f7d39867e87aa5eb2bb616dc314,896193,956921026.0,864.0,1e-06,1,2,222
2025-05-11 02:26:37,c764c021710f671cf5db60b14da567772866241c5ea37c37aaaeea45e219b6f5,896193,262169.0,2508.0,0.009566,4,1,733
2025-05-11 02:26:37,aabe367432f2d2e719453d9580f2b99c2c1f9bfb08b8207c5f42b497ae860648,896193,1890628.0,6060.0,0.003205,8,12,1387
2025-05-11 02:26:37,82bd92e59a545a7f41d0e9e1c27cbbb664e1340f617054ea68bd7d2749136ed0,896193,1895266.0,1734.0,0.000915,1,5,334
2025-05-11 02:26:37,076e03585ab332dba01901fa7f252bdfbdc197bc339d91ef6ce39cc4e4660a32,896193,2370.0,14587.0,6.154852,31,3,4875
2025-05-11 02:26:37,236bbe38c63b99dd2600d2dd9564cffe12d6ca05ba6a23799db51a4f75cd3052,896193,41706.0,1008.0,0.024169,1,2,245
2025-05-11 02:26:37,13bbdba5995cf53d563fa802c114c053db2257339e45d9c988705c0e3f4e010d,896193,97794.0,1951.0,0.01995,1,2,224
2025-05-11 02:26:37,b95248307ebb291838efa973775c52b90be4bf694695287944481109d1188200,896193,167442.0,639.0,0.003816,2,2,370
2025-05-11 02:26:37,63fc85f2c8e7ce1cbcd9d6aaf8a6ac66e6da301a29b63073018d25210f157d7e,896193,190366.0,434.0,0.00228,1,2,222
2025-05-11 02:26:37,74b6615aab6b5a2e08f4a19883e46c84dcbc614c209784df20f02883160fae28,896193,372153.0,879.0,0.002362,1,2,224
2025-05-11 02:26:37,8afe1feec22d28b61969d9e76c784ba5061aaca517c82d6fccf041335b56092b,896193,385032.0,1008.0,0.002618,1,2,245
2025-05-11 02:26:37,a52d3285958dba541bd618636a3855de9dc0dafeec35a1df30ca5eb351c5f515,896193,1622240.0,2154.0,0.001328,3,2,593
2025-05-11 02:26:37,75f70db2c903364a07b0a107227f4d73b6ffe1e3f3ce42c8a912335ef759c68c,896193,397040.0,818.0,0.00206,1,2,183
2025-05-11 02:26:37,b1bf3a520b88bbda91c3d99c954f5f30ccc71906eead2b83e323ba9add3a82ac,896193,416858.0,1879.0,0.004508,1,2,246
2025-05-11 02:26:37,1a030846d8323595820ece8197e1ac2ede585da1c4440a6ef8f37d497822c8df,896193,434256.0,434.0,0.000999,1,2,222
2025-05-11 02:26:37,f87595e4530c683971a69a5e81deb2ce04e2218257e1d2c59f984f6a040db851,896193,458690.0,434.0,0.000946,1,2,222
2025-05-11 02:26:37,b789153fa87aaf36a7d73de1d03b5e3e87686e90cb2b0eb0e9e3565db908d595,896193,11483506.0,1102.0,9.6e-05,1,2,235
2025-05-11 02:26:37,d9789a56706d0891eb3e82a6f93c87c41617b0e422c1442ada47156350ba0e48,896193,11493802.0,1015.0,8.8e-05,1,2,223
2025-05-11 02:26:37,96ef1cf9b106ebd9c014d78cb006d3dc770273bd60530cbcea181ccc01eb6b1e,896193,11551640.0,1015.0,8.8e-05,1,2,223
2025-05-12 22:00:06,0cad5c59edf8ef35b38d21fb30e046bab9535e26f413d60ee805eee2e0137ffd,896461,35950.0,257.0,0.007149,1,1,192
2025-05-12 22:00:06,0f79397186ad7cd975b4fac2d16392615bad2c5de5efeaad5de5c02a4cfd2efd,896461,213151.0,257.0,0.001206,1,1,191
2025-05-12 22:00:06,20e2da362c4f338506e9c85f1472b547df036e5db10e81797a1c3fb04afd97f8,896461,52594.0,257.0,0.004886,1,1,191
2025-05-12 22:00:06,05fb3e42c7e7862863169d571f1adb5d579430600f6639cb1831ad1bef1ee9e7,896461,25565.0,257.0,0.010053,1,1,192
2025-05-12 22:00:06,eb028e40e91b0c70edf01ad3fe372c2dd3c1933d19cdfe14eb4493eaccb01de4,896461,672743.0,257.0,0.000382,1,1,192
2025-05-12 22:00:06,104ed53d3157e05e03074199c4b8c5a4d3e3f2e69f54ce55a328e501f7c47bdd,896461,2930743.0,257.0,8.8e-05,1,1,192
2025-05-12 22:00:06,4a35ef8a0744a427ea3b79018c9c95847b6f3fe9cd98dd640f95ca3dac376cd9,896461,1606675.0,257.0,0.00016,1,1,191
2025-05-12 22:00:06,9c444a89ba54feebc874ca81148a336d04d0c38bcf2cb1d4c779cdd4b765f1cf,896461,2438677.0,257.0,0.000105,1,1,192
2025-05-12 22:00:06,97ce5e3f798c0549e68088e21fa885a815af6d67fc837995cc2b98157fe8eac8,896461,91384.0,257.0,0.002812,1,1,192
2025-05-12 22:00:06,fff8d6c1bb1f25fc69888c00f86b868939d25c24bc6817dfd533e6a75c1571c8,896461,91743.0,257.0,0.002801,1,1,191
2025-05-12 22:00:06,e5b546da32bb001a1e5f3b6a893addd0fb0e723b3d54ff378a7761015a4ee0bf,896461,7595.0,257.0,0.033838,1,1,192
2025-05-12 22:00:06,a58f9cdccb9b5074c693539d703e2e82b08a3b0f7653c93cd6a34383afed48bb,896461,97405.0,257.0,0.002638,1,1,192
2025-05-12 22:00:06,edf8e01670fa8cce01eaa41fb0c437644d85c8e292ab352ff09a3e78fe011bb4,896461,4783233.0,257.0,5.4e-05,1,1,192
2025-05-12 22:00:06,8f2c748b31f68b6bf43b22026ccfa1e0e7436ef4f44212523c43ad656a7a199d,896461,97187.0,257.0,0.002644,1,1,192
2025-05-12 22:00:06,37421733887b91575f9d5ea7618e6c56f45f186f166ee585f22acb33bc29759b,896461,1932425.0,257.0,0.000133,1,1,192
2025-05-12 22:00:06,5b68ac9a301aec00db2702ad8e02d0073ad4e2e0a899ecec691cdc036ce62996,896461,5826958.0,257.0,4.4e-05,1,1,191
2025-05-12 22:00:06,aa5234c6b8d45fcc9b468054966e6b2c3ca26c77ac067750d716965d44346595,896461,586317.0,257.0,0.000438,1,1,192
2025-05-12 22:00:06,0371d6fb4b85781351754c4bd225fe8970f9fe2791918aebdb06df616afc6393,896461,233625.0,257.0,0.0011,1,1,192
2025-05-12 22:00:06,3b42dc6d4f27dbe141e0058119f18ebcf7b69031df505a6a512e3ca22edb458f,896461,1456561.0,257.0,0.000176,1,1,192
2025-05-12 22:00:06,63a2c388cc19f7a91b11116cfe079cba23bbad9d13e41d9cab0be363dac0198f,896461,2414.0,257.0,0.106462,1,1,192
2025-05-12 22:00:06,aab9d81373cad68e95da009fc35fa32e9a94ac03b1ee7307b86ee00dcb46798e,896461,55065.0,257.0,0.004667,1,1,191
2025-05-12 22:00:06,966f5568c87df99af9802eae26e1d69301ac8aab80b72134b62a2bfbfe91928b,896461,426325.0,257.0,0.000603,1,1,192
2025-05-12 22:00:06,62a8407308b2fb929915082d3929a1178e0852a60654046db0dbaf977f917f89,896461,107649.0,257.0,0.002387,1,1,191
2025-05-12 22:00:06,777f5897e141fb6a034b20adfd938fc27c6cd57d5ede024a6805854236593b89,896461,243743.0,257.0,0.001054,1,1,192
2025-05-12 22:00:06,f2f82f2ae9831143d4c6e347d23632e20092b6989f1f80ba051caef425d9cc87,896461,3908027.0,257.0,6.6e-05,1,1,192
2025-05-12 22:00:06,ec29af740e429d762d1d06266fb89bead4b9bce6a7625e5ab2129798ac40e57e,896461,1323056.0,257.0,0.000194,1,1,192
2025-05-12 22:00:06,9d34ba3f938fe00c416c846945a073a38e68145b0236ac68f01667188837d27d,896461,194693.0,257.0,0.00132,1,1,192
2025-05-12 22:00:06,4884ca2bbfecec326763dd859db40551ad1ceca19306c52a9ae90ec50d3a2374,896461,588935.0,257.0,0.000436,1,1,191
2025-05-12 22:00:06,8524638aef03cef0fe997e7ad35a9384862c78d581bcb25cc3fd0673f9837f72,896461,332351.0,257.0,0.000773,1,1,192
2025-05-12 22:00:06,81c0ae24e06eda65ba3c3a219f9dfaec9cf2afd12c78e26c99271a0650634765,896461,728349.0,257.0,0.000353,1,1,192
2025-05-12 22:00:06,89eec1fef2a4b1388cb9c6bc013f11265f3d886bf6ea85ec53fb3e623178f263,896461,146437.0,257.0,0.001755,1,1,192
2025-05-12 22:00:06,e156fccb763fa557e2bcbd4b524b25ce54ae0587cc336ef042a7a552dbac445b,896461,251198.0,257.0,0.001023,1,1,191
2025-05-12 22:00:06,3098ad7e133cad1b6837a34a9aae7d00fec5179f7bceb4feae09410f73b1265b,896461,24112.0,257.0,0.010659,1,1,191
2025-05-12 22:00:06,91acb7ce45213777c40d60cfe42dd1e8db319bbfbf41379d97dceb639dac8054,896461,489061.0,257.0,0.000525,1,1,191
2025-05-12 22:00:06,6377daf7ccb1f1bde8f3d54705c0388a33a45fbabc4844b365b558c3dfbe4b54,896461,1368883.0,257.0,0.000188,1,1,192
2025-05-12 22:00:06,e649bc98b9beb74113da4fd9b4a3dd6925dff3828984f13a763bcafdb2b28f50,896461,830251.0,257.0,0.00031,1,1,192
2025-05-12 22:00:06,af033eac1e9877cc9ceaa9a9651ba29b2861b4b85b6f07cfd79e7e99cc53c74e,896461,5097336.0,257.0,5e-05,1,1,191
2025-05-12 22:00:06,5f3c91eb9a8b7f7b7081c8ead9875992a7cfe531c2e0928f29cf5409d35bc149,896461,101607.0,257.0,0.002529,1,1,192
2025-05-12 22:00:06,98321e3a45d71a7795b02221e16e9ba71bd43c672b885132843540f006af0c49,896461,189371.0,257.0,0.001357,1,1,191
2025-05-12 22:00:06,43aa0b147923152e2e81f9eeafc4e4855a27e1e35196e00a3b7b55c63cd79846,896461,572767.0,257.0,0.000449,1,1,191
2025-05-12 22:00:06,6a1e1d856ed9de1d4708e7b4dae5339e6483c2ded84c3d9808ffee80f2e6a041,896461,1316621.0,257.0,0.000195,1,1,192
2025-05-12 22:00:06,f641fd6d8e28ea643a5130be5c3d7415de64cf8edfcfc9397357b33bc337543f,896461,25243.0,257.0,0.010181,1,1,192
2025-05-12 22:00:06,526c17adc00fb9f3e13d11c309deafacd90667aa228d086d4bfbb35c7789ea3e,896461,997781.0,257.0,0.000258,1,1,192
2025-05-12 22:00:06,74512004435a6d70cb7b960e14df2c4e099196d98be9d3fab41ddb8b485f483d,896461,17418.0,257.0,0.014755,1,1,191
2025-05-12 22:00:06,f597b5fceafb7d100ef48e946aad3d26780c52db06dd57ee5726420f2d08d237,896461,91534.0,257.0,0.002808,1,1,192
2025-05-12 22:00:06,5d88f5847d9b71bd0386e46d220ffa03d0523ed1dd9580749c59b76b788fe435,896461,36269.0,257.0,0.007086,1,1,192
2025-05-12 22:00:06,5a392622ac6300c30a53d66f5a7ffd33d3114c8032830e2ccafa7d7596c9d934,896461,1087199.0,257.0,0.000236,1,1,191
2025-05-12 22:00:06,1822d7e7bc7c5bc0edb0513e60887d8747373a7f1f8d1974231eea9694015833,896461,287460.0,257.0,0.000894,1,1,192
2025-05-12 22:00:06,2ee2bc36cc64fe42d9f979cb3c75b98782539c6e4b65c5b8d94acfb583b85333,896461,39556.0,257.0,0.006497,1,1,192
2025-05-12 22:00:06,f105900dbfa30904cd506768862f24eab23096a00cdee5cbff9396211f92a12b,896461,100768.0,257.0,0.00255,1,1,191
2025-05-12 22:00:06,2f75524ec1d031bfe0e4ff984f46576ca32821fb0b3867f79f06fb59655c4b26,896461,61890.0,257.0,0.004153,1,1,191
2025-05-12 22:00:06,49bdb7cd9aaecfa3b2933d78d062813bb8964e8750b43703fc5566bc9a2c2a20,896461,60748.0,257.0,0.004231,1,1,191
2025-05-12 22:00:06,1649e2a59bb3101a6916cb9cd06d4f1d3371e58ec86389fb12b3bb6385910c20,896461,74772.0,257.0,0.003437,1,1,191
2025-05-12 22:00:06,3c08a7e2423390efbbd427453d587cdae4673ea8ee4e4be4163f4b6bf11ac11f,896461,120020.0,257.0,0.002141,1,1,191
2025-05-12 22:00:06,e87240aa1cce462d41f0ea421c5d484d7323aea0d2223d0bcac4f2a62b81f21c,896461,486421.0,257.0,0.000528,1,1,192
2025-05-12 22:00:06,5b6cb74578e6efbdd9b61be908991cab04c3dcfd5ca9b4c6fe81c6fec5a7aa1c,896461,58172.0,257.0,0.004418,1,1,192
2025-05-12 22:00:06,048758dba66d887bbae58eab1aaca346fb6967227159616af48968a08a91b71a,896461,236588.0,257.0,0.001086,1,1,192
2025-05-12 22:00:06,fa18faccfd27cc2a9d1a5485a0aa4c2c87bab084fa3398b252acde0eb599ff17,896461,21195.0,257.0,0.012126,1,1,192
2025-05-12 22:00:06,ba39dac2a2e11722e0351f377b84d7b311e24a32a9d6264c6aa12ef24de2ed11,896461,9996743.0,257.0,2.6e-05,1,1,192
2025-05-12 22:00:06,98d74fc71eb68d7c32cb90130ba8bb075bc2178ae65cd3f3f974a74e6294340e,896461,41462.0,257.0,0.006198,1,1,191
2025-05-12 22:00:06,5d03ca81c9c8ab2a2e063c60bbbfa6f4eb0abd216c265a2f27732f5d12f8d70a,896461,124743.0,257.0,0.00206,1,1,191
2025-05-12 22:00:06,6dd3d062c539150b439ccbb6a4ef9fb9cc58e0b389e43007985212794473ce09,896461,973519.0,257.0,0.000264,1,1,192
2025-05-12 22:00:06,d6c3637ae0d2745122494a30dcea8a792156f8c25537ab8d110541a3bcc36109,896461,1610212.0,257.0,0.00016,1,1,191
2025-05-12 22:00:06,29746f615279e2a0f4ba4e04fa680a45cb1bc039840d886f6795f57b39c1db04,896461,3911570.0,257.0,6.6e-05,1,1,191
2025-05-12 22:00:06,58594ca441bd550ac18759991bef819540f94b666f000228eb8666fa04a6e402,896461,1042439.0,257.0,0.000247,1,1,191
2025-05-12 22:00:06,ab16f4f8bfe1c3fc0f18f82bd07d503c7ed8fcd4d9f79ab13cd8113e63366c40,896461,97221.0,338.0,0.003477,1,2,226
2025-05-12 22:00:06,0cee1cedbebc4c876e5725c67d8d292ebd867d2f890a748662d6297fc771de15,896461,53525399.0,4219.0,7.9e-05,1,1,191
2025-05-12 22:00:06,44e279832b20e4f0adb1a4d16c4095e77b47120111ffa98c8d270ffd7a93fae3,896461,751520.0,8427.0,0.011213,1,1,192
2025-05-12 22:00:06,a7c5c0aaac5dafcb91eac1cbe710bd63f3d593e7a8278e3efcb1bd7f4616d315,896461,71060159.0,7200.0,0.000101,1,199,6626
2025-05-12 22:00:06,cbc959af96671fe2cbb26f2b4d5616753a0f42b46a85340a746a218b18f7cba1,896461,6842391.0,257.0,3.8e-05,1,1,190
2025-05-12 22:00:06,583956f4c58d21afee3997fa65f43d3709c04a942ff3c5e8dc24074bb1fdd0be,896461,1867936.0,361.0,0.000193,1,2,234
2025-05-12 22:00:06,d5a13b69769c46ce3ce84b349014da1088c666233619bd39b4159d9e90527960,896461,11518.0,454.0,0.039417,1,1,192
2025-05-12 22:00:06,020062938526c6f5532fffff14bbabad21088b8cf34c4bebe5477ab7598d4959,896461,61278.0,1850.0,0.03019,5,1,781
2025-05-12 22:00:06,0b3bd779c7a78e36ca13b5cb80d1e26aa9998c41baa236c01338b354a1127f15,896461,1061943.0,398.0,0.000375,1,2,249
2025-05-12 22:00:06,70ab2d2307f2d7442c306c69ba419f5fe7ab732f2b08d66d0515b2d621ce1b42,896461,1994088.0,363.0,0.000182,1,2,234
2025-05-12 22:00:06,146229468000dae80471b09ad345096c29f1752b0d65ec987a6406772e2bbc7b,896461,170000.0,1056.0,0.006212,7,1,793
2025-05-12 22:00:06,30b9e9cdf0dfbc6d351f4c5165644c1c4bc9db7cee35c3a2449d7393ac56d71c,896461,20547.0,453.0,0.022047,1,1,190
2025-05-12 22:00:06,0ae7626583ec69e106163d37e6dcb70c80ce05e0d9f59447a42a6aa7a68f497f,896461,4999538.0,462.0,9.2e-05,1,2,358
2025-05-12 22:00:06,a9a878ad568f3bf6558c96cdf2dfa75452022804b969e344b6cc6caf8af379b0,896461,42147.0,453.0,0.010748,1,1,189
2025-05-12 22:00:06,817cae661eeb239a52f5920de070a3711e9bdb1e96cb2c007571ee9d2d0d4cfa,896461,67920931.0,338.0,5e-06,1,2,222
2025-05-12 22:00:06,7f21ac57c6c41752e9d877e054d35f832c91a6d142521753b677084035e5edd6,896461,24714472.0,338.0,1.4e-05,1,2,223
2025-05-12 22:00:06,da9230b63f96331f6a27302f3959bc6492c04ad78afa0a0b1f0a1a65690336d5,896461,23771.0,338.0,0.014219,1,2,222
2025-05-12 22:00:06,3ec68a8b40bbc2687163bfa234c59795b60a459fcae092de03bcbb43000c05c9,896461,6018253.0,338.0,5.6e-05,1,2,222
2025-05-12 22:00:06,6d656ea4cbba58d43caa6140b612af672cb457143b4831ba3f844322b4f687b9,896461,753384.0,338.0,0.000449,1,2,222
2025-05-12 22:00:06,62c511268e85db8fcda8313f4bced96b5c83a89e15ce6c1e6f807b511d3a8a98,896461,327580874.0,338.0,1e-06,1,2,223
2025-05-12 22:00:06,bac953854cd54616e4000c66eb25ed3bd4701ae26b9ed17c5b4754f10a43fc96,896461,18356106.0,338.0,1.8e-05,1,2,223
2025-05-12 22:00:06,5783f2b1145f80a568417f5ffe1b430fe8cc9f1adef820c2948a74fe782bc88a,896461,4140949028.0,338.0,0.0,1,2,223
2025-05-12 22:00:06,d81168db999ac688df4edba681632d399fa60b4c8684a254beb15223e9ccf187,896461,183629233.0,338.0,2e-06,1,2,223
2025-05-12 22:00:06,9a014dd28503bb0bc4ee11858553c5980e3036196142f3e7ca95539875af3a82,896461,959662.0,338.0,0.000352,1,2,223
2025-05-12 22:00:06,f4aeffc6ba371070246250f1c8b999df6c4a8e007ef7e074279e53d5b073b970,896461,2538879581.0,338.0,0.0,1,2,223
2025-05-12 22:00:06,2fe8ae337c6fd9de0971e4347992147ee388d73a0d4595cb7f60ab5681c23555,896461,1119751854.0,338.0,0.0,1,2,222
2025-05-12 22:00:06,512287dd4ecce2c115def7d42afb7080dbfc0b04483289306adab92bbbca5d4e,896461,482265569.0,338.0,1e-06,1,2,222
2025-05-12 22:00:06,54b82efde3b4e22ba776de7d0da426f18bc21223a09f9f6136a6d39e541e4b4d,896461,58211877.0,338.0,6e-06,1,2,223
2025-05-12 22:00:06,1c7883cd9ac6740eea5a1abccd7e180ce2275816d0560a6b008c9e3b58c29d2d,896461,125725016.0,338.0,3e-06,1,2,222
2025-05-12 22:00:06,8c30cb70b9dca821fd20cd60ad373c1c490ad84c3852ce3d5549afedf2b9f521,896461,228670.0,748.0,0.003271,2,5,413
2025-05-12 22:00:06,bd1f99a5f998952292ae9043d3670d3a16d1fc82b5999594443abe0ab82bde83,896461,151324.0,458.0,0.003027,1,1,191
2025-05-12 22:00:06,761a6621c17b8e712b6a048320e077b0322a0f263c8649a6e4e60a1e3d6de10b,896461,1032437.0,777.0,0.000753,3,2,638
2025-05-12 22:00:06,8745685ea1275d26870e3d597a9ce952fdf8cca88d10abf277ed819ab10cbda3,896461,1096.0,542.0,0.494526,3,1,376
2025-05-12 22:00:06,64f4194d0618573b6cbefef2d23159820327f1c262787d0c80b9b83be8cafe8d,896461,499999729.0,271.0,1e-06,1,1,195
2025-05-12 22:00:06,513140902d7cf528b084a88ec4efe7edb5815afdc5f58232d1dedec4a28ee56b,896461,18130.0,271.0,0.014948,1,1,195
2025-05-11 02:26:37,4b40c0a3b06e917608769ad2bb3fd4de6d630a6f5935fcb0618071747aa2c06a,896193,44992589.0,1152.0,2.6e-05,2,3,403
2025-05-11 02:26:37,5054fbdea6fe50a8407bb150f94aca453249cf8f76309634c40dce229394c8be,896193,1137093.0,508.0,0.000447,1,2,223
2025-05-11 02:26:37,d3db275cd9710579cca5afc7441cdf94a95eb3bcd776ced1c2f344bc522015fe,896193,44049928.0,508.0,1.2e-05,1,2,223
2025-05-11 02:26:37,b00cb5c8ece60a3a2e35cf8d71f737737eada357d193b3f0675a588f8a91a8bf,896193,1249060.0,169.0,0.000135,1,2,222
2025-05-11 02:26:37,952220f6a223b3e5617f33f9f0980a1630bd6e05c0e4ad521dac0d11a802c776,896193,48069.0,1201.0,0.024985,1,1,188
2025-05-11 02:26:37,8ef6b1085246cb90e5f6c7763cbea0a1145cf9a7f0f6728e62b7226cbcdc4b05,896193,453809581.0,8512.0,1.9e-05,19,1,2865
2025-05-11 02:26:37,93d9727e05350abbbece8bdb664ffe99a27139a7f9f4fd72bbd661604b920f3c,896193,56294.0,1208.0,0.021459,1,1,189
2025-05-11 02:26:37,d04e59ceeff2fcfde7db4f3c0801b091309acfbda8ce90ed999176bd63413a9a,896193,39130.0,870.0,0.022234,1,1,217
2025-05-11 02:26:37,9eaafa04b4b4fdfa406705d2966ba6a97fd1adfaa875a2161d7d7c04c1d40a27,896193,400578.0,2158.0,0.005387,1,2,223
2025-05-11 02:26:37,b5f1a7f2b052709cb6173ec0964184152c1c2042c21f549e41355f349f7dfc2c,896193,7464338.0,619.0,8.3e-05,1,3,254
2025-05-11 02:26:37,68dc243f9d451923335dc3c5cfcd67c988054b6fb3d59d33594bfe30de7f5dc0,896193,10478991.0,511.0,4.9e-05,1,2,224
2025-05-11 02:26:37,bbc099a1cfd4a8b5a3f7313ba4bb030369defb9e80795b7ffe89e3d01c21f7d2,896193,10709198.0,1495.0,0.00014,1,3,259
2025-05-11 02:26:37,4bad8aa6b21d06e5265d25d14d6f4db8937681a9c6c78f754b9717bfc734c10e,896193,11237669.0,169.0,1.5e-05,1,2,222
2025-05-11 02:26:37,9af36c724784922f3f6286f3c2a6f53922236ef288cb86ae37f80205a70f1b48,896193,420143.0,1140.0,0.002713,2,1,340
2025-05-11 02:26:37,d57a717791d9752ccca365be9dbf567f10c00e381fd9489b1ae3ccda529f3e64,896193,698206.0,2340.0,0.003351,2,6,526
2025-05-11 02:26:37,179507040f1f93d94b1bb48d27d837d47d240ef711350b80de260488346a355e,896193,1316.0,1084.0,0.823708,2,1,269
2025-05-11 02:26:37,6acf9425c2e7c3290960e303da16d01d8f6f5e6063490bb73f3ecb097e39874d,896193,72341665.0,2000.0,2.8e-05,1,7,392
2025-05-11 02:26:37,103e160608fab07f4c8b7189d3c937ee0a6354ac5b58e5168e6ea066776cfb7f,896193,94757.0,1062.0,0.011208,1,2,247
2025-05-11 02:26:37,e7bb2a4c6eb7ed96accb5ac4ffe01a73dcb46021c49f562e2f5b5e8e8013d036,896193,4006095.0,1062.0,0.000265,1,2,246
2025-05-11 02:26:37,d5089de11cb21e844ac29b705c580f5d946f98766b9b16b72835184ce895231a,896193,672078.0,1062.0,0.00158,1,2,246
2025-05-11 02:26:37,700c00d1a0f278e38c3b3aaef1991d1d389a44f2a8cfe3962e2e47580dfde334,896193,2835.0,1217.0,0.429277,1,1,189
2025-05-11 02:26:37,22571187911b4758abbb0d7b50d996ac3af03337f32695c6434eb75b06c3dc9d,896193,1311.0,1089.0,0.830664,2,1,269
2025-05-11 02:26:37,c9174148bacf076edbae36f937a3a397b23fcec1729ef57b3d021397bfe71b92,896193,833290.0,3084.0,0.003701,4,6,793
2025-05-11 02:26:37,f50e93e9528be8dc0ef03cb2d334cb6e10ad5d006974b7094fe545859b82b3fd,896193,3539760.0,4890.0,0.001381,7,9,1304
2025-05-11 02:26:37,52d4f951783dddbf504aaf038fffee3432fc4b5354f56c1cb235582911e6d5f4,896193,227093.0,3594.0,0.015826,5,6,806
2025-05-11 02:26:37,17e57e7c8945be96d239df576fd6e635f9ee2883ac6505199c7dedd02a2e68a2,896193,28563.0,3594.0,0.125827,5,6,806
2025-05-11 02:26:37,3c35e4173ddca9830b315c69ded0df0fe00dc451b410db8b1960b6424cbbc6e3,896193,25578.0,2468.0,0.096489,1,1,191
2025-05-11 02:26:37,c1fa42b83f23821f8409af3bc60b453a0f31d84c26d431c1b9e3833b4fd7191a,896193,342700145.0,620.0,2e-06,1,9,449
2025-05-11 02:26:37,1fbcdca45db49a645d32423041b37529d1317e3a3f1cc349473e8e5a042859ea,896193,7428252.0,3780.0,0.000509,8,1,1231
2025-05-11 02:26:37,98caf0478512ad2b3b8d31be8490e2153ce04ccc8562fc4b73a797a619f3de59,896193,234278.0,924.0,0.003944,1,2,194
2025-05-11 02:26:37,712568ee0d607649e82d36fdcf4168cc401cc30b07e3531765e827748fc60157,896193,119835.0,924.0,0.007711,1,2,194
2025-05-11 02:26:37,607839bae12dfef8c31f4100f46e1f3e012390fa23bd6f061efc101926315ab7,896193,185072.0,1024.0,0.005533,1,1,191
2025-05-11 02:26:37,f68fb20e70752d54ce25f60c60fde50884e7386b4f53579aab63777e3e836827,896193,41800.0,1024.0,0.024498,1,1,191
2025-05-11 02:26:37,fffd280d0e37a47a94ecf1ae108cbcde5a6bbfd9965323537ad32dce113404ea,896193,235864.0,4204.0,0.017824,3,1,491
2025-05-11 02:26:37,1b97e92337feeefb2fba7832f6d20d66842df6bf131baa2ba05fde05cd3b1c85,896193,20191702.0,1066.0,5.3e-05,1,7,377
2025-05-11 02:26:37,c0d68958d6f6576046c625ca1403033023d80458a18fa9210ba20eb2c9a65a1c,896193,7711292.0,394.0,5.1e-05,1,8,409
2025-05-11 02:26:37,5c20999e806d8c401e9b5540aaf99ee73349ed6249de7c9e7e22886b06b63cab,896193,467961.0,870.0,0.001859,1,1,192
2025-05-11 02:26:37,c53d39b7c2712a28252b046103b250662e89fa1f34ab90ae0104a6ba15f6fa1b,896193,345872212.0,2040.0,6e-06,1,8,422
2025-05-11 02:26:37,0b230e8233bc54c410654cebfc0635fb7daeaff4a8b763dbd0006b0ea4c1a05a,896193,2117449.0,1122.0,0.00053,1,2,223
2025-05-11 02:26:37,ed89e30b40c69a3c64b637e61d9f34f7f5f921b28c322270c4bb51c7c5986b3a,896193,2144505.0,702.0,0.000327,1,2,222
2025-05-11 02:26:37,2c8e68c010bdf83c3ca0f34084e4c012fb2f054975eb6710a9810dfd7c27b89a,896193,126296.0,1462.0,0.011576,1,2,226
2025-05-11 02:26:37,194e4eb735ce1a61061a73d3ec71b1e25a34a85576a741fd771eaacf9969f802,896193,3222330.0,1064.0,0.00033,1,2,245
2025-05-11 02:26:37,d3a9175e016f6cb27c4bee8eadb3fcfca700bb2eaf2b137c79d97dddbe67d6c6,896193,2240362.0,964.0,0.00043,1,2,226
2025-05-11 02:26:37,ef72ee7748546cb869282a6524ae8c9013e7245da7720f604b00d538bf2c383d,896193,2433845.0,964.0,0.000396,1,2,235
2025-05-11 02:26:37,21b1b38d40b9a14a52f8893329a4612532b1f986df731b01a87a3ba663ffee6a,896193,3371152.0,1015.0,0.000301,1,2,223
2025-05-11 02:26:37,7902c147c0a62732318fe55bcc831bb8577a928bf62a5018c3f105e53a0edd78,896193,3420183.0,1102.0,0.000322,1,2,235
2025-05-11 02:26:37,0cd8c699a651e1f75d089449e0e87bc580d75f939b96bcdcd48f0efac64dbee6,896193,3436194.0,1015.0,0.000295,1,2,222
2025-05-11 02:26:37,436ff9a816249b0b2d7e248023cf96a5e184ffdc26861628ea0ecb99287b6b9e,896193,3446105.0,1015.0,0.000295,1,2,222
2025-05-11 02:26:37,0d22039979330056fdd93b6d25e637802eb948c4cc93a9d6380276272953c05f,896193,3485276.0,508.0,0.000146,1,2,222
2025-05-11 02:26:37,70ecc3f93671750e6b67615bdce62da66b321e173bff66ac7558cf8fb11935c2,896193,1870026.0,870.0,0.000465,1,1,216
2025-05-11 02:26:37,cc2bf45bfa22ecc9c68abf0e39db3f4f15a81f29f29f87564ffd52bdccdb5798,896193,1624690.0,870.0,0.000535,1,1,215
2025-05-11 02:26:37,9fbbe38c37afcee4c51273de9d9a344122661468b2d63b9bb369c293c2335c7e,896193,95113.0,870.0,0.009147,1,1,215
2025-05-11 02:26:37,a5b76819537ef294667683006426f4a9fb6d205fff8a90a226e561dc2e496a55,896193,17300809.0,1015.0,5.9e-05,1,2,222
2025-05-11 02:26:37,f1c790ac47c56cabc74fbfd562b387aedf0ed784260e13f16ffed1d0430dddfa,896193,17344502.0,1015.0,5.9e-05,1,2,222
2025-05-11 02:26:37,01f80fcd503dd3b4b1a66d351bcec8d5e8c553d450c0287f29cbb7d90d77f281,896193,21698287.0,1037.0,4.8e-05,1,2,225
2025-05-11 02:26:37,8eca66ee93fe332da3c56d0a7639cef7e031e4927f27ce53a4dc9def4d0325ed,896193,6415772.0,1193.0,0.000186,1,1,192
2025-05-11 02:26:37,30f11a655758e3e6919c6efc8b34f559dd36d38799c6297169305f1014e6a455,896193,28116289.0,1015.0,3.6e-05,1,2,223
2025-05-11 02:26:37,033f2e3f75c19ef2c2492c7cfe7c427df0242855d922ff7e554d1100f03705cd,896193,28221129.0,338.0,1.2e-05,1,2,223
2025-05-11 02:26:37,84e8c46be873e9eb405ce03dab127d6cab0c8f7d0bb91a57d7b25f7f8c919add,896193,50864.0,1897.0,0.037296,2,2,374
2025-05-11 02:26:37,f2d08ec8a18f0ab2ec470d7b9c3ddf032ec2a174bb90b015f598fbcba9b3749f,896193,137627.0,1897.0,0.013784,2,2,374
2025-05-11 02:26:37,8cd34ef6842f9237adea9c5d8bbf5316029e9e60ea4aa332e1cbcf4147a55287,896193,178029.0,2684.0,0.015076,5,2,818
2025-05-11 02:26:37,0fbedbad977bd25c7cdfaf40d9a4e4a28ace5656c4b2aa19bf3a46aa456ef7d1,896193,104357.0,1859.0,0.017814,2,2,372
2025-05-11 02:26:37,8633ad6c7deba16301ccb685b647b21ed47d7e4825f25df8190ee47396673eea,896193,906447.0,423.0,0.000467,1,2,222
2025-05-11 02:26:37,072280608d89c2789c30ca8fd3d7582f37ed47e4ece1b94f22498bc08442c5ff,896193,92194.0,924.0,0.010022,1,2,193
2025-05-11 02:26:37,57ce312d1419f9ef2840db7613987e303e776e1ead9a8f069ffdc0f4ae907644,896193,92672.0,924.0,0.009971,1,2,193
2025-05-11 02:26:37,e5bbe0e28a1132320d149f6d93a6f85b92afc7d320acb2559a371b155ac4aa3c,896193,412046.0,924.0,0.002242,1,2,193
2025-05-11 02:26:37,872ecf02555744860a3e9879fd1d9b2464e76423f3e80fd9c510a1c9eb0a8d38,896193,1532602.0,924.0,0.000603,1,2,193
2025-05-11 02:26:37,4545e3bd5ad0a9a3b2b68d7a35760f08b4599699b72671c2830f1b3001d7e61d,896193,195532.0,924.0,0.004726,1,2,193
2025-05-11 02:26:37,304a54ae50fd7672276c1b45f119453d4253821cacce078c014bf59a18f8e303,896193,578350.0,924.0,0.001598,1,2,193
2025-05-11 02:26:37,27af0b35982582a65b6038e1c704d3ee35928f89c0fdecb93aa39fc2374b60bb,896193,80443.0,1584.0,0.019691,1,2,222
2025-05-11 02:26:37,c47533f70d3bb00e08dcb7f8fe2e8b2f71850ce2a6c6fe5b6276be29707b8090,896193,513945.0,697.0,0.001356,2,2,371
2025-05-11 02:26:37,537039176716a50854016566d0f7703915e2424ad7b020a3b82f6704bc532246,896193,100150.0,1897.0,0.018942,2,2,373
2025-05-11 02:26:37,9a5790a6a80a627e9f4fd428a4c0dfef4d5a574b496ba6e8ffdbc991764fe2f9,896193,52076105.0,2061.0,4e-05,4,1,640
2025-05-11 02:26:37,18125ed75a292e7d6fd774509e4db8c3e00028fc27765e405488dc0916c8688d,896193,4366427.0,1462.0,0.000335,1,2,224
2025-05-11 02:26:37,8fd66ae2609fce0b3fbaaa59a2fe864c0f90813f9aa878c3b4f6cb8ccc6d9ecb,896193,173011.0,4008.0,0.023166,6,6,913
2025-05-11 02:26:37,7096d5777bc5e4748b74e1b7f7b7160db4edd2bfe7edaf2ce34d445ef8777331,896193,3972116.0,666.0,0.000168,1,1,153
2025-05-11 02:26:37,b5a07823799b2370b5852c9e31ba051fbcff7b6f49c04a977d130708a5891978,896193,116600.0,921.0,0.007899,1,2,222
2025-05-11 02:26:37,acc6d07ec67fabb7b7baaee3d825e1cf0a1fe83022bb95864fdb8a4bfe88efde,896193,28205840.0,2489.0,8.8e-05,5,1,785
2025-05-11 02:26:37,d2402a8fe8478cb41f57697e65707e47977d3aa787327f47446891c828a411e0,896193,148409.0,719.0,0.004845,1,1,192
2025-05-11 02:26:37,5cee9f21db899132b83e539c610c8dc094cf62f1cb426379562bb91600b8d6bd,896193,391353.0,1764.0,0.004507,2,1,340
2025-05-11 02:26:37,20af0548d28ea9a4cb8a5a53f8b031ccba15eaf52174ecc33c5fc76503fae331,896193,198396.0,322.0,0.001623,1,2,223
2025-05-11 02:26:37,5a84ac7f5756e5cd3316ad6dc1793e3384b77d557af01c341f4cd3c654b95df1,896193,54687.0,1074.0,0.019639,1,1,192
2025-05-11 02:26:37,b977db0c762ec98c6af1e087ecaae2001255d1b4278423542883c1b9e86766d5,896193,5751759699.0,974.0,0.0,1,4,285
2025-05-11 02:26:37,270cceabf3642bdc9de7072c30fd972090c221519e96f7c74d358a0d7486866b,896193,1017097.0,903.0,0.000888,1,1,267
2025-05-11 02:26:37,7e10c5353b6215947f15279ae637c80bc4039c22e40e7d2b7e0571121b309557,896193,1017097.0,903.0,0.000888,1,1,267
2025-05-11 02:26:37,ccf50a841299c4b540d8d80a43c261ed6d1f3ec7c915b2e93f3dd375e0137255,896193,1017097.0,903.0,0.000888,1,1,267
2025-05-11 02:26:37,a78239670f98aaed129d260fb690fd82dd7c4c087ab9fc306683ae2a87641a54,896193,1017097.0,903.0,0.000888,1,1,267
2025-05-11 02:26:37,94ad01174d504d172257c6f3c5e40de73c3b851364f4584aa6c873023b525340,896193,1017097.0,903.0,0.000888,1,1,267
2025-05-11 02:26:37,757dc4e280a7bbcab1ebc8fbb6d2d5502d592cc14e7c8ae3f246be0380b0cd01,896193,125242.0,924.0,0.007378,1,1,306
2025-05-11 02:26:37,487efc24c90cb75e05b8aee8be0906b7a793fb64e081ed70a69e33c476b25874,896193,88528.0,1058.0,0.011951,1,1,214
2025-05-11 02:26:37,599dae992e136eccb08bdaf8bb9bb862ded1e744b99c1bb993bdd33dfe9c6b6f,896193,45462950.0,9715.0,0.000214,1,1,191
2025-05-11 02:26:37,24554d02817a603347c6cc23e90cacc4ef049fbbb2d948f5ba1c012954a87f30,896193,19218.0,18264.0,0.950359,2,1,339
2025-05-11 02:26:37,b4a012b4f1ef61d5322d99980dfffff32dafcb2b415fb2282087a3c5cd941369,896193,74374014.0,19273.0,0.000259,3,164,5801
2025-05-11 02:26:37,eacbf39cff3b748f967b453a6e867493a77b9a0fd80e035c417823bb0efd9342,896193,149189.0,943.0,0.006321,1,2,195
2025-05-11 02:26:37,9a9098ab44b44a70ddb3a6c517644112a5ad7db9d0a38c5e379d37fa845cc4f9,896193,1000.0,721.0,0.721,1,1,192
2025-05-11 02:26:37,1fe771bd1bd70e18669063e0910c5d920cf6d8023b9fa8e3fbb677fa6f5c51aa,896193,56457946.0,2000.0,3.5e-05,1,7,386
2025-05-11 02:26:37,03090e39105ece75891b15572d2dc3c73f07ee3dfe2fa928892ccd05b3f5ace7,896193,2280.0,938.0,0.411404,1,2,194
2025-05-11 02:26:37,f6ae8491cee7e06884786d5e108944cd4806dd7c60ecf67ed78b3cddc1afbe71,896193,1642642.0,1897.0,0.001155,2,2,372
2025-05-11 02:26:37,0db084610ededa757e59f9b6a22a2b781f7b46376b828d39d9d02a55a3fa0afd,896193,2133082.0,1393.0,0.000653,2,2,375
2025-05-11 02:26:37,212d070708da56d21be48719c48f1edccd13f9aca3021adf54cf193aed5593ed,896193,1551291.0,1393.0,0.000898,2,2,374
2025-05-11 15:49:37,3e48f9e35bc8f259ddafd57be6a6fcbea459b9a88ab2e6e69130258d2119d09f,896276,2022732.0,831.0,0.000411,11,2,1702
2025-05-11 15:49:37,03169654822cf45e824f6382a4532e1c8cb5e2358e3c86bac4fb6a441914b01b,896276,1024.0,181.0,0.176758,2,1,341
2025-05-11 15:49:37,d8edc317474294031a32db63e099191d376e529cb7a4446b1eeceaf5ebcaf5d2,896276,2580106.0,299.0,0.000116,1,4,294
2025-05-11 15:49:37,ed10e2ead243254ca879fb1d7687d0bd3d52fd972e4bb969d3d2e99a137d88b7,896276,11674717.0,350.0,3e-05,4,2,668
2025-05-11 15:49:37,657547c423694faeb1e2d81950db82f2047a3ff2679461ea8258d4d68c0b06df,896276,12770.0,115.0,0.009005,1,1,194
2025-05-11 15:49:37,710ee4dc39e3cfada7dbaf86fda8fc8aa03cfad25c3c5bb4c822fadb016d6310,896276,88307.0,115.0,0.001302,1,1,195
2025-05-11 15:49:37,cbfd86066366da7bd75789d7e350ca30447ff87c0df3066ee1f5ed483dda3928,896276,291966.0,599.0,0.002052,5,6,806
2025-05-11 15:49:37,0b8778c07e82f3ea2becee0505a8a78aab33aa908af303535f7567d54571c52d,896276,3444095.0,1730.0,0.000502,14,21,2419
2025-05-11 15:49:37,183b1dbd2ffc38a5cc88467f5621fadc9f7901af2675fe5d31626464d906a2a5,896276,3440749.0,289.0,8.4e-05,1,5,334
2025-05-11 15:49:37,f7f0d3e33227495a295147d44ac6ba6d8da3da292c35f0bd35b888595e1e5fee,896276,6297168.0,1490.0,0.000237,12,18,2075
2025-05-11 15:49:37,025f79a27dbb57e29a7669e9f77df2d3013432c581ee6483c2a063ef3d70f12a,896276,49888.0,112.0,0.002245,1,1,192
2025-05-11 15:49:37,c61d2d5219a6bb69ee8b4e96e86e29524e0afb18deccc66d7fd71cf1823993ed,896276,144566209.0,167.0,1e-06,1,2,245
2025-05-11 15:49:37,f05c6a737c2003add53e1cfebeb4e7407a282a59966a373e0fc093fe841658b5,896276,28678.0,213.0,0.007427,2,2,371
2025-05-11 15:49:37,f47dc8fb11531b1c9e13e3e6bf0fd49d37b161bffe580bfb1c64bb617bdc3d2a,896276,134463100.0,212.0,2e-06,2,2,370
2025-05-11 15:49:37,213d903ca4a44e4e3dfc9c0d7b9108401084228e7f44579e978090dda988854c,896276,579987.0,211.0,0.000364,1,2,376
2025-05-11 15:49:37,43692895b3d4e34986693f5630ccd38999885d987c92ab310fce4cfa2867bbaa,896276,603075.0,146.0,0.000242,1,2,224
2025-05-11 15:49:37,2a4f13891ffcc13d814790d90b663f7fa928a92b84ac55363d972ad9f68cb3b0,896276,3818198.0,144.0,3.8e-05,1,2,222
2025-05-11 15:49:37,d460a89a423993cbb0a04275858d2040ba5a522483dc02459cf5fc5db533d8b3,896276,2840709.0,1776.0,0.000625,25,1,3743
2025-05-11 15:49:37,2112d64f1e1fec8d1da26c28d67079ca30780622887b3acb9ae530c12d932b4e,896276,204341.0,214.0,0.001047,2,2,371
2025-05-11 15:49:37,6d1d4bf2a156d8ea3df3688e72fa855f126d5e63e92dddf13d38d3af93258b97,896276,1142776.0,147.0,0.000129,1,2,225
2025-05-11 15:49:37,736f99147c5cab242f358a9d81c9e174e5a9e59fd76441c78b2bcf39f617a239,896276,1851455.0,145.0,7.8e-05,1,2,222
2025-05-11 15:49:37,cbfb5c3e3b85ae7407e389ea64ae159a8f2c2d43a61eb83f20aa9ba507086e36,896276,1861800.0,359.0,0.000193,3,2,592
2025-05-11 15:49:37,8e257b729fb4626cdb8a0fa11f36047905ba282a1e39edc51ccd79a068861807,896276,1504078.0,766.0,0.000509,6,9,1071
2025-05-11 15:49:37,68cfaa2db96522cef8828b29268bd588d014a9c19ddebfc2214a67ab320453d1,896276,265666.0,146.0,0.00055,1,2,222
2025-05-11 15:49:37,39a20bd64385e458f31f0235dc4ed9f1cd6279ede254c3e1af9a85324ac45fce,896276,2999854.0,146.0,4.9e-05,1,2,222
2025-05-11 15:49:37,201ea643fa9a3126c84ca84412704b8c09271b99eb4e86a9468485f87eceda9d,896276,5453376.0,146.0,2.7e-05,1,2,223
2025-05-11 15:49:37,916a64e1648b240d74715c74ba8a96db1ebafea6e679269c42480a1739b9ff7a,896276,1815593.0,146.0,8e-05,1,2,223
2025-05-11 15:49:37,ca0d2f48b89f30ff95e524fdf9c8ff06cd9c68f418091f07e08442e814d7e075,896276,49854.0,146.0,0.002929,1,2,223
2025-05-11 15:49:37,082735d0d0732329a5b9c1d867b89cf0e7fa5a7233ced970063afd68d2e6726a,896276,1643242.0,146.0,8.9e-05,1,2,222
2025-05-11 15:49:37,772ac66d996dc6916a6665310cfad7a52a86287838db7af4261b9e20a04e5957,896276,6670.0,146.0,0.021889,1,2,223
2025-05-11 15:49:37,c22f3304bf48943a97bf28d22886b16f6bb9d51f3856f807b9a79478eb11d637,896276,1299834.0,146.0,0.000112,1,2,223
2025-05-11 15:49:37,f413486111d385d14f7cd2cfc48c6ec8a5ba2e42fe64636923dfb62af865c330,896276,744854.0,146.0,0.000196,1,2,222
2025-05-11 15:49:37,a214444133d9c9a7545b9c9a175f3d5423f9c1c64443e19300981513b5203605,896276,1733128.0,146.0,8.4e-05,1,2,222
2025-05-11 15:49:37,6333e8c950348700ab9f0318410e3bb77d729315442642e4cba6d301bafb505e,896276,155337.0,770.0,0.004957,6,9,1043
2025-05-11 15:49:37,2da0c495564b9b612f6cafc51b3851df7e968d4272cd9eaffe15cd4a946ed016,896276,2341414.0,770.0,0.000329,6,9,1043
2025-05-11 15:49:37,e425f0cdd104299c8c406a8b354e9ed9d3c3b38393ea24e4caaa4b1f65f87f12,896276,512940.0,770.0,0.001501,6,9,1043
2025-05-11 15:49:37,dbb5c1e82e03474507f998e70e6363d198e76fd7044a3d751799cb1051eef356,896276,307820.0,779.0,0.002531,10,2,1554
2025-05-11 15:49:37,ce7557739d9214221d9b7c2ae70bffe6f9b7feb18994feda3380102c235cb9d3,896276,9792.0,1025.0,0.104677,1,21,1150
2025-05-11 15:49:37,a6682f9e779e989939dbc877680bfa7abe003aaf57deb55e9a2fc81deba15e8e,896276,224818.0,156.0,0.000694,1,2,205
2025-05-11 15:49:37,94b861923e3b8d92692a7a2a14ac6b4c1f0b37e2ba041cf1185379a6baa1196b,896276,30210.0,106.0,0.003509,1,1,153
2025-05-11 15:49:37,d4b5686a182e409580fd8e12f7d39c3f2a727c798db940f61d98a903d08be719,896276,74906.0,106.0,0.001415,1,1,153
2025-05-11 15:49:37,02c24659e60c8ef180231d78c67c2564fb7bfa7e84fd40b2f3b7453d80a22721,896276,264626.0,127.0,0.00048,1,1,203
2025-05-11 15:49:37,b758460fc4ed8577c1d5aaa8a84c167857a0bc945e37227ec80f01afd93149f4,896276,199738.0,262.0,0.001312,1,2,181
2025-05-11 15:49:37,a8c029b415bf2cf9c550723c2e69e09f78be5d8c01556555a11da6683d9feb7f,896276,636613420.0,3172.0,5e-06,26,1,2989
2025-05-11 15:49:37,1cfdb07761a2d5f539465cd3104b33b7d2c0c012c8d52d6cc27556ce4d46f6c4,896276,2585178364.0,39059.0,1.5e-05,357,428,58504
2025-05-11 15:49:37,117b3317c3616531f1705d16ff4cbf2b52876849d199d803e5833eedf42e7834,896276,6293528.0,290.0,4.6e-05,2,3,355
2025-05-11 15:49:37,1b361107f7b13af59e5be170c991dee72e75efec81ed6458237dcd7ca198ec12,896276,7047840.0,1010.0,0.000143,8,12,1387
2025-05-11 15:49:37,9260ed70dfb213db51678a1c337a1a1aa2ade84ca57456189e3fbe4824da7aa9,896276,199820.0,180.0,0.000901,1,3,253
2025-05-11 15:49:37,5afc981f9729b17a95a7f823f8822f6f89c0e82e33d450b1ca55621d28837a64,896276,17000.0,270.0,0.015882,3,1,500
2025-05-11 15:49:37,404acf0d78f2eb158533ec51fee8dd0df8733f88c8c48aa1b27cabcd3b2e899c,896276,43731.0,177.0,0.004047,1,2,249
2025-05-11 15:49:37,22ef75172354fcd597fbfd25b5f8dcbb91641ecce30c2c0171d1a2be8b155c8e,896276,33930.0,177.0,0.005217,1,2,249
2025-05-11 15:49:37,ed005227ed2410e6a0a5cac3605dd84aad37f703fe965b29364469be3d2912f3,896276,1320060.0,526.0,0.000398,4,6,728
2025-05-11 15:49:37,8801ca173683829902dcce4dbb8ef05155d50a0951934d67cb91fdd06d242672,896276,75195.0,235.0,0.003125,2,2,353
2025-05-11 15:49:37,44f39b667d720f6c5852cb63c6dc4ef5498a6afb7419955a796f9ea31ce03e4f,896276,43900.0,235.0,0.005353,1,2,222
2025-05-11 15:49:37,f8befcd48495610c1c931080e2a49b34dbad3ce04409232884654b9e54e21223,896276,32991.0,105.0,0.003183,1,1,150
2025-05-11 15:49:37,8f2ddd71284f8e8505cb1704c6c9b659ffb0f8e945a32f6489bea3b33d60f2ee,896276,19966795.0,530.0,2.7e-05,4,6,699
2025-05-11 15:49:37,00a508178f6b9edcfded7f3f562a7e76b672934612172fd4f0ce0e6c9354bee0,896276,3162911.0,530.0,0.000168,4,6,699
2025-05-11 15:49:37,9aa057d940671ea1da70555745a9da1ca62362b3c5ca79ceb7427efbb699a4cc,896276,462050.0,530.0,0.001147,4,6,699
2025-05-11 15:49:37,8a453e4cabe46b1f16b94038aafb96a9b1c32cc3a45b8b1a2cb9a324edafe4ab,896276,28290.0,530.0,0.018735,4,6,699
2025-05-11 15:49:37,92afd2dce692aa40401631110e9543dbe6b522eb71624ffc3ee2f41c05745ca6,896276,23537.0,530.0,0.022518,4,6,699
2025-05-11 15:49:37,3c7be552ac339ec346d3fe700c58e0b6be6fc511a23e84004ce771a5990196a4,896276,587172.0,530.0,0.000903,4,6,699
2025-05-11 15:49:37,0892e73a6f991811feb3f895887fbb8cef9da6a4a5dc0a5155ead442cebf4599,896276,485626.0,530.0,0.001091,4,6,699
2025-05-11 15:49:37,eae399bf24daaf12ce3334a60f4f9b378308a83edfe8c079fd4d38869e84903e,896276,204364.0,530.0,0.002593,4,6,699
2025-05-11 15:49:37,d7c61d944947944ff2d2a33e6ba0a544b8a98cdee92b374071c025c9f2d8e52a,896276,19916795.0,530.0,2.7e-05,4,6,699
2025-05-11 15:49:37,6233a6a7ae4a15d967ace01225f03664296c989814ccff3ee0e6e8d765c5d029,896276,19986795.0,530.0,2.7e-05,4,6,699
2025-05-11 15:49:37,1cf58688c2ff62377eb916089655ca23e17786e21c9188a24d6bb96a3d3e6612,896276,866576.0,530.0,0.000612,4,6,699
2025-05-11 15:49:37,f15c275a12e510ac315f885cd2bcf308987884a70fabbddbc91c115a8da8b906,896276,579748.0,530.0,0.000914,4,6,699
2025-05-11 15:49:37,12c870c252196adb2aaf5b3edd973e21e01145be0f5457867a974a1d17a88029,896276,1503752.0,255.0,0.00017,1,4,291
2025-05-11 15:49:37,bfd9f6b14e55499a7147b294cb01d810811579b52d7917f63958d4095b46d3fe,896276,24724.0,177.0,0.007159,1,2,248
2025-05-11 15:49:37,f3a2b27d7f202c7ca5b47f86a79ec8132834f076d6ab4e79030896e8cfaca099,896276,12200.0,177.0,0.014508,1,2,247
2025-05-11 15:49:37,ffc4600be5c852f7eed9c92d83dad90cabb633153882295136f6035ec4f85d96,896276,59601.0,177.0,0.00297,1,2,248
2025-05-11 15:49:37,d893ff5101c317280f68221ed6cc51839df4fd6945315b79d546d3076b6dc24d,896276,109388.0,151.0,0.00138,1,2,223
2025-05-11 15:49:37,5460b07390e9b5baa5b51282333aeb4cf3fda95fd6300eb3bcfe01c02b560e81,896276,55475.0,522.0,0.00941,3,1,487
2025-05-11 15:49:37,931c8f97183e4cf2368f8d0e80cdb444a4fb686c96ae084010025a93622b6be9,896276,119000.0,119.0,0.001,1,1,193
2025-05-11 15:49:37,839f083599f01880a611dd2aefdcfe839512a9ceeb0eca6ad2e1e03dbb8b59e9,896276,37391.0,177.0,0.004734,1,2,247
2025-05-11 15:49:37,9816ed813ce6184c82d4c96190afbecfca83d74d6b2f24c00f2e56ab23571fa1,896276,958391.0,177.0,0.000185,1,2,246
2025-05-11 15:49:37,664c4a3b3cc8644071dfce3b5fd692656cfb367979f1d1c15c8133795a448b83,896276,1849491.0,177.0,9.6e-05,1,2,246
2025-05-11 15:49:37,9f108267f5378e952ae6cebb6770a89400df240251ac6047a7bf75f501332155,896276,211365.0,177.0,0.000837,1,2,246
2025-05-11 15:49:37,64dae52e88bf1831fb6578115cb02f167c885b705d6c55167959878e306f3808,896276,713698.0,177.0,0.000248,1,2,246
2025-05-11 15:49:37,70f266c9ce1482f026fc45b805460c3aff996928f977bf26d9a073f8459bdf14,896276,42479.0,599.0,0.014101,5,6,806
2025-05-11 15:49:37,3270cdc005edc01db6d2ccfb25efd177752d0a2282f63a659a62985305bf7cd1,896276,61201.0,154.0,0.002516,1,2,194
2025-05-11 15:49:37,0c6c1bfdc36dbbd5e6f20ac661b92fe6c37480f8a2512310404cc8ba32bba740,896276,108393.0,154.0,0.001421,1,2,194
2025-05-11 15:49:37,9fb2113dda451153ff48057c84d46c666f967b7ca8eeb7dea6616002aafb39e8,896276,96118.0,306.0,0.003184,1,2,284
2025-05-11 15:49:37,f309babd5a276f18385c91bb858c7e502efa7fe469a8df4f9b679389f596f7cd,896276,96424.0,306.0,0.003173,1,2,284
2025-05-11 15:49:37,97f62d61df23789333a43d471b36319616e46ff53639816d2a9779d9dfea06fe,896276,294.0,136.0,0.462585,1,2,207
2025-05-11 15:49:37,92984a5b740b4cc8847c09941d2ae5120d66d39cef019af2ca839e5615ca2ce9,896276,294.0,136.0,0.462585,1,2,207
2025-05-11 15:49:37,e282dfb24750285d986a49e62e709583477beccc2701ffdef2aa858bf52d80da,896276,294.0,136.0,0.462585,1,2,208
2025-05-11 15:49:37,b45ebc798bc0efbc5aa4b74329e6aea5b06e55e0aa80d1b0c3a5e7bd4e0594d1,896276,294.0,136.0,0.462585,1,2,208
2025-05-11 15:49:37,a2e7622db7ddd6bd1c9675e144934608cc6b7e4c186f0e3d2ea832cd658342b8,896276,294.0,136.0,0.462585,1,2,207
2025-05-11 15:49:37,aa2e9a27a1530306467a239850f082cf1809e044718a7b86fe05b10296c9eda4,896276,294.0,136.0,0.462585,1,2,207
2025-05-11 15:49:37,f286fef9cd327e13b999038e91f04a72f235d137fc55abfbb94feeeaa8a2a495,896276,294.0,136.0,0.462585,1,2,207
2025-05-11 15:49:37,bb5d614b6ac5afa8a9874a9829059aec88bbe855664a942102b2cf414081276d,896276,294.0,136.0,0.462585,1,2,207
2025-05-11 15:49:37,74917fd69c87147d624fbbbf6d6f10656d44a9f5b0a0db9155cb3eaea9f49562,896276,294.0,136.0,0.462585,1,2,208
2025-05-11 15:49:37,6468d4b87d0aebfcc287132b1d17e96edfbd2a2f19e2ee01fdafe507e4b85158,896276,294.0,136.0,0.462585,1,2,207
2025-05-11 15:49:37,300992d4ecf5e7cec1e571750f0de2a64edd6389f99b49262df22810a5672246,896276,294.0,136.0,0.462585,1,2,208
2025-05-11 15:49:37,e3520d515d81c7288cdd90eb54b11beb8288d5dcd852b65820cc83aa1ccca940,896276,294.0,136.0,0.462585,1,2,208
2025-05-11 15:49:37,89bbabe0429e608a0a8f8ba5640f5c187fec3b7492f4ce88f36d47d61a282226,896276,294.0,136.0,0.462585,1,2,208
2025-05-11 15:49:37,94ef35740adf6cb726a77f7534a91da2adac6bd9cf3ad41d2d5bcc48dd506820,896276,294.0,136.0,0.462585,1,2,207
2025-05-11 15:49:37,e6d8570055ac723a6e372c50b5929b1902c8a5618820ad45b70501f83ac0e30e,896276,294.0,136.0,0.462585,1,2,207
2025-05-11 15:49:37,d02e3d3cefdb2173e1f5bc8ce7e79cba072592cecad08a7f849147aadd9b1d02,896276,102941.0,122.0,0.001185,1,1,194
2025-05-13 04:23:38,942dc0c617a326f7e846c945a056056ce0a7dc290a86058aba155df854363b85,896497,23758.0,171.0,0.007198,1,2,205
2025-05-13 04:23:38,16a4995caea92fddb832363340fe8d1d2b60f4dd69bf7bce1cc10a8c0dea60b3,896497,23929.0,171.0,0.007146,1,2,205
2025-05-13 04:23:38,af810bd5c54f8fd42ee7cdc77b81ec530d0603249397d5cd45425af55b796aa6,896497,24100.0,171.0,0.007095,1,2,205
2025-05-13 04:23:38,49f6904e25ee2afc7754c14b81e9a6f2843ae547fd3aef00ff34558f1681c2cd,896497,24271.0,171.0,0.007045,1,2,205
2025-05-13 04:23:38,fce9bedca05956d74a995ce2393ce016bd4490a0af0a3ed2ff28e1f700419e00,896497,24442.0,171.0,0.006996,1,2,205
2025-05-13 04:23:38,1ae63764c518ceb7638c50370c177654c34084f34f15f50306b53f076ca2e927,896497,24613.0,171.0,0.006948,1,2,205
2025-05-13 04:23:38,ed063b7674b4c6a1bb5d57a2d7349f9ceaba959b4a827e74e7b69b18ef7119dd,896497,24784.0,171.0,0.0069,1,2,205
2025-05-13 04:23:38,1b450d18ecba902cebb552a58199fd2153f28abb5e5f37e33de9b76c4a37a6cb,896497,24955.0,171.0,0.006852,1,2,205
2025-05-13 04:23:38,bac55eaf535ea9d36855c20de3c183e6e3b32200a4dd86d5b3e028a44033d6ad,896497,25126.0,171.0,0.006806,1,2,205
2025-05-13 04:23:38,ace1a22b126afe59c31f0bc75faad343a9f60ef3abfb098aa0faab752a239f06,896497,25297.0,171.0,0.00676,1,2,205
2025-05-13 04:23:38,c916c9733cd151560dc54297a25cb83300ae8eb88ceb3a5133208a9959ac95ad,896497,25468.0,171.0,0.006714,1,2,205
2025-05-13 04:23:38,f04cb59d5030b2b9c90b2d4babbdfb1bc203b8dbfbaf55128ba09033ae7abd36,896497,25639.0,171.0,0.00667,1,2,205
2025-05-13 04:23:38,432be6986d82a2ec86233f0307c7fa6618e2188b1154f33bd1770f1576ccf609,896497,25810.0,171.0,0.006625,1,2,205
2025-05-13 04:23:38,6dbe27bfa7189a084243653533f2fb0c24bec9d02c5d7dbce3c2e2d48e58f5ed,896497,25981.0,171.0,0.006582,1,2,205
2025-05-13 04:23:38,5c7ceea12527307f5697fdbfc86c033fb17d4cadbdc052909f8aa350589e8652,896497,26152.0,171.0,0.006539,1,2,205
2025-05-13 04:23:38,49b385cdd4dd3353defabd4254bd6a1b1d4628e42a0422ec4704f94a033b45a5,896497,26323.0,171.0,0.006496,1,2,205
2025-05-13 04:23:38,a61c49b946b87fad94aa688af3369e88a521565a5c74ad40fa3383da8249bb7a,896497,26494.0,171.0,0.006454,1,2,205
2025-05-13 04:23:38,192673036e6540ee3f4de27be77080a8652dc7f34fd7a9050e2ff152f42e139f,896497,26665.0,171.0,0.006413,1,2,205
2025-05-13 04:23:38,9683c105a5ce256c2ba0f292ba49288f342b7e199762e7e473f17bdcfd111bef,896497,26836.0,171.0,0.006372,1,2,205
2025-05-13 04:23:38,6c28d00a005504c9defa00600f0478286f009cee909a8c395a9dca1609edec13,896497,27007.0,171.0,0.006332,1,2,205
2025-05-13 04:23:38,e7e7200c60a7daa626a23894655b224fd4ae3d3961222ad2ccd52fd1b19d86a1,896497,27178.0,170.0,0.006255,1,2,205
2025-05-13 04:23:38,41bdefefdd09e9c3dd796eb3d36b6976a8e8e0520d5060314d2e81d28d966de5,896497,40782.0,219.0,0.00537,1,3,248
2025-05-13 04:23:38,b0c795e984380f280a24aeaab0a10709cafddd56f96dabd8946b096b7d2002c6,896497,41001.0,171.0,0.004171,1,2,205
2025-05-13 04:23:38,af948a268c40cbf230993d56be54b34256fd7631bbded6a1db636b0c61d94dd5,896497,41172.0,171.0,0.004153,1,2,205
2025-05-13 04:23:38,8302d4e9f175258c5b8ea33753b34b10f9a8ead41470f819c236150f6c7864cb,896497,41343.0,171.0,0.004136,1,2,205
2025-05-13 04:23:38,6b6455e7ce1444d4a61d7fd330274cfbb229d8a58b8f09d9d1d40364b2f15e41,896497,41514.0,171.0,0.004119,1,2,205
2025-05-13 04:23:38,1137b52535c3ef305162b7ef3f41f048d89085f5236a8dcb696098f985bb64da,896497,41685.0,171.0,0.004102,1,2,205
2025-05-13 04:23:38,0173115f6fb0806c2538ab46e7f15fcd2f63d1de11fe7e9403341801c805f8b7,896497,41856.0,171.0,0.004085,1,2,205
2025-05-13 04:23:38,32b7bacd759e2bbe0ee89779b48be4f20c222e5e84cee9e94a8c84e47c675ba6,896497,42027.0,171.0,0.004069,1,2,205
2025-05-13 04:23:38,0dc1dbd143dd0447435088e5df36fc003bc639ee21f79045fb41f30093e704ec,896497,42198.0,171.0,0.004052,1,2,205
2025-05-13 04:23:38,84ccfd8df82d52372d0049efc419f15da6762e0da69096b13bd4446f80679703,896497,42369.0,171.0,0.004036,1,2,205
2025-05-13 04:23:38,e0f012fef3a3b831492d3871fc858d14dec30f891c5136bbcd3d9b05341d28e2,896497,42540.0,171.0,0.00402,1,2,205
2025-05-13 04:23:38,bb669e01eb51c3ab1422f353cdfc148dfd3ed3c0371680dee36fbefe09ddc689,896497,42711.0,171.0,0.004004,1,2,205
2025-05-13 04:23:38,2d6ef29d4a91f89b9c130306f1564d2956d0ca9b3eac57757eb714231ced3bad,896497,42882.0,171.0,0.003988,1,2,205
2025-05-13 04:23:38,06facca03f1028c003e7a3ffdf689fa12cc5d30ddd51b0cebfc9ba55fc3eda28,896497,43053.0,171.0,0.003972,1,2,205
2025-05-13 04:23:38,980879793e4f617c568c3c1b0d874d39f3d10da9c74d0cc3817f89aea4f7cce2,896497,43224.0,171.0,0.003956,1,2,205
2025-05-13 04:23:38,3883732d0f0e290e1882487c10d869ac41ae9abaa8a048fa38002f255345bf8f,896497,43395.0,171.0,0.003941,1,2,205
2025-05-13 04:23:38,934cb7f31fb8cd14b0290ecad426e48189e6d3d2bd2dd38a539f3852761daba8,896497,43566.0,171.0,0.003925,1,2,205
2025-05-13 04:23:38,e911d5d5ccb3a3b80c9a65e87d9d25782835f80c34cee1904472795de22b7e25,896497,43737.0,171.0,0.00391,1,2,205
2025-05-13 04:23:38,8a8a9a76e4fd1d489f896980833b5b951373dd1885e323e1559cd1885cac5445,896497,43908.0,171.0,0.003895,1,2,205
2025-05-13 04:23:38,41fe1de0a23c51c608f03faaf41cc721b0616eab94f975fa4c88c9ebcef958b5,896497,44079.0,171.0,0.003879,1,2,205
2025-05-13 04:23:38,f18064865f957d7027b64ef459823e878db1e9234eb112f7ca595d10a2fb4c19,896497,44250.0,171.0,0.003864,1,2,205
2025-05-13 04:23:38,d874cf8b88e811fe1eb2f67d250907e20d6f668fc3cfc95b3f298e245d80a2a3,896497,44421.0,171.0,0.00385,1,2,205
2025-05-13 04:23:38,60b68e78ebe1d9a70939e1bc889c930a1a4c5a29ea8ff9acf99be1cce9d6ffb9,896497,44592.0,171.0,0.003835,1,2,205
2025-05-13 04:23:38,916cb1b2fdfc1eae6e4fdac84678b9ce64bbe638eb88808f3e91407a02a1ea9a,896497,44763.0,171.0,0.00382,1,2,205
2025-05-13 04:23:38,131e68ff93659f507b4e0b12726e03cfe3da4032e182173fe9f782f638cbd406,896497,44934.0,170.0,0.003783,1,2,205
2025-05-13 04:23:38,9ac516cc5972e0f4cd2150cb4ea1f0ec54bbd473ba48d10abe2ca0ed623b570c,896497,41026.0,219.0,0.005338,1,3,248
2025-05-13 04:23:38,b73f59b698b3ccedf5b9856dd806356a753f5220d5c051d9d986f633e83b2099,896497,41245.0,171.0,0.004146,1,2,205
2025-05-13 04:23:38,1d55ff0510215c219b74eba853b70b1964fb29f214cf92ed1bada8329f8ea0c5,896497,41416.0,171.0,0.004129,1,2,205
2025-05-13 04:23:38,bfcd3770d82fee76717ef1145f2925770ac34d3272a02bbec5c013b86c78f489,896497,41587.0,171.0,0.004112,1,2,205
2025-05-13 04:23:38,a7337338e7b3f39e53bf635b3aba8e434830c5fb218ad0e7bbc76c1a46776657,896497,41758.0,171.0,0.004095,1,2,205
2025-05-13 04:23:38,201240cd3a70776a9f67c99f127e7c7dd0bc6a687ed1e69ec1e73898b450dd03,896497,41929.0,171.0,0.004078,1,2,205
2025-05-13 04:23:38,f20af86a76cd94613a475b5ce362c9fafc7a38079f8f2fbacd07b2da3896fc47,896497,42100.0,171.0,0.004062,1,2,205
2025-05-13 04:23:38,597be58fce9f35fd616b9a53b847bdd095ca66087b54bae8441b47e8c45c6838,896497,42271.0,171.0,0.004045,1,2,205
2025-05-13 04:23:38,591543eab9dde0bc1864328d600a2df22892c9367a4056f2ecddc9e31a6d8b13,896497,42442.0,171.0,0.004029,1,2,205
2025-05-13 04:23:38,2277dc3fd84cda1ab482e72a8af1b3fafe471f97d247c99e601e725de3aea079,896497,42613.0,171.0,0.004013,1,2,205
2025-05-13 04:23:38,569340696be15fcaaaaeac579c327de149bb6f66bf96573b1bd13f5bef9c795e,896497,42784.0,171.0,0.003997,1,2,205
2025-05-13 04:23:38,f2f46c62afc4923982f41ca14217f4e6cfde7b6484fb4e4d060fd29a96679053,896497,42955.0,171.0,0.003981,1,2,205
2025-05-13 04:23:38,520b713fe167714ffe8b5cf902aa2334b3426b125aae513dd148f9ea9312a199,896497,43126.0,171.0,0.003965,1,2,205
2025-05-13 04:23:38,ff680384f8f52d7fa47fac0c315cbd5c0b79fcc2a2f105080a36a0f87ee5c8ee,896497,43297.0,171.0,0.003949,1,2,205
2025-05-13 04:23:38,2f4a822ba08f7e3fb998eea5d450f9ef3ce044d358d9787a516a9cfc529a5cc3,896497,43468.0,171.0,0.003934,1,2,205
2025-05-13 04:23:38,ccafb386e5934bc72a3b8d077f29092764e8d90693df3e482ecd5a6f7f15ab9b,896497,43639.0,171.0,0.003919,1,2,205
2025-05-13 04:23:38,114a1bf9c75b48b48ef4690ad4b66c6820a201b4af235dec715429a8132da68a,896497,43810.0,171.0,0.003903,1,2,205
2025-05-13 04:23:38,b2a1199f791bad7d1c299c87a3052c7ab469d1db87b2dcbf2429173fa4fe00a1,896497,43981.0,171.0,0.003888,1,2,205
2025-05-13 04:23:38,1693cc6301569a03dcaab53db5effb7af506612b5a75b639fd3dbad0aa9c4c13,896497,44152.0,171.0,0.003873,1,2,205
2025-05-13 04:23:38,40c1e61299fb9d6b9a7639b14421ad38ecc4218286064fe7fab1522554e8aeca,896497,44323.0,171.0,0.003858,1,2,205
2025-05-13 04:23:38,38b9e875f933f65837f61713a0f99e7c6d60157cdbb63b2937c18d2d0ce915bd,896497,44494.0,171.0,0.003843,1,2,205
2025-05-13 04:23:38,d483571816377705c13bb59dc8c735a1527d7244c91c8556dd91ba4dbeb2c98d,896497,44665.0,171.0,0.003829,1,2,205
2025-05-13 04:23:38,dff3c0336c1e1b0905e0e5b55227bdd03e6062a468aa82752c03dad19d0b8475,896497,44836.0,171.0,0.003814,1,2,205
2025-05-13 04:23:38,386c1e241d0e6fc9d4b1a6ac8c01d5ada9a4a5dce9bddc63d497940e4c16e90b,896497,45007.0,171.0,0.003799,1,2,205
2025-05-13 04:23:38,ff073768040e08e97a39233efd00bda265c2caccdf38fd118b537c9e502c8940,896497,45178.0,170.0,0.003763,1,2,205
2025-05-13 04:23:38,5af057053999e08245f21124ba5f1c00d7786635223f910572fb307af4f15570,896497,330.0,157.0,0.475758,1,2,207
2025-05-13 04:23:38,f4f07ee5ad5249f44031bc3de627a5590424e5893fdff85669fb4f612d2b42a0,896497,36733.0,141.0,0.003839,1,2,223
2025-05-13 04:23:38,051711e1555a85b57b29098309a54ec7ac30184cc36147e4aba88b9f0dad7e58,896497,330.0,157.0,0.475758,1,2,207
2025-05-13 04:23:38,4cc886dc42bd7e69515c6ba6c969c021365cd5222299a9f23bf8ba677544039c,896497,48235.0,141.0,0.002923,1,2,223
2025-05-13 04:23:38,31afa3cb8abe63248f1797667a2030d4fa4c42231b6689cd7712e6d867680f11,896497,330.0,157.0,0.475758,1,2,207
2025-05-13 04:23:38,5703d9e045582f2aec22f39b06369509db1fc32dfd2a76169f9608d4a47c1c0d,896497,18345.0,141.0,0.007686,1,2,222
2025-05-13 04:23:38,7b9f161255eae1662873ce82baed23075eb1b7af2aae7919fcf6cf04510e6b38,896497,110662.0,394.0,0.00356,3,5,564
2025-05-13 04:23:38,1c3672f58842a7d37ec83ccde275b8be915d8829efbdb83ea83728af8c49ac9c,896497,330.0,157.0,0.475758,1,2,208
2025-05-13 04:23:38,c2eaee5073ba34feca46aa6c736cbe0b2c766f369a7f781e61a0cd06375df846,896497,52505.0,141.0,0.002685,1,2,221
2025-05-13 04:23:38,7ecd310ff1172028d6252f77275ce4734e13dabc2a3ab169078883bcc13951f5,896497,157758.0,221.0,0.001401,1,3,248
2025-05-13 04:23:38,630fb8e0f1cd0fe25930747f6462a3c6af0833441283ea79a0e80440dab150ef,896497,157927.0,221.0,0.001399,1,3,248
2025-05-13 04:23:38,35440dac02ffdb506403090aeab403931c28574df7ff6b2d63177c90103725bd,896497,54290.0,221.0,0.004071,1,3,248
2025-05-13 04:23:38,2833988af955bdce99ddc3dd4107e955c607ea9570e36939609e97e2560092ac,896497,158033.0,221.0,0.001398,1,3,248
2025-05-13 04:23:38,73ab59366446b77a1497c43d57e2f6c764b728eb1fff36d0683b21e89c2f4081,896497,155713.0,221.0,0.001419,1,3,248
2025-05-13 04:23:38,910f3493cd3691b0b15bbc8f5acce87ec5944d0345fc4166ff52cd718d8d205f,896497,975572.0,221.0,0.000227,1,3,248
2025-05-13 04:23:38,bfe6336db83025074c040e98e8c1fe3514156c262393ee6124c1920673d5be17,896497,22458.0,112.0,0.004987,1,1,150
2025-05-13 04:23:38,eea347ae3f7287969b8d3ac091341cff4926c20f940728301f74c2a53f786f5e,896497,60701.0,352.0,0.005799,2,5,443
2025-05-13 04:23:38,62feffa31a79cf4d04450cd5cc2f652f8d1b580384c02e649d908853a62ddb7a,896497,131646.0,1225.0,0.009305,7,1,1079
2025-05-13 04:23:38,0e8e7ce245f28540ada8122c79b16e4c11aa5d6dd649e6fcd8c7ebb2e1255bef,896497,194386.0,290.0,0.001492,2,3,356
2025-05-13 04:23:38,2829d988873a35c56462dceadc37d6d867ca23ec0eaebe8034f93ac45f04a8ee,896497,2355.0,375.0,0.159236,5,1,578
2025-05-13 04:23:38,1ae79e479601a4b045cc83c8264e0835209bc43949efb7e67c53718f38c33fd9,896497,2355.0,375.0,0.159236,5,1,578
2025-05-13 04:23:38,212a8b5fd5ec5d6a13fc6f53dc89e500a2bac224188fb3dbdd5bd457516ca655,896497,2355.0,375.0,0.159236,5,1,578
2025-05-13 04:23:38,3cab65b163efdef94a9a2444cbf86545fbec0dc630e54078353c20fd5a218c3f,896497,2355.0,375.0,0.159236,5,1,578
2025-05-13 04:23:38,63727782191f6db666dc47f97897b7b0a6ba6ee215cade1ca8fdd6d08bc28037,896497,2355.0,375.0,0.159236,5,1,578
2025-05-13 04:23:38,958e61932713ec9a3ac1efa33f608d6fde3ab5bf801853aa033dc51f1eb27524,896497,2355.0,375.0,0.159236,5,1,578
2025-05-13 04:23:38,3314599228b8deb5745d4fc1a480955158e1abc0815e45e8e8b0160efcbc351e,896497,2355.0,375.0,0.159236,5,1,578
2025-05-13 04:23:38,a167620b7bfa1e8490e4b1420fc824dbe1aa5a7ef752e107cf017ab5dac73c0a,896497,2355.0,375.0,0.159236,5,1,578
2025-05-13 04:23:38,933f5191d4eeb776ad14ff96fcd17410c3f84ab9e489c21579d1dda399db24f7,896497,2526988.0,179.0,7.1e-05,1,2,234
2025-05-13 04:23:38,8ec37c41b4c9473c24c3bd8cc78dfb31785f4524bf1bea171380b66f531c20b9,896497,1999821.0,179.0,9e-05,1,2,234
2025-05-13 04:23:38,01599c8d0364afd7b4d32475d3b9218b2fb1d49f85d17dba0bda91131dd7c123,896497,115534.0,1243.0,0.010759,1,1,195
2025-05-13 04:23:38,1ed9f8cbc4fa85499c7e81f27629f79f81bab0311a43e93d35d629161f2d0e23,896497,693626.0,1958.0,0.002823,2,1,341
2025-05-13 04:23:38,da95f567ef2590eafb4c510ae6f1374277191d0bb3794f9013b1253cfab8ae20,896497,2954713.0,1958.0,0.000663,2,1,340
2025-05-13 04:23:38,8c7ccb8efe80808a62c1753469abd4984bb82a414ca39fab8fcb7dd736c14220,896497,95157.0,1243.0,0.013063,1,1,194
2025-05-13 04:23:38,e29e161472d88a852d8f108b6755984df5ffeda1734c2ad352b7dcd04eaadb1e,896497,133880.0,1243.0,0.009284,1,1,195
2025-05-13 04:23:38,6bb3759980492e9a9bd50fa6c4ebc101d65f02a8793946d293072a4dc34ad116,896497,940559.0,1584.0,0.001684,1,2,226
2025-05-13 04:23:38,741926f9dbd98285f30bc2d0861a713059c400a109c4be919f0a4fab94904f14,896497,89790.0,1210.0,0.013476,1,1,192
2025-05-13 04:23:38,bf579888422e175b6d7d0f2207de0476a53ee721863d152d008f904a7b222114,896497,258790.0,1210.0,0.004676,1,1,192
2025-05-13 04:23:38,aaa7c85ff985dd4a431064455ab1015658179cd27608c819a308401fe9312b10,896497,138536.0,1562.0,0.011275,1,2,224
2025-05-13 04:23:38,08d1d30fdf01ecf4d335d1c0e371ad618287ad2fb2ee726ca9b4dcbea53d2e0e,896497,52927.0,1210.0,0.022862,1,1,191
2025-05-13 04:23:38,d07b437bc8346bfd9e7631e19934339bd92a181512e7a9573b34278a47b7300d,896497,86609.0,1551.0,0.017908,1,2,222
2025-05-13 04:23:38,c25acc9b30bf939ef1620e9f42f0a15d238018b8ecc33fe8cc2c68f07fa73209,896497,489188.0,1584.0,0.003238,1,2,226
2025-05-13 04:23:38,c140c88c55d1d3704ee2a35a760f84daaeec541b694e35232ec0e5c705bd7f01,896497,4933.0,1243.0,0.251976,1,1,195
2025-05-13 04:23:38,d34904c9cec18699c572b9e71a4a6abae1886d79fc71fcba6bb9d28e31192f01,896497,285103.0,1584.0,0.005556,1,2,226
2025-05-13 04:23:38,b601641d9269c07a72a4cc2b06123b96287e6f2be565b2386c916a7ad6cfc31f,896497,154288.0,7546.0,0.048909,9,2,1411
2025-05-13 04:23:38,7979fa91ef2730570712209e338f89438b83c4c9ad5ea01cbce86d38ec5f7762,896497,5857162.0,7535.0,0.001286,9,2,1411
2025-05-13 04:23:38,4407a9433fa1b268551a253a3ec30e711d80030818e127ef91481529eab273ca,896497,322179.0,5731.0,0.017788,7,1,1086
2025-05-13 04:23:38,c9aee488c4c3740c614473dc733c6607d11031b050471487138a0db898c762fe,896497,55191603.0,7326.0,0.000133,9,1,1390
2025-05-13 04:23:38,93d2a592d7fe320cd211736bac046a63ba3ff5ca69d7c755b301c272b90c6c2a,896497,2686414.0,3586.0,0.001335,2,3,487
2025-05-13 04:23:38,96a7028b265ae820a2162db3ba797b347bde9d3a7b7131dff9de5614d4b412f9,896497,19248642.0,5440.0,0.000283,2,11,655
2025-05-13 04:23:38,7bd51795584914b0f3fc6ed6fbeec687d03a77bfd537cf7edea564f72e31c3c0,896497,116857083.0,1567.0,1.3e-05,1,2,223
2025-05-13 04:23:38,9afba529ca8bf01cfb8eb410497f9d2724c8faaac204b1a3fc3c62158b08754d,896497,15754692.0,49324.0,0.003131,30,1,4469
2025-05-13 04:23:38,eb90d239fb106a2f453dc1d8e22e4f65090d2ebf11e03ac309ccf00ecb785452,896497,675147.0,2838.0,0.004204,3,1,499
2025-05-13 04:23:38,976d4950765489e2f6981f8a26f8e0deb26aedde3fa1d921f8b1565a639ef18b,896497,16687154.0,2343.0,0.00014,2,2,374
2025-05-13 04:23:38,2d063de57259cf3dc26e7eb5fc0c9469664d2e18de2915edda1c6439bcae75bd,896497,15956.0,2310.0,0.144773,2,2,371
2025-05-13 04:23:38,77b65b6f329a9fccb96eda910cc3e7065d068169931f92cb1e4718273cdc9368,896497,6560.0,2299.0,0.350457,2,2,370
2025-05-13 04:23:38,6239227969bfb87cd87f6803d9fdf08082ac12224f505e19281938b2df1a6cc6,896497,455413.0,1991.0,0.004372,2,1,342
2025-05-13 04:23:38,14cfb72a8714317bacb7505e2d268b7914a9c6c434d5dff9bd883940c524440c,896497,39284522.0,1969.0,5e-05,2,1,340
2025-05-13 04:23:38,fb0b6e9aacdc51ae1ef5b5e16ca1674f685b821d1df6b7dd63f333945fdd7ffa,896497,69534.0,1958.0,0.028159,2,1,339
2025-05-13 04:23:38,fca7a8b843c7db901514c286a94ade3062402df3ab721d8a011d9de0623b7de2,896497,116964984.0,1567.0,1.3e-05,1,2,222
2025-05-13 04:23:38,ee21914a30fc72218103095ae15a24feea2a71fb3e3addcb967190a89e6b1c45,896497,22555.0,1584.0,0.070228,1,2,223
2025-05-13 04:23:38,6c9ed90cea79b098dd9cb543d9a03ee16cd28cd51ed2962d2bd0e3c3f4804331,896497,31452.0,1584.0,0.050362,1,2,223
2025-05-13 04:23:38,e534e622a79d7194f37a0e15c39bec2679fd12179e0ba1c949a854d4f81bc4d2,896497,44095426.0,6583.0,0.000149,8,1,1227
2025-05-13 04:23:38,5c5924741af90889833c0b6ff5ed3b4010504340f53ab17220d80d975f78599b,896497,10960.0,1281.0,0.11688,1,1,194
2025-05-13 04:23:38,d9b130ee90f0bad984c34b31f5d754fcb397a0569525390455a058c49a0d1d88,896497,5998.0,1606.0,0.267756,1,2,222
2025-05-13 04:23:38,9a313415cb3bb80336d2e7adb7ac95f5be881b17b1d5270b91ef68c649f6bf7c,896497,13221.0,1289.0,0.097496,1,1,191
2025-05-13 04:23:38,f59bf58796f4a66dc0e233b93925416ad2c77ed4b0d32754f1b2f7829bf0fef2,896497,11043729399.0,3366.0,0.0,1,4,287
2025-05-13 04:23:38,bf927776c63f28705ad14af3b3f028a7ca5fc2f69e9697e08666690f028ca196,896497,161998.0,2091.0,0.012908,2,1,339
2025-05-13 04:23:38,8c75b9d65f2a66c1cb89297c99f0cf4309b4df774060008c3d0dca50b1b6f4ba,896497,39786103.0,7809.0,0.000196,1,18,742
2025-05-13 04:23:38,4fed5c3747a8e939f788f3b89e615dbb30a3afc087a3805bfe84b6371baa0c56,896497,43529046053.0,24423.0,1e-06,1,61,2064
2025-05-13 04:23:38,9355c96edd59fdf6a54a99b8a2778fa4f9cf8236087aa480b452f94b6a5d0721,896497,98371218.0,9561.0,9.7e-05,1,23,890
2025-05-13 04:23:38,1114340ac165c05f94f14909e4e326818118c0caa250a38b041ba4bcc5429461,896497,11989788.0,10212.0,0.000852,1,24,944
2025-05-13 04:23:38,0e89ab49e68c1d389c54713e6892808f6e7939a55e172b13ec2872dbadede8d6,896497,5871377.0,8094.0,0.001379,1,18,766
2025-05-13 04:23:38,e67c6869c596695d05ad5628a6dc2772a23da99768afc1214489dcbf137169c7,896497,23174671.0,10508.0,0.000453,1,25,969
2025-05-13 04:23:38,1db0eb132407881d58a6199132ef8a14e261b79f856af37eed287f1dbd431db9,896497,17398572.0,7337.0,0.000422,1,17,702
2025-05-13 04:23:38,da4f4b8f067844f355353a1467f0ec0b2fbb2943c527933a36178e65a58717e1,896497,11982040.0,10460.0,0.000873,1,23,883
2025-05-13 04:23:38,53fec0e4f1c767dcf0198cfe5c15b6b3e29bdf3abc08993192a29198a4953c31,896497,2998008.0,1992.0,0.000664,1,2,249
2025-05-13 04:23:38,46fab9ec057494395bc5246d9fe6ed8461af3ab2c2612b7868e49709550dc334,896497,324909747.0,3751.0,1.2e-05,1,5,316
2025-05-13 04:23:38,d4a6b9f693fe242a9a597f785b500a919b3031086833e870de11ab7143cb60ea,896497,28828.0,1313.0,0.045546,1,1,191
2025-05-13 04:23:38,919c7a68d58ac9d96ff0287f0de7ce37bd724a045a5a41e402a6ad7ae0a1b2ab,896497,1100253.0,12492.0,0.011354,11,1,1934
2025-05-13 04:23:38,8801d1bf7eb5fe9ca093ddbf75407384acbdfc713946cef0759f66d597a6044a,896497,1995605.0,4842.0,0.002426,1,10,449
2025-05-13 04:23:38,a29e666218c7590a3796736dee7c2ad8420a42e0fdd29f383f9945880cf4b9ee,896497,128401.0,2183.0,0.017001,2,1,339
2025-05-13 04:23:38,7dbabf35e1516838ba7e14b51da68c2a2d63d1d2bea3c5ab29f4e183d6a70071,896497,2446484.0,3913.0,0.001599,3,1,556
2025-05-13 04:23:38,66d5aad02e8e90c56a1e397ce96f3a9c166c70f60e3414bbab69c4ad1770a2a5,896497,8604466.0,4637.0,0.000539,3,3,609
2025-05-13 04:23:38,179fe943352e6f19b4e59854c8ebec164a643b3aa7af87a1584334453acb62e6,896497,436906.0,1394.0,0.003191,1,1,191
2025-05-13 04:23:38,7b16b5929f31c45ecfb6fd96a0df3cf8b5b01f4ffd98cf066c2ee7703bd1fccd,896497,968137.0,1396.0,0.001442,1,1,192
2025-05-13 04:23:38,b2c4ab9a9cede1f0a7de062faabe324e1b618ce6b731354d19092a2a273021f5,896497,49945.0,1820.0,0.03644,1,2,223
2025-05-13 04:23:38,9ca8bf225c62fb14328b035bfa482ba685567965f73e0ef836b3a83c78bbdc50,896497,303362.0,1846.0,0.006085,1,2,225
2025-05-13 04:23:38,7ea257da03b5b5af743115b27a39c457defb80ea3e06445af7886da259d258c9,896497,6076723707.0,5512.0,1e-06,1,11,506
2025-05-13 04:23:38,af4a795b9ec3c2a8712c9dd4b7fc98018056e2cfe7ac51f14ef8d47d7ca1199a,896497,11278980.0,2691.0,0.000239,1,4,289
2025-05-13 04:23:38,93f6997fd16c1446c59941841e8b7555724cfdcbfd9c7cd462bd3ee55d097a98,896497,7119129.0,1833.0,0.000257,1,2,223
2025-05-13 04:23:38,98aa59978773bea43f1019e44673590f7294a877f5a77555b4606d2dae422a69,896497,203210.0,1833.0,0.00902,1,2,223
2025-05-13 04:23:38,5cceb1ce64c9722dbaf1e54fcc88664038da9b04a6168bd3104d4376b744c25b,896497,283526.0,1846.0,0.006511,1,2,224
2025-05-13 04:23:38,f17ababef35147a14a92a160e6539ab8a07b3eb8104f8af685e636f534cb5256,896497,315457.0,1989.0,0.006305,1,2,234
2025-05-13 04:23:38,973801026d0bb6667471a4f93b2432d940929dbb346bc8b4eb3f2e20a1da692e,896497,44760697.0,4563.0,0.000102,1,8,433
2025-05-13 04:23:38,ef2e39625d4001dd8058c58659f5f5b5a00dce6a212ef09198da69f55f28752a,896497,287104968.0,4732.0,1.6e-05,1,9,445
2025-05-13 04:23:38,a0f0105ae080dedbe5319502dea744b9d9c076b80b8ec2285650a9595fb2d905,896497,12878.0,1846.0,0.143345,1,2,223
2025-05-13 04:23:38,cddafae48f9a5ed748a8e3573350589bb7507e2826dca994d582c3c594a1ce05,896497,18293205.0,5720.0,0.000313,1,11,522
2025-05-13 04:23:38,a71d0f3a5858be8ed8f9b64f73705d57e45355150ec750fede90c9c1861ec072,896497,2003803.0,2938.0,0.001466,1,2,223
2025-05-13 04:23:38,c63de0a0e54cda1b2289196ed474a6c722b3fa8013eed889d71433bc3da83990,896497,3122932.0,3056.0,0.000979,1,2,225
2025-05-13 04:23:38,0d17e3d076c7f406ebcb6ab7ac430c3a3619a66116531a632583480acd178726,896497,31194509.0,3302.0,0.000106,1,4,321
2025-05-13 04:23:38,296e99960c1b27e1a75ed2decbcc6e2e0166c974288fc953370eb13d1ac3a9eb,896497,2569866.0,2125.0,0.000827,1,2,234
2025-05-13 04:23:38,3a22e080ffa55099318a5f3f2a5839d2d1293ec8be6a7c6e684e02433e7ab8c9,896497,1460699.0,2688.0,0.00184,1,1,192
2025-05-13 04:23:38,3d829f2d6bad07e9f92d09c7ad67b3110f9ab58146b6fa555f0547ac4378b5fc,896497,2611538.0,2368.0,0.000907,1,2,247
2025-05-13 04:23:38,c58d220152086d7edc00a73bfad38ae59a9c2974d7c5d6db3dee8d4d96d83f0f,896497,6055640.0,3948.0,0.000652,2,3,436
2025-05-13 04:23:38,01cef0c159789630a75393f5f5a2e279565e9721847d60c035a1be88f191ef4e,896497,66394.0,1606.0,0.024189,1,1,193
2025-05-13 04:23:38,790a6cbedd743345fae28f6605a2eeb45b71a4a58208afb64d0b0a53f899a524,896497,70759.0,4815.0,0.068048,2,5,421
2025-05-13 04:23:38,fc3c08aac143aeca3adc8f289ddaa4f71994e76382fff99dd3a3512a6724e0d3,896497,458859.0,2125.0,0.004631,1,2,223
2025-05-13 04:23:38,d826ef4771ea3fcfe1b539793015a3cd30f153b018d88fbd0ffdbecd012ef5f8,896497,95520772.0,1500.0,1.6e-05,1,1,150
2025-05-13 04:23:38,4008f8266e61c909e9c734b061a80655b933642bae4890e553f9962edc8030ea,896497,71770720.0,1500.0,2.1e-05,1,1,150
2025-05-13 04:23:38,6916af36a04256c87ef59efee66c386c3746283107e585c67355ba58e021d5ef,896497,3105.0,1895.0,0.610306,1,2,176
2025-05-13 04:23:38,fa60cf006bad571dc431f9ac92072de382a7c1c6b799d60d2ec5b66130c2f6f4,896497,14120.0,3247.0,0.229958,1,1,189
2025-05-13 04:23:38,34b94cd59eda415821b0aaadea2c966bee94b235c69c640d312ef1b20d6812b3,896497,27367.0,3247.0,0.118647,1,2,223
2025-05-13 04:23:38,f313380b8b7b5650fb421ca175310a89761a0ae10d8e7f35a211ee97acc2f3e0,896497,40614.0,3247.0,0.079948,1,2,223
2025-05-13 04:23:38,a2e5f78485330fae91461a468be3943e390e4da6a0dede2472f23a021e337626,896497,155508236.0,4143.0,2.7e-05,1,6,348
2025-05-13 04:23:38,e68c01afa5fb4bca49acfe7b278674c8f18f902950a138c2989c26a8b0b42e97,896497,98777322.0,3703.0,3.7e-05,1,5,319
2025-05-13 04:23:38,83878bb33962bcd962b4c338d18c2517630c734cc6fd449649503b6531c3094f,896497,75229256.0,3263.0,4.3e-05,1,4,288
2025-05-13 04:23:38,72ddb9ccc3198388e9eb7fdabfc9e058fd3967126f7ea42772d9702bfdc2ee0b,896497,643180341.0,2314.0,4e-06,1,2,226
2025-05-13 04:23:38,eaae17cfaecc7032af45982852768d520a70317cc772525fb303b0768b8f2eeb,896497,900906515.0,2282.0,3e-06,1,2,224
2025-05-13 04:23:38,31f756fea935343eacceaa76d5949b4186afa3d38150d68ff02f12f59ad86d83,896497,1541921.0,2270.0,0.001472,1,2,222
2025-05-13 04:23:38,ab0181438e8861bd1e62b99be9e95e6afcb771346004f70d51f7e656b4208316,896497,699005.0,4460.0,0.00638,3,2,518
2025-05-13 04:23:38,b95eef56e405b6f2d726f190a9c0a614d8348609b172a7f32351427daed4e0a8,896497,1161433.0,2270.0,0.001954,1,2,222
2025-05-13 04:23:38,0dff67e6cc91793c5ab29a60a072956b5ac52869f8bb79f6ba546169b6f01597,896497,1696829.0,2270.0,0.001338,1,2,222
2025-05-13 04:23:38,46085e15ce5141055d2858d08428adcc302397afeb015b98e51247ab85eda503,896497,347126.0,2874.0,0.008279,2,1,340
2025-05-13 04:23:38,92a0ad44f3cfa4b8d34366e44cc7678a9c19b3e8fade7acd2171dd1eb6ac0d3b,896497,154994.0,2866.0,0.018491,2,1,339
2025-05-13 04:23:38,848334772a160b473e2c05c2f5c282125230d5f1ab23c7d0bc6a5955e9b78401,896497,532800.0,2300.0,0.004317,1,2,222
2025-05-13 04:23:38,3247e6fba6f6bc34ebd4732e73292ccdffdd7001cc4b1283c4dc030a57a6e1ea,896497,87582867.0,2823.0,3.2e-05,1,3,255
2025-05-13 04:23:38,cbf5da3cc82c46c2074b7b3bf798b3333b74431f56a55fe6236bdd431964cb67,896497,98426690.0,2823.0,2.9e-05,1,3,253
2025-05-13 04:23:38,12485b9395c817c38dfa875177ea4357d7cbf8ab470486fbf513f39c272bd07b,896497,1026400.0,4552.0,0.004435,3,2,518
2025-05-13 04:23:38,39de8bc394ec5f9a0f29e8cc5205fc8563bdb2a5f9973aeee039b63f34abe360,896497,110491655.0,4560.0,4.1e-05,1,4,357
2025-05-17 10:07:32,a1f1e7c27369578bf9658439080f90942549b95e755925eaa6fa2df78d9a6fcd,897085,976055.0,1218.0,0.001248,3,2,531
2025-05-17 10:07:32,bf319de17c1185d001ba6ae8d4536bea8e6a9a7f039c9c1962e4d8967cd37753,897085,4753123.0,517.0,0.000109,1,1,203
2025-05-17 10:07:32,8ae7f7137ce68a35d09f1041d5b5f2111578223f552a8a12d9e7987fcae432b6,897085,370998.0,2102.0,0.005666,5,1,898
2025-05-17 10:07:32,a811a5100608c8a35e09bf75e674edc7d7c42ef1a9d82c2ddd524d161a9a39e2,897085,223765.0,564.0,0.002521,1,1,215
2025-05-17 10:07:32,22233842894d00ebd6e78a162ee40b767896086a1c0d28eede7b8f475d377d70,897085,524550.0,564.0,0.001075,1,1,215
2025-05-17 10:07:32,7e06395759ef12ceb99fb22e8ca6bc136feed0cbf27c450076a1b9741876bdea,897085,330.0,587.0,1.778788,1,1,304
2025-05-17 10:07:32,b77c0193b7bfab2a0465cffcef7c40b7b055bfc7d0813788be37a073987430bb,897085,330.0,587.0,1.778788,1,1,304
2025-05-17 10:07:32,b9eedee31705445d07310c977cd54fa10bd257d0d802e851fcc2184bc43fd590,897085,330.0,587.0,1.778788,1,1,304
2025-05-17 10:07:32,8c3c0aa1fb5aba80393bb5095de3c31d881837f797451796daa2f6a6733e5887,897085,330.0,587.0,1.778788,1,1,304
2025-05-17 10:07:32,ef80e2c026514d7f53501cf834d10cef254e59f5453f16e009660868509c5d6f,897085,330.0,587.0,1.778788,1,1,304
2025-05-17 10:07:32,0a111f73e650cc44ce200de526dfa47499a80c0b1e978d2f7f3f0701c18db65e,897085,330.0,587.0,1.778788,1,1,304
2025-05-17 10:07:32,ca26b89609d29999b83b82b4061101894c4c872f017b095e68236092f310960e,897085,330.0,587.0,1.778788,1,1,304
2025-05-17 10:07:32,e8eba88617e9538774c3d2dbd71904fd6041f2daabf1048899a3e5dea642d94b,897085,623995.0,1745.0,0.002796,1,8,492
2025-05-17 10:07:32,7e4bd87104966cef15943dbcfcd90f0dd7be10476e78e6ffad33b81f7a6c716d,897085,361946.0,608.0,0.00168,1,2,224
2025-05-17 10:07:32,4bba700a95b08d399ac8c5571c35c0e3e4ac335cbd70b97f93a991a33e7d720e,897085,416000.0,600.0,0.001442,1,2,222
2025-05-17 10:07:32,601303cb47e1790a3d688b487cf8a8c0cb7e0090ce01d84fb1c8ce381cc0f0b9,897085,101984032.0,579.0,6e-06,1,2,187
2025-05-17 10:07:32,3de48ec203ecaf9dffea9f64196be673e32262791bca01c0b8b79eafea54d152,897085,252233816.0,4828.0,1.9e-05,12,1,2105
2025-05-17 10:07:32,31ac5aecbbd809286ec7a08c344a10366a8faa92b0d5bc2dcce87e461297608d,897085,1107310.0,708.0,0.000639,1,2,248
2025-05-17 10:07:32,dc3a306662ae6f51eab2162fa4d08f414a7c10bf372966ac0ae8d63e7f6b1ebd,897085,1261623.0,654.0,0.000518,1,2,234
2025-05-17 10:07:32,5a223c18fed0bfdbf4bbe80c7da24e3e9f06f35f6033d8a8c254fb95a7b2de8c,897085,467072.0,706.0,0.001512,1,2,246
2025-05-17 10:07:32,c20a5a5f9f7d638b982710181ce11fb8feb596ddb38b7451628a5aef3ff65ef8,897085,58516.0,604.0,0.010322,1,2,223
2025-05-17 10:07:32,bd14ea7935c76c0dca08ed2af270b70b8761f639c3bafc880695576ab2a3a487,897085,253396.0,604.0,0.002384,1,2,222
2025-05-17 10:07:32,c9830aa9f855fb233646a13e261f1d95c44bb33ecc3c1dbca2f1557b9e850412,897085,133302.0,604.0,0.004531,1,2,222
2025-05-17 10:07:32,26764a40f0a158a395f355412e41dedf8afcfb181170e81a2dd8c78431baa851,897085,17697316.0,18724.0,0.001058,48,1,8226
2025-05-17 10:07:32,45b2ae20a318d11869310b6b46ea9bcc41ed1ae1f7f3d2c920b4c5b75e9adea7,897085,996204.0,2856.0,0.002867,8,1,1229
2025-05-17 10:07:32,bb18b0bcc2b3147d414f6bc2c1db04c2bc92d8ce93a8ce2b90b65f963b84a6e9,897085,12087589.0,1790.0,0.000148,5,2,821
2025-05-17 10:07:32,5b00c7d81ff57f05aeacf3cf39521ddd889b2b4df5ef4e814eaed24014e9e6ba,897085,1304882.0,1400.0,0.001073,3,2,567
2025-05-17 10:07:32,a87be3c687a71c8f6837ead4fd9f3a11a8ec36b6f7a0e0f58da2875f1fd76f3a,897085,3051826.0,1790.0,0.000587,5,2,820
2025-05-17 10:07:32,668d8cfb8e2c813485410b1a536a8889b6cef48ff359c6d6d1e497e2aa0e4c16,897085,1063787.0,2075.0,0.001951,6,2,968
2025-05-17 10:07:32,d97aef68246ec8f44e6ef0b85042fd9e4971717a24a0f05630bfa2539dce9237,897085,92059.0,1659.0,0.018021,5,1,787
2025-05-17 10:07:32,5d4c44f3068afd609b28c4151b52a22ce79df71099b34edf11123785baa173eb,897085,2080912.0,1504.0,0.000723,4,2,672
2025-05-17 10:07:32,c4405e7924565a8bf2b7cbd2be4e9fe9644b54c95100250d6af06cf78d586997,897085,137157.0,2075.0,0.015129,6,2,966
2025-05-17 10:07:32,6e3ef309641b401d0b01f2eede89851670c0fd6997c81c419f9b6947d2776a84,897085,1320741.0,766.0,0.00058,1,2,226
2025-05-17 10:07:32,39d362015be6681ed1eed0526493e1b974a951eea50434c3b81e5413542b32bd,897085,1538982.0,482.0,0.000313,1,2,225
2025-05-17 10:07:32,7c4f011e6e7891e52d06f6cb08a51f80efbdb8e9a64000c028abba6b3cc07565,897085,6168043.0,705.0,0.000114,1,2,222
2025-05-17 10:07:32,2f29254ed933b422553cfcf082a4b2d8770ea04ee42ad462e49ff9bfd115e04c,897085,6241951.0,564.0,9e-05,1,2,222
2025-05-17 10:07:32,293d8faa54596b8e04f445f6ed1dca4c3898eda56298df76b29cc48fc35b3455,897085,6254441.0,564.0,9e-05,1,2,222
2025-05-17 10:07:32,c0b9c82f8dfcff8ca842b93a5598cd58284882096f0fd1e30f44194451c72251,897085,5403790.0,612.0,0.000113,1,2,223
2025-05-17 10:07:32,ffad1ee16877e0cc056e1c078ba2d5417637a4959fd8e2cfb520fdb31f01a6ed,897085,777384.0,1218.0,0.001567,3,2,523
2025-05-17 10:07:32,e33b99e6cdb362201c66667933b88c0383f73dd7f9580217a0d1568b4ffcd7e4,897085,4328101.0,444.0,0.000103,1,1,153
2025-05-17 10:07:32,beb06eb29bbd7d5fb4aa94b7a64106a82890f0532430b7812b788eabe6cfc956,897085,733293.0,672.0,0.000916,1,2,224
2025-05-17 10:07:32,f4a36681065158041a6988230977867fc256bdf8faf86c3533a8206909911ff9,897085,772936.0,564.0,0.00073,1,2,223
2025-05-17 10:07:32,30c6a629fbd4490221dcd6d0429cbbdc6e7113677011afd6362ae2b87d439a41,897085,120760.0,1504.0,0.012454,4,2,667
2025-05-17 10:07:32,3d5fa718aacb2018de6c5bf679f3a27a15cda1d806433f13430841da507bc129,897085,286863.0,1504.0,0.005243,4,2,668
2025-05-17 10:07:32,984f9a3ac493d900afc6541f49b4c8c7ea80c7f226a977fe681a690b549ba934,897085,977936.0,975.0,0.000997,1,2,223
2025-05-17 10:07:32,a7552b917a373810930a6cba6e4506b89bd1b64cb7cd92666a21e19e4a89cd1c,897085,166643.0,975.0,0.005851,1,2,223
2025-05-17 10:07:32,d52c2dd5f2f6268ab49adf31880c79a680ca28ad21f51d04717085fee1d464b4,897085,1009198.0,784.0,0.000777,2,1,341
2025-05-17 10:07:32,fadbf549e893c68a99dd15b05c7d043a346ffea5d64baa0a3309d03cae1f89f5,897085,99499.0,929.0,0.009337,2,2,375
2025-05-17 10:07:32,6f6f690d6750b80868ab3dbb8d64fbf29e51691fbfba3b6e5433c92b258021ed,897085,458049.0,929.0,0.002028,2,2,374
2025-05-17 10:07:32,9bc9e43dc90377b64c24f049d9753a98dcd255b60a2df22e11a587f14624d6e6,897085,54047.0,929.0,0.017189,2,2,374
2025-05-17 10:07:32,0e682b31f7b33fdf17905b2f9c32b3d358fc12e5cece405f77f41be385e8a6d6,897085,249109.0,929.0,0.003729,2,2,374
2025-05-17 10:07:32,dd16718cb030e4132747b937b114676402039e0d70a550877667afc2464b0fb2,897085,121473.0,929.0,0.007648,2,2,375
2025-05-17 10:07:32,d83760e602bde726df90e532865900b2204be648a0111b6755fdf867c65444a9,897085,65530.0,929.0,0.014177,2,2,374
2025-05-17 10:07:32,68a47c0e19ddbeb14d8d42bdefadccb337d3d3576e0b00a5e6ce59216ef224a8,897085,392037.0,929.0,0.00237,2,2,374
2025-05-17 10:07:32,4b9af72dea2acb1a1c1cdcf4a971e1972cbab335a4d147b330e6d87a331ebb9e,897085,51254.0,929.0,0.018125,2,2,375
2025-05-17 10:07:32,31b6e2c7ea7a14653bbe161ef99c782dcf84bc3851574bcc7e62c17d6d80208c,897085,5332983.0,929.0,0.000174,2,2,375
2025-05-17 10:07:32,93cb0718de63ce2972213504508a2d71901e74fba48bc0f943e3b158665e2383,897085,298471.0,929.0,0.003113,2,2,374
2025-05-17 10:07:32,e6326b56c3608ff324e58a05862b66988e0a7dfc56a58029609b2d0ac26cf17e,897085,674774.0,929.0,0.001377,2,2,374
2025-05-17 10:07:32,0bac381734887ea801ee7ba722b627dd3c810f1922b9171bc356261d84231b16,897085,109105.0,929.0,0.008515,2,2,375
2025-05-17 10:07:32,863402ca4fde30467e2928ef8a933cebf7d8e29dc8bc1aabfa91fb60e23d8c97,897085,302930.0,754.0,0.002489,1,2,223
2025-05-17 10:07:32,4e2503a7f23089c6ffcde8bfc46edb65405eaab8ffa0e5ce48f097329fc6c416,897085,318182.0,482.0,0.001515,1,2,223
2025-05-17 10:07:32,7fd45b040c4fb9700e4a7fe5350ca9d214e0dd26a8dd6e2689baea7d8ddbf479,897085,85559.0,754.0,0.008813,1,2,223
2025-05-17 10:07:32,bde2a39572e7c27997a263d1038d468c7175053dd3db19cb15cf5e9614114085,897085,115288.0,482.0,0.004181,1,2,222
2025-05-17 10:07:32,8624124ba71b241ace5dacc2aa5df6289304c7a737211063d8fe637252f9387d,897085,135554.0,1218.0,0.008985,3,2,520
2025-05-17 10:07:32,4b7f6fc2a41b76d70738973788af9407c84666659a07b67565590e2b2c0b78fd,897085,2846940.0,929.0,0.000326,2,2,373
2025-05-17 10:07:32,869c892ffca41471e0efb33cef6fb3cd78a80cc1e93060e327a55ebc122bbccc,897085,320266.0,929.0,0.002901,2,2,373
2025-05-17 10:07:32,09bf19204bec63bfecffc6a5e51de9ccb1fdee371379f7277903c41e4583868e,897085,4754802.0,929.0,0.000195,2,2,373
2025-05-17 10:07:32,5dd7d55face3f2fa34a99a0aa0431c84c8a6662068103d81e5933672dfa4af2e,897085,192411.0,929.0,0.004828,2,2,373
2025-05-17 10:07:32,0a178636ceb0f53d8b9b7b8241faa9512086e15380aaa5f6b623566d6103e500,897085,175857.0,929.0,0.005283,2,2,373
2025-05-17 10:07:32,2779142080b18bd35b7021cf8716fd3b781bb238cc3501f5f2ef6b7e5aa3cf91,897085,889253.0,705.0,0.000793,1,2,223
2025-05-17 10:07:32,f9fb15ca6c242bcf7ce1ac4f93a5ed141e3f498f856c2bff17ccd9ccfcba4eb5,897085,940496.0,836.0,0.000889,2,2,371
2025-05-17 10:07:32,6b08ac6a8ba8788db726baaadabfb95dce84019cf388e391ba48d95f48eb6a13,897085,70225.0,494.0,0.007035,1,1,150
2025-05-17 10:07:32,e0e8e24063ec1c30b9ffc4c5677fdae4bcdb39a3cfbeda8564b8c61241434bfd,897085,1063366.0,620.0,0.000583,1,2,205
2025-05-17 10:07:32,6576fe5c1b619f48f1d16d136335172234674b838f557e942bd300dd1b07c3d6,897085,330.0,728.0,2.206061,1,1,320
2025-05-17 10:07:32,307693d962183254bf2607ce93a509354fb2f711d360eb5708b7a9cb679f6f0f,897085,95004.0,616.0,0.006484,1,2,205
2025-05-17 10:07:32,b1800d7d9f29d2baf907f71d98ff79b4e88b8846afb22dc56f2879702351ff63,897085,99000.0,1080.0,0.010909,3,1,487
2025-05-17 10:07:32,fa32dc6c132863664290ca1b51e441a7f4dac1589f58c78413a8e7bc0d1d0734,897085,29925.0,10670.0,0.356558,10,10,1500
2025-05-17 10:07:32,df3f971627e6ea9b7fc7cb6120a724e5a9e9d529f0f56a0d4c27bfb543880ae2,897085,96525.0,241.0,0.002497,2,2,302
2025-05-17 10:07:32,a98747d91dfb0d2c36e22d389c57ef78bfd4e67b1894756b4ea022699c25cfd6,897085,92545.0,241.0,0.002604,2,2,302
2025-05-17 10:07:32,11e4a84019244b564fb0a61c0b19edaa25cf8a3fa0efc2b5c6bceb7a3cd447ca,897085,90555.0,241.0,0.002661,2,2,302
2025-05-17 10:07:32,b5f5b79b3f3d9c668501e19f45c3e49ac476c3c6d36344b5f4888e9238601eb4,897085,91550.0,241.0,0.002632,2,2,302
2025-05-17 10:07:32,412bf2ab8129340fe5ee99ec05463644ccbb80973817cee17c4ffd13598954a6,897085,95530.0,241.0,0.002523,2,2,302
2025-05-17 10:07:32,59710df8a7881df4088c9d019aef3b87600c7c9eecb121f796e4b55aa99fe49b,897085,97520.0,241.0,0.002471,2,2,302
2025-05-17 10:07:32,b813416e69ca2714f0be4c75f8a856478ce246a5d1aae5304e273197bdd1512d,897085,93540.0,241.0,0.002576,2,2,302
2025-05-17 10:07:32,6d25cfbfb0b16879fc2ba5767d506178901ffde64786b7f839bb2950a8ee4822,897085,94535.0,241.0,0.002549,2,2,302
2025-05-17 10:07:32,60327d82900afad36d65b88070b8c11f139a62793d25c032acfc36d1179aed0b,897085,98515.0,241.0,0.002446,2,2,302
2025-05-17 10:07:32,65b1cfef8796d5cec9cfede70c44144ed1a4f8f9b1bd8736306d689141688f11,897085,127117.0,6810.0,0.053573,12,1,2103
2025-05-17 10:07:32,1b2d2ec502f4ec4e03a282d10fb39fc7ac3cc73f258b3faf66ed3ee1de69fea9,897085,1002594.0,676.0,0.000674,1,11,645
2025-05-17 10:07:32,78406dc399f0d400b89344255fe3034319f00a29027c446394a4504303d084f2,897085,1255979.0,798.0,0.000635,2,1,344
2025-05-17 10:07:32,66f9ab3f425a5b5d12e23eda38cd5c18055462b303914069cb96bbb83bd21bed,897085,83846.0,798.0,0.009517,2,1,344
2025-05-17 10:07:32,e6547848e391d2660b55ca04b275143cb5f354269c40408ca6eeb144af13fa8c,897085,462881.0,798.0,0.001724,2,1,343
2025-05-17 10:07:32,222dbf7a42bc12c02db9ef5159c0fbaf08db00f83bf4dd3ccb71e0343d06f38c,897085,1290598.0,798.0,0.000618,2,1,344
2025-05-17 10:07:32,6aabb3262cd8bbce9bfe320dbae5050e507abe4970c3043292421537bc39bf30,897085,257888.0,798.0,0.003094,2,1,344
2025-05-17 10:07:32,9280db101c9a6d09305ec5578aeb3aa659a0395235c53a9be013ce6e7e9cf9a8,897085,19069154.0,1518.0,8e-05,4,2,666
2025-05-17 10:07:32,19806e84e48b10f65c53018751c6b73e82699c139f18162733f7ca4a14606518,897085,3907379.0,1218.0,0.000312,3,2,519
2025-05-17 10:07:32,8b6be42e9e81299c6fd63ac214dba00deb0494be99a49ee270936ea1451510d0,897085,5610449.0,3180.0,0.000567,4,6,699
2025-05-17 10:07:32,d9aa701ffc75276ba07e8c6cbdd583782621f2480ad82dc29e15b06b008f38ac,897085,11616575.0,2310.0,0.000199,6,9,1043
2025-05-17 10:07:32,65d980ec039be084a8506a307a1ee0f63cd484cfda1023510a5c2db4369634b4,897085,957021.0,929.0,0.000971,2,2,373
2025-05-17 10:07:32,477031a414fd9af573030b9748c12f2e5344c027f6541dc13d6e31a2973053a8,897085,2018714.0,929.0,0.00046,2,2,372
2025-05-17 10:07:32,335306eae5d360f9fafb237ab299a6054d494b1e41807baf9444d1555eb0c057,897085,88272.0,929.0,0.010524,2,2,372
2025-05-11 22:58:45,cb5040005c7c32ed33c1098c7680e07f66cccc9ad9e1aeb3e2d1e8aeeb04991e,896321,19960.0,1452.0,0.072745,11,1,1220
2025-05-11 22:58:45,36422a078b1a18e5a33e21068c1e55b28d11d686c694287cf94123d8f1b92387,896321,234130.0,306.0,0.001307,1,2,193
2025-05-11 22:58:45,f7d927a681f9e1cecd512f13c27e88de40ba94d184b4e322a7f64984de4c3446,896321,821394.0,306.0,0.000373,1,2,193
2025-05-11 22:58:45,24c56e17523e65d04c9c1f5beb487a1acc6b29d914138c03d2350bed78cbbb32,896321,256165.0,516.0,0.002014,2,1,340
2025-05-11 22:58:45,01048b742cfb68570b83137fd60b88c87749ec9ece9fbb0bb9cdd173e3d633cb,896321,45445787.0,238.0,5e-06,1,2,222
2025-05-11 22:58:45,2d44454c1400a6e6093c07257efd4052d0307a39471794ffdcacc6f270301731,896321,41904403.0,238.0,6e-06,1,2,222
2025-05-11 22:58:45,6cd8f9eeebc8490b6e1ffd5c3f16ab9d5776583c95212248be9ffb5dcd17379f,896321,752661.0,895.0,0.001189,5,2,817
2025-05-11 22:58:45,1c293708499a2b06affdc397ddefc12c36d6765af874dae58b97ba64525d0f78,896321,95150.0,802.0,0.008429,2,2,370
2025-05-11 22:58:45,7d60299c7a03c2e36a2bf9751dc829b148b2f798dac918ee878ccc32ee71362f,896321,2534542.0,594.0,0.000234,3,1,604
2025-05-11 22:58:45,acc8fe3174fb4e43824944fa61ca8c3608c90d8d9fafdce81ebf029518ead38f,896321,22726.0,308.0,0.013553,1,2,193
2025-05-11 22:58:45,87cc9785de19a14dfe83d23d656ce4a01cf10b77284605cca8a7accc1a65ec34,896321,299692.0,308.0,0.001028,1,2,193
2025-05-11 22:58:45,92153e845bdae87f104b1137a071bee661701454a0be626f24397dfb723562a0,896321,43163.0,306.0,0.007089,1,2,222
2025-05-11 22:58:45,8271d8463d418a8a1593ea8c4a1495b04d3207d6ad91fc45d20f4ae87ce57941,896321,47764.0,306.0,0.006406,1,2,222
2025-05-11 22:58:45,a965b5190b3cb9f9c27ec9cef8a2c795daf362000aa1d603f2de6c7a5001d912,896321,1117362.0,306.0,0.000274,1,2,222
2025-05-11 22:58:45,37996ad52be290b658dba5a84f3bb7e6b396fa334b743ed5010b67031fbf9101,896321,13967.0,449.0,0.032147,1,1,189
2025-05-11 22:58:45,0602de2404b891fc715e102c5d314ac5f0f2336884ef0292c2f71138219f9cab,896321,31722.0,448.0,0.014123,1,2,224
2025-05-11 22:58:45,134c8df89678f81011a436fe526e4bbf3e5983b5caa64c00bd12c483fda7b65a,896321,609904.0,802.0,0.001315,2,2,369
2025-05-11 22:58:45,919f52e28b568e3b35fae5bfe5bad09c55d30ee116d2565e592b4f367aaee6f8,896321,25750.0,472.0,0.01833,1,3,298
2025-05-11 22:58:45,6b53b1e5889b383c97c62300532de160040c63780f5ec2261b3c5221cb39bfb5,896321,25973.0,472.0,0.018173,1,3,298
2025-05-11 22:58:45,bc3383b3b1fcb62b6b586cf7eb2fefeac3fa67eb7c87e366116f72edc292b094,896321,25748.0,472.0,0.018332,1,3,299
2025-05-11 22:58:45,f9ea2651ed74dfe6ac2145d4b1b8f4a4ca99a5560fd2aa458e79044110fb3051,896321,25966.0,472.0,0.018178,1,3,298
2025-05-11 22:58:45,84dd21ab069a30bacdc58fc192127e5d9a3b2bf4fb5288f870cee53d25a59c53,896321,461877.0,423.0,0.000916,1,2,222
2025-05-11 22:58:45,094e84662e9ba6b16b8560797e3b630f4099bd9011b07a4c22027d3f8994f83e,896321,614300.0,300.0,0.000488,1,2,222
2025-05-11 22:58:45,62bae65afb312af4ccf736c8aea38ec10ff175a6742811691b9e7680150551f6,896321,652600.0,200.0,0.000306,1,2,222
2025-05-11 22:58:45,49d3bf946f7c4da33108cf9f2e7c99d89bb980096eb09b764910f61d1d5e63ea,896321,650121.0,609.0,0.000937,3,2,521
2025-05-11 22:58:45,f85d25e9fa0fb90e6ee117ee1862e1f60493e23d842243bd56603ca2f56dc194,896321,126843.0,609.0,0.004801,3,2,522
2025-05-11 22:58:45,649972279619fe95836bbb62231c53b7fa6514ed97cd9d886228c35e848c3370,896321,620980.0,609.0,0.000981,3,2,522
2025-05-11 22:58:45,605140ee61a9535f7c38dcbb785e8aa8ca20eece7747d3f2f8a9fc54877cc4d3,896321,6700.0,247.0,0.036866,1,1,194
2025-05-11 22:58:45,c9876b5607a066bca6b4a6d004dd420dcac523a9586016add227457c2aa60662,896321,96306.0,387.0,0.004018,2,1,339
2025-05-11 22:58:45,0e4e60c7a775c5825838c54b43c754d4450322f7179eb8f06081cc0df08c5ee0,896321,73402578.0,735.0,1e-05,4,1,659
2025-05-11 22:58:45,2799bc127308e8bd88cd421d3240af4e924604c72673c39a749b81a59af3e405,896321,1661562.0,687.0,0.000413,4,1,638
2025-05-11 22:58:45,3b740dfc2c6bc272c292844f673c68acce52b76e4d21851d7dd45634fd55f6b9,896321,1519420.0,488.0,0.000321,1,2,223
2025-05-11 22:58:45,fde652e531b7b8cdd601739bf9e087b099540a89b7c05caf0937c95ae6b9c1b1,896321,281556.0,488.0,0.001733,1,2,223
2025-05-11 22:58:45,3d386da9eb5bb17f71b2c23e5cb7857dd1321599940fd28cb5b1d671772adb4a,896321,75000.0,537.0,0.00716,3,1,487
2025-05-11 22:58:45,ea94dfead2bdf49fdf164454d0e2f505a388c8c7407597b1dda494d45e6b04a3,896321,645823.0,465.0,0.00072,2,2,374
2025-05-11 22:58:45,870b5f8405210d42ddf590fa01d90a645d40c48b9b750dd5a781ee1c60ef7809,896321,5593.0,504.0,0.090113,1,2,223
2025-05-11 22:58:45,d8a4071bf0e8d45c5a6de74abfca692e1d3e37adc6f69f6af034d7d737e542fc,896321,35020.0,802.0,0.022901,2,2,372
2025-05-11 22:58:45,1339f075d6c985b62da74410af970aab64899de74a988713e2f52960386445aa,896321,183684244.0,760.0,4e-06,1,4,346
2025-05-11 22:58:45,ef442b38b3a1cc0e05bfa490c3d33d7ff85bcb5300b6a4e48cd989dd0d5b9a9c,896321,869489.0,488.0,0.000561,1,2,222
2025-05-11 22:58:45,957314fbea811baf11ff344118a4a27330a18a24d01f97fe66fcbffbcb3b7960,896321,10182108.0,488.0,4.8e-05,1,2,222
2025-05-11 22:58:45,7950d08a29ce11933ba5a1351ceae8513e1046bcc45a373cd30e2591dd94c95e,896321,3554061.0,488.0,0.000137,1,2,222
2025-05-11 22:58:45,15995a86087f8668771ce029c9313488ca2bfcb5c3c9d1afc74012e66a496a1e,896321,174954.0,488.0,0.002789,1,2,222
2025-05-11 22:58:45,d42449a3eca9f204d5e77772c6d5a37525499fa468d4c1d2440351d5a711f26e,896321,1549006.0,609.0,0.000393,3,2,520
2025-05-11 22:58:45,f78bd753552b5670b459f13d3b8d0de642678b3f541bce88c299e0505ce1f8d5,896321,95722.0,257.0,0.002685,1,1,191
2025-05-11 22:58:45,8b01edfd5a8124388ec9ceb8ec6d037ea25b9e694114269df2316b908f502bb2,896321,154046.0,322.0,0.00209,1,2,235
2025-05-11 22:58:45,4d33f841d653d17d0d9e1bfe5ca143b9d0d6ffce3964d839ef7f790656d7f3d0,896321,386480111.0,760.0,2e-06,1,4,345
2025-05-11 22:58:45,4de1b7f2340a20fbc64c86e88c034ec93162bb186db7bf9739a48e092e0144a1,896321,1473831.0,609.0,0.000413,3,2,519
2025-05-11 22:58:45,54a63a36542cd5de2ad7167d9d0d8d191973c76185bcd2cd6d173ac8228c198c,896321,353740.0,609.0,0.001722,3,2,519
2025-05-11 22:58:45,cef64ba6d30224bac978bbdcf3abcf35f3d2d0486ea7f76d4a711286f217e40f,896321,271676.0,609.0,0.002242,3,2,519
2025-05-11 22:58:45,01290fd8ec2876837f72db1008a1adce7574922f374b171d516a19a6c1c1a58b,896321,1854187.0,544.0,0.000293,3,1,490
2025-05-11 22:58:45,f35ecbc89e55609d999891e1e44ab8d2676e0bbf0676576243fa8a1be693c719,896321,1724539.0,465.0,0.00027,2,2,373
2025-05-11 22:58:45,deaf8fedd27bd55bbd72b4502c98c9e03257be55089aaebccfd56abcc33d350c,896321,1708188.0,465.0,0.000272,2,2,372
2025-05-11 22:58:45,83dcb8651691416924ccf327d4f28e9dc4f4603d2e51b57718c2922327cfcc6a,896321,3817297.0,508.0,0.000133,1,2,223
2025-05-11 22:58:45,417617f7889d1eaa6764cef27b48a6a59a9e401bbcdc5e2a995c3745af68468d,896321,3826714.0,508.0,0.000133,1,2,222
2025-05-11 22:58:45,bc12a690ca07e0ff021b613616f0bd4d3646902bec8cb486311e3e77d6d45968,896321,3943629.0,338.0,8.6e-05,1,2,222
2025-05-11 22:58:45,98595e0a3cd9a99becb2b2811570e8089d59d380a56b4b25ac53ecaab38d89dd,896321,3950967.0,338.0,8.6e-05,1,2,222
2025-05-11 22:58:45,7e110b06c12aeb872bc7294cbbafdaf87443a068772f5293e5d398f3c0d561b8,896321,3960835.0,169.0,4.3e-05,1,2,222
2025-05-11 22:58:45,bd5353dd06a8a043744e28113467e8b3c3b4d784f3ed1151f38df357f20235af,896321,3979699.0,169.0,4.2e-05,1,2,222
2025-05-11 22:58:45,12f3f17e1492650176beedb136c1796f4d37f8c93b4045947f432f21920d0c70,896321,3989489.0,184.0,4.6e-05,1,2,234
2025-05-11 22:58:45,984670415e3f70d4a8169230cc1b5a3eb267b7d2667a8782dc6b84d4a6a0f6a6,896321,1354478.0,544.0,0.000402,3,1,488
2025-05-11 22:58:45,eef787b6b5ff34e3c7de99db45d658a2ffd12233264e69c3253b762bf9c26b8c,896321,9859.0,544.0,0.055178,3,1,488
2025-05-11 22:58:45,188c3ed5fe0180aab473a7ed2b33a2908017ce82167c772e754966a640278058,896321,1552434.0,418.0,0.000269,1,2,222
2025-05-11 22:58:45,805ffaeff502ca1685872dab65fcf165445664494906bfcf0033194dc2e93a8b,896321,6357852.0,211.0,3.3e-05,1,2,223
2025-05-11 22:58:45,60f9cc7c00be7a9680db00038f8122244211c1726cace551ae4906e7b96f0aef,896321,57410.0,465.0,0.0081,2,2,372
2025-05-11 22:58:45,36010138d41c7dfa21efedb1aeb930dc33e49b61eda6361126230712f8a838e3,896321,307358.0,465.0,0.001513,2,2,372
2025-05-11 22:58:45,969d011e5bbe1db762736a8082f50892373de0e192ed0f4b1fd06b059454e5cf,896321,40294912.0,465.0,1.2e-05,2,2,371
2025-05-11 22:58:45,d8ebc1610f27337f6abd4dcacb61401053527d5fc7213618e9071499b8afefb0,896321,772992.0,465.0,0.000602,2,2,371
2025-05-11 22:58:45,3603498b33f046cf559375aab5176c5389f3bd89e8780771c3e998667d3d3490,896321,14959535.0,465.0,3.1e-05,2,2,372
2025-05-11 22:58:45,1f58cc03f0e1c8c2421b61eb2415c68fad8958a43f5844a150756d506945828d,896321,78726.0,465.0,0.005907,2,2,371
2025-05-11 22:58:45,54fdadc1e54235206ee958fa2c9983c2d224d006e45c19e9f3fd8c56ad3a4f43,896321,2798067.0,465.0,0.000166,2,2,371
2025-05-11 22:58:45,4037d377c7cfacd2387f80ee5e84d82f3b5c01973037d3f84c00c2a2e14b953b,896321,182376.0,465.0,0.00255,2,2,372
2025-05-11 22:58:45,1a73f3c9a0ba4b7be5944fa78adad5313dc9434ea4644fc9314d75f129e04619,896321,324065.0,465.0,0.001435,2,2,371
2025-05-11 22:58:45,22d1c3cbb3b11f9405bc056d9a4b855b45f3acfd93c47746451ec5ba058f2617,896321,192011.0,465.0,0.002422,2,2,371
2025-05-11 22:58:45,258e607bb0309875dbd4ac2c05ac0c8ef5732892dc626921e4b2e01213639809,896321,59288.0,465.0,0.007843,2,2,371
2025-05-11 22:58:45,3dae77fdfc43d56132603b2cab3d0dd47bc72bd4f32242a818a29f03b63fdffc,896321,38483.0,488.0,0.012681,1,2,219
2025-05-11 22:58:45,1a90ebcd8646ede7297343f3a1715a20b70b75a1313bf403cba293fdd7dd05da,896321,186225.0,488.0,0.00262,1,2,219
2025-05-11 22:58:45,b39f8a2c4f9fc2dd3028ce2f5fe9c9cc3029cc7b8107436492312e08cdf90692,896321,40382.0,306.0,0.007578,1,1,302
2025-05-11 22:58:45,e588668007e13159db4f723b8c7d09814f53f1dbdbc9a5e3d02f07e35a63d5f9,896321,27479842.0,465.0,1.7e-05,2,2,370
2025-05-11 22:58:45,ca6302288c058bfe42120098dff69a0483786e380989a0c414ba80876622e259,896321,108111.0,465.0,0.004301,2,2,370
2025-05-11 22:58:45,e18cb8ee3c878bbf28cb217339861c9100b4f20a5282864b5ae12d9ff4fa7654,896321,721780.0,465.0,0.000644,2,2,370
2025-05-11 22:58:45,1dcecc334abb3d4dbc85e2aaaf96af54635f4e221d2e892550ecbb8873dd402f,896321,208683.0,465.0,0.002228,2,2,370
2025-05-11 22:58:45,0f3796ab53ebe348728b9fdad50762a09c38d1f39c37f856fb648fed345060ff,896321,100800.0,322.0,0.003194,1,2,226
2025-05-11 22:58:45,ce97f68935cd0a9d2f9b85c6cad1a2cd78a0968c58956744bb9a757fab862aea,896321,34179.0,322.0,0.009421,1,2,226
2025-05-11 22:58:45,8fb41848ee09504d05e8f7b71b5daa054a9c63be9db086bbe543a0c6adee34e3,896321,160969.0,322.0,0.002,1,2,226
2025-05-11 22:58:45,62a0876ee1036db5c44ee676b5612777e1a54a193d6cda2d894737889d43e8c6,896321,183835.0,322.0,0.001752,1,2,226
2025-05-11 22:58:45,dc4456db0b90671bc9c650c0f0adb535305db35ef9949f42919c9a6b6173f1c3,896321,1037605.0,322.0,0.00031,1,2,225
2025-05-11 22:58:45,e66cd2c02e3f83b74f940a3edd1389c9ab5cebf2790c6f1d540f4be025f1fcc1,896321,233634.0,322.0,0.001378,1,2,225
2025-05-11 22:58:45,c9c6d5200cbd468e110cbe732999359889f45f93fa34454e71a3f75b2301f0c0,896321,1848873.0,322.0,0.000174,1,2,226
2025-05-11 22:58:45,da53cd34609207fea43d0461e229dd848766662d4c28a5cf2dff5a981f4a0bb9,896321,348315.0,322.0,0.000924,1,2,225
2025-05-11 22:58:45,3cc396e86207756664d89f0e000530f6ca6eae554255e614e3977e291214b5b1,896321,608139.0,322.0,0.000529,1,2,225
2025-05-11 22:58:45,dcf1ab97771822ed61f5a631f23c9ec733b64a9018ca76bdace3f8f7b63473a9,896321,268571.0,322.0,0.001199,1,2,226
2025-05-11 22:58:45,100e209ab1f41153ef0da56fb2f1fcf18601356e289b623ce906e0fc8ed8c6a1,896321,24588.0,322.0,0.013096,1,2,225
2025-05-11 22:58:45,3374b1db805a5cf9757bc5957e33d4e3e85f4b89b6dc5418fc68aa2508021d97,896321,5498126.0,322.0,5.9e-05,1,2,226
2025-05-11 22:58:45,1c0a0343cdc36b15a6ef92ad95712b7e86379e95e313f5ba43c4034a2d8ab096,896321,12285.0,322.0,0.026211,1,2,225
2025-05-11 22:58:45,370ca4da3224306e782d7e5725dae8f2b131996b9430d4026bceefe394d67689,896321,713398.0,322.0,0.000451,1,2,225
2025-05-11 22:58:45,92555baa7b220a1dcdc2637e175cc9eee4831a72adacc5b23a3a90b08b31fe82,896321,30698.0,322.0,0.010489,1,2,225
2025-05-11 22:58:45,148a01934408fefbabffa1f2e2794803a5bfae42012392a9e5f6b64dd7e81675,896321,5231345.0,322.0,6.2e-05,1,2,225
2025-05-11 22:58:45,e4fabee37b9383ed3a876427de2ea00a7e1895d84937d0542ea36b4853e5ec6b,896321,7701402.0,322.0,4.2e-05,1,2,226
2025-05-11 22:58:45,26bbca7a70e47fc4606f819963fad770fe1e8945555e0c7956e7ed7863ff8366,896321,307120.0,322.0,0.001048,1,2,225
2025-05-11 22:58:45,277ff1f55de7915def5335673d65e8789080870b83d7fc8841a6dc109eeb0b61,896321,31713.0,322.0,0.010154,1,2,225
2025-05-12 03:27:37,cef2fe6f9b89fb395bb8146699096bad94af14b250ef1994c377e5dab7bb4737,896352,950.0,298.0,0.313684,1,2,229
2025-05-12 03:27:37,293ecd431a59949baade113c7776118a75be350fec2bb4d7a4c9fedde040b49d,896352,1248.0,298.0,0.238782,1,2,228
2025-05-12 03:27:37,822529de9824e657fac6c746c88e5b9e3de92b8a4b19c1eac2d0e7805dbca12b,896352,1546.0,298.0,0.192755,1,2,229
2025-05-12 03:27:37,7cc565ae0359b50494d9e2bfbf9336e5e4a252d8784ab9168ef0e9e6ec0cb023,896352,1844.0,298.0,0.161605,1,2,228
2025-05-12 03:27:37,466f31f69aa81202225007ef72e38154928b03f6853a3e72c3540bbef5348e02,896352,2142.0,298.0,0.139122,1,2,229
2025-05-12 03:27:37,f8701926c5fd79ea47b56f9a67fb30f4cd4ad605603b7c5ba7fa4c46470a79e8,896352,2440.0,298.0,0.122131,1,2,228
2025-05-12 03:27:37,dcd8c816736150549cbfc61c041cc1f8696c0aadd19697e7ad3a9bcbffd27de5,896352,2738.0,298.0,0.108839,1,2,228
2025-05-12 03:27:37,46e8bd40902f84c8ebaa1578ee241828a51b2584e97084f07c16a38c097fa9ab,896352,3036.0,298.0,0.098155,1,2,229
2025-05-12 03:27:37,5d74945d611fbe011efe9c8aaa76854677b60163e724cef4f1d47ff9ea43b5f1,896352,3334.0,298.0,0.089382,1,2,228
2025-05-12 03:27:37,0ee2561e642df68327ec0c074aa7c1ce45afc3841190b8c4d8b07dcca8de58fa,896352,3632.0,298.0,0.082048,1,2,228
2025-05-12 03:27:37,2662c7736137a2ce5cd6b8fda64d3701f098958eb0f24d96011a7836440e89db,896352,3930.0,298.0,0.075827,1,2,228
2025-05-12 03:27:37,c587c03346b63adba7dede46dd6863fc8fe34a38f4d8c34b6ec10a8f5df0e8a6,896352,4228.0,298.0,0.070482,1,2,229
2025-05-12 03:27:37,9ec97a8ccb651faa52734283ef996eac542a657e2d43c3768b61035146e20209,896352,4526.0,298.0,0.065842,1,2,228
2025-05-12 03:27:37,6f00934f60507f1c670bdd0ef44d1e6069f70ec0a8bbc9e2d97f6e84fddb801b,896352,4824.0,298.0,0.061774,1,2,229
2025-05-12 03:27:37,d5addbebfe0164457fc732eec0710222e3460e0253fb52b58bf572b0d3f8f6af,896352,5122.0,298.0,0.05818,1,2,229
2025-05-12 03:27:37,59ef58d669cc1e138c82c5d8243ad6ea5c0690fa6edb3b064f4b9bc91c5cd21d,896352,5420.0,298.0,0.054982,1,2,229
2025-05-12 03:27:37,38633315ba47806b392d1583a22e4682c5da0253edd9259615dd624cea7c8bf6,896352,5718.0,298.0,0.052116,1,2,229
2025-05-12 03:27:37,f9ec05a79ff6fe17a59285b4bbc1282a5a26cb0bb6a109cda8cf3ea2454b5980,896352,6016.0,298.0,0.049535,1,2,228
2025-05-12 03:27:37,9e0e25eac8c42813a84bd1d655c7d5859800819ff355e46eda8126d290f6328f,896352,6314.0,298.0,0.047197,1,2,229
2025-05-12 03:27:37,cc0a03cd16bd9c5ef304bc1e408ccf1cd4160759fedc8cec0960bf4ac95ac006,896352,6612.0,298.0,0.04507,1,2,229
2025-05-12 03:27:37,13208db4a19d2036a55c0c4886ef27fcc51715d4227c7440381f00374346661d,896352,6910.0,298.0,0.043126,1,2,228
2025-05-12 03:27:37,affcfbb1f35bf7f30e6c3e20d49dc4ee7a446968676654a727bc1af0efb6609b,896352,7208.0,298.0,0.041343,1,2,228
2025-05-12 03:27:37,61762b5e5e0fdefa4e3d4ba7536ad21c1da9f21bdc51c311cc74e40887f296fa,896352,268921.0,402.0,0.001495,1,4,280
2025-05-12 03:27:37,e02193e66e4a828033ee9bdde3f0936d58905e9224f063906aa5c93a401542f0,896352,665169.0,452.0,0.00068,1,2,223
2025-05-12 03:27:37,f5ed189fd47e3ddc4d5685b2a52578905b44e96229beb50eebcb7e14ff99bf1d,896352,3738298.0,1564.0,0.000418,8,1,1415
2025-05-12 03:27:37,8f5d8336e9c3198fe0846c148605e801167abe21a4866fbab2e076f08429fdb9,896352,24873.0,224.0,0.009006,1,1,192
2025-05-12 03:27:37,aea8fd1ff266dff8ab6085af9eaf0f30790722a9b5fbfd3b94e830a39506d849,896352,16221.0,432.0,0.026632,2,2,374
2025-05-12 03:27:37,7838cc3c0184de1f1c3ef2b94c460e8d2e98068b4f6018c6b88d24bce493713e,896352,122510.0,426.0,0.003477,2,2,372
2025-05-12 03:27:37,35e266ca1c421da81535469b152c6ca1a87f9392a53d8d095be7dd6e9b31c330,896352,28484.0,426.0,0.014956,2,2,371
2025-05-12 03:27:37,b34bdc9ee669c4df3cb0b0518fc5c369617ce31ee83d1fea03b2ca1dc5dea22d,896352,77347.0,7944.0,0.102706,67,1,7213
2025-05-12 03:27:37,0d99cea90bfdf51610a978788b80832725702237366b2795320add17a6c652c7,896352,961939.0,294.0,0.000306,1,2,226
2025-05-12 03:27:37,dae0a9ba15cd7c9e49973826efe53d9e91958122e45c8d718791e5eb6b87a6f9,896352,8217.0,290.0,0.035293,1,2,224
2025-05-12 03:27:37,0ef7b8464be60d659e1dfceda352e3949cca66d2f4c581b0d9f7a18bde7507a9,896352,114243.0,290.0,0.002538,1,2,223
2025-05-12 03:27:37,fce8665d3957c0d8b70a29947f84a7c09cccbacc45757926a6fec2d5ee2fb56c,896352,264329710.0,290.0,1e-06,1,2,223
2025-05-12 03:27:37,e2873661d1bf02edbb962a5e57d19868d1f7e00a66379be871fd04868c8ff0f1,896352,217619.0,288.0,0.001323,1,2,223
2025-05-12 03:27:37,f1a7dc4a3d765d9eb4d5e345b046ab89db7d4c25db589868354a2bbbb07a3cf0,896352,393385.0,288.0,0.000732,1,2,222
2025-05-12 03:27:37,27236b10b742e99148818a8d366a9a91e5abce6b386dcb80340c75e0ee9943e9,896352,345855.0,288.0,0.000833,1,2,223
2025-05-12 03:27:37,3be000d53232314e03a6f95e94ce690e27d1a5c3a243a7f44749cd231e56b1dc,896352,3775.0,288.0,0.076291,1,2,222
2025-05-12 03:27:37,acdf8532c413bf1d9a16153ff7698d374cffc82dc0571a98904e58ebedd357ba,896352,95156.0,288.0,0.003027,1,2,222
2025-05-12 03:27:37,e615938327559ed278e4a3885c56794bff0a26ffebda6194656b022c1e0441a9,896352,152771.0,288.0,0.001885,1,2,222
2025-05-12 03:27:37,9a807c1d6502dfd39765c82a0aeb74545c71c39922fd6031ecb4b0c80eb2c591,896352,521349.0,288.0,0.000552,1,2,223
2025-05-12 03:27:37,9966c7acb0c410b3d57b31d6ac348224312a9f14ce2a9301dd0eb42c436a7676,896352,18767.0,288.0,0.015346,1,2,223
2025-05-12 03:27:37,cd1996c14dba911f798ab27ca76187eb5c06e795ea725bb59154690cc7b38571,896352,21905.0,288.0,0.013148,1,2,222
2025-05-12 03:27:37,52d5a4788326187945baba231f782460a99cc0eaffa4b5d4806c92de37574629,896352,116231.0,288.0,0.002478,1,2,223
2025-05-12 03:27:37,44d8ef055f928b85065d401aa9055985bf1972142c9d9ec1b508bc1dbf099111,896352,305856.0,288.0,0.000942,1,2,223
2025-05-12 03:27:37,0abe41256bf64071ef387f844bc578c347fb26618d16d7089666c94ccfbb749b,896352,6074700.0,565.0,9.3e-05,3,2,518
2025-05-12 03:27:37,f65324412e6daefc8999e5b09f4e1736a35dd89f2a3d91efae5566219992a98c,896352,397634248.0,59245.0,0.000149,319,1,54171
2025-05-12 03:27:37,a1ec6b7481bedfb6dc1e6cd7e2f8951cb6ada237946c2832349bad03a5c78fb6,896352,67833.0,426.0,0.00628,2,2,370
2025-05-12 03:27:37,6600ba7aa427632c3bb450df6b673281d7b95be8b14434af84bc9e3cdf523d0e,896352,103357.0,338.0,0.00327,1,2,246
2025-05-12 03:27:37,7a85e1ffd1f6836a7c774fce8d732f4d541575b45a2b3f317ae6164807fe4a70,896352,119579.0,289.0,0.002417,1,2,222
2025-05-12 03:27:37,2aa383992e3522aa56bafbd50d9b6490726ef1b0df3ad96c8b9c1ac4f98dc9f3,896352,130113.0,269.0,0.002067,1,2,181
2025-05-12 03:27:37,3276478f47f4f4c84f37a107e6d75abadbc6a345b0a89c4d389578d084bcdaf3,896352,9999766.0,234.0,2.3e-05,1,1,194
2025-05-12 03:27:37,9487075165e1cb7ff86f3fae0e548769a2a2fecc188eb0bc22ff13390b5b95a9,896352,289282.0,292.0,0.001009,1,2,222
2025-05-12 03:27:37,41d4eb577ce94c683394405c2a380554b0ca2445a37586cf84886999e52b8864,896352,812801.0,292.0,0.000359,1,2,223
2025-05-12 03:27:37,f5ade26dbc956da54fc0657df46020a392c21750e54e9a0bbca5ee5e1cbc8d19,896352,95140.0,292.0,0.003069,1,2,222
2025-05-12 03:27:37,8b502f7ee1c1a2a6b8f6275f4065e8c9e6169cf0f074a42f28dbec39a298cf05,896352,632152.0,292.0,0.000462,1,2,223
2025-05-12 03:27:37,e12643549841a913ef1b0741c003501fe71ef59ceab00bb126c863b1d52a1fa9,896352,198470.0,222.0,0.001119,1,1,153
2025-05-12 03:27:37,09e6793c434a7408ac88714e6c30219e9262616fccdca9056fb15f095b94547b,896352,416443.0,310.0,0.000744,1,2,205
2025-05-12 03:27:37,8aff7324633d1c029242663eee4d1c060c7005e19f52ec658475fc9d496a196d,896352,34016.0,229.0,0.006732,1,1,191
2025-05-12 03:27:37,952f94cb811209c18bb7006fcb95265456f3fb5e0b4bdd19490af940d6a840fb,896352,1404300.0,300.0,0.000214,1,2,225
2025-05-12 03:27:37,20437e961927ffdd3cb40b0671cdf8d1f33553dae11c3afebe89040974e81cee,896352,49133.0,798.0,0.016242,2,2,383
2025-05-12 03:27:37,c30546f59337e7e220b11966cdccb62cf6f2186c3080f612bba437758a93bd74,896352,221400.0,319.0,0.001441,1,2,234
2025-05-12 03:27:37,d155a0fd5a4e30095147db08f69d45ec502249350e509b31a00a49301abf4fd7,896352,467712.0,288.0,0.000616,1,1,267
2025-05-12 03:27:37,46392e956c56c0c556827a1c42abd96dd61984751006cefb86f1e55016a9c7c3,896352,467712.0,288.0,0.000616,1,1,267
2025-05-12 03:27:37,96d4c93d10504b0fd2b9eadf30f5ecd55f206a22472609684540f34df0a56abb,896352,467712.0,288.0,0.000616,1,1,267
2025-05-12 03:27:37,dcdcbcf7e935cbedf934f6448baf2423012721fcf4a4ee2eff9a5e750632d8a4,896352,467712.0,288.0,0.000616,1,1,267
2025-05-12 03:27:37,5214ba17acc20549468094883b2efcca90f14d26c220fa2b677990c8048e519f,896352,467712.0,288.0,0.000616,1,1,267
2025-05-12 03:27:37,cb38cbe1436f425e341cb234a810e2a715300f6c975c602dfd0d02cb3f2ee49a,896352,467712.0,288.0,0.000616,1,1,267
2025-05-12 03:27:37,b1bbbf588887d5e0455f25f59b01a49734f206979cd7d0bad1b86cbf5991fd6b,896352,467712.0,288.0,0.000616,1,1,267
2025-05-12 03:27:37,e2c8527603be804a186a6fd614bd98e524200c11d069524739e5eeff268acc5c,896352,467712.0,288.0,0.000616,1,1,267
2025-05-12 03:27:37,4d562fb5f7a0085d1d98aa3d11422ab923c142c77d6718cfc8589120da977c4f,896352,467712.0,288.0,0.000616,1,1,267
2025-05-12 03:27:37,c72459c6c93e9ff9d7f43c592ed018d0a709d008f444ebafa344a7c3d1f5e039,896352,467712.0,288.0,0.000616,1,1,267
2025-05-12 03:27:37,f34cb5bf75d875e56fb95db6fcdcea45c88f878e0695ac8349cc5432f98b4aff,896352,1441872.0,472.0,0.000327,2,1,388
2025-05-12 03:27:37,644820e58ee647e1e22e008dcdca072f55d31ddacec5dec5140c5a016767706b,896352,1495452571.0,1035.0,1e-06,3,2,1060
2025-05-12 03:27:37,2ebb1cbc765becf1550a1f3934d18d2ffa4c63f32260d6535ff82e53ba063c1a,896352,240371.0,486.0,0.002022,1,3,313
2025-05-12 03:27:37,6693ec2fef5139e37ce07b513a8529bfa0d0904514a7edcff14cf327ed604e77,896352,34861949.0,1927.0,5.5e-05,1,1,191
2025-05-12 03:27:37,3288fff129887c7e0a70a2c2722278847e74bd9db88c718da57090ffeda56fdb,896352,83597.0,4674.0,0.055911,1,1,195
2025-05-12 03:27:37,7c1a0695365d4972895bb715d2399b7f139b7b2887edc6668390e4d609f4fdcc,896352,294744600.0,4872.0,1.7e-05,1,133,4504
2025-05-12 03:27:37,ef4734a2b592992a7a2bb63aead775bd083c2a257d2582e8c407b0ccd7e4bfde,896352,87132.0,322.0,0.003696,1,2,235
2025-05-12 03:27:37,98bc0151e3814d218ee26d9e3f5b45f0325bbd2ff0a5aa7604ca5521a79b5c46,896352,663003.0,322.0,0.000486,1,2,235
2025-05-12 03:27:37,85d4b5e949a6adec3d9dd8597fd7d2d68a6a6cbf20c48b2df3c1ccabcd1615f8,896352,6608007.0,299.0,4.5e-05,1,2,224
2025-05-12 03:27:37,e91e5ea34cda95647eb93ab1b980e33d84fa08947c7bd5897e2fa0d3e54e1b67,896352,3663011.0,297.0,8.1e-05,1,2,222
2025-05-12 03:27:37,c36e8788298c5468fcb9d71fd1f207b01a18e23ca70d7b79ce49d42a67f77dc7,896352,198166.0,304.0,0.001534,1,2,225
2025-05-12 03:27:37,478b90fdad1537b00368413927cb2600525707faa1d4af6dda62677ff88e77b9,896352,271134.0,1100.0,0.004057,3,2,521
2025-05-12 03:27:37,a42bf74de714f6ea5acc607d0e6ffa6665995d4797ea65917a8420e2ce215d1e,896352,448035.0,406.0,0.000906,1,2,354
2025-05-12 03:27:37,0ff17e525d5cc4065423c41fa73e7e452ea90d17d885d03d8eeb49b9f6da1e56,896352,449141.0,300.0,0.000668,1,2,193
2025-05-12 03:27:37,45b49fe88a7e61651de2273475889981b3348799a46280cdeb39617b47d63f77,896352,45434.0,315.0,0.006933,1,1,314
2025-05-12 03:27:37,c192248f0ec9e3b21904260a1eebdb367b09914f0158d7af5b5c06d91b215733,896352,43100.0,1056.0,0.024501,5,1,903
2025-05-12 03:27:37,2344724ce940acadec8b70b6508065816acf7a5a4ddff2516eedc6f18493d423,896352,582060.0,1060.0,0.001821,4,6,699
2025-05-12 03:27:37,eca84102fc196518d44f7f80dcd613d5a18ba988015efad4109e9c8d39519e85,896352,44326.0,674.0,0.015206,1,1,315
2025-05-12 03:27:37,325b92f82b19d1985e5195e8712c9f4814d29938d763066776bc36222a4e66b1,896352,953913.0,1087.0,0.00114,1,1,192
2025-05-12 03:27:37,1807bbc7877fd54350ea68c2c799c13ef1c5f98fc54749ba19ccc17630fa3a0d,896352,71913.0,1087.0,0.015115,1,1,192
2025-05-12 03:27:37,5ff3441d18e9aee3e0597f09c97da63db4511684f20dcc4d0c0138be609f4501,896352,78212277.0,1105.0,1.4e-05,1,26,1003
2025-05-12 03:27:37,60324bcf3069ab1ccff09acf92cd7a59372c33e0a7633aa74b47161fe151600f,896352,1599000.0,300.0,0.000188,1,2,222
2025-05-12 03:27:37,9419052cf682053e4fb0f234440f39052b01c3cdf7afbc1707cf39c05534cbe2,896352,180535323.0,760.0,4e-06,1,4,357
2025-05-12 03:27:37,e5d868e0475aaa9647016d7d76df804230d04422740cc002f47f662d29d9db8a,896352,380800085.0,760.0,2e-06,1,4,357
2025-05-12 03:27:37,81e5b77562314f0c04e420f1e03363ed084d842c4a59987e5af3d7be34d37243,896352,742865.0,290.0,0.00039,1,1,217
2025-05-12 03:27:37,15093f2331248baf2676d2dd937009016ede529fa16e826f3d69dd47ef335c44,896352,34686527.0,1847.0,5.3e-05,1,1,191
2025-05-12 03:27:37,904b7cf4da052784372413e0939bbf30dfc687f35cc4a8c86f3e7274dadcc91f,896352,109159.0,4596.0,0.042104,1,1,191
2025-05-12 03:27:37,4266a1c02f6c3fa2aac0721034d158c3a0b77342e4172a8e9e7139584d55a4fd,896352,294744820.0,4652.0,1.6e-05,1,129,4304
2025-05-12 03:41:07,0ac144c159e375408ab14300974651f48506531200831daa052a7a6120ca645f,896353,220000.0,300.0,0.001364,3,1,487
2025-05-12 03:41:07,e69e811f6056b3d95f5809e2decc2b6e6a282dc9c0317c1a69e7d3bfacc086aa,896353,250000.0,304.0,0.001216,3,1,490
2025-05-12 03:41:07,5e427144fa3447e6d8367cb78c38ca54fc07f9cc5e0d45a50aed0fdd1d18b31a,896353,15833.0,404.0,0.025516,2,2,788
2025-05-12 03:41:07,8cd9330c60690b815bf4418b598d2a49daab4cc6bf396f25875f1a3ea1b10cbc,896353,2478636.0,180.0,7.3e-05,1,2,234
2025-05-12 03:41:07,4142c75e49baf43d241376b7a84ef5a55e7abebd716797e23a9bad4c69302400,896353,55138.0,301.0,0.005459,2,1,610
2025-05-12 03:41:07,8da2b407dfb589ca2a63cbdfb9ac704bc0fe8c0674dc60743dc036365433647b,896353,300000.0,219.0,0.00073,2,1,340
2025-05-12 03:41:07,9996608a1445d8e5122b3199a307bcd9aa95ed36b72c4ef3b9ec3ebcba042b66,896353,482014947.0,178.0,0.0,1,2,225
2025-05-12 03:41:07,a8166d0855d52a7cf063e93f9613df2af0a400604b8e1592ecf815550010c9c6,896353,502547131.0,203.0,0.0,1,2,245
2025-05-12 03:41:07,7ed0cbdaf8ae85feebd80683a8e354ca1dac9a5f22034bf1b71b0ce441f18825,896353,425160028.0,1117.0,3e-06,14,2,1596
2025-05-12 03:41:07,b6f9e57377deb661298f93ce0e5511c6dfe94c358fd58d4ec713f287e233d6a0,896353,44913175.0,176.0,4e-06,1,2,193
2025-05-12 03:41:07,6e27f78476f5d8bd9eaa30c51923b45d790ca0ee0aef82a6507e024046498972,896353,5088988475.0,176.0,0.0,1,2,223
2025-05-12 03:41:07,bb5b52b323c4908bab4b778c7810a605524aed76120863839c603463604f4d35,896353,99999824.0,176.0,2e-06,1,2,224
2025-05-12 03:41:07,f9f950014e6e501a6966f2d7719f643c686d24ded797c937ac8664a752973ece,896353,4999825.0,175.0,3.5e-05,1,2,223
2025-05-12 03:41:07,2a85b399d1e9a5e92b518405c4336ef1bf8fed84765e9b1f6e5bcf2d54cbce6a,896353,7310804.0,175.0,2.4e-05,1,2,222
2025-05-12 03:41:07,2d2d6fec7ffe5d7282bc1ab0f772b1640641d878cb671bfaee6feab6d5f5e624,896353,404017664.0,175.0,0.0,1,2,222
2025-05-12 03:41:07,adfa4de901b11ee4c2c54461e8b1637e2ac942469966f34db5fdc5c23f8d4c08,896353,503911129.0,175.0,0.0,1,2,222
2025-05-12 03:41:07,908e4474ac8e8755a7d197a0ac2faa687d12f9ec82cf69ed5abc674bd7a82ac5,896353,524769788.0,190.0,0.0,1,2,234
2025-05-12 03:41:07,aa16b0b9843bbe08ce6df5a00e4a69a17093e176294d0ea2a33b81e15bb5a131,896353,431164334.0,190.0,0.0,1,2,234
2025-05-12 03:41:07,77f722e21171ee78b39b4b7c075adc854480d73f564fcd79b2bfa745c790c288,896353,4214100.0,428.0,0.000102,4,2,666
2025-05-12 03:41:07,62d63c491eacbfbfa21f62115d0f01c643c8ec48e509d2727b4f6426237e0872,896353,718246724.0,290.0,0.0,2,2,395
2025-05-12 03:41:07,cfbd619166299aa52aba27d5754d97c95b74bd36d9b0bc787173da5386d4c0a1,896353,46338789.0,178.0,4e-06,1,2,224
2025-05-12 03:41:07,7a952200c54c1f0a2a7c707934c842b481e04645191106e17398b739f4c4034f,896353,30637805.0,259.0,8e-06,2,2,370
2025-05-12 03:41:07,a05b43bd8f3f9014b00ad9cf77123d1902d5b37a50f2a35bf7cd0bedc5add2a1,896353,486320.0,289.0,0.000594,2,2,394
2025-05-12 03:41:07,097f40e33f00d34dd7cedf98295de8b6566b1236dd459f394c0f07fc00949871,896353,23407570.0,218.0,9e-06,1,3,256
2025-05-12 03:41:07,a32e1ad04381bd7bead8a009fed6e279204faac237026b73a55cd0fe39425ce7,896353,472992.0,344.0,0.000727,3,2,518
2025-05-12 03:41:07,85537446189efbd532eca08950888bdeb2101db8ec8bea95ebcb5686d9b3db0b,896353,17499760.0,344.0,2e-05,3,2,518
2025-05-12 03:41:07,4c3a967c6aca3aae59f87794898596e4415a28b5690072bc6ba29dff95e41b5d,896353,625096.0,231.0,0.00037,1,2,236
2025-05-12 03:41:07,c5593ce2cf556eb013e140e41c1bbf169c34b0b627146e11035d88ec52a2418c,896353,625327.0,251.0,0.000401,1,2,252
2025-05-12 03:41:07,fa0bc8b147754a2fc89a98124026ce64c5201316016ed003154c2aa7df6abb0b,896353,2991000.0,306.0,0.000102,3,1,487
2025-05-12 03:41:07,6c1e2f3acf9dc27246ee0979a1870b7add01515c238da288351355bb53e7f99e,896353,4171398.0,1569.0,0.000376,8,2,1254
2025-05-12 03:41:07,132668f05c5e910b120fef6e769b2abf2a02af12e9708e2093dc9a51c39ad7d0,896353,347815.0,232.0,0.000667,1,2,236
2025-05-12 03:41:07,9b381c69ff1d621a183413ab35ed1971a79541306db3e30328f023dc20f768cd,896353,348047.0,252.0,0.000724,1,2,252
2025-05-12 03:41:07,950d2225d5962391bfaacee0419ac3e60a308ea404e9193ec458e99225b11e0d,896353,1861680.0,1500.0,0.000806,17,1,2566
2025-05-12 03:41:07,1ddefde9a0fd6c0018046b2855c39eaec16888c6d67444b5680c3db5bc165e39,896353,196187.0,224.0,0.001142,1,1,406
2025-05-12 03:41:07,e0fcd0866800efa032a37f93b21374e94b739d296fb6a680ea5baf176ee65eaa,896353,1199495.0,192.0,0.00016,1,2,234
2025-05-12 03:41:07,cfcd36495e6ebaf72471b82ffdadb3b46d5622b1d643d7329ef9716d1c2385fd,896353,523722.0,201.0,0.000384,1,2,206
2025-05-12 03:41:07,fb0248d4d2aed718d09e32765ab47cc6b83afe11a981e8eac53e3577dbb3156a,896353,46296.0,224.0,0.004838,1,1,405
2025-05-12 03:41:07,2b67866ccded9ef30891d52c7c18f6621305e0a8b8a9f945926ee943f776b51e,896353,61032.0,224.0,0.00367,1,1,406
2025-05-12 03:41:07,cbd63534547063c4c0ac991fb02732c64addcabe0b87f0832ef9e47d36ff4764,896353,285467.0,233.0,0.000816,2,1,340
2025-05-12 03:41:07,f46c81c50e4529c8e7f3f1ef2c78a39d905d5f655d63c2e3a75c80388fed724b,896353,48217.0,295.0,0.006118,2,1,386
2025-05-12 03:41:07,cd4db080b89ca8aa24720b7789b5c6d3e6e3bc0fe2fe3201efa2cd681fddd5cd,896353,29999117.0,883.0,2.9e-05,1,18,751
2025-05-12 03:41:07,f7e175b1918dc3973a7f537b535316cc0a72725f0ba8b73290f50cd53a830067,896353,65151109.0,796.0,1.2e-05,1,16,685
2025-05-12 03:41:07,6168488943326be168f81e5ba01ecedf484b20590185a30a09c26b0f4af433e8,896353,44134736.0,1245.0,2.8e-05,1,27,1024
2025-05-12 03:41:07,82c0b5779fd04aadf13257f38e67fc545d6c47fd28846471049bdcb0df7b043a,896353,125602303.0,1269.0,1e-05,1,28,1042
2025-05-12 03:41:07,a71b435349ecf2c665abeb38f3e5f35d2c447cf685c79af4c8bb454ffcff53e4,896353,38232320.0,1058.0,2.8e-05,1,23,882
2025-05-12 03:41:07,22baff96ee25696cebd9c6e2ae32aee81c8df2f259681c5260dcf9b8e195f6f1,896353,47236204.0,1095.0,2.3e-05,1,24,910
2025-05-12 03:41:07,f25cde52303b6280fc453b8eaa7237431bc006edc4babb469a56553041299ac9,896353,87826519.0,794.0,9e-06,1,16,682
2025-05-12 03:41:07,803ccce59cd66db0083775fdddfd105f0bb3a28d024012fb8db978c702ee3ea6,896353,99999334.0,666.0,7e-06,1,12,585
2025-05-12 03:41:07,ad3ce5749d8e09fee9a68c8069b2355d15858b6deaf9bb378efae53dc6c75b94,896353,330.0,216.0,0.654545,1,1,162
2025-05-12 03:41:07,add6cde4b97d06d198f3f9e459045d41fafb9fb93f07110ef6874677c846ab68,896353,546.0,183.0,0.335165,1,1,323
2025-05-12 03:41:07,9efe31c9f76fc23b3c11b001ed3df26aaddc8fc4ff2d1ee31e09a07c1822301d,896353,6088.0,154.0,0.025296,1,2,205
2025-05-12 03:41:07,5decbab50f265a05cd48b92cf77f20da04572d9745a7aa635cada3c876568445,896353,330.0,216.0,0.654545,1,1,162
2025-05-12 03:41:07,cf3b4b6c5a700a756c143a58e2f85b53fe29f456097620a55d0eaf254e8c61eb,896353,546.0,183.0,0.335165,1,1,323
2025-05-12 03:41:07,188753cce40faae611e0d9abc1bda9d89f3872827cdc38715bd3335c72f44412,896353,5538.0,154.0,0.027808,1,2,205
2025-05-12 03:41:07,8d083839d1a1ba6e9f39489ab2a4a326a20625e2942b0aa6fc73e59d266885ff,896353,245600.0,281.0,0.001144,2,2,370
2025-05-12 03:41:07,fdb910592b17f6a8a8748a53bdf23cc09cd7abab6b4482b841d0ebfaafbfe931,896353,302464.0,672.0,0.002222,5,1,899
2025-05-12 03:41:07,9fc4f83b15f15d785aebdeef416db915719eef804ca17bb7e238a0ba5cea2007,896353,34812.0,337.0,0.009681,1,4,330
2025-05-12 03:41:07,ed01c03e0a840187840d6e69764a22071a2fd4a82e44bd2834bd263465d8547c,896353,2449543.0,1714.0,0.0007,21,1,2302
2025-05-12 03:41:07,9fa9321a655955854cf1f42d3519cc64cdc14d2817cca6ed42706461a6e32c70,896353,5166.0,263.0,0.05091,1,1,405
2025-05-12 03:41:07,58629fa0888058876bc5754bc2c1076fa1e58d4d63a28a4fc9bcbc09ca9aa5a1,896353,1337808.0,180.0,0.000135,1,2,234
2025-05-12 03:41:07,4e6dc938f2877747974dc668ddc31914495b2dcde71e631ad9dd51d702de6903,896353,34325453.0,646.0,1.9e-05,2,10,633
2025-05-12 03:41:07,dd6c0239cb788124a0f823a40787239f10b92c7fd8eb10085763d13e6682d7ea,896353,29824800.0,200.0,7e-06,1,2,225
2025-05-12 03:41:07,6abf2abb0a3841ebcdc0f798e11635442f25de8905cd6285fcdb8e851c531b24,896353,14990.0,282.0,0.018813,1,2,222
2025-05-12 03:41:07,c65814ba9990e1e38940d50a001ae32b2cae61435014770e992165e217e10892,896353,75272.0,208.0,0.002763,2,2,370
2025-05-12 03:41:07,9464e1e7128fdbccadf0b3dde6e362a87a7be6dfb86c83cfeca878b61a221cd8,896353,90862.0,244.0,0.002685,1,1,204
2025-05-12 03:41:07,7c6222e606127e517ba2a951267ce24ada0866e11f0f59014f630d4429593816,896353,39998868.0,1132.0,2.8e-05,1,24,939
2025-05-12 03:41:07,af74b3306aa8700f9447e4bc1e22eed9f63e468a646aa962e73ea1d75d1bad71,896353,28706.0,218.0,0.007594,1,2,206
2025-05-12 03:41:07,2cd746e9dccfbe9124dc1ddd4c85911447a297ff1082dd4fc94a6fe3a138c6a7,896353,23937000.0,200.0,8e-06,1,2,223
2025-05-12 03:41:07,6c7f0b0ea71e0de187adfd640d946b688bf159d3ae870fbef6bc0fe1d6c10f6f,896353,1283229700.0,200.0,0.0,1,2,223
2025-05-12 03:41:07,84e150f7512407c7c092a4fdefe51d16ac6e69d12fb089f2956af1de0e957af5,896353,3899800.0,200.0,5.1e-05,1,2,222
2025-05-12 03:41:07,23a98e28384d076b6a44d25264d63d34e47514da70fba058abeaa182f34616b4,896353,39999400.0,200.0,5e-06,1,2,222
2025-05-12 03:41:07,9d85da6b0a63673d6d014e8cc87c9ee0e2fe38722ba7981cf0aeeb96f683363f,896353,118411131.0,203.0,2e-06,1,2,222
2025-05-12 03:41:07,5462204e04c9cc8d9f8c285eb70c7ccf04a9ca71de6ac5fcaaccf0db3eb51db8,896353,136880.0,418.0,0.003054,2,2,371
2025-05-12 03:41:07,bcf58c6dda8f984ac7886127c8331dcbcffbc7cbed1a62b7437bab99dd2c9b17,896353,28622962.0,935.0,3.3e-05,1,20,790
2025-05-12 03:41:07,2ea96f3ca190484e57e1e55b018e43f4f9e61f30eecc0288f3edc15d1588f54d,896353,91981.0,218.0,0.00237,1,2,197
2025-05-12 03:41:07,25e5009414faf345808909b17d9cb46921ef7e51dd34f1dd0094b0a5ac896449,896353,2219894.0,336.0,0.000151,2,1,387
2025-05-12 03:41:07,ec4a2135f4fb996c8a4bebde65e2d5ce222641fb8f71818c3122b9b1aa9f68f4,896353,1140880.0,2059.0,0.001805,2,29,1473
2025-05-12 03:41:07,d27c00a228e9afef89a456a82416e6dccb8e2a7e708050a623f84859a087e49a,896353,26881.0,699.0,0.026003,4,5,697
2025-05-12 03:41:07,4498838b05418450f90642284ed22b6133f0f1dd1ddac860f64d9dfda6e84c91,896353,968.0,232.0,0.239669,1,2,205
2025-05-12 03:41:07,9397a82843e4bc862357559328c30ad05e5abaf6ce91ffd6197357aaa2f74441,896353,186623983.0,440.0,2e-06,1,6,372
2025-05-12 03:41:07,b8c21465cee4a45618bd9548ae9bb40fe6313168af94a945db8d0fed291a6bb7,896353,162253.0,191.0,0.001177,1,1,151
2025-05-12 03:41:07,fccf3a493d80bb1abf90bc9ec2b7076fd4923fdd08cd68766e5ddf785ada0ab3,896353,210649.0,198.0,0.00094,1,2,206
2025-05-12 03:41:07,50abbf095f8470ed11929787b420083b2a58f6df1d8b1f82cbbbfc0d9853680b,896353,8438270554.0,217.0,0.0,1,2,193
2025-05-12 03:41:07,dfba6a5a3b4e8496728292b75fc344214994634084274c9225ae0c760c1eb13c,896353,90314.0,188.0,0.002082,1,1,203
2025-05-12 03:41:07,97242f174c6681fe4b7dad7e4a084a1cae6607e85d2317f8148a14ab69a25b5e,896353,1847040.0,224.0,0.000121,1,2,222
2025-05-12 03:41:07,182c45df3717d01e1e76211d877ea8202c56525935b1456508af9a38f0c4bf0b,896353,20692060.0,573.0,2.8e-05,1,7,548
2025-05-12 03:41:07,bfc9a65772694988a470b01894f9d7522ac9d6d22ae9cb4189c375f0388bdf8c,896353,1681927.0,354.0,0.00021,1,3,412
2025-05-12 03:41:07,05bfe9f9f6b2520b5e5c62cb79dd251665dc7be79ed43bc3df412ad614c73534,896353,3321548.0,813.0,0.000245,4,2,1267
2025-05-12 03:41:07,c14f3bafa94011fb0a878c5590e72ba1aec03d2f7f20fc3cadecddcbcdf4d66b,896353,270433.0,358.0,0.001324,2,2,383
2025-05-12 03:41:07,329cca89f12bf212b2020f706cfd0318043ed51ce970fa4beb60b25b2d42025e,896353,57300.0,180.0,0.003141,1,1,193
2025-05-12 03:41:07,f6794cd4c596997d06c3f0df329be4952f6246e46f3f3dbe7da7877990925cf0,896353,2299463.0,537.0,0.000234,3,3,574
2025-05-12 03:41:07,594bc8ac41592d25e8b6316c4bf8246d2c4dc5a92e4696634cac4b9166cd9499,896353,1025802.0,1297.0,0.001264,11,1,1671
2025-05-12 03:41:07,7c83cd7c322a23d3bbe5fb562770ea704d75bfbccb0c8862804d44d0cdf25cc6,896353,60417.0,219.0,0.003625,1,1,192
2025-05-12 03:41:07,67d8850846062bc7eeb9125cb155bb02e4d0c0eaa326bd321eb862ac2c8a9b24,896353,118396.0,281.0,0.002373,1,2,222
2025-05-12 03:41:07,92a0b1a98a9dff1b10efd45a4d359641a94f7a1c106f2ed20796d52835741e05,896353,258190.0,327.0,0.001267,1,2,245
2025-05-12 03:41:07,0fe966fa4cec1de1d64b588583f63c150de25ae7ac623cf2c3f415a56b44c531,896353,5863937.0,360.0,6.1e-05,1,7,382
2025-05-12 03:41:07,854390dd75de6be8c4713039833230fad01a81899ce32aff1419a010a26b1574,896353,38647120.0,242.0,6e-06,1,2,225
2025-05-12 03:41:07,18e21a4b9151c12e4808df07f2416942644168c6e221cf3fe1faa453f9dd7165,896353,1592562.0,242.0,0.000152,1,2,225
2025-05-12 03:41:07,9b7217d50d5095830ce51c887291245aabb6b07a0651f31867df58cb3022b1e3,896353,28633728.0,237.0,8e-06,1,2,222
2025-05-12 03:41:07,bdd3dbe47e590bc8dd71da93db32188d89ae794c89c19cbacd8f4195c0c8f6d8,896353,36698490.0,237.0,6e-06,1,2,222
2025-05-12 22:00:06,0e34113895d68c57cb7f97291ceed75b50726b8419a5bb667385702022acb855,896461,208299.0,219.0,0.001051,1,3,367
2025-05-12 22:00:06,94eb403e74c1dd1f80d4b264a57528f04d4b4298d1c37abfb3cb64befdb15d20,896461,208848.0,219.0,0.001049,1,3,367
2025-05-12 22:00:06,5821d15fa407c272e5cdd80f0bd267622669e6d3fd2bedff5b041277a4bd93bd,896461,209397.0,219.0,0.001046,1,3,367
2025-05-12 22:00:06,6428930f5ae783ce96099b7d43c638dc0e813d9dde48e92a1a74a7b536b2e116,896461,209946.0,219.0,0.001043,1,3,367
2025-05-12 22:00:06,5fe5fc945bfca746c45b7afa878a1a676869668a6c47a3c0f946ecad6838cfeb,896461,210495.0,219.0,0.00104,1,3,367
2025-05-12 22:00:06,48c91e96bd18bab81c42183700f716e97db4013cf57fcd04bdaa52364ca7c7ec,896461,211044.0,219.0,0.001038,1,3,367
2025-05-12 22:00:06,692e5a35098a2e644ac669aefbe6fa981c7364eba4fc2beaf44ffd90058fb415,896461,211593.0,219.0,0.001035,1,3,367
2025-05-12 22:00:06,2c0df0c9257563b1de13d0e0f7cf16c8616f3c8572bf8688863e0eb89fe4c268,896461,212142.0,219.0,0.001032,1,3,367
2025-05-12 22:00:06,95d67b54e46845d0e3397197755f925076c43e7f3d442bd553f34f82ee2bf06c,896461,212691.0,219.0,0.00103,1,3,367
2025-05-12 22:00:06,6f08f812a23474523eef356dd5d111551120b9e14cf7b1beb49de7aa98c262cb,896461,213240.0,219.0,0.001027,1,3,367
2025-05-12 22:00:06,f8f2f3df91902c83ec36db69a5d27fcfb26dc072af7495c99cd9b1cf86007fe8,896461,213789.0,219.0,0.001024,1,3,367
2025-05-12 22:00:06,ea5b263cfc80b0c01b425b2b94e86f37be021a24e109437500b175193e9147b9,896461,214338.0,219.0,0.001022,1,3,367
2025-05-12 22:00:06,6c181e51eca9440817706ae741ca821107b5409aae8d118bc677a624ae0b1766,896461,214887.0,219.0,0.001019,1,3,367
2025-05-12 22:00:06,d6c0b84793c8ca8211825b1b8febf75c10a9698fb9544bfc7e680e283a979ca6,896461,215436.0,219.0,0.001017,1,3,367
2025-05-12 22:00:06,6f3fa803e6588df892006a12f552ac7b652e8aeeee906c8c2f713e715e8b79cf,896461,215985.0,219.0,0.001014,1,3,367
2025-05-12 22:00:06,4e65f4226de53d92702029610c6d85653d3b59aa5251bf5a81b18a0e9e936275,896461,216534.0,219.0,0.001011,1,3,367
2025-05-12 22:00:06,dcbac1e891e6e2268ac8e41ea1aad46da9d18bc039b1c560f45f4bd949747223,896461,217083.0,219.0,0.001009,1,3,367
2025-05-12 22:00:06,9c5454c81365ae278305a9fd0812259a999438419491f7391461051436ceca40,896461,217632.0,219.0,0.001006,1,3,367
2025-05-12 22:00:06,651b3b784549d0babc4538cf9c811019ce42912de840854e3102d47ac58b8b67,896461,218181.0,219.0,0.001004,1,3,367
2025-05-12 22:00:06,529330dbe260fec396e09d31ec02b1804fd3c5472edfe7c629d122d2c9bb1782,896461,218730.0,219.0,0.001001,1,3,367
2025-05-12 22:00:06,9c42f66cb06c0c18f53c8378cd15dabc96d0c0bbdcd0dc4192f57967612cd052,896461,219279.0,219.0,0.000999,1,3,367
2025-05-12 22:00:06,703f6d678b4075213568817a0bbf2f200119647eb3943b18958b73ba92c6ec0f,896461,215571.0,219.0,0.001016,1,3,367
2025-05-12 22:00:06,9318dc8de392f7e9eed26fcee6e9d50ec1aebacdc4ce6050b6ea1f4c4f26401e,896461,216120.0,219.0,0.001013,1,3,367
2025-05-12 22:00:06,8c0ba9df5e81bd77d52e1bf9eb0817de776b4dd271106280165c711092281a95,896461,216669.0,219.0,0.001011,1,3,367
2025-05-12 22:00:06,8fb025c1f0a54dc74baafc2b4be3c7797ad173753a31c899c970355293dfeb8c,896461,217218.0,219.0,0.001008,1,3,367
2025-05-12 22:00:06,a04f889d0bd335b3c5269507df9bd400ebea0281029bb71d0dd750b1b4b50ae6,896461,217767.0,219.0,0.001006,1,3,367
2025-05-12 22:00:06,6fc23ecaff2d4aadd38ea2200f0076d069bddceb4f472ad7dfe28f6212603685,896461,218316.0,219.0,0.001003,1,3,367
2025-05-12 22:00:06,b91c49cfe0b1e127e6cb2dff64702f0d91554d3d0162a3fa7c87bcd4d6fbbdfc,896461,218865.0,219.0,0.001001,1,3,367
2025-05-12 22:00:06,7ff5b90514205924d1cb5ea8ef7cfc078970af8e86b0054fcc71c75c90e191b0,896461,219414.0,219.0,0.000998,1,3,367
2025-05-12 22:00:06,cfc060797f166cd1c9c769f2e94da4830d317c95c30b4a356bb2d4b0113f503a,896461,219963.0,219.0,0.000996,1,3,367
2025-05-12 22:00:06,10ad3562ca4aa74d9134afa9d44a5fd2ada18ea75b14f22dce847bb54e5f4282,896461,220512.0,219.0,0.000993,1,3,367
2025-05-12 22:00:06,b5bfa4a2ef4ea420e5680739f6f3b70eba59e8cc632c1d2992cc9da95289c00e,896461,390958.0,219.0,0.00056,1,3,367
2025-05-12 22:00:06,5d67e83cbf29565090849e9bc2916a327ffaa07511597955d887c31fd83f20ed,896461,391507.0,219.0,0.000559,1,3,367
2025-05-12 22:00:06,cc8953abab2cf517759034e2d26ffeecb6ec420e7892be926136c41907f0c9ed,896461,392056.0,219.0,0.000559,1,3,367
2025-05-12 22:00:06,b31aaf996ceb1392250b6f97f40e047144bf07d5a3e556f4624b8ead615c5f93,896461,392605.0,219.0,0.000558,1,3,367
2025-05-12 22:00:06,06f29e244b0513a25ac9f6d10c5f7e273622d5bc9d50fcd33b508f3597554810,896461,393154.0,219.0,0.000557,1,3,367
2025-05-12 22:00:06,7ce6ce4d6c085a70085b93583ae6a7af101d898ff9c8692731096a09ce94a285,896461,393703.0,219.0,0.000556,1,3,367
2025-05-12 22:00:06,04deb745ac5122583206c9698d1b75f55c07a22841e07431c44bad3f678e90b1,896461,394252.0,219.0,0.000555,1,3,367
2025-05-12 22:00:06,9f50ac4eec96ac8cd11d4cd67f8dd1220c869c7414f09dfdbbc9015a94d07efb,896461,394801.0,219.0,0.000555,1,3,367
2025-05-12 22:00:06,3e68bda996892a0c8b8254f4fb08f60fb63447179518799e380e4fd6980922de,896461,395350.0,219.0,0.000554,1,3,367
2025-05-12 22:00:06,3ba98f629453a0ece5c4d91bb0c0c4e1ebd863f40b3f69591231911afebc5552,896461,395899.0,219.0,0.000553,1,3,367
2025-05-12 22:00:06,10264e4b36136b7dc9a75736e6eeaaa2b97fe51c4227c94eff3f024cf4624410,896461,396448.0,219.0,0.000552,1,3,367
2025-05-12 22:00:06,39fce8f2af319cafcf16a4fde899a73cbb18548238a296336a17ad7e81948b13,896461,396997.0,219.0,0.000552,1,3,367
2025-05-12 22:00:06,b8c124ab5b661ee4c619911ed0fed9ae1f25774650b4ab29652c7fd6c3299b93,896461,397546.0,219.0,0.000551,1,3,367
2025-05-12 22:00:06,43073123ed0188ac8bb5d96724482a4db059c4f1a523fdc00eed32a4a1205350,896461,398095.0,219.0,0.00055,1,3,367
2025-05-12 22:00:06,c1d7419847f7d1256dc37bcc00d717454953128809c1725acdc02e78a4b805cf,896461,398644.0,219.0,0.000549,1,3,367
2025-05-12 22:00:06,d9006b440d013def1c96f687d3dcd97fd47ac21619649dc05e8ae0626b3d232e,896461,399193.0,219.0,0.000549,1,3,367
2025-05-12 22:00:06,74b9fbc05340a0250a84367340967ec4fe4309e898e67a2f7a26770909450b22,896461,399742.0,219.0,0.000548,1,3,367
2025-05-12 22:00:06,e153f6ce8ae62afe63b0cb758c9be2e23003e11dbde467172109f05791107d37,896461,400291.0,219.0,0.000547,1,3,367
2025-05-12 22:00:06,da342e0667ac92fba533e5727237bae5992eb5193f036b4e28ed356318dd0102,896461,205558.0,219.0,0.001065,1,3,367
2025-05-12 22:00:06,7418cefb2fcd2703284f2624901e5fb6bc25ccc9b4c538413bfc447e1246d0be,896461,206107.0,219.0,0.001063,1,3,367
2025-05-12 22:00:06,19b4e144444e6fc0cf7c813a9c1e39e75f5dc483334a21cafe4d772e0dd69d90,896461,206656.0,219.0,0.00106,1,3,367
2025-05-12 22:00:06,8aa249402bc8046ceb73fae3abc687df83b87bcb3712bedee3c91c0973e1a95f,896461,207205.0,219.0,0.001057,1,3,367
2025-05-12 22:00:06,2e14127c5ce197727e578b98f204d05683638a911e3b0df9cd48f6ba662f4494,896461,207754.0,219.0,0.001054,1,3,367
2025-05-12 22:00:06,4c56a089a37103efd1096e8c2cb4373415a017da75e3fdafe8b8029cb251bf06,896461,208303.0,219.0,0.001051,1,3,367
2025-05-12 22:00:06,c5bbac23be9f138fd44d446771726245b41a3c179738c61dd6da34cf7d87d84d,896461,208852.0,219.0,0.001049,1,3,367
2025-05-12 22:00:06,0e30d467c98b81ff4f4ecd47f51e318b9e6c2621d012e39c4283c5d1ac6d5e43,896461,209401.0,219.0,0.001046,1,3,367
2025-05-12 22:00:06,2817fbf0f35c473ff860f425612cc8e6095ae7cea6b4251939da70f16125d35f,896461,209950.0,219.0,0.001043,1,3,367
2025-05-12 22:00:06,b76337de6a0c368c635c9a091915096f55119a2f152063da35ee5f6405d41b30,896461,210499.0,219.0,0.00104,1,3,367
2025-05-12 22:00:06,85c6d8dd11017d1e10d209a7aff4e767c40e369745b4a27c59997b516f69ab27,896461,211048.0,219.0,0.001038,1,3,367
2025-05-12 22:00:06,39d418283dd3c82e73efa7fc45277b12bcbb190804cbb5a579a9d39fa8fd49e9,896461,211597.0,219.0,0.001035,1,3,367
2025-05-12 22:00:06,16fe946858e2516f83f5edc7773a52b065f90a56a64ba881ee4fd1269e238186,896461,212146.0,219.0,0.001032,1,3,367
2025-05-12 22:00:06,7bd02740125c5d0138466eafcfd70e3ac0e16b7737b66c0917417648bd577f4c,896461,212695.0,219.0,0.00103,1,3,367
2025-05-12 22:00:06,1e8490358eec16705c97e26478ea4e0ad84b4da65a17e84f4955a516773f3fed,896461,213244.0,219.0,0.001027,1,3,367
2025-05-12 22:00:06,b0cdf909661fd314a9c790f26d84eabebc227008d975e04ea8b77015dc9320cd,896461,213793.0,219.0,0.001024,1,3,367
2025-05-12 22:00:06,2b7b74eef5a36aa2f81d895493a60d6b61fc2cf5e3b161e83ed8909e9e024fe6,896461,214342.0,219.0,0.001022,1,3,367
2025-05-12 22:00:06,d611bfb2fc9e8e487447f7f546ca9f10bbd06a87cb03ec2536b18f6c01dd8b62,896461,214891.0,219.0,0.001019,1,3,367
2025-05-12 22:00:06,1f4092e7483235402729264884172820f501f4ecb162cabef5f1815917000f01,896461,296935.0,258.0,0.000869,3,1,487
2025-05-12 22:00:06,8a5345c7a3ecb846441197fc897c3c23801bf335d9097cd31b1429dfa8a987dc,896461,730840.0,615.0,0.000841,8,1,1227
2025-05-12 22:00:06,38b9e6ace2601e88ea3be30ed2cb48bf39b323cc81a9623f5df77eac501ce129,896461,1462368.0,1186.0,0.000811,16,1,2410
2025-05-12 22:00:06,95dffc4931085f8845b625a653ace5e5eae74dab45fd64196c8a8c008c5f41dc,896461,219498.0,136.0,0.00062,1,2,180
2025-05-12 22:00:06,de20e7d88f73c4b9b1922c8e594e5328e54571a1f386b8b7a00fbfc4f38fad76,896461,400510.0,136.0,0.00034,1,2,180
2025-05-12 22:00:06,ba124cffbc2a4d6a542839db8596e8eac49b7cbd80ca1805c07ca90a9f894d70,896461,215110.0,136.0,0.000632,1,2,180
2025-05-12 22:00:06,a6bdc91be4aa9ecdccb0523078727d77fa1aed7b7f45885c154a40168faf841c,896461,220731.0,136.0,0.000616,1,2,180
2025-05-12 22:00:06,941a60cb752662f23b6609dcb59e750d0d3391d7764b7b8bc5717972b890641c,896461,682.0,318.0,0.466276,1,1,301
2025-05-12 22:00:06,48c5f2f82bea16072b312132e559a2507fae48db3d841c43b005a0d3855ed4a4,896461,1322799.0,526.0,0.000398,4,6,727
2025-05-12 22:00:06,e4c254aa67497285a642c089e663e6c7709dbf214f937782849758f543ee0739,896461,682.0,318.0,0.466276,1,1,300
2025-05-12 22:00:06,3cb8553ec543e8df978133f2636fdad02ad5f03a15591a11bca028556f181cea,896461,45669.0,530.0,0.011605,4,6,699
2025-05-12 22:00:06,ed06df0e0cba26b05ec2ea93a967f34e0799aa02afaf0e147135659a1ae245b3,896461,2843329.0,530.0,0.000186,4,6,699
2025-05-12 22:00:06,fdb6a5725dddbeb15c775420b3757b6253301e33025f3d71d4d888f69cf1749d,896461,452105.0,530.0,0.001172,4,6,699
2025-05-12 22:00:06,4903c4f3f0c3a2b6dddd959f039511c22aaaa520dfefb29b0e11a11eafd05972,896461,1088899.0,530.0,0.000487,4,6,699
2025-05-12 22:00:06,129ae8dd0e85d8bd5639b8d788ceec93f35814bc849945f21ffe0dd7386c9683,896461,1936818.0,255.0,0.000132,1,4,291
2025-05-12 22:00:06,95ba948fbfe29fd1ba0a6e55ca2de65011d277f743486c78281d89a7c967547b,896461,49636909.0,282.0,6e-06,1,2,222
2025-05-12 22:00:06,e9c1b82dcf6ef3d860176542b13b4b10bd7e820612bec3c9301d2d5cc27a540b,896461,64820191.0,141.0,2e-06,1,2,223
2025-05-12 22:00:06,e3a50b7d686ec4b8c01db124df40445a94880c5efaca8bbbc7c7c4d98d8dd48d,896461,90767332.0,141.0,2e-06,1,2,223
2025-05-12 22:00:06,df169693675bbede0d681a23f32d2dcb41b2c7fe9becca11e3d1ed3cc4de7517,896461,110714473.0,141.0,1e-06,1,2,222
2025-05-12 22:00:06,8062263be1def0807ce6579b2fb84087414195bb160445708d21732167270a65,896461,140074614.0,141.0,1e-06,1,2,222
2025-05-12 22:00:06,ec65759582b36ffa9e84a5e13213d8320c60fe6b0009e3fcb70bc9e8c04478d9,896461,161764755.0,141.0,1e-06,1,2,222
2025-05-12 22:00:06,83a797f3a0d044c7a84c00c29648675d801a8e2406c18ff016aaf33f72b9e881,896461,179186596.0,141.0,1e-06,1,2,222
2025-05-12 22:00:06,c07db0ff5a0089cffc7c42783d013ee043c31d460f46409b88e2c6b5d08a546c,896461,208121737.0,141.0,1e-06,1,2,223
2025-05-12 22:00:06,c1c68a1e36e9d035bb522bc88018db729b7e0d86065d160050ae1c8e82ce34ac,896461,221872878.0,141.0,1e-06,1,2,222
2025-05-12 22:00:06,3ca0e1b43219066d43c542c83effd8f325621993ff0e68ba0b1238ca89b6a99a,896461,248283019.0,141.0,1e-06,1,2,222
2025-05-12 22:00:06,46c1b24aa5a99b1dba1a1b71a299b9b5ddce908a962ec065a850d1002db98d91,896461,275433160.0,141.0,1e-06,1,2,222
2025-05-12 22:00:06,3f282bbb3e829acd4ffc880ea3288be6d30c5828b3453b6306c4c9e4a5b52c6e,896461,294123301.0,141.0,0.0,1,2,223
2025-05-12 22:00:06,fb7330e449480af0156fbfa4b477e200ba9a770bb7472f6fc19d7b7d1f56265b,896461,318823442.0,413.0,1e-06,5,2,814
2025-05-12 22:00:06,2f52133834a55c086b152b526982db5369eae944f21dbf589009e710dfafb8f3,896461,298398873.0,141.0,0.0,1,2,223
2025-05-12 22:00:06,dcd36d77274d65c279f1bbb0f394a1694b90aa097c86e74bdc5b008e95bbd074,896461,6049.0,517.0,0.085469,1,9,627
2025-05-12 22:00:06,47f686c4e09130b6d24697d14ad5ea7e1d506b518729df1b051107e53992f979,896461,99997786.0,214.0,2e-06,1,2,393
2025-05-12 22:00:06,30ac7aefbbc600ed93a370096b529623b3755f0ce09c7f2d35dbbd7b90185ee3,896461,45552634.0,177.0,4e-06,1,2,246
2025-05-12 22:00:06,05141d07396158b6745cbbcdb59c3d7e5b12bfdb8141d344da27f5137ff88dcf,896461,15829726.0,203.0,1.3e-05,1,2,380
2025-05-14 19:23:31,8a779bf388e306f3b7a1e7aa1ff261baef83c5ba2deef88d08c8b054b1cd68bb,896711,2994722.0,1219.0,0.000407,3,2,410
2025-05-14 19:23:31,7654e8ef67d389b56a18ddb8922a77b49bf11a77788f066c08cd322adee7e60e,896711,5946.0,960.0,0.161453,1,4,284
2025-05-14 19:23:31,5986767fd5ce5b1294f5088bf1a92cd9b4b5f09f4e43a6a78c8aac8a68499dc6,896711,99522.0,1353.0,0.013595,2,3,448
2025-05-14 19:23:31,defff905b66907b5f395b5b36a86fc722249b145b6775f0ffd741b29c376330b,896711,17101.0,899.0,0.05257,1,1,190
2025-05-14 19:23:31,3d01bd03ff98c8763409655baf5f8197b32f82c2516b73641931b41f4d5e6448,896711,150931.0,669.0,0.004432,1,2,223
2025-05-14 19:23:31,9b5c6e1e8aac157d098d0f42a3665debdf4ba78d814fcf6a1fafc5d80be015f9,896711,2266107.0,893.0,0.000394,1,1,188
2025-05-14 19:23:31,78a8be65bcfc37fb2fa9ba1fee8aafed6e4d91c41125d9e7216ae6e1170ec0a8,896711,947017.0,729.0,0.00077,1,2,234
2025-05-14 19:23:31,66668946378f7e60e6e06f3c5d4c455873c0ef3c3e3a3d5141657b393f495fbc,896711,94954.0,623.0,0.006561,1,1,191
2025-05-14 19:23:31,083becd3faef44bdeab21b0742f8164d2cf723397cce42d911a4d23fce318830,896711,95577.0,862.0,0.009019,2,1,341
2025-05-14 19:23:31,c797a5d376e8ca20d3bd3df8c1008ad9bd4f459f376d809e2ccc3f9a1b28b1df,896711,96439.0,561.0,0.005817,1,2,223
2025-05-14 19:23:31,a3fd720320a818b3cc4f31ffb6ecbb31df50abd1fe9b9272d63459150fc9a529,896711,965960.0,1493.0,0.001546,4,1,637
2025-05-14 19:23:31,66d1b3d9fa5925659b4ea8638bf63a4bc2e93471699d75b52f443856f9a75bab,896711,3864.0,908.0,0.23499,1,1,190
2025-05-14 19:23:31,67bb2cc719ad8e70924b0eebd97a0664d57ee563af25d62aaf85ee0655e4bec6,896711,82203.0,1613.0,0.019622,2,1,337
2025-05-14 19:23:31,f67adb967b3ae8c96451d85a30f58b42ec00ea6ca655d4bec9fced4522ab896c,896711,22755.0,852.0,0.037442,2,1,340
2025-05-14 19:23:31,ad780143bb4e4029ea4b1fe211df3a6f469e41dc9ba835a8f8f877e8d8603347,896711,1860387.0,948.0,0.00051,1,3,279
2025-05-14 19:23:31,25abb5e8b196d0b747054ded5f7080697cba731385556c3ed9f5588da50e425a,896711,57700.0,542.0,0.009393,1,1,195
2025-05-14 19:23:31,5460aadc87b3edf44c4f53169b37ad1ac415bd5233f5c173cbc7a6ced51549e7,896711,87780323.0,734.0,8e-06,1,2,235
2025-05-14 19:23:31,2fbb7bdccadf37bfcf60c5f1252a692fc924321820c8693be14dc0905a3f82c4,896711,64649827.0,1142.0,1.8e-05,1,5,319
2025-05-14 19:23:31,b069ecc7c88b259851acc20a879d22200cad014d2ae1151fce4ee8812f9977ec,896711,25132416.0,691.0,2.7e-05,1,2,226
2025-05-14 19:23:31,e70e2faff17fa89b5fecc11eaee34cb7644cc641b401262b3d0407cb7c3c7fdc,896711,8844007.0,1003.0,0.000113,2,2,371
2025-05-14 19:23:31,14799eb26e4c7011a26e24ab78cbf5e15472c7e4961ad192bab5b91c74a923b3,896711,914871804.0,677.0,1e-06,1,2,223
2025-05-14 19:23:31,bd7fddca3c9467c826cfb8b5b8f6ce750c84265c4efc56ffd9169123855a81fc,896711,914886304.0,677.0,1e-06,1,2,223
2025-05-14 19:23:31,3b2aca9474e5a76beb784bd392615c7993ed1f5ab3a4d0575e49e82cdc5154f3,896711,915476031.0,734.0,1e-06,1,2,234
2025-05-14 19:23:31,3a81e720b0937eb86fb35a01cd4eabbe361975e3e60bad463c898e72574e2bf9,896711,915489974.0,691.0,1e-06,1,2,226
2025-05-14 19:23:31,396c3f8913a7fd751e1f5dd210bd00f114d8284bd5dbdbadd590692f1d7e46fe,896711,3977379170.0,3408.0,1e-06,1,20,791
2025-05-14 19:23:31,fc86ca601cd79c342489f85c7d3432b87ed6291e8b2530ecad58c0710dd9ce82,896711,216148640.0,528.0,2e-06,1,1,191
2025-05-14 19:23:31,6a59dbfe1b1befb392f92063cb5c80d401f6b77e7db94e264242cefa094bde93,896711,212885178.0,1757.0,8e-06,1,9,447
2025-05-14 19:23:31,06ceec881e77d0da1aa38b1a596e9fa68918cec434ba939ecc1f9e478fbf500e,896711,2532911185.0,2770.0,1e-06,1,15,658
2025-05-14 19:23:31,9db95da58c4cb89e09816a0d013ef0c0205bfc2d9ac11b0936f025b550d03986,896711,4513406.0,677.0,0.00015,1,2,222
2025-05-14 19:23:31,50f66c18bf58dbb916b757b6ee8edfeb9b49a6fda0616065647765dade50df5c,896711,1091709079.0,677.0,1e-06,1,2,223
2025-05-14 19:23:31,eb274fb907bda80fa96670efd0598d59d652ca3a0a622bdf05b915c1afaa534c,896711,4791378538.0,677.0,0.0,1,2,223
2025-05-14 19:23:31,97f57124764bf774b483894b5982a05626e4f89902369fcbfcbc73aec6c1cb46,896711,12385782.0,677.0,5.5e-05,1,2,222
2025-05-14 19:23:31,15c67d0966d2e98b0fcb4e39f0f567d014f1d5836d25c6eb4f9ea5b14b171c3b,896711,7072175415.0,677.0,0.0,1,2,222
2025-05-14 19:23:31,4094907ed4e5ea4cae54b56c6bc1b1b853681e0b48946bb03908b5652bcf0d23,896711,3473938728.0,682.0,0.0,1,2,223
2025-05-14 19:23:31,4a2b8fed94a079c244073912ca4d096b16903ff778c47db5edda767b49bfb087,896711,546.0,6985.0,12.79304,1,2,5309
2025-05-14 19:23:31,3f37624698e801c55785c6ba32c7913e4a3388f81dc6ffe7369788e4c3a06f64,896711,2914610597.0,2986.0,1e-06,8,2,1264
2025-05-14 19:23:31,62c0f1c0b27058eb3542e98d22c8c85dc762eef4797d6bb374fc493da38a2e90,896711,879454.0,546.0,0.000621,1,1,195
2025-05-14 19:23:31,adce75d8a53e69d95b32dfd4d3d9797364598565667296b078efd9a1a6eca820,896711,613865.0,546.0,0.000889,1,1,194
2025-05-14 19:23:31,a4659cb75bb010e0f21671a6d5822754c059e06b9c61c616ed8bed8877063697,896711,546.0,9545.0,17.481685,1,2,7372
2025-05-14 19:23:31,62393e3e56089f70e580931602d98240f78ac38ed0b867b80b9fe4af133b7953,896711,93465.0,501.0,0.00536,1,1,154
2025-05-14 19:23:31,d0d67f35a166871e3f36a2b8392fd3ed6df60f6693b894eebd5921118069eb20,896711,546.0,10405.0,19.056777,1,2,8061
2025-05-14 19:23:31,e07fa78f5191c3df8c25826d92b40c20da918027874d9758269e3097206eb9b8,896711,546.0,10455.0,19.148352,1,2,8101
2025-05-14 19:23:31,b4a246e2061c2c65e3e0a1faa0bc33c0d5fdfb6d66ee949b6bf3695e254543f9,896711,546.0,12045.0,22.06044,1,2,9380
2025-05-14 19:23:31,11ace84cbfc77fa53d6ef253c56d0f54f7df551a1a4769e2ec1fcdc7805fce51,896711,546.0,12720.0,23.296703,1,2,9923
2025-05-14 19:23:31,30cbc8eb12ebae02196a4893fdc6d570d8c437c9e43bcfa37462176000b44626,896711,546.0,13275.0,24.313187,1,2,10373
2025-05-14 19:23:31,8bd827b2a5489fa22a049a3dde832b04db41d25b7773b3ec8a726e55024a050e,896711,12450117.0,1353.0,0.000109,2,2,370
2025-05-14 19:23:31,d0415108d96dd2f9143fdb0c13422465f47080e15d5ed4181b556552f8e08c4a,896711,3317354.0,627.0,0.000189,1,2,222
2025-05-14 19:23:31,edf1b630e4b433be09792848c0abf9863390b366ca43f8030b8123883936a377,896711,4090781.0,422.0,0.000103,1,2,223
2025-05-14 19:23:31,225a4990763f3a1682ed587df3d3496d41b3cce99834cc27b1e72ad1541c7a02,896711,547851068.0,808.0,1e-06,1,2,247
2025-05-14 19:23:31,c48435e162d7170cd65eb6abbf40fd3a4d7a74b96800de0be35e40fe0508d34d,896711,356165.0,972.0,0.002729,1,2,223
2025-05-14 19:23:31,19ed615f487f74c241231d4901e185062972ae26a8e48c4f62adf6d7b58841c0,896711,691665.0,2294.0,0.003317,4,2,669
2025-05-14 19:23:31,26c656c156e0e0f9b0d7108bd475d7a0bbced7436ee98273ede8f2f041ed2ba8,896711,483679.0,319.0,0.00066,1,1,191
2025-05-14 19:23:31,f1d895648e610491475d02657cb98615c09cb48a915f0aa498cb632575ee3ca4,896711,96046.0,319.0,0.003321,1,1,191
2025-05-14 19:23:31,d36506ae2216c70cd79e87b8bc6d2e17e637c092725745d952eab9da65c87e68,896711,17781.0,319.0,0.01794,1,1,191
2025-05-14 19:23:31,3b2c894649101ea65f087cc76e130bdcb8a49cf7eebea75784fdc4b8fbdefd3c,896711,96453.0,319.0,0.003307,1,1,191
2025-05-14 19:23:31,9ac3af952c5cfacf0b0764adfa9a5019ae1d6e28cc68045385076506d3cc1360,896711,1585111.0,545.0,0.000344,1,1,193
2025-05-14 19:23:31,fe5d74b2e3367fde048f57779b4e35aa47a3f51d046e706496c6b16850b76346,896711,355641.0,545.0,0.001532,1,1,192
2025-05-14 19:23:31,5f3cabb53c4bfbcb25b0f7c134b6872e5ca3928cca2cc4e2a68ba403e146e5c7,896711,76277.0,555.0,0.007276,1,1,195
2025-05-14 19:23:31,11738e6ff09781b69ebc795794d82aa7e559edd188ac0d7afbb4dd36daf71003,896711,136354.0,555.0,0.00407,1,1,194
2025-05-14 19:23:31,c22864a78e35bcb22b41d09bc33d1ba8c475f2852260360a9a40bbdae49c38ee,896711,29165811.0,2522.0,8.6e-05,1,14,594
2025-05-14 19:23:31,c8032781dfa9c65d03d1f0005a244ac51f6cb99ddd2912f4139f51ab496f5bf8,896711,47454.0,546.0,0.011506,1,1,193
2025-05-14 19:23:31,c9b302839841ef0d91213995aea6fc3e26ec4d80c94674d29e769e03b856e796,896711,11967519.0,818.0,6.8e-05,1,2,248
2025-05-14 19:23:31,d2f7f6c23dc310ecd56c6ce852f2705f2abc28d3c520005dd835c67d8da2dd41,896711,29000.0,892.0,0.030759,2,1,343
2025-05-14 19:23:31,e0b5ca6251a9b43229b66660462ee877aada228a8cd09553d2775301d2ac72aa,896711,82460.0,695.0,0.008428,1,2,223
2025-05-14 19:23:31,a7e6ede2c6924d8d287f577cb700a02e4e60b2352a3db544a8f053b28a5a798a,896711,702875.0,695.0,0.000989,1,2,222
2025-05-14 19:23:31,889fefbb2d4bd8269d3330e3893e22dac2ac9bf6761f44c537cb38630b4cf086,896711,3297113.0,700.0,0.000212,1,2,223
2025-05-14 19:23:31,62d6e4644b10b0b12f40c2992f03671d54c5b386c81fbd97ce2b3c505760c2e9,896711,351038.0,710.0,0.002023,1,2,226
2025-05-14 19:23:31,44b2375f38563ad03c4e0971a7cc24ada9954674861c553288d900938324d460,896711,228603.0,710.0,0.003106,1,2,226
2025-05-14 19:23:31,67d62317cf5b2d860f68477d6cd680b959bb44bd7e58373b5888cc53b918d44a,896711,260287.0,710.0,0.002728,1,2,226
2025-05-14 19:23:31,bbdf0d1872bf10e67f2e83b2c6eba09e2126d67da7c87dd54e920ade4fae912d,896711,2161505609.0,2160.0,1e-06,4,2,761
2025-05-14 19:23:31,3835073210e3fde6c043ef64444b77d63e41c0aa186d79c1cae5dbe065436677,896711,57639851.0,1100.0,1.9e-05,1,2,223
2025-05-14 19:23:31,15fc99552dea9a352e21cf3a60bb76c1c1175a798064aa1cd54a27592db5fbde,896711,192498185.0,698.0,4e-06,1,2,222
2025-05-14 19:23:31,33d86ee6963accb32e63bd88d0362c33191e34aa52a4def50ec0060e4a994e85,896711,2499302.0,698.0,0.000279,1,2,223
2025-05-14 19:23:31,3cafee8c54c2c608a5c16a4369edc0084952049aebe9b43847971b7ba4d02453,896711,123896335.0,698.0,6e-06,1,2,223
2025-05-14 19:23:31,d56f416cd9c58cf412b8c5de2ed3fa466b4f2a7628f1a2bbce6c79affc89a739,896711,30930375.0,698.0,2.3e-05,1,2,222
2025-05-14 19:23:31,73f0642e990199af2f61bb183c10a066f34997794e5448312ccae5b62f1cc831,896711,379444.0,698.0,0.00184,1,2,223
2025-05-14 19:23:31,26c0ea7fca199fc8702d7e9bed0d7b82aff5436edac789c2efec125588fd7726,896711,4304793.0,698.0,0.000162,1,2,223
2025-05-14 19:23:31,e7f3e22cd32b4a5dc25c7630fccfaea79e3af01a7431612f0e11fe965bd34626,896711,111114.0,698.0,0.006282,1,2,223
2025-05-14 19:23:31,0d42705cf5a638f5be36f2cffaa1543c4a8c3f1ac1feda4991afcf6813097f1c,896711,1910307.0,698.0,0.000365,1,2,223
2025-05-14 19:23:31,ec9d6b0939efd4d5d76ff9f575da98a212a3b28670fc14881a4c16b496918212,896711,32089140.0,698.0,2.2e-05,1,2,222
2025-05-14 19:23:31,80b4715cf723e66260dcef1556320d4025618091bd0be76db19df124e8004b7c,896711,11135376.0,1035.0,9.3e-05,2,2,371
2025-05-14 19:23:31,15e82a5c851a65ae72887a88f65672ffe46b2d486dd3a47f3a2b14c408d2d133,896711,71571341.0,1035.0,1.4e-05,2,2,371
2025-05-14 19:23:31,ce308059dcae18283c5b5a1ecefb038c4a05091a624376b1ddcc03e10d0957f9,896711,166564.0,545.0,0.003272,1,1,192
2025-05-14 19:23:31,7c883a598bebe44bb1a1a8978567b67ca3f386988964ac558f5550885afba1e7,896711,4017.0,545.0,0.135673,1,1,192
2025-05-14 19:23:31,9738d3fb2ab9793558de5d32e99e19513d1dad627771a25492901b0b8e10f2b1,896711,19593.0,545.0,0.027816,1,1,192
2025-05-14 19:23:31,0b599857af1e0b13c78c951d829ca5540b9022f868e70681b55cef99fd85c9ab,896711,144146.0,545.0,0.003781,1,1,192
2025-05-14 19:23:31,f1e9c0c1f55a3c07370f230926311e21296b9a6843ec9e6c11d6756db14f31a7,896711,445667.0,545.0,0.001223,1,1,192
2025-05-14 19:23:31,bb005fb4485e38137d558378d9f4ef3c8eb12adf4a49c8b84474ed9e059f2da7,896711,98675.0,545.0,0.005523,1,1,191
2025-05-14 19:23:31,1c1179bf0d00bd3e5bb411aa923a93ec806642a9e2d49861a2c01427e970ea67,896711,47884.0,545.0,0.011382,1,1,191
2025-05-14 19:23:31,56d708d7127bb269df46246917f93ce90841ee9fdd93dc8a2096055e66b68563,896711,180802.0,545.0,0.003014,1,1,192
2025-05-14 19:23:31,610ae4006b34991c964d0b3a5e7c4376b9959558efdbba75277636f797859549,896711,25578.0,545.0,0.021307,1,1,192
2025-05-14 19:23:31,ea3948fed8c4d94d4d1cdbd3b38278324bed471d1695b5763a2abba5bd788441,896711,38769.0,545.0,0.014058,1,1,192
2025-05-14 19:23:31,065d5a81e7a949a6bc04c968df7d838dd0a8ad9fd55e2c72bf59e01d110c523b,896711,96621.0,545.0,0.005641,1,1,191
2025-05-14 19:23:31,5ca5a1911a5f7e7bfd8e5908254a82084bd40617d10989b210df629c89287f35,896711,1799356.0,545.0,0.000303,1,1,191
2025-05-14 19:23:31,ba6ac3e6fb27bcdb00b50ea2b4820ba2a782ee13fb6be3cc0b5994e80e5cea29,896711,190233.0,545.0,0.002865,1,1,192
2025-05-14 19:23:31,41a4066713f0b33ca37e4230db30cb4caff1e55153f5688f10b61ee06874fd1b,896711,97243.0,545.0,0.005605,1,1,192
2025-05-14 19:23:31,1c177c499089ab631418d2f09fc764f74304563c856e6b4fa9bcb33b32e50918,896711,13974.0,545.0,0.039001,1,1,192
2025-05-14 19:23:31,d5af07744c68ff8138d094dcc5585e26541b18cb45394c1314d000e291ebb60b,896711,393578.0,545.0,0.001385,1,1,191
2025-05-14 19:23:31,64a51535270347d604d38769a04a366af07033d5f03d45b43bcf137d5ad73214,896711,166526700.0,1100.0,7e-06,1,2,222
2025-05-14 19:23:31,31f89d7403a3cd1cdabd99d291d779398175f0f0c3fc4b0ef743adaeb3e6d793,896711,695680.0,560.0,0.000805,1,1,194
2025-05-12 21:57:42,928ab0eeddea2b9228d170abc5f5017bb67cae416b815f58e52ac4912e6f2109,896460,1575486.0,146.0,9.3e-05,1,2,225
2025-05-12 21:57:42,9eb0babda93e8b626b842e31e58b81eb178a26b7d0cb789959a13ef2ef449dc8,896460,403430.0,675.0,0.001673,1,2,245
2025-05-12 21:57:42,561214b598f20b2295f9ee190d0a9eb58ddab197bec7a43f2b57466c0ad0c988,896460,290721.0,675.0,0.002322,1,2,245
2025-05-12 21:57:42,95854396afb8644bd8554d6913ddb813d0e01f08747f7d7d70f184ace517544b,896460,412250.0,675.0,0.001637,1,2,245
2025-05-12 21:57:42,92b6fc42652d630864b8236ede6387830d16b02d1bfcab90d85e1b5c7ab7c03b,896460,75940.0,675.0,0.008889,1,2,245
2025-05-12 21:57:42,b9802fe961e95f64a60a5111a2a4851dbd2b954ca25ef7d3a9c8f1d647dab73b,896460,466942.0,1116.0,0.00239,1,5,352
2025-05-12 21:57:42,47c56b004147bd7b6b63545815cba2ef112ae9188aaefb12769f4f44dc78ba3a,896460,996859.0,634.0,0.000636,1,2,234
2025-05-12 21:57:42,b7c5ec29defef8389bb83c1df523f0b11cae6104896a66b4a3e38fd7cebaf9ce,896460,38848.0,996.0,0.025638,1,4,291
2025-05-12 21:57:42,9f1bae54669add20712edaeefe79fc4205b930f15d2eb8b981efb559c9aeaf8b,896460,10538562.0,1432.0,0.000136,1,6,344
2025-05-12 21:57:42,af7d786c97ecd4ee4442889f483b9b25eb9c63af2ecf5308f30816304a6de3fb,896460,7909.0,1112.0,0.140599,2,4,398
2025-05-12 21:57:42,1c7f8ac6ca21330a62eecf2523b05cf943702b15cefe9b86fe1c6383dec52c1a,896460,12566.0,1112.0,0.088493,2,4,399
2025-05-12 21:57:42,5f5fffbc8c1b5c3ead0312b812c3b0cf71826c838d3e59b74e57a4e8c70b450e,896460,125528.0,722.0,0.005752,1,3,254
2025-05-12 21:57:42,c2040e5e87a99884401593fef21d03357ee5949e1ba8e39fb7bfb3a08ca64605,896460,188473.0,513.0,0.002722,1,1,204
2025-05-12 21:57:42,a83765d1c57a9ae4a07eece5cfa456400bd36287aaf93f7e5e054da0093a4c1f,896460,1728877.0,3365.0,0.001946,11,1,1688
2025-05-12 21:57:42,5181a137cb32c723d4e96c9e899dd7f3737e7807c7ea8787a96657f806b62008,896460,4307841.0,708.0,0.000164,1,2,249
2025-05-12 21:57:42,36fa93cf11c155ea0e0ccd11c2350b9158f0ac90507b22b7f83ed313366d11df,896460,4571574.0,1374.0,0.000301,4,1,649
2025-05-12 21:57:42,79683900f75d7a3bba080dc7007229a47973d9975918f11941788bec254aa566,896460,93336.0,848.0,0.009085,2,2,300
2025-05-12 21:57:42,20cf062d3854ccf0bc6e6298d77bfe0c3e9beafeac4065bd0966de096561a296,896460,185462.0,1421.0,0.007662,2,1,335
2025-05-12 21:57:42,2942bbbf36ef8651ee4f509ed8e902013e778cedd97d9aab493ab6582a6067a1,896460,117511.0,578.0,0.004919,1,1,217
2025-05-12 21:57:42,63ede55349e59bd524ac813f6af8198b639753dfe76ab84ed773534acec3954e,896460,28289210.0,715.0,2.5e-05,1,2,250
2025-05-12 21:57:42,248aad5467748fdd9549418e0ce062013078eb3854297a00df5f6ffaf622db34,896460,999177.0,823.0,0.000824,1,2,358
2025-05-12 21:57:42,621a73498692e112469b3b6c3a0b0fbe99f544ae0d018849e33d532ebe63d22a,896460,77753.0,483.0,0.006212,1,1,195
2025-05-12 21:57:42,96fd11a397e34ad4dd67c8b66f09680f761bdbe7c012cf9959f8182886d90db5,896460,1349803.0,708.0,0.000525,1,2,247
2025-05-12 21:57:42,0ce69e60ee0b7d03fd2e1c98126e84e214c63a456acea749b63410ed1ac7e8ca,896460,20100.0,485.0,0.024129,1,1,195
2025-05-12 21:57:42,3dea310ea929fa28ccd5354d6f41c499120bec4b7e60b651abdadfff28ff97f5,896460,284774.0,1901.0,0.006675,3,2,519
2025-05-12 21:57:42,6e3f4a603b7502976a911aef7051f54b910e55a74cadaec4e6ccec99046b54a8,896460,96970.0,322.0,0.003321,1,2,222
2025-05-12 21:57:42,7fb450b7b9432b3791151852c9515e9adfad96e1d50f4bd033e6e5fba6810275,896460,5487812.0,465.0,8.5e-05,2,2,371
2025-05-12 21:57:42,096c5adedd8bacd0f3c1d05d3bf02cccf3086c3b234f17858569d9a8f7897fc0,896460,521982.0,2617.0,0.005014,6,1,934
2025-05-12 21:57:42,33cd8961d82f00e82b90abb1d7893eb7d4aa47282fb0953a165c4fd05f22e01c,896460,1231541.0,1420.0,0.001153,1,2,222
2025-05-12 21:57:42,5e5c1898c49d1021cc4593170637856d355360c34ae3ebcca784f4c368597431,896460,1297857.0,488.0,0.000376,1,2,222
2025-05-12 21:57:42,ab6e723c49946afab9046972e374cbbb0f092bdebeac12924fc7146fa62f93f9,896460,6258.0,610.0,0.097475,1,2,222
2025-05-12 21:57:42,6c0f058f5b6e0398fdb294e3aa63edc37804bfd88375b334881a90a0569feadf,896460,40707523.0,1440.0,3.5e-05,1,2,332
2025-05-12 21:57:42,706a7f0b62d1a02787964048dadf34055eec44a223b9b26112d7aa7dc3df8eb3,896460,1028797.0,612.0,0.000595,1,2,222
2025-05-12 21:57:42,845ecc0a2a46830b14579bbe6e7f92faef3ac3cddc7e2fb292def126537e60b3,896460,3440166.0,612.0,0.000178,1,2,222
2025-05-12 21:57:42,77dc3861a15987fc534d67094a5e4e43ca22811aedaa6b7e9879faddca868914,896460,629500.0,612.0,0.000972,1,2,222
2025-05-12 21:57:42,27cc3928cd93a35b5413efe9ebcd0f37f0c645a100f003a207d33a20caae29fc,896460,150636185.0,8206.0,5.4e-05,7,2,1885
2025-05-12 21:57:42,56002587fba96018f288d1e5bb2c9f123cdda21ac8c482c08a8633bd951f9a36,896460,155773.0,908.0,0.005829,2,2,369
2025-05-12 21:57:42,a36f93fdf74e11a9ce7af64d040d9b5b1a785cc60bcf7f7d3a76c1576c31eb49,896460,268155.0,568.0,0.002118,1,2,181
2025-05-12 21:57:42,3e08684d0f4689cee3b117fce9884abae73bb9fc84b498085f354a11bf69d585,896460,442014.0,1088.0,0.002461,3,1,492
2025-05-12 21:57:42,1d3b4a1f07decd72842aa7aca600fcd5e6020393c5cdf9d8dab09304bccb84b8,896460,229704.0,879.0,0.003827,2,2,332
2025-05-12 21:57:42,3fa4dd0f806fa9ad012471bc7365ac82e449ace8e2fdc9fb41a04faa03859999,896460,168346.0,643.0,0.00382,1,2,228
2025-05-12 21:57:42,1300990215ad47c4150c44b76b12a028ee9c983c3b8dd4b99fa861b5bfdda12e,896460,551727.0,488.0,0.000884,1,1,192
2025-05-12 21:57:42,f4cd63bc5757ab72cc6eed5c9105a7580a79e1c76f945fe8fda0c16bb4a01f9b,896460,234636.0,620.0,0.002642,1,2,222
2025-05-12 21:57:42,d411cd7911cc0fa71e5cd9af4bf81f9854eef86eb457fcd77a37f0f54344944a,896460,2172168.0,620.0,0.000285,1,2,222
2025-05-12 21:57:42,92b11ba8eab16fd90253800374ef4f4ce82fdfc049b2afa7c7043cecece27400,896460,1039918.0,620.0,0.000596,1,2,222
2025-05-12 21:57:42,be40a20305b85f8ba5046998000f0d067765247e573f61ee004bc6c9078c8f12,896460,1129272.0,620.0,0.000549,1,2,222
2025-05-12 21:57:42,b6ed3d1260aa098b75551a56d994a834c89e7a08bf5b760b18c598d8f403f315,896460,480799.0,977.0,0.002032,1,2,222
2025-05-12 21:57:42,4aa63ade0e54cf01067d99dba534b980317f57436bf559983fef5adaf9edbd85,896460,30133.0,634.0,0.02104,1,2,225
2025-05-12 21:57:42,ef50f11dd729a7bce6452d5aaa9bd5ed54495871ae85d9a0e5649149446fbc7c,896460,407353.0,1518.0,0.003726,4,2,666
2025-05-12 21:57:42,e1dd32ecfbf5dd1580dd2729ec0ed8c1e525db541c4fe9ae979f10daaa01fdc3,896460,9727265.0,7066.0,0.000726,23,1,3447
2025-05-12 21:57:42,4166736a4c50e8fb11ddec7942e45e371df11d61f1fa04630c7ce9f709f6a51f,896460,1888498.0,1082.0,0.000573,3,1,488
2025-05-12 21:57:42,f97b3159f9cd3f58890c9952bcaf0b40f130e6fdd26b3000f9fbee2fa800eb6b,896460,280906.0,994.0,0.003539,1,2,225
2025-05-12 21:57:42,6fba39d6534c5527ec3b20ea1a448d0f1fe09073408cac34a64f9a13e50207fe,896460,75059.0,844.0,0.011244,1,1,191
2025-05-12 21:57:42,19feaf1f302bcd6269c9773ea3d6de5e7a3e7cf175f9b523ab34e4bb10256668,896460,177025.0,1980.0,0.011185,6,1,931
2025-05-12 21:57:42,01b42b83e551730a32d91c4a1da3ed2d624c1bbc9ad8445f0b15f94e761792f2,896460,72099.0,2570.0,0.035645,3,1,581
2025-05-12 21:57:42,3fbcf79a72522f7bd2374b23ca2c1c66dd4a4ef5ef853ff33a71b0de45bceff2,896460,55584.0,783.0,0.014087,2,1,339
2025-05-12 21:57:42,dc5d260cdfcfbfef76e2b6257f3c6684d07398b745ab51215ec34385cc0e9ba2,896460,996939.0,8892.0,0.008919,11,1,2010
2025-05-12 21:57:42,fb465577ccfec77bb0963161538daaeab298bdc5c93085125c8541a780000929,896460,94069.0,845.0,0.008983,1,1,191
2025-05-12 21:57:42,772bce073531b343205e048669f1a8859831494bde45746930fc1ad30af5a626,896460,2925.0,487.0,0.166496,1,1,191
2025-05-12 21:57:42,d1bb8bcf5303affd98652103d87d7fbd5942141df1c4c6e59a0ebf5ff0b56f6c,896460,45431265.0,541.0,1.2e-05,1,1,204
2025-05-12 21:57:42,6c36a9c1ca4869d7c31ebb581bcb81f2ece718e1a7e446ed3999d8000e671b69,896460,1886211.0,626.0,0.000332,1,2,222
2025-05-12 21:57:42,5f8a8a16ce16e20afe2ecad406cb8ad94f9fc080302f15b27e17bbe5dd4427ba,896460,26082.0,746.0,0.028602,1,2,249
2025-05-12 21:57:42,396fd36ac9e741e498c8db1b0f1be68638a94f8a17461518522f7ed8fc4a6799,896460,999507.0,493.0,0.000493,1,1,162
2025-05-12 21:57:42,bbddd352ac9fc616458f53d37ee6a01dd2ba720da8976c3864331351b141df38,896460,999507.0,493.0,0.000493,1,1,162
2025-05-12 21:57:42,02b1917a91c9350ecc4cd8a1c4bd2ebb9cb40b44eadba44f543b155d4dada768,896460,1044454.0,729.0,0.000698,1,2,245
2025-05-12 21:57:42,c5a02c69b7da6f58776b8bd5e7eb80f6a6a5939d3e0fd31d4efcbbed6c2a05be,896460,1054118.0,635.0,0.000602,1,2,224
2025-05-12 21:57:42,908a4caca0936bc0c27fb3f858ad10c9f9b7f69cc51b7a510fe3a05317209ae7,896460,1063379.0,924.0,0.000869,2,2,370
2025-05-12 21:57:42,70b280b6af6abd6043c26035c70dae41be2125280aabe5c0419605980b44c8dd,896460,23466.0,1129.0,0.048112,2,2,416
2025-05-12 21:57:42,9f43bdd77840da6d77eff8c1c355b571ef69bfab7c2a99213eee3b7248e3ade7,896460,685606.0,929.0,0.001355,2,2,371
2025-05-12 21:57:42,e8c85f58eaf6affffd310c744b46037fb31d7aff9d2079b8c9fc7924031f3295,896460,563794.0,929.0,0.001648,2,2,371
2025-05-12 21:57:42,279a62a35f3e9d80905046ff0c7ef033f8feeeb51732cba6279f117b726e4f72,896460,11971.0,729.0,0.060897,1,2,245
2025-05-12 21:57:42,2f90bcabb3d30a0ae0b48a8ab3bf7266af5d93199e9906d8c3b0ace99ba3786b,896460,1895668.0,729.0,0.000385,1,2,245
2025-05-12 21:57:42,40b270c3caecd2b2ddf41d0feab7a096adc52617b3f5c3cd67883393d7c5d635,896460,26271.0,729.0,0.027749,1,2,245
2025-05-12 21:57:42,f868b1762f60436a8340f21589c074e6353f56afe7a4278827cb0193e9202123,896460,14271.0,729.0,0.051083,1,2,245
2025-05-12 21:57:42,3a6616567382a5298233404c9ec84a5320aa83a938cd02ae4a4db8c63a497ce5,896460,23862.0,1138.0,0.047691,2,2,418
2025-05-12 21:57:42,f25d99721bbf723e1b7f50db2bd5d5feac2631d34bd656eab6dadd7972ca71ff,896460,650897934.0,3857.0,6e-06,6,2,1876
2025-05-12 21:57:42,ea3e50f575038fb791595ec7bb9559c7a91e5a4010a1e12e1e431c617c5b9cd5,896460,302386.0,1090.0,0.003605,3,1,487
2025-05-12 21:57:42,76bfb1be42ad46761dcf9dc566ff0f6c705f2dcd1e5b48dcc0ffd07d825964f3,896460,162020.0,1228.0,0.007579,3,2,518
2025-05-12 21:57:42,5b177eba6810fad476119080ff470a7819efcddcd8ea1769db371cb4ac5285ad,896460,351257.0,1535.0,0.00437,4,2,667
2025-05-12 21:57:42,240606511f3b21d791319d646b635a50aab3fbf391fe979c7b93d1f8f25b352c,896460,1926825.0,1531.0,0.000795,4,2,666
2025-05-12 21:57:42,128e307bd64c5213135e95450dc55908e67ce221e7fa80777094d03c2ce87ff8,896460,1559817.0,632.0,0.000405,1,2,223
2025-05-12 21:57:42,022f090411ecbb59fa06d27e6ae657d7765b6ab62799a2043ed8a2f7b362589f,896460,86113481.0,632.0,7e-06,1,2,223
2025-05-12 21:57:42,73dd9f3529373d36c86f6a48b0d336bd20cbdc8394ea4d17ba78994ebef17a77,896460,170040.0,1135.0,0.006675,2,2,417
2025-05-12 21:57:42,dbd341191a13ba57cf1ca7dae247bdd454c5775ef1a7712ec3b889b5a0748345,896460,75652445.0,641.0,8e-06,1,2,225
2025-05-12 21:57:42,7b3903d3d7f2b9c17c666c0a436475667dabd6e18e4561f39649d279df8dfbdf,896460,283831.0,917.0,0.003231,1,2,375
2025-05-12 21:57:42,4027d7eecc434786cd3ecb5f531243683228c6312c3752fe41f1e6d26afa6330,896460,179232.0,628.0,0.003504,1,2,222
2025-05-12 21:57:42,ff47dc3c8b9a96dbbee033b9106168786add4c254feddf3b2452fd0ff4ae40fc,896460,199372.0,628.0,0.00315,1,2,222
2025-05-12 21:57:42,0abe2b345285345e337d448acb574895571652831c329969484af7a94ee7c867,896460,276500.0,659.0,0.002383,1,2,225
2025-05-12 21:57:42,f33e39283f0f02fbc195b5e60473fbbb92f222a7a5558d238ebdfd194c550fa0,896460,305472.0,620.0,0.00203,1,2,222
2025-05-12 21:57:42,3eb032af565201a2f537f48d0b02a0e351cd484f1992b4151a2bbb7e49712b01,896460,316816.0,620.0,0.001957,1,2,222
2025-05-12 21:57:42,81c82f5c1f90468d0a75e6d5c9273e297d4c2607606fadbbd36ba257690b3231,896460,106560.0,798.0,0.007489,2,1,341
2025-05-12 21:57:42,c55f4997efb10940f6229bfccaeca7fe6ed370d26bcdd81672a02e86e64d53e2,896460,194000.0,794.0,0.004093,2,1,340
2025-05-12 21:57:42,62ca292fd51b7f83be9b0ea45ca5eb14f3938aa7e8acf1efd70cee2b55b1a6b1,896460,4189.0,491.0,0.117212,1,1,192
2025-05-12 21:57:42,1f6c2dbd69f41b129e3ea5e60011019f72fd95a24fc3ec60197e550f5f482ccc,896460,51141.0,643.0,0.012573,1,2,226
2025-05-12 21:57:42,51c4f71e066d5cb5569c3523599a2234e113e8ccda36eca56e047f7b21e3b79f,896460,214724.0,643.0,0.002995,1,2,225
2025-05-12 21:57:42,c5f0d17f810a2868b8e8439e5c6f2e1fa50099053b8d656725348134a73f694c,896460,1137797.0,643.0,0.000565,1,2,225
2025-05-12 21:57:42,54dad679d714c66e521549a1d868c1e2bd43610242a9dd53c6f6878d1de141e5,896460,1157582.0,643.0,0.000555,1,2,226
2025-05-12 21:57:42,1d0e7686ffccc965a1aef8cf79a1422aa01a5ecef6ae0a3b2a3beb7f9f506922,896460,47445.0,643.0,0.013553,1,2,225
2025-05-12 21:57:42,fbf3cb7a102dd86b7b9af55629b31e7a939b7cdc7fbc0dc99e45da4a5ed2dc03,896460,299792.0,643.0,0.002145,1,2,226
2025-05-12 21:57:42,f4ded9fd845073e8e2d71dd472b55ece5fb4f96723b26e0d5b8c71445bd5e000,896460,112673.0,643.0,0.005707,1,2,225
2025-05-14 17:04:35,fdfa2195412f59d9c0da964c7a25b79a1f8dd7fcf54e817c9ca1fd0357283acc,896698,167720233.0,691.0,4e-06,1,2,226
2025-05-14 17:04:35,79aabcebec87b7e8d3bfb09af4f0f04335d9a600b7e8eeb5a4c23d364e5b446c,896698,5351045.0,691.0,0.000129,1,2,226
2025-05-14 17:04:35,264dfb2b6414912ac6204296ac3c6a808f02b18555d4fbd79cc905f76b172c10,896698,599998913.0,691.0,1e-06,1,2,226
2025-05-14 17:04:35,e9fd77bfd6bbcc322b229a5a3724608bca1762c16e74d1d2542393361e9b510f,896698,754593547.0,1003.0,1e-06,2,2,371
2025-05-14 17:04:35,5974efd9826e0ac28347d9a278e68b4f0a5b1fcea943c88f9f05da672aca10cc,896698,170245.0,846.0,0.004969,1,2,223
2025-05-14 17:04:35,a6e6139cd0e1bc8af79462ea2c6a2664e3f5fbfe16a88e816272d2df32df87ab,896698,186602.0,846.0,0.004534,1,2,223
2025-05-14 17:04:35,94ea97769e740db78f0e31488c5eedcb351e28d2061aa58f15c45cde67ebc585,896698,278271.0,338.0,0.001215,1,2,223
2025-05-14 17:04:35,e97c6d37c946362467e0b9efec155e8e46a60c861a0477e42fcf1490980b1f4c,896698,197620482.0,1440.0,7e-06,1,7,382
2025-05-14 17:04:35,260127bf086872536c2e1ea17ef28db3ae327f492be6d3b17d53aa18cfaf4d01,896698,14938.0,528.0,0.035346,1,1,192
2025-05-14 17:04:35,be7b7a137997d8a9d01b96a577c931d98d4550252f0943ffd4b233d24a6cc62b,896698,2576898641.0,2957.0,1e-06,1,17,698
2025-05-14 17:04:35,585e86bee49da4b6b81796c29af3afa325b6b984572ff9341569c4f3a7412aba,896698,332833644.0,2045.0,6e-06,1,11,507
2025-05-14 17:04:35,be3383e935be7b7329c644dd5da25141a6267e65879ef17d6feb6f2776069a75,896698,238643064.0,1805.0,8e-06,1,9,458
2025-05-14 17:04:35,aa09a115c677f06243c43446beef0e8f0ea36f08dd91b73225a6aecd0457dff4,896698,965568.0,677.0,0.000701,1,2,223
2025-05-14 17:04:35,4bb75a306fa13c0a41d3e64cee5d8cb9a4a77e25737dcd5e1373aba7324881f0,896698,609160250.0,677.0,1e-06,1,2,223
2025-05-14 17:04:35,d8409d95c82895bceccdc685dd6d958ff2229447cf63c436256e2b5250966ce1,896698,1652222.0,677.0,0.00041,1,2,222
2025-05-14 17:04:35,72e6f6660731b40374bb9c93e54930c0c18b9b79c8d6b03561045448fa343bbb,896698,22564585.0,677.0,3e-05,1,2,223
2025-05-14 17:04:35,7052a63275036167f4a8b2e1b03b73a2996b46f2b3e924caa8fd7351fea2c9ba,896698,1938597500.0,677.0,0.0,1,2,223
2025-05-14 17:04:35,65bce697305162a2e85f11133fb6916555f89dfa89417365fa5841a16b7c0887,896698,432957872.0,677.0,2e-06,1,2,222
2025-05-14 17:04:35,4f16623de59acaa26012a772f0e186b21784d2728a26fd846feab1751ed9926f,896698,24428321.0,677.0,2.8e-05,1,2,222
2025-05-14 17:04:35,1644166eabed1a7f8ead24175a1d43a741d96c11b3b9f3f68c18fbdc4a911a61,896698,1093787135.0,677.0,1e-06,1,2,222
2025-05-14 17:04:35,31880b98c7f327fc1c60a2de4dd8f99f1706f04324d18d929dcd02702aedbb59,896698,3259461055.0,677.0,0.0,1,2,223
2025-05-14 17:04:35,a0489854cf82d3fd439d5418a99c8d5d6683e3a716f2c262db04dbe4debe4759,896698,188731.0,677.0,0.003587,1,2,223
2025-05-14 17:04:35,2ad27eb321ecc9914a42e131e89b540b044e85edeae5d86783a8f96eace0f543,896698,1723238901.0,677.0,0.0,1,2,222
2025-05-14 17:04:35,d06c45915610beddeb27d2131cec948527a458d5b67e46cd3138897b481e8635,896698,9663566217.0,677.0,0.0,1,2,222
2025-05-14 17:04:35,4d6ac586e6c20b135e6923cdd00c677e233aaf44f535f36cd625ccaf2205cbc1,896698,735811487.0,1330.0,2e-06,3,2,520
2025-05-14 17:04:35,555d60e0cd5f2a7a49f27f0746cad610629fcbf304429a6852b50f39a35c4373,896698,37602496.0,826.0,2.2e-05,1,3,254
2025-05-14 17:04:35,580946d08674756c67f814a3cc4918aab5b4bcbd2037111b1b7e0379bc6e4041,896698,2678828070.0,826.0,0.0,1,3,253
2025-05-14 17:04:35,d67050b741b013322c45d30f733891571a6e72f405b788bb9e22cd1d111c2591,896698,19999999318.0,682.0,0.0,1,2,224
2025-05-14 17:04:35,5ed610d828c7ec036ac256e6395a9a7f3af5a9defca97421a1f1aa7a97c70a9b,896698,2457773.0,855.0,0.000348,2,1,340
2025-05-14 17:04:35,bd9a1806d029b16eff6a11ce26ed8af671df92f4b7d2331f3bbc5d908ad0d9bb,896698,9967861.0,852.0,8.5e-05,1,2,224
2025-05-14 17:04:35,5a2bb831e83e9260648430892ab54159585776ca1c54c7e911cfbb2c3b0375ef,896698,10856456.0,852.0,7.8e-05,1,2,224
2025-05-14 17:04:35,a1d40a4f1a4ea829c4885d36258cbd74f1ad60dc68f97b509a32c5f294f298af,896698,13589610.0,338.0,2.5e-05,1,2,223
2025-05-14 17:04:35,77035ed906190595458bcb9da9086c20ffb16928b1088006243f24b7ff9a6b9b,896698,101660.0,2340.0,0.023018,3,1,487
2025-05-14 17:04:35,50108d1eff7b17b8fb87b035363126fe1bddba59fcd35b4d5a028cd0c71243c4,896698,76069.0,678.0,0.008913,1,2,222
2025-05-14 17:04:35,627fadf6269ee0875cc97355316b239924eb630f7e0aa7a26559659784ed51b9,896698,61910711.0,678.0,1.1e-05,1,2,222
2025-05-14 17:04:35,a114a9457d532cca98fb0939fa23c357bd42eb5e5abb7ceb8743bcb3101ea254,896698,5882209.0,1358.0,0.000231,2,4,444
2025-05-14 17:04:35,3a81b7894ec6c6c983d78e1e90448d558fe26d1793f8d2ffe0a6a232b3ebd825,896698,13862945.0,4224.0,0.000305,10,6,1686
2025-05-14 17:04:35,b6932a117ff595ce6d4929beaaa5ce182daa7b020764dacb6aba69a1ff1dfaa0,896698,13725635.0,1330.0,9.7e-05,3,2,519
2025-05-14 17:04:35,77fddffe2728999cd4d639cc7bc0b12d6027ce0359f63049b68a1a85850d3878,896698,850.0,535.0,0.629412,1,1,162
2025-05-14 17:04:35,979516fafe9dce552341d29d32ad3de643b93b3c347c60156205f3747245406d,896698,175850130.0,1003.0,6e-06,2,2,370
2025-05-14 17:04:35,8be601db31c91aab8607b821a556979a8e52de3fe699e1291b35eea339c77a5f,896698,6737605.0,1003.0,0.000149,2,2,370
2025-05-14 17:04:35,0a631d0dc24fdbfc8eb4f408eb27862a128e2249cefceb38ca3567f2122c6433,896698,2958997481.0,1003.0,0.0,2,2,370
2025-05-14 17:04:35,dd3cf888ecaad7f32af45952266c79fe1dd783536973f9f46294a44949d3d6ae,896698,1005.0,815.0,0.810945,2,1,269
2025-05-14 17:04:35,125d1ca41e36a0169a6fb1133e80a2eae9c94f610792e4d81fef32c8d70b67b7,896698,144958.0,1008.0,0.006954,2,2,371
2025-05-14 17:04:35,77fe8373d59ec0dd50a52c12293af59d9dfdb9c40f6b3b86d91818db13f7e08b,896698,1171560.0,5443.0,0.004646,16,1,2421
2025-05-14 17:04:35,e19fc4a4dc190cd348db62ed6c6a2b0cc0e85a9a6d0a4876e6864ced9b26ca71,896698,971457.0,869.0,0.000895,2,1,342
2025-05-14 17:04:35,7f5f50ea186c49fee2d505d2c1bc6c4fbe26461ab3d160bfb7384249922ce3a5,896698,139585.0,1661.0,0.0119,4,2,667
2025-05-14 17:04:35,3f310b77a9835fe6e51e2a7e4fb2c70d32e3d82b9de897c6ad87c8b029997062,896698,23821356.0,691.0,2.9e-05,1,2,224
2025-05-14 17:04:35,d4e4e1edbf0be9a4cc103b72f0afa502d91a2ddabd01b7bf43f3dc88311aed31,896698,22367.0,1329.0,0.059418,2,3,437
2025-05-14 17:04:35,21336372517c5d5fcf9701837751c2bc6ea9b117e4f8059e709653d53ca43ed4,896698,57025.0,1190.0,0.020868,3,1,489
2025-05-14 17:04:35,daf4ff6e70dd5dda86e061042b930be1ca37029712c2de3dc7c3de8c5bd9ce57,896698,12663566894.0,1402.0,0.0,2,2,371
2025-05-14 17:04:35,3f688f550c82043838eea92f730058746160cc15a48f475170636fde8267119b,896698,22380.0,539.0,0.024084,1,1,192
2025-05-14 17:04:35,2753b848ba7316bee0037419c56a18a953f556d8563c996edd7838aa4f00948d,896698,72547658.0,685.0,9e-06,1,2,222
2025-05-14 17:04:35,087d0c76c6cd8d253607b71064a19faef83ea5323319a77eac7769de14a45061,896698,15659895.0,3232.0,0.000206,4,2,665
2025-05-14 17:04:35,98e77e8987d183b02ff4e23f075e08e9937b2fed2ae2942239976bef0236d7f5,896698,41407903.0,688.0,1.7e-05,1,2,222
2025-05-14 17:04:35,f0b578664e756ad2817b6004195dca8b73439219a007d910f87d2820b7f039cc,896698,91333589.0,688.0,8e-06,1,2,222
2025-05-14 17:04:35,3c0bfde1b35a8a5ff3ea51d6aeff8eaee798f8706ca00377c769da4e15dc5b2d,896698,9332631409.0,739.0,0.0,1,2,193
2025-05-14 17:04:35,5d6e0bff6d5fbb546c7d88d594b2b9174c74467a787216a63cbdc10e99e8eb59,896698,9333128881.0,739.0,0.0,1,2,193
2025-05-14 17:04:35,c8de5007c18c3d3b6d75a9d779c14056338d465ebcbd8ecdda1d2a175640c06a,896698,9333240465.0,739.0,0.0,1,2,193
2025-05-14 17:04:35,5210aaae8787b024219ddca7ba17ccfcaaacdf846b675e0b244b61946607ddb8,896698,9333819785.0,983.0,0.0,2,2,300
2025-05-14 17:04:35,19845f5d8808dace74f1afcf804d98fb2baa55a4adcefdf53fea2e45a1478932,896698,265769212.0,983.0,4e-06,2,2,300
2025-05-14 17:04:35,5da459d88d5e340d8ab3dd0375d75b4dae3392cb250b1d81b677626330b1ef57,896698,322933446.0,2135.0,7e-06,5,2,991
2025-05-14 17:04:35,3cb1bf7e36e7d33d0535334ff180a622d42199da121f61ad68f0919fa23ce124,896698,158849.0,1151.0,0.007246,2,2,448
2025-05-14 17:04:35,8abbae32260e457093e6a523002f4af2aef4053b0f2173057b6404796a86a625,896698,1707909.0,1535.0,0.000899,3,1,556
2025-05-14 17:04:35,b508ee80bcd07f56d4df988b9a8347c4f79318e31231ed9827fcb859bce357f6,896698,19999192.0,808.0,4e-05,1,2,247
2025-05-14 17:04:35,9afcc310ba9295fb8301f0f65e8b602412b178877a3f6e27a85deda54722c3ea,896698,2586160.0,808.0,0.000312,1,2,247
2025-05-14 17:04:35,835b106b29a792bb34e3004f4b9f0f99494eee3c56aa74c0e13c4dd3221212bd,896698,6832822.0,808.0,0.000118,1,2,247
2025-05-14 17:04:35,01eecda8b6277880594b07b85d98b315070a1bdb2c092971a626cb02ef3ae27e,896698,11392601.0,808.0,7.1e-05,1,2,246
2025-05-14 17:04:35,d6c59cf3954b3337c65e48ef171bab920fc5c383d055cfe00bfb3ec9e4232da7,896698,81221.0,1646.0,0.020266,2,1,336
2025-05-14 17:04:35,2572a244464a8532307b60a56beef31468a945dd3c73f84287c8bbbd74f0afdf,896698,2667112.0,539.0,0.000202,1,1,192
2025-05-14 17:04:35,d36b87b69297a1cd3760fc939e412f85f383b5c78e586767e3c72e3a61834602,896698,1087112.0,554.0,0.00051,1,1,194
2025-05-14 17:04:35,cd21718b7d59865050d9431e1d963a98ca03c137456b5d1731af30b4054aa1ba,896698,287831.0,540.0,0.001876,1,1,191
2025-05-14 17:04:35,13993921da35597bd41f7ed8e16654b0df7b780be8b2e60e98ec6d8891341dfc,896698,482419.0,546.0,0.001132,1,1,192
2025-05-14 17:04:35,d5133c93cfd5bb15dd9f10672df6ea6d306ea3bd0c90d671caacb51584b74c25,896698,38694071.0,6625.0,0.000171,14,2,2475
2025-05-14 17:04:35,937c553c5241cc8f427d40dac7131b0d88fa9d14c67583b19dd80f04c85206c1,896698,13343680.0,818.0,6.1e-05,1,2,247
2025-05-14 17:04:35,d563e0b3b0cccc90a2d40babe9798eb56efc32ddf7dbf85a03e985e1b55fc561,896698,194720058.0,818.0,4e-06,1,2,247
2025-05-14 17:04:35,e235f810babc381090e2daf590a0e636b9d80ed11d08b867252277dbec826af3,896698,8281532.0,698.0,8.4e-05,1,2,223
2025-05-14 17:04:35,599d1c4bf0d97d9d740cfd25d75f4457490f8a2a6993732286e78b83252564d7,896698,2532265.0,698.0,0.000276,1,2,223
2025-05-14 17:04:35,f89005cdf21c60a436c80b1a364bc992fe5a66bbde7650597ccaf97c118809c0,896698,25127567.0,698.0,2.8e-05,1,2,223
2025-05-14 17:04:35,de7ec77e58103f59b1eee66d8151282668a632b74572d308c64a0e61a06e81bd,896698,39302.0,698.0,0.01776,1,2,222
2025-05-14 17:04:35,6119218364c274e6ce2bb47badd696229529acb5803f51c414137c6e2f6ffe8c,896698,175255.0,698.0,0.003983,1,2,223
2025-05-14 17:04:35,c9ac2a5eb66388d5a0ee6a92fa454d11d4d2e9591379b3523d520f7557131185,896698,22751054.0,698.0,3.1e-05,1,2,223
2025-05-14 17:04:35,b6ec56cb73d2928a2597ad49e72c8bd2ef6149e1bbaef9d8d7eafd1624eefb3f,896698,6456995.0,698.0,0.000108,1,2,222
2025-05-14 17:04:35,4515cd18f728595ac5e0cc32f5d2d9e00ef69a304438b52c012b19137ffd1c39,896698,5760480.0,698.0,0.000121,1,2,223
2025-05-14 17:04:35,769b58893abdcc25931b7cb8747274b53947821b69b28e45ba9a555abcb01238,896698,2967148.0,698.0,0.000235,1,2,222
2025-05-14 17:04:35,22f7c91a38da4c4e17d1fef29b2d979361b455cbb4457ba0addf04ac4a0bb235,896698,12700079.0,698.0,5.5e-05,1,2,222
2025-05-14 17:04:35,72f618e62088f14981e7c833f2b672abc30322a9b340143852ea5715d5ef062f,896698,34874351.0,698.0,2e-05,1,2,222
2025-05-14 17:04:35,b5ee736101fe73627b079f34b881124dc1c9a67d68348faeaf881c5b2fb95a1a,896698,2050408.0,698.0,0.00034,1,2,223
2025-05-14 17:04:35,433f6026fdbd89bb7f5b3e531242bdb5a4b9f22409de9c2cbe2f682b2961600b,896698,2051604882.0,698.0,0.0,1,2,222
2025-05-14 17:04:35,e07997d348fad909522ac1aee51b30ff02b707f65ae5e91511c7f28e0cdff003,896698,75010191.0,698.0,9e-06,1,2,223
2025-05-14 17:04:35,049335f61cb0ec617ca255bb47c9dfea37a54d60f8b83baa5197e632fb2400a8,896698,233742005.0,1035.0,4e-06,2,2,371
2025-05-14 17:04:35,88e4943668b58af3dcbb66571d0e6a1c419663467d88ac174865d01cb78d13ac,896698,2095950.0,1373.0,0.000655,3,2,521
2025-05-14 17:04:35,c15c9c89f7d70c1e642149a50b393150c59d9ffde0362e1bf44fc3b3ed09b451,896698,49854315.0,1373.0,2.8e-05,3,2,521
2025-05-14 17:04:35,fde05d8727eda311a96c085885d30e0f61bb2efbf8bc93e132bf7f5f04ebb219,896698,463505.0,714.0,0.00154,1,2,225
2025-05-14 17:04:35,3e41b4320b4841f01a1f4ab802b319b4ed3d13f4209cab273a509a789d9cae66,896698,1233228.0,1037.0,0.000841,2,2,371
2025-05-14 17:04:35,82be57eeb35ab96a675bdac091e7c109172a56149350033d091cd3e90f1a3c81,896698,480481.0,665.0,0.001384,1,1,216
2025-05-14 17:04:35,26851592b2eea29125819c14b1bd91b4fd8adaf1e64a53e08bcb3e6987e472b8,896698,89990.0,546.0,0.006067,1,1,192
2025-05-14 17:04:35,ef4adc2626f4055301ca6e21de9aeab41c9bcaec57c096fc0c6a36289dcffdab,896698,23454.0,546.0,0.02328,1,1,191
2025-05-14 17:04:35,96b945a135d2db84e0c6bf5ff4993f45c26f2d8d6c3a22e18ebff9a4c5d44792,896698,281338.0,546.0,0.001941,1,1,191
2025-05-14 17:04:35,d73977a3417fc712dfb99ad4054217929e1b5f597533ddac2186a99975378068,896698,2481454.0,546.0,0.00022,1,1,191
2025-05-14 17:04:35,fdfa2195412f59d9c0da964c7a25b79a1f8dd7fcf54e817c9ca1fd0357283acc,896698,167720233.0,691.0,4e-06,1,2,226
2025-05-14 17:04:35,79aabcebec87b7e8d3bfb09af4f0f04335d9a600b7e8eeb5a4c23d364e5b446c,896698,5351045.0,691.0,0.000129,1,2,226
2025-05-14 17:04:35,264dfb2b6414912ac6204296ac3c6a808f02b18555d4fbd79cc905f76b172c10,896698,599998913.0,691.0,1e-06,1,2,226
2025-05-14 17:04:35,e9fd77bfd6bbcc322b229a5a3724608bca1762c16e74d1d2542393361e9b510f,896698,754593547.0,1003.0,1e-06,2,2,371
2025-05-14 17:04:35,5974efd9826e0ac28347d9a278e68b4f0a5b1fcea943c88f9f05da672aca10cc,896698,170245.0,846.0,0.004969,1,2,223
2025-05-14 17:04:35,a6e6139cd0e1bc8af79462ea2c6a2664e3f5fbfe16a88e816272d2df32df87ab,896698,186602.0,846.0,0.004534,1,2,223
2025-05-14 17:04:35,94ea97769e740db78f0e31488c5eedcb351e28d2061aa58f15c45cde67ebc585,896698,278271.0,338.0,0.001215,1,2,223
2025-05-14 17:04:35,e97c6d37c946362467e0b9efec155e8e46a60c861a0477e42fcf1490980b1f4c,896698,197620482.0,1440.0,7e-06,1,7,382
2025-05-14 17:04:35,260127bf086872536c2e1ea17ef28db3ae327f492be6d3b17d53aa18cfaf4d01,896698,14938.0,528.0,0.035346,1,1,192
2025-05-14 17:04:35,be7b7a137997d8a9d01b96a577c931d98d4550252f0943ffd4b233d24a6cc62b,896698,2576898641.0,2957.0,1e-06,1,17,698
2025-05-14 17:04:35,585e86bee49da4b6b81796c29af3afa325b6b984572ff9341569c4f3a7412aba,896698,332833644.0,2045.0,6e-06,1,11,507
2025-05-14 17:04:35,be3383e935be7b7329c644dd5da25141a6267e65879ef17d6feb6f2776069a75,896698,238643064.0,1805.0,8e-06,1,9,458
2025-05-14 17:04:35,aa09a115c677f06243c43446beef0e8f0ea36f08dd91b73225a6aecd0457dff4,896698,965568.0,677.0,0.000701,1,2,223
2025-05-14 17:04:35,4bb75a306fa13c0a41d3e64cee5d8cb9a4a77e25737dcd5e1373aba7324881f0,896698,609160250.0,677.0,1e-06,1,2,223
2025-05-14 17:04:35,d8409d95c82895bceccdc685dd6d958ff2229447cf63c436256e2b5250966ce1,896698,1652222.0,677.0,0.00041,1,2,222
2025-05-14 17:04:35,72e6f6660731b40374bb9c93e54930c0c18b9b79c8d6b03561045448fa343bbb,896698,22564585.0,677.0,3e-05,1,2,223
2025-05-14 17:04:35,7052a63275036167f4a8b2e1b03b73a2996b46f2b3e924caa8fd7351fea2c9ba,896698,1938597500.0,677.0,0.0,1,2,223
2025-05-14 17:04:35,65bce697305162a2e85f11133fb6916555f89dfa89417365fa5841a16b7c0887,896698,432957872.0,677.0,2e-06,1,2,222
2025-05-14 17:04:35,4f16623de59acaa26012a772f0e186b21784d2728a26fd846feab1751ed9926f,896698,24428321.0,677.0,2.8e-05,1,2,222
2025-05-14 17:04:35,1644166eabed1a7f8ead24175a1d43a741d96c11b3b9f3f68c18fbdc4a911a61,896698,1093787135.0,677.0,1e-06,1,2,222
2025-05-14 17:04:35,31880b98c7f327fc1c60a2de4dd8f99f1706f04324d18d929dcd02702aedbb59,896698,3259461055.0,677.0,0.0,1,2,223
2025-05-14 17:04:35,a0489854cf82d3fd439d5418a99c8d5d6683e3a716f2c262db04dbe4debe4759,896698,188731.0,677.0,0.003587,1,2,223
2025-05-14 17:04:35,2ad27eb321ecc9914a42e131e89b540b044e85edeae5d86783a8f96eace0f543,896698,1723238901.0,677.0,0.0,1,2,222
2025-05-14 17:04:35,d06c45915610beddeb27d2131cec948527a458d5b67e46cd3138897b481e8635,896698,9663566217.0,677.0,0.0,1,2,222
2025-05-14 17:04:35,4d6ac586e6c20b135e6923cdd00c677e233aaf44f535f36cd625ccaf2205cbc1,896698,735811487.0,1330.0,2e-06,3,2,520
2025-05-14 17:04:35,555d60e0cd5f2a7a49f27f0746cad610629fcbf304429a6852b50f39a35c4373,896698,37602496.0,826.0,2.2e-05,1,3,254
2025-05-14 17:04:35,580946d08674756c67f814a3cc4918aab5b4bcbd2037111b1b7e0379bc6e4041,896698,2678828070.0,826.0,0.0,1,3,253
2025-05-14 17:04:35,d67050b741b013322c45d30f733891571a6e72f405b788bb9e22cd1d111c2591,896698,19999999318.0,682.0,0.0,1,2,224
2025-05-14 17:04:35,5ed610d828c7ec036ac256e6395a9a7f3af5a9defca97421a1f1aa7a97c70a9b,896698,2457773.0,855.0,0.000348,2,1,340
2025-05-14 17:04:35,bd9a1806d029b16eff6a11ce26ed8af671df92f4b7d2331f3bbc5d908ad0d9bb,896698,9967861.0,852.0,8.5e-05,1,2,224
2025-05-14 17:04:35,5a2bb831e83e9260648430892ab54159585776ca1c54c7e911cfbb2c3b0375ef,896698,10856456.0,852.0,7.8e-05,1,2,224
2025-05-14 17:04:35,a1d40a4f1a4ea829c4885d36258cbd74f1ad60dc68f97b509a32c5f294f298af,896698,13589610.0,338.0,2.5e-05,1,2,223
2025-05-14 17:04:35,77035ed906190595458bcb9da9086c20ffb16928b1088006243f24b7ff9a6b9b,896698,101660.0,2340.0,0.023018,3,1,487
2025-05-14 17:04:35,50108d1eff7b17b8fb87b035363126fe1bddba59fcd35b4d5a028cd0c71243c4,896698,76069.0,678.0,0.008913,1,2,222
2025-05-14 17:04:35,627fadf6269ee0875cc97355316b239924eb630f7e0aa7a26559659784ed51b9,896698,61910711.0,678.0,1.1e-05,1,2,222
2025-05-14 17:04:35,a114a9457d532cca98fb0939fa23c357bd42eb5e5abb7ceb8743bcb3101ea254,896698,5882209.0,1358.0,0.000231,2,4,444
2025-05-14 17:04:35,3a81b7894ec6c6c983d78e1e90448d558fe26d1793f8d2ffe0a6a232b3ebd825,896698,13862945.0,4224.0,0.000305,10,6,1686
2025-05-14 17:04:35,b6932a117ff595ce6d4929beaaa5ce182daa7b020764dacb6aba69a1ff1dfaa0,896698,13725635.0,1330.0,9.7e-05,3,2,519
2025-05-14 17:04:35,77fddffe2728999cd4d639cc7bc0b12d6027ce0359f63049b68a1a85850d3878,896698,850.0,535.0,0.629412,1,1,162
2025-05-14 17:04:35,979516fafe9dce552341d29d32ad3de643b93b3c347c60156205f3747245406d,896698,175850130.0,1003.0,6e-06,2,2,370
2025-05-14 17:04:35,8be601db31c91aab8607b821a556979a8e52de3fe699e1291b35eea339c77a5f,896698,6737605.0,1003.0,0.000149,2,2,370
2025-05-14 17:04:35,0a631d0dc24fdbfc8eb4f408eb27862a128e2249cefceb38ca3567f2122c6433,896698,2958997481.0,1003.0,0.0,2,2,370
2025-05-14 17:04:35,dd3cf888ecaad7f32af45952266c79fe1dd783536973f9f46294a44949d3d6ae,896698,1005.0,815.0,0.810945,2,1,269
2025-05-14 17:04:35,125d1ca41e36a0169a6fb1133e80a2eae9c94f610792e4d81fef32c8d70b67b7,896698,144958.0,1008.0,0.006954,2,2,371
2025-05-14 17:04:35,77fe8373d59ec0dd50a52c12293af59d9dfdb9c40f6b3b86d91818db13f7e08b,896698,1171560.0,5443.0,0.004646,16,1,2421
2025-05-14 17:04:35,e19fc4a4dc190cd348db62ed6c6a2b0cc0e85a9a6d0a4876e6864ced9b26ca71,896698,971457.0,869.0,0.000895,2,1,342
2025-05-14 17:04:35,7f5f50ea186c49fee2d505d2c1bc6c4fbe26461ab3d160bfb7384249922ce3a5,896698,139585.0,1661.0,0.0119,4,2,667
2025-05-14 17:04:35,3f310b77a9835fe6e51e2a7e4fb2c70d32e3d82b9de897c6ad87c8b029997062,896698,23821356.0,691.0,2.9e-05,1,2,224
2025-05-14 17:04:35,d4e4e1edbf0be9a4cc103b72f0afa502d91a2ddabd01b7bf43f3dc88311aed31,896698,22367.0,1329.0,0.059418,2,3,437
2025-05-14 17:04:35,21336372517c5d5fcf9701837751c2bc6ea9b117e4f8059e709653d53ca43ed4,896698,57025.0,1190.0,0.020868,3,1,489
2025-05-14 17:04:35,daf4ff6e70dd5dda86e061042b930be1ca37029712c2de3dc7c3de8c5bd9ce57,896698,12663566894.0,1402.0,0.0,2,2,371
2025-05-14 17:04:35,3f688f550c82043838eea92f730058746160cc15a48f475170636fde8267119b,896698,22380.0,539.0,0.024084,1,1,192
2025-05-14 17:04:35,2753b848ba7316bee0037419c56a18a953f556d8563c996edd7838aa4f00948d,896698,72547658.0,685.0,9e-06,1,2,222
2025-05-14 17:04:35,087d0c76c6cd8d253607b71064a19faef83ea5323319a77eac7769de14a45061,896698,15659895.0,3232.0,0.000206,4,2,665
2025-05-14 17:04:35,98e77e8987d183b02ff4e23f075e08e9937b2fed2ae2942239976bef0236d7f5,896698,41407903.0,688.0,1.7e-05,1,2,222
2025-05-14 17:04:35,f0b578664e756ad2817b6004195dca8b73439219a007d910f87d2820b7f039cc,896698,91333589.0,688.0,8e-06,1,2,222
2025-05-14 17:04:35,3c0bfde1b35a8a5ff3ea51d6aeff8eaee798f8706ca00377c769da4e15dc5b2d,896698,9332631409.0,739.0,0.0,1,2,193
2025-05-14 17:04:35,5d6e0bff6d5fbb546c7d88d594b2b9174c74467a787216a63cbdc10e99e8eb59,896698,9333128881.0,739.0,0.0,1,2,193
2025-05-14 17:04:35,c8de5007c18c3d3b6d75a9d779c14056338d465ebcbd8ecdda1d2a175640c06a,896698,9333240465.0,739.0,0.0,1,2,193
2025-05-14 17:04:35,5210aaae8787b024219ddca7ba17ccfcaaacdf846b675e0b244b61946607ddb8,896698,9333819785.0,983.0,0.0,2,2,300
2025-05-14 17:04:35,19845f5d8808dace74f1afcf804d98fb2baa55a4adcefdf53fea2e45a1478932,896698,265769212.0,983.0,4e-06,2,2,300
2025-05-14 17:04:35,5da459d88d5e340d8ab3dd0375d75b4dae3392cb250b1d81b677626330b1ef57,896698,322933446.0,2135.0,7e-06,5,2,991
2025-05-14 17:04:35,3cb1bf7e36e7d33d0535334ff180a622d42199da121f61ad68f0919fa23ce124,896698,158849.0,1151.0,0.007246,2,2,448
2025-05-14 17:04:35,8abbae32260e457093e6a523002f4af2aef4053b0f2173057b6404796a86a625,896698,1707909.0,1535.0,0.000899,3,1,556
2025-05-14 17:04:35,b508ee80bcd07f56d4df988b9a8347c4f79318e31231ed9827fcb859bce357f6,896698,19999192.0,808.0,4e-05,1,2,247
2025-05-14 17:04:35,9afcc310ba9295fb8301f0f65e8b602412b178877a3f6e27a85deda54722c3ea,896698,2586160.0,808.0,0.000312,1,2,247
2025-05-14 17:04:35,835b106b29a792bb34e3004f4b9f0f99494eee3c56aa74c0e13c4dd3221212bd,896698,6832822.0,808.0,0.000118,1,2,247
2025-05-14 17:04:35,01eecda8b6277880594b07b85d98b315070a1bdb2c092971a626cb02ef3ae27e,896698,11392601.0,808.0,7.1e-05,1,2,246
2025-05-14 17:04:35,d6c59cf3954b3337c65e48ef171bab920fc5c383d055cfe00bfb3ec9e4232da7,896698,81221.0,1646.0,0.020266,2,1,336
2025-05-14 17:04:35,2572a244464a8532307b60a56beef31468a945dd3c73f84287c8bbbd74f0afdf,896698,2667112.0,539.0,0.000202,1,1,192
2025-05-14 17:04:35,d36b87b69297a1cd3760fc939e412f85f383b5c78e586767e3c72e3a61834602,896698,1087112.0,554.0,0.00051,1,1,194
2025-05-14 17:04:35,cd21718b7d59865050d9431e1d963a98ca03c137456b5d1731af30b4054aa1ba,896698,287831.0,540.0,0.001876,1,1,191
2025-05-14 17:04:35,13993921da35597bd41f7ed8e16654b0df7b780be8b2e60e98ec6d8891341dfc,896698,482419.0,546.0,0.001132,1,1,192
2025-05-14 17:04:35,d5133c93cfd5bb15dd9f10672df6ea6d306ea3bd0c90d671caacb51584b74c25,896698,38694071.0,6625.0,0.000171,14,2,2475
2025-05-14 17:04:35,937c553c5241cc8f427d40dac7131b0d88fa9d14c67583b19dd80f04c85206c1,896698,13343680.0,818.0,6.1e-05,1,2,247
2025-05-14 17:04:35,d563e0b3b0cccc90a2d40babe9798eb56efc32ddf7dbf85a03e985e1b55fc561,896698,194720058.0,818.0,4e-06,1,2,247
2025-05-14 17:04:35,e235f810babc381090e2daf590a0e636b9d80ed11d08b867252277dbec826af3,896698,8281532.0,698.0,8.4e-05,1,2,223
2025-05-14 17:04:35,599d1c4bf0d97d9d740cfd25d75f4457490f8a2a6993732286e78b83252564d7,896698,2532265.0,698.0,0.000276,1,2,223
2025-05-14 17:04:35,f89005cdf21c60a436c80b1a364bc992fe5a66bbde7650597ccaf97c118809c0,896698,25127567.0,698.0,2.8e-05,1,2,223
2025-05-14 17:04:35,de7ec77e58103f59b1eee66d8151282668a632b74572d308c64a0e61a06e81bd,896698,39302.0,698.0,0.01776,1,2,222
2025-05-14 17:04:35,6119218364c274e6ce2bb47badd696229529acb5803f51c414137c6e2f6ffe8c,896698,175255.0,698.0,0.003983,1,2,223
2025-05-14 17:04:35,c9ac2a5eb66388d5a0ee6a92fa454d11d4d2e9591379b3523d520f7557131185,896698,22751054.0,698.0,3.1e-05,1,2,223
2025-05-14 17:04:35,b6ec56cb73d2928a2597ad49e72c8bd2ef6149e1bbaef9d8d7eafd1624eefb3f,896698,6456995.0,698.0,0.000108,1,2,222
2025-05-14 17:04:35,4515cd18f728595ac5e0cc32f5d2d9e00ef69a304438b52c012b19137ffd1c39,896698,5760480.0,698.0,0.000121,1,2,223
2025-05-14 17:04:35,769b58893abdcc25931b7cb8747274b53947821b69b28e45ba9a555abcb01238,896698,2967148.0,698.0,0.000235,1,2,222
2025-05-14 17:04:35,22f7c91a38da4c4e17d1fef29b2d979361b455cbb4457ba0addf04ac4a0bb235,896698,12700079.0,698.0,5.5e-05,1,2,222
2025-05-14 17:04:35,72f618e62088f14981e7c833f2b672abc30322a9b340143852ea5715d5ef062f,896698,34874351.0,698.0,2e-05,1,2,222
2025-05-14 17:04:35,b5ee736101fe73627b079f34b881124dc1c9a67d68348faeaf881c5b2fb95a1a,896698,2050408.0,698.0,0.00034,1,2,223
2025-05-14 17:04:35,433f6026fdbd89bb7f5b3e531242bdb5a4b9f22409de9c2cbe2f682b2961600b,896698,2051604882.0,698.0,0.0,1,2,222
2025-05-14 17:04:35,e07997d348fad909522ac1aee51b30ff02b707f65ae5e91511c7f28e0cdff003,896698,75010191.0,698.0,9e-06,1,2,223
2025-05-14 17:04:35,049335f61cb0ec617ca255bb47c9dfea37a54d60f8b83baa5197e632fb2400a8,896698,233742005.0,1035.0,4e-06,2,2,371
2025-05-14 17:04:35,88e4943668b58af3dcbb66571d0e6a1c419663467d88ac174865d01cb78d13ac,896698,2095950.0,1373.0,0.000655,3,2,521
2025-05-14 17:04:35,c15c9c89f7d70c1e642149a50b393150c59d9ffde0362e1bf44fc3b3ed09b451,896698,49854315.0,1373.0,2.8e-05,3,2,521
2025-05-14 17:04:35,fde05d8727eda311a96c085885d30e0f61bb2efbf8bc93e132bf7f5f04ebb219,896698,463505.0,714.0,0.00154,1,2,225
2025-05-14 17:04:35,3e41b4320b4841f01a1f4ab802b319b4ed3d13f4209cab273a509a789d9cae66,896698,1233228.0,1037.0,0.000841,2,2,371
2025-05-14 17:04:35,82be57eeb35ab96a675bdac091e7c109172a56149350033d091cd3e90f1a3c81,896698,480481.0,665.0,0.001384,1,1,216
2025-05-14 17:04:35,26851592b2eea29125819c14b1bd91b4fd8adaf1e64a53e08bcb3e6987e472b8,896698,89990.0,546.0,0.006067,1,1,192
2025-05-14 17:04:35,ef4adc2626f4055301ca6e21de9aeab41c9bcaec57c096fc0c6a36289dcffdab,896698,23454.0,546.0,0.02328,1,1,191
2025-05-14 17:04:35,96b945a135d2db84e0c6bf5ff4993f45c26f2d8d6c3a22e18ebff9a4c5d44792,896698,281338.0,546.0,0.001941,1,1,191
2025-05-14 17:04:35,d73977a3417fc712dfb99ad4054217929e1b5f597533ddac2186a99975378068,896698,2481454.0,546.0,0.00022,1,1,191
2025-05-17 09:20:31,677601cc3bf52a777d8a3948d2b071085e517cafe306ddebd289df717865949a,897083,2547439.0,2100.0,0.000824,4,2,667
2025-05-17 09:20:31,6f8ef9aace669b42951ff56bfe3587dd05fdbc242e52a4f09fc56683c18cf567,897083,30579.0,1356.0,0.044344,1,2,222
2025-05-17 09:20:31,99f4149ea719ac0a809fb99ab31f02c9ceb9d9475a37f3b36f0e4a2355e1dd50,897083,1077774.0,672.0,0.000624,1,1,191
2025-05-17 09:20:31,be0641ea3ac8ddd8e0ff83849ed1be8e9d0947d4b0ce3c4871e0b5fac5d38e3a,897083,3488403.0,1008.0,0.000289,1,2,246
2025-05-17 09:20:31,c2ea0699c4d7c5d8ef02258cbe6955101237be513af01dcd2e32726898c64e37,897083,924953.0,1008.0,0.00109,1,2,247
2025-05-17 09:20:31,4c989f9e9734b36d50e8f1b550e67ca1a774b606144a65bfa3c47a914d05dc03,897083,46866800.0,1729.0,3.7e-05,1,5,448
2025-05-17 09:20:31,78c57b158495564e715323fd8b82c115b758df7e2361f4b481d5dc840f0ab444,897083,90831.0,1169.0,0.01287,1,1,191
2025-05-17 09:20:31,5cfe7849b015af9aa344d1c101718394ff00b3ad5cb73a43c7094c1152b738ce,897083,1113181208.0,882.0,1e-06,1,2,226
2025-05-17 09:20:31,c0c5026418feee19c6ab257604204a1d324a8e243dcff16e420b0165cd39cc42,897083,1140901108.0,882.0,1e-06,1,2,225
2025-05-17 09:20:31,e85efeca50870d502ae1cb80e04f85d1e175941ae530fdc63d2f1e0851f102b2,897083,1115983033.0,864.0,1e-06,1,2,222
2025-05-17 09:20:31,5b2931c7260c0c27671ee6d0aa93b0b571059d47fbfa6f137f66251821f22bd4,897083,5315.0,675.0,0.126999,1,1,191
2025-05-17 09:20:31,f644314c5dd6cc3ab43d1a85f30208e2bfebe1b93818227cc0ef13486ccb04b1,897083,718840.0,1160.0,0.001614,1,2,380
2025-05-17 09:20:31,037d9a088562ae2cc816b7c21cda40241c74d08555b2e932e60141fd4e5b7f4a,897083,2375605.0,860.0,0.000362,1,1,305
2025-05-17 09:20:31,072a4947e5721290d2f3b8839dc8bb70937ad39a3e966f9d0b553f72d6c59584,897083,132249060.0,2581.0,2e-05,1,11,501
2025-05-17 09:20:31,4a84d02512afeb1c7a4e04b29f8767926c7685902e8d89c1c136617101d83329,897083,96635.0,676.0,0.006995,1,1,192
2025-05-17 09:20:31,86d39249ae2635a9759ba7bf7d3a1fe5a718f9791f6074664ecde39e5a2b9dfa,897083,53141.0,1094.0,0.020587,2,1,340
2025-05-17 09:20:31,964c974e87d51afaef2ff7d9931b10418df484e7eb1c90681c05d16aff41d914,897083,183292.0,1346.0,0.007343,1,2,219
2025-05-17 09:20:31,7fbc3bc83e82c8f7cf46d2ae4571d3f5bfd1b2bd327eca93e42b971713261549,897083,61934.0,1088.0,0.017567,2,1,339
2025-05-17 09:20:31,7d43925190df33fe629bd1c9d59c7c104d2397493770fc5ab7e2f6f4495dbac7,897083,2676568.0,1924.0,0.000719,4,1,634
2025-05-17 09:20:31,3542a3191255e1b33e39df7849d214e7f3aef8cbf0859057ff92dba62efc2159,897083,209198.0,1193.0,0.005703,1,2,228
2025-05-17 09:20:31,fb21b5021673ecf18f1ee27c6970e50d02e4a4fa0a99044d4fa3406e0fdde0ab,897083,229391.0,578.0,0.00252,1,2,222
2025-05-17 09:20:31,c83333153dc1854d4cc7882214545f23ec390360cd4bf81e96d0f5cd394731a9,897083,71622.0,678.0,0.009466,1,1,191
2025-05-17 09:20:31,ded8e1dbbaae2718a36aed8837f956feae177226ce5068c81e293d80043a944f,897083,2697144.0,894.0,0.000331,1,2,196
2025-05-17 09:20:31,5866a01c407a20a8dc7affa4bf2fd8f6237a65c7c16147d07890f872e59d251b,897083,97609.0,681.0,0.006977,1,1,191
2025-05-17 09:20:31,4b7eace55b864c1318152309597f03e2a514e41b29808a16cab25a9fa61d0642,897083,9166901.0,4596.0,0.000501,6,9,1072
2025-05-17 09:20:31,f21a08ce6b2704eeaca37e2631fd4e4676a9b14fa8feeae732a388eddca775f8,897083,9690.0,1191.0,0.12291,1,1,192
2025-05-17 09:20:31,4ce9a3b69cc6e8b58f4eab45d9753f6b0b97977280f0e8988cb4871880e45bbf,897083,966212.0,1522.0,0.001575,3,1,487
2025-05-17 09:20:31,3eb94c7625478c268954637b8a223cb85e715f71f54812af69d718a5488dbcda,897083,217529.0,4247.0,0.019524,9,2,1406
2025-05-17 09:20:31,33084d74b3e102d082bb47fd5f3eb55467e79a733bd468e55d5959a2d2b54a60,897083,2824424.0,1152.0,0.000408,1,2,226
2025-05-17 09:20:31,8c6189e9f615955c9f93821f641d799c97412ef330d326b69fd5555912bc601b,897083,3115469.0,1045.0,0.000335,2,2,371
2025-05-17 09:20:31,60faa86514fe32dc1b4fa68d4b26b4ddc245c451a6edd0a4987d549bdf5cd8c7,897083,5128374.0,1462.0,0.000285,1,2,234
2025-05-17 09:20:31,857a8d927bd68910895883de9e00153423c16b43637a11bb220fcd789ce23081,897083,118442.0,2306.0,0.019469,2,2,369
2025-05-17 09:20:31,a558b094cc38e66f6290852921ed784339a2c56180319adff4848bd5cb96a8af,897083,92229522.0,3651.0,4e-05,1,16,664
2025-05-17 09:20:31,637d7eeefc4851b6f361755549b8809a9364929d50e68535492ebabc0f9e77f0,897083,6907157.0,765.0,0.000111,1,1,203
2025-05-17 09:20:31,3138e11a42d45ea49a799381950afb3432f23107dd0ad5420c0bf1187c815410,897083,229002778.0,1416.0,6e-06,2,1,387
2025-05-17 09:20:31,19eae95f2fdfdd61056d7d43edb42a08136edebc56eae55700c1243efa8a7099,897083,291399.0,1197.0,0.004108,2,1,352
2025-05-17 09:20:31,c58480e928aba65131e343ebccc36e606ce783591e8ee8646db608bfcafdb0ae,897083,757314.0,1739.0,0.002296,1,1,192
2025-05-17 09:20:31,5a0e5abae927634a208d6e242c64a32771410bef79a7a2441ff13788f50c8d9d,897083,5759053.0,1128.0,0.000196,4,2,669
2025-05-17 09:20:31,4e09c68f68622ee99af40eadefe9b1c8ceb403ee6ef7a1234fbf02fbf36cf831,897083,43036.0,1332.0,0.030951,1,1,192
2025-05-17 09:20:31,6dc212d200015c9c2c543dba0cd9c274e4723f48f6da4670da6b8d2c8142fa8e,897083,1880825.0,697.0,0.000371,2,2,374
2025-05-17 09:20:31,66ec5f1f3cf6a87f8935c98b98ce441a70e1ea1f006eb327991784e2db46b4bb,897083,3250.0,1307.0,0.402154,1,1,191
2025-05-17 09:20:31,587e51c4e609fb5fd49fae4b51b7d6aedbdc7a6ac11ff3e1ef55dfe3d34f1c75,897083,101201.0,697.0,0.006887,2,2,370
2025-05-17 09:20:31,f4e7a2ad21a1837c05db21a7a83506a77927ba065eb0bee1a861d9b6f61a5707,897083,91643.0,1100.0,0.012003,1,1,191
2025-05-17 09:20:31,462b24e2d4d3a3e64cd99a5647cdbd72cc50b521cc3c7463c2dcac0ed1e9815e,897083,149565.0,482.0,0.003223,1,2,222
2025-05-17 09:20:31,485e7f6a556f13f01e0791c95bb2d1f2ba667332ebd6fb753ed9c6d05c3354ce,897083,412768.0,1119.0,0.002711,1,1,192
2025-05-17 09:20:31,db096aaef6f0dbbb641709cffc09aa61ea715b525e1fef9e10438a10872bef4d,897083,558841.0,482.0,0.000862,1,2,226
2025-05-17 09:20:31,31a075d40c7d317fc7d9189878e3befae65601b05a257a6e3c7b93f7d10a0a2b,897083,2746697.0,1119.0,0.000407,1,1,191
2025-05-17 09:20:31,73f7aec083692161e0743c1870c9f06ad93a22f39f2a0f37a6b00e5e123d8903,897083,2757479.0,482.0,0.000175,1,2,225
2025-05-17 09:20:31,a03333743b41e0d3b3c125b3d6d53f900d1ad11b290791ffee93d96e60a0633a,897083,33280.0,891.0,0.026773,1,2,222
2025-05-17 09:20:31,0587ce03e597ce4c379275356fae418761367084f21c498efe5957031a3ff39e,897083,50913.0,1412.0,0.027734,1,2,223
2025-05-17 09:20:31,43949c8f050aed87fdff85eddd93728dc0851ace964f98245e4b85d025250017,897083,40581.0,1412.0,0.034795,1,2,223
2025-05-17 09:20:31,c05bad3e241696d9ff60ed3c8be16fa0151d23df74974d3c2aa7d4410294ed74,897083,206871.0,777.0,0.003756,1,1,192
2025-05-17 09:20:31,3bd51237c1bbe515ad43863627ded958e8bff3d67be49c83cec6bd54edbbd847,897083,30926032.0,815.0,2.6e-05,1,2,223
2025-05-17 09:20:31,7f91d2f36eff88e0da6178bfd9c6bf938267069944c72b372f0c39d5e8e38bf4,897083,551495.0,1015.0,0.00184,2,1,260
2025-05-17 09:20:31,d2279de82ab7385f45223bcd7be6cece8549d35798ed861c99b5dc145a7291f0,897083,604442.0,1015.0,0.001679,2,1,260
2025-05-17 09:20:31,7091338b357843a8a68c6aec5e63ba869ba98225469a8a976e82d2c5271b6ab1,897083,605829.0,1015.0,0.001675,2,1,260
2025-05-17 09:20:31,b467b43814261b87da66a152d93f221d9f5d8f5051bd5f58b622270978faa4aa,897083,604700.0,1015.0,0.001679,2,1,260
2025-05-17 09:20:31,f19746413a8f17a60505aadba9db73f78138524526e00c9172675c5133d6c355,897083,604571.0,1015.0,0.001679,2,1,260
2025-05-17 09:20:31,737f82bcd7c519ca3f39ea63ab9f052d7b67f2572cbb65d5f78f1fd9c26f5740,897083,604571.0,1015.0,0.001679,2,1,260
2025-05-17 09:20:31,118a9de7d2b3c137cf07c84b0c3d4bc94bcae1c209b0df6262629a605d4b930c,897083,605829.0,1015.0,0.001675,2,1,260
2025-05-17 09:20:31,c6bea0fa3fe80ed8d9371ec55d8f411336133cb92aa28f908fe9dd1c1bfea03e,897083,34800.0,1200.0,0.034483,1,1,189
2025-05-17 09:20:31,a0b53080a54b5227e44f7d750340eccb43798d0645df1140a921000376b298cc,897083,14475134.0,7070.0,0.000488,8,12,1387
2025-05-17 09:20:31,a16b9ad533d63fda91fbccf5633683a25bd3866a48b54c9c0dd330f965ed0742,897083,14478766.0,1309.0,9e-05,1,2,205
2025-05-17 09:20:31,7b19b6c20c6a0796e4d6253ffd1bc786046109d5d22cdb16207433e91f09ce1e,897083,14984767.0,3850.0,0.000257,6,9,1043
2025-05-17 09:20:31,6f0f61aa79878810fc936e58173d98247284f6fce899827750b11da98031ae29,897083,14987525.0,1275.0,8.5e-05,1,4,291
2025-05-17 09:20:31,8cc17cc781864bab356c9c93158de4a7e0fb4ce3a654bb163324aa5782135581,897083,779507.0,2415.0,0.003098,2,6,540
2025-05-17 09:20:31,1d44f6151035e995c62e49174785a865f8073326306686c29ccec31abb67d8f4,897083,532161.0,898.0,0.001687,1,2,222
2025-05-17 09:20:31,93dead724eb7818a38baf2d08eb4f257fa7a8ba09fd5e8fa91e2f58705291d9e,897083,515001.0,898.0,0.001744,1,2,223
2025-05-17 09:20:31,8109ec7342061a7d6fd3911c85c5c646fcf595b09b9f3a844af8faf8fa0a4480,897083,579832.0,898.0,0.001549,1,2,222
2025-05-17 09:20:31,2e53f69acc81be75e10bfa8ce73e9c8b4d54deb95f53753b9cd02bfa83d82fbd,897083,1307822.0,3180.0,0.002432,4,6,699
2025-05-17 09:20:31,2fe8bea21526c8537a40c5b8f3e1641e36b87d666527edbb8fd4f0e871108292,897083,231738.0,3180.0,0.013722,4,6,699
2025-05-17 09:20:31,d64c030a78837384d87a306740715e1f8778a8484a5aefb16e712469e0c210aa,897083,3440198.0,924.0,0.000269,1,1,191
2025-05-17 09:20:31,28b1820712109f78139891a2e73584d7ebc692b3a0d73e2d7bc847c7c4cda2f0,897083,3460445.0,677.0,0.000196,1,2,223
2025-05-17 09:20:31,9778d14895c00168d4cd87fa13dc0450bc412949588f23d6a46fa49d2e84d433,897083,225500.0,900.0,0.003991,1,2,222
2025-05-17 09:20:31,116e0f3a7557fd60819a9427f8fbc5f4acfdf8aa4e331c47eb1e097583a9a825,897083,53185.0,703.0,0.013218,1,1,191
2025-05-17 09:20:31,80d6d0d43c9934ea5aea23ce08595d4b6322792f0d2663d8ee037ad5cfec21c3,897083,77042.0,1208.0,0.01568,1,1,189
2025-05-17 09:20:31,4657ad6bfd8c0c118d3b96311c140f288529c0cebf8714bc7d720e266404f892,897083,654398.0,902.0,0.001378,1,2,222
2025-05-17 09:20:31,27e0a70f838f666eca6a18f05dc8edf10ae81b31e1b4b1361246bada33965b28,897083,1686233.0,922.0,0.000547,1,2,195
2025-05-17 09:20:31,805056128938d51fca29e7619a609786254c396bc799575e82a81686ffe95ce2,897083,6466816.0,5488.0,0.000849,8,2,1262
2025-05-17 09:20:31,f450d99dc31addc3d615c59d29195620fe1dbaf488829a6f4416504a14d2d6af,897083,1316.0,1084.0,0.823708,2,1,269
2025-05-17 09:20:31,796cd183700c3fae0992d3a25f027b8f2f23e3caca170420c1b1bcf8a7a7858f,897083,1316.0,1084.0,0.823708,2,1,269
2025-05-17 09:20:31,0c42fa1e997fc086a1cc0640454dc593e119246f94d1df20181b3b337fd36c62,897083,1316.0,1084.0,0.823708,2,1,269
2025-05-17 09:20:31,6be5fae54905d5d09180bbae9e8f13f1da8c6f17a4bf0d3fcdf95a761c7d615a,897083,1316.0,1084.0,0.823708,2,1,269
2025-05-17 09:20:31,bfc90a6970b2d13739ae1016b49a1a9fb63ef4bcff3711a6bf4dbbc214757942,897083,1316.0,1084.0,0.823708,2,1,269
2025-05-17 09:20:31,4175dc5a581a41eecaf316108a4527b1af3bb7f85fc27cb1ad55cdef9eec777f,897083,4512976.0,913.0,0.000202,1,2,223
2025-05-17 09:20:31,f43090b9e23414eb0351ee092052bb1a976cb5d8565ff6df34d0dedb4a39a999,897083,96444.0,1224.0,0.012691,1,1,190
2025-05-17 09:20:31,ebe37ea80cbd3407888c099ea2213249e8ee0e6599bc667419a128cb948c587f,897083,285717.0,2239.0,0.007836,4,2,669
2025-05-17 09:20:31,f73ab4a79a7a62d9f3e46cf4afb80e94203bebc63353c9ef2fe1dfb26a07da10,897083,6764.0,732.0,0.10822,1,1,194
2025-05-17 09:20:31,78ec0f30a583aba79a7fa2dd2c883d07c8a1dac2172d4e0821140f4906b096f3,897083,7381663.0,915.0,0.000124,1,2,222
2025-05-17 09:20:31,295d0d5dd0ade3b1e0c556135fa5f2bbb9adf0143971e1db0b0f9c392bddabdf,897083,546.0,1062.0,1.945055,1,1,323
2025-05-17 09:20:31,91748e532929959b69f916bda69c5abf31d19e90e78423df3b0ccf5229d54f93,897083,38460.0,924.0,0.024025,1,2,205
2025-05-17 09:20:31,901f2b99482540df52f83c003458a9593e917891fb7d1e70b823d5137ea79f72,897083,193110.0,870.0,0.004505,1,1,216
2025-05-17 09:20:31,1770d3f8aeab6fa26c8f693b47ff6a594c23c5e89386ae0c370d12d79131e619,897083,546.0,1217.0,2.228938,1,1,323
2025-05-17 09:20:31,eece1be858e0cf30920bb3ede48b4de73ecfb0a5cdcd5ffe0a8f4255b8c3b570,897083,38897.0,770.0,0.019796,1,2,205
2025-05-17 09:20:31,97cc0e46d63f5a071bd2db492ee3748023d76b732aa7a05541617404c973e476,897083,71534825.0,1144.0,1.6e-05,1,3,257
2025-05-17 09:20:31,c45b6ebc5dc067a4b3cff066ed1042b9d01729931beade70bbef7cd51482d372,897083,4652385.0,1184.0,0.000254,1,2,222
2025-05-17 09:20:31,a846daac0260518e13d3de17937124755a9683374b880bbc71f65ac5eb5c1732,897083,5079906.0,1184.0,0.000233,1,2,222
2025-05-17 09:20:31,86d04357d0d93979758adc1b4b5886a2cd5a7a6823bfd4e7fa3fbc8fe872cd7e,897083,5182421.0,682.0,0.000132,1,2,224
2025-05-17 09:20:31,a8c189824530836ea63c3701be21ddaedf118fb25404b1000a54d4dd8699e607,897083,5706845.0,826.0,0.000145,1,3,254
2025-05-17 09:20:31,80c5dd9044c334d01aecfd9fafd68c3303c1dda0b5e3e89fef49cef0bb32cbc4,897083,65222.0,4007.0,0.061436,8,2,1258
2025-05-12 03:27:37,54d6e42758e962922f1eebdffb286b2d7e3c3e278a946fb07cc862ece48a9a11,896352,2056569.0,282.0,0.000137,1,2,222
2025-05-12 03:27:37,073361456905df635623b27b85f86aba5b061f7ed67d85a309bf7076e3793c0e,896352,1263253.0,282.0,0.000223,1,2,222
2025-05-12 03:27:37,df24362cd12d3c404e7d37d68c4edf0c66e75aabfff736288985953ae6173c0e,896352,83880.0,282.0,0.003362,1,2,223
2025-05-12 03:27:37,a9ed624e0e36bf90a7a63ca2f2df464cd2625ae14f0c7d982e0ec76ba356750d,896352,64327.0,434.0,0.006747,1,3,298
2025-05-12 03:27:37,49369580e943140338abea593ccf979057394eee63ef56ce64865945706d3a0d,896352,95426.0,434.0,0.004548,1,3,298
2025-05-12 03:27:37,82be6582b88070a9bc45b050c1da73312fd5ce0dc34a4ce96e41fbf37226e50c,896352,1634.0,220.0,0.134639,1,1,192
2025-05-12 03:27:37,9558b107ae95d861de35a8e24df4aa0346330aa50c871382a1a6abfd3b22200c,896352,34434.0,282.0,0.00819,1,2,222
2025-05-12 03:27:37,e549eebfeac3079c8c9dec7357b561a076d1f76315347902c2786122af68e60b,896352,192150.0,282.0,0.001468,1,2,222
2025-05-12 03:27:37,9b1c10ff23db9cbe97c4292f003027e0a34e0016a828e58978aba022e9f1c10b,896352,41049716.0,284.0,7e-06,1,2,224
2025-05-12 03:27:37,22a58170efacf6a7f5027d3549d406fca8b9ee4bdaec8a744093b5394df66e0b,896352,67086.0,434.0,0.006469,1,3,298
2025-05-12 03:27:37,51b8d6de99f47b35be503fe074af03872bd6a3a53254f2dbe9bf20c0eb6be20a,896352,51740.0,578.0,0.011171,3,2,532
2025-05-12 03:27:37,4255730c3256f557038774def90394c17f9331ac2c5d5dcc0679b74f6f798109,896352,1019402.0,220.0,0.000216,1,1,192
2025-05-12 03:27:37,c45a52c4fdac36a878a07bce224908a1add9df68fd635266132072bec9e05508,896352,112905.0,220.0,0.001949,1,1,191
2025-05-12 03:27:37,93ce989a13fe638906b73001de6ab6c1b94c7f82ac54cdd4b15b85f694d80307,896352,108266.0,222.0,0.002051,1,1,193
2025-05-12 03:27:37,1df393f192e2ff906a84ad5b43c938c85b953abea9df3e1ae6295d0676d7f106,896352,11070.0,220.0,0.019874,1,1,191
2025-05-12 03:27:37,0f43bbd86749af6c5b35ceeeaadaa4e5d395c8afb13fc1b1c6d4e99e20f8c706,896352,3849724.0,282.0,7.3e-05,1,2,222
2025-05-12 03:27:37,485842484ee317a16fd89968bc5bf03763147cd2cd8ff0180ea8963f7fa5aa06,896352,103885.0,308.0,0.002965,1,2,236
2025-05-12 03:27:37,78283fec1a6591b356c6218598ea26017c895dd6110d2a06ef769aa8b96f7b06,896352,546.0,280.0,0.512821,1,1,314
2025-05-12 03:27:37,b0065eead6ea96a083b7d88c18b758ac6c041b231faea07e38700da7be3ba013,896352,73834.0,306.0,0.004144,1,2,235
2025-05-12 03:27:37,3bfc78173381bd30c3812fc5bbbe02a949e8f0cfc77163349fab70f3affa6c04,896352,28508.0,290.0,0.010173,1,1,227
2025-05-12 03:27:37,946cfd0bfce35a11c9f6dd7d170153c01dcb2599ef91fd40d0421d709af0e002,896352,1989146091.0,288.0,0.0,1,2,225
2025-05-12 03:27:37,8131f3587664f7d27d6fc47486070f67a1acd4397aa295c9a221cdbaf9383702,896352,4834718.0,282.0,5.8e-05,1,2,222
2025-05-12 03:27:37,2aa0acc7ecd7cc2ff997accff6842002a17b2fb81393bc74e3930c1055b5d301,896352,104554.0,446.0,0.004266,1,2,223
2025-05-12 03:27:37,9cab6f2ff4968d286f70222b7ebc3d35d5c2f502adcb11d9bc59722873895901,896352,116973.0,282.0,0.002411,1,2,223
2025-05-12 03:27:37,1b8cac660b8a07f3a4c2a5d0b76856b5a323c8d5585ae939e0e160cdca013c01,896352,204325.0,226.0,0.001106,1,1,194
2025-05-12 03:27:37,184341f9b60e937efd266be546559bda4d4034507f3701acdf050eda57852600,896352,103726.0,306.0,0.00295,1,2,234
2025-05-12 03:27:37,95e82aa6a9d4a770309d594bfacb47b5c120d03144eab822d7f56994e2972000,896352,8394.0,226.0,0.026924,1,1,194
2025-05-12 03:27:37,536cc03484b90750f04a752447d745fe212b9ba1609512766131805edd9e3b69,896352,61826156.0,2114.0,3.4e-05,9,14,1783
2025-05-12 03:27:37,accf052f272d6753ffabe8852ed1d2fa8151dca4fb7b9210067126cb16372b9d,896352,9837639.0,561.0,5.7e-05,3,2,523
2025-05-12 03:27:37,1ef4017ec83fd22ea2a5569134674efa8fb732173001c7a6fc45e0f64eb7d816,896352,146476093.0,906.0,6e-06,1,10,643
2025-05-12 03:27:37,3d901cbd923e5d247aeae580d40c8447a1d908de35fda976c29989dc185f303c,896352,204215.0,832.0,0.004074,5,2,817
2025-05-12 03:27:37,ea09dbc50f6703585d393519202a8ad9f231603d7beb94f0c1a6bdfc866f8961,896352,145080.0,826.0,0.005693,5,2,817
2025-05-12 03:27:37,8bd491e232a312aa9e4cb64afc67b5205bf274b2ec8d111aa62b112af472afe6,896352,56627.0,748.0,0.013209,2,2,373
2025-05-12 03:27:37,3cecd8a1bdbecd256c3859c38b28ead5311a216f6de5a9aa71e5b0e08bbfb37e,896352,3093376.0,1783.0,0.000576,12,2,1853
2025-05-12 03:27:37,ea59fc8e3c3634801ab7e3ca7816a15bb48f3499ca50182154fed74a9cccccbe,896352,106749.0,690.0,0.006464,4,2,668
2025-05-12 03:27:37,8deb2d350c727611ff11f53724b1eabfa5e90ba6633632fc208b90c7d1dfdfe5,896352,1120464.0,634.0,0.000566,4,1,640
2025-05-12 03:27:37,3e22878acff685aa77de760b712acd328d0f040888b9aa0f286f4bb57159a9df,896352,38437191.0,6304.0,0.000164,21,1,3142
2025-05-12 03:27:37,f1ee7bb8cca5b5ffc74d65e6e149e57e76d5f001fdfc4ca74dc6152b557c2688,896352,2256070.0,570.0,0.000253,1,2,284
2025-05-12 03:27:37,bc556d3f8aa3b78918972cd101ea57bfc1148a9142d24c5d4eed1cd84cdde0b2,896352,7122.0,532.0,0.074698,2,3,397
2025-05-12 03:27:37,04773f688d415db38527d93bdd0fa2c7a7265f41fbf64f3b9ca36a8e5b72f7a2,896352,2498877.0,1040.0,0.000416,3,2,518
2025-05-12 03:27:37,665c1ed5218ab0651da2a501be045faa61ba58f821b4333070cdf11ca662e240,896352,87843466.0,494.0,6e-06,3,1,489
2025-05-12 03:27:37,174f908459a38346dff22c6555045183872c46a83de0d1b92aec43e811f23a9f,896352,20209076.0,472.0,2.3e-05,1,2,235
2025-05-12 03:27:37,ff22dcb9954dc1cf348176e0e1969db221b8694c96219e4be7079c618009155f,896352,68548.0,452.0,0.006594,1,2,225
2025-05-12 03:27:37,a1759d5f6675c5433ee9f0fcf3d0be39e79bb7d7b815d2afa9fa67082109da19,896352,1629550.0,450.0,0.000276,1,2,414
2025-05-12 03:27:37,642a1ac223629fefcf3444e3475db11576fbabc4597c05d58aa9a267a62a6381,896352,2009612.0,448.0,0.000223,1,2,223
2025-05-12 03:27:37,62414e33abdc3cb86685ed36ee56f1ab43bbc17d1e0d815794a19c021467ed7e,896352,126487.0,446.0,0.003526,1,2,222
2025-05-12 03:27:37,73bccd8aa562963a4439ea42fffc6bbd1e6ca7dc3153bf3f154595db6c02085b,896352,51304.0,446.0,0.008693,1,2,222
2025-05-12 03:27:37,3a1e849f61dbb620e649d6bace8fd84007bed1c3d4c65cf8d4a3cfb41faecc4b,896352,207659.0,444.0,0.002138,2,2,383
2025-05-12 03:27:37,0736c90b80ea72b3e9112880fcbed3642dd9c41e57e77b7987e1e16e49063762,896352,978423.0,424.0,0.000433,2,2,373
2025-05-12 03:27:37,23b2e3b33cca9fb09cfd2a2ba69d8562587620519e8f8503bb03f36a2f5552df,896352,104989.0,418.0,0.003981,2,2,370
2025-05-12 03:27:37,20e0d2134f2d22d60b96e9fab58bb90ac5ee2e7eb8d4c69b2b4c6fe34a603a4e,896352,3780049.0,418.0,0.000111,2,2,370
2025-05-12 03:27:37,745d39cfd856322d2e935afb834aee2da58f716e84f590f27891c674c2d78d1b,896352,164707.0,418.0,0.002538,2,2,370
2025-05-12 03:27:37,a68f9fe3996efa99a1f7bd15fda7c82700bab06f5c58d0345d8032cdff76c73f,896352,39595295.0,1158.0,2.9e-05,5,2,820
2025-05-12 03:27:37,373d6dfd7ebc85be69eb3dde50d5db09c2c8c1f4354af3c07b225224136d5ddf,896352,10357858.0,382.0,3.7e-05,1,2,380
2025-05-12 03:27:37,56780a42818b69a4cf720dffed4686c90409c083326a0f29970c5a755fd7693a,896352,2280747.0,380.0,0.000167,1,2,380
2025-05-12 03:27:37,7981748e60a8fd2374dd91d8c5db01c81cab0644aacf01b474865267c8fbfc2a,896352,3125543.0,380.0,0.000122,1,2,380
2025-05-12 03:27:37,d2b8481b62bd7cbd699e0d3cbf7d686f824ec5abc45e9860d6899e33b5323ab6,896352,91010.0,748.0,0.008219,2,2,372
2025-05-12 03:27:37,b612efe911972a48d7d17a8512b50905e4c678b6b0649d0365fcc25c2a28934e,896352,60486788.0,561.0,9e-06,3,2,521
2025-05-12 03:27:37,198d51dc609b9771392c2f7f4c8239372db25e7df1c563d53a770dce43fa0dd5,896352,22643.0,364.0,0.016076,2,1,343
2025-05-12 03:27:37,cd069b7111e3db61fd019736d2ce67425c5f40b2fcde0f0c820fa97344b9b9d2,896352,20316.0,362.0,0.017818,2,1,342
2025-05-12 03:27:37,b3e750f69d37a29da520cb0321769b1a1e03b12d5523afc3df83481c114d2f5e,896352,47918774.0,362.0,8e-06,1,2,345
2025-05-12 03:27:37,ac674fb15591e08e3edc1ad0e32767c79a2f8658fae462b951ae8fa8359972af,896352,18851.0,356.0,0.018885,2,1,339
2025-05-12 03:27:37,1a551c4442faefa00d78e05ab77c1f53ba6125c350d5b91403d30fe213f6d79e,896352,100776.0,356.0,0.003533,2,1,339
2025-05-12 03:27:37,539a71f1153396c59dee74c6acbcae827b9d3feaa0e6e812f39cdfde9768ba58,896352,78264.0,356.0,0.004549,1,2,258
2025-05-12 03:27:37,5b69e079692be4814844cab022ae467c9a6f7583d0485807f0fc22f2da663d06,896352,68422.0,692.0,0.010114,4,2,668
2025-05-12 03:27:37,8bef65628484f9558e105b8631715dbd87f5dda20d3ff71104bb56cd25354d05,896352,2256640.0,570.0,0.000253,1,2,283
2025-05-12 03:27:37,eeb496adbe4605365c10223a2cf2a37b054f0c057c30f07ec59dd00d402d446b,896352,2257210.0,570.0,0.000253,1,2,283
2025-05-12 03:27:37,ef940dfa15ffee600792973347d2ace0a8593b528585c84795b1c8e04aa5f9b6,896352,2257780.0,570.0,0.000252,1,2,284
2025-05-12 03:27:37,a75df4f052a0cecd2beda432f70fd90d69387ce5b5d9352740dbb1fb5726b8f2,896352,536.0,340.0,0.634328,2,1,269
2025-05-12 03:27:37,06537d30388276c997bab218c91c45eae98c8470ad1b71411b68fa22ac0628f0,896352,536.0,340.0,0.634328,2,1,269
2025-05-12 03:27:37,db5e56eb6bac6feaa68ed6e76e9fa21e4f01162baf8070788b8461701668ecd9,896352,536.0,340.0,0.634328,2,1,269
2025-05-12 03:27:37,369bd44c82f2bc9f28b07095041cc149e15619bdbf73d71db2c5a54bf9f823b2,896352,536.0,340.0,0.634328,2,1,269
2025-05-12 03:27:37,3869ddfd076addf8388ab3c51c9b38f9cd4c51ede6a5697a04267b104b328c6b,896352,536.0,340.0,0.634328,2,1,269
2025-05-12 03:27:37,2270138b1b6099a4d1745e4905d9570443409f8b777e932606246a60ceb0bf37,896352,536.0,340.0,0.634328,2,1,269
2025-05-12 03:27:37,256a26b32d598e6e1e56725c315a7e0e35f9d1c02c1404646cef78000a671520,896352,536.0,340.0,0.634328,2,1,269
2025-05-12 03:27:37,73d0fd59378ab50a1300b562b789b9998b037d5d9af0ad790143dcb3a1237091,896352,90479290.0,334.0,4e-06,1,2,248
2025-05-12 03:27:37,dfbd8ce5083ab78683b70ee075861e17061bc20d5ed066df757556d529e0b27a,896352,640546917.0,666.0,1e-06,2,2,712
2025-05-12 03:27:37,d777cd70d9d42e6dd813d81033ec0d0658dca84455144c526e0b9dd3f1ac1a16,896352,1624302.0,660.0,0.000406,2,2,708
2025-05-12 03:27:37,e42db8c30bc27be8267ddb5a142015964d7c46f5cf74d723f261302ed7d327c2,896352,68896839.0,1316.0,1.9e-05,5,2,819
2025-05-12 03:27:37,f66043c5acb61d4c5764c6a4d2b9f12ff825d9815df55672944fb5971f70d2a8,896352,2044.0,310.0,0.151663,1,2,205
2025-05-12 03:27:37,0490b7206d7b6bc350fb04eff2d94b805bf665f38c13619dcc78d201c2b508cf,896352,1407357.0,286.0,0.000203,1,2,193
2025-05-12 03:27:37,0d0c99ffe6f0e367804e3dc135f46e504203d968f0ee0019a9091c7418f23fa5,896352,12720745.0,286.0,2.2e-05,1,2,193
2025-05-12 03:27:37,9972f055ca5643ef8c43827059e443f2013afad14e38d3640964ab31aa233da4,896352,1116404.0,286.0,0.000256,1,2,193
2025-05-12 03:27:37,7720cc88102c073b1cfedd9856ce82f4e69690927b69f764191a8f9aed039099,896352,209187696.0,286.0,1e-06,1,2,193
2025-05-12 03:27:37,5d6998b3dce263d2fcb0e592487d7617f1620f7ff835716b8e3aa81757673b49,896352,3000669.0,286.0,9.5e-05,1,2,193
2025-05-12 03:27:37,385f1b9d8cb5f6e1f208e19a6df13e5b79e0c395474e46f6fc49a3a70824c683,896352,2256.0,804.0,0.356383,6,1,697
2025-05-12 03:27:37,fcbc01d30e3cdbf9a3d7b7d633b6b486e1f18fb7b79deed25ae4b0824fd82716,896352,3760.0,1268.0,0.337234,10,1,1125
2025-05-12 03:27:37,53a31b1a343eb447d4a985817eb5e99dc1d973354df1d6de35996761d7c5e237,896352,21804.0,5908.0,0.270959,50,1,5405
2025-05-12 03:27:37,f090de688235de66b6ebf33bc2c30f3e81f7786428fdff6e4b98e0574cbf3971,896352,115776.0,31428.0,0.271455,270,1,28947
2025-05-12 03:27:37,ecef811fdad149225453712d04b10c7b23815e83b98bef674f97fe3760602754,896352,51706.0,14144.0,0.273547,121,1,13002
2025-05-12 03:27:37,90e18a5437da114adb1f23a8dd3b649fced955845aeda25c16196cd703801e4a,896352,966.0,456.0,0.47205,3,1,376
2025-05-12 03:27:37,33505e9329bd29d2b87629b1cdbc1aa91b33797f88f67dc10f5bcb9dd3761437,896352,966.0,456.0,0.47205,3,1,376
2025-05-12 03:27:37,53f8f1b568691a0d839fa99c890792624f303f39fc9121acf127a02a290b5dda,896352,485441.0,448.0,0.000923,1,2,222
2025-05-12 03:27:37,6852cd76f78dbcd7f5e28d8b00dc62d0e266ca112d151f1ac8d88a8c7431c8a3,896352,535141.0,224.0,0.000419,1,1,192
2025-05-12 03:27:37,f772e267a21de9f0a1110c9c41ee4cfdad7234c578b7288e262bbdb917580625,896352,1085135.0,426.0,0.000393,2,2,373
2025-05-12 03:27:37,e1d5eceec4a8a7e090bef1aa18060bafefaf58e3f073536fcd4abdab96517f17,896352,477478.0,840.0,0.001759,5,2,821
2025-05-12 03:27:37,5a0c37a51d0c8412290ff08bca1d9350ce09d9df1ff8ebc04a6c1da0787b4744,896352,182105.0,2283.0,0.012537,16,1,2422
2025-05-12 03:27:37,785a32fb13ac2263b6fcba48ccdfdd5bf2907fad2764b719a4e1690a55b17907,896352,76465.0,358.0,0.004682,2,1,339
2025-05-12 03:27:37,2dc461cf6ac5f44a7a6e2133753a8879ed98fb1e6785e25f422231172c5aaf96,896352,330.0,322.0,0.975758,1,2,241
2025-05-12 03:27:37,d83f5f1613fc614d042f257b65212fca3c36917452a1fb25e551a82460253b30,896352,652.0,298.0,0.457055,1,2,228
2025-05-17 10:23:47,b28b14242d29f1847f0c08a28173405e14d41966a9616f1f5a2557db8932c8e3,897086,6001996.0,1320.0,0.00022,1,1,192
2025-05-17 10:23:47,5698cf2faa5206128a10228bc51167faeb30610014e7b7f4ac49f57f31ec1db0,897086,7108208.0,1692.0,0.000238,1,2,222
2025-05-17 10:23:47,5ffb1b49076328b26904e59b6083c2cdaa5018a8b2665619134fa9fd08dfd92e,897086,22597492.0,2408.0,0.000107,1,1,191
2025-05-17 10:23:47,4046ede7eb51090a9bd5c07dc8475682460a31f25c8c90501c5133ddc209a4f9,897086,22599900.0,100.0,4e-06,1,1,150
2025-05-17 10:23:47,8b31d2f5e7c33866c17e1743cffc354a367d97cce73ee35c64f62aa5d21746b6,897086,573956.0,1704.0,0.002969,1,2,223
2025-05-17 10:23:47,0a71c1a433635bf48796c5c5c69cb9a842aa050c58882174aa0316ad0ebf8591,897086,3002330.0,2330.0,0.000776,2,1,351
2025-05-17 10:23:47,18ddff4088128c4e4f11d86854b820bad0e6b8bed435e27f938fedfaed71d3b1,897086,15000.0,3029.0,0.201933,3,1,487
2025-05-17 10:23:47,ee7112683260f22f1263eb330d80e4a3095424d70d979524638edf7a94303a3f,897086,184600.0,1800.0,0.009751,1,2,225
2025-05-17 10:23:47,e79a3e83dc14c6062f91ba5ab24121e55ce40b049d9d075ea0aa52e4377b21dc,897086,48557.0,1386.0,0.028544,1,1,192
2025-05-17 10:23:47,a283642e9ab6dd879bb0b712b3d9d1fe3ebb71c4e621c1da3540c6aaa00e2e39,897086,20849457.0,2572.0,0.000123,1,4,284
2025-05-17 10:23:47,8b583daa3f0d85bcfbd0c355f8684865949edf70afd66a316f588f2f6fd1fd8e,897086,53659.0,2652.0,0.049423,2,2,370
2025-05-17 10:23:47,1427f468bccba28c063dba56b03dc323658698f4c801c6fdf0bce530307c1589,897086,7150520.0,1836.0,0.000257,1,2,226
2025-05-17 10:23:47,48ed339ce111fea2f260d7e80b0c246c5daef23d59c1145f1647c56bb9d16ee5,897086,3012.0,3534.0,1.173307,2,4,376
2025-05-17 10:23:47,5f87fc01885bf79bcbced46d9dc468265b8c72767fe67f59dc16e67c30b31daa,897086,5113758424.0,2820.0,1e-06,1,3,302
2025-05-17 10:23:47,776e5e911c324bfd42ea8127a3c83adeacce3be8784348ef70bf8c7ebc23d15e,897086,86650.0,2412.0,0.027836,1,1,188
2025-05-17 10:23:47,1d1ba84ad46268da5cefc7000eebc4e0f2b8aeed9d9ae46dc044f0cbc5cf8a4a,897086,1797263.0,1811.0,0.001008,1,2,222
2025-05-17 10:23:47,c12d42a2a00910145d245cdc2d422fc8c301257859596e0b35e732ef3dfba12d,897086,2003796.0,2672.0,0.001333,2,2,370
2025-05-17 10:23:47,316bd3798da45d65c145bdf2ca2b08b21cdb1794af4475afbf3c376cd9871e19,897086,1775007.0,2672.0,0.001505,2,2,370
2025-05-17 10:23:47,2a4dd9461f7cb66fee41a60a11d7218c7b0ed200fb95a27d932f36b80c055c01,897086,1129551.0,2672.0,0.002366,2,2,370
2025-05-17 10:23:47,2e49c1509baaf66937ba5f77cb9550bc47e25b9269822f69aee8c3bd081132f3,897086,13802.0,1850.0,0.134039,1,2,225
2025-05-17 10:23:47,f7b91b3cc04e97de3030ba09ee77fde1637e172f73a16b103a33a6218a35b9b7,897086,4306366.0,1850.0,0.00043,1,2,225
2025-05-17 10:23:47,aa585f7ea9246c88c4ee91f6f5bd2e617e15bbf210d00b17e137fda37ef545b7,897086,8723812.0,1850.0,0.000212,1,2,225
2025-05-17 10:23:47,6f003953dd65176fb48e49199b0868793367a6973e3e284d4e417f82ee071bd1,897086,105909.0,2120.0,0.020017,1,2,248
2025-05-17 10:23:47,e42be0a01baa0598b034f1ff9214b7cb26c09057eda5a0791f1fe3b1471a0d62,897086,47569.0,1452.0,0.030524,1,1,195
2025-05-17 10:23:47,0f1cac6da23276fc881e3ad48fae9c54a96ee693b7f1324747111445c9d50f19,897086,1708112607.0,8520.0,5e-06,4,2,663
2025-05-17 10:23:47,26eca758edf2e30619dc4211800aa3fd189c4edfb826172c1cfe2cc3a880e5c0,897086,90474.0,1812.0,0.020028,1,2,222
2025-05-17 10:23:47,1c3654d0e93692f6f7edda4be32488f9d957ae8a8fe48aa848222a84c4f796e2,897086,3017509.0,1836.0,0.000608,1,2,224
2025-05-17 10:23:47,c97e93fab074ceda50aac2d2a57e62c9adeffc85158fb3ebe84b31a162594c8a,897086,1100397.0,1836.0,0.001668,1,2,224
2025-05-17 10:23:47,65387392efbb28d357cb80dc33f37c8341fb691a9201466e02353f31ab910546,897086,1068022.0,1836.0,0.001719,1,2,224
2025-05-17 10:23:47,2a3d7c12183781efd8aa806f52bfd7f8205b5e07d105ddeee482cab497159100,897086,40493079.0,2859.0,7.1e-05,1,3,410
2025-05-17 10:23:47,0b8fdad96aff9621a7e5da97c75302ed325a3b719e553ed2eea6b2865cfa2eb0,897086,896371.0,3629.0,0.004049,1,1,189
2025-05-17 10:23:47,3b45e3fb6b990d63a5bed6423862236ce8e279d6f832e7214d2184f760471a09,897086,1636000.0,700.0,0.000428,1,2,225
2025-05-17 10:23:47,deb50e038350612313dcb57bd65cb1dd6faaab94dec68d1d5cd8c065bb33fb53,897086,11195453.0,1518.0,0.000136,1,1,194
2025-05-17 10:23:47,b3f79bf9ce03f40fd128d7224030f43359cc939b67af74382dbb48daa5dfae67,897086,23984165.0,2330.0,9.7e-05,1,3,253
2025-05-17 10:23:47,0a5bc9b6ffaba839a371faa970619197a133c92c4331f647e3f2786bcac81082,897086,6446605.0,1915.0,0.000297,1,2,223
2025-05-17 10:23:47,29ddf10bfefe82adb4006d333ba5e6951271b223bdf0dd07e9c9d78857462671,897086,12082838.0,3192.0,0.000264,1,2,235
2025-05-17 10:23:47,5c4189eb6b4b863f3317f43e7e638e52aa6f2408641acade70a04fdcc725c07b,897086,5113806650.0,4845.0,1e-06,3,3,599
2025-05-17 10:23:47,d561434d1431b29be534bcac2e82ee80bf91741ecbaf6922a77d3e260ccae2ed,897086,5200000.0,2330.0,0.000448,1,2,333
2025-05-17 10:23:47,a0287fe86e934f18def686f93bb188b2d8300beb6b11244c4b0e333fdd0bff72,897086,2871136.0,3135.0,0.001092,1,2,226
2025-05-17 10:23:47,56f3499eac12dc907b5742318c86b0e8077a856ff5b45b7a5dacb586cf75ec3a,897086,8113651.0,4534.0,0.000559,4,1,647
2025-05-17 10:23:47,0334d839da75c8e502fe9642d9c9ffb6beebab324d3b4b67d3674bf7aeb9eb25,897086,6739994114.0,2142.0,0.0,1,2,234
2025-05-17 10:23:47,c73563061dd9f067425f5ff020c986a309aba71710196c5e45f3417e55ef5614,897086,2721386316.0,2016.0,1e-06,1,2,225
2025-05-17 10:23:47,27d3438330b364d3f3032b0d5a36c116e32215bb9797dbf041ac0f78034d866c,897086,37155344.0,3192.0,8.6e-05,1,2,226
2025-05-17 10:23:47,b4eb2b78c66d4d1e2a7074ff685059e3078d6a4f04ce53d87a3882bab3e5d9e5,897086,59052739.0,13088.0,0.000222,5,2,814
2025-05-17 10:23:47,350b0f6250f5a73a64d30d332f89e75d384adf3fe516b9a05d7b5d674f45db91,897086,49768854.0,1146.0,2.3e-05,1,1,191
2025-05-17 10:23:47,7e05dcb137be5289c78b368ce0ce444fc6e7ff3f1a456666179442e2af9bb0ee,897086,25235.0,2540.0,0.100654,2,1,341
2025-05-17 10:23:47,5f4156c90a4341bd9ba171c3afdfe91599667b06922f97902450de1f801911ea,897086,34156250.0,3192.0,9.3e-05,1,2,223
2025-05-17 10:23:47,e5c708c878a7f736c5a78155cbbd3a84cc3ec8df68b3d9184bef5a38944471b6,897086,780443.0,3192.0,0.00409,1,2,223
2025-05-17 10:23:47,b5887ea24a2436c7d88ccf9bc3dbbef1e374b3f66e129f15066ac03bb7452ebb,897086,2897441.0,3192.0,0.001102,1,2,222
2025-05-17 10:23:47,ee0e232272e921d499574045a92a60e34ae2f622d78cfdaed70a838a328a653a,897086,192942.0,2034.0,0.010542,1,2,222
2025-05-17 10:23:47,57d46418380ffd767916ae6a08933149c6473b543181231dda0c4bff4837b2e7,897086,10051158.0,34862.0,0.003468,33,3,5039
2025-05-17 10:23:47,d21a3b42ea4c1f351f98e1be9f684f1834791178079f12dae62147288a4a5a53,897086,1060842.0,4664.0,0.004397,1,1,191
2025-05-17 10:23:47,f7fa45b300aa0e0e3cf131e2bf76c987018bc10983e8737ba6e2a403cf92896e,897086,1906687.0,594.0,0.000312,1,2,222
2025-05-17 10:23:47,bb4e064b95489dbe892079aa3f025a576228343a5816c71d1fec0b813990d11f,897086,3009326.0,594.0,0.000197,1,2,222
2025-05-17 10:23:47,e3f20d60022b5f80df3c16487fffdb1e2c64a09675d18500048b2c4f3a0fe230,897086,14441040.0,8960.0,0.00062,6,1,931
2025-05-17 10:23:47,e1c91b6e1e02d56f4557539642cf8fff638d1e98bf3882a1f7e3ab632cc8e34a,897086,2600000.0,777.0,0.000299,1,1,150
2025-05-17 10:23:47,d29b6ca2d39cd2fc0ee6d0113749c4fa5bf5a6ea10ea992730ad42c973834eb9,897086,5168054.0,775.0,0.00015,1,2,205
2025-05-17 10:23:47,7118a5659880f2a45cb67a59b95b1c3827e026a90dd527a9a8fe095f5dc855ab,897086,1548612.0,3405.0,0.002199,1,3,308
2025-05-17 10:23:47,64ba444cebee46826026a7cbceea55da4969800f81ed5f60c7cb601634f1118f,897086,50050779.0,3375.0,6.7e-05,2,1,388
2025-05-17 10:23:47,c06834b3cea010014f1a9dba147a08c5c6bd1fd74912fe6e3908324006c13b4b,897086,746432.0,3045.0,0.004079,1,4,284
2025-05-17 10:23:47,1a962ace05b1f386b959e874c1501b2634199ed1923701e435e3af3ca3ba4220,897086,4296640.0,3360.0,0.000782,1,3,306
2025-05-17 10:23:47,838c97c733c3e20f713bb38e6dfd34563b5cd7e83914c20b742f539e47be37ab,897086,102232.0,2715.0,0.026557,2,1,342
2025-05-17 10:23:47,3139ea9bf91c8110e2da40835d08ce614013af4137bf4ffbbb72574fe28c7b62,897086,195439144.0,20085.0,0.000103,9,2,1413
2025-05-17 10:23:47,85e8668b836d115cd885e126430e771ac6552aebea2e0ea891a7ca8bf4fc4d3f,897086,777470.0,3390.0,0.00436,1,2,222
2025-05-17 10:23:47,795dabb8bbff681d1e9663df075f4270120a5d8313a4d7ff4b11c80a7e2e6250,897086,645304.0,5700.0,0.008833,2,2,370
2025-05-17 10:23:47,4594e31a26366db287972222a27933b2a97709af0fd54b9fffee56b033e4d63f,897086,2897993.0,3438.0,0.001186,1,2,223
2025-05-17 10:23:47,2e406ace24eb982d089d395696790496ab3706274710b85d35c05fcf4ded4f4a,897086,2372570.0,2330.0,0.000982,1,2,226
2025-05-17 10:23:47,931ad7ac1b51f251084bb79909593aa9cc36d6ba000dbfedf2a58e3efb764f31,897086,952462.0,10128.0,0.010633,8,2,1261
2025-05-17 10:23:47,7393ffe17fe8e8deee703a31605f79d73e6f6f3faf3740eeac52cbd43f572624,897086,39001855.0,5700.0,0.000146,1,4,346
2025-05-17 10:23:47,a73541ad21c40190370967d385df6c2b167a74a9cfcf8b0d3d2362d00c079620,897086,33924.0,6494.0,0.191428,4,4,591
2025-05-17 10:23:47,82527c21cd2c81bde3941c1cfe9447a0916d783c7f6ae81ce8bc25a1e1cddc3d,897086,48137.0,4011.0,0.083325,1,1,189
2025-05-17 10:23:47,5ecf92142c9f6cf29682215b929d37109b020126453d2c2dd3a0d70905aa7d75,897086,127482409.0,3120.0,2.4e-05,1,5,322
2025-05-17 10:23:47,4b9fc70341bf46ee8536c24e4c480a8daabde2bfd82b7cda24bb62ba85ca38ad,897086,2911.0,1955.0,0.671591,1,1,192
2025-05-17 10:23:47,11e0630fec4157410ad1b31733ccb65b353745501d92e998d2e60b3c424e7dab,897086,8000.0,2000.0,0.25,1,1,191
2025-05-17 10:23:47,dc11134991c2e9b7b63206987c8f6f847692ccefb447571e2b1960fb2331055d,897086,493074.0,3438.0,0.006973,1,1,188
2025-05-17 10:23:47,93ef6f40e037de03e18d6f4979e0d087ba3c87a6b981031e546e21308705efa9,897086,1088615.0,2076.0,0.001907,1,1,191
2025-05-17 10:23:47,ef9c84a04a34420690deec93a0d683b1aabdc6d4f6e9392d43d3d60bbcde9e82,897086,208435.0,2679.0,0.012853,1,2,222
2025-05-17 10:23:47,1304813736f960a5142586f0b4f5fb1544c909434a2fa5a3cf92e21450221c32,897086,40969759.0,6460.0,0.000158,1,5,331
2025-05-17 10:23:47,bdff5de15733d44682c75f0c9d95fe86aac936e4a0703dd6047e911d18f397eb,897086,179036.0,2790.0,0.015583,1,2,222
2025-05-17 10:23:47,a230c0363918a943d942252abfd3035b8e3f5c114645d285d0e9fcb134e53da3,897086,54501.0,2880.0,0.052843,1,2,225
2025-05-17 10:23:47,b3a462645c04c7a8a03774098d45a3618e32827a3630c242418e900a01076826,897086,15343485.0,4060.0,0.000265,1,4,284
2025-05-17 10:23:47,13a8f98a0a10fedcc50a58818e729ba1aea5992aa7384f1d736776cfb4be9f5b,897086,61325305.0,23220.0,0.000379,16,2,2442
2025-05-17 10:23:47,9a057359ec0c647aefd141c5bcf0be2d9f66d3deeea8be09ed2365a8852739db,897086,173879.0,6760.0,0.038878,2,1,336
2025-05-17 10:23:47,7ec7ae0d3f0aaad64c09aa51158e7c9622e3df07747d9c8fa970ed4984af4bcb,897086,4913069.0,3820.0,0.000778,1,1,189
2025-05-17 10:23:47,c868e1bedab57c8885e65bba745b6e3008fcf14c0d380c91634f16e6ee0286ae,897086,129915478.0,6019.0,4.6e-05,2,3,459
2025-05-17 10:23:47,ab32a518ee5fd331c27a3a31e2d0aebe1ca806ec674a615cf69726a7d6c1530f,897086,449004537.0,3000.0,7e-06,1,2,226
2025-05-17 10:23:47,0729c3b9a7e3145049cd44b25d17958df7a1dd6cb4850e2e1e0c39d20a44612c,897086,430930.0,6456.0,0.014982,1,1,191
2025-05-17 10:23:47,836e6ab925a3f080ae0d489205038f7d60dcfe24e6dc06ac7cb6aee89d8ff5c3,897086,447124.0,214.0,0.000479,2,2,371
2025-05-17 10:23:47,5770a22ecb4680b11b41c350e2afbb173490828850526bfc9ec4b168c3319d47,897086,110899.0,2301.0,0.020749,1,1,191
2025-05-17 10:23:47,7f6dff6cad5bdf9066e9992a783de8e07685d5f1c16634a3766e5d251dc71e7a,897086,100000000.0,10856.0,0.000109,7,1,1079
2025-05-17 10:23:47,13ef1ab7cc1627fae6230650277fbcb850a341c01b6429aa59fcfc4d98212694,897086,43213.0,2387.0,0.055238,1,1,191
2025-05-17 10:23:47,c00b1fc4a7821105871fdf25cb12bc3a0c5c9395fde9bc1042b952dd6a40048e,897086,69982.0,2446.0,0.034952,1,1,192
2025-05-17 10:23:47,5a570fe2bd86f9acc32b21462d1b00e310819b4405e30d2247ee4f3b4621ca80,897086,1776986.0,6007.0,0.00338,1,4,445
2025-05-17 10:23:47,37541990791dd5c81267035981fd73503255e1ef5b21ba467f918f2bc9956698,897086,63938.0,3426.0,0.053583,1,2,222
2025-05-17 10:23:47,d6dfd21622453903a149c0258b1342693a5b7277ac10f6898a398fbfd51eeac4,897086,30916229.0,5978.0,0.000193,3,1,487
2025-05-17 10:23:47,3e1e51f098d567f1b76bfc98d0509201883249813b87ee085d688e5b4a51961f,897086,950082.0,3525.0,0.00371,1,2,226
2025-05-17 10:23:47,d182b1701895db5911337c0d1467fa1ef30ddc2b7a1062ab9ce7e9882c1e3f23,897086,1240790.0,6218.0,0.005011,1,4,442
2025-05-17 10:23:47,c5404ce28e09fa70cf59e0849063e1de7028906bccc6e7eae29a184501478ae4,897086,118536184.0,12691.0,0.000107,1,13,595
2025-05-17 10:23:47,a44bb506e4911366e31867fab1720fab18d063b5b1dacb16ad729eacbcafa407,897086,150900.0,3804.0,0.025209,1,2,234
2025-05-17 10:23:47,809eeb160400c9797317ab141710fc40026995cacfd3ef420b6d49e2c9e5416e,897086,48101.0,3525.0,0.073283,1,2,223
2025-05-13 04:15:14,a1474bd66e52bbf7712b5510b2ac708826d21a1115e233158c6b9c15405b4ea1,896496,734218.0,625.0,0.000851,1,1,192
2025-05-13 04:15:14,9848bace1aaa4fa7d8f7f78b1e580e05a2da7495015d40980ba5d8d085835cc1,896496,199998800.0,1200.0,6e-06,1,3,263
2025-05-13 04:15:14,9be0754e37126b927c99af53e75dc12dcaf98e0b6ceb64f4a65fa0c157026af3,896496,997911.0,972.0,0.000974,1,2,249
2025-05-13 04:15:14,4adddb4f0b3a3e206a587d0cd51f22552e529ab69105764807587c0d28db5573,896496,3994995020.0,1980.0,0.0,1,1,335
2025-05-13 04:15:14,a18228f0434ee268a2d55ad60c5d1db70892c8c2811714f31dcc67ec6b2ecd53,896496,51300.0,1700.0,0.033138,1,1,194
2025-05-13 04:15:14,0ecb18b99912d2d978edb9b6c49bb95ffdfefa27a3d9e962ac1ba01032842bc2,896496,34476587.0,1588.0,4.6e-05,1,11,523
2025-05-13 04:15:14,2e5f018ae2e6ff51787177a98994db4c6010893643766c6388d00f2921a75b8f,896496,532270.0,837.0,0.001573,1,2,222
2025-05-13 04:15:14,6a078ff5bd3750e6401cd69362cb8a9aa6c55618ed2c83fa25c22c42dc282586,896496,5046635.0,837.0,0.000166,1,2,222
2025-05-13 04:15:14,76bfff064e7070ba4319a6c95aa2b780bbc06c45cf93ba0d3b0151ddf556192c,896496,7435597.0,837.0,0.000113,1,2,223
2025-05-13 04:15:14,ee3b3f5d3bb5722e0ea992366bea985b906ce886f75d31cc9be7706da66337b0,896496,49557.0,1242.0,0.025062,2,2,371
2025-05-13 04:15:14,0c792df2ddd6370c4f058c8d678f369b219e2cf1ba7c9eaddc9f5c52981ca943,896496,45383802.0,1242.0,2.7e-05,2,2,371
2025-05-13 04:15:14,a95f0e99788cb8395c3d77c5a6a5d2369b13fd34df9c7f3f6ced4220f83c8dff,896496,65531851.0,2215.0,3.4e-05,1,2,372
2025-05-13 04:15:14,d20f70f277c64319bafaee9af181ab57b948e8f5abef9b42469432e4994f46f0,896496,110971744.0,1128.0,1e-05,1,2,381
2025-05-13 04:15:14,033508a1f2bede4e480332af7812eb90f5843121d00581df0ea69ed93c5308a3,896496,99273828.0,2223.0,2.2e-05,1,2,372
2025-05-13 04:15:14,1836d872953a09a7886858ff5805bda351f3ed1f9ea6430c4b472cc4d3519f67,896496,299999151.0,849.0,3e-06,1,2,224
2025-05-13 04:15:14,4b892627d1388b8e3de7a3b55243216c9be542172ac30545501387625e562749,896496,488570.0,1185.0,0.002425,1,3,279
2025-05-13 04:15:14,2525915eb287ba771b61b3a81706cf9db2cf34e36e19c1bc11611bf783266c1c,896496,6079964.0,1185.0,0.000195,1,3,279
2025-05-13 04:15:14,83f78d4d083df211076154c864f03c841a5bfdc9142ce0e18a6c240bbe38294b,896496,7969773941.0,26598.0,3e-06,31,4,10333
2025-05-13 04:15:14,1539a16a5da9aefcf53eb7357a095ed78eb7f6a45d2e82f779edfabca30236b8,896496,86314340.0,3713.0,4.3e-05,1,14,809
2025-05-13 04:15:14,791d441ac2c733fcfcb1ef598c95f5a34263c4d90c469b7c6f91f7cc988012f4,896496,260964.0,852.0,0.003265,1,2,224
2025-05-13 04:15:14,e201a16a853920dfa37ae53942a21fd6f525f2215085c192958aa57f1c1c2fea,896496,2933051.0,1590.0,0.000542,1,6,346
2025-05-13 04:15:14,07e78005f76e1ea6f2db6548c02e1b257f4ef8f95c690662c50eb35814d918e1,896496,19642693.0,2520.0,0.000128,1,11,502
2025-05-13 04:15:14,916fd10591df805ba76831672bf193234566ed82a0e00e7c06845059fd9e77ca,896496,946713.0,852.0,0.0009,1,2,224
2025-05-13 04:15:14,ca227567b4d5c81dceda39151bed29680a0f1484b9781584517b8edffab0e4af,896496,46643.0,660.0,0.01415,1,1,192
2025-05-13 04:15:14,539cfa5f55a2f8a9553ab7d980c53350ab1fb03782223ea47ab4974aefe5369e,896496,19214910.0,2520.0,0.000131,1,11,502
2025-05-13 04:15:14,1d08ca8cfdf5b05a1dbf61539a2c008cfb951984d3565de5d85bf8f3a8081866,896496,19524960.0,2520.0,0.000129,1,11,501
2025-05-13 04:15:14,8a37c66a367034491c1f9c26e76df3289afafd582be0ec10343b69c4a307795c,896496,465000.0,3106.0,0.00668,2,2,300
2025-05-13 04:15:14,9cc8438ad42b858186f0eece31899ad9b940565c1763d683c80707ced3c53022,896496,18129000.0,241.0,1.3e-05,2,2,302
2025-05-13 04:15:14,74e6dbaa1a8f537e8ed928b3d901c22be6da3fe7246ba8947d0b9715a27f2a51,896496,19003245.0,235.0,1.2e-05,1,3,277
2025-05-13 04:15:14,bd35d350e049d1eb8a52dde8525edc509ca5dec39086c3be993d073426875952,896496,835506.0,846.0,0.001013,1,2,222
2025-05-13 04:15:14,e062fe7389c845e7a7c16b1842acf14a031c0eb36da0f44966da27fbb568bf4c,896496,244350.0,1998.0,0.008177,2,6,495
2025-05-13 04:15:14,3eeb4399b24849ae98c05dde62e93d7d0362b2b9d2ab71d3e227c83c8f085026,896496,19421715.0,2520.0,0.00013,1,11,502
2025-05-13 04:15:14,2acfc4554403b9d3bc339b32c292e496dbe5ff48a67842479a23e776c5ed630a,896496,38140680.0,2520.0,6.6e-05,1,11,501
2025-05-13 04:15:14,a941fef13559de87734a4ef8d596231a79e0dc58bbbdcb01af0b0531f2ee0e0a,896496,679212.0,660.0,0.000972,1,1,192
2025-05-13 04:15:14,caab1843e569ecacfb2986101c42546cd8615f3dc3bebaf1c837e2a0341799c8,896496,11107746.0,1718.0,0.000155,1,5,476
2025-05-13 04:15:14,f7f6aaed677e642e659bfe0130d9aa9a055c70639108af3671ebff2fd612bbbc,896496,18988175.0,3018.0,0.000159,4,7,796
2025-05-13 04:15:14,e6b8643f3a5ec01166fa8bea3b0838afe08a82371d498c4750a7c1fe6607f3ae,896496,211022.0,1341.0,0.006355,1,3,413
2025-05-13 04:15:14,a4dbb1de4a8609ded00ebd9b2c65857f645da05df22f1a7e32c1d455a4a77c2e,896496,6102827.0,5468.0,0.000896,6,2,2048
2025-05-13 04:15:14,d4e7bc4d7f968ab3520e3680895f00f86a8757d998c31e73abaedd1720b5cfba,896496,2371611.0,1348.0,0.000568,1,2,416
2025-05-13 04:15:14,c898d8bf4c79211702512438504a58f645ef512b3ae1495a7524b6f9bdc94e02,896496,130620285.0,1342.0,1e-05,1,3,413
2025-05-13 04:15:14,2fa482ca2456197e8222d6bc7e485d053c948e3216f8111fec63f6a7efdd5616,896496,10725143.0,1740.0,0.000162,3,2,532
2025-05-13 04:15:14,c10139a61e8acac46e040acccd96b012f85efb9e4ead79faa19f7b5ae314c132,896496,4060696.0,1138.0,0.00028,1,2,381
2025-05-13 04:15:14,9bc47cbccbc3c9788dc40bbfad520591398fec8b312acf896d1971ab73f8036e,896496,26316.0,669.0,0.025422,1,1,192
2025-05-13 04:15:14,d76036a5030ea7368528772404b3ee818969b8b55ace4498698f6eb9b96c978e,896496,3126272.0,1983.0,0.000634,2,2,710
2025-05-13 04:15:14,56ad0be4b958c3749ec50ef42af21d7d50073f0c56fa6eb296c87d3778563f89,896496,3429634.0,8054.0,0.002348,12,2,3613
2025-05-13 04:15:14,bc03bf15547d363fe8835966529d7bfe71822239b8c6283baa94901be34eae1e,896496,513202.0,1152.0,0.002245,1,1,191
2025-05-13 04:15:14,6ddcbe895bf297e259cc55931e75a5ca3281ba5490df53b63b9d916f359f015b,896496,328932.0,1068.0,0.003247,2,1,339
2025-05-13 04:15:14,ef604b4555cce828baab17a95de4697beda7845212acd7c050a8037388e01950,896496,1768000.0,2300.0,0.001301,2,2,381
2025-05-13 04:15:14,54da2be7f75a1b25d8c0214d120bbe3b1a88719b610060cae9afbced38d659b7,896496,11999106.0,894.0,7.5e-05,1,1,346
2025-05-13 04:15:14,5e6293456172e4374deedb9b1b72bb2141a534a9398600518a01b9740106aaf8,896496,5836.0,873.0,0.149589,1,2,225
2025-05-13 04:15:14,da508b418944f8be06c374229f0e7cf9d7258671e28bb10d8c5786b6085a8972,896496,3274613.0,873.0,0.000267,1,2,226
2025-05-13 04:15:14,848d3579075c90aaff823aaeedddb0d461e998c893b90bf50efe492aa9c65072,896496,9999127.0,873.0,8.7e-05,1,2,226
2025-05-13 04:15:14,3aecbe4d1e65f9aaf7258e364f9cb13df14f138c0fb8c350257330fa42db1a27,896496,43974757.0,873.0,2e-05,1,2,226
2025-05-13 04:15:14,beba5718b35793272fe84112d009a5bf1d13ba834c8ec10b3e8fed4b0f524f2c,896496,20832.0,1168.0,0.056068,1,1,189
2025-05-13 04:15:14,c9c3d3f713805687001ee84bf6ea8d7daceed41b3e13b76d24170c59c77714f9,896496,667087.0,875.0,0.001312,1,2,223
2025-05-13 04:15:14,c072c00b3e9a1b913566f604fc9ed969616fe61eec92ee3afedd2d56f8836fb8,896496,864882.0,875.0,0.001012,1,2,223
2025-05-13 04:15:14,c4aecf0bbd40fbeadf939b5dd0d3f2d7162ae6b92c047509b3b6654bb4f45ce4,896496,964217.0,875.0,0.000907,1,2,223
2025-05-13 04:15:14,9d9b246106417a8a1934eb559ca6d9dfe51ef705fb998402407d3b789df2b762,896496,79610366.0,904.0,1.1e-05,1,2,225
2025-05-13 04:15:14,571453b639cb5925a623d5c2ced830502a0e14c384fee922264daa8f1006688b,896496,2000040.0,1386.0,0.000693,2,2,382
2025-05-13 04:15:14,173df58f34841ff14f5fe3f7c122be961157dffdf866d67816d77d9bb517e97a,896496,101588.0,1706.0,0.016793,2,4,432
2025-05-13 04:15:14,747fbab4d848de19f8c7c0db338e3c762cfdef34aa4b1b2f3608ea299cd1d123,896496,7579358.0,2280.0,0.000301,1,4,357
2025-05-13 04:15:14,fa0961458177e1aa0e8892310e55bfb0d624a1c0edf2539ea863489acef48261,896496,243165.0,1148.0,0.004721,2,1,340
2025-05-13 04:15:14,6a0d346b051410661ef9b7b6dcfe9f9c3d9f8a11298b6f7894a0b71ad04bc3a1,896496,685157.0,2136.0,0.003118,3,4,481
2025-05-13 04:15:14,bccfcdf9b3b9c403e3e23e48ddc31cf29a736d7b0947f5642bcb854a3a705aa6,896496,104705772.0,185756.0,0.001774,299,1,77768
2025-05-13 04:15:14,c537532d60dc313856e925321a676b60520d1ae450e8552bfb8af914ef7709ef,896496,4594752.0,23231.0,0.005056,37,1,9661
2025-05-13 04:15:14,dabe85f73461317aadc2b67add09c09c25ce269bca4d7074c02646cd554d01f8,896496,109082.0,918.0,0.008416,1,2,222
2025-05-13 04:15:14,3037a75a50d7e919e6dbcc1504992c6b11246c31d04e486650044631bd8ab9e8,896496,37197.0,737.0,0.019813,1,1,194
2025-05-13 04:15:14,5465baa3a70ee33921553aa7996c18e72605bfb30e6cd1988e5af1c754288077,896496,519480.0,2135.0,0.00411,2,3,705
2025-05-13 04:15:14,eda8376eacc5e93fe9afab5512298b98e301326fa45cb5845705c410f9e72dcb,896496,1628173.0,2610.0,0.001603,3,2,967
2025-05-13 04:15:14,95fb08bfa5ad6a75d016b077a84e1a3336100dd5409368eb1e887275a1ba75a2,896496,2360778.0,1099.0,0.000466,1,2,247
2025-05-13 04:15:14,6cdfd9b51afb97bfd666353298a472e3b524a86e574f365ac032b0de3e02cb9b,896496,860764.0,2259.0,0.002624,2,1,339
2025-05-13 04:15:14,b1b53b2b9fa5763d2df28a398e014bc1d30af62a685ba5ed8458f61390af89a6,896496,6152919.0,1096.0,0.000178,1,2,245
2025-05-13 04:15:14,9fa19c8a5877a3c1de987cf115be55fd6d2b21856b15000e5e11562a5d06cf20,896496,7816584.0,1096.0,0.00014,1,2,245
2025-05-13 04:15:14,9c0ef0120eb0c109b3ee75d03d4e37e25fcadd504eabe6ed84a05566d88e014e,896496,94756.0,699.0,0.007377,1,1,154
2025-05-13 04:15:14,f1c555450127062724fe920522e203a95fc2417b60fb3ab46bb0630de4a742b7,896496,9998689.0,1311.0,0.000131,1,1,203
2025-05-13 04:15:14,794093e28d58ce31a1814ce7731c5183723d2f2e4afdaa1b44b301ec2cbfdddc,896496,13941418.0,482.0,3.5e-05,1,2,223
2025-05-13 04:15:14,0422e97e19f69eef0f5a0a2207bcead8fac576d7c4e8e34162a0944d3255dda9,896496,1283198085.0,975.0,1e-06,1,2,194
2025-05-13 04:15:14,d0e6bbe53f810501fa00a386a5ff6de6619bcac8126ccfdc6ce5af02749faae6,896496,151877.0,1125.0,0.007407,1,2,245
2025-05-13 04:15:14,46465cb884734b971c37dc16a53c3a44dabc18f5bc998c8d7a82a2d36cb1d0d4,896496,105875.0,1125.0,0.010626,1,2,245
2025-05-13 04:15:14,1870a0aae75b83447f40fc427b20334e6a03c8bd5926e2f187b02b1cd986ddc7,896496,128173.0,1125.0,0.008777,1,2,245
2025-05-13 04:15:14,b1e8e9262caa69500d8e1c8c6f5c5779b3cc2a142fec8c044aea8e5b3fc38ca6,896496,101415.0,1125.0,0.011093,1,2,245
2025-05-13 04:15:14,c2463d39ef4ec76f904a79d665110faac7c0e26cb8c986c9c70b382e286eaf3f,896496,512475.0,1125.0,0.002195,1,2,245
2025-05-13 04:15:14,67988d2412f8523b5eb3868124093871a59261ab8f41bf5dce05bc73e2b90731,896496,227421.0,1125.0,0.004947,1,2,245
2025-05-13 04:15:14,3799179ca8c031df2112eaff4d4054668018bc46b883723cdedeccd114306bd0,896496,372912397.0,1901.0,5e-06,1,4,358
2025-05-13 04:15:14,97d4931be6371a15e0158e58819202bd25cdcd9f658aa9be1a9417a7c4388cff,896496,628999.0,1001.0,0.001591,1,1,325
2025-05-13 04:15:14,fdc16e5374b847134496e3c16d0a81d7c4c9692ee6216ac159e804a7876531e1,896496,577799.0,1001.0,0.001732,1,1,324
2025-05-13 04:15:14,18b217a5b76065c4d77f9b61cbe46cddd0c3af17454ac5a111153b9b9de082d4,896496,616661.0,1239.0,0.002009,1,2,259
2025-05-13 04:15:14,48c8716b1dc568d7876c22c3bc5dcd4f4567788336514251cf727912f4acc1b9,896496,264720.0,987.0,0.003728,1,2,222
2025-05-13 04:15:14,55625317bf3441211d4488b433bc0054133e1aefb2a349dc75778567fd03e8b7,896496,546.0,966.0,1.769231,1,1,269
2025-05-13 04:15:14,7552b30454026292622601b1214056368062f9825801c166fdc1d7c52baddbae,896496,577399.0,1001.0,0.001734,1,1,325
2025-05-13 04:15:14,2c78cbb212048730d158d9f6e2c36c56d3d56fbf25edeba130a475dccb4b0185,896496,577799.0,1001.0,0.001732,1,1,325
2025-05-13 04:15:14,12de52f96e46cb567089d13d9e7349447a69a6da03a4d1b1d0cadeb769a76b84,896496,867799.0,2212.0,0.002549,4,2,515
2025-05-13 04:15:14,d117e6d35762040befd58a89aa9fd7d762f1e2b9052fb0fac5b16fa74f298f7f,896496,100781.0,987.0,0.009794,1,2,222
2025-05-13 04:15:14,45bdf2eb715a1dc6af9ac38c2d7b00e8035d48435514b9702e1b6e6fdd2e194d,896496,578199.0,1001.0,0.001731,1,1,324
2025-05-13 04:15:14,67bd9d93b19e99a570b188cc00df5f044056bd13cc36d5dcc88524615bd46f49,896496,578599.0,1001.0,0.00173,1,1,324
2025-05-13 04:15:14,0a99db9e0e056a8341f030a0ccafb59a036206e191ef76b68451fa82fd99600c,896496,80180031.0,1876.0,2.3e-05,2,2,430
2025-05-13 04:15:14,80f5e62cbe756521f8c371c85f7b1efa866a53eac9e5163efb52976b343dac60,896496,132977.0,1561.0,0.011739,1,2,222
2025-05-13 04:15:14,c9a52027da3f3ffe6e6ed94033103a200c78681c8fc533d5df4a823c0a57c6bb,896496,2252.0,1085.0,0.481794,1,2,205
2025-05-13 04:15:14,acd52dba513d5a2ff978a2edec9179f6f2d95676b9bf565db01ccba37a714912,896496,12225838.0,1008.0,8.2e-05,1,2,194
2025-05-13 04:15:14,14bdb63c6aee3e8009685d826de47c96cdd2cb7ce740cf49532166dd19b43c70,896496,56365.0,1410.0,0.025016,1,2,222
2025-05-14 19:23:31,7a8f65bfc895d029e9f78cf4c10427a674c84e675948790842a6fbf966ee1ffb,896711,931714.0,5261.0,0.005647,1,1,204
2025-05-14 19:23:31,f110fe77a26826713e539f2836e9f749b18a90932c55d2322299571ec3956dea,896711,55677387.0,12131.0,0.000218,1,166,5480
2025-05-14 19:23:31,03decf7143300e37c8252cf9789b584f5fbd85e176c200329c4cf92de0f370f4,896711,4702691.0,482.0,0.000102,1,2,234
2025-05-14 19:23:31,363029987881492a0895fdbffc8fe180294993e9889aa9e7fecc3c4b61c45f30,896711,379155.0,482.0,0.001271,1,2,234
2025-05-14 19:23:31,315f2d27a4612e8ce279dd486b1b07cd9e71865c9217c28267743fa00467c60a,896711,12507052.0,750.0,6e-05,1,5,320
2025-05-14 19:23:31,580b3e25c44fa8f7f72005926d4a4686368210c8febe776190d60948792af702,896711,2832747.0,952.0,0.000336,2,5,464
2025-05-14 19:23:31,c5b9fb877673d17b7d3ee2189c7c166b1c0ade9b728648d21b3865797fd8de5a,896711,100057.0,1045.0,0.010444,2,2,371
2025-05-14 19:23:31,6bb5dc64b92d8a0ad3373d1bd40d1e120e8f82f778030fca6dbbedd014c2d410,896711,33803097.0,8579.0,0.000254,1,1,191
2025-05-14 19:23:31,ca7f25ef0c5ba3c3ac825f88cc928cb7c1b3ac4c1d11526941637db6d0a6a5b1,896711,1869661.0,11745.0,0.006282,1,1,195
2025-05-14 19:23:31,f40cdf0770fa37233065a752b6bad4f36a6cc5bbd412810cdb253d73dc374522,896711,71765586.0,6098.0,8.5e-05,2,167,5704
2025-05-14 19:23:31,396ce10603cd68419510308dcbc3fdd97764dbc8c2d54a42a2fc3cdaf843d73d,896711,461501.0,385.0,0.000834,1,1,204
2025-05-14 19:23:31,9f903e8fdb3ca0046e20b8d821d9371569f84e536eafb3bf71fa7a93c9707a71,896711,33649906.0,701.0,2.1e-05,1,2,222
2025-05-14 19:23:31,a946e875c8c2a57873e32914adfd2d523397634aee82c5eec1e0a66da54fd67c,896711,173724.0,1178.0,0.006781,2,2,373
2025-05-14 19:23:31,dfd1aea93c92ad5c45ffbc1536b20618cbb4b1c0853db63d7b38c4662309ab52,896711,495713.0,1178.0,0.002376,2,2,373
2025-05-14 19:23:31,13bd08c24482ff26316ba35a8cf6f6606e278cac4712fa3a4dd5edd26ef1a877,896711,3890966.0,777.0,0.0002,3,1,489
2025-05-14 19:23:31,6fe4629cdb9fcc2daf4e3d8ca0d91a8ea72c1e0fd0d42047d48edce8d56ee04f,896711,1482898.0,910.0,0.000614,3,2,530
2025-05-14 19:23:31,458ead1c1caea99937518115418c5c89b9441ee22d783af356da529581113ab7,896711,1435195.0,531.0,0.00037,1,2,250
2025-05-14 19:23:31,85d90996cdef0eb8b8ab2601db1eb680d3d5fbcff59ea0a3f0be6df2fd3903b0,896711,1019327.0,658.0,0.000646,2,2,370
2025-05-14 19:23:31,7a5c62a374389eaab48f0db0762ea5ed6d3a791795b4437716f663bc86e46993,896711,1579972.0,872.0,0.000552,3,2,518
2025-05-14 19:23:31,93d344e7d2e0978a4ad39831115f3a0d3a3f2808269c0a6685a10a147c61a866,896711,1140472.0,661.0,0.00058,2,2,371
2025-05-14 19:23:31,b910d57096ce97f7a0ee3ab039262ac4104978e8e3f84f5fd0be7905983448ae,896711,289739.0,563.0,0.001943,2,1,339
2025-05-14 19:23:31,9dc0f41a052bd1a31a133ed9abdfe807a26a0432b2e03aa533c0c2f5e9a0aded,896711,1145105.0,658.0,0.000575,2,2,370
2025-05-14 19:23:31,bdb4742351b6bbbacebc36f5f467bfd37a7fa9b374c5951ec9d0ac9b9dda1478,896711,1143653.0,661.0,0.000578,2,2,371
2025-05-14 19:23:31,e2b955df00485059aaf073f3361d9f910ab768e55435c92674de5127c63228e7,896711,232551.0,636.0,0.002735,2,2,301
2025-05-14 19:23:31,276caf60cec7eee7d2f0de2510bf2b0103587804d43f076d4451ab7a34b29727,896711,40517246.0,3671.0,9.1e-05,8,4,2677
2025-05-14 19:23:31,4383e586699d8e9489a8b34834a2dfebef347b4cfea52c42f3e093a0212c1963,896711,1067624.0,676.0,0.000633,1,2,404
2025-05-14 19:23:31,66cdd6ec9787fe18ea4b720fbdb60f8a00f5a8b6e9ab74309002095241d778dd,896711,2427178.0,638.0,0.000263,1,2,392
2025-05-14 19:23:31,b456e7ecb2abfd6cf62cae6f24a1d9fa54064c1bf7c53dd3ac41f96a5da59540,896711,111031023.0,638.0,6e-06,1,2,393
2025-05-14 19:23:31,3e70655aac97d931afcd52c585f9b4f4c929bbcea1ac22aed4bda41124ec9fcb,896711,1120794.0,600.0,0.000535,1,2,380
2025-05-14 19:23:31,c94cd9e062da5a3bd702b0709257a874526737ac6a82083d437cc4979b3fa4ad,896711,4034101.0,600.0,0.000149,1,2,381
2025-05-14 19:23:31,219fe525c59db31f1f9938b3fa087732002b9f0481f999d418ae58021a70ac92,896711,28516248.0,600.0,2.1e-05,1,2,380
2025-05-14 19:23:31,cd46439f8d4580a816511e0e5c0a33b1917a68f1688dc160100d60419ebc4f89,896711,13284646.0,600.0,4.5e-05,1,2,381
2025-05-14 19:23:31,eaf56d97514c9a40d74ed1b9d3d33d1e08b27fe81ea5f656e7ee7fb1ac6c597c,896711,2224113.0,600.0,0.00027,1,2,380
2025-05-14 19:23:31,b3c3036dd211adba36fe644ef9a6e69febfd139fa021c22844fbb383e9387e06,896711,54386066.0,600.0,1.1e-05,1,2,380
2025-05-14 19:23:31,3622f882b8adaddfa664c64bcb8a96244f69455b0d74755b348449061d3c1cbd,896711,707452.0,1578.0,0.002231,4,6,728
2025-05-14 19:23:31,575fc11628ce056c4c917e2bde4984ac4b56a1fe30a91b7ca47361e1e847384d,896711,707564.0,1578.0,0.00223,4,6,728
2025-05-14 19:23:31,5c00f775552a2d0331825357abf6c2dd35f0abf3788e7faba142b16bdb990210,896711,29895.0,1578.0,0.052785,4,6,727
2025-05-14 19:23:31,2dc25c783fa3aa201d8e18f45d1dc8f25d2ee74ab5bf99ba30f66580e1af9189,896711,1963763.0,1598.0,0.000814,4,2,1265
2025-05-14 19:23:31,0610354d5751b36196c75ccb445372acbefc9bd2eff606ce4903107bb6db55dd,896711,24024729.0,610.0,2.5e-05,1,2,383
2025-05-14 19:23:31,72592cce2686eb4c3a492910ee969222a5c15ce2b6e9fe7976af00db4b9ddf27,896711,4459951974.0,5349.0,1e-06,10,11,3393
2025-05-14 19:23:31,36bc0c7e1bf8294af32dff3f09f8ab63a58f366f667998ea612e34f035c74ec6,896711,9572858.0,604.0,6.3e-05,1,2,381
2025-05-14 19:23:31,fd4fbdb32e5df24109b2b5289a0aad835c555446bb0d0b8f19a8b803bc8bf48f,896711,2837174.0,9942.0,0.003504,45,2,6756
2025-05-14 19:23:31,f2f2e53154b86981c2d528677789fae67bf9cc915898814a0df6dd529da2d99d,896711,20912.0,840.0,0.040168,2,2,371
2025-05-14 19:23:31,5be8dd9cef0ae5a3e9b3160edb25e147463fa9904701fe86c28ffbc4a1f4af33,896711,77171.0,817.0,0.010587,1,2,246
2025-05-14 19:23:31,a2f532482f126039aebf2c2a3eb2668c6ede4e99accd2bd645fa26c743696d25,896711,82242336.0,37949.0,0.000461,1,278,12216
2025-05-14 19:23:31,ea892f2dde74419a6392b34ed638be463c65d335ebb76acfd92bfec12ca8fdf1,896711,425063.0,1590.0,0.003741,4,6,699
2025-05-14 19:23:31,e8453773c3f5d51a101580c8d56ccb454d24fbc3fa42b0e2b4153025916b54a0,896711,64461351.0,451.0,7e-06,1,2,222
2025-05-14 19:23:31,c2ff72c008100aaa66158274d1ac14f43454d197653e77a38b2adee17b434e39,896711,32739.0,1062.0,0.032438,2,1,340
2025-05-14 19:23:31,c81770e8823d0969af43e6bff06eab38335c90c94f8669ba2e7915626b48a805,896711,144929176.0,1481.0,1e-05,1,16,699
2025-05-14 19:23:31,50d20357a0d09e21c564a32b50c07f44067cd576148898e3dc5d86d55c85b579,896711,80783979.0,2001.0,2.5e-05,1,17,706
2025-05-14 19:23:31,372b138bf77b6f017aae062e08f6ca4af10343be5a7015a47af0973b8de7315b,896711,40293.0,1076.0,0.026704,2,1,336
2025-05-14 19:23:31,d614af01a9ec9ed1162cb7a0287e4cce502f00eb60a92ed0935cbc5e00c9d499,896711,109551617.0,711.0,6e-06,1,2,222
2025-05-14 19:23:31,4e5ffab80718a0886e4cba6a710e395c408a37efebc801a6090b7cc3cf1a925d,896711,99239335.0,711.0,7e-06,1,2,222
2025-05-14 19:23:31,b327afb3efdaf948ed7f22d18cea3f09d722505a5a1b982658cf268c7ad1a61d,896711,258765.0,452.0,0.001747,1,2,223
2025-05-14 19:23:31,f054deae829eefa8f0b8f3106933e2264e9345529048499c3ff944d4b501b57c,896711,260693.0,356.0,0.001366,1,1,193
2025-05-14 19:23:31,1d65fc5a1339af5f6b6a2cf6889b86270602c2ebfdd6fcdc2f1c025d196e125d,896711,28989146.0,1447.0,5e-05,6,1,933
2025-05-14 19:23:31,35d9e442208692e099bd68f56e927b20005c7d44b408f33ae79043cad1ed90d2,896711,620500.0,491.0,0.000791,1,2,235
2025-05-14 19:23:31,5cb372e72948e5069a268d5625c1a1cef6b353b8178781e6494f75cfbc5e102a,896711,78581053.0,1056.0,1.3e-05,1,8,411
2025-05-14 19:23:31,64ffab5fe2f5b66afed8fc1b7f55c4b51fb1feff2c99058411bea62df974b7a2,896711,509115.0,385.0,0.000756,1,1,191
2025-05-14 19:23:31,915b3413eb2b1ffd656b2a1c646a8a4acbb2efaee69b3f8f6460c0567d2a1f38,896711,203315.0,385.0,0.001894,1,1,191
2025-05-14 19:23:31,95848490495fb7c83280cb92f38fcdbc60306add161fb8174e0efbeeef77e935,896711,508915.0,385.0,0.000757,1,1,192
2025-05-14 19:23:31,1810437d1cac10e2e203509d344b4993f6512a1e51c234ab018847159992fe8d,896711,101287.0,513.0,0.005065,1,1,192
2025-05-14 19:23:31,b918078cc68bc91536afdc38815c122db66acf495d571b5c317f7c6130f28b20,896711,101387.0,513.0,0.00506,1,1,192
2025-05-14 19:23:31,1633818aac1bd0fd0a00a5738d8f718cb7901264ebe057612d5e4f2c13d08088,896711,6730639.0,2253.0,0.000335,1,20,940
2025-05-14 19:23:31,4bd825efa67444a183c3db3f0b9e3fe215a885af85bc859937559466f9d1a5ec,896711,349278.0,531.0,0.00152,1,2,246
2025-05-14 19:23:31,2128a50dad638fc7cf9d10067f85955bb3bcd59e41335b9800dad1dda495e1c6,896711,91145.0,531.0,0.005826,1,2,247
2025-05-14 19:23:31,c0c7bb272deae4133350bdf25a13c04c1de58b31a4a7fad6f82c53b936b00bab,896711,104181.0,531.0,0.005097,1,2,247
2025-05-14 19:23:31,72906049bfc80015afaaa8a91df6d21d626d761721191b1f5013363dd5774d20,896711,1000427.0,531.0,0.000531,1,2,247
2025-05-14 19:23:31,3c16ddbd6f2a6955f0e0b0c5a2336031965f0835cdbf1006fcf15f2ef8041cf8,896711,46162.0,799.0,0.017309,1,2,226
2025-05-14 19:23:31,73c4e1a68198d3595e3971522d61f44b148a6e2ec1a0dcdd14da7418211be849,896711,50920.0,702.0,0.013786,1,1,192
2025-05-14 19:23:31,a9839d28cb56d7ee98d3a6df363b4d70411e43032273f72911aa466a8c044f84,896711,36589270.0,1018.0,2.8e-05,1,11,506
2025-05-14 19:23:31,037f7871adb19f46220243f5d4d7ee1e35bae359ac26984f7e053f69b48fdbfb,896711,423789.0,1797.0,0.00424,5,6,806
2025-05-14 19:23:31,bd4891038445ec05d24588312b95fc883bf8e84853edeba944f1aae4a0cff2a2,896711,1068331.0,1797.0,0.001682,5,6,806
2025-05-14 19:23:31,c64c014f39e768c247aaaddc4f8c8a59202befbfb3158247e3fb156d0259edde,896711,947178.0,459.0,0.000485,1,2,193
2025-05-14 19:23:31,b795b16602dfde7998ec2ece6e4bac3271fc4e5783f307b2c864459f55d8ada4,896711,50802.0,459.0,0.009035,1,2,193
2025-05-14 19:23:31,2d5f3cc09b523fc2e4367673b14384ffc6d5b577701e649965977d12b9828a36,896711,52766355.0,1594.0,3e-05,5,2,817
2025-05-14 19:23:31,cfcaf822db2fca54ade8e6a9f14ed780959e82844b2e4067ebc6b94821198bc6,896711,275410.0,765.0,0.002778,2,3,336
2025-05-14 19:23:31,8d0a0e4af38e021edca8c867de88735433c996ab493464eb34c28d62d796f5d8,896711,18518172.0,1342.0,7.2e-05,5,2,819
2025-05-14 19:23:31,bcacd7928601a683495b43ccd5fae38a4d7994ad8cbd136c9b3fcab99555d2d6,896711,142567.0,949.0,0.006657,2,2,374
2025-05-14 19:23:31,1665570c4a5d171cfcdb836c2efa7766c4c52878977ad9cdb2d16197ac3d878c,896711,53375.0,462.0,0.008656,1,2,193
2025-05-14 19:23:31,29c5a83fdac3663e18e5a6344db933e270b6a3f8b74f949b76f1c888eab14e89,896711,53718.0,462.0,0.0086,1,2,193
2025-05-14 19:23:31,3ee219344660063f11e1345de55bdc48054f3b4175d852a33056be8121e46974,896711,78931.0,462.0,0.005853,1,2,193
2025-05-14 19:23:31,b84d25f56cd901d9d0f6f60d894055f490984f71fb358a7d25bf521887c5bd97,896711,16218.0,459.0,0.028302,1,2,223
2025-05-14 19:23:31,35a9e2a0f46f759fee03f46ef6647332c434e2d9cd163609874fa4acaa1044c1,896711,127036.0,914.0,0.007195,3,2,523
2025-05-14 19:23:31,c010b50a38c308610c86a51a131d99ab55aae2b1a317170438c2ca9b1f090d19,896711,2548947.0,914.0,0.000359,3,2,523
2025-05-14 19:23:31,75cdd7a0b334e34cdcc0ae668bf3865b863619b56267450b77a839cef2dd0311,896711,253905.0,914.0,0.0036,3,2,523
2025-05-14 19:23:31,edb4140d2a5d1ee8185838facaeaa2f98f332fd105cb979956123755f1ede48f,896711,6076213.0,731.0,0.00012,1,4,284
2025-05-14 19:23:31,d6ea357b17bb6efbd9d22a1dc48b8a1b565adb926891d8882484676440f04f38,896711,65397.0,561.0,0.008578,1,1,192
2025-05-14 19:23:31,e58aa842cf7cedc2a88258cb2bb6a678a73b8955472810531be552fe6c31a1d0,896711,8398546.0,562.0,6.7e-05,1,5,316
2025-05-14 19:23:31,0a022bcbe3edb69d5fb83b3114ffcc24e01088c05abc70d6fd333bc1a4d051d9,896711,966147.0,816.0,0.000845,3,1,492
2025-05-14 19:23:31,a3cb6f1be90945bd4a2fe720fe64e42e45c02c5f58944191dfaf0d153e429a1b,896711,319838.0,731.0,0.002286,1,2,223
2025-05-14 19:23:31,7d2d5f8521daa69ba763bc44b2b52d1f6db3e5acb1f0186a9992242e1a3ce612,896711,65713.0,731.0,0.011124,1,2,223
2025-05-14 19:23:31,441396c3fe41ce900bd1322ed7c828e005196364932337d83819e2abfb69fd9d,896711,215262.0,1128.0,0.00524,4,2,667
2025-05-14 19:23:31,97f9620d95d450b7801e8b366995dd0ec20c35fbb8811576f1fff0c8c38f70ab,896711,85035.0,605.0,0.007115,1,2,223
2025-05-14 19:23:31,6658257c79caee9821e007b4af96b688164b8c105cf86d067a549ba3965bbde4,896711,90570.0,322.0,0.003555,1,2,223
2025-05-14 19:23:31,23d7bd1bd4805a2ac60c38e34593123ce0123f2c5eaec8f17348f471299e1a47,896711,687948.0,697.0,0.001013,2,2,374
2025-05-14 19:23:31,336bc77d06e65f44dd6ef93de9ed2960c6989b8d0c7528a2ec31608994ca0937,896711,498710.0,697.0,0.001398,2,2,374
2025-05-14 19:23:31,89e859f91dc26ba746bc934fa1120867450c633631a9ad34ab30453aa43d7ddf,896711,20904.0,372.0,0.017796,1,1,194
2025-05-14 19:23:31,721fb5ba6dafd8f01d51ace7aac5e48b672e9b26f24905ad7b3164e92e1f0b89,896711,49376.0,372.0,0.007534,1,1,194
2025-05-14 19:23:31,32be602520227c57c2fc2077e5cbbfe49269b83d7d473f402a7c6680e05eaa54,896711,11993.0,372.0,0.031018,1,1,194
2025-05-11 15:59:08,31b2b2104153189ce42c3ec7c3a04cdfb851bd075856b17c3a1d1524ecd54174,896278,1544249.0,146.0,9.5e-05,1,2,223
2025-05-11 15:59:08,64281b33b4b320ce1e52e6ec94c4818862b33660b06bce28986c2361a5cabaa4,896278,546.0,688.0,1.260073,1,1,2344
2025-05-11 15:59:08,b2704ce8fbb5dc4e60a919ce24667361ef134d8e7a3270fc6ac5d6f080dec0fe,896278,23905.0,154.0,0.006442,1,2,205
2025-05-11 15:59:08,ef74db8bebd65277d6a7d483df40e9161b734156500acbbcea347eb5d0286969,896278,69814.0,106.0,0.001518,1,1,153
2025-05-11 15:59:08,669704837fb9b5551aac5234156af050b735568f75729e5f2368ca92ec802760,896278,18490.0,106.0,0.005733,1,1,153
2025-05-11 15:59:08,1643932aa41f51869f645c6a848ea24073d6c00ecf6fac067c1752b6f954fa4c,896278,6418.0,106.0,0.016516,1,1,153
2025-05-11 15:59:08,934756d534c2b141fd1c32bc3aed0af6fa713d7a951a8bc511d2b36c6da188cd,896278,377589.0,127.0,0.000336,1,1,203
2025-05-11 15:59:08,fcaa6ad3413c479da5b2819b269e27ffd122e41bd475e200c2ed9011ec71a58d,896278,6689543.0,839.0,0.000125,7,9,1150
2025-05-11 15:59:08,0f19579d89141bf74e22c3a1b64d55b394457499c2c592e831d081d6dac9454b,896278,152902.0,698.0,0.004565,10,2,1159
2025-05-11 15:59:08,8107635528344377711688434485848dae8c68b4456ba286b5ec855b40dddb50,896278,47349.0,526.0,0.011109,4,6,728
2025-05-11 15:59:08,572de3e29b0d6b8970bbc1f7d8775b18abe82de041f73d1da0530b3c2141c0f3,896278,5842824.0,530.0,9.1e-05,4,6,702
2025-05-11 15:59:08,65e11c244707caf9cb1b1d7d7202dfff829890bf31e3932782afae3852b8a99e,896278,6379456.0,530.0,8.3e-05,4,6,702
2025-05-11 15:59:08,b7d6dcb2e33accbbc54eb0fbcec3e442a6a16259a488be5c0ea03580abeca792,896278,5144727.0,530.0,0.000103,4,6,702
2025-05-11 15:59:08,8fbae694488ad08301b411c194b62b659e504c177be0414863ff3e26b45c7d65,896278,5152602.0,530.0,0.000103,4,6,702
2025-05-11 15:59:08,ce7127b93095385934025dc00d37bb035cae19ad88fc7e207f8addbc6984f206,896278,5789191.0,530.0,9.2e-05,4,6,702
2025-05-11 15:59:08,217ad02a36c76de40db89f8143b5e6db698549078f09538dcdc823b25bde44d9,896278,413451.0,154.0,0.000372,1,2,196
2025-05-11 15:59:08,67ef72e4695cca5df943d79c6f355e26144e8cfe814757b3630f7f22e5cb80c5,896278,561216.0,530.0,0.000944,4,6,699
2025-05-11 15:59:08,1207ed3de337e3aa2fea254693a912c6f15c35c3e75de1b1055dbd087481b4c2,896278,1969839.0,530.0,0.000269,4,6,699
2025-05-11 15:59:08,097252aff51b4aa72b48e0e20515b142aaca361e127cf0cfea7a0d8e2d343dab,896278,149617.0,530.0,0.003542,4,6,699
2025-05-11 15:59:08,b30bf5a89209dd07f5b395ce65adf061d4f79064cafd3b94e058b20857153e95,896278,49355.0,530.0,0.010739,4,6,699
2025-05-11 15:59:08,530c1edf0c14d4f2b367b2e68cee3fac0d5679b9b12e824c752a747619db5d85,896278,289216.0,530.0,0.001833,4,6,699
2025-05-11 15:59:08,2e9fcb9c78b4a52f3fff16c7f39acb8f384795dfa45d950f7842461eeb31006b,896278,83280.0,188.0,0.002257,2,1,339
2025-05-11 15:59:08,55fdefb36bb98dd0073be640fa4a6d3f30cc57618a19547d9aa2ab67571507f4,896278,191071.0,177.0,0.000926,1,2,246
2025-05-11 15:59:08,a9dbb5be71c2724ff098da5e62d86e700ad4b3b222aab537f433ff62edc64981,896278,664681.0,177.0,0.000266,1,2,247
2025-05-11 15:59:08,5aad48ebc5141f4f0c775a55488f1d43bb82a20570cc9ce5fde41fffa07bba23,896278,1003422.0,177.0,0.000176,1,2,247
2025-05-11 15:59:08,1092154687b1fc9fd22731260447eddf4d40f40fb41fa6273926f09d680efd05,896278,254123.0,177.0,0.000697,1,2,246
2025-05-11 15:59:08,0cc8b380868455835ce2789735700c8e897c0691905a5661cd65693aa2a65b2c,896278,654065.0,599.0,0.000916,5,6,806
2025-05-11 15:59:08,665341bbe09cc61b1c11723f6686998bc19e39160852cfd37bd6d8a8740c8727,896278,179249.0,599.0,0.003342,5,6,806
2025-05-11 15:59:08,6ff1ad44999a6e34cf83251124181f9703fd46f02081edc4975021471ee83007,896278,984009.0,599.0,0.000609,5,6,806
2025-05-11 15:59:08,b021316285d95e230d9ee3a941fe2cddc919fe1c6da71591bfe1ff79722ce9ee,896278,95506.0,306.0,0.003204,1,2,284
2025-05-11 15:59:08,d120b636db0cb364a3484521c270a1101702b7706326c9b2e60e20915e36ab75,896278,105024.0,153.0,0.001457,1,2,223
2025-05-11 15:59:08,776f7fb08c6718a4ec5fc3578e2c58124226addec01210709820bd34b2dda818,896278,549733.0,166.0,0.000302,1,2,205
2025-05-11 15:59:08,392c921733b04516ac2b61286edcaaa16a5724e61fede5ea54057d0125a6f5fd,896278,294.0,136.0,0.462585,1,2,208
2025-05-11 15:59:08,0913a4ca1738be1ff92417be165364409215b242ce790bd51ab0f8361e5703ec,896278,294.0,136.0,0.462585,1,2,207
2025-05-11 15:59:08,6a69daf3ac98c3e188fc1b9e8db85ab2a2000f26fdad6cb6ca73ac770746cceb,896278,294.0,136.0,0.462585,1,2,208
2025-05-11 15:59:08,dc95d1249af58d5600e700285fe68bb092e921603aa823bfab493f9f54d175e1,896278,294.0,136.0,0.462585,1,2,208
2025-05-11 15:59:08,db3f2a763f763cef09b00ebdc398c5bc9560ad7528f2a7615af76b6caf6e9dda,896278,294.0,136.0,0.462585,1,2,208
2025-05-11 15:59:08,af4b72d6621be27490730111f3d976092a0dc32c7132aa2e39c5195bc8def68f,896278,294.0,136.0,0.462585,1,2,207
2025-05-11 15:59:08,72ca6d31e45d2a45d20d1ce5a230751b8f7cd412f33a279ae1b517b91cefaa8f,896278,294.0,136.0,0.462585,1,2,208
2025-05-11 15:59:08,15c472b1ef408aac1e4c5ad44816d44bed86fc5a1c04b10ce90d81f4bbe2d88c,896278,294.0,136.0,0.462585,1,2,207
2025-05-11 15:59:08,ee65dd5939133ce5754ac5a3dbd25d5d72789015b5913085b6dbb6423afb8773,896278,294.0,136.0,0.462585,1,2,208
2025-05-11 15:59:08,53bf9a7a59846a86075906c9dfb0656982e8ad8612b1c42e6bde5b3e392ac671,896278,294.0,136.0,0.462585,1,2,208
2025-05-11 15:59:08,66bc7d234145046c20263f97c1bafaf7c307f791388d4050b37ec9b288e66d67,896278,294.0,136.0,0.462585,1,2,208
2025-05-11 15:59:08,1d66286021847562b504fa5f857efb966d37abd77c8a5853d8ab5f9d396e5765,896278,294.0,136.0,0.462585,1,2,207
2025-05-11 15:59:08,91da245808cee3afaf5e91a2a085cf6786617d66638bc41e75b2165b2fda165c,896278,294.0,136.0,0.462585,1,2,207
2025-05-11 15:59:08,66a81cbc27974ca7af47255b4497453d91d597f065d0c0393f60c5f324054043,896278,294.0,136.0,0.462585,1,2,208
2025-05-11 15:59:08,fd0b1519e973f0388400dd544e307b13379000af538dd6ff6ec17e91ec2dc740,896278,294.0,136.0,0.462585,1,2,208
2025-05-11 15:59:08,85d987285d1b23134b796e9c7a1960bf78b93ad86f288b03ef8e70f4c238cabd,896278,95812.0,306.0,0.003194,1,2,283
2025-05-11 15:59:08,86496dac134351d82d35a3dffe40966ba8fd51fe833afb602b6b7860515238af,896278,100256236.0,1783.0,1.8e-05,15,2,4481
2025-05-11 15:59:08,31cd5d02ef5c50a1cac538f599cba8896d6df4d24b7c28dc252cb92f19f512f2,896278,1871514.0,154.0,8.2e-05,1,2,193
2025-05-11 15:59:08,317d573c2a6b9e1b2319f4fcc070182bcf4a0e8fcb3cbd6cb6ad36db758c1d9d,896278,5546316.0,154.0,2.8e-05,1,2,193
2025-05-11 15:59:08,c6031cfd43f76053f545dfdd7192148050e60637eef121b17de4b8fd32ae3690,896278,126766.0,154.0,0.001215,1,2,193
2025-05-11 15:59:08,5df3580959a09c2c536cb44ff9a8060c159c8049df90baac5ba78fae631d2ea4,896278,98178.0,153.0,0.001558,1,2,223
2025-05-11 15:59:08,fa8f7e5bae95268f46f3337247a3bba655a10a8e6010c07ef3c1b128a94fc0cd,896278,246392.0,668.0,0.002711,6,6,913
2025-05-11 15:59:08,b80f6f7b1f6d2029f7c9968ad7ed496c79c972b61c0a08b2ac84c694775648a9,896278,67593282.0,145.0,2e-06,1,1,215
2025-05-11 15:59:08,3fbd24e9834bf1509824007ede12e85611dcab61ac033eaf31654e1e7b8ad461,896278,159100.0,269.0,0.001691,3,1,489
2025-05-11 15:59:08,73c150017f5496814518afed7cf3cd82954dcf6415437cff3ec8a03bbc048e18,896278,424868.0,134.0,0.000315,1,1,203
2025-05-11 15:59:08,32528a4bb149a91aa85aac10827dd218e31fd2712b5f8e72d9a63ed13fc3b14f,896278,13545.0,121.0,0.008933,1,1,191
2025-05-11 15:59:08,a9972cf3e06a2210229a6512128ef6ec2974dccd95b34321912106b1328e8e46,896278,9609.0,121.0,0.012592,1,1,191
2025-05-11 15:59:08,ec4200921d15190f0d3cda4099764946314033cf945b4ced2dd92a45d071d80f,896278,477944.0,121.0,0.000253,1,1,191
2025-05-11 15:59:08,7bf81f246473debaab623b8dac970f180d9192747e6d3d976a52fc5965da2b4d,896278,29297475.0,5173.0,0.000177,1,143,4783
2025-05-11 15:59:08,ce221458e30c6b75c065599ad6b7df0ab9b3ce3d899a4df1b9951af81c77e3b0,896278,51985729.0,5313.0,0.000102,2,141,4991
2025-05-11 15:59:08,9da3526f9fc2c4ae02e3f681e4f788dfa3cfc6f8721e42981a23abf6c8e03d5e,896278,46623.0,518.0,0.01111,4,6,764
2025-05-11 15:59:08,92cd3c4e25152239e9842b129546a4d848c240c22f8b1d0d8f4254bef25ea9d4,896278,269442.0,312.0,0.001158,1,2,283
2025-05-11 15:59:08,1231d48fd2af4f2b5c7ec519b723665b6a71d155118b539bbae40762db504bf8,896278,2452.0,190.0,0.077488,1,3,240
2025-05-11 15:59:08,caffcf43e771fdf9a69110a03c89b571daf00f7792724aae768e4154cda7cc70,896278,6138.0,141.0,0.022972,1,2,223
2025-05-11 15:59:08,83c9b060452d75eb0c475c83604cdbdf3fc947e357f594b7659a3a34573bc3c0,896278,100312.0,234.0,0.002333,2,2,312
2025-05-11 15:59:08,6c527cfe04ae7825d6d96fdebbdc6e35ed4b1452d986572873498395c6ad8076,896278,73721.0,234.0,0.003174,2,2,312
2025-05-11 15:59:08,02d3cde87787c12e34dea49208da1d23578516370bb86b6c2ff5efd6f4c3f955,896278,133811.0,234.0,0.001749,2,2,312
2025-05-11 15:59:08,f26e5f3fcf280bc03e06daa089fe5e7a69fc690186be89814b9ba03b67bfa106,896278,134499.0,234.0,0.00174,2,2,312
2025-05-11 15:59:08,a3689c2f023492dae1893369f88a366ce3d970953f2586cba8b6b77bbda1f02c,896278,134733.0,234.0,0.001737,2,2,312
2025-05-11 15:59:08,7a41ee8d5d872946ceb4f8314e045e82744888011225b9e7effb982015fa69eb,896278,145467.0,900.0,0.006187,5,2,813
2025-05-11 15:59:08,599ed070c9b70c5895f026f24e6b3115f4c937e93604db823f3fdcbe47ceb097,896278,5152802.0,221.0,4.3e-05,1,3,249
2025-05-11 15:59:08,ab826a4628e336851005bc97d7fce61be2682b7bbe4acdabec2c13c5e78fad84,896278,5789391.0,221.0,3.8e-05,1,3,249
2025-05-11 15:59:08,e98eb9370e52e07833c1a3cbe04e2912eff71b56c1f7d3514f09eebf2bc40f6d,896278,6379656.0,221.0,3.5e-05,1,3,249
2025-05-11 15:59:08,2f8bce309bd9e07b938a626a3df25f512883a2616ce418a9fa6b7f566d65e326,896278,5843024.0,221.0,3.8e-05,1,3,249
2025-05-11 15:59:08,ab1581d3c423bcf0038cfd2aa02484a6fbe54c6040deb5cc77a1065700c06124,896278,5144927.0,221.0,4.3e-05,1,3,249
2025-05-11 15:59:08,dfc3583ef121ba75528fb2c7191d561f02bdbf9920e77bf1b1a5cdec781d2022,896278,4898205.0,936.0,0.000191,1,24,919
2025-05-11 15:59:08,39865384f5afca04b2e0ddaa334d9748ea9499b7f494bf54741a0bbde5eb2efb,896278,20998678.0,1322.0,6.3e-05,1,34,1263
2025-05-11 15:59:08,60051c2cd684ce9571c43e6bc0953770008e5a920b57161664000fea0f0ddfbd,896278,598798235.0,1303.0,2e-06,1,33,1247
2025-05-11 15:59:08,27515c68b2a90a65c29c737c9899308dd27cc7a9c5d826a99c6690c04d498aeb,896278,84916082.0,1218.0,1.4e-05,1,31,1170
2025-05-11 15:59:08,0c43786531c1e72572fcb35c93d4983b868ddf163c4a8560afadfec64f6784ca,896278,12995031.0,1007.0,7.7e-05,1,25,982
2025-05-11 15:59:08,d58b621c1636c3e599ad7dda64373ea093c3e446fc712bea6153013c780ca497,896278,91535102.0,911.0,1e-05,1,23,895
2025-05-11 15:59:08,22d29044999770b9f443bbe7394b306c43a65a68771857dd9422bb60a67b3364,896278,39999052.0,948.0,2.4e-05,1,23,929
2025-05-11 15:59:08,9ffd7af1f372ceea61405f5bbdb8c374379120d7db9ecc4eda0980ee81197643,896278,16828535.0,1013.0,6e-05,1,25,986
2025-05-11 15:59:08,9a48ce85d3d5d28a8eec359c8f5f8a6dfa98dadbe4a609de1d54843c78f27461,896278,149601.0,221.0,0.001477,1,3,248
2025-05-11 15:59:08,b885939eaba83b923acbb841c6933984d092d92d1358b92466172ae35e0e2b5f,896278,49339.0,221.0,0.004479,1,3,248
2025-05-11 15:59:08,28ced3a6c16d1223b7060b90ef6bfda749ec48d3dadab74a14ae6c6096004a5b,896278,336439.0,221.0,0.000657,1,3,248
2025-05-11 15:59:08,0839eb1c08ab7ecba006b0e19a25e4d3c463c2a90dc59698ffc037c53bf18bde,896278,183041.0,327.0,0.001786,1,1,193
2025-05-11 15:59:08,f10307e75ea7a80c4e8749592121b4f3e991762a016b53a0cd8297a3150f2ac8,896278,56548918.0,4430.0,7.8e-05,2,120,4188
2025-05-11 15:59:08,927ac8467e3215775c772b5581d1ce5ff33c028db429a0a23bed672e22423cc6,896278,529302.0,163.0,0.000308,1,2,223
2025-05-11 15:59:08,85a84ddadae3708097a9ce13326dfed9bb2da45e4ff7cb9b7951f07540c30f25,896278,208222.0,166.0,0.000797,1,1,326
2025-05-11 15:59:08,3edeb0fc36a3f9b3d77f59a993586e3c203a2cacf512796e9475611f7e45cdbd,896278,1218883.0,179.0,0.000147,1,2,234
2025-05-11 15:59:08,618e7cd2bcdc1a17aa5dfd29b5d7c8d8ac2421f35239bdfd8b22434bad4dfdb8,896278,2755046.0,179.0,6.5e-05,1,2,234
2025-05-11 15:59:08,7f70606dd5dd00208ae3a6717f67f52b8a07102ab57d13425f226fba534c254f,896278,1280533.0,179.0,0.00014,1,2,234
2025-05-11 15:59:08,daa05fc76c4f65f0ccdb234253da3ac740d2187c3e1e194203c54b72fc9b4e78,896278,74328.0,278.0,0.00374,2,3,335
2025-05-11 15:59:08,8175951355e6e94c77aa130a7a89a13e64c3e2f88bc176e56cd551ffab1224e2,896278,2729238.0,170.0,6.2e-05,1,2,223
2025-05-11 15:59:08,704473bce286845db5cc32ac2515df845d12c6e7fa6f246ff84584650abaffb6,896278,19999830.0,170.0,9e-06,1,2,224
2025-05-11 15:59:08,1d28790467a13b5aae8194fea6d7215856d8f18c9137623042f1c6e1c49f9c2a,896278,3729346627.0,170.0,0.0,1,2,224
2025-05-11 15:59:08,ab1f021439b17aa8fd5f59f36d0d80f0fd46228fb448eb553b45cb58a88ec41e,896278,36051550.0,170.0,5e-06,1,2,223
2025-05-11 17:27:36,22178946485b4825fe6a23a54186a57649f7409106d375d45a4530dea3c1472c,896286,546.0,151.0,0.276557,1,1,322
2025-05-11 17:27:36,3119f3916a965aea878f1e5b9bc3a71cf7f93276f47426db9ea88525c7348e78,896286,145858.0,154.0,0.001056,1,2,205
2025-05-11 17:27:36,49b9510332648cc3548a494af72eeefbc171bf37f1952492177dd79cc259432c,896286,546.0,154.0,0.282051,1,1,331
2025-05-11 17:27:36,c96a8f45392592ccce5d6b413e4f91c8d104a44edd7b758b0b4da36a7d021f2c,896286,86669.0,178.0,0.002054,2,1,340
2025-05-11 17:27:36,8ffcf850e1e969c5636c522eba6a38abe39ee1c0a85a808d37fd3c5c0d52d82b,896286,330.0,152.0,0.460606,1,1,323
2025-05-11 17:27:36,b7162e9451f41a8afd6f785ac63eed4388480dd977e0b5c32054b8af77efd52b,896286,960629.0,293.0,0.000305,2,2,674
2025-05-11 17:27:36,90c9ec2ad42c42b6961de4f7554a02dd6f0fbf9184659d62cdaacf2c0f64cf2b,896286,546.0,154.0,0.282051,1,1,331
2025-05-11 17:27:36,93371506b18a1813c7d0572b3a9869feec04c219f01cfd0ad95cc1022497b12b,896286,330.0,151.0,0.457576,1,1,319
2025-05-11 17:27:36,90b1ff3eba3e2f7999ec75b9a9ba8d16ea7263c4af472ace49236aa4c8164d2b,896286,330.0,151.0,0.457576,1,1,319
2025-05-11 17:27:36,b00cef75ea2ac2774fb541f6ea17195feb1f87b233274e16091818d1d91c3a2b,896286,111093.0,110.0,0.00099,1,1,192
2025-05-11 17:27:36,86473907b318a49b4032f53005ebee8c76bff79c1b1962dc3529fd84504a0c2b,896286,546.0,151.0,0.276557,1,1,322
2025-05-11 17:27:36,ba13bfcffddb443e49b94c6bee8455da18e887b9d43637d01b773339eaced29f,896286,76081.0,154.0,0.002024,1,2,205
2025-05-11 17:27:36,e61523600f828edac90a11e3e4c8ce76b50388d005ba76413e34779df10ccb2a,896286,1344335.0,142.0,0.000106,1,2,223
2025-05-11 17:27:36,1c188e85980650b4deac84a87740c846761b921a2a85cdb93efae7850b3cac2a,896286,4989354.0,143.0,2.9e-05,1,2,194
2025-05-11 17:27:36,7fd2e3853710013f61c101386ad61029a16509a0a438e13f945adb8794c5912a,896286,330.0,151.0,0.457576,1,1,319
2025-05-11 17:27:36,dcef01744b2bc3f7a50cdf97f608692bfc3d2284668c5f7edefcad7451aa852a,896286,9689.0,99.0,0.010218,1,1,150
2025-05-11 17:27:36,0ef6c392d73fcd96d6808bc9588326b42a9d0b1e128bd3f8b503df3d12ce782a,896286,35665.0,217.0,0.006084,1,3,298
2025-05-11 17:27:36,906d7d6b2d21cb45b875c26f3fc50b7ff226abcdbd6a20ab4775e976dff75d2a,896286,330.0,152.0,0.460606,1,1,323
2025-05-11 17:27:36,59106c40f3005a1647a28bc5ac20272c16a684ddcc0f1fca53c61d9af69b272a,896286,1029934.0,154.0,0.00015,1,2,205
2025-05-11 17:27:36,c307e44250a2321c2f303372a6f3a216614966cfa05b9514bcf535ba436c242a,896286,35666.0,217.0,0.006084,1,3,298
2025-05-11 17:27:36,d6090fea5c1febb3106fdff17a18b16d38cc02a6967d85c5f11c49ca794a212a,896286,11848.0,164.0,0.013842,1,2,245
2025-05-11 17:27:36,335c4592bd49280d7696710e7d06bad01a92afda656750d2c87bcc05ca64da29,896286,319623.0,209.0,0.000654,2,2,371
2025-05-11 17:27:36,e5fae700d375a80948124d76741efe3564f3cde03a657ab1aa47e712116bcd29,896286,351.0,128.0,0.364672,1,1,266
2025-05-11 17:27:36,cb23af4dc73ce30ef4f35d00bc8fb95799550f238080aacc40089fcd6e8dae29,896286,57568.0,212.0,0.003683,2,2,312
2025-05-11 17:27:36,7df011c9119d6fce5a3e79e7bca2e24e30689477d3145c2323170b9002ecab29,896286,330.0,151.0,0.457576,1,1,319
2025-05-11 17:27:36,c07ea7390bab792871920a24a2af68f5f355e14b59359f3f6c05559565c0a429,896286,330.0,151.0,0.457576,1,1,319
2025-05-11 17:27:36,165e1807114bc18e2f7448015ffc7227b0ffc1dbdd9bace499ced7df97d77429,896286,330.0,151.0,0.457576,1,1,319
2025-05-11 17:27:36,7027ec68cb3e305fa0dd9f9020d07eb929021242d3d8b80ed3ca74d24c934e29,896286,11832.0,168.0,0.014199,1,2,249
2025-05-11 17:27:36,0b5ee158fe61ae55a6aa21eed48f7642787813cf9134054aba80216086974729,896286,94806.0,177.0,0.001867,2,1,339
2025-05-11 17:27:36,455ba61113f037178438dc71454bb276e2184aa991d499fef501b3b02bdf3129,896286,330.0,151.0,0.457576,1,1,319
2025-05-11 17:27:36,a282fa486295ec061742f6faa4246258db2f83f7c888e4344d340d9f90f54121,896286,143741.0,142.0,0.000988,1,2,193
2025-05-11 17:27:36,5da8463d7d0fb7712d8b440db5ec66d31b23fde2eb506f84080c52a4748d6a20,896286,330.0,152.0,0.460606,1,1,323
2025-05-11 17:27:36,97dfb61d877c543d96b0baad2e105e1cc5a7b4f023fa217be48d6d2ddf28b51d,896286,330.0,152.0,0.460606,1,1,323
2025-05-11 17:27:36,4efd649ca6fa4795b7942e362947bb26bbb2ad76ffda5f0e68732ccff75f841d,896286,39156.0,217.0,0.005542,1,3,298
2025-05-11 17:27:36,a17efa6aff5a696c35a82a7323fcaff9afb11722daea02c81baa484287dc521b,896286,49694006.0,210.0,4e-06,2,2,372
2025-05-11 17:27:36,1f11e486b1508e4c90d90980a12f756ff99712837daf8658e68654cbe06e491b,896286,330.0,152.0,0.460606,1,1,323
2025-05-11 17:27:36,e27fab8412b7ea6603ad65b84bbfd1410f408f38cb9971fdbf36ec3488359c1a,896286,494629.0,209.0,0.000423,2,2,371
2025-05-11 17:27:36,d2528068c2f9c4bcde8a6280a39ec0d11bb5426164f1ae30c3bd6634215b43f6,896286,122040.0,141.0,0.001155,1,2,222
2025-05-11 17:27:36,cc2564aefafae99ae85c350d403a55f67d7add67bfffde38fd21979d49b08fd2,896286,126989.0,141.0,0.00111,1,2,223
2025-05-11 17:27:36,0f9c0863178ddad0a08307db13a4d6ea0e8ed56b494dde4b05fc494ee5de4acb,896286,131938.0,142.0,0.001076,1,2,223
2025-05-11 17:27:36,b1a0eba82aa98f6b9bfe762855094740e8fa926540e57d7f59ecfff5120ccc7b,896286,382419.0,141.0,0.000369,1,2,223
2025-05-11 17:27:36,c6bda93a9552a526ac2a9ebc194bb55dff594f25a372666c6616ab54d6a4411a,896286,50790.0,110.0,0.002166,1,1,191
2025-05-11 17:27:36,222176eeda6e03159657cd0a08d9c13befc9beeab6ec2d6fe57b6a323ee0a415,896286,330.0,152.0,0.460606,1,1,323
2025-05-11 17:27:36,03288590680422d18a1fb2d9762fdb19615590629304e326ae3c6b98143c4c15,896286,330.0,152.0,0.460606,1,1,323
2025-05-11 17:27:36,2845d97e31ce43d81745bf783dd31a77eb7146e618bd539d3b0f1ce81e965b14,896286,546.0,153.0,0.28022,1,1,330
2025-05-11 17:27:36,fd9967f799be4cbfdc941b1eb70f644565af1e52cb7609015ff3b6e0423bff93,896286,1646.0,154.0,0.09356,1,2,205
2025-05-11 17:27:36,6018cca4342a95953c2918dc465cf6d107c09bb54d7206d1e44daaf9e33c4114,896286,330.0,153.0,0.463636,1,1,330
2025-05-11 17:27:36,ee4d8fdc623be3d70c0f458927a72b4ff8c10209f2428772c89e0df7d40fba7f,896286,442753.0,541.0,0.001222,1,11,592
2025-05-11 17:27:36,9e01970a7b8ead4d14228c6629c845fa2ff1098a5e20cfc7b99f2a70118a3514,896286,330.0,152.0,0.460606,1,1,323
2025-05-11 17:27:36,7d8877febb0a34c904578ed32dd5838abfed97d2a2d475f39bae4aa1cedaf50f,896286,330.0,152.0,0.460606,1,1,323
2025-05-11 17:27:36,299c1d31673f6e601d543c2da96eb42edb4077517acaa6c4d5af153cfcb35b0f,896286,330.0,152.0,0.460606,1,1,323
2025-05-11 17:27:36,c86849eb2170bd8b741bfad296bd4b9c156438dfaf618aa0343070486a64170e,896286,55347.0,1080.0,0.019513,18,1,1972
2025-05-11 17:27:36,6ae543e3d5673a315aa5215796c9296dd019e83b5237853211d5bdb5e617f207,896286,330.0,152.0,0.460606,1,1,323
2025-05-11 17:27:36,472d1a4137e4b719b1e3166ce9c740acf5370586bded5f811829c8501961fc05,896286,2759554.0,154.0,5.6e-05,1,2,205
2025-05-11 17:27:36,314e244e21c6fa4894930a27a18876f23d0ea107d685464256886e7b51152302,896286,67715.0,154.0,0.002274,1,2,205
2025-05-11 17:27:36,ed6ab80cbbf713c6865dcd606fbdd96a8d9c3d302eba00b3dccd61aa8466f801,896286,330.0,152.0,0.460606,1,1,323
2025-05-11 17:27:36,0946e98da65bf55fdac65fb5e80d428873442e5c600a22c0398c400e20b8a7e1,896286,2340439.0,770.0,0.000329,8,1,1416
2025-05-11 17:27:36,aea83692d64a678909fce3f2f524aa70db8943fbba51a892428d7a858e979dba,896286,3989138.0,578.0,0.000145,5,7,826
2025-05-11 17:27:36,37211be54c1bde495d88d3753eba4bfe5a06ddfbf40aebfd8917873df1e8ab1e,896286,157297.0,967.0,0.006148,8,12,1393
2025-05-11 17:27:36,39fb57fa989be70487f009c2186e439a60800e542c42aeef607f3bc4505c45ce,896286,20068373.0,345.0,1.7e-05,4,2,667
2025-05-11 17:27:36,217db460f242823662e8dbfdf9cba929bc67019951ba2549ce11aa6c31a17be2,896286,56295.0,285.0,0.005063,1,2,284
2025-05-11 17:27:36,0949bdb2295432e4c6c510938367c07fa2005325350d9861e089d100bdcbd2b2,896286,1086746.0,285.0,0.000262,1,2,284
2025-05-11 17:27:36,e7f3243575d7c7cfbeec1356d639556933c01656ca083f0401a37a9f4d479172,896286,66580.0,285.0,0.004281,1,2,284
2025-05-11 17:27:36,d0e4efcaa9bf80261dc375367f9d84a5f121716702fd61bbab1d3d351aad3280,896286,1464433.0,280.0,0.000191,3,2,522
2025-05-11 17:27:36,3a18a3bc243cddf86a5bb4eb35105bdd6621c06ff29da91903e917f51a2a7b18,896286,503454.0,249.0,0.000495,3,1,490
2025-05-11 17:27:36,7749630933a9720ad2b8c0c9ab27f33de2a97653e65ab98243ceabfeb4ca702a,896286,2243971.0,224.0,0.0001,1,2,223
2025-05-11 17:27:36,3a1a488dfcc8e7d1f35d53068fb5c2a9c6952bb19c31ab2af92f2421fffd6819,896286,1389037.0,224.0,0.000161,1,2,223
2025-05-11 17:27:36,c474df28418f08ed0ad472f4885dd7b3aa0400e720843041091142d06b4e4a04,896286,101851.0,224.0,0.002199,1,2,223
2025-05-11 17:27:36,f2e3390df4b7a342c7f0223b2ed85e56af81e8f234b9001565aa4682ea4c8710,896286,11210.0,190.0,0.016949,1,1,189
2025-05-11 17:27:36,e8f746e137fea991fd04e879479c04bfffb8734a33777921384e3303398a253c,896286,960710.0,165.0,0.000172,1,2,246
2025-05-11 17:27:36,ade1b593c79ca2e934530282e6579c13e2eb2fc8be6e6d849bb23a82b6beb5bd,896286,10890030.0,162.0,1.5e-05,1,3,212
2025-05-11 17:27:36,1520120b395de0fd76dab5a5ea669f01982cc75cd9f89668b8c0569860aa0e49,896286,168540746.0,155.0,1e-06,1,2,205
2025-05-11 17:27:36,2afa8044aa25d81bea783a25499eb6737e216b5426480b542ac6681fc9f27137,896286,4351961.0,297.0,6.8e-05,3,3,445
2025-05-11 17:27:36,86b3209745ca82463c22390dcfd08bf9ec0669a178104eca4f420ebcd039093b,896286,2505351.0,295.0,0.000118,2,2,674
2025-05-11 17:27:36,27d88f309565ce33293bb389d1f57243915a7c77502c7635c08186fb91c3c3ec,896286,58680.0,285.0,0.004857,1,2,283
2025-05-11 17:27:36,3c9677e728646636c92652a9b5ee43a795c6baa8f45db8b9a6f716c22a2a64e6,896286,68058.0,285.0,0.004188,1,2,283
2025-05-11 17:27:36,b647f061e3c9cbb5dbe6025485e94c5cf04366e517042fca9aaa8a04c1d69766,896286,54295.0,285.0,0.005249,1,2,283
2025-05-11 17:27:36,41e257c575eb389593a12ac1d3f6ed013faead575bc38c26e53781d415548459,896286,332800.0,285.0,0.000856,1,2,283
2025-05-11 17:27:36,e562e9499602ea4991f3caa6f22ed12e041bed6dcefb614a02fb3e53991f5332,896286,61980.0,285.0,0.004598,1,2,283
2025-05-11 17:27:36,5548d0db2764ad8f7a9d975c3b29ad328b63bad920e570f521ede6a5d526d171,896286,740222.0,888.0,0.0012,9,5,1484
2025-05-11 17:27:36,13d7cce2df8c0752199442a7d7168195818206947cafef45e41a88e64499d2b2,896286,153124.0,18382.0,0.120046,316,1,33869
2025-05-11 17:27:36,f82ed7ea4860d9a4e25ad3fb8e70eeb564bfebb98bbffccd178703af1c9ad878,896286,142230.0,227.0,0.001596,1,2,225
2025-05-11 17:27:36,815a3e40b4905189c431ded64e3ffd298250433f52debff3f5eaebbe3e19ccf3,896286,2092860.0,340.0,0.000162,2,1,337
2025-05-11 17:27:36,cc584af0336b98a2e0b2c03955aa31e2e8b1df3652b67d97ca1df2fcc54ad052,896286,51612.0,224.0,0.00434,1,2,222
2025-05-11 17:27:36,dda690c354b4e0ceaa1e2d7ef5fa93338289e71f71ef14abf625472059eb50ef,896286,33545616.0,622.0,1.9e-05,8,2,1263
2025-05-11 17:27:36,229a7ecdcf68279f49b65d6c2152dc4bd7da50bedad91d8de5e59ea8ba1fbde4,896286,12199900.0,100.0,8e-06,1,1,150
2025-05-11 17:27:36,d3271628ba7176a9a644f8c42caa5cdca7923b244f11197c14e0275b9279909a,896286,36722554.0,491.0,1.3e-05,3,1,486
2025-05-11 17:27:36,c948d94e394bf840082c33c73f0b9c762ef701b370ed732b3d7957e845f939fd,896286,13489854.0,183.0,1.4e-05,1,2,346
2025-05-11 17:27:36,294c2ed91d4855d65d1e1437f8eac97876a9685f70b56cf80fa9bf8b236c3b64,896286,1742305.0,143.0,8.2e-05,1,2,223
2025-05-11 17:27:36,c5f57800b266a6ec16142858acf343f9684f86d932c815223cd9f6a9eabce5f3,896286,600.0,136.0,0.226667,1,1,215
2025-05-11 17:27:36,ed944894faed391ea6421ac53ac6b7113813ee849a5202e1b9292fe3bbfc65a1,896286,346311.0,399.0,0.001152,5,1,797
2025-05-11 17:27:36,08bc74ec7e5e8115089495be01bc1668c3fc6d442ac751ba5a06bc42b8ea0653,896286,219103.0,195.0,0.00089,2,1,362
2025-05-11 17:27:36,fdaaaade35bcf3c57319629531dc7b71c63274843e80c1df7311d6275fa9de9f,896286,492475.0,115.0,0.000234,1,1,194
2025-05-11 17:27:36,cedd5c9b7823a363195983bb90f5b404897b91034f4cfc1e24bfca8a876e0fe1,896286,1541.0,112.0,0.07268,1,1,191
2025-05-11 17:27:36,9bfceaa2637c4aef7a244516dc34fd7382c700c76c8e3f9504b56256891abd7a,896286,1298.0,112.0,0.086287,1,1,191
2025-05-11 17:27:36,19444c097f2ab2ab893f1d3eb2a6edac64a789232b661fe757bca77ab9ce1168,896286,317529.0,214.0,0.000674,2,2,371
2025-05-11 17:27:36,f88e36939a8c4f40c7058c316cdda387579df45b0519f83bada49adc7215cc7f,896286,234361.0,213.0,0.000909,1,3,366
2025-05-11 17:27:36,84e3f874f5178a8e023d4ba81928b146e77a63c1f770a4c8952b825af2dbbc7d,896286,234904.0,213.0,0.000907,1,3,366
2025-05-11 17:27:36,9716ffc27d59763a8416107db685bead22acfc7c9e39c4d697a769830e098eea,896286,235447.0,213.0,0.000905,1,3,366
2025-05-11 17:27:36,c6f16fca3ffc8824ae649f6b1721aa2a5679560b0090ef962bb348310fa827e8,896286,235990.0,213.0,0.000903,1,3,366
2025-05-12 21:57:42,7722254cf11d755ac61dc8fee6787df46163cb5f2b262e0a5ff83a8e8c1b7fe1,896460,666.0,426.0,0.63964,2,1,269
2025-05-12 21:57:42,c81cff86848aef2d77d054c7532baa3f4f1d6b9e0bbb28d3977952431fbb5978,896460,666.0,426.0,0.63964,2,1,269
2025-05-12 21:57:42,79c78919fbae475fde9ad8d9a83d1910ac11bda3e5411ac7ff5b5daa4ff87570,896460,666.0,426.0,0.63964,2,1,269
2025-05-12 21:57:42,4b1cc986b60700a3bbfe1502af33c3893f453565700f6d5b91beedbaf24ed422,896460,666.0,426.0,0.63964,2,1,269
2025-05-12 21:57:42,a5e9cfaf4e9926e819b2afa58d907ae3df3f633e1b97240f8a3ce7652f0c2df7,896460,53178.0,477.0,0.00897,1,1,188
2025-05-12 21:57:42,1149f45ef832c21171ec9eca279dc484ffabbd875852e464e00deebc77847da9,896460,330.0,419.0,1.269697,1,1,322
2025-05-12 21:57:42,a33673e6e8cd5240deee1e45da063712a1c3cbd91eb470d43fbdd51bf0bb77a8,896460,45009.0,355.0,0.007887,1,2,205
2025-05-12 21:57:42,94a521354a93067b7c0f1b6318909eebe759979cf4af4ae85df7729fd527e793,896460,99317.0,907.0,0.009132,3,2,519
2025-05-12 21:57:42,ec7eb1607cd26a9ef0c917e7167b8e6ac6688c4518b63499be31a64f2a16bfd3,896460,1096153.0,450.0,0.000411,2,1,339
2025-05-12 21:57:42,f8f3e3cd1856b8af28ec5e6023af98f4ac6072c6dfc78ca6c60d426b2717f7f9,896460,386951.0,958.0,0.002476,1,2,226
2025-05-12 21:57:42,a9ae5409dced667139588aa5810c738457728056544e81318498ab4e0d59324a,896460,11110620.0,1696.0,0.000153,5,2,816
2025-05-12 21:57:42,c7c0481f03140b08193d07b162f10be7456dae18e4c0c6947094ddbc1c9e64c2,896460,62965.0,480.0,0.007623,1,1,188
2025-05-12 21:57:42,cafd6885269e3b9ae87f4b4eab5389eb398c1d46fe553d0ab0242301e28fe636,896460,70854.0,515.0,0.007268,2,2,303
2025-05-12 21:57:42,fc17f748adad3e94491ae72b41b4a0cd0eba00d8f035483ea81f5c008f175437,896460,363943.0,612.0,0.001682,1,2,193
2025-05-12 21:57:42,76155a1098bc90fd12c7f41c6544373a80b7c50110eace8d3ee6a575aff42ade,896460,380118.0,612.0,0.00161,1,2,193
2025-05-12 21:57:42,5aa917402ad5f15c068327c6c262b09eb3d7a7db6d9182b0ddb2d090b0ab1751,896460,396293.0,612.0,0.001544,1,2,193
2025-05-12 21:57:42,8a00e0b6bccbefdaec029080a49d556dcbbfe43280972fcd66b77a69ce921dc2,896460,412468.0,306.0,0.000742,1,2,193
2025-05-12 21:57:42,6204f3987a8619ac39d8d83c519ed74c32ef9a22e76c52a19317165491364fad,896460,455571.0,306.0,0.000672,1,2,193
2025-05-12 21:57:42,e0870cb561e2bfed14b699c0a5838c29fc3cb244d75083daec7dc8a835b06183,896460,471541.0,765.0,0.001622,1,2,193
2025-05-12 21:57:42,5ad922727ff981ea392060e409f75132aad396e181746340ad42039bafe0de5a,896460,491964.0,306.0,0.000622,1,2,193
2025-05-12 21:57:42,426709a0d226f75829e7f555769b3dbb0fccf056236f09d58e443a6997acdc98,896460,507010.0,306.0,0.000604,1,2,193
2025-05-12 21:57:42,23e25e3e04bed652d2936573ae3bfaa2a115cb52adf6503d295f6caf3f3d6558,896460,550552.0,306.0,0.000556,1,2,193
2025-05-12 21:57:42,71c59a296794a8e36ff23ee793e508caf2cc65fae81d2286aa075a4ae9013cda,896460,566580.0,312.0,0.000551,1,2,196
2025-05-12 21:57:42,17f4ff9634f24173510da09935d1c01a8494879f14f1f5f834584a005cc432cb,896460,581632.0,312.0,0.000536,1,2,196
2025-05-12 21:57:42,3c380de233bcea767c016740eef14b20b5d8c3a4d1cc0a9898befd1b4f6179ee,896460,596684.0,306.0,0.000513,1,2,193
2025-05-12 21:57:42,38e135fa26ce4aa38e32d05c3d8043f7454bf4128a8803b8145545f9bb9accc3,896460,612698.0,308.0,0.000503,1,2,194
2025-05-12 21:57:42,7e70f036f9938b0fdf75b696587f0faea389db8f2ff9a47def18b5f3f2c6ce5e,896460,627732.0,308.0,0.000491,1,2,194
2025-05-12 21:57:42,9d892513bf603771feb16f4e699b10b684579ac1f5627aaee05481981d6e6b35,896460,643748.0,306.0,0.000475,1,2,193
2025-05-12 21:57:42,03f35aafb156a7e0f9c6f61b49ad279596f6e70d8faa696af635cb07917859f2,896460,659762.0,306.0,0.000464,1,2,193
2025-05-12 21:57:42,511c555415df2f4c08cb30fc0ffaa9dc5f9d4d403863b885237e39cea3cb9aef,896460,675776.0,306.0,0.000453,1,2,193
2025-05-12 21:57:42,1e04edc37f968323d22d258e353de558dde6f438da312d60eb0258a09194d29a,896460,690808.0,306.0,0.000443,1,2,193
2025-05-12 21:57:42,02075ca6dc67b0bf9efa99d33e377e9f17bcd9622e4633a2cd1b529d501f8adc,896460,706822.0,308.0,0.000436,1,2,194
2025-05-12 21:57:42,4f4384ce4b8b03046abe36b64f1c33d5cac48ba58b7d101d069dbe82597df4d1,896460,750327.0,306.0,0.000408,1,2,193
2025-05-12 21:57:42,16585f9758014c2a4c545ac2a9e44a5c55a57db8439370285b7cb2c17325b8d4,896460,766341.0,306.0,0.000399,1,2,193
2025-05-12 21:57:42,39966ff875f04fa15c41af89471eaa6faf07d893a79cfbdda360b8507e5b85a3,896460,782246.0,306.0,0.000391,1,2,193
2025-05-12 21:57:42,d96ad08ca70f320388818c131fe72ae15d5deeb0453b2ff52860a770f0483bd0,896460,797176.0,306.0,0.000384,1,2,193
2025-05-12 21:57:42,f3eae615fd3536da22580917652f1bcbb3abf5fd83b01ff9a4fc18eb49dc2b16,896460,14524.0,1602.0,0.1103,8,2,1261
2025-05-12 21:57:42,f14e1d64f1b6560be40ee3284817973b32c0e7443f5e21299ab59fe361c796de,896460,90467608.0,18821.0,0.000208,2,220,7417
2025-05-12 21:57:42,14632b1c669d61039d7078cf89e0c2a26571b81aa886e14e1c23596014f94924,896460,288493.0,6784.0,0.023515,2,2,374
2025-05-12 21:57:42,c722982db68506e46809ff3e1023550802493ea59c112503b15a72a9585c682e,896460,69248838.0,5724.0,8.3e-05,23,90,6426
2025-05-12 21:57:42,cdb99fe55abd4918092de52b398431dfad6f0c1ebe05aa01be17cd36de422ee0,896460,560988.0,570.0,0.001016,1,3,299
2025-05-12 21:57:42,95bb2890001b2bdc9ea2fff288442bc5f960684c11fbcbdf510b9d30c748bba1,896460,401362.0,570.0,0.00142,1,3,299
2025-05-12 21:57:42,276e0a78d2c4721ea2af86a66b28df1939928d748e2e56b39376038fa211cb31,896460,488775.0,570.0,0.001166,1,3,300
2025-05-12 21:57:42,3e56d1b82e16412a7c7489ea2a085e5344dbbd35b18389ad41999d43e3c0f925,896460,1356295.0,402.0,0.000296,1,2,234
2025-05-12 21:57:42,d66712f99f0d375bd92ab08f65b75aa7a2bdcdbe67b08ddd6683841891e74212,896460,52899.0,379.0,0.007165,1,2,195
2025-05-12 21:57:42,e81ad329a546592f71720fca4b9483ea14af13c38e5c8c516732d48cab434a50,896460,54505.0,495.0,0.009082,1,1,188
2025-05-12 21:57:42,5f9c63f0abbef9ab13d80e54d60bdff1119216bc5707a17aaef82603da555c1d,896460,170497.0,503.0,0.00295,1,1,191
2025-05-12 21:57:42,f9f14effdc5865a2dc6106c64d242fc8665c5f16d96f0109544ebf76131c5d8b,896460,397259.0,379.0,0.000954,1,2,194
2025-05-12 21:57:42,1c6eed266a67e3d3662c8bb746f3440d8be92364805a7e102c80a6e3df5a2360,896460,1321280.0,407.0,0.000308,1,2,234
2025-05-12 21:57:42,d50e49209a08ac74cb5d2fe373eb87e6e2d966152e56737c7b3dfbc1c15829a3,896460,82467.0,533.0,0.006463,1,1,200
2025-05-12 21:57:42,82993944526a5fe8d1725a125f308d7d2b9b07d6b0e4f207d675328428a3c12d,896460,8809185.0,30360.0,0.003446,21,1,2331
2025-05-12 21:57:42,d4b182c7790c42f46949c4e59036172c5080587a7e9f1cd5a4ae578622886c0e,896460,6044597683.0,82945.0,1.4e-05,378,447,62780
2025-05-12 21:57:42,93372e96590f315de9db5bfe3fb70060d0b4002ce2fc210596b8307b4cdbfa10,896460,99871.0,509.0,0.005097,1,1,190
2025-05-12 21:57:42,d36abca33e76da39df2b9183b49d9788eaf0d7c3cdcd2879a21a088eb19e96c8,896460,546.0,368.0,0.673993,1,1,265
2025-05-12 21:57:42,2c56b89cfac38b9ef87890f41b62ee8d244394288ff02adea7eebe520d782173,896460,51432.0,513.0,0.009974,1,1,192
2025-05-12 21:57:42,f2a85a518c9451543eecf41ad99ac0e99adb94ecb9f3b7a2004a9614784cf58a,896460,47288095.0,163.0,3e-06,1,2,222
2025-05-12 21:57:42,214935ec90f9b8d11d298d0a27d822e25801be0056ab3d9e0a02972926bcc1b6,896460,160822629.0,3826.0,2.4e-05,9,2,1417
2025-05-12 21:57:42,47c3263187ae42d092297b390240c5ce79a4b1e85b8347d6478b87ab544b1589,896460,11614.0,300.0,0.025831,1,1,192
2025-05-12 21:57:42,7330bbd751d5e9be00730381c007d1cb19e2e60592827dd49a1bf426c56e8699,896460,981008.0,570.0,0.000581,1,2,421
2025-05-12 21:57:42,e360f7d2d0505c608c647eade84a7c1268a1b4f20971754729eb1d90d4b6c63f,896460,126874.0,1209.0,0.009529,3,6,623
2025-05-12 21:57:42,0db167c0155e4bcec039ac620ef30713fd4dfc07a2bc973c01df825a7d01bd89,896460,1202320.0,421.0,0.00035,1,2,234
2025-05-12 21:57:42,c0380979012d65c31c664c3162f9ae56e7aa47d159f4db05b696135ec61f7ea5,896460,493512956.0,423.0,1e-06,1,2,234
2025-05-12 21:57:42,71980ab774d05f6d68d8c53d08f8993db7eb4e417235169d4dffebcc561ea1d3,896460,7589102.0,607.0,8e-05,1,2,384
2025-05-12 21:57:42,77482243be87a2dd59a44baf9d737b5e5e0c97b9c4e7abd29fb46d3b01053464,896460,268750266.0,504.0,2e-06,1,2,222
2025-05-12 21:57:42,3f730eb41a42debe3f2bc1288dd6e7f55013a4fc9cb369f68109e245bd763fdf,896460,281929670.0,280.0,1e-06,1,2,222
2025-05-12 21:57:42,2eafa4aa482fc07dcd40eda7e9dd486de38ed9bb5e7d5c7ddebc927eede2699a,896460,24025528.0,13769.0,0.000573,50,49,8663
2025-05-12 21:57:42,44db67c78982e4b6c9fb79d575a7359021b40b0add28efb148645d565d47088f,896460,1120297.0,429.0,0.000383,1,2,234
2025-05-12 21:57:42,a4cc08d458d1be0fac07b66032190c5e8048a2a0899445e5be42814101b84fdd,896460,3170416.0,482.0,0.000152,1,2,223
2025-05-12 21:57:42,9da813eb1a655a5f73463db278de6f66d1b41acff77965e843b5a3c63c64572e,896460,3755797.0,322.0,8.6e-05,1,2,223
2025-05-12 21:57:42,3507f615cf80c153fb9fa9170a1853b5e45f55fedb0b366f80529fea2cfff8dc,896460,138216.0,534.0,0.003864,2,1,340
2025-05-12 21:57:42,b5a187670b38cdc784494ef651a1c59c782172d50b6468e4534e979e7886945b,896460,9764.0,1411.0,0.14451,1,1,189
2025-05-12 21:57:42,17510dbfc85af0c482c6cf5eaec50006432493791695215bdbbaa4fe9a1adea1,896460,34533.0,3456.0,0.100078,1,1,191
2025-05-12 21:57:42,d2e1aee657584647a46d4f8a3ac99fbd492dc52776145b96a8ee9289a587953d,896460,54060454.0,4432.0,8.2e-05,1,1,191
2025-05-12 21:57:42,cd7e5b943820c588ec87b2e58bc3a8fa9f8485f0e9b17a3ef4ff64cabbc25403,896460,21556.0,7350.0,0.340972,2,1,340
2025-05-12 21:57:42,944608e34d8db9a2115d256b52c5f8341720a0b53ecdcc7c76df932f99596a73,896460,25322.0,5838.0,0.230551,1,2,223
2025-05-12 21:57:42,aac6bc9dd22502d0cd8f9b4734564fb95a2b35095e1239c3b1c0589118b8f775,896460,71957671.0,7581.0,0.000105,1,211,6972
2025-05-12 21:57:42,0fcec8db2e33d1d88a5890c2ae2e63a54546c6ba7109f4265314ace247092dfb,896460,1071433.0,441.0,0.000412,1,2,234
2025-05-12 21:57:42,5fc0aa9648b30cfb77c45114d557400e990d5b36097bb93ce5078954e2626e28,896460,428213871.0,1049.0,2e-06,1,3,363
2025-05-12 21:57:42,027a64928fa3d4b2a8cea1e445d91776d6ac8c19b1c35778c9cb49b92764b32c,896460,23969.0,327.0,0.013643,1,1,195
2025-05-12 21:57:42,feef335d8d02b9ac02e85488025788449a07ad5bf6e824bffbf170196c75222f,896460,567308.0,529.0,0.000932,1,2,215
2025-05-12 21:57:42,b53a0c0b9cc6c5c0d93e224c63df3c2972071489fe7aea295c4ff055ce672764,896460,1787418.0,305.0,0.000171,1,3,235
2025-05-12 21:57:42,593e30bec7e72dba7b0b0238c44330527feaada9a269beac664c77528edefe4b,896460,4417402285.0,6000.0,1e-06,8,7,2623
2025-05-12 21:57:42,292191aaf76450eb1eb7959894219a57de78d28e0c77c6e237c6d1b5445d1f6d,896460,9762.0,658.0,0.067404,1,1,151
2025-05-12 21:57:42,fe49153105375b28837bde38dc711ccedacadf85d8ac070d3d80876b84e7fb2a,896460,10420.0,224.0,0.021497,1,1,406
2025-05-12 21:57:42,4566789bceaa2e8ea26fa1d5931457324a8792ecc0fcaebde808b6ae97c72292,896460,1515894.0,372.0,0.000245,1,2,234
2025-05-12 21:57:42,da4768cdcbaf4a521eb678268adfdcafb5f8585c2c02c80b447cfa69f25160d4,896460,1897021376.0,491.0,0.0,1,2,247
2025-05-12 21:57:42,c975a0a8f88a37372d61389a3dc85bbb580be2379ab2eece402bb8b8d9ad2d44,896460,397922.0,1779.0,0.004471,4,9,802
2025-05-12 21:57:42,5fc16177cce909bbbe4900af576963d04f47a83afcf0402e0110bfa37ada5a20,896460,1814.0,797.0,0.439361,3,2,419
2025-05-12 21:57:42,83fb4dd716b981610e9b64252e243668d9acb41c31d78ce231617b0dc5da4904,896460,351824.0,701.0,0.001992,2,1,566
2025-05-12 21:57:42,6bb5cfbec390a7b2cc7c2d21a1d5a605b09224446df335f5decb70029378cf33,896460,4289.0,336.0,0.07834,1,1,195
2025-05-12 21:57:42,f2aafe2654fdd0ff79965331cf472416657d4c7e1eb93fbf7b84b3041bfc24ba,896460,31408.0,328.0,0.010443,1,1,192
2025-05-12 21:57:42,9cbbf781b8b17df9e6231e9d0dbbc517b1a6f06f6fbdd4f8b089454c6675d49b,896460,38611.0,328.0,0.008495,1,1,191
2025-05-12 21:57:42,5bc71d4f530445756405900b076dd1d109a3b05d395ab0fbde73094b963e0687,896460,979947.0,328.0,0.000335,1,1,191
2025-05-12 21:57:42,b1c0496e7293a0734cdfe8a73d642f2abc3693b417be1aa7bc600bacdf662645,896460,584753.0,328.0,0.000561,1,1,192
2025-05-12 21:57:42,39c79e5a60b765c22aaa5daddbc3fe670d20856a09b33710baf14f949438ec00,896460,57056.0,331.0,0.005801,1,1,193
2025-05-12 21:57:42,fb7b1ebf1cbff5a16f269d5d8ab6fa7a3271c8daff8fd721482309512a3d69f5,896460,40907.0,397.0,0.009705,1,1,215
2025-05-12 21:57:42,268f01e2fc73cfbe26b0da04d5de517393c36a304f0f2683855db2caccd6c0f5,896460,533774.0,421.0,0.000789,1,2,222
2025-05-12 21:57:42,cb6dd7e0b9bda6df2662f7985530ffb733f4b716918e401f670cb4b0bd0295df,896460,12964388.0,421.0,3.2e-05,1,2,222
2025-05-12 21:57:42,d5d93130a3c1ca9d992ddb1ecc06ebf2768ab496c684142f4a0f800861a037a6,896460,328732.0,421.0,0.001281,1,2,223
2025-05-12 21:57:42,4247a6c527e104521a3dde5f5c2a744fc886c26107a69347f35c313da4023497,896460,2811469.0,421.0,0.00015,1,2,223
2025-05-17 10:23:47,e63957e3bdb13d3b9bb4ac32803449d4642f2ae17ff212e43a5dd080d1e0200a,897086,285086.0,451.0,0.001582,1,2,222
2025-05-17 10:23:47,4075fc49f1fb41b427188caf45438d10c44ba33b6d9efec61f554ca3a9b50595,897086,60881899.0,736.0,1.2e-05,1,1,191
2025-05-17 10:23:47,500bf8814e5fc129b2e9bdacceb31b95f1abf5a5e64f87d8e6185d7412068c7b,897086,70163690.0,5796.0,8.3e-05,2,56,2094
2025-05-17 10:23:47,4968e250ccae9b8408b7bb717df85f7ea0c2cf8ae2b5d7a02372df2c3ee91c9a,897086,193487.0,723.0,0.003737,1,2,226
2025-05-17 10:23:47,15c5b7ea0aed1e5187acc6de3facc5af9c068f1ad6a8db6723684b2da379b6fc,897086,107848.0,352.0,0.003264,1,1,191
2025-05-17 10:23:47,4c7ebb1197f7e01c3305a80fa0be6ab7e497dfbc9b63ca74ff34a4e9dd55f538,897086,209292.0,990.0,0.00473,1,2,283
2025-05-17 10:23:47,f8c72f2989398660bc3feb0ccd44625be555c00d38932335a0bbdfcbacb28641,897086,210282.0,876.0,0.004166,1,2,283
2025-05-17 10:23:47,e8b4264e1086be2bd55b72a032b77696a2578bddc78291ca7a090e8d60a78ea3,897086,211158.0,852.0,0.004035,1,2,283
2025-05-17 10:23:47,c7f533dee57733c105e366cdc2af534b05a3f4a043117da2ef65162bfdbfb2d4,897086,2688283.0,612.0,0.000228,1,1,191
2025-05-17 10:23:47,ec52b2afcca084eae37cab522377bb5fe56e1e1335aec57057c4c33ac0c260a8,897086,704479.0,550.0,0.000781,1,1,192
2025-05-17 10:23:47,a95ce99f7208b355d3aaefeeb413a401f0b9c08cb626b0d1a5d015dc752662ba,897086,706543.0,3084.0,0.004365,14,2,2151
2025-05-17 10:23:47,ccc6b955c94d340c0c8bd717458e24b5ac2a2cb4f7d23b2dc939cfedce801a53,897086,28123543.0,682.0,2.4e-05,1,1,191
2025-05-17 10:23:47,42beae480793ca9fcc6c6817b465b3e0d807caf372e3cf4d1e7438a3e197d182,897086,35079744.0,4999.0,0.000143,1,50,1742
2025-05-17 10:23:47,b4982b0eece8e8e476fa7340266e867356038d81315d4289531c70fee022f24c,897086,28282410.0,682.0,2.4e-05,1,1,191
2025-05-17 10:23:47,0d009357656a00cc19aa08f28bb2e8c93b33c49b4c86ca922f886a590642ff2d,897086,35079758.0,4985.0,0.000142,1,49,1737
2025-05-17 10:23:47,8e6a7658dfdc721bef0317c0b46d1434d951e10a7296d3b348a4d3af3cf55bfa,897086,104431.0,353.0,0.00338,1,1,192
2025-05-17 10:23:47,9b322be7dda186d104cc81f35a85ced02e5ef39f6ab91a92ad78346706c72254,897086,590925.0,491.0,0.000831,1,2,235
2025-05-17 10:23:47,b98f2814549f34e5049d4fe380d793be0ada8cbf38d41fde1469f15d425848d3,897086,289635.0,453.0,0.001564,1,2,223
2025-05-17 10:23:47,90f1d74ac2d2b2632243cbb3c647cd4422e0ddc46ca39728d65f8ae5281b5b92,897086,65275.0,453.0,0.00694,1,2,222
2025-05-17 10:23:47,3d15154cc785c5f59687e1d968c84f0a0f410431978040e6abe6f6a8a9c4ae40,897086,176082.0,453.0,0.002573,1,2,223
2025-05-17 10:23:47,4dd3f1311a286e42e969fd62a64ed8de6ff4c8ee8468c4c114fd33ddaf7fb518,897086,137548.0,453.0,0.003293,1,2,222
2025-05-17 10:23:47,930752c5844728b432625d8d87ef0303ac8ee19d61813777ae2975cad0e6a0dd,897086,160531.0,669.0,0.004167,2,2,370
2025-05-17 10:23:47,bc11ee20d4d9abbac99a454b28fc514eb29bab9ec6fc4437b6cb79a173e947fd,897086,18934329.0,1797.0,9.5e-05,5,6,806
2025-05-17 10:23:47,140e2d4c313b09943dab671156adc9cb3c7d1146ef74027b75be2b90cfad5c99,897086,291642.0,1797.0,0.006162,5,6,806
2025-05-17 10:23:47,77099be73b94d5f2ff1dfc8b56c4ba920a62d1e13cdb2b6ed3086aacfde02c78,897086,307791.0,1797.0,0.005838,5,6,806
2025-05-17 10:23:47,722f0ffbe0f1bd13ce976e12289c9e68ad619316d8384024ddf27e445ebc7bb0,897086,1145964.0,594.0,0.000518,1,2,222
2025-05-17 10:23:47,f108b0175d4d1fae9809f489d483cc0b6b0d1cd6abf3b6f8258eb22e4040edee,897086,1225568.0,317.0,0.000259,1,2,222
2025-05-17 10:23:47,33d902041b072a359a8be823159cdd4944d106090a655d83b38788a96d55cf03,897086,6680134.0,588.0,8.8e-05,1,2,222
2025-05-17 10:23:47,5d7a774b15ba3b017f05200d96bdb3329406b4a1025487ea8f4c105d68ac0325,897086,6680722.0,2202.0,0.00033,9,1,1449
2025-05-17 10:23:47,9500366a074f828cf4ff0767a6b4ac37a95a3a29181cd14608f1d22acb16a99c,897086,52700.0,547.0,0.01038,2,1,269
2025-05-17 10:23:47,bb988f33405442d56db4910f9c0f452a2d55cc9b2c720e4d7e4bee899f5d02d2,897086,9602843.0,457.0,4.8e-05,1,2,223
2025-05-17 10:23:47,3d12dd99141b616a81837f4619dc99a681d2ab39a233007b586624a14aea61bf,897086,19340602.0,457.0,2.4e-05,1,2,223
2025-05-17 10:23:47,06e161705776c82fd6b096a452bc4a9d7ed3f6db22348da93e5dac9f239b71b9,897086,10916745.0,457.0,4.2e-05,1,2,222
2025-05-17 10:23:47,86b23812a8fc4f511ed552378c46b0aefe81ae06323d7ac8e2ef9f5bb502fc8d,897086,10188956.0,457.0,4.5e-05,1,2,222
2025-05-17 10:23:47,5b710bf644f4f44b979df88f874ed5027eeb50a33602755757f88a3f903fb546,897086,2840463.0,457.0,0.000161,1,2,223
2025-05-17 10:23:47,5da602a1e5376a6a23f3c90f3b76f5155bb8f89a19d76d12215a64fe50105242,897086,52316220.0,457.0,9e-06,1,2,223
2025-05-17 10:23:47,2ee5ec8e57241e288bc56b1eec02c99bc38f25b020e74df1ce175e9d628a1860,897086,910233.0,435.0,0.000478,1,1,215
2025-05-17 10:23:47,e187fdc52051c0fa28412064969d9aa11428e1fe44b9de39f37caa409bbf7e38,897086,17279.0,510.0,0.029516,1,1,153
2025-05-17 10:23:47,d50028943a09ba384dd6a806e8d323a327f06633fc7b104e058b155aa056317f,897086,37589.0,284.0,0.007555,1,2,193
2025-05-17 10:23:47,ac2818bd9c7b00d508bfc7c93b0b6ca98678e3ea5d5e2899b54c67c813541125,897086,45307.0,629.0,0.013883,1,1,191
2025-05-17 10:23:47,1e85b4bc849c3cc7604b86b5ffdfdac131a24edf8ee0db07f4c290a30684f175,897086,65269.0,731.0,0.0112,1,2,226
2025-05-17 10:23:47,527358f4f58cdccd231932653f42b5c5849f388232e78a4a9d757db9ae6d00fa,897086,30933.0,2060.0,0.066596,4,1,631
2025-05-17 10:23:47,49d7e8390f0efaf86333fa9373feb660eb323dc7b8f914ea76df10acc68d1df7,897086,1342725.0,1650.0,0.001229,5,1,579
2025-05-17 10:23:47,003c3affbb537b0ef0e4256d390130204c9872e5aeb4a5bed30da38292801b5b,897086,728686.0,1060.0,0.001455,4,6,702
2025-05-17 10:23:47,ef5cbacacf4e9de55aa1dcce089feb058df5c0ad11b51c031d222dfdd65a43aa,897086,239209.0,588.0,0.002458,2,1,342
2025-05-17 10:23:47,bfaecce34d3f0178af41a70f25d5511b2143b8e4f7e02d4a13a2120617e4ccbc,897086,385927.0,2457.0,0.006366,10,2,1559
2025-05-17 10:23:47,3d0dd01084f1cdc27afd0139676ee893c4cf75d1193911c97205e7a64c82019c,897086,50359.0,945.0,0.018765,1,2,222
2025-05-17 10:23:47,82f1c2e0c11505edf738dade53625b29006cd8f1715cff79c9ca2c37fc23e630,897086,477145284.0,1519.0,3e-06,1,17,694
2025-05-17 10:23:47,776990d0644f99953862473d299a52dfbf67d7b953c2f6fb960924b6a5b437b4,897086,17529.0,730.0,0.041645,1,3,305
2025-05-17 10:23:47,c49d5c5a07340eaabf43474905c8fb3a7613513bd321866d2dbca8ca1b83834a,897086,16561111.0,1153.0,7e-05,2,2,733
2025-05-17 10:23:47,eea4c6284a76786095f4f6fca72e7df06de0c664c02a42154f8d31d58d6e6db3,897086,26752292.0,1068.0,4e-05,3,1,488
2025-05-17 10:23:47,c325251c1a409ea1c4d3129b5f8d9c0f050d6889555e77af020077684c24c72c,897086,57658.0,426.0,0.007388,1,2,181
2025-05-17 10:23:47,f1a33435fc8835ddd11f446d8cc81262d7bd856a231e1a6f458649b7edd2fe1d,897086,142129.0,731.0,0.005143,1,2,223
2025-05-17 10:23:47,d55105b99c00aa6369421c93f99e7376b055712574bd04784c05a8f0cc3c731d,897086,50286272.0,731.0,1.5e-05,1,2,223
2025-05-17 10:23:47,490b7d8b6ae0601bcfe1897d68e3cc615524b7cc0413bd688ab26ea1e70bf7b6,897086,8318398.0,2466.0,0.000296,10,2,1560
2025-05-17 10:23:47,a992be1431a171142eda1a7073f085b87b4b1cb2464988d369af141cad76abe4,897086,150000.0,1110.0,0.0074,2,1,338
2025-05-17 10:23:47,8eb3a8c5558dea4ba9d13f23ffb1be2a5c14cc8dc5b1cbd31215ecc1f15c257f,897086,76145.0,585.0,0.007683,1,3,260
2025-05-17 10:23:47,8d22144b47bd909e70b3031dc7487f31aba473c40dbd75662e4a949b5d6f22e9,897086,377554.0,697.0,0.001846,2,2,374
2025-05-17 10:23:47,0da4915c3af725dafd0419e8e8f57a61ad7a3b5e7903bef9965fa1a788fa135c,897086,382559.0,816.0,0.002133,3,1,491
2025-05-17 10:23:47,a004c198575cc15723adea3c39b966900feb4648868566faffad1d6227212b42,897086,584898.0,731.0,0.00125,1,2,222
2025-05-17 10:23:47,c0999681b78beb0343ff649d6988bceb6f8600beb59f17d54764bc8cac5edaf8,897086,29175.0,550.0,0.018852,1,2,248
2025-05-17 10:23:47,85a2f776c89ddb96ae49c76f8aced37bb0e6d3bd78cd011519a112541543dc14,897086,210904.0,544.0,0.002579,1,2,246
2025-05-17 10:23:47,fc83d02d20ceb9457c0564ffcc16341b72f6ce36f9148ef44e922981902b1eb0,897086,1971231.0,505.0,0.000256,1,2,234
2025-05-17 10:23:47,8e0f36545a318369c2957fea6a7c61af6b457fbb6bb993b054c059650df872bd,897086,108969681.0,3555.0,3.3e-05,1,31,1127
2025-05-17 10:23:47,30fb217344f700ea5849eb327dd0ec74d8108228a8362027b6640554204393f9,897086,769404.0,1554.0,0.00202,4,6,763
2025-05-17 10:23:47,25e5443c8eb71a47cc1690f7852e42fd0ac82de3edf14e46d7be8116d5666c98,897086,13689.0,516.0,0.037694,1,2,238
2025-05-17 10:23:47,66f46bd40f75d343f763cd85ec66a867c997f4501e85686c7a67a835e6cc20f9,897086,104892.0,467.0,0.004452,1,2,222
2025-05-17 10:23:47,42a6a760dd083b7216ef0accc5d01ae8497c4b56ba6b32a8882122338b426007,897086,203159.0,467.0,0.002299,1,2,222
2025-05-17 10:23:47,bdb778769ba899539e77cf9fd202c1f5af3a708463adf5c991b34b887492d3a5,897086,692821.0,2418.0,0.00349,8,6,1127
2025-05-17 10:23:47,5b0047194328675c308ecd1b194a367df3f851ffb745a9b270fea401bd64ea67,897086,578169.0,2418.0,0.004182,8,6,1127
2025-05-17 10:23:47,df415eab1bbcf0a5193302163f08aab7fed8d50ce5103b65b693e055b899cb63,897086,12664000.0,632.0,5e-05,2,1,353
2025-05-17 10:23:47,bfd60751c3972e5760affe7697d0a835120d935694b45303b73a11a887ee19d5,897086,342473.0,697.0,0.002035,2,2,372
2025-05-17 10:23:47,07902e1ffe8594f52cf7bbdb0b60471c696175406707a2f74e28f8c6e1d1c4b1,897086,283093.0,697.0,0.002462,2,2,371
2025-05-17 10:23:47,1d63dc8a941730e67c57df763c17c9bd481f68899a35f7070037c96862bd9028,897086,217745.0,697.0,0.003201,2,2,372
2025-05-17 10:23:47,da3f14f074e364cb3cf6b55f713b1ac74ddc021aef08b9e35ede1c05e747ca49,897086,480519.0,481.0,0.001001,1,2,225
2025-05-17 10:23:47,0e867fb011e449acc0a178b43576a42c34b1f189e5d57d5b0d9c6fe33c8123f5,897086,297102.0,482.0,0.001622,1,2,226
2025-05-17 10:23:47,1e2aeae71c1ad2b84b2af0c8e9658765897bb904c6799362162aae214b5826ba,897086,9232.0,482.0,0.05221,1,2,225
2025-05-17 10:23:47,3d0669ba1002a86affaafc0de88e136a9797ef77b2947f240924a12f3cdab31f,897086,832481.0,482.0,0.000579,1,2,226
2025-05-17 10:23:47,db4c836321b1843c9188fcaa49bfa71d68bf9ce689239271f687e046850a9e06,897086,620849.0,697.0,0.001123,2,2,370
2025-05-17 10:23:47,8e7c5affdefa258f46b4929223c668d5f1f7a8c10b0df4ba54af86e5708b0d43,897086,16818.0,770.0,0.045784,1,1,192
2025-05-17 10:23:47,8d6534ad49b587d0d8620f7d64cecec6197a85e24cd995938276c66ce93e6cfb,897086,340576095.0,1144.0,3e-06,1,12,542
2025-05-17 10:23:47,e3d1a76d4d401530090a0f99d788ee8892d092087c01fdcff725ad1cc314e2c7,897086,289347.0,550.0,0.001901,1,2,246
2025-05-17 10:23:47,23d275ed873b036e2806a8a22b9d48f7c0ec4ad1d86ff497f0709facf0fca1ba,897086,10977.0,550.0,0.050105,1,2,245
2025-05-17 10:23:47,727142281b7aaa8406438ea3dc0fe50008a02b0b787535debaba02b89b3a1896,897086,19743.0,550.0,0.027858,1,2,246
2025-05-17 10:23:47,428c7ffcd93efbd9b852bf061b0ae4d009b7ba75a7f4c25900519a47b1e1917c,897086,18739.0,550.0,0.029351,1,2,245
2025-05-17 10:23:47,be5ab41159bcca26f611a4eb121b24e7089191706c2558b9be48423de29d8c6b,897086,14450.0,550.0,0.038062,1,2,245
2025-05-17 10:23:47,01db5a39368ae7a87c9352a896ebfb0b7780cf4d5258be9f9110c9730ab4ee6a,897086,52599.0,550.0,0.010456,1,2,246
2025-05-17 10:23:47,674b2d2376bf4180cd8f68850117de78228eaa5ae56585188748fea5c9e5b927,897086,19670.0,550.0,0.027961,1,2,246
2025-05-17 10:23:47,62b8bfaf042f2e7180d075b6a7bb7fc652c52242fde33393984d694d3989bd07,897086,9169.0,550.0,0.059985,1,2,245
2025-05-17 10:23:47,2488f3045a70d67bfd7a1eaba9c42d71a6e13aadd1972190a3d28b6cf9a6e51c,897086,22652.0,634.0,0.027989,1,1,189
2025-05-17 10:23:47,b93d8a22dfa842820d00800f2dfd3ae41b1dc26c1872518808d353c03e70066f,897086,378402.0,576.0,0.001522,1,2,226
2025-05-17 10:23:47,266dc707ce4476da3e0b57b9905ca4fb6ccf0695df7e2d4d76333bc3a4a7a085,897086,881190.0,837.0,0.00095,3,2,520
2025-05-17 10:23:47,c09c975939719d220cc889410297b6cb676853c3f58b11f10b550ba81895dd6e,897086,12663953.0,816.0,6.4e-05,2,3,406
2025-05-17 10:23:47,e9bef61022154f07b7a55ac5b3ed9d2eb03b974876ed0b5276e0807db6a13e00,897086,904663.0,514.0,0.000568,1,2,234
2025-05-17 10:23:47,227be77ac6cc58c4f768891b6c566c721abb2052e35284251091690a435eda54,897086,21708965.0,2532.0,0.000117,5,13,1158
2025-05-17 10:23:47,6db68f5110a99f9986bafb9605e1bb959bc50d3a60df3f41f31e5bfe59e58eb5,897086,2309337.0,663.0,0.000287,1,3,248
2025-05-17 10:23:47,cbfc3bbf7b837ba50e9ba7f9ff3c2e7a1208d91240bb6976634dfa2170c023a9,897086,172893.0,663.0,0.003835,1,3,248
2025-05-17 10:23:47,ab60db05fcf3580e3bfa4657c3a7aecf7ea4caf8ec0722d6c2dcf7547905a0a1,897086,1405932.0,663.0,0.000472,1,3,248
2025-05-17 10:23:47,396ad023ee30e0cfb634aed5d159e215e850fde184e5293d4d145f098c3b05e0,897086,62261506.0,762.0,1.2e-05,1,2,226
2025-05-17 10:23:47,2b5ac36897de1d8218b569072876f089b6b64719dd3afd0c3313276d26d48ed9,897086,192245160.0,762.0,4e-06,1,2,226
2025-05-17 10:23:47,556b3254122ffdc6c5f07ccc6a56c73cc2712ed148d591662ff97277fc2accff,897086,94358.0,642.0,0.006804,2,2,371
2025-05-17 10:23:47,4063e7e2dfc69366673eb8be5c3254ad32f5caaaeeeda645955d654ab8b56ad8,897086,183358.0,642.0,0.003501,2,2,372
2025-05-17 10:23:47,312408f44ea4e1087f34c452ee7115bc3cc4eacf93a4d2c4cb4d3bb9adc281fa,897086,22396.0,639.0,0.028532,2,2,370
2025-05-17 10:23:47,39bcd748fd3562d997fafa3cd2811005bd19f4732a7d8ac1274735d051635edd,897086,1128113.0,3673.0,0.003256,17,1,2559
2025-05-17 10:23:47,c8cc1b231c419b25a158d4deb891b533beefb86913193e790202e03b543d0963,897086,135394.0,474.0,0.003501,1,2,205
2025-05-17 10:23:47,b9ae1f4738a4a6a9fdca6568bb15d3832c19e0bed64b51d9f2fa34ba968cae20,897086,228221.0,339.0,0.001485,1,1,191
2025-05-17 10:23:47,8e90d15f34233ae76a25d8a7922a71f01c7d195241aeb7ac9ebe0a50dfcc731e,897086,17562.0,438.0,0.02494,1,2,224
2025-05-17 10:23:47,20b88ce84095f3163191fb97b6a404183dbcdeb25e8e6f4279172ab70d9243c5,897086,240468.0,966.0,0.004017,1,6,395
2025-05-17 10:23:47,effa1221f5a3f1f2b2f0b1a5701aa4eb401b929a4f1436ccb074cc6a47ce98e9,897086,13157070.0,930.0,7.1e-05,1,6,383
2025-05-17 10:23:47,0934e4cf8599abf71fbbc55948f95457eb5fe0ec06225478a2779a924d82eccc,897086,694710.0,930.0,0.001339,1,6,382
2025-05-17 10:23:47,0ed60f6323e2bfa72916daaf9b9982d60765d6c33f072d7710dce8f62d5bf74b,897086,1042530.0,930.0,0.000892,1,6,383
2025-05-17 10:23:47,4beb207d974bc9743a7a5a74695df648703d0a75770aa25524d1e42c5f83b143,897086,422370.0,930.0,0.002202,1,6,383
2025-05-17 10:23:47,4bae2f4e8b8d43680d2f69f973b440b38b7bebdaa077fe0c0b5a528e7634c693,897086,214321.0,4230.0,0.019737,9,1,1368
2025-05-17 10:23:47,a7e87e294a3c175532e00d8f1b679caf2f810ad0930328b3cbf47422b76e65f8,897086,2172663.0,931.0,0.000429,1,6,382
2025-05-17 10:23:47,90cc0c2d4f7e8be0e42f50f34d9f81a0a217a54eddcf1773c4c060a3419fc5f7,897086,194826.0,820.0,0.004209,1,3,256
2025-05-17 10:23:47,9c413c15985a187707b2c5bd936891cbd60d64deaa5e3b25d873927d6d3f878a,897086,195646.0,338.0,0.001728,2,1,269
2025-05-17 10:23:47,8fe496f08715a5d07449548851c3f8acb5355c31f1b821a7cfdf97f806d1a02b,897086,2719718.0,474.0,0.000174,1,2,234
2025-05-17 10:23:47,917329c0b86a6f028d4ef8a2f85866b84368ff81d5acf24eb7f180645842b407,897086,44639542.0,341.0,8e-06,1,1,191
2025-05-17 10:23:47,865fdca2cc31818329d2ffbc259c6ff51299d030d897574b887a19a192ba8bfb,897086,85899.0,801.0,0.009325,1,5,339
2025-05-17 10:23:47,adfaaaa4fd8f36ded36b99ee49d38eb7a6b64d6c9b4f24a8a9ce2383a2e37eee,897086,90999.0,801.0,0.008802,1,5,340
2025-05-17 10:23:47,f919ce1c00a4b8af7504157d524df4fc25a16806e81768bbdcb9440f23794fda,897086,418266.0,801.0,0.001915,1,5,340
2025-05-17 10:23:47,11854089c9af346265e922370034344a9e2c48f3c8a6094912c5361c87bfb9da,897086,49562.0,438.0,0.008837,1,2,223
2025-05-17 10:23:47,5cf0113b14a64a1587f8f560504bade9ef79c54feaf7d804bff86b65bb30a3d0,897086,126562.0,438.0,0.003461,1,2,223
2025-05-17 10:23:47,a3f5a17f8522848cb482d1d3a124244a9f3b152d8bce56c834efa29d4c11f5c0,897086,64353.0,438.0,0.006806,1,2,223
2025-05-17 10:23:47,0a1e09490edd4af777a5a912ee4f4fef998ebf7ba556a57620726adfc7d012bb,897086,85562.0,438.0,0.005119,1,2,222
2025-05-17 10:23:47,bb4873365e4919b8e5f3ce6a7e363396eed19dd988031e75192f33338ea9c58f,897086,29729.0,438.0,0.014733,1,2,222
2025-05-17 10:23:47,aa98656d06d32ed0ce404eec2c72a3a7e3a0d3a871dbd587fb4a970a984f576b,897086,42432.0,438.0,0.010322,1,2,222
2025-05-17 10:23:47,b3d14ea7dd73bd6783051865872e5fa5d1e49abb12a48f3f736cc9b74403704d,897086,57562.0,438.0,0.007609,1,2,223
2025-05-17 10:23:47,3db6464472a2015c1b5ce6260bc7da10167e351b555e1ecfca0359451357153c,897086,14562.0,438.0,0.030078,1,2,223
2025-05-17 10:23:47,321a570ad94a6a7cbc70279da42373fb44450b7e6b69f8a59dfe746baaba151d,897086,8063694.0,438.0,5.4e-05,1,2,223
2025-05-17 10:23:47,41571ef30dba24c74e0cf646f5593c9ae6f2fcab7e76f8cf7c184987d46e10a8,897086,400582.0,2310.0,0.005767,6,9,1043
2025-05-17 10:23:47,650398e6667a9e8f30c145f2fa2f1b98b8c76dbf2212f1ffdf0e7905e1ec6186,897086,392968.0,2310.0,0.005878,6,9,1043
2025-05-17 10:23:47,4478a278855e567a01ddc01e161e0cc916135061824bed7c992bb1a80fcf7a53,897086,107904.0,855.0,0.007924,1,4,326
2025-05-17 10:23:47,ae03eef65a34065652cc9dd843e91ab90c06e0959e0ca2c75b505c09abdf299e,897086,854.0,346.0,0.405152,1,1,162
2025-05-17 10:23:47,f168bed4b85cca85d6ffc15b11410f54adf9a42d3b04bfaa98bea863dedca481,897086,5462.0,318.0,0.05822,1,1,153
2025-05-17 10:23:47,e157ac31fd63182689045f7b3eb54d6891b5eaa09cae514a3978d7447a625a2d,897086,574852.0,343.0,0.000597,1,1,191
2025-05-17 10:23:47,c7d4a670d225aed60b38615692b5189205e6656e188aec662b29fad21cb0b4f8,897086,890000.0,2034.0,0.002285,9,1,1375
2025-05-17 10:23:47,f66af353d3f080d96372c8735e19e1816bbb4a687e92b87338f1790a7e21b484,897086,1615280.0,441.0,0.000273,1,2,223
2025-05-17 10:23:47,dbb3840bceafc1dfdd74a624ae140126e40cc9b462d5843d50ce2d6100f1f107,897086,13544.0,345.0,0.025473,1,1,191
2025-05-17 10:23:47,a1770edbbc089088035778921509365e49420d21a3c4695195bb9c1f3b6855bf,897086,971060.0,984.0,0.001013,3,1,487
2025-05-17 10:23:47,e44333c9293b5e92698592428d4929218e655e9eb94ba6d91ded44697ef49d46,897086,1857951.0,1090.0,0.000587,1,10,498
2025-05-17 10:23:47,f94c624cf663960fab8097c66af1b92083c50753f22c4f713c04b7eb7d81afcc,897086,144343.0,904.0,0.006263,2,2,370
2025-05-17 10:23:47,8945177bee7e9eb77cdeb3ca04751da5ea1ce00bef94ad02f1acb237f3ca17a9,897086,355540.0,452.0,0.001271,1,2,226
2025-05-17 10:23:47,2ca9b58b58b07260fdc5fcdbe0a04916d9bc309ab7f73500ff966a14d96381c0,897086,11812894.0,804.0,6.8e-05,2,2,418
2025-05-17 10:23:47,65d5c4ec0d8b55c530b19def93d732747a4905a335173ef450be8c1afca0a09e,897086,11845.0,2454.0,0.207176,5,1,781
2025-05-17 10:23:47,14ff99aa2e26c077a575ff3d1fb3019b55e4ed6ba33b143f1a0762cfdb10daad,897086,31008.0,808.0,0.026058,2,2,419
2025-05-17 10:23:47,ec9e84e8e2fd8377ce7b3219bb9aa352e83bf6019415ab689925628c5083f8c3,897086,519354.0,444.0,0.000855,1,2,222
2025-05-17 10:23:47,f7bebafb0bebccbfe5221301e33ba4e46ec32f4a89a2d6561c7e369f32b8a784,897086,214720.0,444.0,0.002068,1,2,222
2025-05-17 10:23:47,7ce726560735abca2ae560f9ab2dea5b865d02ff781c26edd22a7a3d10f73355,897086,7108226.0,444.0,6.2e-05,1,2,222
2025-05-17 10:23:47,270d21f6a0661f0979499bc8514c8133d7c26eb50ba8cbd3db0e15503c835d50,897086,10082.0,1188.0,0.117834,3,5,558
2025-05-17 10:23:47,e8bea21d3b0d9df65dedf4123f00b16bb91209cf0578aeb1160bc7b0a16805dd,897086,592230.0,444.0,0.00075,1,1,192
2025-05-17 10:23:47,1672659dcb70860eca80d18cd06c893461155c600a394fc3ed189795962e685e,897086,592674.0,253.0,0.000427,1,1,191
2025-05-17 10:23:47,3cd7c7ff7bb7af04d5d48871f4586f26e26f69583248b546fd2a6022a66811b9,897086,217594.0,385.0,0.001769,1,1,203
2025-05-17 10:23:47,1580d8033fef79959e81cebc84af150b09cdc8164ef378982b045950cb7a691e,897086,165694.0,385.0,0.002324,1,1,204
2025-05-17 10:23:47,5b74ff14c3daf0e6f1f0e22b4ca97a813fda57d96a7d1f930da3f388eab28445,897086,706215.0,445.0,0.00063,1,2,222
2025-05-17 10:23:47,ea9f206da25c5fb1337eed28c8ad070dac87b22645462cdf38b3eecbfa109c2f,897086,24782.0,543.0,0.021911,1,3,253
2025-05-17 10:23:47,07b14c44cfef1757810783a133ffa493dd3755537717964646362aa2f23419ba,897086,201205.0,1568.0,0.007793,5,1,901
2025-05-17 10:23:47,eec0ac296bc094300e21bd2dbe21d305ef235467fe83e25ee3482eaf983ad3d5,897086,744337.0,446.0,0.000599,1,2,223
2025-05-17 10:23:47,3cdfe603dcbe953297e43b2cc6e4814fc8f69548deac60b396c6311933da0dde,897086,25000.0,2006.0,0.08024,4,1,634
2025-05-17 10:23:47,ceccf1b1152776148fbbba468e4fc42aac95c44bd688c6e9035b7cb508e66f62,897086,10294333.0,561.0,5.4e-05,1,2,222
2025-05-17 10:23:47,75e8da6f32c170eee0005f4cc2f996c17e0290c78377073f5965f385dca53a22,897086,11600894.0,333.0,2.9e-05,1,2,222
2025-05-17 10:23:47,e94c8cb0c28a927c6bb602f22f62ad4f9285e3ad396b3cccb999862ee0372718,897086,586353.0,2724.0,0.004646,8,9,1257
2025-05-17 10:23:47,0ddbfe1f71019f7305a8f9204eec9dc13a56489a63408dcd016b48ddd0338bb7,897086,36222.0,1578.0,0.043565,4,6,727
2025-05-17 10:23:47,828b120265faaa28f7307957034d02862d5554f4958470c663bc69a28a6d2db2,897086,255573.0,1004.0,0.003928,4,1,638
2025-05-17 10:23:47,defd3947b63094de7d783d043c676a17319f9f2063262238b3f18a1749200679,897086,16526500.0,1100.0,6.7e-05,3,2,588
2025-05-17 10:23:47,db060a8c3a84636c60b3f7fe4e407810ff9ab4532ad504a0f18ec4f2c47735e6,897086,322204.0,452.0,0.001403,1,2,223
2025-05-17 10:23:47,a86ecd8f1b776ad5f1ffe3c4536ae631dc53b73b8db5f32b780738357593b62d,897086,119713.0,1178.0,0.00984,2,2,370
2025-05-17 10:23:47,630bc6131e717d3375b4005294a714fa99a9742e76477d194115f4086223ba8a,897086,2490653.0,1548.0,0.000622,3,1,486
2025-05-17 10:23:47,f9d4b9d20ca5dcd79aacd59fc04b0f4d8cec1e6611bd4d0faf7780db994106f9,897086,1959940.0,1590.0,0.000811,4,6,699
2025-05-17 10:23:47,cd687de1fd525efb5cad76106019a3037c670d862f8a1e4194c8591ce3b34af4,897086,645927.0,1590.0,0.002462,4,6,699
2025-05-17 10:23:47,971c0c6bd3a5d3d1650ffbd8b5dcd92c97aced0f0b95706bc335057a22f246f0,897086,2308293.0,1590.0,0.000689,4,6,699
2025-05-17 10:23:47,0ce3b9639c77b98353a9a0f6daef0ed337adf2ed007b1ad818c435cf36466598,897086,75940.0,1590.0,0.020938,4,6,699
2025-05-17 10:23:47,da6571d58da879881e7dde05aa7be81957b36385e17a079f8687daf4606fe48c,897086,1404888.0,1590.0,0.001132,4,6,699
2025-05-17 10:23:47,9440ae5c6a8755f9d630444f117c80115c05d731c87012319338adb17613c088,897086,63690.0,1590.0,0.024965,4,6,699
2025-05-17 10:23:47,ca885accf8a841da389c45b2e243a6a01dcac05835b22fd6dd661e203ea2206d,897086,2129056.0,1590.0,0.000747,4,6,699
2025-05-17 10:23:47,d8622e606087295188f533ec45ac9ff0f171311b2e71b4a6b0faf291b51a2e68,897086,221938.0,1590.0,0.007164,4,6,699
2025-05-17 10:23:47,3edc9e7ecdd4a1927e10f7b91e06212a5ad9f332fd3ac298a6eafce712309663,897086,12143736.0,1590.0,0.000131,4,6,699
2025-05-17 10:23:47,04779003918881ded79d00546cf00b631904431e3fe97ddb49f9eea2c0533348,897086,721322.0,1590.0,0.002204,4,6,699
2025-05-17 10:23:47,d08d45ae0b8687bcbf2131e5fcb7484a1af4f14b8da3c46110bc1cdfac3cf32f,897086,929739.0,1590.0,0.00171,4,6,699
2025-05-17 10:23:47,04d7776778100a17aae9ba7aa8dab5ad4d537e278d8db6820f48a64fa32b012d,897086,401781.0,1590.0,0.003957,4,6,699
2025-05-17 10:23:47,599c42240d8551df818f9947ffcd4c5230e8f3b4d101734380fd937d92bb7212,897086,313966.0,1590.0,0.005064,4,6,699
2025-05-17 10:23:47,2407069171a8b16590f4d17a3a55c570610ee602e14b766bdbe213be4e0f883f,897086,5599541.0,459.0,8.2e-05,1,2,226
2025-05-17 10:23:47,59bbb6319d23462ece33c469f126a048d358cb3e1c8da4b08e15e9084a614e4d,897086,479546.0,896.0,0.001868,2,4,381
2025-05-17 10:23:47,3bc6b269ab6b408c24a5f3c70fb08f850b2594cec09cdcf5f968ce7486cd70c3,897086,875552.0,450.0,0.000514,1,2,222
2025-05-17 10:23:47,fe932f1bad385be3c1e4242464db5a9e24f8e6c62e1236a01854b1e66e4a33c3,897086,103000.0,316.0,0.003068,1,1,150
2025-05-17 10:23:47,d43371d0d17bf4cda4538c63fa2f14a6cd9ac4d864aef6a4bd66b9e7be7c7ec5,897086,8372980.0,1866.0,0.000223,8,1,1228
2025-05-17 10:23:47,07afa71e65aeb115568ff9f9fd894d708b1618f00a18a9120912aab082f527a5,897086,185757.0,2732.0,0.014707,9,2,1406
2025-05-17 10:23:47,5dac3d27ddee349580d240f8b8cdd4326add3b985c57bdfe6c1ed36cbaa3ecc7,897086,2084100.0,2319.0,0.001113,6,1,936
2025-05-17 10:23:47,e2f7855cb1212d124377a2cf164b4b64a15acabbcfcdfd7015cc1e4625d50c9c,897086,34269398.0,2838.0,8.3e-05,1,1,191
2025-05-17 10:23:47,0ed99a0844671ea7f383c76ae6463db7824a8b193e9b0f8669095bc096bede19,897086,36409848.0,2347.0,6.4e-05,1,45,1593
2025-05-17 10:23:47,22f991905978da56c017666b428f965e12c117d62ad33942000886b9f19d74a0,897086,100782929.0,390.0,4e-06,1,1,203
2025-05-17 10:23:47,668186f1aec29c01bc4726e56ce1b027f277c32533c0549aaa5cd460b8514e3b,897086,30867142.0,670.0,2.2e-05,1,1,191
2025-05-17 10:23:47,7f41ecc90d9b2a2140bb79fabf49576f0bfff039d5cbc8ae68df300269fcb0af,897086,35079921.0,4822.0,0.000137,1,48,1689
2025-05-17 10:23:47,3a09e67167fe5dc52f4437baf08918e5156a9e9bf0117fa52ff9fc8b7579103b,897086,56065758.0,698.0,1.2e-05,1,1,191
2025-05-17 10:23:47,9034ae3729e26fe95ebc99524538761f5905b28fe5196a69a188ddf0823cc22d,897086,59720268.0,5245.0,8.8e-05,1,52,1830
2025-05-17 10:23:47,9635c3063f6d17cf89d4309c2ad2ebd46a4db7dca07d068d392a77a3f185bccc,897086,39826188.0,740.0,1.9e-05,1,1,191
2025-05-17 10:23:47,e10cd1d16edbda4b1c633a07cc47f58eb99142d0e945a92a2c8449391ea03101,897086,50286623.0,5875.0,0.000117,1,57,2040
2025-05-17 10:23:47,a89a3f0420bfc4cde554382ab6108b587a4ae4b216b28371bf6b5fe27fbfd7b3,897086,165858247.0,1116.0,7e-06,3,3,593
2025-05-17 10:23:47,95f52e6312edce01a93eecb423186a175337e7bb46faeeec669a1e12dce2a6e3,897086,188349.0,451.0,0.002394,1,2,222
2025-05-17 10:23:47,1e0c1aaf01d2af7c2c2bbc6629f2cbcde93c14623a389b5950d21af32f2cddd4,897086,1917196.0,451.0,0.000235,1,2,222
2025-05-17 17:52:33,63487d8f4a9b50db61100cd6993a18162f0c248c64c27966d2e1e6288bc5d22b,897134,238087.0,828.0,0.003478,2,2,372
2025-05-17 17:52:33,4d2d94a86c765e130e0f120947700db6bc896c72bbfa509448f91dabde194d35,897134,48721235.0,559.0,1.1e-05,1,2,223
2025-05-17 17:52:33,4298b4b645cb63f705d203d97d8415e58a0a05d4e69918ad26a65d2a8af9d183,897134,692055.0,571.0,0.000825,1,2,226
2025-05-17 17:52:33,12f6c2abc3f0423fc9d1f3ca0344636a043f5d7148e5b64e08c3359a6c53ea3a,897134,1100933.0,772.0,0.000701,1,1,192
2025-05-17 17:52:33,e5eb52e397b293f538e7df49bbe39c5e697b5e34a3ff80f755e1137061fd330d,897134,23000.0,1264.0,0.054957,1,1,191
2025-05-17 17:52:33,8d8db1c542df213e15d6d53b8ebaacbb7cae879f11b4eec288b40ecdb257ceeb,897134,993238447.0,1814.0,2e-06,1,18,747
2025-05-17 17:52:33,0da3b71c6f2bbd7ced16d2439568271f963f7dcc84385bb3f5448396aff3ad61,897134,156301.0,1103.0,0.007057,3,2,522
2025-05-17 17:52:33,ff06a3a32769fd644eb32403f20d29815734fba9106538142c372903584f9f45,897134,2116777.0,2267.0,0.001071,7,2,1137
2025-05-17 17:52:33,577116b14f7a0a6713c6071ec0a67ed47856761747e7388b3b3940781bc20882,897134,81281.0,842.0,0.010359,2,2,375
2025-05-17 17:52:33,70fc89c5366bc1d1d3474e05961d5c703fcb06b4e0a5ac5bc20677bf31386711,897134,42340.0,564.0,0.013321,1,2,223
2025-05-17 17:52:33,8416c0eebf130307349fa78bd6e2f4945d55dfb7b1199d4a2d49582cf3965c9e,897134,1298068.0,2320.0,0.001787,8,1,1228
2025-05-17 17:52:33,f7d22e897966e138cbdcdc8682dc377bc43dbc7cbe24ff3ebc094d1d637acc7e,897134,298214.0,437.0,0.001465,1,1,191
2025-05-17 17:52:33,e6df9a6fa96a752e7cb831ede8543be3bdcddc4c33b14b8f6b3819c7c780a703,897134,101652.0,437.0,0.004299,1,1,192
2025-05-17 17:52:33,d1983305dd88964d7535f0014f85ab93fee13b2a9140d74a3dbfbc26a4e0d901,897134,122330.0,437.0,0.003572,1,1,191
2025-05-17 17:52:33,bcfdaf5644361e99ed47bd25af55e69d0d7489179b1cba081f1f47213e19d7e0,897134,100663641.0,2988.0,3e-05,10,2,1559
2025-05-17 17:52:33,c3c0746cca230b0b8301fc840bc21d0ba3a470ea8570e6395d8ecbc7277778b8,897134,241716.0,449.0,0.001858,1,1,195
2025-05-17 17:52:33,d22c76bbd244f92891e08a222747552e463493a5fdf25d31bed5065bac346b68,897134,57477900.0,1908.0,3.3e-05,6,2,964
2025-05-17 17:52:33,246dbd9a2514253bb12eb4981d3dc5385d4142dedf4c2875112ad6fa00f15813,897134,82750.0,668.0,0.008073,1,2,250
2025-05-17 17:52:33,8d82d31ed8e9248030a92020cb739dc56dfa9ce95f4f7d2a5777b143908b5849,897134,10920222.0,1368.0,0.000125,4,2,667
2025-05-17 17:52:33,09aed48ab36d9113baa92e625dab110bca7c2e0c73fb8891e324e3a35a284724,897134,10154060.0,1368.0,0.000135,4,2,667
2025-05-17 17:52:33,da4843f452115f760e0ce4e47a4b1dceaa3d62c81a6717517dc1796a1ff5e209,897134,776223.0,1368.0,0.001762,4,2,667
2025-05-17 17:52:33,f6b0c2d371f001096059a6b3fc74c945d3f037908bf1e2fe6e9753cb5fa4927a,897134,55459.0,541.0,0.009755,1,1,217
2025-05-17 17:52:33,798176f35a60b6ec8b6b1845acd9f50295ef98bf5b47bab820e073892d7effda,897134,7077801.0,1098.0,0.000155,3,2,519
2025-05-17 17:52:33,9a8b6bf308c73f1a1ad7d971146b482c7e3e7c472cbf3c19f498de0b456a13c1,897134,185244237.0,1098.0,6e-06,3,2,519
2025-05-17 17:52:33,574abef9ee9ce2143541691a973c9d5e38cbcc9d1d931c0aded68d0fe481da57,897134,13774575.0,1098.0,8e-05,3,2,519
2025-05-17 17:52:33,162d0b58d761e88d6fc3596a8957513cd79b2b3a775918362b6398152e17608d,897134,158345.0,561.0,0.003543,1,2,223
2025-05-17 17:52:33,8d14c22a658a734a3014039e8d04558e7a4cbe1a8ea9ceba091cf35646d5f88c,897134,8643708.0,561.0,6.5e-05,1,2,223
2025-05-17 17:52:33,2c58171077f43590596acb964f744c60ccb67499fc986b6b5976f58d3acd6e70,897134,884401.0,561.0,0.000634,1,2,222
2025-05-17 17:52:33,1352d74902a959ce0b5a7d94ffb6cbbcb153737447a8bcc0c9dca8acf1b08f55,897134,2998418.0,561.0,0.000187,1,2,222
2025-05-17 17:52:33,fb149755fa3510b070401c0f328f6c78a9ef3a7ffd4ac9ed97254ea3baee344e,897134,204102.0,561.0,0.002749,1,2,222
2025-05-17 17:52:33,085b786666891c6ee5caa32f35a33b6c6aa0d0b732a7cf9194ffbd88994b1c4e,897134,120751.0,561.0,0.004646,1,2,222
2025-05-17 17:52:33,fd5ef7dff3b609e2df2fd0d90196cdc02a789e997dc4e8800a19819afd814130,897134,456968.0,561.0,0.001228,1,2,222
2025-05-17 17:52:33,40075ae69b25e78c9f993a08fe62584059ec75ad5bcde99a02fddd7d6eff19d1,897134,1764841.0,565.0,0.00032,1,2,224
2025-05-17 17:52:33,e305cca12baa0aab8edd2e29bc89014561e7df6733be95e089b9471e91c6f48c,897134,696057.0,565.0,0.000812,1,2,224
2025-05-17 17:52:33,5aaddebafa09b3b6cbc068937ad30d7c52db02c9a818631d41498eb4a9ffe385,897134,987439.0,565.0,0.000572,1,2,224
2025-05-17 17:52:33,76c330cee66711a0957e3ec003d4ff52493825db1999271599b266a94a87b6a5,897134,634225.0,573.0,0.000903,1,2,226
2025-05-17 17:52:33,e73887343c2700bf148be3989102d74320cb41bde1adc1a90767e1975ddcdee3,897134,7584032.0,836.0,0.00011,2,2,372
2025-05-17 17:52:33,ea4b49bfab433aae75b4283437fb99abcd8f0635db939fb3cad129893ec0d5aa,897134,132650.0,836.0,0.006302,2,2,373
2025-05-17 17:52:33,224e3dd3a5f1283f3f0dca68a689bbfbe5d1501e4b8120af9a66fb08523839c9,897134,148913.0,653.0,0.004385,1,2,245
2025-05-17 17:52:33,14183693677223f88fb74e290c11354aa80033e774c207067fb699956fcdf748,897134,41462.0,653.0,0.015749,1,3,245
2025-05-17 17:52:33,8ba821cb807813e101c49932d95d8f081055a0f023c6b45c4d513dee0da4e73d,897134,42369.0,653.0,0.015412,1,2,246
2025-05-17 17:52:33,5fec2ae4cc123a25c1cf9aeea4d090ffc8f04220a704c08be86d04aa6b7448e0,897134,6526.0,438.0,0.067116,1,1,192
2025-05-17 17:52:33,687135ba4e12d9bb18bd50352ae74c44d7952a081f88b2a310147385101bd784,897134,32935.0,438.0,0.013299,1,1,192
2025-05-17 17:52:33,5d9d5668ea399d47a84c8bf079c4612b404ec96d2a81d5bf5aab75df5b76f47d,897134,9539.0,438.0,0.045917,1,1,191
2025-05-17 17:52:33,d68b68e56ffbd506e433244f0de0a173a6a24e1f4ab882adac7acdf42e9c0451,897134,42562.0,438.0,0.010291,1,1,191
2025-05-17 17:52:33,69392551f88be5c8adad3b1720271465928c02c966ea901f2f8ec8ecb6097b35,897134,101985.0,438.0,0.004295,1,1,192
2025-05-17 17:52:33,e28c011fbd33fcbfcaf3e3c325f92ddc2b690d66ae34ac5d005d90e14058ae0c,897134,427987.0,438.0,0.001023,1,1,192
2025-05-17 17:52:33,6eec8e7d96f304abb44959e8d20292e96ed9ceac74c787596d057a4812466403,897134,9270.0,442.0,0.047681,1,1,193
2025-05-17 17:52:33,b42db130d806fdac26effbae5c70c6f949e8e90969895f56c2c878696fec6ff3,897134,183756.0,450.0,0.002449,1,1,195
2025-05-17 17:52:33,3152b52edc4958b4c07a0958fef36760fd9750aa781e601b9454f80afe37caa9,897134,18949.0,450.0,0.023748,1,1,195
2025-05-17 17:52:33,804d88b39eb772fa7fc6cdf670f1746b119d105b4594059a2dca9c1b62a85367,897134,183997488.0,558.0,3e-06,1,2,221
2025-05-17 17:52:33,5e7440879919cce8136f8d7c6f3ebeb68a8a98615d2bf851af86ac73dc7263ed,897134,4267128.0,562.0,0.000132,1,2,222
2025-05-17 17:52:33,ba37e68aa15c1b16787127ce28478c8a7679e057838046646595446cd891a7eb,897134,188438.0,562.0,0.002982,1,2,222
2025-05-17 17:52:33,9d3256c949f00af2749e583bf5dd4fdbd89709e2a55f69b0664c8cd1e0fc8599,897134,23620.0,562.0,0.023793,1,2,223
2025-05-17 17:52:33,548e212ee52ad91644297947825faff0839d3b8f74b6938b79346185b8a8e596,897134,6919.0,562.0,0.081226,1,2,222
2025-05-17 17:52:33,e61dbca02feaa9a0a0b57029bf2e41d256b7fa56758571436cbb3be4746c3c8e,897134,11796.0,562.0,0.047643,1,2,222
2025-05-17 17:52:33,c10d41f39c85d25d474dc87e0345285066b0fb2c4377bd0b5e77f4447a4da779,897134,34069.0,562.0,0.016496,1,2,223
2025-05-17 17:52:33,4efd6e4e08d5c7de4ee744ca24158336788dee04fa497808b57b5a0c6bf04c6d,897134,31347.0,562.0,0.017928,1,2,223
2025-05-17 17:52:33,38a6ccc0a79a49167602892e6fc59a0d28286b018e0098a933d4e0a08e983e67,897134,64553.0,562.0,0.008706,1,2,223
2025-05-17 17:52:33,8ee4aa4fb3b033a04c2f17199495b17ee2dbbf7f5e2a3b24bb4e339c4adf4740,897134,2417212.0,562.0,0.000232,1,2,222
2025-05-17 17:52:33,c860c7cd3320965a76b33565111f15d4938bc0bbf1d6a465d51335ddbb61a627,897134,103802.0,562.0,0.005414,1,2,223
2025-05-17 17:52:33,cae068fcae6d1c19d330d74165d8e242e8ce7532cd1e354f15cc04f325fb7c26,897134,9122.0,562.0,0.061609,1,2,222
2025-05-17 17:52:33,e272b154712af8bf4ba14d13c76240be35fc0673c5ec2f3fd968f2521b7126f7,897134,1498956.0,566.0,0.000378,1,2,223
2025-05-17 17:52:33,835a49e20dfde7d4d0d315777fe5e4064074f7e27620231749a9eed0340775a3,897134,300378.0,566.0,0.001884,1,2,224
2025-05-17 17:52:33,b6ed0217aff578429a585130f72d76958c6ca2b4185ea841e66b344ab1584b95,897134,537458.0,566.0,0.001053,1,2,224
2025-05-17 17:52:33,40356fb1af7b8355eb13af087b00ccb04e9cd175a8e533739aa9e83711544769,897134,15351259.0,566.0,3.7e-05,1,2,224
2025-05-17 17:52:33,5bb66bbfecd741914ed91d509f8dc45964cd3e4a817d5e1ad25d3e9140b16068,897134,22407.0,566.0,0.02526,1,2,223
2025-05-17 17:52:33,22a2a8aba9960051a4e6221a28111e8108ddb1c8531cfd2eab2711444e411b5a,897134,1405231.0,566.0,0.000403,1,2,223
2025-05-17 17:52:33,eb4648f22458b4b732a0b2f7a6435a44264ddef6c77ccc83070172378e8a2e50,897134,6433477.0,566.0,8.8e-05,1,2,224
2025-05-17 17:52:33,2995cdc1e0aa5835430b2fedee367583869e86f1c9affa162545cbc122730848,897134,559979.0,566.0,0.001011,1,2,224
2025-05-17 17:52:33,274d3ff02432865e7dd4bb86052fdb8738b1e3ebe1824b523ecba01c5d0fda3e,897134,94792726.0,566.0,6e-06,1,2,223
2025-05-17 17:52:33,ffbc721309be3374e6dac42cf956ba2727778ef65e0cbe6e2716b68c05f17d2e,897134,102571.0,566.0,0.005518,1,2,224
2025-05-17 17:52:33,72ff9e9cdb762168b3b69ec6bc38c6845974834b0e0ed624d3c315886e9d8229,897134,1323583.0,566.0,0.000428,1,2,224
2025-05-17 17:52:33,3624fc01e9267d871103533d2f00b5831665919350a15d2670e50d7129418028,897134,6912037.0,566.0,8.2e-05,1,2,223
2025-05-17 17:52:33,1fd442119d86f55134953524248970b87b57b711b00665b6a23ac552886fbcd8,897134,12895.0,574.0,0.044513,1,2,225
2025-05-17 17:52:33,48782a0d099dc500f431476d95ff42c96319dca74882cc71e17f8a274b354db5,897134,1485963.0,574.0,0.000386,1,2,226
2025-05-17 17:52:33,490176eb31a66d294ed9f8fac94acfcad87152876d2019271a73aab12f245b9d,897134,127642.0,574.0,0.004497,1,2,226
2025-05-17 17:52:33,9a216c4549eb07d413ce4f8aea33b9d7d5079be8b4aba127f76eb16a94f59c51,897134,381172.0,574.0,0.001506,1,2,226
2025-05-17 17:52:33,e0539d9a6557f1751e8e9aca5a83cef79b618268cca46b52340c3eb6cda67024,897134,57665.0,574.0,0.009954,1,2,225
2025-05-17 17:52:33,746879c69699381b33fa58c706aeff73d71253560087e446e403de6b41e90ca2,897134,51299.0,1001.0,0.019513,1,2,194
2025-05-17 17:52:33,ce38230785d0b9b92c8f5610e2928d408a1d46b7ffcf7fb2ae865990632eb72a,897134,52300.0,300.0,0.005736,1,1,406
2025-05-17 17:52:33,4c1797934dd9805028a6dc3ba286ad7864bc02e3ee111da23568fc058b2533cb,897134,334518.0,565.0,0.001689,1,2,234
2025-05-17 17:52:33,61c6a7d2f5c346b16cc1a72e931892fb743053724d51b9fab31dc81635ce8aa2,897134,16057.0,949.0,0.059102,2,2,454
2025-05-17 17:52:33,06c2dba6bdcbdbce88cc212aaa33ff28488c08016a0961bda2b93481a253e82d,897134,11718093.0,670.0,5.7e-05,1,2,249
2025-05-17 17:52:33,2c40acf30fc5b61a2f0f4cb92472dbf57d39b2e3c25889909a3499edd759b9f2,897134,1357103.0,706.0,0.00052,2,1,339
2025-05-17 17:52:33,ceb7f3aa686a8e424fceb73374dc440b8d91bb2255ed9a1503517a3cbc8f119e,897134,144176.0,798.0,0.005535,2,2,300
2025-05-17 17:52:33,20cf4c7abcba719e54c2829dd6adaa7305400a0118fc958da7ff34c4594539ee,897134,153080.0,834.0,0.005448,2,2,371
2025-05-17 17:52:33,028c57d83c3b328e1d8d3420189e47c2669393be9906c85432fb5286f69109f9,897134,23804.0,838.0,0.035204,2,2,372
2025-05-17 17:52:33,01903c5f520cee2285229d5c656544da58e3e47dd13942069fe87124183ef244,897134,9003915719.0,17564.0,2e-06,31,3,10284
2025-05-17 17:52:33,7e97c8b20642578746accf03f5254f25513ebf8a70b776e5212620db62ab3691,897134,1842721.0,1106.0,0.0006,3,2,519
2025-05-17 17:52:33,fb27a2794a83305f471f7bb88aa70c08fb5365ffd0d0b359f9770c9a0d53dd2a,897134,67452659.0,53776.0,0.000797,197,2,29330
2025-05-17 17:52:33,6f613ce889fa31c8021a2d4627dd5a9759cd3e0f756c93d08e6e8d752ffc54ff,897134,8046.0,1895.0,0.235521,2,2,288
2025-05-17 17:52:33,007df05e8ed44aff6396d6507ead5f998eb2b16ebccd5addf98bf3c2afde0b60,897134,299592.0,254.0,0.000848,2,2,313
2025-05-17 17:52:33,81bd34635fd3c5f288d144ce44eaae3bb61151e483766dd227d38b06738de511,897134,398311.0,235.0,0.00059,1,3,277
2025-05-17 17:52:33,2c20c718c549924ccb1f4b4640c6394e5d963cc25c215e2079e452325f7254ff,897134,242040.0,712.0,0.002942,2,1,340
2025-05-17 17:52:33,0f6301a7c3a8afd621a3a0637e40a6a24a2810b64c8e914898258ec325f24eff,897134,367070.0,568.0,0.001547,1,2,223
2025-05-17 17:52:33,11c78ad9762c68f56bd300f67ab787de58ab570ff029ee91365853253393f8fe,897134,4999436.0,564.0,0.000113,1,2,222
2025-05-17 17:52:33,4e20a424c612d910163fdf127307a68232b09a663c7a02874c3ea9f4f4948ffe,897134,1192734.0,1252.0,0.00105,4,1,635
2025-05-17 17:52:33,4864c06dc757bb3698d892cc5e0b14f5b589a03fc4d2a687dc88f751177b73fe,897134,116909.0,832.0,0.007117,2,2,370
2025-05-17 17:52:33,cca7fc57e9e2b3eb077c34b9c576c4bdffd52d63a6410504df2528765138eafd,897134,185000.0,568.0,0.00307,1,2,224
2025-05-12 22:00:06,5675342f4adfd659eef4b28d4c71f587ab0bc190c61e97f1b326f029c81f8b7c,896461,375828.0,241.0,0.000641,2,2,302
2025-05-12 22:00:06,da824d055fb6efcdc3cbc6ff33f786124f98c0d4f31fed7ab00462f7d0d0b372,896461,376006.0,241.0,0.000641,2,2,302
2025-05-12 22:00:06,5d221ca003ee50164cdb4c275844a076c66d294982250d9edfa9928d036b2ae3,896461,1400050.0,420.0,0.0003,2,5,512
2025-05-12 22:00:06,e34e6d5cd9c492c9214aab3c2884cbfcba9c102ce1903f348a94c8f7dc67b018,896461,30211.0,322.0,0.010658,1,2,238
2025-05-12 22:00:06,03db41a74a99548b3ef117930d4b67698f0cbeb385a2c63d8c9bce44d744f0db,896461,41011640.0,1060.0,2.6e-05,1,14,594
2025-05-12 22:00:06,5317023b864e333ef8f76d37ec25a9c20d2c66bf57715391bf042418caa45ae8,896461,19519.0,4350.0,0.22286,14,1,2105
2025-05-12 22:00:06,8e17cc96f3b6f0e8b50a6d175086e29667d73776f8b69473fd0c78cc5fd679f1,896461,1084628.0,292.0,0.000269,1,2,222
2025-05-12 22:00:06,119f431539da5fd9e18e20f4c25bb414b0633f45500ab487da595c9ba83868cb,896461,315067.0,292.0,0.000927,1,2,223
2025-05-12 22:00:06,0d98949044fa0d17b01d8f6d5b87aabb520f0d600045323c310b68478020c2b0,896461,2812539.0,292.0,0.000104,1,2,222
2025-05-12 22:00:06,fb830cd3e34c6e6c54b976892640d26a24be8c8010d6d8e3c3e95a96b23a4649,896461,525522.0,292.0,0.000556,1,2,222
2025-05-12 22:00:06,f40e31c3c4648ddff8c803c91aa0036d8aa62c70cb9b14e7324c9159c91f2be5,896461,2062705.0,682.0,0.000331,5,1,578
2025-05-12 22:00:06,06b57c88bdddf65014e8bc2c362eedba84f140bf0eb804bff576aa7a152197ec,896461,18098.0,212.0,0.011714,1,1,153
2025-05-12 22:00:06,bf748d0e29d3c5e93b6cd3127b724a6539375fd815c96a1cf6c142edba20d381,896461,537726.0,212.0,0.000394,1,1,153
2025-05-12 22:00:06,417a75878612eeaaeb75ffdb738b8e9602128f658fcfdb59c8a17800a4b6eadd,896461,112204.0,343.0,0.003057,1,2,246
2025-05-12 22:00:06,4fa9960dce7e866266feef7f0e1c4b535a7a942178ab1f9b85099815924ea2b3,896461,46808.0,343.0,0.007328,1,2,246
2025-05-12 22:00:06,30d721f14d9c6cbb9f78c1e89cd23ea7933c4ea96bd035150d512592b46ea668,896461,165737.0,343.0,0.00207,1,2,246
2025-05-12 22:00:06,e6e634573a407233de0871729d081e33902f8d593bc67f43dd24cc2b4618a957,896461,307930.0,343.0,0.001114,1,2,246
2025-05-12 22:00:06,a2714fec368805f9d7dde2febdb9393746f924233850563a6e4bb600c0ed8402,896461,13173.0,343.0,0.026038,1,2,246
2025-05-12 22:00:06,5b003de2ff28b0e2092c711f7a1ed657276bdb0e43c99b175e2d3fbf43542530,896461,21115.0,206.0,0.009756,1,1,150
2025-05-12 22:00:06,9d9dcdebfd96cf369b595fd3022ec63812089e325364963a0165a57a879b9a63,896461,1001994.0,452.0,0.000451,3,1,367
2025-05-12 22:00:06,6d8d02b88044786eb71be8b30869d50e1549bf27f8f22b6d16b08686bd721436,896461,330333.0,452.0,0.001368,3,1,367
2025-05-12 22:00:06,d8838a029ba55236589055d1020c0a514847c5a9e21f0ae75b8d2c249610a44a,896461,165540.0,1100.0,0.006645,3,2,528
2025-05-12 22:00:06,b69c337bc6eb70c364315ac2cee20358e6e3808511e36ba358db4560beff404b,896461,32655.0,488.0,0.014944,1,2,234
2025-05-12 22:00:06,87db68a829aa676f01ea27d3abcd3ee67a1f8d676aaefb7f5f45c5ca57a5a375,896461,293169.0,580.0,0.001978,3,2,520
2025-05-12 22:00:06,12d42725b6602466ceb6b78a43f6c57b96592b3f1a5ddf6a1c3abc94650e3642,896461,151792.0,438.0,0.002886,2,2,371
2025-05-12 22:00:06,3c25a3f3b9acdecbea9c282c9f8194a7e0fa6d48bd50523f4cc0c0612b84d434,896461,101098.0,470.0,0.004649,1,2,224
2025-05-12 22:00:06,1144737429e66b69e134ff916d57d7ebc6d76344871128b30c46cbd613c33473,896461,104594.0,439.0,0.004197,2,2,372
2025-05-12 22:00:06,6ec874a9f0236eca52746fd5eb37f65c576991c86d44957cba870b4d7561f324,896461,4176.0,1471.0,0.352251,4,2,514
2025-05-12 22:00:06,0100ba5d62e96a9a487abd2e05a74c32e2e1d6d9718bd76c3bb677bdfe205cc0,896461,47113.0,240.0,0.005094,2,2,301
2025-05-12 22:00:06,1cfac238d37045c3bd01bbb4400551ae19d7d892832525b649df3e931ff2c5b3,896461,47113.0,240.0,0.005094,2,2,301
2025-05-12 22:00:06,38b310c7ba3b0b32cece48e3da39fd35a98e7c007f7c8e017ac3006443d2393e,896461,272164.0,254.0,0.000933,2,2,313
2025-05-12 22:00:06,19d07a6a0156bf09395dccb9662e9ab5e78af1787d473b10b3abfaf27baf0649,896461,1526992.0,340.0,0.000223,1,5,334
2025-05-12 22:00:06,6321ad5850d2276719d27b99d7a28aa7cc62d80fa3155a55b7f86e80cf8c7295,896461,304203.0,465.0,0.001529,2,2,383
2025-05-12 22:00:06,91ebc72125b0e7ac6bf0584bea2df2692b9bd119287b224953f417e979935290,896461,4552172.0,465.0,0.000102,2,2,383
2025-05-12 22:00:06,952564d0b0c0f17e47093d1eebaeb3aa90014c07b34af877b126241f3dc09e7e,896461,2045832.0,465.0,0.000227,2,2,383
2025-05-12 22:00:06,909aaa0f76e6c6ea6014f745fe2aa7ef39a42ba89abe62c1945eeba42f1ae7a2,896461,420960.0,297.0,0.000706,1,2,223
2025-05-12 22:00:06,b6f40de4d0a6d9e9553a4d569f62ce864c25bc9d7aefc4527e2b345adeb9fd58,896461,192373933.0,297.0,2e-06,1,2,222
2025-05-12 22:00:06,46f5e33fbe3f0c475076a0c7f99e367039ab55a002441d9f82afe0a71d5805b9,896461,36706.0,257.0,0.007002,1,1,204
2025-05-12 22:00:06,01be1dbd4e935c4ff5deef85380337a6db5afd8da00a5100ff678baf0a041974,896461,52780.0,257.0,0.004869,1,1,204
2025-05-12 22:00:06,7e2780b11359713de09f0395c877b3c2ca23c1cbca1570544a2954c1afe34065,896461,152551.0,257.0,0.001685,1,1,204
2025-05-12 22:00:06,ed5ec54ea4ac703053974a01c7119ec0c324ef062bdc2d14a856ab53f602f111,896461,24120.0,257.0,0.010655,1,1,203
2025-05-12 22:00:06,86aeebae7705fea44eba11893d6a3a2933837394545111972bb42a0ed3359956,896461,273505.0,609.0,0.002227,3,2,532
2025-05-12 22:00:06,71719969ea261676b3dd9945644d3cbe4d5c7da2292497fcffb03355e5580cfc,896461,20455551.0,1665.0,8.1e-05,11,1,1674
2025-05-12 22:00:06,c2c32f62c05d9fa5b6faac57e3aee66411f780cf7c977ae2c3227657232462fc,896461,131519.0,470.0,0.003574,1,2,223
2025-05-12 22:00:06,d3d791e4aa650a98529118a6b03724ebe0311403b177054de9ff4a0ee653605d,896461,1486918.0,1012.0,0.000681,6,2,963
2025-05-12 22:00:06,eb3b61c473bbd0f7c063246637729525e3e0ab60331657af9732e74dc67bc800,896461,676602.0,363.0,0.000537,1,3,253
2025-05-12 22:00:06,71537e4c26e8f73d74425655f6100d1b89d87c8e3ed3fbb986f73027591322ef,896461,1637737.0,895.0,0.000546,5,2,829
2025-05-12 22:00:06,c8fad56619258e44bda3182838b4644eb01f315469e97f2f4ea3bb8c6a701df9,896461,317490.0,338.0,0.001065,2,1,260
2025-05-12 22:00:06,10025d181ca3513e7767d579a07a877cd76fd124479df36a9a2d1f402d1643ed,896461,424050.0,338.0,0.000797,2,1,260
2025-05-12 22:00:06,d63662e5587adef0852fe6b70814896058b2cd4ffe8de297d33645a852389499,896461,20892.0,500.0,0.023933,1,1,151
2025-05-12 22:00:06,4742829299927ffb99adf7bda0fae461adc9e62351f2fd238252475dff4f68e8,896461,21392.0,5908.0,0.276178,50,1,5405
2025-05-12 22:00:06,b8c8398fd9b6c376262e785d23e6f4c7f49462c5ebca0a3ce55bd5f67c484251,896461,36567.0,1052.0,0.028769,4,6,727
2025-05-12 22:00:06,b61f7143bc862bf1ba78e9bb081498f52cb5697de701a985279e853f3d1012bc,896461,160836.0,470.0,0.002922,1,2,222
2025-05-12 22:00:06,404c5a5c61488c88f91af687a725a794176782d1cc04fe59248a2c8bc9940fa2,896461,159420.0,470.0,0.002948,1,2,222
2025-05-12 22:00:06,6b5fb6765e56f37dc41831172eb790ca5171492f6c7225f9cb23dbbb45e71517,896461,17045.0,470.0,0.027574,1,2,222
2025-05-12 22:00:06,888601d4dd5fff70e293c3c4b293edb957d0378351419c5de44f628000a32d6e,896461,30804.0,1060.0,0.034411,4,6,699
2025-05-12 22:00:06,d4e5eec25d551a8adb85861de4cf65d40cf27fc608b84d4a3e311eb96b565912,896461,41146.0,1060.0,0.025762,4,6,699
2025-05-12 22:00:06,802e38029212ba943d4fdece0c393d510eab4bf3f2377cee95bbe222f5a70e24,896461,229558.0,961.0,0.004186,6,1,934
2025-05-12 22:00:06,0b818afac9f7ea87df7705012a8644eefd0f5a16462813e0f94417a8412e7b9e,896461,228698.0,302.0,0.001321,1,2,222
2025-05-12 22:00:06,33e112278381a4a577bdac31613ac2c3a701bcd864dbce6555cb75c1e15ff975,896461,137948.0,302.0,0.002189,1,2,223
2025-05-12 22:00:06,918391ac9d2f886381ae564616e6aeaf86bb7955303db166440c6f94f086d868,896461,43698.0,302.0,0.006911,1,2,222
2025-05-12 22:00:06,e684591c156f7298c649f067f97fcc9858b774a9892f77e20b5ffd1546510c4e,896461,143325.0,302.0,0.002107,1,2,223
2025-05-12 22:00:06,dc81618e3892f73728dd91c8e24dd1fb8cd5d37e60a8b5ea2226ff90303f6e9f,896461,24017.0,504.0,0.020985,1,2,235
2025-05-12 22:00:06,e8b469efa7612a1ed719461f8379ff3fb4728c2a3164f77fb99f8a1d435cdf9a,896461,822583.0,354.0,0.00043,1,2,247
2025-05-12 22:00:06,6b685d1a804119728a2540970621d7e70fd3ef45ff5fd008c367409d3a02f312,896461,181529.0,354.0,0.00195,1,2,246
2025-05-12 22:00:06,734c9a2ac74b4c55191622bd3bba9b8c9d45e9ac82b73571eed84f9ad5fe4003,896461,21064.0,354.0,0.016806,1,2,247
2025-05-12 22:00:06,8d75d44c7f71d8c870cfb02ca7290b848a7edfeb267c16bed90f7e84c97fafbe,896461,12398.0,380.0,0.03065,2,1,339
2025-05-12 22:00:06,b4dca38bfcef3ada5e541a0b436016b105d1f06b4c75833a49c11eafaa42d533,896461,569647.0,567.0,0.000995,2,1,343
2025-05-12 22:00:06,b59bb3a0e6069920b32581cce3a12f501f67f76e868567e7e64afa3d9d474f9a,896461,937646.0,1038.0,0.001107,6,2,967
2025-05-12 22:00:06,897c03f227402b3d8c81399d4e3c8845f9a2ba9013edb56f83d8bfd6323566b0,896461,419105.0,1183.0,0.002823,7,2,1114
2025-05-12 22:00:06,eef436aca282e381b89ddb69679c67b6b793982a3a519d0485ffd8435a0b6e8e,896461,4160678.0,306.0,7.4e-05,1,2,193
2025-05-12 22:00:06,ccead1ef16b1423ebfa2a92eb19977af3d6aeed4ee26d249e0b04d9a670afbcf,896461,2375696.0,895.0,0.000377,5,2,818
2025-05-12 22:00:06,36263b526c3e1a56705c5f6b4fd4c854cb7e82c5cc15d932a0b288be2473365b,896461,8056964.0,777.0,9.6e-05,3,2,523
2025-05-12 22:00:06,5926e33e4535c95435be1e9dfdc0a9eef0421defb3b85a269e6c0ac91a16dab3,896461,1570749.0,457.0,0.000291,2,2,373
2025-05-12 22:00:06,ef0048f60ca2666b9a3dbc278d576959718ef5dc1ebfd867545baa91fe08726e,896461,2538752.0,752.0,0.000296,4,2,671
2025-05-12 22:00:06,df1952af15f914c8e623800a53cb406566c6ba62b85c5da5c42c0cc7ab4b8f07,896461,574346.0,802.0,0.001396,2,2,370
2025-05-12 22:00:06,7aa1e50c164f94a7b54e9f5ac26093a6e488f4f3889c9216fd571b277865a45a,896461,3257423.0,633.0,0.000194,2,2,374
2025-05-12 22:00:06,65a200ba046eaebacfd0305532c3ed5cf093915539ea555c2a0ca482fdf0efb2,896461,17341038.0,488.0,2.8e-05,1,2,225
2025-05-12 22:00:06,dbf0b2c144925cde96f246b6895041a3bbdce6a4d88c83ee8485ceee1f76dadf,896461,52436.0,308.0,0.005874,1,2,193
2025-05-12 22:00:06,650bb3a2ba3dc7f98184a87c6f5fa26f908651d0f47ff84794d573c4309257bc,896461,99978.0,308.0,0.003081,1,2,193
2025-05-12 22:00:06,22992377bfa420a88cbbc080c10bcb3fca298cf904649334d4adcad397b21bee,896461,9364.0,306.0,0.032678,1,2,222
2025-05-12 22:00:06,26bdbafd1c3f85b874e89d9dfc2c4778fdb04b2acf83635c0670f3d4848f356c,896461,1517721.0,306.0,0.000202,1,2,222
2025-05-12 22:00:06,3dc45de742acf004be794af4a02de250e90b3f97c7a45be74182ea5fcf30246a,896461,26636.0,306.0,0.011488,1,2,222
2025-05-12 22:00:06,3efb7040444deed8a216833f67aa9d3040024e2a8121ee4f9d93bc64cc206402,896461,240163.0,306.0,0.001274,1,2,223
2025-05-12 22:00:06,7e6025d78d1f92439ee619c237cec5fa4847782273ebcb8d86fab359b59eecce,896461,2174038.0,895.0,0.000412,5,2,817
2025-05-12 22:00:06,81b06b4e861d4d4f69092942fafe48df6da09a37015b91be00b3e8a1079973a9,896461,39021.0,802.0,0.020553,2,2,369
2025-05-12 22:00:06,cd612e058b635bceef2692df46dbdd3f09fd4f0f59b820cc4db144464ed92f8e,896461,14236004.0,513.0,3.6e-05,2,2,399
2025-05-12 22:00:06,9f1386c98238690e8819c3bff2491f9fda6472b954ead36dacf10186b5b6c6cf,896461,674490.0,609.0,0.000903,3,2,523
2025-05-12 22:00:06,bf42cc12219bf4cb2c956056e38e95e4dc5752126444f03c70669d270403658d,896461,4405921.0,609.0,0.000138,3,2,524
2025-05-12 22:00:06,0d98c368890388779de64290100191e8db26d40ae7082fc3ff6d757640b65033,896461,284520.0,609.0,0.00214,3,2,523
2025-05-12 22:00:06,e3f684462d6b4f6f676305a55384b9259cd7f033eeed134128efc65bfef22a06,896461,104644.0,633.0,0.006049,2,2,374
2025-05-12 22:00:06,d569e42d3710646fc14482653dbdcc8d76e48f6d0e47cab449dd5ab311bc4892,896461,31873.0,222.0,0.006965,1,1,153
2025-05-12 22:00:06,093687d36e4cd0a060d93e977eb58e83ea89f1352491becf22d83f01b202166f,896461,54488.0,222.0,0.004074,1,1,153
2025-05-12 22:00:06,7ac87f49ec7892961792e217ae4483b43998deb7607335c619eb607a2e469cb1,896461,30547262.0,488.0,1.6e-05,1,2,224
2025-05-12 22:00:06,1d24296279878c30f637528cc12145f083596846d6137a3b647a7df124a2c3fb,896461,24866.0,443.0,0.017815,1,2,224
2025-05-12 22:00:06,4de40b2a4800ca53d21f3a171a2936e15c31bc521eb0bff6ee84ff68f73ac780,896461,250993.0,226.0,0.0009,1,2,247
2025-05-12 22:00:06,c1888a237b8e370208fd275b19cea19ce80dcce33040fd5ea54a18ad68c169da,896461,990875.0,752.0,0.000759,4,2,669
2025-05-12 22:00:06,29aa01d374897d9d0f94ffbb7032742e09862e7bc7881ac19c04032b5eff9373,896461,3694360.0,752.0,0.000204,4,2,666
2025-05-12 22:00:06,66080a5c710bf7b1ebca0624622ff910e5dc974f063e9ce1622622cd1f71017d,896461,967903.0,488.0,0.000504,1,2,223
2025-05-12 22:00:06,0918759d00ac66b0e2a9efe391817c3a729da38444b74f093002a53ca933ad0a,896461,1531697.0,567.0,0.00037,2,1,342
2025-05-12 21:57:42,550f0516d0da9aecaef14ae557b58789f088e9b43f2a6162222e1c3706e6b873,896460,1816744923.0,432.0,0.0,1,2,222
2025-05-12 21:57:42,763cc48a2dbd3a13c798f64a49af5ef9b264e6f09118e23646c6f482087e9572,896460,1851015192.0,432.0,0.0,1,2,223
2025-05-12 21:57:42,7a556d04d9ac763db220f2ca521c1d80b42b4a8aa1f0170494ffbb5a9c080770,896460,1264870037.0,432.0,0.0,1,2,223
2025-05-12 21:57:42,7fef836ce03dba4aedfe28b688349e48ebabe874e117ba92ef17a342ad7cd548,896460,1829315643.0,432.0,0.0,1,2,222
2025-05-12 21:57:42,4af2dace076ae35e8a246a8384c05f525f09b3acff087f3477fac533a7196aae,896460,874557.0,846.0,0.000967,3,2,519
2025-05-12 21:57:42,066b4ccc10b2b04753bb64f44dd2af2f4ed361c58a768203e457f3d427b29c97,896460,252041.0,510.0,0.002023,1,2,247
2025-05-12 21:57:42,88bbc12ba5ce4c20eb6a29ed328dd1c5e470b43296c38f650099c4474b00c057,896460,71533597.0,676.0,9e-06,1,3,410
2025-05-12 21:57:42,6321087d3ffaf1b5b47e19eeacfe11aebf1ae0b1463d21d28f5c22d5f7f08a06,896460,312551.0,1027.0,0.003286,1,2,224
2025-05-12 21:57:42,48fa06ae3b7d6f411f453e62ee9317e146a4c1e55b1f84f4e99ca7f6c2862030,896460,335578.0,426.0,0.001269,2,2,370
2025-05-12 21:57:42,0f053a3246efff7ee2dd52172ce52f6ef21a801d0aca3471b7f6a1285b460f0e,896460,69732.0,449.0,0.006439,1,2,219
2025-05-12 21:57:42,cc3d106bb19a19d7c178085ac007f3040e54b7c41221ab0c6dc0dd89b809e92d,896460,80181.0,302.0,0.003766,1,2,228
2025-05-12 21:57:42,c84c5a8c2bde19e02c5fffb15bfd6011b078f518bb658c33d63116dd9fd4f088,896460,11412000.0,15532.0,0.001361,55,1,9482
2025-05-12 21:57:42,6f4505ca778e8d453feea140ca8ad5b661ad5ffe7bd373a9ce71c5d8b81086b0,896460,355637.0,3900.0,0.010966,18,1,2718
2025-05-12 21:57:42,3ddaaa380c39888a8aa684ca78503067bd6517be9bf6fca2b3cb05ac3c0a9320,896460,317809.0,447.0,0.001407,1,2,196
2025-05-12 21:57:42,b9a4a93bf013076db249cd8b1f9559df5c1d7f010d3f2852776947c5d1de01d6,896460,2019084.0,1152.0,0.000571,5,2,622
2025-05-12 21:57:42,74e4a530c49a27fcf2ba858b821be55f456f4b3c149cf3e4fa3a12df2f7104f4,896460,1401509.0,930.0,0.000664,1,6,383
2025-05-12 21:57:42,f07141437ef1f6e3b82021091f0ff71b5e79bbcd7a966ef8b79818714375c3a1,896460,156398.0,438.0,0.002801,1,2,222
2025-05-12 21:57:42,f45690b432ef479b2f736b06d7cac92658dc2ec308b7db4f72f98519db42a653,896460,876740.0,438.0,0.0005,1,2,223
2025-05-12 21:57:42,30dbc0b3c79ceb3a5e27181766e479d28990b28d2899949820b2ac8162bac51a,896460,125056.0,744.0,0.005949,2,3,401
2025-05-12 21:57:42,2905615c29bf7cfb449f9c1a69ecb9e48f31d67a799f20dc94991322d999b673,896460,172584563.0,732.0,4e-06,1,2,235
2025-05-12 21:57:42,299a09a0bc564a8a4bc0370e871694aec84abf4e7fb039ffe4906edd222b05f7,896460,210209.0,318.0,0.001513,1,1,153
2025-05-12 21:57:42,bb861d0bdaacc8106a1907e85efa5e0ce8c06452a599f09938d9125374fc26a8,896460,99824.0,552.0,0.00553,2,1,339
2025-05-12 21:57:42,1ab6c1361f5725b0edec62cd102905835a5bc3613cb8ed9f1b700a4446ddb43e,896460,22525.0,563.0,0.024994,1,2,345
2025-05-12 21:57:42,87f399823294544ac26b13d3b6037568ba95b8f2f6420eb01d6ab5f4a8894c46,896460,981194.0,745.0,0.000759,2,2,454
2025-05-12 21:57:42,1de7df60f53d6757899c9e11e51895531d874ad2f94d872d6d90c433ce6851d7,896460,2149541.0,804.0,0.000374,2,2,418
2025-05-12 21:57:42,6303ee3f064245da60d86a3e5e7ebca97e84d0f03d520b0b72d12050e73d673c,896460,3415529.0,804.0,0.000235,2,2,418
2025-05-12 21:57:42,73356ce7346c4b5b5be21686e7eab6ec4ca0f31e11b756e3fc913ab925cf07d7,896460,226065.0,482.0,0.002132,1,2,234
2025-05-12 21:57:42,a56a7ec3d1704d9a49d707a0360a3db48f2de7a9fcd2375ffd98c4e9aa88f8ad,896460,15321402.0,482.0,3.1e-05,1,2,234
2025-05-12 21:57:42,7ce54242f0a8d49c55fdf1fe4f9acd719226e37857e32b3e9c130e077bdc24f2,896460,102018.0,475.0,0.004656,1,1,204
2025-05-12 21:57:42,5e7432f6b7947cb3452f2c75fd24b22f87be9b412513544404fe9604c9900f3c,896460,102493.0,257.0,0.002507,1,1,191
2025-05-12 21:57:42,b4e39a7b79a6db361aa56e18c4054bc16450cf90cfa158833bbd23409360e0b5,896460,3900237.0,852.0,0.000218,2,4,432
2025-05-12 21:57:42,a33e2be1c349c03d03bf03c15c9482ce2091c4be9017a38fadd3a70f042dbe84,896460,183620.0,385.0,0.002097,1,1,204
2025-05-12 21:57:42,e4371dce55fd6708cce7695bce4546bfb9028af0148db15eab2c1903bac818c7,896460,762358.0,1178.0,0.001545,2,2,373
2025-05-12 21:57:42,a0950098234cd42973fca94f7a9af997120d5350f5dfbc66de99f91bf8156a28,896460,240953.0,1535.0,0.006371,4,1,648
2025-05-12 21:57:42,cce85bfd03f96c73b29355eadb44991ae4e71832d95833d977a5a3bc99f1c060,896460,675133.0,672.0,0.000995,2,2,374
2025-05-12 21:57:42,c25ac81e29eb57d5e8c2c0aca6ffa69bbc929e355fa2fa3a735baee8323cd8c6,896460,691869.0,705.0,0.001019,1,2,222
2025-05-12 21:57:42,a33782cd9b81d71c1dc738edb876253eb972ae63f5524e43a49b904c104b2ca1,896460,339562.0,705.0,0.002076,1,2,222
2025-05-12 21:57:42,c19a69fc9987b258f7a4d068114c4dc0c0747912be6ac83e8eb0bc455d40f545,896460,1348054.0,705.0,0.000523,1,2,222
2025-05-12 21:57:42,114db39eaaf340f8d2c6e0d82530c6abf044c6918f86dfff62379c35723605dd,896460,539944.0,1590.0,0.002945,4,6,699
2025-05-12 21:57:42,21e620c42bf7982eadcf019c265c7d778a907b7b92f28540b219b210bc072854,896460,472832.0,1590.0,0.003363,4,6,699
2025-05-12 21:57:42,1d9c997bb7a1dd35acd346517770d188bfed8b520a7347b515c2162660b6d37a,896460,18694.0,1568.0,0.083877,1,2,223
2025-05-12 21:57:42,2961bb56e6c1c30a4dd9f341b8703c17e11fa78b7c35b504bc6d7a48c7f4540c,896460,25125.0,896.0,0.035662,1,2,222
2025-05-12 21:57:42,d82f3beac7b39835380814577ce0c41115e0c4ac16ac33c5ecddeda4933ae92d,896460,35748.0,896.0,0.025064,1,2,222
2025-05-12 21:57:42,30f375bed80b3959bb944951c9172d7d11359728eec3aae38200dd1cbcd1006b,896460,46371.0,448.0,0.009661,1,2,223
2025-05-12 21:57:42,fdcd5a2b6caa749fd90effc8744b62807c3eb9f0893c092a1de8330e09a31b87,896460,56609.0,224.0,0.003957,1,2,222
2025-05-12 21:57:42,c2207456018f5e7ccd59dc369d23017164e88d199ce588f18e005d2520ed5419,896460,61728.0,224.0,0.003629,1,2,223
2025-05-12 21:57:42,71a50d417b3d7df223c9871db702dc72e9ffdab6fa94250e03e4e5201b1c8127,896460,68521.0,451.0,0.006582,1,2,223
2025-05-12 21:57:42,90aff9d88f85f32a7a7d8a66c8ca111cc1cf050e093b8c584b38e57de88c893e,896460,415495.0,723.0,0.00174,1,2,226
2025-05-12 21:57:42,9bb9b70685ea28176d4d24af3d77b26bedf305e4f494501921b272b89222f2f1,896460,373536.0,464.0,0.001242,1,1,226
2025-05-12 21:57:42,bb3db2c5b3da940c874fc1a72d786e52dcb91b8146648c02b016220db31b4e33,896460,1107363.0,3276.0,0.002958,14,2,2153
2025-05-12 21:57:42,fb2c41368b1d188c2c4aa06863ebb4f4d8c9c0498dbb5ffb380665da82ed77bc,896460,10267.0,452.0,0.044025,1,2,223
2025-05-12 21:57:42,d38db6ce79527c7ed422e0bc4798e8b2904d2123db20e42797435bd1d7b1e115,896460,15199.0,1056.0,0.069478,1,1,192
2025-05-12 21:57:42,bbbc7bd35adbe0b71e55c648d0d5b3dc5b770bdacb88b4bfdd88fea530327689,896460,35734.0,504.0,0.014104,1,2,226
2025-05-12 21:57:42,9935547fffd7c84efcccee48e512fc97db162ab499d5993baadc0d3ab5b1b59c,896460,65496.0,504.0,0.007695,1,2,225
2025-05-12 21:57:42,350bcb8dab131d247140ce06aa6a7f6ba0331f9df879f0f119f96b5ba124effc,896460,2277352.0,855.0,0.000375,2,3,398
2025-05-12 21:57:42,88a8711392caf48429673aea2de3c3279bdba04d41c84336db1caf4fd346f62a,896460,40812548.0,855.0,2.1e-05,2,3,398
2025-05-12 21:57:42,ab3a3212bc969e050aab4510a0f5d43ae1b4e358120150e013fda89e80d8ca4e,896460,1362460.0,531.0,0.00039,1,2,246
2025-05-12 21:57:42,710bdb538986cf4551617230b4eb108c087e6675d1d80830b936c3917a527d49,896460,933085.0,531.0,0.000569,1,2,247
2025-05-12 21:57:42,85df797eae9f6232723c1396b00a9c9f82d1875dde3f552600fddb8655f9f362,896460,285478.0,1559.0,0.005461,3,1,483
2025-05-12 21:57:42,9431b4415b97ad6f486ad442159d03dcd042e259ac709d3d41840a1e4b5f4dd2,896460,2372798.0,462.0,0.000195,1,2,194
2025-05-12 21:57:42,ef218379a03c1b8ff00906213784d0c1a36697740d16ef4648a7bf837d383aac,896460,3248595.0,462.0,0.000142,1,2,194
2025-05-12 21:57:42,795b26f42d91634d9e24d7ff9ec9ad6ff1a47cbb88064e6fad5dc5a1237e803d,896460,2394138.0,1166.0,0.000487,3,2,523
2025-05-12 21:57:42,ab1b11d4c04b0083d4780399d89557fd5c06146dbd2e40154f47c121610dc075,896460,480608.0,435.0,0.000905,1,1,216
2025-05-12 21:57:42,cd328062a2e946b84ca3656c325210bc63b7a9d12dab1dad84a2457b6f32708d,896460,2839508.0,1342.0,0.000473,5,2,815
2025-05-12 21:57:42,b0d2e67bcbcee3c21fa0c60af5a80a0123357b5bec485b1360de01dea8270db0,896460,2395757.0,949.0,0.000396,2,2,375
2025-05-12 21:57:42,e78c36d5b94731189fcf8725fe504ea59d0fb9d3a01cec295f7b26f778df8a99,896460,26502.0,462.0,0.017433,1,2,193
2025-05-12 21:57:42,679377bda21b440cda8eec0b2c51d24001b18925071b4927a284620bc4664484,896460,388692.0,462.0,0.001189,1,2,193
2025-05-12 21:57:42,75f96e26bd2c871ab194d232a6f6a35533368597443fa3e2fcbcb5682f40b382,896460,96850.0,462.0,0.00477,1,2,193
2025-05-12 21:57:42,b64212282c7a09e8162a4c82d389bbda58a96bd8f3cce4721e6a81a54e290874,896460,275218.0,462.0,0.001679,1,2,193
2025-05-12 21:57:42,bd36e7d650e14aabf7919fa29f748c7fd763e1949321000c0b53d9c05394ee3a,896460,278442.0,462.0,0.001659,1,2,193
2025-05-12 21:57:42,589b74f621df04e7f6a4ed33334fa4e81027cf3348d16188fd4a08747af85509,896460,58991.0,462.0,0.007832,1,2,193
2025-05-12 21:57:42,412629cfcf279c31362668b7b433a44fdac0ec8f2ea1e673980a6382c83643ee,896460,348691.0,459.0,0.001316,1,2,222
2025-05-12 21:57:42,25347399eb3b0a42cfc72bb1547dff0c7c9acdd616981ffa81f48f041261f9c6,896460,310515.0,459.0,0.001478,1,2,222
2025-05-12 21:57:42,0ab6cf270c8f15e876f536a0ef5299475159aed1a1105cc808db3780d89d7bc2,896460,2394108.0,1342.0,0.000561,5,2,817
2025-05-12 21:57:42,c189b92c7c8a98ed61d5936a2de702b419cfe496a146b9ef2a5129f696a8ed67,896460,1217203.0,851.0,0.000699,2,1,344
2025-05-12 21:57:42,31f1644606833c27f888df6507865f81378fc06abb30f0bb5596ba54b90c4bca,896460,7288199.0,1197.0,0.000164,2,2,367
2025-05-12 21:57:42,d6bb38819692d457d12921e22806cd02cfdf0a8e016f1a8da4e815caab59f8c1,896460,9862126.0,731.0,7.4e-05,1,2,224
2025-05-12 21:57:42,c626cd38fb13c8d7fa31792e0800f52d9f1273b836f269cebed30b4932a18c60,896460,420654.0,731.0,0.001738,1,2,224
2025-05-12 21:57:42,62504dc78d4fe2252ecea8867202d4a2b4c563d423d3247359135a9fa5c34168,896460,1503713.0,892.0,0.000593,1,2,222
2025-05-12 21:57:42,4d560885067d74ddd4a721702452a80d4062782771aecaaf43477411630c799c,896460,1662060.0,669.0,0.000403,1,2,222
2025-05-12 21:57:42,f9b647a6e2ae132c662ec78b8c7ddd19563115d6d8ebeccef71fffd5a4592370,896460,1726113.0,672.0,0.000389,1,2,223
2025-05-12 21:57:42,d484da2e924f03e863ba967cb989f634474993494005af762bb0b1b86c9184a2,896460,1789437.0,669.0,0.000374,1,2,222
2025-05-12 21:57:42,658c50aecbe2f381ce4ee8406b2a3ad2ee2f2f82044337eab8c4f50a0914a474,896460,1280757.0,2457.0,0.001918,10,2,1557
2025-05-12 21:57:42,2c930643607220d84bf619fa4aebe78874e474f564ffab7aad207ebac8983ee7,896460,546.0,733.0,1.342491,2,2,356
2025-05-12 21:57:42,edddb6c844d62224c7152c40d426ca9b901f7ba0eaecc25ba22efb306c9a6fcf,896460,811239.0,731.0,0.000901,1,2,223
2025-05-12 21:57:42,608013da946a571c536917d8880c30995b424acc210b38f7d6e505d95c626684,896460,577488.0,731.0,0.001266,1,2,223
2025-05-12 21:57:42,f51c4f55763486ab954ec1c24e8b09ad042ec20f42e6991ed3ee1ef39f97d86f,896460,727237.0,1128.0,0.001551,4,2,668
2025-05-12 21:57:42,6052fd44b93ef9d2512db0cdbd6f1193af223aad8e066855b7cb901d580dfc07,896460,328932634.0,1128.0,3e-06,4,2,668
2025-05-12 21:57:42,491303dd6ec891338b6c1da3ca6ba3b6b20a3b0b5215a8db10ace8af35792e20,896460,6351221.0,2466.0,0.000388,10,2,1561
2025-05-12 21:57:42,aaff2e37f170c9e42d6d8563193a9eccb6b1d6bda3993f4ce46b8f11caf32550,896460,1509451.0,614.0,0.000407,1,2,222
2025-05-12 21:57:42,b5dddbf87b81d6844e6af5e809e1484203d01087b0215186da47dc2383231001,896460,3225676.0,322.0,0.0001,1,2,225
2025-05-12 21:57:42,b56dddca37a194b886ec4110351427d632ab1cdd6b928041d39464cf8e8e9899,896460,33339.0,608.0,0.018237,1,2,223
2025-05-12 21:57:42,d3ab8fa1385c11d0e56a341ad13f02cd634fe422130c342a40a6ea27159da48a,896460,61528.0,322.0,0.005233,1,2,224
2025-05-12 21:57:42,33fe35bf0a6b8bb0bcb9563f803cbfabe43f7759bcbc8ae6af400f79f2aa95be,896460,107816.0,605.0,0.005611,1,2,222
2025-05-12 21:57:42,b20b68a6953879f461f58923807c148316d3c3fa1a2fcbdedfef78a7962d0275,896460,157154.0,322.0,0.002049,1,2,223
2025-05-12 21:57:42,87c610ac6a7c569258c8ef47f3c4eff8b2cf0b74c2f3d0d31ea4992c2354f3af,896460,110381.0,605.0,0.005481,1,2,222
2025-05-12 21:57:42,b6d67c49a69b0940d7cfd1d921e10abfec7c3454e61f95eb4f1576521225e878,896460,159730.0,322.0,0.002016,1,2,223
2025-05-12 21:57:42,ecbd1e9eaf4fbcf080b36cbefefba7bcefa250b443b799b0a20c7ed669e91597,896460,57164.0,651.0,0.011388,1,1,163
2025-05-12 21:57:42,f489429c6659aa8c3e0630a823f427283b4e259eac0acbd18803abc27658b2b2,896460,57815.0,283.0,0.004895,1,1,406
2025-05-12 21:57:42,741520c39a447fa558defabb646c1b29e0f9b2915d119625533613a6ef5505df,896460,2547855.0,816.0,0.00032,3,1,491
2025-05-17 07:10:42,422497c6f8626562c3fb953da7726a51233faffd8063b4170ae1a1322ef32465,897072,3865618.0,5880.0,0.001521,2,2,372
2025-05-17 07:10:42,9291a25e6abbf1cac42220c06a447bff4e30648d0bc83b7c5ea7773b43f1725f,897072,3102418.0,4032.0,0.0013,1,2,226
2025-05-17 07:10:42,d767820bc99b43fc7b50042e78b50e34cb4bd9af80d10c4f049420d31fd5824e,897072,161728.0,3164.0,0.019564,1,1,195
2025-05-17 07:10:42,f6ef8eec5c018274352587c2778c17a67cbdb1a801c4c9de3325f8c0ca1b380a,897072,117998.0,5852.0,0.049594,2,2,370
2025-05-17 07:10:42,efedef6e6bea228c2fadb71558c75a7bd8908b78878f25d864658abb6bc8e317,897072,321157.0,7000.0,0.021796,3,1,490
2025-05-17 07:10:42,985408c8ed1e30aa2a82a2f0f7d1b9d62f41cec54cb2dee410b21223ab275f97,897072,288256126.0,3983.0,1.4e-05,1,2,222
2025-05-17 07:10:42,b0d3fd60b8650016624a1f9b3fe4fa17e9e58bd5b6c4b0a2e929a27988510560,897072,19996010.0,3990.0,0.0002,1,2,222
2025-05-17 07:10:42,08a2f3f258959135de26901345b88627d0b79c0fef03b50f161f96b6553b2767,897072,342616.0,3115.0,0.009092,1,1,191
2025-05-17 07:10:42,2993d11ebad4ec7816eb7f253a37fb2ba97295db5b896d3c6537ff3fbdb8a9aa,897072,294266.0,4081.0,0.013868,1,2,223
2025-05-17 07:10:42,511cb7b537f47c2b57a5265154888357e92792582944ee46563140da2234b5fd,897072,128630.0,3190.0,0.0248,1,1,192
2025-05-17 07:10:42,94d3f2a0c09bbd811904414ceb56c49e5fe912adae13db8291deb37e62a719ee,897072,422978.0,3277.0,0.007747,1,1,195
2025-05-17 07:10:42,d9f1384763668eac186f17ee7c5c18f4908cd91818fa9948c7014cdd7d240cca,897072,2137742.0,5162.0,0.002415,2,1,340
2025-05-17 07:10:42,f65e5f14f5f45efc840354d249d79cd4cb72068b612c3edd0e946b14d86fdec9,897072,14781.0,3219.0,0.21778,1,1,192
2025-05-17 07:10:42,a2677d42ff3ec2d1cdfdb6018baa41a6878d74187fbcc8defd6c2e7684ad2bc3,897072,1348568.0,4089.0,0.003032,1,2,223
2025-05-17 07:10:42,67bd01a124e9d4457eb548fd8e53f2ff81c7b1417d7ba573337333f00eefaabc,897072,1964810.0,3190.0,0.001624,1,1,191
2025-05-17 07:10:42,e5972f0e81b737c1a30b678419dfb66b3f8adcd7f975db51a2c1584366e265bb,897072,179730.0,3219.0,0.01791,1,1,192
2025-05-17 07:10:42,af05655ab41246d325dd2fc9a4f498c37fed3aef8591758c813f7f7dee6854ba,897072,3377202.0,4089.0,0.001211,1,2,222
2025-05-17 07:10:42,964e216e22e7e329ff3c9b2bb55e4fa12387b8490afda618218e68ff027b2b99,897072,149920.0,3277.0,0.021858,1,1,194
2025-05-17 07:10:42,830a9571ef3fd821742c15d949525b40b26103a1a5a8e5b98ba69bf4f59d028d,897072,3107.0,3190.0,1.026714,1,1,192
2025-05-17 07:10:42,b5c41de81ca877b3888111e84a5b44962f7c005e72bc0fdc12bea0726272e285,897072,192056.0,4089.0,0.021291,1,2,223
2025-05-17 07:10:42,bdbd5246b7e0a634200e7e61b3a3861043da046587eb41a121c32ec5f2374775,897072,39276.0,4089.0,0.104109,1,2,222
2025-05-17 07:10:42,7a0d06e1a0385028d157c07abfbde99c9f48bf2e001584b8fd1c7bafb173b274,897072,251001.0,3277.0,0.013056,1,1,194
2025-05-17 07:10:42,ea1671e7c1b284486790e55200b3760c513ba3fd0336e53cba43da6b29b7a36b,897072,124029.0,3190.0,0.02572,1,1,191
2025-05-17 07:10:42,d176ce0ba4e0593f37fc6726c029117507c157a0431d54079bc1eb1189e0f85c,897072,198940.0,4089.0,0.020554,1,2,223
2025-05-17 07:10:42,4ced60763835d52c9abc9548711e11cf84735737636353e18421b6f29e6d1055,897072,13387.0,4089.0,0.305446,1,2,223
2025-05-17 07:10:42,4c3013f3fae4c37e470051b7831c48a6eebd8caa4a0f26b68a1d98ee7e88b945,897072,68957260.0,4118.0,6e-05,1,2,223
2025-05-17 07:10:42,32ef2239b74ac02304f1b5e3080925e330b0b0ac3b62e6b36d6ddc51fceb5240,897072,346761.0,3277.0,0.00945,1,1,194
2025-05-17 07:10:42,54fc279e8e42df6dcabd40ae74696b2bb87f93153f5e273ff3d9fd4e69f5a531,897072,53465.0,3277.0,0.061292,1,1,194
2025-05-17 07:10:42,65bf1716b6869d4b74893c5f46e2d2f8a7f45e3aab7f38fe431bf6575b49ac2c,897072,366810.0,3190.0,0.008697,1,1,192
2025-05-17 07:10:42,57f5219ea58fa5349ab245df959fd4783830317c13813b80c837a33d5c873d25,897072,62199.0,6148.0,0.098844,2,2,374
2025-05-17 07:10:42,ea4dd35aa11e69937da2131d49e8726acfdbb0de6d62cf22dc11c9ee435e4920,897072,92476.0,6061.0,0.065541,2,2,372
2025-05-17 07:10:42,b985f724c23107ab130f2afd9396e47e0ecf4af0c5de6a6782d79e08b0605301,897072,3750861.0,61364.0,0.01636,30,2,4530
2025-05-17 07:10:42,fefa52235fc6a83091665dcf52849f1a73e6785dc88c24de61938f4c5c64d1c1,897072,2372520.0,11078.0,0.004669,5,1,785
2025-05-17 07:10:42,95b73a98de3c53b51ffd53beb0d2bf05a2641ff0f006ec9f0ed3790e0dd5c720,897072,5877157.0,16297.0,0.002773,1,14,628
2025-05-17 07:10:42,c171f6251f9c5ce1355eb82a12d7cd20f308d8fbe4c085096c24df8b27b16bb9,897072,33949941.0,10059.0,0.000296,1,7,419
2025-05-17 07:10:42,6a73be932391f5b80694ddfad2f309af58fd8c696af97632ecae97c967f13fac,897072,339451.0,4309.0,0.012694,1,2,222
2025-05-17 07:10:42,590bf3e1a0528974ef2f2a5ef55a9a327e5618df741145ff78a59e6fef32fce0,897072,808122.0,6479.0,0.008017,2,2,371
2025-05-17 07:10:42,ec3552b01a6a408075124bc43bb24f38b7b25b1458754683b05c6a868a57391c,897072,196187.0,4371.0,0.02228,1,2,222
2025-05-17 07:10:42,b2e9df6d8ee8df105f96a5a8760e67052adc5ac78ba1e463ccf1bc688d14296d,897072,350000.0,5535.0,0.015814,2,1,339
2025-05-17 07:10:42,a52a3deacfe12397def8504bd4449d96423bbc9627189ab0944557947437d9e6,897072,257246.0,12700.0,0.049369,3,2,652
2025-05-17 07:10:42,3cad442dae91ab91cca1d6846c53837cc2e0b69e754d5e43f20702105e1b51c7,897072,3640799.0,13124.0,0.003605,1,9,468
2025-05-17 07:10:42,fbe7168bd0d36b0f08df42ac284ba279dbb0ddb0aaea08be13e29d2d1ae9ee58,897072,42111896.0,8928.0,0.000212,1,5,341
2025-05-17 07:10:42,f6bda7576c4d497d65ac1648ecf7a31367e5f68533c35c2ee4e5717cd12a1cf2,897072,42853072.0,9121.0,0.000213,1,4,346
2025-05-17 07:10:42,6fe56f2146f552ec23526455ca6f9f0f702d9915388627a04a7a92ae4962cb39,897072,99038354.0,8589.0,8.7e-05,1,4,289
2025-05-17 07:10:42,a5d9b46ff8d81d1975cc3e1741b910dfff184c7aea37ad9d1334f47ee20c476f,897072,53129.0,4576.0,0.08613,1,1,192
2025-05-17 07:10:42,4520e4a64138e60fac713e832f96396beb1b4de576413e2eb7c40798b501164c,897072,236622.0,5978.0,0.025264,1,2,222
2025-05-17 07:10:42,a69afdd94736e000c7dcf933cfb331252f3ce6a59ce1682dd8405346e53c2bd1,897072,968200.0,6200.0,0.006404,1,2,225
2025-05-17 07:10:42,0f66f62b8ae053d76767fa5b48b3da35cc4bfe328f03ecd154f5b40b5ec03a6f,897072,92734.0,4990.0,0.05381,1,1,192
2025-05-17 07:10:42,707ec9d05783222c49660912999df3b508d17e62550351d42b3a36e2ce15e012,897072,5787935.0,6627.0,0.001145,1,2,222
2025-05-17 07:10:42,74f0282499c80b7a1b736806889a43342d25a1ee412fe9418e8fd9194a76733a,897072,1334843.0,5198.0,0.003894,1,1,191
2025-05-17 07:10:42,de0fb630c2dbd414b787f00ca832ced06f7bc393276dcf73c83f33af13955d57,897072,832900.0,7138.0,0.00857,1,2,223
2025-05-17 07:10:42,1969fcd374794ff1a9ec1c3c5ca77042d8ac6ed3c1e82475662f0689b17e01a1,897072,32300025.0,7084.0,0.000219,1,5,321
2025-05-17 07:10:42,d0d78a5e41279c2bc88a456bcf652bf7856cb49603d8c8ce55da702537a9da31,897072,314218575.0,0.0,,1,4,328
2025-05-17 07:09:11,dc53f3bda415a6cf5a58d66b9f954004f9bec03112529bdda8896c8f8a320404,897071,29630.0,182.0,0.006142,1,2,337
2025-05-17 07:09:11,339c492664eafac20074e70163de4c9d998ab7c6c85eb07407f2d8e3b33cf0e3,897071,30142.0,182.0,0.006038,1,2,337
2025-05-17 07:09:11,06b41addc10afd2e2db4acf06a80a90fd35a459006a07bc3f6bb148344b8d5e9,897071,30654.0,182.0,0.005937,1,2,337
2025-05-17 07:09:11,f750ba1844cd10afb2edf20685db86f56c4f671dce5908434969e6186b5eff23,897071,31166.0,182.0,0.00584,1,2,337
2025-05-17 07:09:11,8d9af82a72d041e84703ca72bd3ee3b7fb3dcfcb8612ac9079a30d820ebc3dfe,897071,31678.0,182.0,0.005745,1,2,337
2025-05-17 07:09:11,7e8c7fa456ac5d5b1466cdccb94566c38baffd58ba888441b16dc5f7761dba98,897071,32190.0,182.0,0.005654,1,2,337
2025-05-17 07:09:11,d563e268b40c81c78da4c228d65aadcc15bba0d923b485a439809147389b8486,897071,32702.0,182.0,0.005565,1,2,337
2025-05-17 07:09:11,03a6f3cb341dc89dd0892880e97dc67b6c1e6bf442c0bdb0249ee6a7df8dd94e,897071,33214.0,182.0,0.00548,1,2,337
2025-05-17 07:09:11,15667328e8c24faf0f8530f6dfa6fe70a9b2d4bb43123d36ea5ad8263f596663,897071,33726.0,182.0,0.005396,1,2,337
2025-05-17 07:09:11,082bc9b3de075ff99f27ef04b8378c96dcd039d78775d4d113ba5c26a4643e42,897071,34238.0,182.0,0.005316,1,2,337
2025-05-17 07:09:11,77eb85dacf6a7950defba758cef061b07ecd1615c2c4ce38d4f956324c972d9b,897071,34750.0,182.0,0.005237,1,2,337
2025-05-17 07:09:11,041aaf1e3f68542e15e2f36928eb25ded8b5d5ff60addbdbdc9aec51edd4615e,897071,35262.0,182.0,0.005161,1,2,337
2025-05-17 07:09:11,b1f0e3f8aa0bea1d5fd28fe5dd3b84ea10f196eda75dcf7a8e5017a8c268f845,897071,35774.0,182.0,0.005087,1,2,337
2025-05-17 07:09:11,111692ec2a6e52e930d3effb18386baad068e53f339569fc9c6b684714a99fe2,897071,36286.0,182.0,0.005016,1,2,337
2025-05-17 07:09:11,7bc21510a87d540e79138e01624690638663e035c238843074d1003e6cf5b7c8,897071,36798.0,182.0,0.004946,1,2,337
2025-05-17 07:09:11,496ba134773720d0ed2fd0441db406c1a5a8939612b7425c227887769e206d7d,897071,37310.0,182.0,0.004878,1,2,337
2025-05-17 07:09:11,a8273fea8a4d749c9e9f8f2f800aacae3428cb27b4c8d19396729bedd68941e2,897071,37822.0,182.0,0.004812,1,2,337
2025-05-17 07:09:11,a6bbd5ec96e961a48a7f1ce26e82b3b7447dd0fc371bbd3a45135e6ebe612070,897071,38334.0,182.0,0.004748,1,2,337
2025-05-17 07:09:11,fefcdf8948ee3932c02a169c45c3645a1c4978dfc4c7e930359b3dea43733a7d,897071,38846.0,182.0,0.004685,1,2,337
2025-05-17 07:09:11,367da2307d436623e8d6c1bb5cffb645a9d19475d094823f0f2814d6416ff010,897071,39358.0,182.0,0.004624,1,2,337
2025-05-17 07:09:11,ed3ab1ef06785462edddbac5bbe4ecfc0f6c27173c44d500367cd7390ac118e5,897071,39870.0,182.0,0.004565,1,2,337
2025-05-17 07:09:11,0b1de5143ec2ca0daddaf45643d50258fe06216a8012dbe72f585fcb83f614ca,897071,40382.0,182.0,0.004507,1,2,337
2025-05-17 07:09:11,5cb42e88dab8cfffec2bc9288c0f0da64cb84dfffcac99f4a4817951d6cb9b64,897071,40894.0,182.0,0.004451,1,2,337
2025-05-17 07:09:11,00c9ecd28f28537971cb84a93201578b7b6cb64ee0bebf904ea0985514435cfa,897071,43476.0,145.0,0.003335,1,2,193
2025-05-17 07:09:11,19e8411bbe855de19b932710d748f685a06850384bb61b69e34a2ad5e348cc19,897071,18064.0,182.0,0.010075,1,2,337
2025-05-17 07:09:11,323eaae03310ce72fabd7d72b870cf0f4c2bf0b948f4e692629576f20917c675,897071,18576.0,182.0,0.009798,1,2,337
2025-05-17 07:09:11,5dd9daf193360fc71e6658981ed1e875c68e397edff584fac8455c6f39eee6c3,897071,19088.0,182.0,0.009535,1,2,337
2025-05-17 07:09:11,90a7cc65b9b64ec87e0fc903d81d5f676350ba683f8535735a47115d5d7735d4,897071,19600.0,182.0,0.009286,1,2,337
2025-05-17 07:09:11,45361b9491709785bd0990300a3b895147ac42239de2599d07a26a9c214ecb35,897071,20112.0,182.0,0.009049,1,2,337
2025-05-17 07:09:11,17dccbd93b6b7dca08d6f7bdae25db34e7cfeaedc57754f9b2afb2d19397d896,897071,20624.0,182.0,0.008825,1,2,337
2025-05-17 07:09:11,53db60f3fd6629e91504675c6dddc2070c4871c7316344014c33dc0c37f5b1ce,897071,21136.0,182.0,0.008611,1,2,337
2025-05-17 07:09:11,1a245f01dbc4c6f6cef1ef75e0aa8a8bfbcf9e55a05fd1229b7d004ef9813e8c,897071,21648.0,182.0,0.008407,1,2,337
2025-05-17 07:09:11,f5e91f2e09985d770dfb8a8f61d3a62a53e243e75bc172adb1782585ffdfd39f,897071,22160.0,182.0,0.008213,1,2,337
2025-05-17 07:09:11,ae9cfecce442865a9c6b543418f886ce65447712d2a4335ee3ce436f83852aad,897071,22672.0,182.0,0.008028,1,2,337
2025-05-17 07:09:11,cd4162edf64a812addc168d0749e2313535facbc03dd7c037388ae2401d1efb7,897071,23184.0,182.0,0.00785,1,2,337
2025-05-17 07:09:11,d289549d3c10819848d5401985129d8b941611858c00711ef61239d801fe7992,897071,23696.0,182.0,0.007681,1,2,337
2025-05-17 07:09:11,4c8cf8d2152db65c6b743bfba822d63a18273e43dd6c2579a826bfcb80d06e2a,897071,24208.0,182.0,0.007518,1,2,337
2025-05-17 07:09:11,4e18470278a1d8f76689dfe19fca1fccf8416f44dca871edb9a322af006195f6,897071,24720.0,182.0,0.007362,1,2,337
2025-05-17 07:09:11,03e15f47208722ef5da955c067690e374c5e280e7eecf689121295b79876b773,897071,25232.0,182.0,0.007213,1,2,337
2025-05-17 07:09:11,9258a15648450e4d07f8fcbb655e04afbb837015c0d370762ed5156dd8bffa0e,897071,25744.0,182.0,0.00707,1,2,337
2025-05-17 07:09:11,5de225b55c96d9fb12c21e915ae270cb2e5b952704c616337f9c6da525aa8985,897071,26256.0,182.0,0.006932,1,2,337
2025-05-17 07:09:11,63d6e1383f65c27df66730f914f1a748df0c56ac05fa5d481e42b7504e00d7c2,897071,26768.0,182.0,0.006799,1,2,337
2025-05-17 07:09:11,900bde6a985a18d8ef867ef816454170d4a377ab7ae8372e59142f69d9b52d88,897071,27280.0,182.0,0.006672,1,2,337
2025-05-17 07:09:11,82f86a3570105559391834d02889038e8abc128ee964b096a6a006d75b9c1c2a,897071,27792.0,182.0,0.006549,1,2,337
2025-05-17 07:09:11,ed282ad3f47e059689cb6be176b513906578c9271baa7ac4629c78645c819c69,897071,28304.0,182.0,0.00643,1,2,337
2025-05-17 07:09:11,5a0d662ee9b17055249f3ba8833283f110b647b26dc65936f89130020d9a8538,897071,28816.0,182.0,0.006316,1,2,337
2025-05-17 07:09:11,57982159879be7ebbefb96ed98273faac304fe453f756ce8fa7fae04de5f850f,897071,29328.0,182.0,0.006206,1,2,337
2025-05-17 09:37:04,cbdf3728156926f43286c3e873b1083b89618f70505a45b6a054e93fc83d4e11,897084,481476.0,1024.0,0.002127,1,1,189
2025-05-17 09:37:04,752f41e307601a3440bfe99e7f6470be23d90df8684a9966641c5ee2899592f6,897084,176606047.0,1172.0,7e-06,1,2,408
2025-05-17 09:37:04,e4ea5d6c17b27f523c5967345483854c9fe92128756cd7b8710894af48a1bba2,897084,6917221.0,52203.0,0.007547,141,1,20980
2025-05-17 09:37:04,4fb290bf001275580f917b1febbbce10b063cdc93c7e7782cb3600a24a521ae9,897084,12904935.0,1581.0,0.000123,2,2,374
2025-05-17 09:37:04,c844bef011bc6d48a45d5996da09142cecce7fecfc8598b17a315bcbe4a14554,897084,17921.0,1581.0,0.088221,2,2,374
2025-05-17 09:37:04,753d811a91b1e44318df6c8c327d32cbf27132e1d4937342ccad7a57203a24e3,897084,3001.0,641.0,0.213595,1,1,192
2025-05-17 09:37:04,8007961bb52655f3379ee0bb0b1642e26abd7ef201af2c129a96c368d260dcf9,897084,14851.0,804.0,0.054138,1,2,223
2025-05-17 09:37:04,49bb8709767500d0056ef07feffa83d87440a02c5eac9e6c6bdf5b0536952c79,897084,29651.0,2598.0,0.087619,1,2,223
2025-05-17 09:37:04,7374cae3d2aa10700944a2c7a2bbc762b216c175e7e2ad7b226a2d3be03a8181,897084,513320785.0,1608.0,3e-06,1,18,730
2025-05-17 09:37:04,498d11b2792ffb7962867be2ee10e54de1fb3b6fa8159d30e597f631fa22b0e2,897084,291517.0,901.0,0.003091,1,1,192
2025-05-17 09:37:04,e6da4feea9e498c014eb417c0c9203adfcbd61601e33c88b9387b6f7823f1d14,897084,20393744.0,969.0,4.8e-05,1,5,315
2025-05-17 09:37:04,1095b2e31258bb1fb101d047d456714ac83783db6dfea61ecefe3938381b2ae5,897084,5240267.0,1523.0,0.000291,3,2,523
2025-05-17 09:37:04,ef7dbf7f3ca77f6adf34f55570bb7934057ddea49867ad99e4f32a517333ef83,897084,163323.0,3340.0,0.02045,6,6,913
2025-05-17 09:37:04,435861d5ed149c829121f8e006deb3541b3c6e47e9912cddcb87ca5404f8e608,897084,75154.0,666.0,0.008862,1,1,193
2025-05-17 09:37:04,ae530c74ad8cdb7db684dba84c496d7ddfce85315179b82ba234a485f38d262f,897084,150219.0,705.0,0.004693,1,2,223
2025-05-17 09:37:04,d0030dcac8119760a8fac6a5429a70c7d6ef4105c92277a42da6e4a4f0d14d73,897084,83300.0,690.0,0.008283,1,1,191
2025-05-17 09:37:04,59a7f52e0ad152678b1b7bf56fc596194c2c2e9759eb74767d1542c87cf6a9a3,897084,83990.0,508.0,0.006048,1,1,191
2025-05-17 09:37:04,2950c7b9176e36b274af7187413b02ba250ff3d96e224de742d2ade8d9a2cade,897084,261205.0,1767.0,0.006765,2,4,429
2025-05-17 09:37:04,7c7aa291e1794a330d37fddb7e779aa43d992eb2db9cc0fa61346fdcbc1cd5ed,897084,262425.0,1153.0,0.004394,2,1,339
2025-05-17 09:37:04,4d768892822a489d6c3d1d799c6a1ba614a8d8fc4cd486b0a143311acf634baa,897084,14388.0,705.0,0.048999,1,2,223
2025-05-17 09:37:04,a59ed6fb093bde3847c0fe1600a7e91006d7c8b145bfdc39b87e437b0b333588,897084,258578.0,2920.0,0.011293,8,1,1230
2025-05-17 09:37:04,fb638fb3ed6e1adacf5b76185558c343fc9592111b447a23a373e930130b2fb6,897084,3417401.0,1218.0,0.000356,1,2,223
2025-05-17 09:37:04,43f24de2c265fef61daaa09b7bceb497d3d045e41483d175e7a7cb34f2952f95,897084,563785.0,1218.0,0.00216,1,2,223
2025-05-17 09:37:04,2022092b0a4ec4ebc6e5ddaaf7cb760cc6f4b3566814a699cf279c7d9e5cc391,897084,55200.0,1218.0,0.022065,1,2,223
2025-05-17 09:37:04,215bef98863ecde2e063f9d92c392975e9c0438e70853cf2203576c81d3a257e,897084,209632.0,1218.0,0.00581,1,2,223
2025-05-17 09:37:04,07a20f1e50e082ae7c1f8729a0a20b25fc3f67b494c2782cb0d1ef2f6882b09e,897084,259000.0,858.0,0.003313,2,1,257
2025-05-17 09:37:04,69f9775b0702f2f3ceb223299441556eef910393a3e3e2c09d78ebcbb84ba63c,897084,527546.0,1880.0,0.003564,4,2,666
2025-05-17 09:37:04,f39e95f20939b1613bf1dfd8eaf615f7744a408c92eace92f6f4495caa05b88a,897084,130923.0,823.0,0.006286,1,1,195
2025-05-17 09:37:04,9c103be9312ad768e1d06603895e9c5f1badfd0c47a50c43acff6ef880a376a2,897084,131746.0,396.0,0.003006,1,1,192
2025-05-17 09:37:04,da459bcbc61ca5a1fa2ab01c522c0f8fb810c4622620bc33c31389b26b27ddcf,897084,1449224.0,1161.0,0.000801,2,2,375
2025-05-17 09:37:04,a375508ebee40f6758e10fd41c4cf76a632f8f51d0668d86950887fda6709652,897084,200340.0,1161.0,0.005795,2,2,374
2025-05-17 09:37:04,c88ba0e8a4c78746a3690424ac03aac026337ccfa90f74a09afe0e1c8596dc21,897084,254057.0,1161.0,0.00457,2,2,374
2025-05-17 09:37:04,41b096d3a5474936da08191526712e62ec6d10ef9d0221af6d3d73f910c00f13,897084,316532.0,1161.0,0.003668,2,2,375
2025-05-17 09:37:04,d1e9cfaabd6af299b635963eaca88b2b5595971eabd4df69290136dad9706894,897084,5716257.0,1304.0,0.000228,1,4,319
2025-05-17 09:37:04,6b05586d461ab6dd744dc04573e6641d2529cca68e525beea257f4e350f82eca,897084,1173183.0,905.0,0.000771,1,2,246
2025-05-17 09:37:04,cd6566f15d91f5dbe29c121a0da8873399f9fcab9e7f005860e93258277926f9,897084,9095970.0,1218.0,0.000134,1,2,222
2025-05-17 09:37:04,372171ba3b100704b1ac5efed821e288a0e0689e1b7313302aae9a0437121fb1,897084,5042186.0,1218.0,0.000242,1,2,222
2025-05-17 09:37:04,a66584b1aab97beaaafc535f006636f4f7952ddb114d1d48c7590a8d3ba699ba,897084,199046.0,846.0,0.00425,1,2,222
2025-05-17 09:37:04,e125f160c934abd39392af1f20f266fb46307d01a6333351a13fbceea71a82f1,897084,339892.0,720.0,0.002118,1,2,225
2025-05-17 09:37:04,9b3e80c8013a679aaac1144f2eeb08d3471e631295a1172edf2795f27030b7f2,897084,284198.0,1132.0,0.003983,1,1,464
2025-05-17 09:37:04,6937256f69790ca696d23d277b836eecd5a864b1a9a6a66b06d25bfb224425b2,897084,94274.0,621.0,0.006587,1,1,194
2025-05-17 09:37:04,9fac4a877e9a99ba6bd6c2a0b1b0f338bff1d0a03d52b5f55fa6fee57974249b,897084,15405.0,621.0,0.040312,1,1,194
2025-05-17 09:37:04,ed9f28d7d60ead5e4a8b84a11121e29c098c14e8ea0a5b684e72a4a74c6de461,897084,546.0,929.0,1.701465,2,1,269
2025-05-17 09:37:04,c8e4677ac5c6dcf82d8fff3e433244f87d6a3f9416161b73309300ea24cf1424,897084,22115.0,846.0,0.038255,1,2,223
2025-05-17 09:37:04,a29bc1ebd97888fd2dcb2a9a82f8557e0c0c76783bb54431125a1b5d882d9efc,897084,47117.0,846.0,0.017955,1,2,222
2025-05-17 09:37:04,12b894bee36cfdeae54c904d9c1638cc16e2e116b01b8dd5c3e45594c8c034ea,897084,55692.0,705.0,0.012659,1,2,222
2025-05-17 09:37:04,bc97b7884e5c0757ca558157c5f6a557a57ae8c60711bc28bb064557c8b0bd9e,897084,95020.0,720.0,0.007577,1,2,225
2025-05-17 09:37:04,508912027c66c1d5debdbb759f91ec13480eb9d213835c08e1f594debc39c66d,897084,29116.0,1116.0,0.038329,1,1,461
2025-05-17 09:37:04,c7c7c1fc04162e13fbd84227c893ed929a698ed2834d82c57ecfe0b471256669,897084,299388.0,1523.0,0.005087,3,2,520
2025-05-17 09:37:04,95b7b26b452f25841cf47a32d7c9e6e40f6e79b653fad13de44eecfc714c52e5,897084,114875242.0,1032.0,9e-06,1,3,253
2025-05-17 09:37:04,6ba3483b688eb91cfeab0cc1abfbfaec03d642b94b7d5f07dedd27a284e0d72c,897084,114947146.0,860.0,7e-06,1,3,253
2025-05-17 09:37:04,ba50a7494d0fb57f52c023387340d1e5f950b43fa4456c913c8e06b8ff9f6180,897084,32995.0,605.0,0.018336,1,1,191
2025-05-17 09:37:04,e9834d02895715159506dab5c22a3743af665adefc0d9e7678b9f43bba6d1f47,897084,109395.0,605.0,0.00553,1,1,191
2025-05-17 09:37:04,3e12f57cda0bf804004d0f4d35454f3c11083c0c640d1a08f3f6e2e3627aa827,897084,22710.0,605.0,0.02664,1,1,191
2025-05-17 09:37:04,2a8bc8bede34fa410a27c82875566666a4c863e6a489326874b7c5df2fae79d8,897084,63982417.0,18255.0,0.000285,1,96,3509
2025-05-17 09:37:04,760ca8aed17b671bb8f9637ddabca466d58aae2a9f29338245d27034698f79dc,897084,61554.0,1161.0,0.018861,2,2,373
2025-05-17 09:37:04,ad0970ef5e37f23e411d6b244fac67410ec378fb9881aa04e36f0c4d5c915a95,897084,183636.0,1161.0,0.006322,2,2,373
2025-05-17 09:37:04,ecced0a8dfaac8084f4db121eab913fa065ced9707ee646666198348c8621063,897084,727982.0,1161.0,0.001595,2,2,373
2025-05-17 09:37:04,477808e8ece61ba2e94b3d3ffec601b6200f2250be645e7f26fb1f2cdac9d015,897084,204128.0,1161.0,0.005688,2,2,373
2025-05-17 09:37:04,d2071548ddf31b9aa286a4daf0c1612e70f5269929aae47f511fe153792c360f,897084,44132826.0,1238.0,2.8e-05,1,2,381
2025-05-17 09:37:04,729045fd842344cb24968d27357a9bc6edee9d3f33114c1ab8bcb7d422b3fe10,897084,44510936.0,1056.0,2.4e-05,1,2,383
2025-05-17 09:37:04,14fd0873118a76647fc58aa9b1e123d3cb978103ee4d88bc7d51f719a4f33e6f,897084,45159721.0,869.0,1.9e-05,1,2,383
2025-05-17 09:37:04,018e6d29730f0cb76647513403eed79aff473a0c82af3f1ae19513540085c41f,897084,369449.0,1218.0,0.003297,1,2,221
2025-05-17 09:37:04,48f0a433fdfb6de6152c4a56f4129f56d7f526aa4e712c1b8dbe43c0fbefbbaf,897084,247828.0,6955.0,0.028064,15,9,2006
2025-05-17 09:37:04,f8294536740d18ce96dab64320c9a19a19a0d2a0ba2ba2a200de90a13de7c563,897084,1511424.0,1532.0,0.001014,1,2,382
2025-05-17 09:37:04,71d72a11c16357ff9c374d68aa9a2e77ce6f7bc1ba5e7ae44b2d2f47c38a2f3d,897084,1530855.0,570.0,0.000372,1,2,381
2025-05-17 09:37:04,aadc7f218ba309f3bdbf004f813e7ba8f1683e8383f357d810a555957e37a319,897084,45049867.0,1523.0,3.4e-05,3,2,519
2025-05-17 09:37:04,fae7a636d259ed87d478418c3645b496a5f8f221d1ecf49a8eedb026d1bbd445,897084,82277000.0,1970.0,2.4e-05,2,4,738
2025-05-17 09:37:04,9677ab1cdf8412c434eae779f0f1866d6903bd1bdaf2a062d78a77fe8a749732,897084,601563.0,1866.0,0.003102,2,1,338
2025-05-17 09:37:04,e27877d4afeee5c39ec56f1ef4a80ef816becd1298cdf0b6d3a078a85b455a1b,897084,1513350.0,1360.0,0.000899,3,1,489
2025-05-17 09:37:04,799c6d7c59211236ad11249eabfba5e701f698e9322b81ed03d15293672b9fde,897084,6213985.0,1161.0,0.000187,2,2,373
2025-05-17 09:37:04,4574a328028704197bf3918e6be0ac6215c010548f85627d5306f236f0f94dc6,897084,1902718.0,1161.0,0.00061,2,2,373
2025-05-17 09:37:04,92fc12f780c830e323c83e489748eb033eebdbea109b7baf8141b7c22ad6fbff,897084,4175.0,625.0,0.149701,1,1,194
2025-05-17 09:37:04,c4e1351a2071920b93a14a26cdf5622ae3f874e9ef1494007ece8282e03df91b,897084,11641.0,625.0,0.05369,1,1,194
2025-05-17 09:37:04,2725327a7446f2e54f778549dea3db22e9d62220e639b507846b00552a953997,897084,10014674.0,1062.0,0.000106,1,2,384
2025-05-17 09:37:04,0718b30c4c161bb047c980c79d974352f09b4b0cfd4dbfbd124f5908e8724fda,897084,60133.0,780.0,0.012971,1,2,222
2025-05-17 09:37:04,1bfcc35fcaba9ace72cb1eab54a576ee6aaa9de333639cf48e849286d7d9c0d6,897084,70908680.0,1112.0,1.6e-05,1,2,392
2025-05-17 09:37:04,84244388cc50e26da40bc0714bd6565211a3ba8ee085f9b3e16f9c688ed5eca4,897084,4225670.0,1046.0,0.000248,1,2,379
2025-05-17 09:37:04,c828a81ebae03e7a7a8a071f4564523dd58e047c561d9bbc2de7f8e208f1bada,897084,2066477.0,6051.0,0.002928,9,2,2802
2025-05-17 09:37:04,48c9d412308937f6a03a19ddafc5d7e7aeefab0263fd46f33a2f5caa0b36a6c8,897084,1421595.0,2399.0,0.001688,3,2,1003
2025-05-17 09:37:04,f7dd755a621c9e2fb01c9ab6e6a8a855543fcaaea3b66de96390c402951f512c,897084,114953.0,1876.0,0.01632,2,1,338
2025-05-17 09:37:04,e9425db7b48cfc365b62025e514dc646704865bb4e019267b1bc898282ce30cd,897084,6492812.0,1161.0,0.000179,2,2,371
2025-05-17 09:37:04,8b6a17b75b2ac99b627f26a23ab0cc45667c93947dce6dacb2b572d65bbc89a9,897084,97285.0,1161.0,0.011934,2,2,371
2025-05-17 09:37:04,62f10b755dfd96f0c5ba3141d0afb3003f63bc1ac7418ec3fd90ff28e1807a42,897084,952512.0,1161.0,0.001219,2,2,371
2025-05-17 09:37:04,c466f8f8f36f2fb69d30706705df0a0eff3037d0829c5cd8996e5f9e822cad3a,897084,21567159.0,1161.0,5.4e-05,2,2,371
2025-05-17 09:37:04,8dc5f0ee05e9610ad12ce7487481f720607260931ddb878d8a78c8d794ac4918,897084,10642737.0,1161.0,0.000109,2,2,372
2025-05-17 09:37:04,e37ef6f63c95bcd38974753566fd530f5ca066a0b75e3d62f9832e7b0a4c1d18,897084,1048839.0,1161.0,0.001107,2,2,371
2025-05-17 09:37:04,e5185dc9377e720a40fe928f55b328e0e294078d9fe928f0feea57e42d9b1c17,897084,1796314.0,1161.0,0.000646,2,2,372
2025-05-17 09:37:04,d0771c7f4e2c69c23d39d1e3f734f943e9fd23602f5f1ce78972c46f37e53235,897084,135700.0,785.0,0.005785,1,2,222
2025-05-17 09:37:04,ffd381706f18bba97cb11eca99a8a07b3789f68a0d9874b389eae47bcee74d51,897084,270080.0,852.0,0.003155,1,2,235
2025-05-17 09:37:04,b39719be49806a5a3055b72cbb24a8e4bf01877971a2e2a8439cf2d00295f84f,897084,1767100.0,786.0,0.000445,1,2,222
2025-05-17 09:37:04,d43be10dc440099031482abf65b5bdf44073ba98f5081e25cf2776141d14eaea,897084,39821.0,1680.0,0.042189,2,2,371
2025-05-17 09:37:04,95fb2b707998dd1f24bda028974d61f9a75e09ba4065e8a656ef03428b7264d4,897084,23765.0,288.0,0.012119,1,2,225
2025-05-17 09:37:04,e50763a5bef58bcbaf06c3bdc59d38ed1c24fbdec3133e81cf57bdf9f97f3d40,897084,46890.0,1332.0,0.028407,1,1,193
2025-05-17 09:37:04,07a7471edea3febd5971648930dbbb6a7f4e4fcd19e5bb36905a7638076c4e5d,897084,917236.0,843.0,0.000919,3,2,522
2025-05-17 09:37:04,8094af5fdcf08181b5117f0c81ea33cdab98bf5008b6ba7f7ee8953dae56cec1,897084,375757.0,1161.0,0.00309,2,2,370
2025-05-17 09:37:04,c25084c00b32177ef18e93181b55106aa014a7f3597625525628fa72d3d12fae,897084,43323.0,1161.0,0.026799,2,2,370
2025-05-17 09:37:04,7189a960dad2eb6b8e49c495972ee09a0eaeebc52dc893a0d4568df1d11d0b80,897084,2136438.0,1161.0,0.000543,2,2,370
2025-05-17 09:37:04,c8c63bc95e2f50dae2394925347152926cbeddf9143aaa1df2f90a24c6510b11,897084,546.0,1136.0,2.080586,1,1,319
2025-05-17 09:37:04,d64bdebbd99efd77b69e9ae18538e7dd27e798b93c9efbf9f8d5dc02925dcfd0,897084,1115163.0,1224.0,0.001098,1,2,234
2025-05-17 10:07:32,4c04ca167fa9b119192237c60fd7d74d6292ba571c2e90c79f9808c254c9cd2f,897085,233207.0,842.0,0.003611,2,2,375
2025-05-17 10:07:32,281559e0b9b059e1be1b121d1496f5e315e0754a04a1385430064615bec2ccb3,897085,400347468.0,566.0,1e-06,1,2,223
2025-05-17 10:07:32,ea1882323c8a9616f257d5adcb3be8da703cd92e8af9055edb61068b9fde3e6a,897085,401318842.0,558.0,1e-06,1,2,222
2025-05-17 10:07:32,956ad0be08fd770a23f74dc234c477eafd54cb83f0238e87786dbd67f24677dd,897085,50008861.0,572.0,1.1e-05,1,2,225
2025-05-17 10:07:32,7261c21deaff414be2cf57245ae5079f75745e5b359c6b11b2914aedc8dfdcc6,897085,12236068.0,437.0,3.6e-05,1,1,191
2025-05-17 10:07:32,ed00340830dcb68cd5def0ba2507a6b9e48462de5543988013c0c334c424452c,897085,58935.0,878.0,0.014898,2,2,383
2025-05-17 10:07:32,042fa75d7577fe992b6bb74d7f93ff87bf79af9372a328656899b30b55059240,897085,180187.0,441.0,0.002447,1,1,192
2025-05-17 10:07:32,81e655504799a57d75093ad26e0aab30fe88c5da381f162d2ae3e666fbbecc3d,897085,1199356.0,441.0,0.000368,1,1,192
2025-05-17 10:07:32,10af8afb07cacda17dde5434c42a32ecdae0020f27796cbe7996e889edac71ca,897085,774247.0,449.0,0.00058,1,1,194
2025-05-17 10:07:32,930258d3772980e08b486504cc3fa118f9eafcd448f82d48d0db5998235a5816,897085,42757.0,449.0,0.010501,1,1,194
2025-05-17 10:07:32,17d3f3ff5d622d3f57dc9dbd4c0292ef39a0a362876fed507d7863ea4c6b2c33,897085,138547566.0,40752.0,0.000294,150,2,22345
2025-05-17 10:07:32,4ced2cd330bc43a0530f7be5a57bb8959dd8e6bbf7576b6d913219bdf537a373,897085,12712062.0,1908.0,0.00015,6,2,964
2025-05-17 10:07:32,cad73569a5ad318cb486d71a4be754408391801e35b88d4c54e2427e24ebd094,897085,818766.0,1638.0,0.002001,5,2,817
2025-05-17 10:07:32,5d3b21c9b1b5d7b426ee54d790656eca193f7adbd37dafe3788d98b4373c7fd3,897085,12383992.0,1098.0,8.9e-05,3,2,519
2025-05-17 10:07:32,d230b192a759f1e12662d21e540cba83319490b94b949d7bb05fd4c6c5b1dc5e,897085,1370759.0,1098.0,0.000801,3,2,519
2025-05-17 10:07:32,505ca849865755ab6884d07be531826c5950ddc83e534caa82ec6b96f0847906,897085,222379.0,1106.0,0.004973,3,2,521
2025-05-17 10:07:32,f84ff60eecc59ff824b55f0dfdf34ac60024987badbe06350a801f1efc56abec,897085,76976.0,561.0,0.007288,1,2,223
2025-05-17 10:07:32,2a950ea784daf38d607e50d0b0adcfb3c9c6cba84fd42834cb5e5c29a074fce9,897085,122914.0,561.0,0.004564,1,2,223
2025-05-17 10:07:32,9e78cc63af2c5382880edb828e1ff0b8256f6e62026b7bf8ff2f26878c61b1c7,897085,294461.0,561.0,0.001905,1,2,223
2025-05-17 10:07:32,4bb4384a4cdeec90dfc3a7e788644856030ec7792863dfed64b668b655d39598,897085,103945.0,561.0,0.005397,1,2,223
2025-05-17 10:07:32,cc678af233870d28dfe26fec07abaf5b386d9e0492643ea98a5f9d816fab928a,897085,133504.0,561.0,0.004202,1,2,223
2025-05-17 10:07:32,2953b46fe855fa9ff1feb1099d36cb5b62a81093ab954a506896035b80e72783,897085,53102.0,561.0,0.010565,1,2,222
2025-05-17 10:07:32,ea8617c9d5d3d53ba702ade1f4bc177fe0946dd755db8b848044715cb9130135,897085,93746.0,561.0,0.005984,1,2,222
2025-05-17 10:07:32,dd08ef8d6466ef75cffe3a21265dfe1b02576b270582b300860c1e0dcb41ba27,897085,1410777.0,561.0,0.000398,1,2,223
2025-05-17 10:07:32,a8ec74fcee7ee2d14be8aa9367951e1b01feea13d7c0104fa192946e29c01f16,897085,37905.0,561.0,0.0148,1,2,223
2025-05-17 10:07:32,5f5b955dd5c52de7a62725dc41d314c2e5af3fc0fbc03b6ee8193d9161c0640f,897085,152448.0,561.0,0.00368,1,2,222
2025-05-17 10:07:32,63c2e42570843c34d2239212d71c36b26e1d7cc57459f70e11ba5987bf116100,897085,181988.0,561.0,0.003083,1,2,222
2025-05-17 10:07:32,3ecd256dc43d99d0c8534f823b35458810bcc6227a57c1a791b46d6918f229a9,897085,2239240.0,760.0,0.000339,1,1,191
2025-05-17 10:07:32,3ae09e6c1d3c02fb81abda9d5293b1fd94391657399eece2e1072a558d76e583,897085,4869240.0,760.0,0.000156,1,1,191
2025-05-17 10:07:32,3df6ca1c04556a649dacb02f012dce8e6c7ada6751c30a1b8f1d5cc329f2a62c,897085,159240.0,760.0,0.004773,1,1,191
2025-05-17 10:07:32,8291c65d438c61091377f0d549f6adc0b81aa2cf6864fe362052fd2661f14799,897085,1257458.0,573.0,0.000456,1,2,226
2025-05-17 10:07:32,b6de5e6b793f214ac6c8c8f8b810fccc5ec9ead0fb65e334eb623db8ba9fd88b,897085,3587908.0,573.0,0.00016,1,2,226
2025-05-17 10:07:32,a8fc089357bbe1f602d3ae40015d597456240c30e15a2459d9b1324e1107834e,897085,3370436.0,577.0,0.000171,1,1,226
2025-05-17 10:07:32,24a96f7ca7fc98aa8518d1665a4136db098b7f88d36ef1a296c27fd67f02b9fa,897085,2888803.0,828.0,0.000287,2,2,370
2025-05-17 10:07:32,3fc81809812f41a69ccbb7e15c62195df285829c84612d7f9762c921b0dc7ba1,897085,1706294.0,836.0,0.00049,2,2,373
2025-05-17 10:07:32,e5d7f155c1c18787c256b031516f847b49e98921d3c0096de3b9898b4ac0163b,897085,89458.0,836.0,0.009345,2,2,373
2025-05-17 10:07:32,945aef99fb19941bd455014667547c82c227c8cc4ff29428642b5a4a4e8733e8,897085,40123.0,438.0,0.010916,1,1,191
2025-05-17 10:07:32,2aba1936931da36b36e5e3607b374882cda2aa076c02286520555532effba39c,897085,39464.0,438.0,0.011099,1,1,191
2025-05-17 10:07:32,dd529cd4b8b537d97dd2b79290a0365ae794d730fafa0fa0ae1dd03f3c16fb85,897085,578936.0,438.0,0.000757,1,1,191
2025-05-17 10:07:32,22dfa935d726d694e66d5441b614fa4196f8ed211ecc61a0575c8a3b8c9f2a5b,897085,44978.0,438.0,0.009738,1,1,191
2025-05-17 10:07:32,5943ced95ec8961062ced50a526d6268f2a296b4dc7e31116048f65493d4d742,897085,11794.0,438.0,0.037138,1,1,192
2025-05-17 10:07:32,0a77116bdc0742365d4e252d70290a0dddc0e97029d7098ba29e024cada3c3c4,897085,190788.0,450.0,0.002359,1,1,194
2025-05-17 10:07:32,c5466dd3a050cdbadf9e33204d1af6272e11602e7716fc41113882c3996a3f31,897085,466409.0,450.0,0.000965,1,1,194
2025-05-17 10:07:32,784692e5dcb86266492af2561ee0be57b96abb25b88df0b8e26c2cf86d7aa3ae,897085,96464.0,1916.0,0.019862,6,2,965
2025-05-17 10:07:32,913c8ff94e81dda52256ffd03be516e2a5eb495c6fe3617ca1870ff0bfb2db3d,897085,61754659.0,1916.0,3.1e-05,6,2,965
2025-05-17 10:07:32,e5b2ec9efc8ad08c71e3cadf162203617745f4798afa2a3792b89abd2706bc86,897085,9410.0,721.0,0.076621,2,1,343
2025-05-17 10:07:32,e883a2421583f396ce60b998142a0d6b93edf759e4f04eb2c232f84d2c23cc98,897085,15718302.0,1928.0,0.000123,3,1,484
2025-05-17 10:07:32,6baa3db451d6667b4365a13cb423130d1ef7c6b037678c8cca420e027d6a9465,897085,3360533.0,980.0,0.000292,3,1,489
2025-05-17 10:07:32,5a12616db93d826046ec0cd933d484a1fe016e333797e55e8f5d04ac1054be18,897085,100208476.0,29496.0,0.000294,108,2,16112
2025-05-17 10:07:32,e8853a3b4fe138bde5394922ac5990c9339ce5c28cb351e3e04e1ed6b2f951e3,897085,3204001.0,562.0,0.000175,1,2,222
2025-05-17 10:07:32,019693376c237e833ed533d910d32680d7c0fcd4a5dece183c9e4ae7f1ced9c6,897085,1930119.0,562.0,0.000291,1,2,222
2025-05-17 10:07:32,f5988a3ef89b49394718ffa66072ba534cb93c55c04a3066b6f8433b2b357f28,897085,319516.0,562.0,0.001759,1,2,223
2025-05-17 10:07:32,e6de73ed9f98cd8b23e5eafbd6ce2d2571124567fc5864d0f969d0b612693518,897085,479497.0,562.0,0.001172,1,2,222
2025-05-17 10:07:32,6591b0ce3d7c311f6af73f939c3a7bc3e03b9ed40e7a6ef9ee7b2ab0f1cc72fa,897085,11358273.0,566.0,5e-05,1,2,224
2025-05-17 10:07:32,f42b22608b2105aed2b7f5330f275e92ec80da12160835a18d63c0bab67312ee,897085,6119794.0,566.0,9.2e-05,1,2,224
2025-05-17 10:07:32,2e3d7b697f25b76c82bbb22622d6e7fbecd1db709abf74220c64b2d5d3f70bd0,897085,1442909.0,566.0,0.000392,1,2,224
2025-05-17 10:07:32,d4741fc8deeb25d99dff44e16a3429ada66c250971f4e10d5199c6227898adcd,897085,8108948.0,566.0,7e-05,1,2,224
2025-05-17 10:07:32,acbcf6d4e7ccbc3c0796e450e5e90bbc6e0544b9143c31b43dc909c318f678b5,897085,10718017.0,566.0,5.3e-05,1,2,224
2025-05-17 10:07:32,0ea921409e7a523b10fa58f90d083ee3daf1b6497c565fd1c43278172f562ead,897085,43480225.0,566.0,1.3e-05,1,2,223
2025-05-17 10:07:32,e1bff4c036a725d96b70c1b51e245cb42ac0cf6884ef2f86d2132be866687eab,897085,812669.0,566.0,0.000696,1,2,224
2025-05-17 10:07:32,8c4ed7f1bb3a7531a017b46689bbf6ca2a1951d2f8fd4a06d58597a65f484c8a,897085,15036.0,566.0,0.037643,1,2,223
2025-05-17 10:07:32,7f87e3d7c44b57938bcf6c0cb33bc5374631ba791608202b85015dd98b744786,897085,27971245.0,566.0,2e-05,1,2,224
2025-05-17 10:07:32,88ab95b35036eddad42924b50ede1018868ca42ee3efb16253fc48e719758881,897085,12055011.0,566.0,4.7e-05,1,2,224
2025-05-17 10:07:32,064f39e9f5def76e6619a73cc73d05f38650a1dba754e8f8046ef15f4a12243d,897085,71820353.0,566.0,8e-06,1,2,224
2025-05-17 10:07:32,522b8d4fda972c8fa022c96cd24200254907d848a2b2a0c008742ea7e2987e31,897085,1007485.0,566.0,0.000562,1,2,224
2025-05-17 10:07:32,d825cab24989e9692abea9029c83114805d3bd0c75e6b69124ff14e1719f2c28,897085,602204.0,566.0,0.00094,1,2,223
2025-05-17 10:07:32,223b221e7967aec07327da13d1faa76442200ff11dbd0040dffb27defb0f0422,897085,11999434.0,566.0,4.7e-05,1,2,223
2025-05-17 10:07:32,6fa4154bcd2c9c5680bda2132e5370545d4c52d29fdcdbae35feca9e6f6062fd,897085,65627.0,574.0,0.008746,1,2,225
2025-05-17 10:07:32,55d46294983b5ed42bfa283d6ab89461908c0840d42054978f783142a13eede0,897085,439781.0,574.0,0.001305,1,2,225
2025-05-17 10:07:32,47cf6efae4e232706ee08edcf3fefad16367a0fda0ea0da67b03ea28dd02f6cf,897085,426634.0,574.0,0.001345,1,2,225
2025-05-17 10:07:32,19788dda7f7b9fa4c9a886481d81472a7215e190f38b52fff572d9aa49837cca,897085,3980032.0,574.0,0.000144,1,2,225
2025-05-17 10:07:32,7ef97662fa3518081a63f7c321d5fceac9f598b32929afc7f7bc5aa6f3b0dab9,897085,26999426.0,574.0,2.1e-05,1,2,225
2025-05-17 10:07:32,f8d33e75641d23d9101ad92c70848cfcdb01cede72432808f58f99805a8dad9b,897085,28499426.0,574.0,2e-05,1,2,225
2025-05-17 10:07:32,51e1b158b8aabcb32bdc7e18d255c4d4873ff5486e9116860aff32361385c24a,897085,279301.0,574.0,0.002055,1,2,226
2025-05-17 10:07:32,a90adbc29e6cea6abc8438fafbdd9f4ea4ff14262b4603631441881e3a270425,897085,178995.0,574.0,0.003207,1,2,225
2025-05-17 10:07:32,e237b7bac4c6cd9e03ae8ca963210ff99f8bdcbde2b710eb17482c27d34da70f,897085,28660822.0,574.0,2e-05,1,2,226
2025-05-17 10:07:32,b46f0863c54b0a28af846c2c641e31edeb292bf598ca68adbf0d81e4d9445f6f,897085,514478.0,2456.0,0.004774,8,2,1259
2025-05-17 10:07:32,1fb377c813ce868c8c5f3f8d2c828b0b11146df5e7321e41ec4ce8b2b7f96335,897085,120185.0,626.0,0.005209,2,1,257
2025-05-17 10:07:32,487c75526e088889074249f9f793602a516d926ceb7e4f10f49ce54f7dff22a9,897085,1785419.0,670.0,0.000375,1,2,250
2025-05-17 10:07:32,6bcb8e474cffa8d4b2dcb63764a35d6647d60dd02af9a5caf443da757bf31440,897085,698831.0,567.0,0.000811,1,1,193
2025-05-17 10:07:32,3f25dc1d0616e5df15bd84ea3a68e351583dec388eff81c1cadc7fb4f89e0cb9,897085,711049.0,438.0,0.000616,1,2,222
2025-05-17 10:07:32,0a55b9cdcbfb76b4a932cb7e5aad0f82e125f826d1d40a59c7d04df048711d5d,897085,353856.0,1230.0,0.003476,3,1,487
2025-05-17 10:07:32,86cc04fc160601d74bbbe679cd9a7332155b097636d7fc142fda4bf594e03c3d,897085,1160511396.0,804.0,1e-06,1,6,346
2025-05-17 10:07:32,8471b403e01e0b8d73572be13b0fb2ace87d75b152a402b4f394f2d333cbd719,897085,35673.0,710.0,0.019903,2,1,340
2025-05-17 10:07:32,978b0539ccdba776b24d6ee0c9e1f648fa14bbd41ed0edcc7a540fdb59d8d588,897085,66215125.0,790.0,1.2e-05,1,3,279
2025-05-17 10:07:32,fcc0c1c06d83eebb9ca4c6fc95fa8bdfb4984a0b79e13e2d7ce7a411f51c8305,897085,1278300.0,790.0,0.000618,1,3,279
2025-05-17 10:07:32,60bd0d36d1a148d48680a6af86ec9efc5b9dbff1d30e4bcb364e06285d98bf54,897085,107007.0,798.0,0.007457,2,2,300
2025-05-17 10:07:32,3c53eb4d3a390cc227dd977545597b052814c94141d36eb233e4df6862d57208,897085,3445369.0,798.0,0.000232,2,2,300
2025-05-17 10:07:32,c97d73764aa69fc972a671a4a581cfb5200f0533bf52c3ebde1f916657dce993,897085,668667.0,802.0,0.001199,2,2,301
2025-05-17 10:07:32,78ab0a7dbd2bd9971c94f6eb65ed748b8de5ae67692b73ccc8c97953ededf547,897085,21772.0,810.0,0.037204,2,2,303
2025-05-17 10:07:32,3d929f1eab827d23603a15b0d2a3fa41f22760f988cb49dc46f8cb517f80e6a1,897085,644397.0,846.0,0.001313,2,2,374
2025-05-17 10:07:32,4424b23daf0e7ffda0a4b559cd82640dad2b0f3a17405e67e9ec2d250a208507,897085,5508.0,846.0,0.153595,2,2,374
2025-05-17 10:07:32,3ee82ea600b4e0acb5d394d37d80274cd13c7d42243f550a6b563f6436a4677c,897085,264997187.0,1489.0,6e-06,1,2,373
2025-05-17 10:07:32,ceb78830d4b8cde788cba335fd577c7e6f9d51e4f060c839e91d2935e2bcdf05,897085,260291.0,994.0,0.003819,3,1,492
2025-05-17 10:07:32,a12b0df649eb6f68e3ee1006bf9dce99a43b2427e49d5bc76f3a10cef97d3fcd,897085,655355.0,1645.0,0.00251,5,2,814
2025-05-17 10:07:32,bc85dd0a5226ba0134d512bf5d5f603a767383c09c11d921e4f78ba517dbf76f,897085,608809.0,1106.0,0.001817,3,2,519
2025-05-17 10:07:32,2ef1d7c403dcad62aeb6279947876d3877488c32e4ced660d3255a19771e4390,897085,159444.0,1118.0,0.007012,3,2,523
2025-05-17 10:07:32,ee2f9118317c13b3dd5d61de81195e507ca555bd84a056a1543cb055ba58a76d,897085,72437.0,563.0,0.007772,1,2,222
2025-05-17 10:07:32,5dde526b46a2aeae6eed4b9f855bbf7eb2d0405bcd9b27526350e14adb2c06fb,897085,74272.0,2447.0,0.032946,6,6,941
2025-05-17 10:07:32,38caeed47e77412296b07ff12346d8ff5a5701a47fd02fd06012fe46a116afff,897085,9270354.0,876.0,9.4e-05,1,2,219
2025-05-13 04:23:38,754f68062c0302b728edcc01e2257d28192760a1ce6ed96c29d075696fb45c02,896497,414710.0,289.0,0.000697,1,2,222
2025-05-13 04:23:38,064d4efe03bf7e8dd0f5ec3359f93a08642f7ce7152d3bf1da6e7ff877660a4e,896497,3222.0,226.0,0.070143,1,1,192
2025-05-13 04:23:38,9163c2506d68c490b03055d570d6bfa17726a59c640820da3f547e5881436914,896497,35297244.0,4012.0,0.000114,18,21,2847
2025-05-13 04:23:38,458f553032978ee5e071f8ec8b31e05f59775a24049c503617ca465e62b550c1,896497,44495.0,505.0,0.01135,3,1,487
2025-05-13 04:23:38,659fe82c65e454897a2ee84a09a7c5287b25428773f2e6ea6f22e4e3e8774967,896497,185805595.0,492.0,3e-06,1,2,235
2025-05-13 04:23:38,9541603b74989b114d09a651f8fb32536eede0b32f8d8367e105d266f27f1e08,896497,354263.0,257.0,0.000725,1,1,204
2025-05-13 04:23:38,7dd050eca361ef671652940f9f58aafd56cbdc51e39bb122d52e1421ba7af931,896497,13863.0,708.0,0.051071,2,1,336
2025-05-13 04:23:38,9ead7d15c34a7a0eeb3acefb7b54df91efe09d5e1cce5127f23f711b3fefc97d,896497,109299.0,415.0,0.003797,2,1,412
2025-05-13 04:23:38,c739d96f621c8ac9625fe4024eb261a940e89857212fcb24dbea86fc75e23180,896497,160084033.0,760.0,5e-06,1,4,357
2025-05-13 04:23:38,e034239c72cecc0fa84171f7f7c93eb3d7e6db0303220548293856b60006f3b1,896497,10977105.0,504.0,4.6e-05,1,2,234
2025-05-13 04:23:38,3e20b47c99a6f944665a074af6d268a303789fc6369a918cdca4b4b4ef8db193,896497,215934.0,1999.0,0.009257,6,1,924
2025-05-13 04:23:38,fdbd5bfd0c31f220e9cfe0f70354f01533c589189218104226a1f05bdc86ab20,896497,5356851.0,599.0,0.000112,1,4,357
2025-05-13 04:23:38,040c723b154075411f0f469ca63bf970a3151deda6a7c718c270e94bc5522652,896497,112773.0,802.0,0.007112,2,2,369
2025-05-13 04:23:38,dcdefc6e104011f6d724b0c7447ae26ea1059c45fd5945720e8aa2e90be71524,896497,3049045.0,633.0,0.000208,2,2,373
2025-05-13 04:23:38,d7a946294ff203ca55721ca1254a35072e77bb99c0ae47752d3b868e08b000e5,896497,390063.0,488.0,0.001251,1,2,224
2025-05-13 04:23:38,72a886e93a3c36ee4bddf3bcd90134a909b2a285968edf47b9a3bd4a80de41dd,896497,892466.0,752.0,0.000843,4,2,669
2025-05-13 04:23:38,9037e4584cc74e57105e99e63d28dbb5d57ebbd627fa2a1e87a62cd2a0c31121,896497,6215773.0,752.0,0.000121,4,2,669
2025-05-13 04:23:38,86996a3a08d701b4659190e2b06f49a090dbe0e18c4120ba2bd6cff21fec62f5,896497,194361.0,465.0,0.002392,2,2,375
2025-05-13 04:23:38,0dbbda857c80b7b2281f004ffa55f7053a915871621da8d629b7fdd85a8c999a,896497,664305.0,544.0,0.000819,3,1,490
2025-05-13 04:23:38,dbc2867f56d7199041583cfe743a9179ebb88b0c5a6904971bd386f2c9724f3d,896497,330.0,366.0,1.109091,1,1,324
2025-05-13 04:23:38,f1fbc76b48c60eefbd7c8cdf69105bf7fea7c686de55451adbfa4910a7309cb0,896497,4665989.0,308.0,6.6e-05,1,2,205
2025-05-13 04:23:38,9f12a96000b5a4c333434c370e8beb74dc861f68617341524cfd462569e191bd,896497,254322.0,465.0,0.001828,2,2,371
2025-05-13 04:23:38,ffc65c1b55aafebe1080570a50fde2946c773ed0b9e3cd8aabdd3771bbcc0d7f,896497,334483.0,465.0,0.00139,2,2,372
2025-05-13 04:23:38,753a5ed8b33713d224b280324f255c5d735f9d489ce44f37acaccd3f7bf6564f,896497,254315.0,465.0,0.001828,2,2,372
2025-05-13 04:23:38,237a33324f4fe0f05750e99bae0632f3a7546e4d8a4a6a7abc8eff49f1bf5626,896497,993553.0,465.0,0.000468,2,2,371
2025-05-13 04:23:38,36b11bf16babc16b0b982b88ccc6d4968a4b4268fc8773ded2cae53ef8d689c6,896497,2563402.0,465.0,0.000181,2,2,370
2025-05-13 04:23:38,776b91a9a0272a2ddd5df667b4c6507e4e7a1744eb3c84bc10d3fd0f7fe432ea,896497,57804.0,322.0,0.005571,1,2,225
2025-05-13 04:23:38,a372f2a8f74299d338344f2f225e44b7c0d8ea358e72621bbcc0678408db1ce6,896497,17335267.0,322.0,1.9e-05,1,2,226
2025-05-13 04:23:38,a703dba20ef84896133501dfe299fbb5cd97e281a44e31c6f74448e51ce7b9c8,896497,18326978.0,322.0,1.8e-05,1,2,226
2025-05-13 04:23:38,e9bf74f2bc9522b253780b84bd360a3c6f3c0382886456a0d39267a08c2f58b9,896497,32628.0,322.0,0.009869,1,2,226
2025-05-13 04:23:38,b7210437fadc39c95660148063b8ec85f64272e0a1b3c83e762079dc83d46143,896497,469727.0,322.0,0.000686,1,2,226
2025-05-13 04:23:38,6518d18f0504f2f06d84ce69c970954a98ab2e053087ae36b3de08ca2263ad3c,896497,152044.0,322.0,0.002118,1,2,225
2025-05-13 04:23:38,1a03b64041c3e500e84fcf22b92d332db53a52172879cfbb392169442ecfa407,896497,375704.0,322.0,0.000857,1,2,225
2025-05-13 04:23:38,d00e3132fa7c33c596af6a50d4956233794786440d0f6198047cc622e5660082,896497,59132.0,423.0,0.007153,1,1,189
2025-05-13 04:23:38,610c930fed26d07e408db82da857b467b9807310418a9a734f0dcbc0eb9a651e,896497,25231.0,423.0,0.016765,1,1,189
2025-05-13 04:23:38,e98a07f0aad8424700e4532d07e4c5cd668451682db9cb782e11daa94169bbd5,896497,20504.0,399.0,0.01946,2,1,340
2025-05-13 04:23:38,1e2470cc14eda4e98359ba2618147e8c32d87ab5332999547606e193143b0f49,896497,2100389.0,399.0,0.00019,2,1,341
2025-05-13 04:23:38,8ae7f80340db1553fb0d56428860ceaa7f4bc49bc64e51ec0b1e06af73740ea9,896497,181142.0,423.0,0.002335,1,1,188
2025-05-13 04:23:38,570c0971f53e22b78361eb5b8e38e429b8a5af148d90bc0fc6e9b21f98c1443c,896497,279631.0,504.0,0.001802,1,2,223
2025-05-13 04:23:38,56b4d111edaf647dce735b0eb9454a8b63285804d2abcad607b99d0f24ca9a18,896497,215496.0,504.0,0.002339,1,2,223
2025-05-13 04:23:38,7cbb3daf5c8b469573b9d3b6c7652cdd224b7d071387115557107387feeaafea,896497,130466.0,322.0,0.002468,1,2,223
2025-05-13 04:23:38,8b5b121e8674e52cec8506cab00c6b78bc878ed7a764e9d2b7ad4a94f10e2382,896497,4601361.0,322.0,7e-05,1,2,224
2025-05-13 04:23:38,d93f615690f84f1791f8aeb735dce645f7c30bee1e2dc4d59b2ea802e125ef5c,896497,73162.0,322.0,0.004401,1,2,223
2025-05-13 04:23:38,2d58f7c5a9b4a5eecbf66fed3e48c517ed77fe53c24bfdd5e7de130da03bb0d7,896497,17251.0,504.0,0.029216,1,2,222
2025-05-13 04:23:38,26ac97a711c2b74c50b66331b04a6a82bdb02b80d8537fa87a1220d41da49cd3,896497,244898.0,257.0,0.001049,1,1,194
2025-05-13 04:23:38,cae0365e656b28e36213d9f578ecc31023b2949fd345987fb86540cd7b8d8356,896497,114743.0,257.0,0.00224,1,1,194
2025-05-13 04:23:38,fbb72c88b2bfe8bb10d0b8c2c114737f029c04034c9306cdb7c431f8c3b68315,896497,107869.0,257.0,0.002383,1,1,195
2025-05-13 04:23:38,9f406d50f569e3ccdc371b68bb57c5ae79918aa105bf2f137ddceb7bf3b8cdfa,896497,12092.0,322.0,0.026629,1,2,223
2025-05-13 04:23:38,94c73145f69ab9be443fbab3ee763c3f48580026c58fb1e99aecc72cb569ade6,896497,4524.0,322.0,0.071176,1,2,222
2025-05-13 04:23:38,8addb510d5d534d43910adeca13881883c3b9ef9a0c2ecd8ce68b5601ab160de,896497,245111.0,322.0,0.001314,1,2,223
2025-05-13 04:23:38,8371c29ba8a51ea18a665d28504a8dc4f6589c1285315dfad8faabfcff2eabbd,896497,44159.0,322.0,0.007292,1,2,223
2025-05-13 04:23:38,c4cce3e22622fef4cce8344eb746bce628f394956219ec1515bf21a6f859efb2,896497,52649.0,322.0,0.006116,1,2,223
2025-05-13 04:23:38,52dc3032f3c2ab63a09776ef42fe68f7c867ed6cd8aa286dad2a140388bafaa0,896497,3143858.0,322.0,0.000102,1,2,223
2025-05-13 04:23:38,c1e915d2e40128a910c52d59a31708cf34724782664c42d0f94e212453c634bc,896497,3186457.0,322.0,0.000101,1,2,222
2025-05-13 04:23:38,475e44bb66c25446eefed46c16c677ed974a2f21d407f8697f84dd8eea803085,896497,20267079.0,322.0,1.6e-05,1,2,222
2025-05-13 04:23:38,e9b6386a06910f1950c7ae15a64a9c195211da00c25d55c050ea5044022bfd77,896497,657832.0,322.0,0.000489,1,2,223
2025-05-13 04:23:38,07ab163055c07f0356c8cf7118750be3d9d299236ec317f4e51fa65582133961,896497,1163509.0,322.0,0.000277,1,2,222
2025-05-13 04:23:38,4a3645ac01593e46ad3ba09d1e93ddf8016444e84ae6290d2bc70fc6e11a5750,896497,46709.0,322.0,0.006894,1,2,223
2025-05-13 04:23:38,dcef22f14fbfe5791b659988d42f3afb27cab7ee5e1fb5974aaf1a8f6ab6043f,896497,3817044.0,322.0,8.4e-05,1,2,222
2025-05-13 04:23:38,4df844005f9292848dac786298cdb724547c34c92b061f0b4718928f7541ca3a,896497,605332.0,322.0,0.000532,1,2,222
2025-05-13 04:23:38,fa9e0ab583645a68f503b075a3578b2570c97002edaf8b729b0df3dad1039331,896497,859128.0,322.0,0.000375,1,2,222
2025-05-13 04:23:38,d43b0ac0c14cd8e914b976d1f1b5962d54a79ebf348bc334e566bceb96269026,896497,3229056.0,322.0,0.0001,1,2,222
2025-05-13 04:23:38,5c96ab301fd1e1258a03f1bbff00a506df595fa81419139a39238d2752df9056,896497,3271655.0,322.0,9.8e-05,1,2,223
2025-05-13 04:23:38,cd4255315de62778e665d304070845ac84983982763ce4919bb762bd95df0319,896497,77221.0,322.0,0.00417,1,2,222
2025-05-13 04:23:38,0ba215597a08489c4f992a29e8d2fc9bd3de10cc079ba84db2e0bf912e832216,896497,47035.0,322.0,0.006846,1,2,222
2025-05-13 04:23:38,f9725d84d979109c700270b90c06139347d68660cb116658b4184a7f6f0c2512,896497,7563963.0,322.0,4.3e-05,1,2,223
2025-05-13 04:23:38,4605ac23302f3ee84774f698887f598e0036600703b2605e3d0d90d71ed5cb11,896497,48620.0,322.0,0.006623,1,2,222
2025-05-13 04:23:38,3459c6a53b8a9ad2de0403acc2c6657c7df5bb5e94fc3d40d3bff28c2056a601,896497,305820.0,322.0,0.001053,1,2,222
2025-05-13 04:23:38,d2c71907fd1177541ffafc672e0cf1c777746b31508d22498d84cbe74e557b7f,896497,1167554.0,322.0,0.000276,1,2,221
2025-05-13 04:23:38,e7d48df60d299501ef0356dbcec71dc8454ae8086da339022e8ec3395338381a,896497,1375737.0,322.0,0.000234,1,2,222
2025-05-13 04:23:38,c7dccfecebfe4cdbdbf4d64e0a45bb61737027022679a0f7fc07e055ac8c0a53,896497,1618929.0,322.0,0.000199,1,2,223
2025-05-13 04:23:38,804e38f6ea8af701cf5a82a372167e12132f12ad294679bcc5e607192c53dbb2,896497,487.0,255.0,0.523614,1,1,191
2025-05-13 04:23:38,3189ffac7b0fdd7eb81c2833f73204961939367e961586b673954331d0d3ea42,896497,34259328.0,864.0,2.5e-05,3,1,533
2025-05-13 04:23:38,6c761b10756fb22233433efc442fbce04e8b540ea61df81372776b357e6612e3,896497,489533.0,257.0,0.000525,1,1,191
2025-05-13 04:23:38,3be4f812454e433004de3726e41c49b45db218d3a74e31898e57a7ca0b53b6dc,896497,260255.0,257.0,0.000987,1,1,192
2025-05-13 04:23:38,967bb1fe7b69d1338f3af3272f00cfa5aefb8b5e8863bfc8b17756649579afbb,896497,471437.0,257.0,0.000545,1,1,192
2025-05-13 04:23:38,9aaf5f2b878e7fb9e6bad4702b1dfa96ebf73a310c9331174347f173b6cc1db8,896497,9159.0,257.0,0.02806,1,1,191
2025-05-13 04:23:38,3a562f5a4f37946228d3e9e515e63adaba1c17e73520b1ddee901a10e3beaab7,896497,48546.0,257.0,0.005294,1,1,192
2025-05-13 04:23:38,1eb8da761bc3269fd10823cf95c5832e374b3698c5b4bb233f27e471099d92b7,896497,579929.0,257.0,0.000443,1,1,192
2025-05-13 04:23:38,7c2a6bde9089a809bf890804a6820ffdbdbb645fb189a35e5e19d39739602db2,896497,517421.0,257.0,0.000497,1,1,191
2025-05-13 04:23:38,33979526ef5cfe5ee2298beedcaae2dc501e6f712a3ba4b5393ee63af67508ac,896497,1947.0,257.0,0.131998,1,1,191
2025-05-13 04:23:38,cc8e1849a82fb4606befc719e1c61d6ba55b0da39939551a4cc15aeb741d3a75,896497,84485.0,257.0,0.003042,1,1,191
2025-05-13 04:23:38,43da907ef1a6a10458615edaad322a0a33c15084bebe1f2613f9182e22157f6d,896497,532289.0,257.0,0.000483,1,1,191
2025-05-13 04:23:38,518376418fa5a233247032b68752172da0bd16238f62a19b214d5667a2a1b06a,896497,283167.0,257.0,0.000908,1,1,192
2025-05-13 04:23:38,4f08f2cfb074931dd7819c07cc34c726dfeee4f02dfba2624f815d25b854dc64,896497,215446.0,257.0,0.001193,1,1,192
2025-05-13 04:23:38,2a092fedc7acec65bb6a2f33dfdeace662c0a6d325a49fd9ae46cb2affb4e755,896497,58361.0,257.0,0.004404,1,1,192
2025-05-13 04:23:38,7dc8a99d822a7db1077b6b69e38d672318324231b4b6b5bfcde8d545c2854e38,896497,489303.0,257.0,0.000525,1,1,191
2025-05-13 04:23:38,87184d1b2a0a403e9c8dee4d684e6aa64756215373cbcce7c82567afe4a8b82c,896497,199376.0,257.0,0.001289,1,1,192
2025-05-13 04:23:38,64e842076eb6afe1fee63fc067956ec808dc74b7dc83f141845fffdc76a9a320,896497,260255.0,257.0,0.000987,1,1,192
2025-05-13 04:23:38,ba55b65b4018b80e0931d24f4b6a56127dfb3d214bdc74b32e41e0b5ad7f8334,896497,89000.0,416.0,0.004674,2,1,339
2025-05-13 04:23:38,0dc1214ed052d0781447a9ddeee12814c6ce49eec8e7a9fd62cd6b8359a49f02,896497,119549.0,451.0,0.003773,1,1,191
2025-05-13 04:23:38,43118f4075e742db6eed99a5ebd2674ce0039aa82c8fa649b7065640d016d2bd,896497,1898866.0,474.0,0.00025,1,3,279
2025-05-13 04:23:38,01d2834b67414a7ed9b2432e97e2f78884e32ce3e49f206366272e1e13a3785a,896497,225540.0,460.0,0.00204,1,1,192
2025-05-13 04:23:38,6c65a82974562d2146ec508a19eae950c590d328ddeb9e378b6e1f113d44de52,896497,871707.0,381.0,0.000437,2,1,259
2025-05-13 04:23:38,f217a62b3a5770d40750cc9ee8f4238f2e2b7d1dd3f8ecb270c12c607235255f,896497,21512280.0,13430.0,0.000624,78,1,11633
2025-05-13 04:23:38,b5aa02ad2085ba6c428f35fa8f574f674f4cbc3b4b827d633ef6965a3e499f59,896497,973305.0,1000.0,0.001027,2,2,342
2025-05-13 04:23:38,b9efaaba1319d874c92f495142c1601abf9573dfd086ad8b360de677c668a228,896497,546.0,153.0,0.28022,1,1,330
2025-05-13 04:23:38,e94b9601919e6c6639e2dfccbb19890d07870d084dadda03d4f573e915fdfbb4,896497,974458.0,156.0,0.00016,1,2,235
2025-05-13 04:23:38,f3a5281be2675de2d7da091000d0ff5d45b8b63ffcaca551f62b31bdd1e2fc7e,896497,982287.0,1441.0,0.001467,7,2,1126
2025-05-13 04:23:38,8d2e68a409a128a6c8a9efac324e14599966304cdd5b398a4ace75562b0574ca,896497,159049.0,1000.0,0.006287,1,2,381
2025-05-14 17:09:36,141271557b697748a0d0b617e29df11bd8e71f46d6ad9ade77516a6af84c0c49,896699,1022951.0,476.0,0.000465,1,2,225
2025-05-14 17:09:36,41b332648dd5ddd3398935f21336650c387747553c6958c6cfb7201ebe38931d,896699,1105143.0,476.0,0.000431,1,2,225
2025-05-14 17:09:36,86765e3ff7468c3882c746829d9a2b26d80e5b557d490e8163ce8361a86f032c,896699,27232644.0,648.0,2.4e-05,1,3,277
2025-05-14 17:09:36,9d7dab684c170110eea2122d231c0ffd89656f109d229daee132e0d6f393dec8,896699,179371.0,508.0,0.002832,1,1,192
2025-05-14 17:09:36,f3784e387af4fb521b19611e1438cc83ed44f07c9148351dc8ae41d1bb6bd01d,896699,218279.0,322.0,0.001475,1,2,223
2025-05-14 17:09:36,9c681e7c2e76d403b370d07ea642c2fb972fd2a0fdfc7f527add52845c45298e,896699,30362.0,482.0,0.015875,1,2,223
2025-05-14 17:09:36,b58c267ff3565e5dd00b64af912935ae7e5a9c06fc73927e826ce092c7fc57fd,896699,54617.0,605.0,0.011077,1,2,226
2025-05-14 17:09:36,be920fb725f58004671bd81606665aa0bca3d1a72f1ae50c1d11ea61c067911a,896699,96152.0,322.0,0.003349,1,2,223
2025-05-14 17:09:36,aafc8fedd065f96c0eddd128c78e85d014762df445eb5470a272f4f8888b6f95,896699,1484603.0,698.0,0.00047,2,2,373
2025-05-14 17:09:36,0ef7bc8dd6045306977ba1c57a41640c013e07db959e1a37e3de1dc0313bfebd,896699,246146.0,599.0,0.002434,2,1,343
2025-05-14 17:09:36,066b610195a39523a3f7e68cd438a847cc0ee2bb994b2acb0901116da8a4c475,896699,195383.0,599.0,0.003066,2,1,343
2025-05-14 17:09:36,29cd658c54b381c3e12fdbb0a5627eff627d89b6c57a7ce19ee49093ae083371,896699,1495065.0,556.0,0.000372,1,2,249
2025-05-14 17:09:36,ee653e97b4556d959e0b39f69fae4f24387b4ca50c8f44a9fde10ec5518537c6,896699,8814642.0,470.0,5.3e-05,1,2,223
2025-05-14 17:09:36,d035436aabacc0159582f924637960be94e614e2c06654097ed12858fbb7f075,896699,1821777.0,470.0,0.000258,1,2,223
2025-05-14 17:09:36,35d86ea487c087d7fd58aab9d761aa02615477b71d35a31677b446a5c1140570,896699,1983648.0,470.0,0.000237,1,2,223
2025-05-14 17:09:36,425a852b93a5964384a2fb6f60f225c24c375a32d4a35f58e6ec312f5b960324,896699,1023337.0,1142.0,0.001116,4,2,667
2025-05-14 17:09:36,b4d9676d2f199b6026ca18a2212c12e4ef3ede6ab0803c1deb30fcbcd048423d,896699,12854449.0,851.0,6.6e-05,2,1,339
2025-05-14 17:09:36,a40f7f7e0ecd489a32d9d2d007d7dd995738e880cb10f1368120eaf7d3357af4,896699,1066651.0,914.0,0.000857,3,2,518
2025-05-14 17:09:36,c9aebb3cf00332a9b5285e64290cb6dabc52e4142b488a1b23bf6607e18d6335,896699,57013.0,914.0,0.016031,3,2,519
2025-05-14 17:09:36,8d2408891385e00f1a2d0e6c0755bfb4822b02868589d650ab8f34d353cdf02f,896699,91469970.0,536.0,6e-06,1,2,222
2025-05-14 17:09:36,fd1ea00acfe4763da839117496419b56cb5095bd4127cfe4ffeabb7e6bc7af47,896699,92517797.0,444.0,5e-06,1,2,222
2025-05-14 17:09:36,47b9c3be1d83e86a8643f7024ba69826488fceccd36748b1c376c2ebf93e56c9,896699,92740616.0,444.0,5e-06,1,2,222
2025-05-14 17:09:36,e13cde466a3372ff8042775d1615561aee006acfdd04ae949b185c44bed0377c,896699,94590605.0,444.0,5e-06,1,2,222
2025-05-14 17:09:36,a690f3d995bb1fada9ca02db7b9f8d27b1ace534882c47423e462039cdac4c00,896699,12131234.0,474.0,3.9e-05,1,2,224
2025-05-14 17:09:36,9c101b73dee21a842645cd2ad40687481e5f2f729738357e9763d737a129bb14,896699,56663368.0,736.0,1.3e-05,1,2,222
2025-05-14 17:09:36,ac5a6b5e5f93cd64abd5db46901f2cfc5e965d0971fb92737e63e82e93800224,896699,9587.0,1682.0,0.175446,5,1,831
2025-05-14 17:09:36,a7671689b77fcda148911a6d210069da79001993460534896d10b5a143558dd4,896699,49635.0,365.0,0.007354,1,1,192
2025-05-14 17:09:36,a8651c2c20ee49353f4557375d28fedf6fdcdda08789078cd4c4aee846eab76a,896699,199635.0,365.0,0.001828,1,1,191
2025-05-14 17:09:36,cecf727726c03d816f0eba926b04a6b89b70e47c3d57d118bda22f4b24673aca,896699,3371648.0,697.0,0.000207,2,2,372
2025-05-14 17:09:36,7e87a63c08d5b55c9bc569fb4e24db574c9de850f973f01cd737a75c4c29fa4a,896699,151741.0,697.0,0.004593,2,2,372
2025-05-14 17:09:36,c0e95d6628e2382fea3755a80f6a3698478b10d2389725e633991f3bcbabc33c,896699,632239.0,697.0,0.001102,2,2,372
2025-05-14 17:09:36,de0918fbf30d8abe65002a661f21c764d7932eeed4addad059c8f6efa6941fef,896699,3650427713.0,468.0,0.0,1,2,222
2025-05-14 17:09:36,eeb2d80054ce72a0fc1cf2279a0f4b8f458587d684347a7a6c0e721341b81f67,896699,127877.0,468.0,0.00366,1,2,222
2025-05-14 17:09:36,af868ec4600d4a53440ca53637cff08bd5b6e4a0324161ba58f6d0951ec2aa01,896699,1768156.0,468.0,0.000265,1,2,222
2025-05-14 17:09:36,7ee2a0607362a846d6af316a2ec2b10f823ad88f33493f6df08f1815cf152173,896699,1145405.0,1269.0,0.001108,2,2,382
2025-05-14 17:09:36,1affec73a4162a425e2b71d8c1ac9edb6fba0e3d9274ab054102f5b224fdf549,896699,282122.0,731.0,0.002591,1,2,220
2025-05-14 17:09:36,1213af7e8e0719d02deb775286d3302ddfc7e20c7f91278faecf90cd4e691afb,896699,331985.0,684.0,0.00206,1,1,152
2025-05-14 17:09:36,c6feb378615a74652d401956432a11bba438522b110f3eb78c8cc80d21593e8b,896699,332669.0,224.0,0.000673,1,1,405
2025-05-14 17:09:36,c1cbc79ab7078e4c557d7a6f63c8160dba5603bfe4fcf9816d8059dda3f96c31,896699,3073531.0,853.0,0.000278,2,2,418
2025-05-14 17:09:36,6aea395ac002f20351d2582bde1f92e7fd4f84d11874af2091c8fc121f817edb,896699,97045.0,550.0,0.005667,1,2,247
2025-05-14 17:09:36,6719c8744ed13647ceb6e5c4509e4e6a0e72af2469dcad8db490db9d4e9043cc,896699,40635.0,1260.0,0.031008,3,5,591
2025-05-14 17:09:36,43024c7b4423b9e5122fffa90bd1f6cfc890bceb6463eb8fa1419317fa5c2141,896699,10170.0,550.0,0.054081,1,2,247
2025-05-14 17:09:36,d30a67b57e3b1eb593e43972db2f1d16dd49902111e7b52bed11b48f3f1e731c,896699,915290.0,470.0,0.000513,1,2,222
2025-05-14 17:09:36,b6e77f60fd01f6157aadc0b191ce4333a3a65b647a2b8eb62d56d07b1062bdd6,896699,1668894.0,6889.0,0.004128,23,17,3209
2025-05-14 17:09:36,a4f48681d918baf2a9483fd861f7d376b53ddf18bf7fe8e5fadfb19288da89f8,896699,345643.0,697.0,0.002017,2,2,371
2025-05-14 17:09:36,35aa16631e9dadbac0cc08df7f45a42bd36f6faca174ce3ddd2d3480304b6ef7,896699,821842.0,697.0,0.000848,2,2,371
2025-05-14 17:09:36,befbe721b12f450c0e3f4f51835815214ca7cd0b2c1edb4beea3bc36935ca4d9,896699,477757.0,697.0,0.001459,2,2,372
2025-05-14 17:09:36,8289af1c4280442a9f5b5d4500d320b0083356ea9dcc575060c7196ffde370a4,896699,16649134.0,697.0,4.2e-05,2,2,371
2025-05-14 17:09:36,9feb7c1a8c27b96be5788447b80b06438fad43783dcea3d88a450b3427a06ca1,896699,898825.0,697.0,0.000775,2,2,371
2025-05-14 17:09:36,26ded394985e55c8b0a42efec95d74f44f65f998e8c043f917a11b411482706a,896699,945306.0,697.0,0.000737,2,2,371
2025-05-14 17:09:36,da88eb5cd2c241822a269e240ba7b9e5c4bf56c1af81eb34481a29f4ad88974e,896699,33656.0,697.0,0.02071,2,2,371
2025-05-14 17:09:36,a77e04fe2a4e953b237965e24f1b1f41b460e16c1a998d0ca2146d7c8dce1b21,896699,62870.0,697.0,0.011086,2,2,371
2025-05-14 17:09:36,0154b4b8cd6e1554ba725724150be8389cd43323679a745c35960f3f9b57b71c,896699,730501.0,697.0,0.000954,2,2,372
2025-05-14 17:09:36,c8c27a5af41d37940405e5fba6460eb4c245bf2ea70971ef0f0957664e9d3418,896699,19251.0,697.0,0.036206,2,2,371
2025-05-14 17:09:36,4758ec64447fdc47744d5d043c5e67489894ce75e63526cbbdcced435e298d05,896699,93285.0,697.0,0.007472,2,2,372
2025-05-14 17:09:36,909a483bc338f0ee0cd1da99e81346e6b6296d028ff3b1f23e138f255649983b,896699,59493.0,367.0,0.006169,1,1,191
2025-05-14 17:09:36,044e1491a099e678900d723a26bcdc09efd2b337dc32815868e2ba1771fcc8c1,896699,263664.0,599.0,0.002272,2,1,341
2025-05-14 17:09:36,bf1ac4e9075c18a0c0e6179cf42b596404afaed9e678336b03a177883142cefe,896699,339570.0,482.0,0.001419,1,2,225
2025-05-14 17:09:36,53f8e56c6a1907fc6b13668e70375ff2d73f27b2fae1ea3747cb8b0cc9431cfd,896699,2155696.0,482.0,0.000224,1,2,226
2025-05-14 17:09:36,d8c7df342712f8342947d5534757d656f556dfcb5da15090b7fa3492fc076df3,896699,645229.0,482.0,0.000747,1,2,225
2025-05-14 17:09:36,3273a0a8f34e3a61ee81218eaaf4895d87f4997bb056b54fa2d32d6bf7d6bee8,896699,17798.0,482.0,0.027082,1,2,226
2025-05-14 17:09:36,ec030f42475efe61d160cfce7190022877d59b9284ee725e1b34cff897f5a3bd,896699,89452.0,482.0,0.005388,1,2,226
2025-05-14 17:09:36,cfe343aaa8d54b5c275903a561c2c5b6288e1522923f537796c4d275431568bc,896699,645654.0,482.0,0.000747,1,2,226
2025-05-14 17:09:36,9f3d6b290ce67ebcb16f82c388eae3fa602b5ef60652b7881a8783accb0f7e86,896699,1975246.0,482.0,0.000244,1,2,226
2025-05-14 17:09:36,83e32265637b8d063ffec5355e610918e173d717fbc42c46a11427480c81d184,896699,280437.0,482.0,0.001719,1,2,225
2025-05-14 17:09:36,400510979e586173360abd0a4f668f72ecb0101d99786fc159c56ec2e4b52f79,896699,162461.0,482.0,0.002967,1,2,225
2025-05-14 17:09:36,59207702493ca061bc2485eed5aa140f8f6b6015c4ea134f891df7e92e457a6b,896699,40529.0,482.0,0.011893,1,2,225
2025-05-14 17:09:36,e93959c3466fcb6b6eafc075052fa6e7ded641c426669ec6e9b92e0e01f89563,896699,171629.0,482.0,0.002808,1,2,225
2025-05-14 17:09:36,d778dca25697133231468d1b81f4f18ae176287d5113975a26a5297d1e5c3240,896699,9850128.0,482.0,4.9e-05,1,2,226
2025-05-14 17:09:36,88aa7680b21e0ac40605ed40cdd48f79d0cf6a657f5ea1495c563082ddeb1a14,896699,1074897.0,482.0,0.000448,1,2,226
2025-05-14 17:09:36,fdca0cd3291cbb06ee93c7cf89ee44d704b9f2e93d7576005764760b34214409,896699,325261.0,482.0,0.001482,1,2,225
2025-05-14 17:09:36,bb6149ee339f22b7695d9021b881a8c6235df32b289b6b5aad8a53cc115d7efb,896699,80598.0,462.0,0.005732,1,1,303
2025-05-14 17:09:36,32ca85332089089193c24d178febf4519f0f5ac40e514e4280c4471d88e29867,896699,335834.0,462.0,0.001376,1,1,303
2025-05-14 17:09:36,555ef1bedaf382ec74f01ae52f62942078481e9a0f665b026f7677abb7c754b8,896699,1325829.0,697.0,0.000526,2,2,370
2025-05-14 17:09:36,c63af276c998e53b705b8f80040aa35f260e5718ea4b0bbec83af7c71c7f5e89,896699,782928.0,697.0,0.00089,2,2,370
2025-05-14 17:09:36,9ecb5883a6a3335cec1120bccba07542069e97d06e346901cec1619659d5026f,896699,864241.0,697.0,0.000806,2,2,370
2025-05-14 17:09:36,bca566e5ec2fa9273d0f6be12d33935b0a1c69176e3d51d94f984682e84a3138,896699,60685.0,697.0,0.011486,2,2,370
2025-05-14 17:09:36,cc7c5cbbb47959f4ecba5e4c794e08ea2d0d2f9858bd2e4ad0d4b617ad184d05,896699,42340185.0,697.0,1.6e-05,2,2,370
2025-05-14 17:09:36,a95e68cdb20e230cd85a7dc60ede7803214648a475efc533f3e9876acc930bb9,896699,2199348.0,664.0,0.000302,1,2,247
2025-05-14 17:09:36,a069e474651c569cae52da3ff1bdb8bf55fe0ee70bbbb0fd9ad5c4c9428626fe,896699,2400012.0,498.0,0.000207,1,2,246
2025-05-14 17:09:36,3111bc7fcf429149b7770f96b22beccbe7baca1d6c8a0c36ff2dcbb0b73bfb34,896699,2474510.0,498.0,0.000201,1,2,246
2025-05-14 17:09:36,0ebe63e1aff63e79a047ed34511c33aea97ecd699e3419537983658c30eb2cf0,896699,38090.0,550.0,0.014439,1,2,245
2025-05-14 17:09:36,388bfdf8a51b211972a54dca5e71d2d01413236ca06b1c85c963a9d00454afb0,896699,46837.0,550.0,0.011743,1,2,246
2025-05-14 17:09:36,136fce47e39aceb00e9a0e83099537bbde0bc64e3808c2ab400564771315c3a3,896699,25578.0,550.0,0.021503,1,2,246
2025-05-14 17:09:36,c5593127445c49d2f3c5dc220587278538bde9a40031adf9371f0fe7f65d3090,896699,235991.0,550.0,0.002331,1,2,246
2025-05-14 17:09:36,20eddfc869479d5d6bfdf163a2b119d42521f5886d0e38453fde50969e015b55,896699,13126.0,550.0,0.041902,1,2,246
2025-05-14 17:09:36,955bf9bd15440715cc4b19220fa071e2396f912f9870ad9b746b8d5cb4e84849,896699,12733.0,550.0,0.043195,1,2,245
2025-05-14 17:09:36,5b70abce7693997629c583fee8a9e387e8be3cf181f7e83d94d1fdc04845251f,896699,15861.0,550.0,0.034676,1,2,245
2025-05-14 17:09:36,076b6cb8caeaa1b4d116dc7630009c8d305ba509675350cfa9d2efe01ea90f03,896699,10396.0,550.0,0.052905,1,2,246
2025-05-14 17:09:36,b7fe15747a224b07f318651fd8b5ef58dd493b4e137d6fbb9a74bcd802cc4d51,896699,336645.0,1278.0,0.003796,5,1,783
2025-05-14 17:09:36,e6beb80f7fea2a027e03afa2f01bda0d26e81be0c29246862708033e54b7c9f6,896699,312616.0,900.0,0.002879,1,2,224
2025-05-14 17:09:36,7e1076a60e1b04724165f752cb4a1bcbb06b59b53ce27868124b5ca749abf133,896699,323192.0,900.0,0.002785,1,2,224
2025-05-14 17:09:36,df368ae7e63e32025c04dea689f8db77773d544c1075a915be2e357a85748500,896699,328930.0,448.0,0.001362,1,2,222
2025-05-14 17:09:36,8247674ec8c4cf95634809efee2b18d70f86cd0bb82bccd510a3424ceb8deb5e,896699,695134.0,896.0,0.001289,1,2,222
2025-05-14 17:09:36,c6bcff8c2329d32dbcf2a17ed5a27a3769b601f417bcd34786c2331a7ce16bb6,896699,705630.0,675.0,0.000957,1,2,223
2025-05-14 17:09:36,a7e2b594e4ac3d714f6c38b48582856e32fa4191c28aa467cb51a5b5c1dbcfc6,896699,715905.0,672.0,0.000939,1,2,223
2025-05-14 17:09:36,e624dbd1188fd8d40424e304aceae8cd5ad2a569a9e05bff71a6d162fde1d780,896699,167460.0,1744.0,0.010414,7,1,1082
2025-05-14 17:09:36,5d70bdf8de51c02b9dd2402980f656acfc5f26cb3cfe37ef26e74b36e7aa7a74,896699,905204.0,373.0,0.000412,1,1,193
2025-05-14 17:09:36,84b20d029d3422c47942a7bd505b25831c50dcddaa76dd94e1861876a0e763f6,896699,2100000.0,333.0,0.000159,1,1,150
2025-05-14 17:09:36,b6e261b190b8451798aefbad2ad00bf9d8864d820e5bbd5abf8fc4d036e79939,896699,1448977.0,333.0,0.00023,1,1,150
2025-05-14 17:09:36,141271557b697748a0d0b617e29df11bd8e71f46d6ad9ade77516a6af84c0c49,896699,1022951.0,476.0,0.000465,1,2,225
2025-05-14 17:09:36,41b332648dd5ddd3398935f21336650c387747553c6958c6cfb7201ebe38931d,896699,1105143.0,476.0,0.000431,1,2,225
2025-05-14 17:09:36,86765e3ff7468c3882c746829d9a2b26d80e5b557d490e8163ce8361a86f032c,896699,27232644.0,648.0,2.4e-05,1,3,277
2025-05-14 17:09:36,9d7dab684c170110eea2122d231c0ffd89656f109d229daee132e0d6f393dec8,896699,179371.0,508.0,0.002832,1,1,192
2025-05-14 17:09:36,f3784e387af4fb521b19611e1438cc83ed44f07c9148351dc8ae41d1bb6bd01d,896699,218279.0,322.0,0.001475,1,2,223
2025-05-14 17:09:36,9c681e7c2e76d403b370d07ea642c2fb972fd2a0fdfc7f527add52845c45298e,896699,30362.0,482.0,0.015875,1,2,223
2025-05-14 17:09:36,b58c267ff3565e5dd00b64af912935ae7e5a9c06fc73927e826ce092c7fc57fd,896699,54617.0,605.0,0.011077,1,2,226
2025-05-14 17:09:36,be920fb725f58004671bd81606665aa0bca3d1a72f1ae50c1d11ea61c067911a,896699,96152.0,322.0,0.003349,1,2,223
2025-05-14 17:09:36,aafc8fedd065f96c0eddd128c78e85d014762df445eb5470a272f4f8888b6f95,896699,1484603.0,698.0,0.00047,2,2,373
2025-05-14 17:09:36,0ef7bc8dd6045306977ba1c57a41640c013e07db959e1a37e3de1dc0313bfebd,896699,246146.0,599.0,0.002434,2,1,343
2025-05-14 17:09:36,066b610195a39523a3f7e68cd438a847cc0ee2bb994b2acb0901116da8a4c475,896699,195383.0,599.0,0.003066,2,1,343
2025-05-14 17:09:36,29cd658c54b381c3e12fdbb0a5627eff627d89b6c57a7ce19ee49093ae083371,896699,1495065.0,556.0,0.000372,1,2,249
2025-05-14 17:09:36,ee653e97b4556d959e0b39f69fae4f24387b4ca50c8f44a9fde10ec5518537c6,896699,8814642.0,470.0,5.3e-05,1,2,223
2025-05-14 17:09:36,d035436aabacc0159582f924637960be94e614e2c06654097ed12858fbb7f075,896699,1821777.0,470.0,0.000258,1,2,223
2025-05-14 17:09:36,35d86ea487c087d7fd58aab9d761aa02615477b71d35a31677b446a5c1140570,896699,1983648.0,470.0,0.000237,1,2,223
2025-05-14 17:09:36,425a852b93a5964384a2fb6f60f225c24c375a32d4a35f58e6ec312f5b960324,896699,1023337.0,1142.0,0.001116,4,2,667
2025-05-14 17:09:36,b4d9676d2f199b6026ca18a2212c12e4ef3ede6ab0803c1deb30fcbcd048423d,896699,12854449.0,851.0,6.6e-05,2,1,339
2025-05-14 17:09:36,a40f7f7e0ecd489a32d9d2d007d7dd995738e880cb10f1368120eaf7d3357af4,896699,1066651.0,914.0,0.000857,3,2,518
2025-05-14 17:09:36,c9aebb3cf00332a9b5285e64290cb6dabc52e4142b488a1b23bf6607e18d6335,896699,57013.0,914.0,0.016031,3,2,519
2025-05-14 17:09:36,8d2408891385e00f1a2d0e6c0755bfb4822b02868589d650ab8f34d353cdf02f,896699,91469970.0,536.0,6e-06,1,2,222
2025-05-14 17:09:36,fd1ea00acfe4763da839117496419b56cb5095bd4127cfe4ffeabb7e6bc7af47,896699,92517797.0,444.0,5e-06,1,2,222
2025-05-14 17:09:36,47b9c3be1d83e86a8643f7024ba69826488fceccd36748b1c376c2ebf93e56c9,896699,92740616.0,444.0,5e-06,1,2,222
2025-05-14 17:09:36,e13cde466a3372ff8042775d1615561aee006acfdd04ae949b185c44bed0377c,896699,94590605.0,444.0,5e-06,1,2,222
2025-05-14 17:09:36,a690f3d995bb1fada9ca02db7b9f8d27b1ace534882c47423e462039cdac4c00,896699,12131234.0,474.0,3.9e-05,1,2,224
2025-05-14 17:09:36,9c101b73dee21a842645cd2ad40687481e5f2f729738357e9763d737a129bb14,896699,56663368.0,736.0,1.3e-05,1,2,222
2025-05-14 17:09:36,ac5a6b5e5f93cd64abd5db46901f2cfc5e965d0971fb92737e63e82e93800224,896699,9587.0,1682.0,0.175446,5,1,831
2025-05-14 17:09:36,a7671689b77fcda148911a6d210069da79001993460534896d10b5a143558dd4,896699,49635.0,365.0,0.007354,1,1,192
2025-05-14 17:09:36,a8651c2c20ee49353f4557375d28fedf6fdcdda08789078cd4c4aee846eab76a,896699,199635.0,365.0,0.001828,1,1,191
2025-05-14 17:09:36,cecf727726c03d816f0eba926b04a6b89b70e47c3d57d118bda22f4b24673aca,896699,3371648.0,697.0,0.000207,2,2,372
2025-05-14 17:09:36,7e87a63c08d5b55c9bc569fb4e24db574c9de850f973f01cd737a75c4c29fa4a,896699,151741.0,697.0,0.004593,2,2,372
2025-05-14 17:09:36,c0e95d6628e2382fea3755a80f6a3698478b10d2389725e633991f3bcbabc33c,896699,632239.0,697.0,0.001102,2,2,372
2025-05-14 17:09:36,de0918fbf30d8abe65002a661f21c764d7932eeed4addad059c8f6efa6941fef,896699,3650427713.0,468.0,0.0,1,2,222
2025-05-14 17:09:36,eeb2d80054ce72a0fc1cf2279a0f4b8f458587d684347a7a6c0e721341b81f67,896699,127877.0,468.0,0.00366,1,2,222
2025-05-14 17:09:36,af868ec4600d4a53440ca53637cff08bd5b6e4a0324161ba58f6d0951ec2aa01,896699,1768156.0,468.0,0.000265,1,2,222
2025-05-14 17:09:36,7ee2a0607362a846d6af316a2ec2b10f823ad88f33493f6df08f1815cf152173,896699,1145405.0,1269.0,0.001108,2,2,382
2025-05-14 17:09:36,1affec73a4162a425e2b71d8c1ac9edb6fba0e3d9274ab054102f5b224fdf549,896699,282122.0,731.0,0.002591,1,2,220
2025-05-14 17:09:36,1213af7e8e0719d02deb775286d3302ddfc7e20c7f91278faecf90cd4e691afb,896699,331985.0,684.0,0.00206,1,1,152
2025-05-14 17:09:36,c6feb378615a74652d401956432a11bba438522b110f3eb78c8cc80d21593e8b,896699,332669.0,224.0,0.000673,1,1,405
2025-05-14 17:09:36,c1cbc79ab7078e4c557d7a6f63c8160dba5603bfe4fcf9816d8059dda3f96c31,896699,3073531.0,853.0,0.000278,2,2,418
2025-05-14 17:09:36,6aea395ac002f20351d2582bde1f92e7fd4f84d11874af2091c8fc121f817edb,896699,97045.0,550.0,0.005667,1,2,247
2025-05-14 17:09:36,6719c8744ed13647ceb6e5c4509e4e6a0e72af2469dcad8db490db9d4e9043cc,896699,40635.0,1260.0,0.031008,3,5,591
2025-05-14 17:09:36,43024c7b4423b9e5122fffa90bd1f6cfc890bceb6463eb8fa1419317fa5c2141,896699,10170.0,550.0,0.054081,1,2,247
2025-05-14 17:09:36,d30a67b57e3b1eb593e43972db2f1d16dd49902111e7b52bed11b48f3f1e731c,896699,915290.0,470.0,0.000513,1,2,222
2025-05-14 17:09:36,b6e77f60fd01f6157aadc0b191ce4333a3a65b647a2b8eb62d56d07b1062bdd6,896699,1668894.0,6889.0,0.004128,23,17,3209
2025-05-14 17:09:36,a4f48681d918baf2a9483fd861f7d376b53ddf18bf7fe8e5fadfb19288da89f8,896699,345643.0,697.0,0.002017,2,2,371
2025-05-14 17:09:36,35aa16631e9dadbac0cc08df7f45a42bd36f6faca174ce3ddd2d3480304b6ef7,896699,821842.0,697.0,0.000848,2,2,371
2025-05-14 17:09:36,befbe721b12f450c0e3f4f51835815214ca7cd0b2c1edb4beea3bc36935ca4d9,896699,477757.0,697.0,0.001459,2,2,372
2025-05-14 17:09:36,8289af1c4280442a9f5b5d4500d320b0083356ea9dcc575060c7196ffde370a4,896699,16649134.0,697.0,4.2e-05,2,2,371
2025-05-14 17:09:36,9feb7c1a8c27b96be5788447b80b06438fad43783dcea3d88a450b3427a06ca1,896699,898825.0,697.0,0.000775,2,2,371
2025-05-14 17:09:36,26ded394985e55c8b0a42efec95d74f44f65f998e8c043f917a11b411482706a,896699,945306.0,697.0,0.000737,2,2,371
2025-05-14 17:09:36,da88eb5cd2c241822a269e240ba7b9e5c4bf56c1af81eb34481a29f4ad88974e,896699,33656.0,697.0,0.02071,2,2,371
2025-05-14 17:09:36,a77e04fe2a4e953b237965e24f1b1f41b460e16c1a998d0ca2146d7c8dce1b21,896699,62870.0,697.0,0.011086,2,2,371
2025-05-14 17:09:36,0154b4b8cd6e1554ba725724150be8389cd43323679a745c35960f3f9b57b71c,896699,730501.0,697.0,0.000954,2,2,372
2025-05-14 17:09:36,c8c27a5af41d37940405e5fba6460eb4c245bf2ea70971ef0f0957664e9d3418,896699,19251.0,697.0,0.036206,2,2,371
2025-05-14 17:09:36,4758ec64447fdc47744d5d043c5e67489894ce75e63526cbbdcced435e298d05,896699,93285.0,697.0,0.007472,2,2,372
2025-05-14 17:09:36,909a483bc338f0ee0cd1da99e81346e6b6296d028ff3b1f23e138f255649983b,896699,59493.0,367.0,0.006169,1,1,191
2025-05-14 17:09:36,044e1491a099e678900d723a26bcdc09efd2b337dc32815868e2ba1771fcc8c1,896699,263664.0,599.0,0.002272,2,1,341
2025-05-14 17:09:36,bf1ac4e9075c18a0c0e6179cf42b596404afaed9e678336b03a177883142cefe,896699,339570.0,482.0,0.001419,1,2,225
2025-05-14 17:09:36,53f8e56c6a1907fc6b13668e70375ff2d73f27b2fae1ea3747cb8b0cc9431cfd,896699,2155696.0,482.0,0.000224,1,2,226
2025-05-14 17:09:36,d8c7df342712f8342947d5534757d656f556dfcb5da15090b7fa3492fc076df3,896699,645229.0,482.0,0.000747,1,2,225
2025-05-14 17:09:36,3273a0a8f34e3a61ee81218eaaf4895d87f4997bb056b54fa2d32d6bf7d6bee8,896699,17798.0,482.0,0.027082,1,2,226
2025-05-14 17:09:36,ec030f42475efe61d160cfce7190022877d59b9284ee725e1b34cff897f5a3bd,896699,89452.0,482.0,0.005388,1,2,226
2025-05-14 17:09:36,cfe343aaa8d54b5c275903a561c2c5b6288e1522923f537796c4d275431568bc,896699,645654.0,482.0,0.000747,1,2,226
2025-05-14 17:09:36,9f3d6b290ce67ebcb16f82c388eae3fa602b5ef60652b7881a8783accb0f7e86,896699,1975246.0,482.0,0.000244,1,2,226
2025-05-14 17:09:36,83e32265637b8d063ffec5355e610918e173d717fbc42c46a11427480c81d184,896699,280437.0,482.0,0.001719,1,2,225
2025-05-14 17:09:36,400510979e586173360abd0a4f668f72ecb0101d99786fc159c56ec2e4b52f79,896699,162461.0,482.0,0.002967,1,2,225
2025-05-14 17:09:36,59207702493ca061bc2485eed5aa140f8f6b6015c4ea134f891df7e92e457a6b,896699,40529.0,482.0,0.011893,1,2,225
2025-05-14 17:09:36,e93959c3466fcb6b6eafc075052fa6e7ded641c426669ec6e9b92e0e01f89563,896699,171629.0,482.0,0.002808,1,2,225
2025-05-14 17:09:36,d778dca25697133231468d1b81f4f18ae176287d5113975a26a5297d1e5c3240,896699,9850128.0,482.0,4.9e-05,1,2,226
2025-05-14 17:09:36,88aa7680b21e0ac40605ed40cdd48f79d0cf6a657f5ea1495c563082ddeb1a14,896699,1074897.0,482.0,0.000448,1,2,226
2025-05-14 17:09:36,fdca0cd3291cbb06ee93c7cf89ee44d704b9f2e93d7576005764760b34214409,896699,325261.0,482.0,0.001482,1,2,225
2025-05-14 17:09:36,bb6149ee339f22b7695d9021b881a8c6235df32b289b6b5aad8a53cc115d7efb,896699,80598.0,462.0,0.005732,1,1,303
2025-05-14 17:09:36,32ca85332089089193c24d178febf4519f0f5ac40e514e4280c4471d88e29867,896699,335834.0,462.0,0.001376,1,1,303
2025-05-14 17:09:36,555ef1bedaf382ec74f01ae52f62942078481e9a0f665b026f7677abb7c754b8,896699,1325829.0,697.0,0.000526,2,2,370
2025-05-14 17:09:36,c63af276c998e53b705b8f80040aa35f260e5718ea4b0bbec83af7c71c7f5e89,896699,782928.0,697.0,0.00089,2,2,370
2025-05-14 17:09:36,9ecb5883a6a3335cec1120bccba07542069e97d06e346901cec1619659d5026f,896699,864241.0,697.0,0.000806,2,2,370
2025-05-14 17:09:36,bca566e5ec2fa9273d0f6be12d33935b0a1c69176e3d51d94f984682e84a3138,896699,60685.0,697.0,0.011486,2,2,370
2025-05-14 17:09:36,cc7c5cbbb47959f4ecba5e4c794e08ea2d0d2f9858bd2e4ad0d4b617ad184d05,896699,42340185.0,697.0,1.6e-05,2,2,370
2025-05-14 17:09:36,a95e68cdb20e230cd85a7dc60ede7803214648a475efc533f3e9876acc930bb9,896699,2199348.0,664.0,0.000302,1,2,247
2025-05-14 17:09:36,a069e474651c569cae52da3ff1bdb8bf55fe0ee70bbbb0fd9ad5c4c9428626fe,896699,2400012.0,498.0,0.000207,1,2,246
2025-05-14 17:09:36,3111bc7fcf429149b7770f96b22beccbe7baca1d6c8a0c36ff2dcbb0b73bfb34,896699,2474510.0,498.0,0.000201,1,2,246
2025-05-14 17:09:36,0ebe63e1aff63e79a047ed34511c33aea97ecd699e3419537983658c30eb2cf0,896699,38090.0,550.0,0.014439,1,2,245
2025-05-14 17:09:36,388bfdf8a51b211972a54dca5e71d2d01413236ca06b1c85c963a9d00454afb0,896699,46837.0,550.0,0.011743,1,2,246
2025-05-14 17:09:36,136fce47e39aceb00e9a0e83099537bbde0bc64e3808c2ab400564771315c3a3,896699,25578.0,550.0,0.021503,1,2,246
2025-05-14 17:09:36,c5593127445c49d2f3c5dc220587278538bde9a40031adf9371f0fe7f65d3090,896699,235991.0,550.0,0.002331,1,2,246
2025-05-14 17:09:36,20eddfc869479d5d6bfdf163a2b119d42521f5886d0e38453fde50969e015b55,896699,13126.0,550.0,0.041902,1,2,246
2025-05-14 17:09:36,955bf9bd15440715cc4b19220fa071e2396f912f9870ad9b746b8d5cb4e84849,896699,12733.0,550.0,0.043195,1,2,245
2025-05-14 17:09:36,5b70abce7693997629c583fee8a9e387e8be3cf181f7e83d94d1fdc04845251f,896699,15861.0,550.0,0.034676,1,2,245
2025-05-14 17:09:36,076b6cb8caeaa1b4d116dc7630009c8d305ba509675350cfa9d2efe01ea90f03,896699,10396.0,550.0,0.052905,1,2,246
2025-05-14 17:09:36,b7fe15747a224b07f318651fd8b5ef58dd493b4e137d6fbb9a74bcd802cc4d51,896699,336645.0,1278.0,0.003796,5,1,783
2025-05-14 17:09:36,e6beb80f7fea2a027e03afa2f01bda0d26e81be0c29246862708033e54b7c9f6,896699,312616.0,900.0,0.002879,1,2,224
2025-05-14 17:09:36,7e1076a60e1b04724165f752cb4a1bcbb06b59b53ce27868124b5ca749abf133,896699,323192.0,900.0,0.002785,1,2,224
2025-05-14 17:09:36,df368ae7e63e32025c04dea689f8db77773d544c1075a915be2e357a85748500,896699,328930.0,448.0,0.001362,1,2,222
2025-05-14 17:09:36,8247674ec8c4cf95634809efee2b18d70f86cd0bb82bccd510a3424ceb8deb5e,896699,695134.0,896.0,0.001289,1,2,222
2025-05-14 17:09:36,c6bcff8c2329d32dbcf2a17ed5a27a3769b601f417bcd34786c2331a7ce16bb6,896699,705630.0,675.0,0.000957,1,2,223
2025-05-14 17:09:36,a7e2b594e4ac3d714f6c38b48582856e32fa4191c28aa467cb51a5b5c1dbcfc6,896699,715905.0,672.0,0.000939,1,2,223
2025-05-14 17:09:36,e624dbd1188fd8d40424e304aceae8cd5ad2a569a9e05bff71a6d162fde1d780,896699,167460.0,1744.0,0.010414,7,1,1082
2025-05-14 17:09:36,5d70bdf8de51c02b9dd2402980f656acfc5f26cb3cfe37ef26e74b36e7aa7a74,896699,905204.0,373.0,0.000412,1,1,193
2025-05-14 17:09:36,84b20d029d3422c47942a7bd505b25831c50dcddaa76dd94e1861876a0e763f6,896699,2100000.0,333.0,0.000159,1,1,150
2025-05-14 17:09:36,b6e261b190b8451798aefbad2ad00bf9d8864d820e5bbd5abf8fc4d036e79939,896699,1448977.0,333.0,0.00023,1,1,150
2025-05-17 09:37:04,1bc91e05cfdeb0e5f79c690e08dfd744c7c7403d2d026d2df3002c6146765efd,897084,298505.0,1410.0,0.004724,1,2,222
2025-05-17 09:37:04,823d036590b758e21928108dfa8636689635bbe6f1031b8f50896bd4c76675fa,897084,316887.0,1430.0,0.004513,1,2,224
2025-05-17 09:37:04,5ddd0495551217c5c7d0ae521790d4aa37b319d9330f45e79148637f75a02ef9,897084,83806.0,1410.0,0.016825,1,2,222
2025-05-17 09:37:04,e44f96a2ded27644388352f49777f600963ecf2a8c396dcb9945c4d5a8a409f7,897084,132476.0,1450.0,0.010945,1,2,196
2025-05-17 09:37:04,ec9dd5cede01e1db195279db47e5e2e429612a5eee44ab8cec182d7ba36222ef,897084,2534849.0,1440.0,0.000568,1,2,225
2025-05-17 09:37:04,7b88e65a740254baa25acc39727a526e6271df1d96a722e5af2c85c6c8852fd8,897084,76433490.0,1410.0,1.8e-05,1,2,222
2025-05-17 09:37:04,a0a8a472a2a0d6dcfcf672ee1b1551a388d5005e01f167d8696e109254bd76d4,897084,1324990.0,1410.0,0.001064,1,2,222
2025-05-17 09:37:04,358fdf0fa40d75cdc7ab510e8105c3f39cc4732a04f44c1333054281c8fba9bb,897084,50003313.0,1440.0,2.9e-05,1,2,226
2025-05-17 09:37:04,533e4370dbbfb3586a58f545d52ca64c18c1920bee231cfc44234d1b8473d4a1,897084,825061.0,1410.0,0.001709,1,2,222
2025-05-17 09:37:04,d0c18a8eb8b64408552234f742611bf6a64c450c307f244a6fa4cc99d69ee170,897084,933163.0,1410.0,0.001511,1,2,222
2025-05-17 09:37:04,d7c99e60c2d4bccfec0b518fbacae05fd7813e982c34418ae4e29f22b77e783f,897084,57288.0,1100.0,0.019201,1,1,192
2025-05-17 09:37:04,ad81e0be0df722ef17eed607259b56f1d417b625c87bc5085a8ecdb5e2768a3e,897084,841196.0,1100.0,0.001308,1,1,191
2025-05-17 09:37:04,881a0804eeeee4b2bacb1ff07e4b8a06f7e08b0497b2ce70a692290e010732aa,897084,180180.0,6880.0,0.038184,9,2,1415
2025-05-17 09:37:04,bb5036fa9a04a42505c5869fb23e216d6b8be7f52924d335a4e5874a9626c747,897084,863469.0,1132.0,0.001311,1,1,195
2025-05-17 09:37:04,fb2f7705cfa9c4d98ad026daa719771d1651a48141e33c5691a085948a24636e,897084,2092000.0,1776.0,0.000849,2,1,339
2025-05-17 09:37:04,4e41b9940e3e65ce95e08d1a7cffaf7e1ebec811245e7ac5ec14a298f2a2c514,897084,4577028.0,19460.0,0.004252,28,1,4187
2025-05-17 09:37:04,743ac64d4451b85046f4ac9e69628dcbd7e027effa54c9ce3fdd2b12302d097f,897084,86821.0,1115.0,0.012843,1,1,192
2025-05-17 09:37:04,a1fe15be60007ac528bf12e83f3ba57a11fabbe7a8bcfe05092db8ae7dd14942,897084,142795.0,2230.0,0.015617,1,2,222
2025-05-17 09:37:04,ecb801ea9ce9cb0423ea072f4b4f7558858a6c7041db67c8bef7e1d3f8e6346a,897084,449796.0,2100.0,0.004669,2,2,371
2025-05-17 09:37:04,67c8a7144bbe61fa5759399b75e7a5343d6fb546787437008c6732855ac239fc,897084,30000.0,1116.0,0.0372,1,1,162
2025-05-17 09:37:04,f33307e6c941743b0a792c53181384dfb33df981947cc599d460067618dc3184,897084,1325613.0,3090.0,0.002331,3,3,549
2025-05-17 09:37:04,64fd37e844f8dd4b1df74ec031927caf7c2cda2f05ef17b8aceed9c50bd1fd93,897084,195747.0,1460.0,0.007459,1,2,225
2025-05-17 09:37:04,0153549a9ee546d6f1dd6b711d6a2eb55adc9d89935e50b73b3fd808422e169c,897084,997447.0,2260.0,0.002266,1,2,222
2025-05-17 09:37:04,a388142acb181a8cd6fecd0d515997b8206764b6092e366e096ffb388fd75593,897084,1072701.0,2260.0,0.002107,1,2,222
2025-05-17 09:37:04,ee16792f08a01f4086884b734205b0f7a3ffa133b5314b4761644e9a51eb05ea,897084,3415598.0,2450.0,0.000717,2,3,401
2025-05-17 09:37:04,65b5cf849b9dc1e021a21a7a29e8013f68934b1b8f442f4fb6ec30c8be7b3207,897084,1112122.0,2557.0,0.002299,3,1,491
2025-05-17 09:37:04,6578bc994abde77d64c95744b777ce2db5b4f6370aecac0ce6e2bafe8ee53871,897084,1048808.0,1460.0,0.001392,1,2,223
2025-05-17 09:37:04,a1ddb7e9daefa489051c2b46c8ea65f9a720f1de22e204a2dd61b1108f49ed2f,897084,338271.0,1460.0,0.004316,1,2,223
2025-05-17 09:37:04,8f8f11c84f2a04ff7c8c621db77c527d23e2045d47ecaed72a89033155f81ab5,897084,93850.0,1475.0,0.015717,1,2,222
2025-05-17 09:37:04,0ab41130eed8f4077914b9b8da4758ff4e6a26dc01c9420d9fedb3fdd27b6e8c,897084,14000.0,2365.0,0.168929,3,1,376
2025-05-17 09:37:04,4461d41919f8309c26f282976d2f5a7a85e20585147786b007bb28e6248a68e9,897084,98216.0,1512.0,0.015395,1,2,226
2025-05-17 09:37:04,074ff755b8c8f9aa0d7bf3eee01a6343cb9db0beb186265258b89aef58ef21da,897084,4812628.0,1481.0,0.000308,1,2,223
2025-05-17 09:37:04,886749ecf7284e1578889663191945eea61e80d2902a3c232fb78d1e4ad4fadc,897084,638012.0,1509.0,0.002365,1,2,222
2025-05-17 09:37:04,69e9dfdd18397ea16d17c466ea42789310ad8dc0548a05415a0f7d43923f3c90,897084,264231.0,2142.0,0.008107,1,1,200
2025-05-17 09:37:04,440d65f99a94a9525da1cb45c7673138231564e3e22491ff8839d51e8d9b9173,897084,475398.0,2358.0,0.00496,1,1,220
2025-05-17 09:37:04,2d6402d20fb11a8146ca9d2281bda2e4afae0199a13ce6411deed98323e6fc41,897084,7062384.0,2035.0,0.000288,1,2,381
2025-05-17 09:37:04,833e1e2a2810f80b5d7bd26791ce42cfef31bb1fd3bdaa52e3cbfd99fde7aa3f,897084,4699449.0,3985.0,0.000848,1,2,369
2025-05-17 09:37:04,9a0330f599c429f82099196581b30d8d1faf60a89557ee37292eedab926149d4,897084,186067300.0,2268.0,1.2e-05,2,2,372
2025-05-17 09:37:04,57f5dcab22be9c800ff631988f3a35333116e194293095e9dfce93f3d906462a,897084,91446019.0,4018.0,4.4e-05,2,2,369
2025-05-17 09:37:04,9d052832e199d545edaac2bbe0aef8c5092cb89d0331db6400972886202deff9,897084,2370.0,8815.0,3.719409,1,3,419
2025-05-17 09:37:04,0fece3435f6fdab4ab0bb047282fcef8e52c7891b6c0461dfdf0d6f4027f693e,897084,980000.0,3118.0,0.003182,4,1,483
2025-05-17 09:37:04,c76cff2472a3279a925d7c7cd1956a714bd4a17bad2e5ac64363baec0f7a5f6c,897084,2950320.0,1220.0,0.000414,1,1,192
2025-05-17 09:37:04,8b374f2af7585a7a0e6bd4996e7e45d09f3604b1952d488b7f3581ced8ac9fda,897084,1084306.0,2233.0,0.002059,1,4,284
2025-05-17 09:37:04,b68d0fd0895ccd7d8bbe3272795d152e5d8f4bb4c2d4af108fea46610e8822c8,897084,1133959.0,1683.0,0.001484,1,2,235
2025-05-17 09:37:04,1cd1960d2977c24dcedb755f972bc06d13043d0f35624fb85be50d889520d086,897084,317648.0,1584.0,0.004987,1,2,226
2025-05-17 09:37:04,f5379dbd692a4a08e645260d9a3f8ff76c33bd95ff8709521a26a4a1207b8380,897084,4530927.0,1925.0,0.000425,1,3,256
2025-05-17 09:37:04,919dc9900b4fcb55624d97c5a8a4573a544dc5c8bec516e1d2006fcbb1aff166,897084,7931867.0,1584.0,0.0002,1,2,225
2025-05-17 09:37:04,4ee83365c5b1f103be9c093f36660424d2511f9ab9c225685ad102d26230f457,897084,27299856.0,14619.0,0.000535,19,1,2855
2025-05-17 09:37:04,7aca370db77fc277554c08f6b0f4b762904eb327195de960b119f25485035954,897084,3928431.0,1683.0,0.000428,1,2,235
2025-05-17 09:37:04,ccfabe146720a1fa9868cee075661982d2369bb9e458c0871f71a5da43d1f552,897084,1003896.0,1584.0,0.001578,1,2,225
2025-05-17 09:37:04,e5349386887070b6e36a35e60869d24c60c1c2a051b670a26e98cce5af1e283f,897084,2617317.0,2915.0,0.001114,1,6,346
2025-05-17 09:37:04,8ca6ae6d6c0385c8f6610c2ecf68a3f26781fe55ef67593d5937454d3bbb6b39,897084,7905244.0,1694.0,0.000214,1,2,205
2025-05-17 09:37:04,b450f93bfb44269893342a9ed89b8da8bff7e3f31275ce7e89b8aa7125d78735,897084,9201499.0,1551.0,0.000169,1,2,222
2025-05-17 09:37:04,b261ecfeac73303a3e9fa230b4e388a5bc85efd39f84e431974df0919606ca23,897084,697465.0,3256.0,0.004668,1,7,377
2025-05-17 09:37:04,cbf75b7eadb7923519fc6f257b2d5e53688321915c91a2d2005fb7bc3c1032f8,897084,971044.0,9482.0,0.009765,9,1,1587
2025-05-17 09:37:04,7ea33cf43d948f7ca98815bec9169dbb7b9bbdecddabe68e4e0e7e947437c284,897084,997480.0,4092.0,0.004102,2,2,371
2025-05-17 09:37:04,be8d066e29e46bd7f9855147abd52c7feaf101bb0f0fabb0dcd09bc0b6ac79e7,897084,57170.0,3454.0,0.060416,4,1,636
2025-05-17 09:37:04,1e495397299158ad35bf86894537268766b38f64917bb4869272c6432a92e5f7,897084,111780.0,1220.0,0.010914,1,1,191
2025-05-17 09:37:04,45f830a16959191ac37fef947ab5fd929c22f9637a347b423376425410115529,897084,50527.0,1256.0,0.024858,1,1,194
2025-05-17 09:37:04,1c3ed083cb9beb2de4a64f6fc09a8a9f1ee55c91c259d6f11afb58ab506520bc,897084,86063.0,2547.0,0.029595,1,2,225
2025-05-17 09:37:04,db460169966d1464715998a70282ae1eeb19491821879342f1fb0909c099fb7e,897084,575634.0,2912.0,0.005059,2,2,418
2025-05-17 09:37:04,a853c63a8dac1311de3b2c1e0bb49012ab6ec5ae3b1819546af3ce0c641151e3,897084,384819.0,2028.0,0.00527,2,1,339
2025-05-17 09:37:04,c1a7b508644f4f677f04314a71c4734fceeebc2e2607fc9a35b5135516cf5736,897084,41390671.0,3040.0,7.3e-05,1,4,346
2025-05-17 09:37:04,e3a3786828dc27bc49a69aef614162058367839c7d3ac0ceee525e3cea2c0dd3,897084,4858.0,1270.0,0.261424,1,1,192
2025-05-17 09:37:04,f2b266a7559b0ccbe06dbc54c78636854950248459a7df1c34159938a8a9f51d,897084,37288395.0,2000.0,5.4e-05,1,3,254
2025-05-17 09:37:04,f9bc02e6b2d58878bd5d8088a514bb2cc03f5cbfe48305807e7e17d6d94fc963,897084,1273477.0,5830.0,0.004578,4,6,699
2025-05-17 09:37:04,8be7e1c517363dc6f6c878f7afd39ced971ef0be2cfe26697690ab2995d37ee3,897084,26488537.0,2730.0,0.000103,1,4,315
2025-05-17 09:37:04,6341b7f02bbd47e4fb2db5400dd5c456ca32f984db77bb65a9792630cec3fc0e,897084,19900.0,3000.0,0.150754,2,2,418
2025-05-17 09:37:04,17c1057bec1118dd5c5475fb044c2bbf70bbfd351e2d03f673e1e5dee478b2fb,897084,408429.0,1571.0,0.003846,1,1,216
2025-05-17 09:37:04,6f123b319a477f9917e5d9da45435bca75473cb49d45a163b3197b8975bb49ec,897084,652158.0,1571.0,0.002409,1,1,216
2025-05-17 09:37:04,7e114e6f2a4fda66c36984b3f3b8e608941060bf808d44263daf94a4d4a2a5f0,897084,743224.0,1576.0,0.00212,1,1,216
2025-05-17 09:37:04,c594d406be0653bf0e6aa80b10c22b90ea2ef935abf7ea186aa3a59b774e7a13,897084,378424.0,1576.0,0.004165,1,1,215
2025-05-17 09:37:04,bab3ab45e790580a2a501bdaa3ef4772c26ac34dbb999e2d1d27cecdc2c91182,897084,188902437.0,3751.0,2e-05,1,5,316
2025-05-17 09:37:04,86d6c7920e616b28b0ef37d5c73412d929c12c14276fbacb6005e9328c79a495,897084,1338407.0,1695.0,0.001266,1,2,224
2025-05-17 09:37:04,14ca816e9a5a8fc1776b02a14377c8e5e3b7feebf3bca3b63805e0134bee88bf,897084,95250.0,1848.0,0.019402,1,2,205
2025-05-17 09:37:04,aa6363b56dd9468c9ec90ae84caf083a35c44b2f2b16e658f305be828eddeb07,897084,20269699.0,1320.0,6.5e-05,1,1,191
2025-05-17 09:37:04,69ebfaf547bca3c7f240e3b4ea6ba803d7f7abfaeabc0d4a50a0de1561184609,897084,7525900.0,1701.0,0.000226,1,2,222
2025-05-17 09:37:04,54c41257f2fd9bf3801eff0743bfd9900c25d78da97b2f053487b54daac1fe2a,897084,14206325.0,2553.0,0.00018,2,2,373
2025-05-17 09:37:04,e932ed7ea9f3a727c15084c07efcea211c5e386a90592e309879571f225f08b7,897084,191925.0,1364.0,0.007107,1,1,192
2025-05-17 09:37:04,547851e9e0ada876d07c7476417693e78abe8a0f93cc96f7ae2f9c557657d757,897084,5206306.0,3820.0,0.000734,1,1,189
2025-05-17 09:37:04,a7f16c0bf9eb8440294118d245467cb4cfc7a5d99414420ff50b30e47b5576db,897084,247824619.0,1771.0,7e-06,1,4,481
2025-05-17 09:37:04,c8501ae942c3c404a347714a877feab6f11805de8741c4eaf790f856eee08f2f,897084,80226.0,2774.0,0.034577,1,2,225
2025-05-17 09:37:04,4b46bd75fed4bec4d113bb769c76fbe7d9c9ec1c92b446588c53218b48fc6970,897084,192198.0,1386.0,0.007211,1,1,193
2025-05-17 09:37:04,301244ccc348ea73f5c63c3feb20a0fe47f42b6163c6d4c8458d2f49abe48d21,897084,15539598.0,12456.0,0.000802,6,3,991
2025-05-17 09:37:04,467527f378eb2ef90eb9242b29db74efa80412293806cd68e878cf4e760278d7,897084,9146770.0,1818.0,0.000199,1,2,222
2025-05-17 09:37:04,281e451d21675255ca4ad3a06d776554fb884f4dfa0133e0b452df2677770739,897084,25239881.0,1818.0,7.2e-05,1,2,222
2025-05-17 09:37:04,594c4889ad11d2289aed64c6bfcedc5ebd85ebdf00d07bfef1acd2e42720bdc5,897084,724560.0,1833.0,0.00253,1,2,222
2025-05-17 09:37:04,25684c0315f70144bb67408468680458751d1c71e2003d4bda86aec48de6e2b6,897084,547741.0,1859.0,0.003394,1,1,325
2025-05-17 09:37:04,7269ce434168f09c2010e5b0e4808ba0d8e61341271a28bcbe3ec7f039c7d9a0,897084,1436680.0,3094.0,0.002154,1,5,319
2025-05-17 09:37:04,c2abf69ddc1eeb6f8cd813f83cef5464ba5f7f5a63a6ad1fb5d844c030d39c52,897084,547341.0,1859.0,0.003396,1,1,325
2025-05-17 09:37:04,27672a77ec269b1c9f45b58a0a5a768e3da199e6bc11dc218d4061893283ba2e,897084,1707237.0,2899.0,0.001698,1,2,223
2025-05-17 09:37:04,f2b526d5ab6bbd60a76a60ca51d49fcaa469d39a2c7fa81bef81f007ef47f017,897084,549741.0,1859.0,0.003382,1,1,324
2025-05-17 09:37:04,cd7c78d9d08ce5bef7b72b1caf9015620c44997a0e77d7a171e1c62f9857cf15,897084,137535330.0,3523.0,2.6e-05,1,6,353
2025-05-17 09:37:04,029d4c1660b92f34daf7ba8ce1d5789e63b8bff5404f67de60e9e128b2f73a13,897084,138399844.0,3120.0,2.3e-05,1,5,321
2025-05-17 09:37:04,fbfac4f057f499d07e1e97646e5271c6c727fd2b7a59d5cee7d8742432e8ae0f,897084,307330.0,4108.0,0.013367,3,1,559
2025-05-17 09:37:04,55ab8b5147f87638bf46d8d935927891b07e8c9fb4ebccfe4713e192e2827705,897084,547741.0,1859.0,0.003394,1,1,325
2025-05-17 09:37:04,57faeef7699ebf1ae71882ac3149e2320556d8429d3a5972796f194cd6742342,897084,12431907.0,10023.0,0.000806,8,1,1415
2025-05-17 09:37:04,338ffd1307c8ade9d99f10bd60f42d89fc3747ff01600c1aee6d3d3cdf3e35e6,897084,25895292.0,5134.0,0.000198,1,10,476
2025-05-17 09:37:04,1e6e324cbf0b770f8a1a79700baad30f0f2a9d0f25296ddb1c4c9eae337623ca,897084,96849.0,2325.0,0.024006,2,1,339
2025-05-17 09:37:04,fe85eb5259aa9d20e46ab7889a780896cc1898d5f3e985191e5f45bfaa8d4156,897084,51443.0,1496.0,0.029081,1,1,194
2025-05-11 22:58:45,7318eba3cf7844c14abc4721eec20ae0a91a3b8e218b6a59893e71185603589e,896321,22363957.0,430.0,1.9e-05,1,8,415
2025-05-11 22:58:45,2bd1f219878eda96334e795c73e2fe10f8b14f09c8e657c53452977833b945b1,896321,2986344.0,563.0,0.000189,4,2,666
2025-05-11 22:58:45,ff450365fc0fde7ac450ed1308eb497878ad22cd62ceb74104ced4a00876a0c2,896321,3099791.0,209.0,6.7e-05,2,2,370
2025-05-11 22:58:45,42f0b656013f7b5487df5b6308a92e5286ec5b1ca21c69d8bb87acb7a093c056,896321,2177854.0,209.0,9.6e-05,2,2,370
2025-05-11 22:58:45,45b0d5d44fe7bec0fdaa236c151e90b8834fc53c0c81f0737abe717ebf64bd90,896321,19786.0,224.0,0.011321,1,1,407
2025-05-11 22:58:45,fffc52f387fe01cdf7707c9ede5e067b5e2779c81056afc87897e026bb7ef8d4,896321,330.0,196.0,0.593939,1,1,320
2025-05-11 22:58:45,d0aa9614223ed8255160ba54801a7bf143addb1a47cf408651e7ccfc27e44bc0,896321,330.0,196.0,0.593939,1,1,320
2025-05-11 22:58:45,195f0f466b5e22e35e2cd22e689077f80c0b02f25783a0e983948c1659eaa6bc,896321,330.0,196.0,0.593939,1,1,320
2025-05-11 22:58:45,ddc14293684fcde61bc08791a2f469e07a35d05a40c555967169cfa7e899929f,896321,330.0,196.0,0.593939,1,1,320
2025-05-11 22:58:45,8cd8fcd1ff201027e3105f1079cffea22da65750a050497614de40d119273779,896321,330.0,196.0,0.593939,1,1,320
2025-05-11 22:58:45,6ed98c91358600771e943b9ca9a677b0c662a5f0578a69dbe2f21e4324188370,896321,330.0,196.0,0.593939,1,1,320
2025-05-11 22:58:45,1d81242fa428587a5172f7d6a5034480bca767358276ec60bd065a55d981c768,896321,330.0,196.0,0.593939,1,1,320
2025-05-11 22:58:45,3d05b2696ab8d20c12cad7eba19cd02b5c8d2912ea9e5e14676a01a3468d3e61,896321,330.0,196.0,0.593939,1,1,320
2025-05-11 22:58:45,9f43fd0d62dc560c4c7a7ec3d4f64c8bc82ad8f1a388773d588a94c9b32f245e,896321,330.0,196.0,0.593939,1,1,320
2025-05-11 22:58:45,53114dfe5fad94f70717fa5f002902732d15af4acc462ab8b57db573c5ab415d,896321,330.0,196.0,0.593939,1,1,320
2025-05-11 22:58:45,7735e13bfcc6e2a3611fc9b67a3a9fa33f4a661bd326b767ea9d1f2f5e3e9a49,896321,330.0,196.0,0.593939,1,1,320
2025-05-11 22:58:45,84b6703c997ed157e65fcad9432b02c0eea6d64ef9e8834eb9a7d48c2fe2fa24,896321,330.0,196.0,0.593939,1,1,320
2025-05-11 22:58:45,4f89363eb7012d9530422653c2f50354d8a8434b9397cfdeb3c06d7e84ddb320,896321,330.0,196.0,0.593939,1,1,320
2025-05-11 22:58:45,03f85eb4dd61f07de45350b31e32bc288ec5ac3c3542a8fe8eb487ee79935516,896321,330.0,196.0,0.593939,1,1,320
2025-05-11 22:58:45,c248aeb4667a3608700f4e703a8fd225abcd1cbdc48e7b5790d945a246159e0f,896321,330.0,196.0,0.593939,1,1,320
2025-05-11 22:58:45,12c4cff01c3089fb56688f4464d895ebfbcab8c7d1a6d90c7e0fd84ad2e91ed2,896321,146222.0,982.0,0.006716,1,16,807
2025-05-11 22:58:45,8824d8d54f04dd99b15fec2ec739509b9d34b0411cee080a71c8b2a906cc527a,896321,30388629.0,1314.0,4.3e-05,1,1,191
2025-05-11 22:58:45,52714109cfad7e1657f77b5b5bfeb38c80f40eab239039244e440e16bb1234ee,896321,46235041.0,6452.0,0.00014,2,178,6026
2025-05-11 22:58:45,841a9034aa791cff2fa1e45966837a293890daf29dc17aa67ffda72f959f466c,896321,24212.0,224.0,0.009252,1,1,406
2025-05-11 22:58:45,1d854905ec00034b6e492a84778a2d15447277dbce1a37da7cdaa1cc3c60a7d9,896321,80988952.0,531.0,7e-06,3,4,649
2025-05-11 22:58:45,cc6f1c8648e0cef07aea0d0f98fe7e1da48998749961e91b25c2a4e5756f92df,896321,91554.0,253.0,0.002763,1,2,358
2025-05-11 22:58:45,3c1704ab29d4293ab98b366dd954fb85c0633c9a035ce45e116168ea2d5315b7,896321,78838.0,188.0,0.002385,1,2,194
2025-05-11 22:58:45,c96caeb88dbc86619ac3b22ede982efa859b47e24ebc82db95cbcc814b83f326,896321,27365.0,188.0,0.00687,1,2,194
2025-05-11 22:58:45,fdc57822fa72f35915764fbfe2e0ea87186100f705fa321acf9cfe08df7909da,896321,45249243.0,2624.0,5.8e-05,13,2,1991
2025-05-11 22:58:45,72a502344b9406db4222bcde85f7f55a91d711cbaebd9bfe2629c82fec9a69d8,896321,468957491.0,1491.0,3e-06,2,31,1292
2025-05-11 22:58:45,3a10587880a0262f479de9ad548dbc8ba5b93389a6a83898173a4637768c4e77,896321,7738144.0,1448.0,0.000187,1,30,1179
2025-05-11 22:58:45,2e213a6980fd419224d31e230e86e669c20197d479cbda496d2fa6f355535959,896321,32381526.0,1782.0,5.5e-05,1,39,1431
2025-05-11 22:58:45,12d667ff6ea4e339061d7873de8e6b2eb6f015b537fa3185b146fd8a4f22136a,896321,100039264.0,1233.0,1.2e-05,1,27,1016
2025-05-11 22:58:45,e944be621134559e33afd886e2cd215f264dbc19f973ed430acaf96cf9c9d5ce,896321,6203337.0,1039.0,0.000167,1,22,869
2025-05-11 22:58:45,5301f6223ea49cfc426d4d1546d5b905265954e3b0fba070c60e04a1452c956b,896321,165856465.0,1711.0,1e-05,1,37,1378
2025-05-11 22:58:45,c55c820d1cf4f63f653b7645d47f7075509804b83b7747aa16fc726a099d4076,896321,40684555.0,1344.0,3.3e-05,1,29,1099
2025-05-11 22:58:45,b09c20fa70fdb4ea684d1f356758e056c59e9cd53ece1c91a2fe3055b3d0ad37,896321,6198512.0,1488.0,0.00024,1,31,1209
2025-05-11 22:58:45,a1747817e32b7402f701b20dfc9c9f25d957b9186735211775016e7968391cb6,896321,101388249.0,1121.0,1.1e-05,1,22,930
2025-05-11 22:58:45,4dc0c9cd08f2b80bfae5700a6b5637a007d1105681b7d793d0c0f37cc2467996,896321,77112644.0,1689.0,2.2e-05,1,37,1361
2025-05-11 22:58:45,41eaa07a59c92bd4cca9ca2b2507c562532e56141408b81b917f39bf646aa563,896321,9998336.0,1664.0,0.000166,1,36,1342
2025-05-11 22:58:45,1940a6a52690fa62514834cd794235ad0f666e8c24759db62984d40fd2100afb,896321,99998472.0,1528.0,1.5e-05,1,32,1238
2025-05-11 22:58:45,1647ca316144f0f263eb1f294eaf11ee7b11d22809ade3307ec76d5d1d8c725e,896321,4807829.0,1112.0,0.000231,1,23,923
2025-05-11 22:58:45,071b911e4451197670298d142bac3fe0f2da62b3f545df287fba0186469d76fa,896321,99998777.0,1223.0,1.2e-05,1,26,1007
2025-05-11 22:58:45,8d98969f8f42cf5c49af28709402eb0ac4108081f02ce4fee87917cd5e87bfd6,896321,3494.0,190.0,0.054379,1,2,194
2025-05-11 22:58:45,5a0005d99cd6d0dbeae090aaaeb3e73d83541e9d70588145c934daea1d0f4ad6,896321,1397845.0,190.0,0.000136,1,2,194
2025-05-11 22:58:45,5ef5e4a6efeafc5d55afa017b6e48a20166eba19fe8a893fe231873c1d2cd9f0,896321,5089.0,257.0,0.050501,1,1,406
2025-05-11 22:58:45,e007af1336eabf96a31ac9ae0bee6893b908d5ef01eed91c511b6637fe305d2f,896321,1634430.0,176.0,0.000108,1,2,234
2025-05-11 22:58:45,337704f81bdb5754f7ec4fe56658e6709c7cba5b99d0d934a1d6c41781bb7364,896321,391778.0,222.0,0.000567,1,2,247
2025-05-11 22:58:45,5b0d24d80d8e3ba92280082bce1113ae44d55fdc0bfaf1abfe8de6cce036d2e0,896321,67000.0,330.0,0.004925,3,1,488
2025-05-11 22:58:45,a0983a9d93129ce2701e3fdf2e2b954f5184d9d02000995a88ad9a24576ba5cb,896321,21722.0,260.0,0.011969,1,1,406
2025-05-11 22:58:45,c9372508a125acd2eae84ac6bf4bba775309ee43a3d2a5fdc39c1648a78fde7d,896321,1473814.0,178.0,0.000121,1,2,234
2025-05-11 22:58:45,b7d26e58bed7484fa4cc15d7724ff2c88dac655e532578141f8a45b30fd2d146,896321,21673.0,260.0,0.011996,1,1,406
2025-05-11 22:58:45,5f12129872882a35d9f1482a50411f0136a574687396ec1b7e0ef9d4a6cb4827,896321,1593910.0,178.0,0.000112,1,2,234
2025-05-11 22:58:45,ba0f698a890b678ad816784a10f1ba0f2070f1fe754aeb5caab3ddc3eacf1ff6,896321,3159387.0,337.0,0.000107,1,4,330
2025-05-11 22:58:45,0c64b176b016b41113a4ad3e686e63f988e15f4a4a602256162034d7f6b19957,896321,3875837.0,337.0,8.7e-05,1,4,330
2025-05-11 22:58:45,faad3b13897807d6cd964fc6a2462b22c487d413d8fc35a4b0b7758205c372b9,896321,69095924.0,305.0,4e-06,1,2,224
2025-05-11 22:58:45,50d247b1f6446ce65acdd8da21aaefe6a5edae2ed665640accfbab4ed34ee734,896321,69189229.0,305.0,4e-06,1,2,225
2025-05-11 22:58:45,43854297eab240fbd54981805ca652c0e3ff5e34f8beab05e89c7ec8d35f1dd1,896321,95811716.0,305.0,3e-06,1,2,223
2025-05-11 22:58:45,093489ec2ed7af940a97ae31fa52b5e7ecc5d9db4e00f8302c6f50c69cb455c1,896321,80315779.0,305.0,4e-06,1,2,223
2025-05-11 22:58:45,3e34a9f9e3d616f34e9f204cf62c9cb2dc83883747d49f99416868de81093c5c,896321,90690876.0,305.0,3e-06,1,2,223
2025-05-11 22:58:45,01d5c9d27008743caa925597a0b2bb1718f441e6c59063d3975cb6e5909c4621,896321,69216534.0,305.0,4e-06,1,2,223
2025-05-11 22:58:45,4d92a5a13953f4b0d9ec89983d565e612d05a05e0eb85f329ad56ab70e15c214,896321,20500.0,244.0,0.011902,2,1,340
2025-05-11 22:58:45,3adbbe81bc24f08fd6de5c996c24effbef15a0e81db5ddfebfb33557b1b75df1,896321,98221436.0,305.0,3e-06,1,2,222
2025-05-11 22:58:45,04b8106db6a5b3674e71756f6d15276c512b4d96de703dc7402acfee513df235,896321,69499439.0,305.0,4e-06,1,2,222
2025-05-11 22:58:45,556acd638189ac61d60fa539db21f91b4f3c7ba5f0279582dcaa74c666242cf1,896321,69905744.0,305.0,4e-06,1,2,222
2025-05-11 22:58:45,a7ccb08ac473e23cb6b6ff898f6fa442b07e439909c0d379ddc062e920d82070,896321,121448.0,308.0,0.002536,1,3,305
2025-05-11 22:58:45,a46d13c0217a860b8efe975d855ce507a063e8db5922bf48bb79d2f46ebde46b,896321,62900.0,195.0,0.0031,1,2,222
2025-05-11 22:58:45,2f9032a6e6e9dbab905ef949ba29c6c14c75b470c866f7cd35970f6f279205c5,896321,22018.0,222.0,0.010083,1,1,192
2025-05-11 22:58:45,258971d3b4f99d8303e3aefb808d6fcfb04ed802a5b464ac0a0fbb166e52b4e5,896321,88557910.0,1368.0,1.5e-05,1,30,1117
2025-05-11 22:58:45,dc32f3e5524669524955ca7942885be9e0bbc7bd64220e946f5367d5d107b3a4,896321,21733.0,260.0,0.011963,1,1,407
2025-05-11 22:58:45,ba899f6d5ebfedae6a57d16f1a90534edf8dd46c141a04bb0699843ffdb5f187,896321,1395849.0,192.0,0.000138,1,2,234
2025-05-11 22:58:45,b2202f45b08e9abe4fdfce551c7bec2f6692d4e219e885da935bc125ace0ecff,896321,43872518035.0,882.0,0.0,4,1,635
2025-05-11 22:58:45,30e2e4fa02260ccdaea4a5aeaeb001577d10d8b8820278342eefb6318efe61df,896321,73114.0,303.0,0.004144,1,3,299
2025-05-11 22:58:45,a4e6c86dd19140b5e99ccb8ded7c522bb01a5e1a31c11b837e7f1eaa6b444f82,896321,43868550774.0,882.0,0.0,4,1,634
2025-05-11 22:58:45,6e0fbfbc7fb23d5ff6eb15710c122dfadc4a95c19ae7f3300d26f25cbc7cb312,896321,115800.0,154.0,0.00133,1,1,191
2025-05-11 22:58:45,0eb13b28a1c85aa0fabe695321e9d0a61abfe7040ac42ef1a1889b8a752d8e2a,896321,122687.0,1236.0,0.010074,2,2,411
2025-05-11 22:58:45,592123183fad2bbc680645d4121833586ca1cd114548b449c720e648530d1670,896321,26306801.0,1235.0,4.7e-05,1,1,191
2025-05-11 22:58:45,0e28857bc7d4b72c040def888a8ec53ae46eb82447a352c1b682a4fe795978e3,896321,46118003.0,6506.0,0.000141,2,163,5574
2025-05-11 22:58:45,257d6510c0fc2380b6b77df16ab50185318e8be0200738fa7ed16431f48ec3a8,896321,296350.0,687.0,0.002318,5,2,1084
2025-05-11 22:58:45,224997456aeda9820c0b2b8befbe91ef08d5e21f282fc59ad3cbb8be1021c15d,896321,301380.0,222.0,0.000737,1,1,192
2025-05-11 22:58:45,ad5267968b6dd72bf6019c95afe0caf9ce54e994b7446aada238137850f847c8,896321,5849510.0,1063.0,0.000182,1,22,886
2025-05-11 22:58:45,4143f23d06966bde59be8a63ef47591d3bf85f3231ffe2e7ec11a8aad1739139,896321,19012.0,271.0,0.014254,1,2,359
2025-05-11 22:58:45,44513785af4b5b273754cb2c8183aea5949552b555fcdfec7a731498d610e89f,896321,1141549.0,361.0,0.000316,3,1,499
2025-05-11 22:58:45,954d316a48699a971aa814d500891cca1909ce6d3ca3a9b05f86b401534d732c,896321,93440900.0,200.0,2e-06,1,2,223
2025-05-11 22:58:45,ff86f889e98480336c97d663b221811d274653aaebb5e351cc433e356f69fb8d,896321,39920.0,346.0,0.008667,3,1,488
2025-05-11 22:58:45,7183f4810db789dfb80a31543a8d6f9e3f9955f68988c7d740ca33bcf6501c4b,896321,24396.0,219.0,0.008977,1,2,206
2025-05-11 22:58:45,ed60964cbd8b3f9d9f602e9d49b348462b60bcbc0cfdefd32061c2f3cf62c800,896321,227973.0,327.0,0.001434,1,1,214
2025-05-11 22:58:45,5731d00d1d1d550a0757d69c2c8ee5164751444442bebc89d8b91462c0509e8d,896321,55575860.0,1861.0,3.3e-05,1,41,1492
2025-05-11 22:58:45,987b0af5441a5b3881b8588e50802ab11c22ad416b4d9e5c47f2858ef2fc884a,896321,6100.0,200.0,0.032787,1,2,222
2025-05-11 22:58:45,fccd0d2edb9572be2e25e87535deb700ebe498a1ca60eb237be180c078278a00,896321,68800.0,200.0,0.002907,1,2,222
2025-05-11 22:58:45,34bf61d1249e47869ec1bbdee96af15033d958662bdcd7dbcb7dbb9dda26c063,896321,113045356.0,570.0,5e-06,3,2,968
2025-05-11 22:58:45,9bc2e55f20e68460b969767242b7f9f6f5b2756f698e175a13841fb229df5c62,896321,47582.0,260.0,0.005464,1,1,406
2025-05-11 22:58:45,a27710e905158391bce3fa26325630aa2a4bdf6b49fd6ca280eb2b8dc4dd1e6c,896321,939588.0,206.0,0.000219,1,2,234
2025-05-11 22:58:45,4af2cecd6ce98997c6b31f791f7e1bb84b9f72e644dc5fc57369da7deabbc530,896321,336674.0,317.0,0.000942,2,2,382
2025-05-11 22:58:45,6cff6bbd73a32167a8b10600b3d1930b8daebbca1709998e356fdb4f5500ec2e,896321,21983125.0,1026.0,4.7e-05,1,1,191
2025-05-11 22:58:45,8721c210edffd3c735ed982104457ab2d59c691fe4c33553eeed55b490f15a2f,896321,46103800.0,5407.0,0.000117,2,128,4504
2025-05-11 22:58:45,792ffa0b3b05bff54edf678761cabf88eb260507fe0bf4feb1c2005a3cd9ef0b,896321,5086.0,260.0,0.051121,1,1,407
2025-05-11 22:58:45,6b7bee1785e474bb4af121852086e0809c70cd8f5b8c4dd8c7e212e60aeb5c8c,896321,882492.0,213.0,0.000241,1,2,234
2025-05-11 22:58:45,96c10281c62f3a84eb7846351a9ecbab714143ce5cda947ed41078752bf9a748,896321,713223.0,160.0,0.000224,1,1,192
2025-05-11 22:58:45,a665816396af091d1b9385a71d0df4494eb0609dda838ffb1cec12958e509975,896321,18600.0,259.0,0.013925,2,1,340
2025-05-12 21:13:18,56d0397b5915e46b7009746573c168eeda17b78756c413c3a42fd0cc1443c942,896458,248131.0,1040.0,0.004191,2,2,370
2025-05-12 21:13:18,f9bbaa01228e3976c824daaf6d88cd01a0444cf09720d1241424a0035fc64341,896458,28827.0,550.0,0.019079,1,1,191
2025-05-12 21:13:18,5f1a7d3442c42ede44f3a6db649ea51c86e4e407710cf5a4ba5536a7407d4c3b,896458,355798.0,705.0,0.001981,1,2,222
2025-05-12 21:13:18,48a1ebc1301a8eb58fb17bda09c281fde32a00d9c8c66f004c124a8356840a3b,896458,198875.0,1050.0,0.00528,2,2,341
2025-05-12 21:13:18,9c1091a9a3ff100e38b16a7f55e37b3c0adc8b116fcbbd8d1f16696e0d77143a,896458,19520900.0,2100.0,0.000108,1,11,501
2025-05-12 21:13:18,d525cbce362b727dc4aacb2ac9b4e501a84b9414a2567dbe253eee61ba7ad236,896458,12028352.0,710.0,5.9e-05,1,2,223
2025-05-12 21:13:18,951ab45aaaf3bc89bf00b58de80a0ca1779f32397c2f4596bd35309d3c5f6e34,896458,363809.0,4940.0,0.013579,8,12,1387
2025-05-12 21:13:18,8fbbfc57b6b578912fe26b6b598c67e83261c88ce1bb99e4fca8ff7a3efcd133,896458,182009.0,1040.0,0.005714,2,2,370
2025-05-12 21:13:18,bc8de34cb0268fdc4b7ab62ac5cc1d80bf28aa74e57f84f05c7d8133b0d68633,896458,217099248.0,7240.0,3.3e-05,2,40,1610
2025-05-12 21:13:18,a6ad040ebedfec61a545ac52df42659d1902df5d6f04ffb49d54ac86fc4cc232,896458,2557987.0,1145.0,0.000448,1,3,311
2025-05-12 21:13:18,373ae508097269681d18ff808ab015de79e2fc801b37466e819694f3036f772f,896458,120341.0,1040.0,0.008642,2,2,370
2025-05-12 21:13:18,dfbe55c961d280726af054cda98871f1a86fe315e3d4d0a9e81c0723fd7bbb2d,896458,38924600.0,2100.0,5.4e-05,1,11,501
2025-05-12 21:13:18,5a476eaa4a83dbb7f31f6efeb997140211d1ca12299e86975b844481c487772b,896458,24557.0,550.0,0.022397,1,1,191
2025-05-12 21:13:18,1f8bf2335190bd5ab9ce42aaa3ff58e601feccab7f954b77de7e4d38d9c0fd26,896458,125690.0,705.0,0.005609,1,2,223
2025-05-12 21:13:18,9376454613724c5e8c29f75a9da39de85441a2855743e979416634b28a21c526,896458,3699.0,550.0,0.148689,1,1,191
2025-05-12 21:13:18,0663305819e334f0e7a723370f9657339aad05177832aa1c4ceb8948705dc21f,896458,25258.0,550.0,0.021775,1,1,191
2025-05-12 21:13:18,5f082b18bef53bdbaf236bd6f50d6c8c5ebc76ef2c7927e30146bd7f9511cd1d,896458,52612.0,1115.0,0.021193,1,2,223
2025-05-12 21:13:18,f26e8b3452afc962c6f8b25b15a23505d5fa1db2fa86479aa0889e4418258d1a,896458,3862211.0,9170.0,0.002374,26,2,3922
2025-05-12 21:13:18,751fa2b91a4b7a701b60a77eafaa0de071d6c4f9d98a9f00ff6d649241a3d883,896458,6466312.0,15945.0,0.002466,46,2,6882
2025-05-12 21:13:18,2136b9ea643dff08240df96e16f71f910a3ab8b5e5faee09fdad84921893591a,896458,70150.0,705.0,0.01005,1,2,222
2025-05-12 21:13:18,0f68a6b3a609a1d9cdf055e495e340dc6f2dcba4f6db91323e0fe7c8092b2f10,896458,120323.0,720.0,0.005984,1,2,225
2025-05-12 21:13:18,c8ff8c40ca3d4051887e4d49e4dbe386ff329f65f1fdc8d1037c6675b2ad710c,896458,5649.0,550.0,0.097362,1,1,191
2025-05-12 21:13:18,37a8e6bd103b271f099b5e659f29a7d413fd0481973e4c9bd0dbf1b2f597240a,896458,790866.0,705.0,0.000891,1,2,223
2025-05-12 21:13:18,947421f21a4b2165f8138003c49a550dc5c45bcb3bf21a0640600153d489d507,896458,3340684.0,860.0,0.000257,1,3,253
2025-05-12 21:13:18,d4f44d9a93302c1ba4027d03e65e0f144cf9370125763e4dd4fe00005da8c007,896458,39421.0,550.0,0.013952,1,1,191
2025-05-12 21:13:18,4d1c25c43a8d2d6f3f35043ac822b8db420129aa8a3b0b0aebf55572ef640706,896458,198825.0,705.0,0.003546,1,2,222
2025-05-12 21:13:18,42103e7e435a03cbcac66325c8501b9b2d3d85ff51a32d1090ca8bd67d006704,896458,367111.0,1415.0,0.003854,1,5,334
2025-05-12 21:13:18,d35ceaadde36ffb1be306d0efc3a67b9776215b216e030a12d3efc647fb3fa00,896458,6450.0,550.0,0.085271,1,1,191
2025-05-12 21:13:18,1a537bf8ddc8d54379b442e45c11058112add634960a5c8a9921419fb53ddac1,896458,991890.0,8110.0,0.008176,5,41,2026
2025-05-12 21:13:18,3c8b2ec83bc7fcdd2ca436de512cd5f180bf43ef821a6845b8f466247574d40f,896458,22937.0,3225.0,0.140603,2,12,776
2025-05-12 21:13:18,3960c3f796f26ea6d613b228a53e9663cb94ff44c5aacc3fffa77a3f471fb4b5,896458,11863565.0,34210.0,0.002884,100,1,14900
2025-05-12 21:13:18,716dc4ef0b02c2a509cfb028d511c1baf4a7905f33feb7bfa87d547b47d9d5c7,896458,1187.0,2517.0,2.120472,2,2,300
2025-05-12 21:13:18,ecccb9399638874f810e973bc8e59f10b92a1e64b00db95ce6a7fc08de6bc3ee,896458,65256.0,241.0,0.003693,2,2,302
2025-05-12 21:13:18,bf3b1ad859f9af38113166c043bf323622814a95602e9fcb4c411b9e601f2510,896458,225308.0,237.0,0.001052,1,3,248
2025-05-12 21:13:18,511415acf41599fd7109cc1695080ba0b8cea49fd7693a2b07d55a9671386a13,896458,89130.0,2270.0,0.025468,4,5,717
2025-05-12 21:13:18,75e41b259f690b1525c8c484655e8eedc842db32b2411f1c6b9ac058607773b6,896458,39300.0,2250.0,0.057252,6,1,932
2025-05-12 21:13:18,f01e66e8f21b101cca7bda6f0ce5b584b7faddbcd8b4ef13333434bec716bc39,896458,57066.0,3955.0,0.069306,11,1,1676
2025-05-12 21:13:18,e6c7869a09f0b6961351eb8110213fa1488d04f4fc9ebb3668314c3496ce6027,896458,92580.0,1640.0,0.017714,2,5,419
2025-05-12 21:13:18,94361080a8bdfbd17d27e00cfadcdb4a6f5a76e55078bfccb3142216573d504e,896458,125036.0,1412.0,0.011293,2,5,483
2025-05-12 21:13:18,d977281a88c104d141b6629e6821e53695d80701fa4899c2ab1f79d6eef3ad42,896458,481845.0,1245.0,0.002584,3,1,490
2025-05-12 21:13:18,77745772fb5903fae037c14f3927d44ba9488b95fb71a26131f36aeebbf2af91,896458,4297673.0,2420.0,0.000563,6,2,965
2025-05-12 21:13:18,ddb2167af5f7a36d1a5054f94c7164329d46bb38ada8cb3ba14c92d8d99c76db,896458,454968.0,1115.0,0.002451,1,2,222
2025-05-12 21:13:18,7f1267c81458357915eefa974e02fe38659203ef20adc19f4d55f501be3966bc,896458,48885.0,1115.0,0.022809,1,2,222
2025-05-12 21:13:18,8fe0e504bcdec9e7ca195d0020d047fefb02342d9008ba9b8935c06a1938cc21,896458,5040137.0,1115.0,0.000221,1,2,222
2025-05-12 21:13:18,eda6141006a4e48e582cc2f27dc8c09b6619c8b05f1cbec77ee9d19abf1aec1e,896458,31041.0,1000.0,0.032215,1,3,280
2025-05-12 21:13:18,324d1dd3249b513e46a040c76c5c27de72fb9ac706007ccc2c587d1da782fe41,896458,37690.0,960.0,0.025471,1,1,191
2025-05-12 21:13:18,b047c9215ccac8e92c037ed00dd563a991f87f8cd6b50b83ac7de207f423c11c,896458,520883.0,830.0,0.001593,1,2,246
2025-05-12 21:13:18,9376b4c2bd09e45833ac676b7e45224196c7a1445f10e86038c697cf84586ef8,896458,74804.0,775.0,0.01036,1,2,205
2025-05-12 21:13:18,d98a6503932a71607b5c97b5d8155c76428c8e07a85c4e102940d32fa0076749,896458,6007016.0,775.0,0.000129,1,2,205
2025-05-12 21:13:18,29399cb28a522fc8ed83c6d41a9fc83887718def1ee98f9c56f1a7df6ac62e33,896458,7303167.0,775.0,0.000106,1,2,205
2025-05-12 21:13:18,00ac6ce0828586bad965a5eeb5c61740288b64cc5baeac55c0257b33000f0540,896458,2267726.0,730.0,0.000322,1,2,196
2025-05-12 21:13:18,a1a027c06520f2ea81d78062a2f2195ce0f427ce7867fe2432b2d35828837bfe,896458,1874069817.0,2160.0,1e-06,1,11,511
2025-05-12 21:13:18,bacfabef4cc66763c50d9f0f837542b2c2dd9c170bafefb0470ac389ae34afca,896458,7710132.0,2135.0,0.000277,1,11,505
2025-05-12 21:13:18,124831cdff3d0caba1ee469249dcd2e8729711798acaa9df520057c99721573b,896458,282236227.0,705.0,2e-06,1,2,221
2025-05-12 21:13:18,af6b2b77318582c8ad0010febacc338a13d83c2aaffef16a8d614490934a5d40,896458,349998750.0,1850.0,5e-06,2,2,367
2025-05-12 21:13:18,1fb7a3b1bf66eb7b8260229f0fcd36962ddf1efac28b2f275afdcf95ed771b87,896458,78047.0,953.0,0.012211,1,1,189
2025-05-12 21:13:18,713e2639ab1494dea83cc56385491563edef5f3cf188c9e76c1e2b47df45ae60,896458,17531.0,949.0,0.054133,1,1,188
2025-05-12 21:13:18,88dea6101d822fd0590a19e5c9bd57fd1b595dbdc62b66d17dc5129732c4faaf,896458,4376235.0,1051.0,0.00024,2,2,370
2025-05-12 21:13:18,02cbfda5acf1ab18471fce3118ecf2aae1be92c80b19a2e5e9cc4262ceb34630,896458,587070.0,1185.0,0.002018,1,2,234
2025-05-12 21:13:18,66fe08e66fde54d9d680c425406d9086c2ebb7639f6adde5b15675f35a7e5df2,896458,1368109.0,775.0,0.000566,1,2,234
2025-05-12 21:13:18,a6c0f0d4ac53e8d672735a7fa5cce313466d5ae646ec23218f7c277e0c7b594b,896458,5022189.0,715.0,0.000142,1,2,222
2025-05-12 21:13:18,ccf302432eba6400c40406f69eff52f69bed4d474555278d4eb32cfa6b1a7351,896458,494770.0,974.0,0.001969,1,1,192
2025-05-12 21:13:18,3ee9b66f2e270756392d37fc8b0a469d098680d603b6fb2e2527ed3a186659a2,896458,979936.0,1470.0,0.0015,3,2,532
2025-05-12 21:13:18,c25a2b40bf02e5a478aa8bb1a080daff626e63bdb104a465ff072696097975df,896458,11876944.0,1130.0,9.5e-05,1,2,222
2025-05-12 21:13:18,1a6ee9edc2e6896a9d243fd752d9449aeebdbe46acad13d91bc3159a71a9201b,896458,25429.0,1375.0,0.054072,1,1,192
2025-05-12 21:13:18,c37f0f3b4b9da8c29a117612644a03df181186c912fc17d08e79884dbb9e8acc,896458,38162.0,3528.0,0.092448,2,1,339
2025-05-12 21:13:18,d0030e2698bb1c243d7a22ff6cc8702e242f06f757c48328b76a0dbfeb482d9f,896458,11076382.0,1354.0,0.000122,1,2,222
2025-05-12 21:13:18,8993c5c449cb08910252139b3d1b5c1155b3466ba3372ec774f249b7b31ef133,896458,13810198.0,2006.0,0.000145,2,2,371
2025-05-12 21:13:18,e0e57a15e04a919a0bc360788345f50eb6b330990472f6af5a667f9bd5606da1,896458,1353887.0,1354.0,0.001,1,2,222
2025-05-12 21:13:18,93683665c5bc42d0fa5ddb2d1f691d30d7c7bf97ff848d58a29b9733ba648c9e,896458,1837511.0,2512.0,0.001367,1,7,381
2025-05-12 21:13:18,b1aa978dfff172493e7e63fa89488f417c3c4ee808591ab4a23f1240883fba54,896458,1893678.0,1210.0,0.000639,1,2,225
2025-05-12 21:13:18,d65e4fc2431ca2e8df79d132e448bfa8631219cb0a67b9a3b48357187a15586c,896458,1993760.0,1015.0,0.000509,1,2,223
2025-05-12 21:13:18,517909b5dcc3297add876fde84d55dfb157bcfcfa930f4896a54d29c6fff5f7c,896458,2053892.0,1037.0,0.000505,1,2,226
2025-05-12 21:13:18,59cd84d63e878324899c0038377cdb332d6304ee31e96264a07ce341a32c8d7c,896458,2153801.0,846.0,0.000393,1,2,223
2025-05-12 21:13:18,91a57fc024593ab5a20a677ae5ab8dfa7daec29edd5b5a46a3a29afef27e34d5,896458,2253801.0,846.0,0.000375,1,2,222
2025-05-12 21:13:18,65d78ff5218f95743085d7b764e0e28e0a7b3e8cc6b89e815cb4fb1feead769f,896458,2297016.0,918.0,0.0004,1,2,234
2025-05-12 21:13:18,8684a07e220dc3b059b26a6712bcc75d2592ded92b98ee92e9e0ad6e50b3f886,896458,2320403.0,508.0,0.000219,1,2,223
2025-05-12 21:13:18,55c882a8e9634de3badbbe20cb9fefe38cb9aedf7cbec6a28e4516a1cda18ea9,896458,4651237.0,1426.0,0.000307,2,8,559
2025-05-12 21:13:18,3076167cc952f752b168e6e0c3fe4ddf3036d45c777af3c3cc93f9cde3634b93,896458,1011844.0,508.0,0.000502,1,2,222
2025-05-12 21:13:18,f999f86a80c282269bf48f9c948c2922ef4b43bf675342c1104bcf8f99e19c47,896458,1181929.0,346.0,0.000293,1,2,225
2025-05-12 21:13:18,847d3f3dc3763f092de7b96341e65e7800a8c9f2bb6e2c9ecbf8a7b5fbc70a73,896458,1206455.0,338.0,0.00028,1,2,223
2025-05-12 21:13:18,9f0cf8ead0f6013b7a874b746a3b83296d19fd33fc383edcfcd85be3dea2c185,896458,1254041.0,338.0,0.00027,1,2,222
2025-05-12 21:13:18,cbe16210c59eedc76702864004d062e0c16efff0ea08779057d1ed260e8f41e4,896458,1540472.0,346.0,0.000225,1,2,225
2025-05-12 21:13:18,eef6b7d18d22c8b360d047788cea4e141055e9c04394f1c40cb0eee5687f27db,896458,3679467.0,169.0,4.6e-05,1,2,222
2025-05-12 21:13:18,c8251fa96d01353707ded859cb053a711ce12d291c9a3397a461e19e9e23e983,896458,1787184.0,318.0,0.000178,1,6,346
2025-05-12 21:13:18,cc133c01676baa9eae467e75ad2fc972e71c4511e86618e8e4b2c2204fb34d81,896458,12623050.0,169.0,1.3e-05,1,2,222
2025-05-12 21:13:18,942fee0011fa3e4c74a42973ec2384bed266304f911f63423b16bda441761ecb,896458,4768077.0,963.0,0.000202,1,2,380
2025-05-12 21:13:18,7b69f1e74469d7980ec0a35df9c9d4d488f075038d7d3f9fed7f325c25586921,896458,1141315622.0,720.0,1e-06,1,2,223
2025-05-12 21:13:18,4bd899921110ad71bab97236b21c419a4301131fc53c42c4e5fee132d65be131,896458,12294.0,696.0,0.056613,1,1,217
2025-05-12 21:13:18,cd4ce2660cc7fea1f45f8b4ab059f29cfe153b2e2305c5ffe3c92ad137323306,896458,966559.0,1141.0,0.00118,1,2,222
2025-05-12 21:13:18,e9f2f814cefdc4bc06c36d7f5ca1b594660d377fb01e972a6d6c62b9894e1652,896458,1345750.0,1146.0,0.000852,1,2,224
2025-05-12 21:13:18,8d4892a96fdfcc8f70002c2094ed410d944a38abd2d81bdcf5ee79a5ff6422f7,896458,1420598.0,1141.0,0.000803,1,2,223
2025-05-12 21:13:18,8e1a5187c916a92e9fe59819a4ca8ff2212290a22a9c9a6deff123ed2deb5d4d,896458,1547369.0,1146.0,0.000741,1,2,224
2025-05-12 21:13:18,c69d15bd4dce372dcb705d58a2df63d5f03a0015ff679068af7d879d29010f00,896458,1735455.0,1141.0,0.000657,1,2,223
2025-05-12 21:13:18,7004dc799025b2b907cefcd1bba17f0bc6c089d1f1091d930424e9dce84ffb7c,896458,1799859.0,1141.0,0.000634,1,2,223
2025-05-12 21:13:18,e6d84c3933f74a56745ba8649a606c39ad67195618ba2a4411de78340155ee00,896458,441629.0,722.0,0.001635,1,2,222
2025-05-12 21:13:18,b52b4a39c9d0173329949f36439e944636851b04ea4455ac69f62e9a25b918b0,896458,495693.0,508.0,0.001025,1,1,150
2025-05-12 21:13:18,92afd6ef0f906e4ac9ebb60eb35178f9c7e4c5177adfd306b68a8f558c6b8502,896458,14531948.0,1141.0,7.9e-05,1,2,222
2025-05-12 21:13:18,286072ef8cda0902db86c12370a338e9a96fdbc3b156e64668f5ea66d6d9bc2b,896458,2660.0,1596.0,0.6,2,4,442
2025-05-12 21:13:18,031f26d723771e4d4dde766e9168394f039a78b8097217c768663f56a039faa2,896458,251230.0,587.0,0.002337,1,1,194
2025-05-14 17:09:36,25d81cba4d4f00d5036c1ad81428aed0e903bb004a36e5e2c8f80caa86cbe82e,896699,14719592.0,282.0,1.9e-05,1,2,223
2025-05-14 17:09:36,cf0fb73ccd40a9f4f7c3879688a1a1619b32d5f0bfc7fe12629465705f467624,896699,29999716.0,284.0,9e-06,1,2,223
2025-05-14 17:09:36,c5eed1d94cde6fb1cedcaccf00a83278db0f5c773e00daed396aa281929bd921,896699,220377.0,284.0,0.001289,1,2,224
2025-05-14 17:09:36,b1a90e6aef3ba9b0661bfda9292883aed71a0f6d80cd12f8214ba3dcd9994d20,896699,23141.0,402.0,0.017372,1,1,201
2025-05-14 17:09:36,51389328a07a059369ae04f449282b9be27554b2f4ec7386334db96be822381e,896699,538922.0,308.0,0.000572,1,2,205
2025-05-14 17:09:36,7048aa45e83f4e47d9f00becb99cac528f4c987d79881d69eb2314e8d16a0e1c,896699,52964.0,308.0,0.005815,1,2,205
2025-05-14 17:09:36,c7b413bab6801c5943ce10366c7671b5109cf03b7c341776538bd713d258c21a,896699,199778.0,222.0,0.001111,1,1,162
2025-05-14 17:09:36,59b3ddd8b125d8cbeb7afc06d69bdc817e8156c7c50591b094982635aca7cf19,896699,31199.0,282.0,0.009039,1,2,222
2025-05-14 17:09:36,b6c3b53e54edf31e241967a457547e5cafeec1d004747da62c81db1d2a173216,896699,21037924.0,416.0,2e-05,1,4,290
2025-05-14 17:09:36,2a3194332bb9c238bad0aa4a9a8eb054bdacc70c7cdd25c5939ab9e982be2c13,896699,2502943.0,308.0,0.000123,1,2,205
2025-05-14 17:09:36,a5035caee21a58b7437d763e70df46cfffa5774578558ae9ae7dac3664def112,896699,546.0,306.0,0.56044,1,1,328
2025-05-14 17:09:36,6e3f8eb4d6bf18bc9c2ca5d0ce7d73b9fb32d12349b4c04f6ed993c9e003d342,896699,239692.0,308.0,0.001285,1,2,205
2025-05-14 17:09:36,30ab2cb98ef454493c5944a081395a90c5232c0d674c51c1fdf1ee803cb95711,896699,24656.0,552.0,0.022388,2,4,438
2025-05-14 17:09:36,d68907f200cbef5e81986494ba612b83dbc3c4d6e590bd6eb7c9346f2a4f490e,896699,546.0,308.0,0.564103,1,1,331
2025-05-14 17:09:36,71bc6f324c1c721d330f33ea853ee66c847096b059bddd8975be7af1701a7b65,896699,919692.0,308.0,0.000335,1,2,205
2025-05-14 17:09:36,1884d890e160252ec372287aea623d629e6a0ee44cbe959c1838f5c3c5e7250e,896699,546.0,304.0,0.556777,1,1,325
2025-05-14 17:09:36,2427de7827e11d9fc713a866bd65a023c884adf35eac47e64bff7a4605eaf0c4,896699,18199.0,308.0,0.016924,1,2,205
2025-05-14 17:09:36,ecc7098bc51a232cc65c7ea16e4ef8a8e1182f5c0a78db42cd52158c9bc2740c,896699,6586.0,308.0,0.046766,1,2,205
2025-05-14 17:09:36,d7cf70597a425e1fc02f20ef7f4892e09a39767184a58b7b0dc7d1eac5c1f60a,896699,546.0,306.0,0.56044,1,1,330
2025-05-14 17:09:36,ff055a80b20239e46b91dd4568146ed04b56dae1a8d005e20b9012b262ff2cd7,896699,16375.0,308.0,0.018809,1,2,205
2025-05-14 17:09:36,c909734170964184313caba95d4866eb6d3b12753f3cf19004fc904f69e82407,896699,546.0,306.0,0.56044,1,1,330
2025-05-14 17:09:36,e0fb2b715662dede08ccd8f7a4dd3c2cfe654ff3acdae548f8c6c6ce95910c6c,896699,98662.0,308.0,0.003122,1,2,205
2025-05-14 17:09:36,b794e5993273f976ba02353695f23235b3df362e982d7f5d19835448d391a7b6,896699,9828.0,417.0,0.04243,2,2,370
2025-05-14 17:09:36,5780799743475440df9e34246f741eebfced829b9cb92961122a1934f18dd76a,896699,39258.0,488.0,0.012431,1,1,151
2025-05-14 17:09:36,b080346554f99586afcd48fdb4f89c1709d8a0b2f0b229872037a42b54aaf3c8,896699,265941.0,286.0,0.001075,2,4,386
2025-05-14 17:09:36,5981eb25f5b3b83a4c45d059b380b4263fde8aa1d74f95dd7707b4e1f9070431,896699,40238.0,488.0,0.012128,1,1,151
2025-05-14 17:09:36,bbf76d7aa965bf65e918944c24028c087ee3de29ec74cbd3e57e66678a2ccdc0,896699,200260.0,286.0,0.001428,2,4,386
2025-05-14 17:09:36,2d8e333f50ca444e1a29aed5d44396ab80b8862ae951384073e43d9f144525b8,896699,57055478.0,730.0,1.3e-05,2,7,526
2025-05-14 17:09:36,8ddd5d7a1ce7dc52212c5cfce4a1b7fe5dcdcd83d794e7f85ed692571b5d9dfc,896699,74324.0,355.0,0.004776,2,1,339
2025-05-14 17:09:36,2c0a89c122c1554d2c53122afe7f289b22c94ab159adac6d9afc06bfe9711a50,896699,1648558.0,692.0,0.00042,4,2,669
2025-05-14 17:09:36,09b171368862065029e5f7c1e875222e7f52235a96e66303c2655895c6891def,896699,793520.0,1374.0,0.001732,11,1,1261
2025-05-14 17:09:36,bdcae78688058dcc24d701298e0a82979e4b46851ac9e230cb98d800e0abe2c8,896699,33337.0,337.0,0.010109,1,2,249
2025-05-14 17:09:36,0aef31dc84b38d180ca7d47f57f052ce2d615f6375c52d930d55392da9804be5,896699,16777.0,329.0,0.01961,1,2,245
2025-05-14 17:09:36,e47cb8b4ce6b3c566b560b5555a380d605df54b42d1bb5d0e253593f287cfc63,896699,26239.0,337.0,0.012843,1,2,249
2025-05-14 17:09:36,389fc75b4de407b7040d4546f1f0a1a67c1294a9408b02c905a6256008abd4df,896699,57061.0,333.0,0.005836,1,2,247
2025-05-14 17:09:36,3ba1d2b396fbb7de83a440cbfc1e1754e506b1f94a9536c81e5e52433f4bb890,896699,530591.0,333.0,0.000628,1,2,247
2025-05-14 17:09:36,ce3bce82721ba5d90cb6160c77635c044c39fd78c1f3218847968adeca5b2cb9,896699,1553000.0,329.0,0.000212,1,2,245
2025-05-14 17:09:36,708a5a2c45ca33e3e5c86f414a33a4a6d92538160eb54434aac40722acbbbb56,896699,39765174.0,656.0,1.6e-05,4,2,526
2025-05-14 17:09:36,3a5aa2ebfd4d86b3be7049c6fbfcff64f57f65f33178e461b2b3b43828ff93c9,896699,38749643.0,630.0,1.6e-05,4,1,638
2025-05-14 17:09:36,b90537946531a0d9f80596af58c53e4829152636a8cab1364c39a43a838cbe2b,896699,873385.0,628.0,0.000719,4,1,635
2025-05-14 17:09:36,beeabbf5cece243921ff72d354c40e39a270e4c802defd5b25a21cc8c91e42be,896699,330.0,308.0,0.933333,1,1,327
2025-05-14 17:09:36,cfc9732ea6f148df86d7617808e17985d25d6af8fa01fa6352f5cf80c3aa3ec1,896699,189692.0,308.0,0.001624,1,2,205
2025-05-14 17:09:36,94345990b2101abceae08ad2651aa4839d2fa5e5090eea4c668227d11723f414,896699,330.0,308.0,0.933333,1,1,327
2025-05-14 17:09:36,6f2376a354565771456791aae17315a199dc93ece2ad808ab563c49a5acedb39,896699,113692.0,308.0,0.002709,1,2,205
2025-05-14 17:09:36,40176f40989a2ceac87d0c34833eb71a19d1a8a8ca5795b14099eed136023dff,896699,28724278.0,148088.0,0.005155,500,1,73796
2025-05-14 17:09:36,bc8155e73dca0e3581b01451609f698e0ed24273ca45a3f7e1580b3f1683380d,896699,28719625.0,148088.0,0.005156,500,1,73792
2025-05-14 17:09:36,e38cb3ec4dca4fb48ce2020eb4c16a1fcaa8d2ed3e18db61a09edcc6ad0d044f,896699,1576748.0,291.0,0.000185,1,2,226
2025-05-14 17:09:36,25bee14bc9db2a1c545b36239a2180214d8a4875153373973d5343a5e79c2111,896699,192668.0,578.0,0.003,3,2,530
2025-05-14 17:09:36,b4a25c246f59f5d463917d5d76e1cd06e6f1a2f47d090d84687e642074009e84,896699,41951.0,570.0,0.013587,1,2,284
2025-05-14 17:09:36,d6b0b27110737242d85dcc15ee71610b20f64df00fecbbeeca101ebff255dcab,896699,17162171.0,283.0,1.6e-05,1,2,222
2025-05-14 17:09:36,13996e9f847ab71257475c21abe92a9e3de9ad1feaa27c5e148a5a44cc9ad68f,896699,31203721.0,283.0,9e-06,1,2,222
2025-05-14 17:09:36,9a9eb8c9954f9a8c07db8a323038ec8cad869bc220dd65a6d68516d7cfadb3eb,896699,31334467.0,283.0,9e-06,1,2,222
2025-05-14 17:09:36,8d5f402ae6677e68acba5d94f9226f0c751ce9ab64b028f7118da5257adbe343,896699,1586236.0,283.0,0.000178,1,2,222
2025-05-14 17:09:36,e47390854acfa6b4f080e4e60b2a693e7ff890450441d671923643c5611bbe43,896699,15061983.0,283.0,1.9e-05,1,2,222
2025-05-14 17:09:36,eccbbe5a93f1611d4b84f3a8505e7035b8d4ed5638be65a018ee2df80d7d5622,896699,1595706.0,283.0,0.000177,1,2,222
2025-05-14 17:09:36,5985260cd0cdc791193eac3358083f9acc530116b61fc72236505a2b2f8e658e,896699,1619386.0,283.0,0.000175,1,2,222
2025-05-14 17:09:36,3f8bb9eb2265c39859b66b7bdd80e776043fc95bc1cf6369f62e451acb2bfc10,896699,12197408.0,283.0,2.3e-05,1,2,222
2025-05-14 17:09:36,642f242f89f0c42cb1c7ceff47ab71ebef1c51b325d62a519cd71ba4080c78cb,896699,418718.0,554.0,0.001323,2,4,438
2025-05-14 17:09:36,5dbd6d676f99bf93f613b030d1b68b24433b7d85bb205675ec48a24772736773,896699,183753.0,554.0,0.003015,3,2,519
2025-05-14 17:09:36,eb20a6b2c51ad09adce19e6b30157203bdd892809dbe4db4d80a6707eedad306,896699,32467038.0,540.0,1.7e-05,3,2,419
2025-05-14 17:09:36,8f694c3aa8136b9ac485c35da023f33c2f243d67842acf4a886f217cbf9df5b9,896699,1068187.0,536.0,0.000502,2,2,429
2025-05-14 17:09:36,796b1c772fd25595cdaba6c903a3157602429aba9e1e4d77af875789ee958245,896699,23931.0,514.0,0.021478,2,2,418
2025-05-14 17:09:36,e11725705007b6adf4d3e490709fbcc2436789660d788512d0fc71a5bd3a13a6,896699,23656.0,510.0,0.021559,2,2,416
2025-05-14 17:09:36,6d4174f3839e81fc910943d6f69c5fbb5a9c7531ef0802a5fd494e795d438b0a,896699,143593.0,28540.0,0.198756,241,8,26172
2025-05-14 17:09:36,f199277775fa0ebfc65961a31cc8fc04aaa49fb4cd93ad7b0e65c0a86b92c0b9,896699,19546.0,452.0,0.023125,2,1,388
2025-05-14 17:09:36,d4307e26e05e2f7efa6180ae98841f44a89e1bcb80e6368a362a3d5c764cabd6,896699,4878971.0,448.0,9.2e-05,1,2,223
2025-05-14 17:09:36,0a2ac24985f688023e7c9d1bfdb939b7b0408a17c1fe77e7a9b61fa205d10e99,896699,893182.0,448.0,0.000502,1,2,223
2025-05-14 17:09:36,b1447b6545d01f7cfbde0eb50a5c50f894944a58f2b9103ce9c812554f40db67,896699,3527494.0,448.0,0.000127,1,2,223
2025-05-14 17:09:36,7dce5934158bd626598c1fbdf3f02a35a705dfc14a834cc7fa92cea04f377ba0,896699,5693736.0,440.0,7.7e-05,1,2,219
2025-05-14 17:09:36,83b52b3f5b7c8567fcef0dbf6881e3201fe4fbe8db6e5b0f8297f1a95c30d884,896699,1192616.0,420.0,0.000352,1,2,378
2025-05-14 17:09:36,c6c2c3231a91b8bedb272d87ca588f30e4ef0d36c9987890647c6e5322904e8e,896699,2211624.0,418.0,0.000189,2,2,370
2025-05-14 17:09:36,e0ce35e5850d2bf2f9e48af0733963326f793f23c43e258db09d17b89ecc2f8d,896699,777268.0,378.0,0.000486,1,1,188
2025-05-14 17:09:36,190a888f8077bb7cdd601dc83834840c4f07be2614dff4824157977ad2f992e4,896699,93211.0,368.0,0.003948,1,3,234
2025-05-14 17:09:36,397223fabc533651f8489d37e18aee89b89173ebc7f694aabfa9f1f09f02077d,896699,93091.0,368.0,0.003953,1,3,234
2025-05-14 17:09:36,a65acfc9d461c49b7a544d3b912b5cb05b8ba0dd54f1feb810cf9a67721a5914,896699,228278.0,368.0,0.001612,1,3,234
2025-05-14 17:09:36,e6ee0f34a83051898ebac9ff912feb6d449b1a4c28eea0e90ffc749f516764aa,896699,916531.0,364.0,0.000397,1,2,346
2025-05-14 17:09:36,593057bc9f7f24f71cebfb6e760950a9232e180469aafeb9aeeb3a5236ae2393,896699,56045.0,358.0,0.006388,2,1,340
2025-05-14 17:09:36,f2ddff3d2afb5ff0f7cb21ddba3e42ddf5321251088cbe19f6c4db1d942d820f,896699,12119898.0,356.0,2.9e-05,1,2,258
2025-05-14 17:09:36,dd0776ecfff541b4fd35ac917ce72914d29427ac6652b2b027dde66aa98ad975,896699,2500.0,346.0,0.1384,1,1,406
2025-05-14 17:09:36,8608d27ab57a3f7fca94ebeca34965d6ac2e757cd101227bf18cdb3424d40b62,896699,6745.0,346.0,0.051297,1,1,406
2025-05-14 17:09:36,6ef7a86065e3bd5a7f675140ada5e2ff4d1e51bcaf64b171e5feb6717efc8b14,896699,8717.0,346.0,0.039693,1,1,406
2025-05-14 17:09:36,1912c93724b8db76bce05d1dd2e5d37cb16923f248ffcbf948c89e488d88b6fa,896699,229893.0,332.0,0.001444,1,2,247
2025-05-14 17:09:36,728513981ecebc124328b635c6a0cfb48892e77c00e0a9409f79fd0264db1b44,896699,1882720.0,570.0,0.000303,1,2,283
2025-05-14 17:09:36,37405e71c96594ff48e935f78547f10a6456379048264ace4ba27b2d95e7883e,896699,1883290.0,570.0,0.000303,1,2,283
2025-05-14 17:09:36,d1dd5010bbab2a7991c8a0c182172fe19372907eb95c625ad4c60f28ddefeaca,896699,1883860.0,570.0,0.000303,1,2,283
2025-05-14 17:09:36,f413c745c9ef430c83c3c54e20e61cba9e5d66d7e671862a9e1e889646158603,896699,1884430.0,570.0,0.000302,1,2,283
2025-05-14 17:09:36,b33ed5330ff4c1a4410102665b40860fa04836dc210e348d5f6b21d0246d5a49,896699,1885000.0,570.0,0.000302,1,2,284
2025-05-14 17:09:36,3bd4937ce5935cc716afbc227f084b85d3c016645f95363089e0dedad9e100cf,896699,751191.0,310.0,0.000413,1,2,205
2025-05-14 17:09:36,e511ef7a1e69ad3e9440a834d014918f9af286a40179b566ed2208d397089f7f,896699,330.0,308.0,0.933333,1,1,326
2025-05-14 17:09:36,7fd365f3d4ffc2f4905ef9dab7a441ad7de63d2692da3fab93bc4775f20b713b,896699,232304.0,308.0,0.001326,1,2,205
2025-05-14 17:09:36,c63e5999f7678e8644ce7106d72730262f26295c14fa1a718714da5b6e916135,896699,330.0,308.0,0.933333,1,1,326
2025-05-14 17:09:36,d91e200262934bb474e3bb1084d98d87d39a0d10ebfeee5a36fe33a2a1469a90,896699,150086.0,308.0,0.002052,1,2,205
2025-05-14 17:09:36,3c72f969bce670362ea2c71210db93172c20e2cc0ee4a598bf1c1cf9e1d9e526,896699,330.0,308.0,0.933333,1,1,326
2025-05-14 17:09:36,621142b0cd291a4be62132aa83990b6ee124365d54003f36928b6cb1320896c2,896699,162597.0,308.0,0.001894,1,2,205
2025-05-14 17:09:36,b2e27b46c2491513b1544b7a17e8b7c4abfc9d578728f919cf4179d3f2d97103,896699,330.0,308.0,0.933333,1,1,326
2025-05-14 17:09:36,aec63bda0daf55012f9ad2a38a95c0be4987a9de07207e34b28117f103ef047a,896699,157416.0,308.0,0.001957,1,2,205
2025-05-14 17:09:36,aff3001ec7dfc3023cd7dc232dc3f08e4d7d195777304d509ad0ec8b70ead0f5,896699,4647875.0,292.0,6.3e-05,1,2,196
2025-05-14 17:09:36,69c4ecae4040ce0a94951e99bb47a482427364d6f0318f06287b44e0d71df9ff,896699,1933051.0,1044.0,0.00054,3,2,518
2025-05-14 17:09:36,a72bd4b6b73f408d816b61e10726780a2dcca0015738488ecae4e29ad19698fd,896699,1354588.0,2472.0,0.001825,8,1,1225
2025-05-14 17:09:36,1ba380d7a86b9641ee593949ed332d913ab6c4125d02521c8a637556690b9d7d,896699,71163.0,448.0,0.006295,1,2,222
2025-05-14 17:04:35,c2670d263f66af08cbc4f6fa0e1e9614ed12d7b790b699ff2744e3959b136430,896698,24491790.0,551.0,2.2e-05,1,2,235
2025-05-14 17:04:35,d1306e41c9ae745f83c8d4ead3d5e74a994c54221c6442a25a7c3a79fd05b1f7,896698,773442108.0,886.0,1e-06,3,1,490
2025-05-14 17:04:35,fc1bfc4f7ac09492c534a3bc919ac2f757e283d0e8cb20a790f1bebe7aca5abc,896698,40048.0,407.0,0.010163,1,1,194
2025-05-14 17:04:35,824d54479c262f079cf896d56e86f912a8522e3dcc4aca74cd58f4cfdd651f93,896698,999469.0,634.0,0.000634,1,3,257
2025-05-14 17:04:35,ffdacf3127ff741569226c1daac050e11f4ed32c3328d76f5bce82f83538e6ff,896698,807733022.0,508.0,1e-06,1,2,223
2025-05-14 17:04:35,951cdf3db94dc65f78fa70ff662a4dc59b4b657d073c6bd9e54311e1771c0ffd,896698,199999492.0,508.0,3e-06,1,2,222
2025-05-14 17:04:35,c35a615400d619a8d331247f6135ba181e1e0681bc183cda61bdccd70bfa07fc,896698,690895626.0,508.0,1e-06,1,2,223
2025-05-14 17:04:35,8ae61fa47ea50afe571a4dcbf1f5177ec8c874a7c9366ea66997cfa4b8d944f9,896698,4606.0,508.0,0.110291,1,2,223
2025-05-14 17:04:35,2968d1f8e2f381914a2cbcd42ae5899d639b7fd453dff8a790314c0f69b522f6,896698,18060553132.0,508.0,0.0,1,2,223
2025-05-14 17:04:35,8621666b6f2b6ea0aa08029555a59c6ba91a9099d4b251ac7e319e3e7c6204f3,896698,2581862.0,508.0,0.000197,1,2,222
2025-05-14 17:04:35,263d7caf784ef0a6912fb9ae8c5ee38419b63d805458d9f1a12624997c2e0fd1,896698,7033119.0,508.0,7.2e-05,1,2,222
2025-05-14 17:04:35,99ffe98613e5c953067194303bb6b8d3894958f0582b386a50d552af2e40f3cb,896698,8157831874.0,508.0,0.0,1,2,222
2025-05-14 17:04:35,e52400e098c5f2ab4fe319e88500612214088c315eec7a2afd04149dba4ee1c3,896698,70777308.0,508.0,7e-06,1,2,222
2025-05-14 17:04:35,0ab55ec447c233fa82564fa09a30f2047558003261b768f90e194fc97a416dbd,896698,162199622.0,508.0,3e-06,1,2,222
2025-05-14 17:04:35,cbede968d269e59d2e946e9a0ef70e14f6b62fdee33378db50df76eeb1f95f9f,896698,1840030522.0,508.0,0.0,1,2,223
2025-05-14 17:04:35,86c678649cb02a77a8aa0863eb71dafd0dd9841c83bf4a209d8efccfd815fe8d,896698,268646736.0,508.0,2e-06,1,2,223
2025-05-14 17:04:35,e4e84e39b34078e79e8661e2aeb69ebc4b02d96ede5bbe9f017ce4d50e2d0071,896698,31470.0,508.0,0.016142,1,2,222
2025-05-14 17:04:35,4a5988b4ff7e99d76bf396fd0632ca1d9704e584adc96425b07dc08b1d2d6d6e,896698,164189394.0,508.0,3e-06,1,2,222
2025-05-14 17:04:35,c1282fd74b9778c7a583da3c6c8b4385c7c2c9075af705f5b591b802692bd566,896698,1888599509.0,508.0,0.0,1,2,223
2025-05-14 17:04:35,eaab2221f49e6c0401192b1abd3af70930f0217a64ad8df36a6afbb8d403c15f,896698,3287559.0,508.0,0.000155,1,2,223
2025-05-14 17:04:35,59fd9d68bbb7deffa79adade5f01105338c9d0dc36448ccee9f9c0b1c237373a,896698,347916008.0,508.0,1e-06,1,2,222
2025-05-14 17:04:35,1abd04aa33d8b2f2e25132b223e8965d6fdd59055721d8b667a5d27a5dfe961b,896698,232492.0,508.0,0.002185,1,2,223
2025-05-14 17:04:35,95b5da0500fe6bda2a0a0b26fb5d681826748801ba22b4282cc87f0e885a761b,896698,161849.0,508.0,0.003139,1,2,223
2025-05-14 17:04:35,e886577b670738b45b21dfdcf301cae3b98c78e8654f1f5de131b6ebfe82a20d,896698,591436.0,508.0,0.000859,1,2,223
2025-05-14 17:04:35,e447025eb6991d0d5700d454d6b5dd55a8705d3d77fa35de782f2b865942cd08,896698,1997443.0,508.0,0.000254,1,2,222
2025-05-14 17:04:35,ac431a7267f202f784450d4778cfc18fac09cc2372f617249d46f13f6653f101,896698,1436637182.0,508.0,0.0,1,2,223
2025-05-14 17:04:35,0f66f004380c42b1e36c6edbf949d92f33ea294836366f592ecacdc7e1f4ca9c,896698,266411.0,750.0,0.002815,2,2,370
2025-05-14 17:04:35,bb584dedb6b2fda6be245911dc3b5ddd93341136f7ca1063f49627a7438f5396,896698,610887.0,440.0,0.00072,1,1,203
2025-05-14 17:04:35,65edb13016aee3112c4523d04c61b1e92e51bd0a9bfc190f49905e99db07c4fe,896698,8900.0,397.0,0.044607,1,1,191
2025-05-14 17:04:35,2b82cd44f417de8ae7bb88913ab250fa6474951f9ee094fb0dc489b001b0767b,896698,2742452.0,1246.0,0.000454,4,2,669
2025-05-14 17:04:35,a78ccbe48562b28354c6c2d72b2b41b55b63e29243fb7236c9a2200fedba1726,896698,28793479.0,1847.0,6.4e-05,6,3,996
2025-05-14 17:04:35,42e4f9c9937467a8b257a075d13ff26baf6ced31f0212752357676fcb0244c27,896698,18412.0,752.0,0.040843,2,2,370
2025-05-14 17:04:35,34df81ab36aa9e2fcfa6ce2a958eccbfa236e6358bf5276e92c2da411b3bd903,896698,137457.0,752.0,0.005471,2,2,370
2025-05-14 17:04:35,d8ec5ad834156726f21465687cf35385d42d11ae39a036f78abc077b92054b92,896698,21817323.0,4694.0,0.000215,18,2,2751
2025-05-14 17:04:35,dace1419adc150d2a8ca5196d9abc97a098c1beb55a5e80b8a7168fdcb503565,896698,94498081.0,1472.0,1.6e-05,1,9,599
2025-05-14 17:04:35,52cfc38c84f764fd9eee7a7e41662ce7f49213485edce8abe29780a33fa89ad1,896698,1269214.0,3600.0,0.002836,14,1,2125
2025-05-14 17:04:35,b9fdaeb2dc26d7516298cf9cc52b82070fc2f7e0a6fdce11be7cf231f9fafb66,896698,13221045.0,1256.0,9.5e-05,1,7,538
2025-05-14 17:04:35,c7581b130ded1b299c4ff83666516efad709fae3956231c79911c3e34b109219,896698,18219756518.0,1256.0,0.0,4,2,670
2025-05-14 17:04:35,dee3876f93efa29dcb0f43d7be08b4180f633fca5d215757de5120a1a0d891fb,896698,47709388.0,781.0,1.6e-05,1,2,381
2025-05-14 17:04:35,7482da01bf22f9fb710751f2c6f78726876741cc8a267f0b1213405ff3e8e7cb,896698,47792280.0,591.0,1.2e-05,1,2,381
2025-05-14 17:04:35,a94639b8b848452729268b92dbbd2fd8e8ea7d1454c78e795b49eddb71b4b07c,896698,105445004.0,1144.0,1.1e-05,1,6,506
2025-05-14 17:04:35,7ae12fe7576a54fdcc981d6260240f127286519d39bdc177acd0bb049b8546f7,896698,48078388.0,61574.0,0.001281,250,1,37157
2025-05-14 17:04:35,6e40e9fe35a15b8821302603e4f883f430bd868b2770efec41dfa1fd5901079b,896698,68238.0,1246.0,0.01826,4,2,668
2025-05-14 17:04:35,7b2a99220a5664999b64d4785a5fb42058ab9d1f8a7bcaa11c2e81663aa43d9b,896698,2313461149.0,1048.0,0.0,2,2,372
2025-05-14 17:04:35,9675dd51e3529447f7f65154797332f123fbe88b025d9328356ccd76cf70f6b2,896698,1540273.0,1317.0,0.000855,2,2,743
2025-05-14 17:04:35,55b59aeb23cdd3e963ba4efa1c8c8b432cfc849e0141e54f4db7d90c6770c2be,896698,23861.0,410.0,0.017183,1,1,195
2025-05-14 17:04:35,290d9bd1c497a72fd025a6616ecac53c734c27ee7e8c89233fe1feced78550fb,896698,407132.0,773.0,0.001899,1,2,403
2025-05-14 17:04:35,de333d781a2b6ec867f3c9aa3385d3aed70da735af70c23a604fe3a31bc9bb75,896698,385207.0,813.0,0.002111,1,3,415
2025-05-14 17:04:35,f46ee67c0b34f60d17a827bd7a8ba4826047a3ec80e918658eed6ce0486bb1d9,896698,5317721.0,686.0,0.000129,1,2,379
2025-05-14 17:04:35,7d235f5339e77dcc3bbe0faf15d702fbea45f2c0839823dab6ae68af6411d316,896698,1098591.0,686.0,0.000624,1,2,380
2025-05-14 17:04:35,8a0e6500a3a9a838a8ab362a8feb85edecc8076d29f3145dbeba3914afd5b102,896698,1284244.0,686.0,0.000534,1,2,380
2025-05-14 17:04:35,fc8d524b03c4d5b644de5c32b13c7eb72ed1e7c8114213a341122291c45ba792,896698,17695324.0,24566.0,0.001388,61,12,18343
2025-05-14 17:04:35,70d6ee4f6bd7f9cd71fea2fd9492f08c79557805c4e65d75c209ae8cb6498bec,896698,92616287.0,697.0,8e-06,1,2,383
2025-05-14 17:04:35,a0c8c669602e8f3fa01c1094183dfcd0abf4cd42dabc474dd1dd3e5f7f457c13,896698,1380181.0,697.0,0.000505,1,2,383
2025-05-14 17:04:35,0ae2f54b00e7ed0717306dec36c48e29a3298a586886a98612b806e87fe5b286,896698,7217319.0,730.0,0.000101,1,2,392
2025-05-14 17:04:35,2a91e50bfb5a18582297b64763d76e6371030ccec70f907235a5e9436751ce82,896698,936197.0,803.0,0.000858,1,2,221
2025-05-14 17:04:35,f2bac5d8811f611fd41e43de8b859db231786325f0fb171788644f6532a2a6da,896698,24263786369.0,2084.0,0.0,5,2,817
2025-05-14 17:04:35,51b7736e088cd6849bac5494a14195a10c6485ccb93f92f05a3cd7b7ba7e2039,896698,1029314.0,800.0,0.000777,1,1,216
2025-05-14 17:04:35,2997d3c8261a77e6c67e2f16af1e4e2b131811015603e941bcb31efcbdd732d0,896698,63983326.0,34141.0,0.000534,1,218,9660
2025-05-14 17:04:35,fc916821e474b3db86c958d5ada817043a36bb9b50ea3063f6b4f57a89f29e18,896698,4293854.0,677.0,0.000158,1,1,217
2025-05-14 17:04:35,16796cdbcf6eed69b2659f2b818663a7079ac3cb329433d3ff150f4ea180a396,896698,33866745.0,826.0,2.4e-05,1,3,253
2025-05-14 17:04:35,27557c92336a9580799aeb6f9baa2f9f63af712655b7f8b432bf7669c7f625e4,896698,34144688.0,850.0,2.5e-05,1,5,317
2025-05-14 17:04:35,4a035882338fe2a76d436d95b68396512564ccd38675eb77366b416fdae43faf,896698,34669878.0,630.0,1.8e-05,1,3,257
2025-05-14 17:04:35,4123fb5f2a736884ef893f9b481addf9ee174ddc6085cfda90762ac83e6f10ba,896698,38965039.0,511.0,1.3e-05,1,2,224
2025-05-14 17:04:35,ea779dea88aa52f9d6c03a340103b6b8e3654f8dabbbeba795c54aabb36d06ba,896698,39010603.0,338.0,9e-06,1,2,222
2025-05-14 17:04:35,fedfece86e72832d7d6fce419bf6c8a41426ceecef69741d50549820f8f6c2ad,896698,71464841.0,689.0,1e-05,1,2,380
2025-05-14 17:04:35,d8136f1d8bff8574140adb6483d596354352dce7949e73af736a6336db333760,896698,1499201.0,799.0,0.000533,1,2,219
2025-05-14 17:04:35,fc1ad41d1bece0ab1d0fe6fc48ca85903805419a865ed73072b206bdc53d9644,896698,2861884.0,799.0,0.000279,1,2,219
2025-05-14 17:04:35,996b24749b055972b94cb39002606c8f23068f256ede0fa451151f6a1c635ecb,896698,1999190.0,810.0,0.000405,1,2,222
2025-05-14 17:04:35,a178205596f732144612add3f801bba8edabb4e92fd17eae91c4b7926dd0d67e,896698,31075.0,657.0,0.021142,2,1,342
2025-05-14 17:04:35,5d87e313e68a2f7e5f05b7f125ba44fbbb692df49510a1abdb1c79cfed5a2697,896698,361968.0,1363.0,0.003766,3,2,867
2025-05-14 17:04:35,efa483ed8e474e121eacbf81501dc5bec93b4b1841b7ecd10ace656bec6a9760,896698,2558535.0,564.0,0.00022,1,2,222
2025-05-14 17:04:35,90b30ff7d83123565ffa7a81e6608fe8ca783fed0e6df16ae48977ec20771b0c,896698,2619269.0,564.0,0.000215,1,2,222
2025-05-14 17:04:35,3f987ac2aa169f3a1239e9a8948dfa604b841bc9ead8f8a6947d895e29abf09e,896698,4039633.0,423.0,0.000105,1,2,222
2025-05-14 17:04:35,d6af30c374f07b2c7f046ffb984dd3680360a38b4b853daec58fe2fcea448e50,896698,111216.0,564.0,0.005071,1,2,235
2025-05-14 17:04:35,33469af005d3fe2c5ac6a98a45f0bbedc4c4c959c4f43f78f0e91f446200c31d,896698,475671.0,564.0,0.001186,1,2,235
2025-05-14 17:04:35,a6c6f5b9a105155ce544634bb5f2002b6f84b07c29facd62486ff8eb804e2d61,896698,1652545.0,520.0,0.000315,1,2,223
2025-05-14 17:04:35,60f990dc11c42858de9ee14fcd75143ed526a1beaaefadf98385c2e9ab491d00,896698,866084.0,616.0,0.000711,1,2,248
2025-05-14 17:04:35,55ebd77a75310583a2284714a7eb17c4dc1e06a9ac315171064fc4ac6103656d,896698,1123186.0,896.0,0.000798,1,2,223
2025-05-14 17:04:35,411d452bdd63fd04ea6baf7ba6c357a4704bd201050e551b8ca53c44be5081f1,896698,1133758.0,896.0,0.00079,1,2,222
2025-05-14 17:04:35,0388f748d04af374abd8f76231b5b003977c66a33fdf1b7a3d8b7e93d04ccd7e,896698,1418175.0,672.0,0.000474,1,2,222
2025-05-14 17:04:35,92b50ae4bf41a2423edc7ae64419df13d8839cba9d93045520d5384d368d57f5,896698,99967484.0,516.0,5e-06,1,1,267
2025-05-14 17:04:35,563037d7bfbbb05e7e8cf617a75714831c37fddf417220fe5d290b394b371292,896698,8239.0,374.0,0.045394,1,1,151
2025-05-14 17:04:35,3fcd87fffd583665f9d00fee146eca75755d6fa6ab4f62dc25e7172658832063,896698,7253471154.0,709.0,0.0,1,2,380
2025-05-14 17:04:35,8bdda36944728e68ebe804991f62bccfd2973a6ebc4a40ac518480dab2a78596,896698,629000.0,414.0,0.000658,1,1,192
2025-05-14 17:04:35,1efafd0205bd6996e3f1d54103227b4617eaa634f78d20191b14a0f4315a67cc,896698,508865.0,578.0,0.001136,1,2,234
2025-05-14 17:04:35,68743331c4c8202f9455b909c77dd5275bdb62698c5578f6bb5fe4344ebacd3c,896698,499741.0,578.0,0.001157,1,2,234
2025-05-14 17:04:35,f390f6647e5c0d8e77370a5fa58222bf6bf03381eebfaa2b858ec359fa856387,896698,47131622.0,836.0,1.8e-05,2,2,384
2025-05-14 17:04:35,46214b23507ec37110a65475b0800c826b7ec1c2e94da4a07e147670fc00ac06,896698,14343.0,657.0,0.045806,1,2,223
2025-05-14 17:04:35,7041dffc27ed5d0fbde4f42f4a283a3294edfe58f9775641e98baab7db9ce796,896698,202124.0,963.0,0.004764,2,2,371
2025-05-14 17:04:35,6e5a2e4ea7de68ac9951cdae225f4fde614e0ce8128b23901b4a2e6c5f649b89,896698,43510440.0,3265.0,7.5e-05,1,26,989
2025-05-14 17:04:35,4edbe8c1b6fa1e4a2f6925f36f241fd414921a5aa91976fb2d4e82815ebe10fe,896698,617222.0,508.0,0.000823,1,1,216
2025-05-14 17:04:35,28b4659531301d516480985d2c28ed54c575ac6f3277b5d7c622e756e59a8409,896698,11990.0,756.0,0.063053,1,1,189
2025-05-14 17:04:35,4f8cce4132d81e8a96d539809e7bef87c67ffd6c40e503b3c79584ce18bfdd28,896698,24349.0,892.0,0.036634,1,2,222
2025-05-14 17:04:35,ceccc3c0e4bea50becd2f7af75a34aace3f839becf414a48258edd4a426a596e,896698,36355.0,892.0,0.024536,1,2,222
2025-05-14 17:04:35,01b0edd8cd51a2bc27475b26212d79bfc62efc102325de6d854c378d0f087d4d,896698,51744.0,892.0,0.017239,1,2,222
2025-05-14 17:04:35,5a4f363b508236df590eaa688205846692ce9d1ac2c192e848b9e326f48dfef0,896698,65194.0,669.0,0.010262,1,2,223
2025-05-14 17:04:35,c20255f10bd9d7b07fda52569d3c1e56905ace63b0b96a60b085cf8b00424431,896698,14998262.0,1738.0,0.000116,1,1,1389
2025-05-14 17:04:35,1a6500d3cfe3dec5671c220fe498952a50f8f7045dec553e96d27bd15f173bdd,896698,14997921.0,2079.0,0.000139,1,1,1715
2025-05-14 17:04:35,2f0495b2dfe783fb7af8b04bdd52795602ebaf7a08934478f91978e06ef946be,896698,49995546.0,588.0,1.2e-05,1,3,277
2025-05-14 17:09:36,25d81cba4d4f00d5036c1ad81428aed0e903bb004a36e5e2c8f80caa86cbe82e,896699,14719592.0,282.0,1.9e-05,1,2,223
2025-05-14 17:09:36,cf0fb73ccd40a9f4f7c3879688a1a1619b32d5f0bfc7fe12629465705f467624,896699,29999716.0,284.0,9e-06,1,2,223
2025-05-14 17:09:36,c5eed1d94cde6fb1cedcaccf00a83278db0f5c773e00daed396aa281929bd921,896699,220377.0,284.0,0.001289,1,2,224
2025-05-14 17:09:36,b1a90e6aef3ba9b0661bfda9292883aed71a0f6d80cd12f8214ba3dcd9994d20,896699,23141.0,402.0,0.017372,1,1,201
2025-05-14 17:09:36,51389328a07a059369ae04f449282b9be27554b2f4ec7386334db96be822381e,896699,538922.0,308.0,0.000572,1,2,205
2025-05-14 17:09:36,7048aa45e83f4e47d9f00becb99cac528f4c987d79881d69eb2314e8d16a0e1c,896699,52964.0,308.0,0.005815,1,2,205
2025-05-14 17:09:36,c7b413bab6801c5943ce10366c7671b5109cf03b7c341776538bd713d258c21a,896699,199778.0,222.0,0.001111,1,1,162
2025-05-14 17:09:36,59b3ddd8b125d8cbeb7afc06d69bdc817e8156c7c50591b094982635aca7cf19,896699,31199.0,282.0,0.009039,1,2,222
2025-05-14 17:09:36,b6c3b53e54edf31e241967a457547e5cafeec1d004747da62c81db1d2a173216,896699,21037924.0,416.0,2e-05,1,4,290
2025-05-14 17:09:36,2a3194332bb9c238bad0aa4a9a8eb054bdacc70c7cdd25c5939ab9e982be2c13,896699,2502943.0,308.0,0.000123,1,2,205
2025-05-14 17:09:36,a5035caee21a58b7437d763e70df46cfffa5774578558ae9ae7dac3664def112,896699,546.0,306.0,0.56044,1,1,328
2025-05-14 17:09:36,6e3f8eb4d6bf18bc9c2ca5d0ce7d73b9fb32d12349b4c04f6ed993c9e003d342,896699,239692.0,308.0,0.001285,1,2,205
2025-05-14 17:09:36,30ab2cb98ef454493c5944a081395a90c5232c0d674c51c1fdf1ee803cb95711,896699,24656.0,552.0,0.022388,2,4,438
2025-05-14 17:09:36,d68907f200cbef5e81986494ba612b83dbc3c4d6e590bd6eb7c9346f2a4f490e,896699,546.0,308.0,0.564103,1,1,331
2025-05-14 17:09:36,71bc6f324c1c721d330f33ea853ee66c847096b059bddd8975be7af1701a7b65,896699,919692.0,308.0,0.000335,1,2,205
2025-05-14 17:09:36,1884d890e160252ec372287aea623d629e6a0ee44cbe959c1838f5c3c5e7250e,896699,546.0,304.0,0.556777,1,1,325
2025-05-14 17:09:36,2427de7827e11d9fc713a866bd65a023c884adf35eac47e64bff7a4605eaf0c4,896699,18199.0,308.0,0.016924,1,2,205
2025-05-14 17:09:36,ecc7098bc51a232cc65c7ea16e4ef8a8e1182f5c0a78db42cd52158c9bc2740c,896699,6586.0,308.0,0.046766,1,2,205
2025-05-14 17:09:36,d7cf70597a425e1fc02f20ef7f4892e09a39767184a58b7b0dc7d1eac5c1f60a,896699,546.0,306.0,0.56044,1,1,330
2025-05-14 17:09:36,ff055a80b20239e46b91dd4568146ed04b56dae1a8d005e20b9012b262ff2cd7,896699,16375.0,308.0,0.018809,1,2,205
2025-05-14 17:09:36,c909734170964184313caba95d4866eb6d3b12753f3cf19004fc904f69e82407,896699,546.0,306.0,0.56044,1,1,330
2025-05-14 17:09:36,e0fb2b715662dede08ccd8f7a4dd3c2cfe654ff3acdae548f8c6c6ce95910c6c,896699,98662.0,308.0,0.003122,1,2,205
2025-05-14 17:09:36,b794e5993273f976ba02353695f23235b3df362e982d7f5d19835448d391a7b6,896699,9828.0,417.0,0.04243,2,2,370
2025-05-14 17:09:36,5780799743475440df9e34246f741eebfced829b9cb92961122a1934f18dd76a,896699,39258.0,488.0,0.012431,1,1,151
2025-05-14 17:09:36,b080346554f99586afcd48fdb4f89c1709d8a0b2f0b229872037a42b54aaf3c8,896699,265941.0,286.0,0.001075,2,4,386
2025-05-14 17:09:36,5981eb25f5b3b83a4c45d059b380b4263fde8aa1d74f95dd7707b4e1f9070431,896699,40238.0,488.0,0.012128,1,1,151
2025-05-14 17:09:36,bbf76d7aa965bf65e918944c24028c087ee3de29ec74cbd3e57e66678a2ccdc0,896699,200260.0,286.0,0.001428,2,4,386
2025-05-14 17:09:36,2d8e333f50ca444e1a29aed5d44396ab80b8862ae951384073e43d9f144525b8,896699,57055478.0,730.0,1.3e-05,2,7,526
2025-05-14 17:09:36,8ddd5d7a1ce7dc52212c5cfce4a1b7fe5dcdcd83d794e7f85ed692571b5d9dfc,896699,74324.0,355.0,0.004776,2,1,339
2025-05-14 17:09:36,2c0a89c122c1554d2c53122afe7f289b22c94ab159adac6d9afc06bfe9711a50,896699,1648558.0,692.0,0.00042,4,2,669
2025-05-14 17:09:36,09b171368862065029e5f7c1e875222e7f52235a96e66303c2655895c6891def,896699,793520.0,1374.0,0.001732,11,1,1261
2025-05-14 17:09:36,bdcae78688058dcc24d701298e0a82979e4b46851ac9e230cb98d800e0abe2c8,896699,33337.0,337.0,0.010109,1,2,249
2025-05-14 17:09:36,0aef31dc84b38d180ca7d47f57f052ce2d615f6375c52d930d55392da9804be5,896699,16777.0,329.0,0.01961,1,2,245
2025-05-14 17:09:36,e47cb8b4ce6b3c566b560b5555a380d605df54b42d1bb5d0e253593f287cfc63,896699,26239.0,337.0,0.012843,1,2,249
2025-05-14 17:09:36,389fc75b4de407b7040d4546f1f0a1a67c1294a9408b02c905a6256008abd4df,896699,57061.0,333.0,0.005836,1,2,247
2025-05-14 17:09:36,3ba1d2b396fbb7de83a440cbfc1e1754e506b1f94a9536c81e5e52433f4bb890,896699,530591.0,333.0,0.000628,1,2,247
2025-05-14 17:09:36,ce3bce82721ba5d90cb6160c77635c044c39fd78c1f3218847968adeca5b2cb9,896699,1553000.0,329.0,0.000212,1,2,245
2025-05-14 17:09:36,708a5a2c45ca33e3e5c86f414a33a4a6d92538160eb54434aac40722acbbbb56,896699,39765174.0,656.0,1.6e-05,4,2,526
2025-05-14 17:09:36,3a5aa2ebfd4d86b3be7049c6fbfcff64f57f65f33178e461b2b3b43828ff93c9,896699,38749643.0,630.0,1.6e-05,4,1,638
2025-05-14 17:09:36,b90537946531a0d9f80596af58c53e4829152636a8cab1364c39a43a838cbe2b,896699,873385.0,628.0,0.000719,4,1,635
2025-05-14 17:09:36,beeabbf5cece243921ff72d354c40e39a270e4c802defd5b25a21cc8c91e42be,896699,330.0,308.0,0.933333,1,1,327
2025-05-14 17:09:36,cfc9732ea6f148df86d7617808e17985d25d6af8fa01fa6352f5cf80c3aa3ec1,896699,189692.0,308.0,0.001624,1,2,205
2025-05-14 17:09:36,94345990b2101abceae08ad2651aa4839d2fa5e5090eea4c668227d11723f414,896699,330.0,308.0,0.933333,1,1,327
2025-05-14 17:09:36,6f2376a354565771456791aae17315a199dc93ece2ad808ab563c49a5acedb39,896699,113692.0,308.0,0.002709,1,2,205
2025-05-14 17:09:36,40176f40989a2ceac87d0c34833eb71a19d1a8a8ca5795b14099eed136023dff,896699,28724278.0,148088.0,0.005155,500,1,73796
2025-05-14 17:09:36,bc8155e73dca0e3581b01451609f698e0ed24273ca45a3f7e1580b3f1683380d,896699,28719625.0,148088.0,0.005156,500,1,73792
2025-05-14 17:09:36,e38cb3ec4dca4fb48ce2020eb4c16a1fcaa8d2ed3e18db61a09edcc6ad0d044f,896699,1576748.0,291.0,0.000185,1,2,226
2025-05-14 17:09:36,25bee14bc9db2a1c545b36239a2180214d8a4875153373973d5343a5e79c2111,896699,192668.0,578.0,0.003,3,2,530
2025-05-14 17:09:36,b4a25c246f59f5d463917d5d76e1cd06e6f1a2f47d090d84687e642074009e84,896699,41951.0,570.0,0.013587,1,2,284
2025-05-14 17:09:36,d6b0b27110737242d85dcc15ee71610b20f64df00fecbbeeca101ebff255dcab,896699,17162171.0,283.0,1.6e-05,1,2,222
2025-05-14 17:09:36,13996e9f847ab71257475c21abe92a9e3de9ad1feaa27c5e148a5a44cc9ad68f,896699,31203721.0,283.0,9e-06,1,2,222
2025-05-14 17:09:36,9a9eb8c9954f9a8c07db8a323038ec8cad869bc220dd65a6d68516d7cfadb3eb,896699,31334467.0,283.0,9e-06,1,2,222
2025-05-14 17:09:36,8d5f402ae6677e68acba5d94f9226f0c751ce9ab64b028f7118da5257adbe343,896699,1586236.0,283.0,0.000178,1,2,222
2025-05-14 17:09:36,e47390854acfa6b4f080e4e60b2a693e7ff890450441d671923643c5611bbe43,896699,15061983.0,283.0,1.9e-05,1,2,222
2025-05-14 17:09:36,eccbbe5a93f1611d4b84f3a8505e7035b8d4ed5638be65a018ee2df80d7d5622,896699,1595706.0,283.0,0.000177,1,2,222
2025-05-14 17:09:36,5985260cd0cdc791193eac3358083f9acc530116b61fc72236505a2b2f8e658e,896699,1619386.0,283.0,0.000175,1,2,222
2025-05-14 17:09:36,3f8bb9eb2265c39859b66b7bdd80e776043fc95bc1cf6369f62e451acb2bfc10,896699,12197408.0,283.0,2.3e-05,1,2,222
2025-05-14 17:09:36,642f242f89f0c42cb1c7ceff47ab71ebef1c51b325d62a519cd71ba4080c78cb,896699,418718.0,554.0,0.001323,2,4,438
2025-05-14 17:09:36,5dbd6d676f99bf93f613b030d1b68b24433b7d85bb205675ec48a24772736773,896699,183753.0,554.0,0.003015,3,2,519
2025-05-14 17:09:36,eb20a6b2c51ad09adce19e6b30157203bdd892809dbe4db4d80a6707eedad306,896699,32467038.0,540.0,1.7e-05,3,2,419
2025-05-14 17:09:36,8f694c3aa8136b9ac485c35da023f33c2f243d67842acf4a886f217cbf9df5b9,896699,1068187.0,536.0,0.000502,2,2,429
2025-05-14 17:09:36,796b1c772fd25595cdaba6c903a3157602429aba9e1e4d77af875789ee958245,896699,23931.0,514.0,0.021478,2,2,418
2025-05-14 17:09:36,e11725705007b6adf4d3e490709fbcc2436789660d788512d0fc71a5bd3a13a6,896699,23656.0,510.0,0.021559,2,2,416
2025-05-14 17:09:36,6d4174f3839e81fc910943d6f69c5fbb5a9c7531ef0802a5fd494e795d438b0a,896699,143593.0,28540.0,0.198756,241,8,26172
2025-05-14 17:09:36,f199277775fa0ebfc65961a31cc8fc04aaa49fb4cd93ad7b0e65c0a86b92c0b9,896699,19546.0,452.0,0.023125,2,1,388
2025-05-14 17:09:36,d4307e26e05e2f7efa6180ae98841f44a89e1bcb80e6368a362a3d5c764cabd6,896699,4878971.0,448.0,9.2e-05,1,2,223
2025-05-14 17:09:36,0a2ac24985f688023e7c9d1bfdb939b7b0408a17c1fe77e7a9b61fa205d10e99,896699,893182.0,448.0,0.000502,1,2,223
2025-05-14 17:09:36,b1447b6545d01f7cfbde0eb50a5c50f894944a58f2b9103ce9c812554f40db67,896699,3527494.0,448.0,0.000127,1,2,223
2025-05-14 17:09:36,7dce5934158bd626598c1fbdf3f02a35a705dfc14a834cc7fa92cea04f377ba0,896699,5693736.0,440.0,7.7e-05,1,2,219
2025-05-14 17:09:36,83b52b3f5b7c8567fcef0dbf6881e3201fe4fbe8db6e5b0f8297f1a95c30d884,896699,1192616.0,420.0,0.000352,1,2,378
2025-05-14 17:09:36,c6c2c3231a91b8bedb272d87ca588f30e4ef0d36c9987890647c6e5322904e8e,896699,2211624.0,418.0,0.000189,2,2,370
2025-05-14 17:09:36,e0ce35e5850d2bf2f9e48af0733963326f793f23c43e258db09d17b89ecc2f8d,896699,777268.0,378.0,0.000486,1,1,188
2025-05-14 17:09:36,190a888f8077bb7cdd601dc83834840c4f07be2614dff4824157977ad2f992e4,896699,93211.0,368.0,0.003948,1,3,234
2025-05-14 17:09:36,397223fabc533651f8489d37e18aee89b89173ebc7f694aabfa9f1f09f02077d,896699,93091.0,368.0,0.003953,1,3,234
2025-05-14 17:09:36,a65acfc9d461c49b7a544d3b912b5cb05b8ba0dd54f1feb810cf9a67721a5914,896699,228278.0,368.0,0.001612,1,3,234
2025-05-14 17:09:36,e6ee0f34a83051898ebac9ff912feb6d449b1a4c28eea0e90ffc749f516764aa,896699,916531.0,364.0,0.000397,1,2,346
2025-05-14 17:09:36,593057bc9f7f24f71cebfb6e760950a9232e180469aafeb9aeeb3a5236ae2393,896699,56045.0,358.0,0.006388,2,1,340
2025-05-14 17:09:36,f2ddff3d2afb5ff0f7cb21ddba3e42ddf5321251088cbe19f6c4db1d942d820f,896699,12119898.0,356.0,2.9e-05,1,2,258
2025-05-14 17:09:36,dd0776ecfff541b4fd35ac917ce72914d29427ac6652b2b027dde66aa98ad975,896699,2500.0,346.0,0.1384,1,1,406
2025-05-14 17:09:36,8608d27ab57a3f7fca94ebeca34965d6ac2e757cd101227bf18cdb3424d40b62,896699,6745.0,346.0,0.051297,1,1,406
2025-05-14 17:09:36,6ef7a86065e3bd5a7f675140ada5e2ff4d1e51bcaf64b171e5feb6717efc8b14,896699,8717.0,346.0,0.039693,1,1,406
2025-05-14 17:09:36,1912c93724b8db76bce05d1dd2e5d37cb16923f248ffcbf948c89e488d88b6fa,896699,229893.0,332.0,0.001444,1,2,247
2025-05-14 17:09:36,728513981ecebc124328b635c6a0cfb48892e77c00e0a9409f79fd0264db1b44,896699,1882720.0,570.0,0.000303,1,2,283
2025-05-14 17:09:36,37405e71c96594ff48e935f78547f10a6456379048264ace4ba27b2d95e7883e,896699,1883290.0,570.0,0.000303,1,2,283
2025-05-14 17:09:36,d1dd5010bbab2a7991c8a0c182172fe19372907eb95c625ad4c60f28ddefeaca,896699,1883860.0,570.0,0.000303,1,2,283
2025-05-14 17:09:36,f413c745c9ef430c83c3c54e20e61cba9e5d66d7e671862a9e1e889646158603,896699,1884430.0,570.0,0.000302,1,2,283
2025-05-14 17:09:36,b33ed5330ff4c1a4410102665b40860fa04836dc210e348d5f6b21d0246d5a49,896699,1885000.0,570.0,0.000302,1,2,284
2025-05-14 17:09:36,3bd4937ce5935cc716afbc227f084b85d3c016645f95363089e0dedad9e100cf,896699,751191.0,310.0,0.000413,1,2,205
2025-05-14 17:09:36,e511ef7a1e69ad3e9440a834d014918f9af286a40179b566ed2208d397089f7f,896699,330.0,308.0,0.933333,1,1,326
2025-05-14 17:09:36,7fd365f3d4ffc2f4905ef9dab7a441ad7de63d2692da3fab93bc4775f20b713b,896699,232304.0,308.0,0.001326,1,2,205
2025-05-14 17:09:36,c63e5999f7678e8644ce7106d72730262f26295c14fa1a718714da5b6e916135,896699,330.0,308.0,0.933333,1,1,326
2025-05-14 17:09:36,d91e200262934bb474e3bb1084d98d87d39a0d10ebfeee5a36fe33a2a1469a90,896699,150086.0,308.0,0.002052,1,2,205
2025-05-14 17:09:36,3c72f969bce670362ea2c71210db93172c20e2cc0ee4a598bf1c1cf9e1d9e526,896699,330.0,308.0,0.933333,1,1,326
2025-05-14 17:09:36,621142b0cd291a4be62132aa83990b6ee124365d54003f36928b6cb1320896c2,896699,162597.0,308.0,0.001894,1,2,205
2025-05-14 17:09:36,b2e27b46c2491513b1544b7a17e8b7c4abfc9d578728f919cf4179d3f2d97103,896699,330.0,308.0,0.933333,1,1,326
2025-05-14 17:09:36,aec63bda0daf55012f9ad2a38a95c0be4987a9de07207e34b28117f103ef047a,896699,157416.0,308.0,0.001957,1,2,205
2025-05-14 17:09:36,aff3001ec7dfc3023cd7dc232dc3f08e4d7d195777304d509ad0ec8b70ead0f5,896699,4647875.0,292.0,6.3e-05,1,2,196
2025-05-14 17:09:36,69c4ecae4040ce0a94951e99bb47a482427364d6f0318f06287b44e0d71df9ff,896699,1933051.0,1044.0,0.00054,3,2,518
2025-05-14 17:09:36,a72bd4b6b73f408d816b61e10726780a2dcca0015738488ecae4e29ad19698fd,896699,1354588.0,2472.0,0.001825,8,1,1225
2025-05-14 17:09:36,1ba380d7a86b9641ee593949ed332d913ab6c4125d02521c8a637556690b9d7d,896699,71163.0,448.0,0.006295,1,2,222
2025-05-14 17:04:35,c2670d263f66af08cbc4f6fa0e1e9614ed12d7b790b699ff2744e3959b136430,896698,24491790.0,551.0,2.2e-05,1,2,235
2025-05-14 17:04:35,d1306e41c9ae745f83c8d4ead3d5e74a994c54221c6442a25a7c3a79fd05b1f7,896698,773442108.0,886.0,1e-06,3,1,490
2025-05-14 17:04:35,fc1bfc4f7ac09492c534a3bc919ac2f757e283d0e8cb20a790f1bebe7aca5abc,896698,40048.0,407.0,0.010163,1,1,194
2025-05-14 17:04:35,824d54479c262f079cf896d56e86f912a8522e3dcc4aca74cd58f4cfdd651f93,896698,999469.0,634.0,0.000634,1,3,257
2025-05-14 17:04:35,ffdacf3127ff741569226c1daac050e11f4ed32c3328d76f5bce82f83538e6ff,896698,807733022.0,508.0,1e-06,1,2,223
2025-05-14 17:04:35,951cdf3db94dc65f78fa70ff662a4dc59b4b657d073c6bd9e54311e1771c0ffd,896698,199999492.0,508.0,3e-06,1,2,222
2025-05-14 17:04:35,c35a615400d619a8d331247f6135ba181e1e0681bc183cda61bdccd70bfa07fc,896698,690895626.0,508.0,1e-06,1,2,223
2025-05-14 17:04:35,8ae61fa47ea50afe571a4dcbf1f5177ec8c874a7c9366ea66997cfa4b8d944f9,896698,4606.0,508.0,0.110291,1,2,223
2025-05-14 17:04:35,2968d1f8e2f381914a2cbcd42ae5899d639b7fd453dff8a790314c0f69b522f6,896698,18060553132.0,508.0,0.0,1,2,223
2025-05-14 17:04:35,8621666b6f2b6ea0aa08029555a59c6ba91a9099d4b251ac7e319e3e7c6204f3,896698,2581862.0,508.0,0.000197,1,2,222
2025-05-14 17:04:35,263d7caf784ef0a6912fb9ae8c5ee38419b63d805458d9f1a12624997c2e0fd1,896698,7033119.0,508.0,7.2e-05,1,2,222
2025-05-14 17:04:35,99ffe98613e5c953067194303bb6b8d3894958f0582b386a50d552af2e40f3cb,896698,8157831874.0,508.0,0.0,1,2,222
2025-05-14 17:04:35,e52400e098c5f2ab4fe319e88500612214088c315eec7a2afd04149dba4ee1c3,896698,70777308.0,508.0,7e-06,1,2,222
2025-05-14 17:04:35,0ab55ec447c233fa82564fa09a30f2047558003261b768f90e194fc97a416dbd,896698,162199622.0,508.0,3e-06,1,2,222
2025-05-14 17:04:35,cbede968d269e59d2e946e9a0ef70e14f6b62fdee33378db50df76eeb1f95f9f,896698,1840030522.0,508.0,0.0,1,2,223
2025-05-14 17:04:35,86c678649cb02a77a8aa0863eb71dafd0dd9841c83bf4a209d8efccfd815fe8d,896698,268646736.0,508.0,2e-06,1,2,223
2025-05-14 17:04:35,e4e84e39b34078e79e8661e2aeb69ebc4b02d96ede5bbe9f017ce4d50e2d0071,896698,31470.0,508.0,0.016142,1,2,222
2025-05-14 17:04:35,4a5988b4ff7e99d76bf396fd0632ca1d9704e584adc96425b07dc08b1d2d6d6e,896698,164189394.0,508.0,3e-06,1,2,222
2025-05-14 17:04:35,c1282fd74b9778c7a583da3c6c8b4385c7c2c9075af705f5b591b802692bd566,896698,1888599509.0,508.0,0.0,1,2,223
2025-05-14 17:04:35,eaab2221f49e6c0401192b1abd3af70930f0217a64ad8df36a6afbb8d403c15f,896698,3287559.0,508.0,0.000155,1,2,223
2025-05-14 17:04:35,59fd9d68bbb7deffa79adade5f01105338c9d0dc36448ccee9f9c0b1c237373a,896698,347916008.0,508.0,1e-06,1,2,222
2025-05-14 17:04:35,1abd04aa33d8b2f2e25132b223e8965d6fdd59055721d8b667a5d27a5dfe961b,896698,232492.0,508.0,0.002185,1,2,223
2025-05-14 17:04:35,95b5da0500fe6bda2a0a0b26fb5d681826748801ba22b4282cc87f0e885a761b,896698,161849.0,508.0,0.003139,1,2,223
2025-05-14 17:04:35,e886577b670738b45b21dfdcf301cae3b98c78e8654f1f5de131b6ebfe82a20d,896698,591436.0,508.0,0.000859,1,2,223
2025-05-14 17:04:35,e447025eb6991d0d5700d454d6b5dd55a8705d3d77fa35de782f2b865942cd08,896698,1997443.0,508.0,0.000254,1,2,222
2025-05-14 17:04:35,ac431a7267f202f784450d4778cfc18fac09cc2372f617249d46f13f6653f101,896698,1436637182.0,508.0,0.0,1,2,223
2025-05-14 17:04:35,0f66f004380c42b1e36c6edbf949d92f33ea294836366f592ecacdc7e1f4ca9c,896698,266411.0,750.0,0.002815,2,2,370
2025-05-14 17:04:35,bb584dedb6b2fda6be245911dc3b5ddd93341136f7ca1063f49627a7438f5396,896698,610887.0,440.0,0.00072,1,1,203
2025-05-14 17:04:35,65edb13016aee3112c4523d04c61b1e92e51bd0a9bfc190f49905e99db07c4fe,896698,8900.0,397.0,0.044607,1,1,191
2025-05-14 17:04:35,2b82cd44f417de8ae7bb88913ab250fa6474951f9ee094fb0dc489b001b0767b,896698,2742452.0,1246.0,0.000454,4,2,669
2025-05-14 17:04:35,a78ccbe48562b28354c6c2d72b2b41b55b63e29243fb7236c9a2200fedba1726,896698,28793479.0,1847.0,6.4e-05,6,3,996
2025-05-14 17:04:35,42e4f9c9937467a8b257a075d13ff26baf6ced31f0212752357676fcb0244c27,896698,18412.0,752.0,0.040843,2,2,370
2025-05-14 17:04:35,34df81ab36aa9e2fcfa6ce2a958eccbfa236e6358bf5276e92c2da411b3bd903,896698,137457.0,752.0,0.005471,2,2,370
2025-05-14 17:04:35,d8ec5ad834156726f21465687cf35385d42d11ae39a036f78abc077b92054b92,896698,21817323.0,4694.0,0.000215,18,2,2751
2025-05-14 17:04:35,dace1419adc150d2a8ca5196d9abc97a098c1beb55a5e80b8a7168fdcb503565,896698,94498081.0,1472.0,1.6e-05,1,9,599
2025-05-14 17:04:35,52cfc38c84f764fd9eee7a7e41662ce7f49213485edce8abe29780a33fa89ad1,896698,1269214.0,3600.0,0.002836,14,1,2125
2025-05-14 17:04:35,b9fdaeb2dc26d7516298cf9cc52b82070fc2f7e0a6fdce11be7cf231f9fafb66,896698,13221045.0,1256.0,9.5e-05,1,7,538
2025-05-14 17:04:35,c7581b130ded1b299c4ff83666516efad709fae3956231c79911c3e34b109219,896698,18219756518.0,1256.0,0.0,4,2,670
2025-05-14 17:04:35,dee3876f93efa29dcb0f43d7be08b4180f633fca5d215757de5120a1a0d891fb,896698,47709388.0,781.0,1.6e-05,1,2,381
2025-05-14 17:04:35,7482da01bf22f9fb710751f2c6f78726876741cc8a267f0b1213405ff3e8e7cb,896698,47792280.0,591.0,1.2e-05,1,2,381
2025-05-14 17:04:35,a94639b8b848452729268b92dbbd2fd8e8ea7d1454c78e795b49eddb71b4b07c,896698,105445004.0,1144.0,1.1e-05,1,6,506
2025-05-14 17:04:35,7ae12fe7576a54fdcc981d6260240f127286519d39bdc177acd0bb049b8546f7,896698,48078388.0,61574.0,0.001281,250,1,37157
2025-05-14 17:04:35,6e40e9fe35a15b8821302603e4f883f430bd868b2770efec41dfa1fd5901079b,896698,68238.0,1246.0,0.01826,4,2,668
2025-05-14 17:04:35,7b2a99220a5664999b64d4785a5fb42058ab9d1f8a7bcaa11c2e81663aa43d9b,896698,2313461149.0,1048.0,0.0,2,2,372
2025-05-14 17:04:35,9675dd51e3529447f7f65154797332f123fbe88b025d9328356ccd76cf70f6b2,896698,1540273.0,1317.0,0.000855,2,2,743
2025-05-14 17:04:35,55b59aeb23cdd3e963ba4efa1c8c8b432cfc849e0141e54f4db7d90c6770c2be,896698,23861.0,410.0,0.017183,1,1,195
2025-05-14 17:04:35,290d9bd1c497a72fd025a6616ecac53c734c27ee7e8c89233fe1feced78550fb,896698,407132.0,773.0,0.001899,1,2,403
2025-05-14 17:04:35,de333d781a2b6ec867f3c9aa3385d3aed70da735af70c23a604fe3a31bc9bb75,896698,385207.0,813.0,0.002111,1,3,415
2025-05-14 17:04:35,f46ee67c0b34f60d17a827bd7a8ba4826047a3ec80e918658eed6ce0486bb1d9,896698,5317721.0,686.0,0.000129,1,2,379
2025-05-14 17:04:35,7d235f5339e77dcc3bbe0faf15d702fbea45f2c0839823dab6ae68af6411d316,896698,1098591.0,686.0,0.000624,1,2,380
2025-05-14 17:04:35,8a0e6500a3a9a838a8ab362a8feb85edecc8076d29f3145dbeba3914afd5b102,896698,1284244.0,686.0,0.000534,1,2,380
2025-05-14 17:04:35,fc8d524b03c4d5b644de5c32b13c7eb72ed1e7c8114213a341122291c45ba792,896698,17695324.0,24566.0,0.001388,61,12,18343
2025-05-14 17:04:35,70d6ee4f6bd7f9cd71fea2fd9492f08c79557805c4e65d75c209ae8cb6498bec,896698,92616287.0,697.0,8e-06,1,2,383
2025-05-14 17:04:35,a0c8c669602e8f3fa01c1094183dfcd0abf4cd42dabc474dd1dd3e5f7f457c13,896698,1380181.0,697.0,0.000505,1,2,383
2025-05-14 17:04:35,0ae2f54b00e7ed0717306dec36c48e29a3298a586886a98612b806e87fe5b286,896698,7217319.0,730.0,0.000101,1,2,392
2025-05-14 17:04:35,2a91e50bfb5a18582297b64763d76e6371030ccec70f907235a5e9436751ce82,896698,936197.0,803.0,0.000858,1,2,221
2025-05-14 17:04:35,f2bac5d8811f611fd41e43de8b859db231786325f0fb171788644f6532a2a6da,896698,24263786369.0,2084.0,0.0,5,2,817
2025-05-14 17:04:35,51b7736e088cd6849bac5494a14195a10c6485ccb93f92f05a3cd7b7ba7e2039,896698,1029314.0,800.0,0.000777,1,1,216
2025-05-14 17:04:35,2997d3c8261a77e6c67e2f16af1e4e2b131811015603e941bcb31efcbdd732d0,896698,63983326.0,34141.0,0.000534,1,218,9660
2025-05-14 17:04:35,fc916821e474b3db86c958d5ada817043a36bb9b50ea3063f6b4f57a89f29e18,896698,4293854.0,677.0,0.000158,1,1,217
2025-05-14 17:04:35,16796cdbcf6eed69b2659f2b818663a7079ac3cb329433d3ff150f4ea180a396,896698,33866745.0,826.0,2.4e-05,1,3,253
2025-05-14 17:04:35,27557c92336a9580799aeb6f9baa2f9f63af712655b7f8b432bf7669c7f625e4,896698,34144688.0,850.0,2.5e-05,1,5,317
2025-05-14 17:04:35,4a035882338fe2a76d436d95b68396512564ccd38675eb77366b416fdae43faf,896698,34669878.0,630.0,1.8e-05,1,3,257
2025-05-14 17:04:35,4123fb5f2a736884ef893f9b481addf9ee174ddc6085cfda90762ac83e6f10ba,896698,38965039.0,511.0,1.3e-05,1,2,224
2025-05-14 17:04:35,ea779dea88aa52f9d6c03a340103b6b8e3654f8dabbbeba795c54aabb36d06ba,896698,39010603.0,338.0,9e-06,1,2,222
2025-05-14 17:04:35,fedfece86e72832d7d6fce419bf6c8a41426ceecef69741d50549820f8f6c2ad,896698,71464841.0,689.0,1e-05,1,2,380
2025-05-14 17:04:35,d8136f1d8bff8574140adb6483d596354352dce7949e73af736a6336db333760,896698,1499201.0,799.0,0.000533,1,2,219
2025-05-14 17:04:35,fc1ad41d1bece0ab1d0fe6fc48ca85903805419a865ed73072b206bdc53d9644,896698,2861884.0,799.0,0.000279,1,2,219
2025-05-14 17:04:35,996b24749b055972b94cb39002606c8f23068f256ede0fa451151f6a1c635ecb,896698,1999190.0,810.0,0.000405,1,2,222
2025-05-14 17:04:35,a178205596f732144612add3f801bba8edabb4e92fd17eae91c4b7926dd0d67e,896698,31075.0,657.0,0.021142,2,1,342
2025-05-14 17:04:35,5d87e313e68a2f7e5f05b7f125ba44fbbb692df49510a1abdb1c79cfed5a2697,896698,361968.0,1363.0,0.003766,3,2,867
2025-05-14 17:04:35,efa483ed8e474e121eacbf81501dc5bec93b4b1841b7ecd10ace656bec6a9760,896698,2558535.0,564.0,0.00022,1,2,222
2025-05-14 17:04:35,90b30ff7d83123565ffa7a81e6608fe8ca783fed0e6df16ae48977ec20771b0c,896698,2619269.0,564.0,0.000215,1,2,222
2025-05-14 17:04:35,3f987ac2aa169f3a1239e9a8948dfa604b841bc9ead8f8a6947d895e29abf09e,896698,4039633.0,423.0,0.000105,1,2,222
2025-05-14 17:04:35,d6af30c374f07b2c7f046ffb984dd3680360a38b4b853daec58fe2fcea448e50,896698,111216.0,564.0,0.005071,1,2,235
2025-05-14 17:04:35,33469af005d3fe2c5ac6a98a45f0bbedc4c4c959c4f43f78f0e91f446200c31d,896698,475671.0,564.0,0.001186,1,2,235
2025-05-14 17:04:35,a6c6f5b9a105155ce544634bb5f2002b6f84b07c29facd62486ff8eb804e2d61,896698,1652545.0,520.0,0.000315,1,2,223
2025-05-14 17:04:35,60f990dc11c42858de9ee14fcd75143ed526a1beaaefadf98385c2e9ab491d00,896698,866084.0,616.0,0.000711,1,2,248
2025-05-14 17:04:35,55ebd77a75310583a2284714a7eb17c4dc1e06a9ac315171064fc4ac6103656d,896698,1123186.0,896.0,0.000798,1,2,223
2025-05-14 17:04:35,411d452bdd63fd04ea6baf7ba6c357a4704bd201050e551b8ca53c44be5081f1,896698,1133758.0,896.0,0.00079,1,2,222
2025-05-14 17:04:35,0388f748d04af374abd8f76231b5b003977c66a33fdf1b7a3d8b7e93d04ccd7e,896698,1418175.0,672.0,0.000474,1,2,222
2025-05-14 17:04:35,92b50ae4bf41a2423edc7ae64419df13d8839cba9d93045520d5384d368d57f5,896698,99967484.0,516.0,5e-06,1,1,267
2025-05-14 17:04:35,563037d7bfbbb05e7e8cf617a75714831c37fddf417220fe5d290b394b371292,896698,8239.0,374.0,0.045394,1,1,151
2025-05-14 17:04:35,3fcd87fffd583665f9d00fee146eca75755d6fa6ab4f62dc25e7172658832063,896698,7253471154.0,709.0,0.0,1,2,380
2025-05-14 17:04:35,8bdda36944728e68ebe804991f62bccfd2973a6ebc4a40ac518480dab2a78596,896698,629000.0,414.0,0.000658,1,1,192
2025-05-14 17:04:35,1efafd0205bd6996e3f1d54103227b4617eaa634f78d20191b14a0f4315a67cc,896698,508865.0,578.0,0.001136,1,2,234
2025-05-14 17:04:35,68743331c4c8202f9455b909c77dd5275bdb62698c5578f6bb5fe4344ebacd3c,896698,499741.0,578.0,0.001157,1,2,234
2025-05-14 17:04:35,f390f6647e5c0d8e77370a5fa58222bf6bf03381eebfaa2b858ec359fa856387,896698,47131622.0,836.0,1.8e-05,2,2,384
2025-05-14 17:04:35,46214b23507ec37110a65475b0800c826b7ec1c2e94da4a07e147670fc00ac06,896698,14343.0,657.0,0.045806,1,2,223
2025-05-14 17:04:35,7041dffc27ed5d0fbde4f42f4a283a3294edfe58f9775641e98baab7db9ce796,896698,202124.0,963.0,0.004764,2,2,371
2025-05-14 17:04:35,6e5a2e4ea7de68ac9951cdae225f4fde614e0ce8128b23901b4a2e6c5f649b89,896698,43510440.0,3265.0,7.5e-05,1,26,989
2025-05-14 17:04:35,4edbe8c1b6fa1e4a2f6925f36f241fd414921a5aa91976fb2d4e82815ebe10fe,896698,617222.0,508.0,0.000823,1,1,216
2025-05-14 17:04:35,28b4659531301d516480985d2c28ed54c575ac6f3277b5d7c622e756e59a8409,896698,11990.0,756.0,0.063053,1,1,189
2025-05-14 17:04:35,4f8cce4132d81e8a96d539809e7bef87c67ffd6c40e503b3c79584ce18bfdd28,896698,24349.0,892.0,0.036634,1,2,222
2025-05-14 17:04:35,ceccc3c0e4bea50becd2f7af75a34aace3f839becf414a48258edd4a426a596e,896698,36355.0,892.0,0.024536,1,2,222
2025-05-14 17:04:35,01b0edd8cd51a2bc27475b26212d79bfc62efc102325de6d854c378d0f087d4d,896698,51744.0,892.0,0.017239,1,2,222
2025-05-14 17:04:35,5a4f363b508236df590eaa688205846692ce9d1ac2c192e848b9e326f48dfef0,896698,65194.0,669.0,0.010262,1,2,223
2025-05-14 17:04:35,c20255f10bd9d7b07fda52569d3c1e56905ace63b0b96a60b085cf8b00424431,896698,14998262.0,1738.0,0.000116,1,1,1389
2025-05-14 17:04:35,1a6500d3cfe3dec5671c220fe498952a50f8f7045dec553e96d27bd15f173bdd,896698,14997921.0,2079.0,0.000139,1,1,1715
2025-05-14 17:04:35,2f0495b2dfe783fb7af8b04bdd52795602ebaf7a08934478f91978e06ef946be,896698,49995546.0,588.0,1.2e-05,1,3,277
2025-05-17 09:37:04,c01810d1b28022638a0b5dedfe2a66b9c0f16acf101c70b1c046bc8cc5a22150,897084,196476.0,1393.0,0.00709,2,2,373
2025-05-17 09:37:04,73d78165d0d94ce71a70b58485c9ff6e56f7e384171b9cd339b1ca0e2f7ef4ff,897084,546.0,1104.0,2.021978,1,1,327
2025-05-17 09:37:04,6354455db0cdaeffe5e2eddea405d94829aaed87808a530d49bace207d4819f4,897084,160875.0,924.0,0.005744,1,2,205
2025-05-17 09:37:04,20cb36c244b1a760ee519cf3e8cd27750616e3f15854ca39d7ed205ca44bdfd7,897084,42155.0,1197.0,0.028395,2,1,343
2025-05-17 09:37:04,7da98e4e7ff309d09ba122720cc66f1baf27bf4562a66f28d1d00f6c0c601320,897084,645951.0,4836.0,0.007487,8,6,1127
2025-05-17 09:37:04,1380f88e4cb1073f16fcd1526515a3685a145aa4a4be133e41c43cea8051a7f0,897084,155526.0,1632.0,0.010493,3,1,490
2025-05-17 09:37:04,7407c2c480ec618d314fb768dc52dbcc40252ca4b68c6b8908ead1bdfe34dadc,897084,16894628.0,2090.0,0.000124,2,5,476
2025-05-17 09:37:04,7819e7378596835dfe0853b114469da014ea4a2091f149aa1c88cac32047307b,897084,85250.0,750.0,0.008798,1,1,194
2025-05-17 09:37:04,319877393d9c07c5f6a7cbaaa0018cd25587c06fe48acbd736cac473dc6f6233,897084,1467580.0,750.0,0.000511,1,1,195
2025-05-17 09:37:04,5d69ad35053759811445660565839e38f8fd997e037cb1de64928ebd24a16073,897084,4508655.0,936.0,0.000208,1,2,222
2025-05-17 09:37:04,fa6db02924138b88d6e0d194807d58b2f46c68f64d6f1f05b1926158eeca51ff,897084,162238.0,924.0,0.005695,1,1,304
2025-05-17 09:37:04,0f3c2b0db99a6c303cf2b1d389ca37d1d01ec876e051044edf94d6d294d6a7b1,897084,1044378057.0,1238.0,1e-06,1,3,253
2025-05-17 09:37:04,4f83f46e2434bae023b1ceae2a19ca6def08f39fece0d3d7a76a9849585677a4,897084,1044683027.0,846.0,1e-06,1,2,222
2025-05-17 09:37:04,c6a510ff3ba751a9bc0deeeb2afc9e63558ba1121c3936562d29590740cadad9,897084,404482.0,1393.0,0.003444,2,2,371
2025-05-17 09:37:04,6ed424c81d0fb8f7fcbb9e9058630a9d45405b715d7261c5bffe6f85eaf7aa7c,897084,777000.0,1393.0,0.001793,2,2,371
2025-05-17 09:37:04,daeff3da53486a01197fe24d3f25a21f5a8f3e731a65638a09c110c4d86b5254,897084,2816444.0,1264.0,0.000449,1,2,381
2025-05-17 09:37:04,1f8568a8a845668eb8de78817ae530bb355fc631a50cb1170c799d46542cf391,897084,81585.0,5040.0,0.061776,11,3,1330
2025-05-17 09:37:04,a4dffbb18cf4e4c0569ed7791b6e6b302dddfe0d92e03f4357cead5321f461f5,897084,89118.0,964.0,0.010817,1,2,225
2025-05-17 09:37:04,c83873474865a13e9760180ce0e4e61a231332bed8688f996d55421fe01023ea,897084,143323.0,964.0,0.006726,1,2,225
2025-05-17 09:37:04,02ffda29b9f565c22dfc369382dc8c7ee9d5794bf32e939ba1319dc9a1299de9,897084,393316.0,964.0,0.002451,1,2,225
2025-05-17 09:37:04,290fbc8f48faf4703fc074b036686e78bdb59bf8661328bc14e1ede405faf6dd,897084,3196647.0,964.0,0.000302,1,2,226
2025-05-17 09:37:04,a7fc492b2272c8886f1b041ff2c8fa3d3ae280be90fc69d78fd9836c332a39da,897084,1007105.0,964.0,0.000957,1,2,226
2025-05-17 09:37:04,2ff72ac73921ae42f090484cd2cde9621f22183cd63f4ce557fb61a2b9955ea8,897084,7655772.0,964.0,0.000126,1,2,225
2025-05-17 09:37:04,f7da86d0ce37d2c357ed48b5d94e126a48f44304196bcb424594580f8028d8a3,897084,5691752.0,964.0,0.000169,1,2,225
2025-05-17 09:37:04,92ecdbac8dbd58d5d19adc6e61a8fa681276339ecb6f1546cf7585807afc3665,897084,45804.0,964.0,0.021046,1,2,226
2025-05-17 09:37:04,092587580c56afdd56ce9244340ab8fccd32e6bfa45d62f03d136fd5a8b5af5e,897084,70175.0,964.0,0.013737,1,2,225
2025-05-17 09:37:04,97971ddf36cbab3a686f8a21a49f2d74af912522fd5036fbe67cbe699fae0246,897084,106986.0,964.0,0.009011,1,2,225
2025-05-17 09:37:04,af061b6ffeb165c08c044c7659c4f4fd59056d37eb4c1e7448b7b76b49d1df2e,897084,385686.0,964.0,0.002499,1,2,225
2025-05-17 09:37:04,9cf045a804e77c9c1824a2b2a73894ea69435ada4ca987b7f7869555b4dd0e10,897084,135999.0,964.0,0.007088,1,2,225
2025-05-17 09:37:04,17a990f390b9f9b50e07703b7f8ab2bf45f97840c19d1016119c562c7816b605,897084,247608.0,964.0,0.003893,1,2,225
2025-05-17 09:37:04,3c7fe487d9a0dfb0c4665031096d2620c022fcc9b47c42aa463feca016ce772e,897084,1507766.0,1393.0,0.000924,2,2,370
2025-05-17 09:37:04,28a7d9200f65eefddd988bbaa0d17ea40db4b2c3743cedc8024d21eb8a52afdf,897084,183756.0,4232.0,0.023031,4,1,631
2025-05-17 09:37:04,fac128d70e5af239db32384038880fba76f8a7467f84c3edb62ccdf42d68e67f,897084,4355244.0,1109.0,0.000255,1,2,246
2025-05-17 09:37:04,f734ef963d025bb23fcd38909b13ae95eb0ab5816520b6f641bbc150a56eb2eb,897084,21993674.0,1326.0,6e-05,1,3,248
2025-05-17 09:37:04,9dad271a048a8faf30a0c0c0f79e425403601fc2188e26612a0e80c258a8ca97,897084,61850.0,1326.0,0.021439,1,3,248
2025-05-17 09:37:04,5df630990943970fe72c8d64078769aaf364a6c8e2a2266debc077056dad4e8a,897084,156955.0,1326.0,0.008448,1,3,248
2025-05-17 09:37:04,8ea1324a882b9478c49483441c46d6c9898d8674fddf14f9ad728911fa33fd51,897084,258409.0,1326.0,0.005131,1,3,248
2025-05-17 09:37:04,a04995b21036589ed4b82d61775681cb546524c3045a7c55a0d747f7e6261134,897084,127136.0,1326.0,0.01043,1,3,248
2025-05-17 09:37:04,a5faad948d94985e40a1c4c83ded4a293649efbfa640c71c1cff4edeb4d0e21a,897084,43674.0,1326.0,0.030361,1,3,248
2025-05-17 09:37:04,8b12d98633b35f99e17174f571de1fb2d9509ff77f1f0c80bc5cf9eaab359e2b,897084,112410.0,964.0,0.008576,1,2,222
2025-05-17 09:37:04,7f2cbfbc00b78604e3c5677552f74309aeff65b213c8cdb8f34d591d60c9616c,897084,212374.0,1393.0,0.006559,2,2,372
2025-05-17 09:37:04,14618a410634b37ef57d493398dd039f3c4f32f41ebf2d1d7831009f8aaf6c56,897084,496250.0,750.0,0.001511,1,1,193
2025-05-17 09:37:04,4bd7198054b633ecb49e1e7bf3e8610d91e65f6d3e719687b08d7d7c4a18e514,897084,194552.0,744.0,0.003824,1,1,191
2025-05-17 09:37:04,9589725a18ccc15b2c53569f6938a6241e7f9865b4dfcc39acb2bfe4395327aa,897084,546.0,1300.0,2.380952,1,1,323
2025-05-17 09:37:04,e8aec03f3614abee0ab1405751194a73a1d8d484138929b4fe0eb8780c7ac6ac,897084,36364.0,770.0,0.021175,1,2,205
2025-05-17 09:37:04,5b02b853d796cd4ba43f9ba35a2f50964749fd0c4b13edecaaf109cd9e40ed98,897084,2057248698.0,1915.0,1e-06,1,6,348
2025-05-17 09:37:04,663610aa9a60cbe5fedd2fb44d1a1bbbcdfb5500db2f5ee09b969bce6edd851a,897084,2064949226.0,2894.0,1e-06,1,10,483
2025-05-17 09:37:04,abcd0ffcae179a2834af8f1957b997b18e702564dac93e72cbac9c76cd120d77,897084,2078878767.0,2274.0,1e-06,1,9,461
2025-05-17 09:37:04,817b8495ea059627e6aa9ba4da08b12893088dd16214f872e91ff386aaecbbf5,897084,22598315.0,1685.0,7.5e-05,1,4,331
2025-05-17 09:37:04,9eb01f184f71c71322244ba5345baa652d9f1a3b153c6c2ff8849bd43f70c69a,897084,2590345.0,1719.0,0.000664,1,3,254
2025-05-17 09:37:04,407114402adfdc440e8441c0d82fb857160d087d9bf18b3498a59f21a88642d9,897084,7455775.0,1015.0,0.000136,1,2,222
2025-05-17 09:37:04,4a8da049794ff1bc6a122c776c53ccd954ee26dd64e8e312c05ce5630038dfcd,897084,7526692.0,1015.0,0.000135,1,2,223
2025-05-17 09:37:04,cfdc3f39eb7e5a6f9088ff7f98595335e15e41024fac3c8505937438ec47b120,897084,7625778.0,918.0,0.00012,1,2,235
2025-05-17 09:37:04,3fac28555e1407ee5eb96235c2746c711ae8c6f1cea6c7acb82d3b4983c71a98,897084,225839.0,964.0,0.004269,1,2,224
2025-05-17 09:37:04,e28d04fb54209de952a589a1e34f4fa8d005e8ee7c0542f6e1c638bd8dd87f13,897084,2038162.0,964.0,0.000473,1,2,224
2025-05-17 09:37:04,04702ce75d2b98b9aa9e9e331308ef00363c8099929784b852691513ef28910e,897084,493970.0,964.0,0.001952,1,2,223
2025-05-17 09:37:04,c662f711e4ecebaf364b7ceecd924d265c3a7fabdf3cf6ec3b56725c815e720a,897084,14254.0,964.0,0.06763,1,2,223
2025-05-17 09:37:04,54a90e4ec47251226c0ce0597e1ae92c913b386f1dbf592a7104f0463d7053f2,897084,43828.0,769.0,0.017546,1,1,195
2025-05-17 09:37:04,6284f91a4343a927f77d9968adaf88abecd08b3c5cc82a2e3e649fa45023bae5,897084,1620662.0,769.0,0.000474,1,1,194
2025-05-17 09:37:04,251360f72cf720cbe25721a75f9132bedc5e0e3da44061c3ef85be7aa42e44b1,897084,75764.0,769.0,0.01015,1,1,195
2025-05-17 09:37:04,09b0fcdb337dc4067f2303ba4f513f4728e2b7e07af525abd685a4259ce8d4ac,897084,823259.0,769.0,0.000934,1,1,194
2025-05-17 09:37:04,4e898abb83779c2ef1c6dbfae5ebf183455ba251f1a974c1fce4f76123d2d28c,897084,11531.0,769.0,0.06669,1,1,195
2025-05-17 09:37:04,1454cfd276c12b2a35ea04195709c096e244025356719e789a6b7c035f9f468a,897084,95914.0,769.0,0.008018,1,1,194
2025-05-17 09:37:04,343d7bb561ba5b06585f15c228f99e78befe1db7ea546ddf27f183691eede65d,897084,3050939.0,769.0,0.000252,1,1,195
2025-05-17 09:37:04,987ec1af4984287940aaa3c4d386d79f95f5526258a480de698881457c0c0d54,897084,8831.0,769.0,0.08708,1,1,195
2025-05-17 09:37:04,16832b546484de1e04a4127fd7e0022c7dd4dc1a0fca1caf575c13bfbf875812,897084,1319091.0,769.0,0.000583,1,1,194
2025-05-17 09:37:04,cae9c0c1681441fd271482c69947b3e838156ef3f0394aac09a930d0400f0b5e,897084,43250.0,750.0,0.017341,1,1,192
2025-05-17 09:37:04,2a2612162d9a4965fa8c7504433f60105ed32eeb8e0b818796b70428054ade4e,897084,19231.0,750.0,0.039,1,1,192
2025-05-17 09:37:04,dc61a5fa1f914a0efc3452e24e456ee50f0600d5a2ceb8d6cb117aa9e008b718,897084,75250.0,750.0,0.009967,1,1,192
2025-05-17 09:37:04,c3edbb3c661f7921b9c760e8ec48a17693720b7c8c40de86563579fd320399fb,897084,1157238.0,964.0,0.000833,1,2,222
2025-05-17 09:37:04,3c4ac1a7b698ce201bd63f61b81e184ae45d40af5e33996a2087e97e1a6860f0,897084,8689.0,964.0,0.110945,1,2,223
2025-05-17 09:37:04,7a2d969d6b90bdcb27644f687d3c17beadab71d42af3a4f02d18e0ee62cee6dc,897084,8999036.0,964.0,0.000107,1,2,223
2025-05-17 09:37:04,ebb6252038443744e480253c9c61a93213971d5c9fd0972896008c31b30053c4,897084,51350.0,964.0,0.018773,1,2,223
2025-05-17 09:37:04,b949c05b873e023ceadd0311561050f296ebb39584252ea8b58a2da68129e9b8,897084,1681876.0,964.0,0.000573,1,2,223
2025-05-17 09:37:04,b50a3b916db0e1aecee8c9dfbd7f3af362c8fd0946b198cad317332a26dd67b8,897084,1023161.0,964.0,0.000942,1,2,222
2025-05-17 09:37:04,d33b17507d03de97f30590fb7beb3c2d9ae2bc0a7b53f6ae839d13ff36727eb0,897084,108256.0,964.0,0.008905,1,2,223
2025-05-17 09:37:04,7e998ac334cf8497671ab6463745a9af07525ff2a4ae325862c01203b84c8baf,897084,52495.0,964.0,0.018364,1,2,223
2025-05-17 09:37:04,3d0890705e62d510e349d66047e409793e334ba4ea271311befd8ce2d4bdd5aa,897084,90198581.0,964.0,1.1e-05,1,2,222
2025-05-17 09:37:04,ea99af5a6839934a25f7633a09e0a4359c8646af6b77386c1d2f6c555800b7a7,897084,4276744.0,964.0,0.000225,1,2,223
2025-05-17 09:37:04,460879a05319133eb4780f71fd902ee326fe57f634096d4858e8c5ee75b79396,897084,152749.0,964.0,0.006311,1,2,223
2025-05-17 09:37:04,10e9a921729e74515897bb8e1886bb75b9663878e107647cd6848b5538e9df8e,897084,14751.0,964.0,0.065352,1,2,222
2025-05-17 09:37:04,150ae05c8b0313a173b5a7430893ed8578d56f21972376e40b4e99ca6c863b8d,897084,14581679.0,964.0,6.6e-05,1,2,222
2025-05-17 09:37:04,c0717a1c3773dc94d1aa10bdb9d510a3bab358db4b55c569542a38c1aecb0481,897084,283033.0,964.0,0.003406,1,2,222
2025-05-17 09:37:04,d3e4ab47549bbd2ce7931c355c892062439a5c3a0d987da90a14c87ff612ef78,897084,1091240.0,964.0,0.000883,1,2,223
2025-05-17 09:37:04,59ba1578fcea576c2d27e03c510d494bda523dd50c947a67cc9dfae7db2f886e,897084,110628.0,964.0,0.008714,1,2,222
2025-05-17 09:37:04,0b16fe7c25271ac87d0acb556375cf3443575cef343d5968de5970375272996b,897084,240906.0,964.0,0.004002,1,2,222
2025-05-17 09:37:04,6c3c385eca0793d983f5d264a760cd2e6decd77c25bc21e80167fa1c83642367,897084,5524581.0,964.0,0.000174,1,2,223
2025-05-17 09:37:04,7462502d4f713b6afd8cc8aa68771d3ced3a0e803f7ce2cd0a57d359df5c8661,897084,1352792.0,964.0,0.000713,1,2,223
2025-05-17 09:37:04,6ca64fd6e8e985de83327865d668187b91237571f4e457aa06d25de076900556,897084,35824.0,964.0,0.026909,1,2,222
2025-05-17 09:37:04,9c622deb0d2fc2bfee4d69a8f7e352c78530b59fd54bba28497935fc0bfbdd53,897084,1102275.0,964.0,0.000875,1,2,223
2025-05-17 09:37:04,7d4b2b6c69026e4fcfd7b76e3f03e19d1a7f64fbe4c8c9e07957e6a23a9cf842,897084,338437.0,964.0,0.002848,1,2,222
2025-05-17 09:37:04,5c8ed6aea0a53024a467681b1c1c8a3dadfdc19f385e1679ec1e9c670ec4eb3f,897084,56289.0,964.0,0.017126,1,2,223
2025-05-17 09:37:04,f4ddd95de5bb57aa13d0d1d76856af346ae7c4d0a6c9c7f145300ceb43c4d62d,897084,6886137.0,964.0,0.00014,1,2,222
2025-05-17 09:37:04,43a38308ddfa14c5d99d5544434eca43dfd8328687be1a79383e9eb3a256c40c,897084,202465.0,964.0,0.004761,1,2,222
2025-05-17 09:37:04,3f2380248ed154e1aa2388318c7525a71a478bc8064ad510a8e132b1c41b986e,897084,16530246.0,1015.0,6.1e-05,1,2,223
2025-05-17 09:37:04,dbbdc1e2c96937bf84147e89411279778c7e134894489fdcf2dadc4ae08cf5da,897084,16597926.0,1015.0,6.1e-05,1,2,222
2025-05-17 09:37:04,27c77c5b01ae1f67fcc336f1d9e95a89e65012a658d076fa7a2dacb7ce2c964f,897084,16744692.0,1102.0,6.6e-05,1,2,234
2025-05-17 09:37:04,6093b5e58b60c75a5d3b1e08ac6a658ec417c5bedf4cc248c7e2b80c817e2402,897084,16766333.0,1015.0,6.1e-05,1,2,223
2025-05-17 09:37:04,e67a71d37d4b40caa238a8f54632234bf4e79062f38dce87139f70583d11cd82,897084,16773976.0,1015.0,6.1e-05,1,2,223
2025-05-17 09:37:04,89e98a00bce9a8a2cde77030d9fd7f2f90403645eb7965cabd9660d0c7500995,897084,16802725.0,846.0,5e-05,1,2,223
2025-05-17 17:52:33,1d3365f96fb438e830f75b4f0dd547331e6634afe83961d0b8bfac180fedce57,897134,232242858.0,720.0,3e-06,1,2,194
2025-05-17 17:52:33,aa66fe5aff64a0172902d1341d6f69894c38900b470986f5776ad54628053d0e,897134,260655078.0,780.0,3e-06,1,2,237
2025-05-17 17:52:33,330542c31dc65ce601bc91232f3543902fbf9f4cd43b5c1f8c618a368439c326,897134,52825.0,1485.0,0.028112,2,4,428
2025-05-17 17:52:33,440ad4442bc85094cc1add10e7a09afe3538bc8e9b425f65bdfdb04c5930c68b,897134,1236912.0,2900.0,0.002345,7,3,1141
2025-05-17 17:52:33,12e19ee595b6aa4eb732a209d4c3d1de59caf33f045eff3502f48a03c2d086bb,897134,311715.0,2595.0,0.008325,3,2,517
2025-05-17 17:52:33,61ab39a17506f2656ec66439e29a383d266662bc3d43ad3737b710f64676e1a3,897134,298800.0,1200.0,0.004016,2,3,401
2025-05-17 17:52:33,9c69f2a71118246632a89313dd10a4ce80c98a22d3793344016114fd72852b8c,897134,33676781.0,1135.0,3.4e-05,1,2,226
2025-05-17 17:52:33,e2a28e88e7c48a7d69aadc83d22063cb83400c96562cebcc7fff035d36b36ede,897134,3684052.0,1130.0,0.000307,1,2,225
2025-05-17 17:52:33,ed0600f3a64e06ae1d1d7dcf431c492ab07f5d1903f523611d841e2e8fb24c57,897134,37870.0,1130.0,0.029839,1,2,225
2025-05-17 17:52:33,108fdf2e141487d1c55f7df1678724ff10c596456a15cde02e9d5dc0227dac4f,897134,2354112.0,1130.0,0.00048,1,2,225
2025-05-17 17:52:33,f6fcca2e997b415263abdcfc6d56fbfdd0220989aac9e7681c47b1b7b292582c,897134,125870.0,1130.0,0.008978,1,2,225
2025-05-17 17:52:33,c5f96f49917b4fc657402733934498788f8c36b7386c05df0f7779539b8c1d1f,897134,23171.0,1130.0,0.048768,1,2,225
2025-05-17 17:52:33,9050b67a046b88648d6b55e5a337d367fc305e19c9d697e02b8a4cd2ea23291a,897134,862568.0,1130.0,0.00131,1,2,225
2025-05-17 17:52:33,c4146b5bc3b8ec006cb8e2fd945691b178ba45b9509593efe6c425d84d4529fd,897134,254885.0,1115.0,0.004375,1,2,222
2025-05-17 17:52:33,0f0ddb39b7ed62ab65b3a9e3c709a98aaa65e47952871623314ed515a5ea58ec,897134,21421.0,1115.0,0.052052,1,2,222
2025-05-17 17:52:33,f10ea35e67972cd46c3c22d15b27ee846003ed2e71443fe0afdcd0041af70883,897134,94537.0,1115.0,0.011794,1,2,222
2025-05-17 17:52:33,1236b939a14f10b82ec1f610f935e3e5feb22d83b740dcb8f71efb01a23a467b,897134,2727107.0,1115.0,0.000409,1,2,222
2025-05-17 17:52:33,6685efa38b9f0026905e6de1a7fc61b0a9bce75823a089cef7bcdf20f3a55048,897134,82885.0,1115.0,0.013452,1,2,222
2025-05-17 17:52:33,18ae956ef1e21b303b4ab690f89dee31c8120874baa219096999a2486963e623,897134,2041442.0,1338.0,0.000655,1,2,222
2025-05-17 17:52:33,6a10a679916bacee82e59c0849c9f595e381e4825c5e003f0861ac589a9c8523,897134,2200919.0,892.0,0.000405,1,2,222
2025-05-17 17:52:33,58758c6fa63aa15ec95b9066bcd2e0e9d230a5c32ca643fa1d532c20d964c4b2,897134,25613418.0,1110.0,4.3e-05,1,3,411
2025-05-17 17:52:33,978c0f421706020383bbbf9c4c223ee0d118c338aafba3c5f1c0bda9043ad68f,897134,144252.0,1045.0,0.007244,2,2,370
2025-05-17 17:52:33,bc13be749ba6bd13da757ec3f77a53fd5365bcb37348c69ff22d997b10998e42,897134,190836.0,1045.0,0.005476,2,2,370
2025-05-17 17:52:33,f0df1fca45042c4d9c58530c099889d6f58b5f227660b191e2c85cb3d4a57714,897134,55457.0,1045.0,0.018843,2,2,370
2025-05-17 17:52:33,3963c8b59d6b6107915255886a3dc5fa84e75a0220eb10d17aebc6ae010fd2a7,897134,456010.0,1860.0,0.004079,2,2,370
2025-05-17 17:52:33,c155f70bbd016063071ed65ecd0909743f2c9aacffcff5c161e1c389e77981c5,897134,457870.0,1130.0,0.002468,1,2,225
2025-05-17 17:52:33,64b26732f9160200d520716413a1914bb43849ddd80fbaec5c07f6af3a2f83ef,897134,144674.0,960.0,0.006636,1,1,191
2025-05-17 17:52:33,8fa58ac0a478dda2b72f0a2b338c13e358deece9b1f3fb4d24dcf6efa59586db,897134,75283.0,960.0,0.012752,1,1,191
2025-05-17 17:52:33,a1aa89be6730a3b0d599b6ed06c1f12c13154fc422791bee2a1ab32055454ecd,897134,89159070.0,950.0,1.1e-05,1,2,380
2025-05-17 17:52:33,6417a974aae068dae37827e12468d5d03d05281615377727edb439f2d3e88311,897134,1335530.0,950.0,0.000711,2,1,351
2025-05-17 17:52:33,7bd0d9da9ab7c88dadf1a45e33354473f24adc64363504eeba2ba680f8928fba,897134,2612964.0,1860.0,0.000712,2,2,370
2025-05-17 17:52:33,66059389691421676ca0e87343d4bc34b6adf01770b3f6b0d0094a60248b3792,897134,143291.0,2610.0,0.018215,3,2,519
2025-05-17 17:52:33,fa6646e40cf5a4024689046eb39426c587c7fa0de487e98c74b7f3e8fbb14474,897134,2030227.0,720.0,0.000355,1,2,194
2025-05-17 17:52:33,9ded2855f7f0412c0e303f4a0ec520e614f40c6ecc4942f3bc6320e2a28eada4,897134,2448372.0,715.0,0.000292,1,2,193
2025-05-17 17:52:33,f6c526b1381c4fbc249f893a38cff5ca371c5fc846dc714730e7b54327382b47,897134,2103970.0,715.0,0.00034,1,2,193
2025-05-17 17:52:33,2d0857e381f833277e6e4b582a9feffef43f21d41baedb10c3f44cc50ed7781a,897134,1899828.0,715.0,0.000376,1,2,193
2025-05-17 17:52:33,f483a51d76a526b7989288030be4ec8ab877fbc326a6a5d27865b1f419a8eaf3,897134,87393.0,705.0,0.008067,1,2,221
2025-05-17 17:52:33,63577304e6923e46558ccccfdeb39e35c86e4ba50470abcf9689a3d21e489491,897134,508758.0,1355.0,0.002663,3,2,419
2025-05-17 17:52:33,927149c8f479cbec59ea9902b89be517677ff682234afc7a294a2dd9a8a7b3e0,897134,38706.0,660.0,0.017052,1,2,182
2025-05-17 17:52:33,ed6cbac2906fb6b08213d991025282cefbb751d92041eb58268dbc16d55d8c66,897134,512528267.0,660.0,1e-06,1,2,182
2025-05-17 17:52:33,7f60b30b30f064e4d812d607b52dcf9f4ab373ae8c0ffd4e1a8354ef227c398d,897134,18917236.0,655.0,3.5e-05,1,2,181
2025-05-17 17:52:33,56e62e8099ccdfcb570d8d7f21bde45888f5452863130a507b3b8afb890bfad8,897134,1937789.0,1580.0,0.000815,4,1,635
2025-05-17 17:52:33,d70d2d67b918ac4806bfcaed00c85d9c6e320eb907d01b000d6e48bacf5ad6a7,897134,492105.0,965.0,0.001961,1,1,191
2025-05-17 17:52:33,8c329c38c543cbb0fd89dfaf4fce9869565fbcad4c218c2b665116ca048cae50,897134,123536.0,2085.0,0.016878,5,2,817
2025-05-17 17:52:33,1e97c35520b67f009b367afa2c980a48c294ae97423a7f74bc376067b7e0d890,897134,8000.0,1248.0,0.156,1,1,423
2025-05-17 17:52:33,16936906861fd130beb10b3d5a485f540cd68dfda12972f1bab1d6fd1face0a3,897134,11512.0,1058.0,0.091904,2,2,312
2025-05-17 17:52:33,c379e802686b8f5673c8c93a15412af2bb15237422d15555ec97bc2d0be355bf,897134,9384.0,616.0,0.065644,1,2,205
2025-05-17 17:52:33,d2e7f1d6ef8ee1bd8a8ea3ca8729344929ec80c9ac07aac8b040efb13fb7cf58,897134,14388.0,616.0,0.042813,1,2,205
2025-05-17 17:52:33,9407ab3ae49d2795fe80805a6135a330a17640d46f00e49fa0fdbf881075d0d0,897134,37041750.0,83505.0,0.002254,241,2,35872
2025-05-17 17:52:33,f9ca7a0f462e32503f738bcac5c7f9f74eab2bf317ffade8b96f291ef1d2cc82,897134,582637.0,875.0,0.001502,1,3,254
2025-05-17 17:52:33,d0619c5e55b4f03aba87ff06ef175d6488b90866ceeba53ed0fb2baaa4d23c4e,897134,1859622579.0,846.0,0.0,1,2,222
2025-05-17 17:52:33,ffc29f487c32e9115f95014dac89e352b6f7fe7d1d341157bc0a07b745559310,897134,1859630421.0,846.0,0.0,1,2,223
2025-05-17 17:52:33,338868a779505114d65ed3e48541ed10431216f5bba5cc2c80d1d7cd35451bd2,897134,1859636551.0,846.0,0.0,1,2,223
2025-05-17 17:52:33,d81f0896f260fc1e652aad5bb8bf3d9476788bc0d670f9a847092e847f741908,897134,1861860978.0,338.0,0.0,1,2,223
2025-05-17 17:52:33,b39288b0a115c6268ef164eb0e07bc3981432b03bb44cb155b1280356e25a4da,897134,1374766.0,920.0,0.000669,2,1,342
2025-05-17 17:52:33,e75ebf95b485f5c8b1587253416f732980db447efa3c86bc02d2b1b2f55e08ec,897134,1646674.0,2465.0,0.001497,6,2,968
2025-05-17 17:52:33,5b45196741deb8e0c46bab0e54b122e0375e096df644970150a0324918bd02ad,897134,198049.0,733.0,0.003701,1,2,224
2025-05-17 17:52:33,3bc7718a509eba08612f6b32aa6cc64fbae395bb5f13098b887d4f145fe0668f,897134,94882.0,730.0,0.007694,1,2,193
2025-05-17 17:52:33,a4b912354ec6f614710bc3b4ec6b55ba4cbc3845e75361fd535e8df30ed0484d,897134,198356.0,730.0,0.00368,1,2,193
2025-05-17 17:52:33,60aaaf98957a7262cb26fad7b89b698496782669a573d6cdae15ad2b2106572c,897134,988627.0,876.0,0.000886,1,2,224
2025-05-17 17:52:33,7addecc6a81b751816a6d13f2f0601e615ae03cdb1c10a83273f6636dade7016,897134,990238.0,584.0,0.00059,1,2,224
2025-05-17 17:52:33,ef372f1a8d36597afd317df3d01cd4227cdd586e4daba0c9ed5b529d4c65ad37,897134,7629.0,8067.0,1.057413,6,2,728
2025-05-17 17:52:33,b63b333c2a91dcd1f04a877d52cc6c929181167504509ea1dd2672d616c6dadd,897134,106139.0,254.0,0.002393,2,2,313
2025-05-17 17:52:33,b00c7f0e58f725db9f18b6c540e39e66b01c9d1ee59eb785b424aaaaef798bb4,897134,127083.0,254.0,0.001999,2,2,313
2025-05-17 17:52:33,051951fb7fbb05ca6284ac98f6704756f4e6ce04d5bcecbe8c23b102985a7281,897134,226826.0,241.0,0.001062,2,2,302
2025-05-17 17:52:33,5ed9bcfce7b156846e6e2fba172bf6798626bf1d62c13fe37f8de83ab380c27f,897134,127083.0,254.0,0.001999,2,2,313
2025-05-17 17:52:33,4f23a396cc5761aa8eba02c9c34fc46f82257c48f66c4d9cc57aae907f96d130,897134,127083.0,254.0,0.001999,2,2,313
2025-05-17 17:52:33,38a9e9f0f4f02b1fd2ef50423c92fde1d474a0b6ca01c7e1af4f2f086990af74,897134,746475.0,523.0,0.000701,2,7,598
2025-05-17 17:52:33,f578a94281a56dae456d6e06308bd69366e49b70ad8f67e864f95871d95852f3,897134,282186.0,1614.0,0.00572,4,1,635
2025-05-17 17:52:33,dff2611eac9d558fcfc591537686e49eba7b730fcebaf19b31c6293ca36ec555,897134,255054.0,1930.0,0.007567,2,2,374
2025-05-17 17:52:33,2a7b3b9753c558bc79677c47e4de9a90fb4c3ed99c52e19c71931fa357d58dba,897134,921262.0,3830.0,0.004157,6,9,1071
2025-05-17 17:52:33,0d8b6400a5bb4f6495e9323fa201b70801772539daa6ed2f43ec786da990177c,897134,218112.0,1930.0,0.008849,2,2,373
2025-05-17 17:52:33,032c22331ec366717582df2efb06988a1eca5b042a6b1b7a323c7c0704831953,897134,16164452.0,3850.0,0.000238,6,9,1043
2025-05-17 17:52:33,193d95002a66a1ee3e848e65635753d8065ea392d6fb7409406faa7cc193051b,897134,153307.0,1218.0,0.007945,1,2,235
2025-05-17 17:52:33,83eadb26725f66d4e7b1df37fefa5bcc6c3f703c362f10485f5d8bc972fd75ef,897134,77334498.0,23944.0,0.00031,31,1,4615
2025-05-17 17:52:33,3c8b0d23efa704890d51ea5bf8f2c19a07c89bbe47df69e78e46cab07dcffeb2,897134,52090.0,660.0,0.01267,1,1,192
2025-05-17 17:52:33,bab69af88ea8f887ea622f80018f42762426b122669b54f413d81b4e03c265cb,897134,12451979.0,3036.0,0.000244,3,9,747
2025-05-17 17:52:33,2e823a631c0d7590fc751b9e5f1eace0982ac47ddf0f55f3c65c4d41961320d6,897134,3342824.0,677.0,0.000203,1,2,222
2025-05-17 17:52:33,83f008d44021bb65299cdf82bc4afabd92c85d827a9a5baa519c6d43b5c659e6,897134,3379689.0,677.0,0.0002,1,2,223
2025-05-17 17:52:33,c2f91e8a695aff46876d53021921b9d33c2a503025068d7e0591bdd6b02bd2d5,897134,7985958.0,341.0,4.3e-05,1,2,224
2025-05-17 17:52:33,265ee46f5c287e3a2f49ef9e4558829fe359517343bd21316f29a82a852d15bd,897134,9999413.0,587.0,5.9e-05,1,1,195
2025-05-17 17:52:33,8f62faf0d8c6726b691848053c2c54030f4fd205eec02bf32278c2643ee7aa5f,897134,2999413.0,587.0,0.000196,1,1,195
2025-05-17 17:52:33,8e9f1808ada4d8128bd949b599a8761b6e821b30144679a91c33b769671a2329,897134,59560.0,587.0,0.009856,1,1,194
2025-05-17 17:52:33,80858b051c76b6f6089227a8280d5eb3463e973f8a4ee08650afa6c866c49f50,897134,31095968.0,1505.0,4.8e-05,1,2,222
2025-05-17 17:52:33,066dc7f5af61276bb0910939c373a0ead9b779737b1a9208b6af5ba89dac0afc,897134,31581973.0,348.0,1.1e-05,1,2,222
2025-05-17 17:52:33,8aa2d3b382e850a08c5247da5ae9ca57057496425f97061966855a59b3badd50,897134,31971692.0,350.0,1.1e-05,1,2,223
2025-05-17 17:52:33,8e26e708ff06de4b41fbe4d328208675be75f789507e757ef018ab128f81f963,897134,13914.0,530.0,0.038091,1,1,153
2025-05-17 17:52:33,ea468a013520bb94379a327192eaee713d5cfa395a22f5090c47d98e5c4fde10,897134,138376.0,530.0,0.00383,1,1,153
2025-05-17 17:52:33,70bb6c806e883c7f870b3b0c2df9481351dc5caad28deae97d82fd178883a615,897134,15404.0,515.0,0.033433,1,1,150
2025-05-17 17:52:33,bf720a5f28b53209aa2f6685e8e6990afd3543062af7ab35c18d8c4eefad9df1,897134,123745.0,1930.0,0.015597,2,2,371
2025-05-17 17:52:33,b473ea10e8826f6488930bd63c6f914f73447a1efe308be928b09c266532e145,897134,212764.0,1930.0,0.009071,2,2,371
2025-05-17 17:52:33,2af2d4abf8274b0dcc4543852baee5e8cad41b352a63e3fa7eb46af85cb20f3a,897134,166890.0,1930.0,0.011565,2,2,371
2025-05-17 17:52:33,8605989308ad86948fb8080dca7acdd5d87876578e51196fd1c860312a075ed9,897134,417152.0,1260.0,0.00302,2,2,371
2025-05-17 17:52:33,82cb6dcfff16265a272f2998574a9fccf66c6d49872dcb5074a93cbb6b3cbaed,897134,40859.0,564.0,0.013804,1,2,222
2025-05-17 17:52:33,95f782eca71bb65c284db405733d9958b713b66fd8b690c49287056c747881fd,897134,90001.0,1930.0,0.021444,2,2,370
2025-05-17 17:52:33,0ae57a4df0507e5cf404f4e8fe13cdd9f11d08766d086d3210a27b2dfe4a1abc,897134,20918.0,1930.0,0.092265,2,2,370
2025-05-17 17:52:33,ce7cd9608d10e8e02051859e67d73c960278ecc019e8b2dcb59060ae858b8cfd,897134,810641.0,1175.0,0.001449,1,2,225
2025-05-17 17:52:33,b42ece25df2f3993145fc1ed327e72fb7bfaa17a851d089cb37653a65b96057b,897134,63816.0,1930.0,0.030243,2,2,369
2025-05-17 17:52:33,87e27ce686f34890c6b0f07f88315082d899e7ffe4469950d72fa9c7cb21f952,897134,387900.0,738.0,0.001903,1,2,222
2025-05-17 17:52:33,6ce7dda55b992dced65f3b2e95989d07275ff79534d2b3a87094276dc4457c02,897134,68325.0,1340.0,0.019612,2,2,418
2025-05-17 17:52:33,3c1b11963738a911a979c4025d3de2ee70725fee3d5022ec3c2780e81cb654d3,897134,390618.0,2321.0,0.005942,3,3,552
2025-05-17 17:52:33,789e18ed110ed6ac96281315bb2e2178dd59cac84b663af7b50cc1ea9abca23a,897134,2366907.0,3347.0,0.001414,4,3,769
2025-05-17 17:52:33,a92a9897e9f35039529775166765a0df27e655c405caa0b84eecf657c552e196,897134,7844297.0,4029.0,0.000514,5,3,940
2025-05-17 17:52:33,521a9352d3e6068e50dcc4784d9830c776781ae2757ae24b7e6980eb35378ed8,897134,1136401.0,1985.0,0.001747,2,3,427
2025-05-17 17:52:33,2313a9e9e0e460082832ed10da13ee9eb18bb74ca523ba4414757c07515804f3,897134,1699593593.0,2809.0,2e-06,4,3,697
2025-05-17 17:52:33,0bd37b06d615d4fc8436adecc739cb32da7586b8771cf1e78dc7a6024f3480a3,897134,100989945.0,4682.0,4.6e-05,6,3,1108
2025-05-17 17:52:33,81f6616855b726f5889151f9c173de7b7f96736f6e56d4cc8f97524bfeb175d8,897134,3796884.0,2300.0,0.000606,3,3,549
2025-05-17 17:52:33,31e4ff9ad5c9dca4c37d988195d883d63f978c6d6c3dcd580e33a1ba18ff70b6,897134,1545360.0,2832.0,0.001833,4,3,700
2025-05-17 17:52:33,1a14b9f019256ac7a8dbd4c5445563e2937d41bfefc21da2cebb3bf567babe55,897134,2569078.0,2832.0,0.001102,4,3,700
2025-05-17 17:52:33,4a3524e966019561ab90a4798cbdc5a0856903232727a200a7c0f2691ad3b9bb,897134,2260125.0,1239.0,0.000548,1,2,246
2025-05-17 17:52:33,e89a0d4a38c5729b0f8dbe6ea12ca339b3538cee03ac0caee93dd015f707d0a8,897134,3176135.0,1784.0,0.000562,1,2,222
2025-05-17 17:52:33,3afdb08ec9e1b1fd0e3c52ec17f039d566d94dd3d876e02305799cfc0dc93b59,897134,3266445.0,1561.0,0.000478,1,2,223
2025-05-17 17:52:33,6188184973bfcc312cc445e2aa58d2efd69742a47436365a86584693797a7d7e,897134,8900.0,852.0,0.09573,1,1,194
2025-05-17 17:52:33,42eeec6981ab8955fe70a64fcd915df73efd152aae9c869652f6fbe79c109852,897134,172396.0,1808.0,0.010487,1,2,226
2025-05-17 17:52:33,7ce051bc4ba3295e45dd18002b1b6e311f2d5716d82133ff0d3bcf8fbaa5446e,897134,198418.0,1582.0,0.007973,1,2,222
2025-05-17 17:52:33,ef836957966b9b43b4520cfcd4a79523cef9e17238e19084c879da625a63688a,897134,70231592.0,5074.0,7.2e-05,1,18,747
2025-05-17 17:52:33,55cd7c7905190334830aecd856b29f9afdd23c3c67436606c33e804887836585,897134,48538127.0,1274.0,2.6e-05,1,3,248
2025-05-17 17:52:33,3a9183c20f1dabb558c5882fc67bfc5e1193ba70e4a16c4f46ff0efe647b75cb,897134,56196.0,1706.0,0.030358,1,2,223
2025-05-17 17:52:33,6c155dafdfb4ae8365edabbda22bb2d7a220add62f3737cbcb74c49f751772c5,897134,474844.0,2832.0,0.005964,2,6,529
2025-05-17 17:52:33,376f84efff8f43955fc54832d8f6f9e35b0ca7252df31481eb311a201d001c17,897134,1436404.0,1568.0,0.001092,1,4,285
2025-05-17 17:52:33,0c51cb49d8c837735f910bef0805a19a825c3a5b8aa43820ba878e53c123d2e9,897134,223058360.0,2661.0,1.2e-05,1,4,346
2025-05-17 17:52:33,bf02d18e212c2ac669184a6f5f77bcaa06c449c018b6e699e537216737cc884d,897134,114702.0,850.0,0.007411,1,1,191
2025-05-17 17:52:33,e2392645386be7b860dbda700e977b5f3c1e7dd526752bafbd805c1c05d43e78,897134,335323.0,1541.0,0.004596,1,3,279
2025-05-17 17:52:33,8416d26448ee630f51a15132ba22e67b2c99aad15f6a2af848d191be338c8a89,897134,59088.0,1489.0,0.0252,1,1,194
2025-05-17 17:52:33,eb0db41e814ddf2009b49dd07290e634c62877418eb42af2aad118e064dcba47,897134,54026211.0,974.0,1.8e-05,1,4,284
2025-05-17 17:52:33,9234549bd45dc936fd87e4c6f248e182bb3b5ec9fe34d62604c43f603b8f98ab,897134,1167897550.0,1123.0,1e-06,1,2,226
2025-05-17 17:52:33,0063ac1201a841a1d7306fd3fcb8d89a26e1d956ecd92f7d5e35725e02a07ce1,897134,12596.0,2619.0,0.207923,2,1,335
2025-05-17 17:52:33,e4aeaa53a69597a0b94f7e691979152ef13a5c803f89cb43b8725a8909ced361,897134,162942.0,3000.0,0.018411,1,2,383
2025-05-17 17:52:33,6c8f73816af5f405fbfa33e8019572062588e85dcc3309bd75604b4978571bb8,897134,4850.0,1048.0,0.216082,1,1,215
2025-05-17 17:52:33,d6066d783ec9b748a323ab16eb38b3c98401e1cb96ecb48eba221ec9d7c7555e,897134,8389.0,2255.0,0.268804,2,3,448
2025-05-17 17:52:33,66c3934a81628590ed30d497dc376729e767d357bcaba8416cd42b83c3be2d74,897134,125919.0,2493.0,0.019798,4,1,639
2025-05-17 17:52:33,32062d94c040202b4621d1ea9f81b071160e76b7c40b297ab05e66f594a1234d,897134,43361.0,868.0,0.020018,1,1,192
2025-05-17 17:52:33,8a1b2491362e41af7be9d7bb2ccd9a3a6017989fba781e4ea6877547d2a03fe6,897134,21729076.0,4686.0,0.000216,1,16,644
2025-05-17 17:52:33,11e01bed23da9ac4e7771711fca238bf10ecfd06b5cba497a1dbf1f52fcb5bc4,897134,10561485.0,1116.0,0.000106,1,2,223
2025-05-17 17:52:33,ad1782acbaf2970659390a390bd8a008b5e020a36710157e2315f88c0086fc87,897134,29103149.0,1505.0,5.2e-05,1,2,222
2025-05-17 17:52:33,deb8987267e48714c607fcbcdfd65e3e8b5a396e9c1321ae2739277f3fae8b72,897134,32895130.0,1505.0,4.6e-05,1,2,222
2025-05-17 17:52:33,c07e516277b39c160efacc053d28e4af7e40c285d102b9f699eca1b96f011c94,897134,33490780.0,350.0,1e-05,1,2,223
2025-05-17 17:52:33,ed95f13fe416c89e44c2440f6453d0d2389d969aab193fc77159f3b20b18c058,897134,33743334.0,1505.0,4.5e-05,1,2,222
2025-05-17 17:52:33,e5adffc1d28685f768a9b15e7f1e7997cec6e7e36cf50dbef0fc920d37342488,897134,34229339.0,1505.0,4.4e-05,1,2,222
2025-05-17 17:52:33,5457834e477b73e13062604db4b445f9d089f6edf016ab7ef374d2a8deb08159,897134,34337654.0,350.0,1e-05,1,2,223
2025-05-17 17:52:33,ed0212a232b24c2779377da00fc796a37e16403efbbc94ffe25451bc6575f667,897134,35540179.0,1516.0,4.3e-05,1,2,223
2025-05-17 17:52:33,d0b1065308867e4b431a880e6f81b6e89bc5771e79690ad5751016494d7508fc,897134,36121525.0,1505.0,4.2e-05,1,2,222
2025-05-17 17:52:33,ad0e9adba2a7bed9aef4acf0aa03185771cb7087230cb865aacb5833e076ca3f,897134,36706902.0,350.0,1e-05,1,2,223
2025-05-17 17:52:33,ac6159ede9e2a38299b572aa0804c4efbebff4b287a008d7e836c42e83fceee3,897134,32438582.0,1505.0,4.6e-05,1,2,222
2025-05-17 17:52:33,9dfaa057c56872b9b1728054d1145a05a742e3069851f1f3f488afd4fd33ffbc,897134,33037379.0,1516.0,4.6e-05,1,2,223
2025-05-17 17:52:33,86e04b8134adabe07ee378dac3b133f51d722a5e042a0bf07dc674de53b98586,897134,33095796.0,348.0,1.1e-05,1,2,222
2025-05-17 17:52:33,3c2d4478c93f9ac3661ca40cba69f11e4c92a61d05a5e15074a9f0a8be150f4e,897134,33710730.0,1516.0,4.5e-05,1,2,223
2025-05-17 17:52:33,70139905f8851b721d4a2cae5224a984ae26b9fb3d1da0fdcc50f81d1557e292,897134,34002946.0,1505.0,4.4e-05,1,2,222
2025-05-17 17:52:33,6a4f424e5701b691904014a61108303003a305ddeaa5fb6b29d69945b2921008,897134,34368793.0,348.0,1e-05,1,2,222
2025-05-17 17:52:33,770dfc840b98474a2e12526672509ac3c0cb02b2d3702d84ace7173893b48c48,897134,34222281.0,1505.0,4.4e-05,1,2,222
2025-05-17 17:52:33,d6c1d7110afa84f4710ecf87796446daa6090fb31a3b1194a5f3732b193b26a8,897134,34369136.0,1516.0,4.4e-05,1,2,223
2025-05-17 17:52:33,4adbad3652bd2ddeea30649313e4d9b2a42819617375deebe2fdbffbc676499f,897134,35825652.0,348.0,1e-05,1,2,222
2025-05-17 17:52:33,bc4202c68ed94d5f70c21ddbbadd41e5bb92c933b68dcfa7209e09b636f6a106,897134,703570.0,5036.0,0.007158,6,7,936
2025-05-17 17:52:33,e152ee513e97dc69c480feaf86b9f912a34a1d31241becb70c48894e508249d5,897134,1541923536.0,1130.0,1e-06,1,2,223
2025-05-17 17:52:33,4c42ea06bf9f13ca2cf349230168c0f282fcaa45f2fa12ed2f04e2623b5f5d29,897134,5213117.0,1123.0,0.000215,1,2,222
2025-05-17 17:52:33,cb52877bf96366868d11ad63945ce88a13a01a856a332ef900f8fb1dd36bb597,897134,154056.0,2688.0,0.017448,2,1,337
2025-05-17 17:52:33,d1e429fefecc287d0a1fbbcc589f1013adb961cdd1e0cae8fc396f4983aeddff,897134,890837.0,1128.0,0.001266,1,2,222
2025-05-17 17:52:33,acf16535639d5af83bd6fa0c52690371e1cb5b338dd2669e7f94987e834babeb,897134,10301.0,1128.0,0.109504,1,2,223
2025-05-17 17:52:33,2dcaa6463c1eb802581ec45c478dce701a90d30ebf2c3269ca3dae77e4a90cea,897134,1186038.0,1624.0,0.001369,1,4,284
2025-05-17 17:52:33,8946521dcc7efaf8141f8c3747c46c11924b9a3ef31fbcc546a622b8088076de,897134,45145664.0,1376.0,3e-05,1,3,253
2025-05-17 17:52:33,cf262497c1611fd0e4c6b26c3d06ff7e0dafee94ce0ab6d91fb005c45462d8cc,897134,430397.0,1376.0,0.003197,1,3,253
2025-05-17 17:52:33,835cfc6256a40c5c2a14801f4d344cd5b6da32dafb71a1ec1c1975d72adc9fee,897134,847493.0,2712.0,0.0032,1,8,420
2025-05-17 17:52:33,051fdd5c2b519d0090226f109505d2fea92a0012234a9d489b2df85852c8ebca,897134,433193.0,1232.0,0.002844,1,2,205
2025-05-17 17:52:33,5a8233c9b71b33469bc37647b1f59df3c415dec764a1f557ebbce2509bf00fbe,897134,24841.0,1792.0,0.072139,2,1,386
2025-05-17 17:52:33,b7c98a9d1ed0c87fad9ba85f2899a70f6c597ab3a05e1746c2a732a274c1adbd,897134,7677582.0,1136.0,0.000148,1,2,223
2025-05-17 17:52:33,b01828a52d9d01422a7a6cbe32f0776e1562cc2c8d3b659293e7cf94f9c60bb6,897134,1216996.0,1808.0,0.001486,1,2,226
2025-05-17 17:52:33,bfbdeb1e0979f68a6af76433c51bf54569e8104fa478cbcaa57abcf004b4e0b3,897134,6862372.0,1128.0,0.000164,1,2,222
2025-05-17 17:52:33,0457b3f87eef8ec27bef6c916301209cadb13ee481ca7cf2e923a05283ff2eaa,897134,2784372.0,1128.0,0.000405,1,2,222
2025-05-17 17:52:33,7c5a1abdd825c9121ad58e83b973dc44a4e13d479aa05a125fbfedfcf7ec5292,897134,49998119.0,1128.0,2.3e-05,1,2,222
2025-05-17 17:52:33,3a97f9a42b961b967bdaba254a2edae98a19ef51ed3899d5a1835fe5b97cb78c,897134,86672.0,1128.0,0.013015,1,2,222
2025-05-17 17:52:33,f6d4f89df405fadafb8655e4bb41f67bb9da633bde30247ea51e26f5663e6781,897134,94575.0,1776.0,0.018779,2,2,354
2025-05-17 17:52:33,95943e3b412dc1a0e717ef482ebec73d759f781d86dd76881351cd6ac4dd6a6d,897134,782887169.0,2488.0,3e-06,1,7,393
2025-05-17 17:52:33,2edae3489bb953d7cefea26b2e00a891a076f819ee31bd89cf4bfa828d387531,897134,1188997.0,1232.0,0.001036,1,2,205
2025-05-17 17:52:33,cac023d93664448b3b973e81dae62225bbf1a2c0da86a4ffa7d6a8e1415ecb28,897134,3782923.0,1128.0,0.000298,1,2,223
2025-05-17 17:52:33,f1dd2228fde98ea3310834a8ab6bb9ec6e1d817b0b119849841ed63b2760cf1d,897134,8125407.0,1692.0,0.000208,1,2,222
2025-05-17 17:52:33,ead80fc88fa058aa0ea42681c39f1a95bdb040e6249685f3df626220f5548e2b,897134,8148793.0,564.0,6.9e-05,1,2,222
2025-05-17 17:52:33,1b96ce7c28efa2c33f7521f519b61828de355f85385a41c5ca9e858af087f018,897134,60198.0,1696.0,0.028174,2,2,312
2025-05-17 17:52:33,a571ed58d7f44a2a10cb152a5d30c83fc7ee3cefa56cf1d7008c820019990f09,897134,26796334.0,2368.0,8.8e-05,1,7,377
2025-05-17 17:52:33,b91e1be94afadeda6d2654e5c3286d692994bb31f311e77b14073a89066381a6,897134,5269256.0,1130.0,0.000214,1,2,223
2025-05-17 17:52:33,fbcfae242724741e4942fc244e8336fa6a18f68ba2a820ff255e5d22885cd8b5,897134,214275.0,3576.0,0.016689,5,3,848
2025-05-17 17:52:33,4f0cf92e441abbf0e631905b8a843f00005f80eb5695bee51aadcc0f019efed8,897134,514429.0,2513.0,0.004885,4,1,635
2025-05-17 17:52:33,f59143b9046a80c3b8fc164349769da13905755b1591617950240a8bd6ed9c25,897134,4482289.0,2152.0,0.00048,1,6,319
2025-05-17 17:52:33,e2835f1aead06dc52cb1e5f0e9444de8c43e84e9774078e110eac3b713128aea,897134,422920.0,1784.0,0.004218,1,2,222
2025-05-17 17:52:33,7f12343c99223980df75579116a36471ff9827edfc67e042cfc66fe40675c8c7,897134,94742.0,1680.0,0.017732,2,2,371
2025-05-17 17:52:33,04a55d325c5821572c36d2289e781b897b52895ba318e6c031ef5684a60534e9,897134,4470862.0,1648.0,0.000369,1,4,256
2025-05-17 17:52:33,713dcedc3fcb5325ef4d16f28c50479ddada737ffafeaa6979ec3344e0710575,897134,44494998.0,4640.0,0.000104,1,16,656
2025-05-17 17:52:33,04a8e0bf62a36d8c580b5874d386f735a054665d584feca884eb0e129e928a36,897134,45567832.0,6650.0,0.000146,1,24,904
2025-05-17 17:52:33,c21f61629e077994b39e6f8c6b6c39d4c2735038e6d8204b3ce6f1034b03b893,897134,861449278.0,2200.0,3e-06,1,6,354
2025-05-17 17:52:33,186b069875c071d0fd83e87909d910337f81aea070a46ab482fae9d226a1cc84,897134,129100.0,1144.0,0.008861,1,2,222
2025-05-17 17:52:33,096c177d9e3211928ad4a40a97e9b9bfd0ce72e4f3af52415c6e8aa1f817c520,897134,1928303.0,1697.0,0.00088,2,2,371
2025-05-17 17:52:33,5381b48b868c6a46ff336f480f05681b65e231c55c7fa54abc1e7e3360d91c51,897134,1595971318.0,1520.0,1e-06,1,3,268
2025-05-17 17:52:33,15da6e798c054fbb403cb546aacd815b2e8aff3cfde53df10bf604bd769c08f8,897134,1646965231.0,1424.0,1e-06,1,3,257
2025-05-17 17:52:33,08ad6ce5395d7b4f8a5376ece4f03e282359b9a9a841dd3701976bb00eeaa167,897134,1740828662.0,1424.0,1e-06,1,3,256
2025-05-17 17:52:33,20f970b95b5b91a0d263f79445506f83f65616d85f019e6a937a99c1d2ce0e70,897134,87074.0,1530.0,0.017571,1,1,188
2025-05-17 17:52:33,5eaa17e368fc150ccec5c886a1b22f3ddaa8cbaddea06c0db5a247215e164660,897134,1639574697.0,1408.0,1e-06,1,3,255
2025-05-17 17:52:33,f76081bf0ed7b273b545d769f02e2014fab33023ecc7ffe52df89529c9fa0f2f,897134,1783664788.0,1408.0,1e-06,1,3,255
2025-05-17 17:52:33,4eb3313c95e2294e65f4e8e1334368ff1f4d6ea880edcb5baab18d61348a38e5,897134,1718356879.0,1400.0,1e-06,1,3,254
2025-05-17 17:52:33,bba66c5cb354d04e6da58a52d9ce9e6584cf586ff90ca4ab09e370aa2da748d9,897134,1695056432.0,1400.0,1e-06,1,3,254
2025-05-17 17:52:33,6b6b4fe3d48b35f4e2fa43785920f6aeb914186af47243e7333d09932752f992,897134,1650055963.0,1400.0,1e-06,1,3,254
2025-05-17 17:52:33,eb204b69272436cf20db6bba159937c896e8687558aa29f4b4cf73d6c9945eed,897134,8717.0,896.0,0.102788,1,1,192
2025-05-11 02:26:37,1ef8e9cff4a6e65159e2e452e71928da5ef82debec9efb7e9cc137b8303bea9e,896193,104672.0,7175.0,0.068547,14,2,2548
2025-05-11 02:26:37,36422c8d3ae6fc5d9eab029dd861f84804b4002efc88969cb7d3497ab08d21dd,896193,385210.0,13915.0,0.036123,27,2,4929
2025-05-11 02:26:37,56a1904523574e88e738b560f51556184e917fdf1604367ead0837234d8dc1ba,896193,226910.0,10456.0,0.04608,20,2,3678
2025-05-11 02:26:37,8bc1a8f183510707234d49ecaecd11b5da9560030f1ff4f5729473e2556b72aa,896193,132293.0,11002.0,0.083164,21,2,3867
2025-05-11 02:26:37,dfcaea24f469d5d0bcea2411c648ffdb5f63e3998bd68e5974f071b8ca8cc87e,896193,122809.0,7186.0,0.058514,13,2,2466
2025-05-11 02:26:37,c2333cfdbd8d8664130d4358407fd767a3fc543c0dc5260064609719b3a1e568,896193,1881.0,1220.0,0.648591,1,1,192
2025-05-11 02:26:37,939da1ed8c6013800a9fe62b276e0e84287c7e8c9714815a42e858ea03dcfe11,896193,889087.0,465.0,0.000523,2,2,373
2025-05-11 02:26:37,bb255c8c6f6ff8810871c8394d41c8798f2ca1dba147c8279964ee07fb01e217,896193,200114.0,8095.0,0.040452,15,2,2806
2025-05-11 02:26:37,8e786231f814798022a617a91c64e8b512d3c880e3f5f621dc350f8eb7255851,896193,482571.0,19209.0,0.039806,36,2,6694
2025-05-11 02:26:37,c9f175f194411e6d5814a871c9fb72335e27a43420c2322124f2454624d60592,896193,244967.0,10272.0,0.041932,21,2,3726
2025-05-11 02:26:37,52fa895b0419b469438c27445aecfb0ea65ee2a78e695dbd902e5835403fd3ba,896193,135521.0,1185.0,0.008744,1,2,225
2025-05-11 02:26:37,fa02daa8c9ad0ef099132f571efc5061a636f42f2e6393b972bd0410c3a08a63,896193,208815.0,1185.0,0.005675,1,2,226
2025-05-11 02:26:37,79416bb51ace359839af9db29f4661588278b2f370df606da2e834ac02ec0be0,896193,240178.0,841.0,0.003502,2,1,260
2025-05-11 02:26:37,b6441a9cf816a53324a90d25224916c1962f7e5c3a499d04daf927b1b2abe1f3,896193,436567.0,2650.0,0.00607,4,6,699
2025-05-11 02:26:37,66ee0c075b420144bad6eddf731413014c4964af84990d7b4b0c9caa50cdf948,896193,2865224.0,2650.0,0.000925,4,6,699
2025-05-11 02:26:37,486f94b2900d5ba838f93b66a2b74c07a7ba2f5dbf36315af4028e85521e7b30,896193,567083.0,2650.0,0.004673,4,6,699
2025-05-11 02:26:37,722f23dff5419950fd96c576600c41b419ad50eecd5533e5b3e4af7165987622,896193,229417.0,2650.0,0.011551,4,6,699
2025-05-11 02:26:37,6e202765e58df8e4e6bfb9b08376f6c8793ed88f75eb95fc64e37de8a098c3e6,896193,33306.0,1185.0,0.035579,1,2,223
2025-05-11 02:26:37,0c7e0023011466eacfbf9713465475deec20c771200afae0bff073f1874c663a,896193,546.0,1638.0,3.0,4,2,506
2025-05-11 02:26:37,9f11137703bc7511975eaf721ab9c154ae86d23c834be231c85b1380ef317579,896193,254815.0,1185.0,0.00465,1,2,222
2025-05-11 02:26:37,62496b94d71688f605a47a17791d10bf83c44ff615f6fc87d6a961b82310956d,896193,48733.0,841.0,0.017257,2,1,257
2025-05-11 02:26:37,b03ab8a4fedf0e9d3589fb09b2f23fba32b272c0d1e0c194590c11bdd50d195e,896193,181494.0,1454.0,0.008011,2,2,371
2025-05-11 02:26:37,a7e1bf25341a2ea9988feb4c1aed09cce2071860de190f29ffddaaec4e743826,896193,389841.0,423.0,0.001085,1,2,222
2025-05-11 02:26:37,39d1ec0401abade1dcff2debe2bb01bb708dea2139c695a5bd599dd94d0b6b9a,896193,419129.0,2995.0,0.007146,5,6,806
2025-05-11 02:26:37,03c8038229478e9b1e4dba8f8df4baaea4eb9b3f73fc8a2906674d5a91e900ab,896193,164640.0,780.0,0.004738,1,2,196
2025-05-11 02:26:37,d9a8195e1ebb8bc6cb5429c1b1ff4ad4c5456e5d230a7473138f08011148174d,896193,976267.0,1015.0,0.00104,1,2,223
2025-05-11 02:26:37,a2c9c2fdfe4d7d23b40f8238d474912ee8a2a53572103f5cf6efe6a401505a2d,896193,1049855.0,508.0,0.000484,1,2,223
2025-05-11 02:26:37,de9aa0fdd11f082fbf9cc5aaa28f50855c1880a6f246317c1cac465e9781c87b,896193,24211.0,1017.0,0.042006,1,1,188
2025-05-11 02:26:37,8163ba472c0f88ac4a8d332e39397390bd54d349851145eab23e6d98029d0c0e,896193,2902002.0,1348.0,0.000465,1,4,331
2025-05-11 02:26:37,734ed901aff7beaa4897f287aee4d5ade17300a87fc26d307cca5205b4ad9725,896193,95689947.0,2000.0,2.1e-05,1,9,448
2025-05-11 02:26:37,1d6fe2c8a75ca4af8c4b4f90b327ac5f1b1df5d89de558389d66358f6784e722,896193,546.0,915.0,1.675824,1,1,324
2025-05-11 02:26:37,b8bc258b9fab785fa9632096aa9c4e782183136763ff6024d1f250135742761b,896193,1460299.0,885.0,0.000606,1,2,258
2025-05-11 02:26:37,c704cf43cfb76fa1ac7cc85d1f07ec446e56ed7e7fa4d130f1b9df860b9d22c8,896193,2004241.0,1161.0,0.000579,2,2,374
2025-05-11 02:26:37,165106e1196ea68eda29152a22a2aa64421e6856198702f220ff1cb769a0a8d7,896193,141933.0,976.0,0.006876,2,1,340
2025-05-11 02:26:37,ab7903086781872e671965adcbc915f424f8443b66345c90f32e5050e4a50ea3,896193,698.0,611.0,0.875358,1,1,162
2025-05-11 02:26:37,c9c426e91bb46110928e6ca28c706689124167743150afa8214e0a33c4ea6705,896193,30462480.0,1520.0,5e-05,1,4,357
2025-05-11 02:26:37,066643ad657dd2643594ed0604b3ff6f4bf648519ac538aa41389d067d39a63e,896193,74991519.0,2000.0,2.7e-05,1,9,443
2025-05-11 02:26:37,7bb268b5d89d19119482c552416b41878863c5580bfc01614bea799342cbd27e,896193,85459.0,608.0,0.007115,1,1,192
2025-05-11 02:26:37,85209df6b699c7a084687172d436055a29764bd42487fe7cae687f5288a70181,896193,259220.0,780.0,0.003009,1,2,223
2025-05-11 02:26:37,e032dfb881f9adb2c3ed67a9757ccdccbc902fd1a4fa7acbf020f5a9f5fa95f9,896193,689369.0,1161.0,0.001684,2,2,370
2025-05-11 02:26:37,af02109a3fb4af74543404e17aeb7205697e6f75e5a8c863296a8db3adc25d75,896193,844290142.0,1037.0,1e-06,1,2,225
2025-05-11 02:26:37,5ffe85a0118ef5d711e7e921e7b367f6de4ba298062be86af1910f064f102f81,896193,845045553.0,1015.0,1e-06,1,2,223
2025-05-11 02:26:37,a779b2095df40413736c4342044509da60e67e66ada56d9315b307376961310d,896193,847303453.0,1015.0,1e-06,1,2,222
2025-05-11 02:26:37,66b09f5bb3571ea0bc226e25aa832acb46fb4f5b79d10deaf091ead6ea22617d,896193,848657139.0,1015.0,1e-06,1,2,223
2025-05-11 02:26:37,d6dfed2495909614f37ffe1146bc38b3d62f25a80b08fe3ce3b656ff184b453a,896193,848726139.0,1015.0,1e-06,1,2,222
2025-05-11 02:26:37,d4d1a2b339136b6177c6626209e5cdcc574b2bac75065e5c4c0758c281c57952,896193,848836983.0,1015.0,1e-06,1,2,222
2025-05-11 02:26:37,4738d213710254627d28282b3cc2929e2d5e4ae2369c4c2ba2eb8008d689b091,896193,849526283.0,1015.0,1e-06,1,2,223
2025-05-11 02:26:37,324a584dda6fb5906aa753ec524fe48a2b60c6baa45e5174ada2f7ebbc305db5,896193,849541488.0,677.0,1e-06,1,2,223
2025-05-11 02:26:37,84f8e605878b8e6caf146da601a087b78e476a0a43ecd2196b801757885626d8,896193,849582957.0,508.0,1e-06,1,2,222
2025-05-11 02:26:37,6a5f0ec1e95a7a58f70e0c730c929fcaf931388b0bd58951f1266be658ddb0e0,896193,849607014.0,551.0,1e-06,1,2,235
2025-05-11 02:26:37,1ae482cb9add8ee5f185f16175a8ddd613598880b5f8c5cb4890506d159e6e80,896193,853042827.0,338.0,0.0,1,2,222
2025-05-11 02:26:37,b1980743ae331a4e782661f3124a8c9caeb89451d96aefc33be6e10848e693fd,896193,853379501.0,341.0,0.0,1,2,223
2025-05-11 02:26:37,14d96e7ef41bbb854d7a9ad101a1c358a697db4875735a4435a466535ba94c63,896193,222447.0,1153.0,0.005183,1,1,464
2025-05-11 02:26:37,b20874bf334d18e14671d6f75179e1fee0f62a45c1d317dae0078f8b8c37bebf,896193,242611.0,987.0,0.004068,1,2,222
2025-05-11 02:26:37,4e815505985ccf2dc6077bb8b4e24fbb6b9a1124deba5b2e11734e56a163ca71,896193,272422.0,1730.0,0.00635,4,2,668
2025-05-11 02:26:37,33674ed4f4d698b8a5cec8ea23970a854e20aa4e8d6fa5b377d0da5d8286b296,896193,438671.0,1105.0,0.002519,1,3,248
2025-05-11 02:26:37,b9ef578c7c0d02e696c13ea10f66eb8155db7111cad940c8ee90f411c602131a,896193,502800.0,862.0,0.001714,1,2,234
2025-05-11 02:26:37,1f8496b8712cf33f8a3c94ab7628109946777f0622e5cf6dbb9510cf9b979cf2,896193,93191.0,755.0,0.008102,1,1,215
2025-05-11 02:26:37,0e49cbd6977ed7713facb58e7ce610347672bfa0bbf16e91801df228bac0fedc,896193,1002.0,626.0,0.62475,1,1,162
2025-05-11 02:26:37,7a94c56cb380179525263306993415852d4cb8a520d8132de818c9f2faf4bb5c,896193,1059147.0,865.0,0.000817,1,2,234
2025-05-11 02:26:37,dcab43e9cff9ebe66649dfd37b45d18207fe45a8a21fc2d6a75ee73b83a2be57,896193,24655.0,1755.0,0.071182,2,5,442
2025-05-11 02:26:37,d3dbca686584bafe8b1244869b39f19695075117b3bfc885416cb476dc4bf6c0,896193,152281920.0,2000.0,1.3e-05,1,8,435
2025-05-11 02:26:37,170af53afb0bba5752279948ec98b22d4b114fa8889444ea977d9cc300941d8d,896193,1163754.0,867.0,0.000745,1,2,234
2025-05-11 02:26:37,e1b269fe94d35badff85473ffbd2bbe43e2505c1167721f78ba8aa5632cfb13d,896193,1079950.0,867.0,0.000803,1,2,234
2025-05-11 02:26:37,3ce6432fd6c591f8b6380310e7758ae306ccf15082f41b584316850f278afe08,896193,19182.0,630.0,0.032843,1,1,192
2025-05-11 02:26:37,710ebd0bcd1cd6df33144ce30dc2751d9063616b0a19b23b58749ad335d9c020,896193,34713991.0,1238.0,3.6e-05,1,3,254
2025-05-11 02:26:37,f0e4cc8e28bc2f5b5b2709eaaf945a37d523efd70e54aa33a009facd4b510173,896193,35343261.0,1483.0,4.2e-05,1,4,288
2025-05-11 02:26:37,bdc16afb7f96bcc3a3893d39b8fdd2fb766afa938f8dc2bf5a882ec211440d4a,896193,35461443.0,418.0,1.2e-05,1,3,255
2025-05-11 02:26:37,90ef4412ee5caf1e705818c137aa053f2398d2f851aaad9f402a19d5d1378241,896193,904446.0,804.0,0.000889,1,2,223
2025-05-11 02:26:37,71c046ddb13b50e0d43ee52ae204938cd7a5551951e9e21ff19a744f3c489997,896193,480000.0,632.0,0.001317,1,1,192
2025-05-11 02:26:37,4c2ba03fff0efff5b393fafd5e6fe7e3a7040336ce6afc241cacea153595c1e9,896193,211849.0,1936.0,0.009139,2,1,336
2025-05-11 02:26:37,616c736db54af011bd5f0477eefd4d8b673d9d089ec5cd6b8b0a652a56023b76,896193,19476.0,5992.0,0.307661,6,2,734
2025-05-11 02:26:37,dacac90ae946d867ae9787f2bac8a12a03a4d332bdeaa7c8dfe079e1ea2ac4cb,896193,5000.0,346.0,0.0692,1,1,406
2025-05-11 02:26:37,1faa11a76ca0ec68941a2d9041a049580792f6e98f8826cdc95005740d34638a,896193,4801.0,346.0,0.072068,1,1,406
2025-05-11 02:26:37,334d566d4472aeed82c5da48b4e616917d466f462c51bdf6e2e904bddd26b613,896193,3842.0,346.0,0.090057,1,1,405
2025-05-11 02:26:37,dad1bbe0cb1b3858d5213de77a9bb07d0a81f2106d4f139f5a64031d83b149fd,896193,1257169.0,358.0,0.000285,1,2,234
2025-05-11 02:26:37,a92b244964a023b048570538b9ec3b4814b7e4c5d66434571329260e14f31faf,896193,1398391.0,358.0,0.000256,1,2,234
2025-05-11 02:26:37,b41fab74ceb130cadfcc1ff5dc8e08471ca0fec32e218a05dd88ca912adb3731,896193,1241459.0,358.0,0.000288,1,2,234
2025-05-11 02:26:37,1579e2768a9f181f2459fc4bd9569d3f998245f5fdc290f82695c9d6cecc57b6,896193,134414.0,1536.0,0.011427,1,2,266
2025-05-11 02:26:37,40b36164589f55237d852ec599f64d581e8f42cc361376d669986e13bc8a42f1,896193,1049786.0,884.0,0.000842,1,2,234
2025-05-11 02:26:37,420cd660639002e3ec36786b124f5bf761f3e67a9947842e6890dbb89638046d,896193,89694124.0,2000.0,2.2e-05,1,8,427
2025-05-11 02:26:37,173e1e0f40e1514981cac28629047af964bdad00f7ebe4942143ed2d676d5881,896193,1000456.0,885.0,0.000885,1,2,234
2025-05-11 02:26:37,15038d79a61c5d083a41746b06755311c1c22beabd2a78a39dbc228594724090,896193,640101.0,1881.0,0.002939,4,1,648
2025-05-11 02:26:37,52098e47c06d9c3c8a62446bb2c7bfbe753f3762bda681791dc709a110368145,896193,16334.0,1058.0,0.064773,1,1,215
2025-05-11 02:26:37,9919195fa20984d9e2e261e1483c5e5deb5cd66e26217336eb1156faf49116dc,896193,237368295.0,1015.0,4e-06,1,2,223
2025-05-11 02:26:37,816ef937a521bd2d5edcb58ba9c70a09949aaea53d9017f56491dfb2347fb663,896193,237527763.0,1015.0,4e-06,1,2,223
2025-05-11 02:26:37,8e058f9dd01346bce60da747108edfbba5fa0f137975c2db15ba9d52b6bc2495,896193,237538906.0,1015.0,4e-06,1,2,223
2025-05-11 02:26:37,5784037b97bb08f8d7d08960232bc3c8341927a408ff6046e19c29f4d773d514,896193,237574881.0,1015.0,4e-06,1,2,223
2025-05-11 02:26:37,06dc5e9bd3880e4248a9a8843b6b354798e3f5fd1ee69ec542f2542ea7ad5a5a,896193,239529667.0,1908.0,8e-06,1,6,346
2025-05-11 02:26:37,acab7d27fa23e06b0510022214727f190ef08c2800bbf27ace89e024604bd5db,896193,239578053.0,1102.0,5e-06,1,2,234
2025-05-11 02:26:37,b999ecc32c3a917210682179319c120df0e47ad5d0469a8fb265b855e22751d5,896193,239651479.0,1015.0,4e-06,1,2,222
2025-05-11 02:26:37,c5bc58b819ef30d44da2b4d043aaf8f3c78571a6ee674067909081b979bb65db,896193,239834829.0,1015.0,4e-06,1,2,223
2025-05-11 02:26:37,78d25b40da73339efdf481a60bcd480cfc2f3d876672dc1707f7094fd50ca0dd,896193,239885881.0,1022.0,4e-06,1,2,224
2025-05-11 02:26:37,d173268ffce00152fb6c979c0030d7709042c2da3fa2601881bad44899b8bba4,896193,240277330.0,1930.0,8e-06,1,6,349
2025-05-11 02:26:37,5c71aabe7ff4da1fedfe25381891c259187fd41f7849a883fe4b899e48124b36,896193,240288084.0,1015.0,4e-06,1,2,222
2025-05-11 02:26:37,79a4f985b95091920adb11c8d71603bd85d43f89e3b497e3c78523b6ceb5749c,896193,240316691.0,677.0,3e-06,1,2,222
2025-05-11 02:26:37,9a3f08004b2c37ddb754107e05ec1749a66075c8ee9642c4a08f57fd021fba7a,896193,240594367.0,677.0,3e-06,1,2,222
2025-05-11 02:26:37,141c503104bf06052038d7523a338ce9652d5ccd00ea46428e28002f7de52617,896193,240612436.0,682.0,3e-06,1,2,224
2025-05-11 02:26:37,081a99287d0c145c8aa43b74b36b1a5cb5be4d14a6ea017c22041b186f660426,896193,240657585.0,677.0,3e-06,1,2,223
2025-05-11 02:26:37,d800df8404797cb805312b12071b9dee90b25871bf78718f724457fb028aecdc,896193,240669721.0,677.0,3e-06,1,2,222
2025-05-11 15:49:37,1d97c8c0ae574d5b0a73b313cd7fb03ca5ed4474f0ef490fea1f819eb123f65f,896276,9521009.0,1038.0,0.000109,6,2,968
2025-05-11 15:49:37,7b5411d7f94a419dd493b0f03dcef0f2e719075ceb6ce40033819c07ad41b752,896276,23404.0,237.0,0.010126,1,1,191
2025-05-11 15:49:37,d85a2929580e2bde9ef2a0cfd09c87f95b06580638b77f94fc07074de7d49d0d,896276,4871012.0,306.0,6.3e-05,1,2,223
2025-05-11 15:49:37,ff74a716e54aa6ee87a459fdfe5629b248c901c5c6104ee1b3861218832dd064,896276,22837.0,802.0,0.035118,2,2,372
2025-05-11 15:49:37,85d885747c7ac330618598b7b9cd0b502f646755feaac47b54cf382d3366b38b,896276,4813479.0,1038.0,0.000216,6,2,965
2025-05-11 15:49:37,4109ccb29922e7357af1ea5d57cec9bb00cc58bd82e6ead584a11237b0718672,896276,7185794.0,465.0,6.5e-05,2,2,377
2025-05-11 15:49:37,55c7503c5f1afe29dd1893cc8714a1ab57c97d7132bb69fcbff6410e1c4b1c61,896276,1176787.0,465.0,0.000395,2,2,378
2025-05-11 15:49:37,ecc473d7efe59584f4d762d2c9c181ca0aa754fa9460f2362431c34aa224fa5e,896276,176578.0,777.0,0.0044,3,2,523
2025-05-11 15:49:37,6347a9455a43d23079542046086b922491b00fff0149490cb3d18062c51b1e80,896276,591586.0,633.0,0.00107,2,2,375
2025-05-11 15:49:37,3348f2f94d174456dbb6c937a05e67db81b62ef7e1d3c3c1ba7200bd3ddd80fa,896276,142564.0,436.0,0.003058,1,1,201
2025-05-11 15:49:37,5bb33af1118e895eeb196e90abbcab7491607ff8db45e70fa8fa3bc145f11be8,896276,356204.0,436.0,0.001224,1,1,201
2025-05-11 15:49:37,5daaa23e1b688621d173701753e501be8f45427cb942998d1448f6b1eadc28e4,896276,233656848.0,306.0,1e-06,1,2,222
2025-05-11 15:49:37,618eaa6cf7ba545143c6534688685f4d48afbfb1d6401770a109fcbbf0769fcd,896276,589750.0,306.0,0.000519,1,2,222
2025-05-11 15:49:37,1420634f16c17ec8f32ac22bde1bba0d29f5e3e9c2609914c2fdd718804b921f,896276,1575000.0,2720.0,0.001727,21,1,2293
2025-05-11 15:49:37,a6b9349e5326d265a89a63e9950f92c52694325e74ec4a335abb710789431006,896276,42996.0,633.0,0.014722,2,2,374
2025-05-11 15:49:37,c113aa5e1e3b078c4c0f3bb6df5789b6bcbdfb0bca582fb2147f430f595558b6,896276,427133.0,436.0,0.001021,1,1,200
2025-05-11 15:49:37,0bc850264d2c9756a42396cf724621dc7fc8136dbcd680bc6e835047b24be757,896276,708038.0,436.0,0.000616,1,1,200
2025-05-11 15:49:37,cb7f1688fd50891e9e880cd118612e6ee8b53441b3a28e6ee45d14349e13c456,896276,663564.0,436.0,0.000657,1,1,200
2025-05-11 15:49:37,6a6d2f88965fb802b4e5a8b1e9c0149035a3b9ae415ee304e5029f5919a8023a,896276,70564.0,436.0,0.006179,1,1,200
2025-05-11 15:49:37,f548fbe5d2ee576d907f41fecc8a344b75bd8ed0a63610acfbca7b00eff25bc1,896276,191123.0,277.0,0.001449,1,1,191
2025-05-11 15:49:37,8156de82ec67d12b145adacdff248505b5097c3eeb47894f0697960547e81197,896276,2020597.0,417.0,0.000206,2,2,370
2025-05-11 15:49:37,60d767c1b73c54698769648c764a76c8882560adaf4d01b0659338f2d01817b2,896276,139117.0,609.0,0.004378,3,2,522
2025-05-11 15:49:37,27d9cd7da85488919318164bfaac6a1b4591290fd7d294c5b4a1df69ac27839f,896276,800653.0,752.0,0.000939,4,2,666
2025-05-11 15:49:37,887c421292a26b7d8f43b2a8bd5f25e9fa962c3e10eb5bf752f4ed6b0e2b4e85,896276,295097.0,752.0,0.002548,4,2,668
2025-05-11 15:49:37,a0b1a68f52913c3e2f37fcdc0b54a9ec9e22784375f60a555c8d54d8fe594d59,896276,5632629.0,455.0,8.1e-05,2,2,370
2025-05-11 15:49:37,59b00a2d8e75ca505691cb0cafd925ea874af0eeff4d568db26b033d7e77aedb,896276,149591.0,488.0,0.003262,1,2,223
2025-05-11 15:49:37,db6f58c2a9a191513defc30f9d4180ef7271795486006d774f2cf56c93ddd785,896276,155787.0,488.0,0.003132,1,2,223
2025-05-11 15:49:37,fcbb54d171d42ad74b2fe0ac5ba2ac1ced4b27a9447b3925dfe5a2ca5bf1dd3b,896276,270806.0,488.0,0.001802,1,2,223
2025-05-11 15:49:37,fa6720bd994efee7f8fa636faa4e2aa474b06c173984808f3cf3207f07adf8ec,896276,93977.0,465.0,0.004948,2,2,374
2025-05-11 15:49:37,d0b0f075cee03db975cdc4ce8d13ad377833ebef014d164793a6776e88204b66,896276,21916.0,465.0,0.021217,2,2,374
2025-05-11 15:49:37,26b1fb3fe84ac1eb06a5b28290d9a561930b7a74f472be0b6c5c24181c830663,896276,110652.0,465.0,0.004202,2,2,374
2025-05-11 15:49:37,9fec8bcc1977dd16cf510291699c9de4e661c28f56c007de3ea42225dcbc0939,896276,898740.0,465.0,0.000517,2,2,374
2025-05-11 15:49:37,51aa75f7ee18ce65857540998b67316dce5d56b22e6e516696db681c52b35234,896276,125275.0,465.0,0.003712,2,2,374
2025-05-11 15:49:37,4b63b3e17671827e0d8b296133125c059f8d38ded37ebefb445c3d0861353b00,896276,88168.0,465.0,0.005274,2,2,374
2025-05-11 15:49:37,5e001cdb9a2b465601b1820837c0a0db48c543aa428bdf09766efb4098644e0e,896276,188847247.0,760.0,4e-06,1,4,346
2025-05-11 15:49:37,72eabf560480ebbb34024ec0825d909fd894d4cf2eb762a1b1a3ed69f42dce91,896276,15925283.0,488.0,3.1e-05,1,2,222
2025-05-11 15:49:37,651f57da444d3745810c85fd98e0264d17ccd73a973e5727695b20c902ae0983,896276,3329079.0,488.0,0.000147,1,2,222
2025-05-11 15:49:37,d260c478b8024f81c82ef6a161e308c7784bf648f38da3c39862ffc63c84667f,896276,365854.0,488.0,0.001334,1,2,222
2025-05-11 15:49:37,769517b0349b73de94516ca55ad0ad284647452c9da347c2b3ec816a96f6226e,896276,11351759.0,488.0,4.3e-05,1,2,222
2025-05-11 15:49:37,904120820f05bcd55ddfd2c1e706d66f7ee1013c6f34546462aa973e26751546,896276,86837.0,488.0,0.00562,1,2,222
2025-05-11 15:49:37,458bfcc317cdedccd52d09e24b9adff36123085c8d6cd0c23472fa748d51392a,896276,21075291.0,488.0,2.3e-05,1,2,222
2025-05-11 15:49:37,7c3adbf9acc9326dd4aef1f8fd3298f60ddf61b33e732fa64b4879b3b38c0185,896276,853083.0,609.0,0.000714,3,2,520
2025-05-11 15:49:37,8fdc7029903f95c10b61866a305bdad5320c0b397b7e53a5ab70e3c39f32761a,896276,2019525.0,609.0,0.000302,3,2,520
2025-05-11 15:49:37,2cc4bf4c71ff117ffaad493b109a942626404b0cbf604f89b96c9b551669f505,896276,69875.0,609.0,0.008716,3,2,520
2025-05-11 15:49:37,f53bcd8e8ba0f17976b33f37f7677eacc6edd46f2e9793e6a305186cf335a22f,896276,500000.0,1135.0,0.00227,7,1,1079
2025-05-11 15:49:37,9f1bd84cc7230446eae8512af25a9dc81ca8cd5e85a9cb850b67bf7bc3b2b2bf,896276,33036.0,531.0,0.016073,2,1,339
2025-05-11 15:49:37,be30c99f0ffe9a3624e8d0049313b7539de174dd72e9f37b2d8f0121ee079293,896276,12745.0,323.0,0.025343,2,1,475
2025-05-11 15:49:37,fde039908ac5a8dee0c0790726609c7274501028048f1cdb33b16061ec29ba8a,896276,15902.0,257.0,0.016161,1,1,192
2025-05-11 15:49:37,95ecff007655f0051f99baed32dc18dfac547b71d9d802816b057e9ef5c1814d,896276,64053.0,322.0,0.005027,1,2,235
2025-05-11 15:49:37,c1ad14e2b7af8ba96049bb1e1af31efdc730950f465b1362c9663306c3edde59,896276,395794379.0,760.0,2e-06,1,4,345
2025-05-11 15:49:37,69b44e85f8fcc9ec1fa87f602f9e901e762dda6bb8513369105a8389b9f2babb,896276,110018.0,465.0,0.004227,2,2,373
2025-05-11 15:49:37,ee508cf1bfc48cbd9aa176cb42745d9ae409bbdde85e6895fca049afbf701383,896276,289280.0,465.0,0.001607,2,2,373
2025-05-11 15:49:37,4440b0243c43a3185ef4dacd1817c05bc6b1744fe3d720f9d2141f88f1083c28,896276,769251.0,465.0,0.000604,2,2,373
2025-05-11 15:49:37,3c5937b89d25227871f4d65363d53b6e3ce697b2b64543ab2d39834320034ce8,896276,471666.0,399.0,0.000846,2,1,343
2025-05-11 15:49:37,7969c2b245971c7ba39c03563cbb49ffae30f542c295730565c85e3bac54f5b6,896276,518206.0,609.0,0.001175,3,2,518
2025-05-11 15:49:37,7902b9c62f81cf4529ebb2f7a2a49e92a467cdd7bb704ef9d91248b27ab099a0,896276,2284966.0,609.0,0.000267,3,2,519
2025-05-11 15:49:37,cf1ca89dd81fcdda36420323f03e1bf467ed4916d0792fbf2f380075f82571e2,896276,462416.0,465.0,0.001006,2,2,372
2025-05-11 15:49:37,f5c33b3cf553665243e7571e6757981a516f1b855d615714a3099be09992dc26,896276,114200.0,465.0,0.004072,2,2,372
2025-05-11 15:49:37,11cc13e94314479b3d5314df8aee71baf44176e3c8fe8a763d51052f94df9025,896276,232784.0,465.0,0.001998,2,2,373
2025-05-11 15:49:37,3450843af41eb2c940d4628f49732c2752bfe915f5942712b94956ab6f73aa18,896276,60829.0,465.0,0.007644,2,2,372
2025-05-11 15:49:37,b598877cff58f7cbf77d1eb0fa84856a5822bd8aeda74c3a19308c31383ad000,896276,1705030.0,465.0,0.000273,2,2,373
2025-05-11 15:49:37,1667c40df72815994428b30ca012b1e4cba8c6c5d4cef96ebfac7c2703c03d74,896276,336009.0,399.0,0.001187,2,1,342
2025-05-11 15:49:37,efcc7b78f6a0cd79566545256ac9f230eee6171218c73fa70890016d6f0b2e45,896276,401283.0,544.0,0.001356,3,1,488
2025-05-11 15:49:37,f4526978506a3e0a5f251612d344241ad1e3f7284bde8a974e215b662a7f17f7,896276,166648.0,322.0,0.001932,1,2,226
2025-05-11 15:49:37,3558502a28713baf9b228fa30c0dc6c27f0161a27ea4ec40ea22706133400b00,896276,25079.0,545.0,0.021731,3,1,487
2025-05-11 15:49:37,065f30255d1eb3859efe30f293169a34f6a4b22971e036f272bc6fd742cf2fdd,896276,239889.0,465.0,0.001938,2,2,371
2025-05-11 15:49:37,945e55a9d0e89a5589843169c4706f58a7d49d7a4e302d42b9cc85b92d2723dd,896276,93522.0,465.0,0.004972,2,2,371
2025-05-11 15:49:37,fd254a0d00ed1e0c5e8655bc715bbafc61abd48083910fbacf04be280ec5acdc,896276,2994434.0,465.0,0.000155,2,2,371
2025-05-11 15:49:37,59ac2335aabb46f08068c652a02ba85c3de54d7a540ba926ac593440d415a3da,896276,872245.0,465.0,0.000533,2,2,371
2025-05-11 15:49:37,63aa5a4c3a44d38c12a7585ce41041c877201dc301f40bcafdd1b0f5f5687cd8,896276,607970.0,465.0,0.000765,2,2,371
2025-05-11 15:49:37,2125f01de0c79852dccf7fb60734c04579ae50cae32e3571813d41fd763446d7,896276,127253.0,465.0,0.003654,2,2,371
2025-05-11 15:49:37,c34f1798f3cb1360f810243cfd55cb1efef53f8897d92b51e2802739948964bd,896276,2745863.0,465.0,0.000169,2,2,371
2025-05-11 15:49:37,d66f69a77b68151c934eb336191958f4d296b5711d797aec4dc73c18faaf66b5,896276,59847.0,465.0,0.00777,2,2,371
2025-05-11 15:49:37,0b5615ab8ec48ce6adf82c0493bb85032102413ca2459fc502540359ac8857af,896276,7094586.0,465.0,6.6e-05,2,2,371
2025-05-11 15:49:37,008b2bb0009c29161dd35c43e78fd392e538ea4997c5c4cad4c61d381b2940af,896276,160662.0,465.0,0.002894,2,2,372
2025-05-11 15:49:37,c3767d0bd9da498fc15e534e430ef82c3bf04d14e5ee3b0dbdc00aeed8da2698,896276,5708572.0,465.0,8.1e-05,2,2,372
2025-05-11 15:49:37,45fadd99e1d87f64bb85f19750f27cbfd1f4d6d75cb9360413e5a6bceb3a1b7c,896276,420930.0,465.0,0.001105,2,2,371
2025-05-11 15:49:37,f0338768d826d5f3abb84109cc4cf1348c1c5e8b71cfa8c718b79fcfc4a6b767,896276,1364469.0,465.0,0.000341,2,2,371
2025-05-11 15:49:37,88b0dc5e6dd241bb7796e78e068e63fd120a6a5d5b8f97bc8aa8ba7c06db7d5f,896276,27463.0,465.0,0.016932,2,2,371
2025-05-11 15:49:37,e0c1261c9b63e5f9454c8a054831070d6ddedf2295aa4aa081629c0f532c745a,896276,4058159.0,465.0,0.000115,2,2,371
2025-05-11 15:49:37,10120105685aa7f1cfbb28b8bc63cbbe8dbff2fccd83e259a2269534279fe050,896276,282043.0,465.0,0.001649,2,2,372
2025-05-11 15:49:37,af00f341770484a8e16e259a773fb16870a225616f41d4e4d3e74b6ccc0fe140,896276,1302677.0,465.0,0.000357,2,2,371
2025-05-11 15:49:37,f067fb4aaff6f28096ec3fe7da4d821904c8c9432c6062d65db5014af10a2526,896276,104210.0,465.0,0.004462,2,2,372
2025-05-11 15:49:37,598821d8d4a99532d67d1c124e461758016adfb9ac497e9115ed093f6dc24c24,896276,694197.0,465.0,0.00067,2,2,371
2025-05-11 15:49:37,f8152c6a9c92766e01f6e0c4c5ac8f2ffdf74bc800cdec08f8fc661595e7da20,896276,63533.0,465.0,0.007319,2,2,371
2025-05-11 15:49:37,91f672f73825b1166f53bbac41bd51754aebda4174be262d44d4cf840768b620,896276,111117.0,465.0,0.004185,2,2,371
2025-05-11 15:49:37,6be199309001af432bf9874354fa0456a34c6923376e2ede72c5d1831558890d,896276,1155707.0,465.0,0.000402,2,2,371
2025-05-11 15:49:37,caf61bfa886ecab4f6a6d55e9675a7e1653b8e3ba78ce48ee08424196f4fbd48,896276,691608.0,748.0,0.001082,2,1,336
2025-05-11 15:49:37,3e4cb05d1e6f6eb700bde571ef695c8ef72deafd7169e800a1297970d7ffb355,896276,10919341.0,399.0,3.7e-05,2,1,341
2025-05-11 15:49:37,4336d9ce15a8dc422991f71bf1ea85129e79aca65426a01f610d1ccbfb574aef,896276,168323.0,465.0,0.002763,2,2,370
2025-05-11 15:49:37,3c5ee1228aac32e8100ee425ec217d86d613d851f10a4d6eb10873a51cfa92cb,896276,47487931.0,465.0,1e-05,2,2,370
2025-05-11 15:49:37,3ecf06a760e890c0ec2204d3bd065d91527120286f9861b45a225d1551e1689f,896276,229383.0,465.0,0.002027,2,2,370
2025-05-11 15:49:37,c7616c4d79f4e48954f2b72d610bf70482e92af87fdeadab53ea416f1f945b7d,896276,470677.0,465.0,0.000988,2,2,370
2025-05-11 15:49:37,7e819307aa5eab099ec044d8819a5bbab780f2c988814b75c52fc2e2c2cd593e,896276,964471.0,465.0,0.000482,2,2,370
2025-05-11 15:49:37,79718de1fb780af8f7b7a5129df27d6ecfaa21d1dfac4d838ef7c6d768e9eb2a,896276,224719.0,465.0,0.002069,2,2,370
2025-05-11 15:49:37,a1de4ea02103ee65755a544d9d0d2af03fe9bd3b7e22c29d963f0de65b5a56fb,896276,733619.0,322.0,0.000439,1,2,226
2025-05-11 15:49:37,f0032943fc68f9656fec4c37c59153f81f81ad130e28c1d921a61406eee5bff3,896276,285120.0,322.0,0.001129,1,2,225
2025-05-11 15:49:37,327dabf9397b51ac759e00d4667148e0e0cf89b8fc1b6ad0a2db41c2383c84e7,896276,288097.0,322.0,0.001118,1,2,225
2025-05-11 15:49:37,707f4ccd7c3fafc4939efc6fd8cd3c348389078289925e6290897984b2da20e6,896276,154834.0,322.0,0.00208,1,2,226
2025-05-11 15:49:37,4bcac15ed772e5976ed6421910f67a2b4a81173f7344c6f2efedfb34d8d2f3cd,896276,78539.0,322.0,0.0041,1,2,226
2025-05-11 22:58:45,c84182330453e097498a2ec72abdb34616eaf18a9db8760cd73c4e9354842284,896321,101152.0,321.0,0.003173,1,1,191
2025-05-11 22:58:45,64a46cfb8fb7b72ba1a660f37ceb88819618aab294f1159389625ab2e8172196,896321,34875630.0,237.0,7e-06,1,2,222
2025-05-11 22:58:45,8370fab60c73cfd1d30613403785d644845801ed474da4a266d5f8e4de757688,896321,7017061.0,237.0,3.4e-05,1,2,222
2025-05-11 22:58:45,a1f7b9be077ecf0c91cb454382c678b56c2e749dde61753f18efac37f8118e60,896321,1270537.0,237.0,0.000187,1,2,222
2025-05-11 22:58:45,5af78fc799e0c7b6c8b4ef9cf65e47a45a8326f1421d23c8114f495b3cb197fb,896321,1172031.0,350.0,0.000299,2,2,370
2025-05-11 22:58:45,398057bd0e09f523b6a115a36aa18614806acbf7f2d6ae37a6813ac15fee264e,896321,1146916.0,350.0,0.000305,2,2,370
2025-05-11 22:58:45,65011479328e60937fde8d2bed270ac53221b029c37f8ec29f2e0b78cf18c729,896321,1012268.0,350.0,0.000346,2,2,370
2025-05-11 22:58:45,18a4dd4cbd2005cfb3594e628ef0946ca25774b11e9195d647d1c14e1a9182f8,896321,2344803.0,239.0,0.000102,1,2,223
2025-05-11 22:58:45,9db3518b9e7c4c6ba7672fddfdf085f45afea296eb10a07c11098050448ccaf3,896321,13606851.0,239.0,1.8e-05,1,2,223
2025-05-11 22:58:45,c4b3a4d124c4fe17ba51d12a99bc10847d49e48c3b13fbe7c748a4486f1073da,896321,50548459.0,239.0,5e-06,1,2,223
2025-05-11 22:58:45,55eb25085cdf815e7bf89d933c19ca8c865b7cb7eeb4673f4effbda0eb7334d4,896321,32220402.0,239.0,7e-06,1,2,223
2025-05-11 22:58:45,6b6fa7c539ad5e59db4874a9107c2398576813581b620f20a1588e5d16603fc0,896321,24753228.0,239.0,1e-05,1,2,223
2025-05-11 22:58:45,049c16c284fb3605e87af8548976b88d06325fc815af27863225058e6085a0bf,896321,360631148.0,239.0,1e-06,1,2,223
2025-05-11 22:58:45,83acf872ebc52f96efc2dc9d823f8ac7f71752dddf4e146a33750c744d29ddae,896321,54395220.0,239.0,4e-06,1,2,223
2025-05-11 22:58:45,e23a430bcc6313c5691cba48e6360bfe827dd9d2293d8124cffdb2955a1f2baa,896321,40809879.0,239.0,6e-06,1,2,223
2025-05-11 22:58:45,db9694e44d08b037efc0fd46e17a9a1a0a20075baf4b6164321d467727db43a2,896321,15678811.0,239.0,1.5e-05,1,2,223
2025-05-11 22:58:45,e8e0ba2d1a88c2d47493cd0933b1ecca322a7a56e9d4f8fe88adb96e8005359f,896321,61973114.0,239.0,4e-06,1,2,223
2025-05-11 22:58:45,7a2d0471168fbb104b532ea08f403232ac2c9204da0baceb25ce133070a1319e,896321,224908988.0,239.0,1e-06,1,2,223
2025-05-11 22:58:45,e1f26c7a89ddcf7ef82853ca6d06e3e8e8f26fc4a582f3571874f2948f44129d,896321,41727980.0,239.0,6e-06,1,2,223
2025-05-11 22:58:45,ea8dd5567f96c7a48a4a092a10c0f0d22557c3826c5db9ce6417b94f4591149c,896321,52927705.0,239.0,5e-06,1,2,223
2025-05-11 22:58:45,f2bc08482f1f63500f73c9778effb554702d6c62d6aadaa40386089c51cd0991,896321,73529376.0,239.0,3e-06,1,2,223
2025-05-11 22:58:45,a89d1a3eb673e350a79bc334fd30bfd278621947a027083be8d135b844d0e88a,896321,57635168.0,239.0,4e-06,1,2,223
2025-05-11 22:58:45,c30435c7ded883dbcb66c60d6a53f9b896c2cd932e9fc534a7e52adf7306a464,896321,54813108.0,239.0,4e-06,1,2,223
2025-05-11 22:58:45,3196b0d95c25407e38300019fd783b6ce7a0521961810530f7607621abb3bb5e,896321,42919278.0,239.0,6e-06,1,2,223
2025-05-11 22:58:45,ea3139ab869fd88032911c77bc15f3affc496c9ff62e1e36eb40843f3af9aa56,896321,52150721.0,239.0,5e-06,1,2,223
2025-05-11 22:58:45,c89410bffcb0242515859a1f16dff3f9edb2ae87b69da60cc790da8528b12e54,896321,1361212.0,239.0,0.000176,1,2,223
2025-05-11 22:58:45,3860350afdf00ed46894589ffe6b65055d2a8f4035e32315d9c1a8d4e3e1a743,896321,2317177.0,239.0,0.000103,1,2,223
2025-05-11 22:58:45,a43e2acae583da7267b6cc4093bbee3212814db964559e2862229852c38e793d,896321,141567690.0,239.0,2e-06,1,2,223
2025-05-11 22:58:45,14e6988b04ff3409e79df84b7e85ba49a51739275c708b1a8d26d76abdae2a30,896321,49177302.0,239.0,5e-06,1,2,223
2025-05-11 22:58:45,f7d8a0b3188b52489d4f31931c1ebd45dd03c974ab2f0426ed1c197890a29a2c,896321,1714128.0,239.0,0.000139,1,2,223
2025-05-11 22:58:45,9629f7d2cb5a429194408bb9742be63989e179b3f3c7341f3aad947c17d02a25,896321,76828329.0,239.0,3e-06,1,2,223
2025-05-11 22:58:45,28c863c5f6121d4ea7143ec972dd31d4e03b04518f35a6c066a637e790c26a11,896321,37204651.0,239.0,6e-06,1,2,223
2025-05-11 22:58:45,f5e75849602a133f6301ac8ea14239f8976ed3f835a0c0656f87d881c67de00d,896321,45683510.0,239.0,5e-06,1,2,223
2025-05-11 22:58:45,363794ab7422c69af22b3241ca81fb7df9039e8e98b768c5539ed1200d0a850c,896321,451172892.0,239.0,1e-06,1,2,223
2025-05-11 22:58:45,76d98623fb9e1d0064680254712138c700f4b0caef6be05eb65960bb2ec89003,896321,33424204.0,239.0,7e-06,1,2,223
2025-05-11 22:58:45,8dc96c25465cd7b498d46dc4ab86a17e0d440c786da3d3cf4f7a77954cea1946,896321,1120349.0,352.0,0.000314,2,2,371
2025-05-11 22:58:45,cbc7fdd03fb40172ebcef7491e0386a8d9be62f402c5cc745d183ea67627be61,896321,1243176.0,470.0,0.000378,3,2,521
2025-05-11 22:58:45,6b5e89ad4f53222d41d1715bf40f91361c81922920126e991bba111435596e9f,896321,1220718.0,465.0,0.000381,3,2,517
2025-05-11 22:58:45,c010d7169b582155cba28696384a700b3f1cbfcc7cbf2d0bb0982d95f026dd3d,896321,1136393.0,465.0,0.000409,3,2,518
2025-05-11 22:58:45,5a195df7b604ecd658f120bd9850c3d5d3f39519a7694ebbc8e91d03767ee835,896321,1990197.0,465.0,0.000234,3,2,518
2025-05-11 22:58:45,3e294078cf3a121a0d36ddf4cd5b529447a45a47b057ac82868165a7d9ed7d75,896321,1021748.0,467.0,0.000457,3,2,519
2025-05-11 22:58:45,db91b61cb5e9f67434794fadfac9a44e43a2c2616a2db5e7e41772820fd7e706,896321,1446055.0,580.0,0.000401,4,2,666
2025-05-11 22:58:45,388a13916d4315b8f2d3be341e5217537f1a0e8b2a04123c419ff47b42c07586,896321,1058620.0,258.0,0.000244,1,2,234
2025-05-11 22:58:45,4f402067f41144754e8d85dafbabb0ef68471dece3f1f57be4a514ee5715aa2b,896321,1144398.0,258.0,0.000225,1,2,234
2025-05-11 22:58:45,712b5178aa501f45eb3936a11664c7ba7e6d46ec966b90229cc394da1938aea9,896321,1161086.0,371.0,0.00032,2,2,382
2025-05-11 22:58:45,442013400e46fbfb61b62b40786591bfd36c91ffbc571b8ef376f0cbd1362b43,896321,1020811.0,371.0,0.000363,2,2,382
2025-05-11 22:58:45,04dfd1b336e1aa4bf067098dbe76af8ea87d6d2150a684516ebbf8363746b7e0,896321,1182872.0,808.0,0.000683,6,2,962
2025-05-11 22:58:45,d28387ec7b49d0b8b45837cbaf732452963e86cd1c0feb35ae3a3587e4a0eca7,896321,2234889.0,695.0,0.000311,5,2,814
2025-05-11 22:58:45,7321ea6ebbfc132f272ea8e09f7cf97ce6e628061c56ddf4f0c35e995e092b98,896321,1194041.0,695.0,0.000582,5,2,814
2025-05-11 22:58:45,9c622124afe74a2fa1697398029e155bb024197bfa33fe2f8a38c8d9b598ec77,896321,1557354.0,695.0,0.000446,5,2,814
2025-05-11 22:58:45,d77f7b412dd9ebcb5acecf4441b209c62f8dd2f54cf011ce18f8b8b04ffaaae7,896321,148748318.0,243.0,2e-06,1,2,225
2025-05-11 22:58:45,d9720c3c014e8125b8ab3c98c9e018655345da5811415107f110293aee7db7b4,896321,78184895.0,243.0,3e-06,1,2,225
2025-05-11 22:58:45,33ff35514a7ae3d4ba69815431c0fc724524091d67428cf5de98684c957cc3a6,896321,1207652.0,351.0,0.000291,2,2,370
2025-05-11 22:58:45,7535112c44dc3ea3489eabf1267119c5e5659424e16cc56a67f9dacb6d8d3d4e,896321,39613843.0,243.0,6e-06,1,2,225
2025-05-11 22:58:45,7e6bf2fd75e3feb3981388c7e6d75dec6721c5dd4578a18555a0b89bd44cfe49,896321,68056879.0,243.0,4e-06,1,2,225
2025-05-11 22:58:45,81115c8ea5212c09ffbb85806c6a2cb0fbfed428d45e5791a9bd3330386f122b,896321,41415535.0,243.0,6e-06,1,2,225
2025-05-11 22:58:45,394d1a8d28b85e4a40e454298df0f2cd3f2151f760f05dc8cf3ebfae2995370b,896321,39920.0,265.0,0.006638,2,1,257
2025-05-11 22:58:45,25927bade2e7a138b7c6b376651d5b8129f6d91b483ef111fdd721c99c587cf9,896321,32009002.0,238.0,7e-06,1,2,222
2025-05-11 22:58:45,a7db0c835d715f599b81e6f9e03da5c8dc8b3897b089c5e772eb3bbdd1c2c6f1,896321,50904390.0,238.0,5e-06,1,2,222
2025-05-11 22:58:45,f6f035eeae9a60d1f8c6aa2d3694d54726943b76c7bc2e29af9309209d6982f1,896321,5284528.0,238.0,4.5e-05,1,2,222
2025-05-11 22:58:45,0c45bc028fd694e17ab7350da537476624a99cd3f105cbfe394389a7cc2ca0f0,896321,67718684.0,238.0,4e-06,1,2,222
2025-05-11 22:58:45,d3d1201bbe339b7049631c399e1e3d4b61ece0dbd7a2c09a13bcfc67714cf1e4,896321,257690432.0,238.0,1e-06,1,2,222
2025-05-11 22:58:45,e977d2d949aa3925b7f783e866f1e397a1fe8013e0bdc620128e8a64a23f86d9,896321,166146352.0,238.0,1e-06,1,2,222
2025-05-11 22:58:45,53e80e6453fc9491e52ff46ecb738c6781856996a515c3edc111eaa4cb6bd5d5,896321,55033026.0,238.0,4e-06,1,2,222
2025-05-11 22:58:45,8ad5eeb2069c9bd935c3528576a5f45fe5ae4c55a04539202ded80fc47e970d3,896321,574573.0,238.0,0.000414,1,2,222
2025-05-11 22:58:45,215103bbb905c90874f31858a98b85118d53af1441af464a109228be173175d1,896321,9091771.0,238.0,2.6e-05,1,2,222
2025-05-11 22:58:45,254ec4577a9887d48f4a36ef6a10319426a14ed77210371afaed60f8981170cb,896321,191365082.0,238.0,1e-06,1,2,222
2025-05-11 22:58:45,cc358c0f1c8ab527f7acc5b6e8f3d7cb54e687fa6c835f38983d643aeb408ac4,896321,43050878.0,238.0,6e-06,1,2,222
2025-05-11 22:58:45,a64167e488221725ae46db56a3e828fb640864595fbb51bbca2f71d8cb1513c0,896321,50431167.0,238.0,5e-06,1,2,222
2025-05-11 22:58:45,f4d8c32a97743657ea8ffe44167d7bbc481a1767a178bb076cab875074471abc,896321,52250207.0,238.0,5e-06,1,2,222
2025-05-11 22:58:45,94b440af562198f6053717a0ba011f0883b7f7120dbc87aebb0a7e723f9446a5,896321,53045547.0,238.0,4e-06,1,2,222
2025-05-11 22:58:45,b28f838f1c21725ca23d159adce20b530279d5e3afa84edcdbffe8cc17808f9e,896321,53151317.0,238.0,4e-06,1,2,222
2025-05-11 22:58:45,ba2c8edb332e2a24a3f2f516cf0779609116677853936e7f13d89e9d86081596,896321,5270035.0,238.0,4.5e-05,1,2,222
2025-05-11 22:58:45,1f65a8bb2f24c0366cd46ba78ee41a024392a206b4833cf30b4879ae77def386,896321,1006488.0,238.0,0.000236,1,2,222
2025-05-11 22:58:45,216750b474d615bf3798a5a7d3b09ffd1376b7e5a0ec39f3dce36526536bc685,896321,77479433.0,238.0,3e-06,1,2,222
2025-05-11 22:58:45,f88e34d4a70b4461f6de28e08612a3b4ea73ce82ec7b1c389af29f1d7cf8ed78,896321,45058527.0,238.0,5e-06,1,2,222
2025-05-11 22:58:45,ffa85e86b8aca8bd8631a58210d5d57abeb0a50a3226ca9c71dd89147d51cb77,896321,68273880.0,238.0,3e-06,1,2,222
2025-05-11 22:58:45,015287b0ba2d866f866a35ef9f5b85476376ab848d17a4f14a93be222eafee76,896321,67379802.0,238.0,4e-06,1,2,222
2025-05-11 22:58:45,2e5fdbaf043c9e49b71c66d36920202ec8eaef1b5179936ba4b08a047b59a474,896321,563216902.0,238.0,0.0,1,2,222
2025-05-11 22:58:45,18e35e6890e680f3c6a815e61dcc307a17c0ef8959945e696eeacc029068e568,896321,164425030.0,238.0,1e-06,1,2,222
2025-05-11 22:58:45,b6fb8bf4fa1377ca52218634d9a654a42458e40e12c30836b16937c498567167,896321,56862423.0,238.0,4e-06,1,2,222
2025-05-11 22:58:45,28a4ce9fa9096db8dce6027b069651ca3b086ad5aa16811e56388a57dbeba162,896321,53413339.0,238.0,4e-06,1,2,222
2025-05-11 22:58:45,991d65536dd6c836e8f202631fc646b322fcdf92038f9eaef8e16124e9302f62,896321,8534423.0,238.0,2.8e-05,1,2,222
2025-05-11 22:58:45,4d790d59654fcf3318e03cff3fc68137adbc08fe97441fcb0ff5ee33ed6a4d5e,896321,54446744.0,238.0,4e-06,1,2,222
2025-05-11 22:58:45,6f776f773399b1d952e1ede780c29bbf3beee514d96f1d265caef65b0968ba5c,896321,146999973.0,238.0,2e-06,1,2,222
2025-05-11 22:58:45,d73e64b14870d952ddd21c80ab9193569dca14d706cd1fab8e131c6fc4bb215c,896321,36051820.0,238.0,7e-06,1,2,222
2025-05-11 22:58:45,681966c9bf10354e9d8b3ba969807e9399ee741368a3f7565ad032a49dd1ab51,896321,17125272.0,238.0,1.4e-05,1,2,222
2025-05-11 22:58:45,0eacf94a2a4916ed71f13fd78c21bfd519e13d954c064828f6d0f27d5e1be14c,896321,159567633.0,238.0,1e-06,1,2,222
2025-05-11 22:58:45,c487c3f2a956d1e23558feda7f22a2db4d80ff3acd27f3032cb736d84f060f46,896321,109258849.0,238.0,2e-06,1,2,222
2025-05-11 22:58:45,8b99c5065fe14fd859de39f8373b7317adc48ddae26468e7c8de1442c02f8844,896321,50599531.0,238.0,5e-06,1,2,222
2025-05-11 22:58:45,1dcd13f5aecbf5ee56c72a516ee3aa1c813aa219673b7b6abfa65600b766e339,896321,51853174.0,238.0,5e-06,1,2,222
2025-05-11 22:58:45,9503d934521640271ce9dccabb85395cb97cdebb6d4d3df229db7acf78c92e37,896321,49398567.0,238.0,5e-06,1,2,222
2025-05-11 22:58:45,876b9c8a938dc9776fffa2723bd7dd54f930520b4f6d8c9a2872239b5de00735,896321,58438381.0,238.0,4e-06,1,2,222
2025-05-11 22:58:45,017644b89acfa65f7d506ee2e0c9af08c4e8cc1463b37faa50c1f55440f70333,896321,54032532.0,238.0,4e-06,1,2,222
2025-05-11 22:58:45,6d68ed2764b4e85be041d75e14720cdd28febb783ed0e243adb06c497242d62f,896321,29487415.0,238.0,8e-06,1,2,222
2025-05-11 22:58:45,cd11ddb1fc8b3d0f51bf1887aeb16313d5b9cf17136b8ab38ae7c600d213152f,896321,34225593.0,238.0,7e-06,1,2,222
2025-05-11 22:58:45,a98da36061085254dc79a5dd278f5a3197181688a35a66c8d5db6940fb6dea26,896321,575593117.0,238.0,0.0,1,2,222
2025-05-11 22:58:45,b121055678430649eddbc7cacf66be9277532804b872faf64ea16df91b656a24,896321,62971377.0,238.0,4e-06,1,2,222
2025-05-11 22:58:45,d0a0fbe269192026e6de4f4089ca5eeadcf4e5809cfc23440b82c5966989ea21,896321,53000245.0,238.0,4e-06,1,2,222
2025-05-11 22:58:45,d5788ae4b8b3545ee7011aa884a25aef1a22992ec0b31cf90f9060543db9c81a,896321,51590867.0,238.0,5e-06,1,2,222
2025-05-12 22:00:06,48562f1f4ca37808545cbccc7f8f2aa36d4a95f6e1c2a734cdac1f130513cf08,896461,193329.0,154.0,0.000797,1,2,205
2025-05-12 22:00:06,64382d7de77e983c54d138160ca9c986376bb653ed435389d9de2178f0c694a5,896461,330.0,154.0,0.466667,1,1,326
2025-05-12 22:00:06,a583aba7dee8e229157d923c2f4c47244fc7d0011a5b2e404a56e23b5490c549,896461,189608.0,154.0,0.000812,1,2,205
2025-05-12 22:00:06,ae425cd36ef468a781c71c8ff3f0d2d685543aa04b5acd7445596b1374824a4b,896461,330.0,154.0,0.466667,1,1,326
2025-05-12 22:00:06,f789bf62facbab39a4cf5647f962ee2601bbcaa07ebcbc4df33c329519112293,896461,182246.0,154.0,0.000845,1,2,205
2025-05-12 22:00:06,acd424196e7e15d5abd91ac7477dbaac7c95caf1d390681d0759c9f55a065329,896461,330.0,154.0,0.466667,1,1,326
2025-05-12 22:00:06,09de155147d751f268172fd3aa836470200f7425a159906360e9f3f888fe7f15,896461,171717.0,154.0,0.000897,1,2,205
2025-05-12 22:00:06,7db7da6b06ce9b03746e945fa7f565d9eb893300fe18ed7947b8287349e7be99,896461,2853556.0,7885.0,0.002763,53,1,7832
2025-05-12 22:00:06,b2010feac4355bcabbe689997fa6f01c0ffb86f37853558567f7d796c14805a4,896461,1016351.0,285.0,0.00028,1,2,283
2025-05-12 22:00:06,0d8ed48ac5311ac9425c4e3db0766ae97d8e95d9a6e5bdfb76571f79290bf96f,896461,1016636.0,285.0,0.00028,1,2,283
2025-05-12 22:00:06,6012522dec2986e08ceada11e9b15b09b5f1e4585b288710ba68f5e788237795,896461,30066.0,820.0,0.027273,5,2,814
2025-05-12 22:00:06,f54a85d77046f1d5af79d51284422c3108ff603c3038a39111860fd53418f551,896461,737076.0,384.0,0.000521,5,1,786
2025-05-12 22:00:06,9f0f3e1b33a87bb7af2539c26a225bf44d4f4852e7b518564625ce96afce3ea3,896461,2724318.0,122.0,4.5e-05,1,1,237
2025-05-12 22:00:06,c72d05e00f0c6d088eeae0112dcb8b089237960046d3f15efdd628bd91a7a463,896461,144450.0,17280.0,0.119626,297,1,31836
2025-05-12 22:00:06,3e153fb6f48d44f4763cbf9ed379112e9de11040b10db508905ebfc90b96c19c,896461,1306.0,344.0,0.2634,5,1,590
2025-05-12 22:00:06,9e75ecff80db458e8e610e8f1f71c8c7f35efe6bddc9df0840abd24b5ed799ab,896461,20536.0,227.0,0.011054,1,2,225
2025-05-12 22:00:06,b49edf99363ecaa9cb7c1e4db8a6a4b16fff03a816f13a850faa638ec154c3dc,896461,9792114.0,224.0,2.3e-05,1,2,222
2025-05-12 22:00:06,d48f16275a9a6498b464318fc03c657135ceeae8b975a709f1dada6b4efb4fd0,896461,1213753.0,224.0,0.000185,1,2,222
2025-05-12 22:00:06,1fbaeaaf0dc632dde08c36381c4302deea6fb975c7d38960cd714e974934d7b0,896461,48900842.0,112.0,2e-06,1,1,162
2025-05-12 22:00:06,42d569338dd8bf2d9db8ffbbeb452a901486b8b9187d4a3555e7d1512de2cf85,896461,822352.0,224.0,0.000272,1,2,222
2025-05-12 22:00:06,0e360469a749a3dda0c1f3f8b10dc1519e3ef62f81f3c274e38153facd473463,896461,638518.0,224.0,0.000351,1,2,222
2025-05-12 22:00:06,225c4fa889d397a393ac690d075d200a1409d0882f865407f14372f414adaf3b,896461,3699888.0,112.0,3e-05,1,1,162
2025-05-12 22:00:06,3420c071a08cf38ff26df3845083b33d2bd8400352508e810778123dc7691525,896461,738901.0,112.0,0.000152,1,1,162
2025-05-12 22:00:06,0174de7365e235185d4007b908545d797ea260c86d3a02031ce7911fc60e6521,896461,249888.0,112.0,0.000448,1,1,162
2025-05-12 22:00:06,57a9686fa9768e0e553b3375ba7bb826bc2d066dc0e9a5db4faaffdcb1e3b5bf,896461,15245.0,110.0,0.007215,1,1,190
2025-05-12 22:00:06,b5716cd738160921a72d9f45e38e3152b467f109611640a18e422b174fff2495,896461,15240.0,110.0,0.007218,1,1,190
2025-05-12 22:00:06,bd7040e9e6cefc8296681aa2307bfd15348287877fde53fb65d994a12b58b08f,896461,5043.0,110.0,0.021812,1,1,190
2025-05-12 22:00:06,f709acf2600b860db0d9e34cf14e34e8e98d6ff211e8133e0725166a344df07a,896461,24334.0,110.0,0.00452,1,1,190
2025-05-12 22:00:06,2cf0652235d70847e39ee06aa926c39c41499ecdfaf98379482a32102e386626,896461,15828.0,110.0,0.00695,1,1,190
2025-05-12 22:00:06,17f172a3071c776cbf337a36ea4c7b32a87e3d9825bfc412a7f452a36d414324,896461,146923.0,214.0,0.001457,2,2,374
2025-05-12 22:00:06,280b4957181f0f66ee8d983ab4bdea742c62a859bad9a9f5d35cfe2c4a380a20,896461,5581352.0,214.0,3.8e-05,1,2,402
2025-05-12 22:00:06,494167ce1f2957beed7a8aeccc1b0f8cab7a044b0c859ad1347bf8119052331d,896461,6237160.0,1490.0,0.000239,12,18,2075
2025-05-12 22:00:06,dead12061477bdad53fd2adbbdf6c56cbecbd308a12e6a61676db66573f4b8c6,896461,47705.0,803.0,0.016833,1,2,2767
2025-05-12 22:00:06,9d28e5731fb9730fa4449ed5da7babbcfd7f066ee4308325fc79e51b347ccfed,896461,99900.0,100.0,0.001001,1,1,150
2025-05-12 22:00:06,e7b654417c8e0e2b2c6ac18cbcd0c41b87e3c8d62dfa1c330c8ee297aa3a62c9,896461,1111764.0,100.0,9e-05,1,1,150
2025-05-12 22:00:06,ab06dfc92e0b64906d7e9842db9fd9ecdb112e690a3cc46e6e3c112b41f00327,896461,8310418.0,100.0,1.2e-05,1,1,150
2025-05-12 22:00:06,951d2d3433e5f560fd9f984d28d952092c5d7d1b14f1ffc98734e895563758f8,896461,485800.0,190.0,0.000391,1,1,188
2025-05-12 22:00:06,b914f376913bc143ac45ead94180a9385f045472e66b56c1724ecb1f8ecbe5e9,896461,104736.0,373.0,0.003561,2,2,369
2025-05-12 22:00:06,b6982444658c778895d8b9c966aebbd63ad4105452e04e6dc572532d3964cdba,896461,82817.0,183.0,0.00221,1,2,346
2025-05-12 22:00:06,72e9c8975c0963990a1e5cc5f6151c7f51e4554cfddc29c03a3963d9367a3fcc,896461,49820.0,180.0,0.003613,2,1,340
2025-05-12 22:00:06,b2b4d7ffe76130ae3c56de7b480e63adcdc8e71362d09d14e17e8385723c472d,896461,134827.0,173.0,0.001283,1,2,342
2025-05-12 22:00:06,c0e5bb0db51b8158042c919b2f458726b287cbcaf0fbfab30de620742f922e39,896461,48508.0,171.0,0.003525,2,1,269
2025-05-12 22:00:06,4c82d5c94a81b14a245e5eac18de5ea5680794c972248b8857fea011e72b45e1,896461,330.0,169.0,0.512121,1,2,336
2025-05-12 22:00:06,30eb7da5c07c7410a42f49ba38be484b7ef361a6eb6bfabfd44fbc2e9992bccb,896461,330.0,169.0,0.512121,1,2,336
2025-05-12 22:00:06,ce4a969cf533ff052235f2976c957f2dbba7c51f8cec50479b3ebf2c3238c8ac,896461,330.0,169.0,0.512121,1,2,336
2025-05-12 22:00:06,a85154114513031a48e4cb5e64ebc05f5d6447b26f7a95420f3698877b128baa,896461,330.0,169.0,0.512121,1,2,336
2025-05-12 22:00:06,229cfa1b302c78c0c3d193f463461c3dec0b89667f233ab875088b022835cba9,896461,330.0,169.0,0.512121,1,2,336
2025-05-12 22:00:06,a98ba55852184b05f26f7ff9299349c0c393cf6954bbd28be354ca25d0345a9b,896461,330.0,169.0,0.512121,1,2,336
2025-05-12 22:00:06,a28a1dd5fc39a9c98f63ae3c8f80bfc1204c5b79c54b2fdf4a73d74b65fe9580,896461,330.0,169.0,0.512121,1,2,336
2025-05-12 22:00:06,0c80a606d6e0ff9e51cef7010e321bcd7751967887c97ec39bc4f3c01ac50a7d,896461,330.0,169.0,0.512121,1,2,336
2025-05-12 22:00:06,8b3fff072108bb949a838bcf4001fc23e882052e7aca0a3a43b4c677f52a586b,896461,330.0,169.0,0.512121,1,2,336
2025-05-12 22:00:06,0be0ef8f394799dd624f1d6b0701a3a0ba3dd19d15b91af1ea0967ac670c3f69,896461,330.0,169.0,0.512121,1,2,336
2025-05-12 22:00:06,36f355ae27dd22b6a28598f22a128da7d56613c37b040e692663af5d3f6d9d5d,896461,330.0,169.0,0.512121,1,2,336
2025-05-12 22:00:06,1689fdc884c798fe4095dd387410a8cf2e7472dfdea1d882ad1e4b3bf46ea54f,896461,330.0,169.0,0.512121,1,2,336
2025-05-12 22:00:06,f803a346fe375dcc976b0cb123aee46147e0d7d0f9f760867e9106874b3abc44,896461,330.0,169.0,0.512121,1,2,336
2025-05-12 22:00:06,6aed1807ff995203f171d41e7e40302157af38f60d451d99ae34991a0067a538,896461,330.0,169.0,0.512121,1,2,336
2025-05-12 22:00:06,ef91389026a8478b3f9c62e5f99e37d4af9d8ea3356a3df5e0275abe3720d736,896461,330.0,169.0,0.512121,1,2,336
2025-05-12 22:00:06,c89a31c2b9d6a7c32a805230a76346f61700e529eb03b03eab770ea271b7a52c,896461,330.0,169.0,0.512121,1,2,336
2025-05-12 22:00:06,c24e99f809356625d5bfaf4f5b3e6338c92b702033c0d9eb582103c7c051951e,896461,330.0,169.0,0.512121,1,2,336
2025-05-12 22:00:06,3c1c81860396c2bb01f747500ed0bbc77556e75a9ea7a5b4692bd64fac0b5a18,896461,330.0,169.0,0.512121,1,2,336
2025-05-12 22:00:06,12f55eb31134e5983d3f8d2549ace9c8b355b4a77ac9a01537fa913162cffa0c,896461,330.0,169.0,0.512121,1,2,336
2025-05-12 22:00:06,91cfe05ffeebce6dadb6c64671472c5f9a438ad6c2ab82b5271d674490b7a633,896461,295741.0,485.0,0.00164,6,2,962
2025-05-12 22:00:06,ba2937f5349bbdebed28c6850b0bebb1d1723699d68da8ba9a58497952e31b79,896461,109305.0,695.0,0.006358,11,1,1232
2025-05-12 22:00:06,a39eeef0c0d18399da59bbada554eb893361efe56cb2ecc96cc85cd471cf5c7e,896461,6174796.0,686.0,0.000111,11,1,1223
2025-05-12 22:00:06,38e31499112414d3458d4ec36febfeaf2e2d96f83e6ae543e7844da121e69265,896461,523337.0,224.0,0.000428,1,2,221
2025-05-12 22:00:06,f456389e3f53df401ed8bbc6e9465ff3457765a4c44abb23c243acf541fb80d6,896461,29903.0,146.0,0.004882,1,2,226
2025-05-12 22:00:06,7aac980252cece3e0eae57eec33bd80b9831e1cfecc3aac8bbd1d3c122d5b768,896461,1860614.0,146.0,7.8e-05,1,2,226
2025-05-12 22:00:06,949372a0fb5cfd52fcc97a147d0832eb256120f457c01a216dd1f23b916dec74,896461,2084828.0,143.0,6.9e-05,1,2,222
2025-05-12 22:00:06,0ab61d3baf750533498aadec8aa2e8752df12c0da6cb27bd2d9c0d0dad2909cc,896461,98859.0,141.0,0.001426,1,1,310
2025-05-12 22:00:06,b198c336052ca8439cfca6b23eccc0b73d06146f2b5ded2b7e25c74f51c86efc,896461,223996.0,211.0,0.000942,1,3,367
2025-05-12 22:00:06,1c941bb0e360ef8c0f1b77e283a32c8cabcb4bc5235cc6ab1a4e152f126edbb4,896461,222995.0,211.0,0.000946,1,3,364
2025-05-12 22:00:06,1ccb3f62ca696f3377b0fd3aed1fe1916e0862c57aa44ebb3cee7f2064db4abd,896461,223536.0,211.0,0.000944,1,3,364
2025-05-12 22:00:06,00782c4277cf9eb6d4b7ebe669805b14317b8144849458c9e97b4d205b264b63,896461,224537.0,211.0,0.00094,1,3,367
2025-05-12 22:00:06,72e129934eac9ce022782dafdbaf141bcd4e6367883227b0ee5deba8ece33f90,896461,225078.0,211.0,0.000937,1,3,367
2025-05-12 22:00:06,2815ef75eb3cf15cf209ff73b9ffca1611290e8257acc905915fc9a829df9d4b,896461,224077.0,211.0,0.000942,1,3,364
2025-05-12 22:00:06,7a01f2a7b455e5d455c9be15970e360c22a9d475f520c46001486532154223a6,896461,224618.0,211.0,0.000939,1,3,364
2025-05-12 22:00:06,f45acb7003c50fae03251ef33ebe0eae2ef1058748f129d9972524df7058da20,896461,217655.0,211.0,0.000969,1,3,367
2025-05-12 22:00:06,3901a7b325e078d774c2da544ab163e4b88d59ee682c1de320faa7ecaff8bc25,896461,218196.0,211.0,0.000967,1,3,367
2025-05-12 22:00:06,42f4656d6622e0a24e83adee6d44efb5bb35d485e924f69b85e4ddecc0f14e77,896461,218737.0,211.0,0.000965,1,3,367
2025-05-12 22:00:06,fca25288d6e668d9f00c734c32ff6eccfb0adfe587bf16c41bb0efcec4279430,896461,219278.0,211.0,0.000962,1,3,367
2025-05-12 22:00:06,b52a4253520829b045e67b9970ef466a3567ea35f302163617241898af3f0e2a,896461,219819.0,211.0,0.00096,1,3,367
2025-05-12 22:00:06,2f8a83ed6b16a31d3c737aad532f95cd537b057c14d08283d7aa7f6ad95942c7,896461,220360.0,211.0,0.000958,1,3,367
2025-05-12 22:00:06,4f9d91021f0b7f66cecf13415f8da9e2493d60a06664f506b6a8100524820faf,896461,220901.0,211.0,0.000955,1,3,367
2025-05-12 22:00:06,daf14415ae68704ae2e98cdc125dda5465a9b2a76bba749c32d1e154db3fcf2b,896461,221442.0,211.0,0.000953,1,3,367
2025-05-12 22:00:06,daa9c236f36583d3da0f6661f5a7410e4ad12b285d8f6bffa360cd6c9ae174ee,896461,221983.0,211.0,0.000951,1,3,367
2025-05-12 22:00:06,1faa23dd73ff07efc96d18951d572b6e7f9c8569f4407aff2c57604a3ec17891,896461,222524.0,211.0,0.000948,1,3,367
2025-05-12 22:00:06,0fb17c1dd824e093a0993ec57bad858df596d6c55fb39b09df871ec157abb9b9,896461,223065.0,211.0,0.000946,1,3,367
2025-05-12 22:00:06,5a4201798d732485cab73d075d650791dcc7c43307aac15004f6f638adc01fcf,896461,223606.0,211.0,0.000944,1,3,367
2025-05-12 22:00:06,f0f342c2b0f8119a6401a94eb251ee5b41675714a457ba8ae60322ea0048d849,896461,224147.0,211.0,0.000941,1,3,367
2025-05-12 22:00:06,38e09980e9314eeb68a08fcedba9fb01e1b0b8802c972111f80c4db529b2dbfc,896461,224688.0,211.0,0.000939,1,3,367
2025-05-12 22:00:06,4b170507164eb1686248cde5f48793400fdd4817de6f8c329ee6e9c85a624d45,896461,225229.0,211.0,0.000937,1,3,367
2025-05-12 22:00:06,f46120f7f9d3691c9bccbaa676c5a24c465bc2a7e896eeb30e58dc738172cb63,896461,225770.0,211.0,0.000935,1,3,367
2025-05-12 22:00:06,d44272994e790f7da36930e4674784e8284ee8acb7658081dfac3be194896230,896461,226311.0,211.0,0.000932,1,3,367
2025-05-12 22:00:06,f3d94b3044cf272a45757596e2d9c816c38ac5704c63eaf434d4d290bb787df8,896461,226852.0,211.0,0.00093,1,3,367
2025-05-12 22:00:06,eb5a3b71619f846578dcf0b4b68ebd053ca3f47de00302a9551a997776f02085,896461,227393.0,211.0,0.000928,1,3,367
2025-05-12 22:00:06,9e2244fcb191381bbaff017471026e4521852cb05b590d4bc436c799d2bcdddf,896461,227934.0,211.0,0.000926,1,3,367
2025-05-12 22:00:06,83bf3552376f4e3ceb1aed3437aced578b9bf2259295ac1922e2f8d346c0511f,896461,228475.0,211.0,0.000924,1,3,367
2025-05-12 22:00:06,355e6332c2567064ca765466070f0522bae39d538cff976d51b6daf043c8f5d2,896461,229016.0,211.0,0.000921,1,3,367
2025-05-12 22:00:06,e962f900388e135ff07443bc8931b646c7c8d71ccf9d59a9575afa2f690f0ad3,896461,229557.0,211.0,0.000919,1,3,367
2025-05-12 22:00:06,e824a8fa98f141d7f0eb03f3056caf8b05d610988ae5a93f98ae233c546632d1,896461,230098.0,211.0,0.000917,1,3,367
2025-05-13 04:15:14,ab3e5da1b95b35c91c8b06d8f0f31a5c5d23cf3a884bac6ea76ef44f5316e69b,896496,1000000.0,299.0,0.000299,2,1,340
2025-05-13 04:15:14,13959076803f633d35a191f2bbf8eb7cde6282dc13bbeaa2b28b20d5eb528a54,896496,12869038.0,599.0,4.7e-05,3,3,597
2025-05-13 04:15:14,e3ac0b45eb12b498947bd104a2baf15012c70bceaac3ed4bb30f009f34defbd8,896496,76767.0,233.0,0.003035,1,1,217
2025-05-13 04:15:14,a5a9e6fc06e75c4ad6f756854a0f0995866057a459db27cb0b99a04e51a0da9a,896496,6855109.0,331.0,4.8e-05,2,1,352
2025-05-13 04:15:14,e062ed977f41efc4d1305c936093a79ea96079e30e3a9a21d1d06aca8479afea,896496,187449.0,192.0,0.001024,1,1,191
2025-05-13 04:15:14,0efabef6af616e6e43d31a622b1a44ef1a8c9625765fc7cc21f7bdb46fda10de,896496,2216119.0,447.0,0.000202,2,2,418
2025-05-13 04:15:14,65f72cecbd12320f1845ccbca6216d46c6c106a1b53808208a81c966a3e744f1,896496,24842.0,498.0,0.020047,1,2,283
2025-05-13 04:15:14,a1eae4a8fd9534f61bb22708792f03aa21bf997862d046f214e00c10f044f8e6,896496,91157.0,292.0,0.003203,1,2,246
2025-05-13 04:15:14,410f0ab2af56e7df1a9d6a1e6badea5f91d84f071122ae680e466a921f6dc5ad,896496,24080.0,402.0,0.016694,2,1,388
2025-05-13 04:15:14,f68bb6f66627eb114231223e5515e3352dc1d2ec1b9b0ab709d8a86889ba89c5,896496,33144.0,200.0,0.006034,1,1,162
2025-05-13 04:15:14,4b80278b6627f3ef67f19f2336f25ee339a93918e50446436d18317b6fcce668,896496,3000.0,200.0,0.066667,1,1,191
2025-05-13 04:15:14,0756f3752a4664b3fc4ec3cac9c8bd6b26aa37bbec5e3057dc678abb3a1d11a4,896496,407992.0,1440.0,0.003529,5,1,776
2025-05-13 04:15:14,3a2844817c12e9b0b312b30a92d894d01ddbcc1f894c745bb429d1be73f897b3,896496,1470810.0,371.0,0.000252,1,2,380
2025-05-13 04:15:14,66a6eeab4e0556aea928ae449d80c433ad1b139cca0cc5286816c53a4efcdbce,896496,10000.0,440.0,0.044,2,1,386
2025-05-13 04:15:14,f804b78768603a1c5df030fe23ce9c97530ab45fac8ba2c37c43fd6d523a7558,896496,1027827.0,273.0,0.000266,1,1,303
2025-05-13 04:15:14,70d1da2676abcd16581a93e502397192d640afc7fa0855493d94fd22ccd83af6,896496,345620.0,380.0,0.001099,1,1,192
2025-05-13 04:15:14,314456fd8b8bdc30bd9c43e2ff0ce8fd54bb9c63cfc08b50e72823273cd73ac9,896496,44535182.0,684.0,1.5e-05,4,2,669
2025-05-13 04:15:14,3c32af3f521441cb01b434bcbf0423e71ee3de5fa6e67406163987707c2ca6bd,896496,124261.0,461.0,0.00371,2,2,394
2025-05-13 04:15:14,9dea1b2bbbb65272be86497ea48e6661443237be3a769bab5814dd1531afc68f,896496,88293.0,668.0,0.007566,4,1,660
2025-05-13 04:15:14,5af7113c53fffad0e7d598d7b8754b9d9c79427887ebe961fd3323c2b55fba59,896496,34526.0,398.0,0.011528,2,2,300
2025-05-13 04:15:14,946fc72758df2a3b68f87ac3c470ebec1f86b4c14aae6a458d00862da6ec20be,896496,192581.0,219.0,0.001137,1,1,191
2025-05-13 04:15:14,04089515cb18ee811036364ae15dac3f429dfa1a6e7034e7f9adc3d1e525dd57,896496,18616.0,219.0,0.011764,1,1,191
2025-05-13 04:15:14,bdd8a5aa0b1129f853c127f609563278d4873d920d0257a0312e9dccd3fb5cdb,896496,1018844.0,281.0,0.000276,1,2,222
2025-05-13 04:15:14,cc71464d77211fd64a668209c1f3083aacbc4aabfe3309e76ef261c7d6a11165,896496,24417.0,281.0,0.011508,1,2,223
2025-05-13 04:15:14,c3f322ce333f328c053d3cdc1d71993cb07420d01e84d6d82185f59f887de928,896496,58643.0,281.0,0.004792,1,2,222
2025-05-13 04:15:14,d64e6e866bd424db74d45c98999b2071b500437ea0e99ce223e2a9784020a766,896496,7722894.0,283.0,3.7e-05,1,2,224
2025-05-13 04:15:14,bfbd190f0fe00f028ae2d593602a09dac12132ac1043269a7943a463e61124a0,896496,3094909.0,287.0,9.3e-05,1,2,225
2025-05-13 04:15:14,e129e39e4e721a58b93c2064ac65d90257d420c04202450cedda324be7a20f3a,896496,53435.0,287.0,0.005371,1,2,225
2025-05-13 04:15:14,2772aa3f2e485112fe586f4dfb478ce63759694392ca5c1809cb43c18855acce,896496,1050710.0,423.0,0.000403,2,2,312
2025-05-13 04:15:14,e86223dacee885608eda677a8d8d433f043fc3c8ae8604868b23237645f11fe3,896496,100203284.0,3199.0,3.2e-05,23,1,3446
2025-05-13 04:15:14,5c6823320b2bed0c4b57dd88bfc6c696feebb62053c060418c188711012174f1,896496,87861.0,306.0,0.003483,1,2,234
2025-05-13 04:15:14,ea0beb8243b8007c952bf9e2f88735344bc62016df7c67314c0564232e2a03f1,896496,30554.0,446.0,0.014597,1,2,223
2025-05-13 04:15:14,14408bdb16d848432c403d66405237a2de1cb201eb495d1fad7ef85a818c9aed,896496,6793.0,282.0,0.041513,1,2,223
2025-05-13 04:15:14,282f835e4f7be7287cad7a3ada0b965d5c88b2566621f3f83117c276142821dc,896496,237041.0,328.0,0.001384,1,2,245
2025-05-13 04:15:14,815e7801c4c7c581e5c1798abcb7c33728be63901ae6724e9a8f9861aabdf1d5,896496,23125.0,336.0,0.01453,1,2,249
2025-05-13 04:15:14,7aa733b118a508e43a6374258d2c0c96a1888d335160483069787ebc3c5949d2,896496,110739.0,424.0,0.003829,2,2,312
2025-05-13 04:15:14,2097b2264240e3888dd767efcf973afbf46888af9d0807d9a58b87c5f9df66c3,896496,546.0,304.0,0.556777,1,1,325
2025-05-13 04:15:14,688dcdbdf990528e6cd378c7ee4712b1bec1423d457b019b1a70ab3bf133c6c1,896496,111163.0,424.0,0.003814,2,2,312
2025-05-13 04:15:14,39a763609327a1a74badc9ee8c981c58c335717111b4099e40d95c7f958e75b4,896496,956221.0,328.0,0.000343,1,2,245
2025-05-13 04:15:14,7c4a2671c3957f23ddd3c55d80629b867c284d2e1b26b5ec4397f5b73adeafb2,896496,128069.0,424.0,0.003311,2,2,312
2025-05-13 04:15:14,3495b19253dcd067334ddc775dfe7486c29132f031e2fea7cc4803f1057dc4ae,896496,43800.0,200.0,0.004566,1,1,151
2025-05-13 04:15:14,d46b3786d856a4da94df622ffb890d3db3d3afd523206f7fda8c6613b1fdadab,896496,181807.0,416.0,0.002288,2,2,370
2025-05-13 04:15:14,65f8086eb087ddac40c89a5a62513b4ed2debcbf7c4f8a4a5d16e2ad122bcf93,896496,330.0,306.0,0.927273,1,1,330
2025-05-13 04:15:14,2ae8095607c4bc23cb2265df9832e35a30624b208582335ad1ae1791373cf992,896496,1301934.0,528.0,0.000406,2,4,364
2025-05-13 04:15:14,d73f0092dc82684a5525946de77bc3afa2724f05667d6919887ba22c0803bc92,896496,676035.0,416.0,0.000615,2,2,370
2025-05-13 04:15:14,6f54428be342bc1e846a72d1d763e2e34c06ce669321ae9be9386b1efb1e048a,896496,128493.0,424.0,0.0033,2,2,312
2025-05-13 04:15:14,8ab5cdc864688c3e4a9e6188c9e2066efa60bf43914f71d5989c8a871ff5de89,896496,546.0,304.0,0.556777,1,1,326
2025-05-13 04:15:14,a234c4ee3d78e52a1215caeb8bb7a3eca72815c91f19f9622629970f58e31c7d,896496,75149.0,424.0,0.005642,2,2,312
2025-05-13 04:15:14,01f4483c1387dfeb1c3bffa0eb44ebda84396684232990a4f60190a22fef8978,896496,1768508.0,558.0,0.000316,3,2,521
2025-05-13 04:15:14,b90da6c1f29b6864bc02cec6f57bc28a81c878de784e6fcf66ad2000bbb07876,896496,509579.0,452.0,0.000887,1,2,226
2025-05-13 04:15:14,a8f93a5dffbda3aed93d2bac2d6a32d85553d57520924523a5db60aaaba95f5f,896496,128917.0,424.0,0.003289,2,2,312
2025-05-13 04:15:14,c5eff07ccedebf4c62cc8b1fe6a268dd0f17ccda8fc2f9b8096ea21d0eb4a0f6,896496,129341.0,424.0,0.003278,2,2,312
2025-05-13 04:15:14,7c0bc4fd0f40237e390ff4c10982a686188a11809ff90289b1c4ec9f44c8e65e,896496,26243.0,308.0,0.011736,1,2,205
2025-05-13 04:15:14,300dda3b4d691cd32261f35018f46d3db57218a47b53b57baa04146d891d7154,896496,25622.0,378.0,0.014753,1,1,189
2025-05-13 04:15:14,3018a0a5638083fe014672bc7a4a34f6ba2d9b521cd4777e48cdcf600b734643,896496,120371.0,424.0,0.003522,2,2,312
2025-05-13 04:15:14,524783e2f92419194cc530dddce3df6c698e8efb816b2264d6ba65aebbc8793d,896496,42810.0,220.0,0.005139,1,1,191
2025-05-13 04:15:14,a350777665121943b279ef6f02c70fabe98e476d58ed3b7882171d642b9be537,896496,330.0,306.0,0.927273,1,1,330
2025-05-13 04:15:14,a2b860109df3231887cb4289c7ae1a901a68a7e97a85eaa64b984188fc4fd632,896496,686396.0,400.0,0.000583,2,2,300
2025-05-13 04:15:14,2324a181830312fce01f49446d1b27198bad611c156f3214b2b532ff6c0ddc31,896496,157234.0,586.0,0.003727,1,1,162
2025-05-13 04:15:14,3bd943fb05bdb0daf87f9f85f5136049f4129ce480e23eb1700feec55c6b64ad,896496,160004.0,364.0,0.002275,2,6,464
2025-05-13 04:15:14,3aed86d25411c46baca8d5fa5298d8334e2b999f73355ef5e0cf088a16092e2c,896496,26455.0,308.0,0.011642,1,2,205
2025-05-13 04:15:14,9ed0cca6586dc3c28ab25cecb25ff38cd47faf95b85e2112ab9c5de3f54e1a2c,896496,546.0,306.0,0.56044,1,1,330
2025-05-13 04:15:14,ccadfd97d5dd884624fca6db5b38673c93aa03c42dc2432fc43d6a29142dfd5c,896496,1247350.0,308.0,0.000247,1,2,205
2025-05-13 04:15:14,fddf5c71b59ab21d40d42cffbccf9fe88babe87c7be9a98f57a674adcb46321a,896496,765860.0,356.0,0.000465,2,1,340
2025-05-13 04:15:14,92b6babac7dd03d56e0cb4a1c5e416a4ac4da190bb496ac3856b3512a2d2ad11,896496,103101761.0,916.0,9e-06,1,12,539
2025-05-13 04:15:14,9ea1726e0df06ea4bec347dc10c5901b2b1d2de24ccb9e190003248365bf5710,896496,111587.0,424.0,0.0038,2,2,312
2025-05-13 04:15:14,d3e2146bdcbb667a0f347b7bd7b73863763705626ad8272df49a8b51381fcd91,896496,112011.0,424.0,0.003785,2,2,312
2025-05-13 04:15:14,f90feb9509a2180caf7d16f453449b9dd3e100df6295a092cdc301aa3f500b0e,896496,52929.0,220.0,0.004157,1,1,192
2025-05-13 04:15:14,dc2d96cc405194076122cf290a8fa467e3055fa0905088fca79a3198e914d20d,896496,8534.0,308.0,0.036091,1,2,205
2025-05-13 04:15:14,4b4474db62ba962ba79e96d0b8391948c0c72db38110cb440af5dc566bfaab07,896496,49999363.0,308.0,6e-06,1,2,205
2025-05-13 04:15:14,ce49e3455e9bb99d70a820336d37733534fc24c86a791d3c74db0b2823444204,896496,373474.0,286.0,0.000766,1,2,194
2025-05-13 04:15:14,2b07cf6ecd02b978df34e36290318bfeeea1a487aa40a0ea81e0babc745ab859,896496,204916.0,68084.0,0.332253,500,1,74300
2025-05-13 04:15:14,7781759d68cb5e9abcd8297568e29a3b45c3e76b96bda2d714ad59b896164294,896496,2356156.0,1234.0,0.000524,8,2,1258
2025-05-13 04:15:14,0d6379a907a1433e891a8f4737586df5ab2de2015ecc2638723a4b6941420682,896496,38026.0,578.0,0.0152,3,2,531
2025-05-13 04:15:14,432ded4c66aa9fa8a4adc55d7b27293ee48f2023fbe557553369aa46d2183ceb,896496,21952387.0,6660.0,0.000303,36,1,6222
2025-05-13 04:15:14,a5cd45f2e71dcac0d9753df645a3f2d69a071b69aa655c6464298132f4ffaba1,896496,1251306.0,10846.0,0.008668,93,1,10006
2025-05-13 04:15:14,8de8cf40038d2a66d9015660113597636fe9e7404f1728d63ae3e9b013b391f7,896496,27556.0,448.0,0.016258,1,2,223
2025-05-13 04:15:14,b017ca8f9219cd94fa1db607cbb5126c88b5df1885d01378bd02edef460d0164,896496,61554.0,446.0,0.007246,1,2,222
2025-05-13 04:15:14,d7080a98364bdac578e94d14d61bd2ba300ad78d8863368df8a213f8d273a4e2,896496,9723944.0,508.0,5.2e-05,1,2,222
2025-05-13 04:15:14,2ee205d8c22f5116895419539b1d6800af58f8d8ceed4bedf015630bc12c9ef0,896496,9907785.0,332.0,3.4e-05,3,2,521
2025-05-13 04:15:14,bff9fb50afb64f5df816e2126b60def384c55b66aee4584380a947f2aafc1b18,896496,10193334.0,2235.0,0.000219,17,1,2231
2025-05-13 04:15:14,5bcc502199525d89a98d910be99f78ba277147811c44e0d39e597260213d0205,896496,2114140.0,570.0,0.00027,1,2,283
2025-05-13 04:15:14,7dc55ff64277c139a37f01d0b7d138bdefac9d52cea27d004b14d9147f61bc2a,896496,2114710.0,570.0,0.00027,1,2,284
2025-05-13 04:15:14,3a423049b383ff880a54e694d7d073170628e887be5def69103255c2e9f62150,896496,1612.0,742.0,0.460298,2,2,369
2025-05-13 04:15:14,55be79612401dcba67624696a0ddb100e1edc5a42a20618b467784011b8ccc10,896496,12379.0,742.0,0.05994,2,2,369
2025-05-13 04:15:14,beac082ef7ad7e71c659f7e56e008d048ea78b32a06dd7561744dc9474b6864b,896496,22444.0,346.0,0.015416,1,1,406
2025-05-13 04:15:14,adf5b019106fe43f0ebd7ccbbde40c31f15cde8dec9fe6721bdfcf438ba5ebd5,896496,3643479.0,292.0,8e-05,1,2,196
2025-05-13 04:15:14,1eaf5187e9deca03da6b9d5ac4fa35660c0e8ce73b7c24fa2f06e2a7bd113fc5,896496,1779426.0,292.0,0.000164,1,2,196
2025-05-13 04:15:14,e7055116a1467a3c50a86b7f97ffc0eea56e9bccd3e353f5bfae7efd093e7f4f,896496,3105857.0,292.0,9.4e-05,1,2,196
2025-05-13 04:15:14,cedbe24a38596a1511cbf3a24eb6c2e642af8f544a6c9e4390fc39e906f9e032,896496,132170891.0,292.0,2e-06,1,2,196
2025-05-13 04:15:14,8fe7e356fac1572822f3b49c3a0bd37aa8fd6ce5a078220b1c86b31edca1e19c,896496,4398309.0,288.0,6.5e-05,1,2,194
2025-05-13 04:15:14,4f1cf3a7664a5e6edd7f4da48d8228cede30c70be7e738d8e15f42076e49bfbf,896496,83862102.0,286.0,3e-06,1,2,193
2025-05-13 04:15:14,6cc9387814b7c6ef7afecf277c969a475daba41b4dff8468e406066a4ba89e59,896496,2906922.0,286.0,9.8e-05,1,2,193
2025-05-13 04:15:14,120ade016b79e9e7cd95aa419e52b2c86406940b0f3da1f640e346a7a02ddbfb,896496,5912.0,1732.0,0.292963,14,1,1553
2025-05-13 04:15:14,0165343031ce435111918a1f77127fd387fd7399cfa92aeeffeaebc38396b75e,896496,155504.0,472.0,0.003035,1,2,234
2025-05-13 04:15:14,4308b06cd02e85a6f14cb67a97f555ad0ef4b46352f3dcf7ce5fc55235aa7d37,896496,323362.0,228.0,0.000705,1,1,195
2025-05-13 04:15:14,fd88c8538dc0ac58e6e97f1365e5c9b567fa18981a7f44482e47502ce72adbff,896496,9993984.0,224.0,2.2e-05,1,1,162
2025-05-13 04:15:14,6b9a2129d02e1a679cfaadfe9b8046651ac4342e25ac09477f463dba4de6f3ee,896496,9993984.0,224.0,2.2e-05,1,1,162
2025-05-13 04:15:14,259bcd2ee48c8a30920c0d0e01b25f595efc787418c4b0b1e826981948c588be,896496,9993984.0,224.0,2.2e-05,1,1,162
2025-05-13 04:15:14,e40bd177b01f8f0c94124e57865e7fee93e8a9a742ee65bdf8030f6075110637,896496,9993984.0,224.0,2.2e-05,1,1,162
2025-05-17 07:10:42,407571465c5c6a1a96dc52fb0a89a123b586a92d427f9ccd41fe188f3ac0ccbb,897072,360979084.0,498.0,1e-06,1,2,248
2025-05-17 07:10:42,08e14e2dd3b48e51b3039428f827a797ad56ea10666e477cb3897ac9ccc3717a,897072,852204.0,543.0,0.000637,1,2,347
2025-05-17 07:10:42,1a2dcade3c10d97ed4075bd2bd085ae49fd5ffecde423eea2b6527ba0faf3a42,897072,34991.0,669.0,0.019119,1,2,223
2025-05-17 07:10:42,a002f58ac8e5f8286e6b7be46b633e879411b11adb894986fb99d6fbe663d20b,897072,192819.0,423.0,0.002194,1,2,222
2025-05-17 07:10:42,b3498940b736c533274174a59c649535cabf66ce058a1475cf87ea8fe4379466,897072,468331.0,669.0,0.001428,1,2,222
2025-05-17 07:10:42,386d5e3f2a256c72cc0d0fd0be373322090376d8a318145a3d4ab125779d1f20,897072,251878.0,1122.0,0.004455,2,2,372
2025-05-17 07:10:42,984658e442102b2652b63af955b10ec4a3db860fb0d92e98e24ebcc4e546ccfa,897072,48699508.0,504.0,1e-05,1,3,249
2025-05-17 07:10:42,a59a46b9eb805c2bc92ceb6b4b9490af0ea49fca7813339ec2fc893b3d5d926b,897072,60614.0,429.0,0.007078,1,2,224
2025-05-17 07:10:42,6f04cde3ddb4e67160a356c18427ea1a0ccafa3ef7715f04c5aa56c009af2357,897072,5732737.0,429.0,7.5e-05,1,2,193
2025-05-17 07:10:42,3b284e5f1607a6713385c823dca11f1f48b67d4b6b7d4c599d95a8a37fa6fc9a,897072,3946312.0,678.0,0.000172,1,2,223
2025-05-17 07:10:42,acc56fc150291212c0d6f1a4e691255c3434185a879e1097578d665dd1b4e784,897072,1831161003.0,525.0,0.0,1,3,253
2025-05-17 07:10:42,e9b91d9b5933963a9beec05640987fbb42ec5ba8b622f22b6e8c6d486968ef63,897072,348528.0,2086.0,0.005985,9,2,1406
2025-05-17 07:10:42,0f63e9c9000a94c239c48c880ca204a5c0b2a422d1433761bea6019dc634cf39,897072,3825955.0,341.0,8.9e-05,1,1,191
2025-05-17 07:10:42,09591806b67ed59a1b4804a4ed7afc46b007ecdfbc9ceb2b7036154397121b05,897072,516951.0,801.0,0.001549,1,5,340
2025-05-17 07:10:42,4571801a168a6bc918bc0ee5fbafe6469808d9b4104a54a092bc19eee0d11586,897072,19645.0,636.0,0.032375,1,1,189
2025-05-17 07:10:42,90af01792e853017638df9312c3beaedaeccb62d196d208a58cf40cfaaac2d43,897072,41551.0,373.0,0.008977,1,1,192
2025-05-17 07:10:42,cfc8199347eb8bb70229632348c8d30329d04f3a0038885dd18292349700ae68,897072,1930962.0,500.0,0.000259,1,2,225
2025-05-17 07:10:42,5369210c211f638280743da93fc31af5a1b924bc582bd5e9e329a28ac6c281c8,897072,11646.0,537.0,0.04611,1,2,205
2025-05-17 07:10:42,29d6e324fc96e92c042f55453b71cea1a5f8a42cd51ae29742efe4c063484473,897072,23748.0,622.0,0.026192,1,2,330
2025-05-17 07:10:42,fbc54d783d3610e01fec1d5ee878ee6bea57591341171693541108a7cfbec9d6,897072,6919829.0,36299.0,0.005246,149,1,22165
2025-05-17 07:10:42,0a8125f198f85958febc5975e2c42b13431ff6d3df3a8f71e9f01dae980c250d,897072,9300.0,1664.0,0.178925,3,5,566
2025-05-17 07:10:42,50b637a594a88c784329d2d38c21d7f0b0ce2f6eb16f14ed09e876be067915c3,897072,2092.0,787.0,0.376195,1,4,402
2025-05-17 07:10:42,571345a97af68cd0a7db72d00115c854e67910f556a95c2cb197664b1a130865,897072,6018405.0,560.0,9.3e-05,1,2,223
2025-05-17 07:10:42,86702bb568b2109c1640d0ee33b93251ba31867febb3dc1cbe493653b7dc79e3,897072,299658.0,888.0,0.002963,2,3,322
2025-05-17 07:10:42,4a119a5490bdd9fbc534fb24734b32bc98c8b5fff5e81e6a9f631a8915c304d2,897072,1794.0,936.0,0.521739,2,2,365
2025-05-17 07:10:42,fa75e09d29cfd34f21997a644a583a4ad43f94d3e08ec5f7057332389adeca9b,897072,123769.0,396.0,0.0032,1,1,150
2025-05-17 07:10:42,6f7edaef8dd24f0adccd3f73fbba7c41195e13057d45b97c05407515f203f194,897072,17815.0,532.0,0.029862,1,1,214
2025-05-17 07:10:42,60cb097afb99cdae654832e63feb3edfeac8d95630e95ed41815fb423d38bc3f,897072,9698.0,848.0,0.087441,2,2,312
2025-05-17 07:10:42,9fb9057ea4d1d7079639058042140a26a5d811bc51c6c425001f791c9ffe7a25,897072,36987.0,936.0,0.025306,2,2,366
2025-05-17 07:10:42,b09b40fd106b93be9e53a314d4d4f7a248268ee164a08954b51967614999f10c,897072,91659.0,660.0,0.007201,1,2,246
2025-05-17 07:10:42,6a982820c75670fd606d2036f5e98cacd5739ccab73ff8ed9e7a57467db80b04,897072,7731.0,785.0,0.101539,1,1,188
2025-05-17 07:10:42,d6614ec28e01e6caceb8219fba070613ff38d356f6cd1f5c60be7ac57ad59c71,897072,191880.0,958.0,0.004993,1,2,224
2025-05-17 07:10:42,37341b8e56e596fe838d6c8f5c0b320139f34a004cbc3e329b406a631c6deb77,897072,97762.0,523.0,0.00535,1,1,192
2025-05-17 07:10:42,d0f4deedd315fa54b6d178b84abbe1e9825b148b98061e469c3545936d19214c,897072,19806.0,523.0,0.026406,1,1,192
2025-05-17 07:10:42,2b5897e42409301953da799ce02248f39e4b97f50d33b95e04fe9aff696fa416,897072,936525.0,523.0,0.000558,1,1,191
2025-05-17 07:10:42,178fb896f0312f74ecb42c548085249b0b9992101a05899a993a7186b1598ba6,897072,25630089.0,1064.0,4.2e-05,1,2,223
2025-05-17 07:10:42,230190c0f3dd2ce27da1ede5eaad1cb7669214b8f6930730a115438e06253527,897072,116209795.0,1061.0,9e-06,1,2,222
2025-05-17 07:10:42,71e18033beffca27796a7d96bcf74ba54a43649d57d1ffc84132a60b712f9477,897072,69320.0,1000.0,0.014426,1,1,191
2025-05-17 07:10:42,fe768f2fccdcc041cc054d0ab69cd28b467658a263b1f24cd716c682f3ce44ca,897072,1402.0,576.0,0.410842,1,1,192
2025-05-17 07:10:42,e17c5c17843b36844d5ac075c6f43700bac3c68c5a954a23531eff9be1803461,897072,233874920.0,1901.0,8e-06,1,4,346
2025-05-17 07:10:42,468f39838500b730d63a12548f3db2290964ed2a34935c5f2998da712ed65a88,897072,33821.0,612.0,0.018095,1,1,191
2025-05-17 07:10:42,ab2e9ab256997a5b6f2cd58fdd388f7877bcab364365caceb912d3de353c40e8,897072,1263553.0,1146.0,0.000907,1,1,191
2025-05-17 07:10:42,6480807775e9305eb675ceacce516f81fe2673e961be3404372dcd0f78345332,897072,100375.0,1204.0,0.011995,1,3,253
2025-05-17 07:10:42,b880d9ba434d8368c24b60eeb6423e52a0a6315d85fdbf81a021bdb8842c7d26,897072,5020832.0,1008.0,0.000201,1,2,194
2025-05-17 07:10:42,a3a16b6e4479b9e619a6fbfdd63eb0eee0a8053664eccc5bd14e1f404f8e9a5c,897072,123633.0,987.0,0.007983,1,2,221
2025-05-17 07:10:42,1b39c61cab0b5cdd2391624ec2255cb3f4bfb15486687ebe2b4316953cad2b51,897072,406264225.0,1022.0,3e-06,1,2,225
2025-05-17 07:10:42,4b15578bea13a8ed5c077161f6b9f1269b85a97fac053ab4c2d02d25842927dc,897072,534779062.0,4956.0,9e-06,2,3,697
2025-05-17 07:10:42,129f02e90c58adec6e1b12c9647e1254d48a493335720e5da26b801cdcb3f961,897072,198413.0,1022.0,0.005151,1,2,224
2025-05-17 07:10:42,4aa7ae8706d57f010df20ad1843b69a06223f47415e0769155ef3080aa27259e,897072,46682538.0,1901.0,4.1e-05,1,4,346
2025-05-17 07:10:42,0dc5d9ea585b4e7356e48384e4aa04caaff8e20ee22221c15196d9d3c93afe94,897072,59782471.0,2172.0,3.6e-05,1,5,475
2025-05-17 07:10:42,57d661adf755c7b0813554372b3dda6a1c615287ac2b7b7e6dfcda9b7a645c5f,897072,90380199.0,2630.0,2.9e-05,1,4,345
2025-05-17 07:10:42,0781cd8f9f90a903257d8c72f3bf2ada6438578756effb108743c2f84b2d8587,897072,278192939.0,2281.0,8e-06,1,4,346
2025-05-17 07:10:42,7a9d9f6cf33892d5d7568f022ba9e74271d837cb3cb152ced0a46f1f05219f53,897072,8086219.0,3421.0,0.000423,1,4,345
2025-05-17 07:10:42,8200538fdbc56e1e9ed0c853daa82912f505eaca570d44545535f9e64e0fbb1e,897072,480194.0,1130.0,0.002353,1,1,195
2025-05-17 07:10:42,1f5e687be6e962e193d443f2959b0c0a3a5b3d15ea9dc2a67bafde1df33e1b56,897072,293842.0,2260.0,0.007691,1,2,223
2025-05-17 07:10:42,f8b5859e465509c250ddb529b14c0292dc33a896e6ba49158d1cc025163d6fc7,897072,25271374.0,4046.0,0.00016,1,9,444
2025-05-17 07:10:42,3fac04f872178db166f4d78a0409a3650344cae28c879354d89e5e2f0a5fee05,897072,84625.0,1375.0,0.016248,1,1,195
2025-05-17 07:10:42,cb4f684d02fc500578d4cf23a3d720d854e49c7148d11141173547949263848c,897072,1062704.0,4573.0,0.004303,4,2,669
2025-05-17 07:10:42,af528e28fa91eb5c8cb70c4a00a836296c5264f3fd437c452721619f342404bc,897072,486194256.0,2913.0,6e-06,1,3,411
2025-05-17 07:10:42,e29ec5890e33fd3dae3a4dd13106fad0a4cf5f3bffff80499ed6f9f8d698a44e,897072,159212.0,1450.0,0.009107,1,1,153
2025-05-17 07:10:42,8a76c8c9ccf3c03bc2518f1eaf3cb9d40a516af4edc3eb1356dbb19fad517829,897072,33621.0,1695.0,0.050415,1,1,194
2025-05-17 07:10:42,b3ba48d421b9816583017c97d504e2c1074c5cb7d967839dda18b9e770d020bb,897072,16766860.0,3140.0,0.000187,1,2,359
2025-05-17 07:10:42,2439c1d5a218a1bb50b22adbce28df058634f2578b86fd171f79cff5450e0ade,897072,16766860.0,3140.0,0.000187,1,2,357
2025-05-17 07:10:42,c0511cd39d0234f90f3049e81efac03ced68abf8c686fe3708acda8e90f52b47,897072,1003280.0,3247.0,0.003236,1,1,191
2025-05-17 07:10:42,fc3ea9067070235d589d623afa15cbdde845e364ccaacaedc0d519f2be412a54,897072,30113080.0,2920.0,9.7e-05,1,2,250
2025-05-17 07:10:42,a124c89ff35f0a298b1866c73bea60d2afffdcc9ec35418d75f99045e233b50a,897072,38837207.0,2692.0,6.9e-05,1,2,222
2025-05-17 07:10:42,28af0395db9c767c7c244d7d79ba6ed4cbafddbc271fdb2d47cbaa59fc59bb0c,897072,15789914.0,6660.0,0.000422,2,6,495
2025-05-17 07:10:42,488972b00e3882019d4cff40eb21c6da7f7cfb49c98199c49ad005bfa7f0613d,897072,127197096.0,2835.0,2.2e-05,1,2,222
2025-05-17 07:10:42,f737800725134a83aaafa5e610f820cef55661a58714c12b9208bc7dae96fd92,897072,8101256.0,5324.0,0.000657,3,1,499
2025-05-17 07:10:42,b68c505c49758bf554a355c5a087236b2d1e9f988b111c6bfb903783f583e79e,897072,40703997.0,7221.0,0.000177,1,4,346
2025-05-17 07:10:42,bb0148f69a391cba53cd2443e439cb116682db85f437f7e236761b8af2214418,897072,33000000.0,5470.0,0.000166,3,1,487
2025-05-17 07:10:42,9614bdca9e558cf005850bec7f215a134a0ec17f2e6d36c232e7c5a03bd6bd63,897072,424240706.0,2580.0,6e-06,1,1,192
2025-05-17 07:10:42,070ad8b41d55e6bc65ecd9956baa44699e3871572a9545c4c4bd38852dd75f90,897072,30371.0,2719.0,0.089526,1,1,195
2025-05-17 07:10:42,1732b992f11c5d68a68976cd5f79b176fdcca0bed1876898bb3cefa7497ce2a4,897072,313439.0,5064.0,0.016156,2,2,372
2025-05-17 07:10:42,f860754dbd69cb6291fde0f21b67956a40db6fa9df608b9b46d9fa315b7c8305,897072,96004.0,3480.0,0.036248,1,2,226
2025-05-17 07:10:42,b56fac32ff0122734217b570716c97f86c258a4bb5119f4ccdaebfcb1727efdf,897072,1146496.0,3454.0,0.003013,1,2,222
2025-05-17 07:10:42,d800a24e03a7a195cc02b23f2230ec482165cab8f98b1639fdb33ef0af177994,897072,2901934.0,3454.0,0.00119,1,2,222
2025-05-17 07:10:42,35899d09d5e21960943ada7ebe5c3d3cb40b8bf82ebd009576213099dda3e722,897072,1161645.0,3627.0,0.003122,1,2,222
2025-05-17 07:10:42,4275a9f00fca3c59be64775ac1b0facaeb2434531f8ca1060c90b8f118409f64,897072,3015294908.0,12948.0,4e-06,1,10,499
2025-05-17 07:10:42,b0f5a1945cbf9284df70b172b754ea3a90f1b9c7b45e09ee92243020cd8923d0,897072,59055.0,2860.0,0.048429,1,1,192
2025-05-17 07:10:42,ceb19d8cb23b4932c2d924736bd95283c3a9f4d5695110798027a8736694dcb6,897072,3415216.0,3666.0,0.001073,1,2,222
2025-05-17 07:10:42,a19049b03c3e92e1c0bc3b9e9d3b6ba8a97dc98cd70e3d3e1abab1784da72728,897072,1332068.0,3666.0,0.002752,1,2,223
2025-05-17 07:10:42,16bd4d0d743d6fef642bf883884dad52f1f56769cd12b872efe9fd8bebc9749e,897072,30538576.0,8164.0,0.000267,4,1,637
2025-05-17 07:10:42,60cddcd6c50bcee43037e64fd00526f774ee50413f149b3f9c9bd5c85f82d4d5,897072,87732.0,3783.0,0.04312,1,2,225
2025-05-17 07:10:42,bb4a092df35eac79289fc7f5ebf329448f78ac36e5887f12ef4ad5a134211652,897072,1095412.0,7486.0,0.006834,3,2,522
2025-05-17 07:10:42,b0bcf4612b3c77277d2d443de4059fac55b96f3f70cc5d3548cbeabf9af86382,897072,1738158.0,3843.0,0.002211,1,2,223
2025-05-17 07:10:42,a7c21ceab5cce3744a8f45a92d6e039c5489fbfdc533268cd23540d6b54bba48,897072,1171332.0,3843.0,0.003281,1,2,223
2025-05-17 07:10:42,6e9449854fab4de49fd69bad9f29ff53ef9108a262d01582e1ee83f158c2691c,897072,6549975.0,5630.0,0.00086,2,2,370
2025-05-17 07:10:42,01527c952f5e779cbbf6c22c15f6d6cb42dffd0826b5857138c4d5394d402a6e,897072,1080764.0,9393.0,0.008691,4,2,669
2025-05-17 07:10:42,79d95e5dc4ee9c3ddd7af6127940f6619e184bd529386a6f0684cf661122b7b2,897072,1088741.0,3898.0,0.00358,1,2,225
2025-05-17 07:10:42,dd871c1752196a17d9b2b5abe533b4da655dcf69fb6ab6f2d4fe298eb46a8eed,897072,1105944.0,9312.0,0.00842,4,2,666
2025-05-17 07:10:42,f3028bcb24409bd70ad32e27cc337ca2809c15555a786a75ab193c11a72459ce,897072,134814.0,3953.0,0.029322,1,1,336
2025-05-17 07:10:42,81ba25c5be95dd7fb7df8e4696ab15a413c8e9339721c9fc4a0bf736ccf445fa,897072,105199722.0,6092.0,5.8e-05,1,2,225
2025-05-17 07:10:42,7cc3fb6b71bdd0c6ca4af5746881bb62f430a44150ac65dab909e192e5ebfcbc,897072,1196994.0,3006.0,0.002511,1,1,192
2025-05-17 07:10:42,ff3c3c9e33796c32d72a11ce7961afa506432dc91762baef913e3c396e6cdf12,897072,2296022.0,4522.0,0.001969,1,2,246
2025-05-17 07:10:42,9abf2dfcc8cfb4e464ff6a0316b986a94d5a85898b68add42c88bd6d86dd19ba,897072,702158.0,5796.0,0.008255,2,2,371
2025-05-17 07:10:42,8aade8dc4c1cc1cda2c4d091f94887c815e817c7a05b11d4df9eaf751c5d5e06,897072,272303.0,3948.0,0.014499,1,2,223
2025-05-17 07:10:42,ede48bcaa1aa4eccf3e0e55214ff1c9546e7dd41bbff89f18de4b32e236c0eb3,897072,481823.0,3080.0,0.006392,1,1,191
2025-05-17 07:10:42,fc2d91627280f0141a5801ec85df52bf4857317aae0e22600be470b8afd4889e,897072,106292.0,3164.0,0.029767,1,1,194
2025-05-17 07:10:42,1c824afbac0a2c251601dac3d6ae318fc8e0f666f8a5be182219094593dcc598,897072,81322.0,4032.0,0.049581,1,2,226
2025-05-11 22:58:45,f3452ecaf02d8058fd3a54876781d0586ef92a51375cd627ef19845a809f8b4e,896321,742993.0,322.0,0.000433,1,2,225
2025-05-11 22:58:45,3a307044272b5c64de67e3d9a824529822c786f914b437d327fba3bc3f87d045,896321,4060212.0,322.0,7.9e-05,1,2,226
2025-05-11 22:58:45,f699c983886691e1f0e9e98bf982088fa37946d9e39813642e0ae0207dd24542,896321,304624.0,322.0,0.001057,1,2,226
2025-05-11 22:58:45,0f8c61021a4a3d20fc35f0472955d517db010003f059a38b40484cec77dc4635,896321,27050.0,322.0,0.011904,1,2,226
2025-05-11 22:58:45,80e6afdbdf06ed82bf1d8e02d78c167270082a46f90db5ca937b618edb414d34,896321,2100014.0,322.0,0.000153,1,2,225
2025-05-11 22:58:45,d06ea43c31c365ab5f5f10690a8631ff677c21f9fbe0cdd4fbdbc3aa7e9c1d22,896321,92233.0,322.0,0.003491,1,2,226
2025-05-11 22:58:45,788290c21ac0e601c3931d3dbb2f6085c308bca634bbb76da8c4bdbede26671c,896321,387156.0,322.0,0.000832,1,2,225
2025-05-11 22:58:45,73d856189e1f0ee3739a6ab606e3552d40c7df2fb3c6490aeba3fab217881918,896321,63124.0,322.0,0.005101,1,2,226
2025-05-11 22:58:45,5d676098ef2e013a61dfe21a7af73ff1aaaf7f29926380136e273f72091bc888,896321,296454.0,399.0,0.001346,2,1,341
2025-05-11 22:58:45,542d8c6721f15dc3637f18d4bf3c7569e0ab30328c6f2ea230e10d9df91d8c67,896321,234862.0,399.0,0.001699,2,1,341
2025-05-11 22:58:45,8798cb4b10e9d6800467b44dd2bf1973500066523a577b47951c67b1482adf51,896321,115451.0,399.0,0.003456,2,1,340
2025-05-11 22:58:45,f42fcba669611e647aba616ce6bbac363f53c421910be458b29872f6e6fdbe39,896321,34346.0,399.0,0.011617,2,1,340
2025-05-11 22:58:45,c268e879f4992d3b9de63cc0891ade6d0fcbe64cd3821f9a7ed20ba55e4e8169,896321,281876.0,500.0,0.001774,1,2,223
2025-05-11 22:58:45,b62be63964c2a27b48be1d3af17b2c6696cf03403bd0f1377b43952feb3f75a8,896321,544086.0,500.0,0.000919,1,2,222
2025-05-11 22:58:45,a42f8dc776b40100650fb2680a37a3e2a97dec5c66a71dd7957d797241c2df17,896321,645556.0,500.0,0.000775,1,2,223
2025-05-11 22:58:45,f7a226766db4484ce9a0988397cc2d9d408f301c00afb4a21dabb02d0fe90df1,896321,734719.0,500.0,0.000681,1,2,223
2025-05-11 22:58:45,c78550478836bf57e25eeb1693c10b8110380daafd593e39d34314449a3524af,896321,385777.0,322.0,0.000835,1,2,222
2025-05-11 22:58:45,42ac23fb334324280a9c439a80376dcaca268aa450d3b9bb2a67ce37d1c14bb9,896321,578514.0,465.0,0.000804,2,2,371
2025-05-11 22:58:45,3f806630459c746be9cc9599d1dc008144fb83868db25e034f19420ebc614173,896321,50857.0,322.0,0.006331,1,2,224
2025-05-11 22:58:45,31c0fa437def3cfa24f41e8681971f22055317bcff94b109982f4417bb09462d,896321,500495.0,500.0,0.000999,1,2,222
2025-05-11 22:58:45,db5ffcf809809aaf7b3ac8ec7ad351825c0e0e1a98f20ab5ee2549b4de7b4301,896321,78610878.0,500.0,6e-06,1,2,222
2025-05-11 22:58:45,8dd72b5318e53eed6264982f48c88e29c19c54957c0dd9901eebd779b35c0d70,896321,577379.0,478.0,0.000828,2,2,375
2025-05-11 22:58:45,cb7703d9130f8fdbfe1e0ac60265af9c644f043f51bc9ab3347115839fe08783,896321,54250.0,404.0,0.007447,2,1,341
2025-05-11 22:58:45,c1da0d646eb4a9dc86efe66f366aead1a3114fe39bf09301765899764a0baa6d,896321,183087.0,1323.0,0.007226,8,1,1231
2025-05-11 22:58:45,f6e40bb29d7bb65e8b111ae031c31fd09dcf7e85243c193739f47409e9a19429,896321,42496.0,504.0,0.01186,1,2,223
2025-05-11 22:58:45,3f73ac091ef3e8b8ea752beb5b23aa8ce53add4c5931f1cdd26652e5b73cd225,896321,47209.0,504.0,0.010676,1,2,223
2025-05-11 22:58:45,11eaa9e3ffd07ba7280f9e7f0cf8b07ec692378085f41bb9794de10531a931fe,896321,393349.0,322.0,0.000819,1,2,223
2025-05-11 22:58:45,dfea03bbed43436a1d43677b23fe020c39e6c90eab38340d1ce62b3543d4ddcc,896321,193717.0,322.0,0.001662,1,2,223
2025-05-11 22:58:45,51ce007585366535e66d8f66fbd763a3c421cd730c7a9c705d7d8743bbdabcea,896321,239228.0,322.0,0.001346,1,2,223
2025-05-11 22:58:45,7a65f73e48242f8186132f99ae3c68ca41886462ba98ffe2cd14d36c11bf80bd,896321,177667.0,322.0,0.001812,1,2,223
2025-05-11 22:58:45,e4c7192f1346cd7f2c13cb3795f8456237e9f8565c3946e5324679e307de7dbb,896321,5503784.0,322.0,5.9e-05,1,2,224
2025-05-11 22:58:45,f737181a2b775e4ad340c32818485180a27de6d58c28533c8e138b67f7a7c89d,896321,28949.0,322.0,0.011123,1,2,223
2025-05-11 22:58:45,5cdcc94664a15be8dad805b3faee7771d2cda70f166addf28aa2d1753a6ccb95,896321,260272.0,322.0,0.001237,1,2,224
2025-05-11 22:58:45,0324921c8a761e67ff75c5a7c9d4f9a4bb0052122ce8ecb74fc34080d64cee8e,896321,1037860.0,322.0,0.00031,1,2,224
2025-05-11 22:58:45,ec6776ab4a99b89d4cead021db5ba754c44b8b66fdc2046e100a6b03bd81328d,896321,86992.0,322.0,0.003701,1,2,224
2025-05-11 22:58:45,243e1a5aa0773acaaede79b1280fc14f8d4aedaf6ab03a8b7f60a25a9699258c,896321,1048819.0,322.0,0.000307,1,2,223
2025-05-11 22:58:45,63ff81868e09c41db9265f1f28a251ae6f38b132a6fdd3458ca4b11a32beaf80,896321,173748279.0,322.0,2e-06,1,2,223
2025-05-11 22:58:45,438cd5f83754dea0368e563fb3fb6d5bb05e26330547a5a22fe16ca8b32aa461,896321,59091.0,322.0,0.005449,1,2,224
2025-05-11 22:58:45,224104ca9b26f83edcbe075cd23cfdf9fd37e74cc6cd50f299e2ef722c3cea59,896321,95807.0,322.0,0.003361,1,2,223
2025-05-11 22:58:45,fc78731d0a3e2f20306f89443b52525de863d6bfb41021ac63b687dcd9c66c49,896321,970639.0,322.0,0.000332,1,2,224
2025-05-11 22:58:45,ae74bc8e26d811fb347ce8c611f4461e3a8625a416ec5afc47246f2c97006eb7,896321,64496.0,504.0,0.007814,1,2,222
2025-05-11 22:58:45,040ed728d3b9b5c87bf213b233bc410eae4498735edb49e6bad23e3326a270d4,896321,411832.0,257.0,0.000624,1,1,194
2025-05-11 22:58:45,0df3b2c11b7e019883b5cb7d555dcc204a2fdee4d25cf4dcfca66b316852a2d1,896321,89580.0,257.0,0.002869,1,1,194
2025-05-11 22:58:45,5ff0bbad018badeee8ade119b62a9a440c0dcb04aa3cd9fbf7e0d50cd28bb489,896321,128884.0,257.0,0.001994,1,1,195
2025-05-11 22:58:45,6640d4f0497d701195b212e3a1054d444cd4ec5726be74ab06a11d2bd7baad7f,896321,84369.0,257.0,0.003046,1,1,195
2025-05-11 22:58:45,b52b6f46742a05584aa59a1f29091cd246ce6aacc66bdf362a6c05ac52293561,896321,43151.0,257.0,0.005956,1,1,195
2025-05-11 22:58:45,7b41046d421c2231d2b7f8c0e3fa1b65497d616be82dd11e5662d17828c6be53,896321,772268.0,257.0,0.000333,1,1,194
2025-05-11 22:58:45,926789b2df5c70c9edd9d45f0867a441db27aea61a44566a41e057698d6a4749,896321,509193.0,257.0,0.000505,1,1,194
2025-05-11 22:58:45,f87129dd1bdafc73a1c020c9951cea330fbc55fb741949a0752e9b3b2258402e,896321,105709.0,257.0,0.002431,1,1,195
2025-05-11 22:58:45,82a60e9d3ddf7d6702657c04ca60320a6b41f3d7dc9fd66f8691cf316f97b325,896321,47757.0,257.0,0.005381,1,1,195
2025-05-11 22:58:45,428b8d8a2b24354aa8dc479b69f1192a69d4a9bfc5eacd4cda29f3642f92d60d,896321,11440.0,257.0,0.022465,1,1,195
2025-05-11 22:58:45,3ffb8731ce9b9edac586bbd2cef38e073dd4368cf3e0ce656fa189d3b38efd9a,896321,37198844.0,328.0,9e-06,1,2,225
2025-05-11 22:58:45,8ed28f219198c15e1e9df57a7904e2b463fe59e965ac31581dc6fceffd7d9390,896321,327301.0,664.0,0.002029,2,2,374
2025-05-11 22:58:45,13ad39cb7d48d5c486020d0bb6f650be4365666b33248b0a33772754ccbccfff,896321,18336.0,322.0,0.017561,1,2,223
2025-05-11 22:58:45,7f64c97075f6dccadcaff9674826b78010097775d7ff06c135dc44fa2fc1c5fe,896321,95860.0,322.0,0.003359,1,2,222
2025-05-11 22:58:45,64eb17e66b5aff7632ac98ac832f03ab8c77f62f95bd8ff0bedfbe3463d063fc,896321,575283.0,322.0,0.00056,1,2,223
2025-05-11 22:58:45,3715e434d912c742a6525016fd3881364281a0506d676f0e5867037328ed29f0,896321,28548.0,322.0,0.011279,1,2,222
2025-05-11 22:58:45,e31d31d9700a4d5635a0f1f45ce0e7d5e071a59591575687ac20ff26921a05f0,896321,46628.0,322.0,0.006906,1,2,222
2025-05-11 22:58:45,0ed684d2e5bdd7d32edf64c0f2beaa3a8f9df1a068d84a98ac1ae36a961603f0,896321,59703464.0,322.0,5e-06,1,2,223
2025-05-11 22:58:45,0354ce6bda36b03a4fc7a79f955ec45d69b0478e7f94cf54afac9b7260393ae8,896321,783482.0,322.0,0.000411,1,2,223
2025-05-11 22:58:45,01b6f24d34bbae806ee71f848417f1c0009836fbc9ad09c9b221f5301c54ebde,896321,41015.0,322.0,0.007851,1,2,222
2025-05-11 22:58:45,00bfe9382a0c8d7c386361d9e8e4a7cb82bcf6a4370812e1347a67411af89fdc,896321,858380.0,322.0,0.000375,1,2,222
2025-05-11 22:58:45,d829f10926e7f2c6b883ae4be6bce32cee9c95874f45532d39426d312a3ac8d6,896321,91497.0,322.0,0.003519,1,2,222
2025-05-11 22:58:45,05673067fa8fa536e30b7b1b4cb4a797bbfef7f5cf5fd2ed93c5808b3a2a3fd5,896321,17678.0,322.0,0.018215,1,2,222
2025-05-11 22:58:45,d78d3278613066db6a2afb353fe2ca63872e57508f9fbb9d8ed731d3da0a8dcc,896321,201678.0,322.0,0.001597,1,2,223
2025-05-11 22:58:45,350f78374d42b46a3e6879ac2195fe9f9a3c9890b27e417490119ccc443c50cc,896321,412902.0,322.0,0.00078,1,2,223
2025-05-11 22:58:45,e497cc1013b2076bd5b4133da168115101ae008a1d766eb1bff7511a626a25c4,896321,8787987.0,322.0,3.7e-05,1,2,222
2025-05-11 22:58:45,74e0aaed19bc14dce30bd227254e47d81ffc454a6e995a7b3b105b1fa1dc76a5,896321,917085.0,322.0,0.000351,1,2,223
2025-05-11 22:58:45,3442c600b343519c767a9b6d4b056b3d13f0ea56e60fdce94b3906d637ebeea3,896321,448972.0,322.0,0.000717,1,2,223
2025-05-11 22:58:45,5acca2844646db58e26e3eac974eaded24374fcf650d09b3a0a445885e4dbca2,896321,957294.0,322.0,0.000336,1,2,223
2025-05-11 22:58:45,18e58ccbcf75e6779bd1e4e583fd814e526dc3cb38887724e821487a8383729f,896321,163468.0,322.0,0.00197,1,2,223
2025-05-11 22:58:45,4092709f325f1130c46587af340de52ddc1becdcbd22632b27b44e2099b0c49d,896321,421213.0,322.0,0.000764,1,2,223
2025-05-11 22:58:45,757d53a65051cc710877d1c163b38af49a8f77a1f148c909d9cf59184048bc9b,896321,142953.0,322.0,0.002252,1,2,222
2025-05-11 22:58:45,7a1d34a5bda5d10907f12b982ea9f683d8a5f57e9c064764b7ed54078972e096,896321,27946.0,322.0,0.011522,1,2,223
2025-05-11 22:58:45,1329c36de585828ef9e36542ef6f82054aa7986894fc332a0f3fe8c94ecedf96,896321,239454.0,322.0,0.001345,1,2,223
2025-05-11 22:58:45,0c30359df8cf8c2994f72ba387105b5fed5ac153043f3be7afcb9485cec00993,896321,61437.0,322.0,0.005241,1,2,223
2025-05-11 22:58:45,f9ba3c04bc0c2dcb78d697bd8b92e92d1334ff1be391ab4a4721cbf521bba090,896321,77259.0,322.0,0.004168,1,2,222
2025-05-11 22:58:45,9bf824f04285ad53565cf2b41b33b46b093f5368ede1057308bba437c873ba87,896321,3771798.0,322.0,8.5e-05,1,2,223
2025-05-11 22:58:45,f7722469fc9fb452e193a708389158fc133f35793823cb94e51652f071663f84,896321,62615.0,322.0,0.005143,1,2,222
2025-05-11 22:58:45,0f2ffb89823396899df76aa7c153efaa1261e0a518ba8bc08560edc09b425783,896321,32830.0,322.0,0.009808,1,2,223
2025-05-11 22:58:45,b4aecfa3c7fa2c5b42702812f85e9022114e362721edb1282837a2535ab3cc76,896321,630050.0,322.0,0.000511,1,2,223
2025-05-11 22:58:45,67357b4a8a94352d157ffaab23b682fa62f5dc276eb3d4dc2707f14f63e64076,896321,4543595.0,322.0,7.1e-05,1,2,223
2025-05-11 22:58:45,0c852f01a15b2445cb876c00fef8b2444b16139dd7b2fd57c34a877d9a232972,896321,243187.0,322.0,0.001324,1,2,223
2025-05-11 22:58:45,8291b00f48a706c7cd38d4a13d3fb3e182ce24b419b9f51290a6f2263d2dbe6d,896321,4349865.0,322.0,7.4e-05,1,2,222
2025-05-11 22:58:45,2e876fc7fc76e139edb07934fc6de8bd41bea62068b34a1f6e3204d0ed8c0565,896321,268569.0,322.0,0.001199,1,2,223
2025-05-11 22:58:45,e4897d14d26a095e22af9924bb9ecebb53cb07bd68fd098107918da757661260,896321,85311.0,322.0,0.003774,1,2,222
2025-05-11 22:58:45,60b4ec4ea46b4f2212d5410ff5c8879a206f2eca18f8e7d72eea91bd10fb185d,896321,34005.0,322.0,0.009469,1,2,222
2025-05-11 22:58:45,b80b962b1ada49811a5556865179c7d458dbeb85856aceaffb95d35748c27158,896321,79587.0,322.0,0.004046,1,2,222
2025-05-11 22:58:45,ada2ef569bd1af19f1269b870aa98427ddd173078148cc68ceaa1797c19cc755,896321,108300.0,322.0,0.002973,1,2,223
2025-05-11 22:58:45,a666b739cc2c6bcc703ba2a1910b1f4d982b27578f10412ca8654f83f8708d55,896321,1206354.0,322.0,0.000267,1,2,223
2025-05-11 22:58:45,5ae999a5c2f22c7f74972ca71effc5b1fb458cc6383d257398f87165cae24e84,896321,1306676.0,322.0,0.000246,1,2,222
2025-05-11 22:58:45,b523ca4dbaf4eec09dea49d876d06605c40688fdf54fd5c8e431a9e8d4523851,896321,1257606.0,322.0,0.000256,1,2,223
2025-05-11 22:58:45,6e45267d3794cd884aef44eb6ac404d7028c75eaee41cf1e22799415f189c34f,896321,902535.0,322.0,0.000357,1,2,222
2025-05-11 22:58:45,39b35785e3bb979becbb3875ca93f1df23cfd1ca44dbd22ab8436eb8409a9247,896321,202595.0,322.0,0.001589,1,2,223
2025-05-11 22:58:45,5df2d3614e1a3d575fa9bd112f0c1d683ab9a3d8076b3e2a3849139090a02746,896321,30435.0,322.0,0.01058,1,2,223
2025-05-11 22:58:45,86aa48ca6ef4cf5b080b3691b642b5f953618ac159a7942dd7417faf5b663b45,896321,216157.0,322.0,0.00149,1,2,223
2025-05-11 22:58:45,2477814555a5267b15aa1f138457e3ea91bef172f922ef126616650e7ea2a844,896321,972487.0,322.0,0.000331,1,2,222
2025-05-11 22:58:45,b4f5326c49181466f4b4842c249f146d8df7785fb6fc218a26244da2e7e7d343,896321,37970.0,322.0,0.00848,1,2,222
2025-05-11 22:58:45,dfced8743efe206be852ef77d1e58c6947ef444a9013aa07c81331989dd24c43,896321,384269.0,322.0,0.000838,1,2,222
2025-05-11 22:58:45,4af80991a893eeddae78da2f2bd273d6210c21fa53b6f88a938031d694d80a3a,896321,98134.0,322.0,0.003281,1,2,222
2025-05-17 10:23:47,b525f5f953e21301c4cffe1450731f0d96e1ca32b87da75e57cbf37fa6894e4e,897086,437929832.0,7752.0,1.8e-05,17,25,3303
2025-05-17 10:23:47,55271d987af1626549bdde805d2bdee07e7b3c4652507fec1faa46ffcb8169a9,897086,435546320.0,7324.0,1.7e-05,20,15,3437
2025-05-17 10:23:47,dc113e51198706c8186df1d7dff4595efee8fa74063452fa8b9103bc187d9962,897086,435553644.0,3430.0,8e-06,16,20,3000
2025-05-17 10:23:47,5b54b71359f6632bf367a0a2518127e9aae7d99ff2e233cfe3dd4eaca7a92872,897086,58540.0,460.0,0.007858,1,1,217
2025-05-17 10:23:47,da2ec0c3db793e19dbb2f11dba90b86b1f4d67813b3f04cf33f4674065459c80,897086,197992947.0,762.0,4e-06,1,2,225
2025-05-17 10:23:47,d68c46444f750fac31d760e60a0906c38d1ca26ec75ac880f71a098ec0b4fc16,897086,186888190.0,718.0,4e-06,2,2,374
2025-05-17 10:23:47,84f9c4eb051a7a8d6ec2f1776e4c91d7d8233fd0f3afae2b46f08802f0e861b5,897086,160209931.0,752.0,5e-06,1,2,222
2025-05-17 10:23:47,de49e4dc3018382dc3bb5a562f7453999382310d3dd0449f070e458f1593d172,897086,99877254.0,478.0,5e-06,1,2,223
2025-05-17 10:23:47,2e027b141e4597b2334f984224ddbc75d5050484596c6ac915fe0ac7c60a9ef4,897086,3575071.0,482.0,0.000135,1,2,223
2025-05-17 10:23:47,c88d15f0ec12fbb08f724ad1936eb40edd59e81f2b28dfba131fdccd1d7f8519,897086,1621828.0,482.0,0.000297,1,2,223
2025-05-17 10:23:47,c8cd49ae17f98675d5a78b89a0316bb4f557130977ec56cdcb43a3d077eeb9c9,897086,546.0,476.0,0.871795,1,1,313
2025-05-17 10:23:47,f1084a1331b618fc8e5bdc9b64a81fe47d61092fdbe5677e1551d2fdf88d9a0e,897086,546.0,476.0,0.871795,1,1,313
2025-05-17 10:23:47,175d434e8c4b7f8ec55e31fea84d0f2b47d68775d3a73b3ce0d365472966babe,897086,55560.0,666.0,0.011987,1,3,277
2025-05-17 10:23:47,9561214e0c0d837912e2e8a0c8d61332516f12ec2836d374ba2d95c775afd6d8,897086,613780.0,758.0,0.001235,1,2,223
2025-05-17 10:23:47,f6520bca69f179e29447a06b6d65114eaaa0ca89017e9336dc2e2f6a0232bdc9,897086,57146.0,385.0,0.006737,1,1,194
2025-05-17 10:23:47,f36499520f931a8bd019afe324aa3505b073738267b9e2d4aa334c43435b85b5,897086,256315.0,385.0,0.001502,1,1,194
2025-05-17 10:23:47,d4a4c6c1622cb295aeb73c556e8c0c1dfdf4aa08cae72865157dac7603cb5f96,897086,289317.0,385.0,0.001331,1,1,194
2025-05-17 10:23:47,a17473e1ba736a5b18eccad3046a53bb01a9c6af3a0b020e8ce716efe321b818,897086,123478.0,385.0,0.003118,1,1,194
2025-05-17 10:23:47,b0dc0fa663eb0ab71326a4a5780e55f0c201175b8f436c9745303b6c33163f14,897086,23870.0,385.0,0.016129,1,1,194
2025-05-17 10:23:47,716c422aa1619899bf253a5d08c62b6679607f1a361fc4950bc12f083a887765,897086,189288.0,385.0,0.002034,1,1,192
2025-05-17 10:23:47,d3ba822c571f811d93fbfcb80fb2f51d65d22b947d2199cf80e467379918fe23,897086,204171.0,482.0,0.002361,1,2,226
2025-05-17 10:23:47,4caf56ac94623bbbc166f96004912fc55ce6e6dd7291685e1040c005e0d0e1e0,897086,3053480.0,482.0,0.000158,1,2,223
2025-05-17 10:23:47,548fa2d332bae171b9dd79bf18193f2935deab345fd0ee80f4d14718a1ae90d4,897086,333701.0,482.0,0.001444,1,2,222
2025-05-17 10:23:47,94e44f805b3c0428c226f8ac3145454dfacb200186d8bab1a3500e48c2b528d1,897086,96283.0,482.0,0.005006,1,2,222
2025-05-17 10:23:47,378cafc2e77ea5e415b6b725fa513ae61787a1f359c81be94356e21cc155afc9,897086,57131.0,482.0,0.008437,1,2,222
2025-05-17 10:23:47,64e4393aff0bd416b6e5ba9297303db22ed4ddb80668b9b8050a0dee602728c3,897086,294774.0,482.0,0.001635,1,2,222
2025-05-17 10:23:47,4e134b7d2117c6f8d0124f7ab52b48f2bc645ce74f4105923a66c0821d481387,897086,5220289.0,482.0,9.2e-05,1,2,222
2025-05-17 10:23:47,53c8d6e723e72af4c440dfe28e93588a384b1dc649aec99994b046784d1de462,897086,175051.0,482.0,0.002753,1,2,223
2025-05-17 10:23:47,d6b6a326f50136f8f828bcfadb615d0a3b84c2cf141fc84412721e5214d38d46,897086,413433.0,482.0,0.001166,1,2,222
2025-05-17 10:23:47,f696b38b83f6e3d9bc50c48ea72aa5da0388cc3a126e33c1a39fc881e29beb3d,897086,1429008.0,482.0,0.000337,1,2,223
2025-05-17 10:23:47,04c5ff0c26699c8dda4dc3e99db65ccbdb7146e855370aafc4050d58ea31553d,897086,99996481.0,1515.0,1.5e-05,1,3,300
2025-05-17 10:23:47,0d10efda18b3ce90d65e6ed5965ee3fb41d910dd1818adf1404db44ec0cd8a5e,897086,99997996.0,1075.0,1.1e-05,3,1,364
2025-05-17 10:23:47,8bb1d22d3d048d1a9dc7468b3fe9bc2f55d55905ccbc154cd4ed2ea741215596,897086,64207001.0,1424.0,2.2e-05,3,1,446
2025-05-17 10:23:47,a46aa59ee1a10c65c8843026f5d8923af6059ea56dadeb9997adceee5febab14,897086,99996195.0,997.0,1e-05,1,2,225
2025-05-17 10:23:47,657b2885d2336afd92f96844760c408af2fed17a08d1e801d6d99b897d69c1e2,897086,99997192.0,2250.0,2.3e-05,3,1,405
2025-05-17 10:23:47,184a9dc24a9d7dabf1d7c60d485959168439231c399da32c59ea4091b506b310,897086,43740.0,2150.0,0.049154,3,1,364
2025-05-17 10:23:47,d1d498afa9d7f4ad0d4a3504d02d64e59a32322552d4e0d662a98193a97c714f,897086,17830920.0,10080.0,0.000565,1,2,250
2025-05-17 10:23:47,d790ffd78b6d6e143b7bbdabcbe9e329ffed5d9e84eca8900697d55d65a105c3,897086,17844610.0,1457.0,8.2e-05,5,2,610
2025-05-17 10:23:47,4eddbad55f022be1bfce0f97147e473b46c67d36b8f529587866aae5ae40a477,897086,256793007.0,10725.0,4.2e-05,6,1,849
2025-05-17 10:23:47,0525114dab94ca74de97cbdf60550291b64ff271a5feed4f4233867c8de7b829,897086,17228116.0,10108.0,0.000587,5,1,700
2025-05-17 10:23:47,bb8d2f35a5390d6c7e92c499c782bc9702b8274b75b0d05ed24297f3a7ccc248,897086,28689014.0,8800.0,0.000307,1,1,191
2025-05-17 10:23:47,ec6ed1e190be4da14c8c5017a7c3c2bca8665ee6ebd1bc2d67419e48056b73fb,897086,1049035.0,13440.0,0.012812,1,2,249
2025-05-17 10:23:47,5ad504ee00ebf4110a1f57eb8f2b1a509e0062d54cc938df68b2d5350d12848f,897086,1062475.0,407.0,0.000383,1,1,151
2025-05-17 10:23:47,51a2e458472d9bc170916b925d1b21fb6de5f82cd33f9386e9e8644674b78d3e,897086,4228401148.0,93496.0,2.2e-05,282,342,47238
2025-05-17 10:23:47,5e20ef8fcf960574aa13c69c40208e97156b4049b73e6cdf1097af415c88f76a,897086,61492.0,460.0,0.007481,1,1,216
2025-05-17 10:23:47,fe4b5eaf1abb2b9942fe8de0aba5faf9584d05856a96a5f2ac2fb40f4173c667,897086,6237.0,440.0,0.070547,1,1,191
2025-05-17 10:23:47,e1b43504541b2237408f544f16d682ea949beba1a3dca408e5a2db2a1358a450,897086,136785.0,432.0,0.003158,1,2,225
2025-05-17 10:23:47,c3824b3a2ac5d3a9446338ab60d904ed0b381f605051045f907cf8f1a2a757d9,897086,12000.0,577.0,0.048083,2,1,299
2025-05-17 10:23:47,43618366311a4b80b7eb248ccbc7bb409ab2b0b87e5fe81ca6dedfdde695659b,897086,2356762.0,756.0,0.000321,1,2,220
2025-05-17 10:23:47,a7106b20ecf87fccfd739fcca74837a28a7997341b35eecef5676ed694447f71,897086,1448458.0,756.0,0.000522,1,2,220
2025-05-17 10:23:47,0d585927499b8bf95e78fdd46e9c8bd76db6801d6ace515fc209914e59c39f9b,897086,88833.0,844.0,0.009501,2,2,341
2025-05-17 10:23:47,aea76f29d0fac45697e1b7f59dbb313ebf89c612772019fb998d2d5cd6c4ed89,897086,210892.0,393.0,0.001864,1,2,181
2025-05-17 10:23:47,a8c87499fd150d28a8c0f7de9fe9d8f0d7a8ec4d810d540b903ce56c5b335d94,897086,569349.0,459.0,0.000806,1,2,234
2025-05-17 10:23:47,012e5d61ee58e84dcf57edcdaa19440de7731c3cccf3686edee5d91ef00d96c8,897086,611318.0,875.0,0.001431,1,2,225
2025-05-17 10:23:47,2a3bc194c1d70f43c59af2fe9deabc43b924c438481f9c650243f5d8232deb20,897086,386334460.0,983.0,3e-06,1,10,477
2025-05-17 10:23:47,29d60a4241b3696b3f4958a5f7783913be33da30e0843db065abf576f035ae4f,897086,400744.0,1236.0,0.003084,2,2,370
2025-05-17 10:23:47,c3fb7d804e82ba2cdebbb1b8c7c2abc1aae005de86548c5a792350e626fc389d,897086,19813832.0,3672.0,0.000185,8,7,2736
2025-05-17 10:23:47,95a3ea314c7e35bf616e2a92a9753deb696264224696c4e3144e78ca1a15b0b7,897086,287887440.0,2251.0,8e-06,9,1,1375
2025-05-17 10:23:47,33697b0b0a379030ba1228a533a0125c62e5475f728e5ca195a445ea0ddd6600,897086,88304.0,612.0,0.006931,2,1,339
2025-05-17 10:23:47,168cb80fd45732f4cc50af78ddc06bfabea2443fe681684f3d42241c07cee827,897086,1202391.0,384.0,0.000319,1,1,192
2025-05-17 10:23:47,22d8dd0319df0b74d1fc57628878080c841a5b841831491d9d1e0b13633c23dd,897086,1992974.0,530.0,0.000266,1,2,234
2025-05-17 10:23:47,820603e21bc6b3b1247fe21e4cce55c565620baf7d94a885bff8a5b0d350a4b7,897086,1945737.0,530.0,0.000272,1,2,234
2025-05-17 10:23:47,f80b6f58212ddbb7c2e566a8a4b5983fd309af79e62788589f1b5125d836598d,897086,1970225.0,530.0,0.000269,1,2,234
2025-05-17 10:23:47,0bdd1df9c4ed470e72dd4661b7cc2a6903f2c1cc378ffdd972fc1de01f8c2e6a,897086,3360894.0,530.0,0.000158,1,2,234
2025-05-17 10:23:47,b3700ce711241789f9465692f6162d452c943c5880afe0ff72e0d95d1aaa1469,897086,2311252.0,530.0,0.000229,1,2,234
2025-05-17 10:23:47,423fd9b17ca2c4849246f743662be7c20ae15435b8611ce9f946f69ca6886306,897086,1864240.0,530.0,0.000284,1,2,234
2025-05-17 10:23:47,f85be0f9535e06e837bea0072c8c825936ad4a739aff74cd7635f222adae81bb,897086,24751565.0,489.0,2e-05,1,2,222
2025-05-17 10:23:47,94d5d7e807a7ce5b084e7cf6e0e60bc0ec27e4ed5b999dd8b1c227cd298c3df9,897086,167951.0,385.0,0.002292,1,1,192
2025-05-17 10:23:47,17f5c2f602e5b44c17f3d9bcdbb6bbd8ddb40ec81da9aac4a5e4b9c67ffaefe8,897086,1859942.0,385.0,0.000207,1,1,193
2025-05-17 10:23:47,382c9cf7609b1f53f67572faaa8dc530953d972153a2f98892737c10ba01f1a0,897086,1988161.0,531.0,0.000267,1,2,234
2025-05-17 10:23:47,c4c87d01645383f63b2cde251fab02e86d23a33b0b84a034e0a4c337f00bd040,897086,14201.0,663.0,0.046687,1,1,191
2025-05-17 10:23:47,d5fed08d50625c5c90cad92d1f1619724bc31dbed0b86550553c67c72c1d8958,897086,237004.0,615.0,0.002595,2,1,339
2025-05-17 10:23:47,7a13ed61f5fec5eeae6748a8bc8b43d704cbad624fc32a88527ffd1e620c5992,897086,1936778.0,534.0,0.000276,1,2,234
2025-05-17 10:23:47,6be12948ab2609ebd437dc247ab9f37a7414b513b4b1b7a4483679139170c7d2,897086,1851987.0,493.0,0.000266,1,2,222
2025-05-17 10:23:47,0c779410ff8ab3bc61cf143ec2ab956bc24524fa41f81c80ffb37b625e448798,897086,34713.0,493.0,0.014202,1,2,223
2025-05-17 10:23:47,fdae65248a7ce096ace7e9a8eeb94d0f8c5458c00ac506d6b682387c56f6dd0f,897086,2695206.0,493.0,0.000183,1,2,223
2025-05-17 10:23:47,674a3341da1ed3154a9877c683f8c05c7331a879c950278b4e9f9d64a756ea06,897086,575507.0,493.0,0.000857,1,2,222
2025-05-17 10:23:47,1d3751d5c3a65ba92229be2e29f73805106a7ee45f5b55c8fdd0707c7acd18e9,897086,78940.0,385.0,0.004877,1,1,191
2025-05-17 10:23:47,8b29daf0f4658bd00d17def9387c10c8f657cdf0be62b43216333ce9483a7ce3,897086,196140.0,385.0,0.001963,1,1,192
2025-05-17 10:23:47,cb436d00402fade08eb79e2c04de959ccfb28d14792a6fda6f94d4d9377b75d6,897086,16015.0,385.0,0.02404,1,1,191
2025-05-17 10:23:47,ee1659198c09b6b13838b920152bd8c42583c8c1991f4d2b47a0e8a52b2530bd,897086,5089465.0,504.0,9.9e-05,1,2,225
2025-05-17 10:23:47,aabca32bfdf95283f7da78038951d6a0e9bc4c301aa960836677abd1c254c9b7,897086,452427.0,385.0,0.000851,1,1,191
2025-05-17 10:23:47,4ae1f1fc3df55821c2cfc225098835ce82127a32a80c826b9de9e99b2c4630aa,897086,43072.0,385.0,0.008939,1,1,192
2025-05-17 10:23:47,406cef3d7de1c1f38c15ceadba3ef2a18dcf341a356d8d66cf92b527e754ea69,897086,15752.0,385.0,0.024441,1,1,192
2025-05-17 10:23:47,abd075f239b907399cb0f12c5325d1e197735276e4d1322f42fc004bb1f12a64,897086,522552.0,385.0,0.000737,1,1,192
2025-05-17 10:23:47,1587a176f92e4a6e284005f73d4df6524c5b88d6a06146f34111918af7bdd35e,897086,167496.0,504.0,0.003009,1,2,225
2025-05-17 10:23:47,120ea7e047595b4028f73c167e971f18f2a064a8d9b0d6183a424991e5cf0d37,897086,238938.0,385.0,0.001611,1,1,192
2025-05-17 10:23:47,4e6f5db289928b89a5e4cf66a99f0cc02dd744c73aa49f958813a73167091e25,897086,72878.0,385.0,0.005283,1,1,192
2025-05-17 10:23:47,0e61785a4cff5895ad9e8a73de1b24514d5406a2ef2410665094a8ab0df53a17,897086,74896.0,385.0,0.00514,1,1,192
2025-05-17 10:23:47,026a74ed079b60b4e0d393023e08f1c2719fdd3af777e4a5a6d04b912398155f,897086,553208.0,494.0,0.000893,1,2,222
2025-05-17 10:23:47,d622b7adeb168c51a6c1990f6264d947f1a2e8acdf2efba9d34808646ae927f6,897086,88533.0,720.0,0.008133,1,2,225
2025-05-17 10:23:47,7ddfdb131b1969532a61708a9a7d16c20be33192fff20b4e81fda7beaf6ea498,897086,109549.0,284.0,0.002592,1,2,223
2025-05-17 10:23:47,1424d3ac116b48894386b3537de3d41fbf2e7b7ae5b47c320d215c60ffee2296,897086,763792.0,1240.0,0.001623,1,7,545
2025-05-17 10:23:47,23cdded49a8acb426956cfcb5ae5e210e0b789af654dcfd7fc7af5f3a9dd43c9,897086,40715745.0,1212.0,3e-05,1,7,536
2025-05-17 10:23:47,07d5dd8c36efdc89b7f433abc4886f0189214797f270777a2edcf32e91e9a731,897086,124164766.0,1033.0,8e-06,2,2,676
2025-05-17 10:23:47,93575a58fa95a7d4ba3f2cacf444750e4858e1a273a5e541559976b040ce4252,897086,1606819.0,1719.0,0.00107,2,2,681
2025-05-17 10:23:47,fd2d225b8eb31644d309bb5a7e94fcce0eba34158c31eeca1e2fd370317f1d70,897086,19988256.0,450.0,2.3e-05,1,1,265
2025-05-17 10:23:47,af1b9da5c6a171c14ed65ab3ee658898ab4a3792402695773ce6496e0db7afe4,897086,5395471954.0,1723.0,0.0,1,9,681
2025-05-17 10:23:47,cad14b619046ae231d473992b41a6d3ec112377dc7b7bae627f9d745a1f97e06,897086,168429.0,735.0,0.004364,2,2,372
2025-05-17 10:23:47,e858574a5f67ef31b4f4d2bfc685d612c7119734b078c8b4f8be6b80d44d9eb2,897086,39774779.0,676.0,1.7e-05,1,2,383
2025-05-17 10:23:47,708344f8c2df7e93d402d1c5ec2e60628388dc4f2609662b8f08c7a004e0b503,897086,36508.0,565.0,0.015476,1,1,195
2025-05-17 10:23:47,cdc4cdaf70b428c2aff71e772c2b549908b6008f614f9b90cde32ee5bca80701,897086,69879.0,770.0,0.011019,1,2,205
2025-05-17 10:23:47,26c79fd8407aed1de4f1da99c6eb3e399d4426960c1218e4797528c16a0e6c4a,897086,243700.0,2595.0,0.010648,3,2,518
2025-05-17 10:23:47,8c1b8049ae972b3468f7bddf8184330f91ac6ca470f212aef5988f6ae70a48d8,897086,30495973.0,600.0,2e-05,1,1,191
2025-05-17 10:23:47,2478c4f38539d48f080eaf2175525a37583d381a82028828a3502a3f68a37537,897086,86207.0,3080.0,0.035728,1,1,191
2025-05-17 10:23:47,d329fbc3350ff21f0ce6edc85e01cd491c4e0ef728c6633f31d9db4997541ec6,897086,35301769.0,3763.0,0.000107,1,37,1336
2025-05-17 10:23:47,5a5be1739b58ace751d2509c1ce7675e5de132483e08075b4b052803c015afd9,897086,31399.0,1870.0,0.059556,2,2,373
2025-05-17 10:23:47,c261f0af8f9c358cc8ef33cafbe4ce6b021c597d72c279c8577217cf24ef99a3,897086,37412.0,1870.0,0.049984,2,2,373
2025-05-17 10:23:47,bdabd23706eea466fb00f2fe6f2163f54686c1466e8649e9c278bdb0d21246d9,897086,372546.0,1860.0,0.004993,2,2,371
2025-05-17 10:23:47,74cfd16239a4ab5031666a419f7d8eebd1879a4f251460f5c0580e4ae0be9549,897086,16756.0,1860.0,0.111005,2,2,371
2025-05-17 10:23:47,62aeb707aa4740c0febad93229d90da9dbab686c07523b14a79d55d35dc5f5f2,897086,124765.0,1855.0,0.014868,2,2,370
2025-05-17 10:23:47,d206f5a4025cad79edf7cbff760971785503f2aa7aa189a94372af4c7659511f,897086,932510.0,1735.0,0.001861,3,2,588
2025-05-17 10:23:47,a32f8a4fcbb76f18015d0b0ee96bf5c6b96dfbf9429e1b57b5d514efa7fc1910,897086,17902853.0,1956.0,0.000109,3,5,540
2025-05-17 10:23:47,9cc67105eedda4e40fc0fc26909e9913507b77a080bf6d00bfafab784e32a58e,897086,2164010.0,1570.0,0.000726,4,1,636
2025-05-17 10:23:47,e29ccf3383b4a1c6cdddf6e2e3701fdc7bc4919ca116962104c469d562107db2,897086,8524691.0,12230.0,0.001435,16,2,2438
2025-05-17 10:23:47,469a181498fc85785a0cfc729e6ca69a633996943d64140397b23cde63660313,897086,37569.0,2595.0,0.069073,3,2,517
2025-05-17 10:23:47,6d62666eb2078f1158e219c87540b7b3b9097bdec9310f44bbc3112b759abcdb,897086,102866.0,1235.0,0.012006,3,1,488
2025-05-17 10:23:47,c00908d45c1e611674159be30dc2451ea7ad844963969966932d372c4e4e18ff,897086,2970720.0,1230.0,0.000414,3,1,487
2025-05-17 10:23:47,30b980854fba69132f4e0f1b01a2a08be4940285796d0b55e3644485cb4d4cd7,897086,533770.0,1230.0,0.002304,3,1,487
2025-05-17 10:23:47,6acc11e903a4a0d320dd90d827ddfca1ec8cdd50e97769314ae79c6cedae19dc,897086,112025.0,1130.0,0.010087,1,2,225
2025-05-17 10:23:47,3635dc64a185296a44ce2dc82796285bc513105726fe898052520ecf500e4dcb,897086,1940531.0,1130.0,0.000582,1,2,225
2025-05-17 10:23:47,bf7823aa234465e50cd06aec96f5e5871b308b8da7f333f1a4013c1037e96f92,897086,71880.0,1120.0,0.015582,1,2,223
2025-05-17 10:23:47,6fdda0a6ec6aca4fb34b72e0cca96912df071b3d9478667c70b2139950076b2f,897086,68609464.0,1120.0,1.6e-05,1,3,414
2025-05-17 10:23:47,95854dc7cf4928dfe5a1e52ae384105a4138e18345cb213592717864ca4684fb,897086,54135.0,1115.0,0.020597,1,2,222
2025-05-17 10:23:47,9f8aafa60a31c6ca71fe065f425f7cdffb26bb35b99486624c6a89de70da9ced,897086,224663.0,1115.0,0.004963,1,2,222
2025-05-17 10:23:47,fcb0bedb36a29a27f23000b044928e92b09408c5065f2081f98700e8cfe4138e,897086,75029466.0,1115.0,1.5e-05,1,2,222
2025-05-17 10:23:47,1edc9b49df67a982aa1ef5247329d99731edc5b6df47ea4d1fd3707f82f47856,897086,72938.0,1060.0,0.014533,2,2,373
2025-05-17 10:23:47,05021b4c14770cc1be1d58079074fdc150f990236a9d8d3b6513f61b2ea9d7ef,897086,296777.0,1045.0,0.003521,2,2,370
2025-05-17 10:23:47,5d668ff2f8bf25a2b2ad920ab6f716268c5b2bd0c8b2be0d2a1c46b6691eb04e,897086,71661.0,1045.0,0.014583,2,2,370
2025-05-17 10:23:47,11fc6e3bd0c030f3b0ad1b2f79d5c6ab78c909081561b6e2c2be069a3bc7334e,897086,78055.0,945.0,0.012107,1,1,188
2025-05-17 10:23:47,915b81340e69e9988e6cf1853ae13656a4e6794f0b1b1e1a3f19a01e6d852fe9,897086,52224590.0,1870.0,3.6e-05,2,2,372
2025-05-17 10:23:47,79054687e08239d05f47334fef5dd629f1db472b28b564af15157da48270d3fb,897086,56289.0,1855.0,0.032955,2,2,369
2025-05-17 10:23:47,cdde8217446dd928123561436daa6d039e71a47625a24ef86e46fabb91d0f39f,897086,574056.0,890.0,0.00155,2,1,339
2025-05-17 10:23:47,7671de3ea6cf3fea7a2a1f7b519e143f5cee1e07ff3adcc6d7b02d1fc0d84331,897086,1101518.0,890.0,0.000808,2,1,339
2025-05-17 10:23:47,85acc142488eae37bfca6060ac7b5fdf55bf8b657db562ba3cb5c7c992979499,897086,493039.0,1580.0,0.003205,4,1,638
2025-05-17 10:23:47,c4e7cf5bb7ea50779e817f612a158244d5eb9c66f773a669f3d0deb1053e0a6e,897086,6804683.0,775.0,0.000114,1,2,205
2025-05-17 10:23:47,da3011b1c2a8aaf279bdbbcea1ed1312f1300ab5a1e59de84845fd02304377c8,897086,3004511.0,730.0,0.000243,1,2,196
2025-05-17 10:23:47,1c2924389507dcf3f431082a7fa07726f2b92557960585bb53100ebab0579ff5,897086,4425342.0,720.0,0.000163,1,2,194
2025-05-17 10:23:47,42ad24836fa4d28bab15fbe05513ecc12ae3b45bfd1e36a9d01ee999f28b7ee0,897086,272537.0,715.0,0.002623,1,2,193
2025-05-17 10:23:47,2c6802d63a9450524e7450ed3f451be06710077226af7d1eb41d260ce4504ab0,897086,2368180.0,715.0,0.000302,1,2,193
2025-05-17 10:23:47,1510cb9d905ef49dbff7fed657e7bd9765605b25c55131823bbfe41e96ca83a5,897086,9528656.0,715.0,7.5e-05,1,2,193
2025-05-17 10:23:47,08f4bd4e211143a49cd314ba3c7f34a64d609990166f0b98f225eed3e0cb0b91,897086,4952571.0,715.0,0.000144,1,2,193
2025-05-17 10:23:47,9b19c7363f2b092c5aed5e7df448316d19d5468f816231232886224f300fbd6e,897086,2789710.0,715.0,0.000256,1,2,193
2025-05-17 10:23:47,0929ab5b6039c44abbf71750c084eee77bd6f1bc8ea007b555796456e9914629,897086,21443607.0,715.0,3.3e-05,1,2,193
2025-05-17 10:23:47,92eb0d33688ddb0a04a4fb696bb087c305c411a4136a7f14f847f6479aa0528e,897086,67007.0,1039.0,0.015506,1,3,287
2025-05-17 10:23:47,7493b441e4a84b6f4aedd8fa0781b3f177de8d9a5012aa73ff4a298b0cdb26e9,897086,1198995.0,560.0,0.000467,1,1,162
2025-05-17 10:23:47,9553b9004c02c24c81e7807833f9d1088237e5041118c47491300a5d00707aa7,897086,667940.0,560.0,0.000838,1,1,162
2025-05-17 10:23:47,a69e6fd5e0fa5750a24ead008cf8191e739e72e0853b12c900d75212f96e23a0,897086,29995645.0,728.0,2.4e-05,1,2,226
2025-05-17 10:23:47,4d03385624ceffbdd238da6ce1ade73e8702265b59b32b265516f671c318a066,897086,226193.0,728.0,0.003218,1,2,226
2025-05-17 10:23:47,43c47346533b6a482186442d758350f99aef8e5dbf894b5356f091a7bb3f5e48,897086,9553203.0,2260.0,0.000237,4,1,690
2025-05-17 10:23:47,62388148bb29870b84fa46a2c203dc565650009ef29a493e791c0b2154fd7fd2,897086,2076503.0,780.0,0.000376,1,2,205
2025-05-17 10:23:47,204a6be28b54f56e050423a6447d72b26105aa9865662e9ba812170ee66829c1,897086,3518600.0,1743.0,0.000495,4,2,666
2025-05-17 10:23:47,920d58d35c8520b6d632d5173b8cb154e14443cbcc32eb993d998ea3f6c15a5f,897086,1443100.0,842.0,0.000583,1,2,248
2025-05-17 10:23:47,5e21aeb94d1b8ac17a4915aecb3f90e838339f3d94e1acacddb60b2b1c4a067b,897086,7648273.0,716.0,9.4e-05,1,2,222
2025-05-17 10:23:47,82b30e442ff306d630ba06d3464adba745214434b77f122e794ba06c878bc2a0,897086,90478.0,960.0,0.01061,1,1,189
2025-05-17 10:23:47,13b4488c1a6a503094632fa5515341e4b28d6da539160750cbe89e211fb526be,897086,1731427.0,1402.0,0.00081,3,2,518
2025-05-17 10:23:47,06badaaf8afdb3e6b5b438b55ccdb341016ba8082d0787dbbac5cd1910cbe468,897086,1606275.0,1402.0,0.000873,3,2,518
2025-05-17 10:23:47,e5cb004eae9dac90d5df1931473cbd28cf0333221bd87c99b7caa5093b371325,897086,677426.0,3000.0,0.004429,3,2,971
2025-05-17 10:23:47,61a34c94e1ec21ef2554bbf1dc0aa15d251d86257c910fb3524c08410c8c3393,897086,9868.0,560.0,0.056749,1,1,191
2025-05-17 10:23:47,e5e414938da83b3ce23e7e990a105d76d41b44fd75a5ce0485cabc5a67e19c4d,897086,1690367939.0,780.0,0.0,1,2,234
2025-05-17 10:23:47,5a79d30cb26b9b9ddac63ef6a7be5aeea08ed8bb14933c09d26f9509a0e3fc94,897086,3000.0,5752.0,1.917333,16,1,2414
2025-05-17 10:23:47,83c1f61370631afd1810d56711165168f5da62b92658ef158b0ab777f70d9cbe,897086,1636719058.0,720.0,0.0,1,2,223
2025-05-17 10:23:47,dc66b37b2d3235adeef3bacd988cfb542af07d7917c47ded99a043b48c0d7cae,897086,331928.0,5050.0,0.015214,8,12,1387
2025-05-17 10:23:47,d4e2a104a937c63e8a9a70c4ba7f10fa367c5f3ffe4c9a31ce6c186aaf43f225,897086,4211508.0,8140.0,0.001933,14,18,2289
2025-05-17 10:23:47,a624969400526c6f93b09678921fbc23c6d6e6835f8043da824de31ce43de6aa,897086,7170.0,1270.0,0.177127,3,1,491
2025-05-17 10:23:47,583df74b694d9165e746a71cfa931f3fed38ae3b4929ffffd8ba8df50aab54fe,897086,58363.0,1068.0,0.018299,2,2,370
2025-05-17 10:23:47,a708ea04c7718dd7a86319843168ee7a9075caac0715a204e303533a124fb295,897086,99435.0,565.0,0.005682,1,1,191
2025-05-17 10:23:47,758e464850310d060474a62d75f0c8586e95ff0e2136e04398de03e9acae6d5d,897086,13994312.0,987.0,7.1e-05,1,2,383
2025-05-17 10:23:47,2e495b27efbfe94edb7cb8d5aab9d27dfe3183b40b1012ebd6815a0b90e43909,897086,23175252.0,972.0,4.2e-05,1,2,380
2025-05-17 10:23:47,739593439747e954bc8d1b92bd16a20ab6592f0673ab3ab1bf93283ddcb873ed,897086,109877.0,566.0,0.005151,1,1,191
2025-05-17 10:23:47,56faace5286dc23198e83fbb9c5a8bacfa23bb98622d491012c36e5c9971ba44,897086,691057.0,1935.0,0.0028,2,5,499
2025-05-17 10:23:47,960b555f281bf4d29a5fe02f19b5f08e7ecfe443b85637acec1b9fa4560da61b,897086,784367.0,872.0,0.001112,2,2,370
2025-05-17 10:23:47,4a802c1195460c4f3f53ad0665613b50efaaca902086dd3016a7c51be6d3d436,897086,102214.0,1264.0,0.012366,3,1,487
2025-05-17 10:23:47,a254113060e748e6b2505f2ac5fdfb19ea3272f5a4bdb7c43ae57be55bd724a9,897086,382829.0,729.0,0.001904,1,2,222
2025-05-17 10:23:47,3edb99acb67a0daa9e12bf18b1d223fa1a220e14f045d1bf6d7b851bb2b8409f,897086,43747.0,729.0,0.016664,1,2,222
2025-05-17 10:23:47,0faf25b3447611e7b3354160527a5a79f31bdc2845a658e70d286b557940e932,897086,77006.0,729.0,0.009467,1,2,223
2025-05-17 10:23:47,1fdc5bdb51fabc98fc7b4b31ec2aa43eef0a12b83bc9d0096e4e92f04c44d62b,897086,3327121.0,729.0,0.000219,1,2,223
2025-05-17 10:23:47,601481ab9576dec0b0d99a1a6a52b052eaac5fcc054e4ff013bda4bd465fbd47,897086,210086.0,1930.0,0.009187,2,2,373
2025-05-17 10:23:47,78d212ac7d5d40304c12d540dcfca3786f6561087820cdb91d46ebd77e4e4234,897086,48548681.0,730.0,1.5e-05,1,2,222
2025-05-17 10:23:47,617e2c9c3c0202c1564f00e731215c4c632c339e407060be827ec884c2bda030,897086,730535.0,3850.0,0.00527,6,9,1043
2025-05-17 10:23:47,4b4325af64e1396e11a7354404356741525f0f8464073e30a227f4954eab1dd7,897086,109165.0,2675.0,0.024504,3,2,516
2025-05-17 10:23:47,762e27131fd8c4f2e502facb348a8a8cfe1dfc4c2866d2990a19f9dc5bacacff,897086,449317.0,3205.0,0.007133,8,2,1261
2025-05-17 10:23:47,771abcab9fbf7234c6e63b2202153157c026fbd2795d2abadec9fab75217a066,897086,3409370.0,1785.0,0.000524,4,2,667
2025-05-17 10:23:47,6f1ec1791d9882d2b02178a024820ef6ad3f423a789e3cfc8c2e3b53d2fe53aa,897086,295840.0,1930.0,0.006524,2,2,371
2025-05-17 10:23:47,99385162146b2142b0e4db30580deadf4301aa70b960ad1b3a6d03c0fdceafd6,897086,206320100.0,1100.0,5e-06,2,2,373
2025-05-17 10:23:47,f934599efc05b3332f0b10d25eba5ddaae5e01beb844ae5c1875a6449061b349,897086,68070.0,1930.0,0.028353,2,2,370
2025-05-17 10:23:47,53501ee2c5bec82702eeb66947ec91f588856fbcf547bcc27a3cc80d91e4521d,897086,1127018.0,1779.0,0.001579,3,3,584
2025-05-17 10:23:47,247a30a708d3aedea1314d431fa69c84f977b46c7aebde1b7eeaf776b068d7a3,897086,57943.0,1060.0,0.018294,1,4,284
2025-05-17 10:23:47,bc63f07493c1b870666266562d23266deea4e54fd6832ca7b55293b469c3c439,897086,136435118.0,800.0,6e-06,1,2,234
2025-05-17 10:23:47,114be1b72bb8384af71d1bef30b65d61700cc513f8fb35b84d634858f6aa79a6,897086,66098.0,1930.0,0.029199,2,2,369
2025-05-17 10:23:47,44be2ba8f5d661d7d84b72b29e33efa6dec500ea8937c222bfd3e569afbd649c,897086,2096409.0,743.0,0.000354,1,2,193
2025-05-17 10:23:47,8da7781af8f6542bd33eb62d587748c356e75c8a15774eadd70e3bc8d2de299b,897086,50660.0,1020.0,0.020134,1,1,192
2025-05-17 10:23:47,c26eedce4216c75f60ff6a840d3e0e58acd810137b5591947ddf4eb1a9bc2f86,897086,1752227973.0,618.0,0.0,1,4,285
2025-05-17 10:23:47,3626ebaf3bd3294820696dddef03ea2667144de3b8fd4d3b475be849936cf317,897086,986364.0,3675.0,0.003726,6,9,1189
2025-05-17 10:23:47,86fe962909f90ae709d80c69c83318b166df5206a45dbb1a7c5672ef8775b094,897086,1708052.0,4540.0,0.002658,8,9,1257
2025-05-17 10:23:47,3913c8553f021de7fb5082abbeb79d9a011826b6b9477b35a179c653e0d350d0,897086,1591818.0,5740.0,0.003606,10,12,1601
2025-05-17 10:23:47,e3cbdd14aedcacebed8013c4cce0a5923a8da4cd224bc202aa949bf9644d2d9d,897086,1232010.0,2645.0,0.002147,5,2,906
2025-05-17 10:23:47,2e2413dbb40738778242c4066cc769fdbfff67e94e839744ed7d17875f5937eb,897086,16260.0,740.0,0.04551,1,2,222
2025-05-17 10:23:47,76e738d05e99ca2cca899d4cd73e83b35c6efc72118185946fab678ba63275a8,897086,5088.0,641.0,0.125983,1,1,203
2025-05-17 10:23:47,c947455d86363ca5e6139c878df7b207c3b060edf5934cdc6a81c81a96646e16,897086,305277.0,804.0,0.002634,1,2,235
2025-05-11 15:59:08,a110d7a353f32094ed81d187b0d362dc7067356e85396d50a5aa919d6cc0ea44,896278,13570563.0,520.0,3.8e-05,1,3,257
2025-05-11 15:59:08,e5e4f82164ac98fb865ad2066fd17a06a7a4e49087ad9bbcbd60e74a2eff51f1,896278,21912723.0,419.0,1.9e-05,1,2,223
2025-05-11 15:59:08,a971e565d8f50dbda74a3151330be68c1e3c1742af706d7b1fcd172e14bb3295,896278,879581.0,419.0,0.000476,1,2,223
2025-05-11 15:59:08,95515a3d0288edc8ff8ec9ac84d1d3ef4eb24bc10c9c6e0b9b60157274e8ff60,896278,9607808.0,419.0,4.4e-05,1,2,222
2025-05-11 15:59:08,d9a590a340da6c8d8b1726e87a01a21669ebedbdd72d36e27a20f3fe34c61e3e,896278,2009581.0,419.0,0.000209,1,2,223
2025-05-11 15:59:08,ff03a8f6b75fe00430f8b77152eff6b28655b06c82024224f9ca32cc6ee2e914,896278,79999581.0,419.0,5e-06,1,2,222
2025-05-11 15:59:08,0b39704a15385277825f5ced3fb3ec2b573a36a9a193a34d1cb95423bea1ecdd,896278,175629766.0,824.0,5e-06,3,2,521
2025-05-11 15:59:08,84ef3429aeeebf9c345ad66d99b1b6c36b9c97723a7e10b7ee7207807d051d77,896278,198886968.0,419.0,2e-06,1,2,223
2025-05-11 15:59:08,4fb858f81c28107b0c5bdd42873e6bf09b8ac12329a278dd078a7458c843d6d6,896278,10170669.0,1476.0,0.000145,5,1,900
2025-05-11 15:59:08,41d36a937ffa596883500710162dad839343e8aa9c57e868db3910c78e1e8d05,896278,119430.0,570.0,0.004773,1,1,191
2025-05-11 15:59:08,64c897a6b00760ee475c2047b11d09fa75443f0acdaf3f811875b8527ca9cc9c,896278,9900697.0,830.0,8.4e-05,3,2,521
2025-05-11 15:59:08,f9d117bbbb296de173ef5f6e37453dbdbbb4433af706b909e0d58b66a912fe1f,896278,17163300.0,627.0,3.7e-05,2,2,372
2025-05-11 15:59:08,c907f99ffc7fbc58c06bca389913c20ca326c19529d09889e99dfa4a5713f9d2,896278,37221381.0,3585.0,9.6e-05,11,1,3278
2025-05-11 15:59:08,c19cff365902f9816a718a9a8900eabe9d08ee0c8ed749908e0b7732ad80bac0,896278,90799.0,422.0,0.004648,1,2,222
2025-05-11 15:59:08,b265403c8322c6983fb890048317ea9ea42f9ec013419f6febc3755d54b73dfd,896278,55391.0,425.0,0.007673,1,2,224
2025-05-11 15:59:08,22df9c9e360976db4cd41b9920e36451b9961264ff8a5d35bc2d524baa60b3e0,896278,49999575.0,425.0,9e-06,1,2,223
2025-05-11 15:59:08,e2fda7da0b3762f473394f208d30fc6ee0cd36ebf4f90f1e44e5ef48a8a22cc7,896278,330646255.0,425.0,1e-06,1,2,223
2025-05-11 15:59:08,7718c1823825f9ee86bd5004131e93f22f397b46f2aa4ee07dfd729dbce1fa5e,896278,3311750.0,425.0,0.000128,1,2,224
2025-05-11 15:59:08,bb41fd7426909ca871d2455099c471ba78d4f93de8fd4285e452e312c7e1aa06,896278,9664863428.0,13743.0,1e-06,31,9,10474
2025-05-11 15:59:08,6e05417f7c17ac40fcb88fd5c0e677ebe44ef287fe0f83cf88b6d44e08c126fd,896278,1162450.0,432.0,0.000372,1,2,225
2025-05-11 15:59:08,2ccfda2fb3785fb3af609f46ce9e4932f2df57073f825967edf356c2a51947f8,896278,44681262.0,423.0,9e-06,1,2,223
2025-05-11 15:59:08,ee7048ea567137b0646a705138fa1ad44c63957c21553ab82859b538d480a3f5,896278,229519.0,426.0,0.001856,1,2,223
2025-05-11 15:59:08,448c37c3cde50b0eebcd7adf24d9257ed062ce85496b648e720115c982344af5,896278,103360.0,423.0,0.004092,1,2,223
2025-05-11 15:59:08,cac0f9c5c89024641c2a1e13fba9614d83b749956025abff3b71cd5f81203ef4,896278,35670.0,330.0,0.009251,1,1,192
2025-05-11 15:59:08,4b0622999fae13088bcb71449539ee11f98a9411aa8909949dd12c048096b6f3,896278,276870472.0,423.0,2e-06,1,2,222
2025-05-11 15:59:08,bbf031acdc519204eefdd1ec366306f1d9d6552b8e26525dce4245cb4b478df2,896278,321496.0,330.0,0.001026,1,1,192
2025-05-11 15:59:08,2dd49535beac5acf223449def8ba1d37a49345d88747b0c2224e49af8803c4ef,896278,1679311.0,432.0,0.000257,1,2,226
2025-05-11 15:59:08,2756cb6f6a2670de32b2ed6950a65d8e3a55cd92542ba67cac03205bfe2c55ee,896278,13266577.0,432.0,3.3e-05,1,2,226
2025-05-11 15:59:08,2e4256b278abcaff538835cd6d315535c55fb9869413b8731a21edc1afae6aec,896278,466628.0,339.0,0.000726,1,1,194
2025-05-11 15:59:08,8105011f4a0b8f227307742787b016d9baea80b0030b62b1279fe41fb49ff2ea,896278,23782.0,459.0,0.0193,1,2,235
2025-05-11 15:59:08,59a54fc38ba97139fe8053614db43c8d76e502ee7150368f93d2200e05b5c9e8,896278,210654.0,423.0,0.002008,1,2,222
2025-05-11 15:59:08,c4c68e865120ea3d00aa7ae17f326688aed6ff08b9e881b7b2fda9a08df601e7,896278,17012.0,339.0,0.019927,1,1,195
2025-05-11 15:59:08,acf3c4c4e161fa3c7c6e412edcee087c8fa7d617ac0e4921f23156ec39becfe6,896278,39443648.0,423.0,1.1e-05,1,2,223
2025-05-11 15:59:08,ee4260e6b9a67dcfec9f6455c1f75c4692527f2565a88a850a71c6f57fc650e5,896278,86653.0,423.0,0.004882,1,2,223
2025-05-11 15:59:08,380991442c5f232750c6a8812a108f34b7bf264669821ac943048580755253e0,896278,1072342.0,426.0,0.000397,1,2,224
2025-05-11 15:59:08,4da92ecf0b438bb4966e220277afb67d579f6e1acb1d433121dfc202bd02f2db,896278,43912.0,432.0,0.009838,1,2,225
2025-05-11 15:59:08,de38acc424d456a4ac712711e6164bc301c0f86468a18079e5ef1838888273db,896278,20633686.0,432.0,2.1e-05,1,2,225
2025-05-11 15:59:08,4e8b0f358ad7b547eda2e1ab59d6602c84b0e7ad234be0acc6db78e7b347c3d8,896278,2528021.0,432.0,0.000171,1,2,225
2025-05-11 15:59:08,79c0ec3fd4a1af0fb5c89f5869eb3eb803aeba29839aac162189557e7fbc6ad8,896278,3696892.0,432.0,0.000117,1,2,226
2025-05-11 15:59:08,2cadb1a5c2f6c5a31935f576f0a12e9eeb7c3599613693c29b394e5dcbf068d8,896278,12631.0,423.0,0.033489,1,2,222
2025-05-11 15:59:08,0fc4b66dcd3cc19673c55e5c19b0c8e1588229ede914fead90c5c4408bacadd7,896278,51136.0,432.0,0.008448,1,2,226
2025-05-11 15:59:08,45a79450d553976543b3437e80e2e9dbfbb75e6986ab3d2d22c0cd878fe048d6,896278,194440.0,423.0,0.002175,1,2,222
2025-05-11 15:59:08,de7b2942e75af5904bacc4ac952d44b8a1eee5519174f541b352799a34e22ed6,896278,139081.0,609.0,0.004379,1,4,284
2025-05-11 15:59:08,84026eae0503cddf265213c66ae842710259b3899de963c5b11f9cf197950ed6,896278,328392.0,636.0,0.001937,2,2,374
2025-05-11 15:59:08,67b2c77ee037eecef26d8628f0d50621d744e675c0e643b21daad3a95e9bc6d5,896278,162483.0,339.0,0.002086,1,1,194
2025-05-11 15:59:08,63ae674f31969e5b347ef03dea3777a28976ccd786af5ba1cdc79d7462a3ddd4,896278,233970.0,627.0,0.00268,2,2,371
2025-05-11 15:59:08,a49402de09c9d14db35d1be1d6e2a7cef77399db9a9752b6a122cb9f52ff15d1,896278,718174.0,426.0,0.000593,1,2,223
2025-05-11 15:59:08,f94a6eb73c793eccb3e2aeffe53069cdc5395e93bc77c5312880d3c52408d5cc,896278,14010.0,366.0,0.026124,1,1,204
2025-05-11 15:59:08,56166719cc263e915b533b2ce5c4d0ee65b3089e8a2b5cf07cecdb6950bdb6cc,896278,83379.0,543.0,0.006512,2,1,343
2025-05-11 15:59:08,d176bed7a882489ce5b3171342124912738d4f449e0df9eede8c8919e03465cc,896278,97288.0,339.0,0.003484,1,1,194
2025-05-11 15:59:08,7efca3ee8a2864ba08ece1b3e5312f08aa8cdd227b2d4bf952ff81ee09c77bcb,896278,369586.0,339.0,0.000917,1,1,194
2025-05-11 15:59:08,378d95a0081f016d1faa91eef094fd86994e673139fb7d7104177f8d489d73cb,896278,37453.0,432.0,0.011534,1,2,226
2025-05-11 15:59:08,09cce76bb93e3c821ac296f411639b88cca3d25ceccf22901bc5ce4dddfaa3ca,896278,66769.0,339.0,0.005077,1,1,194
2025-05-11 15:59:08,841f5c5a1e308f995d217949291d993ae711d9b5ea8eead3b845be41d4f173ca,896278,1356775.0,339.0,0.00025,1,1,195
2025-05-11 15:59:08,628c4310904d603c8cdeccc6dd682519d14352a9af8403de29b384242adcfbc8,896278,84441498.0,636.0,8e-06,2,2,374
2025-05-11 15:59:08,3332a8f59409e551285ca0796323eacf52b9ad73352face674e9b3a6a94c02c7,896278,200537.0,339.0,0.00169,1,1,195
2025-05-11 15:59:08,a11b87d336f134d26e49021eadd8b74d6b55807cf88f3bb2077bcc60da4827c6,896278,1821951.0,459.0,0.000252,1,2,234
2025-05-11 15:59:08,29b7a9fbb041be5cf924e97ab0786bf46311e8d5218bde4fb03046545cf6dac5,896278,179776.0,366.0,0.002036,1,1,203
2025-05-11 15:59:08,b05cad0383a09bfa9f692a0962318cedfe510ac2e2174f7ec5a18ebf0c2b49c5,896278,77090.0,534.0,0.006927,2,1,340
2025-05-11 15:59:08,ddeb51d0349101324042bb40c6ff2d89720f05faa9932e6bb69eb04a4325d4c4,896278,78846.0,423.0,0.005365,1,2,222
2025-05-11 15:59:08,b9be3f07ccbefa3f46e937c7cce758331904394d99af4748ff1446af84bcbec3,896278,87585.0,636.0,0.007262,2,2,375
2025-05-11 15:59:08,83026d2d0da4e87eb44d617b6757c6deb003802af55e6f40d022cbc2a084bdc2,896278,28343.0,339.0,0.011961,1,1,195
2025-05-11 15:59:08,85ebb78b8d572b2e0655142a239a8c2020df56892a9982395f48658be1cf64c2,896278,75398.0,423.0,0.00561,1,2,222
2025-05-11 15:59:08,bf59b3637191f4190e135175358df3a2e3a9c2e9ca13cfb9c1d783a5dd167cc0,896278,5719.0,423.0,0.073964,1,2,222
2025-05-11 15:59:08,61c26eef21b95ae871238508ddf67739a6737ae55397c3681e1514f84e1f09bf,896278,16176.0,339.0,0.020957,1,1,195
2025-05-11 15:59:08,55ff9c77a944c1b05f407bfc25483c25f78899cb05cd50818d565bb9fc2bfdbd,896278,233442.0,432.0,0.001851,1,2,226
2025-05-11 15:59:08,62b18793976a41eec8473816cb41078b65c7f2c701ba4ecd6643881ff4a907bd,896278,229811.0,423.0,0.001841,1,2,222
2025-05-11 15:59:08,5056ba775eb90b867be7942e2a6016d00f2ea0d2055795924947e8b92cfcb0ba,896278,105149.0,495.0,0.004708,1,2,247
2025-05-11 15:59:08,7b9f4b317ff93107d281943a4b8bbce915cc13765974394235d33fa534e83cb8,896278,159249.0,423.0,0.002656,1,2,222
2025-05-11 15:59:08,9e646eca966442178700a998a8c06c1aaa9b7a6cb6f44010891eda794d927cb7,896278,19864.0,630.0,0.031716,2,2,372
2025-05-11 15:59:08,c1311e0dbeede98737f74efa730cfca0ea1dbf7403a688a1f77181813da647b7,896278,204042.0,423.0,0.002073,1,2,223
2025-05-11 15:59:08,d0c952f0c9c570e2c621e322fc2361eefa99795c6d6df2204a3fc53249f0d5b6,896278,181827.0,339.0,0.001864,1,1,194
2025-05-11 15:59:08,dffc3b096b284f62f71a2c52f1852cece05fa1bb306ffdad8e358b2e0f7d9cb6,896278,562386.0,747.0,0.001328,3,1,492
2025-05-11 15:59:08,4d373b9b8e827404a7887e1f35f3ead44d73c5c09e530381797c310f88a581b6,896278,142065.0,432.0,0.003041,1,2,226
2025-05-11 15:59:08,f9ae58fd87cd5a0610b603b9335df4372ac73734034ef245e62209ecf57311b6,896278,41353.0,531.0,0.012841,1,2,259
2025-05-11 15:59:08,afe5e692b98dbd5913d0f56a9b0aa57975d56135bc4963910a3850a0e18aecb5,896278,729698.0,663.0,0.000909,2,2,383
2025-05-11 15:59:08,a6c5b38d1638a930eca3997826ffa249cfa706e08cd8ac6f2e8c2eca31d43eb4,896278,85354.0,432.0,0.005061,1,2,225
2025-05-11 15:59:08,97aa12975d3e78e2cd01833427e0208ce8600bfa03b89814d4d1ffcb77b1c2b3,896278,425625.0,339.0,0.000796,1,1,194
2025-05-11 15:59:08,751dcfaf6acfade640651ebd2a3cbf62b6de7ff59ab1b601ebc6dc675dba16b3,896278,2385666.0,432.0,0.000181,1,2,226
2025-05-11 15:59:08,a44b1309120475cd8a9de8e8ecd30fe786183534209fb77df935fd58c93fffb2,896278,47666.0,330.0,0.006923,1,1,192
2025-05-11 15:59:08,bf7292ef65d7c9426efd58291688838af9cc26884cd8a462dff530f0e0b994b2,896278,16557.0,423.0,0.025548,1,2,223
2025-05-11 15:59:08,24ddd626869acb92c3a08c90c04a800d76f2bdf831406fcdd9f369557603b7b1,896278,311250676.0,423.0,1e-06,1,2,222
2025-05-11 15:59:08,d93b1917115fe12601afa218872447e95bf4d96eff8d27039b351484531c6ab1,896278,15925753.0,423.0,2.7e-05,1,2,223
2025-05-11 15:59:08,fed6201a778c007411f33d5410e4793b7af36bc59cbf1785145154bd37fd4bb0,896278,449574.0,426.0,0.000948,1,2,223
2025-05-11 15:59:08,46db1922c99f81c52b0e7c6a4b8b0335fdf3aa70db3e41f600e535ae47d8e5ad,896278,99670.0,330.0,0.003311,1,1,191
2025-05-11 15:59:08,a07d9fecded5c78567cec10402d58582b1cf9acee6ae1306acd11b24d8d2a0aa,896278,1565100.0,330.0,0.000211,1,1,192
2025-05-11 15:59:08,4c843502e26228f2a903dd53912cf3239f699e3339a01d5d503453bdfce3b9a5,896278,896230.0,432.0,0.000482,1,2,225
2025-05-11 15:59:08,a4b998f6857552e921c904acc6161edcc8582f752791fb3fcaed058d525b8ea5,896278,22523.0,330.0,0.014652,1,1,192
2025-05-11 15:59:08,d79a6fffe1a9b399e183e464b15a710d16b558cdea96daae81728c52cae399a3,896278,113710.0,330.0,0.002902,1,1,191
2025-05-11 15:59:08,69391c693bacf979ac043a90ea6e5c4b0989f41e43a5556e83423f27cec41ca3,896278,239059.0,330.0,0.00138,1,1,192
2025-05-11 15:59:08,361eca3b2ee6a0f36151ba2ac87300be52dedcd9d980b2a261101b74b09de6a2,896278,996996.0,426.0,0.000427,1,2,224
2025-05-11 15:59:08,9a06366fc263c2099c39f66ee59a08ea280cbd0cacff912e5e808e518b483f9e,896278,31402.0,339.0,0.010795,1,1,194
2025-05-11 15:59:08,4661ea006dfd756ed9ca5e450f011fd363d0e719e7aa794e1bd839233d37c59d,896278,68300.0,423.0,0.006193,1,2,223
2025-05-11 15:59:08,cdcc5a983f1ee09e404d5695b3be3a854ebdc906a7380c4cf5c87ec5f9e3259d,896278,17457568.0,423.0,2.4e-05,1,2,222
2025-05-11 15:59:08,a0a760ef9e452699e77a157cdf3ee6826f55a3ddded016c0ba1d54a2116da89c,896278,307875543.0,459.0,1e-06,1,2,234
2025-05-11 15:59:08,d5a1973ed0fccd6e3ba4c2a72b6c5544da6134da0ae7c0803a64f3bfea5a629c,896278,587274.0,432.0,0.000736,1,2,225
2025-05-11 15:59:08,6bf259f2dc3c40ee663caf869232a21924f46a2bc8a140c2e46f0cd7a01eb79b,896278,1519939.0,831.0,0.000547,3,2,520
2025-05-11 15:59:08,cabe1c2020224595e9fb6ca462108ab8beecd0cf67d17c335faa818139c8c999,896278,87005.0,426.0,0.004896,1,2,224
2025-05-11 15:59:08,8728025ea6777767f7604de7f1738a0f8309cebe84b0449c1e1efa41cd643d98,896278,184568.0,432.0,0.002341,1,2,226
2025-05-11 15:59:08,34dc8d7244f8916f34261c9895a136fbda4147e7ae11fc07337ddc86a1fb0498,896278,3627.0,339.0,0.093466,1,1,195
2025-05-12 03:27:37,a83ccad7e06c69623b84d3cd218f618a7b97d5c1f6978ed84650212a14732bce,896352,17266.0,322.0,0.018649,1,2,222
2025-05-12 03:27:37,f0ac11f9db7e6110712a13bf6767c1f0876ae6a48da0ddc3444644c5e8c211cc,896352,1360542.0,322.0,0.000237,1,2,223
2025-05-12 03:27:37,23329f4175895a44990822d2f2084295f8a1f521956d4a7166f2668cc46e8fc1,896352,1015202.0,322.0,0.000317,1,2,223
2025-05-12 03:27:37,3b2eb1610c717a1e6c9e4e573f698d4229e1382dfe25774873b67b31a04340c1,896352,271560.0,322.0,0.001186,1,2,222
2025-05-12 03:27:37,121df32dcf0577ee361ba8304dcc8424e71bdb574d86d709891eb195113512c1,896352,19873.0,322.0,0.016203,1,2,222
2025-05-12 03:27:37,a9eee9ce7aee0e3b9a547bb4b43e9c83a339a5a8e9082a383140abb9258062b9,896352,23090.0,322.0,0.013945,1,2,223
2025-05-12 03:27:37,acbba2cbf52204cd0e00d39e6f6c3219d749f47d93e26cc148793148b3e179b2,896352,2454723.0,322.0,0.000131,1,2,222
2025-05-12 03:27:37,a4a9f155e54f0828ed0d0768155c5da58a434884abbf9096edecf7a43fb4abad,896352,176732.0,322.0,0.001822,1,2,223
2025-05-12 03:27:37,7ca1d69f552920ec9d7e19c5c4df56ee6d08a1382c7719737bb1149d2f8280ad,896352,9613845.0,322.0,3.3e-05,1,2,222
2025-05-12 03:27:37,db6d1fac8901563c41654eb57558fa7bc640f95d1340162cf45c621d3f3a54ac,896352,112095.0,322.0,0.002873,1,2,222
2025-05-12 03:27:37,747e7ebd2e0aae8d8f1511128229234df453f2d5c663bc4ec11acf0a725793a2,896352,4575160.0,322.0,7e-05,1,2,222
2025-05-12 03:27:37,799be52beb589392fb28b48d6e83472e24a68581fc350acd08e26da8b4a9459b,896352,42368.0,322.0,0.0076,1,2,222
2025-05-12 03:27:37,d14bb93356a951614e2b71d1647a79e4594db35132a5358a9946768a7b51628d,896352,374484.0,322.0,0.00086,1,2,222
2025-05-12 03:27:37,4e204e4b2b3ca7fb8854ed0facec44feb4cc7c1495887519dcb3ee9cb9d3e487,896352,396027.0,322.0,0.000813,1,2,223
2025-05-12 03:27:37,04946d73147161a7f25199ee7671cde3e7f5e64fc450f4b6d355f0ae225ff57a,896352,527917.0,322.0,0.00061,1,2,223
2025-05-12 03:27:37,e3c3e6d9bcea42fa14b3745e3864ab86a2a0ad0c918e349589e101e6366af975,896352,4422169.0,322.0,7.3e-05,1,2,222
2025-05-12 03:27:37,39bda326145759d10a4a02f41c4098cdb3aae0d7d2bd6fa73da19ae60afcda72,896352,2363453.0,322.0,0.000136,1,2,223
2025-05-12 03:27:37,58bf2d4ad3e89be7f0e64d778e9c71f7b1555d188c0808c789a708be60c6fef9,896352,2535374.0,322.0,0.000127,1,2,222
2025-05-12 03:27:37,544ecb74d053924c8ff6f7d6fd46d71e2aabae9da8db294864a489cccdda4871,896352,24610.0,322.0,0.013084,1,2,222
2025-05-12 03:27:37,40be26c498e939dd5b85fb3766d57c32889370f3669cbc7dd3a16962b6154271,896352,366525.0,322.0,0.000879,1,2,223
2025-05-12 03:27:37,bee1f80bedb8a5632e7aa6d8c269d6139de060282e9b7a5c4f9d603527c0b25c,896352,336460.0,322.0,0.000957,1,2,222
2025-05-12 03:27:37,41fec018cae388b79bc09b91e8e2ca3ea46f345d483dd99bfacb86aad91fc352,896352,79678.0,322.0,0.004041,1,2,223
2025-05-12 03:27:37,af0982d8879366a47d71feeaa18d0fb7ff3361be3a1a250799e3dc29bb7c8e52,896352,250288.0,322.0,0.001287,1,2,223
2025-05-12 03:27:37,2c33424a290af4434dda2338a8e81c417b5e019bd193dff553478048f1ac244f,896352,254086.0,322.0,0.001267,1,2,222
2025-05-12 03:27:37,651feee74653de7c55fb64696be0c958dfd9a6fa0545aec4447198efc00de147,896352,2360711.0,322.0,0.000136,1,2,223
2025-05-12 03:27:37,3ce3e082b074f1430dac3d205a173861c272648a5204444b37dbaed79c40f6ae,896352,2875829.0,322.0,0.000112,1,2,222
2025-05-12 03:27:37,b597538a5dc3d5831b0095485791a004f4f161485c1b13d7e607437facc08442,896352,101297.0,322.0,0.003179,1,2,223
2025-05-12 03:27:37,057ed85d5034f67d2c966b57aa531df4d6721449c34a29d4fc7fefe54ecea037,896352,124100.0,322.0,0.002595,1,2,223
2025-05-12 03:27:37,6adb2ce8af0ce4e22aae81b4b03dc36daa47322684572ebf521569bc1a564536,896352,780866.0,322.0,0.000412,1,2,222
2025-05-12 03:27:37,ebd407d6690a487d9f293220308f83d0858fe78d3566cc6189e954353c67f994,896352,1481188.0,322.0,0.000217,1,2,222
2025-05-12 03:27:37,539de477a5f188133ee85bb0e9e61cd1638b6eec2b3ab44b4f1c12414fdc3135,896352,389399.0,322.0,0.000827,1,2,222
2025-05-12 03:27:37,241ab1ffb4e0a263e4bbaa582d43bcc55a456a2e130c58b0d9f1cb605e7d9b34,896352,1644590.0,322.0,0.000196,1,2,222
2025-05-12 03:27:37,f3aaf5e1cbb52569356df05c2f9e19ffb29339189ee99e44619465f1f89c5e30,896352,711462.0,322.0,0.000453,1,2,222
2025-05-12 03:27:37,5be5763dc34df4f385399920c408efb3685b34098674bd95f5c0cec158079e2e,896352,153605.0,322.0,0.002096,1,2,222
2025-05-12 03:27:37,f3b4466df2002ef70ad467effe4a770ea0eaca5f170d37221d153de105c4132b,896352,33812.0,322.0,0.009523,1,2,223
2025-05-12 03:27:37,c1b0e9dff1ee9ec36f7816d8801619159eaa9cdafc27743d7d8c85c6ace11427,896352,149769.0,322.0,0.00215,1,2,223
2025-05-12 03:27:37,d889559c57cb3f20e8974b9db66614ef1470e57536b7537a0435abba34edd926,896352,708572.0,322.0,0.000454,1,2,222
2025-05-12 03:27:37,a96b9e96e157b8e13ffe53f29d75f7e39a6ece3eaca20b1246e26f0e1a0ebe26,896352,31516.0,322.0,0.010217,1,2,223
2025-05-12 03:27:37,412e4ccb63b714b1115ad8400b7e57db6aa3a6e8a13d996e9a446da81d73a525,896352,80463.0,322.0,0.004002,1,2,222
2025-05-12 03:27:37,5998d56124a79e77b0629062e47da00e8373fcc50c2f4310b0643a00f2818522,896352,58943.0,322.0,0.005463,1,2,222
2025-05-12 03:27:37,799c8c5ef48cf7259ec3e6d1278b449398dabea62b62317ac85ad1ae64c51e08,896352,383550.0,322.0,0.00084,1,2,222
2025-05-12 03:27:37,d8a8e46a971062d0474d0dcf7da7a2ef97617a5e64bbfcee5bad2696c76b6107,896352,1907850.0,322.0,0.000169,1,2,223
2025-05-12 03:27:37,1a136ec032ce749f4ffa4403889bb7186aa0824bc2fa2a72d81aa7e048c26501,896352,248088.0,322.0,0.001298,1,2,223
2025-05-12 03:27:37,fe61277d7fada6a79da0d30e2a55518a55dc4538cfc9b08b68229912a76020b5,896352,344771.0,322.0,0.000934,1,2,222
2025-05-12 03:27:37,1d6dabcca36a03346d64eeb510e761bff0edefa9a7afc22674ed7947e9dcb7ae,896352,467712.0,288.0,0.000616,1,1,255
2025-05-12 03:27:37,74b1b4f4f70e03b198dadd32a045abc93cc0f69ceeeb14e9c60f519a4e127d3a,896352,4307358.0,257.0,6e-05,1,1,192
2025-05-12 03:27:37,c78d8fe8f1a5dcff2fe330448773eb217172c6a9b910196df8b4c76c421192e9,896352,9119533.0,322.0,3.5e-05,1,2,223
2025-05-12 03:27:37,60ffada47bb3f8a348853f094eb6db4bcef3fd03fac3ce7cd84023dfd4a0fa40,896352,13937772.0,322.0,2.3e-05,1,2,223
2025-05-12 03:27:37,fd34dd5c449133d07d719cd9581a6e3c6eb6e78d7c0df782f483ad7dd196de70,896352,1881364.0,488.0,0.000259,2,2,375
2025-05-12 03:27:37,77372ee9edfc6688b31d9bb758d4f8193cc4f113c54b9ec4393d1ef40900dda0,896352,1830119.0,1193.0,0.000652,7,1,1078
2025-05-12 03:27:37,d522bfae4eff7dbf02417e98da91ecce5c910dd3c9e0acd832a804a319505be0,896352,20671.0,257.0,0.012433,1,1,193
2025-05-12 03:27:37,8893de182e359096b7e5a783c6b14eb5094c9e77346adc4805d5e7cba5a923ad,896352,89781.0,257.0,0.002863,1,1,192
2025-05-12 03:27:37,2da74c02ed0de6fcd943ba183f86a315dc23a69add58879fe08b8cc855b77b9a,896352,88864.0,257.0,0.002892,1,1,192
2025-05-12 03:27:37,0d1e548ff07effc709a436a6e8bb4fed8713761007763b8648e932aa5f335d76,896352,22906.0,257.0,0.01122,1,1,192
2025-05-12 03:27:37,c7d4d82d6653f3eb03d5466b3c2d5795e2189d42bfba5a8c973c8464f4c96253,896352,1471707.0,257.0,0.000175,1,1,192
2025-05-12 03:27:37,409a1ee84f588d32e7aa0970032006c142b00ebaa48064165bb3e32429e22144,896352,38123.0,257.0,0.006741,1,1,193
2025-05-12 03:27:37,1d6dfb7e498d933a6865e9bfb993c710bcd69bdac75855c13dd19b662ab88fa4,896352,2942152.0,640.0,0.000218,2,2,477
2025-05-12 03:27:37,c6a8ca4db1260bca8fa35d2f89b583c9239acd744a87a0db85f2da24b673e6c5,896352,1012215.0,476.0,0.00047,1,2,235
2025-05-12 03:27:37,6e648ae581b10fa9bbe45d85b73fc63345872c260b23f7b5558c28e0b154a267,896352,1996.0,610.0,0.305611,1,1,150
2025-05-12 03:27:37,a70a1a0b283fce00c08920fd360489c5296df2f2143ace5d10dcd10f34ae71e3,896352,4602.0,142.0,0.030856,1,2,193
2025-05-12 03:27:37,36d8449c0eb1615e17be3f5e552aa09d4b7ee12ff0adec651249fe90cbb46506,896352,6740.0,142.0,0.021068,1,2,193
2025-05-12 03:27:37,6cac99e28ef05f37f0592f511e7512828294bce5c1addc062577a107baaad159,896352,17348.0,1128.0,0.065022,3,1,483
2025-05-12 03:27:37,bbd1b2fcd7a9fd1a06cf2678f66d920d1066e604d06bc05cab278253a2d8b7fd,896352,113537.0,257.0,0.002264,1,1,192
2025-05-12 03:27:37,9021e94a30023eec326ba561a6920d3fc5565a9daae48a024c27eab11c0096f2,896352,88495.0,257.0,0.002904,1,1,191
2025-05-12 03:27:37,b7dd0a6b76ad9e61abf8c7cc973448d18384ca9896422b80f15d00077a029cee,896352,3364295.0,257.0,7.6e-05,1,1,192
2025-05-12 03:27:37,f4b74ea0cc9699d2bafab4426747181acd4691831ffb8248efb8fcbba7edb1e3,896352,16417.0,257.0,0.015655,1,1,191
2025-05-12 03:27:37,3f48be2bbd011b164e31c7ed31cf2ae3fe74050e27fddbcd33740a31830555e0,896352,518506.0,257.0,0.000496,1,1,192
2025-05-12 03:27:37,cc293edbe7775dda5cbb591f91f5c71e114260a27128ce7106f4d316f95bd2ce,896352,830152.0,257.0,0.00031,1,1,192
2025-05-12 03:27:37,98178c047aa3d2cda98479a34ef0a541bcc72f25e71d5c8c440624af1a9cbec9,896352,89379.0,257.0,0.002875,1,1,192
2025-05-12 03:27:37,1296adaf6333947f022998324fcecebb2506e4eeced5f7b693caa63867d7c5c3,896352,9223.0,257.0,0.027865,1,1,191
2025-05-12 03:27:37,2511dd95e46762b9100491f384bc7a439389b4d387e072d573797ebfade95bba,896352,69624.0,257.0,0.003691,1,1,191
2025-05-12 03:27:37,9060439926f2399bb2ccee6eea8d826f9c6fe05309e940a8868be41501d09ab1,896352,4903463.0,257.0,5.2e-05,1,1,191
2025-05-12 03:27:37,221608884b01d74702cf4529e5d6a02231eaee7a9dc4e6bfe3bf16c7e277449e,896352,92442.0,257.0,0.00278,1,1,191
2025-05-12 03:27:37,438c2586d2ea763abdb6a32f081e397024a948184a5c2d4b3ac6d8ba7d668c91,896352,1999743.0,257.0,0.000129,1,1,192
2025-05-12 03:27:37,244317126b406eae550a0eb681aac01241115d797118f55723c492382aa4d18c,896352,78709.0,257.0,0.003265,1,1,191
2025-05-12 03:27:37,e18af870e89ee1550cd8f9fd11aa8d146a6792aa96ae1f064fbf2f6dd1d32084,896352,716583.0,257.0,0.000359,1,1,191
2025-05-12 03:27:37,0e728c0111c348eb1708cf1b46d4edcab4b27cfd1a51df700e93e0e62e6f8682,896352,114570.0,257.0,0.002243,1,1,191
2025-05-12 03:27:37,f3274fd3d66e01581d835fad00e69fbcf8de81123143a06877a23183a214bb7b,896352,99127.0,257.0,0.002593,1,1,191
2025-05-12 03:27:37,19c3aabb2dffd7be5ca1779d3ffc6eba73187530aa98d93642a9f2cf1dae8261,896352,1606.0,257.0,0.160025,1,1,191
2025-05-12 03:27:37,113935ed9751b4742b6bd2a2c60cb5d8e9cafb8ae7447738ee7ace5e3c388952,896352,64667.0,257.0,0.003974,1,1,192
2025-05-12 03:27:37,caab88ad5d78ab03e8efb3d966c72511abfd16924811b5d84ef81069e0c69451,896352,62993.0,257.0,0.00408,1,1,191
2025-05-12 03:27:37,4b193416f0d10bc622cd0c85efbedc235db361253c5c10b94c495455fd20af4d,896352,102023.0,257.0,0.002519,1,1,192
2025-05-12 03:27:37,7d5e59ea00fec910b01b02da73e07a947bdb40bd55cdbc6274f7ee99fb96b03e,896352,2180102.0,257.0,0.000118,1,1,191
2025-05-12 03:27:37,a5e87e329994c247b20c9b0607c6c39ef6bb4cce0dafe85a65f3f115c41ebe28,896352,14001.0,257.0,0.018356,1,1,191
2025-05-12 03:27:37,8f50dfed5a83cc5535c564e69fdbebbf33ab59b0bf438d07812d588005d95114,896352,336576.0,257.0,0.000764,1,1,192
2025-05-12 03:27:37,1596cb4535214df741e1d71ec6d72c345f3475a883753ee1900888f7ead98c13,896352,85427.0,257.0,0.003008,1,1,192
2025-05-12 03:27:37,5591a3298bab926a8bdf263c09b9d31f9a25f4c0589275111d952295f9710e10,896352,12636.0,257.0,0.020339,1,1,192
2025-05-12 03:27:37,db6372c6ea1e6115c6f14c2bb21a33d2f202756e741b29d69a7287cf45a50b11,896352,1965151202.0,496.0,0.0,2,2,374
2025-05-12 03:27:37,86b74a65929268eeeac2298604714bdee349c42ac291e63a770173edc93b8df1,896352,199000.0,359.0,0.001804,1,2,234
2025-05-12 03:27:37,24b9369b3ce9ef8a32d0c4b0fea38fe37c67be8f2876685d2b53ccec27e5ce1c,896352,442685.0,315.0,0.000712,1,1,216
2025-05-12 03:27:37,7c371c736d31115eeb31a5b3058766d904e8c370b1437872f419867367087c71,896352,36206002.0,338.0,9e-06,1,2,222
2025-05-12 03:27:37,722ae8e20704ce58e5edaf28fdd8b10e77cf6740c02113135354c20651637724,896352,1008990.0,338.0,0.000335,1,2,223
2025-05-12 03:27:37,155b2d1ca020c3480d81dc3d8d3ab33898f2502da8fef082d80cc23210bbb126,896352,176400.0,367.0,0.00208,1,2,234
2025-05-12 03:27:37,2b4fcb15c7f3c3291c7220632254ce7d5232922f94dbc008ccaf2ecfda44d10e,896352,17778889.0,367.0,2.1e-05,1,2,234
2025-05-12 03:27:37,a9d42a156885179a7aeaaee3b92e6b7442a42023980e0dee75005c553093c04f,896352,436410728.0,415.0,1e-06,1,3,255
2025-05-12 03:27:37,c89cf1890ba7fc87129c05be53de2659060bc015f57c495818d84098a53ffefa,896352,10886928.0,508.0,4.7e-05,1,2,223
2025-05-12 03:27:37,5cd4ff0406843027e7b1bd3199a1da0fb45a456563f6aad67f6d7b3d1a8379c0,896352,10896327.0,338.0,3.1e-05,1,2,222
2025-05-12 03:27:37,8faf6cde94914aaf030e9ffa1f1020dff9424d416bca79f27b9fedd679a89fbc,896352,10937979.0,169.0,1.5e-05,1,2,223
2025-05-12 03:27:37,9945b48a0c7960e3f2bae4ec3528a217a4f38972b10bb888ebe1cf7c3ed0039d,896352,5585280058.0,420.0,0.0,1,3,256
2025-05-12 03:27:37,10dbc718eb84fbb669878c6edc946fc6550c286a53047432ffcf989651cb0248,896352,125679889.0,569.0,5e-06,1,5,318
2025-05-12 21:57:42,ca566cf80d565eea29f0e804108a0b71b10d7c21bd3afd2ca1e17d3951946a8a,896460,634345.0,224.0,0.000353,1,2,222
2025-05-12 21:57:42,a006feb511e9036035c7f9ff162ccff11d51596eec9547179c8a809c80daea61,896460,644359.0,224.0,0.000348,1,2,222
2025-05-12 21:57:42,60517f8a9a1ccb4a64994908708e129b294b24f575446a2394dd07124ad785be,896460,41999616.0,384.0,9e-06,1,1,192
2025-05-12 21:57:42,19761458b61bfea56f12dc0f7e37f58cc9d2e70d1b480ee564cb17ef60bc08a4,896460,1925720.0,384.0,0.000199,1,1,192
2025-05-12 21:57:42,9636faad0167763afc5a9b9d99cf54545908f03ca972c07c1bd1530688991589,896460,166073.0,384.0,0.002312,1,1,191
2025-05-12 21:57:42,2e14b560a9ee0bd702cddc8e097e174de9d511b433e77e1d935b04d3c8bed45c,896460,2048164.0,384.0,0.000187,1,1,191
2025-05-12 21:57:42,4dfd13fe3f54ad369900ee97f058cd6807c888d6b82c666a903b70710fcb2a8d,896460,101471.0,493.0,0.004859,1,2,222
2025-05-12 21:57:42,dde70539437f826ef28ae847c6ee126fad94a1579d24ebad4af0445d1c7bbe47,896460,44528.0,493.0,0.011072,1,2,222
2025-05-12 21:57:42,7ac8e6826b307a7a6991dfa9cedadf84676ae469f84355b9cfc25d06ee4bf303,896460,1248349.0,493.0,0.000395,1,2,223
2025-05-12 21:57:42,7f59fd5ccd3646de39a5ea942984371c85d2e3d713fe94d07ada45df5ddd6ff2,896460,41699.0,385.0,0.009233,1,1,191
2025-05-12 21:57:42,7c15e6c51c13f32fe0a61fbd78b54d7c7e77910ceb081d390810c681b50d0ab0,896460,2273178.0,385.0,0.000169,1,1,192
2025-05-12 21:57:42,54e33b813ee89987ac0885c1d6af16a828334cdd34faf0cef7d898c58b9bbb9a,896460,25615.0,385.0,0.01503,1,1,192
2025-05-12 21:57:42,96b220e2385898e7c2ece08b1345735157da83f72c35ae82d9ad3609a8698f96,896460,97505.0,385.0,0.003949,1,1,192
2025-05-12 21:57:42,581d3462c5bfae249f77467038fa349b8347914a4782a4dd0600733209589692,896460,28431.0,385.0,0.013542,1,1,192
2025-05-12 21:57:42,e70e2c0af38ff0987ba91e98a6e2ba864a24bbd1dfba74f5772a3585903b368c,896460,242176.0,385.0,0.00159,1,1,191
2025-05-12 21:57:42,36cc417525a236f2ad131d18cdc0dfee25cb2b7aa04c8eb98187c258c6995d8b,896460,265652.0,385.0,0.001449,1,1,192
2025-05-12 21:57:42,f75b1b676c552d94667e4f637f7df86ec871feeaa49fe7a39b095883ab943f82,896460,3807.0,385.0,0.101129,1,1,192
2025-05-12 21:57:42,1daa51442f8bc4a1eeda21e67c8b2d184df7c421594fce4c2929966adc615178,896460,517513.0,385.0,0.000744,1,1,192
2025-05-12 21:57:42,f35176b4ef7b0d5d9c17a6eb868cae097ad8c4f71bdf0cb04c602f1ef8047f6e,896460,61254.0,385.0,0.006285,1,1,191
2025-05-12 21:57:42,2cba212457eb64c018337da11e9212a3be89975e54c808da4e8bf7dcc2568e69,896460,99065.0,385.0,0.003886,1,1,191
2025-05-12 21:57:42,02a52c1a09de9a1b2fa5ab359608aee7a273095f6d5fea7e9ef7709383fc0f64,896460,390515.0,385.0,0.000986,1,1,192
2025-05-12 21:57:42,1202224dcfc37dc28bea45c98ba7ea22f314863a68e0f2c66b4a4061779ba649,896460,40922.0,497.0,0.012145,1,2,223
2025-05-12 21:57:42,cfe08fcfdcaf4d3e65321505d1350912d7e1be5f6b2b9bd1fa58d1e1adca5e42,896460,48637.0,385.0,0.007916,1,1,192
2025-05-12 21:57:42,9833b827674a8f569c92853d9a9fdaaf69d2aeb9a30519b12c7a296ff50ace2f,896460,7315178.0,385.0,5.3e-05,1,1,191
2025-05-12 21:57:42,16ca14af6def9ac49192c484e1fb3a63a02f1dc0386b5a7eabdde6c9de462c28,896460,975271.0,385.0,0.000395,1,1,192
2025-05-12 21:57:42,4c6415399a34a456302ab18dc08602b30ce9a2067c61fa212672d5a4dd90db22,896460,234054.0,385.0,0.001645,1,1,192
2025-05-12 21:57:42,b757223dbd1e181796a3009b9b9258c49d0411c7afc07589831942cbe4a7cd1c,896460,230651.0,385.0,0.001669,1,1,191
2025-05-12 21:57:42,58e36957bf4282a484302111c9d90c08d0274d31d7d8a096d4d9adc44ae15a13,896460,382379.0,385.0,0.001007,1,1,191
2025-05-12 21:57:42,c7287dc5c2d69b8cc01b57c67daad96c130b25cad48e53acabd5faf6d0fef612,896460,814663.0,385.0,0.000473,1,1,191
2025-05-12 21:57:42,7aa82bf7eabe098bb01823f054324e85e6246d85a66d6b8686228dfd5cc25a10,896460,7685.0,504.0,0.065582,1,2,225
2025-05-12 21:57:42,7932cd2ee4b343b3c3e60079018c7b824dd5fee36b9f1f6750843d101c7e3609,896460,201212.0,427.0,0.002122,1,1,204
2025-05-12 21:57:42,8a5a1a2094c2d4a215691810e2023479782913a7b728e526f8b233fc93bcb300,896460,52527.0,385.0,0.00733,1,1,192
2025-05-12 21:57:42,1daa75e2e34c522cccb8f08d8ba1dfc8074fd21626fb0c40b2d03415f8741400,896460,283201.0,385.0,0.001359,1,1,192
2025-05-12 21:57:42,711d1509fddec82e7dac690755ed9a296d69ba3de6a34112e4a8250ec4559566,896460,3774991101.0,899.0,0.0,1,5,307
2025-05-12 21:57:42,f884bfde3eec9f5b1265576226871c934c742650c55a9e082efd50c0b61bc1f4,896460,812239.0,665.0,0.000819,1,1,189
2025-05-12 21:57:42,997311b8e41ea4d9593f8c1a232714b2a888af8c878118b7562d15d2fcd2df48,896460,283400.0,1120.0,0.003952,1,2,222
2025-05-12 21:57:42,4f84e71e6180800336ca6436dfc40da90ba18e1c8fdf8586407dd9bcdd799b41,896460,294310.0,450.0,0.001529,1,2,224
2025-05-12 21:57:42,8265f961f50406d9f752344179aeab9397d850d2aa9b9ebfcdb18395e391e0a1,896460,371816.0,500.0,0.001345,1,2,223
2025-05-12 21:57:42,bcd921bb24ad82a4fdfe44917685f381a5a711a162cf100f0c99a8038bf30700,896460,369686.0,500.0,0.001352,1,2,223
2025-05-12 21:57:42,f98bb690529dd094be461ea7095e876511ec0b2e8cf04d065135f92bda2f6873,896460,208648.0,672.0,0.003221,1,1,189
2025-05-12 21:57:42,b5cb8996986a6dd57f118eb98070816d623c3e672d5bdcb4d09c20aeda64789b,896460,486000.0,675.0,0.001389,1,1,189
2025-05-12 21:57:42,5f3da14e7db75e96d7b0d69b7bc6dc41618fd7b8f3263da7101be5147678a847,896460,82541654.0,676.0,8e-06,1,2,380
2025-05-12 21:57:42,87f76488c4e75a6ce3d390da6f555e93ab47d539226d9d0a60cb65c91dbcc7f6,896460,5994859.0,518.0,8.6e-05,1,2,225
2025-05-12 21:57:42,02e5b144835f52cbb1c8b363efdc7a2e323b46f9bd119b9fdfc7398ac191badb,896460,390913617.0,518.0,1e-06,1,2,226
2025-05-12 21:57:42,83a1d2ea454f72e3a96b8527ca4260af980b4fea711e090a84bdbee181c08a32,896460,33403964.0,518.0,1.6e-05,1,2,226
2025-05-12 21:57:42,db8945f54768f3b1c856326fc375a2e7312b2f1c3b4032778974c410cc31c26d,896460,83618290.0,752.0,9e-06,2,2,371
2025-05-12 21:57:42,81a05d3d87255d4a2844811cd80d6d2de48d9f5befcc6dcef8ab6a46abdc86d2,896460,11425760055.0,511.0,0.0,1,2,223
2025-05-12 21:57:42,115b73200500b935150adbfa0baba415140ee023e3d6557e3fc19f2ed345243f,896460,4099949447.0,511.0,0.0,1,2,223
2025-05-12 21:57:42,42135ace2dd7bd1d19b48e3bf2284526ecdcbda6fc16708df76ead27b579a90c,896460,941254.0,511.0,0.000543,1,2,223
2025-05-12 21:57:42,fe708c7089d4b0c3422fb61f992fc9290548406e0cf54b3e90a9b19467535fbc,896460,4194318033.0,619.0,0.0,1,3,254
2025-05-12 21:57:42,0ee53fcf032aeccb1cd148ffabcdd0fa3c9e0ec25a237ba36766b1f063b21ac4,896460,21836617.0,1292.0,5.9e-05,1,9,441
2025-05-12 21:57:42,0750cef416fcbb5b65fbe546646c04ba8173141296d3a289be7eabec8c1e81d9,896460,8682587.0,396.0,4.6e-05,1,1,192
2025-05-12 21:57:42,1726f1e6834c9d1324926c596e533fda131554a57e2a8f626cb8ac341012898b,896460,404505.0,396.0,0.000979,1,1,192
2025-05-12 21:57:42,4e7d6e144cded65c1b369ec63c1e87024a5395748a2a36c7e804bd45936eac60,896460,20892046.0,954.0,4.6e-05,1,6,346
2025-05-12 21:57:42,2e24c9faa54c98351f3af57c4e9b8c91a9ded6e0525328289026aa0228c6b746,896460,39999604.0,396.0,1e-05,1,1,191
2025-05-12 21:57:42,5e43dba1d24133c42b0bae8ec31a03461a23c49343bb330d01c183b42520351a,896460,99999377.0,623.0,6e-06,1,3,254
2025-05-12 21:57:42,a4c0c22a2f9ecbcf5808b2ed8c76032376169d626477bda17c6c8d216fd9def3,896460,13081934.0,508.0,3.9e-05,1,2,223
2025-05-12 21:57:42,f2350de0835b11781f05347b02a3c4d91358bc8149484054b9c2a45b0ca864d4,896460,172639.0,508.0,0.002943,1,2,222
2025-05-12 21:57:42,fc1afd4ef8860d3c19f26bf4a861f781dc47d57191c6a9e8c8d43135b5b101d4,896460,3496854.0,508.0,0.000145,1,2,222
2025-05-12 21:57:42,d596cfd9fc1360bad8fa74efdb9cc032bf2f9860ed2a63f0565ec835312354bb,896460,8174144986.0,508.0,0.0,1,2,222
2025-05-12 21:57:42,5d1471fa2ed76a73b50594e9df4b32fdd0dfa88d5399866b79a920fdb2e47ba9,896460,4391105932.0,508.0,0.0,1,2,223
2025-05-12 21:57:42,5fed3857ff6274d9471cddc2f9406902041949aa24713ecd873e2469c7999249,896460,999699.0,508.0,0.000508,1,2,222
2025-05-12 21:57:42,b3fa7eecb3c5ca9f6bb2fa5f9cc1bc1d76496b0f5394646ad1fdd773b086ea45,896460,3004905.0,508.0,0.000169,1,2,223
2025-05-12 21:57:42,a4ca8b02b40a83b0a8a031371cd63b53e50ff76f47e6f81af1eb772b86a4102c,896460,101461971.0,508.0,5e-06,1,2,223
2025-05-12 21:57:42,840c4a7cfdf63b4e7c80647ca8b5aad97f32fe1370458657e86b16f6ca908825,896460,15005159.0,508.0,3.4e-05,1,2,222
2025-05-12 21:57:42,a200ef619fb3c5d83e49d2797565a44cd7561c22c309ec1ed2e99f0958fc891a,896460,3391849147.0,508.0,0.0,1,2,222
2025-05-12 21:57:42,7b7df2e0ef63ce4264e5adcabcc7e8a5ab44feff9a91836ba0450edc352dec16,896460,7811786623.0,508.0,0.0,1,2,223
2025-05-12 21:57:42,40b9429d3c0c9e6e3ea5be9792d718d02ea7adabc815e1e2c2703d0672a3f10c,896460,1124674.0,508.0,0.000452,1,2,222
2025-05-12 21:57:42,77cb96f8f8652cb34be4bfbb75f1f2f61670367a58e3316317dc9a8fdcf9475f,896460,3564500.0,400.0,0.000112,1,1,192
2025-05-12 21:57:42,5459c64522f3bc756384805a11208263a5b294eb1411337244e6f084274db975,896460,3482600.0,440.0,0.000126,1,1,203
2025-05-12 21:57:42,514ad5e6b261e655220880f846a444db103248dc9d898ba46b25a2f83880ee09,896460,136503.0,480.0,0.003516,1,1,214
2025-05-12 21:57:42,3bf3796fc1c190e28b2159e6fab2e6c0e72182825f9551879b49a44839d089d0,896460,527304394.0,2718.0,5e-06,10,2,1559
2025-05-12 21:57:42,dec96fb47c53d0985991013af0a9b415bb5ec0abb7c27664ddef79d37e4dfa37,896460,12214964.0,2718.0,0.000223,10,2,1560
2025-05-12 21:57:42,55bbd980b9f021b0a5b7decb1551fdd590fdd596ad75e906d69ac345af363df7,896460,155255.0,752.0,0.004844,2,2,370
2025-05-12 21:57:42,c25b7566ad348c605fff1f6db7e66c5c13404a19be33f4f4a68a60ee43b7efd4,896460,61217727.0,3701.0,6e-05,14,2,2151
2025-05-12 21:57:42,1e3cb017bb158fca767c7aac72bb13cfe36cccc613334012056169cc52bc95f6,896460,994887.0,6898.0,0.006933,27,2,4081
2025-05-12 21:57:42,2ae283f749c57ad5baa083ae6d60798c6ef802bc5e762123cb38cb11731befb7,896460,776365.0,2718.0,0.003501,10,2,1556
2025-05-12 21:57:42,90688d67c9fe1975c638d7d5ebea5509f14bc2f14e7bead0e9814279325c54f1,896460,1092779.0,2722.0,0.002491,10,2,1559
2025-05-12 21:57:42,e9dd89318dcedc1cc63aebb9fbd287b9efd2a4015d81601927fb7912fca355af,896460,2557656.0,2722.0,0.001064,10,2,1559
2025-05-12 21:57:42,6e31c081b129e2b564b5e13e0a925ded280e1fe33e4ee4fa8de02b0bcc4d4729,896460,303280.0,5177.0,0.01707,20,2,3043
2025-05-12 21:57:42,a4adbe2ca17bf81bd154423d84a62162cca40d6931255bbd3533acb835b3c5bf,896460,965355.0,938.0,0.000972,1,1,154
2025-05-12 21:57:42,18350f0872ed62575abc0eacd67e1553c0ee8b88e90c93c4c9e6278ae84e63ed,896460,966293.0,224.0,0.000232,1,1,406
2025-05-12 21:57:42,fbe45c0290c07315c3863c9cad2d871c92fc314f6fe1e9811e9073170289804c,896460,1364869.0,394.0,0.000289,1,2,234
2025-05-12 21:57:42,013ff63466762a38120ed89a7ab4ea34ecd69c002d167d7def21b279b31e718c,896460,65214.0,405.0,0.00621,1,1,193
2025-05-12 21:57:42,53b4f02011ad8639834c6424d9acce0bf923c7a3a19c76dc0a291e62c25c30cd,896460,221399.0,710.0,0.003207,1,2,193
2025-05-12 21:57:42,b8190b3f273407bf74be9a52fea8bdfadd218956e85b797e4dbbbc9b540a50dc,896460,231871.0,710.0,0.003062,1,2,193
2025-05-12 21:57:42,f67a3d93300910aeb502332bfb79d6e7a25637a15c31d6a2b8e7775b4dd50e68,896460,242316.0,142.0,0.000586,1,2,193
2025-05-12 21:57:42,761ceef81e433fd0f5609d79664aec2119826ccad156ee7da9504e710af2fa9e,896460,660634.0,656.0,0.000993,1,1,192
2025-05-12 21:57:42,02edd167d57b82c7493e443cb4ae8fce870a81620610b4eda92f426aa5691f67,896460,1325690.0,281.0,0.000212,1,2,223
2025-05-12 21:57:42,2f92c153a8c104575e11a029d30f366d6baa636d332d23627c0c71476672fe7c,896460,852107.0,1377.0,0.001616,1,2,193
2025-05-12 21:57:42,010fd6bdf9ad19a0e26054baebd08988dab762c8fc913833ed66d6a8fef567c6,896460,863211.0,780.0,0.000904,1,2,196
2025-05-12 21:57:42,b218ccea003f4af8131f72d56e8fa925aba606064c0da20b1daad74c6d1ee53e,896460,868854.0,459.0,0.000528,1,2,193
2025-05-12 21:57:42,2452f4ec4ae860623b41e505320cca18d45d46d7d758a94c0313f619f29c673b,896460,874208.0,306.0,0.00035,1,2,193
2025-05-12 21:57:42,e70f1c1deaccf83b0802810ccb9fbcc9cef6a0602a269bb06f2dca58f91c7fe4,896460,879409.0,153.0,0.000174,1,2,193
2025-05-12 21:57:42,df62a7e4840b68b1b92e2245661858cc26a9348fbb5e458478ec8769d539e5d5,896460,889352.0,153.0,0.000172,1,2,193
2025-05-12 21:57:42,2fc1821899fd113060109d1b385411e580cb163e9111659f6ffdd9181b971ac9,896460,12771811084.0,2860.0,0.0,1,21,835
2025-05-12 21:57:42,01e600735765431551d0cdec57aeb86985182e7cb1fe1720846fa18eb47720c5,896460,896333.0,1117.0,0.001246,2,1,632
2025-05-12 21:57:42,4fbe6665cefc4c801be7c50a0a8bb621d3876b35fd282bd791a17ff647d78df1,896460,359408.0,734.0,0.002042,1,1,191
2025-05-12 21:57:42,4816e9b25f9474e36cf31e83f4422817c6b1d5d4afbb1713b62b9d5cfaed573a,896460,546.0,651.0,1.192308,2,1,269
2025-05-12 21:57:42,d9d83476d5cbf4b300f025b60014c84e1dbc93426cea978dea25b70ea8ddbfa3,896460,80200.0,393.0,0.0049,1,1,153
2025-05-13 04:15:14,5cafbb0d4a2f3d6155f5ff0039ac1ce11448e38b192ac80eb62b4404a05e5979,896496,27203.0,132.0,0.004852,1,1,191
2025-05-13 04:15:14,287c55aae56d2049ea4847bc7ba1298acb895c08e0be7f38cb32b56eed174262,896496,34829.0,132.0,0.00379,1,1,191
2025-05-13 04:15:14,32307cc338100bea45454e2ff4ae76d3f844711f863291a0e3f81712129b1a5e,896496,15755.0,132.0,0.008378,1,1,192
2025-05-13 04:15:14,197fd7eb791aab6f23536d4c81641d9c07345955cccf10c64c3dfe4bc6d5555d,896496,38638.0,132.0,0.003416,1,1,191
2025-05-13 04:15:14,b97964a5b418f09bc909967aedb3d9732d91a3f22d93bfe9b0bb672cebf7f45b,896496,68189.0,132.0,0.001936,1,1,192
2025-05-13 04:15:14,1a070521732adc05f02d27619b06aa245f1443b81fb08ebeefdfee4ecad95252,896496,245693.0,132.0,0.000537,1,1,192
2025-05-13 04:15:14,2eee9da0dad98a394c4ee78efc69e1da8d3d5503e51d4b47d6a3f52b9f276242,896496,98250.0,132.0,0.001344,1,1,191
2025-05-13 04:15:14,7078b9339f61e51abfea078984666b1fdfc585abc0e1fe7800bfecd8a4b10f40,896496,209651.0,252.0,0.001202,2,2,341
2025-05-13 04:15:14,e40110a4f8b2347a83a3dce8cb53419458ace1eb5ff47c4ea4a12179cdfd263a,896496,1321557.0,252.0,0.000191,2,2,341
2025-05-13 04:15:14,c78712fbe4723608f87de5af9358d39f6fd72b42dd839229e9a03d7477160a30,896496,902565.0,240.0,0.000266,2,2,301
2025-05-13 04:15:14,3f841e9cab3a88745f26bae49a3bcbc39242d6f7c8dd273406fc2892a88a3927,896496,474934.0,132.0,0.000278,1,1,192
2025-05-13 04:15:14,7064cfbf036f31a87b6dc64918afe4b8addebc9a48a18fc79d71e0f1e430ad17,896496,48545.0,132.0,0.002719,1,1,192
2025-05-13 04:15:14,5a14d570c5957c8d204e1e6708b83b3b2604764f7cdc50e900b464fc7e087b12,896496,110976.0,132.0,0.001189,1,1,191
2025-05-13 04:15:14,fbfdcfe434729e53118b7c9f22eede66fbf2d5fc6b8783c741c2b0a31bb3ae0a,896496,46180.0,132.0,0.002858,1,1,191
2025-05-13 04:15:14,61375bb71897673fe6c730c8e13967d7ff3f1c8ea2ff1addf4a2bdf2c0571f05,896496,18863.0,132.0,0.006998,1,1,191
2025-05-13 04:15:14,3eb5b20d7f77456ae304071fdee2ef6a63d674a03f8ea98764ae745c817ab104,896496,136948.0,132.0,0.000964,1,1,192
2025-05-13 04:15:14,564d3422b38d57eef68d5ac9912f86df3b1592acca80625eb3cb7985d2b36704,896496,20471.0,132.0,0.006448,1,1,191
2025-05-13 04:15:14,afc7e6e26550eab336212b743239376e093406626ad7ec4ab4fc50b38d7b1c5b,896496,216529274.0,401.0,2e-06,2,6,496
2025-05-13 04:15:14,071b1a3d5345673d596075799d494d4b3241b4a0b9b566f7b22b795f2bd522b1,896496,60273189.0,323.0,5e-06,1,6,350
2025-05-13 04:15:14,2df10060d9280d8acd5a5179ad55705adb993396fcdf7ab2231078cc209966b1,896496,962750.0,251.0,0.000261,2,2,371
2025-05-13 04:15:14,e3d79a34d80d0b1b05a2e941766bcd18420ea0dd4d37bfb6d2d6062df56308a7,896496,34974981.0,251.0,7e-06,2,2,371
2025-05-13 04:15:14,cab6ff32b7df6d8ea03d0bfbed179ac50651ff625fad4047b2b657f6df2b0143,896496,440873.0,251.0,0.000569,2,2,371
2025-05-13 04:15:14,b4c929ceed23e84d55120d86989ad2b7bdf95bbd140569afaa7016250417e31b,896496,2037833410.0,251.0,0.0,1,4,290
2025-05-13 04:15:14,3e31ed4c025196048b60aac8c9f09f4061d754c7a5a42569f21d47f2adceef15,896496,3820736.0,251.0,6.6e-05,2,2,372
2025-05-13 04:15:14,9bb46c27774e0a6cd7759fecefae4cf7cfe71f3dd7104c55ea87d0b0198dce00,896496,173855.0,251.0,0.001444,2,2,371
2025-05-13 04:15:14,448b89aeeb86dfbf81ff82b19fd24b13277e150e7cc484bdfd191629427b03d4,896496,412167853.0,245.0,1e-06,1,4,286
2025-05-13 04:15:14,7faf863edb12031e586b01e76aa077f2a2f232b3b9f4868a5da4dd2e9615db99,896496,4110780.0,221.0,5.4e-05,1,3,265
2025-05-13 04:15:14,4e0dadbe900ba1fdcddc8e01340c1a061ac54b7c1824ad7aa096fd3a9c448cd6,896496,171888.0,215.0,0.001251,2,1,341
2025-05-13 04:15:14,285adfbb5ca88947edfd86b2e5a61addc0f267fce886c8666476bde1c3972c7f,896496,348129.0,561.0,0.001611,5,3,871
2025-05-13 04:15:14,898a88547e3d62cbbfa2bbd41a5a9585520773c6b0719732f21ab4004bc5dcd5,896496,253345806.0,173.0,1e-06,1,2,226
2025-05-13 04:15:14,3154e352d0f49ac8939ebeb80b47442e85eee11f7df85a0445292170060bb83f,896496,260555.0,173.0,0.000664,1,2,225
2025-05-13 04:15:14,2e33c728ee9c65b24adcc698f371a2da27234118629da76bd94742f80a361631,896496,41496931.0,173.0,4e-06,1,2,226
2025-05-13 04:15:14,b382c706f06e0cae26254c82629614c187dfa7a0f7d7d0754f08949658a21823,896496,333580.0,173.0,0.000519,1,2,226
2025-05-13 04:15:14,f3cb5676c42e4a2ece4d6db2c09d9e06cb1b69748fb382f824bb82aa62b0f03e,896496,109593.0,214.0,0.001953,2,1,340
2025-05-13 04:15:14,7b22668403604f1252208b55eb3e5a628183facbf0c03ad5a4633be74eefe482,896496,269760.0,253.0,0.000938,2,2,342
2025-05-13 04:15:14,838701e19dc647d6ad101c7c2cd40f291adb2fa16ccdb03a911a780d970f74c8,896496,299755.0,264.0,0.000881,1,3,301
2025-05-13 04:15:14,a3a3a0b1c5538161e3ea0c8ba86e65d2151825fea6aa59576e21a1c00b017a88,896496,97728721.0,184.0,2e-06,1,2,235
2025-05-13 04:15:14,1bf8ba3c16689a06f996808dd1f83e7633377e23b2a9f28de9324f8b0bef967a,896496,21029028.0,184.0,9e-06,1,2,235
2025-05-13 04:15:14,91c99b13c73e8ce846c7a61aa305b322a42104a6057ca836b5f2e168c8b76962,896496,1005237.0,373.0,0.000371,2,3,472
2025-05-13 04:15:14,2c0eb51c7bc175bd6ad4770169f4db495cf3da24e736d3e7da7dc5f780cb75a5,896496,1111986.0,254.0,0.000228,2,2,373
2025-05-13 04:15:14,f34201b3b8179eb4950cc788ac077b2d4a6e4b5a48b3778293e5618901b3fa3c,896496,26657.0,295.0,0.011067,3,1,487
2025-05-13 04:15:14,135c712389312ccdf9d46832e937e17240f86a05bf3859405e400c8c42d4452d,896496,153664.0,336.0,0.002187,3,2,522
2025-05-13 04:15:14,4457043849f9687fcc5465201c7a7c2e41732016193e911d5375d6b07b14a6ba,896496,114523956.0,991.0,9e-06,11,2,1710
2025-05-13 04:15:14,b4a9ab863f48b4f8fcd933b2b40a34158e1ab225320ffa48857883cefbaaa8b0,896496,1384266.0,2626.0,0.001897,31,2,4676
2025-05-13 04:15:14,698afda187eb303df0811695334e396827564ab3c9d5cd5a9c727abee30e3e11,896496,62541.0,251.0,0.004013,2,2,370
2025-05-13 04:15:14,baaa4130554e48c359acdbf21a04acd2696d6b36d32cc1e034a7f5e83eba3bce,896496,16343.0,214.0,0.013094,2,1,339
2025-05-13 04:15:14,34ffadb3a39e441a5e0327bdf210f43363cff5363d3e579ba4589dbb732021ee,896496,3936251.0,187.0,4.8e-05,1,2,205
2025-05-13 04:15:14,0afa551807ba2e72d221ca47ccb8e26a4229aafe2f9cedf441be497c99a819c2,896496,684602.0,187.0,0.000273,1,2,205
2025-05-13 04:15:14,9359b46e078fd321709b7ccfff43d9eff9ead276370b4c86f4789b01c588391c,896496,2582652.0,495.0,0.000192,2,6,552
2025-05-13 04:15:14,60dfcbfb08744672566d0e7f71302e0cba67f0b174be43bd373db3a51e1b6d4a,896496,581837.0,1210.0,0.00208,9,1,2596
2025-05-13 04:15:14,2c978b9f2303fc3bbe1f37547b1a591fd3b40a7ea14111ce9f11388403235cf3,896496,799.0,201.0,0.251564,2,1,257
2025-05-13 04:15:14,40fc4df8b653bf027a2524ab0d314ae638ffde9a9fa844115eef3dee9c7a1a78,896496,799.0,201.0,0.251564,2,1,257
2025-05-13 04:15:14,c55cab1283ee9d81f3846bdc4f63879d6815fd8e4acc496c6278b00509707aa9,896496,55239.0,248.0,0.00449,2,2,292
2025-05-13 04:15:14,3eaea6d989111dd112298406b40ab84c54846eef3e02da5c1dd540ab76074bc5,896496,47533.0,224.0,0.004713,1,1,406
2025-05-13 04:15:14,473f74864ab5366a59de425108ae5ca821bfd96129f6588ee3fc46dd2dd3821d,896496,28616.0,224.0,0.007828,1,1,406
2025-05-13 04:15:14,e1141c711e4edfa69e30942d725a9d87eb03905fcfa6a2ade7b9423b2879594b,896496,1262000.0,2077.0,0.001646,20,10,2582
2025-05-13 04:15:14,6f27cf64288cfb4cde2d8d455dc7e599f1db7d8c8cb8e562eb341471ba5d0c38,896496,2175485.0,438.0,0.000201,2,5,495
2025-05-13 04:15:14,82bbad8d5e94f5f0768b7192f316f6e2105e605df66947f65f49520f17e5e947,896496,36777722.0,433.0,1.2e-05,2,5,490
2025-05-13 04:15:14,834725ee1237e7dae5847fff7b90bddb0c49dfc97665516b4fecdb527f640eb1,896496,439730.0,431.0,0.00098,2,5,488
2025-05-13 04:15:14,35a67693c951bea08a67af2ab5c5c06e7c5b42c8b61d077da8e46cadf51cd5b1,896496,399392.0,190.0,0.000476,1,2,195
2025-05-13 04:15:14,d46dec5109ab55347b5ff7180408f344cd2af46156dbd14e5a2eb9bcb7e6b79c,896496,472013.0,260.0,0.000551,1,1,406
2025-05-13 04:15:14,8225141158b59a7684e48caf85242dab728b8d8c11e1a9a8ff5b6d2e7d32831e,896496,4999440.0,215.0,4.3e-05,1,3,265
2025-05-13 04:15:14,b7491b7030efc3ba5530bdee4b54fed34dfefd71bae2d140a9e91f7ae6f14fa6,896496,1861215.0,208.0,0.000112,1,2,234
2025-05-13 04:15:14,e3f0dea142515d9738616bd7849e9f38cdfc5abafcd91f77682a2277135cbfd5,896496,1411715.0,211.0,0.000149,1,2,234
2025-05-13 04:15:14,9e5fa70dcdb84ea093c2a7cb554ac8bdb951a8e09d58e17c7e4b573a8422135d,896496,54789.0,303.0,0.00553,1,3,299
2025-05-13 04:15:14,375cb31728eb11fde499194151ad4b468d2c79689b687d02ef8a5b77c4ab462d,896496,7621457.0,303.0,4e-05,1,3,299
2025-05-13 04:15:14,526c91ea0934859b158bfebcb00f12530ffabd668bbe2a4442a94420de91ddb0,896496,43189.0,1210.0,0.028016,1,1,192
2025-05-13 04:15:14,b05f31fa297b0f8082933b696cd550236d2da53543b84491af4102fcac3bc92b,896496,46252634.0,3884.0,8.4e-05,1,106,3611
2025-05-13 04:15:14,ebd6c4ba3b658af68a6db467e254b6587c8181237fc0293eb45a6e6da3d8baec,896496,68320.0,257.0,0.003762,1,1,405
2025-05-13 04:15:14,1de213d9f4b0619e1abd4cd92e93d7027bf719a6e1a4ff8e532c30ea250665b2,896496,1535581.0,208.0,0.000135,1,2,234
2025-05-13 04:15:14,9eeb0df01514115036eeb298fab3110abc77717ff825ea92033562c82f911780,896496,5929.0,260.0,0.043852,1,1,405
2025-05-13 04:15:14,5ed9920fc5780af8de8745cbde9b58eaee2d9da25b58f0839cd5c572cea52f0e,896496,2983095.0,208.0,7e-05,1,2,234
2025-05-13 04:15:14,ff1d871714261f30c3ca69ab9b071abc985fa36b2cf95b21dcb8720d4436b867,896496,403.0,143.0,0.354839,1,1,150
2025-05-13 04:15:14,6c7bbccd94a9123ca8a5eded645b07c439e7893e66177e7e17a44430b701b106,896496,357.0,143.0,0.40056,1,1,150
2025-05-13 04:15:14,f80450fe5642884703e7cbabde8c11c8fd7daa1e56cd8350514b1ae0b9c17e05,896496,403.0,143.0,0.354839,1,1,150
2025-05-13 04:15:14,1d336f07d97e22ba2da56b24f46526b4c84363f9b60b2df1c2317858c957f1ec,896496,49153.0,359.0,0.007304,3,1,487
2025-05-13 04:15:14,7a819e7a1116c4e849feca8dccac64a0617ce08c11f7f118d9bae4496fe94ca3,896496,21618898.0,208.0,1e-05,1,2,222
2025-05-13 04:15:14,7dc1fed90af34ede397b1645ffff20fad7ec0f494a308599cd61e03983e6ac69,896496,282942.0,226.0,0.000799,1,2,235
2025-05-13 04:15:14,858a0d7151d2e7ad92dbce7a6f459b98a2efc4e3be20c5d6b7589871dc3d58ec,896496,330.0,228.0,0.690909,1,1,324
2025-05-13 04:15:14,4da1adfe8ed0969000967c716431645d74aa66e682f79dfd8e3fcb36ca990ba2,896496,330.0,228.0,0.690909,1,1,324
2025-05-13 04:15:14,ac01b1491e3b56d734f1b67d37796e3ed1a60ac83fcb23836d37d60f2dc2f67c,896496,330.0,228.0,0.690909,1,1,324
2025-05-13 04:15:14,3b73b1fb15163146aa2edcfe006b91c5baa777c92766097b078954b0d4301956,896496,330.0,228.0,0.690909,1,1,324
2025-05-13 04:15:14,f2e55994dc0185cb47769009bbb14cb3b984491ee33ba62b0da7aa67d891f61f,896496,330.0,228.0,0.690909,1,1,324
2025-05-13 04:15:14,6dbc567394cbb2c29bd84680d20684a0eb953488da898a480dbf74a676136d8f,896496,14113253.0,489.0,3.5e-05,1,6,377
2025-05-13 04:15:14,49367036dc80b918e5b4bd980839b28e261994dc64f6dfca28835c762ca1b777,896496,4929719.0,222.0,4.5e-05,1,1,162
2025-05-13 04:15:14,d5ab4d0aa1e3375b4f65f160a1379b3ad78c00883b68e46222cf56077095676c,896496,4929941.0,112.0,2.3e-05,1,1,162
2025-05-13 04:15:14,80dcd996fb7d59594b5f5ce2d2eb9ec569ef1a70a7140c4fef5bc8904ba247b0,896496,1079000.0,500.0,0.000463,5,1,581
2025-05-13 04:15:14,92d89aff168f70121efff099719d6b92078cad50c4b395be6666a537db4d40dc,896496,99666.0,880.0,0.008829,2,2,679
2025-05-13 04:15:14,a430013d60acebd990999abb33f921ca36b45b0de1e484e07a16aa430643959c,896496,546.0,250.0,0.457875,1,1,332
2025-05-13 04:15:14,feda44b19fea391fb5ed5d99c1bfbee8ac41160202874e3cfdca430d3a23ddb3,896496,99550.0,450.0,0.00452,1,2,392
2025-05-13 04:15:14,e271d37de38f736d56a5189b11f2e2fabad81923a76caa07496a2b99c25f891c,896496,45967608.0,294.0,6e-06,1,2,381
2025-05-13 04:15:14,05aa4ad454b0e921579e6879d4bbde9774f67f491c1f781913ce512d42db4cc5,896496,317245.0,324.0,0.001021,2,2,372
2025-05-13 04:15:14,2ca3a69901de66c1277dad070f50644266fe271781db5b3c7d5cef0083738fa2,896496,589013.0,277.0,0.00047,2,1,339
2025-05-13 04:15:14,4edc503bf5a708b14eea4373a572cab2dd5bdf7e0b53814058a7afcaa827e263,896496,18303188.0,1973.0,0.000108,9,14,2122
2025-05-13 04:15:14,9844b4d5ebbc6029df50330957f07fb0552350638a9cee1fb6775917fbe97bd4,896496,400075.0,271.0,0.000677,1,1,406
2025-05-13 04:15:14,5c4ad2b36c0dec1768b94d658848e70b4168878824bf6c5834dacdc7bacd47ff,896496,158884.0,451.0,0.002839,2,3,448
2025-05-13 04:15:14,a33753976a49c8ff0a161811ef61715317efe94428429797fa1cf4b4919718fb,896496,2541028.0,451.0,0.000177,2,3,448
2025-05-13 04:15:14,eb5a570f51657b37d2687adc10b9edec88216172d2a3af0c5a70c411a82a1c7a,896496,1097835.0,1674.0,0.001525,13,5,2058
2025-05-13 04:15:14,2fc1c2ca1ca5c2f8e367d351dce6067843321def9879fcd8b1676459b670997a,896496,2683000.0,955.0,0.000356,6,1,1083
2025-05-13 04:15:14,3f25756b1c0554e06d9d06c41f19817a6a3693a2c5607da403848e4f4bd6d89a,896496,683900.0,521.0,0.000762,4,1,648
2025-05-14 19:23:31,8b5c02f80deffe463a18eaad1f5a0f8dcd620a187548b36969d6a489941a00e9,896711,332233.0,385.0,0.001159,1,1,191
2025-05-14 19:23:31,90aeaa6e7f16f70e7ce3626a8b419bd1a9437095839c3064945a467193ea18d9,896711,2227735.0,385.0,0.000173,1,1,191
2025-05-14 19:23:31,3e723774720086e94d2c4b176e5286839230afb24d2cde33c0b4423ddda0c7d8,896711,75711.0,385.0,0.005085,1,1,192
2025-05-14 19:23:31,7323982f7c4deeefaaa6f4fce87ed112e44de45529d52a582ffb71fea402fbc4,896711,167511.0,497.0,0.002967,1,2,224
2025-05-14 19:23:31,f396792ea7b6e823caf1ae59f572a9d4a98a4b83f4b489f92d278f138acd039c,896711,52144.0,497.0,0.009531,1,2,223
2025-05-14 19:23:31,534353173c7227a367f52abc7ce9d778cfca82e49c8b1d1d7683c45e955ef296,896711,2410103.0,385.0,0.00016,1,1,191
2025-05-14 19:23:31,882b64d8f6d067938bb3f283e29bfdfe3d4572098346cda2fc053b4ee0cb2194,896711,81374.0,385.0,0.004731,1,1,191
2025-05-14 19:23:31,2d4589e23081e187c598e41c75c9cbc36de72b090298b6d619dab5e6777c0c8f,896711,121972.0,385.0,0.003156,1,1,191
2025-05-14 19:23:31,ae14a0422e7cdcd94770a83b07eecfb4f958b7315926ae06ca74fc0097950c8c,896711,33405.0,385.0,0.011525,1,1,191
2025-05-14 19:23:31,72bab7f9dee04fb90f36974d5178d85088b1c4798ae52ca8def569ecc9a09a87,896711,270948.0,385.0,0.001421,1,1,191
2025-05-14 19:23:31,54cf0a9f265239dce96f748d2740c7249799dc3186b4a59bd49608626d31f07f,896711,203896.0,385.0,0.001888,1,1,191
2025-05-14 19:23:31,5822361cd818874ce712e2a458ac8d324c4da9b777d66f4cf403d5d0daaffd71,896711,1932212.0,385.0,0.000199,1,1,191
2025-05-14 19:23:31,f69829a09bace26ff0d0a5fde8b46f10f8f65c39e10d774d11bcc1a96bc09f50,896711,4838758.0,385.0,8e-05,1,1,191
2025-05-14 19:23:31,eaae8308b9c480e4149460f7bf9ff6f77a3bb70241c922da94a3fc713fea584c,896711,29497525.0,756.0,2.6e-05,1,2,379
2025-05-14 19:23:31,8ec32d98dee5eeda46a45d7c8772869f297b27f09b9ea3af191c3ffa39a14ed3,896711,31431470.0,567.0,1.8e-05,1,2,380
2025-05-14 19:23:31,58fd942135bf06279a8425d6196c69a88a1993a110ac6336a33292027d649c47,896711,37835.0,385.0,0.010176,1,1,191
2025-05-14 19:23:31,a82233734d8e1de0b99788dda749431a0773714ac894107d8b678acb69a5cf45,896711,89203.0,385.0,0.004316,1,1,192
2025-05-14 19:23:31,6214acd5bea76334757cedfa9fc5e53fe2adc3bf3e9c3b834d6aa4a4cd915c3d,896711,269135.0,385.0,0.001431,1,1,191
2025-05-14 19:23:31,f666e115ef4e835cbe37a6154276bc55666e86a9c263a24dc6b2135d118d8039,896711,232334.0,385.0,0.001657,1,1,192
2025-05-14 19:23:31,4e79f2a8d3986162c93b16296320828b5f90f7d24f666f99b81161b5bb979a32,896711,74279.0,385.0,0.005183,1,1,192
2025-05-14 19:23:31,17a343b3d4fd2e06f03f6bdd790e134da3abd4dcbce670069101502c52636f2f,896711,665246.0,385.0,0.000579,1,1,191
2025-05-14 19:23:31,8dc97926357cf6bdfb5efd11ecb6e99c7c62456cb3303f726ab7f90565e9fe2d,896711,40505.0,385.0,0.009505,1,1,192
2025-05-14 19:23:31,e1558f7f83d7b2545526efe028a286c5a6376c6b6f5a2ea5e4fa782bcf660529,896711,905462.0,385.0,0.000425,1,1,192
2025-05-14 19:23:31,d9c8b9a9d6b09f7c4605dbda35df1da979b427717ef54d7dbc21fda8c57fa224,896711,15962.0,385.0,0.02412,1,1,192
2025-05-14 19:23:31,d7803ba4514e1aed0edb9a64402c0c53f711071f570ddaebad812a6a1994a911,896711,23648.0,385.0,0.01628,1,1,191
2025-05-14 19:23:31,8957cae4835d2199f62644ccbc940da0dec6285254fb4fc719aa75440c728b0a,896711,45233.0,385.0,0.008511,1,1,191
2025-05-14 19:23:31,a14cea0728c5a566b12254e8269ffa94827735c748d144e02a9bc1d2babc0a09,896711,1572640.0,385.0,0.000245,1,1,192
2025-05-14 19:23:31,218580c4e56478bf0d55a61143656966b1cc28af3183a6dcdcdd6b8d17ed7e06,896711,14965.0,385.0,0.025727,1,1,192
2025-05-14 19:23:31,07444e68ab3f2ad7bc1a8561de8fe7e2c0f847c55a971d5f9e0c771de95b1406,896711,39116.0,385.0,0.009843,1,1,192
2025-05-14 19:23:31,145365fe8ffd8b91bc6df40b8b2b2a7186df5975c07561d8d215f9e985b73b01,896711,2313717.0,385.0,0.000166,1,1,191
2025-05-14 19:23:31,fab6010afab130dacd938187aef16fcc1489556eeac632984b01cc6d280028d7,896711,203000.0,862.0,0.004246,3,1,489
2025-05-14 19:23:31,9a48dd8c22a757ce1e6a61b072c198140a9eb7a73ce316bd3411bfe0a5c0e969,896711,480523.0,1340.0,0.002789,5,1,784
2025-05-14 19:23:31,d435d26908de3f3b7a091c27eedd60939038544c186904954d8641b4d95264d8,896711,879318.0,387.0,0.00044,1,1,191
2025-05-14 19:23:31,30d1c4e1778f6ca3cce25ac4d68b8cafd5b773ddf18f7c054bd362033e67cd14,896711,558737.0,1140.0,0.00204,1,2,283
2025-05-14 19:23:31,a3c1961e167adab559782d883387555843d155954a6fca38c11057f984f21f93,896711,559877.0,855.0,0.001527,1,2,284
2025-05-14 19:23:31,40376bcef6bcec58b6df6af5312bce783ca3f3b3de942a472b6d445ad160da16,896711,567428.0,500.0,0.000881,1,2,223
2025-05-14 19:23:31,2dcb89b97939a73aa78c94665c5b2212f428c56332276f883822d3777e89ba67,896711,3656973.0,1824.0,0.000499,7,1,1080
2025-05-14 19:23:31,ff549b730e4b2212b47ccaf98e99a732174cef02432f622eed2d2743e9ae46d7,896711,7531.0,2702.0,0.358784,3,2,407
2025-05-14 19:23:31,0daeb868d9874f4378e4571e435c0c51e95eab6e18a6f3ff00db48bdc6004cc6,896711,220651.0,254.0,0.001151,2,2,313
2025-05-14 19:23:31,1f2c2df79bf81661f762ab3556c327cc5859f6456b3db30f09c045ba76b5a971,896711,480132.0,241.0,0.000502,2,2,302
2025-05-14 19:23:31,baf0d93a1546024eba3b8c97a95370255a18b7de0bc85458fdac5fca3e9e8522,896711,959038.0,424.0,0.000442,2,4,516
2025-05-14 19:23:31,41e5df22ee06b6696d18dcbf58b250ec9103823fc2e5fc792c895269b531e9cd,896711,496490.0,510.0,0.001027,1,2,226
2025-05-14 19:23:31,554f0598c75b3973b51a511157c5b25ff160b55de5c8ed9451a5b47d8266834a,896711,56852.0,510.0,0.008971,1,2,225
2025-05-14 19:23:31,b585b2c80210ac4a75ee10b0897ce5b27e31ce66605aa7cfb6599e5b9a51b97d,896711,2886.0,2678.0,0.927928,3,2,407
2025-05-14 19:23:31,9deaff5b7a045088e464d94508a52c02f99d7d754e6dc68096bdd2d3534688ae,896711,118128.0,240.0,0.002032,2,2,301
2025-05-14 19:23:31,491f9ec5a56406a4a7a5cb47a32f4d1877c8cf6239a4bf8d5428496d5e59f813,896711,118128.0,240.0,0.002032,2,2,301
2025-05-14 19:23:31,9594a60a82a0805f97c0ee6cab4749e1969ea8c4c8a5dd4a84f0593389313aa5,896711,260769.0,424.0,0.001626,2,4,516
2025-05-14 19:23:31,2b68107344b988d13877f4a4e024f62835a992ccdfeb30e204ae17d270b1ba81,896711,45200.0,500.0,0.011062,1,2,222
2025-05-14 19:23:31,524f54e5b784d102a254401698340b301d3fd4e3c969f4825be7ca7d56f0b264,896711,2579151.0,500.0,0.000194,1,2,222
2025-05-14 19:23:31,d498a15d96fec7f39f97cc661f5ddc9ab065adaf55b06efa70720e1da3e1ec4f,896711,3464981200.0,500.0,0.0,1,2,222
2025-05-14 19:23:31,3dc16ba30a122b07fa96f7f8dba678a5f9c22950528506f5441dbe6bd680de87,896711,173879.0,2407.0,0.013843,7,1,1240
2025-05-14 19:23:31,40eea4f36ec9ee39f3117a25767f72347bcd17a9c184f5f6ada5ceaa5cda2c34,896711,20643763.0,506.0,2.5e-05,1,2,224
2025-05-14 19:23:31,121a9c7f23ed26dba95fff9bb1f9e072e52106d1fd5dee459786d56e360cbf5e,896711,16321.0,679.0,0.041603,1,1,190
2025-05-14 19:23:31,2de0a4baa66c3372a09e965a69364b8cfee614f7439a5f849af73f00c6f4b522,896711,25232098.0,1450.0,5.7e-05,2,2,372
2025-05-14 19:23:31,33ad03f0be084c91ad1aa6e08114207906388a0b8f26c3a7b63ee744dd5af438,896711,25207594.0,579.0,2.3e-05,1,1,192
2025-05-14 19:23:31,d153ba62183e4297669d5b94fddb2d9a68ca8a58b908bdb697c8daff0d7d5798,896711,44797214.0,891.0,2e-05,1,6,524
2025-05-14 19:23:31,54d073ea03a3582dc106b59b674ec85edd2cef863371ecfcb2accf64f56a21ea,896711,27896.0,678.0,0.024305,1,1,189
2025-05-14 19:23:31,4554c416aec684d1f0d933623e3000a8756005e5a247357b2c69f4462c8a8f78,896711,13499322.0,678.0,5e-05,1,1,189
2025-05-14 19:23:31,3a7482ddba1860dab48401e3c8ceccd41727a81d65d2c7fde53b49555bf82c3c,896711,66885.0,506.0,0.007565,1,2,222
2025-05-14 19:23:31,7871b8c3caed6da0ff1c2d4eeaf4b1e276f91624034cb4142485ccf81ecef61d,896711,219229.0,938.0,0.004279,1,2,197
2025-05-14 19:23:31,e34b2f7364debe47aa8923689a3ed0592ffcf8d167a4120792680f7d073ebd0f,896711,220167.0,224.0,0.001017,1,1,406
2025-05-14 19:23:31,8a04e1d8effc8d980cd5602eb4af252a43175f33752eb81f7bac1ffef178b8ad,896711,1065931.0,529.0,0.000496,1,2,234
2025-05-14 19:23:31,359b12c141fd98678bac8fee0bee6a12bd0123a18957eb72bd775ab7bfd66aab,896711,33661.0,687.0,0.020409,1,1,191
2025-05-14 19:23:31,e64f4148d16002a82525a7cc64d336e7dc396ea15518721d83f6c57d5a4251ce,896711,22357357.0,518.0,2.3e-05,1,2,225
2025-05-14 19:23:31,9a90dd72bb31140e42ea3c6d66a35683018a96efb65d52aed2cfa893dfc4546f,896711,2800076821.0,518.0,0.0,1,2,225
2025-05-14 19:23:31,7863323939078c88be198540a0d79f2aee3941446e03a0be215c5573b90a3244,896711,21929.0,518.0,0.023622,1,2,225
2025-05-14 19:23:31,3f7d01a58bc2037ae83ff48fe5833fa1691b30c5d57615f076adedc748e5990a,896711,9376213.0,518.0,5.5e-05,1,2,226
2025-05-14 19:23:31,d69ceebc7802495c87085701e161bfadcab39c085423f81386036c97586592f6,896711,5612179951.0,662.0,0.0,1,3,266
2025-05-14 19:23:31,c588fce900b7e854f4d760c66f4527d1e4b0d4a82e3e0a2cf4b1bd72df6b8257,896711,6767537.0,734.0,0.000108,1,4,286
2025-05-14 19:23:31,818bbd906ccee203081d712bf57f7e6a825485062b0bd7ead71d751b94fad838,896711,101577.0,752.0,0.007403,2,2,371
2025-05-14 19:23:31,8bd6ed289a64e66cd49ea6d16bd3826acd08ab1578c4407c02848691998e6338,896711,34528.0,752.0,0.021779,2,2,371
2025-05-14 19:23:31,8810ce89ddd30ed1e93ab8e859cc053b164ff08b47c85e048823ef1048671711,896711,68379.0,752.0,0.010998,2,2,372
2025-05-14 19:23:31,ca30100aa40962bdf2366525c40b9db841b4db8c323e24adf4878d4fa95e4bb9,896711,237261454.0,511.0,2e-06,1,2,223
2025-05-14 19:23:31,be453c20b3e7e316d0f84d6c3c607597f9637f5224c3ef5fb226b687892e56b0,896711,22834819.0,511.0,2.2e-05,1,2,224
2025-05-14 19:23:31,30703f8963248d273c3fff998cea373876f681aa3373e0234b67150d4e65fdac,896711,205275346.0,511.0,2e-06,1,2,223
2025-05-14 19:23:31,b380398fc1c786b9e6f8b671482c127186cadf02f9be447a3f3241f200cbe5a3,896711,42361688.0,511.0,1.2e-05,1,2,223
2025-05-14 19:23:31,94df6acde7e90e955b5f76e8e8ccbbbefaa62aa1c0106b2714e4486a6a51609c,896711,32392521.0,511.0,1.6e-05,1,2,223
2025-05-14 19:23:31,0d8efe6ea5f9145089ac066eae23ded1547ec45d7247c733ab408e41b353e77e,896711,95311375.0,511.0,5e-06,1,2,224
2025-05-14 19:23:31,446bcdf240637f9915e9e2a7ea7e2790ca109820725147d6f40898854790ba76,896711,139230877.0,511.0,4e-06,1,2,223
2025-05-14 19:23:31,193ca6a75595d99c4b4f40ebafcccd9ada69ec8db005df8bf8d8b0e322868750,896711,401975367.0,511.0,1e-06,1,2,223
2025-05-14 19:23:31,d5e92a9c12ba4d34c979ffd706c381cbee10191609d431824300e55861d53e17,896711,361644509.0,511.0,1e-06,1,2,223
2025-05-14 19:23:31,cc56343cc79cddacd632d2b9a44ac53966f6d7341870d3413fe7e6593ffbb3f1,896711,314731441.0,619.0,2e-06,1,3,254
2025-05-14 19:23:31,036a17dd3b5faaa74b3cd0883a95081bfe7677c98f01ed90d5a10e7a7da5986e,896711,1641528971.0,2948.0,2e-06,1,22,901
2025-05-14 19:23:31,d2ca6f787f69b5832d590f5d4b94515415d63a110372ee07560c5fc31832eefd,896711,942020.0,396.0,0.00042,1,1,192
2025-05-14 19:23:31,5a3af70166e1e22a91eec8fb514cff24c3ace02a0eb427a5121af66895a26bf1,896711,6972104.0,396.0,5.7e-05,1,1,191
2025-05-14 19:23:31,5eb8f924f9e893362d27686b032b65602b46f73597d8f823c06767e5b0c077e3,896711,299604.0,396.0,0.001322,1,1,192
2025-05-14 19:23:31,0e289d330df9135b3b8a60a3ddd4aea3ec7082467a81b007d1e03e20b08182da,896711,28105.0,396.0,0.01409,1,1,192
2025-05-14 19:23:31,4ac9f95e64e44d37627d7863a0ad9b5b71e219682d54e5b5dfecdc97b28d18d4,896711,2993590.0,396.0,0.000132,1,1,192
2025-05-14 19:23:31,f738f3d8fd69d3ed63674de7691517d518f77d1a75c4bc5761d0994df5dc25c1,896711,449604.0,396.0,0.000881,1,1,191
2025-05-14 19:23:31,4a4293be2893e236e6bc5b0971f15522d80e55b955248ea4ca4c42ed342f24ae,896711,427390555.0,756.0,2e-06,2,2,372
2025-05-14 19:23:31,bcff86c38f1480dbc5c6ce50eafb9f3f0397beb942808a83916476c29fc128ab,896711,29604.0,396.0,0.013377,1,1,192
2025-05-14 19:23:31,6cc9b18f23e5f72f5b3f29160b9ea452a8953dfe2a77d9f41d9c292765acd288,896711,38845729.0,1188.0,3.1e-05,1,8,411
2025-05-14 19:23:31,157e5f33be2bc415552abc8c96f8d8f6debd1414b021c181dbfcb67579b50a81,896711,1822462.0,396.0,0.000217,1,1,192
2025-05-14 19:23:31,66648ca99d7602303627d2b63213c6464aa6ec06bb1c22f8cae9be38db902a7e,896711,499604.0,396.0,0.000793,1,1,192
2025-05-14 19:23:31,0e324c15f4f21c9474eab783038a5eafdcc3f5892a467c16915b6711353e667d,896711,3898904.0,396.0,0.000102,1,1,192
2025-05-14 19:23:31,d42c2bc6628a92422cc33972348fb378b99688f7da627d5e2cb3fa0f815ae96c,896711,22885330.0,508.0,2.2e-05,1,2,223
2025-05-14 19:23:31,46942490daf8a609c9cf6527f7c8d32b27d48f45505b3505fd0981c2f46037da,896711,72885838.0,752.0,1e-05,2,2,371
2025-05-14 19:23:31,bfd8c7ead70298ea4d9d50a7463331031b60174feb3b4d4f799714c48078895e,896711,153160.0,396.0,0.002586,1,1,191
2025-05-14 19:23:31,5ab6a4d609e5d71bc3296419c8659bcca323db7030f3f5e941bdb5ca1d84022e,896711,3590395.0,954.0,0.000266,1,6,346
2025-05-14 19:23:31,f695ac5ef43a1a98ef7308fb2e74073857f7f62d641d3e17adeb6c95cf27bd27,896711,99604.0,396.0,0.003976,1,1,191
2025-05-17 07:10:42,fc1b24df98015b8d77de49cdb6f1d296250e8632c494a8d868d27e428135293a,897072,307038.0,214.0,0.000697,1,3,381
2025-05-17 07:10:42,89e90f5805927f606d7f313cdd9ee900f2afe439c9b29790afa519abcf070a78,897072,307582.0,214.0,0.000696,1,3,381
2025-05-17 07:10:42,bd4ccc170f455aa75981ac7af3fa29ff04a4a915c8c3234aeb946c575a610c5f,897072,308126.0,214.0,0.000695,1,3,381
2025-05-17 07:10:42,4e49e1be394ffa8167913f81623ce6be5b837df455316f47c3defec316473792,897072,308670.0,214.0,0.000693,1,3,381
2025-05-17 07:10:42,8b7a2498f919470be8c96a587fa67db4232a2dcabe8209271518ec9523666b51,897072,309214.0,214.0,0.000692,1,3,381
2025-05-17 07:10:42,f43fa7c0c874e4a2fd09d1dd3a7ae9aa8769e4a6e4f4aa009f2a0e721a86710b,897072,309758.0,214.0,0.000691,1,3,381
2025-05-17 07:10:42,d9d91df978055371b3f91887df833bfdb6d60bf64e3ee8a10378e16f46546ef9,897072,310302.0,214.0,0.00069,1,3,381
2025-05-17 07:10:42,940289c4daa1c03d11824fd73fc541a67f662469e58822c5c358723007927e94,897072,310846.0,214.0,0.000688,1,3,381
2025-05-17 07:10:42,0ed245f141b8bce232f13f1341da3e7472f6868f6ada65f145f21cb7a1076af1,897072,311390.0,214.0,0.000687,1,3,381
2025-05-17 07:10:42,dbc84c934365dd878aefc670d75446876c7888d0770f13c0025f41fd1a0747c4,897072,311934.0,214.0,0.000686,1,3,381
2025-05-17 07:10:42,dae36e1ec18f85ce17cdbefb6f6df52bee0c82738550b95688dc0fd5a68f6662,897072,312478.0,214.0,0.000685,1,3,381
2025-05-17 07:10:42,6cbec090fa98e7cf734f2969017ae572730ab2924edcff7655a7b19c746bad73,897072,313022.0,214.0,0.000684,1,3,381
2025-05-17 07:10:42,375ba65bb5cec3c8aa74ce8715989f09c445c26ddfd00eb277d457687c7185a1,897072,313566.0,214.0,0.000682,1,3,381
2025-05-17 07:10:42,9b551345b57e052306fb92b69576bbbc3a0b131cb4076588ace0619f816e302d,897072,314110.0,214.0,0.000681,1,3,381
2025-05-17 07:10:42,b4d1e8091ecbe1ff3a63f79793fdd6a3caefab038b36c73dab96594b2ab2e6ce,897072,314654.0,214.0,0.00068,1,3,381
2025-05-17 07:10:42,ddc72deb004262cfad8c3ef54950b451f311316e9f74f8ace3e0d1dd6079caea,897072,315198.0,214.0,0.000679,1,3,381
2025-05-17 07:10:42,5ab87d6a155b1d49b858b100b95704429c2119db1cd760b87ade27999341112d,897072,315412.0,128.0,0.000406,1,2,178
2025-05-17 07:10:42,af22499c8a0c04d0e5c566ce94cedc2acd5311b171fa1d1c0f7cdf5594f48b86,897072,7535.0,214.0,0.028401,1,3,381
2025-05-17 07:10:42,b08d8591334605f71bd3db175e80e5c1c7d82c0ff64a2255fdf4b65f224859a7,897072,8079.0,214.0,0.026488,1,3,381
2025-05-17 07:10:42,31aaa8b889390889e9bfad66486cd112b4c654a11dd5176c91b5461f6cf7f9f3,897072,8623.0,214.0,0.024817,1,3,381
2025-05-17 07:10:42,ab77aa1d7e95589e5bc9c797b8872de140e75c9f68e24b44ce40e282836988e5,897072,9167.0,214.0,0.023345,1,3,381
2025-05-17 07:10:42,d2ccf646e728393d41cefbd78d785b194109d571396c45fad3c7d14eaf07196f,897072,9711.0,214.0,0.022037,1,3,381
2025-05-17 07:10:42,735540892e2ff2dc42bdb5aadb5e54fc8bf262daf49ec8ac8f9500c8bd3ccdde,897072,10255.0,214.0,0.020868,1,3,381
2025-05-17 07:10:42,ecdf11a32dbad19633812b8262c2771015c42a044bac0605ddd919c48aa2804f,897072,10799.0,214.0,0.019817,1,3,381
2025-05-17 07:10:42,8541e9021e83fcab718f37ac9265a3f1d0b9481584174260a7436c5bc5ef6940,897072,11343.0,214.0,0.018866,1,3,381
2025-05-17 07:10:42,d0ae61eee0743e0264eae7ceaf0601d030a35a783af7bc26aba65616452e1802,897072,11887.0,214.0,0.018003,1,3,381
2025-05-17 07:10:42,740d383d3bec1785cc91d924b542edfb5e7e272d65148d61e505074af6815c55,897072,12431.0,214.0,0.017215,1,3,381
2025-05-17 07:10:42,fdaad35cef10eb608457f294986186dd59c32fc4319e38a68a66e0b32c3e938a,897072,12975.0,214.0,0.016493,1,3,381
2025-05-17 07:10:42,a3e9c4370db366288436996ade7d89aefc6132f7733e4d4d60cebd86e5391bd8,897072,13519.0,214.0,0.01583,1,3,381
2025-05-17 07:10:42,13df26ab2b497a901355b2a499f27b9bd9ae3aa3c02a95b65ca9ad2393677d9d,897072,14063.0,214.0,0.015217,1,3,381
2025-05-17 07:10:42,4ce6c9567671606ee584512ec85f41e458f0d4a55ceb216547974340d605fa58,897072,14607.0,214.0,0.014651,1,3,381
2025-05-17 07:10:42,945712067a2163801fa1c155c95d9dcbdf4426b5185e506b2dd59431323ae44a,897072,15151.0,214.0,0.014124,1,3,381
2025-05-17 07:10:42,a5e296708970c39a7f776d1971588d16b25328f4f1d035c4cc43fab2f45b4446,897072,15695.0,214.0,0.013635,1,3,381
2025-05-17 07:10:42,256a361a92a414b0c6e6c20ffe5bc80f442a7c3b8d9cfd11e904a80cf9d205c4,897072,16239.0,214.0,0.013178,1,3,381
2025-05-17 07:10:42,bd6876bf8dff0bd534c419cacbc28dfe0ff4e757988dfc9a5284a5e25bf1d75a,897072,16783.0,214.0,0.012751,1,3,381
2025-05-17 07:10:42,840f76b0d18cd6d40d1e6b834167e924953c40d632b93f6c0b18a6225565e163,897072,17327.0,214.0,0.012351,1,3,381
2025-05-17 07:10:42,0f7ce4cde463303b79fbec16a0bac982bcdd349d61a87b1f4ffaf4e25b2f65c0,897072,17871.0,214.0,0.011975,1,3,381
2025-05-17 07:10:42,26107a1035409a44899d907402940a3d144c0a2f9444956a7c9cf0e1cd958221,897072,18415.0,214.0,0.011621,1,3,381
2025-05-17 07:10:42,13933fa4e662d25047798aaf2a466ad78a8a6adc3d494e29f0af095fcf811166,897072,18959.0,214.0,0.011288,1,3,381
2025-05-17 07:10:42,3f3214c356d956afc4ded6991a9db72bec862de720e3ae8ac705520e9ecd76ad,897072,19503.0,214.0,0.010973,1,3,381
2025-05-17 07:10:42,8a69c4f5192e6327464c503a47dae7bb0664a2ac86527f3e2610e1db5ffa74eb,897072,19717.0,128.0,0.006492,1,2,178
2025-05-17 07:10:42,a3b50abad3755548578236dea91a5d09273f35c24085565f415e4f5535ca4d62,897072,303230.0,214.0,0.000706,1,3,381
2025-05-17 07:10:42,e68fb366cdfe248d76d0d0e9e8e7282ad0234ec1e35b1cdf921956b82fa43d68,897072,303774.0,214.0,0.000704,1,3,381
2025-05-17 07:10:42,eca2eb88dc9c824ac88969dc6292d1c8420f2e7333e823963e24b34e97ad1df3,897072,304318.0,214.0,0.000703,1,3,381
2025-05-17 07:10:42,bf63e1cd6994d7b6657d01dcdff9498627b71294a92d2dc53e81ca46a3ee6373,897072,304862.0,214.0,0.000702,1,3,381
2025-05-17 07:10:42,b5fec9e5be90c03b9543b6c55fb01943a4398e0d548d1c923e1f83cf3239d0af,897072,305406.0,214.0,0.000701,1,3,381
2025-05-17 07:10:42,788b5c24e597017b2334dd2c6f2c811a816739c28bce50fdcffd5a2419dcbc36,897072,305950.0,214.0,0.000699,1,3,381
2025-05-17 07:10:42,ed3296bc4f3053d2de447c2270120afd24764c442e95d185aa3a804725e7194e,897072,306494.0,214.0,0.000698,1,3,381
2025-05-17 07:10:42,9fdfbd0dfe52cc269a2bbd7bc07eb2531f12f712bc511c40dac79729d50e9615,897072,307038.0,214.0,0.000697,1,3,381
2025-05-17 07:10:42,86df220d4a68400cbf2b31076148bb625708c461d56cdd632a77660d590fb4ba,897072,307582.0,214.0,0.000696,1,3,381
2025-05-17 07:10:42,05252c2a6e351639e33c8235e4b68d947602f71ec8c9b601d10a90c498fabf35,897072,308126.0,214.0,0.000695,1,3,381
2025-05-17 07:10:42,f16b95042a3e3548f6b8c978b666a6e39396e506bdac4ac20361e51c1bc1d396,897072,308670.0,214.0,0.000693,1,3,381
2025-05-17 07:10:42,adc5c46bd8fd3eda0efdd409eeff5ab9f8ff1cb412fb0f387e74b21adc0c3de1,897072,309214.0,214.0,0.000692,1,3,381
2025-05-17 07:10:42,17b77c98b735d83c3130f38d1ecb0182b73ae638dc989e92593f5bb4eb81a755,897072,309758.0,214.0,0.000691,1,3,381
2025-05-17 07:10:42,ef418a91e6e98c023465ff09816e688fe1a6c76931dcf08a853f4deef27bef98,897072,310302.0,214.0,0.00069,1,3,381
2025-05-17 07:10:42,c24dc70aafdd787a12b2fffc22560093eac6bbf1bbad0c1df3e0ef9610faeb5c,897072,310846.0,214.0,0.000688,1,3,381
2025-05-17 07:10:42,dce4d542c9f159898e4ff0a377d57ef91afcdd989b212c255e0f92ff45339c04,897072,311390.0,214.0,0.000687,1,3,381
2025-05-17 07:10:42,232de34624cea1e084bd136ab6f38ceda2532a6cd5735e7caaba7f403ff4a82b,897072,311934.0,214.0,0.000686,1,3,381
2025-05-17 07:10:42,17458d465e5bf3954f0d60596bfd8346571957d99546eed0408b3f5380b1f010,897072,312478.0,214.0,0.000685,1,3,381
2025-05-17 07:10:42,64655a90985f1bbd119f8d7d919c87f1121dc482e25fc3dd90e8cf766abf3683,897072,313022.0,214.0,0.000684,1,3,381
2025-05-17 07:10:42,17f5c7e12b5804f8f8d53624be4223f5317ece53aa57b17bceed6736a5666196,897072,313566.0,214.0,0.000682,1,3,381
2025-05-17 07:10:42,59e48578c623e5509a62be23696d4b411cef5288270a0bb7bd82b62b62e742fa,897072,314110.0,214.0,0.000681,1,3,381
2025-05-17 07:10:42,df43081e85d98501d12d1c07fd8987f7ddd842d3431252e69df165e5cb902e4c,897072,314654.0,214.0,0.00068,1,3,381
2025-05-17 07:10:42,24c8fb51cc6725f5b874349c68d28eefcb5c05a198cd7ec7bedd1a903a3bb2fa,897072,315198.0,214.0,0.000679,1,3,381
2025-05-17 07:10:42,a30d0ad16c6d8b03ecdc01d2f47ea1d2705a968e85f9f26530e7d1bc6289d975,897072,315412.0,128.0,0.000406,1,2,178
2025-05-17 07:10:42,09532adb7670e837bf9f12bf2dcaa6a3fd49f035c836cbd351b85120f45bf835,897072,284983.0,214.0,0.000751,1,3,381
2025-05-17 07:10:42,cc7884e45d52728a8bf24b3b0abf2c4fdadffa3e84d57780665f8dd798ce8295,897072,285527.0,214.0,0.000749,1,3,381
2025-05-17 07:10:42,fde7ee3a35ec3371b56576fcda6f4b1b4ed9cbe0f9d2608f36edc59cff19e358,897072,286071.0,214.0,0.000748,1,3,381
2025-05-17 07:10:42,c3e3d7cc94c2a67077f8ffcab6d12b76971ab4d6df9fd808ef7a057a5f0f8327,897072,286615.0,214.0,0.000747,1,3,381
2025-05-17 07:10:42,652ded30b845627c332ac9b7a19060ded9d2ea85129bf20c2a75183b4011dcca,897072,287159.0,214.0,0.000745,1,3,381
2025-05-17 07:10:42,f164d5f9be836d9a87d87846d00138a142fd135153e9501d19c9c58169988a16,897072,287703.0,214.0,0.000744,1,3,381
2025-05-17 07:10:42,274cb47eb31b57e6d5fbd5095d73d2b20d8e7ea2dbab41913545e69d1dcc4cbf,897072,288247.0,214.0,0.000742,1,3,381
2025-05-17 07:10:42,39f7767ee07b9fd63bb42aecb1a2cdd20ab2bcca4c4c94c1f9a37ff9a7a98c6e,897072,288791.0,214.0,0.000741,1,3,381
2025-05-17 07:10:42,6daaaff18d2dba973131b6eaf13e84c32b8c525b570dbbd5e3e56730a07b5974,897072,289335.0,214.0,0.00074,1,3,381
2025-05-17 07:10:42,c0cf8de14c794cc63f0613ad4c545b706e1e5716e747fea6109369647dcff8bb,897072,289879.0,214.0,0.000738,1,3,381
2025-05-17 07:10:42,e9a2b2cb1422fd249b7b749e0f4fe0d25850cd574b9b5e233795a8a114c1f633,897072,290423.0,214.0,0.000737,1,3,381
2025-05-17 07:10:42,6f3bdad6d0ad8970a36dec30cff14077f7f257ba18e8f01564acf946c03c2f12,897072,290967.0,214.0,0.000735,1,3,381
2025-05-17 07:10:42,299e11e921711819056f4d3589f002354c1486dbf694f9f4337e6db8bd7423bd,897072,291511.0,214.0,0.000734,1,3,381
2025-05-17 07:10:42,6a888c1c29912541626b34303d55779c6e2964594ec1868443b0c62d362caa14,897072,292055.0,214.0,0.000733,1,3,381
2025-05-17 07:10:42,766a690b844ebb6900f99172b230e4713d18fb375658478b94ff020d0a1e61a2,897072,292599.0,214.0,0.000731,1,3,381
2025-05-17 07:10:42,735f744ddb97ae5708f337181a9fb04d5c305a07e97fd40bf6aea4fb55eb7646,897072,293143.0,214.0,0.00073,1,3,381
2025-05-17 07:10:42,b3f87282140397021852626069aa160d93a05fa9026c51a7bfc7a665b2e2ae53,897072,293687.0,214.0,0.000729,1,3,381
2025-05-17 07:10:42,7f9f0126744e49aece0bed1749342719329dc367acb2e60fb3c648f98abd5359,897072,294231.0,214.0,0.000727,1,3,381
2025-05-17 07:10:42,d5f116606f04b89483c6495df7e08323dc67331e909c0843f434cbc53f15adb9,897072,294775.0,214.0,0.000726,1,3,381
2025-05-17 07:10:42,756a86410a9e2af2f08aa35a005b08faf2a4ab9f9b4b42289b92e9981c3f7357,897072,295319.0,214.0,0.000725,1,3,381
2025-05-17 07:10:42,1e9280a4ac3de9d321db328b9d415ee04e8c910e1f06b15b356713ee25f44e7d,897072,295863.0,214.0,0.000723,1,3,381
2025-05-17 07:10:42,fa37b392cd6b5c87a052e43aaae32d9ca7e592e3e675d9d7cd94789900e8f9b2,897072,296407.0,214.0,0.000722,1,3,381
2025-05-17 07:10:42,e924acff3770bd1c79d43847299f088b6e7ec131572b26e0eb07296b1f492c91,897072,296951.0,214.0,0.000721,1,3,381
2025-05-17 07:10:42,4b6861655e094d8b9400088a5eda4d2049bf57e2af5fec794837d652b2802610,897072,297165.0,128.0,0.000431,1,2,178
2025-05-17 07:10:42,08436c4cf2a01818661b02be733b8ffc45a6161cc8aa47c872243cdb7e3f05d5,897072,1326171.0,7504.0,0.005658,50,1,7434
2025-05-17 07:10:42,544311cbf65d25715eb852ab2763b62d842833fbbdb739df46e356e6aa26cadc,897072,405615.0,316.0,0.000779,4,1,635
2025-05-17 07:10:42,08172ca815e1aa408e7395ed1f5cbe1a6d7ff8be49e089053630bf2d2c77fdf0,897072,4784125.0,7504.0,0.001569,50,1,7431
2025-05-17 07:10:42,a6cda62571a26d9e1a7c5911b9a74d7ac841eee47d7349518d2b358fb1e88bfb,897072,1999899.0,101.0,5.1e-05,1,1,151
2025-05-17 07:10:42,a7d2dc8a19b923dc4f593bf4d1b1bf9c5679c8e6d63512dd19cebc34352791b0,897072,699899.0,101.0,0.000144,1,1,151
2025-05-17 07:10:42,3cbb96e289f222a5a33b6b3c3a56dcb349feeea5757bb0aa9418f3db3c806998,897072,599899.0,101.0,0.000168,1,1,151
2025-05-17 07:10:42,1556ae49ec202c92def03e53a5833d740b812dc1efdd490c58f3869568bcdc6c,897072,29133.0,112.0,0.003844,1,1,192
2025-05-17 07:10:42,024f2bf321f77eab82f6afb7f220f216511a904e93197cc16b8ad90474b1a3e4,897072,4629245.0,690.0,0.000149,9,2,1412
2025-05-17 07:10:42,7c417b5b5ba8b0a97d96812c4b5dbef678d2357beb5f1ad18843ad13182915c6,897072,2706467.0,7503.0,0.002772,50,1,7428
2025-05-17 07:10:42,a5ab95d1dc45722ca5185f87275c20db3c4f480ddd66236767cb6680cefac0cc,897072,40949900.0,100.0,2e-06,1,1,150
2025-05-17 07:10:42,f8c3111ae1d3d61ea9a0bc0c03968a194682c77eb760797af12a1b75712c87c4,897072,849900.0,100.0,0.000118,1,1,150
2025-05-17 17:52:33,d0a1fdc1c8a40b33bc29d9349d216b23f97eb1b890409454373ec753d577f706,897134,197092.0,568.0,0.002882,1,2,223
2025-05-17 17:52:33,854c293007a0f2124e6251ee88a05f89829b05e902422b72db9181657aab1604,897134,333813.0,628.0,0.001881,1,2,194
2025-05-17 17:52:33,d2d5d741fa6a2ef1935ae11aac72e203eecb5d036e2ee29c7d3b38d3f6df19e8,897134,594107.0,975.0,0.001641,1,2,222
2025-05-17 17:52:33,079bd38c73ebb1711737156b30bfbaa919824e89270eebdfb1ee4e22f0de3333,897134,208499.0,975.0,0.004676,1,2,222
2025-05-17 17:52:33,eeacaecde469ea5bd713ce9edb95e07bb0b20b1620773277193f3f6cc7d2ef6e,897134,379795.0,1218.0,0.003207,3,2,520
2025-05-17 17:52:33,6554bc668302576906e90c5c6d99438b3a203390ef29313fb4c05368edb6b1e2,897134,14503.0,497.0,0.034269,1,1,194
2025-05-17 17:52:33,0eacfeedc09e51e35c53591a1de3facf53fd58f1d0bd161b622747d6466e8192,897134,7542.0,497.0,0.065898,1,1,194
2025-05-17 17:52:33,c7cec283e346d8dcb4682e4b4029f2109d8feb1debccf5181a7a2c18bd970d90,897134,6295876.0,2116.0,0.000336,5,2,883
2025-05-17 17:52:33,5a744e7c4093e89a57cf9adda827e5ada3bf0e946c05f5280453293196835172,897134,40371.0,484.0,0.011989,1,1,191
2025-05-17 17:52:33,da134535f3bb04225691a34870ad593aa6fed912a8219de71ee21362076c2d48,897134,83826.0,484.0,0.005774,1,1,191
2025-05-17 17:52:33,77934f51a2ad9c4ef68deac1d1dbc0f6b5e7f7030ab6380d2733f5472f1ef3a5,897134,23582.0,845.0,0.035832,1,1,192
2025-05-17 17:52:33,6828a6f6b667cf52285fb70cb71212db23ad7c89989e96329eb84e37c14acbb8,897134,270672.0,929.0,0.003432,2,2,373
2025-05-17 17:52:33,ad8a4072db9a292096aa9460b382bde9df49c0eebf9048b9c5b680ad18d15ea2,897134,83762.0,784.0,0.00936,2,1,341
2025-05-17 17:52:33,f36e72274e656e62c229e7ecfe8560ca6c925f7734ca173c4547b113cfce0e39,897134,59151.0,1269.0,0.021454,3,2,530
2025-05-17 17:52:33,8a587066b4e2f77cfc3aa48eba79925dcc34203ba33c42d5a8e98316acec0876,897134,73526.0,758.0,0.010309,1,1,192
2025-05-17 17:52:33,0cf1d0f1fc408a4d6bb94e82536958db11da79a4dba184af9583328602533ab9,897134,45573898.0,348.0,8e-06,1,2,222
2025-05-17 17:52:33,74ec4593be12fc88acc404f58062c9825e508db78f07a39dc3f4eb5d6a748eb2,897134,94845.0,1485.0,0.015657,2,1,337
2025-05-17 17:52:33,39fbef889369c2cd53d466a3bf16895d36f4ed9ead4ff5dbacfca7f733e4f03a,897134,546.0,724.0,1.326007,1,1,317
2025-05-17 17:52:33,90bbe15bf39b960c2c0f4c85eae9acad90e7e0de8816bc8062a2ab52da002ff8,897134,45389.0,616.0,0.013572,1,2,205
2025-05-17 17:52:33,c3073b49eed18d5ae272ae31cfe4d731ec004f4fca1ab0547331f72007e5ffed,897134,1859911.0,798.0,0.000429,2,1,343
2025-05-17 17:52:33,b302e513b4dd16a7276961f38ee649f31f819ef3365ef476d60eea1bec4d7d97,897134,8114.0,798.0,0.098349,2,1,343
2025-05-17 17:52:33,8bfb889073da837d08e6d879d413f8c628ebe5a5685fefd9be52357ce574602c,897134,38327.0,798.0,0.020821,2,1,344
2025-05-17 17:52:33,075c9ca1651c2c087b79c81996123b9bb2b74e719836660cd607bc5c5aaebddb,897134,401538.0,1218.0,0.003033,3,2,519
2025-05-17 17:52:33,5a5467419859f8db243aab0dc8f7d638b0a56941ecdf205b713a82fb8d237fbe,897134,2299014.0,1218.0,0.00053,3,2,519
2025-05-17 17:52:33,41daddad5534b17dfb94da2c8de12fd9260bee51d27bd007bcc4f5d61511f597,897134,6253998.0,1218.0,0.000195,3,2,519
2025-05-17 17:52:33,b4824ddd99d21fa2d19bfafcc51e99073ac5bd9db0e415f3f0002b3f7afc0355,897134,18468188.0,2415.0,0.000131,7,2,1110
2025-05-17 17:52:33,613756290e328779b3aab69e9cfaafe0386d654475de731ad0fd6c5a133e14f0,897134,100344.0,546.0,0.005441,1,1,191
2025-05-17 17:52:33,77dbbdac9b25cdf32748ef01402be862756e8371cf07150273be127fc2a6ca0c,897134,392589.0,568.0,0.001447,1,2,224
2025-05-17 17:52:33,bb515708a3ee0d81f241dda988c3b6f1b9d6b4ca92ef649b7f25756865ac1506,897134,689989.0,1088.0,0.001577,3,1,489
2025-05-17 17:52:33,816b29c2dc42188e76e5d979f195afa378a27de123d01534d001d613b39e9ded,897134,49802.0,929.0,0.018654,2,2,373
2025-05-17 17:52:33,5051ae8ea5a01fd8e7956c54bf871a83292051712af6118af44848bf46894eab,897134,371656.0,929.0,0.0025,2,2,372
2025-05-17 17:52:33,6850caf891b2f5a33fb3540e015aed11083c2202e5aaefe58c46b281390e269b,897134,28638.0,929.0,0.032439,2,2,372
2025-05-17 17:52:33,cad1460b895a7900b33f236e944d06d71cb7e287e1b530d8a06de36a6fde1a6f,897134,731823.0,929.0,0.001269,2,2,373
2025-05-17 17:52:33,d211f7cd75259dadedc236d03e72b3aa2478709e07e2adb59313d9678a3367c9,897134,100000.0,1000.0,0.01,2,1,388
2025-05-17 17:52:33,ff0fd146a2df4541a2dec923c7a7824c157a6f09ed6aeae07b05f3d61787b860,897134,737489206.0,2794.0,4e-06,2,1,631
2025-05-17 17:52:33,6ecc650ca9cdb67afcb23457e2be668149e7146f7cb697681161d4b83e41d614,897134,99743.0,695.0,0.006968,1,2,223
2025-05-17 17:52:33,bedf4c29ada5f02c20df15852f67ac1994a25cb24de7d18772ec94bc916f0f7b,897134,125736.0,560.0,0.004454,1,2,224
2025-05-17 17:52:33,d3862d9b44639d09d8ee223b304b7d0f4d03fba68b909b4e58be5cf3cfb0e769,897134,62933.0,444.0,0.007055,1,1,151
2025-05-17 17:52:33,201409f39285731d573860737913441ad6c743339b2a3f31b8a81feaeca0af87,897134,4178179.0,1088.0,0.00026,3,1,487
2025-05-17 17:52:33,7046972152eb7695468b78f0fa3df5847523efa7a1e005d3dd4d2bc2fbcd686f,897134,1493455.0,1088.0,0.000729,3,1,487
2025-05-17 17:52:33,5db221c6d1bb0cf2735a5b8548eacaf4b9db2ee377d6ef929d09f236d9b78552,897134,722843.0,1088.0,0.001505,3,1,488
2025-05-17 17:52:33,bf0f6d3567ae7fd8a69068893d803b5028a2ccb69c458b7ba5704b0d78118801,897134,4860.0,2145.0,0.441358,3,1,483
2025-05-17 17:52:33,08879a4e74c7c080f68ef600a5cdef60c3a8456f241f43f76ba7540b6888be49,897134,98044.0,643.0,0.006558,1,2,222
2025-05-17 17:52:33,ccb8d7b0b6100effb6884d367022cd9ab38888e984faae660bab1fd57c57a084,897134,184204.0,754.0,0.004093,1,2,223
2025-05-17 17:52:33,8e86d0c70e09d239b227f7ddac173c008194ce070ca0fd0efac471f8f0d7dee6,897134,201485.0,482.0,0.002392,1,2,223
2025-05-17 17:52:33,930369094609600dfd8d592d8da827296adda3700cf816055d2a83bb45214501,897134,59331.0,710.0,0.011967,1,2,225
2025-05-17 17:52:33,19d2cfb24f85f83aa65fb92d825926961ed769b8141f5c013ab330660c88ee60,897134,70014.0,556.0,0.007941,1,2,223
2025-05-17 17:52:33,f0a19d220f45aeb6864dbc28317db900164194d4ac1ed5128dd6dfafdf98b8ff,897134,64259.0,929.0,0.014457,2,2,371
2025-05-17 17:52:33,c45c74c8fce788ad3164cfe25d7f27d3145931a7ea16f2cd9a9ca60c67dfb4ee,897134,5815999.0,929.0,0.00016,2,2,371
2025-05-17 17:52:33,fd9ccef2fb5550c816bbf9fba55e16f9423df9079cd5196c6aeb5d6184b25cec,897134,327993.0,929.0,0.002832,2,2,371
2025-05-17 17:52:33,b6aacf55fe42a00cc858fbd061afeaa8ad89300af436d5290b5a78f69a37abe8,897134,136829.0,929.0,0.006789,2,2,371
2025-05-17 17:52:33,4d8a0724d01590f15cde7848ab4b93fb0a055f87e08df9207bee9729171fbce3,897134,1913077.0,929.0,0.000486,2,2,371
2025-05-17 17:52:33,911831ebebe37c9fbeae47a8a22e9537f1dd6c0b5ddd08074ff29ac9a2ad40d8,897134,56207.0,929.0,0.016528,2,2,371
2025-05-17 17:52:33,a922f105c268a552f9e0e318a5c972de8ae1307a8551d49708f461f4c29cb5d2,897134,414305.0,929.0,0.002242,2,2,371
2025-05-17 17:52:33,d4ffc6c48d1ba18ad3f1106a0c50b1b792f47a3618a54e07cabef092ab741fc0,897134,1542287.0,929.0,0.000602,2,2,372
2025-05-17 17:52:33,637b264dc8e592ac1ce9cb14fc57a0357faa4c259d61853f0a0e1f89927aa19e,897134,23898.0,929.0,0.038874,2,2,372
2025-05-17 17:52:33,17b66bdd8e9a83bb4aba4974e82583ead6ceb99edb9edbed51099f2d233d038e,897134,119234.0,929.0,0.007791,2,2,372
2025-05-17 17:52:33,9bc586a26139244a05d440e454437ab21634be07433bb3aa30e41fa18f2a3b7a,897134,374369.0,929.0,0.002482,2,2,371
2025-05-17 17:52:33,bb9d0d6b51eeaa60cec3b60606006b15cee2ebe1b87b9c39eddfc55e53cd0b74,897134,65040.0,929.0,0.014284,2,2,371
2025-05-17 17:52:33,f7797ee28456e810f7e0ceaa456071cac397504ba2b1a05c962ee505f3b46e69,897134,306746.0,929.0,0.003029,2,2,371
2025-05-17 17:52:33,36c7a0b70a2b54b7abad1a936589cdb74a60e28b7ee7ff5a964c484026f64062,897134,64516.0,929.0,0.0144,2,2,371
2025-05-17 17:52:33,94e28359b966fbbf49c2b4de6bf485a6ab4fb2d94d7e30d671cc300558efd147,897134,124401.0,929.0,0.007468,2,2,372
2025-05-17 17:52:33,b334b95de6bf08b109c055f35cb91a6161b194ea1157169cd1e073c6ecd02a44,897134,715089.0,929.0,0.001299,2,2,372
2025-05-17 17:52:33,8195f3468fad91976cbe781802a17eb14543f98eef05511acd068234465dc939,897134,12438.0,929.0,0.07469,2,2,371
2025-05-17 17:52:33,c5b502abda3af923cc9c95c701961e74129acf20699df3e5263160e0ada3bce1,897134,30112.0,2096.0,0.069607,1,1,193
2025-05-17 17:52:33,f81bc228edfd08fdec84920e9a1b51867437af97b7925f6196e5ecf8598d485d,897134,32497467.0,2533.0,7.8e-05,1,25,1012
2025-05-17 17:52:33,f5214ce38e5483e65616f32cc65e1966ac1325436d680c2781b1b82c14869f7b,897134,41804.0,1299.0,0.031074,2,4,454
2025-05-17 17:52:33,3812fbeb789d8816b03b22ac1cb4ab525d179c99424e7e230cb225b9dccd2a95,897134,1025185.0,1050.0,0.001024,2,2,371
2025-05-17 17:52:33,148d7b7478cf143736370ecd5aa9b4fde1a56cbf7c6d063dce20d2322a54b9f1,897134,1125873.0,1108.0,0.000984,3,2,518
2025-05-17 17:52:33,bb09bb36dfbf1026470e059886480727fcf86d001f49e3cc9a6031b213b28783,897134,1878934.0,643.0,0.000342,1,2,225
2025-05-17 17:52:33,6da77d62361da86128d2850d0266d4aa20db898c2ad0f93752b810a8ab3d27dc,897134,2170990.0,929.0,0.000428,2,2,371
2025-05-17 17:52:33,d01e845bd66888b60a0367153cc7423a9c85b452eed30aee1519ab5c660bc57c,897134,4547800.0,842.0,0.000185,1,2,380
2025-05-17 17:52:33,2398c103cfc6e86cf8c747fb56ff86bcdfd0f1c398dec1dfb92f3603d3b50d96,897134,1233970.0,1120.0,0.000908,1,2,223
2025-05-17 17:52:33,4cc538a7aac63735d8a01c15c9de4ae7fc53a786195870a52fabfadd74795bee,897134,1244794.0,900.0,0.000723,1,2,224
2025-05-17 17:52:33,d00cc68678a21727dfe749089cce8602bd1759add775db6868b83d6cb43d6303,897134,1260250.0,1344.0,0.001066,1,2,222
2025-05-17 17:52:33,b9fd74e06a9a00027a9a4356745c49e1679af35007768cca8a95f7e897e43cf3,897134,1271298.0,1344.0,0.001057,1,2,223
2025-05-17 17:52:33,04197d5edd648a823948d7f121b5a0da2edd1b43311ac888b40ed1b0a4d46dc8,897134,1287214.0,896.0,0.000696,1,2,223
2025-05-17 17:52:33,78061effb2831d165eaf8e5a3d0d2d661d93ca962e69895f606838c853cb7d4a,897134,1297824.0,672.0,0.000518,1,2,222
2025-05-17 17:52:33,e744ac5b934e638b210fd74949a66b1f6d0f8ba8c05b556d9249bdf2b741a8cb,897134,1308210.0,672.0,0.000514,1,2,222
2025-05-17 17:52:33,d7e13d0e58e118806478b7504dcdd2539fdf33c3440fe91fe1cb983a62fe7ffd,897134,592876.0,643.0,0.001085,1,2,225
2025-05-17 17:52:33,eae1478510b5f6e7deae142061615aa130c5c0631cdebd000dff2c021ecbd2c9,897134,486368.0,643.0,0.001322,1,2,225
2025-05-17 17:52:33,b811a0891b34e4852e59811ca66f5acb43896fc569141519ac9a8add8aed2de1,897134,594840.0,643.0,0.001081,1,2,225
2025-05-17 17:52:33,b6b94b154c0c2cd231fb119e6fe1880517306869b3ea92c6988522c4e13b7bb8,897134,624978.0,643.0,0.001029,1,2,225
2025-05-17 17:52:33,f5280c364442076648cf0592bd41b30a0ae74cbd85c1dce8ba74a32517e91bad,897134,96345.0,643.0,0.006674,1,2,226
2025-05-17 17:52:33,90cc92e307c5b29d9bc2b45f3a397a0a4b221541f8244e59973436efffda129e,897134,729471.0,643.0,0.000881,1,2,226
2025-05-17 17:52:33,648b113b349697d33ec608df1063f35a50b3e54af0d1a5b484b44707ceafc199,897134,486401.0,643.0,0.001322,1,2,226
2025-05-17 17:52:33,81aff407a664f651366ae93a12d6e8a265a4f006dbe5009f07fc398dbbc9fd7f,897134,34434.0,643.0,0.018673,1,2,226
2025-05-17 17:52:33,fc1215836f41aa0174c2533c7cb2944c50142a91ffe9facda7723718570bc07e,897134,513134.0,643.0,0.001253,1,2,225
2025-05-17 17:52:33,e280e866e89ed8cb6ff7e7520cac5abf66c3cfc5947e95f726c0403c4a882c78,897134,46551.0,643.0,0.013813,1,2,225
2025-05-17 17:52:33,81950afc3da20f85eae3ed97f0295f1c74fa8fbd57238a355853e0ecd7af0e6e,897134,132025.0,643.0,0.00487,1,2,226
2025-05-17 17:52:33,d93a3d611b91fdae0c9aaf84f6d7532dca52401539e2576a1f6caea785a86563,897134,154452.0,643.0,0.004163,1,2,225
2025-05-17 17:52:33,7bfefeb4e7c03a55469336cadc32529dc9acff36f57556cc83b80036d2ed6063,897134,11225.0,643.0,0.057283,1,2,226
2025-05-17 17:52:33,d213d0eb25c6dc2a82ede1cf7038460c3f5e8056305dd6704ae7e2ae033d395d,897134,83069.0,643.0,0.007741,1,2,226
2025-05-17 17:52:33,fcbda38fb09808b276b35c5b39829d9a8f40a3873b2696d5d2bd130534b1db39,897134,512357.0,643.0,0.001255,1,2,226
2025-05-17 17:52:33,5598d416333393842e0b69f7a15e0f1be7b6167ca8bf4449be2f9c272c235839,897134,86597.0,643.0,0.007425,1,2,225
2025-05-17 17:52:33,11efac79aeee2f1acbaf8ba52f32034ab818c3fa7c7c8543cc143fa7e9f35733,897134,178982.0,643.0,0.003593,1,2,226
2025-05-17 17:52:33,8435787764af5e7ce197d6f18762b454f658297e903d74ae31f640165ea82b32,897134,116386.0,643.0,0.005525,1,2,225
2025-05-17 17:52:33,a0e1c053069ef734261f74cd45985dfb4bfc5e81e85e97c2615546a89fa65e19,897134,60807710.0,643.0,1.1e-05,1,2,225
2025-05-17 17:52:33,271d6c198e8204a1b79fc71cf9695695fdfff6adf2fa0697d97a9d08c5939312,897134,66119.0,643.0,0.009725,1,2,226
2025-05-17 17:52:33,2326d8004b62fd21670dd6dc872b47596e9ced2b17683df2fb258121c599a00e,897134,105267.0,643.0,0.006108,1,2,226
2025-05-17 17:52:33,baf2343e45014dc7cde1a2e1bebb45f4d4bb28ccded29e21bdb55e7e10e32fdb,897134,179294.0,897.0,0.005003,1,1,192
2025-05-17 17:52:33,aeddd2ca389b0dcdb28f3b2d51f697d645ecfee79d995b77e3f2bd659a16eef1,897134,1658350922.0,1176.0,1e-06,1,2,225
2025-05-17 17:52:33,348484efc105810a922e1342f5ea744bee44ead70de460fdfb221b7cec2bfb01,897134,1515799721.0,1176.0,1e-06,1,2,225
2025-05-17 17:52:33,8ee164ef77c9993b83f698c60e5bcf190a0162728ffff3f812163c9101e396c9,897134,1693006165.0,1160.0,1e-06,1,2,223
2025-05-17 17:52:33,1393337e235d02f8b5131a6214f8977407f7000d98798a35274380ace1091c6c,897134,1674787148.0,1160.0,1e-06,1,2,223
2025-05-17 17:52:33,13ba50034c32e00e954b3cc705c9ade6856a24f49b0685f7eb8fcdb71cdb6c7b,897134,1787156227.0,1152.0,1e-06,1,2,223
2025-05-17 17:52:33,8bee2e55654c341d944bb70f0685cfbdee460bdb3ada9436d4faed709712615a,897134,1581180003.0,1152.0,1e-06,1,2,223
2025-05-17 17:52:33,ab83c5f9c49bef8bdd4b49e7a34f74468610df91014d6a28ca1a6a704560144b,897134,1524802684.0,1152.0,1e-06,1,2,223
2025-05-17 17:52:33,9115afc669a37c2f4001ec488cc157c851e3438f79f4b3746a70f4c920e71131,897134,141461.0,1539.0,0.010879,1,1,188
2025-05-17 17:52:33,79dafb5cccd2b3d0bf83dc3f9e3cbac8b7e4037a239795e49fd8a5647cc8cab8,897134,23872443.0,1164.0,4.9e-05,1,2,223
2025-05-17 17:52:33,8d1e5196103d4161cc93730113bc0d41e54794db428860576e06c7aa16797aa3,897134,52417911.0,15000.0,0.000286,8,6,2595
2025-05-17 17:52:33,5bb52a167829dd3c73a05d1d9ede408b2e051ee7f78b7a70e173259dcd8c300d,897134,25507.0,1168.0,0.045791,1,2,222
2025-05-17 17:52:33,40c4fe71105785d0f577c8d6a80ed9b690483c8dbb1c8391fce47c86a5335c66,897134,1290140.0,1694.0,0.001313,1,4,285
2025-05-17 17:52:33,5aef834b0799cc883dc397178697139fa2c4dd0a3a5ae4321eaa44d6242abea2,897134,100542.0,6233.0,0.061994,1,1,337
2025-05-17 17:52:33,307c192ad41bf02bd5452de4e96918e8f5a81c76efcf2464feee67f0c0c6797d,897134,1508919975.0,2592.0,2e-06,1,10,514
2025-05-17 17:52:33,95a91b8db3a687f504aa174734259a06ba85d93cc58d8c764104834f517e9676,897134,1510534727.0,4248.0,3e-06,1,19,790
2025-05-17 17:52:33,726ff655bfe09f3f4879463184b2f7f5f50d3425658bb4779eb7d5ceddefe081,897134,1524549430.0,2598.0,2e-06,1,11,514
2025-05-17 17:52:33,accd09dc6e5c4cc7e885467f20fd84f7f5501189bd81a0876d9c958f13bfa4f5,897134,1525208046.0,1891.0,1e-06,1,10,476
2025-05-17 17:52:33,476862e720478f4b4c27da8584ca97b481b9f6e7f226812dc973a49454a2c1dd,897134,1281400.0,1675.0,0.001307,2,1,362
2025-05-17 17:52:33,c612d532ec1fc6cc5dc44125005dee4a593ed2c8f7df6b3046f7bb05c71efe6b,897134,28834612.0,1184.0,4.1e-05,1,2,222
2025-05-17 17:52:33,5f56e168b6ab02894078fbcd8d2de62ed1f1e62c44375e866426e7a7e2e09c6b,897134,894170063.0,1184.0,1e-06,1,2,222
2025-05-17 17:52:33,01cc46f2dc74073bc85e8c84d9c0203b69b0091fca564f340a5b4253d6853895,897134,2370975.0,1285.0,0.000542,1,2,235
2025-05-17 17:52:33,c4eb7228f1b373a2b718964af9402fbe1bba4d02d4c269e73c0bb34faf36d917,897134,10561715.0,1285.0,0.000122,1,2,234
2025-05-17 17:52:33,a0e7c02c9f037f1f310a8c6d58c2a0b74a4e67627415197e97669dbe494ae380,897134,28412.0,1474.0,0.051879,1,1,191
2025-05-17 17:52:33,1034b449a31077d30a8e778c205b17bb23fb8c97b49ac0133fa1ee15bde46fc8,897134,33771.0,643.0,0.01904,1,2,223
2025-05-17 17:52:33,81553054dbe114b17478574560c2b665814b0d20d080d83ea2acbd400be3e32c,897134,650535.0,1491.0,0.002292,1,1,192
2025-05-17 17:52:33,6f750d0b4db206d3ef2fba9385c8d87866f4fc8dc5d1e24df6d38ae2ad095ca9,897134,778975.0,643.0,0.000825,1,2,226
2025-05-17 17:52:33,1ce17e03d81bcd854d073c21f06f85f0dcbf809b8e3933aa156a79861fc2a44c,897134,137856.0,1627.0,0.011802,1,1,192
2025-05-17 17:52:33,e79758995aee26cfa1937804b8500395d5ef9eaf9d817ba46863be3958c2f1e5,897134,149205.0,482.0,0.00323,1,2,223
2025-05-17 17:52:33,5ce6e479d7a0199a1257622f12830e051fd83d6d1250d79277d4ffccd9e57dfa,897134,24146974.0,4914.0,0.000204,1,16,665
2025-05-17 17:52:33,cc68b4ea84e636494cdac562846e47e011bd95753645276770b702fdbd00ca12,897134,1962281.0,1452.0,0.00074,1,3,254
2025-05-17 17:52:33,432948a1f1576133209041bab35d1e6adb09e85a4754d6bdeccc99c727455cc4,897134,49998782.0,1218.0,2.4e-05,1,2,226
2025-05-17 17:52:33,6094dee602d63fa3f66eb818b97ae8a03ecfe5c2c813907e9fd77ce7ce150ed6,897134,28062.0,938.0,0.033426,1,1,191
2025-05-17 17:52:33,d28076aa08561f6a2c2906675bfc5d4b83e9cde970ccf93062ed49e3a483a6fb,897134,96865.0,1632.0,0.016848,1,1,191
2025-05-17 17:52:33,f9ad54a22c28b2ba9f6d7e8cefb0070d7484b455a0e99f83832beb905dba4923,897134,15503.0,2680.0,0.17287,4,1,636
2025-05-17 17:52:33,dd97d79c7f9c4bcea13dc135d9d6f83a164731673bf5fdba3326c435caa6d0f6,897134,89792.0,1208.0,0.013453,1,2,223
2025-05-17 17:52:33,08507f9a25db4abe6687536d36c0e3e4e8c3a8b544bc7dea4169b727a8cef6ee,897134,183522.0,1208.0,0.006582,1,2,222
2025-05-17 17:52:33,679c6943eacedd859b843a4eb934dcb9fa01d9e78a9890059a5bf246df264cd3,897134,156639.0,1208.0,0.007712,1,2,222
2025-05-17 17:52:33,8997b5c4580a1554cad8b7884d2d5fc365e39970a1435a1a5a7c7fda30cf8ad1,897134,88792.0,1208.0,0.013605,1,2,222
2025-05-17 17:52:33,f648349ef2952fad7b84184265dda0fb7ebe1b03bf3323c147e1fdd7918826d0,897134,29903.0,1208.0,0.040397,1,2,222
2025-05-17 17:52:33,5917677f7b026d54164932ea38857043e6009d53e3e31413a7649b0f780da5cd,897134,46890.0,1208.0,0.025762,1,2,222
2025-05-17 17:52:33,691b8968fa9abcb1356faa2069ff3ec94ec0f3fa76d8ec3b892479c81005e1c8,897134,91104.0,1208.0,0.01326,1,2,222
2025-05-17 17:52:33,a7bf678c311b8d5b370e05b6ab3086a2da11791a1e757dbd14a84656da7620b8,897134,105099.0,1208.0,0.011494,1,2,222
2025-05-17 17:52:33,a43f76ffc94425b1f84ba56577a2271e99841477c31676ab4a44a7f368171da5,897134,43776.0,1208.0,0.027595,1,2,222
2025-05-17 17:52:33,6ac64e2023fa513ad017e61882aa3b4e6e9a2ccb14972b07df56c71641fedd77,897134,43560.0,1208.0,0.027732,1,2,222
2025-05-17 17:52:33,094cf3a3d6b935010e3f147aec2f39e360e7973690e42728a69e86c0b7c51962,897134,134792.0,1208.0,0.008962,1,2,223
2025-05-17 17:52:33,0515c85b8c561caa240e7ab1d49cec67c94d0fb188e6393000e9efa926bb1848,897134,90990.0,1208.0,0.013276,1,2,223
2025-05-17 17:52:33,16976fd0ed8fdee52d679a42ccb5ba693c3afb421624e253161f7760fe436446,897134,200792.0,1208.0,0.006016,1,2,222
2025-05-17 17:52:33,f4f3a909a329c20ecc68bbce83c7eb92fc57fc057f269b7c61287a24249d6905,897134,5284.0,1208.0,0.228615,1,2,222
2025-05-17 17:52:33,5186077d824e1bbb5d54178860650873910a2b2692a1e4f7f1330d9cd9b383c7,897134,27698079.0,1317.0,4.8e-05,1,2,234
2025-05-17 17:52:33,ef020843fbde0647e2c7ce93740fd0c0d0ba3cc00b3357da5f8bdefc2ce71a8a,897134,1501185.0,1760.0,0.001172,1,4,286
2025-05-17 17:52:33,ccb1e9ce963b949b199bf17d9406a360dd730abb0538ae06d831156a8e4f1175,897134,1751797.0,3008.0,0.001717,4,2,671
2025-05-17 17:52:33,1456b26d9c655bc016a6069690d9ca3d63625bd059da6b67b8cc15fcdbdbbcb4,897134,13168704.0,1224.0,9.3e-05,1,2,222
2025-05-17 17:52:33,ce26703755c6de90b192386cf024b237b085a1df7dd77236345756db8b3ac0a5,897134,3597380.0,1224.0,0.00034,1,2,222
2025-05-17 17:52:33,acb699e27ac44a92b4859435d6758fe033dd154e79b9f5ed1b0cb9cd98d183a0,897134,44271.0,1224.0,0.027648,1,2,222
2025-05-17 17:52:33,d3bb6c1ceaad301b00f6f4af604cd7982723677894b5c855c8a5dcf289b4dda2,897134,43335.0,1949.0,0.044975,1,2,224
2025-05-17 17:52:33,a2bf37a1ddaa6fb955ae478398cee9290f3c88fad84663982ce48d65df134ab3,897134,9979040.0,960.0,9.6e-05,1,1,191
2025-05-17 17:52:33,8cf3034a5746c47945b289ab01c91fe9997ef1d63a6cc0868c205ae8f3b4ab0f,897134,6004040.0,960.0,0.00016,1,1,191
2025-05-17 17:52:33,1a1639ada6258bbf7309016c207d386bf714eb9e96f4d7fa7a9f7593d72712f5,897134,1202196.0,1235.0,0.001027,1,2,222
2025-05-17 17:52:33,6b39ca62006ca9d8978871a8fd3122337e1290927f794ff8894f9f5a2246a74f,897134,6000.0,978.0,0.163,1,1,193
2025-05-17 17:52:33,0c6e4f791679188017aa291cc74048e3436af98fe4c836cc554ed69e369eb2d0,897134,22508.0,1596.0,0.070908,2,1,343
2025-05-17 17:52:33,1a1d8fad76c3a133efed25a74d6d4136bac7389b45bb902699329625be8127b1,897134,313698.0,1596.0,0.005088,2,1,343
2025-05-17 17:52:33,a30cbeb1eedfd686f3408769776c9aa6c0c21e203aa871a13668884fbe9a9e85,897134,260745.0,1596.0,0.006121,2,1,343
2025-05-17 17:52:33,c5c2ece37b04788d1e629a5a4b6405cc48e9fbc61afc70b5c4b96ca88798452b,897134,26154.0,1672.0,0.063929,1,1,189
2025-05-17 17:52:33,a271672a823982d1863f0b4109e4ba297d77d898aa8b16d788b2cc6267f9e219,897134,449325.0,1857.0,0.004133,2,2,371
2025-05-17 17:52:33,13570ed1abc03fd212669b1bbef6ca71f7ac97f56d377597311c80e85313f667,897134,1416936.0,1008.0,0.000711,1,1,194
2025-05-17 17:52:33,50953ba557d6a196ee8326b787aeade4cde7250df03a962d3a90212ce009145c,897134,396758.0,1008.0,0.002541,1,1,195
2025-05-17 17:52:33,ae298f38cb1733503530762a55b00e5323eb6d857f771879a233c57aae55d6e3,897134,82730.0,1286.0,0.015545,1,2,226
2025-05-17 17:52:33,7ec74ba10bd8e04e4ea9c3bfadc0f7ca45e6b2290909381cd039ab526ba5adc7,897134,1102047.0,1286.0,0.001167,1,2,225
2025-05-17 17:52:33,e004c6d27529142c11536a84fbd011467c9f2b3cc22c7cf06ee8cd19c793fcb7,897134,3247836.0,1286.0,0.000396,1,2,226
2025-05-17 17:52:33,a074f1db7d19f3e34f03140f948673e543cda739955e0f0ed5afbb99e4b8c08a,897134,1641617.0,1286.0,0.000783,1,2,225
2025-05-17 17:52:33,9d50f988801fe71fc2fcbe82b0add0f949a738760a770b4267fd0a81b771cc6d,897134,1494766.0,1286.0,0.00086,1,2,225
2025-05-17 17:52:33,13d330d90dfd78bcbdde2619034d530f76a3efe5f0aa61bcc3dfab2e3b19d256,897134,162938.0,1286.0,0.007893,1,2,226
2025-05-17 17:52:33,7d889d1e493b7a6f6902593df4efe04dbf91a4a4704618a93c327b1abf7bcce0,897134,319897.0,1596.0,0.004989,2,1,341
2025-05-17 17:52:33,473652405f0d0aab8a2a71d3eb4307191241b0ee8e4042110c09e4ff0a9cfc0f,897134,91077.0,1718.0,0.018863,1,1,191
2025-05-17 17:52:33,b689f7dd066ae1aa37c82aacfef932d9b88979bd27204c0f0edd97e82511677d,897134,4761417.0,2006.0,0.000421,2,1,385
2025-05-17 17:52:33,b17544707cfc9c498427e1733a13d8b682d2b902bc6de720118788152ca555e8,897134,3394309854.0,3618.0,1e-06,1,10,484
2025-05-17 17:52:33,c82e0b3cd88c534351c924a4cd1d289df9f1ed2106a5d91e222483bd6b2702dd,897134,1203189.0,1269.0,0.001055,1,2,222
2025-05-17 17:52:33,d6c5d4366b14de8a587add0edbd46270793b7e94f96671a21fdf2b1a10fae3ba,897134,1022725.0,2106.0,0.002059,1,5,315
2025-05-17 17:52:33,aa5b3d25deaa254ea341e99ae077ad73d7815bc73402c7704ebdb62a34c1b185,897134,10757718567.0,3168.0,0.0,1,7,542
2025-05-17 17:52:33,84fe6fdd3c16efc5878090fbebc3d5e5527daae9d4296b460cf963703f0de20a,897134,248828.0,2025.0,0.008138,1,2,225
2025-05-17 17:52:33,a81b07c28e623f777bee8ddf92b70885c028ae88aacba2512b3a25c7d9070e34,897134,675307.0,1286.0,0.001904,1,2,224
2025-05-17 17:52:33,5755849ba11b31bde08c13cb02a4b1d770309ce68f9ba931655eb6eafcd318e4,897134,238755.0,1395.0,0.005843,1,2,205
2025-05-17 17:52:33,6fab4e112002928d58e96bb26b2e565d74b49084170190fdca1e982da110b6f4,897134,173235115.0,4980.0,2.9e-05,1,12,549
2025-05-17 17:52:33,5540d38872521a007327606ed8be334f652a123a73f6a8b2517ff5cea89b467d,897134,25924.0,1008.0,0.038883,1,1,162
2025-05-17 17:52:33,c5068d9e125a8cd5ab524c289411c94a50e1cd31b3e7132d33e9a71e0dc16a1f,897134,965326.0,1008.0,0.001044,1,1,193
2025-05-17 17:52:33,859af3bb241d14cc2736f4125b6928ba65c55f6938e8d7df86fd811f30ffd4d3,897134,15972.0,1000.0,0.06261,1,1,192
2025-05-17 17:52:33,49bdaa693c68d522e2286bf9b6515083a990005a1a1a5d129f07075d7ccbdaf1,897134,203471.0,2849.0,0.014002,4,1,637
2025-05-17 17:52:33,0f9153145cc8ff5303cb9d47a7178a26ffeaa206a54b35cbef377261672f29ec,897134,196723990.0,1312.0,7e-06,1,2,225
2025-05-17 17:52:33,b851f3aff1baaa22b77a8416638c4147e35407895f5245c39d3c12dca391d8f6,897134,454237.0,1286.0,0.002831,1,2,222
2025-05-17 17:52:33,2c3d2582a70e6d377ec5e41d3ae091f32848964ca25323c0c027c5c2e43fabe7,897134,19838644.0,1286.0,6.5e-05,1,2,222
2025-05-17 17:52:33,8a8baba5081ff5e133cd9e340966bc1d068ca8067e9bf0e8cf46386347a763e3,897134,115083.0,1286.0,0.011175,1,2,223
2025-05-17 17:52:33,4aeb70b97eff7946757942b91f95622392f06a41aad38f792af438a07b0057d7,897134,200423.0,1286.0,0.006416,1,2,223
2025-05-17 17:52:33,91f3a7b53b51e729b021fec54cf94c7afbcd87d0c83e8a182695a7d104945198,897134,14978.0,1286.0,0.085859,1,2,222
2025-05-17 17:52:33,5bafc0d74fd40ccd4bb60505a8bfe91aaed49432422c7c6455595dd7bfc7627f,897134,617020.0,1286.0,0.002084,1,2,222
2025-05-17 17:52:33,762af497430256fbeb25fab733d4e9d01a9eb8c0d8fdbef5f8c3e2bd99021c79,897134,29417483.0,1286.0,4.4e-05,1,2,223
2025-05-17 17:52:33,698303f287d8309115fe25912b486a723a32a961aae7d05f6b93fc4c38ae4259,897134,306809.0,1286.0,0.004192,1,2,222
2025-05-17 17:52:33,9d184c03cf1e84b9e20b324f5ae650f2afc3dffbda19b6394bcb1470828c8d42,897134,246798.0,1286.0,0.005211,1,2,222
2025-05-17 17:52:33,a51d31ac47b0fd6139584c8a518668fde2d17753e103207cbe4736b1d1461e34,897134,32603.0,1286.0,0.039444,1,2,223
2025-05-17 17:52:33,b009bed5ebc880e44667caf791e939e92d2cb6cfd98e47490674f35b809866d1,897134,1273496.0,1314.0,0.001032,1,2,226
2025-05-11 02:39:37,d71a9aa64d35a0a57d487756ac5f9c27c5b0bb1fb76518794762b7ed920115a2,896194,126235.0,482.0,0.003818,1,2,222
2025-05-11 02:39:37,b57a1b45211ffac4aeb995ac0f1d89e0edd14ff725160c688d64b5a9fcdb6f9c,896194,33663.0,482.0,0.014318,1,2,222
2025-05-11 02:39:37,db1db6f85aaa1fdaf5a2f0711ef124107bdca979fad64b8005b30e5ebb2baf7f,896194,202769.0,482.0,0.002377,1,2,223
2025-05-11 02:39:37,21c8fb47fb8394ca9cc4351e06740bd04f033414f9063f7c269c972f0b537078,896194,755000.0,482.0,0.000638,1,2,222
2025-05-11 02:39:37,bbca78ee371e130e0fe595cf0b0769dc21777bd1fd648a60be262fa40b3c926a,896194,204462.0,482.0,0.002357,1,2,223
2025-05-11 02:39:37,fb66de6544a6b214afda5ed13f256b04549d9cc46ef8e9583911f9e974744c64,896194,318767.0,482.0,0.001512,1,2,223
2025-05-11 02:39:37,21a5b8c56399f779b7d74cbae0eb42976b06854000859e383ef013d02b840755,896194,4274379.0,482.0,0.000113,1,2,222
2025-05-11 02:39:37,7ac698bf517ea77b7bd3f7e333a1858dfc7f70ce0a2b2f93fc1233b2ce619352,896194,65325.0,482.0,0.007378,1,2,223
2025-05-11 02:39:37,67090221a4571c24cf66511b7c5c445915956e8c9a144f818ed554d5bde2f838,896194,120968.0,482.0,0.003985,1,2,223
2025-05-11 02:39:37,685cc2a5d15fffad9921e3ae1c8bcba8248da485224f77c9f596f81c53f4d827,896194,1600070.0,482.0,0.000301,1,2,222
2025-05-11 02:39:37,c59b88330683860cbda35370251c8333c2c8af99785a5f431a11981dd9ce6825,896194,49312.0,482.0,0.009774,1,2,222
2025-05-11 02:39:37,1703baeaaac6dfd4a498e4ba2a40a1f8f726d911cf6cf985e8734bca8690271d,896194,975643.0,482.0,0.000494,1,2,223
2025-05-11 02:39:37,d813e3ea19f3d49a93d52ede6dc618f9987a148498e1d0eb8a9e7dc51a02ec14,896194,14014392.0,646.0,4.6e-05,1,2,247
2025-05-11 02:39:37,ed441531d2cf0e248f4a919094f958b5b8f3b01328e0d6a96c99e8919357c657,896194,14073228.0,485.0,3.4e-05,1,2,246
2025-05-11 02:39:37,21fba805c9dfb62c19e7e991cba8d5c920d3610f5b773e9d3fefda4fbeb1e0b0,896194,1240127.0,525.0,0.000423,1,2,234
2025-05-11 02:39:37,9c188fb66bba5bbd51e76f85b1fa731c6150ae7517de1ff55cc80b143714004b,896194,48037.0,385.0,0.008015,1,1,193
2025-05-11 02:39:37,9498d7d8b9f2996e945c735d6e57b7230194228a3282382a9f81a198fb5bf7f6,896194,96384.0,482.0,0.005001,1,2,223
2025-05-11 02:39:37,6124c3eff30c0235352b5c48c8236577b34cc2782c170ffd9216d721d5036cd0,896194,491540.0,4488.0,0.00913,18,6,2197
2025-05-11 02:39:37,034c60d9f04d04a123ed685a54dacaaedd4be5a749cc9f693b310b64d69208fe,896194,11600.0,1150.0,0.099138,3,3,515
2025-05-11 02:39:37,2b24748fb10a03babcf28bbd7adb5e7a4c0cdf1214d4d5f25e507a386022b13e,896194,4839885.0,564.0,0.000117,1,2,222
2025-05-11 02:39:37,718570ebe58683c8d78b1b40899a6559d1da97d8eff7959b262c576f109c3b2f,896194,4854867.0,564.0,0.000116,1,2,223
2025-05-11 02:39:37,f7f30b6b4e90de9a3bf82afc70a312c54c43f984a7f5f61a19fc2b6103ce7bf8,896194,4870810.0,705.0,0.000145,1,2,222
2025-05-11 02:39:37,8565acad0465dedaa23757df822abc45b3617e0b66d38b2580728e10b4cf0890,896194,4886838.0,153.0,3.1e-05,1,2,235
2025-05-11 02:39:37,6d73ffe94d900e51c30c4c58f3f2fae77cef925dea664c04c19c5a51b2929ebf,896194,1239906.0,528.0,0.000426,1,2,234
2025-05-11 02:39:37,ecf514b14a1c4cc44218f7224ae8dd428e38c6bdcc49f5275330ef1d12240840,896194,34570.0,390.0,0.011281,1,1,194
2025-05-11 02:39:37,2b924d64ac097cabbd1dea845ade1fb73b31febfc4be8b6e22e1794ceb6094e6,896194,92458.0,385.0,0.004164,1,1,192
2025-05-11 02:39:37,6d59a140457f2fca1bcba2258071b0a85193d0428a5bf1273eb16a5f8dd3abdb,896194,572163.0,482.0,0.000842,1,2,222
2025-05-11 02:39:37,5d65fa05e97f80d9c1848f7f030b4a9744f388a8f59bc20332d62c5bbfa4f9b3,896194,14613.0,385.0,0.026346,1,1,191
2025-05-11 02:39:37,ea412e457fe911cc654664b978b372b7257bf717bc9d6f4cd92fe17271531187,896194,15956.0,482.0,0.030208,1,2,222
2025-05-11 02:39:37,5b695f41950627005dc0dfac006b99139305026fe091564678b731efdeb7350f,896194,1237328.0,529.0,0.000428,1,2,234
2025-05-11 02:39:37,b6548197a483c386c34fa173b5f40d050cb89608a7b0f49bd433aaa290479702,896194,5749600.0,489.0,8.5e-05,1,2,222
2025-05-11 02:39:37,27e44dffd46c94944b7c572580953505db7112297e0c29ac23566f70545a61dc,896194,61546.0,385.0,0.006255,1,1,193
2025-05-11 02:39:37,52b21c8cffe8907d122dcfbd5043e240111eb33a812a50c6a2bc53b0f19f0cd5,896194,766001.0,385.0,0.000503,1,1,193
2025-05-11 02:39:37,b93e7ee75dad3dbcbecc7ee3018394934ba386c58130d4089925ea7769cbb769,896194,375497.0,1101.0,0.002932,3,1,560
2025-05-11 02:39:37,fcd91c49a882a6983f643d2ba387ef1c66c128fe3ec4d33b42447b7a69d7e923,896194,256576.0,862.0,0.00336,3,1,490
2025-05-11 02:39:37,17fe0dccfbacdd1f8ff555662d11afb7e10e8c2ba76dc04863436a071bf51d10,896194,7242595.0,963.0,0.000133,2,3,409
2025-05-11 02:39:37,f25352cb478471786bd3e9eb484dad9f7ca7017ec1eca4e2304682aea67f4f51,896194,423507.0,563.0,0.001329,1,1,192
2025-05-11 02:39:37,23023ab2bfa52c18da8164d73d6d1c309d26dd99fee6d110e013694df7e9409d,896194,897389.0,1485.0,0.001655,3,2,1287
2025-05-11 02:39:37,f1e617d1d9032bbf84f4d09f267117ae1c2defd7a679dd8b5c7d4d9d4406edf6,896194,1226845.0,533.0,0.000434,1,2,234
2025-05-11 02:39:37,f5e8f5ff8467bd4aaee874cc4c9d22899af44aa57035b6180d0d3747aadd1847,896194,3353612.0,857.0,0.000256,3,1,489
2025-05-11 02:39:37,9cbc8ca4cbfaabe820358e7a93d5fc733f6866e96e488ace678a92c31cc786ec,896194,389938.0,493.0,0.001264,1,2,222
2025-05-11 02:39:37,40560a71f71e4817ccc16c7d3a78383e417f693f80bba156094e7eda9fcb98e2,896194,5004149.0,493.0,9.9e-05,1,2,222
2025-05-11 02:39:37,864e227d897a031e21bab9b6c4d1dc8a8923a1a6c233c841a21ae0b5e4736d79,896194,118927.0,493.0,0.004145,1,2,222
2025-05-11 02:39:37,b0a00e56573a9cb8f4e816b38a782618547ac16236b7873afed8f39853c66ef4,896194,70954.0,504.0,0.007103,1,2,226
2025-05-11 02:39:37,8c22e22d473df58b7c16df9d7df30e7fb9f7ddae9b30a433838199067b2bfde6,896194,193257.0,385.0,0.001992,1,1,191
2025-05-11 02:39:37,33de5a096b66bc7eb924eee35bf133bc6862f2e46d4e4fbac25a008a4c8466cc,896194,40151.0,385.0,0.009589,1,1,192
2025-05-11 02:39:37,720975af099061e9f3ffdbadda844eeaa0625b48c2c379119fec432c6873bacb,896194,635086.0,385.0,0.000606,1,1,191
2025-05-11 02:39:37,b717d1617fd426da26101c6855fc4e4414d7e1a8a5101bc83a0dad55a9ad17c8,896194,95470.0,385.0,0.004033,1,1,191
2025-05-11 02:39:37,75b4a1f1c72755b36a4b29152bd2d702fda7cf452abc11bc0c032b86162a64a8,896194,194994.0,385.0,0.001974,1,1,191
2025-05-11 02:39:37,8fe916a041a13263a626a8874c4e340d07c1bbf8009b91663f5b070a685ba199,896194,10416.0,385.0,0.036962,1,1,191
2025-05-11 02:39:37,78158ef43c9e9d2c47de9b942a3c3af49f4a21ae234cbaf1f10cc5eba26c1a67,896194,58744.0,385.0,0.006554,1,1,192
2025-05-11 02:39:37,1f318b473d12c94649b9ea5ec58bc3d38c20cdf806f643afb84f2b70af4a6e5e,896194,42615.0,385.0,0.009034,1,1,191
2025-05-11 02:39:37,08d894c5741bb6c15f40e18e645fe78617c525ed94db49a074422185662faa4f,896194,87792.0,385.0,0.004385,1,1,192
2025-05-11 02:39:37,c4114444706322bd6170e96e85256254f372382b79712fbf3733c10007024148,896194,43689.0,385.0,0.008812,1,1,192
2025-05-11 02:39:37,3201a48d9d7cadf2e17ac660dd2b60772d7ced322d87ddc41e8116e3e25cde40,896194,99615.0,385.0,0.003865,1,1,192
2025-05-11 02:39:37,376414206ae5258e7b66b9e5bbbdc9382e7116b32125007392256cc419a9de0f,896194,529452.0,385.0,0.000727,1,1,192
2025-05-11 02:39:37,bc9b8eeb34bce1fe67ac08bc3b17d2cadda9beb148edaa7b600431ad13742602,896194,14083.0,385.0,0.027338,1,1,192
2025-05-11 02:39:37,658d1f66b4bd32516393235fe3fb4fd60bc080a5417d66761c590ea6c8d5bd01,896194,76396.0,385.0,0.00504,1,1,192
2025-05-11 02:39:37,b208d4f4db95b9980442883473c4e3ed37f9710e7ca1a8d8b97500810f723ef8,896194,2785482.0,568.0,0.000204,1,2,224
2025-05-11 02:39:37,5e2e72ebcbdd723f44fd01ea50edc515bd1a3983e052faea06dcc127c7aaf9dc,896194,3266536.0,568.0,0.000174,1,2,224
2025-05-11 02:39:37,9608e932166dc3aeb536bf5d5002b3fd576e6188fba70e56f1a37b0fd4a87eec,896194,3699542.0,426.0,0.000115,1,2,223
2025-05-11 02:39:37,259ce54032e201a2a656b43fcb3bdcca71255e47a1dd96adb56ec48dfcf9f3bb,896194,4132406.0,423.0,0.000102,1,2,222
2025-05-11 02:39:37,3e38732de7da93c9b2b7ea0007f7e43c723fd0fae16ad8d556e1d4229847375a,896194,95883.0,568.0,0.005924,1,2,224
2025-05-11 02:39:37,47770c1083b9f29b3496471860b7770b5e276e928f33c1a962f1139a8c063328,896194,182680.0,423.0,0.002316,1,2,222
2025-05-11 02:39:37,82fd21b0a78cea29b96a9ee509a61eb9f84a720abb42b5505bfc0cfa48b83899,896194,45487.0,741.0,0.01629,1,1,154
2025-05-11 02:39:37,28b54eb72c2070ebf0a0da095ceb6d78467c43f7da830a81737d92d53dc132b0,896194,46228.0,224.0,0.004846,1,1,405
2025-05-11 02:39:37,b72649962fcb7f851666c712ebaeb151ce21a0b655fb69438aeb1fd35292a743,896194,262344.0,845.0,0.003221,1,2,249
2025-05-11 02:39:37,1a79d2ebed7f3fb3902c5271d4b31ed5d84802b08dd2bfb2919a0355ebb22f20,896194,267962.0,338.0,0.001261,1,2,250
2025-05-11 02:39:37,60026deff55f4be8a1030e58108539fffcfedc9bfad49be8598c157d7b129ae9,896194,6641500.0,789.0,0.000119,1,2,224
2025-05-11 02:39:37,ad243e222643436d53b2b6bf94d6cdb75107c0139b820ac2f264981566b4d2d8,896194,101014137.0,666.0,7e-06,1,2,380
2025-05-11 02:39:37,06146809e43a61669a663d7827706fb3f20f6068155b4ce8f2edbc092dc766a5,896194,1128996.0,1891.0,0.001675,4,3,1295
2025-05-11 02:39:37,03405732b74c20f27dab4fcc99d43127a6cacaf2f0ba563873aa1455c21cca12,896194,45009.0,735.0,0.01633,2,2,370
2025-05-11 02:39:37,91bf6d9a697a04603abaa18ccdb7a2caff4c840367b15ceb6705d13474c50092,896194,1521385.0,744.0,0.000489,2,2,341
2025-05-11 02:39:37,c973566f7c9c68786e3b2a55f3fdf7399bde425296a79924a0b0424646612a58,896194,5858500.0,500.0,8.5e-05,1,2,222
2025-05-11 02:39:37,2ca1739a5f3bec83e7ee9e365b3acc4ca4456f040f119739781a680f14b6aa46,896194,598400.0,500.0,0.000836,1,2,222
2025-05-11 02:39:37,0d560dfcb2ae43fe7665bc8d40c8eee522479221ba16280d3bb49836437f7138,896194,165800.0,500.0,0.003016,1,2,222
2025-05-11 02:39:37,863418c3bccb340a320b22896ae5fd1c5e5647cac7e71ac5f1a59ed859493e23,896194,1365675.0,500.0,0.000366,1,2,222
2025-05-11 02:39:37,6f670f1b2b74e299428ba12a5237b68d7e47d46cb4271200ea9a965961044bed,896194,438186057.0,1324.0,3e-06,1,2,373
2025-05-11 02:39:37,dcd12162330f5020074d9a5668f571de1191c2127f452b7947c478971d7ae115,896194,854322.0,678.0,0.000794,1,1,191
2025-05-11 02:39:37,249c6f94353e6e45defee5d4d12cd3a64247c954a88a17f67156e4e8bcc83e7b,896194,6144.0,403.0,0.065592,1,1,194
2025-05-11 02:39:37,917ab28642ea2d0d14348cbac324ace9ef00488db2765353151fb631a130f0cb,896194,538826.0,2098.0,0.003894,8,2,1105
2025-05-11 02:39:37,9547ee6979c77c29e7c61324d30c817c7886d77a6606f74424f9fb34b0b93a42,896194,16014535.0,810.0,5.1e-05,2,2,305
2025-05-11 02:39:37,d628a44f73c32100eeb8332784193cc7ac04697c8b7f43dcf8726562c1f28ed7,896194,8888.0,555.0,0.062444,1,1,333
2025-05-11 02:39:37,45fc5e3db5995447dc2aa7d39d3588f59bdd33c0c2b592e3be20910d459ebdd9,896194,16015900.0,462.0,2.9e-05,1,2,206
2025-05-11 02:39:37,80f65f13f76dfbc885f17c392e1c387042e430535df587bd628b3dae7035b5d6,896194,6168.0,636.0,0.103113,2,1,340
2025-05-11 02:39:37,4119185861ddf1372eb4c801431b6ed8f434925bb879d1ea3ef0cf13e8724548,896194,135631500.0,800.0,6e-06,1,2,223
2025-05-11 02:39:37,d34ab0a5cda904f8a34a0406b19c01479e45ce275f461f3a4cfb454813e08320,896194,841374.0,506.0,0.000601,1,2,222
2025-05-11 02:39:37,42c00741da873b547a689190a77a8a5653f3e8756f70d103819f6eec58148665,896194,22801.0,705.0,0.03092,1,2,222
2025-05-11 02:39:37,cadba2901621e1ca626e8a2ce353666932fb3aa042b67ea4627d8ce500167baf,896194,37924.0,705.0,0.01859,1,2,222
2025-05-11 02:39:37,3980ecf463b17916f739b055a7ea291e4374fd16bfbf1794a7264cf3e55fe042,896194,53952.0,153.0,0.002836,1,2,234
2025-05-11 02:39:37,144d44aa40d01894bbaa3ff6dda962e16671ca0a95da9a836dff7ddec81a3f26,896194,999999482.0,518.0,1e-06,1,2,226
2025-05-11 02:39:37,821d685f788ca7c1fc7924a8168a51a692b5b0ac1ee786c7efa336173eb0c7df,896194,2772057878.0,842.0,0.0,1,5,316
2025-05-11 02:39:37,11424b5c4f3d6f5c8dbb04e8dcc6578725947db54e81100821365740a42b2440,896194,1086038.0,511.0,0.000471,1,2,223
2025-05-11 02:39:37,ba470960e33a8eaff8faaf55c815b467f06d4eb5bcd1206aaf7ca2ca59472dc6,896194,2709301826.0,1076.0,0.0,1,7,381
2025-05-11 02:39:37,b0c936fbc4eabb51cb7634bbe64119e77a55031d837f48508727def4abce9e89,896194,24391978.0,619.0,2.5e-05,1,3,254
2025-05-11 02:39:37,74e688c0fd54935b26cf602c326b7366bed676ff94379cccab3e33595a2cfdf1,896194,197694.0,756.0,0.003824,2,2,372
2025-05-11 02:39:37,90202e987b067d968e117b27ae93571f075fa3fb4f62b939df9c5cfc8dc112e2,896194,99115.0,396.0,0.003995,1,1,192
2025-05-11 02:39:37,c672d94a58ecf984e839f3a50420e6150ab9ce386d59dcf3d02952557c39ebbf,896194,182991.0,396.0,0.002164,1,1,192
2025-05-11 02:39:37,b3e4b4302506d4237deda8747e1ed9664533d44f4e2d12c675ef78fce14de7bd,896194,68508.0,396.0,0.00578,1,1,192
2025-05-11 02:39:37,e181f4669354afa90a734b4d8e7732c6fbda4ebdae0ed4f9fcadce4bf59e2bba,896194,42728.0,396.0,0.009268,1,1,191
2025-05-11 22:58:45,1924f82f2de1b42eec05fdc3a205bcf4b1e14adade7a01e9073d4ea16c426b29,896321,174050.0,784.0,0.004504,1,1,191
2025-05-11 22:58:45,41afde596f293fda9236af6b4d9c4c2f95067eba6f8cd1d4eb5522911ea43828,896321,222973.0,784.0,0.003516,1,1,192
2025-05-11 22:58:45,098a6aa91525f05986655789685499d3cf4544cda68cd3775a1d606e43b96068,896321,96125.0,1498.0,0.015584,2,2,371
2025-05-11 22:58:45,d69a1204c8d9167661adfc15458c9e61dcbd6f428a5663bd64918defc9ec2eb0,896321,1049122.0,2000.0,0.001906,3,2,521
2025-05-11 22:58:45,74db44c5e6c29ffa1a7763b98139eff6fbe25f240e158cfcf6cbfd2c15ab73a2,896321,517890.0,2000.0,0.003862,3,2,521
2025-05-11 22:58:45,368742603e076289e6b3ac0831e8c7ae9c7c7c3b66a421a39145b56db23def4d,896321,89414.0,812.0,0.009081,1,1,195
2025-05-11 22:58:45,66c832fbca6b834514a3586cf550ff075634fc5c89b368e408432aa71144ca26,896321,324022.0,1043.0,0.003219,1,2,196
2025-05-11 22:58:45,98c955bc3262932e1f06404c026f720d25895bc1f52acd9e339ee1140b23e24d,896321,130263092.0,1900.0,1.5e-05,1,4,346
2025-05-11 22:58:45,dcc3caa50c390eec5ce1997a7d68fa84d63a55a6eb0b6d8d99527dd329485472,896321,1004049.0,1022.0,0.001018,1,2,223
2025-05-11 22:58:45,52835f14563005a41989189ced7c616bf13fd037313b1bb0932bb68c70318c64,896321,1027686.0,1022.0,0.000994,1,2,223
2025-05-11 22:58:45,f9cd23c0426a7e28b2a0429b46380ed2bc25f5137a0caaf58308f47904cd3d33,896321,46655.0,1498.0,0.032108,2,2,370
2025-05-11 22:58:45,3ad43902b6670d12f83d72c867d442d0e7cad9ec70d3bb43a46a137cb845fbd4,896321,491975.0,1106.0,0.002248,1,2,235
2025-05-11 22:58:45,6ff362611374c902e72c715e9433fbbf877d5ed05738052b90948863a5e838c8,896321,268057.0,1106.0,0.004126,1,2,234
2025-05-11 22:58:45,7134a2e173a671f3a0fa1218f352b6341cc55098e37a63868bfb6b3fce33cf20,896321,19119.0,1106.0,0.057848,1,2,234
2025-05-11 22:58:45,3f00f46e854def7951e7bc88cb7329a067392fd3a6f26cc18fc6e9200cd6f54f,896321,1550.0,1287.0,0.830323,2,1,341
2025-05-11 22:58:45,aa82c72b885cea1ad3a234c760e03ff3dbafe5a8e4198803a60f00ac758a0df8,896321,5024693.0,2000.0,0.000398,3,2,518
2025-05-11 22:58:45,e01744da7184a141545f0d8bc28906ef09b031f3d7248a2cb3354429b54a8186,896321,545334.0,2000.0,0.003667,3,2,518
2025-05-11 22:58:45,7b21edae8d160527adae0597055fcef99dd5c36df864795c796592003c59f9de,896321,99968.0,1022.0,0.010223,1,2,223
2025-05-11 22:58:45,bb9ae4b0636dc1e6428c71d310c2c699fdfb1f1a9d1aaafe5feb9718470041d9,896321,45668.0,1022.0,0.022379,1,2,223
2025-05-11 22:58:45,f86209328e17d2cd5e8f55193e9844e64eb5fb772bafd42c38e4264620e4aca1,896321,299671.0,1022.0,0.00341,1,2,222
2025-05-11 22:58:45,70169c902f7be609f8422b275dfcd1a2d6d2c2efc18911bcb03f259261943478,896321,984671.0,1560.0,0.001584,1,4,297
2025-05-11 22:58:45,63ba34ecd08cbc770f8caa78d42f0a5d34222ef00127c3c141b825e8c4a3016f,896321,8571117.0,2128.0,0.000248,1,6,348
2025-05-11 22:58:45,746eb8cf3ba9d39a34956f3d9401fe1931aa9eaa08f91bc689d02317363d6cab,896321,15632665.0,2120.0,0.000136,1,6,347
2025-05-11 22:58:45,21d3c59d94357066a02433a9ae66ab81f272c7b79bc1709c753669b07300d2a0,896321,16882914.0,1872.0,0.000111,1,5,316
2025-05-11 22:58:45,307455cb92e74405cdf8b02f5d6d016384af693fb5eac033ba0fe9e15be2022a,896321,17562441.0,2144.0,0.000122,1,6,349
2025-05-11 22:58:45,2a14ca268dc0b1db8d35ee393800f294ea612e523765a2be8098871d61ffe2b2,896321,18074420.0,1376.0,7.6e-05,1,3,253
2025-05-11 22:58:45,633991e80ffde3508f3322de8c061003bf101ff14b2f4f0672fbfe645c1cd2d8,896321,18431340.0,1224.0,6.6e-05,1,4,286
2025-05-11 22:58:45,f3396ccad600e97a1070592260ea2ec48c98647b39ae5706be16dace084150b4,896321,18575100.0,1476.0,7.9e-05,1,5,328
2025-05-11 22:58:45,f361ed9870da59a992df23c1c05fcc7604f21044f399e1bcdaf0a65e760a52ee,896321,18737825.0,1404.0,7.5e-05,1,5,316
2025-05-11 22:58:45,116a16422295a5f5e4076dcf7b22437acea8020162ef7f6ad782b9280c40c980,896321,9971781.0,1032.0,0.000103,1,2,222
2025-05-11 22:58:45,af9d55d128de66e27dce35df5d73ddd398c1ef9f7955f1e51f2e91de48d18e53,896321,69161008.0,2000.0,2.9e-05,1,6,350
2025-05-11 22:58:45,9c5dee9a3087d8bddf7bdcda0ce5a029f6653e0ded5a3b450824a0ccbffcf07e,896321,27968.0,847.0,0.030285,1,1,195
2025-05-11 22:58:45,3734c7be70d2d0e8ad968ecfc40723c1d97da7b256ca60ed364e64719606bbc7,896321,51717213.0,2000.0,3.9e-05,1,6,348
2025-05-11 22:58:45,d9de780c14aed64a31e823155f5ceb23202d8c04aea84245679d161f60c32d25,896321,14421.0,829.0,0.057486,1,1,192
2025-05-11 22:58:45,4bbbbd8d8bf33982fe8417cdcdfe36528dc652fb0d740686acfd29c445815cb0,896321,4531049.0,1576.0,0.000348,1,4,286
2025-05-11 22:58:45,c2a58c3a07926dfd05d78cca0667308efbf020cfa994bc6ff5ddf18d34c12d45,896321,1540000.0,6661.0,0.004325,12,1,1824
2025-05-11 22:58:45,7f71567267d5d1d38b4adb86ee2e71dece61094ae73be5bf88f4c5050e665647,896321,49970940.0,1123.0,2.2e-05,1,2,225
2025-05-11 22:58:45,5962bb5af421562b650154aceed78307036e5092fd11fb0d250b78a9462a921c,896321,20378086.0,1288.0,6.3e-05,1,2,247
2025-05-11 22:58:45,7adf3b33b93f1b0025ef2b34f0c987d6cfeaf4fad93c4617e5d6e338fb764fe2,896321,6241558.0,1203.0,0.000193,1,2,239
2025-05-11 22:58:45,6684c67ebc18fe72bee5e9140664cd1188e3a83e2ef57c68e641820fedbe839e,896321,9246798.0,1203.0,0.00013,1,2,239
2025-05-11 22:58:45,4b594598727bf1a1e393e58b5c635f005bf10a11109a44eb67d729a3bfe6b58b,896321,277535.0,1203.0,0.004335,1,2,240
2025-05-11 22:58:45,f79898ed44073957c84bef3aff79e961dbf7d4815c84c11400aeeb4d7c420d1d,896321,288346.0,1203.0,0.004172,1,2,240
2025-05-11 22:58:45,e7e13720b5a65e613b3efb29df85cc21bf729e7b2a63f6b68a9acefb59c37a09,896321,285822.0,1203.0,0.004209,1,2,240
2025-05-11 22:58:45,2c6a3bfa9ee7bf95f1983c9993e357e9a930b0395fb9cdc628df1c660aea70ba,896321,8026305.0,1211.0,0.000151,1,2,241
2025-05-11 22:58:45,de7deafba254e46768c4b6f820d5bb0c24d3c651cf59934312a9417f183d66b1,896321,275741.0,1211.0,0.004392,1,2,240
2025-05-11 22:58:45,5bba9215d538ae149db62884f9ac2cc4041dc1d39471e879e46ef17047458b94,896321,6413921.0,1211.0,0.000189,1,2,240
2025-05-11 22:58:45,1934817fc89ac06ae5b1265cb95558c4f29d9ae27b040448322d5fae2879737d,896321,9313711.0,1211.0,0.00013,1,2,241
2025-05-11 22:58:45,eb7d1a809165b635f9f653546967848061947065e16a6c94c040ed7099f46e5f,896321,288145.0,1211.0,0.004203,1,2,240
2025-05-11 22:58:45,e5892db8814b567338167639a994f2a4a0b5db67d8601edc8529ec0ff6562c50,896321,277518.0,1211.0,0.004364,1,2,240
2025-05-11 22:58:45,e0c2bce9eedd3f30e537126ffa3cab9a5e279d9ac388cc85e073a25868778326,896321,279411.0,1211.0,0.004334,1,2,241
2025-05-11 22:58:45,4cadc73f4e24114a905ab29204e45876882d4ab737d40831c4ef41347bda1206,896321,9489935.0,1211.0,0.000128,1,2,240
2025-05-11 22:58:45,999ca27f2a67ea4cd8541c432e3da74831725a59b1bdd4e484b77aed0a5415fa,896321,287620.0,1478.0,0.005139,1,2,274
2025-05-11 22:58:45,18efb1e02efb23f306e45ef5b90ea55b67179adf4656e8ae7cfdf640aa2d71dc,896321,286371.0,1478.0,0.005161,1,2,274
2025-05-11 22:58:45,fd96e8a8b2257dcfeaa8c4c2d207c07f8992be52e990de698aaa0d6d5d4b06d1,896321,288059.0,1478.0,0.005131,1,2,275
2025-05-11 22:58:45,13d2337e9595d9bfdc637a0b7200377a4d23427bad14c6316ca01b9d857947be,896321,288158.0,1478.0,0.005129,1,2,275
2025-05-11 22:58:45,db637ce8508bcdc488537650be452b57427c849382e3b9e168ee83ace42a3ba1,896321,287878.0,1478.0,0.005134,1,2,274
2025-05-11 22:58:45,6af83bedc889530052118f8f0cde3bb811440f369b7602ccb004575824745866,896321,287604.0,1478.0,0.005139,1,2,275
2025-05-11 22:58:45,7f44bd5f9a46fe6ad70b963beeea478640829fa65e0eff283f77707b80eaf861,896321,285796.0,1478.0,0.005172,1,2,274
2025-05-11 22:58:45,a39a7fe8afdae40f486d1711eaa70396b2cbaac23705c3ad65844eef6e3e094e,896321,277402.0,1478.0,0.005328,1,2,275
2025-05-11 22:58:45,d7caaffc14b7f182d8f5ca1ebc6592300c199aeadf7ba81fe084528da8c34e42,896321,278833.0,1478.0,0.005301,1,2,274
2025-05-11 22:58:45,a00a2ea158381b94f471aa4b61af98bfa14b9c6a46cadb6b16853a4c90fec032,896321,278574.0,1478.0,0.005306,1,2,274
2025-05-11 22:58:45,ab541d668888ec86d7e26363f5862a7f164082a93ff32c73a79f696ed221c915,896321,285799.0,1478.0,0.005171,1,2,275
2025-05-11 22:58:45,4f14a6ddc60eb29619a255a5e192384c7a1ae3d2a49081bb1f0686a6becd920c,896321,287989.0,1478.0,0.005132,1,2,274
2025-05-11 22:58:45,265a7fd2d292afc72ccb22edcd2ffa00631de3b72c4b1a1defd68dbf26d47e2a,896321,864301.0,2839.0,0.003285,3,2,618
2025-05-11 22:58:45,568d56462bb3da6012f7832b5457cda51e5ab5fa50e96bdf957b9834a30836ff,896321,287695.0,1486.0,0.005165,1,2,275
2025-05-11 22:58:45,3d21d77519ff90e40d949d70d3c4a7e8f310d715f621c07e1fe0daff27812bad,896321,283386.0,1486.0,0.005244,1,2,275
2025-05-11 22:58:45,6f1cb47b5da57c2079ac92e5335a9ef2ee080b03e4bea1c139034271e069617f,896321,277140.0,1486.0,0.005362,1,2,276
2025-05-11 22:58:45,9baefc819a962e4a07dc0c146726e1db621261ceb3ff4d39f08f43081fb2176a,896321,284067.0,1486.0,0.005231,1,2,275
2025-05-11 22:58:45,df14c276d75c155c185562f017a67f867ccc254fe94b9c93dcd9bf095cb8472b,896321,286384.0,1486.0,0.005189,1,2,276
2025-05-11 22:58:45,90dd56a3912e8ae81e7b5272814d6073bc29df42bdb9bc355a397074d9b12578,896321,14895766.0,1753.0,0.000118,2,2,394
2025-05-11 22:58:45,012670b786a5a275de4f8dbdfa2aeee8b84fc611d5f2de9a66e5fd61ec5b65f9,896321,576594.0,2021.0,0.003505,2,2,428
2025-05-11 22:58:45,9439aa8171f586270e3ac59a70e61988bc118593bf948607cfbbabd61db7fd2c,896321,572178.0,2029.0,0.003546,2,2,430
2025-05-11 22:58:45,26135cbe0a21db0d8801e8f44ab19e7fae5b924590347feec4a7d30091dafa16,896321,571741.0,2029.0,0.003549,2,2,429
2025-05-11 22:58:45,6e422d4485abc153cf61e2d7d744385b4b555ff2f1cf6e1b2b2caec9e2746de8,896321,558497.0,2296.0,0.004111,2,2,463
2025-05-11 22:58:45,005a039c7ab55798b978438f3c213b42c88b6c08e472dd947ba08ed78b25e449,896321,572793.0,2296.0,0.004008,2,2,463
2025-05-11 22:58:45,efad2ea23716c29b9e8a30b57328e5523bbd7c2b32b6357c9a781e8222931929,896321,567942.0,2296.0,0.004043,2,2,461
2025-05-11 22:58:45,1a8b918073e7f6dd08da85e34e7780fee3c316c177f805e5556833ada6fce627,896321,576013.0,2296.0,0.003986,2,2,463
2025-05-11 22:58:45,a017a0ca53650c7779ceac26e18a3c06045190352fb9ed5f1bc32ed65a95e416,896321,575889.0,2296.0,0.003987,2,2,463
2025-05-11 22:58:45,1de4ef0eab7c03472428c57e6d2e30e77aa3efb6417f79a15fa19ecb3aa11815,896321,575476.0,2296.0,0.00399,2,2,463
2025-05-11 22:58:45,5a75fab1f8f96d69a9d4622f2d83c0de6e6f86c48f58528db21f7a81200f0249,896321,557835.0,2304.0,0.00413,2,2,462
2025-05-11 22:58:45,c9ee6cef66d74ee646d7a84f554c71305c18129bf1a622d2d72fc18a476fa543,896321,573510.0,2304.0,0.004017,2,2,465
2025-05-11 22:58:45,d2596a3dc9b01d05b4ded7cd8bd407e0cb4c990023ffa645b8a50e7612601c15,896321,558886.0,2304.0,0.004122,2,2,465
2025-05-11 22:58:45,705ad2b3d0ac137386ba8f0c2da8528452bca71286e968301e950baf6f29c4a7,896321,572088.0,2320.0,0.004055,2,2,467
2025-05-11 22:58:45,fc8f267a462448487b154a4e4c5a6a22a1c171a0d3490218197a04fe5b68edbf,896321,857358.0,2563.0,0.002989,3,2,581
2025-05-11 22:58:45,29429c1564bb165c121a713ea15843fff69224305e453c12ba4149bd8f541a12,896321,864071.0,2839.0,0.003286,3,2,617
2025-05-11 22:58:45,f71371fe3deed7d0245baf953ff411071c07018633ff8b0dd81893de00913dc6,896321,2012918.0,5835.0,0.002899,7,2,1337
2025-05-11 22:58:45,8603cddf81a3678ba92eb35e171c9135e834822fe0063bae1f4df1ba1a54ade8,896321,3088977.0,8832.0,0.002859,11,2,2058
2025-05-11 22:58:45,965e48eb83b7a131961d4eb59ed23df44ae8842129c3365b6e1a1f17bb675fc2,896321,854605.0,3114.0,0.003644,3,2,650
2025-05-11 22:58:45,8538a08b2b7b89255d84524ff45e284edbe9faf90b4b03380f2b82fce95ea501,896321,838185.0,3114.0,0.003715,3,2,651
2025-05-11 22:58:45,2ae02cf4d058d1081602e05d057e613e9e487128308117ea1996b8379ff8d564,896321,1141283.0,3680.0,0.003224,4,2,808
2025-05-11 22:58:45,1789c564edf7fcd282704234ca6b3f90f3a18a6d9e8fc9ec7b19a1186d5d1c09,896321,4713667.0,14290.0,0.003032,17,2,3258
2025-05-11 22:58:45,7659e7ec6d6b55550627d859660e2598f663d164e368995adae43ffda1608c91,896321,1117695.0,3657.0,0.003272,4,2,805
2025-05-11 22:58:45,f18867a01979295f1ec086302c72dc6b22ba24b724fa1ff98527a420289c20d4,896321,1145417.0,3940.0,0.00344,4,2,841
2025-05-11 22:58:45,8c6b980046f314bb66955b11cea5de56cf8f59184db01868033facbbaa52b864,896321,3900459.0,11836.0,0.003035,14,2,2692
2025-05-11 22:58:45,31250b85c0ae0ce977bbdf0d17d9307675962759c7fb3703a9a7c76ee5462d45,896321,3072215.0,9666.0,0.003146,11,2,2161
2025-05-11 22:58:45,fd2615895426ee454e5040729952b4a7eab3d1a77bc15c258a2bd529c771853d,896321,60188.0,2168.0,0.03602,3,2,519
2025-05-11 22:58:45,b9ee0f70d2e04f45c7c993c818ed0763bd42f8f136d4e17cdc70273fe29b20bc,896321,5645034.0,2932.0,0.000519,1,2,373
2025-05-11 22:58:45,fa7551d7b1ef8e4a8c51b984142a9cfde08e59b763fd4e6b6371fb51450f3fa8,896321,14799.0,2000.0,0.135144,2,2,416
2025-05-11 22:58:45,ad5890bea691ada9e19511f0793baef4bb93c371678d5535bfe49c006238a086,896321,4471290.0,1116.0,0.00025,1,2,223
2025-05-11 22:58:45,37f1514b6b27626477831b4022c80692fb9aa54dffb629b342548efa884cfbbc,896321,5042371.0,1116.0,0.000221,1,2,223
2025-05-13 04:23:38,5153be8e1ea5dbed1adfb0277f81d9317955edb465e90e180cc1192ecca4e74b,896497,399297.0,135.0,0.000338,1,1,249
2025-05-13 04:23:38,fd46cef462a1f1335d84388c3f67595143cbbd7bb3aba08292a90d8e63c23efc,896497,4470795.0,214.0,4.8e-05,2,2,372
2025-05-13 04:23:38,ebee217e30d71b2f87e2f8becaab2c879e0c1d338337d6cd1abab9a9535f77cc,896497,330.0,171.0,0.518182,1,2,336
2025-05-13 04:23:38,61e056988a89014ff12257e7811d020ce34d9e4f9cb8f2cb0ed3258f8e475276,896497,330.0,171.0,0.518182,1,2,336
2025-05-13 04:23:38,7239b494299da41cea2882e778630cde017e0ed7b665db0d457fc31ba5bd3351,896497,330.0,171.0,0.518182,1,2,336
2025-05-13 04:23:38,49b5be016d51fc1bfd2f354d930ed05a2a413b14058663ec1fa98b2588adaf4b,896497,330.0,171.0,0.518182,1,2,336
2025-05-13 04:23:38,cfe69eee7dba36112d10b5c46f1d66124eaa4577c7149e9f29ad0024e3f7a673,896497,1141524.0,146.0,0.000128,1,2,222
2025-05-13 04:23:38,fdc3283b02d88f6684d2650da767504c415955f51572ee5a3b002198b8297a3c,896497,132370.0,146.0,0.001103,1,2,223
2025-05-13 04:23:38,92f89fd00579cf50e84c53858ee43df9a44213bb42cd678609d2bcd8db2a537c,896497,4800.0,115.0,0.023958,1,1,162
2025-05-13 04:23:38,32c7659fe083fec171a9c034c4eb02746dfb360aaf06e07a66ae460f73547d0d,896497,66796105.0,770.0,1.2e-05,6,9,1043
2025-05-13 04:23:38,a7a255af4b0736ac026327491ed62a0b6d0248acfb80429b54857bd1cb9a541b,896497,8215.0,1071.0,0.130371,17,1,1862
2025-05-13 04:23:38,2981144561c2468e4c2d0b6943bd02e82e6a48877a9fe2c7be614aaca688f6f7,896497,680490.0,401.0,0.000589,5,1,783
2025-05-13 04:23:38,bc64c5f733dd7830d67633f2f61101099199b2eb0f2255bdcab4d81df172f924,896497,1413726.0,599.0,0.000424,5,6,806
2025-05-13 04:23:38,b3c79571533fdc776559e753338f690c61b70ec3c0eed10f72ba5d9bc55a6cdd,896497,2421071.0,212.0,8.8e-05,2,2,312
2025-05-13 04:23:38,3c622b912313ea4330d64f427f46627b761b5e12ccfe6721d761d542d0c843ab,896497,523694.0,526.0,0.001004,4,6,727
2025-05-13 04:23:38,2499d4833d9467d9885fb2d3fc53816a8ca3ba9e5800254e42a1f8317ad1a9e2,896497,3697000.0,530.0,0.000143,4,6,702
2025-05-13 04:23:38,8db659716898141c46f6a6d9ffca7525f74b538f74e89ab039c89fe5166a88d3,896497,221000.0,530.0,0.002398,4,6,702
2025-05-13 04:23:38,faf999ec6215266b2f8171a8eac619b16099276b1cb6fccd1d94cf6ceabe985c,896497,220362.0,530.0,0.002405,4,6,702
2025-05-13 04:23:38,ace24fa09bc8ad067ceb17718c9d4b19ee7175267b82d2fe6acf0372f1740b4f,896497,199000.0,530.0,0.002663,4,6,702
2025-05-13 04:23:38,afe287760dedf020871b73a68a82b394637e134595179cf8e325932a9971a1e6,896497,1022527.0,530.0,0.000518,4,6,699
2025-05-13 04:23:38,fb650436c37f22de4db6bb9355be61851cc7079a3ef1aa19b99d4fdb98c3af96,896497,1502957.0,530.0,0.000353,4,6,699
2025-05-13 04:23:38,e952bde757d1510849cb29748530bc99c7fae94d0aadb0a01ecd9f432184093f,896497,1984687.0,526.0,0.000265,4,6,728
2025-05-13 04:23:38,4c794e67d7d26a1bc877138b5835508ba7f8533c7f00aee7f0d0e0caf4d165b6,896497,502288.0,530.0,0.001055,4,6,699
2025-05-13 04:23:38,3d2b50f8e99fe0ff7d6bd35aa3f84be4fcfa9223d7af93d5e66eea4b66c3b6c4,896497,743302.0,530.0,0.000713,4,6,699
2025-05-13 04:23:38,1a35674645ddea933f7e9e780b4c3ced6615e6734788770ce589c01555e934b0,896497,125807.0,530.0,0.004213,4,6,699
2025-05-13 04:23:38,b023a9de4968d168f22df32c2005c3f90d971d5bf92a558d7d931cdd6a2a93a7,896497,904828.0,530.0,0.000586,4,6,699
2025-05-13 04:23:38,7d6c5bbdc44dac3d66f28dddaf60048d8fc61be2ebd86f5e3aebed0471297698,896497,654652.0,530.0,0.00081,4,6,699
2025-05-13 04:23:38,ce7d728d0cd871a0f0d9123f211ceaf93a70407143e31cb3e7df825296db3997,896497,155729.0,530.0,0.003403,4,6,699
2025-05-13 04:23:38,4bf717184f739f78cc3f187a62f730b4bc2c5f33d123f7988e05aa48b27f888f,896497,267670.0,530.0,0.00198,4,6,699
2025-05-13 04:23:38,9568e88cbd5e5f83d0f53f0714bc5acb75c1681df6642799db5412291a120285,896497,157774.0,530.0,0.003359,4,6,699
2025-05-13 04:23:38,ead9492fa996ee639219c5f6d5e0d1a2e9041402bb1f7e6d4559c2b6639cf659,896497,158049.0,530.0,0.003353,4,6,699
2025-05-13 04:23:38,fe2a56febb46c8a91e493270855241ff39918a9659fbeaa81735cc47e23e8557,896497,135936.0,530.0,0.003899,4,6,699
2025-05-13 04:23:38,de37331fbbb106742bf4ed23c550d230e9ef55ae85a4c36c3cb9850c38b9614d,896497,2225197.0,530.0,0.000238,4,6,699
2025-05-13 04:23:38,64793d4b58d03bd733fa5915b8da6b932bfb9e3becd737d3ce18da651a65fa42,896497,307295.0,530.0,0.001725,4,6,699
2025-05-13 04:23:38,f380d0550b8a39bbbd707b3bd6440fee9a15bb260b8e42b087de3a9c731bdd3a,896497,253378.0,530.0,0.002092,4,6,699
2025-05-13 04:23:38,9b43a0a775a62f4e498ff6c41e2794c42b3e6b1bdc59f5dd7fb85e5c04996499,896497,494842.0,530.0,0.001071,4,6,699
2025-05-13 04:23:38,33da6c2afff6a4602b6c4b2fe27652c193a7a1c5f0a52e5a88d94f1e3f75c160,896497,975588.0,530.0,0.000543,4,6,699
2025-05-13 04:23:38,c5dff2519e04b779d5af2f3f8a0b05eb29569fdb566aa9d7992f7bffe7cb4b21,896497,36066.0,530.0,0.014695,4,6,699
2025-05-13 04:23:38,e26b1eaca640162aa46df2c19e10107bde01b945acfb77ac3ab9ab008a04de03,896497,157943.0,530.0,0.003356,4,6,699
2025-05-13 04:23:38,3740a3e0f90b9f7f73fe90a7db5f1d032bb1fa3fba915805bf53a4a1d5a013f9,896497,2490156.0,990.0,0.000398,8,12,1488
2025-05-13 04:23:38,031b4a53be7db1326b9874d1c4ae328c334c3213ddff6bf2515b7dae7441c7b0,896497,25819.0,151.0,0.005848,1,2,223
2025-05-13 04:23:38,f438bc87a48e6baa79bbaa2980f73c9287d49c86296ae25a754a465a96390b7a,896497,338514.0,151.0,0.000446,1,2,223
2025-05-13 04:23:38,bae2ad88fbf076f4829b350134ea4a60ca46986c31cbd5fd863cbdb5bc136588,896497,374931.0,599.0,0.001598,5,6,810
2025-05-13 04:23:38,eb7506964d61aead2189e8864f28c478845b11699ed01cbac1b15da5aacc98be,896497,516648.0,599.0,0.001159,5,6,806
2025-05-13 04:23:38,dca0c8ee102d49f65440aa435d215eaf8a3b5edf82f3fb258ce85cfd768a0f8d,896497,658923.0,599.0,0.000909,5,6,809
2025-05-13 04:23:38,3d4ddf170a92bfa327fdf3a3804f87fe454c56847e52b36386993d86cdb0c683,896497,293994.0,599.0,0.002037,5,6,806
2025-05-13 04:23:38,534d7220da37c49774f5ec6f885cd8420739268e7f9d5cb80816f3aa72a74a79,896497,276820.0,599.0,0.002164,5,6,806
2025-05-13 04:23:38,ca98280d0c1409e58ad3a96b7038282e127fc84b4a311a47df3d05f3d3d05261,896497,293729.0,599.0,0.002039,5,6,806
2025-05-13 04:23:38,d068aac576b291d158497d999f425123c3c4529fad4d4e15ccc624bf907d2dae,896497,95050.0,754.0,0.007933,6,9,1127
2025-05-13 04:23:38,53f276daf5481d1e38b2d645395c7ff2dfadc96593981c8125e7dfabf3fc44a3,896497,2334.0,378.0,0.161954,1,6,508
2025-05-13 04:23:38,402ea9231107d8f7fe716b4eef55ab44ae9d8a2bdb355fb2b45a4a784abe7359,896497,337550.0,158.0,0.000468,1,2,205
2025-05-13 04:23:38,2a605252b76fd7ea9f55cc9acc7cc2394c67dccdd53ec735eecda86ebb4ca5e4,896497,663746.0,668.0,0.001006,6,6,913
2025-05-13 04:23:38,e92f9f98c501758fffaa4178c9a3b31d0d422715a8f543d4309e5e05dcd4ceb0,896497,235851.0,111.0,0.000471,1,1,153
2025-05-13 04:23:38,e7d9d72c8d49984e4d7a1f9783c9c68ca9eedd11abc00ae6e6b54738145ea9b8,896497,63036.0,488.0,0.007742,4,5,740
2025-05-13 04:23:38,4771664c8d6e23122b34864c5935c689f10dade4f6566b01d759a7e6e684b67c,896497,80609.0,194.0,0.002407,2,1,339
2025-05-13 04:23:38,97ae2b39d15734b28d6e5bdc14c8be6327b8b8d6c9f1c317b3f1a02052b67c5a,896497,1227554.0,124.0,0.000101,1,1,194
2025-05-13 04:23:38,ddbf0fc419931cc7660b0e522ecf98621cc666b04dab7c1e68274548daada8f0,896497,493822.0,122.0,0.000247,1,1,192
2025-05-13 04:23:38,f15ef35e6b9dd91770181d77dfdbafcb953197de7b6d35e5e7845aafe66ee360,896497,58443.0,155.0,0.002652,1,2,222
2025-05-13 04:23:38,fe29daadc69a96917c5bd98b68abdef0f35015f871c4d66e94a749383d62e6ff,896497,3698.0,121.0,0.03272,1,1,191
2025-05-13 04:23:38,307518c3481f064559253fc7091f43cae12caa5fdf2c743dfbb9a08d928b5d36,896497,302779.0,121.0,0.0004,1,1,191
2025-05-13 04:23:38,c1f1fad7faba9a03db66bd4f87b8c315c7116c8a02e3f7506864f6f139fe0a88,896497,330.0,187.0,0.566667,1,1,339
2025-05-13 04:23:38,017723b88686b9cd6e5bde24f40b01cb823a8cf9869c3a0520d648cf574c8b2c,896497,96474.0,153.0,0.001586,1,2,235
2025-05-13 04:23:38,65c0e9f3f52f03998f9e80204f32a0f82505605acb69838d286fe6182a1f7229,896497,78651060.0,3657.0,4.6e-05,2,100,3485
2025-05-13 04:23:38,4b2ef447f49905d0366a995226d32811b22cc14f2e9b7583f145fb8ad13c4863,896497,15526939.0,4231.0,0.000272,44,2,7387
2025-05-13 04:23:38,178c061d883568f9b388cd03c393d431d6842daafe9c43bca763cbd0a1564f95,896497,1726873.0,518.0,0.0003,4,6,764
2025-05-13 04:23:38,5fa8045f5e51f104bd782abcc66fb2b97f07d381b243ee58800b6dee092e1af5,896497,66496.0,342.0,0.005143,2,5,472
2025-05-13 04:23:38,cc72e3083c3f9f351a9cb5565ceb79031ff658e3135e1fad33eba5f124325968,896497,438668.0,600.0,0.001368,5,7,855
2025-05-13 04:23:38,92f617bfd9ff297b29f496ed85dad87ee8fe8492ff51ceccc90195a8211026fc,896497,23026.0,219.0,0.009511,1,3,248
2025-05-13 04:23:38,f33336ef8c6296dd35744a73c5c88012d53d13983d0dfe944140ccb9f57b6ea2,896497,23245.0,171.0,0.007356,1,2,205
2025-05-13 04:23:38,0a56b5b09f13dcefaa076418adddd759b2e2e71aa42fcf6febefde66e98464c6,896497,23416.0,171.0,0.007303,1,2,205
2025-05-13 04:23:38,223732d07f31f86febc07df8f6b26efdd86a103d5ad8a32dc24433689f156023,896497,23587.0,171.0,0.00725,1,2,205
2025-05-13 04:23:38,942dc0c617a326f7e846c945a056056ce0a7dc290a86058aba155df854363b85,896497,23758.0,171.0,0.007198,1,2,205
2025-05-13 04:23:38,16a4995caea92fddb832363340fe8d1d2b60f4dd69bf7bce1cc10a8c0dea60b3,896497,23929.0,171.0,0.007146,1,2,205
2025-05-13 04:23:38,af810bd5c54f8fd42ee7cdc77b81ec530d0603249397d5cd45425af55b796aa6,896497,24100.0,171.0,0.007095,1,2,205
2025-05-13 04:23:38,49f6904e25ee2afc7754c14b81e9a6f2843ae547fd3aef00ff34558f1681c2cd,896497,24271.0,171.0,0.007045,1,2,205
2025-05-13 04:23:38,fce9bedca05956d74a995ce2393ce016bd4490a0af0a3ed2ff28e1f700419e00,896497,24442.0,171.0,0.006996,1,2,205
2025-05-13 04:23:38,1ae63764c518ceb7638c50370c177654c34084f34f15f50306b53f076ca2e927,896497,24613.0,171.0,0.006948,1,2,205
2025-05-13 04:23:38,ed063b7674b4c6a1bb5d57a2d7349f9ceaba959b4a827e74e7b69b18ef7119dd,896497,24784.0,171.0,0.0069,1,2,205
2025-05-13 04:23:38,1b450d18ecba902cebb552a58199fd2153f28abb5e5f37e33de9b76c4a37a6cb,896497,24955.0,171.0,0.006852,1,2,205
2025-05-13 04:23:38,bac55eaf535ea9d36855c20de3c183e6e3b32200a4dd86d5b3e028a44033d6ad,896497,25126.0,171.0,0.006806,1,2,205
2025-05-13 04:23:38,ace1a22b126afe59c31f0bc75faad343a9f60ef3abfb098aa0faab752a239f06,896497,25297.0,171.0,0.00676,1,2,205
2025-05-13 04:23:38,c916c9733cd151560dc54297a25cb83300ae8eb88ceb3a5133208a9959ac95ad,896497,25468.0,171.0,0.006714,1,2,205
2025-05-13 04:23:38,f04cb59d5030b2b9c90b2d4babbdfb1bc203b8dbfbaf55128ba09033ae7abd36,896497,25639.0,171.0,0.00667,1,2,205
2025-05-13 04:23:38,432be6986d82a2ec86233f0307c7fa6618e2188b1154f33bd1770f1576ccf609,896497,25810.0,171.0,0.006625,1,2,205
2025-05-13 04:23:38,6dbe27bfa7189a084243653533f2fb0c24bec9d02c5d7dbce3c2e2d48e58f5ed,896497,25981.0,171.0,0.006582,1,2,205
2025-05-13 04:23:38,5c7ceea12527307f5697fdbfc86c033fb17d4cadbdc052909f8aa350589e8652,896497,26152.0,171.0,0.006539,1,2,205
2025-05-13 04:23:38,49b385cdd4dd3353defabd4254bd6a1b1d4628e42a0422ec4704f94a033b45a5,896497,26323.0,171.0,0.006496,1,2,205
2025-05-13 04:23:38,a61c49b946b87fad94aa688af3369e88a521565a5c74ad40fa3383da8249bb7a,896497,26494.0,171.0,0.006454,1,2,205
2025-05-13 04:23:38,192673036e6540ee3f4de27be77080a8652dc7f34fd7a9050e2ff152f42e139f,896497,26665.0,171.0,0.006413,1,2,205
2025-05-13 04:23:38,9683c105a5ce256c2ba0f292ba49288f342b7e199762e7e473f17bdcfd111bef,896497,26836.0,171.0,0.006372,1,2,205
2025-05-13 04:23:38,6c28d00a005504c9defa00600f0478286f009cee909a8c395a9dca1609edec13,896497,27007.0,171.0,0.006332,1,2,205
2025-05-13 04:23:38,e7e7200c60a7daa626a23894655b224fd4ae3d3961222ad2ccd52fd1b19d86a1,896497,27178.0,170.0,0.006255,1,2,205
2025-05-13 04:23:38,41bdefefdd09e9c3dd796eb3d36b6976a8e8e0520d5060314d2e81d28d966de5,896497,40782.0,219.0,0.00537,1,3,248
2025-05-13 04:23:38,b0c795e984380f280a24aeaab0a10709cafddd56f96dabd8946b096b7d2002c6,896497,41001.0,171.0,0.004171,1,2,205
2025-05-13 04:23:38,af948a268c40cbf230993d56be54b34256fd7631bbded6a1db636b0c61d94dd5,896497,41172.0,171.0,0.004153,1,2,205
2025-05-13 04:23:38,8302d4e9f175258c5b8ea33753b34b10f9a8ead41470f819c236150f6c7864cb,896497,41343.0,171.0,0.004136,1,2,205
2025-05-13 04:23:38,6b6455e7ce1444d4a61d7fd330274cfbb229d8a58b8f09d9d1d40364b2f15e41,896497,41514.0,171.0,0.004119,1,2,205
2025-05-13 04:23:38,1137b52535c3ef305162b7ef3f41f048d89085f5236a8dcb696098f985bb64da,896497,41685.0,171.0,0.004102,1,2,205
2025-05-13 04:23:38,0173115f6fb0806c2538ab46e7f15fcd2f63d1de11fe7e9403341801c805f8b7,896497,41856.0,171.0,0.004085,1,2,205
2025-05-13 04:23:38,32b7bacd759e2bbe0ee89779b48be4f20c222e5e84cee9e94a8c84e47c675ba6,896497,42027.0,171.0,0.004069,1,2,205
2025-05-14 17:09:36,ecc8ded96d9cf9cb51267df1abbeb45aa5a672ef8793314b1b3b4add7c3514a6,896699,4460499.0,3170.0,0.000711,4,1,637
2025-05-14 17:09:36,9ebc746094518279b94548b278116b6f6b53c7aae2d36929de2641f86d5b1797,896699,2257360026.0,17600.0,8e-06,7,21,1723
2025-05-14 17:09:36,1e9e03ebd5bba9cd50b312a638579ec2ae932f027197c54c294dd45695a2a9be,896699,3596200.0,1464.0,0.000407,1,2,223
2025-05-14 17:09:36,020bab71e18e392592689b274989eb95e3dc5311a333270b8168a3be09059aac,896699,100774.0,1460.0,0.014488,1,2,223
2025-05-14 17:09:36,f98af6b07b1122fc350b47e6e4bee9828ade5b74797c94f8d9165a82286d69ee,896699,86059.0,1888.0,0.021938,2,1,342
2025-05-14 17:09:36,7b6ec9c56b12a33bb204abdd8b25f60500f55ec6a4283d24fccc019290a3e325,896699,116052.0,1154.0,0.009944,1,1,191
2025-05-14 17:09:36,0d7a2079aa96920f98013fe19e93b9629f601ac019f1adbe8a589271dd8f6b0f,896699,134401.0,1160.0,0.008631,1,1,191
2025-05-14 17:09:36,d832255182c860ebdfaba2568ead557eade6db8004d1f36c81739da20909d014,896699,19340.0,1219.0,0.06303,1,1,195
2025-05-14 17:09:36,4ff4e515abe06b051ffdf936ac92d440e900072fd8ac281ca6d4f57700c910f8,896699,252126.0,3949.0,0.015663,3,2,603
2025-05-14 17:09:36,0765d9d13fb2dd164bccdd5244ec993cc59966d5eb66791d8038ccefcee2f2d9,896699,18526.0,1474.0,0.079564,1,1,216
2025-05-14 17:09:36,b182928c9b07133c3463616428cfbde2d98534a0a22f4af4463eccfd474e157d,896699,52224.0,1233.0,0.02361,1,1,191
2025-05-14 17:09:36,221b715d04727e4495a6fbd8280323b6ed7859fc71559257aa053374a627f3bf,896699,11900.0,1270.0,0.106723,1,1,191
2025-05-14 17:09:36,8b7f224da9344a2a60d4ba1f01159b274cad76258cda6fe46211f52ed2615524,896699,856687512.0,37560.0,4.4e-05,20,4,3093
2025-05-14 17:09:36,e1515eb2649f5d92a0131183bc43e224b72738974a03bb659cfd03a4aac20c09,896699,902330.0,2330.0,0.002582,2,1,351
2025-05-14 17:09:36,9b081f7a18875e5dca4f8ac28db5780ec2953dae9dda1510334d0b57435f2779,896699,428270.0,1805.0,0.004215,1,2,222
2025-05-14 17:09:36,92cc146b9e7756a76a53d6150944a638f144668302310fb7f33e4efe04c41f33,896699,1092.0,3070.0,2.811355,2,3,336
2025-05-14 17:09:36,665aa31094e588e4639fe07ef1e01dd7f6b31725b919efd52edcf25a301554e2,896699,65000.0,1485.0,0.022846,1,1,192
2025-05-14 17:09:36,315b99af8a34ad305b2d1c0d8decaa155e6136b43615fdfe8a50200eee88619d,896699,316489.0,2330.0,0.007362,1,3,253
2025-05-14 17:09:36,26ed4aff599019be68674334226e09f157ca79c11f2e0b638595fbbb7c621eda,896699,680384.0,1936.0,0.002845,1,2,222
2025-05-14 17:09:36,4e7b031a12a655b46ccb43441c37c4398136f58f3fe706e28b17182436ccf4b4,896699,4518720.0,2330.0,0.000516,1,2,333
2025-05-14 17:09:36,ef5344f8fa296d08e7bcf95f70b0902dc9038579992e788e56b9b4b290a0cd86,896699,1400000.0,2330.0,0.001664,1,2,333
2025-05-14 17:09:36,b893c5d1294e1828cc98217b833ccd05501fab71859c3bd304538923a4be051a,896699,105653561.0,2000.0,1.9e-05,1,2,223
2025-05-14 17:09:36,5041f20cdbc120970fd07d041a377fcfd2ece2954dad4fa8cbcf9774531e5e81,896699,17149646766.0,4170.0,0.0,3,2,521
2025-05-14 17:09:36,1d25f9781e87611921e8bd9f5632e5bdf4f18c1e36ee75f4d96a28ba86a8893e,896699,101671.0,2115.0,0.020802,1,2,222
2025-05-14 17:09:36,6fea772654b049de2749712366738a7288511378c306426d5d8fadbb25883b23,896699,1328181.0,2160.0,0.001626,1,2,225
2025-05-14 17:09:36,86ebcc55164475cb5038ca6be4a7e9b4ae09309e7e0d88be3ab85a89e8941594,896699,17979060.0,3360.0,0.000187,1,2,222
2025-05-14 17:09:36,a076e30c3d76366e6117e2cec042baa5ba53a1f48a8742c8b7359db2d4c7460f,896699,116030.0,1703.0,0.014677,1,1,193
2025-05-14 17:09:36,1cebfdb430700ffe33b14ef3f0271353e012d1c760189183d7a2a642bcf1b12e,896699,455679669.0,2580.0,6e-06,1,2,247
2025-05-14 17:09:36,b678bf9815c9747eadcee0e2874965713f9105fa1e97c81f66883bb2b3556e1e,896699,1034503.0,5220.0,0.005046,2,5,492
2025-05-14 17:09:36,03a64512fd18c7c0234f7f51da449e66e8f84c76e40057c64078f6147e6c62c5,896699,116240.0,5060.0,0.043531,3,1,557
2025-05-14 17:09:36,f5ce125aadb30f50c8c33769e5e74d3a95f8506d86a6dfed72ddc04e5fda576d,896699,84061143.0,5700.0,6.8e-05,1,4,348
2025-05-14 17:09:36,e8219c37d3a3bfc94621356e82df5613349b00d6d23d7b67cf3134b4fcbe4c17,896699,212807.0,1804.0,0.008477,1,1,191
2025-05-14 17:09:36,87d9fc9a7c2517b5f5e66cd60dad420d5926d16f9e072a0b1b09420ac4af1350,896699,17194.0,3820.0,0.222171,1,2,222
2025-05-14 17:09:36,bfc86b690a3e5f426376d6f962522582b2c21dfec5b108af7cc59d6fc47a9f45,896699,36740.0,1922.0,0.052314,1,1,192
2025-05-14 17:09:36,52997dd06eb93def1fee1157cd1c676e58f907686b06c889dc6478067f7f8027,896699,211900.0,2000.0,0.009438,1,1,191
2025-05-14 17:09:36,b95bd4e03e0eda28cfc609546e7eff78c513562bba8e2a17b56d80976982f6eb,896699,1083674.0,3438.0,0.003173,1,1,189
2025-05-14 17:09:36,0e16f4b6d1580018d1d5955007cc9f74c01ba7876c2435e0fbf5a36a5572b8f8,896699,11682316.0,3438.0,0.000294,1,1,188
2025-05-14 17:09:36,95429b493e7277fba42e6a69c07f147c2a6e6015767dde7cf590fb1672f723cc,896699,364512.0,2180.0,0.005981,1,1,191
2025-05-14 17:09:36,10fa559c8af6f1c27b10cf023a53e3c665f79f1ec3c6cdcbec30d5b467a4dda3,896699,139662.0,3820.0,0.027352,1,1,192
2025-05-14 17:09:36,9999e3223d6abce216d7da4550a327beab00573ab3f916412bc9096784639626,896699,4271104.0,5540.0,0.001297,3,2,521
2025-05-14 17:09:36,e39a5e49109f3fb6c0a096758f637e6b504162240a52787efb41f3b361391055,896699,2886807.0,2820.0,0.000977,1,2,223
2025-05-14 17:09:36,dcf387c57e5a0226193979c5152697ef5bf3b1e06447ab30acb536320a4baea3,896699,1211900.0,2900.0,0.002393,1,2,222
2025-05-14 17:09:36,3340c307664e91bb3010571a46f78078bef93a3e38965b8435ee1ae2044cb201,896699,96721.0,2391.0,0.024721,1,1,195
2025-05-14 17:09:36,d9c0b005ac4c3e6a59e86d38898406f7abc136f31a7bebabf9f8bb0f9f4527c8,896699,401939918.0,3000.0,7e-06,1,2,223
2025-05-14 17:09:36,e4e201c0fc2cceee8f7393a692859a1dc7f56c5e93435ea60be069a7d835b83e,896699,628949762.0,5640.0,9e-06,1,2,223
2025-05-14 17:09:36,bf535e3e9491c61ee0173c1b865ccc15fffea1cd6dd3d470cf88c0729e820aff,896699,924955402.0,705.0,1e-06,1,2,222
2025-05-14 17:09:36,796c959a93958854e3d7a8797c9a085c542b21998788f55ffc48df9f6f8ae11f,896699,16439.0,4040.0,0.245757,2,1,339
2025-05-14 17:09:36,e2261e102c39554b7949e18e391b1862d0d36c3f2576757a12670a061a9dfa16,896699,104555.0,4653.0,0.044503,2,1,340
2025-05-14 17:09:36,99f46fab1975aaf84820a3adc61cce10c1b81a8314c672957128176d9173d079,896699,3961539.0,3850.0,0.000972,1,1,191
2025-05-14 17:09:36,7bf1d89bd511fcdb50f71d17390cde3b37a7866a6d643fda618faee00d572620,896699,59984931.0,5640.0,9.4e-05,1,2,222
2025-05-14 17:09:36,2e12e0867306813ef8538b4b330c7ca9028ad472755f40d9207ae4a314614d12,896699,9042616.0,5640.0,0.000624,1,2,222
2025-05-14 17:09:36,c45d4283886aae6f17eefb179da5291579456d08513683d15e5223ed02229828,896699,113055.0,4999.0,0.044217,1,1,194
2025-05-14 17:09:36,8c542dbe68063a7916d2ffb178f0b0c2ebf7105adb57c706b89748c1cb642f18,896699,123275.0,4999.0,0.040552,1,1,194
2025-05-14 17:09:36,ea8aa99d5914f9d6de1aba778c47777427045dd2880da0d834dc4557d3dbd07d,896699,2219600.0,7341.0,0.003307,1,2,241
2025-05-14 17:09:36,f71ac67f66bbe7e819d046602f26353670c1980ba807f5f8fa4d477fd2b06c4e,896699,164602420.0,7341.0,4.5e-05,1,2,240
2025-05-14 17:09:36,5b8410893a54586eec82419ab404207d7edad16730eca02026b71c5d4015a89b,896699,7775236.0,10631.0,0.001367,2,2,393
2025-05-14 17:09:36,1776534231c559db2e6d4681fc66a5c8f60060be4cbb29ddef15101766506ac5,896699,9715434.0,27220.0,0.002802,6,2,1079
2025-05-14 17:09:36,dbdb097f35590ec096eed71ebc35ecf782aa89ac208f7a22f1c53f55b1134d48,896699,85184.0,7050.0,0.082762,1,2,222
2025-05-14 17:09:36,45fb6bb0dfe7a23d2a7d67e0aa19a9483f1ab52c4095ed36779a5803c04ab2fa,896699,35368.0,7363.0,0.208183,1,1,303
2025-05-14 17:09:36,6b5c2378bd145c91cd624f09d3aa9f2fa3a2576771395db5656334e671919ae1,896699,295731888.0,8319.0,2.8e-05,1,2,223
2025-05-14 17:09:36,e8ee788d2fb9f843d6451aae2d0719a02320d98d1d70cd543facbf2cd9271e55,896699,4399635474.0,35092.0,8e-06,1,15,617
2025-05-14 17:09:36,63c0cb7c822336b81e930eefc41d99ccc468ed5fe97f864103bae1f71d127c52,896699,214113879.0,16368.0,7.6e-05,2,2,417
2025-05-14 17:09:36,dc5cf9fe167b2add51707fa865466348b207798dc0531e9f533c20fa84b461db,896699,2700267.0,9900.0,0.003666,1,1,217
2025-05-14 17:09:36,e8834bb4a79e46aa30e368d4f2dea554c43f642864f61a9724aa0b515639ddc6,896699,149990100.0,9900.0,6.6e-05,1,1,217
2025-05-14 17:09:36,8a4f5733555adfe627213c51fca118a365a24e954759dc84a2af29f26b527f7b,896699,114227363.0,9900.0,8.7e-05,1,1,217
2025-05-14 17:09:36,09d79ae48de9afb5c80a21520c7bad6acd5f1bfd3be9398197877d68d489123c,896699,150785168.0,9900.0,6.6e-05,1,1,217
2025-05-14 17:09:36,05e84b1185c0d9ca2d8c474542c266568d658c33386933def6c5f7d7b28c2d92,896699,39951000.0,17684.0,0.000443,1,1,189
2025-05-14 17:09:36,5fa2539eb0f31460e6bf13a1794252cdf8c48f8317cb16d4ae687da37f308db7,896699,95959791.0,20100.0,0.000209,1,1,191
2025-05-14 17:09:36,92538d115a773a5ffcdbead67a86e8310b693cf5830e61da6383adf8ae23b81b,896699,416031.0,25785.0,0.061979,1,2,223
2025-05-14 17:09:36,5919674d7ebccd70e8c0b9d111425a4f0419cdceb2f2f66038cd4e43bad40e57,896699,446000.0,64000.0,0.143498,1,1,998
2025-05-14 17:09:36,c545771c52b52b344ba4c5b567c987ead51c1b7b167f4fb572406e9dd3272705,896699,446000.0,64000.0,0.143498,1,1,998
2025-05-14 17:09:36,9da9200d6162f8f8db8641e1a93de4026093da32ca437f6bc758779ffd2911ec,896699,316221954.0,0.0,,1,4,345
2025-05-14 17:04:35,78aaf4f3064904092998c9bffe7dcb90ecf12093b094d1457651778fa8b44502,896698,2607747332.0,518.0,0.0,1,2,226
2025-05-14 17:04:35,e47e4358a0dc643b9d1ac29ddff57f13998f373ef3e30297e628c6609d0b83ce,896698,3424225.0,752.0,0.00022,2,2,372
2025-05-14 17:04:35,98fc7d1679041408618ed28f23a52ca9ec12ad58415fe8e84ff6951df02c3a84,896698,14999898294.0,752.0,0.0,2,2,371
2025-05-14 17:04:35,06452c8effd015a2879a68a71c3ff5098c51ed855da5e0269d2df80654c5b7f6,896698,999896971.0,511.0,1e-06,1,2,223
2025-05-14 17:04:35,c0dfd910815a1853ca51a866fbb703e5b0725595feb2df2d8816c39f02ab4dd7,896698,311846510.0,511.0,2e-06,1,2,223
2025-05-14 17:04:35,e92f74c78c25994e01ad71f7e0e5570ef22669772e7d5c7c7f779edac1c5b534,896698,2023326596.0,511.0,0.0,1,2,223
2025-05-14 17:04:35,62cc5743875547a4fcdb97efea8372680f24cb504208d620467ba5b93deebe06,896698,11589531161.0,511.0,0.0,1,2,224
2025-05-14 17:04:35,8aca084f1dc4f83ffa3923cdbf5caa4099d54de543d5e430582876b20194956a,896698,764781.0,619.0,0.000809,1,3,254
2025-05-14 17:04:35,d058c6a07fb07f74dd3b231647a86a02cbc901c7079d5fbaf7008cdcf40dde66,896698,711496386.0,619.0,1e-06,1,3,253
2025-05-14 17:04:35,fb9b56065e31ceb5727b1af7564357e6625cc5e2120040a08848418aaf85d327,896698,26886324.0,853.0,3.2e-05,1,5,319
2025-05-14 17:04:35,220eced8816c50c73013a451db4132646c62bb3853b5c50b6e366969b4eed28f,896698,15054277.0,997.0,6.6e-05,1,6,358
2025-05-14 17:04:35,6da34dcf5abfd11246f5bb666bdeefa79af98cc7c1214ef403d08e0e94f47027,896698,43840531.0,997.0,2.3e-05,3,2,520
2025-05-14 17:04:35,be39d31f6562a34f2aeff1b6967285be3e363d6f6d3211ea28ab1e4a674597e4,896698,328062.0,396.0,0.001207,1,1,192
2025-05-14 17:04:35,ec93984bfd7a9ef5fbbe293236813b27ec8e589878ef2108e3d91a3ee221b2a0,896698,404422273.0,508.0,1e-06,1,2,222
2025-05-14 17:04:35,34b14a5eb71c6691c788b45c42aba1d825282226c1c5ad90fa94b02b683c2f16,896698,497850684.0,752.0,2e-06,2,2,371
2025-05-14 17:04:35,fdfa9f854c0d25378efaa95ee7199d2187a33160fe4d8f39d1ac35bcc9538986,896698,37094.0,396.0,0.010676,1,1,192
2025-05-14 17:04:35,ff393dd1c895ac8cac78b3e36b3f14de12c77d1be2a589322b899c462528e074,896698,93496854.0,396.0,4e-06,1,1,191
2025-05-14 17:04:35,16be6a0b5cdd5deab7a306504627c86be573f83e716bfb13a733ebeafb87d657,896698,101808.0,396.0,0.00389,1,1,191
2025-05-14 17:04:35,cdbe9c68e5f72040d9067b625f8a3896e0efeb3d39bbd921412004e1b5e330d6,896698,2292842584.0,2081.0,1e-06,1,16,659
2025-05-14 17:04:35,2b19eddc95007d589bacd38c0bc1180b9ac0dd9bdd93e3018475570a378a039a,896698,7560122.0,568.0,7.5e-05,1,2,223
2025-05-14 17:04:35,b637b85bf654bb6dae0b1dafdf232735c8fda7865705efc5f8f15b089c4351f5,896698,7575205.0,564.0,7.4e-05,1,2,222
2025-05-14 17:04:35,80786889b366a88e99c0c24610899f492db4f041152cccd53cbafe69214bc6e0,896698,7590284.0,564.0,7.4e-05,1,2,223
2025-05-14 17:04:35,375525f2026c93a1f186b6e9a0dc111ad943396265df17085af6efb8256a6f1e,896698,7605363.0,564.0,7.4e-05,1,2,222
2025-05-14 17:04:35,a4c6fb890eae74c13edb78dc925d3cfe73f7f86cc25753abc69012676ea57b83,896698,7620442.0,282.0,3.7e-05,1,2,222
2025-05-14 17:04:35,e5db8771f23cd700b8274b77018a134f2287008b8733a2036602dacfa0627f7c,896698,91367969.0,731.0,8e-06,1,4,284
2025-05-14 17:04:35,c9b3c2f3d827a29011309bbc9b6b943c8a1abaa5c19559ac547c838c7a82d61f,896698,117409386.0,508.0,4e-06,1,2,223
2025-05-14 17:04:35,9a5335009bc7d7798184879df93a96d10298dd6c507a7a8cf4623f4d184ce1f7,896698,117868142.0,756.0,6e-06,2,2,372
2025-05-14 17:04:35,1be8abcc923adc7abe4ddbf1eba466613480a2f184180cba3a4c164304f6145f,896698,7389357.0,551.0,7.5e-05,1,2,234
2025-05-14 17:09:36,ecc8ded96d9cf9cb51267df1abbeb45aa5a672ef8793314b1b3b4add7c3514a6,896699,4460499.0,3170.0,0.000711,4,1,637
2025-05-14 17:09:36,9ebc746094518279b94548b278116b6f6b53c7aae2d36929de2641f86d5b1797,896699,2257360026.0,17600.0,8e-06,7,21,1723
2025-05-14 17:09:36,1e9e03ebd5bba9cd50b312a638579ec2ae932f027197c54c294dd45695a2a9be,896699,3596200.0,1464.0,0.000407,1,2,223
2025-05-14 17:09:36,020bab71e18e392592689b274989eb95e3dc5311a333270b8168a3be09059aac,896699,100774.0,1460.0,0.014488,1,2,223
2025-05-14 17:09:36,f98af6b07b1122fc350b47e6e4bee9828ade5b74797c94f8d9165a82286d69ee,896699,86059.0,1888.0,0.021938,2,1,342
2025-05-14 17:09:36,7b6ec9c56b12a33bb204abdd8b25f60500f55ec6a4283d24fccc019290a3e325,896699,116052.0,1154.0,0.009944,1,1,191
2025-05-14 17:09:36,0d7a2079aa96920f98013fe19e93b9629f601ac019f1adbe8a589271dd8f6b0f,896699,134401.0,1160.0,0.008631,1,1,191
2025-05-14 17:09:36,d832255182c860ebdfaba2568ead557eade6db8004d1f36c81739da20909d014,896699,19340.0,1219.0,0.06303,1,1,195
2025-05-14 17:09:36,4ff4e515abe06b051ffdf936ac92d440e900072fd8ac281ca6d4f57700c910f8,896699,252126.0,3949.0,0.015663,3,2,603
2025-05-14 17:09:36,0765d9d13fb2dd164bccdd5244ec993cc59966d5eb66791d8038ccefcee2f2d9,896699,18526.0,1474.0,0.079564,1,1,216
2025-05-14 17:09:36,b182928c9b07133c3463616428cfbde2d98534a0a22f4af4463eccfd474e157d,896699,52224.0,1233.0,0.02361,1,1,191
2025-05-14 17:09:36,221b715d04727e4495a6fbd8280323b6ed7859fc71559257aa053374a627f3bf,896699,11900.0,1270.0,0.106723,1,1,191
2025-05-14 17:09:36,8b7f224da9344a2a60d4ba1f01159b274cad76258cda6fe46211f52ed2615524,896699,856687512.0,37560.0,4.4e-05,20,4,3093
2025-05-14 17:09:36,e1515eb2649f5d92a0131183bc43e224b72738974a03bb659cfd03a4aac20c09,896699,902330.0,2330.0,0.002582,2,1,351
2025-05-14 17:09:36,9b081f7a18875e5dca4f8ac28db5780ec2953dae9dda1510334d0b57435f2779,896699,428270.0,1805.0,0.004215,1,2,222
2025-05-14 17:09:36,92cc146b9e7756a76a53d6150944a638f144668302310fb7f33e4efe04c41f33,896699,1092.0,3070.0,2.811355,2,3,336
2025-05-14 17:09:36,665aa31094e588e4639fe07ef1e01dd7f6b31725b919efd52edcf25a301554e2,896699,65000.0,1485.0,0.022846,1,1,192
2025-05-14 17:09:36,315b99af8a34ad305b2d1c0d8decaa155e6136b43615fdfe8a50200eee88619d,896699,316489.0,2330.0,0.007362,1,3,253
2025-05-14 17:09:36,26ed4aff599019be68674334226e09f157ca79c11f2e0b638595fbbb7c621eda,896699,680384.0,1936.0,0.002845,1,2,222
2025-05-14 17:09:36,4e7b031a12a655b46ccb43441c37c4398136f58f3fe706e28b17182436ccf4b4,896699,4518720.0,2330.0,0.000516,1,2,333
2025-05-14 17:09:36,ef5344f8fa296d08e7bcf95f70b0902dc9038579992e788e56b9b4b290a0cd86,896699,1400000.0,2330.0,0.001664,1,2,333
2025-05-14 17:09:36,b893c5d1294e1828cc98217b833ccd05501fab71859c3bd304538923a4be051a,896699,105653561.0,2000.0,1.9e-05,1,2,223
2025-05-14 17:09:36,5041f20cdbc120970fd07d041a377fcfd2ece2954dad4fa8cbcf9774531e5e81,896699,17149646766.0,4170.0,0.0,3,2,521
2025-05-14 17:09:36,1d25f9781e87611921e8bd9f5632e5bdf4f18c1e36ee75f4d96a28ba86a8893e,896699,101671.0,2115.0,0.020802,1,2,222
2025-05-14 17:09:36,6fea772654b049de2749712366738a7288511378c306426d5d8fadbb25883b23,896699,1328181.0,2160.0,0.001626,1,2,225
2025-05-14 17:09:36,86ebcc55164475cb5038ca6be4a7e9b4ae09309e7e0d88be3ab85a89e8941594,896699,17979060.0,3360.0,0.000187,1,2,222
2025-05-14 17:09:36,a076e30c3d76366e6117e2cec042baa5ba53a1f48a8742c8b7359db2d4c7460f,896699,116030.0,1703.0,0.014677,1,1,193
2025-05-14 17:09:36,1cebfdb430700ffe33b14ef3f0271353e012d1c760189183d7a2a642bcf1b12e,896699,455679669.0,2580.0,6e-06,1,2,247
2025-05-14 17:09:36,b678bf9815c9747eadcee0e2874965713f9105fa1e97c81f66883bb2b3556e1e,896699,1034503.0,5220.0,0.005046,2,5,492
2025-05-14 17:09:36,03a64512fd18c7c0234f7f51da449e66e8f84c76e40057c64078f6147e6c62c5,896699,116240.0,5060.0,0.043531,3,1,557
2025-05-14 17:09:36,f5ce125aadb30f50c8c33769e5e74d3a95f8506d86a6dfed72ddc04e5fda576d,896699,84061143.0,5700.0,6.8e-05,1,4,348
2025-05-14 17:09:36,e8219c37d3a3bfc94621356e82df5613349b00d6d23d7b67cf3134b4fcbe4c17,896699,212807.0,1804.0,0.008477,1,1,191
2025-05-14 17:09:36,87d9fc9a7c2517b5f5e66cd60dad420d5926d16f9e072a0b1b09420ac4af1350,896699,17194.0,3820.0,0.222171,1,2,222
2025-05-14 17:09:36,bfc86b690a3e5f426376d6f962522582b2c21dfec5b108af7cc59d6fc47a9f45,896699,36740.0,1922.0,0.052314,1,1,192
2025-05-14 17:09:36,52997dd06eb93def1fee1157cd1c676e58f907686b06c889dc6478067f7f8027,896699,211900.0,2000.0,0.009438,1,1,191
2025-05-14 17:09:36,b95bd4e03e0eda28cfc609546e7eff78c513562bba8e2a17b56d80976982f6eb,896699,1083674.0,3438.0,0.003173,1,1,189
2025-05-14 17:09:36,0e16f4b6d1580018d1d5955007cc9f74c01ba7876c2435e0fbf5a36a5572b8f8,896699,11682316.0,3438.0,0.000294,1,1,188
2025-05-14 17:09:36,95429b493e7277fba42e6a69c07f147c2a6e6015767dde7cf590fb1672f723cc,896699,364512.0,2180.0,0.005981,1,1,191
2025-05-14 17:09:36,10fa559c8af6f1c27b10cf023a53e3c665f79f1ec3c6cdcbec30d5b467a4dda3,896699,139662.0,3820.0,0.027352,1,1,192
2025-05-14 17:09:36,9999e3223d6abce216d7da4550a327beab00573ab3f916412bc9096784639626,896699,4271104.0,5540.0,0.001297,3,2,521
2025-05-14 17:09:36,e39a5e49109f3fb6c0a096758f637e6b504162240a52787efb41f3b361391055,896699,2886807.0,2820.0,0.000977,1,2,223
2025-05-14 17:09:36,dcf387c57e5a0226193979c5152697ef5bf3b1e06447ab30acb536320a4baea3,896699,1211900.0,2900.0,0.002393,1,2,222
2025-05-14 17:09:36,3340c307664e91bb3010571a46f78078bef93a3e38965b8435ee1ae2044cb201,896699,96721.0,2391.0,0.024721,1,1,195
2025-05-14 17:09:36,d9c0b005ac4c3e6a59e86d38898406f7abc136f31a7bebabf9f8bb0f9f4527c8,896699,401939918.0,3000.0,7e-06,1,2,223
2025-05-14 17:09:36,e4e201c0fc2cceee8f7393a692859a1dc7f56c5e93435ea60be069a7d835b83e,896699,628949762.0,5640.0,9e-06,1,2,223
2025-05-14 17:09:36,bf535e3e9491c61ee0173c1b865ccc15fffea1cd6dd3d470cf88c0729e820aff,896699,924955402.0,705.0,1e-06,1,2,222
2025-05-14 17:09:36,796c959a93958854e3d7a8797c9a085c542b21998788f55ffc48df9f6f8ae11f,896699,16439.0,4040.0,0.245757,2,1,339
2025-05-14 17:09:36,e2261e102c39554b7949e18e391b1862d0d36c3f2576757a12670a061a9dfa16,896699,104555.0,4653.0,0.044503,2,1,340
2025-05-14 17:09:36,99f46fab1975aaf84820a3adc61cce10c1b81a8314c672957128176d9173d079,896699,3961539.0,3850.0,0.000972,1,1,191
2025-05-14 17:09:36,7bf1d89bd511fcdb50f71d17390cde3b37a7866a6d643fda618faee00d572620,896699,59984931.0,5640.0,9.4e-05,1,2,222
2025-05-14 17:09:36,2e12e0867306813ef8538b4b330c7ca9028ad472755f40d9207ae4a314614d12,896699,9042616.0,5640.0,0.000624,1,2,222
2025-05-14 17:09:36,c45d4283886aae6f17eefb179da5291579456d08513683d15e5223ed02229828,896699,113055.0,4999.0,0.044217,1,1,194
2025-05-14 17:09:36,8c542dbe68063a7916d2ffb178f0b0c2ebf7105adb57c706b89748c1cb642f18,896699,123275.0,4999.0,0.040552,1,1,194
2025-05-14 17:09:36,ea8aa99d5914f9d6de1aba778c47777427045dd2880da0d834dc4557d3dbd07d,896699,2219600.0,7341.0,0.003307,1,2,241
2025-05-14 17:09:36,f71ac67f66bbe7e819d046602f26353670c1980ba807f5f8fa4d477fd2b06c4e,896699,164602420.0,7341.0,4.5e-05,1,2,240
2025-05-14 17:09:36,5b8410893a54586eec82419ab404207d7edad16730eca02026b71c5d4015a89b,896699,7775236.0,10631.0,0.001367,2,2,393
2025-05-14 17:09:36,1776534231c559db2e6d4681fc66a5c8f60060be4cbb29ddef15101766506ac5,896699,9715434.0,27220.0,0.002802,6,2,1079
2025-05-14 17:09:36,dbdb097f35590ec096eed71ebc35ecf782aa89ac208f7a22f1c53f55b1134d48,896699,85184.0,7050.0,0.082762,1,2,222
2025-05-14 17:09:36,45fb6bb0dfe7a23d2a7d67e0aa19a9483f1ab52c4095ed36779a5803c04ab2fa,896699,35368.0,7363.0,0.208183,1,1,303
2025-05-14 17:09:36,6b5c2378bd145c91cd624f09d3aa9f2fa3a2576771395db5656334e671919ae1,896699,295731888.0,8319.0,2.8e-05,1,2,223
2025-05-14 17:09:36,e8ee788d2fb9f843d6451aae2d0719a02320d98d1d70cd543facbf2cd9271e55,896699,4399635474.0,35092.0,8e-06,1,15,617
2025-05-14 17:09:36,63c0cb7c822336b81e930eefc41d99ccc468ed5fe97f864103bae1f71d127c52,896699,214113879.0,16368.0,7.6e-05,2,2,417
2025-05-14 17:09:36,dc5cf9fe167b2add51707fa865466348b207798dc0531e9f533c20fa84b461db,896699,2700267.0,9900.0,0.003666,1,1,217
2025-05-14 17:09:36,e8834bb4a79e46aa30e368d4f2dea554c43f642864f61a9724aa0b515639ddc6,896699,149990100.0,9900.0,6.6e-05,1,1,217
2025-05-14 17:09:36,8a4f5733555adfe627213c51fca118a365a24e954759dc84a2af29f26b527f7b,896699,114227363.0,9900.0,8.7e-05,1,1,217
2025-05-14 17:09:36,09d79ae48de9afb5c80a21520c7bad6acd5f1bfd3be9398197877d68d489123c,896699,150785168.0,9900.0,6.6e-05,1,1,217
2025-05-14 17:09:36,05e84b1185c0d9ca2d8c474542c266568d658c33386933def6c5f7d7b28c2d92,896699,39951000.0,17684.0,0.000443,1,1,189
2025-05-14 17:09:36,5fa2539eb0f31460e6bf13a1794252cdf8c48f8317cb16d4ae687da37f308db7,896699,95959791.0,20100.0,0.000209,1,1,191
2025-05-14 17:09:36,92538d115a773a5ffcdbead67a86e8310b693cf5830e61da6383adf8ae23b81b,896699,416031.0,25785.0,0.061979,1,2,223
2025-05-14 17:09:36,5919674d7ebccd70e8c0b9d111425a4f0419cdceb2f2f66038cd4e43bad40e57,896699,446000.0,64000.0,0.143498,1,1,998
2025-05-14 17:09:36,c545771c52b52b344ba4c5b567c987ead51c1b7b167f4fb572406e9dd3272705,896699,446000.0,64000.0,0.143498,1,1,998
2025-05-14 17:09:36,9da9200d6162f8f8db8641e1a93de4026093da32ca437f6bc758779ffd2911ec,896699,316221954.0,0.0,,1,4,345
2025-05-14 17:04:35,78aaf4f3064904092998c9bffe7dcb90ecf12093b094d1457651778fa8b44502,896698,2607747332.0,518.0,0.0,1,2,226
2025-05-14 17:04:35,e47e4358a0dc643b9d1ac29ddff57f13998f373ef3e30297e628c6609d0b83ce,896698,3424225.0,752.0,0.00022,2,2,372
2025-05-14 17:04:35,98fc7d1679041408618ed28f23a52ca9ec12ad58415fe8e84ff6951df02c3a84,896698,14999898294.0,752.0,0.0,2,2,371
2025-05-14 17:04:35,06452c8effd015a2879a68a71c3ff5098c51ed855da5e0269d2df80654c5b7f6,896698,999896971.0,511.0,1e-06,1,2,223
2025-05-14 17:04:35,c0dfd910815a1853ca51a866fbb703e5b0725595feb2df2d8816c39f02ab4dd7,896698,311846510.0,511.0,2e-06,1,2,223
2025-05-14 17:04:35,e92f74c78c25994e01ad71f7e0e5570ef22669772e7d5c7c7f779edac1c5b534,896698,2023326596.0,511.0,0.0,1,2,223
2025-05-14 17:04:35,62cc5743875547a4fcdb97efea8372680f24cb504208d620467ba5b93deebe06,896698,11589531161.0,511.0,0.0,1,2,224
2025-05-14 17:04:35,8aca084f1dc4f83ffa3923cdbf5caa4099d54de543d5e430582876b20194956a,896698,764781.0,619.0,0.000809,1,3,254
2025-05-14 17:04:35,d058c6a07fb07f74dd3b231647a86a02cbc901c7079d5fbaf7008cdcf40dde66,896698,711496386.0,619.0,1e-06,1,3,253
2025-05-14 17:04:35,fb9b56065e31ceb5727b1af7564357e6625cc5e2120040a08848418aaf85d327,896698,26886324.0,853.0,3.2e-05,1,5,319
2025-05-14 17:04:35,220eced8816c50c73013a451db4132646c62bb3853b5c50b6e366969b4eed28f,896698,15054277.0,997.0,6.6e-05,1,6,358
2025-05-14 17:04:35,6da34dcf5abfd11246f5bb666bdeefa79af98cc7c1214ef403d08e0e94f47027,896698,43840531.0,997.0,2.3e-05,3,2,520
2025-05-14 17:04:35,be39d31f6562a34f2aeff1b6967285be3e363d6f6d3211ea28ab1e4a674597e4,896698,328062.0,396.0,0.001207,1,1,192
2025-05-14 17:04:35,ec93984bfd7a9ef5fbbe293236813b27ec8e589878ef2108e3d91a3ee221b2a0,896698,404422273.0,508.0,1e-06,1,2,222
2025-05-14 17:04:35,34b14a5eb71c6691c788b45c42aba1d825282226c1c5ad90fa94b02b683c2f16,896698,497850684.0,752.0,2e-06,2,2,371
2025-05-14 17:04:35,fdfa9f854c0d25378efaa95ee7199d2187a33160fe4d8f39d1ac35bcc9538986,896698,37094.0,396.0,0.010676,1,1,192
2025-05-14 17:04:35,ff393dd1c895ac8cac78b3e36b3f14de12c77d1be2a589322b899c462528e074,896698,93496854.0,396.0,4e-06,1,1,191
2025-05-14 17:04:35,16be6a0b5cdd5deab7a306504627c86be573f83e716bfb13a733ebeafb87d657,896698,101808.0,396.0,0.00389,1,1,191
2025-05-14 17:04:35,cdbe9c68e5f72040d9067b625f8a3896e0efeb3d39bbd921412004e1b5e330d6,896698,2292842584.0,2081.0,1e-06,1,16,659
2025-05-14 17:04:35,2b19eddc95007d589bacd38c0bc1180b9ac0dd9bdd93e3018475570a378a039a,896698,7560122.0,568.0,7.5e-05,1,2,223
2025-05-14 17:04:35,b637b85bf654bb6dae0b1dafdf232735c8fda7865705efc5f8f15b089c4351f5,896698,7575205.0,564.0,7.4e-05,1,2,222
2025-05-14 17:04:35,80786889b366a88e99c0c24610899f492db4f041152cccd53cbafe69214bc6e0,896698,7590284.0,564.0,7.4e-05,1,2,223
2025-05-14 17:04:35,375525f2026c93a1f186b6e9a0dc111ad943396265df17085af6efb8256a6f1e,896698,7605363.0,564.0,7.4e-05,1,2,222
2025-05-14 17:04:35,a4c6fb890eae74c13edb78dc925d3cfe73f7f86cc25753abc69012676ea57b83,896698,7620442.0,282.0,3.7e-05,1,2,222
2025-05-14 17:04:35,e5db8771f23cd700b8274b77018a134f2287008b8733a2036602dacfa0627f7c,896698,91367969.0,731.0,8e-06,1,4,284
2025-05-14 17:04:35,c9b3c2f3d827a29011309bbc9b6b943c8a1abaa5c19559ac547c838c7a82d61f,896698,117409386.0,508.0,4e-06,1,2,223
2025-05-14 17:04:35,9a5335009bc7d7798184879df93a96d10298dd6c507a7a8cf4623f4d184ce1f7,896698,117868142.0,756.0,6e-06,2,2,372
2025-05-14 17:04:35,1be8abcc923adc7abe4ddbf1eba466613480a2f184180cba3a4c164304f6145f,896698,7389357.0,551.0,7.5e-05,1,2,234
2025-05-17 17:52:33,e0c7438f274383fd31508e069d8e6a80cbd15c015d29233627183f5fd2457261,897134,875705393.0,1854.0,2e-06,1,4,285
2025-05-17 17:52:33,15bd44517c19aaff49f8984c1be6ca3ccac1659fbff8024bbc0bf4b409dd6643,897134,875293445.0,1584.0,2e-06,1,3,255
2025-05-17 17:52:33,008f0dc2c59045641001f85681bd853c256e4856034062083a0af8f7ac2eda66,897134,113887.0,1008.0,0.008851,1,1,191
2025-05-17 17:52:33,6f25bc188301c3c5f6ccae769908a38a013d26c8f0cfd8c115b9a6eabd593cb5,897134,154110201.0,5984.0,3.9e-05,2,11,653
2025-05-17 17:52:33,e64b30813bc4c4e52050b94e876e694e3c096339acd8b3b6e5cea0540fd73c82,897134,1432327230.0,6840.0,5e-06,1,21,820
2025-05-17 17:52:33,61e1c97bd657d87227b1598278d5f751d9e3e6b4c1efe4873384cb49accfcd27,897134,1436439355.0,6840.0,5e-06,1,21,828
2025-05-17 17:52:33,189986665778bc5734a4a298be9387193ef764e95a58fc4671815473d725e067,897134,66947.0,1025.0,0.015311,1,1,192
2025-05-17 17:52:33,939a7585d9e7d7ea0af82871e737f47f38e9e238dbc00cf9cf613613eb9fdd4e,897134,768148.0,1025.0,0.001334,1,1,193
2025-05-17 17:52:33,8aa2a3b062e659120e3efc7b3edbc5ab201aff876e15ff3ffe707823d68bfe17,897134,3882677.0,1025.0,0.000264,1,1,193
2025-05-17 17:52:33,d6a111791506fca25f4036873f37588d87729c49ecb500bb83c325f270bfeaf5,897134,210253.0,1747.0,0.008309,1,1,189
2025-05-17 17:52:33,ff38630041cb744119bc8bfe043dbd81a225f5643e89b91cbad8ef48d7a52996,897134,119966.0,1341.0,0.011178,1,2,196
2025-05-17 17:52:33,81df8ef4f74e52e218c603e5de76630002b0bd0bab2824402efed738aeca645d,897134,34519.0,1422.0,0.041195,1,2,234
2025-05-17 17:52:33,5f05b645814a627b048ba0833b496465b9c8f930b79aa56117856ff2f00b8e05,897134,499420.0,1025.0,0.002052,1,1,191
2025-05-17 17:52:33,62dd4c517f91ac0b63ffc6f0b10fe2805bcbe260f38f3c01c67fce576f27b1ef,897134,31216602.0,1314.0,4.2e-05,1,2,223
2025-05-17 17:52:33,c6f25412079318f0e2ae290f4da4da0c6330af6ecabcf00839bf996a3412d16b,897134,549296.0,1314.0,0.002392,1,2,223
2025-05-17 17:52:33,151ed707109c1ecec5b532384539a4e5f1c52ea7d90413ada36a50ef7a163b33,897134,1622652.0,5640.0,0.003476,3,11,864
2025-05-17 17:52:33,6c67a112e3814bf4ada8b46f0e46b4bf7c2d6f507cdd9ed6774f5f4116ee59ce,897134,118739.0,1261.0,0.01062,1,1,215
2025-05-17 17:52:33,9ec21cd566889fad371d8ba434412b9a84cf10490d88a395750285cdcc03f924,897134,528739.0,1261.0,0.002385,1,1,215
2025-05-17 17:52:33,973f3d069ef5c1e612cbc2d8e355a13011d45ca0527ebb622c9b7e73dc0ebae4,897134,1470.0,2130.0,1.44898,3,1,376
2025-05-17 17:52:33,6afee1639ef56e96405aa28aff454848906b8d69ee6e0ac512d10463fb00a86d,897134,138513.0,1047.0,0.007559,1,1,192
2025-05-17 17:52:33,b65350c5ffd9a094e788256ed43f298dd11cf29dbcf964ef054250c3ef6f0955,897134,317802.0,4636.0,0.014588,3,1,487
2025-05-17 17:52:33,fc227f6d1b75667bca882060254a8676723cfd9d6ea703aeeb82a0fdf5455894,897134,227226.0,1344.0,0.005915,1,2,222
2025-05-17 17:52:33,77727be2b1578d20c66e4d66005cb0f104a765d8a75c66770ce54290b74135ae,897134,119728.0,1354.0,0.011309,1,2,223
2025-05-17 17:52:33,2167ec5098c53b083e440cbc8d222058cf5d5afd930e1f86559f1b27ac2bcd96,897134,60040.0,2379.0,0.039624,3,1,491
2025-05-17 17:52:33,072878d13983940e0466412aa0b1252a8cec75d3ddac555e7a43db1cb66a8b8f,897134,10037229854.0,6840.0,1e-06,1,20,792
2025-05-17 17:52:33,714d81f66e3a7fa91b068c1805ae3e198b190b9ac5b943fc09323da3fbd5c76f,897134,183124.0,1869.0,0.010206,1,1,192
2025-05-17 17:52:33,1b6b0da59bea46e1b7290b33f8271a827c696835a24a968b36f81d577ee943e8,897134,9891235.0,1691.0,0.000171,1,3,253
2025-05-17 17:52:33,6b5d5e9e3f7db53b131c1807d07524af18bdfd4668c2dc22d515f958f9baaf40,897134,878807.0,2068.0,0.002353,1,3,291
2025-05-17 17:52:33,ece644416f1cea949dfdbfc63326f9457056f18be88618c05c6385549ab4a1d6,897134,127001365089.0,3096.0,0.0,2,2,396
2025-05-17 17:52:33,b8da0f10ea8e15b8640c646d6dff2524507ae72dc4636829585f6006ada09cc4,897134,155530.0,1420.0,0.00913,1,2,226
2025-05-17 17:52:33,b36e8f761818c6a1aea3436886d53d404402641e54ae3c7353963fef9e4abe2c,897134,1002836.0,1405.0,0.001401,1,2,223
2025-05-17 17:52:33,d63045c6df5c80dab033bcb8ce4430b5c86467b48e59d288a49fdc86d980cf2f,897134,1016257.0,1514.0,0.00149,1,2,234
2025-05-17 17:52:33,a2bf6c33fb2a247c75c797b4a4a10b161f71dd5844fcd69b3bafdc4290943fe1,897134,1087469.0,1425.0,0.00131,1,2,225
2025-05-17 17:52:33,397c7f582968a34b83a55810d6f346aac64eb53dae3f97b2d7debaf75b380bda,897134,4574970.0,1425.0,0.000311,1,2,225
2025-05-17 17:52:33,969808c000399afcf6b0d2ea163d18c0e9eab839966531586b3585559aacf644,897134,1365103.0,1425.0,0.001044,1,2,225
2025-05-17 17:52:33,ffd63633f09cad1cfccde0881f9ebefbf2119d646981b2ba47d1307994a936ea,897134,1025900.0,2059.0,0.002007,2,2,370
2025-05-17 17:52:33,d42b93adaa0ef3fdb7be54ce0fddc0f48572b6384dcc099b9fd5d910890a3b0b,897134,1145496.0,1396.0,0.001219,1,2,222
2025-05-17 17:52:33,9e10c4cc30ab35ae3adb24612062e5432468d696caa629af81cdfc946b5748d1,897134,1348014.0,2090.0,0.00155,2,2,373
2025-05-17 17:52:33,a497b851e6e43e6eb00012107614ace3f4f25ef31d94b748bd02e5908dcce0fe,897134,19281.0,1090.0,0.056532,1,1,192
2025-05-17 17:52:33,c39c7b16e27c6bd80f89876eeae09c75a9e6ccac2439aa1c3dc0a254e4de30d2,897134,24155.0,1090.0,0.045125,1,1,191
2025-05-17 17:52:33,283dc09d2de265e6cefdf2910cf352d64bcb39a07a3ac5953608f5950b1e4ac9,897134,42794.0,1090.0,0.025471,1,1,192
2025-05-17 17:52:33,6397164362b3320ac59aa18d91109b31480a3288b543fdd13d484d84e91d88d6,897134,84293824.0,3420.0,4.1e-05,1,4,345
2025-05-17 17:52:33,c1849bb8ccfd052a5f7657936526eb9b81d37d6e84fcd6a45f93725a2c0b69b9,897134,2786414.0,1400.0,0.000502,1,2,223
2025-05-17 17:52:33,a7eed119c17bfdb13bb2c543bf38b82ec7869fd56a03ba9c3569435dae8ff68a,897134,5835011.0,1412.0,0.000242,1,2,223
2025-05-17 17:52:33,ac173f196475b08897361df83d5cfcbb14b04025846dfe46b6c110eb42b22d9d,897134,4083959.0,1403.0,0.000344,1,2,222
2025-05-17 17:52:33,1aa24a62ae0af84c7da3e19537fd15b132f17d721e877b885f884683e618706e,897134,1291838.0,1403.0,0.001086,1,2,223
2025-05-17 17:52:33,f272c1ef6b482bc4c793a284c57cd2f8a5371ef2a44a2e5d4c64814a8819458a,897134,7853734.0,6624.0,0.000843,7,2,1111
2025-05-17 17:52:33,805fe9091b934a99ddd2eb08f9fda9ce5e44fb7997e9679b16e7e3df3f815c8a,897134,338466.0,1248.0,0.003687,1,2,224
2025-05-17 17:52:33,14543a7774aec1818a1f50edf882ae564dd33df11638d0959becf5d2371f9e6f,897134,401714.0,597.0,0.001486,1,1,192
2025-05-17 17:52:33,ee0f28b0b56722672d503275abaf72e57b411a1fefca5c510dbcd844cbd38d04,897134,339714.0,597.0,0.001757,1,1,191
2025-05-17 17:52:33,5a4af7531acf6b8eec3186fe23dd00cbe20766df60a731b70c1bf78c1bcfddaa,897134,78950.0,2038.0,0.025814,1,1,462
2025-05-17 17:52:33,fc3b5d2fd4ae15ffcb374da5c1e46462209efd7b5eae8e771cd302f72ecf93ee,897134,1770990.0,2058.0,0.001162,1,1,464
2025-05-17 17:52:33,02190ea28dd4e5015c3e4207a32ed30686959ec055970af03015a3715d485fe1,897134,7096389.0,2058.0,0.00029,1,1,464
2025-05-17 17:52:33,6ab10b5adcbc156bc054c5b999a8c4a923d7cd742453f53d3855226d792cbfcd,897134,2302158.0,6089.0,0.002645,5,1,1555
2025-05-17 17:52:33,e4de9df49559fa2a501a4705a9e62935e8338073a0d7000dbff7519ee2e2f5e9,897134,194394.0,2390.0,0.012295,2,3,401
2025-05-17 17:52:33,c0972057ab3e2315e74a3cd9c171ca8d6eb124b6b846bf59d00f90dfbd5334e2,897134,101923.0,1410.0,0.013834,1,2,222
2025-05-17 17:52:33,7292681d11303caecc871e65fea1c1895737c6fc4865dc2c395e6ad36ef61acc,897134,1080932.0,2340.0,0.002165,1,5,315
2025-05-17 17:52:33,a212f22fd7fa99dae4d07c3e02653dea560aea606eca739dbfe8ff56e2c971c8,897134,183497.0,1530.0,0.008338,1,2,234
2025-05-17 17:52:33,af272cf23e36eafe8e3695933b6b1471295e6b393affa4a2a7c1d2178df655be,897134,21092792.0,1410.0,6.7e-05,1,2,222
2025-05-17 17:52:33,907f3cb025c0185f602036aa1f2c4ee7eb4fef8788acac146066793f81a9fdbb,897134,95423.0,1100.0,0.011528,1,1,192
2025-05-17 17:52:33,475df37069d439d9f7859fc4766209579bfca3eedc5ac680240a49a54b8b8eb7,897134,1926924.0,3920.0,0.002034,1,10,474
2025-05-17 17:52:33,f3870d0183367b90b92f85f324ad884cfaa952838c8e52f5ff25824cfe63afb0,897134,54374156.0,1430.0,2.6e-05,1,2,224
2025-05-17 17:52:33,509c7369025d6b24c5b591035f04006bbd6f235a1fd9544e9ec8417fb33e3aa9,897134,75340.0,1410.0,0.018715,1,2,223
2025-05-17 17:52:33,d828e8e8c88cdfb3bf99b60785a65ab3b6177817e6cc2121ae397a323847b58b,897134,134096.0,2010.0,0.014989,1,1,201
2025-05-17 17:52:33,6ea459019d3bf2ef571689afd97d1730555d9a23df429f0e92ccdad0310e9f87,897134,397330426.0,5690.0,1.4e-05,1,15,651
2025-05-17 17:52:33,3a609b504335687fd136d612fd7f3998dcd4a4ce8488ff8f6797a80204671f78,897134,211700510.0,4500.0,2.1e-05,1,11,531
2025-05-17 17:52:33,28af59f3a352d2bdf3c5488eb2fdfe6638ac5efe9b8eefe3197a411f1079a15f,897134,2334320.0,1420.0,0.000608,1,2,224
2025-05-17 17:52:33,962610659492968b480f9798c4dfee3cacb4f4f49dacc117019f16935167405f,897134,109225819.0,5880.0,5.4e-05,1,16,669
2025-05-17 17:52:33,1564459bf86f2da2cf48910d42e37e16f779a59a9f13a36c622c37f212d1215f,897134,535985.0,1410.0,0.002631,1,2,222
2025-05-17 17:52:33,53c09aba915582d7a3bf522c994c4a6e1f414f1c2e22c746758fbf8aac50fb58,897134,1533993511.0,5040.0,3e-06,1,13,586
2025-05-17 17:52:33,72290d8a632874ca3da60e96717d7ecdbe2a1106dcfbdd729961a06f45dc993c,897134,21379598.0,1410.0,6.6e-05,1,2,222
2025-05-17 17:52:33,6f97ae866112bd7585d9ca8a01de65895b26150a668fc7bf8c1c931ffa381b3c,897134,399006555.0,6040.0,1.5e-05,1,16,685
2025-05-17 17:52:33,3204d27c43cc00bafecd23c8179d1990fd74b7213b05f0e9ff6157aa9e36d439,897134,395039.0,2080.0,0.005265,2,2,370
2025-05-17 17:52:33,1923a07214f6c7b67262405a3aa87063103f56dca23da84796b6789a59e93839,897134,42139937.0,8230.0,0.000195,1,23,904
2025-05-17 17:52:33,8f9031b05a0ac43e49163849f1f2ef3f3a05ba1f9089ab507fcf05d01dd3b22f,897134,455089.0,1100.0,0.002417,1,1,191
2025-05-17 17:52:33,374bf020055734312f9bad9a07574b321d19036a25b1284289c7e7803ba4b929,897134,22601489.0,3280.0,0.000145,1,8,410
2025-05-17 17:52:33,eea3714beea138dd12103f5992c083eb4f1baf32448d108c13bc19cc64c38f21,897134,45165400.0,1410.0,3.1e-05,1,2,222
2025-05-17 17:52:33,21e7d9eaebda554eb9c6038a01d1c26df98c3f9c639e477cfc6765e9f4e13014,897134,567773652.0,6170.0,1.1e-05,1,17,698
2025-05-17 17:52:33,38dfa467f0959ed134babc70e9a8bd2d9c474d84092c0367495e7c4dddf8530e,897134,1284694.0,1410.0,0.001098,1,2,222
2025-05-17 17:52:33,84a1a1f9c3eb9647905e0fab92b37ee255cd0a6a0d5664ee67efc8f51bde6b17,897134,3912956.0,5295.0,0.001353,5,2,931
2025-05-17 17:52:33,e848a5611b8b4640041a30b5544ff1490a08c4026fcf18584b853cd7dc0e41c4,897134,15743818197.0,9520.0,1e-06,2,24,1113
2025-05-17 17:52:33,d745e2d6596a8a661c5737d075bbd692ff5c4c0646b45520bdbc9a16511fc090,897134,67784.0,1233.0,0.01819,1,1,191
2025-05-17 17:52:33,00a502c885504afbe35c6921d3b286deaf5c61769503a9f789e0121c91961d5c,897134,156225.0,1286.0,0.008232,1,2,222
2025-05-17 17:52:33,6b381dc8ad65a388a67cc29a849997de831f9584de80d3340dd88e7eaad3994e,897134,19517560.0,2340.0,0.00012,1,4,315
2025-05-17 17:52:33,9dd1bdf4278c1b94cffa8fd1ede11afc4815c16afac9d6ec12a0fe63d9db9b70,897134,6089629.0,2568.0,0.000422,2,2,417
2025-05-17 17:52:33,dbc5fcfc9c4d2585f4d4718c7a4bed4ce7933f583eb7dcdd2723ab817100be45,897134,35657367.0,2660.0,7.5e-05,1,4,346
2025-05-17 17:52:33,0bac02f604a1b568f680b05b8e06f3a5329df393bed3d5aa0638220db1b75ee8,897134,41113100.0,1430.0,3.5e-05,1,2,222
2025-05-17 17:52:33,b54639560ac851166f0c9c2fa04a7660f649aee32818d0224a33ec62b61bc3e2,897134,8901.0,1117.0,0.125492,1,1,191
2025-05-17 17:52:33,e2f0f19a679566b7a0f627323259ab39385412dd18a5919d7ad8a99d82cfdf90,897134,99000.0,1809.0,0.018273,2,1,341
2025-05-17 17:52:33,b2624dddb1409e5074bd529243149ce8e415545bc4ebad6d6ea32b4d90356021,897134,561090.0,1750.0,0.003119,1,3,253
2025-05-17 17:52:33,f92de009438131fcbd6c0f5c149beb672fd74727560f988aa7c5ea41dcdbc444,897134,59105798.0,2260.0,3.8e-05,1,2,222
2025-05-17 17:52:33,d280b9b7c9b408d97a887aeee4bbf45cd3dacc22e73b64ddcfc0bd68c062226a,897134,667.0,1021.0,1.530735,1,1,151
2025-05-17 17:52:33,8bd2397c7259f578b3bff8f0feffee82b18efce74763d14c158b9971efd0bc35,897134,189034.0,1920.0,0.010157,1,1,188
2025-05-17 17:52:33,de675a1faf2a27ba291d3437c4450c0b0cacc9740333d50bc06daddce90ab6f9,897134,9498105.0,2450.0,0.000258,2,3,401
2025-05-17 17:52:33,82eb21d921a8c3251392af9e14128f8eacc9dc9d26a82c4e01762737258e3985,897134,3402392.0,2450.0,0.00072,2,3,400
2025-05-17 17:52:33,89c397f7da9d23c46caa9a6b9963d7407e3566fb979378fbb510610b461f4136,897134,2299495.0,2450.0,0.001065,2,3,401
2025-05-17 17:52:33,285cf9b0cdf9f078ec98282e1b6da61a5a9d2a137d6c67e1e1ece168c26761f8,897134,1095388587.0,4980.0,5e-06,1,10,482
2025-05-17 17:52:33,1fb0edf3a05d03b5c68224fbc23dc7ac48796fb12ec1fd104833c8cfc9a17649,897134,6689526.0,1460.0,0.000218,1,2,223
2025-05-17 17:52:33,4230f9fba94552afabb2b800e053a641f3d4a4eee7fb95be8ef1b1b5c01eee20,897134,1250735.0,1856.0,0.001484,2,1,341
2025-05-17 17:52:33,999bb2944d9df0e94da1fec1f60b94d56029fce7c81779f1c4d4224cb24fe0dd,897134,580950.0,1466.0,0.002523,1,1,307
2025-05-11 17:23:59,311b3244efc84befb9ccfeda6f4779148016750993351557815d82a4edcbad1d,896285,546.0,140.0,0.25641,1,1,314
2025-05-11 17:23:59,fc28acaf616044582fd021d7c6d37f62469bd250ba94097eb42e61b83c45e2a6,896285,74326.0,153.0,0.002058,1,2,235
2025-05-11 17:23:59,f3b0efd3c862ccacdef19511eaada1196464fd35f96e8f3178e4624c3ef59a1d,896285,546.0,152.0,0.278388,1,1,325
2025-05-11 17:23:59,7a2dbff973e76cc5e45da9d9e45ecd476eeb0aba37ed25ba88c090a2613e43ea,896285,146544.0,154.0,0.001051,1,2,205
2025-05-11 17:23:59,7a18b44a4a0201aa3390aab791b86e70c2aebad0f43554ffd55b93639ab1461d,896285,351.0,128.0,0.364672,1,1,266
2025-05-11 17:23:59,133ba294649d399c620f0b4578ae22b559cf5b72928246e58fce5076b98e3b1d,896285,330.0,151.0,0.457576,1,1,319
2025-05-11 17:23:59,6aac498301981ce2a63731b6233e770e8fdda57922028322fc596cba0acd2a1d,896285,330.0,153.0,0.463636,1,1,330
2025-05-11 17:23:59,38e7dbc731bfaa2e216c3d665d641b13f42f417ffe44afd93421d41e3fafc161,896285,10126.0,541.0,0.053427,1,11,592
2025-05-11 17:23:59,fa53fb9831a0868f5287c1215a98d572fafa30b081028c2bbbe4e88e35c51f1d,896285,330.0,151.0,0.457576,1,1,319
2025-05-11 17:23:59,1c7cd36df2f18950c9a2df18cb8969ef45747c3c3397e8adfa2405c295401f1d,896285,330.0,151.0,0.457576,1,1,319
2025-05-11 17:23:59,f86175539dcad198ec47f6a5bc5ff55b65b7c44d36f7acd50f3c92dd1f71cb1c,896285,330.0,139.0,0.421212,1,1,307
2025-05-11 17:23:59,7d5cb04045189a0cffe7cd767dc0e2672001725b3e0763e678499a9d1263af1c,896285,153701.0,211.0,0.001373,2,2,373
2025-05-11 17:23:59,f53a3b90a3fa78b9e36fccd409a3cdf6915b1a5f15e4a5c0380830ee5d45ae1c,896285,954588.0,142.0,0.000149,1,2,193
2025-05-11 17:23:59,fc58d0877a685a79b3c094aaf38180dd36cb7d367f1678b493e8d17316c3a91c,896285,330.0,152.0,0.460606,1,1,323
2025-05-11 17:23:59,19a1b8763ac82f65849c574146c191ff0aab82ebb8106d4335ca2dfd028f821c,896285,330.0,152.0,0.460606,1,1,323
2025-05-11 17:23:59,f5f48bb7bb9821e4ba4476755929eedfe5993aa76ebf5d3ea0e76b29b0417e1c,896285,435.0,111.0,0.255172,1,1,162
2025-05-11 17:23:59,d488f0e8460fe591bfc9cc4ac143d145cf3eeb43bd17d3d6dc0c356873ad701c,896285,330.0,139.0,0.421212,1,1,307
2025-05-11 17:23:59,9553e7c7fd6c53fe221a30d8c7f6f76ec67a9412c60a7f1f7d68257f714a501c,896285,330.0,152.0,0.460606,1,1,323
2025-05-11 17:23:59,533469b0a51f1d97cdfa6ca0e2567eb76b10c564c2e0c13795dd83f28eb5401c,896285,160548.0,735.0,0.004578,12,1,1330
2025-05-11 17:23:59,02e745b6edefc1625ce6b56f9480c0965372feae0efe31d88c567e78424d3c1c,896285,39703.0,217.0,0.005466,1,3,298
2025-05-11 17:23:59,fb824ea8dd37230c358cf35f08f80968de05ae7cb4952dd56b3bd218e6b62c1c,896285,11932.0,168.0,0.01408,1,2,249
2025-05-11 17:23:59,901ae4d8224fc900281a5d7f4ac8ef4a62899af297b9d00aa7858a1a39f7251c,896285,330.0,152.0,0.460606,1,1,323
2025-05-11 17:23:59,5f75d837f039188301bbf0b546060db82ba919f7009f4bd6e7ab70fad16d121c,896285,330.0,151.0,0.457576,1,1,319
2025-05-11 17:23:59,af26bc808d859b1e7f6f9fe80628c123ebbe83492aaee9e1ce24c6a851ebf91b,896285,355107.0,134.0,0.000377,1,1,215
2025-05-11 17:23:59,09fe407193be8d2535323312f358a503234481ba0106e6204273054f42c67e1b,896285,330.0,151.0,0.457576,1,1,319
2025-05-11 17:23:59,026514532fa0702a8b2093ce6f8c1c686a693dde930fdfa7c393ab8a70f0761b,896285,75465.0,196.0,0.002597,1,3,277
2025-05-11 17:23:59,7f922d76e05db3fa799dbe1ac2542c494dd2f70c496a5edf6cbb3bff4f4b4f1b,896285,173811.0,151.0,0.000869,1,2,202
2025-05-11 17:23:59,7099baf6307ff7a982a37ab1f4adff6a775f9e07190a3663844b3419eff6597e,896285,173962.0,151.0,0.000868,1,2,202
2025-05-11 17:23:59,cff5f5d0cedc8c5c0c33347e77b322524f0162b2eae2d8fa60a40f80fc53abf0,896285,174113.0,151.0,0.000867,1,2,202
2025-05-11 17:23:59,f9464ca7896d20a399ee70f01cbbaf6c8447cd20ead8cd16c2204f1a767b9997,896285,174264.0,151.0,0.000867,1,2,202
2025-05-11 17:23:59,434590092face784df30fdd5a659ec39b32db6a9d13c5c0252fb13dbfd21207d,896285,174415.0,151.0,0.000866,1,2,202
2025-05-11 17:23:59,cbc4c236e0f5fe131726f45c47550fdf4fdc29e796accec25505444c2ec7599e,896285,174566.0,151.0,0.000865,1,2,202
2025-05-11 17:23:59,60ce958144c3cc48f776d3355435782f360ca2f6a6da852383b026cb145f4d1b,896285,427346.0,154.0,0.00036,1,2,205
2025-05-11 17:23:59,588bb86a3639ef8d625ed49c07f43f6680107c4fd80a5802f67a86d353ae271b,896285,121760.0,151.0,0.00124,1,2,202
2025-05-11 17:23:59,4bc00a5e73bbe6a6178445d3bbeb1d028ab3f7b7b1685a5d335248993b2f19d7,896285,121911.0,151.0,0.001239,1,2,202
2025-05-11 17:23:59,454d9867b7b6d5af753537bde07020acddbcd5f3698e5cb19741bf11a8567f7a,896285,122062.0,151.0,0.001237,1,2,202
2025-05-11 17:23:59,41b2204ac4549fc9fe48b7e12c75a7e083202d97f8bd640db70ce69532a574d4,896285,122213.0,151.0,0.001236,1,2,202
2025-05-11 17:23:59,ee8c8a2a8faaf2163f8a75d2206a2cf2b429338224caff136466ad18f7811593,896285,122364.0,151.0,0.001234,1,2,202
2025-05-11 17:23:59,fc4d98284b9da12efdd0e34c1625bbd5166a43059bf3022004fccd3211390155,896285,122515.0,151.0,0.001233,1,2,202
2025-05-11 17:23:59,33c6ac958135be90ce22c8f3e57fcebb1230ab2341254b933e322bb6f06d3494,896285,122666.0,151.0,0.001231,1,2,202
2025-05-11 17:23:59,929608905d8c3587081bef3b154142be600b66d531a0c2e58524cdc7eb5580de,896285,122817.0,151.0,0.001229,1,2,202
2025-05-11 17:23:59,46fd859f82f433f1fe47503bea89a1dcf4a7c9be2605f0722ee6d57272967785,896285,122968.0,151.0,0.001228,1,2,202
2025-05-11 17:23:59,ce72dbb2e258549bf7c2bbef045294aa00e71035531417632af43738a7a39eb5,896285,123119.0,151.0,0.001226,1,2,202
2025-05-11 17:23:59,72b0e3bca17d5c18bad482417e81699e5f0ed29b85e373e7d9bcf268033210af,896285,123270.0,151.0,0.001225,1,2,202
2025-05-11 17:23:59,dd4d96d4858dcaae97d518b5a575eb50f8d2d14352071a747bcb63269076f454,896285,123421.0,151.0,0.001223,1,2,202
2025-05-11 17:23:59,ef1049ee3b9b9be819ed4069a423f63ab504537a0ba6f6c28620607691875bb3,896285,123572.0,151.0,0.001222,1,2,202
2025-05-11 17:23:59,c297d38b4b52d9595d7cfc62434cfbc35e9deb8f5abeb0860baefa37dd727e8e,896285,123723.0,151.0,0.00122,1,2,202
2025-05-11 17:23:59,eb7c263844c99a95409a0c5097009ecdbc423dcb6065351e2edd7baf85a5c993,896285,123874.0,151.0,0.001219,1,2,202
2025-05-11 17:23:59,e9ab4bc4216afff5d26db849e546a030c978757d70c0979ddd12400476630b1b,896285,625211.0,122.0,0.000195,1,1,204
2025-05-11 17:23:59,fc992501e6e0a4d2fee5ee6182ecf5d8a610b83d79f92efdb208a02d5705fd1a,896285,4214.0,111.0,0.026341,1,1,162
2025-05-11 17:23:59,d562bc64606097ddd4ac8dc0c4c5beb238949a0c75895c1cb1a4ef654296be1a,896285,330.0,139.0,0.421212,1,1,307
2025-05-11 17:23:59,5012eadf5756bd35f6f176719cf13e96d610314b70ff86723d5a2e487b6faf1a,896285,330.0,151.0,0.457576,1,1,319
2025-05-11 17:23:59,ec7e7b37aa6a7388cdcde98b670b882c76d74f3143204a82141a1bc8da6d931a,896285,330.0,151.0,0.457576,1,1,319
2025-05-11 17:23:59,74b16afd8cb97b0f7f0c658841087f9d90d3bf884a90d709c08b546c3b451bbe,896285,33647.0,1143.0,0.03397,1,25,1194
2025-05-11 17:23:59,47158790408b8ab5a73f96d98415b7197b1c8b2fdbd2a3309c50b6049b61931a,896285,330.0,151.0,0.457576,1,1,319
2025-05-11 17:23:59,6ce41706a739ea4a689d51bbad655e5915b8bcb0f72655c5e3b08b71041b8d1a,896285,330.0,152.0,0.460606,1,1,323
2025-05-11 17:23:59,6bac46acccf7960b7676ce109e0c495bd5e5692b52448ed4a3ddec12667f77b1,896285,488039.0,154.0,0.000316,1,2,205
2025-05-11 17:23:59,75711406fd4449c10883fd4f001d3e8a4253e8d5ecbb42b22639004cb85a861a,896285,81912.0,256.0,0.003125,2,2,419
2025-05-11 17:23:59,b309f4422fcbb25f919c6c16763413bfe81c540f19037352e4ffede2261f801a,896285,124049.0,111.0,0.000895,1,1,192
2025-05-11 17:23:59,f66ceea4a5df4bcc50388d8a1dd079a0bd6bc8e60ec10681d4cde82e61ba771a,896285,17214.0,154.0,0.008946,1,2,205
2025-05-11 17:23:59,de127566013cc3000ae6aae2b138293b48201f5bd5f99f4f14fa8bc4b0504a1a,896285,330.0,151.0,0.457576,1,1,319
2025-05-11 17:23:59,b5fa939d5adc40b027c0dd73d11a3ce2933a9387f17b4bc92b9ae0c3ed6c2d1a,896285,13325.0,182.0,0.013659,1,3,233
2025-05-11 17:23:59,a325317731bb28ad14c566f42171bc9f3147cbbe0722dc1e55b83978e5b5ee7e,896285,13507.0,151.0,0.011179,1,2,202
2025-05-11 17:23:59,2e77a84ab7f4aec90766aada945757adb2ca988d57f0df72b7efa12b0e6d851a,896285,13658.0,151.0,0.011056,1,2,202
2025-05-11 17:23:59,84a2d2d8a75ec81e3b1178b6c2f637a9e09b39399c1bf62fdaae5288aa8a1c8f,896285,13809.0,151.0,0.010935,1,2,202
2025-05-11 17:23:59,e250852920c95564d553916a477443fe96eb21697f8bd6b63781a72f7a6a3afd,896285,13960.0,151.0,0.010817,1,2,202
2025-05-11 17:23:59,3afa36e7ab16719d50685e540c235c007fa2b048de540d08b5014c924901da79,896285,14111.0,151.0,0.010701,1,2,202
2025-05-11 17:23:59,8bb5a75b0cfd1031bd49c1591f4131efd713cb8a3cd8f2a9032d0723d2399a76,896285,14262.0,151.0,0.010588,1,2,202
2025-05-11 17:23:59,65764e495d7817282fb986a3b3d066a47b578f8612e8840ab05b767c699a8dbe,896285,14413.0,151.0,0.010477,1,2,202
2025-05-11 17:23:59,9775b084e731565ca22ab68453f8a1ae9f7f49796a8a971bb9eb87f5a0f3241a,896285,351.0,129.0,0.367521,1,1,267
2025-05-11 17:23:59,e93523e2888ace01ae86240939284da57a00595eba8c0b8dd9fe0733cc09131a,896285,351.0,129.0,0.367521,1,1,268
2025-05-11 17:23:59,dfd693d5db60d74993468162c2d429b7630295518d90811b63d30378e7fd9b19,896285,330.0,151.0,0.457576,1,1,319
2025-05-11 17:23:59,cd8442f077fbb9e4df3bbc2288d030ec6a05836113b531270716969ba7bf7219,896285,4318.0,212.0,0.049097,2,2,312
2025-05-11 17:23:59,04548330c48d7a18583417107e9f840a10095e5747f4937d71330e7d83705619,896285,546.0,152.0,0.278388,1,1,325
2025-05-11 17:23:59,7ca918c1e2c84939471feb93f061d698efebaa49976051e6463a33fd3cb7849b,896285,15176.0,154.0,0.010148,1,2,205
2025-05-11 17:23:59,38b02ebc33332d97c82510fa029604458bd76ab291ab318515c9cc7f119f5419,896285,42949450.0,142.0,3e-06,1,2,224
2025-05-11 17:23:59,3bfe0883f01e239ecad3fb22d28986f0e6662bda7198fd7811f5854590560aa5,896285,43382519.0,142.0,3e-06,1,2,223
2025-05-11 17:23:59,fb0255b78579ffc995af48f1adede0aab09d6b457cf7c0a2f1b36659edf5a9a4,896285,44344826.0,142.0,3e-06,1,2,223
2025-05-11 17:23:59,fe5392628717576d2d362b1872ca57c36557fa8cea41fb3687c28645720f9647,896285,45306411.0,141.0,3e-06,1,2,223
2025-05-11 17:23:59,983bd6ec54c39ba03dc5cc72740d42656629e12c1dc7eb45736b4a9741923e19,896285,66607.0,100.0,0.001501,1,1,151
2025-05-11 17:23:59,d21feb3a05902ee4024a2096492d8155d55d928974d03b9308ce65ad9b1aa718,896285,3178193.0,212.0,6.7e-05,2,2,312
2025-05-11 17:23:59,50e49618fbfe4b0da2ac4070045fb65bc7981bee042824582b723eeeed78a0fa,896285,3178405.0,212.0,6.7e-05,2,2,312
2025-05-11 17:23:59,ea62bb756c1fc276cb7945fcd18fc455e6899c569333ffd043f40f07e4a59a18,896285,415846.0,154.0,0.00037,1,2,205
2025-05-11 17:23:59,1eb1f8ef56035e088ea58b011b20edeed5b63efd2165a9cb61cbca13cc906618,896285,330.0,152.0,0.460606,1,1,323
2025-05-11 17:23:59,236a2a74d3fc95dd82b7042d3b1ef896a717ce21324d6e1e685cc8588c255b18,896285,1076684.0,142.0,0.000132,1,2,223
2025-05-11 17:23:59,c55c4d1cef24469d43e94a441299f7c4775f2d4553bb3df0e872f47e13e74b18,896285,330.0,152.0,0.460606,1,1,323
2025-05-11 17:23:59,098e12687de08bad5793de41a3e0b3a31703b53b4bc3bf127759e5fb72a04b18,896285,330.0,152.0,0.460606,1,1,323
2025-05-11 17:23:59,9437d767f546177dbac544e48ef17babc676ffea22be29057fc91b255b9b20da,896285,6503.0,369.0,0.056743,1,7,420
2025-05-11 17:23:59,4a9c66831d7e3b1af353873dc903779fc2a973a7afd0d4768ebbdbb9d19c3a18,896285,999859.0,141.0,0.000141,1,2,223
2025-05-11 17:23:59,6cd7f4e7940a90fa7afd211de30ca46bfbf4bff16ab29d67cc7811f6865d1f18,896285,5439.0,111.0,0.020408,1,1,162
2025-05-11 17:23:59,ccc00657a8a63f4a191ab4f52dc2c91b6d3d1827f6448f88f3e16e3307b01318,896285,125531.0,165.0,0.001314,1,2,246
2025-05-11 17:23:59,f08c2cac703b4df39395d8d96b6b300a6b11b9bb58606595cf64cf99b3e5f517,896285,351.0,129.0,0.367521,1,1,267
2025-05-11 17:23:59,0e565e48c54c4bd6d0ce703a47a4a7b20775d2c99febd8f57106b8d5f737f017,896285,188033.0,234.0,0.001244,2,2,365
2025-05-11 17:23:59,b109aeb49a86454b12d814b387871e5541c075f1b3e6ed7c92b971bcaae3ed17,896285,72147.0,154.0,0.002135,1,2,205
2025-05-11 17:23:59,c0320bb2fbfdffc94efe2d83da73d514b5402fe4bbeafd2a6fc3994335d49217,896285,3007862.0,144.0,4.8e-05,1,2,225
2025-05-11 17:23:59,2a47d8ab91097832a37ac7eeeb252aca61c6125473dd1d7bacdb57cc72349117,896285,666235.0,154.0,0.000231,1,2,205
2025-05-11 17:23:59,511f4632d50b07e25d4d7391530298e4c8ffa3c6b3afc4f926cb65af47dc8417,896285,216997.0,154.0,0.00071,1,2,205
2025-05-11 17:23:59,8995f144668781845c886ed9dc155b4fcd7ed771034c8133fd8976db71da7317,896285,101684.0,154.0,0.001514,1,2,205
2025-05-11 17:23:59,2a9545131494167ef95dc5affa6660032291e4fa6010091f5e30babc60d06a17,896285,3118.0,212.0,0.067992,2,2,312
2025-05-11 17:23:59,bafb6564e9935c2e4947b597270cfb0638511ce2f0d948f2d4c14edfc0913817,896285,93788.0,212.0,0.00226,2,2,312
2025-05-12 21:13:18,b44158bbcd26b3cdbc5dc22b41e13cd83b1965d1a2cbb6cd3dfb103dbf572fb4,896458,29596139.0,1160.0,3.9e-05,1,2,223
2025-05-12 21:13:18,bfd82e5d4cc4f9fc9ce2317357bcff780db1c09e9e7b70df998b76c963011c0a,896458,16000.0,1000.0,0.0625,1,1,192
2025-05-12 21:13:18,07af049bcc66ccb2fa7540ae623ab7b98bce62f98c81b56e26ba7e6a1dc4d345,896458,25211.0,1000.0,0.039665,1,1,191
2025-05-12 21:13:18,0f6fa81dd02466b9b6e8459a4b2ed186d046d2364e08b34fca3ccd16b74e3bec,896458,12006.0,994.0,0.082792,1,1,189
2025-05-12 21:13:18,7142248a8c1c2c7cb852fb512c205183883101ada4974ac7c8eeb41562176711,896458,10637.0,1070.0,0.100592,2,1,365
2025-05-12 21:13:18,0d86734181062e8c5fdf01e971da2ae1e4fb4f0b71b87d480f04687866a1109e,896458,144302.0,1486.0,0.010298,3,2,460
2025-05-12 21:13:18,8f002098a897978f3cd0f9998ed575ec6887d427fff36e7aae3dbcff91de2ff7,896458,296625.0,1419.0,0.004784,2,4,366
2025-05-12 21:13:18,d877a83dd27679b11d5d1c77b6373ec65959550f056ce404585a5e7410689659,896458,197675.0,754.0,0.003814,1,2,222
2025-05-12 21:13:18,9f1597caa2cc0f4fd83958970deb13fc9998904c9bd107024232b94ac1c3f381,896458,247094.0,2273.0,0.009199,1,2,222
2025-05-12 21:13:18,f3f6d68ed58d656378f879910b692bca10ee7c41bd85a00a335183c09ee0be8c,896458,317504.0,322.0,0.001014,1,2,222
2025-05-12 21:13:18,077dc8bb32fd59ab3d4729f2beea3301fa325230dc665e927a594f73a224185a,896458,395853.0,322.0,0.000813,1,2,222
2025-05-12 21:13:18,9dcbe95726e4be30f8fb99377f71909b8c902aa5fa76dbd00f17e277292d759f,896458,444960.0,465.0,0.001045,2,2,372
2025-05-12 21:13:18,93dce959f4c86b16e382943f5851e3288fc109313dab5242d452fd6f7bd9b03e,896458,1090895.0,885.0,0.000811,1,2,247
2025-05-12 21:13:18,0b99a73c73dc8215824aed85b78e29c4bbf37bbdb6111b01b725f78fff625f1d,896458,72947.0,882.0,0.012091,1,2,245
2025-05-12 21:13:18,caab5e84b4f12401b36d87775f24ec490957578fb44828c6b4991b674e128aa1,896458,1905157.0,780.0,0.000409,1,2,226
2025-05-12 21:13:18,a5e4a5a0f5495963b0755c3eb429817439628610f40b23ab620df03ff186512c,896458,2000274.0,1243.0,0.000621,2,2,393
2025-05-12 21:13:18,e2c8dedb0688ad12973099de28dce11ebca8b2fb59e15b03c1b2e7a35754ae7e,896458,1024046.0,1119.0,0.001093,2,2,370
2025-05-12 21:13:18,77d4c6f7594e3c655212efced5fac8c27b926d76dc542e6c74484d8048eb6e03,896458,82485.0,904.0,0.01096,1,2,249
2025-05-12 21:13:18,be713ec2abdbee579f9d7268ccf85e584e123ed293af357687fddc8e5c553750,896458,106375.0,904.0,0.008498,1,2,249
2025-05-12 21:13:18,3c9726d6041351fcba6076f46a15da9b2cd7df0ed8719871a479674b00aec109,896458,1007099.0,2465.0,0.002448,5,2,860
2025-05-12 21:13:18,3436f240b8e112455d0e20ce69a4ddebf8d6b889b2d1d460cbfdffb21ea712d1,896458,25957.0,904.0,0.034827,1,2,249
2025-05-12 21:13:18,b0c1ce0ace6ef1c47a0a2513e585be612a5f2a8b47e8faa735366ead1a15a98c,896458,26042.0,882.0,0.033868,1,2,245
2025-05-12 21:13:18,d332331e3064631a3bed66509a83851073f05106a24788106aeb0b8ea9a7c4e4,896458,1023737.0,2228.0,0.002176,5,2,816
2025-05-12 21:13:18,9919fd7bec19b583b06685bbf01327a86d1549fc413b17778143e0ef9cdcaad0,896458,23478.0,1367.0,0.058225,2,2,416
2025-05-12 21:13:18,cf05fe349c12810943e6176d8259f4b34ef4eff9d7720e31ae702af1bc6e5e62,896458,23012.0,1367.0,0.059404,2,2,416
2025-05-12 21:13:18,0544d2292bc0eadfc9d7ba8b17020818b90fc33afbf0008706bd85b6719ea688,896458,1005802.0,1620.0,0.001611,3,2,543
2025-05-12 21:13:18,54016de0142afa0f914a0fe9328a23e675cdfdf1c7b71d3fa6ccc5cf11494517,896458,47564.0,759.0,0.015957,1,2,222
2025-05-12 21:13:18,9dbe6ef9fe6c2dac3d6ceafec386201bd05cb83a6615fb9e9e0841606b115ef8,896458,791214.0,2149.0,0.002716,3,2,520
2025-05-12 21:13:18,691d65ca1db3522eff67b6a0e3e375a76b74b6a8c5e56071df2a81aa806d317d,896458,155465.0,465.0,0.002991,2,2,370
2025-05-12 21:13:18,5271e16ac0ed0e0604585b45924896d593b4b81f8b5aa27adf97c24941853055,896458,530030.0,1640.0,0.003094,2,1,340
2025-05-12 21:13:18,b6d52004fdd616541525e0e5f264a11b74f17a7dbf4d2b5548bce00d9d7d52de,896458,511394.0,513.0,0.001003,1,1,191
2025-05-12 21:13:18,407fc8059252bbfabd85af4854fb6a11476f487df0c4f7e86cf6b3c793b7a502,896458,45485181.0,163.0,4e-06,1,2,222
2025-05-12 21:13:18,c12fc50426190e260f4876e76708243b48a257a6bebe45bdc99a788592bf54b7,896458,27499.0,767.0,0.027892,1,2,223
2025-05-12 21:13:18,199cb7f5902e444fea36fc2f951399bb803b946efd5d38d8a5ce684405c5f379,896458,252090.0,1395.0,0.005534,2,1,340
2025-05-12 21:13:18,ebae998dcedd4ba2f48c37dd271c389ea007aa70b137d4afa885db714d3a0395,896458,2115618.0,3942.0,0.001863,2,18,891
2025-05-12 21:13:18,385b498f5bcc818e20050cf48e24d47e9c3f6b278f914d9d1defbb55af8ea9b8,896458,20768550.0,1581.0,7.6e-05,2,2,374
2025-05-12 21:13:18,a00a116b43913e6d0a7d2ccb63449ca26c871e8d2b0995fe2be6d1ee6b75930e,896458,388166.0,834.0,0.002149,1,2,205
2025-05-12 21:13:18,21722da7e3e92fb3d3780985cd0309cc7b68cb249f549b5632efc1ea8de22e91,896458,6512037.0,1593.0,0.000245,2,2,674
2025-05-12 21:13:18,3bf6c3456f4b6b82aa19ce6bb279bb099c5a7e419314de09e9b9ce3533112789,896458,289306.0,770.0,0.002662,1,2,193
2025-05-12 21:13:18,af48a87dbb807fea6c97b9c204e36b40f9ae9e8248006aa4e486bd5572f2c8d5,896458,199886.0,1269.0,0.006349,1,2,234
2025-05-12 21:13:18,d6c116611ec5e24bd3fd6fe787734a58f0b4d18facc3c574f81a56a6aab10fcd,896458,1042253.0,1150.0,0.001103,2,2,312
2025-05-12 21:13:18,5c0f359195a1b135ea56f6ace2aa89444d8cf7868f17b1fa5b94653090737b31,896458,7833552.0,1129.0,0.000144,2,2,370
2025-05-12 21:13:18,27522d5863c7840b4ba4ee377d0fb56ec4f3af448eec0ff9c629713222c60cb6,896458,18643.0,1021.0,0.054766,1,1,188
2025-05-12 21:13:18,ed7c3a3b91eff9e23a9ca8b88ebc38706a636bb8128f962fa1646da8b860e715,896458,122502.0,1208.0,0.009861,1,2,222
2025-05-12 21:13:18,32408fc56732631b1a70b8ab072f58ebd3a02e1a26d41df2c1ed10fe2969bba6,896458,2920.0,599.0,0.205137,1,1,192
2025-05-12 21:13:18,c36845546bc5e27f4866efce324ea4aff678d02869207da02bdd7c63fc536ea5,896458,177680.0,770.0,0.004334,1,2,222
2025-05-12 21:13:18,cab7be963bc33fe265bd84236be77eac83e6f5da7083c7d15128857d9ab78483,896458,290679.0,1218.0,0.00419,1,2,223
2025-05-12 21:13:18,995b2d3dbbf1794e2d2681a579c16a9d5b3e5e188fbffb278744174612692485,896458,207909.0,1161.0,0.005584,2,2,374
2025-05-12 21:13:18,516bbb87ce31be4faf9bc0baf5c33c5a72417fc6345a7c93b4444a1c23da4144,896458,36192.0,1161.0,0.032079,2,2,375
2025-05-12 21:13:18,f626d9850774fbbf85a4001be6883dea983db5a528903f704c921fe2722d105e,896458,1669870.0,907.0,0.000543,1,2,223
2025-05-12 21:13:18,082a2778fba62cb1c15478a529198cc8619a06be5666832ad0486e6bb1f026d2,896458,1914230.0,643.0,0.000336,1,2,224
2025-05-12 21:13:18,114c5e97682c5d697815d2aa9ae085a94ccd9541a1fdec1f92e9c61349180e4d,896458,360854439.0,1901.0,5e-06,1,4,346
2025-05-12 21:13:18,b3bb00979377a3981a32b980128ef878d03ef5de6bc7e5353424c113901bfab9,896458,508285.0,1330.0,0.002617,2,3,374
2025-05-12 21:13:18,375250dad1a97f3b346d5576a26b237b612a8723a28b7619c5e922be5dc35b09,896458,621395.0,1523.0,0.002451,3,2,520
2025-05-12 21:13:18,5a110b7067188ecdd57416ee2e79137b6ce6e883f7f6a75ee385924152de4323,896458,1360607.0,12975.0,0.009536,30,10,4768
2025-05-12 21:13:18,45bd5a5cad0b6afac0d5942e186527da9d64239e81abfa65a29868751430822b,896458,1844395.0,11083.0,0.006009,19,9,3541
2025-05-12 21:13:18,47b289a651b4475e7078a69a462bd90b2756f0a71764e1f61dffddc3ee2e7910,896458,528714.0,8740.0,0.016531,15,7,2794
2025-05-12 21:13:18,9f915a9b0be11e9be3dc0828ae8dca910a3745a1be59738fa66267d7699dfbe1,896458,380740.0,6584.0,0.017293,10,9,2001
2025-05-12 21:13:18,574b49a63bfe4442ba48d20877a42a94d745183b3a682e78381eec33accf43a6,896458,484123.0,5726.0,0.011828,12,7,2005
2025-05-12 21:13:18,a503a968a15d800cf661efbe2a3d7c0d83a250c8040f33642836e12d4e1e6652,896458,165715958.0,1901.0,1.1e-05,1,4,345
2025-05-12 21:13:18,ee96d3769a62746a444b2a2412536eb0e579a467d26f830b150c207d25cb72a5,896458,213029.0,804.0,0.003774,1,2,226
2025-05-12 21:13:18,7fb51b28d2b42f03a9fb2421d36c8f4219fa473ab6d0846a8722d32ebb8efc35,896458,452688.0,1161.0,0.002565,2,2,371
2025-05-12 21:13:18,c4d7419554265ce30d3f21a0cff00af42167b0c8ee9a0aebfbf565adfe381530,896458,18164.0,1442.0,0.079388,1,1,151
2025-05-12 21:13:18,d8f0a250fc3be93b1a4afdd22b6cca8142708f46b0003fbd2b4b871e65684293,896458,19606.0,224.0,0.011425,1,1,405
2025-05-12 21:13:18,9f2723e4dc960b6c8dbd1a42f331b20869bb9e05674c6306669e102350d14239,896458,1534469.0,705.0,0.000459,1,2,234
2025-05-12 21:13:18,0c7e9c7d863c5ef69ca1f77ef3312876fd909ac92f726754405a1054d99bd1c5,896458,1125589.0,1161.0,0.001031,2,2,370
2025-05-12 21:13:18,279a2cf4ffd24d53559ff3a8771368bb5e5420f9dff99b5dd3fdf419f31af09a,896458,504480.0,1161.0,0.002301,2,2,370
2025-05-12 21:13:18,b8c3c914ee78e798e5d6225b26b853582187d21a30be03ca2e26b204b9c4f076,896458,864668.0,1161.0,0.001343,2,2,370
2025-05-12 21:13:18,3338f415bbbbb9cbb3009b16ac5844ad750baca6238efdc1b7d4e9e943ec62ce,896458,100989210.0,804.0,8e-06,1,2,226
2025-05-12 21:13:18,5346a9f495e6cf79c8cd47e915a0b8088e3f742ae39006f5f6c19f81fab5f0a8,896458,1517737.0,998.0,0.000658,2,1,341
2025-05-12 21:13:18,e517ddaa51dfe041e6d9f0d477cb41ed6fe83038f399155a147175916e949580,896458,133392.0,998.0,0.007482,2,1,341
2025-05-12 21:13:18,a413c7620b0da87718b7d26ffb985bfe2ebe4bfc222dd97affcc32a5a6bed356,896458,117931.0,998.0,0.008463,2,1,340
2025-05-12 21:13:18,cc83f6cbeaf98711b44280b494e19b319ec6eb39d9e28fe841d41bf545b87366,896458,829019.0,1566.0,0.001889,3,2,521
2025-05-12 21:13:18,6ac50224f22757fb6fbdf755e2c86a30f15dadf734516aed9045b3aa9f24aa04,896458,405093.0,804.0,0.001985,1,2,223
2025-05-12 21:13:18,fcae38a575f34066546ea4a3dc99a9762c19ac97b1f81a2cf0e3d015f0f0b0d4,896458,291651.0,2453.0,0.008411,1,2,222
2025-05-12 21:13:18,e6612c26281438d14db86779a022c29bfc7ba941fc0a4b101cf2f714c15e147d,896458,10584835.0,322.0,3e-05,1,6,350
2025-05-12 21:13:18,8cca58bb342dc8afd29bac60e1006616b28f8eb0ef9bef103bdb7afa75eb7a81,896458,13793600.0,800.0,5.8e-05,1,2,222
2025-05-12 21:13:18,ae5233448f4419539a11f236afd656c9f05d4f00a33b8aca01bfcd927caaf4cf,896458,1820035721.0,4000.0,2e-06,3,5,1084
2025-05-12 21:13:18,09fae7dcb6e5d112a398938e3acbe776080e860ff87b0197f08e9acc1737fe60,896458,261580159.0,1523.0,6e-06,1,2,223
2025-05-12 21:13:18,142263eed55f9a2daeb5e678916c835d50280a870cd3927bea8c09119e7ccc5c,896458,262277767.0,1015.0,4e-06,1,2,223
2025-05-12 21:13:18,db77c6d604df893cda17f806cfeca04ed9c918b6bf4e7032e2b1a1f7ca4edb9f,896458,262417012.0,338.0,1e-06,1,2,222
2025-05-12 21:13:18,eca64c49ac70ae4bd398ef47cd661e34f4fe0b00660f04dc649000e6156624df,896458,263813112.0,338.0,1e-06,1,2,222
2025-05-12 21:13:18,59a51e73d641f15b77d5a47a750ea6ee3eaf6ca8699d170f1befe55881b748e2,896458,3224677.0,804.0,0.000249,1,2,223
2025-05-12 21:13:18,fb41e1590477d812a20ad5ed4b7e55ffbf237eb70e990d712d0ff0ad182097dd,896458,284468.0,804.0,0.002826,1,2,223
2025-05-12 21:13:18,fd72bcad6448a520253112b4aae2b3b36188f446c0efb1ea489abf6155099cd5,896458,242947.0,804.0,0.003309,1,2,223
2025-05-12 21:13:18,7b4d4597d7d1a60a3c0627c0a592baab6a647d9ce26a51cb7aafdccb5719e9b4,896458,6518395.0,804.0,0.000123,1,2,223
2025-05-12 21:13:18,3dd0b8818ec19d4b5da7c5266b6b5b77f77f32953f0215cd65db3e13c74f5b75,896458,81502.0,804.0,0.009865,1,2,223
2025-05-12 21:13:18,cbc6861f78bdf2b6d33c795ee67d017a3dd9b954dcaa78ed56c38bfbc9d2a369,896458,562411.0,804.0,0.00143,1,2,222
2025-05-12 21:13:18,a45e09d4f1572221b38621d8ea20f030ef9b7074f2684db8c46542766a78c650,896458,205257.0,804.0,0.003917,1,2,222
2025-05-12 21:13:18,08a07da90587ee5e3d9bd024b24177ef9443b4cebd844037c0c7ea3e43a94439,896458,432227.0,804.0,0.00186,1,2,223
2025-05-12 21:13:18,56721d59ce5cee8e4446ba5d736ba11b8257ab190decd279db88ef9dc5fee458,896458,427200.0,1600.0,0.003745,3,2,521
2025-05-12 21:13:18,071db1519bfb3c8ea49b4d56ecaa98639791748bf58b6413fec9bb8204df4e9f,896458,317468.0,641.0,0.002019,1,1,193
2025-05-12 21:13:18,c6f2758f158565916fb02510e4ae5b11be7b8220c81b147e30f52905259d7cea,896458,34879600.0,815.0,2.3e-05,1,2,222
2025-05-12 21:13:18,890a918bb34194d920bc4e29dd9d72091225fa2b42f768f6a7fbf8598d5832b6,896458,140305578.0,1926.0,1.4e-05,1,2,333
2025-05-12 21:13:18,37b61cd24514f00f7db07085ffb1bafc409c6fd130385d7b99812ab6feb6064f,896458,636400.0,1288.0,0.002024,1,2,222
2025-05-12 21:13:18,1933e7cfd6d064e2d99099642c2c28b54a85f5bb4785f31a5ca4dbdce10c93f9,896458,53657.0,641.0,0.011946,1,1,191
2025-05-12 21:13:18,53177bd169201a76d1ed0fb387e7d0e8634bd79c5ede7a51e5c49db12e2453b2,896458,3434.0,641.0,0.186663,1,1,191
2025-05-12 21:13:18,89cb9916a928ef6295f482bde5c10d025d4a43cef955621a786f272bb588b9a9,896458,29358.0,642.0,0.021868,1,1,191
2025-05-12 21:13:18,336d6b7ffa68eefb90b01e28e90c0ffa88f57dacf54bdb5595ef36dc7d1f8850,896458,1296669.0,895.0,0.00069,1,2,234
2025-05-12 21:13:18,fcc55c0be8cde24f6c8d6bd8da26fa20347a060ed7fa3667c27b8abb278890d7,896458,26985599.0,1200.0,4.4e-05,1,3,256
2025-05-12 21:13:18,e585890eb6ce37a16ab54d800252601c41307b4a51c8fbdb626cc56402ee612c,896458,7526.0,8009.0,1.064178,1,2,222
2025-05-12 21:13:18,2a176b3a18f8285d6a6b4f2d396dbe89f4a2e463f4c7e7f8fb173802ab58f027,896458,17356500.0,8009.0,0.000461,1,2,222
2025-05-12 21:13:18,cd1381ea22f699a13167ec507ceae685e51bd5fc122f52231ad3e8eec0d0f547,896458,17614835.0,8009.0,0.000455,1,2,222
2025-05-12 21:13:18,e4740aa483ddc32b02d480a67c071e3edae8f2ff4666f46076d8614829523a4d,896458,18267506.0,8009.0,0.000438,1,2,222
2025-05-12 21:13:18,94959f48e3eef1552f994fb4fe5a41e4cd549a081c8befadfda2ead224e41b16,896458,1061272.0,8009.0,0.007547,1,2,222
2025-05-12 21:13:18,e51dfdcbaf7200b5c9f5256f4d34b1086e09de3bebc56d868ff6a3ca61fd550d,896458,549121.0,8009.0,0.014585,1,2,222
2025-05-12 21:13:18,b0b3d0a92760ecb2316f43abf0934346cbfb8f4418fdd791251b0e9649b3c4fe,896458,199983795.0,6305.0,3.2e-05,1,1,192
2025-05-12 21:13:18,0ec689f2f7237deffa41ce082977a447b1a81ce050547dde055ea000a08cb6ba,896458,278078.0,8066.0,0.029006,1,2,224
2025-05-12 21:13:18,e395efaa4b61d81f35432f8f71960e474b8b820e0864b69898e3f59382f09791,896458,1833019474.0,9431.0,5e-06,1,2,247
2025-05-12 21:13:18,19d11ce741ae2495799cf5c4baf922596d3ea4b367f7f8c62be6d21b14196143,896458,237730.0,8011.0,0.033698,1,2,222
2025-05-12 21:13:18,45ac86d614b4dadad4feb04ad3ffbfd2c3e89ee1da1714f84dd56551b1eb0aae,896458,1140850.0,17835.0,0.015633,4,1,635
2025-05-12 21:13:18,6fc4969e4235165d75106bc6eee2d7186fa9371441454b5bc4c763f3ab72d9f9,896458,687584914.0,8208.0,1.2e-05,1,2,225
2025-05-12 21:13:18,c88eef9f8d8b3ebe40bd1d6f334cc390dacaaa7a61fff3d8ee8fcbc63c323af2,896458,806015.0,8037.0,0.009971,1,2,222
2025-05-12 21:13:18,5e5c2b411330d6391f4baab35fedbf5af4c96dae0d91865762739d4330aacdc9,896458,1377930209.0,8208.0,6e-06,1,2,225
2025-05-12 21:13:18,4700663733a6455cf78cd3df0ae2ace4191606ea7b962e939270540c3deca9b1,896458,320176333.0,8037.0,2.5e-05,1,2,222
2025-05-12 21:13:18,9cb6255fa49c4273cd1a64cb1eb671cc05f6efa7f2c0c79c06f12d35248e4d88,896458,155816589.0,8037.0,5.2e-05,1,2,222
2025-05-12 21:13:18,dd3023412fd3cdc3df24955d8e245f1db4643faf80262091963c19a9347c7baf,896458,399990100.0,8139.0,2e-05,1,2,223
2025-05-12 21:13:18,eba3eae87ed86ed8391de205ebce246787edf873c97b5cae9241ec98ef35bbd9,896458,612456338.0,8066.0,1.3e-05,1,2,223
2025-05-12 21:13:18,a1f615dabeceb4bc90cea8e8c250cdbd732d42f0778fbb50180505b34f47bcf3,896458,612464404.0,83496.0,0.000136,21,1,3151
2025-05-12 21:13:18,3f43f4e381287d635f5959652d2337aa98496d438aaca0bfa748998ff4a96e7b,896458,299991991.0,13973.0,4.7e-05,3,1,487
2025-05-12 21:13:18,c84beaea36c06e9dfc7118543e25a5536717e3474677a07ffae2642747488952,896458,256408.0,13973.0,0.054495,3,1,487
2025-05-12 21:13:18,34216b8216e0333e07a97836d6950617bc57a94317adb4183e719aecf00b40e5,896458,5000.0,6447.0,1.2894,1,1,195
2025-05-12 21:13:18,032ab9fcdd2aebf935057d7d9c587e0e3dd108ac04ef3e6735dbc7d8b66bd331,896458,3652424.0,10110.0,0.002768,2,1,339
2025-05-12 21:13:18,28b548ff86afe4730bd43d1505495eeede23ad01fdf9a23c1d1bab2fa3ec69d0,896458,20537628.0,14820.0,0.000722,2,2,421
2025-05-12 21:13:18,b4df44bb9d6a715d5925e281a2ea12e4673b71058a92c5a27da60c6b0ce02bb9,896458,702300.0,8070.0,0.011491,1,2,222
2025-05-12 21:13:18,271a6acd2eda76d8ab7cb5ab0d34eeb437dacd1736f782a25c947070e1da3187,896458,1001024900.0,8082.0,8e-06,1,2,222
2025-05-12 21:13:18,50f146beed9391912b0a9366cbd09fddfcc5c9f45f17d4171fb83d0d1f8167a6,896458,9842400.0,8100.0,0.000823,1,2,222
2025-05-12 21:13:18,4c3c973daa6a153bae581a865f78d6c2c4da036cf9fed51d3639d12fb5881e0a,896458,10502200.0,8100.0,0.000771,1,2,222
2025-05-12 21:13:18,24bab986fb7f1e1ccfca9312b7601c184d51e015519624f11ec8e8a7e4465c09,896458,156900.0,8104.0,0.051651,1,2,222
2025-05-12 21:13:18,e34d84e5a7a0ad74f243ec322e107039d94ec258dbad5db8dc740c2a852e2f21,896458,110808848.0,9963.0,9e-05,1,3,255
2025-05-12 21:13:18,cdc036a7f23982656c3bf2833f876deb72afe0557315f4b21ae8e53a620a087d,896458,20644788.0,20007.0,0.000969,3,2,590
2025-05-12 21:13:18,39bc9fd6bce84dfe15ac8442f53da6ff19d13db4bcb7903adcc05053b26476c4,896458,2049544.0,8325.0,0.004062,1,2,225
2025-05-12 21:13:18,4d123d0dc7d5e93fdf7303741d54b6a1d31aa6678d2ea268979e3b3eb8683138,896458,8557446.0,6370.0,0.000744,1,1,191
2025-05-12 21:13:18,b0665bbf9bdc7ef6e4c0d5a3f21329a274274b58afd65ab3ca7412b754a81a9e,896458,50736728535.0,9633.0,0.0,1,2,247
2025-05-12 21:13:18,84cc2cbc6a8fc0b3dd3c49bf67315cbbb3ad938f5f6ba6fb826c0f970e153239,896458,90040.0,8214.0,0.091226,1,2,223
2025-05-12 21:13:18,07d8eb51e2031ae341f2380bec4e1ad3f48887b13d6d6b109e1db1a7cf7571b2,896458,101503360.0,8340.0,8.2e-05,1,2,224
2025-05-12 21:13:18,f3170013432252eb734923509adec3fcc503449e5ee1e80d81c016208a6103ec,896458,260000.0,9799.0,0.037688,1,2,333
2025-05-12 21:13:18,be27178023110f5b31bea2cecc92996b598b7da2f662d65aee885125e14432f4,896458,14170196.0,9633.0,0.00068,1,2,247
2025-05-12 21:13:18,b9c899d22c026e29e0aaf9db5315f4d58daadca0183697ae27750dce8d5b31c1,896458,22784434984.0,9633.0,0.0,1,2,247
2025-05-12 21:13:18,cd2ec0b5ddb750da7454d12608fbacd713f63ecb8e77048682ed4d4e64e10a54,896458,4661027478.0,9633.0,2e-06,1,2,247
2025-05-12 21:13:18,23ad915db2653e939915bdf051c852d5b9dc0421eef139289d93e42d1c776c3b,896458,35484028.0,9633.0,0.000271,1,2,246
2025-05-12 21:13:18,dbf8cb6862e84822fc76398506720a64e52efa0eb0d22862cdb194bfb5b1401d,896458,19002510.0,9633.0,0.000507,1,2,246
2025-05-12 21:13:18,0330562e46c56b1e8d5722edb87b4dd5afd7a6fe68ec4d043392a0ecdba418c3,896458,58405.0,9763.0,0.16716,1,1,191
2025-05-12 21:13:18,08879155116a36e2c3766e15c51d23e37034d4c37a1555832e7270b3c82e4e24,896458,85713.0,8967.0,0.104617,2,2,371
2025-05-12 21:13:18,d4af3751481874f324b1973788d9976bd8b9bc4c5d7647298a1b7054e03b13f9,896458,509214.0,7899.0,0.015512,1,1,215
2025-05-12 21:13:18,23001deb972f555086da1e6592b879ad92534efe11f7965966e468b36e1c69e4,896458,320617.0,8322.0,0.025956,1,2,222
2025-05-12 21:13:18,752bd342904a5e481bd6d35c083cc717a9fb78d2af50eadf7cc6da59d4206ef3,896458,733411.0,8370.0,0.011412,1,2,223
2025-05-12 21:13:18,1090f67805de795c52f01d2b8ef702abe6d057c3c34a8eba33c03ccd608c22a7,896458,123382055.0,13092.0,0.000106,1,2,234
2025-05-12 21:13:18,0e198d3cb6bf48dbd9f88382e53c5a37398e794ba6219570c8e35d728b58179d,896458,123497277.0,12593.0,0.000102,3,2,519
2025-05-12 21:13:18,03bf21d80b6500873b0a605c66ff48c778a338b09f716b3103d6fba3ee7601f1,896458,489691375.0,40320.0,8.2e-05,5,4,1618
2025-05-12 21:13:18,d6ef78cc12504065cd62941f359d9ff5533a7e2b416fcf497d868dae3d5ebd8f,896458,59621782.0,8460.0,0.000142,1,2,222
2025-05-12 21:13:18,523596d3ebe08cce6653a21049ae728cb50bd6da80e6e2e379c365acbe660e85,896458,24997428.0,6000.0,0.00024,1,1,151
2025-05-12 21:13:18,45d504351f7c8af3b52a9c1b3e915a0a862ed17a89f5ae6c92fa3285eafb70ec,896458,1195835.0,8588.0,0.007182,1,2,222
2025-05-12 21:13:18,e11507ae27f804014f94ce993c8620e56eb726169b33dad6aeb2671b81ab4df7,896458,10000.0,0.0,,1,3,207
2025-05-12 21:13:18,a2add0515e2cf7d9657e4320cbda3965bc2743fc6281b1752bf105ae82c0b090,896458,49232866.0,10512.0,0.000214,1,3,254
2025-05-12 21:13:18,88468975eab470ea93efee200c647a004ecbeb7633d24b7bdda04a5b4fcb7f87,896458,15000.0,0.0,,1,3,178
2025-05-12 21:13:18,4f68e6e4f1ec954a54a95e539f625b277f98bf889a6e782a7578e102adafdf61,896458,76500.0,12000.0,0.156863,1,1,189
2025-05-12 21:13:18,fb43ec10226bd7dcc641b114c1f1a551ba9e21d35eff1305db8ac240f979d728,896458,29319844.0,19236.0,0.000656,1,6,383
2025-05-12 21:13:18,85c95679e4d8b3cd706d9e9e479df7c354479cbd385c1f05bffe74f737e9935d,896458,4963880.0,7399.0,0.001491,1,1,193
2025-05-12 21:13:18,71e8344118f9818d9d5fbc4daac58d4c2dc3b73108f1f78198a78036675d1df7,896458,300000600.0,34713.0,0.000116,3,1,483
2025-05-12 21:13:18,6b517ee1a14bd292c789bbc37dcd683ef7ced235dbe180c355fb916fcfb8a79f,896458,20537628.0,14820.0,0.000722,2,2,421
2025-05-12 21:13:18,9958f620ff45662cab4e1673ed690a8cd0bdf95d1d932d7460043ba882f9de04,896458,1901918.0,11322.0,0.005953,1,2,246
2025-05-12 21:13:18,a44c3bcb3a8211b5fd9f47ba7b332fac0ecc5516b71dcd918949b287eab56f36,896458,29293444.0,17808.0,0.000608,1,5,341
2025-05-12 21:13:18,faf32b71a5c2c830754fdc07a05b8f3afb6635b74f3d901539b5ca5f64832ae1,896458,19793498.0,9940.0,0.000502,1,2,223
2025-05-12 21:13:18,789ab0d0e659a712b208ac09858e21d8aeff8ddff426e504b465c255fa0b8dc9,896458,52449264.0,18060.0,0.000344,2,2,420
2025-05-12 21:13:18,cd2e73974737ac9c08e132b607cdb77c6bd81b787a5c9cd3fa1d484d166aa23d,896458,1056578839.0,40680.0,3.9e-05,2,4,771
2025-05-12 21:13:18,eecaa81b9664634c926cd74718fb33a5ba36c0ac291833a0ebbe29dd55a569a5,896458,8767641.0,20468.0,0.002334,2,2,371
2025-05-12 21:13:18,5b030209c742622adc251b872213fcbe86fcfb678a41bce8daa7fda03e1a5db6,896458,354697979.0,8335.0,2.3e-05,1,1,191
2025-05-12 21:13:18,ff057e0049cc090a32490692a4965191b9eae67587883b603e04cff13247c595,896458,4877742897.0,10716.0,2e-06,1,2,223
2025-05-12 21:13:18,19f3d92afddf13229d9b2405e8e92cd702f81db6ee988e556aef431508109ba3,896458,4916341.0,8362.0,0.001701,1,1,192
2025-05-12 21:13:18,85cbf1249f32b8fdfb8ee32be0e94a9b675b3ba7472504407abe48c3f19531ad,896458,10495189.0,37202.0,0.003545,2,11,649
2025-05-12 21:13:18,c55b6fffbf80b5c01075a842e085b9c98e3de1af57e8e0d85a4ff52483c7274b,896458,14059194.0,14560.0,0.001036,1,2,222
2025-05-12 21:13:18,4296af2ec5635ec1811d3f5251c216c8ae2d71f7cff5655128e4d67a1d7e1388,896458,14098619.0,9835.0,0.000698,1,2,223
2025-05-12 21:13:18,d4c0b4175e49dcfbc591de20729e877322def5b0c60fd526579966bbbb8ddd9e,896458,14130219.0,9835.0,0.000696,1,2,222
2025-05-12 21:13:18,e866c2dd88b1f9bdaaebe1c6d1b21ac6df145012d4bf8a9ce85f550ff61ef63b,896458,14280834.0,19320.0,0.001353,3,2,519
2025-05-12 21:13:18,9878b7f366b679c15443b6ca819347fdfb9292d4a6d56cd9cbc7b6d8c268e76a,896458,530000.0,8450.0,0.015943,1,1,191
2025-05-12 21:13:18,648123f0530d6199d2a88efb8f2e1d6e5f2fbd71c160ff501c02f003ec145635,896458,520000.0,13889.0,0.02671,2,1,340
2025-05-12 21:13:18,981cb90058cbb365fbf557f89e88f78347fce92ebfd02d9dde1ee4eb6f1bd796,896458,1000842.0,85158.0,0.085086,14,1,2123
2025-05-12 21:13:18,ad80bf9be902cf1d3b6ee2c52cfb62d0d3dede1c296e7fc463f250b09f2cf09c,896458,498540.0,44460.0,0.08918,7,1,1083
2025-05-12 21:13:18,eac5ec07729c0602c7ca136bcbc7b6470ac1d8956ea36cdba428dfbfd500891e,896458,3890000.0,10000.0,0.002571,1,1,192
2025-05-12 21:13:18,32232af4d88ef5ae261097f91fa114f39fa87c0a577db0e435efe487d14e416a,896458,67312777.0,10707.0,0.000159,1,1,191
2025-05-12 21:13:18,d5077f3c2032f171252b7777381aba5172047ba1ca28bf9a6a4f8a2843c87848,896458,199988449.0,11001.0,5.5e-05,1,1,194
2025-05-12 21:13:18,c6cc26420096c7552363ea510ba357e3790eaf78c80330a184f8b8d79bed7a90,896458,12103157.0,52300.0,0.004321,5,5,907
2025-05-12 21:13:18,134f225df72d2781ce80321a1b02afce4e59ef361d19b8d351b16854776d2e03,896458,16624197.0,14618.0,0.000879,1,2,222
2025-05-12 21:13:18,115db6a23feee277b767ba683d32852a5aaf264ed78140bedeea964d2da6b9ee,896458,1990000.0,12030.0,0.006045,1,1,191
2025-05-12 21:13:18,b23f856d3e6c34627aaf5ef2a650f468696688d55cd8d5e3d260a9514e3d767c,896458,307885.0,14608.0,0.047446,1,1,214
2025-05-12 21:13:18,0afa244fbc8859eebe490051acd09a4ecdef79ceb28d35e491d3a0106e29a9f7,896458,410000.0,12690.0,0.030951,1,1,191
2025-05-12 21:13:18,6ff6b027e50eba8995acfbb911336a2acdd8a19d6dad5cdea1b9535bf96f1b6c,896458,2838728.0,17750.0,0.006253,1,2,223
2025-05-12 21:13:18,decae958b71a12ea9904d6522c6bd7762d75546202068a216457313cf1ff5b08,896458,5210000.0,14038.0,0.002694,1,1,192
2025-05-12 21:13:18,5e8be81ae95448e0a5969fdbc8fcdfbf43fab6c352b616b281e050e87fa2a90e,896458,199950200.0,21600.0,0.000108,1,2,225
2025-05-12 21:13:18,69914e3803597a3cfce2f92414b82df31ecb8e1c906cf7da34c925c46c815335,896458,78785430.0,46050.0,0.000584,2,2,684
2025-05-12 21:13:18,987d83ac7f422b027752218a7c4c16981d1ea1aacc12c5bda4a124c63c4cfc29,896458,608880162.0,109050.0,0.000179,6,2,1860
2025-05-12 21:13:18,db00879c37424dd88a0536f545721d158fdc7f3cfe23ba21d2849d592a54328b,896458,3893968.0,42300.0,0.010863,1,2,222
2025-05-12 21:13:18,6520987937ef3a88daae5897592e01326ff9ea837981eb044cd7f9c755e441d2,896458,3398400.0,42322.0,0.012454,1,2,222
2025-05-12 21:13:18,a79cb48c582ffdca09ccfbd3208a99cefb376bf14c5016a790d8eb92581b2c7f,896458,99940000.0,60000.0,0.0006,1,2,379
2025-05-12 21:13:18,8244c259a2e8485933dfefb57394f0caf9befe1a06568f053be6d2796407e592,896458,99910000.0,90000.0,0.000901,1,2,382
2025-05-12 21:13:18,88ed192748075363e3e3f179f8a8b6049dd0d1d95a77bef0862996a5f9df5a40,896458,99910000.0,90000.0,0.000901,1,2,380
2025-05-12 21:13:18,a115fe9fa601ef34b6fa48ac0ffa6367711d472883f4a0b6a733f9950bd2ff32,896458,332296515.0,0.0,,1,7,475
2025-05-12 20:48:06,285ceff6c3c1019ba22a65d48785a23b91996b6f97a21a287d3483a647b78a42,896457,109384.0,221.0,0.00202,2,2,382
2025-05-12 20:48:06,9f8c48a026a31b0fa36882a53dae7ad66b02bb0ddafb9aa0877ad6196a9580f3,896457,39605.0,157.0,0.003964,2,1,257
2025-05-11 02:39:37,03f678b56bf13e7da1665142b122194d583cd7d755623b6a67cb5ef4800529a5,896194,214891.0,1055.0,0.004909,2,2,312
2025-05-11 02:39:37,b47c19bc4b4490e1ad16f8b18838d648cb8aa76bd41888796b9a7264211b5222,896194,28741.0,901.0,0.031349,2,1,343
2025-05-11 02:39:37,7ac2ce3771f15451e18a23e7ef6dec3a7ce36b0ccbaaf57e55c2aedfd23e86fc,896194,543473.0,702.0,0.001292,1,2,223
2025-05-11 02:39:37,457de5b77c2e833a81c32a681c5862386e235045c4f1b6b0e8b99ef5509dc6fb,896194,1730781.0,702.0,0.000406,1,2,222
2025-05-11 02:39:37,53572e4791a847c249764b3c103757a18f2b7ce62ffedaa270dd2b3dea1da8ed,896194,272289.0,702.0,0.002578,1,2,223
2025-05-11 02:39:37,2ec32c49835066a7b68700b44fed43fbdee44ef1ce563055bb3380ecefc166d9,896194,15532.0,702.0,0.045197,1,2,223
2025-05-11 02:39:37,a830dea0b11504cb3bcf3ba590f1ddf5bbfce9443d9b3957980f9e1e441b5bcc,896194,123212.0,702.0,0.005697,1,2,222
2025-05-11 02:39:37,b0698dbc1560163334a6f2bdca5f8d9755664fee23798fbd7a5138e29b14d89e,896194,1873156.0,702.0,0.000375,1,2,222
2025-05-11 02:39:37,6ddc681cef2078e3c19321bbf84b1052ecee27b7e6b0b7148dbbb1bd2244a39b,896194,22458.0,702.0,0.031258,1,2,223
2025-05-11 02:39:37,e78bc67420a4f17a2b149774380ef9620f8d987b7e595d4a2a81c400ac23ea78,896194,324389.0,702.0,0.002164,1,2,222
2025-05-11 02:39:37,e28f95e06ef6d9096a7177b47e1d2b36df9b56845cf589ede504f859a5278f6b,896194,2766677.0,702.0,0.000254,1,2,223
2025-05-11 02:39:37,57292c086c72e75a03fd10f181047dd3b72fa8d822da46cb5bcf74b003a67668,896194,919960.0,702.0,0.000763,1,2,222
2025-05-11 02:39:37,a137f002634c29599b41e6ca01b1986ac40e5915412f2d797d45774e696c8567,896194,143091.0,702.0,0.004906,1,2,222
2025-05-11 02:39:37,9fcb0a43bdc0f416a6771dd44c6af24d1aa918ecce8e2d64b01d604f0f8f87c4,896194,29993.0,707.0,0.023572,1,2,224
2025-05-11 02:39:37,1e1713beea418aeb8f75fcf1acd30da1b9aff91065b8077a4e4632451be19099,896194,2176938.0,707.0,0.000325,1,2,224
2025-05-11 02:39:37,f3d53e2ebde390ee223507a18cf9fbc75410e82d903fec2a37f026d71421a32b,896194,10950843.0,707.0,6.5e-05,1,2,223
2025-05-11 02:39:37,0c0ffb323fe05134a225d280b7381dcbc617f27a885d16f5f4ccc93d9a269000,896194,21715.0,707.0,0.032558,1,2,223
2025-05-11 02:39:37,2f38f2620766b56e514e40a7420491ab66f0299b0cb120b6bf45983c10a9c0d1,896194,6068595.0,13430.0,0.002213,22,33,3824
2025-05-11 02:39:37,57ccbfeb90173c46aa1e0108e4c72c7f610f2af17d05e356a432976eb64cc3f4,896194,28602.0,548.0,0.019159,1,1,191
2025-05-11 02:39:37,d1f03a9532226f6df05fe9d1a0b679e70e149b763f321cf78a4cea9c2ef8f8de,896194,1568076.0,548.0,0.000349,1,1,191
2025-05-11 02:39:37,bcf722593ccf73c6eaf627c14fd251ccd82b4617dd4fd8b760985460a27216d0,896194,966272.0,548.0,0.000567,1,1,191
2025-05-11 02:39:37,ab35b5a17c6d33fcd938f0cde452cab02db9e5a80972fc0070fb5e35d25ba0b0,896194,45452.0,548.0,0.012057,1,1,191
2025-05-11 02:39:37,796fcf72e3644d18f6d30640fb90608f37036a066f3ae37af8c5642da21f14a3,896194,9126.0,563.0,0.061692,1,1,194
2025-05-11 02:39:37,16872da63c986b3e267048a501b9c3b92cf1f5441ed00ed749e8cffdfe976b64,896194,1037437.0,563.0,0.000543,1,1,195
2025-05-11 02:39:37,524e71d31785af52496f3ea7aa8cafb2e011d7d84d76c3412fd34ba849d28e61,896194,1052676.0,51045.0,0.048491,109,2,19446
2025-05-11 02:39:37,b3e9970e2793a5d3b32f10755847d54df39a400012e099711193d51898053d2b,896194,3011613405.0,3000.0,1e-06,3,2,984
2025-05-11 02:39:37,9a242952c4f58f411c8e52893753c57b1f774b0e315df572a6c832d787249fc5,896194,5819341.0,1575.0,0.000271,4,2,515
2025-05-11 02:39:37,0536a5564e492713605bebabc4dbfdaf3b6e72aaedd84dce86aa10f9783a284f,896194,673787.0,47780.0,0.070913,100,2,18019
2025-05-11 02:39:37,d653eff49e5cba2dca139a525ef1c72758a601ae0c3e6524b64e41db9df01260,896194,53943.0,1057.0,0.019595,2,2,374
2025-05-11 02:39:37,a7e8559427a1fac7c33f1fb13bd5be6fbae339f86ff51d7268252d2be0c15235,896194,52479.0,1057.0,0.020141,2,2,374
2025-05-11 02:39:37,95787b0597cf00da3e9cd8cb6d967c5e5ed6610fc47fb23a2f654fdd6ee3b246,896194,546.0,843.0,1.543956,2,1,269
2025-05-11 02:39:37,0299ce0a63c8db2f067efa3b569c3dc354e41a5d904ae549606f7748869b4261,896194,387017.0,31226.0,0.080684,62,2,11488
2025-05-11 02:39:37,f923fa53a82791f9eae1791afaded2728ad9ce1aeea08e75b37067bec13ee7af,896194,1199992835.0,7165.0,6e-06,11,2,3335
2025-05-11 02:39:37,40c0ac62244269ec96b0499d982c4ee337455edaa0e4c003ed9e70fee5145498,896194,271063.0,21380.0,0.078875,44,2,7996
2025-05-11 02:39:37,5e62f155075e67af671a58574f72324f0ba9c9ea24c3507e1505889cdbd4f8ef,896194,821565.0,1633.0,0.001988,4,2,526
2025-05-11 02:39:37,7f8bad2f984ba7520e6a79ed09ff348f0883a364c2eaeb4de648e3cc8da22250,896194,8315922.0,884.0,0.000106,2,1,338
2025-05-11 02:39:37,8508637930e9d11f183c50dbe883f689eb48a764cadae8646dc4bfd13447eb64,896194,795169.0,53600.0,0.067407,114,2,20348
2025-05-11 02:39:37,5655eef6a2ab5de587dab55f0bb82d6665370e86c2419c9741d177f48a89d841,896194,123167473.0,69780.0,0.000567,242,1,25937
2025-05-11 02:39:37,3e097286b57aa1a2b29a01c619cd496576bc423dd1b59c07e7820760cd559288,896194,964139.0,61796.0,0.064094,131,2,23414
2025-05-11 02:39:37,8724394ec7108fa02f451efd4305163ef61e3a1916138034173f949a56dddafe,896194,46847.0,710.0,0.015156,1,2,223
2025-05-11 02:39:37,c4a273ce916854ff505b56dbf4e9fb4d33e0bfc3906ad9c7c89828b9f6c824fe,896194,546.0,770.0,1.410256,1,1,331
2025-05-11 02:39:37,cb2f4dc1290eef64284f3c035a25285e63f2e4dc3a8c37705a51e0d1f5c3c2fd,896194,309318.0,710.0,0.002295,1,2,193
2025-05-11 02:39:37,3f54dd04acee93cb1a57ff0f45efec43bb4a7f26c23011a8e3fe6e34b0816afd,896194,58075544.0,765.0,1.3e-05,1,2,234
2025-05-11 02:39:37,f3b1bd75f697e03bcdf729bb7be02fd13140a3f7e9b31d8bbbd1497b4bcdd9fb,896194,12108.0,1050.0,0.08672,2,2,341
2025-05-11 02:39:37,46a071dc9e129ef9642c1531124826e2636761c5e59d11075a0c82cea60d89fa,896194,330.0,770.0,2.333333,1,1,334
2025-05-11 02:39:37,479b50772f3223b0806de23bf20da1a3b5a9b12e1e89a35b92ea1a39d0c931f9,896194,546.0,760.0,1.391941,1,1,323
2025-05-11 02:39:37,38adccc42dfe952972fcdf1de5b50ffaf9016ee01cb1e0ca903735ab6bc97df8,896194,9861242.0,705.0,7.1e-05,1,2,222
2025-05-11 02:39:37,c1f680a438f9464d740cdb2e2383cdec9faf629854a1a02870ae1f8dcafe45f8,896194,2423058.0,3255.0,0.001343,2,12,783
2025-05-11 02:39:37,c96cf7348bd3ee5ce0a8fd75a0b7c724ccd5810a161c5b132a8bdb20e30403f8,896194,546.0,770.0,1.410256,1,1,331
2025-05-11 02:39:37,188fc143bb181ed48f552a4a4e5f282059f14bc3576c07996014c0b10a7357f5,896194,546.0,765.0,1.401099,1,1,328
2025-05-11 02:39:37,2f123d55609f472a098431eff739f61f34695f787afc2d7182f2e9569f584df5,896194,15500021.0,710.0,4.6e-05,1,2,224
2025-05-11 02:39:37,6a1f0ca44f2657e4586afdac5f5e33e23b0299c5e253153cfd0e5a1e84f4f0f4,896194,546.0,765.0,1.401099,1,1,330
2025-05-11 02:39:37,071a636c40eeb0fd9495bd1143cc927547a8be823217a37b96d241ba3a9782f2,896194,41705.0,1385.0,0.033209,2,4,377
2025-05-11 02:39:37,247e10acaf1405bfabaf57899a14eb2802f9e7865094506f03391428ff52aaf0,896194,546.0,760.0,1.391941,1,1,324
2025-05-11 02:39:37,e260e74f31fc4db9385d3d389f5b0eaa199d05d6ed0d51de58ae2ea7c2747bef,896194,255222.0,720.0,0.002821,1,2,225
2025-05-11 02:39:37,0992e3a4c8eb36ae5bf584d3bcbf152bfff35c52256a89d4f30ed5009c601eed,896194,35378.0,4025.0,0.113771,1,4,451
2025-05-11 02:39:37,7759c79287c97928342d7898261bc85d0e8999af8de5b23f114286684b9accec,896194,3162345.0,1105.0,0.000349,1,2,221
2025-05-11 02:39:37,50813baccc8669b209642935ab53b0ce8c100a6133bfec43de88ed8e082f08ec,896194,1745488.0,705.0,0.000404,1,2,222
2025-05-11 02:39:37,0bc42d176ef964261bdf6b57ae1a44fca97032b4667199a854e769a7972bddea,896194,952353.0,705.0,0.00074,1,2,223
2025-05-11 02:39:37,8bb6841a262104602ebdc0956bbfa18894677e2733ce0f53588cc8c44a7464ea,896194,35517.0,1575.0,0.044345,2,5,416
2025-05-11 02:39:37,9444b20750fad2b8ec5192f8ed56d7674de6b94fc5ccee0e0c5e41244b716be9,896194,291034.0,705.0,0.002422,1,2,222
2025-05-11 02:39:37,9c88979cfa5f17e06717e9fdd6e19933560ed031de6cce59458f9edffcd6e5e8,896194,330.0,770.0,2.333333,1,1,334
2025-05-11 02:39:37,430b75171a4722b7f99c5dc79a454585b10fdeec8c1320b0b76b74789970d2e8,896194,546.0,765.0,1.401099,1,1,330
2025-05-11 02:39:37,3fff4203824c431f7701fa17d3ef793ba89a08e2c4f31b3f9b33dd960792d7e7,896194,123693148.0,1770.0,1.4e-05,3,1,923
2025-05-11 02:39:37,2cf22301fee6c4f648c7c78786670cd6967d717906d475fbb1274e0480dcb5e7,896194,48736.0,555.0,0.011388,1,1,162
2025-05-11 02:39:37,65985d3da42e747f31e59fa8278e77af758d7110f422093b3ccf5903f6eb1be7,896194,957452.0,770.0,0.000804,1,2,205
2025-05-11 02:39:37,823de2f48ceaf116914549d7f9995e95f63780501de870c0e62f2da4ed171be6,896194,93050.0,950.0,0.01021,2,1,352
2025-05-11 02:39:37,73c3e4fc6c3cfab65dea7f9c8b58b6e8526fcba9f7ca853edefddf0f5b5375e5,896194,444775876.0,2910.0,7e-06,1,15,664
2025-05-11 02:39:37,14524b451f4e241d90467ed13dc86c4d20de264238aae5fa11c5d16e3ba34ce2,896194,546.0,765.0,1.401099,1,1,330
2025-05-11 02:39:37,148e97ebef28a3efca48f5d28ef6a0b26c404ef7633fdabe4f359fbf2ed306e2,896194,204275.0,770.0,0.003769,1,2,205
2025-05-11 02:39:37,079d7b28a4a8045c0f2619b7c0e5eabe6a3451ff156cf7f606c7a91a6538a4e1,896194,44561.0,710.0,0.015933,1,2,193
2025-05-11 02:39:37,fa7a89b7b3589527f24717fb2eb923727f1facdcaffc5130d1dbf07587367ee1,896194,423219.0,1050.0,0.002481,2,2,372
2025-05-11 02:39:37,0aa27a7e3bd260edd659bb7e3ccfd2e51cac9c0ed27fa4704480e0c41dbf24e1,896194,79687180.0,705.0,9e-06,1,2,222
2025-05-11 02:39:37,974021fd357244f5b5ada4980170ebbffe9289b5ccf7d971285e410fb27c97dc,896194,5618734.0,705.0,0.000125,1,2,223
2025-05-11 02:39:37,dc20d3050a08b8333fbfafbc82993dd5df185d428653927ddda0a9fe7c307cdc,896194,546.0,765.0,1.401099,1,1,330
2025-05-11 02:39:37,41578036a27e7afff32ee7b58f2aaaa0e6b34fb11208d000e8dfc0884b7559d8,896194,1027709.0,1635.0,0.001591,4,2,526
2025-05-11 02:39:37,dcb545e2104d6d270def917c38233687c7ff8139bfbadb170de0c7d4cb3ccad7,896194,156043.0,720.0,0.004614,1,2,226
2025-05-11 02:39:37,038df92b6998af67e049f21f2f759d44b6d12a39ef7b57cfc952dc0f460061d5,896194,294505.0,1040.0,0.003531,2,2,370
2025-05-11 02:39:37,edc992a66553c7f50f271905585eff2eba4052d0cfcb7bed08a904f2986c76d4,896194,1597445.0,950.0,0.000595,1,1,190
2025-05-11 02:39:37,34af8a9074f50c15e2e8aa42a07bb09edf4e1c6644542c6f46525b214398e6d3,896194,192885.0,860.0,0.004459,1,3,253
2025-05-11 02:39:37,9e27e64b0b5b7ad81f66c02c35b6d1a3786ab8ea78353b2c8c53e5660f0ba3d2,896194,305303.0,860.0,0.002817,1,3,253
2025-05-11 02:39:37,e6b4aa537ac43e8900c043e7777336f0989af110f340bff08fe20ca4209d8cce,896194,3696.0,915.0,0.247565,1,2,356
2025-05-11 02:39:37,a90e26e8afedbdd54abf9e3443ae8ff175850bd854bdcc248553eaf5583f86ce,896194,1198495.0,770.0,0.000642,1,2,205
2025-05-11 02:39:37,adf07b7fdeb44cc6e79ab59e148448b5e4c58f40eea77141ac96dc3446b3e9cd,896194,107510.0,705.0,0.006558,1,2,222
2025-05-11 02:39:37,bd7e5da20ae77fb0c697767f731a38f9775f4b989b09635d797375a6017bdecd,896194,7331464.0,825.0,0.000113,1,2,246
2025-05-11 02:39:37,760c1e0362e7e8de93463ff1f75ce841541321d980bc9bca2f82aedbf0a66dcb,896194,546.0,765.0,1.401099,1,1,330
2025-05-11 02:39:37,f0d0104a8d8d54de805b172d02332d83e12948ba6386edfd59d7fcff74fdbfca,896194,314672959.0,705.0,2e-06,1,2,222
2025-05-11 02:39:37,a937d7ef42704f1dc6f4c53d9e604782ab56dd99bcfec6a2085136c237b6e0c8,896194,395380.0,1060.0,0.002681,2,2,312
2025-05-11 02:39:37,0d25ac8370096d006b2196de4478a257a4fcb60554977e92456caa408e7e36c8,896194,7385512.0,1045.0,0.000141,2,2,371
2025-05-11 02:39:37,d5ae7eece35960e6e0c2419c7230c530381b182b069bc319e9a8b50ab09e96c7,896194,186394.0,1015.0,0.005445,2,2,303
2025-05-11 02:39:37,232e9b954a4f9974104d69db679a2c313e48d8dd1289c848760ab06d9575c8c6,896194,250024.0,1050.0,0.0042,2,2,372
2025-05-11 02:39:37,832bf7555ec4269aa4323430b5901a9e416f3f12a649a43649f1f1b27d0a00c6,896194,352037.0,710.0,0.002017,1,2,223
2025-05-11 02:39:37,c8747a479849b53b22f7b39d187c4e9b7db1b5a6c764139904937891268fbec5,896194,51066.0,825.0,0.016156,1,2,246
2025-05-11 02:39:37,7cce50401be310cf96cef8ccce372033600b67b2d331c1ffca67b99ed2e60bc4,896194,546.0,770.0,1.410256,1,1,331
2025-05-11 02:39:37,e31ef64b7afd552ddb24db10ce7fcbd592f011dabb68ec6e6a45be2219897ac2,896194,496230.0,770.0,0.001552,1,2,205
2025-05-11 02:39:37,5414d531e3f07180bb557608ebb7b329aff8f4327864b8e47c04703356d267c0,896194,2633405.0,705.0,0.000268,1,2,223
2025-05-11 02:39:37,86d92b7272a0efdb56a5e963b16ec2d686f40c3d1bdb2dc40891bb745ee6ccbe,896194,479486.0,1060.0,0.002211,2,2,312
2025-05-11 02:39:37,ae47ea818e78ed7dda367fe75d7be699169fe6d440d82e9a56fa845781b3a6be,896194,14691.0,770.0,0.052413,1,2,205
2025-05-11 02:39:37,7b2950f8f0e6ddcd4099b15ae68da062c3088243239152964d9bb21a1fb137be,896194,114686.0,705.0,0.006147,1,2,222
2025-05-11 02:39:37,fb7422e17a93a63460f0f147081cad958cc99c22df7dd48635d84485e5805eb7,896194,135870.0,1130.0,0.008317,3,1,376
2025-05-13 04:23:38,7a6feb99c6b083f71e975597e657591884c7fc156074eb68ae8fdcfab9c28c68,896497,3582129.0,665.0,0.000186,1,1,215
2025-05-13 04:23:38,5d6f3b4c7a913e2fdee4f7685147920f4ed411db8e445315ef1462b680843a5c,896497,390255.0,546.0,0.001399,1,1,192
2025-05-13 04:23:38,e08988fb7c57ea8c86831a160687be88b3e3bee64949e80954fcf046addb13b7,896497,262200.0,700.0,0.00267,1,2,222
2025-05-13 04:23:38,7ec43ee1d0148a919e9510130b910c1c3960ad8b96e09204757c326f52f76621,896497,1099100.0,700.0,0.000637,1,2,222
2025-05-13 04:23:38,b31aea03a3e60cb4afe454e8e5d9daaa2510135ba6d3583304480e80e1d6b212,896497,724966.0,1023.0,0.001411,1,2,375
2025-05-13 04:23:38,d8019a8f31351acf4b5deffd1afe3fd08803fdd2c3faa282fa4a6ffbe4dbc2bf,896497,2408705.0,1028.0,0.000427,1,2,376
2025-05-13 04:23:38,b5e1d421730677136ac77e74f2a52a08c9a09c270a1fa6437a0b44dec6b224f3,896497,312500.0,1033.0,0.003306,2,2,370
2025-05-13 04:23:38,be393663b16b2f995a36a35090e1f1473566575cb9201bbf123368da9ae8b08f,896497,11009.0,2115.0,0.192116,2,4,424
2025-05-13 04:23:38,6fdebeb1aa8a8e294ed1d9091b2a3360571a4a6bbbedf96e6b2945bc49586873,896497,20166625612.0,23955.0,1e-06,32,11,10872
2025-05-13 04:23:38,fc714e9c2c3b37a4090f1f2d9e761bf4364bcb9c4e4600d71a0eee7b256918ff,896497,17113.0,720.0,0.042073,1,2,226
2025-05-13 04:23:38,63e5f22186dc1619af51c18632749a65e6f9ba3f5094573312483223dcf536fb,896497,318910.0,705.0,0.002211,1,2,222
2025-05-13 04:23:38,febaaca60b206ca64c6d897fc1482982dc38b8aa8c77717391d36f35dbfcb6e7,896497,240489.0,705.0,0.002932,1,2,223
2025-05-13 04:23:38,710240ee87e056671a64fff1234031c3cd34ea2ce95376c064d40d0a39fd5cdd,896497,33371399.0,1380.0,4.1e-05,3,2,518
2025-05-13 04:23:38,3521d0ffc710f6c00079e30fd40222176514d76d70c1cfc4dd1a492bf3c193d1,896497,3113234.0,705.0,0.000226,1,2,222
2025-05-13 04:23:38,8df2c2387714174cda7c2e68736a0ac8450caa19db6001b14b020e2fb3ef13c2,896497,52586.0,550.0,0.010459,1,1,191
2025-05-13 04:23:38,628521199d06d6a5292b5679bee2c82908c54a2acd859216d78881b858e2c6ba,896497,61290.0,710.0,0.011584,1,2,223
2025-05-13 04:23:38,3f54748eb26cdd5a1763794c37e26d365db51c712156555a980227a3d134fa99,896497,1891315.0,555.0,0.000293,1,1,193
2025-05-13 04:23:38,4f54ee99a6ccffe0d749b2b4474f898115172884d2715a7314a0388b1cea2d92,896497,185283.0,705.0,0.003805,1,2,222
2025-05-13 04:23:38,dee7f2e1061b1d77acd5c9c3f30f777ace45f157ea2f8d7e4355a0642e05966c,896497,48806716.0,1130.0,2.3e-05,1,2,226
2025-05-13 04:23:38,18febd62944130d0d2502a2e9a1bff1aaf2c52d6d13fc2a03ef28894db2c346a,896497,9654.0,890.0,0.09219,2,1,340
2025-05-13 04:23:38,f6eb1b5a585cfddda01ca830ca0a1a95dcad6365a2b665efbf78a004b281ef61,896497,1487031.0,1870.0,0.001258,2,2,374
2025-05-13 04:23:38,79a8aa7b9c6997c9e183258368c5ee2bbe47c176aa26cc24ddb8846cfba05a57,896497,30565826.0,705.0,2.3e-05,1,2,223
2025-05-13 04:23:38,e26c4581d1d13fdcb3d1021acb82a4fb74a1776646cc16e9db2cb768840e0a34,896497,410678.0,860.0,0.002094,1,3,253
2025-05-13 04:23:38,cfd94161ba383f60613b0fe94e4c72c68b9c60183db941c8f827e1fae9be0b26,896497,4310.0,565.0,0.13109,1,1,194
2025-05-13 04:23:38,d3cb69f5f5b1631a3e368f243335491463cec3d34f472f8c74d3b2dec2e8a80e,896497,324863.0,710.0,0.002186,1,2,223
2025-05-13 04:23:38,cb927dc05dfe7890458914ce1034dbce9828ecac127c9d6575d064b0b1cec202,896497,465000.0,2505.0,0.005387,2,2,300
2025-05-13 04:23:38,c8623b978893461d8ff587e690bb351976f7c0fcaebc14df31d8ae629e93e3ea,896497,18129000.0,240.0,1.3e-05,2,2,301
2025-05-13 04:23:38,3ecc51d26935fb0a1589edef6158e80ef6685369b469890a6508d25dedc484ec,896497,38669245.0,235.0,6e-06,1,3,277
2025-05-13 04:23:38,cadf268f7059897f4b23c87485fa7cf97b388c038bcaa433258c57d2f68480cb,896497,53023755.0,2590.0,4.9e-05,7,1,1081
2025-05-13 04:23:38,56dfa339039224f5518015c6306a13a686e898d5442bc298175ff38aaca8c189,896497,24968885.0,1115.0,4.5e-05,1,2,222
2025-05-13 04:23:38,95ca6b18917f526e86443d45e7b8042fc4cca918e411da1c5cfd27bc674ee9e0,896497,498977326945.0,3350.0,0.0,4,2,665
2025-05-13 04:23:38,fcadd8e43b800ffe000fa1f01e6d8eff029d22e602acdcb69e091710c8808abd,896497,14659128.0,5535.0,0.000378,15,2,2302
2025-05-13 04:23:38,2785c53ebe1860ec4770ca3b7f0fa69a8b2cacef7a6c5c7be18e462635482762,896497,459354.0,725.0,0.001578,1,2,224
2025-05-13 04:23:38,2f7912cd87f8176f24709d1982e1dea4688db9bce16728946696c8f22ffd4a31,896497,53297.0,725.0,0.013603,1,2,224
2025-05-13 04:23:38,bf523938446c346c8754963fcbebfe910d860a96f35182acc04c5024696506ed,896497,1699159.0,720.0,0.000424,1,2,223
2025-05-13 04:23:38,e4055575a4ead9264f87839f41ec8a7e5878be3ef78c3ad1e2bddd1037fabce4,896497,56099.0,720.0,0.012834,1,2,223
2025-05-13 04:23:38,63229b031c8b87d1e0741776eb9f3b6a531a5f7114f9a8ad7fa3fca0b76d1ac6,896497,117492.0,720.0,0.006128,1,2,223
2025-05-13 04:23:38,09599e61928810cec4d5b14be05754e6b0848e6c578aa47da290ff769028cb39,896497,444023.0,1410.0,0.003176,3,2,519
2025-05-13 04:23:38,2664c3152319d40c7a21a93c19a18aec857c1f18450eb5c57d0498dd411e48bb,896497,60688.0,625.0,0.010299,1,1,203
2025-05-13 04:23:38,8c41008f1e5496909c578074e37741414c5772360614cd033df3f91505e9dd8c,896497,4063010288.0,1128.0,0.0,1,3,302
2025-05-13 04:23:38,d73ec9cfa8e0f747237321ed4719c38b2ff171225097483cff8a22290db89041,896497,9318860831.0,1128.0,0.0,1,3,302
2025-05-13 04:23:38,0ff532f9ad1fbe90bd9064f08be18b3c56506f267c100aaca816b456ae697196,896497,122061.0,1050.0,0.008602,2,2,303
2025-05-13 04:23:38,6201d404f39fb51271961c929b8d707a41067a32be34de9a6f254c43079cd850,896497,898973.0,1027.0,0.001142,1,3,279
2025-05-13 04:23:38,33d04714e2c57a246118b4a9717daf04d96e6343106edf63554a642457c9b19c,896497,7935177.0,1145.0,0.000144,1,3,297
2025-05-13 04:23:38,db14cf6093bc910eed43c5f8b4aab6b37d356762ecd16449df15d15751153a23,896497,13446322.0,1145.0,8.5e-05,1,3,297
2025-05-13 04:23:38,daa46a25717017cab9cf25674f32723660d0d8677eac4a95551feaa3574f7acc,896497,15707467.0,1145.0,7.3e-05,1,3,297
2025-05-13 04:23:38,17bd46a06730b3e089a8a71469988e679911fe3e8b3f3704bee89edabe7aa101,896497,19158612.0,1145.0,6e-05,1,3,297
2025-05-13 04:23:38,b4eeed80f9355a93b964efa16e97bee7b3a1d2ee6e6bf2ae94c663f8abc6e462,896497,54159757.0,748.0,1.4e-05,1,2,222
2025-05-13 04:23:38,cede8634816b15d8ab1b888cf7a6bb514221a1d144934442a7f66e540e5f2b76,896497,56840505.0,1145.0,2e-05,1,3,297
2025-05-13 04:23:38,68091cc39de79f76664e135585bca1daf91275f8a8a7247649bfa34b862e5beb,896497,91841650.0,870.0,9e-06,1,2,245
2025-05-13 04:23:38,9bfb59f65f34485aca2dfaff67ee34e84bcce9dc758dc6275aa814bf16a03eb3,896497,96745168.0,880.0,9e-06,1,2,247
2025-05-13 04:23:38,802fa9a3fb5d8c089730809222c066bff5a18f03f3d353a0e8d54d44416100bd,896497,3420430.0,1900.0,0.000555,1,4,357
2025-05-13 04:23:38,23ac2eb237d557b480e4d5598af5ed772d505a98bc0a6254361511072ce5cf33,896497,101035663.0,1119.0,1.1e-05,2,2,372
2025-05-13 04:23:38,96d761d930e999731fed384e98c0e6dc19b698067efc9189e87f9457a1fdf8e2,896497,9446773.0,2782.0,0.000294,5,5,923
2025-05-13 04:23:38,d701e416150e55ee25a8ff28ae814a93fc75f8c77221f20fe1c72f1d45f49bd4,896497,244902.0,1116.0,0.004557,2,2,370
2025-05-13 04:23:38,91f0c58b2dc11f46ab09947bfd487fd2258ebad22d4c5b16bfd1be80f4668934,896497,2858096.0,1466.0,0.000513,2,3,434
2025-05-13 04:23:38,3e25565d453615ae47349054cea49f4afba6cb9da5da48b12b6702887f18349f,896497,290375.0,625.0,0.002152,1,1,195
2025-05-13 04:23:38,4a29f3a0fcc45cbddcaa5f92601dcb7676e1fc2e67b79f5f3d8b16b2dbd69edd,896497,1766749.0,1773.0,0.001004,4,1,638
2025-05-13 04:23:38,0d9b86167afb1f19d16531a28ef23a84e9bb1c3443bb6976ad929673fd486b70,896497,99526.0,625.0,0.00628,1,1,193
2025-05-13 04:23:38,1155df23e69eef80270a292550716ddba873022559f2f36651e86c31889df601,896497,26378.0,625.0,0.023694,1,1,193
2025-05-13 04:23:38,00dc3207e0d205b5380d579123d5ba4894353c2a360debef1ab66fa48376441d,896497,3909986878.0,1922.0,0.0,1,1,338
2025-05-13 04:23:38,674f66da5dd2f1b2ffb4e8f164f37ae9695ae5b2384e9ba80cdb453a75c499d1,896497,403772.0,1811.0,0.004485,4,1,638
2025-05-13 04:23:38,3cc3cb94de764b68da1cd003acc4d03062cbf35089dbf10f56ff6e1b68792e12,896497,3079983488.0,2145.0,1e-06,1,2,369
2025-05-13 04:23:38,7396dc3283d46f3ba80304614827f403b6eddd9babebced276dbe103528d6cf8,896497,89657253.0,5727.0,6.4e-05,1,26,1175
2025-05-13 04:23:38,e259503aa696f2ec4600acf4d9d9cc5c29172eaf6d43d01443e1db1c405fb963,896497,19498513.0,1487.0,7.6e-05,1,3,445
2025-05-13 04:23:38,333c0c45a071519cc9514fe23ef56caded1b7776a9e1d9c8b96b8c50a3bb9f03,896497,43743817.0,25075.0,0.000573,32,4,10370
2025-05-13 04:23:38,dd5aba057cd061855160f66294c10e6018f2417d3a73c092b20fe57c97a00066,896497,131918788.0,1121.0,8e-06,1,2,383
2025-05-13 04:23:38,c4ca950a246ca7bf6d4eaa57b65d4436140a8a6e651cd74cd7237fc4e275644e,896497,70288112.0,1104.0,1.6e-05,1,2,380
2025-05-13 04:23:38,54bf5d78fd9a62d6b410182f23d03deacfaa5d6ee9b99b165045917b7603d99b,896497,2421038.0,2933.0,0.001211,4,2,1263
2025-05-13 04:23:38,a8726fcf9637d1e8f4fc3ca0da43c2a599ba53a5d43aa4bd7f12a6207ca1ebd9,896497,85690897.0,1304.0,1.5e-05,1,4,292
2025-05-13 04:23:38,2094c6892b31878f4b64a18dbace16f6b13f1f15405d2f34fe19ea904b7c0278,896497,85887696.0,762.0,9e-06,1,2,223
2025-05-13 04:23:38,866c8c3cbf1cb186e7c8f325c92e67f0ad2bcf52b4be69abe92ca3c1fb876457,896497,1490981.0,1984.0,0.001331,2,3,717
2025-05-13 04:23:38,b390e1891b9c085d5c151c26ec81b9f065740390b274be8439c299dee4bb3b55,896497,122296271.0,3650.0,3e-05,4,2,1377
2025-05-13 04:23:38,edd4b5cd305caa4e78feb628d73531d3e79fe22f2cca4db468b2039cff450270,896497,521413.0,1750.0,0.003356,2,2,676
2025-05-13 04:23:38,e28e099ffb3f716659b8689cec881fe44599a26e1c99a5b029bf8b5f986b0bb1,896497,45811032.0,837.0,1.8e-05,1,2,222
2025-05-13 04:23:38,106fee2026ea16d470367ef708000d4a5ac6a5f6a6b8f0ea6c227267a2e8233e,896497,7435097.0,837.0,0.000113,1,2,222
2025-05-13 04:23:38,b3d69ced105e79f23647165dd6bcec2bfb785677a86cbb1e78130123bced142a,896497,37961983.0,837.0,2.2e-05,1,2,222
2025-05-13 04:23:38,48a5ba9f49d6a550a4c6001af818660c5d08187a4a3d82ee49156a5681d44637,896497,4998353.0,1647.0,0.00033,3,2,521
2025-05-13 04:23:38,1f1077e352cf0ba83de0733eae246c1f110ca2e88221a084ec11fff5ff377f27,896497,6487034.0,2862.0,0.000441,6,2,964
2025-05-13 04:23:38,ced166a736441f086714b0613e8230715d1a9612d632e70cfa03fcbd549013b6,896497,22766.0,674.0,0.029606,1,1,194
2025-05-13 04:23:38,648c6143c57ff8aa6d90ebfcec401b7420a2f1fe9705af1d24206a19f3bbfcd2,896497,141425.0,1638.0,0.011582,2,3,436
2025-05-13 04:23:38,22997f34891e81fe3964c372905540c0804576eb99c8c327ed28925c19455358,896497,71897860.0,1656.0,2.3e-05,3,2,521
2025-05-13 04:23:38,f48e8d55f9ac6bd2798ce5502758c8c01b367292c24c7e1c334fe60e490906ba,896497,57240.0,1870.0,0.032669,2,5,413
2025-05-13 04:23:38,ca843b9aaed30a16227c4012aecdd178c18478fde76cf3ca841b3f13f9aaddf3,896497,917544.0,864.0,0.000942,1,2,225
2025-05-13 04:23:38,65273a2829749ea6c6118a1d167fdce8c3fe44ba5ddd66690a61559d097e208d,896497,2765389.0,1776.0,0.000642,1,7,377
2025-05-13 04:23:38,f3be78dc544c9d63cb7763ee73abbd7ffd59de0f01cb0941a3716aa93ea3397e,896497,4378624.0,846.0,0.000193,1,2,222
2025-05-13 04:23:38,938e70142b35bc61e0da6426d49ceac6ba22d723e87bfc2e4efeb1ea37b7d64f,896497,97692.0,846.0,0.00866,1,2,222
2025-05-13 04:23:38,89d64ea3874e263390cce13ea6b221cb9e94ea801d748ac11866b965252b0b10,896497,2627276.0,846.0,0.000322,1,2,223
2025-05-13 04:23:38,25fe715b509ee3ec057b1a5f033085e9922a07feea1aeb1d158ba9ec01333608,896497,11804181.0,1404.0,0.000119,1,5,315
2025-05-13 04:23:38,09e0f5e91171a598222af6bd1eb55f61a6a635ea08e5e4c259ed288dc422a700,896497,727815.0,846.0,0.001162,1,2,222
2025-05-13 04:23:38,4642af6b7a427da1912c394c0a9a993717193dccd221a38796a1595ed520da09,896497,168690.0,1078.0,0.00639,2,1,340
2025-05-13 04:23:38,e46815dc0b2586116cc2d2164407cace9eaf939d3cb1b04981dac3353c0e79be,896497,5633536.0,873.0,0.000155,1,2,225
2025-05-13 04:23:38,7193611075fa7180bb30fd87f9effc14d256dc92afb35dffcdc997a62b2c5212,896497,94851.0,870.0,0.009172,1,2,224
2025-05-13 04:23:38,0f0d8829a91928662253c655ef85d00c72aa338ed0ede16823dd8dafa67eb4bf,896497,16776085.0,1130.0,6.7e-05,1,2,346
2025-05-13 04:23:38,bd538405fdf50965f02083da7a9e48be805b66840a50c3d21cd3e93616451812,896497,16776085.0,1130.0,6.7e-05,1,2,346
2025-05-13 04:23:38,ea9d2184daeb3853720af28da9501c6c71baae085b12f86c153a2d9d66156596,896497,7497078.0,2280.0,0.000304,1,4,357
2025-05-13 04:23:38,8406537b990fcc130f28c9cca7da0628a1f80e7d32a8cf59a9ed122e113ddfd8,896497,15368533.0,2055.0,0.000134,1,6,508
2025-05-13 04:23:38,8d77cc4a684bb6b833edecd633b976872ac0eaeb3a56febf6ac174a1634b9197,896497,3221696.0,4810.0,0.001493,5,4,1691
2025-05-13 04:23:38,f522ae666c350c82a028a0043a8988ac96225e2c15871497464d549ceefd801e,896497,4145682.0,12657.0,0.003053,28,1,4201
2025-05-13 04:23:38,4912c3d8933cd359342f0bdaf7887f040c94eac443317993aab3ff5e1b20b695,896497,342073875.0,964.0,3e-06,1,2,225
2025-05-14 19:23:31,1426bfc7d5047c824b23339bda96f695fe76774316653812228657c961d3afdc,896711,4223.0,996.0,0.235851,1,2,248
2025-05-14 19:23:31,e637d7989140ad792a12c90c85a4f2ecb293a4d372f498894fc08682b46e484e,896711,23286.0,996.0,0.042772,3,1,490
2025-05-14 19:23:31,a7943a37ddeb9a8586b961a56fb6868128f72729d35e34ca135c44e2eb0ec7f9,896711,1675945.0,988.0,0.00059,3,1,489
2025-05-14 19:23:31,d022ca0d31ea91fb1b18c8f70f114a48523169dfb93790c741dd885b87b180ea,896711,175000.0,988.0,0.005646,3,1,489
2025-05-14 19:23:31,0754a40ce976e7569a1acbfdda4f094986427fac150d11327fa03855f29de254,896711,828838.0,988.0,0.001192,3,1,489
2025-05-14 19:23:31,5d2f739119c7dfff8a45fe6c801612006eb295e632b0e89af426d3c518c9add3,896711,9333596.0,984.0,0.000105,3,1,488
2025-05-14 19:23:31,93969910c964c0b887002d33187899e3944b0493324640e6f8070b8d4df04f71,896711,601721.0,984.0,0.001635,3,1,487
2025-05-14 19:23:31,d587952eaba7f587d1b230ec3707e810be09c137d9690aedd41282567c85e23e,896711,2472782.0,2748.0,0.001111,9,2,1411
2025-05-14 19:23:31,ddb5cdc88bda5e5b514e0a3ac79a6bf26e0cfe2fd4be08a2513f125371c9b8e3,896711,367249.0,904.0,0.002462,1,2,225
2025-05-14 19:23:31,fc46b8d9ecfebcb55ab56215cd79b63bda40cc7fea42ad7ea22b48137bf0db5c,896711,32064289.0,904.0,2.8e-05,1,2,225
2025-05-14 19:23:31,220918dbe608bd7e8784ff40a1f305d25933e681898170c66757c9d3779c2c3c,896711,63751.0,904.0,0.01418,1,2,225
2025-05-14 19:23:31,3ab3093db5abd6e37a755644b2ce382275df03ac19a387400a16d9b0b777f8b0,896711,77199692.0,896.0,1.2e-05,1,3,414
2025-05-14 19:23:31,26e5235479cfc03d2fac2a5a0c289ec1f939a49cb6d417228f43ec6d3b171e5e,896711,49281.0,896.0,0.018181,1,2,223
2025-05-14 19:23:31,32925a3737fc68206b4303de844214f24abf2bbb8702d3a6ac6d19698dc6ff51,896711,4571077.0,896.0,0.000196,1,2,223
2025-05-14 19:23:31,21e304674b56a0e6640eee97f63ab04c7cb103db62a4e7baee6c99bc6d844035,896711,708579.0,896.0,0.001265,1,2,223
2025-05-14 19:23:31,c03bf3770cc4baeede555ccf4f9a5172b4f15ddd4a95ea9139dd4ab6ebf238c1,896711,294713.0,892.0,0.003027,1,2,222
2025-05-14 19:23:31,c01be2bc713ef90d3e577866735a2a8e2ee6346745d9fd087271db01c777bdb8,896711,35526.0,892.0,0.025108,1,2,222
2025-05-14 19:23:31,200c45b172c12a1c359d56f20016353c47582e3b7ec65d1a8706e4debe812c97,896711,17914.0,892.0,0.049793,1,2,222
2025-05-14 19:23:31,62dd325bfa54d00184cbd41bf933273a94b65c3ef894ce578a810d4f1efc4c6e,896711,56973398.0,892.0,1.6e-05,1,2,222
2025-05-14 19:23:31,30dc667e5f39d742cbcb1f3eb4bef25d12b170ba61ca80eae979a9c938114059,896711,24858025.0,892.0,3.6e-05,1,2,222
2025-05-14 19:23:31,c791250d0f281704b697f77fe455e38c00cf6f9293acc2e2a64ac1033ca89a1a,896711,207108.0,892.0,0.004307,1,2,222
2025-05-14 19:23:31,922bcb5e5c69d30e69b57b2075d858873f938550d15fee26bf27d82ebf688391,896711,299346.0,884.0,0.002953,1,2,220
2025-05-14 19:23:31,faa574de2b1db85572708ac92ad7a192570cdeed8579c5ae4d96acfcb56bb001,896711,69877.0,884.0,0.012651,1,2,220
2025-05-14 19:23:31,602755579da69ea604f29900914031f3bf967e09d1c13df76171d42d734d1c07,896711,5857288.0,852.0,0.000145,2,2,374
2025-05-14 19:23:31,772722f5fa79aa001d549aa29f5ed5fb7c2264882f095a8881e8baf3d22fe753,896711,495304.0,848.0,0.001712,2,2,373
2025-05-14 19:23:31,ae389e5f3cdcf4a94e5b4494543d044f3a9e1a602d7b1b18f7dc7b885d0e2216,896711,196445.0,840.0,0.004276,2,2,371
2025-05-14 19:23:31,6ff53633ac30fc76654f839e170a0111200771d72575e6c482c113061ad54cd0,896711,69288.0,836.0,0.012066,2,2,370
2025-05-14 19:23:31,12a545969e5ce2b164592aaee7075a6820344181fc73b10c24ca8fe5bdc03071,896711,219359.0,836.0,0.003811,2,2,370
2025-05-14 19:23:31,5a7d569d05e043f1c9a635d9ae7e723fdccad57ddd11f556cf636f21de9f2f57,896711,1152372.0,836.0,0.000725,2,2,370
2025-05-14 19:23:31,31bf5260805e527d69a5f52ddd28919d19567c40334c8df30700e6257077c24e,896711,10155045.0,836.0,8.2e-05,2,2,370
2025-05-14 19:23:31,fb5ea7ec113c13eca3b4003c7509123070cc58f61fe4a073622609246c887e27,896711,374214.0,836.0,0.002234,2,2,370
2025-05-14 19:23:31,8478b23425f57d77311dd6d27a1e2a2ffde5c903dacd788726016ae991a0931a,896711,1300991.0,836.0,0.000643,2,2,370
2025-05-14 19:23:31,114d1027d444b4302f7631b15c842c0f6879b4c55dfd21a2ee1c7f8a3d96f8a3,896711,78217785.0,2360.0,3e-05,3,12,830
2025-05-14 19:23:31,946517772cf3be488602995c14aad75e2b25659103912a4d5d8c0812fef806e8,896711,206949.0,768.0,0.003711,1,1,191
2025-05-14 19:23:31,44f9af63bb8b3cc0a93d12081b156910ac56b7a7303ef9fac749d26d346ab0c7,896711,699232.0,768.0,0.001098,1,1,191
2025-05-14 19:23:31,7068b5f7060dc41d37c55aa17d7fa6987812ceb9eb15987e90ea9c4c545b919d,896711,195743.0,768.0,0.003924,1,1,191
2025-05-14 19:23:31,26e35deb3310f9ab94e49c2ad3c8387c755a6bd0f52cad9e006f8b15a86c7244,896711,1236570.0,760.0,0.000615,1,2,381
2025-05-14 19:23:31,384ab072b3082e8ffc37917a753b3576c2aeb3156478e4e9ecebdbe3fbd4b3c3,896711,288150.0,567.0,0.001968,1,2,222
2025-05-14 19:23:31,472cb1b525e8127611834545a2c91ab9b3c4a36176074a17fb3a0129438e365b,896711,290529.0,1496.0,0.005149,2,2,372
2025-05-14 19:23:31,142f3004b66796581f77f340bce9cd37e1ade40d4dc67c76e38b195e6f810f74,896711,207233.0,724.0,0.003494,2,1,342
2025-05-14 19:23:31,ca89952420f233905a15e704b6efb8806f2763efcba0f9eca51e1706a3096cf5,896711,2324036.0,716.0,0.000308,2,1,340
2025-05-14 19:23:31,a483af85dadba78e7d9c6422620d47958054516e1bfb81b2542c2e64e0707ada,896711,56284.0,716.0,0.012721,2,1,340
2025-05-14 19:23:31,567da2ec031b83f8148ffd24899730f59c1fb7a1f1c08f59487a3dbc22a355ed,896711,81105.0,712.0,0.008779,2,1,339
2025-05-14 19:23:31,2ea568355932cddd764393717bef7ea082d483d944dbe88676426ffc3ccb16aa,896711,697474.0,712.0,0.001021,2,1,339
2025-05-14 19:23:31,9d95bc44e9a60b7f978cb58702cc948dbb791bf63d6bef6dc5960f090171d684,896711,279636.0,712.0,0.002546,2,1,339
2025-05-14 19:23:31,03541a3acfc3a5e04b7da8c2ffb598a18ed935d51edf1885a4708b576b7ae84a,896711,906220.0,712.0,0.000786,2,1,339
2025-05-14 19:23:31,101af9049d0ea1e170d8e0c3890de2de00e2810ee0444f691b5694c2f4119c25,896711,5559.0,1042.0,0.187444,2,1,342
2025-05-14 19:23:31,b59f15bd1dff9a93045ef86f4a77e3a0e29227c11bdec1286dfc96dbeec38d05,896711,40478668.0,1388.0,3.4e-05,3,2,587
2025-05-14 19:23:31,f54947c834669d1e2b933e4eb406c9633fec53769e18b4409237790e5e6265f6,896711,45732.0,1944.0,0.042509,6,2,968
2025-05-14 19:23:31,cbcbe502577b5069698bd56cd11bae61486f08bfe8a9294b7d76a194de951dea,896711,435778.0,620.0,0.001423,1,2,205
2025-05-14 19:23:31,a5dd26e4060219bccca4539344afd0ba0c5bcaa2963d19201246a7cf783052d7,896711,306534.0,620.0,0.002023,1,2,205
2025-05-14 19:23:31,528d663b349ad3370fe258110e4ea8bb9d4bdc255f6c6ebc88452c03b5d3db8e,896711,3220294.0,620.0,0.000193,1,2,205
2025-05-14 19:23:31,513c77ab68e220cf170d591aafba848309c4db98a9b0784da6a24c8c1361d9b6,896711,990134.0,1172.0,0.001184,2,2,374
2025-05-14 19:23:31,d542274650e23068d65cda644f8be4637317f74cf44f0c4afb5162f0981a4667,896711,7143448.0,584.0,8.2e-05,1,2,196
2025-05-14 19:23:31,e9c217ae58ae786e235f2d5959ce6070c691684694a7cfc379b94a542845fa80,896711,3310144.0,576.0,0.000174,1,2,194
2025-05-14 19:23:31,11a56bb534b2f249c2fd68c721c64d29226764966ffeb5ac17d12af9dfb7daf6,896711,3385094.0,572.0,0.000169,1,2,193
2025-05-14 19:23:31,c166abff8eb8e2bcd84df4a302220d218348b61df5ce16827ee2ce5a84a3f7f1,896711,3412909.0,572.0,0.000168,1,2,193
2025-05-14 19:23:31,78fb118110ac34b93576ecde263823f6210b6842307971230a202539b5cc37be,896711,7304488.0,572.0,7.8e-05,1,2,193
2025-05-14 19:23:31,39db671f4224b7095788e592503aa65916e9045e2bce3bb6753d7d64eb0baabc,896711,3239942.0,572.0,0.000177,1,2,193
2025-05-14 19:23:31,570cfd653164f767284a666fae1776268d3547394888f7a971b2aeef11f5a8b9,896711,3671394.0,572.0,0.000156,1,2,193
2025-05-14 19:23:31,8fd390bb6d14ebecae256b538346c58c1707866687726577fc7d33ef3db93fb2,896711,6393967.0,572.0,8.9e-05,1,2,193
2025-05-14 19:23:31,e1e985e640127997200a8a4eabebc1f4460e8af7f405dcb8cf17d3ab5c400a73,896711,950769.0,572.0,0.000602,1,2,193
2025-05-14 19:23:31,c0bfbb050aabd604af0e01e7a528063d05ce366feb3c5fa36fca1bd5f44f645a,896711,3308246.0,572.0,0.000173,1,2,193
2025-05-14 19:23:31,fc253d044db73651bd51035842bc403dc48ee79523ebe22e2ccff9f4d802f431,896711,7016201.0,572.0,8.2e-05,1,2,193
2025-05-14 19:23:31,2edb8a4ef6e7acd64b9eaada87f716978890cab5357500732b2b4ef2d0b19704,896711,186563.0,846.0,0.004535,2,2,372
2025-05-14 19:23:31,8bcc1fb0ee3275e98cb125dbdda89e775367ad2009395b6f1ee76fc0adde233d,896711,21950.0,1050.0,0.047836,1,1,191
2025-05-14 19:23:31,0b0de2e20daf3f312a41ee66b129274c2ea76a3f21e294b6a47ce65b621177d3,896711,73832551.0,5011.0,6.8e-05,1,41,1474
2025-05-14 19:23:31,8c102bc1d141541227d040f5834d9cde5e03e512943c3f0da823351ff202d783,896711,11984418.0,582.0,4.9e-05,1,2,226
2025-05-14 19:23:31,ad0952caec05041470804e9cb1f7dd9b67e28fc2e0f278817c84a47f5c01b166,896711,2252418.0,582.0,0.000258,1,2,225
2025-05-14 19:23:31,f78caf3e74af0bcf602c9552839c2281dcc67e88399c5f20b9b8fe1ba9818833,896711,9297831.0,582.0,6.3e-05,1,2,226
2025-05-14 19:23:31,aa115886d9a9134215ed5fab29dafea5adc209a16b3883ee69059b44ad59e535,896711,1450013.0,772.0,0.000532,1,1,191
2025-05-14 19:23:31,b05aa0d5ef78e894d2f98268077ae004ae1932388828b00e75fc33fb1540b952,896711,679629.0,1128.0,0.00166,3,2,522
2025-05-14 19:23:31,b3181f91a90e876a642817a9bc4126770afe09720bd65e0de39d2a265f3e128d,896711,149918.0,1116.0,0.007444,3,2,519
2025-05-14 19:23:31,4c1fffd6c0cbb199c82579ef8b661a6a00ba2b3e464c66fcecb12bd1ea4d9259,896711,2244056.0,996.0,0.000444,3,1,490
2025-05-14 19:23:31,3093fd3479c1c20caed700e79abb1829af655a9a410d89eb73f99f95cf5a4847,896711,5038108.0,992.0,0.000197,3,1,488
2025-05-14 19:23:31,a00e8cb71d367332aecd22ca975e023f4b117b79998aa74ead29e9d2bd6a2ddd,896711,970360.0,575.0,0.000593,1,2,223
2025-05-14 19:23:31,074fee4074f7f202e1e098914ede5ee29bfe6afb345237a197cc0033b4ab9bb3,896711,58821.0,725.0,0.012326,2,1,341
2025-05-14 19:23:31,c92674ad48b6dbce13a853465fe0636387dab08fcb35d3d846441c8b759f07a0,896711,25000000.0,1658.0,6.6e-05,4,1,733
2025-05-14 19:23:31,d4695562a453d50f8f93f525cd673c0c5fe2090f8ec4638f2dc6fbe14961a6e6,896711,11795273.0,904.0,7.7e-05,1,2,223
2025-05-14 19:23:31,706b24d7f87fcd20c53c500fe4e92b8211d9457a865e7045ad46a4dfbbe68f9f,896711,5454422.0,904.0,0.000166,1,2,223
2025-05-14 19:23:31,da0dfa771dfb324ba84f0add930f11a56aac3cdedbf6681795b1785f55bca07d,896711,5632485.0,904.0,0.00016,1,2,223
2025-05-14 19:23:31,80e7d72a5c2139b1a74e9652bcfce024f8a2b594b66fd67e45247d9c01cefb72,896711,71901.0,1496.0,0.020806,2,2,369
2025-05-14 19:23:31,12e72193f1d1c31ba7b3ec6ec81b6edfc07a80693f670bc4eff32b112043077b,896711,1029845.0,896.0,0.00087,1,2,221
2025-05-14 19:23:31,9c63a09cad08ad4fc7307b10330dbfaeef76af36a52c52cbd33e1520080d1470,896711,1936164.0,4164.0,0.002151,14,2,2157
2025-05-14 19:23:31,939a18ad8508a3118e70f83dbab04f53e1109e8be8282d32ae10bacbb55a556b,896711,372602.0,1011.0,0.002713,1,4,330
2025-05-14 19:23:31,c5ddeadfd530dc759c10f8934a3b20484fe91fae9e48f87d9178e034000fb35b,896711,15265.0,735.0,0.048149,1,2,346
2025-05-14 19:23:31,a6c1c223917c2c398034e811a4ba102930835767534094928240dbce6769ce8c,896711,21170958.0,677.0,3.2e-05,1,2,221
2025-05-14 19:23:31,f8a579cb7d94aaadfabf79a39ff7f1404786aab479c96fc1518b1f5a21885340,896711,21195763.0,734.0,3.5e-05,1,2,234
2025-05-14 19:23:31,de8d1591b1ae40b575f828d1b8c69070b9b231117a0d0753f4d45c5798f04f80,896711,21353031.0,677.0,3.2e-05,1,2,222
2025-05-14 19:23:31,e122efe76d1f22fa75c09b21290826a377da63b4122ce089eaecd72353b12965,896711,21384013.0,551.0,2.6e-05,1,2,235
2025-05-14 19:23:31,c7492d2e0fef045effe2b209f23ef1917e02340f0bce8548f63e72412ef2b769,896711,21394280.0,367.0,1.7e-05,1,2,235
2025-05-14 19:23:31,60b973d5ba2ba508414cd093a69623a613cf0e34741dfab4b66eea23630e46c7,896711,467844.0,768.0,0.001642,1,1,189
2025-05-14 19:23:31,997f1cfc769a7435a69aabf2f76df2ee9053e3b3bb38ea652c12dc11880ca52d,896711,9539.0,460.0,0.048223,1,1,194
2025-05-14 19:23:31,f8b7737466b0206f7b773f6acfa873132697d33eb98d513e234a96fa94b7ef97,896711,30853.0,904.0,0.0293,1,2,222
2025-05-14 19:23:31,2961ee9d3427401a7378afcc2d0f936f52a5faee894a8ffb4ebafb4e31998f27,896711,3409157.0,904.0,0.000265,1,2,222
2025-05-14 19:23:31,9b5d16eceb2f989d6d657b2b1db793ded08a456c8d7854ece2baf86eb9729678,896711,14571.0,448.0,0.030746,1,1,191
2025-05-14 19:23:31,5dcc9e9b42edd2e2381c92892f51ef18ee170db8f9198ef926ebf3aa32558726,896711,12555.0,852.0,0.067861,2,2,372
2025-05-14 19:23:31,0be6d50ad02315c0232ac60d76724259fac526ea200d2ee09a4d1d62c33bfdb2,896711,165987.0,771.0,0.004645,1,2,381
2025-05-14 19:23:31,f452b6fcab46cfc4a43090d35a26f8733b6dcbe21b54a908d53521eb7c427b26,896711,91760.0,461.0,0.005024,1,1,195
2025-05-14 19:23:31,c846e85c42644740dd792e83de63030d9513bf80b5dc77da7b79eaded5d07338,896711,8508219391.0,580.0,0.0,1,2,193
2025-05-11 15:49:37,7b465377ec06dea5f945a0fa00c85f0339ccd0814f83dd8eff5a18a50d7c7c31,896276,546.0,154.0,0.282051,1,1,331
2025-05-11 15:49:37,65e44705c529ec50464d32a1e67db8bfecddc9dff4e99a26981d763e00df607f,896276,715663.0,154.0,0.000215,1,2,205
2025-05-11 15:49:37,96e41c169ed72c0a40fd1612001bdac860afb78adb9c2b5c952d0808be70fb30,896276,94785.0,805.0,0.008493,1,4,450
2025-05-11 15:49:37,e14319bf5b90c6a7ab195504d869d25055258be4ee17d56008295bedbd7aa830,896276,546.0,152.0,0.278388,1,1,323
2025-05-11 15:49:37,dd3ddee2d19cca61e6fd267e6c4fe936eb851d1b148ce179ded01f624a0c9830,896276,546.0,152.0,0.278388,1,1,325
2025-05-11 15:49:37,ef554c33412be90b5da48704d72c1a5303061c651cc350a14f1b54b0a804c097,896276,34785.0,154.0,0.004427,1,2,205
2025-05-11 15:49:37,878b52eef68d91796810b5edb77057beedb228d8717a9625dcda9d4556ea6d30,896276,99999890.0,110.0,1e-06,1,1,192
2025-05-11 15:49:37,e9fab3f29c22356619b75ea3d68b302842cea6346adaa628cf2d76f3737f5f2f,896276,546.0,153.0,0.28022,1,1,330
2025-05-11 15:49:37,5dfec8d3810266affa586cc6d39337e7c5473d74a7a96ad1c6f668019e783257,896276,34160.0,154.0,0.004508,1,2,205
2025-05-11 15:49:37,701088634385ef69ca1c60649e490785c72f3ec03a644c19227b2286f724722e,896276,546.0,154.0,0.282051,1,1,332
2025-05-11 15:49:37,4923d23c185fe3782902e5440b22487a8a36cd657dc9fc155fed195445f1d42d,896276,291742.0,805.0,0.002759,1,4,450
2025-05-11 15:49:37,71dbd560b00f5e3908f3d922d336933a14cd4fdf386c8e37417decdf3738d32d,896276,31646.0,154.0,0.004866,1,2,205
2025-05-11 15:49:37,8fb948fb9fbe05dc321b0a8ffbddce54fd6a0fd69e5db9c6cc2cec010ec7a32c,896276,546.0,152.0,0.278388,1,1,324
2025-05-11 15:49:37,ff693e85ee0dca5ae766d9bc5fbe501a78e506bd15ff3196f94568d5244f76c1,896276,223994.0,154.0,0.000688,1,2,205
2025-05-11 15:49:37,404192b4c62970de328741d2000744d07a0fa0d9161c42c435aec4f11a634a2c,896276,501286.0,110.0,0.000219,1,1,191
2025-05-11 15:49:37,dcb1730fc45685d16eaa0490e7b6c7585d6478b7a9a89ed427087b879d30e02b,896276,91700.0,142.0,0.001549,1,2,224
2025-05-11 15:49:37,1dd0c5c0be4d487e299a04c5e875aec88837d95708b157655eeb82d62698d02b,896276,124355.0,194.0,0.00156,1,3,245
2025-05-11 15:49:37,d183c5b1d4393d8f1b7c2eb929ac9949b3615b39c3177f518e526910857af2ad,896276,124549.0,151.0,0.001212,1,2,202
2025-05-11 15:49:37,89f6f5df0d11eb39ccf14c365d10387adc9eada4441aac54647ac5b069edc4a9,896276,124700.0,151.0,0.001211,1,2,202
2025-05-11 15:49:37,bfcc1734ea4f1b525bb0117e3a1ce9cfaec0fe26d5ae00f5193176d078563f2a,896276,21026.0,190.0,0.009036,2,1,353
2025-05-11 15:49:37,58cb7da27201c005c4f09ea5bbd89b84989d23cd43b26705a080a8a2a5b6cc29,896276,5002825.0,475.0,9.5e-05,3,7,625
2025-05-11 15:49:37,0bc4e7ca9f83d3c8f745181c5be96934df91b207448ca9a987ef5e34ba16b529,896276,6040.0,141.0,0.023344,1,2,223
2025-05-11 15:49:37,27bdbda4792f84732a8a3db4a0dac49f96923ca04d8261043e299520540ed628,896276,135777.0,169.0,0.001245,2,1,269
2025-05-11 15:49:37,5e8926f167a3cac21cad07c845958b8ba232ec44b48df72384c572cb72108427,896276,241433.0,168.0,0.000696,1,2,249
2025-05-11 15:49:37,a920fcde6d3f8713e8b6d52b656bac2bdbe021f217d142426cb88b387dab3727,896276,546.0,141.0,0.258242,1,1,318
2025-05-11 15:49:37,7ff3b96fb70dcb7cd2cdcdb938e2e9e48241fbe7c9a546c78fd478ec0442ae89,896276,305872.0,153.0,0.0005,1,2,235
2025-05-11 15:49:37,4a872722bff72b15d29d01ae3dc298f294725baefb9751f51e6a1bd670d30d26,896276,592658.0,154.0,0.00026,1,2,205
2025-05-11 15:49:37,0510367a313cab1f285e8a22850771322d0d3e45a73b82fc5ba34a4a52c91d25,896276,136694.0,142.0,0.001039,1,2,224
2025-05-11 15:49:37,68380df2769405e23e2b2b4ab7c23bd6784e010bb2880f1e9bab88eba217c924,896276,740.0,151.0,0.204054,1,1,321
2025-05-11 15:49:37,902993c156558886e9e71bd0c0a8badcf78c2fd33c75927298eba08f995bb324,896276,24850.0,236.0,0.009497,1,2,533
2025-05-11 15:49:37,a9daa80b11878620584ee56c52067fd44ab2acea1fd1138bb5e1eb49c85f3a24,896276,987698.0,142.0,0.000144,1,2,223
2025-05-11 15:49:37,9c964fc020ff4f245a819a5e6a0efc25e6d9d1cdc7ea2322d25974b06ed83523,896276,987522.0,153.0,0.000155,1,2,234
2025-05-11 15:49:37,e7e830ba1ace96385577b5e8142eee156fdd1e6558a4ef97205a375e6c45a422,896276,124851.0,151.0,0.001209,1,2,202
2025-05-11 15:49:37,cfef5f31ba12e4fdb004501ecbdfa5f52b2a26654f6bcf81ea9a1e3d093eeadb,896276,125002.0,151.0,0.001208,1,2,202
2025-05-11 15:49:37,8d4908c4dc8072e2e09156dc0bf74feca18b34cc6cddaf4c98719d4a9206d579,896276,125153.0,151.0,0.001207,1,2,202
2025-05-11 15:49:37,2e2f577ddb374a1e18f607e61e70030427fce2b6cf326741b4e8873325defb42,896276,125304.0,151.0,0.001205,1,2,202
2025-05-11 15:49:37,75deb5e97d2a2b7fdb813f7753a926b61416afe4f93dadd6c3e09f2ae3ba695c,896276,125455.0,151.0,0.001204,1,2,202
2025-05-11 15:49:37,33abb3511777181327ce4df3a254173c2e0ab105cc9583597bd0ca98e52cbd21,896276,546.0,154.0,0.282051,1,1,331
2025-05-11 15:49:37,bf338251026bad2f0d240862fce22d8e0f77c3220f70f78c38340e8c9b66cc89,896276,187512.0,154.0,0.000821,1,2,205
2025-05-11 15:49:37,0c9628e5295db68179096acf255caf9f18f5ac93c665a2bd4f64793fe84b1021,896276,546.0,152.0,0.278388,1,1,323
2025-05-11 15:49:37,1e33bc5d0260527eff16b2bbdf6fa73abef4beefd8c43c017f72f35cbd2ded20,896276,644723.0,212.0,0.000329,2,2,312
2025-05-11 15:49:37,ddfc23a6190997a7a4b3ffee0548861ac3150db79d1c2ca1ddf20206dd424620,896276,702641.0,142.0,0.000202,1,2,193
2025-05-11 15:49:37,bdf47c2e238cfeb4d5cb774abcac5cce03394344b5ad4aec4d108ca9bd45ca1f,896276,300.0,110.0,0.366667,1,1,191
2025-05-11 15:49:37,6e8d11dff0156d01597472cb1ee1fcce9d8007fdbcab3514fc258b575c958e1f,896276,330.0,151.0,0.457576,1,1,322
2025-05-11 15:49:37,51552ff019cef14fcd826a6f04fcb9079b0869e6377706ba7e353f456432671f,896276,546.0,151.0,0.276557,1,1,322
2025-05-11 15:49:37,d44e74887c3fc69687320ec361f1c65f458f42112b5b0e11b00d0f7967ea661f,896276,140051.0,805.0,0.005748,1,4,451
2025-05-11 15:49:37,942a1383fa38ea894ecf340328ec97482f4d3431ca6c2e68dadf69d4e36ec91d,896276,93499.0,154.0,0.001647,1,2,205
2025-05-11 15:49:37,4117fa513f0cc7f37a90d5669d665f1cca1fe84b1452243b5616c19eb8c4461d,896276,3446.0,154.0,0.044689,1,2,205
2025-05-11 15:49:37,dc2b74124f48f3cf760c79f8df58648ccb31fda976e48aa72dff7ec2d79af41c,896276,6379877.0,974.0,0.000153,16,1,1767
2025-05-11 15:49:37,e0cc45c08dca7ddd672b63904768df73dbf846026fa08fe2c72929362767cb1b,896276,64573.0,212.0,0.003283,2,2,312
2025-05-11 15:49:37,6f0372d47d3395dcec6f535f4729585146eb5943de900483daec8a4195ada01b,896276,19898.0,102.0,0.005126,1,1,153
2025-05-11 15:49:37,45c311676f8391ea64457b63e2342039ceb87d4a2c53dfd0be91242ebfd1a31a,896276,103634.0,110.0,0.001061,1,1,192
2025-05-11 15:49:37,d0ef9625e5d30669eddbb2d43ab0a2f83bf3f196f1ca84e58514681bde3a901a,896276,1215051.0,165.0,0.000136,1,2,247
2025-05-11 15:49:37,bb931953c7270977ddb59ab2fe17e13b90bd2ba4eccd0c10d2e92fd99986e219,896276,330.0,151.0,0.457576,1,1,321
2025-05-11 15:49:37,12ddae36736657f485e4445183d73790cb10c83cb64bb6583a9a3987c13a9319,896276,121524.0,154.0,0.001267,1,2,205
2025-05-11 15:49:37,6b63e85688773bb1d127b00d4dfa26bdbbf2fca9447abef6317a8007ca828b19,896276,87507755.0,141.0,2e-06,1,2,222
2025-05-11 15:49:37,e28550e8575fd28f4e69754d1d2c755af880492ecacb1568b8ebe77574081c19,896276,546.0,141.0,0.258242,1,1,318
2025-05-11 15:49:37,f14b700669fd358bcc53624c485a6e02e40a5134262ffe30455be9a28d87d7a4,896276,305575.0,153.0,0.000501,1,2,234
2025-05-11 15:49:37,235b1c050bd5465668909ed2b47737365995f335054e80e634cdc35af2f00819,896276,546.0,152.0,0.278388,1,1,324
2025-05-11 15:49:37,d0c54c1bd1bcc317212e1b6d13700c5998f7e884d81a37fde238d5a94155d418,896276,88855.0,145.0,0.001632,1,2,196
2025-05-11 15:49:37,dd64d8a71e93d60632ba263528fea0fb7c6c60677fc8518c0f6abc68f0ee9518,896276,19225.0,619.0,0.032198,2,12,719
2025-05-11 15:49:37,de8d35cf0260d4bff8bcd49bbbc51d89850e8432b7a4e645024483f00a67e417,896276,546.0,152.0,0.278388,1,1,324
2025-05-11 15:49:37,62da727f3d489c8c9c80cb2811a4e2a5c37eeb07f3ba4041ef8e93d1693f4dd5,896276,7937.0,154.0,0.019403,1,2,205
2025-05-11 15:49:37,36dea96bfcbab44edb78b5fcc4077138c810615622c1ab4e4be2f5cca09b8317,896276,98329065.0,141.0,1e-06,1,2,223
2025-05-11 15:49:37,5cea5c16beb63cd37a1028af35c2da06ec7be6a7afdf754ba6d9e8bfaac93a1b,896276,98425013.0,141.0,1e-06,1,2,222
2025-05-11 15:49:37,ad0eeb41023f27b9815646d2603a22863114bcfb53556d4e8aeef50bbf148217,896276,231037.0,212.0,0.000918,2,2,312
2025-05-11 15:49:37,0e29ae9a14f5d5d6c9e137ab727ac4f30fde7a62bdb1713489f9fe1228a4de16,896276,6998.0,154.0,0.022006,1,2,205
2025-05-11 15:49:37,7b664e031f40ef6315c3d6f43cf8c4fdf71e10a6760127f1ac1e482fc2149a16,896276,249777.0,212.0,0.000849,2,2,312
2025-05-11 15:49:37,3d6a795419de7c20e2ec7d4ea79a2ea342bfb7e23e75da6f1143f2167cd401e1,896276,249989.0,212.0,0.000848,2,2,312
2025-05-11 15:49:37,986c822146c9579b9a794d64a098d9b5480c83f6dbee1563abe2ecd0dd8f359e,896276,250201.0,212.0,0.000847,2,2,312
2025-05-11 15:49:37,b90f2712fda49d0ba808de0dd5fdb79211ccc81708f289f85727a77953d74116,896276,125606.0,151.0,0.001202,1,2,202
2025-05-11 15:49:37,4b7fea2e759cccc2f7ee7f9ce6aded80ed9df931f0bb675bba070c5b475d4b83,896276,125757.0,151.0,0.001201,1,2,202
2025-05-11 15:49:37,073658bd990cae7d4f87456536a96f678316dff3d8310705452c1b926c02f74c,896276,125908.0,151.0,0.001199,1,2,202
2025-05-11 15:49:37,ebbea0e01365e815ea5a14bc1ca5df94bc44515cfe7b7a861f4f09e0a8837f94,896276,126059.0,151.0,0.001198,1,2,202
2025-05-11 15:49:37,4516d493042482c429748e53c1e62f8bf7fef944584a451684b4544b16c07d6c,896276,126210.0,151.0,0.001196,1,2,202
2025-05-11 15:49:37,47016f1bf5cd67362de92a4830a0f121edf8f15daed2cc64049d89c64bd96cfc,896276,126361.0,151.0,0.001195,1,2,202
2025-05-11 15:49:37,7ec99789c2e4f0fc17c638ffbe780b8e6be22a9e76e4a8ecc6e544cdff6e4e5d,896276,126512.0,151.0,0.001194,1,2,202
2025-05-11 15:49:37,b3f6e3b8d68c6b03d09a9ebcc1306362ea11fc242a45a74a7f3bc8f2f3bcd3c8,896276,126663.0,151.0,0.001192,1,2,202
2025-05-11 15:49:37,85b8954778b8fc4395af2d2a5d516d9fe07f1a98f9876b911f59af0146b7bc33,896276,126814.0,151.0,0.001191,1,2,202
2025-05-11 15:49:37,095fc9d5267e1da89296b3d5ad9b0da769d4e753778d1fb76ddb3e94d3e29aef,896276,126965.0,151.0,0.001189,1,2,202
2025-05-11 15:49:37,12e5901ef150970cc4582f5cb863118d4731f1f5fa58c7f8a5affd5f1ae80c67,896276,127116.0,151.0,0.001188,1,2,202
2025-05-11 15:49:37,00a631e95212069931a509c6b9381ad9a271d3af3b6e528a5f103ead41771f16,896276,64785.0,212.0,0.003272,2,2,312
2025-05-11 15:49:37,c44105ef5cca4f5ace424232636d6ccd9b6b935aadf0931b8bbede128a372563,896276,64997.0,212.0,0.003262,2,2,312
2025-05-11 15:49:37,6fb8945387a4532996017370497fd940daafa928be6d8733a810936d639d787b,896276,65209.0,212.0,0.003251,2,2,312
2025-05-11 15:49:37,3831058b2a0b1631adb9e3ba5cb0c144bcca3c1fe1317059dd25780f98e3da1b,896276,65421.0,212.0,0.003241,2,2,312
2025-05-11 15:49:37,327e5bf7fde4722fc3a887a206daf202d1ddb1c25f8252383567c735f551ff15,896276,997594084.0,168.0,0.0,1,2,249
2025-05-11 15:49:37,bb0b0ead285a200752d1ae2296ec369ed501168096397c526f7f6614dedce615,896276,117917529.0,142.0,1e-06,1,2,223
2025-05-11 15:49:37,45b117332ae8b0e17ffd6895009d65b7ba7094dcf7f783042c4cc7ac39b8c215,896276,600305.0,288.0,0.00048,3,2,530
2025-05-11 15:49:37,bb8c21bc0e36172b5756cd9629857632bb4dbdfea9c97099aba6ab7a4330e914,896276,546.0,152.0,0.278388,1,1,323
2025-05-11 15:49:37,06fe6b6ffd9900f116fbb9cb6e3570b14dbce88d173d1ac5532acad9f3f8de4f,896276,130156.0,154.0,0.001183,1,2,205
2025-05-11 15:49:37,851eaaa6a1628c2306ca7f99d2881bd0b428a15315c98f881afde6ff4a88a614,896276,330.0,151.0,0.457576,1,1,321
2025-05-11 15:49:37,e8ba50966a2b2c93cfac76ad97b17d3565689f216791b8074cd5ff857c1fe29e,896276,69969.0,4411.0,0.063042,1,101,4462
2025-05-11 15:49:37,62ce75de391e576304bbe781345e2c40c697692d65d71e926defc33476746f14,896276,408887.0,113.0,0.000276,1,1,195
2025-05-11 15:49:37,ea380b182de4ae7b20dfa610eb0fc6cef79cae043369ca853785bbf26f425414,896276,150397056.0,210.0,1e-06,2,2,373
2025-05-11 15:49:37,f19a216237d42acd843254d230cad61dba8b7f27f3bf6b8ad1de6b1cb1095d13,896276,546.0,152.0,0.278388,1,1,324
2025-05-11 15:49:37,429b590f2e3e9432185780ea3623015f50a5469ac3933b883c0d832bd839c836,896276,407954.0,154.0,0.000377,1,2,205
2025-05-11 15:49:37,6e4143641212c9add83d78eb0b24c3d7f01fefb62951cde1a79d4c29c2dadd12,896276,5565.0,111.0,0.019946,1,1,162
2025-05-11 15:49:37,63bea3fbebf6e18eb7d4e110f9073b31858c84a65eec608a1d74f9a11ff57212,896276,44469.0,154.0,0.003463,1,2,205
2025-05-11 15:49:37,5e12ad098309252dc344da1df2fb6ec3cc38a58390040fb8a1582e6132aa6312,896276,4732701.0,141.0,3e-05,1,2,222
2025-05-11 15:49:37,06feeb5693e731347610b8fea24f5e552a44afb7f2ed75b8bf4e1757e2053e12,896276,12158274.0,141.0,1.2e-05,1,2,222
2025-05-11 17:27:36,4c6b27b1f9780a001607edd84818e863ceff2979b70d79522b5e9f63faa4855e,896286,118220.0,154.0,0.001303,1,2,193
2025-05-11 17:27:36,28dc2d03744c3ca43ddbc9b602841109c1d8a04b75f7972add4a7cbb6cc8dc58,896286,358236.0,204.0,0.000569,1,2,304
2025-05-11 17:27:36,4fcd5f3f1f3d726a1eba6dbaf3b1e24d6a0e86711a5f9b6b1d63e94881e2ca30,896286,50410.0,153.0,0.003035,1,2,223
2025-05-11 17:27:36,b921d2846500192e03bd9b2fa5233be169f8199d1d5e834f375d0050bfcf7abe,896286,8859.0,261.0,0.029462,1,4,388
2025-05-11 17:27:36,7c6622421037001d2aa306f5365df24e5cca6ccc4bc2d5378a5bdb03788a34de,896286,9450.0,217.0,0.022963,1,3,369
2025-05-11 17:27:36,aa9999025e22a1788120352ff042a1c280956c55c658ede404896df11628b457,896286,9997.0,217.0,0.021707,1,3,369
2025-05-11 17:27:36,a5e91b5cc2969450e4878a32e9857bed6008ad15bee334bbc8e9352c4d1960fe,896286,10544.0,217.0,0.02058,1,3,369
2025-05-11 17:27:36,23e47f7a977d4f69b9728cf5b45a994c9bf019441c0afd7de7c326cf4b2f41bc,896286,11091.0,217.0,0.019565,1,3,369
2025-05-11 17:27:36,0ec518c63d6517969820fef461a9bfb7a9490fbaf28a953e2cb4999794d3db35,896286,11638.0,217.0,0.018646,1,3,369
2025-05-11 17:27:36,b68582b539367877ec952cad5e8b79cb91d70125edd8f8ddca4d2659ec120b17,896286,12185.0,217.0,0.017809,1,3,369
2025-05-11 17:27:36,a4d27bba76114781b630015a07bb25724d7d255b57e36d73dd2810c7fb5c49b9,896286,12732.0,217.0,0.017044,1,3,369
2025-05-11 17:27:36,940ca9299b165662cf6f5ff80eff5d5659bae5abab8963f0434feda52ccb37a8,896286,13279.0,217.0,0.016342,1,3,369
2025-05-11 17:27:36,3c054c204125fc8d406cd11dee7145cccc578ffdd7cc04c3a260c552660ba225,896286,13826.0,217.0,0.015695,1,3,369
2025-05-11 17:27:36,229e7b8da0b634cd4f25e566f2761a468b245e32fef0c0ab28041b522d4b02aa,896286,14373.0,217.0,0.015098,1,3,369
2025-05-11 17:27:36,578f7ea4ed525524862626cc18e6572cf96e165b87316241f50e205e0421c4dc,896286,14920.0,217.0,0.014544,1,3,369
2025-05-11 17:27:36,4907b18f8229afb30b017918562a4ef55c33554402c2ac847f78077507387068,896286,15467.0,217.0,0.01403,1,3,369
2025-05-11 17:27:36,44230b422a6db481a3e45f3f29c966697a1e4ada2c611f76f6c8d93103bb6bb8,896286,16014.0,217.0,0.013551,1,3,369
2025-05-11 17:27:36,750476b9543f21b0bcb5fb9fa302f0d45b78d2e92a43915a6c3f16d85d188e99,896286,16561.0,217.0,0.013103,1,3,369
2025-05-11 17:27:36,977e80dd4f8a9c8e0f24a4aa5bac644890d40a4f778bb04bbc5a7b0eb6bc9e23,896286,17108.0,217.0,0.012684,1,3,369
2025-05-11 17:27:36,043a01efffeaa1ca06d3504b648fb3dea89fea857843534218e77e44643753ea,896286,17655.0,217.0,0.012291,1,3,369
2025-05-11 17:27:36,fb5c5c4057854a6c994dac1e485cfba5c8414584a98a06bf51167773bdff5f19,896286,18202.0,217.0,0.011922,1,3,369
2025-05-11 17:27:36,78285f398c3571c217dd1ad9a73025cce890b76eea8ff4e9096afacab8209ced,896286,18749.0,217.0,0.011574,1,3,369
2025-05-11 17:27:36,2c19c470ddae626728d9971a0921978a48a2de3f064ddf0c2083340c79db9fce,896286,19296.0,217.0,0.011246,1,3,369
2025-05-11 17:27:36,e9517a64039e8ad8686fa84a4d662e365371a51e3541e7b790a57ff5bf360a99,896286,19843.0,217.0,0.010936,1,3,369
2025-05-11 17:27:36,83b198aabb836514a87514d1af5934bccd0c4253ffc6633937bbe0b42a4496bb,896286,20390.0,217.0,0.010642,1,3,369
2025-05-11 17:27:36,0ef3fe2fdac930d1e5024da1922df241b7c7ff45cb1a27e9a816b7cfa39da252,896286,20937.0,217.0,0.010364,1,3,369
2025-05-11 17:27:36,1bc9657dfa9a9d4c5559918a5219a00a3ee8fb8fb6add7c0ce6befd934ffa54f,896286,21484.0,217.0,0.010101,1,3,369
2025-05-11 17:27:36,581dd21558423a4ed609bc854478d2fcfe914b5dfb9681734b811e3045121882,896286,21701.0,124.0,0.005714,1,1,203
2025-05-11 17:27:36,17c0f76773899ab88cd35d0a7221aef9150dcd403a1351175fcc2a456b4088b4,896286,63058.0,261.0,0.004139,1,4,388
2025-05-11 17:27:36,8f578d039a5a307c9d99068f3671675b5ca09dd3caadf9c8bec6cb0f82097e61,896286,63649.0,217.0,0.003409,1,3,369
2025-05-11 17:27:36,fa5061118e5dc6e238c8bb257657d8543fe53cb6f89fcbb99c17262e5b52a116,896286,64196.0,217.0,0.00338,1,3,369
2025-05-11 17:27:36,75b0fee52c1a280fe4189261cd72aac9beb1aa194308d36aa08327147e73f60e,896286,64743.0,217.0,0.003352,1,3,369
2025-05-11 17:27:36,90ed6fcffe1312806da8566c9c19e7036ec4f7c78b4c7b501fa87201c31768ec,896286,65290.0,217.0,0.003324,1,3,369
2025-05-11 17:27:36,67e174cd1b3039e97fd4151e571a24613200ba0cc6bfa7e12d22f9a8a1ac33d6,896286,65837.0,217.0,0.003296,1,3,369
2025-05-11 17:27:36,442585bc9c5195c2dc571fefd4c0448c75b90a490121df18ca4b9ce7d8b4efba,896286,66384.0,217.0,0.003269,1,3,369
2025-05-11 17:27:36,eecf42bf8cbebda18542fa776c37ad753b03e4290e0eaeb96fe403f73a685c5b,896286,66931.0,217.0,0.003242,1,3,369
2025-05-11 17:27:36,c5676b6b68ee7ad179265c54a7f65fcedbd8cdd767addd4f7aa7cf99842a0a83,896286,67478.0,217.0,0.003216,1,3,369
2025-05-11 17:27:36,804e128a5fd620ae95a4cc158bfb5f05f83fd2c54cba0bbb709aa68a2549217f,896286,68025.0,217.0,0.00319,1,3,369
2025-05-11 17:27:36,81cfa158091b5439d4ca34e9727676eb43f9eae2916bf9d66f52d09697ed062f,896286,68572.0,217.0,0.003165,1,3,369
2025-05-11 17:27:36,0da8a002b5e8a9e049fa945168e5fa50ef32bba778be0c52023838e6e5c33bea,896286,69119.0,217.0,0.00314,1,3,369
2025-05-11 17:27:36,e3c9c7d4cc2d38456b155d08d884507d1b23b4c46f2ebf1a17f5c7b2e22e0fe4,896286,69666.0,217.0,0.003115,1,3,369
2025-05-11 17:27:36,b624a11ab7adc4ebc64b28d339593d56800d88de497def3eca32e12b23b137c8,896286,70213.0,217.0,0.003091,1,3,369
2025-05-11 17:27:36,b412e74f8a2813e47bcd05b71a984363a6c725fe4fa0708c04102f5b8a3cdd74,896286,70760.0,217.0,0.003067,1,3,369
2025-05-11 17:27:36,536247b4eeb68420d4420bd05d8793c734ca93d8caab6ff81eeeddd3f049651a,896286,71307.0,217.0,0.003043,1,3,369
2025-05-11 17:27:36,feb8722e4d4c26538f0477a799a6cbbf181e0c899cc5a1751aac0290c58d7cc2,896286,71854.0,217.0,0.00302,1,3,369
2025-05-11 17:27:36,faca8572b3734578fd94ece263d4f27b3b2ac3886e405dcbc2b4c95ae7ca3e5e,896286,72401.0,217.0,0.002997,1,3,369
2025-05-11 17:27:36,88afd24dae6e473c9bb3f70c79e48c550e509994d75c567e4cbc626a8ce2454d,896286,72948.0,217.0,0.002975,1,3,369
2025-05-11 17:27:36,0844ab8c306ebf691d44d89939c4ad06d22c1c154825de4ad1193e13afbfe62d,896286,73495.0,217.0,0.002953,1,3,369
2025-05-11 17:27:36,c9c0fa89245983092806a7ab5d9359f566354e4fc1829fb0b68b3e5bf9a09e50,896286,74042.0,217.0,0.002931,1,3,369
2025-05-11 17:27:36,2b8286d8ba95b66b34742de4b07af745991c9f68b27e2479a51d8d096d0b280c,896286,74589.0,217.0,0.002909,1,3,369
2025-05-11 17:27:36,425e6d813e341445a02d5dc3cb39b19bd82f882983634fec9340e303b6fa34e3,896286,75136.0,217.0,0.002888,1,3,369
2025-05-11 17:27:36,2cfeac7e700ea328c0ede399114f6d6f843540f9a9405804ecbe9bf570188d9b,896286,75683.0,217.0,0.002867,1,3,369
2025-05-11 17:27:36,b5e8f0ea5a6c7703da563492b5f31fb4fc662d328fafdb76968fdfb5ba3c0ee2,896286,75900.0,124.0,0.001634,1,1,203
2025-05-11 17:27:36,14bd2f5f9280a0609fc34f30d2933901804ba7fdc428dfd27816ec17e23ae98b,896286,69145.0,261.0,0.003775,1,4,388
2025-05-11 17:27:36,a10991b8449569518fb76a210e42b2066cfd4ab034b9e994c1e1fb29667037ff,896286,69736.0,217.0,0.003112,1,3,369
2025-05-11 17:27:36,8a26cd913edc15e77e57bf2fff7d3fda89ca8bb62dc5acccf523105879657c8e,896286,70283.0,217.0,0.003088,1,3,369
2025-05-11 17:27:36,24c05a63316c518caf59bfded62f741aa0879619231c450aee7e3ba05fce3151,896286,70830.0,217.0,0.003064,1,3,369
2025-05-11 17:27:36,64af19077e395b9935fb1a24fd459a767559adf7094ced2057625e591dd26abc,896286,71377.0,217.0,0.00304,1,3,369
2025-05-11 17:27:36,ef4e1a5f4976df452ae0a7a742b3f5ee7735c834638749facfe4939198f47c84,896286,71924.0,217.0,0.003017,1,3,369
2025-05-11 17:27:36,e16e1ccdb3452a69babc36546cc83e974c1ee363ebc9e36d99b6e5a80c66b46f,896286,72471.0,217.0,0.002994,1,3,369
2025-05-11 17:27:36,993d02433454390c2420dfdf7711ee5f5b42ea91f9971cdc2bb1ae490992055c,896286,73018.0,217.0,0.002972,1,3,369
2025-05-11 17:27:36,bd9665719716b98deb552629d4a433f167e31d71fa2146711eebf4dc99a67cef,896286,73565.0,217.0,0.00295,1,3,369
2025-05-11 17:27:36,1a9a961d4fe918df098840b357b0de424c320ba0453fb0ad5b07cd198503cbcb,896286,74112.0,217.0,0.002928,1,3,369
2025-05-11 17:27:36,001cea13bc1bf99b399f82094563b4b431aadde4271566de7d214647e16e4914,896286,74659.0,217.0,0.002907,1,3,369
2025-05-11 17:27:36,19d92d46e51be0024e76f80d7a824998ade15af50a78dcee1795c837ad95774e,896286,75206.0,217.0,0.002885,1,3,369
2025-05-11 17:27:36,6edfd0b128c263e6ce76dddfbec891aaf60c7fc39b1e5c02f6beebaaa12b3374,896286,75753.0,217.0,0.002865,1,3,369
2025-05-11 17:27:36,8f70028d8e44507e6416da796727e16f015c4d7be483320233c8a4b473f75e86,896286,76300.0,217.0,0.002844,1,3,369
2025-05-11 17:27:36,5859d42b89b899cea5129548a294e4292c5522bf4ff47ca6bdf40e834e2d0969,896286,76847.0,217.0,0.002824,1,3,369
2025-05-11 17:27:36,fa0e0695695d9e9fdc7d978e66784358759640ec6b8f3a7a7ed68abb42c39b15,896286,77394.0,217.0,0.002804,1,3,369
2025-05-11 17:27:36,84007bbc0c32cee2f0ca323040800b88307a23bc203a8314e16cc74dddae198c,896286,77941.0,217.0,0.002784,1,3,369
2025-05-11 17:27:36,758281ddfad0c2f0eaa54c17e93cb5aa66b7a1a473faf089432f5534e55aa8e3,896286,78488.0,217.0,0.002765,1,3,369
2025-05-11 17:27:36,3a5aa9ce3fcbee512798c66001b97c28cd2eefd2ce004ba266ea281cead6aada,896286,79035.0,217.0,0.002746,1,3,369
2025-05-11 17:27:36,6b77d6dfa4c4e44b98672c2f66f54dcc85f7e9c489ef28e21ab416e901bcfb8d,896286,79582.0,217.0,0.002727,1,3,369
2025-05-11 17:27:36,c5394b8b0345ba056fa0e1b6a4d360836062dae9beacf5bca0ef048129e60560,896286,80129.0,217.0,0.002708,1,3,369
2025-05-11 17:27:36,b79f1712b85d7e9796b7c111e1eaf1e3fa82ad4e7ebdc56c68d9fef26d1048e7,896286,80676.0,217.0,0.00269,1,3,369
2025-05-11 17:27:36,e6f908fa7c2bc523101e3807b22cd708cafdbd56c4955b822866f84f0cf901f7,896286,81223.0,217.0,0.002672,1,3,369
2025-05-11 17:27:36,55a5dc55cf8a0d42c8b952e4cca05f1d83c663c56ca4a67d96af24cb7bdb67ac,896286,81770.0,217.0,0.002654,1,3,369
2025-05-11 17:27:36,a0c449c55a8bcaca6e48f02aa45e1335309124002df14e1d893fa061b6fed0b3,896286,81987.0,124.0,0.001512,1,1,204
2025-05-11 17:27:36,56d522f4d6c525a0b514b5295f64e8a2aae573eaa902d9589f36b822eda8c581,896286,28525.0,261.0,0.00915,1,4,388
2025-05-11 17:27:36,2d714352064cbd6a588bd0d5513fd469bab8aced2c9bac7a2ad5b3f8abeb15ec,896286,29116.0,217.0,0.007453,1,3,369
2025-05-11 17:27:36,79f9f12eaabd76972ba83b01624ad3c96d0a0c5af7435aa16c3f83d639c5dc28,896286,29663.0,217.0,0.007316,1,3,369
2025-05-11 17:27:36,d23878131b9b929df3935b04d990faab79d2a0c5e1260be1092de9ddd624490a,896286,30210.0,217.0,0.007183,1,3,369
2025-05-11 17:27:36,69e3a38bb764e13950706e3a3c6b02a98dead93096bde3e43d4d09e4ead7ad3d,896286,30757.0,217.0,0.007055,1,3,369
2025-05-11 17:27:36,0295e279a4d7911055a22d567f445cac2ab78fc66f830dd6ec8df3c22e6f3ff1,896286,31304.0,217.0,0.006932,1,3,369
2025-05-11 17:27:36,a27bf914159ab685da5ec5786844358129735ce11376c9a046bf2660fa586ff0,896286,31851.0,217.0,0.006813,1,3,369
2025-05-11 17:27:36,f6cf83688178aff0eda9fca1b66ac7a0db36c83783e7e404fdfe0eef419a0732,896286,32398.0,217.0,0.006698,1,3,369
2025-05-11 17:27:36,8a78c412eb84e09efd44023f19508225e1ddc0c36c2d3a81594a74765b8a9a2d,896286,32945.0,217.0,0.006587,1,3,369
2025-05-11 17:27:36,76d7f40ceff4bf8f51f840b704a29bb81b0244f52ea83c4be71c7f9dc2b0c6d6,896286,33492.0,217.0,0.006479,1,3,369
2025-05-11 17:27:36,9ca8741962662942f02413974424bcef0d091ce6c41652290994bc0ce332b0c0,896286,34039.0,217.0,0.006375,1,3,369
2025-05-11 17:27:36,2a3a0a7a76201af45b74db94c0e0d234779f6ca845b1a2f30eaeec79540c11b2,896286,34586.0,217.0,0.006274,1,3,369
2025-05-11 17:27:36,cfedc8fb86551a340ec89963dd8513bc4f995b00ccfc1d92352ba773cd80a603,896286,35133.0,217.0,0.006177,1,3,369
2025-05-11 17:27:36,e98e2896a703eae49d989b8b32304b83e6e2ec17c2d222dfb60b46f99dee2720,896286,35680.0,217.0,0.006082,1,3,369
2025-05-11 17:27:36,f54fdce422d65be291947434e8b213c886f61961aafa1de509af7419c4bf6ef1,896286,36227.0,217.0,0.00599,1,3,369
2025-05-11 17:27:36,5f6cd34440c53ac223b3cd7755e9001961ab5f6f5e6fa16bba0eed38124df4d0,896286,36774.0,217.0,0.005901,1,3,369
2025-05-11 17:27:36,906162cfb8a2a1a19780973a659744470fa59a3ec41a316989b279a9987f0a8e,896286,37321.0,217.0,0.005814,1,3,369
2025-05-11 17:27:36,7decbe49f4537730527cc2452f4ab41f80bac0804a23953167dd4ab506d177c5,896286,37868.0,217.0,0.00573,1,3,369
2025-05-11 17:27:36,28802941056e27f275773126ee4bed14b239ffae53e57de780a80dcc54ef0d53,896286,38415.0,217.0,0.005649,1,3,369
2025-05-11 17:27:36,6e53891506ffccdd8cfecd01fd046374072a69cdc16d8072a32773cdc1dd040b,896286,38962.0,217.0,0.00557,1,3,369
2025-05-11 17:27:36,2d9ad7e9f1d79b5fc4178517ff9de5f71468befebdeb7f94b3fa27a8c47fbee6,896286,39509.0,217.0,0.005492,1,3,369
2025-05-11 17:27:36,134688871995522e9a7d6b385661e60f1f6a23c34337ae0ce4301e4352b91214,896286,40056.0,217.0,0.005417,1,3,369
2025-05-14 19:23:31,2de1cfc72fc435698748ddb67ec91023de31537fbee1ea1116326916a7b46dd8,896711,198998.0,241.0,0.001211,2,2,302
2025-05-14 19:23:31,d0eed434c07c5b1ec7958c6fb25b544c7dff72d3ff255ae23a1e17561e395e9c,896711,285907.0,235.0,0.000822,1,3,277
2025-05-14 19:23:31,a1bed8e4865d25fbff9795a1430a81f99dbf77e8b828b596e47235ac819ff33f,896711,92974.0,339.0,0.003646,1,1,194
2025-05-14 19:23:31,2da917d019e4784b70460ea895dad9fd1c1dcf82cff6cd813d5d89afa386d53f,896711,600735.0,366.0,0.000609,1,1,203
2025-05-14 19:23:31,04d147c0fef8bb45564ac66fdf5612bc9487bdf1cdaa9173fadd38716e6b5a3f,896711,447761.0,339.0,0.000757,1,1,194
2025-05-14 19:23:31,96e8fe64fe636aa2a07ed4552adb554a43f3aa9840699cd292e6a1e8fe67033e,896711,291870.0,330.0,0.001131,1,1,191
2025-05-14 19:23:31,cd36a5281bdcdb721976e3dd1919bb9e16b6985235aae5927a58ceb85e767c3d,896711,159876.0,423.0,0.002646,1,2,223
2025-05-14 19:23:31,6dd52b74123891646f0789cdb9b894ec5e8c401a56bece52434fef37c4bd823c,896711,5724610.0,330.0,5.8e-05,1,1,191
2025-05-14 19:23:31,7bdd400b2fd2714367d2394523575fd77ecf0ebfda941b43a66f81eefe3f4e3b,896711,1023139.0,624.0,0.00061,2,2,370
2025-05-14 19:23:31,c535aefd0d8eb415a20de3a324caf601cdfb22e3244d545e17592d5b2293a539,896711,546.0,462.0,0.846154,1,1,331
2025-05-14 19:23:31,84c8ec654361a0deb06a4f84e13a6106a9a7e7b5ec85bb0495661a9d6c659538,896711,193323.0,339.0,0.001754,1,1,195
2025-05-14 19:23:31,8f01df53c7b94b2038792b01bc4cd499b7c34f4d151271b67daa5143a32d8d37,896711,546.0,456.0,0.835165,1,1,324
2025-05-14 19:23:31,199af547157e6d0e1591a0d85c23facaa758cb8590f067e1a61de2695c77d3a5,896711,38824.0,462.0,0.0119,1,2,205
2025-05-14 19:23:31,0712e56fd29521b4ca8fb83b0aa1628c5151620fdf98f5d167d65eb6b0368b37,896711,546.0,456.0,0.835165,1,1,323
2025-05-14 19:23:31,68b22f88d66c2d3830d65cb633c169956d310fedaa0fbc798709b1fcce32d5ad,896711,2572.0,462.0,0.179627,1,2,205
2025-05-14 19:23:31,05f32f839f1b36009f66fdb28e9138f62f8268da1533c0d5d04dad8645d2a836,896711,55362040.0,459.0,8e-06,1,2,235
2025-05-14 19:23:31,7accda6d1b9576cf463a52ec181488abb71f2257d8a5efd887006747de867235,896711,149469.0,531.0,0.003553,1,2,258
2025-05-14 19:23:31,bb1a687404852908cf1c007722720d7ece6300867182feaade36c439d0566234,896711,14320603.0,462.0,3.2e-05,1,2,205
2025-05-14 19:23:31,71e0e6df0f1a3021b6407a836e0ea2a065cd9845a8e6c37dccab4e329cd97733,896711,1414.0,1686.0,1.192362,2,2,300
2025-05-14 19:23:31,e64e89dd1d8f0ee98c645ddf7dbc6d990736c2c0740df5bcf9c4fd73409e7840,896711,87969.0,241.0,0.00274,2,2,302
2025-05-14 19:23:31,5e5fcdba0196e311af7b6342fbf49b0bbe27a915c51eb341420800e5db6d2b5c,896711,92948.0,482.0,0.005186,3,3,645
2025-05-14 19:23:31,21ab2a2baa9fed944dfb577f0749b5c50bae9d04bba43cf2d43e8ade8f58ef32,896711,91061.0,462.0,0.005074,1,2,205
2025-05-14 19:23:31,f13bc60855ff8754bb8dcebab064a3fb0ff14a0e6ec0414c77f893bfbd274932,896711,322583.0,423.0,0.001311,1,2,222
2025-05-14 19:23:31,45daf83f9af43f7c0a2291f56b7d8ee6d887f82f070c8d350418f8a4606b3430,896711,82007.0,423.0,0.005158,1,2,222
2025-05-14 19:23:31,6273d0f461b6cef0d9e91b14d0c0db400acab53b72ed9892592fcb479b56a92f,896711,29008.0,720.0,0.024821,2,3,340
2025-05-14 19:23:31,92e712e8c856c126b3245fbbafe9cff58cfecc90f3c597f2b9456b586f58092f,896711,152691.0,576.0,0.003772,1,2,226
2025-05-14 19:23:31,355eada0cbc634ac3cfb2ab54765341537eda7e4fbb0054f12f385f9e632a1be,896711,162940.0,288.0,0.001768,1,2,226
2025-05-14 19:23:31,42eb19f140fa84bfb54b939e81377421bbac65b08972d68186583212d367e72e,896711,546.0,462.0,0.846154,1,1,334
2025-05-14 19:23:31,3d7986459f9219b795f79047d866a7e643a094e8f4996d99be230ff6f822be2d,896711,67185.0,423.0,0.006296,1,2,222
2025-05-14 19:23:31,20ee60134e9d841cf330d0203e031fb3c8fc65c83b5b188a1a1df7d91ae9ed2c,896711,1438612.0,333.0,0.000231,1,1,192
2025-05-14 19:23:31,9ef9726eaf31db50312c91d8d50dbcf3642da37640810bd6b09aafb000ed0e2b,896711,1552928.0,333.0,0.000214,1,1,193
2025-05-14 19:23:31,f4b6cd11e26d0c9edf66d7a26e72f0d0d243dcc5241c8b5e4882fccb93ec272a,896711,2949505.0,495.0,0.000168,1,2,246
2025-05-14 19:23:31,2cac2659458db7f33bef5b1f39c10b31eb0476eced202a5046fe8fddd6c3b229,896711,85437.0,423.0,0.004951,1,2,222
2025-05-14 19:23:31,8a618f9c95c14ebe2f0a783641ce590f2dda1ecb3c9e0ba9c77e593cdb661b23,896711,349518594.0,1188.0,3e-06,1,10,477
2025-05-14 19:23:31,22afc9c0052b06a0452e86307aea29cd987973bc520989662349f28fad1cf222,896711,546.0,456.0,0.835165,1,1,326
2025-05-14 19:23:31,26461dafd03472072791c6dc9f54d898e3ac9e0feab5064a8acca4e33dd676b3,896711,33948.0,462.0,0.013609,1,2,205
2025-05-14 19:23:31,61687912ff0f7b2f10b24baac810cc388b9ec6a7d8b239288f4e698ab41a1721,896711,99427.0,462.0,0.004647,1,2,205
2025-05-14 19:23:31,b29fac88444480b9ca608b73128f6abb7b0750bf01043843501cf5096525b520,896711,2655.0,462.0,0.174011,1,2,205
2025-05-14 19:23:31,5073481815c2accbc2578010c3f409365d63570e989e17813788332a2bb77f1e,896711,151963.0,300.0,0.001974,1,1,151
2025-05-14 19:23:31,164c9facc834df939374db53db72520e2027764f9411ed81cfe0be1ec0a6f31d,896711,1476331.0,669.0,0.000453,1,2,223
2025-05-14 19:23:31,f6a044c87b327d9efac12a779c617d562eff3ba909fe680073ed1afd0259b51c,896711,4182084.0,498.0,0.000119,1,2,247
2025-05-14 19:23:31,ad3de20855f5e900f7588d960db1766c70626a872dcba8ecfff7ce882934751c,896711,1041731.0,627.0,0.000602,2,2,371
2025-05-14 19:23:31,721b5dcd4aab05b402972161b3cfe7597e08bf716996c7db94572fe899578a1b,896711,1561510.0,627.0,0.000402,2,2,371
2025-05-14 19:23:31,5410fc887f07395890644c4a30f86ad62f62c0884998afd3da8e11abed2e3519,896711,17600284.0,426.0,2.4e-05,1,2,223
2025-05-14 19:23:31,82c9ab77125951bedf04c7f4c708b369e5821da294f2cefb5416cc4362b43918,896711,24007.0,423.0,0.01762,1,2,223
2025-05-14 19:23:31,a5dbae24dacba6866938f3bfd528c50ac008b567560399a998fa2e4bf06919fd,896711,28430.0,423.0,0.014879,1,2,222
2025-05-14 19:23:31,45eab34b76d1f95f419f4b572f8b240c8fd1385ba7c1c1ed14e8ab899b49d817,896711,1275536.0,627.0,0.000492,2,2,371
2025-05-14 19:23:31,a6da118bf4ec3a4f09516172d43ba2f33b1f1238e40d4adef188d7aa2ace6b17,896711,11850611.0,423.0,3.6e-05,1,2,223
2025-05-14 19:23:31,9d6f0b660f801846a534a895f356bebe12112bbb7055a5f72708eac1365b1416,896711,6051.0,507.0,0.083788,2,1,269
2025-05-14 19:23:31,8e7c1716d5dd4d091c88cb5653a0948529538a361c5a2273741171ef9b29fb15,896711,1046469.0,633.0,0.000605,2,2,373
2025-05-14 19:23:31,273f2215221a42b353b9d3452171469ac7a2b3fefc041e9a8038a678aed89715,896711,87218.0,423.0,0.00485,1,2,222
2025-05-14 19:23:31,0a9a4ee750d1e9d1d99255a1f883920bd27605ec9c31c8fceb4632185f8b5f14,896711,1053129.0,627.0,0.000595,2,2,371
2025-05-14 19:23:31,6709fb785ac36a02b00ca7500f642e10b233deb15a0376b876a31beabbb79513,896711,414216082.0,627.0,2e-06,2,2,371
2025-05-14 19:23:31,8c2e0aa7645bcfeaf039a20bf9246162ef31ca6387b080da344bfc4fb6239412,896711,106964.0,462.0,0.004319,1,2,205
2025-05-14 19:23:31,46aada4d8adbfef7e4569c7dc4df05dfc0b66c6c7d8fe40fc3bcfd3ca9e28012,896711,6022.0,435.0,0.072235,1,2,196
2025-05-14 19:23:31,f9029e232177918a5d021b6678e9b40f8e97a764f6cecae670566ee3869a2312,896711,15967.0,462.0,0.028935,1,2,205
2025-05-14 19:23:31,330e52d660f0ab28e30a180505adaadaaeec5b680dd840786d8dac0b64b99111,896711,13661513.0,423.0,3.1e-05,1,2,222
2025-05-14 19:23:31,9e86db240efc061006efc974dfc52551b44485d306dd86e4d25e7238a4d60811,896711,357160.0,462.0,0.001294,1,2,205
2025-05-14 19:23:31,8ad253255b97ccd532446bab630ffd3dea1abb6d8a9b7f50617d276a99ded310,896711,13940.0,423.0,0.030344,1,2,222
2025-05-14 19:23:31,275bbfef4f7af23808d2fd6d42ce998afb33a28119b9280d0fcb6cbd80d6c20f,896711,1171585.0,633.0,0.00054,2,2,373
2025-05-14 19:23:31,1d38277436343ca64aff0eb0bfb40bc9bacee3f4a229b1b46aeaa695e81cfc0c,896711,120644.0,657.0,0.005446,1,2,219
2025-05-14 19:23:31,9fa382f7669b79a93c5c41de41792722f143c584d8c495c4f0d13c5b18d89b0c,896711,1907160.0,330.0,0.000173,1,1,192
2025-05-14 19:23:31,e99f791f781e6bffcece912d0c5ab8c4c58ddbad8f1e199df1638d7a9414600c,896711,165173696.0,426.0,3e-06,1,2,223
2025-05-14 19:23:31,d5bf802bad0f398aea267d6be21ad758a5d43f9260b4abd4d307e0ac74d82de5,896711,165188781.0,432.0,3e-06,1,2,225
2025-05-14 19:23:31,1aa631949f187ce337c30830f94aa65cb7115e810d285457da83b49b814b0f0c,896711,21139987.0,426.0,2e-05,1,2,223
2025-05-14 19:23:31,dfd0c2651a63f16e67c60f42c1b36ddd0bf0998b5d4ac650a21108a3b2922c0b,896711,589682.0,423.0,0.000717,1,2,222
2025-05-14 19:23:31,df159fe788e715f559011d6984f0f2763da96a7ef18d2f49745e16a69843170a,896711,283604216.0,423.0,1e-06,1,2,222
2025-05-14 19:23:31,a9c75fe94d6cec44e698e0287954f224f2a45c496403bde315b263b739c13608,896711,2150.0,1313.0,0.610698,2,2,300
2025-05-14 19:23:31,9162bc28eda2084d47ddd26e1f006ff99ee9a380bf7adc317ec79a83287312fc,896711,161585.0,240.0,0.001485,2,2,301
2025-05-14 19:23:31,f2e821aa3d3c903290bafca36d518695b90c280a0e18bfa972ccd50927f068e3,896711,414434.0,235.0,0.000567,1,3,278
2025-05-14 19:23:31,6e89b3e74a0af13fc27e36fba5f48b9245589f2b3be8e5c6f461b031aefb1b08,896711,2830.0,435.0,0.15371,1,2,196
2025-05-14 19:23:31,b401fa4c6bd2c64e7360a777d9d7635a771dc828fc67d7e5e6833bb4177ecd06,896711,130746.0,423.0,0.003235,1,2,223
2025-05-14 19:23:31,fadad409a2d48f51fa9ee27d3de029e8fbb055a365e28eda92f4a0d87108c006,896711,108441.0,423.0,0.003901,1,2,222
2025-05-14 19:23:31,5b10fa430e848bcac7de3a0e2d2392c0642ff414de92e8f4df84cd4a90fdf204,896711,1023776.0,624.0,0.00061,2,2,370
2025-05-14 19:23:31,f3de1cb7d4e2df6b0cdbca9febd3de3ed8064c9660b7ff899059ba163e415f03,896711,12271449.0,534.0,4.4e-05,2,1,340
2025-05-14 19:23:31,ab3647f9cfc6934a51386be972f5e4cbeab1a665f71c098e08084b7c71044203,896711,19774247.0,426.0,2.2e-05,1,2,223
2025-05-14 19:23:31,b7fb6894a532da4d74974002d72eda2dcb1c35a58c04aae516da7654d0929801,896711,2877246.0,423.0,0.000147,1,2,222
2025-05-14 19:23:31,682925f1b7cea1bf06554a9e6a2f58e77c4796e682f351f4ef9505b2f55d2301,896711,12640.0,462.0,0.036551,1,2,205
2025-05-14 19:23:31,8da0aa91ae65de3b3c38589358cfb903528a5f3696c60deb96e03224ea9b7645,896711,47255.0,8771.0,0.18561,12,12,1800
2025-05-14 19:23:31,fcec7647d1ca986b7de2dfbc1202a101743e623636ee827c6e60203ad6086ef1,896711,138999.0,240.0,0.001727,2,2,301
2025-05-14 19:23:31,2a7f12c31341462b6625ae85cb36be696644dc307085efa0891d98645255c7ec,896711,144372.0,241.0,0.001669,2,2,302
2025-05-14 19:23:31,bd563d54917a54c7423feda49ec01a8ccd3b7c6cb953b4ae64627106ac2692d3,896711,158004.0,241.0,0.001525,2,2,302
2025-05-14 19:23:31,73c830ce94b42e039d0110ce0f2140ca8e8fbd4ba3fb4f4296da932f347a61d3,896711,159297.0,241.0,0.001513,2,2,302
2025-05-14 19:23:31,abe97f7ea39c0721a24162858a0e33da0e9331e0297f5526bab7d0f579cd63ae,896711,157307.0,241.0,0.001532,2,2,302
2025-05-14 19:23:31,a0037878d740db63cc168bfa71e34f3762d591eb1e33477bb64633f6cb5ddaa9,896711,145367.0,241.0,0.001658,2,2,302
2025-05-14 19:23:31,86ba96f5cad59cf3931440e6a305bcc53a0147a39d4111adac3bbcf67b1c959b,896711,149347.0,241.0,0.001614,2,2,302
2025-05-14 19:23:31,2a6a1345afcb983dd5078d4e9695dc4cd8a0c22aa37b5a8452008bb23ece8185,896711,158302.0,241.0,0.001522,2,2,302
2025-05-14 19:23:31,e2f6e967e0a6bf6b8d52a0f38b0d9feec9414e99dd952e769496e04a47f1df56,896711,150342.0,240.0,0.001596,2,2,301
2025-05-14 19:23:31,1131d663e18e34c59d54ef98167a0bd09b2984dee08460d925e193c031b1b944,896711,153327.0,241.0,0.001572,2,2,302
2025-05-14 19:23:31,639ad65ea843080ef2bac169b683991d6e7d43a972ca0f430129862c859cda07,896711,139099.0,241.0,0.001733,2,2,302
2025-05-14 19:23:31,4fc73760a68e452f93920147cf0ac414f930a5015b351f31915b6f529f704e19,896711,1905464.0,780.0,0.000409,1,13,731
2025-05-14 19:23:31,0f80adca2db58f9bc42498d473c22272bc162bb2b2dbb37e01f87739b842ee60,896711,1486048.0,1438.0,0.000968,6,2,962
2025-05-14 19:23:31,be5d73f632e3f24491267c47a49f5996b63153e64e60082c93cdd784846a272b,896711,1097160.0,1438.0,0.001311,6,2,962
2025-05-14 19:23:31,f5a581c3734950bf020a701cc9b5b4a266df7c6772412608b727fbb753723c28,896711,76326008.0,4209.0,5.5e-05,3,33,1972
2025-05-14 19:23:31,dfe5d643a78e5415c20bab282344b15dba0e093b49f2eef240aa9bbe26c10d35,896711,1041995.0,1246.0,0.001196,5,2,817
2025-05-14 19:23:31,53bacde7c3775c7af174f908b6399bece16e858353b67d3fb1e6051e7d2d455a,896711,1003199.0,1237.0,0.001233,5,2,814
2025-05-14 19:23:31,81eb5c647391f792aa21572472edb87a2ca6469f73355a46bba51ff4c13b565d,896711,1196983.0,1036.0,0.000866,4,2,667
2025-05-14 19:23:31,bab71de3646b66032df3f8131c49d73fe47bb7b0978dd1211c37447f4dd98c2c,896711,1216849.0,1033.0,0.000849,4,2,666
2025-05-14 19:23:31,cf78a58a2bf22f6d36e31b1ed0b14d1dac659ae92967f4f087277817935863f4,896711,1084989.0,838.0,0.000772,3,2,521
2025-05-14 19:23:31,4b087d1380fd2ccd46f1f504c3b1e4365adf2a59699cd6b617e02cb978a09176,896711,1071858.0,838.0,0.000782,3,2,521
2025-05-17 07:09:11,2ce577a70fd8432cdfe7ba6f22dd3a362bf59e1fa2200ad5cb4ccb85123928da,897071,146395.0,223.0,0.001523,1,3,370
2025-05-17 07:09:11,f648aa53fdc2077dfc604f61a22cd6d3a4488082f20789ccca83854cfeae082b,897071,146948.0,223.0,0.001518,1,3,370
2025-05-17 07:09:11,0dffa6680bc11084bb80942871d8d1c6fa04b296fb036f34b26a0fad8721565b,897071,147501.0,223.0,0.001512,1,3,370
2025-05-17 07:09:11,312745123349753171338c14eaa5d4cbeb45fe33638e8312968604c7339ed880,897071,148054.0,223.0,0.001506,1,3,370
2025-05-17 07:09:11,a31da5a81f431bd021d278821c9aeb8b81a4a4c6cf3bd46cb534f228a134a3a2,897071,148607.0,223.0,0.001501,1,3,370
2025-05-17 07:09:11,8f5d6e3df3ecfa25509e3157dccaaea5f42488fd1bddce8556187dc24a8eed1a,897071,149160.0,223.0,0.001495,1,3,370
2025-05-17 07:09:11,867fd8a3a999daf316cc552b1fa0701a9d0e6abde35b55ba0d56f5511f4024c0,897071,149713.0,223.0,0.00149,1,3,370
2025-05-17 07:09:11,0c0dc5eeb49f18e4880c87d5a07f22bf7ea77766aea956818f25203e57f8b550,897071,150266.0,223.0,0.001484,1,3,370
2025-05-17 07:09:11,311d185e87eb5b1ae0e96238b658de1c4d1d778f3010e58b4f4b498910125d4c,897071,150819.0,223.0,0.001479,1,3,370
2025-05-17 07:09:11,90475d491f722404bc245b3574ad19df05c891abb2e2352a860b96ab38bd04df,897071,151372.0,223.0,0.001473,1,3,370
2025-05-17 07:09:11,23282b6ec5c6dfa1ed23d2cb5e166a6a84869ab9016f0c6146d6d892b48d9029,897071,151925.0,223.0,0.001468,1,3,370
2025-05-17 07:09:11,46414f037adda6994277dfef049f6fa6e954551c3fa4b63ab121b928ec349045,897071,152478.0,223.0,0.001463,1,3,370
2025-05-17 07:09:11,0f06171c31626aa96b8be18a0eeb92d4db1e3fc93bf56b1d64c307e62657f10e,897071,153031.0,223.0,0.001457,1,3,370
2025-05-17 07:09:11,358b2b9647f886b24877248f2c3b6f013eeb7d1fa8bf65f0781c726089106756,897071,153584.0,223.0,0.001452,1,3,370
2025-05-17 07:09:11,65f595f4495f68dcadb2cd784b169863c584b1b7d6e61617b7c5a563023040b8,897071,154137.0,223.0,0.001447,1,3,370
2025-05-17 07:09:11,2a1f28d4db60f8567bd38e7cb6fe40612f60bb80714a6e69b9c35de456bc616e,897071,154690.0,223.0,0.001442,1,3,370
2025-05-17 07:09:11,c12755b9bc226f61141a965df95350df3800d5f1439104c8acec36d01f131417,897071,155243.0,223.0,0.001436,1,3,370
2025-05-17 07:09:11,b0691f3abaed7e8bb77db4015acdc9972166becb6652a32cc483b4c854c55aa5,897071,155796.0,223.0,0.001431,1,3,370
2025-05-17 07:09:11,94422b611588f168a028f193d899f616221dfc64f0592967e4c89b05c3ef57ca,897071,156349.0,223.0,0.001426,1,3,370
2025-05-17 07:09:11,133432837e7c9d0bb8b1382aab0871a14e434f8be7f5e164745d5a45e4df0cb9,897071,156902.0,223.0,0.001421,1,3,370
2025-05-17 07:09:11,62e06ba9676bf4054df56e83df2a6f78c0d42b53a39aa23641dd4a8023c8cef7,897071,157125.0,128.0,0.000815,1,1,204
2025-05-17 07:09:11,aabb57754dd58e19cff1087992e0363a1f55e30e9e300711e385987741cf2918,897071,143504.0,268.0,0.001868,1,4,389
2025-05-17 07:09:11,e5edfafaefcfa968d5da283da1c3d037d9154f638c204876d263152c7f82689e,897071,144102.0,223.0,0.001548,1,3,370
2025-05-17 07:09:11,20d6de9541868274423e6984ee37743514200b2c8e89a53098c86784e660a7e1,897071,144655.0,223.0,0.001542,1,3,370
2025-05-17 07:09:11,01a0c94e2a07b2b4c6eaf583ee54ff19ef91fb7940620a67e31364e29df95c5e,897071,145208.0,223.0,0.001536,1,3,370
2025-05-17 07:09:11,3e7d3c473ba0456258559a796c08f498157aa357d53dbb624c08438eb7a54fcb,897071,145761.0,223.0,0.00153,1,3,370
2025-05-17 07:09:11,b1eeff4ea18dc8a9c9b14bad35dcc54495d6381c47b3e285cd2515aa37fc17c7,897071,146314.0,223.0,0.001524,1,3,370
2025-05-17 07:09:11,cb317a6cc36c6579775f98d07cea8aa2da999a456075396005d54ac5a50e33f7,897071,146867.0,223.0,0.001518,1,3,370
2025-05-17 07:09:11,1a91bd4cc7dc00cb03054511ee2aaece0bc5346ec46f5f5600840b45d6706901,897071,147420.0,223.0,0.001513,1,3,370
2025-05-17 07:09:11,c27295eac884238597c4262ff7f302a47381d0551d5ca8318a61beaaa712f593,897071,147973.0,223.0,0.001507,1,3,370
2025-05-17 07:09:11,2e29fa0485a8ebfb418c78e2fba1235c8c9c269bbb210e3ef66c1cbf8a0b2e7f,897071,148526.0,223.0,0.001501,1,3,370
2025-05-17 07:09:11,ae4c3747dbbc28ac30b89a90096157ece626f1f447c9a6a82e0d194bab5fa290,897071,149079.0,223.0,0.001496,1,3,370
2025-05-17 07:09:11,303c9f4f9c6e50ac7052b6320c78e465fcf49b166ad9028bb27ef8043e6e9fee,897071,149632.0,223.0,0.00149,1,3,370
2025-05-17 07:09:11,0a784bcab96db1ee06a6cfb2ad2678a3e8550e3097be6752e6a9b6de0a4fecfb,897071,150185.0,223.0,0.001485,1,3,370
2025-05-17 07:09:11,4e69baa4062c4a00c679defed0a8346fa7140561573708cc9c28441089195a56,897071,150738.0,223.0,0.001479,1,3,370
2025-05-17 07:09:11,1d23339300a8a8694f850f3899e704cdeb7ca3405df8006d8b5cf4154f94cf09,897071,151291.0,223.0,0.001474,1,3,370
2025-05-17 07:09:11,08daf87a8b6ef0b5bd5ecb61c065b512db7bed63b0ed4434bbcc6a0eac31bbb3,897071,151844.0,223.0,0.001469,1,3,370
2025-05-17 07:09:11,149696e63bf5a307097a57a1f2533a71fc68ab9aa12c0ed22fb25b058f2bb21b,897071,152397.0,223.0,0.001463,1,3,370
2025-05-17 07:09:11,c5310680c0f434f5a8b0a8071ce9262620e9c30bc2323c7427c6251bda7cd0bb,897071,152950.0,223.0,0.001458,1,3,370
2025-05-17 07:09:11,05756e71a910309b0328a6bdb0001694b5ffea08faee471ff61fd6bf5e89de52,897071,153503.0,223.0,0.001453,1,3,370
2025-05-17 07:09:11,21f4b3b6c89826dea319b0c305787ad08ea6634b9280959ecc73f4889539530f,897071,154056.0,223.0,0.001448,1,3,370
2025-05-17 07:09:11,6af93ee953db30f6c8c3dcd6d52d47603dafd90de9f78252bf342b9fd26ea31a,897071,154609.0,223.0,0.001442,1,3,370
2025-05-17 07:09:11,8a16289ac51b024c306b9c4f368e0f08a285ed786bb3518c48f8a1657195193e,897071,155162.0,223.0,0.001437,1,3,370
2025-05-17 07:09:11,a4e54fdb3fb8d3ea590b52ab4fda573de7f3194c98fa5d3539c4392ec9914519,897071,155715.0,223.0,0.001432,1,3,370
2025-05-17 07:09:11,bb474bdbe228b5379677eeb0c4b7ac3964ee107754e6bf60f018350feabde76d,897071,156268.0,223.0,0.001427,1,3,370
2025-05-17 07:09:11,c5450469226a380b156dc429ec6ebb5b421ae34cd3772b29c9aaadb1e1989b4b,897071,156491.0,128.0,0.000818,1,1,203
2025-05-17 07:09:11,9ded294291cec8edfb5ea1bc9c967946d518dcec7906b6f281a6b6f9727ca766,897071,35108.0,292.0,0.008317,3,2,413
2025-05-17 07:09:11,a7dc5c6c1582da745a0d0dbba5cb7c7de90fb3b4d953553d51a4cc7c4adc5be4,897071,8480866.0,83590.0,0.009856,1100,1,163399
2025-05-17 07:09:11,19a95e3d4ff4bad2b7a1e83738c3a4183a5ffa25a2af445c5e75401d04ab9745,897071,48545744.0,83597.0,0.001722,1100,1,163412
2025-05-17 07:09:11,32501dea3cd16754801a1f7364e5f2328d4486de934cbe7aea067ea8479b79ea,897071,21121647.0,83599.0,0.003958,1100,1,163398
2025-05-17 07:09:11,c32da844e3187c4f4ffe51a253d048b564d43ac41e9d4cff7d92f9e69bb3ea2b,897071,1580634.0,83601.0,0.052891,1100,1,163398
2025-05-17 07:09:11,a545f799f9ad73fd8da71a93efa0f41d86f90fa110b37b6cae054d7cfa286e92,897071,12715483.0,12277.0,0.000966,161,1,23943
2025-05-17 07:09:11,15d09501e7e7677fef524679c9ec5566f2fde5c5126b7e3ba11babc8ec55955e,897071,73400.0,158.0,0.002153,1,2,222
2025-05-17 07:09:11,dda150c89024090199e35fff80099a5ff3f43e337067b6ac6f48773cf3cdbda5,897071,1021942.0,428.0,0.000419,5,1,785
2025-05-17 07:09:11,fa53890a15c32617e0a3ac35861270078c3502e42ebe5d164962a6923b619938,897071,10798.0,141.0,0.013058,1,1,191
2025-05-17 07:09:11,4bb94aa775b9e514660b5d5296e98c1a5edcf259a939621f3380b94a5972cc0e,897071,346846.0,141.0,0.000407,1,2,222
2025-05-17 07:09:11,45d35326a2d09a140f3f63f59d335922c2233332c08f53896c5b0327cb8748bc,897071,2596750108.0,616.0,0.0,7,2,1112
2025-05-17 07:09:11,3be975c4e187e52503ded57058233e0a63dbc94de86bbbc6dbcbba8a7c3ff2d7,897071,3770328331.0,162.0,0.0,1,2,226
2025-05-17 07:09:11,767b43a86cc46899bc6e93dd4afe3b698977a73468ae4ba4b416846d434d1eaa,897071,4281928.0,162.0,3.8e-05,1,2,195
2025-05-17 07:09:11,fc14ad65cc725143132aac0a4b7e962605fd16010d835c1b24350f697356997c,897071,2576.0,162.0,0.062888,1,2,195
2025-05-17 07:09:11,06645d224a0ed2891b3757006a173fb2fe09a36e17365a38e7a402b7b1dc2ac1,897071,110098496.0,201.0,2e-06,2,1,340
2025-05-17 07:09:11,8d1ddc0fe49a8ca81e791acc2d0c978ed9ee7e29836166f37e39fe71f1fb4f06,897071,9053.0,432.0,0.047719,4,1,704
2025-05-17 07:09:11,767e431c2f1dfeff9fa2e47f85983f49526a8a1aaac126c1328b1c2eb6019279,897071,99857.0,143.0,0.001432,1,1,191
2025-05-17 07:09:11,3e47aeacdd909823a7bcc533e1d3e48023e0b2ed02c060eb81110ed2d4fb0486,897071,253295.0,141.0,0.000557,1,2,222
2025-05-17 07:09:11,a102a351d521028f040ef4850728239aff909ed9f3cbdaa037945120e70c8bff,897071,330.0,189.0,0.572727,1,2,336
2025-05-17 07:09:11,d7520759702de344c33ff9a4848603046b935d589ccf42650c704e2ccb411efe,897071,330.0,189.0,0.572727,1,2,336
2025-05-17 07:09:11,9d72f911058fe231e8b579b8a67990d968335478ade612e73d7c972cff7af8fd,897071,330.0,189.0,0.572727,1,2,336
2025-05-17 07:09:11,4c3074486f89b7d71ab8cb0bc8233080047c3ba0314b248a99ba03c3af412dfb,897071,330.0,189.0,0.572727,1,2,336
2025-05-17 07:09:11,6c7963bd4413f4a718b8d35fa640d574a9476f653d31171403f55359ab8284ef,897071,330.0,189.0,0.572727,1,2,336
2025-05-17 07:09:11,7f5db7af847dd5cd0e7a97d3f88ac9afedfda6c355642f3312016b3927eda3e1,897071,330.0,189.0,0.572727,1,2,336
2025-05-17 07:09:11,7a31eba3105d3263f7757bbd72a453b2d6808d90e08fbbb2d4fb7c9739a6d3d2,897071,330.0,189.0,0.572727,1,2,336
2025-05-17 07:09:11,c60db2e416bb6fc570c52b7d4cfae0c8c6770fa02c90edbc005ddcd847787fbd,897071,330.0,189.0,0.572727,1,2,336
2025-05-17 07:09:11,ec47c355a13b87b01b91d4e46baaffc221cd33a50be38907d176fb84c9a87ab3,897071,330.0,189.0,0.572727,1,2,336
2025-05-17 07:09:11,af612ebe8deb266ed8a27a2e0f68a6c4937819a5258352062b6fdeb08a036e91,897071,330.0,189.0,0.572727,1,2,336
2025-05-17 07:09:11,952c3e2c6850b40ddf07b4107d1ccab5d5a4b6360575dbe0396cdfb332794788,897071,330.0,189.0,0.572727,1,2,336
2025-05-17 07:09:11,7c03784063a4c7a932af05fb91028659e16918047502e4ebaac4d635dbee1f7a,897071,330.0,189.0,0.572727,1,2,336
2025-05-17 07:09:11,a86c99479b2c83a403584c31ad5bda7d08e2a34687407b1da7cb5af5623d3c77,897071,330.0,189.0,0.572727,1,2,336
2025-05-17 07:09:11,82ce1be70631a21abe2f173ec9884a64a62c4fe57628c1f8c90a8102fe703877,897071,330.0,189.0,0.572727,1,2,336
2025-05-17 07:09:11,d232b372c8b00b6c9bf5483f7b5e6c5f06ba76c4610d4c78d5722a1d49fb8b6f,897071,330.0,189.0,0.572727,1,2,336
2025-05-17 07:09:11,4ffdbeb04bcad606eefc53625b628d26cd2501e82497be1aa97ae378555dd168,897071,330.0,189.0,0.572727,1,2,336
2025-05-17 07:09:11,0a2259d0faa675a560900400bd4f33096fc5145a4c4777a913d1f95348b2d159,897071,330.0,189.0,0.572727,1,2,336
2025-05-17 07:09:11,7b447697034b3e6e9fec7d2c666e3a58d5dac6b96f244df043d79efc47414a43,897071,330.0,189.0,0.572727,1,2,336
2025-05-17 07:09:11,66b766f801da823449aef9e29a5a26adc7b76bafcc54fb38c9bb875554d9972d,897071,330.0,189.0,0.572727,1,2,336
2025-05-17 07:09:11,f3e328e8d12fa3f120b2cc794dfd0f90acc2812a9b9a1ce571fd0c21d4347cfc,897071,23940.0,263.0,0.010986,1,4,389
2025-05-17 07:09:11,c9ff94296cc3d21290bf3ad913be331db096f083722672fdd2569d5eb26af711,897071,24533.0,219.0,0.008927,1,3,370
2025-05-17 07:09:11,373bb49c3e3062e638f5f7e71baf67fa56e5a77644c93381eb19292e6a26fc06,897071,25082.0,219.0,0.008731,1,3,370
2025-05-17 07:09:11,557eaa42c73255437ff85f17e448b5e89eb84734890f06a3ed5cf71b6337e7e0,897071,24124.0,263.0,0.010902,1,4,389
2025-05-17 07:09:11,1886b84d165acc2ca2e14e8852ac192f845ac9748ca2b1d15930d742b8f4ae72,897071,24717.0,219.0,0.00886,1,3,370
2025-05-17 07:09:11,a99b57f72639512af1b5d44fe5e6c5bf24e3ba35bddbb440e4c59520c7b9c010,897071,25266.0,219.0,0.008668,1,3,370
2025-05-17 07:09:11,e00bcc822ffdfc1641c36a7461036bc574f8b6a2e0d6f18e32b7d9daa98e99e0,897071,57217.0,263.0,0.004597,1,4,389
2025-05-17 07:09:11,cd9525996f1a43d8fcbacd8139b02bff7fe05c7a45c11302b4fccccb660a1894,897071,57810.0,219.0,0.003788,1,3,370
2025-05-17 07:09:11,9a8b699890e0563c9708a95cc14665ef209def20bd094ee71f73e351ceb5a3c3,897071,58359.0,219.0,0.003753,1,3,370
2025-05-17 07:09:11,d243c2fa4a5258d94b79220de2f7801ce6cf26402d3fa5f051280fae265288ca,897071,37772.0,263.0,0.006963,1,4,389
2025-05-17 07:09:11,bb75661f719f445155103e25035b929cc86943cd5959e8b5b6b47e7e3f1b8bc7,897071,38365.0,219.0,0.005708,1,3,370
2025-05-17 07:09:11,9f74f1f256607e52f92e39a72ae1ac3d27e6b224b7db5e77381f2e110be3c1c7,897071,38914.0,219.0,0.005628,1,3,370
2025-05-17 07:09:11,bfad6010b9b39d26efa87e2e966ff4d74edada37a61b8d50d7ed36d0cc1fb69d,897071,55523.0,263.0,0.004737,1,4,389
2025-05-17 07:09:11,30fac91f7279823500b2d2fcd3d1b4570d1b1294b4daab164aac0bb6d5eca5fc,897071,56116.0,219.0,0.003903,1,3,370
2025-05-17 07:09:11,e16b98e869681f7c23d91502d00f78515b755c75cc6d292c0d34c028821391df,897071,56665.0,219.0,0.003865,1,3,370
2025-05-17 07:09:11,e5b54c582893c60c2007ef0bbee8ac2269130ebbe297121d8174dd635c11405b,897071,51260.0,263.0,0.005131,1,4,389
2025-05-17 07:09:11,175c2591bdac015230215bc044e35524977ee384b2295c2a5eedca8cd35458c5,897071,51853.0,219.0,0.004223,1,3,370
2025-05-11 17:27:36,daa0ad72ba31d7226915e780e074b30cf1603880db84f2ea1f41e6e0f105ec28,896286,112783.0,432.0,0.00383,1,2,225
2025-05-11 17:27:36,a03a27130e11baca7a88620abbf2baa2d1aa9339cf1d854951722573258cec24,896286,27920.0,423.0,0.01515,1,2,223
2025-05-11 17:27:36,77a0ada2855f66aefdec1d2f497fc16b866b58b9d3f51f2ec2af97eb6ea59922,896286,533373.0,432.0,0.00081,1,2,225
2025-05-11 17:27:36,0cebcb2e9202cae59735f25b131f56bbc56f86556a023afe335e357b6468251f,896286,281637.0,636.0,0.002258,2,2,374
2025-05-11 17:27:36,923e7359aae13efa8c72bdbaa99863059d3702131f55389ace928630a6a71a18,896286,6408565.0,423.0,6.6e-05,1,2,222
2025-05-11 17:27:36,2bffc4a102688fd7e6a04f45c277413cc326397027a0fe2506eb14ea5b485514,896286,23903.0,330.0,0.013806,1,1,192
2025-05-11 17:27:36,4c26bc19587cfda707361b4623236d357cfddc0cbd05f173ecec53711d0d5113,896286,42590.0,330.0,0.007748,1,1,191
2025-05-11 17:27:36,1ec1b2a52158fc91b8ab0bfd6b416564ec74fa503a9633f24f09e7afe143ee10,896286,123353.0,330.0,0.002675,1,1,192
2025-05-11 17:27:36,d98b1dd802e242e702edaf23a16b6dce565b85d2e2d25d5c23bcb6a4ab26e810,896286,269893.0,432.0,0.001601,1,2,225
2025-05-11 17:27:36,c51eca48b5a79e65588f6800f2f2744302d051bc4944b1c22d1aa9c0782f4d10,896286,46903.0,408.0,0.008699,1,1,218
2025-05-11 17:27:36,f1a15678716914ad248bc2e5da60dd9e4f6739719f08d50d7fdb3eb60a11170d,896286,3986508.0,330.0,8.3e-05,1,1,191
2025-05-11 17:27:36,4a25756bd2486d4dcac62ab43d453dd6420d6f537eefd0463d21a2c4a8aced08,896286,65166.0,423.0,0.006491,1,2,223
2025-05-11 17:27:36,625cbe6c18b59035746293d4bf1d18dd2e418f06bc0c71e8b930d44298dda808,896286,60091.0,534.0,0.008887,2,1,340
2025-05-11 17:27:36,d32c8880436e1b3d2c7c9bbae3ef20ac6258a78ca2723ba8accf0ba95cc14839,896286,37669520.0,2307.0,6.1e-05,8,1,1412
2025-05-11 17:27:36,e34adf1cdc1e6ff816b785d1dd570dba0823b0c8e7a296afc73dac1b5abb4faa,896286,294836.0,1563.0,0.005301,7,1,1084
2025-05-11 17:27:36,ab587a69292443396e90a5ead9d7b3870003c515509963371e855e581730c4f3,896286,1935121.0,1350.0,0.000698,6,1,935
2025-05-11 17:27:36,82c0dad3b3d44ccde15d90673bfe19cf134884dba1f9359f17dd498fe2468416,896286,60217.0,831.0,0.0138,3,2,518
2025-05-11 17:27:36,a58947e121b8114ace422e9b40bba2afe2ec0cb9342a71a0e60a333893a11de3,896286,539322.0,678.0,0.001257,1,2,225
2025-05-11 17:27:36,3c55d1f1922652a0fc2cb4cad5574d3e808574a4c58172279bd25a164da01291,896286,391267.0,639.0,0.001633,2,2,374
2025-05-11 17:27:36,e08f45503f7ddd199918f394ea05c14c6f313e3af2ad6dbeff9818550ac457bb,896286,77225.0,630.0,0.008158,2,2,371
2025-05-11 17:27:36,7f3a0e312d8a7164339a3c4c289a0f6684f2c423bbd272565ad73ac6554b2a2d,896286,977112.0,627.0,0.000642,2,2,370
2025-05-11 17:27:36,54b70df3c392bac932058addf0aa4dec5dd36c5e066b0d9e66e3b8cd3d2505b8,896286,61948.0,543.0,0.008765,2,1,342
2025-05-11 17:27:36,8f3728ddf355f5318f048a5bd1ee47e1ec7843144b657f679dd5386cfdadce4a,896286,15355300.0,543.0,3.5e-05,2,1,342
2025-05-11 17:27:36,5c50e554f90889cf25b89f2e05cbdd9e671ddbaf41c25f3f6f43c6e67c41bdf0,896286,418667.0,534.0,0.001275,2,1,339
2025-05-11 17:27:36,234b78904ec96e8b7404b3ea0ed3bb68e7fd21e83ab810358d0562999926ed88,896286,258850.0,846.0,0.003268,3,2,522
2025-05-11 17:27:36,04b928b1c76d46851bb0cde0ab5c3243f493f72fd1b86c63d1ba05fc4ed17e6a,896286,44979.0,678.0,0.015074,1,2,222
2025-05-11 17:27:36,9609eb4d305d78513907aafee1be688964caed802d5c7ed56d3a0cdee2afef4d,896286,80690.0,1035.0,0.012827,2,1,336
2025-05-11 17:27:36,f7efc155d8ee15ccd7f98c95d607816313ff8a192a3491145dee8f7ee4b712f8,896286,2747942.0,903.0,0.000329,2,2,374
2025-05-11 17:27:36,d9c7e04dd6553016b2163ca0fbd65907a9323e4a8b0e43f36910c49d5f78ebcb,896286,142000.0,600.0,0.004225,1,1,191
2025-05-11 17:27:36,3361de1dd8a6a82faa82330e62bd7c2fb42bdf413aee66bc71c4046540f55829,896286,8516247.0,2000.0,0.000235,3,3,1018
2025-05-11 17:27:36,0b3584b740c8bd9b20763d071699bbcde2d4cc06b892e472fe95e9a0a79be656,896286,24286916.0,445.0,1.8e-05,1,2,223
2025-05-11 17:27:36,dacddbf0349cf21e927e2618a000adaf8388d7e0f1f4b84d25eaa3c0ea48e186,896286,28777.0,451.0,0.015672,1,2,224
2025-05-11 17:27:36,2b6195ac9ef41b10d58cade60306b5762514cc9f9b49849da4a128b62e42f652,896286,393521456.0,1140.0,3e-06,1,4,358
2025-05-11 17:27:36,e77532877eba8d4248bbf37f605c883ca9f971541fac84b98c3a0db55805095b,896286,988194.0,451.0,0.000456,1,2,222
2025-05-11 17:27:36,0b7063940f903c003fac9f910b8dfdbdb7c5543711d8914fbc97a29cb6670608,896286,993350.0,451.0,0.000454,1,2,222
2025-05-11 17:27:36,47335b5359d79c5320c37f74be8e91926de44ba5019dc53be522e1df6708cd86,896286,61758.0,352.0,0.0057,1,1,191
2025-05-11 17:27:36,1655d8618016a655200cde7c27735dd6bebff09316b75d4b6d0d4796115ee839,896286,100451576.0,461.0,5e-06,1,2,225
2025-05-11 17:27:36,62d0d52b5b35d08a69fd262df0a6157fb8db31821d53e8b561fe21224cc0956b,896286,34100220.0,459.0,1.3e-05,1,2,223
2025-05-11 17:27:36,64a672b12e1b2b53e93b29fc96ca3a942f961d337c1181f5e1d8af7f1543ab9e,896286,4999348.0,652.0,0.00013,1,3,279
2025-05-11 17:27:36,fdfed7fd09a3bc63addfb676d9822c91e91fb569e12a5bb1fdac43e53826449c,896286,805385.0,652.0,0.00081,1,3,279
2025-05-11 17:27:36,2ce8463ea8ebade305cb3b2e06decb4d044d4195def09088c21778a59bf73bae,896286,1449598.0,679.0,0.000468,1,1,464
2025-05-11 17:27:36,47b1c00ca4e98d3c565292b4adf94e51cb2efc806cfa126b059f8ee46f2b46e9,896286,1278804.0,1068.0,0.000835,2,3,407
2025-05-11 17:27:36,0df5dc60f46f32e426426b118f1e8f8e3750ff751c5825d636223ca1fec45b00,896286,3604.0,630.0,0.174806,1,1,191
2025-05-11 17:27:36,fe3154039eb54951263309e4b93075da642ca2e3eb9fa76410586286168ce416,896286,66600.0,479.0,0.007192,1,2,225
2025-05-11 17:27:36,9921aae81bf127ea96e6de4ba7d6cee0dc52524574167f9790295dcaceb3deca,896286,2914205.0,366.0,0.000126,1,1,191
2025-05-11 17:27:36,c9197c902056cbf72a59f179b7226eeabf67ed9428f3771d5761be37da48e2ab,896286,18695.0,550.0,0.02942,1,2,245
2025-05-11 17:27:36,4b22d9a090584656ed50819465c78a68112cf62e45ef1a777d988265ad2191b8,896286,50196269.0,558.0,1.1e-05,1,2,247
2025-05-11 17:27:36,aaee48ce558f1183dbe9aa220a43c11fe4c41f4ac0553ae2887c104034cc6979,896286,295110.0,493.0,0.001671,1,2,223
2025-05-11 17:27:36,b492b2d0af9ad9a9728afe893956545c555a4427781e4c35fce2f9db7d233030,896286,46400.0,413.0,0.008901,1,1,195
2025-05-11 17:27:36,9ec0e9d6497d840b00be5e948dd2ba2a753162108cf42ef9ca8c29e2a45c1fee,896286,6669275747.0,2574.0,0.0,1,19,772
2025-05-11 17:27:36,cde6ad2deda0eea032eb89fe4bffdff9455ee5d3eadd4274e5ea6b135bbbde07,896286,397909.0,752.0,0.00189,2,1,363
2025-05-11 17:27:36,3e66f9b500cb607309fb914da75cf63282924457f18e018ae8b646a2dc2cc629,896286,2986500.0,530.0,0.000177,1,2,222
2025-05-11 17:27:36,4315ac07307014375c2cabe8599130909fa672439d31adc1ec12d2d3104e43d1,896286,5349662433.0,2860.0,1e-06,1,21,835
2025-05-11 17:27:36,afb891584d75617caa49f339b1617b543f48c3b3d90bc6448178103bf223f9d1,896286,2714990.0,646.0,0.000238,1,2,246
2025-05-11 17:27:36,4b8109b257a582d208671d5e87bd8f38d47d035691e41bf6e5396fbcd7a37eaa,896286,1272651.0,646.0,0.000508,1,2,247
2025-05-11 17:27:36,85926a42b3b653439fc6af65543ca3a753ea5d18489b6dcbf41382ce7986f3ee,896286,928996.0,1004.0,0.001081,2,2,417
2025-05-11 17:27:36,a687c43ff825f68be2e5abad0bc26d0e5b3a8436aa80770d3efe822742a684d5,896286,5495202.0,558.0,0.000102,1,2,222
2025-05-11 17:27:36,fb2fcf0c848afe35a12a13c0bc831400479121cdfe540e8b8b915a7d08e461c6,896286,167378.0,558.0,0.003334,1,2,222
2025-05-11 17:27:36,836214bef38b3ec2b94077faa2fbbfc39d838f5dfdc3ce9765ec296e74e2efad,896286,1358387.0,558.0,0.000411,1,2,222
2025-05-11 17:27:36,8d10b2e4651bc114a17b6a22a19a484eeb9d7fc3519bdb2762f945e5d27975a0,896286,1060765.0,558.0,0.000526,1,2,223
2025-05-11 17:27:36,596323818d5c1ad1d9654e9f17c2fe82739e6bfd83dcea0eab26f22330ff7edb,896286,260161.0,1638.0,0.006296,5,2,818
2025-05-11 17:27:36,1276c84cf39ee09114c48f8455c218f6ebf46c001446e19f7d5b45983d882ec8,896286,513085.0,564.0,0.001099,1,2,224
2025-05-11 17:27:36,3038e99ffc6a5ca54b7191fc182447097c10a37660079229d76562cbcfccb218,896286,632255054.0,888.0,1e-06,1,2,223
2025-05-11 17:27:36,6a7a65bcc4ec37f71df3b6d14818cb455235595bff9197366d62038c55242cfa,896286,1228644.0,566.0,0.000461,1,2,223
2025-05-11 17:27:36,5e032bd113d9e1e091e0e1504d69d5ddb68193108892fe37f12cfbe121678399,896286,909386.0,2898.0,0.003187,2,13,825
2025-05-11 17:27:36,8bee2d0e86809c897489f4e4cce268404658135b4f0f64d09106feb10d2559d7,896286,481586.0,904.0,0.001877,1,2,226
2025-05-11 17:27:36,ff3a36153a98cc8ca0ed5580bf1b9b616f07aa37b42ee563258e15ba8e5205d5,896286,821592.0,688.0,0.000837,1,3,253
2025-05-11 17:27:36,b142303873c250334a5ec4918dffdbbf98c0d442794c1bedbf4f927b50c230af,896286,11855242.0,692.0,5.8e-05,1,3,254
2025-05-11 17:27:36,2004b77a25d07332d9d81403a6727187e18521e2ac36ee28f97cd85c2d344ba3,896286,45615.0,440.0,0.009646,1,1,191
2025-05-11 17:27:36,763ef7c8fefce0abad812fda9ecc2778fa04ac1406aff086d7e7aa4ab263c8a1,896286,10736488.0,716.0,6.7e-05,2,1,342
2025-05-11 17:27:36,cde8df7250ae8cd0b5322b419ed333b94a00429ac04ba6c42c04145448a32188,896286,959187.0,564.0,0.000588,1,2,222
2025-05-11 17:27:36,62074a661d55f4298180eb8f6d6451096687990c26c5c40368dc253ca4f05c63,896286,63999288.0,712.0,1.1e-05,2,1,340
2025-05-11 17:27:36,660b4dfaaa25ec0559bc811cc5358af6528584c1c0298e177a2bdb4d34ded45a,896286,116030.0,584.0,0.005033,1,1,336
2025-05-11 17:27:36,d2988cd552f684e066d283f7d35b465edd009829ab3280f2f10dae5d5675692f,896286,415021.0,440.0,0.00106,1,1,191
2025-05-11 17:27:36,cf7290796542901e53f5f028ab29b4480ca195c2f7ed77803ee7cacdde8b562e,896286,1745603.0,812.0,0.000465,1,4,284
2025-05-11 17:27:36,bd204bce3374343b9ac7ecd7a6333c7c3e0eeef014cbe4b1f8d74483e96bbc89,896286,77010.0,840.0,0.010908,2,2,371
2025-05-11 17:27:36,5133c7af5dfebd810909f8aed1829b6c31de0707aae7227dab9ad142bbb13a90,896286,219970.0,992.0,0.00451,3,1,489
2025-05-11 17:27:36,5246647fba2ef735da431e9d9da60391554f402e278b96c9ecb1b0c52296830d,896286,3412367.0,582.0,0.000171,1,2,225
2025-05-11 17:27:36,57753e50ff3ef63b619bc6c35358f8abc2cab8b417b3085c0b5ddaaeec136044,896286,1224219.0,904.0,0.000738,1,2,223
2025-05-11 17:27:36,7199a6bb1621c9d2fc364d7f337e0e72f8873f6cd2251e4758e16fc6a28a1e5f,896286,470381.0,452.0,0.000961,1,1,192
2025-05-11 17:27:36,764e1af9aab75751e639d4c45808fca65ec2da1cd6b0e4b89560bffbe27da8bd,896286,119518.0,675.0,0.005648,1,2,245
2025-05-11 17:27:36,394a2e5b54bac8a7c6c9634134ac34d4989ee0ec43bc6c6ed0da7e9684dd4bd8,896286,16978329.0,1140.0,6.7e-05,1,4,358
2025-05-11 17:27:36,3050321c7351c13f7477000ffc0c68f40eb2786efee7afa1886ca633bd18d07a,896286,85490.0,584.0,0.006831,1,2,223
2025-05-11 17:27:36,ebcc19c6558df3a92bd960657e2b1f99a791233a8939821bd28fc2171347f9bd,896286,118738.0,1521.0,0.01281,3,3,560
2025-05-11 17:27:36,94ed9a21e5ae2be01a07f6d4da4b8eff540ef006ba3c09e0d464abf136e5f6b4,896286,696271.0,459.0,0.000659,1,2,235
2025-05-11 17:27:36,22387a74c586f04d82858977c9bee00bfa296c7e5b4ff1fd6f4d5a8c7cc0d640,896286,83570309.0,21292.0,0.000255,54,1,9307
2025-05-11 17:27:36,9c12652889e6d5e8ea53e850e5f94efa6a977e0486166cb3abc605d0f3931cbf,896286,1027661.0,1000.0,0.000973,1,2,224
2025-05-11 17:27:36,568dc5ee9f4058ee121847e5e9ad9e8742e164a183f5cba257b126bfd3474377,896286,1723405.0,639.0,0.000371,1,2,193
2025-05-11 17:27:36,ddacf86a56d934b64e897a547b15774479b8703e85ba417ab7e7f2cb3fdcccd2,896286,1123229.0,1000.0,0.00089,1,2,222
2025-05-11 17:27:36,a79dee40b085a5571e49fce90f195a194cb708185334e797aa3a8b7168410e41,896286,4797979.0,1000.0,0.000208,1,2,222
2025-05-11 17:27:36,43d49168abc434200fb42f593699e6297e7bc8938369bf7895df023521b7c7b8,896286,228705.0,866.0,0.003787,1,1,192
2025-05-11 17:27:36,5ecae2d1caeb4fb31db8509c50be868598603769e41a5bc225d2d12c2f3475a6,896286,10993.0,515.0,0.046848,1,1,162
2025-05-11 17:27:36,41c8df7978d8ea36e8bd177f402b41203bb280a9aeddb40b9bfdaca2d9adf806,896286,10571.0,910.0,0.086085,1,1,188
2025-05-11 17:27:36,09e8c7934c4f9f2d31f406dec14641fdffb211fc5456b987d1ee7b30c5251428,896286,71082.0,918.0,0.012915,1,1,188
2025-05-11 17:27:36,08526adf32fb92028a9d8329e5d503fdb0e58d27515867ad8318827dc00b1c23,896286,10845.0,546.0,0.050346,1,1,191
2025-05-11 17:27:36,ee3d2763464a7c26cfda5e1145d8af673c002dc9fab5b2982bd93b80673d02af,896286,22261938.0,705.0,3.2e-05,1,2,223
2025-05-11 17:27:36,4ea195058a5a1f9ae2f0f2e1240c73b40bc9df9fbf69e498563970a5985ed58b,896286,56420.0,1040.0,0.018433,2,2,370
2025-05-11 17:27:36,12b91dd48d9e3c2e2c5f7af897c309c97aab5dfa6a71bdc4094cd27d29b0f74e,896286,2185320.0,820.0,0.000375,1,2,245
2025-05-11 17:27:36,707ea979230d3b5d2d0ac72faf44be8d5135a03130bc0ed0b7620bc616789545,896286,1154565.0,1015.0,0.000879,1,4,284
2025-05-11 17:27:36,d91cb41020b710aa7541fb4b5f8e00dd3b9581d8780a6456075cce08a20eb317,896286,263966.0,720.0,0.002728,1,2,226
2025-05-12 03:27:37,484109b5102676191365761b261a7334c4df67ae070e73041570172bff7830ad,896352,3070569.0,346.0,0.000113,1,1,191
2025-05-12 03:27:37,d66eb44f1a340694c5dec3d4ab61f6875a7288cb421833d060003dc31e0ce3f9,896352,153800.0,200.0,0.0013,1,1,192
2025-05-12 03:27:37,fa4a7e4fd85cb661685ce5cf943288618f01ef2b39a48417d1aaf8763e4da4de,896352,58800.0,200.0,0.003401,1,1,192
2025-05-12 03:27:37,2b0704cfe383f0a35628883d4b495ad586778c23a63d3f7ad53e051801a198c5,896352,171800.0,200.0,0.001164,1,1,191
2025-05-12 03:27:37,7497d432166a3f4a16dbebf26cd14448dd051708814f5ea3688f1e9b467cb1f9,896352,100823.0,676.0,0.006705,2,2,369
2025-05-12 03:27:37,3056201abe0a697e6b3821a39b6848ab68d5848d64caf95d56fbf707af017888,896352,562000.0,267.0,0.000475,1,2,225
2025-05-12 03:27:37,dfb53bc8f95f97a5d97428c2f4894bc6963d7d0d6060f7a1036c62d3b3c57600,896352,16650310.0,1728.0,0.000104,6,1,923
2025-05-12 03:27:37,ece239ebcb00804bb4b12d2b823706c5fdd3a3d0d834dd02d2fc96cb4f01cd3a,896352,38520.0,546.0,0.014174,1,1,188
2025-05-12 03:27:37,39c5224b80ffae00a4347784363fe2a30a2c61ab884072d6c1acf43ac1b83b6b,896352,42918.0,223.0,0.005196,1,2,222
2025-05-12 03:27:37,33b01fa869029e4638cc9b1e06b6d8b824aaf24a55f116b306521275fddf4e3f,896352,1801880.0,275.0,0.000153,1,2,225
2025-05-12 03:27:37,bd1501f363eb56d1b23c515ad291c9c911c5faa018bd7af925059c00420d76da,896352,637720.0,340.0,0.000533,2,1,340
2025-05-12 03:27:37,90329c474f5ca78a7d4a9d2bf4803c1d01f9521b28074831bface5310a4a0a61,896352,297497.0,488.0,0.00164,3,1,492
2025-05-12 03:27:37,2950df4e30c1d0675a0a23a38dd424c7978b966ff8af1cea0ecb73e5f2c7083e,896352,69300.0,300.0,0.004329,1,2,234
2025-05-12 03:27:37,46f2af54be8310deb73c84254a240de50d4da962ec23a96daa5fd197f898bbe1,896352,3399670.0,544.0,0.00016,1,3,277
2025-05-12 03:27:37,b8d555bdd7c04cdfa9357ac7d2c931d0118e6232e2c5d9307d5b1d974fc62215,896352,450781.0,218.0,0.000484,1,1,193
2025-05-12 03:27:37,655d22f750eeb82f9ad77b85f157448ec6d12e8ece0bcf35e1b2b2fedebaa20c,896352,1927322.0,218.0,0.000113,1,1,193
2025-05-12 03:27:37,2c1384e20244fa13ffbeb6c228e8a62872044927d6c90957d709bf5ff4b9fe4d,896352,814667556.0,327.0,0.0,1,2,248
2025-05-12 03:27:37,d6bfff75bdfa099e34a261a90e008111be44f1add1161bad921786f9f2a1e9ee,896352,249296.0,264.0,0.001059,1,1,215
2025-05-12 03:27:37,546da8cf7d548cfbe95a6a0bcfea2f6a442282063ad0f946158ceaecfc37974e,896352,758627.0,278.0,0.000366,1,2,222
2025-05-12 03:27:37,d8c93574dc1b5b8214ae14c60cfa091e50d8dccdcb73cf34c9fb00b0c02b00c0,896352,1992072.0,280.0,0.000141,1,2,224
2025-05-12 03:27:37,ce7ea64c89673b7099f9432819588be697fcbeb54ea29af2789037b5097bd6a3,896352,152446.0,280.0,0.001837,1,2,224
2025-05-12 03:27:37,8fbf9ceebf55b20c38b17b3b1e986e2c9b5750824daa95a7cbc3f2e730e425d8,896352,95694.0,284.0,0.002968,1,2,226
2025-05-12 03:27:37,8f25ae2e8250f58e9ff48bd90bc4cfa41529ee877bd0a1520c335f43235e7d3e,896352,199591036.0,506.0,3e-06,2,2,418
2025-05-12 03:27:37,b1e1025589fd2137eeb806b69bdc2e552aa321247c4d114c18d4c6549db698ec,896352,3562662.0,279.0,7.8e-05,1,2,222
2025-05-12 03:27:37,0401f1c2e282364b74b50062fca7bd4caca74d243cb343ec05cffc5efabf88e9,896352,99724.0,279.0,0.002798,1,2,223
2025-05-12 03:27:37,9fa08ecd33718afdc97ffbc1f94f35b68a0d68b76898b2dd95da8ab7b223fc92,896352,22580598.0,279.0,1.2e-05,1,2,223
2025-05-12 03:27:37,f01087874cfbdcfa8485bc42e170a0ac16d6b88773c56b1b2544ea2fcce2a586,896352,46852513.0,279.0,6e-06,1,2,223
2025-05-12 03:27:37,11b9a4323e570d2443eb97886696a46cbd906e7f2863cfdaf74f035801244380,896352,1222890.0,279.0,0.000228,1,2,222
2025-05-12 03:27:37,3c3e9099a04f8c74e5db786a9a6026e62a4604d713cab802a13316b44c26606e,896352,32103601.0,279.0,9e-06,1,2,223
2025-05-12 03:27:37,4f5e53d913722db43becac703a347caa68a0fd6862e11675d65ea233eae88d05,896352,854895.0,279.0,0.000326,1,2,222
2025-05-12 03:27:37,f0292263e1b08b24bc41e73e1df1afe714892d2472fd5fb35814047313261944,896352,79999620.0,380.0,5e-06,1,1,192
2025-05-12 03:27:37,261009e96c928bc6d0388f9b8aa4f3d621ee890eb9b95a69ee7d7b7ea051fe1b,896352,569869.0,450.0,0.00079,2,1,389
2025-05-12 03:27:37,a6f069c961c20af112a7c0d482d6ec1b8278551ce19348a0f57c6d66ec5942ee,896352,3702328.0,684.0,0.000185,4,2,670
2025-05-12 03:27:37,d08a9d21651608272f39d266ff2fae0c43284312d797ebf77dd6c060a898bdfa,896352,18943536.0,534.0,2.8e-05,3,1,512
2025-05-12 03:27:37,dc06cf223511c48bdaeeba874c87fb383f4b82b3d9dc3ee90ea2336b4ef5795e,896352,49582.0,415.0,0.00837,2,2,371
2025-05-12 03:27:37,71175a9ea9432a3c17b82395568b49736ff25381cfe8c28965fb3f0818156657,896352,28506132.0,819.0,2.9e-05,5,2,815
2025-05-12 03:27:37,5d0ee221270b444a780c816ceb5bdee5cc67942a8aff6d95a475d1fac78a8e24,896352,8142573.0,360.0,4.4e-05,2,1,344
2025-05-12 03:27:37,fd9d539450d7beeaf65750fd8a08a01e25f608c3575678c24451bbd3556babfe,896352,238741.0,414.0,0.001734,2,2,370
2025-05-12 03:27:37,a837007ea5c106db534066af3bda4c256324cf6f0003f672eb0248f3cd0f1f39,896352,406278.0,418.0,0.001029,2,2,372
2025-05-12 03:27:37,8f9f6860684b814a1c342902ab326f41132beebf93b516faf04f43cd9687570d,896352,1010810.0,418.0,0.000414,2,2,373
2025-05-12 03:27:37,b3ceb23eff32b174bdac0290deca8056008ae6af18b68ee853937634fadab0e2,896352,327965.0,422.0,0.001287,2,2,312
2025-05-12 03:27:37,cf0eb257f282ed7be55bc570f0efa9f204dc956af5a218761c707a7e7a0bdfc6,896352,195684.0,422.0,0.002157,2,2,312
2025-05-12 03:27:37,f28ce3d950009198d1873c7d1ef39eb9d0351ed20fcd6bd44c73681b6e41e0ed,896352,204600.0,438.0,0.002141,2,2,382
2025-05-12 03:27:37,373ecf5d84aff377a8871453999fcc0e530ddc2607bfdc23379d82197e6f02da,896352,22850.0,219.0,0.009584,1,1,191
2025-05-12 03:27:37,2d2ea6608910d3451e470d9f592e2a6b64349323cccbca848c2b11ed66d6d5b3,896352,4456.0,219.0,0.049147,1,1,191
2025-05-12 03:27:37,705cd88021b2a371f0398eb7d58d10bf7887921f6b7a9f9b8045f03472d015a4,896352,47886.0,219.0,0.004573,1,1,192
2025-05-12 03:27:37,97c32206d73fc5d906ee557aae3b125a59ccdf7fcf2bd89930e3912123d27b19,896352,60657.0,219.0,0.00361,1,1,192
2025-05-12 03:27:37,6465c8d29670978647c3b380f6fdbe05910313b023784e1180480e87fa8a84c8,896352,29247.0,221.0,0.007556,1,1,193
2025-05-12 03:27:37,41e5c6664a163217438c144f1314e260935e52994a0b5b66707633ccbcc635a7,896352,182505.0,221.0,0.001211,1,1,192
2025-05-12 03:27:37,9956f7fd3b64eb3c6b486065aff20f8a5aa363862d0d6f5f67ea36e694c36fd6,896352,88975.0,265.0,0.002978,1,1,215
2025-05-12 03:27:37,90e9c0d8d62a163e0f5868877214e474e0e31a80d0b3e41962d3ac4492795cf8,896352,282996.0,281.0,0.000993,1,2,223
2025-05-12 03:27:37,7da13ad847c5801d640e3d782b24f6e4953257dcfd91d496837896bd8534f5b1,896352,25231232.0,281.0,1.1e-05,1,2,222
2025-05-12 03:27:37,de1ff41457b9d07b3545abc3b6445417e02741b8c3291ca4b299fe7a1d734e4a,896352,52596.0,281.0,0.005343,1,2,222
2025-05-12 03:27:37,0c34d4955383919272597d610dcfb4613e07e12a86f8aecaa7bd12e3224a5a47,896352,259859.0,281.0,0.001081,1,2,223
2025-05-12 03:27:37,cf24f6ac9da6c53e00bd461d133ad9c0e828b7ae0e714f2931e014fbfa935340,896352,217766.0,281.0,0.00129,1,2,223
2025-05-12 03:27:37,218b10251721c77706e6178a6a606e4ca346f9df5f7ce7b8f1ebe0b4a3165e34,896352,183694.0,281.0,0.00153,1,2,222
2025-05-12 03:27:37,d8d66c03c55c574cfcb62654dea5c3f00167d5508f224df690db7af342c00a26,896352,32210.0,281.0,0.008724,1,2,223
2025-05-12 03:27:37,84b49877b82681fd909a76e71153d5b9623d7c41d760e7c5f48ac3d4e0ddd61e,896352,47792.0,281.0,0.00588,1,2,222
2025-05-12 03:27:37,4a3e87b0aacd1a0852ce052ba6088e817f343969f5560918c8a837127e8927af,896352,225539.0,566.0,0.00251,4,1,483
2025-05-12 03:27:37,60db527806df17ce049fbc63a52b17962361d403d8cceb6a63e3ff5c693d4e7b,896352,8319717.0,283.0,3.4e-05,1,2,223
2025-05-12 03:27:37,1bcaf87cdb53b2d38c3feea13508f79daffca78ff2f528d50f4a71e511167752,896352,13201347.0,283.0,2.1e-05,1,2,223
2025-05-12 03:27:37,f66f57fd311d6c7f5c09fc5fc2e44c0d81a06387ac6bb756a841ba3c4ef89f46,896352,619491356.0,283.0,0.0,1,2,223
2025-05-12 03:27:37,b26c4ffebc4c9f5081f424c50995aa8fc1817b9f33b4d81ebdb546347502e239,896352,22698130.0,283.0,1.2e-05,1,2,223
2025-05-12 03:27:37,19af07bc8a64e1541161ce82c352c7debd88fb12799cacca289326fa3ea9fd35,896352,240877191.0,283.0,1e-06,1,2,223
2025-05-12 03:27:37,7c725a1d8c2cdd28e04c371a6d4cfa013503c0907e5bb4bedb68e635ea9e900a,896352,200143972.0,283.0,1e-06,1,2,224
2025-05-12 03:27:37,1df448480c40589df025c49239817a017fe4da7487b8b6fbdfc98953841cce06,896352,99717.0,283.0,0.002838,1,2,224
2025-05-12 03:27:37,7211939d299cfb94acb8ea14c3b407d961e93f8b8cf1eb434259d4d70fb84458,896352,18395973.0,688.0,3.7e-05,4,2,668
2025-05-12 03:27:37,2f38c99fb8c6ad93cfa5fd767fe60fea797782821406ff30a0b6625681d7f408,896352,85057.0,349.0,0.004103,1,3,256
2025-05-12 03:27:37,72debd075ba6f05171c00a55ae7c2a2d2ced0b0bbf79ff4d5244c8f0d8bd4797,896352,547421.0,553.0,0.00101,3,2,520
2025-05-12 03:27:37,d1398eea720a1e56eb8c1c455ed4e292fe8f4b998f7b37bff4f8e20d25aa64c2,896352,10537983.0,1101.0,0.000104,7,2,1117
2025-05-12 03:27:37,fa81dda86619f7692e4efb8542c83656efef546d6c832850e90832bf7ca6b0fc,896352,64657.0,434.0,0.006712,1,3,298
2025-05-12 03:27:37,c8066a3b558ce935f25abb97b9fd901c63bba025e7f31532157158caac2921fb,896352,71131.0,226.0,0.003177,1,1,194
2025-05-12 03:27:37,d5e9baa1b16d91a58abd1681c77e826535c91847c0e48c7de76740ba688dfefa,896352,47373.0,222.0,0.004686,1,1,193
2025-05-12 03:27:37,ee3f862793371c9e0e12fb62dca3c622fece3c337307cbc4d27864fde3a35bfa,896352,64657.0,434.0,0.006712,1,3,298
2025-05-12 03:27:37,7feb3f29237c3bef236eef494a1df9ba679ce9e8886f00011549d1d904f556f9,896352,103738.0,424.0,0.004087,2,2,312
2025-05-12 03:27:37,56c391c1d259e783d713fb8e9f4718c7cd341894fdf8f74c8e780d686093f3f7,896352,1926294.0,226.0,0.000117,1,1,195
2025-05-12 03:27:37,e8bdcf43145cde924c2513b6ba907156053de602875bee0af67ef2717e1240f7,896352,28956.0,222.0,0.007667,1,1,162
2025-05-12 03:27:37,57ae876663faefb1baa456df554a935740f084fdf47d52d0444697debef239f7,896352,64464.0,434.0,0.006732,1,3,298
2025-05-12 03:27:37,3c3c8b5c5443fe1fb2d69adf0ca95200c8f9e822cc7fb1d6b05f72b0605285f6,896352,981678.0,226.0,0.00023,1,1,194
2025-05-12 03:27:37,e1d0ae98b8b2267cac6237ee122fbafb5cf87b93610c79bd0c49715673b03ff6,896352,7797.0,362.0,0.046428,2,1,343
2025-05-12 03:27:37,686d5bbf61178400bbf3325da27645f6537223a4014575955f044e60c4292df5,896352,546.0,304.0,0.556777,1,1,324
2025-05-12 03:27:37,44bcb6dad296af8c8c159022296feeb760be600bf6be16f9e93fb923d84804f5,896352,148438.0,442.0,0.002978,2,2,383
2025-05-12 03:27:37,b02a7ba3191f3d7a06426cf52e4706c053b46f2e6429bf85876363a4ab3cc4f4,896352,71334.0,220.0,0.003084,1,1,192
2025-05-12 03:27:37,bfbd86c107e12ee4da0539e8717a100f93611a2f93f5af1e27701207d42b10f4,896352,41577.0,226.0,0.005436,1,1,195
2025-05-12 03:27:37,1e2907b072990687fc8477ef80ddb97e640e01eb6412e3abfaaae44b500a05f4,896352,201109.0,226.0,0.001124,1,1,194
2025-05-12 03:27:37,ccbf4093ef7cb58b1107e436dc04adf9f96e077182c4a470f67f6678538c31f2,896352,37774.0,226.0,0.005983,1,1,194
2025-05-12 03:27:37,e2d37a633b55e0bd2bb25df3f01f2a060b2499a1bcebdc99b8dd128b1015d6f1,896352,546.0,304.0,0.556777,1,1,324
2025-05-12 03:27:37,f01c586893f9f45940956d0278b597694f98e4071d37a7c72e0976fe83f483f0,896352,95426.0,434.0,0.004548,1,3,298
2025-05-12 03:27:37,2f98fc64184229cea3d8e6f700bf69d3c149d2d59295e41193b9cbca1236bdef,896352,18602.0,220.0,0.011827,1,1,192
2025-05-12 03:27:37,9f3a382f51484018d86c9e6041a96e194a1762398969bd35cfc9f7cbee27b5ee,896352,4589.0,226.0,0.049248,1,1,195
2025-05-12 03:27:37,f29bcea41eecfc15a0fcf2331f003cb84636580072c3b1cf51010c36e3208eed,896352,656230.0,410.0,0.000625,1,3,286
2025-05-12 03:27:37,e21782fbaca3f92ba20a28066222ada049a46ae15ee9235cea1357c1869742ed,896352,718964.0,418.0,0.000581,2,2,371
2025-05-12 03:27:37,d4d3b24415c8dbaf763de4f8001b90a77c99da71a20a8ee7e6527ae74b1af0ec,896352,119002.0,420.0,0.003529,2,2,372
2025-05-12 03:27:37,72bd654041a7215741032bef5afda6e1efa55a43e1b3e108dbba2a9c0c9bc0ec,896352,189862.0,410.0,0.002159,1,3,286
2025-05-12 03:27:37,16fe858127e8072cd32fe1c37e98dbc8ac07ee43e36e6875b29824ccba5e67eb,896352,64657.0,434.0,0.006712,1,3,298
2025-05-12 03:27:37,3ed9559d530d6073ef8fba99678383562b7b127ce2537098b136cf76188e84ea,896352,183150.0,410.0,0.002239,1,3,286
2025-05-12 03:27:37,4bf89e02f911a4a68ebb17346a3a3ff8e27b7ea25463a86fa509538888ab3bea,896352,66732.0,434.0,0.006504,1,3,298
2025-05-12 03:27:37,6a63bcfce4d376ecfe3ecf9d3523eeedffc799fc86781c6968e295926c84f8e7,896352,992707.0,418.0,0.000421,2,2,371
2025-05-12 03:27:37,f4b041c53bd54d7e28eb31434f3bfb088cb76d859d56d9245444394964d1cce6,896352,457900.0,282.0,0.000616,1,2,222
2025-05-12 03:27:37,7dd3ac13f112b402d07a39c3fc7ac060969becaaee6d432040e3c939b6a364e6,896352,17399419.0,418.0,2.4e-05,2,2,371
2025-05-17 17:52:33,e3eb3ad37d0299da777f1d367a63e3a44639c784d4ccee726037a163e6441c91,897134,415039.0,1445.0,0.003482,3,2,519
2025-05-17 17:52:33,16c362e57fa44e053286de4c63f055f49e49a265a57d22f17a1f3bdf192f1e3f,897134,265978.0,1445.0,0.005433,3,2,519
2025-05-17 17:52:33,5462867ae0642cfba2e05d96ecd22eb78847dfbc1729a6d42e811f44db24a63c,897134,7940610.0,749.0,9.4e-05,1,2,194
2025-05-17 17:52:33,1a12638c16f6e6d1343429d3d42210bf4fa3764fdeb1a454389dde3a0053c2a6,897134,2000000.0,2599.0,0.0013,5,1,901
2025-05-17 17:52:33,ac10f041d579095a524d34478e8943c1717b67cf196e343d929c877c41bc5f3d,897134,243252.0,684.0,0.002812,1,1,194
2025-05-17 17:52:33,1664d773eebb1b5a1733bb92471eff83aa1a52504ee71395ecc4d928b9fb8cd8,897134,243936.0,485.0,0.001988,1,1,191
2025-05-17 17:52:33,fcd10ff24c6e48c6ed869fb3bc057d9b0e0e515aab4379359b7c0a8eae8aa0e0,897134,847815.0,1185.0,0.001398,1,2,226
2025-05-17 17:52:33,33aa9b9bb62f8bbf44746d9bb144e79bdcdf355c9ba58ee0bcb70badbaa1f713,897134,1199809.0,2234.0,0.001862,1,11,508
2025-05-17 17:52:33,3561eca2a8f58c8ca2a0955564f17f557d72dafd34f68b49e2ac78c65202e3ca,897134,53508.0,750.0,0.014017,1,2,194
2025-05-17 17:52:33,cb9ec64fe9403ebdae2940dac4f7dd3a234ba85fa0b19560624c814b23949595,897134,88864.0,1161.0,0.013065,2,2,384
2025-05-17 17:52:33,254d7a93f2ce94dcec8bf5ec73745761fa7586f3e32b99a2a3f6b671b8be0605,897134,437752.0,1161.0,0.002652,2,2,383
2025-05-17 17:52:33,0180b8e7865bb5c2b0301cd4aa737f6d8fbc48c996bcef6a73f57866a45056a4,897134,484696.0,979.0,0.00202,1,1,191
2025-05-17 17:52:33,31f1948dfcee199bba14980b2e9ef151ffe12400e264fffb66bdb149260dcded,897134,679150.0,697.0,0.001026,2,2,371
2025-05-17 17:52:33,ca3c50db5dd02d48399aabbaf449c564aa4fe9a761ec024c684bc6c8a0e7a5ee,897134,95328.0,641.0,0.006724,1,1,203
2025-05-17 17:52:33,112caed789d0d1cbf1b55b48f7106543e3dce8c83b3af9544b1081ff9837f702,897134,25046.0,578.0,0.023078,1,1,191
2025-05-17 17:52:33,3b369c8ed75f5257b96574c75abecb58cbf046a06351893d931ea4e1951f969e,897134,193296.0,804.0,0.004159,1,2,234
2025-05-17 17:52:33,63ff1214d8099992d19e9c69ea2c3af0ad5d08180cc656aeb2c126259ec4b018,897134,539259.0,804.0,0.001491,1,2,235
2025-05-17 17:52:33,a8a78716c1ee95090ac8ebab20e826864fd339aa04debda495a9ab1feb3c4cdb,897134,25977.0,837.0,0.032221,1,1,191
2025-05-17 17:52:33,1ea5883b14680706a138ea523813acdb4ac3f21fa1ecb9bea0e8d8d1129ecbcd,897134,35562.0,482.0,0.013554,1,2,223
2025-05-17 17:52:33,1862c9c0fd5abae32cc393aef58c43b4366e2c37462155acc9dac6e80769ffb4,897134,98123.0,997.0,0.010161,1,1,191
2025-05-17 17:52:33,30877224fe1a932061d99a28ad0cd9c289f4f54929163a9e4b7c2513b8f5d87d,897134,137945.0,322.0,0.002334,1,2,223
2025-05-17 17:52:33,9066a547cb943606ef7ea3aab3ffa4099283cebffbac1a9651cf3b46fe349f31,897134,67708208.0,5962.0,8.8e-05,1,1,191
2025-05-17 17:52:33,ce61cd79852e3ea2a6493308c52b624510a3aca0089f267dcfaf233d5a1c1d75,897134,974414.0,13019.0,0.013361,1,1,195
2025-05-17 17:52:33,fb7cfd28487b554bfbbd0bae895abf241a3fca622ddf41596244e3864c0c345f,897134,99128507.0,16739.0,0.000169,2,168,5708
2025-05-17 17:52:33,d5b221455dd2a4228c2cdf7ae922d8d647c56f0c9a9da0aadd7508678222ccd6,897134,766672.0,1157.0,0.001509,1,1,220
2025-05-17 17:52:33,a8658567f4824bcecd2ba8c69f3652ae6f4c16e866adbd7714a69e2a4f1452af,897134,85154.0,1175.0,0.013799,1,2,223
2025-05-17 17:52:33,ad28d2054a49d98aa34aec4b23eee90906609452e9d49334fe4cd688f2de7903,897134,41061.0,1161.0,0.028275,2,2,382
2025-05-17 17:52:33,dd442ba7b6bd2dafd5f7760ad2834a53968860f843a08ac186af507083974e06,897134,199800.0,1098.0,0.005495,2,2,370
2025-05-17 17:52:33,e5291a243aa0e8b606f0063a28f08383393b5a157e0e208d0a22e9594e510a79,897134,2411513.0,1896.0,0.000786,3,2,521
2025-05-17 17:52:33,98ca9d2905f3b4910475300ed746aecad0fb04dcd12033bb62d2b6bd4b270a7d,897134,801038.0,1105.0,0.001379,2,2,372
2025-05-17 17:52:33,e5537daa0e009c06f44397b6cd0d874a56f184b203beca2d430289449033c2b5,897134,485333.0,2738.0,0.005641,1,1,195
2025-05-17 17:52:33,1439881c2253b7620e2090391233489250cbdb4f0e12db12ab2dbaee9a9637cf,897134,49169274.0,3594.0,7.3e-05,1,29,1166
2025-05-17 17:52:33,c0ba093444c1a50adfb1bdad29d16cdf0f7af5c398129e12d55861cae6a56bb5,897134,4000.0,1000.0,0.25,1,1,189
2025-05-17 17:52:33,b8b83340194e5611faf184410ceaa85d26da1ae474ade6a96da0851e451d24b8,897134,42430773.0,918.0,2.2e-05,1,2,235
2025-05-17 17:52:33,170925ed595557da39325b2e9442bf7f068a9e3b8d6bcbd28a62f7aa734ed48d,897134,42702586.0,852.0,2e-05,1,2,223
2025-05-17 17:52:33,1359410d1310267586ae5b293f773afcc02ef436d75e36cf09c729460d6427ce,897134,42712270.0,864.0,2e-05,1,2,226
2025-05-17 17:52:33,169186e3a0bc3286de16f548cf52ee110707df758e6e9612e01cf3c2353de124,897134,42809612.0,677.0,1.6e-05,1,2,222
2025-05-17 17:52:33,c61e0f75c1ce9292d0158e08e04ad5468a3e3e69f3e6cad1967652f288f2152c,897134,45724753.0,508.0,1.1e-05,1,2,223
2025-05-17 17:52:33,cb3134295a80564dac97fe8ace7edffb14c9800d0eeaae42f2a9dce2c2d09cfe,897134,161985.0,3376.0,0.020841,2,2,371
2025-05-17 17:52:33,32fb10486643fdf3ac855657ae6f1a8a7524d9553959948ccab4d38ea955e828,897134,999996204.0,3796.0,4e-06,1,33,1226
2025-05-17 17:52:33,2afd752a0734a9d1266546f434a0ca41131bbe3fe861bdcd861736f3483c0373,897134,242013.0,2650.0,0.01095,4,6,699
2025-05-17 17:52:33,4e55eedcba18f502d2696044efc77f7c8887510dcce4c55aff9d46688fc9bb2f,897134,259363.0,2630.0,0.01014,4,6,728
2025-05-17 17:52:33,a5b8cf6442ce4b63b10be42e428146bc676f1c279bc7dce3719179d6415ffbf6,897134,410405.0,2528.0,0.00616,1,1,191
2025-05-17 17:52:33,79f31cac39cc3fe883ba332baa03ab9d24b63aca023e0cf0121bede2f516ed23,897134,999996768.0,3232.0,3e-06,1,28,1056
2025-05-17 17:52:33,0396bbe7e30931da10d05f5c9aefce26589b203aea6ee8cdd78fdbe6c5b42aee,897134,1241791.0,2650.0,0.002134,4,6,699
2025-05-17 17:52:33,3f2a571d1fe5ced90932f19f0b9ab580b6982b2cab39457668a833718049ef89,897134,3203691.0,2650.0,0.000827,4,6,699
2025-05-17 17:52:33,9b8601e514a89a561c2236b8aca88ff23a828a369a207ac088c335f41ee23467,897134,2798880.0,2650.0,0.000947,4,6,699
2025-05-17 17:52:33,65a5c6c2644bac240c7e58236451ce09044c438ccf346db9477c0c3a014bf00d,897134,91360.0,2650.0,0.029006,4,6,699
2025-05-17 17:52:33,d632fb6f488b402f97e77301e2a72f077acf8e02d58f22056c3be0d932caf533,897134,83744.0,3051.0,0.036432,2,2,372
2025-05-17 17:52:33,e62df000937bd8f32815b8d3a5279146b34f829a49adedbbe4431701a7bb5517,897134,999997963.0,2037.0,2e-06,1,21,829
2025-05-17 17:52:33,164c9e51a15daefc5ec7a8712e68a2326004506e15f879df12dbb3d7125cff31,897134,153779.0,1185.0,0.007706,1,2,223
2025-05-17 17:52:33,4abceba07d4afb4858ccaf28454f5725b44f62543ba21a19c82ed9fceaf9d91f,897134,53352.0,1185.0,0.022211,1,2,223
2025-05-17 17:52:33,30e153184e383f12cc156764393c5ae8661d2e4c250db91c16aad9ac35124312,897134,53895069.0,1185.0,2.2e-05,1,2,223
2025-05-17 17:52:33,c3035927a89e3b151f58d334629c2b401427dfa7f291345a2fd640d95a97170c,897134,265761.0,1015.0,0.003819,1,1,191
2025-05-17 17:52:33,5853d14d1f5e44b60cdc81801e693464e9d819ec45e1b21faa247b1d7e54cba1,897134,1042415.0,885.0,0.000849,1,2,247
2025-05-17 17:52:33,fbde742f2d1588a32b0c002905fe46b2c6f6c5f228bdc5904ff297ef8d722cf0,897134,463376.0,1185.0,0.002557,1,2,222
2025-05-17 17:52:33,d452fe89066bc3c4edefc7248193baaa1c4883228538babab12336acfde38fa5,897134,84011.0,822.0,0.009784,1,1,195
2025-05-17 17:52:33,fc58bc42ff0cc6f3e0999466a5e05498b0e48fc80d2af5e44961fa4871e57ab9,897134,377684411.0,1934.0,5e-06,2,8,565
2025-05-17 17:52:33,7b0bf441b847a297ca8a555159e6ff751b22591eb807bdd4c95394d3f6f96cc5,897134,404494.0,920.0,0.002274,1,3,253
2025-05-17 17:52:33,826fee79d22c2970fefe4133ba3898d7f99301e005a659925010720a1c94fbca,897134,503388.0,1167.0,0.002318,1,2,223
2025-05-17 17:52:33,3ff6abc2166c818cbcebb3b212a30064e6ec74b9cb6862cce3abe3e1b7f6421c,897134,538055.0,643.0,0.001195,1,2,223
2025-05-17 17:52:33,2141ec2752f1c1e70042a6072211764cb898c2798095d8b5f25950f1a0c92eae,897134,584198.0,643.0,0.001101,1,2,222
2025-05-17 17:52:33,632b0274d008909c3e1b70fc71b0336f00512e4123e3ff0c625e3d53068b61c6,897134,611241.0,929.0,0.00152,2,2,371
2025-05-17 17:52:33,57e6f42ec6f61b864ec866727434dec42eec3bddc33e675cd482a7b531a36065,897134,81038.0,1323.0,0.016326,1,1,215
2025-05-17 17:52:33,b9481af5468e39dfab3df2233cf1bd019cb997ce3f4231da5af571c52f3c1e32,897134,358805.0,2223.0,0.006196,3,1,489
2025-05-17 17:52:33,95cfb866935eba46a85a7506ca00fcfebd39c28fab2a108dbdbf1cea633ad24a,897134,1925933.0,4883.0,0.002535,7,10,2408
2025-05-17 17:52:33,18f3ae6c08cd34d93d9473282e012278de8781fd130c29777a09ea9df00d04d1,897134,567658.0,885.0,0.001559,1,2,246
2025-05-17 17:52:33,57b1d7d7cfaab42042069ef8a0777722c25ca1a70823749d82358ee37ad453b0,897134,66465.0,885.0,0.013315,1,2,247
2025-05-17 17:52:33,f729afc49f4e046f5ab5c3691d8a4c9b02aaac82850305d5c7f1fa1166822241,897134,492888.0,885.0,0.001796,1,2,247
2025-05-17 17:52:33,512a93c29a8abc7fc0785702854ac627f758e550b86f8bdb1550ce72edb21ed9,897134,584427.0,1818.0,0.003111,1,1,192
2025-05-17 17:52:33,74f0d7d549da768b90984c4fe4d862ea0e3ba00a2179596bed3fb3d502f3d4f9,897134,27242504.0,348.0,1.3e-05,1,2,222
2025-05-17 17:52:33,acdbb11cc6e16eb0f654f5241d578506d4f2eca0dc149d7adfa0d606a8f68391,897134,27353589.0,348.0,1.3e-05,1,2,222
2025-05-17 17:52:33,cb2dfe2a9420de56cb58e73177ee70f48a99acae76602c0fc4dea5e15ace56e6,897134,27460747.0,348.0,1.3e-05,1,2,222
2025-05-17 17:52:33,3036b99bf4397c746d1f88625d84ce66e131029db861d49a6411aed49eec6e41,897134,23399222.0,2995.0,0.000128,5,6,806
2025-05-17 17:52:33,8051180010f2096526790308e19fa696e81002b697d56b1984beb8bed734f83b,897134,68259.0,765.0,0.011207,1,2,223
2025-05-17 17:52:33,f5e88c0e9f64c07e98a3e61a08b254b5b5398432a40aa2f3e0559f1758471b8b,897134,2204140.0,2074.0,0.000941,5,1,787
2025-05-17 17:52:33,bcb19d97d730e860b7c1063c7742a89fe1c4503aabcf46f4618ef05b05462309,897134,2267381.0,1158.0,0.000511,1,2,222
2025-05-17 17:52:33,a2399eb6b228fe909a4698db8efb9404a209e8c2812b7ed07a5edfd6302d6f3b,897134,2287922.0,431.0,0.000188,1,2,235
2025-05-17 17:52:33,9af3a00912ed25caf25796ec1e752277fffb421eadd3a30b4557d2e45d3c5670,897134,121888.0,5575.0,0.045739,11,9,1578
2025-05-17 17:52:33,f3fa6ee0b02ecf579f35067e0a64b4d4f73f267be330822e8deec5f982156366,897134,2967588.0,836.0,0.000282,1,1,191
2025-05-17 17:52:33,34cd89e80f3548a57d4c1cab817efbd77e3bdad2a73ef80cee69e0a3d1da4d39,897134,4130943.0,643.0,0.000156,1,2,222
2025-05-17 17:52:33,a46069fb16cc6ab0b36a22c924dda6955a058e0c31e3090b3bb14b23f75f76ec,897134,6553634.0,643.0,9.8e-05,1,2,223
2025-05-17 17:52:33,c582c0df44c192908a99cb0b6af591d5c581132537f5e53ad0ddd51fe5bf5718,897134,23071.0,1145.0,0.049629,1,1,192
2025-05-17 17:52:33,434affb646e1b4e8e64be3109836d0422f3665b646eb008ca13152d45995f6d1,897134,130346.0,558.0,0.004281,1,2,222
2025-05-17 17:52:33,546a1317e6883cda91feb5abb2bbe1fe73d4e2e8e7f016905255146f24089bf7,897134,630904.0,419.0,0.000664,1,2,223
2025-05-17 17:52:33,09d00d672bd5010715f7f71f48befaf09cb9752404f9adbac9868792222ee881,897134,23426.0,1348.0,0.057543,1,4,330
2025-05-17 17:52:33,3398adfc1945d99288421ed2426aa00002f5dfc8dc97490cf0d76f58f3522454,897134,1482768.0,1995.0,0.001345,2,2,368
2025-05-17 17:52:33,4f7a3720d5a525bdece82a6a05a15eb76fe56271a536649effbc4391352da2b0,897134,85100.0,770.0,0.009048,1,2,193
2025-05-17 17:52:33,39ae9e56ef243a96c2adc0e1b47bcf789054cc25aa97ad74c365b01721ad959f,897134,361833.0,770.0,0.002128,1,2,193
2025-05-17 17:52:33,be03d2313cfaf1afefa55657282bf537b63df4173164b962e2fd8fb95374266f,897134,230332.0,770.0,0.003343,1,2,193
2025-05-17 17:52:33,aaac2e37518be3efcc48fd656adecc8fb6332822fb6032694a29c8f661bc7252,897134,449230.0,770.0,0.001714,1,2,193
2025-05-17 17:52:33,83658d7674d62d16f246c8afbccb246f1f8a5a0f04ae2b767003b15f55e3cb1e,897134,199230.0,770.0,0.003865,1,2,193
2025-05-17 17:52:33,fb9dfb49353ca10eccb0278bf98750f07ffa7fc01b73cab35ba6b87ce50e8e0e,897134,424821.0,770.0,0.001813,1,2,193
2025-05-17 17:52:33,7f3788be86d5e7f3eed44263b3c6e9587b7d72fa70f00a9b7dba423e103d9f0d,897134,110135.0,770.0,0.006991,1,2,193
2025-05-17 17:52:33,97af938b9fdd763cd27ce3e09120c8954d9c8b55d9f9d58a775917e0fe8282f2,897134,737541.0,765.0,0.001037,1,2,222
2025-05-17 17:52:33,ae0e3ef08111fcabad39c3582e908c1190e903c895743c6428b4d0ca652c99b7,897134,22024.0,765.0,0.034735,1,2,223
2025-05-17 17:52:33,4bb1146a6efd819991c9831ec6b7dafb981c3685ac3ea78baa8d1e57f6774282,897134,171363.0,765.0,0.004464,1,2,223
2025-05-17 17:52:33,9c35edaff2112e92caba181d5342351c3e4f60fad06a5f11dd7b4706ede2681c,897134,70983.0,988.0,0.013919,1,2,222
2025-05-17 17:52:33,a1b4f04c38dc5c9000e4c5bf0f4425744e3986d2a2c6bbbdbff934837f84a6b3,897134,85023.0,929.0,0.010926,2,2,375
2025-05-17 17:52:33,0c455ef3a1f4f7419e2a94bbaf79a282f494ef7f6afaf75b445c6d8458d76682,897134,18712.0,967.0,0.051678,1,2,223
2025-05-11 22:58:45,cc75d9aa72b4b62923d5f6193f561cfccf634aa41a098c3e140411d4cd2e08dd,896321,20788.0,627.0,0.030162,2,2,370
2025-05-11 22:58:45,9bc36851bc07ff67ec312e8a3abf28793a585cef564ce75ee901e983e4b2b2a2,896321,82279549.0,627.0,8e-06,2,2,370
2025-05-11 22:58:45,21006ff1d93a1eec86d214351089615703dc0750fae08294f688f59da890d167,896321,45123.0,627.0,0.013895,2,2,370
2025-05-11 22:58:45,97b13db877004f52097cf1eb3e37e74239d48f7b539c447f1d5f0eaaac0c1e5a,896321,1554130.0,627.0,0.000403,2,2,370
2025-05-11 22:58:45,d5b203f01aca7d52cb5a0c58c58026eb47fb66ccf48d1d75e3f775ceb234b8f5,896321,22814.0,546.0,0.023933,2,1,343
2025-05-11 22:58:45,0be22a50d2efdd720b09265637c4e99e80bbeed5f00980cec7ede2e612cd47e3,896321,18417937.0,543.0,2.9e-05,2,1,342
2025-05-11 22:58:45,59952ea8d3b3cd05f5cc0340ffd591e65dc958f6a53fc7b3f1d67c7ceeb161da,896321,929504.0,543.0,0.000584,2,1,342
2025-05-11 22:58:45,f0305f6a3682dbc6622f31a5ea12ee15389415119050df35df23c6cf2feb1f9b,896321,226664.0,543.0,0.002396,2,1,342
2025-05-11 22:58:45,4f78cfc4d247cb3512b268b55a535a797116bb27c70e41f5a0465f75d0271ea9,896321,514246.0,537.0,0.001044,2,1,340
2025-05-11 22:58:45,20b2350669debeb0a27630629552d04d201e9994082b9c0e6856cb118ab714f5,896321,2673.0,534.0,0.199776,2,1,339
2025-05-11 22:58:45,4c8fd7ff1a4e7136bbf49935764d3aaea0abfcdda09c48d514848dd31a24100e,896321,546.0,510.0,0.934066,2,1,269
2025-05-11 22:58:45,376717341f27202660f81747bcb9eae33cb5fde7d8e1c2f466d27cf6a6dcfbfb,896321,832978.0,842.0,0.001011,3,2,521
2025-05-11 22:58:45,12873dddb616475401e466e58863d422c4c611a0b25d86a3bf274c382cbad514,896321,1341088152.0,800.0,1e-06,1,6,346
2025-05-11 22:58:45,7d28bf222b3e7aed14e38ef7887177d5ed9439749144ea101e2db5078f26c184,896321,60333.0,870.0,0.01442,3,2,531
2025-05-11 22:58:45,c6439800020aff92c46cc849b0dfa407f7605999cebd0a14c0fad112de548ad8,896321,114376.0,432.0,0.003777,1,2,194
2025-05-11 22:58:45,d20150ba425defe468f3cc92ea00c9920de7dcc6d1f08b7cd5f4b3bf3ea06917,896321,119904.0,432.0,0.003603,1,2,224
2025-05-11 22:58:45,908bc33fe06a42e9679a85a02004fd5b052c21cd4bf826a305a08ebc0c77a6dd,896321,4943771.0,429.0,8.7e-05,1,2,223
2025-05-11 22:58:45,44ef61210f58310ed57d9a45ea8a7fa4d8f57aaaab8463614843507a7e628f61,896321,1581851.0,429.0,0.000271,1,2,223
2025-05-11 22:58:45,fb5a1c3024d176a4a7a813ac60334dee80a356f457a4a83554cb14ca82f40ffa,896321,59989.0,426.0,0.007101,1,2,223
2025-05-11 22:58:45,e85b1e9f5042a4c5178ca570e048894af3c05d6ae36e36978d209908c9b6f6e1,896321,95201.0,426.0,0.004475,1,2,222
2025-05-11 22:58:45,2e97301cfe149a057acaab09cb683cd173abe41a22daf67448fd62ea097067ad,896321,117373.0,426.0,0.003629,1,2,222
2025-05-11 22:58:45,4228cec5dd06775bb39744b97ef7810e10c6d71dd2d9f7b3ab9fce5093135c75,896321,841095.0,426.0,0.000506,1,2,223
2025-05-11 22:58:45,ff74cba291c38a89f81e86f39ad2d9e8ba804169c08961d2ea535730986eec06,896321,302496.0,426.0,0.001408,1,2,223
2025-05-11 22:58:45,fabbce0884f1541e109738e0fbd6431f8371be2eef6cf2d0380bb481b55921f4,896321,1065433.0,1119.0,0.00105,2,2,370
2025-05-11 22:58:45,32c259dd6dd24258410c312bc0b3b8f70f9c80e9c09105ad6ac2120305d9842c,896321,576201.0,342.0,0.000594,1,1,195
2025-05-11 22:58:45,45eebcb565c5bb9821646ad40abe84c671b17ddddf642d8161701503f0333ca3,896321,191933.0,333.0,0.001735,1,1,192
2025-05-11 22:58:45,a1b755b35a51e14f43ab512677ea1731bcf39b5ccf07bd9c35228b3864adfd7d,896321,57840.0,333.0,0.005757,1,1,191
2025-05-11 22:58:45,48f3e55893aec57811f470932f2c318cf8609bcced6742132d7ea7386a4d9c3e,896321,20809.0,539.0,0.025902,2,1,341
2025-05-11 22:58:45,f36ffef9b99e45ba3e350472da9da57250068449d8cd6126a39a248ad5bb492c,896321,42402.0,639.0,0.01507,2,2,373
2025-05-11 22:58:45,5361652bbf8a1d8fa608db3aaad3cc5a366d4cbbedb746e815d82679515d26c6,896321,217889120.0,979.0,4e-06,1,7,404
2025-05-11 22:58:45,dd425001e5724ba5eb557ae1f3cc9342ee717aaac94d20c17a75db22445a2be1,896321,68161.0,2292.0,0.033626,9,6,1239
2025-05-11 22:58:45,570b5a7f65b94183810085aa09dfec149cf11054f0878791f44db9d6a83f024d,896321,1637368.0,437.0,0.000267,1,2,226
2025-05-11 22:58:45,c84afa297ec896741cdc68829edef2e487b47f13c25a404cd18033b9d69a4f38,896321,162024973.0,437.0,3e-06,1,2,225
2025-05-11 22:58:45,3d267335dd2f8460212ba6e33fb6d10b0c4571e1fd535c713b6aa2ffa824fd85,896321,136682.0,1458.0,0.010667,6,2,964
2025-05-11 22:58:45,ec5c097afa8a7e9772e44cbc02140537b3ced03032afea2c003f69cecc09a7ef,896321,896053.0,438.0,0.000489,1,2,226
2025-05-11 22:58:45,beeb67ae8663d91dbd1a219ad3f5662bef37187f1dd9d4411362cb69351771b0,896321,55298.0,438.0,0.007921,1,2,225
2025-05-11 22:58:45,44edae04641b9677e8dc26f1975853bac2cd1f1841044053f52933e7373579e0,896321,1284641.0,714.0,0.000556,1,2,234
2025-05-11 22:58:45,51845c056a067f4f2f3a77ef004f0adf7e2342874eb31bb46e07f857a9987295,896321,20813.0,345.0,0.016576,1,1,194
2025-05-11 22:58:45,b879a201ec8cb14cbcf93dd13e6232aa63f267306164a932443409800c238302,896321,17399.0,345.0,0.019829,1,1,195
2025-05-11 22:58:45,14361c0cd3bb5a41eb9adb27eb7fe837239b0fdc23afc59cacae47fd0eb2215d,896321,1154461.0,652.0,0.000565,1,3,279
2025-05-11 22:58:45,66cb7142d92786a245897be57acdf2f1a8d98644cd9740cd899ecd60a7add6c8,896321,49999135.0,865.0,1.7e-05,1,7,379
2025-05-11 22:58:45,5b75596b026f2965f9cbe18b568960a4a728178a70f06576755959d10e455627,896321,683729.0,641.0,0.000938,2,2,371
2025-05-11 22:58:45,a47fa26c5781479b37f424f46458b89dbd231ddf3b1348dcd28a31c9145fb221,896321,28821.0,546.0,0.018945,2,1,340
2025-05-11 22:58:45,82a57c9631d339abaa272b24b1a19b2a8423f09b20565efee8f2dbb3e19cb5c4,896321,1710685.0,452.0,0.000264,1,2,228
2025-05-11 22:58:45,b6fe0476bbe3b3d08819eb8c81ac7e64148bff158d968eb5141e30727eff80bb,896321,257681.0,440.0,0.001708,1,2,224
2025-05-11 22:58:45,00f4346309331de9429af643dd3d881ee4fe67b8c7703dcec5a1bf714734f2e9,896321,104575.0,546.0,0.005221,2,1,339
2025-05-11 22:58:45,970ed863dcc65d5e0443b077aaab7647edb18f2c2b6ae9808a5425d5aff8e8e0,896321,1161874.0,438.0,0.000377,1,2,222
2025-05-11 22:58:45,1c01c19b8879341e50f91ec64c7604cf0bd6553854b32ebd744e9b56e130be25,896321,47112.0,438.0,0.009297,1,2,223
2025-05-11 22:58:45,3c5d4b73f0c3a006a68bc0c196baee991ae18620fdc73761c3cecaa1eafd5f03,896321,546262.0,438.0,0.000802,1,2,222
2025-05-11 22:58:45,aece5576917f2262d7e5f1bae07471fc600500c6389df70115d873889de4ef50,896321,501076225.0,1122.0,2e-06,1,6,361
2025-05-11 22:58:45,cf89fba18af70b4b0df1b82ce8303489fe9eeb87ecf65f5ed06c1fdbfac1f857,896321,32722.0,10717.0,0.327517,3,75,3690
2025-05-11 22:58:45,d07f553165aa71602ba35e72db728c3d332b9541c71887cd560f78f221317a5f,896321,610500.0,647.0,0.00106,2,2,370
2025-05-11 22:58:45,a01f2e6db6e2c1f17fb278e4bbb2dced24e00f86a8d4f6e65f199edcd1f97564,896321,10841.0,309.0,0.028503,1,1,150
2025-05-11 22:58:45,4ac206416a917fd2e39a38e955947d96a5155512faf8fede28e43d6581cb4280,896321,53961.0,696.0,0.012898,1,2,222
2025-05-11 22:58:45,8f61e5d8dae03f79c3520405cadb20126de1d0806467116fffcbab1cd5130d93,896321,959129.0,452.0,0.000471,1,2,225
2025-05-11 22:58:45,3d58c1d9d43c7133af23a07e8e715fde5b782738f5d93a9e10e6cb2f353f64a9,896321,302835881.0,482.0,2e-06,1,2,234
2025-05-11 22:58:45,70e814afeabb99af2cafeb9f9996c78f293c85a9239b0a84852f49a5972e8647,896321,921249.0,599.0,0.00065,2,1,352
2025-05-11 22:58:45,9c9182d1af3432042661a0429216f34a586fe1e7a09d9b4a7052ea7210a03c67,896321,91341.0,350.0,0.003832,1,1,162
2025-05-11 22:58:45,fa2a3d680c8e833007520799768316474f61c89c96be5270bd123fde52f45236,896321,239637.0,448.0,0.001869,1,2,224
2025-05-11 22:58:45,caae3fd852cfa22ab67c839eed830e8e003f0eafbefd4bfbef8dff18e70d9a94,896321,21116998.0,445.0,2.1e-05,1,2,223
2025-05-11 22:58:45,53899276182086d34ccf6544f03755474fb0bb1703dd2ae9341a8e0d6db92469,896321,22333145.0,2139.0,9.6e-05,1,1,191
2025-05-11 22:58:45,a13a52e909ea18fd7eed69ace611a5d7f83f65ee23a8dcb9977bbb9fc6361e3c,896321,32872.0,10534.0,0.320455,1,1,193
2025-05-11 22:58:45,e085bddab136f9873ddae5c6dd612c29a1c0666d46b0d6e0412d1d4bc2837f35,896321,46200135.0,5447.0,0.000118,2,146,5113
2025-05-11 22:58:45,436cc3d2631fcc9a351e292a8514791f57658e92f380817c1ffeb33d34b31c0a,896321,2060338.0,1010.0,0.00049,1,1,195
2025-05-11 22:58:45,1375fc2631d326d6a5a795804ce95067a139d1317d9b408cc64d72b3e3239e3b,896321,609391967.0,1177.0,2e-06,1,8,408
2025-05-11 22:58:45,e1093e31dd18eff2b87e3d9085f1562360014028b650e29e5655a36b4fae56db,896321,610174768.0,853.0,1e-06,1,5,318
2025-05-11 22:58:45,0d9e90dd213fdb4f698079476685de73e982d304c3e033c01ff383fe9b7ea8ff,896321,611354705.0,540.0,1e-06,1,11,532
2025-05-11 22:58:45,dc53f5f90220d2ad6dd9e2ba31a064e850b9fa06f3b3a81133e9469ef426d30d,896321,100000.0,662.0,0.00662,2,2,370
2025-05-11 22:58:45,689e39f0e866e12dba1d16a03095f20acec423633c3e34865dcf83e4caa96c20,896321,116120.0,2284.0,0.019669,1,1,191
2025-05-11 22:58:45,787ceb6838e77ba37e2dec146294974738f3da3d694c6f639b3dc9067c80db87,896321,178423949.0,1371.0,8e-06,1,29,1120
2025-05-11 22:58:45,a963c227894baba030596998035e3f15ce83b6fec1d77a51fb71f419ea1b3263,896321,73775.0,2089.0,0.028316,1,1,192
2025-05-11 22:58:45,9ce14451eaf492665e8f960e18b03c046b148ef16ab3c63c063a967debb93fa5,896321,448367944.0,1229.0,3e-06,2,24,1093
2025-05-11 22:58:45,00a38acb83ae6a676d80e04f20278cd332ee6de5501701ec1b1d805cf03b19ab,896321,63202.0,677.0,0.010712,2,2,312
2025-05-11 22:58:45,ec2977deaa43015f926e933c079dc5b4da2e5ee868278dbef162aab2b8af5bf2,896321,2227637.0,2026.0,0.000909,7,2,1117
2025-05-11 22:58:45,e937cf20568cf51c682cb696db914a7d2b5babd50d620bd3af3f6ed919a7aa2e,896321,204419.0,2454.0,0.012005,9,2,1411
2025-05-11 22:58:45,8bd2f8d1869972d5fe64dbcb9679ef067483f80d3f9ae3f72c57710caa38f379,896321,15172.0,452.0,0.029792,1,2,223
2025-05-11 22:58:45,5cda876205ac95cb04f7b2a2ee50217c5c831999d15b168c1a6c22ee52cbd474,896321,411265.0,452.0,0.001099,1,2,223
2025-05-11 22:58:45,62c2903960bd3e9abc96ae20f1f4593f9a9996df02214b8f2af7c6d0d5957e6b,896321,2297406.0,452.0,0.000197,1,2,223
2025-05-11 22:58:45,8c99fd06d8af563fe521e276941686092eaf81e960ada8fd90334a57cffff0ec,896321,61471.0,505.0,0.008215,1,2,222
2025-05-11 22:58:45,5465c193ba1ea755fdc1882863802581b8462bca1396166006d4335a0db6ce54,896321,36262.0,440.0,0.012134,1,1,191
2025-05-11 22:58:45,5cba3fc0cd5840d3d7a858daf65804ad8da1f101bbd91c4f51f49c1341a2c293,896321,46903.0,1670.0,0.035605,2,2,372
2025-05-11 22:58:45,f9ed4cecbcdba5ba0e83654ee9f6b44da660032c7f7803049e26d0b8c5229995,896321,77774.0,1572.0,0.020212,2,1,353
2025-05-11 22:58:45,49f2cf3457e0d429fcd5054feaa4282cfcfea01eaa777c002df4ab7450da8971,896321,134863.0,1670.0,0.012383,2,2,370
2025-05-11 22:58:45,3c33080e7197b38d96c40c6a1d13d744c5d78fc953690d60c075a995e798fdfe,896321,64979592.0,355.0,5e-06,1,7,377
2025-05-11 22:58:45,3a02fef57b12143ebb016925fc59ee5a9b66543ca42bb6ed9bcbf01dae9f74fe,896321,65330247.0,244.0,4e-06,1,4,285
2025-05-11 22:58:45,ad3c52a9c9b067e2f097f75d0a6b3be37c244995452be0dc58cf52bfbafb3eb6,896321,43132004.0,852.0,2e-05,2,3,396
2025-05-11 22:58:45,cf217811c4fddf2162e9e2244c31d5f61da751fc4345ab7b66310cf720635ca0,896321,1397148.0,531.0,0.00038,1,2,247
2025-05-11 22:58:45,49c60e1611d7741ef544b4d354a79373a20f7b33db04a24fc4b391382f35695c,896321,69597.0,531.0,0.00763,1,2,247
2025-05-11 22:58:45,640e541fb938e90ae5618ac4ea74653c5b8b1596d396efb12dbf6030c61a6db6,896321,66382.0,618.0,0.00931,1,1,192
2025-05-11 22:58:45,b3b2b12987e898d592e601ae5ff6d2aea90a0346ec01cfc98ca2b736450089b2,896321,366832.0,1465.0,0.003994,3,2,520
2025-05-11 22:58:45,5890c6ee8de9165f183c79e6298b7bd2ce0e639b1e91d372c565b1ee54c10bf0,896321,7235006.0,169.0,2.3e-05,1,2,222
2025-05-11 22:58:45,1f411dd213cbc89d66b4491542fee765f30fcc0251c363b4d41ed2cde8e87c16,896321,18954490.0,169.0,9e-06,1,2,223
2025-05-11 22:58:45,308dae785a53a4728a4aa00568559dd463fa2f903e1ec0f40785060b655d583f,896321,87017.0,1364.0,0.015675,2,3,696
2025-05-11 22:58:45,c2b7172564e74634dfb15de695448aa95375f60ff6e13ea0aa869ebfe5ec26f3,896321,355434.0,331.0,0.000931,1,2,247
2025-05-11 22:58:45,b5b05277161c284b4efa2fdb3ea6387766ab0ce733f6ba5ed8b043044b464d29,896321,92574.0,1304.0,0.014086,2,1,339
2025-05-11 22:58:45,114048e4847fb072d85cddacf8a0178b2a0c521278e89a5649ab880a63ecd9fe,896321,304069447.0,433.0,1e-06,1,9,442
2025-05-11 22:58:45,a4955f48acf12abdea59ea8c80bd48176accb531f4db4af89b89f8455c505d9d,896321,49418203.0,465.0,9e-06,1,2,225
2025-05-11 22:58:45,6612c500c5026e4aa2833728a7bcd2e8b4512518c39b89bc2c47b184cd9064a1,896321,215792.0,462.0,0.002141,1,2,194
2025-05-11 22:58:45,b5013bcefada68a5e6a3628617b0c93cfd8388e3938d9659a3c68dfbb2335bd9,896321,3674094.0,1380.0,0.000376,4,2,670
2025-05-11 22:58:45,0c65d5a31dd3b90470bd177db1e54e225883d3a5727c5dbbd3d3c21169ad1999,896321,36934.0,459.0,0.012428,1,2,223
2025-05-13 04:15:14,8b83926500b9bbd6f8d4f967725af43179e40a2850bcb175cd0250fd4270bed5,896496,138123.0,1142.0,0.008268,1,1,192
2025-05-13 04:15:14,aff80f689ab6510ba250de13d68010d4b52c1e4514788224f5124e6dae34b219,896496,141995.0,406.0,0.002859,2,7,538
2025-05-13 04:15:14,9fcc903dd43c3e3a0ffdd15a7b63ff5c205fb6cc79b67a20045b4993a60e01d0,896496,52962.0,12777.0,0.241248,1,98,4310
2025-05-13 04:15:14,cda24eabfb16e088997238adb7145b832386b2716ce702f1acb18cde93383acb,896496,999634.0,366.0,0.000366,1,1,204
2025-05-13 04:15:14,18e3b57b338312f0f48a055da5d8247f8cd7e62d8cec1fb067adf1c0b179d2c7,896496,262775.0,669.0,0.002546,1,2,223
2025-05-13 04:15:14,7a2165864eca470e8a438fbfa44330a7c07858caed15035499ce7aff3aa09ec2,896496,94479951.0,567.0,6e-06,1,2,381
2025-05-13 04:15:14,6aa8c89514c96ede476a347dc08924b40003731964d387306afae6c65a5dd9bf,896496,414305.0,1113.0,0.002686,3,5,521
2025-05-13 04:15:14,8c32cff86c4c7ac19ce52ba090e8943e759979a75aa5a38943aa52bd0e25bfbb,896496,6484749313.0,432.0,0.0,1,2,225
2025-05-13 04:15:14,ddada55c73c2755a378d1c831c87105b6a1ff38d9480d3dc59607162ba7bf6b8,896496,124197641.0,1437.0,1.2e-05,6,2,962
2025-05-13 04:15:14,3ec07be80d5514d910360df0c650365a863436178f709a7223974d5c84b90fb8,896496,232556199.0,426.0,2e-06,1,2,223
2025-05-13 04:15:14,40e2c69baf6682c0b430446bdeeb9decdf1ffcfd7fdb1747812df1435dba63ab,896496,90615370.0,423.0,5e-06,1,2,222
2025-05-13 04:15:14,42e434e8aef54b6c6d8f260cd9ebcaaab1f7b6cea2f00956380c9edb993626a6,896496,31668507.0,609.0,1.9e-05,1,4,285
2025-05-13 04:15:14,b9f0351192f6f6ae19fa9d2e90976dde6a3b1105f825e0af2e61a9a01a52fca3,896496,160477349.0,711.0,4e-06,1,5,319
2025-05-13 04:15:14,0271b95f6a85019c5af34de0fb0759b9f5c9f7ed8409e482077c1dd71c5b51a3,896496,5001702.0,498.0,0.0001,1,2,247
2025-05-13 04:15:14,e0c36a3cda1d2fd5cc22bb6aab4a98c7ddbb04a93d10fce10ad35e4bf7adde98,896496,1700349.0,423.0,0.000249,1,2,222
2025-05-13 04:15:14,8639de7ba9b6aff4921d5668b3c9482fba60a0797af09524d8c9952b73b9a093,896496,3035868.0,306.0,0.000101,1,1,153
2025-05-13 04:15:14,93886201cb65f81f72e057eeb94e8abe40c4e2319e0be878747d39c5dfee3d93,896496,423157.0,333.0,0.000787,1,1,162
2025-05-13 04:15:14,617202459e9604a4a71353ef747f986305b81d3ecdc830c3925b685788001b88,896496,52962.0,12777.0,0.241248,1,98,4310
2025-05-13 04:15:14,3c9be249b7dd5f6dae6a7b1f25c89316acd73d516c9ffb2746b4b21774abd0f2,896496,407757.0,1113.0,0.00273,3,5,521
2025-05-13 04:15:14,518e2974dc0d6f3c5c8036d962ceeb8c8f3c51640b5e0f075c68de824567867c,896496,90331.0,366.0,0.004052,1,1,204
2025-05-13 04:15:14,1da5c34dc0d0f3b0cbc1fc367da4ed1e7c754de61bfebe909651a34255fdbb7a,896496,66358112.0,423.0,6e-06,1,2,222
2025-05-13 04:15:14,7f428143d815ccf51cd5040de92c6fd5d48d8c4c07c00ee8c7dd4a7bb5b87f6c,896496,330.0,459.0,1.390909,1,1,330
2025-05-13 04:15:14,0cbaf96396bde33f0e118ece9cf29f79b05e12b49904262dae048f0e01b91e67,896496,10735025.0,498.0,4.6e-05,1,2,248
2025-05-13 04:15:14,212c815fd1b1a82b2575a8e846795bf095ba36226e02d4bd5f6462da4c611a65,896496,66539.0,636.0,0.009558,2,2,312
2025-05-13 04:15:14,6668c82da11b988c44ba2c2c62b78dfaac40f83a9f00814b30545f465cbdb061,896496,422579.0,1113.0,0.002634,3,5,521
2025-05-13 04:15:14,809c517b4dd7800c65a3a5aae4313cb651496f3367a568a615d18f66c6c7725d,896496,28690337.0,552.0,1.9e-05,1,3,266
2025-05-13 04:15:14,3ce8ac252a64d749dc02a7275d928c528dae3972d9cc368dd3ed7f6d06fae157,896496,52962.0,12777.0,0.241248,1,98,4310
2025-05-13 04:15:14,e532d35a5436624f026a3dd0989ecebed1647a50d31acd690cdd6d438251e045,896496,627571.0,429.0,0.000684,1,1,325
2025-05-13 04:15:14,411ec0b1f6778942da5a8aba2e162d42ce640855a588468ea41ec054530beb3b,896496,1258771.0,429.0,0.000341,1,1,325
2025-05-13 04:15:14,3e2cbabcd6f71679b60fa35dff0119bdbca072d6dcd6f6dcacf09b0e6ce03936,896496,7164885.0,762.0,0.000106,2,4,355
2025-05-13 04:15:14,032d9d35d1adb4e186140da1fd7d1afc3530e5d098d80fd3df10a1d6ba60c42f,896496,52962.0,12777.0,0.241248,1,98,4310
2025-05-13 04:15:14,4637059be12e3ec2d1822f45afe0599d945b85b8d5d927099ef529cf4c6fcb2e,896496,59495254.0,708.0,1.2e-05,1,3,317
2025-05-13 04:15:14,1bdfe2b7a592f15b0d0365a6cd01bea924ae907e4a1a215b406d8f443c33ee2b,896496,299577.0,423.0,0.001412,1,2,222
2025-05-13 04:15:14,ef7450f9bd30502741eafb7105bec107f2e02b8829c06fa8ff7fbcbd320b3429,896496,337062.0,423.0,0.001255,1,2,222
2025-05-13 04:15:14,b2716bedf9ecb2e9cce82183005e2630c5f8bef106434b81fb831bd630637825,896496,422579.0,1113.0,0.002634,3,5,521
2025-05-13 04:15:14,920957ffe0cc0be2dbefb5c3471ddf19c667cff97d938135ca650b4d88d2d120,896496,720395.0,642.0,0.000891,2,2,376
2025-05-13 04:15:14,c6c7f627671aff554e6ce187e49d315942b6f5c916c2b664f13f59b95075961e,896496,625571.0,429.0,0.000686,1,1,325
2025-05-13 04:15:14,414cc82a98b5b449e15570a732eea7d2fc6bcd4d716c8466a632e5767f9d9c1b,896496,1239571.0,429.0,0.000346,1,1,325
2025-05-13 04:15:14,2eba3fb49061dfb3da66e1cffea998e329300ed2ba0f42ee43f884e22bb7791a,896496,230244.0,492.0,0.002137,1,2,245
2025-05-13 04:15:14,ed509056fa9f166333316a5907a726862b986966fe0d2c9558f74d4f7ed66b17,896496,559505.0,495.0,0.000885,1,2,247
2025-05-13 04:15:14,a876b74a5f1a25b62a439dc60ab326ec2a9c4f8774a5b2d743c0e2683a7dfb11,896496,188134.0,531.0,0.002822,1,2,258
2025-05-13 04:15:14,40f56b8a117765382ee39440e15af20eaff80dc26274fb7eb474953853c2df10,896496,415241.0,1113.0,0.00268,3,5,521
2025-05-13 04:15:14,3df30653910843a310c8d1c8446dd3e8bcb0d61b3d644e8b33737a67094f590c,896496,24982.0,432.0,0.017292,1,2,226
2025-05-13 04:15:14,52e2653cfef86f1a05fbba14e2e6113be8142c77114ab54f99d7b0d77ccb040a,896496,410650.0,1113.0,0.00271,3,5,521
2025-05-13 04:15:14,b6f4e96a03e605f74ee5c3dbbc1ce4eff671ffc085dedf0abef264e9ee81c908,896496,546.0,456.0,0.835165,1,1,325
2025-05-13 04:15:14,139f8ee1dc867e15d4663d64b083fed6c504c27273a3576b45639c5cbbdc480d,896496,26079.0,462.0,0.017715,1,2,205
2025-05-13 04:15:14,8779b06fd9caabec2bb9208a616dd41c15d08aa7b2dd3000a4c5a92e8843f300,896496,359438.0,933.0,0.002596,3,3,491
2025-05-13 04:15:14,dd14797cd9476d1c91cffe7fc6ee7441fa5267c93a46f848cbd14e7b16ab9800,896496,99393942.0,849.0,9e-06,1,6,364
2025-05-13 04:15:14,b5cc34e5065cbb11e0e9f2e667c4ff22fe62f854815cc23493e4deb728e2ac31,896496,1519963.0,4218.0,0.002775,15,1,2616
2025-05-13 04:15:14,42072541df41ed8a15578ddefa33455ff770a11831ab3272e1c691d7f4ebf3e8,896496,1039700.0,2853.0,0.002744,10,1,1756
2025-05-13 04:15:14,f76480fb8145c7e672ea4794f00703ff6b588fc585db4ecd97bb52a0957253e5,896496,16580.0,4803.0,0.289686,17,1,2970
2025-05-13 04:15:14,6b72c0b6dd3295d8f532b1d28d699be11b8007b7fa3ec0de2085afb44bce4a4d,896496,1448655.0,1560.0,0.001077,3,2,519
2025-05-13 04:15:14,5e08fafb10b3fb7b34704689e34d90cc6bfbced2dd8bb65a5df27865665d0c1f,896496,45904872.0,505.0,1.1e-05,1,2,297
2025-05-13 04:15:14,a4a1b44c0996f7050d47f96fde521fc21a753993d5a24d40e3bab5201473422f,896496,17969881.0,20526.0,0.001142,100,1,14887
2025-05-13 04:15:14,193401d83c7447d0dd83840388d3ceee0da41e3526c7f91fc683df5e1194776a,896496,306202.0,1206.0,0.003939,3,5,581
2025-05-13 04:15:14,abcdf04f1eb61e319b8d7d16f63d2e63338e4e7e1994a06eb2dce8a30d86053e,896496,31984.0,708.0,0.022136,2,1,397
2025-05-13 04:15:14,9c8326ce59a8bd170bdda4a4644d12feaab7881d8614ed20bbfc7e429a78890a,896496,113766.0,669.0,0.00588,1,2,222
2025-05-13 04:15:14,607b23926dc3dbd8827a894bff9ec11104be5567d7caf4428b7397deb32e139c,896496,83849.0,627.0,0.007478,2,2,370
2025-05-13 04:15:14,31964a0df57e21347cd7643733c15050ba912cd0fe1aeca72095a57dd2a593f8,896496,264897496.0,2367.0,9e-06,5,1,784
2025-05-13 04:15:14,d8bac359e7ad39e415e4cbb6539629bebd30bba49c47df0b4add9a2c6c2c57d3,896496,4991550.0,465.0,9.3e-05,1,2,205
2025-05-13 04:15:14,b650efff445898d4b0b7ffb4d28a0b90baa0da4f703c86a65ff9a313bfc09471,896496,1758825.0,429.0,0.000244,1,2,193
2025-05-13 04:15:14,c07b89956e88d1eea80bf89999e2ea31c43b54908cff65b501ffa7d97677a9b3,896496,266864.0,426.0,0.001596,1,2,223
2025-05-13 04:15:14,945ef9e9cd685131c6e60d4c5ce55397f38d4444f7928fea82595845f62138bd,896496,3303361.0,520.0,0.000157,1,3,253
2025-05-13 04:15:14,b62a6202d52b620e0a46a708e69c8f5cc18cb836adf784d616b14359d692fdde,896496,3248.0,672.0,0.206897,1,2,222
2025-05-13 04:15:14,b1cadfc769815a73d5498041b3a8734b73a02d6c40b3469387068ecbd5513e70,896496,2828322.0,1713.0,0.000606,9,1,1009
2025-05-13 04:15:14,05d490e1f484e9cc40fbd4da4401e272240fac642ac199403dec9ff82e86b318,896496,887322163.0,537.0,1e-06,1,3,258
2025-05-13 04:15:14,de7fb7f7c7c9f081cbaf9d7ccf6b05ac699d08aec5784683ddb576dc066ddea2,896496,1873340660.0,528.0,0.0,1,3,254
2025-05-13 04:15:14,6421f042d26b1ffe4a010055f1498d10403f1b5b5855045f2f329460dab632f7,896496,1827059438.0,525.0,0.0,1,3,254
2025-05-13 04:15:14,8ccc1d18da1d415b4a2daa3463f307f1029795eb7b8a56d2a1ce62239b19c07c,896496,1861995173.0,525.0,0.0,1,3,253
2025-05-13 04:15:14,6d2e1eb622469ff53b0e980489389e89064dfccd248d7b687dd15792575d2b49,896496,1862278512.0,525.0,0.0,1,3,254
2025-05-13 04:15:14,c340280ecd53cc99a071d1f92c9ebf93c4fc0ebdf7a9e96e828326447806913e,896496,35368.0,1487.0,0.042044,3,1,486
2025-05-13 04:15:14,48ff489c1cffcbf3bf6bcc389808d7ea878a109677885effa163e0f72d30f022,896496,1859357324.0,441.0,0.0,1,2,226
2025-05-13 04:15:14,f6a2522ce504218519db3fcf76e0111c1a4189b77b505d44a4692a205fa6c19e,896496,1872779023.0,435.0,0.0,1,2,224
2025-05-13 04:15:14,571ca7b74f6f76227cd1f5fd4fbd2aa1220ac0bfb1c6c74f1c94c03417b96a9d,896496,1866589276.0,432.0,0.0,1,2,222
2025-05-13 04:15:14,119b248ea61ff0e0b162b4b223be5f852d3ec0fb4eafe5968cd374efb9567b01,896496,1873199323.0,432.0,0.0,1,2,223
2025-05-13 04:15:14,4cfb62ce08f80996e1fa59c4dfcfe51fd75c110b0ec787726718fb04824ad024,896496,50706.0,1287.0,0.025382,1,11,501
2025-05-13 04:15:14,6931db85a858174b1b1217c9beaf1ac85039718bcadcdf61a2376894cd12dfe7,896496,482185.0,855.0,0.001773,2,2,609
2025-05-13 04:15:14,b8f7b44410800717f052c5649ff3d916c03e0a8973e4fe675c1d19eff749ce38,896496,228444957.0,1689.0,7e-06,7,2,1114
2025-05-13 04:15:14,17d03152dd1f4b73c97c2396d31150597a1ed2d174c2d1bb353e7249edc2c353,896496,145878.0,1002.0,0.006869,1,6,407
2025-05-13 04:15:14,1825f6e43bcb77d195b31f1179c925d0f81683f980b7052a14898093f2a4732c,896496,22957.0,438.0,0.019079,1,2,193
2025-05-13 04:15:14,a1f78f00b18ee9363b6112615a6af9c7109d28f516d19394d61c5be07f7947e9,896496,196755.0,546.0,0.002775,2,1,339
2025-05-13 04:15:14,3ac68570433c191081e9fc27ff5e62bbd4a6b13b55ff53a8ab2d0f6605855f7e,896496,98400.0,546.0,0.005549,2,1,339
2025-05-13 04:15:14,2329d208b1d0b00f53731138775469c1884121de1aad7723aeb2a390ef6a1994,896496,6193.0,435.0,0.070241,1,2,222
2025-05-13 04:15:14,241d1f1cff45ea8268a65cdc068ad9fa3805f76537df0ae507c8f3a0e497b501,896496,876234.0,966.0,0.001102,1,6,394
2025-05-13 04:15:14,1d46a607331bf7aa18abcec6db11c27816e2d3fa4470777005d8f2226b59f9c7,896496,999990953.0,1047.0,1e-06,2,1,339
2025-05-13 04:15:14,2eed809e2917b54d8cca944c8883b8615d5eb93f4f217c06099264d8b6cd5bd5,896496,1299570.0,930.0,0.000716,1,6,383
2025-05-13 04:15:14,77a5537ffc8c40abca89c4e4d5467c4e080bb7af25fa3f21bee048f5041c767f,896496,851790.0,930.0,0.001092,1,6,382
2025-05-13 04:15:14,ed7038ba3bc7eb3d9305c43b205878a0cb2a36fa4b3c26c0b100d7549422789f,896496,38933.0,830.0,0.021319,2,2,371
2025-05-13 04:15:14,f1564b2906a3e76678e5824034186ba1742c57146e66aafff9450f7bb47b70e1,896496,62059.0,329.0,0.005301,1,2,247
2025-05-13 04:15:14,772ce8b0ffde9534a85c4e40136bd6ef9cb36a9542add32ad40c0e6d9664adbf,896496,74528.0,801.0,0.010748,1,5,340
2025-05-13 04:15:14,41f42ce3bc6eb82d3568b2e408bdbf1c53296e071018f43b107b258524fac13f,896496,218295.0,801.0,0.003669,1,5,339
2025-05-13 04:15:14,32b66f9a5063ed6e8cd018a011e0f0c167224cd8b0c6d8f7d7801f69984af371,896496,25059.0,343.0,0.013688,1,1,191
2025-05-13 04:15:14,94dd6d3cc0e2f4316786b0c96ea965fcfb9b987016683343689f8cc281e42883,896496,1998800451.0,15000.0,8e-06,18,6,5574
2025-05-13 04:15:14,8f5b5ed257ae7f7bde0aaafca02f000868d9240ef08ffe11b6f6069c94b41506,896496,480966508.0,452.0,1e-06,1,2,226
2025-05-13 04:15:14,5ca242d3115d7b50f7609507148b4627b66d8a7526d52d6dd553d3f5dcd53e31,896496,350820.0,629.0,0.001793,1,1,200
2025-05-13 04:15:14,bcdc4c73595de03423ea2c232ed578b08ddb6ab21c2f3045eddbe901b61f3a24,896496,5697815.0,870.0,0.000153,3,2,519
2025-05-13 04:15:14,fb28ea33b41fcb6ba6c3a799231cf2c4cdb8797bc9f0a903853fcb84a436d77e,896496,131704.0,1568.0,0.011905,5,1,902
2025-05-13 04:15:14,3f81cc8edace096b7684617e271ea57b7041eae120f62441ab44ffeadd421117,896496,105644.0,1568.0,0.014842,5,1,901
2025-05-13 04:15:14,44934721da232cd7e69755a2458985956f2f81b17a85d2b8d825d1aeb26d6cbc,896496,294550.0,350.0,0.001188,1,1,192
2025-05-13 04:15:14,9dcd5c825bdf2386c3d4391590ca004f1fdea10005810310576cf29a46241ef2,896496,588828.0,1590.0,0.0027,4,6,699
2025-05-11 15:59:08,99f9ce2cbbad5f07194c260d0294d551765270a0ca354e5acb20166cc4ef0231,896278,49678.0,322.0,0.006482,1,2,222
2025-05-11 15:59:08,59c3648f010fe4720cefc7361fb0e9a31511157662610826807cb60182e64920,896278,1017469.0,322.0,0.000316,1,2,222
2025-05-11 15:59:08,11b86945550cf0651fefc9eba92529639accc8230070f65e8d1ba5806b1abf1f,896278,976697.0,322.0,0.00033,1,2,222
2025-05-11 15:59:08,0468a6dfe45b51a032f95215a93b5674300c03e5e31d11546c46d1773248311c,896278,132529.0,322.0,0.00243,1,2,223
2025-05-11 15:59:08,a530c76187a494e1fff919704f2454becdf634d128eee22a5e2b7ff245b2fc1b,896278,49105.0,322.0,0.006557,1,2,222
2025-05-11 15:59:08,552d91709415bf4dc0023422939233099e6d16c5c3dfc9e557a258405222cd19,896278,659349.0,322.0,0.000488,1,2,223
2025-05-11 15:59:08,c2132ab4aea4e3b310e6bcb9c9e2c93e63d2a9337a1915aefbbc8245d15df818,896278,57853.0,322.0,0.005566,1,2,223
2025-05-11 15:59:08,ebe4857912e3cea09c6d888857d8de15486123c85df9b5d81af806be1dc31116,896278,586136.0,322.0,0.000549,1,2,223
2025-05-11 15:59:08,c0193dec74b0e36fdd25d79f4d18d5f53664db66be76b5031ebaaff7dc7b3a15,896278,3097901.0,322.0,0.000104,1,2,223
2025-05-11 15:59:08,4cca69489dd0a16b22f10545a0037cfac6f887aea5bcd373926695e1d296f312,896278,18055349.0,322.0,1.8e-05,1,2,223
2025-05-11 15:59:08,c58b950276231e4f13bfae2d4d65ed7e9421775aa19a3f80bfffdb3696770b12,896278,210767.0,322.0,0.001528,1,2,223
2025-05-11 15:59:08,7b5c12fc267e20c4a20e37e3a7fb98ad96ba807da0f6be569e56851e765de111,896278,608618.0,322.0,0.000529,1,2,223
2025-05-11 15:59:08,2c71223d008f15eca4efb9f363de203f9eea10e1fbd9480059c8e35dac2b8710,896278,92307333.0,322.0,3e-06,1,2,223
2025-05-11 15:59:08,bb617a69b5709f260d6a15c83a3633da78de1906d8801202b45b0a04a9eba50a,896278,92086.0,322.0,0.003497,1,2,223
2025-05-11 15:59:08,22ab6c822492548037d553fa8d0c08547459ae016251be23ba4d5d8ecac3dab4,896278,43082.0,257.0,0.005965,1,1,193
2025-05-11 15:59:08,b779af0160fcdad2483c4caf8bce772c89269b7b9ee8e2aa1d5258c289ce7906,896278,57242.0,257.0,0.00449,1,1,193
2025-05-11 15:59:08,fafcdc486c91e8839a430d8a666b318b612b7a01a344f401b3a3a5c772b3fd15,896278,22603516.0,9983.0,0.000442,40,48,7340
2025-05-11 15:59:08,c91dece37971c1609e55d1ded472d99ccb22febc11817d02869010c9d654b34c,896278,1921120.0,413.0,0.000215,2,1,339
2025-05-11 15:59:08,84c6cc7709590fd781489d57bda12c3be7afc21c536e9efd9afc59b1e41c2fec,896278,23981.0,264.0,0.011009,1,1,195
2025-05-11 15:59:08,6ddbc80edf664c2941fad49970a590bb850bcaa21ea3a449170773f1696605ee,896278,43261.0,785.0,0.018146,2,1,336
2025-05-11 15:59:08,1d3b91d231166f5d5f89f56b457c3e69234c00b6d77d28057bb1dcbaf0ada3f2,896278,21893878.0,257.0,1.2e-05,1,1,191
2025-05-11 15:59:08,0251b8d4841d52032ee161eab2a0d8727c1638320ac0bc24506650b21edbc8e9,896278,22850.0,257.0,0.011247,1,1,192
2025-05-11 15:59:08,7a5338e2362ec2f04f17699f4bdc7ccdd912c7026856f885449e9a06b14757da,896278,483585.0,257.0,0.000531,1,1,191
2025-05-11 15:59:08,919062a3dc0b5f3011369d16c89240ce1081371ba0c9390cdfdd436771b5b6d0,896278,5256525.0,257.0,4.9e-05,1,1,191
2025-05-11 15:59:08,322773bfce2e09248de3d8524079e0d4d5bd3cd0bbbd846d90f2976be07cc7be,896278,36090.0,257.0,0.007121,1,1,191
2025-05-11 15:59:08,dd61510cc3f3c6df42c8b684e6ba30355d8a0cdf881bbfbce78b25856a0a48b9,896278,68815.0,257.0,0.003735,1,1,192
2025-05-11 15:59:08,401b43873de4fd87cf211620e59a96fc0866bd120db358678b8497260b691cb1,896278,104184.0,257.0,0.002467,1,1,192
2025-05-11 15:59:08,04a4815b953b2f63a2c6450e87273e5ebbee3bad8d2117b1f4fafa1820c184ad,896278,141985.0,257.0,0.00181,1,1,192
2025-05-11 15:59:08,ab9b595ee6169e80ff65d7049f110b42e79aa194837acb9eeddf978af8b0edab,896278,141224.0,257.0,0.00182,1,1,192
2025-05-11 15:59:08,42e1a66083474a65c0dafc567b141b252340f28a37029bf4127551fc69f29b92,896278,55778.0,257.0,0.004608,1,1,191
2025-05-11 15:59:08,80fb934e88bc4980326f27bcc97fbeefbe82d0abafb3b479a2de599347863084,896278,38743.0,257.0,0.006633,1,1,191
2025-05-11 15:59:08,17105aab3d0ae1f7a39f7af606a7b592b16cdb103df5a229edf9dfaed03d7182,896278,103543.0,257.0,0.002482,1,1,191
2025-05-11 15:59:08,ad51676106ca4ce6302384ac4f9897891c228eeb63f1c151295bdbab7a2a0a7f,896278,201000.0,257.0,0.001279,1,1,191
2025-05-11 15:59:08,64430f96c9957850ab159f288c31dbe5d815530ba5bef6516d85016aa7ddae78,896278,925330.0,257.0,0.000278,1,1,191
2025-05-11 15:59:08,14e915d00985ed857d98982b5429e53e298c83f721811ecdf2dad33a64f85e73,896278,628.0,257.0,0.409236,1,1,191
2025-05-11 15:59:08,d4c5aea4b5b88d190e810494000e5173ea18f7aabea7b56712be6032ea4dc64a,896278,20977.0,257.0,0.012252,1,1,192
2025-05-11 15:59:08,ae8adbe57cdacbcd4d50e2c8c820533f3b548c87fc656b8055a722c6347ba040,896278,152343.0,257.0,0.001687,1,1,191
2025-05-11 15:59:08,3fbaf13a2433891a2c029b3572fb1ec172e4b3cdd13453cb72071cab28292e34,896278,7494219.0,257.0,3.4e-05,1,1,191
2025-05-11 15:59:08,44491e7b7eb970ace725988dbd328420a77f3267e92b64188a396fe8a6690d2b,896278,336051.0,257.0,0.000765,1,1,191
2025-05-11 15:59:08,f6e8fffaf9b038646782c8fd4314d61f8950bdca4997c4508de7162764a90722,896278,574486.0,257.0,0.000447,1,1,191
2025-05-11 15:59:08,a5451aead5ca881bcb26032a653737bbfaae8b53dabdb5bb731cdffc587e6f1a,896278,59743.0,257.0,0.004302,1,1,191
2025-05-11 15:59:08,dbf81a046100f2b8637f505ca4e5785ce9e50ca839917273de20675b8e3f6912,896278,23959.0,257.0,0.010727,1,1,191
2025-05-11 15:59:08,8a93716b060a0eb254c3780d016ac317b963d86eb56ee19184eafa153e181a0b,896278,33287.0,257.0,0.007721,1,1,192
2025-05-11 15:59:08,d1baadf52c8eacb1905049ddb34132734170f338c935c4475ce190f6373f1f4f,896278,118686.0,314.0,0.002646,1,1,215
2025-05-11 15:59:08,9b61d691144b2b1292f7f3d97359abe6794cbd4166567fe57e7944b6492adc18,896278,391886.0,314.0,0.000801,1,1,216
2025-05-11 15:59:08,9451b6dfaf3cad3bf18b547fcf6c11fc0aefedcca883592abfe22f27a8f5d5b3,896278,84001825.0,524.0,6e-06,1,2,223
2025-05-11 15:59:08,720b490212765f50ae53767911dde5adf8bb771597cc4efbd55386e9be022193,896278,13473540.0,524.0,3.9e-05,1,2,222
2025-05-11 15:59:08,cbf332dca972d872c8cd25bc6d855a06982a020a3de01077b51071b4fd65f3ea,896278,14210804.0,524.0,3.7e-05,1,2,223
2025-05-11 15:59:08,24a65a485c0fa68963eb3bf7d0876faa676ad085f02edd2f15f4d7f8e57083df,896278,247000.0,317.0,0.001283,1,1,215
2025-05-11 15:59:08,dfa86d34252eefe214ab0eb5f4c5de143bd4ec1c4bd7ae7a5ac3e9951efe986e,896278,10453325.0,267.0,2.6e-05,1,1,200
2025-05-11 15:59:08,73b2e5c3d8735c72344c93b7291e722172a025efab3a222c31ec480528b867ce,896278,51421.0,812.0,0.015791,2,1,340
2025-05-11 15:59:08,98f52c387e2b33946aed3d4ed4727307c996557f68b60b082a6b3baa4fdd35b9,896278,324212.0,338.0,0.001043,1,2,222
2025-05-11 15:59:08,80e8df73d77ee29b23e37443b519d79c505092406ec314f45a5ef77a8c47a7b1,896278,466731.0,338.0,0.000724,1,2,223
2025-05-11 15:59:08,b3112052551d7e49e7e4583d45049ec07131b6fe996c395206657362a8f15fb0,896278,235657.0,264.0,0.00112,1,1,191
2025-05-11 15:59:08,af0ec5f81efd15e0be015c039c66647e6d0303179dd8951c0c3ab865b3f522a7,896278,17456077.0,1268.0,7.3e-05,1,14,601
2025-05-11 15:59:08,6f1c0108b73d710e37afc9849315a924f67097af2348fdaf58cab7d34afa94d8,896278,192346.0,1544.0,0.008027,4,1,632
2025-05-11 15:59:08,8f5529342ee2bc24cdc32f9ff3cfe589aacf1812aada479e2aa7a82b99dd32c9,896278,359698.0,601.0,0.001671,3,1,489
2025-05-11 15:59:08,40fed10e27cd0b0c2f36861658d4cfc1bd6cb88cb192b1661b2c3930f4187221,896278,52034415.0,348.0,7e-06,1,2,222
2025-05-11 15:59:08,a1e127d686e3ab905cd5795de6edbcb3ff1659a57b5a3ef622b637dde34ec0d8,896278,4000000.0,780.0,0.000195,4,1,638
2025-05-11 15:59:08,acf855752d56cfc03583d5e6c169a54788d2bb4c6fe610669d98a45e84043cf5,896278,2645.0,536.0,0.202647,3,1,330
2025-05-11 15:59:08,235b266a07b794d2a07777138085ea693c077e449b3217dea7b64383040d3350,896278,11510.0,284.0,0.024674,1,1,194
2025-05-11 15:59:08,2dcbb8ca737f26140ca347026743756f4a72300d0fe3a5c7e6909b7a3348f70c,896278,102493.0,507.0,0.004947,1,1,201
2025-05-11 15:59:08,6310c1c51bc97f8ebd0f7e20c22ce9e8f492b829befe82b4c3125b1a2e43f280,896278,2464630.0,333.0,0.000135,1,1,150
2025-05-11 15:59:08,973847622bbbe9970c2cb96827f352c8dfc775ebe18d4dc5ab7e493983592760,896278,8334115.0,310.0,3.7e-05,1,2,205
2025-05-11 15:59:08,9ad9ecd96fdae91b0b67d0704475a6adf3641520eb9f149f88c881ef8dcf0b30,896278,31262.0,282.0,0.009021,1,1,191
2025-05-11 15:59:08,e81d24e0e95e11b83be7bc3c97a80392fe32e59e8700d3dbf20c54cfac383cfd,896278,354071507.0,452.0,1e-06,1,2,226
2025-05-11 15:59:08,ed53d07fbb28fb4a8e341e21ad8197f1fceb8772493f3d2def2e6c347d0ba069,896278,354657459.0,748.0,2e-06,2,2,371
2025-05-11 15:59:08,fa502b73fa73ed485f2b63234a27c2cce2a3683fa502339f9a304c5813cc7b07,896278,104474.0,325.0,0.003111,1,4,318
2025-05-11 15:59:08,a2356aa5b44fba88a06833c2cab3a2ba555f80872c1e8fd12f262d1b7dfa979f,896278,32169.0,495.0,0.015387,1,1,189
2025-05-11 15:59:08,048262c696916ce40a833002df6cedc4f690e325ef5ad952168120750bfce806,896278,8317556331.0,373.0,0.0,1,2,193
2025-05-11 15:59:08,34e07ade01af64c08c8346caf0c824da7ee070e0e9f82b5b0e4a6d02bed10706,896278,42500.0,500.0,0.011765,1,1,189
2025-05-11 15:59:08,b546a17aabed68d85b3c5bdc963f4254d1df691427e438c367a41e0c69146696,896278,196641.0,1687.0,0.008579,4,1,630
2025-05-11 15:59:08,361b1dabbcacaa004a0b44decf304bb19366207e5ef9ba2e31960d3d115129bf,896278,95500.0,412.0,0.004314,1,2,234
2025-05-11 15:59:08,5ad4cf1366dbde931a63ecc4a4e700b2d2c54e3648cbaa2ba064127dff99a1a1,896278,25456.0,365.0,0.014338,1,1,191
2025-05-11 15:59:08,ab051291c8a818f6a35a5e8120b62ff3e263544ff368d2b2df4ce05a69561cce,896278,73979.0,322.0,0.004353,1,2,224
2025-05-11 15:59:08,3c7b895dfc9f09e219ca8547273f36fb6472dbc7176ae2f3950b9f4e921740a3,896278,2303.0,515.0,0.223621,1,1,188
2025-05-11 15:59:08,1c3938329e68f1447a1dc1718cd1b975baad20b1835b46212ec5b7bffb7a21fd,896278,112998.0,952.0,0.008425,3,3,590
2025-05-11 15:59:08,67ca99678fc742caf644bcb7151283948b84c713d863218f77265eb12fd3a4d0,896278,92340.0,423.0,0.004581,1,2,235
2025-05-11 15:59:08,bad2e0ac6a91aaf4bc758a2a6afa074f0f4b77cddb5d82b15e8699101b14608a,896278,88871126.0,736.0,8e-06,1,5,316
2025-05-11 15:59:08,e29716517189eec71edf7ef3ec0b6d43588b9cc9b54e2bfea53fcbe776173f9d,896278,89079143.0,482.0,5e-06,1,3,254
2025-05-11 15:59:08,6ccfdc296e7cac67ef14b6146b5aa0edcef495520e0376e3bff42abf0b4674bb,896278,90037331.0,356.0,4e-06,1,2,235
2025-05-11 15:59:08,3591b0027859f57f115a1fb4a555905ed5c70e49551efb881b8e094c606d8d45,896278,29713.0,399.0,0.013428,1,2,222
2025-05-11 15:59:08,a1cd327bb84b9e11efdf27cc82c78f1e58d0338f70c5e5706d9d5a5cc55711c8,896278,82033.0,963.0,0.011739,2,1,339
2025-05-11 15:59:08,e39800d58c6945664f8bcb65f834e11f87ad457cd352656eeeac97015cd9aa9d,896278,58423.0,401.0,0.006864,1,2,222
2025-05-11 15:59:08,7d08037e44b3961a62b5e2e27afc97a2166adbc18489e14ebad525595a014242,896278,189848.0,401.0,0.002112,1,2,222
2025-05-11 15:59:08,939b0224a0c21c4e39853393453804cbc6eaf138edac80e03d9089eabd9ecdcd,896278,698.0,316.0,0.452722,1,1,162
2025-05-11 15:59:08,da97d7f084a52677c411fe0900d198974745e9704136ba3af8a238b599c0312f,896278,8937482999.0,2190.0,0.0,9,3,1488
2025-05-11 15:59:08,613938b559916e8f2cdcc50c500e08635a35afecaf8e48e7da37a65d2ca62121,896278,73085812.0,760.0,1e-05,1,4,345
2025-05-11 15:59:08,3ff20d592c0da7fce531435221522f2be39b15883d0b685effbc2f8b1e0ee853,896278,1896073.0,424.0,0.000224,1,2,228
2025-05-11 15:59:08,2519cb0059d27213b16c1c0effd8fb046d85615f8449b3f26931b87d6eb445de,896278,9176979.0,497.0,5.4e-05,1,3,253
2025-05-11 15:59:08,6aa1c4614bf773833a30464f4f30c373f903a8eda6a63fcfca132a50f80f936c,896278,9405400.0,678.0,7.2e-05,1,2,234
2025-05-11 15:59:08,c47153449269c60aec0656244be5006e329cde04f3ee0e8af9801460e318997a,896278,35735016.0,485.0,1.4e-05,1,2,246
2025-05-11 15:59:08,d0eba920b08fa99e5d6c813fd2f6d52c624308d540d8c64f2d92ce7dc86bc869,896278,7685825.0,485.0,6.3e-05,1,2,247
2025-05-11 15:59:08,9788fb8d1b1b769e3af683d8333a2f9eea806abfd2a7de689c8d1f6b9470c5fd,896278,236679.0,333.0,0.001407,1,1,195
2025-05-11 15:59:08,e3e23e752b460bcc42709302cad2bad5fe789d4aea2c8a0b4913f73609ef09f9,896278,9770.0,333.0,0.034084,1,1,194
2025-05-11 15:59:08,6d23eaf12358e1aed7c6655ad22e9ec7d3da1fb525eeb2fe561d2fcec3639be1,896278,491041.0,534.0,0.001087,2,1,344
2025-05-11 15:59:08,637c83d5ff16eae33a2e9f90888f69a1a9bd7082254745f600ebf816ff2c90dd,896278,43614.0,417.0,0.009561,1,2,222
2025-05-11 15:59:08,d007a9f0377771de52524fdf3e271e2f94fa104c568f0c910b2dd1adea00dfca,896278,3568458.0,426.0,0.000119,1,2,226
2025-05-11 15:59:08,eb53c135f28f6365e7b931353b0732d730a5ead9d963847b20f828ab179d5b28,896278,99430.0,570.0,0.005733,1,1,192
2025-05-11 15:59:08,82116baec136ce13998cb66380fda46c8f82048189203bf46d059706b828941f,896278,120039430.0,570.0,5e-06,1,1,192
2025-05-12 03:41:07,fea489755bc9424dfa8ef87e77c3e0da92fac88bbf311b33b08a3104cfc86651,896353,1015668.0,465.0,0.000458,2,2,370
2025-05-12 03:41:07,8572fbf1791edbffad34fa8a3a83ef14fe89045c023f25b365f615339ba64ec4,896353,954237.0,322.0,0.000337,1,2,226
2025-05-12 03:41:07,5fad6d435f96c1257456d78d6f7dab8df4e4ff747c5a23087fa1ef8c493d5a49,896353,9136.0,322.0,0.035245,1,2,226
2025-05-12 03:41:07,65a83d1ebea3665e0624de855faa565ed1227242cc930ccd11702b6969e3a861,896353,85808.0,423.0,0.00493,1,1,189
2025-05-12 03:41:07,2f9f8bb1bf30af99406f0e04c8f068b8d992d3b38b164a71f004e0238f6a70ac,896353,938456.0,504.0,0.000537,1,2,225
2025-05-12 03:41:07,ac27b6a9b5bb23d570d2276a925f0c3913ca76282ff2b37d60370fa97f0fb7ad,896353,2165603.0,399.0,0.000184,2,1,340
2025-05-12 03:41:07,d3a78943ef58dad643f648f393bfa11176d2fd4fba6ea0c8f8055726671cd2a5,896353,377172.0,399.0,0.001058,2,1,340
2025-05-12 03:41:07,0a6d2ee7f2a72cc86fa9405306e6564fb59b1b7c867068344c8f5e940690013a,896353,94496.0,399.0,0.004222,2,1,340
2025-05-12 03:41:07,c9e8e6dc39aa1b93ede840762cb79a99c5e946f271721a76156fcad2a6fddf34,896353,3817878.0,222.0,5.8e-05,1,1,150
2025-05-12 03:41:07,e96ac7f94d4c90762564cfb136d7240a67682260e240788e256cb5f59d501c31,896353,65985736.0,499.0,8e-06,1,2,222
2025-05-12 03:41:07,e4705dc717faca9250ad5ca48719fbe4c9fe283a447149400983fdfba60cf963,896353,66149635.0,499.0,8e-06,1,2,222
2025-05-12 03:41:07,5b103c145221d07cf909a60627bbda5c3f981440e39cf8ed57ad3b57cc67a146,896353,66196762.0,499.0,8e-06,1,2,223
2025-05-12 03:41:07,16df737b1e81ffac91b05217323341d4e18d51e7338b372403e0cb73f0e2383a,896353,4610990.0,399.0,8.7e-05,2,1,339
2025-05-12 03:41:07,989c6897f06eba0ac499fcc530dfdc30fba34478dd2cbc34031607f7edd887b8,896353,902405.0,322.0,0.000357,1,2,223
2025-05-12 03:41:07,3abb8d3f27ebdbe668a948fcad6417856bfdd3a6ea3b516e7632ddbeb2c87f8a,896353,29705.0,322.0,0.01084,1,2,223
2025-05-12 03:41:07,0b1c2451ab031fcde548e08c15373119d4a2484c19c74575e69a15669ccc5c80,896353,4850709.0,322.0,6.6e-05,1,2,223
2025-05-12 03:41:07,2f57382d7ae463de1b06136b8f732dab9fd5c781609e4ee9736f62486fd6fc6e,896353,956986.0,322.0,0.000336,1,2,224
2025-05-12 03:41:07,b20b962890851ea3b4a0b005ea2e4fd778e84dbc2d59ca8b00128cd1c20edc5a,896353,870684.0,322.0,0.00037,1,2,223
2025-05-12 03:41:07,d11775df36830a3fdf5c5d5805bce4d6f1b3d502f7c2276b998eec86d0d25c4e,896353,50200.0,322.0,0.006414,1,2,224
2025-05-12 03:41:07,8c6e15b3bbb6a9f964d9439ab4ae02a11437195d4eb2149ace136029f8a3644c,896353,36270.0,322.0,0.008878,1,2,224
2025-05-12 03:41:07,9b2ab5e93c71f6018a154e49633079fabef491cc6a1b6929550b4735c1871106,896353,629486.0,322.0,0.000512,1,2,224
2025-05-12 03:41:07,8b712391d590de467533ca84d52f90095a5f500e9dec77e179801c602855b58f,896353,25617.0,257.0,0.010032,1,1,194
2025-05-12 03:41:07,042e57aa59accc7e29fc592272b88f6fd3e510c51263a255001da4bb6d9ed572,896353,86695.0,257.0,0.002964,1,1,194
2025-05-12 03:41:07,914918fcb833a320f7a5766582dfca9a5249257bc845aec51ee9f9e5be3e5263,896353,193668.0,257.0,0.001327,1,1,195
2025-05-12 03:41:07,f5cf4042d5413f46efd6597984d3eb5ce2e08086f294d4bc022fbcc639c004ac,896353,194577.0,1238.0,0.006363,4,6,867
2025-05-12 03:41:07,6c9a18469707d2c81db9fc6f59ecf294f6529356df4049f292433ff828947af7,896353,1780307.0,322.0,0.000181,1,2,223
2025-05-12 03:41:07,b197627f9d86aed473e18943c11f0bbf32dbb62f352864f8df3171d575c8d8d1,896353,499751.0,322.0,0.000644,1,2,223
2025-05-12 03:41:07,6b80daf28fa30743d268035f27f84da535203af388f7cbbbcf7eccae57a91ecb,896353,1351305.0,322.0,0.000238,1,2,222
2025-05-12 03:41:07,e92df9e30b8ad13b9c844637120cb307c7d7ba2e5e25a21bfc34b1d9ea5309ac,896353,699603.0,322.0,0.00046,1,2,222
2025-05-12 03:41:07,8fede9824fd7550541d963835559253125364f70a85f7b57291691d52ecf48c1,896353,735225.0,322.0,0.000438,1,2,223
2025-05-12 03:41:07,72500859f8c80227310d99f9b36e4d063c4ce49c813df2a2d2396322d082f2a8,896353,2191538.0,322.0,0.000147,1,2,223
2025-05-12 03:41:07,b0e8d29dedf518d57ac6860913859e91756a335b12f63429a75a216cd85777a0,896353,2132965.0,322.0,0.000151,1,2,223
2025-05-12 03:41:07,8ca1aaf3147c6cfbe1c661aa4d97c181a7a46d52e9724779b7b174f32207c787,896353,111216.0,322.0,0.002895,1,2,222
2025-05-12 03:41:07,34ed7baea1d30bb2dae8f703170d6deb0c3e5e16033d54370a71e56fc53a0b7f,896353,967230.0,322.0,0.000333,1,2,222
2025-05-12 03:41:07,fc6fbc9922bde44d0fa3260d5a87cb1530facd46b9c390ffe992c8132ba00677,896353,175196273.0,322.0,2e-06,1,2,223
2025-05-12 03:41:07,2398cf1de9af8dc36068fcadc8f2bf55743e9af2001690280990bf397af8376f,896353,22370.0,322.0,0.014394,1,2,223
2025-05-12 03:41:07,ebd757ec4aa843d50b3f745f8a2a7ad34ae1c3ad081cfdc9a43849801a595b6d,896353,193141.0,322.0,0.001667,1,2,223
2025-05-12 03:41:07,6a997c8bccf27badc81659549de6680491e98cfd4f08bf5afa2c210e2a66036a,896353,226209.0,322.0,0.001423,1,2,222
2025-05-12 03:41:07,6a04b31bf0009356d4fce376758667b0741ba5ee34996ae7f4c5399e82be8351,896353,37728.0,322.0,0.008535,1,2,223
2025-05-12 03:41:07,63bdffa6fbd9ed366d78edb791636054c28a74602b9c92b93dbae953a80c574a,896353,33937.0,322.0,0.009488,1,2,223
2025-05-12 03:41:07,6b5daf310f9bd86f4026dbd51f7027e98630dfdf6e155bda947878326fd4d53f,896353,323343.0,322.0,0.000996,1,2,222
2025-05-12 03:41:07,156eb507e71b5c95677fd6d8b039b2fdaf7e847df44a8667bdd1cafff394ef3d,896353,2255097.0,322.0,0.000143,1,2,223
2025-05-12 03:41:07,4b5ae2934d62c1b258e87a69694989989019e2cde934e75994503c51cca48c24,896353,65541.0,322.0,0.004913,1,2,222
2025-05-12 03:41:07,3db3565a6497afdb9e230ac07909822bfe639ef5e0b461e25cd98b0bc22ae820,896353,6217990.0,322.0,5.2e-05,1,2,223
2025-05-12 03:41:07,21eb184816cb38a46792ce84882ace7acf96e3d1b183135b934d631afe888103,896353,249524.0,322.0,0.00129,1,2,223
2025-05-12 03:41:07,ff3b17d75970b213a58cbe656582ec2649ba850ab9dd23be1fb30052a8fde827,896353,149870.0,676.0,0.004511,2,5,428
2025-05-12 03:41:07,8bc255dd580b3a6b8060925d7f5be72ff78a34b838fc22a7f258ee478aab1f39,896353,173370070.0,640.0,4e-06,3,2,520
2025-05-12 03:41:07,02c6fa1b701b663499e30836a47a996ac642d473137cf2445ce46a23ba735ac5,896353,3610331.0,257.0,7.1e-05,1,1,192
2025-05-12 03:41:07,ffac8b7effe25609b5dfe5caa711089bac81cb9ed37db322fc9fa1bbd17e298e,896353,56426.0,257.0,0.004555,1,1,193
2025-05-12 03:41:07,1ef93cc8b907c18ff05e20a3b4c7a37e885ea9ca534fe20d9cc4caeba9b5325f,896353,65303.0,257.0,0.003936,1,1,193
2025-05-12 03:41:07,6b636f5ab0bea2527c0c59ec4f6d67838f01248dc1b32689b4ce088db0884b19,896353,168840.0,257.0,0.001522,1,1,193
2025-05-12 03:41:07,15b2e394c7e4f2f45aaf74567b07ceb183e62d26d07fea42dd407a4c83ee0613,896353,31178.0,257.0,0.008243,1,1,192
2025-05-12 03:41:07,a3af197e5f24949cc8e5c174d85467263297b7f561e55a97ec9557379fa1e8bc,896353,25741159.0,12333.0,0.000479,53,54,9209
2025-05-12 03:41:07,494a65cae12e8ca1910dad155e336c4c5755b7c881482f53f3f7d16beb8ac2ec,896353,134768.0,257.0,0.001907,1,1,191
2025-05-12 03:41:07,a8c62dd5aa7b729277c2af5815202ce4add2f2f345ca6aed77c3b863f4fe93df,896353,140508.0,257.0,0.001829,1,1,192
2025-05-12 03:41:07,ba292f2579dbf290d4938ce95f9a736f23a105bd38431885c86b21bea1b979d5,896353,759328.0,257.0,0.000338,1,1,191
2025-05-12 03:41:07,8b023007da11519ad11ece2b7514fa4d1230f8339b4fbf1d23f6776dd727c6c4,896353,57504.0,257.0,0.004469,1,1,191
2025-05-12 03:41:07,d3d1587bed6d821a7f23e8585c9347b69ee97034efb224289caa0e12060a70bd,896353,1927349.0,257.0,0.000133,1,1,191
2025-05-12 03:41:07,72e1afc67d8af590f0dc92b6d10629a134330535b27754d7a7e0d160665ef9bb,896353,62810.0,257.0,0.004092,1,1,192
2025-05-12 03:41:07,ac0a2d5e1e18615f65665163e4b1bbbb4c6712bf5d697e02105ed9583402b2b9,896353,91410.0,257.0,0.002812,1,1,191
2025-05-12 03:41:07,961571f131b6603d0c3afe0f0d34ad7dd5ca18b332b365176fad36fca08f7eaf,896353,104158.0,257.0,0.002467,1,1,191
2025-05-12 03:41:07,fddef74ca0faaa56bbbb11919f6ff555bb558981885cdd65b2e68fc2263f06a5,896353,95998.0,257.0,0.002677,1,1,192
2025-05-12 03:41:07,07235a85e9b9183a802aa016c743655f8b40a6f38abf9013943da2d08aa63d9e,896353,333432.0,257.0,0.000771,1,1,191
2025-05-12 03:41:07,8cfd382284dfd4e8bfd3da7552a562ed47d15006fac951c3046f436dae79c58d,896353,99743.0,257.0,0.002577,1,1,192
2025-05-12 03:41:07,5ad688bf5b03f5ca9a8abaf48b2cbcaf76176ffdda6344d3b382cf99ffb20f8c,896353,183527.0,257.0,0.0014,1,1,191
2025-05-12 03:41:07,7fc4bffdebe458649bea66067ca319c3583b2d3af40b6d1ae3fe919d2d79f48b,896353,481243.0,257.0,0.000534,1,1,192
2025-05-12 03:41:07,b7477a3ac16b4f6367340c889a3806a2ed7eafec27f8b4f87261ca893d691284,896353,255419.0,257.0,0.001006,1,1,192
2025-05-12 03:41:07,d8ff2648321b3f02e158e7e9bc6a2aa6938dae4f88d61020d17fde2e5810587e,896353,44743.0,257.0,0.005744,1,1,192
2025-05-12 03:41:07,3f4e9c482a5c15d9f4f4f26228d3a9c7317b6e94554b5459b84aa29d28fe8269,896353,230658.0,257.0,0.001114,1,1,191
2025-05-12 03:41:07,e57a2bb4d89c4b9191fdcfd011b0615e52b4e126e036e7c56e4666dc44f91d67,896353,1122577.0,257.0,0.000229,1,1,191
2025-05-12 03:41:07,9f5fd59e774d5e16813b910f17152f8b5f9aa61257a7f54540d2aeb7c3e74f5e,896353,254415.0,257.0,0.00101,1,1,192
2025-05-12 03:41:07,6828458f7b443f2ff18fe8cb664ae73f6d5234f7107442337f48862f11ab685d,896353,337064.0,257.0,0.000762,1,1,192
2025-05-12 03:41:07,bf36b425fe725f31a15feb32a84c9450ae6c876c0957dacb9a186fde972b3a4c,896353,10072.0,257.0,0.025516,1,1,191
2025-05-12 03:41:07,0dddf24157a17fde0f4f22de080824910a42493baee09fcb6c9df6c1a5efe349,896353,130446.0,257.0,0.00197,1,1,191
2025-05-12 03:41:07,708c31108766a0589a95e01c27ca8203b93efbf3dbad76e9820d2c29cedaea44,896353,106287.0,257.0,0.002418,1,1,191
2025-05-12 03:41:07,33d5f9846b240ab4e71e20b71adefaaa6be52ef2c171d829df58023d49b4c538,896353,137531.0,257.0,0.001869,1,1,192
2025-05-12 03:41:07,a734e70f14f2c2fdac24cd67cca723425f004fd3259ad6cf453dbaee5dbb9b28,896353,1927606.0,257.0,0.000133,1,1,192
2025-05-12 03:41:07,4b1a5877c927bafad63badab113f73e5f1a4d33585360f4573aa56b633f067d5,896353,23622368.0,1589.0,6.7e-05,7,1,1244
2025-05-12 03:41:07,8f28833783e74b9c43b8c4c3ba82480315e23e5d6436449bfd4e3934509b6033,896353,327883.0,387.0,0.00118,1,2,246
2025-05-12 03:41:07,7df713de1cdeff2c79d257a13d122c55d3bf93181d803f39fe11fbd45dcac0a0,896353,71120.0,446.0,0.006271,1,1,189
2025-05-12 03:41:07,a89fd912b6faef20e0666c746a62f0d557f29a94124ea9e17c15bc16ca420cce,896353,546.0,570.0,1.043956,1,1,325
2025-05-12 03:41:07,0a8b3aab896d5b2693b5f54d85fe83321c6fd81836309bd5c1fa0cbeb4a01920,896353,50795.0,154.0,0.003032,1,2,205
2025-05-12 03:41:07,b51d79b0a0f223e1a880ac8e67d02deb2add71c8f594e913aa189a64cf3372a4,896353,546.0,570.0,1.043956,1,1,325
2025-05-12 03:41:07,ef81b4c3a4498cdd45c1cc4b2ad711a09ae0de44e9ec5408cf278d3c1a3b15bd,896353,50613.0,154.0,0.003043,1,2,205
2025-05-12 03:41:07,ddfe882e3ce6c3d4ae9de75afbf2a0c9ae84a4a6a3e932fbb1959e9fb054d962,896353,14944.0,504.0,0.033726,2,2,312
2025-05-12 03:41:07,73ec460d42b1d58d0d98d3d263f5072c55392db46a9954ed8b95c62f3abfacbb,896353,195900.0,366.0,0.001868,1,2,234
2025-05-12 03:41:07,332416808c6b942ba284d28d2b70b2306552e00cfe18d05cb4efaece21f9a647,896353,913987989.0,340.0,0.0,1,2,224
2025-05-12 03:41:07,c0ef8a373d35779feb8c7381fd0b392d1c6d57f37b7a100befae6e120271d0fa,896353,16757823.0,338.0,2e-05,1,2,222
2025-05-12 03:41:07,97b842f6a48fe762e683997fc29108c13f06208c2c14123ef60685520c8266b8,896353,714440736.0,338.0,0.0,1,2,222
2025-05-12 03:41:07,0606ce673376747099a85273cacc5a4716a959774d1bb9ce9f491279ce889543,896353,1556153.0,338.0,0.000217,1,2,223
2025-05-12 03:41:07,aed9649373b7cfebd81be6e73bf3db371ad5f31ace36ff7476836d7554dce719,896353,7950477.0,338.0,4.3e-05,1,2,223
2025-05-12 03:41:07,20c1570563aa9d9bbf3b36d18d73195364359268dbc3de7a59d824cee65a0e77,896353,17677548.0,367.0,2.1e-05,1,2,235
2025-05-12 03:41:07,fba43e73de5135e5277b93558f1c727d71d3dfa00b99c9638184429da148a4f5,896353,133014773.0,794.0,6e-06,1,8,412
2025-05-12 03:41:07,77da9880de0da165e1ebdf52bb868d02ac19a2d588b637d96def7cade2e130ff,896353,58400067.0,487.0,8e-06,1,4,284
2025-05-12 03:41:07,c3e1c8763e409baa54a316050fc6bb2be823b68946646d442ae57438dfc83fd2,896353,1358776163.0,487.0,0.0,1,4,285
2025-05-12 03:41:07,2354daaf23c81e2d74f807c76cac499a2b208093c6e59431dafd3323c6587faf,896353,4199996736.0,264.0,0.0,1,1,191
2025-05-12 03:41:07,4fcdf052717a83ff9c89c94dedf9a1b57902b9b795e380d40059b87b88b0d87b,896353,3490273.0,564.0,0.000162,1,5,316
2025-05-12 03:41:07,b8c1fa8f00a30ad8e7a872edb2448d3a073bf852e177b7b748186e4ed9e5111e,896353,557256305.0,413.0,1e-06,1,3,254
2025-05-12 03:41:07,2b6ff1fbc1ed7bed1271c25c96fbad67aa29b1736ceac4da4cbbff35c668112a,896353,840028803.0,346.0,0.0,1,2,226
2025-05-12 03:41:07,69589106cadb20ecc5c66a6b746684917e1b238476481e47ebe7c5c03bceecd0,896353,705509457.0,543.0,1e-06,1,2,225
2025-05-17 10:23:47,1b2e2fa8fd5bfb6ecfcc295c2365417ff9690972f67e18c19a92662fa7fb88cc,897086,1106329.0,669.0,0.000605,1,2,381
2025-05-17 10:23:47,6affa2106a12b13fd8856b40316b0c068678adbd337f42710c91a21917ad1012,897086,1004.0,796.0,0.792829,3,1,376
2025-05-17 10:23:47,38e5244bafa647026379f77f2cb80bf998f20030143540eebe3fd5153a30f281,897086,134736149.0,708.0,5e-06,1,2,391
2025-05-17 10:23:47,370ef00cb8277c7658247d0cd8533db8ebede1eabbe1e1a6a68f29a991f6bada,897086,4968465.0,666.0,0.000134,1,2,379
2025-05-17 10:23:47,e2f35178f372d5cc270ada4146946460918af8e6b47db9e0bf9725c0b2fa30ac,897086,61079340.0,666.0,1.1e-05,1,2,380
2025-05-17 10:23:47,03bc2e90661540804b46b887cacc0d8f4dc6ec7698e493867313aea8c781aba5,897086,11071251.0,666.0,6e-05,1,2,379
2025-05-17 10:23:47,a0cce86a69b065b4aa48e2043daf7ab89992e2fdd2a3b306d3e247e26dae3229,897086,2900405.0,1033.0,0.000356,2,2,672
2025-05-17 10:23:47,dfc0cf48877e0c6e290263cef5f9b95eb55aea971cc0f562d6f63a59c070b5dd,897086,1239185.0,1037.0,0.000837,2,2,675
2025-05-17 10:23:47,a6af08d694077b367d57d8110bb9cf1cd98714906917056f787928e25f0c16ae,897086,44067.0,399.0,0.009054,1,1,194
2025-05-17 10:23:47,d751b0f33e2fb905bb2bcb95c2ff611206b9343224eb74367a2b06fa9f7586b8,897086,17968.0,678.0,0.037734,1,1,192
2025-05-17 10:23:47,c0a6cf22c12611cb0817f3e23eb7282dc578d6cc273ab9d7d9f9600f6008d14c,897086,5035.0,678.0,0.134657,1,1,192
2025-05-17 10:23:47,8905eb88e32cb2d7bc106efafdda993572386009507bc965c3128a12ee3c45ce,897086,11520.0,2725.0,0.236545,3,2,407
2025-05-17 10:23:47,32df5df260ec8cf44613e03642589064e91c5f1ae9a4625242c1708b5e65dac0,897086,549876.0,254.0,0.000462,2,2,313
2025-05-17 10:23:47,a2288466d6fac8ab5b4f6e7c3c417cb0f98d24bda20bd3aa24d163a44fb06a19,897086,549876.0,254.0,0.000462,2,2,313
2025-05-17 10:23:47,c0513739ec0fec1b1a22cc373186c076f17d13a79202ccbf5e71bd54e0a0b066,897086,1145811.0,427.0,0.000373,3,4,505
2025-05-17 10:23:47,e2ce9ea76d8df5a94c534640dd1df1059791ef382f5b4569b1eaf501a1ea1c3d,897086,12891.0,735.0,0.057017,2,2,370
2025-05-17 10:23:47,e2691c149424c7b64127b62a5b48beb2be94b3c75e1a01b8818b3f58230183e0,897086,335.0,665.0,1.985075,1,1,188
2025-05-17 10:23:47,36721af2972c5e0efd0d4dc620a9116ffdcbf265a28bacb0f9d0ebd82b169d65,897086,335.0,665.0,1.985075,1,1,188
2025-05-17 10:23:47,8774c38378abce9fc27b2b8f7d69c39efc0d66db46bdfc7de7c4aa5d5383b477,897086,3835534.0,868.0,0.000226,3,1,488
2025-05-17 10:23:47,66d92b8b08d47e38c2e9741305fd8d9301f6ff2c13cc933b79401b280218638b,897086,5945400.0,500.0,8.4e-05,1,2,222
2025-05-17 10:23:47,2604d0ba381a796e0d9d7fb63cadb7671f7724a286c4634ccbdb652e35efff82,897086,3501300.0,500.0,0.000143,1,2,222
2025-05-17 10:23:47,68dc4b5a077eb214be06513f4374868b8c327ce3b6f56e418a4a627e83919a2a,897086,41326558.0,500.0,1.2e-05,1,2,222
2025-05-17 10:23:47,5879a6b3c51bbcd0067c730cd02c4a6202e9a20a36e35440919ba82567563245,897086,111599412.0,715.0,6e-06,1,2,223
2025-05-17 10:23:47,1abe9826ebc8559134f27a883c6d03098a823e1225860ebabdcfc6be4c0921a3,897086,111827959.0,286.0,3e-06,1,2,223
2025-05-17 10:23:47,9d0fc0b74f4e2ed98fd236d3aeba4d5922ecc2d07d98123fb6947504b2890893,897086,1546.0,678.0,0.438551,1,1,191
2025-05-17 10:23:47,06a082d1b51252b1671352e0ab23ff26f32231600b0e817c392e2231e3ed8763,897086,108666.0,706.0,0.006497,2,1,339
2025-05-17 10:23:47,eea491ed7a43da4eb57dcbf10c0bd7ff998b7b148784e07397ff5b605d89da11,897086,163903.0,423.0,0.002581,1,2,222
2025-05-17 10:23:47,d62821999976c4e321b264b6274dbd72c9a51b900656c249604fd735cacaf957,897086,1671488.0,1380.0,0.000826,4,2,666
2025-05-17 10:23:47,07eb3ad01c1c403c42fdeae42100eb7cc4d44d824f95ca00d94a62b39149f05b,897086,1130112.0,840.0,0.000743,3,2,521
2025-05-17 10:23:47,bed3c24a0e5ad4eb6cbf2f631ad152f67cc259372726090272e5e14d071c350c,897086,2403854.0,807.0,0.000336,3,1,376
2025-05-17 10:23:47,3ccc51eff308230044a169f6030f9e57dd1f7be3f5fb976975d7337a516abf21,897086,1862461.0,547.0,0.000294,1,2,234
2025-05-17 10:23:47,bf72a26450e3f36f9fd6a7d42ea9477091b4bb536b22c8d6d3d3c69fc7c002d0,897086,7920.0,710.0,0.089646,1,2,223
2025-05-17 10:23:47,31343b75589ea6b009a030e2d93029117429c0b61966c068c2eed00fddb2c737,897086,1486213.0,423.0,0.000285,1,2,222
2025-05-17 10:23:47,9e34d56a870c2d1a3c10ac2a496f5eeac1d66e1618d7e7aa8b2c4a5125743f78,897086,1805274.0,630.0,0.000349,2,2,372
2025-05-17 10:23:47,a438c643b982a82425458cfc352a3e22c4fc81f3e9780fc9316d07c1907c86ce,897086,166169968.0,805.0,5e-06,1,2,225
2025-05-17 10:23:47,7dc2bd536860be1f357ddd7991da55b5f494a4f13d0bbbf3177f2b58893b5242,897086,131906.0,394.0,0.002987,1,1,191
2025-05-17 10:23:47,0931e4bacbd95ffaf0929fd5a3670af021e28f3bdfad5a13da93639b2643edfd,897086,52450.0,897.0,0.017102,2,2,465
2025-05-17 10:23:47,3fe21fabe659966a832d3a0affbd381c45e2195b8419b959e9a60e051b8bbe7b,897086,2813834.0,748.0,0.000266,2,2,370
2025-05-17 10:23:47,a4d94b7ff5f3dfdf64b0ea73bd24eff6a57b04fadb70693ee95f149d427411de,897086,7327261.0,662.0,9e-05,1,3,265
2025-05-17 10:23:47,f5ebf3ba1cee8c0f01906458dbc7c7fb8ba0d47a11ec7e707e771187ad93965d,897086,5167685630.0,752.0,0.0,2,2,371
2025-05-17 10:23:47,eea5ca9e720091e67f53a7f1b3817e7c40c2f131df37d0aea8fd140e69f70643,897086,116763.0,752.0,0.00644,2,2,371
2025-05-17 10:23:47,0957749e4d9c60eda580e5ab8be256b8198935a2b1fdea7212963a520dc1afc0,897086,3459845.0,511.0,0.000148,1,2,223
2025-05-17 10:23:47,b49cbf4fa4b96305a781429b6308d1263b404bdc8bacfb51fbb61cb9f087e192,897086,2511113.0,511.0,0.000203,1,2,224
2025-05-17 10:23:47,0878238cac7bcfbbccffb073435f9c952331fbe91e898f3b7489eb44daf68391,897086,3390702.0,619.0,0.000183,1,3,254
2025-05-17 10:23:47,200d4f0a50675129b1c3d1297e95ca31a2fdfa0498b3f03c6971f5d341b9531e,897086,232298.0,997.0,0.004292,3,2,520
2025-05-17 10:23:47,3acf64123dc54e9414f185b521d11695ba596c21701ff06d3b9d79f1c785fae7,897086,22705.0,396.0,0.017441,1,1,192
2025-05-17 10:23:47,3bfe32ffd61727885b9ebf41a4a25db9a280049dd8761b07d2f88153d36043d8,897086,182141.0,756.0,0.004151,2,2,372
2025-05-17 10:23:47,5b658754a2bf5891634e181b9ef0fc855657815f9a8c06c03cdb5382aeb3b6cd,897086,21940.0,396.0,0.018049,1,1,191
2025-05-17 10:23:47,0abe6b80ae0eb2da30ba7c639cf858b5d8522b3a2423a3268275b021037b2ba4,897086,30956.0,396.0,0.012792,1,1,191
2025-05-17 10:23:47,b8fa8315c9ee6f0e02700e5afb84e7d71705ae7631fab4355b63e4dfdc5e409b,897086,231700.0,396.0,0.001709,1,1,191
2025-05-17 10:23:47,4ff8e0c2a16aae3a7328a339d68b9d8a45082df2de2e9b493601bc323c643e7e,897086,238303.0,396.0,0.001662,1,1,191
2025-05-17 10:23:47,91c1939b119eb8a40ab1a0bd2da09699c8c8d3c7b1e7dbde0be6da8076df8a67,897086,20880.0,396.0,0.018966,1,1,191
2025-05-17 10:23:47,83e8340965a784aa4cefcf4bd0e4871909c6585afc505380f5b1eb7b045dcc65,897086,25168.0,396.0,0.015734,1,1,192
2025-05-17 10:23:47,908daedf2490e8b336130d2452b63fe15d2766587663eeaa3e68a2274ad0a554,897086,176830.0,396.0,0.002239,1,1,191
2025-05-17 10:23:47,d778592871aae8e0371f074b6dc60c717287654c42dc1f28406bb8bc3f27ed2e,897086,24873.0,396.0,0.015921,1,1,191
2025-05-17 10:23:47,355cc55813b4643c91f062cd36edcf71f2a72a9d52f3945c8341c327030a5c2e,897086,41630.0,396.0,0.009512,1,1,191
2025-05-17 10:23:47,93936e238afee83a4eeacf8f30d8f513e7b04b2caa0ebf14cbb363b5922ab51a,897086,124248.0,396.0,0.003187,1,1,191
2025-05-17 10:23:47,4f147f53b97299131a6d1766d4d7c5b9dc5ceea7254b1b928f7edba35b645f09,897086,21858.0,396.0,0.018117,1,1,191
2025-05-17 10:23:47,29d6eb29cfd1fd0de80e0580acd9d9c16ce9cc9e4f2be39f33329c5609e92606,897086,27310.0,396.0,0.0145,1,1,192
2025-05-17 10:23:47,353e1ee6f08f36eb32e2613c118352ba7334c6ba0358fe2a85f15043f4221302,897086,22252.0,396.0,0.017796,1,1,192
2025-05-17 10:23:47,088d9ac6332ef56616869d1f0ed7f025bde7173438467cda646a9fc5c29ed324,897086,18690.0,5578.0,0.298448,23,5,2689
2025-05-17 10:23:47,09e6ccabc3b5971b8b5bd1feb1bbce3c7a3f67a693fdf1ee9b2f47cefaf29f5b,897086,23521.0,641.0,0.027252,2,1,340
2025-05-17 10:23:47,5eb94ba15a0889ef8813ece9b208e67a8dc59bdb7806dd771375bd8e175db4f5,897086,3331106688.0,1264.0,0.0,1,8,433
2025-05-17 10:23:47,c65b82b7ba7e7bf40573048f59b0a8c9b1504e3aa8a4fd8cb9e6cc4cf4dd35b0,897086,9003939771.0,551.0,0.0,1,2,235
2025-05-17 10:23:47,63d5072fdf27fa82da77c55a69efa77f02619e66d58bf41bf26f9bdfc3848c92,897086,755701.0,407.0,0.000539,1,1,194
2025-05-17 10:23:47,d903dd0a6f87d3e0d4c074137f47ece7b6888b4d3d4a06148e21b990be87ddee,897086,1434935627.0,508.0,0.0,1,2,222
2025-05-17 10:23:47,87af666cd1cd0a0dbb9c2c5e7da6e7cfbf7596ab60076b5b6965eddf96c8c5df,897086,21598863.0,508.0,2.4e-05,1,2,223
2025-05-17 10:23:47,a7a24cb4d4454d616b9eb1f1ebed300a8bf5615163b6f4d0841b1faf77a53dd6,897086,2724316.0,508.0,0.000186,1,2,222
2025-05-17 10:23:47,8a543d98545756ebad0e67e7f0e2749256fb14a186e6c02b3d0d14af74061dc5,897086,3084732.0,508.0,0.000165,1,2,222
2025-05-17 10:23:47,bb939c65c5bdcefb3a75b2c400ae180f483e87ddd62ea184303ce67d6c3163bd,897086,2837923899.0,508.0,0.0,1,2,222
2025-05-17 10:23:47,2065b6a66297c3772e2b74ad80d1db5a2b138d1e90bf502e2f2ba9c4e0faa8a1,897086,15792.0,508.0,0.032168,1,2,222
2025-05-17 10:23:47,b4847f2a3a2ca1ac354454648b374f7b436fd2d0fb0e5c0196cc7898d89ce69a,897086,4652897044.0,508.0,0.0,1,2,222
2025-05-17 10:23:47,34951e1d94f95f3790dcd67f0abae3c40615a3ed63a0937270115843f63b2a76,897086,2039691.0,508.0,0.000249,1,2,222
2025-05-17 10:23:47,ad4ef704c51b2e71be956b7946bd826356ae1f4131ef60a069a28a3b2a7e5851,897086,90616912.0,508.0,6e-06,1,2,222
2025-05-17 10:23:47,87769404a45f514617fdb76d1171932a186cb6c868f295a632d38547f6c42d40,897086,682515193.0,508.0,1e-06,1,2,222
2025-05-17 10:23:47,00016c3cb030d5824a66ba575f26f390e2bfbe43fe0e633aa848c3257b4bf83e,897086,1418850.0,508.0,0.000358,1,2,223
2025-05-17 10:23:47,72e2520df4e8f50772727da2144022733afa1d6c7dbba9e440da02fd37c54a0b,897086,215249153.0,508.0,2e-06,1,2,222
2025-05-17 10:23:47,c93040c6ad8190734d61f2edf84836df6aa8d652093c99adfd33cd7bd00e10b8,897086,549792.0,4393.0,0.00799,15,8,1963
2025-05-17 10:23:47,fbcce6eaadda916dbe054c7ed5a441ac6c06a2a9f501fd0df351c912cda34abd,897086,929282.0,2718.0,0.002925,10,2,1559
2025-05-17 10:23:47,8c00b24d5ea40b19e1efe9d45adedf05ba469034032ea27be57378b59fc4bdea,897086,2058557.0,2729.0,0.001326,10,2,1563
2025-05-17 10:23:47,ef1646f8e486a83b037e4b2797c33d932b5c19df0785ed7b9639c762af1b71f0,897086,190083.0,2722.0,0.01432,10,2,1562
2025-05-17 10:23:47,0312e49a243921b2b17f99b67f2623069a5f854e57987255ac665478acdb352b,897086,68271957.0,2722.0,4e-05,10,2,1563
2025-05-17 10:23:47,9d6f9f3f7b51ca1bd440a14a0bb0cd82eac7a509f48c40cec4acda8c001d8443,897086,129070.0,796.0,0.006167,2,2,382
2025-05-17 10:23:47,56180e50bda088ebe1ee0ab94164b5f6b221e5831e26cc4abbc81099d71c2172,897086,97715081.0,53957.0,0.000552,219,1,32565
2025-05-17 10:23:47,33e3e8134abce9535b4438724880d070c307e878f380a343e30cf52835e7b357,897086,7661082.0,61196.0,0.007988,248,2,36900
2025-05-17 10:23:47,9d69f97e5a16453953db043609c87575b1a5af3a98289c6ccdfc57801c9b2fd5,897086,48504.0,486.0,0.01002,1,1,215
2025-05-17 10:23:47,42bd8f5d74f74eb205a223ab1a22f09c22e56881529f1dfd4e7cf970b6720510,897086,4310103.0,893.0,0.000207,1,5,327
2025-05-17 10:23:47,269acd6ed3925080ca8929108b695157d783b85282b3e4464eae80eec4e85333,897086,688933.0,904.0,0.001312,3,1,493
2025-05-17 10:23:47,86d072742bdba36935ce3379862cf81ffc119ae51fa39e81d5f3468c7ab73a5a,897086,22432559.0,400.0,1.8e-05,1,1,191
2025-05-17 10:23:47,674bd366d3d683cb4202aadd2cdd14c5aa5defae6e5efda511da43b15619b597,897086,955418221.0,1091.0,1e-06,2,2,383
2025-05-17 10:23:47,a18ec2d71b3e17b28cd37b42bf40bf94bab2275436daa27730c09172846b0953,897086,204958998.0,830.0,4e-06,1,2,248
2025-05-17 10:23:47,7931b68d8d1215dbc311e811a46e23858d01912e7712ec8ac17c58acd2e71c4d,897086,205959828.0,830.0,4e-06,1,2,247
2025-05-17 10:23:47,8adb841ec104cacb715549892521b255ba1bc12bb2dc155c7cff99e9ea7edef4,897086,206960658.0,830.0,4e-06,1,2,248
2025-05-17 10:23:47,3d69bc782b7b198dcfd24f34e80a8bf67494d8687721855dfcdfcab2e5b306d7,897086,244961488.0,830.0,3e-06,1,2,248
2025-05-17 10:23:47,41e384ee922cb0833aee5aa990814f8d9d00b02c4bf5a63f77156aafbf524ee7,897086,249962318.0,830.0,3e-06,1,2,247
2025-05-17 10:23:47,b0b9f4de4639c765b2233b0b8443abf0a6d6ac1a6809d03df411a5dd4a3ecb5d,897086,250963148.0,664.0,3e-06,1,2,247
2025-05-17 10:23:47,9a23e43b90bc93f45730a1e38c8fa1cc076e06bd4caf19ac9b2dc6055c3dabda,897086,256963812.0,664.0,3e-06,1,2,248
2025-05-17 10:23:47,59adfed1643a6725cddb1bd2bcb377aae6a25b3881ed56ab2dc7e898acc910f7,897086,257964476.0,664.0,3e-06,1,2,247
2025-05-17 10:23:47,0bbc6d330500dd8a2b5993402d6e8b737f6d85305c90d017a183f436b2312789,897086,258965140.0,664.0,3e-06,1,2,248
2025-05-17 10:23:47,2dfe8a0999c8db0186223ddf06b22945788312d9abb5f6b08a2ae26b876a295f,897086,259965804.0,664.0,3e-06,1,2,247
2025-05-11 02:39:37,378a6845bc16e365d3f10eaca83eb3b9d79e515f52bd98baa88e6675a04fb605,896194,4720269.0,1956.0,0.000414,4,3,757
2025-05-11 02:39:37,c5e8e7cd5dcaa8aaa156e2455059abca8e3088aaaacb3808e67f918a197cc619,896194,2905430.0,1120.0,0.000385,1,2,224
2025-05-11 02:39:37,d8ad33979767bfd9ab68073b350028ed0116160cd1df2828c90441967da256c1,896194,3098361.0,900.0,0.00029,1,2,223
2025-05-11 02:39:37,bf718936017e28b45c194caf3dedf5fb786149a67b737eea518f0dfb919b3202,896194,11642.0,3816.0,0.327779,3,2,407
2025-05-11 02:39:37,93dcc07b3be4d4ac6ef366acd78e5f150cd48a207276633fbc8fc9f2a54d47ae,896194,555927.0,254.0,0.000457,2,2,313
2025-05-11 02:39:37,37bb0526e6bd2ea4ad470f7e99fb76b068a6b11235287bda6cd214f9d59e3f33,896194,555927.0,254.0,0.000457,2,2,313
2025-05-11 02:39:37,c16b9a318dbad0fe4f91f2ba6d36dfbdb370621e33778683470b7fc78bf1d216,896194,1149397.0,450.0,0.000392,3,4,617
2025-05-11 02:39:37,7ba30ddd1c0f830e1f867de709a0720d7003e26fae6e34bfafa85f8fbbe7f3de,896194,311385.0,643.0,0.002065,1,2,223
2025-05-11 02:39:37,119a771adb59b75874485f16e7f8eea4219a1f8c1a674bc9a5b2425daa9daf02,896194,39623360.0,643.0,1.6e-05,1,2,223
2025-05-11 02:39:37,646ec15efa01c10098e7252b4e45f7c41c3b92f983b33a3d143fb5ad05da6a7a,896194,59504.0,2197.0,0.036922,3,1,484
2025-05-11 02:39:37,ea77f7c1e8873cf139debaf957ed531d5e9b034d64f5d4f5405025c3850864e0,896194,18639.0,513.0,0.027523,1,1,194
2025-05-11 02:39:37,03d28584271934df4a7b46eb5b8268ae9311e7a7b0234718dd5637b104606215,896194,26487.0,513.0,0.019368,1,1,195
2025-05-11 02:39:37,e860b21a44e98155a6315762271d8a11fda87ccc4a3a7c6990e8469902beb142,896194,1366175.0,500.0,0.000366,1,1,191
2025-05-11 02:39:37,3b11b7baf2db29ce589956216e22d0d17de5737f13989c9895d32939d3e8beec,896194,3365.0,810.0,0.240713,2,1,340
2025-05-11 02:39:37,560c5554349e1f392f59401b40622ed1561664f0cd491655afc59bafa2d3fc86,896194,52035.0,1003.0,0.019275,1,2,226
2025-05-11 02:39:37,13212a1b33925f76f198a7b35bcb419e235e7e2e3511e452ea06e9be33f63781,896194,53420672.0,301.0,6e-06,1,2,223
2025-05-11 02:39:37,f67c10d1ba41d981043578e55a0884fb76e401e9d4a8ec50f1cf301dbcaf5bed,896194,627459.0,643.0,0.001025,1,2,222
2025-05-11 02:39:37,fcbcda969f1b50db1257e8396259dcd19fc83c4383dc8c701fc07cf2481804c8,896194,1082678.0,643.0,0.000594,1,2,222
2025-05-11 02:39:37,c9c1583ca6c44908e418ee82a90e3bf080a5d5dc569fd699a30fb7bb3ab9abbc,896194,87619418.0,643.0,7e-06,1,2,222
2025-05-11 02:39:37,9996ac3fa961373a27a988ae9e3299b1aafdd4b99f023b4bcd26b6fac89cdfa7,896194,270292.0,643.0,0.002379,1,2,223
2025-05-11 02:39:37,573dac35dc7b680afa8ff372c4454d77a5a1fb7cadad0480734bf6d42cdab6a6,896194,198949.0,643.0,0.003232,1,2,223
2025-05-11 02:39:37,b8867b47dee6d477ca3e2d1c0b635965eed5c7feec2d2b191427c990cc97b860,896194,42737888.0,643.0,1.5e-05,1,2,222
2025-05-11 02:39:37,4a1cda6fc98617348b5be0fded2c6789acf30e8f51cfa7f3332c274128ed995e,896194,54357.0,643.0,0.011829,1,2,223
2025-05-11 02:39:37,5387aab46e2c7d78243909838f9e522f432e10ffb4473ee9dd1676663deaf44e,896194,17757.0,643.0,0.036211,1,2,223
2025-05-11 02:39:37,fddc14a2a0d1ea8a45f4f37999fb11469871de4ba5e3dfc8cea2ac91f6714c24,896194,160028.0,643.0,0.004018,1,2,223
2025-05-11 02:39:37,b540553ef57f912f360d7caeec4925258b87cbf41edb42ca4c718a776416751c,896194,309357.0,643.0,0.002079,1,2,223
2025-05-11 02:39:37,0ac36259f493088fd2afd951c5e9fe9f3033116319cd42bf44e7af48e2678e19,896194,982722.0,643.0,0.000654,1,2,223
2025-05-11 02:39:37,8def349564afb2b237ac3f474dd7bbe658fa0061dbc14f6925ed3117fdf62a17,896194,2862147.0,643.0,0.000225,1,2,223
2025-05-11 02:39:37,f49b2fcb1592662a3f7a1fdabfe9e86a7a2f474545c59538b5c17e9f6b7ed036,896194,1719884.0,1390.0,0.000808,3,2,519
2025-05-11 02:39:37,1a1f3bc3cdfbb8fc742bc862838d3c8c70368c28cd84a7148ca0c2c5b1cb57c1,896194,1144230.0,1060.0,0.000926,2,2,374
2025-05-11 02:39:37,d48a096df53de3d6a317b8477d230825610a502cd84dac7e82d5fba61cb2c332,896194,1235635.0,1390.0,0.001125,3,2,520
2025-05-11 02:39:37,808d744f217cc7e1cd1921f4c62111cec5f83d4f216d9e9993807445ce178647,896194,1480868.0,1045.0,0.000706,2,2,371
2025-05-11 02:39:37,60d9b2ea98cdce605bf944dd514c226b114fd6499c881df17fdf581e413ab4a7,896194,1210783.0,834.0,0.000689,3,2,521
2025-05-11 02:39:37,dd7e1395c0703248d01772a64192f534a0f6cb1cfd466b40b69a8e4a0996b315,896194,20582262.0,1580.0,7.7e-05,3,2,588
2025-05-11 02:39:37,b3b0d256a94132f039243f03488a3ab6d9f4d70bd8d4c57ffdefdede9bb7e7d2,896194,1210846.0,704.0,0.000581,1,2,234
2025-05-11 02:39:37,86c7d08179f7ea848c5e5ac5069c914c8086d1d5b29096f0185269380aa928ab,896194,1236567.0,704.0,0.000569,1,2,234
2025-05-11 02:39:37,9a10ef73e12e88c34bd157cc58b7df0c8fefce853badc0eb7583e13ba43f1c46,896194,1251318.0,704.0,0.000563,1,2,234
2025-05-11 02:39:37,40fa1ca56993298562b2edeb258fafa63d6d92d62f25aba764e2596642169620,896194,1192682.0,704.0,0.00059,1,2,234
2025-05-11 02:39:37,8b9d6a85cd49eb0286bde6defacc24fe53711497e732686568e62f3aa7c53002,896194,1392341.0,704.0,0.000506,1,2,234
2025-05-11 02:39:37,1bc27df8c2106b15ffeb6a21728ce871b4fe8866fcb7d1b272e2d8d174c31524,896194,37628.0,866.0,0.023015,1,1,188
2025-05-11 02:39:37,6d75c05ee3ca13c22cffd58066b92d382059b18a904b6e6b6f70aa6efe0ae24f,896194,966305.0,706.0,0.000731,1,2,234
2025-05-11 02:39:37,d7b11b9201febfd2e1d9e85a3201fd3d0ee1ce72fd8ad339401ac44aa1ffffe1,896194,657846.0,513.0,0.00078,1,1,193
2025-05-11 02:39:37,fb413574bbcd17afeb49b8cbd4117139c0bcd99aaa2e30294bc09fb508c790df,896194,295586.0,513.0,0.001736,1,1,193
2025-05-11 02:39:37,8d98b7e51919100602928cd82fd03bca0f7fed6e93535f26734ca67e14044bda,896194,5232750.0,513.0,9.8e-05,1,1,192
2025-05-11 02:39:37,41bce5af8819e46228aae4f2db9c4551ccc9066ca47a6ff3e90a439049930c27,896194,121575.0,513.0,0.00422,1,1,192
2025-05-11 02:39:37,a045a40684a97d183ecfc7081eca06fb0cc6a023d4ac10f6d331d801e1a8f710,896194,2078456.0,513.0,0.000247,1,1,193
2025-05-11 02:39:37,d026cad5b84463fe4f514a40571d6098fe503f3364537b52f0e6ae410ffff49b,896194,1043732.0,708.0,0.000678,1,2,234
2025-05-11 02:39:37,1b555e9fc2ec979879d714428b4d01610a2386b86aadaa21cd166f5f452bb709,896194,1143561.0,708.0,0.000619,1,2,234
2025-05-11 02:39:37,294037c0a9cfa76645536d3a0c25b4ba0ea7d14b46f037d87a9c13fc6a7c4201,896194,1073896.0,708.0,0.000659,1,2,234
2025-05-11 02:39:37,aab39bc3b347335a23772ef80127396ca3ca206e005009b6d42e943411c927ed,896194,8050535.0,1328.0,0.000165,2,3,448
2025-05-11 02:39:37,32248cd5565cde70cf93861bff016c45c7f34101d643a1ece0f8ac6c4ab258d3,896194,2666282.0,2070.0,0.000776,4,2,671
2025-05-11 02:39:37,d1addc8d27c4615bf9ebc1347c150c2936b852a04ec46640cf37bfecc50bb0b3,896194,14152963.0,656.0,4.6e-05,1,5,321
2025-05-11 02:39:37,384892fe69579f828f21e46a570e875c35f8b5ee559500bfe5dc6b1d3c6effe4,896194,460444.0,513.0,0.001114,1,1,192
2025-05-11 02:39:37,e0bc35d1824b07feadb5347958f2d448f1b6976c4c5657890e56302b9c4c36a2,896194,234876.0,513.0,0.002184,1,1,191
2025-05-11 02:39:37,07d7c2eff5bf9358521061a601c657c74756ebefc789e0cfa33a0d9faf5eba92,896194,13568.0,513.0,0.03781,1,1,192
2025-05-11 02:39:37,e88bec81b2a91e2d576ea7f5b1d266d31487ccc21f8cd7e542b887c173b91e36,896194,2670962.0,513.0,0.000192,1,1,192
2025-05-11 02:39:37,df42f73f24a482363eb72f3807ce1a18203754a74bbce668054258a4c6c649a4,896194,468355.0,645.0,0.001377,1,1,267
2025-05-11 02:39:37,0d0ff8e056d5faf6328c05789c9452d0257db6fe6719787508dd3fa90b8d557e,896194,468355.0,645.0,0.001377,1,1,267
2025-05-11 02:39:37,63411f30f0015aa1c8ec76ca3dcbf38e862a386f8f11ef274683f1d918c97540,896194,468355.0,645.0,0.001377,1,1,267
2025-05-11 02:39:37,fc14af7088f5aacebe68ed3f0db15f639bfec098608d83ac25e362bf9d67c21e,896194,468355.0,645.0,0.001377,1,1,267
2025-05-11 02:39:37,5909eddd8cf68646b05fd44cb51bb8e5bd9bd978646602bec2a6e876ee0728d0,896194,10393.0,832.0,0.080054,2,1,340
2025-05-11 02:39:37,f333a29744c0f890c05281b580aeeca1a81026f604123042865902addf8757cc,896194,662224.0,1074.0,0.001622,2,1,342
2025-05-11 02:39:37,5c10afa4d472a2eb37a32cdd81e0dc1200e86cc96a121a4d16c4641255b455f1,896194,857421.0,423.0,0.000493,1,2,222
2025-05-11 02:39:37,2fe36955531ed32d270b18bea73150e35ccfd4011796b4a9ace2af174043e295,896194,3247173.0,2089.0,0.000643,3,2,1015
2025-05-11 02:39:37,dc6372f811631739231b17a9bb7e4590dbf12bbb79354a7c8223000aa5074172,896194,92250772.0,1061.0,1.2e-05,1,3,416
2025-05-11 02:39:37,13b2267ae3b0b9be655642e3623d90d6659cf36f21697ebb27aab7fdf19a2893,896194,57880177.0,1047.0,1.8e-05,1,3,415
2025-05-11 02:39:37,d5935f863061aafffaba00957b5262690a07071ad9b92fedd89665e4310c8985,896194,26236867.0,2085.0,7.9e-05,3,3,1014
2025-05-11 02:39:37,c83f88d8f6e65457ffd86c6ce0e434ee3eef2898d318795cc428b824f419dbff,896194,15048423.0,902.0,6e-05,1,2,383
2025-05-11 02:39:37,6bc41ef39eda5db7dca15bf3a427889979aca7f23ddc207d5f897bae057c46ea,896194,52883611.0,888.0,1.7e-05,1,2,380
2025-05-11 02:39:37,5cdb887f827875f9729bea935d9b8a0e1a37483f113b8814c874da919c7d3caf,896194,83410000.0,888.0,1.1e-05,1,2,380
2025-05-11 02:39:37,afa886e3d3c2f479d74d74c695a0621263bade3573b2e53a0a31ac74ce7ad61f,896194,3238668.0,888.0,0.000274,1,2,380
2025-05-11 02:39:37,34924c44a80a83d1db15934843b3cd7a7168ba0d27c7fbb72b64552c29023d13,896194,1456112.0,888.0,0.00061,1,2,381
2025-05-11 02:39:37,9ab3a5e84efb1c04171f87558c3ec2e8ac15a3d66942bec7afec859028866e82,896194,1783564.0,3346.0,0.001876,6,2,1854
2025-05-11 02:39:37,20520043622632c421f27950ca04324661722f42e9f836afa98f078f849867e1,896194,9188.0,942.0,0.102525,2,2,302
2025-05-11 02:39:37,f15b85f93e00bb8807e7eb2e86b1d3c0973681172330f14e0738480ac20bdd42,896194,1355773.0,1385.0,0.001022,3,2,520
2025-05-11 02:39:37,d2d344cc9f71fa73d3dffb9569e88e5a32840f4b088c8c2512e4ab9bc450d909,896194,1183036.0,1045.0,0.000883,2,2,370
2025-05-11 02:39:37,eb4e37aaff3a7c2bd67e22ada70abc6cb2e58e340286967316c858bcce81da55,896194,1192150.0,836.0,0.000701,2,2,370
2025-05-11 02:39:37,9d13f28ef3f4726dec05150d8f54a4d8c6ee8894719971440a8bdac8fbe42778,896194,266127.0,898.0,0.003374,1,1,194
2025-05-11 02:39:37,6ca844a1bb79d82bf52d3d8a894aa8bdb2d97cfbe55015ae9b46e69aeda43615,896194,38587257.0,1494.0,3.9e-05,1,10,475
2025-05-11 02:39:37,ce58daec96599cbe7c209d48c2e87096e4f59575dfdcb1973281cb144d2df433,896194,153424.0,576.0,0.003754,1,1,203
2025-05-11 02:39:37,5315cbf8ccef9b23af770131609e2c0121a466106bf0e6fe7ffe81b949c79282,896194,981374.0,724.0,0.000738,1,2,234
2025-05-11 02:39:37,084744cc2f4bf6ccba6ae80c508f0a639b175579edf130b011c58d9f993e1ea2,896194,14000.0,521.0,0.037214,1,1,192
2025-05-11 02:39:37,720fdaca730ebb1d6edd50657367e9f7e02fb3f8958069ae03ebbbaee36d0eb0,896194,93329526.0,846.0,9e-06,1,2,223
2025-05-11 02:39:37,b58c3ab3dc9eda5ed8c9b7071735da26731d81c14b25e2f81f0d9ae91f7eefc9,896194,93427364.0,846.0,9e-06,1,2,223
2025-05-11 02:39:37,397933d64bfef274feb631cdc73d4ef0d7db22aa7c84a8e90b772ac90e32b957,896194,115529829.0,1130.0,1e-05,3,3,556
2025-05-11 02:39:37,0d2d2527f1758528e30ae487e69298ede698a5cd59b6326f7e8a1e4248ce6833,896194,133341.0,2298.0,0.017234,3,1,484
2025-05-11 02:39:37,d990091e486d2866b989dfaf9195c5e3c45ed336bb18f5d98b56add9f15bac00,896194,16657.0,1008.0,0.060515,2,2,312
2025-05-11 02:39:37,de14267a5b2fd77016ace750663857124cb6807e37cac9848cbd5d7077a04f0d,896194,2000.0,766.0,0.383,1,1,162
2025-05-11 02:39:37,43212429574ef1fd34245f678e8176b40367c425a9be95d62a15a4a8bf5b3a1c,896194,6266.0,924.0,0.147462,1,2,205
2025-05-11 02:39:37,4887c8a9cf0801dc9c82b3755f9759349560f540a1f84528a96ced3788f4bc00,896194,10690.0,924.0,0.086436,1,2,205
2025-05-11 02:39:37,a96fa4d473c44d9e21f8c569070d924953dc94cd2c562d9412897bc4633df9f0,896194,15114.0,924.0,0.061135,1,2,205
2025-05-11 02:39:37,ba0b862d38383114a8a0736e49deb058de641ed386f3c297871dd305c7362955,896194,19538.0,1266.0,0.064797,2,2,312
2025-05-11 02:39:37,718b11038683745e60ce176b4fff5a45ee89881234b69f383755dce9c7b92930,896194,17766.0,280.0,0.01576,2,4,380
2025-05-11 02:39:37,7383141b26f7277128992751bd5235daebc1eaa284609d3834a65927d43da0cb,896194,127600.0,635.0,0.004976,1,1,214
2025-05-11 02:39:37,c28339c1b2a0ee356aa16ec1e09691e8b0e67f48a220c39a876f542a20975afc,896194,1196744.0,731.0,0.000611,1,2,234
2025-05-11 02:39:37,9b057c47d055e790ce1d412f675c7fa19b37913a47eed66cd863edab671d2268,896194,565566.0,3180.0,0.005623,4,6,699
2025-05-11 02:39:37,815a6a77043575cc24ae16c2d5bbc7b1a25e848e43b358e2af77dfe0cbdbbe20,896194,574146.0,1590.0,0.002769,4,6,699
2025-05-11 02:39:37,84a9105ea354d26d28a9cce248f701b0166eefcc5466aa3a5dba2958e745f15e,896194,15099.0,901.0,0.059673,1,1,188
2025-05-11 02:39:37,e800e025f832c94e93ca03107b75c54e399444700b828a0b40da635257f886e4,896194,8250.0,542.0,0.065697,1,1,194
2025-05-11 02:39:37,c0b8f3895d48af99ba0be92e9e0e42391bf359b109b52517d2b4bf3a34fed9a7,896194,81257.0,854.0,0.01051,2,1,340
2025-05-11 15:49:37,a3684cac73cd61c98780b76e9de2e9f1b59bd9b9950a8f3653b668837af05db0,896276,27332.0,153.0,0.005598,1,2,234
2025-05-11 15:49:37,8ae219240df217da568140e5dd99f1a4c76bd41ee721b855201df1cd01dd5e67,896276,4220395.0,427.0,0.000101,1,2,220
2025-05-11 15:49:37,4c5ba1afdc1658178a9d75ed31ac2d22c13185937e8928c78b35524aa08242c6,896276,119938.0,281.0,0.002343,1,2,225
2025-05-11 15:49:37,785236e36d1a004775ebb448ff7394191f24477feb36e52c74ab461705cba36b,896276,160522.0,350.0,0.00218,2,1,340
2025-05-11 15:49:37,a4f37fa230468a7ab9ba0bd56b52d97a14995bff5c850bca2f4308e8992e2ded,896276,6577766.0,278.0,4.2e-05,1,2,222
2025-05-11 15:49:37,b7d0cbc966fbb700dea6ad0d80759edc6fc08eaa6e85b1098a3fd51a2becb47f,896276,437137.0,278.0,0.000636,1,2,222
2025-05-11 15:49:37,4503d5bfabbecb555e52d85e10ebe15cb69917488314a77c0197f6542addc836,896276,63422.0,278.0,0.004383,1,2,222
2025-05-11 15:49:37,033743841c109e79b9edcb971fa11729501db0b78881b417b24ec0f9fdff6755,896276,105154.0,284.0,0.002701,1,2,226
2025-05-11 15:49:37,29d1c1155da4c62309a27050b9b2a57f7b04dad907171442fa176ff1dd0fd65f,896276,85717377.0,279.0,3e-06,1,2,222
2025-05-11 15:49:37,69db85438c8e2dcd92b7536b721d7b1ee2c99375081566d6728eec8e122d0312,896276,2886062.0,279.0,9.7e-05,1,2,223
2025-05-11 15:49:37,1db98f76ce1715d7724dcff62d4ed24d53289f13a41b1cfcb6847c34aef5e575,896276,82538.0,353.0,0.004277,2,1,340
2025-05-11 15:49:37,3b14513672fbc28738e7cdf3a080fe1ed3f78a521b620b9b903469492937a7dd,896276,154723.0,415.0,0.002682,2,2,371
2025-05-11 15:49:37,86091e0457ebda44dba8416b84933d54e0987633412ca0fb1d25bca60206b507,896276,291642.0,280.0,0.00096,1,2,223
2025-05-11 15:49:37,6363a1ce3246f5fed3c7a36d7fcb97415b598a4699be314accdd1272de857810,896276,54229.0,282.0,0.0052,1,2,224
2025-05-11 15:49:37,4270f601d63f5183c72d1abba886f872daaa3969801cd1f8d6dfa2aa8b1e610c,896276,17611.0,382.0,0.021691,1,1,192
2025-05-11 15:49:37,548cf53ae659e74dd947c9cd32d5770e329dcfec91d1c3908c61038c9320deae,896276,311701082.0,418.0,1e-06,2,2,372
2025-05-11 15:49:37,b3935432849f1d3b40b7c88f04228009b08136867c2b3d4d0ac6b2004e67abb2,896276,881752.0,422.0,0.000479,2,2,312
2025-05-11 15:49:37,e40a57ee1d2a30cc7af65dcfe78dfbd402f0b0eb7db891af92f1bd249fc861db,896276,882390.0,422.0,0.000478,2,2,312
2025-05-11 15:49:37,141f4ce57470ae4d8f9825d34a3a43e87fb3b13f527d33d41b613502453d1e6e,896276,533739.0,422.0,0.000791,2,2,312
2025-05-11 15:49:37,6c70ce034bdfb3a6ca4c8a0b72babe8ad8c375c0b6086d78623495b1fd8ef953,896276,883028.0,422.0,0.000478,2,2,312
2025-05-11 15:49:37,98f62eaaf4975322ea8cf4a75354d376604aaf3d4f5e3a3774d278753dd3d696,896276,883666.0,422.0,0.000478,2,2,312
2025-05-11 15:49:37,3a6945ae381e90507a6a91c99bfaa21aeb3309a1e54287648f83eabafcbcc951,896276,189721.0,422.0,0.002224,2,2,312
2025-05-11 15:49:37,567b9c47eba799f14047105bc7d43a65412e59e02a1188b3d563b5dcf46a81dc,896276,38219.0,219.0,0.00573,1,1,191
2025-05-11 15:49:37,f97409dfd3efd3d92d496b22958f0ba23923d86524fcd4422252175dd9898395,896276,31572.0,221.0,0.007,1,1,192
2025-05-11 15:49:37,2a84ff355df4f89aa2ca20c7513d94c6f051ee6db87d67eaab57662745691378,896276,9103.0,225.0,0.024717,1,1,194
2025-05-11 15:49:37,1c126e38915e4fbb235715104a22ab750b9376a11da0107f7cd3be182b060d3e,896276,423733.0,267.0,0.00063,1,1,215
2025-05-11 15:49:37,16c23c0209f89a18d2de26701f4228898a0e926d3cf4c443a34fc70e17f541ff,896276,737727.0,281.0,0.000381,1,2,223
2025-05-11 15:49:37,fd1e7f746045ef96578a13c51f1269e011be43b66af1ea814f1b93a5e12748d8,896276,288690.0,281.0,0.000973,1,2,223
2025-05-11 15:49:37,0ebf59ca0908d7ff4c47284eb9bf21c28284603addbb79d61eb9ec430a0247d7,896276,50276.0,281.0,0.005589,1,2,223
2025-05-11 15:49:37,7f28996388b5754ef4c15dcc709589c09136f0d432e861f1baec45b9745877d6,896276,3301019.0,281.0,8.5e-05,1,2,222
2025-05-11 15:49:37,60f7b39c156fc0896783a1be7e5c5835c060bbd6f316123fa185271b1e8418bd,896276,3846836.0,281.0,7.3e-05,1,2,223
2025-05-11 15:49:37,69e7b747dae999f94804c30e0f886c487e4014d54fb4b93d66766aaece265d80,896276,2950541.0,281.0,9.5e-05,1,2,222
2025-05-11 15:49:37,3c0ef72c4984b28089b9cd10bf454658da6ded892cfa746d6d14b7cece8fc69b,896276,3247873.0,281.0,8.7e-05,1,2,222
2025-05-11 15:49:37,82843a8f489176d2fda521fb19bd76bc48f3c6a35b4b11261565a2b91bcd0849,896276,1415929.0,281.0,0.000198,1,2,222
2025-05-11 15:49:37,8580bdec940c504759e3b4d95821319b3ef454558bd03b2d3afa285c3da0da27,896276,1150065.0,281.0,0.000244,1,2,222
2025-05-11 15:49:37,b29d19eef3d406cc4a7c2fad5bddd9edcc641c2b8c4c16f06a504974dbdb75d0,896276,575006.0,283.0,0.000492,1,2,224
2025-05-11 15:49:37,9c3dfca9c7574781d60a9208a6a03714c24afa0556132ef490756b6459678c72,896276,3504872.0,283.0,8.1e-05,1,2,224
2025-05-11 15:49:37,c60c64729b05e6871d92302c3c195d3a3d46ecbbf7effa3ca52c02d3e63f5236,896276,62287.0,283.0,0.004543,1,2,224
2025-05-11 15:49:37,543ca42fa16837ae082f8d31b2cbe23de7944d40f32fd3de852f832b9fa397b0,896276,1974413.0,287.0,0.000145,1,2,225
2025-05-11 15:49:37,fa19898189ea7c5fbe526ca396755a651273df39b9f70b01625960d9d3516d68,896276,456080.0,333.0,0.00073,1,2,248
2025-05-11 15:49:37,3b594390cca79d969665d317476350f2885e6da6d921c83a61926656f6f91153,896276,344667.0,333.0,0.000966,1,2,249
2025-05-11 15:49:37,cc62d2a735b2dc9f575f34b59c3787b115b72ef39403ee3136f0105cad70c5d6,896276,202923.0,57673.0,0.284211,500,2,53588
2025-05-11 15:49:37,b64f4a3905309fce314300fe6e4e5217a3ce4d56b345ae754c55069e9260ddff,896276,182689.0,220.0,0.001204,1,1,191
2025-05-11 15:49:37,eba1ee5c834f1fe2bc185531bf590d1e13c719ae493ea96f8b58c8ccd0641dff,896276,31639.0,442.0,0.01397,2,2,383
2025-05-11 15:49:37,9768951b2b2f74116c63e74a3d4cf4eafabd179466c54b53b8b0aa6e2961cdf6,896276,125053.0,288.0,0.002303,1,2,226
2025-05-11 15:49:37,eb36f0b9bf0d1789c03c888fdcaac773aef8bcfd9a2a7706511830f1656bb3f6,896276,170836.0,282.0,0.001651,1,2,223
2025-05-11 15:49:37,af6c441666341e63b73377c38e477c1f57a9b896408bdb76aaf0692785b341f5,896276,1658.0,282.0,0.170084,1,2,223
2025-05-11 15:49:37,779d32afe231ee913371c14841e217457318b165f119d5be3cfad696efc576f3,896276,80433.0,418.0,0.005197,2,2,371
2025-05-11 15:49:37,71577dd291d37612fc2cca2c1fdaed2fc8e2853f7b78269fc77165f1f5c33ff3,896276,15616.0,282.0,0.018058,1,2,222
2025-05-11 15:49:37,5c4387ea73d10ac7c8325398ee0235d142c67894461a73a2e1b208a84f12cdf0,896276,39837899.0,282.0,7e-06,1,2,223
2025-05-11 15:49:37,47844ab1fd64de96df01096656c0f806d219ba42e26964912c7e08cf3d7960eb,896276,19816.0,284.0,0.014332,1,1,319
2025-05-11 15:49:37,e4ed80a402a064db8b34a84e73f03e22e9afa30f8113bcda5e0ca64c5b13d3e9,896276,216085.0,282.0,0.001305,1,2,222
2025-05-11 15:49:37,9eabc3519440e0bc08875f6ad22789e9ad3b1baa43f6f5980a3abc09cdb545e9,896276,1704654.0,282.0,0.000165,1,2,222
2025-05-11 15:49:37,0d93a56cb19bc6acbd85f1eaa5fc88a2c44d1c4e4b79693e925bed19d58b3ce8,896276,22919.0,282.0,0.012304,1,2,223
2025-05-11 15:49:37,a5f09d141e13ad8fe183ebd7b2925f58fd4f93e4d709440fe11eebbda8c894e4,896276,11533.0,282.0,0.024452,1,2,222
2025-05-11 15:49:37,30c08e6c997f52e051e8246ccf608e355998a458780c834d82206f8d3aba0ae1,896276,23524095.0,284.0,1.2e-05,1,2,223
2025-05-11 15:49:37,b74e63cee436276cc34eb0480f2722202880260e05efa3ed55aa3b8924b8d1df,896276,59718.0,282.0,0.004722,1,2,222
2025-05-11 15:49:37,feeb4371a34917784cfbc099e6e1d5ae7cf3c2d0897609bf6b82939febcc36dd,896276,143354.0,288.0,0.002009,1,2,226
2025-05-11 15:49:37,ab424b1733bedbea7bbdd82c34f4af80ce99e03a6db37b3dc8f5959103d430dd,896276,257206.0,438.0,0.001703,1,2,219
2025-05-11 15:49:37,eb53bfa4c4dbaf5f65fde9eccbb0ec8b41448e944f3c8253feca5f2d666ac6dc,896276,29247.0,220.0,0.007522,1,1,191
2025-05-11 15:49:37,d41dbab9c34dbf3f2ae1b38125fc3b5a4c6506ccc3967b40dd75f2d1dafcddda,896276,1012215.0,288.0,0.000285,1,2,225
2025-05-11 15:49:37,4030416d29b2f93615dbff6a2015b84faca63aa448f4d3805036631366401fda,896276,546.0,304.0,0.556777,1,1,324
2025-05-11 15:49:37,1983d1ca63bfbd05096f3c822909ebef59e8cbb13026c83819960b5e29b595d9,896276,1064026.0,282.0,0.000265,1,2,222
2025-05-11 15:49:37,5f05111983538d22a53047b05a345257ef42ae31bd1f3f373a50701ebc2357d8,896276,187115.0,306.0,0.001635,1,2,234
2025-05-11 15:49:37,f928aeb4e76bbbd9d0374479ae588bfde5df0d85bac3c3ac358d2b54e54792d6,896276,1497913775.0,1420.0,1e-06,1,20,792
2025-05-11 15:49:37,6fc2c5c326e2b1b8c5a0e47dca1899e3f2bad5a086f35ff26b84306a70479bd2,896276,1260308.0,416.0,0.00033,2,2,370
2025-05-11 15:49:37,e46146b521c542f7d80d02ae1e083161ee965e0a04ec6ad1096b982d753cebd1,896276,167584.0,288.0,0.001719,1,2,226
2025-05-11 15:49:37,242809236d4e2dc76ed6520e9a8712889b8cfb4fc075a4c72b2deb6e0a5342d0,896276,503294.0,282.0,0.00056,1,2,222
2025-05-11 15:49:37,09c4b0e503112813e5bf3bdb8c19f9e007453fa30415e953c0b63ee93d78cbcd,896276,7570389.0,282.0,3.7e-05,1,2,222
2025-05-11 15:49:37,cf7c8780e5f27ae5f3803d00c928c9f3859e48d5077cd7c8f8d2d82146265dcd,896276,1149782.0,282.0,0.000245,1,2,222
2025-05-11 15:49:37,75b63291e7bf1ee2d1c8b4b5e26e2290b17fc9e4623f832f1b614f9f16057bcc,896276,20316850.0,284.0,1.4e-05,1,2,223
2025-05-11 15:49:37,b9c497f3c6cfed3576ae0ddf2175869b98278cf876d3c0c5f4574412521611cc,896276,570507.0,306.0,0.000536,1,2,235
2025-05-11 15:49:37,56b85aa0f9d182fa9b45a4d9bb6252da5f26f34ca35527f5ca580d683c1d1bc6,896276,27714640.0,282.0,1e-05,1,2,222
2025-05-11 15:49:37,ae79198e529ed1542a7064a81589f154f217398908ad9cf6969424c1946288c5,896276,377561.0,222.0,0.000588,1,1,193
2025-05-11 15:49:37,c6c27991a5835d81ae04ed53c14598a5eefb5b85b360ce65236a69c4272989c3,896276,125000.0,222.0,0.001776,1,1,162
2025-05-11 15:49:37,8ec37b80d42b62ee1f7a598f980496bafd29a91a5e12ccefa4d426f56e6f5bc3,896276,47266.0,446.0,0.009436,1,2,223
2025-05-11 15:49:37,6d4c605af0ed243c5a166de7d140e98df1a1d787e8ed0fe611cd614f3e961ec3,896276,215778.0,222.0,0.001029,1,1,193
2025-05-11 15:49:37,e9d49c154b04fa200091469099b3a86a7c244f1c8bbf12d7190bf063cd82fec2,896276,191932.0,288.0,0.001501,1,2,226
2025-05-11 15:49:37,b1649814c1919377ffc297feace734fcb8de41bd56ead09db7516e38e4ee89c2,896276,1004528.0,288.0,0.000287,1,2,225
2025-05-11 15:49:37,0fc340585a88f64c58ef21529e186c5d52a03adab7ab3c024fb87b4a614b88c2,896276,199328.0,222.0,0.001114,1,1,193
2025-05-11 15:49:37,9a483c098c49b5ea61da8b11aefddbe9257304b85c85e0d7b83be9bc2177f0c1,896276,5393916.0,282.0,5.2e-05,1,2,223
2025-05-11 15:49:37,a4d822f687f938d21bafd6f17af3f13b475a30801dded6d1d921817cf77bd9bc,896276,191689.0,306.0,0.001596,1,2,235
2025-05-11 15:49:37,278ee53c67de484d654f32da46e8180094c8f73580b0ed3abbc4df59e94263bc,896276,83970152.0,448.0,5e-06,1,2,224
2025-05-11 15:49:37,5d70575f49dd266a0ec74048f5133d2ea4db758a3c83aef636fc8d1b1cc8f0b9,896276,1058674.0,446.0,0.000421,1,2,223
2025-05-11 15:49:37,422317d0c14993c419e53062911f7f48686deb3b9b69a0609162419d3e8711b9,896276,43473.0,424.0,0.009753,2,2,374
2025-05-11 15:49:37,fad5f0e966870f14d86528091520af570c747d6b559782f0f203841886c542b8,896276,7856859.0,778.0,9.9e-05,1,10,470
2025-05-11 15:49:37,b4951b4e5b2ab2a70699564006f1c3f8957b62f0222a978a0731bcd9d03963b6,896276,196354.0,306.0,0.001558,1,2,235
2025-05-11 15:49:37,1530bae0163ae77a5badc05b3d254ce96b91f88d588288a9690276a3387e56b6,896276,63964.0,344.0,0.005378,1,3,253
2025-05-11 15:49:37,374015e5b851f98917cbc4b49ceb1e27c205954f8a68e36a5f0e869211a4beb3,896276,1723629.0,424.0,0.000246,2,2,375
2025-05-11 15:49:37,6c5de710899f892394174c75e7c2b62b2b9837f3e1d65f8d7f5fdb7b4ea0d8af,896276,220338.0,284.0,0.001289,1,2,224
2025-05-11 15:49:37,506cec74b8c0fb845b8a1f6f5f0e83e6440231dfd60f6e4142f4872749e3b8ad,896276,50776.0,446.0,0.008784,1,2,223
2025-05-11 15:49:37,d3a6cb23357a84a6ee75b74a87df81f0cfdc30303eb7901a60a6512ae0b41eac,896276,1284157.0,282.0,0.00022,1,2,222
2025-05-11 15:49:37,d787e5d980daec2f572ae88a339366e0c5ea0eec65feac2ded22b7328c7c54a9,896276,191597.0,226.0,0.00118,1,1,195
2025-05-11 15:49:37,bafe19325f02ee622b44081f06a084413d01ce4c6b3b0968b8046061680e31a6,896276,57049.0,446.0,0.007818,1,2,223
2025-05-11 15:49:37,608a92e82d51c2cbf2d3178731991c1219b5f4a6e4048df575c67aaa7415f8a4,896276,98545.0,446.0,0.004526,1,2,223
2025-05-11 15:49:37,efaf2c99f8aca37c54e848db68d91a6e0cc2873db7b26c9db80e731fcb6865a3,896276,652552.0,418.0,0.000641,2,2,371
2025-05-11 15:49:37,551dd3e52dcd88690008ec9a409b5ebee322f858a758df2728ca90dd949caea0,896276,546.0,308.0,0.564103,1,1,334
2025-05-11 15:49:37,7d321570f36499f41e70bdb0271df0399ea8be186ede313717ff81973bd906f7,896276,1147673.0,308.0,0.000268,1,2,205
2025-05-11 15:49:37,0e11524ec4fdb4480b14de8ecb74254aebb228d289bfaa006357b8697abf42a0,896276,20360.0,284.0,0.013949,1,1,319
2025-05-11 15:49:37,489044460d879af06493db496395e3e0f3ae1d2757ecaf96543b82211f7f549d,896276,50135.0,306.0,0.006104,1,2,234
2025-05-13 04:23:38,e02ad7db212fb6aa5268d7b688c2bc3eaf70f5d7d6fc80ac5b177b39eaf39f1c,896497,561656.0,169.0,0.000301,2,1,269
2025-05-13 04:23:38,5a80aaac798cb1815c612d6fd120e36b7aefac6d465bded985f22847c7859b1c,896497,115678.0,141.0,0.001219,1,2,222
2025-05-13 04:23:38,97b73027aaa9fff3bd2d6c5194f65fa05e002ba561477547a7efba1f2e7a721c,896497,113100.0,805.0,0.007118,1,4,451
2025-05-13 04:23:38,0558b5fa40f3b04c09405409738eee734d6abf9fbec69e5baceada9693776c1c,896497,23846.0,154.0,0.006458,1,2,205
2025-05-13 04:23:38,84af1871db98dde89923914e3ed15a2dd7d4509a4d84b1cbcbdb72e15a6d6c1c,896497,117594.0,237.0,0.002015,2,3,337
2025-05-13 04:23:38,666fe76ce01d5ef5b8e5bc900607f3360f1389018aa63dae5186cf6dd5b7ee1b,896497,295117.0,141.0,0.000478,1,2,222
2025-05-13 04:23:38,ebc5585df9216a6d25a9c78e807c29f49e9c32082b8693e8804786e183de361b,896497,95490.0,351.0,0.003676,4,3,550
2025-05-13 04:23:38,d0e978df420c0db7b2a0358ef9bfcbc84e8bc6839186e6390b11a8a6bfeb201b,896497,197259.0,154.0,0.000781,1,2,205
2025-05-13 04:23:38,7a25980834c1489bd2488212e3dcbdad1e0e6bb2b70e031a2ece04bfba84101b,896497,45641.0,111.0,0.002432,1,1,162
2025-05-13 04:23:38,7d52d15887e646dfd13f73a899d2b65b571ce7253a436911462b2e71a5394f1a,896497,546.0,152.0,0.278388,1,1,323
2025-05-13 04:23:38,54bc642c1d80a8fa3405ce28c9010b430528d3a9582ab5dad499ce32c8f7f419,896497,14405.0,154.0,0.010691,1,2,205
2025-05-13 04:23:38,73bd23ff7e95b9b3840ac68990f248e377fe39eb658317bd41d3de4ec4bee019,896497,7660377.0,110.0,1.4e-05,1,1,192
2025-05-13 04:23:38,0e29ec74c92ec8e5330114300b645fea736e98dd810ca3090a516130aef8dc19,896497,47981993.0,142.0,3e-06,1,2,223
2025-05-13 04:23:38,964e3ecfa5afdc93026c6cf083ba6ac0890de65243d6292cf795807599ef5219,896497,546.0,152.0,0.278388,1,1,325
2025-05-13 04:23:38,d78b88fbefc059836710cca4264ebe96f902a6a2ec1f925dee5bbd04b1068861,896497,6646.0,154.0,0.023172,1,2,205
2025-05-13 04:23:38,083e7402b92e42f67e4ad8debed9c23dc3685f8015d759565d701cc830683f19,896497,330.0,152.0,0.460606,1,1,324
2025-05-13 04:23:38,29b1a28f3ac5bd6b72cf5563b36c32c0804e9e3a0c4a2cc8ed1c4f476ec59317,896497,79533822.0,110.0,1e-06,1,1,192
2025-05-13 04:23:38,5578e977a6390644688b299ad6a6390dd00e75bf4d5ebe2a4d37819bf482c97b,896497,189533932.0,141.0,1e-06,1,2,222
2025-05-13 04:23:38,8c53662cc3f0037ca826a14c86b56a5359ba03cc867f6717cc352366015c9117,896497,27006.0,154.0,0.005702,1,2,205
2025-05-13 04:23:38,6d1fcd67c3556512296b81570ad009cb5bab4434e5f5c284cec21116feaf3117,896497,1807740.0,154.0,8.5e-05,1,2,205
2025-05-13 04:23:38,cff262b038328ca51c4d26961b198ce68a6f426ba67dbd5c5e362209697efa16,896497,598217.0,283.0,0.000473,1,5,334
2025-05-13 04:23:38,72f0898647b512c9ede7a92396690e8a42cdcd75f95edded85d8a621554fe216,896497,113927.0,154.0,0.001352,1,2,205
2025-05-13 04:23:38,c2d02afb111ec31951ec9a60872a61f854004da5ef7755485b305a5f7239d116,896497,74937.0,212.0,0.002829,2,2,312
2025-05-13 04:23:38,dad692458a272987051269f5a3cb15b04d8a9e4e9268155ebd8a9a462530b416,896497,561046.0,142.0,0.000253,1,2,224
2025-05-13 04:23:38,52317ced4bc2a74adde197044a8626c79e47b0188cc763ac71f8eddba0f3ab16,896497,877864.0,141.0,0.000161,1,2,223
2025-05-13 04:23:38,f655fb276e7b368854fd3cca358d6c9fa60dcfc9d514d2ee39c76648f7e08e16,896497,1587593.0,181.0,0.000114,2,1,343
2025-05-13 04:23:38,762fe6cc6fc3a6f046da79b048c4d908ca7222b7223b842eaed56d37f6a66b16,896497,125922.0,158.0,0.001255,2,1,258
2025-05-13 04:23:38,6a36a36698e5d0f450b61e38d38c4aab5e6704e401bba9cd2626cce07c1d1816,896497,546.0,152.0,0.278388,1,1,323
2025-05-13 04:23:38,5707b720a5ed0f136c9a2c4f1ae68368e846aae7f5e72ac774d4f88f22e044de,896497,1990474.0,154.0,7.7e-05,1,2,205
2025-05-13 04:23:38,fcc9b154881a951a37fc4e93386eb57e7ebb699b36da105c2d4881d1d5c5ab14,896497,6018298.0,893.0,0.000148,14,2,1587
2025-05-13 04:23:38,6220c5589e80c739587abe132a2d8342d895b8b7885835a7fde5045edb2e9214,896497,3008805.0,487.0,0.000162,7,2,835
2025-05-13 04:23:38,1976cc48c505ada08859fb13d7d277cb60f01083ded2ce219530c449ce3a8214,896497,546.0,152.0,0.278388,1,1,323
2025-05-13 04:23:38,8f29357ee9c6acdc90d711fa090f383dc9f4601bbc14c2478d312000d3577181,896497,94271.0,154.0,0.001634,1,2,205
2025-05-13 04:23:38,3ebeb64aac0bb079fa6e3729d732b847a54baf696f9373c7307afbcac9e7d313,896497,330.0,152.0,0.460606,1,1,323
2025-05-13 04:23:38,a927c4cd5ec355b7c499801662a390e04ed9d22e363ab27f711b304665f24913,896497,71237.0,212.0,0.002976,2,2,312
2025-05-13 04:23:38,aecedb0c17b6bf4ee14877433c76c3073ff88ec9dacab62f8a8471afb572d3a6,896497,71449.0,212.0,0.002967,2,2,312
2025-05-13 04:23:38,8c0d83f183c7264dcd1c956f3ab6b516d31f55460514ce901b26196341767b0d,896497,546.0,152.0,0.278388,1,1,326
2025-05-13 04:23:38,0304e5c2a2117147895557f39724cb9d6792514bb91289259541462fa771d4df,896497,13196.0,154.0,0.01167,1,2,205
2025-05-13 04:23:38,09faf56fe0a4c061a73f9fd3f11e894cc6fa46b1acc6ff6e5b47af493388980c,896497,25734.0,212.0,0.008238,2,2,312
2025-05-13 04:23:38,29034ab70c292d35006f63fb313ea1452120b63e32ba430436226e67e82b840a,896497,739022.0,142.0,0.000192,1,2,223
2025-05-13 04:23:38,b897726427f03006f71a57968f272e05fee18c8983a2615884bca389cd360c06,896497,330.0,152.0,0.460606,1,1,323
2025-05-13 04:23:38,0e4be4a0b05b2c7798fc11a4175ff2d3d8078307221ae79e8aee3dcaa0b08432,896497,105157.0,1358.0,0.012914,1,30,1409
2025-05-13 04:23:38,ece190b0c04875ffbe1529359739550c62ac07abfd117f7d4dbfc578bc8dd702,896497,993610.0,110.0,0.000111,1,1,191
2025-05-13 04:23:38,fcc0aad282badbc4d53c651cc69bc04cca5afcdd0b380eb371ce499e94e0fa01,896497,6031.0,99.0,0.016415,1,1,150
2025-05-13 04:23:38,5648e013670a7e39c8d07289ca591bf52e03e48e1e7034bd451c150f9546a001,896497,4347841.0,122.0,2.8e-05,1,1,203
2025-05-13 04:23:38,5059ada8178451b6c22221a2bec38a4fb6657047c7efed4bc817d489bfa3b6fb,896497,1092.0,51965.0,47.586996,3,2,207194
2025-05-13 04:23:38,0803b6ffddf441a653d638eb46842d3092d8ec09351d92f967254cf3d3b2050e,896497,23479.0,604.0,0.025725,2,2,1964
2025-05-13 04:23:38,8e6444047471fc9c8fb0d18da64c7dcb625ed99fc072952f24e58b7d9fd9eeb8,896497,73799.0,153.0,0.002073,1,2,235
2025-05-13 04:23:38,4c97c1f14f760b628f652e158b60733e7a1b84ebcf2b137abf3e22e968f5299d,896497,38248617.0,503.0,1.3e-05,4,7,795
2025-05-13 04:23:38,b3efaf2fbd552a99330fdaef6219196a1dd0de54dabd2b5decb5bbb5b70f0cc4,896497,153517247.0,8549.0,5.6e-05,93,2,16019
2025-05-13 04:23:38,db607a52d7070b03b58d045115da282bd0ce9a33a8afaa7aaa4a332fc3cd3c1a,896497,1861387.0,346.0,0.000186,3,2,587
2025-05-13 04:23:38,c9b2c1d104fa7300b0a417cec166f5df84e2b262ad107a8996725f9979b7b5f7,896497,330.0,154.0,0.466667,1,1,328
2025-05-13 04:23:38,44dbe8e2688d1b31ce7319427cf5bd913c7f0fd891fb017525722ce3accdaeba,896497,2282482.0,154.0,6.7e-05,1,2,205
2025-05-13 04:23:38,a03a5680f66207907d3e072cb910b4d39cf7365cb55e55c4e97414cae084d0a9,896497,330.0,154.0,0.466667,1,1,328
2025-05-13 04:23:38,e26363dc2041abf2bdbd0baaa1e3aca6cf1c57d67fcaa4b19de44f5b9575839f,896497,1606586.0,154.0,9.6e-05,1,2,205
2025-05-13 04:23:38,6ce78ed6a9c618e478f219eb09326db0de04503d4dd27dec2e0d4df66821d817,896497,51628.0,299.0,0.005791,2,4,430
2025-05-13 04:23:38,4feabe0e75fa07dc9d5c4168848406e79089b1019ff1e85e151fc88509ca06e7,896497,38565.0,285.0,0.00739,1,2,284
2025-05-13 04:23:38,1e558779b153b8111833c378ad80e9f057f2e72f74c2019c68b7f6651a2e7ebc,896497,43820.0,285.0,0.006504,1,2,284
2025-05-13 04:23:38,408df5d562d9bf38afeeb396e8c2f1891cec01622c44d222ca47401ed03bd416,896497,32925.0,285.0,0.008656,1,2,284
2025-05-13 04:23:38,ff285fe0063c289e25e4b6e979d329dfac3f0257432f723ac827f2f54188bfd7,896497,33210.0,285.0,0.008582,1,2,284
2025-05-13 04:23:38,bf8fe6e6e2d286e68ff1200fb7fa0630e2166cd425a486650d94f5f77dbda711,896497,48615.0,285.0,0.005862,1,2,284
2025-05-13 04:23:38,3541e7e785637ea52a61ac656e15a7ee70dcd362ece80c3f8c27bca4db2eb929,896497,864746.0,141.0,0.000163,1,2,221
2025-05-13 04:23:38,6e68283127b4af6fbd4495d1bbbe1d2fde6d179bf31a64a32525d09e943a925c,896497,1037950.0,141.0,0.000136,1,2,223
2025-05-13 04:23:38,59d3a924ddaf96f7dbba00158f6721ca047852fe7f2a1964185b4a7a6fe86093,896497,463047.0,278.0,0.0006,3,2,520
2025-05-13 04:23:38,db0ec6bf3f355fbb5f429422626634d6b1917462b280911e1a7ac4006f9fb468,896497,1962153.0,267.0,0.000136,3,2,478
2025-05-13 04:23:38,10542556cab7c31d2eb0fb7d5b7d8512a0b15b26de2d9dcc5325661114e19fc6,896497,502327.0,246.0,0.00049,3,1,487
2025-05-13 04:23:38,dc93218bba08c48670657981b15aa38e05d8674487e648e419cd3565e13fd509,896497,8984811.0,224.0,2.5e-05,1,2,223
2025-05-13 04:23:38,f6602cf1ca203f24b5ce5c158fb5126826a3bfed9a37fbec811fad8015aefc63,896497,193810.0,223.0,0.001151,1,2,222
2025-05-13 04:23:38,430a3e740cd4649b79e1c1f46e6093c387019c6887693849581c879cbe69da12,896497,985062.0,385.0,0.000391,2,2,383
2025-05-13 04:23:38,d09d3ee472703641754d7a23e1e896a644b54f31074554e88dc9143d00b479f4,896497,41340.0,285.0,0.006894,1,2,283
2025-05-13 04:23:38,776797395cdd1ca6db92e73716bec517449d4b155db6908d45da761953f31752,896497,41625.0,285.0,0.006847,1,2,284
2025-05-13 04:23:38,b9a05746b163a09c06be77dc6bf86c8a244a2bbfc8db8e39fe3ace00da19ede7,896497,974171.0,285.0,0.000293,1,2,283
2025-05-13 04:23:38,6ed647f78682aaa9e8aab688fdf22200a88bd1eb52506f128383c799e12d5cbb,896497,974456.0,285.0,0.000292,1,2,284
2025-05-13 04:23:38,6f13760055a86a88f26f23c091446d3831e852a67c0cc6a28867902c2026b282,896497,974741.0,285.0,0.000292,1,2,283
2025-05-13 04:23:38,777908ea0729bec401bccd72af2d56ced4d197576bc5ef825bb84a00d70812a3,896497,975026.0,285.0,0.000292,1,2,284
2025-05-13 04:23:38,66d3360ed54f89d769ccf4224aa1a34fdd19c82684a1a1922d7ad19d8d3c867a,896497,52330.0,285.0,0.005446,1,2,283
2025-05-13 04:23:38,71fe08b1ecb39b753a84237b300e6d43c6263c44da54fb913ea4a1ac7cd432ee,896497,52615.0,285.0,0.005417,1,2,284
2025-05-13 04:23:38,32a81583e73dd8a669411038fa8d5fbbc323216b8ba843bbd9b6e3a590606176,896497,41295.0,285.0,0.006902,1,2,283
2025-05-13 04:23:38,73211e5d3c4aa818453e0a4d98ca2cf3d860bf407c34cc95234270611c673d4b,896497,41580.0,285.0,0.006854,1,2,284
2025-05-13 04:23:38,2886244829f73d585431accb8ea1c1c106a53f2f7b6437b50d7b09adbd4a68e5,896497,12087.0,169.0,0.013982,1,2,249
2025-05-13 04:23:38,127873ff35c99ff714d61e4afe61f1da4f3ef75363daf3c6d30576078e156f97,896497,12089.0,165.0,0.013649,1,2,245
2025-05-13 04:23:38,054d9aabea5c9903fb33d215865566dfece070ee956ce30a6b4f0122acb3d68f,896497,130578453.0,155.0,1e-06,1,2,205
2025-05-13 04:23:38,9f495d2e424227be95cab07c9b1a97e5b549cb13fa6e5aa176ed00dd468ef85a,896497,330.0,154.0,0.466667,1,1,326
2025-05-13 04:23:38,951b37d1afdb530b5ae29619dfcc730786a13207dc9fb8bafb468ed04821d83d,896497,175846.0,154.0,0.000876,1,2,205
2025-05-13 04:23:38,acc2ede899bdd44cba1b4d045f0a4ffce03dbafa11da159e9cdefa7532f21db9,896497,48900.0,285.0,0.005828,1,2,283
2025-05-13 04:23:38,b9b0e7dfcd276fca276ee4c7908880338ae7e2a8e5d23b8fbc5cda7a7345dba7,896497,46050.0,285.0,0.006189,1,2,283
2025-05-13 04:23:38,e0cda84ccc5cdd0c1522708b132f7502fba9ecfb317bae909d81dfb11b77e786,896497,38850.0,285.0,0.007336,1,2,283
2025-05-13 04:23:38,9ef6e94076fb6b57fc776913260f583c8b26b5a6f5ebeded624216176886dc65,896497,46335.0,285.0,0.006151,1,2,283
2025-05-13 04:23:38,d4442888a97a64f281a2d6eadedbd7652ac37c0bfc6f8c87750b972ab2db9114,896497,44105.0,285.0,0.006462,1,2,283
2025-05-13 04:23:38,ee4aae92977d5152b3e4fb89450a848a32761881f45276c10e9418a7cd45bb5c,896497,50944888.0,142.0,3e-06,1,2,223
2025-05-13 04:23:38,0c25b0e7f183811877f0a14c77ef55abd4fe45ef46c269eddbece84471c56c5a,896497,6130.0,866.0,0.141272,14,1,1553
2025-05-13 04:23:38,d6a8a5be7cf1f59b952c9e37ad0b80971c183744555e1911e03eb8a5db591762,896497,24363054.0,974.0,4e-05,16,1,1758
2025-05-13 04:23:38,3c3a8f0adece0e7d0315a9099e971a6972d754c1a23795e05ca4a51d3a2a3481,896497,112831.0,210.0,0.001861,2,2,370
2025-05-13 04:23:38,3a57c602c397d0ea496dc19e9dba19d2077c4df962cb42018cf0a7bfaa58a039,896497,684995.0,100.0,0.000146,1,1,150
2025-05-13 04:23:38,713776d8aae769d385d7420bcda8ff561664f975bc00460cc286281305362541,896497,799989640.0,193.0,0.0,1,1,191
2025-05-13 04:23:38,8cc73d00af4571e21493564fb8d64fb64b0a8e644c838dd308cd07a0137ab85a,896497,9932.0,371.0,0.037354,4,2,689
2025-05-13 04:23:38,08f28bc145a8ba2e7e48f01bf90b3fa3d10fa0c2f7e56527d9d8f4d383c2e15c,896497,217692.0,1242.0,0.005705,10,15,1788
2025-05-13 04:23:38,0b7c03ceca3dff2bd7ba0016be80444eac031f3d4d693c781f14319280bf6128,896497,282394.0,146.0,0.000517,1,2,226
2025-05-13 04:23:38,b241c040ce1e6c07fc5035ee0f7c9dec461578dfc816f60f461715191c46ae6e,896497,53145.0,135.0,0.00254,1,1,249
2025-05-13 04:23:38,49436a30cfaab34756c47d6b0d1543dbdbc6b997730d54b57e73d410904f804d,896497,98611.0,135.0,0.001369,1,1,249
2025-05-14 17:09:36,504d4f8ecb0e5eb896c33e49e3343f6a6a0e1ae5b464db8b3be59b357c8d3381,896699,1794492.0,530.0,0.000295,2,3,373
2025-05-14 17:09:36,824b58af6ade540d5333f86d44842e8e0e980a847744ebd429bbdb7749661aab,896699,240103.0,242.0,0.001008,1,1,191
2025-05-14 17:09:36,66465c5811afccd023e94df86939d997d430188629069b5c657aeffb9782a887,896699,10504.0,242.0,0.023039,1,1,191
2025-05-14 17:09:36,bbfe17884cdba4d2e8de91a66940ebbec28d83af9a906e6ec4a642fb082710b2,896699,295540.0,399.0,0.00135,2,1,343
2025-05-14 17:09:36,7e117b5e90021a2c4ba902d15681c2d899160671586ae046a5e5a3adb7d8931a,896699,1227545.0,399.0,0.000325,2,1,343
2025-05-14 17:09:36,603b4e0a0b357985acaebe44ea28d6fea04c23ffa3d0901b9cb8280e225e46a9,896699,28137707.0,1314.0,4.7e-05,1,1,191
2025-05-14 17:09:36,ae07ec3ce86126fec5073d8b77e700a382518fceee873dbc188c7fb94fe49caa,896699,62483193.0,10808.0,0.000173,1,163,5469
2025-05-14 17:09:36,e7f489e42ae7c159169f61f7357922f264737aec26ddebac5e0c6ce926162a31,896699,57113.0,570.0,0.00998,1,1,188
2025-05-14 17:09:36,a92b90396b04d7b22e45d5f934f5c69dca64be750be860485f5fc93c16d65676,896699,65195.0,440.0,0.006749,1,1,191
2025-05-14 17:09:36,57cbf3436a7c32a88a5163d8108cac57d963c66bcb6a68b022a9a9c86b5bd9e6,896699,33957052.0,1319.0,3.9e-05,1,1,191
2025-05-14 17:09:36,69bb50d354a0c88024eb4552cad273555d94ad9d740e32dada3c897d41041214,896699,68822946.0,10856.0,0.000158,1,164,5493
2025-05-14 17:09:36,0b84785b2145430e4c0548ecfd6d082b2c7c7947ef83993d136d6890fdee7607,896699,150196.0,1152.0,0.00767,4,3,1039
2025-05-14 17:09:36,7aae32f9d26388e82a1214222d9b5704262160d65272885166cc82a00f55fa24,896699,378935.0,1376.0,0.003631,8,4,1022
2025-05-14 17:09:36,16c0b8cc7088f66c209bed251051c63219fc1600dd0976ced9bb0f838b830d14,896699,283488.0,465.0,0.00164,2,2,372
2025-05-14 17:09:36,e4974e023c17dccd3fe58f8022b9f6d99b3d7f74bf25afcf9c3bcc4bf39fdeed,896699,4937.0,423.0,0.08568,1,1,191
2025-05-14 17:09:36,87fb808fe8a2fde23a57834e85646de96a80cefcd1c3f31e57d7344b3dc8de98,896699,330.0,344.0,1.042424,1,2,222
2025-05-14 17:09:36,d5a203aaeea5c088455006a0029c1dff3024be3288c498947e4329a6c51955ec,896699,19351.0,284.0,0.014676,1,2,193
2025-05-14 17:09:36,b31c447a9251fa1cd9f325b65843adbddb03872a15c85c8e7455af8bc3487d2b,896699,330.0,344.0,1.042424,1,2,222
2025-05-14 17:09:36,43ddbb88c4c6a803a00edc50f0f0da0f568052bfbad9890bdae5a78f0ca66aae,896699,20513.0,284.0,0.013845,1,2,193
2025-05-14 17:09:36,53813f5668e2960fbeb7cbe2a164de391598ec52637e883bf3fc806b9e1068d3,896699,1248956.0,465.0,0.000372,2,2,372
2025-05-14 17:09:36,baffe772b0d29bc34d7ef4196e40627ba1d81ead9c63b6a90fdc4b9b66107bcd,896699,156258.0,465.0,0.002976,2,2,372
2025-05-14 17:09:36,7ab33a510131611427a4b7d623793b5fe7028de0848751f9ded7278fa30537c2,896699,4670970.0,465.0,0.0001,2,2,371
2025-05-14 17:09:36,461541d29ef6521bd05a37fb9b3e1cc59b82502f7e143badca2f55c81d9e4c8d,896699,192959.0,465.0,0.00241,2,2,371
2025-05-14 17:09:36,34330bd37e3b56d39c664f3550a16142c2211870939cb2ef78ef25d90d114b08,896699,668103.0,465.0,0.000696,2,2,371
2025-05-14 17:09:36,b6620d06588023c025e83eb917c923122c1467708a96a0f9594de9e8b3198883,896699,548726.0,465.0,0.000847,2,2,370
2025-05-14 17:09:36,93c7cbce92cfa39a4f988b0369b459a2c8656b4d1f9c104c08be891980d517de,896699,599706.0,322.0,0.000537,1,2,225
2025-05-14 17:09:36,2463d3d5d348186b55b80f6b930ccf8669811fcae41e15be8faf0f188e2161cd,896699,97871.0,322.0,0.00329,1,2,226
2025-05-14 17:09:36,0ea7bd6f8f91a386c37d670ee9abb4582e255c444da5d69a686408c8d428da9d,896699,1163941.0,322.0,0.000277,1,2,225
2025-05-14 17:09:36,9ff1e6c37ec7d08329dbdea2c320d6bca6c69073e5c4470666ff009f5c50f85e,896699,66353.0,322.0,0.004853,1,2,226
2025-05-14 17:09:36,a125cdd5c5cc064122083044b204139829d19ff24db6bd3b9b75e4e8123c3097,896699,99664.0,336.0,0.003371,1,1,315
2025-05-14 17:09:36,7ede42d1ae3f970d9fd54c35b71a0fafa06093ee11c1716a304ce1e4375f6557,896699,435164.0,399.0,0.000917,2,1,340
2025-05-14 17:09:36,365198c3a850eeb507ac1361c586fdae469899a3bc510fabf93a08a7163464aa,896699,5665479.0,222.0,3.9e-05,1,1,150
2025-05-14 17:09:36,d9de68982c790902d9b8f23f2e11770ad0934b6f7ccfb0df4ad009408fef20e0,896699,18352420.0,323.0,1.8e-05,1,2,225
2025-05-14 17:09:36,ca7f707210658969dcea315234110e396ebb1c24f5bf3e9f915bc97c44b029b2,896699,931172.0,3170.0,0.003404,21,5,2484
2025-05-14 17:09:36,2315ccce732d4ce4cdd744d30e0da1a25327b400c34f3cce569b886eae7c05ea,896699,32293031.0,386.0,1.2e-05,1,3,253
2025-05-14 17:09:36,ad945b2e5ea8e8a04f2aadbf4d6981138f377455fe9758822f68d2b5522c62d4,896699,498970.0,1159.0,0.002323,7,1,1079
2025-05-14 17:09:36,a3334e176537802504f917c3586af613c0abc0ace1111da45a569970254d867a,896699,248926.0,301.0,0.001209,1,1,215
2025-05-14 17:09:36,d5d90eda5173eb4de95a2ac8631a253207cdce2418e9b906a5a7deefb491144e,896699,209699.0,301.0,0.001435,1,1,215
2025-05-14 17:09:36,224645a610b93ea1cf219a47765da6bebf298378379992241efebf7a4644dd88,896699,30525133.0,492.0,1.6e-05,1,2,219
2025-05-14 17:09:36,39f151b757713f560ee80a494b1f52933211e32bfe696609fd03d4ed49052181,896699,39683394.0,373.0,9e-06,1,2,247
2025-05-14 17:09:36,9a32733a469c55a1714d2924f2fda58188c852b257b1824b5bf2a51647e28b0d,896699,32280050.0,571.0,1.8e-05,2,2,416
2025-05-14 17:09:36,a308f215aa55c45b96aa9c19af12f5d23d6ee44811fcbe3f9a237f3aebf50b9a,896699,309124.0,373.0,0.001207,1,2,247
2025-05-14 17:09:36,8543e1978ccb257b7a5aa5219a4289315e3c71da9ad7c684993c90ede00675d0,896699,1357421.0,317.0,0.000234,1,2,222
2025-05-14 17:09:36,83f0275110a5e46c96fbf3019f99dd7a0e470737ded08037ef7769fb87b7719b,896699,45125490.0,317.0,7e-06,1,2,222
2025-05-14 17:09:36,bd8c0ddfbc9e2b6443ee175f6b4e8804c174ee4dfbfbe4114483b133f592fd2b,896699,45358806.0,317.0,7e-06,1,2,222
2025-05-14 17:09:36,578305872ab60800b7750e50207bca5b5042b5bf1448b64fcdb2078e740af36a,896699,15337277.0,369.0,2.4e-05,1,2,245
2025-05-14 17:09:36,6903c0e3e438aca8cdfaaaf3cdffe5e4a1e42752a4b94980c1f00f0a315c248e,896699,16208010.0,373.0,2.3e-05,1,2,247
2025-05-14 17:09:36,aa343af09efc6bcafa9e7c8099dbf152ff4687ca88fd6c60ef3cdf9075e33ffc,896699,16776566.0,434.0,2.6e-05,1,2,358
2025-05-14 17:09:36,f5591b498dbb1cad96e733b82aa8a8ab9b273dbba96248696c25c2f6b9a2252e,896699,8446997.0,506.0,6e-05,1,2,225
2025-05-14 17:09:36,e2d9468200b5c92253a1be4cbd26709130cc0e02f2be2319c6d2c584569f7ab3,896699,36143.0,405.0,0.011205,2,1,342
2025-05-14 17:09:36,b264f0cfe5a846d670f850769ab7637f00cfb240bc10450311f4bf1d131838ab,896699,18082752.0,324.0,1.8e-05,1,2,225
2025-05-14 17:09:36,bb040c0f7d3866d816d3228d4c46cb94922e55be8430991107beaa692040647e,896699,9979449.0,369.0,3.7e-05,1,2,245
2025-05-14 17:09:36,16c95887bcb76a2caade7e6b13b317919ea29c8b4a24cd4951c0a6c40196214f,896699,223603.0,369.0,0.00165,1,2,245
2025-05-14 17:09:36,734ae0fa957fb8e67d516d432bfc7b02d7526c7c8e3ec5d5b28549660bd90941,896699,12131471.0,369.0,3e-05,1,2,245
2025-05-14 17:09:36,6adab1335f6abd2ab17ac4320290524e4a2072de6d7442b546649d59f2c7ad38,896699,346472.0,324.0,0.000935,1,2,225
2025-05-14 17:09:36,666d2fd13022513b695e9a152a71a91865dddefbad3a1c6135cc66344077ac20,896699,1190500.0,331.0,0.000278,1,2,228
2025-05-14 17:09:36,284c05702047e9efed7c673c53965849640361695a4889b07657903df582aafa,896699,35162832.0,322.0,9e-06,1,2,224
2025-05-14 17:09:36,6d19b3b44ff3ea54115e81b64fb2c2f36eefd06f5f293ca0a7a19b85bc843ff3,896699,39973888.0,322.0,8e-06,1,2,224
2025-05-14 17:09:36,4fedbff17fe66980036cc30d356cbf4b769eac8ec14c069cf2888e7d936fb0c1,896699,17038836.0,322.0,1.9e-05,1,2,224
2025-05-14 17:09:36,b85d833157141d0ed548caca3cdb728530c5435682300560446aa6b9b85c9158,896699,16000125.0,322.0,2e-05,1,2,224
2025-05-14 17:09:36,1577b7ba1941bb4c811be20d43d4f1f7c7f7e80cf2dc00ea8550cc8d463ab248,896699,543112.0,563.0,0.001037,1,3,250
2025-05-14 17:09:36,80ad9c6a38b6864026abe769253c4ffc4cbd763e484f70b72f5a645bc1f75d87,896699,6920500.0,500.0,7.2e-05,1,2,222
2025-05-14 17:09:36,c14842aaf277d4fef521667660fd5907cf5093ca7545e439f87bb3b336ba6ea9,896699,8357.0,248.0,0.029676,1,1,191
2025-05-14 17:09:36,c6b18ee59acc2817043d601aa284e0ae59ad87bbf9a2c3d5a4d96ff74a207722,896699,9403.0,248.0,0.026375,1,1,191
2025-05-14 17:09:36,e43e2032d9bd7f453fb0e5740ad8d7f255d890536d62de9ddf316e12aefca1a1,896699,1858.0,318.0,0.171152,1,2,223
2025-05-14 17:09:36,2461ab79c5c8de629ddc652f2efb34168505f8b6efd5ee6152f72f603ab5305d,896699,7587.0,318.0,0.041914,1,2,223
2025-05-14 17:09:36,e73d3137e1d0573019e8d3f9c8130f861b9315c3629bac93c710656da00c8a37,896699,98000.0,860.0,0.008776,5,1,783
2025-05-14 17:09:36,8d9057fbca234c2f7e24680e36a0bfafec124402253c853940aec1e21f200f9b,896699,24999566.0,434.0,1.7e-05,1,2,357
2025-05-14 17:09:36,8b92220a52865fa8b802986791920785e17998e033203516405e957d952acee8,896699,39626.0,704.0,0.017766,2,5,443
2025-05-14 17:09:36,9151169ab19a22e8e6318a2a855aae23ae61733ef2c3c977a8c2d8e76e21c5ef,896699,1435670.0,322.0,0.000224,1,2,224
2025-05-14 17:09:36,17ff984a9a0c42e1e1ef10ca2f53deb0b011b4a38caeaf4373ff31f2c9261daa,896699,5312373.0,322.0,6.1e-05,1,2,224
2025-05-14 17:09:36,1eb2ff36cf8c6bfb3465254b92e5917efafcfdbfa78dafa4a9e46fa0a95130a3,896699,115429.0,322.0,0.00279,1,2,223
2025-05-14 17:09:36,c7dd72c3a8690db28a142b9280a47f1604e5b29f5e4ac945019de76692858099,896699,302412.0,322.0,0.001065,1,2,224
2025-05-14 17:09:36,f9f4e046bedcfd25c873cc06420cf1352d0dc0b3b142313eb841df9841d0507d,896699,4665107.0,322.0,6.9e-05,1,2,224
2025-05-14 17:09:36,f4d1a45270f808b850fb40b64bb54d18d93f343fc2a0774f8052961ae8b93f98,896699,191641.0,1330.0,0.00694,8,1,1228
2025-05-14 17:09:36,0f174bf3451e5376826db9fc743c32f9cc85a18c63a5f19d53364fe3580911e1,896699,511521.0,257.0,0.000502,1,1,194
2025-05-14 17:09:36,40b3d16cce72962e590d437b59e2c14254356c48be6653841b96a0aaf01824da,896699,467440.0,257.0,0.00055,1,1,194
2025-05-14 17:09:36,1e04e77444ace9d6e7e7ffb14f261f24942834a15f3cc2ecab242da297b9b0d8,896699,373862.0,257.0,0.000687,1,1,195
2025-05-14 17:09:36,1dce30749748edc761ecadee5ada5d105c7e5a7b813e30a1512c4509d7f8edaa,896699,2141406.0,257.0,0.00012,1,1,194
2025-05-14 17:09:36,744183d048415d13b0f015c0bbb3d60c5166ffa6b045f97eaf76d113a3e87790,896699,137281.0,257.0,0.001872,1,1,194
2025-05-14 17:09:36,09a75c22399d7c9a8f34962b0d44ecf1ee21faacf334e92cbbf777fa62fecb7b,896699,28933.0,257.0,0.008883,1,1,194
2025-05-14 17:09:36,fb225c567e1e74cc1b42d3571b862056d7b5601a085b2acb083d1df993a27574,896699,36637.0,257.0,0.007015,1,1,195
2025-05-14 17:09:36,9e2c3a24ea5a4230d4f6c77d7205eda97fbf436b06cc5dd382f6bb4c9750fa61,896699,2610733.0,257.0,9.8e-05,1,1,194
2025-05-14 17:09:36,41c727a467a31017bad84c25cddeede5933fd76836559a9e8a95b3a2fa10d51a,896699,22694.0,257.0,0.011325,1,1,195
2025-05-14 17:09:36,ac2efb3d3ab014fe51b379658be366a8dcd95bec0fd062e3924c3cd9c321e611,896699,290144.0,257.0,0.000886,1,1,194
2025-05-14 17:09:36,cf8489c38bf810be9e9732c1c5ace7c5b6c6c23f81d193a9f88f19306aca5260,896699,1554616.0,251.0,0.000161,1,1,191
2025-05-14 17:09:36,8d4f87925ac0a3efd160fbc2955f922414c26e8497e196ef14ebbbbad0edb80a,896699,243898.0,436.0,0.001788,2,1,356
2025-05-14 17:09:36,730117a6c9f4428a938a58ae7fd5bb338f5e37cfdf008ed66475c871f1d999f5,896699,46305629.0,322.0,7e-06,1,2,222
2025-05-14 17:09:36,b1b70c510596b8639b398207a792b2f480e9bb9ecd73d946715ce81b35c5dfe2,896699,585418.0,322.0,0.00055,1,2,223
2025-05-14 17:09:36,c4b4e3f3f18032d1131b72e9a1c138e64874d64410d6e820e18859114d58f6dc,896699,143871.0,322.0,0.002238,1,2,222
2025-05-14 17:09:36,f2c040f307075b6dfb670a1763b53d1be689dcc22f78d4c358fb5e1931f164db,896699,92606.0,322.0,0.003477,1,2,222
2025-05-14 17:09:36,85e9a78fc25cd08b6f8b6e6372a820a2047e7c0ad97cd5400a5fa7a126d6e1d1,896699,409311.0,322.0,0.000787,1,2,223
2025-05-14 17:09:36,fb1911b87c9d389b7eeb9336d9a196341bad6fad228d358731ad19d9a472ceb6,896699,50837.0,322.0,0.006334,1,2,223
2025-05-14 17:09:36,b774fce5f86dc5cb0935239351c645ed57ae204e626cfdcbda7e6431335b71b0,896699,212242.0,322.0,0.001517,1,2,222
2025-05-14 17:09:36,7b1d66a99c722c20f1da8472088740f3666c8ace7afbd87fe33aa460cc8c4ba4,896699,173361.0,322.0,0.001857,1,2,223
2025-05-14 17:09:36,88b8d6beb0485b5d999cf2053c6d91cd1590dfa9fcdde1cda33cbda52620359c,896699,335929.0,322.0,0.000959,1,2,222
2025-05-14 17:09:36,e1793bdb4513faa7b70f45aa4cbfb649baedf0347f09481a0b5251f8c576c396,896699,640701.0,322.0,0.000503,1,2,223
2025-05-14 17:09:36,48b57d8355c2deab46d52d8da055852eb6019867b3b09bdc4ecb2530b9e2728f,896699,394131.0,322.0,0.000817,1,2,223
2025-05-14 17:09:36,02c04e62c203f25a68c4d4e9ee0145af8becd2d2bdc4c716ccdff88fc1461989,896699,1114342.0,322.0,0.000289,1,2,223
2025-05-14 17:09:36,ed5edc60def7b8fbc31ea7483b86c324a272cd90b577e8c78cd04601e02a2682,896699,3139021.0,322.0,0.000103,1,2,222
2025-05-14 17:09:36,bdd24480bd113b12d29b24743d4bf2805daee00440ab01304099afa6f713dac9,896699,482791.0,459.0,0.000951,1,2,234
2025-05-14 17:09:36,4798724753ec3b44b0f8ae736c377ef186287584dd87bd73b840157c04e6b424,896699,216045.0,426.0,0.001972,1,2,223
2025-05-14 17:09:36,cf5550467bd3022f2fc11f033ea69d105b03ae0fbb57532f3361bafceb2e3a23,896699,1764.0,636.0,0.360544,2,2,312
2025-05-14 17:09:36,9f48eef24ff1d8a3370daadbd7de8cb7aba65ecde14d137e0640fd441b9a7a22,896699,457470.0,330.0,0.000721,1,1,192
2025-05-14 17:09:36,4da4d4b5dde4cd6d86aa9c4d4ebfb5fb36d6e09f9d510a7c9a187e074828f921,896699,11647.0,462.0,0.039667,1,2,205
2025-05-14 17:09:36,bf49a3000ca96a43601903e3f59fb81a9d4550f83d39575cff1b5001fcd7bd20,896699,1580.0,1358.0,0.859494,2,2,300
2025-05-14 17:09:36,53ded153e15d6e468dd3fe4f2a9f3c2d3164e2bd93835414532d5b264774011b,896699,50410.0,241.0,0.004781,2,2,302
2025-05-14 17:09:36,404a4de4d6ebbdc1081818711c1894addc3911ac729974b4767549b452748dfa,896699,61253.0,264.0,0.00431,1,3,301
2025-05-14 17:09:36,9fa43ef9257c251dc9e755392e8e985ef95b28f35f9680cd060dc865094c9620,896699,546.0,462.0,0.846154,1,1,332
2025-05-14 17:09:36,c4370cff6ec11d75b4cae53a6daaf8ae279ec140d85f0a23da77d9b874ba2f48,896699,14638.0,462.0,0.031562,1,2,205
2025-05-14 17:09:36,98f026239fc1b8e7489ca9d362e6178b5b37bb4cb9b4192b377639d913bb2b20,896699,200741.0,867.0,0.004319,3,2,532
2025-05-14 17:09:36,c9ebbcba232f152641f3e50df2b9a10b9c82e2200f276ff85fcdaeada55ad41f,896699,1698525.0,534.0,0.000314,2,1,340
2025-05-14 17:09:36,dc59a3a2f1ec1a156551c4a92de2b565539543d77355f0ab79734a2042faa01f,896699,220565406.0,423.0,2e-06,1,2,222
2025-05-14 17:09:36,88b5fb7f3992c39822b1a7880bebc5640cf0c2007981f57438ed25707ea2271d,896699,248480.0,297.0,0.001195,1,1,150
2025-05-14 17:09:36,05c327654fa6780ca2c1e8b15498451c987f4877a451ed293392374199a8311c,896699,546.0,456.0,0.835165,1,1,324
2025-05-14 17:09:36,4bf9c5bf91eee6baa2ef3107365eec89e595072cc4856ebd72d2db3495d367f6,896699,30480.0,462.0,0.015157,1,2,205
2025-05-14 17:09:36,0ee20b44eac47303acd87549ac3fc6e1e05f7be314b3ae34b05ffb6377c4191b,896699,199667.0,333.0,0.001668,1,1,162
2025-05-14 17:09:36,eee4fdc3f3c498ba4a6bb5a02772e1dbbe94e6c8357eec31af4ff511e44c8a1a,896699,546.0,462.0,0.846154,1,1,334
2025-05-14 17:09:36,853f7227b266e9af4aaada0fbd1dee57c6c9f8d47986d570c4501373168fb6b7,896699,223550.0,462.0,0.002067,1,2,205
2025-05-14 17:09:36,e1fbe59dc7d1608ac2f294e2bf37f03f714b069afbc5c953687d295553879519,896699,1803310.0,426.0,0.000236,1,2,223
2025-05-14 17:09:36,7b4c2201b2b9060bc7464ad177c7affe823370c378c1117debc3c6ce4243cd18,896699,53111198.0,426.0,8e-06,1,2,224
2025-05-14 17:09:36,cd0c9f2097492749fac07250eb6d7c327b102cb1ca8dbc0412c82b415bc96517,896699,8330085.0,423.0,5.1e-05,1,2,222
2025-05-14 17:09:36,32c7c102ed020bea89131454a166b4a6b0b8f5d4d629d504e70c5f0c87617d16,896699,14826.0,423.0,0.028531,1,2,223
2025-05-14 17:09:36,aedc4c7ba9f10095e4580ef556f919d9d95be4af3fc9923f209c9fd0f4efe315,896699,546.0,453.0,0.82967,1,1,322
2025-05-14 17:09:36,633a7cd8c1e6037e5e25b4d6b12f515d558d411b768d60e1e1965828cf643515,896699,17231932.0,432.0,2.5e-05,1,2,225
2025-05-14 17:09:36,3de17b4dc828f6a2840d7c3570e2d2e986235eae63f9515a1ed68e29b36f4214,896699,713970.0,534.0,0.000748,2,1,340
2025-05-14 17:09:36,9c823c60b6e588c3014f7926980121f7e7a0d8a6fb455b7f8422bd254a7f2914,896699,24954083.0,426.0,1.7e-05,1,2,224
2025-05-14 17:09:36,f6f063294af287b72476c55c76cbe2f29c6ad6a343a45fa2298eedade6aebf13,896699,299694.0,306.0,0.001021,1,1,153
2025-05-14 17:09:36,e1c87fb7373a99e786d27eca59cb517c5417a432acb35344fdbf77b926027a11,896699,1066823.0,624.0,0.000585,2,2,370
2025-05-14 17:09:36,7c067845173c11d13ccac83c419e8f9930627e9fafb9853fb526d2317d0ff210,896699,9930.0,330.0,0.033233,1,1,191
2025-05-14 17:09:36,8eaf30ebd06a5392330e53b37531dfbad46add90046a3b32114f3fe2a6896a10,896699,519538.0,462.0,0.000889,1,2,205
2025-05-14 17:09:36,0b33ccf1a8a4b9f138949aa2df9bc6c4de73531cce3b3c4d3e848ee979b3de0f,896699,546.0,459.0,0.840659,1,1,330
2025-05-14 17:09:36,cb5e06caa596c5323e772a3989c81a9157438cc1fc0fe4dc205766aec4fe100f,896699,220425.0,423.0,0.001919,1,2,222
2025-05-14 17:09:36,56ca90038849f09030aa83626cd2be12f975e704ba51d275d5e9cec96aa85f0e,896699,546.0,462.0,0.846154,1,1,333
2025-05-14 17:09:36,79103587da4dfad4e39033e351c2c260f92830c8fbbad85207553f3a058cd463,896699,3738.0,462.0,0.123596,1,2,205
2025-05-14 17:09:36,6b0681a7d66bdef1460bd66457cff1bb428b30a09fde72ddf51fabfc5884b60d,896699,149538.0,426.0,0.002849,1,2,223
2025-05-14 17:09:36,29843fb41668f7967ef57a88e68040f1d8f1f686ff2de76f11f073a8337b7b0b,896699,316739.0,426.0,0.001345,1,2,223
2025-05-14 17:09:36,cecb007c6e6ba76a55746a13c26d2fc68df50e5e626aba74c2efc99b43c37408,896699,41965.0,432.0,0.010294,1,2,226
2025-05-14 17:09:36,c4cbb49bc75c1a0c4a8a10855cc06b9b02161e02b7cab870e797dfc80d5c0708,896699,2128.0,462.0,0.217105,1,2,205
2025-05-14 17:09:36,8c533abeb2a1cc31b47a498b5851e309a99bbfa8b931b143fcc72936969acb07,896699,522250.0,1335.0,0.002556,2,2,300
2025-05-14 17:09:36,72e688372db2d0457dee6196c5eafc1b4f2f24127a359900097a80d64d6c09ba,896699,20407550.0,254.0,1.2e-05,2,2,313
2025-05-14 17:09:36,f088c7d35166cc222d14dec21d4127123d0ea8b6a85d7e867f096bf60cd9072a,896699,42996135.0,235.0,5e-06,1,3,277
2025-05-14 17:09:36,46da0b6bb746b99442a67f4762c94fbf1d7b2bb4d2648d60d76bffb858e0b907,896699,546.0,459.0,0.840659,1,1,330
2025-05-14 17:09:36,75765125eba9a03b7bf5b9e657752b0eafff12db489afa85892649dcd2011f89,896699,197218.0,462.0,0.002343,1,2,205
2025-05-14 17:09:36,b6bd749a0b361c22a4fe03f96473ee99d2c62b71d14cee94e67efb25e881a007,896699,508770.0,330.0,0.000649,1,1,192
2025-05-14 17:09:36,1b0a4dd5614a2dca3d7ab5a583c21714eadb636e7646622c9ed18bfa4ef82d07,896699,143675.0,423.0,0.002944,1,2,222
2025-05-14 17:09:36,c35cf83a89e1edd6cc5d8ff0c3faf69608546fc8fea27a370a830516dd438806,896699,356922.0,600.0,0.001681,2,2,300
2025-05-14 17:09:36,8d2b59b04fbaedea3aee874203c0a68f30d18cae4e289845d7a9d2e93c8c2f06,896699,110707.0,462.0,0.004173,1,2,205
2025-05-14 17:09:36,dc2ece33f4a7b3b83e44a7b5d026597ce08f2709cc4d09a3dbebc99f68f0f604,896699,677034.0,423.0,0.000625,1,2,222
2025-05-14 17:09:36,d7f5f6ff9f4baeb58ac437059ff3e63a3114a581d6932c918c0dffecbb81d301,896699,1315538.0,462.0,0.000351,1,2,205
2025-05-14 17:09:36,f29a469cdce233c592f8bac85c2c9d86bccff6f4f8e2d0f7a8b948c7f9fbe900,896699,1747856.0,462.0,0.000264,1,2,205
2025-05-14 17:09:36,a3a415d080bc3056d43a49861b5cc3a837c4ffac708793aad3d32390a6dd7e00,896699,26778.0,333.0,0.012436,1,1,192
2025-05-14 17:09:36,16c77693582b53136835d6ad6f87ca20bd38548004c72c37f6ba22ef47c62c00,896699,2871678.0,423.0,0.000147,1,2,223
2025-05-14 17:09:36,cdff163c8e6e9b275813811a73cdb1a493fd9e62ab8508ae454ef3882f43acac,896699,26011922.0,2580.0,9.9e-05,9,1,1585
2025-05-14 17:09:36,7b12c9221f791f03f2834f23bac845ffea7737721568d448a6bfcaa6da3703d2,896699,1078234.0,838.0,0.000777,3,2,521
2025-05-14 17:09:36,2ba45b58072bc8aa7b675d7e816d81014ad6901ddb78474dd69236c8a309d2a5,896699,1026881.0,838.0,0.000816,3,2,521
2025-05-14 17:09:36,fe87793daf05c21db2232428169df978726ed0cf1eaffcbe5e82d85ee387e6c2,896699,50821087.0,664.0,1.3e-05,1,2,221
2025-05-14 17:09:36,198f326c373f007edcdcb9eea4d03729ba546a5448cbb33598de41975fbf1e3b,896699,2899394.0,1146.0,0.000395,5,1,785
2025-05-14 17:09:36,403441a455587ea8ad7ed986554ba487a209f719ba3b1f22f4481bb677fe6ce4,896699,1290089.0,834.0,0.000646,3,2,521
2025-05-14 17:09:36,4dc8eefeeaa11f7046e35728fe5e6b4f74f4f77e82d270b3239d3749d573fddf,896699,101998.0,601.0,0.005892,2,2,300
2025-05-14 17:09:36,5c154d45a63f46164b085f6462cec6ffe505f0eaa56818aea61a9f79c5213f33,896699,4387354.0,1758.0,0.000401,8,1,1231
2025-05-14 17:09:36,ae71bd2981fd1ae903a995f0f36f7f3cc58ec28096cd4d1ba9f914f8045ec3dd,896699,1286717.0,1139.0,0.000885,3,3,621
2025-05-14 17:09:36,3974cfafe733be226143fbfac5cdb548854e302e16d1d070d67ea8e39aa3e9e4,896699,30207.0,1539.0,0.050948,4,7,836
2025-05-14 17:09:36,5c161b340a2406ca3ed24aff8b09482ce1de8ce44af9d1391920359c138633d9,896699,4817563.0,493.0,0.000102,1,2,245
2025-05-14 17:09:36,076591c088352b5babb2407db38ff14fadea90c0cf26618a1981cfedac2e9f09,896699,52953.0,1464.0,0.027647,3,1,487
2025-05-14 17:09:36,758aefa3c3050160b4aae7391d18cd79b46afe51fcc91bc30d5ff83d8164e557,896699,10627732.0,26754.0,0.002517,60,1,8898
2025-05-14 17:09:36,ae4c9e7156553253191a20175117281390b8504425f2cceb69384a706fd05ce2,896699,8021705.0,1323.0,0.000165,4,2,763
2025-05-14 17:09:36,b539dc6e2b475bd901149beddca6fbfa3988856925a915d3f5dce5b7ef93d6d8,896699,330.0,433.0,1.312121,1,1,305
2025-05-14 17:09:36,5ce66054d02297db625d11151a112b61a4f4a13c59fc351c97fdf669c6b86b50,896699,53382.0,445.0,0.008336,1,2,205
2025-05-14 17:09:36,0ffbc4a3290ed8a4aed5fc779181008d6a56cd7b7474f4507c92576b34d86793,896699,26505904.0,424.0,1.6e-05,1,2,223
2025-05-14 17:09:36,22638e717dc0ab8fa3f26a1f74bc61e415c48ddeef726490ca943fb357008d22,896699,19217.0,839.0,0.043659,3,2,521
2025-05-14 17:09:36,27b3a2c294bb1b0990a189b6a50e8963b4657372556735be6253ea0ea8a0161f,896699,487638.0,400.0,0.00082,1,1,248
2025-05-14 17:09:36,342cfee0b57a5af1afc5659507d3690e843a76349153ca2a201ab1f766f02ed7,896699,10991879.0,26754.0,0.002434,60,1,8894
2025-05-14 17:09:36,13e42df4b988a3e80f5ee6780785698f9424d12fada96380710386f940981918,896699,28299108.0,1113.0,3.9e-05,2,2,370
2025-05-14 17:09:36,b59614e0a1ff53a21525a3a67884534fc7a6a54acd69ed890cf766b1edce9697,896699,1699939.0,1044.0,0.000614,2,6,509
2025-05-14 17:09:36,fc812d94cb23606e88cb027a1193c8384e4aa1cf6d034964d83cb40296bc295e,896699,2176527.0,1306.0,0.0006,4,5,665
2025-05-14 17:09:36,a1632a2515d199e01b3ce46e0231e0232c18411d4134f75f0d98e713811f416a,896699,1636537.0,945.0,0.000577,4,1,637
2025-05-14 17:09:36,4aca3729b5d74517ddff594ae8cd24e5caf20c400f0cf096b2eedd26385776b2,896699,1450483.0,942.0,0.000649,4,1,635
2025-05-14 17:09:36,b907b27adfc48c8ba83b385f3319c800bdce9a3904bf1c869369f9f5557ac948,896699,9367193.0,942.0,0.000101,4,1,637
2025-05-14 17:09:36,966675f90357798cb8d2460712d90cf424971ca5c4e5cbae4d74934a640a9550,896699,62563.0,1337.0,0.02137,1,1,151
2025-05-14 17:09:36,00d571cd1cdcef1f5b09fbf6bc6d78e9e22620efb9906856bfe0603b54cb16d4,896699,101274.0,517.0,0.005105,6,4,814
2025-05-14 17:09:36,4a3c4ed7b49711fd1dfc136265754d73c43eb6eee51504268346aa552b9c151e,896699,606749.0,921.0,0.001518,2,4,467
2025-05-14 17:09:36,aae23850837d933c6b9ff0b82ea0f1938985ec4733695ed62862ef0ceb4eaaa8,896699,8728797.0,26754.0,0.003065,60,1,8888
2025-05-14 17:09:36,76b52b20b286665c96ec6a8fd920056304ec92bc363a18141381fa2217a82a86,896699,1145059.0,831.0,0.000726,3,2,518
2025-05-14 17:09:36,a5da0145eea20e14b9807d0bd6a59389a46eaa9bac11ff92dd1fff14957a9ec7,896699,114401.0,807.0,0.007054,3,2,449
2025-05-14 17:09:36,b16147ab70c051c40557a284554347e6c483b2d94718561e97c6e2b4b4d2946f,896699,19902.0,798.0,0.040096,2,3,396
2025-05-14 17:09:36,328aab781b5b5630a0b98cd8f762c8586945104600c9b0508441ee2f786627e3,896699,393417.0,2352.0,0.005978,5,1,781
2025-05-14 17:09:36,7a61cee0c2a4f8f6c6b96e443a7dea788dfc7be24c5fcd6324db7fac8a3f367c,896699,2029454.0,512.0,0.000252,1,2,360
2025-05-14 17:09:36,23867d999fb51036842b8f824ddc8980d7267e738978b6035e1d4b2a78fad05b,896699,197066.0,750.0,0.003806,2,2,495
2025-05-14 17:09:36,996f53dd8809c8cdf69b34438aca8ab950a05fa2b1e5348b0bbce1c706f23ef8,896699,139882.0,741.0,0.005297,3,1,489
2025-05-14 17:09:36,b4886d0212bae7bb9a7b04b40b32a68ac7bf17bf6abed54a4a9c73be525ee4e6,896699,50536.0,1458.0,0.028851,3,1,484
2025-05-14 17:09:36,9c637adc54d5ceeeb76541ef7cab5ec32485fbc4cca1aee71b816513fe747605,896699,151051.0,720.0,0.004767,2,3,401
2025-05-14 17:09:36,08fb41dd1a201c43f3622cdec20851e425e4c67b520643a28a66a0adba7e649a,896699,5363243.0,681.0,0.000127,1,2,226
2025-05-14 17:09:36,8c76d86884b4c98251e4c0b4a6f01116c8394b59c50b38aa34cd0c7c670baa21,896699,7423342.0,678.0,9.1e-05,1,2,225
2025-05-14 17:09:36,6383af4094cd572c3314cab82fb2aa48428c5e5581d7bd50351cb099ce25aca3,896699,379988.0,672.0,0.001768,1,2,223
2025-05-14 17:09:36,46645a609cb620c517a41d2e5568f7a58d43a9e341e74a42ed71683ea5cd1895,896699,530922.0,672.0,0.001266,1,2,223
2025-05-14 17:09:36,cb2824fbc4067c506ce0b4d0c53e3d20e288fba3654dbd6f1c203c5a18ae3669,896699,225628.0,672.0,0.002978,1,2,223
2025-05-14 17:09:36,43461c02a99d0ec83222109ada90bafe4dc8e90c7531417eb01cfea0ae042558,896699,7774080.0,672.0,8.6e-05,1,2,223
2025-05-14 17:09:36,8dc82d1bcb0011a0b90e71cb2530cc1f7f4fd4c3aeb140a6f4c16398bfd52b4a,896699,682862.0,672.0,0.000984,1,2,223
2025-05-14 17:09:36,5fb1ce29a456dbbf872ffb82d58fc76e94b40b1c7f6a95c195e601d52a178d0e,896699,869832.0,672.0,0.000773,1,2,223
2025-05-14 17:09:36,504d4f8ecb0e5eb896c33e49e3343f6a6a0e1ae5b464db8b3be59b357c8d3381,896699,1794492.0,530.0,0.000295,2,3,373
2025-05-14 17:09:36,824b58af6ade540d5333f86d44842e8e0e980a847744ebd429bbdb7749661aab,896699,240103.0,242.0,0.001008,1,1,191
2025-05-14 17:09:36,66465c5811afccd023e94df86939d997d430188629069b5c657aeffb9782a887,896699,10504.0,242.0,0.023039,1,1,191
2025-05-14 17:09:36,bbfe17884cdba4d2e8de91a66940ebbec28d83af9a906e6ec4a642fb082710b2,896699,295540.0,399.0,0.00135,2,1,343
2025-05-14 17:09:36,7e117b5e90021a2c4ba902d15681c2d899160671586ae046a5e5a3adb7d8931a,896699,1227545.0,399.0,0.000325,2,1,343
2025-05-14 17:09:36,603b4e0a0b357985acaebe44ea28d6fea04c23ffa3d0901b9cb8280e225e46a9,896699,28137707.0,1314.0,4.7e-05,1,1,191
2025-05-14 17:09:36,ae07ec3ce86126fec5073d8b77e700a382518fceee873dbc188c7fb94fe49caa,896699,62483193.0,10808.0,0.000173,1,163,5469
2025-05-14 17:09:36,e7f489e42ae7c159169f61f7357922f264737aec26ddebac5e0c6ce926162a31,896699,57113.0,570.0,0.00998,1,1,188
2025-05-14 17:09:36,a92b90396b04d7b22e45d5f934f5c69dca64be750be860485f5fc93c16d65676,896699,65195.0,440.0,0.006749,1,1,191
2025-05-14 17:09:36,57cbf3436a7c32a88a5163d8108cac57d963c66bcb6a68b022a9a9c86b5bd9e6,896699,33957052.0,1319.0,3.9e-05,1,1,191
2025-05-14 17:09:36,69bb50d354a0c88024eb4552cad273555d94ad9d740e32dada3c897d41041214,896699,68822946.0,10856.0,0.000158,1,164,5493
2025-05-14 17:09:36,0b84785b2145430e4c0548ecfd6d082b2c7c7947ef83993d136d6890fdee7607,896699,150196.0,1152.0,0.00767,4,3,1039
2025-05-14 17:09:36,7aae32f9d26388e82a1214222d9b5704262160d65272885166cc82a00f55fa24,896699,378935.0,1376.0,0.003631,8,4,1022
2025-05-14 17:09:36,16c0b8cc7088f66c209bed251051c63219fc1600dd0976ced9bb0f838b830d14,896699,283488.0,465.0,0.00164,2,2,372
2025-05-14 17:09:36,e4974e023c17dccd3fe58f8022b9f6d99b3d7f74bf25afcf9c3bcc4bf39fdeed,896699,4937.0,423.0,0.08568,1,1,191
2025-05-14 17:09:36,87fb808fe8a2fde23a57834e85646de96a80cefcd1c3f31e57d7344b3dc8de98,896699,330.0,344.0,1.042424,1,2,222
2025-05-14 17:09:36,d5a203aaeea5c088455006a0029c1dff3024be3288c498947e4329a6c51955ec,896699,19351.0,284.0,0.014676,1,2,193
2025-05-14 17:09:36,b31c447a9251fa1cd9f325b65843adbddb03872a15c85c8e7455af8bc3487d2b,896699,330.0,344.0,1.042424,1,2,222
2025-05-14 17:09:36,43ddbb88c4c6a803a00edc50f0f0da0f568052bfbad9890bdae5a78f0ca66aae,896699,20513.0,284.0,0.013845,1,2,193
2025-05-14 17:09:36,53813f5668e2960fbeb7cbe2a164de391598ec52637e883bf3fc806b9e1068d3,896699,1248956.0,465.0,0.000372,2,2,372
2025-05-14 17:09:36,baffe772b0d29bc34d7ef4196e40627ba1d81ead9c63b6a90fdc4b9b66107bcd,896699,156258.0,465.0,0.002976,2,2,372
2025-05-14 17:09:36,7ab33a510131611427a4b7d623793b5fe7028de0848751f9ded7278fa30537c2,896699,4670970.0,465.0,0.0001,2,2,371
2025-05-14 17:09:36,461541d29ef6521bd05a37fb9b3e1cc59b82502f7e143badca2f55c81d9e4c8d,896699,192959.0,465.0,0.00241,2,2,371
2025-05-14 17:09:36,34330bd37e3b56d39c664f3550a16142c2211870939cb2ef78ef25d90d114b08,896699,668103.0,465.0,0.000696,2,2,371
2025-05-14 17:09:36,b6620d06588023c025e83eb917c923122c1467708a96a0f9594de9e8b3198883,896699,548726.0,465.0,0.000847,2,2,370
2025-05-14 17:09:36,93c7cbce92cfa39a4f988b0369b459a2c8656b4d1f9c104c08be891980d517de,896699,599706.0,322.0,0.000537,1,2,225
2025-05-14 17:09:36,2463d3d5d348186b55b80f6b930ccf8669811fcae41e15be8faf0f188e2161cd,896699,97871.0,322.0,0.00329,1,2,226
2025-05-14 17:09:36,0ea7bd6f8f91a386c37d670ee9abb4582e255c444da5d69a686408c8d428da9d,896699,1163941.0,322.0,0.000277,1,2,225
2025-05-14 17:09:36,9ff1e6c37ec7d08329dbdea2c320d6bca6c69073e5c4470666ff009f5c50f85e,896699,66353.0,322.0,0.004853,1,2,226
2025-05-14 17:09:36,a125cdd5c5cc064122083044b204139829d19ff24db6bd3b9b75e4e8123c3097,896699,99664.0,336.0,0.003371,1,1,315
2025-05-14 17:09:36,7ede42d1ae3f970d9fd54c35b71a0fafa06093ee11c1716a304ce1e4375f6557,896699,435164.0,399.0,0.000917,2,1,340
2025-05-14 17:09:36,365198c3a850eeb507ac1361c586fdae469899a3bc510fabf93a08a7163464aa,896699,5665479.0,222.0,3.9e-05,1,1,150
2025-05-14 17:09:36,d9de68982c790902d9b8f23f2e11770ad0934b6f7ccfb0df4ad009408fef20e0,896699,18352420.0,323.0,1.8e-05,1,2,225
2025-05-14 17:09:36,ca7f707210658969dcea315234110e396ebb1c24f5bf3e9f915bc97c44b029b2,896699,931172.0,3170.0,0.003404,21,5,2484
2025-05-14 17:09:36,2315ccce732d4ce4cdd744d30e0da1a25327b400c34f3cce569b886eae7c05ea,896699,32293031.0,386.0,1.2e-05,1,3,253
2025-05-14 17:09:36,ad945b2e5ea8e8a04f2aadbf4d6981138f377455fe9758822f68d2b5522c62d4,896699,498970.0,1159.0,0.002323,7,1,1079
2025-05-14 17:09:36,a3334e176537802504f917c3586af613c0abc0ace1111da45a569970254d867a,896699,248926.0,301.0,0.001209,1,1,215
2025-05-14 17:09:36,d5d90eda5173eb4de95a2ac8631a253207cdce2418e9b906a5a7deefb491144e,896699,209699.0,301.0,0.001435,1,1,215
2025-05-14 17:09:36,224645a610b93ea1cf219a47765da6bebf298378379992241efebf7a4644dd88,896699,30525133.0,492.0,1.6e-05,1,2,219
2025-05-14 17:09:36,39f151b757713f560ee80a494b1f52933211e32bfe696609fd03d4ed49052181,896699,39683394.0,373.0,9e-06,1,2,247
2025-05-14 17:09:36,9a32733a469c55a1714d2924f2fda58188c852b257b1824b5bf2a51647e28b0d,896699,32280050.0,571.0,1.8e-05,2,2,416
2025-05-14 17:09:36,a308f215aa55c45b96aa9c19af12f5d23d6ee44811fcbe3f9a237f3aebf50b9a,896699,309124.0,373.0,0.001207,1,2,247
2025-05-14 17:09:36,8543e1978ccb257b7a5aa5219a4289315e3c71da9ad7c684993c90ede00675d0,896699,1357421.0,317.0,0.000234,1,2,222
2025-05-14 17:09:36,83f0275110a5e46c96fbf3019f99dd7a0e470737ded08037ef7769fb87b7719b,896699,45125490.0,317.0,7e-06,1,2,222
2025-05-14 17:09:36,bd8c0ddfbc9e2b6443ee175f6b4e8804c174ee4dfbfbe4114483b133f592fd2b,896699,45358806.0,317.0,7e-06,1,2,222
2025-05-14 17:09:36,578305872ab60800b7750e50207bca5b5042b5bf1448b64fcdb2078e740af36a,896699,15337277.0,369.0,2.4e-05,1,2,245
2025-05-14 17:09:36,6903c0e3e438aca8cdfaaaf3cdffe5e4a1e42752a4b94980c1f00f0a315c248e,896699,16208010.0,373.0,2.3e-05,1,2,247
2025-05-14 17:09:36,aa343af09efc6bcafa9e7c8099dbf152ff4687ca88fd6c60ef3cdf9075e33ffc,896699,16776566.0,434.0,2.6e-05,1,2,358
2025-05-14 17:09:36,f5591b498dbb1cad96e733b82aa8a8ab9b273dbba96248696c25c2f6b9a2252e,896699,8446997.0,506.0,6e-05,1,2,225
2025-05-14 17:09:36,e2d9468200b5c92253a1be4cbd26709130cc0e02f2be2319c6d2c584569f7ab3,896699,36143.0,405.0,0.011205,2,1,342
2025-05-14 17:09:36,b264f0cfe5a846d670f850769ab7637f00cfb240bc10450311f4bf1d131838ab,896699,18082752.0,324.0,1.8e-05,1,2,225
2025-05-14 17:09:36,bb040c0f7d3866d816d3228d4c46cb94922e55be8430991107beaa692040647e,896699,9979449.0,369.0,3.7e-05,1,2,245
2025-05-14 17:09:36,16c95887bcb76a2caade7e6b13b317919ea29c8b4a24cd4951c0a6c40196214f,896699,223603.0,369.0,0.00165,1,2,245
2025-05-14 17:09:36,734ae0fa957fb8e67d516d432bfc7b02d7526c7c8e3ec5d5b28549660bd90941,896699,12131471.0,369.0,3e-05,1,2,245
2025-05-14 17:09:36,6adab1335f6abd2ab17ac4320290524e4a2072de6d7442b546649d59f2c7ad38,896699,346472.0,324.0,0.000935,1,2,225
2025-05-14 17:09:36,666d2fd13022513b695e9a152a71a91865dddefbad3a1c6135cc66344077ac20,896699,1190500.0,331.0,0.000278,1,2,228
2025-05-14 17:09:36,284c05702047e9efed7c673c53965849640361695a4889b07657903df582aafa,896699,35162832.0,322.0,9e-06,1,2,224
2025-05-14 17:09:36,6d19b3b44ff3ea54115e81b64fb2c2f36eefd06f5f293ca0a7a19b85bc843ff3,896699,39973888.0,322.0,8e-06,1,2,224
2025-05-14 17:09:36,4fedbff17fe66980036cc30d356cbf4b769eac8ec14c069cf2888e7d936fb0c1,896699,17038836.0,322.0,1.9e-05,1,2,224
2025-05-14 17:09:36,b85d833157141d0ed548caca3cdb728530c5435682300560446aa6b9b85c9158,896699,16000125.0,322.0,2e-05,1,2,224
2025-05-14 17:09:36,1577b7ba1941bb4c811be20d43d4f1f7c7f7e80cf2dc00ea8550cc8d463ab248,896699,543112.0,563.0,0.001037,1,3,250
2025-05-14 17:09:36,80ad9c6a38b6864026abe769253c4ffc4cbd763e484f70b72f5a645bc1f75d87,896699,6920500.0,500.0,7.2e-05,1,2,222
2025-05-14 17:09:36,c14842aaf277d4fef521667660fd5907cf5093ca7545e439f87bb3b336ba6ea9,896699,8357.0,248.0,0.029676,1,1,191
2025-05-14 17:09:36,c6b18ee59acc2817043d601aa284e0ae59ad87bbf9a2c3d5a4d96ff74a207722,896699,9403.0,248.0,0.026375,1,1,191
2025-05-14 17:09:36,e43e2032d9bd7f453fb0e5740ad8d7f255d890536d62de9ddf316e12aefca1a1,896699,1858.0,318.0,0.171152,1,2,223
2025-05-14 17:09:36,2461ab79c5c8de629ddc652f2efb34168505f8b6efd5ee6152f72f603ab5305d,896699,7587.0,318.0,0.041914,1,2,223
2025-05-14 17:09:36,e73d3137e1d0573019e8d3f9c8130f861b9315c3629bac93c710656da00c8a37,896699,98000.0,860.0,0.008776,5,1,783
2025-05-14 17:09:36,8d9057fbca234c2f7e24680e36a0bfafec124402253c853940aec1e21f200f9b,896699,24999566.0,434.0,1.7e-05,1,2,357
2025-05-14 17:09:36,8b92220a52865fa8b802986791920785e17998e033203516405e957d952acee8,896699,39626.0,704.0,0.017766,2,5,443
2025-05-14 17:09:36,9151169ab19a22e8e6318a2a855aae23ae61733ef2c3c977a8c2d8e76e21c5ef,896699,1435670.0,322.0,0.000224,1,2,224
2025-05-14 17:09:36,17ff984a9a0c42e1e1ef10ca2f53deb0b011b4a38caeaf4373ff31f2c9261daa,896699,5312373.0,322.0,6.1e-05,1,2,224
2025-05-14 17:09:36,1eb2ff36cf8c6bfb3465254b92e5917efafcfdbfa78dafa4a9e46fa0a95130a3,896699,115429.0,322.0,0.00279,1,2,223
2025-05-14 17:09:36,c7dd72c3a8690db28a142b9280a47f1604e5b29f5e4ac945019de76692858099,896699,302412.0,322.0,0.001065,1,2,224
2025-05-14 17:09:36,f9f4e046bedcfd25c873cc06420cf1352d0dc0b3b142313eb841df9841d0507d,896699,4665107.0,322.0,6.9e-05,1,2,224
2025-05-14 17:09:36,f4d1a45270f808b850fb40b64bb54d18d93f343fc2a0774f8052961ae8b93f98,896699,191641.0,1330.0,0.00694,8,1,1228
2025-05-14 17:09:36,0f174bf3451e5376826db9fc743c32f9cc85a18c63a5f19d53364fe3580911e1,896699,511521.0,257.0,0.000502,1,1,194
2025-05-14 17:09:36,40b3d16cce72962e590d437b59e2c14254356c48be6653841b96a0aaf01824da,896699,467440.0,257.0,0.00055,1,1,194
2025-05-14 17:09:36,1e04e77444ace9d6e7e7ffb14f261f24942834a15f3cc2ecab242da297b9b0d8,896699,373862.0,257.0,0.000687,1,1,195
2025-05-14 17:09:36,1dce30749748edc761ecadee5ada5d105c7e5a7b813e30a1512c4509d7f8edaa,896699,2141406.0,257.0,0.00012,1,1,194
2025-05-14 17:09:36,744183d048415d13b0f015c0bbb3d60c5166ffa6b045f97eaf76d113a3e87790,896699,137281.0,257.0,0.001872,1,1,194
2025-05-14 17:09:36,09a75c22399d7c9a8f34962b0d44ecf1ee21faacf334e92cbbf777fa62fecb7b,896699,28933.0,257.0,0.008883,1,1,194
2025-05-14 17:09:36,fb225c567e1e74cc1b42d3571b862056d7b5601a085b2acb083d1df993a27574,896699,36637.0,257.0,0.007015,1,1,195
2025-05-14 17:09:36,9e2c3a24ea5a4230d4f6c77d7205eda97fbf436b06cc5dd382f6bb4c9750fa61,896699,2610733.0,257.0,9.8e-05,1,1,194
2025-05-14 17:09:36,41c727a467a31017bad84c25cddeede5933fd76836559a9e8a95b3a2fa10d51a,896699,22694.0,257.0,0.011325,1,1,195
2025-05-14 17:09:36,ac2efb3d3ab014fe51b379658be366a8dcd95bec0fd062e3924c3cd9c321e611,896699,290144.0,257.0,0.000886,1,1,194
2025-05-14 17:09:36,cf8489c38bf810be9e9732c1c5ace7c5b6c6c23f81d193a9f88f19306aca5260,896699,1554616.0,251.0,0.000161,1,1,191
2025-05-14 17:09:36,8d4f87925ac0a3efd160fbc2955f922414c26e8497e196ef14ebbbbad0edb80a,896699,243898.0,436.0,0.001788,2,1,356
2025-05-14 17:09:36,730117a6c9f4428a938a58ae7fd5bb338f5e37cfdf008ed66475c871f1d999f5,896699,46305629.0,322.0,7e-06,1,2,222
2025-05-14 17:09:36,b1b70c510596b8639b398207a792b2f480e9bb9ecd73d946715ce81b35c5dfe2,896699,585418.0,322.0,0.00055,1,2,223
2025-05-14 17:09:36,c4b4e3f3f18032d1131b72e9a1c138e64874d64410d6e820e18859114d58f6dc,896699,143871.0,322.0,0.002238,1,2,222
2025-05-14 17:09:36,f2c040f307075b6dfb670a1763b53d1be689dcc22f78d4c358fb5e1931f164db,896699,92606.0,322.0,0.003477,1,2,222
2025-05-14 17:09:36,85e9a78fc25cd08b6f8b6e6372a820a2047e7c0ad97cd5400a5fa7a126d6e1d1,896699,409311.0,322.0,0.000787,1,2,223
2025-05-14 17:09:36,fb1911b87c9d389b7eeb9336d9a196341bad6fad228d358731ad19d9a472ceb6,896699,50837.0,322.0,0.006334,1,2,223
2025-05-14 17:09:36,b774fce5f86dc5cb0935239351c645ed57ae204e626cfdcbda7e6431335b71b0,896699,212242.0,322.0,0.001517,1,2,222
2025-05-14 17:09:36,7b1d66a99c722c20f1da8472088740f3666c8ace7afbd87fe33aa460cc8c4ba4,896699,173361.0,322.0,0.001857,1,2,223
2025-05-14 17:09:36,88b8d6beb0485b5d999cf2053c6d91cd1590dfa9fcdde1cda33cbda52620359c,896699,335929.0,322.0,0.000959,1,2,222
2025-05-14 17:09:36,e1793bdb4513faa7b70f45aa4cbfb649baedf0347f09481a0b5251f8c576c396,896699,640701.0,322.0,0.000503,1,2,223
2025-05-14 17:09:36,48b57d8355c2deab46d52d8da055852eb6019867b3b09bdc4ecb2530b9e2728f,896699,394131.0,322.0,0.000817,1,2,223
2025-05-14 17:09:36,02c04e62c203f25a68c4d4e9ee0145af8becd2d2bdc4c716ccdff88fc1461989,896699,1114342.0,322.0,0.000289,1,2,223
2025-05-14 17:09:36,ed5edc60def7b8fbc31ea7483b86c324a272cd90b577e8c78cd04601e02a2682,896699,3139021.0,322.0,0.000103,1,2,222
2025-05-14 17:09:36,bdd24480bd113b12d29b24743d4bf2805daee00440ab01304099afa6f713dac9,896699,482791.0,459.0,0.000951,1,2,234
2025-05-14 17:09:36,4798724753ec3b44b0f8ae736c377ef186287584dd87bd73b840157c04e6b424,896699,216045.0,426.0,0.001972,1,2,223
2025-05-14 17:09:36,cf5550467bd3022f2fc11f033ea69d105b03ae0fbb57532f3361bafceb2e3a23,896699,1764.0,636.0,0.360544,2,2,312
2025-05-14 17:09:36,9f48eef24ff1d8a3370daadbd7de8cb7aba65ecde14d137e0640fd441b9a7a22,896699,457470.0,330.0,0.000721,1,1,192
2025-05-14 17:09:36,4da4d4b5dde4cd6d86aa9c4d4ebfb5fb36d6e09f9d510a7c9a187e074828f921,896699,11647.0,462.0,0.039667,1,2,205
2025-05-14 17:09:36,bf49a3000ca96a43601903e3f59fb81a9d4550f83d39575cff1b5001fcd7bd20,896699,1580.0,1358.0,0.859494,2,2,300
2025-05-14 17:09:36,53ded153e15d6e468dd3fe4f2a9f3c2d3164e2bd93835414532d5b264774011b,896699,50410.0,241.0,0.004781,2,2,302
2025-05-14 17:09:36,404a4de4d6ebbdc1081818711c1894addc3911ac729974b4767549b452748dfa,896699,61253.0,264.0,0.00431,1,3,301
2025-05-14 17:09:36,9fa43ef9257c251dc9e755392e8e985ef95b28f35f9680cd060dc865094c9620,896699,546.0,462.0,0.846154,1,1,332
2025-05-14 17:09:36,c4370cff6ec11d75b4cae53a6daaf8ae279ec140d85f0a23da77d9b874ba2f48,896699,14638.0,462.0,0.031562,1,2,205
2025-05-14 17:09:36,98f026239fc1b8e7489ca9d362e6178b5b37bb4cb9b4192b377639d913bb2b20,896699,200741.0,867.0,0.004319,3,2,532
2025-05-14 17:09:36,c9ebbcba232f152641f3e50df2b9a10b9c82e2200f276ff85fcdaeada55ad41f,896699,1698525.0,534.0,0.000314,2,1,340
2025-05-14 17:09:36,dc59a3a2f1ec1a156551c4a92de2b565539543d77355f0ab79734a2042faa01f,896699,220565406.0,423.0,2e-06,1,2,222
2025-05-14 17:09:36,88b5fb7f3992c39822b1a7880bebc5640cf0c2007981f57438ed25707ea2271d,896699,248480.0,297.0,0.001195,1,1,150
2025-05-14 17:09:36,05c327654fa6780ca2c1e8b15498451c987f4877a451ed293392374199a8311c,896699,546.0,456.0,0.835165,1,1,324
2025-05-14 17:09:36,4bf9c5bf91eee6baa2ef3107365eec89e595072cc4856ebd72d2db3495d367f6,896699,30480.0,462.0,0.015157,1,2,205
2025-05-14 17:09:36,0ee20b44eac47303acd87549ac3fc6e1e05f7be314b3ae34b05ffb6377c4191b,896699,199667.0,333.0,0.001668,1,1,162
2025-05-14 17:09:36,eee4fdc3f3c498ba4a6bb5a02772e1dbbe94e6c8357eec31af4ff511e44c8a1a,896699,546.0,462.0,0.846154,1,1,334
2025-05-14 17:09:36,853f7227b266e9af4aaada0fbd1dee57c6c9f8d47986d570c4501373168fb6b7,896699,223550.0,462.0,0.002067,1,2,205
2025-05-14 17:09:36,e1fbe59dc7d1608ac2f294e2bf37f03f714b069afbc5c953687d295553879519,896699,1803310.0,426.0,0.000236,1,2,223
2025-05-14 17:09:36,7b4c2201b2b9060bc7464ad177c7affe823370c378c1117debc3c6ce4243cd18,896699,53111198.0,426.0,8e-06,1,2,224
2025-05-14 17:09:36,cd0c9f2097492749fac07250eb6d7c327b102cb1ca8dbc0412c82b415bc96517,896699,8330085.0,423.0,5.1e-05,1,2,222
2025-05-14 17:09:36,32c7c102ed020bea89131454a166b4a6b0b8f5d4d629d504e70c5f0c87617d16,896699,14826.0,423.0,0.028531,1,2,223
2025-05-14 17:09:36,aedc4c7ba9f10095e4580ef556f919d9d95be4af3fc9923f209c9fd0f4efe315,896699,546.0,453.0,0.82967,1,1,322
2025-05-14 17:09:36,633a7cd8c1e6037e5e25b4d6b12f515d558d411b768d60e1e1965828cf643515,896699,17231932.0,432.0,2.5e-05,1,2,225
2025-05-14 17:09:36,3de17b4dc828f6a2840d7c3570e2d2e986235eae63f9515a1ed68e29b36f4214,896699,713970.0,534.0,0.000748,2,1,340
2025-05-14 17:09:36,9c823c60b6e588c3014f7926980121f7e7a0d8a6fb455b7f8422bd254a7f2914,896699,24954083.0,426.0,1.7e-05,1,2,224
2025-05-14 17:09:36,f6f063294af287b72476c55c76cbe2f29c6ad6a343a45fa2298eedade6aebf13,896699,299694.0,306.0,0.001021,1,1,153
2025-05-14 17:09:36,e1c87fb7373a99e786d27eca59cb517c5417a432acb35344fdbf77b926027a11,896699,1066823.0,624.0,0.000585,2,2,370
2025-05-14 17:09:36,7c067845173c11d13ccac83c419e8f9930627e9fafb9853fb526d2317d0ff210,896699,9930.0,330.0,0.033233,1,1,191
2025-05-14 17:09:36,8eaf30ebd06a5392330e53b37531dfbad46add90046a3b32114f3fe2a6896a10,896699,519538.0,462.0,0.000889,1,2,205
2025-05-14 17:09:36,0b33ccf1a8a4b9f138949aa2df9bc6c4de73531cce3b3c4d3e848ee979b3de0f,896699,546.0,459.0,0.840659,1,1,330
2025-05-14 17:09:36,cb5e06caa596c5323e772a3989c81a9157438cc1fc0fe4dc205766aec4fe100f,896699,220425.0,423.0,0.001919,1,2,222
2025-05-14 17:09:36,56ca90038849f09030aa83626cd2be12f975e704ba51d275d5e9cec96aa85f0e,896699,546.0,462.0,0.846154,1,1,333
2025-05-14 17:09:36,79103587da4dfad4e39033e351c2c260f92830c8fbbad85207553f3a058cd463,896699,3738.0,462.0,0.123596,1,2,205
2025-05-14 17:09:36,6b0681a7d66bdef1460bd66457cff1bb428b30a09fde72ddf51fabfc5884b60d,896699,149538.0,426.0,0.002849,1,2,223
2025-05-14 17:09:36,29843fb41668f7967ef57a88e68040f1d8f1f686ff2de76f11f073a8337b7b0b,896699,316739.0,426.0,0.001345,1,2,223
2025-05-14 17:09:36,cecb007c6e6ba76a55746a13c26d2fc68df50e5e626aba74c2efc99b43c37408,896699,41965.0,432.0,0.010294,1,2,226
2025-05-14 17:09:36,c4cbb49bc75c1a0c4a8a10855cc06b9b02161e02b7cab870e797dfc80d5c0708,896699,2128.0,462.0,0.217105,1,2,205
2025-05-14 17:09:36,8c533abeb2a1cc31b47a498b5851e309a99bbfa8b931b143fcc72936969acb07,896699,522250.0,1335.0,0.002556,2,2,300
2025-05-14 17:09:36,72e688372db2d0457dee6196c5eafc1b4f2f24127a359900097a80d64d6c09ba,896699,20407550.0,254.0,1.2e-05,2,2,313
2025-05-14 17:09:36,f088c7d35166cc222d14dec21d4127123d0ea8b6a85d7e867f096bf60cd9072a,896699,42996135.0,235.0,5e-06,1,3,277
2025-05-14 17:09:36,46da0b6bb746b99442a67f4762c94fbf1d7b2bb4d2648d60d76bffb858e0b907,896699,546.0,459.0,0.840659,1,1,330
2025-05-14 17:09:36,75765125eba9a03b7bf5b9e657752b0eafff12db489afa85892649dcd2011f89,896699,197218.0,462.0,0.002343,1,2,205
2025-05-14 17:09:36,b6bd749a0b361c22a4fe03f96473ee99d2c62b71d14cee94e67efb25e881a007,896699,508770.0,330.0,0.000649,1,1,192
2025-05-14 17:09:36,1b0a4dd5614a2dca3d7ab5a583c21714eadb636e7646622c9ed18bfa4ef82d07,896699,143675.0,423.0,0.002944,1,2,222
2025-05-14 17:09:36,c35cf83a89e1edd6cc5d8ff0c3faf69608546fc8fea27a370a830516dd438806,896699,356922.0,600.0,0.001681,2,2,300
2025-05-14 17:09:36,8d2b59b04fbaedea3aee874203c0a68f30d18cae4e289845d7a9d2e93c8c2f06,896699,110707.0,462.0,0.004173,1,2,205
2025-05-14 17:09:36,dc2ece33f4a7b3b83e44a7b5d026597ce08f2709cc4d09a3dbebc99f68f0f604,896699,677034.0,423.0,0.000625,1,2,222
2025-05-14 17:09:36,d7f5f6ff9f4baeb58ac437059ff3e63a3114a581d6932c918c0dffecbb81d301,896699,1315538.0,462.0,0.000351,1,2,205
2025-05-14 17:09:36,f29a469cdce233c592f8bac85c2c9d86bccff6f4f8e2d0f7a8b948c7f9fbe900,896699,1747856.0,462.0,0.000264,1,2,205
2025-05-14 17:09:36,a3a415d080bc3056d43a49861b5cc3a837c4ffac708793aad3d32390a6dd7e00,896699,26778.0,333.0,0.012436,1,1,192
2025-05-14 17:09:36,16c77693582b53136835d6ad6f87ca20bd38548004c72c37f6ba22ef47c62c00,896699,2871678.0,423.0,0.000147,1,2,223
2025-05-14 17:09:36,cdff163c8e6e9b275813811a73cdb1a493fd9e62ab8508ae454ef3882f43acac,896699,26011922.0,2580.0,9.9e-05,9,1,1585
2025-05-14 17:09:36,7b12c9221f791f03f2834f23bac845ffea7737721568d448a6bfcaa6da3703d2,896699,1078234.0,838.0,0.000777,3,2,521
2025-05-14 17:09:36,2ba45b58072bc8aa7b675d7e816d81014ad6901ddb78474dd69236c8a309d2a5,896699,1026881.0,838.0,0.000816,3,2,521
2025-05-14 17:09:36,fe87793daf05c21db2232428169df978726ed0cf1eaffcbe5e82d85ee387e6c2,896699,50821087.0,664.0,1.3e-05,1,2,221
2025-05-14 17:09:36,198f326c373f007edcdcb9eea4d03729ba546a5448cbb33598de41975fbf1e3b,896699,2899394.0,1146.0,0.000395,5,1,785
2025-05-14 17:09:36,403441a455587ea8ad7ed986554ba487a209f719ba3b1f22f4481bb677fe6ce4,896699,1290089.0,834.0,0.000646,3,2,521
2025-05-14 17:09:36,4dc8eefeeaa11f7046e35728fe5e6b4f74f4f77e82d270b3239d3749d573fddf,896699,101998.0,601.0,0.005892,2,2,300
2025-05-14 17:09:36,5c154d45a63f46164b085f6462cec6ffe505f0eaa56818aea61a9f79c5213f33,896699,4387354.0,1758.0,0.000401,8,1,1231
2025-05-14 17:09:36,ae71bd2981fd1ae903a995f0f36f7f3cc58ec28096cd4d1ba9f914f8045ec3dd,896699,1286717.0,1139.0,0.000885,3,3,621
2025-05-14 17:09:36,3974cfafe733be226143fbfac5cdb548854e302e16d1d070d67ea8e39aa3e9e4,896699,30207.0,1539.0,0.050948,4,7,836
2025-05-14 17:09:36,5c161b340a2406ca3ed24aff8b09482ce1de8ce44af9d1391920359c138633d9,896699,4817563.0,493.0,0.000102,1,2,245
2025-05-14 17:09:36,076591c088352b5babb2407db38ff14fadea90c0cf26618a1981cfedac2e9f09,896699,52953.0,1464.0,0.027647,3,1,487
2025-05-14 17:09:36,758aefa3c3050160b4aae7391d18cd79b46afe51fcc91bc30d5ff83d8164e557,896699,10627732.0,26754.0,0.002517,60,1,8898
2025-05-14 17:09:36,ae4c9e7156553253191a20175117281390b8504425f2cceb69384a706fd05ce2,896699,8021705.0,1323.0,0.000165,4,2,763
2025-05-14 17:09:36,b539dc6e2b475bd901149beddca6fbfa3988856925a915d3f5dce5b7ef93d6d8,896699,330.0,433.0,1.312121,1,1,305
2025-05-14 17:09:36,5ce66054d02297db625d11151a112b61a4f4a13c59fc351c97fdf669c6b86b50,896699,53382.0,445.0,0.008336,1,2,205
2025-05-14 17:09:36,0ffbc4a3290ed8a4aed5fc779181008d6a56cd7b7474f4507c92576b34d86793,896699,26505904.0,424.0,1.6e-05,1,2,223
2025-05-14 17:09:36,22638e717dc0ab8fa3f26a1f74bc61e415c48ddeef726490ca943fb357008d22,896699,19217.0,839.0,0.043659,3,2,521
2025-05-14 17:09:36,27b3a2c294bb1b0990a189b6a50e8963b4657372556735be6253ea0ea8a0161f,896699,487638.0,400.0,0.00082,1,1,248
2025-05-14 17:09:36,342cfee0b57a5af1afc5659507d3690e843a76349153ca2a201ab1f766f02ed7,896699,10991879.0,26754.0,0.002434,60,1,8894
2025-05-14 17:09:36,13e42df4b988a3e80f5ee6780785698f9424d12fada96380710386f940981918,896699,28299108.0,1113.0,3.9e-05,2,2,370
2025-05-14 17:09:36,b59614e0a1ff53a21525a3a67884534fc7a6a54acd69ed890cf766b1edce9697,896699,1699939.0,1044.0,0.000614,2,6,509
2025-05-14 17:09:36,fc812d94cb23606e88cb027a1193c8384e4aa1cf6d034964d83cb40296bc295e,896699,2176527.0,1306.0,0.0006,4,5,665
2025-05-14 17:09:36,a1632a2515d199e01b3ce46e0231e0232c18411d4134f75f0d98e713811f416a,896699,1636537.0,945.0,0.000577,4,1,637
2025-05-14 17:09:36,4aca3729b5d74517ddff594ae8cd24e5caf20c400f0cf096b2eedd26385776b2,896699,1450483.0,942.0,0.000649,4,1,635
2025-05-14 17:09:36,b907b27adfc48c8ba83b385f3319c800bdce9a3904bf1c869369f9f5557ac948,896699,9367193.0,942.0,0.000101,4,1,637
2025-05-14 17:09:36,966675f90357798cb8d2460712d90cf424971ca5c4e5cbae4d74934a640a9550,896699,62563.0,1337.0,0.02137,1,1,151
2025-05-14 17:09:36,00d571cd1cdcef1f5b09fbf6bc6d78e9e22620efb9906856bfe0603b54cb16d4,896699,101274.0,517.0,0.005105,6,4,814
2025-05-14 17:09:36,4a3c4ed7b49711fd1dfc136265754d73c43eb6eee51504268346aa552b9c151e,896699,606749.0,921.0,0.001518,2,4,467
2025-05-14 17:09:36,aae23850837d933c6b9ff0b82ea0f1938985ec4733695ed62862ef0ceb4eaaa8,896699,8728797.0,26754.0,0.003065,60,1,8888
2025-05-14 17:09:36,76b52b20b286665c96ec6a8fd920056304ec92bc363a18141381fa2217a82a86,896699,1145059.0,831.0,0.000726,3,2,518
2025-05-14 17:09:36,a5da0145eea20e14b9807d0bd6a59389a46eaa9bac11ff92dd1fff14957a9ec7,896699,114401.0,807.0,0.007054,3,2,449
2025-05-14 17:09:36,b16147ab70c051c40557a284554347e6c483b2d94718561e97c6e2b4b4d2946f,896699,19902.0,798.0,0.040096,2,3,396
2025-05-14 17:09:36,328aab781b5b5630a0b98cd8f762c8586945104600c9b0508441ee2f786627e3,896699,393417.0,2352.0,0.005978,5,1,781
2025-05-14 17:09:36,7a61cee0c2a4f8f6c6b96e443a7dea788dfc7be24c5fcd6324db7fac8a3f367c,896699,2029454.0,512.0,0.000252,1,2,360
2025-05-14 17:09:36,23867d999fb51036842b8f824ddc8980d7267e738978b6035e1d4b2a78fad05b,896699,197066.0,750.0,0.003806,2,2,495
2025-05-14 17:09:36,996f53dd8809c8cdf69b34438aca8ab950a05fa2b1e5348b0bbce1c706f23ef8,896699,139882.0,741.0,0.005297,3,1,489
2025-05-14 17:09:36,b4886d0212bae7bb9a7b04b40b32a68ac7bf17bf6abed54a4a9c73be525ee4e6,896699,50536.0,1458.0,0.028851,3,1,484
2025-05-14 17:09:36,9c637adc54d5ceeeb76541ef7cab5ec32485fbc4cca1aee71b816513fe747605,896699,151051.0,720.0,0.004767,2,3,401
2025-05-14 17:09:36,08fb41dd1a201c43f3622cdec20851e425e4c67b520643a28a66a0adba7e649a,896699,5363243.0,681.0,0.000127,1,2,226
2025-05-14 17:09:36,8c76d86884b4c98251e4c0b4a6f01116c8394b59c50b38aa34cd0c7c670baa21,896699,7423342.0,678.0,9.1e-05,1,2,225
2025-05-14 17:09:36,6383af4094cd572c3314cab82fb2aa48428c5e5581d7bd50351cb099ce25aca3,896699,379988.0,672.0,0.001768,1,2,223
2025-05-14 17:09:36,46645a609cb620c517a41d2e5568f7a58d43a9e341e74a42ed71683ea5cd1895,896699,530922.0,672.0,0.001266,1,2,223
2025-05-14 17:09:36,cb2824fbc4067c506ce0b4d0c53e3d20e288fba3654dbd6f1c203c5a18ae3669,896699,225628.0,672.0,0.002978,1,2,223
2025-05-14 17:09:36,43461c02a99d0ec83222109ada90bafe4dc8e90c7531417eb01cfea0ae042558,896699,7774080.0,672.0,8.6e-05,1,2,223
2025-05-14 17:09:36,8dc82d1bcb0011a0b90e71cb2530cc1f7f4fd4c3aeb140a6f4c16398bfd52b4a,896699,682862.0,672.0,0.000984,1,2,223
2025-05-14 17:09:36,5fb1ce29a456dbbf872ffb82d58fc76e94b40b1c7f6a95c195e601d52a178d0e,896699,869832.0,672.0,0.000773,1,2,223
2025-05-17 09:37:04,3c5b822552af90abbea6fdbcd762ee5c50b1d7d1094075a2df6e559217859e85,897084,46134854.0,6269.0,0.000136,1,2,226
2025-05-17 09:37:04,de2221371493d69eb19fc01df613a127172ae07e6867de302ca18a4d0e36cd02,897084,23588354.0,6269.0,0.000266,1,2,223
2025-05-17 09:37:04,2af668cd3e88717f248b1579f3426145fad5d61082f60f0185d7feaa9de663a7,897084,64664.0,6260.0,0.096808,1,2,222
2025-05-17 09:37:04,8ed3e09ec90e95edbb940df17fe9ed3a1c8f6c4c76506c5f3ec946d16688e812,897084,28353971.0,6269.0,0.000221,1,2,223
2025-05-17 09:37:04,bb177f115361cebff84bd35d38d26a35d87012f98ff06fa81a159c77305a9c03,897084,1847963.0,9923.0,0.00537,1,2,223
2025-05-17 09:37:04,fdfebdb5ea8985f846d7473d4cc77a406fd69c609b3fbcf59b0e98150d3260f6,897084,236692845.0,7352.0,3.1e-05,1,2,247
2025-05-17 09:37:04,e91f7172d33fa9a9eb3584bc26cf850fa518e64e58f1a2c83c3a716ebb365f06,897084,19531804.0,6463.0,0.000331,1,2,194
2025-05-17 09:37:04,d7b390dcc4288eaf18c64e16563eaa74a41f380960bd997bbb64112077cdf53b,897084,26023704.0,13514.0,0.000519,2,4,382
2025-05-17 09:37:04,273bfc9d45a2be533290795bba365b5e4fe70ec8661639c6862dbbe33aea54bc,897084,404407.0,7050.0,0.017433,1,2,222
2025-05-17 09:37:04,5882ac99e04601ee559bad7af63d9c04ffcd716401f806ba3d30129fdef2e504,897084,42862900.0,7100.0,0.000166,1,2,222
2025-05-17 09:37:04,8d4ceee5419e0e38d1788c07be0822ccdbdd638b57e01b965bc7978ab8e0769a,897084,3509979.0,9075.0,0.002585,1,2,246
2025-05-17 09:37:04,2bf9ad6056b8925a492c1721ee28442ce99a95de1a0f6240e8c4f21f23ebb279,897084,34180782.0,8094.0,0.000237,1,2,224
2025-05-17 09:37:04,7ac61073581ca41dce35a649d852ea0009479d89b4f55b1c594e7751d5203c3c,897084,666892.0,35644.0,0.053448,6,4,1028
2025-05-17 09:37:04,5f4d5dfa51a1d713870e4ce3b9ae87800ca29e4f741c5419368d0400ca536c19,897084,26889.0,10404.0,0.386924,1,2,223
2025-05-17 09:37:04,ad42c2f89e0f6829b6db3a1112f937dd60150c1b74a88de3a145da523c8b99c4,897084,39473.0,12070.0,0.305779,1,2,223
2025-05-17 09:37:04,53d2e996a8ddf1253703c86e985a9b24848e056c959827571f5be420c72b2c49,897084,140000.0,9754.0,0.069671,1,1,191
2025-05-17 09:37:04,ca58f33f63fe14c4b2ac6ce267e7e6e03606d5e1c061d8d56256e6408bda0996,897084,1558331.0,14100.0,0.009048,1,2,222
2025-05-17 09:37:04,b90bb739220e8f2fd53b791404a123768be94e86f2f32f388f50a3fe24c9f24d,897084,595293.0,18100.0,0.030405,2,1,344
2025-05-17 09:37:04,d9507882acca3bf0b80f32141874bb483fc38ea81b2390bb68b459299ad9db18,897084,170196680.0,21150.0,0.000124,1,2,222
2025-05-17 09:37:04,1ea25fbf30cbf174e36cb92d9a8d42e009ab63fe0b816e286f27bf0ae7125ff7,897084,11861574.0,124980.0,0.010537,8,6,1119
2025-05-17 09:37:04,968c34cbbf433c1c3e3348d9f1269f880a30b2c967c3fb8aac432589220c6f0b,897084,1516312.0,81396.0,0.05368,4,2,766
2025-05-17 09:37:04,484020752d4d415f89fa92f610c9f2fbc49311d2045f7b63c72849fbc7cf97f5,897084,2329371.0,46229.0,0.019846,1,4,320
2025-05-17 09:37:04,f850ad4491a01edf246fa21de21eff8a59f3a52528c30fd9d2ace3bb33f9787e,897084,1030425.0,29751.0,0.028873,1,2,222
2025-05-17 09:37:04,4c252d5c7cc206c75f4cf861016e72e88508a768c3ad6f3e1a8890a9af1d2578,897084,321490121.0,0.0,,1,5,421
2025-05-17 09:20:31,c3318dd29cf6ddf58b8122f1deeadb4a36289de3d0a6a7dcac333a884667d4e6,897083,546.0,924.0,1.692308,1,1,331
2025-05-17 09:20:31,aeca7d011e503855779f7163a63c97601fe82f5a5128f93653de4d41596590e5,897083,185017.0,798.0,0.004313,1,1,214
2025-05-17 09:20:31,e474c2026138f70a90e1f99d140d3d4afb0ee12aa5ec940ea10906f17d7fc3e3,897083,115051343.0,1376.0,1.2e-05,1,3,253
2025-05-17 09:20:31,eb84f164b50ef04e31bfffec033580740aaee1c32a00d8a96107a46b461c939f,897083,115150013.0,688.0,6e-06,1,3,253
2025-05-17 09:20:31,19532b061d7a9cc806e1c4a01792707dee24767c1eff2eaab6f7664ab05f2ae1,897083,9596.0,1272.0,0.132555,2,2,312
2025-05-17 09:20:31,49d44b6568912c4ac53ea0be7d47e2a4741ca4e67fcf97792a938896913b23e0,897083,2697076.0,924.0,0.000343,1,2,205
2025-05-17 09:20:31,9a284c9eef46450089e6bdc04bf51d88d413e9d566f5c1b481c76bd02334efdf,897083,546.0,918.0,1.681319,1,1,330
2025-05-17 09:20:31,99b4f2121cfcd94d5c93c33212c0d466ffcbc474a76c7c3777f5d75715939cdd,897083,1823898.0,1272.0,0.000697,2,2,374
2025-05-17 09:20:31,08ce91cb2c00ac0d9b379df84483d6892b0082fd0de79933b07d353ab2489ddc,897083,10632.0,852.0,0.080135,1,2,223
2025-05-17 09:20:31,5830a2929da9e556cdd94660e49ce484edbaea0237a34d961a0a98ce91ad60d9,897083,92206.0,864.0,0.00937,1,2,226
2025-05-17 09:20:31,e8f2e8bf8fb6e1d1964408465c5bc5a1dbc978c5deda026d9f3e84f5b5acd7d7,897083,99908042.0,858.0,9e-06,1,2,194
2025-05-17 09:20:31,4e99f1e4ff2e5b5c995bc71fa6800d383129ba738aac1c88bc645f00e5ae27d7,897083,168725.0,678.0,0.004018,1,1,194
2025-05-17 09:20:31,af33af45bfebfafbab5b66ca0b37acfb91f156ae3f917f93e16a04da516492c8,897083,1369.0,1614.0,1.178963,3,2,419
2025-05-17 09:20:31,5acc9fa5a75508bbf6baaf6ee10126b62346a6a2f588cdde34228ad6a33873c8,897083,294216.0,864.0,0.002937,1,2,225
2025-05-17 09:20:31,4ca4a2e987f7e40e0e1181d79d79241d579cea24b233490c8ec1859e8aadefbc,897083,426808.0,990.0,0.00232,1,2,247
2025-05-17 09:20:31,27ec1c76a9ecc27ddf59662497ba8b5cbafb23a337d2b96bb0162c0bc6e717b8,897083,8902274.0,846.0,9.5e-05,1,2,222
2025-05-17 09:20:31,84d031ea2322ef1c6f375adf58dee8b8e8ee0a2ea353c8cba2d78314aa0647ac,897083,11217667.0,1254.0,0.000112,2,2,371
2025-05-17 09:20:31,30094665ef9d36408410a051ddf7c6c63554248452c7329c68ce6cb3bd1690a7,897083,2748148.0,924.0,0.000336,1,2,205
2025-05-17 09:20:31,e94fe1ae312486f7ef7100391cca7fd3abd9a6f3d8c8d07774781b25dd91839c,897083,17872956.0,846.0,4.7e-05,1,2,222
2025-05-17 09:20:31,0821a6de1a7a65eac50b8ccdeb595a66d64140f2aa123bbdb1ccf67c8959b899,897083,17857033.0,1428.0,8e-05,1,5,319
2025-05-17 09:20:31,080182c2482242569be07c3a72a8ad1348ae3f0d919656b4bd2121ac100a5599,897083,66431502.0,846.0,1.3e-05,1,2,223
2025-05-17 09:20:31,0ad0c703d4914e081269193364f3073dc32d2fccd4c5babe580ee9656356ab98,897083,1740204.0,1032.0,0.000593,1,3,253
2025-05-17 09:20:31,26918641ba88c2dc5b8e35a198333d61735db0eb3d48748db7f5f5fe48822697,897083,85504.0,1272.0,0.014876,2,2,312
2025-05-17 09:20:31,c851cce704345d2c7adfeb40778fea6986de227a5c225bb4691b5cd31f50b096,897083,6553.0,660.0,0.100717,1,1,191
2025-05-17 09:20:31,91e408f53c0c60f8f8b27ac080eca87e144cb26c2a9e78026f9464f3e51e0895,897083,1296098.0,3318.0,0.00256,4,7,786
2025-05-17 09:20:31,7778c9c0ab39db8c1c3044a62afd84816852507f550aae308ddb323b18669a93,897083,289491.0,852.0,0.002943,1,2,193
2025-05-17 09:20:31,b296f5cbef01cc12bf41cc46ed8b7cdb39c7cda35b40ae8d0066dd488c2f2992,897083,15521.0,3101.0,0.199794,2,2,300
2025-05-17 09:20:31,12f29ea6ca7ccf3b9dd38a02b11fe56a9a21b45a5cc1e168cbd2760cdcd5a842,897083,597097.0,240.0,0.000402,2,2,301
2025-05-17 09:20:31,0d8b2528b0c32a35799b7f292518522bf615e65cac6a7ace20a30eead6578a97,897083,726001.0,235.0,0.000324,1,3,278
2025-05-17 09:20:31,afef57ac07239bc1608bddd23b6daf730577fb7dc6396372dfde660a7a91f98d,897083,84796.0,1272.0,0.015001,2,2,312
2025-05-17 09:20:31,6f6a955ad79bc0c8f4d8e488c4ea02416359a984c96b1ccc830a3007321d7c8d,897083,546076.0,864.0,0.001582,1,2,226
2025-05-17 09:20:31,87281eaad6a220623322cf4ddc975acaea5f5149d01a3e29eb8ac5933377628d,897083,1113789.0,1062.0,0.000954,1,2,259
2025-05-17 09:20:31,ace17d19cf9820db2b08c94b58c9890154c0f3f04e74030f971cfc2e8f0ace89,897083,49154.0,846.0,0.017211,1,2,223
2025-05-17 09:20:31,5210b44da6c24dea8a739dc8b3a0f2e589396ed952bfc1816c20708f4a6e4488,897083,1169542.0,846.0,0.000723,1,2,223
2025-05-17 09:20:31,cca866a8e4257a35d6ad165ce12b50355720e10fc36c4566327809bf5a6b3d88,897083,310898554.0,1986.0,6e-06,1,8,412
2025-05-17 09:20:31,63634444a27ff02f53a1775f7e47f5030935afc769ce36f9cb8a2ee10fd7f786,897083,898758.0,930.0,0.001035,1,3,237
2025-05-17 09:20:31,4834dfc4355794ebbe4dd88db82d0f4685cf65346f79cc2a7491baaaa2804f84,897083,216162.0,852.0,0.003941,1,2,193
2025-05-17 09:20:31,4c19ac76fe89898d589489c88d7283222b05649c5d425aebf77fcde1dc5b4f82,897083,1932204.0,660.0,0.000342,1,1,191
2025-05-17 09:20:31,3f2e3c8a6971d0b8931fe873a1556dd4976ddedec1d1ce5d97ba0c53bd0e7781,897083,192411.0,846.0,0.004397,1,2,222
2025-05-17 09:20:31,83898e5b805a00cf80a39e1ad40d6f5861f44199669501fde25e57e0599f4881,897083,19022514.0,846.0,4.4e-05,1,2,222
2025-05-17 09:20:31,2bc421dddf6eb1869dde3fee09c7d20395dfed1473cad7c56b500cf844321c7a,897083,546.0,924.0,1.692308,1,1,331
2025-05-17 09:20:31,9bd75d22035fd3171bbfedfaefadff7a762e48e0fc8692feb75c63c8cb8259f8,897083,144908.0,924.0,0.006376,1,2,205
2025-05-17 09:20:31,2b7ad4f077b1ed9b315ac2119ba75880bddc00b47b17cc752b6cf86e747baa76,897083,6995.0,924.0,0.132094,1,2,205
2025-05-17 09:20:31,5fdad759fe304a3dac6b7673c3b1457e0ffa83ea9f5eaa41cfdef72f3f5f7675,897083,68442.0,660.0,0.009643,1,1,191
2025-05-17 09:20:31,3818feb23aae70f6bf31686d57ad275b48f45d1ef383bcdd1f54ab06f2302575,897083,128713147.0,846.0,7e-06,1,2,222
2025-05-17 09:20:31,8f14e95a5ff44b9241f4bae77d3646e6ff3ccceca9e6e92a85e7fd7f115eeb74,897083,635799.0,864.0,0.001359,1,2,226
2025-05-17 09:20:31,828139e1354ca0a98af9770a14d62343474e496bb60be0fc966ff1ac330de574,897083,1590768.0,1482.0,0.000932,3,1,491
2025-05-17 09:20:31,19e6ee24b8bea15e79b60a2924742e5ce1c0b62079507424af436036d8b98d72,897083,95364.0,1356.0,0.014219,1,2,226
2025-05-17 09:20:31,101d4bfc0024f4cd7de2e8123093428276d55c723db25a322e62a923360c7e6e,897083,29334.0,666.0,0.022704,1,1,162
2025-05-17 09:20:31,54ee5f11f8a8f81af928bb8c68d03a129f4a36ef5d54d4be87e02264727d676e,897083,3345094.0,4284.0,0.001281,1,20,795
2025-05-17 09:20:31,f1d2c4141aa597852b4beadb6b1e42c4ab829b83402da0083c15b4002cfbef6b,897083,192851.0,1032.0,0.005351,1,3,253
2025-05-17 09:20:31,c8b1a51bfe55c319011c0dbf041bc3db9c3bef7fadea123d29b6a8d8bdf38c6b,897083,156957731.0,2760.0,1.8e-05,1,12,541
2025-05-17 09:20:31,b9b7f4789be39c9b0010f8ce8c638b2d861fb57c649af07c83e01686e9955d68,897083,130968609.0,1794.0,1.4e-05,1,7,381
2025-05-17 09:20:31,1a27badc04c1f2975338580439c1ad2c306c435fde324b7c43a7ff74d509e266,897083,105115.0,666.0,0.006336,1,1,193
2025-05-17 09:20:31,d6a6091e6208068f3f9134e370c427a7bfec9d5ae514f57fc14ba734cc62b866,897083,200995352.0,996.0,5e-06,1,2,248
2025-05-17 09:20:31,45fc4c6bc5d684de3958b7e3d52742fb49b131205bd047f85b37e9dfb5628162,897083,1441443.0,924.0,0.000641,1,2,236
2025-05-17 09:20:31,7a838df20a675f6063641d1bdfdc83b4ab696a8ef6d5cf33ff51d56efb06f561,897083,8123501.0,846.0,0.000104,1,2,222
2025-05-17 09:20:31,20f6fe67239ec2311105f2f4cd76df60d00363f38ea7c3531ada7aa90150ca60,897083,1593663.0,660.0,0.000414,1,1,192
2025-05-17 09:20:31,663174afef0244785038267b59ee4de0d8894c71316b7134615a0ab752502d5e,897083,99999136.0,864.0,9e-06,1,2,226
2025-05-17 09:20:31,3cddfe4c395ba0b197c719a05d966952a2a2ddb8999c162ec263661ee413815b,897083,351393.0,1272.0,0.00362,2,2,375
2025-05-17 09:20:31,4f053c826460c6d0fb08db50cc4400cd21241caadab7dcf893b3065356226259,897083,59800.0,3132.0,0.052375,3,2,522
2025-05-17 09:20:31,0922e13ff7ab82ac5b4df56b2ec4b4135ed84073494a6be3f572e27bc52baa57,897083,8750165.0,852.0,9.7e-05,1,2,224
2025-05-17 09:20:31,76add04b62108e39b7ec008c6b4073c69ff5cf5146852de26afad34430c75657,897083,105135813.0,846.0,8e-06,1,2,223
2025-05-17 09:20:31,11cf0503488bb2e3208fe3644c8737ce49f3d5063a2ff0d1c917a89b7dc5c155,897083,77323.0,924.0,0.01195,1,2,205
2025-05-17 09:20:31,feb42d57570486c3dd4a8c77ce35f9a932271dc85b16fa2482efa9be49996153,897083,172136.0,864.0,0.005019,1,2,226
2025-05-17 09:20:31,276323aa4f0314feb02f7120c115dad849629bc92b055223cd0e65ad07089651,897083,63488.0,846.0,0.013325,1,2,223
2025-05-17 09:20:31,3af2950538118b3ed7e6c367eef58dd353394be74444cd77b01b80974bae3050,897083,1659173.0,846.0,0.00051,1,2,223
2025-05-17 09:20:31,336f33096144d94eac27af5102ded55fd454b4324152b869f32290de4e3cf14e,897083,42862115.0,846.0,2e-05,1,2,222
2025-05-17 09:20:31,adfd6b207574026c943d6c22a72fc576000d0017112005fcea51060e7256044c,897083,391076.0,924.0,0.002363,1,2,205
2025-05-17 09:20:31,6cf01fb3356185a913a475a3b01b78fb1fee78e6eeeda8ae30f620c5ea317849,897083,1676232.0,864.0,0.000515,1,2,225
2025-05-17 09:20:31,b876a55dfe2beca83c0d5fa3bf02cbc704813eba17436c6744033d2d89973e48,897083,340141.0,846.0,0.002487,1,2,223
2025-05-17 09:20:31,68b8c6b8616e3c0f53f55e4fc87e90ec20dabd6048b3a4dec466e257e211cb43,897083,1081154.0,846.0,0.000782,1,2,222
2025-05-17 09:20:31,30c744006b66610e3da45f168e64a9d6a33b0e1c896400981fc47a645eff2f43,897083,7066590.0,3018.0,0.000427,4,4,827
2025-05-17 09:20:31,5ecc1cd0f93d0d70eda5b0424b887117952c6be40cddf078a459b33e609de13d,897083,1690582.0,852.0,0.000504,1,2,224
2025-05-17 09:20:31,04ee718c24d7100946cc6cb0181e3be85c94dd74ebf9447e77b06c27ccf0533c,897083,35471931.0,846.0,2.4e-05,1,2,223
2025-05-17 09:20:31,3ca6f200d9f76fd07380b05add83654333e59ad2a68e68741788d2bc8c06f33b,897083,1639884.0,864.0,0.000527,1,2,226
2025-05-17 17:52:33,209b6fe9f4671b69ec9b373de0aa28e0db27953cc8c9266a4e3440e0df441d9a,897134,104451.0,1753.0,0.016783,5,1,583
2025-05-17 17:52:33,d1f72c19a5dd5d65e0185e4e9a7d5c008e0f95f1d8b5542f3a6663884cc18058,897134,11014.0,278.0,0.025241,1,1,405
2025-05-17 17:52:33,1489fbf921c54eae288d004400014ec0aa7ec9b51cabc80aabf83d2fc5b79da8,897134,305149.0,582.0,0.001907,1,2,226
2025-05-17 17:52:33,821998d88183eef60f06ff2bd79f75f921271853893c6d4f0499741c052ec858,897134,2424619.0,582.0,0.00024,1,2,226
2025-05-17 17:52:33,da1d3aa91b01bb4a718404f348bb88206ea5a8271b6a083426c9a55741600310,897134,8255384.0,582.0,7e-05,1,2,225
2025-05-17 17:52:33,dba3281d24688423c48340126f85a8f0a41eb7761355d1589339f2a9f3d7f929,897134,192054.0,772.0,0.00402,1,1,191
2025-05-17 17:52:33,90392daa92bf5533eaee9150e7f4dbd2439056b5894a7be3d823ca4c65786536,897134,292081.0,1120.0,0.003835,3,2,520
2025-05-17 17:52:33,b1e4791af70fe0c25392a7c44ff6db5ca786989e63c797deef8195081a310958,897134,207424.0,619.0,0.002984,1,2,234
2025-05-17 17:52:33,6432de1e8358b5811fb9c3180f3ccb1f4e716808dd23810412a4395644af948a,897134,22280151.0,4220.0,0.000189,11,1,1932
2025-05-17 17:52:33,17012f1396e2b9856b0b688737362bc9185c41ff1a89e4be0915d10a7dadceda,897134,180112.0,1392.0,0.007729,4,2,668
2025-05-17 17:52:33,146d35b156a50652ba9fadb0b22646afc47b38f67193ab2bcac43a1fc7135d09,897134,235247.0,1392.0,0.005917,4,2,668
2025-05-17 17:52:33,132afe40558217427dbef120c0819644d4da92b11cb642e6a726d33ef9ccfb11,897134,1195569.0,10084.0,0.008434,24,26,3697
2025-05-17 17:52:33,603b394f212cd9e02fc2f0344a83a9160aedb12e1de4f5c14dda955a7b0797fb,897134,7435982.0,583.0,7.8e-05,1,2,226
2025-05-17 17:52:33,34a0b6bd983d5193ea1508e8db8e42ead4558cc6ba4138a21c248267d10c2d0d,897134,291857.0,583.0,0.001998,1,2,225
2025-05-17 17:52:33,c3bc26894a06b3e9bb62c27b89ee35a380f5d89582186b0d5df9b16bd1beaa9f,897134,553140.0,575.0,0.00104,1,2,223
2025-05-17 17:52:33,e25ea01a31821adbe4752edfff7e8ad2c93a6fa2927f713f613eaf735e0cc47f,897134,417102.0,575.0,0.001379,1,2,223
2025-05-17 17:52:33,0025be228e280a9794b041d15fd95e6c91e34a8bfb9f11808f011a83dbcebb9d,897134,318130.0,984.0,0.003093,1,3,435
2025-05-17 17:52:33,295ee7de1b97d43e032c1c9297265558563e157e5fe19e66b56bddd259b3f15d,897134,317830.0,984.0,0.003096,1,3,433
2025-05-17 17:52:33,36d9ce35a55389b8a3e2619dd2e3ba91f4f20ea5c823649283710d4380a3e918,897134,11951963.0,984.0,8.2e-05,1,3,433
2025-05-17 17:52:33,fd7efb7e979b9b3fd99c0e93da48e968f59b40da5b4c9bb1d36da3b29e968ce5,897134,102087.0,513.0,0.005025,1,1,192
2025-05-17 17:52:33,242ffa0afeff3e61a25adb47e68efc3a644325dc1ccdac3ad1544c2e804ff7da,897134,71287.0,513.0,0.007196,1,1,192
2025-05-17 17:52:33,7f601b72c536b12e4ba54bc0113ffc383f7f5e9df05c9aeb3fdd10a8b1eb6e43,897134,102087.0,513.0,0.005025,1,1,191
2025-05-17 17:52:33,36afc542276f34b0bb73bb89c70fde6cb7dd6751749dcf29f8a94eb9d4991fde,897134,50648.0,552.0,0.010899,1,1,193
2025-05-17 17:52:33,d8b862485d5a723cc6fe20e2d0e515aac39c750c04e2e5ce5b043d6a77dacb55,897134,50648.0,552.0,0.010899,1,1,193
2025-05-17 17:52:33,25fce57da9bb3de6bcf49b40c0aff54f92744337af7319649e6ecb4add419771,897134,307259.0,641.0,0.002086,1,1,191
2025-05-17 17:52:33,6cfebe4afde7b05efbe8a55fb2f6f8fecea25883c699340d2ebad49783c85a51,897134,50559.0,641.0,0.012678,1,1,191
2025-05-17 17:52:33,d42d2f6ee377650810b20d93f0d2891e08897401e5c1e6e8a9f42a2c920f2073,897134,512331.0,769.0,0.001501,1,1,192
2025-05-17 17:52:33,33480b2641019201a2f0237d9252147653b2ed2ab0459e732d4bac952d58f280,897134,119801363.0,2076.0,1.7e-05,1,15,783
2025-05-17 17:52:33,5b03e7d3ef21b0903869745eb60dea42400b3e1aed3abca1ba5a260a605a21ab,897134,52864153.0,908.0,1.7e-05,2,1,386
2025-05-17 17:52:33,e7491b282c4ccb2210611e6e3e70261bd556b9b339f1be4646808e3cd37d7923,897134,9519835.0,904.0,9.5e-05,1,2,223
2025-05-17 17:52:33,050ee51afc938ea7b49c4ddeec2d5f2163b4e41cd52b74c60f03a17bdf9d3b0b,897134,1256518.0,904.0,0.000719,1,2,223
2025-05-17 17:52:33,8e29ea3b77fa59ef7aaf7c5778d651a37145438e0e073475a933f7f853e220ee,897134,4580231.0,450.0,9.8e-05,1,1,192
2025-05-17 17:52:33,752fde139eaf9d5957cc0373ea9dcd2861024d993b1d0e218b017f49c5835f9f,897134,159849.0,1042.0,0.006519,2,2,419
2025-05-17 17:52:33,3b3fbb6457e4f41b885a97fdccbe7408666dec269b561b18ad796cfdd7fd38b4,897134,33291.0,584.0,0.017542,1,2,225
2025-05-17 17:52:33,2a3445bbd669a4ca0ec5417266808a10282092b4c004bd5752da03323a67e9b0,897134,31129.0,4329.0,0.139066,8,12,1624
2025-05-17 17:52:33,31ba261be9ef166a8106038f2a7890160bb27faa5de5254ff442a11edfbb9327,897134,54502.0,848.0,0.015559,2,2,371
2025-05-17 17:52:33,b925500be433ab25cf7955b483538e4660e46813b04fccd9fba74f85de15ab9f,897134,239049.0,564.0,0.002359,1,1,310
2025-05-17 17:52:33,0bdf00271a23ee34af12884aad7246238f6db610b561e69590bb93b1ea01d55f,897134,239049.0,564.0,0.002359,1,1,310
2025-05-17 17:52:33,7721346067b31b1354df46db577189de20e1deb0e25dc5601a9eeebce94efa43,897134,45205479.0,1011.0,2.2e-05,1,4,331
2025-05-17 17:52:33,841241419defe9d2cecba3be65a2d1fe0e8cf2674f1703ec12d1760e66db494a,897134,6077.0,768.0,0.126378,1,1,189
2025-05-17 17:52:33,b82119f205c93125d603c90010cb29ffee98cce8a7850a4729702aa1b278da04,897134,52648.0,447.0,0.00849,1,1,191
2025-05-17 17:52:33,925fa92690d894e00ef5fdbc004e928beea2fc98caea8d1f6a3104f4572c4136,897134,92283.0,1276.0,0.013827,4,1,639
2025-05-17 17:52:33,5e8d6ad7fc2e7fc2b9fa92faa9701a8bf3be086082abeff20b4c9fb54947868c,897134,167523.0,496.0,0.002961,1,1,204
2025-05-17 17:52:33,33f59e66eeb3a1e0ff5b3af6779767d3bc7d3a43408074ee81417383bba83a6a,897134,23161.0,1175.0,0.050732,2,2,371
2025-05-17 17:52:33,5ccc200d67610b980237069145c272cb73ce23f937a448344e2b49c3082b7751,897134,49727193.0,71228.0,0.001432,257,2,38243
2025-05-17 17:52:33,a9eedacf142480fdca20dc9a4c5fd303fdcdb7d45555ec200fcd748b2d0f49e6,897134,16744313.0,769.0,4.6e-05,1,2,381
2025-05-17 17:52:33,8f74c9b25c3eada88c02728cebd10862ee13b0b88e56401e3b2aadfdfd5f6b9a,897134,26527932.0,769.0,2.9e-05,1,2,379
2025-05-17 17:52:33,e8f73791740d7ff27ae402ec15591c1f37058b9571c86771a1414d8f3aad5588,897134,101308408.0,769.0,8e-06,1,2,379
2025-05-17 17:52:33,f073f377bfebb26fdb453083557d268143807d676cc5c03de8550d3ad2861448,897134,51751.0,912.0,0.017623,1,2,414
2025-05-17 17:52:33,ab69cf42ab2c31ee8ee80f4fb8d79616e49bc4dc4b040c1c428cf41d80483811,897134,22674811.0,968.0,4.3e-05,1,5,319
2025-05-17 17:52:33,06a816b221e1f12890e712c60e5ae6905e6a6580bf4331f822f4b04315cf742d,897134,400000.0,2654.0,0.006635,9,1,1375
2025-05-17 17:52:33,2f72586750418ca92b2e0de948697840015c20b63edc81f7b981df55696f88e1,897134,13540.0,460.0,0.033973,1,1,194
2025-05-17 17:52:33,37f839917fd452dd9c58d772b27fdfc48cdee8d50dc50dcf55f0f18952dde3e4,897134,16563.0,452.0,0.02729,1,1,193
2025-05-17 17:52:33,15a468fc0352cecdda1a9ff4a1b9cb0b98376125cd77b63e7366e8a71dc4105f,897134,5100436.0,452.0,8.9e-05,1,1,193
2025-05-17 17:52:33,09ce8098fbef1731897ea2994e4d5d69f8c90d1a2b6ffc8e3f75157af41fad44,897134,630858.0,904.0,0.001433,1,2,222
2025-05-17 17:52:33,156ef0b4a0e84c7c981a5788b36503e3dde14d93d3e23638bd073497d530ed3a,897134,30810.0,452.0,0.014671,1,1,192
2025-05-17 17:52:33,4f23c2e0bbee707caac9850f85e34aedc5fc6eaa505299d2154ec2546c9ee392,897134,77677817.0,672.0,9e-06,1,2,247
2025-05-17 17:52:33,0273f9e4706f44fcdd60f4946f30562c356dbf371fca2fb5fb5af5dba2c65d37,897134,14552.0,448.0,0.030786,1,1,192
2025-05-17 17:52:33,e70fe6cb654cde137b4034c4cb523658404b09a94b281373e49c8f5a5ada7828,897134,11773.0,448.0,0.038053,1,1,192
2025-05-17 17:52:33,1116650460bfb2d5951a2278d202d550e6f7d30901d8288cbdabaf14d648d3e6,897134,49000.0,1158.0,0.023633,4,1,483
2025-05-17 17:52:33,a02d163e03b5b7e2ee68beb4f65ee84bdedb2e96a47483d83327468be4fd6b7a,897134,968389.0,1339.0,0.001383,2,2,708
2025-05-17 17:52:33,2c2e4f8917728eb833b4954e7f1717aba05b506d583b0b7b6c0bc76267053254,897134,4488.0,550.0,0.122549,1,1,191
2025-05-17 17:52:33,197f71bd498f17eccdd8bfcdd437acf79f54dfe580d5e2585994e81b3c3e694d,897134,5038.0,5336.0,1.05915,19,1,2864
2025-05-17 17:52:33,1f55cfb5d8675299fca68b5443f4d319356744c29102cf723dcdfdc0eb15ddba,897134,138730.0,508.0,0.003662,1,1,153
2025-05-17 17:52:33,af33cab7f9d4bec5a0df5c18f6647744ac6a56d2b8b1658b615e5412d96b97ff,897134,34893.0,565.0,0.016192,1,1,194
2025-05-17 17:52:33,3293001a8a524b5212f00dc95aa928a8dc4fdbd04fad72188e4d6e3f85819b95,897134,112190.0,1148.0,0.010233,1,2,221
2025-05-17 17:52:33,ff20d8fad46c72dbd18e5d9e371bd3cd5e2630a700a8576fe5d1cf889bee8ec9,897134,46900683.0,2633.0,5.6e-05,1,1,191
2025-05-17 17:52:33,c0b586d25e9ca16162ec3e5187a44b23df3a752f66a84dea4680f3a1e2efb069,897134,31922639.0,54516.0,0.001708,133,1,19725
2025-05-17 17:52:33,cef3b387daf032eca8485f005c2ae07f50ba9858d1d3d63f429abf56b74c33bf,897134,1501839.0,760.0,0.000506,1,2,380
2025-05-17 17:52:33,087252714d641ed58910d29f0958e1e75318b5fda08fb24d004fb8036d215e24,897134,59280416.0,7687.0,0.00013,2,185,6311
2025-05-17 17:52:33,1bf0a367b8922e78c9f86342945b53176c203aa021c85e0e86fb1366c6354f0c,897134,121030294.0,1789.0,1.5e-05,1,10,627
2025-05-17 17:52:33,15d9f45e68e4e07dc1e8954be45165344196c5a6e20948dbdd754e26fb86547a,897134,487484.0,516.0,0.001058,1,1,255
2025-05-17 17:52:33,b28632ed4ceaca8156dc3c6a31c0091ed9a50a80f2183b4f5ed9b5f4dcb3fe65,897134,567484.0,516.0,0.000909,1,1,255
2025-05-17 17:52:33,e5e059245a8dde0fc4024f79b676ea085e381a49aba329f7c351c7544faf7a52,897134,737628.0,856.0,0.00116,2,2,372
2025-05-17 17:52:33,936ac03277388a3e2c426120325b9608213150150750341b72476a5ae03f991d,897134,516860.0,680.0,0.001316,1,2,247
2025-05-17 17:52:33,a9604d8d4a1861012fad525b2832452b702effd0695f06eeaf9ee58e91b3ab15,897134,19159536.0,578.0,3e-05,1,2,222
2025-05-17 17:52:33,f9cf1f6e4b79b50026f9cc50268a41018c07bb8c2165cc75cd2bd2565b0f41f1,897134,99549.0,451.0,0.00453,1,1,191
2025-05-17 17:52:33,9a2c25753328c87b853677eeca1457ffee1467d7730d8740b9e788eaceffa3fc,897134,146873.0,915.0,0.00623,1,2,223
2025-05-17 17:52:33,699cf84cdda21127690f5315dcced89f1c1886c712b4111da4b84e80f807f4d9,897134,38241.0,550.0,0.014382,1,1,216
2025-05-17 17:52:33,8dc9ded66dfe464ab26b031f9f4322310d2a202635556f3217fb4b5a19b904cf,897134,299450.0,550.0,0.001837,1,1,216
2025-05-17 17:52:33,ba437c1882cead4bfe625a353dd19db18f3992cf84e8040d459ec3da62f7c3ac,897134,43077.0,5616.0,0.130371,9,1,1368
2025-05-17 17:52:33,948a6d370783b1414b372a0f189f87ac4f6966508e29a6c39e366bb90f3f0f19,897134,550104.0,546.0,0.000993,1,1,214
2025-05-17 17:52:33,8f9ee8cc4ef10d8ddde35525fa20851ebaf5e39ba7031544b6647fec4c432671,897134,7476846.0,854.0,0.000114,2,2,370
2025-05-17 17:52:33,86fa885170beb374e9d48abe3151a7cff37c8308917f03f0da0d3e4b44761e2a,897134,2127883.0,928.0,0.000436,1,3,416
2025-05-17 17:52:33,2d5400a166050bb77e78652f5b38f4e58dbf4485801f25d129ec97f5dcd5af84,897134,1041006.0,3938.0,0.003783,6,2,959
2025-05-17 17:52:33,2597bec36408e269a247adf302d4d91e1fba85edb52498b4d3bf8b3953271227,897134,4281205.0,1532.0,0.000358,2,2,373
2025-05-17 17:52:33,40dbec77c390585a56698e03aa4c52d07263ce650859941b27dbe14f160d7ddf,897134,121653.0,727.0,0.005976,2,1,339
2025-05-17 17:52:33,fe0a4d0fab892721f5fd601707b2f5b5e56761059141dac80526a376600f974f,897134,109780.0,596.0,0.005429,1,2,196
2025-05-17 17:52:33,e5f3c2102fbe48549bf1f98e3f5ad437cdbb2ad7312a5fda4ad7353aaeeabebc,897134,46991722.0,777.0,1.7e-05,1,2,380
2025-05-17 17:52:33,a9bb655eb28612dec4ef53bcf2829ac6524d81eb9f59899e848dc7acf5d38391,897134,9672.0,584.0,0.06038,1,2,193
2025-05-17 17:52:33,a9464a3655a66cfc7dd5c2bf9006b8c4caf5059966bcec49a79904c45d7b5b07,897134,674846.0,1148.0,0.001701,3,2,521
2025-05-17 17:52:33,4fd3f713ea18f8619b3b5d98773f2a6e01ae45babfab0969e099355260f10402,897134,496183.0,2132.0,0.004297,3,2,518
2025-05-17 17:52:33,ea6b881197c5314c0d1e33de9c32ac1789ba792578f165083067a8cd8ae321a3,897134,276665.0,675.0,0.00244,1,2,245
2025-05-17 17:52:33,be81bce168baf5f2f596c657561e5713349d70996b05fdeef35251c711adbfba,897134,935597.0,601.0,0.000642,1,2,197
2025-05-17 17:52:33,f9ec4097378ec250c21d51f8d310c6a36e31bea2f9bdbc5a6ac1f29f200adfaa,897134,9407.0,593.0,0.063038,1,2,225
2025-05-17 17:52:33,1001791602719f00a9098b2414f691f6b31ce82652fba86c0aef2b03c12dc4d1,897134,7195631.0,857.0,0.000119,2,2,370
2025-05-17 17:52:33,f878570065918e2a0f5e383289679de88817c7e6335e40825856f1aad9e7171a,897134,209074577.0,677.0,3e-06,1,2,222
2025-05-17 17:52:33,d29feb4e963891f8c6804480c74c667ee87c0e5542986f4b78c8626dbfe63b0b,897134,210191896.0,682.0,3e-06,1,2,223
2025-05-17 17:52:33,3f11fe6b67737acf2ccfd9746222401362fd3daf0da07d5373eea196803f4826,897134,214367221.0,691.0,3e-06,1,2,225
2025-05-17 17:52:33,8e722f4f61a62910b96493cfc20541c1705ec72357fd5863ff83ef0fe1fdbc69,897134,238940949.0,2925.0,1.2e-05,1,22,862
2025-05-11 02:39:37,eb5e83285158e60a7a36bb4b4f8729d6239a47ac826282b69265edfe24d310c7,896194,330.0,559.0,1.693939,1,1,305
2025-05-11 02:39:37,eaeaeb2d0ad304ed51452ece0ee24c2118472258d5faa30e0213c3b2748dd38e,896194,330.0,559.0,1.693939,1,1,305
2025-05-11 02:39:37,a99f3c8f1e8cbf01627b14eba4c1a2fdb9378189142225b5acfd6d4c6dd32b6f,896194,330.0,559.0,1.693939,1,1,304
2025-05-11 02:39:37,f460c1ef1e99b3d0e840b1c7ce22dd1b2bbce2fcdd5311af18e72e22d4da4253,896194,330.0,559.0,1.693939,1,1,305
2025-05-11 02:39:37,0dd97d249d2093e95c368e7074dc66460854644351a36d41263867a10707cd0d,896194,330.0,559.0,1.693939,1,1,304
2025-05-11 02:39:37,dede1a97c72b2ffc1335d60d68513b5cd92bf5646f661a1eadab13701c624ff2,896194,33497.0,1764.0,0.052661,2,7,598
2025-05-11 02:39:37,4261d0519e05737b6518b459c267eba9ccb0e3b6cf658b8eb5d2ea03c9b552c0,896194,386732.0,575.0,0.001487,1,2,223
2025-05-11 02:39:37,0bcef1df137f6265f04b25976c5cef0b981316c459a639888f72271aa1c2c5e4,896194,9226.0,774.0,0.083893,1,1,191
2025-05-11 02:39:37,572630e0f58a56d6ac65130c16369861c08b59a968aef11d18ac9600044f46f2,896194,134152.0,904.0,0.006739,1,2,223
2025-05-11 02:39:37,3b304e6a0d380665ce8623e528096b4089d01d51d5b88e4073d2548438fc7b84,896194,646092.0,904.0,0.001399,1,2,223
2025-05-11 02:39:37,95eb17026d596f0a53b426e1db6d4fb37070cbff76568b922de4a273be37b51b,896194,772243.0,904.0,0.001171,1,2,223
2025-05-11 02:39:37,9de844b57e780049861f01b5508c72da274017213cf4d5750aebe9c739244b0d,896194,1957208.0,904.0,0.000462,1,2,223
2025-05-11 02:39:37,426755f86b45b3c82f71f7aff35dea513645b67c6e42ead08bf4e5366c675bc0,896194,7964736.0,2096.0,0.000263,7,1,1084
2025-05-11 02:39:37,c609e0ec8b11b02ccb52a72a4ffdca2f16932920ca9ed072bc75c86d37585913,896194,1339508.0,730.0,0.000545,1,2,226
2025-05-11 02:39:37,eb10523932855bcacc4eeb9c5e1c81612b0404ea54c39e59b52e451d1adcb0c6,896194,1341030.0,438.0,0.000327,1,2,225
2025-05-11 02:39:37,cfaa861181d807309f1ed7623f65c6462315f22ffba952a536d6ec4d27dea41d,896194,1156002.0,3200.0,0.002768,11,1,1677
2025-05-11 02:39:37,49fac9b00d585efcfda7ebc85511dc3ac762ba510eeeb4188b9d431df85e1d25,896194,1050862.0,3476.0,0.003308,12,1,1826
2025-05-11 02:39:37,0dcda95a4fdfa258af7329672f8f9341246bba8a5aaad2ed7dd8c04d1a9633f5,896194,713591.0,572.0,0.000802,1,2,223
2025-05-11 02:39:37,9ce9fa4cf59d76ec804bddef6f7f854455df202a0d5f10f06bf269e4620c28ba,896194,262436.0,1400.0,0.005335,4,2,667
2025-05-11 02:39:37,16f7a1520edd62366a8fcca6a008b35bc74a8435c27310d9ab6b58f146d3800a,896194,3524020.0,4304.0,0.001221,15,1,2272
2025-05-11 02:39:37,09956cea0a895a8ea0f6d41c3f53e1e4323efcebc2bb1e40fbe556c99176b162,896194,1165418.0,3200.0,0.002746,11,1,1675
2025-05-11 02:39:37,ba7c9cab15ff81a50127826f65569e68e2b0e72d6f873beb51b17cc6669a0f47,896194,2026559.0,460.0,0.000227,1,1,195
2025-05-11 02:39:37,ac9f91c2bfc0ea96059b1cbb07f9463ac677b06ea1227ecc1270958a32e422c3,896194,3394654.0,1197.0,0.000353,2,2,675
2025-05-11 02:39:37,4a92fa04a84b2c067f3df4057d1b2ca8a5692c2ccd2a3c7fb0bda9c4c45763fd,896194,49998921.0,1079.0,2.2e-05,1,6,347
2025-05-11 02:39:37,520165410db2ed9405b02187be5ced852f8b29c29e19076efc4a9e373de18ea8,896194,23908.0,904.0,0.037812,1,2,222
2025-05-11 02:39:37,a245f1d9f6da99bc41442b52d0e2bf4a9138685e5c08785acde08f7b3a86905f,896194,638801.0,904.0,0.001415,1,2,222
2025-05-11 02:39:37,1704b2f0f5fbd6253505d7fce0c001ca885b6eef1e0c7c6784e92125a4214145,896194,318322.0,904.0,0.00284,1,2,222
2025-05-11 02:39:37,059e22208f5cd233feb6d33eb1fa84d34ac0ea0e0e387fed3c086554dbc7b42e,896194,27504.0,452.0,0.016434,1,1,193
2025-05-11 02:39:37,9bc77783e3f63555fbda934b6a5518f25ef9212282c6820c562aeef49aa3c802,896194,663678.0,904.0,0.001362,1,2,222
2025-05-11 02:39:37,4d9d8c9494c05a901a26388612e02e996c6ac680ce619cfc2347aa238790d254,896194,218867.0,845.0,0.003861,2,1,269
2025-05-11 02:39:37,941e661beeb6b71b972f122603ab694f47f9826a5f45435cafc26852a48bfcb4,896194,183565.0,435.0,0.00237,1,2,196
2025-05-11 02:39:37,72965c7a3f9fdf5618997d348b41f486466a4d4102415e79c9d705918a9b0419,896194,12800.0,1016.0,0.079375,3,1,492
2025-05-11 02:39:37,1e8de0aabc51157a804651d3284b7f13f96526a15093ec4a1db6a28dc6c114f6,896194,71550.0,450.0,0.006289,1,1,191
2025-05-11 02:39:37,ef93cc81c3c7a492e9b323a215eef6f7a9fc9b89b783529edc0629404ea1f2ee,896194,17550.0,450.0,0.025641,1,1,192
2025-05-11 02:39:37,519c127e0386b6f7e69c42c5be6d5530901ddd97727fcc5064240dadf1895cb9,896194,154550.0,450.0,0.002912,1,1,191
2025-05-11 02:39:37,10d8023c5f879bbaf1e15125527192f3ec4d3defcee953a6cb30c0b3d25ce894,896194,26550.0,450.0,0.016949,1,1,191
2025-05-11 02:39:37,ca22811bceca3a2c8d7310b836853d9b65f764c5f1a69e982a9d857550bcbc80,896194,84550.0,450.0,0.005322,1,1,192
2025-05-11 02:39:37,6ae5c87e264ae49b4f16beda9fb337f157d3ec2f15c1bac4a50126fbe3da856f,896194,2998000.0,2115.0,0.000705,7,1,1084
2025-05-11 02:39:37,127bac35b19fdfb69ecb517263ad370a44c6c6d0eafc4b3104d2ee1c1ad8966d,896194,29550.0,450.0,0.015228,1,1,192
2025-05-11 02:39:37,35817ea32adbf99774e210b55c450a32996a065ef388485046195a924c574951,896194,97550.0,450.0,0.004613,1,1,191
2025-05-11 02:39:37,719553e1b5b6c0153221916acf3863c41db307f7cf4105c5a41f220142df0750,896194,13550.0,450.0,0.03321,1,1,192
2025-05-11 02:39:37,d3f47e9f95137e06b3dc33a30dfeeb7b8978007f7affd34fb4b3949f2c6d8535,896194,32145.0,584.0,0.018168,1,2,193
2025-05-11 02:39:37,da84c34c931a1d9d4d4e1b412bdfa2808d0203931cfe11ecbad234ed4d40ea01,896194,5494.0,1596.0,0.290499,3,5,600
2025-05-11 02:39:37,d5ec2cb13f61d9737bdcb9a7dd74f07c70153b6c6fd1ea30d3b4b2a1f067a4a1,896194,288607.0,675.0,0.002339,1,2,245
2025-05-11 02:39:37,eac5d3a7e57fe7f502bf398edd05f780688cb5133c72c2e24691380302f2a74b,896194,199011.0,675.0,0.003392,1,2,245
2025-05-11 02:39:37,21472d0e2fe33315d2200cf944c9cb93d0a4cfd08983d1e63f7c774d3e6d3deb,896194,66190.0,1240.0,0.018734,1,6,382
2025-05-11 02:39:37,4448b548c5ee779c4ef02d9249796e40e28fc46a64d34a1a3b6df2f52096a9af,896194,141560.0,1240.0,0.00876,1,6,382
2025-05-11 02:39:37,570084b8c2746c7a0b47940fadbb139b491b3b5dab1fd082c21b9ac790b9e570,896194,745400.0,1240.0,0.001664,1,6,383
2025-05-11 02:39:37,5dede0e02c0ebc61ace747ddecfe13cae86e2aedf1ffd3b8b3b12c3e4cd37150,896194,372080.0,1240.0,0.003333,1,6,382
2025-05-11 02:39:37,56d4537d8766b919dfd512a07a89a0db7959ee4f2eb102fed031dbaaeb015541,896194,126655.0,1241.0,0.009798,1,6,383
2025-05-11 02:39:37,1612050fa3851a65fcbbca6c1974b8005fd6d77a498b99a282134b0dd61211e3,896194,1226396.0,631.0,0.000515,1,2,234
2025-05-11 02:39:37,eb7b5c07196bd478af5b0332d4aa82c379f0eb51ab7313a2da4966818a04b08b,896194,71143646.0,607.0,9e-06,1,2,228
2025-05-11 02:39:37,5d7157f5bbf07f86deedaef94c74110db0ba123dd2ce79fb880175948f26f670,896194,71177289.0,582.0,8e-06,1,2,222
2025-05-11 02:39:37,3fe19562a5303d2464a3a32005c1ba32074d4c72892c17f7228dff46546f6baa,896194,492870.0,632.0,0.001282,1,2,234
2025-05-11 02:39:37,ecb5dda9abdea30c36d55d106fce15b58380d69cfa68bb36b002d0d948a8c312,896194,16345.0,546.0,0.033405,1,1,192
2025-05-11 02:39:37,f0175e374dee4dc90fc48ec01fd195fb00bebb7f1fe2297816a6db2974ef794e,896194,5446552.0,619.0,0.000114,1,3,253
2025-05-11 02:39:37,6ebd0b70337bf4f7720c7593fca58f437e4afb6c47650d5d869176404f815d89,896194,30547.0,459.0,0.015026,1,1,192
2025-05-11 02:39:37,284f2849781e9ffd30fb440f5df003639027ba6cea6a487e8ce80814799b0292,896194,367319.0,705.0,0.001919,1,2,222
2025-05-11 02:39:37,a82acf8766e39a98445eb0a23ba9fec2d9175f3841c5e88136fe49e42a088d93,896194,512159.0,1045.0,0.00204,2,2,371
2025-05-11 02:39:37,45b4ef42e11b2b7ee0c560ab70a37420d19226eb7372c23250aa5f250140ba44,896194,126298.0,282.0,0.002233,1,2,222
2025-05-11 02:39:37,cb6b272f2a146e89c8776934716698cb758f66585a473709a26202db6d30ceb0,896194,355932.0,1068.0,0.003001,1,5,340
2025-05-11 02:39:37,6716ba8e16eb843ae9707ddbb811a1fc634b59b2124dd5035a26bb5acbb0bdea,896194,173813.0,584.0,0.00336,1,2,223
2025-05-11 02:39:37,6b5bd8179479aff2a8b9918d02f6def81895f6868ce4e3efb9b22d49cbdbc24d,896194,10422413.0,584.0,5.6e-05,1,2,222
2025-05-11 02:39:37,5839bab91bd57e81287444fc7e7d2deb212e97bbada13526b5cd53c0bd8b6acb,896194,83834.0,7350.0,0.087673,5,5,5893
2025-05-11 02:39:37,d49bb77328ef92080be3c87d19258cf5f350ab212e0bc2fe7d87c27da2a565b7,896194,33754.0,469.0,0.013895,1,1,194
2025-05-11 02:39:37,8a6246520df4c2d77f741c254ea9cb613033495c18e2b4af78130f176bcebb90,896194,7248765.0,984.0,0.000136,1,5,318
2025-05-11 02:39:37,a77fe409a7dc140aa548842759a70b37020b7e0e0f73ea9704f16f048f9e0ed4,896194,162950283.0,1015.0,6e-06,1,2,223
2025-05-11 02:39:37,c36d58c4070680bdb1ba8b9b9c225accae6965a89f63ee83782407a4fed8ee9c,896194,191239198.0,173.0,1e-06,1,2,225
2025-05-11 02:39:37,64e9ba8790bd537d97081d93613792b1ae27fafa167a8a56a885af1c6c0c26de,896194,41249.0,909.0,0.022037,1,3,299
2025-05-11 02:39:37,f6e0dc584298e259e3f97e0317ae0bab521a684c13b6dd79f9d0a2d7772f0afd,896194,36320.0,1554.0,0.042786,2,2,372
2025-05-11 02:39:37,90794e48c159edad41302390755d470407c4facc7d6076f85909ecf263328a80,896194,1085962.0,460.0,0.000424,1,1,191
2025-05-11 02:39:37,0601edb9b404b4e58616e84ea2cb1516d714b409d982d97b0b54a81eed1178dd,896194,56530446.0,2267.0,4e-05,1,13,733
2025-05-11 02:39:37,7d59f92324479ae54ce3721e7bbeb236db931dc4e2afec26d7fabd9b4bde88f9,896194,25688677.0,1854.0,7.2e-05,1,10,633
2025-05-11 02:39:37,076754fbd7d05fffc46940a1f72c2bdf0bab65a712be0a6500632e93a6e6b0d8,896194,231306.0,1554.0,0.006718,2,2,371
2025-05-11 02:39:37,b8e79bb3600aaf0b39a198bac794627a72eca8fb39f8f9bfb2c4ac19abbbc3d7,896194,2884.0,461.0,0.159847,1,1,192
2025-05-11 02:39:37,44a6d3b69e5c270c10f5059e602f871f50f419ededba1efd111203365c7843a7,896194,226356201.0,1245.0,6e-06,2,2,678
2025-05-11 02:39:37,2aeac321be608f0735732ca3821947fe898214b8249cbf5745e926aba950c502,896194,3785454.0,2084.0,0.000551,5,1,902
2025-05-11 02:39:37,8cc5a601d7ee821570bbe8cc911e65ba13cabb27113ad067f2b8b4639584b27c,896194,40229.0,958.0,0.023814,1,2,226
2025-05-11 02:39:37,ee6749c89bf70dd60b590b1678d1d9bccc17c9d668b2d1eb585cff84bd6abc96,896194,74784.0,1554.0,0.02078,2,2,373
2025-05-11 02:39:37,874894a50ca1f75783dc1a9caa4c360b220d9afc6fef3c22a73d19e04fe1a7a5,896194,2199064.0,936.0,0.000426,1,3,414
2025-05-11 02:39:37,645f45acd4ceddc1013b9c11faedf634350f51f3c574c79eb6c1eb240b7815e2,896194,1830837.0,932.0,0.000509,1,3,413
2025-05-11 02:39:37,3a77d7f7f589add1df3a2717d8f315ee9b826f8c9c13f0900d68cdda91c65753,896194,181958.0,592.0,0.003253,1,2,222
2025-05-11 02:39:37,1b98b689332b9ea3faa82fbbb7d023eb92f0f4422774e482f12a6eaf905c52b2,896194,11129.0,887.0,0.079702,1,1,192
2025-05-11 02:39:37,af9422cd6b4a8f4d3e2ab99b47317d3db74af098fc4ea2509efbbd5dde76f6f9,896194,419092.0,465.0,0.00111,2,2,374
2025-05-11 02:39:37,43bce96610534057fe66e978aca0b7ba10281cc91d3c79d0c6c904dc0e1821a2,896194,129219645.0,844.0,7e-06,1,2,393
2025-05-11 02:39:37,0d35f2b36dd44cb2921f687b9a6ed32b23816be222432fbed9adcea89de820e9,896194,2818918.0,462.0,0.000164,1,1,192
2025-05-11 02:39:37,7c03d2815966813f2f7782dc92347ec3624c655413151fb4de43a340e48944e6,896194,138086.0,3292.0,0.02384,1,1,204
2025-05-11 02:39:37,0657f9a5d5a003fb8e6f775ce2f360bc35c729e510011c6c69b3be9035f73ffd,896194,134444349.0,1274.0,9e-06,1,28,1047
2025-05-11 02:39:37,f64a26d4b7db1bfb7404046291e356214d644ed0e4db77d7301de8754ad01e23,896194,59095346.0,794.0,1.3e-05,1,2,380
2025-05-11 02:39:37,5214faedde6fd691429226f50753237b9f16d7126bb07c588ca2ec011eb27c68,896194,30662496.0,677.0,2.2e-05,1,2,223
2025-05-11 02:39:37,740f04b60b194bc7628e0c29b43533b2f3d2bd4e45e42442fbd97b7ec1ef749e,896194,32100482.0,508.0,1.6e-05,1,2,222
2025-05-11 02:39:37,c91b62eb99a21794029b2683053034a0d7ced5663aae7bcd9e2d7000c92648e1,896194,34691.0,737.0,0.021245,1,1,191
2025-05-11 02:39:37,30ca4d3c95729c45d4d83bd7420fbe0436d36711c9e6c9f5812d650e4ead2eb4,896194,45028.0,322.0,0.007151,1,2,223
2025-05-11 02:39:37,81ea540430ee68b9b25e105024d910b5745a851d7918defe2b15d4a294f24572,896194,3797382.0,733.0,0.000193,1,1,192
2025-05-11 02:39:37,66dcfb6a6cb79030f7c43f9043f5759e5b0a65392d279ce6c07539fcf099ad21,896194,5019445.0,322.0,6.4e-05,1,2,223
2025-05-11 02:39:37,6f528569231bc8b2b79f6ae2e4f7dc9193012a75ebed28b812d9f17b49ff5585,896194,249277.0,723.0,0.0029,1,3,254
2025-05-11 02:39:37,54f38334274b284f3d00fa9313fe8d854d343d8657ca2330c4d89c7ec772da73,896194,1136019.0,1232.0,0.001084,2,2,673
2025-05-11 02:39:37,744bee6cea3f7279d1f1a6ff0ee86b15906102ba5e537df75cec7e392556b4a9,896194,1085880.0,593.0,0.000546,1,2,222
2025-05-11 02:39:37,30e2eaa2bd2d6343f9627d56c158ff20c7e53def0b03852f174dd00ae9acf843,896194,1485151.0,1670.0,0.001124,3,2,966
2025-05-11 02:39:37,e85bf79fa9ea96bb3e379037e9dcfbe4ae8722bacba875d09e92a2c5c06cb1d0,896194,395390.0,1212.0,0.003065,2,2,371
2025-05-11 15:59:08,2dee82e0472eb9487998c09be79768b3c14db0545db6f7ec8b6d310b27d614d8,896278,87807.0,420.0,0.004783,2,2,341
2025-05-11 15:59:08,19dc1663f73b4e885d0028d330bb6cb6aefe49a636d50ec7ec2dd179442d5dd6,896278,95345.0,220.0,0.002307,1,1,191
2025-05-11 15:59:08,88cbb5ecab4af00890f5d8f6e7da173847c0430cbd4deee58d2499140a9bf0d5,896278,7364333.0,284.0,3.9e-05,1,2,223
2025-05-11 15:59:08,f62f10a8f6bff9f587fa46b4b1a7f0569f21a32b2af0e72806e1ce40024334d1,896278,57884.0,434.0,0.007498,1,3,298
2025-05-11 15:59:08,af43a565f8e0ed302a190d4ba28232860b83db47db21bf92a6208b275fdce1d0,896278,150357.0,434.0,0.002886,1,3,298
2025-05-11 15:59:08,22e7dfb9a16add123c12a24b23c3d339b12c62fba65cd8bb0bcb6dfd307685d0,896278,1828913.0,284.0,0.000155,1,2,223
2025-05-11 15:59:08,f16156604965fb59306f73b2c8e1eee2c6a077c221166bbeb5ee07bd2f9cb8cd,896278,65317.0,434.0,0.006645,1,3,298
2025-05-11 15:59:08,b2bdf49749dd50c93550fee861e2464e7fbd8961892f6a5c6971932e9f4bd9cc,896278,97668.0,222.0,0.002273,1,1,192
2025-05-11 15:59:08,62f76fbb4af52e85624de79673f9115b1a91f40fa02b85faf7ad802569280ecb,896278,4528722.0,282.0,6.2e-05,1,2,222
2025-05-11 15:59:08,6d6f96cfbd51fb5fff426b14ad726131e3ba632ba26924857337946240d271ca,896278,1534297.0,284.0,0.000185,1,2,223
2025-05-11 15:59:08,97338df8e92812308858ebe289f5c43cc6a7f05b387bf951d778aa0dbfc7a3c8,896278,1069779.0,282.0,0.000264,1,2,222
2025-05-11 15:59:08,ef79bec1248bdfbf1f63713d49781205fb54eb60633722497d8f96fc44a56ac8,896278,78042950.0,282.0,4e-06,1,2,223
2025-05-11 15:59:08,e698ed099b460576e0e93ff59d026c694f627c41389ca4638db87a3dbbdb3dc1,896278,1018898.0,288.0,0.000283,1,2,226
2025-05-11 15:59:08,5d985b86129c1422928bfcaac08f31ff61b797914ee8e380e580bba70209c8bf,896278,554135.0,220.0,0.000397,1,1,191
2025-05-11 15:59:08,d182bf56a9cc95377f1f015a54f87518f626a07f87a69a727a1e34729f5a40bb,896278,387517.0,220.0,0.000568,1,1,192
2025-05-11 15:59:08,fb24e4891099fe5d2a16eca00d53fc3abb99e34fe7489856264b04596356d7b2,896278,1055259.0,282.0,0.000267,1,2,222
2025-05-11 15:59:08,72debbce8d04a7a34d43164a41099c94dbfb6d58ec386735baf97acfc1e67bb2,896278,1117504.0,288.0,0.000258,1,2,225
2025-05-11 15:59:08,71fea995fbf3cc3ddab1900703a4005fceebab1badf8bc6084b4a972cce15bb1,896278,84874.0,226.0,0.002663,1,1,195
2025-05-11 15:59:08,6ca3b329879a507650ff93bf0a5b49ea27747eb8cfaca66befbe70166a2044a9,896278,808340.0,330.0,0.000408,1,2,246
2025-05-11 15:59:08,c16805366f8285159c4190b19986401f0077f7208fac93b1e81bee7a2ed806a7,896278,3507067.0,288.0,8.2e-05,1,2,225
2025-05-11 15:59:08,eea940658b792b713a5863439668c405eb4e2d82f00b9a992a26587b25ef93a3,896278,2784119.0,282.0,0.000101,1,2,223
2025-05-11 15:59:08,bf72319169c8f649a08d8d9ee85f2894ec8ab6fd19c8540a3ffa69973a138fa2,896278,194208.0,284.0,0.001462,1,2,223
2025-05-11 15:59:08,7dfb736807e361c68c848fcfbb2296615dfc4b1b119b40fbcdeafafaa5d62ea2,896278,12556.0,2522.0,0.20086,21,1,2302
2025-05-11 15:59:08,b04f39fd84b13f1a1359b7694a4a4da3ed8b6fa7df0f6ec9314e81c17c5028a0,896278,287329.0,400.0,0.001392,2,2,300
2025-05-11 15:59:08,e478317d4b4511886113c745a18e40687da72a6b9500d3b9d6f7bfc6d52fa29a,896278,9918.0,282.0,0.028433,1,2,222
2025-05-11 15:59:08,3be4f4d3cf7e9cf665b0b5aff7f2921c491966eacf6dc2c187c378b8cb77959a,896278,15667.0,226.0,0.014425,1,1,195
2025-05-11 15:59:08,ba01150daa9a9451cd2a40b6905ad19aa36edefde78267a589dc8615b8a89e95,896278,200199.0,282.0,0.001409,1,2,223
2025-05-11 15:59:08,222f6dab6423b572fa6e0ac776bb35b46acc4cc59cd22d5b78cc0d85f0ac9b92,896278,67062.0,434.0,0.006472,1,3,298
2025-05-11 15:59:08,1f136ba2909f4533ee0d0fb684d720e130503b896803406e18669ca5d6db4891,896278,2888.0,220.0,0.076177,1,1,191
2025-05-11 15:59:08,aad4e6c01dee4114d3ad37b90d16a92e3c17463a6e671840bfb4ef16f06afe90,896278,669706.0,220.0,0.000329,1,1,192
2025-05-11 15:59:08,8e92e8bfa1fcb542efe2c42f0296ecc232077ae8959e92411744878b8296bb89,896278,41915.0,288.0,0.006871,1,2,226
2025-05-11 15:59:08,f18d01149cf970e3ecf036ace145058bc20fb685f126d6608ff5deceae17ed88,896278,137178.0,442.0,0.003222,2,2,383
2025-05-11 15:59:08,e6a3f0344c99b8b3c5fe1703b2bcebef6565d234e1b96df377ef2d7bc2e72988,896278,99254.0,282.0,0.002841,1,2,223
2025-05-11 15:59:08,e35eb0d70014dcc741213c76655c12b0e30f37202c95dd3b9491d785509ed187,896278,16500.0,282.0,0.017091,1,2,223
2025-05-11 15:59:08,6ecb7dff10ed79b48105a9efd9c54f1439128c5640973d323cf55ac1ae4e5787,896278,489801.0,424.0,0.000866,2,2,374
2025-05-11 15:59:08,61f73b5ed76293c0302728603e771f7cf65cf58fc0b8ca5420a3d6bdcb4f4a84,896278,46214032.0,336.0,7e-06,1,2,297
2025-05-11 15:59:08,f6d64e05245ff586fe14a56b884f4681740c7b3e6cd87db160d78894bb4e5683,896278,90704.0,434.0,0.004785,1,3,298
2025-05-11 15:59:08,e8c6133fa5b1739de51e643cf078cf59b6dc8a265910b536b7496c556367a37e,896278,61817.0,434.0,0.007021,1,3,298
2025-05-11 15:59:08,868dda75f0e673efd2b66379dcf9ce17ac708467cbc47791f41b07ecb78b8a76,896278,512419.0,220.0,0.000429,1,1,191
2025-05-11 15:59:08,6d0a1a8ac1fca579042db637caeb48ced89c57d118b29e98a45b9006ec323976,896278,67062.0,434.0,0.006472,1,3,298
2025-05-11 15:59:08,4d1551eb746d7a9baac03b4e72a969ec229aa000a9f9630cb80f208db1a8cc74,896278,76830.0,446.0,0.005805,1,2,223
2025-05-11 15:59:08,c1ce60439a7d0a65476f9ed07c71da4845d204a57a94ee03c7d84119b0b9476e,896278,427589.0,552.0,0.001291,3,2,518
2025-05-11 15:59:08,e20b7d3c188af0fbdf5044e9bd68f909beec7e614b65b504c3e143e85877126a,896278,42655.0,282.0,0.006611,1,2,223
2025-05-11 15:59:08,b9d4e7297fdb4db3e229b3e567cefd1b7af416baba98c5de484ee787b2107d68,896278,311662.0,282.0,0.000905,1,2,222
2025-05-11 15:59:08,38018b50d394c668c060963239e7e6ef4b98328266813fc9c0dcda95fa746b64,896278,30710.0,282.0,0.009183,1,2,223
2025-05-11 15:59:08,ab4ce6e72f80540c6ad8f224507ac437a8e255bcede1f5f29e8a276e8f160b62,896278,114091.0,220.0,0.001928,1,1,191
2025-05-11 15:59:08,70e6faa4cf1952981b741190e02b0d0c0a119cb2c4b0f08b9ebb45ca34a20f61,896278,45188.0,220.0,0.004869,1,1,191
2025-05-11 15:59:08,5fb2356f3c855d39f5e36680dacb228ed92a700e4e1c16da8f8687689e5cb05e,896278,5936.0,420.0,0.070755,2,2,373
2025-05-11 15:59:08,3d0b6b099faf5ea1b4a0c9649fbd5f622ee84124a8cc8ff15b1136480976005d,896278,1445204143.0,1364.0,1e-06,1,19,763
2025-05-11 15:59:08,42d35a548330b301fcba1cd31c22fe871d8c2a870f0c29b3f8f22eb2fa50dd55,896278,95402.0,434.0,0.004549,1,3,298
2025-05-11 15:59:08,137a8617b8507729e2a52a72f8eec6c24f289cec66061e67390036c46880f353,896278,196473.0,424.0,0.002158,2,2,375
2025-05-11 15:59:08,c15aa4babdd456ac6e680313939f75bac909013082ccdf99f1a3cd964e3af253,896278,57774.0,226.0,0.003912,1,1,195
2025-05-11 15:59:08,61893a36e755542e880f9b9f8f2a2088bf2087d619999f1c11adbfd9f3013c52,896278,67826.0,434.0,0.006399,1,3,298
2025-05-11 15:59:08,6447e9bd4f0241d2f8f7c760d2a324e2471545887029f07a9c36cdf7545fee50,896278,57349.0,434.0,0.007568,1,3,298
2025-05-11 15:59:08,56d7cd40f13fbe1e25189f8b44082b686096e7d92068fc569d659df30bac4c4e,896278,9298.0,282.0,0.030329,1,2,223
2025-05-11 15:59:08,eadec86320a7f1635d6ab3fad6da10e85179d8ed8e20a10657ed245860066447,896278,1050079.0,282.0,0.000269,1,2,222
2025-05-11 15:59:08,856e23c5ff171d8446da02c2327c9c00b5a85b744de537814e3018c54bcfc544,896278,5700870.0,330.0,5.8e-05,1,2,246
2025-05-11 15:59:08,6208c63b4f908bb2c86e316bd8889c4053aef16332c570701b74691aba823943,896278,68299185.0,306.0,4e-06,1,2,234
2025-05-11 15:59:08,b4cd7ed03605658e0dfaabac9934023c168ab64a8b4457254c570689ee3d0442,896278,23799.0,220.0,0.009244,1,1,191
2025-05-11 15:59:08,145c0742c2e54a046ce0c38c66a75833351c0675a4cac5152cd5819e061b2f40,896278,61487.0,434.0,0.007058,1,3,298
2025-05-11 15:59:08,52623f00592ed2e687fd737c93eecc5a0e59e6321246bd611ef5aba63bb8243c,896278,1954073.0,282.0,0.000144,1,2,222
2025-05-11 15:59:08,6ea76ab158faa4799549ba0c27b1cd0a7eee54a3dea53d9aab95b7084f13f63b,896278,94421.0,434.0,0.004596,1,3,298
2025-05-11 15:59:08,f0d505e4ad343d2100ea64fa0919b6586dd6dd190313e6cf9ea5d260d0bb603a,896278,1400.0,222.0,0.158571,1,1,192
2025-05-11 15:59:08,c7546e8b90a70c2520f76c13e39033681a6b3e614f54b07a6256206c25f8b439,896278,583856.0,446.0,0.000764,1,2,223
2025-05-11 15:59:08,61629ed8bbe25702c8417db2ca419197fe9c85a6db89c177362948bace94f230,896278,12968.0,442.0,0.034084,2,2,383
2025-05-11 15:59:08,ae51d8f7a63ca4b954f5dd4139332040d998cd97036865cd08bb204532aef32f,896278,1599718.0,282.0,0.000176,1,2,222
2025-05-11 15:59:08,829f447051f9eb96c99038f5f8c73a910ef98e0bb0bf6f6b4164c92d69eee32e,896278,95402.0,434.0,0.004549,1,3,298
2025-05-11 15:59:08,0398970f147fc6433903a95bc4afd0a9ac9cedaf92858eabc22d7cea4afd582b,896278,105980.0,220.0,0.002076,1,1,191
2025-05-11 15:59:08,ad8ba2b5dfdeaaf8c79b61deac25122fdc3023adf16ac1a28fc0cbacd020062b,896278,67062.0,434.0,0.006472,1,3,298
2025-05-11 15:59:08,a004525b8854460458f8256fe284c8624b3ad1d54d7cd205e269d55dffcaca2a,896278,48701.0,222.0,0.004558,1,1,192
2025-05-11 15:59:08,aec242b051023a82c51a81422ad3ac8b25b534a4031d254bd98a501f1c94b428,896278,195802.0,306.0,0.001563,1,2,234
2025-05-11 15:59:08,76e009a344e3359569db09c71aa4699b47e3adcc224d9d996807cd271f8de827,896278,89610.0,434.0,0.004843,1,3,298
2025-05-11 15:59:08,0373f309e31915016ce4c0dbf0574704cffabc7eadbecc98a6d7d81d6fdd6226,896278,1772320.0,222.0,0.000125,1,1,192
2025-05-11 15:59:08,0d89c982abf213bfd24714ad6c39eb4d1b4bac2244891a2fe2364fd91552261e,896278,67062.0,434.0,0.006472,1,3,298
2025-05-11 15:59:08,17d66d7287749629b501738909f7dc9b8c062414a55ee2ee11b0a0f5a972b618,896278,2153177.0,220.0,0.000102,1,1,191
2025-05-11 15:59:08,c92b4d0b03d73af6974ba718974697ae56bd9297d71273c66dc30dc507721416,896278,60176.0,434.0,0.007212,1,3,298
2025-05-11 15:59:08,d13de19e94a30e416eb6636c62a7d0080c0d1a284df486c118fc8fda6dc8d215,896278,629552.0,448.0,0.000712,1,2,224
2025-05-11 15:59:08,19ef52104a4b2f57fff4a5739f333b0a6ae3e1e1b6c0fce9be395da655a2a513,896278,2427124.0,282.0,0.000116,1,2,222
2025-05-11 15:59:08,a26dfb928d632fdd00f9c91ceb1c25924d8a605df03ba53560b371add1cc240e,896278,316829.0,198.0,0.000625,1,1,150
2025-05-11 15:59:08,dc4667a399daf4c1324d08f31ae801ba2a4c0fb99a9ea6c3ca50dbee8807d40b,896278,1240922.0,282.0,0.000227,1,2,223
2025-05-11 15:59:08,83664d3153c7befd80efaf5e8d4973d3649d184cff692ea9cdd34d912cdd000a,896278,1616814.0,288.0,0.000178,1,2,226
2025-05-11 15:59:08,af02423b1225d27d692b83574068955b264fb9c0768a2d63f3f8a3789f730908,896278,23086063.0,682.0,3e-05,5,1,590
2025-05-11 15:59:08,aab83b35a805b69258f7a64227d445c6be11e865b38412244fd70b5220856d07,896278,79211.0,554.0,0.006994,2,3,408
2025-05-11 15:59:08,8e92091c7e444d7d069ca9d8d335257db395d7f9a1d3176b8184b1e2cd78a505,896278,98001.0,288.0,0.002939,1,2,226
2025-05-11 15:59:08,599250d1587e8c3b631ed44b4ddb405f17b957184e627282163ee05ff2474503,896278,334878.0,288.0,0.00086,1,2,225
2025-05-11 15:59:08,2f06644f1510418121c1c2311689099527cf067919568a8e94b9679be4224300,896278,37876.0,282.0,0.007445,1,2,223
2025-05-11 15:59:08,1670b87a74f751fa0bd87edd43397c0293122121472079f38af7b67a55ac9b97,896278,1054558.0,559.0,0.00053,3,2,521
2025-05-11 15:59:08,0b7d298816ffcd7c7af7d720d2f3e1611d297e110086c32ad1b014b01a0e4e6b,896278,1056131.0,559.0,0.000529,3,2,521
2025-05-11 15:59:08,d0840155badb1260b2cce75e5f529d36a59fea0a418a255b54667413b7e71f37,896278,1065195.0,553.0,0.000519,3,2,518
2025-05-11 15:59:08,8d677a932159fff34c4d34db6f4a1d77e93b4e4290884873c507d63cca30d435,896278,1045956.0,553.0,0.000529,3,2,518
2025-05-11 15:59:08,40cdb63bcf86d1e913ef158243d0c0f23120b55709cb0c7e11507ff9514b8705,896278,1078020.0,553.0,0.000513,3,2,518
2025-05-11 15:59:08,644ce2250da3207413bc6075fede3652992e5c9ea9d571bee264ad0290caee2a,896278,24063.0,900.0,0.037402,6,1,934
2025-05-11 15:59:08,b8c681071f27c768147144d0940c2f23b9d09ae9c397727ea62a50e1f56afbaf,896278,72198536.0,449.0,6e-06,1,2,224
2025-05-11 15:59:08,c9c12f812b8ef298eb390da1ae04777df7f640fa85ffb1d781196ea8bd2d549e,896278,1015140.0,441.0,0.000434,2,2,382
2025-05-11 15:59:08,4061bef123ce683fa37d2b963d9209ab6713ef137e2ae111240baa40b9dfb87a,896278,1086303.0,423.0,0.000389,2,2,373
2025-05-11 15:59:08,1aed6855447ea1ad97d1819d4b9f7a5d66349a653732abf61893a77332e4b740,896278,2011634.0,417.0,0.000207,2,2,370
2025-05-11 15:59:08,2e8f504fcf37846ea5f0494e1949c75e60a72d47e631220503cb5dcbf4a9ac99,896278,77874.0,742.0,0.009528,2,2,370
2025-05-11 15:59:08,0052fb042caf2445ec4882c2fe25f4c6c113dc565746e70030a7e9111cee5389,896278,1098937.0,696.0,0.000633,4,2,669
2025-05-11 15:59:08,49a06a8c6860200fdb2b2e7f81f3b2b6b5f420ad5ec9d4df6fe31059c80ac812,896278,1493830.0,696.0,0.000466,4,2,669
2025-05-11 15:59:08,d5c4171f32fbbf770bbd9fbcf66a90b9939ac68f41d89a0e5fca3ad573366fd5,896278,1141397.0,690.0,0.000605,4,2,666
2025-05-11 17:23:59,b6b76c535d600eea0b37fee67baf06e07b39fca7ea5bc7d615af59e079102f26,896285,849213.0,224.0,0.000264,1,2,222
2025-05-11 17:23:59,1d532ae30f10de8737755900a988421059842e17feb09d4bcdc332009f07d331,896285,382326.0,193.0,0.000505,1,1,191
2025-05-11 17:23:59,ae5fcbbc95afa5a60f8ce064b02d0f7efbafd27302f309234df18c552409a765,896285,127170.0,260.0,0.002045,2,2,419
2025-05-11 17:23:59,8e577e44c2c916e2fad75c27f07d932759d8b811d2d03973c2efb6a74d09a0cd,896285,75315.0,258.0,0.003426,1,4,424
2025-05-11 17:23:59,418fc25e1c168f9b6c3cdc30d6eb9dcba8ba878050cfb37f07ddbc61db5f414e,896285,75315.0,258.0,0.003426,1,4,424
2025-05-11 17:23:59,1968b7108a42570e37ecf13cb2974b64c1e9a0f1d6a38ca7214129b3b07a8718,896285,75315.0,258.0,0.003426,1,4,424
2025-05-11 17:23:59,112a10246c94c34ae1b14ab63779514521da4e90ae8a3d3ecf5c6890ffd5f7d4,896285,1267.0,383.0,0.302289,5,1,736
2025-05-11 17:23:59,9cbafa031354bb5aa93307cc9b3bfd306c4e22a881f1626bc6514f630089296b,896285,75903.0,215.0,0.002833,1,3,381
2025-05-11 17:23:59,c6a3b09550a1a7ea39f3d249c1e69e7f53c16d54cbf8b61605a9fa93df04bf20,896285,76448.0,215.0,0.002812,1,3,381
2025-05-11 17:23:59,d288c436155181bf6f001c81bf9cb886210bccfa34cd66dfe6c0920fb95d2bdc,896285,76993.0,215.0,0.002792,1,3,381
2025-05-11 17:23:59,a8b358afe63762e9d2f7159d72755f062a129aa7c9499c663cbd822e4970644e,896285,77538.0,215.0,0.002773,1,3,381
2025-05-11 17:23:59,0f084186e24382f4b263e4ba1424d81dc23d8e1f2e34e482a549e16a3814ab3b,896285,78083.0,215.0,0.002753,1,3,381
2025-05-11 17:23:59,e8a3c81981be6aae7ec858f03c42f28baac90ad9f6d06c16d373b43996168e0f,896285,78628.0,215.0,0.002734,1,3,381
2025-05-11 17:23:59,f0dd57fcebe8e2cb90036d9367d079ad7fb9f3684fc1ce4a4e75255d56aa582f,896285,79173.0,215.0,0.002716,1,3,381
2025-05-11 17:23:59,df85d3e82b91b4d0f9ebf28248ab594ce0cecd729e8b79741bb085875f909439,896285,79718.0,215.0,0.002697,1,3,381
2025-05-11 17:23:59,b344cfe5a45b8e79bd55ca29234665c7c9a5bdc25646f35e23f658ddfe16fd95,896285,80263.0,215.0,0.002679,1,3,381
2025-05-11 17:23:59,d23d9faa25ba22c5999bda5a38b119fd2e131a60aa4da4a2fd023371645da6e7,896285,80808.0,215.0,0.002661,1,3,381
2025-05-11 17:23:59,b0bec2d86935f7a54d0c5f65509d33b960b1ac4b7dee22560cd0ea6f50269bf9,896285,81353.0,215.0,0.002643,1,3,381
2025-05-11 17:23:59,3919f833663da148e60c766a107f08d03f34226cfd7ae0514e886c29af49a6f6,896285,81898.0,215.0,0.002625,1,3,381
2025-05-11 17:23:59,613c993d53730e539be32e2398db4ac8b7a8e3629459480eb45e221ccc9b5814,896285,82443.0,215.0,0.002608,1,3,381
2025-05-11 17:23:59,ea1ba6070915d393a96e7003965f34750868e4992b9cd25d305c85a32217dc98,896285,82988.0,215.0,0.002591,1,3,381
2025-05-11 17:23:59,b429b57689f2ec2c8c9c537248105f68e2ebca250dfe7909ca703c4fc0e8808c,896285,83533.0,215.0,0.002574,1,3,381
2025-05-11 17:23:59,eadd05bdc7b6fc2bc240f6f6a6a456f0d74e701793db1805c16eb20c9bf1302d,896285,84078.0,215.0,0.002557,1,3,381
2025-05-11 17:23:59,b69479c030756606fd7d7519ab3ada6d2e5bcbfa4d7028e9b4a22c914d123b1b,896285,84623.0,215.0,0.002541,1,3,381
2025-05-11 17:23:59,f82689e6ca7bdd4a87728be90d75ff169e9b1f3e2ebb1672733c0b6682936da9,896285,85168.0,215.0,0.002524,1,3,381
2025-05-11 17:23:59,6cfceb87a75f1304a82858ee0a61f12751911a3a54945ff5806d759f8a496080,896285,85713.0,215.0,0.002508,1,3,381
2025-05-11 17:23:59,d2a70ffaddcdc3fb9a4fcb328e3f0e9d4c5f87fc32646b8f7c653246a860153a,896285,86258.0,215.0,0.002493,1,3,381
2025-05-11 17:23:59,d2bbed748cc920361c592cd7bfe6af7a9ab7d21bb1e4ef2fe90ce071d18aa604,896285,86803.0,215.0,0.002477,1,3,381
2025-05-11 17:23:59,e092e6096b4bd4a811bc8542e3f605755654b7dbd3aeb875bc9066b56b6b7177,896285,87348.0,215.0,0.002461,1,3,381
2025-05-11 17:23:59,2d1a777b6454a07068466c65e37b21bacea740cf47002198b7fc6590645effe1,896285,87893.0,215.0,0.002446,1,3,381
2025-05-11 17:23:59,60e22665e8243acabc8b641625b36f1e6168b91e6d223c568cd7047ab7b4916e,896285,88108.0,112.0,0.001271,1,1,163
2025-05-11 17:23:59,eeab17a582a91d0c86df70bc51ed1563e82bc410b4e38872772a06d39666b948,896285,75903.0,215.0,0.002833,1,3,381
2025-05-11 17:23:59,e7ba3eef35dbafa953809cbcb27abb25a53d25605d018733a804c404bd4657dd,896285,76448.0,215.0,0.002812,1,3,381
2025-05-11 17:23:59,e13dbdedfbc2cb4484821e6d246e29640c8f97ed8546d6117f836504ed818a57,896285,76993.0,215.0,0.002792,1,3,381
2025-05-11 17:23:59,0b9d8bfdc792a8ff1efd3437696cd7a378d0b2c51768f719d87a37076cf41fe8,896285,77538.0,215.0,0.002773,1,3,381
2025-05-11 17:23:59,a330ff10a8b0c0a78eed4a86f32c3f9a483232a6222249b514ed6cd7a52f0484,896285,78083.0,215.0,0.002753,1,3,381
2025-05-11 17:23:59,25e2818d7dd628f48ea64ba45416ebc18948c3d7583a91ebbc6287e180517e34,896285,78628.0,215.0,0.002734,1,3,381
2025-05-11 17:23:59,a9c4ed18c077c569bbe11e292d300466cec3beb705dfd45c5ff7b9a69eb0fee8,896285,79173.0,215.0,0.002716,1,3,381
2025-05-11 17:23:59,98f65d0c90a5459e27dfcf0ff01683b7287ac6dac6785477c4ebb89003a1b1db,896285,79718.0,215.0,0.002697,1,3,381
2025-05-11 17:23:59,ac3b713bb250569b4bac99d6d49972d97d6d9e06498a755ddfae0bc4ee46b386,896285,80263.0,215.0,0.002679,1,3,381
2025-05-11 17:23:59,d9751b628e0bd5a3d5a83fb41be4f89df2a66eaaa355275d0855ea61907215e6,896285,80808.0,215.0,0.002661,1,3,381
2025-05-11 17:23:59,684b12295ee1042544bbd7c8831e71ad9bfe5125d36c17d8446283e6dc74863f,896285,81353.0,215.0,0.002643,1,3,381
2025-05-11 17:23:59,a8af788b9e09ee22bd66f3c7f02428a7305b1a07be8a0d153aab5b0c17596802,896285,81898.0,215.0,0.002625,1,3,381
2025-05-11 17:23:59,a585e868e4b89fdb65b162f74ce9ca41dd340f369f63ae78d24794921f1580e4,896285,82443.0,215.0,0.002608,1,3,381
2025-05-11 17:23:59,e2fd8fcdc1bc835dc5c36cc44795c74e7def12e00a90d3fac9da3679b22f1941,896285,82988.0,215.0,0.002591,1,3,381
2025-05-11 17:23:59,0bdca4b2145afa52ec4f0b182af54fd7343b47d29f87136a6b6f902bd29a22b3,896285,83533.0,215.0,0.002574,1,3,381
2025-05-11 17:23:59,2ccc82a94086fbb58131c6cd088fa749306029a4ea053efbf52fec4d285bee44,896285,84078.0,215.0,0.002557,1,3,381
2025-05-11 17:23:59,f848acdc37d2a698172011fe7be378bf87d228816e05e95410e140a7e037d841,896285,84623.0,215.0,0.002541,1,3,381
2025-05-11 17:23:59,252d281d54904e8f4936872b4a537a757355d473a499ac37e9bc55a0e09471eb,896285,85168.0,215.0,0.002524,1,3,381
2025-05-11 17:23:59,444ae76dc8cfb31fc3d2a9e4032066b8220bad247e489204d91329b9ded8efde,896285,85713.0,215.0,0.002508,1,3,381
2025-05-11 17:23:59,371cf536e395954de5be0aca5b4ab38219ecabc5f5503c03a3adbd01cfb96ea6,896285,86258.0,215.0,0.002493,1,3,381
2025-05-11 17:23:59,919c13ee9b3d00add51e76909bd855e4e6d8fc5772d4a0e8bb9088a6e46fe768,896285,86803.0,215.0,0.002477,1,3,381
2025-05-11 17:23:59,750963a34251a05ab9a380798cda6f764284ae47ad0dba71397f7308c6100021,896285,87348.0,215.0,0.002461,1,3,381
2025-05-11 17:23:59,6c594459cd81a4800ffeff0da4b9809ebba4efef9fa305d9d56a28bcaf9e18d6,896285,87893.0,215.0,0.002446,1,3,381
2025-05-11 17:23:59,64efdc95f39d3fba0530e1be0b10a45af9a3e1bd2e65e8d8143ec4f701790900,896285,88108.0,112.0,0.001271,1,1,163
2025-05-11 17:23:59,91188d5135cd712c11d63615391cb6266a94e8bf54c3b6a1ffa91461271d3a3a,896285,75903.0,215.0,0.002833,1,3,381
2025-05-11 17:23:59,b1049742657eea1033e18db904814bcc747559ad3fb49fa696c2866ee24bd27b,896285,76448.0,215.0,0.002812,1,3,381
2025-05-11 17:23:59,811af3c7b9b9d92d21cd3cf2e8e1db86ec80d2abbb0efea0fdb0ffaf7b38ca28,896285,76993.0,215.0,0.002792,1,3,381
2025-05-11 17:23:59,babee17b1a600a78cb761b7f022107893c543ee5059178e2fff7da21c1ed04f9,896285,77538.0,215.0,0.002773,1,3,381
2025-05-11 17:23:59,a99ffd44f013491018f0d1301593b3a9ad25d62d95d475edf06de70442080450,896285,78083.0,215.0,0.002753,1,3,381
2025-05-11 17:23:59,30c9517013a2b94425849c93337045cba2594943c4ef3b848250b2d9181f26dc,896285,78628.0,215.0,0.002734,1,3,381
2025-05-11 17:23:59,5f924066fafbe4c0b91b92fa9214657fed6d54be7232fa0bd437feee5aa09447,896285,79173.0,215.0,0.002716,1,3,381
2025-05-11 17:23:59,2d36185fcbe18e39efad447b9dad430ebbab74e7a88e7b0fab72158ddb437363,896285,79718.0,215.0,0.002697,1,3,381
2025-05-11 17:23:59,a41b9ed09521d76bce08b1fced85e812d0041202bf99aa6b4a3ad23cd02a5299,896285,80263.0,215.0,0.002679,1,3,381
2025-05-11 17:23:59,cb713b99fa930f3089f1fed98d8250c8973190432afe940a8f4d4500dfb2b6e0,896285,80808.0,215.0,0.002661,1,3,381
2025-05-11 17:23:59,bc530ef3b145bb08aa10dbe26e9a55b4069269dc1aa0897b36d4fd387f635d85,896285,81353.0,215.0,0.002643,1,3,381
2025-05-11 17:23:59,b767054da4c772ec28682e8123770cf72607666c9911f4373fd2d335e54559ca,896285,81898.0,215.0,0.002625,1,3,381
2025-05-11 17:23:59,efc60629648ed6295d5544c470105bc81bae3b34297508637766ff1b65508c78,896285,82443.0,215.0,0.002608,1,3,381
2025-05-11 17:23:59,bc695b6597aa9dd0987f560c3677b9869b26f76d79dddb6d5b9e947d4e451755,896285,82988.0,215.0,0.002591,1,3,381
2025-05-11 17:23:59,dfb240c5dbda87df29cb1488bfc34cf64551fed9b2015baabf8b8f1bba3fc8ed,896285,83533.0,215.0,0.002574,1,3,381
2025-05-11 17:23:59,e8ebdec21fd0010902a2a9d7ad15ff8d5baf2b24e1ca248473495f9d9ebe9bae,896285,84078.0,215.0,0.002557,1,3,381
2025-05-11 17:23:59,fc5ab03ad0993b2959e7f14fff965841a9660f4aab6596348f8169154f938108,896285,84623.0,215.0,0.002541,1,3,381
2025-05-11 17:23:59,814545f85cde9218701fe0b4032e8b9cabb1775fc8a83f030c206a2d2cd03b3e,896285,85168.0,215.0,0.002524,1,3,381
2025-05-11 17:23:59,8d10c6b652e9472311b82de6f69cc4cbac892917ddd53921f48b69934fc67307,896285,85713.0,215.0,0.002508,1,3,381
2025-05-11 17:23:59,10d2a9fcd7a0667dfabbb67e775155be677310b0ccc873a45de8e99bbc9fac40,896285,86258.0,215.0,0.002493,1,3,381
2025-05-11 17:23:59,b1801a787f615e683e265af9c31907c0053cc4d84d9f62057c3434fc425c5ac5,896285,86803.0,215.0,0.002477,1,3,381
2025-05-11 17:23:59,0eb31438dc6a3c26f83a95e00428c5b436767af9bf1e77e4e59e3654abcaa123,896285,87348.0,215.0,0.002461,1,3,381
2025-05-11 17:23:59,8671ec0aa7553705517682621a3e51026d16abba7df349494c84897c62850e22,896285,87893.0,215.0,0.002446,1,3,381
2025-05-11 17:23:59,0524ec71d20026a5ca3c5cb75d83de78ad121092a0de95168a5fd32a37d976cb,896285,88108.0,112.0,0.001271,1,1,163
2025-05-11 17:23:59,ff96788d244eee9918317affe80fed6e707f2dde49d656b0dfce817caac87a0f,896285,34849222.0,800.0,2.3e-05,11,1,1678
2025-05-11 17:23:59,9d527f0f4c4e89980537b407b3788e12c6be6befc84f2a1f7b0d43a786de468a,896285,516456.0,144.0,0.000279,1,2,224
2025-05-11 17:23:59,c0504525ec50c04a880f36a1688142a216c4387f64d7ef7ff055944bbbab1a37,896285,4919931.0,143.0,2.9e-05,1,2,223
2025-05-11 17:23:59,8e1d0cf0b28bd7ff5bd25e018e2907ffd562d2501b0b1ff54553c790b9b96785,896285,143555.0,135.0,0.00094,1,1,249
2025-05-11 17:23:59,8358aef8336a694234cdc1fada4cfbd5f9b6ad8c1938a5cb09c0ff63b26b2e74,896285,600.0,135.0,0.225,1,1,215
2025-05-11 17:23:59,7b401ac2b87a61a867f0ea79b1b1fabf158fbf6894bbfb2d4326e3be11bab9f6,896285,2091582.0,1559.0,0.000745,13,18,2182
2025-05-11 17:23:59,efa75761955c88f371101ed2d0ab42de23691561dbdd6e13f28c009ce4004b46,896285,134590.0,124.0,0.000921,1,1,204
2025-05-11 17:23:59,73c6f28e68ca1ee107d55d1b208b762aabe15c6f23e698c1f722770b736046f9,896285,180372.0,493.0,0.002733,6,2,968
2025-05-11 17:23:59,62a9a4f69e8ce50db00e01aadf3ff26c2e6130a2c2a550cbc4213e4c780233d6,896285,12702.0,183.0,0.014407,2,1,342
2025-05-11 17:23:59,84d9b3bce107f5791a77cf83ffc169679cecba1c05377773d47864f6ab5e55a0,896285,100245.0,112.0,0.001117,1,1,192
2025-05-11 17:23:59,28d6fadf86d567807b3bd3d00314d375ee99531f6ec8a3a2c6dae5b4d0278e9f,896285,1717107788.0,212.0,0.0,2,2,370
2025-05-11 17:23:59,383a0a8acce77dd1786e07af91e7108de05541ef0e5b2c52a505a4658301ec6a,896285,48828785.0,146.0,3e-06,1,2,224
2025-05-11 17:23:59,43d5913c8d948253b412b35dd3b4075ad71bd6dba11a8d7ad3826330b43bf0a1,896285,1392711.0,289.0,0.000208,1,5,334
2025-05-11 17:23:59,5dd1303c3ad470e3d9068cbfb43ac9771b987b666ca246fcfb21cea462894eeb,896285,54141096.0,1010.0,1.9e-05,8,12,1387
2025-05-11 17:23:59,f17fc204fd20ce8a6fef620c36bcbbac1401cc9d777a3615d1814d00990b8ba9,896285,3206280.0,1010.0,0.000315,8,12,1387
2025-05-11 17:23:59,1869e3c58f9dd2fb7258efa82022968f60c914f219d307b0910e124fb2e3d52b,896285,2856079.0,496.0,0.000174,3,1,485
2025-05-11 17:23:59,4f021fc2bfc45ebd94fe51242d8b52bc669a7c3cd6c7dbca11d4c98a08ae4500,896285,48103.0,214.0,0.004449,2,2,372
2025-05-11 17:23:59,3fff9d1063a0ac596d9c5ad6776fa3a68df3fbba0b8f0be557d7b4beac6b169f,896285,107268.0,419.0,0.003906,4,1,730
2025-05-11 17:23:59,92855e0556b0db357181b5d29d92674182413d0cf87127dd1b368584291c547d,896285,1730455.0,146.0,8.4e-05,1,2,224
2025-05-11 17:23:59,e764b14ac769601ef281fa3d5c47acf22cdb794f0fb311d591d6b9101fa86e5d,896285,14710.0,145.0,0.009857,1,2,223
2025-05-11 17:23:59,cb990a40eaae6d8cb22d621ac5498cf1adf88affceb49e8d152ad7477d0c4ba1,896285,491976.0,214.0,0.000435,2,2,370
2025-05-12 22:00:06,ee9b4ab0f0887d6175c02a1e85e6fc5c6569cd8adbf7f91a85131eeca13254a9,896461,24279.0,322.0,0.013262,1,2,222
2025-05-12 22:00:06,aa5086defe467784693e952a406984f2c857a8ec9f12f3b366956ff193ae2fa8,896461,224114.0,322.0,0.001437,1,2,223
2025-05-12 22:00:06,720edeec5ef536d18243f4d4a7947421c445fb0036845245fd3c0c9f2d58c7a4,896461,224928.0,322.0,0.001432,1,2,222
2025-05-12 22:00:06,a79b4cd9221359a2407f7a8451781607f689836b48bb2c00af10eae4a6395ba2,896461,70568.0,322.0,0.004563,1,2,223
2025-05-12 22:00:06,645c14f506e902e7035eb6c7d75e5c920ae7d02c4c0ad68fd7c8ca5a260012a0,896461,57205.0,322.0,0.005629,1,2,222
2025-05-12 22:00:06,322f4ea200c1bc961f11d72650a5e9b4fa7b85f97e8056d0a5d705845ae6c99c,896461,38067.0,322.0,0.008459,1,2,223
2025-05-12 22:00:06,8198f41ee18256a3b2a21feec9fb6042ec0ed85e63be9da328f3488db0173b9c,896461,66635.0,322.0,0.004832,1,2,223
2025-05-12 22:00:06,e9b9b91674f3d5b5fe4adc494fbfa74e074898b4cca34f8b07cc0b7fe080fb98,896461,704982.0,322.0,0.000457,1,2,222
2025-05-12 22:00:06,26419169856eb28dd7f01bbfe818947b98419069367492babd15d2d1da940590,896461,23032.0,322.0,0.013981,1,2,223
2025-05-12 22:00:06,f915b54ddbc9239598323b459b44c5c511ffa7f227633c7a45ee2bbb395d238f,896461,2559900.0,322.0,0.000126,1,2,223
2025-05-12 22:00:06,a2fb36735bba880a341c3cc555e2c9a83252e38c0fb563fc97adb399fbd86d8d,896461,494106.0,322.0,0.000652,1,2,222
2025-05-12 22:00:06,2d729dd91c2bde39b5984671b3160816e3e1181a9a603c0fda277321d16ff88c,896461,657368.0,322.0,0.00049,1,2,222
2025-05-12 22:00:06,0ba808db18ee6f8dab39616f81b143ffb39124b51ef8d3fd0df649e8ab021b83,896461,2012283.0,322.0,0.00016,1,2,223
2025-05-12 22:00:06,cbf9002ee800c4f380f51cd210a445fe709750adaaaf48b55757c2aad6cc217e,896461,146622.0,322.0,0.002196,1,2,222
2025-05-12 22:00:06,d2de277b1ca73849df784ca518c62b66c4cb4fa03b95877ab7513d9fe4785a7d,896461,398140.0,322.0,0.000809,1,2,222
2025-05-12 22:00:06,21b61e0d69511c83ca6ccd99c1268c5b801c29f679f391449b1bbfdad209bc6c,896461,56474.0,322.0,0.005702,1,2,222
2025-05-12 22:00:06,043793183a915588b5d2cec5f63b9851c8a436e9da6f02bb75e6522c0adeec6b,896461,1022808.0,322.0,0.000315,1,2,222
2025-05-12 22:00:06,acf0030e3fc792a6a44c462a0655796dd79ac71ad25390293bdc857ffc291668,896461,61504.0,322.0,0.005235,1,2,223
2025-05-12 22:00:06,96ce470b0b2670fc97376a8823c394101f24c74073339cd22f6afd1967f40466,896461,2292771.0,322.0,0.00014,1,2,223
2025-05-12 22:00:06,9f3f444d1699655d8b2d4d860491babfbd4f21274a1c2bccdb846d12b041f065,896461,184371.0,322.0,0.001746,1,2,222
2025-05-12 22:00:06,563e8072650984ab1540c889f2718ad38749b5ab77b3d3cb78041e9f56517863,896461,228204.0,322.0,0.001411,1,2,222
2025-05-12 22:00:06,c0f5abe73a926a24c0a13940f143c128e4980244184140158376ffe97e6c1b63,896461,530427.0,322.0,0.000607,1,2,223
2025-05-12 22:00:06,13e9490d7ec04d566d565006e555d6bf3a0c46c45119f9b3a887efa1a485605f,896461,297574.0,322.0,0.001082,1,2,223
2025-05-12 22:00:06,71ae912d0d5c4926fe2928c0210e9340a86902325d56ead45d8f6ab3eae534f2,896461,494992.0,322.0,0.000651,1,2,222
2025-05-12 22:00:06,06f72cc3ca438f8cb22113f3595de5eefd106c928af1801f326d6a4da0eed25e,896461,105996.0,322.0,0.003038,1,2,222
2025-05-12 22:00:06,ff75ce5cee3ce337e6fc90ffff6f0b0112bc6c4da850b24d85d174fca774735e,896461,70674.0,322.0,0.004556,1,2,222
2025-05-12 22:00:06,14f94a83f2868ac569e75352e44b3be77ba6b09c3900786a1bd2f46c00483a5d,896461,365846.0,322.0,0.00088,1,2,223
2025-05-12 22:00:06,8cc593014e3d12027bb70275a625b3bb067236e3662295cb6856a0e135ea0b5b,896461,83369.0,322.0,0.003862,1,2,223
2025-05-12 22:00:06,41a441af2d72c1ab0d6a7eb00eca6d9fdba9a350d13c052f7136d34b94ff4e5a,896461,5187246.0,322.0,6.2e-05,1,2,223
2025-05-12 22:00:06,a1d08acceb33776ca1d397710047e6e8cfd0577b71ed4f1e389204c63af56559,896461,142466.0,322.0,0.00226,1,2,223
2025-05-12 22:00:06,8614b258bed2024f5cf4be61b13f063e29dcc3bf8a4ab8b51ebe23bf2d72cd53,896461,46767.0,322.0,0.006885,1,2,223
2025-05-12 22:00:06,e6e083accec1bd4f3cb10b0eb4738eaa014825bbd409cb6151241525d80f4150,896461,287497.0,322.0,0.00112,1,2,223
2025-05-12 22:00:06,7c8b98365666a364471e6572a6d27b9428ba61a620ac7268b3abb05047b71a4d,896461,975376.0,322.0,0.00033,1,2,223
2025-05-12 22:00:06,ce020284e411ea67f95df4d8153eeaa6aeb1f8c5de5abaf8b02f547bad168440,896461,145366.0,322.0,0.002215,1,2,222
2025-05-12 22:00:06,87964c4410ccf24aeb680c688908b62de19bb602439e2c76c097ec0ce234d43e,896461,192825.0,322.0,0.00167,1,2,223
2025-05-12 22:00:06,04493e1b4095bbec40bd558a52e94ea4cccff231793c0af90aa50587323b7135,896461,1233219.0,322.0,0.000261,1,2,223
2025-05-12 22:00:06,290f99f9142433766b51b3d9f762eda74e6d4b83bda306126fa71f00850ed133,896461,96301.0,322.0,0.003344,1,2,222
2025-05-12 22:00:06,228a3de9dcb7ce84cf10268dd9c574e375bc05bce884a591d9d4c578b7f3f332,896461,330953.0,322.0,0.000973,1,2,223
2025-05-12 22:00:06,125e4f9c713c3bcbf334877e96db801f6fb7afcf552e6a0a48dcbc3697d40531,896461,549171.0,322.0,0.000586,1,2,222
2025-05-12 22:00:06,647cf72c67e835eebd7acb53ac5e39e7a45f3c366182126ab7ed1c2801cf2b2b,896461,82867.0,322.0,0.003886,1,2,222
2025-05-12 22:00:06,dbf24d3f4a176128f2a3bbf06ad70615d7bcd24c3c1d0b8db592a61b15168e2a,896461,19327.0,322.0,0.016661,1,2,223
2025-05-12 22:00:06,a5be5915764e06cb2f7b542b9b293b0e1abec3d37e4b2c3cb9c53188c146e91c,896461,239778.0,322.0,0.001343,1,2,222
2025-05-12 22:00:06,2ff889625a671d3a721295915d27e689566e6ac0d41a3f3ef40a2955d34ee01a,896461,148164.0,322.0,0.002173,1,2,223
2025-05-12 22:00:06,210c71b4cf8be6bdaa306cafe04c05263346322adbb3be016a2fff137e5cd118,896461,28915.0,322.0,0.011136,1,2,223
2025-05-12 22:00:06,3a92665b9d5abe3178b44171ffbbdd890a4031fde7ad86ebc28bfab907159e17,896461,1001557.0,322.0,0.000321,1,2,223
2025-05-12 22:00:06,1ef89676bb4192e6bcc3a9c09a8341eede09cfb16bf3d8b1895b1a81f5eb6317,896461,105202.0,322.0,0.003061,1,2,223
2025-05-12 22:00:06,1b25f970bc96299051f8b89acc816b1cc3fe7132bc5d058f2f08e52d729b0a14,896461,1025894.0,322.0,0.000314,1,2,222
2025-05-12 22:00:06,60a6e7747cde49e340cd16e5e0d1b0c054ba73e23ba28f488104e508406b6911,896461,51182.0,322.0,0.006291,1,2,222
2025-05-12 22:00:06,9fe9cbe4d0dd788b7f7722f214dfbeba061500d6cbd7691e2b6abc4c797ec30f,896461,67650.0,322.0,0.00476,1,2,223
2025-05-12 22:00:06,7a821f441eacb849b1243064090a47125d90b78dfa5a39f994f189a4352bb40e,896461,787671.0,322.0,0.000409,1,2,223
2025-05-12 22:00:06,3d221e75319a95a61be4b4edaf4dd88a15ea75661fd2dc8ff2d5547f37964b0d,896461,475896.0,322.0,0.000677,1,2,222
2025-05-12 22:00:06,16a8e9649e72278aac9af3f52a09f7601d7d5c4e4eba4c779d63343e309ed20c,896461,529582.0,322.0,0.000608,1,2,222
2025-05-12 22:00:06,690b02f4e4cd861aabe2056d4fe2969b9b8242fc7761530a8c5d23f60b648909,896461,326974.0,322.0,0.000985,1,2,222
2025-05-12 22:00:06,e5888517e351d7bc5a8b09b7566a039b87c16ee1528a2cd639a67ee007f6f4dd,896461,256589.0,715.0,0.002787,4,1,635
2025-05-12 22:00:06,e937a95b73036d2492643f42fc76eddb053c38d055ae4ea0d2d906ed02d67579,896461,27364.0,332.0,0.012133,1,1,226
2025-05-12 22:00:06,b8673f4715e8a0b0ae3fc8cc11f181d3f15b492d3cbd53ddfb6ffb91c027c49e,896461,11002115.0,257.0,2.3e-05,1,1,191
2025-05-12 22:00:06,84def9cdddac009bdaa157f5ec1310e9b5417567d0a9dbca889436ef90732bd9,896461,11490176.0,322.0,2.8e-05,1,2,222
2025-05-12 22:00:06,27d594e76fdafe5c9de51a3f684dc9d9f913ffbf599a5519f74655080bbc1a47,896461,11978321.0,322.0,2.7e-05,1,2,223
2025-05-12 22:00:06,1541fd56bce57f6239bd7b2283d50fdda402ec57227096df47c34787d1736097,896461,17560.0,440.0,0.025057,1,1,191
2025-05-12 22:00:06,73f5bcb91dc093310c65e22d6eea0597226d5ad27bcbe2d8998ba573fca3b338,896461,4998430.0,424.0,8.5e-05,1,3,265
2025-05-12 22:00:06,a2a9e3bc6328928ae600b3d659c03533f0e1b11349dbdefb1e1a681f259666e1,896461,52431644.0,325.0,6e-06,1,2,223
2025-05-12 22:00:06,1816d543e958662e6d2fcc18b3d1af630ff68ea29da340b6780f9da46b49e098,896461,41636.0,257.0,0.006173,1,1,192
2025-05-12 22:00:06,12757afbdd4162399464e25bdb0e345b53bbdeabbd9fba878e4db589d86151ff,896461,207644.0,322.0,0.001551,1,2,223
2025-05-12 22:00:06,da67e0d1fb5d9edcdf748532a9f97794801f04ba9b3b12465f812e31f80c04f5,896461,943340.0,436.0,0.000462,1,1,189
2025-05-12 22:00:06,0c502a4dd3f3bc748f6bad9693d1f2271493c9ae83bbcfbf72f52c6aee1e59a4,896461,14829.0,504.0,0.033987,1,1,188
2025-05-12 22:00:06,7499caa157ff8900451d1060bc94ba0315c4920328217633af3b65caee364afa,896461,28015.0,446.0,0.01592,1,2,223
2025-05-12 22:00:06,4f7b3835a44c8cedce0da5e395e90834cc4e07af978243bc20038ebbdcc6cdb3,896461,73106.0,444.0,0.006073,1,1,192
2025-05-12 22:00:06,3bce55533d2817b513fd8bb62041147966c47a27cba3d1f4ac46754118d52ffb,896461,36696.0,257.0,0.007003,1,1,193
2025-05-12 22:00:06,4ab47e4fb4ef1e368138f7f197e9db6c4ac7c29008e1e797459d0ef10c8cb6f8,896461,8583251.0,257.0,3e-05,1,1,192
2025-05-12 22:00:06,ee7ceed262a50b5ae9ea8a834c8d64137a754ebf07e866dec45609308adb98e6,896461,131295.0,257.0,0.001957,1,1,193
2025-05-12 22:00:06,99b0972f5ae16153b21a56426df9151fd973064c9492ff934da2e722009694e2,896461,48285.0,257.0,0.005323,1,1,192
2025-05-12 22:00:06,724616a51d3559a4c91964d538002cf5ed5cd0ccc181dc162dccdc0eae9bf8da,896461,50910.0,257.0,0.005048,1,1,192
2025-05-12 22:00:06,ce44c4a070880ff5f1bc094934e821698feacdf6c7789f0df71141790a1ee3c3,896461,100743.0,257.0,0.002551,1,1,193
2025-05-12 22:00:06,eb4433060935281a9a0665df06d1983a13910f9d90c59193f64662a6dfce40ad,896461,3079170.0,257.0,8.3e-05,1,1,193
2025-05-12 22:00:06,4ba1ea4c6be2ab7ee42409fc8bb58a7635e9c67beb8380b34a4ec4ab7b15d193,896461,250361.0,257.0,0.001027,1,1,192
2025-05-12 22:00:06,8bfa23fcf39890eae0a50dbd8019ab74276f0a2e3a78b9accbde7ed240e08691,896461,46798.0,257.0,0.005492,1,1,193
2025-05-12 22:00:06,d6bf2dd26a52eb62b4e29a1c9caff43537e6d6fbca8cb3b1a37541aecb2a2267,896461,86514.0,257.0,0.002971,1,1,193
2025-05-12 22:00:06,1ae1552f05b794239bd373286459ced4fc5ea29c5fbca8f7c2c02510a987a064,896461,1408652.0,257.0,0.000182,1,1,193
2025-05-12 22:00:06,b5d574349e6f7a56f90499d54e8032fad1f822884d226cf12a50f58096ceae4c,896461,7840103.0,257.0,3.3e-05,1,1,193
2025-05-12 22:00:06,9febd81f8e72665270f80e34fd735a111c2497de4810252e5aa3a8ceefedbb48,896461,218051.0,257.0,0.001179,1,1,193
2025-05-12 22:00:06,485f98f166cf13f326e9d1d5427282a31e8cc25a2b485a3297fdd246259a1f41,896461,288830.0,257.0,0.00089,1,1,192
2025-05-12 22:00:06,39d7797b6f93543773318f7e94df6b4c12c98857cca415840dc22c0034c0293b,896461,577723.0,257.0,0.000445,1,1,192
2025-05-12 22:00:06,3936040160a1110ed1526c330d42ac4061a33a76d7281d5a345477d9dc2d9a23,896461,69617.0,257.0,0.003692,1,1,192
2025-05-12 22:00:06,2d83712b45331c38538dd71a0729db7ebba3c5c2735a8f1bc310018d80bc3f18,896461,104725.0,257.0,0.002454,1,1,193
2025-05-12 22:00:06,71ad71416d13550fd860cdf635ed656b9a3087b4864bfb8520a9a0c7f3e18f13,896461,14956.0,257.0,0.017184,1,1,193
2025-05-12 22:00:06,1d6c8ab3b5196b9a641d04ab859126a41fa7f9e00a098d215f8513f01ab644f6,896461,448798.0,255.0,0.000568,1,1,191
2025-05-12 22:00:06,0cb7cdb4818ba36ace21836df78f1c913d7778200b10772edef81c98a0dd9ac8,896461,411745.0,255.0,0.000619,1,1,191
2025-05-12 22:00:06,852340a046a18cec225b93e7af9e3bab7e027575914f6b45a340d7fab0806671,896461,308415.0,255.0,0.000827,1,1,191
2025-05-12 22:00:06,28760d6e2ef14735e8667f053edb6139d6ce7336f40ae599a6fb18a1e793d03d,896461,388612.0,436.0,0.001122,1,1,188
2025-05-12 22:00:06,96797343e7de35cb49d5a8383b45e97dc4dac187eac90a251587095d39970c28,896461,17833.0,778.0,0.043627,2,1,335
2025-05-12 22:00:06,d24eff44a8954f3a74e5bf02b1ca1e8f6470c1debdf1c3ecf1605298cfc807ec,896461,4335835.0,439.0,0.000101,1,1,189
2025-05-12 22:00:06,ca8b77dfe223fd296cb95787938e227d865534e67c6b4df02f6d651a816703e9,896461,38960.0,518.0,0.013296,2,1,385
2025-05-12 22:00:06,4ee47deeed880e5127f185c736b4bbde00dea2574ba8588d50e933073d92c96c,896461,67760.0,786.0,0.0116,2,1,337
2025-05-12 22:00:06,7a894b599f1870cac2e60a42109bbad789e4419e1eff8aea5aba09bea0ddb463,896461,23505363.0,12144.0,0.000517,46,60,8687
2025-05-12 22:00:06,eaf8ee9fde9761839e6eba5b4350422f2190a7a80fed0d4db410689e16c944dd,896461,11215.0,441.0,0.039322,1,1,189
2025-05-12 22:00:06,77ecd356db35ed5ffa3dcae2421cb2ce03fb2530fe912a02ca786c22a7c4978b,896461,1592112.0,357.0,0.000224,1,2,234
2025-05-12 22:00:06,447ce1f9ade337e7e4c13ffdcb7a7f04b3f69600a33d689dc40956afe1519f37,896461,1860451.0,357.0,0.000192,1,2,234
2025-05-12 22:00:06,053950f9572f98750ffd663507259b1a3efbca589276e97cdfa974417b59552f,896461,1798472.0,357.0,0.000199,1,2,234
2025-05-12 22:00:06,a25a896742e9dc3160804f18193d2bcc9263602ef5440d6ea7bb67651b4858c4,896461,558775.0,6914.0,0.012373,1,1,303
2025-05-12 22:00:06,bc04d69fd4bbda7c477e798920c9364bc7f83ce2583d7c1ad9eb72db8ebc3949,896461,86302894.0,5869.0,6.8e-05,2,159,5496
2025-05-13 04:23:38,51dae19d7ef5bb0943a5dabf3c4fe2371ebacfd870f61241dd0e04396b94313c,896497,7187.0,154.0,0.021428,1,2,205
2025-05-13 04:23:38,5ab94b594557f7b8ea8a4e029ba440fe01ceb3c24270bd2742dd6f2cbc279721,896497,3315236.0,1008.0,0.000304,16,2,1801
2025-05-13 04:23:38,47dc48e766850301e5df89fd99ee668c7773717a1f3a437cba6515c550536421,896497,1377446.0,154.0,0.000112,1,2,205
2025-05-13 04:23:38,df993787485da8aaa04dd0e72afd4c777778591ee8e82f5f729d6b24f0503b21,896497,330.0,152.0,0.460606,1,1,323
2025-05-13 04:23:38,b23e0c31206f26c3ea2e49982d5c8caeaf2e600a5e10c3a816f77681ef04ae20,896497,330.0,152.0,0.460606,1,1,323
2025-05-13 04:23:38,ee82a944875c21b41824c8c7bca52dcbf28030a1dd0b0d9f6b83d02f3f997220,896497,704237.0,154.0,0.000219,1,2,205
2025-05-13 04:23:38,381958b8d711ebf769517556b54099ee041200e3a00ed0769807b1ce00a93e20,896497,546.0,152.0,0.278388,1,1,323
2025-05-13 04:23:38,84bda1b3d4e802408bc71dd1781b48e399b0bdbe2c5814aa1abefabcffd5cf95,896497,438382.0,154.0,0.000351,1,2,205
2025-05-13 04:23:38,0815ec5beed6f6184e7c38403c2c3142bdea192fa16fb9acdce8d9b9ef922d20,896497,546.0,152.0,0.278388,1,1,324
2025-05-13 04:23:38,35654f859572be4c253d22bdeaadbe87a4852f7c083be3321a42640de594c164,896497,2113395.0,154.0,7.3e-05,1,2,205
2025-05-13 04:23:38,9bf875a9335bb3b2d640c393c69d6f168485b17ebb2694dcbb61fa3415fccd1f,896497,546.0,152.0,0.278388,1,1,324
2025-05-13 04:23:38,966db6b31c8136dd5916f1af664d5d72244b7096e4024d35e7e9f942cadee89a,896497,30794.0,154.0,0.005001,1,2,205
2025-05-13 04:23:38,497bd925cc0f58a1029eb9a351b905d77f99f7b03206250625f5719e97d1bd1f,896497,330.0,152.0,0.460606,1,1,323
2025-05-13 04:23:38,7c77937e0aa9d8f58e901da0685dc3de2d5eadf52aad4e9ad9d5dce6963d851f,896497,673295.0,153.0,0.000227,1,2,234
2025-05-13 04:23:38,3cbef5aadd9a7add9b25f087e41e57e3e27d822eade679b54a24cc47a54f5a1f,896497,546.0,154.0,0.282051,1,1,331
2025-05-13 04:23:38,5c1ead555725d076192970b91f338a70d9492cfda0e35cedd42c414a1543b587,896497,3118.0,154.0,0.049391,1,2,205
2025-05-13 04:23:38,d97cf5a7ebeed6aac7c0c8f27d858213d033980550ca613ccac2714d73d54e1f,896497,753202.0,217.0,0.000288,3,1,367
2025-05-13 04:23:38,d5dafc95f710f1be69cee0d03351e20cc26b10714c89933ff345fd1f68415b1e,896497,88575.0,172.0,0.001942,1,3,253
2025-05-13 04:23:38,cc7d24afc75eadb73cbf6b3dc65a65d90a198d712a094e426a5c124c3a56441e,896497,552367.0,169.0,0.000306,2,1,269
2025-05-13 04:23:38,6e40674846512c095db1bface9d26feec8f89528489f6812f736b89c1ccdd71d,896497,546.0,152.0,0.278388,1,1,324
2025-05-13 04:23:38,da48a8bd3a9a74a73529fb295445899143c4e672a96bc985103f578de9a10dbb,896497,192493.0,154.0,0.0008,1,2,205
2025-05-13 04:23:38,009361dcf0fafa4efec82326c97f35c6abbf88213c88828cb9d8b81a9db9b71d,896497,546.0,152.0,0.278388,1,1,325
2025-05-13 04:23:38,350d54bd798c4b860c96911141e32fa5de40a9b42cb5295e3332d3c868092732,896497,58929.0,154.0,0.002613,1,2,205
2025-05-13 04:23:38,09412c81b31b00a2b805a2691496f2c4dcb1cc7e60cc4943de9f330b493faf1d,896497,230603.0,164.0,0.000711,1,2,245
2025-05-13 04:23:38,94aca5f9f8117ca60bd17323e4825e77c4422536a117a765ee8a141468a26d1d,896497,18211.0,212.0,0.011641,2,2,312
2025-05-13 04:23:38,270cb02b32e330385e232745e37c7c3b1160c266447d56455288470164cd531d,896497,6822.0,153.0,0.022427,1,2,235
2025-05-13 04:23:38,b3421a10f02657575d291cf8b1aefccc27fee18a4c686ca539ba1fc634f53a1d,896497,223636.0,262.0,0.001172,2,4,424
2025-05-13 04:23:38,4547a1ed886f88f2c41c3542d51fc6b6e9539d559201ca6f1e01b0d90ef41a1d,896497,980936.0,141.0,0.000144,1,2,222
2025-05-13 04:23:38,4d150d40ad27fa1370d9ef225c0f75ffdbbd12ee7e45a48367835045d2f2b01c,896497,193846.0,154.0,0.000794,1,2,205
2025-05-13 04:23:38,e02ad7db212fb6aa5268d7b688c2bc3eaf70f5d7d6fc80ac5b177b39eaf39f1c,896497,561656.0,169.0,0.000301,2,1,269
2025-05-13 04:23:38,5a80aaac798cb1815c612d6fd120e36b7aefac6d465bded985f22847c7859b1c,896497,115678.0,141.0,0.001219,1,2,222
2025-05-13 04:23:38,97b73027aaa9fff3bd2d6c5194f65fa05e002ba561477547a7efba1f2e7a721c,896497,113100.0,805.0,0.007118,1,4,451
2025-05-13 04:23:38,0558b5fa40f3b04c09405409738eee734d6abf9fbec69e5baceada9693776c1c,896497,23846.0,154.0,0.006458,1,2,205
2025-05-13 04:23:38,84af1871db98dde89923914e3ed15a2dd7d4509a4d84b1cbcbdb72e15a6d6c1c,896497,117594.0,237.0,0.002015,2,3,337
2025-05-13 04:23:38,666fe76ce01d5ef5b8e5bc900607f3360f1389018aa63dae5186cf6dd5b7ee1b,896497,295117.0,141.0,0.000478,1,2,222
2025-05-13 04:23:38,ebc5585df9216a6d25a9c78e807c29f49e9c32082b8693e8804786e183de361b,896497,95490.0,351.0,0.003676,4,3,550
2025-05-13 04:23:38,d0e978df420c0db7b2a0358ef9bfcbc84e8bc6839186e6390b11a8a6bfeb201b,896497,197259.0,154.0,0.000781,1,2,205
2025-05-13 04:23:38,7a25980834c1489bd2488212e3dcbdad1e0e6bb2b70e031a2ece04bfba84101b,896497,45641.0,111.0,0.002432,1,1,162
2025-05-13 04:23:38,7d52d15887e646dfd13f73a899d2b65b571ce7253a436911462b2e71a5394f1a,896497,546.0,152.0,0.278388,1,1,323
2025-05-13 04:23:38,54bc642c1d80a8fa3405ce28c9010b430528d3a9582ab5dad499ce32c8f7f419,896497,14405.0,154.0,0.010691,1,2,205
2025-05-13 04:23:38,73bd23ff7e95b9b3840ac68990f248e377fe39eb658317bd41d3de4ec4bee019,896497,7660377.0,110.0,1.4e-05,1,1,192
2025-05-13 04:23:38,0e29ec74c92ec8e5330114300b645fea736e98dd810ca3090a516130aef8dc19,896497,47981993.0,142.0,3e-06,1,2,223
2025-05-13 04:23:38,964e3ecfa5afdc93026c6cf083ba6ac0890de65243d6292cf795807599ef5219,896497,546.0,152.0,0.278388,1,1,325
2025-05-13 04:23:38,d78b88fbefc059836710cca4264ebe96f902a6a2ec1f925dee5bbd04b1068861,896497,6646.0,154.0,0.023172,1,2,205
2025-05-13 04:23:38,083e7402b92e42f67e4ad8debed9c23dc3685f8015d759565d701cc830683f19,896497,330.0,152.0,0.460606,1,1,324
2025-05-13 04:23:38,29b1a28f3ac5bd6b72cf5563b36c32c0804e9e3a0c4a2cc8ed1c4f476ec59317,896497,79533822.0,110.0,1e-06,1,1,192
2025-05-13 04:23:38,5578e977a6390644688b299ad6a6390dd00e75bf4d5ebe2a4d37819bf482c97b,896497,189533932.0,141.0,1e-06,1,2,222
2025-05-13 04:23:38,8c53662cc3f0037ca826a14c86b56a5359ba03cc867f6717cc352366015c9117,896497,27006.0,154.0,0.005702,1,2,205
2025-05-13 04:23:38,6d1fcd67c3556512296b81570ad009cb5bab4434e5f5c284cec21116feaf3117,896497,1807740.0,154.0,8.5e-05,1,2,205
2025-05-13 04:23:38,cff262b038328ca51c4d26961b198ce68a6f426ba67dbd5c5e362209697efa16,896497,598217.0,283.0,0.000473,1,5,334
2025-05-13 04:23:38,72f0898647b512c9ede7a92396690e8a42cdcd75f95edded85d8a621554fe216,896497,113927.0,154.0,0.001352,1,2,205
2025-05-13 04:23:38,c2d02afb111ec31951ec9a60872a61f854004da5ef7755485b305a5f7239d116,896497,74937.0,212.0,0.002829,2,2,312
2025-05-13 04:23:38,dad692458a272987051269f5a3cb15b04d8a9e4e9268155ebd8a9a462530b416,896497,561046.0,142.0,0.000253,1,2,224
2025-05-13 04:23:38,52317ced4bc2a74adde197044a8626c79e47b0188cc763ac71f8eddba0f3ab16,896497,877864.0,141.0,0.000161,1,2,223
2025-05-13 04:23:38,f655fb276e7b368854fd3cca358d6c9fa60dcfc9d514d2ee39c76648f7e08e16,896497,1587593.0,181.0,0.000114,2,1,343
2025-05-13 04:23:38,762fe6cc6fc3a6f046da79b048c4d908ca7222b7223b842eaed56d37f6a66b16,896497,125922.0,158.0,0.001255,2,1,258
2025-05-13 04:23:38,6a36a36698e5d0f450b61e38d38c4aab5e6704e401bba9cd2626cce07c1d1816,896497,546.0,152.0,0.278388,1,1,323
2025-05-13 04:23:38,5707b720a5ed0f136c9a2c4f1ae68368e846aae7f5e72ac774d4f88f22e044de,896497,1990474.0,154.0,7.7e-05,1,2,205
2025-05-13 04:23:38,fcc9b154881a951a37fc4e93386eb57e7ebb699b36da105c2d4881d1d5c5ab14,896497,6018298.0,893.0,0.000148,14,2,1587
2025-05-13 04:23:38,6220c5589e80c739587abe132a2d8342d895b8b7885835a7fde5045edb2e9214,896497,3008805.0,487.0,0.000162,7,2,835
2025-05-13 04:23:38,1976cc48c505ada08859fb13d7d277cb60f01083ded2ce219530c449ce3a8214,896497,546.0,152.0,0.278388,1,1,323
2025-05-13 04:23:38,8f29357ee9c6acdc90d711fa090f383dc9f4601bbc14c2478d312000d3577181,896497,94271.0,154.0,0.001634,1,2,205
2025-05-13 04:23:38,3ebeb64aac0bb079fa6e3729d732b847a54baf696f9373c7307afbcac9e7d313,896497,330.0,152.0,0.460606,1,1,323
2025-05-13 04:23:38,a927c4cd5ec355b7c499801662a390e04ed9d22e363ab27f711b304665f24913,896497,71237.0,212.0,0.002976,2,2,312
2025-05-13 04:23:38,aecedb0c17b6bf4ee14877433c76c3073ff88ec9dacab62f8a8471afb572d3a6,896497,71449.0,212.0,0.002967,2,2,312
2025-05-13 04:23:38,8c0d83f183c7264dcd1c956f3ab6b516d31f55460514ce901b26196341767b0d,896497,546.0,152.0,0.278388,1,1,326
2025-05-13 04:23:38,0304e5c2a2117147895557f39724cb9d6792514bb91289259541462fa771d4df,896497,13196.0,154.0,0.01167,1,2,205
2025-05-13 04:23:38,09faf56fe0a4c061a73f9fd3f11e894cc6fa46b1acc6ff6e5b47af493388980c,896497,25734.0,212.0,0.008238,2,2,312
2025-05-13 04:23:38,29034ab70c292d35006f63fb313ea1452120b63e32ba430436226e67e82b840a,896497,739022.0,142.0,0.000192,1,2,223
2025-05-13 04:23:38,b897726427f03006f71a57968f272e05fee18c8983a2615884bca389cd360c06,896497,330.0,152.0,0.460606,1,1,323
2025-05-13 04:23:38,0e4be4a0b05b2c7798fc11a4175ff2d3d8078307221ae79e8aee3dcaa0b08432,896497,105157.0,1358.0,0.012914,1,30,1409
2025-05-13 04:23:38,ece190b0c04875ffbe1529359739550c62ac07abfd117f7d4dbfc578bc8dd702,896497,993610.0,110.0,0.000111,1,1,191
2025-05-13 04:23:38,fcc0aad282badbc4d53c651cc69bc04cca5afcdd0b380eb371ce499e94e0fa01,896497,6031.0,99.0,0.016415,1,1,150
2025-05-13 04:23:38,5648e013670a7e39c8d07289ca591bf52e03e48e1e7034bd451c150f9546a001,896497,4347841.0,122.0,2.8e-05,1,1,203
2025-05-13 04:23:38,5059ada8178451b6c22221a2bec38a4fb6657047c7efed4bc817d489bfa3b6fb,896497,1092.0,51965.0,47.586996,3,2,207194
2025-05-13 04:23:38,0803b6ffddf441a653d638eb46842d3092d8ec09351d92f967254cf3d3b2050e,896497,23479.0,604.0,0.025725,2,2,1964
2025-05-13 04:23:38,8e6444047471fc9c8fb0d18da64c7dcb625ed99fc072952f24e58b7d9fd9eeb8,896497,73799.0,153.0,0.002073,1,2,235
2025-05-13 04:23:38,4c97c1f14f760b628f652e158b60733e7a1b84ebcf2b137abf3e22e968f5299d,896497,38248617.0,503.0,1.3e-05,4,7,795
2025-05-13 04:23:38,b3efaf2fbd552a99330fdaef6219196a1dd0de54dabd2b5decb5bbb5b70f0cc4,896497,153517247.0,8549.0,5.6e-05,93,2,16019
2025-05-13 04:23:38,db607a52d7070b03b58d045115da282bd0ce9a33a8afaa7aaa4a332fc3cd3c1a,896497,1861387.0,346.0,0.000186,3,2,587
2025-05-13 04:23:38,c9b2c1d104fa7300b0a417cec166f5df84e2b262ad107a8996725f9979b7b5f7,896497,330.0,154.0,0.466667,1,1,328
2025-05-13 04:23:38,44dbe8e2688d1b31ce7319427cf5bd913c7f0fd891fb017525722ce3accdaeba,896497,2282482.0,154.0,6.7e-05,1,2,205
2025-05-13 04:23:38,a03a5680f66207907d3e072cb910b4d39cf7365cb55e55c4e97414cae084d0a9,896497,330.0,154.0,0.466667,1,1,328
2025-05-13 04:23:38,e26363dc2041abf2bdbd0baaa1e3aca6cf1c57d67fcaa4b19de44f5b9575839f,896497,1606586.0,154.0,9.6e-05,1,2,205
2025-05-13 04:23:38,6ce78ed6a9c618e478f219eb09326db0de04503d4dd27dec2e0d4df66821d817,896497,51628.0,299.0,0.005791,2,4,430
2025-05-13 04:23:38,4feabe0e75fa07dc9d5c4168848406e79089b1019ff1e85e151fc88509ca06e7,896497,38565.0,285.0,0.00739,1,2,284
2025-05-13 04:23:38,1e558779b153b8111833c378ad80e9f057f2e72f74c2019c68b7f6651a2e7ebc,896497,43820.0,285.0,0.006504,1,2,284
2025-05-13 04:23:38,408df5d562d9bf38afeeb396e8c2f1891cec01622c44d222ca47401ed03bd416,896497,32925.0,285.0,0.008656,1,2,284
2025-05-13 04:23:38,ff285fe0063c289e25e4b6e979d329dfac3f0257432f723ac827f2f54188bfd7,896497,33210.0,285.0,0.008582,1,2,284
2025-05-13 04:23:38,bf8fe6e6e2d286e68ff1200fb7fa0630e2166cd425a486650d94f5f77dbda711,896497,48615.0,285.0,0.005862,1,2,284
2025-05-13 04:23:38,3541e7e785637ea52a61ac656e15a7ee70dcd362ece80c3f8c27bca4db2eb929,896497,864746.0,141.0,0.000163,1,2,221
2025-05-13 04:23:38,6e68283127b4af6fbd4495d1bbbe1d2fde6d179bf31a64a32525d09e943a925c,896497,1037950.0,141.0,0.000136,1,2,223
2025-05-13 04:23:38,59d3a924ddaf96f7dbba00158f6721ca047852fe7f2a1964185b4a7a6fe86093,896497,463047.0,278.0,0.0006,3,2,520
2025-05-13 04:23:38,db0ec6bf3f355fbb5f429422626634d6b1917462b280911e1a7ac4006f9fb468,896497,1962153.0,267.0,0.000136,3,2,478
2025-05-13 04:23:38,10542556cab7c31d2eb0fb7d5b7d8512a0b15b26de2d9dcc5325661114e19fc6,896497,502327.0,246.0,0.00049,3,1,487
2025-05-13 04:23:38,dc93218bba08c48670657981b15aa38e05d8674487e648e419cd3565e13fd509,896497,8984811.0,224.0,2.5e-05,1,2,223
2025-05-13 04:23:38,f6602cf1ca203f24b5ce5c158fb5126826a3bfed9a37fbec811fad8015aefc63,896497,193810.0,223.0,0.001151,1,2,222
2025-05-13 04:23:38,430a3e740cd4649b79e1c1f46e6093c387019c6887693849581c879cbe69da12,896497,985062.0,385.0,0.000391,2,2,383
2025-05-13 04:23:38,d09d3ee472703641754d7a23e1e896a644b54f31074554e88dc9143d00b479f4,896497,41340.0,285.0,0.006894,1,2,283
2025-05-13 04:23:38,776797395cdd1ca6db92e73716bec517449d4b155db6908d45da761953f31752,896497,41625.0,285.0,0.006847,1,2,284
2025-05-11 15:59:08,7c7e33eeb3ee248fde7af34fa794a902c5c03e648e172066a71871396c7cf0ea,896278,122234.0,605.0,0.00495,1,2,379
2025-05-11 15:59:08,dfbed1610dd4f54f9b42342324825b3e7d2a7e0ae6f1701d8c76acaead1afbbf,896278,358434826.0,452.0,1e-06,1,2,223
2025-05-11 15:59:08,ab366b73f660fa89940340264900f796f50a2bab83bb8f6ef1f2ea4a2a3a548c,896278,358451378.0,452.0,1e-06,1,2,222
2025-05-11 15:59:08,aac7cfc44b78a24d0b030bedf73b8eae670537adebb44624e2882af084cd7bf2,896278,352994.0,606.0,0.001717,1,1,189
2025-05-11 15:59:08,6a805e59f6bf793e132d32bda2783b748381934b9367b527367927f411838704,896278,377716.0,787.0,0.002084,3,1,487
2025-05-11 15:59:08,c04624e0886302082d28dd7646f110d4a33d97f8595da39544094330c1f59502,896278,67218.0,669.0,0.009953,2,2,370
2025-05-11 15:59:08,2f88cc54416b56e3e1be0df47ac7e43a3033f89d6f7b156e5cd98fa2b1c3f137,896278,86246.0,1561.0,0.018099,3,1,485
2025-05-11 15:59:08,fe61a24c28d9ef42d97a22e8dae51495d084e8d12a671e1c3ac79a86118b4382,896278,799051.0,451.0,0.000564,1,2,221
2025-05-11 15:59:08,b0320c41b35acf95f847e0bd75f5f20604e297e5e956003d7efab837a1a14637,896278,6139916.0,459.0,7.5e-05,1,2,223
2025-05-11 15:59:08,df3adb2617175b736fd5909c293679123c15deb089f38e2facbf3bd5ddc82219,896278,1115594.0,680.0,0.00061,1,3,292
2025-05-11 15:59:08,f3d55bf572271ca969b24c884e85ef2f1b67d4ce0e7c2074c90a9903f5aa8ae3,896278,18367.0,1575.0,0.085752,3,1,486
2025-05-11 15:59:08,3369f2cfe877b48b105bec9fefe97dc29f732954798c0b47694d01a70b8276e6,896278,144841.0,459.0,0.003169,1,2,223
2025-05-11 15:59:08,93f4b2c02c546df1a0fda59e13c1b935200bdb4bb91f8a3ece1116685b748269,896278,9696118.0,459.0,4.7e-05,1,2,223
2025-05-11 15:59:08,454c693d51f7b2aac0ba98be154f1c97ff268ae8fbe6c908c027dc4dab646a31,896278,15530853.0,459.0,3e-05,1,2,222
2025-05-11 15:59:08,95b1ff9aba9cb5e49fc76bf28ab960a90c1dfe4d5a2f3bb5b028fdb255ec0505,896278,60986.0,459.0,0.007526,1,2,222
2025-05-11 15:59:08,7008e3d0f375a2441e2ff4007799b185e2b12f2e8f4bd60d005684595c2afb07,896278,1696239046.0,5000.0,3e-06,9,6,2865
2025-05-11 15:59:08,8ed4746620b4531e3d04ec775a921b0eebb33beb4f7aa7da6a16cc2f3500f77a,896278,38000.0,1052.0,0.027684,1,1,189
2025-05-11 15:59:08,5bd783d1036771a743d05452c889d0fd2af5569bd4c270ad07ba959e995cad5f,896278,1094198.0,802.0,0.000733,2,2,373
2025-05-11 15:59:08,e776b5b4e206c59f46516542be97075a349dfd7108f0670af2bcaae5e4fc5162,896278,48401.0,670.0,0.013843,1,1,461
2025-05-11 15:59:08,cccbdd007d9e552c35645e36b9810a48b5ed6bb6dd68b706b0f3d95238193b9e,896278,1543158.0,1219.0,0.00079,2,2,369
2025-05-11 15:59:08,b04d8fb27759d619aa8db037fa5f1f751293731a034edb07d09660c336edc955,896278,51805.0,600.0,0.011582,2,1,339
2025-05-11 15:59:08,f86c5c5452c9f01a1cf7954e2a99c9483647d45130a8d1402cd3e70625c183df,896278,237349.0,451.0,0.0019,1,2,222
2025-05-11 15:59:08,f9925ef96fe60501d30f8a18f8c81722814dcdcc1c93245189aa77c0a608be11,896278,1836900.0,738.0,0.000402,1,2,222
2025-05-11 15:59:08,da02565bbe9bc73c98e65f62e9bbbfc192f90ca7b9c07c9b70034ce66e7f8a61,896278,285804.0,366.0,0.001281,1,1,192
2025-05-11 15:59:08,582178bd8df72859ff9b604775d21ec85c5b71f07e563f5fa9c09a790230dbff,896278,1013775.0,816.0,0.000805,3,1,488
2025-05-11 15:59:08,6dee502630f445006faefad4983329d4e70ad6f2c59b58d8d7931fb1cf229f47,896278,139047.0,1061.0,0.007631,4,1,637
2025-05-11 15:59:08,9748eb96e06af218128464e6cc39e1de75bab7937196ed208297af2a5787bdbf,896278,5181654.0,1000.0,0.000193,2,2,673
2025-05-11 15:59:08,81d15f9b07d517988958ec5083231ab90ea1a4c3e53b67383e2e252bcb3f2138,896278,2010067.0,1314.0,0.000654,2,4,739
2025-05-11 15:59:08,8bab7768cc35a25267992071c2434d07df4a7769c0ff7e9976366bad5282cc52,896278,5015797548.0,379.0,0.0,1,1,191
2025-05-11 15:59:08,ae55640d69058a0b5f5e79f7e6763cb1255fab3265a29b31816b25aa855c563f,896278,52845816806.0,777.0,0.0,1,2,225
2025-05-11 15:59:08,fc1528a201e9a73b3b81878d3db79f1fc0b93f35e0945bfa708b99da6c96a93d,896278,38231.0,384.0,0.010044,1,1,193
2025-05-11 15:59:08,2ebe5c19540ebff8e2941d02e78ea91589f95bf450951d8fb8f09eef428cd243,896278,1525172.0,493.0,0.000323,1,2,223
2025-05-11 15:59:08,7924b687fd6959b609628d51d935839091446862bc9330eddbf51e0558074917,896278,96682.0,493.0,0.005099,1,2,223
2025-05-11 15:59:08,0cbb555bff8c74ada0a26294e18fccdd53d91d6b04cd4c2bc0fd2f306a757f99,896278,86330.0,670.0,0.007761,1,1,191
2025-05-11 15:59:08,f70f52e988e65ec2e0e3dfd2a1ca323ace0229cc8ec321362ce687098c7c1ff2,896278,973134.0,735.0,0.000755,2,2,371
2025-05-11 15:59:08,d6a6581c8a022e8dd1b20d4534205bdca3ff7759a32db0d8b3454bc9ab02ca87,896278,8905309445.0,1000.0,0.0,1,3,301
2025-05-11 15:59:08,c5f405392ece881012189024d5292d376fe68706a39993c078611c6f9ba49c4c,896278,8905399076.0,1000.0,0.0,1,3,305
2025-05-11 15:59:08,8d17b673a7cd1d1c8e4214c47e5888d3d8268997fcd516ce783f6aed58d11fa2,896278,8905447333.0,1782.0,0.0,7,3,1193
2025-05-11 15:59:08,a219cd30241846d08fbeacf08ca7b25c22320f13d070203fb35bce448de195e6,896278,8457014.0,500.0,5.9e-05,1,2,222
2025-05-11 15:59:08,a2c6aace096c3b2d4382e0f3fbf24238cb40067e0348a627efaabb80a8c79a82,896278,246411435.0,1324.0,5e-06,1,2,373
2025-05-11 15:59:08,f594089c81ee1132da571ba9adde602d489ea3fef3003935ddc35a263232926f,896278,768000.0,2823.0,0.003676,13,1,1437
2025-05-11 15:59:08,07f75a4b5e51a09c37d7ee5c56bfdec2b99b723155537a8a6c52c5467fe0c873,896278,3219900.0,512.0,0.000159,1,2,222
2025-05-11 15:59:08,38ea9c695679fae4d10b2fd5f26058442bbd4b1e6a987c8588f9e3bfb2a152a3,896278,2020800.0,403.0,0.000199,1,1,191
2025-05-11 15:59:08,602e5ac8ccbc4783437a7e9fea7f23ae5c02f7de256de913c14e1f84ffde432a,896278,103696667.0,1891.0,1.8e-05,1,14,594
2025-05-11 15:59:08,566587a7aef5a73de6320fac0fd3ab551ae8f8ec989d7abdadd14f4222427eb0,896278,1120380.0,564.0,0.000503,1,2,234
2025-05-11 15:59:08,522183faf8c94b93d868311844ffe01cc2a8de6801f5bea7096e2762bd3d1292,896278,765996000.0,826.0,1e-06,1,1,224
2025-05-11 15:59:08,108d12ffe0c71e06ac662e17cc15c49f8d7d346ecf1fd75f73071b3bc01f3711,896278,5448718390.0,2860.0,1e-06,1,21,847
2025-05-11 15:59:08,388fd6c9445017b46d18aed79b830c5d825bf31c37331473107ac74fc7baff7e,896278,39991486.0,1200.0,3e-05,3,3,470
2025-05-11 15:59:08,355f2de13ecd207b3ddecd026d1b3a5cf77a911a3ffd4b2d4a1a42846dd902bd,896278,572400.0,532.0,0.000929,1,2,222
2025-05-11 15:59:08,e92bfd7e9793737ec15cee31e3edbea5b04afab8109aec5be26d1ddedc5ae3f8,896278,5000.0,769.0,0.1538,2,2,363
2025-05-11 15:59:08,4aa6f3a900a59022f4cee1d561e5021841b06e9e048b45605df435f48549cd45,896278,433800.0,540.0,0.001245,1,2,222
2025-05-11 15:59:08,dd60fd5072f0f512e424724f33310b6b501c7afc51fea8815e69f7e77f6cf451,896278,217370.0,5508.0,0.025339,19,3,2965
2025-05-11 15:59:08,804b55f7e22258e0b5404718a34753a3b12792f2d94f0d964c7af22a3b9a864e,896278,6730851911.0,2860.0,0.0,1,21,823
2025-05-11 15:59:08,c8e531912077f05dff19e8442bfc9f7da995a4272db89b7e911622a395e446e2,896278,330946.0,1340.0,0.004049,4,2,667
2025-05-11 15:59:08,0a64da314e906049c39c61f76a36a1f12601f7f77daa0e28f4f14d1b69fbcfad,896278,358513830.0,1340.0,4e-06,4,2,667
2025-05-11 15:59:08,1ca49c07ae2098b636636a524d20a7ab3fad3350ce53c63b003b12ee0487cfbf,896278,10740262.0,646.0,6e-05,1,2,246
2025-05-11 15:59:08,747b36429adde390796f7c30363ff1a5cafd0c3c9c13e7eec4877f4bd2af2bd0,896278,11773.0,564.0,0.047906,1,2,226
2025-05-11 15:59:08,0883732450e6d12209a6aa499e6abed36265bbec14619b4ce3bb9a7026aa6172,896278,4901652.0,564.0,0.000115,1,2,226
2025-05-11 15:59:08,c74f67c0b9e3e85cc518237f05b9e31a9279ad5d51cbb7de7290abd7f8cced7c,896278,38455393.0,654.0,1.7e-05,1,2,247
2025-05-11 15:59:08,3b92ac6a77a483b22a0c41d68a1d1f32271ac25fbe9804172a9e0b8263f082fe,896278,297043.0,558.0,0.001879,1,2,223
2025-05-11 15:59:08,758418c5d84d348015b2c73eb8854c4c6eda1b705836abb534e561cfe639c8c9,896278,5607810.0,558.0,0.0001,1,2,222
2025-05-11 15:59:08,77bb445c4fa3b220f45a908547fbb1f34db1165f4d8f889293b5c19fc16c1207,896278,15252.0,748.0,0.049043,1,1,189
2025-05-11 15:59:08,69391a604c70c74a5776dfdb1f01d1928d339f600f76fe23a5beecc1e49b8e85,896278,1089038.0,840.0,0.000771,2,2,374
2025-05-11 15:59:08,c61a504afab52200ed0b16955fce883b7afc91e390cfd076d0f9b6a49bccbde9,896278,97644.0,888.0,0.009094,1,2,223
2025-05-11 15:59:08,fb66e2adc6b53a5017b4c2491d78d4e9a9c0d959d1f07c41652dfc770bce772b,896278,2935847.0,558.0,0.00019,1,2,221
2025-05-11 15:59:08,474a7fdf06846f89c5faf023133ef2ca571f1abdc4f90c1a5f5a4d2ede5fda93,896278,60998031.0,566.0,9e-06,1,2,224
2025-05-11 15:59:08,f65e235089ea2a213e4b53e25c5e0e9e689e47cd53a74f1f56737d790a955390,896278,12488253.0,566.0,4.5e-05,1,2,224
2025-05-11 15:59:08,95bea4bdaa91f36f30dc56d227bf5abe74d6d78b5319b0a41a5277c90e2d8b7c,896278,1776434.0,566.0,0.000319,1,2,224
2025-05-11 15:59:08,4b58f3f3ae015d5296c6fb7e9413bc5efbcec9b165bba03e4955f33ebc07bd47,896278,8973536.0,566.0,6.3e-05,1,2,224
2025-05-11 15:59:08,d5817c34dbdb75985c3136c971c9fa27918e77d5fe808f18df161b67b5079122,896278,2601890.0,566.0,0.000218,1,2,223
2025-05-11 15:59:08,252ec5be64568693841c64c2157d72c5c7108151d59e169aa558d5495af90eff,896278,562114.0,440.0,0.000783,1,1,191
2025-05-11 15:59:08,91ae3feb5896c5cc4e023d2d925b6a5e8c93dd146fe19364aeef23e36d3d1ddf,896278,42659.0,452.0,0.010596,1,1,195
2025-05-11 15:59:08,386aa814554a00efa83e75719a1e104d2b333c01db9fd54e88b33589e13b23d6,896278,2996237.0,444.0,0.000148,1,1,193
2025-05-11 15:59:08,4b59ee4c080bf1f14022c6fcf0225efb728001b80622a55c5d88be52d82089a5,896278,194927.0,564.0,0.002893,1,2,223
2025-05-11 15:59:08,de4909e27632c57d53a93f2ac3174a99fa8b0ce1b4574caa68d2587267208ba3,896278,254099.0,904.0,0.003558,1,2,226
2025-05-11 15:59:08,906b645fe19d17e3fd1dff9588d83d4c912a42c887b36ffb890cd07d119f4b96,896278,64326.0,564.0,0.008768,1,2,222
2025-05-11 15:59:08,50508503a9d7f78a55122d551b08b1f16497d9e5807b1f27fc54ec30b916e087,896278,14360278.0,660.0,4.6e-05,1,2,246
2025-05-11 15:59:08,e13bd8394d50cc34eddf957e702e0cc7765ff6311e31388f651a586ea1331284,896278,95267.0,564.0,0.00592,1,2,222
2025-05-11 15:59:08,326a6c5cbb7ba136d9d19808e1eda00680a119a09002e94c4b39f687cc9b8167,896278,3367154.0,1804.0,0.000536,1,12,532
2025-05-11 15:59:08,9b10a113a8e09ec91edf3ed05dc592c06df6a72d32b208ba867abcf7241d1a93,896278,5368352190.0,2088.0,0.0,3,2,521
2025-05-11 15:59:08,e292c8e6131a97c594476f6ec9bb79cbb79d5033d9ca31918b77b0cc39fa7998,896278,30962.0,1668.0,0.053872,5,2,822
2025-05-11 15:59:08,e5408e7f4719bd02d3d61f7451a556c45b2b8b6886004bad589530fdfc2db24d,896278,3763026.0,892.0,0.000237,1,2,222
2025-05-11 15:59:08,118a4ca12a5529d773957c204f4ee0722e3664fa09c0b6fe9be040c1140041c5,896278,3784828.0,892.0,0.000236,1,2,222
2025-05-11 15:59:08,9f65639828fbd72d568a078b5b37dfaf479cd29e4198f4a2510438efd8c010ed,896278,3829354.0,892.0,0.000233,1,2,223
2025-05-11 15:59:08,d5aeef7ee0eac4474e5e44bb0a5a4b1d205968144ace3eca81db9902988f80d1,896278,2017371.0,3064.0,0.001519,12,2,1358
2025-05-11 15:59:08,b3034f8fb0580883b1c4d4a0c9f8d0ab1c34916028acdce091b2ae79fa691897,896278,29562950.0,904.0,3.1e-05,1,2,225
2025-05-11 15:59:08,e497c470f766f467c6f7f592b486d23002c1cccfd1f09e62de972f997f9f5c4f,896278,605344.0,904.0,0.001493,1,2,225
2025-05-11 15:59:08,e17c88ea8b10de6c49f4d351afbf45ce796523f3a3a5e83b62f907a336653e35,896278,65528742.0,852.0,1.3e-05,2,2,374
2025-05-11 15:59:08,6ca9412ab11477f77d7057306e64a18e3d470a0a792f6cd1ffde0810aaccc8d6,896278,467410.0,768.0,0.001643,1,1,191
2025-05-11 15:59:08,3c267b962226ea464086ddd082198188a08b2c8864bce633fe7f0848c79fedad,896278,1413690.0,564.0,0.000399,1,2,221
2025-05-11 15:59:08,1a94c2e04179a119fd2412cc8362401703fa54b22c3c6b632e077919b34ba72e,896278,85209.0,992.0,0.011642,3,1,489
2025-05-11 15:59:08,ffd99ca8a0a01836b4323dc5cebdb3704404d3b7db26a395fa637e5a31231339,896278,1374850.0,904.0,0.000658,1,2,224
2025-05-11 15:59:08,88376e55300008b2c01a024fd8926caf4031c14d40376194e0a9e0b5b4114105,896278,33154250.0,896.0,2.7e-05,1,2,222
2025-05-11 15:59:08,9b486d967653ac2b59444dc2cb449c81c8b7cada003dd5e9dea312a8816e8577,896278,50689609.0,582.0,1.1e-05,1,2,225
2025-05-11 15:59:08,81c48e23df55d98b95c68dac44c84ada612396344f4563262e61db84f4310f8c,896278,328677.0,849.0,0.002583,1,3,291
2025-05-11 15:59:08,9a60f56f57488983ef0684f033000e790827a7868e3d14546b2aac81bb69d9c6,896278,4205814.0,904.0,0.000215,1,2,222
2025-05-11 15:59:08,fbf7527c72ad75c07cbd8df79aed7f8264c0db5debd5b282cd2deab977f4f7c8,896278,2444800.0,590.0,0.000241,1,2,222
2025-05-11 15:59:08,f37176df887c4efa04bb94ead5198142077899f0a49b976ab84c67463e032688,896278,2519340.0,560.0,0.000222,1,2,222
2025-05-11 15:59:08,5bf1a9a37c99be8702070ea44417a0c6d8fce15c98ca5db8e10ec7fe8f84fbf7,896278,132267.0,675.0,0.005103,1,2,245
2025-05-11 15:59:08,edb05ced8c98d0ee54af900bedb08f6e067dde05e4b3ec872d34edc1f2b78993,896278,117535.0,675.0,0.005743,1,2,245
2025-05-13 04:23:38,0dc1dbd143dd0447435088e5df36fc003bc639ee21f79045fb41f30093e704ec,896497,42198.0,171.0,0.004052,1,2,205
2025-05-13 04:23:38,84ccfd8df82d52372d0049efc419f15da6762e0da69096b13bd4446f80679703,896497,42369.0,171.0,0.004036,1,2,205
2025-05-13 04:23:38,e0f012fef3a3b831492d3871fc858d14dec30f891c5136bbcd3d9b05341d28e2,896497,42540.0,171.0,0.00402,1,2,205
2025-05-13 04:23:38,bb669e01eb51c3ab1422f353cdfc148dfd3ed3c0371680dee36fbefe09ddc689,896497,42711.0,171.0,0.004004,1,2,205
2025-05-13 04:23:38,2d6ef29d4a91f89b9c130306f1564d2956d0ca9b3eac57757eb714231ced3bad,896497,42882.0,171.0,0.003988,1,2,205
2025-05-13 04:23:38,06facca03f1028c003e7a3ffdf689fa12cc5d30ddd51b0cebfc9ba55fc3eda28,896497,43053.0,171.0,0.003972,1,2,205
2025-05-13 04:23:38,980879793e4f617c568c3c1b0d874d39f3d10da9c74d0cc3817f89aea4f7cce2,896497,43224.0,171.0,0.003956,1,2,205
2025-05-13 04:23:38,3883732d0f0e290e1882487c10d869ac41ae9abaa8a048fa38002f255345bf8f,896497,43395.0,171.0,0.003941,1,2,205
2025-05-13 04:23:38,934cb7f31fb8cd14b0290ecad426e48189e6d3d2bd2dd38a539f3852761daba8,896497,43566.0,171.0,0.003925,1,2,205
2025-05-13 04:23:38,e911d5d5ccb3a3b80c9a65e87d9d25782835f80c34cee1904472795de22b7e25,896497,43737.0,171.0,0.00391,1,2,205
2025-05-13 04:23:38,8a8a9a76e4fd1d489f896980833b5b951373dd1885e323e1559cd1885cac5445,896497,43908.0,171.0,0.003895,1,2,205
2025-05-13 04:23:38,41fe1de0a23c51c608f03faaf41cc721b0616eab94f975fa4c88c9ebcef958b5,896497,44079.0,171.0,0.003879,1,2,205
2025-05-13 04:23:38,f18064865f957d7027b64ef459823e878db1e9234eb112f7ca595d10a2fb4c19,896497,44250.0,171.0,0.003864,1,2,205
2025-05-13 04:23:38,d874cf8b88e811fe1eb2f67d250907e20d6f668fc3cfc95b3f298e245d80a2a3,896497,44421.0,171.0,0.00385,1,2,205
2025-05-13 04:23:38,60b68e78ebe1d9a70939e1bc889c930a1a4c5a29ea8ff9acf99be1cce9d6ffb9,896497,44592.0,171.0,0.003835,1,2,205
2025-05-13 04:23:38,916cb1b2fdfc1eae6e4fdac84678b9ce64bbe638eb88808f3e91407a02a1ea9a,896497,44763.0,171.0,0.00382,1,2,205
2025-05-13 04:23:38,131e68ff93659f507b4e0b12726e03cfe3da4032e182173fe9f782f638cbd406,896497,44934.0,170.0,0.003783,1,2,205
2025-05-13 04:23:38,9ac516cc5972e0f4cd2150cb4ea1f0ec54bbd473ba48d10abe2ca0ed623b570c,896497,41026.0,219.0,0.005338,1,3,248
2025-05-13 04:23:38,b73f59b698b3ccedf5b9856dd806356a753f5220d5c051d9d986f633e83b2099,896497,41245.0,171.0,0.004146,1,2,205
2025-05-13 04:23:38,1d55ff0510215c219b74eba853b70b1964fb29f214cf92ed1bada8329f8ea0c5,896497,41416.0,171.0,0.004129,1,2,205
2025-05-13 04:23:38,bfcd3770d82fee76717ef1145f2925770ac34d3272a02bbec5c013b86c78f489,896497,41587.0,171.0,0.004112,1,2,205
2025-05-13 04:23:38,a7337338e7b3f39e53bf635b3aba8e434830c5fb218ad0e7bbc76c1a46776657,896497,41758.0,171.0,0.004095,1,2,205
2025-05-13 04:23:38,201240cd3a70776a9f67c99f127e7c7dd0bc6a687ed1e69ec1e73898b450dd03,896497,41929.0,171.0,0.004078,1,2,205
2025-05-13 04:23:38,f20af86a76cd94613a475b5ce362c9fafc7a38079f8f2fbacd07b2da3896fc47,896497,42100.0,171.0,0.004062,1,2,205
2025-05-13 04:23:38,597be58fce9f35fd616b9a53b847bdd095ca66087b54bae8441b47e8c45c6838,896497,42271.0,171.0,0.004045,1,2,205
2025-05-13 04:23:38,591543eab9dde0bc1864328d600a2df22892c9367a4056f2ecddc9e31a6d8b13,896497,42442.0,171.0,0.004029,1,2,205
2025-05-13 04:23:38,2277dc3fd84cda1ab482e72a8af1b3fafe471f97d247c99e601e725de3aea079,896497,42613.0,171.0,0.004013,1,2,205
2025-05-13 04:23:38,569340696be15fcaaaaeac579c327de149bb6f66bf96573b1bd13f5bef9c795e,896497,42784.0,171.0,0.003997,1,2,205
2025-05-13 04:23:38,f2f46c62afc4923982f41ca14217f4e6cfde7b6484fb4e4d060fd29a96679053,896497,42955.0,171.0,0.003981,1,2,205
2025-05-13 04:23:38,520b713fe167714ffe8b5cf902aa2334b3426b125aae513dd148f9ea9312a199,896497,43126.0,171.0,0.003965,1,2,205
2025-05-13 04:23:38,ff680384f8f52d7fa47fac0c315cbd5c0b79fcc2a2f105080a36a0f87ee5c8ee,896497,43297.0,171.0,0.003949,1,2,205
2025-05-13 04:23:38,2f4a822ba08f7e3fb998eea5d450f9ef3ce044d358d9787a516a9cfc529a5cc3,896497,43468.0,171.0,0.003934,1,2,205
2025-05-13 04:23:38,ccafb386e5934bc72a3b8d077f29092764e8d90693df3e482ecd5a6f7f15ab9b,896497,43639.0,171.0,0.003919,1,2,205
2025-05-13 04:23:38,114a1bf9c75b48b48ef4690ad4b66c6820a201b4af235dec715429a8132da68a,896497,43810.0,171.0,0.003903,1,2,205
2025-05-13 04:23:38,b2a1199f791bad7d1c299c87a3052c7ab469d1db87b2dcbf2429173fa4fe00a1,896497,43981.0,171.0,0.003888,1,2,205
2025-05-13 04:23:38,1693cc6301569a03dcaab53db5effb7af506612b5a75b639fd3dbad0aa9c4c13,896497,44152.0,171.0,0.003873,1,2,205
2025-05-13 04:23:38,40c1e61299fb9d6b9a7639b14421ad38ecc4218286064fe7fab1522554e8aeca,896497,44323.0,171.0,0.003858,1,2,205
2025-05-13 04:23:38,38b9e875f933f65837f61713a0f99e7c6d60157cdbb63b2937c18d2d0ce915bd,896497,44494.0,171.0,0.003843,1,2,205
2025-05-13 04:23:38,d483571816377705c13bb59dc8c735a1527d7244c91c8556dd91ba4dbeb2c98d,896497,44665.0,171.0,0.003829,1,2,205
2025-05-13 04:23:38,dff3c0336c1e1b0905e0e5b55227bdd03e6062a468aa82752c03dad19d0b8475,896497,44836.0,171.0,0.003814,1,2,205
2025-05-13 04:23:38,386c1e241d0e6fc9d4b1a6ac8c01d5ada9a4a5dce9bddc63d497940e4c16e90b,896497,45007.0,171.0,0.003799,1,2,205
2025-05-13 04:23:38,ff073768040e08e97a39233efd00bda265c2caccdf38fd118b537c9e502c8940,896497,45178.0,170.0,0.003763,1,2,205
2025-05-13 04:23:38,5af057053999e08245f21124ba5f1c00d7786635223f910572fb307af4f15570,896497,330.0,157.0,0.475758,1,2,207
2025-05-13 04:23:38,f4f07ee5ad5249f44031bc3de627a5590424e5893fdff85669fb4f612d2b42a0,896497,36733.0,141.0,0.003839,1,2,223
2025-05-13 04:23:38,051711e1555a85b57b29098309a54ec7ac30184cc36147e4aba88b9f0dad7e58,896497,330.0,157.0,0.475758,1,2,207
2025-05-13 04:23:38,4cc886dc42bd7e69515c6ba6c969c021365cd5222299a9f23bf8ba677544039c,896497,48235.0,141.0,0.002923,1,2,223
2025-05-13 04:23:38,31afa3cb8abe63248f1797667a2030d4fa4c42231b6689cd7712e6d867680f11,896497,330.0,157.0,0.475758,1,2,207
2025-05-13 04:23:38,5703d9e045582f2aec22f39b06369509db1fc32dfd2a76169f9608d4a47c1c0d,896497,18345.0,141.0,0.007686,1,2,222
2025-05-13 04:23:38,7b9f161255eae1662873ce82baed23075eb1b7af2aae7919fcf6cf04510e6b38,896497,110662.0,394.0,0.00356,3,5,564
2025-05-13 04:23:38,1c3672f58842a7d37ec83ccde275b8be915d8829efbdb83ea83728af8c49ac9c,896497,330.0,157.0,0.475758,1,2,208
2025-05-13 04:23:38,c2eaee5073ba34feca46aa6c736cbe0b2c766f369a7f781e61a0cd06375df846,896497,52505.0,141.0,0.002685,1,2,221
2025-05-13 04:23:38,7ecd310ff1172028d6252f77275ce4734e13dabc2a3ab169078883bcc13951f5,896497,157758.0,221.0,0.001401,1,3,248
2025-05-13 04:23:38,630fb8e0f1cd0fe25930747f6462a3c6af0833441283ea79a0e80440dab150ef,896497,157927.0,221.0,0.001399,1,3,248
2025-05-13 04:23:38,35440dac02ffdb506403090aeab403931c28574df7ff6b2d63177c90103725bd,896497,54290.0,221.0,0.004071,1,3,248
2025-05-13 04:23:38,2833988af955bdce99ddc3dd4107e955c607ea9570e36939609e97e2560092ac,896497,158033.0,221.0,0.001398,1,3,248
2025-05-13 04:23:38,73ab59366446b77a1497c43d57e2f6c764b728eb1fff36d0683b21e89c2f4081,896497,155713.0,221.0,0.001419,1,3,248
2025-05-13 04:23:38,910f3493cd3691b0b15bbc8f5acce87ec5944d0345fc4166ff52cd718d8d205f,896497,975572.0,221.0,0.000227,1,3,248
2025-05-13 04:23:38,bfe6336db83025074c040e98e8c1fe3514156c262393ee6124c1920673d5be17,896497,22458.0,112.0,0.004987,1,1,150
2025-05-13 04:23:38,eea347ae3f7287969b8d3ac091341cff4926c20f940728301f74c2a53f786f5e,896497,60701.0,352.0,0.005799,2,5,443
2025-05-13 04:23:38,62feffa31a79cf4d04450cd5cc2f652f8d1b580384c02e649d908853a62ddb7a,896497,131646.0,1225.0,0.009305,7,1,1079
2025-05-13 04:23:38,0e8e7ce245f28540ada8122c79b16e4c11aa5d6dd649e6fcd8c7ebb2e1255bef,896497,194386.0,290.0,0.001492,2,3,356
2025-05-13 04:23:38,2829d988873a35c56462dceadc37d6d867ca23ec0eaebe8034f93ac45f04a8ee,896497,2355.0,375.0,0.159236,5,1,578
2025-05-13 04:23:38,1ae79e479601a4b045cc83c8264e0835209bc43949efb7e67c53718f38c33fd9,896497,2355.0,375.0,0.159236,5,1,578
2025-05-13 04:23:38,212a8b5fd5ec5d6a13fc6f53dc89e500a2bac224188fb3dbdd5bd457516ca655,896497,2355.0,375.0,0.159236,5,1,578
2025-05-13 04:23:38,3cab65b163efdef94a9a2444cbf86545fbec0dc630e54078353c20fd5a218c3f,896497,2355.0,375.0,0.159236,5,1,578
2025-05-13 04:23:38,63727782191f6db666dc47f97897b7b0a6ba6ee215cade1ca8fdd6d08bc28037,896497,2355.0,375.0,0.159236,5,1,578
2025-05-13 04:23:38,958e61932713ec9a3ac1efa33f608d6fde3ab5bf801853aa033dc51f1eb27524,896497,2355.0,375.0,0.159236,5,1,578
2025-05-13 04:23:38,3314599228b8deb5745d4fc1a480955158e1abc0815e45e8e8b0160efcbc351e,896497,2355.0,375.0,0.159236,5,1,578
2025-05-13 04:23:38,a167620b7bfa1e8490e4b1420fc824dbe1aa5a7ef752e107cf017ab5dac73c0a,896497,2355.0,375.0,0.159236,5,1,578
2025-05-13 04:23:38,933f5191d4eeb776ad14ff96fcd17410c3f84ab9e489c21579d1dda399db24f7,896497,2526988.0,179.0,7.1e-05,1,2,234
2025-05-13 04:23:38,8ec37c41b4c9473c24c3bd8cc78dfb31785f4524bf1bea171380b66f531c20b9,896497,1999821.0,179.0,9e-05,1,2,234
2025-05-13 04:23:38,7546f207402641cad42082490b6a82b6610abc978fdc83ec4b60c19e1f578136,896497,29919.0,519.0,0.017347,2,2,454
2025-05-13 04:23:38,23717150d7882e7b2f1d03eed036d5a4b8e60644c9fe6aa27fc81eaa404730ad,896497,40191223.0,3426.0,8.5e-05,1,94,3195
2025-05-13 04:23:38,332d4f2829e8e01ec4cfb8316732df7cc5b2b66739a4622f5b2bc10960fcde74,896497,20455.0,198.0,0.00968,1,2,248
2025-05-13 04:23:38,9b043e19c79b01998ab09621d6cbcb67b735a7f27ec9fafce6ac44daada684f2,896497,581094.0,170.0,0.000293,1,2,223
2025-05-13 04:23:38,e3bc07ef2b70f59f0bebfa9ddc2ea0d75afbb14c1fdf8ba1eadad251438e82e9,896497,3467846364.0,170.0,0.0,1,2,223
2025-05-13 04:23:38,73a6555cdfb1de2e6cd3f413f6b749c4983dcffe2721dcf479d133a3f09eabe8,896497,18477017.0,170.0,9e-06,1,2,223
2025-05-13 04:23:38,8d5a4ec67b724dc7b8372cb5256eb8edc35805f4ee93a9912de96e51727388e5,896497,783462.0,170.0,0.000217,1,2,224
2025-05-13 04:23:38,7add84af6d8989599cce7c0d548b66d60a34e8f010df0c2aef10728d20c623ae,896497,169098679.0,170.0,1e-06,1,2,223
2025-05-13 04:23:38,fac2ce1088369e38819b3cfdb97008f9207f611bf0eb663cf0b0f6001d78197e,896497,2327630229.0,170.0,0.0,1,2,223
2025-05-13 04:23:38,08527b329013f94066365fc529591e08ab253d2069c213b46fe3f6c79ee19138,896497,135877165.0,170.0,1e-06,1,2,224
2025-05-13 04:23:38,c52d937441587ea649bf07d02944f397a1e066bafc1031e8c716dffcf04d65ba,896497,50729838.0,206.0,4e-06,1,3,253
2025-05-13 04:23:38,09775f225694e7e35076e09ea5e40822dda01c60e74d3758484266dd1b05a714,896497,53139283.0,290.0,5e-06,1,5,323
2025-05-13 04:23:38,faa8992322328ec67da900efacc563b2d80a4802e08792e347de47de2d5179d5,896497,4766331.0,169.0,3.5e-05,1,2,223
2025-05-13 04:23:38,28ff25a4ddc1d10a847366f33f883c7389d0d9e9647377f22613d79837de4bb1,896497,21019037.0,169.0,8e-06,1,2,222
2025-05-13 04:23:38,8f936eacc930d562ed7b2a096969c8ca1b3e181d66c15e26fec46f71e88e5bb0,896497,25768573.0,169.0,7e-06,1,2,222
2025-05-13 04:23:38,ed6811e83a13cfc38d1c08ba20e1ca84d774d8827dc51649937ef051b7aab9a4,896497,9684383.0,169.0,1.7e-05,1,2,222
2025-05-13 04:23:38,d13031cd33566ebd4cd6ca125150a3f0f1e7027f2511b0fc2604196ed669e588,896497,18966936.0,169.0,9e-06,1,2,223
2025-05-13 04:23:38,a7eb9dddf632f0274637edceb0d1130be3ea8d97bf7a2c213d7d9622fb4a0c81,896497,23298442.0,169.0,7e-06,1,2,222
2025-05-13 04:23:38,f875561656dc90de0799ceacd5d32aa31c148ccd5ef49a6a5eedf35317d4da7e,896497,12106406.0,169.0,1.4e-05,1,2,223
2025-05-13 04:23:38,d84c924af27a103180a010e3995ce13028def27ab99543691f6c335319b9f57b,896497,148210329.0,169.0,1e-06,1,2,222
2025-05-13 04:23:38,0a130e3fa28d0e4bd4179672513c3192aac7372e2fff1bf6ea6f71396175fc76,896497,4804102.0,169.0,3.5e-05,1,2,222
2025-05-13 04:23:38,720f6b5217938f521cd2cfdd9f0dd8b67e30c9c642a37685a722cffd4642bcfb,896497,4909011.0,169.0,3.4e-05,1,2,222
2025-05-13 04:23:38,113c3085dd9a3fa631eee20b3b0391d3015d40a09aeffd1e1cb02fb2ea545f6d,896497,33117984.0,169.0,5e-06,1,2,222
2025-05-13 04:23:38,e77f18ebd0872d3f157556a860ae9e5e9911767397e84c92350927e4d15dd068,896497,176126080.0,169.0,1e-06,1,2,222
2025-05-13 04:23:38,2cf2d28bebe9838962c8e557127aa99e22a81c776c29592cc9dcaa59627a764b,896497,14505541.0,169.0,1.2e-05,1,2,223
2025-05-13 04:23:38,4f67575e7209ba5143a8aa40c896a2be95bc7573d0b9ca84fc403e8673f61e3a,896497,1117618180.0,169.0,0.0,1,2,223
2025-05-13 04:23:38,6f3af1a53f9049b2c15586a7019685438b273d504b4b92367e34b77ab8191b35,896497,8034219.0,169.0,2.1e-05,1,2,223
2025-05-13 04:23:38,80c1bff6202a290f7bc47df8f13513f41ee26f54a270de7ce8ed2199e1282a13,896497,142677.0,169.0,0.001184,1,2,223
2025-05-13 04:23:38,91404338da6cd1e9e76bc38239f1bdbe0df0f7a7cdd688f25be58079319d1313,896497,129995831.0,169.0,1e-06,1,2,222
2025-05-14 17:04:35,81e0097fcb3ca184ce065890dbeee6ae87afb11d9d65a344fb9bf436c93d74e6,896698,50287.0,513.0,0.010201,1,1,191
2025-05-14 17:04:35,b2ce573c65944a3e7181b39dc6576bb151ae31ef79759e1b6b783e030905c52b,896698,21072892.0,4210.0,0.0002,1,41,1592
2025-05-14 17:04:35,c72d656e1df8510121b113fb84d2129baa8b24aa3d488a6a02f99d08411245c5,896698,557319.0,864.0,0.00155,1,4,286
2025-05-14 17:04:35,1f18f1f7d0f0bea395995c0f590ad8c957722a2737fa516d6a6bf31cb03d2fd0,896698,209042.0,958.0,0.004583,1,2,226
2025-05-14 17:04:35,e155601a73ac2eb4233ea3e113d606d7f1bb560260b325220a3fad74a09a1db3,896698,215192.0,958.0,0.004452,1,2,226
2025-05-14 17:04:35,e79a2eccc5eb50eb607abdf5623503de64dc6712fc3f8462894a915b6acfd35d,896698,75520745.0,598.0,8e-06,1,2,222
2025-05-14 17:04:35,7c3d3d3241aeb09d1466c5707d3237c2e61accf4a6d73718a4fee56e8dba9c41,896698,1432462.0,1044.0,0.000729,3,1,489
2025-05-14 17:04:35,fabff771f1279554940832a3a4b7fe560967ab93a3bd48bcdd918e02aa512573,896698,47357.0,472.0,0.009967,1,1,193
2025-05-14 17:04:35,f0a634f8015bb42e4fad8d0c077d94d39cdf7eb880822f5767cd0b239879f285,896698,1021537.0,1588.0,0.001555,2,5,500
2025-05-14 17:04:35,20c3dddf9db2c49a30a8a42224c2c3106d6932b6f618417b1d423fefd6555d65,896698,1040562.0,450.0,0.000432,1,2,222
2025-05-14 17:04:35,905cf9ff9bebd236871d6044768a09c8a8295a865a4e5c80c73f2694ed28df63,896698,1447448.0,600.0,0.000415,1,2,222
2025-05-14 17:04:35,1f117de87b41dbcbbeb4759a0f6793bfba3ee6208c469977bc8418f9f735f5ab,896698,95632.0,958.0,0.010018,1,2,225
2025-05-14 17:04:35,43d070fcfdf24e41d320fecca3d3bc7a60a47d5c32d6ecf483ace70ef62f8aa7,896698,23125.0,958.0,0.041427,1,2,225
2025-05-14 17:04:35,cdcedd6adcaab7c021cff795c25c284a11a7982462e49b2e758098d4d293210c,896698,24197191.0,958.0,4e-05,1,2,225
2025-05-14 17:04:35,cdb1e5fbd04bf1eda0ec50b444da9ac5962383273aafa4980a9eb6a2f6385932,896698,964600.0,601.0,0.000623,1,2,222
2025-05-14 17:04:35,aa3c0199e06dcdf18634f59dfdd78dccd3ee99afd1c94946a26bb6e212ceb978,896698,4315822.0,1408.0,0.000326,1,8,412
2025-05-14 17:04:35,d7bb64e5f5f23bee2a0ff323c33352ce26b24bac0e43e4aeb67e1127594c22f9,896698,2449346.0,654.0,0.000267,1,2,234
2025-05-14 17:04:35,5cad3b4df0e3a4dc1863ed79cb1e51f285da8c759602b4146cc21ee069516ecb,896698,2212482326.0,654.0,0.0,1,2,235
2025-05-14 17:04:35,ee1640ae7f30eb42d13982ff0fa3cc250dcc37a3ac268d00c13c87af89326b61,896698,4816500.0,654.0,0.000136,1,2,234
2025-05-14 17:04:35,c230058f586253847f3e3c31cab5600927f7e9d084e0be4bdc0a753d9fd7d25d,896698,99756.0,1347.0,0.013503,3,1,511
2025-05-14 17:04:35,554db17e0141b08614c48cf1eedff6cdb37bc3a431f7208d5e68835f1a0ab0f8,896698,16760120.0,1073.0,6.4e-05,1,7,379
2025-05-14 17:04:35,0ef23c42a300ae6fea76913e189c27c57482ad8bffc018006b344d7c6f8be574,896698,2710167.0,1636.0,0.000604,5,1,786
2025-05-14 17:04:35,5d3ff79948df379eac83897fbaf05ee5d2514214b77719539a4052e1a2cfb216,896698,68415462.0,2088.0,3.1e-05,1,13,569
2025-05-14 17:04:35,af49dc6bdd61d4ae468f46dd611fbe3d8ba542a374672de5b1a2f9cb0ef31937,896698,432883.0,1211.0,0.002798,1,2,225
2025-05-14 17:04:35,4494333bad8c00a0b46a5c70754524c4930a325fe0ffa67866569de1e327ef2f,896698,43332255.0,609.0,1.4e-05,3,2,524
2025-05-14 17:04:35,c6d588e4b94f912b52d40d79bf5f799a156d6a5e0f8089acbca305e07f7a42ef,896698,32024.0,958.0,0.029915,1,2,223
2025-05-14 17:04:35,11b93f5ac059f5eb996ca96c6d26402d7dbb5b032c9ed4b931af08f24d9aa683,896698,141013.0,958.0,0.006794,1,2,223
2025-05-14 17:04:35,9d9fe64d7114e69e52337869a3542357beefb0fc747f561f4a468ad5835a7e1b,896698,115540.0,958.0,0.008292,1,2,223
2025-05-14 17:04:35,86a13b278e0cd56e4eb430fcb8f877dc152799ba5b39eb020c77afe80f149330,896698,141421127.0,2781.0,2e-05,8,3,1292
2025-05-14 17:04:35,544793ac7fba446b9901252ee585f201cf710387e708fd279dbc57d0ce202ab4,896698,188489.0,1060.0,0.005624,2,2,373
2025-05-14 17:04:35,7a085631960fb1893e18b395014934090118e0b4d1d414f6f09a88ac9a2f8e3d,896698,354302.0,705.0,0.00199,1,2,222
2025-05-14 17:04:35,6e17eb499a2681bb6d379b5e06e2094ff6e01713d5950503daf57bb6d41638f5,896698,252947.0,576.0,0.002277,1,2,225
2025-05-14 17:04:35,936a46bf6cabe06088a7563f271c5acc16e56cad98df0fca5cedfc807d75587a,896698,880007.0,720.0,0.000818,1,2,225
2025-05-14 17:04:35,0eb5ea05e612739ea439b967085e60f98276d4e935a1eaa372bd5b5fc2c3ae9a,896698,565023.0,564.0,0.000998,1,2,222
2025-05-14 17:04:35,70bfe24029b6bf4d64026753aa26b0f9a0274671565cfe854da40179bdb69809,896698,1215327.0,564.0,0.000464,1,2,222
2025-05-14 17:04:35,1fb3c2c8c1256069c026349c1b09fb5dc95c2a4792541fc73a12f595e781849d,896698,899687.0,564.0,0.000627,1,2,222
2025-05-14 17:04:35,6c25a4b64cd60a90ef84686ac622df122151bf28995c01ed9eb1d92b45555814,896698,2254291.0,423.0,0.000188,1,2,222
2025-05-14 17:04:35,c5ec4c90798d92535b2219ba7d8a2a3f1a64c27865e262d2880b48c1b8317a83,896698,778799.0,615.0,0.00079,1,2,194
2025-05-14 17:04:35,8a3931a449fb67f096703235f4fb149e67b5ff4f3e53709921227e0217ce5a8a,896698,81878.0,486.0,0.005936,1,1,195
2025-05-14 17:04:35,84ec38616d86c2274297e2f1cb346a745e3f793c4a2e0dac6c91951bd2ea204c,896698,715562.0,616.0,0.000861,1,2,194
2025-05-14 17:04:35,04f620d4d74a562933e37a54c735e6c9443903a0ecc4b231534b2d22755b25ed,896698,1602686367.0,918.0,1e-06,1,2,405
2025-05-14 17:04:35,8a79aa1c3f0d8079d58b108ee9676bbab5c6a5cee70efc8a0f572431d7b91654,896698,149188.0,612.0,0.004102,1,2,223
2025-05-14 17:04:35,7ab21432d7e7a6c8e59dfa809cc6162afeeafa52c4b95afe84cc42a3c76ee598,896698,42610.0,1390.0,0.032621,1,1,188
2025-05-14 17:04:35,80c931553bc3ba0440a458dd466f4f6a2cd9f96012d191c84150dfc9de814d5c,896698,1755500.0,1500.0,0.000854,2,1,342
2025-05-14 17:04:35,bc4d57b368d69d50af7b3a5029bc9a14a525b0ac579735b4ee6bed6da0d40cff,896698,257950.0,1050.0,0.004071,1,1,191
2025-05-14 17:04:35,3a2d6505e46b17f8e574c37e279029f7fc9f187ef04ab1e1a1b0eb15078eedf5,896698,33425.0,1575.0,0.04712,1,1,192
2025-05-14 17:04:35,c58bffe6b7551f40c3efebdda2510c5562bfa0c5387d74a670ea14668015dcad,896698,97208388.0,5584.0,5.7e-05,1,45,1633
2025-05-14 17:04:35,ae9a2a001d627f162e4f5cd397a1c47ef14e419101153c18fd59ca7b59c73830,896698,93495.0,975.0,0.010428,1,2,226
2025-05-14 17:04:35,a270a5909b7f44e29b4266d4179a2b5086c4c3b5fddbe69a64a180d5fa6c8fa7,896698,359992.0,958.0,0.002661,1,2,222
2025-05-14 17:04:35,a1f2b406a65f5f835fa8dfcc91859f416ada820823d80695569ec89dc02ff550,896698,190211.0,984.0,0.005173,1,2,393
2025-05-14 17:04:35,91d1a7bf8d783a46f57a97796bf2c1e774c51808ca1f29a32eb4d9a08c0ce44a,896698,27300.0,610.0,0.022344,1,2,222
2025-05-14 17:04:35,6f32ff81cf1bfa87df89bda3cc42572bbe1b5db5ff1f87d8cc00eebfadd73b81,896698,96086528.0,819.0,9e-06,1,2,379
2025-05-14 17:04:35,5a80bdcee3273f9921d2b7e1d0014da2e909a2cf681b0c7ce7650a09bcc5b03e,896698,1934.0,477.0,0.246639,1,1,191
2025-05-14 17:04:35,d9d19a186d470306b5ad07b71681a2c1787227617dd9024b422b5e0cef1e5dee,896698,262589.0,616.0,0.002346,1,2,193
2025-05-14 17:04:35,180164de56f6365e3eacccb1e0ca124d7f0d9c1e151fde3bd032cbeddb5816ce,896698,85352.0,616.0,0.007217,1,2,193
2025-05-14 17:04:35,9732c79e8d451b36e0c60747859823719dfec83b14fb4f4aa84f60acae02c7ab,896698,725357.0,616.0,0.000849,1,2,193
2025-05-14 17:04:35,2727d0282d2c8a5abcefd734d538abd3fcb4b2934a696aaca4cd16500f7c124e,896698,83972.0,616.0,0.007336,1,2,193
2025-05-14 17:04:35,4c0a25229accad7f01758634451bd19f34a4180619e9c5c6bfe09e557dd00f69,896698,29890.0,1197.0,0.040047,2,1,363
2025-05-14 17:04:35,48a24e8e3bd2eca7dc4d3c16c454633b71b122fa76dca5ecc3482eb4b08753b7,896698,3084564.0,6294.0,0.00204,11,11,3615
2025-05-14 17:04:35,76062d43b6bfb576dabc8036ff9b93fc346e38bf59c70aece824742889db29dc,896698,29306.0,612.0,0.020883,1,2,222
2025-05-14 17:04:35,e2d6b2c3e5a6a7a06e886a9f0014f7ff99ab08a36974b4667d27fd49634633bd,896698,201926.0,612.0,0.003031,1,2,223
2025-05-14 17:04:35,2131030c0f48d41bf3a569cd2631f1bf40bf540f577ad55e6c4c024dd9556852,896698,63171.0,612.0,0.009688,1,2,223
2025-05-14 17:04:35,b99d37123a87febe5e54b48015b5708e94b28c9d903e653f231524bde0711171,896698,2948260.0,1055.0,0.000358,1,2,223
2025-05-14 17:04:35,78790796f06bc0138edf6674d9049e5b9205a22f3098a266280df1a01e048327,896698,3905712.0,465.0,0.000119,2,2,372
2025-05-14 17:04:35,996235475dd2b26491a215ab728e5a2b32d480df2fc5a1bb96016ef94b3a6b95,896698,5677039.0,1265.0,0.000223,2,2,373
2025-05-14 17:04:35,7b3f855ba2e5059a74a93f7c210a720fd0444b494a39881eb3e59b711375b411,896698,12300182.0,1265.0,0.000103,2,2,373
2025-05-14 17:04:35,b83330c6f74b034709ffa8435027ac61b12ba28cc833e4c72cc577393dc573ea,896698,859511.0,1374.0,0.001599,4,1,640
2025-05-14 17:04:35,3af6a843a6efa3dd89f78b45d9ef9c5db9475216cad2d8f8275538b7f9e0b437,896698,276915.0,1068.0,0.003857,3,1,488
2025-05-14 17:04:35,0b8929434f606d44308e8771af9e07743b8d0ce90c851d6dbf7c210a56c07dc9,896698,2162987.0,1504.0,0.000695,4,2,669
2025-05-14 17:04:35,6ceaba0abc13b382dd2aea53838e832ddcad46b496d799db8b4383b8f987ea8e,896698,93005821.0,615.0,7e-06,1,2,222
2025-05-14 17:04:35,04a615933f8b33e86c325e0d59cd6ae013ad1b71675b3c73ea6e7f907451b7b5,896698,108098.0,1218.0,0.011268,3,2,522
2025-05-14 17:04:35,6b429dbaf733bd1fca618d29af635bf562221f9d7b9a048b389ec05ce819c7e3,896698,93219.0,926.0,0.009934,1,1,214
2025-05-14 17:04:35,066be452cb22050bf9cf68208a3dd0c1b5c7c8bdab0cf04bac46883534bbf547,896698,62939528.0,2802.0,4.5e-05,2,10,629
2025-05-14 17:04:35,304dc7adadd996ca9d9869b61080ebfd2d5d00a6bb1e268df300f8dc4d5b5bc6,896698,62565510.0,745.0,1.2e-05,1,4,289
2025-05-14 17:04:35,796fbdd951083334c4ea88db30758603f891217544b7703f61220f5214db3c23,896698,2260683.0,734.0,0.000325,1,7,387
2025-05-14 17:04:35,6e1335bd1e15849b4de22ac6076314d00e4f655e928df1e594602adf946bee3d,896698,179291.0,2255.0,0.012577,3,2,516
2025-05-14 17:04:35,74a4652ac04b213c8e508525cc7586086d3cb38a25676e6a0bed51ed9e6974b9,896698,902242.0,854.0,0.000947,1,1,195
2025-05-14 17:04:35,d6c8a836756c97f32040867edf06a0742fc3f9b3382b422807e23b440fdc69a5,896698,903096.0,121.0,0.000134,1,1,191
2025-05-14 17:04:35,aa4ae4081c3fa1edc9d8a852f537b7b1c2574e00ec2f04ba38dc4f4c56451db6,896698,494519.0,975.0,0.001972,1,2,223
2025-05-14 17:04:35,834f4b0c67fe8520a563bea27de1519428630527323795548b84f3ff5bf15920,896698,340774.0,975.0,0.002861,1,2,223
2025-05-14 17:04:35,b5e706cee14798bc0d0c8b6d68d71f45597c5bc69752578409e44f91bdd4c0b8,896698,59443.0,929.0,0.015628,2,2,374
2025-05-14 17:04:35,dcd161bde1c21800892a4ce4a6b4c100c711cc7e75732c4b8adb3d7885430957,896698,30209528.0,929.0,3.1e-05,2,2,374
2025-05-14 17:04:35,6c8160389306f4c59f8161360c073e2b5d81a2af0aecdfb321f1c9f176adb233,896698,151220.0,929.0,0.006143,2,2,374
2025-05-14 17:04:35,d033516253a48e39c6739bd5dada85c0803ef90d9455592bc0ad4eca5df0e9b3,896698,57105.0,754.0,0.013204,1,2,222
2025-05-14 17:04:35,3afef0a12f4873bea588acd237a03969fd61ceb5f35a610a46f42cdf91ab3c31,896698,231882.0,482.0,0.002079,1,2,223
2025-05-14 17:04:35,08cd562b03024f215c1dde5d9feefd2e006b8cd96e08dfb2dea993c444999cf5,896698,305588.0,902.0,0.002952,2,1,339
2025-05-14 17:04:35,c33b3841d2df55fdbea57078feeaf38c51b0a904b47fc6be69195915ddfa6417,896698,123870.0,617.0,0.004981,1,1,191
2025-05-14 17:04:35,22aea6305f0d63af7374d27a96c7d13cf0ba6bfa6f6ce34d5caccff4d191e6e9,896698,99996381.0,619.0,6e-06,1,3,254
2025-05-14 17:04:35,5b54735ae61908a7306220facb66dd11083a14a8a43dccad7c541167bf4fdf0e,896698,1162941.0,914.0,0.000786,1,2,223
2025-05-14 17:04:35,2c0033584fcc452d781ab64ebd1e8c2ad21a85eca3fc5c8d180fee3546f310c0,896698,1335318.0,322.0,0.000241,1,2,223
2025-05-14 17:04:35,86c3c7efe36b0f241109ef69ef5e6d63b76f700720665e1e3bd59c90424e1515,896698,449690.0,1026.0,0.002282,2,1,565
2025-05-14 17:04:35,8b88982f9ddd3a880aac42e30aa2ebca5ee076f952a0f59eb8c8c7180f5e58f9,896698,266303.0,929.0,0.003489,2,2,373
2025-05-14 17:04:35,09495b6bcf3f33bc34dc93eca5eed60310ad5520e1833d7efd7f48d7c8c57732,896698,2406638.0,929.0,0.000386,2,2,373
2025-05-14 17:04:35,cabf632e7a02ac4fdbec9fd3f69d92a28424762eebe960a607099a7726c0a259,896698,631648.0,982.0,0.001555,1,2,223
2025-05-14 17:04:35,f56a5c6657b0bbe8860d2ff538e4dc242934ff3471da6ce529046d20ead5d15f,896698,826238.0,702.0,0.00085,1,2,222
2025-05-14 17:04:35,a18f0341c33ce4f216d05a2a96be57cda333cf9fe11687764eb15b16b1e865f6,896698,46862957.0,6122.0,0.000131,1,42,1681
2025-05-14 17:04:35,905428af7121f038a624404bcfb25e38304e31cee754bd6c528b01bf4247bb78,896698,93604.0,598.0,0.006389,1,1,191
2025-05-14 17:04:35,ec9226b5c8b14406e826232ab5829ae61e5ed0a25c039bd42708311a11ab3f7a,896698,3387768696.0,508.0,0.0,1,2,223
2025-05-14 17:04:35,a422da9c681947882ca6b33826d7ce9cf7370c5c81c33fde24ecbb2e9e0e9cd7,896698,2690129.0,3272.0,0.001216,7,3,1305
2025-05-14 17:04:35,11d188d2cdd55402547403638243573d5dc223a96af4059d7ac9fb9cfbfd5b91,896698,302129.0,1270.0,0.004204,2,3,450
2025-05-14 17:04:35,81e0097fcb3ca184ce065890dbeee6ae87afb11d9d65a344fb9bf436c93d74e6,896698,50287.0,513.0,0.010201,1,1,191
2025-05-14 17:04:35,b2ce573c65944a3e7181b39dc6576bb151ae31ef79759e1b6b783e030905c52b,896698,21072892.0,4210.0,0.0002,1,41,1592
2025-05-14 17:04:35,c72d656e1df8510121b113fb84d2129baa8b24aa3d488a6a02f99d08411245c5,896698,557319.0,864.0,0.00155,1,4,286
2025-05-14 17:04:35,1f18f1f7d0f0bea395995c0f590ad8c957722a2737fa516d6a6bf31cb03d2fd0,896698,209042.0,958.0,0.004583,1,2,226
2025-05-14 17:04:35,e155601a73ac2eb4233ea3e113d606d7f1bb560260b325220a3fad74a09a1db3,896698,215192.0,958.0,0.004452,1,2,226
2025-05-14 17:04:35,e79a2eccc5eb50eb607abdf5623503de64dc6712fc3f8462894a915b6acfd35d,896698,75520745.0,598.0,8e-06,1,2,222
2025-05-14 17:04:35,7c3d3d3241aeb09d1466c5707d3237c2e61accf4a6d73718a4fee56e8dba9c41,896698,1432462.0,1044.0,0.000729,3,1,489
2025-05-14 17:04:35,fabff771f1279554940832a3a4b7fe560967ab93a3bd48bcdd918e02aa512573,896698,47357.0,472.0,0.009967,1,1,193
2025-05-14 17:04:35,f0a634f8015bb42e4fad8d0c077d94d39cdf7eb880822f5767cd0b239879f285,896698,1021537.0,1588.0,0.001555,2,5,500
2025-05-14 17:04:35,20c3dddf9db2c49a30a8a42224c2c3106d6932b6f618417b1d423fefd6555d65,896698,1040562.0,450.0,0.000432,1,2,222
2025-05-14 17:04:35,905cf9ff9bebd236871d6044768a09c8a8295a865a4e5c80c73f2694ed28df63,896698,1447448.0,600.0,0.000415,1,2,222
2025-05-14 17:04:35,1f117de87b41dbcbbeb4759a0f6793bfba3ee6208c469977bc8418f9f735f5ab,896698,95632.0,958.0,0.010018,1,2,225
2025-05-14 17:04:35,43d070fcfdf24e41d320fecca3d3bc7a60a47d5c32d6ecf483ace70ef62f8aa7,896698,23125.0,958.0,0.041427,1,2,225
2025-05-14 17:04:35,cdcedd6adcaab7c021cff795c25c284a11a7982462e49b2e758098d4d293210c,896698,24197191.0,958.0,4e-05,1,2,225
2025-05-14 17:04:35,cdb1e5fbd04bf1eda0ec50b444da9ac5962383273aafa4980a9eb6a2f6385932,896698,964600.0,601.0,0.000623,1,2,222
2025-05-14 17:04:35,aa3c0199e06dcdf18634f59dfdd78dccd3ee99afd1c94946a26bb6e212ceb978,896698,4315822.0,1408.0,0.000326,1,8,412
2025-05-14 17:04:35,d7bb64e5f5f23bee2a0ff323c33352ce26b24bac0e43e4aeb67e1127594c22f9,896698,2449346.0,654.0,0.000267,1,2,234
2025-05-14 17:04:35,5cad3b4df0e3a4dc1863ed79cb1e51f285da8c759602b4146cc21ee069516ecb,896698,2212482326.0,654.0,0.0,1,2,235
2025-05-14 17:04:35,ee1640ae7f30eb42d13982ff0fa3cc250dcc37a3ac268d00c13c87af89326b61,896698,4816500.0,654.0,0.000136,1,2,234
2025-05-14 17:04:35,c230058f586253847f3e3c31cab5600927f7e9d084e0be4bdc0a753d9fd7d25d,896698,99756.0,1347.0,0.013503,3,1,511
2025-05-14 17:04:35,554db17e0141b08614c48cf1eedff6cdb37bc3a431f7208d5e68835f1a0ab0f8,896698,16760120.0,1073.0,6.4e-05,1,7,379
2025-05-14 17:04:35,0ef23c42a300ae6fea76913e189c27c57482ad8bffc018006b344d7c6f8be574,896698,2710167.0,1636.0,0.000604,5,1,786
2025-05-14 17:04:35,5d3ff79948df379eac83897fbaf05ee5d2514214b77719539a4052e1a2cfb216,896698,68415462.0,2088.0,3.1e-05,1,13,569
2025-05-14 17:04:35,af49dc6bdd61d4ae468f46dd611fbe3d8ba542a374672de5b1a2f9cb0ef31937,896698,432883.0,1211.0,0.002798,1,2,225
2025-05-14 17:04:35,4494333bad8c00a0b46a5c70754524c4930a325fe0ffa67866569de1e327ef2f,896698,43332255.0,609.0,1.4e-05,3,2,524
2025-05-14 17:04:35,c6d588e4b94f912b52d40d79bf5f799a156d6a5e0f8089acbca305e07f7a42ef,896698,32024.0,958.0,0.029915,1,2,223
2025-05-14 17:04:35,11b93f5ac059f5eb996ca96c6d26402d7dbb5b032c9ed4b931af08f24d9aa683,896698,141013.0,958.0,0.006794,1,2,223
2025-05-14 17:04:35,9d9fe64d7114e69e52337869a3542357beefb0fc747f561f4a468ad5835a7e1b,896698,115540.0,958.0,0.008292,1,2,223
2025-05-14 17:04:35,86a13b278e0cd56e4eb430fcb8f877dc152799ba5b39eb020c77afe80f149330,896698,141421127.0,2781.0,2e-05,8,3,1292
2025-05-14 17:04:35,544793ac7fba446b9901252ee585f201cf710387e708fd279dbc57d0ce202ab4,896698,188489.0,1060.0,0.005624,2,2,373
2025-05-14 17:04:35,7a085631960fb1893e18b395014934090118e0b4d1d414f6f09a88ac9a2f8e3d,896698,354302.0,705.0,0.00199,1,2,222
2025-05-14 17:04:35,6e17eb499a2681bb6d379b5e06e2094ff6e01713d5950503daf57bb6d41638f5,896698,252947.0,576.0,0.002277,1,2,225
2025-05-14 17:04:35,936a46bf6cabe06088a7563f271c5acc16e56cad98df0fca5cedfc807d75587a,896698,880007.0,720.0,0.000818,1,2,225
2025-05-14 17:04:35,0eb5ea05e612739ea439b967085e60f98276d4e935a1eaa372bd5b5fc2c3ae9a,896698,565023.0,564.0,0.000998,1,2,222
2025-05-14 17:04:35,70bfe24029b6bf4d64026753aa26b0f9a0274671565cfe854da40179bdb69809,896698,1215327.0,564.0,0.000464,1,2,222
2025-05-14 17:04:35,1fb3c2c8c1256069c026349c1b09fb5dc95c2a4792541fc73a12f595e781849d,896698,899687.0,564.0,0.000627,1,2,222
2025-05-14 17:04:35,6c25a4b64cd60a90ef84686ac622df122151bf28995c01ed9eb1d92b45555814,896698,2254291.0,423.0,0.000188,1,2,222
2025-05-14 17:04:35,c5ec4c90798d92535b2219ba7d8a2a3f1a64c27865e262d2880b48c1b8317a83,896698,778799.0,615.0,0.00079,1,2,194
2025-05-14 17:04:35,8a3931a449fb67f096703235f4fb149e67b5ff4f3e53709921227e0217ce5a8a,896698,81878.0,486.0,0.005936,1,1,195
2025-05-14 17:04:35,84ec38616d86c2274297e2f1cb346a745e3f793c4a2e0dac6c91951bd2ea204c,896698,715562.0,616.0,0.000861,1,2,194
2025-05-14 17:04:35,04f620d4d74a562933e37a54c735e6c9443903a0ecc4b231534b2d22755b25ed,896698,1602686367.0,918.0,1e-06,1,2,405
2025-05-14 17:04:35,8a79aa1c3f0d8079d58b108ee9676bbab5c6a5cee70efc8a0f572431d7b91654,896698,149188.0,612.0,0.004102,1,2,223
2025-05-14 17:04:35,7ab21432d7e7a6c8e59dfa809cc6162afeeafa52c4b95afe84cc42a3c76ee598,896698,42610.0,1390.0,0.032621,1,1,188
2025-05-14 17:04:35,80c931553bc3ba0440a458dd466f4f6a2cd9f96012d191c84150dfc9de814d5c,896698,1755500.0,1500.0,0.000854,2,1,342
2025-05-14 17:04:35,bc4d57b368d69d50af7b3a5029bc9a14a525b0ac579735b4ee6bed6da0d40cff,896698,257950.0,1050.0,0.004071,1,1,191
2025-05-14 17:04:35,3a2d6505e46b17f8e574c37e279029f7fc9f187ef04ab1e1a1b0eb15078eedf5,896698,33425.0,1575.0,0.04712,1,1,192
2025-05-14 17:04:35,c58bffe6b7551f40c3efebdda2510c5562bfa0c5387d74a670ea14668015dcad,896698,97208388.0,5584.0,5.7e-05,1,45,1633
2025-05-14 17:04:35,ae9a2a001d627f162e4f5cd397a1c47ef14e419101153c18fd59ca7b59c73830,896698,93495.0,975.0,0.010428,1,2,226
2025-05-14 17:04:35,a270a5909b7f44e29b4266d4179a2b5086c4c3b5fddbe69a64a180d5fa6c8fa7,896698,359992.0,958.0,0.002661,1,2,222
2025-05-14 17:04:35,a1f2b406a65f5f835fa8dfcc91859f416ada820823d80695569ec89dc02ff550,896698,190211.0,984.0,0.005173,1,2,393
2025-05-14 17:04:35,91d1a7bf8d783a46f57a97796bf2c1e774c51808ca1f29a32eb4d9a08c0ce44a,896698,27300.0,610.0,0.022344,1,2,222
2025-05-14 17:04:35,6f32ff81cf1bfa87df89bda3cc42572bbe1b5db5ff1f87d8cc00eebfadd73b81,896698,96086528.0,819.0,9e-06,1,2,379
2025-05-14 17:04:35,5a80bdcee3273f9921d2b7e1d0014da2e909a2cf681b0c7ce7650a09bcc5b03e,896698,1934.0,477.0,0.246639,1,1,191
2025-05-14 17:04:35,d9d19a186d470306b5ad07b71681a2c1787227617dd9024b422b5e0cef1e5dee,896698,262589.0,616.0,0.002346,1,2,193
2025-05-14 17:04:35,180164de56f6365e3eacccb1e0ca124d7f0d9c1e151fde3bd032cbeddb5816ce,896698,85352.0,616.0,0.007217,1,2,193
2025-05-14 17:04:35,9732c79e8d451b36e0c60747859823719dfec83b14fb4f4aa84f60acae02c7ab,896698,725357.0,616.0,0.000849,1,2,193
2025-05-14 17:04:35,2727d0282d2c8a5abcefd734d538abd3fcb4b2934a696aaca4cd16500f7c124e,896698,83972.0,616.0,0.007336,1,2,193
2025-05-14 17:04:35,4c0a25229accad7f01758634451bd19f34a4180619e9c5c6bfe09e557dd00f69,896698,29890.0,1197.0,0.040047,2,1,363
2025-05-14 17:04:35,48a24e8e3bd2eca7dc4d3c16c454633b71b122fa76dca5ecc3482eb4b08753b7,896698,3084564.0,6294.0,0.00204,11,11,3615
2025-05-14 17:04:35,76062d43b6bfb576dabc8036ff9b93fc346e38bf59c70aece824742889db29dc,896698,29306.0,612.0,0.020883,1,2,222
2025-05-14 17:04:35,e2d6b2c3e5a6a7a06e886a9f0014f7ff99ab08a36974b4667d27fd49634633bd,896698,201926.0,612.0,0.003031,1,2,223
2025-05-14 17:04:35,2131030c0f48d41bf3a569cd2631f1bf40bf540f577ad55e6c4c024dd9556852,896698,63171.0,612.0,0.009688,1,2,223
2025-05-14 17:04:35,b99d37123a87febe5e54b48015b5708e94b28c9d903e653f231524bde0711171,896698,2948260.0,1055.0,0.000358,1,2,223
2025-05-14 17:04:35,78790796f06bc0138edf6674d9049e5b9205a22f3098a266280df1a01e048327,896698,3905712.0,465.0,0.000119,2,2,372
2025-05-14 17:04:35,996235475dd2b26491a215ab728e5a2b32d480df2fc5a1bb96016ef94b3a6b95,896698,5677039.0,1265.0,0.000223,2,2,373
2025-05-14 17:04:35,7b3f855ba2e5059a74a93f7c210a720fd0444b494a39881eb3e59b711375b411,896698,12300182.0,1265.0,0.000103,2,2,373
2025-05-14 17:04:35,b83330c6f74b034709ffa8435027ac61b12ba28cc833e4c72cc577393dc573ea,896698,859511.0,1374.0,0.001599,4,1,640
2025-05-14 17:04:35,3af6a843a6efa3dd89f78b45d9ef9c5db9475216cad2d8f8275538b7f9e0b437,896698,276915.0,1068.0,0.003857,3,1,488
2025-05-14 17:04:35,0b8929434f606d44308e8771af9e07743b8d0ce90c851d6dbf7c210a56c07dc9,896698,2162987.0,1504.0,0.000695,4,2,669
2025-05-14 17:04:35,6ceaba0abc13b382dd2aea53838e832ddcad46b496d799db8b4383b8f987ea8e,896698,93005821.0,615.0,7e-06,1,2,222
2025-05-14 17:04:35,04a615933f8b33e86c325e0d59cd6ae013ad1b71675b3c73ea6e7f907451b7b5,896698,108098.0,1218.0,0.011268,3,2,522
2025-05-14 17:04:35,6b429dbaf733bd1fca618d29af635bf562221f9d7b9a048b389ec05ce819c7e3,896698,93219.0,926.0,0.009934,1,1,214
2025-05-14 17:04:35,066be452cb22050bf9cf68208a3dd0c1b5c7c8bdab0cf04bac46883534bbf547,896698,62939528.0,2802.0,4.5e-05,2,10,629
2025-05-14 17:04:35,304dc7adadd996ca9d9869b61080ebfd2d5d00a6bb1e268df300f8dc4d5b5bc6,896698,62565510.0,745.0,1.2e-05,1,4,289
2025-05-14 17:04:35,796fbdd951083334c4ea88db30758603f891217544b7703f61220f5214db3c23,896698,2260683.0,734.0,0.000325,1,7,387
2025-05-14 17:04:35,6e1335bd1e15849b4de22ac6076314d00e4f655e928df1e594602adf946bee3d,896698,179291.0,2255.0,0.012577,3,2,516
2025-05-14 17:04:35,74a4652ac04b213c8e508525cc7586086d3cb38a25676e6a0bed51ed9e6974b9,896698,902242.0,854.0,0.000947,1,1,195
2025-05-14 17:04:35,d6c8a836756c97f32040867edf06a0742fc3f9b3382b422807e23b440fdc69a5,896698,903096.0,121.0,0.000134,1,1,191
2025-05-14 17:04:35,aa4ae4081c3fa1edc9d8a852f537b7b1c2574e00ec2f04ba38dc4f4c56451db6,896698,494519.0,975.0,0.001972,1,2,223
2025-05-14 17:04:35,834f4b0c67fe8520a563bea27de1519428630527323795548b84f3ff5bf15920,896698,340774.0,975.0,0.002861,1,2,223
2025-05-14 17:04:35,b5e706cee14798bc0d0c8b6d68d71f45597c5bc69752578409e44f91bdd4c0b8,896698,59443.0,929.0,0.015628,2,2,374
2025-05-14 17:04:35,dcd161bde1c21800892a4ce4a6b4c100c711cc7e75732c4b8adb3d7885430957,896698,30209528.0,929.0,3.1e-05,2,2,374
2025-05-14 17:04:35,6c8160389306f4c59f8161360c073e2b5d81a2af0aecdfb321f1c9f176adb233,896698,151220.0,929.0,0.006143,2,2,374
2025-05-14 17:04:35,d033516253a48e39c6739bd5dada85c0803ef90d9455592bc0ad4eca5df0e9b3,896698,57105.0,754.0,0.013204,1,2,222
2025-05-14 17:04:35,3afef0a12f4873bea588acd237a03969fd61ceb5f35a610a46f42cdf91ab3c31,896698,231882.0,482.0,0.002079,1,2,223
2025-05-14 17:04:35,08cd562b03024f215c1dde5d9feefd2e006b8cd96e08dfb2dea993c444999cf5,896698,305588.0,902.0,0.002952,2,1,339
2025-05-14 17:04:35,c33b3841d2df55fdbea57078feeaf38c51b0a904b47fc6be69195915ddfa6417,896698,123870.0,617.0,0.004981,1,1,191
2025-05-14 17:04:35,22aea6305f0d63af7374d27a96c7d13cf0ba6bfa6f6ce34d5caccff4d191e6e9,896698,99996381.0,619.0,6e-06,1,3,254
2025-05-14 17:04:35,5b54735ae61908a7306220facb66dd11083a14a8a43dccad7c541167bf4fdf0e,896698,1162941.0,914.0,0.000786,1,2,223
2025-05-14 17:04:35,2c0033584fcc452d781ab64ebd1e8c2ad21a85eca3fc5c8d180fee3546f310c0,896698,1335318.0,322.0,0.000241,1,2,223
2025-05-14 17:04:35,86c3c7efe36b0f241109ef69ef5e6d63b76f700720665e1e3bd59c90424e1515,896698,449690.0,1026.0,0.002282,2,1,565
2025-05-14 17:04:35,8b88982f9ddd3a880aac42e30aa2ebca5ee076f952a0f59eb8c8c7180f5e58f9,896698,266303.0,929.0,0.003489,2,2,373
2025-05-14 17:04:35,09495b6bcf3f33bc34dc93eca5eed60310ad5520e1833d7efd7f48d7c8c57732,896698,2406638.0,929.0,0.000386,2,2,373
2025-05-14 17:04:35,cabf632e7a02ac4fdbec9fd3f69d92a28424762eebe960a607099a7726c0a259,896698,631648.0,982.0,0.001555,1,2,223
2025-05-14 17:04:35,f56a5c6657b0bbe8860d2ff538e4dc242934ff3471da6ce529046d20ead5d15f,896698,826238.0,702.0,0.00085,1,2,222
2025-05-14 17:04:35,a18f0341c33ce4f216d05a2a96be57cda333cf9fe11687764eb15b16b1e865f6,896698,46862957.0,6122.0,0.000131,1,42,1681
2025-05-14 17:04:35,905428af7121f038a624404bcfb25e38304e31cee754bd6c528b01bf4247bb78,896698,93604.0,598.0,0.006389,1,1,191
2025-05-14 17:04:35,ec9226b5c8b14406e826232ab5829ae61e5ed0a25c039bd42708311a11ab3f7a,896698,3387768696.0,508.0,0.0,1,2,223
2025-05-14 17:04:35,a422da9c681947882ca6b33826d7ce9cf7370c5c81c33fde24ecbb2e9e0e9cd7,896698,2690129.0,3272.0,0.001216,7,3,1305
2025-05-14 17:04:35,11d188d2cdd55402547403638243573d5dc223a96af4059d7ac9fb9cfbfd5b91,896698,302129.0,1270.0,0.004204,2,3,450
2025-05-17 07:08:25,d05a6259f6b04d64ae437fb26ff32a6c618e440c4ffcd2aae80978622fe3fe1c,897070,72941.0,224.0,0.003071,1,1,406
2025-05-17 07:08:25,aa4636cfecd7430fb590599c0d3f053ebd5597fd7f8a6e490ad85413c1abfb1b,897070,23158.0,224.0,0.009673,1,1,406
2025-05-17 07:08:25,a34c3b1e20e2a807cb60d97b934eef57addb2a9a82720464cbdb76af9bf06e11,897070,13594.0,224.0,0.016478,1,1,406
2025-05-17 07:08:25,84555639f7811d55605a83dd16a06589e1b74dcf704b3aad4813d8b55a6b0a10,897070,964056.0,224.0,0.000232,1,1,405
2025-05-17 07:08:25,ad67757a675f4cac0049aa95befff045b0756a3231d5e26f077a95ea3361cc0f,897070,33760.0,224.0,0.006635,1,1,405
2025-05-17 07:08:25,decbcbb8266ef56bf2aab0f8b8b8ea0c5b9701712492aac1a4f068688746020f,897070,18717.0,224.0,0.011968,1,1,406
2025-05-17 07:08:25,d273586606a68b8632e5efed21517d94ceb6be18874d0187dafbd74d00990a0e,897070,18220.0,224.0,0.012294,1,1,406
2025-05-17 07:08:25,71c482623a3e3e0bfe8edc372092fba8b4e476e149424aede078e650ac51bf0c,897070,47703.0,224.0,0.004696,1,1,406
2025-05-17 07:08:25,cc0e16edad71b98b83a64350a8cb45da09b13e992d24b8b8e3ecbecb57849f0a,897070,91486.0,224.0,0.002448,1,1,405
2025-05-17 07:08:25,fe1187db9cd53b3c593af6f2d16ff2f29c221beba40828c432c7ffb7235e440a,897070,111732.0,224.0,0.002005,1,1,406
2025-05-17 07:08:25,2741c5872de8ef54e339ab79923e441240c71f4b2a68767bc4b9ce5aa6414d07,897070,20318.0,224.0,0.011025,1,1,406
2025-05-17 07:08:25,d08cfb1b3b215900e82684ba94317004a7e5fee892aebf420dd221104e448106,897070,15592.0,224.0,0.014366,1,1,406
2025-05-17 07:08:25,77ad7a053e6aadf0f94c41b6eb81f06034707ed4237d0b1ab0c7755907b36d06,897070,22805.0,224.0,0.009822,1,1,405
2025-05-17 07:08:25,1b2e03f90be1f26116fd8d460affc8e3f20467a87b106f6512a52f0297694b05,897070,46624.0,224.0,0.004804,1,1,406
2025-05-17 07:08:25,16ac2ce2891ff42d7dbf09341a243e4e34378b8657d7378aa48567abe949c804,897070,119992.0,224.0,0.001867,1,1,405
2025-05-17 07:08:25,5581c4f7d830f6d17fafe4a3ac73c6a5a40b7b7e0ba627dfa684f9db4e4db402,897070,34052.0,185.0,0.005433,1,2,224
2025-05-17 07:08:25,eb61893ad287b655082d0953853479b3ecf91cf3b5e9e10b1114b797a347504f,897070,31395.0,1105.0,0.035197,13,2,1502
2025-05-17 07:08:25,05bde5e9cd0d21ecff506ed2dcd6cfe01bf8c375ec2021033cbf7d5084eae15e,897070,47182.0,6818.0,0.144504,90,1,9685
2025-05-17 07:08:25,df6cc5c619ccf74065c9188cec8bf960e9c15fa5ec15d3f1742e860dfb91e398,897070,2994400.0,453.0,0.000151,4,2,669
2025-05-17 07:08:25,56e237311ef1b8ab1510e6af5da532fee0807e7d4877188ced65c6d3785d54a6,897070,173069.0,732.0,0.00423,8,2,962
2025-05-17 07:08:25,75024536efbb6658117bd121eb25b637e4ce163583fc899002c6cf36aff7238f,897070,960400.0,249.0,0.000259,1,2,381
2025-05-17 07:08:25,4abc7fea2151742cd03d16785d41fc1841bd332e2d369c687d20ced47989a9a6,897070,425981.0,508.0,0.001193,5,2,638
2025-05-17 07:08:25,2590b2e67a01c50e82aed5fd3ae7bb22619dba61e8f9bd50f5eaa19937d0bf6d,897070,53521.0,508.0,0.009492,5,2,638
2025-05-17 07:08:25,6d883ab949dac044aefe8e598282967a9bd872bbee45c3e98300ce65c7906b4d,897070,145527.0,508.0,0.003491,5,2,638
2025-05-17 07:08:25,91241f92798a01f234f2b99ed2ce787f52f9d409239d5a156292f5e529fc602a,897070,1005308.0,328.0,0.000326,1,2,249
2025-05-17 07:08:25,1bc5a6ee4fd0aef6a2373b955bf070ff6a5b4e6cf391e87b85ae95e334064a9c,897070,30281816.0,641.0,2.1e-05,1,1,191
2025-05-17 07:08:25,fe8b11d892dfda5d62cd4dda72cd66805deb389753ef95fba9cfd03d105e2061,897070,37578411.0,2780.0,7.4e-05,1,75,2565
2025-05-17 07:08:25,2d46aed600262f4e47984a78411c1d399e43ba703fa866259962b9cb281f6674,897070,80599.0,533.0,0.006613,4,2,833
2025-05-17 07:08:25,95adc29d9881b3865a82cfbacf0e564fc4c3bf27f77933785b639a51edf8c270,897070,27805.0,533.0,0.019169,4,2,835
2025-05-17 07:08:25,00296a92b4d89cd2cabb2c4924020fb4e66bb0be64cc9ba5f3b0fb0ef021a93f,897070,248302.0,483.0,0.001945,4,2,682
2025-05-17 07:08:25,84300c3c8c654586cbfee77d7e242f3bc9140adc2b2bfa4793f05de591d8ed40,897070,34992.0,333.0,0.009516,1,1,192
2025-05-17 07:08:25,0a790124b5c1543a902e116e4b6d2f45b6fbae71999e83cf7514dee3a7c94eea,897070,37889485.0,3244.0,8.6e-05,1,78,2676
2025-05-17 07:08:25,53100d2d5e0ef0fbbef247fe09c16f86c4f00bd28bbbe0a58f91d046789d3a19,897070,4914203.0,1785.0,0.000363,22,1,2409
2025-05-17 07:08:25,ce543ff707f3766375982a77b074ccdf09d6dada4b253a223dd46330f3b82269,897070,30231597.0,588.0,1.9e-05,1,1,191
2025-05-17 07:08:25,97f82d590e6ceea9d6c9c68372ba687df7bdef1af2ed188eb8eccac498a15b14,897070,37522710.0,2558.0,6.8e-05,1,65,2271
2025-05-17 07:08:25,354d7d1ca5a6f703517c8574f4d786f7872edb3654082152457556dac099c26a,897070,24001003.0,14614.0,0.000609,100,1,28387
2025-05-17 07:08:25,e63f25a4cb232694afcfe4eafc6f7af9ec581c264d87df5d56f18d4b94cfe6a4,897070,1730.0,129468.0,74.836994,3,3,344496
2025-05-17 07:08:25,f74dc29821ce84136d5d0b5576b86e2c29a099beb905979444b30375631439b6,897070,2490665.0,400.0,0.000161,3,1,487
2025-05-17 07:08:25,7bbaabacc8162047e5da8d0e5568be51847225f7b80eb7cce7102274a073e897,897070,162420.0,286.0,0.001761,1,1,406
2025-05-17 07:08:25,7e0ec8a4e9383bb7ab470785a92579b4cba534c44b63db9ffa4c5b5c8c4d7e25,897070,19544.0,226.0,0.011564,1,1,216
2025-05-17 07:08:25,43a7549b160e8766f7e3fa88c13cfef57465e7fb68f895443c80509fdc39b245,897070,3812.0,188.0,0.049318,1,1,162
2025-05-17 07:08:25,a517f2d497c659b7c32bda2824e818e50e523b0f116c57a490f6f0ccf7385233,897070,99716.0,284.0,0.002848,1,2,235
2025-05-17 07:08:25,17bff49a5f671966ffd903971ff0103e887da79e880e4f0081f9b6d550881ad4,897070,641346.0,652.0,0.001017,3,3,596
2025-05-17 07:08:25,1d12d014b69f00c4b603d412086fa856c04116d76bdb1a2dddc568387a0b3fc3,897070,12898194.0,5348.0,0.000415,22,33,3909
2025-05-17 07:08:25,7d641897e6096895282e8f64c0aafa8d8d13bdb2ab53fe71e901d76aca2a88f5,897070,12898946.0,1054.0,8.2e-05,1,12,635
2025-05-17 07:08:25,80cf957d3677b956485f66ace46359a43f54d51b2cdac255ccf442f7f03042bc,897070,198254.0,218.0,0.0011,1,1,192
2025-05-17 07:08:25,e9df96e08846801b6baff075ab0cb10fa9ff639493ab1eaa447660734379edab,897070,56495.0,268.0,0.004744,1,1,291
2025-05-17 07:08:25,8662bed4bca78d9522f0aa16b4084526b15f10fbc619e8e3237a73512562b026,897070,4665.0,398.0,0.085316,2,2,300
2025-05-17 07:08:25,de2d1e9a64ef52a508637e5eb89240b7a5027c5fac390458e1d12e1f3402c49e,897070,506556.0,404.0,0.000798,2,2,303
2025-05-17 07:08:25,7c9d6b0250ff4bae917132b49b542c9e90dd579f53f057e9fbb3b7007adeccd9,897070,1108.0,422.0,0.380866,2,2,312
2025-05-17 07:08:25,50eef2dbb799583c82b96d3286a1e3976f871cd466b9c724318cc978008e98d0,897070,31179.0,422.0,0.013535,2,2,312
2025-05-17 07:08:25,223e904d9f4134df1cc8d1be5ca80a56a4dda2e9b06c629f1f931d91bd7825bb,897070,53701.0,422.0,0.007858,2,2,312
2025-05-17 07:08:25,b6ac4f9cc6421f4c6923755bd24a7c6b2c518b1b0998a08f26da5f44d7d8e362,897070,5279.0,422.0,0.079939,2,2,312
2025-05-17 07:08:25,3f817b8cb5b28ccc0c1c9a112f07feecb87847a85b02155ec16fc89e0ad62963,897070,19779.0,221.0,0.011173,1,1,192
2025-05-17 07:08:25,931b07ec2597b6780943c790d7955059e5b11e99861b985973166c8a09f35f82,897070,720047.0,281.0,0.00039,1,2,222
2025-05-17 07:08:25,99877e89461b1dde39461fee618a9212eec89a33f34b98516915f00d9643d444,897070,1843161.0,281.0,0.000152,1,2,222
2025-05-17 07:08:25,01f7de3cd20724694e6ca1f0ee691cc4ce1b6ea159ffdb6c77ceb735c358f833,897070,21184.0,281.0,0.013265,1,2,222
2025-05-17 07:08:25,3eeb9048dcc8d98ef5fabc9a6f211aa7cebd21e366c6bb3396f9b57b891a481b,897070,3456581.0,281.0,8.1e-05,1,2,223
2025-05-17 07:08:25,2e1f86e6ca0258ac6eddf7ab551763c0c8c082f6531b3157fa1129237766e2b5,897070,36594.0,287.0,0.007843,1,2,225
2025-05-17 07:08:25,731252f75dbf431e364f81f585802f860d97736a84f96fb90fd9d48491cec0b1,897070,698984.0,287.0,0.000411,1,2,225
2025-05-17 07:08:25,99eb7343a44e7312cc17f940f07a2614185c96023019512b177cd51dbe021d13,897070,241142.0,287.0,0.00119,1,2,225
2025-05-17 07:08:25,02458457bef342bb48e1fb6091b917e173673dcb9d7debc09e66e4cacff4e1c3,897070,47131.0,361.0,0.00766,2,1,344
2025-05-17 07:08:25,c57262f7a650994b92f8e4cf4bdec92bda8cb3516371ece46343fdd3aad9e6ff,897070,330.0,302.0,0.915152,1,1,322
2025-05-17 07:08:25,609002472e20b803b308703c8eb72f7d7f2e4da950fd0c3fed8bf5f6f62431fc,897070,546.0,306.0,0.56044,1,1,330
2025-05-17 07:08:25,62571b6810062cc5392cc76f7a072f8351893a1ae24e6678928545cf86357bfb,897070,546.0,306.0,0.56044,1,1,330
2025-05-17 07:08:25,279dd547875437eb443419d35ad0e880e03e04dffc786b71d7303590f54c32f9,897070,691606.0,1610.0,0.002328,1,4,450
2025-05-17 07:08:25,471149680523fa71006c30d318399cc93be70ed4c701b07ce99a9090e897ccf7,897070,546.0,306.0,0.56044,1,1,330
2025-05-17 07:08:25,c2360972a4cc4f63725d98c456b23061bd0954a9e2090fa8d4a81665a3316bf6,897070,546.0,304.0,0.556777,1,1,325
2025-05-17 07:08:25,3a30a75b56bfa6785676695a0da7eaac53d39a9cc7ec1d4c5513a567e8abc9f4,897070,330.0,302.0,0.915152,1,1,322
2025-05-17 07:08:25,dbf077325830f8468fb466d46e8333c1f72f49e98787654820c49168706725f4,897070,330.0,306.0,0.927273,1,1,330
2025-05-17 07:08:25,806024d58e819ec1d5f81029c55169da62ce444b6f1faa2afea0afb8c5b512f1,897070,194379.0,222.0,0.001142,1,1,193
2025-05-17 07:08:25,f6519b510cc80737208441b6e225fcf8a1e9167edcfe5a8fc2a2944c03b7dcf0,897070,767667.0,282.0,0.000367,1,2,222
2025-05-17 07:08:25,5abb25d1bdecd450372be6e346f130be088bbbd2981e7fccf74df26efc225aed,897070,16710.0,290.0,0.017355,1,2,196
2025-05-17 07:08:25,6408ad7fc565ad766c23d021e33eb02c8dfb24a7aee407de1bdc75e56ab8b4ec,897070,142668.0,308.0,0.002159,1,2,205
2025-05-17 07:08:25,ab67b9ca75f778e1bbbd33cb75c6aaa97696336eb72b8aee6866a4c9ccd896e9,897070,546.0,306.0,0.56044,1,1,330
2025-05-17 07:08:25,419f5f11432b8cd3792d317365622c907be047c6f31419cc268839dd83a906e9,897070,1073692.0,308.0,0.000287,1,2,205
2025-05-17 07:08:25,18501f5e59ec8e595a9b712f44d091f4ae372cdd3f59490939bd19baaea97be7,897070,671656.0,688.0,0.001024,4,2,666
2025-05-17 07:08:25,0840e4fcf0cd7303b6783cb169ba7205f9cbe037d9f3da0c29b181641e4ffee4,897070,94243.0,514.0,0.005454,3,1,499
2025-05-17 07:08:25,6d30fd63c2ad8f145cd46af4833b4f357ec6fa4a030da852c86269ada1bc36e4,897070,3507.0,416.0,0.11862,1,3,324
2025-05-17 07:08:25,e3137e37a3d2b06c610c583b8ebdbf88f56293cec09bf080c8e94881ecd2a3e3,897070,3123.0,222.0,0.071085,1,1,162
2025-05-17 07:08:25,2b4791706ad0229e105411032a5f925e74f73bf02fce31df405655ba44955fe3,897070,546.0,304.0,0.556777,1,1,326
2025-05-17 07:08:25,af2e704939b159ed41117d9084d844e4d464fbb2139f8e958e06f490fd8df9e2,897070,546.0,306.0,0.56044,1,1,330
2025-05-17 07:08:25,9cb4c0233d53113dda20bff6b0ddd645e3e2fb2cdb502fe16b84d85bc559a6e2,897070,546.0,304.0,0.556777,1,1,326
2025-05-17 07:08:25,053cafb2dc1ae8d24c13e46f7c38acd9e501f6f0f93f2616142fd735fdbd35e1,897070,546.0,304.0,0.556777,1,1,324
2025-05-17 07:08:25,313513deaf67c0a06df85dd1a2a2b6e1a6825e4f7fb8e69a5a3e504cb3bb5ee6,897070,7649.0,308.0,0.040267,1,2,205
2025-05-17 07:08:25,664d46b7b7427449a6ef91b215bd19b4901caa69e7826f21deb2732b0f2b09dd,897070,330.0,302.0,0.915152,1,1,322
2025-05-17 07:08:25,d79c1a17ac86ab4288d553dad1d707e393130f0be4465d51a1fb3a73b009d6db,897070,351718.0,536.0,0.001524,1,3,526
2025-05-17 07:08:25,70d6745d05b4e88ed0de48214ad2321f2e163c9df23d1119365ffdaaf0171bdb,897070,5451205.0,410.0,7.5e-05,1,4,286
2025-05-17 07:08:25,e5f0dc8a83c6d9e763f07bfb0e63d0cb88a5d6a6fa8abfea21946c36b889a1da,897070,4015012.0,306.0,7.6e-05,1,2,234
2025-05-17 07:08:25,dc02236641e08487733ce76d5f9c9d0c45833e73e5b21ccffb2281d45da0fdd7,897070,330.0,302.0,0.915152,1,1,322
2025-05-17 07:08:25,a068ad0e871fb90a990150a76751a54e7bc7167a1221d4187a3d4e30370677d7,897070,546.0,306.0,0.56044,1,1,327
2025-05-17 07:08:25,490d3f5365a02686cca685bb85e4aebc347bb7400bfc3f3cfc1d8174dadf6fd7,897070,3554335.0,308.0,8.7e-05,1,2,205
2025-05-17 07:08:25,5636eff67673860a2e92b25504d5048779fed9e851eed93d0ec211f6fdfdbfd6,897070,330.0,304.0,0.921212,1,1,324
2025-05-17 07:08:25,6b62000f4ca5d98cb863e9d3738ff38885ada628bcd10ad8c7b579f9c1a082d4,897070,95673.0,308.0,0.003219,1,2,205
2025-05-17 07:08:25,62b18568b9b8f162d5496eaf33d31630eb430a1c0a9cbb7882fae50d9eb955d3,897070,546.0,304.0,0.556777,1,1,326
2025-05-17 07:08:25,cc4e54f3554f3b07c1745696604a633d9449bd1367e1d9757bb75a781b120ad3,897070,322809.0,330.0,0.001022,1,2,246
2025-05-17 07:08:25,9326802a58b912729f682fb845abe7f2cc7b0c82e14b07c389ec33e4bcc280d2,897070,992310.0,282.0,0.000284,1,2,222
2025-05-17 07:08:25,a2849061105a077ff7747e06ab8c9f07fc5e722403d1e680ca21191490c87fd0,897070,7907.0,338.0,0.042747,2,1,269
2025-05-17 07:08:25,cd23cb9f68d0540aedd8bc9fd721498b68b7276fe628bfd1827168c7b363f3cf,897070,330.0,302.0,0.915152,1,1,322
2025-05-17 07:08:25,288d145407b271da178932825e0b13e070d052f2e64447385097030bfa2e4cce,897070,907323.0,1610.0,0.001774,1,4,451
2025-05-17 10:23:47,ac7cf2666fcf0ddc7e5401cbb3b38927d048dceaa9bb4c2492d51404abe94d31,897086,320229.0,3525.0,0.011008,1,2,223
2025-05-17 10:23:47,fa5e5c7e0d62c49a5655495c8ce711ff9f9858a91c9423f152aa41292b3b0724,897086,991956.0,8500.0,0.008569,2,1,340
2025-05-17 10:23:47,71fee9c0228957f9e67c01488c66ef2acfe7d65a328bdfe32210e76842823ca9,897086,206728165.0,9820.0,4.8e-05,1,7,392
2025-05-17 10:23:47,ca4d2c4043739d765ca11a71d0e65a15892f83e3b576a1e7539008cbd7a20ecf,897086,276530396.0,3644.0,1.3e-05,1,2,225
2025-05-17 10:23:47,d89017f57d16f18d4cea32fc63d75cc1647770bf8615a93016db7d1ff9dd879a,897086,109413.0,4800.0,0.04387,1,1,188
2025-05-17 10:23:47,3cd0292512206edbb892dcb20c17be486064789f3606572c305148d70609c8af,897086,29231959.0,4424.0,0.000151,1,2,254
2025-05-17 10:23:47,e969db4712f3ec3c81d53d19a266157a9d8038d4a9b7341e6f40e850e02e456b,897086,4858.0,2821.0,0.580692,1,1,192
2025-05-17 10:23:47,0ee5daa379786d66d6a2b2af4d076f67d15ac1230f1aedbfd155a6d5a34aba0b,897086,173755233.0,10664.0,6.1e-05,1,8,415
2025-05-17 10:23:47,65586ef5381a976e3602ebae4e1f9f4c38d1af9f4938f5dbf55791257d6040ea,897086,4030196.0,5292.0,0.001313,1,3,285
2025-05-17 10:23:47,a1a6fa0b349583eb3503def671d4ce4c909c58282d1133998832f24746815757,897086,1123646.0,3666.0,0.003263,1,2,222
2025-05-17 10:23:47,ab10a529709b385c5a9303809c7a4e3c929392319f5e9fd442689a04a9e6a24a,897086,951757.0,5000.0,0.005253,1,1,191
2025-05-17 10:23:47,11aeb0b9f040737fd957aa73c09fbc891b6bee745310eaec4c3f4a735a5e6756,897086,3732238.0,6356.0,0.001703,2,2,404
2025-05-17 10:23:47,16bceef90c0bcf899cc2df7e70393e6a0ea314062784497d0c54af0f65a41fd2,897086,3355400.0,3829.0,0.001141,1,2,222
2025-05-17 10:23:47,628a461f6451ddb069d5698bc0ccb07c839784cb1367d1a6703dd7458c2627b2,897086,309836.0,3080.0,0.009941,1,1,195
2025-05-17 10:23:47,dfba9631f9e546a03f4e0b8cbe65fd628b280643c9f8e9002fed420ae53f41f7,897086,1214142.0,3948.0,0.003252,1,2,226
2025-05-17 10:23:47,dc2c2817beda143d19e012843fb377c515d16c868717e7dbf1632e6627c7551b,897086,33753.0,3948.0,0.116967,1,2,225
2025-05-17 10:23:47,6e134db8a01a0fdd433868e76e8bdc53748c82a5b952af07e238343dc3ea0d89,897086,116280260.0,3948.0,3.4e-05,1,2,222
2025-05-17 10:23:47,45ff073fb08692bb89e406b157d53dcc554c51d0a1ada94c03c5b6a3827a8a82,897086,787912.0,6328.0,0.008031,1,2,226
2025-05-17 10:23:47,df7df2d67f8e8142a4ebdd8cf2b627079c326dd81d8b4bbf3be415ab907bd56d,897086,129295.0,3948.0,0.030535,1,2,223
2025-05-17 10:23:47,570ac517ccf2b3af8eb74f2d687bcc14893a092f4d2b1f3f0aa8d24c8b51bc33,897086,4315897.0,4648.0,0.001077,1,2,247
2025-05-17 10:23:47,3e43f8747847ab30250668ad6f027e39d796ee2c94af00aa86f2f77a8ecb5216,897086,498145.0,3976.0,0.007982,1,2,223
2025-05-17 10:23:47,875e7b43b9f23a0e4714a09e00fb418a92b6b1afea18e7a47624e844942a14ed,897086,764722.0,14616.0,0.019113,3,2,520
2025-05-17 10:23:47,f5f76b8198759bef593a48797afa9aafbd50b6020b7df9b6086aeead66da6950,897086,2021774.0,6328.0,0.00313,1,2,225
2025-05-17 10:23:47,865da9cc57c2dfb52684538cc0128bcf723275c81f0439e0fe486ce753df8750,897086,3819619.0,18760.0,0.004911,4,2,666
2025-05-17 10:23:47,db505c99b8afea2d216da18fc33b1a5328cf914bd7395acab65a2418d0664f69,897086,1498857.0,3976.0,0.002653,1,2,222
2025-05-17 10:23:47,2693f6fb8a906bd0de90cc5c2a6f9cb3a5e8174930945a74bef11d4625d79107,897086,547482.0,3102.0,0.005666,1,1,191
2025-05-17 10:23:47,8c4797c80ea37f4edc6212a3c72071acc409a81492529edb74378eabb78dffd1,897086,1359380.0,4061.0,0.002987,1,2,225
2025-05-17 10:23:47,0ed5bf1ee1c8eefefd5674f00d12b05fbe18c27618bd17735a046def67bcc8af,897086,24180087.0,3981.0,0.000165,1,2,222
2025-05-17 10:23:47,283b71bdef9014ab7e947a64bbb84ba5e875af6d6e03af3f1e5f2ef86a413aaa,897086,24738244.0,4009.0,0.000162,1,2,223
2025-05-17 10:23:47,99ec904d236533050a60f6c69709403960adb7f162dac6296225abbf7ed3f5db,897086,398144329.0,3981.0,1e-05,1,2,222
2025-05-17 10:23:47,cf13de921d59699e744eb51a401b786f813d0e5febf22d78e5079ef2e73715a8,897086,398467310.0,3981.0,1e-05,1,2,222
2025-05-17 10:23:47,9ff6523f759a3a91018fa4f222b9a07b05c5d76e694533773f492d1faaae8066,897086,398511362.0,3981.0,1e-05,1,2,222
2025-05-17 10:23:47,9b7b353f4fae93a3d05eec43dac6015a5f395ddd2edbaeb606acf68f263a548c,897086,400348244.0,3981.0,1e-05,1,2,222
2025-05-17 10:23:47,39fa0c342e447d311421dcdd3d62cd05d3a0c7bf07b4d9c3af73453dd2023cbb,897086,400472698.0,4009.0,1e-05,1,2,223
2025-05-17 10:23:47,7270bd4be6077eda4445d0abc14928a916fa42773a63d8b0f2d4d8a36dc4efb4,897086,1577612759.0,3981.0,3e-06,1,2,222
2025-05-17 10:23:47,1ac6fd2e76c6c3636509236f07d2fac136ece964df3b54e08c309ec2bd43a58c,897086,1577711540.0,3981.0,3e-06,1,2,222
2025-05-17 10:23:47,69f4d4d1e4945fbd3b3a0fcb5f2c0da2287491adc9df55bfcd7542461f4d6f3d,897086,24905305.0,3981.0,0.00016,1,2,222
2025-05-17 10:23:47,74f4789f576cb3567f276ba25904272e83f1efec3e393d276d7d3b9d0b69b757,897086,24948772.0,3981.0,0.00016,1,2,222
2025-05-17 10:23:47,9753ab1e4f7f9bea3244091f8f357e6ce3f2b0be88a95222395d7eed2bcb7c26,897086,1041695.0,3981.0,0.003822,1,2,222
2025-05-17 10:23:47,7976685539ddaaf093909136fe165996d2f3c2b51805268aed01099542949325,897086,1777575297.0,3981.0,2e-06,1,2,222
2025-05-17 10:23:47,9b645cde113717ae017ca2964b558d2230cd329a49d022532ffa3749719651c9,897086,1777647307.0,3981.0,2e-06,1,2,222
2025-05-17 10:23:47,2be84677a7cb5a9859dcc558d755b85caefe1e46a797cf37fe6e6ab0f3e2541f,897086,1185258.0,3981.0,0.003359,1,2,222
2025-05-17 10:23:47,e8a2dbadc58370a082cc4237f6822e094591905171d865315be347aa89e34210,897086,1577941742.0,3981.0,3e-06,1,2,222
2025-05-17 10:23:47,8acfae961790756b4d34b36099afb912ef1acdbfa0fcafc762dc00bafb85d2b9,897086,498844224.0,4066.0,8e-06,1,2,225
2025-05-17 10:23:47,915816947d3200f894082a4dae8a627e883aea1fa8a2999ce067804d5a267c22,897086,499133130.0,3981.0,8e-06,1,2,222
2025-05-17 10:23:47,3d7b60d6a2cdb7a30254494f5806fc55c3664ae00eef2dff3d0fa8e9a801375f,897086,499236114.0,3981.0,8e-06,1,2,222
2025-05-17 10:23:47,dd641b6b692739acbf475e4fc7155233cf86f802102e3482a8cbc03788b2aca4,897086,1777698652.0,4066.0,2e-06,1,2,225
2025-05-17 10:23:47,6b35fabb904719146058cdffbd2bd98e9cf8cd8e1bc97856d08a00d6302141d9,897086,19708125.0,4631.0,0.000235,1,2,245
2025-05-17 10:23:47,05faa616fc38879440e21e954438a8c2eea6d0b781c44a05298f60357491193e,897086,439927058.0,4631.0,1.1e-05,1,2,245
2025-05-17 10:23:47,4899dc1c4f15998bb66d55fbcfeaa497e744acf3227de71429ae15dadd2a0205,897086,1235294272.0,6608.0,5e-06,1,5,315
2025-05-17 10:23:47,d3e9046d3577d66f3ec892bc8e3eeb0e8cc4a3b2a57b979791506669893adfb6,897086,1820490.0,5874.0,0.003227,2,2,369
2025-05-17 10:23:47,bf5d70df28858d3ade3b124bd51705050ded9d1a8703a61480c09a302c248962,897086,1079359.0,6328.0,0.005863,1,2,224
2025-05-17 10:23:47,212dcd01088fc45889e53891d4d115f6278373530a8b349dc427b7b192b4ba25,897086,2348469.0,18536.0,0.007893,9,1,1383
2025-05-17 10:23:47,1343dce3df27c4ad2c54f2d1cc2c6d496c6344ea8ed652ca3b8a5fb3af655c84,897086,2853757.0,6289.0,0.002204,1,2,222
2025-05-17 10:23:47,75f60450294c513f891a45e9296904019035af72681e53ef96cca00a377967bc,897086,3003896.0,6289.0,0.002094,1,2,223
2025-05-17 10:23:47,940a0b8929766885059cf591888428fad54cf8c4b2f503184bf4e41a9bf827e0,897086,6599378.0,22324.0,0.003383,11,1,1671
2025-05-17 10:23:47,c9718530f537a2cf9a97ffaf3652fe2034948412fc2570f6a02c5c435f763b19,897086,2654020100.0,4000.0,2e-06,1,2,222
2025-05-17 10:23:47,c930dda4e2a80cda3cbd9ae4101d85f7d399cc8355ba10bdbbd44e5a28c08414,897086,171100.0,4010.0,0.023437,1,2,222
2025-05-17 10:23:47,b07824e3f401f1341bc5f1cc27519313d79d5239fa13ecd533bf84abc99f4f83,897086,210891.0,5038.0,0.023889,2,1,339
2025-05-17 10:23:47,0a43faae23085aaa175ac5dcc9c5e6a5276ff7bcf2170663d6d62db44e171775,897086,2668984100.0,5000.0,2e-06,1,3,256
2025-05-17 10:23:47,4faac12b576c32dc732e4deee3607f2cfe635e962ab74649e2eb6f2d0532ca40,897086,642631.0,7080.0,0.011017,1,2,236
2025-05-17 10:23:47,7206311f61faedc6e3ce64bf6a69dd6a168e61d109e391863e8559f67e336883,897086,649711.0,4040.0,0.006218,1,2,252
2025-05-17 10:23:47,cf599428b9d52dd6bcff96814b51c070f8eb14c4b11f67ba53607f07156080ff,897086,56810.0,3190.0,0.056152,1,1,191
2025-05-17 10:23:47,b4557921286fa7e6e7091001a632b0fffc046b751569d4e4eec0d68a2b2957ff,897086,190916.0,3190.0,0.016709,1,1,192
2025-05-17 10:23:47,fb1248e59d05f1933f8d5d05e599840e9318b13e2dffe0400b56de4bd15075fe,897086,7503.0,3190.0,0.425163,1,1,192
2025-05-17 10:23:47,3dc5b14c082defa0330237a8c164486552942ca813a94726e0bd0524fd8faafd,897086,282425.0,4089.0,0.014478,1,2,223
2025-05-17 10:23:47,1be1104bb48fefea974dcd35196a62e4897eceb77245f5bda85b986d074e6bfd,897086,647646.0,4089.0,0.006314,1,2,222
2025-05-17 10:23:47,2c5090d432d78dcdb0cd7aa22ad9b820d013644f5b55dc0402539bafe63101fd,897086,18911.0,4089.0,0.216223,1,2,222
2025-05-17 10:23:47,7d24617912dc5ab31ad62ea57c0c9f4d33b2878a2abfe96d1de4af66c7d068fb,897086,781012.0,4118.0,0.005273,1,2,223
2025-05-17 10:23:47,8efb66910737910daf16edee881e89908a97f2de36439b7e1068adb6e9025afb,897086,1800.0,7221.0,4.011667,3,1,492
2025-05-17 10:23:47,a0f044a2720b7284bd662fd4c7f8c20e0d91ad5c2e8e2c9ecae36dc078c836fb,897086,155831.0,7482.0,0.048014,3,1,501
2025-05-17 10:23:47,6564a9303296b9ac46eb752b776a5191c14125251ac4fc35da0235cd8fde1ffb,897086,103168.0,6148.0,0.059592,2,2,374
2025-05-17 10:23:47,6bb48333b484c51b9f248637c02bc7f7d314314e3c6f7caba6678f713f4cfafa,897086,93050.0,4089.0,0.043944,1,2,223
2025-05-17 10:23:47,626ab9bbe35c4bc5683c99901bbaf910d6da90287917acbcab736b4a590ee0fa,897086,40748.0,5249.0,0.128816,2,1,343
2025-05-17 10:23:47,467daf8a73170b0bd550f8cccc022ef72bd8507c48ca8fb4e01494a355295bfa,897086,319538.0,5249.0,0.016427,2,1,343
2025-05-17 10:23:47,1e0e1a5e75306132b71ab7938196dfad295c95a775072ecce64dae38e850a2f9,897086,316564.0,3190.0,0.010077,1,1,192
2025-05-17 10:23:47,e17913c70542cc9680d2761473b3fa3e0cac2574e9e7f85ca661028641d4a9f8,897086,995911.0,4089.0,0.004106,1,2,222
2025-05-17 10:23:47,aedb0affc40c2ea0d05eec5c9119e0409300c9065dc9389c3c2f54b4c17c69f8,897086,9435470.0,4089.0,0.000433,1,2,222
2025-05-17 10:23:47,ec9eb6d8b37f8fdf8690116cba76bb8bc5b2828e7f2ceae2890b25e0454450f8,897086,894414.0,4176.0,0.004669,1,2,225
2025-05-17 10:23:47,871f89a94194b1cf6097b37dfc670a3acdf1bd2f64f2d9ae73cc39875ffef0f7,897086,98194.0,4089.0,0.041642,1,2,222
2025-05-17 10:23:47,735cb3e779ac5c89cc4f08c32343e6fbe2ecf90382907438200f2c508a5a19f6,897086,147205.0,4089.0,0.027778,1,2,222
2025-05-17 10:23:47,f0ef0d2acf0490a1f9d29645114dec5a3ae95e6128d0d46ff3a954061ba042f5,897086,20723.0,3277.0,0.158133,1,1,194
2025-05-17 10:23:47,8a460fbddf09f91138be8d210df502107c918fe49bb6280f7122c5e2fce91ff5,897086,63310.0,4118.0,0.065045,1,2,223
2025-05-17 10:23:47,0a852322c323a9b1a8d73cab93bad9a69a6ccea923637ea388c5d9b5a3cae6f2,897086,450979.0,4118.0,0.009131,1,2,223
2025-05-17 10:23:47,26fc837ba42200bf1cdd1c0072ca66759bb4c6297feab8ce2705f7af23d9b0f1,897086,80216.0,3190.0,0.039768,1,1,191
2025-05-17 10:23:47,1877b908d8c9c23c72c9a76d3d0b7ad7c9a28f67ff34668ace033003936a4cef,897086,39204.0,4089.0,0.104301,1,2,222
2025-05-17 10:23:47,795a220feb500b15c0eb994ad8f4d953fd6686eea9471a35e10628e159022eef,897086,12030.0,4089.0,0.3399,1,2,222
2025-05-17 10:23:47,dfebcb60085ed18d7e42267c37d54450f82bbc8eaf91e66e5bc58e3144781eee,897086,21723.0,3277.0,0.150854,1,1,194
2025-05-17 10:23:47,2281ea275c01445ee0d0de55fe7ac00c108edd95fd6137c8d1adc764fa6899ec,897086,223169.0,4176.0,0.018712,1,2,226
2025-05-17 10:23:47,5045cf76c489810c791bfd558609cdd7e4f9e4704f7a12d0928117d7adb2d8eb,897086,24657.0,3190.0,0.129375,1,1,192
2025-05-17 10:23:47,a7e41847929642454bbc5b0ea1fb0a9dbe8c0ffd8875e1175f90ed9e5ce1c9eb,897086,90610.0,3190.0,0.035206,1,1,191
2025-05-17 10:23:47,43646b0202a27690efb9eed24a2129b874c19d548ab322997b933cc44e5e76ea,897086,21810.0,3190.0,0.146263,1,1,192
2025-05-17 10:23:47,009cc2d8a17f97c49edc40bdd0a0391d0f5114d15bc7fc0c025ef2a00dbefde9,897086,374044.0,4176.0,0.011164,1,2,226
2025-05-17 10:23:47,32de64a81617d08cc7fde76eee5ffde44ebf8bb2771c46433a8675e022724ee9,897086,82207.0,4176.0,0.050799,1,2,226
2025-05-17 10:23:47,12c0d7e587f1a84c5b8ca1e6ee3019d82efdb882ecd8247d97f65d6025b5b9e8,897086,190177.0,4089.0,0.021501,1,2,223
2025-05-17 10:23:47,c4f2070ca2c3bb6ec1bf0064be62ab52a013dfa51595182e7fa68687d4cde5e7,897086,11435.0,3190.0,0.278968,1,1,192
2025-05-17 10:23:47,f341148dff72613883da71cb109c2c4b6d193980a07d8d5148f1088d0f2cc6e7,897086,8466.0,4176.0,0.493267,1,2,225
2025-05-17 10:23:47,87b44bad1372146cb5df19ec8d833d9170d200d22269a3c3263608a9454ac7e6,897086,188134.0,4176.0,0.022197,1,2,226
2025-05-17 10:23:47,c3dee728d47d6c52f90f31b6155362c25bd5457648e19d4b60c6c4cd282020e4,897086,1926486.0,4089.0,0.002123,1,2,223
2025-05-17 10:23:47,704483fa13a10730f6165315ecdf148ebc62eca765affc82fd933eb28bf9a1e3,897086,7934048.0,4089.0,0.000515,1,2,223
2025-05-11 02:39:37,04f8ee869bb1b4775c03502c31f6bf1aa9b15b49f82db70e9e0d120064cd003c,896194,329608.0,1122.0,0.003404,1,2,223
2025-05-11 02:39:37,2e425b36192ce876c50e98745a9108c184a1598e3d5aff373839b5bb690b2af9,896194,21796069.0,1132.0,5.2e-05,1,2,224
2025-05-11 02:39:37,d46f1dc47e90090882c8ccb4ad2e9c5faeb5531533c79064438308139d45a1c6,896194,1718940.0,1125.0,0.000654,1,2,223
2025-05-11 02:39:37,51c6d3d43e254958ab67a326e1a2c4542c9be17200828b10dd14cefacabef0bc,896194,1284161.0,1125.0,0.000876,1,2,223
2025-05-11 02:39:37,f6a8da31716fbbcc843ea1acaabb0b0a64b9c16a0bb127bf92a9ce8ceb8d5cfc,896194,1901944.0,2056.0,0.001081,2,2,419
2025-05-11 02:39:37,41062a9a7c4ceffa653f205ca03a9aca8b151ce5eca9238650de8c4befd039f6,896194,93571.0,904.0,0.009661,1,1,194
2025-05-11 02:39:37,88a84df2614128a935ba3e415787f1a7be715aa556b7148ebe61c6bd4df371e3,896194,9644407.0,3648.0,0.000378,7,1,804
2025-05-11 02:39:37,0915e6ea96561b8bf0bc55761c062e11bd87e310e5d1df944e08f0e191ec76c2,896194,29130.0,1128.0,0.038723,1,2,223
2025-05-11 02:39:37,a02d4c185ea9c91d29eed80f981566aefe096b19b9af1b68875e1f64713988b0,896194,236638.0,1128.0,0.004767,1,2,222
2025-05-11 02:39:37,8905ecb2482d09f9609980eb2d9782c2929e64a431c1c87a100557e61ce6d970,896194,2903092.0,1760.0,0.000606,2,3,320
2025-05-11 02:39:37,72d3bb6058ba5de80516957f75dece607a77234314df88798d3b03f99a752b35,896194,672477.0,1800.0,0.002677,2,1,387
2025-05-11 02:39:37,035af2fc27703efd5ca077d79a59f3e5ac935b86e78b3738814470271825691e,896194,169903.0,1376.0,0.008099,1,3,253
2025-05-11 02:39:37,2516b3c45a6315114b0099990667a885eec6f1c4810b8f4c22e4987a1618e113,896194,1373673.0,2064.0,0.001503,3,2,408
2025-05-11 02:39:37,3d72b74aced470eb15afd9f32e16c69457db2d0a4c614f509ebd0759b73c3010,896194,5618.0,1160.0,0.206479,1,2,196
2025-05-11 02:39:37,51cd074403d3512c880caad2ea831bd6e235b313fb608dfa5f7e131f8fec240f,896194,6028504579.0,3294.0,1e-06,1,1,348
2025-05-11 02:39:37,9c9c4f775800c86c71455a6e107ce6bec5c3fd5095423433c09573de8a186575,896194,6031492356.0,1218.0,0.0,1,9,596
2025-05-11 02:39:37,3b0d5a575a7ec2f090e32377172c5bb1240661a9c081a6d122c20ac5251d2733,896194,8407160.0,10928.0,0.0013,19,2,2898
2025-05-11 02:39:37,8338163ac1ed44df8c011cd435ef28d4c6d3beea009115d5c6cdd77229a9ec32,896194,1927160.0,3984.0,0.002067,5,1,902
2025-05-11 02:39:37,ddcabe55536f9d2076dab7a9199fd105bbfb97db903f1662877021768559d3e3,896194,339630.0,2704.0,0.007962,2,1,336
2025-05-11 02:39:37,4533ffdc40bce8334818a802c7aa3c39dd7bb67d07eeb1720cbe4b9a14360f3f,896194,304045.0,1144.0,0.003763,1,2,193
2025-05-11 02:39:37,67c84e1eaf8922cec2d0402ac427edbd581dfe7100f956662308abf7548ed343,896194,178222.0,1530.0,0.008585,1,1,189
2025-05-11 02:39:37,49dfd749d17d4114c0425a389d2fb68d64ef8310de9d36366cf2706a03a10d0b,896194,42207.0,1112.0,0.026346,1,1,302
2025-05-11 02:39:37,b9fffafecd50e32509010f51124f43802cbd5b6cc0a9f2074efbdf2c379485bf,896194,39366770.0,1656.0,4.2e-05,1,4,285
2025-05-11 02:39:37,795dc3d401f6547440a8f900b254ebaeca074c25d8f22e5277c69c8b41b6a227,896194,9790530002.0,1904.0,0.0,1,2,234
2025-05-11 02:39:37,290a4e0741642598169fb669ec6385583f84c49709284dfae8b671bd0f2265b7,896194,1688745256.0,1424.0,1e-06,1,3,256
2025-05-11 02:39:37,bca1d3aa97f933ec41ca97ee8104ace44f77c702e18892cbd9f3160aaf7dad04,896194,1719238298.0,1424.0,1e-06,1,3,257
2025-05-11 02:39:37,368e4fe157eaf7a1b949e774ad3043c9973f7fa0aef135f041c30e553e226963,896194,1760165823.0,1400.0,1e-06,1,3,253
2025-05-11 02:39:37,c31a1ec34fa72fa26951af074445c42b03803e1f9729da813fdc813719bf4e33,896194,561818436.0,1400.0,2e-06,1,3,253
2025-05-11 02:39:37,d14444fc7fbb88910a214b44db6906a147f0166e374d4c6ea669e50cbe871096,896194,6138.0,897.0,0.146139,1,1,191
2025-05-11 02:39:37,7e78908b4d5b0bcdddf3dd042e72bfa29695c631b9952d41a443fa06f0c65c05,896194,2871951.0,897.0,0.000312,1,1,191
2025-05-11 02:39:37,8f3722fbffb6348541d3ab3d1a4226ee75f2ad1283a19eddc850c91cce5c9194,896194,1740646859.0,1160.0,1e-06,1,2,223
2025-05-11 02:39:37,c64a115d10a192e44322330ac9178fd33d9c9220e51fa3235b1e7d47e4bf88fb,896194,1712303658.0,1152.0,1e-06,1,2,223
2025-05-11 02:39:37,9916a35535987667cd4e8734ff4bf2b22e00f5415802d79cdb8103189a7cf7b9,896194,1714294958.0,1152.0,1e-06,1,2,222
2025-05-11 02:39:37,75a9b56f8df92b902a61bb329f5e2435cda798ff0180d570041b8635265858ae,896194,1691353356.0,1152.0,1e-06,1,2,223
2025-05-11 02:39:37,a6707447697a91663b9b03e50fc48befa6ff32e101a308e110b08ea87b1bdc73,896194,562631201.0,1152.0,2e-06,1,2,223
2025-05-11 02:39:37,0488b6db427a217453ca2203ef66e8f47b3661f0395c30bdacf3047edf7c1600,896194,1735420823.0,1152.0,1e-06,1,2,223
2025-05-11 02:39:37,890f1eb2d3f7ef76e38ee34899a235c00a2bdab76e2c721dba3420540438e3e1,896194,75679.0,2639.0,0.034871,2,5,422
2025-05-11 02:39:37,24b97c5a4da149a81989236c79f41c725df302529169c7f86f9bc465b53f6280,896194,68000000.0,4257.0,6.3e-05,7,1,1084
2025-05-11 02:39:37,138f63808d57de85ebe28935db9122b00f44f1678705f935e4c934c35e1b8b9f,896194,401790.0,1160.0,0.002887,1,2,222
2025-05-11 02:39:37,f4b41ea334f2a5712fabddd86efd988ed9cb5b9d81e21ae132f545baf7a01203,896194,14212792.0,1184.0,8.3e-05,1,2,223
2025-05-11 02:39:37,8a4fdfbd0a41a481a22238b536093fde4ffc46e6b51c71344f0d8f3d272e4400,896194,4006084.0,1184.0,0.000296,1,2,222
2025-05-11 02:39:37,4a117229f49c5aefa28b4181a766facf64e3d71a05067c9b9710e7b43cd1b156,896194,236926729.0,1210.0,5e-06,1,2,226
2025-05-11 02:39:37,257c5776cd5f8c8aec1abeb29fea81064c67b0423c8ddbfde5d723c4cc35579f,896194,237728927.0,1756.0,7e-06,2,2,372
2025-05-11 02:39:37,42e6998c7b1ac9531cec3c7b10cba70e310ef4bf163297e6c72934188419de63,896194,237257172.0,1184.0,5e-06,1,2,223
2025-05-11 02:39:37,9b0d0c495348279876383120a83073a4f701c88bcb125891e27cb03a4d47a912,896194,237349323.0,1184.0,5e-06,1,2,223
2025-05-11 02:39:37,fc8c0c2aa640db66371881cdc415fc067716354cb2e24b54820740abfe752e9f,896194,84133432.0,2000.0,2.4e-05,1,5,319
2025-05-11 02:39:37,edcaa996e2fc73a62f479e852d8231fd925cfc5bc13ee7d3bf6c7fe05a18b492,896194,90570214.0,2000.0,2.2e-05,1,5,320
2025-05-11 02:39:37,19d02857cbae5d6299524f9f38c9dddf214564dbe8632de271d13962f640d19a,896194,134961350.0,1790.0,1.3e-05,2,2,374
2025-05-11 02:39:37,01056855ec381e49dc04190e54fa33fcccceb0eefe03eabfe43fb570bdcb02ae,896194,959741.0,1198.0,0.001248,1,2,223
2025-05-11 02:39:37,2409d931229a9e9984994148721093483b955751904ce203ee2fab1165a959a3,896194,16745501.0,1780.0,0.000106,1,4,287
2025-05-11 02:39:37,ec168bbc7b37cd4027e70421f62a73c7d315a22334972e275501649e541cef02,896194,410639.0,960.0,0.002338,1,1,192
2025-05-11 02:39:37,6c230b29c0432db0d2db7b393dc2ffad33e9b76c0997cb85a9e68f6603aacea6,896194,39023.0,965.0,0.024729,1,1,191
2025-05-11 02:39:37,75d097b1c2fa660a4d332265d326414225da246082fdbabb9abd7ef8c3a9ae6c,896194,27961.0,981.0,0.035085,1,1,192
2025-05-11 02:39:37,080cc6075c057f45ca8070e3314dfe487429395d31ae6abbae4500b27803553c,896194,37689.0,981.0,0.026029,1,1,192
2025-05-11 02:39:37,72bec7c62b5442e763335e41e32c5152dfd793b2da17dbf02af916cfe068fef8,896194,755366.0,1260.0,0.001668,1,2,222
2025-05-11 02:39:37,efd89bb107381fed23b0bf6139bd19d53a2864c890c32299db7daded35dcd053,896194,23711.0,984.0,0.0415,1,1,191
2025-05-11 02:39:37,a94cc38efa0c254543556ddc697f0ff00c679351f4e0f342eaa5e4ad309d645a,896194,50029.0,993.0,0.019848,1,1,193
2025-05-11 02:39:37,14bc7f304545e52f471a55a5a460eb8462577c2d56a193eab66b319370680f13,896194,90276.0,1724.0,0.019097,1,1,192
2025-05-11 02:39:37,075d8a3fc948b5ce25620b1cb79639c191605bdeb1e34d33f074432859d85ff5,896194,2008578.0,1269.0,0.000632,1,2,222
2025-05-11 02:39:37,d3aff15be21392274f014e5fa0c766e42a18bc23f1e5180919b7fd69c81255d3,896194,44332.0,990.0,0.022331,1,1,192
2025-05-11 02:39:37,e3e8e5d2d80f7e60a615284c5e5a13d9b5bb807d51999e9d6aee930b6187ee26,896194,16913646.0,1287.0,7.6e-05,1,2,193
2025-05-11 02:39:37,50bf8d0b88b16b284c5c42903b0cbc9ac97e8fc9b134030b3134b65ceb6da8a6,896194,16951039.0,1287.0,7.6e-05,1,2,193
2025-05-11 02:39:37,a0efaa50b4406d9970a277d580d7bf7e815add2452e31e90039cb5520b560003,896194,92863.0,1008.0,0.010855,1,1,192
2025-05-11 02:39:37,9b3129ab0c5b034ab0b9eb12424c202db9f20f90972602ed4db384469a7ab86c,896194,29117173.0,2800.0,9.6e-05,1,7,390
2025-05-11 02:39:37,8b5acaedc41590cdd681e23d0fb64a761ad3a6a9dbcbbac728cbd7b829866abf,896194,88688.0,1008.0,0.011366,1,1,192
2025-05-11 02:39:37,e092f00c0f20a8bdcc649377c53672c54e60302ee60bf993024708490356f644,896194,42375.0,1008.0,0.023788,1,1,191
2025-05-11 02:39:37,a7d7b892821574f68cc17dff9dfa2f87cc0eab3338a3956ce65b0d35eace9907,896194,16148.0,1008.0,0.062423,1,1,191
2025-05-11 02:39:37,8fae76e570a95e2eea9e8dd7395503c621150c02234f15559d517f6dccc5d8f1,896194,950000.0,1971.0,0.002075,3,1,365
2025-05-11 02:39:37,36a507355bc81834f59cfe399df1fb3526c2f3e9d1caf615e538c18ba0cb170d,896194,143434.0,1422.0,0.009914,1,2,235
2025-05-11 02:39:37,5301236b366b8f32a8ae7cd5ff44fd8d0af5826c42be5a07ea294cbf3cec5d94,896194,108492550.0,1544.0,1.4e-05,1,2,247
2025-05-11 02:39:37,2e8659134e556e8f4f5f029fbb3b8caeec1b053bd6778e5d3d2570d1de81f271,896194,54297634.0,1544.0,2.8e-05,1,2,247
2025-05-11 02:39:37,087c918a9f106ce64c3cd9fad2528977b26a0c3c5faf8dd532f3ecc770b80b65,896194,88554593.0,2223.0,2.5e-05,1,3,320
2025-05-11 02:39:37,d1c3126652721612be172ea0aa91168be4113a168d2d0c7b70bdefc96111520d,896194,66932198.0,1963.0,2.9e-05,2,2,372
2025-05-11 02:39:37,0c0dc3da12f32d8361105c32c36644766268e5dce1c53d86b618e038c5e01c52,896194,1129012.0,1906.0,0.001688,1,1,461
2025-05-11 02:39:37,e10a455f56102afff49e0856eb5c42090927ed72ae078716df90def3bba434a1,896194,121608872.0,2128.0,1.7e-05,1,2,225
2025-05-11 02:39:37,a495d3da9e973b0598f8eec80b2f1f4345aac141a91b5d81eebdc927aff9be37,896194,4429434.0,2128.0,0.00048,1,2,225
2025-05-11 02:39:37,8e5d6e43d5da29af687134d3c87d5000511dc0fec2a396775e8acd5e9aa475c0,896194,101337872.0,2128.0,2.1e-05,1,2,223
2025-05-11 02:39:37,bff2f305539b095c332745276a6b660181b9cd087fa8f7561843a6d89c07a77a,896194,337696.0,2128.0,0.006302,1,2,223
2025-05-11 02:39:37,e72f3ab0b981e902e5ee698e1eb73613c5d595501432787f956e0deb00a6c71a,896194,355068.0,2128.0,0.005993,1,2,223
2025-05-11 02:39:37,17b74483635adca9d82786330ef0384db059f2e1f2a1e1e67317f59e70e220ef,896194,1322149.0,2128.0,0.00161,1,2,222
2025-05-11 02:39:37,3f093a3c98ad83e706397b395bc263e121f0723b8095d4a3123ee4403474b798,896194,81909922.0,2128.0,2.6e-05,1,2,222
2025-05-11 02:39:37,1729a25ae992a9369ae4e730ec491cd7c10a6122e33bd4c2a983ff82ef901542,896194,763724.0,2128.0,0.002786,1,2,222
2025-05-11 02:39:37,7eb7395440146ab4c358243a2417b24e8e6e25dfc611aa4a1c2475e48d9c7f9c,896194,1432964.0,2000.0,0.001396,2,2,370
2025-05-11 02:39:37,a3fbd99bb24c7e4cceedc84e56da3f32576b72d29cb959f5182990328516f56d,896194,237205.0,1058.0,0.00446,1,1,191
2025-05-11 02:39:37,342e01c8e5fa1a8e7f093aefcb6159530780c6f6643d8246d00585ed747d4919,896194,124541128.0,2000.0,1.6e-05,1,4,289
2025-05-11 02:39:37,8719ff4fa3e6439c86b083cee2e7ef30af27a89c438da3886892394357aebd49,896194,99998000.0,2000.0,2e-05,1,4,288
2025-05-11 02:39:37,1fae42cdaf7ba329c6c68e65511df86d7d5f3ec3d86f16ffd90cc9b27764c3ba,896194,49000.0,1745.0,0.035612,2,1,342
2025-05-11 02:39:37,bad83e9e92c21e2e4370e6bcf9116f39a1904eba061b4bd90d4c19e91fc9b626,896194,230651800.0,1089.0,5e-06,1,1,162
2025-05-11 02:39:37,16f8bab2a89a04960b219d461911f99524e5a886f639eb874e295901afe9239c,896194,115083026.0,2060.0,1.8e-05,1,4,286
2025-05-11 02:39:37,44b4b60ad10b55cff4da278ef152f87a92eb604fdd4004a62d8ff062df44935e,896194,118119258.0,2914.0,2.5e-05,1,6,350
2025-05-11 02:39:37,bcdebce4ca5e0b74b81bc832ced5f0a2c4d3e356ef06906983f9bc9a8259620d,896194,118634773.0,1632.0,1.4e-05,1,3,268
2025-05-11 02:39:37,90ceeb8d9a409fc872ff64e4e47f531b797926f3d135d547253fd5553dbd1693,896194,119544442.0,2060.0,1.7e-05,1,4,286
2025-05-11 02:39:37,d0da53d82b8bb1fcc60d3a7ac429311b4d1163e456e102f1fd204d507b1d4024,896194,119784981.0,1632.0,1.4e-05,1,3,254
2025-05-11 02:39:37,751d9827818c3e3514c6f44434b71adac96026497cecae0259443aaf1fdb6477,896194,119874058.0,1586.0,1.3e-05,1,3,254
2025-05-11 02:39:37,e5ba84725f6ce019644e770c69c7dd14a7c484a721c9efd1933172ff0237528b,896194,198554330.0,3399.0,1.7e-05,1,4,345
2025-05-11 02:39:37,45bc9df8f94cb422c4f7b8296758c5b3ff98cdba7ca8e35c8990077e0dcb6e35,896194,99998000.0,2000.0,2e-05,1,4,284
2025-05-11 02:39:37,0f7cec4560179a576b90afeef500d0c7ad24677971604087791912a2c0c2b1c8,896194,7744121.0,3614.0,0.000467,1,2,366
2025-05-11 02:39:37,ac3c4e4cf9d45d15cf08361d9a9cafc8a66178c26c77c9084932e079762b2ef1,896194,1734592.0,3421.0,0.001972,1,4,345
2025-05-11 02:39:37,e0e626d136fad309cd95d55a21a24fe2ab485b96b74946cf1aff5d52023fe3d0,896194,7133.0,1015.0,0.142296,1,1,153
2025-05-11 02:39:37,821de5e5280db17b7e090abf4a16e9ac584fdd4f1ce6f552ab3f4140880277f5,896194,1145256.0,2397.0,0.002093,1,1,316
2025-05-11 22:58:45,e81c9174708e02efb62686e69d6468b131f0a6065964811ccb0ede114928cb18,896321,49543492.0,238.0,5e-06,1,2,222
2025-05-11 22:58:45,c6b6c6afbc7f6f5a21309cb50e9fa76d6d7964e3a089d4e4bd5270045330c617,896321,44364508.0,238.0,5e-06,1,2,222
2025-05-11 22:58:45,23eb2c9c4354129edc3e8878c810b4aac65935508eb3d64e479a5ac3d603dd13,896321,44849092.0,238.0,5e-06,1,2,222
2025-05-11 22:58:45,8c71dcb687a10a0ca78f7b2e3bdeaaae39912f6e000bbdd03797d1e36385e411,896321,5252834.0,238.0,4.5e-05,1,2,222
2025-05-11 22:58:45,d268ba5dab06e884d9d6ef2314b94a53df3bd782eadd47dfa424e4afa252e90f,896321,1701734.0,238.0,0.00014,1,2,222
2025-05-11 22:58:45,f6361ea355b5c928e4d5824d97c182a88f441f554f247d76f5c1f2125fefa00a,896321,1028875.0,238.0,0.000231,1,2,222
2025-05-11 22:58:45,6465ff6a2edec68103e2f0a956ba427cbdc7ead1a2e255addb6a631849ad7e04,896321,60253477.0,238.0,4e-06,1,2,222
2025-05-11 22:58:45,ad784aa7d9fa5de89434807fd34e461e5bf6c6ff23f681c384ab06ff4e4dca03,896321,51298324.0,238.0,5e-06,1,2,222
2025-05-11 22:58:45,ea6022698a7b6221fa45d0dfbfdfcfbe59c479c3bcffead600d122bed6985300,896321,42113833.0,238.0,6e-06,1,2,222
2025-05-11 22:58:45,d1314b40fb3f82127a2ba67f5ff40d0762c18fff97b7b1f56ba28862ab5b24a0,896321,10145101.0,674.0,6.6e-05,2,1,399
2025-05-11 22:58:45,97f2e71c825f9b45b278e59301725123592955aa1dbcebffe800f963d30a95be,896321,714170.0,234.0,0.000328,1,1,302
2025-05-11 22:58:45,e118c12aaae5add2e5e09dfe9ad863afb34182ccb41bb5e1f4ae859025aad772,896321,175149.0,429.0,0.002449,3,1,490
2025-05-11 22:58:45,e8697f4eb01d394164bb8ef3dbd26b28124e2df2438b92564acf045816afe632,896321,2919998479.0,329.0,0.0,1,2,381
2025-05-11 22:58:45,c269f281c77c193935b17669f538477c3fa0bc7b7981e86ffffa3c7adffb4225,896321,153760.0,567.0,0.003688,4,1,647
2025-05-11 22:58:45,4eb69347163eed14d86200fc12e0db8850d032c552faed1081ae25ba74c7b311,896321,47026.0,192.0,0.004083,1,1,191
2025-05-11 22:58:45,1ef622c3bb7db77b9aabf709ecade47236279fde40829cfe6f51c97310ac6ce6,896321,23150.0,346.0,0.014946,1,1,406
2025-05-11 22:58:45,20b6f9d4d1d8f4e4a380340f6ecfd8147ce7b0bda0f574c5954a6ad5f06ffacb,896321,616302.0,223.0,0.000362,1,2,234
2025-05-11 22:58:45,bf196d407d8b69a1883db01423f16057d56f679f6c772d7fe5992728c3ae8cf1,896321,957337.0,247.0,0.000258,1,2,223
2025-05-11 22:58:45,c0c6e68d0ef153b8c10390314f7625aabbadf2e58943715aa25719716a135552,896321,13689.0,855.0,0.062459,1,2,284
2025-05-11 22:58:45,f27c1a75b20613caf7683da99700e94c544bf981eec317d817f2fbb73bf274eb,896321,14544.0,570.0,0.039191,1,2,283
2025-05-11 22:58:45,87855a066dcaa7627dc75ee19447ddc53e7c90cfb00cd30cf7b140e94528f929,896321,15114.0,285.0,0.018857,1,2,283
2025-05-11 22:58:45,c5862d68675b0bfeee1eb0a1b8169264ca4ec302747581fe936d4fe505682e22,896321,15399.0,285.0,0.018508,1,2,284
2025-05-11 22:58:45,92fc947676e9ad1e925d27c62414ca990259e9bdf11e2b061840fe0dbbae7c85,896321,8070.0,225.0,0.027881,1,1,151
2025-05-11 22:58:45,9debc24e93e3493319b989e38d4ecfe255900ecf56a356d1f14bb80853a81f70,896321,18888.0,205.0,0.010853,1,2,194
2025-05-11 22:58:45,7a7237953b627954c72388943cdeadc4198f19de137395bdfa319a78eb4d0b26,896321,508262.0,271.0,0.000533,1,2,234
2025-05-11 22:58:45,9de65f233464ea06724ad073591312823226bda1cf79e09f95f545c0b441273a,896321,12896.0,250.0,0.019386,1,2,222
2025-05-11 22:58:45,1a61177e529d8feb56aa782c38789c289dd85b524481c38ff8e000fa604252fc,896321,249921.0,371.0,0.001484,2,2,372
2025-05-11 22:58:45,1b1a29a2c8928a60e20a9df626a4e704a89bc4cb3d72d5577132289a2480f42f,896321,534.0,219.0,0.410112,1,2,174
2025-05-11 22:58:45,1f9272e6a244ab73dd71f0d19b5b9d15e73269fed2d5989bc6923387086f9a70,896321,47918749.0,550.0,1.1e-05,1,1,192
2025-05-11 22:58:45,bf766387022909d53b1980f06a937fbc940a6f41aedf3f028b4de3d349a2f529,896321,100018845.0,1012.0,1e-05,1,21,847
2025-05-11 22:58:45,b197a89f2198e0aadaa2d5c20fd8a9b476995e467a29cf0de93093c76b01e553,896321,957366.0,274.0,0.000286,1,2,234
2025-05-11 22:58:45,168357ead70568e6a342d0b6b320f3b1ac9e64255ff0e19158ce6c2f8d21ec47,896321,1347760.0,484.0,0.000359,2,2,371
2025-05-11 22:58:45,def50fb582cb6be4fa488738bcf15fac099d8f92ed16c9cd60bdd75f429ad8e0,896321,607749.0,145.0,0.000239,1,2,222
2025-05-11 22:58:45,da8aaee623cd32f360b43e0e461202e8d631f3c31a117bc111612912fa611ed4,896321,1140402.0,198.0,0.000174,1,1,191
2025-05-11 22:58:45,2e6504c8fbda9c5d56090dccb599c021ce1e0b3f41e4a9d46639c794788c6c48,896321,270572.0,198.0,0.000732,1,1,191
2025-05-11 22:58:45,1ac1111ec6a5a7c12ad121648986d257d230dc111f2137fbadab05fb3c56746d,896321,19846.0,254.0,0.012799,1,2,222
2025-05-11 22:58:45,80bcfd8c9a6403bb4894ba697dc84af1d85539684aaf371bbe6411dfa0d410d1,896321,186382.0,200.0,0.001073,1,1,192
2025-05-11 22:58:45,1a6d797a1f89dc5d0c1dbcc66ca370ed46abcf4264f32a83d1e3a5a90a22d78e,896321,1575024.0,256.0,0.000163,1,2,223
2025-05-11 22:58:45,cebcf513c900848e5b70969438b92a4f867433d65e3470d3355441e64816e60a,896321,2358306.0,199.0,8.4e-05,1,1,192
2025-05-11 22:58:45,ce25df68ade058acffc1197f62f7db52ed7020bfdb9fb83169799061e03df965,896321,69526016.0,258.0,4e-06,1,2,223
2025-05-11 22:58:45,78c2f0bee7454fd0151e2431e3b33b0c6489b80671fb616385f6627a5e3975fc,896321,45800.0,200.0,0.004367,1,1,192
2025-05-11 22:58:45,4b5dc5dcc4e320fc0f708d9c12cb8853853936d47e2b2185f60deea51a728fc5,896321,55800.0,200.0,0.003584,1,1,191
2025-05-11 22:58:45,c3bfd14d1d813c1b55c7a7310ca9a7a5b89cf484e2173628b8416cfd6cad2fac,896321,88800.0,200.0,0.002252,1,1,192
2025-05-11 22:58:45,bf24aaab6d1b4bcb40cc7b514a02e644acc24565f44fdb6dc54e5fb58bb0d382,896321,205800.0,200.0,0.000972,1,1,192
2025-05-11 22:58:45,b872c7cd60db5020808642bfecfc5a60e07e578e6a17a133ff5429743cde5077,896321,17800.0,200.0,0.011236,1,1,192
2025-05-11 22:58:45,d7511906c1d08e5b7db20bb099f6ff0da115a86514061ad38245642ff0287656,896321,84800.0,200.0,0.002358,1,1,192
2025-05-11 22:58:45,b8c610a738b2643ea9c160b168a511e18153149939c3adb588a5bfafa3201894,896321,403932.0,201.0,0.000498,1,1,191
2025-05-11 22:58:45,66b3ba514f1391c485131cf0fc89d6092ac15a1ea6d8589b1ede0b0b0e1e3db4,896321,365924.0,349.0,0.000954,1,1,151
2025-05-11 22:58:45,6bf409b186ec14823286ab49232c3e85ea779b0c01c993088badc9ac0f941f39,896321,366273.0,224.0,0.000612,1,1,407
2025-05-11 22:58:45,61cd322cfb42a4daa920127058b09fb0e570d51e2838d089fd7a8f55a20367e4,896321,1231956.0,206.0,0.000167,1,2,234
2025-05-11 22:58:45,05dc0955a99f6d2c616cd88872d3499abe2301af78e2b5bc93b1730c7dc23f6d,896321,717576.0,450.0,0.000627,3,1,488
2025-05-11 22:58:45,4b2aee5b578e9d5a150582823e339fd9acf167f1e7ef2e024aad21e751fff920,896321,40740.0,260.0,0.006382,1,2,222
2025-05-11 22:58:45,65ecf091dc31214a232a41a59c03ce8ea0c900359d4e2aa6e670501b23c84316,896321,40740.0,260.0,0.006382,1,2,223
2025-05-11 22:58:45,6c54c08233839b69dd660a14756c106d246f6cfaff978ba39c3d2774d5b4cd7d,896321,193000.0,707.0,0.003663,5,1,784
2025-05-11 22:58:45,487b48470f9d8530ea97ee0560fa5e572a9158b707f5c1036798a1bf826e537d,896321,91850.0,261.0,0.002842,1,2,222
2025-05-11 22:58:45,99b6ffe506fa03832f6dbf532b52ce1125facccdff188d6bc638d92cb2e13da8,896321,213432.0,848.0,0.003973,2,2,375
2025-05-11 22:58:45,25061c5073100bb4a8521bd00e1d648b47e0423669d44e9d9a1c0c53375f9506,896321,99998886.0,1114.0,1.1e-05,1,23,925
2025-05-11 22:58:45,b965c95ba5de7ca9232e73a3935bbd386e3a43b81a5ba7d07156385891a6726d,896321,6102275.0,2399.0,0.000393,8,14,2028
2025-05-11 22:58:45,6b6f01bb0a0c6deab1b7006e09cff672d0900c1c836df982bf9078c3c6e24fc5,896321,335230.0,153.0,0.000456,1,2,234
2025-05-11 22:58:45,d5041f177c3eb7b0054a25520d39338cf8d9fc33bcb3a256c192b69150aa8fcf,896321,50100.0,213.0,0.004251,1,1,194
2025-05-11 22:58:45,996467bac46cfd02c73515bc844ee9e5d0b178550261dedc3e4255250cc8ac6a,896321,66742.0,282.0,0.004225,1,2,222
2025-05-11 22:58:45,633297f680b2776ad5518243a34fa32f0df36bc4d7d4416045dd0cd2c8b59eb6,896321,86298.0,282.0,0.003268,1,2,222
2025-05-11 22:58:45,3ec2d470aed3651f1dd5ed0b9f4f5d68152cdd61a6821f4dc8fe065c5b5d8823,896321,34852937.0,238.0,7e-06,1,2,222
2025-05-11 22:58:45,ac01c7cde407a81b6c91c64225cb3f453b5f29c3cdd2d6474afd1faa05d15876,896321,49660576.0,362.0,7e-06,1,2,381
2025-05-11 22:58:45,d9dba652514c153fb85b66f093238d686f7af7b40704e73203915aa0a18f5d94,896321,5500.0,546.0,0.099273,2,3,447
2025-05-11 22:58:45,516d5ccbb348072ccdff145f396eb62528bf94894f2814a3f4334feb1fd3619a,896321,7100.0,274.0,0.038592,1,2,222
2025-05-11 22:58:45,b57af8f3eb7767b8863c90f0a1f572c3e82a7f1de7432d3225e822794aa4f27d,896321,11485315.0,1348.0,0.000117,7,6,1251
2025-05-11 22:58:45,97228bccf757b1a007a6449931ce0ffeedc3d82bf04ea6c2b7429d70b0d037c6,896321,93801.0,216.0,0.002303,1,1,191
2025-05-11 22:58:45,298bbc58300cbd9c4bff2f7e6b01dbeaa9e7d18b22c41ce9349dc602732b1ff2,896321,187445.0,218.0,0.001163,1,1,192
2025-05-11 22:58:45,46e2a88fa0945097e99db454e4e98e02948f4b5669a7707153bb3d6e1fb26a3b,896321,242341.0,218.0,0.0009,1,1,193
2025-05-11 22:58:45,4e6cd406f2e2b30480624aa20d4d21e110837e04f34b479c04135df421898ed3,896321,100546.0,240.0,0.002387,1,1,203
2025-05-11 22:58:45,97554304135ca837f5aaf935328c7dc44fadc1c559076b9c15e11806d57abeb8,896321,3177032.0,1397.0,0.00044,7,2,1276
2025-05-11 22:58:45,1a4e23b498ae948d012d819fbe7695ff0cbe2d8f33b1c158a6f8565f7038dd2a,896321,9701628.0,327.0,3.4e-05,1,2,247
2025-05-11 22:58:45,2bdaf50233d65ee76358abbbb72ca575cec545953178f67639d96b7c193ecc2d,896321,342876.0,412.0,0.001202,2,2,371
2025-05-11 22:58:45,656da553c72b98bd5c384ae3b145afa0d10655bbc031a1f8afc7c5a7c46582a6,896321,66797.0,278.0,0.004162,1,2,223
2025-05-11 22:58:45,3a488625af67bddd820c7ecd7602ccecb123a8a021b51240cdbe1711d843311e,896321,59154.0,280.0,0.004733,1,2,224
2025-05-11 22:58:45,d8b14edec699813f8d27ac25eaf79669272ab8820c946d71541196227269098a,896321,191982.0,284.0,0.001479,1,2,225
2025-05-11 22:58:45,cbab2dc37731630c6645d3e475431ddce696f9eec20a46aed4e387133bd0330a,896321,152793.0,2094.0,0.013705,15,1,2271
2025-05-11 22:58:45,8129319a4c0ce9cdfc9cf5ff685a510d1a9ee6afba0e0c9bc6ee4c43d01e1ae8,896321,73699494.0,506.0,7e-06,2,2,418
2025-05-11 22:58:45,ea49b1de6f5813fd261e0f4304ec897addd4eb086b62d28be2c2e8c9d98134d7,896321,50442497.0,279.0,6e-06,1,2,222
2025-05-11 22:58:45,b8434e4d6e68dd3c637462f4f652fcf1a661c608c346e202914fbd5e04c278d4,896321,816188.0,279.0,0.000342,1,2,222
2025-05-11 22:58:45,a813da2f786adc13de0a94f8257788c26f9bec70d0c8205cf88954eb2c3535b4,896321,26778921.0,279.0,1e-05,1,2,223
2025-05-11 22:58:45,a8c2f4e9b9c8e731c025f19135281cccb5841cedd059ce08eec5be12227b7064,896321,2094860.0,279.0,0.000133,1,2,222
2025-05-11 22:58:45,528d34a87da47bdebfced6d2e6f803e83f19938d1df30b2f462b3b94e8a70361,896321,43781201.0,279.0,6e-06,1,2,222
2025-05-11 22:58:45,d9b3d97495c52ef83b6a73c4d86574ba064fbee637d9ec95608998d051b47225,896321,3106537.0,279.0,9e-05,1,2,222
2025-05-11 22:58:45,8ab6479c3352dfeac422c5fd6ae59c52f34d883e787ddb4b68e089adfda41120,896321,132381.0,279.0,0.002108,1,2,222
2025-05-11 22:58:45,83e43aa05786dc9e0d0b8ba4792b527e4b73d00618f95b09519d1a4c3d234a8b,896321,213625.0,1217.0,0.005697,8,2,1258
2025-05-11 22:58:45,aee88651b1d6898f058d88190e705ec4d7de77df5019bb4d31dbe89f66ec2975,896321,99868.0,289.0,0.002894,1,2,197
2025-05-11 22:58:45,b0a464dcb4186cdee6031ca27e75e10e081054a12fd8365c3fd9ea71571a6b68,896321,545317300.0,414.0,1e-06,2,2,371
2025-05-11 22:58:45,869fc97e031746ff9f62875f2ed5e35cf9e619449a8fe9233ac667af730c6484,896321,545327414.0,414.0,1e-06,2,2,371
2025-05-11 22:58:45,5da02c7921d00b75288d41a60598fbb83382f77c4283a585a16a47e746292b61,896321,269934.0,414.0,0.001534,2,2,372
2025-05-11 22:58:45,9163515204bb91b5b1dd1a82842036b93b7cffa8ca06455a9b4b97a780b71f26,896321,504899586.0,414.0,1e-06,2,2,371
2025-05-11 22:58:45,35d1c07b5b8cda7c45e019bbc5b06bb3c6de6aeb21262050f0e49b510a8563fe,896321,8374.0,432.0,0.051588,1,3,269
2025-05-11 22:58:45,0ba6523ff3d8f15bb4e15f65fd4b33d2142f25487e5740fcbca81ce90a9f42fe,896321,9568.0,432.0,0.045151,1,3,269
2025-05-11 22:58:45,90e7d3207c87be277cbc76a1893719bd3176b72b2cdf3cf54710e96b2c4242f6,896321,8374.0,432.0,0.051588,1,3,269
2025-05-11 22:58:45,da10d52b0441549660ebd280238d571c72e883abb59c1d85b26a88f95803afeb,896321,8590.0,432.0,0.050291,1,3,269
2025-05-11 22:58:45,7f7f3f675ecf19516e4b0d5ab31d500bcb262db26460c5b55cf0fa567b428be8,896321,9568.0,432.0,0.045151,1,3,269
2025-05-11 22:58:45,9573aff633b160bbdb40e47d5fe531cad5e6fecd12c89e6b7e3651cdd5b732e5,896321,9568.0,432.0,0.045151,1,3,269
2025-05-11 22:58:45,b7ae5024682edf515e9aa00f44dd581554b39de024d7f1cffe147cf0d5c5c8dc,896321,8374.0,432.0,0.051588,1,3,269
2025-05-11 22:58:45,89b00849077bf587669932ff3010038225b5d87e838d29e5d326926a77a896d7,896321,9568.0,432.0,0.045151,1,3,269
2025-05-14 17:09:36,7ced29126a295a3bade9616f0abc7e98731f3967f9334b3fd1a6833b327fba62,896699,3182070.0,705.0,0.000222,1,2,222
2025-05-14 17:09:36,b78f18cd907c6bff1f874f08e8eb4173f66b8f6fdd48852421f3ffe950416660,896699,349514.0,705.0,0.002017,1,2,222
2025-05-14 17:09:36,0d3079ff01cda0db0f71a4cb4a1a9a8ac80217fc915f2f2dfde7fed2c293c55e,896699,328098.0,550.0,0.001676,1,1,192
2025-05-14 17:09:36,9aebd3f7001dc2e6eb6f48794e4444b0bb344e9abe3378e0c72834e4013f925c,896699,239777.0,565.0,0.002356,1,1,194
2025-05-14 17:09:36,6097efa70d0423a68965b1b2b1c738e4bb957e13874ab16a5539ae7fe9069c5a,896699,487266.0,705.0,0.001447,1,2,223
2025-05-14 17:09:36,762f2b81949f9f0c8affd5db94de0eacb29aaf6031e0a0cd4dc7de76c0110e53,896699,288116.0,1060.0,0.003679,2,2,374
2025-05-14 17:09:36,377a37505753e26bba39efa1d35fa90351f470dcf301a7ebbbb69d87f15f5551,896699,981007.0,565.0,0.000576,1,1,194
2025-05-14 17:09:36,b04f46bb0e34f6096902e7bc89eed353f9005e2167a77c9ee42a46d20ad2494d,896699,101506.0,705.0,0.006945,1,2,222
2025-05-14 17:09:36,50e96420b7e47e765247ccd1331b8476bfe9d95f09060bb23e627667070bb149,896699,768522.0,705.0,0.000917,1,2,223
2025-05-14 17:09:36,947e5e694f15ed40a5855f0259c9d38d87fc241f1d9e8f1ee0fb6f5c10b5df44,896699,1734222.0,720.0,0.000415,1,2,225
2025-05-14 17:09:36,f4485c464486379e66ed2c89bf5c7daab1f0be9a1b188990c4b08fde33a1b542,896699,579755.0,1045.0,0.001802,2,2,372
2025-05-14 17:09:36,a49ba1bee5cca05339d1345b527e189cb4d7aaa46e7d6443d97a6da5ec53ed41,896699,1887111.0,705.0,0.000374,1,2,222
2025-05-14 17:09:36,b4260f3fc94c93d51e2e22d6e79ca2f59550b6847d1f06cd27cbf04f0d01e041,896699,789444.0,705.0,0.000893,1,2,222
2025-05-14 17:09:36,bd2ae3e14d62f4c6449d9b8b643a2d9dc66e4f9a6737626c708d3af46c367741,896699,137094.0,950.0,0.00693,2,1,352
2025-05-14 17:09:36,8a55aad42be73409cb464c6a0aacdae1ed179dd131990f93fc1887b9ce66d03b,896699,3360.0,555.0,0.165179,1,1,192
2025-05-14 17:09:36,8469211c688ac7d3000e81c5614b2c3e766a642533c48e8f8bb1247eedc7b33a,896699,1008450.0,550.0,0.000545,1,1,191
2025-05-14 17:09:36,ecc6571e1550b2971e34dadb13d8aa0e2399599d9f96120d9fb9c11423455639,896699,592208.0,705.0,0.00119,1,2,223
2025-05-14 17:09:36,9bc48f1a2d806b36f0cb3cd480452d772e113d2764fe3b2db1e80518279b9738,896699,4184972.0,1045.0,0.00025,2,2,371
2025-05-14 17:09:36,e9e7c6991543e16637adc40109c718efc4c59d220628dafdcb310028ce274533,896699,568218.0,1045.0,0.001839,2,2,371
2025-05-14 17:09:36,6ba57efe252001a36f927d46bac3c69aaca5521c527c862a685c338ffa172b30,896699,110615.0,705.0,0.006373,1,2,223
2025-05-14 17:09:36,7725136882bd5d7aa74296cf6ce38aa212f36cb4efb1433657e8edc45b05512d,896699,184073.0,705.0,0.00383,1,2,223
2025-05-14 17:09:36,2d9f9418365a03d4137276a370b2dbacc057fecb5d5fe9a7ff755e07d7246523,896699,246326.0,720.0,0.002923,1,2,225
2025-05-14 17:09:36,5b82fd1941a3abc7bfb9a81a5b23373acbd4e41df0cb143880ff394bc7b95422,896699,3135243.0,720.0,0.00023,1,2,225
2025-05-14 17:09:36,73b31fd9eaa0f6fbcef7e5d7fdb4b695ac903df56dc8d1ff9ea54614fd88c221,896699,350968.0,1045.0,0.002977,2,2,371
2025-05-14 17:09:36,25ec235a9032c246e67d6cb0103664631c87f0a13762c627393d581d5c46811d,896699,4549835.0,565.0,0.000124,1,1,195
2025-05-14 17:09:36,ca7817156f00eee6029e5496cb934fd2a8f37e49aaf5f5ebb0c7514537eee01b,896699,9656.0,705.0,0.073012,1,2,223
2025-05-14 17:09:36,e222a30ad95bb418dc859079559e90693ee3e5f586599bfd3acb2c5f89838619,896699,375423.0,720.0,0.001918,1,2,225
2025-05-14 17:09:36,9a1770434c87097bbf6443b549f8bb1b900de3efc35fc5a972383dc51e027a18,896699,101672.0,705.0,0.006934,1,2,222
2025-05-14 17:09:36,53b6f94f1affcc2aac707f74c374b5c57992215841330f5929a40d2aea98db16,896699,4366983.0,1045.0,0.000239,2,2,372
2025-05-14 17:09:36,4bb42d418368616f28f9a5767ba980163622c91dc32df6d1531883928ee55a14,896699,35737.0,945.0,0.026443,1,1,189
2025-05-14 17:09:36,020eb4a19c924a896a9332479bebb31fa9df26c9fc2f5b541620e7cb0cff1013,896699,995857.0,705.0,0.000708,1,2,223
2025-05-14 17:09:36,ff3c26e37a0eee6616eafa9b439d5c2c4a1217258b1cef0aa35447b38d47610e,896699,35137.0,705.0,0.020064,1,2,222
2025-05-14 17:09:36,3a02deb73ddbb0657843ec93bb624960ac3b4b24b8441e171a4c00d690f6080d,896699,190375.0,565.0,0.002968,1,1,195
2025-05-14 17:09:36,3d057fd47fc2d807b29aed2d57dbc704200673f73089ef21480b05681e49ee0b,896699,746779.0,705.0,0.000944,1,2,223
2025-05-14 17:09:36,ff5ee9c63d0818ada097c514f968ee7643d64c46e687ec62ae6136700148a809,896699,9328626.0,2260.0,0.000242,1,12,533
2025-05-14 17:09:36,c9d398b594234a2580482152c9374c22f38e2648e148c8ea11242c48a2966007,896699,28000.0,720.0,0.025714,1,2,226
2025-05-14 17:09:36,fabb3bf5496b0965851abce6bbeffbe7a25e08c52b8431a5e168962a049e5c07,896699,5759451.0,710.0,0.000123,1,2,224
2025-05-14 17:09:36,8048d032c05a88662937bf19d682c7a6ff9c148b817873ee1554379325d5cf04,896699,389909.0,705.0,0.001808,1,2,222
2025-05-14 17:09:36,935ea8cb7bd0ce0f8063db0a97e4ee917006697a766e6f349bf8b89f37c98003,896699,9111.0,720.0,0.079025,1,2,226
2025-05-14 17:09:36,20ae7cc156da06d07375c4347827ffce7dd6aec9963b9cf2f957cd3bfc46d300,896699,101872.0,550.0,0.005399,1,1,192
2025-05-14 17:09:36,a1320b2b5ac5a6c733d0dea828c1350e12b24d4aac3a7a3414b3e632a8a2bc79,896699,143606.0,15230.0,0.106054,33,1,5705
2025-05-14 17:09:36,379d020c989aaade954afcad904c08f73e77309351849e8e0063bd9b1e7a37fa,896699,3129058.0,2719.0,0.000869,7,4,891
2025-05-14 17:09:36,bdbea6e3e0d32acba5abbb8cdd526b5522de5bc167d3a5a2d30db1913f09d69d,896699,672089.0,2765.0,0.004114,2,13,714
2025-05-14 17:09:36,2cf34bafa8b4026cd53decd15c7ad2e3fe75119ffc51b9954c20aa6b1c5d4a0f,896699,68048.0,952.0,0.01399,1,1,190
2025-05-14 17:09:36,8169ca9b09e26f116d533d233770a28c79287e764279effdee929fd2a67ae6e8,896699,2814264.0,1725.0,0.000613,4,2,668
2025-05-14 17:09:36,2f358a2b540ab7804e202e4020a29b27789e06b54ebbdef5ae6dd7f79d47581c,896699,103744.0,1390.0,0.013398,3,2,519
2025-05-14 17:09:36,1eabeb7baf76d2adaa4889fc02fe96bf813733df77f77a16460ebd8bfbd91ef4,896699,29993296.0,12110.0,0.000404,35,1,5221
2025-05-14 17:09:36,993e64c923f25cb942002d6343fdd4480407d43257aa591db972b3150bce21e3,896699,1804797.0,1295.0,0.000718,2,2,420
2025-05-14 17:09:36,1d7df30090ae319f5d37147e8226af061db6b597a128f1b148c46c780fba58e1,896699,183860.0,693.0,0.003769,1,1,303
2025-05-14 17:09:36,9012b39e279773cd8ea756ad909ed4fccfe945075e79a8b0874fedc25fedf9fc,896699,3734220.0,1130.0,0.000303,1,2,225
2025-05-14 17:09:36,15b552d34fa87061f67c60314711c1bff6d520aaa69c11eee8526a78bd8ddefa,896699,103970.0,1045.0,0.010051,2,2,370
2025-05-14 17:09:36,eb7514e8f645001ab7ab6a740e70797906f4e3c1a3ee03a3e3a87303503e41de,896699,22166.0,945.0,0.042633,1,1,188
2025-05-14 17:09:36,fc3054e9419484b0b0cfacab88ffd815f3c740b4f219715c604a31ac670cb8d6,896699,29052.0,945.0,0.032528,1,1,188
2025-05-14 17:09:36,d3e035d2a96ac3c059cea239dd3bae3095dc8e85125acd5cba9d3a9058748fc6,896699,244706.0,890.0,0.003637,2,1,339
2025-05-14 17:09:36,5d99696d78b1cc9b263d0545da545c8ac14f479a8a206303260ed60db56c11ac,896699,11042.0,890.0,0.080601,2,1,339
2025-05-14 17:09:36,86d41b633fd66351d26ae827e8fbb4df2ac1fbfd61b85c08544822b80a97bfa9,896699,7893635.0,730.0,9.2e-05,1,2,196
2025-05-14 17:09:36,b40dd2de0541f5b3e33768066bbb81cf93221cdbbdc57f0023b2af1ef7df1b20,896699,5799220.0,560.0,9.7e-05,1,1,193
2025-05-14 17:09:36,2d0df19a16313548948551510830e94eecf70fadfe8a820b6cbad31b983bd21d,896699,355178389.0,4920.0,1.4e-05,3,2,974
2025-05-14 17:09:36,6ecd608a0a0f1c795d882850c36e3dc48ab41ff5bde3084ab40e8a13c25b3052,896699,243029.0,971.0,0.003995,1,1,192
2025-05-14 17:09:36,d8d43f91e0aa8f1d25121934eaf7417616ff66e2749d6ed2b00b9ed63bbcde97,896699,78023.0,719.0,0.009215,1,2,223
2025-05-14 17:09:36,42d55e0da0a70388bf68f2b5f673df26c430cdea0c10b5a2122689fd77b565a7,896699,541280.0,4165.0,0.007695,5,2,813
2025-05-14 17:09:36,143dc479ca6fd6e51cc51f4f4b88b2df060d866d0adcbc9e637a315ddb0dd389,896699,238644.0,1144.0,0.004794,1,2,223
2025-05-14 17:09:36,3d2b3eb1a3402b35859a354b82ea0b99ed9e8efb6195773a085332b234cd8a9c,896699,67434598.0,1129.0,1.7e-05,1,3,411
2025-05-14 17:09:36,57f5c0fa23cb4aec977e611a8a1f68f7ddb3c7986a16333a6960a205b93af193,896699,2930239.0,2758.0,0.000941,4,2,1296
2025-05-14 17:09:36,36f5990a14e72060cb521a15e2576434af1276e9838ef67c1dbfc9313e5050e9,896699,188159500.0,1073.0,6e-06,2,2,370
2025-05-14 17:09:36,fb624bf549e7eaef10ac577c6a89f2b9ef202281f07cd44cd5e953de6924bbce,896699,990774.0,729.0,0.000736,1,2,222
2025-05-14 17:09:36,606e02b9b282770b06e3d55b9ba43e384790d21ae77b1046fa71857777e4d173,896699,140274.0,729.0,0.005197,1,2,223
2025-05-14 17:09:36,70522de4f29878d60133334777ba89e1a133cc74b3c5a9cbf6a5be72d6dac26e,896699,141849.0,729.0,0.005139,1,2,223
2025-05-14 17:09:36,7733bf4ec5bc21447bf961259fbd82e83c21c03ad39587f3c9fdc834ea6fe96b,896699,72419.0,729.0,0.010066,1,2,223
2025-05-14 17:09:36,843c26606a2875306b1221723c81cce9ee0708d29f26c2c4bca00b67c39dd829,896699,1489620.0,729.0,0.000489,1,2,222
2025-05-14 17:09:36,f71524250dad3fa30aa24d3c5d5cb5c08b91665be7241b24c059ff17dead3909,896699,191070.0,730.0,0.003821,1,2,222
2025-05-14 17:09:36,f8cb3a34a249bb6fee290f6533f3d0bfefafd8a850d70915ab3307cfcdc5a3e1,896699,498700.0,736.0,0.001476,1,2,222
2025-05-14 17:09:36,1610add27079a10ba474533ed2f40dbba214d01ab584350fda5d3273638f0990,896699,38690.0,738.0,0.019075,1,2,222
2025-05-14 17:09:36,3727a63087501332d09b0e78a1201e86f1bd063f48535e84d442450e67f57d1f,896699,33683.0,582.0,0.017279,1,1,192
2025-05-14 17:09:36,feea9b4e5facdaeb0f3f6e0df43665d5b099425e75e22c5ff0971c4da9d587ac,896699,20342.0,938.0,0.046111,2,1,340
2025-05-14 17:09:36,b4e4bdab90ad9705a13ef4bf69fc921ea541c7399ae957b55ca73c3df2dad66c,896699,18581.0,1121.0,0.06033,1,1,394
2025-05-14 17:09:36,2ea97d15ad873f9b597ef51ba14efb77d5718871dab4510227ca5d910cf443ea,896699,376909.0,530.0,0.001406,1,2,234
2025-05-14 17:09:36,8cf52e715507e3a07cdab60d946c0188ef65e7d943f489267ff667b3180c6de9,896699,1195983.0,973.0,0.000814,1,2,349
2025-05-14 17:09:36,16be31403d5928c542d0b980604ab9dd5576f0bc04dad51933d24c70aa119bfd,896699,22815.0,1185.0,0.05194,1,2,224
2025-05-14 17:09:36,3cb4e16d51258f0a8cd990bc474754486c5241f11a33378ecd76147b3560a212,896699,3985877.0,598.0,0.00015,1,1,194
2025-05-14 17:09:36,78d423cf1200678092b9b7803ef19cc7023b682f197997f1dce5fe37d125ac73,896699,144601.0,1185.0,0.008195,1,2,222
2025-05-14 17:09:36,9897957bca7f76215afc2a6afe4941f34512a561261484bf67724fd087c76ef0,896699,98985.0,1015.0,0.010254,1,1,190
2025-05-14 17:09:36,73efbed89242d448b36a3c2ae3e746766d1fbdd00b5180f61609ece1381a2166,896699,920392.0,770.0,0.000837,1,2,194
2025-05-14 17:09:36,72eea59936b73465e9daa4576d7b3dc24e5312f147ae5f95667dd711a658db80,896699,75892.0,770.0,0.010146,1,2,193
2025-05-14 17:09:36,72e57c89c8768bb55a32f4f50337a33cb42e46331595df5893d99ff667a84492,896699,326945.0,765.0,0.00234,1,2,222
2025-05-14 17:09:36,26237e7d79d0004ba524b1c7068699283563142315237b89c400e7b55da23efc,896699,1193601.0,598.0,0.000501,1,1,191
2025-05-14 17:09:36,3a771f03a1e80747f84b0bfcae71bd8cc3dbcbbd87b8e7b0d9d3310ff393b6a0,896699,734236.0,598.0,0.000814,1,1,191
2025-05-14 17:09:36,4485515f0b6aa878151d2d93517cfe5c64114ac15d0d6a9c3e33a63e8a03db09,896699,2275962.0,598.0,0.000263,1,1,191
2025-05-14 17:09:36,603d96af98cfc3a0afea1413c4dfbedfdcd274fc91e28f12f2a2b86b843fd5f1,896699,10480872.0,1900.0,0.000181,1,4,349
2025-05-14 17:09:36,f3eb494adcc061521c79b442fb19031df8580f4d1dbdf23790b0cc27af395703,896699,131456990.0,1901.0,1.4e-05,1,4,349
2025-05-14 17:09:36,8736a4b145f4922e0abaac173147ed6b38a2cb11f840dfc8d298e9e38bf2c797,896699,1438148.0,1850.0,0.001286,2,1,336
2025-05-14 17:09:36,b720ac098e09285c3e9995986e77cab270d2e3d92bda6ab76bbfd2d5739a16af,896699,26524.0,788.0,0.029709,1,2,194
2025-05-14 17:09:36,5a8aa22999bb71ecfc6d4ed10837741918d0b833e7fa4eebd0e6ac0a684d600c,896699,2545233.0,908.0,0.000357,1,2,245
2025-05-14 17:09:36,2f84dee037878f40dd35c610585ff666eacbd130a1031d3e383a03026a25f25c,896699,5587262.0,804.0,0.000144,1,2,227
2025-05-14 17:09:36,9402784be43ca25347bced687f46bf80da515293b62a5bb859223dc77f3a1bbc,896699,237723.0,1161.0,0.004884,2,2,371
2025-05-14 17:09:36,891c0320b5ae24759001f65e72daf1a1c74dfc7f101c3967e5102d35f18f1d17,896699,414672.0,1161.0,0.0028,2,2,371
2025-05-14 17:09:36,f8710e1be4d8c46e1bb0c4cf84f690f4b4380910f2f5c8e5a192f1754172c739,896699,13535.0,613.0,0.04529,1,1,191
2025-05-14 17:09:36,ec6e5c8b3732e8dbe1c4b423e87bf4cb73cb4d8c8e13d0e27e44e24db16fff95,896699,61507.0,804.0,0.013072,1,2,225
2025-05-14 17:09:36,c999bce17fe4c9f0735f4129bc4ca1162eb7154cfa9bd3ffdd941116fbb36e12,896699,44965410.0,930.0,2.1e-05,1,2,246
2025-05-14 17:09:36,2512219bfea70036e306a996acd29884faa5c8b2bd94665e5a8ab298109ecb7d,896699,57042.0,1912.0,0.033519,2,1,339
2025-05-14 17:09:36,7ced29126a295a3bade9616f0abc7e98731f3967f9334b3fd1a6833b327fba62,896699,3182070.0,705.0,0.000222,1,2,222
2025-05-14 17:09:36,b78f18cd907c6bff1f874f08e8eb4173f66b8f6fdd48852421f3ffe950416660,896699,349514.0,705.0,0.002017,1,2,222
2025-05-14 17:09:36,0d3079ff01cda0db0f71a4cb4a1a9a8ac80217fc915f2f2dfde7fed2c293c55e,896699,328098.0,550.0,0.001676,1,1,192
2025-05-14 17:09:36,9aebd3f7001dc2e6eb6f48794e4444b0bb344e9abe3378e0c72834e4013f925c,896699,239777.0,565.0,0.002356,1,1,194
2025-05-14 17:09:36,6097efa70d0423a68965b1b2b1c738e4bb957e13874ab16a5539ae7fe9069c5a,896699,487266.0,705.0,0.001447,1,2,223
2025-05-14 17:09:36,762f2b81949f9f0c8affd5db94de0eacb29aaf6031e0a0cd4dc7de76c0110e53,896699,288116.0,1060.0,0.003679,2,2,374
2025-05-14 17:09:36,377a37505753e26bba39efa1d35fa90351f470dcf301a7ebbbb69d87f15f5551,896699,981007.0,565.0,0.000576,1,1,194
2025-05-14 17:09:36,b04f46bb0e34f6096902e7bc89eed353f9005e2167a77c9ee42a46d20ad2494d,896699,101506.0,705.0,0.006945,1,2,222
2025-05-14 17:09:36,50e96420b7e47e765247ccd1331b8476bfe9d95f09060bb23e627667070bb149,896699,768522.0,705.0,0.000917,1,2,223
2025-05-14 17:09:36,947e5e694f15ed40a5855f0259c9d38d87fc241f1d9e8f1ee0fb6f5c10b5df44,896699,1734222.0,720.0,0.000415,1,2,225
2025-05-14 17:09:36,f4485c464486379e66ed2c89bf5c7daab1f0be9a1b188990c4b08fde33a1b542,896699,579755.0,1045.0,0.001802,2,2,372
2025-05-14 17:09:36,a49ba1bee5cca05339d1345b527e189cb4d7aaa46e7d6443d97a6da5ec53ed41,896699,1887111.0,705.0,0.000374,1,2,222
2025-05-14 17:09:36,b4260f3fc94c93d51e2e22d6e79ca2f59550b6847d1f06cd27cbf04f0d01e041,896699,789444.0,705.0,0.000893,1,2,222
2025-05-14 17:09:36,bd2ae3e14d62f4c6449d9b8b643a2d9dc66e4f9a6737626c708d3af46c367741,896699,137094.0,950.0,0.00693,2,1,352
2025-05-14 17:09:36,8a55aad42be73409cb464c6a0aacdae1ed179dd131990f93fc1887b9ce66d03b,896699,3360.0,555.0,0.165179,1,1,192
2025-05-14 17:09:36,8469211c688ac7d3000e81c5614b2c3e766a642533c48e8f8bb1247eedc7b33a,896699,1008450.0,550.0,0.000545,1,1,191
2025-05-14 17:09:36,ecc6571e1550b2971e34dadb13d8aa0e2399599d9f96120d9fb9c11423455639,896699,592208.0,705.0,0.00119,1,2,223
2025-05-14 17:09:36,9bc48f1a2d806b36f0cb3cd480452d772e113d2764fe3b2db1e80518279b9738,896699,4184972.0,1045.0,0.00025,2,2,371
2025-05-14 17:09:36,e9e7c6991543e16637adc40109c718efc4c59d220628dafdcb310028ce274533,896699,568218.0,1045.0,0.001839,2,2,371
2025-05-14 17:09:36,6ba57efe252001a36f927d46bac3c69aaca5521c527c862a685c338ffa172b30,896699,110615.0,705.0,0.006373,1,2,223
2025-05-14 17:09:36,7725136882bd5d7aa74296cf6ce38aa212f36cb4efb1433657e8edc45b05512d,896699,184073.0,705.0,0.00383,1,2,223
2025-05-14 17:09:36,2d9f9418365a03d4137276a370b2dbacc057fecb5d5fe9a7ff755e07d7246523,896699,246326.0,720.0,0.002923,1,2,225
2025-05-14 17:09:36,5b82fd1941a3abc7bfb9a81a5b23373acbd4e41df0cb143880ff394bc7b95422,896699,3135243.0,720.0,0.00023,1,2,225
2025-05-14 17:09:36,73b31fd9eaa0f6fbcef7e5d7fdb4b695ac903df56dc8d1ff9ea54614fd88c221,896699,350968.0,1045.0,0.002977,2,2,371
2025-05-14 17:09:36,25ec235a9032c246e67d6cb0103664631c87f0a13762c627393d581d5c46811d,896699,4549835.0,565.0,0.000124,1,1,195
2025-05-14 17:09:36,ca7817156f00eee6029e5496cb934fd2a8f37e49aaf5f5ebb0c7514537eee01b,896699,9656.0,705.0,0.073012,1,2,223
2025-05-14 17:09:36,e222a30ad95bb418dc859079559e90693ee3e5f586599bfd3acb2c5f89838619,896699,375423.0,720.0,0.001918,1,2,225
2025-05-14 17:09:36,9a1770434c87097bbf6443b549f8bb1b900de3efc35fc5a972383dc51e027a18,896699,101672.0,705.0,0.006934,1,2,222
2025-05-14 17:09:36,53b6f94f1affcc2aac707f74c374b5c57992215841330f5929a40d2aea98db16,896699,4366983.0,1045.0,0.000239,2,2,372
2025-05-14 17:09:36,4bb42d418368616f28f9a5767ba980163622c91dc32df6d1531883928ee55a14,896699,35737.0,945.0,0.026443,1,1,189
2025-05-14 17:09:36,020eb4a19c924a896a9332479bebb31fa9df26c9fc2f5b541620e7cb0cff1013,896699,995857.0,705.0,0.000708,1,2,223
2025-05-14 17:09:36,ff3c26e37a0eee6616eafa9b439d5c2c4a1217258b1cef0aa35447b38d47610e,896699,35137.0,705.0,0.020064,1,2,222
2025-05-14 17:09:36,3a02deb73ddbb0657843ec93bb624960ac3b4b24b8441e171a4c00d690f6080d,896699,190375.0,565.0,0.002968,1,1,195
2025-05-14 17:09:36,3d057fd47fc2d807b29aed2d57dbc704200673f73089ef21480b05681e49ee0b,896699,746779.0,705.0,0.000944,1,2,223
2025-05-14 17:09:36,ff5ee9c63d0818ada097c514f968ee7643d64c46e687ec62ae6136700148a809,896699,9328626.0,2260.0,0.000242,1,12,533
2025-05-14 17:09:36,c9d398b594234a2580482152c9374c22f38e2648e148c8ea11242c48a2966007,896699,28000.0,720.0,0.025714,1,2,226
2025-05-14 17:09:36,fabb3bf5496b0965851abce6bbeffbe7a25e08c52b8431a5e168962a049e5c07,896699,5759451.0,710.0,0.000123,1,2,224
2025-05-14 17:09:36,8048d032c05a88662937bf19d682c7a6ff9c148b817873ee1554379325d5cf04,896699,389909.0,705.0,0.001808,1,2,222
2025-05-14 17:09:36,935ea8cb7bd0ce0f8063db0a97e4ee917006697a766e6f349bf8b89f37c98003,896699,9111.0,720.0,0.079025,1,2,226
2025-05-14 17:09:36,20ae7cc156da06d07375c4347827ffce7dd6aec9963b9cf2f957cd3bfc46d300,896699,101872.0,550.0,0.005399,1,1,192
2025-05-14 17:09:36,a1320b2b5ac5a6c733d0dea828c1350e12b24d4aac3a7a3414b3e632a8a2bc79,896699,143606.0,15230.0,0.106054,33,1,5705
2025-05-14 17:09:36,379d020c989aaade954afcad904c08f73e77309351849e8e0063bd9b1e7a37fa,896699,3129058.0,2719.0,0.000869,7,4,891
2025-05-14 17:09:36,bdbea6e3e0d32acba5abbb8cdd526b5522de5bc167d3a5a2d30db1913f09d69d,896699,672089.0,2765.0,0.004114,2,13,714
2025-05-14 17:09:36,2cf34bafa8b4026cd53decd15c7ad2e3fe75119ffc51b9954c20aa6b1c5d4a0f,896699,68048.0,952.0,0.01399,1,1,190
2025-05-14 17:09:36,8169ca9b09e26f116d533d233770a28c79287e764279effdee929fd2a67ae6e8,896699,2814264.0,1725.0,0.000613,4,2,668
2025-05-14 17:09:36,2f358a2b540ab7804e202e4020a29b27789e06b54ebbdef5ae6dd7f79d47581c,896699,103744.0,1390.0,0.013398,3,2,519
2025-05-14 17:09:36,1eabeb7baf76d2adaa4889fc02fe96bf813733df77f77a16460ebd8bfbd91ef4,896699,29993296.0,12110.0,0.000404,35,1,5221
2025-05-14 17:09:36,993e64c923f25cb942002d6343fdd4480407d43257aa591db972b3150bce21e3,896699,1804797.0,1295.0,0.000718,2,2,420
2025-05-14 17:09:36,1d7df30090ae319f5d37147e8226af061db6b597a128f1b148c46c780fba58e1,896699,183860.0,693.0,0.003769,1,1,303
2025-05-14 17:09:36,9012b39e279773cd8ea756ad909ed4fccfe945075e79a8b0874fedc25fedf9fc,896699,3734220.0,1130.0,0.000303,1,2,225
2025-05-14 17:09:36,15b552d34fa87061f67c60314711c1bff6d520aaa69c11eee8526a78bd8ddefa,896699,103970.0,1045.0,0.010051,2,2,370
2025-05-14 17:09:36,eb7514e8f645001ab7ab6a740e70797906f4e3c1a3ee03a3e3a87303503e41de,896699,22166.0,945.0,0.042633,1,1,188
2025-05-14 17:09:36,fc3054e9419484b0b0cfacab88ffd815f3c740b4f219715c604a31ac670cb8d6,896699,29052.0,945.0,0.032528,1,1,188
2025-05-14 17:09:36,d3e035d2a96ac3c059cea239dd3bae3095dc8e85125acd5cba9d3a9058748fc6,896699,244706.0,890.0,0.003637,2,1,339
2025-05-14 17:09:36,5d99696d78b1cc9b263d0545da545c8ac14f479a8a206303260ed60db56c11ac,896699,11042.0,890.0,0.080601,2,1,339
2025-05-14 17:09:36,86d41b633fd66351d26ae827e8fbb4df2ac1fbfd61b85c08544822b80a97bfa9,896699,7893635.0,730.0,9.2e-05,1,2,196
2025-05-14 17:09:36,b40dd2de0541f5b3e33768066bbb81cf93221cdbbdc57f0023b2af1ef7df1b20,896699,5799220.0,560.0,9.7e-05,1,1,193
2025-05-14 17:09:36,2d0df19a16313548948551510830e94eecf70fadfe8a820b6cbad31b983bd21d,896699,355178389.0,4920.0,1.4e-05,3,2,974
2025-05-14 17:09:36,6ecd608a0a0f1c795d882850c36e3dc48ab41ff5bde3084ab40e8a13c25b3052,896699,243029.0,971.0,0.003995,1,1,192
2025-05-14 17:09:36,d8d43f91e0aa8f1d25121934eaf7417616ff66e2749d6ed2b00b9ed63bbcde97,896699,78023.0,719.0,0.009215,1,2,223
2025-05-14 17:09:36,42d55e0da0a70388bf68f2b5f673df26c430cdea0c10b5a2122689fd77b565a7,896699,541280.0,4165.0,0.007695,5,2,813
2025-05-14 17:09:36,143dc479ca6fd6e51cc51f4f4b88b2df060d866d0adcbc9e637a315ddb0dd389,896699,238644.0,1144.0,0.004794,1,2,223
2025-05-14 17:09:36,3d2b3eb1a3402b35859a354b82ea0b99ed9e8efb6195773a085332b234cd8a9c,896699,67434598.0,1129.0,1.7e-05,1,3,411
2025-05-14 17:09:36,57f5c0fa23cb4aec977e611a8a1f68f7ddb3c7986a16333a6960a205b93af193,896699,2930239.0,2758.0,0.000941,4,2,1296
2025-05-14 17:09:36,36f5990a14e72060cb521a15e2576434af1276e9838ef67c1dbfc9313e5050e9,896699,188159500.0,1073.0,6e-06,2,2,370
2025-05-14 17:09:36,fb624bf549e7eaef10ac577c6a89f2b9ef202281f07cd44cd5e953de6924bbce,896699,990774.0,729.0,0.000736,1,2,222
2025-05-14 17:09:36,606e02b9b282770b06e3d55b9ba43e384790d21ae77b1046fa71857777e4d173,896699,140274.0,729.0,0.005197,1,2,223
2025-05-14 17:09:36,70522de4f29878d60133334777ba89e1a133cc74b3c5a9cbf6a5be72d6dac26e,896699,141849.0,729.0,0.005139,1,2,223
2025-05-14 17:09:36,7733bf4ec5bc21447bf961259fbd82e83c21c03ad39587f3c9fdc834ea6fe96b,896699,72419.0,729.0,0.010066,1,2,223
2025-05-14 17:09:36,843c26606a2875306b1221723c81cce9ee0708d29f26c2c4bca00b67c39dd829,896699,1489620.0,729.0,0.000489,1,2,222
2025-05-14 17:09:36,f71524250dad3fa30aa24d3c5d5cb5c08b91665be7241b24c059ff17dead3909,896699,191070.0,730.0,0.003821,1,2,222
2025-05-14 17:09:36,f8cb3a34a249bb6fee290f6533f3d0bfefafd8a850d70915ab3307cfcdc5a3e1,896699,498700.0,736.0,0.001476,1,2,222
2025-05-14 17:09:36,1610add27079a10ba474533ed2f40dbba214d01ab584350fda5d3273638f0990,896699,38690.0,738.0,0.019075,1,2,222
2025-05-14 17:09:36,3727a63087501332d09b0e78a1201e86f1bd063f48535e84d442450e67f57d1f,896699,33683.0,582.0,0.017279,1,1,192
2025-05-14 17:09:36,feea9b4e5facdaeb0f3f6e0df43665d5b099425e75e22c5ff0971c4da9d587ac,896699,20342.0,938.0,0.046111,2,1,340
2025-05-14 17:09:36,b4e4bdab90ad9705a13ef4bf69fc921ea541c7399ae957b55ca73c3df2dad66c,896699,18581.0,1121.0,0.06033,1,1,394
2025-05-14 17:09:36,2ea97d15ad873f9b597ef51ba14efb77d5718871dab4510227ca5d910cf443ea,896699,376909.0,530.0,0.001406,1,2,234
2025-05-14 17:09:36,8cf52e715507e3a07cdab60d946c0188ef65e7d943f489267ff667b3180c6de9,896699,1195983.0,973.0,0.000814,1,2,349
2025-05-14 17:09:36,16be31403d5928c542d0b980604ab9dd5576f0bc04dad51933d24c70aa119bfd,896699,22815.0,1185.0,0.05194,1,2,224
2025-05-14 17:09:36,3cb4e16d51258f0a8cd990bc474754486c5241f11a33378ecd76147b3560a212,896699,3985877.0,598.0,0.00015,1,1,194
2025-05-14 17:09:36,78d423cf1200678092b9b7803ef19cc7023b682f197997f1dce5fe37d125ac73,896699,144601.0,1185.0,0.008195,1,2,222
2025-05-14 17:09:36,9897957bca7f76215afc2a6afe4941f34512a561261484bf67724fd087c76ef0,896699,98985.0,1015.0,0.010254,1,1,190
2025-05-14 17:09:36,73efbed89242d448b36a3c2ae3e746766d1fbdd00b5180f61609ece1381a2166,896699,920392.0,770.0,0.000837,1,2,194
2025-05-14 17:09:36,72eea59936b73465e9daa4576d7b3dc24e5312f147ae5f95667dd711a658db80,896699,75892.0,770.0,0.010146,1,2,193
2025-05-14 17:09:36,72e57c89c8768bb55a32f4f50337a33cb42e46331595df5893d99ff667a84492,896699,326945.0,765.0,0.00234,1,2,222
2025-05-14 17:09:36,26237e7d79d0004ba524b1c7068699283563142315237b89c400e7b55da23efc,896699,1193601.0,598.0,0.000501,1,1,191
2025-05-14 17:09:36,3a771f03a1e80747f84b0bfcae71bd8cc3dbcbbd87b8e7b0d9d3310ff393b6a0,896699,734236.0,598.0,0.000814,1,1,191
2025-05-14 17:09:36,4485515f0b6aa878151d2d93517cfe5c64114ac15d0d6a9c3e33a63e8a03db09,896699,2275962.0,598.0,0.000263,1,1,191
2025-05-14 17:09:36,603d96af98cfc3a0afea1413c4dfbedfdcd274fc91e28f12f2a2b86b843fd5f1,896699,10480872.0,1900.0,0.000181,1,4,349
2025-05-14 17:09:36,f3eb494adcc061521c79b442fb19031df8580f4d1dbdf23790b0cc27af395703,896699,131456990.0,1901.0,1.4e-05,1,4,349
2025-05-14 17:09:36,8736a4b145f4922e0abaac173147ed6b38a2cb11f840dfc8d298e9e38bf2c797,896699,1438148.0,1850.0,0.001286,2,1,336
2025-05-14 17:09:36,b720ac098e09285c3e9995986e77cab270d2e3d92bda6ab76bbfd2d5739a16af,896699,26524.0,788.0,0.029709,1,2,194
2025-05-14 17:09:36,5a8aa22999bb71ecfc6d4ed10837741918d0b833e7fa4eebd0e6ac0a684d600c,896699,2545233.0,908.0,0.000357,1,2,245
2025-05-14 17:09:36,2f84dee037878f40dd35c610585ff666eacbd130a1031d3e383a03026a25f25c,896699,5587262.0,804.0,0.000144,1,2,227
2025-05-14 17:09:36,9402784be43ca25347bced687f46bf80da515293b62a5bb859223dc77f3a1bbc,896699,237723.0,1161.0,0.004884,2,2,371
2025-05-14 17:09:36,891c0320b5ae24759001f65e72daf1a1c74dfc7f101c3967e5102d35f18f1d17,896699,414672.0,1161.0,0.0028,2,2,371
2025-05-14 17:09:36,f8710e1be4d8c46e1bb0c4cf84f690f4b4380910f2f5c8e5a192f1754172c739,896699,13535.0,613.0,0.04529,1,1,191
2025-05-14 17:09:36,ec6e5c8b3732e8dbe1c4b423e87bf4cb73cb4d8c8e13d0e27e44e24db16fff95,896699,61507.0,804.0,0.013072,1,2,225
2025-05-14 17:09:36,c999bce17fe4c9f0735f4129bc4ca1162eb7154cfa9bd3ffdd941116fbb36e12,896699,44965410.0,930.0,2.1e-05,1,2,246
2025-05-14 17:09:36,2512219bfea70036e306a996acd29884faa5c8b2bd94665e5a8ab298109ecb7d,896699,57042.0,1912.0,0.033519,2,1,339
2025-05-17 07:09:11,f3f19bde80a86188c26eebe5a4d702593a1e23ba097873a3f4c37f6d6eb4a7ec,897071,116243.0,154.0,0.001325,1,2,235
2025-05-17 07:09:11,8c7157b338d528e246fccb845e9b08725db8ee3e9483047d6ad4f5ec72cdc405,897071,546.0,451.0,0.826007,1,1,1433
2025-05-17 07:09:11,c466b046b583eb33c8cfb1bc0377daa22f39b4513fd69486f60e898a58b350b0,897071,117394.0,154.0,0.001312,1,2,234
2025-05-17 07:09:11,8517a830e3decdb084e1074a4f421e4da5c2c53824943865f452786cea99888b,897071,546.0,451.0,0.826007,1,1,1433
2025-05-17 07:09:11,15ac011ac54be7a51aa873474f085eb7fc935d817720244b50094a5205defac3,897071,118545.0,154.0,0.001299,1,2,235
2025-05-17 07:09:11,086e173bb0a80390c6d518abb9b15eed41a43bd087e1e9780c0ba13b55e386a1,897071,522717.0,222.0,0.000425,2,2,341
2025-05-17 07:09:11,416addfc27d5dd91c4bb68851d4b8864ea9972ef1d0394922ecd08f66c9cf7dc,897071,3044900.0,200.0,6.6e-05,1,2,379
2025-05-17 07:09:11,ea027fcaae927788bce1baa92c7c26d503c1f0df49024444a0b83d8ecaaaa628,897071,15532.0,909.0,0.058524,14,1,1553
2025-05-17 07:09:11,22af30e552225c2b96ccd253dadbe9630da3b804c17fea76f23aa23817addad4,897071,8552131.0,690.0,8.1e-05,9,1,1376
2025-05-17 07:09:11,eec5eaa943d2c8e481b2d58325047b0bd5ea8c4869420ac40b88da1ec2c960db,897071,9944.0,1049.0,0.105491,1,21,1156
2025-05-17 07:09:11,a8f8f4ced8c09fbf39c64745224214c6bcb1aa373d3a1d3f7bb920bc78e5f532,897071,81258.0,159.0,0.001957,1,2,205
2025-05-17 07:09:11,60279e247722f2b61b79a6d84119939de9c870e1e967ebdd8c1f0c4572e3b68f,897071,9944.0,1049.0,0.105491,1,21,1156
2025-05-17 07:09:11,e7122e85b598407268557284c40067759adb01fb983bb010dff70c30fc6f46f6,897071,74309.0,159.0,0.00214,1,2,205
2025-05-17 07:09:11,9fec75452bfcd9ea243dd448add087e56a3971bf2c1a0cf4f9db50eb70c1628a,897071,9944.0,1049.0,0.105491,1,21,1156
2025-05-17 07:09:11,23511f9f1deada7627db88c84f29c22ff77624b8d25f5a33a4b92d8a48ff1b6d,897071,255964.0,159.0,0.000621,1,2,205
2025-05-17 07:09:11,c52ebe13093671f0f5ab028311647a7b19cc77fabfe8ce43775671c3c3f0415d,897071,9944.0,1049.0,0.105491,1,21,1156
2025-05-17 07:09:11,5890f6edf0891f8e0fee339d26102e0c1d441e315eaecc0203e013688791537f,897071,30951.0,159.0,0.005137,1,2,205
2025-05-17 07:09:11,2fa3757fdd88b9d696b30773dcc06121f538448933fbbd8690a312485f139b5b,897071,9944.0,1049.0,0.105491,1,21,1156
2025-05-17 07:09:11,0aab8ba19640d8d09a14e296062cd238762956ff5fbbd272944d4aff9c5ae76e,897071,42103.0,159.0,0.003776,1,2,205
2025-05-17 07:09:11,cf0525019825ed3830bf48c06ffb6cb6b6e0509eabcfaaa39b8333edd26c9430,897071,9944.0,1049.0,0.105491,1,21,1156
2025-05-17 07:09:11,9909ad7bba018c559796355095c9778e64bd1f7977a8c878c53ee61f065cdbba,897071,258784.0,159.0,0.000614,1,2,205
2025-05-17 07:09:11,934abd5b9a52a621b4fcc6607b42bfe741ef48562a7e8ef0ade69036d45df41b,897071,9944.0,1049.0,0.105491,1,21,1156
2025-05-17 07:09:11,4e27161d4613ab18674975d07b1b8b8b233c1a5d85ef2ecc4e948aa521787ed2,897071,85461.0,159.0,0.00186,1,2,205
2025-05-17 07:09:11,8ccb32d46655cdf4b9b373e4b56a29f55433c80a1faff0441c07a81c94be8697,897071,546.0,402.0,0.736264,1,1,1236
2025-05-17 07:09:11,4532d7f8e0d65c48300cebf0a41abaf701b28b1b13a97398f6d96d7e3c4bee59,897071,119647.0,154.0,0.001287,1,2,234
2025-05-17 07:09:11,d96c7505b9b5afdc97c13c417492139c0dae49bd17269025edd66dc5e534ae79,897071,280356.0,530.0,0.00189,4,6,699
2025-05-17 07:09:11,6273b84771e4bd5e712d4df16e4f952f592a78e48728891406c54bba59078394,897071,659020.0,150.0,0.000228,1,2,222
2025-05-17 07:09:11,9708d890c377d67e0fd0e84232d07464d4f20fcc5320525914aaab105c7a280e,897071,546.0,363.0,0.664835,1,1,1081
2025-05-17 07:09:11,2696d4b384532a6371e3a1e77e820df17fee1be653052e5caf03e4d5aaa9df9d,897071,120710.0,154.0,0.001276,1,2,235
2025-05-17 07:09:11,bf49477155cfef04086f8817be90a5cd85060b38cd4f528399225d0944fe311c,897071,119209.0,18171.0,0.15243,295,1,31622
2025-05-17 07:09:11,4e139a99e56cfc39c9ce0d294d1fa8a9eaf73ecd5361182b0e1c53c74103da39,897071,277200.0,825.0,0.002976,8,1,1417
2025-05-17 07:09:11,a15319c0785cfdd5bc1b80a8ee5cb47fa5ea0c19f9629bcd00be4f3162666a61,897071,546.0,211.0,0.386447,1,1,471
2025-05-17 07:09:11,1a0df2d159bf63429a4d3f50341e65b16a3b99a789f4b486fe477e658045ae9b,897071,121621.0,154.0,0.001266,1,2,234
2025-05-17 07:09:11,5665a9a758a92cda25a983b5d8d3e54e645ca8f89a4c45b99d7f38b0eaa7327a,897071,546.0,332.0,0.608059,1,1,958
2025-05-17 07:09:11,7ffe31ed67d63f90e2bd8020b1a21a1784c969c61b51a7531d1180420921ccc6,897071,122653.0,154.0,0.001256,1,2,234
2025-05-17 07:09:11,8f885f6a13d84dd92ba2333c5a304e75aa5aabfd6643d96c99c3e826c4ef59c2,897071,546.0,336.0,0.615385,1,1,974
2025-05-17 07:09:11,a1cebaefafbcfc40b1e100670367b2336510fc9417c9d9a6f3cf771c71c56021,897071,123689.0,154.0,0.001245,1,2,235
2025-05-17 07:09:11,3844a7bf272c8d8ae8699b82b36f68ff613299ff5d2944fa6f38d9adad19dd35,897071,546.0,332.0,0.608059,1,1,957
2025-05-17 07:09:11,7adfff8f2a2676d5f853535ca01f4312deb5cff516e29c39ff98a22592c90962,897071,124721.0,154.0,0.001235,1,2,234
2025-05-17 07:09:11,14369fa875bea6dd9da903b914c901c895d8625145e216cea07804cd164870a8,897071,296990.0,182.0,0.000613,1,2,252
2025-05-17 07:09:11,df2e53764b0cdcc5b2d233c9f930071bb85624058daf846c067de5204e2ac97d,897071,11458.0,200.0,0.017455,1,1,151
2025-05-17 07:09:11,0e9cc74c6243be7b97b380a1d9ce3073bfd4ee76193825563938751ab9bfd3aa,897071,11658.0,1446.0,0.124035,24,1,2623
2025-05-17 07:09:11,3841bc62052255b2aa2f59e6a70b901b0990ce5d8b9c00de7e92b6881fb032cc,897071,200000.0,481.0,0.002405,6,1,931
2025-05-17 07:09:11,3ae37f81e134edb1559f228f0a0b1b8777643236cd5bb62214b726723c4e08d4,897071,47945.0,143.0,0.002983,1,1,214
2025-05-17 07:09:11,e6720a16ceafbcf80af2873232e733148977866de4b0f9ac07ef4a7bd661b1ae,897071,22140.0,143.0,0.006459,1,1,214
2025-05-17 07:09:11,ae2d27ac8e67ad839502b3f57fd6ac36b395a59473523836b3e863e804a16d7e,897071,8532.0,143.0,0.01676,1,1,214
2025-05-17 07:09:11,85d2177277b26734a8ae556c6a93c33d6bea9e9bc56f26744ab0c7dbdf096753,897071,38232.0,143.0,0.00374,1,1,214
2025-05-17 07:09:11,8eaef3b31055496f369488d5e811512143168d454eea4e0138a58eb0ac578326,897071,9976.0,143.0,0.014334,1,1,214
2025-05-17 07:09:11,43e61562a2b5480d89071cdf5a2572dce04a1e68b0b625cc38109b6ca94c1926,897071,67219.0,143.0,0.002127,1,1,214
2025-05-17 07:09:11,1676db8adbeab019ae430041aeccad1a30b7f4386e5ab5691598a6820e13480e,897071,20108.0,143.0,0.007112,1,1,214
2025-05-17 07:09:11,c425753b55f78ee2b0052af74f14db9e7a04d86e27cf364d1f7c0987d4acae0d,897071,80104.0,143.0,0.001785,1,1,214
2025-05-17 07:09:11,4be32bfc5765db12700c5b4c1b810d3b9cdce3f5cf2e8b32e0b8525af05bbbe5,897071,546.0,291.0,0.532967,1,1,792
2025-05-17 07:09:11,96bb0e251342e0cb869feef0ad7acf3f3ee30126d652400c8bd1605ee6385302,897071,181627.0,154.0,0.000848,1,2,235
2025-05-17 07:09:11,87a9d57999bfca72d943a1d0c76e4dc4e07e7cd040e688182d7b95a4899ac8f0,897071,294.0,136.0,0.462585,1,2,208
2025-05-17 07:09:11,9f6f6c796d1999c156d1ffa14f6acafbac51b299a912e14712f436c81d0d25ee,897071,294.0,136.0,0.462585,1,2,207
2025-05-17 07:09:11,79a7704aa4d9a73cf165e7d6b4e3833c27b1d158d2de19e26c4359ce074a4ae0,897071,294.0,136.0,0.462585,1,2,207
2025-05-17 07:09:11,0ae4f9680b888e40ab351fe7ef820d602689be6e4805163c002ecf46da927bd7,897071,294.0,136.0,0.462585,1,2,207
2025-05-17 07:09:11,964cdd91f98b9aaccdd7c0383d270884b4e0bfecdcde8bff46559887b9e03acb,897071,294.0,136.0,0.462585,1,2,208
2025-05-17 07:09:11,f0a4ae14322dd9bccbf85b0896cd327830de1a612c271e639671279e8c5af8ca,897071,294.0,136.0,0.462585,1,2,207
2025-05-17 07:09:11,316def11d5699f541ef5b582ac8610f3e82ac181079cebd33c8ed7918cc21ec9,897071,294.0,136.0,0.462585,1,2,208
2025-05-17 07:09:11,5479135e1d1fa62562d531a21a11c3fce6aeac654d458e87467cf27998d4e0c2,897071,294.0,136.0,0.462585,1,2,207
2025-05-17 07:09:11,dddae62308f012d8394745686dbd816aefe4741baa7d0fd378b475b1198f45ba,897071,294.0,136.0,0.462585,1,2,207
2025-05-17 07:09:11,9f9c67d891f5fc3e4486113b90230772f87ecb879b49b118dcf7596efcfdc9af,897071,294.0,136.0,0.462585,1,2,207
2025-05-17 07:09:11,e4076977ddbde2864443980d20c5eb01ce1db0dc44dba99c80d24dbc189d10af,897071,294.0,136.0,0.462585,1,2,208
2025-05-17 07:09:11,649eaab00ab8e5d55482ac14e27c94db26157b22468576c35e965478e06e93a3,897071,294.0,136.0,0.462585,1,2,208
2025-05-17 07:09:11,a41136f7d3dfd036d7fa1cf57067b3a4bb9727d8e61fd72a46603513c738359d,897071,294.0,136.0,0.462585,1,2,208
2025-05-17 07:09:11,f8294a49e95acee1a0b8d04a1e05740d48bcd05d5dbbb24c0db7ec8dc571e498,897071,294.0,136.0,0.462585,1,2,208
2025-05-17 07:09:11,d9bc8ca3c7fe921d9c4bfb8a4408207f612c53935b1972e554255e713832898c,897071,294.0,136.0,0.462585,1,2,208
2025-05-17 07:09:11,271d388ee1c6d4ca9632244d15e2dfafa6d8540766c1054d11ebe65a9e4f986c,897071,294.0,136.0,0.462585,1,2,207
2025-05-17 07:09:11,aed618979f8589e8173c836848fb37323ce71b0f398e63dbd661e632a3e98960,897071,294.0,136.0,0.462585,1,2,208
2025-05-17 07:09:11,45f83fae2c57e8b9ca6f61265a736254d8e99d4d3c934e773c261b575d0a5d60,897071,294.0,136.0,0.462585,1,2,208
2025-05-17 07:09:11,571a24b20c09f11a9ed269179792a4c8753f0b87ce76f3806ff4d790eebe315c,897071,294.0,136.0,0.462585,1,2,208
2025-05-17 07:09:11,2807e4eccebd370e6dc7cb2e28c1f44219dd79bc3bd550ba6cc26fbfa0a7a459,897071,294.0,136.0,0.462585,1,2,208
2025-05-17 07:09:11,50331add26e3b1ba997bce9380d3b5c24f0df110a643c5f949232dace32ebd50,897071,294.0,136.0,0.462585,1,2,207
2025-05-17 07:09:11,d74af6234e81adc331bcbb41163096376edf3a79bdbb960932bb95a1fdaf9f4b,897071,294.0,136.0,0.462585,1,2,208
2025-05-17 07:09:11,a3b87c6132c3d3de94f556dfa83b429d1288a8465df58d0e558f5edb9db4a034,897071,294.0,136.0,0.462585,1,2,208
2025-05-17 07:09:11,2604ba752db8ed26faacc42efda45bcf76ebcefff65ec8df84e575a641b7e928,897071,294.0,136.0,0.462585,1,2,207
2025-05-17 07:09:11,9e9b116a5a0fa6255bafb174921fbcbe6a00eadc3e37f0c6c0563794df1ddf27,897071,294.0,136.0,0.462585,1,2,207
2025-05-17 07:09:11,cd3be06568f374197ff29e9d4ca47a620d6c35c4afd426b95b8393b24884b120,897071,294.0,136.0,0.462585,1,2,207
2025-05-17 07:09:11,53378347f8fc7d8b3dc1c6ef7f9b85c5869242ea11fd46be14f73641598d4d1a,897071,294.0,136.0,0.462585,1,2,208
2025-05-17 07:09:11,1d5f9824e7f5438dbba59f35ece5777c329525de0ce946985786455a0ded5817,897071,294.0,136.0,0.462585,1,2,208
2025-05-17 07:09:11,1f3065c258e17672e857a595b3a6394ea5b8f0e2652bee98d7d92490f317cc12,897071,294.0,136.0,0.462585,1,2,207
2025-05-17 07:09:11,44d59db7b51d93895597e6932272119df158fe10a3f8386b4a8034e28287b60a,897071,294.0,136.0,0.462585,1,2,207
2025-05-17 07:09:11,26b82071613a123fd8bbebc452a937d299c4caf459ca3d7e486735bd56bdc170,897071,13813116.0,200.0,1.4e-05,1,2,401
2025-05-17 07:09:11,b8dc5fa4634f3921d3f8a6fceaa40e7e3755d3635096d3df1c54686be2d5bab1,897071,973043.0,4837.0,0.004971,76,2,8294
2025-05-17 07:09:11,1c72bcbef8b5480c088414331de751c5c6af61242f88155d9721dc61284cb89c,897071,17430681.0,119.0,7e-06,1,1,191
2025-05-17 07:09:11,d6328dcf13c5798038ee83c5157e00feebb0c4a31eff22d455e24ec34a9b2316,897071,5123.0,223.0,0.043529,1,2,440
2025-05-17 07:09:11,1a75ef6c30e5917820cc677c3a6207adc67ea5255125d44d0efbef2bf2e3e92e,897071,20536057.0,170.0,8e-06,2,1,257
2025-05-17 07:09:11,bde5b11f2ddc41bb205416a11a701ecea286065bafc3f74f4fa2a7a77551b239,897071,338428.0,154.0,0.000455,1,2,193
2025-05-17 07:09:11,b89a92eb3214270571c362379eebfc9e68a97c9bc3de1f827072020867094b9f,897071,151452.0,187.0,0.001235,1,3,253
2025-05-17 07:09:11,34686f5430670ffeb989d5436e0dc806b8e615f134577c77ea0b118e58e1cb4f,897071,355512.0,187.0,0.000526,1,3,253
2025-05-17 07:09:11,9ef829f9e59d2af46c4cdbbbec755ff83b39a3224ed8b8753f1246eb34d90182,897071,3758.0,211.0,0.056147,1,2,363
2025-05-17 07:09:11,15b5add4c0ad11c08cdc769d33865696d0ebe3897029d43ad8bef5550ade5305,897071,4299.0,211.0,0.049081,1,2,363
2025-05-17 07:09:11,82bcef3b1f0f69c97cfb74b073fb4e9b712a05a439031b528b517f90e778a4e7,897071,196102.0,396.0,0.002019,5,1,680
2025-05-17 07:09:11,625817f6585cbe9823995143c1a9d3bb17c8b46486f5d234b3f408a2f5d6cfa7,897071,4510.0,121.0,0.026829,1,1,162
2025-05-17 07:09:11,2eaf54fb9ad55bdefa9f57d7f535acfd2785dd0cb3844abbde7bd048f1dc479b,897071,973514.0,1707.0,0.001753,23,2,3179
2025-05-17 07:09:11,1139f20d76e7d7f755fe0334aba6f9e9f36ab25d77bc9b9b90a1cd6d6fe74920,897071,29880.0,120.0,0.004016,1,1,191
2025-05-17 07:09:11,ee826169a6e06c5c419373b721a7a1412a864ff98c7c8df905cd2b0e34d1e3fe,897071,36800.0,249.0,0.006766,1,3,397
2025-05-17 07:09:11,ddbfec12079ffea85e449354a4c632f30c173b794360ec41eceb396bb94499e2,897071,2672.0,249.0,0.093189,1,3,397
2025-05-17 07:09:11,e1c513309a33dd57e8dd814f164abcb06ff67c5289e681cc955109ae2262302e,897071,53576.0,249.0,0.004648,1,3,397
2025-05-17 07:09:11,f84ec3d642ede4ffdb1fe54e012066d41cb30bde645057935ab07b9e9cfc08d8,897071,52402.0,219.0,0.004179,1,3,370
2025-05-17 07:09:11,a6880fb6a5bd433e87bb2e90955aa2f55bd8f35a6f431ee65dca0c3390c9d649,897071,65235.0,263.0,0.004032,1,4,389
2025-05-17 07:09:11,dd3f671a50fc6e379db9ed36ad28f24f5c7103ba262d87f7575908c5391a11aa,897071,65828.0,219.0,0.003327,1,3,370
2025-05-17 07:09:11,60fd50356d64a5dc40215179156b143f460d3b202c1110277859d6a5c970a2bd,897071,66377.0,219.0,0.003299,1,3,370
2025-05-17 07:09:11,b6629cb82f0d915a948c86e6bcd468a77b8f72f8cc6943967b82f14eeb77d32f,897071,56713.0,263.0,0.004637,1,4,389
2025-05-17 07:09:11,3c481fce297a96340e41998b2a41cf24b3ac0393f0cd1ce5736e6d8c99c7f86c,897071,57306.0,219.0,0.003822,1,3,370
2025-05-17 07:09:11,a7be7252da351c0fc6ce92871e9149f8552771aaa3751f4c4f67f1da279a8ae6,897071,57855.0,219.0,0.003785,1,3,370
2025-05-17 07:09:11,327680816da24b232cb3711bb8047301a413d608314e16866a26d87152995e18,897071,47747.0,263.0,0.005508,1,4,389
2025-05-17 07:09:11,c6693b16eaecd802016010d77d122984c4587641d5ececa6c506228179358f2d,897071,48340.0,219.0,0.00453,1,3,370
2025-05-17 07:09:11,fec2e3155cbf77ed844f4803385edc48dce2fd35538537a30758094817586cc2,897071,48889.0,219.0,0.00448,1,3,370
2025-05-17 07:09:11,ef45e39fe49966aaae2225970ab2d4aa7ad0eb90475be67ba6acb47b3227ff17,897071,8178.0,263.0,0.032159,1,4,389
2025-05-17 07:09:11,d3afe90667eb44348bf211ded887f67248a64598f02ec9b45996e335c275e63b,897071,8771.0,219.0,0.024969,1,3,370
2025-05-17 07:09:11,912b0f992b9ee1a943bf81a100ddf10c94c3880c24feeb7b76d094b620b73fbd,897071,9320.0,219.0,0.023498,1,3,370
2025-05-17 07:09:11,6bd7091c13c8f7ae06788100a123ed189aa9895be9c34da77f9d58fb91db9200,897071,54453.0,263.0,0.00483,1,4,389
2025-05-17 07:09:11,2f0b76de2b4afe1f6d821edffc3120eb933e3d250c5d610d8641577bd770c71f,897071,55046.0,219.0,0.003978,1,3,370
2025-05-17 07:09:11,2b6959d0fabf41d5afa4316b4f97141c46f2325b44b7488867fd6a9f2931a827,897071,55595.0,219.0,0.003939,1,3,370
2025-05-17 07:09:11,aed330cf20ea156a15fcd622f3c67aaa36e41d9fa1fe29849de734f155a9092d,897071,2598.0,162.0,0.062356,1,2,194
2025-05-17 07:09:11,e54fd1865594b1a54e1eb2bd9c2c83815ef73ffa876d593163370be6d733e927,897071,4158.0,162.0,0.038961,1,2,194
2025-05-17 07:09:11,a84c8358dc0bac71b1ef4da4a0626f2278bb78542729ef74f32d40743fafe02e,897071,78742128.0,170.0,2e-06,1,2,223
2025-05-17 07:09:11,001ec22ff21c076bf0057c270797140d0b8c0b6e14241a0bb06186fe71f9f38a,897071,88742298.0,170.0,2e-06,1,2,223
2025-05-17 07:09:11,44cc0f0646098a351cd1987c220eb20e5a940892139bda1e541093349b8c5d7f,897071,98742468.0,144.0,1e-06,1,2,223
2025-05-17 07:09:11,0c1f9e1786554ac1d3e863c1d35709880a894639f9ce6a7e2a1204e66e18a8e4,897071,231607.0,125.0,0.00054,1,1,192
2025-05-17 07:09:11,97bdc10314bc741195c914f2b441a1d11e9885ffbf8d3cab27431a81c062e313,897071,11017.0,125.0,0.011346,1,1,191
2025-05-17 07:09:11,3622906af3dca36ce2440cbc69aca6e551fcb3c02e1fb9d2838e15e7bbb56e73,897071,10443588.0,174.0,1.7e-05,1,2,235
2025-05-17 07:09:11,8e5949e74a56e124e875ffbb5b55280ecfe2732e197f98bd6f456518833f60db,897071,135053.0,256.0,0.001896,1,2,225
2025-05-17 07:09:11,2535dcb84c83e4d564954481f3d1a1a2ccab64ec3c63bdc3a33dd158bef1cb14,897071,234010.0,371.0,0.001585,4,1,637
2025-05-17 07:09:11,0256d02b898a8edfc536d1e989dd714b1b98dbf723fc108883242c64b04f65bd,897071,168642.0,146.0,0.000866,1,2,222
2025-05-17 07:09:11,ed24615ed63d90ebfb10443ede1a48cfed2f3b928b2cba94f2909c58e0b6f4eb,897071,100197257.0,164.0,2e-06,1,2,226
2025-05-17 07:09:11,7245637760b8a353c3b42e47bceb6ab2cc9a9fb0ad5c9ac29cc382b4c910d257,897071,4502787.0,164.0,3.6e-05,1,2,225
2025-05-17 07:09:11,e5e393a20929eef48d2c61be125d93c66ff1496f043cfd5252260cd7c5e4e83d,897071,18284939.0,1485.0,8.1e-05,10,2,3202
2025-05-17 07:09:11,501b3c73ebce1337f7ef798f46a148c1ce0d2bdd88827cccb9a15089bfa64f93,897071,36601571.0,1489.0,4.1e-05,10,2,3199
2025-05-17 07:09:11,956f62e914780967d3f5d224249536096653306caddd63a65133b99edf991af6,897071,9048772.0,359.0,4e-05,3,3,463
2025-05-17 07:09:11,770d792facda777178057227c7a2c7b2ef4e78857b1012c07004568e64fa8c87,897071,7453321.0,378.0,5.1e-05,5,1,578
2025-05-17 07:09:11,0617a0277bb4c66785c9bcd7ea6dbf2584186efcdb15c7bc83e68ab38ea2303e,897071,50687.0,263.0,0.005189,1,4,389
2025-05-17 07:09:11,f1903a256db71b70224651c012e4505d7f42f3568a130c4c5bf67b5f40d1cf9f,897071,51280.0,219.0,0.004271,1,3,370
2025-05-17 07:09:11,82ebcaa9acf8269efafcdd939bdd22839bda134ddcd736734cd75b8ec9fede95,897071,590000.0,649.0,0.0011,5,1,1512
2025-05-17 07:09:11,e6dfc169247bfeab643f7a03703714e55b5aa1609114b3b40e92d70987f6f38e,897071,79358.0,1110.0,0.013987,1,1,162
2025-05-17 07:09:11,b99307facdcb1a9b15e3f9f4650cd153388be89337bad4dce1a8d9b070edbdf8,897071,81560.0,282.0,0.003458,2,4,382
2025-05-17 07:09:11,177a0cac3e814a2f20672ef0da6e335e83fd909e5582df9cafb949f583642e81,897071,82388.0,282.0,0.003423,2,4,382
2025-05-17 07:09:11,7472ee8a922988725cef63cb2e251f5df347d3fb8a5e5a45fff92991a3b2985e,897071,83216.0,282.0,0.003389,2,4,382
2025-05-17 07:09:11,2058df3f1cfed10ce73f1c40f1c7ad6402d6d4b38f22bbdf2c738f6abf89d613,897071,84044.0,282.0,0.003355,2,4,382
2025-05-17 07:09:11,1cf1ffc3d7be5600b35ee36f8da127ef31606d97cd28e402ae141637930d47f8,897071,84872.0,282.0,0.003323,2,4,382
2025-05-17 07:09:11,7f4dda63c4a58ea7da2cd51aa2ec100ee9fc5178f35fedbde41656f53e18d145,897071,85700.0,282.0,0.003291,2,4,382
2025-05-17 07:09:11,dff44589c00d65a9245e74e2d5dab850eab40a87451f804d4fc344da801e89b8,897071,86528.0,282.0,0.003259,2,4,382
2025-05-17 07:09:11,ac5f225e6b578e5dbf54e342963653823681cdcaa0af89ce8ed3e14a291172b0,897071,87356.0,282.0,0.003228,2,4,382
2025-05-17 07:09:11,6a6b188c665061e44bd532838f006ee3def7e81852eb5a08e1bda1077dadfe36,897071,88184.0,282.0,0.003198,2,4,382
2025-05-17 07:09:11,f223f8fbe5fdeaa053b5dd2826bd58c695e1e04388a7d30f0dd4d92e738850e4,897071,89012.0,282.0,0.003168,2,4,382
2025-05-17 07:09:11,4022b1536d1619ac3875ef69d5ca0ceaed68107e1d7912cfba945a9a1e016e2e,897071,89840.0,282.0,0.003139,2,4,382
2025-05-17 07:09:11,14ec1623ecaa3a38a437608fd69de1bad2c0dbe1faf6a8d66f899e81ad3629ee,897071,90668.0,282.0,0.00311,2,4,382
2025-05-17 07:09:11,0256de01755aca7583ed9586b7e74166a67fac0777383270913eabf5fc02d2ce,897071,91496.0,282.0,0.003082,2,4,382
2025-05-17 07:09:11,c1ca2de1b6d205519dfc5e85b6ce3233692f96a0176ace6e356fbb88f6b44007,897071,92324.0,282.0,0.003054,2,4,382
2025-05-17 07:09:11,54b0b8cd1a6ff7dec6f0dc0426c849dd405d0df9376b90b02aca1c4c942d0795,897071,93152.0,282.0,0.003027,2,4,382
2025-05-17 07:09:11,62442de7654fa203b5e61d90560c0a5789ca6da6cd8d5f6472746275eb504eb6,897071,93980.0,282.0,0.003001,2,4,382
2025-05-17 07:09:11,9bddd22da33a471f516a96bf8c36c1919e3c81be28d14785d5509ebad713832e,897071,94808.0,282.0,0.002974,2,4,382
2025-05-17 07:09:11,7c24f44f8d42b622a5acde9684d55983f2b088531ea91e8e059a2a595101cc77,897071,95636.0,282.0,0.002949,2,4,382
2025-05-17 07:09:11,cf9f896e37be494c4b599b46e44217d25045a4450b088c57adbcc319a91f3e43,897071,96464.0,282.0,0.002923,2,4,382
2025-05-17 07:09:11,d0b45efbd16943a4a0e4c776712b338975f0ad3732dfb92673de3dfc2231efbc,897071,97292.0,282.0,0.002898,2,4,382
2025-05-17 07:09:11,de55f383ad52aea501bc5dffe7bc55f3a5ac8ab5a8cdb7be79c3cb7fb80be938,897071,98120.0,282.0,0.002874,2,4,382
2025-05-17 07:09:11,6f7689090978ad3920901af43a0aa208645f18b0bbd298506804c37fe994581c,897071,98948.0,282.0,0.00285,2,4,382
2025-05-17 07:09:11,55153ef4bd211e835b4a80c97b1b2a2ac51229bfcb02f6f564dbe8cc8ccc358f,897071,99776.0,224.0,0.002245,1,4,275
2025-05-17 07:09:11,362ec48c8d0c08c1915bb0de0c99907084ab867b95f564b245f8c8cd48ac89d1,897071,670000.0,908.0,0.001355,11,1,1671
2025-05-17 07:09:11,b89be5143ca03b8371283a5f56d1950e90bc6986550516815c615c4b433b1e38,897071,138989.0,179.0,0.001288,1,2,206
2025-05-17 07:09:11,dc230c3def320bd9311c9d16494350607a7a19901de6a7f9109b0e403ddbe2c0,897071,18589646.0,7905.0,0.000425,46,1,6835
2025-05-17 07:09:11,04760ba82cfa688347b79d5d2d0f59f56b4abec70a5653257bfdd81d3af6dc36,897071,1296000.0,341.0,0.000263,2,2,673
2025-05-17 07:09:11,3ef4ceb2042dfe3bb0ae36c52a2143c90edd28fb9a00c46416839b516dccc0ba,897071,10191.0,1147.0,0.11255,1,21,1153
2025-05-17 07:09:11,ca616fef8c087a1f05219f82aedab374cdea03dc848de2c59439356b843659ce,897071,69825.0,175.0,0.002506,1,2,205
2025-05-17 07:09:11,a1488c2976d29b5081990b851065d8773390ada74efeb496db12b87fb69480cc,897071,8600.0,600.0,0.069767,3,2,516
2025-05-17 07:09:11,7b9d0c9e37a04c41b707b15c0537bc77aab6398b59251158c4260f78d6dd60ee,897071,51518733.0,39648.0,0.00077,500,1,74043
2025-05-17 07:09:11,249bf0d5e9b7787490b5661d6827048c17c934b062584c5f1b18415bd6804146,897071,10000.0,101530.0,10.153,1,1,347126
2025-05-17 07:09:11,388808f1c18582744a7d848c11bf78da5bbc81e5d6320136dc2c83205c7ce2ee,897071,58555.0,281.0,0.004799,1,4,389
2025-05-17 07:09:11,b3443babef633e5d304d58c3805a9a5b90a963042d5dc507cbeb25466b2014d7,897071,59166.0,234.0,0.003955,1,3,370
2025-05-17 07:09:11,e90b30bc780b8420c8f55460d0bdd7dcdbe9023f67cd36fd5b1f09064d36f407,897071,59730.0,234.0,0.003918,1,3,370
2025-05-17 07:09:11,409dbb71b495cdfeff81bb9e01336e45fffd831a41edd6d047b09cc42458062c,897071,60294.0,234.0,0.003881,1,3,370
2025-05-17 07:09:11,56fb4ba2d0f0b5597cbd36a3860c2f6f3e9650a1dd228625c5d4378a26968e37,897071,60858.0,234.0,0.003845,1,3,370
2025-05-17 07:09:11,718454b9c3b30cb7cda67eea4eef5ea998523f68c843e3e249cb7e79181a0e4b,897071,61422.0,234.0,0.00381,1,3,370
2025-05-17 07:09:11,76a7f20a1c633f694b73b1f7d2f82e02f09d7782b2503c3b8fe911d032277791,897071,61986.0,234.0,0.003775,1,3,370
2025-05-17 07:09:11,2f4c5147a1c544cc9564e5ca5ebafc504c0d8d96b68cf72b64da853ac13bc130,897071,62550.0,234.0,0.003741,1,3,370
2025-05-17 07:09:11,bd03fa27aff0f81b48d84a20abfaddc9a626dacd042a27aab7ffbaec347ac0fd,897071,63114.0,234.0,0.003708,1,3,370
2025-05-17 07:09:11,386b68d32d74dc3def57e02a55a76482b201c288f98aaad18bdfc6c0effa118d,897071,63678.0,234.0,0.003675,1,3,370
2025-05-17 07:09:11,358d8d5636e5ad9dae8ddc7b9d80df822be82fa142e4cff5395b9e84075e6d7b,897071,64242.0,234.0,0.003642,1,3,370
2025-05-17 07:09:11,4d1ed8290231ad7a3dee838f7e9c20543d427a0cb4eee73037649d9e885f577c,897071,64806.0,234.0,0.003611,1,3,370
2025-05-17 07:09:11,06d069c0e216b80d480e9169ee7dc9d217415b4781857b944db5495b49fffe7b,897071,65370.0,234.0,0.00358,1,3,370
2025-05-17 07:09:11,bbd1c78b4812d465f55cd2e8b6796416dcc758c14a6347aab60734e4e42b3032,897071,65934.0,234.0,0.003549,1,3,370
2025-05-17 07:09:11,f00ac3754df87e40279daa20a6214a0ce91b379946076864f58132dc2c072286,897071,66498.0,234.0,0.003519,1,3,370
2025-05-17 07:09:11,e4765a496f078cd59f4a44ade451ab24f1f0052a2c74028cc2dd565131aa91a4,897071,67062.0,234.0,0.003489,1,3,370
2025-05-17 07:09:11,cc0438691dfdf94f075f21c832cb4828aef7aef34c9d417b5db1c306a247926e,897071,67626.0,234.0,0.00346,1,3,370
2025-05-17 07:09:11,8115f26c5cc060ccf1f2379bbc7e473685263425df51f2268c8536c629bede24,897071,68190.0,234.0,0.003432,1,3,370
2025-05-17 07:09:11,d43741c614d0ef6a22978ee9229211b6f1f2f9472bba83cb5a41f5db9bd8cabb,897071,68754.0,234.0,0.003403,1,3,370
2025-05-17 07:09:11,11c2ab869a2686ef257af67ce554318ffef599ae683c912c844050fca4de8bde,897071,69318.0,234.0,0.003376,1,3,370
2025-05-17 07:09:11,03055ebfc4da3171e91055682793422c2b7bdb1c07fd1034563a95c4d05e00ab,897071,69882.0,234.0,0.003349,1,3,370
2025-05-17 07:09:11,3da223702dd583200727502d6081921166c01b27810b43d442ed8a0fa3f610ae,897071,70446.0,234.0,0.003322,1,3,370
2025-05-17 07:09:11,30aca50b552f8f78a36d89634af1a59d6e87120a35163bcb4e1b9259c7465956,897071,71010.0,234.0,0.003295,1,3,370
2025-05-17 07:09:11,594d6d2672b6a9b0db5e8ab5c6829cfb269222854e886b55c634f7402c21a8bc,897071,71574.0,234.0,0.003269,1,3,370
2025-05-17 07:09:11,08cb98fb75909466ee310c8e425509f9eafb72dba6bc20b8f920a669a8f3e959,897071,71808.0,134.0,0.001866,1,1,203
2025-05-17 07:09:11,7d52f8cbc5f6d979dbff2e4d49cb5fc5f87264539def14e4f24cabf510621ee6,897071,98467.0,281.0,0.002854,1,4,389
2025-05-17 07:09:11,1942b3d589d60d9d9ca1652052d5c42662fc635a812dcfeea3ec90efadd7cfd3,897071,99078.0,234.0,0.002362,1,3,370
2025-05-17 07:09:11,7bfd6a49bfa1cdbebf28d7344cd154494927154ec7d1a3fb35d887f284048538,897071,99642.0,234.0,0.002348,1,3,370
2025-05-17 07:09:11,4f285cb389f8bde1cc75dd695f71ac8a3d35dabd11bedb2b879f12762ddb6b35,897071,100206.0,234.0,0.002335,1,3,370
2025-05-17 07:09:11,824309eacbd20a044a17537aa3ad6973e84694f699f4d946ed723b31a017c784,897071,100770.0,234.0,0.002322,1,3,370
2025-05-17 07:09:11,08ec1ab1260719c82d82a60cfe061ceabd7579161a3d0ca418d88641a70248d9,897071,101334.0,234.0,0.002309,1,3,370
2025-05-11 17:27:36,bfcbd782564fd6796eafb2f3b4f7d100a9ad48cc8fed2866b473716e2a1798b3,896286,235534.0,220.0,0.000934,1,1,191
2025-05-11 17:27:36,76439134cdbee361c5dd328c29e937179f97d707710caef5b92a422be5c6a4b2,896286,330.0,308.0,0.933333,1,1,331
2025-05-11 17:27:36,26697fc565435f08e1866698ee9e865e156480c65f45f831d0bca394425b2ff8,896286,15481.0,480.0,0.031006,1,4,291
2025-05-11 17:27:36,bcb94dc881e4dc0a37846ef08c17751d5bf1f7c6185db522b2ab7627414688b2,896286,148659.0,438.0,0.002946,1,2,219
2025-05-11 17:27:36,7c172180df08efc9ad59288e16fa46e8f75f3c2a3a13beaa80fe5e0e1df07cb2,896286,330.0,308.0,0.933333,1,1,331
2025-05-11 17:27:36,671cf7b0fecf39fd75029c1b877ce7d610826e852a899dee3606d81ad0c41fad,896286,60336.0,282.0,0.004674,1,2,222
2025-05-11 17:27:36,1991da974c6ec6d8d42c5e1246b4002b5e5ff9a7babf37f68ce30155a041c8a9,896286,10162828.0,1710.0,0.000168,12,1,1819
2025-05-11 17:27:36,fafb0fa89719f1e541612c1ddf2d5dae89acd9223b5b690b804569ddcbe3c7a0,896286,3538.0,366.0,0.103448,1,2,356
2025-05-11 17:27:36,df81696a806445ab38e840e81938bee7de6ccfa05fbc31655056a09a2dde2b9e,896286,13986.0,418.0,0.029887,2,2,372
2025-05-11 17:27:36,24095e844ca9bf7b340ee4ce10aa5ce7c4172df4225dce4489777d1422117c98,896286,676744.0,220.0,0.000325,1,1,191
2025-05-11 17:27:36,4859f5d5d54d4aa611f8a61b2c95230d9bfd574617a4677d4d335f1fa547ce97,896286,21082.0,288.0,0.013661,1,2,226
2025-05-11 17:27:36,3bf00cdd0b1c5d810e7d67465b4cee12ca09efe537bc7423c6b620284fddc594,896286,176423.0,220.0,0.001247,1,1,191
2025-05-11 17:27:36,0ffe450567f49deebbc48692308a0404e7a6958e33dd872b3be4d9057823058f,896286,330.0,308.0,0.933333,1,1,331
2025-05-11 17:27:36,43669b9abfc9c72783cf8e466dc146fe0f48b32ea9b8d2ccc40af0833774f38e,896286,16999295.0,282.0,1.7e-05,1,2,223
2025-05-11 17:27:36,13085662669808c6a89e013f8fc8b5c85ec17eb04e04db459f63f4453fd8688a,896286,10420.0,308.0,0.029559,1,2,205
2025-05-11 17:27:36,770029afedbf1a76ef32ca2dea27259e97ab8fcf76615ebfc7d5a28d8ba1af89,896286,330.0,308.0,0.933333,1,1,331
2025-05-11 17:27:36,bf9acf4e10144bfb93f5321f0efb6e436fcae08c23198f50b5579ccde4e49188,896286,16233.0,452.0,0.027845,1,2,226
2025-05-11 17:27:36,9ad0c06a84d39054ada327fa8630beb690e835f2db40a82141c0be50ee323079,896286,1470786.0,282.0,0.000192,1,2,222
2025-05-11 17:27:36,2a6b294dc310b01866ab084c9d6a98f4038ec5d85bbf0cafea26ef64db98b26c,896286,195960.0,384.0,0.00196,1,1,192
2025-05-11 17:27:36,15a5e22db259ef0e9078c63cc483f09ce5625b31a7a5f68d4a26a4f987900c68,896286,330.0,308.0,0.933333,1,1,331
2025-05-11 17:27:36,a5507d2108c4848403150591943895a46c8515360753a1cf9969ad53a10b0286,896286,14435.0,394.0,0.027295,1,3,248
2025-05-11 17:27:36,faaaee1effeb0338488520c772c2f6223a695bd199f80db2f20958843a5c9665,896286,46207731.0,336.0,7e-06,1,2,297
2025-05-11 17:27:36,1159d254632c7e7a93c9d85e2579d86c4cdef9521fb00af13a1fe76ebb70d062,896286,17575.0,220.0,0.012518,1,1,192
2025-05-11 17:27:36,6202326618ff5df1a41f86e568af4d520eebc587a00d1d1a450cd0004973f057,896286,46475.0,282.0,0.006068,1,2,223
2025-05-11 17:27:36,018c8d6dbde85630985614912edb4827d2340c247e9f31aa689049799b44c652,896286,546.0,280.0,0.512821,1,1,313
2025-05-11 17:27:36,0f23be5d16d0f06e39a24835870c599f284e51ff25428c5cf7be1bb9663528b1,896286,38294.0,306.0,0.007991,1,2,234
2025-05-11 17:27:36,68ec1ff5f78d495a5f1e3a53009a36401935bd2e5044df0710870610e517584e,896286,147697.0,226.0,0.00153,1,1,195
2025-05-11 17:27:36,cb6965b0b1aab61d4ae8158ca659e4849aa6819007002755a8731f1c4e1b444d,896286,1559333.0,284.0,0.000182,1,2,223
2025-05-11 17:27:36,cebddeb80af671aebc7fe2e4734f90379df36d25152f6661c9829e656838244c,896286,70619980.0,1292.0,1.8e-05,8,3,1289
2025-05-11 17:27:36,3a4c2e0642cb8a3fab9eeb7fc0f4d018285a0a20d3cca36e2d43f5572557834b,896286,1172838.0,282.0,0.00024,1,2,222
2025-05-11 17:27:36,a7448b82435ec650cae83a64d7cd9d8f64e7dcc13cc7e5a5237d66cbd4452f48,896286,295441.0,446.0,0.00151,1,2,223
2025-05-11 17:27:36,edde8edd1bf143c7771f91069c9dfa14dae8035c04095b8202d0e8077657a847,896286,147840.0,288.0,0.001948,1,2,226
2025-05-11 17:27:36,9a8f7ecef37db992798e168f684decb45e51fe6376152e86986511193ec6b940,896286,33238981.0,282.0,8e-06,1,2,222
2025-05-11 17:27:36,b17534e6f5bf4bc6967141aa77b160a9c44e438bcbf8ba722967ff1f898efd3e,896286,1396974110.0,1288.0,1e-06,1,18,726
2025-05-11 17:27:36,054634a5291cf4d4b24ee353c9e72cec58398f0fd0a04bce2aab8b4f7641ac39,896286,330.0,308.0,0.933333,1,1,331
2025-05-11 17:27:36,b31525d5323aaca18c53c70b0c3a569dffd64c2be2bb07fc5a3ecf5ca065ca38,896286,28508.0,394.0,0.013821,1,3,248
2025-05-11 17:27:36,d759291952b3bcef612466362096257f5241329e26f6a451110ef6b0b1312838,896286,270905.0,288.0,0.001063,1,2,225
2025-05-11 17:27:36,b291a32c64462f71672611c9c22a86dde92ca03e4ed6ab0cd96d50d2e561f031,896286,330.0,308.0,0.933333,1,1,331
2025-05-11 17:27:36,72ddcb4c7af56d2e5ceb72c8c5a860a28a80811f2420c2e504515cb31f1e322a,896286,21288.0,452.0,0.021233,1,2,226
2025-05-11 17:27:36,72c9eacdeaa6d32aa921ad3e012f358f3bd931bf44326db59ca0ef93448ee824,896286,88406.0,204.0,0.002308,1,1,153
2025-05-11 17:27:36,96bc0ad05cb438c3823ba095eed8702f57a0d96b6133906be128303547f82821,896286,330.0,308.0,0.933333,1,1,331
2025-05-11 17:27:36,1222180122a21d8db36d271bc5050a5d5f92d22b387787d42c98efbe445d4dcb,896286,28749.0,566.0,0.019688,1,5,334
2025-05-11 17:27:36,a6d0f4e9981d0f261e15a65217c3f68c935e0a72739e31f56c2a52bd6897281b,896286,339913.0,688.0,0.002024,4,2,666
2025-05-11 17:27:36,ceb6f40cb394d1dd0512ae09278f38a955424666b4cdab3fa184af6aa74aae19,896286,107788.0,288.0,0.002672,1,2,225
2025-05-11 17:27:36,f9023c42939e44c68cf964b86a6d573363ab7a768feb40b7976c90b3f6181217,896286,1220124.0,288.0,0.000236,1,2,225
2025-05-11 17:27:36,d12e3f207627d44eb03ec5a9fc8168e20377c06f65ec8a344648c9a68167cb0e,896286,1304709.0,282.0,0.000216,1,2,222
2025-05-11 17:27:36,9ded1e95b2a9262d7367d1beda13ff09a96970b4aceb8ed005beed851f4d5a0c,896286,17507896.0,282.0,1.6e-05,1,2,223
2025-05-11 17:27:36,343c34378e402f06987fb1b7e1c2ff49e7aa5ed9e4906bdbcd3a620a5fe0dd04,896286,1090291.0,288.0,0.000264,1,2,225
2025-05-11 17:27:36,687df56367c8482868fbd84f58c6bc2eb476339af555d50feab9bd0fac753303,896286,48110.0,220.0,0.004573,1,1,191
2025-05-11 17:27:36,5ef68636d1c129ec308f3d7bb8a654f2cea5dc69b261d505802045fe61f8f87f,896286,4041036964.0,1542.0,0.0,8,1,1417
2025-05-11 17:27:36,07e98a5bd28d0f8e577cedd2b07fbce7fd70a650edc1a8f63206013733889879,896286,3023807.0,1332.0,0.000441,4,2,665
2025-05-11 17:27:36,000ccae8c277b23d30be71691b1b7764959d60fa22f974b3d375e6663e6c98d1,896286,1100526.0,553.0,0.000502,3,2,518
2025-05-11 17:27:36,03d5642332d6bafa2338ed96bc4d1e36f285684e8a782ce4274fbd8d29b76629,896286,1386793.0,553.0,0.000399,3,2,518
2025-05-11 17:27:36,13c5d4c68e715d0b075cfa33683b00113585ca8391d94af2639e16fbe2d96b05,896286,1227250.0,419.0,0.000341,2,2,371
2025-05-11 17:27:36,01b2804cf6b5ac4b82c057dad50f4359240f1387be6b0f41d36c0670abe1dfc9,896286,1450895.0,417.0,0.000287,2,2,370
2025-05-11 17:27:36,e3c6117b71070d4c7aa908f819967169cad6b517a67d6d9102c592d4ed17765c,896286,243292.0,752.0,0.003091,4,3,697
2025-05-11 17:27:36,d51edf0fee935aeb5932c64b3935f6a8cc1e128a784dbc8d98ea85fd1f3bfa7a,896286,75451.0,361.0,0.004785,2,1,342
2025-05-11 17:27:36,6847dc9f704b7698a9f06eb72cc3dc52498a41a6f921cef0235a0b92222e82e5,896286,1265846.0,692.0,0.000547,4,2,667
2025-05-11 17:27:36,864ed85ecc297626129008ac5d9be8e5a8b35f11c6b21c12a0b63e63ff033ce6,896286,166564.0,554.0,0.003326,3,2,518
2025-05-11 17:27:36,c0b6e07d477a2373aac931211e93465bb4db8f1d4ef4d6b584c0c3c901706e23,896286,276585.0,510.0,0.001844,2,2,416
2025-05-11 17:27:36,04b6062c10c05e5c7ecbba60cac6638dc503293544a8603783d77526bed5f675,896286,793739.0,508.0,0.00064,1,3,253
2025-05-11 17:27:36,cb64628e315460b917aee75c0546c95fdc66756a98cda3c1fb444f1fa60eb517,896286,144396.0,452.0,0.00313,1,2,225
2025-05-11 17:27:36,e8dfc2d533b25cdd680c3d4155772dbd1119308cfafad456153ead9dbeeb423d,896286,810931.0,868.0,0.00107,3,3,1004
2025-05-11 17:27:36,dc52b7f8c26c41d437957a54487ad471b3264dc1f0b4c80c0467f765356da2aa,896286,1178643.0,513.0,0.000435,2,2,417
2025-05-11 17:27:36,5c641c0c90772035c1aecaf870d0341dd8bbd57012f4726939956b0a5c363c48,896286,36466.0,340.0,0.009324,2,1,269
2025-05-11 17:27:36,2ea9baf06036564572f25e865d222d0f17c1d335073cdb352ac7d4af028c0a62,896286,726059.0,310.0,0.000427,1,2,205
2025-05-11 17:27:36,cfc89422ce0e3bd792a310f40f10b9b3635524d55657d7d9aaf6767d7ea9b273,896286,279717.0,286.0,0.001022,1,2,193
2025-05-11 17:27:36,2fc8d410a12d1509f56a31c89a49ad82adbdf6822f0c010c093269376d18f10e,896286,951628.0,286.0,0.000301,1,2,193
2025-05-11 17:27:36,e13f0ac81a3984c37980b78e38be495442e7e153554fa920ee6e7b0fae6d1802,896286,327773.0,286.0,0.000873,1,2,193
2025-05-11 17:27:36,921b056db78ab13d0e937c4b692b77dcf359836aa089ca36b52f7c92cd8b6745,896286,2324470.0,570.0,0.000245,1,2,283
2025-05-11 17:27:36,e8b6647b7ba6fcdc4129eac02547a9362268ea06d67dab48bc92397063ddfb1a,896286,239302.0,680.0,0.002842,2,1,337
2025-05-11 17:27:36,0db513ffb93ae7ef530ce98a1848debb5c7eef3804ea64214e75f8ff4c6017a9,896286,125168.0,422.0,0.003371,2,2,371
2025-05-11 17:27:36,74baff9837cebb28b11418cbbe5247db1214e0a4cc2a534c35a9842f44ac21e4,896286,1947162.0,972.0,0.000499,6,2,964
2025-05-11 17:27:36,9e0f8cc00f4560fa6366eeadbc32cbb5897109b4f3e1ae991a7ae33807ef2f71,896286,77696.0,229.0,0.002947,1,1,194
2025-05-11 17:27:36,e03efc49cc703d68c726f4e9d6d726728b788d19562abe487c44256154317ec2,896286,24836.0,590.0,0.023756,2,2,373
2025-05-11 17:27:36,082bfdb381fc35daca844290a6d3059df7aa038a66ec30b2f0b595ed6e43e193,896286,476494.0,350.0,0.000735,1,3,254
2025-05-11 17:27:36,266e35c642d0f73ccf3293f90be50850ceba8c940b6198ab60346a400a931fff,896286,2619500.0,500.0,0.000191,3,1,488
2025-05-11 17:27:36,001f533754fd0148603581b7833b80f3ddbf379d12747e122f72fea3415b14f6,896286,71134223.0,288.0,4e-06,1,2,222
2025-05-11 17:27:36,daf4fbd9be562682896853b726abadf1fa4ff826581672ed1055a60b2240c551,896286,3868322.0,288.0,7.4e-05,1,2,222
2025-05-11 17:27:36,3f864ca584edc2d20673505e9478b8e6d5de8304c5043341ffd719b7ff95d652,896286,35417.0,336.0,0.009487,1,2,245
2025-05-11 17:27:36,52b023abbf3b40224ecc3f96119a5653e4655050b68afa9c2a9cc7245cda95c4,896286,5310823.0,292.0,5.5e-05,1,2,223
2025-05-11 17:27:36,bfae916c45b3fe1f900e699138cbb4cfaf80962b8f35c9fee87b5804bbdc977c,896286,2057992.0,465.0,0.000226,2,2,383
2025-05-11 17:27:36,315cf729e5263f5cd1e184deb8faef6831db75acd0794f564c888c7319f7ec4c,896286,34797977.0,465.0,1.3e-05,2,2,383
2025-05-11 17:27:36,037c85f435404aef87a894a16e5759a44038ab4fc31566f39e0ad1bd5a755a82,896286,5048234.0,322.0,6.4e-05,1,2,234
2025-05-11 17:27:36,fae9c886af1bdbe26e74fe599541153dd852b9ba47c4f4011dbc3bdedca95481,896286,8916.0,257.0,0.028825,1,1,204
2025-05-11 17:27:36,1d7e4dc9d3b92e7271e8640f61fae9d2fd5a1d52064e3656fa450b72187cae35,896286,175916097.0,403.0,2e-06,1,1,191
2025-05-11 17:27:36,8332d7cbbf5f041c07dcb772aa88a5ddb89f9d9647e12451ca18dd3c1c86c1f9,896286,124697502.0,299.0,2e-06,1,2,222
2025-05-11 17:27:36,2d3d0582961b93c7543c157ee2efd0b706eb131bcfb004aef29ebbff064ffc59,896286,1602993.0,299.0,0.000187,1,2,222
2025-05-11 17:27:36,3bb3c3591f2446839f244114734a8117aca6a6aab4815febecd2d389d0536ad8,896286,132489.0,308.0,0.002325,1,2,196
2025-05-11 17:27:36,9328e9845583c91765439fe6cff0df534a4c9ce4317b9fdd9b43e08a20c11229,896286,40331466.0,325.0,8e-06,1,2,234
2025-05-11 17:27:36,f88bfb3c03784222a050f8500b59eb167ddf48cdfabe52fd24669a49aa3859b6,896286,5810981.0,306.0,5.3e-05,1,2,225
2025-05-11 17:27:36,08127e9f3d38a5fab6c8e84c80870ece9568736f979f645c66e26ba20ffed3b6,896286,187588127.0,760.0,4e-06,1,4,357
2025-05-11 17:27:36,b0ee7244cbe50f47be7ff72709b56eec675f9049b1a4c044c8481e5eca4573f7,896286,283315307.0,354.0,1e-06,1,2,247
2025-05-11 17:27:36,ca0671c1e29dec5357a1421ccbc625118f185a8ddf54e69aaac2bc3b5f699fd9,896286,97620.0,404.0,0.004138,1,2,379
2025-05-11 17:27:36,00a12aa423d8e11f49193df1dd074fa864e9183f81617c47126985d3b289dc5d,896286,6593.0,488.0,0.074018,1,2,226
2025-05-11 17:27:36,1cc74c399d96e423e06e31201f0d8f7642ec91bc8eee0dda6fdf06e200d39d0a,896286,5025406.0,976.0,0.000194,1,12,533
2025-05-11 17:27:36,d5f0b1c53b00c53c49eb35a1ffca1730760ad97b92bfa6c6a1975eb754156d90,896286,19460152.0,895.0,4.6e-05,5,2,815
2025-05-11 17:27:36,d71dde83c8258587a04ecffd2b0eedad1a5c487047cf91af12d0309f0bf98c7a,896286,2637673.0,752.0,0.000285,4,2,668
2025-05-11 17:27:36,dd60df43c6f2bcd500cd247bd9779ee2cf74020981d5329c87c474086c7e735c,896286,2941725.0,752.0,0.000256,4,2,668
2025-05-11 17:27:36,a80364a9bcee2a77bc595294f9daa1b82e8ad8c1337dc39011e427b34a0bddc8,896286,73324.0,488.0,0.006655,1,2,223
2025-05-12 03:41:07,b847c8a2df1462e90fe425d6b825873d0ab0194566742c8b3d20c7a06acdc006,896353,546.0,193.0,0.35348,1,2,226
2025-05-12 03:41:07,85658534cdd8dea4b72d1a556e249f235a2ab8474221cc590154726ecfa21a06,896353,546.0,193.0,0.35348,1,2,226
2025-05-12 03:41:07,faeb88177c4d2dbd7d8d70462a4e2720d1ca7e463c0cd531f37e88bae70d8805,896353,546.0,193.0,0.35348,1,2,226
2025-05-12 03:41:07,a91967e0880b95b51443e815577b090abc1acf0b9c3e2916c0b28b4fe9934605,896353,546.0,193.0,0.35348,1,2,226
2025-05-12 03:41:07,9fbd494281d24f47b40992d81cc056fe1c3f3ee00b67ae4c58a74b0287a56a21,896353,613315.0,806.0,0.001314,8,6,1127
2025-05-12 03:41:07,d32eb8ad36cbd912273a8eeadb495feb635c662e230bc5110b8f0c924a0c31d6,896353,74501.0,271.0,0.003638,3,1,487
2025-05-12 03:41:07,3c2a8cad049167f53786587cd551ef6aa91f7a0f50882a86ea1ec449ab0d609f,896353,331497.0,238.0,0.000718,1,3,372
2025-05-12 03:41:07,10eb222a46be56b13ba0cd124e2841bb4c55ce263bd4cc3adeb0746ff83f8e38,896353,332065.0,201.0,0.000605,1,2,350
2025-05-12 03:41:07,1fcb8d9b971b0ceb6f6441c43c14868243499a27285ad2931047a0c6de907a40,896353,332596.0,201.0,0.000604,1,2,350
2025-05-12 03:41:07,de5949b60ef5d45db8e3a24051a15a4adeb8268692e348096aab26e2d9a02042,896353,333127.0,201.0,0.000603,1,2,350
2025-05-12 03:41:07,9f48990cbca99869cbc9c9c5b9ce2102a0756584d213508205dc8e422ac1c9bc,896353,333658.0,201.0,0.000602,1,2,350
2025-05-12 03:41:07,3a2c7d7bfb86301644a83d9e5bde341eea60758e54ba603f6ade1bcd658ff9c3,896353,334189.0,201.0,0.000601,1,2,350
2025-05-12 03:41:07,36c6862ab36602d74447c37d6f84472995ebd0b95f5bf3d85377dbc517cd33ed,896353,334720.0,201.0,0.000601,1,2,350
2025-05-12 03:41:07,469d0cc97d91ea301923c610e6a3696abed8445340bcab5756f3d5d55ddb223a,896353,335251.0,201.0,0.0006,1,2,350
2025-05-12 03:41:07,817633cf1213d48a696b7809fb945c15f675910ee82b899abecd15b4bfc30096,896353,335782.0,201.0,0.000599,1,2,350
2025-05-12 03:41:07,50a45642cfd07950ebf52b87af9e6deea0df02ca053d858b70bc4fef4b4caaf2,896353,336313.0,201.0,0.000598,1,2,350
2025-05-12 03:41:07,e102cc9daef3ad2b0b5665085e9f7f13e50c9cfc80302001c7016bb8e36dc823,896353,336844.0,201.0,0.000597,1,2,350
2025-05-12 03:41:07,8836f97a8809aecffcfe651336ee6cc1eed3c42bf42cdfcef64ffb7abfe87130,896353,337375.0,201.0,0.000596,1,2,350
2025-05-12 03:41:07,11c178274d46d20d6a09a7c2270c53f7dd27c86915900259a88155ac7d99fdcc,896353,337906.0,201.0,0.000595,1,2,350
2025-05-12 03:41:07,73b49ca466b628a8391b172d44295802b22c3a8e1dc84f11e75eba6884936fda,896353,338437.0,201.0,0.000594,1,2,350
2025-05-12 03:41:07,544cdb472dab0d9c1e4b161dd71b07f6850b5e48f34c3d84289a791b979239cd,896353,338968.0,201.0,0.000593,1,2,350
2025-05-12 03:41:07,290fb06a7ac04a2653bee42dc81e19e0076b0721aeebf14fcff5ee6bc4628c01,896353,339499.0,201.0,0.000592,1,2,350
2025-05-12 03:41:07,45d0fc2c33dc331dee5beeee8efe24a27575d6fc4789239d5380a570a73010e4,896353,340030.0,201.0,0.000591,1,2,350
2025-05-12 03:41:07,6bca77311a1a18d0c629effdc574d192ff5da13708261df4c504d378ebda1e64,896353,340561.0,201.0,0.00059,1,2,350
2025-05-12 03:41:07,96f813637c142d97661a0124d545a1718739c6012ecd183f1a27e5a598cf9c8c,896353,341092.0,201.0,0.000589,1,2,350
2025-05-12 03:41:07,a270ebb3dde73a44208ad9799346fc633bfe57d7c3f2cea7dba17bb8cef47421,896353,341623.0,201.0,0.000588,1,2,350
2025-05-12 03:41:07,8f6d68d36ce0663db73bbf7a6877e8bc61959594db12d6b89fab87c13729838e,896353,342154.0,201.0,0.000587,1,2,350
2025-05-12 03:41:07,e6ddad0c7c6608aa155b66dc75bd9d0712fa0501d9589651bdb9441806a57088,896353,342685.0,201.0,0.000587,1,2,350
2025-05-12 03:41:07,7dcbd682a15c88308a525f5957fb84965205d4a04d5fd7dfd1a0aa6eafdbf28f,896353,343216.0,201.0,0.000586,1,2,350
2025-05-12 03:41:07,299edf6461fdece26a8e0b0b3c4869c783c579095e0c7137f0a3e9184e38bc6d,896353,343747.0,201.0,0.000585,1,2,350
2025-05-12 03:41:07,de014687e5b9f74ef07b665d9844301aa3879f6d0b63ae5a83161ddd60cf4d3a,896353,343948.0,135.0,0.000393,1,1,204
2025-05-12 03:41:07,9a3024bcd6ab5d76586e6747a9d9397240ddb2282229a1c7c4ed177003113302,896353,13062.0,504.0,0.038585,4,6,718
2025-05-12 03:41:07,8a459a3c3cec3b51d97a5f0a0621de652d2ad39bc52f380f14e6cf6b932f96a8,896353,330.0,169.0,0.512121,1,2,220
2025-05-12 03:41:07,7765d4386c9f2b5c2f1a05ecf875b613d27747d6611163babd25a4c0a9914c6c,896353,110777.0,142.0,0.001282,1,2,193
2025-05-12 03:41:07,d8bf9149702a3f13336cf8ffc6588726ba329f2c4493f97b90545110e0771185,896353,330.0,169.0,0.512121,1,2,219
2025-05-12 03:41:07,613e9b5da453a82443427a2d8ac20a1429128f21c743be8442a9468bfe13f71b,896353,47351.0,142.0,0.002999,1,2,193
2025-05-12 03:41:07,7642b9077464f5c42d39fbb6f64f5f1b2ea976c271bf3a91481c09670898b33b,896353,330.0,169.0,0.512121,1,2,220
2025-05-12 03:41:07,5773fc73f2cf53bd940b52931ce553fd0f85f7b0015ead0461dc813feeb6b263,896353,12799.0,142.0,0.011095,1,2,193
2025-05-12 03:41:07,aa9cef71a4d20ca04d8bd2eb2c80e3d7f772f4c5835c9f3ab01cbd14e4340713,896353,330.0,169.0,0.512121,1,2,219
2025-05-12 03:41:07,7fea2d79153dbd24f1f2e2effdf2fa0427c9cff7cb637bd4a0eef65e8391aa49,896353,21400.0,142.0,0.006636,1,2,193
2025-05-12 03:41:07,f2c61fbcf69f6a1df4b07361a8053a16bdd1d909c401a6a7d198c24ea43c13ec,896353,285962.0,221.0,0.000773,1,3,248
2025-05-12 03:41:07,68f8755596acf30d1242b4c52c42606aa7d89c7e42d287cd33e4616b6905cbcc,896353,13053.0,221.0,0.016931,1,3,248
2025-05-12 03:41:07,8096a6ea5b43e65a62402b59235f69b0b5681ade6cf55f2dadee94dba34a4329,896353,261779.0,221.0,0.000844,1,3,248
2025-05-12 03:41:07,6d25f2237c76a793cf286a89138885b8b67a1358f95d7d4042cc5fc0fc917a5d,896353,324930.0,222.0,0.000683,1,1,192
2025-05-12 03:41:07,acc9891d1bc350d146b15368371e813d16165f2a9994a41c6ce75187aeaf519f,896353,35620199.0,4651.0,0.000131,1,127,4309
2025-05-12 03:41:07,49b83e1f85f2c4f17774c8574389b03539ba6412fb8e29772b69f792fbd2782d,896353,1712828.0,160.0,9.3e-05,1,2,223
2025-05-12 03:41:07,3918cb4bbb22bc59d2ff634635c2ed9c24adbf2ce5a5b8802b02aad4e518fd29,896353,44162.0,164.0,0.003714,1,1,326
2025-05-12 03:41:07,87aee9a38a94e1bb8bdaf541ca93922ebc004a5c773349bb8f726227290be8f8,896353,507841.0,159.0,0.000313,1,1,267
2025-05-12 03:41:07,d06a7030368d6007b865d8544654fb8775c93bb6b5e861b2247c9e4ea289a99d,896353,467841.0,159.0,0.00034,1,1,267
2025-05-12 03:41:07,cb800bc3383a40a9ab3a73e12275ebff19854dbdb66188f90c97868fd8825478,896353,507841.0,159.0,0.000313,1,1,267
2025-05-12 03:41:07,a5bf42c2ab219db1e1ff4b485e0f3b1ca7f036cdeb914f899874af6c8b418249,896353,507841.0,159.0,0.000313,1,1,267
2025-05-12 03:41:07,c841b7d04442dad1ee443ea0dd0091ec15eb4a736a0978ccbb28d334dfe8d23a,896353,507841.0,159.0,0.000313,1,1,267
2025-05-12 03:41:07,16bdb0a6785b8ad4502f34b2a45a065c1bd33a6c6208275ee21e7a4c22a01e35,896353,507841.0,159.0,0.000313,1,1,267
2025-05-12 03:41:07,e52d6ba6561bafef5c44df942c06fdfb067ada92409eb9497b52ebe25d9bc421,896353,507841.0,159.0,0.000313,1,1,267
2025-05-12 03:41:07,c4206de1ad5624d21fbe6343633c98ec9487c3b9351d0e9523071d573ca3d174,896353,203975.0,1979.0,0.009702,25,6,2946
2025-05-12 03:41:07,229b397d76934606138d373d11739483bc2b033e1991ea48adfead0b8bdcdbd9,896353,42815494.0,39648.0,0.000926,500,1,74043
2025-05-12 03:41:07,b1fdf543514695cdbea41e9e234327500874d5974a5dd0613b5e5f758510b36a,896353,141217.0,226.0,0.0016,1,1,191
2025-05-12 03:41:07,478e8eccd574f0e58c709dccc34938326326270492dbb9c0a712943af74756ca,896353,2830262.0,168.0,5.9e-05,1,2,222
2025-05-12 03:41:07,583c8acb8f7cae02fe7460358bfee24db32bb7e45c0255decaf67aa5dc85dd15,896353,861199.0,168.0,0.000195,1,2,222
2025-05-12 03:41:07,5cfe9b47a529a2141a4ff182bc28ce6dbb302f3f7d22266c02ac5f49af5026ed,896353,16306.0,260.0,0.015945,1,3,269
2025-05-12 03:41:07,87158ea064519557d37708e4215d56c50027e2f43c6d705f9d21dab3ea9de0e3,896353,156237.0,260.0,0.001664,1,3,269
2025-05-12 03:41:07,4775d9de99fbf7c6b0f6ba45621499a121012ab6b7e569e9c4fd91fc8a1e74e0,896353,16694.0,260.0,0.015574,1,3,269
2025-05-12 03:41:07,6cbbb2dfa25da1522f69412c130836e95f8c6c84f1affd890c8ecf62b07c1bd3,896353,118759.0,260.0,0.002189,1,3,269
2025-05-12 03:41:07,728560dc43b28b48b25d87694d075016ea5eab516de6e438a6c21a20d391f7bf,896353,16332.0,260.0,0.01592,1,3,269
2025-05-12 03:41:07,ed506d63b8ca3ee81c0d6baa9743cab832c113cf5d5d0ed2ed55e8cc06b55299,896353,16377.0,260.0,0.015876,1,3,269
2025-05-12 03:41:07,8ca220f54fb2187a1eeebb6fd00c492a746fadd1beb81f9607979411800fdb8f,896353,16377.0,260.0,0.015876,1,3,269
2025-05-12 03:41:07,f4e7ab465a9fffb5aadda476d26f41d10788c9a8dfe4e0956e143571bd03f388,896353,156321.0,260.0,0.001663,1,3,269
2025-05-12 03:41:07,99a9a91e870978123d963033e4fc197c1f2ee82e9dce2a52391419efc890aa81,896353,47883.0,260.0,0.00543,1,3,269
2025-05-12 03:41:07,f7d5b5cb6497ffd9afb7dfdff1f8bb4c5ff9d25542597563b538358dd682f380,896353,158040.0,260.0,0.001645,1,3,269
2025-05-12 03:41:07,14831b9e3cdd86a9e33fe2ef4e2b66cc9dc3d9a7ff44b86f8564f15118827080,896353,9779.0,260.0,0.026588,1,3,269
2025-05-12 03:41:07,40f382d3fcf805c2c323f0fb965ac3152a68ac97f4dcfa18e3873443b32b7879,896353,17138.0,260.0,0.015171,1,3,269
2025-05-12 03:41:07,2f86d23e0d14d25d3b9b8928dd2fe8880824fcc96b450858df5557d8a5bf5079,896353,16973.0,260.0,0.015318,1,3,269
2025-05-12 03:41:07,47765880ff5cadb53b98f5a1b15a376237338061c2e1de9ee94d4b2a3ac42d70,896353,95300.0,260.0,0.002728,1,3,269
2025-05-12 03:41:07,c08ffb1476efa49c07e86c4b06bc1fc9f51c549313fd3f4f3f3602fea953a641,896353,16513.0,260.0,0.015745,1,3,269
2025-05-12 03:41:07,b0c064a8d0670180d0a0102bf00f7049a266690e0c9a963d62727e156d53223f,896353,9681.0,260.0,0.026857,1,3,269
2025-05-12 03:41:07,8ee875c2dd3cb141e355ab932018a2b21285831396f6c14a6a39179f91cfcf35,896353,20142.0,260.0,0.012908,1,3,269
2025-05-12 03:41:07,0df38a39f8ca0a1321d6e35ec7a60f8f731143817f99d6b58b0945a9e08f932e,896353,89151.0,260.0,0.002916,1,3,269
2025-05-12 03:41:07,a5ae5b62aab82a7752934af7ef293bb98bc6f0c56d9c804f5a3ad9fc7813412e,896353,92566.0,260.0,0.002809,1,3,269
2025-05-12 03:41:07,e2ba8c8fdbfccf57bea41bea97ddc2b1ab0290367063c936efe5c8c600ec821b,896353,16332.0,260.0,0.01592,1,3,269
2025-05-12 03:41:07,62ff9085aa60c3520f30ad36905764bcb5600ca739805ef7041130c212996206,896353,17868.0,260.0,0.014551,1,3,269
2025-05-12 03:41:07,39ef80a27d889a4e07347040f4739a1dce03a79b9bf04e3fb505c061057abc51,896353,267638078.0,250.0,1e-06,1,4,290
2025-05-12 03:41:07,0765acb0b5791d014ef6a48e732c58494e391e965347766cd3e1444ad69dd1f2,896353,1879921.0,170.0,9e-05,1,2,223
2025-05-12 03:41:07,583276c50ab5c02162f052ffac55376d2e0f1a38b4277f55fab0473d81333b7e,896353,2459981.0,170.0,6.9e-05,1,2,223
2025-05-12 03:41:07,7724428086729cc1236d5cce6d2e35601f82b9b32362bdf8b535284a8063c175,896353,6724530.0,170.0,2.5e-05,1,2,224
2025-05-12 03:41:07,f06bb0d9a0f441794caaf2e0166ba33331635eba572d722c4520ef3eefb48c44,896353,26269127.0,170.0,6e-06,1,2,224
2025-05-12 03:41:07,47ccc764fcb5f8baeac0a117e2b17bb40de5ee9584802aa51383a46220653cc7,896353,1011528.0,1400.0,0.001384,16,2,2454
2025-05-12 03:41:07,dc30251a2786bdf01594b7749214c580d51d6652a1500139458f6d8762535675,896353,38477877.0,206.0,5e-06,1,3,253
2025-05-12 03:41:07,b6ab5c8a8d174f850f71f0c6a871aac7953b7f5c0bcb6158347b0d20f80a8d29,896353,28526746.0,206.0,7e-06,1,3,253
2025-05-12 03:41:07,a9d6b5cfd585babac79a023c688689cd63c83743cfc76e31c0991584b4d6d83a,896353,1046720.0,220.0,0.00021,1,1,191
2025-05-12 03:41:07,ef99650bc5950aad939411657c1e869f4a867ed19cbc698498b3393f3d6ecb56,896353,1046940.0,186.0,0.000178,2,1,339
2025-05-12 03:41:07,665a0922aa5a5f4cf3e5edad2b9cc08369d54d52f1591b9659975cf3f53734e2,896353,1045245.0,222.0,0.000212,2,2,374
2025-05-12 03:41:07,7fbd54a40c85e059da1a14ad2c125cc1cc96e48a486b07c2a44cfc6a8bb62269,896353,1072248.0,219.0,0.000204,2,2,370
2025-05-12 03:41:07,6fdfe748f6b323ad4bebc4412fe6e91dd217fe63871a7be6ceba28fdb28d2477,896353,67551629.0,248.0,4e-06,1,4,288
2025-05-12 03:41:07,dde203dfe3f928b7473b80a1d297401fba46a70576ca41c754fc8ad29442241a,896353,1484127.0,254.0,0.000171,2,2,375
2025-05-12 03:41:07,6a3c7954dd720493637b6d5a38e3e58c82b77282d5ea063febb7a2481e90aacc,896353,6259757.0,133.0,2.1e-05,1,1,192
2025-05-12 03:41:07,8d316c9cdab694745bb81abb1d85c99c0b04a473c87c25104735c8031f65c697,896353,137003.0,133.0,0.000971,1,1,192
2025-05-12 03:41:07,8c1bc2134d7c76ad6e0efc5cbb5ab01e598017ee79c66af846f77541abe0ea76,896353,1660.0,133.0,0.08012,1,1,192
2025-05-12 03:41:07,cbd5c8abaaec5ddf0c55d347a0bf758933f966366530ab4e9869853cc42a01db,896353,3056977.0,501.0,0.000164,5,2,820
2025-05-12 03:41:07,2963516bdbf179e98c2a8ffc5befe198e540300bcaebaa776dec444692bfc1ec,896353,598740.0,169.0,0.000282,1,2,222
2025-05-12 03:41:07,adfa67a58d9583a986ee330ac080d094a9c4a676f940aa9e55c16eadf4d27ad1,896353,252760.0,169.0,0.000669,1,2,222
2025-05-17 09:37:04,bc8a8d4fb48eabf0563899037dca5c845017bc88182e0aa78fa43a133fc1ce73,897084,553651.0,1049.0,0.001895,1,2,228
2025-05-17 09:37:04,d08c9718cab3bece0b336a6a1964954049ddbfb20b098477139bfb4f504f9a25,897084,642850.0,2000.0,0.003111,3,2,521
2025-05-17 09:37:04,044601eeceec3e5f3d93c56f7d71db93c7ca6b602897c1cf9a193b912c43c961,897084,61215588.0,1013.0,1.7e-05,1,2,222
2025-05-17 09:37:04,283ba8b36a01d71692d6b5254bc6cf86b32680000b94fac48feb883112683e60,897084,2026539.0,1238.0,0.000611,1,3,254
2025-05-17 09:37:04,49d516e9784c90064bcf2ef740bc7dfc284b936fcf2087f197eeca1c8c433afe,897084,4059892.0,1015.0,0.00025,1,2,222
2025-05-17 09:37:04,7cab19d18a613e58eda7b8bb9dd787a253f535566034cce14bb075e3389cf0ea,897084,2137352.0,1015.0,0.000475,1,2,223
2025-05-17 09:37:04,1642fe855de8e5d365e9dbe7cc81b3a6f82c55b15e00842561193d45f6b038b6,897084,1068644871.0,1015.0,1e-06,1,2,223
2025-05-17 09:37:04,5592b2b3582b39ce80dd0007007f8a3457fe7ea31dd282a34357a497205adf71,897084,34873883.0,1015.0,2.9e-05,1,2,222
2025-05-17 09:37:04,83da0e6afc70546af25a633a5341e83ad8b26e1987b23716dc8a46d1ab01173a,897084,15261015.0,1015.0,6.7e-05,1,2,222
2025-05-17 09:37:04,b5a3e4ba77a452232d8e3330fcb9268de4fa1ba627c27ff441ab576e43a4ef19,897084,38490889.0,1015.0,2.6e-05,1,2,223
2025-05-17 09:37:04,0345b8719d5d1f885ce9c538d6f975a2752f6ad44b981d6f8f1891718e77f918,897084,3941852.0,1015.0,0.000257,1,2,223
2025-05-17 09:37:04,8c6490a8498ebbebe104cfe03848d56165d4f1dfbd3d0d80294fc1bc644eb704,897084,3176743.0,1015.0,0.00032,1,2,222
2025-05-17 09:37:04,9e11f1a4679478c2c633e281a5fd3809e802d5b5e836ff3284bfb9f45f396e3f,897084,155732152.0,3355.0,2.2e-05,1,12,548
2025-05-17 09:37:04,981848dd72ce07d782ff78ac113492ef0e0a3d0d8ce7cf0f08f3479a193e8dad,897084,19371.0,792.0,0.040886,1,1,192
2025-05-17 09:37:04,fa9d7281b212a941ef730fec71ff43b0815cfc0d7e040e4372e4bafccbdf1d92,897084,54656.0,792.0,0.014491,1,1,191
2025-05-17 09:37:04,a114685586f4b783645ee00395f73fc6f6e4563009249db0a30fb3687aa8858c,897084,88185.0,792.0,0.008981,1,1,192
2025-05-17 09:37:04,a304ba1053f7bc341437fdaba6b09ad8e44b4fb18e7ddda74c48062b69cf6875,897084,123476647.0,3996.0,3.2e-05,1,15,636
2025-05-17 09:37:04,85986de49f527e1335d62532f1fae19a0d5829ac89a13854478d26bdcb68fe52,897084,24499.0,792.0,0.032328,1,1,191
2025-05-17 09:37:04,184053071f39fb8a716f34e744992a4b4ab4293ad7877ef05d7527a093f36994,897084,12906796.0,1037.0,8e-05,1,2,225
2025-05-17 09:37:04,b75a9fa3bf6f1b04c324cd4844910e6600061b5cce91d0a402467123da3f943a,897084,5584916.0,1102.0,0.000197,1,2,235
2025-05-17 09:37:04,db1abfd221dbc2e8e15aea8690cca79349d2074842bef30af1c0a180e2c28b9f,897084,711700.0,1100.0,0.001546,1,2,222
2025-05-17 09:37:04,1db7e9388ddbe3122c62039add388c378b68255aff93321e4529dadcd9de2672,897084,742800.0,932.0,0.001255,1,2,222
2025-05-17 09:37:04,57de0489474eb7d1cd8d9a7c127aafa7d5a7243b1bf05d33421e946ee6d48395,897084,153306.0,1387.0,0.009047,1,1,192
2025-05-17 09:37:04,dc19e84fcfae7da66e9db82e641445fc26979879ca3187e81c130207773a9c02,897084,43361424.0,2491.0,5.7e-05,4,2,667
2025-05-17 09:37:04,2f64c639d440e338b231c99a7230fcab060e45216fc1a83aab993a36ec744469,897084,1040979.0,2000.0,0.001921,3,2,518
2025-05-17 09:37:04,4bfb558d4a1a7bace7a8c27598f1fe5342ed7472f330b26f25e96df1ab17a234,897084,659750.0,1022.0,0.001549,1,2,223
2025-05-17 09:37:04,bedb9641b4e9e4650dfd1a23d6d2b21a4b6744994ac494bea0e6859d918118a4,897084,99170370.0,2253.0,2.3e-05,3,3,552
2025-05-17 09:37:04,6abe28e046e2a63d6d9287e62df7bc6f7292c009b38da73464865a805804dd69,897084,238120.0,2413.0,0.010134,3,3,575
2025-05-17 09:37:04,9eecf66c6319a7d5fbc6398657f3ecacbe5035bf489e41ea4975e8338deca64a,897084,6098808.0,1192.0,0.000195,1,2,245
2025-05-17 09:37:04,6914a6c835377e409fc8cffd21d48a185b0043f2ded232daf1e53fcf379e711b,897084,170567885.0,3228.0,1.9e-05,4,3,766
2025-05-17 09:37:04,349234e33c85fd976b359625d3e7608b6619fa68f51c8b0d21ef72ec62009bb6,897084,21289.0,1122.0,0.052703,1,2,205
2025-05-17 09:37:04,f28d8e7b8ef0069208cdd5b08cd5aa6c98a95c8cbffd10d3d611f156652e0c71,897084,92495.0,2704.0,0.029234,2,2,371
2025-05-17 09:37:04,0e086e3f363d3fd7f24bf9a484f167f6fb80b6cc7d1de3e0f98835ae14f04449,897084,788009.0,752.0,0.000954,1,1,154
2025-05-17 09:37:04,399c3cd0d6c9f85ba0e775dbc06897afb39186ae3bcf674746163ac75e8d6602,897084,125905489.0,4469.0,3.5e-05,1,17,687
2025-05-17 09:37:04,0966b5b25ad1d2b0971493fd74a9380604154a7184bd99bad726a9b94684bced,897084,1425207.0,1837.0,0.001289,3,1,492
2025-05-17 09:37:04,7b613dcf7e090a649cf59af68e4fd0bf6fff1bc71daad7e02e905415bebdf6a1,897084,1034287.0,2629.0,0.002542,2,5,499
2025-05-17 09:37:04,f996cd47ee423e0052f19c8159fb1f98e84c54fff986a1de383920255aac913a,897084,1331400.0,900.0,0.000676,1,2,223
2025-05-17 09:37:04,0636b4ff711d7c826b7ac408c6a7c203a4f41991c4381b496aae2ac28f75085b,897084,56200.0,814.0,0.014484,1,1,191
2025-05-17 09:37:04,217e0767cf073cba56229041048282f071f6e325ac8d297e141dba6c44118c20,897084,870815.0,3710.0,0.00426,4,6,699
2025-05-17 09:37:04,ed021b2e36f61a9366e630728cc7aefc930e3375358c463ddefd1d4900f4e588,897084,7926400.0,1054.0,0.000133,1,2,222
2025-05-17 09:37:04,dda67626002898d6210d78782b78d4a13d19ba5d5dd0e36a3db386ea6df98389,897084,342822.0,1145.0,0.00334,1,2,235
2025-05-17 09:37:04,8335f40b68ce47f374b72e017db7ac94d80067f353c752ebe4ea518aecd5de12,897084,1102807.0,2371.0,0.00215,2,4,458
2025-05-17 09:37:04,04f85cd83a8e330f9ffa69beb8d21bd05cf7a2445a05ddbc3d4aa58251b9c6ab,897084,1160100.0,900.0,0.000776,1,2,223
2025-05-17 09:37:04,703e1910ae7a570dd542f745354b18c0b1b090c5c405a932618a969d22c5e175,897084,2908602.0,1235.0,0.000425,1,2,223
2025-05-17 09:37:04,f425d595b80b8915a1271ba3f00e40b94b466603fe268a6c674809b76da43c7d,897084,3096717.0,1240.0,0.0004,1,2,223
2025-05-17 09:37:04,6247ec96e43ddbfd88861c39a84389525b85e7f46c4bd58b9a6d3bcaca6cd242,897084,3214817.0,750.0,0.000233,1,2,225
2025-05-17 09:37:04,b3f9897b70c39af692d146ecd1fddb265f854ce58d11fcf9079bba471d5320c2,897084,89926.0,1218.0,0.013544,2,1,260
2025-05-17 09:37:04,56d263ed71c96d5b221b3f02e8be31647f9a176ef9defd2915aa8b2a72c0f800,897084,904196.0,1312.0,0.001451,1,3,254
2025-05-17 09:37:04,a586990257ce68a3b8b3bf89fc23c0a6117e1de49c3d11ef045b4c2734ef0a4d,897084,2241585.0,10060.0,0.004488,14,1,2443
2025-05-17 09:37:04,8542bc13078c44a071d371ad2306f819bd6fd911033a4dfeb126b401ecd6b00b,897084,291752.0,846.0,0.0029,1,1,192
2025-05-17 09:37:04,dc6c589fc8c60f13e373b903fa514596c887bd08b9dfb8f9ca2c38bc293606a6,897084,40735318.0,1778.0,4.4e-05,1,4,312
2025-05-17 09:37:04,9ac7361a741c778fabfe92b5d02c8961ba23226af6e77354e900aa5a052ade02,897084,27054.0,1463.0,0.054077,1,1,189
2025-05-17 09:37:04,735797372ea8fc0359140e67d8cce01310dfb3870eff1677671d0bceff54263f,897084,116128483.0,1617.0,1.4e-05,2,2,370
2025-05-17 09:37:04,000bde316082143fb83d299428b3e779894bab650c513a327395c4c4e40a0ec1,897084,2385748.0,1123.0,0.000471,1,2,225
2025-05-17 09:37:04,93e755c4cd596910f64717188541b94bcc98b5d238e63fd9b67a300587c20373,897084,302988.0,3217.0,0.010618,5,2,814
2025-05-17 09:37:04,1df07ed05dcfdf9e3b719169e229950c14ea13fd5f72c3dc4065b8d154b93592,897084,105990.0,2707.0,0.02554,3,4,526
2025-05-17 09:37:04,12ad622f4329b7870596c4e5a056493f12580ffd277b833f1212763db4a3bdf1,897084,36884938.0,1778.0,4.8e-05,1,4,309
2025-05-17 09:37:04,79b29808e5c85b90a0f2e9f324aa0bb1b85b82ef50f2333e81d93194d2cfb296,897084,598350843.0,1912.0,3e-06,2,3,407
2025-05-17 09:37:04,82a8fb73081b195253d8c5aba356db741ec245ca5d3933b76425374a1a67a26b,897084,2354083.0,871.0,0.00037,1,1,192
2025-05-17 09:37:04,4f5a8864dac3a99d7752b5eb646b1d624eebbc21530151f553a55b86ea20115b,897084,48496.0,871.0,0.01796,1,1,192
2025-05-17 09:37:04,a4c542c759c27eea1fc368cba2fdaccf515fd50b9a72d26b4af1dba5ab98a193,897084,30003.0,1110.0,0.036996,1,2,222
2025-05-17 09:37:04,33a7960dbc6dc04f0e1c1ae48cd6bf87277cf54455fed19fe01d1bc7933ae88c,897084,14999108.0,892.0,5.9e-05,1,1,194
2025-05-17 09:37:04,fd9f7bc9a31d2cb54b5b8b55da0487d6dd43b42ba1cc11ccad296d3af054fe6c,897084,1646378.0,892.0,0.000542,1,1,194
2025-05-17 09:37:04,33fb10d03871ceb3b6496ebedd505cd700ba87c5b2c88e30a89b869a61bd6bef,897084,22573.0,792.0,0.035086,1,1,151
2025-05-17 09:37:04,87c1b6d4ecce4b65addb1663c564b73e2bdf3bcf88cfd2aa9186cb6edb201a70,897084,742502.0,5178.0,0.006974,9,1,1381
2025-05-17 09:37:04,bcd743a6b8072a0dae994f07ad76c0baf7d198f89ed0f8b948954e14202d9e7e,897084,29183.0,874.0,0.029949,1,1,191
2025-05-17 09:37:04,e9e05b425cdae619412ad000e51fbd861e885ea054aa6c89f55cba54bcef4122,897084,452304.0,1122.0,0.002481,1,2,223
2025-05-17 09:37:04,1421e72187fe31802a3bf27f28262b8cedb0e8d639e57fc3624b9d20398e65f0,897084,309324.0,1376.0,0.004448,1,3,253
2025-05-17 09:37:04,a0684e3d3a7842009d38b09dfabc925615f249b39a5d23cbdff7a4b41af99ce3,897084,54825.0,1152.0,0.021012,1,2,225
2025-05-17 09:37:04,0796ff5163ba9e3b291ac3ac90d71a0754fb503cbbe79aa4954545559f0b80d6,897084,391184.0,1152.0,0.002945,1,2,225
2025-05-17 09:37:04,6094b769e5690935faa628aa12f9fed6f29135d2b6a09bfc7c6eff3aebee60b4,897084,1057633.0,4608.0,0.004357,1,16,657
2025-05-17 09:37:04,0e4429458f668689e1dbefeda5c345613d6ace83e8a11d23ce805f4a5c0134b3,897084,124663.0,1808.0,0.014503,1,2,226
2025-05-17 09:37:04,cd495e654dab2898d63c70dd8ca23408fbbe687b149c77bd0690ff30788f10b1,897084,110595.0,1784.0,0.016131,1,2,223
2025-05-17 09:37:04,31ded56b4095df8cd19243665e4b415d87b145b7c3fe0477a47e1c4062197ba4,897084,37872.0,1128.0,0.029785,1,2,223
2025-05-17 09:37:04,11dd6570eb16c5aa74ae4cd8b590a20c49697c5c2ecf99682953dba5a69bdc99,897084,1371398.0,1128.0,0.000823,1,2,223
2025-05-17 09:37:04,9f2febeb071a526790ebba07cd3281034a135f99cda49619584a1b03e5c5fe94,897084,149436020.0,880.0,6e-06,1,1,191
2025-05-17 09:37:04,480372e1f7b23b6381f25ee9e1a753b30532ace8a591dd654a9628fc77292961,897084,20717781.0,1696.0,8.2e-05,2,2,312
2025-05-17 09:37:04,2b0c65cbabfbb40bce93e04d5d37d15ee32a54cea9750da9eea37ffe8773b85d,897084,219112.0,2072.0,0.009456,2,2,421
2025-05-17 09:37:04,13009189b8a544408e7198aee489bd843e428d53eef82b977633c9accd13672d,897084,4408098.0,4200.0,0.000953,1,14,606
2025-05-17 09:37:04,136d8c85a928855fdc4cf68ed08a0168510b8b1dc71d3f07d55497296889ff4c,897084,10279794522.0,23811.0,2e-06,1,1,349
2025-05-17 09:37:04,22fd12cd2d84e111bdcebb259420d11c691bd2957669a1f4f3f6e0cce3b45856,897084,10283246837.0,13494.0,1e-06,31,6,10386
2025-05-17 09:37:04,71b86cc56df071e8fc14e12992ef1ec50097120f02746f9c3362bb5b8bed0934,897084,399783497.0,1130.0,3e-06,1,2,223
2025-05-17 09:37:04,082b76e7dcbea060e7580328a427ac3e17285d324b35f956c4920d1dbfcd1f40,897084,2410115.0,4232.0,0.001756,5,2,930
2025-05-17 09:37:04,8e758d9c6e74ac6eaebe4b2e20993c553ca15afb186a9d689598ff70b0cafb4c,897084,3578664.0,2336.0,0.000653,3,2,533
2025-05-17 09:37:04,62a6db3a87d5f2bc8066876ab0c4a0ee6945f2751a8a19fa86545293b24338bd,897084,481357.0,1808.0,0.003756,1,2,225
2025-05-17 09:37:04,e3590f96eebb6a50622f131ddc622fedf1c2a38196c046ac1d7b4fe4af337d80,897084,399023.0,1784.0,0.004471,1,2,222
2025-05-17 09:37:04,a66cd3dbd8a532025406462648a8669d98179c8ca7923132e59dcab27d652c61,897084,1593065.0,1784.0,0.00112,1,2,222
2025-05-17 09:37:04,eddaa0e5c06865bbc948bfc94df2e981edf5bd3ccc926c204fa62697cd5a99f9,897084,1610453.0,1784.0,0.001108,1,2,222
2025-05-17 09:37:04,64e12d158a596d4ee0e1003b73ce06096f6af10bbdb7a6645ff84d57e2fa0947,897084,1569043.0,1328.0,0.000846,1,2,246
2025-05-17 09:37:04,bbe74630344f45eb8864da48f7b130da4a10fc5bd8dcaa23b5c72064b94c82c5,897084,118068.0,2320.0,0.01965,2,2,371
2025-05-17 09:37:04,200e46717fd50428ae3fee542196c9ee9e49d073c4b354995cea16b4ceabc095,897084,50391.0,989.0,0.019627,1,1,203
2025-05-17 09:37:04,c908953372668cf6b447d6e8360412bf395118d55d1f7bdc9c6195026c5f67c9,897084,1359343.0,1808.0,0.00133,1,2,222
2025-05-17 09:37:04,ad94fc4010d5bdc760ac98285dc0a73453d7141c46f1b87084bd3f89173274c9,897084,23042.0,900.0,0.039059,1,1,192
2025-05-17 09:37:04,cd2def28425a6291e7973943bf7503c89ab6db8d22b28821571182f45c657459,897084,17900.0,2646.0,0.147821,2,5,423
2025-05-17 09:37:04,cf1ce2073cae47ed6443d9424014225b62a68f0b8ae3846bc2b138b495024519,897084,660811.0,904.0,0.001368,1,1,191
2025-05-17 09:37:04,3de438affd11f5e6165a2b2183e88fb1b8f4b4dc98cb5f332a63a777d3c2a70e,897084,113910.0,1604.0,0.014081,1,2,223
2025-05-17 09:37:04,3e78d15bbdfa37d0136eaf40326e038cb476b562829866884dc0eb472525cf61,897084,2240417.0,1110.0,0.000495,1,2,380
2025-05-17 09:37:04,6ee5508785ddd65d638780a5e93ad39aaa762701c54dadaba1b6eedfd829459a,897084,101069.0,931.0,0.009212,1,1,195
2025-05-17 09:37:04,3b7a4cea33905d6fed8829362d48a3ccefecd84ed3ad07efd5d6e16ecf88fa82,897084,77600.0,1426.0,0.018376,1,1,443
2025-05-17 09:37:04,19c8398ce58358c2345627c3425ef46202430bdd29a1f8f15b64a69fac56d8c0,897084,27196000.0,4000.0,0.000147,2,2,677
2025-05-11 02:26:37,721ef6741abd2a5f1c12436d59b42d7b5d04f6c716521f9cd180532b9a4781aa,896193,3381639.0,1122.0,0.000332,1,2,222
2025-05-11 02:26:37,9129c033834996a7e7011ae5899b90bf7ca522829ebeceeebdb54f5efcbebb9a,896193,680125.0,1122.0,0.00165,1,2,223
2025-05-11 02:26:37,58f02f2d2f9d81fa0598d60778797358e7e48d0a1c0761d70442eaa2eb071295,896193,297261.0,1122.0,0.003774,1,2,222
2025-05-11 02:26:37,f2125625fca632afd14af4d572252a8c321bbf609056e45a277f70e8c6773187,896193,3710475.0,1122.0,0.000302,1,2,222
2025-05-11 02:26:37,db3abf062a80ac516025483a4c21bbf5ec04cb51bb00664b8225c2397f2f2c82,896193,8180688.0,1122.0,0.000137,1,2,223
2025-05-11 02:26:37,642c26451a0321315d355943d0d9be314d9d613fbfe1050f645b27c9603c0c7e,896193,1280505.0,1122.0,0.000876,1,2,223
2025-05-11 02:26:37,473694e9e9b8638ac7dd1587fbae740be64a550bbc3391e236cbf30229472379,896193,2121426.0,1122.0,0.000529,1,2,223
2025-05-11 02:26:37,4a6d6954778700d125f44b765f47e767aa9805b3d0acb7a316f3b9c00eedb96c,896193,24520293.0,1122.0,4.6e-05,1,2,223
2025-05-11 02:26:37,d0132bab2c715f4c8114f0050420dcc8f1a9f5eb94dfe9f224e85bc19df94865,896193,3117510.0,1122.0,0.00036,1,2,223
2025-05-11 02:26:37,6edf774342ce76a503697d10158c06252da7f2ac3c623cd9f4e6f72e43963761,896193,115832.0,1122.0,0.009686,1,2,223
2025-05-11 02:26:37,f80028ce2c2e8bb76b436aebee9f66cee2d28b34313b5b9809fdee92fb4ba112,896193,24343.0,1122.0,0.046091,1,2,222
2025-05-11 02:26:37,5badbb16cafd305bca0bf5c9cf9eaa1dedf757a15b541067e1d745b71f941a5a,896193,3841945.0,1130.0,0.000294,1,2,223
2025-05-11 02:26:37,dde110ab23f90e0a0259cf1734d61098e8f9951ee5a7a77387200f095cff633f,896193,120594.0,1130.0,0.00937,1,2,224
2025-05-11 02:26:37,56000b8b1453c912e01cfa79ae7c0ad0b94b8c7f84adf1a83b5fd8925afbd9f6,896193,10850.0,1234.0,0.113733,1,3,237
2025-05-11 02:26:37,3379e482d76c60e2f6f11094cc479ffde3808c1658a0ec744183d2387e011b98,896193,10144.0,1306.0,0.128746,1,2,245
2025-05-11 02:26:37,1012aadb0749b40784f61c0680a1d19666ba2f70684fe9287aa8d7deb073fbfc,896193,19233854.0,1123.0,5.8e-05,1,2,223
2025-05-11 02:26:37,53fc2f61f2779267ecfd9cc1772c705e0462202997a2f47818625ad9486f4d1f,896193,17368656.0,1123.0,6.5e-05,1,2,223
2025-05-11 02:26:37,8b54632237551cf4f267820ddfec5aa473d84f6a3cd487a148a0a7d9082678b3,896193,198780.0,1220.0,0.006137,1,2,234
2025-05-11 02:26:37,9f7ae59efcd4a9cbc7314b8ee459582b8b7b4c535c21366c1335e1a45b53bc25,896193,663513.0,1220.0,0.001839,1,2,234
2025-05-11 02:26:37,62f97f93f46b611108372fea997c996f0cdc2c1116dd05ead06c8bf33404d0ed,896193,199998872.0,1128.0,6e-06,1,2,222
2025-05-11 02:26:37,73f842e26b5a9498852d9b8abe660059f9567643fc5e1b80ededfcaa927998e6,896193,13691.0,2216.0,0.161858,3,3,458
2025-05-11 02:26:37,6e5a6e677c2b0e297e9dd7a4500b7d73372423bb3beab8cc47f368363af1bed8,896193,8338824.0,1376.0,0.000165,1,3,253
2025-05-11 02:26:37,ff6a6dd13265bf43a1d5b18ce127997de51ada4186973a2468b4dc8f63ece6d7,896193,18609.0,1512.0,0.081251,1,1,189
2025-05-11 02:26:37,4d1f6f15df1b10700a304f519fe70f857cdef954be6a0e73907fdf93da8bfad2,896193,11925921.0,2656.0,0.000223,1,8,413
2025-05-11 02:26:37,0ecbfb491522ea88f4c138db5a656b2f3ee904c1b11264577cca82131741abcb,896193,546.0,1224.0,2.241758,1,1,330
2025-05-11 02:26:37,09c1b082a9f55ba7752b008f44b36b2e37598b1674ce3e0d975a07cd1199dcec,896193,587525.0,1232.0,0.002097,1,2,205
2025-05-11 02:26:37,93df3b88f49192e72e5325e2dd8f6abd55e5dbc0bfae516f734ae84af7cc99ab,896193,40769.0,1128.0,0.027668,1,2,222
2025-05-11 02:26:37,8a9a479aefca34b31eb524b872a30211b5f8aca100a7ea088d3349f4cc6fb4a9,896193,145174.0,1504.0,0.01036,1,1,162
2025-05-11 02:26:37,e923ac5abeb9756ebd84af32db9c61fd4721aa563cb3bbd28e4c5f2c26d699a0,896193,167684.0,616.0,0.003674,1,2,205
2025-05-11 02:26:37,7c236f80281ea257031f58376e1a2c3c7c59e7ad5358cdfe432395b214ee18a2,896193,28092.0,1072.0,0.03816,1,1,215
2025-05-11 02:26:37,404be5ac97e1a801777c9341ce2775dc8127bd356bc0480dc9a7cff859fac684,896193,2412088.0,1456.0,0.000604,1,2,347
2025-05-11 02:26:37,da8d932f908836202b0efc59f8789cf628797d7638ac55af024660ce784efa83,896193,546.0,1224.0,2.241758,1,1,330
2025-05-11 02:26:37,75df3305b8a2d9816dccd5fe0383a7efeb24c8709f8f4e74986891e72a58e5b1,896193,589618.0,1232.0,0.002089,1,2,205
2025-05-11 02:26:37,c5f684df92ad60b6a062855aea5b0f1a0351c1bb85d3ed68c67d16183164fe7e,896193,76679.0,1072.0,0.01398,1,1,216
2025-05-11 02:26:37,4be0ab7adae9c9d44335412690a738c93dfbfc9ec6dec6f73c8e2059dbd8156f,896193,163534.0,1152.0,0.007044,1,2,225
2025-05-11 02:26:37,6c0ae16b4c8f35b0a8949d4bcf7385e9600e22273c15dd2a8357576f55afe75c,896193,1346678.0,1128.0,0.000838,1,2,222
2025-05-11 02:26:37,66972dd0132fa5a62249377c7764f34c78c410c3161b795aa35122475c6dda41,896193,248635.0,2056.0,0.008269,2,2,420
2025-05-11 02:26:37,8e331dd0718444fcb631997d7870434af7098305e40d02f91ab8fb7d4da8751e,896193,304627.0,1224.0,0.004018,1,2,235
2025-05-11 02:26:37,fa4461d6445da480196705c1cbe5d2584b16752d97f28e7d8ab6cd7f3dcb04ce,896193,79245.0,2338.0,0.029503,1,1,162
2025-05-11 02:26:37,88dcb3e39f19e9d312e9cddccd100ece132fe025d55c670d0f7c3abffc18ab85,896193,5707684.0,871.0,0.000153,2,4,390
2025-05-11 02:26:37,344e3c98c0b1a64bd85919abf5209dd222a640eba9c2d28f5ff6d1619d84e810,896193,8352.0,2205.0,0.264009,1,1,162
2025-05-11 02:26:37,3af900310f3fdf090072e1632a382adae1587ef918a97b2d773a19e3a3cb2998,896193,31563.0,848.0,0.026867,2,2,312
2025-05-11 02:26:37,8f8abd7b93cd3516038c09c85158581337e322d92f61f74d6e6c91401092a8cf,896193,52177.0,770.0,0.014757,1,2,205
2025-05-11 02:26:37,620f25363288343628d7334123ab89756c32c3fcb5c680828211e0e3d876909b,896193,321492960.0,4256.0,1.3e-05,1,14,612
2025-05-11 02:26:37,306aa27ad7d5d646a334bfaee56f02ffdb1b60681a1e4162eefa224494f71072,896193,10121505.0,2029.0,0.0002,2,2,370
2025-05-11 02:26:37,225a85b156b3bfd1293b1510d258d0ca4160544851c968049bace7101b32b7f0,896193,270174.0,1252.0,0.004634,1,2,222
2025-05-11 02:26:37,cd9785e3f4a292acedb89b216a91bb234ce4028ee6ad5dc6e9b372a4df73701a,896193,1520726.0,1252.0,0.000823,1,2,222
2025-05-11 02:26:37,bad57123be31462856fbe4c248a242f781ba504642e630e21c288555e0956330,896193,1809978.0,1263.0,0.000698,1,2,223
2025-05-11 02:26:37,9910495c020a21b68298832ea033d026e76d769869a93dd5553c4bd317548c29,896193,1953321.0,1252.0,0.000641,1,2,222
2025-05-11 02:26:37,ec2e4f4dbe8ae1cf804ebe8d6182a664ec78e803de6b906aa5bc1171fde4c693,896193,2532493.0,1263.0,0.000499,1,2,223
2025-05-11 02:26:37,e4007fa05ab07be0a2bfb71d30a9867b46bd211eb6269d650ea6d517219beb25,896193,3110356.0,1263.0,0.000406,1,2,223
2025-05-11 02:26:37,67bd7807affffa66d511ec5142f1db1388d80b6ddcc18a7fe9f9a34ea0eefb5c,896193,3418819.0,842.0,0.000246,1,2,223
2025-05-11 02:26:37,1b407d8d4b97b363266eb9f2a5d8bc74c579107b84b7bd1991209aa2ab119613,896193,4380661.0,842.0,0.000192,1,2,223
2025-05-11 02:26:37,306d81e6d9d1fa7dbd42c359a39bbfd39c9039a5fcdd90e3f5bf0c47689e4519,896193,5247480.0,627.0,0.000119,1,2,222
2025-05-11 02:26:37,33e505abf478967c12024a192f0aaaf16d9ee0a70ffb64e41a9dfec1cd0a8da5,896193,362039.0,1140.0,0.003149,1,2,224
2025-05-11 02:26:37,bd9c656d9b3a9ab4c71b916e6edab004d10abb67c941e1a439344da668b3e08c,896193,19902.0,3309.0,0.166265,1,1,162
2025-05-11 02:26:37,756aa686a8275c5f32f7b650ab4d213b25e8e00c79aba4da8d899ff956496d4b,896193,153171.0,3850.0,0.025135,6,9,1043
2025-05-11 02:26:37,a3618002be9297681663993874a0daca2a1f1014179c80e0428c16f083ecf498,896193,155161.0,935.0,0.006026,1,2,205
2025-05-11 02:26:37,49296d40426e102ce346024ab0c300db88252817c5cb955da9301a6aa62b303f,896193,26176666.0,1808.0,6.9e-05,1,2,225
2025-05-11 02:26:37,08fdb4645578faa579737357a5268f89acba77051247c4800e5b98996283251a,896193,284440450.0,1808.0,6e-06,1,2,225
2025-05-11 02:26:37,4b734d158334d08b72aba59b562ab488f02e8bf55a1df8e1eede8d6aaf955cd5,896193,6946882.0,1784.0,0.000257,1,2,222
2025-05-11 02:26:37,6d0bf9435324a96a1694ba9b3f42647d78d5743c5b9b594dd486fd19507beede,896193,553856.0,1680.0,0.003033,2,2,371
2025-05-11 02:26:37,6d9d64ea096cf33049ef90672262def6c544cb70d47e80d4a2cb2b44fd6e5d18,896193,47655.0,1512.0,0.031728,1,1,188
2025-05-11 02:26:37,c46ad20764d0e814b0479d42493ce48bccc1edd83433e70e4e3f2a829094ddc4,896193,17344.0,1328.0,0.076568,1,2,246
2025-05-11 02:26:37,957053735328ceaab61100d7a6191bc60e27d02f88f90c35b1533fb9416f7546,896193,49998672.0,1328.0,2.7e-05,1,2,246
2025-05-11 02:26:37,5cf7bacb0bf7d4301060d56629a78a02ac89cacad8974c417534be68dfb54933,896193,577344.0,1328.0,0.0023,1,2,246
2025-05-11 02:26:37,60af4acff0f7d09d869430e29606d669344dfef2568820b3f7d1a813498ab81c,896193,206016.0,1328.0,0.006446,1,2,246
2025-05-11 02:26:37,98c8428567e9d3b416d399321c0b8b6c7b13fb349b82b17caae6547ffb294134,896193,1989057393.0,15000.0,8e-06,6,6,2051
2025-05-11 02:26:37,afdcf8dbf006090104a0b2b33c4a85cad1bb3344efa4e781f941e290f4d3c28f,896193,49879.0,892.0,0.017883,1,1,191
2025-05-11 02:26:37,9e4df0a0af8212a48719810054cf52e05c7153e29fa76c1dbd624675b063b015,896193,7687.0,892.0,0.11604,1,1,191
2025-05-11 02:26:37,dcd54fdc5688f739b13a2f7a1dcf758cb9c05f0cf08909b219914512273c6a8d,896193,679485550.0,1504.0,2e-06,1,3,267
2025-05-11 02:26:37,384a4d9addbf1bae05b04c06b294f1b2dd4caa7885e64c2cb3b0aac2afdf1fda,896193,633305237.0,1408.0,2e-06,1,3,255
2025-05-11 02:26:37,5b019cf78dbf85944ddb78b75c118bbc968481789c7ef81f57fc7119609b4be5,896193,647828027.0,1400.0,2e-06,1,3,253
2025-05-11 02:26:37,92c76a3aa60d3703725581d601ed51b80f15d130936eeb2bec984f758f209ff2,896193,255534372.0,1808.0,7e-06,1,2,222
2025-05-11 02:26:37,b463bf5631754825e0b41b285bd92d672da833422714939f78396547c362c75b,896193,18867.0,897.0,0.047543,1,1,192
2025-05-11 02:26:37,2a620a1f7b68c862ecf8a8c1143ef864447e3b26512f2cccfaabf135d5e52d0d,896193,21634.0,897.0,0.041463,1,1,191
2025-05-11 02:26:37,83a53a8d22f38ae7eea17c402e00ce7ff869732a1190d4335870d1cdb556843c,896193,632408616.0,1248.0,2e-06,1,2,235
2025-05-11 02:26:37,cf9b6fcdc67e99b2928decddd8f5e8a121102ef878214f3431e5c29784cb41b5,896193,1989032375.0,10000.0,5e-06,4,6,1418
2025-05-11 02:26:37,64676120faebf44112885740add174769c387b892a11d451466e145d09778aec,896193,638557789.0,1152.0,2e-06,1,2,222
2025-05-11 02:26:37,4495e58d426d8691be0d6a7b792a0a6c9b2b19a4f15a843f97ae73ac35813dbb,896193,675358854.0,1152.0,2e-06,1,2,223
2025-05-11 02:26:37,66d77aae05df12127b4b126268b38f2def56cbb6182be525c817365b910ead09,896193,40207441.0,1152.0,2.9e-05,1,2,223
2025-05-11 02:26:37,a870daebca64ff4ac88116ef1404731f602e1f16d67c4f82e0776e0104743526,896193,311407693.0,3168.0,1e-05,1,7,387
2025-05-11 02:26:37,85bc622f5a5fbb410827101687f6b6bd214f2e99f257c8c333daa16924a332b2,896193,2920000.0,839.0,0.000287,1,1,153
2025-05-11 02:26:37,0d55aecf73ee2de6e352ce9b036ecb2eb17ba99a89581597f16c89bdf7380b66,896193,145665125.0,2280.0,1.6e-05,1,4,357
2025-05-11 02:26:37,eadcf98f089caec6ee03055f9ab71d3c9fbfa7e4ebdda71b0d690e2fa8d7d4e0,896193,159229.0,1264.0,0.007938,1,2,234
2025-05-11 02:26:37,0863fa98908e494fcc5b7e516ef6d8ae73772421dae747acc2bb40381a518a30,896193,8736.0,1264.0,0.144689,1,2,234
2025-05-11 02:26:37,af1a83d11c6f52b6ffad3fb689e15e719a9bb09cc366a9b2395620336a601591,896193,12005135.0,1167.0,9.7e-05,1,2,222
2025-05-11 02:26:37,a7a448d2445ca7ee30b5b56b020aa908e454fa21b07a5484ec7bff8ebaabf7fa,896193,2614910.0,1938.0,0.000741,1,5,316
2025-05-11 02:26:37,6fdb6a78dbeec56a1569330ffda5bfb02ac4669a1ce569a250ff126750de5325,896193,599759.0,1168.0,0.001947,1,2,222
2025-05-11 02:26:37,0b03404abbe367ff9953087ee1c146c74589f96047f74df2ff30bc86578e53d8,896193,116883.0,5136.0,0.043941,8,2,1261
2025-05-11 02:26:37,d7f0e7925c1c41da7ea6e3ee7f456ff9afe43ce1885d8edeb96fcae82f47168f,896193,55026.0,924.0,0.016792,1,1,162
2025-05-11 02:26:37,71a52fcab77f4d5a1fee6642db86f9586e8aefa4096002b316e9897ec361326e,896193,72993967.0,2000.0,2.7e-05,1,5,321
2025-05-11 02:26:37,44285a9fc07b496039ce1cc86007bee4ded6717a527369f8fb2f256dabeb8edd,896193,21449087.0,3378.0,0.000157,1,8,405
2025-05-11 02:26:37,0ec69ee8d71fe71de7a07c6a540db210099729342f996cc8320b77ecb006e94b,896193,6563396.0,1450.0,0.000221,1,3,255
2025-05-11 02:26:37,d2a3c29443d6ba72593d7e4913256da9305f537071356a5fb81b095f5cf95f0b,896193,46458550.0,1450.0,3.1e-05,1,3,254
2025-05-11 02:26:37,a9e08256917f01cdf5dcdbc6ee34ff2bc812a32f5399d456a9d8180f7f7659e2,896193,967581.0,1442.0,0.00149,1,3,253
2025-05-11 02:26:37,282c01deb58e18a60aa8858af557d14a8d5be73e5b8b5b08512b7adfa11b51a8,896193,24201143.0,1184.0,4.9e-05,1,2,223
2025-05-11 02:26:37,4db0682d78824e9424fa1998a5103dffdcc6ee1c31e3da4d2464f487dc30091b,896193,10955945.0,1193.0,0.000109,1,2,224
2025-05-11 02:26:37,968f0f18bceba7ed85e462653d8cda4f9f3efba0ae431f787d4f7be4b1d5cd96,896193,109759465.0,1210.0,1.1e-05,1,2,226
2025-05-11 02:26:37,93b626ebdf06da6c8ff0843ebc429f4bfb23651ed162e4e7608bf4c1b8f93381,896193,92829077.0,2000.0,2.2e-05,1,5,319
2025-05-12 21:13:18,97b2b4f36670f6d2d904caf134d14e78f7cc23df84670036dea50d24dfaa1066,896458,342058.0,633.0,0.001851,2,2,373
2025-05-12 21:13:18,3e74d7149dc479cdcb895772ead1dc5aab875669c52d4944722af136ede78a54,896458,32147.0,697.0,0.021682,2,2,370
2025-05-12 21:13:18,25b907f64a47bdae1a82abfd074c2463b15301e041c5ecb495b01c8a6253c906,896458,4315466.0,697.0,0.000162,2,2,370
2025-05-12 21:13:18,126dde31a30ec2e488a8dc5abf3b69a0a45328339910b3bbee2cef09524a9fb2,896458,96926.0,599.0,0.00618,2,1,341
2025-05-12 21:13:18,916a530f5cbc563b041ff5039560fd26bc646305e93e4cdd3d496f68515966a2,896458,6819.0,3121.0,0.457692,6,1,926
2025-05-12 21:13:18,338eab878fe9d11e2eebed52417050492a3c8221bf4c08e80bbc939e2feca5c2,896458,63312.0,482.0,0.007613,1,2,223
2025-05-12 21:13:18,7c8ede5768c276a5d4b180b6d068c55434764dbc2a491f197394e6c8acd9b28c,896458,1963403.0,482.0,0.000245,1,2,223
2025-05-12 21:13:18,3a835b86db6a583dad41e02ebf4e2f6463a4344e2ee3d86285833e00e2776673,896458,72875.0,482.0,0.006614,1,2,224
2025-05-12 21:13:18,c17534406c2c82e54fcf65bb648ad07015fe49ba93af4ef3e75d7c9fd5ec5c69,896458,33518.0,482.0,0.01438,1,2,223
2025-05-12 21:13:18,2220ba5e47489b65217452869ef24a2d26bad02a98a03217234818acbb6f7b60,896458,462425.0,482.0,0.001042,1,2,223
2025-05-12 21:13:18,c9f030516e87642ebd54866e08abb83ee82bdfad6d3c750834786bf7699b8d26,896458,490821.0,482.0,0.000982,1,2,223
2025-05-12 21:13:18,03bcbd0a8750528e5c175acb4d2ce591a9ddc17882881f564751d1dfb58cc5cd,896458,97395.0,385.0,0.003953,1,1,194
2025-05-12 21:13:18,b5026f9d54aa3f32a789dd7da3d5e41c325d3960deb18ce517bc4bb2bf09739a,896458,35455.0,385.0,0.010859,1,1,194
2025-05-12 21:13:18,efbcb41c75e34b9ef81e7410dd69cb41ba88f75d8a7374ed2d5bc16bbf20b866,896458,1954858.0,385.0,0.000197,1,1,194
2025-05-12 21:13:18,93dea0f318dc0bb62534cce28c6dbee84f87363ad74433ffbb18f83a91f11c4a,896458,121615.0,385.0,0.003166,1,1,194
2025-05-12 21:13:18,4d73face957665b91f4af14c8f0ec126afd0090cb0c0d9d98654d35d8e63135e,896458,87220.0,1020.0,0.011695,2,5,431
2025-05-12 21:13:18,240f5dafb0c36f2cbd73dcee7555bef27eabf87afd2383a1e8e840e0b9d7059f,896458,47125017.0,711.0,1.5e-05,2,2,370
2025-05-12 21:13:18,0b1e7a461e064cf416db5ad63ae95f04019578e827df49cbb2d797da41d98fe8,896458,6827243.0,482.0,7.1e-05,1,2,222
2025-05-12 21:13:18,9b2033e42b134f10b537f110d20df41d024f3d7431248d11d7bd711282aacfca,896458,2460897.0,482.0,0.000196,1,2,223
2025-05-12 21:13:18,aa06224dbd25a8a1d2ebc89ba28d6267d8363782182bf372136de628a6820ebe,896458,95482.0,482.0,0.005048,1,2,222
2025-05-12 21:13:18,49d1303c2ae8eedb02e3b72d27e94b9cbf0ac8bb4d1369870df6216430408abd,896458,209658.0,482.0,0.002299,1,2,222
2025-05-12 21:13:18,b34554e29e1ff1a6bc0d0ce24aacbe1092626289b49a5d9eaf8b7f405c4d7fba,896458,278701.0,482.0,0.001729,1,2,223
2025-05-12 21:13:18,ca368a14eed70b6af999bdaada3218aee225d7c273166c66698abfa05c41a2b3,896458,478741.0,482.0,0.001007,1,2,223
2025-05-12 21:13:18,272954b1a9e92e91c8e9d314a5b768e22716b2b070e72010d39b169cc809cdaf,896458,305943.0,482.0,0.001575,1,2,222
2025-05-12 21:13:18,c4b65ab521a25dd249242d363dde7404c85a18ffc8e2580b5e17c62e6ecffb9f,896458,211218.0,482.0,0.002282,1,2,222
2025-05-12 21:13:18,c8cea870b7a08137dbc1d1e2deb5e777f0f527c4dfea79e4c1eba05c0f5ee68e,896458,273847.0,482.0,0.00176,1,2,222
2025-05-12 21:13:18,2c1f4a1b27efe10d2751c3832a6b051baddea504fb35a298c8fa59ad8ec87088,896458,516050.0,482.0,0.000934,1,2,223
2025-05-12 21:13:18,251d73ea46e1a6f5d26361068bb0ded358b45dfdf74ac73a27c22c822c2f4d81,896458,2304600.0,482.0,0.000209,1,2,222
2025-05-12 21:13:18,5628bae3e9ddf46eb1fb861b7568a84f96706fbb903c48d214b957c9af1d7f4e,896458,8474.0,482.0,0.05688,1,2,222
2025-05-12 21:13:18,d6603e4329b0ef7d2bc27c8ba9e5b8aa54875d249d73dd44e31256dedc673245,896458,4931.0,482.0,0.097749,1,2,223
2025-05-12 21:13:18,e32502decccefafa91627ed15422b65ba06620e8250978616ecfba22a8ca9a44,896458,260441.0,482.0,0.001851,1,2,222
2025-05-12 21:13:18,a218de9d571290093a49ba458cc780672dc007a25265a159ab462544ea26453b,896458,99518.0,482.0,0.004843,1,2,223
2025-05-12 21:13:18,d1601f8d56350f673f50f6adf59836501797a8f7987d7c2ca940f08a346eb31a,896458,717193.0,482.0,0.000672,1,2,222
2025-05-12 21:13:18,7278b202f8e6c14d490607c2298c35cd5fc2fb19f606a79b2aa9feda5333de19,896458,23692.0,482.0,0.020344,1,2,222
2025-05-12 21:13:18,457eda8d3049cce996f9d948aaaf8818a89754ee105863bde8d14007d2d19611,896458,2536225.0,960.0,0.000379,3,2,523
2025-05-12 21:13:18,5e691ac3b2e93d1400e415ac5952ea82db388c5690758542769386f8ec640ed8,896458,11954745.0,1180.0,9.9e-05,3,4,585
2025-05-12 21:13:18,21b692236dec6afa29086d7ccd53db83437a9d5e93d457cb6250045e2ef067a9,896458,1687791.0,529.0,0.000313,1,2,234
2025-05-12 21:13:18,87bcd69fba92ca2d484c8618922fbabc0ee81a982230ca1462c8a92a9fea298e,896458,70486.0,1514.0,0.021479,2,1,342
2025-05-12 21:13:18,6537ba05b983d180a78b03be5f6878efd847548798ffb03eb8b494b596627d6d,896458,243628.0,1372.0,0.005632,1,1,203
2025-05-12 21:13:18,b1f98b0f76a0ced0192aaf9ad76141b978a156c3eca6ceeba04b1f17c128b07e,896458,268812.0,3188.0,0.01186,1,1,192
2025-05-12 21:13:18,a10c925f4ccc6b3ff70692c25b22107a76748637e768bc9983b0387277f21e17,896458,177245983.0,1487.0,8e-06,1,35,1320
2025-05-12 21:13:18,bf4f7bfb1fbc5c011ab283079fd6da40be564e55602160aa7e7d7e78146be321,896458,1581895.0,530.0,0.000335,1,2,234
2025-05-12 21:13:18,842100dfaea8ddf21a058ca62be749cce56563ccebaeef64131361a3dab2b6f6,896458,930185.0,385.0,0.000414,1,1,193
2025-05-12 21:13:18,0416024860447592723e7c74af80ff0344889c5f778ad8c0807191e70bddbc54,896458,363608.0,385.0,0.001059,1,1,193
2025-05-12 21:13:18,6cfded78a7cd3aa91b26574bea15b1aa73360f3079c46dc6c593a304109a585c,896458,197840.0,760.0,0.003841,1,3,299
2025-05-12 21:13:18,9e981ffed56fc95c5719c2b60942a6a9e9f8e8ab97c10d7c501c2ef2ce37118c,896458,100387.0,493.0,0.004911,1,2,222
2025-05-12 21:13:18,b979014bc70fa9eadc9efc7589af227705ee87207a2a22a0131037633ae28d5a,896458,40318.0,493.0,0.012228,1,2,222
2025-05-12 21:13:18,846260d7d42de221bd905cbb8e5381da49feeae569d83f9320c578d60c7a8b41,896458,30329.0,493.0,0.016255,1,2,222
2025-05-12 21:13:18,14e6f43b57fcda1b90e2271863dc509d300794f10cc9c13c40f5843ac7cd5914,896458,492087.0,493.0,0.001002,1,2,222
2025-05-12 21:13:18,bb0421e2fbff0ddc49a0ccabd19da7fae7cbf96c2970e1e73cad5cc578cd43ce,896458,109367.0,633.0,0.005788,1,2,346
2025-05-12 21:13:18,7bdf185d7bb36fbbc685ba8cacb00f5400c6dc0a68e0c366ad6440f2b587b8e3,896458,11896780.0,385.0,3.2e-05,1,1,191
2025-05-12 21:13:18,407551bbb268cb43e7e9ac945f0595232200880b0122a05ba12d1516780b4dcc,896458,400552.0,385.0,0.000961,1,1,192
2025-05-12 21:13:18,9d4a16d9f9be6e9992226c43393f3601596a71bcf32e5a4d95cfdc86470630a2,896458,25290.0,385.0,0.015223,1,1,191
2025-05-12 21:13:18,ec21030aea8037fa41d14a1ee168167d07de0a0e7bc33b2ce6dbb5e6be6aa493,896458,215194.0,385.0,0.001789,1,1,191
2025-05-12 21:13:18,f1167eda70585958fd50066ef5067bbbe111b926435746d309ee7a54754d7946,896458,66760.0,385.0,0.005767,1,1,192
2025-05-12 21:13:18,2c48d4ed73ec181b573a5a9331942f0cb8fb45971e853527957b0c0fa694dc1e,896458,40060.0,385.0,0.009611,1,1,191
2025-05-12 21:13:18,bd0d77514821830083902b9bd879dcf1a3b49ce62b81d62628cad2cb4debb318,896458,91615.0,385.0,0.004202,1,1,191
2025-05-12 21:13:18,f05fe8f307818709148b2066fe708f2dbe997208f521277f2514fc15ffdd4f0f,896458,48572.0,385.0,0.007926,1,1,192
2025-05-12 21:13:18,359a4901cd9027572d027d807225b7d437a673349c298199c97db25f3cfe7b0e,896458,41715.0,385.0,0.009229,1,1,192
2025-05-12 21:13:18,6d6c3103cf008b753908c42721be0573d736742339db86d4800cf654d273c802,896458,311485.0,385.0,0.001236,1,1,192
2025-05-12 21:13:18,a8f63f370e57952ffb6f29e8ce1d8e089f6204eafc6b08a55bc6d50484648a1d,896458,50822.0,738.0,0.014521,2,2,372
2025-05-12 21:13:18,9bece62a00b2e1afd290f6c60996ce6f36027321e19d380ef6cabfd65efde9a6,896458,61060.0,493.0,0.008074,1,2,223
2025-05-12 21:13:18,b13566f2d4751bcbd8cf302c94d02c1c3c7b2c28f5d4b86dd2a6a21b9c99a3bc,896458,1535259.0,537.0,0.00035,1,2,234
2025-05-12 21:13:18,57844f6215d31fd93c2ee11e237ac3e8b39173a2ae0048037d2b259d74885175,896458,15645.0,1184.0,0.075679,2,1,335
2025-05-12 21:13:18,73403790a7acb8e431b9ba5797e5ca71ef1d34d9e32038983f0843c7c94212df,896458,47700.0,500.0,0.010482,1,2,222
2025-05-12 21:13:18,53d393cb91130f6539ca4eb3614189479ed2b51e0f6c945b29c4f409c9dd2486,896458,159047.0,981.0,0.006168,3,2,518
2025-05-12 21:13:18,5d41df84fabf76b5b944deb2370c220b8d98fef0d282aea21e5f0e4a370c0146,896458,29219.0,1198.0,0.041001,2,1,337
2025-05-12 21:13:18,c8879e690067ee23ec31dc40f33fb2a972ef3ad75c7eadec3041629eaa3c8886,896458,22079432.0,718.0,3.3e-05,1,2,393
2025-05-12 21:13:18,899970e9a26d661c6aa7280813e2007d87ade0b90c6147604f0cee668008bdeb,896458,656357.0,393.0,0.000599,1,1,191
2025-05-12 21:13:18,4cff8efd8258e0caf935c29d77158812dffae32d94795210398a1b0781871232,896458,103916616.0,686.0,7e-06,1,2,382
2025-05-12 21:13:18,12ed0e3438d0d161c317d724ba2d81858a06cfef6d1a7fb92000d75646f40111,896458,54999800.0,686.0,1.2e-05,1,2,384
2025-05-12 21:13:18,0c41010d68f14ae0ccc1a6bc978f6ee6456c78a1574069ba5bfafda7981cdb7c,896458,71067359.0,1463.0,2.1e-05,1,1,191
2025-05-12 21:13:18,72951b3fd7935c2145f93148ed99100b05164c12977acb9e175503a985e7ae56,896458,40410.0,3616.0,0.089483,1,1,195
2025-05-12 21:13:18,b612e390e2c8694d309349b56737475b553b7830dc957c4a20080f0dea5101d2,896458,102782630.0,16682.0,0.000162,2,167,5730
2025-05-12 21:13:18,2c88bbea2f7087b7bdb4fb37ee1f2a6628355deef7ce50aecd7feaba2cdd897f,896458,86672399.0,679.0,8e-06,1,2,381
2025-05-12 21:13:18,7a729db717906c27ba6def0d27838aa07b13a1229fb6d555a2517f41cb34defe,896458,93493.0,672.0,0.007188,1,1,188
2025-05-12 21:13:18,1a2f7f1393e32fbae1eab8e0b7a1e217f4d44377e2660b7fc835a252c0fc73e6,896458,6668710.0,846.0,0.000127,1,2,222
2025-05-12 21:13:18,6e93668eeef07812f57e95902e7a506743f9f9cced75fcb7e82f3f483b49aa6b,896458,7667783.0,173.0,2.3e-05,1,2,225
2025-05-12 21:13:18,2237d348dd32ef36c5f5892939e5f42b5b3d1b64435e547a79776e0c534576a0,896458,21837.0,748.0,0.034254,2,2,372
2025-05-12 21:13:18,f301c5f59214a9f235ac7bc5bd2181c44270cb6cd423be2b5df7d4592b9d982f,896458,100000.0,356.0,0.00356,1,1,150
2025-05-12 21:13:18,57442e50d08b4fac6d79751941d19b3bc50aa37dbbd4b5a2217147670a24c137,896458,34117090.0,518.0,1.5e-05,1,2,225
2025-05-12 21:13:18,0eb5e87d9e240ec7f6498c5fab9e85a3d277987a3f36391331158034502f3a99,896458,1033962.0,752.0,0.000727,2,2,372
2025-05-12 21:13:18,6094d48d7d3870b2534aca39ec14cc65874a9754b3e3096d8e7a01fccefb29f4,896458,389574440.0,1130.0,3e-06,1,7,395
2025-05-12 21:13:18,88062759dd20486453a573bc9b830e7c9f75a6574c226725247bdc24a6aea26c,896458,103573323.0,1080.0,1e-05,1,7,381
2025-05-12 21:13:18,adecccb72575811adb1a424ba5f8a12a581769a717e3d0afa0eab9e0f9236250,896458,47491273.0,2538.0,5.3e-05,1,20,786
2025-05-12 21:13:18,83b9561a73e2c2a7d3ee112b8bd4edd724b2eb5ca4ca8ded17204f9ebc73e4b4,896458,61747344.0,731.0,1.2e-05,1,4,284
2025-05-12 21:13:18,2f9d1282dc9d0df6195d0fc31367959eeb559f67ffa16e270f81e551a4f83a4b,896458,1894026.0,508.0,0.000268,1,2,222
2025-05-12 21:13:18,0c08025603b7e09b589ac37e9adbc5e37c54bf64b72c62ec718d3892637aaedb,896458,19402796.0,683.0,3.5e-05,1,2,381
2025-05-12 21:13:18,29b0543597d7c46a62f43276b51dde8dd92b740e1524a93a89045e403d0d8329,896458,3750278.0,2722.0,0.000726,10,2,1561
2025-05-12 21:13:18,5c5a923a441de8f0c837b6fe82cf0e1c73caa17ecaa340fad447b462453e276f,896458,35749425.0,846.0,2.4e-05,1,2,222
2025-05-12 21:13:18,2668fddbd1a8ddfe5cf9958689a34c3a49cac6af6fab17ecb17e275cccc6e220,896458,35782401.0,700.0,2e-05,1,2,222
2025-05-12 21:13:18,81064d9f576a8f6f3d08288a7d66d6059f81733a0d83143ff24c2357b0b8ce44,896458,35843887.0,700.0,2e-05,1,2,222
2025-05-12 21:13:18,408770a96de80022ec01d49ed70efff778fcc6d5440b45ff5103c56ef6606dc9,896458,36243487.0,700.0,1.9e-05,1,2,222
2025-05-12 21:13:18,f6c18bc10448aecbdf1bc07c9fcb7b6334f5cde4c24ea496350ca6891b282fed,896458,36270563.0,141.0,4e-06,1,2,222
2025-05-12 21:13:18,7d954050fe0ed6960a74089bf7d1545bca0daed6a35eaed37c46531b8f27a419,896458,36587650.0,700.0,1.9e-05,1,2,222
2025-05-12 21:13:18,d25ec877ef22a856ce392ed033fe259fae6d2f6da687faf19653150c6985f264,896458,36661780.0,700.0,1.9e-05,1,2,222
2025-05-12 21:13:18,7a94fe4ea396dedfe1df0fc1b98c0c7a1ce348ee9633ce2a01587f54eab51555,896458,37756719.0,141.0,4e-06,1,2,222
2025-05-12 21:13:18,5ce38d0c4f9c60977adac717ff8938e7a9b640039869ed6c7e8c89662e0dc38e,896458,38099582.0,760.0,2e-05,1,2,234
2025-05-12 21:13:18,c853f360e0ac24a98bc50fc6bc4f72505821788f8143d383872dcd48de10bcd5,896458,46555754.0,153.0,3e-06,1,2,234
2025-05-12 21:13:18,4abe35375266767bfcdc3cb5432be5461bc3d701f0b6b59a9d609f9f544b8ce1,896458,46668783.0,700.0,1.5e-05,1,2,222
2025-05-13 04:23:38,515d16d6eb13179bd40c5b2d0e2d3331ee383767101c6fad9ed84a170f78cb20,896497,441901905.0,964.0,2e-06,1,2,225
2025-05-13 04:23:38,a19ce9799fe3d3210f9f2a9120bb58587b0a68b0850277932f85a95ac70f29c2,896497,104704196.0,1576.0,1.5e-05,1,5,316
2025-05-13 04:23:38,af0d803590b30a618a6b461e6b0331ba20778818def1814bae231681793dfc24,896497,92579.0,744.0,0.008036,1,1,191
2025-05-13 04:23:38,ab73dc4ca04fb5523c7a44721b213838dd3eba65f7da911d31010261e5d05576,896497,817210.0,1125.0,0.001377,1,2,245
2025-05-13 04:23:38,8775664cea2fb701bb49205a6c22ff6554787539361ab3c12d053aa65ce264fc,896497,1113398.0,978.0,0.000878,1,2,222
2025-05-13 04:23:38,02b0a428adce09dc98388e118a017c0e3a17f9845f6a64bde267f5162593db2c,896497,1053546.0,978.0,0.000928,1,2,222
2025-05-13 04:23:38,1b28388e3b6f6c07256c0d786da59ae8fff2a472b32384c11f64461e05e962ad,896497,13704158.0,999.0,7.3e-05,1,2,225
2025-05-13 04:23:38,6429ac1db4e7fdefd0597be506913f267a48b581276fa132109ac8ac9ae50790,896497,1220879.0,999.0,0.000818,1,2,225
2025-05-13 04:23:38,8daa87f37371c56b1aba45fb3fe5ea9a1cd93d9e2c4c43aa546a44b042ad8688,896497,1011938.0,999.0,0.000987,1,2,225
2025-05-13 04:23:38,f3e1131c3ab1da4c315a8b45133af9a0aba388cb61020a70e62db61b16b2b786,896497,1125337.0,999.0,0.000888,1,2,225
2025-05-13 04:23:38,cdfe47d1d23f208526e54484aed6e4ae343f476e74f746f6be4bad7c6c98e85e,896497,1021180.0,999.0,0.000978,1,2,225
2025-05-13 04:23:38,fcb20b15928a81019c06f0c3bc22ba67f5d371582c4f134fa0bb7bb7459497db,896497,1035470.0,1464.0,0.001414,2,2,373
2025-05-13 04:23:38,52052c0fb42f392396d78f69aa0885725db891967af66121a298fd81fa096df7,896497,1100480.0,1444.0,0.001312,2,2,370
2025-05-13 04:23:38,6fb8308e034adf27f1b9cd8654c43df530de7fb7a6233fd8507ceacfe317f697,896497,1273419.0,1444.0,0.001134,2,2,370
2025-05-13 04:23:38,ddf6f7050ef313c77ea71ed3de1bc692b644f30ed9f29e79eade100189f1758b,896497,1065972.0,1444.0,0.001355,2,2,370
2025-05-13 04:23:38,c70eedd0d42aa6c0c397b7c2d9d0cea5e00b879aeb9116a405742871283fa253,896497,1115571.0,1444.0,0.001294,2,2,370
2025-05-13 04:23:38,17a551db8337094aad6a6cab377ab903de25b74fe56f1dc14e1f3dd7634fad02,896497,1004728.0,1444.0,0.001437,2,2,370
2025-05-13 04:23:38,10147289c924fc05dda02df44e78acb1d27e0205ab7c578a3dcf4a14d5d432ec,896497,1343961.0,1937.0,0.001441,3,2,521
2025-05-13 04:23:38,d9d0bb342a78cea4fb3bb64b8e6dcd913204c269668fac3bc82ed45f56f6c4cc,896497,1034684.0,1937.0,0.001872,3,2,521
2025-05-13 04:23:38,3b8d2d73edf36485db388ce1795a801b8e8539b957255c95161279ed045ca2f2,896497,1024094.0,1465.0,0.001431,2,2,373
2025-05-13 04:23:38,6da8ab63bbab582dca156a5769ba4436c9b2d6890668662ff06246e6334db2b1,896497,1022876.0,1465.0,0.001432,2,2,373
2025-05-13 04:23:38,a74e4de2c56367a6ca367fdb930becd62b49eaa8b7986843bf6d63e95e7075f9,896497,1218199.0,979.0,0.000804,1,2,222
2025-05-13 04:23:38,7437c3b3d53af8d06d36524879238d3e8b3b9f5bfb84a3ae14c425af670d2ecf,896497,1163553.0,979.0,0.000841,1,2,222
2025-05-13 04:23:38,cf215ef730f14b80fe062db651b58c2404b6d7d2e5d0f700b83f2caa4c7fadca,896497,1029659.0,979.0,0.000951,1,2,222
2025-05-13 04:23:38,2a2c9a27607b357a336f88cd5b8ec3cf9a8a57ef41b3afb007803fc7971585c3,896497,1075525.0,979.0,0.00091,1,2,222
2025-05-13 04:23:38,e804227197ef3ed5eb6df3572e8740506a92f16bc3d74f848c0179ef6d1b3ead,896497,1011588.0,979.0,0.000968,1,2,222
2025-05-13 04:23:38,3124c0287f66f0e2a975b2100670278c908481934a7e640f2c6bf0d7c7fe839c,896497,25788514.0,979.0,3.8e-05,1,2,222
2025-05-13 04:23:38,1d6edaf96a10816e4defb0d071a920dd7e766ec3026c57a44e5ebbbedee90f74,896497,1011703.0,979.0,0.000968,1,2,222
2025-05-13 04:23:38,251fa4e8b7b0616fd55d69a2e9e45f23ebfa3c8fe94144c5af4bad586f561557,896497,1355618.0,979.0,0.000722,1,2,222
2025-05-13 04:23:38,a515dfa4e573d7b22f573b76ff3475f0d80400dbdadb71e0b8d4fb157a8e503d,896497,1023449.0,979.0,0.000957,1,2,222
2025-05-13 04:23:38,e6f0bd8d53dae8d8b24644d366d023b8f02151defb5c8f178c2d72abcd522b09,896497,1047268.0,979.0,0.000935,1,2,222
2025-05-13 04:23:38,03be8a16dbddd61186ef8b2584bde6ed882b567542780233d81bc3c86542bad0,896497,20988874.0,986.0,4.7e-05,1,2,223
2025-05-13 04:23:38,422c62354de4db007399bd664915125c569bc7e24bffcfb502981c80bd1e614d,896497,1693660.0,986.0,0.000582,1,2,223
2025-05-13 04:23:38,81de1fd29af104223608c70e52c483153c3cd859ae9f6a146366d5eec4c42916,896497,1040425.0,2389.0,0.002296,4,2,666
2025-05-13 04:23:38,3e158d25d070ebd06d0acde59c1b7f6dff133085f6cf34546d028bbc2b49582f,896497,10350978916.0,31031.0,3e-06,31,4,10328
2025-05-13 04:23:38,f88db056d26161d6bd8e3ae73e551d3d9a6758aa9f46bee45b225f32fcf7dc05,896497,737250.0,1720.0,0.002333,3,1,488
2025-05-13 04:23:38,b257e59814ecc5f7c08d8fc795d105270811eb40725504b8569e463f26b4adc0,896497,44272.0,1266.0,0.028596,2,1,344
2025-05-13 04:23:38,3c06257e06056b241c00a81c6914f98321940e7835700693a7aba233e8d1f3ed,896497,723258.0,987.0,0.001365,1,2,222
2025-05-13 04:23:38,ff7e169e8c4d0b2334c7e08ef714aff52ea4630bb56d7483b7a803495ef45f8b,896497,299990784.0,1008.0,3e-06,1,2,226
2025-05-13 04:23:38,c37debf75ba553b2e5f00f6e951fd3b3a41be80efe6bae091183f3fb8025fd3a,896497,1757756.0,1071.0,0.000609,1,2,235
2025-05-13 04:23:38,69a8f6f4edf103fe8701d60ee2c9906da8160f12e407b61f123f5d91df84e41e,896497,245301.0,1561.0,0.006364,1,2,222
2025-05-13 04:23:38,cd9cff1356f9ed10ec6e0795ae414b31b7f0a327b9114168409009241586ed40,896497,39186.0,1470.0,0.037513,2,2,371
2025-05-13 04:23:38,76f2f794724e73a77cfd9c11b539cd5fe705995dd380bab14ddd5f0c2c556e9a,896497,12204926.0,1435.0,0.000118,1,4,255
2025-05-13 04:23:38,a7c8f62133a7ded85121c8c41ae2d65067586ebef8de730b86229019ea4c25e8,896497,46930.0,785.0,0.016727,1,1,193
2025-05-13 04:23:38,636bdaac5d65e78b9042f9e4c8b7178608032393e26e7ab4cd367a4be7600e15,896497,72200.0,800.0,0.01108,1,1,195
2025-05-13 04:23:38,f70029156e29b6ef76cb2f0ef350ab8302c8858a3b0b0fea8c5d386db9f70246,896497,746623.0,1348.0,0.001805,1,1,189
2025-05-13 04:23:38,211a7c95c5b4f91fff0bd66cce7f9023673988b7cc01ef98d374b2b4a1183bc7,896497,485150.0,1498.0,0.003088,2,2,371
2025-05-13 04:23:38,a40fa1a0db481d2552fe37174292a2d80332431ec1e790234b87f6dd7a42ddae,896497,16001574.0,1020.0,6.4e-05,1,2,223
2025-05-13 04:23:38,6264e3f083367fa421cbe1e6de13efc3a5487d8c0ecbbb29aa24ad6d7970e0a4,896497,18854973.0,1020.0,5.4e-05,1,2,223
2025-05-13 04:23:38,94ecce2a29f54356108181cd18a82b3adb5c19b2b81bf04009f49c7b1f7f1602,896497,1490115.0,1020.0,0.000685,1,2,223
2025-05-13 04:23:38,ad3efbcd399750afea4f927dd8ef4d3c5177e93d78aa2246aefbd597108e42ad,896497,3245941.0,1502.0,0.000463,2,2,371
2025-05-13 04:23:38,3701dfcd36f2cf6cdfe77d0713e1f691e0cfcfe7fbe86701d456826ec4a78efb,896497,45173.0,813.0,0.017997,1,1,194
2025-05-13 04:23:38,b8aa7dfca768afb2c11ced65e85a57982d3dea727d58c3a973eb49a0191b9b15,896497,170058.0,1022.0,0.00601,1,2,223
2025-05-13 04:23:38,f520c465a5a6b2f53d3a3d9630500ba580d046c0758c1ffd9ea63df5c835e3e9,896497,1824606.0,2000.0,0.001096,3,2,518
2025-05-13 04:23:38,5a49e9c444ca7d4294cf7a62d90430be0aa0fa6aefc065d1dd710ac5a5de5c9c,896497,5312.0,1022.0,0.192395,1,2,222
2025-05-13 04:23:38,107f3ab49c06503de3ff1e9192f6792c7287b9f8cdb30d040ee68296d28c0a19,896497,16845.0,1022.0,0.060671,1,2,223
2025-05-13 04:23:38,a6d5a911fb48d78b2b045d38e0929ebee69f7497e9475f6cad3ba6c6f5c36413,896497,51580.0,1022.0,0.019814,1,2,222
2025-05-13 04:23:38,5f7fd5f7fc8de6bc9ca343de1b09b2e082b8742f9e04577f3c40a205cd3b02b0,896497,263200.0,800.0,0.00304,1,1,192
2025-05-13 04:23:38,cf25e7769fb793fb6a368d0413c036c6f667d91e3a33c6b069afafd4d319648a,896497,22200.0,800.0,0.036036,1,1,191
2025-05-13 04:23:38,7e7913554f66053dc6b60b18648bdc76b1269c9b2f43825adb574a6da4687e88,896497,304200.0,800.0,0.00263,1,1,191
2025-05-13 04:23:38,86f41b5943f28d73c37683c307788db81ec3bcf9dbe0fe86c1e2428670da8ab6,896497,216089.0,1000.0,0.004628,1,1,300
2025-05-13 04:23:38,2b78309ad34df64401e29e6cad07847b866432674834ae8910086eb416fda68c,896497,19660.0,2272.0,0.115565,1,1,191
2025-05-13 04:23:38,fd7deeba2daa076ae75950d6b280bfa6ff8b8c93593af98ae7d585947e4c98e1,896497,215862465.0,286.0,1e-06,1,5,319
2025-05-13 04:23:38,b7ded44cdb038dbf17f08d386ef8b683670b565b336a055cb9b037b2b5082df6,896497,1037848.0,1239.0,0.001194,1,2,247
2025-05-13 04:23:38,9b3c7ae88266a074e24e46ca67498071e6d212e47b6a2b6200e142e6b2b4231c,896497,21250143.0,1130.0,5.3e-05,1,2,226
2025-05-13 04:23:38,8cc6ec21c80587e3cf8408f77b113fea2ef516f67d8ef5f5a9b5f952c739cf6d,896497,8656.0,1136.0,0.131238,1,2,225
2025-05-13 04:23:38,1dbff43b2bf432c5aac81e3844fe92766ebdcc01d1037230df5cb3f1d10ce3b7,896497,97459.0,1660.0,0.017033,2,2,371
2025-05-13 04:23:38,d9083df846eb31f877069aa0d380c2f39b5409e0cd0b0865c9c7fd5bf33537c0,896497,177760179.0,9232.0,5.2e-05,16,2,2452
2025-05-13 04:23:38,1d0ca245b596dab5ea2bcbb74dca9a501ba56f5816c15dbbc2ccc0ecab56f72b,896497,733995.0,1672.0,0.002278,2,2,373
2025-05-13 04:23:38,dc9ce745cff44512a576fce02ab13c17c6f191b60020406d59fb307601222cf5,896497,45221637.0,1132.0,2.5e-05,1,2,223
2025-05-13 04:23:38,10d80c062c4fac218b876c313e01487c94b9dd9782e2b25fd0ba35ae9c695107,896497,2201329.0,2212.0,0.001005,3,2,520
2025-05-13 04:23:38,e46dc51182ad10eeafcea55d1ff608ef11ddf775604f7a8637d9647a32c0936c,896497,43511.0,888.0,0.020409,1,1,192
2025-05-13 04:23:38,025513ae04db643ec07458df81f9ce207a85d1fc33412b2312ab12c64df38161,896497,357998.0,1128.0,0.003151,1,2,222
2025-05-13 04:23:38,26ed4166c356f02313d1e3e2c78c48877cd1802b6ac303dd27ec3336abd72b57,896497,10178927.0,2784.0,0.000274,3,2,591
2025-05-13 04:23:38,9015fed3669585f9700d9ea1a93caa69604c36c8df0d42b02e9f7d167ac09712,896497,133047.0,1128.0,0.008478,1,2,222
2025-05-13 04:23:38,fc7a1cefcb8102839faa8ec2f3c291ae6574c80cd6761d60d883e94ec4f69f11,896497,48670.0,1128.0,0.023176,1,2,223
2025-05-13 04:23:38,1581e60ecd3709ed74a0d28076244c6eacebf0a2208ac1ccc7730019c7befe7c,896497,67451.0,1128.0,0.016723,1,2,223
2025-05-13 04:23:38,5a8ce6e1e2903d76e2fc0d8bd20b146aeff117131ace95f02667b7709d1038fd,896497,115696.0,1128.0,0.00975,1,2,222
2025-05-13 04:23:38,073c2d06807c6a2b88c5a769915066b56ae963a66f9b1bb67b2f9e7b78d98507,896497,153796.0,904.0,0.005878,1,1,194
2025-05-13 04:23:38,daabdbd03a557d76cfdb8767739658519334a1e0b2a9df838bba902439d61c01,896497,56448.0,904.0,0.016015,1,1,195
2025-05-13 04:23:38,8453affd4ed9412fe221513c811992eb7610831224e8724cb27c99ec0d8bb11c,896497,24499.0,881.0,0.035961,1,1,191
2025-05-13 04:23:38,28211d22c34f586cd7cb70887003f16cfe9cfae073c0af6afc445d97009393e7,896497,119670613.0,4240.0,3.5e-05,5,2,933
2025-05-13 04:23:38,6ab4dbf4e3794cc05b5d5bb6b135cfddbc42e4ac5ff1a449ab03bc5911a32730,896497,91536484.0,7624.0,8.3e-05,10,1,1758
2025-05-13 04:23:38,b9aee0a379e01922822e06a0c09c5b121864521d153c018d31aedefbb0bf4d96,896497,13944568.0,6896.0,0.000495,9,1,1586
2025-05-13 04:23:38,191427094ad5ad99b083da9ff22237c0c17d14960c86c3ed5bb3c7c6e3002612,896497,202767369.0,3056.0,1.5e-05,5,1,785
2025-05-13 04:23:38,ee02db2d5bb611b04a0ea8fa0657e2e7aa88ebd1d918d757123fc0289bb5ec9e,896497,48060.0,2000.0,0.041615,3,1,492
2025-05-13 04:23:38,e3b7fc2f06af94b503c13183eb7dd0bfa8cc6dceb77238068b8144dff71cef83,896497,354667.0,1808.0,0.005098,1,2,225
2025-05-13 04:23:38,8fa0d45d0bce0181be2721a1ad91618ee13af578f90126caf3575acfeacb768a,896497,299997366.0,1164.0,4e-06,1,2,225
2025-05-13 04:23:38,29aedcfc06b3f82bcb5770996313122ae68abf1054307b8340725b59d14c1414,896497,63837.0,1166.0,0.018265,1,2,226
2025-05-13 04:23:38,83feb4b896584ac4628eb83422ef1285a290ebccf748bc19ac05043e4404b1cc,896497,567477.0,1150.0,0.002027,1,2,223
2025-05-13 04:23:38,1f9108164c73ed3bd3380c0305f1049cd22be4a7723e6967d021f89e32824ece,896497,111731.0,2720.0,0.024344,2,1,335
2025-05-13 04:23:38,d6f90f9ad9a671e9c2344959c26f0b1b9875292e49f1df5ed449044d033d7382,896497,831877.0,3699.0,0.004447,6,1,936
2025-05-13 04:23:38,5b62e82af5670e8829f05db9e2d03e1cae8d1bb79f4c8f8457a8417f608261ba,896497,76749818.0,3440.0,4.5e-05,1,8,418
2025-05-13 04:23:38,c12527b374adcf7fca0851ae16a7dd3f8aea99ce991fc72b74f17e8188eac7e3,896497,802411.0,1166.0,0.001453,1,2,222
2025-05-13 04:23:38,c3c75180372bf929d91f5ab2cb9b93a1dc946aca559f6c5627e6fc70bfc82577,896497,46678.0,855.0,0.018317,1,1,154
2025-05-13 04:23:38,0fabec019f789282165aac8ab9d7ec99a057d81c69beef3dd339867e1b347166,896497,71531434.0,45688.0,0.000639,80,1,11924
2025-05-13 04:23:38,3dfabbfd8d55cafe240e154a371eb999dc4935418c16c3cc26b049bf0cc79831,896497,155662438.0,1827.0,1.2e-05,1,4,284
2025-05-13 04:23:38,8645e28af44d0696b674146ca174e856564714f4261d132f5a6db2aaf368d894,896497,158230503.0,2144.0,1.4e-05,1,6,350
2025-05-13 04:23:38,6655b1a409422d9bf5e734beeb953da4bec507cfe14627e4f2302b04df624e72,896497,49998578.0,1422.0,2.8e-05,1,2,333
2025-05-13 04:23:38,64a9c0b39e0dfbde1162adfb60cef4e712dd7584e700e2ff60ebc4d0168d338c,896497,48877.0,1717.0,0.035129,2,1,363
2025-05-17 09:37:04,286f1607b74fb929dba9d0a1a8e8a54cc9449f38a9e9d31759139a110eb9fe08,897084,221712.0,583.0,0.00263,1,2,226
2025-05-17 09:37:04,1f80e4900f77fbdfbfff847d7a390287b431f7dae8cfe480c2ccc8b4b2a291ae,897084,2842225.0,908.0,0.000319,2,1,386
2025-05-17 09:37:04,f67c4f153c118cf4573c9ff3953d1f8cf0635a4a0d19ed3ef5c2d77812bf0e19,897084,466149.0,450.0,0.000965,1,1,192
2025-05-17 09:37:04,af9ba963deb4a5a5a89ef70633e5bb1b6378984c75bf4d874fc3e83be1f0b8ce,897084,1948539.0,3888.0,0.001995,13,2,2010
2025-05-17 09:37:04,ae632cbf7aa54afb1ade84c17778db3fd434c98467f25db81ac38746a8c1132b,897084,521734.0,584.0,0.001119,1,2,226
2025-05-17 09:37:04,7483b9fde38924b555e16017c89bbb91aca470e074ae463e5611cd93d7377e2a,897084,3886596.0,860.0,0.000221,1,2,404
2025-05-17 09:37:04,d1bd30b2a72375f901c56441fe950613fa5259bc801c24d427e9f214f38ef3eb,897084,1757250.0,2528.0,0.001439,6,2,1106
2025-05-17 09:37:04,ac7f522698dd8873c2104ec7d00f3880184e090a866f2dd9797af32b811026f8,897084,132972.0,736.0,0.005535,2,1,343
2025-05-17 09:37:04,a6cc25538c2dc784ba9713f05eb96f95e1b28329ef1f136628fa30e38ee233a2,897084,52715.0,850.0,0.016124,2,2,371
2025-05-17 09:37:04,1ec27b46be9f5ab1067e4a7bce999f1ac663fade8aae8eea6e892f8416a05324,897084,19498.0,1599.0,0.082008,1,2,258
2025-05-17 09:37:04,062f41f8f7702a6d049475ad5836a35e19a08ae02c1f8de96de9380d7b7a227b,897084,680846433.0,1591.0,2e-06,1,16,689
2025-05-17 09:37:04,594bc6567cd458d40d17690af28f0e8c9ecd8525010aba780c4d231ef222d29c,897084,66868.0,1132.0,0.016929,3,2,521
2025-05-17 09:37:04,8f4670b258131450803a523c1d35ff9eee10bba0424764235ccca39f00b80d99,897084,234652.0,448.0,0.001909,1,1,191
2025-05-17 09:37:04,753cd3cf2b4e634505d3da75f880374b10fa98fa7223245ac78d8ae37076e837,897084,91700.0,448.0,0.004885,1,1,192
2025-05-17 09:37:04,337d44643d5dea83331852081c749bd3656887271048fb8d1a30f94a9e25f708,897084,450868.0,852.0,0.00189,2,2,371
2025-05-17 09:37:04,d288057a5a848099d2645d2cadcae7ff462b8a111b0a664ed9f52290930082d0,897084,9072599.0,1015.0,0.000112,1,4,284
2025-05-17 09:37:04,aaa261a9a298066440e79921133aa4fda31e0ae8f1bc54fa6945fde7ffff066b,897084,9221360.0,516.0,5.6e-05,1,3,253
2025-05-17 09:37:04,e7f311610d2db25260bfc4292ab79c54ea01fc329b85f7676098e844de149f6e,897084,67686.0,580.0,0.008569,1,2,223
2025-05-17 09:37:04,de4ea67d558ce9d169eb45a361671b83c17bd5c03357e312139ccfdcadbc60be,897084,17192.0,576.0,0.033504,1,2,222
2025-05-17 09:37:04,1c4925b64d3899f107c7afddb9be83d66b765b71a9a19c4bb6f12159bedd7b41,897084,219603.0,576.0,0.002623,1,2,222
2025-05-17 09:37:04,3ca0186235f197839dbe589f682aa22a337ee06cf1d7559dbb4fb20a3126443f,897084,58844.0,576.0,0.009789,1,2,223
2025-05-17 09:37:04,0ce8cff2f7c1ee9698236de76aa0f2aa93f921985703a31ad63a2d8cbf6e3e35,897084,1944865.0,576.0,0.000296,1,2,223
2025-05-17 09:37:04,1498defe08aa05b7c789074b9134a557222fa8e24e8a388490674b581827ef1d,897084,357952.0,576.0,0.001609,1,2,223
2025-05-17 09:37:04,71ec0337dd72dbfe86ee60d528fb85cbba8e4ed53ec83fc996842c8fe64ce582,897084,6023812.0,854.0,0.000142,2,2,371
2025-05-17 09:37:04,560def6ed708010ed5c395309c8dc43b7be3d27bc918d74f2870d0c3d1f4d00d,897084,404439.0,864.0,0.002136,2,2,373
2025-05-17 09:37:04,a8b9b8d1b8368a03d1184591d1f1687cb017c767371a39168fe22bb96f9e9a1c,897084,43604.0,856.0,0.019631,2,2,371
2025-05-17 09:37:04,4e001113cfcc7e55503b98604c34e1e2d42c82bf0e397dc1d2aa757007572ab5,897084,261348.0,852.0,0.00326,2,2,370
2025-05-17 09:37:04,9e18505f88ddffe086acd07e98fe893f83cdc76e466b5351f10561883a8c01c6,897084,18942.0,550.0,0.029036,1,1,215
2025-05-17 09:37:04,e6c2b27f476fcdbe57d12bd07a4560ef8d848e695a0ba3c85d5cbdbd26a99a20,897084,39450.0,550.0,0.013942,1,1,215
2025-05-17 09:37:04,88044d59e8ec457d2cc0fcf8835abe25066fbdb2fbf0051b5c5b74d66a750ad3,897084,1107240.0,464.0,0.000419,1,1,194
2025-05-17 09:37:04,54802f05f69ed4b104ce5d02c41cdcdb80a8c1f1f4cfe22cb18b2ac752afe623,897084,26992.0,452.0,0.016746,1,1,191
2025-05-17 09:37:04,d5da810ecafd5d524d6dcc07a5a37149102351f6efa1e556e901833283fe9046,897084,18458.0,935.0,0.050656,1,1,152
2025-05-17 09:37:04,a5e5bfa8ffc9fe5c1f8188e2c175188ec0fd3ccf4bc5af46c497a99bd5cf299c,897084,19393.0,286.0,0.014748,1,1,406
2025-05-17 09:37:04,55f8382fb6d7687e6f563147a91536de02706a8caa4fc7ca083fe1c44ee5a97c,897084,1990434.0,530.0,0.000266,1,2,234
2025-05-17 09:37:04,9130b6c853226c0a1e9026f18ceb819548da5fc9f1e9eedc919b4afe95a02959,897084,404523.0,596.0,0.001473,1,2,196
2025-05-17 09:37:04,1c15787a971fa878dfba4761ba0901373448206aa014200f5213ed57aab73c59,897084,317908328.0,584.0,2e-06,1,2,224
2025-05-17 09:37:04,3380de20baacb8a068128e84d5528c29586de22ed2dd6af82079dd1acffd0c1e,897084,1876617.0,630.0,0.000336,1,2,234
2025-05-17 09:37:04,ccaf1bf97b122c101fb48948f22cc658e08930d09d1b9287ba2d210d30c2c270,897084,9790000.0,2423.0,0.000247,6,1,1072
2025-05-17 09:37:04,f73cffaae229a059569f2a1d51ab38ca2f11b6f278de8bdeef3b5006b1a6819f,897084,1023616.0,5176.0,0.005057,8,2,1256
2025-05-17 09:37:04,feb90e5121db4b94b4044e03d184f316b56dfa0466faf3fe4c3dfa38aa7576e7,897084,37229437.0,6995.0,0.000188,11,2,1697
2025-05-17 09:37:04,e99644c8a19eeea6185919a1104f463b7f2237f93d774ad44d727bc3ebe0e7d6,897084,3260.0,458.0,0.140491,1,1,162
2025-05-17 09:37:04,457c1aab407c51d0794a4afb24780cc768a034af0731d7aad2b3d18f3c295f05,897084,82207.0,793.0,0.009646,1,1,192
2025-05-17 09:37:04,a842a90b5320e3153696fe9349d0b33bcbc81ef2ed2ceadba98d22e187c99a08,897084,56414194.0,1994.0,3.5e-05,1,1,191
2025-05-17 09:37:04,15cac109f2a2f44920313cc8171e6b9a12d30633a527339acdb78047b5290cc3,897084,61795149.0,4069.0,6.6e-05,1,40,1438
2025-05-17 09:37:04,e1d89fcee1fd44987368a8dbd4aa4d6d36b7989896dc9cff653bb4db07ccecd4,897084,40019799.0,1603.0,4e-05,1,1,191
2025-05-17 09:37:04,7fc8a24bf73902918cdb8e1c0a26ce4b966c1fbb1899ba20e41ba96ae8a30613,897084,43440864.0,5010.0,0.000115,1,44,1571
2025-05-17 09:37:04,9973a76e74bf188d14ec39e346223609944a6670514db7eb4e938eba0bac1b31,897084,38027577.0,2111.0,5.6e-05,1,1,191
2025-05-17 09:37:04,2684bcd22a0b94963105eee19fa858c7ae64c435a9113f646daf05fc781d19b5,897084,43453064.0,4428.0,0.000102,1,44,1553
2025-05-17 09:37:04,5c99b378272ddb3c4ebf94f3d15e8d595a90a9f612ca7f92c4d2e664f0c13c93,897084,37257048.0,2122.0,5.7e-05,1,1,191
2025-05-17 09:37:04,ca1388618466cb69cc2e914c0934ba7254565ec08db4639529e8faa684a48151,897084,43453046.0,4446.0,0.000102,1,44,1560
2025-05-17 09:37:04,7de445f4aef8d4359858893f2411aa80c96a661ca66826bcd2b56f0c0197bebf,897084,183988.0,1404.0,0.007631,1,1,192
2025-05-17 09:37:04,4b82b736b608b6167f9e7ebb28fa9401f1a2a0ca2aa03028571e91952d9956c8,897084,34231338.0,5769.0,0.000169,1,1,191
2025-05-17 09:37:04,9120cfcefe0342cb5d13e47256d30e8831d30aceaf408fe97fbed33ca5197648,897084,37193224.0,2304.0,6.2e-05,1,55,1924
2025-05-17 09:37:04,dd00aef69e4fa5e8421a60c833a5287dd53a7611044136aa7301084e9c504447,897084,38761454.0,2445.0,6.3e-05,1,1,191
2025-05-17 09:37:04,dbaa04b4603417e1635c3093680ad19baebc055940f3ed02c50631b78bff1f00,897084,43452153.0,5339.0,0.000123,1,51,1854
2025-05-17 09:37:04,403d132d8cf4e4e8580208911b487f9beb7e61603099db3c7b58af01972c85c0,897084,306194.0,583.0,0.001904,1,2,223
2025-05-17 09:37:04,a4c57de765980583a9760f59969f77ddd75426174f5355d04300fcba8e1ad7ae,897084,3308492.0,583.0,0.000176,1,2,222
2025-05-17 09:37:04,d5c0598ea37d1448757f2474efe6ad3bb449dc40f32cdead69f231bf28311d9c,897084,42809.0,583.0,0.013619,1,2,222
2025-05-17 09:37:04,5850cdf444a6c7dfcf4e814c9c3b49c1f93489fd4508bb48286aed48dec8a983,897084,388960.0,583.0,0.001499,1,2,222
2025-05-17 09:37:04,522391bf7afc54e06828ecc1a22cc8ca3eaea9999325c51e4b525178d5fbaf60,897084,8016.0,583.0,0.07273,1,2,222
2025-05-17 09:37:04,89104337c8e633659d2e0495f732c09b09f5f8fbed34781f3c4d4e2404fd6b08,897084,31207786.0,856.0,2.7e-05,1,1,191
2025-05-17 09:37:04,628ae84131e29c2739caa001644f248d81c49e352670f5f07e1a251158d80eac,897084,36404252.0,7943.0,0.000218,1,60,2099
2025-05-17 09:37:04,257e49cca857b6171aa4bd48fc94b9af9cfa8124d2da37269f257e6e9122bb82,897084,0.0,902.0,,1,1,218
2025-05-17 09:37:04,e75155af79cda5a987374c0a75d88d334931fc27fcdcb44673f52ed494f63b53,897084,1710530.0,729.0,0.000426,1,2,222
2025-05-17 09:37:04,84ff6b67c37536a89f3237116c11dae2f737e2d043ab2fde9ee72c1c30c5a3cc,897084,1716087.0,438.0,0.000255,1,2,222
2025-05-17 09:37:04,38c2b67553a3a14399c58cf9332f43416121736ba65b4e009146e5817f48962e,897084,165044.0,456.0,0.002763,1,1,192
2025-05-17 09:37:04,b6a9b6b30ecc7bc502f1c2bd5bb01adf497ae84cf806f83e8971a44fe50f52c6,897084,1361864.0,424.0,0.000311,1,1,153
2025-05-17 09:37:04,ef836afe566eaacda832405a626d6dc475726d8f7f3fb19c7fde1baad2ee0a0d,897084,114124.0,719.0,0.0063,1,2,223
2025-05-17 09:37:04,1b12b8c71ceb97ecfd71680ce9839f9bbd5b07ad9c238a8b286b53055d2c4112,897084,114843.0,330.0,0.002873,1,1,192
2025-05-17 09:37:04,17e6cf9f32d991ab1261e10947764562cf28e4d4028a07e9c5b8457266dbcdc5,897084,18932.0,975.0,0.0515,1,2,234
2025-05-17 09:37:04,50e74c89f193b52496d40f3ed80067be615b5008434d5c8479429fb7c3c9db20,897084,56181.0,884.0,0.015735,2,2,374
2025-05-17 09:37:04,5742186dd5425c92526fc8181f4885dc396ed8bf0a07b92554a4f2c5f35cdfed,897084,5855.0,848.0,0.144833,1,4,285
2025-05-17 09:37:04,d9fa4da92ad61d874eafa3b5d368fa14043458e3c3c568653e0833a125132a8d,897084,4152.0,848.0,0.204239,1,4,284
2025-05-17 09:37:04,e13f83edcf754229e97151aa4dcc01287b8378653ee68fe83535fbb47e4176f9,897084,20728749.0,1692.0,8.2e-05,4,1,729
2025-05-17 09:37:04,21c5cee3dc84b372fd61ec5d2f2c8e6b02a34ff16d03fab298c491b794b8aab6,897084,65541.0,984.0,0.015014,2,3,366
2025-05-17 09:37:04,d5f9865e5535704fcad45859364c6a4b83ffdd99796f635231ff83ae268a0170,897084,5337679.0,742.0,0.000139,1,2,258
2025-05-17 09:37:04,86ce33a53695e7ed89378e9e7b7552401dcbdd0739dec047663c9f23afcecf36,897084,215430.0,742.0,0.003444,1,2,259
2025-05-17 09:37:04,872012af18a0f539bb7f3b12ef222b6e68b2f1d68b0419c7ec82e36d97dc7062,897084,3385.0,2268.0,0.670015,5,1,786
2025-05-17 09:37:04,ddf41c8e4d7b3c9ebabbb9f5a46067a814cf193d113ebfe9c111253fb5014b8b,897084,185456.0,1521.0,0.008201,3,3,560
2025-05-17 09:37:04,a9062e8b64c78426c1d5a6bc50d97685dc98c7ec5cbf57963953a306edca06c7,897084,191914.0,459.0,0.002392,1,2,234
2025-05-17 09:37:04,8ef3dc001eaafcf261d11b6d12e567e7ab51cdfd901f537a5ca6606ee2bedd9e,897084,205325.0,722.0,0.003516,1,3,253
2025-05-17 09:37:04,73b7db349cd49054f8c217dcc4b0475e863e393871c863d53e8cf290ff18f231,897084,55415.0,896.0,0.016169,1,1,192
2025-05-17 09:37:04,a72f4d68062273c3be7fc05ebe221f6ab31bca72669b1428f820f9d6071e0e77,897084,388514.0,439.0,0.00113,2,2,370
2025-05-17 09:37:04,e01499a6ad0c4f55b2cdd3050ec4c4a601bb25b85b87d69d17192954338da281,897084,46709.0,1554.0,0.03327,2,2,370
2025-05-17 09:37:04,dc91920da1cd5f68755c13a377c39b722af6f3a2c141d76e86aa517d079b8ef0,897084,898473.0,941.0,0.001047,2,1,386
2025-05-17 09:37:04,c1a542e66020f5f99f1dc4e307d5398dcbcacbcd367c6c88fc06e60894c1b305,897084,34945750.0,677.0,1.9e-05,1,2,223
2025-05-17 09:37:04,920e797c939f831bf95dbc3f0eca7ee395f3e5d7b996de458004d1e02af808fd,897084,35019491.0,508.0,1.5e-05,1,2,223
2025-05-17 09:37:04,7117abcdcbc0ab02948f4b86156cbf1f58ec1b2f1a8677f2de63528a2d7c1c9e,897084,80412.0,643.0,0.007996,1,2,235
2025-05-17 09:37:04,f9ed192b68dd0845c30177900c233ea2e2c64bd4b8f515a9967cfec445ab4aa0,897084,33749401.0,715.0,2.1e-05,1,1,191
2025-05-17 09:37:04,a98ea93103cb4459240433ac67c4133c15457ccd846a620672bd4f1c2dfe6a7e,897084,36407072.0,5123.0,0.000141,1,38,1359
2025-05-17 09:37:04,6ff63ca295c57285b585d1e73caa23a6a2753e067e2c0e309b9400fae37b30a6,897084,27887428.0,708.0,2.5e-05,1,2,249
2025-05-17 09:37:04,25249814e9b746db304e86e27debd652c4679a1230585a7f2601a9edec8bc600,897084,3250.0,468.0,0.144,1,1,162
2025-05-17 09:37:04,2885a354f1855b017215883f17f34bc1c0bb583381c30214cf5fd975c275401d,897084,3635676.0,710.0,0.000195,1,2,249
2025-05-17 09:37:04,94750c8dd8484996e899eaad85b818d0092e79884b4af407cfae36fa17c934bb,897084,1051791.0,848.0,0.000806,2,2,300
2025-05-17 09:37:04,29f733f7c3379aa07faee9167505532df94a3b35cf28a70e425ae1942a814767,897084,2938793.0,1756.0,0.000598,4,2,736
2025-05-17 09:37:04,062476db4857d780a1a6bbaf263e8795427612272f0ed40a380d084a9a101e1f,897084,35764.0,1188.0,0.033218,2,1,260
2025-05-17 09:37:04,eecd74604ca212407065dff716ba9148b947a82977ae2ad9e1ccf882ff88e2c2,897084,32512.0,300.0,0.009227,1,1,405
2025-05-17 09:37:04,f2046117e65d7f73980cbd5b47ff451ad44414f89be16445c8137d5067add6ba,897084,1967483.0,561.0,0.000285,1,2,234
2025-05-17 09:37:04,6ec014edb0dca578e3eb2cd9c0cee5c194e4e76f9d7b53374a9e54850bf1ed5a,897084,62822.0,1864.0,0.029671,3,7,590
2025-05-17 09:37:04,68bace1d1a19460c0f3fb4e92cda291b4aea283c21646f39506c659caeec23c0,897084,330.0,587.0,1.778788,1,1,305
2025-05-17 09:37:04,6c896e84898970235c383de7b569a25c9e96313864704cf2f036dd15d1b7d05c,897084,393084.0,16994.0,0.043232,8,1,1234
2025-05-17 09:37:04,507f4a7cd0ed1a8e0f42081144d4c23a78904c9a5e09fe9066c587b85e6fa25c,897084,11514174.0,4176.0,0.000363,1,2,225
2025-05-17 09:37:04,55971434dc7eff428983a8f104d8c5be4d4a1348a8a8f39aba5461a1661f705c,897084,92714.0,4118.0,0.044416,1,2,224
2025-05-17 09:37:04,f77db3b343c9688ad1b14f06ca8e357f0dd776c8255281abc0927ae3940c015c,897084,19824.0,4176.0,0.210654,1,2,225
2025-05-17 09:37:04,8283e11387cf2b1605d58e343c630aa5f25ea597feaf4e00ce6fef49e287ae5b,897084,118919.0,6061.0,0.050967,2,2,372
2025-05-17 09:37:04,26e441c8f74a0525e95ee228ce07b0dd9da6356bf7bab2f209781c7d93494d5a,897084,113545.0,4089.0,0.036012,1,2,223
2025-05-17 09:37:04,e7c4a13b5030b8fabc18368bd4f4890964c155fad75cc645f0a9cac0d6321d5a,897084,273672.0,3219.0,0.011762,1,1,193
2025-05-17 09:37:04,caf22fd813264a33060dba9731753d9fc519905c624711b141b9fb40e418ed59,897084,44096.0,5162.0,0.117063,2,1,340
2025-05-17 09:37:04,36b2d47a27b7aaee4ff58c6f02057f1c69ed001fb3255b4032a51d69b6d8c659,897084,469415.0,4089.0,0.008711,1,2,222
2025-05-17 09:37:04,c67b08b759a1e5a57136cdf228d4d668045e4ee1074142ca14cedd4ce7eb7159,897084,29949.0,3190.0,0.106514,1,1,192
2025-05-17 09:37:04,ce22383c66a86fe9fe945f635238b1f91bcbb32ff1faf3cd2c28757130640859,897084,100293.0,3277.0,0.032674,1,1,194
2025-05-17 09:37:04,e261500b5a85667dfc12a042047f403855615d7bc7a6906af9e0b4e4a1817256,897084,33154.0,3277.0,0.098842,1,1,195
2025-05-17 09:37:04,01473c98a03f4c9373a86bb5097f9c413271f4ca31387e2c5012c9f93cbcf154,897084,13880471.0,4089.0,0.000295,1,2,223
2025-05-17 09:37:04,ba3cf3771f56c4c69afdca7ce0e500916c3453776e2c41eb0ec68f30eeb65654,897084,95770.0,4176.0,0.043604,1,2,225
2025-05-17 09:37:04,3f91b8fded8264c3db6287c9297057ae6b3f60b7bb3dde3500df026158c80954,897084,226769470.0,5249.0,2.3e-05,1,2,346
2025-05-17 09:37:04,83d4c65af7e9be32ffd1e6450e2417a91d325e5d9c07a26207196b075337e553,897084,273763.0,3277.0,0.01197,1,1,195
2025-05-17 09:37:04,a31bdbcd7bfaba8bff76aec1d878184a83add4d8bd71bf7f3b35930f7c223c53,897084,62818.0,4089.0,0.065093,1,2,223
2025-05-17 09:37:04,82e3a961be1b041d5ce6e5396d1a8cb8206ea958ad2418ee90fbba2526e21a53,897084,1276018.0,4089.0,0.003205,1,2,222
2025-05-17 09:37:04,a61614b1d8f7cc800c37f9fb6396f0e9c7eec25250ad801d48b479aa942a1b50,897084,586675.0,4089.0,0.00697,1,2,223
2025-05-17 09:37:04,0ff058c82d0070f810ccb9cacef48446772933a0bef6a2a251bd40c1ed0b084f,897084,555451.0,6148.0,0.011068,2,2,374
2025-05-17 09:37:04,6501ba1653bdf779a284e8303a2438b4949bac427c12f3be6c068089b352574e,897084,234835.0,4089.0,0.017412,1,2,222
2025-05-17 09:37:04,d6589b833f5a5529145239795611d80f200961a9aa56d69f5711ee66eb9abc4d,897084,25716.0,3277.0,0.12743,1,1,195
2025-05-17 09:37:04,63df5161b7ad23e58dd53e4b80631fba52cbbabfcc154cbeb21420d86e3fad4c,897084,210070.0,4089.0,0.019465,1,2,223
2025-05-17 09:37:04,8c56c12efc15360f2d4a8a31d2f5ddb98aad450c38e9d8c16f7e3ad9f88bdc4b,897084,249487.0,3190.0,0.012786,1,1,192
2025-05-17 09:37:04,6b2a267f19a50d3688612ec2b9112dee489b0e64d9e5580f2eb8ab753ec57649,897084,3225325.0,3277.0,0.001016,1,1,194
2025-05-17 09:37:04,32e2e2d3eb2cf815fd800370fe24104648777512cce22387ba63cb3549eaea47,897084,188267.0,3190.0,0.016944,1,1,192
2025-05-17 09:37:04,ee77e79665125b617371d6e36bec476759b87e761bc895b7696b52cd0efa7c47,897084,5311641.0,4118.0,0.000775,1,2,223
2025-05-17 09:37:04,a18694724afdd0d394a2992b1921f98b16af50dcc1c95ec8b2a12e90344ef746,897084,243512.0,3190.0,0.0131,1,1,192
2025-05-17 09:37:04,ba9f4b58a43d62f5f512ff8203c496dc57a0ede94efa84523ea629879d928544,897084,57964756.0,4176.0,7.2e-05,1,2,225
2025-05-17 09:37:04,05da90220be5281a229cad55dc1480340af90e68988b79687605a68d6cce4e42,897084,273521.0,4089.0,0.014949,1,2,223
2025-05-17 09:37:04,d1112b3cc9d79c2f39cf3de65dfda77bed36b624558ec86687a1607334c2f53c,897084,25871.0,3190.0,0.123304,1,1,192
2025-05-17 09:37:04,b80d20f889162225efbfd0f18ac45f6881a6351088fdaf34eaf366f8670af23b,897084,93723.0,3277.0,0.034965,1,1,195
2025-05-17 09:37:04,447a899cbd04e4844dfcc06efd5ad179790db5a50ee60504860aeb594c6f063a,897084,548442.0,4176.0,0.007614,1,2,225
2025-05-17 09:37:04,e4bd2c808c660fa1e0b28b62d257595cfc0b75b2af9881e29ccceb5dd9f4ff38,897084,179558.0,7221.0,0.040215,3,1,492
2025-05-17 09:37:04,832db87ca6f68333ad2cb89e7a1d0afd97a6df936646044d3f1476c4647ff336,897084,210499.0,4089.0,0.019425,1,2,223
2025-05-17 09:37:04,7aa8bd21a5ba6178005a6cfa680abe29dfa07fb0a39dd3ad650f9a41333fc835,897084,438632.0,4089.0,0.009322,1,2,223
2025-05-17 09:37:04,fdb9cab1876c609b4298f7125d6c148b2d64fdd1f8cb557dc218190ffb0e1735,897084,140555.0,4118.0,0.029298,1,2,223
2025-05-17 09:37:04,bee260c16b8de124751ce1e7b3feb949ed757b100008822a84581c31daa48c33,897084,758947.0,4089.0,0.005388,1,2,223
2025-05-17 09:37:04,3b1a92f30896cd83f66ba72e1532f185d2e8bf48a6dbd3848907a06c86a6c732,897084,545143.0,5249.0,0.009629,2,1,344
2025-05-17 09:37:04,f91f90facc006191695434e69a994e653a9ce607421f661153d4944fc056c131,897084,39265.0,4089.0,0.104139,1,2,223
2025-05-17 09:37:04,484b32d1d6da0dd081b9aec4719da0e6989a771b98409241f1e349e261a9ed30,897084,138848.0,3190.0,0.022975,1,1,191
2025-05-17 09:37:04,b7fe7fb875c2626e74acdbf9dfceacc0c3e9c33dee4d460259e5c6fd5176c02f,897084,57493.0,4089.0,0.071122,1,2,222
2025-05-17 09:37:04,1c37c278c53ceb84250188b59576d27ba6ebfd6e8bdb88aafd70f514d8d4dc2a,897084,316532.0,4176.0,0.013193,1,2,226
2025-05-17 09:37:04,c7fbd0466bcd29ac1a2d7b427af74f24235faabf96175319bb543bd38aab562a,897084,18827.0,3277.0,0.174059,1,1,194
2025-05-17 09:37:04,ea8659c7c7859f3d386cfc21dfa2a99a62f921da2424f70b549480cb301efd28,897084,113895.0,3190.0,0.028008,1,1,192
2025-05-17 09:37:04,564a4b3435c97737bdb31d715f7dad7a7ac014f84b855aff69f16e036097d028,897084,1249287.0,3190.0,0.002553,1,1,192
2025-05-17 09:37:04,87140f11bd5cfa0bd60a1e821e9e09aa3a96a805c73d5d4b8a398b6e0bc1b327,897084,26743676.0,3277.0,0.000123,1,1,194
2025-05-17 09:37:04,949735989e378b89231600890ad6330b06e1851584e272e131cb8bf7d45f0727,897084,122527.0,3190.0,0.026035,1,1,192
2025-05-17 09:37:04,97417cdaec68c856b2698ea1dc5442a804723bbf40c0cf5d6bd2fc073108e125,897084,493971.0,4118.0,0.008337,1,2,224
2025-05-17 09:37:04,6c9b0108fa6bc1476ed2861fb3315c2ed83270026bef03f5d472b58a5e473925,897084,305876.0,4118.0,0.013463,1,2,224
2025-05-17 09:37:04,22fdd3b1f720a13b7bf6699a6572ca13ff39a812e82bd4ebba094b3b1f46ab24,897084,1617764.0,4176.0,0.002581,1,2,226
2025-05-17 09:37:04,c18cebb543f29b56823bb8b6fcc09add2c1ae7eb3949ae04b38149017c96a322,897084,15390.0,3190.0,0.207277,1,1,192
2025-05-17 09:37:04,10f23ff2cc6b6271bc639e602ec0881c24efb5122b363bef55413017c6f92822,897084,933012.0,4089.0,0.004383,1,2,223
2025-05-17 09:37:04,8c00b445515c52d0b8506ec859955314e89b8aa6c93c3f5b24b6d9b0c1fdf021,897084,88484.0,3277.0,0.037035,1,1,195
2025-05-17 09:37:04,5542695a24391434c819ed139d0f850e38572bed175be09ff35cd54cd8c6d921,897084,190250.0,3219.0,0.01692,1,1,193
2025-05-17 09:37:04,c3d598d582eb7dfed01f2d8784f881e47833d8ba613d39f45eaae18c6038a421,897084,1595624.0,4176.0,0.002617,1,2,226
2025-05-17 09:37:04,1a3700c0cca28a71884ea80abd2e22f01015f150e0dea7d6166d1b06a4af5e21,897084,447371.0,4089.0,0.00914,1,2,223
2025-05-17 09:37:04,442a1e6bd4a2eb476ce87aede24adc9f3bbb52b0e77b0fa7ee3f87975d75d820,897084,1000040.0,4118.0,0.004118,1,2,224
2025-05-17 09:37:04,e3b9bdb25e6a9ef97242c56fd2eb9df28a0891e8240dd15b43dc50a89e2f7220,897084,1278639.0,6061.0,0.00474,2,2,371
2025-05-17 09:37:04,7dae65a31fca99238e2568e0ddbd3871f08ef8d451402ac82180d80bb2896120,897084,127239.0,8033.0,0.063133,3,2,521
2025-05-17 09:37:04,643a58848433f3b3003db9f9adeec90f9a842a8de5d91645bd50e83c7156d91f,897084,12485955.0,4089.0,0.000327,1,2,222
2025-05-17 09:37:04,38fb94b83d5e6e20e591c5f334635000c98da01e5ac94c5f461fdd9b558cdc1e,897084,899642.0,3277.0,0.003643,1,1,194
2025-05-17 09:37:04,1cc8115079018904ad74a2e54cce63cf3ae4e76737efe3f7408d5e4e105eb41e,897084,129810.0,3190.0,0.024574,1,1,191
2025-05-17 09:37:04,7328425bb0a189e13f53ce4dedb87486d6e8e29bf63b95f193da2bb8f9e47c1e,897084,53131.0,3277.0,0.061678,1,1,194
2025-05-17 09:37:04,dc9bab199989d7708ac4eb0f5a513edc872388b147a8064dc958e7aeb2ec521d,897084,3247072.0,4176.0,0.001286,1,2,226
2025-05-17 09:37:04,6c781fd52cc64501611e663d262715374d296b8310364feb11d3283fb5aa191d,897084,401714.0,4089.0,0.010179,1,2,223
2025-05-17 09:37:04,8acd2023cd40e719e0da61a0bbe2530c605e3c08a50ac80c43253f60861fc31c,897084,2292721.0,3190.0,0.001391,1,1,192
2025-05-17 09:37:04,df96d1ae719d6d2bbc59ea49939ede8e9784b3de8b623e0b66a96622a5e35a19,897084,81448.0,4089.0,0.050204,1,2,223
2025-05-17 09:37:04,df01872ccb6b1cf7f70ee9924f4db313205d614544ce16b29c87156e072eef18,897084,141700.0,3190.0,0.022512,1,1,192
2025-05-17 09:37:04,075624000af530501ea634f41450b27366eb0480d70297229fda71d04672ea18,897084,12313.0,4089.0,0.332088,1,2,223
2025-05-17 09:37:04,983ebdb69029c509af2758d00b42e361edacbb0c0752d66661d10cb534b72a18,897084,37661.0,4089.0,0.108574,1,2,223
2025-05-17 09:37:04,c08d38504194adcbe6d37ccbc6cb37edcc6a55960a234e42c8ada966b2c5bb17,897084,211991.0,4176.0,0.019699,1,2,225
2025-05-17 09:37:04,307615dd3598a2577adbe4a48e24ea1cedb2201e5f3f92b8fb0a25866b082217,897084,191211.0,4176.0,0.02184,1,2,226
2025-05-17 09:37:04,b265874de654d703ab59fb1cf59c9e43aa4fbc094b6b2aa23e26b25c7e091517,897084,146980.0,8033.0,0.054654,3,2,520
2025-05-17 09:37:04,f2689d80ce49a8eae006c863033bbcc77fc33475fba5b97a0539dc409b2fc716,897084,579911.0,4089.0,0.007051,1,2,223
2025-05-17 09:37:04,262c33a2a13dc7e39ba6b631216f02898668fa035eeeba137d922bf5ca2a3c16,897084,90810.0,3190.0,0.035128,1,1,191
2025-05-17 09:37:04,65d033747133610300468f22a4fbcbbe5954e75a6305d54d164c4c56a789bb14,897084,93168.0,3277.0,0.035173,1,1,195
2025-05-17 09:37:04,27530a4b313e1adf0a8adcb473a2870da6736048d12f4f72b6b04253683e7a14,897084,171683.0,3190.0,0.018581,1,1,192
2025-05-17 09:37:04,f21d7a2c024cff1a7c96f68504ee71478e41b3848b4061b83fabad1fac7b5014,897084,190781.0,3219.0,0.016873,1,1,192
2025-05-17 09:37:04,b40c3d2a1cf005c8585853da42bd11d46133725657ff54975b2ad34478e4d412,897084,2252682.0,4089.0,0.001815,1,2,223
2025-05-17 09:37:04,7e9b7b01a59b205f0f11ac89d68808f0cfd29c72bd2c2c87bbed023fbd3dbd12,897084,443840.0,6061.0,0.013656,2,2,371
2025-05-17 09:37:04,8d6e3b867036ae455639dcdf68f3c6172e3773874673b7771dc6e8b69d2e4312,897084,9746206.0,4176.0,0.000428,1,2,225
2025-05-17 09:37:04,e34e805615cda674f80859abb1c6b48d438279ea75d85b2ce02cb7f0ece8d511,897084,512680.0,4089.0,0.007976,1,2,222
2025-05-17 09:37:04,ee1fdebf38f756429b1b5fcfe17d4ecc9f4765e4b48edb504dcba1ec3d9fc810,897084,3687.0,4118.0,1.116897,1,2,224
2025-05-17 09:37:04,2cb84bb2be582fc0b1b8d316a3e87178a9649c8407bdcb7f808a50d81b405b10,897084,2940130.0,4118.0,0.001401,1,2,223
2025-05-17 09:37:04,87df262ee288de14d408db69f62934af72de1b30cda9951f005e586d80bdcf0e,897084,199810.0,3190.0,0.015965,1,1,192
2025-05-17 09:37:04,8ad20b5d612e1501cd8aa3e5c49a557011f24daed8aa8d6a285e22b2652b4d0b,897084,92355.0,4176.0,0.045217,1,2,225
2025-05-17 09:37:04,b5a19ad8bcec6481cd29fb376cfe3f95ff4bc8fe73513d7ae8c4f1c4ef42280b,897084,2723.0,3277.0,1.203452,1,1,195
2025-05-17 09:37:04,e60616e657c7291f52ab1f7028e25fdd2ceb1addb3511cb070827b79c25f1909,897084,595533.0,6061.0,0.010177,2,2,371
2025-05-17 09:37:04,31045871c505b047406168d0cde9792bdeca556e846b118d290373ae2a095807,897084,434891.0,4437.0,0.010203,1,2,234
2025-05-17 09:37:04,8391cd124c5c9e37d9d43072247c69dabe954d186a50dd32a43edde005d1a106,897084,23533.0,3277.0,0.139251,1,1,194
2025-05-17 09:37:04,02104756ee4da1523b29ae2981e62db751eb59fcfbf426acec299c554a6b6606,897084,766270.0,4089.0,0.005336,1,2,223
2025-05-17 09:37:04,8817e72145b3ec0a8750db953b89ef90335b1f236c032118fa69154ed4df6206,897084,4812840.0,4176.0,0.000868,1,2,225
2025-05-17 09:37:04,1dc0336131782da190a601ee75f42797c0964cdae805edc3e8c05d8bb48c3306,897084,1029130.0,4176.0,0.004058,1,2,226
2025-05-17 09:37:04,32b0d1a08d0add82d410c1098df3f54baee1ea5bad7d99992cd9937491efa605,897084,179047.0,8120.0,0.045351,3,2,524
2025-05-17 09:37:04,bb7b741d492cdba2253ac989b015afbd6571f11ea4cce476096a6c5daa4f5405,897084,613818.0,4176.0,0.006803,1,2,225
2025-05-17 09:37:04,3d79eb176f42460c83b902807702ba086a5592df9eb7e55e7ef4cc2dcb9b8103,897084,104194.0,4089.0,0.039244,1,2,223
2025-05-17 09:37:04,33195f2dbeaa0dec495a80d4b8d8c99df278fb9ce8f2eac59a7e7982002daf02,897084,247857.0,5162.0,0.020827,2,1,341
2025-05-17 09:37:04,1195131e5eae6f77cf276b3f3da6174dc0f63f2aa8c7781e5f8b7ff5e2911801,897084,111639.0,3277.0,0.029354,1,1,195
2025-05-17 09:37:04,53f54e62b8479d114864c465b0cabff383f2b75a43b8f757d28e7fc2f0adf700,897084,128807.0,5249.0,0.040751,2,1,343
2025-05-17 10:23:47,cb2392a6117371bad1526ea25bb040e1d8814d4db46b68b61433bfb5c018b60e,897086,257651.0,646.0,0.002507,1,2,247
2025-05-17 10:23:47,02526d5b3d86d419d28a5352b6eb2c472a28d76ad2f191461debc4da1eb5c464,897086,500000.0,12408.0,0.024816,45,1,6726
2025-05-17 10:23:47,bc1f7392600f5d0fff9802b1a276835edd964538d096f71ae2808604669d1122,897086,199718.0,282.0,0.001412,1,2,222
2025-05-17 10:23:47,c5f64631cff4af8926c92447c5ec27bf07ffd6c160e63c856ea88d9538fb8600,897086,23251982.0,1362.0,5.9e-05,3,2,590
2025-05-17 10:23:47,4a7b1cb481cdf0d96a8ddcc621e0390f8ce3d36c3551608dde1bd3c3b2c235c7,897086,18671.0,756.0,0.040491,1,1,189
2025-05-17 10:23:47,00a488d7faf7bc7b699e3fbcc6185880b281759a6474b17a2dfe291bdc6eb977,897086,36808.0,892.0,0.024234,1,2,222
2025-05-17 10:23:47,532991be8fa8912291195d51ff272cea8e5302cc9482c498cc121558c2afb7ab,897086,37700.0,720.0,0.019098,1,1,192
2025-05-17 10:23:47,c62e7b7df1899212a643e5cf54f7a31ace49bcb118ea2f9c464d5161d6c705de,897086,24191.0,432.0,0.017858,1,1,192
2025-05-17 10:23:47,e765a7c116d0ad54ab8d3714f3b7068650568872577ba06b226df883be973ccc,897086,75591.0,432.0,0.005715,1,1,192
2025-05-17 10:23:47,ad747cb92844a05ac2d62f1be633589e4a6c34cba98798f8aeb0369573d5e8ad,897086,46087.0,432.0,0.009374,1,1,192
2025-05-17 10:23:47,da024cdeda6049336f5e767c85cdf39e8055a50b2e5ce78b839bcd3b68eff669,897086,42512.0,432.0,0.010162,1,1,191
2025-05-17 10:23:47,49a9d0d7c7622b599798a016d61559fa8641ce94569cf84f0f6677cc863f5a20,897086,1312.0,432.0,0.329268,1,1,191
2025-05-17 10:23:47,c1e177d41c6d38c080938128b7808cfc91e7bb250617ac49c732823fdba0ea64,897086,18842.0,444.0,0.023564,1,1,194
2025-05-17 10:23:47,896da7308da5bfeb547a9b68dc57adcfd7dd3b21378dd58482940f8b2f7b8635,897086,349511.0,712.0,0.002037,2,1,343
2025-05-17 10:23:47,ffe7d7c3d97e70ea8fbea48a1d3b3976dbea12482310b2f2f01837fdd2ee9d93,897086,216618.0,1397.0,0.006449,4,2,671
2025-05-17 10:23:47,14cdcc3d0dc3dd1e6f782c509c957fb2b6e83fbfcc9105d05263c48faac10f1c,897086,801934.0,1004.0,0.001252,2,2,417
2025-05-17 10:23:47,d751f758dfa056f08176c63415a0b213ddc7fca9ac6d91f20f033db592477096,897086,6923108.0,27695.0,0.004,103,1,15341
2025-05-17 10:23:47,67ce4652e4ab1082ab66ca55bebbd36e2a35eee834a761090e7dea9638fc0724,897086,146843945.0,1012.0,7e-06,2,2,420
2025-05-17 10:23:47,c3d49e3066c9d58820276b2e0d387ce25283f378df57e1a919e652c25ba88fea,897086,4801826.0,654.0,0.000136,1,2,248
2025-05-17 10:23:47,ad5131f6b995c966042044ad1c52d083a5e57c51bf525d6a08a0be6a6964d7db,897086,11888243.0,654.0,5.5e-05,1,2,247
2025-05-17 10:23:47,f05cbb470b57b4f64ed74c57ece7d10e541e26ccf4142d0ef0269d0da7d24a6b,897086,3136907.0,654.0,0.000208,1,2,248
2025-05-17 10:23:47,7dd5c2e00e9f4db32b1fc3961f2ff80c004b27d3dfab94a7ade7876e67a6ae39,897086,19448456.0,654.0,3.4e-05,1,2,247
2025-05-17 10:23:47,1b5829803c1e415b6bbff6ebf70f91ed20c95978f1f194f5fa28f0bc51e93fe2,897086,38614.0,824.0,0.021339,2,2,371
2025-05-17 10:23:47,036561b5f120756bb6cb32bb116a6006c73e48698958e9d2018968b1d07e954c,897086,51961.0,824.0,0.015858,2,2,372
2025-05-17 10:23:47,e6096e5fa7b47704082e0efbebc284138aab517dcca83f98b972bdeef25363e7,897086,307722.0,556.0,0.001807,1,2,223
2025-05-17 10:23:47,395d15c680864a9a2c032852b3f7b04668e25d1dd4c39ce31ff620062829ece6,897086,302027.0,556.0,0.001841,1,2,222
2025-05-17 10:23:47,dde433bbd9e00c2880ee2b39aeb62a659cabb230e58a8682f69f128a4bde16ce,897086,345869.0,556.0,0.001608,1,2,222
2025-05-17 10:23:47,0c8c1d1be3a32397f500c8468591373f8ece5a238d0e264af43cba29bd2ef084,897086,120565.0,556.0,0.004612,1,2,222
2025-05-17 10:23:47,72aa15ce14c1202855d5cbbe8efa8ac3d5039d181e0d2dcae9f9ff25d253ea84,897086,401189.0,556.0,0.001386,1,2,222
2025-05-17 10:23:47,075246692b11001382254ab5b5c7094c1241a3953dc101e53e421adfbd139f20,897086,136405.0,556.0,0.004076,1,2,223
2025-05-17 10:23:47,99deebfd13f43add7937df3eebfe99bc71a12c84921f87c8057a774a90af9f19,897086,109066.0,556.0,0.005098,1,2,222
2025-05-17 10:23:47,dc3f48cec52846edb3b1409945061c6b5e1cd078225c3e9a0ff18206fc33a202,897086,100458.0,556.0,0.005535,1,2,222
2025-05-17 10:23:47,e8a659a9a0b51f332e17bc25f6e68aca1bbd78675cdde72a3dac7730c863d7d1,897086,128117.0,836.0,0.006525,2,2,374
2025-05-17 10:23:47,b2b85590e83c3b72c9fe6a2b2fe0d0fc206e865c41b7eff1448fa0b7338cc1a9,897086,228425.0,560.0,0.002452,1,2,224
2025-05-17 10:23:47,e1e359bc20c61c31a007860aebd90a9ca7ac8884b45817a5daa9b08d7e09f67d,897086,30395.0,560.0,0.018424,1,2,223
2025-05-17 10:23:47,54edc553f0344295a23ce7414ac9c6d2a3d0b25abaec412f0c3bd7c10d6b27cb,897086,138961.0,568.0,0.004087,1,2,226
2025-05-17 10:23:47,16d11c6a3b34e0779be7707303d804bcd79af4303b2dc29637b16baea77d34f4,897086,179823.0,556.0,0.003092,1,2,223
2025-05-17 10:23:47,e87dd0e8fde369a816230c29e668115b33445bbd0021e7a8fc4919d61d9e2690,897086,9437.0,564.0,0.059765,1,2,194
2025-05-17 10:23:47,8fab0c23e15d6bc238576d281a9b0fb83aac6ce24131fe2f465b727e107aa537,897086,1807040.0,564.0,0.000312,1,2,194
2025-05-17 10:23:47,d9ee0eac2f0fcd315678259217b0131538eb8ba44cdec403697b6532ce7a5121,897086,912670.0,564.0,0.000618,1,2,194
2025-05-17 10:23:47,d1f30ef4d148846ca3c646bf0bc7092c0f1ebf1831082fb8496231a540c38c0d,897086,102189.0,564.0,0.005519,1,2,194
2025-05-17 10:23:47,1e7196ed161bb870463bb661bd0a4080c4b55a3c601751105d2a1fc980cef5fc,897086,99714.0,568.0,0.005696,1,2,226
2025-05-17 10:23:47,979e7d32a212ce8a0128fc7a248321b20867f24254a7d29c5d74b5e8a70de1dc,897086,149121.0,568.0,0.003809,1,2,226
2025-05-17 10:23:47,05b5eca9cbbb84766012051b56666d892ab4ab8cac171ed6dbe6c7be1104bb9d,897086,1326946.0,568.0,0.000428,1,2,225
2025-05-17 10:23:47,5452d7b66358adff3dd56575721cf70cee8df3feb48f5cd443ebe015aa9bd470,897086,162746.0,568.0,0.00349,1,2,225
2025-05-17 10:23:47,96f4bab863e56a3c0d3f60493eb017b4cf4b4373358030e4c25236411f73bd35,897086,39641064.0,568.0,1.4e-05,1,2,225
2025-05-17 10:23:47,53d57f354423b7188d672e51c3b3f1f636ab7930300ac7a549064d62000fd52d,897086,92284.0,568.0,0.006155,1,2,226
2025-05-17 10:23:47,fd16b2adfc081fd0c7a03c7dcf99a1815948cb30e7af8ba802f64c80dc3c629d,897086,1987643.0,604.0,0.000304,1,2,234
2025-05-17 10:23:47,9457155c7267c2a23b522a5fc3dd4543daa17f0aab252b56d73c6bed9cc10193,897086,696830.0,604.0,0.000867,1,2,234
2025-05-17 10:23:47,b9ca3711a6c35c40016844a85859c998b06f9a4d0f7d42c9d23004694acb3c50,897086,1109298.0,604.0,0.000544,1,2,234
2025-05-17 10:23:47,146c9e38986ee0cb075eaa645d3f04fd4e23d2cdb8b1602a4a2500d3f214d240,897086,43871.0,604.0,0.013768,1,2,235
2025-05-17 10:23:47,f9eaaa58d3260a919d629a7e76d2a698411406dbda1ffd566ef7610ee91e3f2f,897086,715382.0,604.0,0.000844,1,2,234
2025-05-17 10:23:47,df687b4253f8e4d4bdab150e553632735c2b4ee6e7877db734b04c7041f6eef0,897086,427422.0,3124.0,0.007309,11,1,1678
2025-05-17 10:23:47,69a6a291ce0fdcfe1270f0470958b9ab81ca2e25df1e987a97d6b4847fe4431b,897086,86874.0,556.0,0.0064,1,2,223
2025-05-17 10:23:47,c7544f91084a8037055e821db256b3c3d5b58887ea3bb69a9d2e201cc1ff397a,897086,169392.0,1640.0,0.009682,5,2,819
2025-05-17 10:23:47,a026de593940d8f0df33a0467f7b18f1274e319c8e47016003f1aff8f3822d12,897086,3639520.0,1459.0,0.000401,2,2,369
2025-05-17 10:23:47,159b30ce38603c3c1922913a1cc5302aea93d5459825320eab545c8f4eeb8028,897086,63575.0,1215.0,0.019111,3,1,489
2025-05-17 10:23:47,c3082dd197884d7c5a59f9b3b0741227d395bd73858f937185a837cd0c2096c9,897086,1048511.0,316.0,0.000301,1,2,222
2025-05-17 10:23:47,4f88c4dcca5b7fccfe89659efec6994dafdd63fed22c78a1763024acb5b342ff,897086,49999442.0,558.0,1.1e-05,1,2,223
2025-05-17 10:23:47,2cbd06a0c4f6e71a45a02c3a7360175417a0b3c1b58b6252e1b5058210e44ff5,897086,17959442.0,558.0,3.1e-05,1,2,223
2025-05-17 10:23:47,8d0631a18679e724271eaa6bb0d1bd20489b3d4f9400e18b1b90de46a11095eb,897086,5606422.0,558.0,0.0001,1,2,222
2025-05-17 10:23:47,3775ceccf3607f7963289248dd9248a021ca80e1aa534482b067b43a752d42e8,897086,750172.0,558.0,0.000744,1,2,223
2025-05-17 10:23:47,fd4334b369b144a8946486ec649e18356045ea081a1181e8e861dacdd55839e5,897086,12741877.0,558.0,4.4e-05,1,2,222
2025-05-17 10:23:47,32f164d66e8bf888856f2f3180e97c0c533a6ad746b547d72e4fb038a5d620e5,897086,140281.0,558.0,0.003978,1,2,223
2025-05-17 10:23:47,046f3320343614126587c4f06f11248499c45f305fe7a97b52d61aac79ad09db,897086,39095.0,558.0,0.014273,1,2,223
2025-05-17 10:23:47,75cd138995dd02ba3316f8463d18eba8b5736606375b552b0e3c3e9fc97fa3d7,897086,99442.0,558.0,0.005611,1,2,223
2025-05-17 10:23:47,d0c20cdc521a60937dbf0485eb01a83a1e20cb6ddfa3429a2d0b93fa1ebf02d2,897086,343104.0,558.0,0.001626,1,2,223
2025-05-17 10:23:47,523a5fc1da0f55dede3b05fabd06e6ecf02314f01df480abeb173fa3dc8766bd,897086,573672.0,558.0,0.000973,1,2,223
2025-05-17 10:23:47,90cd096f433c1855c322e54d6b8f16fe8880818e6b3e9d2328d8ce270aa278b6,897086,1003915.0,558.0,0.000556,1,2,223
2025-05-17 10:23:47,7961f201d81734bfb84680e500cecc5c997b48ba9239cac22a01dbccc085b3ac,897086,84664.0,558.0,0.006591,1,2,222
2025-05-17 10:23:47,088774fff7aa655b83b887fb73d6942eeb51bdd6499110d91077e1500bdc8caa,897086,578838498.0,558.0,1e-06,1,2,222
2025-05-17 10:23:47,e175e829c9d5a1bf4bfab0139cf04fba599e46c0a707bedfbf00eccfc69af8a9,897086,23299442.0,558.0,2.4e-05,1,2,222
2025-05-17 10:23:47,5567e8a058b5b071c9fa35fe5f697bbf2a25c44a390bc116a3ee2758076cefa7,897086,8745010.0,558.0,6.4e-05,1,2,222
2025-05-17 10:23:47,7f905d05cd0e1371d15682e51cf6f1976ca444c34ac7dfa366e40fc098bfb4a1,897086,2168844.0,744.0,0.000343,1,1,188
2025-05-17 10:23:47,f1719826d75e07ab908f00c93b012dfe8d8c3aeda6f432eec67322968d945e91,897086,285725.0,558.0,0.001953,1,2,223
2025-05-17 10:23:47,94c02c76325f5d6f20db07810a355642c9e5af746e4e86cd115f81a2f0400284,897086,11842731.0,558.0,4.7e-05,1,2,223
2025-05-17 10:23:47,93632b5ede87138ba68d407edda973ac98a0f47032ffe0a349a3c790dfa7fd80,897086,17306417.0,558.0,3.2e-05,1,2,222
2025-05-17 10:23:47,66236fb9bd611086c82451a089d9dc9227245064e506ee49766f78569b12497c,897086,207791.0,558.0,0.002685,1,2,223
2025-05-17 10:23:47,d5fda28294a480834c8c454ce783ba73fdefe2a3a43d93ceec3d29cff041e872,897086,1609981.0,558.0,0.000347,1,2,223
2025-05-17 10:23:47,b6be61980dd4633bcf90bf8ee36d9bff756e4f3bf424ce04777b14909fa34d70,897086,47672.0,558.0,0.011705,1,2,222
2025-05-17 10:23:47,c511a64d2b89724d9132d30c69d2447bafb260dd07371b7fe2d328474e6e016d,897086,907680.0,558.0,0.000615,1,2,222
2025-05-17 10:23:47,ab7ca3616d15d130272568c16df8b54a3ef5ba635d8561c5ffb5e1cf1503726b,897086,275761.0,558.0,0.002023,1,2,223
2025-05-17 10:23:47,59b40b22eb38ddf73b6efc7e4d464c67a97dd2823e28749afa94cbac83747462,897086,46748048.0,558.0,1.2e-05,1,2,223
2025-05-17 10:23:47,455b330fe40cef7d261748ae007f1911fd94314fef3470f6da6c579a969db85a,897086,312513.0,558.0,0.001786,1,2,222
2025-05-17 10:23:47,906fbc1c64177028c29b83550eda795597616220cb326246499b023000122e38,897086,23224428.0,558.0,2.4e-05,1,2,222
2025-05-17 10:23:47,a9b09f411458440dc3b260bad04e7fdb7af344b2afa78fb6233cd1ea803f7c35,897086,1125728.0,558.0,0.000496,1,2,222
2025-05-17 10:23:47,2ab4073643ce1351fbc1ca0dc714b7ecc628a877aee857d4cfd2c7461d042916,897086,1655380.0,558.0,0.000337,1,2,223
2025-05-17 10:23:47,0d6d9e05e4e6e9c31419d69472aea5381af7c7710b64999951dc0fbae361d606,897086,6160769.0,558.0,9.1e-05,1,2,223
2025-05-17 10:23:47,4057b5c46299e9b12321e5ec69cfec2d8767884b04731572c4aabaf0cb825238,897086,486915.0,836.0,0.001717,2,2,373
2025-05-17 10:23:47,197c510d6ebe4b20a71f0f04e3860f79b37a4064b931f784ece1ca903c54d34c,897086,1585546.0,1098.0,0.000693,3,2,521
2025-05-17 10:23:47,39c4918ed6982b4bff4a1d6aad6e9d8f0556ab997a998eb51060ced91289224d,897086,1303330.0,528.0,0.000405,1,1,215
2025-05-17 10:23:47,f1e2a3d72c0ec25b76c5b03dae0a4db2ad0710f227668972da6b8bd6e01b1d24,897086,11798632.0,1368.0,0.000116,4,2,668
2025-05-17 10:23:47,fedfebf076cfd282bc97d8583765e6cf3c32559933db21e82f21c8666fb653ea,897086,366691.0,561.0,0.00153,1,2,223
2025-05-17 10:23:47,bbed9cd194bd8b47a7743882137d9af717e17f8543b0c28f0065b8ade9ab58a0,897086,274854.0,561.0,0.002041,1,2,222
2025-05-17 10:23:47,7b8ff2530f1eb8c22442a512afea76836773d0db3b9f39bc2315ed31c94bdabb,897086,1314792.0,573.0,0.000436,1,2,226
2025-05-17 10:23:47,c2bde582a80e0a9e4e482fc87907019d265729f04ef0ab25e24290acf8e4743d,897086,7698.0,438.0,0.056898,1,1,192
2025-05-17 10:23:47,e8d229f0f92c6859964005033d2408402766c6698d82020869497ba398976cd8,897086,373085.0,442.0,0.001185,1,1,193
2025-05-17 10:23:47,593137252b9cb8edb818aba148f79b455f285faa00d2f455ec0eaf48e269d58d,897086,2657.0,442.0,0.166353,1,1,192
2025-05-17 10:23:47,a08e6630c011684cb54dff9d711a025702f2125ca5a35cb6cc83b5a05e289e96,897086,510141.0,450.0,0.000882,1,1,195
2025-05-17 10:23:47,8cdd2431d7cb34505f81e43383c2d0d0bcd9c4f10e0729f5b10226dc3c5d723c,897086,1253.0,450.0,0.359138,1,1,194
2025-05-17 10:23:47,46cd0a2c50d411af34a8d6e77213a799be814768956a1c2d6e2dfa626f24412a,897086,546.0,912.0,1.67033,1,1,323
2025-05-17 10:23:47,a568ee824a3f721ff906d01218f3ad5cc7cfef48579c4412af43f5f6d9c9df5b,897086,571344.0,924.0,0.001617,1,2,205
2025-05-17 10:23:47,105f3ae0a1e77a8b86a9abae2b0081ddba32583af3a64b9ec60567701624b924,897086,3132379947.0,846.0,0.0,1,2,223
2025-05-17 10:23:47,6a836edea1602e59a83acbe69598150acb8ee4c13ad331b7e43522ddbc57a523,897086,3457396.0,852.0,0.000246,1,2,223
2025-05-17 10:23:47,16968eeb4e05bbf776c781785db0985411ecf16b610f0241b40ac0fe4b74c61f,897086,121814318.0,4866.0,4e-05,1,23,892
2025-05-17 10:23:47,8fa6c877cd120229adbddfa621c8e7c4d920022389826c1f20662d0a0b32b019,897086,551542.0,858.0,0.001556,1,1,325
2025-05-17 10:23:47,a08649d5bcb7301c200126a05dd2f97562b2fe1be0218dc728b74545ed154118,897086,1212317.0,846.0,0.000698,1,2,222
2025-05-17 10:23:47,f462af27c34043506fcbcea1a636a8f22eb0945160559e091c008abbbae59616,897086,546.0,918.0,1.681319,1,1,330
2025-05-17 10:23:47,d4cb4236d596f2e83632259fdbb24b95a660381c4572912dd32cd55bb2ac22f2,897086,587184.0,924.0,0.001574,1,2,205
2025-05-17 10:23:47,eeb70f2983760858263f024c09aff66fe7bcbbd3e860117d9f5547cadba7f513,897086,546.0,912.0,1.67033,1,1,323
2025-05-17 10:23:47,eabf1a9e7a8619f4e0619a55bf44e87bc750a49328da1a4a13fc2627f1cdfdde,897086,561048.0,924.0,0.001647,1,2,205
2025-05-17 10:23:47,b3645d79e8acdc96b3e35876654112e872f26e370370972343fbf0308ab7a10e,897086,48625.0,846.0,0.017398,1,2,223
2025-05-17 10:23:47,be823c30fd4df7382bf6d49a386419ec05afcc51196109eb89c398a96d3ce70d,897086,1091724.0,2268.0,0.002077,3,3,621
2025-05-17 10:23:47,6a725342183bd1731f1670039283c1542b2f31673acc636c08248dce1014360c,897086,968000.0,1254.0,0.001295,2,2,371
2025-05-17 10:23:47,3d84a426a825dd8321fd6eecd26790b544440dbd948263eb4dab50ea5eaf410a,897086,287076.0,924.0,0.003219,1,2,205
2025-05-17 10:23:47,7430ef332850406c5570957bb53bb8774fcf3170c8ac4d9e10a3d7d284fc0508,897086,546.0,918.0,1.681319,1,1,327
2025-05-17 10:23:47,68f0f752e2c08786399c3124984dd6aabddf024230fc8a54f8c9db730da01df1,897086,559076.0,924.0,0.001653,1,2,205
2025-05-17 10:23:47,d07ecd1d050a0c0ac7b37bf714532f758b78bcaef072e439e851605023bcf902,897086,1124090.0,798.0,0.00071,1,1,215
2025-05-17 10:23:47,1724a58ee61a64257aaaefac84b744a72d78bd8d4a5fea2e36a51bb4d2c64e02,897086,799340.0,660.0,0.000826,1,1,192
2025-05-17 10:23:47,7bb82c1a824b5865655f5a8b893f61d071bb5c0994e6d1509f20feed3a508001,897086,1337.0,1260.0,0.942408,1,2,462
2025-05-17 10:23:47,a34d0dac8c321200c9aa41b4f1b15f6b012b1bd15ae15d88b68575a531e6c4ab,897086,42764.0,924.0,0.021607,1,2,205
2025-05-17 10:23:47,42463100d8203101b351f7d867de27220f4587ec438647ce0adfd501740d9044,897086,860033.0,1285.0,0.001494,3,1,364
2025-05-17 10:23:47,bbd05a9eae0fdd0db19a095c988325ff4872b5ae0dd4841c3f198622f6e993b5,897086,671160.0,2026.0,0.003019,2,1,337
2025-05-17 10:23:47,9d7bae3233312a658c124a940683e057de092a601d4e72c61394840b62e952a7,897086,2034525.0,2700.0,0.001327,6,1,933
2025-05-17 10:23:47,c1fb84f78183f2be96561578c2e47026b136b317d93d0497b9afe3bcdd1d46c4,897086,10842752.0,5184.0,0.000478,9,1,1588
2025-05-17 10:23:47,442843b62f9915c2fb79d6f205a342e73ecd2d193128f22b897adb99457f9ecd,897086,48230718.0,1239.0,2.6e-05,1,4,287
2025-05-17 10:23:47,e643a00d632021bf72a15eea4bf5ad24c067a96fd4d8672f226421916813a238,897086,1002456.0,1746.0,0.001742,2,2,372
2025-05-17 10:23:47,d71b01302ffba7464a887b88111a64ef953c22dd767906e35139856fd4bb50d8,897086,1962392.0,1686.0,0.000859,3,2,523
2025-05-17 10:23:47,23421af9f8a3514b692e5618758f67605eaca30ae74ff1ceef30badcfe8ff0b9,897086,1140839.0,6576.0,0.005764,15,2,2306
2025-05-17 10:23:47,897b468debe092bdd1ccaace8b9c3b8666a62a0d87ed63978de285fbb2876d30,897086,18904564.0,2066.0,0.000109,2,5,475
2025-05-17 10:23:47,8de52e86004b4045113dcd5cd7dcd3cdaf8705cd727d7e310fe96a2196357b89,897086,54776264.0,4548.0,8.3e-05,10,2,1564
2025-05-17 10:23:47,d98117b9db9fe404ce8969678446a1a9e3c24741d3b012077ed4475ba8a23e7a,897086,108638.0,1362.0,0.012537,1,2,226
2025-05-17 10:23:47,0d7c684a0209f5fe1b56eb063e067239d5ea2f3989aed038a5dc3d43fd0325a0,897086,68803.0,1356.0,0.019708,1,2,225
2025-05-17 10:23:47,ad1a3dc8421be44ed140f8d5c5394a52df5d21b6a6f426469eaac917e9033b31,897086,73656.0,1344.0,0.018247,1,2,223
2025-05-17 10:23:47,8916f0f9b562c6e2b2da21fb83d85ebfeaee3707dd37b5be9d79ddf3faeafe05,897086,137972.0,1344.0,0.009741,1,2,223
2025-05-17 10:23:47,234be3560947105e29bea9e49940cb0f8d7508809b2fca713bc2472cdc57e6e4,897086,76697.0,1338.0,0.017445,1,2,222
2025-05-17 10:23:47,dbf2db766350429c09e31a37055786645b5414a64a77d9f3d3398e6352bfca64,897086,27469484.0,1338.0,4.9e-05,1,2,222
2025-05-17 10:23:47,bc26139356bc1d282f26e5d341b49a7a2e885830bdf90772cbed365b31276a03,897086,386813.0,1086.0,0.002808,2,1,342
2025-05-17 10:23:47,8ae6726d28ff59f87885a73f3218a6c573b067c5abcf20c50eeb1b228395e30b,897086,958297.0,2282.0,0.002381,2,5,499
2025-05-17 10:23:47,1441fff05682ff79f995c4acd201d31c289c425bd644268c7242090eef790827,897086,1224333.0,1090.0,0.00089,2,2,370
2025-05-17 10:23:47,f29b886d5794706386b2a8556fe3797592912f5d133d1cd0abf0a7a18deb2160,897086,1368344.0,2282.0,0.001668,2,5,500
2025-05-17 10:23:47,1c3f14360683a65bae5d5e295439acbb8b2c5a41b054af62003f8249f1092815,897086,2021729.0,1430.0,0.000707,3,2,520
2025-05-17 10:23:47,14893ccf76e118f3277c256c9f2d8603aed0e88f7b8bde51b0860da0f86bd513,897086,974703.0,864.0,0.000886,1,2,224
2025-05-17 10:23:47,9feb68f40354f2b4bb8d0da066c38bf68bb2c1d55ef9f039875986d8a45944d6,897086,39148.0,852.0,0.021764,1,2,223
2025-05-17 10:23:47,8a9d1094e5468716d6b490694a191c254ee664e9710fd2878cac257037633388,897086,1084800.0,1079.0,0.000995,2,1,339
2025-05-17 10:23:47,e0a363578bc1734fe5a565f3dfb92322f8444f8ebabf193d2c04ee089460541f,897086,79541.0,846.0,0.010636,1,2,222
2025-05-17 10:23:47,bf3cbf56e7bb1fa452774b99654ba066b44c065264cd0c27af75c3271655d275,897086,236946.0,4530.0,0.019118,7,5,977
2025-05-17 10:23:47,2fa592378a82ec6d79b02ceef246505dcfe24b69fe036a20d138fc00aed34727,897086,559532.0,3180.0,0.005683,4,6,699
2025-05-17 10:23:47,6678929f49028f7057ffb531e4a6054495df2a72765c8fde2d5f0233ff5f1396,897086,852512.0,2650.0,0.003108,4,6,699
2025-05-17 10:23:47,43d2d28683c25fcd0196f6448dd8592837e0b4f75c25e6a305f1fd75ad17928b,897086,1079782.0,2650.0,0.002454,4,6,699
2025-05-17 10:23:47,ea2f78619316c7af9936fbf8e5eefa0b5633b7aa12184e74f094a9b3fb67c145,897086,5644.0,1105.0,0.195783,1,3,248
2025-05-17 10:23:47,eb4f97609e7d3a4985b02275c9e7606721583141ecbf45a557d9e2f388dec635,897086,143427.0,875.0,0.006101,1,2,226
2025-05-17 10:23:47,ebebb9e48263bbeaec9f44a641656b3c35b33a150f28c5605f74f7bdce9c692f,897086,104738.0,875.0,0.008354,1,2,226
2025-05-17 10:23:47,095993d17b9e5e7ea71ac08ad37675bc7c33d54381c63b7f5eee2fe8b45247e7,897086,1745368.0,863.0,0.000494,1,2,223
2025-05-17 10:23:47,c41ea8ba5154e7136ca24d1aec67d02895ee2db4b1f129f3c96c90e557d92238,897086,1942309.0,863.0,0.000444,1,2,224
2025-05-17 10:23:47,942711cff9a964c7f1f18408b9e04e85d15359c33631bf65e3fa0fa0a43c63af,897086,422946.0,5573.0,0.013177,12,5,1512
2025-05-17 10:23:47,4222b5451a0cdec382f753d74facbc6a53448e140014b7fef332bf3608f2f18b,897086,2075318.0,1220.0,0.000588,2,2,302
2025-05-17 10:23:47,d872e7ca7e49a8ea802ad55b4261abc260712639b6d6dba5fb0712f0996626d2,897086,29818725.0,1175.0,3.9e-05,1,1,191
2025-05-17 10:23:47,de5a41c11952f1a4f479ab24cde7e8638bb537e679d9c4ef1022765241fc7046,897086,29819900.0,100.0,3e-06,1,1,150
2025-05-17 10:23:47,5ca278c83153d6afcc004802b250e3ababb03472041f457777871439e7cbfcc7,897086,874.0,1104.0,1.263158,2,1,342
2025-05-17 10:23:47,dafc94ef48a46ed5e8034248bea207ed66e47cdc53a752650e37a1e68e6cc28f,897086,4158131.0,4368.0,0.00105,4,6,1617
2025-05-17 10:23:47,cfea0038d6df56f0bc5247d36f9105e54a34fad00703946c53dde58a1ca49641,897086,15225191.0,2771.0,0.000182,1,12,532
2025-05-17 10:23:47,a0a0eb2d49838a1a067ed32e78c999dde37e55943f2021e04acd9356c864a441,897086,89745.0,1739.0,0.019377,1,4,283
2025-05-17 10:23:47,36a4d0a9c7594ce4d8fa682be4ab1d85731db0cc2cc3781864af370bf246dc40,897086,287107857.0,2185.0,8e-06,1,8,436
2025-05-17 10:23:47,c65a1a48fa9a9bf0b4fc534d34d19ba1e939e7e9de555ee5ec1b318ea743f27b,897086,48950823.0,1256.0,2.6e-05,1,4,285
2025-05-17 10:23:47,0724a3a83170ce6d9141725ae3f599fffd912f4d052ddf827ab6085ba930a5e5,897086,2602529.0,874.0,0.000336,1,2,222
2025-05-17 10:23:47,eb47762a3e723860b82407b93fd7793b3cc150efd7ac4bd372955085fa7f50e2,897086,2618419.0,874.0,0.000334,1,2,222
2025-05-17 10:23:47,a7c9aa321687afd8e0472f811d112e7638eb879d89cf81a6e4d935adc5543a84,897086,739366.0,874.0,0.001182,1,2,222
2025-05-17 10:23:47,fd484992a9c1b924d6b5ca04657ccc18fadcf2a50f240de2f616bc5166607f6a,897086,518108.0,1172.0,0.002262,1,2,379
2025-05-17 10:23:47,d57e4351155903f22e68366638fdb795024449665534b1f5c604a82a90487550,897086,1625467.0,876.0,0.000539,1,2,223
2025-05-17 10:23:47,5af34dbde2ffad0baeb8a4894f5bef2f28295adaf143e774f32cc22a33ef66fc,897086,1786099.0,900.0,0.000504,1,2,226
2025-05-17 10:23:47,2309c857bbeeeca9ae171952105ff4c3b2b835fa536af23f3effb2e3d88b79c4,897086,397156.0,904.0,0.002276,1,2,226
2025-05-17 10:23:47,b6ae4ff5c6d40d7cf42c5e58adc43fada2d1bb9767d4e0d8a48c883e1247bbea,897086,139212.0,888.0,0.006379,1,2,222
2025-05-17 10:23:47,76c6a25e422e392acf1a10253a892d596713c2b9171daac29cd46fc16da60239,897086,21579.0,888.0,0.041151,1,2,222
2025-05-17 10:23:47,b4cb01a061afb85fd4f05c8883f8cbb60561785b18cbd2a0e3cfd4f02648b5a8,897086,50588.0,1412.0,0.027912,1,2,224
2025-05-17 10:23:47,e3778817945f860cc35ca96f6d3d3472c23326eccc92018a9973a5fa1323d870,897086,4948628.0,1272.0,0.000257,2,2,301
2025-05-17 10:23:47,8d24a1d562deed8fd1ed4b04df2b50846c00fe2939215c7136d14cf3ad056f2c,897086,9343457.0,1424.0,0.000152,1,2,225
2025-05-17 10:23:47,f85bd767622c2d32832be42560e2a76d3b893c4512906c38c79526defe0f1a22,897086,138349.0,1804.0,0.013039,2,3,447
2025-05-17 10:23:47,e17844debb3bad752a97d62bb215404f958c1e58f0773de39aa6715b8768d38b,897086,1124460.0,894.0,0.000795,1,2,222
2025-05-17 10:23:47,c82cf829077c620c0ae7909ac5ed538ff1a7d5d42faed0318a96ad0ca7b31094,897086,282655.0,896.0,0.00317,1,2,223
2025-05-17 10:23:47,9b42fcad8e6758c03d7315d7455bc8da09d51c087b2e5d1d55b4c75858ea4614,897086,45629.0,1412.0,0.030945,1,2,222
2025-05-17 10:23:47,d356ffb48ff8740be4e8ab00a9b115cd29d24036bfc589ce40990cafc984a7e2,897086,1259510.0,897.0,0.000712,1,2,222
2025-05-17 10:23:47,3df9d1a80b8008f09bcfc137a0658c1b13661922da405fd6b1195888503d90a1,897086,383530.0,900.0,0.002347,1,2,223
2025-05-17 10:23:47,59349da281bd7f897667951c2174f6b53fc507eafd907416254264324af2b4d3,897086,49635.0,903.0,0.018193,1,2,222
2025-05-17 10:23:47,39c6b740f9f4bdc2cb678a94c34ba0cf599d4e9aacd3af05984c210eea4d44e6,897086,1375413.0,1729.0,0.001257,1,1,192
2025-05-17 10:23:47,19e6055966512287d5cbb0716873762ee4a368b0898b3002f0c5f11e574c05e4,897086,941528162.0,2707.0,3e-06,1,16,664
2025-05-17 10:23:47,33712ffac38a1550c50c435ad4a71ce7cc91cb06c86df5344c57ee3c28d898f7,897086,259083.0,1208.0,0.004663,1,1,188
2025-05-17 10:23:47,f6374212182f2432b9970ec19ef14aef3339634c7d715da03d679d7beeac47df,897086,1541535.0,3570.0,0.002316,5,6,835
2025-05-17 10:23:47,2305a5f14a795420e106bbfe5c261c8ef852fdd494a31700564d48be1a1ff7ea,897086,110000.0,5906.0,0.053691,15,1,1660
2025-05-17 10:23:47,e2afecd10f9482d120f8423852ca7b67bb5d8be5a70757a1440463fee946241f,897086,3700.0,711.0,0.192162,1,1,191
2025-05-17 10:23:47,51e0a1fedbb4fda687546696b8e66426e3c7ab1ee26f37fa99f63b64864cb4b9,897086,49955.0,732.0,0.014653,1,1,195
2025-05-17 10:23:47,e3449084594e4ec8df581d055fa6bc6a259cbe25b7284850b1edef3489db2737,897086,176088.0,1008.0,0.005724,1,2,226
2025-05-17 10:23:47,c7b9d39f7977b9b4d08a653fc2ce15633506f52f5b11e8100bfb782e82847bbe,897086,187006.0,864.0,0.00462,1,2,225
2025-05-17 10:23:47,67d122cd94b0043af55b316297f18d4edf578673fdb932caa07b4a7d0bf94502,897086,2400581.0,1755.0,0.000731,2,4,432
2025-05-17 10:23:47,40c9a0a35b13b9195a87b697240b4245b96158e4785d16c538f17def3d9c8074,897086,254500.0,918.0,0.003607,1,2,222
2025-05-17 10:23:47,4423c08d0d9f1fefb2f9b1b745549aee09a4959627c9de6b5a7881c8fa977ec2,897086,4369068.0,1000.0,0.000229,1,2,235
2025-05-17 10:23:47,11a84d6f6f6a0bde4c9c4ee541ee2a43ae651479267e7f4e7a73f3dd8a56e64e,897086,22973200.0,1000.0,4.4e-05,1,2,234
2025-05-17 10:23:47,e250cd2a2772a8bed525bad60d1b37139fae31afacf98316bd6b0ccc1af1831b,897086,77679814.0,1000.0,1.3e-05,1,2,235
2025-05-17 10:23:47,7d273c8a614598e7f9d763a6decd92ae85985e1e478d409670d6b010354aa9c3,897086,2798940.0,1060.0,0.000379,1,2,273
2025-05-17 10:23:47,2b0ca7233bf3fbd63303d61a556f63717dfaa6db68f3c0cc04d04e3fe071e372,897086,40188654.0,1728.0,4.3e-05,1,5,346
2025-05-17 10:07:32,977ef2e4f277ab057ca46a3a50237f3a78d41c3853dbf8c9ac47093c6488adaf,897085,551428.0,572.0,0.001037,1,1,325
2025-05-17 10:07:32,084c268ad532c09b950b38548649f42f5d6aab42d1c490f2947c885cd96a25ae,897085,96774.0,564.0,0.005828,1,2,223
2025-05-17 10:07:32,c8ae7adad39e921518e6c9d055adc9c4df204ae4ce7638d3282cc814857ed1aa,897085,43351.0,440.0,0.01015,1,1,191
2025-05-17 10:07:32,a30809dd99c6db6704b237f2ea1bac32aa08eb147f3c3064a3f15f72856772a9,897085,533627.0,1952.0,0.003658,4,6,689
2025-05-17 10:07:32,6413ea8f0443dff5c0b187480e4c69fd8a4ea31b9db15ac56571e00641f45aa9,897085,8927842.0,664.0,7.4e-05,1,2,248
2025-05-17 10:07:32,9f52d28ec38b6c8ac6904f6777235d0cf5a67c78f5302edcdebaeb63d5cec0a4,897085,42980.0,724.0,0.016845,2,1,343
2025-05-17 10:07:32,bb248dfb85763f5f199fc766fb399c3c50b97e486cc1534ab6c07c016b1015a4,897085,7375988.0,660.0,8.9e-05,1,2,246
2025-05-17 10:07:32,9e4e1e07c24d7935465a352196f6cc1f1cf18a023676629aa79978b0431a29a3,897085,3852844.0,658.0,0.000171,1,1,191
2025-05-17 10:07:32,c6a9eb9b5c44b706bb8a6149d4790a65f9b90e419a7d2d6e97c15e69947f7367,897085,3879822.0,886.0,0.000228,3,2,519
2025-05-17 10:07:32,06d5b0a383ac413225f75220b8aab5fc85b20401e0b1da4e4ae11030aff39ba2,897085,168535.0,440.0,0.002611,1,1,191
2025-05-17 10:07:32,4e60af2f1859d4ac528ddc6a71452210ace2bef16bd7a8878786ad9a9eb709a2,897085,30948.0,568.0,0.018353,1,2,193
2025-05-17 10:07:32,3cf6339f3a351518ec106695caff74331ba3bfbf50172169385c06a6e6d98da1,897085,2042805.0,2216.0,0.001085,2,13,716
2025-05-17 10:07:32,cf3718d07e7c983098202d0bf67c726a9a9ceb0ac25d87edf84d9dc960980ca1,897085,103722.0,568.0,0.005476,1,2,193
2025-05-17 10:07:32,7789330a5a839a5b38a6ad4b99f94bf5a9da8687c4fd651c271affeb83ac38a0,897085,7471.0,788.0,0.105475,1,3,248
2025-05-17 10:07:32,7fb31427225a115c3263753c2ef3dc757fd32682e9cdef511a0ab8cfc1db9d9f,897085,270206.0,856.0,0.003168,2,2,376
2025-05-17 10:07:32,9cd88b84e47c94f13896267d85beb70144c3f77146ae2283fa6da50d5e58399e,897085,99830.0,564.0,0.00565,1,2,222
2025-05-17 10:07:32,0eeb60ae3859c7f2e242ac3984dfe273a25193c0cdcfb94fbbcf03977539169e,897085,13568009.0,564.0,4.2e-05,1,2,222
2025-05-17 10:07:32,c146d17a91fbfe1164b3916afd8c32a3b3eca179abfec5138fb3ab3c2298e79a,897085,92049.0,836.0,0.009082,2,2,371
2025-05-17 10:07:32,bc5f237c2111a02ff66ae0c37c904535a94abd3633f3d1b73dade082822c8d99,897085,27210.0,848.0,0.031165,2,2,312
2025-05-17 10:07:32,570f5bccc89abbeedf23c2452a0b3db5f437b1a3a4b26aae84483c65ac9f5296,897085,86167432.0,568.0,7e-06,1,2,223
2025-05-17 10:07:32,7a9e77f255001f093427825e3f87cc1907c94fb46472bbdd91c782cacb8b0795,897085,545073.0,568.0,0.001042,1,2,223
2025-05-17 10:07:32,54e81dd91f1e867a636453818208b7e398200d0a6e84b14c7be7fafb2c236e90,897085,529985.0,440.0,0.00083,1,1,192
2025-05-17 10:07:32,1bf680511112297d76c1917a2bd9e17ff66bb8adb606848012a40d6e7b416490,897085,144251.0,564.0,0.00391,1,2,222
2025-05-17 10:07:32,02359f7882bff5ef945c3324930cfe36a4fa135a9f14383f915f3f3238e2d88f,897085,1288.0,712.0,0.552795,2,1,340
2025-05-17 10:07:32,6d746b825cf284ca9171b77e598e65907343cf0b9ab93021df0850a708f3a78f,897085,167933.0,564.0,0.003358,1,2,222
2025-05-17 10:07:32,bd99a52a858d56f87326e3707f95ab47ecb2020342a230a27215959f11e86c8f,897085,9347097.0,568.0,6.1e-05,1,2,223
2025-05-17 10:07:32,431055c6a55f00ef549a97b48e49835329a6f9deeee4b300189b0913d7ec4b8f,897085,2217548.0,452.0,0.000204,1,1,194
2025-05-17 10:07:32,613ce1e6a051c615bff9c0087fce72fb048cc3574784aa6642117b62fa18ed8d,897085,21518.0,564.0,0.026211,1,2,222
2025-05-17 10:07:32,036272d9a08133fece42ff728560de08570700642c5f1f01ad71a6e45090b88d,897085,1888052.0,568.0,0.000301,1,2,223
2025-05-17 10:07:32,b3fc8f252df0e138acf750c73b9913a729a8d16ea673825cfc37c2db670e068d,897085,5317917.0,576.0,0.000108,1,2,226
2025-05-17 10:07:32,7d6ddf9f7a6a8df1536d775481845cbe01df11ae9785582b9683c6fd9d4d978b,897085,121506.0,452.0,0.00372,1,1,194
2025-05-17 10:07:32,e8451980dde962d31775aa2796314ba83aef1f1da8c952d529383b4e67d9138a,897085,487019.0,444.0,0.000912,1,1,192
2025-05-17 10:07:32,dd399539fde9857556b1813d2590a3f283b8318025899115c7ecdbb28dedec89,897085,302271624.0,564.0,2e-06,1,2,222
2025-05-17 10:07:32,446bbc18f7d221ce1165d12d8fbda5ced1f8db8f879eeb2c490aabd1f98bf888,897085,11535755.0,1116.0,9.7e-05,3,2,521
2025-05-17 10:07:32,76df314bfc2e9afa475d9c3eb73a8b03daac49007a7c8b26ae913ae47d2fd188,897085,4011271.0,564.0,0.000141,1,2,223
2025-05-17 10:07:32,82a7ee266295165bba475d3d90414df50edaf8c7dc0066843bc0839191a26988,897085,4148638.0,612.0,0.000148,1,2,234
2025-05-17 10:07:32,053448873b5a437baef9c5212c5b19a50e9c39233effcfac2a4417e1f2531d87,897085,57574.0,564.0,0.009796,1,2,223
2025-05-17 10:07:32,255606022b8cff8c16ecd2866d644651fcc5e7d35964c2aa75e02e3939429b86,897085,126625.0,848.0,0.006697,2,2,375
2025-05-17 10:07:32,998ddf3050561c06a1cb4ee5fe67061a52074acd489a431f959d373e70973486,897085,523144.0,440.0,0.000841,1,1,191
2025-05-17 10:07:32,2343a4d12cd87dc88040e1c316e39592eb29064f57512ea5e5981a8e7833cf85,897085,370285.0,836.0,0.002258,2,2,371
2025-05-17 10:07:32,8675592c284b2ae1246509d436d00b4d76c85d6033ba0156c9fbad9ae0bdbd85,897085,127530.0,440.0,0.00345,1,1,191
2025-05-17 10:07:32,123d32c3b8f96d312ecd55232dffc44fda4b6ae606a813ff78c505c47c18af85,897085,57479.0,588.0,0.01023,1,2,228
2025-05-17 10:07:32,f7bc39af1486d9386ef7678570b68493feae89610c948ccd0a631af9ad800885,897085,430035.0,564.0,0.001312,1,2,222
2025-05-17 10:07:32,075c617f592e5741eca8cfa1a2c184e04773d468610cd4bd030b665ac34a1484,897085,22529.0,576.0,0.025567,1,2,226
2025-05-17 10:07:32,021ea263e481af865c2d2a2872b4907ee068b058e6e502dce8602cfe3229fd83,897085,496494.0,832.0,0.001676,2,2,370
2025-05-17 10:07:32,189487549bc106859cc67275d4bf608584c4cd8724e6ff52a0529161cf068d83,897085,154326.0,832.0,0.005391,2,2,370
2025-05-17 10:07:32,8c39d4c801090ac0ee73926f850a04f06a202a2765dc68db33c39d4b1c807c83,897085,5712330.0,444.0,7.8e-05,1,1,193
2025-05-17 10:07:32,747a384ff90d4822b8a57582583cfa980747c43e93135b6cf4193cce1dae0983,897085,28858.0,440.0,0.015247,1,1,191
2025-05-17 10:07:32,288ec92b06c5ea4814c19f05b6d1325e3b36a021ad38f23b09a21bf61e6cc982,897085,221641.0,1028.0,0.004638,3,2,407
2025-05-17 10:07:32,d327a3a59575a15ea9c515e8498c138853b3b5bdd59d62aa027434aea36d7882,897085,46064.0,444.0,0.009639,1,1,193
2025-05-17 10:07:32,5727cd120688f2fa6aca39397a4610e896897b403aac569f8c67fa01e3a3ce81,897085,117169.0,836.0,0.007135,2,2,372
2025-05-17 10:07:32,d1fd22809cd0d5d16faa3d775a268dcb15d886b2bef3b9114ba05d76425fd580,897085,172781.0,884.0,0.005116,2,2,383
2025-05-17 10:07:32,232a341b532bf2f807ae4cc7a0c8932d35335564e0b5132433fc8fcc7080617f,897085,2479091.0,452.0,0.000182,1,1,194
2025-05-17 10:07:32,951f77159403f10bdf5ae948762559c9360906940e94c9533a4cf1e89bf2d37e,897085,4706366.0,568.0,0.000121,1,2,223
2025-05-17 10:07:32,fd0a1fb03f6723eeb02657969bed60033b0a1f73466860849d2addb586e8997e,897085,2582094.0,564.0,0.000218,1,2,222
2025-05-17 10:07:32,64e1783af4dae1cfe3803ffeca864446fdedbdb3e98ae7d7f4e979bc80e48b7e,897085,70623.0,848.0,0.012007,2,2,374
2025-05-17 10:07:32,9404abbacefe6b7f09a32759d29823a5b8d07303224ba4b554de61d4b07cfc7c,897085,45552.0,576.0,0.012645,1,2,225
2025-05-17 10:07:32,51bf966e3b9a12060c85eb034a844d637d8749026dfa663ece0d333b4f0a807c,897085,265364.0,880.0,0.003316,2,2,382
2025-05-17 10:07:32,797c2020fa65d041e722cfb114ab58d748f8bbed060f29e5d36edafd5fa25b7c,897085,3431709.0,616.0,0.00018,1,2,205
2025-05-17 10:07:32,2f82ab232118e67343058e6746e2b2261551adab1184303bf5104729be95ecc8,897085,3536325.0,616.0,0.000174,1,2,205
2025-05-17 10:07:32,5ab1f7481735c4972e74db46cd3655cac3d8105628efda885c1a4f0f49ec1f7c,897085,420911.0,568.0,0.001349,1,2,223
2025-05-17 10:07:32,fede6f91621e76eb97385414e68deeaf95395947ba6cd27287fb453bf110857b,897085,4682.0,892.0,0.190517,1,2,223
2025-05-17 10:07:32,70a3866df6223626ecb3834b239f446efabe71c3767dc233b9deaa4c2c02c57a,897085,11091.0,440.0,0.039672,1,1,192
2025-05-17 10:07:32,5126a4bd9de83626814c59ba06deea35e2c46aaa7fbaa155094a11bec010147a,897085,103909.0,836.0,0.008046,2,2,371
2025-05-17 10:07:32,e74fe5e8d911d3dbd6fd2070715d4d1a77b273d5768130d361bcbc765087a379,897085,288480.0,616.0,0.002135,1,2,205
2025-05-17 10:07:32,c93186a0a3046191b95d8018e1be834f7275039d26fb516c092b18370442a279,897085,101691.0,564.0,0.005546,1,2,223
2025-05-17 10:07:32,d707b217c2f44cba1698ef8beda2e3771c3822db136815492052043d96e55079,897085,107900.0,848.0,0.007859,2,2,374
2025-05-17 10:07:32,0bfc0b2dec2c0b9857e273d78825360ad5b948d96e4a21c6fb20dbdb2094b678,897085,1247324.0,564.0,0.000452,1,2,223
2025-05-17 10:07:32,23dca5821e696c4b70f3596a8d55e8a2c1df8afcd32ff2875e9a385366feaf78,897085,6323948.0,564.0,8.9e-05,1,2,223
2025-05-17 10:07:32,07d15435958bf5dde600d8229ba4aa75ba993076b975d8ad16239e0b6b358c78,897085,307769.0,836.0,0.002716,2,2,371
2025-05-17 10:07:32,3f8ffebb120399ebd53ce4955d22dec2f14b978446d70b214cfb276b41e41076,897085,230565.0,452.0,0.00196,1,1,195
2025-05-17 10:07:32,7576f43aaca521a03bd4d03f341a4a6672e978c35947b9ccfbcef33f5cfe0676,897085,1843340.0,660.0,0.000358,1,2,247
2025-05-17 10:07:32,32778b37412a7f36644d215a7feafcb331d01bfb1302fe55f2bdd9dd755cef75,897085,157857904.0,660.0,4e-06,1,2,247
2025-05-17 10:07:32,841ef8452f6b296ebf734f34628b890c4a854ecee99371a3ddcb256f07a3ec75,897085,1972427196.0,576.0,0.0,1,2,225
2025-05-17 10:07:32,df9708fb309c649c5df8c7c92e8ccaca47d3dbc315e30160dd7f42592cc8e075,897085,599368.0,632.0,0.001054,2,1,258
2025-05-17 10:07:32,4183f22ac9e55aeae4e51bbc0ece5cda011d93f0af9ff7a2ad469c7ad3f10675,897085,253004.0,576.0,0.002277,1,2,226
2025-05-17 10:07:32,5cbf6a9609c9b755c4483d89d45ac8e2e982e37924e3c6262a8d3c528d4bf973,897085,9755.0,444.0,0.045515,1,1,162
2025-05-17 10:07:32,f9a7b15ee12081b262fc75d0b1dd00c85ea4aa3bfa19a36252615eecc480a372,897085,6610.0,5948.0,0.899849,23,4,2627
2025-05-17 10:07:32,f8cb624ed6b40950db61c6706cb33bb1d4061508317301ad69f0a00381e8c371,897085,130874.0,564.0,0.004309,1,2,222
2025-05-17 10:07:32,b2d7866ad377f7fbe0a8e1e93336c8e17af28260db44684a66a6893c4070a671,897085,679836.0,564.0,0.00083,1,2,222
2025-05-17 10:07:32,ddc06aad6266768a3f273cd70872e514acbcf4a18e1b903e9ba7de36fd8b8b71,897085,12190203.0,576.0,4.7e-05,1,2,225
2025-05-17 10:07:32,cb3b39d4089de475dea8f76291db4d2487a3525a06011cb75ab8e6b7d86a7f71,897085,662292.0,708.0,0.001069,2,1,339
2025-05-17 10:07:32,f0839c7b6cb991943f53e067b13f858b2b883d7daef0068d7a0a474968a6d570,897085,567158.0,572.0,0.001009,1,2,194
2025-05-17 10:07:32,eae3b8a29e326e92db14561aadd03585a30a27c1842b89d19a163c6500c30270,897085,47232.0,768.0,0.01626,1,1,192
2025-05-17 10:07:32,588d7618fd7c21aa4fee154cba5ad51db66c29691d1d77a026daac5a5028a86f,897085,933049.0,724.0,0.000776,2,1,344
2025-05-17 10:07:32,ee9428660cc36420d623e27bffa3e569afc4d5bb5838c501f7f091e76410a76e,897085,13506585240.0,612.0,0.0,1,2,234
2025-05-17 10:07:32,d3032e111cfda0ec78e8d2d69dc074b7c539844b0efabb8ebba5c21dead0106e,897085,5365.0,564.0,0.105126,1,2,223
2025-05-17 10:07:32,67fd6f696c6d0079048480f9a93690c230a870a4820e6a019f47c2c93accac6d,897085,288555.0,612.0,0.002121,1,2,234
2025-05-17 10:07:32,757d586475af85ad72725e8d4d4a80584d03414b88c2eb409d66534ea7ddaf6c,897085,138924.0,576.0,0.004146,1,2,225
2025-05-17 10:07:32,a264ad937c310aa5ccbb86e689c66c28a8c7dd3c67292073d521a581f1201c6c,897085,94503.0,712.0,0.007534,2,1,340
2025-05-17 10:07:32,37c7e5f7f92ce005cfef8ae6b50eefcdbb4cd6a7326b8c17388339adac7ad46b,897085,2524326.0,2512.0,0.000995,6,8,961
2025-05-17 10:07:32,542d610cb4f9c1071333b19d0fb15768c087f6ad8fac6d02e5a20edb813fe36a,897085,4803534.0,836.0,0.000174,2,2,372
2025-05-17 10:07:32,abd6d729b175955c79050844ebf9f8d376d47f3bbd9c571ccc276f9b5b01b06a,897085,2033413.0,564.0,0.000277,1,2,222
2025-05-17 10:07:32,77f4f7f801b9487ecc47400f051c1a44705934c73c5f4e784cc84761415e826a,897085,4999336.0,664.0,0.000133,1,2,248
2025-05-17 10:07:32,df0e0aced1f25e1f7af06a7533b7394f167792b2cedf9018ce0024988481f169,897085,1236246.0,568.0,0.000459,1,2,224
2025-05-17 10:07:32,ccebe738efdfa9b85a3cf5a8a9201c9b10d82b35ed8f61865ea65c4c67359169,897085,50338108.0,884.0,1.8e-05,1,3,411
2025-05-17 10:07:32,a01887898e16d74700c6cccbbcc8cf1a5e68fa32de3af611e3d56795e5c90d67,897085,149263.0,724.0,0.00485,2,1,344
2025-05-17 10:07:32,12fce7f77d79c985c05a1c8e38bbd812c09910febb76c2f7ebf3cf8a2c056566,897085,1387910.0,440.0,0.000317,1,1,191
2025-05-17 10:07:32,22af196f6030a45597e4029541f6d7ae67409295f027780bcad7296d35e27761,897085,262431.0,564.0,0.002149,1,2,222
2025-05-17 10:07:32,069edfb4b897d13cc356ac2b08dbe3826b68b77626f8a7fd82046d8926d73961,897085,155807.0,564.0,0.00362,1,2,222
2025-05-17 17:52:33,096701fb2de8be4251f6b9006c99ecec2e3c767b185525060711958dfed0752a,897134,450129.0,892.0,0.001982,1,2,222
2025-05-17 17:52:33,5b1c8b141eaf7936f307d01d51af9228d9bb3d3d4914e627f8767cf8023a2e0f,897134,93585.0,892.0,0.009531,1,2,222
2025-05-17 17:52:33,25c34983f2c21ec76fe27df8e5738b19867d59f3a070820eb4a556028b590809,897134,44533.0,892.0,0.02003,1,2,222
2025-05-17 17:52:33,08f730ae2d69e4f5893f8c04f38f6b3d887d9af564f44c0f2918d25eb59c5c7d,897134,34508.0,852.0,0.02469,2,2,374
2025-05-17 17:52:33,c29a86ace6147775aa8c962fa577c930984748bcbed6160a4c5b0f86915ac1fc,897134,175358.0,848.0,0.004836,2,2,373
2025-05-17 17:52:33,5979ce7b3de85106f85310cd3c9e317252e909ed4d2d03f6aead855fdff7eba6,897134,123331.0,848.0,0.006876,2,2,373
2025-05-17 17:52:33,725385e610363b9152e4f9d2b2b08b5805d16f9917bb1448ad46f82fe1d2f815,897134,28355.0,1375.0,0.048492,1,1,162
2025-05-17 17:52:33,be03d2b52569795cd681a9d074db8b98e2d7c7b56f30b31e447ed416f3d6140f,897134,759663.0,309.0,0.000407,2,4,440
2025-05-17 17:52:33,e5103efece506f91c558f934570d7450da2b8034b9996d1d56a1f5930a8b76c9,897134,939160.0,840.0,0.000894,2,2,371
2025-05-17 17:52:33,9c94daf722c1e0e0c97bf2c159976a945c3b36d1876e66a3d278a2d9c1880c92,897134,1082313.0,840.0,0.000776,2,2,371
2025-05-17 17:52:33,6337ac16771d8165b228e0ed46abcd9011b1a73dbb8798caa1497e7b481f3566,897134,22902.0,840.0,0.036678,2,2,370
2025-05-17 17:52:33,9096d3ec80fe6c61e24ec098bea55726f5190c1b5ccfad96a733db793e99682b,897134,343160.0,840.0,0.002448,2,2,371
2025-05-17 17:52:33,e6b3f21082b9cb6c2677c7bf5e4766c6ef93ac96aaff11e3b006be3df29e05e1,897134,48210.0,836.0,0.017341,2,2,370
2025-05-17 17:52:33,4689fd45326a0dcefabd4235722c4f12542274a03b5ea3694af1fc6b59326cd9,897134,1026171.0,836.0,0.000815,2,2,370
2025-05-17 17:52:33,0fce9d1dc731d5ae066a37670560af1e6d5d21a21d1b9d0f5afd4cc3186649b2,897134,1109439.0,836.0,0.000754,2,2,370
2025-05-17 17:52:33,bdf6c5a692ad24d170edcb1cc80c530c05efcc884bfb54865c769f55ba49e0ae,897134,1038742.0,836.0,0.000805,2,2,370
2025-05-17 17:52:33,73eb3f8cb6a5cd67b83f388ecc918118f53b1da289a66a52cf19f2c5a30021a1,897134,1581311.0,836.0,0.000529,2,2,370
2025-05-17 17:52:33,0141910b6dae8faba87788e10f03eda9eb6bece18c1eb342eb6775efb7df0098,897134,1543349.0,836.0,0.000542,2,2,370
2025-05-17 17:52:33,9b933695170148b86b90a462b5e4ced0f8393ceecb554ea5347c52bfc582e097,897134,1048935.0,836.0,0.000797,2,2,370
2025-05-17 17:52:33,1e66ab776a4d4a12ce72986288d8f2deee8b67e1cf8dc96b4dbf28e552d4129a,897134,1084746.0,836.0,0.000771,2,2,370
2025-05-17 17:52:33,3ef74805cbf6e0479eee408a56f687ffe6a63a683756b6a5069a0fbfc97aaf96,897134,361524.0,836.0,0.002312,2,2,370
2025-05-17 17:52:33,a6bffcfe86fe2e70a41eb64cb72f0c7ad98625538ee8d4df9534c26d9e860679,897134,337292.0,836.0,0.002479,2,2,370
2025-05-17 17:52:33,1907d857e1a6a225f2dfb1c47abfa60919c94c0803b00f8b9d25b9d58ba2f430,897134,1024161.0,836.0,0.000816,2,2,370
2025-05-17 17:52:33,b9ed1016b243419dd4f223a663e6572b2cac22c65e53cf8cf8476f35384a4e83,897134,1095480.0,836.0,0.000763,2,2,370
2025-05-17 17:52:33,7f4823487e736fab25865183287245070ee75245b8e23ecacf84b2a19e58a408,897134,31764.0,836.0,0.026319,2,2,370
2025-05-17 17:52:33,ac828621126b6dbf24900eac9f1117e73bbe11f3891a2da190eef4c0016aeb1b,897134,1749644.0,3256.0,0.001861,6,5,1951
2025-05-17 17:52:33,49df0be43432df7b8e2b2d61775536e82ab14ea2f5588688b51569f1b8ce110f,897134,878833.0,1496.0,0.001702,2,2,372
2025-05-17 17:52:33,35923f870002ee3f8d26c9b573757988e8f40ad2f00466f9db086b77cf18d433,897134,881175.0,904.0,0.001026,1,2,225
2025-05-17 17:52:33,e66db3827ccc317fe7c954692df6651897ad8681ee3183fa8ad7e204e66c7464,897134,17252.0,796.0,0.04614,2,2,329
2025-05-17 17:52:33,299abb82cb03ead14b1eec53ac5bf13659d3061f9b1f04d3cd08ded47192a45a,897134,8440.0,780.0,0.092417,1,2,276
2025-05-17 17:52:33,84aa5706d482c95898e4d7df92ab31ae1a6c90ceeba5eaa897bc162b42dd74a5,897134,26448866.0,772.0,2.9e-05,1,2,383
2025-05-17 17:52:33,9a7b2606db1bd9723585313043c7121c26dbf40d53294b2964991989c6dc4211,897134,39712.0,1259.0,0.031703,1,1,151
2025-05-17 17:52:33,94a80c50a47a35f52d562b2f4349cb266c60ece1f493295bca85178e86585f72,897134,76509.0,285.0,0.003725,2,4,416
2025-05-17 17:52:33,e4e589cb7048e93dcb9b5d2f77fe21a4dafecbe7147a7853638ddef39e1163fc,897134,159232.0,768.0,0.004823,1,1,191
2025-05-17 17:52:33,2798d1b9cf533dd29e7caabb1f0c7e3d688776ae8d033eb7ac5595def8fac8d6,897134,366700710.0,768.0,2e-06,1,1,191
2025-05-17 17:52:33,35530ea45b71f95c30b7b2277179185148bb715ce4f7ed19451d6011ee18de0c,897134,227763.0,768.0,0.003372,1,1,191
2025-05-17 17:52:33,8f85d2f31db4d3e27e03a2ee934d4873001afbcd6e8e05f9a15a213e04dc3672,897134,18389532.0,764.0,4.2e-05,1,2,380
2025-05-17 17:52:33,15be0b8c09793ca206f28b4099342bbbf55772c8a5349f855308595a6170edfb,897134,34953769.0,760.0,2.2e-05,1,2,379
2025-05-17 17:52:33,8fd25cd72c76d8cfc145915d8bcb13e2ed8cc60cfab29f01a637e271874332f6,897134,52094.0,760.0,0.014589,1,1,189
2025-05-17 17:52:33,002f6dc1db14cefbf6af6e75bbeabc6d427ee0eb658aff5ee862c525dfbced9c,897134,65533158.0,760.0,1.2e-05,1,2,380
2025-05-17 17:52:33,d4a64c980cca9b7f9b63a480d778ddd44e25445c5d18a2a9d3e19718e3619766,897134,92585860.0,760.0,8e-06,1,2,380
2025-05-17 17:52:33,e76c8e360d65e8da1c9eb935732ba2d54d7e764f572b31acb003fa0f19335f09,897134,33847871.0,760.0,2.2e-05,1,2,379
2025-05-17 17:52:33,0fe011cbe2250d79c1f5a81201f36203c001c6987f226ff86374bc7e2181cbf5,897134,295827.0,1110.0,0.003752,3,2,518
2025-05-17 17:52:33,06f70c57eb6c09ce037dec5c6eea4f4ef98a4bb9b64b6e65f42b11751000db3b,897134,3787926.0,896.0,0.000237,1,2,222
2025-05-17 17:52:33,ab97bdb7ee5c13f0a2f1f477b6eadc9cd8be7a13ee5762b017b0a0cccc468d65,897134,3808222.0,896.0,0.000235,1,2,223
2025-05-17 17:52:33,02e87f09dcf8246b5e58703cd12f27d099104f2cacb073f73f858ea661c56185,897134,3818818.0,896.0,0.000235,1,2,223
2025-05-17 17:52:33,7334afc68212d74656874aa76da965836a55e831812617de5a2d647c6d636cc9,897134,3829414.0,900.0,0.000235,1,2,224
2025-05-17 17:52:33,e3bc28d0b6405ae4ae224bfda78683a17d0b3927431b41a49b6bd4528eb84f2c,897134,300710.0,716.0,0.002381,2,1,340
2025-05-17 17:52:33,6e81683c6dac10c6589af74de9ffa053017ec24d9570322b2dfee165ca5d09f0,897134,2375980.0,712.0,0.0003,2,1,339
2025-05-17 17:52:33,4073b177b9ebb6308712e6653de38252ceadfc8e93d3b7ec0fb19fbfd968f571,897134,290468.0,712.0,0.002451,2,1,339
2025-05-17 17:52:33,26eea5098a3adee4b2a9a0f21937dde280d09652f031f02296e58e76109d4e29,897134,315134.0,712.0,0.002259,2,1,339
2025-05-17 17:52:33,e2d4306a149a573260393951a93f986e1500f3040fb55b67c79c281bfa8957a4,897134,675527.0,1396.0,0.002067,4,2,671
2025-05-17 17:52:33,0cdc3b23e1d8fb45c134884be2492c52ef943c675a6d861b04e584622c606c9c,897134,7553389.0,2080.0,0.000275,3,2,517
2025-05-17 17:52:33,353db74b6834ef913d66ae933dcd22fcab743fe3c0e038e6ca0ca615b89ed52d,897134,345593.0,1384.0,0.004005,4,2,668
2025-05-17 17:52:33,1a6595f94de3e5380fc077df8dac1ba72432e82ee470ec2067c632e12126e965,897134,412.0,680.0,1.650485,2,1,269
2025-05-17 17:52:33,457e3154693e38b8727d36c213aa6cae0a87c794257a93f9be7ad776b035ad4f,897134,583917.0,833.0,0.001427,2,1,422
2025-05-17 17:52:33,a3e46c28c869a9865b0f8c101da45799a5fcc3c72d8c16bd621a3115f391e05d,897134,121463.0,664.0,0.005467,1,2,246
2025-05-17 17:52:33,c74c16b3ac8825172adb9a3dbb05acb7c18076a25dbb64e667444afedaf39429,897134,93819.0,664.0,0.007077,1,2,247
2025-05-17 17:52:33,cb8ff1be1d8758bebf33b18527e9f5ab7da7dc5763988c03208c304ce6cfbc11,897134,949435.0,664.0,0.000699,1,2,247
2025-05-17 17:52:33,84a4ad5e8cfbd8640e18cb6b8bdc92a61765c4f2cd527b361dcebdc7ab86fbd1,897134,4933161.0,620.0,0.000126,1,2,205
2025-05-17 17:52:33,a96ede271080fa556b3add039acc30795406361d43c87871ae452a7ad1f96758,897134,840309.0,620.0,0.000738,1,2,205
2025-05-17 17:52:33,9325b8494ed70872ac4482f34372d9021fa1261b31fb8330cb21f1d2f13fe549,897134,18026620.0,620.0,3.4e-05,1,2,205
2025-05-17 17:52:33,efffb88e7937450b51964aacc3297624af9f83f720ed8aef2de77d27d9fc5d2a,897134,768426.0,620.0,0.000807,1,2,205
2025-05-17 17:52:33,06bc04b375ccd22da73180da948725754610c65b0184e542208016aa2f31370f,897134,697774.0,896.0,0.001284,1,2,222
2025-05-17 17:52:33,b47f6aab5fa2f4c470b27a3a3a104afc081a8cf80d7cd4e0a445e0fcc7b66602,897134,703522.0,896.0,0.001274,1,2,223
2025-05-17 17:52:33,584c8ca714885ea9a36aafc2ac5e4206247192e422bc79359b5ae9d8850d4ac5,897134,1736.0,1144.0,0.658986,4,1,483
2025-05-17 17:52:33,17d94d6967b584adbf477dd372dbea23dabaca9268839ff5f7bd65d6f7cbd2b0,897134,8526617.0,572.0,6.7e-05,1,2,193
2025-05-17 17:52:33,8fb119997d26645706248cb353478ad3e7ae7f5820793df814353ad2cf6d73d4,897134,10846927.0,564.0,5.2e-05,1,2,221
2025-05-17 17:52:33,0ea16d4fb22fc1e60e14382439e880d95ec5d51d08e7d95842ab3a829336a47b,897134,33992.0,1112.0,0.032714,3,2,518
2025-05-17 17:52:33,838af96981be0f2705853fa766e3b89e92d82f7696480d1730074f3717cf1b17,897134,1203959.0,1112.0,0.000924,3,2,519
2025-05-17 17:52:33,ce1422c62e63c9579c9b6b8332663bc415e4ea5f0392127cb5740b204dd43881,897134,298940.0,1487.0,0.004974,2,2,369
2025-05-17 17:52:33,c1984091f0c994797ebdc1f79397d03b41cbf50fe0edbacb59439791d82824e0,897134,520267.0,578.0,0.001111,1,1,192
2025-05-17 17:52:33,e6c552542023438bb192822548079c8200520a7c734c47180fde5eb83770ac64,897134,530566.0,482.0,0.000908,1,2,234
2025-05-17 17:52:33,ddf4f88e2110264b0fd9da7f6a3ae8f6c2fc3e1290f2d6880aac4800373adcce,897134,2581123.0,1000.0,0.000387,2,2,494
2025-05-17 17:52:33,c0567d3bd16be11783f303266d28baba2670538160da5c040d8550e65feb678d,897134,794561.0,1480.0,0.001863,2,2,367
2025-05-17 17:52:33,2a79669c1c9915c7d3b22f740bdf511c5ada833f54e450bade5aec03ba21b035,897134,10123014.0,944.0,9.3e-05,1,2,234
2025-05-17 17:52:33,b1da2ebfdba03a20f06302144afa3d6189c1d4e400e658e3db3c28c3d13c470c,897134,5750.0,4624.0,0.804174,19,1,2088
2025-05-17 17:52:33,ab3497e33565f1bb5c4b3a0713f45900d754fda578f389679b61ef350572a672,897134,782602.0,908.0,0.00116,1,2,225
2025-05-17 17:52:33,27aef524e9d2397c2db974dd8bc7eb4213e4411989c768abaf32351bc52bb8db,897134,997072.0,900.0,0.000903,1,2,223
2025-05-17 17:52:33,1eac123da54350d49e03cc44770ee9a5c17b879edd430cdcdd0ffa61664d18f1,897134,4997972.0,908.0,0.000182,1,2,225
2025-05-17 17:52:33,bcfb04073059e5416ff4bd86365527f6d07e7aedd40b5426f8bb9214912c9dc7,897134,14144.0,452.0,0.031957,1,1,193
2025-05-17 17:52:33,a06ed66d6e56c2c576335a83666522f3a29ce196b193f744eff7898e14c9c68f,897134,1123352.0,900.0,0.000801,1,2,223
2025-05-17 17:52:33,3d8278a581a49bc513fcfa184de4cbc66b8606de820ff6fb9040241aa2ca4bfd,897134,6180212.0,896.0,0.000145,1,2,222
2025-05-17 17:52:33,359be7b4d127c1e24f6e1bb2311989bcf1bfafc4fa78a9263ac2194754b10af3,897134,195101.0,896.0,0.004592,1,2,222
2025-05-17 17:52:33,82434e2bb7c92172e9950061a21685cc517bb556f449ab0eec2011b32e1b43df,897134,114575.0,896.0,0.00782,1,2,222
2025-05-17 17:52:33,2acb921d30b1b23c0f50444cc6d6605b0e9569bcb8ae8519f6e59f50ad6f1cd8,897134,456361.0,896.0,0.001963,1,2,222
2025-05-17 17:52:33,b0c9531e4a73eef7e7fe722f46487d982beb80c41ba0b50506a20d5211fdbec2,897134,957128.0,896.0,0.000936,1,2,222
2025-05-17 17:52:33,5c28c82960455de45f6b33570968e25c45d014b11c1e21121e50fb59e96e4cad,897134,27648066.0,896.0,3.2e-05,1,2,222
2025-05-17 17:52:33,4a6fa37799d815384a15583145f58e262679ddc66d85fc5cf4e8a7bab74d7a98,897134,785046.0,896.0,0.001141,1,2,222
2025-05-17 17:52:33,5fbb8effa2700847734108f1a665497b6371b575efbf3b75634ef5e9b8083be6,897134,800514.0,896.0,0.001119,1,2,222
2025-05-17 17:52:33,2ee007d0d9b9667509eb7b8dab2e809b82b0298456527fc2a9449bb6e6ba7598,897134,498777.0,448.0,0.000898,1,1,162
2025-05-17 17:52:33,a6e01061717b7bf62fea77eb975e0bddd320f64b10b5010d1ef9c0bbe8e43e94,897134,291221.0,896.0,0.003077,1,2,222
2025-05-17 17:52:33,25dbf5242b0664e419920cbce41bc2f5a54a5cc1044982fd06643e9308bd4e93,897134,356137.0,896.0,0.002516,1,2,222
2025-05-17 17:52:33,852d78ca9628ebab01260f5634ecf612db6f99f167ce94bf26650b536df78183,897134,1315074.0,896.0,0.000681,1,2,222
2025-05-17 17:52:33,fed820d97de4134a5960ddd2a5a5afe0e0d747b3bb630e7233deb204faa16469,897134,1260947.0,896.0,0.000711,1,2,222
2025-05-17 17:52:33,f9681a9e47957590e2c00576a0ef1d1ef08558230471c7654b907572ee17720d,897134,822186.0,896.0,0.00109,1,2,222
2025-05-17 17:52:33,855725e16b775d542263bc70cafba21bd9d9bb796d6b9fd70b5b9c7509748ae2,897134,224204.0,450.0,0.002007,1,1,192
2025-05-17 17:52:33,2da48132df08e02b45808ffe2eac30473a1334b10f1b1613b14c84904e784bd9,897134,1224655.0,1108.0,0.000905,3,2,519
2025-05-17 17:52:33,fb5960e0d014faaa3e3e7b68e5d7138ddde58d19254628bb1536263850a38835,897134,165818.0,868.0,0.005235,1,2,406
2025-05-17 17:52:33,c2194bdd76f1ca96af136d0ea8bfd98bb17498b9cb71bc417a579f5ee2388cef,897134,79135.0,856.0,0.010817,1,2,402
2025-05-11 15:59:08,4b67e31bd381b03040b1759f7950cea7c6309dac01c7a91388b5ac8779ff4c04,896278,3606883173.0,170.0,0.0,1,2,223
2025-05-11 15:59:08,2a9264d17d8b01f52638c2681a65218dc22612792f138fc066d4b26a5dfece5b,896278,45894136.0,206.0,4e-06,1,3,253
2025-05-11 15:59:08,dfef6f56efdecbddb46ba5030fd9933bbc4fffa0d6bcf4a3f500e7e83fead951,896278,737985902.0,206.0,0.0,1,3,253
2025-05-11 15:59:08,6b67a57c345f3d1d7eb39549791953af4d63cd26db9aa02f5a177612a0cb7a58,896278,1573864.0,284.0,0.00018,1,5,319
2025-05-11 15:59:08,68529adfdaa69a914ac0c297eb8777640c4f577b250fc4c401d684659665c0ef,896278,847276066.0,169.0,0.0,1,2,222
2025-05-11 15:59:08,810b1ffaf69880f00faccdf2f00fc9af7c57a715c78b3022c7f180065090d2eb,896278,5137127.0,169.0,3.3e-05,1,2,222
2025-05-11 15:59:08,b2d3d105c8075d7f64cdd945d883f19a06df36295692d0c18e58ddf8b8d1dee7,896278,204362.0,169.0,0.000827,1,2,222
2025-05-11 15:59:08,dfa37194679b872abc6de86d1564e0f87b01ee7142b766ce2538b46d21049dd9,896278,56914877.0,169.0,3e-06,1,2,222
2025-05-11 15:59:08,a60cce79308be412872e9125215371b424d9084387c9c3b99884cacf42890ad2,896278,7685749.0,169.0,2.2e-05,1,2,223
2025-05-11 15:59:08,4ced13e9908ed4d56e7a0a0d46f18a5c6c2e128c202a9ac75bd324422e3be1ac,896278,1726238.0,169.0,9.8e-05,1,2,223
2025-05-11 15:59:08,1c22f4e78f13e0df59240f780360f0c1d935d71535b52d370e4fa6b81f6705a5,896278,645672.0,169.0,0.000262,1,2,222
2025-05-11 15:59:08,5fa7be5301643734a3e9443313246c65e7d05de6ad975790d5487f95e74b0990,896278,17645183.0,169.0,1e-05,1,2,223
2025-05-11 15:59:08,118b1f13489757398ce53ea6c14a65db9df3b1df48fb5c9a9c67f58507de0474,896278,174571004.0,169.0,1e-06,1,2,223
2025-05-11 15:59:08,76d69ed39e5515865242b3b763f88b74735bd03bd68a853d5cf7ffe83ec809da,896278,174723026.0,169.0,1e-06,1,2,222
2025-05-11 15:59:08,3346d06fd1d0aa78abc12239ebc329abe024a9b08194d89166235d8c15754e59,896278,7048810.0,169.0,2.4e-05,1,2,223
2025-05-11 15:59:08,0dc845896cf832e0f5ad646d18f1977c1f63e09a84c859294e65eaa141e5c156,896278,38585670.0,169.0,4e-06,1,2,222
2025-05-11 15:59:08,a336bb8f72533b472ae62b2e2dbad0f952484636397810d1f0b587048e201f35,896278,17346315.0,169.0,1e-05,1,2,222
2025-05-11 15:59:08,673786d998181a8fae929af8460b8f8ec66c250352f10aef0374aa750199a631,896278,19099439.0,169.0,9e-06,1,2,222
2025-05-11 15:59:08,1cc0179fa85df3e250fc990c3d51baa09a54af3eaa55e7fd239247ece7844817,896278,13375302.0,169.0,1.3e-05,1,2,222
2025-05-11 15:59:08,f35e8b4718a352478c3d5b67a70cb45952c7a4f7991af204f10703baa0000c13,896278,174769056.0,169.0,1e-06,1,2,222
2025-05-11 15:59:08,32f0a8ea48315586c654bbcc105ad0f2d890e3d13b510f7b583d37b67f8c05c3,896278,174786564.0,169.0,1e-06,1,2,222
2025-05-11 15:59:08,20e9c222fa96805a3eaa543eb3dc45b0305d14972be5bc995be59896f16cec0d,896278,10290255.0,169.0,1.6e-05,1,2,223
2025-05-11 15:59:08,6026c9673223290852dfa8c24b2af1c763d92367ca756b5ed1844f944a22ea09,896278,3212616.0,169.0,5.3e-05,1,2,223
2025-05-11 15:59:08,d650fe56c04582a87553f214a18b41565f1af8942200a8b4f268e0a98822a5f8,896278,2284.0,240.0,0.105079,2,2,300
2025-05-11 15:59:08,2392bb03172b39dc84c420ca5de24d47ec361d93e5251d63fafecd2c0be00ae3,896278,174944.0,254.0,0.001452,2,2,313
2025-05-11 15:59:08,ab9006c3a6f3d8049cdf9cfbf53331dd0f3280d133803cbc3967a6707c0b198a,896278,321979.0,235.0,0.00073,1,3,278
2025-05-11 15:59:08,d66a95067a122b8a5666ab7803c2426e99a9e34d916b82fbabcfde5040855255,896278,670326456.0,173.0,0.0,1,2,226
2025-05-11 15:59:08,b6f1bd23457db462ada807dc155c2a739b15f263792a82456a8226e193c9770c,896278,670340259.0,170.0,0.0,1,2,223
2025-05-11 15:59:08,e3303af6e1eb219cb39dc13fb365284dd17d37104ab123ea42fcb9605a0bff47,896278,1126.0,240.0,0.213144,2,2,300
2025-05-11 15:59:08,17becc932546ca87c27abff7ee58e1c8f12ca0fd416f8a72cab8b37421b7d6fd,896278,20701.0,240.0,0.011594,2,2,301
2025-05-11 15:59:08,8b2aa628d742b54c98fa2a7bef605dd57bed553d1848fb756c939d96508a1e63,896278,38051.0,235.0,0.006176,1,3,277
2025-05-11 15:59:08,f4cafed9391b746ca58321b26ea29829a3e9e4961660f03d3b8dec33830443f2,896278,36280.0,132.0,0.003638,1,1,192
2025-05-11 15:59:08,0a9e15ec959d05ed6f752b78a3b52f783b0e924e83fb00ee25e86bf0eeab6de2,896278,19808682.0,318.0,1.6e-05,1,6,347
2025-05-11 15:59:08,b384577522125d4dcae21c86406e52080ec6f62f36dfb7fcb2a5b91d6b268fa2,896278,4344506.0,173.0,4e-05,1,2,226
2025-05-11 15:59:08,786376f73b4ea9114ef5596d88bf78dac59d0539511dc5c966eaaab407a72b19,896278,4509810.0,169.0,3.7e-05,1,2,222
2025-05-11 15:59:08,65fdccb5a416294277e5cc5380e4265b0b8c0e7c0957bb8564309bc6d57cb089,896278,109064.0,132.0,0.00121,1,1,191
2025-05-11 15:59:08,c98f23f06a16c5656837e5daa07c74aa494d612449583cd2045ff2a3f0566470,896278,143538.0,132.0,0.00092,1,1,191
2025-05-11 15:59:08,72a6dcbecfb9e60810023bcbb948be2b8cf723076e33e943819ca09d59b6c241,896278,43217.0,132.0,0.003054,1,1,191
2025-05-11 15:59:08,3d945f8f706edc0bc744d49396170d03a7a3ad7218d4b2df7f644b44cfd65735,896278,1055.0,240.0,0.227488,2,2,300
2025-05-11 15:59:08,8357078a75ebb286c57e44ce72618027aa9cf08ce1ba34f982867be608920135,896278,2049907.0,288.0,0.00014,2,3,403
2025-05-11 15:59:08,5c5c5a46c67862f8488ff1bf3c665aa74996693230ba6d78b42a2f13d9314c17,896278,47780.0,132.0,0.002763,1,1,192
2025-05-11 15:59:08,70d1635a65056f03192c27cba374990b425d8d88bec3d41466a3db94e6009510,896278,14299777.0,414.0,2.9e-05,2,6,507
2025-05-11 15:59:08,a746b31757743a791278f8b847857feecc3576a51361245a0fe8db12f38c68e4,896278,860155586.0,485.0,1e-06,1,10,485
2025-05-11 15:59:08,a9d5eb99b5f49b7af7bd8cd061884273bec9934dcc2a45fc91b1aaed0526375c,896278,10355872.0,184.0,1.8e-05,1,2,234
2025-05-11 15:59:08,c2ef6fcc451849a7f5cc8bbf7713f72ac394a039f4a38bda75ae06aad41af5f6,896278,10376533.0,169.0,1.6e-05,1,2,222
2025-05-11 15:59:08,5fdcbea972846d6c53655ddfd6868087011806d07b0044c1b2b827619d23a806,896278,1574586989.0,550.0,0.0,1,12,540
2025-05-11 15:59:08,bc4f4bf278598bc8f7fea229cdbcae593693b365572cb8075508edd48f8cac46,896278,566057.0,251.0,0.000443,2,2,371
2025-05-11 15:59:08,462fa6529647d23939c451cd7f44f066161624114c3aec6c0f9ccd11fc8d3220,896278,11183821.0,251.0,2.2e-05,1,4,291
2025-05-11 15:59:08,b4908d007fe15a0ead3bb393b69cc67e50e779c85fc372be6e5851008948abbd,896278,836869893.0,221.0,0.0,1,3,265
2025-05-11 15:59:08,66ae3597797a76b1869cd8f1f23de5ba9f7209e72afe4700f97a4967f57939ee,896278,4979179899.0,173.0,0.0,1,2,226
2025-05-11 15:59:08,a8ea6f7e129c729ebf2bef326ab78407fa16c877d7319ccf9bcd9b80bd7905da,896278,1816368339.0,173.0,0.0,1,2,226
2025-05-11 15:59:08,efb48f0adb40917bb1d77612f76ec54eb8d8e25ec03805ee1db94742a121069c,896278,76745496.0,173.0,2e-06,1,2,225
2025-05-11 15:59:08,19940244ae384c4a6fc2427c61e432e179a823cd187d1eb826f66ffd69131f61,896278,518923200.0,173.0,0.0,1,2,225
2025-05-11 15:59:08,fb815295650dcf502710f102086e04f1171a80a45141cec33cd55ff160ac3425,896278,230114.0,173.0,0.000752,1,2,226
2025-05-11 15:59:08,d41eaeb092f1c1aaab440a9f41d72cfabff43268b7c06318809dee201502a24b,896278,29515.0,253.0,0.008572,2,2,342
2025-05-11 15:59:08,46870f7208556dd446ba82a354a2540f871efabc4361b2bad89f7a576a0b844f,896278,41976.0,235.0,0.005598,1,3,278
2025-05-11 15:59:08,66a6744e9152c5fbe208401e8c69a54ad2d66d33a8986d19651060dab1a2f417,896278,320281.0,410.0,0.00128,5,1,590
2025-05-11 15:59:08,5f7cc0a34d522d5b4e56d42698f6cf2bc303677dabf9801572999bb3fd0e7afa,896278,6391478.0,184.0,2.9e-05,1,2,234
2025-05-11 15:59:08,6b9058b5a78b7cfbd1df0c1e407b0d80deb6242ce9d9ddf65dcec95158647cec,896278,19397843.0,184.0,9e-06,1,2,235
2025-05-11 15:59:08,cef3c85631bfa8b1173f96c017e36b96046d1adb379d0461531dd927d3c909c1,896278,1238740.0,184.0,0.000149,1,2,234
2025-05-11 15:59:08,e9e7534f11432796da47f3046b43988620daacddf9959c20446722678b809039,896278,3804969766.0,184.0,0.0,1,2,235
2025-05-11 15:59:08,5b96d12f318430156eea05106c8bfd4ffc348a05c56aa9bb507cca175f5ada35,896278,1136204094.0,184.0,0.0,1,2,235
2025-05-11 15:59:08,f66113caf92a5d02c05774307910da8326c0a09b5e75f6fbe94505b0638ffd7b,896278,234889.0,272.0,0.001158,3,1,376
2025-05-11 15:59:08,9dc354383bbb709809a579d871aae8f02c4ef575ead6ca4dbb10631868817c47,896278,767053.0,624.0,0.000814,7,1,1085
2025-05-11 15:59:08,7553c687f52ffc7e9ae8e387dd082dab4615e92e574db31effa3918884f0db84,896278,115394165.0,910.0,8e-06,10,2,1563
2025-05-11 15:59:08,4fdbdf071f34036d9b203d264164c84fd3ac9dfb12f5493ad177fd6a8e6a7449,896278,182001.0,910.0,0.005,10,2,1563
2025-05-11 15:59:08,7159833c307249d830fa70ab96ada09eb90611c490f23ec784697c30862be761,896278,3936597.0,497.0,0.000126,5,2,815
2025-05-11 15:59:08,0882790fdd098e338091bf8bd5201e37d949b337b07b315ed29f0fa0a89fa7c7,896278,58425.0,251.0,0.004296,2,2,370
2025-05-11 15:59:08,38d0900f29d8c6cc81c04b886db2a76c0eaf6aeb31d73bdccbebd53bdd65c98e,896278,24602.0,220.0,0.008942,1,1,192
2025-05-11 15:59:08,d76d61dbaa1ff912387860ff7f31b14927b55174b96f8a4d9270aa08c416366b,896278,84703.0,636.0,0.007509,2,2,374
2025-05-11 15:59:08,a135d5ad56e0a802dbb4def63a437327ebd864cce50b5b85c88113f714494c37,896278,239071.0,684.0,0.002861,1,1,303
2025-05-11 15:59:08,c3337433350e8625c34e92f7eb9a181523205f93a2e51538dd42931710930e26,896278,61211207.0,4852.0,7.9e-05,2,131,4572
2025-05-11 15:59:08,31ab8f25d7f5ba2e7ccaa96769822527452ac7141dabd4c1ae3ea1670eaa32d6,896278,330.0,172.0,0.521212,1,2,222
2025-05-11 15:59:08,f06262472cd13ef3e72387380e71676724dc3fba90788300f60ba318ed8d10f9,896278,686623.0,485.0,0.000706,4,2,820
2025-05-11 15:59:08,31364ff78bc4017f2edf29937c5f11a42580098b0da9fdaa7c3cd7f0538d9a83,896278,712007.0,342.0,0.00048,2,2,604
2025-05-11 15:59:08,260191e5107be0edc6f43ad665f0cbf2fded2d110524eb50c386f9932da402cf,896278,152736.0,784.0,0.005133,10,1,1125
2025-05-11 15:59:08,6d54eaa03b50b32008eb5c68a6c4293c48400e4b2cbde5654e592ed3b3abded1,896278,294305.0,335.0,0.001138,2,2,423
2025-05-11 15:59:08,166061e8a199d39efd7f8e07f260cbcdc2a32f108e01e201a24547e8751a1f54,896278,48048.0,236.0,0.004912,1,2,348
2025-05-11 15:59:08,3296df7e13ff6955e61acb6d75c92e75b3b57ea54b104fb85331c86e3f287459,896278,22800.0,200.0,0.008772,1,1,192
2025-05-11 15:59:08,21351e7298191b8fea07c52b081c4e6dc555d31f9fc6ee0230abd59eb1b7388e,896278,11012712.0,697.0,6.3e-05,1,16,662
2025-05-11 15:59:08,e9beefae3ff59c9d8914fb13924ff0b91073828485a0b6b8b09943308dc796eb,896278,58200.0,308.0,0.005292,2,1,344
2025-05-11 15:59:08,44d9f8cebdb5b1b90b7d57c055053cc89f60cdefb8f198aedf72e1b10b05da94,896278,144094626.0,870.0,6e-06,1,20,807
2025-05-11 15:59:08,f0e902503a076a07d1a47f28ead96ee9e70141f94d076f92f29c36d6cd4320bb,896278,3204.0,190.0,0.059301,1,2,197
2025-05-11 15:59:08,a0786692351dcaae70aa9696a325653ef2773e21cb28b5215eb0294bb2ff6709,896278,51255.0,230.0,0.004487,1,3,258
2025-05-11 15:59:08,511b732ba69e1e0f54982ae6d8ff2bbe1c886d988180188bae3af6f261a36887,896278,1753472.0,438.0,0.00025,2,5,495
2025-05-11 15:59:08,4c836692bdb3723d61d7eaf0d68dad5649b2277daed2bfdc70e63727104cc590,896278,2997.0,191.0,0.06373,1,2,195
2025-05-11 15:59:08,50a88139e259a2fb526c1fbb12f5763f6c427db913811151e56846153b5d9e97,896278,151846.0,346.0,0.002279,2,2,418
2025-05-11 15:59:08,13743f1dda761b9744d683fb10309eea750810c6cd9422a34274515698423b0f,896278,56273.0,262.0,0.004656,1,1,406
2025-05-11 15:59:08,99059fb1b7c4dc6f1fea50b6b1c95c3d6a05accebfd0a6335595f97761531a6f,896278,1918339.0,179.0,9.3e-05,1,2,234
2025-05-11 15:59:08,a3206f3833ac7d60312f341c7a6774441c5707eb730d29e9edcc9f6ccbb8d8fb,896278,508594.0,181.0,0.000356,1,1,214
2025-05-11 15:59:08,f47b1a1dbc4f72d1d74bc988422dbdde78c507bd5ab2341ca1556529e9fac41d,896278,46710.0,226.0,0.004838,1,2,247
2025-05-11 15:59:08,144d9f874ffc793a3dbdd0c6aee1992d0496e847e338667c69cbd107cc699f8d,896278,2370.0,1126.0,0.475105,4,3,865
2025-05-11 15:59:08,132c7e93714916d747847ade03cca410121cf581673d652d0bcd0a6b150cc2f5,896278,999774.0,226.0,0.000226,1,2,246
2025-05-11 15:59:08,21334191db48c3a1a1205e6f7233f27e01a24c842db41c34518cd5e39847d016,896278,1359803.0,197.0,0.000145,1,2,222
2025-05-11 15:59:08,2e0b16ba0fffcc33f90383bdc7528c3fbacb350b57016dd99c2d0943c14ac283,896278,309351.0,329.0,0.001064,1,2,234
2025-05-11 15:59:08,8854f8f70f9c8fd66d8796cda006fbd2cd917d5a4c7980b3307701826cb0b6a1,896278,49558142.0,706.0,1.4e-05,3,7,770
2025-05-11 15:59:08,52b7ace7e2c0987e41f9f40c9588445b72610cddf3870932e832362c9bdc7af2,896278,50456245.0,694.0,1.4e-05,3,7,759
2025-05-11 15:59:08,44e828917df512dd14ca913d331e4fda8241a5dfb2c16a57384150b3e02214bc,896278,60275.0,160.0,0.002655,1,1,191
2025-05-11 15:59:08,6aee9152434538f083d7ad5179fd448007563ce82fba00512e6c4d36c9eb3f65,896278,7050.0,160.0,0.022695,1,1,191
2025-05-11 15:59:08,b481d4f288a995ddb72791962b17aa0783251b1c06dc301f30e90308864c42ac,896278,4408100.0,307.0,7e-05,2,2,370
2025-05-11 15:59:08,444a5797cecaf59035f948bdf66d83041f67ce6b21de32a563cf9e049ad53b06,896278,1320.0,1176.0,0.890909,2,1,340
2025-05-11 15:59:08,404a91ad0b1a42c634690ff4364ef6999e658ad445722dbc994722afe956cbc5,896278,10132213.0,2280.0,0.000225,1,4,345
2025-05-11 15:59:08,77cc25988815674209492d3d5812817227b76c8074ad97b241b8b1046d18174a,896278,79295637.0,2000.0,2.5e-05,1,7,381
2025-05-11 15:59:08,fb6389e812ef9f9d281e3c6016928defbf7268b6dd3f4621397069082dc2ac6b,896278,98351838.0,2120.0,2.2e-05,1,6,346
2025-05-11 15:59:08,9e47e6b10d9ef8d4f56df49a36dc42ae4a87296d3b412f22449352e137ef8496,896278,99135328.0,1608.0,1.6e-05,1,6,350
2025-05-11 15:59:08,af958960e4904dcb5028b87bf1566eeadd34c40598c37e5990f15bcead9065db,896278,42448521.0,1798.0,4.2e-05,2,2,418
2025-05-11 15:59:08,b65822104e43bc7be52bcd7cfafec4164208dd5b729df3028006c93f6f1e047d,896278,20137.0,1251.0,0.062124,2,1,341
2025-05-11 15:59:08,13b5ff567e8d0d1a3fb30143ccab0184d4c059598f8eb7db31d8fa8cd3b52332,896278,5846714.0,1659.0,0.000284,1,5,287
2025-05-11 15:59:08,a9c89ce73af989b684fd87b2becbc3b4f07fde9ec8efbaff68358ea6d5283edc,896278,5925539.0,1442.0,0.000243,1,4,256
2025-05-11 15:59:08,fe1a7e588e510698069f9ed50fcb428b58aa02b9ce46d71719f28f1609bedcfc,896278,5961321243.0,5754.0,1e-06,11,2,1702
2025-05-11 15:59:08,1058484b7095532ff9bb5118023a3dbfbde5bfac59d001deb657ba67f0eb7043,896278,5913330.0,1008.0,0.00017,1,2,194
2025-05-11 15:59:08,ee634191dd3018bddd713946ac41d798326a950838bc322ee7b18f1b292a2c8f,896278,313783.0,784.0,0.002499,1,1,192
2025-05-11 15:59:08,616cc623af6417a5bd4d217fa5d173c90d1155432d719d97272a895e847b1030,896278,107045.0,784.0,0.007324,1,1,193
2025-05-11 15:59:08,9e9a700de2d953fc953274fb13026f3b9062dc2aa17c9b536388699df607f951,896278,167000.0,780.0,0.004671,1,1,192
2025-05-11 15:59:08,fa0c699d051c745ab4d0f24d9e97c0dbabdfd508d99a4f01da23a65494f3b45b,896278,14198200.0,1000.0,7e-05,1,2,223
2025-05-11 15:59:08,998b52c2dee6e43cc9ad194221ff55603f5c97dea62422f3d47d60e4ede66f77,896278,253832.0,868.0,0.00342,1,1,203
2025-05-11 15:59:08,c69a9d5ee02875b5b266f4d0c340c47807043216d56913f93a55bec70f84c838,896278,270385.0,784.0,0.0029,1,1,191
2025-05-11 15:59:08,c2d224caf7f5a67cfa81a39f729aa074d0017eae7da5421ca807a21884a9bc7e,896278,135353156.0,1900.0,1.4e-05,1,4,345
2025-05-11 15:59:08,84708eb8ad9b70cb6b834a6dc3f67bc2fb4370f7814a7a80db76d604a1a43548,896278,788416.0,2000.0,0.002537,3,2,518
2025-05-11 15:59:08,b404304f7c9f8f54bd9f5e8a1ec34eb588794192f9e465f55bfda4ca90c0acb3,896278,28526815.0,1022.0,3.6e-05,1,2,222
2025-05-11 15:59:08,c16a91f3fdecfa3079b6cf8dc22301072ee5f1573c4377c4cd57d3ece1749772,896278,2529478.0,1022.0,0.000404,1,2,223
2025-05-11 15:59:08,867fb8ee3d21b19a27e0cf32a26d32df1e66646b1310e4ad9db93346c7a20bfc,896278,5285291.0,1000.0,0.000189,1,1,301
2025-05-11 15:59:08,f5077021f66551727732c04ce671d5c4b389ceb8dfa56288a57e9e235c006b2e,896278,83147723.0,2000.0,2.4e-05,1,6,350
2025-05-11 15:59:08,07e3bf0eb3df5c53eb18de6e8795b28304b634f9c4e0ace8ad221662a07a3310,896278,94587.0,1241.0,0.01312,1,2,246
2025-05-11 15:59:08,0cdf2662cc676eff8d5c23d3f0fc6cc9062b2d486fe7f9dd8fd573ef105a5a9f,896278,1551350.0,1832.0,0.001181,1,5,318
2025-05-11 15:59:08,ab18ad939d8345b872d728a7a952e2809a2d57fa2ef02ade8db59de9c704dad8,896278,81102694.0,1388.0,1.7e-05,1,3,259
2025-05-11 15:59:08,433c1799e655bd406f427c152de5749f50b380cde47b95ab16824312017aa3bc,896278,37840152.0,2168.0,5.7e-05,3,2,520
2025-05-11 15:59:08,ad7be2a005aa7c9ef1386cbc58e39ca1ff4df2dc018edc0c105d6397c6657cde,896278,117675821.0,4060.0,3.5e-05,4,7,838
2025-05-11 15:59:08,a2f2d14c5e21f75b7e30a4335c96411e236b4599b992b9bf1b82c53320b432e8,896278,103217.0,1111.0,0.010764,1,2,221
2025-05-11 15:59:08,175e17198d00ebeecccea95cb874300eafe957f1a1cbbf29cf49372847e85d9a,896278,860462.0,1128.0,0.001311,1,2,222
2025-05-11 15:59:08,d6b00e61545e2c476fd128da5cf9921ea04821e2686a9588058f638520397a97,896278,350200.0,2221.0,0.006342,1,2,222
2025-05-11 15:59:08,0252a27f671f5502aa38f87e8a6c769e9887d023023b950f08e226d5f4d09fc4,896278,3166229.0,169.0,5.3e-05,1,2,223
2025-05-11 15:59:08,a696eb30cbf0f21350653d26b50f2685574b999654c273841d07198340465a09,896278,95374320.0,2000.0,2.1e-05,1,5,315
2025-05-11 15:59:08,711fbe31d4dc11a60fd4d229a2dad52bc2fe64c800cc41a617054515140ec1df,896278,44694.0,999.0,0.022352,1,1,193
2025-05-11 15:59:08,c34ba54ffb3c9ba8bb8eafe3d86bcd2329f277e3e8ec91a84a2d744543b1d5c5,896278,22927.0,1000.0,0.043617,1,1,191
2025-05-11 15:59:08,d4c1bb0b96c94191e43b167d4f2e98f1a72e4cb9207cee9b4fed826c10b3183a,896278,89088041.0,2000.0,2.2e-05,1,4,289
2025-05-11 15:59:08,59da5bf7df1416719ab27dc352ba76d20f3efaa10d29e67184848c65223a8bef,896278,42378914.0,6110.0,0.000144,1,16,693
2025-05-11 15:59:08,66bec257e73fa72ee685e3f460869bcc0e3acfa774cf408d6f4fef4b9cfc50d4,896278,9881910.0,1410.0,0.000143,1,2,222
2025-05-11 15:59:08,800877197b30d4bc767c8fbed4d7d74a2db6cc909520b182eab4fa32941d1ac9,896278,47617826.0,5130.0,0.000108,1,14,594
2025-05-11 15:59:08,235dcf781e09365501a456fe69b634fd37505c401a2121709bedc968397431be,896278,11998530.0,1470.0,0.000123,1,2,228
2025-05-11 15:59:08,6b11862ec06f19509310409817604f7d9382c5910ea8389f63bc70902e2563b9,896278,2182848.0,1410.0,0.000646,1,2,222
2025-05-11 15:59:08,272f0759f794d5559114a328e211c53c3f67f1ccee79b40bba2c96a1c73720f2,896278,2219590.0,1410.0,0.000635,1,2,222
2025-05-11 15:59:08,e082d277e0e917067e3f53d887943c32d6c729f76dacb09be526f98583a5bc93,896278,21486456.0,7820.0,0.000364,1,21,863
2025-05-11 15:59:08,269327cfd3dbd7f95eb34d8d8f56ee984918037c7872520f72c762c700ff6c7f,896278,3123651.0,3070.0,0.000983,3,3,549
2025-05-11 15:59:08,b962589dadfed4a292f2a5ebdd18c57d2e75b81a5d151d921381697f564bcc58,896278,2585813.0,2250.0,0.00087,1,2,225
2025-05-11 15:59:08,fcc1fa9da460de9532021a86b78e7ae2f992ef027f27de3d6289d97253423045,896278,13380.0,1420.0,0.106129,1,2,223
2025-05-11 15:59:08,cc391b49c93ed245a7168c50cd8724731d6eb7a21cf49da57cc46066e6099f43,896278,11840435.0,2250.0,0.00019,1,2,225
2025-05-11 15:59:08,244d600d682febfe0592c1490931f4b015320e1a5dee41d2c57bb4762f90492f,896278,427951.0,1470.0,0.003435,1,2,228
2025-05-11 15:59:08,96021092840ec19333637aa315fb4dea3ed2d8645e61c7d57e9e3ca812d7971b,896278,73257453.0,5790.0,7.9e-05,1,16,660
2025-05-11 15:59:08,0116a766239a06b22a54c90751f5d37c8c40ec4375275dba06e791fe5c3aa602,896278,199998530.0,1470.0,7e-06,1,2,228
2025-05-11 15:59:08,3a43a48fda12c98580de95ada296249817d29137165fabf311d7381e05ca8442,896278,753000.0,1773.0,0.002355,1,3,253
2025-05-11 15:59:08,9768d1524976b6cd1394781f73b928df586679289c8ee679b496a06b03b98e69,896278,196150.0,1161.0,0.005919,1,1,191
2025-05-11 15:59:08,58ba78654dac6b5855f324dde8f685b7688d257e18d9c06e59eedd23f812cb1c,896278,158921300.0,1500.0,9e-06,1,2,223
2025-05-11 15:59:08,d55298b5fecef21ac1ca36c333e9e287360a86a676951d0bcc4e3473cc9226c2,896278,104319.0,2358.0,0.022604,1,1,220
2025-05-11 15:59:08,bc93a1900723bed8a5c137d42e841be236177108dcf323abeaa779985d0f1f5f,896278,200575.0,1197.0,0.005968,1,1,192
2025-05-11 15:59:08,f5f14cdb4fa6fb83a3ac81eadfb4c19598f08fb15a7e7d737aa7dd979d515529,896278,7776365097.0,1584.0,0.0,1,2,226
2025-05-11 15:59:08,2154b18b5c1149e38d093b993d700c7e2970d89a9fd088c266a5b4fdddc06ced,896278,16696599.0,3800.0,0.000228,1,4,345
2025-05-11 15:59:08,0b618e0f26f9faa87683240ca954a365420c2d7881f15fedf31992a9ce3bbd4b,896278,23000.0,1227.0,0.053348,1,1,192
2025-05-11 15:59:08,0707707c899133db431b24aaa94958d0a6971163388db9e11902102ad7649cf7,896278,1148584.0,1606.0,0.001398,1,2,224
2025-05-11 15:59:08,05e757c79c3c58873e23df6265187d195aacad9891da826e7e027cce1c7e8c1d,896278,32586.0,2051.0,0.062941,2,1,341
2025-05-11 15:59:08,f8190d0b5fde379eeea4778ace0567993c0f85f4e5c92a6771ebb4b653005b45,896278,143893042.0,2496.0,1.7e-05,2,2,374
2025-05-11 15:59:08,33a30a3b3c16ec35d7348a1b65976093629f69cb37af8275765da47be34fb09f,896278,3602540.0,1692.0,0.00047,1,2,222
2025-05-11 15:59:08,af42d28c5a16079e0b4943d6de8f467fef985323aba78334b1850d95b8348813,896278,193900078.0,2166.0,1.1e-05,1,2,249
2025-05-11 15:59:08,7120919711467f7211e140fcf110cbc048d155ce937e8138f48e5b0907f0c602,896278,5870025.0,5400.0,0.00092,2,3,402
2025-05-11 15:59:08,b74eb757605ac407df6d571c42731bb79179aeeca74f72a4ccfbbb398a03a357,896278,685481.0,2131.0,0.003109,1,2,241
2025-05-11 15:59:08,a010a11973523e4dd4fb442a8ed47e61d50c5aec49feae72b615b288c5998827,896278,623922.0,2131.0,0.003415,1,2,241
2025-05-11 15:59:08,e54c8602ff5ab67c53f64256d70a6f588444ce84c12e5d2be122671595ef90b5,896278,613750.0,2159.0,0.003518,1,2,242
2025-05-11 15:59:08,8121b089e717dff3fd6e615cc578e851447d3f20e88ef84d450351b469079900,896278,626692.0,2159.0,0.003445,1,2,243
2025-05-11 15:59:08,6086d200ca9c00781d40b967672e87103b6edfc51c704396d461b4e3b50c658a,896278,22324154.0,2118.0,9.5e-05,1,2,240
2025-05-11 15:59:08,75b1e7564caf646ccb55652afd6d671ab1c3fed5a95cba8764d88676484dc5d8,896278,638099.0,2602.0,0.004078,1,2,274
2025-05-11 15:59:08,d343f85d3cde24bfab8ec18a2b05ef6471bbd04905441acc413decdad6740159,896278,623676.0,2602.0,0.004172,1,2,274
2025-05-11 15:59:08,d1372818553d3eeabb0bc9ceb80644104198e9bb384d3a1f9240aaba8592d4e3,896278,3573356.0,7877.0,0.002204,6,2,1078
2025-05-11 15:59:08,b4ec3f85eb812a45f689cedd5bea3b64a8b22a85d2c9b45ccb8206f3f2cb5dfd,896278,1186398.0,4056.0,0.003419,2,2,464
2025-05-11 15:59:08,ab6b0b548562d668b295b3daace2671183634b9bc92da0fcbc4d49f0b57a846d,896278,1252114.0,4056.0,0.003239,2,2,463
2025-05-11 15:59:08,d7e539e2ab1f47187a1eeeeb14e3db965df0675c428842fe3efe8125131328ea,896278,3724204.0,8361.0,0.002245,6,2,1115
2025-05-11 15:59:08,8901e15c3b16d31f3dc7f0154995de3152ae5117d7534af6df08e71c725cabab,896278,9068919.0,18883.0,0.002082,15,2,2635
2025-05-11 15:59:08,47c6324c1133cac38d06bd43ea13c8ce6f952ab9a883a9726c2fb6de2201e7dc,896278,2539595.0,6451.0,0.00254,4,2,806
2025-05-11 15:59:08,435409c1ae896a7a326aee891a5c6ce6dd672901e7a960b8fe511341366c7f44,896278,45113425.0,1959.0,4.3e-05,1,2,222
2025-05-11 15:59:08,3469ba199381348bbd494f104875ff1b0f74872e163adbecf9eed840d49126c0,896278,6441098.0,3636.0,0.000565,1,3,254
2025-05-11 15:59:08,6f5b4639f604d1066f0c97702a5fd85d1a7a9542caed7f4d99f1e1eda62f9794,896278,3206.0,1794.0,0.559576,1,2,176
2025-05-11 15:59:08,80b2994052ced610ce563236546a990f5fd4928cfc42d2c3408c217d07f902ff,896278,1438578.0,3705.0,0.002575,3,1,489
2025-05-11 15:59:08,a818c0974c9dc9ec57bb8d5fc83ed824237f22d2eb86131b51abffb5bfbe5312,896278,1643185.0,2564.0,0.00156,1,3,248
2025-05-11 15:59:08,c0a2b786f0941f09b32420b311479d23f427774c0d6ff80588af268bfe98fe00,896278,813198.0,2202.0,0.002708,1,2,224
2025-05-11 15:59:08,869f8865b7b32b4e9beb61b7f9b4993f4642b3fe0e0bf7571c8a911ff560d258,896278,245837.0,3263.0,0.013273,2,2,371
2025-05-11 15:59:08,1e9f8cb4b7a5df8eb7c584f8ec714f77b687556caac2bcb562a2155d88c83de5,896278,572001.0,3056.0,0.005343,1,1,190
2025-05-11 15:59:08,81065bb664d79f30d8f7cbe72094c764ad9619cc64bcfc6f7866a9069afe0c27,896278,7677589.0,5700.0,0.000742,1,4,345
2025-05-11 15:59:08,12983e55e56f87278129337b0212703117dbeba5cc031ea67bf8b5106aed2b4c,896278,1105000.0,3040.0,0.002751,1,2,333
2025-05-11 15:59:08,b7ba1fc81e27496b3f8694ad587cb11af9a4b052cfbd7a3fc25ebec22253c722,896278,3352136.0,4294.0,0.001281,1,2,222
2025-05-11 15:59:08,cc5d163f3a39b0dc033b376998483eef30e6e6d6e1d6c9d624e6326f8ade031b,896278,4197.0,4197.0,1.0,1,1,204
2025-05-11 15:59:08,2e9773ff8cd6f714ce45b73700d6eabba0a60a256ea3eee771f45b2398d26dcb,896278,8394.0,99.0,0.011794,1,1,150
2025-05-11 15:59:08,70292ad5830ab05c617352546a21d015e8665be3fd750389c84e255b27a0ce86,896278,122074987.0,2820.0,2.3e-05,1,2,222
2025-05-11 15:59:08,06607c34faf223040bd54651e1b59f046b1c7b673322e68e6c2826488c12edc3,896278,1748547505.0,9960.0,6e-06,1,10,476
2025-05-11 15:59:08,11dd210cc666caa26f9f1c4108167b8195e3dca4709dafa71d33a6b861839cb3,896278,672051321.0,3000.0,4e-06,1,2,222
2025-05-11 15:59:08,543281b003ff465f18b608f193b21cf226dc5f1d68b3e682ee6c5186843889be,896278,247782.0,6240.0,0.025183,2,2,312
2025-05-11 15:59:08,d3d37c290a5698e0e7786b8218a7cd070d96431ee77e4c11759d504634fde197,896278,546.0,3525.0,6.456044,1,1,332
2025-05-11 15:59:08,cb5010834e7b596d4b145289701da9a5456280fe02e4d28b4af64d6959178fce,896278,257547.0,4035.0,0.015667,1,2,205
2025-05-11 15:59:08,b2b128944ffef06070a92ebec2a2560c06a905749102f63907bb9b46d0f7773f,896278,454117.0,2970.0,0.00654,1,1,191
2025-05-11 15:59:08,6592c02ca55b2de08040a7c0de00805b29d908486d2467a3595780af90691444,896278,107640.0,4260.0,0.039576,1,2,224
2025-05-11 15:59:08,911aec1912cecc061d1c48a596bc539fc3a2e4fc17c2f68198a06b353962b106,896278,7607644.0,4230.0,0.000556,1,2,222
2025-05-11 15:59:08,ca3761c0cf516620418eb959e1dc900e1e58f2a86dd92cef652edfe1e70511c1,896278,205337.0,5340.0,0.026006,2,1,339
2025-05-12 03:27:37,290a2a187fe13976582799839aeae0089f735d5594e393080b3c1155f8699e10,896352,67645.0,615.0,0.009092,1,3,286
2025-05-12 03:27:37,51b63dcb6fd2df83695ce14c634e5a6bbb3cf51df70b2ab04dc2791e30125410,896352,330.0,462.0,1.4,1,1,331
2025-05-12 03:27:37,166274117e2b3c3270a7316c6b62489a48abf3ca7503d9adf7782267f529fac4,896352,16469.0,849.0,0.051551,1,5,334
2025-05-12 03:27:37,2e2df15ea69a838204760f1bb00f43fefbd09e7402689b9342320deea5fe290e,896352,100172812.0,828.0,8e-06,3,2,518
2025-05-12 03:27:37,f457d34fc196a986cbb914e9cbc9b4dc10202b22b4b57804e5200c711f6ae10c,896352,123605.0,615.0,0.004976,1,3,286
2025-05-12 03:27:37,ca1c2df1fadb77a26bf6dfd5ac7a1ca5bc549ca3960d3babf414964733f0b40c,896352,30817.0,945.0,0.030665,3,1,558
2025-05-12 03:27:37,2a05b1c28e687b17dfbfd01650f29175e3d990af5ceba43d1040bfcd2192c40b,896352,25895.0,1218.0,0.047036,4,1,730
2025-05-12 03:27:37,877058db6408a97158b6f7c195b49683e02fce050795c464afdf5a51101ea20a,896352,330.0,462.0,1.4,1,1,331
2025-05-12 03:27:37,b341f19debefce5a06c4cf418f97dad37e28dc8beef7848c4d32ed876bc3d0d9,896352,16168.0,849.0,0.052511,1,5,334
2025-05-12 03:27:37,00a89586144823b7eb78e8a198bb45e65acfd14318cba3b4958a08e045c61e08,896352,20558.0,531.0,0.025829,1,2,259
2025-05-12 03:27:37,d99fd145f1ee1cddf7ef13f1894dbacfd184be38c0bbdfa1b49495a89d87b607,896352,60044.0,543.0,0.009043,2,1,343
2025-05-12 03:27:37,54caf36b6b7f25fb03ac33498571f298dcd76b7cd1d55ffaf4585d18f9406b07,896352,159373.0,531.0,0.003332,1,2,258
2025-05-12 03:27:37,54e5e78064cd20063edad7230a555e7696792629ba1993f56911a115a4f3b606,896352,77391.0,615.0,0.007947,1,3,286
2025-05-12 03:27:37,fbeaf45fae140a0b407ae55c204a29b6b786c55ff2a9e028c51a4f4a21d82905,896352,22800.0,675.0,0.029605,2,1,387
2025-05-12 03:27:37,37a55c5546f36c209a98b9fd3fe437923a5fed3e8e95524af023313294e65901,896352,130196.0,426.0,0.003272,1,2,224
2025-05-12 03:27:37,d95bbc01f6072da6d84c458316297a64ce80ab14bb84fe0ca696f9911869c700,896352,65047.0,615.0,0.009455,1,3,286
2025-05-12 03:27:37,84b7a54e10d787465c262482b82e87a4d2abb31513908bc2518a88d2799b6a00,896352,9081848.0,339.0,3.7e-05,1,1,194
2025-05-12 03:27:37,026730d4a3921ce56961e82656e8678745f2376f86d2bced167f68193b531fb4,896352,165904.0,531.0,0.003201,1,2,257
2025-05-12 03:27:37,65d53d0b807a33bdd1b60a3c7b04e1be1e878f53ec9aa828740bff18e2bf46b4,896352,172435.0,531.0,0.003079,1,2,258
2025-05-12 03:27:37,dd51b57d891a553fc16c8fe364bf47e1a723e5eeaf1662c7347e95180ad0f5d8,896352,178966.0,531.0,0.002967,1,2,258
2025-05-12 03:27:37,ff6d383821b033d6a211a1bca7fb249d48fb7bc1caa35cd249f0a8b22bafbf31,896352,185497.0,531.0,0.002863,1,2,259
2025-05-12 03:27:37,14e35766689f3c74c79b283575f7e5cad78718ee92a877dadf39d1dfb16f42b4,896352,46154391.0,505.0,1.1e-05,1,2,297
2025-05-12 03:27:37,cf0460b34118e41f85a3f37ff3d25f6af69844dd0f681c726986ef445a547af1,896352,2220578.0,1446.0,0.000651,6,2,968
2025-05-12 03:27:37,9b66abbc230df57d473de2b1732f4ea5055dcc10c00be4d6e42c92138a949e70,896352,20136.0,1618.0,0.080354,2,10,670
2025-05-12 03:27:37,c5f5667b1e79ead6aa2c285bbf885fbdbb177b89a9795e6a8b059abe1baeb1bb,896352,30520.0,945.0,0.030963,3,1,557
2025-05-12 03:27:37,ecc2a37c499c557a39538ae2331759a6e62053dd94d94c9ed89b38af9b0e2c85,896352,30817.0,945.0,0.030665,3,1,557
2025-05-12 03:27:37,632fb316582fb053d952448a71698fa9e3141565089530b708fd3b6db02aa94d,896352,30520.0,945.0,0.030963,3,1,557
2025-05-12 03:27:37,c33fc8b369ca187c997c840107cfed3939fd499f513e1d7151467815dcef8732,896352,30817.0,945.0,0.030665,3,1,557
2025-05-12 03:27:37,45e6c6a12f1308a1c7c2715ae9ef0297bea92b09a86e9fd7250b649f8b4abb2f,896352,30817.0,945.0,0.030665,3,1,557
2025-05-12 03:27:37,89f5bbe92748ed39b41ca191da69c388574788c625ecc3e3b37a69c222342614,896352,310753.0,837.0,0.002693,3,2,491
2025-05-12 03:27:37,3d40290c8ab067f62a736c0f5e48de40ebdd30f6e40d6da1f2e4df5ec0d07428,896352,774084.0,1491.0,0.001926,3,1,495
2025-05-12 03:27:37,3fd63b90646944a4aadfde4bd6df5150d1f17f88cdc75f8b6283eb7d52c3d0c6,896352,276646.0,672.0,0.002429,1,1,223
2025-05-12 03:27:37,228a1a89eba63ea29120d10539e2bde04aad66993ceddffccfd0dea07b24dbf0,896352,206486.0,603.0,0.00292,2,2,300
2025-05-12 03:27:37,1dc9976e46d1d9156c4a6c24a4bfb39e354c50f6d632ef0bd063dc9cd4fefe29,896352,3481.0,570.0,0.163746,1,1,189
2025-05-12 03:27:37,f1f2cd701fdd7e5cf8cc22518dd0950c1d299e276b428f03c688053a351ae50a,896352,412469.0,1074.0,0.002604,4,2,680
2025-05-12 03:27:37,c01e4c285f55a20882c5fbcf67f35c3df70dbe25e5af3eb81b021e6a3121b3ad,896352,3414062.0,465.0,0.000136,1,2,205
2025-05-12 03:27:37,1d245cce529dd8d140394c1241e968b91a1cee32843ce73a63c661666081a45f,896352,25406111.0,1012.0,4e-05,2,1,335
2025-05-12 03:27:37,489560244e0af135a31a8f59a2dcf38c5901d574de10b75366bf43b4cf39ebe8,896352,523826.0,426.0,0.000813,1,2,223
2025-05-12 03:27:37,99f41aaf991f3b8ed01f82b549cc48f53263661d7a8e2010541b31e8f972a732,896352,1746905.0,426.0,0.000244,1,2,223
2025-05-12 03:27:37,be30ae0807d64b259155d1cf3078a5b2d68b49e2e6bd9bfd067bbd6c400952a7,896352,1069986.0,843.0,0.000788,2,3,441
2025-05-12 03:27:37,5ac4cf5ced41cdca134fd07fee74068fb24536cedf2ecbeb56aa174bbe7927c0,896352,35439.0,336.0,0.009481,1,1,193
2025-05-12 03:27:37,b26fb27be00ad40c792659aa445ecf93bef247930e2d631a7ae4fd20f8467e69,896352,3730.0,1856.0,0.497587,6,6,946
2025-05-12 03:27:37,9e1778ed8ac2b5cd4f75d710f86bcd5b37584abc7e71ab54e275d2f7de5cbc00,896352,2692961.0,540.0,0.000201,2,1,340
2025-05-12 03:27:37,b5859ddecee0933c944fadb1d5ea133fb7d2e717f4f01a17ce53fcd7b15f6145,896352,104849.0,5133.0,0.048956,18,1,3145
2025-05-12 03:27:37,40d7d8b97c5088228fa7ec5907251497bf64b0911b7782921ab417574fdbd04d,896352,865376.0,432.0,0.000499,1,2,223
2025-05-12 03:27:37,c97aa808b18011e0537bf853655121a760e70df6a942b75dcdb64af3ed8467f1,896352,7463330.0,430.0,5.8e-05,1,2,222
2025-05-12 03:27:37,dadbf9589be6770877d29b88b84902b770e113da1251bac1f1019de267363503,896352,277119.0,577.0,0.002082,1,1,189
2025-05-12 03:27:37,acf0a0f5fc0cb655f3ed5f119e41a0cdd8bd8c67b47aae95822fbca414b28035,896352,118493.0,981.0,0.008279,2,5,422
2025-05-12 03:27:37,299aee67a66c983468c685b1b68a89d3b132c24176ff7555f31a2df376b51018,896352,19999550.0,450.0,2.3e-05,1,2,228
2025-05-12 03:27:37,833c6a995c05c924acbfaf978f879793aec80f847bfb45209b27b198a97d9bcd,896352,4999999493.0,507.0,0.0,1,2,246
2025-05-12 03:27:37,c0c76de349aaff67a214989935ccf1e348421d9d4bcc8c4722a9a6c92ce2f808,896352,16185450.0,507.0,3.1e-05,1,2,247
2025-05-12 03:27:37,a474dffb7ad283e28c12e025fca85bbbe5e286aa0f7a481814efccaf17a8c7a5,896352,357880.0,437.0,0.001221,1,2,223
2025-05-12 03:27:37,dd020e82e50d6e6b82aa74174de2b4b9522337b71c2e73cf56c00341f1b8e079,896352,367707.0,437.0,0.001188,1,2,222
2025-05-12 03:27:37,8ff9970734506cadbc22c245fe93dacfab04a970beb288b9bd2c573cbb0d551d,896352,217153.0,437.0,0.002012,1,2,222
2025-05-12 03:27:37,122cbc61208a71b0699cd93c3177eed2801742ecca6e5440f56ae3155b65863e,896352,4066016.0,981.0,0.000241,4,1,639
2025-05-12 03:27:37,07bc3b0eb22fcc39d792b7ea45b75bc909d5c22f94bcd5deedc7783a2b768ccd,896352,8727453.0,438.0,5e-05,1,2,223
2025-05-12 03:27:37,b12c7e8be3f5d475d9e91d74297c58301779c8a848a999995e5ae7d4cb046db6,896352,4245939.0,696.0,0.000164,1,2,224
2025-05-12 03:27:37,d315bfab984da65970b96b0080ff14c4f2dcfcc4cbe64e82631f0d71884b59d9,896352,1025192.0,440.0,0.000429,1,2,222
2025-05-12 03:27:37,af934e36fb1d15dc2e7437be2c0c47c15555cfeceea8204e19e6ba14f73b1e4a,896352,16963491.0,6813.0,0.000402,31,2,4681
2025-05-12 03:27:37,c12c1f81a71462bb7ebce6f15698720dcfb3a2371f7bcd1cfa95b19ffbb6bfab,896352,15384.0,636.0,0.041342,1,4,285
2025-05-12 03:27:37,d1f98e8ba30010564552f33c5439475760aa31e43eb6bb27fc94fda3bf78e9f9,896352,24248.0,696.0,0.028703,1,2,222
2025-05-12 03:27:37,ca044fda77536d1a08ca885db66ca45d041706f96fb58578f60718c7efe30ed6,896352,1699088.0,708.0,0.000417,2,1,387
2025-05-12 03:27:37,df14ec9c5b5087beee1148dcaa1326d891ca1d11dd7aaab19f9d2e16be622d06,896352,546940.0,662.0,0.00121,2,2,370
2025-05-12 03:27:37,972596f44487faae8ced62cbeecf5f9dceb49201f8a22701c6727e81e8b1fe8d,896352,21000.0,351.0,0.016714,1,1,192
2025-05-12 03:27:37,d38cb006a4457af5f1b00d06c4d876035e46676178981d7a4b7fb4d80d070e9b,896352,12266863.0,544.0,4.4e-05,1,2,251
2025-05-12 03:27:37,65cf4879413e8c407e26566cdd16cc224fee797b034ccbc6ba11f591f5cf60bd,896352,1970653.0,461.0,0.000234,1,2,225
2025-05-12 03:27:37,f8906a0af1f10d25dde011762e3f969b5662960791b3b991c151c18d4f4cfc1e,896352,15600141.0,452.0,2.9e-05,1,2,222
2025-05-12 03:27:37,5c25865d2d94290c7d27c8fee9c993cf1e419547e647ec2742cec3cb27454947,896352,20196336.0,491.0,2.4e-05,1,2,235
2025-05-12 03:27:37,a57f777265a950ff996f3558b39f83749329891db8b04d7493b7d15f2125cd50,896352,36000.0,787.0,0.021861,3,1,487
2025-05-12 03:27:37,efdefc5d55a5cbd4af0a20378859becc8e2fe68c9ba85546cee4f2ff10523ea4,896352,2660772.0,1464.0,0.00055,4,5,774
2025-05-12 03:27:37,9daf2564e506afde4776da6a7da874f06d3dff869b9c8b09b080d95f0f7cffad,896352,25753596109.0,6000.0,0.0,8,7,2625
2025-05-12 03:27:37,7f80e8db81557fb6703c7f30515070d471da6c502dd87e1ba30c30815776c498,896352,588999.0,1797.0,0.003051,5,6,806
2025-05-12 03:27:37,41ed029109bbc7ad34883b8eff9d265eeb261327d8e2f1a68f439f7dcc64e9c2,896352,62377529.0,459.0,7e-06,1,2,223
2025-05-12 03:27:37,4050db75d0b0a259dbc30a22a608567e1dad63fa7af71795fdc315732aeeee1a,896352,7535167.0,459.0,6.1e-05,1,2,223
2025-05-12 03:27:37,eaf956997a1876a94f91ace50e8a06ce8feedd5f7ff992a9c511ffac997283b7,896352,6676419.0,4300.0,0.000644,14,1,2457
2025-05-12 03:27:37,57460a45d66af322e3ab292408fb9bf70bafac52dfdc3af62ecdb9fefb80b172,896352,985180464.0,987.0,1e-06,1,7,386
2025-05-12 03:27:37,aeac9461369a76da023852c2da6d102a0e95ee7bb7eef28cb3a9650a084fd6f4,896352,65926.0,997.0,0.015123,3,3,549
2025-05-12 03:27:37,50c3364bfe2cf21af0bc9319a684457cf73f050ad2dcb85de4948711396a347b,896352,2303516.0,679.0,0.000295,2,2,371
2025-05-12 03:27:37,1ba9d9fffc5462fa8ef6c1c29a6331889e01cfe19a458d83e41e85c0545652f1,896352,6356527.0,949.0,0.000149,2,2,374
2025-05-12 03:27:37,a1c5c08bd11e465fc36f027916660f692170a22c7d546a95f96f3cb59b8931d3,896352,6343280.0,459.0,7.2e-05,1,2,223
2025-05-12 03:27:37,5c4b1a325d3708b1ba236cf07ce1e403dedca19266eba048c10205904bca6cba,896352,62418.0,459.0,0.007354,1,2,222
2025-05-12 03:27:37,f105ed24fa8f6818904c4ba4a7e72c4438bb0fa371b15963cec21c85a1d35676,896352,191778.0,459.0,0.002393,1,2,222
2025-05-12 03:27:37,b2c18d22de5b275f03621aad62775d0d07cf33c07d669b255562e5005166ea54,896352,193472.0,459.0,0.002372,1,2,223
2025-05-12 03:27:37,830ec3cf51f983f173b72cfadaa50253629e386e600ec0fea6c465abad858145,896352,972758.0,459.0,0.000472,1,2,223
2025-05-12 03:27:37,1019fdb46112f843d5058dc5494f4d14e6aa208197c41220a22771d412ea0820,896352,622376.0,459.0,0.000737,1,2,223
2025-05-12 03:27:37,e77f0a782ec304c229b77997827d62f906e07b10f4f638986f875d8dcc6d90d6,896352,26360.0,675.0,0.025607,1,2,222
2025-05-12 03:27:37,3370657b4a7dab7eab30d8e253127a5b97cdfa0a350af96275c1d4a00d879a00,896352,51035.0,465.0,0.009111,2,2,371
2025-05-12 03:27:37,1d75dcbb9f6128965ecff09a02803626af413240b872a1603f24c2a3cce47870,896352,716682.0,1031.0,0.001439,4,1,639
2025-05-12 03:27:37,4617c966ce0206a9070afb83a0142d35b627cf73f6904a6e4cd0b1ad45180a05,896352,13695.0,731.0,0.053377,1,2,224
2025-05-12 03:27:37,70d0e1dd2e5a16f91bd5ddfb16ec410747103ac6954f72b664dc6c91ea1f18b6,896352,5000.0,523.0,0.1046,2,1,260
2025-05-12 03:27:37,1210219b39753f4fe4fd2d14ef8f57524f4538f1797e7250daf5e1131fb19d10,896352,95677967.0,748.0,8e-06,1,3,267
2025-05-12 03:27:37,aac2e01cdbc4dedcfdee4298f183b7d48684e159ce2ecd49aea3989616d52b19,896352,98667041.0,748.0,8e-06,1,3,256
2025-05-12 03:27:37,6d167cd556284f514d8f4897dc94a7eafd8f3cf556a3444eb07288ca22853408,896352,102711326.0,502.0,5e-06,1,3,254
2025-05-12 03:27:37,de6f2a1000ea71688fd952935e76df9a5e4eb0df82dd49f338588647c3170452,896352,102952189.0,370.0,4e-06,1,2,223
2025-05-12 03:27:37,f9a3e0675499bf2f4331c6d1e7b0be5abd9c987073bc8be9516740ead6d641b0,896352,104304359.0,758.0,7e-06,1,5,317
2025-05-12 03:27:37,f52488c150fb92b3cc527d83f5e337d9e3261a0a10d78011aa8d279bfc786f08,896352,104399962.0,628.0,6e-06,1,4,288
2025-05-12 03:27:37,3bb6724a94798f91dd976124b22bff1febe50a676cae59aa6992c86b928e68a2,896352,105063787.0,502.0,5e-06,1,3,258
2025-05-12 03:27:37,5ef177f155eae8757ac2e0a437286ef44ee27beb7e187b9db7348e8981ba0edb,896352,107134212.0,898.0,8e-06,1,6,363
2025-05-12 03:27:37,531610b221d7f7d698aad7ce46239a1c0c2282568a3d1f0bb6d9b7f39a31ce4c,896352,330.0,549.0,1.663636,1,1,326
2025-05-12 03:27:37,feb39f38ff6b8e5c9f7a0603cc1d089b44a33d7c537bca67a4c0e8aee767e585,896352,1515.0,531.0,0.350495,1,2,259
2025-05-14 17:09:36,7f4a18ca16894e47fae8f4ca0100d047e92dc4e1efa5b8570a6869187abbc3bc,896699,4902677.0,997.0,0.000203,3,2,520
2025-05-14 17:09:36,c869ba3413ad7625b29a962514a5fdac5f8ef75f795acc9415aaa46b7a9a0865,896699,2290542959.0,3031.0,1e-06,1,23,924
2025-05-14 17:09:36,0f9526791bc29df52528214857c54d7c031b3273aac84a709e18702fb6f485ec,896699,14604.0,396.0,0.027116,1,1,192
2025-05-14 17:09:36,ee497671d53285c45b64da5b780dea126cb31f12be6a4dcd9dfde832299400c9,896699,86276.0,396.0,0.00459,1,1,192
2025-05-14 17:09:36,bcb01bc2d81227e8ca4f2e70e9a9749a395f782a8c10016ae42b3b7a315f91b0,896699,89519.0,396.0,0.004424,1,1,192
2025-05-14 17:09:36,f500e7d511021001c7d537d688d161a52d89c59a236fc9e96a8c3739512775ab,896699,41957627.0,2304.0,5.5e-05,1,18,722
2025-05-14 17:09:36,e49343486df8d74a7b6c72b78cb1e93fffa0bc84ccd39485790c8951c087b77e,896699,64801.0,396.0,0.006111,1,1,192
2025-05-14 17:09:36,01071b4e19ff9a09e92d0d486421bd683b00aba41f760bcb57bb879ec3c34f66,896699,95009.0,396.0,0.004168,1,1,191
2025-05-14 17:09:36,d44ad72c56f0292606fc16a542fff6af8b61f2409832ba0cfbb00d16bb0d9e53,896699,20200.0,396.0,0.019604,1,1,191
2025-05-14 17:09:36,5bd9fbef359a895035e26e6d85831a0ab0956eda1faba441a01fa87078460a3b,896699,43290.0,396.0,0.009148,1,1,191
2025-05-14 17:09:36,2f6d51fcd1fb5bc8f89157f1703e519eb8ec93ad9b0824d0fccc7459aed51128,896699,47974.0,396.0,0.008254,1,1,191
2025-05-14 17:09:36,7af15d66db11bda30e296713b3df62a0540b95ee4c689db7d3bfd610035b0227,896699,14113.0,396.0,0.028059,1,1,191
2025-05-14 17:09:36,1f8a523cccbea8b287df6ed7e5b8cef82217da0a0b7c04669a5755331d860979,896699,24491.0,641.0,0.026173,2,1,341
2025-05-14 17:09:36,cbc0958bd6be16a886544c1300ea480c7b79325aef85b9c183fd8ec1acfef9f6,896699,83253383.0,508.0,6e-06,1,2,222
2025-05-14 17:09:36,5335d482e38f080543eb46a666a27c6e8e4a1203dc3a9e0244af7c25eb4f84b5,896699,69873584.0,508.0,7e-06,1,2,222
2025-05-14 17:09:36,5e2f789d8104740fdf63940da21d099adbd93da5cbf2f6d72ebf9531291a9aa8,896699,2032999.0,508.0,0.00025,1,2,222
2025-05-14 17:09:36,7c61600efee6970ac30e1d22336fcc18b4738cdb29e86dbdfcb68b69451d128a,896699,21558423.0,508.0,2.4e-05,1,2,223
2025-05-14 17:09:36,0bb94b2a83697cb969b5ecf2a8dfc6c3f04f2a9c9ba9b2cf0fcf595b3684ba87,896699,106208377.0,508.0,5e-06,1,2,222
2025-05-14 17:09:36,5ef3ef52c08c231677cbf31d90265b43362ac175bc26840e47b783c2b38e9d7a,896699,3387673986.0,508.0,0.0,1,2,222
2025-05-14 17:09:36,fe14fc05a7911ac56587333d20fbb4153480fec1fa6a9ade71d37ef1ff447166,896699,50049944.0,508.0,1e-05,1,2,223
2025-05-14 17:09:36,8bc4999299176ca17111effacbcea3e242ae9f12bec21b2bd227a3b9af1db044,896699,895756390.0,508.0,1e-06,1,2,222
2025-05-14 17:09:36,65fa057cbbc3a1e02b7d4878d1afb5375a8f14f7940f4646cf1089991123a36d,896699,28126.0,400.0,0.014222,1,1,193
2025-05-14 17:09:36,23946cbf36c8882729f80ca76fb7db3ba7f42cf37f82a289652edeebc43a72e1,896699,40480.0,520.0,0.012846,1,2,222
2025-05-14 17:09:36,c3506b6bfd56df4cfa29a133425a5a28952afbe82a89ff5a65010009e1544877,896699,93696803.0,5900.0,6.3e-05,1,49,1721
2025-05-14 17:09:36,96d2d9aff01b3f7ce1719a049eea95aebaee2b754bcd846acf88e6a17dc7b6bc,896699,2078898.0,593.0,0.000285,1,2,245
2025-05-14 17:09:36,623568e05f1d18e7c4cdeb4fb6059aeab4cd3acade1c45c9398c5128d31acdc8,896699,51949259.0,61574.0,0.001185,250,1,37166
2025-05-14 17:09:36,ea04853bc9b38fbc1fbc1fba18c677e5d875289a994e5ad3d7ea1cdedf59d908,896699,19999158.0,842.0,4.2e-05,1,2,232
2025-05-14 17:09:36,7a6ba7162346a970d3585865c54538b060e713f9234e03d78d53ee7d394107d9,896699,33470570.0,689.0,2.1e-05,1,2,380
2025-05-14 17:09:36,63488df9c95aa421e9a50fe65e1adcddc772726ae618a1310f6f42de685f5e92,896699,259012402.0,5634.0,2.2e-05,1,46,1624
2025-05-14 17:09:36,cc27200b81309ab72d1d01eafee54299ea3baccb9a2082fbb8afeea293ef5458,896699,17068966.0,5459.0,0.00032,1,44,1576
2025-05-14 17:09:36,85676925be39c5f90ddcf7d05658cb9c88b00365e31e3c923dbf5b6b70d99ed0,896699,177340572.0,3553.0,2e-05,1,28,1054
2025-05-14 17:09:36,0939b0fe29e2c28b404b5424a9ec2bebc2a5b5e4c5f2af9fe6f1db57187e2806,896699,17942746.0,3104.0,0.000173,1,23,931
2025-05-14 17:09:36,a8c04b97b6f7ca746aaa4bf5972b24090ac27502fb59d8f892f38a4e5ffbd7ef,896699,916868.0,632.0,0.000689,1,2,255
2025-05-14 17:09:36,d6e4b8c7ab4ad3c003154335b357c8b07f92bfa3c3bab42c2f6b5a80ddcfb36f,896699,1912250.0,632.0,0.000331,1,2,254
2025-05-14 17:09:36,67d369cd9bcf132b453f45d1de71feff38cb1b2cbaf96cdce5df9b328a064313,896699,334260.0,1259.0,0.003767,4,2,666
2025-05-14 17:09:36,5d547ac484d9ddcbaa2fcaec16653165330f95e8edd3413a3b1070f2acc53a26,896699,20746866488.0,5434.0,0.0,10,2,3374
2025-05-14 17:09:36,55f4985272e158a7030f0a276ff22c22a342828c91a6261f0d671e3e44944483,896699,1531361.0,824.0,0.000538,1,2,416
2025-05-14 17:09:36,ca045173117e11a3509ef2aec9577335a91843b50d61949cfc5f2d4b729d4c61,896699,7112140.0,1859.0,0.000261,4,2,1264
2025-05-14 17:09:36,6e50f1440d5fe74cf83b52729e3d217ea495d5cb19457044d1395727594a7ddd,896699,247395082.0,979.0,4e-06,1,4,479
2025-05-14 17:09:36,59338ca4b0eeda849255f40e588979ecfe5b89df1ef316cc1bbcc28aed4f2795,896699,547188.0,421.0,0.000769,1,1,191
2025-05-14 17:09:36,5c563331427f70695828823fcc9b8d489e94ca51331208fd12a73b9b3f5ba136,896699,147416.0,643.0,0.004362,1,2,222
2025-05-14 17:09:36,8d81e46a7cc4cf2648aed7bd834134bf55c6c0bedeabe917a121fdb3c9c1babb,896699,461386.0,697.0,0.001511,2,2,371
2025-05-14 17:09:36,055d965a5717b8bf0ce751290f9a9c91834874851a8b92bbcca4b8c82c28dab2,896699,47662.0,693.0,0.01454,1,2,346
2025-05-14 17:09:36,32add78fa2ad66c9f3e236c1d036d11ac28c6bc3fc330daa54b7607157eb2395,896699,207615.0,614.0,0.002957,2,1,262
2025-05-14 17:09:36,49d29eed93809c786a71b91a0df5a4e7177fd453e393f8a837c9f5dad791c1d8,896699,143490.0,1014.0,0.007067,2,2,418
2025-05-14 17:09:36,722757a209ca6e3b6ba0e32cdbe5b157064fb6a42344760bdebbcb74016fd295,896699,33467392.0,511.0,1.5e-05,1,2,224
2025-05-14 17:09:36,d30ae7b668c8dcf3461b73c7e3d8acda8a2f8f5c9141702f535d7cd64fa83c45,896699,21710473.0,553.0,2.5e-05,1,2,223
2025-05-14 17:09:36,7b3ed75ed7fb4d812385123bd1d974b19d6595d696ff778310270ae6660a806e,896699,246134.0,1078.0,0.00438,3,2,518
2025-05-14 17:09:36,3d45e46fb97fafd7e19cf1dc4fda9cb9159dabc926a1f9f55befc0331352238d,896699,157853.0,2139.0,0.013551,7,2,1110
2025-05-14 17:09:36,508af74f9ef9265e3c49ec00623ae2af7a56abf98e83772d9752b6152261fe84,896699,107141982.0,646.0,6e-06,1,2,246
2025-05-14 17:09:36,1a8eca92a710fc90d679b536e017be54b8332642ef246da75cc6c2cb4e5eb1de,896699,926765.0,1004.0,0.001083,2,2,419
2025-05-14 17:09:36,d5693ef35b789fe7a2f840b8ece87506bf6640150febdb1ae645ac7ed21d004f,896699,841619.0,436.0,0.000518,1,1,192
2025-05-14 17:09:36,fd4aeb202e027d6f8fa569ff4c4038aee37ae7974ee3b4b77974010306211a44,896699,330772.0,444.0,0.001342,1,1,195
2025-05-14 17:09:36,025e1dfe6c3ca2242b778a8c9b039dca079a59b5093880f5a80f0bd0821ec3c4,896699,95366.0,563.0,0.005904,1,2,194
2025-05-14 17:09:36,2cc270b09973399bf5b89dcf8ed3bfea9ad38307820d05119e0b610c6969b9fd,896699,20784.0,560.0,0.026944,1,2,224
2025-05-14 17:09:36,1f9c4a3f486913a3d183d488ec5f41a6edbabc3b73a459c08b64eb891b8ad110,896699,11282992.0,880.0,7.8e-05,1,2,223
2025-05-14 17:09:36,57d63f81ffe13afe01572d692283b027529f20256673e9b1d89315c77e5298c3,896699,165242.0,558.0,0.003377,1,1,307
2025-05-14 17:09:36,371ce3cde4e03496632f1e83276f3a3c06902fb13720539812ece24227322db8,896699,499999883.0,558.0,1e-06,1,2,222
2025-05-14 17:09:36,80439b077ba812f3648b64fe1f9f04c503d4ce9acd2022154a5736d8890e589d,896699,243979.0,558.0,0.002287,1,2,223
2025-05-14 17:09:36,2a8e1a4ce7cc77c6d57759166b0db7d8e4d167a01f6508538a22fa93aa12b42c,896699,7442.0,558.0,0.07498,1,2,223
2025-05-14 17:09:36,d92b7b84563129b72da36821cfc95913cec96102e8a15f9fbc1214ed6c7c6b27,896699,3144976.0,558.0,0.000177,1,2,223
2025-05-14 17:09:36,1c110c621220636e55a7243d1ceec529846e322e654578f504597433660c973b,896699,2273916.0,828.0,0.000364,2,2,371
2025-05-14 17:09:36,43a5f563ca7f976ba60d7efff4f2dd2afb99a01518b7a35cb5c7d046b6260a16,896699,16698909.0,828.0,5e-05,2,2,371
2025-05-14 17:09:36,178fad1317fa3e8248cac9f36a478848d16638cbe463d6f8c8d054dcf1886081,896699,84764.0,563.0,0.006642,1,2,224
2025-05-14 17:09:36,618dca66ae27eab97481013ffd3d43dabf379d978da6c7d0600cb957e14aca58,896699,44347170.0,830.0,1.9e-05,2,2,372
2025-05-14 17:09:36,a2a3186e0867699375560ef43dc2dbf97d35e73f05470610dd90025340525bea,896699,831491.0,564.0,0.000678,1,2,224
2025-05-14 17:09:36,711a884d89e80b453cb981672d78fc38dee976da4554502effcd56a4d4b898d3,896699,3391216.0,564.0,0.000166,1,2,223
2025-05-14 17:09:36,f5d359ffdb5ed151d2117f5cd2869526651ed98351af426afa4d8086e963afb4,896699,2478.0,437.0,0.176352,1,1,192
2025-05-14 17:09:36,5f1073ee436f1a8b9e6c8248627295560b22e02e36fcc66f256a43175abec369,896699,3425813.0,1908.0,0.000557,6,2,966
2025-05-14 17:09:36,92829c35f9919f323b51b3448b0cdcb111f67281f5e09e0cd163a1db81a46cb6,896699,59542.0,481.0,0.008078,1,2,203
2025-05-14 17:09:36,2d68fc85fc086fff041ddef7b25bc2ac699aabd4991146efa3ba575d8aa261c4,896699,1058660.0,827.0,0.000781,2,2,370
2025-05-14 17:09:36,cf079a2944f35572d060dc8b0e54bbc3a83fc7642358316e92d231fd82d0fc7c,896699,120926.0,561.0,0.004639,1,2,222
2025-05-14 17:09:36,0e3ea19d877d05f29629182622ade782234be669db234780380e36beb608d924,896699,204951.0,561.0,0.002737,1,2,222
2025-05-14 17:09:36,74c641d8b3b56c1be58376f48759df63075be8747c81865fc93e2e9fe9cc771f,896699,63603.0,561.0,0.00882,1,2,222
2025-05-14 17:09:36,1bab9a4744793f8f38a705a1b622f32d8fd5bcecbda5428d3898bb7b218bf24e,896699,350111.0,565.0,0.001614,1,2,224
2025-05-14 17:09:36,ac75f531eee072cfd3d1aeb9c5b93f2d222f42dc2285b49bfb511e73be450ea3,896699,403035.0,573.0,0.001422,1,2,225
2025-05-14 17:09:36,84a80c34957ce207f8f3df6ecca8edcb27e425db9bb29e6ee452558f56315096,896699,424449.0,573.0,0.00135,1,2,226
2025-05-14 17:09:36,6f829aaf15c0ea9d73c1e5787622986c72cdc00fe0aa68aa9ee46ac0e0574415,896699,93177.0,605.0,0.006493,1,3,233
2025-05-14 17:09:36,f7c4592e8c7bd539385083fbd4a4a4fa9f1219bb743820aa9e0aef4afa5107e6,896699,244815.0,828.0,0.003382,2,2,370
2025-05-14 17:09:36,87b52a34585383a058f3c7047474344cf21a6b3b8b5e27cd7def373e2f035d39,896699,14336046.0,836.0,5.8e-05,2,2,373
2025-05-14 17:09:36,a9ed8cecd075e115662dedfafdc7cd3bc06855435e32f5a086b933b97c654e68,896699,83112.0,562.0,0.006762,1,2,223
2025-05-14 17:09:36,788f6b2602e28b99ec7af1101f3d5b162ad4b39fa5eea687acc8fd7cd658aa58,896699,161473.0,562.0,0.00348,1,2,222
2025-05-14 17:09:36,f032f8412284a9d53d5907783cb851ea6de83945dd1437dc34ea9cb1073ee088,896699,10946910260.0,18724.0,2e-06,31,12,10575
2025-05-14 17:09:36,3c35692eefc30efe0d2e1504d45cd682505380c6e6c888b9bc09a40f16908592,896699,9134505529.0,18628.0,2e-06,31,11,10542
2025-05-14 17:09:36,a64ef51c3ed11374fa980e2b6792b9ebfb6e0f350f8f75b40b07b514e11dafff,896699,14432467.0,660.0,4.6e-05,1,2,246
2025-05-14 17:09:36,72dfd243132880379dc273aa418874ec86ca615e04483af6922f7e5c75150bfd,896699,120441.0,452.0,0.003753,1,1,194
2025-05-14 17:09:36,2b2cc3770ed2328511df6fa09732ed2f294db3ca779bdba382af68314c86adf9,896699,96167.0,452.0,0.0047,1,1,194
2025-05-14 17:09:36,c49bebbd7abe877c66d1af7b1f6dc2545d854f110d2a18373d4d99167d55e7f7,896699,10201810.0,564.0,5.5e-05,1,2,222
2025-05-14 17:09:36,c59e263cb9a2b769997f258fbd0d830190861c7bd9f924b6b36b5cda148c1af7,896699,3436806.0,576.0,0.000168,1,2,225
2025-05-14 17:09:36,e829e3040e60291d046586110658e2764605aaee2fc9a41732ff78c211b330f5,896699,17176.0,716.0,0.041686,2,1,342
2025-05-14 17:09:36,e1783befe829b4eb5cd56bc21eb538803c8b11bb5aea7fb3e610f764613127f5,896699,58436.0,564.0,0.009652,1,2,222
2025-05-14 17:09:36,2aedada55268d1661c787c70b6970c8e4a320036f2271f3c981ae6b6c000dbf3,896699,231638.0,440.0,0.0019,1,1,191
2025-05-14 17:09:36,aa6a5da2fe40dc4a490ed554481d9cc3b87b5d575659a69c301cd84a21bbd2f2,896699,131982.0,440.0,0.003334,1,1,191
2025-05-14 17:09:36,f4c1330c686314d798a3bff4a689f3cdc7395e63833b02f4fe47df1e50fda2ee,896699,573.0,444.0,0.774869,1,1,193
2025-05-14 17:09:36,2a3dff34b87c9f7fe85e8d77ab6c7271c4a517b7fff7ef78922abd15553692eb,896699,199880.0,564.0,0.002822,1,2,222
2025-05-14 17:09:36,b66ef1f3358b20e76d6c636ae964a47b03840d3942acddc937cbcfef7eed1ee9,896699,447436.0,564.0,0.001261,1,2,223
2025-05-14 17:09:36,1ed9df845b143e9cc0d20b17495dca3702fd87dbaf435fa45fb2f49dedc03de4,896699,2270868.0,452.0,0.000199,1,1,195
2025-05-14 17:09:36,505b9ce697d8e3984b965c583b683e5d39dc45f7b38689311181a255dae413e4,896699,279143161.0,564.0,2e-06,1,2,222
2025-05-14 17:09:36,32d150bd795a119178f6e0f8e93ef6301d5f513583e4f4073856416282c6b6e1,896699,133641.0,452.0,0.003382,1,1,194
2025-05-14 17:09:36,4bff74c605e505b035a81c18cccace59dda9bda1b03936b2cb02bcb2a0d8c7e0,896699,466170.0,564.0,0.00121,1,2,222
2025-05-14 17:09:36,7f4a18ca16894e47fae8f4ca0100d047e92dc4e1efa5b8570a6869187abbc3bc,896699,4902677.0,997.0,0.000203,3,2,520
2025-05-14 17:09:36,c869ba3413ad7625b29a962514a5fdac5f8ef75f795acc9415aaa46b7a9a0865,896699,2290542959.0,3031.0,1e-06,1,23,924
2025-05-14 17:09:36,0f9526791bc29df52528214857c54d7c031b3273aac84a709e18702fb6f485ec,896699,14604.0,396.0,0.027116,1,1,192
2025-05-14 17:09:36,ee497671d53285c45b64da5b780dea126cb31f12be6a4dcd9dfde832299400c9,896699,86276.0,396.0,0.00459,1,1,192
2025-05-14 17:09:36,bcb01bc2d81227e8ca4f2e70e9a9749a395f782a8c10016ae42b3b7a315f91b0,896699,89519.0,396.0,0.004424,1,1,192
2025-05-14 17:09:36,f500e7d511021001c7d537d688d161a52d89c59a236fc9e96a8c3739512775ab,896699,41957627.0,2304.0,5.5e-05,1,18,722
2025-05-14 17:09:36,e49343486df8d74a7b6c72b78cb1e93fffa0bc84ccd39485790c8951c087b77e,896699,64801.0,396.0,0.006111,1,1,192
2025-05-14 17:09:36,01071b4e19ff9a09e92d0d486421bd683b00aba41f760bcb57bb879ec3c34f66,896699,95009.0,396.0,0.004168,1,1,191
2025-05-14 17:09:36,d44ad72c56f0292606fc16a542fff6af8b61f2409832ba0cfbb00d16bb0d9e53,896699,20200.0,396.0,0.019604,1,1,191
2025-05-14 17:09:36,5bd9fbef359a895035e26e6d85831a0ab0956eda1faba441a01fa87078460a3b,896699,43290.0,396.0,0.009148,1,1,191
2025-05-14 17:09:36,2f6d51fcd1fb5bc8f89157f1703e519eb8ec93ad9b0824d0fccc7459aed51128,896699,47974.0,396.0,0.008254,1,1,191
2025-05-14 17:09:36,7af15d66db11bda30e296713b3df62a0540b95ee4c689db7d3bfd610035b0227,896699,14113.0,396.0,0.028059,1,1,191
2025-05-14 17:09:36,1f8a523cccbea8b287df6ed7e5b8cef82217da0a0b7c04669a5755331d860979,896699,24491.0,641.0,0.026173,2,1,341
2025-05-14 17:09:36,cbc0958bd6be16a886544c1300ea480c7b79325aef85b9c183fd8ec1acfef9f6,896699,83253383.0,508.0,6e-06,1,2,222
2025-05-14 17:09:36,5335d482e38f080543eb46a666a27c6e8e4a1203dc3a9e0244af7c25eb4f84b5,896699,69873584.0,508.0,7e-06,1,2,222
2025-05-14 17:09:36,5e2f789d8104740fdf63940da21d099adbd93da5cbf2f6d72ebf9531291a9aa8,896699,2032999.0,508.0,0.00025,1,2,222
2025-05-14 17:09:36,7c61600efee6970ac30e1d22336fcc18b4738cdb29e86dbdfcb68b69451d128a,896699,21558423.0,508.0,2.4e-05,1,2,223
2025-05-14 17:09:36,0bb94b2a83697cb969b5ecf2a8dfc6c3f04f2a9c9ba9b2cf0fcf595b3684ba87,896699,106208377.0,508.0,5e-06,1,2,222
2025-05-14 17:09:36,5ef3ef52c08c231677cbf31d90265b43362ac175bc26840e47b783c2b38e9d7a,896699,3387673986.0,508.0,0.0,1,2,222
2025-05-14 17:09:36,fe14fc05a7911ac56587333d20fbb4153480fec1fa6a9ade71d37ef1ff447166,896699,50049944.0,508.0,1e-05,1,2,223
2025-05-14 17:09:36,8bc4999299176ca17111effacbcea3e242ae9f12bec21b2bd227a3b9af1db044,896699,895756390.0,508.0,1e-06,1,2,222
2025-05-14 17:09:36,65fa057cbbc3a1e02b7d4878d1afb5375a8f14f7940f4646cf1089991123a36d,896699,28126.0,400.0,0.014222,1,1,193
2025-05-14 17:09:36,23946cbf36c8882729f80ca76fb7db3ba7f42cf37f82a289652edeebc43a72e1,896699,40480.0,520.0,0.012846,1,2,222
2025-05-14 17:09:36,c3506b6bfd56df4cfa29a133425a5a28952afbe82a89ff5a65010009e1544877,896699,93696803.0,5900.0,6.3e-05,1,49,1721
2025-05-14 17:09:36,96d2d9aff01b3f7ce1719a049eea95aebaee2b754bcd846acf88e6a17dc7b6bc,896699,2078898.0,593.0,0.000285,1,2,245
2025-05-14 17:09:36,623568e05f1d18e7c4cdeb4fb6059aeab4cd3acade1c45c9398c5128d31acdc8,896699,51949259.0,61574.0,0.001185,250,1,37166
2025-05-14 17:09:36,ea04853bc9b38fbc1fbc1fba18c677e5d875289a994e5ad3d7ea1cdedf59d908,896699,19999158.0,842.0,4.2e-05,1,2,232
2025-05-14 17:09:36,7a6ba7162346a970d3585865c54538b060e713f9234e03d78d53ee7d394107d9,896699,33470570.0,689.0,2.1e-05,1,2,380
2025-05-14 17:09:36,63488df9c95aa421e9a50fe65e1adcddc772726ae618a1310f6f42de685f5e92,896699,259012402.0,5634.0,2.2e-05,1,46,1624
2025-05-14 17:09:36,cc27200b81309ab72d1d01eafee54299ea3baccb9a2082fbb8afeea293ef5458,896699,17068966.0,5459.0,0.00032,1,44,1576
2025-05-14 17:09:36,85676925be39c5f90ddcf7d05658cb9c88b00365e31e3c923dbf5b6b70d99ed0,896699,177340572.0,3553.0,2e-05,1,28,1054
2025-05-14 17:09:36,0939b0fe29e2c28b404b5424a9ec2bebc2a5b5e4c5f2af9fe6f1db57187e2806,896699,17942746.0,3104.0,0.000173,1,23,931
2025-05-14 17:09:36,a8c04b97b6f7ca746aaa4bf5972b24090ac27502fb59d8f892f38a4e5ffbd7ef,896699,916868.0,632.0,0.000689,1,2,255
2025-05-14 17:09:36,d6e4b8c7ab4ad3c003154335b357c8b07f92bfa3c3bab42c2f6b5a80ddcfb36f,896699,1912250.0,632.0,0.000331,1,2,254
2025-05-14 17:09:36,67d369cd9bcf132b453f45d1de71feff38cb1b2cbaf96cdce5df9b328a064313,896699,334260.0,1259.0,0.003767,4,2,666
2025-05-14 17:09:36,5d547ac484d9ddcbaa2fcaec16653165330f95e8edd3413a3b1070f2acc53a26,896699,20746866488.0,5434.0,0.0,10,2,3374
2025-05-14 17:09:36,55f4985272e158a7030f0a276ff22c22a342828c91a6261f0d671e3e44944483,896699,1531361.0,824.0,0.000538,1,2,416
2025-05-14 17:09:36,ca045173117e11a3509ef2aec9577335a91843b50d61949cfc5f2d4b729d4c61,896699,7112140.0,1859.0,0.000261,4,2,1264
2025-05-14 17:09:36,6e50f1440d5fe74cf83b52729e3d217ea495d5cb19457044d1395727594a7ddd,896699,247395082.0,979.0,4e-06,1,4,479
2025-05-14 17:09:36,59338ca4b0eeda849255f40e588979ecfe5b89df1ef316cc1bbcc28aed4f2795,896699,547188.0,421.0,0.000769,1,1,191
2025-05-14 17:09:36,5c563331427f70695828823fcc9b8d489e94ca51331208fd12a73b9b3f5ba136,896699,147416.0,643.0,0.004362,1,2,222
2025-05-14 17:09:36,8d81e46a7cc4cf2648aed7bd834134bf55c6c0bedeabe917a121fdb3c9c1babb,896699,461386.0,697.0,0.001511,2,2,371
2025-05-14 17:09:36,055d965a5717b8bf0ce751290f9a9c91834874851a8b92bbcca4b8c82c28dab2,896699,47662.0,693.0,0.01454,1,2,346
2025-05-14 17:09:36,32add78fa2ad66c9f3e236c1d036d11ac28c6bc3fc330daa54b7607157eb2395,896699,207615.0,614.0,0.002957,2,1,262
2025-05-14 17:09:36,49d29eed93809c786a71b91a0df5a4e7177fd453e393f8a837c9f5dad791c1d8,896699,143490.0,1014.0,0.007067,2,2,418
2025-05-14 17:09:36,722757a209ca6e3b6ba0e32cdbe5b157064fb6a42344760bdebbcb74016fd295,896699,33467392.0,511.0,1.5e-05,1,2,224
2025-05-14 17:09:36,d30ae7b668c8dcf3461b73c7e3d8acda8a2f8f5c9141702f535d7cd64fa83c45,896699,21710473.0,553.0,2.5e-05,1,2,223
2025-05-14 17:09:36,7b3ed75ed7fb4d812385123bd1d974b19d6595d696ff778310270ae6660a806e,896699,246134.0,1078.0,0.00438,3,2,518
2025-05-14 17:09:36,3d45e46fb97fafd7e19cf1dc4fda9cb9159dabc926a1f9f55befc0331352238d,896699,157853.0,2139.0,0.013551,7,2,1110
2025-05-14 17:09:36,508af74f9ef9265e3c49ec00623ae2af7a56abf98e83772d9752b6152261fe84,896699,107141982.0,646.0,6e-06,1,2,246
2025-05-14 17:09:36,1a8eca92a710fc90d679b536e017be54b8332642ef246da75cc6c2cb4e5eb1de,896699,926765.0,1004.0,0.001083,2,2,419
2025-05-14 17:09:36,d5693ef35b789fe7a2f840b8ece87506bf6640150febdb1ae645ac7ed21d004f,896699,841619.0,436.0,0.000518,1,1,192
2025-05-14 17:09:36,fd4aeb202e027d6f8fa569ff4c4038aee37ae7974ee3b4b77974010306211a44,896699,330772.0,444.0,0.001342,1,1,195
2025-05-14 17:09:36,025e1dfe6c3ca2242b778a8c9b039dca079a59b5093880f5a80f0bd0821ec3c4,896699,95366.0,563.0,0.005904,1,2,194
2025-05-14 17:09:36,2cc270b09973399bf5b89dcf8ed3bfea9ad38307820d05119e0b610c6969b9fd,896699,20784.0,560.0,0.026944,1,2,224
2025-05-14 17:09:36,1f9c4a3f486913a3d183d488ec5f41a6edbabc3b73a459c08b64eb891b8ad110,896699,11282992.0,880.0,7.8e-05,1,2,223
2025-05-14 17:09:36,57d63f81ffe13afe01572d692283b027529f20256673e9b1d89315c77e5298c3,896699,165242.0,558.0,0.003377,1,1,307
2025-05-14 17:09:36,371ce3cde4e03496632f1e83276f3a3c06902fb13720539812ece24227322db8,896699,499999883.0,558.0,1e-06,1,2,222
2025-05-14 17:09:36,80439b077ba812f3648b64fe1f9f04c503d4ce9acd2022154a5736d8890e589d,896699,243979.0,558.0,0.002287,1,2,223
2025-05-14 17:09:36,2a8e1a4ce7cc77c6d57759166b0db7d8e4d167a01f6508538a22fa93aa12b42c,896699,7442.0,558.0,0.07498,1,2,223
2025-05-14 17:09:36,d92b7b84563129b72da36821cfc95913cec96102e8a15f9fbc1214ed6c7c6b27,896699,3144976.0,558.0,0.000177,1,2,223
2025-05-14 17:09:36,1c110c621220636e55a7243d1ceec529846e322e654578f504597433660c973b,896699,2273916.0,828.0,0.000364,2,2,371
2025-05-14 17:09:36,43a5f563ca7f976ba60d7efff4f2dd2afb99a01518b7a35cb5c7d046b6260a16,896699,16698909.0,828.0,5e-05,2,2,371
2025-05-14 17:09:36,178fad1317fa3e8248cac9f36a478848d16638cbe463d6f8c8d054dcf1886081,896699,84764.0,563.0,0.006642,1,2,224
2025-05-14 17:09:36,618dca66ae27eab97481013ffd3d43dabf379d978da6c7d0600cb957e14aca58,896699,44347170.0,830.0,1.9e-05,2,2,372
2025-05-14 17:09:36,a2a3186e0867699375560ef43dc2dbf97d35e73f05470610dd90025340525bea,896699,831491.0,564.0,0.000678,1,2,224
2025-05-14 17:09:36,711a884d89e80b453cb981672d78fc38dee976da4554502effcd56a4d4b898d3,896699,3391216.0,564.0,0.000166,1,2,223
2025-05-14 17:09:36,f5d359ffdb5ed151d2117f5cd2869526651ed98351af426afa4d8086e963afb4,896699,2478.0,437.0,0.176352,1,1,192
2025-05-14 17:09:36,5f1073ee436f1a8b9e6c8248627295560b22e02e36fcc66f256a43175abec369,896699,3425813.0,1908.0,0.000557,6,2,966
2025-05-14 17:09:36,92829c35f9919f323b51b3448b0cdcb111f67281f5e09e0cd163a1db81a46cb6,896699,59542.0,481.0,0.008078,1,2,203
2025-05-14 17:09:36,2d68fc85fc086fff041ddef7b25bc2ac699aabd4991146efa3ba575d8aa261c4,896699,1058660.0,827.0,0.000781,2,2,370
2025-05-14 17:09:36,cf079a2944f35572d060dc8b0e54bbc3a83fc7642358316e92d231fd82d0fc7c,896699,120926.0,561.0,0.004639,1,2,222
2025-05-14 17:09:36,0e3ea19d877d05f29629182622ade782234be669db234780380e36beb608d924,896699,204951.0,561.0,0.002737,1,2,222
2025-05-14 17:09:36,74c641d8b3b56c1be58376f48759df63075be8747c81865fc93e2e9fe9cc771f,896699,63603.0,561.0,0.00882,1,2,222
2025-05-14 17:09:36,1bab9a4744793f8f38a705a1b622f32d8fd5bcecbda5428d3898bb7b218bf24e,896699,350111.0,565.0,0.001614,1,2,224
2025-05-14 17:09:36,ac75f531eee072cfd3d1aeb9c5b93f2d222f42dc2285b49bfb511e73be450ea3,896699,403035.0,573.0,0.001422,1,2,225
2025-05-14 17:09:36,84a80c34957ce207f8f3df6ecca8edcb27e425db9bb29e6ee452558f56315096,896699,424449.0,573.0,0.00135,1,2,226
2025-05-14 17:09:36,6f829aaf15c0ea9d73c1e5787622986c72cdc00fe0aa68aa9ee46ac0e0574415,896699,93177.0,605.0,0.006493,1,3,233
2025-05-14 17:09:36,f7c4592e8c7bd539385083fbd4a4a4fa9f1219bb743820aa9e0aef4afa5107e6,896699,244815.0,828.0,0.003382,2,2,370
2025-05-14 17:09:36,87b52a34585383a058f3c7047474344cf21a6b3b8b5e27cd7def373e2f035d39,896699,14336046.0,836.0,5.8e-05,2,2,373
2025-05-14 17:09:36,a9ed8cecd075e115662dedfafdc7cd3bc06855435e32f5a086b933b97c654e68,896699,83112.0,562.0,0.006762,1,2,223
2025-05-14 17:09:36,788f6b2602e28b99ec7af1101f3d5b162ad4b39fa5eea687acc8fd7cd658aa58,896699,161473.0,562.0,0.00348,1,2,222
2025-05-14 17:09:36,f032f8412284a9d53d5907783cb851ea6de83945dd1437dc34ea9cb1073ee088,896699,10946910260.0,18724.0,2e-06,31,12,10575
2025-05-14 17:09:36,3c35692eefc30efe0d2e1504d45cd682505380c6e6c888b9bc09a40f16908592,896699,9134505529.0,18628.0,2e-06,31,11,10542
2025-05-14 17:09:36,a64ef51c3ed11374fa980e2b6792b9ebfb6e0f350f8f75b40b07b514e11dafff,896699,14432467.0,660.0,4.6e-05,1,2,246
2025-05-14 17:09:36,72dfd243132880379dc273aa418874ec86ca615e04483af6922f7e5c75150bfd,896699,120441.0,452.0,0.003753,1,1,194
2025-05-14 17:09:36,2b2cc3770ed2328511df6fa09732ed2f294db3ca779bdba382af68314c86adf9,896699,96167.0,452.0,0.0047,1,1,194
2025-05-14 17:09:36,c49bebbd7abe877c66d1af7b1f6dc2545d854f110d2a18373d4d99167d55e7f7,896699,10201810.0,564.0,5.5e-05,1,2,222
2025-05-14 17:09:36,c59e263cb9a2b769997f258fbd0d830190861c7bd9f924b6b36b5cda148c1af7,896699,3436806.0,576.0,0.000168,1,2,225
2025-05-14 17:09:36,e829e3040e60291d046586110658e2764605aaee2fc9a41732ff78c211b330f5,896699,17176.0,716.0,0.041686,2,1,342
2025-05-14 17:09:36,e1783befe829b4eb5cd56bc21eb538803c8b11bb5aea7fb3e610f764613127f5,896699,58436.0,564.0,0.009652,1,2,222
2025-05-14 17:09:36,2aedada55268d1661c787c70b6970c8e4a320036f2271f3c981ae6b6c000dbf3,896699,231638.0,440.0,0.0019,1,1,191
2025-05-14 17:09:36,aa6a5da2fe40dc4a490ed554481d9cc3b87b5d575659a69c301cd84a21bbd2f2,896699,131982.0,440.0,0.003334,1,1,191
2025-05-14 17:09:36,f4c1330c686314d798a3bff4a689f3cdc7395e63833b02f4fe47df1e50fda2ee,896699,573.0,444.0,0.774869,1,1,193
2025-05-14 17:09:36,2a3dff34b87c9f7fe85e8d77ab6c7271c4a517b7fff7ef78922abd15553692eb,896699,199880.0,564.0,0.002822,1,2,222
2025-05-14 17:09:36,b66ef1f3358b20e76d6c636ae964a47b03840d3942acddc937cbcfef7eed1ee9,896699,447436.0,564.0,0.001261,1,2,223
2025-05-14 17:09:36,1ed9df845b143e9cc0d20b17495dca3702fd87dbaf435fa45fb2f49dedc03de4,896699,2270868.0,452.0,0.000199,1,1,195
2025-05-14 17:09:36,505b9ce697d8e3984b965c583b683e5d39dc45f7b38689311181a255dae413e4,896699,279143161.0,564.0,2e-06,1,2,222
2025-05-14 17:09:36,32d150bd795a119178f6e0f8e93ef6301d5f513583e4f4073856416282c6b6e1,896699,133641.0,452.0,0.003382,1,1,194
2025-05-14 17:09:36,4bff74c605e505b035a81c18cccace59dda9bda1b03936b2cb02bcb2a0d8c7e0,896699,466170.0,564.0,0.00121,1,2,222
2025-05-17 10:23:47,24c497e6316acb7c64e8a6576e7ae2604b531ae669fb6754d428ec699398ec6a,897086,905254.0,1827.0,0.002018,3,2,522
2025-05-17 10:23:47,eca32e3c8a65f2ebb21c8bdaf6253af46032e0176b909c842f637bed31d27e58,897086,468619.0,2820.0,0.006018,2,5,772
2025-05-17 10:23:47,e2ccd48e69182998f95177c290abd4d81fa1dfc1d5aa9eef436ed57cd46107bf,897086,1119232.0,2622.0,0.002343,2,4,739
2025-05-17 10:23:47,fb49959b06290aafda386601e996a4170095252c1b6a010891ca297339c5d7c6,897086,1988920.0,2820.0,0.001418,2,5,772
2025-05-17 10:23:47,0fd5686f085b4f73413d25aefbe237240140dfe6a282f7b8763ffe719fbcddb4,897086,2005020.0,7338.0,0.00366,13,6,2355
2025-05-17 10:23:47,fb871f45ab616d2e22719fea8f9f833545f27bd6f28daefc4666fe6a1c084e57,897086,517398.0,1462.0,0.002826,1,2,223
2025-05-17 10:23:47,bf464180388e5a3292238947a84fe5c5f01440024ee4f17d010b348a305690d3,897086,1392394.0,1393.0,0.001,2,2,374
2025-05-17 10:23:47,6ad1deed4bee80d91f99fb393c7f1a4bdff1bc1869a12295360ef5149c643d7d,897086,7210438.0,2280.0,0.000316,1,4,346
2025-05-17 10:23:47,9defe6405f4c5c4e21133762286e8d163284e90f2207b40c2f0d767ba8665064,897086,1816100.0,931.0,0.000513,1,2,222
2025-05-17 10:23:47,4ccc59b1d08d3a64741f0e7babc28956ca85c4a386a9dea3d432efb13e44a5c5,897086,227491.0,1197.0,0.005262,2,1,343
2025-05-17 10:23:47,3621556b19cd26e5366d2a551fa99b178eaab53e8ba67bfef4d04be42ea23b0a,897086,33706.0,2058.0,0.061057,2,4,410
2025-05-17 10:23:47,1c69cfb8571c675ac239b37977e884b0a823e1da19d34d544be7ad7c5e42cab0,897086,48318432.0,10080.0,0.000209,2,44,1673
2025-05-17 10:23:47,fa7c71a621f1620b093191a2a361ef03364a5fff9e58c25dff005031e9005b86,897086,49239599.0,734.0,1.5e-05,1,1,192
2025-05-17 10:23:47,875fb79e59e43d5602b4990078dfdf5711a4b8ae1242ce76513b36156163c76f,897086,647985.0,3174.0,0.004898,3,4,912
2025-05-17 10:23:47,7ca56ad37be4d251a042f3fd07974c0c5c0da345c60e1f2c322559f6b1620536,897086,672797.0,3174.0,0.004718,3,4,911
2025-05-17 10:23:47,0c251761e311d707d8632a021e70a131a5097a0e10bcde6de60691917c1bd3db,897086,21066.0,964.0,0.045761,1,2,225
2025-05-17 10:23:47,0fca35e91003cf1577fb987ee7e298f998665dd28168afa41062ca74c10f3aca,897086,490557.0,964.0,0.001965,1,2,225
2025-05-17 10:23:47,99abe2e84f86a6be71cf06d7ec260002255aa15b3c1e359f07b6056f0f79bdb9,897086,223886.0,964.0,0.004306,1,2,225
2025-05-17 10:23:47,bd45e5bc75e1d2a26a7167ce6e5e19d74f4625bf6968950d46c0a9deb04a388f,897086,366333.0,964.0,0.002631,1,2,225
2025-05-17 10:23:47,9db2699ff8e6b2b9535531c8f98eed351523ac7477fc911105f92c97b8483075,897086,231035.0,964.0,0.004173,1,2,226
2025-05-17 10:23:47,7f1bd3ce34a8a73ed4f1ff76ae208a819ba44d0bf3d9bb5916c9b179dd357ec6,897086,36870705.0,1728.0,4.7e-05,1,5,340
2025-05-17 10:23:47,cdca5b3fb2e4698a6070665df9abdedda80b222b1c6742d62c6a4b9cbaa2eca5,897086,259371.0,5664.0,0.021837,10,6,1341
2025-05-17 10:23:47,41b8b5ab8a0d5714420bc016e02f9bafae46fbe2e8503688f1381b3d0caf7233,897086,31656.0,1753.0,0.055377,2,1,343
2025-05-17 10:23:47,362aae4606ce514e43868174edcf4a899551307c8a601f56ef3be2b29b987e04,897086,74214.0,4992.0,0.067265,5,4,921
2025-05-17 10:23:47,680e017dd449e8fa68dc9ce99a518309dacc8dceda9d07f6bf13f1a8204bcfd4,897086,58057.0,531.0,0.009146,1,2,257
2025-05-17 10:23:47,243afa9758f0e3af6faa621dabc5f5073c62d262ed58fb6f606c33129e953f69,897086,30039.0,663.0,0.022071,2,2,382
2025-05-17 10:23:47,8868a149f9f54c487dce6869af82feb5fe8c909389108d29d496a20951eec3cc,897086,35845567.0,1116.0,3.1e-05,1,2,246
2025-05-17 10:23:47,a0a25945a37fe09c6594febedbbe0ac669e92c080bca054d8c68034c46fe9bc4,897086,62139.0,964.0,0.015514,1,2,224
2025-05-17 10:23:47,993e545d46d6d57953012e20259bb3add470d95c618bef43cd170ab6a630ad5d,897086,634973.0,964.0,0.001518,1,2,223
2025-05-17 10:23:47,48c32408f03e8b09a3bdf4c762f4d5a0f0c55cdb167fe6be6225b3f9ff209516,897086,55132.0,768.0,0.01393,1,1,195
2025-05-17 10:23:47,6feba7cc77df523ab4c04b1aa205e2c357707773512888adc4a1a357039785d2,897086,116872.0,964.0,0.008248,1,2,222
2025-05-17 10:23:47,63829eb5df052eb3a07204284838ffa26e18b21a4f4c5be1172e4f9839cc56ce,897086,2396207.0,964.0,0.000402,1,2,223
2025-05-17 10:23:47,2bf6dcb73a79b5da8b5c21181ca0ab8939b36d7a092d5250a0c76ed1b240a631,897086,5296791.0,964.0,0.000182,1,2,222
2025-05-17 10:23:47,710be1b155b9f8486c7222919ed74db383c1a201b3f60ece1942cb30e23dde20,897086,130211700.0,966.0,7e-06,1,2,222
2025-05-17 10:23:47,71bf9169607c627c409a8a8588be008662483a78f29392a398b30814390e21fd,897086,35923.0,1172.0,0.032625,1,1,192
2025-05-17 10:23:47,bc411cf3b7d6dfb23996011e1fe965fb37b6059f8be091ec1cefad4ff5e9ca3f,897086,6200376.0,974.0,0.000157,1,4,285
2025-05-17 10:23:47,23940c16f0677703b09aa8448588e88b7e487a504276812a2238b2f144875784,897086,19050555.0,1615.0,8.5e-05,1,5,316
2025-05-17 10:23:47,579039e11e750b63338add80325d27266fad1a352696a3a51ec4dcf3686f7303,897086,17000.0,780.0,0.045882,1,1,194
2025-05-17 10:23:47,e18124b13ad275dffc1d061540ebc581535011f79b9f0a81fe63777d6e49b398,897086,28153.0,781.0,0.027741,1,1,195
2025-05-17 10:23:47,b80517191955716717e9396a8fb494c638d54c5eaee28c099eb775afdbd2f236,897086,4036503.0,975.0,0.000242,1,2,223
2025-05-17 10:23:47,b842a327e19382dc0c2b38b302697973a0aa0a31f3cae7ef0aa2e4f220a924d6,897086,480325.0,769.0,0.001601,1,1,192
2025-05-17 10:23:47,d356701980962fdc20323e9e9d8cc14b8d8a6faae1466f1d69d79c4a1370f2ed,897086,16763.0,763.0,0.045517,1,1,191
2025-05-17 10:23:47,8e5ad8c5825aeab3b75956db7e0798ca0fc78c5f0109a640d92a34750a96e481,897086,24874.0,763.0,0.030675,1,1,191
2025-05-17 10:23:47,024f6643f97f68f0dc821ddd2c4cc2eb439ea8f9f2b4d03e8590a2be7eaa187d,897086,226741.0,763.0,0.003365,1,1,192
2025-05-17 10:23:47,f1ccd207b4c649b7686730caef1d72a80a86ebe4ad571076258acd849fa5016c,897086,46996.0,763.0,0.016235,1,1,192
2025-05-17 10:23:47,cfb2731edf96921a0918476580e6652d26c33fca89e5f8c032831acb3b08ad62,897086,943522.0,763.0,0.000809,1,1,192
2025-05-17 10:23:47,a9924fee21701da2dc94bc3fc2fc2ae8f91e2157866435dbf107d0c647e6154a,897086,100191.0,763.0,0.007615,1,1,191
2025-05-17 10:23:47,969d5198a4e4e67643d07645f1d2abd8037fbabd783f4b194c183f8f07beef32,897086,9236.0,763.0,0.082612,1,1,191
2025-05-17 10:23:47,261268a1f0884c04b6401c546f275697faef7314abf43417ad74f15e11c1d20b,897086,278244.0,763.0,0.002742,1,1,191
2025-05-17 10:23:47,84d7a4e471bbf0da3dc620dc882c4f9e57113fa7241c03bd88fd15e4b4f16a2d,897086,120466.0,770.0,0.006392,1,1,162
2025-05-17 10:23:47,c5768f0cc85734c277cf97d5811eae5c27b63a717522275425eaf86653cbcc78,897086,914960.0,1000.0,0.001093,1,2,226
2025-05-17 10:23:47,2a0f8ecc192e4c0aa4caef7f76d6ca129e5ce3b4fdbf1ef0194fdb25e1003e5a,897086,96099.0,785.0,0.008169,1,1,195
2025-05-17 10:23:47,596fb7523d0273db2b16cb6a950c0a21008a91dc17d5ba2e5222eaee56d2da3d,897086,90353288.0,931.0,1e-05,1,1,215
2025-05-17 10:23:47,9cc74108f9d1fc0719291fb9d6eae52044246781a92f871482751cecac188bdd,897086,13198690.0,2407.0,0.000182,3,2,589
2025-05-17 10:23:47,c2da071accdb5c41940e62a991c6bc34f50b1c1f0dd29bb1f25c5073060dfa17,897086,4085282.0,982.0,0.00024,1,2,222
2025-05-17 10:23:47,7d8f86b2bc260426a9f79094c56b92560bfa18741bd1609cc57b12a9a342a17b,897086,5107819.0,982.0,0.000192,1,2,222
2025-05-17 10:23:47,5f38fb56657491d8f39d0f51173607af456ea0b700dcdb318aa91e06310bc620,897086,6130356.0,2085.0,0.00034,3,2,543
2025-05-17 10:23:47,f4638e5c909a3cf545c76a13be25c8e276c5779f3529c44a5968ce3fbd739bf4,897086,92592.0,1066.0,0.011513,1,3,234
2025-05-17 10:23:47,9f130913c4ab584bb8dec80f7b33b9a82bbb6224f6b4068558c6308f7b11e309,897086,6143524.0,1143.0,0.000186,1,2,246
2025-05-17 10:23:47,9d50680e4f23ff098c8a91c0228134843ebe6a3c290c74c9e6762423c76e8dda,897086,498410.0,1946.0,0.003904,2,1,570
2025-05-17 10:23:47,e2972f93fd89b3cb4582dc84b2039ff8f8351ffc90ea1df56e09d8ebe5089e51,897086,66184.0,769.0,0.011619,1,1,191
2025-05-17 10:23:47,5a927390a655b92b7a053c860f64308e977168117cd8197a8b5d30dcada44c1d,897086,396801.0,769.0,0.001938,1,1,191
2025-05-17 10:23:47,8cb841e1a479e44f2b152d87597a44b97b435d177daaa41821640943a6b8f1e2,897086,775063.0,1162.0,0.001499,1,2,248
2025-05-17 10:23:47,4a6add5b6ba2b1bca05b71cc48e6d42f6cd9e69e7762ae129719730e24fe24d7,897086,529619.0,987.0,0.001864,1,2,222
2025-05-17 10:23:47,0bdb7ae2cce51c3558e08c7cd05e4cb99d19dd47135a1514e718fecdf7caa5ce,897086,112867.0,987.0,0.008745,1,2,223
2025-05-17 10:23:47,bd83653268dbf2ab6f9dcc621b14fc3c5879eddd4f22aaef522ec6d8baa5f9cd,897086,598394.0,1204.0,0.002012,1,3,253
2025-05-17 10:23:47,dd51a8b93ad8751bbe76a105252830a41c3137e9c982d827c12f6679cd6bc1a7,897086,1397955.0,693.0,0.000496,1,1,150
2025-05-17 10:23:47,6a0131b5001533e0200b45222d327dd03f400428f063ba68db1faf8533549996,897086,4813987.0,1421.0,0.000295,1,4,284
2025-05-17 10:23:47,6ba5a1bb2f25682cadbf19deb4b00c720cd9170a7b225ca57b0265b776b1578a,897086,1531728.0,1568.0,0.001024,1,2,224
2025-05-17 10:23:47,7bad3f1d5a97cc6fc67f0c3e341f4aa849ab986d85e6b039d8d7d9acb9ebf488,897086,1262929.0,994.0,0.000787,1,2,223
2025-05-17 10:23:47,e05dccad5ca6e663dbd8c16c86c98dc2b6684a6e6af322f925a6aa1979de9883,897086,2181138.0,987.0,0.000453,1,2,222
2025-05-17 10:23:47,f392c581c3d23af92ed118209842dfee1eb98f132fdf6348d86b9b53fcd75676,897086,1116989.0,1456.0,0.001304,2,2,370
2025-05-17 10:23:47,0ab0ff546046e98953e52d3e7ccb8520387818c5412f3b6a6ee1b89346f6d55f,897086,233555.0,1421.0,0.006084,1,4,284
2025-05-17 10:23:47,f8370ad58ad3d78b95d1542f6c0ea22d7ee0accee432e716fc547ffd3202a458,897086,27157731.0,3157.0,0.000116,1,12,532
2025-05-17 10:23:47,6855e5f08f3227596f5fa3b97df49c7a0264c233c56ff594ff5241c87ac40053,897086,37228.0,1876.0,0.050392,2,2,431
2025-05-17 10:23:47,67a265d816593370dcd9fc517bb6ebf9063ae668e1fd338258457c18eb79ee36,897086,16214633.0,987.0,6.1e-05,1,2,222
2025-05-17 10:23:47,c269012710681b091769b5deb172cfef22265da079bf624bf9ba4f8fbc877735,897086,36476.0,2583.0,0.070814,2,6,470
2025-05-17 10:23:47,7b214566c0d54f429e70d8c3113af118b6c79e99529711ee768f44eb4b672233,897086,536507.0,1008.0,0.001879,1,2,226
2025-05-17 10:23:47,6bb5c293ecbcd8324a1b88d096b11e47e2bb74fe37dd40b08cf135fd73feb02b,897086,950884.0,1421.0,0.001494,1,4,284
2025-05-17 10:23:47,6e9b71dabf8f75d56ed739ad57489ed3c415bb8f35d455ccf8353c00906fc022,897086,1913648.0,2086.0,0.00109,1,7,379
2025-05-17 10:23:47,45d46df3c1515d051ecb387196f6ecea0184868a2decc1b263988474b5f0e308,897086,537668.0,1652.0,0.003073,1,5,317
2025-05-17 10:23:47,a0383035d32e2d9460a51ad80befa23c97b60d104fad5da1ef6eed095cff7cc2,897086,1355584.0,2297.0,0.001694,1,8,409
2025-05-17 10:23:47,9e800ba8c67d4f5ea12af624858c02f096493bf89176d993a94b1909f90de72c,897086,348845.0,2205.0,0.006321,3,1,557
2025-05-17 10:23:47,a40b46ba3580ab49e0ac593480e68f5c04808a0149385511fbcf518074897be9,897086,347145.0,1155.0,0.003327,1,2,246
2025-05-17 10:23:47,59987c80c7a53a55a8f84dfa966360f57b945721e47300c695a68ae13487b218,897086,165583.0,3171.0,0.019151,6,1,937
2025-05-17 10:23:47,46754141e96ba20d69442342f96c5a7da7815b8ed795525d97f8e081f111a08d,897086,33959.0,1575.0,0.046379,2,1,386
2025-05-17 10:23:47,21ffd17d8d61bcca1cdf647c1adc68564e89b045df3b57baadac6bf1981beb3a,897086,4998439.0,1561.0,0.000312,1,2,222
2025-05-17 10:23:47,665f3441d4b35bc9e08c42da35da3f36245a6f6928694bff15519c02589beb22,897086,81099.0,1470.0,0.018126,2,2,372
2025-05-17 10:23:47,77e706af8231d77dec6956e61495f8d1ddec89ede7cdec00fff0fa01120ebe52,897086,11859571.0,1225.0,0.000103,1,3,225
2025-05-17 10:23:47,7d4a8ceb02277c0034a4b8cbf07f2cea776940aa109c93ff2b2c8279a7f03184,897086,1935453.0,1183.0,0.000611,1,2,249
2025-05-17 10:23:47,aeab6176416db2a448ff9d763a3a01af3521bbf5033075c36606b6be2316102e,897086,11908273.0,1001.0,8.4e-05,1,2,193
2025-05-17 10:23:47,b16ba611f16e9a16e95155668d7c780d9c2b5591ce200eb742d31cac570f6150,897086,12021828.0,1225.0,0.000102,1,3,225
2025-05-17 10:23:47,17024999ea62006be579c49da492d67e20a7b608fd33f881e7566f3bf49b6d26,897086,9878716.0,1015.0,0.000103,1,2,226
2025-05-17 10:23:47,d184326af25ab88b8b332d393841607cbeb955647ed97f63203cf5aa3a010f6f,897086,11828154.0,1001.0,8.5e-05,1,2,193
2025-05-17 10:23:47,837aea2b8224cb5a8799bfdf9cc075796c909496f4e46e1d87b64ffcfad0beaf,897086,11967052.0,1001.0,8.4e-05,1,2,193
2025-05-17 10:23:47,45649f651e09da4498922750434c3c0d21944ccec133170d47b601b7d5dd66c7,897086,76476.0,994.0,0.012998,1,2,223
2025-05-17 10:23:47,ae21b5bc51dc60244fecb27ff6e48c5a79d860a6931a0d2c2ff1703812ffd7a5,897086,975249.0,994.0,0.001019,1,2,223
2025-05-17 10:23:47,b707b7102ee624800e88f5fa77f3953bb4fef3dd78524cc9ad2537793d01c5c4,897086,416315.0,1960.0,0.004708,3,2,521
2025-05-17 10:23:47,46c4a5d1390ff153cdce1dfdbff96346d884ed19f07ec78cfd861e03593596aa,897086,230406.0,1328.0,0.005764,1,1,188
2025-05-17 10:23:47,c6449602fd9e05790f9d39fa5ea3f01b2f14774a2422c81bc38ab25d256f8ca6,897086,151455.0,1475.0,0.009739,1,3,288
2025-05-11 22:58:45,2b19dca3931625ad787385014195020f802870b7283320a512c3f4e77804cc79,896321,528190.0,731.0,0.001384,1,2,226
2025-05-11 22:58:45,6cd6937cb1306eaa464395f7e77876f7385ab0f6fe81f8c6ffab47a1750f3249,896321,45353.0,731.0,0.016118,1,2,226
2025-05-11 22:58:45,f13a0aa6af95b63f987462f3bf9442f07eda779c414a94fad2fb74aa019cfec1,896321,34130.0,1253.0,0.036713,6,1,685
2025-05-11 22:58:45,f3687fa46e55e55be1f7f8f89ccf4a043ea5fc383ff55c459826c24bee650dba,896321,186915.0,1029.0,0.005505,1,1,191
2025-05-11 22:58:45,63b67dd0ce0be4f23b6f2bda25653414061419af18843349018198ac3c4d170d,896321,432330472.0,396.0,1e-06,1,8,411
2025-05-11 22:58:45,ab64c0c2c8f10e8cbb637f6b58a38a34ac1945d36a0f141289a2872af25a670f,896321,8668768.0,727.0,8.4e-05,1,2,223
2025-05-11 22:58:45,68a3a01e76b85cf73dac0293d0cc8540f497cd45294df53dba4fe45824fffaed,896321,9232368.0,322.0,3.5e-05,1,2,222
2025-05-11 22:58:45,949bf7c681a2238cea3c0a5f241c9b454cfd8cfc27f16a9cb6688c511cd195ea,896321,9429767.0,322.0,3.4e-05,1,2,222
2025-05-11 22:58:45,eed02bdcfbf0e56ccd88432f1c8cbd999b37eda7e0181aa6257ac561fe5b5631,896321,2031824.0,2130.0,0.001048,5,4,1254
2025-05-11 22:58:45,1d0a4cdc5568d3417e75f3df5ccd8224142051a5a6f8b4139b92a58483a7ecbc,896321,112972.0,509.0,0.004506,2,1,259
2025-05-11 22:58:45,d3ff81c5d082081f61613e0782b209c26c6b6adc6e8f18630c739a5ab8e0fe12,896321,2354793.0,1380.0,0.000586,4,2,670
2025-05-11 22:58:45,39c9fc4680c2e876601272003f216580a98a41270aca29d260afefdb5433ca93,896321,773349.0,432.0,0.000559,1,1,214
2025-05-11 22:58:45,a32312366ee811144bca09a494a1ff3dde11eeb7e90aa0a3f27256ab31650e65,896321,18577.0,546.0,0.029391,1,2,249
2025-05-11 22:58:45,fa2c7eb439a776f1fb2fdc0a38de1b00531e45f5a51fe68055f25eae4c9438fd,896321,86802.0,462.0,0.005322,1,2,193
2025-05-11 22:58:45,ce3993d5203eee454e5551319026ee1cc5589a1fc4a9ae05153bf9e0a77c3bda,896321,60405.0,462.0,0.007648,1,2,193
2025-05-11 22:58:45,f435e67221d86c7cc6d8520cd5bb3275e102b76046cf5b8c274aba7ef362f37f,896321,52113.0,462.0,0.008865,1,2,193
2025-05-11 22:58:45,d24d229b323a24e087a3ea55461f397f58774a610287e13746a321353c797c78,896321,119148.0,462.0,0.003878,1,2,193
2025-05-11 22:58:45,cbb4d51cfa297811dbd2ee02b11ac4c32b67973d3fe618eda9e520b0cd2d8b29,896321,147601.0,462.0,0.00313,1,2,193
2025-05-11 22:58:45,1d77fd209f96791e17b65675b38c7045216bcf92ec943113c0e77059838b4d24,896321,1364920.0,462.0,0.000338,1,2,193
2025-05-11 22:58:45,3b11a038c6d59e616b2e93e1d610dae159c335b893a860cd21b6326f5ab93a0d,896321,44653.0,462.0,0.010346,1,2,193
2025-05-11 22:58:45,9ba05046c97d4808b8e9625cb21a748e91d9e8aa4a87e26b54db1fd60c5262f4,896321,31210.0,459.0,0.014707,1,2,222
2025-05-11 22:58:45,ebc2d071544dc307b3d5ab4056c1fb7d4eb1a3601807783a3e5a01ce410c11cb,896321,157021.0,459.0,0.002923,1,2,222
2025-05-11 22:58:45,32137c5655af8ac499270cb7251b1c0363c7e947ec9a9afaf527680d52df6a8f,896321,20248.0,459.0,0.022669,1,2,222
2025-05-11 22:58:45,b7b04e76321536db7a1124e651796aa2ac08eb9ab7a2c00400edf7ff60a1f884,896321,157415.0,459.0,0.002916,1,2,222
2025-05-11 22:58:45,37730d145efbe85cdfbda64a43f6d78837cff0462542238bc0cfb022b6bb9a7a,896321,498686.0,459.0,0.00092,1,2,223
2025-05-11 22:58:45,9c6b6bd11101d514ee6572723e458ec152a05cf61acfc963c88b58d5a588dd77,896321,837524.0,459.0,0.000548,1,2,222
2025-05-11 22:58:45,dfd9d604d3ad8f7266338c4948ed25f39c983445d96e99296ea98bbe7915f42b,896321,383981.0,459.0,0.001195,1,2,222
2025-05-11 22:58:45,fd4d294e61f8638febe2ad0e25ab7ca82e18e461ecf00d6a309eeacf9f685d01,896321,56307701725.0,1032.0,0.0,2,2,399
2025-05-11 22:58:45,74e426327ecb9f71471afa48b302533333fcf4479316c3f36fab0387c451e47b,896321,2795900.0,900.0,0.000322,3,2,518
2025-05-11 22:58:45,3b13f21128b995977c951f64674309a8bfb90710d975be379a2e9dace4586e50,896321,1686107.0,949.0,0.000563,2,2,373
2025-05-11 22:58:45,815407c4e4309b31fbabb07f44d5e15c239bb38e5ab535210581111c31ab5b48,896321,1667322.0,1455.0,0.000873,5,3,821
2025-05-11 22:58:45,ff064132c7b7bf3fc2786c9093cda2e37b34adfb5b26a6bb54511552017832ce,896321,327640.0,460.0,0.001404,1,2,222
2025-05-11 22:58:45,a835e2f66f548af7c600d75ca2e6c897505d807df7554a2d7aaa995e848513f4,896321,64412181.0,8592.0,0.000133,37,1,5539
2025-05-11 22:58:45,2154e832f2bba32b2a38cad5fda828af7fc023c5e83eafbdbef1a25d73ee97d6,896321,99999500.0,500.0,5e-06,1,2,234
2025-05-11 22:58:45,e1f80b3bc5ae73c51b1f2be988938ee28570401d0f1fd2474f8ec4023d355645,896321,52021.0,697.0,0.013398,2,2,375
2025-05-11 22:58:45,5ee0ed0b5fc3342f7e6b46b3c782d399a2eaad11ecadfc8d8b140bc49ff15c4f,896321,327455.0,1128.0,0.003445,4,2,667
2025-05-11 22:58:45,9cb2d92ef0750652d9412f5305a184b40352eae021c45eba28cd26f91626fce8,896321,42830.0,556.0,0.012982,1,2,222
2025-05-11 22:58:45,f61d6459f3aaa4458823819f14bf24e13ffdb095847d209238416964f4b1e801,896321,55409.0,417.0,0.007526,1,2,223
2025-05-11 22:58:45,4a137a88f60152392873756c3fadf09d8ffde2a9e886aac8537e6e87e9495dfa,896321,79462.0,417.0,0.005248,1,2,222
2025-05-11 22:58:45,0ba3ddc59219a6131cba31307d49017949834940d23a1696010daa36bb286ff9,896321,162723.0,697.0,0.004283,2,2,375
2025-05-11 22:58:45,e1f905cfc19f4c0824a3bba22374e244e854b03171bb659057be44f3fcde19c1,896321,488896.0,697.0,0.001426,2,2,374
2025-05-11 22:58:45,f9747be81114e0db09e3d7a7813562ab7f676cd132b0936bd6127a7dfcd00d2a,896321,1980518.0,697.0,0.000352,2,2,374
2025-05-11 22:58:45,a580b500dc926d1f18eefdaa1755b6e508409ad266d3b44f43e892ac2699adec,896321,131917.0,816.0,0.006186,3,1,491
2025-05-11 22:58:45,5c8cd3333e6dcafcdb6ce3f72339cb647d9cc0e568432a263e0e34f41c04f01e,896321,483828.0,830.0,0.001715,2,2,371
2025-05-11 22:58:45,2232a2d5bbd5944f209f84cf997b7d40917d85ae490d54d2c53c512f2b522494,896321,941712.0,322.0,0.000342,1,2,223
2025-05-11 22:58:45,73dbfa0010cafa9b7c37c6494a5d1a85903f5da746d12a16019aef59ee6c56a1,896321,56988.0,731.0,0.012827,1,2,222
2025-05-11 22:58:45,f644d2d8a9710634149d1525e74b11db7e7985a91045699ee9ffd91b632a1e1e,896321,2988785.0,652.0,0.000218,1,3,279
2025-05-11 22:58:45,03a0e94680a56abd816dff2da1c8106669c9f61552b546d3763581d33e83aeef,896321,6231560.0,508.0,8.2e-05,1,1,193
2025-05-11 22:58:45,b30e79b75ef194113380097764dc5fe53193d2e64ad86df8b7f89ee8b118d812,896321,7193603.0,322.0,4.5e-05,1,2,223
2025-05-11 22:58:45,ba59509a1f9e3705f82b0f06bee1c215622cd4ff1797a619dc0d9ae4f22b9f6f,896321,2587747.0,798.0,0.000308,2,3,373
2025-05-11 22:58:45,5e93cc83d7de02161c12c3b4457f2b4989b23101f6e9fa2b319cb67501da8ca2,896321,600.0,594.0,0.99,2,1,312
2025-05-11 22:58:45,d849cf093df2ef4f320b5a25e250c75c346286098f97387c475e7b692571f082,896321,30516.0,634.0,0.020776,1,1,192
2025-05-11 22:58:45,4b4ac722c4edb27a303ef8fca8fe1dc05e1a7ed9341d6965ac4bf666430ca9c9,896321,935080.0,1150.0,0.00123,2,1,348
2025-05-11 22:58:45,ebd254725e9d4cb37f371e25e9d8e07b906ce3aadc26507e9bf8cbe724fb90ba,896321,71346.0,592.0,0.008298,1,1,191
2025-05-11 22:58:45,bc7744dd1f254923cb7560de19dc74045084c6c28d54597ec3f3b54c83f1cc43,896321,12368582.0,238.0,1.9e-05,1,2,222
2025-05-11 22:58:45,d7aa957a4e3567672c7df87e50e5363858f670ca606726734a61e421e50da93e,896321,269233.0,953.0,0.00354,2,3,450
2025-05-11 22:58:45,1c7424f490307c995375dde58334c11db8738d60ada37b30064e54fb03aa14eb,896321,2194113.0,599.0,0.000273,2,1,343
2025-05-11 22:58:45,f66240bf8d59003767a58b2994b0ddd3881bd5e51a7ec14f121d22baf7cb2b28,896321,3420132.0,914.0,0.000267,3,2,519
2025-05-11 22:58:45,458cffd431f7b1e9614cb4c109a3058db16db2fa77cf623e986b6c85e33f9a87,896321,546.0,513.0,0.93956,1,1,314
2025-05-11 22:58:45,65d130429419e579c7487dd7554a491cdd7838e0a7b1344116ce2ac99dd67daa,896321,69541.0,459.0,0.0066,1,2,234
2025-05-11 22:58:45,d17647d9e1722bb7813c8c702ab0488d7275a43c95a00a9a3aba01c4b8039e1a,896321,3425952.0,4165.0,0.001216,8,2,1255
2025-05-11 22:58:45,fb1f29712ed075605f6b27a01e968fd30a29c1c4ca5e60cd9331035f41b8e211,896321,528997.0,468.0,0.000885,1,2,222
2025-05-11 22:58:45,1cbe0e6d795664c1fc2a2b125e56f1ce2eaa53a98038f272955cae42a8d4fb63,896321,17900.0,591.0,0.033017,2,1,340
2025-05-11 22:58:45,924916f3b6b05ee992d3f173aca976924a016dc44c6588c64a5f4e0aa338d1a7,896321,55786.0,366.0,0.006561,1,1,191
2025-05-11 22:58:45,bf58522bf241cb53d5fc59873c4e1cc2e76d82dcc39c80ab682fb9d45b878159,896321,199634.0,366.0,0.001833,1,1,192
2025-05-11 22:58:45,8599f2f382fda36b38fb7f662dab96150b389f30cf421e458a7747c6ae93bb1a,896321,28179.0,366.0,0.012988,1,1,191
2025-05-11 22:58:45,c5d62e97f617aa107ad4df7a40bfaaf8406323fb70b19986b379d00a89c68419,896321,5371.0,629.0,0.11711,1,1,189
2025-05-11 22:58:45,2d0abf515f439b2a14bf705e671a18fd62d2bcfd1023ed197a685024884b42fc,896321,144474.0,370.0,0.002561,1,1,192
2025-05-11 22:58:45,849954a215db311b4feaffb110dc3fd44bfe9dd0beab267bb5e55b5f3d9dae79,896321,8249555.0,697.0,8.4e-05,2,2,371
2025-05-11 22:58:45,de66c61916e3e32349dc193aa7f7cd4561cac1271f8da9ded7f3e1d1cf41aa49,896321,3340199.0,697.0,0.000209,2,2,371
2025-05-11 22:58:45,aae11e3b8c17a973f1b28bc5d589f868f33f723d478c40de3ba88cc702b08a2f,896321,26241.0,697.0,0.026561,2,2,371
2025-05-11 22:58:45,869c3926b5e7a11c3ae84009fd34f527c9e89edb29b5a7437e3e868a43de4a1a,896321,207047.0,697.0,0.003366,2,2,371
2025-05-11 22:58:45,0c5e179ebbf6f861d7cb20d3b1e178c472fbdee07b8e0b0f0c33e2a203abab85,896321,174955.0,731.0,0.004178,1,2,219
2025-05-11 22:58:45,a0b508d888eed9c604180a4ee502f6b7e1183031370b438b20b3516db05f5d68,896321,27716.0,385.0,0.013891,1,1,191
2025-05-11 22:58:45,9276024ebff1f846de540d48191f8d14c363c4cdf02f333d567f76cff3e1c195,896321,143761.0,689.0,0.004793,1,2,222
2025-05-11 22:58:45,9dc741742075bf63a5a3eb7cf9072c03d30b535775da956ee7185d9319a4f965,896321,3995482.0,238.0,6e-05,1,2,222
2025-05-11 22:58:45,7cd2b568e16c661d507531b89156886202d00569f60745c3eebc19f9af2defc9,896321,1520787.0,482.0,0.000317,1,2,225
2025-05-11 22:58:45,c865b2d9fbbf8c43a0241c24906ecf0bfaa57485e3eb922ee333c918e6183eb6,896321,352967.0,482.0,0.001366,1,2,225
2025-05-11 22:58:45,4f01545abd4827a2651fe0d1586e87f18365eaf854aed8078a5bb932f8c36a88,896321,760529.0,482.0,0.000634,1,2,226
2025-05-11 22:58:45,2d9e5567c9500eac99a833d83aa25c717bbc3259f68e3d82dd5f981f3d483549,896321,101500.0,482.0,0.004749,1,2,226
2025-05-11 22:58:45,36ba3c9785a515133382b335839e2d250d1a8b7316e79a151a05478190ff1a36,896321,42362.0,482.0,0.011378,1,2,225
2025-05-11 22:58:45,3ac7763f403b43614ec1c1c1217bfa480d9ea6c528ed62f2c1e05497b064340c,896321,20600.0,529.0,0.02568,1,1,349
2025-05-11 22:58:45,6259eb2c33f27d2d367f68e6d99326801f88653788c8ecf89ab990a83bf32eeb,896321,100121.0,697.0,0.006962,2,2,370
2025-05-11 22:58:45,4843515a4ca5cbc422a61f025d83a05fed4b4a6a46989d5d2c48619c37cae855,896321,358477.0,697.0,0.001944,2,2,370
2025-05-11 22:58:45,c5982fca464d4cf5d643e90153ae59e2b1cada97a5f6c32d0c8ff061cf0dcc3a,896321,756428.0,697.0,0.000921,2,2,370
2025-05-11 22:58:45,de80c66739d58a198b8267fe992549689426bddcffddbca0d6e9e6580d0c9b64,896321,167837.0,482.0,0.002872,1,2,223
2025-05-11 22:58:45,735c7a4dc6c7a33da2d2b0514c7bc4d6dae62020d1c322fd908270f0658f9352,896321,220207.0,697.0,0.003165,2,2,372
2025-05-11 22:58:45,332944df0328fd6175ad093cab3353315f598e312132ab02ef7295ea06e589f6,896321,240161.0,370.0,0.001541,1,1,192
2025-05-11 22:58:45,1c405432bd9bbbf0b5f85f69cf1eed03ce3e182ce05dd55c1909ef7e54f3aafc,896321,468300.0,700.0,0.001495,2,2,370
2025-05-11 22:58:45,783aa97075c17ae9815deec8eedaaa21c822cac24eaf817e67e7ad7be8ccb6b8,896321,62649.0,1636.0,0.026114,3,1,486
2025-05-11 22:58:45,66e1cb6eb03f604890512d70c54843b0c57cff2e1e73cd0315e5f5d3c064c6f1,896321,25897636.0,800.0,3.1e-05,1,5,318
2025-05-11 22:58:45,6000d74fac332441a792a0c070b2e65d3e40a25512ea283870917b01609d99ff,896321,115265.0,482.0,0.004182,1,2,224
2025-05-11 22:58:45,3ea159904aaae741fbd9de2303d970be012ea8b558dc79bfdfa845daeada09fd,896321,108700.0,482.0,0.004434,1,2,224
2025-05-11 22:58:45,2a72fdf67e2f1efa72972d1e5138b5c6415b5f8737f4688c7048a32ccd6e48d0,896321,510339.0,482.0,0.000944,1,2,223
2025-05-11 22:58:45,b0b68a57ebbdd3198f476339f228f4112ecab638e32ba01dd38dc920544b54c4,896321,98907.0,482.0,0.004873,1,2,224
2025-05-11 22:58:45,10af2df4297fd94c83da1155034c1dea21215a39f5ccfaf02ac55b3ab6d1c194,896321,486826.0,482.0,0.00099,1,2,223
2025-05-11 22:58:45,b661e272252e4fce7501de801b71534fed413bcd2a66a4b32ba6e43c955df159,896321,56554.0,482.0,0.008523,1,2,223
2025-05-11 22:58:45,bad6d0a8ae43a3f596946ffea472c49c5c7ac4db0a6135b873b3267df2e00457,896321,22997.0,482.0,0.020959,1,2,223
2025-05-11 22:58:45,74aee693800cef9afb2200f7e82373796af1d2e1de7911e1947cf91fc10daf4e,896321,821212.0,482.0,0.000587,1,2,223
2025-05-11 22:58:45,340bf05d9254d1fb57fcd65073d6642e91b770378afcd6d253f59d6647f01707,896321,744930.0,482.0,0.000647,1,2,224
2025-05-13 04:15:14,c09ee682ba3f6ad238712c9e203d687241d38203d95f088b2b38c1b69b7fa6ce,896496,53550.0,450.0,0.008403,1,2,223
2025-05-13 04:15:14,ccbc874633d3d6d2e0c78029b4ed93ce445b77063e6f29d19577cee5387b7282,896496,367722.0,578.0,0.001572,1,2,347
2025-05-13 04:15:14,afd4ebc7319344913c70472928a01d15df8f58c25d18abff8fef9751bc76bf54,896496,100039992.0,7000.0,7e-05,7,8,2386
2025-05-13 04:15:14,a461c2317201a231b7fd67543f3cf27730e63163d2c9a251644624316886c4d0,896496,290126942.0,21000.0,7.2e-05,25,8,7716
2025-05-13 04:15:14,9c48eb23e5ab78f5d0b734ae4588b22fab33615dccd28cfc6e54a1708a34b245,896496,20443.0,1785.0,0.087316,5,6,839
2025-05-13 04:15:14,1271c662b0cb8785367897510b101d7823209e8bad8aa27f0205e20ecb781111,896496,1285277.0,1797.0,0.001398,5,6,806
2025-05-13 04:15:14,c4656f48ff2b894c6c7ba6bf88e79424a78beb51932be9a4088165d7e15eddcf,896496,1166000.0,2233.0,0.001915,7,1,1256
2025-05-13 04:15:14,739f2054a6efa2455a490639a12c6e383881f83eb86d570634f91e7f1a745aa6,896496,196824.0,534.0,0.002713,1,2,247
2025-05-13 04:15:14,a14bb4b09cd20cc17230d4410b9e3350b93a66ff80c9e41e063bb12f518eccc7,896496,116243314.0,1686.0,1.5e-05,3,2,519
2025-05-13 04:15:14,04c7e6f4eedb46fb0474f2734b31ca09371b0695607a6751c2227300e5efb508,896496,17689.0,1105.0,0.062468,2,1,340
2025-05-13 04:15:14,212feb60de5e838b86f2222b69cb050706d92c6d2dfd241b204e5c23d27356b8,896496,3301457.0,462.0,0.00014,1,2,193
2025-05-13 04:15:14,04c1761e8082c74db363eba095ae103911a73fe7f178dc490d0389a576bbe8a3,896496,66554116.0,1245.0,1.9e-05,5,1,785
2025-05-13 04:15:14,249b7fdfc79c9814b09fe4f537eb93a7a3df50fb73a7ec7b58178a3a99212073,896496,2270678.0,731.0,0.000322,1,2,223
2025-05-13 04:15:14,fe42b67cad5d68f4328f4113157836187d6cc48923c2fbd953f36409acd101bf,896496,2435724.0,1128.0,0.000463,4,2,666
2025-05-13 04:15:14,aee385ffafe727d80a45f238a90c08a71916d007cdd598dff68a1bc88db25402,896496,1189490.0,697.0,0.000586,2,2,375
2025-05-13 04:15:14,74521adc258cfec98a82764fadf5a505a0ee53d784ea4e94f2aff109a6e6e9dc,896496,727780.0,731.0,0.001004,1,2,222
2025-05-13 04:15:14,de0476c713bf2fcc3359852e6605f9d455b569430915724a62841d48a5d033f6,896496,1472413.0,652.0,0.000443,1,3,279
2025-05-13 04:15:14,c0d086001726c898d89cd9875334b3afa6617db8c3ec77b09911c09472825e6a,896496,208216.0,914.0,0.00439,3,2,520
2025-05-13 04:15:14,f0208d909c26f13c1909168a3dc95d4df9eab86a5bb0505c0c852dc443c2230b,896496,431364.0,914.0,0.002119,3,2,520
2025-05-13 04:15:14,e7a023f9cc0bf98ca0b8f43050b114b6c4b36ef5f6d7b6b03ac95e3cff141230,896496,378621.0,599.0,0.001582,2,1,344
2025-05-13 04:15:14,50d6c0f6b2234e8ba233a748d136b6c81f4e9c45b6c4349634ab2b6c35b7da4d,896496,2399128152.0,3000.0,1e-06,6,2,1856
2025-05-13 04:15:14,c77685fa2325ee1aed0053253f8b98accf9aab4af855465bf2c429e38584463b,896496,32380.0,816.0,0.025201,3,1,489
2025-05-13 04:15:14,a190beecd40bbda2e15a86e8569543ad1e07c7b98dd38899e48dd4b38464e8a2,896496,5257012.0,468.0,8.9e-05,1,2,222
2025-05-13 04:15:14,fc32bce1837e7ef38e42ee71d0c50e169ffd2b246b0a0a8cb29b30fb7a4592ae,896496,284548.0,550.0,0.001933,1,2,246
2025-05-13 04:15:14,951dcb405ba987d79ebbff6d1259cb9f6b3c93e7411bc5b75eac1735ed48fabf,896496,212445.0,697.0,0.003281,2,2,371
2025-05-13 04:15:14,cd472d26371f98eb1224b2323c09297feaf9ae550f448681db4b38e43987990e,896496,784901.0,697.0,0.000888,2,2,371
2025-05-13 04:15:14,ea6c8c5b1661c44ba27490fc4b97423555eb0d510e67d880c95b6334ba87ce02,896496,1664337.0,697.0,0.000419,2,2,371
2025-05-13 04:15:14,e9ed9a3173d762e65e6f7c6d626e6021e5af1a6d4293c7e578fcac2a96314f2b,896496,263685.0,482.0,0.001828,1,2,226
2025-05-13 04:15:14,b356610969d24a6cbee7825d6573d3786e8818d2731ea231bff10064b332ada4,896496,23941.0,550.0,0.022973,1,2,245
2025-05-13 04:15:14,82d2cf79ae07bb163eacfb5938194c5aa4a4f1eb13447186ca7ab5501697dc24,896496,16508.0,550.0,0.033317,1,2,245
2025-05-13 04:15:14,7832e330cdaba75c9dfc93c3b9bb9c6196f413bb6f69a2ea6b3d24e6963e471e,896496,494253080.0,800.0,2e-06,1,5,318
2025-05-13 04:15:14,f0508af5d23ca1e656f22e83a591bdc71150dbdb97b25c262e4836ea08ff8175,896496,573174.0,482.0,0.000841,1,2,224
2025-05-13 04:15:14,14c648010e030efe7c82bea4a036df26284ec3fd2e97d5e588246f6fbab71f2a,896496,2443920.0,1056.0,0.000432,2,5,443
2025-05-13 04:15:14,1faa462cc9de8233fe87bbd4405bd6ad9a485165f4f2026489d9f4002dde2704,896496,383205.0,385.0,0.001005,1,1,195
2025-05-13 04:15:14,88bdf9a2a2d094d83a335dc8cddbc9344f8b44d869db68c20306e40682fe70fe,896496,771382.0,482.0,0.000625,1,2,223
2025-05-13 04:15:14,72793a63d73005502ce8093f348615a7b4a7c9bd4cc89a08eea6d3158f3fc7e4,896496,572592.0,482.0,0.000842,1,2,222
2025-05-13 04:15:14,1f911c26706a5b93695976cf18d77bd20141361f4e78721007f562d1fa0caca4,896496,175137.0,482.0,0.002752,1,2,222
2025-05-13 04:15:14,c4558bf7a7d6da445b42ca3bba453603db4c75dcc5bf28dfd83d27b23c4254a3,896496,31483.0,482.0,0.01531,1,2,223
2025-05-13 04:15:14,c9a7645438498129bf72031cc0ba02d47ad3bfa548b5f9abb341a350c6a35c9a,896496,150037.0,482.0,0.003213,1,2,223
2025-05-13 04:15:14,538573794ff16e31b5b45af8184e79c3cf6054dfb3478556b11e3393cd31ad1e,896496,11019517.0,482.0,4.4e-05,1,2,222
2025-05-13 04:15:14,77b2c3072f9b47dbf44905c48883793f255a927fa103702fb066f51ac31e56e9,896496,7980000.0,2639.0,0.000331,8,1,1415
2025-05-13 04:15:14,1322037ed02dc3982fbb5eb456ea7ba2ea2166d656ccc77cf71e27fd2ee8d241,896496,5692531.0,1357.0,0.000238,2,5,511
2025-05-13 04:15:14,7fa843838b2e017a673f7f243f21b71cde535904aac29bfabaa40a109988a95b,896496,125914.0,314.0,0.002494,1,1,216
2025-05-13 04:15:14,4d03f2279eb843e9cd194f613d6f6915e1c6e2e577865a7c6a368cede555d5f6,896496,126200.0,1309.0,0.010372,3,5,530
2025-05-13 04:15:14,5bb5524e8973e921e08fcfd9c9dd86d6e8f02f5a92000bec27e2bed2a24090e4,896496,390208.0,385.0,0.000987,1,1,193
2025-05-13 04:15:14,a915b332b03883e26560c625877de4681700ce1b87661813faba82b677aaca73,896496,1222899.0,1182.0,0.000967,2,3,695
2025-05-13 04:15:14,5f213ebf0b219e75897655186783b1973a3f4bc0b74a45eaf09dc34cb75d6f8d,896496,235962.0,388.0,0.001644,1,1,162
2025-05-13 04:15:14,0dd2afb5fd02c326e42b9c220cb72bbcbd057012c86635f878cd45643c5b60be,896496,74692.0,385.0,0.005155,1,1,192
2025-05-13 04:15:14,7c76156b9f8dcb744d050f56461600f19c1a7bc0cb80725202d7b55412ef36b2,896496,636757.0,385.0,0.000605,1,1,192
2025-05-13 04:15:14,a180a7f9a4e16bfd2c0490a9c62d65cbb90a64594db5eb63221ceb2de9b89d8a,896496,74615.0,385.0,0.00516,1,1,192
2025-05-13 04:15:14,748f217cd70ccdc09afb03fecc694b187c55ef80ed2543653dae6696b36f0e74,896496,97838.0,385.0,0.003935,1,1,191
2025-05-13 04:15:14,949f944cc2f84f9ec9acf5738139a95d993336b814c1ee577d50c47d7c1dff65,896496,90456.0,385.0,0.004256,1,1,191
2025-05-13 04:15:14,81fe4ba16c8010b53ee2c9a9ea1a07bbe070fa294ea1d520ba62a716c948e25e,896496,463424.0,385.0,0.000831,1,1,192
2025-05-13 04:15:14,b4448d95787d09c5add1b71f5820735dea48f2da971f1d5957985c163ad86c5e,896496,230349.0,385.0,0.001671,1,1,192
2025-05-13 04:15:14,d98247de4849c3094d2a1da3f05e8e00e3e649945338b6b3c8e0d6685f7d354d,896496,99721.0,385.0,0.003861,1,1,192
2025-05-13 04:15:14,d93eac4ebeb8b86549cf91f6f7b6a4d366404bfe66dc158203d9a40308305b25,896496,275335.0,385.0,0.001398,1,1,191
2025-05-13 04:15:14,8e3d1dc24b1bf805715756e321068ef398d6fa2ac4e9adaafefc6be11b7d09c0,896496,335.0,665.0,1.985075,1,1,189
2025-05-13 04:15:14,317f6a440c6ba1200755aef482a1134ee9e5bb439923a635478ec708efc2782b,896496,335.0,665.0,1.985075,1,1,189
2025-05-13 04:15:14,85db4dda61336e30eb602fcca2f61a5644c6809090885159be36f911ccec2948,896496,335.0,665.0,1.985075,1,1,188
2025-05-13 04:15:14,1b81bbfa46d702caa1a2adea535b02670fbfa49572af60da0d9d553666d3752e,896496,335.0,665.0,1.985075,1,1,188
2025-05-13 04:15:14,9f1210607ab06a84a31ed1c79a4a4d6c35e7792a8218ed1f612e027a49ff42a8,896496,157877.0,1122.0,0.007107,2,5,413
2025-05-13 04:15:14,67efff0d802b846008e2ff303f36ad75316998629b5809751eb5ddddcffe9833,896496,37293.0,1122.0,0.030086,2,5,413
2025-05-13 04:15:14,70591dc0687d4a4af1a8f4c10a7a312ed542db33d12a9fd12373b7173cb7812f,896496,8911613.0,853.0,9.6e-05,1,5,318
2025-05-13 04:15:14,e9776d13b4b6665685c3b23e9c8eee77d92e5504b6e84a113c922e8f518638b2,896496,1344264.0,508.0,0.000378,1,2,222
2025-05-13 04:15:14,f502d95b4ba54b9b97625a67b1f32288cf84832464096d5aafb2903610beb64e,896496,1117637238.0,508.0,0.0,1,2,223
2025-05-13 04:15:14,ebef57c1d0f0ccde764c83ccaa644144bc92209eedf709c6234204c36c337028,896496,7435269.0,508.0,6.8e-05,1,2,222
2025-05-13 04:15:14,9fe8e21c11d54eea75466e4af114cf2e454108f56866b0f10e6bf29c6b8c831d,896496,246533072.0,508.0,2e-06,1,2,223
2025-05-13 04:15:14,cc4655b874f0f50f43642a4108912cbafc580817bd628da4d0e68896deb4abc0,896496,192263.0,1086.0,0.005649,2,5,401
2025-05-13 04:15:14,62a7514fa397312175ce183fe4e0581f9fafc30e2658a4491820612a3fd2aa37,896496,25306.0,694.0,0.027424,1,1,189
2025-05-13 04:15:14,86a57ad22ca8eb93f53a57666bbb8575c62e588d1cb5048204bcab9686cfae58,896496,789.0,411.0,0.520913,1,1,162
2025-05-13 04:15:14,4d84b9509a22dbadd3281faa4206844d4e7f8c910dfaa0ab5cb31f4c549678b4,896496,8566423384.0,2860.0,0.0,1,21,839
2025-05-13 04:15:14,6b8df5824736bb2f9f888bd344ce91b97877e03ff219ed6b734999126d89e631,896496,25894291.0,872.0,3.4e-05,1,2,222
2025-05-13 04:15:14,5559031508da7c9fef77d3b966760a233282357f4e6de3154334534fd4561f74,896496,20954011.0,909.0,4.3e-05,1,3,282
2025-05-13 04:15:14,081c8c16905b3c99851b1ff16e6546ea7d83c3f8a20000f3b61547c8be7ca9b8,896496,43029470.0,879.0,2e-05,1,2,222
2025-05-13 04:15:14,7e79e58a8fd05784e4ad05377d463bdbd92f3bb490b197958684e25f0ebe6347,896496,2920947.0,1096.0,0.000375,3,2,518
2025-05-13 04:15:14,4adcd8eb41a5947ccd581ac54aca3d740d3e2ead847038e06f721eba84ea6136,896496,48718.0,437.0,0.00897,1,1,192
2025-05-13 04:15:14,7d3dd9aee53522fad0ddfd2ec767e5c495983e99f2c99e7e6b547414c0066ac6,896496,325967.0,561.0,0.001721,1,2,222
2025-05-13 04:15:14,3dcb412e1394bde8c3a979cf96831483f53323f642fe2efedc17f86f31c3cefb,896496,191665.0,708.0,0.003694,1,2,258
2025-05-13 04:15:14,4fac5736f39802b1e5e4c9e8a1df9a2781b63b22169a401674f90018be14bdee,896496,278936.0,564.0,0.002022,1,2,222
2025-05-13 04:15:14,33dabb8a4a65d903f1494d8c9c7f018d0e8a9bb7bd02ffea13ef4e4ee2f395c3,896496,299331633.0,736.0,2e-06,1,3,265
2025-05-13 04:15:14,adc3d5cef9e66d75ee22bb8904432114310c2cbbe7c9d425f05ed3b677f1d1b6,896496,29363207.0,736.0,2.5e-05,1,3,265
2025-05-13 04:15:14,f5d25966c6ed05e9ebef767891538dc07fbc1a30f0e6de32831bea5b17ff6db4,896496,29998717.0,616.0,2.1e-05,1,2,205
2025-05-13 04:15:14,bd6c2c8c2b006f4fcd81edeeb979b9e37c55fda1102c60486eb370fb50c25688,896496,59900948.0,616.0,1e-05,1,2,205
2025-05-13 04:15:14,5708f15aaf491b70d3b22737221b1a185a85ed46b31904bf1d6e00ce6d62047f,896496,11898573.0,688.0,5.8e-05,1,3,253
2025-05-13 04:15:14,256d4b6021018d584196f68a32252b49931a175b9a603b7359bf2c1be7f64b68,896496,316109584.0,736.0,2e-06,1,3,265
2025-05-13 04:15:14,1218ba3ce60419fb691b7405e1cddabb7ce78d7499e183f30f8189b816c8af15,896496,2879436.0,564.0,0.000196,1,2,223
2025-05-13 04:15:14,f6eaea96dc83617a404f6939d55185e20bfbe7d6f9cbbb6ce6379eb194e6fc03,896496,103991.0,892.0,0.008578,1,2,223
2025-05-13 04:15:14,2fcbfc092f05265eb3160f0a0c4612ecd3e49c47c5838a9537f47f48e78f0bcd,896496,9257640.0,1080.0,0.000117,3,2,419
2025-05-13 04:15:14,bb589d743ec93e0a2ee84d5ae4f0a4cb1c3ddb08029e8e8090cc83f62a6eabb7,896496,9180963.0,896.0,9.8e-05,1,2,223
2025-05-13 04:15:14,8f4884d89ec70cbccea619e52c7fa2b116e5dd6c08c2abac8ba0184425b18339,896496,481187360.0,4004.0,8e-06,13,2,2006
2025-05-13 04:15:14,b5f98d0feefbdfa9953594e7f868d010c08a906ba0607294498bd432b7d0159a,896496,192250.0,636.0,0.003308,1,3,278
2025-05-13 04:15:14,06b76b3725d69248accc73c074eba24654075845b2e357d03e135d4f5256fc68,896496,1881053.0,620.0,0.00033,1,2,205
2025-05-13 04:15:14,e7232d67e6d1af303bb22e1370c12570e3b617cba98f7c499e4ebeffb0fc3a70,896496,1791574.0,572.0,0.000319,1,2,224
2025-05-13 04:15:14,9ccaa142d1b32bb14ab3e15bc2eaac58cfd2b7500d8600d452e72f916f8e2be3,896496,622198.0,568.0,0.000913,1,2,223
2025-05-13 04:15:14,5759179c339e8ea447fa14b2f4177e1b0ce84b0228d33f4fc8cf49917111a6b2,896496,10068899.0,1101.0,0.000109,2,3,435
2025-05-13 04:15:14,d4bf643f50abcbddbad5606e7fa4093e04c6a7d9955b23c1cd87f346265e635a,896496,50000000.0,2940.0,5.9e-05,10,1,1533
2025-05-13 04:15:14,d14fbfb8b0b21c31a4270ee6079b5e45f9de425761f4cebb376ac3af28fda3f2,896496,698431.0,1162.0,0.001664,1,2,221
2025-05-13 04:15:14,8dda46af0e24a36ebe9e5d6c06d2ade8a537355978fd1536cd4320e1353ea653,896496,699593.0,145.0,0.000207,1,1,226
2025-05-13 04:15:14,106628d42740b586559489310c9d8b490d245c2820029f64bd67b1d4a71fc1c0,896496,19568292.0,709.0,3.6e-05,1,2,249
2025-05-13 04:15:14,48907c087121085cba87244479a0bbf2c66c6a5f1ce7bc54fdc9356f5b02b0dc,896496,353325833.0,1521.0,4e-06,1,4,358
2025-05-12 21:13:18,44e099ab55c6bd8cf3747aa346436fed339e5df718e97d3dfd421d89f81f1bc0,896458,6514084.0,984.0,0.000151,1,1,192
2025-05-12 21:13:18,e9ff1da8f040f100814b651d3222dcb238268b832707bfc871026204b245b344,896458,992918.0,1263.0,0.001272,1,2,223
2025-05-12 21:13:18,aafa966c693bfff53c1401e80b7433fde38f16371c00deffb14f112d98e64b45,896458,156688.0,1286.0,0.008207,1,2,223
2025-05-12 21:13:18,d4afce8b2c8a7ad4c9ddf9023a4bc88fca401656664216aaacd2133573668ba1,896458,236907.0,1857.0,0.007839,2,2,372
2025-05-12 21:13:18,84202ad3a321b40876d98fb6744ca526014c91e23f4dcff7fca50c4b7848f8c8,896458,34873117.0,1269.0,3.6e-05,1,2,223
2025-05-12 21:13:18,ca5ac82e864d36ae93eaa933cef297e62359f5dc19d004f0103d3990f2a1f5c2,896458,90624.0,1017.0,0.011222,1,1,195
2025-05-12 21:13:18,f993a1a13aa8effd825d3e297dda32a23f295d7f3ea65f9627bb75b38dcee3b0,896458,1842217.0,1278.0,0.000694,1,2,223
2025-05-12 21:13:18,e3a1aa0101461cf2b844744239859018dc70c84832495d75d46a9a95f92a6977,896458,33239.0,999.0,0.030055,1,1,192
2025-05-12 21:13:18,ceb483c7d08a9084c376b0f7cab4d60defa6229dacb0f7766e4b63c7e705d176,896458,103537520.0,1551.0,1.5e-05,1,2,222
2025-05-12 21:13:18,329dcb679209448efe8932445257552911fe328eb85ee89fe90562f725689e33,896458,104190047.0,987.0,9e-06,1,2,222
2025-05-12 21:13:18,b0ddab8355deb6291c2a468950bc73e9b243818d26b708a473a5a2a4f05e3b45,896458,7227182.0,1269.0,0.000176,1,2,222
2025-05-12 21:13:18,4cb7cc233b08a4e2bc82a3a3390755200d4e4ea442ca3eb1acef79d11485162e,896458,27044.0,1296.0,0.047922,1,2,225
2025-05-12 21:13:18,dede801fe2b75d5b73f1a112ecdc816e479a6ae657783e2d7f2226a8f0535223,896458,176117.0,1269.0,0.007205,1,2,223
2025-05-12 21:13:18,4b74bd8f3f74e12e756e4a51c555c384ce8cf0d3b82dc4e36ef26b209bd7fb1a,896458,227517410.0,1551.0,7e-06,1,2,222
2025-05-12 21:13:18,bfbb96c38e88c17e8dc1f473cbfc61b5d5e66a1eacaabf9ad1f947b55fd8f1b9,896458,228196996.0,987.0,4e-06,1,2,222
2025-05-12 21:13:18,ada4d363fd13ea6697f24c00a6c259a7cd3b1c932790f9ae90b64d255a9c864c,896458,155401.0,3616.0,0.023269,1,1,194
2025-05-12 21:13:18,300696661c910025c33224990114a0f8f4785732724216fdb501c9b1ece614e8,896458,159737.0,742.0,0.004645,2,2,371
2025-05-12 21:13:18,62223a946358a273fee9dd7aa4dd877c4b528d79348451e3d749d1b2dfde492a,896458,93745225.0,1286.0,1.4e-05,1,2,224
2025-05-12 21:13:18,bd55f5a8a163a199de258821b56ba2d7d7f84f6698a829e18d514a883200ac3d,896458,1177913.0,1314.0,0.001116,1,2,196
2025-05-12 21:13:18,db84b96754a4c3c0caff1e9e69d539f6ba7f8297fe646d512cb759c410a07eac,896458,13407935.0,1296.0,9.7e-05,1,2,194
2025-05-12 21:13:18,a5250da366ec2c8d3bbd219b7e3c0d96b02dd6d2f4d9746b78fbf6c5d28920a1,896458,13405834.0,1573.0,0.000117,1,2,193
2025-05-12 21:13:18,e99f1b5f7653834e8fb65cd8955fc18b9186712a49612be75023d02f7623fb77,896458,13457376.0,1001.0,7.4e-05,1,2,193
2025-05-12 21:13:18,411f9660972b5be3a10dc1ec865355252b11d4312432b4a596f87921c7cd6b77,896458,261000.0,1000.0,0.003831,1,1,192
2025-05-12 21:13:18,91e600929128c87779eb8b96966c9870d13aa30a304476b0f1a4977df6fbe66d,896458,1389516.0,1492.0,0.001074,1,2,245
2025-05-12 21:13:18,863dd6d61ab680d3a24af35840a500b4208a5db01568cfcede344c03c3ec8926,896458,283626.0,1947.0,0.006865,2,2,376
2025-05-12 21:13:18,7d3201c1c4a4041407d1c3f5358add1513a26c1a282ede43f00fc5e4f58b171f,896458,66325.0,2020.0,0.030456,1,2,222
2025-05-12 21:13:18,259514184866ba316cb1496cc8dbe59f354e3236f1d0b02fd11ff053d142e061,896458,45950471.0,2558.0,5.6e-05,1,2,297
2025-05-12 21:13:18,57735999166e787285ffe2453d2c8147c6e657fd690e126d76b26c8df1fbdbdb,896458,45953359.0,504.0,1.1e-05,1,2,297
2025-05-12 21:13:18,45bc4e37affe0a596a06c397427b0572302a27e6eb6d2d40c84de0c6d32c3192,896458,283555.0,1286.0,0.004535,1,2,223
2025-05-12 21:13:18,3a87ee2b9418ee06a9cd0409dd92c33a47cefd168e2787bc370515b753bbe41e,896458,83609.0,1286.0,0.015381,1,2,223
2025-05-12 21:13:18,1b48d7e276bac5c810cc225f5ef06dd87b8d71f79e9de44aad65ae51adf12738,896458,93470.0,1314.0,0.014058,1,2,225
2025-05-12 21:13:18,8018e452c5c55d8b45bf0273fc1317d37b7412bf3b16da4d55982ed5dfcf684b,896458,26784.0,1908.0,0.071237,2,2,372
2025-05-12 21:13:18,ed89de2b50fce86db933ca32ef709d3433754ce99a0c1d19d04be2df5087c1d6,896458,1025810667.0,1890.0,2e-06,1,4,288
2025-05-12 21:13:18,1c8f53441cffbff5ee175264c53b5c16209f98e421991684d27f7c29fbc49a2f,896458,1025810685.0,1872.0,2e-06,1,4,287
2025-05-12 21:13:18,66c59dc93127485662a3b32edb75aad213d6f381adcf741213576148ba4d39a8,896458,3596296.0,1521.0,0.000423,1,2,247
2025-05-12 21:13:18,32b4360796d72a9da6c19e5ccb17967436201b765e5a29aee34c95e41a0c3651,896458,45855.0,1015.0,0.022135,1,1,192
2025-05-12 21:13:18,abc0f0cc4bfe3ccb2e643b99b786ea66a9bb82e74feacc1a85d6ec82e7ac5277,896458,18518.0,1017.0,0.05492,1,1,191
2025-05-12 21:13:18,8252cc81177d723082380594499ab86531b84a0a6bf8c14d860e53668fb28496,896458,483376.0,1641.0,0.003395,2,1,339
2025-05-12 21:13:18,a48b8f8aa8134ac8a165fa2ffa0b3f90019cf76edcb20786987a76b7c7ce6c47,896458,77537.0,1025.0,0.013219,1,1,192
2025-05-12 21:13:18,d56a6f543d8f029cf2d02294427e5ada95922842760c5cbd9131fc70dfa98a3f,896458,1993389.0,1025.0,0.000514,1,1,192
2025-05-12 21:13:18,11100f9857186772935218ad840aa019e6e6bc10bed4fa2083795784c957d794,896458,96774.0,1314.0,0.013578,1,2,223
2025-05-12 21:13:18,9f6bca3fe0a2afadafdb542da9d250a6bc518d38f1213fd1302c6f6df14882f4,896458,1131765.0,1857.0,0.001641,1,3,279
2025-05-12 21:13:18,b226daf9a19b5df734172ac454f8c9cd49dcf4756814130cbda9979df447c3fb,896458,89236.0,2600.0,0.029136,3,2,519
2025-05-12 21:13:18,58df0ef27dd9597d9de46fc3bf4a64632fb4d1095d1eee9a9fbe192567e77ecb,896458,324886.0,2760.0,0.008495,2,2,373
2025-05-12 21:13:18,758e28b01d9be43eaff6bbbec8d46dac2fa76b815d8dfabec3cbe0f43071df1d,896458,104135.0,1048.0,0.010064,1,1,191
2025-05-12 21:13:18,121b69d97fd30a925d4b6642379a18b5ba0c7c47609eb15214244a34da149985,896458,3635904566.0,1354.0,0.0,1,2,223
2025-05-12 21:13:18,e8bc62ad82c27279f190d6e79d109375337b66edac6c966f8c61df1532ebe01d,896458,1718617.0,2000.0,0.001164,2,2,370
2025-05-12 21:13:18,6228ea3ec18d98a45607a048300af5e0ed73e34fe0cabe0a6da73975e15f76f0,896458,30571.0,2502.0,0.081842,1,1,192
2025-05-12 21:13:18,c13fda7fc7c81685aaa06bcf1085f60361178981ac68c85a6ce5d62dbb892346,896458,413364349.0,2346.0,6e-06,1,10,473
2025-05-12 21:13:18,a4f3a98959e17cb68a356a7ac072029e7bde66c3733cba92f61ed7901f1187be,896458,332135.0,2482.0,0.007473,2,1,339
2025-05-12 21:13:18,47bf9aa5272fa2875b0e512f69137e1ec90da9fce0f3e25d84fed192acd7a4a8,896458,1887371.0,2869.0,0.00152,1,7,378
2025-05-12 21:13:18,b4f0b52d43129db6ba89a221b65aee772fca0288fa495b7cf543665ee65cb6a4,896458,1940547.0,9750.0,0.005024,14,1,2135
2025-05-12 21:13:18,3ce0c09d34a3c5890622f960965e1f4ee2f0d6c40e165283b0ed4ced6f25001c,896458,957539.0,1400.0,0.001462,1,2,225
2025-05-12 21:13:18,e5dd54d69d5b71db66382595e434450afd167d9d7421b7f57167490cf0ecc6bb,896458,530246.0,2198.0,0.004145,2,2,371
2025-05-12 21:13:18,7ee48a5c307e1ad0e162aab484122173c831062eed6fa783153b062200095095,896458,1487115.0,1857.0,0.001249,2,2,370
2025-05-12 21:13:18,c7b85b5401e914e6cfebfa5191422198a2980b2f4d6c8e36baf9b5002266b60b,896458,357383.0,1386.0,0.003878,1,2,193
2025-05-12 21:13:18,0ce3490b27ff3a27fdd5ae71d11c1947d66ed6da5b703a91d44d9c0e048d9c3f,896458,30192.0,1103.0,0.036533,1,1,194
2025-05-12 21:13:18,8c923fd0e823c27a8332fc0ac1a51975f88f3858564e75354eef56d76e865e91,896458,95610691.0,5060.0,5.3e-05,2,10,676
2025-05-12 21:13:18,3da584ff7f31e00e995ddbb11e2b568653d829e6fd11bab3a481a640b560ba4c,896458,239610.0,1096.0,0.004574,1,1,192
2025-05-12 21:13:18,89b6110422e856e87c12041fcde753c63de7279ad4a0e94f6ebbffee60c92300,896458,53000.0,1088.0,0.020528,1,1,191
2025-05-12 21:13:18,adbb8e8737cebf5509c46ade582a2adef131b5a5a372327d3b98a5239337f143,896458,80087.0,5913.0,0.073832,1,1,193
2025-05-12 21:13:18,aec8207080064339cd450948fafd0a4945cbd4fd1be1a48c78159dea56edceb9,896458,94087.0,5913.0,0.062846,1,1,192
2025-05-12 21:13:18,8fc2b388325f11a301d27c1846da3e5fb07e4eb72f142503ae6f841a7f0a37a9,896458,38000.0,9000.0,0.236842,1,1,192
2025-05-12 21:13:18,da0ac610ac821a8ad12423a6ecf3494db77cd3ded79ad862ea2127de4a4e3015,896458,176192365.0,4522.0,2.6e-05,1,37,1338
2025-05-12 21:13:18,4f5cc22dafb9fa69b4294ff767d3e43c1718540b4056afda0d416033122a5780,896458,6962529.0,6120.0,0.000879,8,2,1262
2025-05-12 21:13:18,29a735d1450fb6dd9538dee458dd50ab67239fd631f9889a36aa04cfbd69ddb4,896458,199073.0,1403.0,0.007048,1,2,223
2025-05-12 21:13:18,9a303c1b8a51ce30670d1a1ec8e04aeed63baddec165e5ca193be735510f8322,896458,160104.0,1403.0,0.008763,1,2,222
2025-05-12 21:13:18,9a576095d9a89784be04162acbbe3f63fd4ad6ee64288d05527d3afd5d7016f7,896458,2485103.0,1410.0,0.000567,1,2,222
2025-05-12 21:13:18,24568c588001dd7253a39aa911456c5f3d91bf2c51bc1afa94daed4255b566e8,896458,5388121.0,1410.0,0.000262,1,2,222
2025-05-12 21:13:18,d72b6d282b47323b900a51a30812dfee73c53c1049e2fe91bb912b1087dc39db,896458,76605.0,1410.0,0.018406,1,2,222
2025-05-12 21:13:18,e08c72653f0d69e50fd4bd9b0fa16af13578fc3896cd5ba9842d1418dddca3da,896458,100127130.0,1420.0,1.4e-05,1,2,223
2025-05-12 21:13:18,0874f67f283525eee98080513716f2f5aaa65269642594e4b5acd1d3360c88cb,896458,335203.0,1410.0,0.004206,1,2,222
2025-05-12 21:13:18,5da47f6425498cc2b99e80dd3b6a2478347947f97da4e7ba94741e6c0b247dbe,896458,11512233.0,3070.0,0.000267,3,3,549
2025-05-12 21:13:18,86b32f39052721624c01d4a24b233bc116a0243790ce05bf9d9d279b1cd9babc,896458,9372269.0,1530.0,0.000163,1,2,234
2025-05-12 21:13:18,040125f0b477e76132a23a5b0583df79dd44faab1b9dcc701a30f1cc5e0ad7b9,896458,5432537.0,1410.0,0.00026,1,2,222
2025-05-12 21:13:18,3f075728c21129628638f54cdbc7cf4c72bbad3a56aa987d86af36386762b7a6,896458,120757.0,1130.0,0.009358,1,1,195
2025-05-12 21:13:18,4388a590a25ac1727c043573d7a92259862d96878eb0e109035dfe02840566a5,896458,96984.0,2190.0,0.022581,1,2,219
2025-05-12 21:13:18,ebbef53b069b0708c662693b5b71be99aae92d10621720e898f3e02eb469a785,896458,9850583.0,1640.0,0.000166,1,2,245
2025-05-12 21:13:18,2d0cca7d6405be3dffde7e24a4b87de1330d0a695feb781eb42283f42d126f82,896458,9104544.0,1410.0,0.000155,1,2,222
2025-05-12 21:13:18,288a7baaa1a1a182ed3af07d7d76d0cdeb61f692a8d17073c434d513b0b2097a,896458,82995903.0,2250.0,2.7e-05,1,2,225
2025-05-12 21:13:18,258cf70a905a32a2a2a92488d7d026ec263c31dd2bc9dbcc06ff2baeaabd0279,896458,107610.0,1540.0,0.014311,1,2,205
2025-05-12 21:13:18,8c6cd9ff672bfb8b126c015e3bb4299ce4d7bc56a8a23dddad6d938c34503456,896458,79994036.0,1420.0,1.8e-05,1,2,223
2025-05-12 21:13:18,f56edbe81c472fff8251db51e79c2225459e1f85e9ac56345e3815afc7769754,896458,1566410.0,2080.0,0.001328,2,2,370
2025-05-12 21:13:18,a7e693ea1536d518c143cc101b621946b0977471a435b1cd741f5ad65d28c950,896458,432328.0,1410.0,0.003261,1,2,222
2025-05-12 21:13:18,324ec1a768d7d7300b21482f4268b9a3e5b6be2b4d3b8df0b3e60e9bc90c704b,896458,2522098.0,1410.0,0.000559,1,2,222
2025-05-12 21:13:18,5d492f9060db89f7bb1a8257b30678a1a48ffe91dc29149228a385912afcce46,896458,69891430.0,1100.0,1.6e-05,1,1,191
2025-05-12 21:13:18,4b7d29ee420db04b2134eeab2ad7370dcd48c510da0fe905912370347b0b4945,896458,10894.0,1100.0,0.100973,1,1,191
2025-05-12 21:13:18,231f4f98e8d4444a202860b255f06ef0422488c3b089c9ceb012e4d0f8545429,896458,148433235.0,1410.0,9e-06,1,2,222
2025-05-12 21:13:18,2dd0067aa680ec0b2a0262d79db67f7314eed7cacdf76c7ff150ff60260ce824,896458,246026.0,1410.0,0.005731,1,2,222
2025-05-12 21:13:18,633668bf34230c510ace6c5e1d938d7591a3efde4ee0eaaedcffd3c17d74561f,896458,17653770.0,1530.0,8.7e-05,1,2,234
2025-05-12 21:13:18,a89abb55d010c18b95fed0146de365f7ad31604333b3e6f89dc8f7adfd468e1e,896458,750069.0,1410.0,0.00188,1,2,223
2025-05-12 21:13:18,512bf3eb54d3e07968078cf6f3e0b6a2eb6ab648d0feb7f7dc4abad27ae43319,896458,5502725.0,1410.0,0.000256,1,2,222
2025-05-12 21:13:18,531a7e545f4d1d5c9cd487229ed0711f0e74cf6aa5ed2c0b5519839711be1c19,896458,1619627.0,1410.0,0.000871,1,2,222
2025-05-12 21:13:18,b83724a11580839a14fa209caf49656db64660408518c62dfeb90fea5a9313f9,896458,1640460.0,1410.0,0.00086,1,2,222
2025-05-12 21:13:18,6e1504e8fc7eeaf3dc59a6282ddaf22e898d99f377175e34f0fabf84a5ebbffb,896458,1661293.0,1410.0,0.000849,1,2,222
2025-05-12 21:13:18,d7002516df71ded29ba63714b2000c2d4819ee95e557299441247c13079c1c59,896458,1682159.0,1410.0,0.000838,1,2,222
2025-05-12 21:13:18,dde128fddd1a91e6d72da2986f8c9203b3ed061f59f20023a40a8c2aa2e25818,896458,122258185.0,6500.0,5.3e-05,1,18,732
2025-05-12 21:13:18,fb305421a25dc13cba57452acef0d761797adad7a127d92631e2eb5a1fbf400d,896458,27633.0,1110.0,0.040169,1,1,192
2025-05-12 21:13:18,d778acdedcc6fb2a08d7c4eb9292d6d34dcf7cbe44b1034cba34ec5e141e1b0c,896458,205613.0,1890.0,0.009192,1,2,379
2025-05-12 21:13:18,86061b3df0215ec122ca75976eabea189f3cb777b32ba6286b86b5b280b65605,896458,1336.0,1720.0,1.287425,1,2,311
2025-05-14 19:23:31,83e79f602c604c4d287810aa4a7cdaee0dd0e72938875d287691f09dd46d6ed4,896711,51609.0,322.0,0.006239,1,2,223
2025-05-14 19:23:31,f17435142c6d29e37cf0ff13cc487ceed2f3c037a5e28949b2605a1e218f79c0,896711,946715.0,322.0,0.00034,1,2,223
2025-05-14 19:23:31,093f9bfd3076f6c4b713db876c8e7f341fb275019f1aeb7b0703969a95ee03a1,896711,116808.0,322.0,0.002757,1,2,223
2025-05-14 19:23:31,b5947506d270077772570fdc5cbf2f341b9caec7004059ed20b0ec94da4a7799,896711,859903.0,322.0,0.000374,1,2,222
2025-05-14 19:23:31,2d34ad217da94a70389368038e0e93f86da94d8223094decdff43ef836b3518a,896711,1052797.0,322.0,0.000306,1,2,223
2025-05-14 19:23:31,4bc3f69cab12daa8fb820306a8d2211b6ee6546e10e916dc9f2cebfef4f9de7c,896711,741465.0,322.0,0.000434,1,2,223
2025-05-14 19:23:31,850e2a83d0f1f0a76dc855d1ef9cff2771d25d10bfc6521cca09090183cbf96a,896711,130834.0,322.0,0.002461,1,2,222
2025-05-14 19:23:31,b140b8940d56f9bcad227f75eef9358b28963daa99c2b58b0c4ae0a03cd4ac5f,896711,5994136.0,322.0,5.4e-05,1,2,223
2025-05-14 19:23:31,31d566342856ebf9b59dd36e1fff78d80236cb8b03c1ccce67275e9d6a5a0850,896711,106589.0,322.0,0.003021,1,2,222
2025-05-14 19:23:31,325f89143b6ca25642d856cb55fa944e709f0e00e6b5fc80a08f587da0d0f61a,896711,293777.0,322.0,0.001096,1,2,222
2025-05-14 19:23:31,b371ba6399f963b10667cf33d5c680e6ec94d404528fbc747a3abf943c183a19,896711,1082032.0,322.0,0.000298,1,2,222
2025-05-14 19:23:31,256933c72e28536595c1e4be06e5b1b8fecb8895dc07c1a4971b65bb0fb0b913,896711,389633.0,322.0,0.000826,1,2,223
2025-05-14 19:23:31,daacf52847e4c5906de9b8d6bbc981408384355242dbe5c5babfefbcd33f230f,896711,583389.0,322.0,0.000552,1,2,223
2025-05-14 19:23:31,5432c12b8f7eb413b151052e5c58cb848ba3373df52d0a7a878ad514ab13fde7,896711,23670.0,517.0,0.021842,2,1,388
2025-05-14 19:23:31,62d3a8ea39dcbbaa779d1935ecc8dc99508a14ea97e137114b8753b2514dcef6,896711,59015.0,768.0,0.013014,2,1,335
2025-05-14 19:23:31,5ed4ab32067a2e6ff3a6fc16ea3f4812a0c2072026517ae999b5ce0f3bcd183e,896711,70463.0,507.0,0.007195,2,2,383
2025-05-14 19:23:31,ac644c328cc21a52c2d40697bad324c870de5f468f9539da6a517df3194217a9,896711,38691.0,309.0,0.007986,1,1,215
2025-05-14 19:23:31,75dc0aca6b1549300cb2c50b684429863362df689b41f54323b2a7a79a659fb7,896711,2372081.0,353.0,0.000149,1,2,234
2025-05-14 19:23:31,121a9e38753ab8e17bfab8777e42cd57e8c7e8938f89e3a158b5d0450ddbcb5c,896711,2257951.0,354.0,0.000157,1,2,234
2025-05-14 19:23:31,bac5547e6cc07de405ea4c3fbf5bfee7dcd88743705d237c7b8fbf25c03919fd,896711,4593.0,257.0,0.055955,1,1,193
2025-05-14 19:23:31,95954653250637ec982cf022134150903c5d803171d417999acfb2cc3457de37,896711,325610.0,257.0,0.000789,1,1,193
2025-05-14 19:23:31,61a65424c0dd860f5beb46897c025e5bb4d68af66a95169d59978558e67bb62f,896711,15640.0,257.0,0.016432,1,1,193
2025-05-14 19:23:31,b88678f142b44841720c2d3a578275d11d55043962c1fb2bad4dac0367bbc901,896711,193350.0,257.0,0.001329,1,1,193
2025-05-14 19:23:31,49210f8a7899a57855405694d7721bfa18720fd80ccc44a573e7015b75ede2dd,896711,82437176.0,521.0,6e-06,1,2,224
2025-05-14 19:23:31,322c8bce05f29d971a90faaa41f47e265571b2fbe54d89d19efa77de5e4b5a15,896711,4298733.0,521.0,0.000121,1,2,224
2025-05-14 19:23:31,ee98ff27350ad963c0ec5e4c285106a4399ffe892587d658c162336b23ab62d1,896711,1940264.0,356.0,0.000183,1,2,234
2025-05-14 19:23:31,783675b38cc2e24b5c09a70b515476b0a1eebdcda110cfc1eee5af7ee272858d,896711,1738835.0,356.0,0.000205,1,2,234
2025-05-14 19:23:31,d87cad49f01d0c2ed4e7a69ce274614522af73a395a83a551b6989188bc02168,896711,1876965.0,356.0,0.00019,1,2,234
2025-05-14 19:23:31,b58802c5670857037643dc80715a9b4d3ef67a69940b0805b11ab8aa90dbbf0d,896711,1927069.0,356.0,0.000185,1,2,234
2025-05-14 19:23:31,ef0f32928b754f2d0be59a0e6a2a3868c08b83ee8dd93c743cea2a8f5cb817b3,896711,15116625.0,10679.0,0.000706,46,46,7910
2025-05-14 19:23:31,db913ef698dd0f717e5f102125e9b416e6ef7dac319dfc7f4336e224993ee0dc,896711,270695.0,257.0,0.000949,1,1,191
2025-05-14 19:23:31,10a9575b77013fdf2f6dbeef21029637c136bd599c55620bdbfc0e240bffa6d2,896711,90370.0,257.0,0.002844,1,1,191
2025-05-14 19:23:31,0f33bd802bf635a115268f443b7e105a1df6dca7f15a06dd04d8febc0cf652be,896711,46264.0,257.0,0.005555,1,1,192
2025-05-14 19:23:31,32be8b33c4ab98a02fd498623dadbd890ddc76b696b737fbc3b5e7c40f6128ad,896711,691502.0,257.0,0.000372,1,1,191
2025-05-14 19:23:31,137198659c333fc918a7de117cb0355bd56bde59f3e23cf6676398db3dd60fac,896711,49057.0,257.0,0.005239,1,1,191
2025-05-14 19:23:31,515bac2fe6266eb2573f6a4b81e7467a101e53bb7d24a118b7a61269d9af5696,896711,23678.0,257.0,0.010854,1,1,192
2025-05-14 19:23:31,51ffe6f673ee2a3b5c2e4903a0232c4c8f4046d4a3365cf8bc37f3394d416c74,896711,753752.0,257.0,0.000341,1,1,192
2025-05-14 19:23:31,4822140b17cb74ba90048c58822106790b1dbddc80ba46dd3529a5743029f460,896711,352726.0,257.0,0.000729,1,1,192
2025-05-14 19:23:31,76cf226757423fc807685279201e7bc210f84c1b3b83ccef7576b283778ba050,896711,12878.0,257.0,0.019957,1,1,192
2025-05-14 19:23:31,c6610b3b954d856153bbc4930e408c7f2f8f881cf844b4633381e9b318e10a40,896711,1085456.0,257.0,0.000237,1,1,192
2025-05-14 19:23:31,425b93272e8b7580aa59c11373fff22d4afd863fbf2c7715f456f1816b3b0837,896711,810266.0,257.0,0.000317,1,1,191
2025-05-14 19:23:31,8e6971559c203e97b09f88c6515e5efa1ae62e49920b7ccbe39d75cc33e85c1d,896711,969576.0,257.0,0.000265,1,1,191
2025-05-14 19:23:31,3d6e43a8c5305e650047db3629d2d2b12b33e919ab20d827f3751a1a3971d512,896711,316188.0,257.0,0.000813,1,1,191
2025-05-14 19:23:31,e9e7a8be192d1176097f942e286031f2dbcb3654f48813c0ab380d45cbc22a0d,896711,427098.0,257.0,0.000602,1,1,192
2025-05-14 19:23:31,1ae34ef40cd54eb1ff8d2b2533f67d45687e90ac9ffcbe09cefc414261e17004,896711,192986.0,257.0,0.001332,1,1,191
2025-05-14 19:23:31,21fb575bf78a389629cdb7672d248c0c6714ecc8579be5f313e9e0e039387a01,896711,943317.0,257.0,0.000272,1,1,192
2025-05-14 19:23:31,867c071565ba34afd0ce2c486a41b3f40199607b3d674ff1912ae50648c7cc99,896711,432199.0,386.0,0.000893,1,2,247
2025-05-14 19:23:31,9bd9905b5e5e209a2bb89c5d72081e05ce5c4a83727825859d17d03565e2ddac,896711,55337685.0,521.0,9e-06,1,2,222
2025-05-14 19:23:31,808b92c9b2813c991bcb4aadb36fe9cc46001e02ec0fb6ece74cee25d4d20aa8,896711,82803569.0,13463.0,0.000163,3,170,5966
2025-05-14 19:23:31,5c8e8568ce6449ab65c4a3e6960bf2e837221261f2f8b1f201b89561a8780ca4,896711,1244800.0,527.0,0.000423,1,2,223
2025-05-14 19:23:31,c94e482be75b3824c1c08f4d60af0a95b1a9526d89823fb0898bd4d8c07df09a,896711,12958.0,518.0,0.039975,2,2,371
2025-05-14 19:23:31,fdfd98f5142583ad3e5fe31cbed7fb8b1d3d2a49972ebc927fa13c6d070c6638,896711,7416.0,312.0,0.042071,1,2,223
2025-05-14 19:23:31,9ab540abe1565ac867cf2001556413621135deb80b02cd1eaf76cbce16734a73,896711,95530.0,468.0,0.004899,2,1,340
2025-05-14 19:23:31,0f52d2ed35f6df86102212383f1f8a831b145f67c1d3e607a9c074f48bd89c47,896711,132946.0,609.0,0.004581,3,2,519
2025-05-14 19:23:31,b099aaf342d489bd649cf5283c7b4c7d251c5200b2db5923e2ee9695af0328f4,896711,19345667.0,338.0,1.7e-05,1,2,222
2025-05-14 19:23:31,670076fe10ab0153be75cb1e903131863c4f139d60f3590f6e942638e2ea2483,896711,10789041.0,338.0,3.1e-05,1,2,223
2025-05-14 19:23:31,8491bd6be866ea4551b5c88564f6896439f1fedf7ceb432492e959eb1f7a0e5b,896711,27581162.0,338.0,1.2e-05,1,2,222
2025-05-14 19:23:31,075f3527ff894792ea12ae6c68967fcde1a8d37855b19afd0c5fb76e2ee69e1f,896711,18784.0,427.0,0.022732,2,1,341
2025-05-14 19:23:31,a0a2c4caf8039091dac66e7797b2ef8b75b0896e8ecdac900b35cd693739ba27,896711,165190472.0,799.0,5e-06,1,8,415
2025-05-14 19:23:31,5c752b2917ebea62068c047bd291ea0c33bea04701ec54e04a055e6db55fbdf1,896711,370857.0,540.0,0.001456,1,2,225
2025-05-14 19:23:31,b8b9f94d0be41e8ecf09eca50718fd8abaf35fd68b4e153a72696d187f35c1ca,896711,210717.0,264.0,0.001253,1,1,192
2025-05-14 19:23:31,6d32b2165e2d191d9b394b1acd4ea2e32c2a9887ff3ef8f723b5747ad29bdac4,896711,27772980.0,264.0,1e-05,1,1,191
2025-05-14 19:23:31,1bafc64127ac75dbfa51ed4aae8fde743ebaf491d5c1e929a2bacc2216a3cbc1,896711,24736.0,264.0,0.010673,1,1,191
2025-05-14 19:23:31,43f73a09963f1c86f558f4956ab979641b8ad7df921aa3a0b620e7e1af03b8be,896711,14484.0,264.0,0.018227,1,1,191
2025-05-14 19:23:31,f751e950aa56bf94ef36f8fea50ebb7c1a5c4eb35d1fd1f031a917b411ea00ad,896711,48054.0,264.0,0.005494,1,1,192
2025-05-14 19:23:31,6a936f863b76f065bf79bce6f0d1972c9635000c65e0f2ea6383b9a331e764a9,896711,96122.0,264.0,0.002747,1,1,191
2025-05-14 19:23:31,9f7e0790245523cbc3cc7eef802a07976b16e578a74f981e346dfea422849f98,896711,15365.0,264.0,0.017182,1,1,192
2025-05-14 19:23:31,4641b49fad4c015adb2b8750777440ecd344ed2107d3882207c04a4dc89e6a8c,896711,47137.0,264.0,0.005601,1,1,191
2025-05-14 19:23:31,ef0015771745152173b4a09771f3edc9cf8019d5b1ee7d06b8a73bb776a67b86,896711,74442284.0,504.0,7e-06,2,2,372
2025-05-14 19:23:31,a4cd90e034212607d0920525a308f11d4b547c4d0f1bc997e48b4697e2b82a70,896711,106686.0,264.0,0.002475,1,1,192
2025-05-14 19:23:31,9b0e9ed3751c409d380bc6344e00b67eed987eba64e05ed3d626b1d5d8cc0270,896711,99736.0,264.0,0.002647,1,1,192
2025-05-14 19:23:31,e1271414552beb3d679dfa8f53352b25749d74d31e548bb711cf78044151dc6f,896711,21002.0,264.0,0.01257,1,1,191
2025-05-14 19:23:31,d0d12d0eb853c02c6c24a9b72092c94650db3cf7c23ef4e9e1ffcdf81802086c,896711,173614.0,264.0,0.001521,1,1,191
2025-05-14 19:23:31,99504e5dd772b27c855ff58eb706492c79744b9db1e6e509928e1bce7b67665f,896711,20044.0,264.0,0.013171,1,1,191
2025-05-14 19:23:31,606372a1f1bee333f5226f73da69bacfe9a83980927150c3e851f77fd49a9f37,896711,43459.0,264.0,0.006075,1,1,192
2025-05-14 19:23:31,d4e971b74999e8402a1d81e4e45c3e630517f5941ffe7b1b502c45f309065f27,896711,48086.0,264.0,0.00549,1,1,192
2025-05-14 19:23:31,a7913356d11440be368a084adbb1d035f97908ca0775029ad12ad591f6d1eb1c,896711,37533.0,264.0,0.007034,1,1,192
2025-05-14 19:23:31,9f693b404fa58fc0e0809026d2c31cfb6343193c4d771f833c0a537e2be34a1c,896711,237957.0,264.0,0.001109,1,1,191
2025-05-14 19:23:31,7c3facb651d2aac5cde2f11a9817293d23d7ebb1b83257ea7f203059dce582d9,896711,36491.0,509.0,0.013949,2,2,374
2025-05-14 19:23:31,17b317dc372ce06f55e5358cba6e48ed328b61489957cf99ce15f783fc0d79fc,896711,3702307.0,341.0,9.2e-05,1,2,224
2025-05-14 19:23:31,fb9fa9f64ac83e3744c0a2f635f4ffb44f0385da165369ee530d10063b92df6c,896711,73564368.0,341.0,5e-06,1,2,223
2025-05-14 19:23:31,4da6f35add27f04216d279de5352434a8186eb6236921c3c003e596d2ef92743,896711,22894.0,590.0,0.025771,3,1,488
2025-05-14 19:23:31,c916780c2fcb581e2222c727a00b1fdddb44dcc009db68e7001d812a8d997afe,896711,229649270.0,502.0,2e-06,2,2,370
2025-05-14 19:23:31,5ed4caaa676f31488263984f9ab4f852c1ae3cd58b8dc6aa776e0afe7ae5a31c,896711,480106.0,1590.0,0.003312,4,6,699
2025-05-14 19:23:31,05abae813d9aa2d76a2d6558254a5e279e7838e29763d43cdf4bc9cc5f4446c6,896711,336447.0,2004.0,0.005956,6,6,913
2025-05-14 19:23:31,d5165b931deb5c78ac376afd89139daf8133a325d9a273681f77beaf9dcd754d,896711,959156.0,1590.0,0.001658,4,6,699
2025-05-14 19:23:31,adf15da8277776b1654e18d1e298abee78e91114ba06c600dd21718b8551bd9f,896711,3577809.0,2980.0,0.000833,12,18,2075
2025-05-14 19:23:31,a22c2e0e097ad235804dda7ac8cfe898c5e1680203ff1104a57af206897587ee,896711,490509.0,1060.0,0.002161,4,6,699
2025-05-14 19:23:31,8b68b3973cb93ab917b43eafc369e6b7a626b0d9160c7ebe040decf9aac781da,896711,3578491.0,714.0,0.0002,1,7,420
2025-05-14 19:23:31,24f90fde25854a990692ea7b9cd0e34f220f144dd75052c819b5c56c41ba5244,896711,999533.0,467.0,0.000467,1,2,358
2025-05-14 19:23:31,db7e1ea4631223b939eca8e64abe394eb8cb107026bf185dbfcbba2901425df2,896711,193784858.0,834.0,4e-06,3,2,520
2025-05-14 19:23:31,95c07bcb31dbf35793c09df30ca3422f1bc01ea479bc305e47f16072251a30bc,896711,333169190.0,742.0,2e-06,2,2,371
2025-05-14 19:23:31,4206a8a061ccdf4385dbb2a32156af5e82704ecfba5f02792551aaa78161587a,896711,525373.0,379.0,0.000721,1,2,206
2025-05-14 19:23:31,5cf5308e07d8efb1715409d6bc543f3785a61dfbbe45455b3a784fa3afb1fe22,896711,1538228.0,376.0,0.000244,1,2,234
2025-05-14 19:23:31,29c1c351b4b4bf2bbb08c067f5dcd849ee9225ca18275dc33ae99538eb2c27ad,896711,1617272.0,423.0,0.000262,1,2,222
2025-05-14 19:23:31,e6c5fe4e541ba42597f664e4651b5cc55c9184b303ede6958477c41c434154a0,896711,1859895.0,288.0,0.000155,1,2,225
2025-05-14 19:23:31,dbac3a80b78e26a7d05859e1fe2119980ed35bcc5161be3e75c2f5429d179b47,896711,22963426.0,40824.0,0.001778,236,1,35269
2025-05-14 19:23:31,f3f464253ea91751eb992f878f7c323f1ffde392bef11fdb129f50668255571f,896711,62054.0,545.0,0.008783,1,2,381
2025-05-14 19:23:31,8f5702b0cbc9486b18f4f14c7edb6c61de6646a535480dd381324fffdf651a6a,896711,1583863.0,468.0,0.000295,1,2,348
2025-05-14 19:23:31,bee62209178b7cbfdddfda4d01632e3eb79e4791a55458bcd03d62bf21d7f871,896711,21519.0,1246.0,0.057902,3,1,487
2025-05-17 09:37:04,46dd5f2a60350ea7df70d4a63db0d05735307b9b4f8c7fd4c4948c7aa140b29f,897084,938919.0,770.0,0.00082,1,2,205
2025-05-17 09:37:04,d324ed968d39dd88e08718929000d91127be482854b9aa0a7230f5ef97cb5e0f,897084,252813.0,770.0,0.003046,1,2,205
2025-05-17 09:37:04,6e89a867688271edd4cea10caddc89ad3f404bd43bbdbbf2e259b1262b27090f,897084,739668.0,705.0,0.000953,1,2,222
2025-05-17 09:37:04,acd1f314a3981b7f0017fc9cf198f18051443fc088c754be315c0c35492ff50e,897084,27791.0,720.0,0.025908,1,2,226
2025-05-17 09:37:04,bd689c022a8c38dd406d32083ab193405077908a1f74bc30d51acfda98f7c30e,897084,5344.0,2551.0,0.477358,2,2,300
2025-05-17 09:37:04,149b270cafb93b8721a12436643799e0a15cfbb613ab1105e9e63ec42c2da857,897084,480942.0,254.0,0.000528,2,2,313
2025-05-17 09:37:04,df244207bcae3011cfeedf3fcee35a3cbac6525f3333278eb63354ffa06c8236,897084,555037.0,235.0,0.000423,1,3,277
2025-05-17 09:37:04,bc99a113f7753889d70ea5d0055efbca3deba4b0ed3e554c463e08d68f6b4f0e,897084,90049.0,1060.0,0.011771,2,2,312
2025-05-17 09:37:04,37fe0304b2e7487c2873c4b2fcab4e302877c91a96b2f885cc89e624ee9d480e,897084,546.0,755.0,1.382784,1,1,322
2025-05-17 09:37:04,a744e211d08df9a81f71acbd37fa259717f45d8b95da57f536288aaddd87a611,897084,7762.0,770.0,0.099201,1,2,205
2025-05-17 09:37:04,2416b9beefe5e1a63ccfee11be7a950a5cfffc1e84883c716cfc1e13bef0220e,897084,1977868.0,765.0,0.000387,1,2,234
2025-05-17 09:37:04,d5793e1325a564597841c8424cc57de05764dfcef0a27dea49723d8bbf5fd00d,897084,546.0,705.0,1.291209,1,1,314
2025-05-17 09:37:04,11371ef1c4523a8c637b8e207241e13a78a58b698174ef9178295d4f408162a2,897084,15471.0,885.0,0.057204,1,2,259
2025-05-17 09:37:04,9f7f1e3e2469abe91258dc4bb81f0551a5ef77adf2650092efd1ba4a1514ea0c,897084,806112.0,1175.0,0.001458,1,5,316
2025-05-17 09:37:04,820f6c82ae520b337c48fa8b51acb80501574e7f933815be53552b129021db0c,897084,110341.0,770.0,0.006978,1,2,205
2025-05-17 09:37:04,4c9df3f04c2a2550ab0e4da52a74985f52a9200256dad94f63f0318abb10310c,897084,2304619.0,710.0,0.000308,1,2,224
2025-05-17 09:37:04,e5a6bc54ec809be6a1b92745208f400aa46dea21e5ceaf9e2f7be2ea715e100c,897084,330.0,770.0,2.333333,1,1,331
2025-05-17 09:37:04,54798cba98501a68fccbed2a6f94cd56eb32305e437bd543898b5c179acdde71,897084,44966.0,1200.0,0.026687,1,4,291
2025-05-17 09:37:04,eaad51220bd8d61aa56cbf27f8c766729d168d1e6589f34d632762064f46ba0b,897084,26853.0,770.0,0.028675,1,2,205
2025-05-17 09:37:04,e0c18441aed8397b70cdf85f47e35c3f9f84eb087af9f4fba1e17d414e3a650b,897084,546.0,710.0,1.300366,1,1,319
2025-05-17 09:37:04,be8d05352bbc036e36fc50f8793641c600532c66150c64bf161c51e14e4a660a,897084,211372.0,550.0,0.002602,1,1,191
2025-05-17 09:37:04,7109e0c1e667747cae043107bcc3140dc2700957081d8b6e0e5608f7fa97f609,897084,595523.0,3700.0,0.006213,7,3,1303
2025-05-17 09:37:04,209b026f9f8aa426e5325613fb311746fb1279bb9f9798c5d8871b0ed735e509,897084,381257.0,1060.0,0.00278,2,2,374
2025-05-17 09:37:04,f4cd02d140a74b0003b088b80970ea594d01e6156f98042eb18b7d73b71c9908,897084,10255019.0,770.0,7.5e-05,1,2,205
2025-05-17 09:37:04,fc32d439d04d24ecec28f0a32e51535a1b5a9398df22263dfbeb02041ab89007,897084,67870.0,770.0,0.011345,1,2,205
2025-05-17 09:37:04,d3f90d2455013be55d175accb89ae6bd33627600217a004e8239911d417ce106,897084,546.0,770.0,1.410256,1,1,331
2025-05-17 09:37:04,4f966bad62c4bc82456bd07d095f3758580c2957b548507480d75f397afb2806,897084,321238.0,705.0,0.002195,1,2,223
2025-05-17 09:37:04,086a9ef88d12a86eaf8a2aa1a4639888c21cd4caf8f369a85421d2ab79f19505,897084,546.0,760.0,1.391941,1,1,323
2025-05-17 09:37:04,0630c8b8855c7b399ecf7d7fcfc2858962422678d1ca3aaff75bfda2fd1a6c61,897084,112996.0,770.0,0.006814,1,2,205
2025-05-17 09:37:04,bfe97be83cf18d9cdbb4b1c8ff4c0ec13f6db4b726490732fc785f08aedf7f05,897084,16907.0,1060.0,0.062696,2,2,312
2025-05-17 09:37:04,71ec74e0920759dc3032050779eb960226fc7a84109133e10258ca58b2154d05,897084,546.0,765.0,1.401099,1,1,330
2025-05-17 09:37:04,4205c525835d2dafb56b368d5eaf83bcf74d09fbc2be6bce03c94b1ba67d9380,897084,556830.0,770.0,0.001383,1,2,205
2025-05-17 09:37:04,aa66fcf16fae8e0c97405d4ad8e04360a7327f56ff2d8eb7d70f5baa98bc3105,897084,546.0,760.0,1.391941,1,1,325
2025-05-17 09:37:04,cf7801b5a437e01237094c0ab3629590bf2e54ccc6010e8199e998d5701f416c,897084,3744339.0,770.0,0.000206,1,2,205
2025-05-17 09:37:04,531a774c3aff355dd52ea91e15d0801eb687c17753254311160f8ab0fae6ef04,897084,24776.0,770.0,0.031078,1,2,205
2025-05-17 09:37:04,5058190e0519d6929d572c99a65d7d797fd900d52e99da183c2ad7d585bedf04,897084,292942.0,705.0,0.002407,1,2,223
2025-05-17 09:37:04,8e6f2bb9ba5425ccf1b3f0a16fdfc933565b788794d7363133cf9727629a6203,897084,618745.0,765.0,0.001236,1,2,234
2025-05-17 09:37:04,9320dcd43764183a53edb388afa84e2cc608f5ecd7829890ff7b737bee4c9902,897084,5588.0,770.0,0.137795,1,2,205
2025-05-17 09:37:04,c3a55203d27b8111ee0d6617ce50562e8755f0c28d1446a1fba030fd8e6d7b02,897084,187356.0,1130.0,0.006031,1,2,226
2025-05-17 09:37:04,606a3026b56eb75770f5d20e00df936c4a34b7668b8f3b4e9bfdc2a22ad85a32,897084,244875178.0,1532.0,6e-06,4,1,483
2025-05-17 09:37:04,ade4afe236807467f18ca7cbac8848f46372f27f69fef2305c0b083fd6f8a57c,897084,239835126.0,444.0,2e-06,1,1,162
2025-05-17 09:37:04,41ec1880fc2a7911c9d8b18fe0a40f534bb8fe7185e7ad34524301a9039d0a1c,897084,115975.0,7092.0,0.061151,2,2,300
2025-05-17 09:37:04,bc1df8b6dace70a1d10ecaed693a6c4e539982309cde3e236154ea3856d68aec,897084,4218905.0,240.0,5.7e-05,2,2,301
2025-05-17 09:37:04,d0c5bbbd050d222add92c237588b8aca54d8cbde6417886108923616dcd29398,897084,4348117.0,1683.0,0.000387,14,3,2533
2025-05-17 09:37:04,5e078213a2236e907cd0c0eea982baac36b8f9599076a33151ea067bf3a50d9a,897084,1121881.0,4830.0,0.004305,8,2,1290
2025-05-17 09:37:04,cef4dcd50b1dc2c3258f5f39735c235c0ada1820da44e381aa3a319bb10cb292,897084,99529.0,706.0,0.007093,1,2,222
2025-05-17 09:37:04,b1006471d8ef581e13a95063ee4b37e7f841c08093f60f80853489c24056adca,897084,1700298.0,2945.0,0.001732,8,1,1235
2025-05-17 09:37:04,794f4bb52657b9d659f03bccc892fbcedf43fa1b515f468b1a1164c476c8917c,897084,3899294.0,1135.0,0.000291,1,2,382
2025-05-17 09:37:04,03e6dbca9f1d5cbefffcbad9815d1be60a35d066ec8bbf972d869e00f3939aef,897084,3959677.0,1720.0,0.000434,1,2,380
2025-05-17 09:37:04,ff67b7f8ecf14dd0138b4fb2768f052d50a82e327f00fcd2a249c2b5078830d5,897084,201682.0,1350.0,0.006694,1,2,224
2025-05-17 09:37:04,571a8f7b512c3fd6669bff87ba29457d8a18e2720af591c747fe33beb9f2048e,897084,444697.0,904.0,0.002033,1,2,226
2025-05-17 09:37:04,2088c655189c7118eb9228fd431cd7993600a81775e5c20ba548ace32ea988d0,897084,93762113.0,3802.0,4.1e-05,1,21,840
2025-05-17 09:37:04,5e32b004c799dd4c4929ea006d976a08f4811d10bc3aa5105506b848068d97d2,897084,325935.0,5245.0,0.016092,10,11,1543
2025-05-17 09:37:04,da88f7dda3bda966f7d95a113e3e994cd1c089b52ff7b42d7f1534b889614a4d,897084,187900.0,1260.0,0.006706,1,1,188
2025-05-17 09:37:04,16f74197e4978f05f0ce9e41df2a22dfce7b5f2105cc00171ef189c50c447e46,897084,499094.0,814.0,0.001631,1,2,226
2025-05-17 09:37:04,98fd248601ff3f44fe4b4f59bd34310c327fad95595a44bf6101b8dc36e67108,897084,1627378.0,2590.0,0.001592,7,1,1083
2025-05-17 09:37:04,2136bf35fd93ccebeac27d87fc7a4eec5a4ad0a7ed06e5b3b375108d7d262acf,897084,20067350.0,6485.0,0.000323,18,2,2745
2025-05-17 09:37:04,646bcdbb356e0890ca4f264ad448ad142405b552962d5a40f3afc50bab2b3592,897084,52400.0,847.0,0.016164,2,1,269
2025-05-17 09:37:04,356939bdda1adfe0a09e124d0a53a68d04be5cf9a36b3a39f739a307c0882acd,897084,14147596617.0,72470.0,5e-06,50,283,23945
2025-05-17 09:37:04,9a43d0ea5d94dfbc1d42fdd3b1ef631a12550e7d6c10e432561e32dd0fb16a0b,897084,6492147.0,2572.0,0.000396,3,3,1011
2025-05-17 09:37:04,e320bb18a655f9531a1f8005b3825488ebf8de75ccc31d83f56f8f14e74b9d21,897084,2304769.0,1720.0,0.000746,1,2,377
2025-05-17 09:37:04,72c54fb8469c04d317ee5deea75f391f7aa6aa19401a04830b52fc882f4e2e01,897084,3699907.0,1733.0,0.000468,1,2,384
2025-05-17 09:37:04,48f506c70e4c2c1300d650e9f8b3aa961ddaf5047299387b058e6fc8d5471aba,897084,370200.0,1870.0,0.005051,2,2,373
2025-05-17 09:37:04,744bc93b1e4e0714ef3f6d68e40fcb1f0331c61a64d45455369976d990f6a991,897084,30801.0,1860.0,0.060388,2,2,371
2025-05-17 09:37:04,f9fa280e714c63bf93c964b324a9cd5fa96c876ba100294ab917370d1f826944,897084,12662.0,1855.0,0.146501,2,2,370
2025-05-17 09:37:04,46b7691251d6ff082ec7a6c26344f2e710a7489126f0193c9c9e081f5fc04470,897084,21331.0,1740.0,0.081571,2,1,347
2025-05-17 09:37:04,9f939ddb375bd6db549bb87e4c78f066c1a6e987296d2161d948eb73fc57b87e,897084,89353.0,1725.0,0.019305,4,2,668
2025-05-17 09:37:04,a688d48f93ce898227c55b98d61751e08813f7f82f3ae0b10650db38e6d8d081,897084,393153.0,1570.0,0.003993,4,1,635
2025-05-17 09:37:04,3ae0ff65afbb46970883c3ddc17e30a8d02ee6b2aa2c601a98a79cab784d3798,897084,278476.0,500.0,0.001795,1,1,150
2025-05-17 09:37:04,57336e1ee39d15556a18aae6c520213d71e20d900ad4f8b27b344010dc0fc9c8,897084,404555.0,1060.0,0.00262,2,2,312
2025-05-17 09:37:04,757e68c8ee8403207ac7927883a61cfdd5a6503f9cfb21549156f8e23f259da0,897084,20050255.0,6140.0,0.000306,8,1,1224
2025-05-17 09:37:04,2913be0d7a3092aa9b613e9b2d95d94b68b2dc771bc5850a9bb4b0b12df32afb,897084,5007695.0,1445.0,0.000289,3,2,530
2025-05-17 09:37:04,a7bc7bf0ebc394d9d4c8454615e3c2f1ff6baa7854bd62ebcc5d56df5bf3cb5f,897084,32549117.0,1420.0,4.4e-05,1,5,474
2025-05-17 09:37:04,6a52ac978cec0060ff38a1b27fd2f144f32b22bceeaaa4c24b16f19a6a5d892b,897084,471699.0,1405.0,0.002979,3,2,523
2025-05-17 09:37:04,41ecab1bde64bd682f4aa5cb519bcfb26a2eebfece2e94ee7ed0db03e64f21e9,897084,13370.0,1330.0,0.099476,2,3,396
2025-05-17 09:37:04,650729f69c69fbae5c441b182aac159ac438eb44771ea61e43baa78832d686a8,897084,12370.0,1330.0,0.107518,2,3,396
2025-05-17 09:37:04,f62fae9d0132b452b3e99925a05d6390c3980be6e6ec793fe67fdb4ed5d5b0c7,897084,173960.0,2605.0,0.014975,7,1,1082
2025-05-17 09:37:04,52aa173bac13cf10ae88575944d4c239455fa659422218e9e9ab658e8fcf6402,897084,1448098.0,1275.0,0.00088,1,4,446
2025-05-17 09:37:04,ed1aa97ddd4f6e2e09413788472f095e3b59fe3ac1390b2793b1b0f270d570e7,897084,6393377.0,2470.0,0.000386,3,5,1062
2025-05-17 09:37:04,501f4bac3c2280e62ee7c262517f3f63d9c01d3b01cc06a128c1a01f11058011,897084,1040080.0,1235.0,0.001187,3,1,489
2025-05-17 09:37:04,8b56abc15d40bb4826f28011e82eba1277abbdb60652fce4e40bbfa53924428a,897084,78550.0,964.0,0.012272,1,1,192
2025-05-17 09:37:04,5f2283f842e7a28d193409c530e71e24e611d50fcba872602c99d1b513a137e0,897084,3351487.0,1180.0,0.000352,1,2,235
2025-05-17 09:37:04,a44170aa79c181933ead3714d2ddf58a479082f4dfdb9a3eb4d9692963f60edc,897084,548711.0,708.0,0.00129,1,2,222
2025-05-17 09:37:04,d31a797075b6b43479c6839aef5a4eb5ae1058b4ee00729dcee5f1cbe2e297e2,897084,121625.0,1175.0,0.009661,1,2,234
2025-05-17 09:37:04,09073beb595cbb5ed2d6ad2e5d5c6263a9b5b52a3b0bc9b3bdb4da6f714339d9,897084,2105009.0,2270.0,0.001078,6,1,937
2025-05-17 09:37:04,b3257574574f65096f9604cc5afaf736d4ce7924a4961ec368c147709f55a8b3,897084,86844.0,1135.0,0.013069,1,2,226
2025-05-17 09:37:04,3a9435a9b59faebcf4fb7ee62a47912761b9222b815056fdb180bd60e1d999de,897084,4067.0,1130.0,0.277846,1,2,225
2025-05-17 09:37:04,3944a3c113d30fdd5ee3c0f3a2cc7477026a346248fea099c03b9b925b97b9c9,897084,300079.0,1130.0,0.003766,1,2,225
2025-05-17 09:37:04,e4e98d560ac6041d40d948369b03a103a0bf3f7c53636bbed69d1ac5355ac2c8,897084,476052.0,1130.0,0.002374,1,2,225
2025-05-17 09:37:04,2d51949b2bcd2ed1f8b831736c5c4bdd7166fe04db330c427d1cea09682ac07b,897084,142559.0,1130.0,0.007927,1,2,225
2025-05-17 09:37:04,1f4b1b9608e125c7ae54d262d527e0ff0235d61fd0a7aeecde0475cdc6961e97,897084,86204.0,1125.0,0.01305,1,2,224
2025-05-17 09:37:04,cae34f9100d55c63a9580e852747a4ab48209dd2a87bf4f797a580bfb24fbde3,897084,485830.0,1120.0,0.002305,1,2,223
2025-05-17 09:37:04,64d13ad8a7d45dd1c4a71f8b67ca3d6e2da3611f3bcd48b91d4cf93bf768ea86,897084,95362.0,1120.0,0.011745,1,2,223
2025-05-17 09:37:04,addb2c74e6cd5cd833c352a1436b542cc44442fe792b2efe20745b3f22aff94a,897084,6548051.0,1120.0,0.000171,1,2,223
2025-05-17 09:37:04,5a3578112db3311afe3b2085c88f6376b50ce052852b402147f53b1ef8d4952d,897084,16880.0,1120.0,0.066351,1,2,223
2025-05-17 09:37:04,ed1e48a983d155413a06bdb354ba5f9194236faad33ea06e768747fbb986dc26,897084,83829.0,1120.0,0.013361,1,2,223
2025-05-17 09:37:04,4947ada537baa159af0552e67c6fe9f91b9debc4b7e5e128581a3c3bbfc16d25,897084,97479456.0,1120.0,1.1e-05,1,3,414
2025-05-17 09:37:04,bf0e1ee3f4f5cf2814f5d45b20ad991fc52122d37b134fa7285075de6a64d301,897084,348647.0,1120.0,0.003212,1,2,223
2025-05-17 09:37:04,955defb7d9f9d1c25e0b0e905e9567c4e0b369070a491b2751c9fed22ec927f3,897084,136359.0,1115.0,0.008177,1,2,222
2025-05-17 09:37:04,0d5078f9b275395f42e74a645361db4293f59c20bf3f407afcfdf972040df3ad,897084,1681146.0,1115.0,0.000663,1,2,222
2025-05-17 09:37:04,c16dd0e9038f97d47b7effbf9d4336812dd65c34f7d257a56a63ffd2297cefbe,897084,75952.0,3277.0,0.043146,1,1,195
2025-05-17 09:37:04,6421396816d8e4462f852692b32e609fc66c082222c00a2cb0751e99654184be,897084,78360.0,6090.0,0.077718,2,2,372
2025-05-17 09:37:04,2f85917d1881ab7c93cb3c9fa14ac35515bc2e6828bbb22e189757955b34dfbd,897084,74433.0,4089.0,0.054935,1,2,223
2025-05-17 09:37:04,e4c5c1d83d6ea13b6fca007fc83243983f6c8195318d2aabdf2125eab046d8bd,897084,963901.0,5249.0,0.005446,2,1,343
2025-05-17 09:37:04,6c55724fd242e2da94f6896155b3006d776688d8c217f7f70a1f4bb2c24573bd,897084,436311.0,4089.0,0.009372,1,2,223
2025-05-17 09:37:04,daef908a1d2173e1e73c339d0279f0ce8cc8b81e87dd1d48921706b991f170bd,897084,83249.0,5191.0,0.062355,2,1,341
2025-05-17 09:37:04,02c3209fc13d4b0480a3fe0654a24b6434bed859a40c6be0013bd2144b25fdbc,897084,1448305.0,4176.0,0.002883,1,2,225
2025-05-17 09:37:04,57913181faa924747ce433822772011c6d9417c99c62640f54d25cdd7b6ab1bb,897084,932172.0,3277.0,0.003515,1,1,194
2025-05-17 09:37:04,e5bda4b4e0e9d64cca091e1284513629511a8c8c54f2767026c4f7b0fef142bb,897084,945680.0,4089.0,0.004324,1,2,223
2025-05-17 09:37:04,26e48ace55738c3ff30fb053e9d52d57f6ca6a66f1b7ab63f2aa2baff307e7ba,897084,1996810.0,3190.0,0.001598,1,1,191
2025-05-17 09:37:04,8c0fed0292666819d1f96a046f5fd015d4e00eb00505c082248441a1cc70cfb9,897084,344859.0,4118.0,0.011941,1,2,224
2025-05-17 09:37:04,4a11bc1863815d3105152a3a0e86f14fad725e0bdc73025c74d556810e0354b9,897084,266650.0,3277.0,0.01229,1,1,194
2025-05-17 09:37:04,425eef29018e95d786ee9b6615070c47c1d3bafa755f8cbebeb1dc5ebcdf8fb8,897084,542092.0,4176.0,0.007703,1,2,226
2025-05-17 09:37:04,bee3c43a2872ad83a7ed2fd4c34c0a3efc1998f575b06e826dcceaff24b130b8,897084,117247.0,4089.0,0.034875,1,2,222
2025-05-17 09:37:04,9d22267ee4339e5a854038eb66c86a176f3f463e717074d56b84d7cd398d62b6,897084,189117.0,3190.0,0.016868,1,1,191
2025-05-17 09:37:04,7ab42a12758dfaca5fe902002a892a10ccf8b1cbb7bb4cf8dd95940f8776e0af,897084,763859.0,4176.0,0.005467,1,2,225
2025-05-17 09:37:04,c9e5e2d75a25f87dc0567acb16cc65f03e630369475c583d8cb50b9047cc36af,897084,1892598.0,4176.0,0.002206,1,2,226
2025-05-17 09:37:04,1f03b76156e35c63ff009e368cafa2b188eb6ae2f1429ed83fdbf9f94f48a4ad,897084,17560.0,3190.0,0.181663,1,1,192
2025-05-17 09:37:04,75a5d96a2537d3b91d173eb3054911fac1aa9c4fa6233062872a86380f1009aa,897084,150723.0,3277.0,0.021742,1,1,195
2025-05-17 09:37:04,589fddbe82785ef8a727aa8d9aecce45c9e70ced39c1e295015f988ae9de70a8,897084,14834116.0,6061.0,0.000409,2,2,371
2025-05-17 09:37:04,6443c7f09f10a342e8f9b7968ca72642e3a2241a2cd404b87c27050398fa94a7,897084,24543.0,5249.0,0.21387,2,1,343
2025-05-17 09:37:04,e0b057582dc5e5dbc6576e541fcba2e2049597c726d245fdac62686eea2941a7,897084,69948.0,3190.0,0.045605,1,1,191
2025-05-17 09:37:04,144d7b0f5c184f86572038e9bceacd1dc9f9b74cbb837eb70f08b3f9f92723a7,897084,64016.0,4176.0,0.065234,1,2,225
2025-05-17 09:37:04,a2b73f07fe07e372a371e678b01e3e27c11a9af583e9ee8ed3ace264a63567a6,897084,250629.0,4089.0,0.016315,1,2,223
2025-05-17 09:37:04,98060f53551b168c91a5112f5f8a826b76f7e04631d7b5e2ceea3b8c28a1b5a5,897084,179102.0,3277.0,0.018297,1,1,194
2025-05-17 09:37:04,031f50c2e3c9d45ac0cc0c82e7d6526b564fb82487c87c38e560d5f2186a59a5,897084,208781.0,3219.0,0.015418,1,1,192
2025-05-17 09:37:04,1fae712e66f89ec1d6d4844800be84aab1cba5e8115905f33e7f7f09706802a4,897084,310427.0,3277.0,0.010556,1,1,194
2025-05-17 09:37:04,329c01da89861020f65c71dc164b117776ee4a1c548e41e7b87d528df957ffa1,897084,1054548.0,4089.0,0.003877,1,2,223
2025-05-17 09:37:04,576fb0a595a2b57654e91cc52ca45566c013f7993f2944d2784b144a6990459f,897084,396530.0,4089.0,0.010312,1,2,222
2025-05-17 09:37:04,6805728595ecb27437514490ec2514e090aa8c4dfb90d1d579f9884e347aa39b,897084,7954150.0,6061.0,0.000762,2,2,371
2025-05-17 09:37:04,53db429637b53716ba339ac0a61dca0e48a1ce0889110634f487eeb535376f9a,897084,35672.0,4118.0,0.115441,1,2,223
2025-05-17 09:37:04,cf774d3edf40045d977187d6581e651364246a073f44fc82cec4990cb8537498,897084,117045.0,4089.0,0.034935,1,2,223
2025-05-17 09:37:04,3c4a6326b3c7d48dccff5bd9d5eb5379e88a80cae803304d4636f23573e49797,897084,4486755.0,4089.0,0.000911,1,2,223
2025-05-17 09:37:04,b7ff5c5d4e1333b93661ed354ba84fd2f70c776556f2a336cc2ac1144dd6e096,897084,610773.0,4176.0,0.006837,1,2,225
2025-05-17 09:37:04,8d997bcd6e640b74e8fcfb59b5fc42cb46dc96c1d73129e4f48153fefdc8bf96,897084,467310.0,3190.0,0.006826,1,1,192
2025-05-17 09:37:04,a2384437f626e75442cdaf3900539d9010b8d6910b9ec4058b834ab2c01ca296,897084,410626.0,4089.0,0.009958,1,2,223
2025-05-17 09:37:04,32ffc84eb8928c61090ab29e1300c36e7f8ba08ba87423f1ab5ecfa821f33496,897084,285315.0,4089.0,0.014332,1,2,223
2025-05-17 09:37:04,7dbc2ab26c26ea5c2eb7b0fc77fa1c9a01cd2f404ded7356950df8b4be5ae695,897084,6391.0,3277.0,0.512752,1,1,194
2025-05-17 09:37:04,112a368cdfb6b8908c41cdb7b600fe6b04939de371b637973a5fe0f674ae7b93,897084,92208.0,4176.0,0.045289,1,2,225
2025-05-17 09:37:04,d888447263d5bba5efad9d7095b2be3902d35d35726010c2e65bfc64fecf5492,897084,14986.0,3190.0,0.212865,1,1,192
2025-05-17 09:37:04,9dd301a67ee2046b88642f08f6633e6218f9dd13a53c9a90126a6ef2a409b88f,897084,108793.0,4089.0,0.037585,1,2,222
2025-05-17 09:37:04,618d0feb2e442f4c197e446066989ade6929f45bdfafd5884074c4eefad3af8d,897084,81583.0,3190.0,0.039101,1,1,191
2025-05-17 09:37:04,cee48443a54b679c23a94492423cdf378846b05adbebb36fc418cb7fe484908d,897084,5218633.0,4089.0,0.000784,1,2,222
2025-05-17 09:37:04,db42851f874c943cff0d7a43a619a8869daace5349c60e2885aafb15e895e68c,897084,514993.0,4176.0,0.008109,1,2,225
2025-05-17 09:37:04,9a8c0f9c9b637df805ed7c2d666a611fa5ae633b9a942fadfecdc2acaa79ba8a,897084,243320.0,3277.0,0.013468,1,1,195
2025-05-17 09:37:04,7b79a1137df1085e8c0a59a1ba19c63308c59b742dcabe4d6f6a1ecb934b868a,897084,15352.0,4176.0,0.272017,1,2,225
2025-05-17 09:37:04,e0ee7bb7f20ea12dc52844c73549694c340abf251c104d7d45fc3c282c30fd89,897084,225494.0,4176.0,0.018519,1,2,226
2025-05-17 09:37:04,ac1f6cd820952f321b17866c868fa5d0b1579a87c84cbb40d63b5cfc78f6a688,897084,156033.0,7134.0,0.045721,3,1,490
2025-05-17 09:37:04,59d46e672f8638a9ef831ff2d7d3ac8d920e9e7b681fd0d5a3d18b3b8772a187,897084,349857.0,4437.0,0.012682,1,2,234
2025-05-17 09:37:04,dcf76faf9c34eedaaf2370fcf6b0f0e276eee597655404bb48200b3beee21c87,897084,2314823.0,3277.0,0.001416,1,1,195
2025-05-17 09:37:04,b10a84f7412a16b5e7866c472cc57889f85a6247e030a821d60c126518c1a786,897084,498002.0,8062.0,0.016189,3,2,521
2025-05-17 09:37:04,5b4eef26d1f1af9fec74f95717de49d790753144da919f6c2a498314be4f6b86,897084,94224.0,4089.0,0.043397,1,2,223
2025-05-17 09:37:04,74a03e31442d358c92d4122b24f00bc5f18fa336fc94279c9317bb3b7fd23b86,897084,30321.0,3219.0,0.106164,1,1,193
2025-05-17 09:37:04,70f6a4ac4910d375459ce02b05e48c05195ff0d7d6a2a186d6b76402758e7a85,897084,182823.0,5162.0,0.028235,2,1,341
2025-05-17 09:37:04,ece804f08874a2d683ab5a435bc26ece2eba289c0d861f6d1aefd0169e187385,897084,1868136.0,5249.0,0.00281,2,1,344
2025-05-17 09:37:04,3972e3dab88ada3b05cc057978770f50681b9b093a1f4e342d84ed8004b98784,897084,596553.0,4089.0,0.006854,1,2,222
2025-05-17 09:37:04,f223daacd5625c3b1d71e82ff3dab44618fe97b8b4af10ca65e02231d4b24f84,897084,1678472.0,6148.0,0.003663,2,2,374
2025-05-17 09:37:04,3c314a9f30e5615443cb82507a4da44c1376b2e850bad13e53c34909ed387382,897084,169672.0,4176.0,0.024612,1,2,226
2025-05-17 09:37:04,cc81b3c924a46e0c03c7d2a2f8e500b6743f6f2b11c309b0ce0d87a3134b3182,897084,129537.0,6090.0,0.047014,2,2,372
2025-05-17 09:37:04,9e78fad5ea625203e448fe5c2cd2b8eb25414e239497598c47ec154020b93c81,897084,540648.0,4118.0,0.007617,1,2,223
2025-05-17 09:37:04,ddec121417a2e39444037e867d74120f8fe5c7a83b696f04cce3b7657b8ae080,897084,1193533.0,3277.0,0.002746,1,1,195
2025-05-17 09:37:04,38cc9724c026392056b3904a2e3e88fb5a372760b632859498de7267b296297e,897084,1020532.0,3190.0,0.003126,1,1,192
2025-05-17 09:37:04,a2d6a5be5bd072fd841820c5f42923b4dd8dc3b23355557d57467a7f0ef79c7c,897084,18208127.0,4089.0,0.000225,1,2,223
2025-05-17 09:37:04,13284bafa8565a485f6adf33b1d38695b3a9bb4a27aeacd289d3c59448b4e57b,897084,2688511.0,4089.0,0.001521,1,2,223
2025-05-17 09:37:04,cffefbc837c903b04c3d44387ba4aa19620fa5aba0bed7bb3355cab757e3de7a,897084,14512.0,3219.0,0.221816,1,1,193
2025-05-17 09:37:04,7a4c3e33f1745a96916ed5b0815f074ace3be1f488ccb1f970b092b67597d67a,897084,1709859.0,5249.0,0.00307,2,1,343
2025-05-17 09:37:04,415e61c0d8259cd9180977d5b00f8af279866bbe4a641c2efaaebf830466797a,897084,112760.0,3190.0,0.02829,1,1,191
2025-05-17 09:37:04,526c5a63ea8dd7a29b98f6c452d1673c901711139ad7018e8e3884ced259e479,897084,1124361.0,3190.0,0.002837,1,1,191
2025-05-17 09:37:04,b9f0732411f0264d5a94d43d8c5204bd581d1825e106bb272e8087671d75d678,897084,51731.0,3277.0,0.063347,1,1,194
2025-05-17 09:37:04,48f7356c5d7168d99fefd66436639ab8616c6dca906f20e2611f1b225268b078,897084,405878.0,4089.0,0.010074,1,2,223
2025-05-17 09:37:04,0260f9beb4d34f3864f06d386594315cc515f48ae716838bdf23ae1f13572a78,897084,44188.0,4089.0,0.092536,1,2,222
2025-05-17 09:37:04,2fdc12ba5f542b3ec3a53ea94ea95939f941b80ae5d0f46eecbc952a90460177,897084,11293.0,3190.0,0.282476,1,1,191
2025-05-17 09:37:04,ec1ecb4caf183bc8dd164cb8e1c68d0fc79b5234c37987729797657838d2b776,897084,368476.0,4176.0,0.011333,1,2,226
2025-05-17 09:37:04,e3841b913dcd60a00b2492e4ebde9a9a2b4e24d1e70064ad2fbd4be0c5ebc475,897084,328910.0,3190.0,0.009699,1,1,191
2025-05-17 09:37:04,b84e3f2cec9b265c75e904c658812a638bc59d6166e98ae03589cf03db503875,897084,2000685.0,3277.0,0.001638,1,1,194
2025-05-17 09:37:04,2aa9037dcd5d768552652371dbfda07c86645c481fde973cabae66c420f0b574,897084,1241252.0,4118.0,0.003318,1,2,224
2025-05-17 09:37:04,b1258a7eda7b619413e361c058189fb71f28f0d93d2c4391a59f227073a74574,897084,316838.0,5249.0,0.016567,2,1,343
2025-05-17 09:37:04,33a83225f9bb744e0c8127b1cb676ad638f0b9e39168e9e538f01b85c057d171,897084,546262.0,4089.0,0.007485,1,2,222
2025-05-17 09:37:04,fb9eb88ff0f950dcc6576d323e23a8c8d28de84cd75e566e248a410bb01ac371,897084,66569.0,3277.0,0.049227,1,1,194
2025-05-17 09:37:04,53af47724596ed324e3a5cb56e06d07369c019a804de2a6e69e6086cdad0b471,897084,22556.0,3190.0,0.141426,1,1,192
2025-05-17 09:37:04,ac6613fca969cd11be67ddc45926868b0f8f28a9ff6488404f50d3e5d42e7971,897084,147023.0,4176.0,0.028404,1,2,226
2025-05-17 09:37:04,0955626f3695b90496959c75dc1840174a9b903f22f47334947dd92aa55a7370,897084,962839.0,3538.0,0.003675,1,1,203
2025-05-17 09:37:04,b63005909921dc3139528d0e64620e44e50d6f8e65c23db081ab800778336870,897084,102237.0,3219.0,0.031486,1,1,193
2025-05-17 09:37:04,44eb52f478192b3a3142eafb68f0bac730266f15d9368e8d96b4a06bdebeb96f,897084,62112.0,4089.0,0.065833,1,2,223
2025-05-17 09:37:04,d9fa4ea762030a9364c94b965cd658fb24d7ca225ac3f7baa7720947f0616d6f,897084,64934.0,4118.0,0.063418,1,2,224
2025-05-17 09:37:04,ccc231c7583e39bdf0c51c8a7366a2ce2f2b9669b9a2e8cad05c6a8c0780946a,897084,280809.0,4089.0,0.014561,1,2,222
2025-05-17 09:37:04,2c13e732a41564e152d8b1113aded867ae8a1880c576e774e574ec84e0429769,897084,345382.0,4118.0,0.011923,1,2,224
2025-05-17 09:37:04,5eadfcf467539fe0981a374d8ee023443f877b652a205b468ab50a831ffc3769,897084,895563.0,4437.0,0.004954,1,2,234
2025-05-17 09:37:04,fd07273d34adcebaf438b7a1154ff5c354bcdad9204e8f40fb658e3d1abaaf68,897084,108186.0,4089.0,0.037796,1,2,222
2025-05-17 09:37:04,ba85a8fb64cd7d12b9db62b978f9dd100d341aa43762d8ed559dd19a9953c067,897084,6288.0,5191.0,0.825541,2,1,341
2025-05-17 09:37:04,9f3a1c5e526912a94560bd2aa7045c7a057d3d1f65ea6aa0c34e7de203508066,897084,983897.0,3277.0,0.003331,1,1,195
2025-05-17 09:37:04,c1a38c2ebcd02d8cff14fd811d3a63be5d432baa90a12fd7b1018add6f5b1f63,897084,85385.0,3190.0,0.03736,1,1,192
2025-05-17 09:37:04,d2a7fcbab943b0f4b09d15278f8482919083570b3c7b439bb64730e3b17a9362,897084,240404.0,3190.0,0.013269,1,1,191
2025-05-17 09:37:04,a717ecabf2286cda7795547756dfa9857920d5620cde44462fd4585c44cd5062,897084,1595286.0,4089.0,0.002563,1,2,223
2025-05-17 09:37:04,bae0b500e83f29469c4ffed965e2de77ea5813f13af71a97e6392c35b3021462,897084,84748.0,3190.0,0.037641,1,1,192
2025-05-17 09:37:04,f68562db159ad5f0558df5ac10f99e7ee901a80c8e2b4d62ff8c5ceca0f2b761,897084,2678301.0,4089.0,0.001527,1,2,222
2025-05-17 09:37:04,aa95aa5335f06743a76db929b82dc24b7d2a408e43097661c08fd263871fa561,897084,16780180.0,5249.0,0.000313,2,1,343
2025-05-17 09:37:04,9998513f1b049e151151b2ee616bb5649fa5aebe28f7d884abb040769a180f61,897084,1745619.0,4089.0,0.002342,1,2,223
2025-05-17 09:37:04,21bf7161e99b3ffe390e379741c216497d70f0c3e38267c771e65b1b93572760,897084,45467.0,3190.0,0.070161,1,1,192
2025-05-17 09:37:04,860e0d8470c7213ec02f9e5992bca74b495ae61da094a9e80691b1af6e417f5e,897084,1248945.0,3277.0,0.002624,1,1,195
2025-05-11 15:49:37,7986498f8db7dbf5e2d802f9ac9881cb82274044d9cf0d6773deb095062dd189,896276,1230729.0,276.0,0.000224,1,2,345
2025-05-11 15:49:37,5a493d4293dd806efae4535a19a44d73f4940867f1fd2078ca6d3d1959d485e6,896276,48406194.0,1193.0,2.5e-05,1,20,964
2025-05-11 15:49:37,ec572a6618ffdd4920b047d9d2239889fe9b37d97c380439b9accdbcad294478,896276,84582097.0,815.0,1e-05,1,12,718
2025-05-11 15:49:37,6d79f7d29f095f924edc371db8261ca48f21aa8151ede01547b6b10e5565145a,896276,579256.0,624.0,0.001077,2,5,784
2025-05-11 15:49:37,5edd59826b422590ba8babb3d733e10cd8891c4b2fdab557af78ac6fdf4fef8d,896276,502578.0,510.0,0.001015,2,3,710
2025-05-11 15:49:37,2b49fb692c0f233367ed4d27acbd31dda0f08437428aac6dd5054c0277a11119,896276,2394975.0,348.0,0.000145,1,2,414
2025-05-11 15:49:37,20c6d5c8a419d53b338a6c2fb984656a01102c2366bc51a6e0664ab4904da899,896276,1400414.0,564.0,0.000403,2,2,744
2025-05-11 15:49:37,62688fce7a1880991d2df0b790042a84a814e11885ccd40f1c22329c63e48a3b,896276,123667082.0,390.0,3e-06,1,4,442
2025-05-11 15:49:37,7ab971ffe7d734ccdcafe269419b8337f92e88936089167674ef45006930d29a,896276,826212.0,331.0,0.000401,1,2,405
2025-05-11 15:49:37,12c708cea390bec17342c1b13093286322b22f35a37aed084ce42accecc333c9,896276,7597149.0,342.0,4.5e-05,1,3,410
2025-05-11 15:49:37,0dd3a7a4e5125d542da58a5152cfc4d6152b0e6ea2bbce4e7d0a7008e2efaa16,896276,22675921.0,342.0,1.5e-05,1,3,410
2025-05-11 15:49:37,6f14f0607db2930f04320f23d5c234dd88a3eb91a23485e77345449e2110880e,896276,14297837.0,342.0,2.4e-05,1,3,412
2025-05-11 15:49:37,736dd436b963d587a1b874b02f0da570bb06ecb78b9c456caa439ce0c04fe8fd,896276,43590957.0,294.0,7e-06,1,2,380
2025-05-11 15:49:37,64a7662ad6c7c7a6e19e346c21f650f96d63f8c4418e0e4be859c59255f80cf2,896276,464439.0,294.0,0.000633,1,2,380
2025-05-11 15:49:37,d7894869a5951420f3d2bb0224f2509f49087568524837c302bc35bb6b18426e,896276,18387084.0,294.0,1.6e-05,1,2,380
2025-05-11 15:49:37,254c451add147712dc7a5276c26d59757c9ca580c771e4496acafd803e310c61,896276,3532756.0,294.0,8.3e-05,1,2,379
2025-05-11 15:49:37,931c91464201a5e1325b71fbd37c7c82b85f1d54ef622e70c845e58c5fe0af38,896276,1454536.0,294.0,0.000202,1,2,379
2025-05-11 15:49:37,2fc56879676b258f7b170cef680e063f5c69c05fa58480cc29d58c1fe3b716f9,896276,2888587.0,313.0,0.000108,1,2,391
2025-05-11 15:49:37,6469106df296fca65909f46da64f744e5ac77efe06607c5433e712e8b48b673b,896276,27469692.0,313.0,1.1e-05,1,2,391
2025-05-11 15:49:37,42196a0dfa538e3706121013bd81a50091850deae270028f7469c88c1f034fd4,896276,42229330.0,299.0,7e-06,1,2,384
2025-05-11 15:49:37,c03b5cca73ab5d989af425259cdbbffc2dda81294ba6a7632b5df925db22f4b5,896276,312990.0,299.0,0.000955,1,2,384
2025-05-11 15:49:37,559eb2c455942d3052111031b05c01f2c8684637543d65e0198ded916aef47ae,896276,1803162.0,299.0,0.000166,1,2,382
2025-05-11 15:49:37,1faaeb91b8f28cc1b568ab58a415b04d8cfe31f50ab0911f1685b8e262527578,896276,1851280.0,299.0,0.000162,1,2,384
2025-05-11 15:49:37,a0b1c5b232240e75f90498844904fe5a8661959a368871f517ba57834d8f3618,896276,3153947.0,475.0,0.000151,2,2,686
2025-05-11 15:49:37,78fd1a303909138b5b953c9ad2315c412cac4a0f66fc27d699e3153a1f6b4a80,896276,1439008.0,461.0,0.00032,2,2,676
2025-05-11 15:49:37,7fcb359583dcfd44e2ca8a76447ccc422f9c04a28490ffae4f89d283a3c7e721,896276,51326689.0,296.0,6e-06,1,2,381
2025-05-11 15:49:37,966a849268290ebf3fb3c8b7760433641f7fd4cfadb194fefd6ad3880fbe41b0,896276,289548.0,226.0,0.000781,1,2,226
2025-05-11 15:49:37,9effefaf95c27afa21435a61c5fa71642157d485e35bc573e31b230dd179b57d,896276,182936.0,226.0,0.001235,1,2,226
2025-05-11 15:49:37,656d156c8f46d629fb891a09d945fb0d5e825dadb640b051004f9a14d870162a,896276,4649340.0,223.0,4.8e-05,1,2,224
2025-05-11 15:49:37,d389e1e91548bb680202bc6892d481803fbb5e6afec571ae745090cc73903507,896276,19999778.0,222.0,1.1e-05,1,2,223
2025-05-11 15:49:37,2eac9c1fa4538cb53ab64ecda79f725d2f8133b82c239e03c772fbe7d321454a,896276,693293.0,223.0,0.000322,1,2,223
2025-05-11 15:49:37,497ce544d5f1b02db2ece73ab604bace192d2b06196b7645bf4b97d65e25b341,896276,1807800.0,300.0,0.000166,1,2,379
2025-05-11 15:49:37,0e242633b04c85972314607e08155961ae9bba3f9afad1d1742359f0bfcf4fe4,896276,1003774.0,226.0,0.000225,1,2,223
2025-05-11 15:49:37,f248f5357e2178fbd5e86cba6e6df9feef8f695db1ffd5e763ece9142674f9c8,896276,2828799.0,226.0,8e-05,1,2,222
2025-05-11 15:49:37,36e178fe39a1bdacd62329965de33d5a7a455a8f68b94c7fed18e71a3c5ea6a8,896276,547519.0,226.0,0.000413,1,2,222
2025-05-11 15:49:37,7cb51054ef98979d29376d6563fb752ce14794c5c8d824c35c443d90145d1045,896276,416240.0,226.0,0.000543,1,2,222
2025-05-11 15:49:37,9f6968dc8405785ed8576d826470bd6bb2acb284926eaa11f4d2bce0692d586f,896276,485223.0,226.0,0.000466,1,2,222
2025-05-11 15:49:37,c010f88f03ac2b35e716696db23998bbed2625104883d113de0c87dffb31e526,896276,4608498.0,402.0,8.7e-05,2,1,631
2025-05-11 15:49:37,d32441211996a456d2fdaa21a081cfc57e06dfec151d5c41deb327732123cd61,896276,50643.0,257.0,0.005075,1,1,191
2025-05-11 15:49:37,fd44c67e4f3e3291634b3c19a17c64153a7b9a81ddc1113b9ed203ff8f41d7aa,896276,154236053.0,1222.0,8e-06,1,22,1000
2025-05-11 15:49:37,4de3eed00b51cc7e1bf598fb3284dcec43e658e3f423ce698822c36d5df6baf2,896276,1152663.0,308.0,0.000267,1,1,191
2025-05-11 15:49:37,fdce3c784578c9fe0f2cc53603318103da46b106f641c2c68a8745aba7e4aa79,896276,54688.0,350.0,0.0064,3,1,367
2025-05-11 15:49:37,851540baae54d7a68e57bdedab2fe51dccabe6d10e0208963881a3e64faf5ca0,896276,657374.0,247.0,0.000376,1,2,234
2025-05-11 15:49:37,674c65cdf5f1a2da94e4981a3e893abc293f70249c8d55a4bb5a8cd7a238c6bb,896276,999999767.0,233.0,0.0,1,2,225
2025-05-11 15:49:37,b54964c3b2d2d9335c0224ac7daad39f4cf6f78b32977adc9fbf1f75a0bddd83,896276,105024.0,216.0,0.002057,1,1,215
2025-05-11 15:49:37,c9fd2d87bd13c5e2f133c57dd025a64105208a33367339c24a030c9edb616784,896276,92454.0,3056.0,0.033054,1,1,189
2025-05-11 15:49:37,f67a60ef7b37162a8ca65ebef6176402d740d6603bf31a0621a93c4136e03d9a,896276,47638350.0,5518.0,0.000116,2,150,5177
2025-05-11 15:49:37,1c4a62a92811730333be9ce2ba5cf91f73224b8cffcc969ba4a046ec61a38f1f,896276,50343.0,1035.0,0.020559,4,2,667
2025-05-11 15:49:37,be839133400e2e74d86c23106f33697f0360e2757405eaf3fa53556b65e083a5,896276,5736609.0,1229.0,0.000214,1,28,1110
2025-05-11 15:49:37,d064a42020a872b3bbf84cdb8307db257b9fe448a7a65f59d0ad1bd35ebbc862,896276,1735326.0,316.0,0.000182,1,1,191
2025-05-11 15:49:37,f52f85760c1c6459b30ca18c20902f08aac386f3c4c1c0c7ccd72e633300f8e4,896276,124058.0,234.0,0.001886,1,2,222
2025-05-11 15:49:37,44bc4cc6dc127e157b9b2bda5d6e967ab9f121a9dab0e350f6b963e7a12b7a5e,896276,743756.0,254.0,0.000342,1,2,234
2025-05-11 15:49:37,51f682d1a507cc21382c42d02f0a780b5eb9cd72a6b514de8299d9683595260b,896276,230198.0,254.0,0.001103,1,2,234
2025-05-11 15:49:37,1fc8d3052a48c37c3f76682dddb78df7fd0293d7aea6a9669230cd17c8f8cc52,896276,181444.0,231.0,0.001273,1,1,304
2025-05-11 15:49:37,4a28a257189915b878126f28662672d9c6343f25c1eb5bd914ce926082775687,896276,101622.0,273.0,0.002686,1,2,246
2025-05-11 15:49:37,2f643360b8f345e334e203df5ffe019f037f14eea04847ac533effe73835a24d,896276,20793.0,207.0,0.009955,1,1,207
2025-05-11 15:49:37,94d0c1b6fa65cb3703d7fffe3129d3a54af45c51a2a89fc845d77030bdf4d4f0,896276,22980.0,313.0,0.013621,1,1,151
2025-05-11 15:49:37,df7560a1cd63c7d3e6a11d2da6cd49c36d2af270a654843a0a8f850679ac0b5f,896276,23293.0,224.0,0.009617,1,1,407
2025-05-11 15:49:37,052f12acecee1ea51ca106e5cdad8ca56432cd2cc5b2e2a731e5d03aed8da072,896276,1304229.0,180.0,0.000138,1,2,234
2025-05-11 15:49:37,dd7dc3ba7c28e8dc772fafcef462fc2acc11d45deb2a24244de078bb7420cc25,896276,47232.0,351.0,0.007431,2,2,370
2025-05-11 15:49:37,1c7bbacbfa95405e87e8341172fbb2a1d4ad9d49a20b5359b645f43094e0a91a,896276,2214819884.0,2278.0,1e-06,14,2,2474
2025-05-11 15:49:37,72fcca496e6ff75700dec80fb4be13592816e2008d8fb86fd498ef5d429456c6,896276,914774.0,492.0,0.000538,3,1,534
2025-05-11 15:49:37,f87cb90a5f7feb0800ee23f5f516d145e6e3a3ebe74d9e9a9b1906fab45ecf71,896276,3000.0,300.0,0.1,2,1,339
2025-05-11 15:49:37,dd4a1453156d2b4d5082e0ad30a9dba5ae08c2701aea4df47829794ddf89e446,896276,2500.0,346.0,0.1384,1,1,406
2025-05-11 15:49:37,8a6f51e22069d4857cdb3119fa44f8d72a9a27da1f48929a8ae9f610430e5f57,896276,680859.0,206.0,0.000303,1,2,234
2025-05-11 15:49:37,be976954c1598cfef0ffef48f95aa1b9e40032add5bfa4184af0659a9cc93cd9,896276,85700.0,240.0,0.0028,1,2,222
2025-05-11 15:49:37,b8d8bba82f62da5056ef3518aa345b19c1622f5a1fb24916f6190765bc0a94f9,896276,13267.0,246.0,0.018542,1,2,226
2025-05-11 15:49:37,573d3b04517f3d877bd1731c4b8f282c0d7797df18d2957409bebd0214d6f395,896276,4565055.0,1054.0,0.000231,6,3,775
2025-05-11 15:49:37,8fbfc6a779d030e6f7d839c3f7ffdc4824c62e70e8a7953f72236540ba752783,896276,4571168.0,340.0,7.4e-05,3,4,488
2025-05-11 15:49:37,dfbda502cd39387121bf2b1406cc5834514922bd1f834089d4a134e0d6450ba2,896276,32657.0,652.0,0.019965,5,1,783
2025-05-11 15:49:37,0365baf8de91caa762f054b6fb80c3a2dd44a0464ef946664353bc03f2aaa1e5,896276,47506.0,192.0,0.004042,1,1,193
2025-05-11 15:49:37,91acda2111762b15fbd6144085e4b0b644565a026b1423ce19e92e03c81c3b85,896276,10430.0,444.0,0.04257,3,1,502
2025-05-11 15:49:37,819277661cab47c61bf13c4a199a4b5cdecf5a5146acedf0e0ebe754347001a9,896276,11129.0,855.0,0.076826,3,2,407
2025-05-11 15:49:37,bb102e488b60146c8954f7cdef8b4df26475dfbda8216df306d0dca8b886aeb7,896276,706572.0,241.0,0.000341,2,2,302
2025-05-11 15:49:37,8b0367fcc8500cd90ff114722463fe6fcc521a4ec00f3c508a6a1c78b1880724,896276,353992.0,254.0,0.000718,2,2,313
2025-05-11 15:49:37,9a7db614a49307bb7c23697c1db3dcb39029d27a2f249f1872a120a8ea984081,896276,1146986.0,424.0,0.00037,2,4,516
2025-05-11 15:49:37,0c04d20bd454df7531e403c782910ef8da04316e5afd1b1c749f76e6b3e9b3ca,896276,2608059.0,247.0,9.5e-05,1,2,223
2025-05-11 15:49:37,03bb60b475020a93d33d4f68e8e89b8d616383de5254af3d3c344b8419e5588a,896276,366668.0,247.0,0.000674,1,2,223
2025-05-11 15:49:37,9f4b10050c176315db2f3c93440fdd7d2ed144cadb19912a3926ef3e0328d697,896276,434872.0,247.0,0.000568,1,2,223
2025-05-11 15:49:37,71f6c8405a58f082d121e6004eb0642ff95793565614d02fa15b97d768cd7b47,896276,2614354.0,247.0,9.4e-05,1,2,223
2025-05-11 15:49:37,574a5d6a6e25e221e4cafab1639de3c640561395fa067373fcd82e552aeee346,896276,2663644.0,247.0,9.3e-05,1,2,222
2025-05-11 15:49:37,bcdda7ae1d2c534ac55271b0e383a08042698a7b35dd302c52cdb89f347d447b,896276,877.0,1649.0,1.880274,7,1,1130
2025-05-11 15:49:37,d12ea7d7f80932d77e6b9fc0f5e47893c880b06f8bfff5fe60739405c270e844,896276,870800.0,200.0,0.00023,1,1,195
2025-05-11 15:49:37,76cc480b11f5897e87a9b7940c6b75466eac5383542e22687c1ae8b43bf2b114,896276,337800.0,200.0,0.000592,1,1,194
2025-05-11 15:49:37,c6202a33325f1ed45c41ac350028addf3c9a225508e0d504e7c8b4e322912a54,896276,15246937.0,374.0,2.5e-05,1,3,291
2025-05-11 15:49:37,10967826d5d54a21457295b23bd9375f73cc2bc19b23f14519125cc68d26e07b,896276,36082.0,220.0,0.006097,1,1,203
2025-05-11 15:49:37,c909c80a640c6d55ce117f0c0b169014ce7eba50b09a99123e11ae3785b1b440,896276,101948.0,522.0,0.00512,3,2,533
2025-05-11 15:49:37,46ae4d5dbe11e102adac3190f0092c0f459b7f90986d27416b8cf9310fc105e1,896276,870800.0,200.0,0.00023,1,1,192
2025-05-11 15:49:37,18137abe88d52bdfff56b95834ab535010805fa63c4f355129692280216b97b0,896276,84800.0,200.0,0.002358,1,1,192
2025-05-11 15:49:37,74671ebd9fe58e9fe850df330b9b397186e2742ac974b8a346cfb33898c85371,896276,147800.0,200.0,0.001353,1,1,191
2025-05-11 15:49:37,0a80908cac2ba583fa4a5f7f6e27364281ca5f81f725e0985647138467bc3fdd,896276,368000.0,257.0,0.000698,1,2,222
2025-05-11 15:49:37,1c4d938b8b92bb2812b415a0f2ea491f21ba5437ce0ed9c5f516ce7debae38ba,896276,84740.0,260.0,0.003068,1,2,222
2025-05-11 15:49:37,9fa89cfb3384d07cc519a34644b6b58c19ec6b977122d5ab551bf4fb7ba58f98,896276,671286.0,260.0,0.000387,1,2,223
2025-05-11 15:49:37,c78279eefcf03f56efcea96709648af37b547ceaaaa8192d8eea65e1073ce558,896276,86200.0,211.0,0.002448,1,1,194
2025-05-11 15:49:37,2968dbb4a0d4638db73ffa68f95ca716b5198f4dc7670baab2da012cae0fe659,896276,19164.0,212.0,0.011062,1,1,194
2025-05-11 15:49:37,51d32d4283ed257d3c0fc07acfc91b2860845fc003ff24600b4aa788ebc4ebc2,896276,93413.0,340.0,0.00364,2,1,342
2025-05-11 15:49:37,8e615a3ddd483e6b329d4249c9fe7c2f5e1f9ccd870f50e5a33556dfa7e0309c,896276,47884.0,209.0,0.004365,1,1,191
2025-05-11 15:49:37,c133ccc6c35e1b728d355d540d9f8f0b51d1942656859461ea69e7fa4c421258,896276,3438883.0,362.0,0.000105,1,2,380
2025-05-11 15:49:37,6825a8e08eae31b61b566c6dc1317412ddafbb079033688370ce0ab2695b461f,896276,72318.0,446.0,0.006167,1,2,232
2025-05-11 15:49:37,41eb8a0b754857f8f65e8288ca6b9679e0a2ce0cbbca572fe5d84b1cced1a34a,896276,2521.0,500.0,0.198334,2,1,331
2025-05-12 03:27:37,9c7bd8c03c105b8315551ccb9fdc9df740350b4dbbde7c56892e293a508ed69d,896352,1313262.0,288.0,0.000219,1,2,226
2025-05-12 03:27:37,301a579f629e08c3c90397de468f37fb50dfa0ad741f2d6bce295e6b002a5b9d,896352,207946.0,284.0,0.001366,1,2,223
2025-05-12 03:27:37,52c9d565129706b84acd6777e52f7b72b50333a40c43131e399837917a99d59c,896352,54947234.0,288.0,5e-06,1,2,225
2025-05-12 03:27:37,85211e2924cf16541d0fc3dda7622fa630da7155737ff6d9179cd5f570a5a89b,896352,1001105.0,428.0,0.000428,2,2,376
2025-05-12 03:27:37,72e677b7fd87306f0a9a5d6e9a74d14ae03603bf51e14a9188b1f02e7074419b,896352,70555970.0,220.0,3e-06,1,1,192
2025-05-12 03:27:37,3bb6f41d5b24be435440e22189cb1e03c7d4a7340e413eb2482b57a032ef9a98,896352,20886.0,222.0,0.010629,1,1,193
2025-05-12 03:27:37,73a0441c33be8485909d0a0bb77fd957dafeea88989ee6960e21153a97fb8697,896352,77813.0,220.0,0.002827,1,1,192
2025-05-12 03:27:37,b07dda95f22f5878a4cf4762f5c3600cd9467b5f51cb00c4ff09aec673fa0c96,896352,1437255289.0,1594.0,1e-06,1,22,879
2025-05-12 03:27:37,267db6e2c00835591d94227a2e61e322f107256b2375ed0abc06796172890996,896352,94879.0,434.0,0.004574,1,3,298
2025-05-12 03:27:37,77e21ca22fac47e7eba27d2127139d02e1b36c4a08eca5a07a406ac3ffca0596,896352,4574.0,226.0,0.04941,1,1,195
2025-05-12 03:27:37,802769d77efe61c31020e6899cbbd87e9979e8bbae7aec046053430902434895,896352,95426.0,434.0,0.004548,1,3,298
2025-05-12 03:27:37,805ec836bb5a13dc87b7bf2a52248cd1ea62d09e5a4b7bd487fe57bd4cf61f95,896352,64470.0,434.0,0.006732,1,3,298
2025-05-12 03:27:37,b822b684d6f35cef6eb525b640a9589beb03368423c84235f7a88f4480fdde93,896352,38904016.0,744.0,1.9e-05,2,2,372
2025-05-12 03:27:37,c71313e42cfdbf42206dee58799b0966ca7e5609e282536ec51d99a6f77e5793,896352,686100.0,358.0,0.000522,2,1,341
2025-05-12 03:27:37,159e9b6922d44850892f26b1baf7af0cb74360bf9bd2c78be6494e2dad6fdc92,896352,327878.0,452.0,0.001379,1,2,226
2025-05-12 03:27:37,1cd9509c03a4ce4a8e431ccd3655b08b445fe744ff7159148c9e21c5a39ecf92,896352,105236.0,226.0,0.002148,1,1,195
2025-05-12 03:27:37,e4cffc7231571319d3d582855aec71e16e54f9c4acf50799041da37bcaaf1592,896352,546.0,280.0,0.512821,1,1,314
2025-05-12 03:27:37,27d51b1cf4c6ea1adf3ed0d15050f594afc6c90106e2d2cce19e387d7c2ec1d5,896352,21054.0,306.0,0.014534,1,2,235
2025-05-12 03:27:37,2445fc6e2f99dafadb11c8618e5c2eaad62232a928afe96cae68ec7bf33f9191,896352,147953.0,282.0,0.001906,1,2,222
2025-05-12 03:27:37,a7c083f72f934afbfb1b6afd720c0fd563c191e5716dbaca76acb2b7f0875d91,896352,62698.0,434.0,0.006922,1,3,298
2025-05-12 03:27:37,ef5b418585281514f3859133e5921513f8fa400a22b57931a84bc430b5195490,896352,64470.0,434.0,0.006732,1,3,298
2025-05-12 03:27:37,d6cd342cb841307ceff2dd499e3416a5e6c440d88742be6fef1e407d581fe88f,896352,7896489.0,244.0,3.1e-05,1,1,204
2025-05-12 03:27:37,992f53a04938f9b6a885244dda6e5f3b6c03b3036863309ec4402470efc6e18f,896352,2726446.0,282.0,0.000103,1,2,222
2025-05-12 03:27:37,7455c0ccd99d806a2d30470f2b3b1235c46ddf57a8347baac125deecec34778f,896352,64874.0,434.0,0.00669,1,3,298
2025-05-12 03:27:37,cb57d447bb49eb8598afff12d499eabd0aa822b4f481f67a50a2f8807ca0d68e,896352,29752.0,288.0,0.00968,1,2,226
2025-05-12 03:27:37,133eab2e33dbae0cc6b5ebd44dfad15add373839e78c435154fac1c180a4a28e,896352,64657.0,434.0,0.006712,1,3,298
2025-05-12 03:27:37,403845b8dbb00c41439a6f14f75ede1b5c23c385ab29f47fe69084b39afc3f8c,896352,899178.0,1524.0,0.001695,1,22,843
2025-05-12 03:27:37,f273c907be5452727e1180e75af7741150eeeb3f8843a0dc77c2eff3131f6e8b,896352,178445249.0,284.0,2e-06,1,2,223
2025-05-12 03:27:37,9b13760a98e4425d6f6a22f5a7edce4e477cef5cc344077aaa1f6b08c7d7518b,896352,2149036.0,288.0,0.000134,1,2,226
2025-05-12 03:27:37,dd4d88dde152439b3cc5833ba6cf7fc8a2245fb55847976f45fb8d3bd40e4e8b,896352,95426.0,434.0,0.004548,1,3,298
2025-05-12 03:27:37,58a82b24eac2dccb2fb9bd3f140464fb98791990b49011ea4d2e291d33662589,896352,183349.0,222.0,0.001211,1,1,193
2025-05-12 03:27:37,537823a3d5ab32018207f018d2b915eb0b7897ee065a5deb2956714a0aef0289,896352,30085.0,226.0,0.007512,1,1,194
2025-05-12 03:27:37,0a61d0c80b8743baf043a99fe9188a85cf94d556e4678816d43fba934409c688,896352,205125.0,222.0,0.001082,1,1,193
2025-05-12 03:27:37,7d50ddc142a289c55a1ab55dc6e4152d8be448ec0e2af12549f755cd7c937588,896352,103269.0,434.0,0.004203,1,3,298
2025-05-12 03:27:37,d706354293aa784f792ebbc29bc0fba428fba8eaf390520a638e728f5008d787,896352,329718.0,282.0,0.000855,1,2,223
2025-05-12 03:27:37,7a40dc567a43c5d2340e58dc2ebaa1b34d5b9b8baaeb74f9b0d36316ee2a6487,896352,66732.0,434.0,0.006504,1,3,298
2025-05-12 03:27:37,4b6596f3012a62c01ca08295092ae2eb4ae995666abb0615e2c21f842422b986,896352,94879.0,434.0,0.004574,1,3,298
2025-05-12 03:27:37,1d85bcce563ad85dbbcfb101b55082451dadcb6c4ee702de67acc286bec91786,896352,187021.0,282.0,0.001508,1,2,222
2025-05-12 03:27:37,34a567fda3550a18b26b460c2da0682d81702901aced1322fb53e9a984378a85,896352,106910.0,434.0,0.004059,1,3,298
2025-05-12 03:27:37,7150a370cfa140c1f55a3e9df319bae6f5c2d940e0d79451f3098346eecc2485,896352,3291597.0,282.0,8.6e-05,1,2,222
2025-05-12 03:27:37,49992d22e1e4555eb24beb47a96b81e829ba1e300a8290ef82823af20fe91685,896352,173440.0,410.0,0.002364,1,3,286
2025-05-12 03:27:37,846958e000e6e1fff3ce5f41b0fd21c3f0534b407e2d67069d237d1eee44c283,896352,64657.0,434.0,0.006712,1,3,298
2025-05-12 03:27:37,12cb79362f1c9c8e323699bbdca2333285dbc33cf1ee5bea5bb17cb506620f82,896352,65781.0,434.0,0.006598,1,3,298
2025-05-12 03:27:37,ddafe7ac0b5789bcb1c7a0808cb954e92c0fd3b489ee220e79e067ecbb5f2081,896352,64657.0,434.0,0.006712,1,3,298
2025-05-12 03:27:37,fcc50ac860980f49df8699f1d1928ff2c03a7f9cfd2fcc2c26d28826dd0ff47f,896352,24437.0,282.0,0.01154,1,2,222
2025-05-12 03:27:37,41f0244066dedc9866eefc69211d89006846f837a1e0c7c7b0d35aee846f2b7e,896352,83684.0,470.0,0.005616,1,2,235
2025-05-12 03:27:37,db84bec974291a88aa9eaa56b4fffa0df4ee7d5a695036ba240e83a067891f7e,896352,258505.0,226.0,0.000874,1,1,195
2025-05-12 03:27:37,1142cda000422976b153ce6b1c989f33dab8b34e9c8283ce7df6cf1f7230f67c,896352,62698.0,434.0,0.006922,1,3,298
2025-05-12 03:27:37,e92504b81a5ea2e7b8f80f7b7193ef2d7a57e2be00de64d1c85fdddc3410ce7c,896352,198450.0,410.0,0.002066,1,3,286
2025-05-12 03:27:37,776eb1e6c63207f027c2d8df0200c9a829e3ae59ab3b18312bf26f42c25d977b,896352,86488.0,418.0,0.004833,2,2,372
2025-05-12 03:27:37,4c0732bc134b9d9dafe705ae7a9f7cf764f743e5b49b4e63a1aeb087dcc46179,896352,143885.0,418.0,0.002905,2,2,371
2025-05-12 03:27:37,e86a84e1e1e17b186a26d7bffb86f5da0d863f42dfb3d02d73eed9e0c61c2578,896352,949442.0,226.0,0.000238,1,1,194
2025-05-12 03:27:37,2623cdd99a998edd6bbd85b1abedbc178fee84e6d621ad3307c024b5449af977,896352,551195.0,288.0,0.000523,1,2,225
2025-05-12 03:27:37,b96952c32a39d341d7dd646762ea0e0785b6954979ce068e42398fbd3e9fea75,896352,2290174.0,220.0,9.6e-05,1,1,192
2025-05-12 03:27:37,3d63cf9ef9267f3abe0cdb1c524a059c70998f5be69bfc433af62cd0fdf3b475,896352,82127.0,220.0,0.002679,1,1,192
2025-05-12 03:27:37,11df00295235fc8519932bd73c4664309d00a9bb18da3117dade62aee6222e75,896352,1419514.0,284.0,0.0002,1,2,223
2025-05-12 03:27:37,8a765d06ab60b8b98a240b31110ddc52dfe1d432e70523bb1689bf3619770675,896352,64874.0,434.0,0.00669,1,3,298
2025-05-12 03:27:37,4fdec11636dd92755169d9b5130d826b05c629a3e815527b34b0a0a0e8e8ef74,896352,293554.0,284.0,0.000967,1,2,193
2025-05-12 03:27:37,e2caf7e17f358a85a2b4b4c9dc988a848079ac261b8f18a6d430719734c5a574,896352,64657.0,434.0,0.006712,1,3,298
2025-05-12 03:27:37,0f006b9ce836aaa542f34d528161bb7c1d8996b489a9c3b50af44775429e2574,896352,213768.0,308.0,0.001441,1,2,205
2025-05-12 03:27:37,dc3d888c22ef155e33dc33b27d16356b2f216656254f3b47fda75d7de7700a73,896352,8323.0,442.0,0.053106,2,2,384
2025-05-12 03:27:37,75e730a5fae50a1cf7e6842b450040dbfb3e8717bc0929b9d061d4e735979c72,896352,635135.0,288.0,0.000453,1,2,225
2025-05-12 03:27:37,5e96c063f2cba574e81dd0bcd802042885d8a9c5c373a7ca84780e2239137872,896352,66732.0,434.0,0.006504,1,3,298
2025-05-12 03:27:37,0f8ce79916472e793e69ca2bd15a329f95c2808af55af1b1f42b017469cb5672,896352,67289.0,220.0,0.003269,1,1,191
2025-05-12 03:27:37,a42c836f974fbacc377719e9fca14c19074bf7fd19812854c57da048a7bbc771,896352,1810350.0,220.0,0.000122,1,1,192
2025-05-12 03:27:37,d76decb462c7f93d71a3ee959bdae10ae1f602ce486b8cedaf249855cb646571,896352,13270405.0,306.0,2.3e-05,1,2,234
2025-05-12 03:27:37,00359a83b3708aaba4f98c6560661e22c00eeac302d7738bd696313f31995471,896352,323833.0,410.0,0.001266,1,3,286
2025-05-12 03:27:37,6ba700e971849b87273f84a1b07b10dba0c990b3c8710af8fb22ccd9618f2871,896352,337962.0,410.0,0.001213,1,3,286
2025-05-12 03:27:37,7a69cd3db658996cb6a838922711cf56e4c3e3621e1ce536ca8f8cd4d918376f,896352,572079.0,288.0,0.000503,1,2,226
2025-05-12 03:27:37,1f403d42f90513f66e404bf8e2c3f5ac1a715878e42aefb29ce9e0149fc1056f,896352,94879.0,434.0,0.004574,1,3,298
2025-05-12 03:27:37,49464a21a351ce40ccf907de8ac8e27f7f8a0650533b66b882f40535db34fd6e,896352,47427.0,226.0,0.004765,1,1,194
2025-05-12 03:27:37,1b6eac01c823b2b91d0b163aa91d8ee2c64ef113b819846d0e141222685f596e,896352,9140381.0,284.0,3.1e-05,1,2,224
2025-05-12 03:27:37,ff1e9eb9906cad752c5847f184e66e615c54521dbb195337006979b5d969446e,896352,425557.0,220.0,0.000517,1,1,191
2025-05-12 03:27:37,567a8acf8fc94cd00ecd57feed48975da8e225ea46bb86b22c14f88c6656326d,896352,386938.0,410.0,0.00106,1,3,286
2025-05-12 03:27:37,bcd5998eb565855c927cc3b7a24308a086c44c617ffd4a7b1c04b9a96e3a2d6c,896352,123589.0,220.0,0.00178,1,1,192
2025-05-12 03:27:37,3ef8c904cc44f1289847c5fdd0813e25f39c10ad1acb13f0908973d75b9bda6a,896352,103899.0,306.0,0.002945,1,2,235
2025-05-12 03:27:37,4f22b4cc13fcb05e1b5e83eb2f07cd89cad91f82511c24aa45d9eb071633736a,896352,152345.0,282.0,0.001851,1,2,223
2025-05-12 03:27:37,20a18bbdfff78720e0bbc1db384e2ef07afecdc68efb721cf7e6d1df03aa3e6a,896352,95426.0,434.0,0.004548,1,3,298
2025-05-12 03:27:37,0a4814ff9a99bbcb6b9d781807852aed8abc80dda11e437da36614606dd7006a,896352,152454.0,226.0,0.001482,1,1,194
2025-05-12 03:27:37,5afc6946f6ca02603770f4a28e7c8155093c09e2fd7266f4603ab9f9dce9ec69,896352,64874.0,434.0,0.00669,1,3,298
2025-05-12 03:27:37,add49d52efedb4ee0ab6a84443db91e6bc734751b23651b15bbefc12585fe169,896352,961016.0,284.0,0.000296,1,2,223
2025-05-12 03:27:37,21cec145488e6fcd3bcbd68f4bfae901c933ef00fad4b41cb2a1cf3247676a69,896352,395244.0,422.0,0.001068,2,2,373
2025-05-12 03:27:37,2ff9d7ded768007f6abc4ee98d4c307dfcea520923826cf61ffc54cf8f624769,896352,17886838.0,282.0,1.6e-05,1,2,223
2025-05-12 03:27:37,40b6627576334a2b7da07da31704e56faa58a5f783682094f50ca0936b103067,896352,130082.0,282.0,0.002168,1,2,223
2025-05-12 03:27:37,23396d3f1e9fdd418f249307eb864e86a444b028a3b327080e46b2c602b67166,896352,208605254.0,410.0,2e-06,1,4,286
2025-05-12 03:27:37,22475455db0cf41297474b72e71e2cf499ea84b3429e8ca21b82bac141886d66,896352,19285.0,420.0,0.021779,2,2,372
2025-05-12 03:27:37,19fd1c9d76fd0fd382ca72555339d18b20b233186ecc64d67b88e2d1b8c46866,896352,95426.0,434.0,0.004548,1,3,298
2025-05-12 03:27:37,191e83bd752c90dfe1d811e2d818b424cbb5f22be97762b53daa21a76e428862,896352,632971.0,244.0,0.000385,1,1,203
2025-05-12 03:27:37,2adcdc768a8c301969cb5be7e4161294d4017ea128063945ed6e11f5d6a82262,896352,1342182.0,284.0,0.000212,1,2,223
2025-05-12 03:27:37,ef301414821dcbb04cc33a36052e229fcdaab99519cd64a8be27f9bbe9801d62,896352,1379771.0,282.0,0.000204,1,2,223
2025-05-12 03:27:37,b273582f6e108b62474cc4df560bd26c4095b179536388c1c396b4572f80b261,896352,64874.0,434.0,0.00669,1,3,298
2025-05-12 03:27:37,5251a05c92e7532ab2aeb9819bfdf5eda7684f288c2373928caded112f686c61,896352,460219.0,288.0,0.000626,1,2,226
2025-05-12 03:27:37,df321a8488b1de4ab5050f455b81b2cb278f5a176b88d247d7867a3335ac4561,896352,13880.0,220.0,0.01585,1,1,192
2025-05-12 03:27:37,cb17e29cb50a089a844fd90b7ba3e2c5655e54183d32cd553f8c973501e7455f,896352,2506870.0,284.0,0.000113,1,2,223
2025-05-12 03:27:37,ef37f46c050af3e6d7d15dbd7b277a1abd3b2927e1bea18811be3a5b5857ec5e,896352,788780.0,220.0,0.000279,1,1,191
2025-05-12 03:27:37,9812e7422ce97f3db86c621486739aea932837ed250ce729ccaf4be663ff635d,896352,64874.0,434.0,0.00669,1,3,298
2025-05-12 03:27:37,63cef3a4adcc84f3a6519ec18ba8d0223698e160aa9645fb1f4be34356f9b25b,896352,1154139.0,288.0,0.00025,1,2,226
2025-05-12 03:27:37,0cc9de2d4e4f4de95571f2ed31a70bac49993ea69ffd13c62e6309e90fba4c5b,896352,1373278.0,354.0,0.000258,2,1,339
2025-05-12 03:27:37,d5a3925718b70d6ac0e8cd9fdf1986e16a7d2536634b0452aa335a8153c5fa5a,896352,94879.0,434.0,0.004574,1,3,298
2025-05-12 03:27:37,cd245c691b1fd962cc695300cb8e6f18ae98f3e226587fe4b489d89d26c5af5a,896352,140943.0,284.0,0.002015,1,2,224
2025-05-12 03:27:37,021d178299898c5dcea21cc45b8156c54ce5e03f7066e9746becd17675c81c5a,896352,14966210.0,492.0,3.3e-05,3,1,490
2025-05-12 03:27:37,75458d4c5547c5c8ad2379c30704737f8cd5205945de558a346ca3c1b1facd59,896352,50884.0,308.0,0.006053,1,2,205
2025-05-12 03:27:37,d6060c15de9ffd389beb2f7642032cef41d69255b787e270e065b03a2e82c157,896352,67086.0,434.0,0.006469,1,3,298
2025-05-12 03:27:37,aa9e0281d1f20570f8d63dd7cb565ae19d91c96745991eb69c1e32904dfe2457,896352,60527.0,288.0,0.004758,1,2,225
2025-05-12 03:27:37,a5512117d7aed267d69e3cca289bcfe62ce52fd113b3157deecb949f13040c57,896352,249774.0,226.0,0.000905,1,1,194
2025-05-12 03:27:37,ab814f1385806cde04de602d193bfd2da57cf175c6a46a9609402ad5016a0957,896352,72510.0,220.0,0.003034,1,1,191
2025-05-12 03:27:37,1f6a6ad791ff354c6457d903f6002caa3dd103f518be99b0f8a3f2782d707256,896352,33785.0,288.0,0.008524,1,2,225
2025-05-12 03:27:37,7eda7611945cc1abc3093ecae8bc709394a2776835ba2109a8a774aa25755055,896352,509550.0,282.0,0.000553,1,2,222
2025-05-12 03:27:37,79e835744e388dd834409a50a317a74b30f3380d623f4783c2190e7d90287854,896352,19999362.0,356.0,1.8e-05,2,1,340
2025-05-12 03:27:37,e44c389acc3bc0b7d54fed6640568e606ebd37b8eb64030b4505604b41361c53,896352,977082.0,442.0,0.000452,2,2,384
2025-05-12 03:27:37,c4fbbbe849a12bd6e0fccf869d5a1906e84908b0eeacbba01930d612db91d151,896352,334112.0,552.0,0.001652,3,2,518
2025-05-12 03:27:37,7fb9ba307748fe6f9f13d338429e455371cb63cb27f70d8d16f0363b0bfa3c51,896352,1218936.0,284.0,0.000233,1,2,223
2025-05-12 03:27:37,34ea2d75b47e11114cb0d64311aaaf8aace8f105c97fc1c1aaa3734209b8be50,896352,9120.0,220.0,0.024123,1,1,191
2025-05-12 03:27:37,1f8fc0c2331a7fa0ff74abcff1a153165e67961a32b2595d8e6d68c6a5c12a50,896352,158530.0,410.0,0.002586,1,3,286
2025-05-12 03:27:37,1c2778b69120f223bd9faa90624532a6ddd0954eaf75b8af6e20397da2d4834f,896352,192552.0,226.0,0.001174,1,1,194
2025-05-12 03:27:37,ff343310bbe1daf72c486375754c34ae7dad596d88b0440f9dcff77d3734df4d,896352,224516.0,410.0,0.001826,1,3,286
2025-05-12 03:27:37,b2abf4860afffb3e3be9493ea2dc69a5bf18b6ea5e7dfdf9bbe8ac156246bd4d,896352,66732.0,434.0,0.006504,1,3,298
2025-05-12 03:27:37,dced8cdb038afcd59eb26e5a5d0a0d648c68e3eeb5df7592d3d2e3da23a4cc4c,896352,183758.0,222.0,0.001208,1,1,192
2025-05-12 03:27:37,4d3bce0ec78682503fe015c7d7cc6f3ee9be05d73503d287fb6c639b8ad4c04c,896352,1129487.0,282.0,0.00025,1,2,223
2025-05-12 03:27:37,73f9b231999252c6045815125aaa88e6b0787093d0c4ca31e7b50b328eaa5e4c,896352,8658703.0,308.0,3.6e-05,1,2,205
2025-05-12 03:27:37,0f31a589304a9d27e17df000cadafca197df3f2f5ad7daf78fdf5dae54b7194b,896352,64657.0,434.0,0.006712,1,3,298
2025-05-12 03:27:37,7d4c806c62ea64928e11f3512d5cdd9147176be547c27e356b108b7967b9164b,896352,41460.0,222.0,0.005355,1,1,162
2025-05-12 03:27:37,217885886672f362a3564509e0de9ee3b42a0cf978ff50809ff5f3afab73704a,896352,100062069.0,282.0,3e-06,1,2,222
2025-05-12 03:27:37,4c7ce51f5b3581f38c0ac1046d97a18577e581274601a80e8df167ffff935d4a,896352,99575.0,434.0,0.004359,1,3,298
2025-05-12 03:27:37,ca35bd1fa63406fc4315278caef82674d1f0d90df15b4ce9b0e8f7949892134a,896352,93785.0,288.0,0.003071,1,2,225
2025-05-12 03:27:37,bcfb4e94072088047a148796c021f66cfd2a9bfe2a132d13c82ff83c5e87f349,896352,831996.0,220.0,0.000264,1,1,191
2025-05-12 03:27:37,a7482d3dfbfa75c6f8c66db3f7e3fac85457e5093a693b0ed221c6866b22c649,896352,411090.0,220.0,0.000535,1,1,191
2025-05-12 03:27:37,543d7a44033d2e9ab0e784c12996111181c901e919cab85d388950297c5cbe48,896352,29966.0,1320.0,0.04405,10,2,1156
2025-05-12 03:27:37,27a2a115649a2d72534cdc813c74dbc832c41810daa65934a35caf1a973cb746,896352,195281.0,410.0,0.0021,1,3,286
2025-05-12 03:27:37,2ac8ccbcda70a8b175cc17389a387d58ff6ec3519d514fe0fc5ec65896164145,896352,420763.0,418.0,0.000993,2,2,371
2025-05-12 03:27:37,d576ecca024c31d075e972f5f9fec6ffab2ff1917b247e7cc3ba65c126a5df44,896352,997409.0,282.0,0.000283,1,2,223
2025-05-12 03:27:37,d8fd22e0642f99da73df7eed56b1ffae9ca5ab12912e0555e480c253a8dd0144,896352,576940.0,282.0,0.000489,1,2,222
2025-05-12 03:27:37,df71f9403a21f21b4eed63fa90ed11d2d6c201fbde7c7168d1080d8d1891fa43,896352,614246.0,320.0,0.000521,2,1,260
2025-05-12 03:27:37,1e46d373c74d0467fb61067ecf24db25d47ef38ec75ff1ff75c7a1000daedf43,896352,64353.0,282.0,0.004382,1,2,223
2025-05-12 03:27:37,5030c8c1e39610d7fbef40e6ee80009ff6ad9c9e2bbfb485241be1ef2456d142,896352,378121.0,1258.0,0.003327,10,1,1125
2025-05-12 03:27:37,163f8d6edfb9d975c33c06de526d64ce6f527ca718567a6fa6d335cab5169841,896352,95426.0,434.0,0.004548,1,3,298
2025-05-12 03:27:37,ea3f8abc97937ef5759c3f342bff231040e2560dee1f86bb6b04a30d79c2da3f,896352,4581.0,226.0,0.049334,1,1,194
2025-05-12 03:27:37,31969c64ab65241037922b39a2fd7e0f5fc44d5f0c8d8e029f00dbf3d847d73d,896352,546.0,304.0,0.556777,1,1,323
2025-05-12 03:27:37,95ea993b3940fa57a9c19be7d5614833459e7824d666983fd2277f6823c4ac52,896352,209392.0,308.0,0.001471,1,2,205
2025-05-12 03:27:37,2683bd9777b81ccca9423ba56664e2fd5a70000531d0fd793b824ea571cf993d,896352,64657.0,434.0,0.006712,1,3,298
2025-05-12 03:27:37,ad3a0cdc5361c0908516ef8c91255d846ab9fba1ebe89537599bccd2b5f4e03b,896352,64110.0,434.0,0.00677,1,3,298
2025-05-12 03:27:37,098a0b920429a79005ef84a9f1e1be856ec73f636c50d4f958947fd6250c883b,896352,28453.0,290.0,0.010192,1,1,226
2025-05-12 03:27:37,8b014bd70f468ad17394405efc13f604bd2ccb1def8d00b50893c7acf568773b,896352,44219.0,226.0,0.005111,1,1,194
2025-05-12 03:27:37,2fcb11085a56649f197301c092c4b62576267b9c9c83f2266d2099a61129103b,896352,224645.0,410.0,0.001825,1,3,286
2025-05-12 03:27:37,73507d582fd11c5625e84fa712d89dfaba6c77cd7435a204690758fc590aee3a,896352,64657.0,434.0,0.006712,1,3,298
2025-05-12 03:27:37,bfa9224d2ee20896c6c9e9209538a97a9e2e8a30162e4e4f10fa8a158d3b8e3a,896352,192345.0,226.0,0.001175,1,1,194
2025-05-12 03:27:37,145f7b58c3b3d5afbc08e79241a831cf20e8457341ea370119f09ce24a63bf39,896352,40703.0,282.0,0.006928,1,2,223
2025-05-12 03:27:37,3385e20acf3a8ca56845413c15211038283e001bffa015537f5d12c2399fc238,896352,262455.0,226.0,0.000861,1,1,195
2025-05-12 03:27:37,4d0ad1aa78b7666d4a4e7637bd6570c313c43c5a39fd55a0748c8acadf311337,896352,66732.0,434.0,0.006504,1,3,298
2025-05-12 03:27:37,2f686b319ea60c9e7a9b7bcf1f218f05b4d60329995eed9de3d5d7caa4111137,896352,101904.0,434.0,0.004259,1,3,298
2025-05-12 03:27:37,d6de2ef7bd806c8f1b66d2e71daef34edafe6f57392fa6d726cb1ae41475f136,896352,225714.0,284.0,0.001258,1,2,193
2025-05-12 03:27:37,ba738d521104a8d7754e065f8e49fbdf4e88c5e766e4cfdbab83a22ce83e5135,896352,1038.0,220.0,0.211946,1,1,192
2025-05-12 03:27:37,785d2a354b8bc268ad014881dd7effbe92a0d386d55a6268a993096a5fc9ed34,896352,33657.0,226.0,0.006715,1,1,194
2025-05-12 03:27:37,fca6053eb14b51d6bc551300359b3c3c84f9364bbdf540905092c06873349634,896352,67086.0,434.0,0.006469,1,3,298
2025-05-12 03:27:37,a76abce791876f6b1737ed084a7faf8017803b72985cbb21acf7b55168df6234,896352,216908.0,344.0,0.001586,1,3,253
2025-05-12 03:27:37,b30303842fa9deabd88b2c3ab310a82f95d65b33e19db34b6b89e030d8c68e33,896352,522764.0,226.0,0.000432,1,1,194
2025-05-12 03:27:37,519526d20e88cc3eac88ebc5a0cdf8c6f821156bd1d2e76b4a5dcb555de67933,896352,62698.0,434.0,0.006922,1,3,298
2025-05-12 03:27:37,a438402bbd859b122d80a923c6066da8ea30015b2a1ea8ad213b146e109d5033,896352,284109.0,402.0,0.001415,2,1,363
2025-05-12 03:27:37,8f01a13301680ec66e89b2fb602cf91148bcec31c69b0a6918b05f9f61f32532,896352,9474.0,226.0,0.023855,1,1,194
2025-05-12 03:27:37,7e1113674d1ff6eb920f35ff9664a46ae8bc620ea3a1ccc35b8ae578d7edb431,896352,225714.0,284.0,0.001258,1,2,193
2025-05-12 03:27:37,181294a4944df67bd9a07dc94294fc7e38fb154c8bb681ed51a6cfef20578b31,896352,1609127.0,282.0,0.000175,1,2,222
2025-05-12 03:27:37,144d54e35ed008d521b4b8d85bdba6df0d8d78f3b51d42ecca590b7c3ba7262f,896352,114034.0,226.0,0.001982,1,1,195
2025-05-12 03:27:37,a8d6ccb40d556edc06925118766174c1a17b0921db0a55f786a97a0f51daad2e,896352,100309.0,282.0,0.002811,1,2,223
2025-05-12 03:27:37,3c2275f4f4cafaba9a83a3812917633290677f7bc96542555e8cb226ca47042e,896352,785125.0,356.0,0.000453,2,1,341
2025-05-12 03:27:37,d02138b3016a0cc37c160fb8192fb07c46ee44093a1af697602327f390a14a2d,896352,210092.0,222.0,0.001057,1,1,193
2025-05-12 03:27:37,bfb4076dd3ff21d16b468dad86fbd12584f4f89a06d2ca2955aade8d75133a2d,896352,63780.0,434.0,0.006805,1,3,298
2025-05-12 03:27:37,7bc3e38f98290e06a3d60c90e123e743c84383794cc881ed2bd7283928fb3f2b,896352,168438.0,222.0,0.001318,1,1,193
2025-05-12 03:27:37,efd9909ae86f3005a7c8804b77c8aef447d22ae1d9af4d9bc5a92025e645fa2a,896352,67432.0,308.0,0.004568,1,2,205
2025-05-12 03:27:37,dac1d1198dd162fb3508edc3e54f84efa38c4af24ee71e8bfccb8bfba03e8629,896352,9355.0,226.0,0.024158,1,1,194
2025-05-12 03:27:37,0782446956f7e42c3023a07bd8e3967bc6f90fc4814d1cd3ab52765c78840028,896352,1156628698.0,1164.0,1e-06,1,16,663
2025-05-12 03:27:37,9be9dc1a5da69bc140b99de6682a9d5309386700ddaec9ab7f24811075a12326,896352,1075718.0,282.0,0.000262,1,2,222
2025-05-12 03:27:37,18851a4a4c359725f005b0b46bfa5b4aebcf6d1954c8eef2f1cee2fe22e2bc25,896352,984589.0,306.0,0.000311,1,2,234
2025-05-12 03:27:37,947d99998ea8a5c3eed09d1fa5e3626a0e3efa74f26dab8d61a9ab38121d0825,896352,6514.0,226.0,0.034695,1,1,194
2025-05-12 03:27:37,a28705cb25c25d2aec848976ebec17caee9d16d53f550e0fc8264379f52d7e23,896352,103858.0,306.0,0.002946,1,2,235
2025-05-12 03:27:37,5d2e3c39929b699e0ec513484fb1062ea0c28681d5bed2fafdb10d05de919122,896352,162184.0,410.0,0.002528,1,3,286
2025-05-12 03:27:37,d0faa39bef56df7d69ed184cf8e83989b35edd47e38b7a0472ff1af36a23f720,896352,546.0,304.0,0.556777,1,1,326
2025-05-12 03:27:37,082eee550bbc62dcd6b1a1d6ac8119972bde40f0cc5bcd3c6bc69d786b088453,896352,1144073.0,308.0,0.000269,1,2,205
2025-05-12 03:27:37,5842ce7c663fac864d0984a7e98e6b7399cbb2cde49fbb9e118321392e22f51f,896352,66732.0,434.0,0.006504,1,3,298
2025-05-12 03:27:37,96c333569aafc579453ba9237273211d27218377b81708645273f56b8aa6c31f,896352,203630.0,410.0,0.002013,1,3,286
2025-05-12 03:27:37,e50d6d643d0ea26171ac8821664773f8d74288eea09ea02ea7a3ba3302d34a1f,896352,64657.0,434.0,0.006712,1,3,298
2025-05-12 03:27:37,a69145600e3839aec8a75cb4f26afa8492a27ef0c922342cdad2083a6637481f,896352,26337.0,220.0,0.008353,1,1,191
2025-05-12 03:27:37,8b043159644cd237e8de6e295c38bb2474e6c6ed581c6b6f5b836516f7a8de1e,896352,64470.0,434.0,0.006732,1,3,298
2025-05-12 03:27:37,e8bb716021c6402cada6453df51d1a13054439f84755741ec0f13243e561941e,896352,956977.0,306.0,0.00032,1,2,234
2025-05-12 03:27:37,61dca44a19d1b377cdea134c6d20f54d11901a2d5166b7af82dd5963b7edd51d,896352,31453.0,288.0,0.009157,1,2,225
2025-05-12 03:27:37,9bb5234ce8c1b102aae7fd25cdadef22d27b57588875b9217cad764eb2c9c41d,896352,68978728.0,282.0,4e-06,1,2,223
2025-05-12 03:27:37,f33839d019f9a7e947c5438c611e9fccd5abda31227313bc2c579a57b1c1e21c,896352,64657.0,434.0,0.006712,1,3,298
2025-05-12 03:27:37,bb1df26da347224a9cffd75dcd13870c2711ad1c34c2d41ee54f4405207a611b,896352,999212.0,226.0,0.000226,1,1,195
2025-05-12 03:27:37,27089e8de241db1e4bef7402bd6eefa4dc503ec23afa9d8dc4a12f498ebc071a,896352,930007.0,226.0,0.000243,1,1,195
2025-05-12 03:27:37,02baf568b3e51d0128e5a189b810f39c06827aea85e85c62d691d1a648c8dd18,896352,57490.0,226.0,0.003931,1,1,195
2025-05-12 03:27:37,0b43c0875a030f4f4eaacfbd8afbe28c8e5ac3775cf6cc4a5c131f0ad996a518,896352,64657.0,434.0,0.006712,1,3,298
2025-05-12 03:27:37,bc06a285e91b89688def07571bc7a0fd69c9c05fda459465f0f8c15f0ca28318,896352,783638.0,282.0,0.00036,1,2,222
2025-05-12 03:27:37,3e96945b8b5c546c82cbd8d9fc0e0780dbb791e985af86ed38dc669efe163018,896352,68457.0,226.0,0.003301,1,1,194
2025-05-12 03:27:37,3455aef87fd13d3941ec4f8bdfec3ee54412da19dd93caaaaa0df141c819a317,896352,1454918.0,220.0,0.000151,1,1,192
2025-05-12 03:27:37,92059986f1cc6f7a58b947a9f78ee51497d6934272ce027da9b8a16dea8c3d17,896352,64874.0,434.0,0.00669,1,3,298
2025-05-12 03:27:37,edb6d118f8a9a1ba42d4978d333642f85fb999e1f9d34335cd7d680c89ccab16,896352,22230.0,316.0,0.014215,2,1,258
2025-05-12 03:27:37,8656c6a2ae587457d58fa75a471465efcacba53af823cfc62e6eaa54b76b7f15,896352,64470.0,434.0,0.006732,1,3,298
2025-05-12 03:27:37,eed71b1d08f03ee1897a953016d42c817f9d3dd0f5910b1f451ffae8254ae014,896352,228508.0,410.0,0.001794,1,3,286
2025-05-12 03:27:37,83fe12565be9f80eebaf0f756c166348d2baa7b516ba671a938ca8318f4b7414,896352,647328.0,220.0,0.00034,1,1,191
2025-05-12 03:27:37,2239aa58c2ed3d14ddef7dac675c85a9518c4f344cad078bdb2eb140bdc79912,896352,87575.0,282.0,0.00322,1,2,223
2025-05-12 03:27:37,7d59de295b1aa9cc30796676f18cacedb1064483ea541aa2fed8eaec3813ba11,896352,344263.0,284.0,0.000825,1,2,223
2025-05-14 17:09:36,732f8105a0941394a2ee04527734557054f0c9384a256ecfa4d4d7efd7c5b56a,896699,26057191.0,1520.0,5.8e-05,1,4,348
2025-05-14 17:09:36,20065b935600cfbd9f0cbbb20b7fa68c9280687b0e6d1c9c0388cbeb865ca4f9,896699,175330.0,804.0,0.004586,1,2,223
2025-05-14 17:09:36,d95eb6f4f5e4f6fe7b236c352cbbf61c981cf3254755243eba6d59506eeef473,896699,3905399.0,804.0,0.000206,1,2,223
2025-05-14 17:09:36,759f778ddd1d0c7824e475397d60daf732f0d6bede7eed21d31bcb2076cc0f5e,896699,143934.0,804.0,0.005586,1,2,222
2025-05-14 17:09:36,1613cc38cec4cb513e3225c21860a64a4ddb08ac3a647332b86b50f04a09913e,896699,125950.0,804.0,0.006383,1,2,222
2025-05-14 17:09:36,ceabcd9776f4d1657a7cc5c3102fff244577e7a371ce04688eb6e9d4749bcf0c,896699,914150.0,833.0,0.000911,1,1,227
2025-05-14 17:09:36,6d44e866ee5cd608fe5f72b2b85626bf76354fb55f944d5541e31b4de45f9865,896699,243936.0,635.0,0.002603,1,1,192
2025-05-14 17:09:36,6400ecd00d20d1301ef5ccf42a028dcc273b7dc892d7e4b8f0a3ff9a605cd9e8,896699,5163984.0,1279.0,0.000248,1,2,221
2025-05-14 17:09:36,6570d8192515b5ab81e58a2d4c65727a4bf9983f291114d4caab4f83d6097476,896699,11567.0,639.0,0.055243,1,1,192
2025-05-14 17:09:36,a1513697fc839f464d94ceda35e7622e0889622bcbabdf6c85905c82c7b9b7fa,896699,334157.0,641.0,0.001918,1,1,192
2025-05-14 17:09:36,9b228d962ad873fe825468c81cf665d9cc99e1937f1709493155f993e13dea8b,896699,32034.0,641.0,0.02001,1,1,191
2025-05-14 17:09:36,d355fbbda190d64eebc632ef8dc176eefe5904e69e2d85aff388de6a2711886c,896699,43740.0,641.0,0.014655,1,1,191
2025-05-14 17:09:36,46d65dcc180f22854bc91ddb3e2453b3c9a657290339482875b1cf3a3eb89371,896699,272353.0,647.0,0.002376,1,1,192
2025-05-14 17:09:36,0bf3af192c48917432b69b323696d7e39c7f5ac179fa5c973459d8ce72b46462,896699,18248.0,794.0,0.043512,1,1,215
2025-05-14 17:09:36,daf0e8e1a77ff74f0f733af68e92e7efb65daf6e9a8467504ba6d088973f0122,896699,35964834.0,3680.0,0.000102,1,17,712
2025-05-14 17:09:36,9c88e43a3c8591bc38858160fb82b3b0ac78c0a91a98339f4b0cbe1517cd1558,896699,359657.0,1974.0,0.005489,2,1,335
2025-05-14 17:09:36,379a99b48dfc268abf46c87f545d88f80d82d5c9b90888b60f74b773b0576134,896699,10417958.0,1020.0,9.8e-05,1,3,253
2025-05-14 17:09:36,caa96e3255d056e66246a8abe0a8d31d2719efe3f3ad2b0ce61630f30fa9d6f3,896699,18779.0,654.0,0.034826,1,1,191
2025-05-14 17:09:36,94a573afb48d6460e25cc65d1c24ef07283824331cb74433815971f510723e98,896699,466791.0,654.0,0.001401,1,1,191
2025-05-14 17:09:36,e2eaf478aa05ba317bd3d421c1258385c94c5ed2e18ecf85a3a9546ecc478507,896699,222250.0,654.0,0.002943,1,1,191
2025-05-14 17:09:36,c41d456de7c94a3168a98e0b238369ea9e642dca6c4724e066bc705569537a15,896699,53313547.0,2142.0,4e-05,1,9,441
2025-05-14 17:09:36,607ccab63ed2771b68e003339d119c8f005f0497fa53fe038f04bce2376d613c,896699,10000.0,953.0,0.0953,2,1,260
2025-05-14 17:09:36,04d194fa23f842ae2f17942ec5c16e6ef0936d98ac4e81145ebf3c7159c71948,896699,113118.0,1144.0,0.010113,1,1,192
2025-05-14 17:09:36,83cb128a58edd7f36c1dd94054c1146b2fbd02434efba4f05b182b8a16462f3c,896699,130480.0,980.0,0.007511,1,2,245
2025-05-14 17:09:36,1018ee64be870e9b7438fc4df0b55fe453d38bbd83647f02ab2c9177bbb77648,896699,124211387.0,1518.0,1.2e-05,1,4,446
2025-05-14 17:09:36,e9a23d17be220f32d99f2bb3fcc1426ad494ca6507553116f6014e4d831bbffe,896699,546.0,924.0,1.692308,1,1,333
2025-05-14 17:09:36,b10ba26db40f1b22f3c7df2931b78b6f0f545987995c9de0c79fec28aa60c1fb,896699,5408021.0,846.0,0.000156,1,2,222
2025-05-14 17:09:36,bf396a4067d19e7b5cb12cb35c4e431858e560c61b168afa7ed4b5ab732bb5f4,896699,18209755666.0,852.0,0.0,1,2,224
2025-05-14 17:09:36,d719b762083efc78078924444e188dacb6d3331796fba51486b9bd2f443094f3,896699,54656.0,846.0,0.015479,1,2,223
2025-05-14 17:09:36,77168ea71bd943e32f9f410578565eae7d1108115ef29e499051c3abd71260e6,896699,1784515.0,1596.0,0.000894,1,6,347
2025-05-14 17:09:36,1f309be2264ae2a329f778df0b324977be992831dfd68cc081882846422b16e1,896699,8798938.0,846.0,9.6e-05,1,2,223
2025-05-14 17:09:36,891b6e8b222062ada9ef06f9f7f0726b9d70b68e3c84c574d5e1bda72dc64eda,896699,1401793338.0,1272.0,1e-06,2,2,375
2025-05-14 17:09:36,9d3ba4fd3093a3935538a3055752707dbced2e20a67184474b9fb5d03a02f4d0,896699,35681243.0,846.0,2.4e-05,1,2,222
2025-05-14 17:09:36,a7906de74b9f406e5da8036d89076063cd53b15039f02d0677fc20fb72151cc2,896699,76334.0,666.0,0.008725,1,1,192
2025-05-14 17:09:36,27bbadadf838557b8379eb969fb25c1763591dd3f85ae7e4f956177256e08fb8,896699,5083794.0,660.0,0.00013,1,1,191
2025-05-14 17:09:36,c00aeac8ea4e92147d4904b2c7ba927626b01bd5bb78b06c2d168b3078f3eaae,896699,14611.0,846.0,0.057902,1,2,222
2025-05-14 17:09:36,d19f7e6b51fc1e2d03ffcda5a263dbecae02b09580c3ffe16e2b1a9f75f2899d,896699,6908566.0,846.0,0.000122,1,2,222
2025-05-14 17:09:36,3f7661eefe7878d19e455e946870aaf4a5c52bc260ec69935b54a1252a4b409c,896699,199999154.0,846.0,4e-06,1,2,223
2025-05-14 17:09:36,70a173b2faa98910c87f71650f050df99d91da4ffa97e01f46616bbd4b1f9099,896699,53270.0,1332.0,0.025005,2,2,354
2025-05-14 17:09:36,26f4ac67e58128b77ac5fb982569b6e52ec2de76630d33b1d4b52007cd89d491,896699,2154683.0,1548.0,0.000718,1,5,339
2025-05-14 17:09:36,4efabb8d7fec67eaaecf194ff1a7386bfe7384275794b158c869def649924490,896699,3276.0,924.0,0.282051,1,2,205
2025-05-14 17:09:36,7b77fa3f133e01262d8806da97f05fa5dc94a986066615171e30a11dc4e0528b,896699,43930.0,870.0,0.019804,1,2,196
2025-05-14 17:09:36,ed77476f27be708245a030d1fa195804f5284b6aece1484e9d808d24d2d0ff85,896699,546.0,912.0,1.67033,1,1,323
2025-05-14 17:09:36,1b1dd163d02c781aae644523d1413939d6502d53b486e914abe27e738c9415e4,896699,2716.0,924.0,0.340206,1,2,205
2025-05-14 17:09:36,19e4f04905ab918fd047ef03b618fea3fe3d480306ae906b30383d87ac254168,896699,3179541.0,1008.0,0.000317,1,2,297
2025-05-14 17:09:36,0727bbc0d40138bc0e146af294731616d8d57661c9f12fadf9447d58dc416752,896699,192363.0,678.0,0.003525,1,1,194
2025-05-14 17:09:36,f4494d4994d3808379ea12d704797476cc5bfe3c0124ebe80e4eccbc9083653f,896699,14315673.0,2334.0,0.000163,1,10,470
2025-05-14 17:09:36,c330e585f1838fc345b3986d8ea786c8dc1c0c922e5c330a963cbb8a159f6e38,896699,2616891.0,858.0,0.000328,1,2,194
2025-05-14 17:09:36,66e2d8619a72ce14c3cc3211a125d0fa76f2a278063ab50411117e8e7f48112e,896699,11198520.0,660.0,5.9e-05,1,1,191
2025-05-14 17:09:36,6a278e3650aa0b24e559a541c2b69d2c74e253cf85fee864fe7beffbaf6e722b,896699,546.0,912.0,1.67033,1,1,324
2025-05-14 17:09:36,7e0f789f580c5f5f191eaea6ab9e2a25a37dd5b43a9a0427bc3038b4b35a3884,896699,8443.0,924.0,0.10944,1,2,205
2025-05-14 17:09:36,a59882bdf82279bc91e170fa2467689f88bc228587d25f40d72b7c0229de145c,896699,23818745.0,1155.0,4.8e-05,1,1,191
2025-05-14 17:09:36,952f35443d30c8badf8365fd650d8137d4cb283839f5d53b3f595e3f5ce7b845,896699,23819900.0,100.0,4e-06,1,1,150
2025-05-14 17:09:36,d9380e7366bbf838fb498a41c9828cfba8a0a187de5ca2e07f2a800bda2ebc5e,896699,35897450.0,2550.0,7.1e-05,5,2,828
2025-05-14 17:09:36,1fa6b6f28d2103588f3a30d907de66e54013f70b8e70cbe7a81003e992c2526d,896699,1637292.0,3006.0,0.001836,7,2,908
2025-05-14 17:09:36,98ac236671ec65bf9a5caa3af7a9f93971631d4a335a0bd81d5f72e23e503a85,896699,153313.0,1260.0,0.008218,2,2,371
2025-05-14 17:09:36,f9d2329704b06df01d1b5fb6e0c529a68dfeaac151b0ebff5077dea09ee8ab9b,896699,169043.0,2076.0,0.012281,4,2,667
2025-05-14 17:09:36,28ad2f27401e5167df38d4dd58ba7cb8c3fb45fbd94b63cf38dbef3e732e6d91,896699,11404620.0,1346.0,0.000118,1,2,222
2025-05-14 17:09:36,4a683d37b3059c607dc85edd452034e30d64989b7537cc83744ea1ac72bdccc5,896699,11971490.0,1338.0,0.000112,1,2,222
2025-05-14 17:09:36,99f9b7af94c9f3a0c74fef76d467e31a9fa3eb7f1f809c1e0fa8bd4794fff14c,896699,9991781.0,672.0,6.7e-05,1,1,162
2025-05-14 17:09:36,0ce66e443015d9626b5860aab7790303fc0d56356b3bf057192340688dfdea56,896699,315326.0,2238.0,0.007097,2,2,369
2025-05-14 17:09:36,30079fd36ff6c57af394c74f84fb228b997e97c51c60d1b45284d57ce407b18a,896699,17330800.0,2662.0,0.000154,4,2,760
2025-05-14 17:09:36,7ba8f947740f3a6d34eae0679b8727ea9b2dd9756cf5ae5da96c1d678221407d,896699,4855.0,675.0,0.139032,1,1,193
2025-05-14 17:09:36,21b2312f558ffb74f959904768bc49203ad66668ccfdbc9e654d40c6507f52b2,896699,441100.0,2517.0,0.005706,5,2,814
2025-05-14 17:09:36,104715dff4cc710028665d200fc874aa78e3ca54110760aa58fccbe042ac8010,896699,73994634.0,5438.0,7.3e-05,1,26,966
2025-05-14 17:09:36,87ccf7766b98c51903fb9f99629e933a48b70619339d6d6abe36bb0d3ee30144,896699,46463.0,702.0,0.015109,1,1,195
2025-05-14 17:09:36,c938b16562ec165c451ce1128ec6d09189b38c20539254d1e93d16c665d9b977,896699,768300.0,881.0,0.001147,1,2,222
2025-05-14 17:09:36,b45085bb7d533c4fc77129d5602769ceea9283927573c82c3db1623d3de51bf4,896699,1034948.0,888.0,0.000858,1,2,222
2025-05-14 17:09:36,cc447d0b11715404b972802917c961dc3acd143e6810e177bbd74c2d3cd6602e,896699,1332171.0,888.0,0.000667,1,2,222
2025-05-14 17:09:36,bfe9add84908aec1caa223eddd636b89071937eb1da5ab21885a99f081b8672c,896699,551268.0,693.0,0.001257,1,1,191
2025-05-14 17:09:36,1aa75198a1d3607e2cbf46561e5ae471a95a40775fe5b27742861d3fded176f6,896699,12213476.0,1405.0,0.000115,1,2,222
2025-05-14 17:09:36,348d2e42d53443afd1ae8cca0d50688b5cc3eb8bd89ebd355d0290014400fa0a,896699,951146322.0,1015.0,1e-06,1,2,222
2025-05-14 17:09:36,428d0b267948de91b585a73d2bf8c19a74799d801bf064d2b5ea7e75960d7105,896699,951215707.0,846.0,1e-06,1,2,222
2025-05-14 17:09:36,0271dab342806aeee31c1acbe9b4c23e0e88a5ff1fa1f7443c271f0a6fb226ca,896699,951283487.0,846.0,1e-06,1,2,223
2025-05-14 17:09:36,87d8e34f737cb47665ef28b05a126a9674c2971eb41f74a8d8c84d5fcfc3b867,896699,34200.0,913.0,0.026696,1,2,223
2025-05-14 17:09:36,0cae3146920fad8eb9b28f13e87fabf5c94fa364b820c4e41b55a0a7cfde87f7,896699,861627.0,1393.0,0.001617,2,2,377
2025-05-14 17:09:36,af26650122c860b8a371ed3943a2b2c8ef5ea7c5146677b9bc8186d3d2470222,896699,1651611.0,918.0,0.000556,1,2,222
2025-05-14 17:09:36,6b058ba9a8890bd7d94337399920e4fa365539f2d6b38790b31d8c858a5f83f8,896699,6156100.0,920.0,0.000149,1,2,222
2025-05-14 17:09:36,b3bcc70bcfcaeab2d2f3a3ccd0688992865b37147b4c6601ef0171dd7e2d7c4e,896699,39300.0,920.0,0.02341,1,2,222
2025-05-14 17:09:36,51aa1502f4b4d27daf071da41071e5c61193feb995e59414fbd7475af228bed5,896699,2330129.0,2280.0,0.000978,1,4,348
2025-05-14 17:09:36,b5ffd9c1bf668d60fcf53a701cba85341b88e763ee2d19ff9f940e2eac1040d3,896699,178000.0,1243.0,0.006983,1,1,189
2025-05-14 17:09:36,77c2678ae901edfab4d7b5d281e161c3641e2bee88494e955df4ea13f6b5636f,896699,32408.0,1086.0,0.03351,1,2,246
2025-05-14 17:09:36,c6c62dc77aa8f7e65c399d1f261a5a8d60c04f89dfdfa505ddb3ad5505118ac8,896699,60422891.0,2000.0,3.3e-05,1,7,384
2025-05-14 17:09:36,78a127c143a207a8237b2d5f74eb47949df3b042945c366bf32b2252da10b3d5,896699,474078314.0,4908.0,1e-05,5,2,820
2025-05-14 17:09:36,c8bdc41d0fe725cd213ae31976603aa99b8fc418d09d910ead86daebb09d32b7,896699,15722093.0,537.0,3.4e-05,1,3,285
2025-05-14 17:09:36,c54d8d464cf46f4ccc00be11ed920ba7de8df11c85c42c6f979af1b5689ebd66,896699,10157684.0,558.0,5.5e-05,1,3,294
2025-05-14 17:09:36,59bcaee93796983e0ed57591c42bc7984d5636ba0189cafa35d002a0bcc7df23,896699,4719091.0,632.0,0.000134,1,2,255
2025-05-14 17:09:36,038b0cac04dc8d1e5405b5050c033ebaae764f837b7fb4205d2c369dd7395d5d,896699,961829.0,1754.0,0.001824,2,3,427
2025-05-14 17:09:36,834a66bf74cfba6922de60233bd5885b871f83ccb27991d54fde3c1499add7fc,896699,94262.0,964.0,0.010227,1,2,225
2025-05-14 17:09:36,b1beba7d070fbf17fa0499fff545dfb0210f7c575d77dde73a7ba4d7da1dc940,896699,366182.0,964.0,0.002633,1,2,225
2025-05-14 17:09:36,49ba4f31bac44b87eff303065ef72ec302b3485528189a8ce0c7a2a0ceb77c8a,896699,3600375742.0,2000.0,1e-06,2,2,675
2025-05-14 17:09:36,b51225c12570fb4e53b524c4c5c5a568bc225dc57b670a05d5e93b2a3e691c53,896699,170160.0,981.0,0.005765,1,2,226
2025-05-14 17:09:36,37a2a24e4c06b3217678bdf58b09f1dd937d4d370f482cbb032083e512f2dcc5,896699,1039977.0,964.0,0.000927,1,2,223
2025-05-14 17:09:36,dd4e8ed36e6335a749b07f8787affe2c58843e6979ffe843f1798666765be575,896699,1242768.0,964.0,0.000776,1,2,223
2025-05-14 17:09:36,6a4425ffb6a3c58bc8fece70a0a2bce0778558cfc9e425ba37e770789ad3054f,896699,2731338.0,964.0,0.000353,1,2,223
2025-05-14 17:09:36,3a28b65ae12f737024a1c069507d11c79df14b661b5ed3150855e64e24077afc,896699,14508.0,764.0,0.052661,1,1,193
2025-05-14 17:09:36,c973d4a8dba96df072452b994af9aa998d8e93c24ead07b05ccc44638869546e,896699,3773424.0,973.0,0.000258,1,2,222
2025-05-14 17:09:36,46815eea09b2c33fed15fbb2bf8fa981aa1460cbd4e0327355e767d0fd623866,896699,96733.0,973.0,0.010059,1,2,222
2025-05-14 17:09:36,523429abf52d5c6f83354362008e93431faedc50b2e167827afebf64d2ac0ca3,896699,921354357.0,1000.0,1e-06,1,2,225
2025-05-14 17:09:36,d009ab09eafc31568fd42d31ceb9d2c2fc9cdd7a238670b0fedfd7db147f53f8,896699,2664411.0,6160.0,0.002312,12,2,1856
2025-05-14 17:09:36,732f8105a0941394a2ee04527734557054f0c9384a256ecfa4d4d7efd7c5b56a,896699,26057191.0,1520.0,5.8e-05,1,4,348
2025-05-14 17:09:36,20065b935600cfbd9f0cbbb20b7fa68c9280687b0e6d1c9c0388cbeb865ca4f9,896699,175330.0,804.0,0.004586,1,2,223
2025-05-14 17:09:36,d95eb6f4f5e4f6fe7b236c352cbbf61c981cf3254755243eba6d59506eeef473,896699,3905399.0,804.0,0.000206,1,2,223
2025-05-14 17:09:36,759f778ddd1d0c7824e475397d60daf732f0d6bede7eed21d31bcb2076cc0f5e,896699,143934.0,804.0,0.005586,1,2,222
2025-05-14 17:09:36,1613cc38cec4cb513e3225c21860a64a4ddb08ac3a647332b86b50f04a09913e,896699,125950.0,804.0,0.006383,1,2,222
2025-05-14 17:09:36,ceabcd9776f4d1657a7cc5c3102fff244577e7a371ce04688eb6e9d4749bcf0c,896699,914150.0,833.0,0.000911,1,1,227
2025-05-14 17:09:36,6d44e866ee5cd608fe5f72b2b85626bf76354fb55f944d5541e31b4de45f9865,896699,243936.0,635.0,0.002603,1,1,192
2025-05-14 17:09:36,6400ecd00d20d1301ef5ccf42a028dcc273b7dc892d7e4b8f0a3ff9a605cd9e8,896699,5163984.0,1279.0,0.000248,1,2,221
2025-05-14 17:09:36,6570d8192515b5ab81e58a2d4c65727a4bf9983f291114d4caab4f83d6097476,896699,11567.0,639.0,0.055243,1,1,192
2025-05-14 17:09:36,a1513697fc839f464d94ceda35e7622e0889622bcbabdf6c85905c82c7b9b7fa,896699,334157.0,641.0,0.001918,1,1,192
2025-05-14 17:09:36,9b228d962ad873fe825468c81cf665d9cc99e1937f1709493155f993e13dea8b,896699,32034.0,641.0,0.02001,1,1,191
2025-05-14 17:09:36,d355fbbda190d64eebc632ef8dc176eefe5904e69e2d85aff388de6a2711886c,896699,43740.0,641.0,0.014655,1,1,191
2025-05-14 17:09:36,46d65dcc180f22854bc91ddb3e2453b3c9a657290339482875b1cf3a3eb89371,896699,272353.0,647.0,0.002376,1,1,192
2025-05-14 17:09:36,0bf3af192c48917432b69b323696d7e39c7f5ac179fa5c973459d8ce72b46462,896699,18248.0,794.0,0.043512,1,1,215
2025-05-14 17:09:36,daf0e8e1a77ff74f0f733af68e92e7efb65daf6e9a8467504ba6d088973f0122,896699,35964834.0,3680.0,0.000102,1,17,712
2025-05-14 17:09:36,9c88e43a3c8591bc38858160fb82b3b0ac78c0a91a98339f4b0cbe1517cd1558,896699,359657.0,1974.0,0.005489,2,1,335
2025-05-14 17:09:36,379a99b48dfc268abf46c87f545d88f80d82d5c9b90888b60f74b773b0576134,896699,10417958.0,1020.0,9.8e-05,1,3,253
2025-05-14 17:09:36,caa96e3255d056e66246a8abe0a8d31d2719efe3f3ad2b0ce61630f30fa9d6f3,896699,18779.0,654.0,0.034826,1,1,191
2025-05-14 17:09:36,94a573afb48d6460e25cc65d1c24ef07283824331cb74433815971f510723e98,896699,466791.0,654.0,0.001401,1,1,191
2025-05-14 17:09:36,e2eaf478aa05ba317bd3d421c1258385c94c5ed2e18ecf85a3a9546ecc478507,896699,222250.0,654.0,0.002943,1,1,191
2025-05-14 17:09:36,c41d456de7c94a3168a98e0b238369ea9e642dca6c4724e066bc705569537a15,896699,53313547.0,2142.0,4e-05,1,9,441
2025-05-14 17:09:36,607ccab63ed2771b68e003339d119c8f005f0497fa53fe038f04bce2376d613c,896699,10000.0,953.0,0.0953,2,1,260
2025-05-14 17:09:36,04d194fa23f842ae2f17942ec5c16e6ef0936d98ac4e81145ebf3c7159c71948,896699,113118.0,1144.0,0.010113,1,1,192
2025-05-14 17:09:36,83cb128a58edd7f36c1dd94054c1146b2fbd02434efba4f05b182b8a16462f3c,896699,130480.0,980.0,0.007511,1,2,245
2025-05-14 17:09:36,1018ee64be870e9b7438fc4df0b55fe453d38bbd83647f02ab2c9177bbb77648,896699,124211387.0,1518.0,1.2e-05,1,4,446
2025-05-14 17:09:36,e9a23d17be220f32d99f2bb3fcc1426ad494ca6507553116f6014e4d831bbffe,896699,546.0,924.0,1.692308,1,1,333
2025-05-14 17:09:36,b10ba26db40f1b22f3c7df2931b78b6f0f545987995c9de0c79fec28aa60c1fb,896699,5408021.0,846.0,0.000156,1,2,222
2025-05-14 17:09:36,bf396a4067d19e7b5cb12cb35c4e431858e560c61b168afa7ed4b5ab732bb5f4,896699,18209755666.0,852.0,0.0,1,2,224
2025-05-14 17:09:36,d719b762083efc78078924444e188dacb6d3331796fba51486b9bd2f443094f3,896699,54656.0,846.0,0.015479,1,2,223
2025-05-14 17:09:36,77168ea71bd943e32f9f410578565eae7d1108115ef29e499051c3abd71260e6,896699,1784515.0,1596.0,0.000894,1,6,347
2025-05-14 17:09:36,1f309be2264ae2a329f778df0b324977be992831dfd68cc081882846422b16e1,896699,8798938.0,846.0,9.6e-05,1,2,223
2025-05-14 17:09:36,891b6e8b222062ada9ef06f9f7f0726b9d70b68e3c84c574d5e1bda72dc64eda,896699,1401793338.0,1272.0,1e-06,2,2,375
2025-05-14 17:09:36,9d3ba4fd3093a3935538a3055752707dbced2e20a67184474b9fb5d03a02f4d0,896699,35681243.0,846.0,2.4e-05,1,2,222
2025-05-14 17:09:36,a7906de74b9f406e5da8036d89076063cd53b15039f02d0677fc20fb72151cc2,896699,76334.0,666.0,0.008725,1,1,192
2025-05-14 17:09:36,27bbadadf838557b8379eb969fb25c1763591dd3f85ae7e4f956177256e08fb8,896699,5083794.0,660.0,0.00013,1,1,191
2025-05-14 17:09:36,c00aeac8ea4e92147d4904b2c7ba927626b01bd5bb78b06c2d168b3078f3eaae,896699,14611.0,846.0,0.057902,1,2,222
2025-05-14 17:09:36,d19f7e6b51fc1e2d03ffcda5a263dbecae02b09580c3ffe16e2b1a9f75f2899d,896699,6908566.0,846.0,0.000122,1,2,222
2025-05-14 17:09:36,3f7661eefe7878d19e455e946870aaf4a5c52bc260ec69935b54a1252a4b409c,896699,199999154.0,846.0,4e-06,1,2,223
2025-05-14 17:09:36,70a173b2faa98910c87f71650f050df99d91da4ffa97e01f46616bbd4b1f9099,896699,53270.0,1332.0,0.025005,2,2,354
2025-05-14 17:09:36,26f4ac67e58128b77ac5fb982569b6e52ec2de76630d33b1d4b52007cd89d491,896699,2154683.0,1548.0,0.000718,1,5,339
2025-05-14 17:09:36,4efabb8d7fec67eaaecf194ff1a7386bfe7384275794b158c869def649924490,896699,3276.0,924.0,0.282051,1,2,205
2025-05-14 17:09:36,7b77fa3f133e01262d8806da97f05fa5dc94a986066615171e30a11dc4e0528b,896699,43930.0,870.0,0.019804,1,2,196
2025-05-14 17:09:36,ed77476f27be708245a030d1fa195804f5284b6aece1484e9d808d24d2d0ff85,896699,546.0,912.0,1.67033,1,1,323
2025-05-14 17:09:36,1b1dd163d02c781aae644523d1413939d6502d53b486e914abe27e738c9415e4,896699,2716.0,924.0,0.340206,1,2,205
2025-05-14 17:09:36,19e4f04905ab918fd047ef03b618fea3fe3d480306ae906b30383d87ac254168,896699,3179541.0,1008.0,0.000317,1,2,297
2025-05-14 17:09:36,0727bbc0d40138bc0e146af294731616d8d57661c9f12fadf9447d58dc416752,896699,192363.0,678.0,0.003525,1,1,194
2025-05-14 17:09:36,f4494d4994d3808379ea12d704797476cc5bfe3c0124ebe80e4eccbc9083653f,896699,14315673.0,2334.0,0.000163,1,10,470
2025-05-14 17:09:36,c330e585f1838fc345b3986d8ea786c8dc1c0c922e5c330a963cbb8a159f6e38,896699,2616891.0,858.0,0.000328,1,2,194
2025-05-14 17:09:36,66e2d8619a72ce14c3cc3211a125d0fa76f2a278063ab50411117e8e7f48112e,896699,11198520.0,660.0,5.9e-05,1,1,191
2025-05-14 17:09:36,6a278e3650aa0b24e559a541c2b69d2c74e253cf85fee864fe7beffbaf6e722b,896699,546.0,912.0,1.67033,1,1,324
2025-05-14 17:09:36,7e0f789f580c5f5f191eaea6ab9e2a25a37dd5b43a9a0427bc3038b4b35a3884,896699,8443.0,924.0,0.10944,1,2,205
2025-05-14 17:09:36,a59882bdf82279bc91e170fa2467689f88bc228587d25f40d72b7c0229de145c,896699,23818745.0,1155.0,4.8e-05,1,1,191
2025-05-14 17:09:36,952f35443d30c8badf8365fd650d8137d4cb283839f5d53b3f595e3f5ce7b845,896699,23819900.0,100.0,4e-06,1,1,150
2025-05-14 17:09:36,d9380e7366bbf838fb498a41c9828cfba8a0a187de5ca2e07f2a800bda2ebc5e,896699,35897450.0,2550.0,7.1e-05,5,2,828
2025-05-14 17:09:36,1fa6b6f28d2103588f3a30d907de66e54013f70b8e70cbe7a81003e992c2526d,896699,1637292.0,3006.0,0.001836,7,2,908
2025-05-14 17:09:36,98ac236671ec65bf9a5caa3af7a9f93971631d4a335a0bd81d5f72e23e503a85,896699,153313.0,1260.0,0.008218,2,2,371
2025-05-14 17:09:36,f9d2329704b06df01d1b5fb6e0c529a68dfeaac151b0ebff5077dea09ee8ab9b,896699,169043.0,2076.0,0.012281,4,2,667
2025-05-14 17:09:36,28ad2f27401e5167df38d4dd58ba7cb8c3fb45fbd94b63cf38dbef3e732e6d91,896699,11404620.0,1346.0,0.000118,1,2,222
2025-05-14 17:09:36,4a683d37b3059c607dc85edd452034e30d64989b7537cc83744ea1ac72bdccc5,896699,11971490.0,1338.0,0.000112,1,2,222
2025-05-14 17:09:36,99f9b7af94c9f3a0c74fef76d467e31a9fa3eb7f1f809c1e0fa8bd4794fff14c,896699,9991781.0,672.0,6.7e-05,1,1,162
2025-05-14 17:09:36,0ce66e443015d9626b5860aab7790303fc0d56356b3bf057192340688dfdea56,896699,315326.0,2238.0,0.007097,2,2,369
2025-05-14 17:09:36,30079fd36ff6c57af394c74f84fb228b997e97c51c60d1b45284d57ce407b18a,896699,17330800.0,2662.0,0.000154,4,2,760
2025-05-14 17:09:36,7ba8f947740f3a6d34eae0679b8727ea9b2dd9756cf5ae5da96c1d678221407d,896699,4855.0,675.0,0.139032,1,1,193
2025-05-14 17:09:36,21b2312f558ffb74f959904768bc49203ad66668ccfdbc9e654d40c6507f52b2,896699,441100.0,2517.0,0.005706,5,2,814
2025-05-14 17:09:36,104715dff4cc710028665d200fc874aa78e3ca54110760aa58fccbe042ac8010,896699,73994634.0,5438.0,7.3e-05,1,26,966
2025-05-14 17:09:36,87ccf7766b98c51903fb9f99629e933a48b70619339d6d6abe36bb0d3ee30144,896699,46463.0,702.0,0.015109,1,1,195
2025-05-14 17:09:36,c938b16562ec165c451ce1128ec6d09189b38c20539254d1e93d16c665d9b977,896699,768300.0,881.0,0.001147,1,2,222
2025-05-14 17:09:36,b45085bb7d533c4fc77129d5602769ceea9283927573c82c3db1623d3de51bf4,896699,1034948.0,888.0,0.000858,1,2,222
2025-05-14 17:09:36,cc447d0b11715404b972802917c961dc3acd143e6810e177bbd74c2d3cd6602e,896699,1332171.0,888.0,0.000667,1,2,222
2025-05-14 17:09:36,bfe9add84908aec1caa223eddd636b89071937eb1da5ab21885a99f081b8672c,896699,551268.0,693.0,0.001257,1,1,191
2025-05-14 17:09:36,1aa75198a1d3607e2cbf46561e5ae471a95a40775fe5b27742861d3fded176f6,896699,12213476.0,1405.0,0.000115,1,2,222
2025-05-14 17:09:36,348d2e42d53443afd1ae8cca0d50688b5cc3eb8bd89ebd355d0290014400fa0a,896699,951146322.0,1015.0,1e-06,1,2,222
2025-05-14 17:09:36,428d0b267948de91b585a73d2bf8c19a74799d801bf064d2b5ea7e75960d7105,896699,951215707.0,846.0,1e-06,1,2,222
2025-05-14 17:09:36,0271dab342806aeee31c1acbe9b4c23e0e88a5ff1fa1f7443c271f0a6fb226ca,896699,951283487.0,846.0,1e-06,1,2,223
2025-05-14 17:09:36,87d8e34f737cb47665ef28b05a126a9674c2971eb41f74a8d8c84d5fcfc3b867,896699,34200.0,913.0,0.026696,1,2,223
2025-05-14 17:09:36,0cae3146920fad8eb9b28f13e87fabf5c94fa364b820c4e41b55a0a7cfde87f7,896699,861627.0,1393.0,0.001617,2,2,377
2025-05-14 17:09:36,af26650122c860b8a371ed3943a2b2c8ef5ea7c5146677b9bc8186d3d2470222,896699,1651611.0,918.0,0.000556,1,2,222
2025-05-14 17:09:36,6b058ba9a8890bd7d94337399920e4fa365539f2d6b38790b31d8c858a5f83f8,896699,6156100.0,920.0,0.000149,1,2,222
2025-05-14 17:09:36,b3bcc70bcfcaeab2d2f3a3ccd0688992865b37147b4c6601ef0171dd7e2d7c4e,896699,39300.0,920.0,0.02341,1,2,222
2025-05-14 17:09:36,51aa1502f4b4d27daf071da41071e5c61193feb995e59414fbd7475af228bed5,896699,2330129.0,2280.0,0.000978,1,4,348
2025-05-14 17:09:36,b5ffd9c1bf668d60fcf53a701cba85341b88e763ee2d19ff9f940e2eac1040d3,896699,178000.0,1243.0,0.006983,1,1,189
2025-05-14 17:09:36,77c2678ae901edfab4d7b5d281e161c3641e2bee88494e955df4ea13f6b5636f,896699,32408.0,1086.0,0.03351,1,2,246
2025-05-14 17:09:36,c6c62dc77aa8f7e65c399d1f261a5a8d60c04f89dfdfa505ddb3ad5505118ac8,896699,60422891.0,2000.0,3.3e-05,1,7,384
2025-05-14 17:09:36,78a127c143a207a8237b2d5f74eb47949df3b042945c366bf32b2252da10b3d5,896699,474078314.0,4908.0,1e-05,5,2,820
2025-05-14 17:09:36,c8bdc41d0fe725cd213ae31976603aa99b8fc418d09d910ead86daebb09d32b7,896699,15722093.0,537.0,3.4e-05,1,3,285
2025-05-14 17:09:36,c54d8d464cf46f4ccc00be11ed920ba7de8df11c85c42c6f979af1b5689ebd66,896699,10157684.0,558.0,5.5e-05,1,3,294
2025-05-14 17:09:36,59bcaee93796983e0ed57591c42bc7984d5636ba0189cafa35d002a0bcc7df23,896699,4719091.0,632.0,0.000134,1,2,255
2025-05-14 17:09:36,038b0cac04dc8d1e5405b5050c033ebaae764f837b7fb4205d2c369dd7395d5d,896699,961829.0,1754.0,0.001824,2,3,427
2025-05-14 17:09:36,834a66bf74cfba6922de60233bd5885b871f83ccb27991d54fde3c1499add7fc,896699,94262.0,964.0,0.010227,1,2,225
2025-05-14 17:09:36,b1beba7d070fbf17fa0499fff545dfb0210f7c575d77dde73a7ba4d7da1dc940,896699,366182.0,964.0,0.002633,1,2,225
2025-05-14 17:09:36,49ba4f31bac44b87eff303065ef72ec302b3485528189a8ce0c7a2a0ceb77c8a,896699,3600375742.0,2000.0,1e-06,2,2,675
2025-05-14 17:09:36,b51225c12570fb4e53b524c4c5c5a568bc225dc57b670a05d5e93b2a3e691c53,896699,170160.0,981.0,0.005765,1,2,226
2025-05-14 17:09:36,37a2a24e4c06b3217678bdf58b09f1dd937d4d370f482cbb032083e512f2dcc5,896699,1039977.0,964.0,0.000927,1,2,223
2025-05-14 17:09:36,dd4e8ed36e6335a749b07f8787affe2c58843e6979ffe843f1798666765be575,896699,1242768.0,964.0,0.000776,1,2,223
2025-05-14 17:09:36,6a4425ffb6a3c58bc8fece70a0a2bce0778558cfc9e425ba37e770789ad3054f,896699,2731338.0,964.0,0.000353,1,2,223
2025-05-14 17:09:36,3a28b65ae12f737024a1c069507d11c79df14b661b5ed3150855e64e24077afc,896699,14508.0,764.0,0.052661,1,1,193
2025-05-14 17:09:36,c973d4a8dba96df072452b994af9aa998d8e93c24ead07b05ccc44638869546e,896699,3773424.0,973.0,0.000258,1,2,222
2025-05-14 17:09:36,46815eea09b2c33fed15fbb2bf8fa981aa1460cbd4e0327355e767d0fd623866,896699,96733.0,973.0,0.010059,1,2,222
2025-05-14 17:09:36,523429abf52d5c6f83354362008e93431faedc50b2e167827afebf64d2ac0ca3,896699,921354357.0,1000.0,1e-06,1,2,225
2025-05-14 17:09:36,d009ab09eafc31568fd42d31ceb9d2c2fc9cdd7a238670b0fedfd7db147f53f8,896699,2664411.0,6160.0,0.002312,12,2,1856
2025-05-17 07:09:11,802c6450a15f70445600c2fa297cf448b78cdd5a42dd1800defb26d61104c84a,897071,81934.0,234.0,0.002856,1,3,370
2025-05-17 07:09:11,d2c868af13fa900378429f0840a27b4b5fc7f46f1f039e408324a78b76d6bf56,897071,82498.0,234.0,0.002836,1,3,370
2025-05-17 07:09:11,e917892ccf994cd9afab76c968b2c29c89df35283c040660abc71d758780187a,897071,83062.0,234.0,0.002817,1,3,370
2025-05-17 07:09:11,ed162b66dc6ae3efd5beaeb5b751589130cfd8c87005caa5c26e7ddc1537cfb4,897071,83626.0,234.0,0.002798,1,3,370
2025-05-17 07:09:11,84989c14ff6c3f4d35e1a25cb403d81cbed7213aa9af46c06b1697a382f51707,897071,84190.0,234.0,0.002779,1,3,370
2025-05-17 07:09:11,531fc018654e218704698ac48f9b13e64c47ece3617bd61c005c15671dbf2d90,897071,84754.0,234.0,0.002761,1,3,370
2025-05-17 07:09:11,f54b0f163742d0917d6ceb2b0e8ba2c03b3ad3536eac9f628d87583a82fae1fd,897071,85318.0,234.0,0.002743,1,3,370
2025-05-17 07:09:11,0dd79ec0d2267dcab86bb28d5ce26a68f1d5256f55a2dfa8b5b9408c7c630592,897071,85882.0,234.0,0.002725,1,3,370
2025-05-17 07:09:11,23f01116c306afe35d38c01b3f554e1966f88cbadc6085925258f6ec83bb0bfc,897071,86446.0,234.0,0.002707,1,3,370
2025-05-17 07:09:11,beb1d015096e7213768eeb60839b435539ad031cb5f642cd548e9990669f55d3,897071,1127313.0,1500.0,0.001331,10,1,2878
2025-05-17 07:09:11,e61aa557122459666dd7b221828ed261044261c0137a2b439525347034d915f6,897071,546.0,304.0,0.556777,1,1,323
2025-05-17 07:09:11,f52e1a54f834373d35a2d9ef9ab3120ce0b1a29ea127071e52c44ce4e02fcfde,897071,435557074.0,2776.0,6e-06,13,16,2432
2025-05-17 07:09:11,b4c065515eed4ef6df4ffcee71e95c71f11b3f0c71fe112f8af07bf852989ed3,897071,546.0,306.0,0.56044,1,1,330
2025-05-17 07:09:11,ad3144390cb64b972a1eb60a457574ffcf23cc38f31d95a52ec6eeea78ec9de4,897071,314692.0,308.0,0.000979,1,2,205
2025-05-17 07:09:11,fec3ad6cbeb13c9f685d57f9782b42930748420dcbb8e936c6b7edc4aec266bb,897071,11118.0,1610.0,0.14481,1,4,451
2025-05-17 07:09:11,247145fae55db7919cca8660639e9f3a724666a2025576a4311f809f20bb5cb6,897071,551314.0,286.0,0.000519,1,1,325
2025-05-17 07:09:11,82195a055507ea1352626966c27392010c5ab853cf9ba991078b56cf883059b0,897071,6789643.0,592.0,8.7e-05,1,7,377
2025-05-17 07:09:11,bd3a05913632ca8b945c4ff7f1360eea8338dd22dcd536e6ad44ec81110f51ae,897071,546.0,304.0,0.556777,1,1,323
2025-05-17 07:09:11,3530dea936611c5a66b1b5f9bf427e820999e4f28c8177d2336e28946be8e7a5,897071,48700306.0,334.0,7e-06,1,3,249
2025-05-17 07:09:11,66dc25948a614ac0e8be7625e5430e896c3864b7997a00ae7ca462c9f26df29f,897071,837562.0,424.0,0.000506,2,2,312
2025-05-17 07:09:11,d40510372438c63bbd9d511e066e816c46386e595ef84f726732ac1317bba78c,897071,126675563.0,998.0,8e-06,7,2,847
2025-05-17 07:09:11,60d7f1b4a06767dbcbb419f786afc4f00aaa06fe218eb5902d9dc6078c73e968,897071,206151.0,282.0,0.001368,1,2,222
2025-05-17 07:09:11,8c335c9c88bb1b895bab177ffa798f57a063a6c5edcab0eb8d2f099fdd88b366,897071,546.0,304.0,0.556777,1,1,324
2025-05-17 07:09:11,dbb2dfbf191d7370b029677b9b1c47ec6daed403fa47b8df14e2909a06cb3572,897071,3902.0,308.0,0.078934,1,2,205
2025-05-17 07:09:11,ae53db624ea380fae5831c403db3a0fe4ae72878b2539d2f61b085c838caf35e,897071,65419970.0,330.0,5e-06,1,2,246
2025-05-17 07:09:11,d03103f0820d3d0838e97ed48126447bf1359a55a2ae0d67e347f78df336735d,897071,9941909.0,430.0,4.3e-05,3,1,365
2025-05-17 07:09:11,b4d806e4b2b7a24a9935de8536ebdc7148370fd6ca6be7db5d4d1d951a8d213e,897071,546.0,306.0,0.56044,1,1,330
2025-05-17 07:09:11,f52dad4f229ffddf7cf36a813e9f00d6b2849d3aa45e6cca015199727ed2a19c,897071,314692.0,308.0,0.000979,1,2,205
2025-05-17 07:09:11,269a925ccd80d33d4af784a2f9767750c7c1771db0cf5a3eb02debd115295732,897071,46822.0,308.0,0.006578,1,2,205
2025-05-17 07:09:11,026e0c2c57951015b34e0bc4813c8e1836bf2f17c8b1851a259afba4bfa60532,897071,546.0,306.0,0.56044,1,1,330
2025-05-17 07:09:11,e00be8c4f6f4f501f836318f122c1f513849363809f89c7f6c3ca6818d738f93,897071,374692.0,308.0,0.000822,1,2,205
2025-05-17 07:09:11,fc718b2e7d6fa44ce6c9300ad5b5d229dc2b2ceed1c9688ff0ae677c9ddc9325,897071,271744.0,308.0,0.001133,1,2,205
2025-05-17 07:09:11,42e6385bcf2dd4a153d23533cbe6d2df563c5f5dc2ee5e5712040a1364ca6720,897071,546.0,304.0,0.556777,1,1,325
2025-05-17 07:09:11,1c7a144998734bdc84c1ecfac2630a65e190dbe2fdf9b41f50adca3c68a895c8,897071,20092.0,308.0,0.015329,1,2,205
2025-05-17 07:09:11,c2dc8a695bacb15c735d8faa9ec2e6b15da95336d80e2057289569e83e422213,897071,765401.0,282.0,0.000368,1,2,223
2025-05-17 07:09:11,5e321abd7e5bf0d532389e196909ec2c3fafa849904ec4530d77c682d8d2440d,897071,546.0,304.0,0.556777,1,1,326
2025-05-17 07:09:11,c3bd0ea124e35cf1c2244d15062dda202a92b683aebda0458b2498f6bc9ecbf2,897071,2018547.0,308.0,0.000153,1,2,205
2025-05-17 07:09:11,3246b33942d9307b6eee73341d040d8879acc43457aee8aed672678ff2d70808,897071,546.0,304.0,0.556777,1,1,326
2025-05-17 07:09:11,46e3060e7ccb5110abfbf7e96b3827ba17276e5713c0c62f260995fc4a2a0cb6,897071,1609109.0,308.0,0.000191,1,2,205
2025-05-17 07:09:11,07905c1a10062f1c9389bc78b5b061bc92103dd7c53292cc4f7a8f0256e9deb7,897071,139413.0,770.0,0.005523,2,2,381
2025-05-17 07:09:11,8131b4f9b6cd761249058d7af7af4859faa98d2412a2aca635b23ee5e5213da8,897071,17249110.0,2020.0,0.000117,8,12,1387
2025-05-17 07:09:11,f4e7db41bdc7fae73ec444a6f79f0097d0ddbf0737de0afa8a2fcdd5ab1fc4e9,897071,61609.0,288.0,0.004675,1,1,249
2025-05-17 07:09:11,757d0e7403afc7b874c36c026a39fead812b074131efc0462f939c260163b024,897071,209715.0,488.0,0.002327,1,2,223
2025-05-17 07:09:11,05af4fec0a029e9155ba3d7fd86a4f25821aa1f919aaac5debe6bfe048a0890b,897071,278396.0,465.0,0.00167,2,2,372
2025-05-17 07:09:11,45d5b2c3704fdd8e33b750b1906b4ce991b6cf80b85b399565b83cd296f9c3b2,897071,4208974.0,322.0,7.7e-05,1,2,226
2025-05-17 07:09:11,bae26918fc826ef1ac29a84ebc9a3c498d1c3864e77a342334b0fbafc3632d44,897071,46930613.0,370.0,8e-06,1,2,246
2025-05-17 07:09:11,923a5bc9192c4fffff7545d9c3021c645eca10e912151cad93cdb01ed27d322e,897071,170422.0,442.0,0.002594,1,3,248
2025-05-17 07:09:11,8739337ed84ce90726b3edff7883664e165585b39333d96276c022801c082df2,897071,173706.0,322.0,0.001854,1,2,223
2025-05-17 07:09:11,da74e52f85fd88baf8ae16c1ecd89ea79cf15bfa016646ba6efff2342ca274d5,897071,106667.0,322.0,0.003019,1,2,222
2025-05-17 07:09:11,eea330ab8c7f252686b2f290d88c5ce20c6d31c28a74973d551481506cdc135f,897071,99648.0,322.0,0.003231,1,2,223
2025-05-17 07:09:11,2197d545493c87893d516445c6b459d4d95b89e016773aa4f483382150fbf7f2,897071,95974.0,257.0,0.002678,1,1,193
2025-05-17 07:09:11,ef6151487d6498e3296eb2d6e3d84261146d71455b8b774d7ff8d9b3390fa047,897071,478442.0,257.0,0.000537,1,1,192
2025-05-17 07:09:11,34cb01de4a4ea789c039eea7580bf8a10ff48830b67daf506f86197dc9a15b21,897071,1087442.0,257.0,0.000236,1,1,191
2025-05-17 07:09:11,5af27011619af3217620535a002fa48f13156b731f36eb03187ee132133594ac,897071,1168563.0,454.0,0.000389,1,2,246
2025-05-17 07:09:11,2a572c3b6ed746aad9f27ddf2ad4fc622846e0598056d7da16fb33041334d1a6,897071,467613.0,387.0,0.000828,1,1,267
2025-05-17 07:09:11,c022851461cb827a5951a1c174880604a11145904e07a92c1c94a99265df13f2,897071,361979582.0,498.0,1e-06,1,2,248
2025-05-17 07:09:11,1bd0c3cf56026bcffeb2b3d34cc258233a9df41ce5b5d86c05034b58724697d3,897071,448929.0,831.0,0.001851,3,2,521
2025-05-17 07:09:11,7ffed9b082d91c5c4955a6892afefabc29e763415a10c563a42c7d0b3945a8cc,897071,27553981.0,1587.0,5.8e-05,7,1,1093
2025-05-17 07:09:11,5552060f0ddfbc6da4c2232cb9b723e696fba0cec55bf5ed91afd52b48070264,897071,22399.0,429.0,0.019153,1,2,194
2025-05-17 07:09:11,9d8e27e6c24ed3dcd796c89364c5c97006d7051f0c517260d7d7404f0902425f,897071,9413889.0,1881.0,0.0002,2,12,759
2025-05-17 07:09:11,73405b51e4120e323601301b0576a6eeef711b9f86d4844cc43d351384ad6e58,897071,676710.0,423.0,0.000625,1,2,222
2025-05-17 07:09:11,db7141e0206c51940510dfc5143bf39764c6b44bcd5e9807b0816bfff6b71735,897071,63628950.0,504.0,8e-06,1,2,296
2025-05-17 07:09:11,a1761dffba7e3ce698ae6574d06470181e719c8d0906249699625d1d2a03c911,897071,27482.0,297.0,0.010807,1,1,150
2025-05-17 07:09:11,c494fc4f1e6d644b3e9f2d841f60a7b13792f1c986730345626d71f3c80b04f6,897071,7917293.0,400.0,5.1e-05,1,1,248
2025-05-17 07:09:11,667648811f41015fda8902913e548506a2c72a2fd9f3b5bbd930f9859c75a868,897071,939036.0,678.0,0.000722,1,2,225
2025-05-17 07:09:11,180e13c03a668e18ec859c63c9b2a737fb4c27cbcf2326a441fab5b88494a572,897071,759408.0,672.0,0.000885,1,2,223
2025-05-17 07:09:11,090270341ecb6c0fba428565de0a1c5c0ea42c31099067d52074a7297fe4d926,897071,1833602713.0,441.0,0.0,1,2,225
2025-05-17 07:09:11,c934874f34a39d3dd8fc62f63b06974695ef040031205fe80904ef1acb545fbd,897071,27680.0,440.0,0.015896,1,2,223
2025-05-17 07:09:11,86f4c6c92f49af424d42942d6bd9d5c5507e865e271a9a21543c5a7ab6f00b52,897071,96663.0,636.0,0.00658,1,4,285
2025-05-17 07:09:11,b800fd91ca40e5314a4d33562f1697c4bd66ffa83fb982948add226923f4fffd,897071,279129.0,366.0,0.001311,1,1,192
2025-05-17 07:09:11,24961a3192c0e61b0b153bea32e311fcd12db59927891e78ad1582369975bc34,897071,7756.0,1562.0,0.201392,4,4,775
2025-05-17 07:09:11,af09d288de4ddbd06352cfbe74949e938112be4be8507486d063b4fafdf61a94,897071,728931.0,564.0,0.000774,1,2,222
2025-05-17 07:09:11,7abd6c4776ff862af5277f05835c3151620938be4a73403e696f2105b0724162,897071,155480.0,892.0,0.005737,1,2,223
2025-05-17 07:09:11,4ac452e5cc6905d5f2d5661b972bd670fa7097038beead3357773fa9c2bf9450,897071,162429.0,562.0,0.00346,1,1,305
2025-05-17 07:09:11,23a845f5a9d7e78f562006021610f963bf6a590fb57f19aaab8d81eb8eb3d9cd,897071,24722213.0,1130.0,4.6e-05,1,2,226
2025-05-17 07:09:11,3ac0d03b2bd6ff8e00b70083042680a754ebf0868d1c31b60c0b708b82c7c448,897071,119823.0,925.0,0.00772,2,1,341
2025-05-17 07:09:11,596cca33093ce34f543cc88c95bfab80cdbd4178af675e17682909f0ac9f2542,897071,156500.0,800.0,0.005112,1,2,222
2025-05-17 07:09:11,fc16f8fbb57380e41dfcde0dd5be065dbdb3ae8599d9c5f243a8479cf8c9d18f,897071,1736310.0,1356.0,0.000781,1,2,223
2025-05-17 07:09:11,cbd5bf3502f888bf4ac8c175ee771aa3be2e78c3b964477904d89dead15b5741,897071,41277442.0,889.0,2.2e-05,1,2,222
2025-05-17 07:09:11,bb54a7f828beecb55def8c61830fc688d8abe6880480399571261df2caf2180c,897071,530000.0,700.0,0.001321,1,1,191
2025-05-17 07:09:11,a07b55178e3b014c0b9ccae02d7ab3cb45eb50b89499b0a7c89b8c342a274a55,897071,2746935.0,2220.0,0.000808,2,1,340
2025-05-17 07:09:11,56aaa93a2d6db89e2d4ae938b0654fa59f24aab5c9b0189f8fb1eef153e61ae2,897071,1620584.0,2000.0,0.001234,3,2,518
2025-05-17 07:09:11,a510a05018d2f0dcb5f76bfac6733fda8e342981f710a3be9bde6786bda290ce,897071,226872970.0,3455.0,1.5e-05,3,3,1023
2025-05-17 07:09:11,c1d6b4c28050f53fd27775bac7c8148a9528ca810830ba44281556462bc83b2e,897071,26130126.0,1451.0,5.6e-05,1,2,381
2025-05-17 07:09:11,c4b6aac0550439539f547c49f39f6253ca61d17ceed628f8babb8fb49a0b44bb,897071,1034519.0,1568.0,0.001516,1,1,191
2025-05-17 07:09:11,e74311448e1c8040c49c45a4ba5b153b2b63234a36412ec8ca1c12f938258436,897071,216724.0,1410.0,0.006506,1,2,222
2025-05-17 07:09:11,dd136475cab88ac44f97cec46d2a0a6e98674586addda48b32cb68331caa7a0d,897071,194097944.0,2851.0,1.5e-05,1,3,254
2025-05-17 07:09:11,084c46dcae07a494d5ea4bc6b4296d5c76c7e10a3095d90ffb00404b4d27baa3,897071,262973.0,2016.0,0.007666,1,2,226
2025-05-17 07:09:11,ab23c1f81cf0e8cd288c061a72421603c69ed448a679669c05f621e760aac605,897071,180158.0,2260.0,0.012545,1,1,194
2025-05-17 07:09:11,01c18ff917f99f58cf86df315c4764721b73b95286a433c46011efd38623b152,897071,418998.0,3384.0,0.008076,1,2,222
2025-05-17 07:09:11,5a6d1ebfdaca86d3e393d098a5ada24427f7d9cc811ab1a5ce6511edf2f5d220,897071,340184.0,8376.0,0.024622,4,2,669
2025-05-17 07:09:11,1f77c2ed90c4b5774d5e685b8bd56784e764d7b030921bb78d44cfce7cd2822d,897071,6826235.0,7189.0,0.001053,3,2,521
2025-05-17 07:09:11,1fe112fb167a434b6f77b9c273b3d096778a8fc19e6b25924e659b5bd0cf6305,897071,34271803.0,3843.0,0.000112,1,2,223
2025-05-17 07:09:11,9ab5d68c9b803fe4b39ff951f518f4630d9869f05e3a0da050af75d1043595ed,897071,37599985.0,3816.0,0.000101,1,2,222
2025-05-17 07:09:11,0af2308abbaa8978b2650df83740aae081ac3ed5f55858de2ae034b8476fc944,897071,1013826.0,3816.0,0.003764,1,2,222
2025-05-17 07:09:11,7fe50d23de9d068c4debb6481ff45428f049ea9bfec30af55069efebda75da12,897071,36022067.0,3816.0,0.000106,1,2,222
2025-05-17 07:09:11,b118d5d946109eb6adc36649510ad7a27b9a7d78e99a956a8a68f8861ddd7dc8,897071,1054908.0,3817.0,0.003618,1,2,222
2025-05-17 07:09:11,3f47329d0515f7266cdd8a5d4571ed83c41fb8e992eb5729464e3cfd2cb06bdc,897071,1024761.0,9394.0,0.009167,4,2,669
2025-05-17 07:09:11,cd63f6ebf59081c5b34562b3875a05a1dd5cf729d17c514f631d2197048cedd4,897071,2584075.0,3834.0,0.001484,1,2,223
2025-05-17 07:09:11,b82a14a1c94f8feb0604f670b56f3d99c4823844e69828dc8e185b3b7dc9dce6,897071,6075410.0,3844.0,0.000633,1,2,222
2025-05-12 22:00:06,894b7b620947a3efc82338aa0e0484d24b4d4fe66807e9332f89d1cfec23bf0b,896461,5713.0,472.0,0.082619,2,2,418
2025-05-12 22:00:06,ba014a040b9fc458f4831a743504fe561eb7b6d31b5199173bde70b380c875ca,896461,363905.0,260.0,0.000714,1,2,223
2025-05-12 22:00:06,cdb540c9818087d4466032afa9603046a813cb6f980c22cc745727bceecf3bb2,896461,392949.0,260.0,0.000662,1,2,222
2025-05-12 22:00:06,1b9b147d42f6e6c89eba31b88f5e3a1fda1a528a890d6e98ff2c1cacb7d9cf42,896461,493110.0,260.0,0.000527,1,2,222
2025-05-12 22:00:06,351dc5a86563ec9196560a225147eed5b59fceff0f8bd6a95cd8614722ec3833,896461,389108.0,260.0,0.000668,1,2,222
2025-05-12 22:00:06,566ebf8edf45246b660f84a1f64df85ef56f09e007145cdd1a6b46b8f52d3ad7,896461,763536.0,652.0,0.000854,3,3,596
2025-05-12 22:00:06,81d2415d0d627b7698d30b60387a97d9f1f4b34e0c2ef4d872be4298832d8bf4,896461,35532.0,915.0,0.025751,1,2,283
2025-05-12 22:00:06,07c9e33b60ec2db200c332472e956413f826ec5789c5047393a4dc2374bb2ffb,896461,36447.0,852.0,0.023376,1,2,284
2025-05-12 22:00:06,708751674ebbfc6f512dbe384aca3ec1e3a7c1cfc4f7db0657cc6c58a63a0fe3,896461,37299.0,435.0,0.011663,1,2,284
2025-05-12 22:00:06,ca8f9ebabec24a9a7a31859163df269727a8d64226b8970c526896d42112f7c3,896461,37734.0,435.0,0.011528,1,2,283
2025-05-12 22:00:06,3c0ea9d29e93efbe6e0eebb0a4463d6c7a84a2c52abc3a91c418336575f1b1d7,896461,38169.0,435.0,0.011397,1,2,283
2025-05-12 22:00:06,864d1415dcb063855964f0f1ce7c896227311a42f9e676cf04a361010179c0f3,896461,38604.0,435.0,0.011268,1,2,284
2025-05-12 22:00:06,c01cbc24a1cfcdaacb1a5028f60fabc54b501a5fa741e0331d7fa3bd69e3114a,896461,39039.0,435.0,0.011143,1,2,284
2025-05-12 22:00:06,1a6624b238fa34a53e255dd0085b24ddfce5a16deaa3bbfcd01fe7539439c2f5,896461,39474.0,435.0,0.01102,1,2,283
2025-05-12 22:00:06,bf6743eff9243694d3ed0584b03a473cb434d5b76dad3ef1a882f97d99c4428e,896461,39909.0,435.0,0.0109,1,2,284
2025-05-12 22:00:06,8e20a033aa08bd54373ab79801d7ab0ef2f0f11d2ded655292c22984a2934f02,896461,40344.0,435.0,0.010782,1,2,284
2025-05-12 22:00:06,3fe1c2c24e5c03b925414a0fafac03bb230e2c1b454163c63be64ac7ab287e2a,896461,77067.0,462.0,0.005995,3,1,490
2025-05-12 22:00:06,d2351932c21f2d0f7ff6eb91332edacc4ac2521c8b6565f73f88ea3bcfba196b,896461,1238969.0,330.0,0.000266,1,1,191
2025-05-12 22:00:06,33d74755c0de29638cf6ec6da63155c26772b6feddac732eaed1930695b051ec,896461,1267494.0,144.0,0.000114,1,2,225
2025-05-12 22:00:06,22ac3773bb537fa327a09750f64626e73ff883bd3d278c2f55713b61b7b0fa3c,896461,98171.0,420.0,0.004278,1,2,416
2025-05-12 22:00:06,49c64cca3a593c6e007d60d4a6269c4ee00fa1b220e3a9a2440a96ecf36b1cc3,896461,14076.0,355.0,0.02522,2,1,352
2025-05-12 22:00:06,9d47ad05c048adbb67e5b2a21f2796b644fd115b6bb89377deda51e5357edd38,896461,476448.0,519.0,0.001089,3,2,519
2025-05-12 22:00:06,152f6ff722ddd45b83baa8cfdcbfcaf32690629dc026a344280e444b23655298,896461,895912.0,924.0,0.001031,5,3,892
2025-05-12 22:00:06,0c525a79343fcb963fc333036838da71bf5fa32f021abc3f23e78d22ed0c7c6c,896461,999730.0,270.0,0.00027,1,2,222
2025-05-12 22:00:06,f4c324d30429c729c926b6f88d09044b8d2e70c769da5f296ce9b588ed6d4d83,896461,25941511.0,450.0,1.7e-05,1,1,315
2025-05-12 22:00:06,a76849110486747715dab089645fb117005ccb2876a037a70e927574554db7f8,896461,27111127.0,183.0,7e-06,1,2,345
2025-05-12 22:00:06,43376a4a89629197d3598b66f97cebd29740b38b774f3e669892eba49d4cb9be,896461,3468043.0,1904.0,0.000549,14,1,2121
2025-05-12 22:00:06,f0e1b29b8956143e70d68f4267c0411e256bad05dc916708f7e2114cfe0a2b41,896461,1792.0,271.0,0.151228,1,2,223
2025-05-12 22:00:06,ac6f2104c59f8c013deaae13b11d54bc7e1f6c21228f4d15814d3bb342985632,896461,24358.0,271.0,0.011126,1,2,223
2025-05-12 22:00:06,453f0371133aa416ba92153656415b3c30f4d99a7df45d0dd81231baaeb5b73b,896461,673657.0,818.0,0.001214,5,2,828
2025-05-12 22:00:06,2e45131f4337c08e9889e53c3de8d71f2c422f090623f1ecc313010b1792b2d2,896461,13964183.0,570.0,4.1e-05,2,2,674
2025-05-12 22:00:06,ec2c73bf2f181f1cbbe50a091d99e27076080f5557e606bdb6e89f782380b6db,896461,1129874.0,1398.0,0.001237,11,2,1274
2025-05-12 22:00:06,ac15fd69ccd162cdeba48f15de250855489f1f8a0ca442b59034f491dedab5e3,896461,193286.0,353.0,0.001826,1,2,346
2025-05-12 22:00:06,ad8e7d66bcbcc659fa746136ec665f6959f176f727c0ae7f7595d586004bae59,896461,9995945.0,371.0,3.7e-05,1,2,380
2025-05-12 22:00:06,eff408f1b4793de912d07d3af49cd2106b4be946120ea9165f6f81d6a661717c,896461,580273.0,440.0,0.000758,2,1,386
2025-05-12 22:00:06,3ac9857151d4b02c313033d7213c6d81265fc0762e708e76e14cb52b2c4aef0c,896461,546.0,368.0,0.673993,1,1,265
2025-05-12 22:00:06,58b1fde3183b532d24bd29d0373041fcefeeab8d16c4f5acaba30b716dfd399a,896461,2598.0,402.0,0.154734,2,3,355
2025-05-12 22:00:06,fecca913be2419d19111d3c74d5c3f29d35aa71ffb2d1acfc60d13a4a282d0ad,896461,10378.0,420.0,0.04047,1,2,403
2025-05-12 22:00:06,91e4b5befeeec6461e50e54eb3be5570f318b3f85490f18f5e3dfafecaeaba6b,896461,540826.0,223.0,0.000412,1,1,194
2025-05-12 22:00:06,20ee4af3248adf104f86a7103342961601d6dcdfd8c5be2c37a2e4f7e63d131f,896461,44638.0,223.0,0.004996,1,1,195
2025-05-12 22:00:06,3cdd209da0a50c023fca3fb2d07f99a84a64e523d00d2cd80052bc116d2d2944,896461,49455.0,218.0,0.004408,1,1,191
2025-05-12 22:00:06,27b73dcafb8a995deb7195d20e380fe81b8240431c212c90a055c1c11ce11030,896461,7080971.0,549.0,7.8e-05,3,2,521
2025-05-12 22:00:06,fe36e835840ddfb482de9f2499ead40f13480c33343c6e37fffdd6fdab74fb19,896461,1537940.0,353.0,0.00023,2,1,341
2025-05-12 22:00:06,a2c7cdd73e8159d97766a98e6f4995f77435731cd2cb5e29c67756b76aa46801,896461,1106407.0,1610.0,0.001455,11,1,1698
2025-05-12 22:00:06,f381cb40f045405616cf524eaaeaf6deb12f42451bf40127b7a8fc75bcdc911e,896461,132259.0,405.0,0.003062,2,1,367
2025-05-12 22:00:06,d02188816301263e4922cda4bbededd4f88852f0eebef248d5b46a08638c7cb1,896461,219084.0,550.0,0.00251,3,2,520
2025-05-12 22:00:06,7ad35762ccd983e917789b41518ae0815586b0a9f7ecfe91731c575123204f38,896461,420172860.0,828.0,2e-06,4,1,741
2025-05-12 22:00:06,ac3ec224183150fda46ac025adf39e354dabed915c9d6859c1ee536c9e6841ba,896461,599996410.0,280.0,0.0,1,2,222
2025-05-12 22:00:06,d014204d0da92379aad2a3dbd46b182aa74594bfd39590244c3e12f236e9aab3,896461,135034365.0,20376.0,0.000151,150,2,22356
2025-05-12 22:00:06,ade4613334463cc523e0e50aea7a0a907d232dd85083ad59f6db7acd1fce70d8,896461,2785344.0,461.0,0.000166,2,2,394
2025-05-12 22:00:06,f5179572559c9e3c1f74147b98f34f8acfc328cd5f4707d74566d77327ba74f0,896461,1808973.0,219.0,0.000121,1,1,191
2025-05-12 22:00:06,a27fd40cae0bfeed30453a0347b257e64ad62256c4c580b4aa40c7027d5c5bac,896461,87322.0,219.0,0.002508,1,1,192
2025-05-12 22:00:06,7de1320aff200346cea2bd54286078990e28ad32f0ef0141e2d2dc0f9a659c70,896461,12834.0,219.0,0.017064,1,1,191
2025-05-12 22:00:06,adec16c8d8357b094f01ee88f6bc76128551d9a9d5847aa15510e44275389228,896461,436588.0,219.0,0.000502,1,1,192
2025-05-12 22:00:06,e6f587edae69985810e547faa720e4bfee6e7ef1d735a830750cb98f3ea17891,896461,20678.0,221.0,0.010688,1,1,192
2025-05-12 22:00:06,9c8c60e6cf8bf00315e2305270f70cf75e18bc9a0402c40f628fbd9df0216b62,896461,250721.0,221.0,0.000881,1,1,193
2025-05-12 22:00:06,174904d6f31515b9be51b208bd38e228b22b8471c50ac2460bf5074bb7b04d4f,896461,44080.0,243.0,0.005513,1,1,203
2025-05-12 22:00:06,a81ea0e0a35bfc92e831de25911b5b883fb7660337c2e69fdba37f4e2aa59b83,896461,30653.0,265.0,0.008645,1,1,215
2025-05-12 22:00:06,0f9d1f9cae743bdee8cbc34342d4c5d96b11131ae3cf4253fa5b0f7ce37398c0,896461,3944393.0,271.0,6.9e-05,1,1,217
2025-05-12 22:00:06,57f7d8ad7046befd2a4e477b089f2b8e84be47ff74a5ec4e9c7756db68c90cfd,896461,1112659.0,281.0,0.000253,1,2,222
2025-05-12 22:00:06,9297ba70ba42c06a4fe64f6825c1245f8cd898387eb9f6a2992d892668c1aed0,896461,1065456.0,281.0,0.000264,1,2,223
2025-05-12 22:00:06,dd103feec03f50e5a20b53ce43a3db6bf56cb4ef5831708f9cd2b8ed5bec83a4,896461,979928.0,281.0,0.000287,1,2,222
2025-05-12 22:00:06,b43fe435c7ffc3957774f296cf9f1074b2cbc8149eb7a370ade4f47b284a1e74,896461,1153953.0,281.0,0.000244,1,2,222
2025-05-12 22:00:06,88c3341647deca7d8e56f9853704bb1fe115e701c73c030ddab7a037da6a3f71,896461,687746.0,281.0,0.000409,1,2,222
2025-05-12 22:00:06,83529e8baafc467b62ae9087b254fe3033af89beeecb7fbf34855b6641b01f47,896461,243457.0,281.0,0.001154,1,2,223
2025-05-12 22:00:06,c225f0c867421115f374d1a979e5e495258e70d63460a650eb44314f03e41395,896461,44507249.0,283.0,6e-06,1,2,223
2025-05-12 22:00:06,edfb4a1b7ed8e09cf262d1c7b9c7ae7b9d408db72421262f71db06f2f3d17f8f,896461,2393677.0,283.0,0.000118,1,2,224
2025-05-12 22:00:06,dd153cfe94d424481bfe5f5ab39f548e23a32c8900cbbcf653a49085a765311e,896461,215307.0,283.0,0.001314,1,2,223
2025-05-12 22:00:06,7dbcb450345472bd6b5a1b0351462986a048f58d4fd1e2c45049557d5593b4b0,896461,625523.0,287.0,0.000459,1,2,225
2025-05-12 22:00:06,19143fae3d2a5c29ccd57683958935da2461f4a61ba35751c8182f70da8886ea,896461,29665.0,305.0,0.010281,1,2,234
2025-05-12 22:00:06,04db0f229dac674b2bf939aa3e7beaf34d778d6a3820fc7a064f85e524b0c58c,896461,749671.0,329.0,0.000439,1,2,246
2025-05-12 22:00:06,e628bd6cd43dbbdd62418d1be40dec694167d39a6dcbaef073b7e06d8596abd1,896461,295573.0,395.0,0.001336,1,3,279
2025-05-12 22:00:06,a35223fc35026683e471b363ed485c52a2eb775b3a9462774b7386ec05851851,896461,751075.0,415.0,0.000553,2,2,370
2025-05-12 22:00:06,c6bcc3a227fe25ff2c1ead206b6b09e2f00ff00082a9ff429f5bf3032775ba3f,896461,1387631.0,561.0,0.000404,1,2,222
2025-05-12 22:00:06,bcf969beebb7b945c7da21c0fc4c2adee8e300f53536f6c39c5a28fd793c577f,896461,1389284.0,280.0,0.000202,2,4,411
2025-05-12 22:00:06,f405db2ff13faac83fce29b49be9ff3c2204d0c63569974052f56cd5b49d78ff,896461,2257718.0,282.0,0.000125,1,2,222
2025-05-12 22:00:06,00d9c011abf6455003becb317c9dbb1eee67ceccdd382f1aec776d76f6c64cfc,896461,12925.0,220.0,0.017021,1,1,191
2025-05-12 22:00:06,b95e547d8bc6379b9453182276afaa6108a1681a3056aaf492e60e550df5d5fb,896461,2291.0,274.0,0.119598,1,1,302
2025-05-12 22:00:06,f74b6e75c8cb7f795dfa35bf5b9b02b2fcb2477a73f4ca56cdda83a3089795fa,896461,450506.0,220.0,0.000488,1,1,191
2025-05-12 22:00:06,507ec8633a7675ca0d7d01298b54ee1b082160b88254450c41db7eaad80d04fa,896461,45946958.0,336.0,7e-06,1,2,297
2025-05-12 22:00:06,e085575f66e6693860dbffd47aa7a6f8fc079f5544860a1b83391a2c4bbe89f9,896461,32217230.0,344.0,1.1e-05,1,3,254
2025-05-12 22:00:06,9fd77100f5c6a285abed4299468fa6e48595b976bdd589e36ecee81f51d02bf9,896461,1581295.0,284.0,0.00018,1,2,224
2025-05-12 22:00:06,b6f955986740afab3fd44893bc4c4ed400e50b113f10ee0fed14d1c8bdb109f9,896461,2759143.0,360.0,0.00013,2,1,342
2025-05-12 22:00:06,4e27579a9ce792bf8bf6af46d9c5795c4b8ee515833b73113d0bd35ba7a4ccf7,896461,84562.0,282.0,0.003335,1,2,222
2025-05-12 22:00:06,f4d0dcafec1f4c4a908ce6882962156c67b9fae2fcd7b6c1ff5e0ecfed5e8ef7,896461,1215946.0,282.0,0.000232,1,2,222
2025-05-12 22:00:06,d0662b275e6ad8ea53e9ff275f2474b4a002975f34fd7920513e5dc65883d1f5,896461,81554.0,446.0,0.005469,1,2,223
2025-05-12 22:00:06,a0a11bd411fc68fc9643c844d52446363cf70825e73f502954181ce97346a3f5,896461,876218.0,282.0,0.000322,1,2,222
2025-05-12 22:00:06,d29179db9d1691e63296c604fb745fc36e057571ef86993cf934aa8bb8fc5af5,896461,546.0,308.0,0.564103,1,1,333
2025-05-12 22:00:06,c747f7dadad593eec4acffc7f8808fc3db598fc4579ebaca0e0cffaa625da2f4,896461,17708.0,220.0,0.012424,1,1,192
2025-05-12 22:00:06,5376a50fa93d73a776ffc616437cf430fa9c8f8d330d18235053c1d6715f96f4,896461,13054.0,220.0,0.016853,1,1,191
2025-05-12 22:00:06,549a5c57cdb3265517abb26b571425e8602aa8ee262be0297b6a23453de013f4,896461,99999626.0,374.0,4e-06,1,3,269
2025-05-12 22:00:06,9f3246aa11b2fe13b5617fe677101f64c8f250a370203e55a8b8eab1f115caf3,896461,25869825.0,244.0,9e-06,1,1,203
2025-05-12 22:00:06,ef7d42633150c91ab4fa57efe7576d4f01c46a87115397e57d5bdb4877128ff3,896461,583714.0,286.0,0.00049,1,1,324
2025-05-12 22:00:06,0d8ff5c42bc9c429f8f3af72df29c44659900d0c076db55aa318fb512248a0f1,896461,56223.0,220.0,0.003913,1,1,191
2025-05-12 22:00:06,87c1202a82dc20de03746865afd1b7cfd36ab4fdb8eacd7b794b269af83b51f1,896461,3392.0,222.0,0.065448,1,1,162
2025-05-12 22:00:06,e4e838f9cc6c1eeaf0105a7c851fe5183082cce315cd21a801aadfbc738a0af1,896461,12055.0,220.0,0.01825,1,1,191
2025-05-12 22:00:06,ab8f3716af40c372d6ee374029b02939b36ea7c3103337b453870d39f869fbf0,896461,546.0,308.0,0.564103,1,1,331
2025-05-12 22:00:06,855303dc3d1dd4b6d364571df5c4d144b68954128634cb12e90569be82fc5eed,896461,71926.0,222.0,0.003087,1,1,162
2025-05-12 22:00:06,989e27387364ca566b24bd9635632740266293d514d91bd5866c3684b75808ec,896461,51721.0,220.0,0.004254,1,1,192
2025-05-12 22:00:06,999e3c35d46a054dcee2109c0d3fd89d780913a9e0f573e5552cfd2f7002c6eb,896461,160698.0,448.0,0.002788,1,2,224
2025-05-13 04:15:14,b96d5a908c1e2669faa4e48c484006158b42f58e0cca02335940c7c413441dfa,896496,119295.0,151.0,0.001266,1,2,202
2025-05-13 04:15:14,b80a0ca697730a9f030ca0e5665e91abba0f51b17c4ac13a628cec2b8d75440a,896496,512824.0,445.0,0.000868,7,1,793
2025-05-13 04:15:14,ba8ad949032a2949c657dc5e9ed0feb562ddb09fb1bb850b42a5c1353b52dd09,896496,42336.0,154.0,0.003638,1,2,205
2025-05-13 04:15:14,368791beef4163caf47a0dd5b73f463ce186e3c0168930c2301274c31ae73509,896496,330.0,154.0,0.466667,1,1,331
2025-05-13 04:15:14,cc33e7396e5449fc14b044242b993e9f3161a58e82720f220729b84b10151017,896496,116459.0,541.0,0.004645,1,11,592
2025-05-13 04:15:14,51a83f1b106b00c2150bc393be9892a6b0bf16b753609f2dbea3f24a26c51709,896496,264403.0,151.0,0.000571,1,2,202
2025-05-13 04:15:14,53d73155d1da55d2cc383951d8ba53e96e84a76e58d4506791b8dbf71410c34d,896496,264554.0,151.0,0.000571,1,2,202
2025-05-13 04:15:14,b2921242bbca4e3de13e32f913c577de2b007e3cdf7dd4c3e29f136a3134c35f,896496,264705.0,151.0,0.00057,1,2,202
2025-05-13 04:15:14,c2a3642867053b1773b4b5bcbe659ff00f79cf58a6d41c3be57a042948796ba0,896496,264856.0,151.0,0.00057,1,2,202
2025-05-13 04:15:14,a5bd214df99e2c645c8bc6956d6e76a691d330c8158747cca05b72f7d0392867,896496,265007.0,151.0,0.00057,1,2,202
2025-05-13 04:15:14,77837a5b840a05345565ff774911986eaac4a7e0f53b7b16fe8bfe47d1764713,896496,265158.0,151.0,0.000569,1,2,202
2025-05-13 04:15:14,09c4f5b99d321d0212119d337e3310f318ce5fc9c26fdf8d9fa5522a689ca4f7,896496,265309.0,151.0,0.000569,1,2,202
2025-05-13 04:15:14,9c483c55b11521b2083697eff2948ee142d65ec5dbfc20d0bcf7d92235830c89,896496,265460.0,151.0,0.000569,1,2,202
2025-05-13 04:15:14,ceccb645f0da651aaf477aee7f63c7f275fb973b63196b6082509b2a4b1824a5,896496,265611.0,151.0,0.000569,1,2,202
2025-05-13 04:15:14,52f233240918670dda82ddff877bec5355b0a82760f65f9367bc7f0928e85341,896496,265762.0,151.0,0.000568,1,2,202
2025-05-13 04:15:14,12b6cd4465f3cf7f34cba243515e4107f98f82798d619fbba02329a3b48da7fc,896496,265913.0,151.0,0.000568,1,2,202
2025-05-13 04:15:14,5cb7fffa3ce21f55772ded1cccb522829821c3002720cf3b1694ae982d0af4bd,896496,266064.0,151.0,0.000568,1,2,202
2025-05-13 04:15:14,a7e206b8740375654a9416798090fa0215e2a3650cceb45a619b5b7f78dac7d6,896496,266215.0,151.0,0.000567,1,2,202
2025-05-13 04:15:14,c4160373517a94afcb97f2d7f275bb31efb402966ea8263e9f45424c97345308,896496,4077848.0,99.0,2.4e-05,1,1,150
2025-05-13 04:15:14,5ec709da47546427aba573571fefedbc667cb86d735bd9b3d26219025cb1ec07,896496,546.0,152.0,0.278388,1,1,323
2025-05-13 04:15:14,d0ea35f9b9f71159be13b6671e3ccbcb1a799fe7c6124b9e3eaa0eb86fb5cb2f,896496,52496.0,154.0,0.002934,1,2,205
2025-05-13 04:15:14,0a03e39283504ba1acde0d83c51692bcbb5c70fe3c0c47918b08fc60812edf07,896496,546.0,152.0,0.278388,1,1,323
2025-05-13 04:15:14,b71f9206cfca1fd21131e9119acc2acb399fb22a6b8a998a3e32037e3f5e5fc2,896496,39856.0,154.0,0.003864,1,2,205
2025-05-13 04:15:14,298b3a0e3a69c8f11cedfb9d33ba472ef71e99b16f1dfa29a969433b41b1b907,896496,119446.0,151.0,0.001264,1,2,202
2025-05-13 04:15:14,689070db18079fc379fe1d49c5432ac10f9816e61e37eb40b0701997a61f8e93,896496,119597.0,151.0,0.001263,1,2,202
2025-05-13 04:15:14,09ae7987550c1ad4eb1ee0c20d6fd8fa48d83a4ea39f88d67dbcef6f0d94c308,896496,119748.0,151.0,0.001261,1,2,202
2025-05-13 04:15:14,3b8e7cf5260d7e58c54a39d2702aaeb920801961f6b77b86b05ae68106741090,896496,119899.0,151.0,0.001259,1,2,202
2025-05-13 04:15:14,69137d0d72cd2b9b98aa36dfbb4c5dffbe4031a047bd865d828e96e0c9454218,896496,120050.0,151.0,0.001258,1,2,202
2025-05-13 04:15:14,f05a42814a61e8a6460986183dd5ca5b80659cd68df68b4fb0fd3d9b1311b748,896496,120201.0,151.0,0.001256,1,2,202
2025-05-13 04:15:14,f1ecf914775e0c8cc7ff968f09f681e23e2969c305a4e0d18b82e25b391eaf07,896496,236272.0,212.0,0.000897,2,2,312
2025-05-13 04:15:14,e270b11455595c1834ba402799e3052980b29bc54865532371a7e7df7eddfd85,896496,236700.0,212.0,0.000896,2,2,312
2025-05-13 04:15:14,657c68ced754ece01114629eab6419863f88b63f50c8846e2608abb65ba7df95,896496,237128.0,212.0,0.000894,2,2,312
2025-05-13 04:15:14,3f884f9feda27c7c3bfd72b0b16effcc18b7e6ca095bacc908e1039e44ff42b0,896496,237556.0,212.0,0.000892,2,2,312
2025-05-13 04:15:14,94fd9f3433d255a7a7110e81be393e1cd98b59d82ee794d477413f925fba6ae3,896496,237984.0,212.0,0.000891,2,2,312
2025-05-13 04:15:14,0c060ee404a674466999a08a8d1b56e499e048c05873b259de025ccc7b8f4c2b,896496,238412.0,212.0,0.000889,2,2,312
2025-05-13 04:15:14,e177557c281871c4edf876680fb18ef83f083767a1f9d95a0c1c6f86b73601f5,896496,238840.0,212.0,0.000888,2,2,312
2025-05-13 04:15:14,5c63aca16effe2d99799dc9ebcebba5c858cbf86377ff2b9a5d73e58f3c67a07,896496,546.0,151.0,0.276557,1,1,322
2025-05-13 04:15:14,41a805b69b53c5d014ea5d1b3a6d32a37c00b6be53261eb570dd1f4ed97e00b5,896496,485913.0,154.0,0.000317,1,2,205
2025-05-13 04:15:14,cd959543e6b173e5608d561ac2c4d0708df69264b22bc7354d80a613d6396c07,896496,7146.0,154.0,0.021551,1,2,205
2025-05-13 04:15:14,f412d43349e1fe4396e9384e491965377482a29f03842f31b2b59baeb706ec06,896496,1311.0,99.0,0.075515,1,1,150
2025-05-13 04:15:14,ca87a671150832a2d3296e9981b5f1316fe74bd584b3632776cf68a974b8e506,896496,10911190.0,257.0,2.4e-05,2,2,420
2025-05-13 04:15:14,af90973d1dd74da7881c662424386a1133e831107e83d61598d2ca40e3a4e406,896496,330.0,152.0,0.460606,1,1,323
2025-05-13 04:15:14,8d039893e4e990357d8176aa38d8fb4db2dadd06a99a5025acffd8c14f3e066f,896496,16703.0,1143.0,0.068431,1,25,1194
2025-05-13 04:15:14,b1a2f0d1b4cd067962f873935f2d2794d818ee22417306fa56b2cbc03b19d406,896496,1743258.0,145.0,8.3e-05,1,1,227
2025-05-13 04:15:14,0410ed80257d322e1ea0f0b997a07206adfd59d0f8d2c5d6c3bb24ef70957306,896496,546.0,154.0,0.282051,1,1,332
2025-05-13 04:15:14,0e54cc136119bdce264f882da506eb15a060dae60443a61fb658e1ed9a71b377,896496,116846.0,154.0,0.001318,1,2,205
2025-05-13 04:15:14,f5a0ec4d3a64cba2c1a25617ddbc5e67e3b146b9aacbc538223a8a5f155dc704,896496,242243.0,344.0,0.00142,4,2,666
2025-05-13 04:15:14,7f3ddef02320d5dfb340bc58da45d85ff48fd200a5b766e1df7e271764d47504,896496,1213229.0,277.0,0.000228,3,2,521
2025-05-13 04:15:14,2ab74ef38a1f3b1e5db96e57fc01bf0821fa50bb82d45a9c22d9a8f525446604,896496,1012518.0,268.0,0.000265,1,6,349
2025-05-13 04:15:14,20589817d033e484dd343e3dc739c8d5d06fff48cbb951219843fe751a27d003,896496,562604.0,169.0,0.0003,2,1,269
2025-05-13 04:15:14,d4d194a47b6fcb146e0fdae7c5748af5697b5f051a2a699f213eb65250d86203,896496,2246.0,154.0,0.068566,1,2,205
2025-05-13 04:15:14,a492868ac22a764d562e44cf100cd662f523bb3d8483195a2ff1d280a958ee02,896496,220517.0,110.0,0.000499,1,1,191
2025-05-13 04:15:14,ad10d866e8bac1c846f3f9fe7997ffbfbb724005261a766455e443216250dd01,896496,135404.0,212.0,0.001566,2,2,312
2025-05-13 04:15:14,8103a6e1194874e0f5927fc0bb0f4c8735cdaee62a2a6ef4e5d13ddc4d3dc917,896496,135832.0,212.0,0.001561,2,2,312
2025-05-13 04:15:14,4953f2637bcf536051b81af2981b248a78fd15f896f0722cfe0be8529a8d0ac1,896496,136260.0,212.0,0.001556,2,2,312
2025-05-13 04:15:14,c7ad694e925e917f1d35ea85e267099993de95b3c29a58774b08cea98eb54f2a,896496,136688.0,212.0,0.001551,2,2,312
2025-05-13 04:15:14,66f675947a5c151a2ba8e9e3983ddeb8bb38b009d6737015a48079e76e2b3599,896496,137116.0,212.0,0.001546,2,2,312
2025-05-13 04:15:14,72e00b83718316eee5cc22225150b1f06fc11afcc490bd3fccec25db7715af32,896496,137544.0,212.0,0.001541,2,2,312
2025-05-13 04:15:14,f1388403d6433ef56ca0f1b4e81fcd5ab9f00678264f453f95414c56f5e8770a,896496,137972.0,212.0,0.001537,2,2,312
2025-05-13 04:15:14,7791771e20da1766aa136d0e8c9776e16916e012b5d37f4d9f454c5ebd89d1b0,896496,138400.0,212.0,0.001532,2,2,312
2025-05-13 04:15:14,b9ea4bd793b67fa0dd513c83ac235d548cf8cf25bee50681d83367ff761b9d01,896496,51965.0,111.0,0.002136,1,1,162
2025-05-13 04:15:14,524e4aa15eb70533aefaed227e8d0b361f471f0db56353a0bec564773aa18301,896496,120352.0,151.0,0.001255,1,2,202
2025-05-13 04:15:14,122d7d5666ecdd9ca45b5c0fb7747ad7ed1a479f3f85fbbf1192b9f915038093,896496,120503.0,151.0,0.001253,1,2,202
2025-05-13 04:15:14,bdac7826817b5f24090293f9b919a11a109c4a9e812642ab95bfd94d6cd88201,896496,546.0,154.0,0.282051,1,1,331
2025-05-13 04:15:14,58739c47796d851294806c04c033f77026f1d86f6073e176edb4e86a7269617b,896496,20849.0,154.0,0.007386,1,2,205
2025-05-13 04:15:14,441aa6f47a618baf884fe66048bf2af90909d914b1145f106f71acd3e7465e01,896496,257568.0,99.0,0.000384,1,1,150
2025-05-13 04:15:14,dbaf2975f791173052d668fcefae8175b9645c8b49ef1b4efe18ecabdd4f0601,896496,47689.0,805.0,0.01688,1,4,450
2025-05-13 04:15:14,e26526de4a39f40355ddf860d99dd8ce84f506e892f62449bf649211044cd000,896496,358055.0,145.0,0.000405,1,2,196
2025-05-13 04:15:14,623c19a310d3c2193cc9131016fe26857e776d9deb1e5770a0029901641ac000,896496,1220210.0,282.0,0.000231,3,2,524
2025-05-13 04:15:14,f298f66111612c6652f6844e7f93ace5d913254c8c497064980222babfc39400,896496,357046.0,154.0,0.000431,1,2,205
2025-05-13 04:15:14,ec54a797e20419cb98f60209e38ebd89c41d117c60408bf838f166b8f850a194,896496,130965.0,34035.0,0.259879,500,3,74346
2025-05-13 04:15:14,058669ceaf49986667ab2b01d43c8b7c23758fd9ad6d3b34728612e99b0d31ca,896496,2050695.0,1522.0,0.000742,10,1,1520
2025-05-13 04:15:14,a1266337c2c4e55640cbbc1aa954aeb639d67536bc41ddeb6060263a4f61a119,896496,1177920.0,223.0,0.000189,1,2,223
2025-05-13 04:15:14,d4333c4c73df82fd457d0632d416807d2d0292efaecfda6263b0715fe37a0b96,896496,4968324.0,859.0,0.000173,12,1,1829
2025-05-13 04:15:14,17a14e55277bb694a9e15e8e8796fe54f9c2004e6ebe54b5df1a924dd90dee8f,896496,5955.0,803.0,0.134845,8,8,1447
2025-05-13 04:15:14,eca0599bca38bd2758718ed94c21a1bde29fd04896974bf4151970085e487d42,896496,37140220.0,686.0,1.8e-05,9,2,1413
2025-05-13 04:15:14,23d1108652257616baaddeb5e41142ea6bcd81685d75ffe596c0a0d7f3c2ae31,896496,89841.0,621.0,0.006912,2,12,752
2025-05-13 04:15:14,9aab94eeafd1b32c3778263bf44cba82df90c57fae564111f37ff52467f5df5a,896496,1008347.0,210.0,0.000208,2,2,371
2025-05-13 04:15:14,89e48f2b5620c8d47e24f4a9e900b043fc8790b769b5f530ea7278795aa9338b,896496,1107555.0,221.0,0.0002,2,2,384
2025-05-13 04:15:14,6c8011166d1f68e46b62646a5d8a34820143fa12eb4c456bc951e0372c2c4e5a,896496,1219662.0,153.0,0.000125,1,2,235
2025-05-13 04:15:14,f7e73d9f6e120d575ed0f7265850510c3e935222f570665841a2b0713a6af3ca,896496,55463.0,1742.0,0.031408,25,1,3756
2025-05-13 04:15:14,32a960e868185bbb3e04d62f52076db484b5c21937df6f4c883c831d3bcbccf7,896496,18059480.0,5415.0,0.0003,79,1,11776
2025-05-13 04:15:14,32e373fdf25f223d554febba89db49a8e6f9a88431990583c0130b136c822c19,896496,2124429.0,481.0,0.000226,6,2,965
2025-05-13 04:15:14,ca311d68ef4987a4867f6304971d8e09af96d8796d6815cd1abed2c7aaba75f0,896496,686188.0,450.0,0.000656,4,2,772
2025-05-13 04:15:14,97d88bf6fe68b1496986e38dce377ec22bcf7aa2a9a1f60f0eef1de733a7c0d7,896496,2024291.0,382.0,0.000189,5,1,783
2025-05-13 04:15:14,e6d323d55b8fa6a341b5c3e35939d17d51cb194014bf5ba56049757a2f98ab80,896496,330.0,154.0,0.466667,1,1,328
2025-05-13 04:15:14,6af79bfd911918d7b4cf4a65f82eac9a19bdfa16ee69708b437f1a2cb79115f8,896496,1687317.0,154.0,9.1e-05,1,2,205
2025-05-13 04:15:14,3f859391d7757b4f844a0eb2eef617e6c24eb20f7dd553c631a5324e94633706,896496,2311223.0,292.0,0.000126,2,4,391
2025-05-13 04:15:14,4f5b57f13eb5044c606f59753222cc836acdd1d4da91a21e2a146a906b0f0b01,896496,2495439.0,292.0,0.000117,2,4,391
2025-05-13 04:15:14,d8919fc0f02cfc4da05627a8f038b668be7dae09a38c13f0944d5b5824618daa,896496,113137114.0,287.0,3e-06,2,4,417
2025-05-13 04:15:14,0cf9f7c36a2ac1642f24b0a5a56260c8ad3eec89a502c4c12578546cf80dc2d4,896496,1295501.0,572.0,0.000442,9,1,1047
2025-05-13 04:15:14,d96534ff855dca91501928e970aa0d20e1e5cc345fb29ae65318f5266c0247c2,896496,39135.0,285.0,0.007282,1,2,284
2025-05-13 04:15:14,b6019726167f1cf26c0cb745f3edf04da62babbb6bb2a7a22c2bf919b33666be,896496,49185.0,285.0,0.005794,1,2,284
2025-05-13 04:15:14,f0d0a666fc93e6820800aee91d94470b25bbaf5c12f0dfe57326c3b467fd27b7,896496,41865.0,285.0,0.006808,1,2,284
2025-05-13 04:15:14,9a516697764539b682cf3066d6d4956aec14292b996dff958898511ededb3fa7,896496,3054871.0,285.0,9.3e-05,2,4,384
2025-05-13 04:15:14,5bf87c5f2a8241d8918408dc02cc4b7d68e8c45970725855ceacedef58349d65,896496,39420.0,285.0,0.00723,1,2,284
2025-05-13 04:15:14,883383807bf8752364b2c525d01588d249d74014fe382c206a80a181851e4746,896496,49470.0,285.0,0.005761,1,2,284
2025-05-13 04:15:14,a0d21756fbc3eb886fcd998dbd04ec7a90758f3ff138fd64fa30698ce29ad736,896496,975311.0,285.0,0.000292,1,2,284
2025-05-13 04:15:14,d05f1928c8f704120a78ade8a34eb20fdb2420f54494126735f6a74974dfe0b6,896496,975596.0,285.0,0.000292,1,2,284
2025-05-13 04:15:14,dd4bc80cd57c8a7d3c65b13b90d8b2bd8ee91eca624bc09abad659f9a7d28205,896496,46620.0,285.0,0.006113,1,2,284
2025-05-17 10:23:47,2ce488d6dd059f0749b80b5f69fa91e6cff1991e12e35c932d69616caf6dab77,897086,19810.0,836.0,0.042201,2,2,371
2025-05-17 10:23:47,875880ea611984234d016895cecef47dd1110cd2c8306512786b9991be814277,897086,1932656.0,444.0,0.00023,1,1,192
2025-05-17 10:23:47,b89e7817d5e8aacc2c0bf71c4a4ebf1db168338fa690ae08c1296ba5e5a75376,897086,46360.0,440.0,0.009491,1,1,191
2025-05-17 10:23:47,19f59bf7e9b325eba495852e28d15dcbd7ac76ae4fe4497264ab3fb5c4ccec75,897086,203402.0,564.0,0.002773,1,2,222
2025-05-17 10:23:47,16586a7819040183447b5d497937d58cde9a3ada04a17b533fe928f1e9801372,897086,208243.0,576.0,0.002766,1,2,226
2025-05-17 10:23:47,6052e8efb9364876d01a4c45556abbf6de2c7293db70a80e37ddef11e0e64a71,897086,181609.0,840.0,0.004625,2,2,372
2025-05-17 10:23:47,dc859930b135cb4b58dd13a3cc72718bffe57838d919c53bf4e2adf13877916f,897086,107407.0,564.0,0.005251,1,2,222
2025-05-17 10:23:47,3418d52f51c9878bbd28b7964d79463cf085965101d4a02b99406c72c29e2468,897086,35332.0,564.0,0.015963,1,2,222
2025-05-17 10:23:47,ebf7e44b924f6b40ef70d302ebfb3140f8520ec89eb6e514829998806c573b61,897086,25802.0,440.0,0.017053,1,1,191
2025-05-17 10:23:47,2740b31b03b5746cc2c3beddc9867daf18db8ffdcbf1c593fdf82de9853e2c5c,897086,64839693.0,660.0,1e-05,1,2,247
2025-05-17 10:23:47,a76b83ad6bb67bfb2fa7d6d9d572eb8d699148d8c5e6f0d070bcdec3444e4959,897086,13881.0,800.0,0.057633,2,2,300
2025-05-17 10:23:47,4368ed3fe781c89fe610b5792ffaf04b0c9608d4215dd7f93c9aa7c4ac7fc458,897086,48499642.0,564.0,1.2e-05,1,2,223
2025-05-17 10:23:47,f98964c74d4548b223f57038df340e88eb3ace2504b3df452308ae3b10a35bab,897086,51500206.0,840.0,1.6e-05,2,2,373
2025-05-17 10:23:47,98793887bedad49fd19d23b94a47a251d6567640d26934e6a04a394cb2c6fa57,897086,6200186.0,564.0,9.1e-05,1,2,222
2025-05-17 10:23:47,6e5d401c2d682550ee6a96353939c1d6a6bb066f8fa87e9b40f2ea33b4d0ef54,897086,111312.0,1928.0,0.017321,3,1,482
2025-05-17 10:23:47,6e4b8f7129bb97d3d12f16df419a28608395eaf1a2367b8b2365c07809f69d54,897086,37102.0,568.0,0.015309,1,2,224
2025-05-17 10:23:47,878fc456ff2ebf8e2f953d03a650e99a2dc9e1961ada4ba279f7a16e63deef52,897086,936188.0,812.0,0.000867,1,3,284
2025-05-17 10:23:47,e25e0d75f2640be85dd93496e62d369ea0d8753d9251c6c2e8b4e22604964b52,897086,19998929.0,612.0,3.1e-05,1,2,234
2025-05-17 10:23:47,0ff3aa7c887f5d9052d653a8ceedab07958cfa0bdd53420e5bb59adf0331084f,897086,827265.0,848.0,0.001025,2,2,375
2025-05-17 10:23:47,1861ffb0320729009e5397bfeb265b14dc2bef1609d463d88c6c8b6dd229414d,897086,278377.0,568.0,0.00204,1,2,193
2025-05-17 10:23:47,d4a2c300602f120afac97b0e190ec8c9a03fc5db57c9ffd4b584593703756c49,897086,16937.0,440.0,0.025979,1,1,192
2025-05-17 10:23:47,2a16ad1fde9fbb9d818ac98714a654e31633ed5ed2a206453e63eeb99655e247,897086,114370.0,612.0,0.005351,1,2,234
2025-05-17 10:23:47,3bb2373cb7828880bb2cfcc0c67d4bc7ddec3eb0a1f1ff51c2a2c90c06358243,897086,242892.0,576.0,0.002371,1,2,225
2025-05-17 10:23:47,1e65b5bc59f46bcdaccc70891b305aa1bd47dffcbaf5b5417eed35e6750f1143,897086,35133181.0,564.0,1.6e-05,1,2,223
2025-05-17 10:23:47,1cf4ade3ccaeadfe551365eba217e13371424d96ce34aa1b57e9d751c8fa8441,897086,114902.0,892.0,0.007763,1,2,223
2025-05-17 10:23:47,d920c711d153b16a0f1280697c624e54c13b55e2b13b40e6fca9b61423ac1740,897086,254470.0,576.0,0.002264,1,2,225
2025-05-17 10:23:47,151c89a6c7ecd38a22977ca475fb164b8d7fc7bf53f38fe5b988767d21debe3d,897086,1643262.0,396.0,0.000241,1,1,150
2025-05-17 10:23:47,15a826699b1bbd6c313c5c21bb43a2ddea22ff8b0e425366e07648d26294473d,897086,2096248.0,568.0,0.000271,1,2,193
2025-05-17 10:23:47,687a410bcf35169f866e5d9b6b8bfbfa9a2a81efb4dc6d0bd7efb3fbb5ee333a,897086,132592.0,452.0,0.003409,1,1,194
2025-05-17 10:23:47,9fdad17b023c9a77c1fec94a12323f62e07824a5fa670140a1252f5a49531739,897086,22556.0,444.0,0.019684,1,1,162
2025-05-17 10:23:47,c22670af5f939ed574a593f9087d63839159263fe4c6ed1aac30b34711342335,897086,170918.0,836.0,0.004891,2,2,371
2025-05-17 10:23:47,508d015b1d224ea5bdc8751536bff2a2dd489f9073385ac6b757ee4e72292d33,897086,15096826.0,576.0,3.8e-05,1,2,226
2025-05-17 10:23:47,23a5d42a3435aa206c9149fa7995ebad6f4851f0da57022d6adc20dd4dabd831,897086,2523280.0,564.0,0.000224,1,2,222
2025-05-17 10:23:47,c0953ca236de7c1df8be242ac9257d7565e2987ec57f44490ec06d84a7dcdd30,897086,83904.0,564.0,0.006722,1,2,223
2025-05-17 10:23:47,6040c028e373e28014ae58e33880bd6c3d165b82f37a014b1eeac96135a68e2b,897086,729052.0,1424.0,0.001953,4,2,678
2025-05-17 10:23:47,bcdc0cd2eb00942e78f0701aee4cce124fd091a3426af746283c45de922bbe25,897086,2384007.0,576.0,0.000242,1,2,226
2025-05-17 10:23:47,21f6fe9cc1a2cfd81013a20d6b42bd26997f5ab32c6db7d8f3c26823fe092b24,897086,121713.0,1108.0,0.009103,3,2,521
2025-05-17 10:23:47,a414b666a8ee4306f9f7adb17545a6fdee71708010c9d2ab539f944d676e5323,897086,54521.0,576.0,0.010565,1,2,225
2025-05-17 10:23:47,21cf861edbcf3a3d6935e102fca9f64775c215d2ab9d06a8768c3f8619ce6d22,897086,562233.0,440.0,0.000783,1,1,192
2025-05-17 10:23:47,70ba4378084325bf3a4a67713aa9205db057f0e2b581f46a940d4e5fd2a3f020,897086,4999560.0,440.0,8.8e-05,1,1,191
2025-05-17 10:23:47,8041569502103a6d1904df466e39d39114fd5be410359dd0402dd85cb9a0181e,897086,589490.0,836.0,0.001418,2,2,372
2025-05-17 10:23:47,6d3b78dc820bc92b7bd91ba3b1dc7ece95551be4929d15b9a7adeb15baa4a219,897086,49336647.0,576.0,1.2e-05,1,2,226
2025-05-17 10:23:47,e8c73021dd5da8d6bda2edbc2704892c07e108db118eb3af3fff1587f4865b19,897086,10602.0,564.0,0.053198,1,2,223
2025-05-17 10:23:47,69e836edd38b9aebb3e286870fb17cc3ff7228b4f1c55e074ba9e8d3d2f7e114,897086,24984.0,616.0,0.024656,1,2,205
2025-05-17 10:23:47,97a6bd3df89ea81c2cb0145477413f35f99d670bb30fb9172205653b27ddc514,897086,233458.0,576.0,0.002467,1,2,226
2025-05-17 10:23:47,6f4b24f61799dc2a456047ebb692c15873ab5de4a98f5279ce59b5fede7f4912,897086,24590.0,564.0,0.022936,1,2,223
2025-05-17 10:23:47,c1df5784dfd3b03394751698fe72824432ecdce0c056da35de4f23267aab0111,897086,249436.0,564.0,0.002261,1,2,222
2025-05-17 10:23:47,b06867032e1b968ae46da90a76a24ecacf4773dd4d6b4cdda5d039af2a5ce80f,897086,24527.0,396.0,0.016145,1,1,150
2025-05-17 10:23:47,09d5a3cd302ad53badd6581bd3d938c1e73159712624243488966ce08ec2d70d,897086,213698.0,564.0,0.002639,1,2,223
2025-05-17 10:23:47,844a91f12c922f247aea0d7f8909a97fdc2e1ec2df51a0058bb2a8a3be4b8c0d,897086,1479011.0,724.0,0.00049,2,1,343
2025-05-17 10:23:47,bbefdcc42e4c38dea1507c5ff5a019056ffc19bf9415b023029f96a579370e0d,897086,195379.0,848.0,0.00434,2,2,374
2025-05-17 10:23:47,8614e87167d4a39bcb9e15b7da1eacb395faa16bec95f70a96c15546a252b70c,897086,140280.0,444.0,0.003165,1,1,192
2025-05-17 10:23:47,432c992f922f4849ff47dbbdd3c4dc1830dbf6e3a696581236403ff23ab18a09,897086,362458.0,612.0,0.001688,1,2,234
2025-05-17 10:23:47,dde3c2628b2c9a61389205804ff1307a5a7c9557c2d827d9dd0a4b3be1962109,897086,1927289.0,440.0,0.000228,1,1,192
2025-05-17 10:23:47,0d80337322cbcc570a5480be754af7c3b484cf39f04b9faeb1438460319bfb07,897086,304244.0,848.0,0.002787,2,2,312
2025-05-17 10:23:47,f0c69487f247810be032475deb248bc10f64616aaca9837cb7e8c570d6449300,897086,1802638.0,396.0,0.00022,1,1,150
2025-05-17 10:23:47,7410b278e6d1a68a8e1fe4794e0d0a6e4cc8b6604859588c55f7e22fc2d16dc8,897086,855364.0,10920.0,0.012766,22,28,4262
2025-05-17 10:23:47,ac4c39947ab3c5f40561942a342bf0af5563befba42e344c8a44b3487a71ceba,897086,496684.0,1816.0,0.003656,1,11,536
2025-05-17 10:23:47,be4669de4d68e2fd2004e805f2df4bb51ebb394278714388c20216738d018a22,897086,1046919.0,14784.0,0.014121,31,34,5884
2025-05-17 10:23:47,1569c17163d869d7c7e6a8529158754b7aaa255048d910bed6f82f6f66e8d7a0,897086,126453.0,664.0,0.005251,1,2,247
2025-05-17 10:23:47,607f126a44f9e000d4f5141237a102e11e89970b754b226f1fb848e2dbebf52a,897086,172990.0,1816.0,0.010498,1,11,536
2025-05-17 10:23:47,b0ca322480ca2f84b65dcdb774e8dc339929e3f62b87f603ca2afa4214f23828,897086,71750.0,617.0,0.008599,1,2,205
2025-05-17 10:23:47,faf1a4188f374cc01c00942889dea721f24555c3765d6dd199b9c55168b2f9fd,897086,391396.0,565.0,0.001444,1,2,222
2025-05-17 10:23:47,251412e339e1a70cac70a74102505fdf4dce6e00652fdfaf46b731be4316eeed,897086,16820.0,17032.0,1.012604,62,1,9248
2025-05-17 10:23:47,30ad2878758663f31998b2f7e3d6c4c34f0ee0a9c1aaec90cd1ead120d9912df,897086,2549600.0,1700.0,0.000667,5,2,826
2025-05-17 10:23:47,ee44dec4d98408c656be3d14db6ca04dfbbe9ae4c86faf154d15b89e62f31833,897086,841818.0,846.0,0.001005,2,2,373
2025-05-17 10:23:47,15d2a65bec54099aebeb39ea11a885e3a30342e46f996fea307e196060ef1c9f,897086,484213.0,1664.0,0.003437,5,2,820
2025-05-17 10:23:47,5020f86c2eba79fcaaf7d0322b136025a7882d49f82154bc65c6cb3e73d6a556,897086,1047766.0,1652.0,0.001577,5,2,815
2025-05-17 10:23:47,2c2c50a5cf340a2ac525bfec170bf7582b046c87cb4194b1f3264fde303a4d07,897086,51863125.0,1496.0,2.9e-05,1,2,373
2025-05-17 10:23:47,63f4f48c6455a1ec34c4e14bcf1d4d127ff0b4e9e68700073f225c45cc496749,897086,47739.0,1364.0,0.028572,3,4,552
2025-05-17 10:23:47,e3cac3410fa30d4b52b426114bded4329d7dc45e3980aa3e2c38f14c6743070c,897086,23277.0,899.0,0.038622,2,1,386
2025-05-17 10:23:47,416bcf056d87ffbaa4e1cd929c4934c9694a7d9dd81671dab86fc76c45b38668,897086,516067.0,1124.0,0.002178,3,2,523
2025-05-17 10:23:47,095d8486f23edb753e24d841f0ca87bc4714c2ba6c509305ae48367804812a45,897086,1198268.0,1108.0,0.000925,2,4,408
2025-05-17 10:23:47,de118d499e0b5ba9e5a673a63ede04a15513312342f80002b6052ecae99d2814,897086,4129974.0,1108.0,0.000268,3,2,519
2025-05-17 10:23:47,ba23a9fbb2d97b14b7d88e5ff256123b636d853c4862b888e1aa56f2d26f3855,897086,37090397.0,1072.0,2.9e-05,2,2,429
2025-05-17 10:23:47,ff0d5ec8b2f5eba051078a6d1e65aaf112cbac84b20edbde1804c855281b37ab,897086,1001611.0,1032.0,0.00103,3,1,500
2025-05-17 10:23:47,890cadbf0402d9ddfa6a98b62d6cad5815592f7d99ef0d5f40ad8a51db1df2d6,897086,35119549.0,7132.0,0.000203,1,52,1857
2025-05-17 10:23:47,7f452a8513bce49862be87abf3921e25043fbd9da7a75d9afba6b36d731e867e,897086,2426508.0,988.0,0.000407,3,1,488
2025-05-17 10:23:47,2a7da8a7e58152fc65ae596cb267c770cb08fb0d0a803dc070f22a77c07750b3,897086,6306597.0,3712.0,0.000589,13,1,1974
2025-05-17 10:23:47,3d4b95c63bb7d245cb720582b58fad07e0b2f16673792f924fe49327f9be4339,897086,22962.0,896.0,0.039021,1,2,223
2025-05-17 10:23:47,4bbd38159576d1b51d761f10dc010139a6a71f8661d1d7e2ac091166302661b2,897086,151294.0,892.0,0.005896,1,2,222
2025-05-17 10:23:47,62e3439e9ce178b4730892b20167b44ca7e769518e4706ecd07723fbeeb48443,897086,246195.0,892.0,0.003623,1,2,222
2025-05-17 10:23:47,9346b0b3e22dc12b46dedf4b1299cb7d5a55823b37d8d10e782739a3d5debe2a,897086,8680307088.0,892.0,0.0,1,2,222
2025-05-17 10:23:47,ee5971d1bf2b1c8b9223203087f4f82c8c5af82ea735b11903e0e0ec079902a7,897086,281284.0,840.0,0.002986,2,2,371
2025-05-17 10:23:47,ecc043b30d905186fa22c8291d0d60ab682987d45d1826dc792d1f5898c94993,897086,42448485.0,840.0,2e-05,2,2,371
2025-05-17 10:23:47,a31de8b42e270a5df75d6276d40bb19da9ee95e363674ba57028561eb7ca906e,897086,120841.0,836.0,0.006918,2,2,370
2025-05-17 10:23:47,e9b975240aaf1fa63248b1744634a1a784f7eb1957923ae65eb9d253488e0ac4,897086,1401522.0,764.0,0.000545,1,1,190
2025-05-17 10:23:47,5a5dd84540d12fdc62e76cdd23e102c24258eb82b9503b956ca5428dc1c18259,897086,23294996.0,764.0,3.3e-05,1,2,381
2025-05-17 10:23:47,c4776f57b6bd45b4404aa2437f8482e676afb206bf2fdc634f289ece97c960ba,897086,47135.0,760.0,0.016124,2,1,351
2025-05-17 10:23:47,a407a6f78338286f6b71f162356994647d8fa71dceb302d1e515e409649fce4b,897086,5053895.0,760.0,0.00015,1,2,380
2025-05-17 10:23:47,e296db41872d98f01f5f9640bef2e2d7633dc11104030f569a09c1e46daf9945,897086,168743.0,1360.0,0.00806,2,1,338
2025-05-17 10:23:47,bdf351eb507427a5abca9095617f2fcd6439288d9b145f19835561f897d62744,897086,3388306.0,2350.0,0.000694,8,1,1227
2025-05-17 10:23:47,60ab324156b91433a9aa76c1a2cb0624bfb318ed049b75dbf56cee0394b5bc77,897086,22583759.0,833.0,3.7e-05,2,1,422
2025-05-17 10:23:47,dc22f2aed3cb33b11dfc192eecef7eae01726d58543479e10039aa1e6befbf27,897086,278466.0,833.0,0.002991,2,1,421
2025-05-17 10:23:47,4e5532e3e3d3a0b65f501352926c15a251b9dbbe9e4638974215df3587bb4893,897086,1167237.0,620.0,0.000531,1,2,205
2025-05-17 10:23:47,c115ac3518547d8d2f4bb0718cdbc7bc6e2e50cdff55599e253da7fa7870001d,897086,683163.0,616.0,0.000902,1,2,234
2025-05-17 10:23:47,8388b80d46a42f0709da6d7c209f6ea18008c467e7c14e77ddb8d987717a5115,897086,2609409.0,1228.0,0.000471,2,2,686
2025-05-17 10:23:47,f62faa1500e7cf494d6925bccf627ef5adb6a01559e2b2cc7ead0d1955c8d862,897086,101734.0,564.0,0.005544,1,2,221
2025-05-17 10:23:47,0cda73167a50b638b2dc6532f62b400fe462ed9193284abc8e3d1547f86fa1d4,897086,107674.0,1608.0,0.014934,6,1,697
2025-05-17 10:23:47,957ee6b935c8dfd43fa05640fcf9fe0216ea75296525a098e8034846b6bf2e44,897086,164776.0,528.0,0.003204,1,2,182
2025-05-11 15:51:25,000a2aee691ca01f280e94daa874e1417b4599684da51f24904f6aa97ab3d355,896277,510467.0,172.0,0.000337,1,3,253
2025-05-11 15:51:25,32af0187665693fd7ab523ae4ccf68a1a7caddda8e69b6784c07127bf8b7cb53,896277,330.0,151.0,0.457576,1,1,321
2025-05-11 15:51:25,f3998b26338f5efeb1199c2a1c37fb193765d5a602a59b5db3e17285cef3ab4d,896277,110229.0,154.0,0.001397,1,2,205
2025-05-11 15:51:25,c3bb170ae1b855c591aecc630140e13ef277dfa6a1580b9882a1737ef4b6f94c,896277,546.0,153.0,0.28022,1,1,330
2025-05-11 15:51:25,43770aa94c659d317d49917cb91555e4c30f46edba478cd0b79d1049847ec0e8,896277,12219.0,154.0,0.012603,1,2,205
2025-05-11 15:51:25,f20be59512fd9dcc3be31cad4cd9a198863809bbbafa8cd0bdcd3a17c8a0cf4b,896277,19998.0,619.0,0.030953,2,12,719
2025-05-11 15:51:25,e9d39c01b45c321bba9b2b94e4327cbf7724ffa4cbf9133ab8484ad2d3d8504b,896277,330.0,151.0,0.457576,1,1,321
2025-05-11 15:51:25,4fbc23716a71c5484ec70d3da25d3c543b3b860dc4b942a86d2d5d4a3c88f749,896277,330.0,151.0,0.457576,1,1,321
2025-05-11 15:51:25,d4e7ec5e26fb380eab5b238bd5afa7cde16798a22f5420ca17b01a552db7f142,896277,330.0,151.0,0.457576,1,1,321
2025-05-11 15:51:25,873e85a26ea49fd1f14f5c6010a1f277b3f2fef16120c49a322261c99368d342,896277,9104718081.0,165.0,0.0,1,2,247
2025-05-11 15:51:25,006e8fe0c5a35a11c1d5364f2b15d43ce610b3b002e37d7ac6cad8f5cb4ac641,896277,330.0,151.0,0.457576,1,1,321
2025-05-11 15:51:25,cf861d08875821f9ba260da7dec675fc7fa28017aa6d60c5769281770a40ba3e,896277,330.0,151.0,0.457576,1,1,321
2025-05-11 15:51:25,0ec9c12740ee97dbabc845ecb41c47d7511c2f7b38c8b324afc8ede18c8dc63a,896277,330.0,151.0,0.457576,1,1,321
2025-05-11 15:51:25,4e72f0b34d6910bcd42e9ab9e93d9fc505b8186f2e8df88646a6b79aa84e2c39,896277,330.0,151.0,0.457576,1,1,321
2025-05-11 15:51:25,f7550010640aa4fe679a7176e64f84aae6866297b704e5ddc5cf114d71041937,896277,12519605.0,289.0,2.3e-05,3,2,532
2025-05-11 15:51:25,41b5ac05c67faf6d77a05a0486c5b1d1017a15a26fbb8e433b822ee981856b36,896277,330.0,151.0,0.457576,1,1,321
2025-05-11 15:51:25,c63172f7b2457c10c59dd9f4039477bb4be153069f6fc0cc619e8ed4085a0a36,896277,546.0,151.0,0.276557,1,1,322
2025-05-11 15:51:25,240fba98e9829176aa31b9795091faa58248a4ce67f3374dccab279e402fa4ec,896277,102535.0,154.0,0.001502,1,2,205
2025-05-11 15:51:25,7b8d151e855182939268972d42341f89d31bc61e4e4d0f2dcc7379a7f1e9a235,896277,330.0,151.0,0.457576,1,1,321
2025-05-11 15:51:25,d4d03f5519339d05a1d1ad0de85ce8b35f3d12015d48f54b2cc94f1ed9b3b134,896277,330.0,151.0,0.457576,1,1,321
2025-05-11 15:51:25,aef22186daee62afdb41dd843e27cb88198816dafb319518818db29ceb841433,896277,234436.0,212.0,0.000904,2,2,312
2025-05-11 15:51:25,ff88a17552211314020617a246f2b87634332c7bbd40527f60bd43ad70f0eb2f,896277,5150496.0,145.0,2.8e-05,1,2,196
2025-05-11 15:51:25,0e84553bfffe9212e1dfa34801ff45cbfddfc49d915a4ae4ef3965a9d12cae2f,896277,330.0,151.0,0.457576,1,1,321
2025-05-11 15:51:25,9b66b02a145c745ae9888ab7d108db16265933053a7ba172c0105bdf40dba02f,896277,330.0,151.0,0.457576,1,1,321
2025-05-11 15:51:25,40f67f02f2deb889166c7ef8f32b4d1b94df43997b594dd0d94ea6f51c134f2c,896277,330.0,151.0,0.457576,1,1,321
2025-05-11 15:51:25,728cb9e0502163938a763498f881a75a5aabea910732f27bf5e451b053b0da2a,896277,546.0,151.0,0.276557,1,1,322
2025-05-11 15:51:25,d2c2dc5b9be89bcd4b609e45b05f7f5c307214918ff2e670ed6ba53bb7e5c066,896277,76932.0,154.0,0.002002,1,2,205
2025-05-11 15:51:25,d484c01e9f6614d4c8dd54ce48a0af8df5a006bbf3baf6d12ada0cd33501d329,896277,330.0,151.0,0.457576,1,1,321
2025-05-11 15:51:25,c11775c10cc6eff81f234cca946e03d697ac76d5294f9c843266e1557dcf0429,896277,330.0,151.0,0.457576,1,1,321
2025-05-11 15:51:25,dd44cfb88705bfeaf6e63359f292a64095abc1ff54e7b078eb724990c1cab724,896277,330.0,151.0,0.457576,1,1,321
2025-05-11 15:51:25,1d5dbfd1ac8dda0948dfaa034e8f6a68e7e5053ccaeb0bd069b877de916d1022,896277,91620.0,142.0,0.00155,1,2,223
2025-05-11 15:51:25,52f02898b107e3c86a3677498e1f60f93ea1eec36753470c368554d8e8935420,896277,330.0,151.0,0.457576,1,1,321
2025-05-11 15:51:25,baf16ed1d8181c14f1a05e33b2015d8a4c3290bb4e87b14afe083adc19e2371b,896277,546.0,151.0,0.276557,1,1,322
2025-05-11 15:51:25,cf5ac2895daa618ef25b1c0129b4cca09a262a1004fdc961c98609f4751741ba,896277,97271.0,154.0,0.001583,1,2,205
2025-05-11 15:51:25,d0dd9f80a66c82471bfd6cedb2e1fc0a23ad234fa65ba8f7061cb16c6803be19,896277,330.0,151.0,0.457576,1,1,321
2025-05-11 15:51:25,5ba60a8f438f9749f3e34b4aaf7ba4661b6ab389178845bafce6ae683bbf0818,896277,78032.0,212.0,0.002717,2,2,312
2025-05-11 15:51:25,64a244361e54ea00a5008b715a869ece5e2a3d539e26fc9aa9ebe30a9a700d14,896277,84314.0,154.0,0.001827,1,2,205
2025-05-11 15:51:25,c5945af33e38e186fd67a03a60dcfe8775869cc2d49ab105efe696dfa57d810f,896277,330.0,151.0,0.457576,1,1,321
2025-05-11 15:51:25,2e8c0b44e845a28f8cee444d84a446a96f76e716b507f3459a26ee91c0c0570f,896277,330.0,151.0,0.457576,1,1,321
2025-05-11 15:51:25,5974c8f1ac262f0a21b1dbe7646f02c86b38b22fdd66772ba1263443d824bb0e,896277,845780.0,141.0,0.000167,1,2,222
2025-05-11 15:51:25,2e0806bceb3c73d23383bbec000f1373c6a4cf1d7786d7cd699fed8fa6a0200c,896277,330.0,151.0,0.457576,1,1,321
2025-05-11 15:51:25,0314e97dea6928dccab1c8d2843e4fe2158f6847c73d04ae92991466a0a6dd0a,896277,110259.0,353.0,0.003202,3,3,596
2025-05-11 15:51:25,b0c6c2d1e846a5363da5307b7d517eafa1936b15feaa6850bd48a21b69b0af09,896277,4999854.0,146.0,2.9e-05,1,1,336
2025-05-11 15:51:25,d12b3fcf16bb14e37daa5bf5abe106a7d9fb518b74d65690932f490bc6734b07,896277,330.0,151.0,0.457576,1,1,321
2025-05-11 15:51:25,e93e11666cf3ba69ca3b0428783c4b892ea2045f521474fd58e973e65b815604,896277,330.0,151.0,0.457576,1,1,321
2025-05-11 15:51:25,48b79c227eb5e4263da99dc87b1bcdf7bd695928becca55286baf1d99d998103,896277,330.0,151.0,0.457576,1,1,322
2025-05-11 15:51:25,58d087a2a71575d61be33297a296746eb3ed89191dba315ebac83733cf85b900,896277,330.0,151.0,0.457576,1,1,321
2025-05-11 15:51:25,67b4a442d8d1ae3e39a0825aae1e8cd7c51f27b43c92424b561f02a84094c573,896277,3997127.0,640.0,0.00016,6,7,1093
2025-05-11 15:51:25,5ee1537bbefe646a4a5d342a13b44a9acd94133ed85458060154e046cc7a41f7,896277,330.0,154.0,0.466667,1,1,328
2025-05-11 15:51:25,19b42ce2ddcb020351ea2c537504efb7de3d2228e0f0e768381c74acdb0f766a,896277,1593919.0,154.0,9.7e-05,1,2,205
2025-05-11 15:51:25,cfc581dcc716153ca63f9dd9a21bb04ade27e71163274400c64c14eccb51c8bf,896277,330.0,154.0,0.466667,1,1,328
2025-05-11 15:51:25,4150f5f7934413c8597b6334aeed12af6ae6da05757085ffbe9f1fdbff29c830,896277,2104821.0,154.0,7.3e-05,1,2,205
2025-05-11 15:51:25,edd97bf854015cbd9278c1a683ed8a710c0a1bb26bd6d64b2089968a21bdc86f,896277,330.0,154.0,0.466667,1,1,328
2025-05-11 15:51:25,73bb709d57151a6e6797ba63868f35806af49b2abbf205cc6e6a37ee7d00d902,896277,1602620.0,154.0,9.6e-05,1,2,205
2025-05-11 15:51:25,3c43d0783c8a09d7aedc40189795bdf38b5056f6aa4f835a1ee32b28d139fe6e,896277,330.0,154.0,0.466667,1,1,328
2025-05-11 15:51:25,ece31678e05dc698ec34246c2e46027d7d2d3f570a6feb6d8661773e833e0cb8,896277,1345370.0,154.0,0.000114,1,2,205
2025-05-11 15:51:25,72111e443ccef66fc37ced096b31ec14b00d89823c4d6ffc3ac317e7d7244833,896277,330.0,154.0,0.466667,1,1,328
2025-05-11 15:51:25,95d83e83391347a4ac44fb61f4714e87dcff6d955d48c68cadc75943b6fef8fe,896277,1852821.0,154.0,8.3e-05,1,2,205
2025-05-11 15:51:25,6dcc805780f465589bb1e331ed467dc316cb4828d19d3509a25129da076c193c,896277,1172484.0,277.0,0.000236,3,2,518
2025-05-11 15:51:25,f63f58fcaaf03552202ce8e8e94ec00688a26ddcddf30d94affc7575660a727f,896277,2882324.0,225.0,7.8e-05,1,2,224
2025-05-11 15:51:25,e2d85a13733cbff9be987daf0805aa0805671db9469e59aea35fcccdba163854,896277,1221942.0,224.0,0.000183,1,2,223
2025-05-11 15:51:25,20124d16f4d8b9e461fdf83300557ed3b87e66e3486a3d07249853f70313e723,896277,12644.0,212.0,0.016767,2,2,373
2025-05-11 15:51:25,814c99de87677fafcf96504b1b607827462945cd9cf50bc1aa31ccec796ec09f,896277,2314748.0,415.0,0.000179,5,2,817
2025-05-11 15:51:25,68bf37f6253c61c1747f027451f7ae5b5f29c1d3c51d22c8e0af9989e2d8d462,896277,16421622.0,193.0,1.2e-05,1,2,382
2025-05-11 15:51:25,b2292747812a468a443b51624f53250ea72daad53740d170ebdcead9c6ba398b,896277,1091021.0,285.0,0.000261,1,2,283
2025-05-11 15:51:25,48d42b5af044f6f2c2c3d1c8561cfcb8986fc914d092799c2c6091c8c94c86b8,896277,119008410.0,279.0,2e-06,3,2,520
2025-05-11 15:51:25,ed2f87c59196df2a27c1412ef879c326ebf07661811f6ff99c23cebfb292aeef,896277,104511.0,124.0,0.001186,1,1,208
2025-05-11 15:51:25,9a86e6a940a4e9945be5281139c8c1efe13fa2803e674f619544d06dec26226c,896277,135946.0,29054.0,0.213717,500,1,53557
2025-05-11 15:51:25,3ae51cae8a78df12d1f4627a3063a0feccfe984d2cb4dca613a08229347a8d48,896277,135946.0,29054.0,0.213717,500,1,53557
2025-05-11 15:51:25,db322a1e8386465164ee8361e0c3a41bf0f4cfa280e40019b1f07f7ce7651a19,896277,1831197.0,224.0,0.000122,1,2,222
2025-05-11 15:51:25,dead6bed2d9d756a5a83217e349e6530f9373d41b69e0867aac0b1f66ab0a763,896277,15587.0,57903.0,3.714826,1,2,228908
2025-05-11 15:51:25,85e47ac1c5346407e5dc1dd4e64b7ebef3997c90ce39f133af89f79f7eddc244,896277,1009048.0,375.0,0.000372,4,2,693
2025-05-11 15:51:25,50510ab1bf416c27e97b71f4ed04190815c46f7b40e5749961bfddea141b8a77,896277,1148345850.0,147.0,0.0,1,2,225
2025-05-11 15:51:25,5a62ae7a9767412248fa8043983b820a57d707eb81f3f3d15ad6cea479c7cd57,896277,144275788.0,146.0,1e-06,1,2,224
2025-05-11 15:51:25,22a499cb5ddcb08907eff3202c6e4e067ff9670eb810cf669d5d46f1ae4c4b2c,896277,71190.0,144.0,0.002023,1,2,222
2025-05-11 15:51:25,78bdade822b908bde03a768b805d005723d08e24969735b713ec0e66ee577b95,896277,107046.0,282.0,0.002634,3,2,519
2025-05-11 15:51:25,2ee1174aeccd84728c74708fc1e26002a8d58cc1108322cc2f0755f823d4de6f,896277,6676.0,214.0,0.032055,2,2,371
2025-05-11 15:51:25,d318869cf3bffdf4a4fc27fea5b8f4e43744ee107357268cc1fbe951a06c36da,896277,21096.0,146.0,0.006921,1,2,224
2025-05-11 15:51:25,8aaa430da8c665ef934e106d35dc9115a81243dfb1561d99cb1173cf02643ae8,896277,898641.0,145.0,0.000161,1,2,222
2025-05-11 15:51:25,72360c30c0a1535a1273b562584a90db91885033a1cb82b33a6098f164cad751,896277,329455.0,151.0,0.000458,1,2,222
2025-05-11 15:51:25,fac223094deb50b6986bedd5e5da981eaaa18aab29d5e3c994d1ed1dc748fa4b,896277,191467.0,151.0,0.000789,1,2,222
2025-05-11 15:51:25,20de83855dbc79a978e828cad14916c6e9dc70a09352b32c536c4ac1d875862e,896277,189388.0,151.0,0.000797,1,2,222
2025-05-11 15:51:25,289eac1c7dfbab6cfc00362f6c4c8a0ae3d770f03ee9727d4aa54511d28110e9,896277,269013.0,121.0,0.00045,1,1,191
2025-05-11 15:51:25,f11d3cac04a8b64c78a1f174bb8144ffe994d4426183ce6ac45edd4250b4cee0,896277,1158432.0,242.0,0.000209,2,2,382
2025-05-11 15:51:25,4c7ec301ddeaf4ab000e68ab12b18f60746c85406c9074848b388437d11d8d22,896277,47598689.0,4963.0,0.000104,2,136,4673
2025-05-11 15:51:25,1110ea2b916aa976e077b287934a0a3cf5c89e81eb3d32cbda9343a82f91064e,896277,427715.0,345.0,0.000807,4,1,635
2025-05-11 15:51:25,258abdce28d1688027776b64691901fba71eb15a89ba11b2afc0605b93e519db,896277,269754.0,312.0,0.001157,1,2,283
2025-05-11 15:51:25,34e797a693e3238a97682389a066bbf2d0320dcddf3d2441030c5786b5a26962,896277,909804.0,196.0,0.000215,2,1,339
2025-05-11 15:51:25,3553119f84ed4c33edc8b41a3e000a61013ebb51158b8eba0887d053e8b98a13,896277,285956.0,286.0,0.001,2,1,610
2025-05-11 15:51:25,cd16b28ab4d729c8181559e1fe76aa92219bd9fd344f2504a455ef79e95bec23,896277,728946.0,809.0,0.00111,8,5,1084
2025-05-11 15:51:25,355ecf794c060e3364db259f116fbf3023ad3a4dced435cfdc2b35d5380eda9b,896277,104714898.0,1431.0,1.4e-05,1,35,1280
2025-05-11 15:51:25,20a7eee38f302e21b220f562925d4a79824bbec25b8409645170616413daf7da,896277,105899405.0,1412.0,1.3e-05,1,34,1264
2025-05-11 15:51:25,b4605b134126e1cafe46d5653dbaa95fd97c402d8ffdc2e23d9505c3f2e15f0a,896277,21370173.0,206.0,1e-05,1,3,253
2025-05-11 15:51:25,2f377eaaeae5bc00146ee31f1a233fdd73ecddc558c29b98ccc73b237233b4dc,896277,56937139.0,169.0,3e-06,1,2,223
2025-05-11 15:51:25,77dc203fd2a06d160bf6cc819eb9ef633dc9323936431f6eb2e8beb0977a27ac,896277,4474090.0,169.0,3.8e-05,1,2,223
2025-05-11 15:51:25,0be88377555c5e2e6fc125ae3dafc88dfc458d222255cd054d3c5ee245cba159,896277,28606.0,169.0,0.005908,1,2,222
2025-05-11 15:51:25,6c562294b055dd1fd6357f90d1157c02bb3c0435e056a8188d37f7241892a543,896277,42219332.0,169.0,4e-06,1,2,222
2025-05-11 15:51:25,f9d9ecf95c9cc1700f16e0732380c5c11782f07519f5a54a3fd1c2d082013028,896277,104029367.0,169.0,2e-06,1,2,222
2025-05-11 15:51:25,150ef59468ed56aa4e2d366809436ccaa1bb47ced9609122bd484f26eb7c17c2,896277,104087.0,240.0,0.002306,2,2,300
2025-05-11 15:51:25,26bd477149a8e35a4bfb9a8434028c6bf5266d5e34ca7e83dc828fa52a675f17,896277,3798229.0,241.0,6.3e-05,2,2,302
2025-05-11 22:58:45,38d4adb03bdf49250df045001d6ace59d23bbb85b9de0ca394c2fad01fd046ed,896321,4820.0,1078.0,0.223651,1,1,189
2025-05-11 22:58:45,e9467478835b9b964300cc866f119e5810859298348e9d023f2fea773394eacb,896321,998560.0,1440.0,0.001442,1,3,251
2025-05-11 22:58:45,f499ade0fff47a2559702c0a648d2d676072cafea0399d355c676254499ab804,896321,42000.0,1022.0,0.024333,2,1,340
2025-05-11 22:58:45,a7679fdefec78bdfdbf3cbf88f3492877b7c0a7ab8ea2461e395c3e2be32fc6b,896321,1818822.0,2129.0,0.001171,2,1,882
2025-05-11 22:58:45,0e849cc2d286fdc920f6f7da3ffd2dfaf47d7ed4a98e281cb06c60eb6fbd94cd,896321,93277655.0,2000.0,2.1e-05,1,8,427
2025-05-11 22:58:45,ac50c2dc70b346ec98f9faab8f3ae05a5f2fda52ddb1635e6a0d21c3a98fab44,896321,74296.0,2478.0,0.033353,4,4,746
2025-05-11 22:58:45,c1448ec5fb924519e51e510bb9f3e58f0aad290d7f85a44ed1394dc570e17dd2,896321,293041.0,1059.0,0.003614,2,1,340
2025-05-11 22:58:45,afbd586938f9a3d8e07e95eacad9897f3c89f79c36d6bb515bb1276cba517ce2,896321,62002.0,728.0,0.011742,1,1,204
2025-05-11 22:58:45,a998418b62b8976fefd8602c2713937e40a62da6d2cf5c8cdbfbfe6cf23a7417,896321,154275.0,914.0,0.005924,1,2,234
2025-05-11 22:58:45,297cd325487992737ff2bc502ad867d90cba559b61eaf846c593e3c89ab1c7bd,896321,285416.0,1721.0,0.00603,3,2,533
2025-05-11 22:58:45,796f0c52b6df9691c1ebf71c0e54d88f97de528a4192b6c8da71fd4c184a7af4,896321,384117.0,674.0,0.001755,1,1,194
2025-05-11 22:58:45,2b716b2823160ef7a57fcfad49b9f7d37eaebb756436390695a4a663c91896e4,896321,180795673.0,1128.0,6e-06,1,2,380
2025-05-11 22:58:45,22fa2a465afb5f80cc820429589e317c1bd2380f15302bc2b4ba351767d5477e,896321,63680301.0,1128.0,1.8e-05,1,2,379
2025-05-11 22:58:45,4c47ee76140c812ea6cab982cbc74bafc253239b3491d06bb6d09f810749521c,896321,136159910.0,1128.0,8e-06,1,2,381
2025-05-11 22:58:45,8cad9dee9570da8f514b957d9479713e152aa6ae956a19574efcb95cf12f3c09,896321,56368359.0,1134.0,2e-05,1,2,382
2025-05-11 22:58:45,24950ba17e8897ceb995758874e9d2f31916df1d090ad58075b73e6a78594072,896321,9890335.0,1248.0,0.000126,2,2,371
2025-05-11 22:58:45,237a8273af6f8cee356e35fb90a2206ec71bc5e076f48231642e97a98b50214a,896321,54449512.0,1332.0,2.4e-05,1,3,414
2025-05-11 22:58:45,8be1bc783d72a16e623ed6ddcdff9223d65bff1614a5d42665597f6108e67a6c,896321,100317.0,1185.0,0.011813,1,3,279
2025-05-11 22:58:45,097b6bb2cba89c8a58dfd4c9d580e6b9701837badcc11831754b757012e3aa11,896321,74968.0,1185.0,0.015807,1,3,279
2025-05-11 22:58:45,3815a3f12796c287074f32d0381ecd8a1a962ece9d2422a6fa623898c3fc8d51,896321,34744.0,1217.0,0.035028,1,1,461
2025-05-11 22:58:45,0be452fdf68b9b56d46adbaaf18ec45755aa2f4e98e35ae478f8f982a154f4fa,896321,21829.0,846.0,0.038756,1,2,222
2025-05-11 22:58:45,432f2aebe8bb5b99ee5c43fd44032f0585256e230fb48eebb17ef75f9fc3e691,896321,8984759.0,846.0,9.4e-05,1,2,222
2025-05-11 22:58:45,2bf7c9492e26d2e60ec83dd5217030c3fe446b747fb9040defe6db557b14298d,896321,50069.0,1032.0,0.020612,1,3,253
2025-05-11 22:58:45,fd1a7e14b7bcdf92013c9d066f7527942727ac110a2cefcfca124b4f677c9873,896321,200162475.0,1896.0,9e-06,3,1,559
2025-05-11 22:58:45,9a270c85e83babc70552ce6d5f22dccbbcd23cec40f5fbc2d4a4890453f58960,896321,915382.0,846.0,0.000924,1,2,223
2025-05-11 22:58:45,cfd0fe2e8d3de90bf88a7b02cd5643c6140d97656d07745ca458a6059ae9f75c,896321,479243.0,846.0,0.001765,1,2,223
2025-05-11 22:58:45,b4c7dfa1b32cfdcb06da5cd387966a674680619c3057a48c8c2e9df695492e58,896321,780072.0,846.0,0.001085,1,2,222
2025-05-11 22:58:45,5fe1502326263d7bd9b703ba19624029508f5d027f00d39c3e75b2f8b7cbfb57,896321,283300.0,1032.0,0.003643,1,3,254
2025-05-11 22:58:45,e9265e6e3e34ff388a04225be5669bce54ad30478a9f6e33bb4d5d78b255b250,896321,192725.0,846.0,0.00439,1,2,222
2025-05-11 22:58:45,e3c850310ef4406b61645d9592d85461b747d946d89cca650f799130e60bed16,896321,15860.0,846.0,0.053342,1,2,223
2025-05-11 22:58:45,abc1431a840c7257bfafc862a2e9a8fa6730c0064431e7292b5149f3ca4603a1,896321,117298179.0,18792.0,0.00016,14,67,4253
2025-05-11 22:58:45,4387de4fef4d47042868834ea13b02918a1a34f071a78066de2bd32626189071,896321,355275.0,2277.0,0.006409,3,3,621
2025-05-11 22:58:45,53b23cd6716475e6a948913601cae05f2ecdd247b4f43690f1401a44681573a0,896321,801309.0,2988.0,0.003729,5,1,900
2025-05-11 22:58:45,7a9ddeb27f2286348f8c6cf3ea91f6a67b5101376051d8c4c60360d606f732e4,896321,343907.0,3534.0,0.010276,6,1,1070
2025-05-11 22:58:45,f64df82f989dc0fd0943cc42d24f5f73bd998dc45bf7f0f923573bbecc7fd9b8,896321,692687.0,1410.0,0.002036,1,2,234
2025-05-11 22:58:45,1c1895c1837bb2dba8bf1af51ff91248564ecab389542d8fad39274150903319,896321,21248246.0,2196.0,0.000103,2,4,447
2025-05-11 22:58:45,5a128fe0077bc7d2f3b49f22d5e699d137585d08e922409298fa4c9e84f176be,896321,1328732.0,858.0,0.000646,1,2,193
2025-05-11 22:58:45,f61c6db083ed5bad2595e7ee379fc29cb6b1152e00063a5004ec890c6cf3cfd2,896321,424568.0,871.0,0.002051,1,2,222
2025-05-11 22:58:45,ab2916e49a950201e58fad39217afe8d4f8aad0e0f191e8908bbddbc4630b5b5,896321,375615.0,945.0,0.002516,1,2,222
2025-05-11 22:58:45,1e6e198f37022345590560a03b9c553e2e33a8fee6571443dcfb5cfe5e32c49a,896321,444820.0,945.0,0.002124,1,2,223
2025-05-11 22:58:45,ec6d61db61d0b9783697292b59a95c2158d1fe5478aebcff1f8ccdd13fa30329,896321,514025.0,945.0,0.001838,1,2,222
2025-05-11 22:58:45,e21aadc56e8731aaefd0406587f5479c07e4b873d8409a9aa7006ad96bbb6d98,896321,583230.0,945.0,0.00162,1,2,222
2025-05-11 22:58:45,1b40e32e465ec87558d87b74bf2c4ce92e95539710ea6019c2537fb3ad56050b,896321,652435.0,945.0,0.001448,1,2,222
2025-05-11 22:58:45,4d20253108e26ee16771f2e197ddcb3427ce24c89b22d2cb45867d8c8f527a1b,896321,693300.0,945.0,0.001363,1,2,223
2025-05-11 22:58:45,2c847f9f927239c1a884bcee07545b9297e9eb4164a25202e8c2c88031d37058,896321,734165.0,945.0,0.001287,1,2,222
2025-05-11 22:58:45,e53976a500cda2cd5599573e566ee895e93187372292f0f8204212a8685b7961,896321,775030.0,945.0,0.001219,1,2,223
2025-05-11 22:58:45,104ba63aecddb90784a04e2a69a5db5143c4d91e259c223e0fcc69e70b3844bc,896321,815895.0,945.0,0.001158,1,2,222
2025-05-11 22:58:45,b8eb8516394803b2aaa41ba62c8c2c4f4130795333ebffb7efe94ae2072b46c6,896321,885100.0,945.0,0.001068,1,2,222
2025-05-11 22:58:45,70ecbe24bd67c21b88d6414ea654fd28ec78f4ada267e72f6df5176138966536,896321,954305.0,141.0,0.000148,1,2,222
2025-05-11 22:58:45,0b62974dad67fb0a84185438e58096afb0fe74f0f1df518abe3a3538817b35d6,896321,14754408.0,8460.0,0.000573,9,1,1364
2025-05-11 22:58:45,1762d589a3ee409d1e18d14dc5644768ad8424f5e75a6437b9b98f1f52ac564a,896321,1633776.0,1992.0,0.001219,2,4,483
2025-05-11 22:58:45,f4108040f5cc17b13790656eb65cabb20077a9c86b36aec5ea41b16449b30598,896321,546.0,960.0,1.758242,1,1,191
2025-05-11 22:58:45,364528f6d8dd92883f014a9b2fbd36a73d3938ca06f466d5a07d0cfd7568f522,896321,1506.0,960.0,0.63745,1,1,317
2025-05-11 22:58:45,b13d83041058a9575db15c37fd2d89eecd40c2b9472656a7d246502b0d385c70,896321,258434.0,590.0,0.002283,1,2,235
2025-05-11 22:58:45,e40f041a57aa14c72842251b18e5e99fd25653a7d6f71a46623aee59d4d9db4f,896321,838966.0,1832.0,0.002184,1,6,375
2025-05-11 22:58:45,c62fd33a68f3b91e2a880e9645e05716b699a7761706ae95d9886b421658fa8c,896321,2429984.0,770.0,0.000317,1,1,203
2025-05-11 22:58:45,8a033cd1cbff5b182952dc7ecaa74e428dd068944ac5d3e3ee0fcd7569cfaf80,896321,45703.0,1272.0,0.027832,2,2,300
2025-05-11 22:58:45,56a498c01a7bcdf15a1a71c8ef7a19b249dd3e0ebcc3ab3a4770aa031bc8e5cb,896321,13777.0,897.0,0.065109,1,2,222
2025-05-11 22:58:45,04c3fa439c5a69a73164a1f3296d75fa9218277d2ed2dfd2d445d392fe382993,896321,491998.0,1450.0,0.002947,1,2,224
2025-05-11 22:58:45,7c4447572b1d94197a660ed0429225669117d244b79d3a05f1a222fb7666d8c3,896321,10998936.0,1064.0,9.7e-05,1,2,245
2025-05-11 22:58:45,b86ad26f53551a1ff79c37348483045500e34436ee032579369adb941e5c0cbd,896321,10687298.0,1064.0,0.0001,1,2,245
2025-05-11 22:58:45,37a81176f64ce662498fcc0a2fa67c540432e1cdbcb0b880818868d52d1c67ef,896321,440934.0,924.0,0.002096,1,2,193
2025-05-11 22:58:45,ca4985f5edd62465a9b384aa10f750c1511ba9fef84d5d2583b8396f5090ff94,896321,539118.0,924.0,0.001714,1,2,193
2025-05-11 22:58:45,80a1f57860c2c5c1540f94de1bd6d41e767262bd621dd84b79bf2d4a92e44b47,896321,42550.0,924.0,0.021716,1,2,193
2025-05-11 22:58:45,58d40ca22134ec64561e34b7e9c7d4b3314dd368c48c080d6611c045fd0dd724,896321,297041.0,924.0,0.003111,1,2,193
2025-05-11 22:58:45,9f1b63795c74964ea9ce9c763401a2fad1acc7ff37285a7a52f0f49213e10b88,896321,2228145.0,918.0,0.000412,1,2,223
2025-05-11 22:58:45,7d0f26a81632283d66faf5a2a4bec9ae966f34146a2878dae4f20d08946d64cc,896321,797085.0,3125.0,0.003921,6,2,962
2025-05-11 22:58:45,c145f760a0bc3d243ccb79bc1b07d0b6ac30ef29bf180593858aac84edb40c4c,896321,77805630.0,2000.0,2.6e-05,1,7,385
2025-05-11 22:58:45,b034938b6cfadc7c4c4bf886ca6de62ff5f6d436158ddc414e60ce8571745cbe,896321,6835308.0,2280.0,0.000334,1,4,345
2025-05-11 22:58:45,30a98abc610266b194f53d159fce1171026302c915f9fbb5042f14b080875558,896321,144833887.0,2000.0,1.4e-05,1,7,384
2025-05-11 22:58:45,52670fcbce8fba14cd252b61a94bee292727c053317539b4a09a7e517d281f19,896321,116247443.0,3893.0,3.3e-05,1,16,638
2025-05-11 22:58:45,e20772889da56faa4e2bba996f4f7d95c13285c01c2231bbb96ae7e0395fbeb4,896321,31018186.0,732.0,2.4e-05,1,1,191
2025-05-11 22:58:45,f905aa7591d407f63b416a575f9f848caf776f1896722f020d5acd9d247aca22,896321,70603.0,732.0,0.010368,1,1,191
2025-05-11 22:58:45,809ad52f51296243b6c1dd1e4d9cec3023c23d5977f01b6e76bd1d1ac7f63622,896321,56243264.0,2000.0,3.6e-05,1,7,381
2025-05-11 22:58:45,8cf5cb5f09cb315fabd5bc656935689fe21a613489a348ea65dc6ef8b2bd1e49,896321,11269538.0,1096.0,9.7e-05,1,2,245
2025-05-11 22:58:45,9ce684b271030a472b3a618310359ade1085c9432a876db6fd5a1aa87454c2db,896321,164451947.0,2000.0,1.2e-05,1,7,380
2025-05-11 22:58:45,564f275d606ba08efa700e353b615a683c1f6ad4add6e892c44a276185435edd,896321,10185.0,945.0,0.092784,1,2,223
2025-05-11 22:58:45,2c3882b437cc2aca1feb29762bfc9d2a2ad614fe4a958552865d02805abafafd,896321,51050.0,945.0,0.018511,1,2,222
2025-05-11 22:58:45,006539c2166d131d44d1e81ffe8d6a76fc692381214cae53a61d8ea84969b4f0,896321,91915.0,945.0,0.010281,1,2,223
2025-05-11 22:58:45,de0d78afcab6ab52e25cf3b0607391c59d485451e3dbbaa950a4095bd6e26dc9,896321,7286.0,1904.0,0.261323,2,4,384
2025-05-11 22:58:45,3e308a229ccda0391083914b6d31c2a848b26943c42c0de1ab6be6f547db969f,896321,98758058.0,2000.0,2e-05,1,7,377
2025-05-11 22:58:45,cf3cbd22bf96508d34f4c3b21cb9b9221dc865395db87dda5340b450f9515e31,896321,20374387.0,1560.0,7.7e-05,1,4,312
2025-05-11 22:58:45,0c6b5b736292e01b6a7a7a23eb10d67c2007d5a7cea08e7ebc13948f837d2acc,896321,1964321.0,4188.0,0.002132,5,2,931
2025-05-11 22:58:45,41f11ca2b3d8e45f2642ae10bf93a40b41784009e5d61e9b5f316916d4b1f054,896321,233786.0,314.0,0.001343,1,1,215
2025-05-11 22:58:45,4477239ce1d0d81bf5d595f810a90a9da13dd3390d0a98ab8f0a5e29db690cb5,896321,634598.0,763.0,0.001202,1,1,192
2025-05-11 22:58:45,c6a6a582ee473a301980af2dc6ad24a89f1c62af2751999b8328623febf05a2d,896321,250685.0,987.0,0.003937,1,2,223
2025-05-11 22:58:45,a876582f7322473da6d84aec70113b2be9f991890afa411ac6b65a8853e6048c,896321,7096407.0,3066.0,0.000432,4,2,760
2025-05-11 22:58:45,66db0063ea4e9a19a7920471c9d0a64b4e943824890d3d8e477be070a7892447,896321,2031945.0,3164.0,0.001557,6,1,933
2025-05-11 22:58:45,3a4e76ea74390021fe49699d8e5118b429e38a2b289804b6d282041ad6487462,896321,6026746.0,1000.0,0.000166,1,2,224
2025-05-11 22:58:45,b0142c1dcd3b85c63bc9292aa74a2d88df128359a550efa8ea0f577477dfda14,896321,3664063.0,1015.0,0.000277,1,2,225
2025-05-11 22:58:45,cac8f19314ebdaf2a603ce34388d45f469559fa49060edb7c33fc13d32607b51,896321,520027496.0,1001.0,2e-06,1,2,223
2025-05-11 22:58:45,705c43b2f0edc9b3e26d8d67afcad6452f2bd4229034eec10c892f27d58bb7bf,896321,488858.0,994.0,0.002033,1,2,223
2025-05-11 22:58:45,43a8a429e118174a9896563b35d0d012d951e7d113b29aeaa57b22373ef784a4,896321,501374.0,994.0,0.001983,1,2,223
2025-05-11 22:58:45,960d8cb56c90ebecdda5d27724a9f8b5480ede1cfb24cabb10e907c02edfb7df,896321,200671.0,1799.0,0.008965,2,2,417
2025-05-11 22:58:45,5d652cddd19439d1f4cb74225d6cd01daaff2bd86b856bec2fbd7511c07d3e18,896321,101767.0,784.0,0.007704,1,1,193
2025-05-11 22:58:45,c8470b1fd28de43a8b53511a3a7eec70b98bda8dc6851d94f2d8293497a494a8,896321,47255.0,799.0,0.016908,1,1,194
2025-05-11 22:58:45,6ce0ded92e275e1bbf479a24d38b167b0c88ebca8fad57f930c37eb625098187,896321,4576026.0,1960.0,0.000428,3,2,520
2025-05-11 22:58:45,31f662f34784a585e52b56cc48e96b5df6f62791484c54567111d025fc717e01,896321,76719.0,1022.0,0.013321,1,2,225
2025-05-11 22:58:45,4873fd02b9847847dc91649b6e8d917c47e48a07ecc62413d302fb35f594806f,896321,1648436.0,784.0,0.000476,1,1,192
2025-05-11 22:58:45,2d32855ea16bf39b21923080900576c3f435fa63998116110b815fb4a70bb13c,896321,39810.0,784.0,0.019694,1,1,192
2025-05-11 22:58:45,8be670c1e9d3f555342e758fa3d2207d7b24ef105ca0a7f7b17460aa0a6ba5b4,896321,534.0,196.0,0.367041,1,2,226
2025-05-11 22:58:45,dd0881748c11cf38fffa90457dad63a959dca290add91e3b091e147f1a310793,896321,534.0,196.0,0.367041,1,2,226
2025-05-11 22:58:45,7037a8c8ef3cdd4c8d88e3c84afe3177e8cec9dc964ad621063dcf5f2833dd8b,896321,534.0,196.0,0.367041,1,2,226
2025-05-11 22:58:45,ffe135e84863802e172c7f02ff8ec242b0bb917edc1b0c4d383f23ac8042eb5b,896321,534.0,196.0,0.367041,1,2,226
2025-05-11 22:58:45,fc96fba55cbef09b4fb17034661d6e179a7bc45b0683fedbbe8651f58b36b84c,896321,534.0,196.0,0.367041,1,2,226
2025-05-11 22:58:45,5b7d42f8a36504af4f79ebed702151c299160a4a3651586c7208378cdec17342,896321,534.0,196.0,0.367041,1,2,226
2025-05-11 22:58:45,17bfe8dc01610fc01b9c531090382d645d51a54e68e1892de48d1d7b18611340,896321,534.0,196.0,0.367041,1,2,226
2025-05-11 22:58:45,35e8d9c6b3616ffa61f4ea24b7f7387220044c9274ab70175e4736d945b51b2a,896321,534.0,196.0,0.367041,1,2,226
2025-05-11 22:58:45,ecbeb8c800eab794feee934c95d861d08351faed82d3c542129543c5a0762c0a,896321,534.0,196.0,0.367041,1,2,226
2025-05-11 22:58:45,eff5706c0aefe06056e17477a891fffe8f5f08078ba6e75b042c294d393b5bc6,896321,1589584.0,159.0,0.0001,1,2,222
2025-05-11 22:58:45,270db36b64310c90438957d6134035e8a46cdfebd92db91ed86badc236e707be,896321,7940092.0,234.0,2.9e-05,1,2,376
2025-05-11 22:58:45,d20d1f0f62ddcad5ce6a04326c68217444ea329a1556ea86d5271826fba3d0f2,896321,143558.0,187.0,0.001303,1,2,246
2025-05-11 22:58:45,3032f0a344b60eed49550683945ce16d23b870df66006c09f0df42289620e292,896321,6775803.0,255.0,3.8e-05,1,2,225
2025-05-11 22:58:45,d454079ee662fc3089004eb4bea2b0485b99d65157190f2e8972c66a82553134,896321,240847.0,187.0,0.000776,1,2,247
2025-05-11 22:58:45,a1c71d43141acb3e2328a32d86cf23d4140411b6d22ff46f73eb6e529cf6a704,896321,124823.0,177.0,0.001418,1,1,273
2025-05-11 22:58:45,33f9dcf76be288a93677c896920a1d4460acb8e84bd2937be3a60ca53b46cff6,896321,2197210.0,160.0,7.3e-05,1,2,222
2025-05-11 22:58:45,eac80aad8272815a67cadb9fac01f683088d6545cb1a08145cea32dfd93abb9c,896321,118572274.0,160.0,1e-06,1,2,222
2025-05-11 22:58:45,32c0fff835345a167bec7e124145acb0238e07eb0032d8b12c4ca3478a6ba8e6,896321,999782.0,218.0,0.000218,1,2,357
2025-05-11 22:58:45,7011500fb88610a5edc19c0e6d13576c6ee8a0217469a6b331d59111df5f4436,896321,177284.0,164.0,0.000925,1,1,327
2025-05-11 22:58:45,f9810d7f6b6091b2e8447e8d28e4b04424db8931a29aab320ea3a8aa61289b85,896321,2454115.0,176.0,7.2e-05,1,2,234
2025-05-11 22:58:45,57866f8b7d61e2e81ab4dd9260a26c389527f8295bd5b40c7ba51e38f820f9f9,896321,105166339.0,962.0,9e-06,3,20,1079
2025-05-11 22:58:45,190d6cd94fa6c5da06f89b5d81fbb987d2fa1876c93038581b2860672054e633,896321,221464.0,204.0,0.000921,2,1,339
2025-05-11 22:58:45,85085fcb1d8ecb9a0f86ae712e5a67ee6c4f4943844ea1ca594bbc0ed81d332d,896321,1996.0,181.0,0.090681,2,1,257
2025-05-11 22:58:45,48dc6151d3d42e9ac1f62dfffd136f9054fa86eac2dd6545d27ab7b261a6ac87,896321,36129627.0,872.0,2.4e-05,1,21,835
2025-05-11 22:58:45,a079c8877f9606409890e4301cec83404ca8ac3ab84666decf7696beabae1ba8,896321,1439913.0,178.0,0.000124,1,2,234
2025-05-11 22:58:45,ce3a64a0f8593a65c33c8faca40c340254ac54a4f8f3fa1bcd8faa613f345a43,896321,984981.0,165.0,0.000168,1,2,222
2025-05-11 22:58:45,9457ac87a927a90302f960f3698c32e67f47816e8f8f9a223e52b2a2b9167f37,896321,206730370.0,165.0,1e-06,1,2,223
2025-05-11 22:58:45,ab253a0e2d19075ca4f530f5683ace0f042d9320fc440048520c8a389e67f166,896321,420454.0,258.0,0.000614,1,3,299
2025-05-11 22:58:45,1b76f747374f5b5b345cc5b606c256556bff0ee8ad3fde175b6de07d80f2c907,896321,26259.0,258.0,0.009825,1,3,298
2025-05-11 22:58:45,1b5d88d681dd179ec19510600113f656657a54b64609877c1ebfffadac4d736d,896321,53115.0,322.0,0.006062,3,2,422
2025-05-11 22:58:45,ecbf66105a9d34d55d33d2f2a02cdb95617cf67c7e691c62e6e193957eb325c2,896321,121500371.0,617.0,5e-06,3,2,517
2025-05-11 22:58:45,c35daa18bfd9c4deb30c8c85194e89f2210a291df1373de508d06b4806227fa9,896321,22396.0,148.0,0.006608,1,1,212
2025-05-11 22:58:45,6127b55967df63f4ea20d87e9545e32ee826e08c7f426bd1e70183d4b31f91cb,896321,1049334.0,252.0,0.00024,2,2,373
2025-05-11 22:58:45,c1be0900faa31dd555d7e8e30e0c65b2a1cce0a375748f9da7f15a06af748ca9,896321,18229619.0,184.0,1e-05,1,2,205
2025-05-11 22:58:45,632fd1af22a47d7d2c5f2b1894648c92fda18bb17b0c20bc51180d7e1cb5f188,896321,18222619.0,184.0,1e-05,1,2,205
2025-05-11 22:58:45,2b8e74afa3df9d8836bfb61efb6cb0d2c05f970a8e72f84ab6eb8d112d414cd4,896321,276235638.0,294.0,1e-06,1,5,327
2025-05-11 22:58:45,dafc7b821e5427bb0a2ce86e1aac8ef689e43c91536758ee6db8130e94bdf7d8,896321,168400.0,154.0,0.000914,1,1,192
2025-05-11 22:58:45,c9fefb6584793abcf4d61e6c78aafa45e5efc64ed4507a64405d1062d6807d5a,896321,673954.0,146.0,0.000217,1,2,222
2025-05-11 22:58:45,7c07ef3189b550500a589aae77e01b3a3875024b1f42d43a5da6a8673a5fb5aa,896321,277062929.0,300.0,1e-06,1,5,332
2025-05-11 22:58:45,f3954f33eac3974cfe256af7194a8c0b9a0d34b935af267a8d3345a0996d1686,896321,21406.0,250.0,0.011679,2,2,371
2025-05-11 22:58:45,e9939754b18d1bb35ee70b58b0e1303567663137fd912984ae4780318cea46ff,896321,999830.0,170.0,0.00017,1,2,224
2025-05-11 22:58:45,315ff754f639723a94fa1d3148a17c80dd2a63665e0b6a893f966fbedf6cd1c2,896321,53189868.0,170.0,3e-06,1,2,224
2025-05-11 22:58:45,74839a7c522f9ee435db37c20338f92ce8d24e32f920618e49d6fdc2272d48ad,896321,361034204.0,170.0,0.0,1,2,224
2025-05-11 22:58:45,38daa8f2546a97d4194ecdd4524597f9c02dea2962baa1b846c6e7e42d2242ab,896321,7619278.0,170.0,2.2e-05,1,2,223
2025-05-11 22:58:45,b7a94b4329c2e45a7c91220d8f26a038033d759281e524f5eeab19bb141decaa,896321,443681.0,170.0,0.000383,1,2,224
2025-05-11 22:58:45,c0b19817bf51623649f672837abffbfd4a3f54799a4e4dac6e84b18ed27a1391,896321,6770318.0,170.0,2.5e-05,1,2,224
2025-05-11 22:58:45,c8b35a5bf1770759b2495d884ea4d57d987860d6015458bb2725f6915e46a285,896321,9175569.0,170.0,1.9e-05,1,2,223
2025-05-11 22:58:45,234bb8ed247d7c08ceb3b979acd16d1fcb02ee38eb56a70f4e1536538319255e,896321,1123600.0,170.0,0.000151,1,2,224
2025-05-11 22:58:45,26fc7689ed09a8ed6a5b19357e2b6612d41baafb3a888a57e776f169a6d1ed43,896321,631117374.0,170.0,0.0,1,2,224
2025-05-11 22:58:45,ddaedc127676b1d89fe60b590f5188b744cf60e9c6faeebeaa1a7a4914755c59,896321,2151490.0,473.0,0.00022,2,8,557
2025-05-11 22:58:45,5dc476c2797849c8ebd22bdc90672a3f69640f77a8d4ee84199da980969eae86,896321,16394554.0,206.0,1.3e-05,1,3,254
2025-05-11 22:58:45,ef483944ca20bc9d775fe2d0a669b357c4e59bf057b52fff49deee64cbfd240a,896321,87550958.0,206.0,2e-06,1,3,253
2025-05-11 22:58:45,f4c99f7aa46b6fa4cddc059bf79e73ed42365dc0a4a55e3eafe83d2527682fa0,896321,11949867.0,133.0,1.1e-05,1,1,192
2025-05-11 22:58:45,f82b2126d81f9484689f09a83d253b59bccef75e1c8135c16fdf2dfe22d0b310,896321,32272.0,133.0,0.004121,1,1,192
2025-05-11 22:58:45,a59a60bc7d009153565a46db0bd080cb05ed3ea3fa173942e5132dcbf71cf9eb,896321,100660935.0,169.0,2e-06,1,2,223
2025-05-11 22:58:45,f85bdae80b9c49cb1f865f5581ee3b29bdd3aa141fd06ba4616f76fe5942a0ea,896321,314681.0,169.0,0.000537,1,2,223
2025-05-11 22:58:45,5f992e31b30c77464b24b5eecc369542fb39c51101b701744c5c8bb4c1cccde3,896321,726689085.0,169.0,0.0,1,2,222
2025-05-11 22:58:45,660be325ebc2c317b88b6d052c91e4a0965350b59d32540ac1942aaac5070bdd,896321,2422511.0,169.0,7e-05,1,2,223
2025-05-11 22:58:45,62eeab6fc19ba6d5e495ebe8812b0fd8752860703274097c585175e1c3ba48da,896321,1136604.0,169.0,0.000149,1,2,223
2025-05-11 22:58:45,a9009999cea5893cf9cf9928447bdc5267a48f1492e7026d84bbbec4b8034ad8,896321,6292098.0,169.0,2.7e-05,1,2,222
2025-05-11 22:58:45,947c768d1d2a106ddec355d2225cf03946d63b8f5f1fad84ce08527b7e8419d6,896321,18869364.0,169.0,9e-06,1,2,222
2025-05-11 22:58:45,91d9c0c00a1c559403552bfb9bd7dd4016dac677ea419073eff61a046f0fd4d4,896321,103230803.0,169.0,2e-06,1,2,223
2025-05-11 22:58:45,1d25764b8b283ba9d3677e1edb276084185184daf578da50aabd58adb65746d4,896321,1432220.0,169.0,0.000118,1,2,222
2025-05-11 22:58:45,4f5f937eb9c29043b6b94f7ed718adef3cac3b538ed64f6c674a26c055d3adbc,896321,78865312.0,169.0,2e-06,1,2,222
2025-05-11 22:58:45,f0660ca90699e9aa02a84e7794d34e380b4c1163ecd99c51d1c1c8c337499ca7,896321,40049223.0,169.0,4e-06,1,2,223
2025-05-11 22:58:45,3b7e0e976621cb1f3f58cd3251851c792007cc0b833bacf7ce927a8c9654c290,896321,349779.0,169.0,0.000483,1,2,222
2025-05-11 22:58:45,2db217a927c85558243feca05e8965b56f8649b2142c9dd1dd6e7a90514e5b8a,896321,716213.0,169.0,0.000236,1,2,222
2025-05-11 22:58:45,db6b896f49cce0923ec45a1e676d0ce1b30a41429a6d07b3d39ce9031bcc3688,896321,19725563.0,169.0,9e-06,1,2,222
2025-05-11 22:58:45,dc38cc19c0276063cfac3f6992c1e67d85270d36a229a51d6243b844b8375480,896321,1160404.0,169.0,0.000146,1,2,222
2025-05-11 22:58:45,a6ab1295a77f893026924d04615a72cb5f40b9060a49313e983925ca6866387b,896321,37851697.0,169.0,4e-06,1,2,222
2025-05-11 22:58:45,7ed354d3e76257d4a34cf5e7efd8b1dd3eabf4f70a9f24a307c60592c6138571,896321,47807359.0,169.0,4e-06,1,2,222
2025-05-11 22:58:45,a2c43f5c21c31b0b72e14f52d626ac96734a9ac0fd644b59789ce41008e00b6d,896321,83550171.0,169.0,2e-06,1,2,222
2025-05-11 22:58:45,a8d49643a317784110119fbf40aa9e7707770a97d38f61ba56988ed8df135769,896321,3381301.0,169.0,5e-05,1,2,222
2025-05-11 22:58:45,4777e5580f5d16212d4d3c57cff1cafb50eb13be976fd21975ef44b2cdf28863,896321,843333107.0,169.0,0.0,1,2,223
2025-05-11 22:58:45,2f0557ba361a56b9dd2efe2cc96fb17d7723b5f50e9d067fefb7ed7e7329355f,896321,3274304.0,169.0,5.2e-05,1,2,223
2025-05-11 22:58:45,f831138ed2c56054d7ba8aa32515f9c0fa2f0e627a532ccde060287b16bc9456,896321,164791616.0,169.0,1e-06,1,2,223
2025-05-11 22:58:45,39ed83d946f17fff4bf746cd00278818f57eaaf071daaa1337b74764043ec13e,896321,21067385.0,169.0,8e-06,1,2,223
2025-05-11 22:58:45,7609b4fc20c4a16cca4ab215c0d767726dc59245bf4ac2a441493ac95ae35b3a,896321,10767291904.0,169.0,0.0,1,2,223
2025-05-11 22:58:45,f47d6fea0c1e932c107403504b15bff52cedad485e4f4c2bb558136303669e38,896321,9999831.0,169.0,1.7e-05,1,2,222
2025-05-11 22:58:45,f0e5f37e31e9b7e9e67bcdacedac1e86bd1954cf9bf2aa3d2b1b9a431151882b,896321,8695523.0,169.0,1.9e-05,1,2,222
2025-05-11 22:58:45,e78b939e9d83fe5e6d20d0e00277f231bb17066fa5f38575a7244ffbcfb4422b,896321,2460235.0,169.0,6.9e-05,1,2,222
2025-05-11 22:58:45,64f4d569eb6d45d42c1912df132ee0009d484fb2825b020ab83b6207cf35eb21,896321,16790181.0,169.0,1e-05,1,2,222
2025-05-11 22:58:45,a4017ae89386e3eb3ab90b88abff1b0d1747442a089862cf3277171cc2b8e921,896321,1132591461.0,169.0,0.0,1,2,222
2025-05-11 22:58:45,0abea342975b7a0a97a362a7a9f162284e5cb9400a2cc87ed7fef8a7384d6c19,896321,18090616.0,169.0,9e-06,1,2,222
2025-05-11 22:58:45,d960e4181967434e66b3dd4039e5d6138279c9cc24433c2c5647bc2f74652419,896321,48673314.0,169.0,3e-06,1,2,223
2025-05-11 22:58:45,86b6f85412b727a6b03b47eb6a36395642ec4bab5c8498332c3b0139a61d0e01,896321,1609553.0,169.0,0.000105,1,2,222
2025-05-11 22:58:45,613ae38c42ec47c649893e4c91ef91e1ae232bb98b5828b7a065da3321d377b0,896321,11796.0,240.0,0.020346,2,2,300
2025-05-11 22:58:45,d7da79bff404da46873562531bb86c7c7a9d62676e6734bdd239e28865328ce5,896321,448842.0,240.0,0.000535,2,2,301
2025-05-11 22:58:45,68c12f8e53bc3956f7b8a39425bc2535d321c1682cde6262cca995a447c95964,896321,658402.0,316.0,0.00048,2,3,427
2025-05-11 22:58:45,ce2783870305831c37c30c9759566ea92a1edd67ac468252bfe9c26b8b4d65ae,896321,47802264.0,211.0,4e-06,1,3,258
2025-05-11 22:58:45,0540918fc71b8a4228fe6e826ea33b28dea8ebd633c64abcb40275688e00012a,896321,39389030.0,173.0,4e-06,1,2,225
2025-05-11 22:58:45,aba524d807fcc5d5fb04bb7c8e885986ee0ab0d26721e653779224574fbc6155,896321,39434845.0,170.0,4e-06,1,2,224
2025-05-11 22:58:45,811c660b76b58305790f1e3b828f04c4c1a77e411efb5a4dc894ec42eea6c9c5,896321,39496191.0,169.0,4e-06,1,2,223
2025-05-11 22:58:45,b92b1df29f8cf8e4e0709917064a6e9eed89925ac3114727cbd8f3f165eaa9d9,896321,892411.0,277.0,0.00031,1,2,231
2025-05-11 22:58:45,6153f64cd3a93a575ba735cd8ffecdde53c5550621b2037d2c27cc8196d295d2,896321,761642.0,132.0,0.000173,1,1,191
2025-05-11 22:58:45,b00c9fd49d300fd9d7dbf61cd6d023ce9f28eae5237ba4eeaced5c72988fe417,896321,857921.0,169.0,0.000197,1,2,223
2025-05-11 22:58:45,ccece29ee312ce52732145ba5b1f4867fde77486129bb1b68af17553686bd27c,896321,1126.0,240.0,0.213144,2,2,300
2025-05-11 22:58:45,d7b77324872f68aa824e3a654432b005c999488d4869accba62da050f49b60b5,896321,10346.0,241.0,0.023294,2,2,302
2025-05-11 22:58:45,ac0fc05c2cd35ff8381c702097b849c7e241261ed6dca5447dc6f0a72a496a83,896321,72355.0,235.0,0.003248,1,3,278
2025-05-11 22:58:45,c8ef2fdf70571431558b1a34a106e31a75b7167d136f6c75773d4bc4ef2e13f6,896321,1126.0,240.0,0.213144,2,2,300
2025-05-14 17:04:35,6c591c1ef02fd8c954acc724b36dd548fa2c7751f28dfe34952c30e0bb4367b7,896698,16484.0,2096.0,0.127154,7,1,1086
2025-05-14 17:04:35,5a7028731d827e6514840f27386dfca0bf946c9e79d693752eb89cdc08ee436e,896698,2897.0,758.0,0.26165,1,1,188
2025-05-14 17:04:35,919e54e7224c06df1cb93f9a596ccf8cf2497c77673de82ee847ba2406bc9e56,896698,33048.0,1117.0,0.033799,3,2,519
2025-05-14 17:04:35,27e175a506602f41df655b5f345091a2648d0407af41c0170e4f1b585afc0b6a,896698,1173364.0,988.0,0.000842,3,1,488
2025-05-14 17:04:35,b09d23b5b2289f6cd97f724ac342f09d3e31518e4699a3d9c0e5025806390ee0,896698,28947886.0,972.0,3.4e-05,2,3,403
2025-05-14 17:04:35,16fc3d5a875c8de702663f5a166ce0f3b79c44c0acb9bff294252a56e1d4dc0b,896698,18364.0,13904.0,0.757134,59,1,6368
2025-05-14 17:04:35,37b641885658bee1a4c0cd77bc56fd38e575ea8c753a14e2cc32e0bcac678fed,896698,7929752.0,896.0,0.000113,1,2,222
2025-05-14 17:04:35,44889a6394194dfa8e679ca88067c8df0f10a804f105bbbc94b6378c56685bdd,896698,81845435.0,896.0,1.1e-05,1,2,222
2025-05-14 17:04:35,eeea6a292608a6d16f6941572e81db10863ddeb68a91d1ac9031ebf3eac0ea54,896698,136288.0,896.0,0.006574,1,2,222
2025-05-14 17:04:35,0d19a351b0aa41e26636c26b225f3d0c114b304e09b89840d91c3ecff652a301,896698,5473.0,896.0,0.163713,1,2,222
2025-05-14 17:04:35,d3f25b6acc500b7484abbcd7f3de06fb5281ab5805f3e3250dbbe60db828f607,896698,296148.0,852.0,0.002877,2,2,373
2025-05-14 17:04:35,773b3f75315dd1388b6b5a755b2e5196a182141d1e755c7ae72e3f7ac04e62ef,896698,921355357.0,1268.0,1e-06,4,1,638
2025-05-14 17:04:35,63fe2d9ea4d378edbd72daa2637274113c560939f7c4f59b9ad87ddebbd427a7,896698,6733733.0,840.0,0.000125,2,2,370
2025-05-14 17:04:35,0750acfb538ff4b96e042b2472fe72848e63eb77e8591e011796200fa0cc52e8,896698,9908135.0,582.0,5.9e-05,1,2,225
2025-05-14 17:04:35,0a917d512b05e388bfd76c1002b062fd872632eb7a79a2735e5d43fb28e1ceb0,896698,23392204.0,582.0,2.5e-05,1,2,226
2025-05-14 17:04:35,2e7f3f88b3e114ef499d451378ffd616dbc62a6948dfb45f7ca2456b649b2fa8,896698,502048.0,582.0,0.001159,1,2,226
2025-05-14 17:04:35,f5220f79d570ec810ef483afaea35eae6978fe4feaffb47efc548bb4b7d9c0a0,896698,2526941.0,582.0,0.00023,1,2,226
2025-05-14 17:04:35,18ff727aebf26f4b4f4886461ad6c30f05b6ced8ae2d0e83ae840e93a9dc579a,896698,6211709.0,582.0,9.4e-05,1,2,226
2025-05-14 17:04:35,ffd2ab1123eadb0b00413e6ba36fbaab2d9f9bd7a87bb7e25bec54eccb6f4894,896698,25799731.0,582.0,2.3e-05,1,2,226
2025-05-14 17:04:35,f7c7ed2132ed79a523e24747543184c7933adb654ad1aee6d5cd96594734db74,896698,351036.0,582.0,0.001658,1,2,225
2025-05-14 17:04:35,e15ba3c4e5e1e57d7678a949e61ab28254fa262a04e225ccb4aa5f0d5b0ac313,896698,3838121.0,582.0,0.000152,1,2,225
2025-05-14 17:04:35,bfa2d8f8be775417e316d299690d4e9905d5be12644700fb32ebee89a5dcd80e,896698,10450253.0,582.0,5.6e-05,1,2,225
2025-05-14 17:04:35,950a5a661f809ca591a47a639deec0989acadcfb327379a1a23f1665eaa00f8e,896698,50844823.0,1392.0,2.7e-05,4,2,668
2025-05-14 17:04:35,f5185abfc9fef7403cd2618bb0254ab010e86bda17e4eded4164f87ed243c051,896698,560537.0,1360.0,0.002426,2,1,336
2025-05-14 17:04:35,fcbbcb8d4f1728b143eafb09b19f9e0bae94ffd0ca616d6ea68f64272ae877eb,896698,80673.0,575.0,0.007128,1,2,223
2025-05-14 17:04:35,eb03b8ebc31eb54497eff6e62253db71715702641f6adbf1e971969141356629,896698,48781.0,575.0,0.011787,1,2,224
2025-05-14 17:04:35,44440afe339e8f03e9fefc53016ec70f4ceaf069dd92b0bb8dfdf181bfb49b4b,896698,1301303.0,721.0,0.000554,2,1,340
2025-05-14 17:04:35,7dc665504ab20a82c8b96d69ddc90132f35aaade52286f3d5b93b9551c3233f5,896698,18099096.0,904.0,5e-05,1,2,223
2025-05-14 17:04:35,186520a6403620eee76554a723f5efc8d69db5e2682f77a3657caf7ad43f4ea4,896698,606779.0,904.0,0.00149,1,2,223
2025-05-14 17:04:35,4cf6809095747feb33fce731330a5d4249c5b3624ba78a462d7a89a03ff14485,896698,77679.0,904.0,0.011638,1,2,223
2025-05-14 17:04:35,b458fc54327ca77bd734b8c30d013cc732478cfac6df97ec84e262cfbf5ff182,896698,289600.0,904.0,0.003122,1,2,223
2025-05-14 17:04:35,c457c8e9d52317b1f3f4199c58718d6c10d72c261ff3d42bae5394f93103e521,896698,37526731.0,904.0,2.4e-05,1,2,223
2025-05-14 17:04:35,15ab1b22d2e428c9322292c974922272c9a6f2a5ba005e9ef6edefdd65815113,896698,250988.0,904.0,0.003602,1,2,223
2025-05-14 17:04:35,67a76c4c51c66d8d8c8963cfd3aa82b6aba6ca1eb2d02791ba53a669861eb9f8,896698,45472.0,1496.0,0.032899,2,2,369
2025-05-14 17:04:35,6645d1155059d9c34aa2d211e9e0d48692cb5d53d20abc752a8d89c6ead38316,896698,280237.0,584.0,0.002084,1,2,226
2025-05-14 17:04:35,bb40abbe5381f1eb970cfef2aee67fa5a8305d7518826720b8fa04fc364d36f6,896698,966507.0,5452.0,0.005641,19,1,2880
2025-05-14 17:04:35,4b6c6ce0b087da4af7e82dfa1048cf3a75cc25a0ad45c8c9064fd86962655f10,896698,276564.0,1554.0,0.005619,2,2,383
2025-05-14 17:04:35,c8329b9ff6f26f2723a753bc855e1506d8fe56eee6e65f00f841becac5487be7,896698,8903414.0,1956.0,0.00022,6,2,965
2025-05-14 17:04:35,b54398dba5aee295824f7f79b909e1ace252f9ea0eab5815c54bcd918424bf91,896698,532333.0,836.0,0.00157,1,4,287
2025-05-14 17:04:35,e317f28853c295ff6472923ffb51f5e9fd5523ea1c8e0187dc1e2754bd089c00,896698,995636.0,1011.0,0.001015,1,4,330
2025-05-14 17:04:35,af180ea7b242ef62d01e06a03e345774e8a75d931793c8525670b6cb6c2b80c7,896698,45376.0,1408.0,0.03103,2,5,442
2025-05-14 17:04:35,d8c276e391409b25a2c60c864353527634014344b322a863793d2dfe2754afcd,896698,155192.0,2248.0,0.014485,4,9,822
2025-05-14 17:04:35,1702f2aa687a38870089ff55ab7d60f21322e9ecff2ba47e83c0396f6b4f91e9,896698,21797369.0,768.0,3.5e-05,1,1,189
2025-05-14 17:04:35,d0064116de1adb33edc4d1005d68f02a8011a96aa82b2028f342e735f9a7fbdd,896698,7570.0,768.0,0.101453,1,1,189
2025-05-14 17:04:35,c026a2065c31b868cf4125d03dd13e0f375467a3620dbff7dc8c3e0368d6d89f,896698,56996.0,768.0,0.013475,1,1,189
2025-05-14 17:04:35,70a493863adea94d5530766dad0458e69b3164a16ec0bad33e9f82f478c7849e,896698,1362.0,768.0,0.563877,1,1,189
2025-05-14 17:04:35,f497c0d92e3ef81c642cd4c1a2691af36930a6e2f4ee4cc05a50fe16946fcd1a,896698,6550.0,768.0,0.117252,1,1,189
2025-05-14 17:04:35,802043e5aef18d1638170251d673ad5a57bd49e1736688a37d53180acfa0ad6e,896698,1440250.0,573.0,0.000398,1,2,222
2025-05-14 17:04:35,9a8fe7aae827a0da530d903112689296869f2a89aba2c9a55c4e65692318dd6d,896698,5854690.0,1098.0,0.000188,2,4,432
2025-05-14 17:04:35,11320ef3f2c82b6d28f740e8b177f3c381ec5ab6eb08bfd28d21da94329f41f6,896698,546.0,660.0,1.208791,1,2,230
2025-05-14 17:04:35,d94093bf783691b79c0a3aac037a5fa1ce5ee9581b5493bed6cc15ba04d2f0f1,896698,546.0,660.0,1.208791,1,2,230
2025-05-14 17:04:35,a19b073bbaca86b855e2ffeb870f5ef5dc5535016ab65ce610f0dc9f246b1bea,896698,546.0,660.0,1.208791,1,2,230
2025-05-14 17:04:35,70b82383b35d0feedb101c3ce716e0f9d6718a7d8c3df1672297288faee297e7,896698,546.0,660.0,1.208791,1,2,230
2025-05-14 17:04:35,daf311df5d39bda786ab2c526df861174a45f220d8771973fbf647451dbe74e3,896698,546.0,660.0,1.208791,1,2,229
2025-05-14 17:04:35,e62e1dcdada650c8632f8290b088dbe33bd5cd785906c221d148eb4d9aa920d8,896698,546.0,660.0,1.208791,1,2,229
2025-05-14 17:04:35,b79f86c5b01ae020eaac2d246144c733291787e22546876a0f132b5f524093d6,896698,546.0,660.0,1.208791,1,2,229
2025-05-14 17:04:35,805adb4a02bede96274c85a7a3ab6f7a2ceca3494118891ae8886fc6befa68d6,896698,546.0,660.0,1.208791,1,2,229
2025-05-14 17:04:35,18ee80017858e158128c75f5f0c14403cecd33041cb7ad5201aa3ac44013bac9,896698,546.0,660.0,1.208791,1,2,229
2025-05-14 17:04:35,0317849970e60a31c589f83b63d5cdbcc8f9f5dc3d4094f24e56e9b0f61a6fc0,896698,546.0,660.0,1.208791,1,2,230
2025-05-14 17:04:35,03e7a5445c0c0d52fd8d9b83920ed2ba5e9ee94b7c161c0785923a92701f71ae,896698,546.0,660.0,1.208791,1,2,230
2025-05-14 17:04:35,0f76c93665fa068e9b898d7dd0d92df02b21a44900786e647b01cf2df4a3c19f,896698,546.0,660.0,1.208791,1,2,229
2025-05-14 17:04:35,9ea43cb5a3b62adc0c6ba596ec595267cc638ac4123888dc59bed9206cd13098,896698,546.0,660.0,1.208791,1,2,230
2025-05-14 17:04:35,cd9e79bc93daed4e5756770dabd18fa2eea50050810652a28f395024b818288a,896698,546.0,660.0,1.208791,1,2,230
2025-05-14 17:04:35,8e749865f39d57f72e8dbbed399c6be5fc009a1a79fd52e390855da8bf35b681,896698,546.0,660.0,1.208791,1,2,229
2025-05-14 17:04:35,7d6a6cdaf898cece01d6b96ed599cc3af191200d422eb5ed184346856749d680,896698,546.0,660.0,1.208791,1,2,229
2025-05-14 17:04:35,65c2dfd94d0c4d1b7dcc99ab8def8b1854f3f60aa232b1121f64506cec7dcd6f,896698,546.0,660.0,1.208791,1,2,230
2025-05-14 17:04:35,2e186fe51efb0a9ee19823d19901409cbfb5ef8fad13ef22eff9dce2002f5f5a,896698,546.0,660.0,1.208791,1,2,229
2025-05-14 17:04:35,7e6191ee6d54b4d04f48ebe85064d528ac2a54f279c56d49b6031acc7e80664e,896698,546.0,660.0,1.208791,1,2,229
2025-05-14 17:04:35,aa11e185673a06bad8e5592e1c2eef4980dc0ab07cd58aaa8a8cca11ba8b542a,896698,546.0,660.0,1.208791,1,2,229
2025-05-14 17:04:35,f6d26eae5714423aca050946ebbcfc87a8d896dd8bdac688b52e73957ea29b06,896698,546.0,660.0,1.208791,1,2,230
2025-05-14 17:04:35,f4533c7735c8ae11c227ab151491c04578403f3d4d6028163723efd624071f06,896698,546.0,660.0,1.208791,1,2,230
2025-05-14 17:04:35,9541fda179b6e87a0749b285de0117ca42d393adc93c8873d69484facc132201,896698,546.0,660.0,1.208791,1,2,229
2025-05-14 17:04:35,e22c7b39a1d3632b9a2e8962a63ec8d510f73f5ef0c3786ce97d6dad9174ce18,896698,8004697.0,3464.0,0.000433,1,25,947
2025-05-14 17:04:35,9e8d180ac8c43bbc0e4d6ce09437771aa1d1f56fd02aa4e134f0c37dcd3c64db,896698,5053.0,904.0,0.178904,1,2,222
2025-05-14 17:04:35,93104610fe40a6ad95b671867260303b15077ae748842d0194265ca61d826ebb,896698,1999096.0,904.0,0.000452,1,2,222
2025-05-14 17:04:35,4da1c119405ee945b1d6eefb485b16710dbcaa1cb8a791aab22db521cc52e017,896698,6697479.0,904.0,0.000135,1,2,222
2025-05-14 17:04:35,0641fcccb20216fb01032e707ada938e2b1f9fa1a45d3bd316cde4680d3592a1,896698,985083.0,852.0,0.000865,2,2,371
2025-05-14 17:04:35,92c4e9a2e2ac0e3ea312717d947bacee70cca7737983f5fa530aa9a0a5316a94,896698,575827.0,852.0,0.00148,2,2,371
2025-05-14 17:04:35,ad09dc18fdfc4474ff247a614db3cc5df7743c5c0526c2cea13f3f84e4918d4d,896698,12443530.0,852.0,6.8e-05,2,2,371
2025-05-14 17:04:35,2cc1d3b58cbfbc7b6716b9c1af44cc84aa0b2470ba2d1c59b847fa5c44f09902,896698,73609.0,852.0,0.011575,2,2,371
2025-05-14 17:04:35,a2618291cdfc8d616bd0a33e6a450292f8fcf28128720ee11dda02a8936e87ce,896698,13596.0,404.0,0.029715,1,1,150
2025-05-14 17:04:35,f18525a3b64c7f3b59e717ec1af87a2c55c507d7249c6487a137c2511d74cf47,896698,197849.0,996.0,0.005034,1,4,325
2025-05-14 17:04:35,7fcc441725e61aca975b275143f42a013280370c5888a30473ee45db2a97b4e6,896698,192075.0,588.0,0.003061,1,2,225
2025-05-14 17:04:35,b6de273d9e1f5b3515bf412f7bb502d9d19e9302e4447768fe4203b4571d00d7,896698,18796159.0,588.0,3.1e-05,1,2,225
2025-05-14 17:04:35,8820f0edcada9c2d2cd3e1de859dc9e0e1d9fe7f20f03b69c8e6e5632565013b,896698,3097009.0,588.0,0.00019,1,2,225
2025-05-14 17:04:35,254c498ee31687eec9ae49a51dde51ded00722566022d9c794225d065c78e82a,896698,4248618.0,588.0,0.000138,1,2,226
2025-05-14 17:04:35,b7647713a9df107bd1fd9cf2a52a36cf02ca95e87ed1ac804e158d4706fa93a8,896698,121020.0,580.0,0.004793,1,2,223
2025-05-14 17:04:35,3f89d1566dafdca1f5cd234844cfd2d1d5a74c04296f98d846f1771491dd0a9e,896698,91622.0,580.0,0.00633,1,2,224
2025-05-14 17:04:35,eb6572c407125c4c8b717ffced1ca91d6503dd71a94fa26c02504cc68e7ee794,896698,116891.0,580.0,0.004962,1,2,224
2025-05-14 17:04:35,70c7b809f48ba914bffc5af58469d95512cb5b4d22feeada2484f9f7f4502189,896698,10262.0,580.0,0.056519,1,2,223
2025-05-14 17:04:35,c7c3d56c459c74afaee39a18456ed547e5676da057fab87970e8e8eea1142d74,896698,1558213.0,580.0,0.000372,1,2,224
2025-05-14 17:04:35,98c5220cd2a4a9f5a7fbb11d454b2ad4d2158624067b17bd8c0c5ecd85925e5a,896698,136932.0,580.0,0.004236,1,2,223
2025-05-14 17:04:35,1e6b2f1156b55d702866da472ecbbb9cb098f5714cec0d508ea6b4bceec08550,896698,29904.0,580.0,0.019395,1,2,223
2025-05-14 17:04:35,66e9e72f3ad4998480b12ea87789bfa400990f7e2ec5f87fdea38420b7f2d428,896698,34954.0,580.0,0.016593,1,2,223
2025-05-14 17:04:35,549bb747eb77fd1bfa7a92faa5e56cd7071e066e758dbb66b98918275f63ccfc,896698,3705857.0,576.0,0.000155,1,2,222
2025-05-14 17:04:35,ea02389478b1accfa8fc0743099877916fdace0bded59451d7b51961ef1d77ef,896698,5883.0,576.0,0.097909,1,2,222
2025-05-14 17:04:35,21d7e3ba258853c92ec2092bd2127e1dcea080417552e785f5ed85042e64e5e0,896698,572427.0,576.0,0.001006,1,2,222
2025-05-14 17:04:35,4238ec085bb36696b35016c8ddb93b6398c9cbb98b20e21e6226d14ad02e94d5,896698,123219.0,576.0,0.004675,1,2,222
2025-05-14 17:04:35,0ee4bde3b60fe7fa8e476c4571a5ca88fd5e26fabff94969e3829cafbfc519ba,896698,8316363.0,576.0,6.9e-05,1,2,222
2025-05-14 17:04:35,61d9e71b0b4bd5d19e6418a6ff49544c13552038218e00143332f715a2b353b3,896698,44635.0,576.0,0.012905,1,2,223
2025-05-14 17:04:35,6c591c1ef02fd8c954acc724b36dd548fa2c7751f28dfe34952c30e0bb4367b7,896698,16484.0,2096.0,0.127154,7,1,1086
2025-05-14 17:04:35,5a7028731d827e6514840f27386dfca0bf946c9e79d693752eb89cdc08ee436e,896698,2897.0,758.0,0.26165,1,1,188
2025-05-14 17:04:35,919e54e7224c06df1cb93f9a596ccf8cf2497c77673de82ee847ba2406bc9e56,896698,33048.0,1117.0,0.033799,3,2,519
2025-05-14 17:04:35,27e175a506602f41df655b5f345091a2648d0407af41c0170e4f1b585afc0b6a,896698,1173364.0,988.0,0.000842,3,1,488
2025-05-14 17:04:35,b09d23b5b2289f6cd97f724ac342f09d3e31518e4699a3d9c0e5025806390ee0,896698,28947886.0,972.0,3.4e-05,2,3,403
2025-05-14 17:04:35,16fc3d5a875c8de702663f5a166ce0f3b79c44c0acb9bff294252a56e1d4dc0b,896698,18364.0,13904.0,0.757134,59,1,6368
2025-05-14 17:04:35,37b641885658bee1a4c0cd77bc56fd38e575ea8c753a14e2cc32e0bcac678fed,896698,7929752.0,896.0,0.000113,1,2,222
2025-05-14 17:04:35,44889a6394194dfa8e679ca88067c8df0f10a804f105bbbc94b6378c56685bdd,896698,81845435.0,896.0,1.1e-05,1,2,222
2025-05-14 17:04:35,eeea6a292608a6d16f6941572e81db10863ddeb68a91d1ac9031ebf3eac0ea54,896698,136288.0,896.0,0.006574,1,2,222
2025-05-14 17:04:35,0d19a351b0aa41e26636c26b225f3d0c114b304e09b89840d91c3ecff652a301,896698,5473.0,896.0,0.163713,1,2,222
2025-05-14 17:04:35,d3f25b6acc500b7484abbcd7f3de06fb5281ab5805f3e3250dbbe60db828f607,896698,296148.0,852.0,0.002877,2,2,373
2025-05-14 17:04:35,773b3f75315dd1388b6b5a755b2e5196a182141d1e755c7ae72e3f7ac04e62ef,896698,921355357.0,1268.0,1e-06,4,1,638
2025-05-14 17:04:35,63fe2d9ea4d378edbd72daa2637274113c560939f7c4f59b9ad87ddebbd427a7,896698,6733733.0,840.0,0.000125,2,2,370
2025-05-14 17:04:35,0750acfb538ff4b96e042b2472fe72848e63eb77e8591e011796200fa0cc52e8,896698,9908135.0,582.0,5.9e-05,1,2,225
2025-05-14 17:04:35,0a917d512b05e388bfd76c1002b062fd872632eb7a79a2735e5d43fb28e1ceb0,896698,23392204.0,582.0,2.5e-05,1,2,226
2025-05-14 17:04:35,2e7f3f88b3e114ef499d451378ffd616dbc62a6948dfb45f7ca2456b649b2fa8,896698,502048.0,582.0,0.001159,1,2,226
2025-05-14 17:04:35,f5220f79d570ec810ef483afaea35eae6978fe4feaffb47efc548bb4b7d9c0a0,896698,2526941.0,582.0,0.00023,1,2,226
2025-05-14 17:04:35,18ff727aebf26f4b4f4886461ad6c30f05b6ced8ae2d0e83ae840e93a9dc579a,896698,6211709.0,582.0,9.4e-05,1,2,226
2025-05-14 17:04:35,ffd2ab1123eadb0b00413e6ba36fbaab2d9f9bd7a87bb7e25bec54eccb6f4894,896698,25799731.0,582.0,2.3e-05,1,2,226
2025-05-14 17:04:35,f7c7ed2132ed79a523e24747543184c7933adb654ad1aee6d5cd96594734db74,896698,351036.0,582.0,0.001658,1,2,225
2025-05-14 17:04:35,e15ba3c4e5e1e57d7678a949e61ab28254fa262a04e225ccb4aa5f0d5b0ac313,896698,3838121.0,582.0,0.000152,1,2,225
2025-05-14 17:04:35,bfa2d8f8be775417e316d299690d4e9905d5be12644700fb32ebee89a5dcd80e,896698,10450253.0,582.0,5.6e-05,1,2,225
2025-05-14 17:04:35,950a5a661f809ca591a47a639deec0989acadcfb327379a1a23f1665eaa00f8e,896698,50844823.0,1392.0,2.7e-05,4,2,668
2025-05-14 17:04:35,f5185abfc9fef7403cd2618bb0254ab010e86bda17e4eded4164f87ed243c051,896698,560537.0,1360.0,0.002426,2,1,336
2025-05-14 17:04:35,fcbbcb8d4f1728b143eafb09b19f9e0bae94ffd0ca616d6ea68f64272ae877eb,896698,80673.0,575.0,0.007128,1,2,223
2025-05-14 17:04:35,eb03b8ebc31eb54497eff6e62253db71715702641f6adbf1e971969141356629,896698,48781.0,575.0,0.011787,1,2,224
2025-05-14 17:04:35,44440afe339e8f03e9fefc53016ec70f4ceaf069dd92b0bb8dfdf181bfb49b4b,896698,1301303.0,721.0,0.000554,2,1,340
2025-05-14 17:04:35,7dc665504ab20a82c8b96d69ddc90132f35aaade52286f3d5b93b9551c3233f5,896698,18099096.0,904.0,5e-05,1,2,223
2025-05-14 17:04:35,186520a6403620eee76554a723f5efc8d69db5e2682f77a3657caf7ad43f4ea4,896698,606779.0,904.0,0.00149,1,2,223
2025-05-14 17:04:35,4cf6809095747feb33fce731330a5d4249c5b3624ba78a462d7a89a03ff14485,896698,77679.0,904.0,0.011638,1,2,223
2025-05-14 17:04:35,b458fc54327ca77bd734b8c30d013cc732478cfac6df97ec84e262cfbf5ff182,896698,289600.0,904.0,0.003122,1,2,223
2025-05-14 17:04:35,c457c8e9d52317b1f3f4199c58718d6c10d72c261ff3d42bae5394f93103e521,896698,37526731.0,904.0,2.4e-05,1,2,223
2025-05-14 17:04:35,15ab1b22d2e428c9322292c974922272c9a6f2a5ba005e9ef6edefdd65815113,896698,250988.0,904.0,0.003602,1,2,223
2025-05-14 17:04:35,67a76c4c51c66d8d8c8963cfd3aa82b6aba6ca1eb2d02791ba53a669861eb9f8,896698,45472.0,1496.0,0.032899,2,2,369
2025-05-14 17:04:35,6645d1155059d9c34aa2d211e9e0d48692cb5d53d20abc752a8d89c6ead38316,896698,280237.0,584.0,0.002084,1,2,226
2025-05-14 17:04:35,bb40abbe5381f1eb970cfef2aee67fa5a8305d7518826720b8fa04fc364d36f6,896698,966507.0,5452.0,0.005641,19,1,2880
2025-05-14 17:04:35,4b6c6ce0b087da4af7e82dfa1048cf3a75cc25a0ad45c8c9064fd86962655f10,896698,276564.0,1554.0,0.005619,2,2,383
2025-05-14 17:04:35,c8329b9ff6f26f2723a753bc855e1506d8fe56eee6e65f00f841becac5487be7,896698,8903414.0,1956.0,0.00022,6,2,965
2025-05-14 17:04:35,b54398dba5aee295824f7f79b909e1ace252f9ea0eab5815c54bcd918424bf91,896698,532333.0,836.0,0.00157,1,4,287
2025-05-14 17:04:35,e317f28853c295ff6472923ffb51f5e9fd5523ea1c8e0187dc1e2754bd089c00,896698,995636.0,1011.0,0.001015,1,4,330
2025-05-14 17:04:35,af180ea7b242ef62d01e06a03e345774e8a75d931793c8525670b6cb6c2b80c7,896698,45376.0,1408.0,0.03103,2,5,442
2025-05-14 17:04:35,d8c276e391409b25a2c60c864353527634014344b322a863793d2dfe2754afcd,896698,155192.0,2248.0,0.014485,4,9,822
2025-05-14 17:04:35,1702f2aa687a38870089ff55ab7d60f21322e9ecff2ba47e83c0396f6b4f91e9,896698,21797369.0,768.0,3.5e-05,1,1,189
2025-05-14 17:04:35,d0064116de1adb33edc4d1005d68f02a8011a96aa82b2028f342e735f9a7fbdd,896698,7570.0,768.0,0.101453,1,1,189
2025-05-14 17:04:35,c026a2065c31b868cf4125d03dd13e0f375467a3620dbff7dc8c3e0368d6d89f,896698,56996.0,768.0,0.013475,1,1,189
2025-05-14 17:04:35,70a493863adea94d5530766dad0458e69b3164a16ec0bad33e9f82f478c7849e,896698,1362.0,768.0,0.563877,1,1,189
2025-05-14 17:04:35,f497c0d92e3ef81c642cd4c1a2691af36930a6e2f4ee4cc05a50fe16946fcd1a,896698,6550.0,768.0,0.117252,1,1,189
2025-05-14 17:04:35,802043e5aef18d1638170251d673ad5a57bd49e1736688a37d53180acfa0ad6e,896698,1440250.0,573.0,0.000398,1,2,222
2025-05-14 17:04:35,9a8fe7aae827a0da530d903112689296869f2a89aba2c9a55c4e65692318dd6d,896698,5854690.0,1098.0,0.000188,2,4,432
2025-05-14 17:04:35,11320ef3f2c82b6d28f740e8b177f3c381ec5ab6eb08bfd28d21da94329f41f6,896698,546.0,660.0,1.208791,1,2,230
2025-05-14 17:04:35,d94093bf783691b79c0a3aac037a5fa1ce5ee9581b5493bed6cc15ba04d2f0f1,896698,546.0,660.0,1.208791,1,2,230
2025-05-14 17:04:35,a19b073bbaca86b855e2ffeb870f5ef5dc5535016ab65ce610f0dc9f246b1bea,896698,546.0,660.0,1.208791,1,2,230
2025-05-14 17:04:35,70b82383b35d0feedb101c3ce716e0f9d6718a7d8c3df1672297288faee297e7,896698,546.0,660.0,1.208791,1,2,230
2025-05-14 17:04:35,daf311df5d39bda786ab2c526df861174a45f220d8771973fbf647451dbe74e3,896698,546.0,660.0,1.208791,1,2,229
2025-05-14 17:04:35,e62e1dcdada650c8632f8290b088dbe33bd5cd785906c221d148eb4d9aa920d8,896698,546.0,660.0,1.208791,1,2,229
2025-05-14 17:04:35,b79f86c5b01ae020eaac2d246144c733291787e22546876a0f132b5f524093d6,896698,546.0,660.0,1.208791,1,2,229
2025-05-14 17:04:35,805adb4a02bede96274c85a7a3ab6f7a2ceca3494118891ae8886fc6befa68d6,896698,546.0,660.0,1.208791,1,2,229
2025-05-14 17:04:35,18ee80017858e158128c75f5f0c14403cecd33041cb7ad5201aa3ac44013bac9,896698,546.0,660.0,1.208791,1,2,229
2025-05-14 17:04:35,0317849970e60a31c589f83b63d5cdbcc8f9f5dc3d4094f24e56e9b0f61a6fc0,896698,546.0,660.0,1.208791,1,2,230
2025-05-14 17:04:35,03e7a5445c0c0d52fd8d9b83920ed2ba5e9ee94b7c161c0785923a92701f71ae,896698,546.0,660.0,1.208791,1,2,230
2025-05-14 17:04:35,0f76c93665fa068e9b898d7dd0d92df02b21a44900786e647b01cf2df4a3c19f,896698,546.0,660.0,1.208791,1,2,229
2025-05-14 17:04:35,9ea43cb5a3b62adc0c6ba596ec595267cc638ac4123888dc59bed9206cd13098,896698,546.0,660.0,1.208791,1,2,230
2025-05-14 17:04:35,cd9e79bc93daed4e5756770dabd18fa2eea50050810652a28f395024b818288a,896698,546.0,660.0,1.208791,1,2,230
2025-05-14 17:04:35,8e749865f39d57f72e8dbbed399c6be5fc009a1a79fd52e390855da8bf35b681,896698,546.0,660.0,1.208791,1,2,229
2025-05-14 17:04:35,7d6a6cdaf898cece01d6b96ed599cc3af191200d422eb5ed184346856749d680,896698,546.0,660.0,1.208791,1,2,229
2025-05-14 17:04:35,65c2dfd94d0c4d1b7dcc99ab8def8b1854f3f60aa232b1121f64506cec7dcd6f,896698,546.0,660.0,1.208791,1,2,230
2025-05-14 17:04:35,2e186fe51efb0a9ee19823d19901409cbfb5ef8fad13ef22eff9dce2002f5f5a,896698,546.0,660.0,1.208791,1,2,229
2025-05-14 17:04:35,7e6191ee6d54b4d04f48ebe85064d528ac2a54f279c56d49b6031acc7e80664e,896698,546.0,660.0,1.208791,1,2,229
2025-05-14 17:04:35,aa11e185673a06bad8e5592e1c2eef4980dc0ab07cd58aaa8a8cca11ba8b542a,896698,546.0,660.0,1.208791,1,2,229
2025-05-14 17:04:35,f6d26eae5714423aca050946ebbcfc87a8d896dd8bdac688b52e73957ea29b06,896698,546.0,660.0,1.208791,1,2,230
2025-05-14 17:04:35,f4533c7735c8ae11c227ab151491c04578403f3d4d6028163723efd624071f06,896698,546.0,660.0,1.208791,1,2,230
2025-05-14 17:04:35,9541fda179b6e87a0749b285de0117ca42d393adc93c8873d69484facc132201,896698,546.0,660.0,1.208791,1,2,229
2025-05-14 17:04:35,e22c7b39a1d3632b9a2e8962a63ec8d510f73f5ef0c3786ce97d6dad9174ce18,896698,8004697.0,3464.0,0.000433,1,25,947
2025-05-14 17:04:35,9e8d180ac8c43bbc0e4d6ce09437771aa1d1f56fd02aa4e134f0c37dcd3c64db,896698,5053.0,904.0,0.178904,1,2,222
2025-05-14 17:04:35,93104610fe40a6ad95b671867260303b15077ae748842d0194265ca61d826ebb,896698,1999096.0,904.0,0.000452,1,2,222
2025-05-14 17:04:35,4da1c119405ee945b1d6eefb485b16710dbcaa1cb8a791aab22db521cc52e017,896698,6697479.0,904.0,0.000135,1,2,222
2025-05-14 17:04:35,0641fcccb20216fb01032e707ada938e2b1f9fa1a45d3bd316cde4680d3592a1,896698,985083.0,852.0,0.000865,2,2,371
2025-05-14 17:04:35,92c4e9a2e2ac0e3ea312717d947bacee70cca7737983f5fa530aa9a0a5316a94,896698,575827.0,852.0,0.00148,2,2,371
2025-05-14 17:04:35,ad09dc18fdfc4474ff247a614db3cc5df7743c5c0526c2cea13f3f84e4918d4d,896698,12443530.0,852.0,6.8e-05,2,2,371
2025-05-14 17:04:35,2cc1d3b58cbfbc7b6716b9c1af44cc84aa0b2470ba2d1c59b847fa5c44f09902,896698,73609.0,852.0,0.011575,2,2,371
2025-05-14 17:04:35,a2618291cdfc8d616bd0a33e6a450292f8fcf28128720ee11dda02a8936e87ce,896698,13596.0,404.0,0.029715,1,1,150
2025-05-14 17:04:35,f18525a3b64c7f3b59e717ec1af87a2c55c507d7249c6487a137c2511d74cf47,896698,197849.0,996.0,0.005034,1,4,325
2025-05-14 17:04:35,7fcc441725e61aca975b275143f42a013280370c5888a30473ee45db2a97b4e6,896698,192075.0,588.0,0.003061,1,2,225
2025-05-14 17:04:35,b6de273d9e1f5b3515bf412f7bb502d9d19e9302e4447768fe4203b4571d00d7,896698,18796159.0,588.0,3.1e-05,1,2,225
2025-05-14 17:04:35,8820f0edcada9c2d2cd3e1de859dc9e0e1d9fe7f20f03b69c8e6e5632565013b,896698,3097009.0,588.0,0.00019,1,2,225
2025-05-14 17:04:35,254c498ee31687eec9ae49a51dde51ded00722566022d9c794225d065c78e82a,896698,4248618.0,588.0,0.000138,1,2,226
2025-05-14 17:04:35,b7647713a9df107bd1fd9cf2a52a36cf02ca95e87ed1ac804e158d4706fa93a8,896698,121020.0,580.0,0.004793,1,2,223
2025-05-14 17:04:35,3f89d1566dafdca1f5cd234844cfd2d1d5a74c04296f98d846f1771491dd0a9e,896698,91622.0,580.0,0.00633,1,2,224
2025-05-14 17:04:35,eb6572c407125c4c8b717ffced1ca91d6503dd71a94fa26c02504cc68e7ee794,896698,116891.0,580.0,0.004962,1,2,224
2025-05-14 17:04:35,70c7b809f48ba914bffc5af58469d95512cb5b4d22feeada2484f9f7f4502189,896698,10262.0,580.0,0.056519,1,2,223
2025-05-14 17:04:35,c7c3d56c459c74afaee39a18456ed547e5676da057fab87970e8e8eea1142d74,896698,1558213.0,580.0,0.000372,1,2,224
2025-05-14 17:04:35,98c5220cd2a4a9f5a7fbb11d454b2ad4d2158624067b17bd8c0c5ecd85925e5a,896698,136932.0,580.0,0.004236,1,2,223
2025-05-14 17:04:35,1e6b2f1156b55d702866da472ecbbb9cb098f5714cec0d508ea6b4bceec08550,896698,29904.0,580.0,0.019395,1,2,223
2025-05-14 17:04:35,66e9e72f3ad4998480b12ea87789bfa400990f7e2ec5f87fdea38420b7f2d428,896698,34954.0,580.0,0.016593,1,2,223
2025-05-14 17:04:35,549bb747eb77fd1bfa7a92faa5e56cd7071e066e758dbb66b98918275f63ccfc,896698,3705857.0,576.0,0.000155,1,2,222
2025-05-14 17:04:35,ea02389478b1accfa8fc0743099877916fdace0bded59451d7b51961ef1d77ef,896698,5883.0,576.0,0.097909,1,2,222
2025-05-14 17:04:35,21d7e3ba258853c92ec2092bd2127e1dcea080417552e785f5ed85042e64e5e0,896698,572427.0,576.0,0.001006,1,2,222
2025-05-14 17:04:35,4238ec085bb36696b35016c8ddb93b6398c9cbb98b20e21e6226d14ad02e94d5,896698,123219.0,576.0,0.004675,1,2,222
2025-05-14 17:04:35,0ee4bde3b60fe7fa8e476c4571a5ca88fd5e26fabff94969e3829cafbfc519ba,896698,8316363.0,576.0,6.9e-05,1,2,222
2025-05-14 17:04:35,61d9e71b0b4bd5d19e6418a6ff49544c13552038218e00143332f715a2b353b3,896698,44635.0,576.0,0.012905,1,2,223
2025-05-17 10:23:47,04cec8e88ac8787b9ebc15137c59c799474c82f4b7aecc41b79075f70453d9d0,897086,1204761.0,929.0,0.000771,2,2,370
2025-05-17 10:23:47,b09d6931a451ffec4050de7556fb1a2ac408ae6eab5abd6f708beee8539cd59a,897086,226936.0,929.0,0.004094,2,2,370
2025-05-17 10:23:47,e21807082713923e25c240c493af1f00cb03d79c83b5a39317f1293430a4798c,897086,725496.0,929.0,0.001281,2,2,370
2025-05-17 10:23:47,cf8c097adc9ccd6de6369953bb584896454482a1ca2b23f48424e569720bf983,897086,86833.0,929.0,0.010699,2,2,370
2025-05-17 10:23:47,b55bd2f976be80a5150fc1039919e27f1c47463526f57c981fff4f8cf5e8f7d9,897086,1530586.0,643.0,0.00042,1,2,223
2025-05-17 10:23:47,575d893636664262a210b81afc3f8acdd3b3306790febecced0dd90f98942ba2,897086,2591229.0,929.0,0.000359,2,2,373
2025-05-17 10:23:47,72e4954d5391b5a0de157c467872699f38938d8ac308d0afdcfccc23f3765417,897086,1169593.0,798.0,0.000682,2,1,340
2025-05-17 10:23:47,5f88958d478011704aa38010161771ba005e1a0e7041be920d17b33ffd1a392f,897086,116547.0,643.0,0.005517,1,2,223
2025-05-17 10:23:47,c1457093ca751f28b7ee87de9af99546104c9fbc25aa08f8342341332c5f867b,897086,216209.0,643.0,0.002974,1,2,226
2025-05-17 10:23:47,4ce2cd680dfb5b06fd5af68be141f02c57893514abcb2aa5c9aa1438ee8bc2f0,897086,174773.0,2007.0,0.011483,7,1,799
2025-05-17 10:23:47,6e3605b011702b0cf78d8880c11f16887fbdf53475312db605ba244dd04f8a06,897086,7731366.0,705.0,9.1e-05,1,2,223
2025-05-17 10:23:47,840d52cce85bb64a0913a1d4f2959e1b9187c3f90bc509ede58c0d3e558b7366,897086,7755571.0,564.0,7.3e-05,1,2,223
2025-05-17 10:23:47,bc5e81bb8e820f07531d89612a06a8fc8221f93f5d6e1e9dbcd348abecb101e5,897086,70029.0,798.0,0.011395,2,1,339
2025-05-17 10:23:47,ec57cdd3dfcc07df7a89a60dbfa62e9b5e5ece8a515c168957043cc28456b750,897086,108205.0,798.0,0.007375,2,1,339
2025-05-17 10:23:47,ba836428aeaeb4e042db9184bd4c74ea2d15d5c618b2192ecb4030ed7133fd42,897086,1554883.0,798.0,0.000513,2,1,339
2025-05-17 10:23:47,92eb3465f56db923abffd0274acbe790ac7ff2c83d0f401454548620180a0bde,897086,28998348.0,647.0,2.2e-05,1,2,194
2025-05-17 10:23:47,c4acb7f7044fca1face08ec249710f4339ebf96421d069b6a0692f64054680f1,897086,247564.0,643.0,0.002597,1,2,224
2025-05-17 10:23:47,7253c4687bf667850d00bb9509f9b020280e94ab278241ca33b873f77da6bcee,897086,16436870.0,643.0,3.9e-05,1,2,224
2025-05-17 10:23:47,3849cb99d269df2668e62fb15c0a6e8dc1095e8efaa6024d8605ea65b667ddd6,897086,1629594.0,643.0,0.000395,1,2,223
2025-05-17 10:23:47,9089fd4a01ebd38494fbaad052a3f62ce4cb87b5a363a6b25e606cc31a0bbac1,897086,89844.0,643.0,0.007157,1,2,224
2025-05-17 10:23:47,810b19208c04197b64329ce5ed6f5b2c271fbc065bea497c3da965332b62fba8,897086,467384.0,643.0,0.001376,1,2,224
2025-05-17 10:23:47,a1878655d305f8abba0118b06fb7b7bc4f2aa36a86722ce5029a4b64e3a4d5a6,897086,103463.0,643.0,0.006215,1,2,223
2025-05-17 10:23:47,9a569d786ba1a5870efadee926eedd842663ca157edec7c8e3b1983846a1a899,897086,747098.0,643.0,0.000861,1,2,224
2025-05-17 10:23:47,4d05512ae8e70aaeab45b1589fa99069b2de2d2aeb8b1367534e427ab2973b6f,897086,694074.0,643.0,0.000926,1,2,223
2025-05-17 10:23:47,ab61459ada661b22e3b24f653add35bf7f0fb40abe41e6f64b316637564f7267,897086,1972264.0,643.0,0.000326,1,2,224
2025-05-17 10:23:47,cf02a27e3ffddf700590bfe224a49c53bb47b1450aa8cf8773070e267f975c66,897086,270019.0,643.0,0.002381,1,2,224
2025-05-17 10:23:47,a44ed1a620ca6955c410f660777883cd25caa820c6a070de2f85a0764239e645,897086,432240.0,643.0,0.001488,1,2,224
2025-05-17 10:23:47,5fff70b272f923b76c7c11dc9067725eb43eb7264c7842775abae1664f39e215,897086,3987926.0,643.0,0.000161,1,2,224
2025-05-17 10:23:47,db4f4c95315e1c1f6dcdaaa5b468e5a5ac6c44852e56fb2e381488a93036050b,897086,115199.0,643.0,0.005582,1,2,223
2025-05-17 10:23:47,16846e047b2d375a54717f137a45032372b2720096ffe03f364a1dbddd896c03,897086,131770.0,643.0,0.00488,1,2,223
2025-05-17 10:23:47,dcfafb39dc930dc5a314c521ad17e57373124518fae83c86fe4769a461526a17,897086,299628791.0,640.0,2e-06,1,2,222
2025-05-17 10:23:47,1336c39ba8b6c5ed34e85269903fb7574ccc6066b005269cc171fcc4b3a881f9,897086,172306.0,513.0,0.002977,1,1,194
2025-05-17 10:23:47,76bf449b796fbce157d1f7eaa5af9b4a63db959a6a489fab606120cc5fc8a8c0,897086,48487.0,513.0,0.01058,1,1,195
2025-05-17 10:23:47,c3e36377ce00ac4ca0078a7aa5f7a98dfa8a245b3e893d7d8093f49cb7373fbe,897086,265377.0,513.0,0.001933,1,1,194
2025-05-17 10:23:47,d56ee1d42c268a7c25da4873d6468ba39111af42030e58c73dcaa1d30f7bfdab,897086,25231.0,513.0,0.020332,1,1,194
2025-05-17 10:23:47,1e8a642c117887b7b5c50293e97c2d9faa7f9122cba750fccf92d939ba0f9077,897086,203346.0,513.0,0.002523,1,1,194
2025-05-17 10:23:47,60f29bc46c5d4d1a2743245103b42e34b6e7ef4e6f71b17aa6a8083307160075,897086,135365.0,513.0,0.00379,1,1,195
2025-05-17 10:23:47,5adbea14edd4af7cc3e180b4a55b837d2fc3c89097275b18f4856f8661e73773,897086,136841.0,513.0,0.003749,1,1,194
2025-05-17 10:23:47,ac9f139e6c9d741a93cbd7e445995fe922a33ea65ec1b2ade4d7a8237923285a,897086,97274.0,513.0,0.005274,1,1,195
2025-05-17 10:23:47,edbb18b0c9fb858631557247e2024ee56c95d5b0e3138b8039635a196e0d1458,897086,281632.0,513.0,0.001822,1,1,195
2025-05-17 10:23:47,f599b0f2d83163550a18f6af07b51482d1d4cbfb54ebc92c5b5a1cf1d9c07134,897086,1557886.0,513.0,0.000329,1,1,194
2025-05-17 10:23:47,0ee59dc152137c4bf34003c2118b155c9609537fcc4b8ca480bdf537bad32c31,897086,100846.0,513.0,0.005087,1,1,195
2025-05-17 10:23:47,f374ed356bc79315c05e3720613626c2b9475f0c71858dc277d1910d6af07802,897086,637969.0,513.0,0.000804,1,1,194
2025-05-17 10:23:47,6569a67e950afd9f2b647e07db0eae209b63939334b191fd20ed0ac56eb3a801,897086,51493.0,513.0,0.009963,1,1,195
2025-05-17 10:23:47,882101b47118b95cea94ecbe3a4ab6df580984f372eb103adb46853a6a7e6661,897086,29300.0,501.0,0.017099,1,1,191
2025-05-17 10:23:47,270e9d382d392bcff64fdf0fa691fe8ce695f2b24d5637dd7c1fc4f5d87f4ef5,897086,631542.0,643.0,0.001018,1,2,223
2025-05-17 10:23:47,1674e230c4b05601319ae59dd847a7f95460a9b46d8ed788d24ce625cfca1ff5,897086,826973.0,643.0,0.000778,1,2,223
2025-05-17 10:23:47,dc06dc9cdfc4139d9a9804a72333a880ce5dd3ca0700f686d800af286e3c9beb,897086,112173.0,643.0,0.005732,1,2,223
2025-05-17 10:23:47,39b98c2c5974e69f2db9424d5b1f2fdd6c38f5122fe186d8ee32e08f3730b3d2,897086,47379.0,643.0,0.013571,1,2,223
2025-05-17 10:23:47,6a2c8f3b67ec416a4f4f77553ba5a2c88e2fc21516236021cafda70b279f9cca,897086,4775368.0,643.0,0.000135,1,2,222
2025-05-17 10:23:47,5f76fa838719bb2e14e3e8f688e62ff48ba29632441485ed93e4eebef2d34fc4,897086,1784900.0,643.0,0.00036,1,2,222
2025-05-17 10:23:47,452510fcfd6ee880b726dd7edd8c6d591667d9f9127553b0a0815bfae8626fbb,897086,396640.0,643.0,0.001621,1,2,223
2025-05-17 10:23:47,e46aac75a521ae1abceef797184a268dcfdad79eec79c99fbda8721df73112a5,897086,200089.0,643.0,0.003214,1,2,223
2025-05-17 10:23:47,8b036bb8b100946112544c1d176da6a5be9cbe39f0e5b2b8e28aa625438a34a3,897086,23042.0,643.0,0.027906,1,2,223
2025-05-17 10:23:47,5b5c8a0102edd25cadfbd39b25ebc247aadc412f99c889930df3617284a78f9c,897086,703799.0,643.0,0.000914,1,2,222
2025-05-17 10:23:47,eb106af2e0bc8e61c8203e409d6643385ebb130d8ee39c6e49666576b107c28b,897086,73713.0,643.0,0.008723,1,2,223
2025-05-17 10:23:47,b30b63de08fd51ffe49279c57163df34f15eb3b209fcae7331723fc00c4c2982,897086,329231.0,643.0,0.001953,1,2,223
2025-05-17 10:23:47,fc93e4c8e1dbdae96178a52d128b08d11b1101db8fc444147fbbfd3dbabe5a81,897086,6905461.0,643.0,9.3e-05,1,2,223
2025-05-17 10:23:47,866810e926ca28f11866ae4edef60c1d8a79f324fe38c810fe6a111e10831980,897086,682874.0,643.0,0.000942,1,2,222
2025-05-17 10:23:47,7bff969b8e8ecfcee068ce21cfbd4030a1f48e4e0b5c8b1b2a5ac082acb7667e,897086,390798.0,643.0,0.001645,1,2,223
2025-05-17 10:23:47,4f3bd38ae0841d0ebb9243ebdf1139c60bdad731696ea9d768d4b0867d707e79,897086,45408.0,643.0,0.014161,1,2,222
2025-05-17 10:23:47,9adce32bb10f8c1f1c66480596068ae1d3e675fa22b9343a1b1e87a96d927774,897086,697846.0,643.0,0.000921,1,2,223
2025-05-17 10:23:47,b7b1c03458370fe75fb3366e00a90e6262695d4d095ffdbb642f763e530d8c9c,897086,744189.0,643.0,0.000864,1,2,222
2025-05-17 10:23:47,32dbe9210c0a827ed7907924d6a560ce44195f40d2d4510025550c233c734974,897086,121922.0,643.0,0.005274,1,2,222
2025-05-17 10:23:47,f710afc70b960a3740db5f9cf9e47a4d8855a7d5aa103bd71ed1758aa34b0a73,897086,462120.0,643.0,0.001391,1,2,223
2025-05-17 10:23:47,261cd880220c388366eaaa9c40bb4afe96de5e05a8466fa728f0d32b61aea365,897086,126113.0,643.0,0.005099,1,2,222
2025-05-17 10:23:47,70cd9b7c33d956e0bb490d7eb1c24525ee9634dd43fa80000bf1a9fe35b3954c,897086,235869.0,643.0,0.002726,1,2,222
2025-05-17 10:23:47,82e9b3d27248ccfe892fec4dbf26a860361ab26d901a4a407ca67237679529b9,897086,2373302.0,643.0,0.000271,1,2,223
2025-05-17 10:23:47,ecb697473b6dd57b00043d7c72590788fac0a9d7587b4f4e8b1558928ff9eb4b,897086,217088.0,643.0,0.002962,1,2,223
2025-05-17 10:23:47,0d89511f8d65e77588855db6481ffa4fe1f1879e24f2db3afb2ae6d713c80848,897086,76413.0,643.0,0.008415,1,2,223
2025-05-17 10:23:47,985f959ee00026642de66f7e460404b04eb236d8fa634298c9bb3663e926b742,897086,312490.0,643.0,0.002058,1,2,223
2025-05-17 10:23:47,25ef955cfe5e45eadcc452c7d608fec65d6f859f51414bf33457b6c562b7223f,897086,1009357.0,643.0,0.000637,1,2,222
2025-05-17 10:23:47,3a6de56a644fac1f9597713bea2bdcd1f9814cdc9eedecd5aa80e87409e50b3c,897086,583530.0,643.0,0.001102,1,2,222
2025-05-17 10:23:47,11677c32252388f017dd66c024852eeb308900d84c8aaa199093aeb34f9bd13a,897086,77495.0,643.0,0.008297,1,2,222
2025-05-17 10:23:47,86ebade6a9e3f8d414014a450a5120e6577a1972c4dafb24ebb9d30bddf20c31,897086,208157.0,643.0,0.003089,1,2,222
2025-05-17 10:23:47,b3f02f9f4a81117d8c781ba3863101cb87301d05e4366f5a1ad42a1d4b5eb82d,897086,117217.0,643.0,0.005486,1,2,223
2025-05-17 10:23:47,ac78d5e5f6e17737a6e4e3cadf3fbf2e2bc6cb1ff0e5d43d4e55cc62f6b3392b,897086,100737.0,643.0,0.006383,1,2,222
2025-05-17 10:23:47,3c9e7f79900b506a79d2be444e5acd034d307dd87a9f402e73e9ba7f4852ac25,897086,1227037.0,643.0,0.000524,1,2,223
2025-05-17 10:23:47,7f926875c367cfb0492030ad97f2e7afe088225e3cf7da0067557b79bbc49318,897086,1711567.0,643.0,0.000376,1,2,223
2025-05-17 10:23:47,64402bd2496421e45f923d79d6b278eb9284ad974e29885497999f5e3b2ecd15,897086,151020.0,643.0,0.004258,1,2,223
2025-05-17 10:23:47,b089b159175a44b9b43869dde2e134bf761c7dbed43e8812f98102abfbb0b714,897086,3250875.0,643.0,0.000198,1,2,222
2025-05-17 10:23:47,47e25c516de27fd2174b8e4ffbccd450636c3adc49fe7818d6d88d22d812cc12,897086,485677.0,643.0,0.001324,1,2,223
2025-05-17 10:23:47,5159ba9a9e9785426a24edfc543c3aee2587a27c95d9db41e127b542684cd00e,897086,44569.0,643.0,0.014427,1,2,222
2025-05-17 10:23:47,5bdd85ab3f8ed22461212708548a8662b25ff470b1f4a05a4e0b4f209d339105,897086,1498287.0,643.0,0.000429,1,2,223
2025-05-17 10:23:47,36bdcce01120670180380a2c7377d78f34b1fb3c46b5685aff027fa0d8cf4605,897086,274232.0,643.0,0.002345,1,2,222
2025-05-17 10:23:47,8f9191ec2d506db5179a422cbf1c0de989bb7ffe66f4549344ab6521b46f7300,897086,115794.0,643.0,0.005553,1,2,222
2025-05-17 10:23:47,35fdb3cc482828c88fe50616d0618c271c47acca600234e68678a1da5f72c7e6,897086,253784.0,643.0,0.002534,1,2,221
2025-05-17 10:23:47,2b798c26d4ce5d45fea3a68e6c13cb7d0d0457fb275c8c80004911b279188d0e,897086,319683.0,770.0,0.002409,1,2,205
2025-05-17 10:23:47,8138f3cb5a97bb9fb96618258f3085366c52d48416683d5b88ea3b3a7ba6296b,897086,340453.0,770.0,0.002262,1,2,205
2025-05-17 10:23:47,5abf2cf071b74a806edc2d813f2ae43a57a39ee9f99cae4a1b46bf758416a163,897086,361223.0,770.0,0.002132,1,2,205
2025-05-17 10:23:47,1e9bb4912c382c1d49a38ae6f117d2d5fd8354b5321307a4680783327a7154d3,897086,381993.0,616.0,0.001613,1,2,205
2025-05-17 10:23:47,d949a021feb1ffc11272c97dd0a71b8cda9eef43183cddeeef9c724bd4f213b1,897086,402609.0,616.0,0.00153,1,2,205
2025-05-17 10:23:47,2fb864f434727e5bfd4620ee33d2e271920242193bc89acb52a51d80cb8e64a8,897086,9590746.0,649.0,6.8e-05,1,2,222
2025-05-17 10:23:47,d5b4ba2c68f2ec281e3ea410bb29e8cc5bc6e2a3d43495905a5d65fa1c0d12cf,897086,3499.0,1032.0,0.294941,1,1,224
2025-05-17 10:23:47,bab249a70030871ecfe36b17e202924576100c14cba096028ac99ee22ccf0ad4,897086,187037.0,963.0,0.005149,2,2,372
2025-05-17 10:23:47,65c414421ac7a6bdc533968d34b200503c93e41663eaf1420f7a237935d1791b,897086,224295.0,963.0,0.004293,2,2,371
2025-05-17 10:23:47,483241a6e932106539f93436daa15274011f1633fce9ac7e437be94cc123e327,897086,643399.0,705.0,0.001096,1,2,234
2025-05-17 10:23:47,af30baea8e10c982a45a8f51a9983c5a47158238eff6bb1b197b1847a9bd4922,897086,759193.0,705.0,0.000929,1,2,234
2025-05-17 10:23:47,ba0a44590e4b127431c509bfec8657a12227ac1bf024c2d27e52c56afe781401,897086,631360.0,2440.0,0.003865,5,2,931
2025-05-17 10:23:47,38048ea8d37826a047aafef6ecce77cecb65dbb47e6cd746fdc2ba8b919a10b5,897086,1021663.0,513.0,0.000502,1,1,193
2025-05-11 15:49:37,a9cf0f7aed583574e1488a41237a73572d2ce0ac7ea983c1bd62b6357020e3e1,896276,71858.0,223.0,0.003103,1,2,223
2025-05-11 15:49:37,74cd562d1416391b17b9d83feae7b0be83fffd061f6e05928bea88bb1bd16b5e,896276,365234.0,805.0,0.002204,1,4,450
2025-05-11 15:49:37,efda8f308707ad2014a84994e7cfe85aa21d9851d00df30df847550ccfe6ce5d,896276,262467.0,805.0,0.003067,1,4,451
2025-05-11 15:49:37,9233efa765227245ab377262500521caa86db617546fd114a647b95b14aab75c,896276,330.0,151.0,0.457576,1,1,322
2025-05-11 15:49:37,7a53518cdd0010e8c29284e6b5eeca8213e25c1ef83320bdd03a1e757faf485c,896276,679108.0,181.0,0.000267,2,1,343
2025-05-11 15:49:37,5fabd1bad4e77268932a6c79b90ed3c13c5beedc481aeb77c9550c1736d70e5c,896276,546.0,153.0,0.28022,1,1,327
2025-05-11 15:49:37,b54a159ec70a28b1a45a1fa0fde28808edb4c5c72b038651df28e5cacc3e6085,896276,606400.0,154.0,0.000254,1,2,205
2025-05-11 15:49:37,8a8a27adb848035c8f135eaaed29d16c92d7213a347222144382d501e326e55b,896276,959333.0,214.0,0.000223,2,2,376
2025-05-11 15:49:37,aa1efb8426bdcce571f912a44cd61334ec7ce23ec2ef05d5c721f6d5d84df65a,896276,5843245.0,1031.0,0.000176,17,1,1874
2025-05-11 15:49:37,5ab361bd2c65c98c06dada25ab7437be62775f23d78904f6231326ae8a21de5a,896276,330.0,151.0,0.457576,1,1,321
2025-05-11 15:49:37,0e8e22ef0db7ba4b299698cc2c58705b79ad737b2bf6d51a11ba40da2db3ba59,896276,15582.0,154.0,0.009883,1,2,205
2025-05-11 15:49:37,8443deccb9afcf4374d030cb4ef09126cc7f3cf86ec3bdb37c3a5474d62b7258,896276,1255196.0,154.0,0.000123,1,2,205
2025-05-11 15:49:37,89ce6d994efad708b9fffed69a1a48cec8494edf110200d64ea41e2d504b3c58,896276,546.0,154.0,0.282051,1,1,331
2025-05-11 15:49:37,de1127c5d23f094fc94eafda6029d6d0219f945f58205f2bab85db0568813961,896276,214980.0,154.0,0.000716,1,2,205
2025-05-11 15:49:37,3e9c55650cd733cc7b4f1667fde647e53c59c147248945914ee660f47e922958,896276,135625.0,805.0,0.005935,1,4,450
2025-05-11 15:49:37,e66cfa1dd69aadd9739976f71e3c9b4c0edd9d3257124f9e01e571cfd31aa457,896276,131753.0,805.0,0.00611,1,4,450
2025-05-11 15:49:37,dbcc8384d474679e8cbf34b563e065c1c328ed780a3237dc845c7552a27f2c57,896276,1712.0,154.0,0.089953,1,2,205
2025-05-11 15:49:37,8d62d2815825b4e1738bc3f8bc5f7aef6ae451459ea53b94987bda4440eca456,896276,499878.0,122.0,0.000244,1,1,204
2025-05-11 15:49:37,2e9d6f0c1f1050e7c9bb17cfb84475209aba98e4b0c8f76e95520904a9273b56,896276,546.0,152.0,0.278388,1,1,324
2025-05-11 15:49:37,016f4ad4063788fbaa995b1facd3ebf3be5f1d10694b028257d17cce6d8bb85b,896276,87170.0,154.0,0.001767,1,2,205
2025-05-11 15:49:37,3636801653660e5d97355c8907854cc2fbe958af043d700c0972c6665e033356,896276,546.0,152.0,0.278388,1,1,324
2025-05-11 15:49:37,eb55da241563fd3030e3ecbfd03a872b49b1a70b3d6edd847b2a5434ba478972,896276,15732.0,154.0,0.009789,1,2,205
2025-05-11 15:49:37,073525fc394fa5ba99fcda89b24c56922be784004d21bba516defb02b3c9b155,896276,546.0,152.0,0.278388,1,1,323
2025-05-11 15:49:37,f263aeb72c2cc4edd9bf07ab8dfe28b1bfdd459bf642fe04af923832618a6755,896276,19898.0,102.0,0.005126,1,1,153
2025-05-11 15:49:37,7d07837b65de3e0c126676a56f2164aa50b35c1be04b2f1898dc87c0b9be5455,896276,546.0,152.0,0.278388,1,1,326
2025-05-11 15:49:37,78d47238e2b145e15b98de0847cb60517a014d9437c951f90a0c551304d92f55,896276,209591.0,154.0,0.000735,1,2,205
2025-05-11 15:49:37,ee463738dc64118ff222ec8d033e83f69d4876918b2514b8f525fcea34661155,896276,48064866.0,141.0,3e-06,1,2,222
2025-05-11 15:49:37,9d9913e29c242194ca85b01849c03de798ad91f832e393e25697cbcb83fa3769,896276,50067722.0,141.0,3e-06,1,2,222
2025-05-11 15:49:37,561ff102a6388c16ddf26f10c9a02efe04db1da7f0f8c67fa7b0113518b21b54,896276,546.0,153.0,0.28022,1,1,327
2025-05-11 15:49:37,f171bbe10cd4d77ad33b42b0c7440b9877d6200d90ccdbc52ddc76a9f1eb087a,896276,312813.0,154.0,0.000492,1,2,205
2025-05-11 15:49:37,d728139a54dbc434b6dc7d4965147e8cd4e111af817a2c5a4051ef3eb821bd52,896276,122778.0,141.0,0.001148,1,2,222
2025-05-11 15:49:37,d42ca641909ff52781a6282a632d92a70db762ed1b4268a687de5d0562f24952,896276,89958.0,201.0,0.002234,2,2,301
2025-05-11 15:49:37,5fc6418104b099dfe55a845143c07145fc35fef600a34c03c9a2adb7cad71351,896276,546.0,152.0,0.278388,1,1,326
2025-05-11 15:49:37,444bf014dad377affc9827aea4ec74404ec2d6004f237b9603f04fd822455c50,896276,1958714.0,277.0,0.000141,3,2,521
2025-05-11 15:49:37,de7321a611e21e12028d3398a7807d51c6c33decbd14218b08aea0f6dafb7b4f,896276,546.0,152.0,0.278388,1,1,323
2025-05-11 15:49:37,2942ea5feb0a782734866a39c1c586b87dcf56d225c4667ef476cc085be6574f,896276,31836.0,110.0,0.003455,1,1,191
2025-05-11 15:49:37,7f2ff1d0c8eca58e57e63483f173dce2fd185cc953322097cd57693b0d08d44e,896276,1748.0,154.0,0.088101,1,2,205
2025-05-11 15:49:37,8414009f91a5f5a97edbe67590e5ca16143cc4fbea3b81227fa63c2202c0584e,896276,4999890.0,110.0,2.2e-05,1,1,191
2025-05-11 15:49:37,9242386372dde4bdd1d312a18638016f4ceb6e0bb13ece764b65f31b4e8fd24d,896276,330.0,151.0,0.457576,1,1,322
2025-05-11 15:49:37,d89968d868f7097e0c1535773bbf6971e3b70cc84ffb21dae6d8c6fc09a4894d,896276,330.0,151.0,0.457576,1,1,321
2025-05-11 15:49:37,9d3a9f01beab6966f30812ab988c80aa734b8888e69496c1a934925dfcb86c4d,896276,25028477.0,110.0,4e-06,1,1,191
2025-05-11 15:49:37,25ccab8b2473470cacc7c95bb9bd5cc7cbb77588165879ce57401b725bd22f4d,896276,15895.0,154.0,0.009689,1,2,205
2025-05-11 15:49:37,31dd8ea4cd913e8c6e83e7321a2953dbec8e4fd1f3407f5520e6aed39868ae4b,896276,47127.0,154.0,0.003268,1,2,205
2025-05-11 15:49:37,91e405ab0af04e34b52bc7d41ab7018cba50b4e01a35b97b3f41fcae79e55a4b,896276,39889.0,111.0,0.002783,1,1,192
2025-05-11 15:49:37,4263df1b84c41171cb76576712e1b22a336059bce2b3407088f2fcb87bdb084b,896276,9847.0,153.0,0.015538,1,2,235
2025-05-11 15:49:37,a0458c5d087c17343f73063f2a4b8315aba5530ea02385cc1c5d08b6f731e84a,896276,1772204.0,212.0,0.00012,2,2,312
2025-05-11 15:49:37,c1de8ab4e8f637680bd0d625247aa41c7e935649337a85a99ac033be63fe804a,896276,546.0,151.0,0.276557,1,1,322
2025-05-11 15:49:37,0381f1e0407354f341930805381e0ba54463d536d52602e4bd525aadf65bee4b,896276,128760.0,154.0,0.001196,1,2,205
2025-05-11 15:49:37,714de3a166e92f657e5c94d343cd7fc1de608d38bd1fdf6946f266591c31b849,896276,32185549.0,206.0,6e-06,1,4,287
2025-05-11 15:49:37,c800730e320d60ab56168cf9ac731326499856872d962ebf7d1ba97923c7ab48,896276,546.0,152.0,0.278388,1,1,325
2025-05-11 15:49:37,ae70664636dd06ad2e7e55f663ef8cd5927d2321ab7e6d551cc8c7ad299cd860,896276,16510.0,154.0,0.009328,1,2,205
2025-05-11 15:49:37,be2ada8add2fdffad88607f2c040d21f07d41d85ae888c62471e1178324c8448,896276,15062357.0,170.0,1.1e-05,1,2,251
2025-05-11 15:49:37,b7ea16a7047b4a8566b248bf7cec29ce1b430458bdfec46514931c41e7d47948,896276,201033.0,165.0,0.000821,1,2,246
2025-05-11 15:49:37,27cadb612684a583cf03b8decf66248a830de236db81ab3900d25d32bbf94d48,896276,389541.0,153.0,0.000393,1,2,234
2025-05-11 15:49:37,fa946e42c3c9ef306657a833785e2345be537a6cf195ac3736ccbb27c1091f48,896276,29588.0,154.0,0.005205,1,2,205
2025-05-11 15:49:37,e8d5b9cacfee26ce496bc2716de9ec8eb7135c19c66e764a07e51567dc57e747,896276,128826.0,805.0,0.006249,1,4,450
2025-05-11 15:49:37,c5f0336abf66bcaea1a12a67cc6450811e05ea04cc639a336cc2fc5265ce9147,896276,330.0,154.0,0.466667,1,1,334
2025-05-11 15:49:37,a2fa882bbca678b77d459f0b90d3b31fcd38a7121cb2fa20117e15c2fc676550,896276,110999.0,197.0,0.001775,1,3,248
2025-05-11 15:49:37,f8a63730c6a193cc352676de1b893d0ee37c2a2fd5f6238467a51f5cee466646,896276,249565.0,212.0,0.000849,2,2,312
2025-05-11 15:49:37,fed46aa9edb5a4aa45dfec6c770bbca84b4921231add285501fbcc19bf433f46,896276,546.0,154.0,0.282051,1,1,331
2025-05-11 15:49:37,06bb49e66532b42a493ea44e65ac564332b8cbad46f34336aa3a1ddbe669b5f5,896276,52887.0,154.0,0.002912,1,2,205
2025-05-11 15:49:37,d62980aff576dcb6e3db484f555c7688e3d21c27b45316049f6aeef859ce0e46,896276,796914.0,154.0,0.000193,1,2,205
2025-05-11 15:49:37,9aef2b7cd68f6df20dc9fddb840071068ea1179a3697b41b90d2ccc818c5fa45,896276,135636.0,144.0,0.001062,1,2,226
2025-05-11 15:49:37,b5b1769a2461828eb146ca37e102d789ce1fed8f4abeaa3c16c6e6375b840145,896276,19898.0,102.0,0.005126,1,1,153
2025-05-11 15:49:37,dd77c755f3626f3cb9ebe8e4493e71b02ee02ba20809a075e53eec6bff4cc644,896276,19898.0,102.0,0.005126,1,1,153
2025-05-11 15:49:37,235aed8917f6db4c8b2dfc22599f1928863dc07ee85e0155d1206b23dcaea944,896276,546.0,152.0,0.278388,1,1,325
2025-05-11 15:49:37,e6553fae940f68b28b1cddea372206a34a462deb06c9d6f4bac8739416fc9344,896276,392739264.0,142.0,0.0,1,2,224
2025-05-11 15:49:37,8588b5bf98e4d18f5e4c505bcae45f0403fb4c8dba856ff1291a2384318e7344,896276,135092.0,154.0,0.00114,1,2,205
2025-05-11 15:49:37,c40167e865adc44ea14bdc0a53bc466f9061d7ef97f41d9a57f89d1527ed0143,896276,546.0,151.0,0.276557,1,1,322
2025-05-11 15:49:37,4c3f9169cb0c19ff3d93e70c286a0f2e6db6e3a74722db0bc4ae2948c685d37c,896276,125720.0,154.0,0.001225,1,2,205
2025-05-11 15:49:37,60f1be66a86df1dfa3d8ed65f0014fbb561d7e50f132017f3d569f24c6306341,896276,330.0,151.0,0.457576,1,1,321
2025-05-11 15:49:37,5d650b0fad3bf8df9b6e2a8696f21a9ba352193f6d53e644ab023bb43ef3a240,896276,295874319.0,175.0,1e-06,1,3,257
2025-05-11 15:49:37,98baf8e64e31d319c37301b4fe4ce4e583131745fc49adf7dcbbe87fe1307f3f,896276,711889.0,111.0,0.000156,1,1,192
2025-05-11 15:49:37,9b225b73ea44d1f98755999080939b8f43218f5d1eae2eb900a514ef34b67b3f,896276,1015429.0,144.0,0.000142,1,2,226
2025-05-11 15:49:37,ebfb42a486dcce06d002fc1cc0eb1ef9c066ad99d4c7766a669f1eb54463e43e,896276,26168.0,154.0,0.005885,1,2,205
2025-05-11 15:49:37,baaab552ec090d3b0b2cf9dab5e32fb1945d433fc4c7ef66cbf152a23ad1e13e,896276,330.0,151.0,0.457576,1,1,322
2025-05-11 15:49:37,b57fc3106db1e04792befc234c5c944dc793e6f4d2dc49ee1c30be30656cd53e,896276,36483635.0,141.0,4e-06,1,2,222
2025-05-11 15:49:37,e5d54956ebe790a23c2fbf527fc9768b8a681e89166f403a0c7a4c2ce7c8013e,896276,546.0,152.0,0.278388,1,1,325
2025-05-11 15:49:37,96b44d0374bb6df6204f7a48a25237254b52ae4849de18a0d69009a1650a7856,896276,1646.0,154.0,0.09356,1,2,205
2025-05-11 15:49:37,38262a83f44ea9a362fb68db63e3f54f40be90c807d636af388097f8a55ee33d,896276,546.0,152.0,0.278388,1,1,325
2025-05-11 15:49:37,7872555aed5e6e566efc5a04b49decae33ac8da26d52c5be08050d18b504933d,896276,84725.0,275.0,0.003246,2,4,375
2025-05-11 15:49:37,5e3b83925646f22bd73b77a8b13e22325598bc00cc511a38e9ab06d73bb4753b,896276,235296.0,356.0,0.001513,2,7,519
2025-05-11 15:49:37,393c4b46a434a1279a0513124bb4b355e8865d665b2d4fd9243cc9e533206c3b,896276,576307.0,142.0,0.000246,1,2,193
2025-05-11 15:49:37,0a60de1cd90593644cef6883be8a1a8e3cfde3b0cb2d47dae2782d366d8b8b3a,896276,697617043.0,141.0,0.0,1,2,222
2025-05-11 15:49:37,87d1c317177f875e69f3656eca4559d07c5055233d3f407cb209b9ab58dc2639,896276,330.0,151.0,0.457576,1,1,322
2025-05-11 15:49:37,462decd52bb2dc77ec7316ce6ff963a145ed2097d24287eab1f48be119bda338,896276,48014.0,2986.0,0.06219,51,1,5512
2025-05-11 15:49:37,5d570732d5b4ae95ef2c1a8eceab2a4a16e50b230895bb5c707e88cf226b7a38,896276,5153023.0,974.0,0.000189,16,1,1767
2025-05-11 15:49:37,7b4ce0ee94947c51391a513b5b4e2888e7e52face0c55d2ddcf98cfefed76a38,896276,1311145348.0,172.0,0.0,1,3,253
2025-05-11 15:49:37,9473d32faea90941258c99baf5e4694cb179774fcc3bcb39e408b4a1b9e52538,896276,1715117.0,261.0,0.000152,2,4,393
2025-05-11 15:49:37,cd75761d707e9d9d39ceac67ef4c00d1911fda983c9085b7db9b741406190938,896276,79531.0,111.0,0.001396,1,1,162
2025-05-11 15:49:37,512e57e826a857ae22e38142eb563e3b9d9b4e0fe88615b20c0d4e90d515f335,896276,293489.0,154.0,0.000525,1,2,205
2025-05-11 15:49:37,d9390c1ec1dd6b12dc58403eb9dc456d76f069b943e8d700f07338fe939dda34,896276,109629424.0,258.0,2e-06,1,5,340
2025-05-11 15:49:37,ea8d9026e65945e48d60cd625f1d7bbb7ad3b68cd51e21ff2898d9857ea34233,896276,18467.0,110.0,0.005957,1,1,191
2025-05-11 15:49:37,1930df20c189c9bde814ccb8656c10104abbb9ff0ad66b76f2a0fd881e6b1333,896276,94472.0,142.0,0.001503,1,2,193
2025-05-11 15:49:37,5483d1ef56d2f99208941de51ffe74d6134feabc47dbe101014560b276c4e432,896276,3306713.0,220.0,6.7e-05,1,3,411
2025-05-11 15:49:37,2e66b15b840d64a17f2c7d1926782c4cc662550aa10816bb01a775ed31bfbe32,896276,5789612.0,974.0,0.000168,16,1,1767
2025-05-11 15:49:37,a7f7307de786ddb9394e884dfe7c1aea10d5272298f28a5cfb30c28d4c1abf31,896276,65260.0,113.0,0.001732,1,1,195
2025-05-11 15:49:37,9cfbca2d11fee6d769a913da7f647c887523239cc6938d2f4482e6614ab4ac31,896276,78244.0,212.0,0.002709,2,2,312
2025-05-11 15:49:37,7e7fa0d5b6ba69aa59ec15dd2d9dbfaf5e4d08cbd26a94dd8b3ece444660b788,896276,78456.0,212.0,0.002702,2,2,312
2025-05-11 15:49:37,3fbd5121663c8fc56d0126016974ef5eeeb0b9b9e6dae6d853c49c6d7cf68be8,896276,78668.0,212.0,0.002695,2,2,312
2025-05-14 17:09:36,3f82d18fbbb93c44a41ad8061f7de2988e86bd93453bdadf15601a03ace3c69b,896699,174319.0,599.0,0.003436,2,1,340
2025-05-14 17:09:36,fde4046458a3c8b8b96ba6428bc06d070df67dbb1e4462b562248a8a5dbda281,896699,1695940.0,599.0,0.000353,2,1,340
2025-05-14 17:09:36,a4e67041862f13c188b95fc484109a5c9d41c50bc12e28c16a42a44d4cbe6964,896699,1010051.0,599.0,0.000593,2,1,340
2025-05-14 17:09:36,46891488c35fb5cd02942df270250744ac9f7a28f645864be967db9813695fbb,896699,1029838.0,663.0,0.000644,1,3,248
2025-05-14 17:09:36,dc97e1f6e3d6553f415bcdb510e3cfbbe2c9dc7d0c1a3a3a70765d901530032d,896699,384462.0,634.0,0.001649,1,1,188
2025-05-14 17:09:36,4d4d371f07c7e7e3c4b0d735fedac9514378a307af61ec28947fea5c226d4790,896699,3142.0,705.0,0.224379,2,2,371
2025-05-14 17:09:36,2709f31267792ac98ec167041f3438c719d898df03950f59ae9bb5943af48eab,896699,1080408.0,560.0,0.000518,1,2,247
2025-05-14 17:09:36,c2afc6491c478a6be87d048523d9d655e908034c66ad252bab4ca3beee8b67bd,896699,1455.0,477.0,0.327835,1,2,222
2025-05-14 17:09:36,d80388519e53d228335d090e036eb9ec5045991bed691e0261524343d6690edc,896699,684490.0,599.0,0.000875,2,1,339
2025-05-14 17:09:36,bd2adbcb880f6192ec3d98de739e616c8817faedb690ed1cb953409677503dfe,896699,167073.0,482.0,0.002885,1,2,223
2025-05-14 17:09:36,faa752f8b0b14de71a6afc3335daf6065de85fa2b15d02f59c650eb9fb2ec5fa,896699,4469266.0,482.0,0.000108,1,2,223
2025-05-14 17:09:36,b4a553961fb1ec3f0ec82de0ffb0b6975a4bcd2d6ab9f2e1d79b71279114ecd2,896699,235756.0,482.0,0.002044,1,2,224
2025-05-14 17:09:36,a31eaf4b89be7e741661d0e75b3d315cc3d7bb817f8f3fde29ce99e461ffb3c0,896699,429446.0,482.0,0.001122,1,2,223
2025-05-14 17:09:36,4e62b78a68589f1e32789dd30c211e35f6074077db6fc69ab5dd5a9fea91c8b3,896699,110747.0,482.0,0.004352,1,2,224
2025-05-14 17:09:36,7697c9fd5a277893da30c57bbc1768bac8b7500f42f9df7ef904fb650e69dc7c,896699,304937.0,482.0,0.001581,1,2,224
2025-05-14 17:09:36,b23b81a189d6e79f457e9ad0e2720e85205df732c6720ce7beb53ba839476e70,896699,4946241.0,482.0,9.7e-05,1,2,223
2025-05-14 17:09:36,67d9b9e834b74cb2b070cf1cb03d2112b829e051c801567cf971ffaa76ec5a6b,896699,1230517.0,482.0,0.000392,1,2,223
2025-05-14 17:09:36,17bf3fe814e423ca1cd41941bd9a8ff32b221b3ffcc31c01e444dfdd2f6f3669,896699,236222.0,482.0,0.00204,1,2,223
2025-05-14 17:09:36,ce4b009b631a44041da27a3a92f35e4e86279b5d397ad66d88eb241762d24522,896699,9777985.0,5761.0,0.000589,18,2,3069
2025-05-14 17:09:36,7156fad9557bc357c693736c3abcb88583cde4ee2c6e20cacab56c628eaeb0d8,896699,250624.0,374.0,0.001492,1,1,191
2025-05-14 17:09:36,4d176a95cf0ad3c4f1c034cdeff73bc73e47f582f6c5889667244e8b5af8a6ea,896699,19087.0,385.0,0.020171,1,1,194
2025-05-14 17:09:36,3ad39722bbdf130d2256b2466c38a12d68ed1c59193df4092977e1eaa780fbe8,896699,541985.0,385.0,0.00071,1,1,194
2025-05-14 17:09:36,e95c3f520650444d3cf739582b34dd46c6652a31aa58a8aac3f9f054cdf893e3,896699,50368.0,385.0,0.007644,1,1,194
2025-05-14 17:09:36,3de42e87b9c6dd8cda1c684d48c8e330e0b8fbd06dcc8d8aac52e70c2153e190,896699,1635443.0,385.0,0.000235,1,1,195
2025-05-14 17:09:36,2a4a3a78073dc7065a6dbcf384fcab4177dd27ad9e587ea809ccde7499836a90,896699,28652.0,385.0,0.013437,1,1,195
2025-05-14 17:09:36,3856f353fbd06ec0da69b48f97940ce3311f21d00e5e6f2f84db513cb4d46e80,896699,3129096.0,385.0,0.000123,1,1,194
2025-05-14 17:09:36,3c500841557a33e996b3b9e352e7189dc142ae8b8dfc2f2ca2c10f18dce96b18,896699,303559.0,385.0,0.001268,1,1,195
2025-05-14 17:09:36,192bc49ad6f6a14e8a256fa40351049e7e2e6ed7a4b14bc69e9d631e911dce13,896699,174504.0,385.0,0.002206,1,1,195
2025-05-14 17:09:36,bc15325d97cb1b4a6fc63183114e879b213aaea9d924b8c1f643c813940eca01,896699,28623.0,385.0,0.013451,1,1,195
2025-05-14 17:09:36,a09a595af795fe45b20911c15214b12fe0c13fd582d8dd25ea3a8aa027fe8e01,896699,121793.0,764.0,0.006273,2,1,386
2025-05-14 17:09:36,5362ca992e723f94407fe9d32b61b49b83930c664302efe26170cb5ad84c517b,896699,199528066.0,481.0,2e-06,1,2,222
2025-05-14 17:09:36,19adbb197d81834bc5cd658b946dbfe4cbd113ec510256ad45a98f709ec755f8,896699,915851.0,482.0,0.000526,1,2,223
2025-05-14 17:09:36,eb93b69232322af151e1b3739446d3e3a0e7a5f4469ec473eb366a47958392e9,896699,5673544.0,482.0,8.5e-05,1,2,223
2025-05-14 17:09:36,411fd86fe75fb5b7e92f4c10351752e3c7404345fc770c11eb4047d96a4d77e7,896699,668034.0,482.0,0.000722,1,2,223
2025-05-14 17:09:36,61fcf02a87a72588443f974a0e378b574ff1d06722fc0c24c3750ee4297b73e0,896699,598670.0,482.0,0.000805,1,2,223
2025-05-14 17:09:36,edf8243c37ff2ae51e1565ad5b8844c3b112019ff0a008c65aa7916d874be8db,896699,280549.0,482.0,0.001718,1,2,223
2025-05-14 17:09:36,dfffd7ec7d2292c2a8257fdc9b010209523e0c63e9ad02b1bac0a0b53f4f87d3,896699,206188.0,482.0,0.002338,1,2,222
2025-05-14 17:09:36,cc11e9e1f77b60f5a94843dca49a1a27a2f428ea397fe9f8747a3caebf97f2ca,896699,8458.0,482.0,0.056987,1,2,222
2025-05-14 17:09:36,9664d22f727f9b825f42d6e7a929224231be0250bd9dfd52151afd3558acd9c8,896699,4198431.0,482.0,0.000115,1,2,223
2025-05-14 17:09:36,8e3d6be1600d938db6871eca24f832107ec57f00e4d9126ca1e34a60f7e117c8,896699,962139.0,482.0,0.000501,1,2,223
2025-05-14 17:09:36,bf5cf1c4898ea5791cd4178798836bfe0dab3dc54e588da41fdf6c6fd948b1c6,896699,95720.0,482.0,0.005036,1,2,223
2025-05-14 17:09:36,fd025fc8126ee86c44967a07d0d4d04105cc744751b35116a1626fa24ebc56c0,896699,114367.0,482.0,0.004215,1,2,222
2025-05-14 17:09:36,1004e29a1cdf78ec357d5b0060dc27196a170812ab0a2edfc9e4bdf4b2efa0bf,896699,1074022.0,482.0,0.000449,1,2,222
2025-05-14 17:09:36,ba8cd2fd1527ee5458575f430f178dbfff6f2dec45ac1879fd126799544802bf,896699,109761.0,482.0,0.004391,1,2,222
2025-05-14 17:09:36,26206fd969fdccd47c3ef2e0694673460f4975c475340ea554bfffe3bcfd8fb0,896699,924108.0,482.0,0.000522,1,2,223
2025-05-14 17:09:36,a595bea7effb35db35875cd0e452a98c468758db1da761812b9ac47132cb08a3,896699,17225.0,482.0,0.027983,1,2,222
2025-05-14 17:09:36,722e0b4f5462ec43043220e7c3c46c575bb0cfd2b9dadba1180c8a8275fcdb9d,896699,710622.0,482.0,0.000678,1,2,223
2025-05-14 17:09:36,26c67d3b4f01a7d545e262096f39561f4961316589bb2a77c5787ae27e214f9b,896699,10613634.0,482.0,4.5e-05,1,2,223
2025-05-14 17:09:36,2af688f77229ddc4ac557d72305f29b7d84700e2bac6120f48b13720e7cf2d9b,896699,266653.0,482.0,0.001808,1,2,222
2025-05-14 17:09:36,76842881245e080c1f7b9bb0843fa012b305844ee1adb6f623b3fc7c82355399,896699,3180085.0,482.0,0.000152,1,2,222
2025-05-14 17:09:36,ad7d7efcbd5516152640c17088bb33fc3ddaa160c7c0e5a486b8659051195d8c,896699,1252051.0,482.0,0.000385,1,2,223
2025-05-14 17:09:36,f0b6094c55e7870eb6dc91b8530dcce489f67f52be18b576502dfd754714c28b,896699,163108.0,482.0,0.002955,1,2,223
2025-05-14 17:09:36,187c4b512e6daab9dc86b54d734b5851c758acdb3f8cff83b7ff76743890927c,896699,179518.0,482.0,0.002685,1,2,222
2025-05-14 17:09:36,87a25eba319c28c2bb24e454de627f877f9a102c9e73e1c1a1e749de9b523976,896699,160704.0,482.0,0.002999,1,2,223
2025-05-14 17:09:36,7a51dcfde60c84d742160c8650b4b4785a563782a7836ad6d4e248ccb742e36e,896699,16130.0,482.0,0.029882,1,2,223
2025-05-14 17:09:36,4d8b01075ae608c3bd26935c0f14589aa4cf9d47a70cd476c23dfdb1d798796e,896699,3586.0,482.0,0.134412,1,2,222
2025-05-14 17:09:36,1b44ac659b6355356446252751fb5e169266e31fd1431bd8257a108ad3021a5e,896699,373773.0,482.0,0.00129,1,2,223
2025-05-14 17:09:36,235c50bbb587ea9eca1df0190643e569ed583393782d4fcad55b9733f6b4f25c,896699,940946.0,482.0,0.000512,1,2,223
2025-05-14 17:09:36,d16fe25e4a24902adc0c8d66278cabee3389166b17fbda053dbe58ebe429585a,896699,105955.0,482.0,0.004549,1,2,223
2025-05-14 17:09:36,c1f69c0284d5bb4b4bc3aa337d1252dec6a182dbd1e356b101ad538f0a06fc4c,896699,2114038.0,482.0,0.000228,1,2,222
2025-05-14 17:09:36,1ed2bc417b78b76bc8c517ce798f71e82ef40e84fa3665f6a2f964f1cab31f45,896699,948385.0,482.0,0.000508,1,2,223
2025-05-14 17:09:36,bfe6717681494f59ce4c8c52e8de495bdab0f76790b7ca065c89474c11688744,896699,469045.0,482.0,0.001028,1,2,223
2025-05-14 17:09:36,ffb9746b080432b8f0c74b09d77a84ec3f39014f6fa967e71180e68ef9325238,896699,349527.0,482.0,0.001379,1,2,223
2025-05-14 17:09:36,8e851384deeff4d0560423085975a466bb96709389dfe967f57384c59678e834,896699,152956.0,482.0,0.003151,1,2,223
2025-05-14 17:09:36,cb02437c92bb142a752df58409d7b3f70de6c8cec4d2ccde56f1f684e4dce42d,896699,131838.0,482.0,0.003656,1,2,222
2025-05-14 17:09:36,7cc7b12dca7518c2c97fe30c488df81c628e9e59fb892c93dd8b0d608c7aa32c,896699,89656.0,482.0,0.005376,1,2,222
2025-05-14 17:09:36,8fac9931c99cdf164f36e3da0284f4fec3a8b9f92f81d3f68acc323abfc3c22b,896699,833921.0,482.0,0.000578,1,2,223
2025-05-14 17:09:36,6753f8dea05c2291a3f3aef7c4d922349de739294ab8bd6fd794a11f5acb6826,896699,91726.0,482.0,0.005255,1,2,222
2025-05-14 17:09:36,3eedf7ae257d7ef16661c5e3dfb45bd929d182a899c6c613f23d46e414f66b22,896699,15647.0,482.0,0.030805,1,2,223
2025-05-14 17:09:36,cb21e702ffcc72bbc4bb36491321ec5d338a75785585c2ae04aa66479672b120,896699,3654168.0,482.0,0.000132,1,2,223
2025-05-14 17:09:36,0dd6084bae3d9693fad34f1caa2cb319e6923dd34d54589e0cf99217acc4ce1f,896699,303801.0,482.0,0.001587,1,2,222
2025-05-14 17:09:36,ba40ca8e5e1cb887d42db353a73e66f1b5afd69542f0b5e504df97c787b58814,896699,241250.0,482.0,0.001998,1,2,222
2025-05-14 17:09:36,ec6a13da938a43e5c92e2bfa47e2382078fcf41490999d3cd3bc74716d4ab210,896699,184928.0,482.0,0.002606,1,2,223
2025-05-14 17:09:36,6de3a621dfbf261121f6a38ae8a6466cd1abe27b3445ca2101af587387fccb0d,896699,336691.0,482.0,0.001432,1,2,222
2025-05-14 17:09:36,dcb14521c271bfed13b51f28b46ea0566bc4ad21034151988e9daaae8aa0c40b,896699,15878.0,482.0,0.030356,1,2,223
2025-05-14 17:09:36,a341a5898d9ae196353aecaf54d9a5a46e5677aa9a4b0171a08d1d4b2ac6f509,896699,73157.0,482.0,0.006589,1,2,223
2025-05-14 17:09:36,a75328c5d262cf9b20d0296c6c9061add8810f990858e91a0cd8bb3ab3a0da06,896699,34207.0,482.0,0.014091,1,2,223
2025-05-14 17:09:36,8f0e07f3e0a769c11cfbb644cae20293be94f5af319e9ac3e87b5b6f055afb01,896699,2434122.0,482.0,0.000198,1,2,223
2025-05-14 17:09:36,a662480f2f6bc9c743684a4e815b4794bbf0774d893be1ed4e03ed6399d76b6b,896699,175200767.0,4540.0,2.6e-05,12,16,2292
2025-05-14 17:09:36,65a6c452d9ee0bb03414057ad256dd97a1ac79822db7a67da3394830be6e29af,896699,15204527.0,2598.0,0.000171,10,2,1560
2025-05-14 17:09:36,54e68c1a44ccb3fe1d7395dfecbd1b3d2d88583714728d242d05825769563210,896699,421816.0,528.0,0.001252,1,2,234
2025-05-14 17:09:36,e7e682199b1481da45352492327201387cb15e19ffb2e5a1be961457dff707db,896699,493822.0,887.0,0.001796,3,1,499
2025-05-14 17:09:36,524750c43727f1afa501e130acb45307a2caf91fb3d54af4dbc9fbb24efd79a1,896699,62637.0,663.0,0.010585,1,1,192
2025-05-14 17:09:36,37a2adef36cbe4f16e5195ffaad8a18b9babc7383619749d3f649ed8eae79d39,896699,18944.0,385.0,0.020323,1,1,192
2025-05-14 17:09:36,845243c9ad5b3070aa5d668824d34755c6a1eac1b8c6837659a18a939f0179ef,896699,26904.0,482.0,0.017916,1,2,222
2025-05-14 17:09:36,53be8c32a3713b7be9873794f2ef0e2578336a5a47e4bd79640cf7232396db96,896699,402179.0,529.0,0.001315,1,2,234
2025-05-14 17:09:36,8e7c291ee2ad6e5ee1426d428ded9af08ac70c2a41eb6dba965392b5d2017052,896699,10073633.0,1180.0,0.000117,3,4,584
2025-05-14 17:09:36,52120378ba751dc361fe917f76866f1cf4711d5baa004a2a968c3712c9bf13f8,896699,389834.0,530.0,0.00136,1,2,234
2025-05-14 17:09:36,d7335547f631171ebc620e323e3082c64ca783b1b32061e9fbf94189405e34de,896699,1779054.0,530.0,0.000298,1,2,234
2025-05-14 17:09:36,9dbc9b620c8c0ac4d831a7270bfc237c201d5cb4ce435bb2296347d7bbb546a7,896699,698508.0,530.0,0.000759,1,2,234
2025-05-14 17:09:36,4228e0be1aebf08d07d59d51952f7e93fa5bf9872fa4caacc50fa202f60d7c9c,896699,693787.0,530.0,0.000764,1,2,234
2025-05-14 17:09:36,9e52a88ad26934533a904c72b1815c4f703d4f5c7d728a05947a7825b5dad196,896699,381068.0,530.0,0.001391,1,2,234
2025-05-14 17:09:36,28cc227e48287218b71ae6b657fe59cb737db65406fb67ace2d02f5524560c85,896699,376345.0,530.0,0.001408,1,2,234
2025-05-14 17:09:36,e1918f9655a035790162ee70fbfd2b39344921ad5d89a75159c751921528942b,896699,1811437.0,530.0,0.000293,1,2,234
2025-05-14 17:09:36,374f178ee470b9a900f85aa9982cf66bcaf3c00444b969fe22730b60f92d77b9,896699,2473848.0,998.0,0.000403,3,2,530
2025-05-14 17:09:36,11d9670f197bb752bf0431292d4ce573d3bda97ea21f9cb3fc8ea7757a5966ec,896699,38949246.0,489.0,1.3e-05,1,2,223
2025-05-14 17:09:36,0edee97cc8c12e6d6456da6682b9968e039de163e173860cf4b1eec6c5a7cdaa,896699,40672071.0,489.0,1.2e-05,1,2,223
2025-05-14 17:09:36,0a07e22523e2d016894ca11ee932913129a63c431b3278c094fb93c05b1b2c1b,896699,39256437.0,489.0,1.2e-05,1,2,222
2025-05-14 17:09:36,f8017269f412c48ac023c0b8318b426e26d397195f787f3c45715ba7956d43e5,896699,124232.0,385.0,0.003099,1,1,193
2025-05-14 17:09:36,0ca1575925ee06467fc3c5d0eef02d8406923f6bb78c02d8748f72c1c021b3d8,896699,99631.0,385.0,0.003864,1,1,192
2025-05-14 17:09:36,3f82d18fbbb93c44a41ad8061f7de2988e86bd93453bdadf15601a03ace3c69b,896699,174319.0,599.0,0.003436,2,1,340
2025-05-14 17:09:36,fde4046458a3c8b8b96ba6428bc06d070df67dbb1e4462b562248a8a5dbda281,896699,1695940.0,599.0,0.000353,2,1,340
2025-05-14 17:09:36,a4e67041862f13c188b95fc484109a5c9d41c50bc12e28c16a42a44d4cbe6964,896699,1010051.0,599.0,0.000593,2,1,340
2025-05-14 17:09:36,46891488c35fb5cd02942df270250744ac9f7a28f645864be967db9813695fbb,896699,1029838.0,663.0,0.000644,1,3,248
2025-05-14 17:09:36,dc97e1f6e3d6553f415bcdb510e3cfbbe2c9dc7d0c1a3a3a70765d901530032d,896699,384462.0,634.0,0.001649,1,1,188
2025-05-14 17:09:36,4d4d371f07c7e7e3c4b0d735fedac9514378a307af61ec28947fea5c226d4790,896699,3142.0,705.0,0.224379,2,2,371
2025-05-14 17:09:36,2709f31267792ac98ec167041f3438c719d898df03950f59ae9bb5943af48eab,896699,1080408.0,560.0,0.000518,1,2,247
2025-05-14 17:09:36,c2afc6491c478a6be87d048523d9d655e908034c66ad252bab4ca3beee8b67bd,896699,1455.0,477.0,0.327835,1,2,222
2025-05-14 17:09:36,d80388519e53d228335d090e036eb9ec5045991bed691e0261524343d6690edc,896699,684490.0,599.0,0.000875,2,1,339
2025-05-14 17:09:36,bd2adbcb880f6192ec3d98de739e616c8817faedb690ed1cb953409677503dfe,896699,167073.0,482.0,0.002885,1,2,223
2025-05-14 17:09:36,faa752f8b0b14de71a6afc3335daf6065de85fa2b15d02f59c650eb9fb2ec5fa,896699,4469266.0,482.0,0.000108,1,2,223
2025-05-14 17:09:36,b4a553961fb1ec3f0ec82de0ffb0b6975a4bcd2d6ab9f2e1d79b71279114ecd2,896699,235756.0,482.0,0.002044,1,2,224
2025-05-14 17:09:36,a31eaf4b89be7e741661d0e75b3d315cc3d7bb817f8f3fde29ce99e461ffb3c0,896699,429446.0,482.0,0.001122,1,2,223
2025-05-14 17:09:36,4e62b78a68589f1e32789dd30c211e35f6074077db6fc69ab5dd5a9fea91c8b3,896699,110747.0,482.0,0.004352,1,2,224
2025-05-14 17:09:36,7697c9fd5a277893da30c57bbc1768bac8b7500f42f9df7ef904fb650e69dc7c,896699,304937.0,482.0,0.001581,1,2,224
2025-05-14 17:09:36,b23b81a189d6e79f457e9ad0e2720e85205df732c6720ce7beb53ba839476e70,896699,4946241.0,482.0,9.7e-05,1,2,223
2025-05-14 17:09:36,67d9b9e834b74cb2b070cf1cb03d2112b829e051c801567cf971ffaa76ec5a6b,896699,1230517.0,482.0,0.000392,1,2,223
2025-05-14 17:09:36,17bf3fe814e423ca1cd41941bd9a8ff32b221b3ffcc31c01e444dfdd2f6f3669,896699,236222.0,482.0,0.00204,1,2,223
2025-05-14 17:09:36,ce4b009b631a44041da27a3a92f35e4e86279b5d397ad66d88eb241762d24522,896699,9777985.0,5761.0,0.000589,18,2,3069
2025-05-14 17:09:36,7156fad9557bc357c693736c3abcb88583cde4ee2c6e20cacab56c628eaeb0d8,896699,250624.0,374.0,0.001492,1,1,191
2025-05-14 17:09:36,4d176a95cf0ad3c4f1c034cdeff73bc73e47f582f6c5889667244e8b5af8a6ea,896699,19087.0,385.0,0.020171,1,1,194
2025-05-14 17:09:36,3ad39722bbdf130d2256b2466c38a12d68ed1c59193df4092977e1eaa780fbe8,896699,541985.0,385.0,0.00071,1,1,194
2025-05-14 17:09:36,e95c3f520650444d3cf739582b34dd46c6652a31aa58a8aac3f9f054cdf893e3,896699,50368.0,385.0,0.007644,1,1,194
2025-05-14 17:09:36,3de42e87b9c6dd8cda1c684d48c8e330e0b8fbd06dcc8d8aac52e70c2153e190,896699,1635443.0,385.0,0.000235,1,1,195
2025-05-14 17:09:36,2a4a3a78073dc7065a6dbcf384fcab4177dd27ad9e587ea809ccde7499836a90,896699,28652.0,385.0,0.013437,1,1,195
2025-05-14 17:09:36,3856f353fbd06ec0da69b48f97940ce3311f21d00e5e6f2f84db513cb4d46e80,896699,3129096.0,385.0,0.000123,1,1,194
2025-05-14 17:09:36,3c500841557a33e996b3b9e352e7189dc142ae8b8dfc2f2ca2c10f18dce96b18,896699,303559.0,385.0,0.001268,1,1,195
2025-05-14 17:09:36,192bc49ad6f6a14e8a256fa40351049e7e2e6ed7a4b14bc69e9d631e911dce13,896699,174504.0,385.0,0.002206,1,1,195
2025-05-14 17:09:36,bc15325d97cb1b4a6fc63183114e879b213aaea9d924b8c1f643c813940eca01,896699,28623.0,385.0,0.013451,1,1,195
2025-05-14 17:09:36,a09a595af795fe45b20911c15214b12fe0c13fd582d8dd25ea3a8aa027fe8e01,896699,121793.0,764.0,0.006273,2,1,386
2025-05-14 17:09:36,5362ca992e723f94407fe9d32b61b49b83930c664302efe26170cb5ad84c517b,896699,199528066.0,481.0,2e-06,1,2,222
2025-05-14 17:09:36,19adbb197d81834bc5cd658b946dbfe4cbd113ec510256ad45a98f709ec755f8,896699,915851.0,482.0,0.000526,1,2,223
2025-05-14 17:09:36,eb93b69232322af151e1b3739446d3e3a0e7a5f4469ec473eb366a47958392e9,896699,5673544.0,482.0,8.5e-05,1,2,223
2025-05-14 17:09:36,411fd86fe75fb5b7e92f4c10351752e3c7404345fc770c11eb4047d96a4d77e7,896699,668034.0,482.0,0.000722,1,2,223
2025-05-14 17:09:36,61fcf02a87a72588443f974a0e378b574ff1d06722fc0c24c3750ee4297b73e0,896699,598670.0,482.0,0.000805,1,2,223
2025-05-14 17:09:36,edf8243c37ff2ae51e1565ad5b8844c3b112019ff0a008c65aa7916d874be8db,896699,280549.0,482.0,0.001718,1,2,223
2025-05-14 17:09:36,dfffd7ec7d2292c2a8257fdc9b010209523e0c63e9ad02b1bac0a0b53f4f87d3,896699,206188.0,482.0,0.002338,1,2,222
2025-05-14 17:09:36,cc11e9e1f77b60f5a94843dca49a1a27a2f428ea397fe9f8747a3caebf97f2ca,896699,8458.0,482.0,0.056987,1,2,222
2025-05-14 17:09:36,9664d22f727f9b825f42d6e7a929224231be0250bd9dfd52151afd3558acd9c8,896699,4198431.0,482.0,0.000115,1,2,223
2025-05-14 17:09:36,8e3d6be1600d938db6871eca24f832107ec57f00e4d9126ca1e34a60f7e117c8,896699,962139.0,482.0,0.000501,1,2,223
2025-05-14 17:09:36,bf5cf1c4898ea5791cd4178798836bfe0dab3dc54e588da41fdf6c6fd948b1c6,896699,95720.0,482.0,0.005036,1,2,223
2025-05-14 17:09:36,fd025fc8126ee86c44967a07d0d4d04105cc744751b35116a1626fa24ebc56c0,896699,114367.0,482.0,0.004215,1,2,222
2025-05-14 17:09:36,1004e29a1cdf78ec357d5b0060dc27196a170812ab0a2edfc9e4bdf4b2efa0bf,896699,1074022.0,482.0,0.000449,1,2,222
2025-05-14 17:09:36,ba8cd2fd1527ee5458575f430f178dbfff6f2dec45ac1879fd126799544802bf,896699,109761.0,482.0,0.004391,1,2,222
2025-05-14 17:09:36,26206fd969fdccd47c3ef2e0694673460f4975c475340ea554bfffe3bcfd8fb0,896699,924108.0,482.0,0.000522,1,2,223
2025-05-14 17:09:36,a595bea7effb35db35875cd0e452a98c468758db1da761812b9ac47132cb08a3,896699,17225.0,482.0,0.027983,1,2,222
2025-05-14 17:09:36,722e0b4f5462ec43043220e7c3c46c575bb0cfd2b9dadba1180c8a8275fcdb9d,896699,710622.0,482.0,0.000678,1,2,223
2025-05-14 17:09:36,26c67d3b4f01a7d545e262096f39561f4961316589bb2a77c5787ae27e214f9b,896699,10613634.0,482.0,4.5e-05,1,2,223
2025-05-14 17:09:36,2af688f77229ddc4ac557d72305f29b7d84700e2bac6120f48b13720e7cf2d9b,896699,266653.0,482.0,0.001808,1,2,222
2025-05-14 17:09:36,76842881245e080c1f7b9bb0843fa012b305844ee1adb6f623b3fc7c82355399,896699,3180085.0,482.0,0.000152,1,2,222
2025-05-14 17:09:36,ad7d7efcbd5516152640c17088bb33fc3ddaa160c7c0e5a486b8659051195d8c,896699,1252051.0,482.0,0.000385,1,2,223
2025-05-14 17:09:36,f0b6094c55e7870eb6dc91b8530dcce489f67f52be18b576502dfd754714c28b,896699,163108.0,482.0,0.002955,1,2,223
2025-05-14 17:09:36,187c4b512e6daab9dc86b54d734b5851c758acdb3f8cff83b7ff76743890927c,896699,179518.0,482.0,0.002685,1,2,222
2025-05-14 17:09:36,87a25eba319c28c2bb24e454de627f877f9a102c9e73e1c1a1e749de9b523976,896699,160704.0,482.0,0.002999,1,2,223
2025-05-14 17:09:36,7a51dcfde60c84d742160c8650b4b4785a563782a7836ad6d4e248ccb742e36e,896699,16130.0,482.0,0.029882,1,2,223
2025-05-14 17:09:36,4d8b01075ae608c3bd26935c0f14589aa4cf9d47a70cd476c23dfdb1d798796e,896699,3586.0,482.0,0.134412,1,2,222
2025-05-14 17:09:36,1b44ac659b6355356446252751fb5e169266e31fd1431bd8257a108ad3021a5e,896699,373773.0,482.0,0.00129,1,2,223
2025-05-14 17:09:36,235c50bbb587ea9eca1df0190643e569ed583393782d4fcad55b9733f6b4f25c,896699,940946.0,482.0,0.000512,1,2,223
2025-05-14 17:09:36,d16fe25e4a24902adc0c8d66278cabee3389166b17fbda053dbe58ebe429585a,896699,105955.0,482.0,0.004549,1,2,223
2025-05-14 17:09:36,c1f69c0284d5bb4b4bc3aa337d1252dec6a182dbd1e356b101ad538f0a06fc4c,896699,2114038.0,482.0,0.000228,1,2,222
2025-05-14 17:09:36,1ed2bc417b78b76bc8c517ce798f71e82ef40e84fa3665f6a2f964f1cab31f45,896699,948385.0,482.0,0.000508,1,2,223
2025-05-14 17:09:36,bfe6717681494f59ce4c8c52e8de495bdab0f76790b7ca065c89474c11688744,896699,469045.0,482.0,0.001028,1,2,223
2025-05-14 17:09:36,ffb9746b080432b8f0c74b09d77a84ec3f39014f6fa967e71180e68ef9325238,896699,349527.0,482.0,0.001379,1,2,223
2025-05-14 17:09:36,8e851384deeff4d0560423085975a466bb96709389dfe967f57384c59678e834,896699,152956.0,482.0,0.003151,1,2,223
2025-05-14 17:09:36,cb02437c92bb142a752df58409d7b3f70de6c8cec4d2ccde56f1f684e4dce42d,896699,131838.0,482.0,0.003656,1,2,222
2025-05-14 17:09:36,7cc7b12dca7518c2c97fe30c488df81c628e9e59fb892c93dd8b0d608c7aa32c,896699,89656.0,482.0,0.005376,1,2,222
2025-05-14 17:09:36,8fac9931c99cdf164f36e3da0284f4fec3a8b9f92f81d3f68acc323abfc3c22b,896699,833921.0,482.0,0.000578,1,2,223
2025-05-14 17:09:36,6753f8dea05c2291a3f3aef7c4d922349de739294ab8bd6fd794a11f5acb6826,896699,91726.0,482.0,0.005255,1,2,222
2025-05-14 17:09:36,3eedf7ae257d7ef16661c5e3dfb45bd929d182a899c6c613f23d46e414f66b22,896699,15647.0,482.0,0.030805,1,2,223
2025-05-14 17:09:36,cb21e702ffcc72bbc4bb36491321ec5d338a75785585c2ae04aa66479672b120,896699,3654168.0,482.0,0.000132,1,2,223
2025-05-14 17:09:36,0dd6084bae3d9693fad34f1caa2cb319e6923dd34d54589e0cf99217acc4ce1f,896699,303801.0,482.0,0.001587,1,2,222
2025-05-14 17:09:36,ba40ca8e5e1cb887d42db353a73e66f1b5afd69542f0b5e504df97c787b58814,896699,241250.0,482.0,0.001998,1,2,222
2025-05-14 17:09:36,ec6a13da938a43e5c92e2bfa47e2382078fcf41490999d3cd3bc74716d4ab210,896699,184928.0,482.0,0.002606,1,2,223
2025-05-14 17:09:36,6de3a621dfbf261121f6a38ae8a6466cd1abe27b3445ca2101af587387fccb0d,896699,336691.0,482.0,0.001432,1,2,222
2025-05-14 17:09:36,dcb14521c271bfed13b51f28b46ea0566bc4ad21034151988e9daaae8aa0c40b,896699,15878.0,482.0,0.030356,1,2,223
2025-05-14 17:09:36,a341a5898d9ae196353aecaf54d9a5a46e5677aa9a4b0171a08d1d4b2ac6f509,896699,73157.0,482.0,0.006589,1,2,223
2025-05-14 17:09:36,a75328c5d262cf9b20d0296c6c9061add8810f990858e91a0cd8bb3ab3a0da06,896699,34207.0,482.0,0.014091,1,2,223
2025-05-14 17:09:36,8f0e07f3e0a769c11cfbb644cae20293be94f5af319e9ac3e87b5b6f055afb01,896699,2434122.0,482.0,0.000198,1,2,223
2025-05-14 17:09:36,a662480f2f6bc9c743684a4e815b4794bbf0774d893be1ed4e03ed6399d76b6b,896699,175200767.0,4540.0,2.6e-05,12,16,2292
2025-05-14 17:09:36,65a6c452d9ee0bb03414057ad256dd97a1ac79822db7a67da3394830be6e29af,896699,15204527.0,2598.0,0.000171,10,2,1560
2025-05-14 17:09:36,54e68c1a44ccb3fe1d7395dfecbd1b3d2d88583714728d242d05825769563210,896699,421816.0,528.0,0.001252,1,2,234
2025-05-14 17:09:36,e7e682199b1481da45352492327201387cb15e19ffb2e5a1be961457dff707db,896699,493822.0,887.0,0.001796,3,1,499
2025-05-14 17:09:36,524750c43727f1afa501e130acb45307a2caf91fb3d54af4dbc9fbb24efd79a1,896699,62637.0,663.0,0.010585,1,1,192
2025-05-14 17:09:36,37a2adef36cbe4f16e5195ffaad8a18b9babc7383619749d3f649ed8eae79d39,896699,18944.0,385.0,0.020323,1,1,192
2025-05-14 17:09:36,845243c9ad5b3070aa5d668824d34755c6a1eac1b8c6837659a18a939f0179ef,896699,26904.0,482.0,0.017916,1,2,222
2025-05-14 17:09:36,53be8c32a3713b7be9873794f2ef0e2578336a5a47e4bd79640cf7232396db96,896699,402179.0,529.0,0.001315,1,2,234
2025-05-14 17:09:36,8e7c291ee2ad6e5ee1426d428ded9af08ac70c2a41eb6dba965392b5d2017052,896699,10073633.0,1180.0,0.000117,3,4,584
2025-05-14 17:09:36,52120378ba751dc361fe917f76866f1cf4711d5baa004a2a968c3712c9bf13f8,896699,389834.0,530.0,0.00136,1,2,234
2025-05-14 17:09:36,d7335547f631171ebc620e323e3082c64ca783b1b32061e9fbf94189405e34de,896699,1779054.0,530.0,0.000298,1,2,234
2025-05-14 17:09:36,9dbc9b620c8c0ac4d831a7270bfc237c201d5cb4ce435bb2296347d7bbb546a7,896699,698508.0,530.0,0.000759,1,2,234
2025-05-14 17:09:36,4228e0be1aebf08d07d59d51952f7e93fa5bf9872fa4caacc50fa202f60d7c9c,896699,693787.0,530.0,0.000764,1,2,234
2025-05-14 17:09:36,9e52a88ad26934533a904c72b1815c4f703d4f5c7d728a05947a7825b5dad196,896699,381068.0,530.0,0.001391,1,2,234
2025-05-14 17:09:36,28cc227e48287218b71ae6b657fe59cb737db65406fb67ace2d02f5524560c85,896699,376345.0,530.0,0.001408,1,2,234
2025-05-14 17:09:36,e1918f9655a035790162ee70fbfd2b39344921ad5d89a75159c751921528942b,896699,1811437.0,530.0,0.000293,1,2,234
2025-05-14 17:09:36,374f178ee470b9a900f85aa9982cf66bcaf3c00444b969fe22730b60f92d77b9,896699,2473848.0,998.0,0.000403,3,2,530
2025-05-14 17:09:36,11d9670f197bb752bf0431292d4ce573d3bda97ea21f9cb3fc8ea7757a5966ec,896699,38949246.0,489.0,1.3e-05,1,2,223
2025-05-14 17:09:36,0edee97cc8c12e6d6456da6682b9968e039de163e173860cf4b1eec6c5a7cdaa,896699,40672071.0,489.0,1.2e-05,1,2,223
2025-05-14 17:09:36,0a07e22523e2d016894ca11ee932913129a63c431b3278c094fb93c05b1b2c1b,896699,39256437.0,489.0,1.2e-05,1,2,222
2025-05-14 17:09:36,f8017269f412c48ac023c0b8318b426e26d397195f787f3c45715ba7956d43e5,896699,124232.0,385.0,0.003099,1,1,193
2025-05-14 17:09:36,0ca1575925ee06467fc3c5d0eef02d8406923f6bb78c02d8748f72c1c021b3d8,896699,99631.0,385.0,0.003864,1,1,192
2025-05-17 10:23:47,bd0ed6c7e76472e854d8f2227ccc8d55f8e086af7638ee6411827bfdab228a47,897086,63895.0,1105.0,0.017294,1,3,248
2025-05-17 10:23:47,23f4a5b4681f5cb4ac8d759ea9b044c3971b804b58892f385252fc36fe8a8585,897086,1663823.0,804.0,0.000483,1,2,223
2025-05-17 10:23:47,24ba1658136cc3d35cdc3fbb817df9fc273c3df5114d557eb7b3d142e08a9ac7,897086,1955869.0,804.0,0.000411,1,2,223
2025-05-17 10:23:47,db1e90abe221aeb5eafe4ccab981503953c3d997f02b4258181a0d1ce430c300,897086,4412551.0,1161.0,0.000263,2,2,372
2025-05-17 10:23:47,0a33721a0102900d30ba3fb6013a2107d78c09c56d6072d98460f38c4c1d0db1,897086,27000.0,618.0,0.022889,1,1,192
2025-05-17 10:23:47,63d90010fa6df7d38d564c68435ac89341b82170b79a488b4506107b583430aa,897086,150938.0,1062.0,0.007036,1,1,189
2025-05-17 10:23:47,679de0f4623ab948bb2ef5af9870e0c4f675ac5bd33c0a8490ae98853565783e,897086,3000085.0,2535.0,0.000845,6,1,934
2025-05-17 10:23:47,3ad45d37f0434c921cf03cfcfce41f35e705567387d2b56d43abcd02804c5e6a,897086,64340.0,1000.0,0.015542,2,1,339
2025-05-17 10:23:47,0f4311266e0821cb1d0f533ca372e71a60d59bd0c79f7465c6909c4027b03f2a,897086,111749.0,804.0,0.007195,1,2,224
2025-05-17 10:23:47,392ea1a5c827c880702d42176b5101b8f4fcd5fe445f1f4c26d804e6f188dfdf,897086,21258.0,641.0,0.030153,1,1,194
2025-05-17 10:23:47,287a4bae67a9a9c3d127e87e03a5e20eaa1d2190d89ca60961633ef0675b3da1,897086,293192.0,641.0,0.002186,1,1,195
2025-05-17 10:23:47,f810904f20e96f9a83cd495fe9e378b189b0aa287b0da0d2038fddc288b0799d,897086,33746.0,641.0,0.018995,1,1,194
2025-05-17 10:23:47,585b212ee769e657f5e5c817949869933f9f26ab38bb6ee90da4f2ea33097370,897086,124230.0,641.0,0.00516,1,1,194
2025-05-17 10:23:47,ad901db6bd7007db071bce09b5fc5fb36d3a4f56bdae5a49fd85115b94e86d0f,897086,35673.0,641.0,0.017969,1,1,194
2025-05-17 10:23:47,d7489a4c7b479e85bfd85a2714a4c717b773958fd42429dbab7a695e0e597b9d,897086,1892960.0,868.0,0.000459,1,2,234
2025-05-17 10:23:47,786417e50646ebd1d9485b2eba5a3b6520159d439b5cdc33108de38f9a9fc387,897086,156192800.0,800.0,5e-06,1,2,222
2025-05-17 10:23:47,6cb860b8d8b43d06ec76c91e64b78a83e02f4632efc4df9ef933050e56b3c29d,897086,162393600.0,800.0,5e-06,1,2,222
2025-05-17 10:23:47,3567534c2ba70ad9add28332e0fffba9bf68c5ff3b371b99e4ee1d1396de0ef0,897086,168594400.0,800.0,5e-06,1,2,222
2025-05-17 10:23:47,f5171c75e371724d16e48a699da867864a866e1fc146eea7b98b3f6b06635a87,897086,62080.0,1450.0,0.023357,2,3,356
2025-05-17 10:23:47,6a859116939321ea827cfd5297bec6c02cdfb54c67313d8f810c68c0ac6abca7,897086,47583.0,804.0,0.016897,1,2,222
2025-05-17 10:23:47,ed5b69fc0bc6a47024bb331aaaa6a7d17f1c87d7267c5c74d1eb1bb38801f295,897086,260013.0,804.0,0.003092,1,2,223
2025-05-17 10:23:47,53759ecc07a05d7f669b86a53659b40b3abb2dd40e1cf6e8c38982493704436c,897086,119540.0,804.0,0.006726,1,2,222
2025-05-17 10:23:47,df8125e704de3c65f32522ba7dfa485050e43d259dee145346ddfb42483ea76a,897086,4433860.0,804.0,0.000181,1,2,222
2025-05-17 10:23:47,a78045cd62bade61197570cbeb40748b4ad23dcd8f4028c810e96c627b1c1667,897086,95680.0,804.0,0.008403,1,2,222
2025-05-17 10:23:47,c73ffb5fd3e644faf93a3a5e01a84820ba0235a21639f414a5d82d72e818cd4d,897086,12409908.0,804.0,6.5e-05,1,2,223
2025-05-17 10:23:47,6dafe7e770d010cf80085e9af424ee650114e14fc0813891ced2083ebf89dc48,897086,253572.0,804.0,0.003171,1,2,223
2025-05-17 10:23:47,4a3db70b26b3bd237cdba46fa7c5119e562f001eda1244c34150dd621d3a7b30,897086,522315.0,804.0,0.001539,1,2,223
2025-05-17 10:23:47,edd6cfcbb9ae8451cefb4f852ac18e60920d28a44b14568d9d8d61aac49b8813,897086,349196.0,804.0,0.002302,1,2,223
2025-05-17 10:23:47,2c4b4f5b4999f8c74c9542f6e321a5139300935870afbaa2f4b54914be018903,897086,29731.0,804.0,0.027042,1,2,223
2025-05-17 10:23:47,dea91ceded3b7119e93b75158fd23ba01e2c87fb3e88ae40c5dd2d62436534de,897086,619000.0,2021.0,0.003265,4,1,636
2025-05-17 10:23:47,9c461fca12dd8667a34884512960fb788db0732f0ae0b6bfe30065a19ce4ecc8,897086,775995.0,825.0,0.001063,1,2,246
2025-05-17 10:23:47,88bd19762eb870164dc1452b49a578ebc1f3eb2da86b83d31e45032bac5acf60,897086,1016947.0,825.0,0.000811,1,2,246
2025-05-17 10:23:47,eccbc1125f66bc19ea226b29c12142417094dc41d807568d99af3a26f2a27ecd,897086,132728.0,641.0,0.004829,1,1,193
2025-05-17 10:23:47,0ea71fdd43ba84b34fa9b361ce4a97fa798a694935e237bed738f4c9cb71adbe,897086,236007.0,1021.0,0.004326,2,1,339
2025-05-17 10:23:47,22bdc3baf41b67884fedfd3c18d24bda55815e1ef8c971c31c18ea1610857dd0,897086,14630.0,772.0,0.052768,1,1,192
2025-05-17 10:23:47,75ed6704ad18b2e38929026581dc4b21ffb5310e08a68e56dfc01b41a6aec048,897086,13136526.0,677.0,5.2e-05,1,2,222
2025-05-17 10:23:47,9f3aed4f6b4005974522f203e18716ada2b9d68286bb4cd88bd70ddc9051fafb,897086,4970759.0,641.0,0.000129,1,1,192
2025-05-17 10:23:47,060019346ac7984355d5e28a767dca263d3a8ce717ab8ef4a5c40871596b907f,897086,114584.0,641.0,0.005594,1,1,193
2025-05-17 10:23:47,ebacf852ff444535d852888f159854e8259b5a6c79d5caee68df1e3edb637749,897086,181261.0,636.0,0.003509,1,1,191
2025-05-17 10:23:47,aa945bb1f994189ecb8662ee372722e3c4957b55de49d95b48be6c3d81d1200b,897086,178658.0,3820.0,0.021382,1,1,190
2025-05-17 10:23:47,5492c03e7f1c26965a4dc3c738b9cbaf7bf36beee7fe2ff0b9d5fc366fc7c4a0,897086,182478.0,905.0,0.00496,2,1,342
2025-05-17 10:23:47,f76d495f798de861c5547161caddb53545f988280a9dca15d42481437d4bd475,897086,140662.0,9338.0,0.066386,1,1,191
2025-05-17 10:23:47,66ea1fee120031a1f57247867590a3c9cf599600fefc5191f04234e528b4274b,897086,7213854.0,7197.0,0.000998,42,11,6569
2025-05-17 10:23:47,332a6f9a94c1e7658c5eb0dd401fa8673c62ab8935b58d760c24bdcfd770ace7,897086,158571669.0,1920.0,1.2e-05,1,2,331
2025-05-17 10:23:47,0a95c624e636f9ef7126d2b2a9c7e57b8f9388e6446bf167bb39ac9672012edf,897086,107166.0,3156.0,0.02945,4,6,728
2025-05-17 10:23:47,d64c6d5aab1ad385126df8bea09d52cfc67a358b9d5f4750f3adc68e3b4cce83,897086,187922.0,2630.0,0.013995,4,6,727
2025-05-17 10:23:47,bf0fd85d12d6c92f49c7619ca2e2ea4dab48d25a79dec48533263813cca54bf5,897086,136443.0,641.0,0.004698,1,1,192
2025-05-17 10:23:47,488a8ff890d66a3ecc3a86c30ed6e14d65a13f3eb14cf0c8a96afdb039d0c6d6,897086,14680991.0,641.0,4.4e-05,1,1,192
2025-05-17 10:23:47,8c842849ee01bbd9796fe53a0a4f5974df732b0ba8525cc3ba9158faa51755cb,897086,415272.0,641.0,0.001544,1,1,191
2025-05-17 10:23:47,a700921ffa806f69d2b0339aaccfd8f8572e223bf71317f6874ea07f5511086c,897086,247719.0,641.0,0.002588,1,1,192
2025-05-17 10:23:47,d69b03d92dd6f12e2ab5ded41a32c254f7660bc227b0946ca3a74c45123d2107,897086,47612.0,641.0,0.013463,1,1,192
2025-05-17 10:23:47,fc4a0a3151cc783e291d8644aca87bad6c9d8b8e5e3ea4d6c2697f3e38271d56,897086,2334954.0,1627.0,0.000697,1,4,443
2025-05-17 10:23:47,7be802395c45b31a632b997811b9a18987b7c38866b59051119cb2aa3d235b33,897086,6934528.0,1290.0,0.000186,1,3,412
2025-05-17 10:23:47,69a4d6cb088e313536ee8c152151afddaeef89f01c03e709c18de1f766a817cc,897086,2418327.0,1110.0,0.000459,1,2,380
2025-05-17 10:23:47,41aeff64034bc55e5e4b16f23f5d621897e49bd7390e6c9e8561e4b1eff5351e,897086,46200.0,654.0,0.014156,1,1,193
2025-05-17 10:23:47,f1850453a31d85d564f2603f4a8089430dd209b2d55b947baf4b8456ef4f04b6,897086,12949762.0,1198.0,9.3e-05,1,4,285
2025-05-17 10:23:47,a0fb00bf4e8ff2f15fe3a9f52b37b32330992e6e44e0a6e5cbfd08c1b21955c4,897086,100308.0,834.0,0.008314,1,2,222
2025-05-17 10:23:47,92caaaa48dc58bffc136dfef2025bf3d64420403521dfda09da18929c9962683,897086,299884.0,840.0,0.002801,1,2,224
2025-05-17 10:23:47,b04a08e77e7ddc890825b36a9240485d24f73ebe4be2920c7b6c2c260d1490f4,897086,8052450.0,13260.0,0.001647,18,27,3107
2025-05-17 10:23:47,7938925f363aa2702016535fba1c98045751bd65598bf9d6726cf51dc55ef9a9,897086,8061342.0,2754.0,0.000342,1,10,549
2025-05-17 10:23:47,a972b50e9f0cb1ab56904ca993ddaf884b3e0b7e78c7a6166381de851b1b2442,897086,1081247.0,852.0,0.000788,1,2,225
2025-05-17 10:23:47,8f581d49cee29226e288d1701f4b63917bfd42a8a57947318aa7b0a587e0391f,897086,94675.0,906.0,0.00957,1,2,234
2025-05-17 10:23:47,11b7ff909c9295ae198a400a6f9494bd1b00d819860003c36fa04916b00bb073,897086,1528213.0,1787.0,0.001169,1,6,383
2025-05-17 10:23:47,b802a6cc3fccb22914a4b056ab21aca3dbd153a5af054a5a3e54eb05fb5f7a05,897086,11085287.0,873.0,7.9e-05,1,2,229
2025-05-17 10:23:47,d58f27e7bd61b5699f1c948d63535664b508c63765cb46efb6ba2af9affce27d,897086,65742.0,1123.0,0.017082,1,1,189
2025-05-17 10:23:47,1f2416b45d403658aa6abdca543f930cf6352a41821c793f5e8bf8b54ddba5ea,897086,38928.0,654.0,0.0168,1,1,191
2025-05-17 10:23:47,daf8f3a4bfc1afe396e0fe40ac03807bbb1e43e48b982d92843558506585dfe5,897086,19675.0,654.0,0.03324,1,1,191
2025-05-17 10:23:47,0f86d113813feb8647f19dc3101eb39dd2686d0527a6ad0ea7e6e7f506081fe4,897086,37990.0,654.0,0.017215,1,1,192
2025-05-17 10:23:47,57961e90ee2af5b440a1c21a40d2af1bfe6514c53b1ababb4afbeacf766490e0,897086,8086.0,654.0,0.080881,1,1,192
2025-05-17 10:23:47,449876ab92a54f152e21ac80915395d1072747404f420267deb81f7d1106dfc1,897086,105622.0,654.0,0.006192,1,1,192
2025-05-17 10:23:47,1bceb64399b6444cd81889c1051ad6660d6c99d6a0dcf80283dcacf1f1974b9f,897086,57309.0,654.0,0.011412,1,1,192
2025-05-17 10:23:47,3fcfbf9ba339bffaf48fc900369446a347d24a3cec2a4439e1ec98a6399f6d87,897086,47648.0,654.0,0.013726,1,1,191
2025-05-17 10:23:47,910e53eb96749663bd3d4d650903065a3067d00e682b0b6cc8c842d79f60cc85,897086,66987.0,654.0,0.009763,1,1,191
2025-05-17 10:23:47,df32fce9dff4f09c7249c1715ce3300179a4c7849e1df0a547edea60e0b8597e,897086,25832.0,654.0,0.025317,1,1,191
2025-05-17 10:23:47,93259a5328025b6247f4880249387b952a9d4d72a25de3f85f5fd09e8aa32a71,897086,96097.0,654.0,0.006806,1,1,191
2025-05-17 10:23:47,d0967e6c818572e6895b105e0dc962727ec173083ea1e50ae57146d775c2fe6e,897086,20638.0,654.0,0.031689,1,1,192
2025-05-17 10:23:47,ebe3836fa2cdde415d00437da978e27cf45707b51624462d0d2e6002be5abc6d,897086,28356.0,654.0,0.023064,1,1,192
2025-05-17 10:23:47,2d964746a27e6496f7aab6c0d9d5a85c9ed14927e9ba2173e588b5ae4bf0e663,897086,11901.0,654.0,0.054953,1,1,192
2025-05-17 10:23:47,7dc8e3e90988dfdf16114a4a6e2bbfdd9ead0e40de00d6b6ec0df5c62b97375f,897086,15159.0,654.0,0.043143,1,1,191
2025-05-17 10:23:47,53483614065743f1bf40b6409219dea37e4216a676692b72bc340dd8dd7a115f,897086,202919.0,654.0,0.003223,1,1,191
2025-05-17 10:23:47,cd921e34fe2b82d1fbb379f7a4452891e53ddba2be20b477e5562343a5a64556,897086,95735.0,654.0,0.006831,1,1,192
2025-05-17 10:23:47,88373f728b8e857c07492a7cb57af88f0764ecdab6b7236bba23b7359b699c4a,897086,63646.0,654.0,0.010276,1,1,191
2025-05-17 10:23:47,ed40fb2fee59b61e87fbfe4b76679a719843d114553ae101d895e8067842294a,897086,85861.0,654.0,0.007617,1,1,191
2025-05-17 10:23:47,ad02696192dd1f174551adc500dd816225733439e71db2aa9700ad349a06473a,897086,22195.0,654.0,0.029466,1,1,191
2025-05-17 10:23:47,102e8887d049daf772ac014d35eaf539af541834e4ba4c0fbc4606fe1150d81c,897086,144346.0,654.0,0.004531,1,1,191
2025-05-17 10:23:47,b0aa75f6a10d0c5fc60eae766fab01ebe1725b654c7e6fdf43de7348631d1e13,897086,89708.0,654.0,0.00729,1,1,191
2025-05-17 10:23:47,6e9bddaeec33d760edd10836a63b0788018df48eb458430f558ad3de605d6209,897086,15737.0,654.0,0.041558,1,1,191
2025-05-17 10:23:47,5546017dc4efa03bf9583b1353a4d5d8db28fd5b6a32e0d226c896037b4c6e04,897086,2598722.0,654.0,0.000252,1,1,191
2025-05-17 10:23:47,d70baa847f4bb343d53fbc1d21cf8a2df31bbc4d55fba3f8d450b31f823fe200,897086,27521.0,654.0,0.023764,1,1,192
2025-05-17 10:23:47,2f27118058f5be22615b565518f1b32fb3afdfb6cc6d01246eb4d4a6127569ca,897086,4855.0,672.0,0.138414,1,1,195
2025-05-17 10:23:47,f91b64ffbc72ca04b5fb982ca3d87c2b7e80ca645497daa09ac66dae86089466,897086,183473.0,857.0,0.004671,1,2,226
2025-05-17 10:23:47,3478064b5d38e41fda3b160a16c3a9bff7ab4582c8b5255dbd4b2f8a24011ae5,897086,178880.0,1120.0,0.006261,1,1,188
2025-05-17 10:23:47,252c5d28d0bdd945fab52323c66ef5336f9e958e985834e67769851731bd0ddc,897086,37880.0,1120.0,0.029567,1,1,188
2025-05-17 10:23:47,fc13f01650635ec72ceab93488423edbd0823598d7369c2583c9715e6da2ec76,897086,687028.0,1008.0,0.001467,2,1,269
2025-05-17 10:23:47,dc6f86556d49059f7a588959fcad2935132895c3046e47f395a08309e1fc795a,897086,538989.0,1008.0,0.00187,2,1,269
2025-05-17 10:23:47,b2b1ae43f908964efad233188bc3c68544d73ddbb347976ca4fc139cdd370b8b,897086,50649.0,1062.0,0.020968,2,1,340
2025-05-17 10:23:47,348ab64ae68d9182e08f2e32bb3f31612b28745c22cb807ee8b21e3d86ea5f2f,897086,28938.0,1062.0,0.036699,2,1,340
2025-05-17 10:23:47,14559369778f250defbc22aa8c456d87bef1a3f6549496fa01e5d6a8c8449e09,897086,55878.0,1122.0,0.020079,1,1,188
2025-05-17 10:23:47,1668cb44fda19321f37846ddada4df0dfb2fb8c7dd872b9ca9e9f2495136a698,897086,190720910.0,1134.0,6e-06,1,2,381
2025-05-17 10:23:47,4706dd8e7c70a1fea9ec38a20cb2db16acb0723d9a03a12ca04c56e2afe6d9a8,897086,1560057.0,1266.0,0.000812,2,2,312
2025-05-11 17:27:36,19855038665c7a626c4092d1903e99b86fe60a5167a656b940e026c65fab78a2,896286,12470.0,234.0,0.018765,2,2,365
2025-05-11 17:27:36,04523e96be43ae8ff63b58b34da21f6fe1d11d53c2bc92597a7c30aba4e957a2,896286,845548.0,160.0,0.000189,2,1,260
2025-05-11 17:27:36,cbe7f17769fb8fcdf0d3628079d6426b4d399c291e6c9487fc199740318a52a2,896286,99890.0,110.0,0.001101,1,1,192
2025-05-11 17:27:36,3c887730e20afdb2071d6a55d272dfd4b3ec8b2baa20211013a1c00bd21b49a2,896286,330.0,151.0,0.457576,1,1,319
2025-05-11 17:27:36,566e8b51e220e36c67867a937faa13e9b064bb0ec674b716be9bcae529d93ea2,896286,6118.0,212.0,0.034652,2,2,312
2025-05-11 17:27:36,b495d87169e4f8bf1dc98afd2849818d5359ee17d930b5d234a29aa0c1f13ca2,896286,330.0,151.0,0.457576,1,1,319
2025-05-11 17:27:36,3bcc5e3e8fe811d1190a7cadd0330b1260cecce49afcdf480fb31e6bdfab17a2,896286,487034.0,276.0,0.000567,2,4,376
2025-05-11 17:27:36,2efcc578256f3be4b4584d2adec4d1c888a825682f46a7024c61c36b754c00a2,896286,337452.0,111.0,0.000329,1,1,193
2025-05-11 17:27:36,b62cb0a6090b6b452e39e1e7e8f83887fa3e33a21b2f5648dc10d832271feca1,896286,330.0,152.0,0.460606,1,1,323
2025-05-11 17:27:36,c8edc6b67d5add030974b10713ef8304021619e0bcea612c9d41092c417de5a1,896286,330.0,152.0,0.460606,1,1,323
2025-05-11 17:27:36,f2a28779e6a305ea279dd038de8d1ba14c6069f7d28608d847b02305ce70cfa1,896286,406086.0,201.0,0.000495,2,2,301
2025-05-11 17:27:36,b74eb43c09cb4438bfe54e88ba04928d12cdef4cb028e5e9cc9e0441e16cbea1,896286,330.0,139.0,0.421212,1,1,307
2025-05-11 17:27:36,fd96764a0dc65156293093bc6e9bd26b39d2ad7c64de8e8c0784f1f44dd8aca1,896286,330.0,152.0,0.460606,1,1,323
2025-05-11 17:27:36,eacfb63d3433d44c616539d7edd98e68d0e9c0b89296585a1f1e4828b3fc5ba1,896286,869483.0,142.0,0.000163,1,2,193
2025-05-11 17:27:36,771cdf209666b1610be85b963a39b6d472c5f1f6c2debccbefcb9122d87e33a1,896286,330.0,152.0,0.460606,1,1,323
2025-05-11 17:27:36,0e6d5d388dcec5cd9cb193e4385e4b39a298dc8ff625aff93700797e9b7230a1,896286,23322.0,212.0,0.00909,2,2,312
2025-05-11 17:27:36,b5ea21241cc200837ecc9c9762d7c31b2dd3f384a7a5ce0b278c1b551e062aa1,896286,546.0,154.0,0.282051,1,1,333
2025-05-11 17:27:36,4c610dce24c5128d90b03201e54a75fd0d8595dfd380e18ef3ade489723523a1,896286,330.0,152.0,0.460606,1,1,323
2025-05-11 17:27:36,56afa354e170fa83df77a4fbb4a99c8a6e68a508c0d0cd54f1f8033a6f2f17a1,896286,11223427.0,245.0,2.2e-05,3,1,487
2025-05-11 17:27:36,4cc5e982a26b9c190923b41fa80eb0f3df5b443a442009b0d6fb54b0fd98efa0,896286,351.0,129.0,0.367521,1,1,268
2025-05-11 17:27:36,90ade0a5a58b2ccca801b09544d803d05547b920ba863b6ae411125bdfe8e0a0,896286,21867.0,133.0,0.006082,1,1,215
2025-05-11 17:27:36,c0627d956cbbcee28f3eea2f6884cde4429b4b0e683e211e6103d260eddacca0,896286,1827167.0,203.0,0.000111,2,2,303
2025-05-11 17:27:36,4e12cfe939b3fd3365cc3f0e0b3538520cf98bc08242e6aab0e223938b90bba0,896286,330.0,151.0,0.457576,1,1,319
2025-05-11 17:27:36,cb3f992af8a09c087ac2c227a70b4bbc8bd2f0694b243d919e33da832a9fb7a0,896286,58865.0,217.0,0.003686,1,3,298
2025-05-11 17:27:36,e2c95fa11c572198d4afab09ee02c90483f95ff66a7df8f5d33f2d0d73d7b4a0,896286,28292.0,214.0,0.007564,3,1,364
2025-05-11 17:27:36,55861e79e5fe72937a9dc6f66bc8794ea6c78bb0443f8ff87cc97ad7187fa6a0,896286,105423.0,164.0,0.001556,1,2,245
2025-05-11 17:27:36,fdf355b230242ac60cb97378ac7acf9c5a67b30c5068a5722bb25e42797599a0,896286,3196.0,217.0,0.067897,1,3,298
2025-05-11 17:27:36,a29a01d3512101eabc2e4180ce6a833bd1ef858dcd350e51e30a56fe8d4558a0,896286,59625.0,110.0,0.001845,1,1,191
2025-05-11 17:27:36,fcbbd28789be73108f5bec73f4d4571c5f748a08162d5f033fb70099c59a4da0,896286,330.0,151.0,0.457576,1,1,319
2025-05-11 17:27:36,f0d1a172288f2006d42a67acdd9e8e6b003fcaa9722c0915574b3cfc4d7249a0,896286,330.0,152.0,0.460606,1,1,323
2025-05-11 17:27:36,daef22f00f37f8958f233f5236ea053981222f080f512b5c4cdf90e4729732a0,896286,3075873.0,142.0,4.6e-05,1,2,193
2025-05-11 17:27:36,edd4b10760d3ba30c15094a8875bacad9528b4c5e220825c7540e908c57619a0,896286,330.0,152.0,0.460606,1,1,323
2025-05-11 17:27:36,96277712e53a86a23a3300d280e9b5523bee236ce4e776626b19777e984110a0,896286,39703.0,217.0,0.005466,1,3,298
2025-05-11 17:27:36,ab39e3dbe984de2dbe2c1ae6266cf61f24b5fd69157eb3bdf12d982e0887de9f,896286,956890.0,269.0,0.000281,3,2,419
2025-05-11 17:27:36,7f25d4e982fae288447805c29d125dc77cf8e5e3800902f86a55bb92e1aada9f,896286,104122.0,141.0,0.001354,1,2,223
2025-05-11 17:27:36,fdc1196f7450a95c974d9a87db5862aaccfd2aaef3d9a0cdf4da9e11fcd5ad9f,896286,35665.0,217.0,0.006084,1,3,298
2025-05-11 17:27:36,99610793ebe6299e820440ba8588148558bbadd6e9c5eb844298a05d3c84789f,896286,330.0,152.0,0.460606,1,1,323
2025-05-11 17:27:36,9afd62d75a1998b1a821b1335211f0b79a2f9cd424d0e0983e9b84bca40b769f,896286,11863.0,164.0,0.013824,1,2,245
2025-05-11 17:27:36,e24956fe2d574284a407635f0e53fdb6abb78ddc614248a79a30f06591d1749f,896286,330.0,151.0,0.457576,1,1,319
2025-05-11 17:27:36,11e73007b90977e93e1d74b2c436ae3dc3d0091eaa71f12062beaeb2d5095e9f,896286,99280.0,144.0,0.00145,1,2,226
2025-05-11 17:27:36,70954d2dbbe8e6e1e763e8c00385160fa25249a2b6821625e6e776e673f54a9f,896286,330.0,152.0,0.460606,1,1,323
2025-05-11 17:27:36,7d97b4af129b19040abc90079afbf223b93448b2a8e22b7b4d08fd92d2d71e9f,896286,330.0,152.0,0.460606,1,1,323
2025-05-11 17:27:36,b43ac3d93af86542afbd60e92cfa0e7b9db29a1f2aceac702e63059fb8ca029f,896286,137279.0,805.0,0.005864,1,4,450
2025-05-11 17:27:36,b582ecde1d404c2b027cafad34cd781010f9732658a6344560cd01c0f87ffd9e,896286,47999006.0,142.0,3e-06,1,2,223
2025-05-11 17:27:36,4218c42106704afb65dd0fc0cc9527422c7c3e0b01c824dde792765a1769f79e,896286,330.0,152.0,0.460606,1,1,323
2025-05-11 17:27:36,8cc756312c103d9f45667a63373f634475d46fbec52283d3c3e282075594ea9e,896286,962976.0,153.0,0.000159,1,2,234
2025-05-11 17:27:36,0b62b730a8080d902b74ec01b52b68fe5afca953d2dca2a6e6602feef697cf9e,896286,1450908.0,142.0,9.8e-05,1,2,193
2025-05-11 17:27:36,61f691cdd808e70551fec7f69328e043bbb9aa0242a04f549390334c287dcc9e,896286,509517.0,1589.0,0.003119,15,7,2794
2025-05-11 17:27:36,c4bdf62c3301df93ff494f90161759366bb8c301e2439a16ed47ed651e77c99e,896286,330.0,151.0,0.457576,1,1,319
2025-05-11 17:27:36,d49e1e28e8df66370a3a81c3b39b4cb84bdce0683255e189e9a117554c7e739e,896286,18517.0,110.0,0.00594,1,1,192
2025-05-11 17:27:36,268267df156e54812290058db47c3aa649cf8a06c25d51723dc90cc39f10589e,896286,330.0,152.0,0.460606,1,1,323
2025-05-11 17:27:36,c37cb562ba37016ec3c5908c43bb8db18d830c20cf11ee19f0dfd1e8801e539e,896286,330.0,152.0,0.460606,1,1,323
2025-05-11 17:27:36,457e7bb985f47514bb80c1afbd5144ea25ad44bbc978e029cb7d99b764d1509e,896286,11802.0,168.0,0.014235,1,2,249
2025-05-11 17:27:36,bb1fd7fe56ed7fbc37f83a5beef653718d997065aea617548a89e0b2ce64169e,896286,351.0,129.0,0.367521,1,1,268
2025-05-11 17:27:36,572b3abb7269b259549a5f0d7ff36a59908bb1946932e67efa1ab9bb2e8eed9d,896286,330.0,152.0,0.460606,1,1,323
2025-05-11 17:27:36,b271f00e266ca02afea6340bc542e11e5058cc098e5331df4034acac9bfdcd9d,896286,330.0,151.0,0.457576,1,1,319
2025-05-11 17:27:36,8966f7426903535920bc937a67c7f81be71ac5db30ac4a86fad727299ae2c19d,896286,546.0,153.0,0.28022,1,1,330
2025-05-11 17:27:36,d3cdb299e24d001ba1c28d58ec8d333b43e0adee24d95493db44dc4364c7b79d,896286,330.0,152.0,0.460606,1,1,323
2025-05-11 17:27:36,7c9bcc19aa8de93c9ff2eb4771a85701dd62a3d3281607a4a97445c6c6cc9f9d,896286,330.0,152.0,0.460606,1,1,323
2025-05-11 17:27:36,b75a22728e3a038ef94dce493c7c8bcd0bb6bd2ccfacc02ae49bbc3d8db97c9d,896286,330.0,151.0,0.457576,1,1,319
2025-05-11 17:27:36,9cdc7e4debaf12415ac9b9563253ae7f28c5066bbf6b31be2cfd6ae89b08599d,896286,330.0,152.0,0.460606,1,1,323
2025-05-11 17:27:36,f4ded104f9c67e30da3a5369a037228e9e38dcf0748551c23e70cb945865039d,896286,330.0,152.0,0.460606,1,1,323
2025-05-11 17:27:36,60324eb689ac9dd9aef96237a1a87d506055518c43b66918d284c641978efd9c,896286,330.0,152.0,0.460606,1,1,323
2025-05-11 17:27:36,283067c9345e19cfc180f82f9685f90eecf12fda6d7c9ce0c7cc5eb2d9672a9d,896286,124578.0,154.0,0.001236,1,2,205
2025-05-11 17:27:36,b8b5c155287190d81efc6558de8e35c111425dee73f765d2f0ac7c5e0e66fb9c,896286,330.0,151.0,0.457576,1,1,319
2025-05-11 17:27:36,459ead4622e42b244f8d3938545ea704dd5db052451782d89bee856e3bd1f69c,896286,330.0,152.0,0.460606,1,1,323
2025-05-11 17:27:36,b412041b9040fa5659bf1a00097765ffb0ccf34a25aea23719e1f6f3561dac9c,896286,528654.0,212.0,0.000401,2,2,312
2025-05-11 17:27:36,e3a77ff6f1a95e490b71ec7453310e37bc1fac06a99fa73612484fbc7a3fa99c,896286,330.0,151.0,0.457576,1,1,319
2025-05-11 17:27:36,151cd256b91bcbda653a82a256b252580fcd2e16e06d9ed9489defd25c2c7f9c,896286,351.0,129.0,0.367521,1,1,267
2025-05-11 17:27:36,2c763c9f9d5ceb23773d66c612572985cd31089bb1a8aad42c9be86a508b389c,896286,330.0,151.0,0.457576,1,1,319
2025-05-11 17:27:36,69d89dbe67c50061f4a5c5e161d1111ca7a8a85c5b04847f564422b8c625299c,896286,330.0,152.0,0.460606,1,1,323
2025-05-11 17:27:36,89ba39a208b19a34c66c54786c65d615864a7f177d2fb8f319a259ad77d3239c,896286,18517.0,110.0,0.00594,1,1,192
2025-05-11 17:27:36,9c83d80eb8cbe5f27746ba8558e5f386c086696e40fcb32d29260459cbdcdc9b,896286,351.0,129.0,0.367521,1,1,267
2025-05-11 17:27:36,57bbac21c57a0364063155e12115a861c03200f1e94fa076c473941f6405bc9b,896286,546.0,153.0,0.28022,1,1,330
2025-05-11 17:27:36,0f0d1dda84aae74a72913a2551a8db5d0d02d0c48bb0c0b9dfca5c33ad0db39b,896286,351.0,129.0,0.367521,1,1,269
2025-05-11 17:27:36,5ff805b9d2629dde28a18a6241815d5a869bdcf69284763aaef6fde94d72939b,896286,66515.0,217.0,0.003262,1,3,298
2025-05-11 17:27:36,ef56fffcc8cf52d7f41cfffbc70b50dd2237468cc2029c5b06e31225d1b98a9b,896286,26895.0,154.0,0.005726,1,2,205
2025-05-11 17:27:36,76695c8312424720f7c9b6158c2dba233e01ab688c750a78b184b4f41ad3879b,896286,330.0,152.0,0.460606,1,1,323
2025-05-11 17:27:36,016bf3b77ac062f7ec667037589aae828309d742671902b8a93b8c2f2680869b,896286,240263153.0,144.0,1e-06,1,2,226
2025-05-11 17:27:36,2c3670a809a8ed7fd7ac970981a67bbffca6c0c89faf8a31c7aa9f4c46fd609b,896286,330.0,151.0,0.457576,1,1,319
2025-05-11 17:27:36,69d4f19bebf277ae0fb23d94c20412ddcfaca23e442b48a4d2dde20700a64a9b,896286,24761.0,160.0,0.006462,2,1,260
2025-05-11 17:27:36,abcd1a42631dcde01ccaa3e86737aa780a78ff0c4280b78ac69fa604c16cf89a,896286,39703.0,217.0,0.005466,1,3,298
2025-05-11 17:27:36,6c43674f628760aa6a0d1ac6127480e05350129a0b2f3e044d9624af6e77c79a,896286,202175.0,165.0,0.000816,1,2,246
2025-05-11 17:27:36,edd941e98b4d78dc2346bcc14c4102139b9ff8a2e0a5528ab03322949654c59a,896286,114577169.0,297.0,3e-06,1,7,379
2025-05-11 17:27:36,be07353a7fa62ffc44bf42102e8f5584f3ae8d411b332922e37f6a294cabab9a,896286,13872.0,102.0,0.007353,1,1,153
2025-05-11 17:27:36,c8d70464d7a7a7070f0295a0a40dec175baf778ba3e68a59bf7e609eac64a89a,896286,78062.0,212.0,0.002716,2,2,312
2025-05-11 17:27:36,f57e549146965ca9a55c1565bba6b05d3d5a875f175789fdfe36af07f8d5a79a,896286,546.0,152.0,0.278388,1,1,326
2025-05-11 17:27:36,370d5cad64626f0ba9490ea4685f5afe4c7dd7850f0bb463ae59bcaf4421949a,896286,330.0,151.0,0.457576,1,1,319
2025-05-11 17:27:36,d4b00229c95ef4edd4ccea725457a40baa457db2dd7c704d5dbbbf5ce0307b9a,896286,546.0,151.0,0.276557,1,1,322
2025-05-11 17:27:36,a0d1d009a6ef5fa927a86456775d241611c6021e84fa86f4e8d0d88dad24369a,896286,330.0,151.0,0.457576,1,1,319
2025-05-11 17:27:36,ac08e99fab180e7c718f83de9f84ecd20b64b47845eb4ac1a8c7feb1b2492e9a,896286,1490255.0,145.0,9.7e-05,1,2,196
2025-05-11 17:27:36,9b047fe41200b4563795d4a3d21dcca525e5123df2fc966e93758c623c30289a,896286,330.0,151.0,0.457576,1,1,319
2025-05-11 17:27:36,54dd42ae08f4e41b59482e90f6978618018983fc9b7ae8ae1fa537d1619c159a,896286,435.0,111.0,0.255172,1,1,162
2025-05-11 17:27:36,777e848a2622de0e584b13ef84f5625385f8ff2bd3face3aea3330271675119a,896286,726169.0,142.0,0.000196,1,2,193
2025-05-11 17:27:36,c67b0e2f89f4005da9d12b1fd2b23a262473aea0611cb5b7a5140cce7af0c699,896286,330.0,151.0,0.457576,1,1,319
2025-05-11 17:27:36,6fa7ae4fbca30d2b6e7575a9b5f76e500e452f72383353935e2cd3a8c0e9ba99,896286,20335518.0,165.0,8e-06,1,2,247
2025-05-11 17:27:36,852904c137706a9a8f08847b42e89509f42a5c83e5995f7effd21aeedba5b599,896286,1023306.0,276.0,0.00027,3,2,518
2025-05-11 17:27:36,b20265dfd49255bd592d8c17afc6aefad50c2aab84d9ac8aa366e864180581c0,896286,26181.0,164.0,0.006264,1,2,245
2025-05-11 17:27:36,0691e163c05d052aed64a727cc59435ad3bbddd48b83d9bb17de97a4207d8699,896286,35668.0,217.0,0.006084,1,3,298
2025-05-11 17:27:36,629c1ad650d69b8ef3407b44dcca32b28ec5f5258c6e21bb392ee475197e7299,896286,73419.0,203.0,0.002765,1,4,284
2025-05-12 21:13:18,42efc1751482b26b40b908a3d514f37e3b1cc9db81803a107cfcfa3647211936,896458,2582977342.0,504.0,0.0,1,2,250
2025-05-12 21:13:18,b4fcd8297dc4158c0c0038a6bb203ba6ee9b91fd6f50ca1d5626e3be83311436,896458,10651.0,330.0,0.030983,1,1,191
2025-05-12 21:13:18,0d9d38c7350667212c53d6000caf003e0adc8f6d9186c63db8512dc09bb49635,896458,259227.0,330.0,0.001273,1,1,192
2025-05-12 21:13:18,67bc0ccda5dff8e5d23826947df905e2a87c11a969f0d168571bea554a6a112d,896458,27644044.0,525.0,1.9e-05,1,3,256
2025-05-12 21:13:18,d6af04d15ac3ff37d613b5f88ff81e201a0066d4597db0e04fad63823fd7e125,896458,6233.0,330.0,0.052944,1,1,191
2025-05-12 21:13:18,00333273d6c394be7efd3e22d082caeef0a1f8018d6e3ca7745e53183bc3f321,896458,546.0,462.0,0.846154,1,1,331
2025-05-12 21:13:18,58b6d7169a2a1870e71fe4a8d3118542fb3a5852f2bb8f697c94e1df3724593d,896458,44064.0,462.0,0.010485,1,2,205
2025-05-12 21:13:18,3d748a248e8a981c2ee3070a9b91b1790969105c57b9fea86359049a1d1bf21f,896458,1736448.0,669.0,0.000385,1,2,223
2025-05-12 21:13:18,c09dbec9af20fbd09c15bb6213f430a5805a57ac040f4cd86f463dcc9509731f,896458,9949505.0,495.0,5e-05,1,2,246
2025-05-12 21:13:18,fe8010805c6e7e465bdfcc0a6e4c9f1672a6504c6b8c553696e99b906250d71e,896458,524539.0,462.0,0.000881,1,2,205
2025-05-12 21:13:18,b511963309276b7b0b4e3c196fa6a7ca06a97404ee6b9f8c5e59adebecfa601e,896458,248049913.0,423.0,2e-06,1,2,222
2025-05-12 21:13:18,7b55c913664ded45cc5aedacaa44bbfe89b0dd3b721961eedce82e3a99bbec1b,896458,19079679.0,531.0,2.8e-05,2,1,339
2025-05-12 21:13:18,9dc51b61ee90ce13553982f0021c402bca8f1cc2b1428dc52777002a6f6ddd1a,896458,1343839.0,423.0,0.000315,1,2,222
2025-05-12 21:13:18,0c083fc9a12aae73fab6655c253f2f5248daca993a9df4a5f3ebf35b183fd317,896458,161926.0,498.0,0.003075,1,2,247
2025-05-12 21:13:18,98f22cefd65465f7d6bebae71f763eedeb216c33bbc5c05b21a924b14e82b916,896458,227745.0,423.0,0.001857,1,2,222
2025-05-12 21:13:18,7aaba337163280bcddb8d03967b64bf610679ceb83450007b249f15f47477d12,896458,13670.0,330.0,0.02414,1,1,191
2025-05-12 21:13:18,6a5243771e4da6944a80bbe250de3478340d66f1bc3fcfc21925023eec017111,896458,4296135.0,423.0,9.8e-05,1,2,222
2025-05-12 21:13:18,65b4586e21f6025d01ffdc121be73d15028e0695590ad8246f3bd8357d697810,896458,2061874.0,669.0,0.000324,1,2,223
2025-05-12 21:13:18,2855b230cba1e3485bdfaaf006392d4fed741762bc79f424b6dc51b3d1f4e60f,896458,683074.0,768.0,0.001124,2,2,418
2025-05-12 21:13:18,63f00efb422184864cd8952606984ac05e2af06b673ff02f23860cd5a0397c0a,896458,12573.0,330.0,0.026247,1,1,191
2025-05-12 21:13:18,9a120823f847efae2dd7aadf0a0899fa131458ac2b0b9da609e9592f419e4e08,896458,915751.0,426.0,0.000465,1,2,193
2025-05-12 21:13:18,017006a7971cace57ef9aa4c2525b68d145f1bfba805980523175c6a157aa307,896458,89182.0,399.0,0.004474,1,1,215
2025-05-12 21:13:18,7b032a062437eb8d352822c4578bdaf901695167e822165327079b53957c4c02,896458,481318.0,612.0,0.001272,1,3,255
2025-05-12 21:13:18,b51f89fc9ec082390ce73d22e2e13ca38d5d6145f695d7e9e6be9e416ff062a6,896458,555930.0,426.0,0.000766,1,2,193
2025-05-12 21:13:18,a34ff9dcb73943f7ebc0e3911317077e7fe76881464774a51d9615d6c1c52602,896458,226116.0,1098.0,0.004856,2,2,366
2025-05-12 21:13:18,828610ff185ab03eaebda5d1bad9a53395732f42cb8796f548b77a3f75d9f667,896458,3823439.0,829.0,0.000217,3,2,519
2025-05-12 21:13:18,e0e60a09023c4c2cc71985daa640f7850793e99fff9436e31db349bee05b0095,896458,117417.0,13683.0,0.116533,66,2,9881
2025-05-12 21:13:18,43f45331d10a91cc29b169caa92bb74983db707c251c33d1947291d203a6520b,896458,56948.0,1896.0,0.033294,6,2,1117
2025-05-12 21:13:18,b58a611e1af3f2d6d489151107cf12c06c549af4f63480ba4b58c57491027374,896458,849975.0,33789.0,0.039753,165,1,24553
2025-05-12 21:13:18,afa2a4560e7ce6547f28c4134ecdc904a95c5db4b4f413fc392b3553e5754a4b,896458,7217383.0,13479.0,0.001868,65,2,9726
2025-05-12 21:13:18,2f826d3c997156f24816f7bbe44954fcbadc8946e1d82e962dd6407ef937424d,896458,4752.0,3186.0,0.670455,15,1,2272
2025-05-12 21:13:18,e15c23a0ccd50344bb8f0359d197dfe8283a0cb191dbfe8a560543b7f1a22a9f,896458,406023.0,1491.0,0.003672,5,1,901
2025-05-12 21:13:18,5c7b19458270fc934a1df279e3dda6b4b214fc0c76c95d61c7379ec960363be2,896458,3251923.0,13479.0,0.004145,65,2,9720
2025-05-12 21:13:18,62a90e5b281314f86a294ada87968bd2246db3da51674340ddf91e6f9c7e3a6d,896458,6396340.0,7971.0,0.001246,38,2,5712
2025-05-12 21:13:18,7a87921171942b36455006832484780a7927dd0885944a077386b48eca9c2e9e,896458,87644.0,1305.0,0.01489,4,5,665
2025-05-12 21:13:18,9d7c63f939b25d8c9e23fae247f786d3085897bc8893b800d6408e9b4ff45fb6,896458,635754.0,1248.0,0.001963,5,2,817
2025-05-12 21:13:18,66dcce65ec823938a96a680d486060089e1d8549f4c7643b58f6b5c72db6bc05,896458,10002.0,693.0,0.069286,2,2,458
2025-05-12 21:13:18,40393854c1a58780d39bf6105c4090c723f9213407131dd6cd24cd9e757cf963,896458,10695.0,459.0,0.042917,1,2,235
2025-05-12 21:13:18,deed3111671c0f5d0dd84dfd26936c2d5aee6d8dbb0ceceff59ca5429b5c6183,896458,1991219.0,837.0,0.00042,3,2,489
2025-05-12 21:13:18,907a1c7d898d1d2c6f632507bcee64c011f1a476235a472ed1b98cfa6015dbd5,896458,801143.0,1650.0,0.00206,7,2,1111
2025-05-12 21:13:18,9c00347b1a7dadeb9977a1ad2a0389265e0a1a043c1394363e0cd1fe0fab6084,896458,57555.0,1024.0,0.017792,2,5,472
2025-05-12 21:13:18,91a81b66b1904aa50ed5a624eeef6213bb289ac58d3a81ce20aa3262e97b0a1d,896458,82869271.0,768.0,9e-06,2,2,417
2025-05-12 21:13:18,1fda79ee92c3980fada773acb4fad46b8bf4db63ffa8bea4ffaeb569fab9ede6,896458,1635056.0,705.0,0.000431,1,2,234
2025-05-12 21:13:18,d94d3d2e1606a280256b6da390e0bc3bf6c0eda093ec63497c251d28a222292a,896458,2361498.0,1362.0,0.000577,2,7,833
2025-05-12 21:13:18,35ba2e7a203d4400b55cc027e3c9edf501a659039e74d761ece03d6800011082,896458,10005500.0,17577.0,0.001757,85,2,12655
2025-05-12 21:13:18,aeea040dc2500db44fdf9d048b931c5d0a467c521ebd66788633f58c1c1066e2,896458,1258283.0,675.0,0.000536,1,2,224
2025-05-12 21:13:18,7fc3bbdcef31235efce2a0997c5ea77374e758fa6baeb9fdb1859baa414187f9,896458,136457.0,672.0,0.004925,1,2,223
2025-05-12 21:13:18,a92b698b823a9f7cb8d945664ec0aa444b60fb2dd5e73ad45f4aed59ddfa2dd0,896458,254641.0,627.0,0.002462,2,2,370
2025-05-12 21:13:18,b9175356768b6057bf3a1eeead25b4d7b3fd4f2222be7ed887cdd5e39dfe1e80,896458,518424.0,576.0,0.001111,1,1,191
2025-05-12 21:13:18,65747280f642ede61a1db57914091600c714a34179f05d44551e31086a527f90,896458,6513248.0,573.0,8.8e-05,1,2,381
2025-05-12 21:13:18,a9f186201bc77be8ae6352ab5fa32bf8b5264ff270bac00abedf49e41c97395b,896458,141554968.0,573.0,4e-06,1,2,381
2025-05-12 21:13:18,22b826ec3de479c9921c264c13bf0e89a87bab10ed75380184d1e42112bd9a2f,896458,1685599.0,573.0,0.00034,1,2,381
2025-05-12 21:13:18,ca798d8703b58e25933ae1f1729bfa3ef81a6d2eeefc95c98df68218572cb467,896458,66404604.0,570.0,9e-06,1,2,380
2025-05-12 21:13:18,b9e2d360a70fa19eb42afc07895a7e4ce2060b8334c0ffd275ee479ba2021dd9,896458,49355.0,567.0,0.011488,1,1,188
2025-05-12 21:13:18,0f8b2ff5f42552a760caf6cf69e0a86eb9f419c55d97edac6380633a31930a5b,896458,33620879.0,3096.0,9.2e-05,14,2,2093
2025-05-12 21:13:18,ecde46f779afae1bc4a5a80ab3bef6c73d7b09e8955c03e0507e55644fc9719b,896458,500166.0,465.0,0.00093,1,2,205
2025-05-12 21:13:18,951b2bda3298778a6955ac9ea2cf15a574d501957a762a50e1f09ae4ba8c95c7,896458,4067494.0,438.0,0.000108,1,2,196
2025-05-12 21:13:18,50b4ee8f6a340f016d8ceb58b6bb29e9b2b4a697cf8522d83f62d1ead1bd1766,896458,1872654387.0,1314.0,1e-06,1,11,516
2025-05-12 21:13:18,88556998a21f9bc16b2f0a8dc652f084523c4e9fe496967733af698b1c27def4,896458,4907768.0,429.0,8.7e-05,1,2,193
2025-05-12 21:13:18,fe07aab2cfa29b5ba6393af2d56235ff5bbacfb4a5bfdad424d05cf2698ff1f1,896458,4178223.0,429.0,0.000103,1,2,193
2025-05-12 21:13:18,a07999622dc3ce06a6dbc454a2d200aa9f199fe4d0feb2dc9d32e36d2ae572c0,896458,4180122.0,429.0,0.000103,1,2,193
2025-05-12 21:13:18,e79b016944a13a4ddbc18b387caf61bbd0f864e6131088cee720c9503faed2bb,896458,4077964.0,429.0,0.000105,1,2,193
2025-05-12 21:13:18,4dbf472a7f92f66929b54eabcaf710041113e0bce2af0b21fc337af3589c5906,896458,4387531.0,429.0,9.8e-05,1,2,193
2025-05-12 21:13:18,55b571c09ae9070abbb1fdf8d694f56c8b2e91e2394af3e1e1cf7e995d9161f2,896458,1187675.0,426.0,0.000359,1,2,223
2025-05-12 21:13:18,76cde86682d69b82f4458d1f724de63e9f257aecdd9040e28cadee6698b9e34e,896458,6746409.0,426.0,6.3e-05,1,2,223
2025-05-12 21:13:18,db5ae051d08b75861c94669738c78f0ac8dfcddbfe89a5145df71c2684406dbd,896458,2814.0,1554.0,0.552239,8,1,911
2025-05-12 21:13:18,e51140e3c63152e75726da406bde512d2e8fe9246cc5172a1db655df5f172563,896458,299904.0,641.0,0.002137,1,2,402
2025-05-12 21:13:18,73d41bb7e4cfb85871003118f037ced1ab8bfc99f029a5b09112e750dd4fb636,896458,624035.0,747.0,0.001197,2,1,583
2025-05-12 21:13:18,0316bb65f5a23c82930ab17303fe3731a49582c5942717855e62e6b3d0b216c6,896458,9882.0,4860.0,0.491803,27,1,2944
2025-05-12 21:13:18,6863aac8b8bbc24e13c510585d8e45a02f6bad4d58426604ce941e62610290b8,896458,1266.0,1032.0,0.815166,5,1,590
2025-05-12 21:13:18,b27ad6216df75cad5fb0b938cf465cd66946a1ced21a21a97adcb1e3485617b0,896458,1945154.0,672.0,0.000345,1,2,222
2025-05-12 21:13:18,300667ba685612911ef4599a5a28ffba62816a9efc13b8efbe05996c40004b6d,896458,9992117.0,336.0,3.4e-05,1,1,162
2025-05-12 21:13:18,4d9ccfa5995adbf6a2e24a08bb8f46bdc1fbbe262692cc91d0d07b04ea0e874e,896458,9992117.0,336.0,3.4e-05,1,1,162
2025-05-12 21:13:18,b69c6abd8691c79138d41f1c5164636f013648aa410e41f8e567790ee6335721,896458,9992117.0,336.0,3.4e-05,1,1,162
2025-05-12 21:13:18,8034982daf4f03e1af7fbd1c794f47c6768bb6125a74b002980387d651910e7e,896458,29526.0,333.0,0.011278,1,1,191
2025-05-12 21:13:18,db0155f785e9b109d7b62ef244300f60bab2eb67ded146c81476596b4c44c359,896458,14670.0,330.0,0.022495,1,1,190
2025-05-12 21:13:18,9b0bd2f23cd5e804b23604f75d2be0e31a06b3ad8c6657db5f7e215d413d3667,896458,349273.0,727.0,0.002081,1,4,291
2025-05-12 21:13:18,c9688958509cb9315b9c3e274f78bc0a9992ef4a1b60af05896254c346546a57,896458,1267512552.0,906.0,1e-06,1,7,381
2025-05-12 21:13:18,30d6498d6524e368ff4cf7145f997076346933cba72afb11df6a2fc641010bae,896458,1821658205.0,849.0,0.0,1,6,362
2025-05-12 21:13:18,fa4a8673b2d6c0cae8ddff74ef4e37dd216b85821e9832d0cef7ac83c9c8d491,896458,1862257784.0,756.0,0.0,1,5,331
2025-05-12 21:13:18,8dfa2cd8d78d454d2ecd056f6ad367724613696032c60137be76812f54b91dfc,896458,140290.0,334.0,0.002381,1,1,192
2025-05-12 21:13:18,e7ee0c42ec647c211df270ec03efeec92acb9148dcbb595f7ef618e3bc785438,896458,1859094236.0,630.0,0.0,1,4,289
2025-05-12 21:13:18,2ac4c309e1ac717afa0927a1b7e3c8b1589fc7d7bb2a0009196feb77bbe496e4,896458,1868608556.0,624.0,0.0,1,4,286
2025-05-12 21:13:18,eb43a46655eadcfd1ec49c09c17086dff8e86c3ecbcc6962c3d35519641810cb,896458,1859957990.0,621.0,0.0,1,4,286
2025-05-12 21:13:18,588cbcf1c4d25992caed9a653ae8358e9f0b9d7d2f94b684430d61176b03b8e4,896458,65402866.0,64293.0,0.000983,310,1,46064
2025-05-12 21:13:18,5e0f0a2a25478b79fd3823686d5bcdb92d430e833094abf83d1ba1152321f31b,896458,1142394814.0,543.0,0.0,1,3,259
2025-05-12 21:13:18,9cde6f5786e43e907cfb04fa85de4f54e53549a8a8c5e68523fa321c47c5f5f1,896458,1862838432.0,528.0,0.0,1,3,254
2025-05-12 21:13:18,aeb4546f58939858ea15f476d17f5975bdbbdd386b95f9bc14923a7e3a576c19,896458,1832898678.0,525.0,0.0,1,3,254
2025-05-12 21:13:18,ed51a6b3d138ed921f3bf2ff4d585962350ea3ecd44221b90ef9740059df47a8,896458,144146.0,2174.0,0.015082,4,1,632
2025-05-12 21:13:18,23968af2739c0203cf8927e4dbc006599c66f80e073724862c1588fd29f4d245,896458,200014.0,470.0,0.00235,1,2,234
2025-05-12 21:13:18,94302273a6904cb268104ad835ad06cdedd26eacf056e2efa194cc2a384e0f71,896458,187400.0,684.0,0.00365,1,2,414
2025-05-12 21:13:18,b80f037020e5d6bc82a03d939f0d5b12ba8f569ce97048fc3b0f145e6b8e31a8,896458,161313.0,336.0,0.002083,1,1,191
2025-05-12 21:13:18,5d84736586f77cd42d2ff4c4709aacfc476b57c0144190417af4a29b9225dfc2,896458,1858893412.0,441.0,0.0,1,2,225
2025-05-12 21:13:18,220c4dab49ae22515f318deaae9759172a65f21051add91a42a3a820b9ee4c0d,896458,1868641097.0,441.0,0.0,1,2,225
2025-05-12 21:13:18,bb902d8581cd8df32a11550ff988ceb4d0b2f68696879eca911a6d15962e4db3,896458,1865328589.0,435.0,0.0,1,2,223
2025-05-12 21:13:18,198db94a3052f578318519e44ab3689bc818be0e80a8f506918e0335269aeb3e,896458,1680691754.0,435.0,0.0,1,2,223
2025-05-12 21:13:18,9e5fac163afbff12ae7b001f1c5a20276929b81aa2ca07f5a4d6bd8dc5261d23,896458,1847368821.0,435.0,0.0,1,2,223
2025-05-12 21:13:18,b57ab07e003ff6e212dbaa5cc90afb80661054025d9f12737125cde1d269a22b,896458,1865121104.0,432.0,0.0,1,2,222
2025-05-12 21:13:18,433d09696498fd3a0e0e06b30f1b594619d078ab0a08df808a42a8295b71250b,896458,65481537.0,432.0,7e-06,1,2,222
2025-05-12 21:13:18,38ca79070dc4f7c6a14d13a9d4901b0d59f291c32b67fcf42f0643ef9a0fb059,896458,202644.0,779.0,0.003844,1,2,223
2025-05-12 21:57:42,b2f316786c6d82f02839b7c95f117b8478821f0b50feaabe7e46181b39f88d53,896460,19560.0,440.0,0.022495,1,1,191
2025-05-12 21:57:42,13e09b387e2bd0f3cf86b4cd7ed580b55836f8cb9d2efbe132c6da751542b64f,896460,9817.0,440.0,0.04482,1,1,191
2025-05-12 21:57:42,2decb7936b116252e9c764fad7340f06ba633dc38204f45ead5f40db93e76c43,896460,994114.0,580.0,0.000583,1,2,196
2025-05-12 21:57:42,16b9cc4bf4e870ce99f8b1942493169ac9bcaa694a825019a0b5b9e650546541,896460,342142.0,580.0,0.001695,1,2,196
2025-05-12 21:57:42,0cac7866a40f2d9362fc132bfe23ce730a2936af02c257e9991e4a21c8a9e63e,896460,13960.0,440.0,0.031519,1,1,191
2025-05-12 21:57:42,bd340c017c62f4da589baa5abf2531c45fc3ab9a3b95dee9078160564469e43e,896460,104519.0,532.0,0.00509,1,1,215
2025-05-12 21:57:42,35fda8bd7c2a9d1b7685acd802b9f6d05d18dcf84deb36b404d4c0d81e086b3b,896460,30750.0,440.0,0.014309,1,1,191
2025-05-12 21:57:42,365580282635f1c902e972abb5635ea16fb020116004f8fa6d0d4f1d14a2fb39,896460,3918240.0,576.0,0.000147,1,2,225
2025-05-12 21:57:42,76eb591501846f2c372dada2fe8211214a92a5e351154152739751b74507af38,896460,33768533.0,688.0,2e-05,1,3,253
2025-05-12 21:57:42,b65105820b2a512872d08dcf65bde30928505b5fd3c308b93cf17e3d9bcf9e38,896460,19564.0,440.0,0.02249,1,1,191
2025-05-12 21:57:42,40c9a58612bcfebaa5a90cc5ad62a2a354bcc0397ee4a2365ab83c0dabef7337,896460,19802.0,440.0,0.02222,1,1,191
2025-05-12 21:57:42,543a330f6e9c831343158e150cb5e409817d406a87a977b82cec27633a1ce336,896460,19631.0,440.0,0.022414,1,1,191
2025-05-12 21:57:42,875aa3af74cac44cb84e41449203927adb0134919773b5aa3dd8a23d426a5a34,896460,564.0,440.0,0.780142,1,1,191
2025-05-12 21:57:42,0a8ab958d2c9cca1443befb17afd0550ea39cf7a76776ae21c93f9074c8b5032,896460,601650.0,1384.0,0.0023,4,2,668
2025-05-12 21:57:42,4e0eb9bb45375c7013a61ef11aa5286ee0a68239b99e3f8178782b70d47e3f31,896460,33713802.0,580.0,1.7e-05,1,1,227
2025-05-12 21:57:42,1056dfc7ca2228e6aad2019f7720364649e5d98c037e3f01262c818da70f0130,896460,10256513.0,452.0,4.4e-05,1,1,195
2025-05-12 21:57:42,caeed55cee0a0cab23809c2226c78c0cf449947d346ec0477b6db8e5a1f4a02f,896460,15433.0,440.0,0.02851,1,1,191
2025-05-12 21:57:42,63711d18dcdf109501ca29181ad00af1e44f794a9a38637aa7149ce45a75ed2e,896460,184076.0,580.0,0.003151,1,2,196
2025-05-12 21:57:42,457bd5dda84b1b028444adc60a63d2f902efb60d6ebf2f6dab668842348b262d,896460,4689013.0,564.0,0.00012,1,2,223
2025-05-12 21:57:42,2662386057d82f4d0611bd73ffa4cf96b83292f688e0e065e2e2da3eb7f7542c,896460,29555.0,440.0,0.014887,1,1,191
2025-05-12 21:57:42,9d47278bdc740228014d13ab1816b5c134e25d0e4913d40a191ecd9b1b733a2c,896460,5566.0,440.0,0.079051,1,1,191
2025-05-12 21:57:42,1d90528ef495db5b99dccc0e0a967695ddbd29a12f9b2c94e5d88165cbf1e029,896460,7681.0,440.0,0.057284,1,1,191
2025-05-12 21:57:42,3d2e7087f56274eff638eb343e39687bde13d5625f6064a8fe99e33b2bb34c29,896460,20187.0,440.0,0.021796,1,1,191
2025-05-12 21:57:42,660853e589efa4ac3c4103d0e2d097466a6c1106f16abf461036ef1328d49320,896460,8778.0,440.0,0.050125,1,1,191
2025-05-12 21:57:42,49cadc25a052633d6bfbafb725083f91f18f8e22736b416d3655d0decd824b20,896460,20560.0,440.0,0.021401,1,1,191
2025-05-12 21:57:42,f6b8260abba1562afd59b02a8c4601176ea04f1dd81fe9b4e13e0bc9223d1320,896460,11920645.0,612.0,5.1e-05,1,2,234
2025-05-12 21:57:42,05e7e1993f7f686adb0746d61025c779ec32e051e164d31b84a86a87e38fb21e,896460,4219.0,440.0,0.10429,1,1,191
2025-05-12 21:57:42,cae1e0961b6231365fc8005473571e3794ecb8b6b599a0f1a941c8a953b6251d,896460,27162988.0,564.0,2.1e-05,1,2,222
2025-05-12 21:57:42,342b29a9efb25af202e4e1f709312b86799fcbabc80781917f7b3c9fba2cbf1c,896460,19560.0,440.0,0.022495,1,1,191
2025-05-12 21:57:42,be56debc047b847f22fcca394fa6140b850b4a437e5b67887b1783e752bace17,896460,636906.0,440.0,0.000691,1,1,192
2025-05-12 21:57:42,7221c13fcc67f6089c5d4a5222ea764a40c5290a2b970505a6a1626577680317,896460,2574.0,440.0,0.17094,1,1,191
2025-05-12 21:57:42,d76293ca7f69d6dd1e2115bb61e948f0dbb579b597d0f8e5203c560177859f15,896460,292213.0,980.0,0.003354,3,1,487
2025-05-12 21:57:42,d9aed40619faf6b9918934293c48a71fdaffef6994b71af828721a07a27a6815,896460,26425.0,892.0,0.033756,1,2,223
2025-05-12 21:57:42,c841b86925d6ef6b8438f23aa5115c1ad1cd2bc00038c60ba55a4ccdf3dd8f14,896460,1693592.0,856.0,0.000505,2,2,376
2025-05-12 21:57:42,488f4bd8fba4d2d228d471aee7b2e4114c4ef2eb30cfbbe161d8d71d35993910,896460,14654.0,440.0,0.030026,1,1,191
2025-05-12 21:57:42,d69987f4006081117a3ee056f622cf819725384304ea16d14b1c36a52732190e,896460,1108591.0,840.0,0.000758,2,2,372
2025-05-12 21:57:42,38958c991f32d1c5c651ef5148b1789d89f9b4b96015bbb082960cc27846a10c,896460,236779393.0,564.0,2e-06,1,2,222
2025-05-12 21:57:42,8cbdad54ff63f10a72c9c505d0e7a425c7fe661a0ad295550bee500ae9c79d0a,896460,1574973.0,612.0,0.000389,1,2,235
2025-05-12 21:57:42,6cecd4e90d03ce531b88d5f3f75fa82bb62b29aa47822794da5b2cd67406e706,896460,2560.0,440.0,0.171875,1,1,191
2025-05-12 21:57:42,145cf848fee549fef3f833292aa7e74093c0cd1dfe98a3b19df0f0ab3506ff1a,896460,371364.0,3232.0,0.008703,7,8,1186
2025-05-12 21:57:42,2b8af8e927b341500ea0516409ba8b1eb5477b0bb431aaf0422a5c84f477f3dd,896460,107224.0,2408.0,0.022458,2,11,733
2025-05-12 21:57:42,fdce59811211dd372053fb08ad32477adae986eb5e2f9b93bb7e1ed50f3fe6ad,896460,107224.0,2408.0,0.022458,2,11,733
2025-05-12 21:57:42,915fb7bde67b76b105b395e6e07d624b23797bb00f7ec0970193d2b8a1bf4144,896460,143404.0,2408.0,0.016792,2,11,733
2025-05-12 21:57:42,29470033c88d522baa1b1975b5edb2450becd543abb75cb0b5fffd245f33c558,896460,38637.0,2012.0,0.052074,4,7,795
2025-05-12 21:57:42,4adfd201e501e835cb2cb9fe42103eb323109381eee35ebdc68abf2b5da7f91b,896460,43615.0,437.0,0.010019,1,1,190
2025-05-12 21:57:42,5fc2174a878b64061f34f408c64705014fe22f272ad0082b417eb588c7d38efe,896460,1425704.0,1116.0,0.000783,3,2,489
2025-05-12 21:57:42,3462d60bc25a304f01f66b75f11b2ca7bc343159dad842ea4fbf8018de51d7c1,896460,16103156.0,23608.0,0.001466,86,1,12816
2025-05-12 21:57:42,7173b1675c29006898a10a2b862bd4a6c67f857f4eabaa0c7f7f1c7334cb78c5,896460,20030073.0,25240.0,0.00126,92,1,13704
2025-05-12 21:57:42,f92a93f017349d123d06835a666b9b37eec3254806d24adf92419f6fc27f3f2e,896460,492811.0,900.0,0.001826,1,2,224
2025-05-12 21:57:42,721a7e21cdff666a4abb26c290e10fcde964eedf885a7c89b86dd447d2cc47db,896460,40138.0,896.0,0.022323,1,2,223
2025-05-12 21:57:42,2396f1dfc2e02742149799471b58e0430dff10942f08b6871503822e9acc8ad0,896460,11242403.0,896.0,8e-05,1,2,223
2025-05-12 21:57:42,29bff93ee845a97cd6bf52346b3ff6e0316ad1a368fb3013399ebfb6c5bd6e8b,896460,62123.0,896.0,0.014423,1,2,223
2025-05-12 21:57:42,5148383b07c3bf31a7e8272a58ca1e7b28ad1a4b80038a03c3a53f18fa61b537,896460,150497.0,892.0,0.005927,1,2,222
2025-05-12 21:57:42,4a06fd9e08ff27c8b80a963bbd28c3d99adc79451fdc4d985a860cab66265a0c,896460,301019095.0,892.0,3e-06,2,2,353
2025-05-12 21:57:42,7403f62a834f4c8b4e34888549b68e7dd126fb1c9937c0dd7d5ef2d376702cb5,896460,243956.0,712.0,0.002919,2,1,339
2025-05-12 21:57:42,4ab4c1bad761ac6bbeaf442a1844dc6dc1be4d9e213a0e8342f5f3667fa98b14,896460,9889353.0,712.0,7.2e-05,2,1,339
2025-05-12 21:57:42,3fe9cc28fdad8480e101274fd5baf0f5fd8060e0c759118e29a6e0b658cacf42,896460,59158.0,664.0,0.011224,1,2,246
2025-05-12 21:57:42,acdffd189b9259699526851870410ebba1728240aff138fd35acc08272cf93e5,896460,2387214.0,576.0,0.000241,1,2,194
2025-05-12 21:57:42,1de68af07707fe382643cee433bed23f83cd81187d4c93887e0c810f6241fe5a,896460,2491763.0,572.0,0.00023,1,2,193
2025-05-12 21:57:42,ba3a2f1b1a72a019cf72db25164d86255a5bab3723d00990355725ed01b3bad3,896460,409320.0,568.0,0.001388,1,2,222
2025-05-12 21:57:42,68fc181bdde950891271d63961608b90b84aca315b198f5c470354640827f99d,896460,167250.0,2088.0,0.012484,3,2,518
2025-05-12 21:57:42,817eacdf7f7a60ab6cbd49a3694c62bc2662098bf4f6014a8d94703cb4fe40b2,896460,423054.0,896.0,0.002118,1,2,222
2025-05-12 21:57:42,c0a3b9decc58bf2a68a1e8feb29ace00818c55b0c1d17a6cfcbaf54134349f15,896460,58530738.0,896.0,1.5e-05,1,2,222
2025-05-12 21:57:42,015d47011905595e1d4b9ab27eababceb2fd5e219015365ac06119f6ee29c1b2,896460,1234516.0,764.0,0.000619,1,1,189
2025-05-12 21:57:42,bb726c364060c8c023bb54596295cfdae7c9fac2105a1f5e85805aba1e1f6ec1,896460,202906.0,1362.0,0.006712,1,2,225
2025-05-12 21:57:42,aeafd1a056992a3df5e91dee505d3751cec1bbdea7a5827186949da584670d08,896460,418722.0,446.0,0.001065,1,2,222
2025-05-12 21:57:42,7df0e87d0a8b18ee4e3c9cb23c5ed31d20e696829136d8b7ead1dcce373558df,896460,8580965.0,708.0,8.3e-05,1,3,256
2025-05-12 21:57:42,f6a02a13456e3f09bca215459b9949861f061a441237254cb8c637728f620a50,896460,1897444.0,4024.0,0.002121,14,1,2124
2025-05-12 21:57:42,a66f3270cf35c163c1660192b63206d32fb1e35767711aca00838ace9871bec1,896460,212875.0,904.0,0.004247,1,2,223
2025-05-12 21:57:42,7f2989e4f090de11af102643bb28eeaa1851b12ed0a54745bf26907effaa422a,896460,650025.0,1496.0,0.002301,2,2,369
2025-05-12 21:57:42,1d17d184f2c0a48cddb508ce5c39937d965b0e34684e1c45741d4912e8c1d6a5,896460,90612.0,860.0,0.009491,1,2,403
2025-05-12 21:57:42,f9a5eb4759d389feb20173c6d596f0ceb9c6e98b8cb503e520a5a8ec5d23beca,896460,60614.0,1011.0,0.016679,1,4,330
2025-05-12 21:57:42,21584226099da5518d4c385cb4751ee1189497a00aea756a17addd76853bc329,896460,20857421.0,2712.0,0.00013,2,2,667
2025-05-12 21:57:42,ff66a6187c142065e6ddb3c76915e3e8b0dc18eeaed07cb4e947f4df28f00588,896460,4931500.0,575.0,0.000117,1,2,222
2025-05-12 21:57:42,0a99f04b699383a528cb9846f4cddf5c3a8b14072e69a3171f683df4d72cf363,896460,10204857.0,784.0,7.7e-05,1,2,383
2025-05-12 21:57:42,26ebc12b8e809f07b961d971a4c64481da0eef6f9c2bb3af9d80436111941ce0,896460,56800.0,450.0,0.007923,1,1,192
2025-05-12 21:57:42,922a0fdf8a6b97bfe315eea9cd6326c307a1482dd2005c4cc3e49db560c88cc7,896460,3092134.0,5376.0,0.001739,1,2,222
2025-05-12 21:57:42,db090cba22fd7f28ffa98c2717a94c0831b96adbd7d3bcd4dadb5e9307a7b4ca,896460,3107310.0,2016.0,0.000649,1,2,222
2025-05-12 21:57:42,61fdc17ba37e143debee90bcf5d72c774cfa2897f6109388260be3d6ddb76cad,896460,3119126.0,672.0,0.000215,1,2,223
2025-05-12 21:57:42,8478244fedbbf5bd62d5f21fe96c448dcf6b79041a3698fd040d25bfc313283c,896460,3129598.0,672.0,0.000215,1,2,223
2025-05-12 21:57:42,0b84865512613f8034078494899ec2768f4f5326be4d6c8ae148e9c7be8ec57e,896460,3140070.0,448.0,0.000143,1,2,222
2025-05-12 21:57:42,dc626e3e81f4184250552ed89d90eb7b4dd57714b909bcbf3fd2bda2d5c12455,896460,3278018.0,448.0,0.000137,1,2,222
2025-05-12 21:57:42,036f3f4a90d5ae9afdfe475171c7658f2c416955f96f3b54464b88c388ef9374,896460,3414466.0,448.0,0.000131,1,2,222
2025-05-12 21:57:42,94647c93036ebe8bd40051def8264dc43d40063a347fd9089c1f658250e4c871,896460,3424614.0,1344.0,0.000392,1,2,222
2025-05-12 21:57:42,e440c5a8dbf4fd45f1c7fbbac1131e65dd30f8f23a4d0508a96c420ffc5f7b05,896460,3463558.0,448.0,0.000129,1,2,222
2025-05-12 21:57:42,2bb13bd4ad9367ada3568f8eabd24efe279125ad1ec03f78d44f19cc75981142,896460,3483606.0,227.0,6.5e-05,1,2,225
2025-05-12 21:57:42,84caa5598fc1c1b35fdcf263449feebdfebd7432ecc9770eacd7f9ff2b18c125,896460,3532033.0,448.0,0.000127,1,2,222
2025-05-12 21:57:42,804c5a2576b632bd3ca32fcd0bf118b16cd1d28c1f532dd7be4a8688c0908464,896460,3542281.0,448.0,0.000126,1,2,223
2025-05-12 21:57:42,66f206a2b8648d52c63689dbe92fb7cf113c8f87fa2a89bbd033fc295b4593f7,896460,3552429.0,224.0,6.3e-05,1,2,222
2025-05-12 21:57:42,d3af794d521f58d1a9cc59d8a76b2c25b4b621f2ee3d24598d3ae0148f96c01f,896460,3711653.0,225.0,6.1e-05,1,2,224
2025-05-12 21:57:42,cab2a4776a5f490004866698ad1edb5b79e50999b61125c3b93baeacc4006a8e,896460,3789878.0,224.0,5.9e-05,1,2,222
2025-05-12 21:57:42,1d5ffda1d08091c3db2e4e6199761a1d9614cb9b34ffe215d4c9116fbb111060,896460,6669530.0,578.0,8.7e-05,1,2,222
2025-05-12 21:57:42,6d199ecbc23def36aedf81e69d3d809f0db6e15dcb26af7a7ac370584bb26e61,896460,6946189.0,578.0,8.3e-05,1,2,222
2025-05-12 21:57:42,5f8ce132de4a3525c67035d7004706c8a66d71a9df0beb829c43f1c139a75580,896460,7222780.0,578.0,8e-05,1,2,222
2025-05-12 21:57:42,e17a638c5f0c73ca2fbef1461860a3c5fe1f4be94c9acb1a61dd04db78c652c6,896460,305278.0,732.0,0.002398,2,1,341
2025-05-12 21:57:42,47745a412c705b23a172c9b08c704882088744d3122e95d02d6c41a0237943cd,896460,1569045.0,584.0,0.000372,1,2,224
2025-05-12 21:57:42,20b0a6eb022fd926728cd64947ba85306aba1f93b4d4f9a4e188ffe88afff10f,896460,1570039.0,2044.0,0.001302,1,2,222
2025-05-12 21:57:42,de9a7bf6efebcb8423fd701d77b5a8297c65c03a5d91294b6e6d95a1566b8adf,896460,1572493.0,438.0,0.000279,1,2,223
2025-05-12 21:57:42,2ab0c329858f00fca92db7ad19043ee905d85fd6869c0ca88f88ee7b3a6be308,896460,1573667.0,146.0,9.3e-05,1,2,224
2025-05-12 21:57:42,a9625249c0dc703839b1002d274abed36806c08483ae6f349869bca91708179c,896460,1574549.0,146.0,9.3e-05,1,2,223
2025-05-11 15:51:25,b25bd7a01efb905e2e35c1479252f1c735fea6d0000962040ef319cc3295f7b0,896277,15650.0,651.0,0.041597,1,3,298
2025-05-11 15:51:25,ed14d3211ba33ad8651add4eb7bb632e016560386f042e8852c12c97085ee1ae,896277,20862.0,648.0,0.031061,1,3,297
2025-05-11 15:51:25,55577e971ca279c3bc9473d172941dbe523c04d01f7423145d7d9c47fff8dca8,896277,99998155.0,426.0,4e-06,1,2,223
2025-05-11 15:51:25,cee8f87805339df32000b091d3bb7bf1486962300d797c59897ce7e4fbd050a6,896277,34679.0,648.0,0.018686,1,3,297
2025-05-11 15:51:25,6d54fbaaf9e196f5247d0f7461ebab9e98297a008646d09b874c21af9e327ea5,896277,25628.0,648.0,0.025285,1,3,297
2025-05-11 15:51:25,f25146e5b00d1769345bafc3d934edd47e501e960da01ddc3fa8d4870c105fa3,896277,808670.0,330.0,0.000408,1,1,191
2025-05-11 15:51:25,61c306a848ee9570d9493b8355aae5d25b909abd36ae71e8add3784a29b1d795,896277,34358.0,648.0,0.01886,1,3,297
2025-05-11 15:51:25,d8b9104ac09c981d04511e32e9ecc19a15081f2379bce22ac49d1f491803c495,896277,1345.0,651.0,0.484015,1,3,298
2025-05-11 15:51:25,4fb19374f47ffa237ce4cfbf408b33fff86504c51299939b1686460829cdc694,896277,17501035.0,459.0,2.6e-05,1,2,234
2025-05-11 15:51:25,049f9f9cf086db7de3c1b453085f31c332ddfe159b39b46080cda18769c0de8b,896277,32718.0,648.0,0.019806,1,3,297
2025-05-11 15:51:25,a875900671ad9b78e19ed53774f66d57a0089085842f64e0a85bc4c9eb91fa87,896277,8095.0,744.0,0.091909,3,1,491
2025-05-11 15:51:25,be511b9be760944fd0e2bf0f3a4e6a7ef395b155829543ceff72d548450f8c84,896277,16907.0,648.0,0.038327,1,3,297
2025-05-11 15:51:25,2f94bfbaeb06ae3c118e1c710153422a3ef07f198f00d5e52656326e74160982,896277,10570500.0,423.0,4e-05,1,2,222
2025-05-11 15:51:25,d573de91c63a8bde60d90812dc1467065fceef2974b6d7c0e5eb7a0047383c7a,896277,10784424.0,423.0,3.9e-05,1,2,223
2025-05-11 15:51:25,faffd0439dcf185c62bf3495f312d6a1c523b0a8267f48a72a10a5b69a350a71,896277,154831.0,669.0,0.004321,1,2,223
2025-05-11 15:51:25,466ed9a0af1254f1c49c56d7d6382cb353f347f5fa30065d94774783fe6d6f69,896277,138152.0,426.0,0.003084,1,2,223
2025-05-11 15:51:25,54ae40fef625a1a075757da1d1d6ff069d056a4799f39de40f946aad0ed19567,896277,1869103.0,459.0,0.000246,1,2,234
2025-05-11 15:51:25,5cf185fb97ee507a4cf7c52e23f3f12fa80bd7ef8e6b45f78e72d109fe0ad764,896277,124054845.0,423.0,3e-06,1,2,222
2025-05-11 15:51:25,b45474a099f5e022c994beab26c5ef7fc529f34ca03407efe1f83f61a58be15b,896277,534356.0,366.0,0.000685,1,1,204
2025-05-11 15:51:25,4f7188f0c47728d92832741c24f014783a3ca94e9cfa39bb59a5368f65cc6f55,896277,373398.0,432.0,0.001157,1,2,226
2025-05-11 15:51:25,89dfc97b52f827b6f548a790414e0964e8c21b3d8c0b043ca24225e864d0ab52,896277,131414.0,630.0,0.004794,2,2,373
2025-05-11 15:51:25,f2e0a3b67d1369193150dca82646514fcc8bfe63e840a472cd824eb10d2e4952,896277,34684.0,648.0,0.018683,1,3,297
2025-05-11 15:51:25,8937acf524352f1b3887a46aa7b2962e360e89abe9cb539202f9edbc99ec1d51,896277,99032.0,330.0,0.003332,1,1,191
2025-05-11 15:51:25,7cf4a48d337674cd6156f738d1114cfd97fc1d016cd27f8b945b2c31c6101c51,896277,6449952.0,1452.0,0.000225,1,13,565
2025-05-11 15:51:25,54b3268a88d92b3526726fc3e5a222d9145aba3a33d57a638d4d9106998d0150,896277,210089.0,423.0,0.002013,1,2,222
2025-05-11 15:51:25,bf7e4d83a3d0aae436abab39dc26cb35b5e4b023795305b8684dbf36aab8fb4a,896277,35122.0,648.0,0.01845,1,3,297
2025-05-11 15:51:25,911c9a316d1f0a42f66a067c42ec1c44fbec6d433b935a958125abefdd7bee3e,896277,200163.0,423.0,0.002113,1,2,222
2025-05-11 15:51:25,7a56fc2a3d7901ca59a977045dd0548541235ea8914d246d2b7c5fd410537737,896277,28157.0,648.0,0.023014,1,3,297
2025-05-11 15:51:25,d6b1571da4c75e85785bc937ceb6d838376ebe759b24dbce96dd3dc69d62da36,896277,14273.0,339.0,0.023751,1,1,194
2025-05-11 15:51:25,955056a0b2618722e76abedfd1f35aea8d2ccdf1f1b6da6a607faab75380b933,896277,3140463.0,423.0,0.000135,1,2,222
2025-05-11 15:51:25,0a8f445b757dd22f0d0710890d36a42b9214fb361583b150ae2f40b62b480130,896277,157636.0,423.0,0.002683,1,2,223
2025-05-11 15:51:25,c7f8c6495805f6d23bc441f631f358cb202263f3b2189ed5449751e47c2c022e,896277,1345.0,651.0,0.484015,1,3,298
2025-05-11 15:51:25,84d1de76b83234a4db69bea3c19de531f49d747abba9937736148759d02d112a,896277,35669.0,648.0,0.018167,1,3,297
2025-05-11 15:51:25,788339d497b6b1608ce694c9cba98f9cda1cb42521c7ece811cb0cc1e23ff727,896277,206783.0,627.0,0.003032,2,2,371
2025-05-11 15:51:25,894b7a595b430507929be5a0163e0daa60c1fef5b07b41f93eb393bc0556de13,896277,28912.0,648.0,0.022413,1,3,297
2025-05-11 15:51:25,6862181cbc08ab5881a80bf78329d29e4135cd241b99b6c68e8514fa6cd6c512,896277,6678410438.0,1332.0,0.0,1,10,636
2025-05-11 15:51:25,72daeed80cf0616652365ce7b80824a37868f896ac9ccfe6886100f38d17bc0f,896277,4215847.0,612.0,0.000145,1,3,255
2025-05-11 15:51:25,27e31121bc074592e5ed818eafb46d8dfa8fbcc5524bba5f9b61953cb8e3ff0a,896277,35861.0,648.0,0.01807,1,3,297
2025-05-11 15:51:25,108524728e5ded270b7c8c0477b05f9cf17a085cfefe6175b03b99c680fce804,896277,33915.0,648.0,0.019107,1,3,297
2025-05-11 15:51:25,027845c21a82276a9ac3a788f3ce966e6d2cff6268180666a2b0fd0e9572e900,896277,32296.0,330.0,0.010218,1,1,191
2025-05-11 15:51:25,535a4dea4694b6be49f25e6eebd5150f81f42d77d606ec7b6d8e1417c26a9400,896277,26392.0,648.0,0.024553,1,3,297
2025-05-11 15:51:25,a45b5190b070a0128851db8d95ccc1da6dd0ad1f8fe79fefeb3e024554b4a3ea,896277,312854.0,2259.0,0.007221,10,2,1562
2025-05-11 15:51:25,4377cd4deb86a6c2d05d551cc7e47386ed7d2e471b16ca63e17cc16659303524,896277,84444.0,1767.0,0.020925,6,1,1074
2025-05-11 15:51:25,a5f2ee27e354c993edbe82fb82f93c6a33d74e53fa6da64eb5beab12a417db65,896277,431202.0,3798.0,0.008808,18,1,2713
2025-05-11 15:51:25,e865f05970ef607948b0cbbcabd57f167d237179b330989808bd717517f1324b,896277,10550.0,840.0,0.079621,3,2,522
2025-05-11 15:51:25,60e292d3ccc89c0d86e41863dcb6d28a3135fb064c751f54524caebedbdd2e01,896277,60767.0,831.0,0.013675,3,2,519
2025-05-11 15:51:25,cf0e545bc6a878ae60dd228ebd91a2c4dff0cae1b0275e12708babf519fc495a,896277,76352.0,627.0,0.008212,2,2,370
2025-05-11 15:51:25,a459749626ea7515713732e5bf1450f1866cbae84bbbf8c765d1c6702933e00e,896277,109664.0,336.0,0.003064,1,1,162
2025-05-11 15:51:25,8c4bee7e266987cccd566f72c8c355ca9204af32caa4923a8881970719216a2c,896277,48899074.0,437.0,9e-06,1,2,225
2025-05-11 15:51:25,d4fed7a51fadb6f1eafd91b9ed9db870265ddb5518cf622379b47dd9c47ee882,896277,29784.0,555.0,0.018634,1,1,372
2025-05-11 15:51:25,99b33b3b1aabc641adbdfe8619119c71a8ec1b40f713df438f4a398efe813cd1,896277,103713.0,1596.0,0.015389,7,1,1083
2025-05-11 15:51:25,463a7f8c1c5c1b0a5caf287e7a20558821b24edb8e5e6805810bf83971f83d66,896277,33107300.0,700.0,2.1e-05,1,2,223
2025-05-11 15:51:25,b2a86cc61667a45c133fd09fb8b89bed14e62b063b0e6570b7cc9b448bac521c,896277,5425016.0,451.0,8.3e-05,1,2,222
2025-05-11 15:51:25,7bb656ca1cdb6cc3d494444870faca4c9734b6f697ce5b60c009aad2e88afafd,896277,542752.0,4035.0,0.007434,4,2,1245
2025-05-11 15:51:25,72f05b0cb75bf4ec22a40520179ffb39262aabf1d46f4ed38b79e14b172600c8,896277,32931268.0,1170.0,3.6e-05,1,8,437
2025-05-11 15:51:25,510ae77268e0c2d7eb2a631be7c4db9740caeac59e6ae96c22529745f328bb55,896277,395567239.0,1140.0,3e-06,1,4,345
2025-05-11 15:51:25,323e8b395c285bfb548c288da5004e038ccee620aca163399c5f8a7fa277e943,896277,18609.0,550.0,0.029556,1,2,245
2025-05-11 15:51:25,5b1efb66575e69740b423f87f63db7c66709606bbcaeed84328ad0051051b60b,896277,451210.0,550.0,0.001219,1,2,245
2025-05-11 15:51:25,85270a7db67e1eb2e7c1b04cf5b54ed5d1f1a7f66a70d21a2f75b5b561262274,896277,35471.0,773.0,0.021792,3,1,364
2025-05-11 15:51:25,a679be416aa6510499b0808927875434775243cb424b4e5c18b314382ea0e119,896277,160555172.0,1659.0,1e-05,1,11,532
2025-05-11 15:51:25,270689ae64faa4584e0877a073ad54183b0e45e811b6d7c0e1f165a28f07acf1,896277,109254386.0,1777.0,1.6e-05,1,13,563
2025-05-11 15:51:25,94fc9ec4af60ce41f1910104caa3c8dd391292593893a53f40817301dc8ee7e2,896277,42790.0,414.0,0.009675,1,1,191
2025-05-11 15:51:25,83761a8743478ac27c4bddfb8d47ea37910efe7aee0764c484ae56c4703bc1e4,896277,180599.0,440.0,0.002436,1,1,195
2025-05-11 15:51:25,970d6b81d09925390b5d2090ff20d30564260541bf5266aeb2fea040f019e0fd,896277,109436.0,564.0,0.005154,1,2,223
2025-05-11 15:51:25,f6604ef5de31bbf444e1d15df20dde3d706c50ef89e3b8a73e549c32711d92ed,896277,259562.0,564.0,0.002173,1,2,222
2025-05-11 15:51:25,1ffe8171583829be678227e5ba35939d9d3aefba320e54aca8d023db3252e6e7,896277,79300.0,564.0,0.007112,1,2,222
2025-05-11 15:51:25,6a1d82901f87e613696e026e0636284d47af011ed8108fe061e140028338abcd,896277,275272190.0,440.0,2e-06,1,1,191
2025-05-11 15:51:25,3c57f5cec3f150352f7d0cb3ed48c054730ca438861b75c10f49bbb37edd4986,896277,180928.0,564.0,0.003117,1,2,222
2025-05-11 15:51:25,31dcb32834635a01d5a789dfd260b2ffc26bafbbf14ab7cfd7029e5a5817715c,896277,29436.0,564.0,0.01916,1,2,223
2025-05-11 15:51:25,9a697749b868dc52411725facf8206aad2e8691387d46998641ee66986a8b2fd,896277,5165941.0,4248.0,0.000822,15,1,2271
2025-05-11 15:51:25,24e2e5a9fc13b412e5ca013c65e9b74f26d5e9cbb763d5dacb083ae6cf62a6cd,896277,19450.0,550.0,0.028278,1,1,216
2025-05-11 15:51:25,a46b21c563e58c21d3f5553e782216bdd66e2d7f32446a058eb38f49645125bb,896277,632621.0,675.0,0.001067,1,2,245
2025-05-11 15:51:25,6ee7175b3b022cdff2a9454d7965e0e34ec20c337ba7bef4944725f242897f28,896277,11693.0,955.0,0.081673,1,2,222
2025-05-11 15:51:25,98b35e1174fad514b5c631f2c0f6968a5c6d6203d78131051f73dcb2b472872e,896277,18341631.0,1140.0,6.2e-05,1,4,346
2025-05-11 15:51:25,08423899041a6271bd01c9eefcdb408d3aca85b92052fe6e6424ddde3d209048,896277,162729.0,612.0,0.003761,1,2,222
2025-05-11 15:51:25,cc2607322795d2fc1468c0e14c557ee2bbd78b78095a19e7e04d4e6786a023c3,896277,144973.0,669.0,0.004615,1,2,224
2025-05-11 15:51:25,1730b86daf1f241204c701b591cd670955bdc37273acf8d6789a268b644d266b,896277,50797.0,546.0,0.010749,1,1,194
2025-05-11 15:51:25,33e51bbc8f2c3683f9ebb28263c8f335be51b7f35f2d19cc1e144fa4c1568637,896277,330.0,902.0,2.733333,1,2,267
2025-05-11 15:51:25,58e8deb0986eb4f00cfa7804d8a4ebcddc8e9a141ece96bb00c907b1155c2f75,896277,170700.0,700.0,0.004101,1,2,222
2025-05-11 15:51:25,07e394481d48fc90faf0ebeb9f4d86b6df64c3f8e1ad78e1ae18a690402e735a,896277,809129863.0,735.0,1e-06,1,2,226
2025-05-11 15:51:25,3c1e1cf5c6699a9d34305e89d543f9c92c0a9f4aa81ca40e3266e51b2ae08f9e,896277,38041345.0,2555.0,6.7e-05,1,11,563
2025-05-11 15:51:25,3eb3088e0748074b8ca732c31659789938d5086dee9ec896436e61078a5bb550,896277,13415.0,585.0,0.043608,1,1,192
2025-05-11 15:51:25,dfb7bf0c12009833899a54ade5898382a9c46dac74d29bf5ef40981e7160b192,896277,4785215.0,1506.0,0.000315,2,3,445
2025-05-11 15:51:25,26e6484af7cacac3e753de6b75e657091a328229df27aaab496b2573ee3dfb66,896277,4331.0,669.0,0.154468,1,2,176
2025-05-11 15:51:25,f89032cbfbae4091961a5cded2872c044a76bf8ea4e8f2db3464b1c195493545,896277,24651475.0,5500.0,0.000223,1,30,1090
2025-05-11 15:51:25,1f08e897c4bea651d0f1465d24388985f33cb2c5535cf4623c4d28ba7fcb917f,896277,11081.0,1389.0,0.12535,2,2,395
2025-05-11 15:51:25,291611b70ce765ec3bdc80e8cae5244441b7cac6aff6b1be962c3334e4a2257b,896277,5328761.0,1404.0,0.000263,1,5,315
2025-05-11 15:51:25,7e47e10060b2828c38887f69c23bfb66280004e13fca7ad3fbccfbcd8667e821,896277,3309175.0,1356.0,0.00041,1,4,307
2025-05-11 15:51:25,95ec8f514ebb8e2d0560c55a118ad776c4db18cde4e46de472acbbcd1ee998fe,896277,118213629.0,1287.0,1.1e-05,1,4,256
2025-05-11 15:51:25,0781ddbaf4677acd0a5b6220eca84b1b4abe7cee6814d48f485050c22b049d1a,896277,168104.0,1326.0,0.007888,2,2,372
2025-05-11 15:51:25,990b93b19f83e35602701f9b030b53a7f857d0dd8c5abfc3626d6cd02f0b5b1d,896277,19168.0,714.0,0.03725,1,1,191
2025-05-11 15:51:25,cf11037ac926db72fde5cbc944f576b9c199e710e992f918158e7f60065801a8,896277,84556277.0,2000.0,2.4e-05,1,7,388
2025-05-11 15:51:25,a91bc184c3a101fe458e6f5ae9237058c66f39e1f961fbe7e86527dffce1af43,896277,10214493.0,2280.0,0.000223,1,4,346
2025-05-11 15:51:25,d2a62bd3eefaeb0b1c90d886db5936cf0f841c39c425bf1d37b30f06a48a96ad,896277,67190.0,1204.0,0.017919,2,1,341
2025-05-11 15:51:25,507a8758c0ee65522ee5ac567cebfc3b9ef17d6ce3ee985bb5427d79fa9f425a,896277,95712.0,788.0,0.008233,1,1,195
2025-05-11 15:51:25,7151a880c5a8bd24f9115a12fafff9d67066dc7f7b83656ef750950fd735cc11,896277,326652.0,1204.0,0.003686,1,3,253
2025-05-11 15:51:25,2373fd0a2ed465d4aa44336d51202a32c40754813a4bf0d47cb891b8a1cb6904,896277,52771.0,1568.0,0.029713,1,2,224
2025-05-11 15:51:25,355bd8dd632565a4af68d4719a5cd18b3616f466071704bf6ab40a5fbcf6ebe1,896277,89526.0,784.0,0.008757,1,1,191
2025-05-11 15:51:25,995f6f08ff4b9eb40623fb92c36c2f3d0de1e0a03a237dd35621ea665b2e69dd,896277,135480056.0,1900.0,1.4e-05,1,4,346
2025-05-11 15:51:25,b404a34254b4f0afc789e9192c7206d5088bc0fabd294e7a0a0f0b25ca58e004,896277,1646043.0,1228.0,0.000746,1,3,248
2025-05-12 22:00:06,b013552a1dbd8302f3259dd5eef047cc734530b7d33bf1ba1941e4ffda9b7ba7,896461,61125641.0,184.0,3e-06,1,2,235
2025-05-12 22:00:06,026acf1510122f6cf8980e829e16fe9c1c05daf5765c08a0b337d7cc1bef9ca1,896461,24502861.0,184.0,8e-06,1,2,234
2025-05-12 22:00:06,8423310ca2b1f871aab2c6fc48f44f13b1c48039e08e582f23d5970beed49e2f,896461,470820736.0,332.0,1e-06,3,2,519
2025-05-12 22:00:06,0046a1ad18871bfb1eef40562cd2646d3bf861c16058df8db475c4f155ba3efe,896461,203850.0,237.0,0.001163,1,3,248
2025-05-12 22:00:06,e8473408cdbd819ebd98c92c18f38213f7b7ffe00f0ca1482875a682b2a1016c,896461,156962.0,237.0,0.00151,1,3,248
2025-05-12 22:00:06,33bb07d537e2b865871af10f7d36852f00ae6ad9b2f401b53e1db99f508ff0d8,896461,9622.0,136.0,0.014134,1,1,194
2025-05-12 22:00:06,080f14f609208695858c0d8e611fd380d43e3866d4dc5637f0de4f15f04f86ab,896461,499864.0,136.0,0.000272,1,1,194
2025-05-12 22:00:06,cccb147ad0326342408734097726317f434dcbbc1cfc5b64b492c6695fa78467,896461,266561.0,136.0,0.00051,1,1,195
2025-05-12 22:00:06,d5df727be3eb19875658de2209725aa4596734b9b7362a3c07e03ca00a9fa325,896461,343013.0,136.0,0.000396,1,1,194
2025-05-12 22:00:06,6315f17aa1a65d737a44ac039571ba73457d557501fa8149c0a72d36bbc6870e,896461,15392.0,136.0,0.008836,1,1,195
2025-05-12 22:00:06,2d84ac2f21c2b2ced6650a27cd706d4911c81185b51c7ab5563417dea36f9751,896461,5666027.0,265.0,4.7e-05,2,2,382
2025-05-12 22:00:06,b2108c08375442a4903192f306a1aaf2f42f893b79d824e09255fca7ace05db8,896461,13650.0,989.0,0.072454,11,2,1709
2025-05-12 22:00:06,73d2a3c1a19aa1b3360d1612e8ab5cda66a277b8d2bfd9abdfb7b4714789bfe9,896461,5071297.0,724.0,0.000143,5,8,1003
2025-05-12 22:00:06,c88365a19ba1c593538d5c03ab2449b758a5b796509fa4af55b6da0bcd262b52,896461,435197.0,787.0,0.001808,9,1,1379
2025-05-12 22:00:06,b450c51b96796d309f777766e11998d129d47bc3e8eab0d4d31e77661dc5f169,896461,143312.0,187.0,0.001305,1,2,206
2025-05-12 22:00:06,3c70428fefdd044a23ed33eac9f4c8fc34d21359377f17a86f2b6e237f1f5ed4,896461,58834.0,362.0,0.006153,2,5,401
2025-05-12 22:00:06,d0d61dfd8f5acf33ff624c7a7230d6ec32472c58d800db2e6d9f878ded9fcd56,896461,64816.0,362.0,0.005585,2,5,401
2025-05-12 22:00:06,d91b79d0a5b018e620340e0939a4dbe83753de08305e4f73049c6f40854d429b,896461,57191.0,251.0,0.004389,2,2,370
2025-05-12 22:00:06,8fd8662f252e61b94207d89a15972ed575b8067c7de99bc4255fbf380787ea5a,896461,25002.0,251.0,0.010039,2,2,370
2025-05-12 22:00:06,5864187d91522f131adb245a70509c2acd8688a46186b0635fe66e65cc19c95a,896461,126298.0,251.0,0.001987,2,2,370
2025-05-12 22:00:06,46edbb3c3e338006cb525c0750c89bda229f4a356f16e013efabd95ba2ca288f,896461,5782963.0,6968.0,0.001205,84,2,12541
2025-05-12 22:00:06,b9fa0ed5cf44076c0cd6ea6cde504b88d0da45138623b1bbbe6b7a07f882664b,896461,3966167.0,3016.0,0.00076,35,1,5239
2025-05-12 22:00:06,e1c050bfdf5a64cfc733239bf0f59a9d8ab1f63643eceaa286cc1abeb1eb5f4b,896461,992190.0,174.0,0.000175,1,1,327
2025-05-12 22:00:06,1cbcd89f1c15ded5b9ad5ba7336663f9a9a52541ba166cab2b978576b47d74b9,896461,19215.0,214.0,0.011137,2,1,339
2025-05-12 22:00:06,6af38f8c9ba48340edf0734a4f4418b1ad65a58ca0f2bce05a4db8579dc112b1,896461,62189.0,214.0,0.003441,2,1,339
2025-05-12 22:00:06,4faf68a9cc184b8333412f99653ced90e5e3c7600c2a39f6a05c343cf1efcd40,896461,438367.0,665.0,0.001517,5,1,1462
2025-05-12 22:00:06,51940d352426dfa5765435c94ca71a59bf567e4e758fdc3e345a093d67795011,896461,683910.0,173.0,0.000253,1,1,326
2025-05-12 22:00:06,3d3b4684e56424181dbe0d94632218a2629d681c9011a5a84879a0937ac7edda,896461,183381.0,450.0,0.002454,2,2,370
2025-05-12 22:00:06,8556025d2f53789074c00bd499c0d5a1ee7f2ec6941804cc6bcd985c2f655f13,896461,3202.0,174.0,0.054341,1,2,194
2025-05-12 22:00:06,7597b52c22d6d5e3696d6235e39b4654c259b7b1c630296700a62c469e5ee5ba,896461,12941315.0,570.0,4.4e-05,3,7,677
2025-05-12 22:00:06,0cf7058b329ee9f6249dc47e550fc030fbe15996fe8a046baedc18b15be5a95a,896461,82836.0,654.0,0.007895,2,9,666
2025-05-12 22:00:06,71f50833d794d2f356cac4577ac8742c644d073a328c16af4f57fe7fc8e00e12,896461,659108.0,222.0,0.000337,1,2,346
2025-05-12 22:00:06,c98a7b6a66f601fa8ce51b5cec8cf0d8747e622ed3b8309525da4c8e320e1e07,896461,67000.0,223.0,0.003328,2,1,343
2025-05-12 22:00:06,d3a6d106fbbf1de22c3433dc860fcf708a17d9db4cbcdd2dc69a5260ff78f94e,896461,244044.0,476.0,0.00195,5,2,638
2025-05-12 22:00:06,e31cc0a5af04a66b5c67a7736ae7f6bca61e3380364cde4b64cc893066edb64b,896461,29049.0,190.0,0.006541,1,2,205
2025-05-12 22:00:06,3c9fdf1ecdaefc51f35cfbdf3d85d2f65eaf54b8afa7c07828458e01089fc58c,896461,56987.0,177.0,0.003106,1,1,326
2025-05-12 22:00:06,7fdfdf934a98a013b9f5639f8e9397f2b6453ce96ee723b65db213870c23b4b6,896461,917710007.0,280.0,0.0,1,2,225
2025-05-12 22:00:06,98cfd9d1f62051a81c4a1fe2fef06952695bca13feb2f829e024e19e4d385acb,896461,39800.0,238.0,0.00598,1,2,380
2025-05-12 22:00:06,beaf24901b23b4309fa54398e7493bedc17da45217e18caf4d9c9092858d8aae,896461,80910.0,484.0,0.005982,5,2,638
2025-05-12 22:00:06,d9d9304b74460fb4f78ad86d106e9c549f0e590aff10dbc23f369e959f235faa,896461,100592.0,2371.0,0.02357,31,2,3446
2025-05-12 22:00:06,2488c6feeea8de44efcf6d474934df994549956a3e37cb427a71c619d9dc53f3,896461,27330.0,262.0,0.009587,1,2,420
2025-05-12 22:00:06,2f60632b369ede3decfc73be12666d5013d9b0a48c7a47bb798709fc0bbda72e,896461,84599861.0,139.0,2e-06,1,1,191
2025-05-12 22:00:06,e7a492790bfc9524647e570c84bbf2f2eeeb99592061f2373caf353e53cf0428,896461,934729.0,268.0,0.000287,2,2,314
2025-05-12 22:00:06,6e87696eecafd9c27af2a84cc6699d956ac972143555a63b13adc64d9695a43d,896461,204500.0,438.0,0.002142,4,2,666
2025-05-12 22:00:06,6211d17a7004251f5115c707a0fafee41d68a101a13bab0435bcf95e98649ff9,896461,59004.0,197.0,0.003339,1,2,206
2025-05-12 22:00:06,a404feaeea44e441d1164511f8c909eec8be7c1de20a466c7312df08d8c22635,896461,13101628.0,197.0,1.5e-05,1,2,206
2025-05-12 22:00:06,d66890f789f275419f3a21088e629aaf1475617cfc5f73930de305978b35bf32,896461,4265960.0,197.0,4.6e-05,1,2,206
2025-05-12 22:00:06,4d96d9c730615b6d8494575faeb52c372946cb4b9ef25a3c3516f518e1715eb0,896461,86129.0,339.0,0.003936,2,2,528
2025-05-12 22:00:06,b8ec0ed88d993ef2f7a94da9b867aefa5c4ceb12521e7b39b126ba3e39862492,896461,35523.0,141.0,0.003969,1,1,191
2025-05-12 22:00:06,effb9e2122b61cdf7596610e73454d22fa96adbbeb0064ddd0ac8ed2a4663643,896461,460892.0,467.0,0.001013,2,6,525
2025-05-12 22:00:06,20d8954aec0689ff3df83fb8bdbdee452dea0819d6fbb7dc743a316bb30f4e5e,896461,53809.0,224.0,0.004163,1,1,407
2025-05-12 22:00:06,d595834c7415f1bda17606148aba20d3334752016a613e789f0e5c576fd00c03,896461,10845.0,224.0,0.020655,1,1,407
2025-05-12 22:00:06,c246b1efd4d7127d97f0f495cfd3c622ccc0a3b6809b48b551c0516df3656f02,896461,530650.0,224.0,0.000422,1,1,407
2025-05-12 22:00:06,8cbf24bd9e771aab8986a04f39c919a7c7dc82e8b8909d48357f84b55a88e3b0,896461,319750.0,250.0,0.000782,1,2,358
2025-05-12 22:00:06,c8fcb40a404c0f46bc8c46a1512eb8ce3ceaa519cd844235a20be417693845f8,896461,27317.0,224.0,0.0082,1,1,405
2025-05-12 22:00:06,661dae281c1bce790ba0b359e9dbfc37336f6c1e63751f281025f4edd60cafde,896461,595192.0,224.0,0.000376,1,1,405
2025-05-12 22:00:06,a45b71c17222a253a76f4cff5b3d03a283b95ab5694a2d8fd5c6b538b05781cf,896461,17124.0,224.0,0.013081,1,1,406
2025-05-12 22:00:06,8f5688be3368ef345322c584dab3c4fec266bc0bdcb51d4bcba8f095c9f917b2,896461,46954.0,224.0,0.004771,1,1,405
2025-05-12 22:00:06,5c9876b4e9e309f9d7ef9ef2d0a009a9add49790ad288a3afaff40542685319e,896461,143865.0,224.0,0.001557,1,1,406
2025-05-12 22:00:06,bc4b3080e636cd6e6391dc7f7bdc4675fa2ee23ef4ed4df792cea9bcf81d9889,896461,9980.0,224.0,0.022445,1,1,405
2025-05-12 22:00:06,854ffd6d81cfc18cd1bca6cdb7208ee37a19568c4f771a5fd14cb6cea2fa406c,896461,85103.0,224.0,0.002632,1,1,406
2025-05-12 22:00:06,1d8035206b036acee1bfb501c96ee2cd896ecf8d210d833f7aeb41143eb6462d,896461,13627.0,224.0,0.016438,1,1,405
2025-05-12 22:00:06,f9c6c55ab78338fed1273fb2967c974bdfe3cc140d643566ac214cb29b07b813,896461,39675.0,224.0,0.005646,1,1,405
2025-05-12 22:00:06,affc0551a56fc939d367b2ce2bc8fb7c753b066241fd14d6bb3bd31ed4c6cf07,896461,18769.0,224.0,0.011935,1,1,405
2025-05-12 22:00:06,31066c1daca3aee9a7e7c251d552d67a54bb811e1cbcc1b3e26bfccc7a035119,896461,1425832400.0,200.0,0.0,1,2,234
2025-05-12 22:00:06,59738dacfcd245d0b84419d64f3260bae9d799fd7f9282eb3a2a72b83b99e377,896461,4874.0,193.0,0.039598,1,2,197
2025-05-12 22:00:06,4e5fcc356de08e93cab35505aa5e655e24c7955b60f93b5a81aaee8947419f8d,896461,2483528.0,204.0,8.2e-05,1,2,234
2025-05-12 22:00:06,6f7000d8c8ce2118475602dddd9172f6c6a761a62462eaf863e9df889486f7a2,896461,19134200.0,300.0,1.6e-05,1,2,223
2025-05-12 22:00:06,d3cad5137b2c206a156278e7bb1d0cb27455e857b741061c7e24eefcc3aedcc4,896461,13913.0,280.0,0.020125,1,2,420
2025-05-12 22:00:06,0bacc0e671f13281b7cec0b34d37069cc02da7ce873b4768f90219cf5cd2c213,896461,665000.0,190.0,0.000286,1,2,222
2025-05-12 22:00:06,670badd4330f43dcc3535331985ab3cb9e3c713b319c29b051f4433071f9529a,896461,5601.0,244.0,0.043564,1,2,346
2025-05-12 22:00:06,17bbb89cf9b8afd4bffece276d59fef102878009342e8e91ac441726d5cfb272,896461,1579557.0,337.0,0.000213,1,4,330
2025-05-12 22:00:06,4b3b0a53a23f1c2d9697caf0003ab04658075ee90ce0b2511563a1040da04437,896461,28365424.0,337.0,1.2e-05,1,4,330
2025-05-12 22:00:06,376a7210d7c9e039f66f933136a30d46d1bafc4a3b62f50423d617c812109717,896461,65112.0,337.0,0.005176,1,4,330
2025-05-12 22:00:06,eda27d9bd59c20ed2383bd1fcaaea81490b306e6d7dff77c7e0208cf3b24c3f3,896461,786893.0,210.0,0.000267,1,2,206
2025-05-12 22:00:06,e745f9a0475c0eda4151efc3945a96e94a5d706be3e453f7cecabef5f1427398,896461,345994435.0,225.0,1e-06,1,2,246
2025-05-12 22:00:06,3cbca584c62af6a0f9e02b60dc205b4b4076c42244d2f2fb7137cf35db892969,896461,53300.0,194.0,0.00364,1,2,222
2025-05-12 22:00:06,782bf56cb3e8bb6f7434d04a6a675e0e1adb3ad0548bb96bcda6ec3788a50fc8,896461,7729383.0,280.0,3.6e-05,1,4,284
2025-05-12 22:00:06,ee58dc852b01588fda54b92312bdbf83206d1dd51501aa483ffd77eb9cb66dae,896461,117663.0,303.0,0.002575,1,3,300
2025-05-12 22:00:06,6aada20e335b773bf1fb1f10517f7fb9859eb3278b157414aabb0520c6e6edd7,896461,52599.0,228.0,0.004335,1,2,194
2025-05-12 22:00:06,0cc9e16f7668a5f915c8ef16566e573810b4fa51ee9b1aa834a141c779570ab3,896461,62786.0,255.0,0.004061,2,2,302
2025-05-12 22:00:06,e827b99e18ac42a65c23d5889b0d3ef732c18098be2ee8783754e117bf5368b0,896461,69213.0,194.0,0.002803,1,2,194
2025-05-12 22:00:06,e90a657aca7f2052d0a679820cd2eb5c82a6e10c3de6cdd0436671c377a126b9,896461,29103174.0,216.0,7e-06,1,2,235
2025-05-12 22:00:06,45b734777c19dcda2adfb924e3f1533a0a32c221d037330bd4f8fbb9235abeae,896461,2000091.0,455.0,0.000227,2,5,483
2025-05-12 22:00:06,b05492977549c182d4cdf6c5d43fe790f2420928c1ce71da3b089f415a8c5bdf,896461,203800.0,200.0,0.000981,1,2,222
2025-05-12 22:00:06,72bc8456d9cf17e79485998fac1b1c28da9755f33f4089edb973b84dfc69807b,896461,710300.0,200.0,0.000282,1,2,222
2025-05-12 22:00:06,89ae986b0341cc601cc34ded2f0fba01e4a57db4b3310e02df5697da9b3ceb23,896461,5988900.0,200.0,3.3e-05,1,2,222
2025-05-12 22:00:06,10109153137db65da1c07bcd1ca95242ad4fed9f1070073633248d29da149d32,896461,205049.0,339.0,0.001653,1,1,191
2025-05-12 22:00:06,f9d3d7e3a3353f72d853227f6c71522187d4bf066b989b3a1d34707278530495,896461,900012.0,147.0,0.000163,1,2,228
2025-05-12 22:00:06,7903aa6082ec8d7023c37eaee3b45ad93fcd175c7b042d88c89f9551a6ee81fc,896461,24778.0,222.0,0.00896,1,1,192
2025-05-12 22:00:06,dea0e9b9c40342f56c062a867b4295a6ad6155fbb40a2482cf9cd5cef720b701,896461,244422.0,144.0,0.000589,1,2,193
2025-05-12 22:00:06,ed6508a5e9164d97bd8789b52cbe3e0be2878129478c9791d34a9dd3f60c393e,896461,81343.0,223.0,0.002741,1,1,191
2025-05-12 22:00:06,a6e154b9624cf0f3cae3ac491324c7570f3dbcb556c5d65cfec3b709b13c60a3,896461,201566.0,146.0,0.000724,1,2,225
2025-05-12 22:00:06,99e243e49ed4692b6b2e1911caf1af3e7a5008f6b7a435f6e2b823fee19b7893,896461,274759.0,399.0,0.001452,4,1,475
2025-05-12 22:00:06,443114520a468175382218b3b0f01a7d98a002868df5a3a54f8c0168a3d7af9d,896461,356900.0,660.0,0.001849,6,1,931
2025-05-12 22:00:06,65e23ae5e9e8eb8daad322b300989cd19c1f9d80ed9e7951ef08b6d91ce4372e,896461,230654.0,908.0,0.003937,8,2,1258
2025-05-12 22:00:06,c5f01f085fd61b812f67a24926f1ac5f5217b2a6b248ff9d5f523f1e2c553a54,896461,5594.0,406.0,0.072578,1,2,283
2025-05-12 22:00:06,3f36f1fddb2c18ce748b03204b00957a16ecd5f18c8811647bab781d75219377,896461,35090921.0,209.0,6e-06,2,2,371
2025-05-12 22:00:06,0414e3659c80632a94a84d0c7996c97d2a13457efb3e54f7703563e536096a9f,896461,330.0,546.0,1.654545,1,1,1172
2025-05-12 22:00:06,f33c9b47a8eeb7b42dc6b8682a58bcac8bf774df0d73011b60c397b93277c546,896461,61960502.0,282.0,5e-06,1,2,222
2025-05-12 21:57:42,c0cc03727e6b0e00da2edf0fae5b1625c8cb722dd6e4b86adebbb1fc08c1b9de,896460,69528.0,731.0,0.010514,1,2,222
2025-05-12 21:57:42,7d2e038941a9fe119366d3ad6742b41ee84753d249ec6222c0c546b85ecee0dd,896460,130872.0,731.0,0.005586,1,2,222
2025-05-12 21:57:42,f21eccbb5f6341f65853b7823baa1b2564ad553dbbd28576dc42029a8aca6ba3,896460,50933.0,652.0,0.012801,1,3,279
2025-05-12 21:57:42,45bcd593c370aba4c2f33aaf01e2bcef320b404c24c504fd8280f29b50703cc5,896460,24298.0,438.0,0.018026,1,1,214
2025-05-12 21:57:42,a96f36ba61944a555cca2cf608d859f0cf14ae92fd36b6b676aca4a389bbd8d7,896460,478997.0,798.0,0.001666,2,3,373
2025-05-12 21:57:42,26d3f46d2fd3669ac5d1bdecf1934d08564df632e53e4b9fb212e5e3f107c532,896460,1081534.0,670.0,0.000619,1,1,461
2025-05-12 21:57:42,83a06d05c2b49796e683f22cd474956f3e1daf3d5b4381ad60d525f849d7a100,896460,2388891.0,697.0,0.000292,2,2,373
2025-05-12 21:57:42,f9ac88cf34b1b2504d9a8ccaa4ebb5ad048480743f59491428c02fd43e3ce095,896460,19698478.0,816.0,4.1e-05,3,1,490
2025-05-12 21:57:42,8670f0d14680144b5d49544781f8094368c27e1afbcb84fc4c8b2a6401714c3e,896460,180799.0,844.0,0.004668,2,2,417
2025-05-12 21:57:42,e0d038549dc3dac6b85534ffd15fcf26bd8df915f93ae7d4b826e90c6786cb6e,896460,6353128.0,914.0,0.000144,3,2,519
2025-05-12 21:57:42,a4df355c4f1d339eea78ec420199eddd40b98da44bc5828412affe801ceec767,896460,27824.0,1115.0,0.040073,2,1,336
2025-05-12 21:57:42,0e5faec4a58629b4bcd81328d98ef723bd03c6ff1001ea8477e19799608493cb,896460,2925448.0,697.0,0.000238,2,2,372
2025-05-12 21:57:42,c51f40ab9042755f1877543234fd69dd5135efa86d8f74c89f238d419063923e,896460,29058.0,697.0,0.023987,2,2,372
2025-05-12 21:57:42,49fe6663bd2abe701fd264e007c8bf01c82efab20091a74ff121907a14abe3ff,896460,770936.0,902.0,0.00117,2,1,388
2025-05-12 21:57:42,1176aa1f59d28609654e93ee4b50497cdb388275d5d91abdb1d59e1a45c00281,896460,518779.0,221.0,0.000426,1,1,193
2025-05-12 21:57:42,55c42f84c9667300a92c7211e8d44ea4fe1a5d0eb4a0174c40c7e4bb9f3a54fb,896460,463393.0,697.0,0.001504,2,2,371
2025-05-12 21:57:42,53e3c6218be485b9e95dd60fc0464be022d44fd0529ecf2b18708b0e5cba275e,896460,951743.0,697.0,0.000732,2,2,371
2025-05-12 21:57:42,444f8509a8e36eecaf22df636879bbeb4cbf79179f62d6bb604a90b854550041,896460,111114.0,697.0,0.006273,2,2,372
2025-05-12 21:57:42,5c182784fae853f230b09e679c9a882932156dc5e3657a73e0bf7db82700390c,896460,758938.0,697.0,0.000918,2,2,371
2025-05-12 21:57:42,9633dcf79e713c7a78ebf98512ce7a41c9eaf3d9e029051b13911482c2648800,896460,251034.0,697.0,0.002777,2,2,371
2025-05-12 21:57:42,38de68d07a667b25d6ac9be08948c50897407f664f4899f7bb5d31d83d50f72b,896460,93019.0,685.0,0.007364,1,1,151
2025-05-12 21:57:42,b3306727f657dd3cc04dd6f85de6b4df0bdb20d01699d7dd085e269ee017457e,896460,93704.0,224.0,0.002391,1,1,406
2025-05-12 21:57:42,c8326dc41f8369828d8e51c7ba6db7cff4b58f3d0daed879a82b6ba86945a5ea,896460,1368518.0,482.0,0.000352,1,2,226
2025-05-12 21:57:42,c67fb5c4651989b6aee0a94d06077a5a815cf76791dc8163c03ce71acf086de0,896460,69832.0,482.0,0.006902,1,2,226
2025-05-12 21:57:42,f56bd8b25c3bd1ef6fa1871155851177f1c206566c7e113ccd72b04fa53a097a,896460,74710.0,482.0,0.006452,1,2,225
2025-05-12 21:57:42,46b1e1e234d8d8d32875a3f7053fd902664a4930dcee6f623fc54b1c675f111f,896460,129263.0,482.0,0.003729,1,2,226
2025-05-12 21:57:42,0f769661e5722d34e0efe084f16826eb0f12f70062401f5bfed87e45f665fd0d,896460,22031.0,482.0,0.021878,1,2,226
2025-05-12 21:57:42,d62df1b8fd5b8a05d422f2ae32a23018e2d4b1945df70883c66905482bcef50c,896460,191542.0,482.0,0.002516,1,2,226
2025-05-12 21:57:42,17c382d15c0a30eeab065d0473dcf85cc4e013e01c8cc028422008314b0b440a,896460,498644.0,482.0,0.000967,1,2,226
2025-05-12 21:57:42,2b39a847fc5bf46630fed564de4212f05732c1cf678732c3429a30bd5a01afa6,896460,458396.0,697.0,0.001521,2,2,370
2025-05-12 21:57:42,18a0c77d60525f112c6aaf26e685461ff70c562cfbc7946824ed58a3ae9047f6,896460,261882.0,385.0,0.00147,1,1,192
2025-05-12 21:57:42,a016e099b840eba92e612c6e3d7681ae9496fad3317245b28734179657e9e9e1,896460,623295.0,697.0,0.001118,2,2,374
2025-05-12 21:57:42,56764273fe545cee6fe7d179c61b9afaa8aa6df4695c40529161997614cabe45,896460,33678.0,385.0,0.011432,1,1,194
2025-05-12 21:57:42,8c87029cf6d8b365438b93498417e1ae2bfb4345b5f4841919145a5111b00ea4,896460,185200.0,697.0,0.003763,2,2,371
2025-05-12 21:57:42,dc12d0098606abc5b9ab83ce41cc4f9c33bb0ee6a215ba0d88df8b8796b8ad42,896460,2330.0,333.0,0.142918,1,1,150
2025-05-12 21:57:42,a62b1f5a978e8881eae4c20e16f210408d939dd9b696bd80d523cba8cd79261d,896460,1569834.0,599.0,0.000382,2,1,340
2025-05-12 21:57:42,890eb25048738a59e6af1828d8b5430b1e28547e5444293a398da8f654d2061b,896460,123648.0,599.0,0.004844,2,1,340
2025-05-12 21:57:42,1c0132eb4180a698f34618abaf2cc71251dbe7020a8cba2917181ebe131c3306,896460,97587.0,599.0,0.006138,2,1,341
2025-05-12 21:57:42,edfa26c11f9b1f0395720ea5d90875ba036b27aefbd3466e4568de1b5a84f0b9,896460,18953298.0,634.0,3.3e-05,1,1,188
2025-05-12 21:57:42,41a3774f706007ff48612e266b4a90783403a2360fd2269dc417818a50a7cda1,896460,800767.0,482.0,0.000602,1,2,224
2025-05-12 21:57:42,c8edb0f860f2535e1da58479e6dcc2757d814ccf3c5e8edd61ed3160cfbe0697,896460,1260615.0,482.0,0.000382,1,2,224
2025-05-12 21:57:42,8ee8f29396fb2d077c0e3d8aa67bebaad28672fe2bc327c26b852fe553c3dc8e,896460,1684750.0,482.0,0.000286,1,2,224
2025-05-12 21:57:42,cbe493395407831db7ce59b03cbb148d3a6687c55cda70d32c0b0ecc5b20fe84,896460,107277.0,482.0,0.004493,1,2,224
2025-05-12 21:57:42,e7f87312514b99c9ec996d72736a4673432ae56fae619455423950d17451d52e,896460,31529.0,482.0,0.015288,1,2,223
2025-05-12 21:57:42,f5c56346cd1b06316c7c0183e9b06bf8eb611e501dceb8a3a6952d236aeb7f07,896460,8770.0,601.0,0.068529,2,1,339
2025-05-12 21:57:42,e8d7a525361cc739ac33eecabb7366d8615e41f1761d2c7ab662538fed4fe8d0,896460,316597.0,385.0,0.001216,1,1,194
2025-05-12 21:57:42,06166a5450cae0cd0028f0513137dbfcccfb99a161dcdc8d5905b800421a86b9,896460,175194.0,385.0,0.002198,1,1,194
2025-05-12 21:57:42,8a45577dee2383837344b832c175b56c2eb3657302aa428937108c167a49f675,896460,41811.0,385.0,0.009208,1,1,194
2025-05-12 21:57:42,8c6c10258ef1d27f38eae97101c37a44445d684a2f2049a3b0f788e50e840971,896460,64321.0,385.0,0.005986,1,1,194
2025-05-12 21:57:42,a1851f8acf21f76be9c81ecf0216d0510a37b8bb946841458143c411dc1eee49,896460,141367.0,385.0,0.002723,1,1,194
2025-05-12 21:57:42,33b99a2c09b2f39bd88816b11c2f4ddc8569acae20eef7861fd9cbfba17d780f,896460,508184.0,385.0,0.000758,1,1,195
2025-05-12 21:57:42,cc5cd6638caf2a38095c4acb46f9b138e3531500f62d4c1cede8d0ce53ec7336,896460,61076.0,437.0,0.007155,1,1,191
2025-05-12 21:57:42,1c68941a4d50c220f08c263bb63fbfc08c58db0da1c24d6887f411e1bd390630,896460,205875.0,424.0,0.00206,1,2,223
2025-05-12 21:57:42,92b0b1664e3a9d0be8b671fd9accb8655d1c83f27b794f4e745f2d8b1fd2d5f8,896460,100626.0,482.0,0.00479,1,2,222
2025-05-12 21:57:42,1b87c7cd18faaa4b2f73b986155090b847cc83105a9f3c4e8610f80d069935e8,896460,327056.0,482.0,0.001474,1,2,222
2025-05-12 21:57:42,a8bbc47814a118467d268a5beffe9f517566b0f7e1cc7a6f35166679e4ab88e6,896460,191734.0,482.0,0.002514,1,2,222
2025-05-12 21:57:42,2a1ac1663d1527c79b7c15736300ada482bc3cd5e1d4aaf5170cd02b124143e0,896460,33592.0,482.0,0.014349,1,2,222
2025-05-12 21:57:42,5d285e81ab3a1b68ad2e6b52c19be1b88f44e14d469858b4fc370c3eb07695ca,896460,2040517.0,482.0,0.000236,1,2,223
2025-05-12 21:57:42,fd035064ce08402037e8c6aa09f9447f760a58787b66293ab1f2b3a3132a83ca,896460,214972.0,482.0,0.002242,1,2,223
2025-05-12 21:57:42,6467fad32229d710b9db5e629aa3616c87de1159f8a0dea0c12f33b84ace09c9,896460,410686.0,482.0,0.001174,1,2,222
2025-05-12 21:57:42,a5d779417cca23f446f2f5e7fdd86ca3be0dbd226305f2396761110944abbec2,896460,735068.0,482.0,0.000656,1,2,223
2025-05-12 21:57:42,ee1190ddeb6f355b8a7f7b1c5ca41805ef1f3bbfb81cb94c2a52219f0574b8b3,896460,371467.0,482.0,0.001298,1,2,223
2025-05-12 21:57:42,dbf52ecbf2eca89dd14cfeff816a8f728de0acd13972d03dbe83b65e4d8063b0,896460,598063.0,482.0,0.000806,1,2,223
2025-05-12 21:57:42,0686adbb9301884ce26e77c06ac74532b06a57c898c025cdd457a5a10d39d1a5,896460,62092.0,482.0,0.007763,1,2,223
2025-05-12 21:57:42,2558521c3eb600f4888a44fe27370d44811c329d1af884a654ceff0591913d94,896460,91016.0,482.0,0.005296,1,2,223
2025-05-12 21:57:42,46b951a035c15efb9360f65cebea60c61ef8c7727a7c054066764a78a92028d7,896460,135788.0,482.0,0.00355,1,2,222
2025-05-12 21:57:42,a143439fea0a9587f2e72e3466613bf4ac55db28c613269bea1daeb3978fd68c,896460,9892389.0,482.0,4.9e-05,1,2,223
2025-05-12 21:57:42,f5c6338a52cb5015a674da6e76dee0544d1ab8323c44828e7b99ebbceb85b681,896460,6298293.0,482.0,7.7e-05,1,2,223
2025-05-12 21:57:42,89ed36e4fab4257fae4bdcc3d6e78e39a0ff677cf4b70ac36bedc56ffcdaf877,896460,110136.0,482.0,0.004376,1,2,222
2025-05-12 21:57:42,6f8c32308f2e4dd85afdf2e963b99fd4961a61b90db5abd5fb313f1f5490566b,896460,207341.0,482.0,0.002325,1,2,222
2025-05-12 21:57:42,994b6b947a17e8fcf172eeb93625654f604cc4f85f35723836b4e4a8c5023b69,896460,567725.0,482.0,0.000849,1,2,222
2025-05-12 21:57:42,4d58aa77f1d74834e3d38448bd1047ef8a6b4040bb01d8b2156f355fe2016557,896460,1096825.0,482.0,0.000439,1,2,222
2025-05-12 21:57:42,811586f8deffa258c9bfaa801fbc7b9f8d5cb071af62090d910aa5e79400a951,896460,19336846.0,482.0,2.5e-05,1,2,222
2025-05-12 21:57:42,a482707f35c170b695eafaa02167e4b84351a4dd24a97e1849c013b37c9d6f45,896460,1077099.0,482.0,0.000447,1,2,222
2025-05-12 21:57:42,16a8cbcc04cc671b99176337c755511e50fa6568ec210ce4ac1b436d603b903e,896460,130146.0,482.0,0.003704,1,2,222
2025-05-12 21:57:42,0a1106afa44594b15d3582133ea299fc729a7006f46065007f1c6397248fd931,896460,279518.0,482.0,0.001724,1,2,222
2025-05-12 21:57:42,c2fcbe751f5650b020ced55f3682a8813401f6f560333bdee82c1f83d9241f23,896460,22227.0,482.0,0.021685,1,2,223
2025-05-12 21:57:42,c78bf55ed4dd1d8719ec4bf1d488dbe6559d691844375058dd075cc5d2fded1c,896460,437082.0,482.0,0.001103,1,2,222
2025-05-12 21:57:42,2b647377228eaa192660239b34421bf68cd9c51a888152a3d1127868c4d5f41b,896460,4118810.0,482.0,0.000117,1,2,222
2025-05-12 21:57:42,f61279ee64629e2a47ef1ceddbf2fb5b74d521fff1d461c2732267a61a844414,896460,2481715.0,482.0,0.000194,1,2,223
2025-05-12 21:57:42,82673413701e30f354b111e4bf06ef3c9c5249c91e1fc71ed41c2c1ed2715013,896460,1971118.0,482.0,0.000245,1,2,222
2025-05-12 21:57:42,6d02027259fc00cf893da20a58310ef6c6895eba6b973e1d5a614f1a3b3ba60f,896460,1614155.0,482.0,0.000299,1,2,222
2025-05-12 21:57:42,0889f2896a5072b9d00ad6b74db05dff8d5160f2f592cdb6e630c8069624cf02,896460,248494.0,1017.0,0.004093,2,5,429
2025-05-12 21:57:42,5a98076aeb0523c1e1fb319aa1362a7140c04a6dd23ec2bf7afe83add0c4848b,896460,1950718.0,385.0,0.000197,1,1,192
2025-05-12 21:57:42,54068241da4edb6c978f5d4a8e3897bfcaf5a84f7b53beb187e322bb31ddef5c,896460,1951103.0,333.0,0.000171,1,1,150
2025-05-12 21:57:42,74e5e182ddbb7099855e7caf2aa98b3723a7c2a0d36fa74dfac712468f2cbbcd,896460,1092.0,618.0,0.565934,2,2,279
2025-05-12 21:57:42,015da2dd35d5c3a8b72e3349a76f31b454d3dabc54758e22d936fd995c9e21f2,896460,1039472.0,529.0,0.000509,1,2,234
2025-05-12 21:57:42,790e74b9252cd052a7e412e5eba38e261df75f2787bfd24b1d94ff3f590c20e4,896460,1070972.0,385.0,0.000359,1,1,192
2025-05-12 21:57:42,d7b250e0c495206ed89ce6d818ca1a471fa9a1b68c986fcbf27a370b19e8a6b4,896460,954312.0,385.0,0.000403,1,1,192
2025-05-12 21:57:42,ddd47093bede3ed0005f9335192f5060e0bfa8417fa674c3db83625f1bef64a3,896460,40146.0,385.0,0.00959,1,1,192
2025-05-12 21:57:42,2ae57bcf81820340c29896149018b0b3c9aad969366e1715c71a925362db1b86,896460,413361.0,385.0,0.000931,1,1,193
2025-05-12 21:57:42,e48fdf17a2297f8ac543418545b1b91e5a011ceeee3a19578d48f1f6ff7e3f58,896460,433760.0,385.0,0.000888,1,1,192
2025-05-12 21:57:42,59b95417cf6b43911c5876766446b0b29cd9fe213492b576e51a30bfad8c942b,896460,14236.0,385.0,0.027044,1,1,192
2025-05-12 21:57:42,726ca6cc226d263c7a288c39db88751b22ed98187c20b01340842769cb7dfb75,896460,480839.0,2025.0,0.004211,1,2,223
2025-05-12 21:57:42,9eeaf66ee037099a066f8ccce3bf25dd33e0a7011facf66b8d3a3231b450132c,896460,492591.0,1120.0,0.002274,1,2,222
2025-05-12 21:57:42,7cdcec960e0c2f626853d39b85950ef58ea5e51998053e986acd4c8db78e43f1,896460,503438.0,1120.0,0.002225,1,2,222
2025-05-12 21:57:42,f599957fa975d0901195fada70f4764471dc825659d9ce4bb128184be59420db,896460,593071.0,672.0,0.001133,1,2,223
2025-05-12 21:57:42,293368d3bf59b760ae654778550905339fcec79c2527d4e46097b684625b4789,896460,603470.0,672.0,0.001114,1,2,223
2025-05-12 21:57:42,73c07db540e56f6cf1b04eda7b195a92bc372b5032dad967012046327a464c5f,896460,613869.0,672.0,0.001095,1,2,222
2025-05-12 21:57:42,0c6f1985569cc5c3c2736ed88b840452a58b2d6df34bff044064c82583ac44f4,896460,624331.0,224.0,0.000359,1,2,223
2025-05-17 10:23:47,0707045461285e1d187cf1463c5e7bb171d93456863de3d9669b3cd1e15c19f2,897086,52754701.0,1314.0,2.5e-05,1,3,412
2025-05-17 10:23:47,a406f9c411120204617f359967025b8b2bbaad1387ed82bea9e0590c695daeb6,897086,68792372.0,1338.0,1.9e-05,1,3,415
2025-05-17 10:23:47,7862ced140ce98283c8e4acc8fb3939fde003f41afdfc363636b358df3acd90a,897086,321845.0,1470.0,0.004567,3,1,489
2025-05-17 10:23:47,36fe2c0678eb8451763800f6269e6361fc36747c73e9c0404f2aa24b6448615b,897086,42640789.0,1518.0,3.6e-05,1,4,445
2025-05-17 10:23:47,a3ff7eb3600c61611f0214c113eb1f48f0877484404e50a2bcdfbec60da3d6d0,897086,68506995.0,1536.0,2.2e-05,1,4,449
2025-05-17 10:23:47,d1b542030807b99ab96b951584f7312ed3bb24f73921ad993247c21760fd52b5,897086,48369099.0,1554.0,3.2e-05,1,4,452
2025-05-17 10:23:47,edd60e083c9fef7e95b3750dbba3a537314579d30f02a5b5c8c86c6a5114b5b0,897086,10698308.0,1958.0,0.000183,1,8,409
2025-05-17 10:23:47,20e14a0687a7e2a6e46d94442628da30815c97d9cbe36121d0f861d641468577,897086,42727745.0,1976.0,4.6e-05,1,8,411
2025-05-17 10:23:47,4ba7b6ea49ed7ec384eec8426283adb7f6b2d340b5582d679aa5cb95138649f0,897086,3942012.0,2879.0,0.00073,6,2,964
2025-05-17 10:23:47,41617abf79f4744261a11a533bf11588489fb056a1b15bee36d3a3481b8e43fe,897086,3452553871.0,2724.0,1e-06,1,12,536
2025-05-17 10:23:47,bcb2ff47a6c47d035428225c4b581173c12c3279e35ca1bcf56b88fb72b025fe,897086,646086130.0,846.0,1e-06,1,2,223
2025-05-17 10:23:47,5d87f54508e8d2f26ae80ff60b6e8a469a4be9dfe3d4bc105223908829bc42f6,897086,3021637.0,846.0,0.00028,1,2,223
2025-05-17 10:23:47,8d2ffe5690ca15ded8bace664f82708d4779bb366eeff05db31f7be7ec4e4df4,897086,71563203.0,1068.0,1.5e-05,1,3,259
2025-05-17 10:23:47,275a0590eadc98c6631868c5cf167edbb2f2cf322c7fcfad812ec014403f9cf3,897086,134862.0,1062.0,0.007875,2,1,339
2025-05-17 10:23:47,9a0591a84550f8dc84c54d97b406e5925725513fd0429aa0526ab5e5077a38f3,897086,546.0,918.0,1.681319,1,1,330
2025-05-17 10:23:47,e2aae53b2e65684e35105bec431d258cc7d63f1c20ddd55afcf81b7ecc5530ef,897086,546.0,918.0,1.681319,1,1,330
2025-05-17 10:23:47,ab0d2366cde9055c265290f738920b23e9f9a138da72b38ce3fd775a8c0160ec,897086,48658314.0,58884.0,0.00121,169,2,18181
2025-05-17 10:23:47,2c122d37ee6a38dec50f611e4757f579417eb92be48aecb97798ecc7ff02f0ea,897086,3266134.0,852.0,0.000261,1,2,224
2025-05-17 10:23:47,96e9ff67180d9bc82e0d78a1b4659c05f9d4bf5f1edbe6d2862bafd4d07d69e7,897086,50488.0,678.0,0.013429,1,1,194
2025-05-17 10:23:47,1ce6baeec88b0dad82174036cd2a21d822cabc73fbf3fbc6fe4059b68a0b8ee4,897086,1933287.0,924.0,0.000478,1,2,205
2025-05-17 10:23:47,5cd5390909d7dfe89c79fae73c6af6f6ebc14f77f7d3995f01b643b5e9bf8cdc,897086,2199148.0,852.0,0.000387,1,2,193
2025-05-17 10:23:47,f88b4481748ebd104824ca8f27c95449040070befb896800633db7bbc62b68dc,897086,7323199.0,846.0,0.000116,1,2,222
2025-05-17 10:23:47,0b401ea8331b79da6283aecd5a050e5ad9436201cda4c37703ce5bfc13a87bdb,897086,198545.0,864.0,0.004352,1,2,226
2025-05-17 10:23:47,09367dd5827d5030c62206e8c264240fc80752a7958d493d74e3ac8c8005b8d3,897086,1068571803.0,846.0,1e-06,1,2,222
2025-05-17 10:23:47,911fb52d63e0b3c8c3f62e5978576eb4f41ccde49d61dd028577e1ddd6244bd3,897086,546.0,918.0,1.681319,1,1,330
2025-05-17 10:23:47,2e8bfe4b90bcbd167019bb7751f91a85e7fef840269137b5f2a84fb02d1818d2,897086,21111.0,660.0,0.031263,1,1,192
2025-05-17 10:23:47,438b0d6eefece6006bcbd4819c86d18f25e7b1e2752650355f80279d616872d1,897086,87973.0,678.0,0.007707,1,1,195
2025-05-17 10:23:47,68de91b06c04bf05b3c4372d782a7d7c515d76e88f54e4ae6721cf3c73277cd0,897086,984304.0,846.0,0.000859,1,2,223
2025-05-17 10:23:47,1e43c164dd6bba119d5f3c06d621c848fdf29afaf55baf263fb4a705d484a3cf,897086,108372.0,864.0,0.007973,1,2,226
2025-05-17 10:23:47,2ad7eecc221d3a2f26ec3c093d985905cd4435f157ef85ef7bb5cc29ec69d6cd,897086,96538.0,732.0,0.007583,1,1,204
2025-05-17 10:23:47,cea2aca16e1c6602555be7913f2d4018aadac4a2dde9bc7ae5da448d22bee0c6,897086,2944511.0,1218.0,0.000414,1,4,284
2025-05-17 10:23:47,8997af73edcfbd151e6977349420b17e17b39d335f07a4d53ba735cc7cb4afc3,897086,561142.0,864.0,0.00154,1,2,225
2025-05-17 10:23:47,f03445095e3b11a00b6c8e3b034c76ffafadf3d124fda67dc729189e963a21c3,897086,546.0,912.0,1.67033,1,1,324
2025-05-17 10:23:47,e97ceb6cbf45b6e965aaaefb7621b9c38aa5c20c2b5029ed6b67b5a83739b6c2,897086,546.0,918.0,1.681319,1,1,327
2025-05-17 10:23:47,56b016ae32846626a1543a377fa267fb6af9bcd4070b33d4f35b3cad11a81ec0,897086,63613752.0,1008.0,1.6e-05,1,2,296
2025-05-17 10:23:47,cb7fe57e59d9f9fe02e97a5ccc2a970b12d02c2049c9d640092e14b77bb689be,897086,18973504.0,1590.0,8.4e-05,1,6,346
2025-05-17 10:23:47,cc9d0d620893c0c085c091fec5eef6e26ab4493d6681186cc95047314095b2bb,897086,1574780.0,846.0,0.000537,1,2,222
2025-05-17 10:23:47,54df4b532c97b7d373b6e5c6e9c2b22256c0dffb25784292bed3933a3728efb6,897086,353281.0,1260.0,0.003567,2,2,372
2025-05-17 10:23:47,c7b0ff421f008e45a7684c244baf7fe6c5e0556d57c5f8ca5f86dd3005e45bb6,897086,14160.0,1386.0,0.097881,2,3,363
2025-05-17 10:23:47,77977e4146aaa18adf115134d557c52a64187653381027d6e8823aad715725b4,897086,546.0,912.0,1.67033,1,1,323
2025-05-17 10:23:47,6a158878a794ff17107e436aa1bfbb0b1648c5487d146438136e374ce94d08fa,897086,555171.0,924.0,0.001664,1,2,205
2025-05-17 10:23:47,97fb8d50b4955a721844cf00b118c9124565a8449acf1ab72a99535076ac93b1,897086,749069.0,1008.0,0.001346,1,2,249
2025-05-17 10:23:47,f0cf05dda2aa3ec2306d4c561a225242352bb221d27c18191641ebfda14f95af,897086,979763.0,846.0,0.000863,1,2,223
2025-05-17 10:23:47,f28ff2f6c8e5f6ec75dfe94752e4c919e793c8d8eacbc5d2585ae6a2959ba3a7,897086,546.0,924.0,1.692308,1,1,331
2025-05-17 10:23:47,c4bba9f70c6bebdb6bb8dbf483acb05816f71d58a6b9fe3c14dad49c88da6bb5,897086,63722.0,924.0,0.0145,1,2,205
2025-05-17 10:23:47,1f5b8e8f5b1ea3bce6c38747bb0cf3cb6e305c1a9a7e178b6b29ab4808b3f0a5,897086,99355.0,924.0,0.0093,1,2,205
2025-05-17 10:23:47,84f5db7620d071666f97a29498e40d5433a5025caf59caa36706548a6c99a2a5,897086,546.0,924.0,1.692308,1,1,331
2025-05-17 10:23:47,9edbf5e2697f841eecb57e57584353bab9e7c31a93d44248ced27ee39724b2d8,897086,37156.0,924.0,0.024868,1,2,205
2025-05-17 10:23:47,8017696dfd84a3c980692cc548a41a6fe027fd79c8eedd99a9e9d2e7aee3ffa3,897086,239593.0,678.0,0.00283,1,1,194
2025-05-17 10:23:47,c0c270e0df7598488cd712d884b6452e2d99f58a792004adc40b96459cf3c7a2,897086,992011.0,924.0,0.000931,1,2,205
2025-05-17 10:23:47,8818bf91925b72ae0b37d04c5b631b3df6f5e12ae11d9199568bdd14daea72a2,897086,12310.0,924.0,0.075061,1,2,205
2025-05-17 10:23:47,91f9e4709908ddc33d0706295294eaa5a71bdb1367d48a97697df9f85f1102a0,897086,786182.0,1542.0,0.001961,3,2,407
2025-05-17 10:23:47,13ffbb45e9dff2f5812bb5a11eac34c5ccf414cff100bfbc5bfafa9b3715b29f,897086,808006.0,1272.0,0.001574,2,2,374
2025-05-17 10:23:47,e05eee597c83058439877bd2889e459fae74ed392ece7414ae71d0f5f9e04f9f,897086,154640590.0,2562.0,1.7e-05,1,11,508
2025-05-17 10:23:47,86cdcb0366dfaa2cacf6e39916cd02d390ed58b6d706910082881831ba5da29d,897086,1090600.0,1254.0,0.00115,2,2,372
2025-05-17 10:23:47,254e16141aea9733b30c0785574a8ac82e8237114b916bcf9f46c11e2051bd9b,897086,281274.0,864.0,0.003072,1,2,226
2025-05-17 10:23:47,0400745fc36b658247c46b6c6739ee4d79d78d8902eb3d8e3c37aca4a8401499,897086,106436.0,1272.0,0.011951,2,2,374
2025-05-17 10:23:47,1619b4d408b5c0dfb4818bd756614713e2af86a1fc45796604e1e2148f75f398,897086,546.0,918.0,1.681319,1,1,330
2025-05-17 10:23:47,02df141dc396ab6bcce914a7e460785b93c82765792babc77d9de2d750500192,897086,94943.0,1254.0,0.013208,2,2,371
2025-05-17 10:23:47,3867c437fd8bfbe09cd1ece71ccb73570d84e6a1ce61efad615291923a641091,897086,3052694.0,1404.0,0.00046,1,5,315
2025-05-17 10:23:47,b30199ec21448ae53fcd5918fc8b40463177f0908a0eafd9c5a13a4511adc590,897086,93163.0,846.0,0.009081,1,2,222
2025-05-17 10:23:47,8430ccea666273d4c44567b80687aa2fdbdf3e45e0cd86bdc4da5eb533d0888e,897086,88208.0,660.0,0.007482,1,1,191
2025-05-17 10:23:47,fe1057793657441f2cfe15adbd7908f3acab5344b914b4fa6dac6be66c8c3d8a,897086,58865.0,846.0,0.014372,1,2,223
2025-05-17 10:23:47,085017a5f8d54c3287db9c951ca4c555033efab8dfca83bbcb9d76e571420a87,897086,2076.0,924.0,0.445087,1,2,205
2025-05-17 10:23:47,5eff95cc26b296db1798510cbb6272a8619fb1c48aefae05e053297db7f84485,897086,220690.0,1260.0,0.005709,2,2,373
2025-05-17 10:23:47,73866f553e16c75ce763175063bd6742d2c97b348a8ad0e3ad19965dd0cddd7c,897086,8405.0,924.0,0.109935,1,2,205
2025-05-17 10:23:47,43dea417eb942413d9ffe7f22914aabc9e1bc582042abf1aacd23f794b572a7a,897086,67932.0,1254.0,0.01846,2,2,372
2025-05-17 10:23:47,6372d7071bd15e332ede5c26dbba86a18ebeb2a7c57ebd559cfad14a4e1c0979,897086,3992262.0,846.0,0.000212,1,2,222
2025-05-17 10:23:47,db6e3f4800701705a8cf3bb03d93c09e2b56c2596c4b06fc6ed444209db9e18a,897086,4002817.0,846.0,0.000211,1,2,222
2025-05-17 10:23:47,b64ba0d18e1bb5ef3355f4d6fb4f813c864fcb193b59bf5a852969a61b56a377,897086,84305.0,2472.0,0.029322,5,2,814
2025-05-17 10:23:47,a7ae7c65d0c01cfd32d02994c059841740bacb3f6a00a02596cf0c7a9971bc76,897086,25962511.0,846.0,3.3e-05,1,2,222
2025-05-17 10:23:47,95734afd3d84929f2ad4c82f7a51df032664d671a57d812d942cd4a3dd5eb073,897086,433251.0,1356.0,0.00313,1,2,226
2025-05-17 10:23:47,78599c2638b62edf30ccc8057bdcdda2eecb3a5407f44db16c02b31389408871,897086,133540.0,858.0,0.006425,1,2,224
2025-05-17 10:23:47,87634fe47feba310d0df597543a7708ef9f64220675904d982bb30d797366f6c,897086,122025.0,678.0,0.005556,1,1,194
2025-05-17 10:23:47,2b40efd4bacc1653e27260cbf60df641aa7b1d6ff28e84497a66eca8a7a3b96a,897086,546.0,912.0,1.67033,1,1,324
2025-05-17 10:23:47,cbd34b1346aea3062e7e2a4918ef700f3900e406b1f671f5a7782bf5a2777eae,897086,44712.0,924.0,0.020666,1,2,205
2025-05-17 10:23:47,489c7a3703bc6744ae9703efeb640b97f443214a3b8fc628c2da6bbbdb679a69,897086,108100.0,1272.0,0.011767,2,2,312
2025-05-17 10:23:47,d7c1b4c91588922da6fd53a363b54d429a7696c1536b7a32c2919031fbe3bf62,897086,546.0,918.0,1.681319,1,1,330
2025-05-17 10:23:47,a2a4848e248dbb9838a81bbb4877a781336316d0d22d96f5c247cd847cc26760,897086,52608.0,1272.0,0.024179,2,2,374
2025-05-17 10:23:47,8af3c72543a6863fcfac02cdc1750b4fd249156c5a95c0ead214c643e7570958,897086,1292006.0,846.0,0.000655,1,2,223
2025-05-17 10:23:47,873e752fb4b2678a8925cfb3cee888154ef4ac95ac78554c72a376ff680a074f,897086,599246.0,924.0,0.001542,1,2,205
2025-05-17 10:23:47,3206c1d887647fe65fce8d5e5a8c8ac43f66dd9e9d5f3354c1646fa8df81ec4a,897086,1925758.0,924.0,0.00048,1,2,205
2025-05-17 10:23:47,0020c1c0ee3a5001ebdc7e9e18457200056672f380304b6f9835aebb16797143,897086,2059076.0,924.0,0.000449,1,2,205
2025-05-17 10:23:47,90f6813604c36bc19dab2081423ac65434b21735919bea3c2e040d66860a2743,897086,184166213.0,846.0,5e-06,1,2,223
2025-05-17 10:23:47,49a3dfad250d6b576c0db008ea5a5406c9d954d50c7e2f02659c41953920663d,897086,149076.0,924.0,0.006198,1,2,205
2025-05-17 10:23:47,822f8b7da29ae50f7c361991a5eb97f7aebbe73a83fff3fc2774bc432bed013c,897086,761456.0,852.0,0.001119,1,2,224
2025-05-17 10:23:47,83739742cb9f89c1ef218724f15519e963ac8043e566fbce368de9781468323b,897086,549142.0,858.0,0.001562,1,1,324
2025-05-17 10:23:47,d7526e09b7e1b7cc03f34a4e286f8a21a7e289104b29b667c99249264fe84a3a,897086,549142.0,858.0,0.001562,1,1,324
2025-05-17 10:23:47,aa1be13f750cfd6007c85e9a36f3a1e7a1a7f3312d496b59505806436d72f939,897086,604750.0,858.0,0.001419,1,2,194
2025-05-17 10:23:47,fa598a0210058e0fa6f5ada391ac7cadc912cf7aca3d20fef327148c2c5bf138,897086,1058180.0,1272.0,0.001202,2,2,374
2025-05-17 10:23:47,8bcab99aa7458b40d7e3a48cbead37427336ebeea814c70d3dbb4398a7f18536,897086,9379.0,924.0,0.098518,1,2,205
2025-05-17 10:23:47,bc211b9dbe3441f05df64644d2dc43f39767e202e5a30b807696fcb984ff7833,897086,26259.0,924.0,0.035188,1,2,205
2025-05-17 10:23:47,7c4746c84a0d4b7a93d6e0dbacdc007f7263fd97f99d0a7a58b4a9c9e1294633,897086,1239247.0,3654.0,0.002949,1,17,690
2025-05-17 10:23:47,f739dab1efb44e3e6ed61a6ccd9fecc80315fcff6bc39a3ce5a516ccb58af930,897086,696951.0,1542.0,0.002212,2,2,419
2025-05-17 10:23:47,b8c17d79cb161d84ead37293d7772d885db1ff467183115c445488f0fb17392f,897086,2310640.0,846.0,0.000366,1,2,223
2025-05-17 10:23:47,4ac614cd945b037d602b6f09f593e063f900df56935a71e3598cca762429bb2e,897086,24095.0,798.0,0.033119,1,1,215
2025-05-17 10:23:47,ea7f434374160eb431a6303d200e3f9178c49a38e665a35c3c726e5819d63d2d,897086,205017.0,678.0,0.003307,1,1,194
2025-05-17 10:23:47,9b7e32df6adb90a7aaa36d7a4c8b201331020cf5c0c260f685b09ed1a41c442c,897086,241600.0,846.0,0.003502,1,2,222
2025-05-17 10:23:47,bec5ab46afeb0e0bd32b30473888bfd2eb4386156142f6aaf40ae5a3dafa072c,897086,1998294.0,1272.0,0.000637,2,2,374
2025-05-17 10:23:47,239447cf3b6b017848383aa66ef169f66a613b78b0a6567781701711c054cf2a,897086,197220.0,846.0,0.00429,1,2,222
2025-05-17 17:52:33,0823d632b7d1050e257af0615b824684be892ad30246dae13ebc23806dbe71ba,897134,13222221.0,918.0,6.9e-05,1,2,234
2025-05-17 17:52:33,1dc892165ed64b458c8d75d8d140ea73c7aabc9ee9a9c4abbcfd50869d27093c,897134,13232864.0,918.0,6.9e-05,1,2,234
2025-05-17 17:52:33,4eb110f0085fbc265f8f64714082dfd27a89cf3834d702d63337448984ff6346,897134,13264662.0,846.0,6.4e-05,1,2,223
2025-05-17 17:52:33,bff8d8cdcf8a887be36f51117ed9b3499afaf23ef2eb4b32b0c6324b33785ba1,897134,13323643.0,734.0,5.5e-05,1,2,234
2025-05-17 17:52:33,a7ba524348425a2a6c3ea98ec9ceb998817a5c02fb98a5b777a294ce1bd947e6,897134,1021341409.0,7350.0,7e-06,4,7,1273
2025-05-17 17:52:33,5b4bb9a5c29a0a4acc3be0e663f74c71a132ef3414975e294c2151fb989093ff,897134,38237.0,641.0,0.016764,1,1,193
2025-05-17 17:52:33,854242b2c377befbd7e812834cf2598906783aa06b9b9d00b0ddc76b85ded49f,897134,95225.0,641.0,0.006731,1,1,192
2025-05-17 17:52:33,21b6faeb69b806dff2bda4871b69ba1fec5d1bb96dd9fdf3110bafe85e34f69e,897134,89726.0,641.0,0.007144,1,1,192
2025-05-17 17:52:33,196f1aae98d69bb105c9d20fca01f7c1d690064963eec5574d631c381e9da873,897134,100862.0,641.0,0.006355,1,1,192
2025-05-17 17:52:33,fb46a62e7c0fdd9159f58198eb9a113c7127d1db22bc4727c5e06192bbd87e4f,897134,383061.0,641.0,0.001673,1,1,192
2025-05-17 17:52:33,3fd482b3ff65c3393ce6ccb2d729319cd7bc3c18c26a8b1704427948ec3f4645,897134,120825.0,641.0,0.005305,1,1,192
2025-05-17 17:52:33,8711ad449741ecea31506bbe605a037b635c9c6276600c7a389a44a08038b01a,897134,43247.0,641.0,0.014822,1,1,192
2025-05-17 17:52:33,33c6582f0b387feb02b69b0f13f759cbaefc46bc0f2cb13f6ba83dc482c4d3d4,897134,12040363.0,1938.0,0.000161,1,2,335
2025-05-17 17:52:33,f27ef6263cb4fd6a942e8a9e6f9f3a89b89a4505315adb3aa6e8dbfb8edf4dcd,897134,146320.0,959.0,0.006554,1,2,247
2025-05-17 17:52:33,592d7ea2742a457638e77000b8ce1f62aa730deefa3f4a309dc8a58a91861bf4,897134,1949757.0,846.0,0.000434,1,2,222
2025-05-17 17:52:33,c5d53ddfe54862eec96a35aebaa48c362c99226c8a6360f669fc2f13a1341b5c,897134,1960652.0,846.0,0.000431,1,2,223
2025-05-17 17:52:33,210bbdadac757bb6d2dd3c812301369ade7d8325295a52a08dbcbc4b8dad1a29,897134,1979801.0,846.0,0.000427,1,2,223
2025-05-17 17:52:33,d729cfa44e0b7783a661cd3fcca855211a7f93aa2ffa8df016776ab5e6642d5b,897134,1989598.0,846.0,0.000425,1,2,223
2025-05-17 17:52:33,a958f261c654dee56c70057dbe2838db6d5ac3001d1d21dfdf54f6f17b8f261c,897134,2317102.0,846.0,0.000365,1,2,222
2025-05-17 17:52:33,f68e7049271f071a0119be8b1573bf7ec40eaeb68540bdeb6ad8742b7be9648a,897134,2350335.0,918.0,0.000391,1,2,235
2025-05-17 17:52:33,de2395efeb45a4814a914df0430a0801c1498f2be76e10c6152cb76c97834f48,897134,2360941.0,734.0,0.000311,1,2,235
2025-05-17 17:52:33,494a01d03affb560487b24756734ff542a8f35ac35dd13ef892561b5db8c52ff,897134,198990.0,641.0,0.003221,1,1,191
2025-05-17 17:52:33,7d7f3bc03129a5b5750f6a11a0ea998a7d58c3277e3f79c172e895d6b1ffafe9,897134,47359.0,641.0,0.013535,1,1,191
2025-05-17 17:52:33,669f2f6363cd0c6c62c774c485f10b9543b56578345855534aa7087f88c48ae3,897134,115431.0,641.0,0.005553,1,1,191
2025-05-17 17:52:33,bd5ad80038aaa09b0016993648863686f9b32ccf1df5be4fcd1489743e6b57dc,897134,236121.0,641.0,0.002715,1,1,191
2025-05-17 17:52:33,7864a89bf5cb6d24255673b91c0e69850fd6c9f3a9755c2037cb94e86e5dabd6,897134,91483.0,641.0,0.007007,1,1,192
2025-05-17 17:52:33,2c9d659728a65ef18cd886a40a343898ace6cb2ae8c6a13c7c6f949b1ae838cb,897134,143300.0,641.0,0.004473,1,1,191
2025-05-17 17:52:33,a3c56b1b1bdd528ce8158afb41130598430a1329e2a6bff7dbd076d70524aaca,897134,3428.0,641.0,0.186989,1,1,191
2025-05-17 17:52:33,d66fec9480813567dde1f3ffc7f7b0fa321339ed610b02643b38f8bdc119a7c9,897134,222393.0,641.0,0.002882,1,1,192
2025-05-17 17:52:33,96c437417d0c9c31a55b0d9f72e7557cb2cd68f63902e68f22d751d10088a5a7,897134,33800.0,641.0,0.018964,1,1,192
2025-05-17 17:52:33,47d0f4beecaeb0ebedaac6350fd2d3ef89814eb0ccc65f89af7637e632654099,897134,109413.0,641.0,0.005859,1,1,192
2025-05-17 17:52:33,e4cf4b47a71fe385fb88029147a46e0a18492945dff2effd936d707be99f8697,897134,179997.0,641.0,0.003561,1,1,192
2025-05-17 17:52:33,f4f7d36945235c3e6d96b589cde06a88c0e422c23fa4532daea4a21a62942397,897134,722520.0,641.0,0.000887,1,1,192
2025-05-17 17:52:33,7567d30609bfdd9cb43ab51eedebccc327b1155228843978aed03957a1c1fd89,897134,50559.0,641.0,0.012678,1,1,192
2025-05-17 17:52:33,120706dff3d3541849b1d2b4ea68ad50877e6c76995ab368239422eacd912c84,897134,115859.0,641.0,0.005533,1,1,192
2025-05-17 17:52:33,7e86759934181594b757f617d76a08bec2e13a7e33d7a23b84b47586a1f7077d,897134,57262.0,641.0,0.011194,1,1,192
2025-05-17 17:52:33,20c2638bcf80be6a1aca757bc27ee96e174d8aa215ae49ed7b14a165c6416f5c,897134,114957.0,641.0,0.005576,1,1,191
2025-05-17 17:52:33,a082e8155c67e44ffff646adaf7041e7971eaffca41e374ad04ae1287159bb56,897134,102085.0,641.0,0.006279,1,1,192
2025-05-17 17:52:33,69004517a060d09c7d1b42eba7d69df485bcfea08393bcea6c4d6c6116c7dd4d,897134,52557.0,641.0,0.012196,1,1,191
2025-05-17 17:52:33,21db9e1f7be0774c545f8307992e460591f52feff3c15e6b95951b86ad496148,897134,88299.0,641.0,0.007259,1,1,191
2025-05-17 17:52:33,74e9af8179b0349030e697f174da9a917f52e82d7d4c144310724ab73b855f41,897134,232171.0,641.0,0.002761,1,1,192
2025-05-17 17:52:33,73156a5cc825c3857da6c6abd61c47299e09b5c9968b3a264a0e255f12de7c1f,897134,934336.0,641.0,0.000686,1,1,192
2025-05-17 17:52:33,80f286927c1d6d001e1432b9ff1752cd7367c7231bff38cea57505ed82347009,897134,116436.0,641.0,0.005505,1,1,192
2025-05-17 17:52:33,bef78d1b8bf930c7ede23d5d34012d9cbd74876d986506b3c920c46108a51b02,897134,582662.0,641.0,0.0011,1,1,192
2025-05-17 17:52:33,8f6074b51aad2ead1976f4716e43dcfe73525548f655c1aa05d2647b61491322,897134,98627.0,1195.0,0.012116,1,3,285
2025-05-17 17:52:33,a048cdfe73331e5bccd5c9179817045a5a22c07b93233a5141bebd1805bce5fa,897134,163210.0,662.0,0.004056,1,1,194
2025-05-17 17:52:33,c89e0e3a5dfc8b7dd6e365ce7c67d0bdf1a9cf0c7b123c3b54386601bfe79923,897134,11660857.0,1110.0,9.5e-05,1,2,379
2025-05-17 17:52:33,775a8aa38f6d49470159dad2178e4dbf669381b168d89b9b05cfd3d5b0848ed2,897134,543004.0,846.0,0.001558,1,2,225
2025-05-17 17:52:33,3dc3d6dbf3ff24fedd267bc953db980f4aca5437a5caca99f69bdd059c7cc05e,897134,739352.0,648.0,0.000876,1,1,191
2025-05-17 17:52:33,72a27b1ab1981398ab80cea7a13a89d53672085f0a3d85f02a10b62e8a2e4dc5,897134,23455.0,813.0,0.034662,1,1,304
2025-05-17 17:52:33,beb26bc67b0d3d8b3b80bf02818b8600cd2b63530138acd580393a308a18ebed,897134,52334.0,666.0,0.012726,1,1,195
2025-05-17 17:52:33,94c389e4cf52000892adff5bcb58dd4a60594eb193739d4e92b300f201b35c7b,897134,170025.0,2002.0,0.011775,3,4,581
2025-05-17 17:52:33,f32a04e230f5d40fa6e0aa074bb8beef13447d934b1c9730e38f9a8c25e99058,897134,1205469.0,1123.0,0.000932,1,1,190
2025-05-17 17:52:33,636b82cc795c0694e874cef5feca85f18cc7665f010502735243c7c3474af0ae,897134,293894.0,834.0,0.002838,1,2,222
2025-05-17 17:52:33,2c7a65c8bfc4f54167a50387301f535456e81e7d5df81329a7df485f81355487,897134,783515.0,834.0,0.001064,1,2,223
2025-05-17 17:52:33,00f63f2d8faf30d4e3d80f9da22c29b98ef19bcdad62fb3c6b8705483e16f2ad,897134,409586.0,852.0,0.00208,1,2,226
2025-05-17 17:52:33,394b96a2274f8241646b80bd6770cf95341195c20c4c35ab9fc8f0642bc02a32,897134,171564.0,852.0,0.004966,1,2,225
2025-05-17 17:52:33,f3c452137df3baa03d4d0887450cae96941c04eaf81bf241bd25a11e39a8b2a1,897134,1422663.0,2274.0,0.001598,5,1,788
2025-05-17 17:52:33,b7c179bab086184c638ba8d7bbd7d807fe1ce7417fad4a70f6aac4b84a5120af,897134,3184950.0,1050.0,0.00033,2,1,339
2025-05-17 17:52:33,db60c37edaf7d531dcccef4a993c84cc93e6264972e2f374dc5232d02eb7dae3,897134,136697.0,654.0,0.004784,1,1,192
2025-05-17 17:52:33,647cdf3c1f39bef0ddf557c7a6cffd37d73f303768a9d993536def427f5134ce,897134,45953.0,654.0,0.014232,1,1,192
2025-05-17 17:52:33,38626eaef323295eb55e651ac5c5189d3534f20b6f7ceb80feea071bf01db8a6,897134,6014.0,654.0,0.108746,1,1,191
2025-05-17 17:52:33,886ad97e294a74be261c3403c409a7a6fe60303a9a014574980146ce86b5088c,897134,72150.0,654.0,0.009064,1,1,192
2025-05-17 17:52:33,cb62b0badf14446430949d403b6e058b96f43b71daef232b94fd63cf6fcf657b,897134,54129.0,654.0,0.012082,1,1,191
2025-05-17 17:52:33,5cd7335e933098f4b50bf32e55e93bf6f5aa91b0e4e4a5bb691ac341159f1e5e,897134,88275.0,654.0,0.007409,1,1,191
2025-05-17 17:52:33,f44070713b4ac4d9fb9fe7d44446c82c67703f56771b031ab5600db18a855b52,897134,86851.0,654.0,0.00753,1,1,192
2025-05-17 17:52:33,53efe2e17699ceda691776bb53d9946a85004996d9be83c1904ebdcd819e1c3f,897134,21967.0,654.0,0.029772,1,1,191
2025-05-17 17:52:33,a52fe510ab3bfa1ed5f15b00ddc80257843dfa3cda9b35813c2e63ddbe025221,897134,20716.0,654.0,0.03157,1,1,191
2025-05-17 17:52:33,ee34bcb7f8c422640a969b334e7047265bb4c4cdaa95623a2a89bf3054ecc609,897134,18732.0,654.0,0.034914,1,1,192
2025-05-17 17:52:33,feb7b14d79b7a6c1e9a1a942ef0f853a0e834e484be84688a4b56969f6fa15e9,897134,7905508.0,846.0,0.000107,1,2,224
2025-05-17 17:52:33,e2e5a20979cda3a57b9ac23c2e5aab19149e8c761aeeea93cefe008c892fab6a,897134,49241781.0,1240.0,2.5e-05,2,2,370
2025-05-17 17:52:33,9dd6bf5990e900a5246e8b1e7754e2297bd714bf56bc7b92bde9fdf2e7dec838,897134,21623.0,656.0,0.030338,1,1,192
2025-05-17 17:52:33,f59d190d6de95f3308f1190270be81e75931708ae90923bbc4f1a6657bff7710,897134,249652.0,1062.0,0.004254,2,1,341
2025-05-17 17:52:33,5cfffca2e5430bc0b2d033f2145659d980414974b5cd2eee2ad05a40dc96eaf1,897134,43104763.0,1134.0,2.6e-05,1,2,381
2025-05-17 17:52:33,0e884872c20ad8a55d356c8fa91c2ad7c2eac277d4ca34c26f67eb86ec6eda87,897134,29572219.0,1134.0,3.8e-05,1,2,380
2025-05-17 17:52:33,e7259c80c71633f24f2d2cef74b1a4bdf536668af7a32987345d227da10c3f8a,897134,62286590.0,1146.0,1.8e-05,1,2,383
2025-05-17 17:52:33,dd957f3e8ee38d236036cc069d71a2a1d422cb07835138a82befa7fb6a471b40,897134,10702.0,843.0,0.07877,1,2,222
2025-05-17 17:52:33,d68c38f801d461f16c38ea9341235d9537fb9ba32e138d57f770cd4b697020a4,897134,21202.0,843.0,0.03976,1,2,222
2025-05-17 17:52:33,ca8273057276c75afb7b6e9a3bd294b132d14fca5cb9815fde6421650026c21d,897134,916483.0,849.0,0.000926,1,2,224
2025-05-17 17:52:33,0472404ef6365360ce29a9665f2142803a45e7e4f769e390d524edeec112ae76,897134,376501.0,844.0,0.002242,1,2,223
2025-05-17 17:52:33,bd68dbe60d7ff4db4032e66f5058691cab40725ff1b1a9e34148f221573180ff,897134,100432.0,846.0,0.008424,1,2,223
2025-05-17 17:52:33,0b1fc8fa8a403c2c9c1eaf8d6ae5405a88dc1c85c87deb4d7b957c7e9a25a6fc,897134,140813.0,678.0,0.004815,1,1,195
2025-05-17 17:52:33,5e28dca1c30cdefe1884fbd9ae29c37d4c931866a0f7ab10df6ebe6c589df2f8,897134,5978080.0,852.0,0.000143,1,2,224
2025-05-17 17:52:33,5e35b68af06269bda87494757a14104bfb04332225127292f0197dc64e1941f5,897134,278082.0,594.0,0.002136,1,1,150
2025-05-17 17:52:33,45abcdc5cc459b28c75e197700c4dd2fcd4e7ff3c3fc1cd88f1a55ca83ef88f3,897134,4210085.0,2706.0,0.000643,1,12,532
2025-05-17 17:52:33,4055c56ac68e05636c2221a56a5ae10cfec4a3b21da250887556090ef2a959f1,897134,35019.0,1008.0,0.028784,1,2,250
2025-05-17 17:52:33,f79db3e1d83ce3d19a9ae4c72ad3243c05c7bdf41d1c8cd2b9e63c1c0d33d9ea,897134,1329754.0,846.0,0.000636,1,2,222
2025-05-17 17:52:33,8375a0e015a0014078b3ae0d09fd9d4384f20cb20d83f125116536e7552c8fe8,897134,147975606.0,852.0,6e-06,1,2,223
2025-05-17 17:52:33,b0e48c496f09e8aa56bebf931a55c9aa468acc19493e350fe5bafd471402e4e7,897134,19334.0,666.0,0.034447,1,1,162
2025-05-17 17:52:33,82c62273ea8a9871d7951cf01945c92cd845e946468390318a5d66c1756f49e6,897134,4741817.0,1806.0,0.000381,1,7,383
2025-05-17 17:52:33,b9d185f6039e906d561470b3b0b68b054ca215c6980cbcb779850ac969bfabe3,897134,72967.0,804.0,0.011019,1,1,215
2025-05-17 17:52:33,0e3bbd8369a42c5f850fc6c4979da6e299f4b8f6e33dbd4cb0765826b13b5ce1,897134,354896.0,1272.0,0.003584,2,2,374
2025-05-17 17:52:33,16a0f86c421beae75ff92c4e0c21abec0262048332313a6feb1a12a3c00c11e1,897134,9622898.0,2352.0,0.000244,1,10,473
2025-05-17 17:52:33,ba9f671861ccff93f4bf3dfccfdacb0591106486c45cabb6c4270cebc659d5d9,897134,2203402.0,846.0,0.000384,1,2,222
2025-05-17 17:52:33,af2012e540eda01620213358238116582dda3b760cf63ef995f40e106e8b62d4,897134,24844.0,846.0,0.034052,1,2,223
2025-05-17 17:52:33,d4f06ff01f02f05d5f8244b3b7e655896a8bf524f7722b45f2092925d16b1cd1,897134,642813573.0,846.0,1e-06,1,2,222
2025-05-17 17:52:33,0f6e02c7e31adbfc06d44ce30448bd3db0e63f56a6c57d2b86bc7d36f654a4cf,897134,2613235.0,1248.0,0.000478,1,4,289
2025-05-17 17:52:33,3794114b695ceb20154806cf77aa868eb7903f6e3aaa0321759fb223733656cc,897134,552381.0,2688.0,0.004866,6,1,931
2025-05-17 17:52:33,99c4171150e74a6efe7455f86de063e5da5a4b97755471c0a38d12647b4f5ecb,897134,1734194.0,2784.0,0.001605,3,8,706
2025-05-17 17:52:33,bbd6cb8516a9041c77163915dfb4bfc7faab8506020c45e2bede59cf1ba180ca,897134,100738920.0,3498.0,3.5e-05,1,16,665
2025-05-11 02:39:37,6ca689ab07ab92440104ac62b39f673b0c6165d7e9855d70a332315e4e93c7ca,896194,11376910.0,453.0,4e-05,1,2,222
2025-05-11 02:39:37,a96f3e8a05680cf9a7f3d293c92b20f102e8100c1d11a3ce0905d81c9bc4cf8d,896194,30726122.0,723.0,2.4e-05,1,2,225
2025-05-11 02:39:37,a80c4dfd04c03717446ca1570e165af5dde780fb4190626979488239957154fe,896194,617346.0,531.0,0.00086,1,2,247
2025-05-11 02:39:37,7853d9fa17e000809b6897d2348e1e961150726bb322bd68a04b2ba584626d28,896194,489784.0,531.0,0.001084,1,2,246
2025-05-11 02:39:37,bf847200b000ed5f4d4a013220d6c9271ca3b7640f7f496d5996cabf4d1fcf22,896194,708973.0,531.0,0.000749,1,2,246
2025-05-11 02:39:37,a201ee3be82897274caf04c5820fb6acdf04b8a62de5867a2a09cd177ac43550,896194,803527.0,1557.0,0.001938,6,2,966
2025-05-11 02:39:37,7fe60196a102bc8aba40d4c93f5a9a45aaf47707d950717d6c0ffabe23bf6eb3,896194,27930.0,1797.0,0.064339,5,6,806
2025-05-11 02:39:37,4090e267c4147d4d7e31e11e91cdef2ea28f0a534b7feaf251afd325a89d0aa6,896194,122290.0,1797.0,0.014695,5,6,806
2025-05-11 02:39:37,25cf3ffcfd1f8c0006f2bcc98d11b68da0256b44be7ce8e7ebf85d341974038d,896194,226378.0,1797.0,0.007938,5,6,806
2025-05-11 02:39:37,d9782a2329ae550deb08f68f18b489726e64b0434f1b881fb34d784603d48bb0,896194,233617.0,462.0,0.001978,1,2,194
2025-05-11 02:39:37,8442fa5aa2f74c51a11cf799983bb56cd2e6c0f055a297f51c7d1f2533e0e26f,896194,41072.0,731.0,0.017798,1,2,226
2025-05-11 02:39:37,e80bff339cb0c6d5c1da7b8702a12921030db63437a009b58c65b41e489b9346,896194,89626.0,462.0,0.005155,1,2,193
2025-05-11 02:39:37,0fd2538d3b7b56f32d4c44872653a4d2f8e138631c07af88da4b5ee92cb55ec4,896194,292692.0,1590.0,0.005432,4,6,688
2025-05-11 02:39:37,eff795a86b8c7bd4e2409f5c3bd0b84845506b1651a795fdd2d52045794343d6,896194,31124780.0,460.0,1.5e-05,1,2,222
2025-05-11 02:39:37,4f3e884bd79b8a55f675754cd168ff73a174a1ca06249e67821e9d4d04223af8,896194,82987.0,2418.0,0.029137,8,6,1127
2025-05-11 02:39:37,45ed09d72f8428cfde6c03cd22d3fe879e79bbd8606d486ae62fe20708d1d0d5,896194,104940.0,1590.0,0.015152,4,6,699
2025-05-11 02:39:37,b0ab782e023660259310d384d00a369130daf64ec0d5159a577fdb7638c45c57,896194,3910622.0,914.0,0.000234,3,2,523
2025-05-11 02:39:37,f805714b976734f9275d302390f7740946cbfed153157f6f5e4849770e63df9b,896194,405717.0,333.0,0.000821,1,1,153
2025-05-11 02:39:37,e911a68d6bfeaa59b8c933afc43de1f8208cd3e6817f869b7e6b36e157f5ab17,896194,8524.0,588.0,0.068982,2,1,341
2025-05-11 02:39:37,5f297628682b35cc44e7605dd46473becc3e1525436cdf7f8bcd71f808966a98,896194,211346.0,1248.0,0.005905,5,1,787
2025-05-11 02:39:37,ba8841c7bec750497efa4da02a668b8ccb7f0fe98a2fd9265e0814d2e4ad4db1,896194,684755.0,1245.0,0.001818,5,1,785
2025-05-11 02:39:37,b12f89da2b540839d355b43468aa734a3d485d8259c60ad566b4d272b015cb53,896194,1203506.0,1492.0,0.00124,2,2,369
2025-05-11 02:39:37,0ad5fe828e7249e0fa88db2889f9c3905c28dce18758a91b3a72d627cbf2fb1b,896194,1809546.0,454.0,0.000251,1,2,226
2025-05-11 02:39:37,b2e89b71b2cbe71a53915014ebc364d1c98c7d27aadf38b0f470fd022c21fb54,896194,50421700.0,1300.0,2.6e-05,3,2,967
2025-05-11 02:39:37,56e6a9dd2f674fa8750744a8555e9b4661c85e704fc71e465f022251a306574d,896194,316703.0,914.0,0.002886,3,2,522
2025-05-11 02:39:37,4598552d6816f97a555d346087a667bcbcb2717e6e1c257ab6ad2c98b8ddf5e0,896194,1098888.0,731.0,0.000665,1,2,223
2025-05-11 02:39:37,e4a0504798aef07997c44190c65be058efaca7c86582acf7038b8d9c1bf01859,896194,23536.0,731.0,0.031059,1,2,223
2025-05-11 02:39:37,8b5ff5439affcff581ad99b7f6fab06d741501921f2d2af5c7fbbd356cedb81b,896194,129136.0,731.0,0.005661,1,2,223
2025-05-11 02:39:37,deb89d82c1fbf7a02ebe17988411e6e77b2fdb3f62ab18f20261ca59ccc068dd,896194,64000.0,463.0,0.007234,1,2,222
2025-05-11 02:39:37,3b7f701b04168b69a0b46323dd241442498f9e6229d21e411f812c7521a89202,896194,35273.0,588.0,0.01667,2,1,341
2025-05-11 02:39:37,4207194a44027749575d3a4eee6f8e10ebef6fc3a320e4fbf45298f254b38c76,896194,510710420.0,1449.0,3e-06,2,2,374
2025-05-11 02:39:37,6204a4f76997988d8d89c007408dba792bf2a73f1c07cad4846fb2de24bb7ee9,896194,399999430.0,570.0,1e-06,1,1,191
2025-05-11 02:39:37,7bc040c651af79cfccbf3922d826b50d4f8795053436094035bfd261d7c2a51f,896194,540109430.0,570.0,1e-06,1,2,223
2025-05-11 02:39:37,9bc4fd2eb9b2d31c3e7aae88b20fe3ae017ba38da5b539be7c6d5e2eb2501761,896194,1141622.0,697.0,0.000611,2,2,374
2025-05-11 02:39:37,c826295dc9edb00802910f0dceea87b3c35f45426c9193f160ece7cae6072f2d,896194,790661.0,731.0,0.000925,1,2,222
2025-05-11 02:39:37,bf80cd126de04bdde9b7a587fbc938cebd87cf3c70cca64ba4c492210901c9cb,896194,21353.0,517.0,0.024212,2,1,259
2025-05-11 02:39:37,bc591d95095c5a44c70dd10e2dc16a1d0ef5e90b426ac902cc0a3ca2336912c3,896194,696253.0,629.0,0.000903,1,1,191
2025-05-11 02:39:37,cafa2d4390fd730cef12d3ae6334ce85c054ca0288696c481cbfaff613489d1d,896194,39450.0,550.0,0.013942,1,2,248
2025-05-11 02:39:37,00185c8b8dccbc8709d94af7cc047454b8b659e4d143babc1502f4e68ccd26a3,896194,207982.0,914.0,0.004395,3,2,520
2025-05-11 02:39:37,0615bed01a4a2e41975552642d06f65ee4cc6b9e6b3086a01d7cca13586818e5,896194,1889091.0,900.0,0.000476,1,2,224
2025-05-11 02:39:37,fd649bd6ef9aed7f4b2b2c3cba847a3b6e01d0ea55e6ddf02be5cf433ee46adc,896194,1904409.0,1120.0,0.000588,1,2,223
2025-05-11 02:39:37,1030d64eddc302d839bfbfae72dd7d0ea9cf39334880810c738cb2d419a0965f,896194,1948656.0,1120.0,0.000575,1,2,223
2025-05-11 02:39:37,c5468b57ba4374e5ca335fd5b11b0714420b6ec48adf3acb84ade7c4e9c0fd52,896194,1964152.0,1120.0,0.00057,1,2,222
2025-05-11 02:39:37,94ec27d1781957a12a6e9c3ff51a16099a8f0406cbe981db172272dcab601c18,896194,1979648.0,448.0,0.000226,1,2,223
2025-05-11 02:39:37,d7b1605fa5325a748e326fc282a9dec078858262729d98880aa549ac412f6a2f,896194,1994461.0,225.0,0.000113,1,2,224
2025-05-11 02:39:37,1be9f433448b8d82d07d328f276d9e3bb72a84338bcd9a3644d7f452c31c60ca,896194,2009051.0,224.0,0.000111,1,2,223
2025-05-11 02:39:37,e5dafd5d86e81e0ce618b15fd881f1a348ede0b54f2d5e1a29c1ed73f765c2f4,896194,330.0,552.0,1.672727,1,1,330
2025-05-11 02:39:37,1d6d1eec5cdf5bb2642f0ba86724dd86c1e39c56fd7f6774feb1667cd339c102,896194,1290035.0,462.0,0.000358,1,2,205
2025-05-11 02:39:37,a1dff85d85c9ea686585679c0911a037050e43dfba85aa9ae7c69d6eccbf8beb,896194,149750.0,1554.0,0.010377,4,6,763
2025-05-11 02:39:37,9ab9fe73451f940e6e85a601d69d3e3bb485accedeacda148fc77df8ff882c3a,896194,546.0,996.0,1.824176,1,1,920
2025-05-11 02:39:37,ab399c18ec4a97ece6fd3b28ec702a3781f430b4425067576667e4c55e7ce5c1,896194,259510.0,689.0,0.002655,2,2,370
2025-05-11 02:39:37,dada457b5e3ec4c20fb93c06cf6e7a9cfddd6d353e1b1bfc93302d783280d517,896194,39838278.0,636.0,1.6e-05,1,2,383
2025-05-11 02:39:37,ff14d1972b3a43a5f337b2e798fafb532df546130d8dfca0e3b76d5e7de68fc1,896194,595372.0,1581.0,0.002655,4,6,739
2025-05-11 02:39:37,5a9fd2903803e48cc24d855256ebed6641d1b38b42ec3c54c029750dacc2d726,896194,1955637.0,1011.0,0.000517,2,2,686
2025-05-11 02:39:37,fc87c81c8357df0c60b5964975c17aef9bdc498d06ec2a43df4baefcd5149c0b,896194,28435.0,437.0,0.015368,1,1,192
2025-05-11 02:39:37,952c7bbbd04d59a238f0db2ea25e06c1501d5a12020e3f35dedf1ccf63bd7d76,896194,2577431.0,657.0,0.000255,1,2,219
2025-05-11 02:39:37,1da28b63d51b2664acc6463ed741086896e410e2854bc5e4ad06a2f182ac56fe,896194,2573564.0,697.0,0.000271,2,2,371
2025-05-11 02:39:37,b033bac17de8378ff6bac58c3ddf1971d2e77453c18477a49aea60a823b4a791,896194,1904382.0,697.0,0.000366,2,2,371
2025-05-11 02:39:37,ee646c5a96c6aa405ca639d3c351c8bc94e200078726ca2c04863555a6c8b154,896194,1750863.0,697.0,0.000398,2,2,371
2025-05-11 02:39:37,f115dd2acc23e03f5e79db70502ad52daea50f20a260583ff7b5d8730f3f80fe,896194,201920.0,599.0,0.002967,2,1,341
2025-05-11 02:39:37,5083c4f37bcab2715ad2bdd2f1aaab38f5f2e69a2c02f6d4930e9ebebdce8adc,896194,700625.0,482.0,0.000688,1,2,226
2025-05-11 02:39:37,f6d8fef6898438c829ce11c198f84495cce3724b9d2517f1f5660e032653b2cd,896194,1162618.0,482.0,0.000415,1,2,226
2025-05-11 02:39:37,55fc555c4bbd03ef117bffdb0c995674a788fb9c3121811a46b1a7cbf9835d17,896194,186826.0,482.0,0.00258,1,2,226
2025-05-11 02:39:37,632f4a6b0ef897f6e3e0345dee1cdd06dc8ad64ff27d5b82482ea8fffbaacd08,896194,48892.0,482.0,0.009858,1,2,226
2025-05-11 02:39:37,3b50e5d5613f4f3071d40ef3f8a1dd981dcac2be2e675158f744db374bee77c7,896194,106176.0,697.0,0.006565,2,2,370
2025-05-11 02:39:37,240bcef79ea5d1bae974f93cb01e2ece2eb45f739d8c3073c0b084ed68ae0430,896194,97758.0,697.0,0.00713,2,2,370
2025-05-11 02:39:37,905d5e5af343d7b508f6970998b72793dc11a2332754e56d0c215e4b5bcd22b5,896194,9348279.0,2337.0,0.00025,1,19,779
2025-05-11 02:39:37,fb99870d43f4e52c3649d95539eb665c788b4f5156ead1c0af20ef4868bc36f9,896194,18610.0,550.0,0.029554,1,2,245
2025-05-11 02:39:37,b8dc1633ea906abf1d353a02acd6ee32295daecc9f69ad188f4b9d7943bdc1f8,896194,17050.0,550.0,0.032258,1,2,246
2025-05-11 02:39:37,6e00e4122bc3002e2f26ba5039307849d974ec6845b2189a5ab1e0ac87ccacce,896194,21165.0,550.0,0.025986,1,2,246
2025-05-11 02:39:37,fed43eabeb6a6d46b4ac3e05beae95bdc5ecff5aca1dbc45f88732f26aa1bfc9,896194,76050.0,550.0,0.007232,1,2,246
2025-05-11 02:39:37,89c88f087ec33eb26e4a439449d8c6525d8167e8b5e5a7a152bc9e34024beda8,896194,47466.0,550.0,0.011587,1,2,246
2025-05-11 02:39:37,70a353151729e8a200db1ba626ef9ed970ce121b3bd4fbbd5c8f14a2d7ca4599,896194,47493.0,550.0,0.011581,1,2,245
2025-05-11 02:39:37,e741a863324b06f63983165cccc1fd9218eef187cae0e9e99409320c52f0ca8e,896194,19370.0,550.0,0.028394,1,2,246
2025-05-11 02:39:37,3d9ca8c5ae4d437f5c0eec0d21d6c21d353a45fff7b7fa1e05dcb502db42db5e,896194,165514.0,550.0,0.003323,1,2,246
2025-05-11 02:39:37,1a40417ee4c9a1d71a6c0ded52dd061dcb50bb2f249fca133114d088d24d7b43,896194,14789.0,550.0,0.03719,1,2,245
2025-05-11 02:39:37,31f874c2a7bed89eb7f31be1940369b83d95af08842ff3165d3935b12979cd36,896194,9061.0,550.0,0.0607,1,2,245
2025-05-11 02:39:37,364ff5eb87deb9497a30237bce9bc35cb45f3ee252d4b434bfde1ca912d11828,896194,39153.0,550.0,0.014047,1,2,245
2025-05-11 02:39:37,949f917931685e5684139b9b44f150eafb2d47a6509550c012e718910c3d54f9,896194,105400.0,702.0,0.00666,2,2,371
2025-05-11 02:39:37,b924fb233ac9c75433374681d0c3f278d74d9331f71ed7762c6c847de69b35ba,896194,287262.0,746.0,0.002597,1,2,222
2025-05-11 02:39:37,eeaf11941e2b426cd4043df87de870e4d591db9f66d77ac0e91b6294efda407d,896194,660.0,780.0,1.181818,2,3,333
2025-05-11 02:39:37,c4afd94699e622ed374d49844fd9af7e1f64b9b1f7c46bb3badf51924e4b92ac,896194,996.0,599.0,0.601406,2,1,340
2025-05-11 02:39:37,a8d62e5ee45fd441e87672132e74f42f3d532a146e1f9a9d4a9616a3f41dd120,896194,255100.0,700.0,0.002744,2,2,370
2025-05-11 02:39:37,83bbadc64e9c6650113c6d7ff7fd1b2f11003a2b88f1633e501f14421f9922f2,896194,299337.0,663.0,0.002215,1,3,248
2025-05-11 02:39:37,5ee1ffa72c6ea72989cfb7b68bf67b06a066918f3c7021b3cc66d82191553a83,896194,998337.0,663.0,0.000664,1,3,248
2025-05-11 02:39:37,982ce1846ba4c348bccf66487cc5f8f5d3c12a990be532d34113d2adcda9e629,896194,1206481.0,663.0,0.00055,1,3,248
2025-05-11 02:39:37,ce4e9b9c9706d300957f9a092fd0e881f8758a949f5bdb303f234bb560ad5a2d,896194,983643.0,482.0,0.00049,1,2,222
2025-05-11 02:39:37,72129e17bc2ca5badf421f04cf47bc93609e3be528b73d150cb6d0cb9b539519,896194,1981291.0,697.0,0.000352,2,2,369
2025-05-11 02:39:37,f3099dc86a4c4a7bcfe427f417d9a795dc0fc33f035eed289e0a5d6f6275efd2,896194,120328.0,482.0,0.004006,1,2,223
2025-05-11 02:39:37,4e14a733ad0e7d8d016aee51026d8a80a66822032e3fcbc8e5b9482d0a34571d,896194,135412.0,482.0,0.00356,1,2,223
2025-05-11 02:39:37,340cc78a3601e95a00ec76d7624c214ecf9bddbb29901b7451c01bf8c62e3ad8,896194,41409.0,385.0,0.009297,1,1,194
2025-05-11 02:39:37,be1f83c7403f0619d4fb0c970cbee04ba7e145923236279526c1a4775fe4cacf,896194,60844.0,385.0,0.006328,1,1,195
2025-05-11 02:39:37,6089229fe9a064c4f9e3b47164d9c8c40b4bb975edcbaba1918f0ff4fb8a07a4,896194,16061.0,385.0,0.023971,1,1,195
2025-05-11 02:39:37,07cf40722e1f584a606a746c7b2b6f9b39095be5dbc689e232e7cfcb91c87517,896194,24993.0,385.0,0.015404,1,1,194
2025-05-11 02:39:37,18bad4901f051246cae8df8e8980aa00a294a6e42ae1a126875c511f49fceaa2,896194,30807.0,870.0,0.02824,2,3,356
2025-05-11 02:39:37,66968c1651df35d57776de47c04203b433bc3fbd3e28bf613bbbdf6bdcc940e1,896194,190198.0,482.0,0.002534,1,2,222
2025-05-11 02:39:37,239100e502e114d75e3f8c5de94183b3ef70f6fddd2e28a7a7f59245ee1a90df,896194,4911248.0,482.0,9.8e-05,1,2,222
2025-05-11 02:39:37,6d8a7c03b1df354499f0edaa3bc6d07a216ad8c962e8d5533f8eccefd2bb77cc,896194,57225.0,482.0,0.008423,1,2,223
2025-05-11 02:39:37,a6f0b0cad73604ebbd023164030f77e06655bdedd579c6ae8cb6cd53797cc2c4,896194,980159.0,482.0,0.000492,1,2,222
2025-05-11 02:39:37,ca66208d10882b140e2fe9f3bad75d8bbe2fefd90c5723f8db85d3d1e25cbfaf,896194,120443.0,482.0,0.004002,1,2,223
2025-05-12 03:41:07,b4b2ebaf91a443d11ed34b1f531eea20c33cda3a5e78719164c8db8f9a7b143c,896353,2314600.0,412.0,0.000178,1,1,215
2025-05-12 03:41:07,56e199cd894fbf4cdafd3105e2f47b85d974067ad536d1ebf4ec57967b00d4dc,896353,1459392.0,514.0,0.000352,1,3,249
2025-05-12 03:41:07,20073be84907038574e16fbe702704d94d2109bd242992b90801d8cf6f1f0784,896353,395850.0,930.0,0.002349,1,6,383
2025-05-12 03:41:07,7088609d3054ccd3eca71a68a3ea386f14a6144a5e48602846ed795dbf4a464b,896353,1561710.0,930.0,0.000596,1,6,383
2025-05-12 03:41:07,682eb4a3ea2cf055aea062bb31fee26331ac9a80bda82b32295f980528de2f42,896353,1161870.0,930.0,0.0008,1,6,383
2025-05-12 03:41:07,f10f919d548fb4a5c77381e6e24e0a6b2d543ed7933bb3b7b54c5faa91bf6f4d,896353,28871.0,1042.0,0.036092,2,1,336
2025-05-12 03:41:07,99d3e7077ac07a3660578fa4003f1c1a237cfaa15a98a9326105660849c36899,896353,6960.0,822.0,0.118103,1,6,347
2025-05-12 03:41:07,07cb0fddbfd39576975f72a09484ec5d0000d0a4fac1d40dd4cc8f550a695f3d,896353,293096.0,838.0,0.002859,1,5,352
2025-05-12 03:41:07,fd737072ec4dc98c82d11e81745a929a860b289abcf185c62e3ac0df7e22f572,896353,568359.0,801.0,0.001409,1,5,340
2025-05-12 03:41:07,9e07f00fd0b891458a34077472745df113dc3a9d13f5d67448f779a87ca5d800,896353,584382.0,802.0,0.001372,1,5,340
2025-05-12 03:41:07,76da0e47150f5abf4b8b8ef27d87c8c896e70453eef4c564f4bf0edfe245e465,896353,107974.0,1176.0,0.010892,3,5,529
2025-05-12 03:41:07,a7d013380a6c62e6674cfddd6400ded2353a3710e0ca83c5779ab71102638171,896353,24999509.0,318.0,1.3e-05,1,1,153
2025-05-12 03:41:07,4c445193b29057429830fc01904a1c2aae421d54ab34874083e1bed18cc424a1,896353,1301604.0,440.0,0.000338,1,2,222
2025-05-12 03:41:07,5afd4aadb7b50ddd33e8a5d1aee50a9cf2221eae8d386f1730c247d2cd37364a,896353,317461.0,654.0,0.00206,2,2,372
2025-05-12 03:41:07,49e8559cde463b99a7d8fdd3d3069d6d55f20a34069be17c6c6915987d3a9972,896353,988753.0,1000.0,0.001011,2,2,342
2025-05-12 03:41:07,52a95527703d5ec97dbd048d277a6e34cd9aa67de55f4acda0672c01eaf37626,896353,546.0,308.0,0.564103,1,1,331
2025-05-12 03:41:07,0e3dee0adba9dc6dbd9154888a31d6bdaa41444dabf976de282ee940c6b4bc31,896353,990061.0,312.0,0.000315,1,2,235
2025-05-12 03:41:07,d7409ab02d68fd88425dd1e4bb59d077ee9b19398ad3f7d8f279a12a4a9b0fa7,896353,17340974.0,442.0,2.5e-05,1,2,222
2025-05-12 03:41:07,4f6479ef49584b19df5d729efd6f58c216292cdb525dca8172b1b9a2d735ab61,896353,20319708.0,447.0,2.2e-05,1,2,223
2025-05-12 03:41:07,0c795b44b4148abd82910e15679dcaae8b9d5c12355184f78aff5b7199a2c61c,896353,26671849.0,447.0,1.7e-05,1,2,223
2025-05-12 03:41:07,8ee571b10e0db7005f20ddead967d0e3b0923e32ff9c1b481fd0633756b210f2,896353,19961162.0,444.0,2.2e-05,1,2,222
2025-05-12 03:41:07,17764bfd68c9a5f7a0bf577c6b694e890221868c7b91bb0d9181f2e1eb734bc5,896353,19367822.0,444.0,2.3e-05,1,2,222
2025-05-12 03:41:07,86376b9c68c8e59ea294c4c2577cfd5f1e966392a9af8d33272f329e742229b1,896353,24495608.0,444.0,1.8e-05,1,2,222
2025-05-12 03:41:07,25fb4c4cfba7be6d8fc4a19ee912cadc2ded6abb639eba38de0e7672e20f3d28,896353,25069369.0,444.0,1.8e-05,1,2,222
2025-05-12 03:41:07,2f7e345f5818eac1421f91908aa371e4a542d25ab46d4a19d016dc85fdb84a0c,896353,27262464.0,444.0,1.6e-05,1,2,222
2025-05-12 03:41:07,27442215da1bfce9b4a09a6ef4159a902e943f6efc1ae8fe7ede51b0b4d0fd16,896353,1260595.0,1203.0,0.000954,2,2,382
2025-05-12 03:41:07,fa8bd013b734356af102da2f054032b9adc764ac68624f8af850213df6bccd38,896353,48285.0,482.0,0.009982,1,2,235
2025-05-12 03:41:07,86dcdf800e451fe47b218cfea1db3f935ec866b2f3a692d78adb9357364496a6,896353,164666.0,350.0,0.002126,1,1,162
2025-05-12 03:41:07,af5b546bcff9dce2c1351a3f40846f118b66b202e35239bddb062e2f7e488ce7,896353,498564.0,452.0,0.000907,1,2,222
2025-05-12 03:41:07,66a527adbce566daf44ec191bff89ce5a4d0cd3972d35b38769fea935e17bd0f,896353,1077226.0,1557.0,0.001445,6,2,966
2025-05-12 03:41:07,be4e2a97c6e5271927d7eaa3287f920971f9298f236351de52123a363aadcbf1,896353,944872.0,679.0,0.000719,1,1,464
2025-05-12 03:41:07,6d94da045eef111b1ce6f8a435193cf3091dae1ab771b41f4182823b55cd306c,896353,25371.0,629.0,0.024792,1,1,190
2025-05-12 03:41:07,07672cd21303018d5365f70e76a9d37a16b8ad6b72d036eff2b03817e7fccf9e,896353,546.0,862.0,1.578755,1,1,325
2025-05-12 03:41:07,b732d8d1c5549a668b2367bbc786117f36fea07f82304728c920d74b58444a64,896353,51116.0,154.0,0.003013,1,2,205
2025-05-12 03:41:07,136c069bc75fc20beb1a9a4c67dad4760a6b99ca47cadee80bf597b74a35a225,896353,546.0,862.0,1.578755,1,1,325
2025-05-12 03:41:07,8581e8835285f13ca6d89814190066e0daebbf116b7d32489259f14b5059da79,896353,50935.0,154.0,0.003023,1,2,205
2025-05-12 03:41:07,c11b4d5053e4287c1e396c61a881b0c8c3c300545ae77c280df23c5f71e25d1f,896353,65019990.0,1303.0,2e-05,1,9,443
2025-05-12 03:41:07,586e86b9d65dd8e7c8e2332c2c83c260facf6d94d7dadbac45d99bb190c2939f,896353,23550.0,697.0,0.029597,2,2,371
2025-05-12 03:41:07,4295ca9bdc3841f6aacf65311216a961c8deb518aa4d561a57a149b12c913da3,896353,7874.0,593.0,0.075311,2,1,339
2025-05-12 03:41:07,29036b9599acfafb7ea75ae44f384415df5551be2dcbb25c028829b98d2953f6,896353,192054.0,550.0,0.002864,1,2,246
2025-05-12 03:41:07,a16cc293aa03a591dcd0af2bdf68a90c08c6f4000d64dc3f5086eb4cd151bc33,896353,18719.0,550.0,0.029382,1,2,245
2025-05-12 03:41:07,70fc5a572c322686a0e1c29e2732916e2b9f846df1100c487ec902d7cfb26e49,896353,3980533.0,1096.0,0.000275,3,2,567
2025-05-12 03:41:07,9e837061907265e82975ce8bafc9b6b8f5f93f555152f56d6991bd00c5160c71,896353,189272.0,482.0,0.002547,1,2,224
2025-05-12 03:41:07,dd702b19b91db9080f4989d1a2ea377d97fa02532f4982af60199003c1689b43,896353,18285.0,1140.0,0.062346,2,1,335
2025-05-12 03:41:07,e2351c03d7e1b69dcfd0e04383a9d101992041d15dc6cc91c8340be927db88e0,896353,2265000.0,376.0,0.000166,1,1,192
2025-05-12 03:41:07,32ab934579a6e45eecec29241fb313d752d8b22664df668e0e2fcb31b362fa3d,896353,1291076.0,376.0,0.000291,1,1,191
2025-05-12 03:41:07,01bce2f7c45f49d7adf539b71b920dc48a7267e7f81c1f1108a037d3e5b029f8,896353,580101.0,482.0,0.000831,1,2,222
2025-05-12 03:41:07,9c42c517c01998b5b7badd364d0c8f094ba4aeb2b5883fd92c1bb37cbea4bcb1,896353,100253.0,482.0,0.004808,1,2,222
2025-05-12 03:41:07,2a99696b1fbd98db1222649395229a2fbbeb0a01032dd26646e5c01b6b9b9daf,896353,1833518.0,482.0,0.000263,1,2,223
2025-05-12 03:41:07,2e4a443ddf5e67d62dd3e3acd1cbfbd230566221c90660b3f091d73aaf107d38,896353,190033.0,482.0,0.002536,1,2,223
2025-05-12 03:41:07,6edc4e0b16697bae2362bea3f5a68b4daf40b75c0612aabdeb7ec5f8bfb4c722,896353,19769.0,482.0,0.024382,1,2,223
2025-05-12 03:41:07,c117ce0bf8e2a3c414ac2580c38aa2f305d6d282bd7c9e3959246f5608eda705,896353,1118989.0,482.0,0.000431,1,2,223
2025-05-12 03:41:07,723fad7609a508cfbe1faafc6571d5c598cf10f5b625628c700c3b1951a91f03,896353,4825801.0,500.0,0.000104,1,1,226
2025-05-12 03:41:07,fcde649ab048fc68fc8789dfdacbb1bf9a315aa3d5ab66be5b94b8786c3c05a9,896353,546.0,694.0,1.271062,2,2,333
2025-05-12 03:41:07,0f1905342747dea16626edc83ce043f742f232c6d75d176c36a8ebae0bc8db8c,896353,81574561362.0,776.0,0.0,1,2,222
2025-05-12 03:41:07,8cf6008236ba9fda2149aebbf058182306a1599af88eb3a4cea3fa26bc513420,896353,192307.0,493.0,0.002564,1,2,223
2025-05-12 03:41:07,36d58663eb9a65da03a14f5bdcb4f6c765980b132bf7c8d697d4eb37690c5a32,896353,191263.0,385.0,0.002013,1,1,191
2025-05-12 03:41:07,1090e83d06b9f0f3c5a914cb41a8e822937a16f8f718fd97617d8f9403d9d830,896353,371591.0,385.0,0.001036,1,1,191
2025-05-12 03:41:07,673887a7b0f3f12184cc2237197e6ad01e03a7d087e9d6f4dd144b756c5e476d,896353,23000.0,682.0,0.029652,1,2,274
2025-05-12 03:41:07,ff22caf512d57179d7a09bea27588b6e006e88dd06c90a00674a106a6cff3d35,896353,226842538.0,1449.0,6e-06,1,3,407
2025-05-12 03:41:07,31e69d2f3099510179c99bb33516d9ccc356e1ae22702a5111c484f76e6e6cfd,896353,299059.0,814.0,0.002722,2,2,372
2025-05-12 03:41:07,5a479811ef3093140f89ba98974c16459d8516c6cd716fd07c85b6b10a007099,896353,19930.0,330.0,0.016558,1,1,191
2025-05-12 03:41:07,f5fc12fd16f32936771de179f7e714494e320e46d66a01e7dfb0666a9adf39e9,896353,173974.0,748.0,0.004299,2,2,372
2025-05-12 03:41:07,00f3bd21a4de87bdc03b6bae53525c39196ac5e227314cc662f5f622528236ea,896353,448415501.0,551.0,1e-06,1,2,234
2025-05-12 03:41:07,e933f6feb49dd9ff3be394001d5419b377094198bebde6740c6dffe693f1ad26,896353,288121.0,551.0,0.001912,1,2,235
2025-05-12 03:41:07,e37db49fd6de628b877b1e5d9ef29a830224882c3ce2d2f37863478c986c9dfc,896353,10875349.0,508.0,4.7e-05,1,2,222
2025-05-12 03:41:07,61a76fd135a185be3d05a5b72c555efc662bcebdd3939c772342196e80fb03e4,896353,12086637.0,508.0,4.2e-05,1,2,223
2025-05-12 03:41:07,84806cde4d0334df8f855758da50d325fbb9ba6da0f97ecf15b7228626f337a1,896353,994022.0,508.0,0.000511,1,2,222
2025-05-12 03:41:07,30fbc113d80d2aa69c2b989bbeec5d0b6c835e2fee5173818744b69954302894,896353,20000.0,1770.0,0.0885,3,1,483
2025-05-12 03:41:07,088162edc4ee8d0b7c58892532c6c9ceef2b5b65711871a817a1a76c46d09b5d,896353,9500.0,416.0,0.043789,1,1,194
2025-05-12 03:41:07,0c871764efbb1712f92525d827e8451d49ec082015f517f92992c5a35170ef01,896353,1473817.0,521.0,0.000354,1,2,223
2025-05-12 03:41:07,f847bb54459d924305ce8b77f4c6cdc2850a83b4258d941e33fb808c9584b2f7,896353,10541500.0,500.0,4.7e-05,1,1,214
2025-05-12 03:41:07,55d0355d5087121b96cc12409d1e0615a8ed8504f5fe82a11dbbc13ababd2dda,896353,30800808.0,1215.0,3.9e-05,1,7,404
2025-05-12 03:41:07,38517712a329a21bcf5521b5d4adba013fbd846aa6accffb578dcfb4c3d2cf04,896353,9130475585.0,2388.0,0.0,7,3,1194
2025-05-12 03:41:07,58010cb02a18661698fee505c18f1785a63956ddfed71eb0c078c05fd24669bb,896353,352967.0,1459.0,0.004134,2,4,457
2025-05-12 03:41:07,7ff1fd4c1a078ff51bcf38c2cb10139e9f954c4197d8b20e21aaeb912f366ed9,896353,364080.0,1266.0,0.003477,5,2,819
2025-05-12 03:41:07,643f7026cafad6377e654cdbfcca1cfebfb089af59fec853c031a96179b51787,896353,3697872619.0,2860.0,1e-06,1,21,824
2025-05-12 03:41:07,df8f8674f55123ef809c8af656cd8c11dad4f62db330d68cc54876137c900a71,896353,50140493.0,1280.0,2.6e-05,2,2,417
2025-05-12 03:41:07,bcc32a5e070c4d0cdc8a36aeb2977b4aa7d32a8e84523977fbafa522fa9dd2f5,896353,175893082.0,354.0,2e-06,1,2,248
2025-05-12 03:41:07,07b66d21777b811efa4310a8c5f1cafe90e6a4d4f698661484e1c9646ec49bc7,896353,2420746.0,17489.0,0.007225,30,2,4503
2025-05-12 03:41:07,0ae9847f59c4b61da5108d64b44d34f606de002572f57017bbc8873e80fd9887,896353,1473940.0,440.0,0.000299,1,1,194
2025-05-12 03:41:07,7caec915d8c005af39589b8e72b4df0f88bb944acde7b55ddaefa75c073a1b62,896353,229447.0,440.0,0.001918,1,1,195
2025-05-12 03:41:07,e89c4a0f45896ec2d8599d8bfcb015cc46255bc24641042c6ce5f8f070e3026d,896353,1001137.0,1588.0,0.001586,2,5,499
2025-05-12 03:41:07,ecee1d93c753e09f8977fe4920deebd76310b8aa12f34e827526efdb4cbd96e4,896353,282309.0,1459.0,0.005168,2,4,457
2025-05-12 03:41:07,dd148db63fd3ae71767123802bb24be95f5f2516d80655853f30f130c221e1b2,896353,1291893.0,1155.0,0.000894,4,3,699
2025-05-12 03:41:07,906f43fc40b5b25a480804a09d06cdcd85ada027f0577b91dae4a32f1f3e2160,896353,28057.0,564.0,0.020102,1,2,226
2025-05-12 03:41:07,cf7041b3fcba7b95fa098bc99bfb4f19e286a5af0666c18117555c6f59818f2d,896353,90910459.0,1138.0,1.3e-05,1,5,316
2025-05-12 03:41:07,8cf03e1dc14b68d15bf74764c2eff7fc39382b6b3c85b0bfb36419cc564ad80d,896353,92162265.0,554.0,6e-06,1,2,223
2025-05-12 03:41:07,b0e1f9769bc32ce49ca519d6e05003ecaa497f5b339c0ee8866d2c1dbf51630d,896353,93867507.0,746.0,8e-06,1,3,267
2025-05-12 03:41:07,17223d6aadbb02590b26d67852aed46e4eb86ed3e3b26525bf945f2166158ee7,896353,93954272.0,554.0,6e-06,1,2,223
2025-05-12 03:41:07,3e9803ff5e1710d771de9c457442d78633f0e0d7da8bc8ddff1274ef34ebd351,896353,94803232.0,636.0,7e-06,1,4,301
2025-05-12 03:41:07,fb03869e9b6f84cac3d009e1a01c8993b754f6bac6b81b375adf6b4ea18afb7a,896353,309042.0,438.0,0.001417,1,1,193
2025-05-12 03:41:07,b8a8ae271b7c0eb08277752ff60439b517a6a1ac2c2c36bf54d623957c7a01cd,896353,3168.0,1632.0,0.515152,4,4,612
2025-05-12 03:41:07,ae4274e25238a47524c4bedf77bf3654c2726e225ab9317fd3ebde55d61958ba,896353,3168.0,1632.0,0.515152,4,4,612
2025-05-12 03:41:07,666ff53158089fdccb6c3dea34308a79917ec0d06837653905d314af0cd32598,896353,160227090.0,564.0,4e-06,1,2,224
2025-05-12 03:41:07,65a9cb62b0f5647917972a57434e7e307ba0f60fd0a079cf4c1a4d08c74c0e7b,896353,37917.0,564.0,0.014875,1,2,223
2025-05-12 03:41:07,19e47ecc39b5671185a53f8703ab21b83e62cb70697587f96d4e9a3da9b1c412,896353,99999436.0,564.0,6e-06,1,2,224
2025-05-12 03:41:07,99a051175c8c2cae407a63c5b5a8a47e63101ed7b7e6961765dbb907f4235fab,896353,741758.0,716.0,0.000965,2,1,342
2025-05-12 03:41:07,220154ac3d6ecba81e4a5dd1474b4ee468d0e0f2596d9d3efeae778b359cba10,896353,201471.0,561.0,0.002785,1,2,222
2025-05-12 03:41:07,c998da1262ac2126d2eefeab2138856610edb130b7f9bc5c91dbaf4cd3c40f78,896353,1261890.0,565.0,0.000448,1,2,224
2025-05-14 19:23:31,dc183047a38d6b937037c50118cf83dcbcfa20dbba17574706f742b27585f260,896711,676651969.0,1312.0,2e-06,1,10,472
2025-05-14 19:23:31,cb3670639d4029f9f0c0276e95112e6d4c84a4ccd24a98b3b9e78f32f39a68e1,896711,630784.0,599.0,0.00095,2,1,340
2025-05-14 19:23:31,7339a9a26004641993f382ed84229f7b1f28f3fc72c4dd5c2d58725a18551bd5,896711,176583.0,599.0,0.003392,2,1,340
2025-05-14 19:23:31,4ad36a273d4cb916cd08945c8737dc1a6c68c08f919a5a212bb8023eb1c33585,896711,3442048.0,599.0,0.000174,2,1,340
2025-05-14 19:23:31,f9d56d79f4695fef2ec3764a10c0f4d3faa40a1dbca291adbd0df6be313770ee,896711,4620.0,634.0,0.137229,1,1,188
2025-05-14 19:23:31,7980e6e08b18a139ec04b5934367c8fead271075f0117becfe7caab32d5c2849,896711,230672.0,634.0,0.002748,1,1,188
2025-05-14 19:23:31,e66b97f8955aa5ab34348c9dae355944d719451985e7d864e081abf3c88e0016,896711,908255.0,634.0,0.000698,1,1,188
2025-05-14 19:23:31,cb65eb0fd9cf86ead90c9011a2263976d831e00e7dc895c4d02a16c35cc8d946,896711,252880.0,371.0,0.001467,1,1,191
2025-05-14 19:23:31,3b36e93a8026aa5595050f81476192c9f9c34d507278aa7d174e93a44eafefad,896711,1001285.0,476.0,0.000475,1,2,222
2025-05-14 19:23:31,0213813fa2b6cdb2c406359ca5036345fc4afe095612f16e353c57b9ae216dd9,896711,531200.0,828.0,0.001559,3,1,487
2025-05-14 19:23:31,bc366db62f8ed73d57fd92c0a2079915dc33bea4d4c33e069805d7e5c343e978,896711,5892744.0,599.0,0.000102,2,1,339
2025-05-14 19:23:31,3e2091b936eee7522d7a119afc013ab6829ab505118d59f1d20533418140b08e,896711,1701586.0,664.0,0.00039,1,2,248
2025-05-14 19:23:31,b75eaa2891d1b263af92b96a8e6bc934fd25db3b5eed7c3f31cf134f34b9af20,896711,1722250.0,664.0,0.000386,1,2,247
2025-05-14 19:23:31,b4825bf9319acc5afb80683c72e3349c6f7a43c08bf5a19b03a55b89e73e7450,896711,1742914.0,664.0,0.000381,1,2,248
2025-05-14 19:23:31,767f0163fa3577e2ce046801f44173c3cab97f3495a87b3fa65adbdf669d3e08,896711,1763578.0,664.0,0.000377,1,2,248
2025-05-14 19:23:31,c570de3277fb586071056a4cd86352e89c9ec0ee742f6e335b1fa7cb711cb844,896711,1909832.0,168.0,8.8e-05,1,2,249
2025-05-14 19:23:31,fba06aaac604b61187a5f758bffa48c1e8a4cd534588d0b5473812e5c51f4ae0,896711,33910.0,482.0,0.014214,1,2,223
2025-05-14 19:23:31,2d3a1e2d6910506ce0fb14f4ad570cacf7586c3521517a852e64c33623202dc5,896711,788305.0,482.0,0.000611,1,2,224
2025-05-14 19:23:31,4f9fb9da5a5d1e229512a472295bc1934d18c248a5d937d72948ce742afcc27f,896711,960509.0,482.0,0.000502,1,2,223
2025-05-14 19:23:31,ea2b4b387c457dc115efbddcc0e68b6efc65edfeab68cd876a781fb899980162,896711,212794.0,482.0,0.002265,1,2,224
2025-05-14 19:23:31,8008b0c45bebe75940bc5b7dd21f69961fa35fc2a0f5f14fe408bca21f8c1850,896711,4332208.0,482.0,0.000111,1,2,223
2025-05-14 19:23:31,3f7438f72bcf35bdc9bb981874bfb7d6b250c8c691f060cbd74fefeb3cc8e73b,896711,133457.0,482.0,0.003612,1,2,223
2025-05-14 19:23:31,0faae14d4c3cc01237d462adbe85b748e316ab90771f5d3821d3c2e61c0f4b3b,896711,908195.0,482.0,0.000531,1,2,223
2025-05-14 19:23:31,0159068739fcd8673655f9b6d5a53bdd832d84bd6c2314d2dec9b9851423f425,896711,691673.0,482.0,0.000697,1,2,223
2025-05-14 19:23:31,c845bd6664ea7a661d9c56b48bec1ff685339e411207524ad6ccd5b6f148c220,896711,225554.0,482.0,0.002137,1,2,224
2025-05-14 19:23:31,a738930a9df8c469018cb6ede26e64a25ca5645b593b2e620764346d0381c4fc,896711,100930.0,385.0,0.003815,1,1,194
2025-05-14 19:23:31,036cebfe728f817bb59af0d455ac71cf1ebf17456b3147ff4dc35bef562aa8e9,896711,90956.0,385.0,0.004233,1,1,195
2025-05-14 19:23:31,3f5db330bfe2963f82723d71c6fdd18f18249ee592db8711025c6a6e0134d7ce,896711,52628.0,385.0,0.007315,1,1,194
2025-05-14 19:23:31,853069bc1c28fd13abf38549389648fcb8474acc0026d2e99a4ff8cfd43476cb,896711,43202.0,385.0,0.008912,1,1,195
2025-05-14 19:23:31,24c8012cbe98b382f733bd4d7cea1e830c383dca6a0bd787e9b68af7745a77a1,896711,97849.0,385.0,0.003935,1,1,195
2025-05-14 19:23:31,e270569666891a8491cf8a0f9d962f943c87a84ee3aee3a339e0c85ef769db88,896711,40634.0,385.0,0.009475,1,1,195
2025-05-14 19:23:31,a1cba4db47456514789174db52370b0237144b9b08e28b938008e21443f28d78,896711,2045510.0,385.0,0.000188,1,1,195
2025-05-14 19:23:31,1d05dca9f39931b8e2d18255c563ec713cd9d51f907bc70aaf0603fcb111f161,896711,2042181.0,385.0,0.000189,1,1,194
2025-05-14 19:23:31,2503e414cf23c3587208bf9639f8a41b9f43bd0a8bdeb90907e15c85ac70de17,896711,602849.0,385.0,0.000639,1,1,194
2025-05-14 19:23:31,63a70acd7db51757e805d561a3fa30ab7a03efb56a686e9f7273897669c47308,896711,41038.0,385.0,0.009382,1,1,194
2025-05-14 19:23:31,0cd2ab0a75c8758ff45669930842a7c45c813725ed3ec07a3ba08c4e43cd2e46,896711,2566641.0,870.0,0.000339,2,3,356
2025-05-14 19:23:31,d482e72ed9e9f31ddeeceb8d7e063163ef8f562f6388123ec1d236ef6029ceff,896711,31961.0,482.0,0.015081,1,2,222
2025-05-14 19:23:31,3e191094f1e84cde9415296852278a204da3657339ea6865742025b28bd863fb,896711,194125.0,482.0,0.002483,1,2,223
2025-05-14 19:23:31,3fe78936fdc68025c2e1efd4fd4e1bae24b92721f4fcfc984260515a7e3bddfa,896711,4349700.0,482.0,0.000111,1,2,223
2025-05-14 19:23:31,073739ee6d69b5c2bde5c73104b5de1e7c35709702ec4925adbda4d76361c2fa,896711,16400761.0,482.0,2.9e-05,1,2,223
2025-05-14 19:23:31,8d53157179083b28b9d9e6879dc3e92e11479e2eded0a46b81812ab788bb39f8,896711,228705.0,482.0,0.002108,1,2,223
2025-05-14 19:23:31,a36c7dec8bfcabb0a06c930e89946e3d0c9cbac574281bdaa1bf3308d6d5aff5,896711,5551874.0,482.0,8.7e-05,1,2,222
2025-05-14 19:23:31,09210051a28f99120a57953b827b905050dc91b6d397432953f959c7c8511bf3,896711,8455299.0,482.0,5.7e-05,1,2,223
2025-05-14 19:23:31,e1654958edfc8bb752a8193258365a2fcfc8d7ca762b75c63849bb8f7955e4f2,896711,883864.0,482.0,0.000545,1,2,222
2025-05-14 19:23:31,6cee26c5009a0f7b22cc4741faa0c8f82d21ec8ff9a618529005a0ee538236ee,896711,42053.0,482.0,0.011462,1,2,222
2025-05-14 19:23:31,b9e0cd468a07312f6de99a5cf85f8b14f07bb9b699b7885f42477aa083225ce8,896711,588424.0,482.0,0.000819,1,2,222
2025-05-14 19:23:31,ce94eb0cc7147f1cd655f1f6ed34d3f5e45746d8924ba019f4b7dcc9ce41e0d5,896711,191702.0,482.0,0.002514,1,2,222
2025-05-14 19:23:31,1af8af2a5452b05df2352f2084469a53bb2238a773f4fadee049a323992909d1,896711,966993.0,482.0,0.000498,1,2,222
2025-05-14 19:23:31,b7c2a4b0364685cbc03d2598902517e006a9417dd8b20c2d63656936aebbd9cf,896711,649638.0,482.0,0.000742,1,2,223
2025-05-14 19:23:31,00910cdf20f23fb10d6487ab2b4dbb72110a93595aeeb45c8b21dd6e96f46acb,896711,354517.0,482.0,0.00136,1,2,222
2025-05-14 19:23:31,1da6f13be557c40aaa0e0bcd902561b1263afdf558fcd805a9f659d98b0390bc,896711,9518.0,482.0,0.050641,1,2,223
2025-05-14 19:23:31,c303a4830d2314cf92a1e72b1a5fd988827476af4a45868841c3b251adb8b7b1,896711,1455624.0,482.0,0.000331,1,2,222
2025-05-14 19:23:31,c4ff6b71e1e85287df1eca76311302c2735ef3068f9dfdfd340d0c07a6ccf0b0,896711,877472.0,482.0,0.000549,1,2,222
2025-05-14 19:23:31,6e613d2e9d31afca06e3a3c8ac4efdeaebe8de46047a7c375a6465fb9c9eb3a7,896711,58674.0,482.0,0.008215,1,2,223
2025-05-14 19:23:31,8a859aba5291605abd7f73ca0b51e5a9ef4900e293c8926abc8fba8ab71ca8a2,896711,243418.0,482.0,0.00198,1,2,222
2025-05-14 19:23:31,9bc3f6280467632c4de5972313162db64e8fc5829fcc3e8f621e2bca576d58a2,896711,920712.0,482.0,0.000524,1,2,222
2025-05-14 19:23:31,a1e6ac9ba2a2ecdcd9cb727737c58254af65a2d81a5fab87147334b4d4dee38f,896711,202033.0,482.0,0.002386,1,2,223
2025-05-14 19:23:31,c2e52944239a2737e735e26af159399c8afec51a5bab090810ab39b4a3fb388c,896711,448559.0,482.0,0.001075,1,2,223
2025-05-14 19:23:31,20476bbad26fe12218bfae5cbb208cf2dbbedc413357d292488b9c1d66c6be82,896711,15077860.0,482.0,3.2e-05,1,2,223
2025-05-14 19:23:31,9f6cb8ec720acb1dc20e1ca4888b9dc637099c1824e8a4d2213b2762e83fb97e,896711,971461.0,482.0,0.000496,1,2,223
2025-05-14 19:23:31,7b4a764b296ef059e0604839b741562721021d00502611133001f2d134002460,896711,138262.0,482.0,0.003486,1,2,223
2025-05-14 19:23:31,7628f82e0b9206368163ac9e67e080546acce684f44e84bb96fe4e61c302ba51,896711,173767.0,482.0,0.002774,1,2,223
2025-05-14 19:23:31,224d787356441ee57c3302d2c29ec1b9d22351a4d6b8820e940c22d59403863f,896711,199847.0,482.0,0.002412,1,2,223
2025-05-14 19:23:31,cc91afac3a0739cd8dea2c7d5e1dceff234907d881db1c800860e52b663afc3e,896711,83998.0,482.0,0.005738,1,2,222
2025-05-14 19:23:31,71b88f40ef415f75d4c0c431626379888131cf622e6b9622a51099c692b5df36,896711,38270.0,482.0,0.012595,1,2,222
2025-05-14 19:23:31,0711468072b170d1eeb1aa43415b47a21a9765f767da4941b5d2af6b6483f635,896711,450026.0,482.0,0.001071,1,2,222
2025-05-14 19:23:31,013fb9bbc4fc7ee44a8cce9fd17cef9cc2d3ee0ebe802c83183d4103cfee2631,896711,895196.0,482.0,0.000538,1,2,223
2025-05-14 19:23:31,64627131213ec42dad6b5bcd8e5a50204de225efc3e60f0958fed4da4a09c62e,896711,660954.0,482.0,0.000729,1,2,223
2025-05-14 19:23:31,5ca48797149ed1b507669bbf0ba2cdde1b795b5578c9383cda6ea276dec3702e,896711,1413456.0,482.0,0.000341,1,2,222
2025-05-14 19:23:31,eac62aee8627068ddee41623df3c48f08e0ad4e61b8783c9dd57e5b58299ca29,896711,20003.0,482.0,0.024096,1,2,222
2025-05-14 19:23:31,62e0010fb28a8e4065291e2527c865cadb900d61bc1d6027d8c7aa1486232029,896711,8707441.0,482.0,5.5e-05,1,2,222
2025-05-14 19:23:31,b7b7a66bc65d250497132fc85d96bc89e909a26f4fc10cc1955831f175b3db1b,896711,203180.0,482.0,0.002372,1,2,223
2025-05-14 19:23:31,b7d509c1b066c46f85eae113c8f7331edd4199177fafbd1d700e3e18e31ea113,896711,3494004.0,482.0,0.000138,1,2,223
2025-05-14 19:23:31,52b2c9d1808374a18ff26e3f8f0f068ae40feb757dc8250b63a7679d8abe3c13,896711,62349.0,482.0,0.007731,1,2,223
2025-05-14 19:23:31,b89e05bf95e0bd6520c73ce83d2226660847d4501755f88750dac9247b34274b,896711,1979771.0,385.0,0.000194,1,1,191
2025-05-14 19:23:31,956387f5e9dd2bc76f8b161053a6674e195b64e20da1b5a7891f5dee3dfd6c2f,896711,1980156.0,634.0,0.00032,1,1,188
2025-05-14 19:23:31,15a088f5005bb86b71b4dae1d991320a8483454e549e5d66fedd9293bea726cd,896711,85322.0,1392.0,0.016315,4,1,727
2025-05-14 19:23:31,37e498676eb771ab84b84eedadcbc3eae8651290837d4c89c9f9a45efb855ed6,896711,40000.0,620.0,0.0155,2,1,342
2025-05-14 19:23:31,c88c697edc90df37038e367c78b9ccc1795a4c7963e3f8c1ee960a270b385761,896711,1455942.0,528.0,0.000363,1,2,234
2025-05-14 19:23:31,3b31bf53fc3d1549701171b61c535c5e76a362d4a80e7bf76304a3fb9b899ad2,896711,270608.0,385.0,0.001423,1,1,191
2025-05-14 19:23:31,303ef75948578881fd2eb8b77a3f347249d8a904c6d07daccb37fa69c1f60502,896711,302410.0,482.0,0.001594,1,2,223
2025-05-14 19:23:31,4014e35e97900fd57252e15bff4a4a29a199c5bbdae747c86bfca3382015c5d6,896711,1306521.0,771.0,0.00059,2,1,385
2025-05-14 19:23:31,42f527d317738dffb7adc52c3ed54bc2a9935bfe2a243f057263b46cc218017a,896711,1141197.0,529.0,0.000464,1,2,234
2025-05-14 19:23:31,5d9abc8e437b84c021ea01c18780d570de5f92d571a8af2c1b5d5b7b657ca90d,896711,1347910.0,529.0,0.000392,1,2,234
2025-05-14 19:23:31,ce7490a4547b5d8a6949eeb1ce59cfda497888ea39edaf6d026ce897da359bfd,896711,926626.0,530.0,0.000572,1,2,234
2025-05-14 19:23:31,870c1582903fb51b99975210a5415d33b7b9ba40b01e9719db9421b5c698ca15,896711,1049067.0,530.0,0.000505,1,2,234
2025-05-14 19:23:31,07d7cb8c9809c746522daac9988dd017b0047bc274c2278af024a634ad21bc0e,896711,38314443.0,489.0,1.3e-05,1,2,222
2025-05-14 19:23:31,e7b64abbf1e026ec445055d80bf2510e9218f3fb18c80021a88ce61eb8a68ad8,896711,389524.0,385.0,0.000988,1,1,192
2025-05-14 19:23:31,23c3084753bc251f6bb52d8da7ca970c804bcf38b37330b893eb9d5f9cf39ebd,896711,21849.0,385.0,0.017621,1,1,193
2025-05-14 19:23:31,ecfd18538608b9084d38f99286cd0db0c8c4ebd77405be4c1546ce9d28419082,896711,231975.0,385.0,0.00166,1,1,193
2025-05-14 19:23:31,f8b74c20787254b984556e43d0f936f780b3c590babacce9864e2ef98edddf7c,896711,28615.0,385.0,0.013454,1,1,192
2025-05-14 19:23:31,88e9127a64782664bcce94fe60d9cf71e80a57e403f3c9c959a2caf0bc0edeaf,896711,15702.0,970.0,0.061776,2,3,442
2025-05-14 19:23:31,715cfa2082e81240f0d1889ba39645dd3695e20b185f33ecea638b796b514376,896711,836615.0,532.0,0.000636,1,2,234
2025-05-14 19:23:31,d5dbc2097ea29d62a9823633596d794454730ff067205a5293946b00a8014bb2,896711,4594655.0,2155.0,0.000469,8,2,1266
2025-05-14 19:23:31,418a3383c6c3d31f9e0fdea67332184afb34624db497674c4734961464f3a3ad,896711,893599.0,546.0,0.000611,1,1,194
2025-05-14 19:23:31,b667b7a9c870c662fdd8d33b1e97d788b3015fb8cdd7fda15512e09afbcb4d1f,896711,964487.0,2947.0,0.003056,9,2,1613
2025-05-14 19:23:31,e9c297de31fca48a4c4704742f33ee2b99542b003617ba22a9afb52ba10f3c98,896711,772378.0,534.0,0.000691,1,2,234
2025-05-14 19:23:31,c49cae416001f89143fb88a502a5af22cc1834fa1ad2f946eba5eea2e1155611,896711,129352.0,493.0,0.003811,1,2,222
2025-05-14 19:23:31,4517350e98c6155ae39cf1825cd31fa7df2b467b08df9d347d7d4fb44fb533ff,896711,2828230.0,385.0,0.000136,1,1,192
2025-05-14 19:23:31,d18499058d74bc0e97c4a8704aff8432f8c7a65a91477d93d7a26a62a09e7df8,896711,56276.0,385.0,0.006841,1,1,192
2025-05-17 17:52:33,6dc13da36bfcdb55ccf30c8404383cdb2abbdf97f74154c3db115001ba01093b,897134,78756.0,2244.0,0.028493,2,2,373
2025-05-17 17:52:33,5d31dfc0ac955fddcb9fb05fab9b08308e3d64cd32fa03204af0e4449d521267,897134,1299810.0,2226.0,0.001713,2,2,370
2025-05-17 17:52:33,9e6ee74fc5f27bd4cbb9ab6d42a17c6ea2b58a72e7ead79b456e0068d7e7535e,897134,20912.0,2226.0,0.106446,2,2,370
2025-05-17 17:52:33,96e9a0c977d299177b2678e5e380b3cff248dbe9a9be92924d05e486e3faba21,897134,21240.0,2226.0,0.104802,2,2,370
2025-05-17 17:52:33,a0807a37162b349e693cbcfdbd0ecd669e101ced88479564fb36a3ad2edf17e7,897134,1958745.0,2040.0,0.001041,2,1,339
2025-05-17 17:52:33,953d2adb6ee08420c6da71654d82c02d893fda8d77a2c7b1ef6894a50bf34e8d,897134,4406.0,1000.0,0.226963,1,2,247
2025-05-17 17:52:33,630e90675fcdf205dd94dfbc8973efa996e5333ab6ecdcec1faea4515a11ff3e,897134,115418080.0,1362.0,1.2e-05,1,2,226
2025-05-17 17:52:33,040bd1299df37514d4ddfba5b378213929f896c75dcc80835fa5b55db9158cc1,897134,2398854.0,1356.0,0.000565,1,2,225
2025-05-17 17:52:33,133f660d84feac8c705c35aeadc41cbe37788f3f7463eeccc783db8bf5aa5426,897134,212055.0,1356.0,0.006395,1,2,225
2025-05-17 17:52:33,d7847681f7febaf153921883a2fecb3469d7305b5d76427cc7db2e3598cb6ebc,897134,193656.0,1344.0,0.00694,1,2,223
2025-05-17 17:52:33,547c90d9df0690e64ed3e9f989aa430d85f6632020a81d6877a087d9e0bceae5,897134,250973.0,1338.0,0.005331,1,2,222
2025-05-17 17:52:33,450947a7c440f867e2593263c6a1eef9906240d37180f78382292b39ff5a7568,897134,248783.0,1338.0,0.005378,1,2,222
2025-05-17 17:52:33,dce376cc6b56ca8e76d8d724a09b9a2efe8fc62c22816a08c13dcc08b3d60a59,897134,126215.0,1338.0,0.010601,1,2,222
2025-05-17 17:52:33,483ea2d71aa4a98917d91ef67b2d82d6864250c7971d34d209aeb00c599d1d0b,897134,1016696.0,1338.0,0.001316,1,2,222
2025-05-17 17:52:33,fc2c545a05f3598dd304cc8d988f9eec49a06233b1f73b58e59aab5349eeb461,897134,2323785.0,1272.0,0.000547,2,2,373
2025-05-17 17:52:33,1f2595af3cc57a4d8f98cd3a43f0b97f5b935809c4991db593686a77bcf3bcba,897134,240526.0,1260.0,0.005239,2,2,371
2025-05-17 17:52:33,9e618cc096bbae9e19c556eabe8dded6932ac33c79d679a0b4e60dce088f74b7,897134,42676.0,1134.0,0.026572,1,1,188
2025-05-17 17:52:33,623caf9250227a3c7fc0a5367747502fb90d61101ff71af5c3ee3ca86c963646,897134,46122.0,1134.0,0.024587,1,1,188
2025-05-17 17:52:33,112febb18f18ba3987ff8972a8caa7a8ff27d5603387a065a4806b8f0f5a8465,897134,16119180.0,988.0,6.1e-05,1,2,223
2025-05-17 17:52:33,e3561389c4e480239b6b217e3f1c97409fcb13e1058b3f6159bf5de424ba017a,897134,16267858.0,988.0,6.1e-05,1,2,222
2025-05-17 17:52:33,85e192f8cf08f37b557dd6f4dfbdd12260caafbd2c3c1e22ec6b9dc9703a5e30,897134,16409606.0,1312.0,8e-05,2,2,371
2025-05-17 17:52:33,f5e5da7d427d7aa269a09ff7a7887eda5889f76dc4cacbdab1722980c24f52ed,897134,583504.0,2596.0,0.004449,6,2,969
2025-05-17 17:52:33,d5a5f0f0f3ababa13900dc73ab9b4c6ebc1d470019bb84b84718a417a108e2c3,897134,1387272.0,858.0,0.000618,1,2,193
2025-05-17 17:52:33,f7f13dd3b207866bb52e7a23d30ee15d7a3c37e1d93c96ca95ec402cdb09789f,897134,1820268.0,858.0,0.000471,1,2,193
2025-05-17 17:52:33,5c0ed34e42ece19bbebd543cc387e397c9ae5faa8e76859efd9c891cac962e90,897134,1286679.0,858.0,0.000667,1,2,193
2025-05-17 17:52:33,fbca4eee605198b660267c353a84e351655364417738564dfd61f78d9bd11481,897134,1268416.0,858.0,0.000676,1,2,193
2025-05-17 17:52:33,51ffb1efba614408a2232a6115c31767fe8e5496fdeb6238ca035a7147a5f170,897134,953598.0,858.0,0.0009,1,2,193
2025-05-17 17:52:33,8542bf6a2e38afccf71d9855dbc710f062c238029714fd961872490b6bad4c33,897134,705332.0,858.0,0.001216,1,2,193
2025-05-17 17:52:33,aa388c6b7326a22b9a39ea6acd005887111d49452b397d89b4cddaa5b28b2d1d,897134,190065.0,1668.0,0.008776,3,2,518
2025-05-17 17:52:33,41216997eb359211049b0b881079ee452bc2f46f31b63dbd76acaf2f66bc74a5,897134,198626.0,1137.0,0.005724,1,1,188
2025-05-17 17:52:33,2ff30d37f9c548b1ceabef96c68c19060623bfa4903fe9f64992dce537477d6c,897134,4599581.0,1362.0,0.000296,1,2,225
2025-05-17 17:52:33,47370b1a437c60367c732e89086f989b1a0b581ade4a2c0fd39f237d184b0558,897134,44312059.0,1362.0,3.1e-05,1,2,225
2025-05-17 17:52:33,f2fc46059b949dd29dd6e2db810b0ded9d0e8842ec8a12773ee1cbef815af04a,897134,1260005.0,1344.0,0.001067,1,2,222
2025-05-17 17:52:33,f84bf19b540fd5b449fe6d54b2dd0cbc06c45251a1fdfa6c4d1cf31c2cbc213e,897134,16656.0,1344.0,0.080692,1,2,222
2025-05-17 17:52:33,5be74595575c9e32d3c1b0bd71cf23353baf97356fe970b259a990d0ad2fd787,897134,110370068.0,3150.0,2.9e-05,3,2,520
2025-05-17 17:52:33,c8efac5eb7d5426589bc84169886808beba9d3a9b5ab2d2ccbafa1a360aff20a,897134,215250.0,750.0,0.003484,1,1,192
2025-05-17 17:52:33,074ac9b575319b8a630481221ced90cdecaf9b8d3d56b2f90a81337ff2be1ac1,897134,94451815.0,8178.0,8.7e-05,1,40,1444
2025-05-17 17:52:33,28d5883dbb7bcddc24ed90ac7a9a2a81714effc877da9b6603a9a90b82a454df,897134,450510.0,2721.0,0.00604,5,1,787
2025-05-17 17:52:33,89941b1059abf0aea9f53ccb4f74989da321d9ac7767e4b9495f59daa5bbf063,897134,19804516.0,1421.0,7.2e-05,1,7,378
2025-05-17 17:52:33,ef3bacd3c56849f47ef74a12fe8d74244294fafe11cd401c5ce6e4ffe0c3d58e,897134,93797.0,1281.0,0.013657,2,2,371
2025-05-17 17:52:33,e37144f4d9278d83e32d1067cb1651d118dc0a849007ef966a8bbc9569a94972,897134,8718.0,1411.0,0.161849,1,1,189
2025-05-17 17:52:33,87846487c09ad624b94c499152fdab846600ed79bea49d73b391db9520a953be,897134,97308.0,1115.0,0.011458,1,2,222
2025-05-17 17:52:33,11b48282336a7f2199fce4dc4c9963e4da36e359c5dafa1cfa1919e95cffa280,897134,2842319.0,875.0,0.000308,1,2,222
2025-05-17 17:52:33,99c332cbf59247e1353c4414c32c432386fd208045fb29778d57dffcd8c337a8,897134,2891590.0,875.0,0.000303,1,2,223
2025-05-17 17:52:33,5251c68ce4b4907447394e8d14c116a5afb690055fa2774bc8b5964224ad99a5,897134,50501.0,907.0,0.01796,1,1,191
2025-05-17 17:52:33,4392c528730a19956f3d2775f93f5433363b7bc96040ec8198383ce5dad40cb1,897134,29402764.0,652.0,2.2e-05,1,2,223
2025-05-17 17:52:33,f085c5f010eb41d904e5c38c71fab40ccfc4c579b2f29ebb82a208a504217069,897134,375966.0,765.0,0.002035,1,1,192
2025-05-17 17:52:33,d6bf545ae325b593a733ef12ba666371670fd06976865eb22d267fae32780e7c,897134,56547.0,1003.0,0.017737,1,2,226
2025-05-17 17:52:33,2cf55265eb93d43380e214aa145849ad0b4da433e4ddab11df52cd8ce30591fb,897134,15817369.0,3680.0,0.000233,1,17,690
2025-05-17 17:52:33,3888825b5aaa94fcb9dad4c6f18d595fc54ce42da5b26a6a3d7bb45fea5c80c4,897134,2456922.0,896.0,0.000365,1,2,225
2025-05-17 17:52:33,103e0418eda5ef55d2f111d16eaf3bf2f34be3753360e28a83f3f91126de029c,897134,694998220.0,1780.0,3e-06,1,4,285
2025-05-17 17:52:33,8de1448ee885e242b11192ab5363c8fb764e46e2ad4742a7bcd7c9f9f1a17e53,897134,484188.0,1112.0,0.002297,2,1,340
2025-05-17 17:52:33,7802baa49729389d14a71ff170f3387cb86c3a7ecea0a54218812cc40d021681,897134,93182431.0,888.0,1e-05,1,2,224
2025-05-17 17:52:33,d46133726d8e69b17d1a758ff14d8ebb3a66a5934109f605bd9d9ed8f88ec7c3,897134,22085.0,1183.0,0.053566,1,1,189
2025-05-17 17:52:33,1eb544dd6c134a3d9bf2d11df12d33876f7c167be9f664bc3467ee09a4b42155,897134,42621.0,1183.0,0.027756,1,1,189
2025-05-17 17:52:33,5f399122d9d6ca27f4edc2bc95e29f3ea953c7adec2baf5ab2233c71a575cc7b,897134,24248.0,1507.0,0.062149,1,2,223
2025-05-17 17:52:33,6f101ab561a1efd4ea3f5ed2b1d7245bd73b6c3d44c0e78ca9e0c2d0679d5066,897134,93807.0,697.0,0.00743,2,2,370
2025-05-17 17:52:33,b992671c1e73d8d45c79d90bc02e90487b2a1ae12671af7510cfa3a8a2c0797b,897134,427844.0,1497.0,0.003499,1,1,190
2025-05-17 17:52:33,39e8a15478bd974e3abdfdbd31bb497b8e79d35034c54fcc3b113970ada38cb3,897134,477734.0,1115.0,0.002334,1,2,223
2025-05-17 17:52:33,54e791ce5a0f01871d4fe6aa77b2872840668d3cefd3281f4631542da9cd2d47,897134,13138.0,1412.0,0.107475,1,2,223
2025-05-17 17:52:33,93dd977a7901fd202693f54edc2daf47f9db86acfa24a6cbce66a7ddb637711f,897134,29863.0,1412.0,0.047283,1,2,223
2025-05-17 17:52:33,c75be5fb347589e2113759e79b7ee5d85094accfb3360a78f2394a4ca0edcbae,897134,2294.0,706.0,0.307759,1,1,193
2025-05-17 17:52:33,9a7fcd03ec70e64024e7e94fe5c3c2b68349f551d8082501a78538575c84f56b,897134,283808.0,3180.0,0.011205,4,6,699
2025-05-17 17:52:33,eafcc01e277b791f67114d6a4846947b2f2a91caf83a08aff28ae22a503cbb3e,897134,31732.0,1638.0,0.05162,2,1,653
2025-05-17 17:52:33,104036d3a489c897234585fa2a8b83cc99599a1b524d573bfb7253dda057bca8,897134,91025.0,711.0,0.007811,1,1,193
2025-05-17 17:52:33,cb3aba0a3b7e6bc3e8e6d3180aab0f271e197f68298978689315c77b882b4d1c,897134,11309.0,3247.0,0.287116,1,1,189
2025-05-17 17:52:33,be217d40ea3c19b9123c113d5cb523b4facadc6e62e097de1d345cb331d40584,897134,5471340.0,864.0,0.000158,1,2,226
2025-05-17 17:52:33,d5646027708eaf7ed88c59cb9f6def5f5eacd7e9a70cd437f5f4b385d4fd9edf,897134,5501347.0,705.0,0.000128,1,2,222
2025-05-17 17:52:33,f58c9ceb4ffc96b94e51e96e694c8031aa397a5f761d94785294a5d3288247b1,897134,5599196.0,564.0,0.000101,1,2,222
2025-05-17 17:52:33,b77031996a95809a512a682fee3ef18921848b3dbd72e2dedd009068acab3251,897134,5614332.0,564.0,0.0001,1,2,223
2025-05-17 17:52:33,3e45a06dee34cfe25e587b8807941a3fde73482f0a86140e98aa483da81aade3,897134,5629464.0,282.0,5e-05,1,2,222
2025-05-17 17:52:33,bfc6fbd0b7092160e847665993d8d7d344dcc5d331b69fce3b8efcd2e01ffcba,897134,5678243.0,423.0,7.4e-05,1,2,222
2025-05-17 17:52:33,f3a52c94ce2346d9e183caafb1c537bdbd1db9db8c8709070164a23ace971ddf,897134,28903.0,904.0,0.031277,1,2,222
2025-05-17 17:52:33,0e53aad654d655ebbed0136f4057a393ea6a1d30033414764393e9d30e8819c6,897134,47164.0,708.0,0.015011,1,1,191
2025-05-17 17:52:33,d1944bf99e61c44f5465f6fcae7fa66ed4a2a30f25b4b3393f84df30c72ac8cb,897134,169000.0,1405.0,0.008314,1,3,300
2025-05-17 17:52:33,671764a76113c5fb5b7ba62e21cb871ca8c2aaffa981565ed887b2870df506e7,897134,54298.0,924.0,0.017017,1,2,194
2025-05-17 17:52:33,b3f6f4d189f820f1ec755840c8ec27a595c1a5ee1d29fe974db653d2e4d77ab3,897134,836117.0,882.0,0.001055,1,2,187
2025-05-17 17:52:33,32f8f6315a81f1430c364c93c70706671950840ca223459fe2380927066f8f84,897134,545052.0,2681.0,0.004919,5,2,815
2025-05-17 17:52:33,d2e1fbc6fc9ac642601e2e5c3e279b183da4497565e05c5780397e659f05c0f3,897134,1780795.0,1437.0,0.000807,1,3,410
2025-05-17 17:52:33,d010791439439f4635c97611424ce0973a11ac0277ab48280031e79c52ec591e,897134,1780590.0,1242.0,0.000698,1,2,380
2025-05-17 17:52:33,71af8f59e09c60e00e8ba43f2653f31a28b8ed27e2814e28b8616fadf3a37649,897134,1930821.0,1236.0,0.00064,1,2,380
2025-05-17 17:52:33,a9e8410ae73f3809e01b22659e7fd43d7d0b28ce18481f64fb34121cdcf8c213,897134,1931849.0,1236.0,0.00064,1,2,381
2025-05-17 17:52:33,d1c8056af99464575369fa9cb8d1f7d929a32ee307adda98925baf965f0df173,897134,739636.0,1001.0,0.001353,1,2,193
2025-05-17 17:52:33,61cc4a2aaa8d687110008c5e3e833788bedc6f9d537165cc571a95ea4fa3243e,897134,803248.0,858.0,0.001068,1,2,193
2025-05-17 17:52:33,ceeebc905357a569e379c1c4d42ee097def667c4469b3b3405283bc46f848e98,897134,277308.0,2520.0,0.009087,1,9,441
2025-05-17 17:52:33,07629edccd8d3eff296257f5f27834ea0cc2a47033962606b622a1ade90f3094,897134,319785.0,1608.0,0.005028,1,6,349
2025-05-17 17:52:33,3065bc3138fca5b226732f1bc4579c5807629377392847222f1b86df463ed634,897134,60520.0,1085.0,0.017928,1,2,246
2025-05-17 17:52:33,3dc7344cf97b43693f5932bc9cf88d743b9b56fbc977bab2576828700bf1d0d1,897134,36607075.0,2136.0,5.8e-05,1,7,405
2025-05-17 17:52:33,ec039b9747e342f14fc26160982ae5b9519771d4f394905c9742d67f44789a41,897134,18400.0,1477.0,0.080272,2,1,387
2025-05-17 17:52:33,a543c67fec552e9fdc3e9104b2d287df478e830e76f8b52d93b4675d2458f473,897134,4312834.0,2280.0,0.000529,1,4,345
2025-05-17 17:52:33,b859d51bb81bb4f104bb6bf0ee938237d1886567f1129a6ed84cec2f55ceecc6,897134,101413.0,1404.0,0.013844,2,2,375
2025-05-17 17:52:33,359dacb0a716a17010d8c1623c8fc53fc5fccec29b01de313ca795d956ff1131,897134,36653700.0,1524.0,4.2e-05,1,4,311
2025-05-17 17:52:33,9973be80a0a1efe35362427c6d7794733fe7238b3a51bb9c9800f2cf84dcfbe2,897134,304250.0,750.0,0.002465,1,1,194
2025-05-17 17:52:33,01f0e6ba076376aa417a2040cfe61914fee06a60c1d5175c38a5d27b8042fdc6,897134,31250.0,750.0,0.024,1,1,194
2025-05-17 17:52:33,95973258d2e876cd545f3e25a6393566bfed8477b8446149d25cae501926dcb1,897134,76250.0,750.0,0.009836,1,1,194
2025-05-17 17:52:33,f4220c87a259ff300984c744bc4f3a2fbff191fb1d3c59a6f39716e0707cef25,897134,47250.0,750.0,0.015873,1,1,195
2025-05-17 17:52:33,8ac67c89acb5f1021eb417d0275476d63724d812de9482f465c57dc3ec3a4f20,897134,94250.0,750.0,0.007958,1,1,195
2025-05-17 17:52:33,e81f694e6ff06825f56151291ff77f86dbf3d4d7bac1e91105d707ca10ba5c62,897134,120627.0,1176.0,0.009749,2,1,338
2025-05-17 17:52:33,cd1401ce6891d50e2f198c0b5b6564ac87b309a092ee709edea5537a5663afe1,897134,96766.0,3820.0,0.039477,1,1,189
2025-05-17 17:52:33,8742b8a2bc9842243d15e4be68f2d2cc269610495f27568b1c9d7d44cdb11a53,897134,999997460.0,2540.0,3e-06,1,21,847
2025-05-14 17:04:35,c0a143b6b58f4ac26a97eec478f13e4775574602c5cbbfff6e3fed72c329937c,896698,241734.0,1103.0,0.004563,3,1,487
2025-05-14 17:04:35,21c07884b43e081015030f2f41ddc25524ff008b710af94172f64ea0028ff91c,896698,244787091.0,1018.0,4e-06,1,2,226
2025-05-14 17:04:35,76052c75fcc3e05c3258bbcf266cfd5c77598bc37de5ef045c080b6d704d6ef7,896698,105454637.0,1000.0,9e-06,1,2,222
2025-05-14 17:04:35,8f9c9b46dbb3c2f9cd5780dcf2800aa3b5d7c7383665cc275e3b8b5d27edc7e2,896698,165524167.0,1000.0,6e-06,1,2,222
2025-05-14 17:04:35,c56fb1d9d64a3bf7bbdca4bdb2209fdf56119514606e75a7e49a25760e0bc982,896698,86040286.0,1000.0,1.2e-05,1,2,222
2025-05-14 17:04:35,c9832f51a84bcf1aec4c75ffd7b257d531ba4b9cadda0a3a446f0591139c0f7d,896698,107422146.0,1000.0,9e-06,1,2,222
2025-05-14 17:04:35,04c2a9fa4766e32a74dead1b548827b6381c20accfb6a17c4f28ac38c439f56b,896698,174269505.0,1000.0,6e-06,1,2,222
2025-05-14 17:04:35,87cfe6321226fb06781b1f439d2ee53e2e8d00fbeafa2e0f91a8c55fa355b347,896698,117211700.0,1000.0,9e-06,1,2,222
2025-05-14 17:04:35,852e1da435c0a3721a178052873f6e926dbcbdec618a8cdc85457062859b4cbc,896698,7117511.0,798.0,0.000112,2,1,339
2025-05-14 17:04:35,2ca4ea4f760ef14a411f85c963d9918cd30efe67a5820ac0724e415d706ea223,896698,159999350.0,650.0,4e-06,1,2,226
2025-05-14 17:04:35,811d0e1b1302076d60768037e46c145d0c280156d1585c7aec421374fa4ebaea,896698,322502660.0,637.0,2e-06,1,2,222
2025-05-14 17:04:35,3912a052f04df8dc05f99dd7e52a9ac9f54e6a44932d4296b0ff07781f259995,896698,145753.0,648.0,0.004446,1,1,192
2025-05-14 17:04:35,5386370e988e27be623e59d90cf4d835341d42f0bc6fb6bc6496638060d3f5f3,896698,26652729.0,487.0,1.8e-05,1,2,222
2025-05-14 17:04:35,fdb5b7d4c569132c32970929a216b6994b62ac0ae52686c4df1193428f8fa6d2,896698,299438362.0,1004.0,3e-06,1,2,222
2025-05-14 17:04:35,fa92214e7cfbfdab81706ed83b746a2b5dd5e103926eb8a281e28b98327f6238,896698,202797273.0,1004.0,5e-06,1,2,222
2025-05-14 17:04:35,bc12eb027852fe356791bc8030e3616c23b5be3c6f57dc6f72ab86040c4f7240,896698,62100.0,656.0,0.010564,1,2,226
2025-05-14 17:04:35,e32d68f9ac8b6209eceb71930cca819c98a170589439be83ffb145e8c23bf6ea,896698,2001476.0,643.0,0.000321,1,2,224
2025-05-14 17:04:35,d807a6e805599ab62c046108163a412bfa41844ddf6922f2f48e928ed4dc9fda,896698,387979.0,643.0,0.001657,1,2,223
2025-05-14 17:04:35,c49f8ce5d5f81fb05d2748987b0be890270a3b3a72b5d47431d72295877cf2c9,896698,35357.0,643.0,0.018186,1,2,223
2025-05-14 17:04:35,49208f069085fdf41a35486380e5b226fbd0a2f9792211c2765ff8111c2092c6,896698,316069.0,643.0,0.002034,1,2,223
2025-05-14 17:04:35,e37a46a093a6c2cf3e98a9fcdbdd77abf52e654e100c4e95e727f7846f5d95c5,896698,1206788.0,643.0,0.000533,1,2,223
2025-05-14 17:04:35,a68a5dc7a742377d44bbcc62daccbd0ee1bb54ee25d6bea7497634ef30f5daa6,896698,965520.0,643.0,0.000666,1,2,224
2025-05-14 17:04:35,346ab0c24de2ed9d45cdb71a9be4bb5973153cd9ddb5e497499a01d444337a75,896698,18744988.0,643.0,3.4e-05,1,2,224
2025-05-14 17:04:35,a4836780d7ed9f9ee5fdcabfeba60691d76ad29660f69d5a7e87117ebec52d37,896698,1404778.0,643.0,0.000458,1,2,223
2025-05-14 17:04:35,72a244ff87d7f1cee987a4631992913b5cef24e93a5533606cd9eabba7386030,896698,1803675.0,643.0,0.000356,1,2,224
2025-05-14 17:04:35,bca70f1b39ab52b308a667cf59feb98d7883d804cd43d0b61a8cd94f3866f428,896698,474951.0,643.0,0.001354,1,2,224
2025-05-14 17:04:35,76b0801569f0748374485d7ef979d0d971720c7d5677e88b520c59ad7b4e1b11,896698,1066883.0,643.0,0.000603,1,2,224
2025-05-14 17:04:35,0878e44c1906558aa0270d72bb524f3bf565dcf71e196dc65ca722efa0b8d933,896698,45448985.0,4032.0,8.9e-05,1,25,971
2025-05-14 17:04:35,271ec33102ce89546cd71ce1ec528fc7caf8ad4c439368ea39df0e94da7c33df,896698,1305200.0,640.0,0.00049,1,2,222
2025-05-14 17:04:35,537e6debf939664cc91bfd8286e0d5c67fcb3609fdc1bee2a6b19271ec09e5cf,896698,9129.0,513.0,0.056195,1,1,195
2025-05-14 17:04:35,72206631386bb587d37ac6afd5a377c315bdcf516f3d5f9b6aee9e37447e32c4,896698,52050.0,513.0,0.009856,1,1,195
2025-05-14 17:04:35,f11862ee3316309228c56a5d531ad6313e28951c28aa546b9ee6bd9ab7e469b1,896698,1062268.0,513.0,0.000483,1,1,194
2025-05-14 17:04:35,4365b2c7cd29ba8cf768bb4bedadc9164479229c5eb2983e6b53b376bf49f2af,896698,336882.0,513.0,0.001523,1,1,195
2025-05-14 17:04:35,a75aae1d8c11345480c86edecf278e69f16d9f33d93f09ae2baa5ed08f2c95a8,896698,3697.0,513.0,0.138761,1,1,194
2025-05-14 17:04:35,3c17db3577e60da3812672caa42691f4f17ffa4994dfe597cc9444d34bb757a2,896698,113423.0,513.0,0.004523,1,1,195
2025-05-14 17:04:35,b48bb496b9726569462058d178ea588c0b35d690182efba92dd7e8975b2d688e,896698,20660.0,513.0,0.024831,1,1,195
2025-05-14 17:04:35,aa72805d8bccb906cc92dd9f972b0fa09b8bc41d625659bb5d7f33ed246bf580,896698,101013.0,513.0,0.005079,1,1,195
2025-05-14 17:04:35,d4da96ab93461d2ba1bf777abc030b57a2d979b1a0482f5b4ee5fe7006166b71,896698,154312.0,513.0,0.003324,1,1,195
2025-05-14 17:04:35,f11015cf62f64fbd005b8374aff6a3683ce009664c129ce71829d33cf6bdce52,896698,109127.0,513.0,0.004701,1,1,194
2025-05-14 17:04:35,08081ec16313437fd2807fa236d8bf407c24a8b74800707bb2783d7e89c09035,896698,75842.0,513.0,0.006764,1,1,195
2025-05-14 17:04:35,334a392f1ccf89bbeb6a088c6282b7f51c325d5e466ab7da007ad316dbdbbe8c,896698,9876945083.0,1000.0,0.0,1,3,301
2025-05-14 17:04:35,c4a24ca5dc332942fe9b4d9b868f102a5feabf69c592c4d77cf04515f5090a8a,896698,499500.0,500.0,0.001001,1,1,191
2025-05-14 17:04:35,33ac1c077bf18dbc25399548229ff5aec8f021a5ffd0f3dcdaae7ef55c479c7b,896698,8641344450.0,1000.0,0.0,1,3,301
2025-05-14 17:04:35,ffd2deb697f0614b90e29c0943877c434b12345ac8431f601e2ffece2a990744,896698,7419269214.0,1000.0,0.0,1,3,301
2025-05-14 17:04:35,0c971361c82e18f6c700f369d4a08af23df80e795a4fe5d9a3c3d2123057c184,896698,7419479573.0,1000.0,0.0,1,3,302
2025-05-14 17:04:35,4d398f93e0d281ecf605286d41e211277d9e71e0f5887a63a38e1a2dd77892ea,896698,66065940.0,643.0,1e-05,1,2,223
2025-05-14 17:04:35,9db08761f9c9d42de1ed4f19e686483dc407290d6e9d1647ebe19680acdd45e3,896698,174955.0,643.0,0.003675,1,2,223
2025-05-14 17:04:35,07fdb6d2494260f6755697eba271d918f640276a3a56ce7344268bb2a52e52d9,896698,106039.0,643.0,0.006064,1,2,222
2025-05-14 17:04:35,037b6ad2f05637913d8cc8becec14ed2d99dd68f8edfdc57a94a48a106d6f3d5,896698,18697.0,643.0,0.034391,1,2,222
2025-05-14 17:04:35,6bee04d9fb0f7d2b19158f3e9b4c30f898be48d025bb455ed170d9e829eb42d4,896698,104761.0,643.0,0.006138,1,2,222
2025-05-14 17:04:35,2c37bef5f59d3f5083eef9ce270c32e61b40f9c6803c15bc01f6dcfd304b81cb,896698,3893060.0,643.0,0.000165,1,2,223
2025-05-14 17:04:35,efc555484d1daf665c5a99ff199cc03e1babdceefbcd0a72c4c4ffd789404ccb,896698,3081585.0,643.0,0.000209,1,2,222
2025-05-14 17:04:35,fad1e047dc1b21806c39fd2a08c14639e8f578785a4249f6c35259ea7a74e3c8,896698,187661.0,643.0,0.003426,1,2,222
2025-05-14 17:04:35,3832b8b0fd8e1aadb87c75710bcb9e1e158b1771b1b0c62a14c30e81764e27c5,896698,476662.0,643.0,0.001349,1,2,223
2025-05-14 17:04:35,ac165c0c4362ce8c5b6ded10fda4c8bc531e5083bda056189739460de9a622be,896698,1913078.0,643.0,0.000336,1,2,222
2025-05-14 17:04:35,5e063289ad03f8457673eef65baf6a143f5161af777f668f3bd3c1e91fcdb4bb,896698,127528.0,643.0,0.005042,1,2,223
2025-05-14 17:04:35,a5c698c45ed132733caa904408ff463fa47874a30ba3a74b1ce2b8bfedea40b1,896698,403709.0,643.0,0.001593,1,2,222
2025-05-14 17:04:35,96637092346f797b500071593726cc42716c4f2b503da3052d5535b02208e5ad,896698,1277929.0,643.0,0.000503,1,2,223
2025-05-14 17:04:35,47d60218931d04f3b206505c79941658dcfc90f235bebce6c671bd0e6a4415ad,896698,969223.0,643.0,0.000663,1,2,223
2025-05-14 17:04:35,fe537bd2fb85aa3c2d16c78476ca4753130742744961969a48848a06c6743ea8,896698,559836.0,643.0,0.001149,1,2,223
2025-05-14 17:04:35,3ae74d470a39af2457a4b23f489b69f3fd90836bb533bb055f561d76829cf6a7,896698,473340.0,643.0,0.001358,1,2,223
2025-05-14 17:04:35,da9e377f9672e8acd6696247c8cef498395a85cf7f47abb282fa2fa282b711a7,896698,639194.0,643.0,0.001006,1,2,222
2025-05-14 17:04:35,22b776364fe0c3221d8183be1b752a27256e98d47146cc8dee8c4cef080dc1a5,896698,448205.0,643.0,0.001435,1,2,223
2025-05-14 17:04:35,7b06062be34ea235cdcbf1b0939cefe7e7b9692c1fccab8c877d38c1b47f14a0,896698,71138.0,643.0,0.009039,1,2,222
2025-05-14 17:04:35,de603223e1111ec4701a721660b4a2f84edc8e5f0896c62c73a6e20743ba3f9c,896698,154053.0,643.0,0.004174,1,2,223
2025-05-14 17:04:35,f7137bc08d756547ed432ea15f2c8d72f9f4c983b5b616d44fdb83ea732e7697,896698,80730.0,643.0,0.007965,1,2,223
2025-05-14 17:04:35,7c201a6b3fb0cfc39aed77cc5320221aabed8889996fdc24182df884df7e1794,896698,4533354.0,643.0,0.000142,1,2,223
2025-05-14 17:04:35,91cfd884fbce3fb5b19f15672ae2a9395f9bf17b4993ed69fc718c00bab35591,896698,931428.0,643.0,0.00069,1,2,222
2025-05-14 17:04:35,adc3b4973553a38aed7b872f7e4660d9a3f12befa54cef15aa41771b46245183,896698,157644.0,643.0,0.004079,1,2,223
2025-05-14 17:04:35,7ea26802f0e8c053190e608f7793bad80cb34d88334fef72f1c4d434d368f768,896698,989506.0,643.0,0.00065,1,2,223
2025-05-14 17:04:35,d16f3a87d3cdc91009470370ff6c8294e9344d4efda6e6532ca6160c71bd035d,896698,2299357.0,643.0,0.00028,1,2,223
2025-05-14 17:04:35,211f0ed366d23765af8393d255861dccc81677e7ed2f9610b76d2d80cf885648,896698,466895.0,643.0,0.001377,1,2,222
2025-05-14 17:04:35,f6f91732bbcf9883d71396e3b66da48d580b3b1cd91562207d5f5bf3a3c40d36,896698,18160.0,643.0,0.035407,1,2,223
2025-05-14 17:04:35,439f176e529db334059f5e6b9537e4ad4812dc785dae6941341c97a65a8b3d35,896698,320516.0,643.0,0.002006,1,2,223
2025-05-14 17:04:35,400d2a918ffca8ea8bff6fe31aa43d0534ae9738bdfefad9627bdd11be8dd11e,896698,80248.0,643.0,0.008013,1,2,223
2025-05-14 17:04:35,ce60afded88bcd5b8b81c7be4a16f765ec99c8d32664e6a682dd59ac09817d1b,896698,10972394.0,643.0,5.9e-05,1,2,223
2025-05-14 17:04:35,4dfdd19e5a4222f41dcd575608b5757edef406f73afd0011b95135592f138d19,896698,91650.0,643.0,0.007016,1,2,222
2025-05-14 17:04:35,7ecb2e8d643a67caf85551b5456e27f8a293a0be741804b589850a5e91efe705,896698,132972.0,643.0,0.004836,1,2,223
2025-05-14 17:04:35,ab4eeca45fece826f6d662812afb7908701f6d01ec37f5516eeb05fc151b3304,896698,4301283.0,643.0,0.000149,1,2,223
2025-05-14 17:04:35,594766849af264bda80b159c8402735874f181706fd6ce84beb717c3b4828c00,896698,11110655.0,643.0,5.8e-05,1,2,222
2025-05-14 17:04:35,f4b4ad202eeca8899cecd8ec7d856a28a1b4b9cddb23c31691e7134b142480fd,896698,501010200.0,4000.0,8e-06,3,5,1069
2025-05-14 17:04:35,eacb95d6575a2eba0c48e90ce84584594db306c309b371d90533d5ad32a2aa86,896698,2308686.0,657.0,0.000285,1,2,226
2025-05-14 17:04:35,0b4827cb9b7b5bbabd98de6b7f591ad80849774aeb6aaffd989fde25e36e85cd,896698,398837.0,931.0,0.002334,1,3,286
2025-05-14 17:04:35,9a81e148d766ff1c2f31257e75be3950a7ab9faa996db2489aa67fdaaae016ea,896698,487776.0,700.0,0.001435,1,2,234
2025-05-14 17:04:35,0eec455d6c3a125dab714d2af9d218ea40d04f2c5895b3b48a3d331d1d6c4653,896698,1000558.0,1455.0,0.001454,2,4,480
2025-05-14 17:04:35,32024d3f2354f06cd6fa5beea1007e25cfff0423be000720d11336c266035dc4,896698,148478.0,1390.0,0.009362,1,1,154
2025-05-14 17:04:35,cbb7a5975c6904212e802a37a0e7c0201743624c012430f5649eeb5d85163f52,896698,149868.0,224.0,0.001495,1,1,406
2025-05-14 17:04:35,5f1df36ca30f41bcf7bdf0bd20685d453f02ac9ab24ecc0da3b47f744b679632,896698,2886459.0,352.0,0.000122,1,2,234
2025-05-14 17:04:35,871189365e68cfc696d48989bf49f9800959c321bb3354a1f8c6c07f627adb93,896698,46500.0,506.0,0.010882,1,1,192
2025-05-14 17:04:35,1d1bda5e75f471e193ef2792202aaa2af512af8e3b9b1b9b96fa464da3fcde84,896698,460320.0,704.0,0.001529,1,2,234
2025-05-14 17:04:35,05175023bbfe842da7aae639345fcc164a1d81bb72702f912db60287fccc886f,896698,431375.0,704.0,0.001632,1,2,234
2025-05-14 17:04:35,72f57df7c6cef4140f403de5bc0aea34ab618a527da8322497925541bb635f19,896698,4838.0,1548.0,0.319967,2,1,336
2025-05-14 17:04:35,24902271e4229b52713a64569fdd0a7950b2d4eb337941be67e4c1d6242418b1,896698,416051.0,705.0,0.001695,1,2,234
2025-05-14 17:04:35,4a420805cc989fbfe4fc6bb9d330279a11d836e868778d8415ff0886ba76652b,896698,402242.0,705.0,0.001753,1,2,234
2025-05-14 17:04:35,b5e84ac0072e67c1219efd70e53fcfbcf56d83393b962ee7459ceb11c209da99,896698,169224.0,1031.0,0.006093,1,2,380
2025-05-14 17:04:35,aba6fea556953ab3561fcc8bd0ad823bb8230e8c33a819e58576f20853092d49,896698,313592.0,1356.0,0.004324,2,2,708
2025-05-14 17:04:35,4f23aa18dcc47d106d7a7638f8bf42dffa4878dff6dbf0846a85fdba7a1d4acb,896698,112234.0,513.0,0.004571,1,1,192
2025-05-14 17:04:35,64be2670594d4b0f70b7d9d6e99352b7e935ca60f2462ab01c92523a9a46427f,896698,118053.0,513.0,0.004346,1,1,193
2025-05-14 17:04:35,c33dffe85f65a3b232a51d4f902b12b05f26c294008151d1d5860d9309a9c13a,896698,378997.0,513.0,0.001354,1,1,192
2025-05-14 17:04:35,f71bb20dd5c6d7fd01883bee9e464610d74c25d991a0588ef351d454555bf511,896698,1836084.0,513.0,0.000279,1,1,193
2025-05-14 17:04:35,c0a143b6b58f4ac26a97eec478f13e4775574602c5cbbfff6e3fed72c329937c,896698,241734.0,1103.0,0.004563,3,1,487
2025-05-14 17:04:35,21c07884b43e081015030f2f41ddc25524ff008b710af94172f64ea0028ff91c,896698,244787091.0,1018.0,4e-06,1,2,226
2025-05-14 17:04:35,76052c75fcc3e05c3258bbcf266cfd5c77598bc37de5ef045c080b6d704d6ef7,896698,105454637.0,1000.0,9e-06,1,2,222
2025-05-14 17:04:35,8f9c9b46dbb3c2f9cd5780dcf2800aa3b5d7c7383665cc275e3b8b5d27edc7e2,896698,165524167.0,1000.0,6e-06,1,2,222
2025-05-14 17:04:35,c56fb1d9d64a3bf7bbdca4bdb2209fdf56119514606e75a7e49a25760e0bc982,896698,86040286.0,1000.0,1.2e-05,1,2,222
2025-05-14 17:04:35,c9832f51a84bcf1aec4c75ffd7b257d531ba4b9cadda0a3a446f0591139c0f7d,896698,107422146.0,1000.0,9e-06,1,2,222
2025-05-14 17:04:35,04c2a9fa4766e32a74dead1b548827b6381c20accfb6a17c4f28ac38c439f56b,896698,174269505.0,1000.0,6e-06,1,2,222
2025-05-14 17:04:35,87cfe6321226fb06781b1f439d2ee53e2e8d00fbeafa2e0f91a8c55fa355b347,896698,117211700.0,1000.0,9e-06,1,2,222
2025-05-14 17:04:35,852e1da435c0a3721a178052873f6e926dbcbdec618a8cdc85457062859b4cbc,896698,7117511.0,798.0,0.000112,2,1,339
2025-05-14 17:04:35,2ca4ea4f760ef14a411f85c963d9918cd30efe67a5820ac0724e415d706ea223,896698,159999350.0,650.0,4e-06,1,2,226
2025-05-14 17:04:35,811d0e1b1302076d60768037e46c145d0c280156d1585c7aec421374fa4ebaea,896698,322502660.0,637.0,2e-06,1,2,222
2025-05-14 17:04:35,3912a052f04df8dc05f99dd7e52a9ac9f54e6a44932d4296b0ff07781f259995,896698,145753.0,648.0,0.004446,1,1,192
2025-05-14 17:04:35,5386370e988e27be623e59d90cf4d835341d42f0bc6fb6bc6496638060d3f5f3,896698,26652729.0,487.0,1.8e-05,1,2,222
2025-05-14 17:04:35,fdb5b7d4c569132c32970929a216b6994b62ac0ae52686c4df1193428f8fa6d2,896698,299438362.0,1004.0,3e-06,1,2,222
2025-05-14 17:04:35,fa92214e7cfbfdab81706ed83b746a2b5dd5e103926eb8a281e28b98327f6238,896698,202797273.0,1004.0,5e-06,1,2,222
2025-05-14 17:04:35,bc12eb027852fe356791bc8030e3616c23b5be3c6f57dc6f72ab86040c4f7240,896698,62100.0,656.0,0.010564,1,2,226
2025-05-14 17:04:35,e32d68f9ac8b6209eceb71930cca819c98a170589439be83ffb145e8c23bf6ea,896698,2001476.0,643.0,0.000321,1,2,224
2025-05-14 17:04:35,d807a6e805599ab62c046108163a412bfa41844ddf6922f2f48e928ed4dc9fda,896698,387979.0,643.0,0.001657,1,2,223
2025-05-14 17:04:35,c49f8ce5d5f81fb05d2748987b0be890270a3b3a72b5d47431d72295877cf2c9,896698,35357.0,643.0,0.018186,1,2,223
2025-05-14 17:04:35,49208f069085fdf41a35486380e5b226fbd0a2f9792211c2765ff8111c2092c6,896698,316069.0,643.0,0.002034,1,2,223
2025-05-14 17:04:35,e37a46a093a6c2cf3e98a9fcdbdd77abf52e654e100c4e95e727f7846f5d95c5,896698,1206788.0,643.0,0.000533,1,2,223
2025-05-14 17:04:35,a68a5dc7a742377d44bbcc62daccbd0ee1bb54ee25d6bea7497634ef30f5daa6,896698,965520.0,643.0,0.000666,1,2,224
2025-05-14 17:04:35,346ab0c24de2ed9d45cdb71a9be4bb5973153cd9ddb5e497499a01d444337a75,896698,18744988.0,643.0,3.4e-05,1,2,224
2025-05-14 17:04:35,a4836780d7ed9f9ee5fdcabfeba60691d76ad29660f69d5a7e87117ebec52d37,896698,1404778.0,643.0,0.000458,1,2,223
2025-05-14 17:04:35,72a244ff87d7f1cee987a4631992913b5cef24e93a5533606cd9eabba7386030,896698,1803675.0,643.0,0.000356,1,2,224
2025-05-14 17:04:35,bca70f1b39ab52b308a667cf59feb98d7883d804cd43d0b61a8cd94f3866f428,896698,474951.0,643.0,0.001354,1,2,224
2025-05-14 17:04:35,76b0801569f0748374485d7ef979d0d971720c7d5677e88b520c59ad7b4e1b11,896698,1066883.0,643.0,0.000603,1,2,224
2025-05-14 17:04:35,0878e44c1906558aa0270d72bb524f3bf565dcf71e196dc65ca722efa0b8d933,896698,45448985.0,4032.0,8.9e-05,1,25,971
2025-05-14 17:04:35,271ec33102ce89546cd71ce1ec528fc7caf8ad4c439368ea39df0e94da7c33df,896698,1305200.0,640.0,0.00049,1,2,222
2025-05-14 17:04:35,537e6debf939664cc91bfd8286e0d5c67fcb3609fdc1bee2a6b19271ec09e5cf,896698,9129.0,513.0,0.056195,1,1,195
2025-05-14 17:04:35,72206631386bb587d37ac6afd5a377c315bdcf516f3d5f9b6aee9e37447e32c4,896698,52050.0,513.0,0.009856,1,1,195
2025-05-14 17:04:35,f11862ee3316309228c56a5d531ad6313e28951c28aa546b9ee6bd9ab7e469b1,896698,1062268.0,513.0,0.000483,1,1,194
2025-05-14 17:04:35,4365b2c7cd29ba8cf768bb4bedadc9164479229c5eb2983e6b53b376bf49f2af,896698,336882.0,513.0,0.001523,1,1,195
2025-05-14 17:04:35,a75aae1d8c11345480c86edecf278e69f16d9f33d93f09ae2baa5ed08f2c95a8,896698,3697.0,513.0,0.138761,1,1,194
2025-05-14 17:04:35,3c17db3577e60da3812672caa42691f4f17ffa4994dfe597cc9444d34bb757a2,896698,113423.0,513.0,0.004523,1,1,195
2025-05-14 17:04:35,b48bb496b9726569462058d178ea588c0b35d690182efba92dd7e8975b2d688e,896698,20660.0,513.0,0.024831,1,1,195
2025-05-14 17:04:35,aa72805d8bccb906cc92dd9f972b0fa09b8bc41d625659bb5d7f33ed246bf580,896698,101013.0,513.0,0.005079,1,1,195
2025-05-14 17:04:35,d4da96ab93461d2ba1bf777abc030b57a2d979b1a0482f5b4ee5fe7006166b71,896698,154312.0,513.0,0.003324,1,1,195
2025-05-14 17:04:35,f11015cf62f64fbd005b8374aff6a3683ce009664c129ce71829d33cf6bdce52,896698,109127.0,513.0,0.004701,1,1,194
2025-05-14 17:04:35,08081ec16313437fd2807fa236d8bf407c24a8b74800707bb2783d7e89c09035,896698,75842.0,513.0,0.006764,1,1,195
2025-05-14 17:04:35,334a392f1ccf89bbeb6a088c6282b7f51c325d5e466ab7da007ad316dbdbbe8c,896698,9876945083.0,1000.0,0.0,1,3,301
2025-05-14 17:04:35,c4a24ca5dc332942fe9b4d9b868f102a5feabf69c592c4d77cf04515f5090a8a,896698,499500.0,500.0,0.001001,1,1,191
2025-05-14 17:04:35,33ac1c077bf18dbc25399548229ff5aec8f021a5ffd0f3dcdaae7ef55c479c7b,896698,8641344450.0,1000.0,0.0,1,3,301
2025-05-14 17:04:35,ffd2deb697f0614b90e29c0943877c434b12345ac8431f601e2ffece2a990744,896698,7419269214.0,1000.0,0.0,1,3,301
2025-05-14 17:04:35,0c971361c82e18f6c700f369d4a08af23df80e795a4fe5d9a3c3d2123057c184,896698,7419479573.0,1000.0,0.0,1,3,302
2025-05-14 17:04:35,4d398f93e0d281ecf605286d41e211277d9e71e0f5887a63a38e1a2dd77892ea,896698,66065940.0,643.0,1e-05,1,2,223
2025-05-14 17:04:35,9db08761f9c9d42de1ed4f19e686483dc407290d6e9d1647ebe19680acdd45e3,896698,174955.0,643.0,0.003675,1,2,223
2025-05-14 17:04:35,07fdb6d2494260f6755697eba271d918f640276a3a56ce7344268bb2a52e52d9,896698,106039.0,643.0,0.006064,1,2,222
2025-05-14 17:04:35,037b6ad2f05637913d8cc8becec14ed2d99dd68f8edfdc57a94a48a106d6f3d5,896698,18697.0,643.0,0.034391,1,2,222
2025-05-14 17:04:35,6bee04d9fb0f7d2b19158f3e9b4c30f898be48d025bb455ed170d9e829eb42d4,896698,104761.0,643.0,0.006138,1,2,222
2025-05-14 17:04:35,2c37bef5f59d3f5083eef9ce270c32e61b40f9c6803c15bc01f6dcfd304b81cb,896698,3893060.0,643.0,0.000165,1,2,223
2025-05-14 17:04:35,efc555484d1daf665c5a99ff199cc03e1babdceefbcd0a72c4c4ffd789404ccb,896698,3081585.0,643.0,0.000209,1,2,222
2025-05-14 17:04:35,fad1e047dc1b21806c39fd2a08c14639e8f578785a4249f6c35259ea7a74e3c8,896698,187661.0,643.0,0.003426,1,2,222
2025-05-14 17:04:35,3832b8b0fd8e1aadb87c75710bcb9e1e158b1771b1b0c62a14c30e81764e27c5,896698,476662.0,643.0,0.001349,1,2,223
2025-05-14 17:04:35,ac165c0c4362ce8c5b6ded10fda4c8bc531e5083bda056189739460de9a622be,896698,1913078.0,643.0,0.000336,1,2,222
2025-05-14 17:04:35,5e063289ad03f8457673eef65baf6a143f5161af777f668f3bd3c1e91fcdb4bb,896698,127528.0,643.0,0.005042,1,2,223
2025-05-14 17:04:35,a5c698c45ed132733caa904408ff463fa47874a30ba3a74b1ce2b8bfedea40b1,896698,403709.0,643.0,0.001593,1,2,222
2025-05-14 17:04:35,96637092346f797b500071593726cc42716c4f2b503da3052d5535b02208e5ad,896698,1277929.0,643.0,0.000503,1,2,223
2025-05-14 17:04:35,47d60218931d04f3b206505c79941658dcfc90f235bebce6c671bd0e6a4415ad,896698,969223.0,643.0,0.000663,1,2,223
2025-05-14 17:04:35,fe537bd2fb85aa3c2d16c78476ca4753130742744961969a48848a06c6743ea8,896698,559836.0,643.0,0.001149,1,2,223
2025-05-14 17:04:35,3ae74d470a39af2457a4b23f489b69f3fd90836bb533bb055f561d76829cf6a7,896698,473340.0,643.0,0.001358,1,2,223
2025-05-14 17:04:35,da9e377f9672e8acd6696247c8cef498395a85cf7f47abb282fa2fa282b711a7,896698,639194.0,643.0,0.001006,1,2,222
2025-05-14 17:04:35,22b776364fe0c3221d8183be1b752a27256e98d47146cc8dee8c4cef080dc1a5,896698,448205.0,643.0,0.001435,1,2,223
2025-05-14 17:04:35,7b06062be34ea235cdcbf1b0939cefe7e7b9692c1fccab8c877d38c1b47f14a0,896698,71138.0,643.0,0.009039,1,2,222
2025-05-14 17:04:35,de603223e1111ec4701a721660b4a2f84edc8e5f0896c62c73a6e20743ba3f9c,896698,154053.0,643.0,0.004174,1,2,223
2025-05-14 17:04:35,f7137bc08d756547ed432ea15f2c8d72f9f4c983b5b616d44fdb83ea732e7697,896698,80730.0,643.0,0.007965,1,2,223
2025-05-14 17:04:35,7c201a6b3fb0cfc39aed77cc5320221aabed8889996fdc24182df884df7e1794,896698,4533354.0,643.0,0.000142,1,2,223
2025-05-14 17:04:35,91cfd884fbce3fb5b19f15672ae2a9395f9bf17b4993ed69fc718c00bab35591,896698,931428.0,643.0,0.00069,1,2,222
2025-05-14 17:04:35,adc3b4973553a38aed7b872f7e4660d9a3f12befa54cef15aa41771b46245183,896698,157644.0,643.0,0.004079,1,2,223
2025-05-14 17:04:35,7ea26802f0e8c053190e608f7793bad80cb34d88334fef72f1c4d434d368f768,896698,989506.0,643.0,0.00065,1,2,223
2025-05-14 17:04:35,d16f3a87d3cdc91009470370ff6c8294e9344d4efda6e6532ca6160c71bd035d,896698,2299357.0,643.0,0.00028,1,2,223
2025-05-14 17:04:35,211f0ed366d23765af8393d255861dccc81677e7ed2f9610b76d2d80cf885648,896698,466895.0,643.0,0.001377,1,2,222
2025-05-14 17:04:35,f6f91732bbcf9883d71396e3b66da48d580b3b1cd91562207d5f5bf3a3c40d36,896698,18160.0,643.0,0.035407,1,2,223
2025-05-14 17:04:35,439f176e529db334059f5e6b9537e4ad4812dc785dae6941341c97a65a8b3d35,896698,320516.0,643.0,0.002006,1,2,223
2025-05-14 17:04:35,400d2a918ffca8ea8bff6fe31aa43d0534ae9738bdfefad9627bdd11be8dd11e,896698,80248.0,643.0,0.008013,1,2,223
2025-05-14 17:04:35,ce60afded88bcd5b8b81c7be4a16f765ec99c8d32664e6a682dd59ac09817d1b,896698,10972394.0,643.0,5.9e-05,1,2,223
2025-05-14 17:04:35,4dfdd19e5a4222f41dcd575608b5757edef406f73afd0011b95135592f138d19,896698,91650.0,643.0,0.007016,1,2,222
2025-05-14 17:04:35,7ecb2e8d643a67caf85551b5456e27f8a293a0be741804b589850a5e91efe705,896698,132972.0,643.0,0.004836,1,2,223
2025-05-14 17:04:35,ab4eeca45fece826f6d662812afb7908701f6d01ec37f5516eeb05fc151b3304,896698,4301283.0,643.0,0.000149,1,2,223
2025-05-14 17:04:35,594766849af264bda80b159c8402735874f181706fd6ce84beb717c3b4828c00,896698,11110655.0,643.0,5.8e-05,1,2,222
2025-05-14 17:04:35,f4b4ad202eeca8899cecd8ec7d856a28a1b4b9cddb23c31691e7134b142480fd,896698,501010200.0,4000.0,8e-06,3,5,1069
2025-05-14 17:04:35,eacb95d6575a2eba0c48e90ce84584594db306c309b371d90533d5ad32a2aa86,896698,2308686.0,657.0,0.000285,1,2,226
2025-05-14 17:04:35,0b4827cb9b7b5bbabd98de6b7f591ad80849774aeb6aaffd989fde25e36e85cd,896698,398837.0,931.0,0.002334,1,3,286
2025-05-14 17:04:35,9a81e148d766ff1c2f31257e75be3950a7ab9faa996db2489aa67fdaaae016ea,896698,487776.0,700.0,0.001435,1,2,234
2025-05-14 17:04:35,0eec455d6c3a125dab714d2af9d218ea40d04f2c5895b3b48a3d331d1d6c4653,896698,1000558.0,1455.0,0.001454,2,4,480
2025-05-14 17:04:35,32024d3f2354f06cd6fa5beea1007e25cfff0423be000720d11336c266035dc4,896698,148478.0,1390.0,0.009362,1,1,154
2025-05-14 17:04:35,cbb7a5975c6904212e802a37a0e7c0201743624c012430f5649eeb5d85163f52,896698,149868.0,224.0,0.001495,1,1,406
2025-05-14 17:04:35,5f1df36ca30f41bcf7bdf0bd20685d453f02ac9ab24ecc0da3b47f744b679632,896698,2886459.0,352.0,0.000122,1,2,234
2025-05-14 17:04:35,871189365e68cfc696d48989bf49f9800959c321bb3354a1f8c6c07f627adb93,896698,46500.0,506.0,0.010882,1,1,192
2025-05-14 17:04:35,1d1bda5e75f471e193ef2792202aaa2af512af8e3b9b1b9b96fa464da3fcde84,896698,460320.0,704.0,0.001529,1,2,234
2025-05-14 17:04:35,05175023bbfe842da7aae639345fcc164a1d81bb72702f912db60287fccc886f,896698,431375.0,704.0,0.001632,1,2,234
2025-05-14 17:04:35,72f57df7c6cef4140f403de5bc0aea34ab618a527da8322497925541bb635f19,896698,4838.0,1548.0,0.319967,2,1,336
2025-05-14 17:04:35,24902271e4229b52713a64569fdd0a7950b2d4eb337941be67e4c1d6242418b1,896698,416051.0,705.0,0.001695,1,2,234
2025-05-14 17:04:35,4a420805cc989fbfe4fc6bb9d330279a11d836e868778d8415ff0886ba76652b,896698,402242.0,705.0,0.001753,1,2,234
2025-05-14 17:04:35,b5e84ac0072e67c1219efd70e53fcfbcf56d83393b962ee7459ceb11c209da99,896698,169224.0,1031.0,0.006093,1,2,380
2025-05-14 17:04:35,aba6fea556953ab3561fcc8bd0ad823bb8230e8c33a819e58576f20853092d49,896698,313592.0,1356.0,0.004324,2,2,708
2025-05-14 17:04:35,4f23aa18dcc47d106d7a7638f8bf42dffa4878dff6dbf0846a85fdba7a1d4acb,896698,112234.0,513.0,0.004571,1,1,192
2025-05-14 17:04:35,64be2670594d4b0f70b7d9d6e99352b7e935ca60f2462ab01c92523a9a46427f,896698,118053.0,513.0,0.004346,1,1,193
2025-05-14 17:04:35,c33dffe85f65a3b232a51d4f902b12b05f26c294008151d1d5860d9309a9c13a,896698,378997.0,513.0,0.001354,1,1,192
2025-05-14 17:04:35,f71bb20dd5c6d7fd01883bee9e464610d74c25d991a0588ef351d454555bf511,896698,1836084.0,513.0,0.000279,1,1,193
2025-05-14 19:23:31,3c4a7c85b9599d94de37ee8d6e937f7ffef373bd0004c133d95b4e6222767777,896711,8608778890.0,580.0,0.0,1,2,193
2025-05-14 19:23:31,3413fdc202d6afd7aeae1096432a980c8a9f9664a1fa7c7c63d17fa0b4483cd8,896711,8608811635.0,580.0,0.0,1,2,193
2025-05-14 19:23:31,6e799596906b1a962d31eab0cd812e829dbe85b81dbfdb2b28296b10d0047b7e,896711,8614086826.0,580.0,0.0,1,2,193
2025-05-14 19:23:31,a25078d12e58f98914db1a95f733e8d6aa76beb908d28365c9c1fd5ba91f06a2,896711,22001.0,768.0,0.034908,1,1,188
2025-05-14 19:23:31,d0fba11c496d1b893fa88808dc7e9fd8b6c2dc281486bc1bd899d27392f2b760,896711,1461818.0,768.0,0.000525,1,1,188
2025-05-14 19:23:31,97aadae305339ad2ceb7dbbe2e550bfe6a4ccca9c505c12edbd3348e17f0be51,896711,215299.0,450.0,0.00209,1,1,191
2025-05-14 19:23:31,f4d115ef63cc82edff41f290a0485cb191fb4c7e83668b273bf038d5609f2725,896711,8560994.0,712.0,8.3e-05,1,3,256
2025-05-14 19:23:31,b57b8c74ea0be84012fc9e676627930f8a91fc26669d3065736381af7d822994,896711,1305089989.0,826.0,1e-06,1,3,254
2025-05-14 19:23:31,4534bc9f5478a8c8a74c7b88d69753403f5cf5492008501e196f141c2eed1386,896711,1311547552.0,989.0,1e-06,1,4,288
2025-05-14 19:23:31,63aa8b01c323fcf12ada950d67710e3b9675ae33591d206ecb7290600acb2677,896711,1320999510.0,1123.0,1e-06,1,5,316
2025-05-14 19:23:31,5acf38cca476b097f15ad28529e5cca24bdd86cb6072bf5c0b57fee34cd09a8a,896711,2280021466.0,612.0,0.0,2,3,418
2025-05-14 19:23:31,9af8fe67360fc4c2676f6d2bfe361f544654024dd24da3cafb306303ae3c06a6,896711,178692.0,774.0,0.004331,1,1,189
2025-05-14 19:23:31,322ca72ebd72cc7eaac9e316c87ff1ed677ca6827368c4924d8f4331a73465eb,896711,273932.0,452.0,0.00165,1,1,191
2025-05-14 19:23:31,1d09a2c57a5358c9157eec555abb4f5eb294dc4822aa7c16f9d9f7a3d1335bad,896711,259707.0,822.0,0.003165,1,1,200
2025-05-14 19:23:31,b404807b0f1a54d9f43180aa4de70f37cf6d46c5917f245ea6903f13931d873c,896711,1436749.0,822.0,0.000572,1,1,200
2025-05-14 19:23:31,7a0cafb7b6d847115164bdcbdb5687ba69078a78bf624209e0a2a39ee3130625,896711,6902839.0,584.0,8.5e-05,1,2,193
2025-05-14 19:23:31,c2b579b1ddd00e16372ba74a49934cb881f28547b29870e2e987a1be3bb52ef2,896711,675373.0,1428.0,0.002114,4,2,671
2025-05-14 19:23:31,88cfca868957ff8c719f1d28b5c5903666fe0d6b52d2c009cf2175ff296ebbb1,896711,42817.0,1176.0,0.027466,1,4,285
2025-05-14 19:23:31,d442b6f9739f0f7612ba08e57de10ac2393053a8d3b98c99a6a738c37bc9e6b1,896711,217367.0,583.0,0.002682,1,2,223
2025-05-14 19:23:31,23d343f868225035cd13757846dcdda551b52ddf7f44fbdd2a9e1c66bc850596,896711,181898.0,583.0,0.003205,1,2,222
2025-05-14 19:23:31,f609ae497d1668ce91cc9dd4a8507682d25a69ec11b1fe3ce1d822e29d7fea8b,896711,191877.0,583.0,0.003038,1,2,223
2025-05-14 19:23:31,ef2acea3183c2442fce5e802a925035ceea6cae197464a3ec82f117eb219f3e5,896711,38308.0,761.0,0.019865,1,2,349
2025-05-14 19:23:31,d46ef72c4b533e25e51c2cb9a8e94039b1d1cc461dc0e8cb8fcf31b8a3d6fa60,896711,200047686.0,2000.0,1e-05,2,2,675
2025-05-14 19:23:31,186d579d0359540a4861c9f99fb333bce4db86de677d2a33f8d9386bb752c21a,896711,178758.0,2150.0,0.012027,3,2,518
2025-05-14 19:23:31,65a0292260891263c118e66878827c6d9da86f7d6db10a519c9e69b228dc5afa,896711,278974.0,1554.0,0.00557,2,2,373
2025-05-14 19:23:31,1e40c6d10ed5f54fc653812d713aff8705059fdf0a971c0de3d23e5ca1b6744c,896711,303248.0,1554.0,0.005125,2,2,372
2025-05-14 19:23:31,8bcdd34087da691f54b01a1859aacd2ef1c82cf5f906ae0658965cf4fdf52b5e,896711,22720.0,2014.0,0.088644,3,1,482
2025-05-14 19:23:31,31138cdd98161ec5baa0dd48c8976a3471cc5c9ec458c80f6c1c78c7a7a5edb6,896711,1952922.0,924.0,0.000473,2,2,383
2025-05-14 19:23:31,61786d68611ab69a26c39ef522a0c8d3fa29d768aa15458ec1ccb3ea23471968,896711,46539.0,988.0,0.02123,2,3,367
2025-05-14 19:23:31,5c40b66049c50a9189f55b4f29d37b35a0c9afd8a6fbc24e38724024bd35c839,896711,47527.0,988.0,0.020788,2,3,367
2025-05-14 19:23:31,7a6fa4dadcf7994248db619da7c9ac495231e1a595d5465004714ee9164ff180,896711,234698.0,1554.0,0.006621,2,2,371
2025-05-14 19:23:31,296e4ed92b65388ebaffbf73a320cc1c3078ac05fe7869dfbf6bd59e31ec3100,896711,12352.0,704.0,0.056995,1,2,249
2025-05-14 19:23:31,6c139016277039daf599046468f9f31f70034f802f710d91cc258804f2f71546,896711,688429.0,1875.0,0.002724,1,2,237
2025-05-14 19:23:31,8d16fa3ae8d749e656e07de11bfd832ac466525d9190e6c24d48490ae032829b,896711,690304.0,3531.0,0.005115,19,1,2076
2025-05-14 19:23:31,206c069d3882e5951a8992a273a875b96419a0b052feb49c8039c4f86a398eec,896711,451877.0,830.0,0.001837,1,3,279
2025-05-14 19:23:31,ff5b90f44493742ea449344659ba56d67b9bb291548f7b19d74b3471059bbafd,896711,642761.0,592.0,0.000921,1,2,222
2025-05-14 19:23:31,99e3da95a05ef62583a6b7c7f175c081eeafc94e149ac22b8f48afc08b489e88,896711,134516.0,1554.0,0.011553,2,2,370
2025-05-14 19:23:31,0631104c26ea0dc219ad72cacda2ce7d45e2ae0ecac111d2773f241b7cf22041,896711,14362206.0,605.0,4.2e-05,1,2,225
2025-05-14 19:23:31,cf7f224ab6c2c4392edd90a2933b468a17821346a69d0d1e363235747a518ef8,896711,17973746.0,677.0,3.8e-05,1,2,223
2025-05-14 19:23:31,f23c4164da39bfd538c7b2110ca0a9181fd317aeef2c23a942d011204bd39071,896711,17980506.0,508.0,2.8e-05,1,2,223
2025-05-14 19:23:31,db5f4823823d05052dffa8ee8da7750c42a1250f470aa78be8fb81982dcb777f,896711,51956.0,588.0,0.011317,1,1,215
2025-05-14 19:23:31,bfaf3e5d1cb63437ea7b28763e62fac61781f82de1df0859460fc4b9276765aa,896711,7007889.0,576.0,8.2e-05,1,2,194
2025-05-14 19:23:31,3230bf1cdc8d73871851e92086e187edc382eab65b265547a979020e0dcc78e9,896711,518084.0,643.0,0.001241,1,2,235
2025-05-14 19:23:31,295a79cd6a1a141e680e0c12aef5d6d1fb5eadc944b397341ad89ae5f2bdebcc,896711,530648.0,643.0,0.001212,1,2,235
2025-05-14 19:23:31,25ea84087151c9ed08a32837e222c87fa52673db2d21f2fc98295883efa018aa,896711,11945671.0,643.0,5.4e-05,1,2,235
2025-05-14 19:23:31,a6a25ce56a17262386a581bc00ceb4ddb9d3a73f9d5d302fd7357efbf1628c6e,896711,13863446.0,643.0,4.6e-05,1,2,235
2025-05-14 19:23:31,7001781bd0e5f7b980115f8b8b1747895da646dc8460c4d8d93a03a19be3cf76,896711,756114.0,513.0,0.000678,1,1,204
2025-05-14 19:23:31,27cee067dcd8b6f754aa7698680255b8cbd6d40b80e915484f3e37a7da94535e,896711,160563.0,513.0,0.003195,1,1,204
2025-05-14 19:23:31,d7d424c7ab1fd21c4f5b9f20519901c2eb88bd7ad7b7b09e54da2dbc1ed9bf07,896711,70043.0,1554.0,0.022186,2,2,369
2025-05-14 19:23:31,04b14fb78115ce442049f96d801ab78f4a9bdfdae302ac97d38f39ace70e0eef,896711,2224044.0,734.0,0.00033,1,2,235
2025-05-14 19:23:31,905aff95b31a160ad79d25fe2e893c856ca87e212f8410b3ea7ee802a9d0c587,896711,2239268.0,734.0,0.000328,1,2,235
2025-05-14 19:23:31,ac4ba1c9a777673b65e0d8a6c2d271f505ea04bb566e055ab8c483e9dd18a7c2,896711,2340817.0,551.0,0.000235,1,2,234
2025-05-14 19:23:31,06e314b255969e27ec72f8818d2153ac5fd3a719fb77bcfa5302dd2467b49b11,896711,2359625.0,508.0,0.000215,1,2,223
2025-05-14 19:23:31,fc53c6e6e1537e92b9b780f8c351505650dd16d01d895d9747b4c7f09da76dbf,896711,80765.0,940.0,0.011639,1,2,223
2025-05-14 19:23:31,0052553321e6ebd65b017549e7a16c9291e4a80b6896a2829693f89ffda67564,896711,948812.0,940.0,0.000991,1,2,223
2025-05-14 19:23:31,c04420066cfaf7b4f83460af1877b2e8d2641442590539d4f74bb71d19cd0e63,896711,60816658.0,1172.0,1.9e-05,3,2,521
2025-05-14 19:23:31,e20b2b6668c499f32c0ae4e30dacc8a67ade1cfbe3e9f889654fef08600ded0c,896711,193204.0,561.0,0.002904,1,1,194
2025-05-14 19:23:31,b3a01e3a4fe4ead16b7416f5ce55f2da718d0be73128b89cba34363a6a7ca28d,896711,2503327.0,510.0,0.000204,1,2,223
2025-05-14 19:23:31,7d1dd1a9c0ee824192e4ed46b947ef01c03cffc650a204aacb3047447b4a7657,896711,7243574.0,3311.0,0.000457,5,1,782
2025-05-14 19:23:31,a5275a86b279328c5962c760cf1dc089d4223f4a874245021e981c8eae1e7b5a,896711,485062.0,848.0,0.001748,2,2,300
2025-05-14 19:23:31,9531023c6f060b853f1b5db592e4380694c02d46821b7ede77eedb5692d0a082,896711,1334062.0,616.0,0.000462,1,2,196
2025-05-14 19:23:31,93d549113474e0b0606b36bca9060765892f0dbf563d12810b5c5d4adbd6122e,896711,4387265071.0,1360.0,0.0,1,5,320
2025-05-14 19:23:31,de1cdcd1d1917f5df5deae21b35ef12c42993751326e1ded71d03e42d8815417,896711,147877.0,958.0,0.006478,1,2,225
2025-05-14 19:23:31,2ebc588c7da255c0fdaece6006f411d6f18f0d85bda287007d07ec6c3ec4820c,896711,3501392.0,830.0,0.000237,1,3,254
2025-05-14 19:23:31,3a413f5a611bae6d548ccb453befb10c829e343df4f8321fdc4661e5f5e8e5b2,896711,3678373.0,508.0,0.000138,1,2,222
2025-05-14 19:23:31,5e050bc885d9ef19329fefea8b3f542b03b5c1e03c7a49da665c921fda798859,896711,9054.0,708.0,0.078197,1,2,247
2025-05-14 19:23:31,313cf08e73291a0adc24a93bc819436c50dc4f3e4f4e5cf33738865e920008cd,896711,34500.0,761.0,0.022058,2,1,341
2025-05-14 19:23:31,a06ac047bbb91bb1a2ae7bed10ee06d9570954c1556ca95e64d762ea030dd07e,896711,63777.0,958.0,0.015021,1,2,224
2025-05-14 19:23:31,1494d6d9b0016763b8f34d24899e02177e37870b0a2d2065622921d87a57b7bc,896711,200153.0,852.0,0.004257,1,3,281
2025-05-14 19:23:31,1761a58bacd5aa3123d0d7447ec7cbb8c9274fa76301d0e1875087eabe1bed49,896711,2630468.0,3092.0,0.001175,10,1,1529
2025-05-14 19:23:31,27b1d7c997df0c94e88fc208e837753563692bcd688fa7c30f9d3aee5b60d2d4,896711,119153.0,604.0,0.005069,1,2,222
2025-05-14 19:23:31,9464d936058aae437da79eb66e48befd3b95ef980a7241c9f516bfe8cf9fd189,896711,148996.0,604.0,0.004054,1,2,222
2025-05-14 19:23:31,e5dd1f2f4df03f825963b9a7c758d218a126917bd05bf854cd753348cf5f9b7c,896711,101574.0,604.0,0.005946,1,2,222
2025-05-14 19:23:31,2145a879ee1b09fc9ffe36b9c365cf63319210b1cc5cd3adb43fa887125ca843,896711,212940.0,604.0,0.002836,1,2,223
2025-05-14 19:23:31,944b5b1ef4037533088a8f7846363a0a97075b0d6aa3264f96f6de2146d7f705,896711,154154.0,604.0,0.003918,1,2,223
2025-05-14 19:23:31,f159eaecbfde6b3c00284d11597d2e39d605e63fb0918e5c565abd59ef5086cc,896711,3027884.0,3092.0,0.001021,10,1,1530
2025-05-14 19:23:31,473006c65fdf8f12f232644e5579ee3db028e8f5a4ca6ce92c0454f013f4389a,896711,7881.0,708.0,0.089836,1,2,247
2025-05-14 19:23:31,5a6f4ef32a98903b71c2acd3b57e2cf8ddb89854d7cce66e8b8a93ce6ffe5c66,896711,175632.0,708.0,0.004031,1,2,246
2025-05-14 19:23:31,4dc97cadbb0fcc97abc6a01bb3298c3643881b90fb95b640433cd81cc14a30e9,896711,35996.0,958.0,0.026614,1,2,223
2025-05-14 19:23:31,ef0f0d4cc5d0001bcd55871ebe28fa6aa3331258f543efd689a43fa15024fadf,896711,28087.0,958.0,0.034108,1,2,223
2025-05-14 19:23:31,35b6e2432d1627c9edf61ee9d5546cd82fb3dd09e503472a569540b7d4ccd742,896711,302281.0,958.0,0.003169,1,2,223
2025-05-14 19:23:31,e3b0b2f8a05dc48ed843e19ef913e19d00aa2cf2c05707eb8e4d1bafce731d1a,896711,339871036.0,955.0,3e-06,1,2,222
2025-05-14 19:23:31,23c01d83c80c6db3ee6fd5d666a51f2b6c5e4758568eebcba42f33e30bf5c919,896711,303553.0,822.0,0.002708,1,1,191
2025-05-14 19:23:31,35111554e9148c7aa1bcd185501efedc561672052257949687ddaece0d791e60,896711,930475.0,616.0,0.000662,1,2,194
2025-05-14 19:23:31,85042ca073f520ef28ae1361dede0fb681514a8d11856f3abdcadabb096dc144,896711,426042.0,958.0,0.002249,1,2,222
2025-05-14 19:23:31,60af02bd9eb9addb67b7ffb98053a00c216e7a4355f6b08a9930d8a7b6721fa4,896711,24667370.0,1140.0,4.6e-05,1,4,345
2025-05-14 19:23:31,85184c378ceb320d67bfb51ad474436a2c7c9578dfa5a020f1d3e594d0bc9d7c,896711,46401.0,1033.0,0.022262,2,2,372
2025-05-14 19:23:31,da0da6cd086e967f6d38b120fd967d7bcbc56282d1ce799671c1b7f827aef114,896711,69996381.0,619.0,9e-06,1,3,254
2025-05-14 19:23:31,5a78866fafe8824385a14acc3eaf91b822da61fd260bd2e095737b1b7303328d,896711,14396105.0,914.0,6.3e-05,1,2,226
2025-05-14 19:23:31,34ed8c14116cb02c2737ffd8c837e7334eebcaf3d5f83dfcf7788102ffe65d84,896711,14590303.0,322.0,2.2e-05,1,2,222
2025-05-14 19:23:31,9dd64f84b49d182e448b243517d1765edb3aa6b0da7e9a011a56b9a67701ae8a,896711,3999388.0,612.0,0.000153,1,2,222
2025-05-14 19:23:31,44fb4af9ee6f6155c3c83081cbc4df5b5b052fbf92d67e1f5fafc56b5ff7f884,896711,776714.0,975.0,0.001255,1,2,223
2025-05-14 19:23:31,c9d15ff3ed2b511d4ca52b5163b1019fae5540793f934a1a2bbebde85c9d956a,896711,2706590.0,975.0,0.00036,1,2,223
2025-05-14 19:23:31,9d497ccc8e41699b22515259585782fb64f896f247392d3d6c45de5bf5454b72,896711,10234900.0,617.0,6e-05,1,2,222
2025-05-14 19:23:31,5e6bfa0e673ba8e71c1b91b4873a9aa0076605f4a8b001bce89186d62b6d695a,896711,3130605.0,702.0,0.000224,1,2,222
2025-05-14 19:23:31,6b5dd59e955ade33baef26e9de13d03a77ea918a65810164d2f7d21b4fd5bbb4,896711,4097537.0,830.0,0.000203,2,2,371
2025-05-14 19:23:31,f05eb252e4ca90dbb180d5f9bacf4bd7eebd91349732ecbd6f5a19619bd4f4ea,896711,465647.0,929.0,0.001995,2,2,374
2025-05-14 19:23:31,41e243327a721326f38e50d8f3fe5cbd4771970f1fae8b05893582dc553053c9,896711,908209.0,929.0,0.001023,2,2,374
2025-05-14 19:23:31,c89e59ee05008a208fa7626573a1f43f2f22002498ce4fc93e1728771b6491a3,896711,515779.0,929.0,0.001801,2,2,375
2025-05-14 19:23:31,11f14f51bf47440061b7f1faf94942be5b339009f5e67678351c8c5b167b399a,896711,2765598.0,929.0,0.000336,2,2,374
2025-05-17 09:37:04,f2ca63842f828628a41f3e8793fcdc43cb51704262b5a075c5fba675a386024c,897084,341220.0,641.0,0.001879,1,2,222
2025-05-17 09:37:04,d38dc32496444409e2a8c9f1a03a8980961755c8f67bf21834a28419ee96c852,897084,171231.0,1360.0,0.007942,2,5,431
2025-05-17 09:37:04,2d329a85c5dd83356ff5defcd36871668aa4e7809996afac6838ecd7df33c2a2,897084,1777424.0,952.0,0.000536,2,2,371
2025-05-17 09:37:04,4ef66c1ad5fb6e53901dda3d814c213655988de06a5421a516fefc6ca7d715f7,897084,64144.0,643.0,0.010024,1,2,223
2025-05-17 09:37:04,87bd469913c306f5417e1362f91f49bd472ece3a6b1fcc65c5d1c4780c67ebf5,897084,189491.0,643.0,0.003393,1,2,222
2025-05-17 09:37:04,36d3fbeb52ab608267ac78baf4af345b3d894a59f907ffd216956d8f029427f4,897084,617527.0,643.0,0.001041,1,2,223
2025-05-17 09:37:04,be672d235cc266b34a4fc0bd2691cd19ebb71fa145bd48e68278e52738124af3,897084,988757.0,643.0,0.00065,1,2,222
2025-05-17 09:37:04,5b68b7b63cef647bd5382521177c5c9c241e923e482fcd92927137c2ac55b8ee,897084,578678.0,643.0,0.001111,1,2,223
2025-05-17 09:37:04,0c8308cd29da7afe3c50687bd769574d229928b83702358ba062f700aa3417e5,897084,131320.0,643.0,0.004896,1,2,223
2025-05-17 09:37:04,1f6045e6f8a46c3d299646d1b319ce8e0d4cb9e275713e5602209460571d33d4,897084,192591.0,643.0,0.003339,1,2,223
2025-05-17 09:37:04,b5d6c6d593d1d14be80b1b5438274a308f4a6dde5f60b5a52ff7c1064d0e9bd1,897084,65701.0,643.0,0.009787,1,2,222
2025-05-17 09:37:04,44801ca4d726f665b6155649725a2bf3abe4e875fd357dc7fd1994bdd37b64c8,897084,281928.0,643.0,0.002281,1,2,222
2025-05-17 09:37:04,2dbe2712b98de41e9c8afeea0c77ccb26b5ed1fa15a05d5b6b2271acafa43ec8,897084,27857.0,643.0,0.023082,1,2,223
2025-05-17 09:37:04,ae58524ca2bae160a89803353fe1528565e5b9460a2684be822d669d20a755bb,897084,156021.0,643.0,0.004121,1,2,223
2025-05-17 09:37:04,b38c8c03a49d70e0e68988744e17a6bc2daab0bc28efe757472b19fdf3bdb2ba,897084,715392.0,643.0,0.000899,1,2,222
2025-05-17 09:37:04,147600a8c1009a6f8d16290af65545557a73bb2fee97154134c79d8a07c365b9,897084,240915.0,643.0,0.002669,1,2,223
2025-05-17 09:37:04,7d52d71de9d952487070681b7b59fedcfe51509e5fc34a21d68b093d5e2325b9,897084,135846.0,643.0,0.004733,1,2,223
2025-05-17 09:37:04,1d74baf9a4df1ad54165f1146c86e712fce021b13c753b1ac916d157a83406af,897084,387846.0,643.0,0.001658,1,2,223
2025-05-17 09:37:04,c082f9afe944df76e1384c43dea50d9f37df29db05bba7c39be9f5a23c85f2ae,897084,58584.0,643.0,0.010976,1,2,222
2025-05-17 09:37:04,a8ed2426098688834fdbd2b4b92de52904ab77840471c97013b5c3269812eca5,897084,147017.0,643.0,0.004374,1,2,222
2025-05-17 09:37:04,d32833940ca9b95209e1a4ade17e0fd464ab8a9d9fa80aff36cb5f68884faaa4,897084,35972.0,643.0,0.017875,1,2,223
2025-05-17 09:37:04,22dd2f6459f9a9c861cb0b3001bd8945b56e346f3511e794bb6127cf00196fa4,897084,250201.0,643.0,0.00257,1,2,223
2025-05-17 09:37:04,e6aadbfcceb19f2e649814b69c5f3ff99dc4aa2c16e506bc367d0bba9aa288a2,897084,916528.0,643.0,0.000702,1,2,222
2025-05-17 09:37:04,a1e2fa34fe524a76809aa240000b5a7d0b480fd3c0c29d9517780e23e153c193,897084,58337.0,643.0,0.011022,1,2,223
2025-05-17 09:37:04,5c60e82e686a3711d4417141ebcb7a9496734d9a2b5d73489aa3af6a5fe77a91,897084,9169277.0,643.0,7e-05,1,2,223
2025-05-17 09:37:04,b47fb1683391e08c7c1fbd70c592d90ed7b3117fe2fc23a8b255cc6d51b4508d,897084,116948.0,643.0,0.005498,1,2,222
2025-05-17 09:37:04,4b500f6857c3b3d433987bbe4b8542f670ab4f4557dd8af1f5b8d7e26626658b,897084,1065805.0,643.0,0.000603,1,2,223
2025-05-17 09:37:04,3f013a3c41c2012b832cd855b1e9b65fde963bd3666e07aeb5e3fe61de13388a,897084,250173.0,643.0,0.00257,1,2,222
2025-05-17 09:37:04,8dd41c96b8c4282c31b54e39a051808a22c8138a93cb7f2a88725b252117a27b,897084,1576673.0,643.0,0.000408,1,2,223
2025-05-17 09:37:04,de96837be10621c480a051ddf258539e5bc19102153de3ebd4bd90613054bb60,897084,48623.0,643.0,0.013224,1,2,223
2025-05-17 09:37:04,438064da69cf0b15f440c3a092cdff44fd3388f323e348c49b14e9e0a644c25c,897084,83487.0,643.0,0.007702,1,2,222
2025-05-17 09:37:04,cde14b0c2b5fabe7127095be12bf4284e2b94dde325be3290598e3194895bb58,897084,172047.0,643.0,0.003737,1,2,223
2025-05-17 09:37:04,12d953615822a5d20cc6f55d2ee0da99515f8fe375966e8eb63233b53dd30250,897084,1044221.0,643.0,0.000616,1,2,222
2025-05-17 09:37:04,0ec619a3de86e2d5c625631b669fe83d45d54706de119f08cc22bec4170b1d43,897084,1126692.0,643.0,0.000571,1,2,222
2025-05-17 09:37:04,b196f6633efe301ab78a7195ff98c665eb354d5e04e095ce920f1d811921b642,897084,369209.0,643.0,0.001742,1,2,223
2025-05-17 09:37:04,42de6b01c5168b93f428b1b5433aecfaba52f50ee56507e5b00a7cec95b29a34,897084,31311.0,643.0,0.020536,1,2,223
2025-05-17 09:37:04,9395e99f9e00c676dc7ca5372ce63eec50ace5d547a07528057d0e6fa542c231,897084,543456.0,643.0,0.001183,1,2,222
2025-05-17 09:37:04,83ab002186bfa2e2e0659b6badc9f136d8d0ef6a3134c8ecdec4a54bcc7b4322,897084,1014732.0,643.0,0.000634,1,2,223
2025-05-17 09:37:04,e9410da0efa4d680eaea925d4b24de6a3effbda47d5e2b76756658c0c2b8971f,897084,871328.0,643.0,0.000738,1,2,222
2025-05-17 09:37:04,4d2895e764153041b48451bb9da7621e28008208f4b317de7922a47bb6d6311c,897084,35779.0,643.0,0.017971,1,2,222
2025-05-17 09:37:04,c94a5b13e7d6788c8f8a89c1db94cfa2c2deb57f9dcdd4bccb2f8c926d8cb419,897084,38705.0,643.0,0.016613,1,2,223
2025-05-17 09:37:04,97b7aaf1c36114ddf5c93ffdac8af1767c660f86978db48c177fabc0d4853d17,897084,86842.0,643.0,0.007404,1,2,222
2025-05-17 09:37:04,ae73ef9af880d6835f14aca69275fbdd81a138dc6576c3191490802f663fb515,897084,240981.0,643.0,0.002668,1,2,223
2025-05-17 09:37:04,e3513525db6aad9382cb4df4adbe17080f2d905fd22578c0b839651c52b4740c,897084,1278495.0,643.0,0.000503,1,2,222
2025-05-17 09:37:04,65e01f0e5c19f007752042c8a8f7fc316cdcb77faeb8f0bd716b28106399f102,897084,322358.0,643.0,0.001995,1,2,222
2025-05-17 09:37:04,6f03db5bcc5ed23484575268b875e84628f951e07af49e185f3f766c14170bc1,897084,6359306.0,1733.0,0.000273,1,2,380
2025-05-17 09:37:04,1915221321d531feade54b65083b3044db1630b619d5565b6c52f7d70c41304a,897084,357158.0,1017.0,0.002847,1,2,223
2025-05-17 09:37:04,ff5b2d15a1ae212e9f03104e85dadb505a0317c6f857d84bd611523be7af6c66,897084,109688910.0,3430.0,3.1e-05,10,2,1559
2025-05-17 09:37:04,b73fb10c6b1164d537f8685d2fbcb6687b05eefaafbe29c6a5c9d658c0d1175c,897084,149464.0,1985.0,0.013281,3,6,618
2025-05-17 09:37:04,60e76c897a317dfcb50b6167b946da9a528589500a0bc40912ea756b19af37e9,897084,94630.0,1014.0,0.010715,2,1,269
2025-05-17 09:37:04,0413ef4010f46b41af35b6c3d0a640f8efab6a8193b55d2bb168705db064398c,897084,183372.0,462.0,0.002519,1,2,205
2025-05-17 09:37:04,51bd88b05f8bed6238e91203bddfcc6d172b2d22460c7f11d64636d36ca3f7ac,897084,79497.0,503.0,0.006327,1,1,192
2025-05-17 09:37:04,981175a7033d4509546d8ade8b4fdfb045e1cf8f115c2349699d64841486efb6,897084,38124.0,513.0,0.013456,1,1,193
2025-05-17 09:37:04,0c4b060019a169a905f1b3580ae230148a6736b87350cdbbcd0fd05b89ecd55f,897084,328542.0,643.0,0.001957,1,2,223
2025-05-17 09:37:04,ca39830434c312858914f214828448ec12f812b837f7f073fed5a983ee1e87c6,897084,9662065.0,678.0,7e-05,1,2,223
2025-05-17 09:37:04,5d2a1229716b9b7e9a069753988fd1c096bea7328b68fd7affb8e0302a924167,897084,70471096.0,929.0,1.3e-05,2,2,372
2025-05-17 09:37:04,00bbfa37ac93355bbead43e89ad8d6d6410c1915b01f526c8ba20c098762c86a,897084,546.0,736.0,1.347985,2,1,260
2025-05-17 09:37:04,9af08888c9f9af85dc3a93bfa997812df47f5833c295882fdb79ecdaaff6eb64,897084,1971597.0,704.0,0.000357,1,2,234
2025-05-17 09:37:04,993a4445ee5460fe9cb3eae6740bcdb25f85558cfdd04a9924512dbaf5aa1bed,897084,16694091.0,649.0,3.9e-05,1,2,222
2025-05-17 09:37:04,d676c6b4c26893e7a7e75b368d3a8fb3dab2834ddbd66da2f58681fea7f95318,897084,6552.0,3402.0,0.519231,3,2,407
2025-05-17 09:37:04,95622cc86cdeb992540018b8bb4928dc192b596e97f7da2cd94942f263fa7e7f,897084,377934.0,254.0,0.000672,2,2,313
2025-05-17 09:37:04,04c147d76061fc11610d6fa3005c8194f39f085a0c7eabb8873c42974e537d0d,897084,224949.0,240.0,0.001067,2,2,301
2025-05-17 09:37:04,6f2f55311ac15f594507231914882bfffa3e2df7ccb31eab4b1f84793a1946bd,897084,1093535.0,286.0,0.000262,1,4,320
2025-05-17 09:37:04,6300e200f5e25661049ec77e56eb1b300645873d2c0551c3a2f96411d56cba10,897084,1228097.0,705.0,0.000574,1,2,234
2025-05-17 09:37:04,97e7df4adf9613af512f0b0abd8998da63d0b80cef076f27a062ae7631b821bf,897084,8536393.0,780.0,9.1e-05,1,2,237
2025-05-17 09:37:04,8b20b2f3a026e802e6be60fb61f3f18d39b36ed251b8bb5d4da41e318d602eee,897084,8654116.0,655.0,7.6e-05,1,2,181
2025-05-17 09:37:04,705d9126c76977e26b4f0d9ecad0d01a32f909528e2a75ed5ed281ee1d1a53a6,897084,8767681.0,765.0,8.7e-05,1,2,234
2025-05-17 09:37:04,419aa2e558ea0db9a7de8ed85267bd1a09362f35e32d5a53d94d06fc13bafc98,897084,8905552.0,524.0,5.9e-05,1,2,181
2025-05-17 09:37:04,493c9300bb67db9be83c3ca41a2a06e7cc23f8d60f1237ecb51867bfb998cc32,897084,9372955.0,612.0,6.5e-05,1,2,234
2025-05-17 09:37:04,a61dd67aa95e10eab367984d1c72c0520ca7023a5f7ab698e38b5499f20858df,897084,1115248.0,707.0,0.000634,1,2,234
2025-05-17 09:37:04,e0ec43d974b1c3b90be554ec52d10cf1486ebfe10ace89aedfd500480229d59a,897084,578207.0,513.0,0.000887,1,1,193
2025-05-17 09:37:04,f2c3d636c94b90e51626bc2b8e3e9b1eb3785f46d9c7309588f234f7176cb996,897084,393536.0,513.0,0.001304,1,1,193
2025-05-17 09:37:04,c579b354cc95cc14b9c17058806c5dc1072b804b86ee1c1c454957611b3bc575,897084,259639.0,513.0,0.001976,1,1,192
2025-05-17 09:37:04,bec00e6b51541fc00c2ace0a3c83dbf0c99de46aeb037b3b15352a569464e467,897084,3842.0,513.0,0.133524,1,1,193
2025-05-17 09:37:04,897f9c673152e216f80e5254b1c720d5b43888893ce6323304d92b4a6f7b4c60,897084,112207.0,513.0,0.004572,1,1,192
2025-05-17 09:37:04,c7b67d26edc2df8fee08605d97ebd1a9f3874750f7bdfaa270dcd568bd7bc34d,897084,96715.0,513.0,0.005304,1,1,193
2025-05-17 09:37:04,068f8c7cc902fe960906c23a4b4a6eda04f2852e2e7bb0ef3531d78923223138,897084,168487.0,513.0,0.003045,1,1,193
2025-05-17 09:37:04,79d61e5ceea21f62c0d04a301c8eda1258d3261a2f9eb9126292f072bd6f3614,897084,29944606.0,652.0,2.2e-05,1,2,222
2025-05-17 09:37:04,47f14c5a85aa1e997c8439a683f7074ea778b6d6cb0a832ffce6aec778fe8bce,897084,769253.0,1060.0,0.001378,2,2,312
2025-05-17 09:37:04,9af4d2e2d928546d264bef610ea38e9e92a8c44f0cc4aaed4a66125888572822,897084,546.0,736.0,1.347985,1,1,330
2025-05-17 09:37:04,9b09a6a75fa2c8409993798812cd6c8c74a68053321bb24d1feac5a33a63c069,897084,771049.0,616.0,0.000799,1,2,205
2025-05-17 09:37:04,6a79d92bc14b32dd1b85f7bcf22802f0a624b18032ba488257a145be1fb2d34e,897084,211990.0,1033.0,0.004873,1,2,222
2025-05-17 09:37:04,00452c2b769a5193d3e16c6f192bc15184998db818496647e160bc38d6beaac1,897084,942485.0,3095.0,0.003284,4,2,665
2025-05-17 09:37:04,756d7e94d562a175f87f0fd0cfad2d86b562b688bb36fb455b85e272bfd6209e,897084,14602265.0,677.0,4.6e-05,1,2,223
2025-05-17 09:37:04,2181fc0aae8f46c386e6dab3f4557776c5d6e29c7814a5853abf8c5d5055193e,897084,14852123.0,677.0,4.6e-05,1,2,222
2025-05-17 09:37:04,06ec551501b1eb41b34ecbb0066d1ebc72e6faf7bdd6182c9bec6bbfc42bc76e,897084,15043152.0,677.0,4.5e-05,1,2,222
2025-05-17 09:37:04,0a7373d1f5a234d932121252353e5dbe830497defb27510f471b70c448d75787,897084,15568549.0,677.0,4.3e-05,1,2,222
2025-05-17 09:37:04,5874b9a4e871506d569c0110cee52b05b35d5dceee6464d9c7b015e923c18f44,897084,18722567.0,1015.0,5.4e-05,1,2,222
2025-05-17 09:37:04,04135773b5a5f728c538de6e87e0be7a208526d31c9c5a1d0fdfcc47d419b883,897084,18766858.0,846.0,4.5e-05,1,2,223
2025-05-17 09:37:04,730ed4f8c71617b9ed6e8015ab3d45d75832a44f9e5cf8b9cbf1dff0e13ee7e1,897084,23713181.0,846.0,3.6e-05,1,2,223
2025-05-17 09:37:04,3e1da71d2d495694a49b9aea6bc66bb86c43797a3fca79ce96f08a397c0face9,897084,23716627.0,846.0,3.6e-05,1,2,223
2025-05-17 09:37:04,0be109f0df1acb1a053e7be0403f7ca147881242984baab73f0825db4d64f7e6,897084,23738284.0,677.0,2.9e-05,1,2,222
2025-05-17 09:37:04,7043807c71db5b163da0d6cd4691ad632460057ac3d76784371f8f806f289a4c,897084,23821760.0,677.0,2.8e-05,1,2,222
2025-05-17 09:37:04,c2841b2ee2caedea508145f2645d0e9fcd55057cba74f58df1a6a6d83961ec70,897084,23846704.0,508.0,2.1e-05,1,2,222
2025-05-17 09:37:04,2a9d72b6bfe62ff5c9a963297084a51473c9d7cd7e55dc977b07fe667690652b,897084,24024730.0,508.0,2.1e-05,1,2,222
2025-05-17 09:37:04,5362fd9f42e854c394e008b7b301c51063fd0e3551ee8e4bab3306241fdeac4e,897084,24076403.0,508.0,2.1e-05,1,2,223
2025-05-17 09:37:04,a6c203333d1f75a865bc8868e68cad123acee5c57b5ab482109ea210c019df75,897084,24180503.0,508.0,2.1e-05,1,2,222
2025-05-17 09:37:04,acc90ca4d210ee3cab119aa3d2df3b4cc714b2c6e19b18e4dad90accee5b9c74,897084,25286938.0,508.0,2e-05,1,2,222
2025-05-17 09:37:04,7817f3a040c962a6308b5fe4db03d8cb9c5d265c8d29567d9574858645a3f6b9,897084,29187430.0,508.0,1.7e-05,1,2,222
2025-05-17 09:37:04,8ec1db3fd6b404ee6894f07684761d888707e5f212e6a311d2ce1f93a1cb3d11,897084,29320708.0,508.0,1.7e-05,1,2,222
2025-05-17 09:37:04,88a16c318dc13d9107f77a5f1ecbb64e82619aeebcdc772d044e5b1ebffd25a9,897084,7758454.0,1115.0,0.000144,1,2,222
2025-05-17 09:37:04,c11af5c6f8251e1386e5bcd2717cb13728fa8b193ab82d9d82947224578bf6a8,897084,80885.0,1115.0,0.013785,1,2,222
2025-05-17 09:37:04,abf827c1388e91bc219aa0b558caa488646174ec74968498f1b94096d217a7a2,897084,46965.0,1115.0,0.023741,1,2,222
2025-05-17 09:37:04,fa0395595ee5a1930fcef34d4855eb1a09a7124089d412787aa4510bfecd3e7a,897084,50366.0,1115.0,0.022138,1,2,222
2025-05-17 09:37:04,dc5fc2851fd1807d2fffcb8b2db96cadb3fbf441f2a25923cb9cd0753daf5e5d,897084,16279.0,1115.0,0.068493,1,2,222
2025-05-17 09:37:04,e067bb98c660cd58a79de1954352c3095a347021ce0ad5756168cd502c536357,897084,167885.0,1115.0,0.006641,1,2,222
2025-05-17 09:37:04,f258566dbe046a531383357b53219acf847e43f359b8db479b73aeb8f5c010bd,897084,1540441.0,1060.0,0.000688,2,2,373
2025-05-17 09:37:04,7ec56f1073a712869dba9205a6fc40b45bf2e27af03693d400b6eeb211f4b5b1,897084,1466905.0,1060.0,0.000723,2,2,373
2025-05-17 09:37:04,ef75c260060365f4afb6da8bf3e096b21726847ad5a3e9ac2412380d4a246d23,897084,112938.0,1060.0,0.009386,2,2,373
2025-05-17 09:37:04,5d78d8c04f0bbd75816faf4ad1428426c335195e1492bd277992a04f4d4562e9,897084,468403.0,1050.0,0.002242,2,2,372
2025-05-17 09:37:04,2ebbe0868f46715fc5410c004b8296f491815661f15f9a98277c4d97a3a18ed6,897084,150185.0,1050.0,0.006991,2,2,371
2025-05-17 09:37:04,a87cf2992d6b8e84f6f37850f3ddb1dbfe9ab70e6eacab66c4e2c82eab0f068d,897084,271223783.0,4200.0,1.5e-05,6,6,1976
2025-05-17 09:37:04,9cde236490f57cfb01756518ea9f0b8ea1d1d2b48206c1587b8393e453a069fd,897084,480668.0,1045.0,0.002174,2,2,370
2025-05-17 09:37:04,25380987fea34de0bc7a07746947a49ba6a73a8be933823df7ec442b63f25db8,897084,211465.0,1045.0,0.004942,2,2,370
2025-05-17 09:37:04,8d193663be7c01b20f45d09521fe6bae0f9180e9426c8ec0e73ef343b23d5d95,897084,53221.0,1045.0,0.019635,2,2,369
2025-05-17 09:37:04,9c3cf13f79be8ca1393de0615da054699355338c50164d28c04f2945ca98b93e,897084,568248.0,1045.0,0.001839,2,2,370
2025-05-17 09:37:04,c1e61573a538a0bc28af3064beac1a7f792524281e890a832b4a79023aeb99fc,897084,283742.0,829.0,0.002922,1,2,246
2025-05-17 09:37:04,e8a6019a3535a8fada6014fa7be4bd55fe2d6d4afb6ffa2bf8054c8d49a39374,897084,172676.0,3095.0,0.017924,8,2,1261
2025-05-17 09:37:04,8bb03b2302077151162f58b2db6e4c8667e85522f8ba763f62bb7b8972254370,897084,44035134.0,1010.0,2.3e-05,1,2,392
2025-05-17 09:37:04,7246eda73e7faaa59f92837402015a175ccd88dcaec814ef5e3a4ebf8ff0347e,897084,15921.0,1005.0,0.063124,2,2,300
2025-05-17 09:37:04,0da17e5affb1e2dbb6c67ee7cdb421d962833730d0f6d0ce5146633c7262df59,897084,3225579.0,950.0,0.000295,1,2,381
2025-05-17 09:37:04,580ad95c2af7d653cf8d9bb89a5bfede41cf647ae834c0eaeeabfdfdd9df69b1,897084,3234984.0,1010.0,0.000312,1,2,392
2025-05-17 09:37:04,6fae2cacfdb9da65a7c62c62512b105b4796e289274edf3294baab69d447bed7,897084,14494018.0,965.0,6.7e-05,1,2,383
2025-05-17 09:37:04,882c8e751e1f8799cdbb6b308c8a257723c771c8b7963934add85eb2bc0b4eb1,897084,100239879.0,965.0,1e-05,1,2,383
2025-05-17 09:37:04,84e0dc7b8fa0183e54896677f6374d6ded0f2cb830f33177aa06608a5470a8a9,897084,5289394.0,1925.0,0.000364,1,2,383
2025-05-17 09:37:04,fa1b59ecb3bdd9089010235113ee5c7b04e618e5c269b10d984abf5bee616419,897084,95492.0,960.0,0.010053,1,1,191
2025-05-17 09:37:04,b5ed7df3326f8fca4838e52add46bb83193a9dc532bf9dae137df37e2e4ac2f4,897084,120460289.0,955.0,8e-06,1,2,381
2025-05-17 09:37:04,d4e8f12930fe68d98f621f64ab00b6fdd8430dfe45d1ff5bee921a01e4ecdda6,897084,94327348.0,955.0,1e-05,1,2,382
2025-05-17 09:37:04,f7a2e62f9006523eedce42d86fdf0cd45872a4a8951f3d53673edfc84c3bb840,897084,1003102.0,955.0,0.000952,1,2,381
2025-05-17 09:37:04,c2b9de03a4b602c9f63d3d1832283f542ecddc5d2fd813ef59e652fe1fb85723,897084,19769815.0,955.0,4.8e-05,1,2,381
2025-05-17 09:37:04,4c15c57b7fbbd8cc16ba1294fd079555a791f94f389bfe0bca068f401ab9c618,897084,1211262.0,955.0,0.000788,1,2,380
2025-05-17 09:37:04,2864d39b4f1169f0777d8356825e08a7dfa1e0a04f75fdb28e8e48e9a33d6818,897084,45650684.0,955.0,2.1e-05,1,2,381
2025-05-17 09:37:04,1f690efb53e47570813a99d01ec567c3b87af1f951c6a4a5701cae595d4488db,897084,127010.0,950.0,0.00748,1,1,189
2025-05-17 09:37:04,59c5e9781a5aee0f854c2701c94969e2ff2d8f80bc2d4752050965ed78cf6ac5,897084,4531337.0,950.0,0.00021,1,2,380
2025-05-17 09:37:04,c74491eb7722e1f76ec793fa0bd5bc0669369d534652abdb73c999572c9475b5,897084,288448.0,950.0,0.003293,1,2,379
2025-05-17 09:37:04,1d276c9928cbd6816d463f49002e73063ebe204e6f17bae4819d8bb088faaead,897084,49669568.0,950.0,1.9e-05,1,2,381
2025-05-17 09:37:04,12d38c85b07bd076e734fb59a8b97e0dc53f19069e7e166e75f7efb24b9e098d,897084,33689672.0,950.0,2.8e-05,1,2,379
2025-05-17 09:37:04,288eafbc496149d24bfd2f9aadff23e1629af630ac4e200212480eb59bb05f8a,897084,35482985.0,950.0,2.7e-05,1,2,380
2025-05-17 09:37:04,fd5a72af42976f968faafcac5f76291d3a297236a69ffb7120cdd1267d25ca80,897084,126839490.0,950.0,7e-06,1,2,380
2025-05-17 09:37:04,46612ecd5b06a9bc5abf07fd7fd560abb364de917f393aef5ae47cbc0b2ee064,897084,26072900.0,950.0,3.6e-05,1,2,379
2025-05-17 09:37:04,d003e3a97510aec4ec64031d70180d8cb4d9837d0100c133b573021cf1978a20,897084,2150754.0,950.0,0.000442,1,2,380
2025-05-17 09:37:04,e55e4b9197843c7e8d1f39ff5cd09164977a9266efe02c5c57e3e9cf7c914117,897084,476285.0,950.0,0.001995,1,1,189
2025-05-17 09:37:04,a3b3dbfb714f2f8664bd28ecea4cb575fc549b60e726d0a358dfc8f7d7520517,897084,70536370.0,950.0,1.3e-05,1,2,381
2025-05-17 09:37:04,8fa716364256978e7a3ec6252678bce6475e464b7d4f4bb800923971cc1ce00f,897084,9317098.0,950.0,0.000102,1,2,381
2025-05-17 09:37:04,d309700d78185b600ba1be198c462e14c771b926d128565249ba7088870d8786,897084,217884978.0,15740.0,7.2e-05,34,1,5870
2025-05-17 09:37:04,d798a5259088f9afa5c108fd9c9dbcf2d047ff152339bc6f043d8cf00c9f6a4a,897084,1416782.0,1820.0,0.001285,2,3,742
2025-05-17 09:37:04,02574d0388e0dedf6291f68a3fb84eb7faca4bd42a1ef7be6b14ffbe56fdeee2,897084,59535.0,905.0,0.015201,2,1,342
2025-05-17 09:37:04,3f20578cdc4a6d34af4e583baf259d87de420492cf97166df01afa8ec95df41f,897084,237714.0,1071.0,0.004505,1,3,294
2025-05-17 09:37:04,7d31b737776de8bf1936e418e886e98bf50e1d22a1f40b3c304590402636be68,897084,386602.0,890.0,0.002302,2,1,339
2025-05-17 09:37:04,9c754fa370472e7643fe8cc33cde19048270d9bf7d6699eddba88ae59169ed94,897084,936349.0,3108.0,0.003319,8,2,1260
2025-05-17 09:37:04,7a991f3afe7c8c9039c5c42f2f528209a4fd98c80119c651f86cc7a786421c93,897084,556347.0,1700.0,0.003056,2,1,338
2025-05-17 09:37:04,3663f8a31acd724453b2553e197f11be9ed5c18e52d120c20640c9c239d99d47,897084,218387.0,4008.0,0.018353,6,6,913
2025-05-17 09:37:04,94eb1f01c84ac817bb2b448406f581f88c0745a755e27da93efefed9c22ff7ce,897084,349956.0,1590.0,0.004543,4,6,699
2025-05-17 09:37:04,7209d2c550b0aa94b7366d9d4e290a50562809ed58a324e1efef053adfcf26fc,897084,30476.0,1690.0,0.055453,2,1,336
2025-05-17 09:37:04,72518d79b3b6a2ec543bf27bd3468dc5e8939385dc0f5d4ff60f79023643630d,897084,10209692597.0,3594.0,0.0,1,16,761
2025-05-17 09:37:04,5cd6699a4a5d931672f10112d7e4df8f8c9f6fea0a5728970228d8b6bc259ab6,897084,20917367841.0,23120.0,1e-06,32,6,10706
2025-05-17 09:37:04,7ba25b890ffc1a472beb0c38feaafa617679e740a666657cbc56296277a2658b,897084,774685.0,1665.0,0.002149,3,1,823
2025-05-17 09:37:04,0877ff0cd800db00ad966badeb27f6343cfc7d77e002c55b61fc694f1133df49,897084,660094.0,1650.0,0.0025,3,1,820
2025-05-17 09:37:04,5b9bd6787b40772d60dc8994d76514517a1b8b50fc8fefadaa373e53e57b3767,897084,21267.0,961.0,0.045187,1,1,191
2025-05-17 09:37:04,eafda4e370df0de1d335df168a57cf7427f6b7d933e747e1881775bf09b87f83,897084,9409575.0,775.0,8.2e-05,1,2,205
2025-05-17 09:37:04,9c8c1a62765c8e887e36a707c39b3e7393fbb958cef2968a0ac977915752a438,897084,1517739.0,775.0,0.000511,1,2,205
2025-05-17 09:37:04,a0a23ea837537d66109f52fd2d57d71a8ebc511fc30f37ad071a991d3dec9e2a,897084,404030.0,775.0,0.001918,1,2,205
2025-05-17 09:37:04,4941e80abf0c2eaad89d60ff3659c23ff61452513679fa4c6b912a5c27c903ac,897084,536492.0,2215.0,0.004129,3,2,524
2025-05-17 09:37:04,bb51cdf63abf1e9fc198611b8234c979de5c6937be726333b5fb828a54938685,897084,1275337.0,1475.0,0.001157,2,2,673
2025-05-17 09:37:04,79c689c441ef03d07dabca9936c3fc50d99692a5c07df0b0924915f08dd3cc58,897084,6583308.0,1475.0,0.000224,2,2,673
2025-05-17 09:37:04,fd1f774a8f5ad976e08c5af180c243e72af98d802020372ea75e6ee1d17147f4,897084,3472698.0,730.0,0.00021,1,2,196
2025-05-17 09:37:04,831ae9a0e7999982760bd1ac27e8d8591ee2c92e967287f26e60afe604406bd6,897084,2255420.0,730.0,0.000324,1,2,196
2025-05-17 09:37:04,27214aac168010d353eb2c950eaa5cb3562b57b9184784f521e481982bd0bf4f,897084,4580398.0,730.0,0.000159,1,2,196
2025-05-17 09:37:04,44a562e53460beb493170f2084b7d042762e7d6f58ff52b877796e1fd24c71f8,897084,154430.0,1450.0,0.009389,2,2,370
2025-05-17 09:37:04,bec0a2f6ac7447caf30443d975161c526e52ffc42edd78ad322717bd330a49f1,897084,2991890.0,720.0,0.000241,1,2,194
2025-05-17 09:37:04,4be2dcba99491fdcdfdaab38393fc31937664d470f67a0127738564cefdfa8ef,897084,2147984.0,720.0,0.000335,1,2,194
2025-05-17 09:37:04,ab65ad3dfdce53bfea27d9487d1e55ac602c332337499915806b8d6332bfe9e0,897084,37113304.0,720.0,1.9e-05,1,2,194
2025-05-17 09:37:04,d083aa359785c78d3adfa4bb6f70d949249de95a61b76373bda4c8bb54328edd,897084,825239.0,720.0,0.000872,1,2,194
2025-05-17 09:37:04,17cac9ee92eaba76814799fddfd074bc91f069510ce313fc8bbeaa47ba6dd0cb,897084,2564905.0,720.0,0.000281,1,2,194
2025-05-17 09:37:04,37c5789313aab378a504391313022e526402e8bd2222e17214f35be0bb5c68b1,897084,169823.0,720.0,0.00424,1,2,224
2025-05-17 09:37:04,733af7745cd4d5e4e0c7d5917bbd8a03cbafe1c912c1e849159875f73519053d,897084,815001.0,720.0,0.000883,1,2,194
2025-05-17 09:37:04,01b724b72bcffabfe08648afda7119078e9cd2da037608a5914bd71175f253dd,897084,1306606.0,715.0,0.000547,1,2,193
2025-05-17 09:37:04,73a5420fb5992356625d38234c6bcc529c437b76fb70083093d5e68d4781a3b4,897084,3024939.0,715.0,0.000236,1,2,193
2025-05-17 09:37:04,bef4c6f4ad8a2aec9f16c9b367cf57f1fd525e07588d2cc27b84140f7d055d18,897084,5090880.0,715.0,0.00014,1,2,193
2025-05-17 09:37:04,8254d700bad6d844e2f3760078a07a72e734ac74a3265228e25fe6b7b9c0470a,897084,1513904.0,715.0,0.000472,1,2,193
2025-05-17 09:37:04,80289884c0da61a9fa34e70ffe8462fdc3e383bd0c42420df2818f796532bcf7,897084,84660591.0,705.0,8e-06,1,2,221
2025-05-17 09:37:04,f60f0bf82bf4c3b4ba2a975ec7753797e4d670e3e67f4958c065c5154da865b4,897084,377788.0,1405.0,0.003719,3,2,522
2025-05-17 09:37:04,ca6b3f7d122770e02b10479ee89693bc72f6f3777828204f3a1776f5baf0e956,897084,1947408.0,1400.0,0.000719,3,2,521
2025-05-17 09:37:04,323772f57c18cb5c776afcef33d8a133aad140b7eb0929fe6df12e6dd5a2dd19,897084,35571.0,1395.0,0.039217,3,2,520
2025-05-17 09:37:04,1ad50af9aae7f40e7dd3309b62386a13a71bdd03f91c2c8acf196b243ba8366d,897084,1062212.0,670.0,0.000631,1,2,184
2025-05-17 09:37:04,961a128c177ae43e9722e3495b04e76a1a0959d4954e9a01a2431a46b0dc37b2,897084,9999340.0,660.0,6.6e-05,1,2,182
2025-05-17 09:37:04,703e1ebefa778d0fcbe0e39fbee04daa4bc5980dcd56031a9893490aaba7d2a6,897084,28697159.0,655.0,2.3e-05,1,2,181
2025-05-17 09:37:04,9e891833e1b0e9f0ee754ee5198855cba25d7b6397b46401d510774ac9f17ba5,897084,3352667.0,3200.0,0.000954,4,1,635
2025-05-17 09:37:04,00607c1644e037cc9622d4aa997c8eb618e8244acbfb3dbb6323aaa0874e5da4,897084,25556.0,560.0,0.021913,1,1,162
2025-05-17 09:37:04,baeb1145189f139080f849e44e4594bee97af6641cc56d6ff95e35934dc48738,897084,24962393.0,560.0,2.2e-05,1,1,162
2025-05-17 09:37:04,fc95ef7c705af08601995517384ac22c10ae7e194c685436120543949c974628,897084,36998880.0,1120.0,3e-05,1,2,222
2025-05-17 09:37:04,47f1861b385877b9db06ac16a84665cee81bfdbe95595b6b4ee6d4515a2aa63f,897084,63528450.0,1050.0,1.7e-05,2,2,370
2025-05-17 09:37:04,e0f7ecabddd9e86b9757ae4e67f1b2eb9c21e498fec8273620dfc89b064ad8db,897084,1702711.0,1035.0,0.000608,1,4,286
2025-05-17 09:37:04,f7370960dbc74e6013e600e3f468a5836e052c1d34b2c85a015dde535e9db6c3,897084,3263109787.0,728.0,0.0,1,2,226
2025-05-17 09:37:04,68b20ab900648978860f3f52d98a81e1e105a1c4e2aed07c568c4b7f8d54d15f,897084,943326.0,728.0,0.000772,1,2,225
2025-05-17 09:37:04,5bc27882c6cd297d803ad6a15967507e633f824b26fe51fadbc5c8727f1fae93,897084,738050.0,713.0,0.000966,1,2,222
2025-05-17 09:37:04,7f1ff323a77edb08270a162bcc7b83ef7c3f517d2a841a744beae0ed633dda20,897084,7134910.0,35844.0,0.005024,104,1,15435
2025-05-17 09:37:04,1c4f57b5680b5e5d18d6bc8fb448aa167f3c57f01df9734080081c16b66afc9c,897084,150601.0,729.0,0.004841,1,2,226
2025-05-17 09:37:04,a7ccc121879e3764977c6dff5155d5a491ee0c5c04623307693074e475bf1f91,897084,58136175.0,729.0,1.3e-05,1,2,226
2025-05-17 09:37:04,1e5051a4e5522c638ee95a43911ced1054515db6c8bac253b6f434af10bf22df,897084,2042628.0,719.0,0.000352,1,2,223
2025-05-17 17:52:33,5ad2126c885490c66c3d4568d626aec9781e8d71e077541dcfc780cdb53eedbf,897134,572743.0,3277.0,0.005722,1,1,195
2025-05-17 17:52:33,299d179458e74bb905c43c5eb78b7c60fbab8ac16a7032e1492d5b607e05babf,897134,3614645.0,4437.0,0.001228,1,2,235
2025-05-17 17:52:33,ea22cfe3099cdc5d2e8d5dede31c6051413b44b25211f2a8a7b5a1216aed9bbf,897134,31810.0,3190.0,0.100283,1,1,191
2025-05-17 17:52:33,8235dcefdf2d2f02f5009d4309318fa87b6cabf071ec9e4def43f983348e71bf,897134,158911.0,4089.0,0.025731,1,2,222
2025-05-17 17:52:33,d99a6920859319b922765bb7f0c2fa20d08c030f77790b622f6b019c2f5e6bbf,897134,41568.0,3277.0,0.078835,1,1,194
2025-05-17 17:52:33,ab31d6697f79482872a076347aa5a46036b632adab7819c1e2926fc1096f39bf,897134,514288.0,4089.0,0.007951,1,2,223
2025-05-17 17:52:33,e5d9e73ccf022b0daadad3e8e1c92ad3dccf002bd8994db6c8316353b480fabe,897134,88857.0,4176.0,0.046997,1,2,225
2025-05-17 17:52:33,c557f8b7884e99272a9838f8230a40f0336489cd2b60b0ed3a900d6cc40fdcbe,897134,2825054.0,4089.0,0.001447,1,2,222
2025-05-17 17:52:33,66b568560c2a1199e17833abcf19f6fa485d4cad32439859f483b7686e50cdbe,897134,12462.0,3538.0,0.283903,1,1,203
2025-05-17 17:52:33,dd25fd348789e453429e7610cf1cf6ca6a7a16909ceb829e647a377617def8bc,897134,1816818.0,4089.0,0.002251,1,2,223
2025-05-17 17:52:33,863349fd4a85f97fb7c538dd52abdd28c532fc582ed3a9c40150088181060ebc,897134,286568.0,3190.0,0.011132,1,1,191
2025-05-17 17:52:33,da2a2e5eb15eebbcc04cd3c769844c086a7430c70e8ef5c7fed92182642327ba,897134,121384.0,4176.0,0.034403,1,2,226
2025-05-17 17:52:33,e1f1237e7cbc1c258f2f2ee9d258d263705f888130c45a742a9baa35181bf0b9,897134,813136.0,4089.0,0.005029,1,2,222
2025-05-17 17:52:33,a3dbd2de99f78ede4613dc6e491201d0f009c5ec25b604ae94539a3e11ad85b9,897134,42454.0,3277.0,0.077189,1,1,194
2025-05-17 17:52:33,a3297cd27fa80b5ba56062c1b3ee5bab4d4789bc7bfb90dab306abc09c8e53b9,897134,15723.0,3277.0,0.208421,1,1,195
2025-05-17 17:52:33,5c2309c4fa96969e4e778cb80d55ede5be966d35b168fddc36871d5b2db000b7,897134,1523.0,3219.0,2.113592,1,1,193
2025-05-17 17:52:33,ed703a16b8ca98f534ad5abeabb94d323fed82e4d5ce7564792b50baed3764b6,897134,449797.0,3277.0,0.007286,1,1,194
2025-05-17 17:52:33,d45194923184842c21d26b60be86b302b6cb5d7b3050a803ffbdcf440a0593b4,897134,55876.0,3277.0,0.058648,1,1,195
2025-05-17 17:52:33,39a4b0cf3684a311ec348abbb94ae82e03cd9e98cb0d0e8af920c905289fdab2,897134,136965.0,3190.0,0.023291,1,1,191
2025-05-17 17:52:33,eb760a0baab64bb27a67c3d6962d93dc5997c09310875a79aae3bffd0fb9c2b2,897134,1305694.0,6148.0,0.004709,2,2,374
2025-05-17 17:52:33,be214e511d25500481021804162e11b04e7626d9909134f58487b111b46b4bb2,897134,1887708.0,4118.0,0.002181,1,2,223
2025-05-17 17:52:33,5b1ac52c7c866d877e88e9d0e4d31d6f7f54df73527767e7c85ede97d2df23b2,897134,87546.0,3277.0,0.037432,1,1,195
2025-05-17 17:52:33,dbb6ae374e78cfdb5c214edbe8ad6a78976f8399fc3dc4fa1b134b2c2be2e0b1,897134,803810.0,3190.0,0.003969,1,1,192
2025-05-17 17:52:33,d3543db8f9d6f29aa645a204c10cf7d5907b452cf4e630419cf28556843dd7b1,897134,103968.0,4089.0,0.039329,1,2,222
2025-05-17 17:52:33,df38d385904733d3fe499a9133d7f8598d6135559e7c24ad15b62e4c7ad168b1,897134,4772206.0,4089.0,0.000857,1,2,223
2025-05-17 17:52:33,b2a11691d7a61ed43b87075dfdf0084ac9fb6acc389a445d6c9fbc2b32f47ab0,897134,278378.0,4089.0,0.014689,1,2,222
2025-05-17 17:52:33,aa44bdcaf881bffd705c6b993db803b9a053e558f38427f156ba7ad6329a00b0,897134,1210056.0,3277.0,0.002708,1,1,195
2025-05-17 17:52:33,5581569085b83807d8c6541fc995fbcfc987e85fd439e65638a62e5e9b2518ae,897134,74301.0,4176.0,0.056204,1,2,226
2025-05-17 17:52:33,bee3677199916568ba106fd1285989869040e1a57a2eafc1c88eac5137cbd4ac,897134,234529.0,12064.0,0.051439,5,2,821
2025-05-17 17:52:33,2012156d1c69ebb444a0d9f2f67c74a2e36e682e0bf955781ea1b70d68be99ac,897134,112681.0,3219.0,0.028567,1,1,192
2025-05-17 17:52:33,3da71f728673f3bb94dc1c1a96bd1b3c9cda31881c3376d6338015dd753667ac,897134,297355.0,3190.0,0.010728,1,1,192
2025-05-17 17:52:33,944ed13753a879088f4fddab888957b93d30075833372eda6cb5f6b084d841ac,897134,43768.0,3190.0,0.072884,1,1,191
2025-05-17 17:52:33,b308e9b64fdd6eec81feca81a1b5e2825cf3eb6dfed014b99c49102bd80610ac,897134,2256956.0,4118.0,0.001825,1,2,223
2025-05-17 17:52:33,824f31df10f34fb2eb695d2b30a63f34c907e333587996440b098426497f0aac,897134,130946.0,3190.0,0.024361,1,1,191
2025-05-17 17:52:33,5843e102cf312a1bfb0f4b73cc8daf0bcdf4e5d4fe1c5e54ca606cf51a23baab,897134,77505.0,4089.0,0.052758,1,2,222
2025-05-17 17:52:33,cd3cf8d6d664119b1891fed172222cf41aa1a920243105a19b65edda9d85aba9,897134,674092.0,4089.0,0.006066,1,2,223
2025-05-17 17:52:33,39f07c050bc6bd8bfa61224cc0927c74fd89555623ac4770614caec74c6dfaa7,897134,138923.0,4089.0,0.029434,1,2,223
2025-05-17 17:52:33,f5389825d62b2db941c9edc15e66698e08ecd5d01662563cc103dae71ee6dda7,897134,1888776.0,3219.0,0.001704,1,1,192
2025-05-17 17:52:33,a5007b6002503ea45ee17a04f4cc46e8c3678e24504f3a02505c70d74b4571a7,897134,146810.0,3190.0,0.021729,1,1,191
2025-05-17 17:52:33,73d696cea911fe39af138dcc206e1c8ff93a632a6c3e6d81eb67c7d0c1a35da7,897134,215880.0,4176.0,0.019344,1,2,225
2025-05-17 17:52:33,9559724f16f852e29ae5635ee14e6b391f4b3e8a474093a90760a4766b68f8a6,897134,31362.0,3190.0,0.101715,1,1,192
2025-05-17 17:52:33,873fc509f6382fd18d77f71acc6e06e3038403cfe658b3f067f72a91fb4e56a6,897134,166611.0,3190.0,0.019146,1,1,191
2025-05-17 17:52:33,f279f08d339b3efb516d01c0cd24e59fc2567b379bb7a6f641a0eff7e80e00a6,897134,22663.0,6148.0,0.271279,2,2,374
2025-05-17 17:52:33,49464faeeaa2578448365d489739247c20d9a1ae920376fc1f1ae578afb4eda5,897134,986792.0,4176.0,0.004232,1,2,226
2025-05-17 17:52:33,0e78da9697b5a81f82ceb51981925805faadaa0e83e16a0c1b12fb4ebffdd8a5,897134,134796.0,3277.0,0.024311,1,1,194
2025-05-17 17:52:33,1f47e98235298d9a3ab652585186feabfca92ad19e7be69e0e73bfc87fe359a5,897134,277060.0,4437.0,0.016015,1,2,235
2025-05-17 17:52:33,740d9a6b66908234fb658255b43dd3864940a5e27b81fea851c86ba0ec606da4,897134,1960746.0,7221.0,0.003683,3,1,492
2025-05-17 17:52:33,43ff388ce6e48247392eda99daf926f7374557c864a4e500f9719f6f63d14ea4,897134,287064.0,3277.0,0.011416,1,1,195
2025-05-17 17:52:33,62f6f7818a7d19df8105d7a312f8627ff95d0984486086a0d0b7065a7374f2a3,897134,195586.0,6409.0,0.032768,2,2,384
2025-05-17 17:52:33,fca64c6f222f57309883389bedfc961e5515f52779a0f1b1fd3c0c0901db66a3,897134,165960.0,3190.0,0.019221,1,1,191
2025-05-17 17:52:33,30f5948b1aa95da8fa2e7cc68e47a0076bea96682781704cfd8847e0039a9ea2,897134,75489.0,3277.0,0.04341,1,1,194
2025-05-17 17:52:33,87c2c5401b665170b89d712baaa7896b7513de4fb059d2faa39609cd864077a2,897134,139016.0,6061.0,0.043599,2,2,371
2025-05-17 17:52:33,fa7a79185bd562925c91f1e8083116ea6cf25c8c6f9a3b17f8ceb41ea7f005a2,897134,92804.0,4089.0,0.044061,1,2,222
2025-05-17 17:52:33,372566057d995357aaba7f30bfca54589556e3e70a01171231ea994a203798a1,897134,27427.0,4176.0,0.152259,1,2,226
2025-05-17 17:52:33,e2a88c162de10a90c148144d86e18feb3b7bb5511619cdfe12775170d58255a1,897134,321249.0,4089.0,0.012728,1,2,223
2025-05-17 17:52:33,8dc092426a0e2260ff01dbdf302cdbac0a099e3aea9ce54074b1fec9ac65369f,897134,2022112.0,4089.0,0.002022,1,2,222
2025-05-17 17:52:33,d1028ab8e453d03fe2392a2c2d84987ee0933e77bc4a060fdea6e3c91f15e29e,897134,24227316.0,3277.0,0.000135,1,1,194
2025-05-17 17:52:33,fdb03bf27d78bbfe5b01ee17c4d907594d1e6ab724e1d9a3ec175431dc9dbe9e,897134,129271.0,4176.0,0.032304,1,2,226
2025-05-17 17:52:33,8154cbc14ca4f9a79448a2a8b456adbe2c9040696b7ef8b0b65b19e0e0e5b99d,897134,301494.0,4089.0,0.013562,1,2,222
2025-05-17 17:52:33,d2e8806e82458adc27e989a6ffe1a5128e46984217fa6fba10d97765b5bff79c,897134,1183830.0,4089.0,0.003454,1,2,223
2025-05-17 17:52:33,1dd7837121761ae93bbd8ca1c44f8c29251be3250c2691bfb69df59c430a9d9c,897134,13025.0,3190.0,0.244914,1,1,191
2025-05-17 17:52:33,53eff568e65af4465533b03d1bfac79def9cadc1e94bed9800f471c6664b8f9c,897134,792682.0,4118.0,0.005195,1,2,224
2025-05-17 17:52:33,6f98877f96289386b2b7ba9f4b46a5cfd6a6cf894d925cebfa147d5bdd9b709c,897134,452463.0,4089.0,0.009037,1,2,222
2025-05-17 17:52:33,4046ce31f679f06c179772e25c4b9fb6f77a84baf220ed6de551050299f44a9c,897134,37218.0,3190.0,0.085711,1,1,191
2025-05-17 17:52:33,edfa8cf0ca8a2c59cacd22812302f45f4afc2f7a56d3722352e27782ebb6299c,897134,1535092.0,4089.0,0.002664,1,2,223
2025-05-17 17:52:33,bc37720d9714c1ac62a0a81b6575e6e363c968b55dbac7a670e97eb561cae19b,897134,276259.0,3277.0,0.011862,1,1,194
2025-05-17 17:52:33,ea0ec46cd5b8cd6c8bb3950ee787666a238f9e1fdfcc734d5d1cf01af6a1e19b,897134,1856476.0,4089.0,0.002203,1,2,222
2025-05-17 17:52:33,3076f79ca55f7ffd1fc445424132859d5849172f785e0b70ab04e2b6f485c89a,897134,18566.0,6061.0,0.326457,2,2,371
2025-05-17 17:52:33,c22191cf78c0dce9e0f85c87679b5f0681122c8621219397ae7dae1dad5ab49a,897134,160119.0,4118.0,0.025718,1,2,223
2025-05-17 17:52:33,e7c56240deff260a5e7dcdff91a8760cb1d10e5b5365284435684c059575f997,897134,505784.0,5249.0,0.010378,2,1,343
2025-05-17 17:52:33,420aa7698d41dcef17e69885ca75e846604fe4257979a9805979472da0ce6197,897134,51349.0,4089.0,0.079632,1,2,222
2025-05-17 17:52:33,306d2262ec294f17806bddb83d1dde1da8c2a8b7ff8e07efc130beffff744995,897134,922074.0,3190.0,0.00346,1,1,191
2025-05-17 17:52:33,7e320d284b50b2e5e65c1d81cca32a2da9bb03a51cd760e8c6f56e1f6e4ac294,897134,20068.0,3190.0,0.15896,1,1,192
2025-05-17 17:52:33,6de78ba8f3ba5e10b21241825270e1c3cd86e04a74d58ea69152efd430856e94,897134,738126.0,4118.0,0.005579,1,2,224
2025-05-17 17:52:33,1d3a13f49324890203baff08cc5d652481bc8a4ac38895fda6ffda0324f32d94,897134,14983583.0,4118.0,0.000275,1,2,223
2025-05-17 17:52:33,7a44a18cbeebe3ed739cc3e7f15187743d213236e0d0331df358da54b3230194,897134,84696.0,4118.0,0.048621,1,2,223
2025-05-17 17:52:33,722eac209482aacfbb6946acdd1943dcc560db9e3165d3f8f50172fd80a2c993,897134,873040.0,4089.0,0.004684,1,2,222
2025-05-17 17:52:33,6c4829b7ed6b9d533919f5a8d13760e09194ea96d7fdbd1c14ae90f81e182293,897134,8589.0,6061.0,0.70567,2,2,371
2025-05-17 17:52:33,66de9739fee5e8d1d6c587708a0a4af8042ae01a1203c2c996c88b5d7c44c291,897134,55779.0,4089.0,0.073307,1,2,222
2025-05-17 17:52:33,d1b3dfe9045ba61699138df7d7bcef56c9c2784045b6188b4e5abe9632a35b91,897134,9979.0,4437.0,0.444634,1,2,234
2025-05-17 17:52:33,75deae83dec51e5c7b4af510482dcba58acfd7c3af1cca396bffad8785820b91,897134,36688.0,9193.0,0.250572,4,1,641
2025-05-17 17:52:33,a4c778a86f82850016937a8667e0e2cc03e799f767d0732d0181cec12697f890,897134,1636781.0,3219.0,0.001967,1,1,193
2025-05-17 17:52:33,5195d66434a81cbaf280af919318fb3cae54be40b5572398b81d7c9d46e7e790,897134,1478916.0,4176.0,0.002824,1,2,225
2025-05-17 17:52:33,de2c8ada0f8c2917977708c184711d8d8bd7d7e76b605cd1ff7778c4c988808f,897134,41133.0,3277.0,0.079668,1,1,194
2025-05-17 17:52:33,03999eba7b75f9ec1a8b44710bc8f932ec0c21cb601a266c4f46a518e9b0328f,897134,21872.0,3277.0,0.149826,1,1,195
2025-05-17 17:52:33,509c91118d3e4aa6a65d9f222210d5a35c4cfc2fb277c75507e9a011328ad68e,897134,1356111.0,4089.0,0.003015,1,2,223
2025-05-17 17:52:33,b1fd2b05398704c86a0bc65f368c55834066dd16105bf8784c2752b9b98bb88e,897134,67733.0,4089.0,0.060369,1,2,223
2025-05-17 17:52:33,1ad47bbbf12826856e9f2a6e333b2ec378175799380a1ad5503466c4faa1028e,897134,45186.0,3277.0,0.072522,1,1,194
2025-05-17 17:52:33,83796302be2dd20cd547b211285af67c07c4032ac1cd54161546b3e109b2e28d,897134,129625.0,4089.0,0.031545,1,2,222
2025-05-17 17:52:33,d52c5efc4bd4c9daa7205bfa9c93f00f5874d84ce82873374ca26ec2431dc48d,897134,68520.0,3219.0,0.046979,1,1,193
2025-05-17 17:52:33,ba4e21b543fb8d9b92fc33b869756a78d0b00fe8efb87aef9c0ef6730bf68a8d,897134,677325.0,4089.0,0.006037,1,2,222
2025-05-17 17:52:33,7f39177942f1143d6364ab092cee8f2f4c6012ee5ebb09d0b597cc6f504a558d,897134,113287.0,3190.0,0.028159,1,1,191
2025-05-17 17:52:33,73e59ebab406a971dc279ae1c1f3f7b9e76990ca80c38bd4c08aa0dce49b6f8c,897134,2592479.0,4089.0,0.001577,1,2,223
2025-05-17 17:52:33,2cae1834f118b801c7c387da0c0a9cb2811a283455e59960285477438c01b28b,897134,389758.0,3190.0,0.008185,1,1,192
2025-05-17 17:52:33,b7383da1a08ce058dacdf6b53d640df493688ae2ef894787b692f77052076d8a,897134,7517824.0,4176.0,0.000555,1,2,226
2025-05-17 17:52:33,ff304cc65d9e2574aadf5e9996687a4f8d613ad3407a08c6c1e5a172adce4a8a,897134,50051.0,3277.0,0.065473,1,1,195
2025-05-17 17:52:33,4df71bd1c5163b2cc56a06ccdadda0840622af64c0b2f7f15be51f91fa633b89,897134,176108.0,3190.0,0.018114,1,1,191
2025-05-17 17:52:33,aa50b87df1c83c4debb95273445f03201f6ccf58c6c1399edd2082afe2e3ed88,897134,45305.0,3277.0,0.072332,1,1,194
2025-05-17 17:52:33,98492fe854f1ec66794dc47f61667c7348fd74639f5bbfcbc1a7f596b7622888,897134,429547.0,3190.0,0.007426,1,1,191
2025-05-17 17:52:33,b462507a8bc6ec6f5f6e865b11f152d9151689abc046a52c8a41a764adc99b87,897134,27019.0,3277.0,0.121285,1,1,195
2025-05-11 17:27:36,98f2c32b202a6afe16fed10151fc718167721ec0962e5508a4cfcaf8372acae5,896286,415846.0,154.0,0.00037,1,2,205
2025-05-11 17:27:36,9cd9e807e2013e97b4845fc11f8c8999f89a1158ced3faaeba33830e7dc91c4f,896286,163474.0,518.0,0.003169,7,1,1082
2025-05-11 17:27:36,2fd92829c826284b1285e6f37b44a76e6679927c3e515445e49304769f641c4f,896286,2366760.0,142.0,6e-05,1,2,193
2025-05-11 17:27:36,43340e0101d56381f877c6040fc3bcbd83e969593b8b3b7c7a61bf3e17a0004f,896286,26350.0,142.0,0.005389,1,2,193
2025-05-11 17:27:36,c4b92d20180811ec614848c2b8af3b264b56424c9c6c94704557abdcb5ef086b,896286,118360.0,142.0,0.0012,1,2,193
2025-05-11 17:27:36,9906524d93cf7abac84ce9aa4d8d126cc7ace1207869e365d03ecbb4a913ad55,896286,257886.0,142.0,0.000551,1,2,193
2025-05-11 17:27:36,56b26de7983039c5c4a4e22be63a9a6a022ebb44ac50b3ddfc65d3a3e28113e1,896286,566583.0,142.0,0.000251,1,2,193
2025-05-11 17:27:36,7aeff4432ff9f8e67cdae2e1201d015a03be60cb78b517d1f40d13dfea56fc4e,896286,330.0,152.0,0.460606,1,1,323
2025-05-11 17:27:36,0ba1352dbe9cd27a787b998fd9b1b44cbf150f040d9478f928ab2d351afef74e,896286,120207.0,194.0,0.001614,1,3,245
2025-05-11 17:27:36,ca80303ff6734560d73056cced013f14b00aba9b90349bf4ce310386b8da78a4,896286,120401.0,151.0,0.001254,1,2,202
2025-05-11 17:27:36,ab027bb85798b3f91b091bf68d0feda5dd6c2cd77afa116740c1c96f2f4df44e,896286,67279.0,217.0,0.003225,1,3,298
2025-05-11 17:27:36,d099b16dfe386637ec5cab65f66553034c85c72f67907af5bab709ae2700ca4e,896286,10013323.0,165.0,1.6e-05,1,2,246
2025-05-11 17:27:36,8a64fe37298f0b29cac1105cb8d3c549ded9eea9dfc494ee6917cdd9a7f7af4e,896286,586257.0,143.0,0.000244,1,1,324
2025-05-11 17:27:36,87660b19b6929fbc96df474425860cde72a1da9fe5420e92bc4b7ea02c96a14e,896286,26226.0,164.0,0.006253,1,2,245
2025-05-11 17:27:36,672ef83e73cafade0ce326aa075cc6f882fcf375ceb6f640cc983be156fe2b4e,896286,1248108.0,141.0,0.000113,1,2,223
2025-05-11 17:27:36,64d151d268820135d2bc7046e003a37d3ed1ea6ca95ee71d22f091911ca41f4e,896286,137131.0,805.0,0.00587,1,4,451
2025-05-11 17:27:36,2cbd12e0b9d1ecc5d61d91188ce4482425eaf08991466fcce74c9af0eadf084e,896286,85466.0,154.0,0.001802,1,2,205
2025-05-11 17:27:36,1c92b1f594fa2a61316871cbe25e2fc020a0d155f1e25d3e1d5dbecda574014e,896286,389841.0,154.0,0.000395,1,2,205
2025-05-11 17:27:36,8a9470fd2befb514626c3581de17721e822080b0b7f3b98c952a5dbd2abde34d,896286,14908.0,110.0,0.007379,1,1,191
2025-05-11 17:27:36,bdcbda009921dd19bff5736d9934ce0fa18bf34e919aa156c8e7d1d7b9b5bc4d,896286,330.0,151.0,0.457576,1,1,319
2025-05-11 17:27:36,b098354822944083f5dd8f3aec8abfa50c83ef9422ad733a36cc1bde79efbb4d,896286,410336.0,111.0,0.000271,1,1,193
2025-05-11 17:27:36,0e0b6f116bd2fad5ffac7953eb4dc02e3ac4d8559970927668ebec58289ca44d,896286,330.0,151.0,0.457576,1,1,319
2025-05-11 17:27:36,8ba2bd616547742056ce5b2035df8855147ceaf0554d3863634f7f69f156954d,896286,330.0,151.0,0.457576,1,1,319
2025-05-11 17:27:36,471a3e99c42431be6e0e93e78d0b6b4a0f097f8d43c3d274dfdc8c9f31307c4d,896286,40171890.0,144.0,4e-06,1,2,226
2025-05-11 17:27:36,2551359b020d20643df15687462154f0df3d1d68400d8ed0d32aa24421b7714d,896286,6291.0,110.0,0.017485,1,1,191
2025-05-11 17:27:36,5b766d27539ffb1738d22e3f3add04730016da0f7d1d78942a09b55c16a35b4d,896286,546.0,153.0,0.28022,1,1,330
2025-05-11 17:27:36,ed0e8b1c94a5498e45eb04c260a1d668b27e750d7a8dd12d7160084d303c4bb6,896286,85516.0,154.0,0.001801,1,2,205
2025-05-11 17:27:36,06edff49f74ac814a7b295a4048c78c5ed4f45cb7910d8e03412b48bb7fe594d,896286,330.0,151.0,0.457576,1,1,320
2025-05-11 17:27:36,b6167e402ff7c032db3bd9a37d26f7c01d8abe0ed7c744467d02bbf6314c314d,896286,546.0,151.0,0.276557,1,1,322
2025-05-11 17:27:36,d545372baf99c17c3ed0707750728fcc8d08707ac93298dd5ce1c7181ca22d4d,896286,330.0,139.0,0.421212,1,1,307
2025-05-11 17:27:36,99d1d9dc4fc12149191dbc2b30635f28467d3722137724a610fe0be5ab6c094d,896286,9131574.0,111.0,1.2e-05,1,1,193
2025-05-11 17:27:36,0b415e5d340828eb4dff0b8c0d5af299166a008fefb4f164e7bfd3f85e85ec4c,896286,16192.0,100.0,0.006176,1,1,151
2025-05-11 17:27:36,e4ee4cad58679d84bb589807784e8db15f4ffbdfd9064dcfbd56ad6943d6d64c,896286,309884.0,154.0,0.000497,1,2,205
2025-05-11 17:27:36,252433a31cff551cba5500cdfd46977f6cbb5e0a5f2b372edb9573c0b2913c4c,896286,38604.0,217.0,0.005621,1,3,298
2025-05-11 17:27:36,935dda8504dd9dc7042fc42a74734a59f60ebbaa832c3ce78ee4d40b848d224c,896286,330.0,151.0,0.457576,1,1,319
2025-05-11 17:27:36,ce9f3dad6fffb23f7365a5f47ff4dd09d5a2fab6317a427010ba5eb8fea8ef4b,896286,10658.0,142.0,0.013323,1,2,193
2025-05-11 17:27:36,a5def1b603c5cc5762af93ba69c02dce556d99a1cde33f383a11495615e2ed4b,896286,1023672.0,345.0,0.000337,3,2,587
2025-05-11 17:27:36,1d3772283e8e77e4631ab8542040092c4f9f7436afd9127dcff58371edbce94b,896286,131106.0,110.0,0.000839,1,1,192
2025-05-11 17:27:36,d3866627b8b0db26036f6b4f6b270e8109ce4093b85bce1017387ce2240ae44b,896286,330.0,152.0,0.460606,1,1,323
2025-05-11 17:27:36,af5e5f730214885100a60ba211119689a382b3ffbd0cb0b4bbc0db0124b3b04b,896286,546.0,153.0,0.28022,1,1,330
2025-05-11 17:27:36,ba55d7d0528c43906d1c3dddb3c3b44e6b16a07f95721fce04db9287082e294d,896286,11680.0,154.0,0.013185,1,2,205
2025-05-11 17:27:36,d57d0edc8d3e4c945df0ae4c3cf09ab146a72a914b2e5f3c686fb0c9c93db04b,896286,28439.0,154.0,0.005415,1,2,205
2025-05-11 17:27:36,19855e07f64b5428b49b4718eeb6b7e0da30f1ed9294343615d8169b59cbae4b,896286,330.0,139.0,0.421212,1,1,307
2025-05-11 17:27:36,5d94a1fc0050ec75e42ade4bbac7a70a63582df2497d49f6734d4937c9daad4b,896286,112407.0,110.0,0.000979,1,1,191
2025-05-11 17:27:36,81e486f2b2e5c96bd93ee7532386fe2ebd5692cba528d5b8a40b19793a92a54b,896286,45807.0,160.0,0.003493,2,1,260
2025-05-11 17:27:36,ae2bfa702614fd47e692e99ce2b410b9526a3cd249e471bd696b6afe2781a34b,896286,330.0,152.0,0.460606,1,1,323
2025-05-11 17:27:36,2dc43a0ad3eaf082b3377de979d2f87c4ada1283c127c677f3c3aed1fb047d4b,896286,330.0,152.0,0.460606,1,1,323
2025-05-11 17:27:36,e74fe4f0f7f8938b88b1a058d9c9b920a839ff43ca87727e4b74cf411fd85a4b,896286,330.0,151.0,0.457576,1,1,319
2025-05-11 17:27:36,4f6553e9b352ee950327addd9266f4884e4e4dc45555692ff2873edb00d65a4b,896286,1080220841.0,141.0,0.0,1,2,223
2025-05-11 17:27:36,5068c64854c4f217b37694ae9b850e1a4d00c120c90b45a9e66a96ff2ab2344b,896286,23669.0,254.0,0.010731,2,2,416
2025-05-11 17:27:36,c0a7f6724b189998f381b296b68786df4307f90a5fee9ea618a8bfb13c34174b,896286,58369377.0,142.0,2e-06,1,2,223
2025-05-11 17:27:36,03a8c2453aca8cbe9ab2d692af2c083234224b898a1a73f5b576cc79f981ab4a,896286,19242.0,212.0,0.011018,2,2,312
2025-05-11 17:27:36,bcfbb92c198f4cdbb682995ef49abbe8a42adf9feb7471f51438667bc6eda44a,896286,478675951.0,166.0,0.0,1,2,247
2025-05-11 17:27:36,29481a880ef8e31023c341f63ded8fc73033a8856c2fe38b79d5e9e78e999a4a,896286,3118.0,212.0,0.067992,2,2,312
2025-05-11 17:27:36,56a8062d9754c31a53037dad41971157fce409843e9288065a76fd79e3ab634a,896286,330.0,151.0,0.457576,1,1,319
2025-05-11 17:27:36,d65383d0d48b27bf644697a68f8f342eb6077b6bde303ccf9c95725b2d9c524a,896286,307056.0,145.0,0.000472,1,2,196
2025-05-11 17:27:36,aa9065dd16ccf6d101449c207d19052d9c176a4e6a6689d9e3612b9cf4bd444a,896286,330.0,152.0,0.460606,1,1,323
2025-05-11 17:27:36,8d7d0011046ed8ee0e9cafb9bd96d0c94008dfb9d719ec1688d7bf01883a254a,896286,125274.0,154.0,0.001229,1,2,205
2025-05-11 17:27:36,c09e127df0ac58330bd55adb8cef5a7933f7f80a1528bfef9737398297090e4a,896286,287247.0,142.0,0.000494,1,2,193
2025-05-11 17:27:36,8d8e87c8c3e37738ada142b540cea92c0abdc8b81ca1fc11995ac8450697ed49,896286,467470.0,143.0,0.000306,1,2,194
2025-05-11 17:27:36,975e04e0c2f9c32e77168254638e99671176c5c148caa528c60efea22ca56049,896286,3088284.0,141.0,4.6e-05,1,2,223
2025-05-11 17:27:36,cc6ec1f88e95a2d14f9923220405836c86bca648b31fd4f15c4863810dd15049,896286,390457.0,113.0,0.000289,1,1,194
2025-05-11 17:27:36,c51c4109b2dd3084835ca26346132be3bd3cfc644d1df82052ea94f32c752949,896286,330.0,151.0,0.457576,1,1,319
2025-05-11 17:27:36,c825ce562a826a9c83e9217ca108acc44d16859a265155a7dc4f5d4232161949,896286,330.0,152.0,0.460606,1,1,323
2025-05-11 17:27:36,4a051a249ccc8967d5d7fce42b0529d567be3a4a8d954dccd687d1b0b6d40a49,896286,92563.0,217.0,0.002344,1,3,298
2025-05-11 17:27:36,251e482e53bba68945aea9f5e73ac8caab07c60903639d4a432d48cb97d90149,896286,765548.0,160.0,0.000209,2,1,260
2025-05-11 17:27:36,93c40bebc807c21dee4d702f5c8a14ea5926af8d8b64317d5759d40ca82ef448,896286,65204.0,217.0,0.003328,1,3,298
2025-05-11 17:27:36,ee0d3d92ac3fc6e476a5a9ee84072a0d2ca2fe907900b59c883443dd0cfaea48,896286,230233.0,113.0,0.000491,1,1,194
2025-05-11 17:27:36,fe46f826bdcac9a26f65c65f611a789d124f5876495408d760e632e11b8dde48,896286,194068.0,154.0,0.000794,1,2,205
2025-05-11 17:27:36,1b152177a7f1b2b9a76105573bcbc9849968f11b33fa85f280e01bdf9344ca48,896286,546.0,152.0,0.278388,1,1,325
2025-05-11 17:27:36,357125d61e04611a3404a2b580eeb47b75a057e19e1741b844c62e8206b2bf48,896286,49999858.0,142.0,3e-06,1,2,223
2025-05-11 17:27:36,85de3c2473652aaa5c3464a79194657d77d8557f6aef8aae92ba4484bca0a748,896286,4777367.0,141.0,3e-05,1,2,222
2025-05-11 17:27:36,19406188fc5cc8be22dbc84532b4d635d74694ef594c9ef23c5ce7133db67348,896286,11805.0,164.0,0.013892,1,2,245
2025-05-11 17:27:36,6c7066d06cfdd9ebed56b5c71f7dff0ffa4522e83b01956ead49383fb5a86448,896286,21358.0,110.0,0.00515,1,1,191
2025-05-11 17:27:36,db8f1278c2e560cf3f0f5c4c3553f88103f4c77d4cd367053ad6fdb7c2155d48,896286,141908.0,269.0,0.001896,3,2,419
2025-05-11 17:27:36,d715a7fda858a999629779a466a299c164feb01b13e4743a19adab2ccf6a5a48,896286,47391.0,209.0,0.00441,2,2,371
2025-05-11 17:27:36,551bc94335fad406b5316e8d841195b1443f016325175cd5bebace37445f5a48,896286,330.0,152.0,0.460606,1,1,323
2025-05-11 17:27:36,471f72d00956b7cdfc9383151fd958f853ba51b99868d315b1bcfb8f27055348,896286,351.0,129.0,0.367521,1,1,267
2025-05-11 17:27:36,98073b34bd0bda1d5b18eda9208386fc67ce17c75111a41991a06cd8da331d48,896286,65751.0,217.0,0.0033,1,3,298
2025-05-11 17:27:36,a2aeed43dc0be568c1bbb56e9a26aec5edb4d0370ea84314b8daee35b7011548,896286,508590.0,143.0,0.000281,1,2,194
2025-05-11 17:27:36,9c1a6fd82a339965f4a8faf0f074c999619af1745687821f880d2f3d3d0beb47,896286,6761951.0,269.0,4e-05,3,2,419
2025-05-11 17:27:36,6f99cd1bca0798a0173b53401624020481a14670f2630a005dd0fe2e3f15dd47,896286,134652.0,548.0,0.00407,7,2,1111
2025-05-11 17:27:36,7ce0412cb69d8a066385fb2a379d3793ee7ab36f8841d074bdffbcb84850b447,896286,1927.0,110.0,0.057084,1,1,191
2025-05-11 17:27:36,c38b71a01071653034407d4820806f6ccbaec8ee9d1000429612229a8f2d9647,896286,351.0,129.0,0.367521,1,1,267
2025-05-11 17:27:36,10f6f0f30b6846b80d6e65760796658cac97d8bbca2538e0febae9e8acf28f47,896286,17823.0,275.0,0.01543,2,4,375
2025-05-11 17:27:36,ccda32202293b8051e70fcf8d7b0f32c2f2d53efdfa4c0b009e8c8702be98347,896286,198690.0,154.0,0.000775,1,2,205
2025-05-11 17:27:36,da467cc3863b78c0800c79b87bf80a56716b1edb4d8b1e50ef81416b43277f47,896286,330.0,154.0,0.466667,1,1,331
2025-05-11 17:27:36,216ac5e84f33e2db2cc4e9fa6ce7a8937f8ed65a99c2fd550a58799398306e47,896286,111882.0,154.0,0.001376,1,2,205
2025-05-11 17:27:36,fc8ceb74c8802acce2dce4452a01ef93b9b5bf102bff98830d9a2aeae4726b47,896286,351.0,129.0,0.367521,1,1,269
2025-05-11 17:27:36,e77e7f8d4a53d1f4f1bf0fc68bf67e951c1ce13dc48ef00599eee70fea6a6947,896286,163250474.0,153.0,1e-06,1,2,235
2025-05-11 17:27:36,8dba9e1eb55e1cfead27786d8808ccb40d779917746b0b6208871c89db573a47,896286,13962.0,154.0,0.01103,1,2,205
2025-05-11 17:27:36,3b819972c89c6184f87a5d7252ea3a44c6bf1a8400df65bce51c091d92e63647,896286,546.0,154.0,0.282051,1,1,331
2025-05-11 17:27:36,42fb61701224ea66a1780273c354cbf97691c7abc02720aded49e4b96d401f47,896286,956954.0,1443.0,0.001508,17,9,2808
2025-05-11 17:27:36,1a5978338188862248098272c42991d81c21785a5d515ad770b2d18a35f30247,896286,330.0,151.0,0.457576,1,1,320
2025-05-11 17:27:36,f85807daf1a40a289062f6b7eb5ef3c4a8221abeba87a75e98a0516de46ef346,896286,546.0,152.0,0.278388,1,1,325
2025-05-11 17:27:36,9a67275fef5120fd4b64b246386c0efca6b1c8730eb21c1aeb5e00d4527de846,896286,330.0,152.0,0.460606,1,1,323
2025-05-11 17:27:36,f4722d36485157791192f5307a33c191fb4941ea6fcbf0c6b2d6c89dcaaade46,896286,351.0,129.0,0.367521,1,1,267
2025-05-11 17:27:36,1be1cb0009944790afa08816748b047e9265bcaef1164ba31748f39efb74a446,896286,330.0,151.0,0.457576,1,1,319
2025-05-11 17:27:36,5b7f3e893b4794856495e2df74eeab327b3ab868af027f96c5428007fc63a246,896286,88998628.0,207.0,2e-06,1,2,376
2025-05-11 17:27:36,fe455a1234acc12f0977190819e2a157d58261b1ce40bcc5168ca50123659d46,896286,23877.0,254.0,0.010638,2,2,416
2025-05-11 17:27:36,251d6bd3ddaab65b94d306a9617c7c4f08a6616d6f6054e209057bcd67fb443e,896286,13598.0,151.0,0.011105,1,2,202
2025-05-11 17:27:36,254f471c40ffaad11d45ccc96074931635dae935718e904ed4d827d34eaf9d9c,896286,13749.0,151.0,0.010983,1,2,202
2025-05-11 17:27:36,d8d2fe37c287a5768f1e5a1344821edeec99ee8e8540c6417e334f6423c8dfb1,896286,13900.0,151.0,0.010863,1,2,202
2025-05-11 17:27:36,0394ffd4d8fa1936ae468441696308df07b10db6624847fca160e887a4408c81,896286,14051.0,151.0,0.010747,1,2,202
2025-05-11 17:27:36,d4581d468116c77735811156a8cd5d2ff08365f11bbf78204efe3a388cc7293e,896286,330.0,151.0,0.457576,1,1,319
2025-05-11 17:27:36,b1cef305fbae41862d6f7da3d1f2b53c955ca4181510324caab36aadd1b20a3e,896286,38334.0,153.0,0.003991,1,2,234
2025-05-11 17:27:36,d3fc0a5181dfdd33c7c14a58e895bbad428a73123d5350a44df2184a0c7fdb3d,896286,137719.0,805.0,0.005845,1,4,450
2025-05-11 17:27:36,7d4ccf46192f07f6c7bf830489eea3522a09e1f0368c2743453d5008a3b2ad3d,896286,424356.0,154.0,0.000363,1,2,205
2025-05-11 17:27:36,bd89142920bb31ffd7350a6179fe94f3db1e453ea3672e7302226bbd4fe0943d,896286,546.0,152.0,0.278388,1,1,325
2025-05-11 17:27:36,18ac4877fec5619a88f82727995b6da084ae4bdf22d242b14b3c8ae4c993913d,896286,330.0,151.0,0.457576,1,1,319
2025-05-11 17:27:36,9275f502165cec4f4112565242e14aad5d5b92e436c0dbf3fe8aa30d1f207b3d,896286,330.0,151.0,0.457576,1,1,319
2025-05-11 17:27:36,c75a02a94a9fece9a03dbbe4ef845eb67ead5dbd265997cab7d0a846b79c733d,896286,348857.0,154.0,0.000441,1,2,205
2025-05-11 17:27:36,66a7d8baa90a703215d53b86e301166df69d6036107abb0befa9afe1d920303d,896286,26241.0,176.0,0.006707,1,2,257
2025-05-11 17:27:36,3267055bc5d626502b67edf841efb608e1ce590cba0bf94e1c98f09dc94c233d,896286,546.0,152.0,0.278388,1,1,325
2025-05-11 17:27:36,c8f6d76aa96bfd2e35727ed9e31dd23f1aade8e5254b0ea24fedfbf6b345103d,896286,330.0,152.0,0.460606,1,1,323
2025-05-11 17:27:36,77e4b2e1e721679eed17111addc60a51b326c2140c9d013b926830fe156eec3c,896286,330.0,152.0,0.460606,1,1,323
2025-05-11 17:27:36,81a0072ec5a317527cf093a3b70c82979279eec2725daf0daf46c783274dbc3c,896286,60989.0,111.0,0.00182,1,1,192
2025-05-11 17:27:36,ecea4fc281504930966d3e93ef2e9488950599baeb756ace37184c741ae59a3c,896286,121689.0,145.0,0.001192,1,1,227
2025-05-11 17:27:36,427e21da2be01b3c972e9d53638487d3f9c6212e9abd1999f49f3cb13b36673c,896286,3718.0,212.0,0.05702,2,2,312
2025-05-11 17:27:36,2ef0912166332957ba64df44f8729a190695e217d985c3c7b790c3f20e78603c,896286,148339.0,212.0,0.001429,2,2,312
2025-05-11 17:27:36,e5641ffa79d912dd69390522bc1fb715b847f2b0fca0cbbc0584de06a9b83a3c,896286,1318.0,212.0,0.16085,2,2,312
2025-05-11 17:27:36,20bb793e83658a99059bb213895e2d24544d67b71aa2a389a8d96136fede1c3c,896286,546.0,152.0,0.278388,1,1,326
2025-05-11 17:27:36,9e6fcb8eb0a4d70621d0839a139f8b19020967db1e67ba3d5463063ac117153c,896286,298856.0,144.0,0.000482,1,2,226
2025-05-11 17:27:36,451da0a7570d4d9db8872e239ae31fef4faa953179cb92b4fd776c15d278f93b,896286,5703142.0,142.0,2.5e-05,1,2,223
2025-05-11 17:27:36,c1b4997fdd830b996a5741ca09292c4d124775d422499baac248714e9e3af83b,896286,330.0,152.0,0.460606,1,1,323
2025-05-11 17:27:36,279855ec8709a8af873a9b7e2ba7340110408a89406c8678ff09be42b6bbee3b,896286,546.0,153.0,0.28022,1,1,330
2025-05-11 17:27:36,6c86938840ca9cf9880431360688f70fde9d3a8e0484cf3384f0ea311d83ed3b,896286,351.0,129.0,0.367521,1,1,268
2025-05-11 17:27:36,7ffe00490c26190233ce13c1b484bb328c17b798d050d664269c1163546fb83b,896286,330.0,152.0,0.460606,1,1,323
2025-05-11 17:27:36,abe9c764844df4140da0dec752a52a99226dce8ec78280921228f4f9fd63b63b,896286,330.0,151.0,0.457576,1,1,319
2025-05-11 17:27:36,02051f09647d8c163dc1be972294d9280db3b42f635bb6e9bdd251539929643b,896286,10201743.0,257.0,2.5e-05,2,2,419
2025-05-11 17:27:36,bd89ff0c1914c6eb3e4512507dda734ba0ea02e17ec6a2daf0cfaca84a7d603b,896286,330.0,152.0,0.460606,1,1,323
2025-05-11 17:27:36,15b93bedbb4839a2e537eed062b9ad5836ac7b318aca59583c09295a23b94f3b,896286,6630.0,58949.0,8.891252,1,10,234352
2025-05-11 17:27:36,d41330cb87f7a13f8a96bcab4d4a79dd6f47df2d3c6e6ad5827972ce08073e3b,896286,39156.0,217.0,0.005542,1,3,298
2025-05-11 17:27:36,1edec5a98011749611f4dda6032d97553d3752678ce3950461cf09f32e2c3c3b,896286,136876.0,805.0,0.005881,1,4,450
2025-05-11 17:27:36,9c5d7f2af3356a208d05a54e0caa951cef22164f38b5a7c59256f6d99ba7223b,896286,546.0,152.0,0.278388,1,1,324
2025-05-11 17:27:36,cce1114bdd25c19e6a922e0bf9a5ce122054d1c6c637fad508fdbc184bd50a8a,896286,37311.0,154.0,0.004127,1,2,205
2025-05-11 17:27:36,12e510ce756a27effd5089b9c716c359064b96bc6035d1f58fadf96aac9dfb3a,896286,11511380.0,110.0,1e-05,1,1,191
2025-05-11 17:27:36,ac94671b6fdd66ef494453b2c5de80dd9f1fd5e0b4eb9e48e3f4fa541b1eeb3a,896286,17812.0,275.0,0.015439,2,4,375
2025-05-11 17:27:36,22bd90d5023ac328e186d27025a8e08318503e1070a40ed3a6222c8ed452a43a,896286,330.0,152.0,0.460606,1,1,323
2025-05-11 17:27:36,d5115adb484e03f4fbafd25a4bf23f776bacadfba402c56603229d51acba9d3a,896286,605556.0,735.0,0.001214,12,1,1330
2025-05-11 17:27:36,0383124e54ad2e3fe0a309071932480acabcb2e7ca21fbef27e1524cf364b7b9,896286,67919.0,276.0,0.004064,2,4,376
2025-05-11 17:27:36,ecb306b11facb6a3aee02323484d9ed347960110ba49119076140f2343bb943a,896286,330.0,151.0,0.457576,1,1,319
2025-05-11 17:27:36,b73724c29c2f691425c80479cf635f10c15e24a63d8ba7b23702667f989c873a,896286,47473.0,142.0,0.002991,1,2,193
2025-05-11 17:27:36,b82a59199e6c4885988ba01ed78e3c971e689e476c995ba572bf312f8599753a,896286,351.0,129.0,0.367521,1,1,270
2025-05-11 17:27:36,3420b34817491291dd5b58a64db7d7a14f6125f3ad3ca8b8b7e792e6e162643a,896286,111099.0,217.0,0.001953,3,1,367
2025-05-11 17:27:36,3646c0fbf01daa37b7e1024c36037345fdccc397adbd70102874cacbaede233a,896286,330.0,151.0,0.457576,1,1,319
2025-05-11 17:27:36,76eadd53783ad15606a58300ad5348dfb9cb61d3fd80ce8d9fbd6750931e233a,896286,351.0,128.0,0.364672,1,1,266
2025-05-11 17:27:36,26417eaaab05b0a7ba8fad6c00908e3f8e79c309f83276983606f4f74bcc0b3a,896286,47807.0,142.0,0.00297,1,2,193
2025-05-11 17:27:36,1fc094a640a61aba9dca7ece44c9c3d72d54e8ef2b5d6c79907286c2a2c7f839,896286,330.0,152.0,0.460606,1,1,323
2025-05-11 17:27:36,84d87ed7fe101fcd0035d40d900ec7a6ab1ee471840a0303cb89657c7249f839,896286,330.0,152.0,0.460606,1,1,323
2025-05-11 17:27:36,009d80d08dbf3dc0c7975e311bff808df296e23f736f82df296569b7d884bf39,896286,351.0,128.0,0.364672,1,1,266
2025-05-11 17:27:36,6381b9026ab5c9136058f833aa1f353480e535c610ec10d9afef40715ffabb39,896286,330.0,152.0,0.460606,1,1,323
2025-05-11 17:27:36,6cdbb0029128e755fd92c40349e36ac34256cb0c7acfa702e927cc6a1304a839,896286,546.0,152.0,0.278388,1,1,324
2025-05-11 17:27:36,35a8ae23ad184f68344510f2d4c60cd12091ce66e9751998a6b6ece9d9650845,896286,65630.0,154.0,0.002346,1,2,205
2025-05-11 17:27:36,00f839ccc753fbf5797aa40fb5d4335ba702180dcaac923c64a778408c0a4c39,896286,351.0,129.0,0.367521,1,1,268
2025-05-11 17:27:36,1db86e68f8e6da6e4cdf35824300f196a38129639d6f26bf6d89cff371554939,896286,26836.0,164.0,0.006111,1,2,245
2025-05-11 17:27:36,a7d905ec58b7adabebf2808c93ce99f8c583d641b0b75a0fd48234367c2b4339,896286,72531.0,100.0,0.001379,1,1,151
2025-05-11 17:27:36,5f33dc577e199bc7d48bb0d7106785bd4ce0d56ef3beaded035f878e310d0c39,896286,330.0,151.0,0.457576,1,1,320
2025-05-11 17:27:36,4b56cc3846f08546c473cbfa819be27fe6cf841b20797ae3c30e28677961e838,896286,21494527.0,142.0,7e-06,1,2,223
2025-05-11 17:27:36,63952e603c85f9366373d3146daf33ffe8f482bbd684630569ab936d39cbd838,896286,330.0,152.0,0.460606,1,1,323
2025-05-11 17:27:36,4403796b641439ae448635395716a880e5dbf7db66babf42b5261fb9f62fb938,896286,330.0,151.0,0.457576,1,1,319
2025-05-11 17:27:36,972da4e58a8bd8181da0a6056b7fae50fbb6df76762fde70a69957d23b4cae38,896286,330.0,152.0,0.460606,1,1,323
2025-05-11 17:27:36,3741026d77f4d842e06df036c9710dd76af08a03f76a47f2f5c45fa0385f9f38,896286,3013469.0,239.0,7.9e-05,1,4,320
2025-05-11 17:27:36,68f68a760732c072e115b2e6c608e60f298f21f10a16f71c75e19e282ac65738,896286,65751.0,217.0,0.0033,1,3,298
2025-05-11 17:27:36,4702d37edf1a094c367fee20e1c11a81404a58ca00a8ff32019e10a2e0b6e137,896286,23944.0,256.0,0.010692,2,2,418
2025-05-11 17:27:36,1162b61887c6487e40fc79171323169571a0c705c3f703294e9df2442525c737,896286,9763.0,217.0,0.022227,1,3,298
2025-05-11 17:27:36,fc3ae08137d0932b1311102011368076bd9f14b2391c23d7ae13b7de089cc137,896286,546.0,151.0,0.276557,1,1,322
2025-05-11 17:27:36,9799ec896c95f8f5c65ba549fbf8b9b22544967709ad0562573916673c60549a,896286,124869.0,154.0,0.001233,1,2,205
2025-05-11 17:27:36,245b19f12646a320cd41b2ffdee014cf8dd3e6b8840e231ea0a776d5d60ec137,896286,691462.0,276.0,0.000399,3,2,518
2025-05-11 17:27:36,873c8fb7c237e2474672edd7b3dad43e441b5bc21f9ed583a4359f707cab8537,896286,35195.0,111.0,0.003154,1,1,162
2025-05-11 17:27:36,75f73296c1e0dd76a3ae85551e96ceb15dc675392744351d88c72a1acdd38037,896286,330.0,151.0,0.457576,1,1,319
2025-05-11 17:27:36,55a237a5cb25785b20329d8ff1b19617eb6b432d02ae0c0f82b3122c7dbb7437,896286,330.0,152.0,0.460606,1,1,323
2025-05-11 17:27:36,685d8e38b5e106384e7c081db4989e41fdefa10b5e5098121464e0a9f5610d37,896286,546.0,136.0,0.249084,1,1,297
2025-05-11 17:27:36,9395e1cfba3d6bb419f1e55c40bf8d4ce64d13166a1e18ca3d45599ac570066c,896286,67094.0,196.0,0.002921,1,3,278
2025-05-11 17:27:36,b21362bceb0f288f8db6252528e6ef309b3b6e72c5cf3be9f80cfccbbc300437,896286,330.0,152.0,0.460606,1,1,323
2025-05-11 17:27:36,4a0e4f48dc105713accfbd5f8dc6f228a7ae78126a5dfce53e148b3326640137,896286,330.0,151.0,0.457576,1,1,319
2025-05-11 17:27:36,5ba07a1d21b5eae291a49d3fe47bb160b55c93127c6b53a595922cd7cde9ea36,896286,546.0,152.0,0.278388,1,1,324
2025-05-11 17:27:36,97e85a74dd8b188dc31b141eb73c67844e4db14f5de3f93304990df5ce38e136,896286,330.0,152.0,0.460606,1,1,323
2025-05-11 17:27:36,11a55256d3320730a8816d0cd4845a9a35219fc18ee37b7510275603bfe77b36,896286,546.0,136.0,0.249084,1,1,297
2025-05-11 17:27:36,699a7775fcd123726034f9ed0f78e170606bf9ae1dd396055a59e9d6bf925087,896286,42999.0,196.0,0.004558,1,3,277
2025-05-11 17:27:36,181a30f930356ae9fa259add2a2294eec7bdd2ac843138a992061b7422677936,896286,35918739.0,3749.0,0.000104,38,40,5690
2025-05-11 17:27:36,da1de1f21339e6fb5c063f55f55a12b2a511ffda460dda48c119209752d96b36,896286,330.0,152.0,0.460606,1,1,323
2025-05-11 17:27:36,634ea4a20d79f924e3cc04ff33dbc11c4ef1c17b329b4ab276bd3c82d4e05536,896286,330.0,153.0,0.463636,1,1,330
2025-05-11 17:27:36,05f5399250b854bd9a50ddabe19fc9381a2e7c1e6c6499e7c662f8733c893c36,896286,4008037.0,145.0,3.6e-05,1,2,196
2025-05-11 17:27:36,ebf826bb840efc56031c4146fa949b4d78f735dd0d2e657ca1ec0a7328a43036,896286,330.0,151.0,0.457576,1,1,319
2025-05-11 17:27:36,538c55ac2ac658a71a2c8d0c792c2a87e942d842792bdf4b9bbbdd7cc4cd2e36,896286,961835.0,165.0,0.000172,1,2,247
2025-05-11 17:27:36,5d1489e9d5027fba0d29c3406cbdc74e3e787f408250614eb9379a0ea4f20936,896286,26198.0,122.0,0.004657,1,1,204
2025-05-11 17:27:36,386b20d567fabe42cfb9f809e16e73f5fa3471d927516cd1a16c83fd9d2ce635,896286,330.0,152.0,0.460606,1,1,323
2025-05-11 17:27:36,9dbc1655147c2d677fc0dfc00baa3626eb41333a4d9fe34e366bb624793ed735,896286,330.0,151.0,0.457576,1,1,319
2025-05-11 17:27:36,9262bda923e7b4aca4ec966c7d0e31e7fd808b54dbabd305327158f900057835,896286,330.0,152.0,0.460606,1,1,323
2025-05-11 17:27:36,3d98936c3d7001c6e47f6fb65c97952a024c6af40850e7a0c253c258a1e76335,896286,330.0,152.0,0.460606,1,1,323
2025-05-11 17:27:36,7a7275e1848b865c4baa7581e9cbe05ac38142c13c79c5ad61dae0a5b9834b35,896286,546.0,153.0,0.28022,1,1,327
2025-05-11 17:27:36,78e34cadb55453e113094b81aea7f26223bbd5b77aa1248d05225032523f8674,896286,4732.0,154.0,0.032544,1,2,205
2025-05-11 17:27:36,73c30648e1bf3464f2008831e3d447cc3258fdeb4b6e148053684b8259ff3535,896286,40061709.0,141.0,4e-06,1,2,222
2025-05-11 17:27:36,05484f46c82389b6484aa6a3b884d1ec497f0bc21380d4f450724b55a6cb2a35,896286,191214.0,212.0,0.001109,2,2,312
2025-05-11 17:27:36,a377cf8224e562d718cb84b2f930bc19318ca049a45da55d6c9b7b53580ced34,896286,330.0,152.0,0.460606,1,1,323
2025-05-11 17:27:36,4b2ed25bf1ae9eb553431b0ee6a4228c917dcc2bcb7c11458818e3276398bd34,896286,41987113.0,142.0,3e-06,1,2,223
2025-05-11 17:27:36,cc504f3ef369f5574177c93f4e06c21807b0d4376e918ebdce870017aea9ae34,896286,330.0,152.0,0.460606,1,1,323
2025-05-11 17:27:36,3a5da9ce7396d91d5345e532fc69c3eec7c7fcb36333208053485429cc5fa334,896286,28174.0,154.0,0.005466,1,2,205
2025-05-11 17:27:36,c7be1ace130b9dd5ca47458057091108c5d187d13dfd18abe8cc5e6404a08734,896286,2274573.0,207.0,9.1e-05,1,2,376
2025-05-11 22:58:45,25756874639053c351d8e346ce091b1f27b0c613535e3bcd8da18a138c6d2501,896321,289552.0,568.0,0.001962,1,2,224
2025-05-11 22:58:45,0b74398b44b4083635c89c9d5efd4162feb3e6e91ad28ded7579166c71154e00,896321,299731.0,564.0,0.001882,1,2,223
2025-05-11 22:58:45,5b75a74856a58b39f1e82cc0c18248e82fe3b5b44c6fd36073c6f7a6dc2c4ccf,896321,289442.0,888.0,0.003068,2,2,383
2025-05-11 22:58:45,af18af45d63fa08d26f5e2c309e9e23827efca16c6c8f7914000cf3010d0b378,896321,290212.0,844.0,0.002908,2,2,341
2025-05-11 22:58:45,d07eaae4909a6c1e636be35219b5b44df735046d33365a6fd554083111610141,896321,59064.0,840.0,0.014222,2,2,372
2025-05-11 22:58:45,e36814f63877b42853a2671ccfedd864295e23ecec0fe5c6b56d380c23f1978a,896321,41838.0,836.0,0.019982,2,2,370
2025-05-11 22:58:45,6af10bf39bf2f62bb82949f707e5e25a5014a26325ac15dca80d29ffccacc423,896321,309999236.0,764.0,2e-06,1,1,190
2025-05-11 22:58:45,477b6d0d0530f771fd775dc249f8b124c4f658dd2a3d3e0785eea30ad73f7c06,896321,338800.0,2204.0,0.006505,7,2,1113
2025-05-11 22:58:45,78bb3d99fef52aa3a924fcf0e564a149b09a585023c466ee472ba672223cbf1e,896321,2806608.0,1392.0,0.000496,4,2,670
2025-05-11 22:58:45,b29a658d423b72447b630dd3181ab7e7d25d31cc443ab40ab71ad27bfa5a34f6,896321,141567.0,1360.0,0.009607,2,1,338
2025-05-11 22:58:45,9318847c981c79dfaa76b5859ef2e7767aaf7860d808017341bb550148f9ccb9,896321,144288.0,572.0,0.003964,1,2,193
2025-05-11 22:58:45,cd94e4758e2f35893f3a2487d8fb05c522bc4088b710f7ef0675b5f532219c72,896321,7467072.0,572.0,7.7e-05,1,2,193
2025-05-11 22:58:45,53b7121b60d8047f3c294f7f762a9b2200b0cd79f6ea9fce9060229290efb1e2,896321,18755.0,2088.0,0.11133,3,2,518
2025-05-11 22:58:45,fe9006607ab2bd1cf34d722b2344f2f8a15ffe36a6adf8633aee5f434962c632,896321,54828.0,1392.0,0.025388,4,2,667
2025-05-11 22:58:45,7bb1cc53dd1bd2d657ddd91f313c9e66d19691e45345e660f8c33e46a4007b40,896321,74062672.0,900.0,1.2e-05,1,2,223
2025-05-11 22:58:45,751302b73cbc7e98e14b80f4ab5d6d589766d77ba0860e3c928ac6317b57464f,896321,31941199.0,896.0,2.8e-05,1,2,222
2025-05-11 22:58:45,eb779075849706ede103fb964940e07710fc65f89c7399daaf4b129272a78308,896321,69052062.0,896.0,1.3e-05,1,2,222
2025-05-11 22:58:45,04eaba60a9f1c3fe1b29d5ea35169b403a6ac8da80de3f019146398ab68b8b69,896321,191151.0,840.0,0.004394,2,2,370
2025-05-11 22:58:45,e38bce8f495d32791efbcf15f84cb6deea36aa7a8310da076f69ee315f88f7d4,896321,38941.0,768.0,0.019722,1,1,190
2025-05-11 22:58:45,281c0508c92d8528764555de34fbf555a8314f24cab63543ea6dc97d310a2a15,896321,322074.0,1496.0,0.004645,2,2,370
2025-05-11 22:58:45,75b02687d0157f429f1209ad634ca84710ef500503628935d8503622688f8d19,896321,590964.0,1400.0,0.002369,4,2,670
2025-05-11 22:58:45,06f96837064c8d7145882116505936e879a93d69e2552ba77a7d5fe6674666b7,896321,31447827.0,572.0,1.8e-05,1,2,222
2025-05-11 22:58:45,c8678330207e6e7f59b37d67f89c882cba6e75e0b89c9203c1be932acbaec4dc,896321,1164334.0,1588.0,0.001364,2,5,500
2025-05-11 22:58:45,9af6755161f61dee133ab6960812692c075618edec14c111bf4a5c7cbf8c9f5a,896321,1164337.0,1588.0,0.001364,2,5,500
2025-05-11 22:58:45,6e170217fd0c21ede6905e3a288209cdf85319e880f3fce89f77660d956804ce,896321,1164337.0,1588.0,0.001364,2,5,499
2025-05-11 22:58:45,1c855ad9a583a095098cc259f91107e2c6b5b205adcf0a2ec82e4d1fd0ae65b3,896321,776533.0,1588.0,0.002045,2,5,499
2025-05-11 22:58:45,b76d2633946a024db4e8595b5770a462a4b9b1a59c8cc91d115781e100eb3a44,896321,172455420.0,729.0,4e-06,1,5,315
2025-05-11 22:58:45,0a279a847ed2656b9b6f4a81dfb97a08d0f9a0a2a16024f90aa641e044b312e3,896321,184993.0,768.0,0.004152,1,1,189
2025-05-11 22:58:45,84e19529348042fe96fd0b462d4b2b9ecf97fc2de820b836284fb023728d8425,896321,29605.0,904.0,0.030535,1,2,222
2025-05-11 22:58:45,932db662e6fc03badc721ae64cd72d3a605e473df39aae72fd4b8da5922cbafc,896321,245220.0,780.0,0.003181,1,1,191
2025-05-11 22:58:45,d926fdc7c885d7281784eb67aae3b4cc0f9256e61859d981e3a9cd0c5618bd72,896321,695341.0,675.0,0.000971,1,2,245
2025-05-11 22:58:45,04562906c083739c364439197f1f372df1ac8fcd981f26810e4d491630d453ee,896321,73917.0,914.0,0.012365,1,2,222
2025-05-11 22:58:45,182724a39bd5da4d2f26d75da8461bc611d4f7a50f31a327d2a934e469527b5c,896321,28980.0,650.0,0.022429,2,1,257
2025-05-11 22:58:45,5b136d2b0fe2c3ea8ee32d9cad55d85f342c8e07a10844a24db9ff5cc63fae8e,896321,1651538.0,969.0,0.000587,1,5,316
2025-05-11 22:58:45,6326880d319215fede47bed8dd81abd1b65d5ef563cd011478e314603c5d981a,896321,176933.0,1520.0,0.008591,2,2,366
2025-05-11 22:58:45,cd6528d006c37369380cd97894d9d5873e89755bd7771e30daaaa7f7b64f54f1,896321,27977.0,1587.0,0.056725,5,1,785
2025-05-11 22:58:45,e325243e18a1400f793459caa6eea422422377be4fbe4a6e9fbd62d6a76d356b,896321,3898692.0,1308.0,0.000335,4,1,639
2025-05-11 22:58:45,936ade33375272e3d0d11fdc57061fe47367a6fed5982388ebcfe4a4fa74bf7d,896321,510899.0,1521.0,0.002977,3,3,561
2025-05-11 22:58:45,126d7ff4147afc2d85dce14e3912edf5fd1a5739f7c227fc14fe65ce9800c3fb,896321,360625.0,459.0,0.001273,1,2,235
2025-05-11 22:58:45,c9940bc48c65398cedf26f323a8c04aed03d0d51b6262b00b080f0d2181e1f8a,896321,108200.0,445.0,0.004113,1,1,150
2025-05-11 22:58:45,c188f6f4e28731a50027e6dd9bd93b19db821deedc13d56644c8f84604a1d642,896321,7080111.0,620.0,8.8e-05,1,2,205
2025-05-11 22:58:45,e22d3b22d63c2e0d0cd167095f873cf78ce0485182f711c34a0e649be99e72e4,896321,972.0,464.0,0.477366,1,1,191
2025-05-11 22:58:45,7d24b4335c58ae49c40ac314ba6a69db111bfce73a97a415bec156aad15a33ff,896321,116848.0,699.0,0.005982,1,2,246
2025-05-11 22:58:45,6ee583966056c27d79217bca5c84f28fb35fdc1f35d18d0186078cf3bde79fe3,896321,157271843.0,1456.0,9e-06,1,5,321
2025-05-11 22:58:45,609b1b5d94e1e31ade88347f235e65d7aa067d889813bf2b5ba6433aa3ab337d,896321,159075190.0,1456.0,9e-06,1,5,331
2025-05-11 22:58:45,bbe64c656b85d1778b8113c9c9b2cbc7f90267252db34366183f12f0a9d62a49,896321,159577768.0,1206.0,8e-06,1,4,286
2025-05-11 22:58:45,39e1deed57fc3ebcc1593097cef8b98e2280acbe547f98fc9d5f69d4d91a91e2,896321,160713352.0,1706.0,1.1e-05,1,6,358
2025-05-11 22:58:45,80057fe7854dccb1db458ef9a26266760dac8520a007a2a8edb7ae986a2198f5,896321,161713664.0,1080.0,7e-06,1,5,318
2025-05-11 22:58:45,0e0faaf213a6178acbd8675012d6f5370b68f4d7bfb0e262bf3bce13cd4b8514,896321,162518013.0,894.0,6e-06,1,4,285
2025-05-11 22:58:45,ff10e1fd47a7478ca6b24bcb286fe6f2a784984cace84a93d226177db54b829c,896321,190204803.0,462.0,2e-06,1,3,266
2025-05-11 22:58:45,c2599b25acfde61c6376287a69f31059a5aead8093f1e1fbb83c7310eb4af019,896321,197338219.0,584.0,3e-06,1,4,286
2025-05-11 22:58:45,6202b9d42ca3ba89cd17aed75eef5b7ea84dc3572ad74f4b41f2309c8351df06,896321,200837800.0,826.0,4e-06,1,6,346
2025-05-11 22:58:45,8935fa741b4f53175466dcd2e8e9a1f0cc28b5a5819bbb937050c9b355870e37,896321,203574630.0,706.0,3e-06,1,5,319
2025-05-11 22:58:45,4162aa12b04a14ddcc0c6dcbc44dba78c0e0990d6d6e5ef40d412f8637124546,896321,203728749.0,342.0,2e-06,1,2,222
2025-05-11 22:58:45,50170970c4c3a1ca97b6be82b30fefe5e935320996749ee571ad45aabdaf4e4f,896321,204433748.0,468.0,2e-06,1,3,266
2025-05-11 22:58:45,b55b538cca6592bfed916a4f908eeed270abe4a8b8aa68c52182e5f85dbd9eff,896321,13379.0,1623.0,0.12131,3,3,600
2025-05-11 22:58:45,f2a1f10c9ac0e3812bf55dcc343b4e2afb339e4da8a03b320ee71ba59e293533,896321,148777.0,531.0,0.003569,1,2,258
2025-05-11 22:58:45,2d041675c1d12278331db1517bedfcff2444dc403b81e4a3edb8f039762e3f14,896321,54702.0,469.0,0.008574,1,1,191
2025-05-11 22:58:45,2dbad757e98c9d3489455e06404b93f68ad6fedf2baaeadad29b186863a5b5dd,896321,31994791.0,1560.0,4.9e-05,1,8,446
2025-05-11 22:58:45,d21a0565775adda77dd626386c0b66456a9a5b42841f6cff5a6fb2e2beebeade,896321,48300.0,2235.0,0.046273,7,1,1085
2025-05-11 22:58:45,cbb68e27e00ac84479c5cba161847053d26f5c278109cc9d80c47677d59989b4,896321,3978382.0,1808.0,0.000454,1,11,501
2025-05-11 22:58:45,a1a9eec3559127cda34cfc278d7afa8ba0e0fdd31d0f3d06f2803f21ecd17970,896321,12136527.0,1140.0,9.4e-05,1,4,345
2025-05-11 22:58:45,12086141a516c2052a407b0b7fbdf9f3f5d03a023f24f2951fdb7713d7fc7418,896321,2360000.0,786.0,0.000333,2,1,342
2025-05-11 22:58:45,6f181f9d845b633aa5c083e9c643a606d70c793842966ebd4668c4506b0fe3f1,896321,31992005.0,880.0,2.8e-05,1,3,281
2025-05-11 22:58:45,811ff93ff1235d4be1e677eab1fb635d903c78bd34dc5d70547590c4d9ecf4cf,896321,4699153.0,1000.0,0.000213,1,2,226
2025-05-11 22:58:45,1de9af89803495ad43a835343bc8f24d8c5b9b6265634984200aba8ebbe76cbb,896321,70630274.0,2168.0,3.1e-05,1,13,539
2025-05-11 22:58:45,0fa6b82e15385f4f42a1e09a140e07d8b5b82f559cf159fa07c6086f150a4d76,896321,3992.0,954.0,0.238978,3,1,364
2025-05-11 22:58:45,963c0613a08617f8df00fb8584ebce162491d136f1bbe0669d3cad28ebfdb102,896321,635345.0,1000.0,0.001574,1,2,224
2025-05-11 22:58:45,226ef5252d2eb51fc5ab395e5bc2f089fc92f568a74feb0755557c2fc15aa7fd,896321,18257306.0,1000.0,5.5e-05,1,2,223
2025-05-11 22:58:45,4fa48e77734446290363c24bbc89c43c83899e8172cad85a846418c71010546c,896321,34472151.0,1000.0,2.9e-05,1,2,223
2025-05-11 22:58:45,f38035a76c703e904cc836391ac94d5eb5961a073d9cc6bbaf8ccf8690ac390a,896321,1363483.0,1000.0,0.000733,1,2,223
2025-05-11 22:58:45,afc6bc570229e6d39c6ce7d7e1a39ce41b59dcbca592c0e506c5281a20c7d909,896321,285809.0,899.0,0.003145,2,2,300
2025-05-11 22:58:45,f9f9720dd042b76825ca9f4e3efb640b8d1b868b2a63e856963cbb3d6690e997,896321,942810.0,639.0,0.000678,1,2,193
2025-05-11 22:58:45,e61f22e34cffde866383c51587e1f66df61018f195ad5d9befc94ca8cb23b24b,896321,39335.0,495.0,0.012584,1,1,191
2025-05-11 22:58:45,32647799b319319f12cad5cc74324bdc08ca0b0aaf3b1c1db49039cabc1196f2,896321,313084.0,1000.0,0.003194,1,2,222
2025-05-11 22:58:45,b8ccaf55bd67a3e379345d02e6bc5f4bf2674699d54be1be4a47531cdc3bd9e8,896321,18775452.0,1000.0,5.3e-05,1,2,222
2025-05-11 22:58:45,b8e35493db7a4baf1cf7afc3137ea6dfd13d241cf5a366b76ee68e3feb10b303,896321,699.0,501.0,0.716738,1,1,162
2025-05-11 22:58:45,a1ea2d10e6e6fcb19d49fe8e6e33198d447b4dbdad9bf7884726d1d3adb96637,896321,2497.0,945.0,0.378454,2,2,371
2025-05-11 22:58:45,99a8c03adfefc35b1916edfb3cf116afd08521809930c7070e7b720a4fcb70fb,896321,698.0,502.0,0.719198,1,1,162
2025-05-11 22:58:45,ba76749218346f148c6f72c411ae9b02a3a76bd87e0bc537de4866ccb0cbd8af,896321,698.0,502.0,0.719198,1,1,162
2025-05-11 22:58:45,97238ef19e5f7d06c5004c0be029bf821104f8e28e639f746a835b05346e2dbb,896321,36050656.0,1000.0,2.8e-05,1,2,221
2025-05-11 22:58:45,b5fd5067e375260e42726ab0cd217661ea9e27f44f73fd44d26279824ae53d6d,896321,83540.0,498.0,0.005961,1,1,192
2025-05-11 22:58:45,46545bff503311592d9139c7ef1f24904f914552e42ad9953d7b5d7239c0265f,896321,29433.0,499.0,0.016954,1,1,192
2025-05-11 22:58:45,a61eb4440094027aa5a2fc9610e51c499d9118e8e867410488d9634a29550b97,896321,5261021485.0,1000.0,0.0,1,3,302
2025-05-11 22:58:45,df0d6940c158acb450e04409c7934f9717dbcc6d22e586c2fc7e6eff9ecf4b80,896321,473781.0,500.0,0.001055,1,1,191
2025-05-11 22:58:45,fa7bb98d8a0e6a7ca8488230f846fb31b847dd4e15170a3695b04fdef52e717b,896321,8949255057.0,1000.0,0.0,1,3,301
2025-05-11 22:58:45,3d45025e93f907d643cf1878aa02a9737525c63f5c9fd6df70498c5c8e78a427,896321,1028541.0,500.0,0.000486,1,1,191
2025-05-11 22:58:45,943f019e95a1a26155736969957dae4018234732813fe5af4cfa7af0dfddc685,896321,29150301.0,2000.0,6.9e-05,1,11,520
2025-05-11 22:58:45,a5c381688c1700e388a5845d49459ea544306e331f9b4551fe1b7961e011801c,896321,7268653.0,1200.0,0.000165,2,3,362
2025-05-11 22:58:45,0eb91a29eb7f781d5084cb739f8d986b77b62096044762bbceafcf6a694a8640,896321,7700.0,923.0,0.11987,2,1,363
2025-05-11 22:58:45,962ec661720d1a325490d4b85a815fdb4b5cc80abf7effdf663503ee282a5477,896321,237719431.0,4908.0,2.1e-05,5,2,816
2025-05-11 22:58:45,ba995f85a87b5a335e18fc8884f7c381251b595a2ed5db0862e2d59c395d11b4,896321,222311939.0,452.0,2e-06,1,2,222
2025-05-11 22:58:45,8149de310c9a19122b26964a3211d830634725720e3ccf22cd828a18bdfad91d,896321,222341091.0,1044.0,5e-06,3,2,521
2025-05-11 22:58:45,89dc64e361b8653ff037f5d4aa64efb4dac3b095c0e7871e8eb7da8dfe8a56fa,896321,58600.0,340.0,0.005802,1,3,288
2025-05-11 22:58:45,848a1b6a4d2abb14a1c3c909028bba771338d62f431a758defe0157ac93347ee,896321,4442385.0,366.0,8.2e-05,1,3,285
2025-05-11 22:58:45,73d59f46f0e791a45bdde9fa57679ad4c3fc7b253d908c27db814ad6b3ee5fe2,896321,217367354.0,1044.0,5e-06,3,2,519
2025-05-11 22:58:45,bbe51880ba078cf9882f188b1130e95100e3ba9b22e3a844b52624066eb45bc7,896321,53253224.0,432.0,8e-06,1,3,286
2025-05-11 22:58:45,a9258ffac46387192cd1a09ccd67b2a9a2dce068d26ba47e1a260d400803ea2d,896321,10285175.0,2635.0,0.000256,7,3,1191
2025-05-11 22:58:45,d67e88a85211ef671fb33a365677f930fb7c17547635fe45d9512f8e3ac99206,896321,231257.0,1207.0,0.005219,3,3,583
2025-05-11 22:58:45,c02cb3559904cb44e2d4416daad27f473315deb2129b57c82b6355ffa2459c2e,896321,667495.0,1022.0,0.001531,1,2,222
2025-05-12 03:27:37,c5fba5df770f4b60e83d4e9d2383c662190cc72d73ff96b0cf6e0c35a4d73b0c,896352,2599675050.0,413.0,0.0,1,3,253
2025-05-12 03:27:37,a3625263b3476532dbca463dd029300e83aa52d9c60650953dcc69596dc0f277,896352,1290599886.0,341.0,0.0,1,2,224
2025-05-12 03:27:37,5d34925085aff4cfa65a904dd6eddb76c618ecfcc643b347bf3db15b6a4e6fc2,896352,388356.0,452.0,0.001164,1,1,188
2025-05-12 03:27:37,d7aae711ff807a893b7d344d7c55bd62b026061acd67b487628a4d9b079c59ba,896352,218060.0,1812.0,0.00831,10,2,1561
2025-05-12 03:27:37,ac3ccc72972eb6fe04c08228547b9bc3f3f34a9bc6280d4f39ae091fd81a67c4,896352,778428.0,551.0,0.000708,1,1,188
2025-05-12 03:27:37,5dd1d46f1826c0a54bb5091367319def1acfa268a51b22bd4d2498fe26d9b64b,896352,865681.0,446.0,0.000515,1,2,222
2025-05-12 03:27:37,0d4489c42e4c968f8b470e3b1c7b6e9aff6f22a1bb8bf255c61cfcdd8568800d,896352,193538908.0,546.0,3e-06,1,3,414
2025-05-12 03:27:37,d723f9c3f15b50c7e68b3f081c836e17dceb139ea4314ddb4c5232e49f4a242d,896352,89800.0,325.0,0.003619,1,1,214
2025-05-12 03:27:37,5d730143280664b015988e5c16ba647548545e7891fc3288f6adb0bc0a58c640,896352,4547.0,269.0,0.05916,1,1,191
2025-05-12 03:27:37,a47b601b0524bf4dec011832bcb1c0e236b5fce172a11f2e87ce386212af304b,896352,290000.0,244.0,0.000841,1,1,150
2025-05-12 03:27:37,40b8fbf211edca6747cc0a3039629ee74d754a9c3b2ee5a6c577894a4d93b6be,896352,413152354.0,430.0,1e-06,1,3,255
2025-05-12 03:27:37,9f7b76590ff963cab554cfd54311ef9f89d7bc721a5fcf729f0d6a9956618786,896352,220700.0,354.0,0.001604,1,2,223
2025-05-12 03:27:37,5d8edc96a9feacfefda44f96f331b50255b2edb1d0917ba456ccb368997f53a2,896352,2847.0,536.0,0.188268,3,1,330
2025-05-12 03:27:37,6175aceda636a95fa23f1fcd9c8c00019f54751733ea82d626eee5e68c03c493,896352,123304.0,352.0,0.002855,1,2,222
2025-05-12 03:27:37,0ddfb6a32004fb60f54b13de5c6e9625bbdd2e1f3497f7700bc329b2d98f2cdb,896352,16769940.0,31215.0,0.001861,183,1,27172
2025-05-12 03:27:37,277968e18b0e80ea89506ee3ee936b70aca259275abaabb62ad9047d6c502a1a,896352,53514.0,470.0,0.008783,1,1,188
2025-05-12 03:27:37,6793e6d77988d2122321f33069a83a7c97205a010f4de77e7997ae681a04f8f9,896352,134810239.0,2000.0,1.5e-05,3,2,987
2025-05-12 03:27:37,f23571d667200bf6c96e2b73cf6eb98540d017a9ff428aa68a16060659a20cbe,896352,55880.0,277.0,0.004957,1,1,191
2025-05-12 03:27:37,8ebfb799d4d024d6fde93fb61018eaefbcee25664da8b84177364f30b7b27063,896352,18327.0,945.0,0.051563,5,2,621
2025-05-12 03:27:37,b10f12ec6a7428e314f9a8c855814af021f2123367785ee37501e25c91a66de9,896352,190021626.0,827.0,4e-06,1,7,405
2025-05-12 03:27:37,02ed3ab7c795950a30cf03283aa183ddd968a8bcb9681196982e836afb5502ba,896352,124965.0,1249.0,0.009995,6,2,965
2025-05-12 03:27:37,9f618653624ead2eda9e5d5893e0eeaad9fc2e6b7d677deb912505ba4c294146,896352,130441.0,758.0,0.005811,2,2,375
2025-05-12 03:27:37,94a55e1edf3b39d28985268233d5d6722ab1669da2b1ed570c9070d7c5031863,896352,151055.0,1602.0,0.010605,8,2,1258
2025-05-12 03:27:37,7703b16933c5434c1583c861e9d1c6363dd81b64c67bb84cc982d5f4af4fab08,896352,641130.0,8900.0,0.013882,2,1,339
2025-05-12 03:27:37,21e0cad4b14158e1e85e72b6df4aa05ef07127b76127fc14fe3f207942f7a21a,896352,58764121.0,5466.0,9.3e-05,59,40,10029
2025-05-12 03:27:37,9f76f4c0bec5996b6f16e8854142a9856479259e213aef4ece99b48deb63d8a3,896352,146138.0,435.0,0.002977,1,2,246
2025-05-12 03:27:37,5dff9f456666d237806d0529456def338255c1b38222cfada6d318199011f2e1,896352,94467.0,393.0,0.00416,1,1,192
2025-05-12 03:27:37,994081f9173bc815baccf06aa350ff491da3972bd59363f729bb34fbd9ca1438,896352,104485.0,322.0,0.003082,1,2,223
2025-05-12 03:27:37,46e7d4b3abd4f76be87d0fb03321cc08ae32bbdd6b02f3e8d82213f90de6b42d,896352,114500.0,322.0,0.002812,1,2,222
2025-05-12 03:27:37,6afd4031cc2760efa1d623721a639e71cc6d86adccecce478a82ccb3af58c05a,896352,39576.0,571.0,0.014428,3,1,367
2025-05-12 03:27:37,f2e57bb52e747e283f04611d5865812c9a8ef3287b266b8bb7d420a4bfd791e8,896352,24091.0,1290.0,0.053547,3,1,485
2025-05-12 03:27:37,2839bb1179a56a41aff8e28a8f4bba6d2195f0152a2a18ed0b31468d2fd50f20,896352,629603.0,576.0,0.000915,1,1,188
2025-05-12 03:27:37,33fe168aa527a1bc25c458cc23677d0bade1d50d7e2f6e2a2e7b73f53a8cbb26,896352,4530536.0,643.0,0.000142,1,6,350
2025-05-12 03:27:37,a0441af0b35b5be6205b70fdb439694664f07efd33149f44aa4ba7e66ff9e23e,896352,26862.0,329.0,0.012248,1,1,204
2025-05-12 03:27:37,cbecb7c93713b1d59371ae6a20db3d7aa0bd0770d40f1897085ece4b7fbf7ec7,896352,791101.0,382.0,0.000483,1,2,222
2025-05-12 03:27:37,7313141c2551c4b497b97f7dcbe0293825f1643febc8d60f68aa9e553d506e9e,896352,430700.0,300.0,0.000697,1,1,191
2025-05-12 03:27:37,73665a2dbcd7c9bafabb77913b66e4eb8d965806ceff36e6cd5a64fa87adcf23,896352,65021604.0,760.0,1.2e-05,1,4,357
2025-05-12 03:27:37,7c98bd31f5becfb3415c2475e3649be9bc07544837d1aba7ef829b3cd912f244,896352,648324.0,423.0,0.000652,1,2,234
2025-05-12 03:27:37,2043cb88e2dd70dc0665b62c873aafda6d50bbaa01b546abb41826b1d6f8562c,896352,467613.0,387.0,0.000828,1,1,267
2025-05-12 03:27:37,8e8a6780a953088b3bf701a7a4ad0ebe35bc091a0eb99df5649092391bb5fcf7,896352,25000.0,449.0,0.01796,2,1,260
2025-05-12 03:27:37,0d41172ca19bf6a1195a633145d87cd136e4a17ad1bb8f3b0e968182d8c70680,896352,262359.0,506.0,0.001929,2,1,340
2025-05-12 03:27:37,acc7103da88d54a6756b7884a8a284925cac490d119c3ea8972d239788a27700,896352,1404519.0,1441.0,0.001026,4,2,1262
2025-05-12 03:27:37,e23af69874d33dcfc210565e147c31f512ee395cd2b8b415c88b9adfbf2ee7f4,896352,2773213.0,543.0,0.000196,1,2,380
2025-05-12 03:27:37,1f348d456c1f67bf8b8f57165e63e5b28ea32a42f7031ea2e6317161feffe6c3,896352,240350.0,546.0,0.002272,1,1,189
2025-05-12 03:27:37,7cd3b8846a6e33e1a0a4d5314c6d530349332ee7698c3b1944d6876f91958e6a,896352,197764994.0,960.0,5e-06,1,2,331
2025-05-12 03:27:37,7d29f622df1ce6538a25f1208f385f190be5b11c37643b43a849642c0e3fa9ba,896352,230224.0,912.0,0.003961,3,3,463
2025-05-12 03:27:37,acc42d470b94d9a097b74e3d3ddda4ac415655e6bf9460e7b284fd38fa15c1dd,896352,31583764.0,485.0,1.5e-05,1,2,247
2025-05-12 03:27:37,d2674fa002239f9d3b2674fa528024a77903186c7f4f10949ac1b207c09b0e81,896352,164750.0,333.0,0.002021,1,1,194
2025-05-12 03:27:37,480ce69e0ea9242afcf88286d09975abd80dbcee5f16ce1b45724c80f9e279f9,896352,277485.0,417.0,0.001503,1,2,223
2025-05-12 03:27:37,2d7a930e610e5a56adb41d58b92b83d3dd8f66c1af80795dee6a13b79f051242,896352,302966.0,417.0,0.001376,1,2,223
2025-05-12 03:27:37,3b350245e694ee735f8fa288660ac12aa593353b4e0432f86ab8076616e3c286,896352,293532.0,426.0,0.001451,1,2,226
2025-05-12 03:27:37,5d7645b1f903a20a0aee5f9f836f61265f3367182763bf9790c65a807f352a23,896352,4178988.0,621.0,0.000149,2,2,371
2025-05-12 03:27:37,f5a69a4b0ecc60093227937e1b664eee85b4e44668cea2ebdcdeaf7ac4070323,896352,11478791.0,621.0,5.4e-05,2,2,371
2025-05-12 03:27:37,12ec3c595dcca8ae81ee31064043a635aa0af868bade336efa2190788cc15621,896352,6994309.0,621.0,8.9e-05,2,2,371
2025-05-12 03:27:37,ea6acc5f68935c3c9a5e464081a52e872d1236e79e06f73b688a4627db2228fc,896352,23996933.0,419.0,1.7e-05,1,2,223
2025-05-12 03:27:37,ca9190a357b49c4e5fe73d2843851d436ecc6a93e626bc4b86eb75d55b1461c0,896352,8599355.0,419.0,4.9e-05,1,2,222
2025-05-12 03:27:37,ae2bccf51d40794447d863af235acce2b6ab1a3cfd96df93b691da1938d89b81,896352,2266729.0,419.0,0.000185,1,2,222
2025-05-12 03:27:37,cfa4369efc241e7f0f8bba1e3a945fdf3119b2370bd2d35ca525d4a16740a541,896352,804261379.0,419.0,1e-06,1,2,222
2025-05-12 03:27:37,85f7749c398cb47aab816d9742265cb155a1e232cd4c8609d9599b6ab7bb8f05,896352,327586.0,419.0,0.001279,1,2,222
2025-05-12 03:27:37,b0897a18422474558aa7d0f05aa92933a6ecc3d0de6bb085182778c10afa384a,896352,1148647.0,824.0,0.000717,3,2,521
2025-05-12 03:27:37,ff76bb685fd9d5ac3fe0bf3c8bc2c790d30dbd0f112c40f6828728b4d8b08a0c,896352,48349571.0,771.0,1.6e-05,2,2,422
2025-05-12 03:27:37,7cf1728aa61a1cc35f729537b0f01bae8f85763f5efb670cf5dce61b56a9a3d7,896352,108928.0,420.0,0.003856,1,2,222
2025-05-12 03:27:37,57fcde1b277030bc92336f1c8dac8affbf5f53b3aa275f648222d6e99e36d5c1,896352,10517940.0,423.0,4e-05,1,2,224
2025-05-12 03:27:37,6dbebcc40109c637ec65df19f456a352f837f087584ab17d78782a71d0acafe1,896352,170157.0,400.0,0.002351,1,1,216
2025-05-12 03:27:37,3ea83e9c9365e4e0a0266b7e2a75965acdb50168a9d12b87c61710ff345cd8c4,896352,1093580.0,624.0,0.000571,2,2,372
2025-05-12 03:27:37,b3af187fef7d95ea8057cda562b527e38f79111ba02c230a7eac03928a6bc249,896352,24998308.0,627.0,2.5e-05,2,2,373
2025-05-12 03:27:37,ad5ca219073998db7771589368cbcf49e9b677f2fb182c3215b54b04b2f0c8f8,896352,168306.0,421.0,0.002501,1,2,222
2025-05-12 03:27:37,c6efd51891994e7748684185e63da58b99c2af2284d6cdec3e044b650d82816f,896352,2504887.0,421.0,0.000168,1,2,222
2025-05-12 03:27:37,eea536eef773202fa23fcf7ed23567350fce342b94d9cb090440bc58e791dc46,896352,141186.0,421.0,0.002982,1,2,222
2025-05-12 03:27:37,cfb1f0e5dd7d2d5aecbc9526b5ad90021f245e9c8d68fec7d1eb1c3349d97836,896352,1420463.0,421.0,0.000296,1,2,223
2025-05-12 03:27:37,ddc08f54fce82c09a978dbf9fce9c3d39336be05aae5b7744cd5440bc6fcaab9,896352,1924116.0,669.0,0.000348,2,1,387
2025-05-12 03:27:37,6baa9574547eac791c40421dcf25b6d882dd894f8b1c804cbd28e33cc1de4595,896352,242032.0,834.0,0.003446,3,2,522
2025-05-12 03:27:37,3416c112599812925c439c816e0519a4aa9eb4c0f114d87f8f9f95e87969eb07,896352,15753336.0,942.0,6e-05,3,1,559
2025-05-12 03:27:37,0558c4f750fcfa88f450ce9105f53f43f106889851c215b0320a685eaf3d72d3,896352,89650.0,365.0,0.004071,1,1,204
2025-05-12 03:27:37,917753f7de0aeeb704d9e39e2264fcbaf30a607f03e4a7ce43b95ddaeb1ed5dd,896352,351463.0,425.0,0.001209,1,2,224
2025-05-12 03:27:37,558d30b5685ecbac48c2a6f7f391c2b7be7210d6344d22b0058c8e29337dc823,896352,77482152.0,425.0,5e-06,1,2,224
2025-05-12 03:27:37,a60d640ae9bfda4e0531250a3e1e3015d3c35c565fd1739209f4244001e94b0d,896352,761488.0,425.0,0.000558,1,2,224
2025-05-12 03:27:37,a3e26a4bf0e93edb9cac176c89c723753917309128ca5f606d8562950ce09942,896352,24267293585.0,14097.0,1e-06,32,8,10772
2025-05-12 03:27:37,a3aa0cadfa856dc631b695066f86b8cd5669ef6cbdeb44410db80ec70b7d244e,896352,112661.0,872.0,0.00774,2,3,391
2025-05-12 03:27:37,84104494d50dbbe7d0f1e23b4bca116939749087f0c65d05eae0399bf35110e3,896352,40897255.0,3074.0,7.5e-05,14,2,2156
2025-05-12 03:27:37,3dac45ea89af2624e4d6e7b3bd9c816245fa3dd115980f26e49bf2cda01e76fd,896352,62264.0,651.0,0.010455,1,3,298
2025-05-12 03:27:37,bf63a1d20adf947bdb9bc07b27cb697c0d6c4ad1388d6a12f815671554a2d7fc,896352,67645.0,615.0,0.009092,1,3,286
2025-05-12 03:27:37,6ff1c59425a659497795ae3c61a3034fe94375bfd5c7454a277df632d54c4cfc,896352,75687.0,615.0,0.008126,1,3,286
2025-05-12 03:27:37,d15f98d9ae5ebf3c4eba9750ec332d4f512a8766ddf16978cbf65fee33cdaffb,896352,330.0,462.0,1.4,1,1,331
2025-05-12 03:27:37,17a0008bd03be324c8e42539ece3d0b87c0fefc3fc467a243cd9e85557c6dbf9,896352,377886.0,423.0,0.001119,1,2,223
2025-05-12 03:27:37,3e8a453baa45fe8f906d075b11d6c76ad2e88d9ae37c4e34b8b64f9104f891f6,896352,126938.0,615.0,0.004845,1,3,286
2025-05-12 03:27:37,4e9668de2499600f6722ffde8632ae46d1db8421e10d1bf7b950559493ac67f6,896352,330.0,462.0,1.4,1,1,331
2025-05-12 03:27:37,1ca95ede52a3a5c33b33b741bd4190f97e49aa29b1681e028a2e9027600ed7f3,896352,330.0,462.0,1.4,1,1,331
2025-05-12 03:27:37,133c16059fe9c51165ae531a71fdfda13414f0598af92afd749a4a551fac26f2,896352,71004.0,615.0,0.008661,1,3,286
2025-05-12 03:27:37,bd969ee7dc064a28be8799684641bdfc96d18e50e5cface976f1b0698f460fef,896352,132628.0,516.0,0.003891,1,3,253
2025-05-12 03:27:37,d2eefbac716d592dd36102f1db66e6c7f8a69a323120fa733c3e3f953e45b6ed,896352,330.0,462.0,1.4,1,1,331
2025-05-12 03:27:37,d6e6d27dfa60ef29d3444ee9834bc5eb7344ff4c5354f7f845a6fd125c4702ed,896352,330.0,462.0,1.4,1,1,331
2025-05-12 03:27:37,471e5effc26fb340a576c1fcab89a8b466fefc4159bff4c25d223e4faf35ceec,896352,149915.0,615.0,0.004102,1,3,286
2025-05-12 03:27:37,09232b5501f9ddd9c2191a6192fc4817e1ec8eacad671ffb2bcb8559a10d3eec,896352,65246.0,615.0,0.009426,1,3,286
2025-05-12 03:27:37,c55b3991ffb62c96642e42acd0248ae3bf564d42c1f72d08a8cc2cceae7d10eb,896352,330.0,462.0,1.4,1,1,331
2025-05-12 03:27:37,883e7ee6dce8d2f91cfe508812debae341001fee6f0cfb3db955ad7f3993a6ea,896352,79114.0,615.0,0.007774,1,3,286
2025-05-12 03:27:37,62e53b983bedc6003bda9782975863ce5eb03001bc7c6b0b4b6865c0fca1a0e9,896352,330.0,462.0,1.4,1,1,331
2025-05-12 03:27:37,9a7758aaed001fdcb9360264d1d1e33c08951814e971962c7ee5a4c558795ee9,896352,65047.0,615.0,0.009455,1,3,286
2025-05-12 03:27:37,806d85eeb0cc36773f60515816295352c13610b5b6d8699e6423102b07e292e6,896352,330.0,462.0,1.4,1,1,331
2025-05-12 03:27:37,a36459ccdb86eef33255ac768ef1e98aa476a563d832fa588e8cdfa6522f50e6,896352,330.0,462.0,1.4,1,1,331
2025-05-11 22:58:45,6e0de6d0996d27a21862a67d81e1aea9abd37b1a4c6d83bac68314fe00c3205b,896321,18776.0,224.0,0.01193,1,1,406
2025-05-11 22:58:45,9ddc35b7e22dcfdd8a63d78033df216b876a7f5197d766dbff1950aaa96176e0,896321,479723.0,352.0,0.000734,1,2,234
2025-05-11 22:58:45,dfa0e8baba8009ee6701d62396c04b606137a573e479f30c6b0e5b7f0bc8b3be,896321,19078.0,672.0,0.035224,1,1,151
2025-05-11 22:58:45,1031a45ad23f5696fa843b473e0990b6ab60b246bc8287c5c035fbef582e572d,896321,19750.0,224.0,0.011342,1,1,406
2025-05-11 22:58:45,3033a316c8a5d1849d3d75c0480dfebadb48aa058a1d68c8744321e5e9ecc7d0,896321,465711.0,352.0,0.000756,1,2,234
2025-05-11 22:58:45,4eaf83aa2755638e98935961bb20de94c2d7b8d5f38e0f3e0bb3a0fe729cad74,896321,262228.0,423.0,0.001613,1,2,226
2025-05-11 22:58:45,d60a70951b73d2cf5f3812c75e81fe1cc129b1a18100ea04d900738a48facc97,896321,9999515.0,485.0,4.9e-05,1,2,246
2025-05-11 22:58:45,bf938643721cbb5262d4027a7b0e1996883c1dc4bc545c2c1d5fd04a66c29088,896321,578234956.0,485.0,1e-06,1,2,247
2025-05-11 22:58:45,8b017cdee09c86e060148c0915d76ab73b7c64736d5dd33e7148268fe29d860e,896321,1094228947.0,485.0,0.0,1,2,247
2025-05-11 22:58:45,c3f99ec306ef6c3d2a5727333ed44486994cea4bd5ec42fed3622ca2c6b79dbb,896321,235847993.0,753.0,3e-06,2,2,419
2025-05-11 22:58:45,b54654e643ab4f46baffcfe6c13d61e0db410dbf6e3c7341c2598676c44d4508,896321,254534.0,452.0,0.001776,1,2,234
2025-05-11 22:58:45,995d122ebabc89ac65f8f39ad3238b612d2a538639684f534373c481d362e737,896321,690451.0,417.0,0.000604,1,2,222
2025-05-11 22:58:45,b76e4cec10bfb4a63ae081978b02de0ebbfc62254630a9627ef21c0346881be7,896321,1900063.0,420.0,0.000221,1,2,224
2025-05-11 22:58:45,ad702d0f7d70a53522328b6f0605fc73b5afe5434b460a72b126e91cb46c99f7,896321,145046421.0,491.0,3e-06,1,2,248
2025-05-11 22:58:45,1c08ef8acb1855518d8a9d8750d63aa1d6dc581c3c43991ffdd7aaa4b4f0429f,896321,9002331.0,491.0,5.5e-05,1,2,247
2025-05-11 22:58:45,d710564d5db12eeadf9002f0afbaef8c0bd2c3774063d4211476acc6627e5999,896321,84225.0,426.0,0.005058,1,2,225
2025-05-11 22:58:45,422e20601612854f3d50a5b5d69ad13ac30d29d3e4dfb3c79d2b663bf3f824d1,896321,53224.0,927.0,0.017417,4,1,637
2025-05-11 22:58:45,0114bdd23f29ab070dc6c4d9ecdec44ef6391687e098d04af0b41fa5550210eb,896321,22158412.0,621.0,2.8e-05,2,2,371
2025-05-11 22:58:45,cdf4ba45bac01757f985bdb33a1d711d2a2a5afe5818c0515bdf42782dfac477,896321,356479.0,621.0,0.001742,2,2,372
2025-05-11 22:58:45,5cdcb17dd30b0e27f888ebc538cfd16b921524801587f4eb039bfe597494d267,896321,6951757.0,621.0,8.9e-05,2,2,372
2025-05-11 22:58:45,63b654d58579751123ad8d0bf5683f4b06c10c602e261fca7cb8c1ee8ac110e7,896321,33483.0,419.0,0.012514,1,2,222
2025-05-11 22:58:45,a15e36013bb70ec6802aeaa3ca156abf3e55e21434a9ad616ca77e9a24ccc3d0,896321,7868261.0,419.0,5.3e-05,1,2,222
2025-05-11 22:58:45,86ca61848ef739f58dd33615a55018cc40b513a76fb8cff7ab5df9c735ffbca3,896321,3437272.0,419.0,0.000122,1,2,222
2025-05-11 22:58:45,2cde59c0aabb96bb78decadcd982b948ce9a297e1c5e755a0f139941d30e219a,896321,65325677.0,419.0,6e-06,1,2,222
2025-05-11 22:58:45,f8417f640d59be0756b4122755c0391a2201ec50927108e61e529c0a10424689,896321,79754.0,419.0,0.005254,1,2,223
2025-05-11 22:58:45,2fc49e703be8fdf97e93ba1a830fe8e5b3ef92949f96024db6bfe4b430f9127e,896321,562277.0,419.0,0.000745,1,2,222
2025-05-11 22:58:45,56221c907bce6d769295fdea5392815f5b6e7278fb793d19fc911f9b0fc39775,896321,971605.0,419.0,0.000431,1,2,222
2025-05-11 22:58:45,e02e00ca9b7562ca630cb1520bf0f77f3dc8ed07c087270a7e5797ed8ba7bc71,896321,3106756.0,419.0,0.000135,1,2,223
2025-05-11 22:58:45,b425a04f6235f3bbc82c83075184783c7be4f7f84436f97b69548e62bf30e43f,896321,53509.0,419.0,0.00783,1,2,222
2025-05-11 22:58:45,f35956d32dd53e47272619af44a9b4391afda96c237eb5d6ee477d61030d9416,896321,8600661.0,419.0,4.9e-05,1,2,223
2025-05-11 22:58:45,e86e7dcbff75cbbbdce08b0a4e40ce4160d162874b071d0a90f83e0120256014,896321,10497691.0,419.0,4e-05,1,2,223
2025-05-11 22:58:45,1a98f472fad17704912a368da5c9fe76d021e045595f7b9e7ebabc6b730e0514,896321,1025140.0,419.0,0.000409,1,2,223
2025-05-11 22:58:45,3faa12270852b186796d11e98fd762b3e129938ef881ef7a9ea9fe2dcd28ef10,896321,1361409.0,419.0,0.000308,1,2,223
2025-05-11 22:58:45,75d69471c1cc7e066af89f8dc84968c7e1baba78229d4c74eb41e27fb4b57ef7,896321,9352.0,648.0,0.06929,1,3,269
2025-05-11 22:58:45,b1c1367e8ffa62be86b8861ddd3d18c57b0fa97213506d323c4813ffe31e0df0,896321,8158.0,648.0,0.079431,1,3,269
2025-05-11 22:58:45,7037a08d17986d255f2947eb20d9c435a888fd67eccde00b725edfe925a6f3dd,896321,8374.0,648.0,0.077382,1,3,269
2025-05-11 22:58:45,94e8a60c6f14a9d8f9962f1fc1467d83e76acd626b2b4c6424a1eb70942155cc,896321,9352.0,648.0,0.06929,1,3,269
2025-05-11 22:58:45,975c01ad1f0b96cd27553e8ec1f49b39eed6ea04e4b3d2f9c22533e50b457dc1,896321,8158.0,648.0,0.079431,1,3,269
2025-05-11 22:58:45,e30d9b8b03406341a94d7f82827c507cc773e9daa4fa2cc69005796fae7841c0,896321,9352.0,648.0,0.06929,1,3,269
2025-05-11 22:58:45,a4dceae22aad7ba37f10ae666402d64a41309393857c1ae958490aafa7cafcbc,896321,7828.0,648.0,0.08278,1,3,269
2025-05-11 22:58:45,6dceb43a4704a0e45d1cc74c4b391e70d85dc18b6d18cc0f6411258ea6b9e5aa,896321,9352.0,648.0,0.06929,1,3,269
2025-05-11 22:58:45,2edaf245410e0440e23db24203a838a6842ef210bc7c0b7997e414ca3fd6c3a0,896321,7828.0,648.0,0.08278,1,3,269
2025-05-11 22:58:45,cfc6d2eefe63c1296a3406e875a10576d10a5e4b42020ee14097c033233dae99,896321,9352.0,648.0,0.06929,1,3,269
2025-05-11 22:58:45,a0ebb2b150564349ea1c43bd9d7120e4cc80c06b4e90f4b03cb8cf9543642b71,896321,8158.0,648.0,0.079431,1,3,269
2025-05-11 22:58:45,f801304da9fd79c4b1bfa0539aac2c0a0c3f5dcf260e198145740e1dd770f166,896321,9352.0,648.0,0.06929,1,3,269
2025-05-11 22:58:45,57d39a814814b3d3a1be64546047a0be3046a00ee1bc78dd5d72f01848a11545,896321,7828.0,648.0,0.08278,1,3,269
2025-05-11 22:58:45,5edb232d060679764f01303d74bbe16cadc256dc3ee5776162562015fddbe030,896321,8158.0,648.0,0.079431,1,3,269
2025-05-11 22:58:45,49f287c5895dfe0e73a2a123de72e2c9217b283794e1546d064e85a3b4541c22,896321,9352.0,648.0,0.06929,1,3,269
2025-05-11 22:58:45,eaa1bfe5e5ab5d488091bb15c864affb5b445aff7f34ac58a2f77b2f31732e0c,896321,8158.0,648.0,0.079431,1,3,269
2025-05-11 22:58:45,353c8e9b745780cb3ec7f9c98a9b1e165f94518ea5d2b2eed4cc197139f9d7eb,896321,43898.0,327.0,0.007449,1,1,191
2025-05-11 22:58:45,020b8cb1f5273f111dbb1d0c2e3fe46afa1bfc3c203694b38bea8503c54413e8,896321,21673.0,327.0,0.015088,1,1,191
2025-05-11 22:58:45,38b8973a1aa6ad4083982119040913a7141f728086028b89633d09008647fbe0,896321,17056.0,327.0,0.019172,1,1,191
2025-05-11 22:58:45,d9c3a99ef67a6139b682c3b87c336ef80eb541b5519e111de41b9b6db8d90bd8,896321,766997.0,327.0,0.000426,1,1,192
2025-05-11 22:58:45,940707f7560245227765e3bea3fa1928ce7699a32e07bfbfc12eeb3f98ab38a1,896321,31491.0,327.0,0.010384,1,1,192
2025-05-11 22:58:45,f27fba3e3c640675e44a2a114b4aa36e3f8a5d5a851792549a56f1d9c27ff636,896321,36190.0,327.0,0.009036,1,1,192
2025-05-11 22:58:45,21b0b5a2fd90981ca28d0aa78c985dfc6b5b91fc8a65cc4d983a7f07b5365309,896321,132379.0,327.0,0.00247,1,1,191
2025-05-11 22:58:45,255dcee57efd45f900686f5812b87e0d9ea4e99298c9f7469b9b410463552607,896321,23649.0,327.0,0.013827,1,1,191
2025-05-11 22:58:45,a662a6e5f501da0630e0eae8a53a7ba4dc3e571e7de0ddd8613350e92d8a90db,896321,20180691.0,824.0,4.1e-05,3,2,520
2025-05-11 22:58:45,87792dc3095a67c5a621637bbf052b7f25235e25b3c4ea8833767ef40968faa2,896321,2895583.0,824.0,0.000285,3,2,520
2025-05-11 22:58:45,a86d73e048a7301fca0c1a7f64485c8b0294ac161b4a60b96482f2b01d851fe1,896321,266838.0,399.0,0.001495,1,1,216
2025-05-11 22:58:45,2a20057c60470bd597e0643cd53f880bb7294a37110607e8d13abac5537a0e2e,896321,5887931.0,1634.0,0.000278,7,2,1114
2025-05-11 22:58:45,23f70cd0b85799be20afd14c09a1983c2d862e43f919bfe2a85dd6dbd9119d1e,896321,133349.0,531.0,0.003982,2,1,341
2025-05-11 22:58:45,e04daf24c1b8b04a32ea40a6f41f0dc5390cb48e385e6f0b65040b053d89cb66,896321,5985148.0,621.0,0.000104,2,2,370
2025-05-11 22:58:45,a28d170df9740076f84122cfe2190eb2b8ab2634d30c956f28d1c03cb7611532,896321,8240761.0,621.0,7.5e-05,2,2,370
2025-05-11 22:58:45,226874a2c4504fa2d14fc4643c9cc67afc816db51a37488dd555ced492fba880,896321,15751203.0,830.0,5.3e-05,3,2,521
2025-05-11 22:58:45,be53dcdc704b965fe2e20bede12de106f72bd04e6c98a2a086f0f0dcb393c8d1,896321,3873139.0,421.0,0.000109,1,2,223
2025-05-11 22:58:45,760c758e4d22ca290c7cdc0285f11c94ec6a39d00a228907e43be0f1c7b94664,896321,6515678.0,421.0,6.5e-05,1,2,223
2025-05-11 22:58:45,db6fc26bff481afd3d1ab07e8810866bc463db15e7e8db84c448ae3f9589c242,896321,58166.0,430.0,0.007393,1,2,226
2025-05-11 22:58:45,a8b4ba232d356656fa547bf77b25a677181f542b710f132646ee9e555d586eae,896321,147519.0,329.0,0.00223,1,1,191
2025-05-11 22:58:45,bfdb0a02d036627e5b084a95eb48beeeccd057804a3390250ce4f175394993b9,896321,24449.0,332.0,0.013579,1,1,192
2025-05-11 22:58:45,585be7484d2d12a9690ab9c220187e87dadefda4c5f177e24f604aa05dbb28df,896321,392369.0,338.0,0.000861,1,1,195
2025-05-11 22:58:45,774e5b18456de7a4456cf9dd2e4e6fd96d2d0ff9aad8ea7035374fad9587914e,896321,1538607.0,422.0,0.000274,1,2,222
2025-05-11 22:58:45,cd8ca9ed81b425fac5de0590544a28b0d4b864438acf4a52f090a293e82c4ac5,896321,574607.0,425.0,0.00074,1,2,224
2025-05-11 22:58:45,4d220e82debac230ac31f43471d5197991f55693289d43952b457caffb6d418e,896321,34660075.0,425.0,1.2e-05,1,2,223
2025-05-11 22:58:45,73d9532a7b7cc571a2fb5d673933f760f191529b596e89342ea1dc972760a23e,896321,85615352.0,503.0,6e-06,1,2,249
2025-05-11 22:58:45,3d144a79584972ee7e5069185ec840b8a92df30a002de205186a5a61a5924114,896321,162189.0,599.0,0.003693,2,2,300
2025-05-11 22:58:45,3444b34004424bd12e65d7f59b3e7a46a071d8e9100ba79194c93f209e07586a,896321,56388.0,953.0,0.016901,4,2,517
2025-05-11 22:58:45,8b6823934621625dc8048ba5b0a88a055295c6ecfc9548f0a0a20e20e45550fe,896321,308319.0,423.0,0.001372,1,2,223
2025-05-11 22:58:45,614a9aa7673821d6d4baf2ea192e535965bed731fde89a9db2ee44ecea9143fe,896321,22507.0,423.0,0.018794,1,2,222
2025-05-11 22:58:45,90ed66e09dd7173274ba76ad67b2dfb2de462b3d9f5843f47a4bd691ba9033fe,896321,17859.0,423.0,0.023686,1,2,222
2025-05-11 22:58:45,f53b722f9934260b578e482f9db6df7c871cee1fe73d577807d7b8b12974effd,896321,210402.0,432.0,0.002053,1,2,225
2025-05-11 22:58:45,4a79e0951d85014cf079b7e96d4c4fff447b4d68d5dee90620a2d903dfa54afd,896321,129881.0,339.0,0.00261,1,1,194
2025-05-11 22:58:45,b10866df7568f82eadef1c77f5d63793d22b0950f69b52aae52461a9764146fd,896321,298670.0,330.0,0.001105,1,1,191
2025-05-11 22:58:45,2fd86a90569d67b91de8f4e0334efe7961cad75d8422a4e64716099111c8c3fc,896321,785564.0,459.0,0.000584,1,2,234
2025-05-11 22:58:45,617484f021c586eb75f85af1fe33b59d1aeb4c270d6ff9d79858228360a99bfc,896321,167703.0,297.0,0.001771,1,1,150
2025-05-11 22:58:45,2cd089702f61c55f16b3301f55262f784c39526a4e61a7e4f36e1775804823fc,896321,53847.0,339.0,0.006296,1,1,194
2025-05-11 22:58:45,0404ab32c4e872ad57a2eab4db551a01cc659fbc5dd5c37e3ead148d79620bfc,896321,304760.0,948.0,0.003111,3,1,560
2025-05-11 22:58:45,9f5f0fbf7dbfc9d242a903fb4a97941967e630f4fe05f8da3a9ce6edfee6edf9,896321,8153810.0,408.0,5e-05,1,1,218
2025-05-11 22:58:45,aa60206cbd0b9d5afd8a31d54a3e9ede1c944dea5ab862d99ee25227c81676f9,896321,622510.0,330.0,0.00053,1,1,191
2025-05-11 22:58:45,15e9947aa5795c65f967807afa4858706b6fb7b1f326bf0fe2265fc4aa3064f9,896321,24803.0,423.0,0.017054,1,2,222
2025-05-11 22:58:45,3af0b59648210dba943ba9cc33355e2a6b87a82a71245c2cec8d3f4abc5db1f8,896321,355607.0,432.0,0.001215,1,2,225
2025-05-11 22:58:45,5f938ef9572ca157412fc9aef083849eb2d24d36c86f1692199c35c8ff3acaf7,896321,287814.0,423.0,0.00147,1,2,223
2025-05-11 22:58:45,19a603bbd8dd5336e5e83c9f19e89bac71183c2d5d9854e4f6df84b4ec3acbf6,896321,7283376909.0,942.0,0.0,1,6,505
2025-05-11 22:58:45,1aba9d168e130aa2c2c22b92f72570ca96838479540c5f79d288852915587af6,896321,231122.0,531.0,0.002297,1,2,259
2025-05-11 22:58:45,ae746268e4e1343e0dbca1cd59bb44847016641975aa64cb16c3c5c22d852ef6,896321,2476661.0,339.0,0.000137,1,1,194
2025-05-11 22:58:45,367d2451472cbc4078246e642f902ddc809eae7f7bdc707d41b231e86cea58f5,896321,17846.0,1038.0,0.058164,4,2,670
2025-05-11 22:58:45,7ab34ce2f034f1bf9dbfe683a0685e11f830a8acef083c3db7e52bd0e92351f4,896321,171371.0,423.0,0.002468,1,2,222
2025-05-11 22:58:45,af8842cf511133f52457de711031a0e1f250d1a359333228349f862de63d9ef3,896321,213620.0,366.0,0.001713,1,1,203
2025-05-11 22:58:45,f3bd4cd91a7952c612181de0c31ba8785a8aabff52162e3561969e44b4c9a4f2,896321,70139.0,426.0,0.006074,1,2,223
2025-05-11 22:58:45,32e25180a3afc09a590205164856a8c21b644db4cd0121b63edb32fe647f6cf2,896321,14030.0,1038.0,0.073984,4,2,670
2025-05-11 22:58:45,55ebaa61619551143948b3f8570ca73afd56146b95969e0be6c6fb5c8b8eda1b,896321,966709.0,292.0,0.000302,1,2,222
2025-05-11 22:58:45,089d597b0d9f1a697a1a5a070646a8c2c8966e6b2ab1b8f8a0e65a3e753e4c01,896321,100013.0,905.0,0.009049,1,1,192
2025-05-11 22:58:45,bce898780149994c937c66208442886a0384b942890a15c44a27aa54d592d469,896321,479517.0,661.0,0.001378,1,1,305
2025-05-11 22:58:45,de5383504a13cf1af9b2bdffeb6878a1056428eefa5f62e898ab605285b549e8,896321,383887.0,669.0,0.001743,1,2,223
2025-05-11 22:58:45,fcd70b01c9135fe70b6fb9b80e31f92bca4452f6161b034bb37b23d946136ccc,896321,5304.0,523.0,0.098605,1,1,192
2025-05-11 22:58:45,43091c0ebe9eaaa4d69aeedfa48ab7ed70f3470edb1c23d248da44f95f5ade74,896321,74758.0,1254.0,0.016774,2,2,371
2025-05-11 22:58:45,7d51e0e71b18bfba82dd3accb612c90a86cbba9e25b0b8d48128e7ea49de7f92,896321,413901.0,417.0,0.001007,1,2,223
2025-05-11 22:58:45,b7e00c3b5cf02d714811867863bcc8870bccb286c83c7fa097b85dbe075fbea9,896321,22643.0,962.0,0.042486,1,1,200
2025-05-11 22:58:45,3ebc1bbc0615d3f474d2be178d6ceb32d199502a00534b2269a25ae1174f38aa,896321,16852.0,546.0,0.0324,1,1,194
2025-05-11 22:58:45,c99c720b9c292b9998639f2a6e31628dd4224c190748bdb9e82cd9bd02e17c84,896321,80029.0,546.0,0.006823,1,1,195
2025-05-11 22:58:45,12970a7652ecf70ee9d0e075c6493a8cd9eef5cc4b37d470d432ed7891cf376a,896321,21357.0,546.0,0.025565,1,1,194
2025-05-11 22:58:45,0e205de25c6d8c279c6ef767485ddf72df86f9613fa7af698be421e27b625eda,896321,132080.0,920.0,0.006965,1,1,189
2025-05-11 22:58:45,5ff513f49b29b4b6d1f1a37dca2e2827364dff68846212cacbbf6ab2e309075e,896321,151143327.0,2513.0,1.7e-05,5,2,837
2025-05-11 22:58:45,8ccb6bc588b390d4c8a7a7ab1937d2da01bbd63bbfb0f4c87e4e0f4301c04dee,896321,167463304.0,1896.0,1.1e-05,1,9,466
2025-05-11 22:58:45,1c04c4e7e20531d7bf119d8c1692d546d77c78aca512def3966c04cdfb3fd255,896321,2381500.0,1100.0,0.000462,1,2,222
2025-05-11 22:58:45,4e36ec6b5752bc17ba6e828f87b844872210b90fe5be81f23a6ec0bc3af98ecb,896321,5257206.0,1032.0,0.000196,2,2,370
2025-05-11 22:58:45,975f8dbe8fd03a962dbbb1b1fe25973bba5edbbf149dcc7637ae104def41525c,896321,16773939.0,1032.0,6.2e-05,2,2,370
2025-05-11 22:58:45,b72330c9f958a817c97a707600235694e127a13efab3faacdd7312f7795567e8,896321,18727.0,508.0,0.027127,1,1,153
2025-05-11 22:58:45,981f2b4e8405ee14f73552a713ce7832c5d749803068def51c4b954a0e70d6f8,896321,129398.0,705.0,0.005448,1,2,223
2025-05-11 22:58:45,f030e52d9980ee0aeea25325a7cc05a44dbcbd567c3c074c18304ef1308d42e9,896321,713279.0,860.0,0.001206,1,3,253
2025-05-11 22:58:45,2f594f836b614c55967d1492f1eae0d0ece553f32ed7fdb9d0effbe00bb100e8,896321,62290.0,710.0,0.011398,1,2,223
2025-05-11 22:58:45,b689fa24d6302052201bc5a895a5e490087815e3cf8b25774850a11c0b3c42df,896321,429973.0,705.0,0.00164,1,2,222
2025-05-11 22:58:45,82400735eafdd116fd7ec339aafe796a2bb722c617c1a98df57048ccff858dd4,896321,31804149.0,705.0,2.2e-05,1,2,222
2025-05-11 22:58:45,4f157bd9e1a26936ec86d7d10ae21b5426fc1a4527058527cef9adc5ebdc62d4,896321,73945.0,1055.0,0.014267,2,2,373
2025-05-11 22:58:45,a9a9e11127c78e62ce15cb0dc9128905f1094162f956ff9c25604159d86363cd,896321,391994.0,1125.0,0.00287,1,3,307
2025-05-11 22:58:45,cd7f1c3d73dcad3bd65caa2069b0d6648855f8d9b86b95177d87b631ee3f54cd,896321,1037858.0,705.0,0.000679,1,2,222
2025-05-11 22:58:45,0bfca09bd3cb30e232e804daf17f3c72c24db452e62e286a894107116ebc1fc2,896321,15696486.0,1160.0,7.4e-05,2,2,394
2025-05-11 22:58:45,4527415fc99c4d54b3cfb059644863390994f055f9d42c96839879d5fa9bc8a7,896321,1509950.0,1060.0,0.000702,2,2,312
2025-05-11 22:58:45,fbaebce1c945c5d94c0757c1bc5ac1617d20005284642a32db47cdacc6ddbca5,896321,126160.0,1125.0,0.008917,1,3,306
2025-05-11 22:58:45,b720be2511118679cc2f46c70d954c8c87b02c068e9e5d4209274b68786f6098,896321,112208.0,705.0,0.006283,1,2,222
2025-05-11 22:58:45,9c24615aafceec757012b7ce4dcef94c56b687b09b4ec698792eccc62cf92990,896321,20087.0,705.0,0.035097,1,2,223
2025-05-11 22:58:45,3fe58dcb82958c4f8eb3a0c8e7d7e1e668a462dbfcb6925baa2db9f9ff20b78f,896321,1215044.0,715.0,0.000588,1,2,224
2025-05-11 22:58:45,0de9f88e220f73511fb4291ca13f04b356c3c3a92696edc509034a26f4a6d372,896321,39997146.0,1150.0,2.9e-05,1,3,312
2025-05-11 22:58:45,f9f48e4b283cdf11df815c7dac164cacabed281100261a99b47713453c16e76a,896321,15896316.0,825.0,5.2e-05,1,2,246
2025-05-11 22:58:45,b0402d729e7b657826c51830210567c45d7f50dc17cbbdcefac98fefe46efc65,896321,449446.0,1115.0,0.002481,1,3,305
2025-05-11 22:58:45,201ee1219c355d4a023d60e64ff2b4208549efffc022be1b9d73dc3a680cd146,896321,179340.0,1170.0,0.006524,1,5,315
2025-05-11 22:58:45,d5cc10bde14c0fd88251e31be15bfa9297d92e0c4c09376bbcdd70f36480f93b,896321,469358.0,1125.0,0.002397,1,3,306
2025-05-11 22:58:45,6e925c60924587ed67077ee340dfa3a0ecab02b2375bee47127e7b643f49d40c,896321,14504658.0,1020.0,7e-05,1,4,285
2025-05-11 22:58:45,80d83cf1c993c19607e5dad76f4b542ea7f612dca4c6fed74506c18d969dc709,896321,81271.0,705.0,0.008675,1,2,222
2025-05-11 22:58:45,ec6187c4768e75690fe75648cf4bdc8a27b42cff524ac9652b1a363b3b7849b4,896321,4079997.0,3305.0,0.00081,6,4,1113
2025-05-11 22:58:45,bb78474d0851eec45f1cf5968313f9123e8b5890f8225a193a13dd9f1674c2e8,896321,52598254.0,2725.0,5.2e-05,1,15,625
2025-05-11 22:58:45,fb18a43f9645e8d8c3f29a6e1fbb267a9f5ce3274e9431fa2c04c49bf46041f0,896321,1899457.0,1115.0,0.000587,1,2,222
2025-05-11 22:58:45,a2f7639da7e48a37250889ab509b9d5d99b21421520d017e6e2153f53ecda83f,896321,69706727.0,960.0,1.4e-05,1,1,191
2025-05-11 22:58:45,5c49d579d08a622a175c3184aa18340c57c05310040f4b5e4377e820a02d8ee7,896321,14050.0,950.0,0.067616,1,1,189
2025-05-11 22:58:45,54f637dc5233c299cc6f8d5c30276deccbff15905700e9cb76b16d9b2ef0a3a0,896321,111420.0,1280.0,0.011488,1,2,254
2025-05-11 22:58:45,4efb34271e98eefb9bc5c5a9ccc70d7fd35f4eb7c9d5622eaf323fb0445b7ef2,896321,2000.0,1133.0,0.5665,2,1,386
2025-05-11 22:58:45,89a870aa9264914090edf7a43f570c4f16c5330f3973fb5c7b87c013759fe2d0,896321,1552314414.0,1260.0,1e-06,1,5,330
2025-05-11 22:58:45,0520d522818eade2294977577445222aa336d9d2cd7ba84528918de7856c54ae,896321,1506117549.0,1250.0,1e-06,1,5,329
2025-05-11 22:58:45,ee597decfbe1e5facc1d8318497000c4938ab3523459196bac94c989b0c78b16,896321,619456745.0,1245.0,2e-06,1,5,328
2025-05-11 22:58:45,5df94b31d4888d4248207db591ebe5b251ce793f04256b1a20c2fa37d86d198f,896321,1215186635.0,1095.0,1e-06,1,4,298
2025-05-11 22:58:45,b5d72350754863338fa0d1f8287d16e235b48e0f2e79685297dd5a97f48f896f,896321,616595544.0,1030.0,2e-06,1,4,284
2025-05-11 22:58:45,fab6b3cac01169276d487a8376e6a20806ea90743559de2bbf05f3b40d94e57b,896321,615424521.0,895.0,1e-06,1,3,257
2025-05-11 22:58:45,bdf1b354567f18ccc3b241a21b9d5ef40aa4af58de1c79fb5e8f42180fd9abbd,896321,659753957.0,890.0,1e-06,1,3,256
2025-05-11 22:58:45,03b84d68fe08f3e2866b88316513f7c5271bff422236e34485c68507afb7079c,896321,1533759709.0,890.0,1e-06,1,3,257
2025-05-11 22:58:45,4ec583941d6aba76b609d2bc9c6869c8c0489ceec5bc58d73aa6d28d68060682,896321,1477787105.0,880.0,1e-06,1,3,255
2025-05-11 22:58:45,b75b7f8d71a65d70fd0393410fd63ad67c809fb224456572757ba0c4f3adb3f2,896321,612800392.0,875.0,1e-06,1,3,253
2025-05-11 22:58:45,eb71454296792be8d8e83650425f13ff97b4180dec860c65b1c435be420a4ad3,896321,1495525407.0,875.0,1e-06,1,3,254
2025-05-11 22:58:45,7f40d876e087d2ffc85a10cf44761a26452b60a63bd9e366288efd177cc60bcb,896321,1492158965.0,875.0,1e-06,1,3,254
2025-05-11 22:58:45,17b946e19082b9adad87ba025281ea50b03eba358a4ef97662b05d9e4b047ab4,896321,736171002.0,875.0,1e-06,1,3,253
2025-05-11 22:58:45,3b944aeff53af40afd9a4f9800345c3a115fde7ca8cb1585df5eb6bf42d85fb1,896321,620124762.0,875.0,1e-06,1,3,254
2025-05-11 22:58:45,40d89f1f61e4c06ea7286b2e492ac227cce40209968341e91d5528d80844d69b,896321,795608050.0,875.0,1e-06,1,3,254
2025-05-11 22:58:45,bb5cee5536c80e7479bda0614e75dc95684e1bd98a5bca743075bde582a7c15f,896321,876311768.0,875.0,1e-06,1,3,254
2025-05-11 22:58:45,f86f0a307e32084b2491863695b82935ed1478ac94be4c8833ca4b57e9a8805a,896321,605904349.0,875.0,1e-06,1,3,254
2025-05-11 22:58:45,d7ec34ec23b3e67c58adbf29779ebdef632ffc780f907ba6cfcb7d07548d533e,896321,1350530270.0,875.0,1e-06,1,3,254
2025-05-11 22:58:45,599d451715f2b78dec0af744def6c01473ae2b3ebaa63267ee0e7045cef9418b,896321,905141521.0,780.0,1e-06,1,2,234
2025-05-11 22:58:45,06dbb1131cafae37c6259b53616507cbd8afad2f1515249cb7549d49884096d2,896321,866342179.0,735.0,1e-06,1,2,226
2025-05-11 22:58:45,f45acab544e1cf256bc7bf55ab191d270d23623004cbb1b36b9b91a00abac17f,896321,623169732.0,735.0,1e-06,1,2,226
2025-05-11 22:58:45,85026a9aa1d2870ce7ec29cf9be4587591cbccc7791eaacc9d126be738e30774,896321,716597330.0,735.0,1e-06,1,2,226
2025-05-11 22:58:45,60c372434bbd415447f7880d13fc7b6c4782bc8c090430c92766a382b4892b5f,896321,844076115.0,735.0,1e-06,1,2,225
2025-05-11 22:58:45,b03d0f72b030c780db89b55188d17b599a56a15b0b8dcb2cc6fb94e5a6ba26ff,896321,896039491.0,725.0,1e-06,1,2,223
2025-05-11 22:58:45,46a33c87b04b07f24c292e8dbe03cec41917d76b6e1bc5f34ab8c98b0729d4ea,896321,611548891.0,720.0,1e-06,1,2,223
2025-05-11 22:58:45,53b417a3ebaf17d6925501bf321385cc0271c5a34dd4b39e6ed28fdceff089ca,896321,1155878402.0,720.0,1e-06,1,2,223
2025-05-11 22:58:45,be57b0560364b884369a39ec6b86b2445f50e8276fdb3d62bc60001dc5ee44a1,896321,891055506.0,720.0,1e-06,1,2,222
2025-05-11 22:58:45,0d5e83f3ac138bfcc7bc0bef1c5388c8b06f023fc6dca08ae9631c294c301c9a,896321,1253527543.0,720.0,1e-06,1,2,223
2025-05-11 22:58:45,3ef8010e5239c39a899600194046ea12dc0b8db1866d75e313da4bd01454ee95,896321,1551328611.0,720.0,0.0,1,2,222
2025-05-11 22:58:45,146870ff4c4d1b351985e3f900b5a5e0dc85024d39c9a2470ea49e22b0ae7b55,896321,606813742.0,720.0,1e-06,1,2,223
2025-05-11 22:58:45,f2367365a1278bd73b480efb0bd0c84be9e0d55d34eb14905c87c6dc84bfff4e,896321,618672471.0,720.0,1e-06,1,2,222
2025-05-11 22:58:45,f01f3b8f73fe0f8a14977ac2e93ebd6bbf4fc8833d33f0e3604aa57e51925c4c,896321,1356540179.0,720.0,1e-06,1,2,223
2025-05-11 22:58:45,8118032d127c9c8bf5815cd918d49f9bae4c8e8f56cee879c7cf54c122985440,896321,1524958705.0,720.0,0.0,1,2,223
2025-05-11 22:58:45,1692a06f5fd8386b707baa49aef57b14b9cb908848e6536064d60c5fbdbabe0a,896321,658103715.0,720.0,1e-06,1,2,222
2025-05-11 22:58:45,8b0a86c0538a82a1ee83b02995a6d4ae1ad732f0534cfa48b29ea16a07057c04,896321,603055064.0,720.0,1e-06,1,2,222
2025-05-11 22:58:45,80df912ccc183a1be7b48c1a2c27d4e7e51f32b21322e1ba99d64699fa5642ba,896321,22161.0,562.0,0.02536,1,1,191
2025-05-11 22:58:45,08a3dd32458e8866344ebb264f429237f8d3c09a33bb22992ce0192bbeab9431,896321,53032302.0,1990.0,3.8e-05,1,10,470
2025-05-11 22:58:45,3a597736ca534e6a2db6e7867e0c45521f71956a23fad860a247f4e4dbcd491b,896321,62683.0,564.0,0.008998,1,1,192
2025-05-11 22:58:45,6fc48f09ddca45cbd752b3514141e4f0939d5c81557346debc98fd416eecd33f,896321,768400.0,3177.0,0.004135,8,2,1258
2025-05-11 22:58:45,4996d6fdf683aea4044f07940dc75f0ea482cb6f59b3a095642a3b671db6ee30,896321,29980000.0,1695.0,5.7e-05,3,1,487
2025-05-11 22:58:45,ed8d0352c348a4f6336d25e52f9f15ea1e3691c2652477a4e872dc0e2e0d501c,896321,95146280.0,1000.0,1.1e-05,1,2,382
2025-05-11 22:58:45,9e99479fc62ee21e7fabd4ad5f3c9527447a06e0d2b7fa73263cf3cdfe495bd8,896321,93317.0,591.0,0.006333,1,1,163
2025-05-11 22:58:45,f027f874af5d3729fe2fe47f8756d36b23ffb78688ad404b23751dac232f5986,896321,1970848259.0,1000.0,1e-06,1,2,380
2025-05-11 22:58:45,6fc4fa776a6a9f1b08db534de128673c5604278f7c1890ff73928a8072e1a534,896321,191000.0,591.0,0.003094,1,1,192
2025-05-11 22:58:45,0183b09ea28db16e7ad4d12ca9ead4ea1babe039b644713ebd1b70fcd8dfc257,896321,5279500.0,761.0,0.000144,1,2,222
2025-05-11 22:58:45,b43200a7f2b18c59aca330d67a7787e3ed60999e10c2af2c7d22f03ce40df686,896321,749456.0,1175.0,0.001568,3,1,367
2025-05-11 22:58:45,c5e07143d9feb54b2c860817b06a1821d9fa5189fb0d31001c270f4deff8223f,896321,1390000.0,5383.0,0.003873,14,1,2127
2025-05-11 22:58:45,fbc09ce9874946dbda5d88ce68c656b1b98d0cab7be58516a2359f15d7dff312,896321,44395.0,1722.0,0.038788,4,1,638
2025-05-11 22:58:45,0b2448fe5f814fc465b1cfc9620fb4489a9800ed5899a7887b9eda19973e2329,896321,122290170.0,2000.0,1.6e-05,1,9,448
2025-05-11 22:58:45,c199cf422400806879708dccfbe261609f26ebbdba9817985562b092dcdec6e1,896321,88777.0,1106.0,0.012458,1,3,279
2025-05-11 22:58:45,c015c50946f9888406db7900743bc6514fa09fcbcd4a6c1dceb1ec501481530a,896321,43258.0,621.0,0.014356,1,1,192
2025-05-11 22:58:45,f10083059764fc93a2a67c6ab888dd333a71a0457aa1cc83596dcfcd782d55e3,896321,240000.0,1007.0,0.004196,2,1,341
2025-05-11 22:58:45,ca5632212bb402e4effcd4539ab14366bd3bb8e58931ad60b5124c4b70ddbce4,896321,51393874.0,1732.0,3.4e-05,1,7,357
2025-05-11 22:58:45,f17e5e88e616f74e1dce6aed91d94c633d8bc329bc8fb0ab8958b591e2b1912a,896321,76312.0,627.0,0.008216,1,1,191
2025-05-17 17:52:33,717a4403b5327591e79580437044e4c312931d41ba3bc329ba589dcdbf31ddab,897134,4160007.0,672.0,0.000162,1,2,222
2025-05-17 17:52:33,e8882e8270c8709a4d08bc95b2f49e1f000f1511d775a2c2fcd907d1bd291c3a,897134,4170379.0,672.0,0.000161,1,2,223
2025-05-17 17:52:33,16154d450fafd9133475076d0cd16460a9f7b678e6d074d270c347fcbdc644f7,897134,4293451.0,672.0,0.000157,1,2,223
2025-05-17 17:52:33,1a01a0b5c16667ce0748deb323cdd38ece9f9334ddf126ba92161dd590ce3245,897134,52172.0,828.0,0.015871,1,1,192
2025-05-17 17:52:33,0e6ac8c2cbd9c3fdc1b92a05e986df23c3ca56f3edbf9642ae86ddd6edc7b229,897134,181133.0,1050.0,0.005797,2,2,371
2025-05-17 17:52:33,1fc50dd3144285e8066baf4a5e17e48faf7ae8986351b1694ce9d07b9b90cb5b,897134,8111062101.0,1900.0,0.0,1,11,666
2025-05-17 17:52:33,9fc6743b299e9a040b25614ce99764d176021846158fc5cce8db920fbd63dc2a,897134,12691282.0,4116.0,0.000324,13,2,1998
2025-05-17 17:52:33,3b1d8ea202572c397b7193ab5531f61687c5e501a77e2f4330164326a2707e0f,897134,424202.0,2097.0,0.004943,3,1,486
2025-05-17 17:52:33,886c96677cf0059e63860998a1d839a971924f1f4377bbe03e01962808333b55,897134,30127.0,958.0,0.031799,1,2,222
2025-05-17 17:52:33,e9267898b093b7c1a8ebaadf3a4ea9c4b4b0eb4f252ea0bbf5d72b2b4e2fd04b,897134,89842.0,958.0,0.010663,1,2,222
2025-05-17 17:52:33,0208c18360e45e97aceb1ca7d2506ce4fd433b505608f37e5f3216d7c52ca9be,897134,644504.0,2365.0,0.003669,7,2,1114
2025-05-17 17:52:33,47a74513f2aa130c5f962ac456d6bd98ab7a1f623266a7d07979a1d305839f63,897134,47745.0,864.0,0.018096,1,2,222
2025-05-17 17:52:33,6f78cbf6fb22b7c8da7d4d9ee474c8c2b6c7caf01002d78494d48b13c1004a8e,897134,231011.0,482.0,0.002086,1,2,223
2025-05-17 17:52:33,a2ad20d9e8e5ffa1bdd95d787af4d0cb2e7b0cd94724b07ff031ba34dc062155,897134,280105.0,482.0,0.001721,1,2,222
2025-05-17 17:52:33,5ec6f360c2fb92d83ee1abe6a7a971d08af0395a93e73c8f0e517dd7ce9f6873,897134,496799.0,580.0,0.001167,1,1,216
2025-05-17 17:52:33,f482578523b2da0ffa7f176cea435fee794d7b3fb0eac873d98b49a5813c4f2d,897134,170136.0,1450.0,0.008523,2,1,335
2025-05-17 17:52:33,4dfdd63c9f74c0d7e49ec3e111ac2f575461f82a9c6b68ddb02ae7bdb4da4459,897134,159790.0,1554.0,0.009725,3,2,522
2025-05-17 17:52:33,a9e05442001eda8fae2e5519f5c8985b561eb5354add7af881fd3aa7b15a0a02,897134,86208.0,1002.0,0.011623,1,1,192
2025-05-17 17:52:33,3e628ce842af6ad87b3ed4d383c35e8e66dbb5e466439529bfbaad17f5493cda,897134,22299621.0,348.0,1.6e-05,1,2,222
2025-05-17 17:52:33,81cef5a083ed61ea42edfe41908e6b3710db3efb85289f2d6690e9e34db59254,897134,22348519.0,348.0,1.6e-05,1,2,222
2025-05-17 17:52:33,6a058fd95e4b1b492a823c55904874be52e5ed001e1efb708a0e0c29d674dfd7,897134,49114906.0,1265.0,2.6e-05,2,2,375
2025-05-17 17:52:33,5135ec59b8206b10e5cdd9337169372c2d68863018595172edfd8d2ace2440cc,897134,112177.0,1504.0,0.013407,4,2,671
2025-05-17 17:52:33,eca0f99c4abf740653314d7402c06264e4f6b3f689bc20ae7bed15c48f6de580,897134,1950274.0,754.0,0.000387,1,2,225
2025-05-17 17:52:33,aa54ce019527fd4053eaccfd5263f81cd978ce9b182662889603ca873fc78ffa,897134,2194082.0,482.0,0.00022,1,2,223
2025-05-17 17:52:33,e8f30b81c12a56685bba8790847803a7f3283b66a4f9eb0a6cfafb3265e381e6,897134,459997850.0,1440.0,3e-06,1,2,332
2025-05-17 17:52:33,3ce62a6257c47ddaaa3305b3b7c38ad330f805a0433b6dd8c81a3516aa434b05,897134,2512129.0,616.0,0.000245,1,2,193
2025-05-17 17:52:33,7e77d83c1f954ab182b3659aeef424d6e461dbf45cb28760534d28f5d66012e6,897134,297164.0,612.0,0.002059,1,2,222
2025-05-17 17:52:33,7f3117c533662b9241ba4af4caafc52ac1864e2c28c78899dfe4fef4e4c1ae91,897134,3688142.0,612.0,0.000166,1,2,223
2025-05-17 17:52:33,8560b37bc8b99cfe97adf5630bc6076790739f2e2cd05395f91184985a80a081,897134,12255.0,612.0,0.049939,1,2,223
2025-05-17 17:52:33,9d69fa996be4969837d0e159a6cfb18f46ab749298890682aced27bf62c80061,897134,589185.0,612.0,0.001039,1,2,222
2025-05-17 17:52:33,a95ccaef371ffb520c4a3eaf886aa7a0e89be436d0ce32cf13fa9060f2848b4e,897134,223594.0,612.0,0.002737,1,2,223
2025-05-17 17:52:33,c9128ea43387e7e5e154ce7b12cf57c9dbcc94285bb02f4dd78aa5a34a3d1025,897134,11788.0,612.0,0.051917,1,2,223
2025-05-17 17:52:33,312bf9bd775d54b2495687d74d6f2dd6b31e6abf86c7c2875884f4ceae7cea95,897134,3849714.0,1344.0,0.000349,1,2,222
2025-05-17 17:52:33,bbb96a25c90c5dd680e07f719e365ae9cde1f2299f3c62486b92dd33a9b25d91,897134,3870458.0,1344.0,0.000347,1,2,223
2025-05-17 17:52:33,c67d5e4e97f390991f5135cf1901f278242de173e05a5633cfcf45d3df31a0ef,897134,3891202.0,1344.0,0.000345,1,2,222
2025-05-17 17:52:33,0ea0150e307957c56afe17ace8c48e8ab4e8397712f99e52a101d1a1d2966a3b,897134,3914446.0,1120.0,0.000286,1,2,222
2025-05-17 17:52:33,b363b75e9bed2be2272e9cef7c7e76b09694628958b66d7296eb3908a5864382,897134,3936466.0,1120.0,0.000285,1,2,222
2025-05-17 17:52:33,0d1dacc271baa596f71a219dc93aec34e06f8dc8512caa7adbf456783c9d052d,897134,3947286.0,1120.0,0.000284,1,2,223
2025-05-17 17:52:33,7558d2f3963c9aa0b26e4adedb2ceaa9c4709b59322cffd2fed403eac2b414b1,897134,3967806.0,1120.0,0.000282,1,2,223
2025-05-17 17:52:33,ad28719748644f16adeb287730125e2c37b82e729cd7ef00f30a340412c201c5,897134,3988326.0,896.0,0.000225,1,2,223
2025-05-17 17:52:33,6c3944af5385547d2c83c905d44bf1706f62122a599902c7351a06d6eb95ad12,897134,4008622.0,896.0,0.000224,1,2,222
2025-05-17 17:52:33,cae6f5ad3d0176ead9d63aa194806165928cf9e006c847f1389eec5c182779b8,897134,4028918.0,896.0,0.000222,1,2,222
2025-05-17 17:52:33,5280da72bd4184e822a57857ac27ad2a6457002655d69827853a371e40e855a3,897134,4049314.0,896.0,0.000221,1,2,223
2025-05-17 17:52:33,0cfeb7a1f611fdc7df22423fdbfae78ea04d37a2b011fbc9191591ff6b2a903d,897134,4069610.0,672.0,0.000165,1,2,223
2025-05-17 17:52:33,fc0f5702597dca8862b121ff06d03e721364cf5f5d5e21f630175b2c2d62e9c8,897134,4089682.0,672.0,0.000164,1,2,222
2025-05-17 17:52:33,4e950748eea4522c15f7365e58c2ac12b206bdbe0a0db8ec3d7c310fa05eea84,897134,4149154.0,672.0,0.000162,1,2,222
2025-05-17 17:52:33,728ca69b299879873ea454e052b3d3c9d234b6eb85a8f0b4530f7e95d0ec8a93,897134,4159526.0,672.0,0.000162,1,2,223
2025-05-17 17:52:33,f7d46d271ad4ee098ff85d173430e6b268e9bb75c2ca33baf5c082137f2f939f,897134,4169898.0,672.0,0.000161,1,2,223
2025-05-17 17:52:33,73bf578eb3dcb9fadad6f32f6d6860da7e97c91014232ba634cab9ef6a04e403,897134,115434.0,1254.0,0.010863,2,2,371
2025-05-17 17:52:33,9c11d79a74b9139736c932f7281392ad24b48677cf7f8a1e2d22a82ebdec9e6e,897134,151799773.0,414.0,3e-06,1,3,256
2025-05-17 17:52:33,92f2e8eddb317ba882b4e7df40bccb7361b5307aaeda3662d9a7fd36be84940d,897134,388847.0,769.0,0.001978,2,1,339
2025-05-17 17:52:33,7193c184fcde0591ee7f8e99b20499756077636c25f94b1d7c8c2e2d2b501198,897134,604964.0,824.0,0.001362,1,2,222
2025-05-17 17:52:33,5ff250c669e3fba0a60a6027e4c8fafb981b5ec26da6e88db1bc5a6cdc71f5a8,897134,1957215.0,697.0,0.000356,2,2,372
2025-05-17 17:52:33,30979397920f0d70dc8fd847d98d7de29e9bdea22aad034445fae80dd6e841df,897134,139997.0,2113.0,0.015093,3,1,486
2025-05-17 17:52:33,0ed0a53e7e18a31893e1448d8a54226328b5124e7b8804b2c8aaf27bf423671a,897134,23486.0,925.0,0.039385,1,1,191
2025-05-17 17:52:33,2f3ae3a7b9ca00f4f970de437e23cfb2e656318e7c4c9ea02b99be0900c91b7d,897134,58384.0,465.0,0.007965,2,2,371
2025-05-17 17:52:33,8dcc7c66c5ccad209c845e3b3d18f9fc2e0dac9d904576d6c358df2eb8d88087,897134,794177.0,1120.0,0.00141,1,2,223
2025-05-17 17:52:33,5a435c0392b223f6a0bd3aca6870a5efa8d05d396700b8bc8668cc60b860511d,897134,829297.0,896.0,0.00108,1,2,222
2025-05-17 17:52:33,3d8ec26f536b708575d7449f1ae483a7f1c7869d1ea73008538b810ce08de1db,897134,893336.0,896.0,0.001003,1,2,223
2025-05-17 17:52:33,8dd6c34c91e72822b575fcb4e0b133c8b58d0bffda30edb57429d017a1291e16,897134,106240.0,1466.0,0.013799,2,1,336
2025-05-17 17:52:33,98ee90f3489d7d6c086c039f6f27ea70f21e47f324670578975004e36ed55c4d,897134,24475.0,480.0,0.019612,1,1,191
2025-05-17 17:52:33,ab1bb04753446a1fdac796d8e3b2ff3b69353851b500dbfbcb8c01e20e0a355b,897134,180257.0,710.0,0.003939,1,2,226
2025-05-17 17:52:33,101fc2e37f92a9c94f28c4e55151cc9c96fa76c8818c325efd631f56cd9ad508,897134,190677.0,892.0,0.004678,1,2,223
2025-05-17 17:52:33,b25a31266af615802c25fd7f037fca1242f78b30422ef6c582c443958b619de4,897134,112777.0,1218.0,0.0108,3,2,522
2025-05-17 17:52:33,930969d72e57debd61c8ba6944c20e6cc7e3449056c165c4bfbb10aca4f43739,897134,83335143579.0,970.0,0.0,1,2,222
2025-05-17 17:52:33,759d9f7c6221b254486edf8232de1c6da8a832eec4e477065ee8c97be6e0c563,897134,1300902.0,975.0,0.000749,1,2,223
2025-05-17 17:52:33,9b00920c681dd1ba32a00fbf4cc5711b2c122521fd58af2237e87b4257b0f11a,897134,7079373.0,975.0,0.000138,1,2,223
2025-05-17 17:52:33,1f6b35c69b66e49d1225cbe3639cb0303c2b139bdb0a77ef357a46d5c65e15c1,897134,613537.0,1588.0,0.002588,2,5,500
2025-05-17 17:52:33,e5192b1411083041e82c113b6c0842b9e5bd69028c232c09146b52c41b3db5ad,897134,1837537.0,1588.0,0.000864,2,5,500
2025-05-17 17:52:33,fb15853f76c2a997b5ad3b192d28fce0cf16a1c64bfb446def557de462499f23,897134,1225537.0,1588.0,0.001296,2,5,500
2025-05-17 17:52:33,1a18db16746fac4df824229ed27345b98c2e8c3e5f6a484910980174b799940d,897134,816575.0,1588.0,0.001945,2,5,501
2025-05-17 17:52:33,174dc44b97ddb1073833e96b29f029aeb9ac30db7612926973d07010a89447e3,897134,633937.0,1935.0,0.003052,2,5,500
2025-05-17 17:52:33,56a026372054514a117051c505accbcd9ed9792b5b4f0a7bf498ba4dadf8c1cd,897134,819034.0,600.0,0.000733,1,2,223
2025-05-17 17:52:33,4774c65333e25ae9d27cbb7c2778d1b34a203f635fe9c93de5fd4a40555c8bee,897134,3061537.0,1935.0,0.000632,2,5,499
2025-05-17 17:52:33,6f3c2fa76ff53b6be1451beaa3668a1457bb94c36365f092147509bbb82ca471,897134,3882559.0,872.0,0.000225,2,2,371
2025-05-17 17:52:33,1d79b023770071744a0452755e802272d320d3529f4a2f949ea8d7f79ef5c7de,897134,4588948.0,636.0,0.000139,1,4,285
2025-05-17 17:52:33,2d6c9a0265d02731c342b4b87c61375bec7cf7d7e47b260a3405cf682b0ef9d0,897134,3791833.0,450.0,0.000119,1,2,223
2025-05-17 17:52:33,0148ec399d50dced5d2a98b3b60a720efcc2f36c8ec4146ca9083a1a02816a4b,897134,71250.0,750.0,0.010526,1,1,191
2025-05-17 17:52:33,0f958ad5d7c84ab475f47cade0ccc7a8366f6cfea2fa7011685359120989e131,897134,1136775.0,348.0,0.000306,1,2,222
2025-05-17 17:52:33,01b49aa43996ca47676efa6574d0e73aa8574792ae238111acbd6dc780c4e4e1,897134,6191858.0,1032.0,0.000167,1,3,253
2025-05-17 17:52:33,59ba56138fcb109305aab179cb55a15673ae976809dbc7b0d0ca725eb8945cbe,897134,6305819.0,609.0,9.7e-05,1,4,284
2025-05-17 17:52:33,ba53d84586b1fd7ca370a30951cc1ae6a3ecd5e9ea4789039f02b7c93294b531,897134,54431.0,963.0,0.017692,2,2,382
2025-05-17 17:52:33,1f64de2d101ae17eb1536997bc50ed7b741639c2a394bbd66d939d582ee4d360,897134,326569.0,670.0,0.002052,1,2,234
2025-05-17 17:52:33,127aaa407078ed630af0a498984fe6721fe2ac0e52bb65ebd51b2d69430b38f9,897134,387244.0,929.0,0.002399,2,2,375
2025-05-17 17:52:33,7dc2837a418cebad4c2eba51ee8dd40fe3e9f8dab524601754630d318aa2a7bb,897134,491091.0,929.0,0.001892,2,2,375
2025-05-17 17:52:33,033d3c6e77dddde7012b9c8f88d7d7bfc50f77e5c62148e53344914d4953d0b1,897134,312063.0,929.0,0.002977,2,2,374
2025-05-17 17:52:33,2f79c6f81ec91ae82bff9816a8706ab1de298b4a619ad3f46a6a6657612a0db1,897134,705719.0,929.0,0.001316,2,2,374
2025-05-17 17:52:33,c0bcdf03bec9c8ff483736a8f18c61fe3d1cdb92bf00be590986c1d5a36ce1ab,897134,12349973.0,929.0,7.5e-05,2,2,374
2025-05-17 17:52:33,0dbe712d7e049f30c957c6d5cfd400236dccb89581e1f41096bc2afeec7f956f,897134,302553.0,929.0,0.003071,2,2,374
2025-05-17 17:52:33,6ca4438b2703bdf3a2529a9a6528848ab17b7c78e3f17f698df2a9b49be29163,897134,147680.0,929.0,0.006291,2,2,374
2025-05-17 17:52:33,94f6b4ffc8a883666171e8cedd9876cebd9868f6083750710df21488e5b7174c,897134,13591.0,929.0,0.068354,2,2,374
2025-05-17 17:52:33,3e8c966774459a30cb4a44817b2c2ee77f512af6180f4c1ba6f6fb1fbadced3d,897134,255115.0,929.0,0.003641,2,2,375
2025-05-17 17:52:33,1d9c4a59d4a9abd76faad1d840461b339a80ccac4909144fdacb2a14607d7b0d,897134,979134.0,929.0,0.000949,2,2,374
2025-05-17 17:52:33,ceac94b001da69dbb547dca34f274fe4abbbac57cd2792ea2a42583da0b7320b,897134,4046557.0,929.0,0.00023,2,2,374
2025-05-17 17:52:33,52b1d0e814356c425d1720d8d7b8bee06a66fa7da857890c79ebcd4912e1bc36,897134,44451.0,1300.0,0.029246,1,1,154
2025-05-17 17:52:33,e54c0a033c14a18d4e5efa048a9c593f0e7017c0a8809f1d11c2507161ce426e,897134,45751.0,224.0,0.004896,1,1,406
2025-05-17 17:52:33,8bc8c0d3b1055ec06df8802537df12438bb523665e2ec39164e6acdf08024e40,897134,953683.0,352.0,0.000369,1,2,234
2025-05-17 17:52:33,e53ab0a5392d5d96d7f43519dfb81ad5302483ce2e79161c581220b7b1e0035c,897134,1003885.0,1374.0,0.001369,4,1,637
2025-05-17 17:52:33,73e314cec70509e690680c8562390b157ecc5a5311ba1f6803bd541013d72688,897134,34422.0,1060.0,0.030794,2,2,373
2025-05-17 17:52:33,2bfe6ac026dccab93c6cb4bb1305daa11683e2c70d644a0c649ad74b3e4ab3be,897134,134996.0,840.0,0.006222,2,2,371
2025-05-11 17:27:36,260cfdcbbeb2014741b9b8bfdf0455e47b33a966586e39b25ce3631173411c7d,896286,52137.0,154.0,0.002954,1,2,205
2025-05-11 17:27:36,addbe73139dd058c29d66a250aea1082c624989056a4920c329fcc6d70e1fd7c,896286,34575.0,217.0,0.006276,1,3,298
2025-05-11 17:27:36,42056c5f85f62e0636bcf93f0fed2f82e42941b7e2a329ab602c28265723d57c,896286,35122.0,217.0,0.006178,1,3,298
2025-05-11 17:27:36,753a68026109de9a9179f58363e6581a9b6c60f8a5d61a470ca103ba5660a27c,896286,351.0,129.0,0.367521,1,1,268
2025-05-11 17:27:36,0c38b782e64130b0d286a6ff47c6af8b202574af67a43badb2e86ea17cb3927c,896286,52998.0,154.0,0.002906,1,2,205
2025-05-11 17:27:36,fe7fe096ffc871f4c7f5a0632e9644199c4f0bc079ba75758f7351795d7f537c,896286,330.0,152.0,0.460606,1,1,323
2025-05-11 17:27:36,d7191199215e9184853dba2f0604cf4f2a61d381485cd9c5a29a6fcb997c1f7c,896286,546.0,136.0,0.249084,1,1,297
2025-05-11 17:27:36,797c12fa82cf5f90f12085798293326c3f00e3dc9cdbe48b6aef3fde4c3712cb,896286,103747.0,196.0,0.001889,1,3,277
2025-05-11 17:27:36,75a189a7d9cd5aa86386fbf56b81f85ddb73e62793de942367427c9111e80b7c,896286,435.0,111.0,0.255172,1,1,162
2025-05-11 17:27:36,3e480e8031f8c6b6cbe261b4c9666dccddbe94799453a254f06bc5d121ebf97b,896286,102858.0,142.0,0.001381,1,2,193
2025-05-11 17:27:36,fd94ab49066b6c56e6a6c20656373ca360b3d87459284f6bd91e3a4e050df67b,896286,17283.0,110.0,0.006365,1,1,192
2025-05-11 17:27:36,a5ea55966292212c90bbb0b17147b05b2eb4fe9d63b0acd611758f21a798eb7b,896286,307974388.0,209.0,1e-06,2,2,371
2025-05-11 17:27:36,b1c76520f9a6914cc678e8ded29c7dd1a22677520b561e76cd8a79c386ffe77b,896286,330.0,151.0,0.457576,1,1,319
2025-05-11 17:27:36,de36affa41e3d7c9106210af3ea7d31dd244d368486d49386d47a1c9443e9a7b,896286,330.0,139.0,0.421212,1,1,307
2025-05-11 17:27:36,0976b157dd2749e873363829f3fbc0cd01de0bc4a92f34116079a344efd8827b,896286,330.0,152.0,0.460606,1,1,323
2025-05-11 17:27:36,fc96dc25b75542617247f26976888a2b48f65efcd1a933e672c7c911a63f3c7b,896286,330.0,151.0,0.457576,1,1,319
2025-05-11 17:27:36,e627068c8ca3e42790d39aa63262728c07dce58d7dba1ca5f8959922773b367b,896286,4935499.0,168.0,3.4e-05,1,2,249
2025-05-11 17:27:36,0be885353245ef524702d9808b9ac0945d52981681717ce766e3461a7539327b,896286,330.0,141.0,0.427273,1,2,222
2025-05-11 17:27:36,4c23d207057a126f1b91537b2d2e76f87d021971abc0888184d9912032f290ba,896286,471.0,129.0,0.273885,1,2,211
2025-05-11 17:27:36,71b823c100c9b90608b99d11057d733c6c567143749c1386c5e0f4433ece147b,896286,330.0,152.0,0.460606,1,1,323
2025-05-11 17:27:36,1f04951746057e1e9ef4691b9d08a135d7dd0acadc96c8e88cf0568f5b81127b,896286,351.0,129.0,0.367521,1,1,267
2025-05-11 17:27:36,97be23a7c24c6a5f9599a0c522a5179458b88d32610e11522c8b0c75ef0fca7a,896286,330.0,151.0,0.457576,1,1,319
2025-05-11 17:27:36,e89c1443fe31f8065ef1bfa460ff5d88d63320208b7659238c49a1ff88f2987a,896286,351.0,129.0,0.367521,1,1,268
2025-05-11 17:27:36,b776bb9fa3e3ba51dbc11a4926bbf4eb9aeeab243383977586afa62e86d66b7a,896286,330.0,152.0,0.460606,1,1,323
2025-05-11 17:27:36,4ee8705a29dd9a5d9b5f9a6991da4fce0a32a6ddcd9bfc645f9c0e1742b92f7a,896286,330.0,139.0,0.421212,1,1,307
2025-05-11 17:27:36,84b30830b1e258e7ce3cc649fd88e899219ea23db985d5c87bc352ddfc5d157a,896286,330.0,152.0,0.460606,1,1,323
2025-05-11 17:27:36,c5a7babeae2f48f7d4ea5df0e8b5498301236d49e5dcdfe546d72e86e4ba037a,896286,546.0,154.0,0.282051,1,1,331
2025-05-11 17:27:36,361ccb8aaac61ed64a90963580799e37a23094aae6cc5015bb9dec47f18b77f5,896286,879500.0,154.0,0.000175,1,2,205
2025-05-11 17:27:36,6ab206f0bfe1c200154fc4ba08cdb632693082f181ae2a92d9d9534e6449f279,896286,330.0,151.0,0.457576,1,1,319
2025-05-11 17:27:36,5207f69d418286246f29265247dde2ef9297d8412fee5b46c467eec3df36f079,896286,110439.0,209.0,0.001892,2,2,371
2025-05-11 17:27:36,dfe771c278e19d532a80a06fadb12cb1cfbf0ff1e792ebf6abd415867b63b879,896286,330.0,151.0,0.457576,1,1,319
2025-05-11 17:27:36,83ff50aa39965107aabfa313b599524aed7a7d4a1e1cf3a7b67efa21bf409779,896286,5628362.0,141.0,2.5e-05,1,2,222
2025-05-11 17:27:36,16c0c587e613473a85808cea1afe934c01d434c1ecc20a5d1decc970a49a7f79,896286,435.0,111.0,0.255172,1,1,162
2025-05-11 17:27:36,718242f56f3810a05dac13e73ab58f384e1ccd51f0082eecc5c07f30fe327c79,896286,423191.0,141.0,0.000333,1,2,223
2025-05-11 17:27:36,6eeab55241578aab2c245ea049d895aaa205c357c23703b39f89b49b2db57379,896286,546.0,154.0,0.282051,1,1,332
2025-05-11 17:27:36,6a160fba3765618a6e4bfe8960b1af417a3536a0f1b9b4743a201b93e3b12a79,896286,330.0,151.0,0.457576,1,1,319
2025-05-11 17:27:36,98053cad3551371e6164acc0cb4d318471b3fd2882e5656316f1222c628f0179,896286,470390.0,141.0,0.0003,1,2,222
2025-05-11 17:27:36,34ad6c545e0553efb800e25d3b79f7bfcd4163fe086fc0d904f5e308cb1e0179,896286,546.0,152.0,0.278388,1,1,323
2025-05-11 17:27:36,c29398e14f0fbafb5a5dae02d6d59d1dcfb24d02fe1766a3af6e7caf34a1fb78,896286,3386.0,261.0,0.077082,2,3,392
2025-05-11 17:27:36,79b4bdc0913791cba9f42678f2f3358e5d6b72d99e1f71bee63a5805297ce778,896286,546.0,152.0,0.278388,1,1,325
2025-05-11 17:27:36,2dc340f861f91335cad7fd4082d78da47f95417deedff731fe489e2cd58650f8,896286,13979.0,154.0,0.011017,1,2,205
2025-05-11 17:27:36,145a26ec8dd88d146d28e0eb5eb57b23e28717339fc69197fa2481bb09d7d278,896286,330.0,152.0,0.460606,1,1,323
2025-05-11 17:27:36,9b7f596bc7c7a1881b8512f482b08cb0b79bf375bb60d0faa9f764328d99b678,896286,330.0,151.0,0.457576,1,1,319
2025-05-11 17:27:36,b7ae37df5bde290160ab1eac75130f84d16442bbc02a2d054ac4a2b02729b478,896286,1008991.0,439.0,0.000435,5,2,841
2025-05-11 17:27:36,fd56ed1c873174b1bf3722e0ef29ded6704a41dffbf4bc9908994790848a1cad,896286,26271.0,166.0,0.006319,1,2,247
2025-05-11 17:27:36,f7c2dbca36e91364c948a6a0769eaff781b2f6abf60c02c4ac2b8efe58732582,896286,11956.0,164.0,0.013717,1,2,245
2025-05-11 17:27:36,106cb4f18d5124f2fff108417915438e34a8a54420001fee503ffa4e610fad78,896286,1161933.0,344.0,0.000296,2,5,476
2025-05-11 17:27:36,6656514d45c1aa905e4517d8a50e7436cebfabff6aa307d1217c04972f71a178,896286,1675308.0,141.0,8.4e-05,1,2,222
2025-05-11 17:27:36,9dcae4f534acfce8e71be2c64cac975fb09af9618bce131646dada28494b8c78,896286,330.0,152.0,0.460606,1,1,323
2025-05-11 17:27:36,7e34aee953049530ce611906690706ed72b13a5058ae44486812b395cc186178,896286,351.0,128.0,0.364672,1,1,266
2025-05-11 17:27:36,33bd8f6b3efbcd1f8f4fff4df335ef1b6c45d4eb101034c86b71ebd2906a5278,896286,16301.0,217.0,0.013312,1,3,298
2025-05-11 17:27:36,108c91dcdc00647b486755cb90f0a905f6c8ffccecf2faec2d2f302c9da15078,896286,330.0,152.0,0.460606,1,1,323
2025-05-11 17:27:36,c39b6a5cd3b99cd6e3bc8f3755885aa4ca57bcef7073b1fb336110779e893e78,896286,68947268.0,165.0,2e-06,1,2,246
2025-05-11 17:27:36,7c94dd76af7c0009fc2579e521075ad3b7890b15b95b17c9d8a5660f1dd2fe77,896286,546.0,140.0,0.25641,1,1,312
2025-05-11 17:27:36,01cb60589ef80f3dc3bb693db575af73cc6a833a9c761ddc22f068dc508cfb98,896286,15720.0,153.0,0.009733,1,2,235
2025-05-11 17:27:36,0a3a1d50cc0622c1c0dc3a2ce4733fced487a01f48e277045d4ba97924fde577,896286,24078.0,258.0,0.010715,2,2,420
2025-05-11 17:27:36,82cd3729e59896d40cb53601d7574bf5ed0bdd1f2477345f1123330c75b8d277,896286,11836.0,164.0,0.013856,1,2,245
2025-05-11 17:27:36,eda6bf9ddabfb3d806baf90db71195ae549d57ed2effa6093e7371c04bd78677,896286,546.0,154.0,0.282051,1,1,331
2025-05-11 17:27:36,ce93c21e3d4e8071d3c652b552aa6e97736f2bcf5164cab01ab81bf1841ff57d,896286,78684.0,154.0,0.001957,1,2,205
2025-05-11 17:27:36,79611d73c31555d1754d23096868a857fe71905f71a3e27464f30bb382ca6f77,896286,546.0,153.0,0.28022,1,1,330
2025-05-11 17:27:36,9041cd8b139cae1f9b71bb46168cc773d212cef7b9b5f551217bbc5becf24277,896286,546.0,152.0,0.278388,1,1,323
2025-05-11 17:27:36,6bf64626d4de10e84cca1bf76caae49d4133b3ecb5006aee6c552db72c052977,896286,351.0,129.0,0.367521,1,1,270
2025-05-11 17:27:36,06632e0eb5467a3281c4fb4c1c80bb4fca3b2fd219a2a424ca5f6409af09f576,896286,1103913.0,141.0,0.000128,1,2,222
2025-05-11 17:27:36,40e04266db7c7c2e6e032e2b7b412382140d00c839e5d7603dc41b5efb07d976,896286,546.0,152.0,0.278388,1,1,325
2025-05-11 17:27:36,93e49b7391e01b3a9590686f20afed82e0a965001e56e8c39552421ce693d276,896286,546.0,152.0,0.278388,1,1,324
2025-05-11 17:27:36,297a1f37bcff1672b9ca7deca2348911083705ba6c4cef0a1c5ba94216cdcb76,896286,330.0,152.0,0.460606,1,1,323
2025-05-11 17:27:36,56ec15ed5eb92c16e90404007a020055626cbeeafd32ca33fe56ff921d64ab76,896286,330.0,154.0,0.466667,1,1,331
2025-05-11 17:27:36,bd477e49f27bd7d7d4b9dce145dd001ffbf21846491455631086ea36c56d6276,896286,765548.0,160.0,0.000209,2,1,260
2025-05-11 17:27:36,26a47d56a3eec0a3c98540a333d63b33153bfa3379493d35868955a039304a76,896286,330.0,152.0,0.460606,1,1,323
2025-05-11 17:27:36,147f9d56b6697546c6d7942f7d4ceadff28b59a6365428097506a1675e483a76,896286,147202.0,141.0,0.000958,1,2,222
2025-05-11 17:27:36,c4602cff98a519a9a180a19675511f4d3edf6adbfe6311906be0aad342501c76,896286,11424358.0,165.0,1.4e-05,1,2,247
2025-05-11 17:27:36,b963a8ef6783e7dc827c8abbfba10d0e5f4e3680f24b34cc727a186f52ad1376,896286,330.0,151.0,0.457576,1,1,319
2025-05-11 17:27:36,fe971ded6b717d6589cf77b0bfe94097f42cee401a25420ffda85b2bbc960676,896286,546.0,140.0,0.25641,1,1,312
2025-05-11 17:27:36,d4acf0f5944d1fc6190061ac0671623255c56527a0ab237cf040520e8dd14aef,896286,32784.0,153.0,0.004667,1,2,234
2025-05-11 17:27:36,8e9cc4b8bc74b9416eed22a6d47b5b18310b63f1bf59708f4f3cf708b075f475,896286,330.0,139.0,0.421212,1,1,307
2025-05-11 17:27:36,71de6e30f3980c4d1ecca3998c44a8962b481e939b58b1d542253daf348eee75,896286,47688.0,223.0,0.004676,1,2,223
2025-05-11 17:27:36,18906bee27bb97d330f7a11d65dcd6b6e1b607b2eef3731eca23b71769d6ca75,896286,546.0,152.0,0.278388,1,1,324
2025-05-11 17:27:36,5e23c3a4bf5e653d74701e2b09dfba5d96410d0b185aa8b5dbeb0aab6dc5c675,896286,330.0,151.0,0.457576,1,1,319
2025-05-11 17:27:36,f4d363565e8329950808c0b98382e8002016b12be4dd29c448106fd46fd28f75,896286,351.0,129.0,0.367521,1,1,269
2025-05-11 17:27:36,f7ec84f5340b86d21cd8c8d71973ec6e7e005695fb938a3179a40efe7eba7375,896286,364785.0,659.0,0.001807,8,3,1305
2025-05-11 17:27:36,40d9aaff3f6f16449524aecf6935be28534a92864d18b70a04a4bd8264c05375,896286,330.0,152.0,0.460606,1,1,323
2025-05-11 17:27:36,9a2b247c0302d2a3f3e020f13f46d15381cdf21ff03fbd6e6211ad4380992d75,896286,330.0,151.0,0.457576,1,1,319
2025-05-11 17:27:36,d09d34cac223579f03470719819139869ba942c254cec08aeb71e18fc78c2275,896286,56038.0,217.0,0.003872,1,3,298
2025-05-11 17:27:36,4387da3f01d6117e61f77d942fd22321a163978c73791db8035ddd316da8a174,896286,330.0,152.0,0.460606,1,1,323
2025-05-11 17:27:36,738e3dd23de68747984fa3d6e58ab79d9f7caf92f6c7827ad15ea319e8505174,896286,330.0,151.0,0.457576,1,1,319
2025-05-11 17:27:36,01bb000ec94cec4fbe1d816a2f4d247af7057c6843b9709aba06b5e2310c0b74,896286,330.0,139.0,0.421212,1,1,307
2025-05-11 17:27:36,fc198e2ddc113e53a17760293a343c057e613ae95a91b39ee4b17e51ecdb0474,896286,330.0,152.0,0.460606,1,1,323
2025-05-11 17:27:36,1fd7cea68dd62778dc312e821184056e285720fa56f36108addaeecb0289fc73,896286,330.0,151.0,0.457576,1,1,319
2025-05-11 17:27:36,f1d102a801d0645e07a0c3d552ee94e4597a5411818b9b11e2d1be4b8cede373,896286,184320.0,142.0,0.00077,1,2,193
2025-05-11 17:27:36,c4b7f0142a54b2a870d9732605d1f5fb11fa886a14a96027f452fb3b1328a5e8,896286,194076.0,142.0,0.000732,1,2,193
2025-05-11 17:27:36,530a6d622f608cb57d2dee4f3ffb16a0ed2585f1a9bf126d75ddfb1294b6db73,896286,127003.0,144.0,0.001134,1,2,226
2025-05-11 17:27:36,d829edd71f39d6c736c5c859b78de201f5ad0b04f68a41a21197eb2d45aecb73,896286,330.0,151.0,0.457576,1,1,319
2025-05-11 17:27:36,18531a7b739aad623f8c49144dc6c38cdc3f957e2ce2d39f53441efeeb88c273,896286,78274.0,212.0,0.002708,2,2,312
2025-05-11 17:27:36,206a22569af6cbe629b0e4d3c33e30ffda811e434d608885853dc81de6eba273,896286,330.0,152.0,0.460606,1,1,323
2025-05-11 17:27:36,ed0a0d94832c188fce38466a35ef6ac0c7be67b71b072279cac80471bd02a073,896286,330.0,151.0,0.457576,1,1,319
2025-05-11 17:27:36,5c5928794b305ab9f80eed471976ba0c61706add0739d8f06cd8ac6075498c73,896286,354475.0,154.0,0.000434,1,2,205
2025-05-11 17:27:36,af76066d9d623127a39afe470084dcd4c8ce019f23c64645174f511dfcc48873,896286,330.0,151.0,0.457576,1,1,319
2025-05-11 17:27:36,0377b1cbdf68e0676b18207a44473abe89b8fa4d37ff3ce47f7bee621deb7b73,896286,481883.0,142.0,0.000295,1,2,193
2025-05-11 17:27:36,a5237a11536ab3a9fa491b034cf6147e648bc57b43ebeb64c27feeeedb897a73,896286,546.0,136.0,0.249084,1,1,297
2025-05-11 17:27:36,2e4efdc5fdaf003cdbcf5aa01e8f96f2d5c4f823e7f0125b64f52093e027cf8b,896286,24804.0,196.0,0.007902,1,3,278
2025-05-12 03:41:07,317bfdf3d3d10a77be0db1a1f4ebf7f8ceed4b21f1dc9baf194751b070ccf657,896353,736259.0,220.0,0.000299,1,1,191
2025-05-12 03:41:07,f89e725bfb9d756476f916da01c9e9c74540278d627f4b08f542618ebbb2f257,896353,330.0,304.0,0.921212,1,1,326
2025-05-12 03:41:07,80fe7b8de8cbc0e4aac603d089e737031a6f12abc18fc141ba9e48e358afd6ee,896353,3447.0,394.0,0.114302,1,3,248
2025-05-12 03:41:07,a1ce090d000b64b14f8f777cb183030fec9549f0cd6277ef5fa5827d0dfcd957,896353,4237202.0,282.0,6.7e-05,1,2,222
2025-05-12 03:41:07,ac1fad0463894b701f12ee1f98a8906b7f248df187b926585bb7a440221f6957,896353,546.0,304.0,0.556777,1,1,323
2025-05-12 03:41:07,9935e253cfb10ee26cdd16c3b5b47ee0d51cf74e9767f9688674e3e71706b456,896353,546.0,280.0,0.512821,1,1,314
2025-05-12 03:41:07,d6dcaf11512d5df091b7a5cfe764bb64254988d55f8d7b01e290a5a9134a9e70,896353,62506.0,306.0,0.004896,1,2,234
2025-05-12 03:41:07,c9d98740dd6c08144ada219c7133c6c5b6a9ddacb01b88cb05ea57cbe7b85e54,896353,70240.0,434.0,0.006179,1,3,298
2025-05-12 03:41:07,9bf07b7c8ee55651349a85aab162c10e5e3f1dfc1bcd822140e2ba0f33bc5852,896353,119455.0,434.0,0.003633,1,3,298
2025-05-12 03:41:07,358d4a2ffe58f7b2bed98fb12206ebd2e375737f8040529ddf51e9c25f173550,896353,64110.0,434.0,0.00677,1,3,298
2025-05-12 03:41:07,e5e26217cb024d8cdf7841291e170360511a8afbaa5c73922365d232256f2d4f,896353,153379.0,434.0,0.00283,1,3,298
2025-05-12 03:41:07,50d67474d2ff5415c0a1c0398e6acf95abd0124436dabe7f3aace309f8cb7b4e,896353,123774.0,282.0,0.002278,1,2,222
2025-05-12 03:41:07,27951aa3329493a6d0ad12acd1b16e8406632eb7d032e6c9e035005d2ab57b4e,896353,1372699.0,284.0,0.000207,1,2,223
2025-05-12 03:41:07,f046d617c9dd32b3f2d92bc5af3982d37e1959c6a042e746bcf1e0405d5a764e,896353,65968.0,434.0,0.006579,1,3,298
2025-05-12 03:41:07,b87334abb20bdf26482938543ab8dc8714216a57e98ada5022ea926a0316ef4d,896353,134587.0,434.0,0.003225,1,3,298
2025-05-12 03:41:07,ffe5272fde686f872972e0ecae1a921fbd57a7c02a11f84c3878588e23fc8d4d,896353,50439.0,288.0,0.00571,1,2,226
2025-05-12 03:41:07,b73c80fd6480f3beeb7063dd2e028b4f5ef5d1b151c8a2d5eeff80d447032b4c,896353,64482.0,434.0,0.006731,1,3,298
2025-05-12 03:41:07,663390200586f0c746fd096575f89d303953206848a9af84a97038b1c13c9c48,896353,1571.0,410.0,0.26098,1,3,286
2025-05-12 03:41:07,eb10a26ac4790b6cca4969cea0a92e5260da9c33d3dc9e6fee74362bd2017a48,896353,94662.0,434.0,0.004585,1,3,298
2025-05-12 03:41:07,649a7f79860b35ba90b7d415e8990cc442d0a382e48011525ab7ee4976f80448,896353,149894.0,434.0,0.002895,1,3,298
2025-05-12 03:41:07,712c699bdaf84b8758dc0f1f548fb54a5cbae5bfdd3c1908476b76e02f2ffa47,896353,98811.0,434.0,0.004392,1,3,298
2025-05-12 03:41:07,51ac7d0ebe9e0f25c51bda45cef9981caa934fdd81df60dc9d34749264179247,896353,89608.0,220.0,0.002455,1,1,191
2025-05-12 03:41:07,995a15ccc5c71bf724a7bf51342121b5e0df9630fcc46b4ba92cd44966115b46,896353,4668309.0,308.0,6.6e-05,1,2,205
2025-05-12 03:41:07,5fff3bec52fe186e0d3c80334ef3e33f9ccb2b7c6a007bb7d091a58018275646,896353,1085245.0,452.0,0.000416,1,2,226
2025-05-12 03:41:07,bc9a1ed3ac6be76fbed0f85af6354e099d893c0c08dc31b11235c9abaf005646,896353,625972.0,226.0,0.000361,1,1,194
2025-05-12 03:41:07,2f884af5e60ad80a9272414ac2a738faef6e00e7350f956f49653dbed61b2946,896353,63893.0,434.0,0.006793,1,3,298
2025-05-12 03:41:07,30940fe72c97d8daf556c6cc56c26038f8c145394ad77cfd815b5dea78b99645,896353,39523.0,222.0,0.005617,1,1,192
2025-05-12 03:41:07,6cc85f79a808b4a8a78045678e73cb0fa8b613748efffe806c573938d4557645,896353,95674.0,434.0,0.004536,1,3,298
2025-05-12 03:41:07,7fc6e7ab971cc237608cf1f3520f86fffe4b3bded5604e7f4a8facb642fdfb44,896353,29922147.0,336.0,1.1e-05,1,2,249
2025-05-12 03:41:07,53ee6385fa496e3057ce5c483d28bb7a0bc2601a19e89abb6bd3f4a33775c244,896353,27313.0,222.0,0.008128,1,1,192
2025-05-12 03:41:07,6749bdb6a26fc2602c860b103e4eca0d4bc6f3c78b474145424fac6c8f68b741,896353,3696.0,342.0,0.092532,1,2,308
2025-05-12 03:41:07,3d6124686de3eb500b8670eb9d3cc58925d4d8243fd730f91e0db16a8c7eb541,896353,3507869.0,268.0,7.6e-05,1,1,216
2025-05-12 03:41:07,18e7a20358852f83776f1b6c4862e09774272ec077a98becf974e827c2fa8e41,896353,69705.0,434.0,0.006226,1,3,298
2025-05-12 03:41:07,c1cc70d609ad81e92428b4d42f663d239843823b887ed0485f91808a008f9340,896353,78753.0,554.0,0.007035,3,2,521
2025-05-12 03:41:07,ec7047632e72d431703360d8937f2628f1a0ce5827edf6c617e4088d3494b13e,896353,170532.0,222.0,0.001302,1,1,192
2025-05-12 03:41:07,e81442c22e61217c7ebb6a49ab3acd633764eebd46eb7252ac0f2ea1a91dfd3b,896353,16928.0,244.0,0.014414,1,1,203
2025-05-12 03:41:07,bbf58778397692e7c7427ccaf6bcbfc7d9a6ae32d474493656ef2f22ca5d973b,896353,676418.0,282.0,0.000417,1,2,222
2025-05-12 03:41:07,29ee2bdb223b6cf8d299fc61910310a8330365bb3def6371dc644d47108c013b,896353,74923.0,434.0,0.005793,1,3,298
2025-05-12 03:41:07,4fc4c3f01c131dd233f80ebab354afcea4406c44f019b13eaece837425b4ce3a,896353,18891.0,204.0,0.010799,1,1,153
2025-05-12 03:41:07,ada24934af2c44bade0c6270df5043210ba213a8ec3f9be95eaec7b24294323a,896353,64110.0,434.0,0.00677,1,3,298
2025-05-12 03:41:07,46843f7542ab169e059cca7640f6fdd845af7e1320b718c7801bca4c9554fa39,896353,711385.0,282.0,0.000396,1,2,222
2025-05-12 03:41:07,8142f8dcd1dc38374f20bf400386d49ab6f9203ced7f235f1aa3e78753d4d339,896353,44178.0,204.0,0.004618,1,1,153
2025-05-12 03:41:07,4ea8148d844d6b1710f0a6cf6ab111424d1a003610461b315846b2616886b038,896353,73652.0,288.0,0.00391,1,2,225
2025-05-12 03:41:07,af13bbb704bde2cc518428a6aff7b3bbc5922dda7b2fcd91736846727e6f1b37,896353,128652.0,220.0,0.00171,1,1,192
2025-05-12 03:41:07,5a614308044998b8e47b945cd6795ed82b7d4a1f7101d60650b0c632d90bd936,896353,173098.0,220.0,0.001271,1,1,191
2025-05-12 03:41:07,debed02a1f1c6e4ee269ec67ada32f76db5aa639f89c094b7b9ff33c54662936,896353,480218.0,282.0,0.000587,1,2,222
2025-05-12 03:41:07,c878fe5206a601455612915dbeaa1ad0e46a3fdd5eee95604b9b02a4e1ffd135,896353,64482.0,434.0,0.006731,1,3,298
2025-05-12 03:41:07,cf1e7c514838b71869a081313a4bece3bffa5488fb12b357c0f808255cbf9135,896353,94115.0,434.0,0.004611,1,3,298
2025-05-12 03:41:07,7655bf1bd331ab4ece1b790706759ff11a8a6b6e61075f14ce0c685e35507434,896353,266136.0,226.0,0.000849,1,1,194
2025-05-12 03:41:07,fe012aeddbcdc13bca55ee4585c1af9f4e272f74d0d63303e1ebaa25b70e5034,896353,196733.0,284.0,0.001444,1,2,223
2025-05-12 03:41:07,fd89c26c5e40402b9cbb0e85fc50e3f312a0fecc9874d6aabac06d92b722bd33,896353,9492.0,220.0,0.023177,1,1,192
2025-05-12 03:41:07,cc99a45356a22971cfd44e702b9668aa274c312176827cc99a1b76047b0b4733,896353,94662.0,434.0,0.004585,1,3,298
2025-05-12 03:41:07,dca061f0b870fdcb9b942a27f02cf9f7c286babc6477cd54d1cfd8e739adad32,896353,122841.0,434.0,0.003533,1,3,298
2025-05-12 03:41:07,83796a974eec18e80f5e408e7e6e3a8bc69dc0f61b4ee12e0074b0f1bd740130,896353,1039.0,410.0,0.39461,1,3,286
2025-05-12 03:41:07,590841d682f3e1ad9e5652273bcb67f093618ca452ef4023ecc91aef8af2ba2e,896353,94662.0,434.0,0.004585,1,3,298
2025-05-12 03:41:07,1bf9b786a066c4d099ffa0360864f187e49c651104452d29da5f94409dc2b72e,896353,63893.0,434.0,0.006793,1,3,298
2025-05-12 03:41:07,0a109c4d8284fb0ad28eb412e62c64fbd51b9d7844179d2fd6b8551e443b9d2d,896353,139094.0,226.0,0.001625,1,1,195
2025-05-12 03:41:07,6251f33cc2e36f5e7dd52f8c12a240b49dff1e042adc7daaa50f33730aff1a2c,896353,6266750.0,284.0,4.5e-05,1,2,224
2025-05-12 03:41:07,cd362da4fa078b4282669f24b69bb6e7a1cbb1bc7d193a474608b41a1b28532b,896353,1612525.0,284.0,0.000176,1,2,223
2025-05-12 03:41:07,883f19f2bac797273a841e4181ce21537da35073974d032b0d715153cf333a2b,896353,127682.0,424.0,0.003321,2,2,312
2025-05-12 03:41:07,6f495ccfb4da8868ebe51d4fb16463791b6b8eeb52ccaf958bfdbf42a8882b2b,896353,64482.0,434.0,0.006731,1,3,298
2025-05-12 03:41:07,54f88cd47ac19ce6eb9f0e3b3a164c81e8a197ebf6ff5676397f35dadbc5ca29,896353,14060755.0,222.0,1.6e-05,1,1,193
2025-05-12 03:41:07,32499e7dfab89261f05c42ae84fba90b8b1767bae22c91aeb870dffb5aa94429,896353,1924838.0,220.0,0.000114,1,1,192
2025-05-12 03:41:07,a9a47cd87e72428f3df8497f5787a14bc138434f682b4572f6060a8de5960229,896353,134754.0,222.0,0.001647,1,1,193
2025-05-12 03:41:07,78714051202d3ea4d984c4bb3c37a1454ecefeb2a080405dadbc7451f3a1ea28,896353,227744.0,434.0,0.001906,1,3,298
2025-05-12 03:41:07,1b811bc571af1fbf71bd4c61890672224a41913bfb051b9ecdf529634ce7c228,896353,122841.0,434.0,0.003533,1,3,298
2025-05-12 03:41:07,a5132736ddaf988f9a96f0c37e78761ac08bfe7a447ab430e67b8f12e9008928,896353,381946.0,418.0,0.001094,2,2,371
2025-05-12 03:41:07,e1ea2a5f75b50fe71afd1c79dfa2a0df3cc8d793cea9e75b26bb30858cd79626,896353,5593.0,568.0,0.101556,2,4,416
2025-05-12 03:41:07,29ff7ad064a7a4939da3a580b15b218fd0bf1a5ed8dba26f33eb322069531726,896353,1530791.0,384.0,0.000251,1,1,192
2025-05-12 03:41:07,1d506bf1243954d395145c99cb6c720273c0adb3eeed837c90c0db19e9e82099,896353,1673470.0,446.0,0.000267,1,2,223
2025-05-12 03:41:07,43295ab64865946d882986eb66023798ca9fa47e9e4cdbcd2ab7a958447cc523,896353,1929718.0,282.0,0.000146,1,2,223
2025-05-12 03:41:07,5b1cd3eff31d0c2c2718f5e90459a3a2451111bc1ff06a2bdb461b69779d8823,896353,66881.0,434.0,0.006489,1,3,298
2025-05-12 03:41:07,48b7c771f2dcf7d086a4b3b0c0eeb4e76ef9856cd64b715984fc71c6aa093023,896353,64482.0,434.0,0.006731,1,3,298
2025-05-12 03:41:07,163ffbe5af5007ef6737ef563ba3a47ec968e8ee443b5fb7b69af4ca5ef30022,896353,434532.0,306.0,0.000704,1,2,235
2025-05-12 03:41:07,e34064bff36c6ef007a51cefb594e2cc90bd93d9402882e42af41ad61abd4630,896353,438882.0,306.0,0.000697,1,2,234
2025-05-12 03:41:07,b002f4a8c4b00eba34d9b9f19131fe9d4b21a6603a63a3349877f6849613c91f,896353,92263.0,434.0,0.004704,1,3,298
2025-05-12 03:41:07,983af8631f9b8c0b53d3735b229e6d39fe24fd3af7be11e45dedcac9f886ce1e,896353,223881.0,434.0,0.001939,1,3,298
2025-05-12 03:41:07,305aca522898df8341678265c3872cfadaf8076a314c65a8e9d28a61629ace1d,896353,28967.0,282.0,0.009735,1,2,223
2025-05-12 03:41:07,6b921b299d22fc775296a45eccd5dc3921f17f96079ea94ffc89e5e18860f5b5,896353,62940.0,288.0,0.004576,1,2,226
2025-05-12 03:41:07,9c99066a7bc37218ad06d63c5266bb5a041beb0c79d669ed2d420ec3a9e4c91d,896353,546.0,304.0,0.556777,1,1,323
2025-05-12 03:41:07,47ae9f7f228699db91d0aea6317944c793de958cecb19b77975eed85fef0a01d,896353,386135.0,220.0,0.00057,1,1,191
2025-05-12 03:41:07,cb5ae5572bae04829013dc8a36f7d4a43b68e9414cd43b888d57486ed293651d,896353,152244.0,308.0,0.002023,1,2,205
2025-05-12 03:41:07,11eab11edaca2b598c25a5f4fe88ac69dd80b4e298694e6006b9ba3c4786e31c,896353,67826.0,434.0,0.006399,1,3,298
2025-05-12 03:41:07,225972fbdfed9c1263012609f5bfd296c986c56833b8c6161ecdf167c5612b1c,896353,38149.0,282.0,0.007392,1,2,222
2025-05-12 03:41:07,205caff248dfa87845a20ccde726d18e6fdfafc04743b56262a9fd1830418f1b,896353,675635.0,402.0,0.000595,1,2,392
2025-05-12 03:41:07,98a3f2b63443c78f8222e5f7cce431e85a1a68d17c23a349d648f47916f5811b,896353,2994850.0,306.0,0.000102,1,2,235
2025-05-12 03:41:07,924228f80fe76b0bb819a92b4580d9567c6c01a126a2c3900acc08e46e24621b,896353,95073.0,220.0,0.002314,1,1,192
2025-05-12 03:41:07,2b0f9deccdbccd12b8dc69cef5b80cb9366907160c5cbbe6c65a53167cc3ac19,896353,794446.0,896.0,0.001128,1,1,162
2025-05-12 03:41:07,5998d53a21c748ee5df110fe80d596f4f68549d727f29cc8f41c420b82f7ddef,896353,801348.0,674.0,0.000841,2,13,774
2025-05-12 03:41:07,758c2023c84851b5ee666b017f5379e3d5d5d6b9f9278addfdcf2d064276f116,896353,2070943.0,282.0,0.000136,1,2,223
2025-05-12 03:41:07,27a14c3f208dbbf7ba054bf2a596cbb41be5c9ce1c67ce220740d1bbce165916,896353,94534.0,308.0,0.003258,1,2,205
2025-05-12 03:41:07,19333d6b9ba4ceb6bc26517d8f84620c1e38bc421346c4b509d8513735ce9415,896353,476987.0,220.0,0.000461,1,1,191
2025-05-12 03:41:07,74ce2340fb9de8271a24b3fab71ed6c0714113790c688a0263d79599283e9c14,896353,94662.0,434.0,0.004585,1,3,298
2025-05-12 03:41:07,bfeca1a69677a9cd904dc3002b08a7b97c0d37e9e87a97a05aa901101db87d14,896353,103463.0,282.0,0.002726,1,2,222
2025-05-12 03:41:07,0087eb18f5c057d69277f361d87d23db3e010cfa0d781613a5904d4b95af0b14,896353,1693542.0,284.0,0.000168,1,2,223
2025-05-12 03:41:07,c2275e5ffd0ac945a2629db50a6f36bf645824e99bf356a510853942ec59d613,896353,116956.0,1044.0,0.008926,3,2,522
2025-05-12 03:41:07,def0382a2156a4fa50396ba0cfc248ff7a95b4034dbd1b44d0ba201f44b12f13,896353,88143.0,434.0,0.004924,1,3,298
2025-05-12 03:41:07,db1621c7fc9fa13bef47f87bd9e9fd3791374704ca78c168248e0a45cdac2313,896353,399484.0,288.0,0.000721,1,2,225
2025-05-12 03:41:07,545b20b7a348fe28a51a0f26bc2723cd1c4d3a347ee92bacbb707384624bd612,896353,1586.0,410.0,0.258512,1,3,286
2025-05-12 03:41:07,edd1ba15b3387ca955c98ebff827959d2d94ffadb9a8cf2312423c3af4668112,896353,63893.0,434.0,0.006793,1,3,298
2025-05-13 04:23:38,21ca4dc743b51df3a1ebbb775939148a4636a056222ddd532205f7f1e947732f,896497,65028395.0,141.0,2e-06,1,2,222
2025-05-13 04:23:38,6fd738e7b3c5ed89db887d420332444db85d6e8cfef55ab37a198690e58c262f,896497,10498.0,177.0,0.01686,1,2,259
2025-05-13 04:23:38,939cbe54233af0d73c0d8737cc1ff8047bf85492d0ae5e2b9db2bf2cb63a122f,896497,1082446.0,278.0,0.000257,3,2,521
2025-05-13 04:23:38,20f3411946d0cc8d60b5ea149553d169720dcd84dafb1952c7c4ca459d12ee2e,896497,233620.0,1020.0,0.004366,17,1,1863
2025-05-13 04:23:38,29187f0a7f1714fbfefe21e8d9c4f8c41f44b36ee688d298510c34b95cb9c92e,896497,111671.0,154.0,0.001379,1,2,205
2025-05-13 04:23:38,9e1c5f3cc36162517c844345930f51277786d5bde04ccf1342b80980ae6ec52e,896497,95981.0,102.0,0.001063,1,1,153
2025-05-13 04:23:38,43ae1af0945f4e6c3c1ab3e7977862c916736411fd4aabcfd4b70a7fa51c622e,896497,330.0,152.0,0.460606,1,1,323
2025-05-13 04:23:38,e46f0e5dbd20b6323fad566f08f3aacc575771fcb43d6e92d73f1e5d838d612e,896497,1091076.0,153.0,0.00014,1,2,235
2025-05-13 04:23:38,c9693f015e03786d962e70675f84a6b6baf1935325d15a59f6b605d6c4c53d2e,896497,182451.0,154.0,0.000844,1,2,205
2025-05-13 04:23:38,56620dec1ecc79c64dd21eb0fa292bfdb5bb31fd74165977ce03454161f43b2e,896497,3692.0,154.0,0.041712,1,2,205
2025-05-13 04:23:38,d0e8c6e8aa4686a3e4d4e73eb011c3803e4a6f66400ee33289ac300e49e6d42d,896497,546.0,152.0,0.278388,1,1,324
2025-05-13 04:23:38,d366def8202800df7e55dacba193f592fc03f49faf7245bf51f237d96146d655,896497,29630.0,154.0,0.005197,1,2,205
2025-05-13 04:23:38,92ec232fc2dd0e928d48a9c20e165be25c9bbf2c24c6eb538c48d91ab41cd22d,896497,546.0,152.0,0.278388,1,1,324
2025-05-13 04:23:38,72ced20aa3038233314c4085ca3f0873cdecf973ad9ff5c8a2e841e37bf8bf2d,896497,1073924.0,209.0,0.000195,2,2,372
2025-05-13 04:23:38,04ce18b54b96aeb5a1d0d8314e3d13641addef195204b124344d5485238b872d,896497,330.0,152.0,0.460606,1,1,323
2025-05-13 04:23:38,9ee3d4996062eaa0c48d17cca41e0e01b4773d3705c2194e4cc782f0da70072d,896497,546.0,152.0,0.278388,1,1,324
2025-05-13 04:23:38,10002070c0b44bb01b097d5973ec9c118748df404dbc63adc8d8278ccf58c370,896497,686066.0,154.0,0.000224,1,2,205
2025-05-13 04:23:38,1f3c01fe92d69f6bb0bf6d9f22e84b572ea2ec80cafd7bcd27c98627d962df2c,896497,546.0,152.0,0.278388,1,1,324
2025-05-13 04:23:38,48d8dbf2877c2856b757f3315b30d0a3121cc548e3714f9279c2cdcd559d112c,896497,28639.0,212.0,0.007402,2,2,312
2025-05-13 04:23:38,5a2018d41cdb5078377cf3ba3d56848863390b1c002f1ea527a0d7c187770b2c,896497,330.0,152.0,0.460606,1,1,323
2025-05-13 04:23:38,56f59e008e858a1968dd57414d5f1f70f1d8fdf5a34c15e59c88a62f548c752b,896497,92849.0,154.0,0.001659,1,2,205
2025-05-13 04:23:38,7b560f2a5021e1d93cf9fcff91910e9db201df491abafd64e2916f3b0425272b,896497,50201.0,143.0,0.002849,1,2,194
2025-05-13 04:23:38,967ece851c4c7d2cef9ecb9c212b851a933bc2eb328b2cfa0276dd52b2e8fe2a,896497,330.0,151.0,0.457576,1,1,320
2025-05-13 04:23:38,9b9c6ada952de7babfc2b7f90b902fa9a135c42f371750e4cc9d4179ea658e87,896497,56121.0,4411.0,0.078598,1,101,4462
2025-05-13 04:23:38,75680e341e19137f5d7c90faf9e2ab02eb02de535757412c7894b1fb3f29892a,896497,4810766.0,111.0,2.3e-05,1,1,193
2025-05-13 04:23:38,6955470ebf00eee305fe6c3069cd9539ba909dfca2d3e07e043ce9836db7862a,896497,546.0,152.0,0.278388,1,1,325
2025-05-13 04:23:38,06d8bbd36c7e026766e02387bf5efc1256e568c3b6b5c30ec79f267c25c52399,896497,32246.0,154.0,0.004776,1,2,205
2025-05-13 04:23:38,3791aed82c98110dd9645728c3795fef7614948865007cc942a29da15411792a,896497,330.0,152.0,0.460606,1,1,323
2025-05-13 04:23:38,b8b422a590afc327f8dcd324ec267a876180c1f51d1280a9399ba433e626e429,896497,45120.0,154.0,0.003413,1,2,205
2025-05-13 04:23:38,17cf5bd41cb915920032188db90301fab070d4763a9c4a7f0715f06a7bedd729,896497,50856539.0,141.0,3e-06,1,2,222
2025-05-13 04:23:38,91c2747207de9e96c54b6e629ce63283d7eb81f8d7789479c1c13e1f2aa3cb29,896497,21282779.0,168.0,8e-06,1,2,249
2025-05-13 04:23:38,f152c427fed681863b5ae0cdab7d2cf4d4fde1bc3d6275e0eb468b166d36aa29,896497,23882.0,113.0,0.004732,1,1,195
2025-05-13 04:23:38,508fc4fc67a4e212dbbe96e7183d9e970a7b38877e1f2d629370377ae7ae7129,896497,546.0,152.0,0.278388,1,1,325
2025-05-13 04:23:38,1d4916464890231d4b0d768b0bf8191da1dceda63b21b3154b37ea06b8e44c29,896497,1043.0,157.0,0.150527,2,1,257
2025-05-13 04:23:38,98cfc40f533f8ba4e8ad5eac0d93cf2a3f4a8a91d376126231e8f64f29380129,896497,1311520.0,399.0,0.000304,6,1,697
2025-05-13 04:23:38,e92174c5114d467cbd2ba60e7d31426248febdf1f67676393c0d4848caf7b728,896497,581272.0,154.0,0.000265,1,2,205
2025-05-13 04:23:38,6394021d6245aec2d64da1006354e5d600f42109c21247cf3813f07ce3aba528,896497,2694677.0,178.0,6.6e-05,2,1,341
2025-05-13 04:23:38,36ebd20e550d87e9431b18fcfc7489da3cd0d0ef27dd861d4ace55179a759328,896497,546.0,152.0,0.278388,1,1,324
2025-05-13 04:23:38,55a67a740b417af93cf5628cbac7fb18bf64f139b92f6fa43d6c0da14beb4c28,896497,20389.0,805.0,0.039482,1,4,451
2025-05-13 04:23:38,fbc1d902fdf67598d9c168601fde4e9ffadeccff0373382d0cdf4f5b05ea2228,896497,3351524.0,141.0,4.2e-05,1,2,222
2025-05-13 04:23:38,3912d6c903c0e4b5abcf0721541f9e899df46d590b16bf25757d6339b1800228,896497,11539.0,165.0,0.014299,1,2,247
2025-05-13 04:23:38,4f79f12f633e31f47b166793372c2649fb328492ef26bafb03fe5d161b2fd227,896497,30458.0,154.0,0.005056,1,2,205
2025-05-13 04:23:38,8b72d3da513884018d821cb3caf636f129da37841daf0887f861befe0d6cc627,896497,10054456.0,165.0,1.6e-05,1,2,246
2025-05-13 04:23:38,eca2f9d0573010ad617aaa5435f648ca88e01f7fe57db246afdba3d320fbb427,896497,4984.0,111.0,0.022271,1,1,162
2025-05-13 04:23:38,cc626d5238c224d665ac038a7dad2000ac784030f9183363989e82b490ce7e27,896497,24719.0,154.0,0.00623,1,2,205
2025-05-13 04:23:38,27b0d8f55a10373979f7b2e23bc2d3c79b5f609e952596978055fa47f60e6527,896497,330.0,152.0,0.460606,1,1,323
2025-05-13 04:23:38,15b816b4f41c11876e18ad4164e996ba2ab5e6744c4946376c0dd91660d44227,896497,168487.0,154.0,0.000914,1,2,205
2025-05-13 04:23:38,b7699d4230bbca5c1656e7a58a636bb4ab006f61aaaa3db0e4a93bd177173a27,896497,109858.0,142.0,0.001293,1,2,193
2025-05-13 04:23:38,8dd03ad4f76db6073e8fc40d63e0eb8da5521af48396335db0ced40888329926,896497,563496.0,169.0,0.0003,2,1,269
2025-05-13 04:23:38,6be84b1c21dd6814355fbe6539857f29fdc6109f1dcc8a816d57405feebb3026,896497,573176.0,341.0,0.000595,5,1,590
2025-05-13 04:23:38,c4d709fa3838adcc912e09e76fdf8f6ac60520042329e31b023f7a0aef5bb725,896497,8861.0,154.0,0.01738,1,2,205
2025-05-13 04:23:38,f0d565cb7e90b2bab12b087325b381f02187bfab31da8f3360fc25ad2df98825,896497,330.0,152.0,0.460606,1,1,323
2025-05-13 04:23:38,1abb82e04f42dcd56626365faa3c53a649dad040f807d43508dc123eefa46f25,896497,22566.0,154.0,0.006824,1,2,205
2025-05-13 04:23:38,a9b9ec45a0956f626f145f45503ad215a38b1d6289b7c452f5c861c527e85525,896497,546.0,152.0,0.278388,1,1,323
2025-05-13 04:23:38,9ee1253e039f66f0cf3c8c6d998a279ca13fa59bb489e44ee589c325147b1925,896497,330.0,152.0,0.460606,1,1,323
2025-05-13 04:23:38,85bc6c1a56c8f69422f3a7f9ac0a09ac1d716c8bb7a988cbc6c450b277010725,896497,19859.0,142.0,0.00715,1,2,193
2025-05-13 04:23:38,259f15a67395add1a8066dcc2eca606cf472ec2dfe7c0e645419f076b28f7e24,896497,330.0,152.0,0.460606,1,1,323
2025-05-13 04:23:38,944cabf5fc5c428042659afd40da4d47b3c47b34b6f99e4f7fcde86e6d1daf23,896497,539907.0,169.0,0.000313,2,1,269
2025-05-13 04:23:38,d4667f2fe2da9fe3676f1e085276495a01d0a7440fded71ca923917450ca6f23,896497,477195.0,160.0,0.000335,2,1,260
2025-05-13 04:23:38,883fafb0b06929fdc770388f8917319eb7f548358a3b652ff1e0b91f9a3a6f23,896497,5404372.0,277.0,5.1e-05,3,2,520
2025-05-13 04:23:38,ecf722854347bad2133bae067c2d12baed2d8c16be3847f229f1f673c5a76b23,896497,867253.0,102.0,0.000118,1,1,153
2025-05-13 04:23:38,32067b04612ffd58f80853ee33205bbdea2fddd92cb9cc528ad33a428fd26a23,896497,23174882.0,113.0,5e-06,1,1,195
2025-05-13 04:23:38,6f94b2e804e1077cd7c7fc8b49337287f6bcfaa80591d25ff5e0b0833f5d4123,896497,1719394.0,110.0,6.4e-05,1,1,191
2025-05-13 04:23:38,5231bb17c23af281095f8c0361b659034ca1801941779424696642cf84143523,896497,2928.0,272.0,0.092896,4,1,471
2025-05-13 04:23:38,cc5eda971e34b132c5eae0b6f54192cfb38e2bf2b1dc965ee26de2fd9560ca22,896497,978874.0,142.0,0.000145,1,2,193
2025-05-13 04:23:38,b571b6adc67110c7331ff180bdd88953886a7a8c138183bc7faf71035c247a22,896497,330.0,152.0,0.460606,1,1,323
2025-05-13 04:23:38,b597db6a40a26eaa6b5dc06feedf584d23d1fa7863f9009d4fb9e8aa1cb46a22,896497,540995.0,145.0,0.000268,1,2,196
2025-05-13 04:23:38,ba81f2ea44ed658768043615f8d03ba4c9b4c9d8c5a18fab307ae90baa853122,896497,639686132.0,2186.0,3e-06,17,33,3551
2025-05-13 04:23:38,c611b44f0c4abae0151dc85b0170148854768e092845c98ed4474d7aa0efd67a,896497,39521642.0,541.0,1.4e-05,6,4,1024
2025-05-13 04:23:38,d0f5c23f8e1b174ce9e990ec98e14417dafb59b502e17f34928f7d383d2df721,896497,546.0,152.0,0.278388,1,1,324
2025-05-13 04:23:38,a678818ee96e5979d94f2a96f4dbdb202ad967f3e7a3265c5f1ada76cd809a21,896497,546.0,154.0,0.282051,1,1,331
2025-05-13 04:23:38,51dae19d7ef5bb0943a5dabf3c4fe2371ebacfd870f61241dd0e04396b94313c,896497,7187.0,154.0,0.021428,1,2,205
2025-05-13 04:23:38,5ab94b594557f7b8ea8a4e029ba440fe01ceb3c24270bd2742dd6f2cbc279721,896497,3315236.0,1008.0,0.000304,16,2,1801
2025-05-13 04:23:38,47dc48e766850301e5df89fd99ee668c7773717a1f3a437cba6515c550536421,896497,1377446.0,154.0,0.000112,1,2,205
2025-05-13 04:23:38,df993787485da8aaa04dd0e72afd4c777778591ee8e82f5f729d6b24f0503b21,896497,330.0,152.0,0.460606,1,1,323
2025-05-13 04:23:38,b23e0c31206f26c3ea2e49982d5c8caeaf2e600a5e10c3a816f77681ef04ae20,896497,330.0,152.0,0.460606,1,1,323
2025-05-13 04:23:38,ee82a944875c21b41824c8c7bca52dcbf28030a1dd0b0d9f6b83d02f3f997220,896497,704237.0,154.0,0.000219,1,2,205
2025-05-13 04:23:38,381958b8d711ebf769517556b54099ee041200e3a00ed0769807b1ce00a93e20,896497,546.0,152.0,0.278388,1,1,323
2025-05-13 04:23:38,84bda1b3d4e802408bc71dd1781b48e399b0bdbe2c5814aa1abefabcffd5cf95,896497,438382.0,154.0,0.000351,1,2,205
2025-05-13 04:23:38,0815ec5beed6f6184e7c38403c2c3142bdea192fa16fb9acdce8d9b9ef922d20,896497,546.0,152.0,0.278388,1,1,324
2025-05-13 04:23:38,35654f859572be4c253d22bdeaadbe87a4852f7c083be3321a42640de594c164,896497,2113395.0,154.0,7.3e-05,1,2,205
2025-05-13 04:23:38,9bf875a9335bb3b2d640c393c69d6f168485b17ebb2694dcbb61fa3415fccd1f,896497,546.0,152.0,0.278388,1,1,324
2025-05-13 04:23:38,966db6b31c8136dd5916f1af664d5d72244b7096e4024d35e7e9f942cadee89a,896497,30794.0,154.0,0.005001,1,2,205
2025-05-13 04:23:38,497bd925cc0f58a1029eb9a351b905d77f99f7b03206250625f5719e97d1bd1f,896497,330.0,152.0,0.460606,1,1,323
2025-05-13 04:23:38,7c77937e0aa9d8f58e901da0685dc3de2d5eadf52aad4e9ad9d5dce6963d851f,896497,673295.0,153.0,0.000227,1,2,234
2025-05-13 04:23:38,3cbef5aadd9a7add9b25f087e41e57e3e27d822eade679b54a24cc47a54f5a1f,896497,546.0,154.0,0.282051,1,1,331
2025-05-13 04:23:38,5c1ead555725d076192970b91f338a70d9492cfda0e35cedd42c414a1543b587,896497,3118.0,154.0,0.049391,1,2,205
2025-05-13 04:23:38,d97cf5a7ebeed6aac7c0c8f27d858213d033980550ca613ccac2714d73d54e1f,896497,753202.0,217.0,0.000288,3,1,367
2025-05-13 04:23:38,d5dafc95f710f1be69cee0d03351e20cc26b10714c89933ff345fd1f68415b1e,896497,88575.0,172.0,0.001942,1,3,253
2025-05-13 04:23:38,cc7d24afc75eadb73cbf6b3dc65a65d90a198d712a094e426a5c124c3a56441e,896497,552367.0,169.0,0.000306,2,1,269
2025-05-13 04:23:38,6e40674846512c095db1bface9d26feec8f89528489f6812f736b89c1ccdd71d,896497,546.0,152.0,0.278388,1,1,324
2025-05-13 04:23:38,da48a8bd3a9a74a73529fb295445899143c4e672a96bc985103f578de9a10dbb,896497,192493.0,154.0,0.0008,1,2,205
2025-05-13 04:23:38,009361dcf0fafa4efec82326c97f35c6abbf88213c88828cb9d8b81a9db9b71d,896497,546.0,152.0,0.278388,1,1,325
2025-05-13 04:23:38,350d54bd798c4b860c96911141e32fa5de40a9b42cb5295e3332d3c868092732,896497,58929.0,154.0,0.002613,1,2,205
2025-05-13 04:23:38,09412c81b31b00a2b805a2691496f2c4dcb1cc7e60cc4943de9f330b493faf1d,896497,230603.0,164.0,0.000711,1,2,245
2025-05-13 04:23:38,94aca5f9f8117ca60bd17323e4825e77c4422536a117a765ee8a141468a26d1d,896497,18211.0,212.0,0.011641,2,2,312
2025-05-13 04:23:38,270cb02b32e330385e232745e37c7c3b1160c266447d56455288470164cd531d,896497,6822.0,153.0,0.022427,1,2,235
2025-05-13 04:23:38,b3421a10f02657575d291cf8b1aefccc27fee18a4c686ca539ba1fc634f53a1d,896497,223636.0,262.0,0.001172,2,4,424
2025-05-13 04:23:38,4547a1ed886f88f2c41c3542d51fc6b6e9539d559201ca6f1e01b0d90ef41a1d,896497,980936.0,141.0,0.000144,1,2,222
2025-05-13 04:23:38,4d150d40ad27fa1370d9ef225c0f75ffdbbd12ee7e45a48367835045d2f2b01c,896497,193846.0,154.0,0.000794,1,2,205
2025-05-11 15:59:08,1ae166be372ca07a391028216fec593ea61568451555555ce6fd7b6210c27d35,896278,44718.0,459.0,0.010264,1,2,234
2025-05-11 15:59:08,13c85047dc080034d10a4fbc4dffbf20b1ebba15cc2e1de891b023fb30dff133,896278,109924.0,423.0,0.003848,1,2,223
2025-05-11 15:59:08,9a60093f2edb827cdd30ab44e22f47a7e7f9e7e3a0bee90a3f7c84e2e7fee432,896278,8705684.0,432.0,5e-05,1,2,226
2025-05-11 15:59:08,edcfde5ee32700ede0d9f1cfab660967138a04b56b29c9f64c150c68aee5e132,896278,2172735.0,423.0,0.000195,1,2,223
2025-05-11 15:59:08,0e16dfa26115040733a5397e9634d34eadd1e1aeb052475f0109cc2e606ae030,896278,248322.0,339.0,0.001365,1,1,194
2025-05-11 15:59:08,bb3d76f54e35fd34386538dc23b76e71b7f65e3d51b36db04a4b638d5aa9ad30,896278,26727.0,339.0,0.012684,1,1,194
2025-05-11 15:59:08,bf70c60d64190a9c8aa36f4f06b8acbf033b39a18178321505d793fa2bcb1830,896278,12120.0,339.0,0.02797,1,1,195
2025-05-11 15:59:08,1520b95f60efe4d06734048b0cab7407719ca54672812c9e1c648d4a093eae2d,896278,2832683.0,426.0,0.00015,1,2,224
2025-05-11 15:59:08,3e2bb54af8f54012353ad33c4570e1ad8087b5338ee2ca91050b3e255904362c,896278,25803.0,423.0,0.016393,1,2,222
2025-05-11 15:59:08,8e5fdeeef9782cd9d36c9534f706317e4c9e722a5fff509c721f1d410e2eb42b,896278,7624905.0,432.0,5.7e-05,1,2,225
2025-05-11 15:59:08,065386b758cfec1a99b371851af8f086cf0584726aaa0564c4678610a178282b,896278,452308.0,339.0,0.000749,1,1,195
2025-05-11 15:59:08,3d814f49be55f89fec2e045dbb6a155380b27e6e4f7056ff1b8876b0f8e3e229,896278,72711.0,330.0,0.004539,1,1,192
2025-05-11 15:59:08,d7a0f67e939805ee6c56b62c1d2bc2a3c3e0b0cee7c1efaa9fbc45d7b12b6428,896278,339021093.0,423.0,1e-06,1,2,222
2025-05-11 15:59:08,40148deebdd4d3f3778a38cff94c77b9bd1facbab4a4da90c63efc61025a1e28,896278,147374.0,426.0,0.002891,1,2,224
2025-05-11 15:59:08,347559b7972cab5f742434d3dab6a38697e326b8a14cf248a91ca2fe658cd126,896278,133493.0,339.0,0.002539,1,1,195
2025-05-11 15:59:08,1a3747691064e0a06179f4cc1f79ee310457812b1697e1dca5268f7a676b9426,896278,1195800.0,333.0,0.000278,1,1,192
2025-05-11 15:59:08,2e0aeb518b83e22918e41be447036663a0a03515111371413cd95eec4de88c24,896278,12122110267.0,423.0,0.0,1,2,222
2025-05-11 15:59:08,8a327eb347a09107d4421fa333d11dd113ea705ffad45fe9fdf22f8e978e9021,896278,135471.0,831.0,0.006134,3,2,520
2025-05-11 15:59:08,ca7d486f5600b1ba2bff8d6916e11d19336f7205001d79fcfd9ce78228315c20,896278,99577.0,423.0,0.004248,1,2,222
2025-05-11 15:59:08,c1558bec1b39e8594facc981bc816de61c6e279f2cd41452327d494d42cd381f,896278,37340.0,423.0,0.011328,1,2,223
2025-05-11 15:59:08,b641deb73346458bfdf24719199bf57f190276a08b9d113299dd14965b989f1e,896278,289028.0,636.0,0.0022,2,2,374
2025-05-11 15:59:08,bd9e79a59eaf084bc6d0afae2e31b94eab3dd89623a560993fd11cadcb6fe31b,896278,692012.0,1155.0,0.001669,5,1,790
2025-05-11 15:59:08,793f8194b2d002f80b00417d097d451e2f01bbd55737e5cac4beafbd5af8bf1b,896278,24465.0,426.0,0.017413,1,2,224
2025-05-11 15:59:08,115339cfd3a88d87f5d27fe741b5b57ee767a602f7d74cdf0c2e9b55b78b3818,896278,97033.0,426.0,0.00439,1,2,223
2025-05-11 15:59:08,a51ea27431ff4ca8e5b9cafc53683e2ff5102fdc06aed0d20b5e6b1c28776916,896278,576560.0,432.0,0.000749,1,2,226
2025-05-11 15:59:08,5cfc56fd3700fc7fb28147a4cdc957ed645d7d235c1d11307fec4a41d2e08315,896278,2718849.0,855.0,0.000314,1,3,285
2025-05-11 15:59:08,0c4794bf4482b5fc3a7901c5153e29833f72f4a5173bf01097840fdd71a1e614,896278,118382.0,333.0,0.002813,1,1,192
2025-05-11 15:59:08,ed3760f627617b8219eeabd2500f1221f55345cf783959aa93bedea4cae64e12,896278,11215.0,423.0,0.037717,1,2,222
2025-05-11 15:59:08,98758580c87db81fd721d561d61f98849da1bdfb133231c5ab4f087074982311,896278,249766.0,432.0,0.00173,1,2,226
2025-05-11 15:59:08,a17ec8bbc0ea8d934ead4725e4220b44548c7252296d52c604ec0409f09fca10,896278,193257.0,423.0,0.002189,1,2,223
2025-05-11 15:59:08,a679a0f8711ece8445c582749edf5a90faf3851717f8866bb8626cf8b47af40f,896278,895782.0,432.0,0.000482,1,2,225
2025-05-11 15:59:08,7e252c5342d6190f7143e4d41630be35313f31439487da4501baaa143776af0f,896278,4757477.0,423.0,8.9e-05,1,2,222
2025-05-11 15:59:08,381650b0c8061677e30335173b9f03a3968bcb82448b3579f76bab53d9f1cc0e,896278,109534.0,423.0,0.003862,1,2,222
2025-05-11 15:59:08,ad996cad929671933c92a83c0004a990cb65c731c9d88a935b810ad19a74c50d,896278,372084.0,423.0,0.001137,1,2,223
2025-05-11 15:59:08,333ca88e09aafb1a1e39b201d67865ea557611598db4ac000b319678ffb17d0d,896278,106821.0,771.0,0.007218,2,2,419
2025-05-11 15:59:08,0b82c8607048a12d9e19113f53c2335dba1ed8bc18a309bcb6327f54c5cac50b,896278,980475.0,423.0,0.000431,1,2,223
2025-05-11 15:59:08,a2a43b9ff1b5c672a5c53f9df685341db733220490148b542e475db2621bee0a,896278,265380.0,330.0,0.001243,1,1,192
2025-05-11 15:59:08,a34bd65222aef9453ae0e70e59a08fbbdc523fe336e40b488402efb1e7bf560a,896278,20097.0,423.0,0.021048,1,2,222
2025-05-11 15:59:08,06e2b4cd01619febfef8bdee8fffb715b993918349b7667ef8cf4e14dceb1509,896278,80977.0,534.0,0.006594,2,1,340
2025-05-11 15:59:08,7611d059adfab4dd70654149aa8a70e643cd450ee91cf3c1f1abe7eb18bbe206,896278,185554.0,495.0,0.002668,1,2,247
2025-05-11 15:59:08,979d6402494c84484897bbe88bf0098e64f8b154d3ccfd0cbd6204c96c156e06,896278,33994.0,330.0,0.009708,1,1,191
2025-05-11 15:59:08,a457201d49dcc9dc807963b99428d7e8910cad3c518686c053cccb3499ac3e06,896278,23557.0,333.0,0.014136,1,1,192
2025-05-11 15:59:08,fb0ba9d8966f8884bb5fe2072749ab4937045421c5606e47863160c0d9bee602,896278,65559.0,423.0,0.006452,1,2,223
2025-05-11 15:59:08,a5aeeff5650d4ccc1dcd14a3ef4ec1024201015f52ebc3960a533d6b522dd702,896278,57189.0,432.0,0.007554,1,2,225
2025-05-11 15:59:08,b1379093e92610f87f710b1f21fd5193b9c74aef03ed181e721687ef7fc03e00,896278,299984109.0,423.0,1e-06,1,2,222
2025-05-11 15:59:08,241271742b8e28a00de2a80387945e4f22b7b6114513f64010d3b9760fe50500,896278,2155723.0,423.0,0.000196,1,2,223
2025-05-11 15:59:08,3afefa6f1c4062e36aadfb4ba2dcbd35cf7e0679878cfe7b8ca72850ea9dc53e,896278,100951.0,2892.0,0.028648,10,1,1773
2025-05-11 15:59:08,b36501e471e3bb276952505c9d8f04cb0cb765a97568d57cd35f98713e86236c,896278,59052539.0,3594.0,6.1e-05,17,1,2569
2025-05-11 15:59:08,4993fa98aee941aca3e26d6c4f97554c209003560c00641aef440b3e305c37f2,896278,57175563.0,3483.0,6.1e-05,16,2,2450
2025-05-11 15:59:08,4c72fc0b9b51f17cc269c5f44427a89f05c28c1af1cf57c4b9450aaca9cca246,896278,24434823.0,1557.0,6.4e-05,7,1,1085
2025-05-11 15:59:08,3347d1ea0b955cc04267792085fb10e854e2a376bdcced38a6b2ad3f38ae346d,896278,935737.0,1359.0,0.001452,6,1,936
2025-05-11 15:59:08,500bd5a461dc8be49d1c6204f0bf723e3e81eff2bbfbb981a7ecf6236ae3fe62,896278,210095.0,1359.0,0.006469,6,1,938
2025-05-11 15:59:08,b3902de228a992d2846c86fa505f86f730b57048c8f9626952575a41230746e6,896278,648564.0,1044.0,0.00161,4,2,670
2025-05-11 15:59:08,f87b6c148db83fbad5443897c47b76eb5bb61b93cae00024f2082f7485ab66b2,896278,82822.0,978.0,0.011808,4,1,649
2025-05-11 15:59:08,d4f777b8d5d055b648f4a95ccbb933c818ab47dfa7475f964ec25f1aee30c0f6,896278,103635630.0,831.0,8e-06,3,2,519
2025-05-11 15:59:08,02f7ce09751e2aeefecc30f47a4c39b78b3fee5e575ba7a25facc3e38f20221f,896278,11917419.0,831.0,7e-05,3,2,519
2025-05-11 15:59:08,e3111e902ad5dfb83a5f30f0cbcc55c1dc879e8f099d34b4c6360bd4d8a3e5fd,896278,43160.0,669.0,0.0155,1,2,222
2025-05-11 15:59:08,fcd94c8ae6415a38ab146399692efbf4b7aec5b98f00c1633fcb9860b81012bc,896278,697103.0,669.0,0.00096,1,2,222
2025-05-11 15:59:08,a3485df4481d9aaf87d0fa7b6bbb0dddc241db3f9d27acb84cc790d30514f066,896278,178978704.0,639.0,4e-06,2,2,375
2025-05-11 15:59:08,73b13bac546cccc497753f6c619c96986396e20761dd8460d8c66d67d97877fa,896278,42154.0,630.0,0.014945,2,2,371
2025-05-11 15:59:08,fd734947463647b180d9dcbb283908754f771d7d60ebb732c0a40bee2341ad9e,896278,675163.0,627.0,0.000929,2,2,370
2025-05-11 15:59:08,0a1fab66341363cc8a6facedb952fdaba553fd3d8f3ba0dd891122efbebd436b,896278,193911.0,627.0,0.003233,2,2,370
2025-05-11 15:59:08,fb3777e62200dc244092877db9376bed6303a59242b54630542dcbff92e2a58e,896278,3680295.0,576.0,0.000157,1,1,191
2025-05-11 15:59:08,205da3a7ff20ae8eedd4eda20a9aba4486bc51d562c48064309b85c1f577e843,896278,74177.0,1122.0,0.015126,2,2,372
2025-05-11 15:59:08,b6d4388586d99e9a36cf6c18b069e92082ac6e512f3a8443d4b62e54affe90f0,896278,8550890.0,543.0,6.4e-05,2,1,342
2025-05-11 15:59:08,d7fe52d7a21e799a11f07a745c88cfd0d1dfe4888524e64842d4505d8e79469c,896278,959562.0,543.0,0.000566,2,1,342
2025-05-11 15:59:08,448aa6109922958a649de47aea01d1a6b83d09a8fed8b2bd98685a2d2c070a5b,896278,22479823.0,537.0,2.4e-05,2,1,341
2025-05-11 15:59:08,1b4251dc09374719fc64a9e2f88a86c89327adb131cc10594760847e1398d5b8,896278,347326.0,426.0,0.001227,1,2,222
2025-05-11 15:59:08,672f1357bbc7b79d49a827a86b2e44bd809d74a54b66b81011bb3429adead9f0,896278,30576.0,423.0,0.013834,1,2,221
2025-05-11 15:59:08,b6d69f237ff37df33292b12ee0ec47a50a36d74b978080fc6f6d50b84e7a64eb,896278,69776.0,837.0,0.011996,3,2,520
2025-05-11 15:59:08,1134e19d7cb416d8ce943291d0abf24ca11a53576cefb261276608f38c5c2cb4,896278,9980.0,4521.0,0.453006,16,1,2789
2025-05-11 15:59:08,4bdfc7ab408787dcbf5d790e0332f1dbf9bb93d2f87efe20215e0837691df66c,896278,85419.0,672.0,0.007867,1,2,222
2025-05-11 15:59:08,006c444d303cc82cfc0fbffa1d6c93f2c8cd1389dd03a658ad93ec3ef04ee415,896278,51670.0,330.0,0.006387,1,1,190
2025-05-11 15:59:08,a09408847329c70ec2bd1d4acfe045e0e359c05d5959d695914895e8f3b6e2f4,896278,849934750.0,437.0,1e-06,1,2,225
2025-05-11 15:59:08,6b401b345d51430a8eea9eb650a6cfcadc597ae15b1057961c9c3ec096cc50ba,896278,4748595.0,437.0,9.2e-05,1,2,225
2025-05-11 15:59:08,a886c7e77ca157dc0a67e221ddb3da12a234160a19088957e78f208b570c2b98,896278,6015088.0,432.0,7.2e-05,1,2,223
2025-05-11 15:59:08,6d652fa27122e65d2f7ff150729897531e0a588b3cbfde7deb9c369f3a13eed6,896278,808224388.0,525.0,1e-06,1,3,254
2025-05-11 15:59:08,c3f90d695fb63adb30dc5a6d7d4c7bd9f0dc47d0e38da5d9054dd29aa431c375,896278,265605.0,1050.0,0.003953,4,2,667
2025-05-11 15:59:08,1847df3ea5c367c013371d78cc4014b3ce927291dbb4fb72fabaa9d989b42d44,896278,673862095.0,432.0,1e-06,1,2,223
2025-05-11 15:59:08,7a92ccdd85464dd05c7cfa86bd5bb19bf78b6af84e095fc65fa32d3aa7c78f8e,896278,82204.0,546.0,0.006642,2,1,340
2025-05-11 15:59:08,182f10ef5cf6031a2fce479ae4cd526725a3482e64851bdf720a2930ac6b23bd,896278,171865.0,577.0,0.003357,1,1,188
2025-05-11 15:59:08,870e3e33b097ddd2352dd33616ec17e1610f1e8702d16865660a6836f72effe4,896278,17000.0,339.0,0.019941,1,1,192
2025-05-11 15:59:08,1920f79ababb6ec9f20bf195251220e5befa62ac68e82df909ff63eb7cecced1,896278,48438.0,759.0,0.01567,3,1,488
2025-05-11 15:59:08,5028e9d7df4d93aa0f50e630174c5da33e67ba1c6236341fc2e08725a209f066,896278,1477850.0,918.0,0.000621,1,4,296
2025-05-11 15:59:08,db7acdf1571f6aad76b9be375ea4aad522100eff663b8c2921787f001a678aa3,896278,56703.0,438.0,0.007724,1,2,222
2025-05-11 15:59:08,d8730b333aa5dde766a59225726cf5e3c33d6ca3489bbee87ae239f5fca9f847,896278,18494126.0,438.0,2.4e-05,1,2,222
2025-05-11 15:59:08,d6d7ff12039b703d9b944628215eb0be1642cdde2b8790f8e597cfbb68876854,896278,18887765.0,448.0,2.4e-05,1,2,225
2025-05-11 15:59:08,996dcb07980791220587893c49e50af0d7189c284495300ed5ffc20937801222,896278,129508.0,1514.0,0.01169,3,1,484
2025-05-11 15:59:08,ef42179f3c5e0a69ed4ce009849fd738cb12c78bc62772ed2a71c971bbc481a1,896278,35253.0,313.0,0.008879,1,1,151
2025-05-11 15:59:08,525dba90d702db1c69b0e2b2a721acb42d370ae583e1ce896c3ccf414d1539e4,896278,211073.0,663.0,0.003141,2,2,373
2025-05-11 15:59:08,5866d24cf1600fbe3e9abb883c9dfa532652f955ff3992b4426ecd2bed55d0c8,896278,445035.0,663.0,0.00149,2,2,373
2025-05-11 15:59:08,83c5b935330b610618bebec7123a119bf3ab532fed6f0f03f28b9a259e75bd90,896278,99647.0,663.0,0.006653,2,2,372
2025-05-11 15:59:08,149441617352191fa756515c4f19932713598fb9456edbfec82438661ad88053,896278,1448895.0,696.0,0.00048,1,2,220
2025-05-11 15:59:08,324dfbdd5f13e57f04021b90a2d6744a9b390c81f25188a31fbf90db19a8f61e,896278,55659.0,459.0,0.008247,1,2,226
2025-05-11 15:59:08,a9a97efb0979bb3c13f0f3fbee27b0c5aa2992a122812a423cc9a79c288ef9c3,896278,20550.0,450.0,0.021898,1,2,222
2025-05-11 15:59:08,1d7e127b0a0c96e7ff810b846bd2432084ae4262adc4be2272db0284e13627c5,896278,3489055.0,451.0,0.000129,1,2,222
2025-05-11 15:59:08,1e3f7c136d58119501d04fefe0192fa072061825d4ae238d80a1a34058ae6c45,896278,206065.0,451.0,0.002189,1,2,223
2025-05-11 15:59:08,7d25354184d723f12f336cad2985eaae7a457c4f9d318ccdbe8c3479108d1217,896278,421575.0,451.0,0.00107,1,2,222
2025-05-11 15:59:08,7fa5b2eb59a0f0742ef83dbbe7cedd8814ed0a1da2ccd5e0f09ad589ee9f14e1,896278,113211.0,352.0,0.003109,1,1,191
2025-05-11 15:59:08,be0ad3e4887c6dbdd3edc1f792d41e110188acf97edcd6def95814949c2288a4,896278,12773.0,352.0,0.027558,1,1,191
2025-05-14 19:23:31,0b741231d49755c080d73edad93e1f8763531d941629225c694e2d7ee7f5152e,896711,1387527.0,513.0,0.00037,1,1,194
2025-05-14 19:23:31,33571932c8732d91c41f1360ccad0b12a51e66e42dfe060d488d335353aeb32b,896711,43975.0,513.0,0.011666,1,1,195
2025-05-14 19:23:31,12238f5b2bbbd6231036d7e0e71280a175896337219af7dec765e75e7ad70ab1,896711,293037.0,963.0,0.003286,2,2,374
2025-05-14 19:23:31,2ec872825af68a309d40825498eeb24a5343c6b7ac1cd73925ddbba4d84275e6,896711,567928.0,500.0,0.00088,1,1,191
2025-05-14 19:23:31,f710457b10670789bb96caedfb418be8a97bb591c49508456d10e150e3ea46dc,896711,2579651.0,500.0,0.000194,1,1,191
2025-05-14 19:23:31,932b24991ac4d6dca726e07dc4af456f70cc7998ae149fb85cd0a91bfa76a7d8,896711,150000.0,500.0,0.003333,1,1,191
2025-05-14 19:23:31,4f40dec22199601d4d003e96d3438d3bd63fd518403c08c38e03929e1d098adb,896711,1087324.0,912.0,0.000839,1,1,200
2025-05-14 19:23:31,2f1503fa0c7ba32c56942d2e55a24f8deb4f9e6fa2f26386b89f25160bc311ff,896711,3919725.0,643.0,0.000164,1,2,223
2025-05-14 19:23:31,c75e24b6428cc80e6da102748d416d2f9ed57db2fc0b5bfb8b08c5b2e2ea00f7,896711,241357.0,643.0,0.002664,1,2,223
2025-05-14 19:23:31,07269b385eeac56a8c9a236daab4ff8900a9c2acf5a8d65236744fa1adc998f3,896711,226230.0,643.0,0.002842,1,2,223
2025-05-14 19:23:31,135b336eac29b8a4414a9043662ab1d606670b30ca6f7c279f280cad99bdf8f2,896711,12080232.0,643.0,5.3e-05,1,2,223
2025-05-14 19:23:31,29ddc7b11680f97583726dde916657cd2d5fffda0bc246f834df2b2f378b3ded,896711,151912.0,643.0,0.004233,1,2,223
2025-05-14 19:23:31,b934d29c1acb9e2a12168b42207f160ed0297cc17a5159a97b7ee5e631e6ffe8,896711,58225.0,643.0,0.011043,1,2,222
2025-05-14 19:23:31,b9291478a9bd2d9c7b233e33f6b700d960f585741bfdfa4ef40847c451a229e7,896711,676569.0,643.0,0.00095,1,2,223
2025-05-14 19:23:31,cee3fc9e2a9fb6c4eff69565810853442f9838e905722374dcc2ab62adc652e3,896711,83464.0,643.0,0.007704,1,2,222
2025-05-14 19:23:31,49d35d22b4ee32f79a659e8682129bdc1f4acd4a35a21ef09abbd25ea606d2ce,896711,74058.0,643.0,0.008682,1,2,223
2025-05-14 19:23:31,4d405696f683b20288473be5114ea52be71425953f7e35a5e8736dc600c756ba,896711,18366.0,643.0,0.03501,1,2,222
2025-05-14 19:23:31,8418380db8e3920800b1d245422abab30d6c3c8cfb2bd135c1f23d146e48f0b1,896711,174445.0,643.0,0.003686,1,2,223
2025-05-14 19:23:31,da7d801b7e89c898d68375349e9e626d9f57699e1be1cfa769c85adf5f31e9ac,896711,76006.0,643.0,0.00846,1,2,222
2025-05-14 19:23:31,bb19c5c49359524f4071da7677a2eb1780e9fa7453dbc940e43f8132499ce3a7,896711,18523.0,643.0,0.034714,1,2,223
2025-05-14 19:23:31,3bb06747ce4404f8f4518e9c18a4ddf0aefbde91958509ed082cdeffb4c6aca5,896711,16769.0,643.0,0.038345,1,2,223
2025-05-14 19:23:31,f5ee09ee682d44432490d966d511aadba4c01eeeafa22a4c4b383a86a6763da1,896711,2356117.0,643.0,0.000273,1,2,223
2025-05-14 19:23:31,521e1b6aecc29b0c02302649c476d3510e38c4b161523510738b743ec7bfc79e,896711,1161348.0,643.0,0.000554,1,2,223
2025-05-14 19:23:31,8f74fa4b1e0df63f614334f44d421d5b893fce46f8a2142f3b1ccf1c65637093,896711,226343.0,643.0,0.002841,1,2,223
2025-05-14 19:23:31,c764d9335c7537d14b6ea685899d4c1d820d12dfa7518ec6b290b695c9477a8c,896711,113753.0,643.0,0.005653,1,2,223
2025-05-14 19:23:31,98fe0fda052e62c84d798a3a3baa3421115c0b70b1d44a239e2820a270bd8783,896711,1096066.0,643.0,0.000587,1,2,223
2025-05-14 19:23:31,13efdb4281aee041ff176df34af089d4d871265c02bbab6b427414cb6569c482,896711,78384.0,643.0,0.008203,1,2,222
2025-05-14 19:23:31,28d03cc80b670f2d4d3014213f9647bb54003033b26ca34e89b9f90d221f5a73,896711,167246.0,643.0,0.003845,1,2,222
2025-05-14 19:23:31,88d8fb9ed4398cde091d72c3ed7752dc9157ac9cafce28a0d9d5d3f7d23fed70,896711,138575.0,643.0,0.00464,1,2,222
2025-05-14 19:23:31,e2b04f26095fc6cc672bbbf3e1518f99554b2b36a088620cc9fa501c073bae6c,896711,1027228.0,643.0,0.000626,1,2,223
2025-05-14 19:23:31,2d20d725c35c7d16796f7e7d1323a405d39c7d209e7a7023f2c7fc3d653d736b,896711,3788353.0,643.0,0.00017,1,2,223
2025-05-14 19:23:31,83ee0c338815ebcbfa6cbef3ca0002b101707dd0cd076e2bf650b6011a3aea69,896711,750493.0,643.0,0.000857,1,2,222
2025-05-14 19:23:31,0b37247956e74655e1f07f6a20e9527a18da4621f7c29ff8f7880444158d6367,896711,51684.0,643.0,0.012441,1,2,222
2025-05-14 19:23:31,cceffc1b6836b55074763a74ae806abfd69f698674b8834e023dbb3532548660,896711,110250.0,643.0,0.005832,1,2,223
2025-05-14 19:23:31,f05ab6537a244e3798a13a622a3a2fc5382df833fcc557df6a3434af16bc4e60,896711,125420.0,643.0,0.005127,1,2,222
2025-05-14 19:23:31,a868700d57d3d78dd6ecf69c98f92fcf9570fa7b72865e07ffc5f21ab4cf295f,896711,1441900.0,643.0,0.000446,1,2,222
2025-05-14 19:23:31,0fc7cb1a9293a6f5a0db923827b05e148e4136bafd25998364e160ac9c85a85d,896711,8138525.0,643.0,7.9e-05,1,2,222
2025-05-14 19:23:31,cedf5b3d60c2f763147a909c315db51eb64ce369ee16c8c303b3986b9c26b95a,896711,577424.0,643.0,0.001114,1,2,222
2025-05-14 19:23:31,3bc665e702e49c217c98ce13777ba429f1a425e70439ee09364a23e4b895c959,896711,685292.0,643.0,0.000938,1,2,223
2025-05-14 19:23:31,c0eec2048c30722fe64c29bd4bc22b1fc8acc0103ac440ef605241da39b0cf55,896711,48682.0,643.0,0.013208,1,2,222
2025-05-14 19:23:31,05a5622e50e02a0554ff00a4393df36057c5e3d33fbecf6501f8988efd567a55,896711,7656452.0,643.0,8.4e-05,1,2,222
2025-05-14 19:23:31,fa403da4791b5dae85b3c1a698da3fb0739407088640799cf1973f0a0ae5cc4f,896711,688479.0,643.0,0.000934,1,2,222
2025-05-14 19:23:31,e6bd1f96ae177a111423dd1d1932baac5bb87812ccb669a2932d551c0189eb45,896711,721417.0,643.0,0.000891,1,2,223
2025-05-14 19:23:31,717546015b480bdf7b6998a6f639943449ead9e8d4321c4fe5100f0a58d90a45,896711,246593.0,643.0,0.002608,1,2,223
2025-05-14 19:23:31,8b2ab94094a9bad8ba434766f91a47bb9774adc0b1c94175314ada2ca8f29e30,896711,3026590.0,643.0,0.000212,1,2,223
2025-05-14 19:23:31,60e020a077c197d4059a5e48e6d35ba5c14038cb6fb184776cd480df3977472a,896711,67853.0,643.0,0.009476,1,2,222
2025-05-14 19:23:31,5710581fcae1f2f50c994ee3ddf9aa8c84c84c56ad65e95475621c92a0d33d28,896711,1971236.0,643.0,0.000326,1,2,222
2025-05-14 19:23:31,f291e2232f633a7858681eb76dcf3947e2784be1c8aa645dde60198a3428dc1f,896711,246973.0,643.0,0.002604,1,2,223
2025-05-14 19:23:31,3a7f846fb1579e61ccce1d9343b0304b696c8ac16b433e3727156fd0a3467319,896711,45202.0,643.0,0.014225,1,2,223
2025-05-14 19:23:31,39b8a23e116dd8dbf927fb32ec8438dce951f23286e81a35417fdf4012d6df18,896711,181131.0,643.0,0.00355,1,2,223
2025-05-14 19:23:31,2c1beb26c7c2e6979352d2e9b53522a0da09e4e09b182f8784244bea9c0d0b0b,896711,16076.0,643.0,0.039998,1,2,223
2025-05-14 19:23:31,639871590ae82b5a5df17764958067a99e5d23dc0e2bb0dc7219f660a1fb6008,896711,1312269.0,643.0,0.00049,1,2,223
2025-05-14 19:23:31,46ced3c7391b06f397ff1d78eb790336f9644be723941a55d3104dc6f727d800,896711,13085.0,643.0,0.04914,1,2,222
2025-05-14 19:23:31,5a1328bbb8463b92aa7687c78364956f1541ac4ff2908ffc8559c106ce5d295d,896711,419343.0,657.0,0.001567,1,2,226
2025-05-14 19:23:31,2346eeaa418c50bf075b14f2ebbf6b858dfaa0b04b5af2e5b7483bccc08614f3,896711,415758.0,1109.0,0.002667,2,3,405
2025-05-14 19:23:31,92d4867d5026168237a099a73ac3bf06c45df54fde3ebec877e4bfa52373c562,896711,392879.0,1352.0,0.003441,2,5,428
2025-05-14 19:23:31,bd6d03fda148b7e2db20b086e370a6dff7b86466de58fa0c105696faccfc3022,896711,33840.0,518.0,0.015307,1,1,194
2025-05-14 19:23:31,9a2a4883e8fa95239a50a5d530d4620ed4d2fa74f60440873c7f7f52bc09403f,896711,151653.0,643.0,0.00424,1,2,221
2025-05-14 19:23:31,e4fbaa09ab272c93efee156863f475024ee54ffc0c02c6164d07bdb60ad81ab8,896711,177880.0,1080.0,0.006072,1,2,493
2025-05-14 19:23:31,b048c1e55e09f9235461e4b33b9c496f00e892dd29a47fbcb069c91ae5ff0560,896711,1459456.0,1804.0,0.001236,2,5,747
2025-05-14 19:23:31,860af4c6b8cc57b5562cfeac29c4bd973ebf01395241ccf0e5e3c4f04b8f88b0,896711,555793.0,1926.0,0.003465,3,3,559
2025-05-14 19:23:31,ada5f140eaa6f534489e47f6086cf0935dbb1db4dee34bfd871855e661a5ad63,896711,300493.0,870.0,0.002895,3,2,530
2025-05-14 19:23:31,33eca77b8dd7cc4703e2b58af93fdf336e67f7818c2f757db966c367a54c8e7f,896711,24897814.0,933.0,3.7e-05,2,2,302
2025-05-14 19:23:31,750a12c5fb45878fb8fdc8703799775fa0b81d0c06508f51046ec7391f5b708c,896711,23416734.0,647.0,2.8e-05,1,2,194
2025-05-14 19:23:31,02be0a9c1a822db18f2f168b9f3e9b3eb3717c012944d3b7be44fcbb4e584523,896711,50942.0,963.0,0.018904,2,2,372
2025-05-14 19:23:31,8eafb44eae61eda954aa087681f177ee8762d7dcebb9e177f2c7d2605ff0f1a5,896711,376202.0,2250.0,0.005981,3,1,487
2025-05-14 19:23:31,ed5bfd7f75742554af457706d8f129ae0cc21e35da69f77caee3246e041702e9,896711,68438.0,513.0,0.007496,1,1,192
2025-05-14 19:23:31,eb906db1cc270a7da03ad6c64a10238aa5bb7c70600be7f86af64dbe61bb29dd,896711,549269.0,513.0,0.000934,1,1,192
2025-05-14 19:23:31,7f8f1da73dba73276e3d38f709e87d565ff444b31d1c9e97fecf0beab435c586,896711,295526.0,513.0,0.001736,1,1,192
2025-05-14 19:23:31,bdadc4fe3656d6f3ea3abd5aacbdad12915ab4065493fe1d62afef06e06fc69b,896711,343119.0,1179.0,0.003436,2,2,417
2025-05-14 19:23:31,62091437eb0c161c21bd7abe1ec58d4459dc7a218143db18181944615b44fdda,896711,30343.0,657.0,0.021652,1,2,223
2025-05-14 19:23:31,2372064d6b1793dac1722a0e39ebe8223280c393386cfef414c50daea345e483,896711,15586.0,546.0,0.035031,1,1,194
2025-05-14 19:23:31,8ff252b911a49171b7fe4bbfc6695a1f05e79a742b7784e35b94ce8bee0687f8,896711,19855.0,864.0,0.043515,1,1,194
2025-05-14 19:23:31,1ee5e05b36f9275778ca1228bf60faf1bc808501ae1cb168170d2c651d2f8497,896711,69495936.0,1192.0,1.7e-05,1,8,413
2025-05-14 19:23:31,4725e530889f28828f2e5cc82e0f5295328a1011b64be90d9fd190ecc78c8695,896711,70059.0,965.0,0.013774,2,2,370
2025-05-14 19:23:31,39b8a0d59a0cf885f0789d95cf0a9aa476d752c4619c8a3cd49046cc7d384ac1,896711,1898956.0,657.0,0.000346,1,2,222
2025-05-14 19:23:31,fcc1ea56a0501958ef038d99b30fb061d555117358b7c0b416f5306e40d30eba,896711,46343.0,657.0,0.014177,1,2,222
2025-05-14 19:23:31,7ccaa200664cc248f9df7ce7ed7dbea65847fee740e0b14ed4aa278fddb87ea0,896711,11232.0,657.0,0.058494,1,2,222
2025-05-14 19:23:31,1b3550c77b293410762a16d5a106e6dec633198839c9f91188a206677eb20eda,896711,183264.0,513.0,0.002799,1,1,191
2025-05-14 19:23:31,4c99e317e4ac5f58f0607f7c2ed0cfd4b8a4f4da7cd635af92423648f08825c3,896711,32158.0,513.0,0.015952,1,1,192
2025-05-14 19:23:31,817c3ad2720458f01e18adbe08edbc8fbc226de8841d91fcc82e71518fe4babb,896711,1837662.0,513.0,0.000279,1,1,191
2025-05-14 19:23:31,c9fa86204d633796ba6a0b3f19bc6094d3c626f86751cbfd0ef6474a5831dfb3,896711,141487.0,513.0,0.003626,1,1,192
2025-05-14 19:23:31,fded5ee27f7d25e03fd2f6033b8dd524b90ee7a0d5465cae96cd7ef637b2c0a6,896711,111485.0,513.0,0.004602,1,1,192
2025-05-14 19:23:31,f3a9768df56fc83ceda50df4af31fa577299da4430f0e5c307dd72225ecae88b,896711,1495202.0,513.0,0.000343,1,1,191
2025-05-14 19:23:31,6d0680a45e11e7c3bd9c71906dcdc85192bba669a3d778422aec0e1613600276,896711,1359735.0,513.0,0.000377,1,1,191
2025-05-14 19:23:31,b1db4eefd787ce42e5c6a94378e29ecce77fc8ffa4b49c64e6b341a31e9c1070,896711,95736.0,513.0,0.005358,1,1,192
2025-05-14 19:23:31,7c9d0aff40dc9d61519c9e68617bd708ee0fdc62978d4aa78c89f10f4835c765,896711,146678.0,513.0,0.003497,1,1,191
2025-05-14 19:23:31,62cd569357ca05fe28c5fe740461b79837cbd5499b3ce5107248019e16bbad60,896711,2182393.0,513.0,0.000235,1,1,191
2025-05-14 19:23:31,86c8cb60aa17442a62597bb0b55d5e33bc4ad4993f795ce261097d56a7ed2a5c,896711,30487.0,513.0,0.016827,1,1,191
2025-05-14 19:23:31,8bfba083740f0c8f6a08587f2b764e3731569ba269b0afc27465606b4c386653,896711,43132.0,513.0,0.011894,1,1,191
2025-05-14 19:23:31,c50a4a48c2ec25c00197cf9f5d43e0d1a82345a5ad4a638a17d4fe8a5f80e151,896711,325634.0,513.0,0.001575,1,1,191
2025-05-14 19:23:31,d5bb5fea3272ad29a21cbb7e6e44629d77ae01993c68976f4c64642c887a3b3a,896711,1858745.0,513.0,0.000276,1,1,192
2025-05-14 19:23:31,de1ee1d45fa4db040c8b65166a88808538b76a5a7309ff7d77a296aaabb92f2b,896711,90037.0,513.0,0.005698,1,1,192
2025-05-14 19:23:31,0d104040a774fbb7a98c3d24d6c7a380099726a6abe0021ddfddca872c6fb019,896711,406644.0,513.0,0.001262,1,1,192
2025-05-14 19:23:31,91a0e076dd68c5395a00321a3bb28c14cbe4f9f80c5922c591f737a9683db812,896711,234198.0,513.0,0.00219,1,1,192
2025-05-14 19:23:31,9255f468fac89dbf97b349e14957949b346bf197d82b7eb6e4a66aade0250c0e,896711,43115.0,513.0,0.011898,1,1,192
2025-05-14 19:23:31,cc2c7ad27d41f1399e64dbb3609aafa24e687fcdd6ad1af66bb6b669c8321c0a,896711,4496546.0,513.0,0.000114,1,1,191
2025-05-14 19:23:31,c857062bca14e9d9878fb36ac2e724daff0afde4ec3c39049c716fb5c3a92c04,896711,221428.0,513.0,0.002317,1,1,191
2025-05-14 19:23:31,1f89512752a2ad620ab09d0224939f413caafd54b36c0e539c10620fd5ce34b6,896711,4338610.0,678.0,0.000156,1,2,225
2025-05-14 19:23:31,d2a7510b1b4327eb1032f88416a4d1088c959ac9705c941892f44a0bd7a47b9b,896711,194367.0,576.0,0.002963,1,1,203
2025-05-17 10:23:47,c939b8649250696bc26b1d8706c63c85dfc147c0c10db1f8fa5df5f67ca27e08,897086,87495.0,1562.0,0.017852,1,2,219
2025-05-17 10:23:47,d7490b069b9a80d63f1463378dd1d6b653aa943fb61b2b007ece5303451f38a3,897086,4853.0,806.0,0.166083,1,1,194
2025-05-17 10:23:47,6a4c152a4d1ae347d4b84c2e91170d2c74571bf96e8829fae262ca7e4e03c27e,897086,185749.0,1987.0,0.010697,1,4,443
2025-05-17 10:23:47,dd0a50040604ad3c62f98cade1c3d79a580f0683cbc4b4a9ccfbc846c8ef3c68,897086,42733.0,1275.0,0.029836,2,1,340
2025-05-17 10:23:47,fd3d67d88ca47b47c9ce2111529f7bf8659daedc8cb306bb6669bfad8d3aae01,897086,606611.0,2000.0,0.003297,3,2,521
2025-05-17 10:23:47,406e62e2d2043f9862a2a2079195ede7c4f8a2aeeb71a2df63179c7f7582d374,897086,534169.0,4240.0,0.007938,4,1,1290
2025-05-17 10:23:47,9c1f614d0fb1da4b868e3471cf42458ada7097b4f223b3b32eb9fb391e72b891,897086,317376903.0,584.0,2e-06,1,2,223
2025-05-17 10:23:47,cf40dbf4f83ec7097fd091a89b94275c03c31d020e8034cc8fde9489729cde01,897086,53420.0,1301.0,0.024354,2,1,344
2025-05-17 10:23:47,15a490f060860bae54fed6d103197cee92472fcdbd3bb8f90d0450a961865a71,897086,45164675.0,1900.0,4.2e-05,1,4,346
2025-05-17 10:23:47,1f09c3763c8e4a074fb64e30c4e0bc196bccdd2b53302e3bdeb18d76ddf8fd60,897086,14852546.0,1922.0,0.000129,1,6,348
2025-05-17 10:23:47,b99725d4f339bd4cc9311bcbd017e052da6728474b43f4d7c6a1cb2465f1deda,897086,213660060.0,1015.0,5e-06,1,2,222
2025-05-17 10:23:47,71f4385d495c8353e6e568f4e822da0eda7116391c78d837391bd5833c5303c1,897086,5204563.0,1015.0,0.000195,1,2,222
2025-05-17 10:23:47,507df1b25b82bb6f9f2dcbb7d5da0c1557d7aabc9658eb8417c23af7b436d6a3,897086,802365.0,2000.0,0.002493,3,2,518
2025-05-17 10:23:47,985b4b2e1c7d90e4e930e334a3d1436319f51ce57ab0f55676da4e001f9eec55,897086,216441.0,1024.0,0.004731,1,2,222
2025-05-17 10:23:47,0d827ba49fce466f3196067cea4e2babed366f2f5c8bd73ac8bcae5620cbe72f,897086,1199177.0,823.0,0.000686,1,1,195
2025-05-17 10:23:47,3b6f48cf93fcc87261ef591aa5657aed69cca5a340e6176a69f6b388472f9c06,897086,248707868.0,3000.0,1.2e-05,3,2,981
2025-05-17 10:23:47,882a01c8be28f1ae92d258ed1b3cc07b02caefd3a8f8b8aa93c06b804c567786,897086,684531.0,1399.0,0.002044,1,1,191
2025-05-17 10:23:47,93c29dc027c28cc62f3f6f5b8502b90212764cd832be0b6b0bfacb2a09f488bb,897086,3520120.0,1456.0,0.000414,1,3,279
2025-05-17 10:23:47,8b9755fe85398e635a55f4edc1bdc7dcbdc7de6b132f334bc164d3d07f388f35,897086,25177.0,819.0,0.03253,1,1,191
2025-05-17 10:23:47,509f18c7f38afa9542a97657c2759217e744e3f66e344720dc16fa868ee4ef74,897086,295544.0,1418.0,0.004798,1,2,379
2025-05-17 10:23:47,201042a2201f802b8799873d06ce0a20bab428942ac57156e3f61d58b327a53b,897086,81583.0,1417.0,0.017369,1,1,188
2025-05-17 10:23:47,6de7e45f9e4f6b97d196c9a1eb0230b25df056ac2f88654dfad76f53a3dc1396,897086,342613.0,2119.0,0.006185,2,3,443
2025-05-17 10:23:47,d089a2787102c9205995b152533f38176079899c0ec581ad187fdf7265b1fbb4,897086,1270955.0,3000.0,0.00236,3,2,965
2025-05-17 10:23:47,9eabfb93d02f6e3d30429dd6b1fbb36ed765885c73eef13d9fc1947159553695,897086,17789266.0,5285.0,0.000297,1,20,780
2025-05-17 10:23:47,85326f9997889c9af1650843d855f41899d6a8694845cde733fb9b7f39d39aa4,897086,29157.0,1346.0,0.046164,2,1,340
2025-05-17 10:23:47,8c199550a6a23ee57043364ddab0378bd6ec21b5215dc1d4aacb36485b860411,897086,99998489.0,1127.0,1.1e-05,1,1,340
2025-05-17 10:23:47,0274e3146503b4aa05f26d5bb578a3193c4b3aedbc44bca5df6c54696bf6ea5a,897086,7029000.0,1432.0,0.000204,1,1,189
2025-05-17 10:23:47,46eaa13e2932bdc362daca24ba11b0332c96eb492dd5aad6f19efeef38737964,897086,1372034.0,1320.0,0.000962,1,3,254
2025-05-17 10:23:47,07add009b6142c5fd9fd16153dc21950f5ee7b022ebd74827d2eb25c7a876645,897086,23311.0,1461.0,0.062674,1,1,191
2025-05-17 10:23:47,8774410b7ac6153648bed0aa8626483684bfb6e6a710e27535432cba064d96a0,897086,5201318.0,4104.0,0.000789,1,14,594
2025-05-17 10:23:47,0a2931945bf832a3264362d2370524172d96dbe51b9a35c2726c1e152cc72524,897086,5406570.0,1638.0,0.000303,1,5,315
2025-05-17 10:23:47,99c84dc58d85a9b92e15b5577e1ee1d4f787e32f14488a199155257606f2b5a5,897086,88856257.0,2660.0,3e-05,1,4,346
2025-05-17 10:23:47,37a5197b659541277caa8c120666f00c7a58d37b21f71b510f2697d7f0a45e7f,897086,231511010.0,2660.0,1.1e-05,1,4,346
2025-05-17 10:23:47,ab7ef33594e70a2df30f499619f51a0bfbde2e3974a001d6b638e3b91ab9bd6d,897086,193331493.0,3478.0,1.8e-05,5,3,852
2025-05-17 10:23:47,3051f2c001e252a27aed78a7cdbd8a5fea27009116670ca14167ce74def2b7eb,897086,398429.0,871.0,0.002186,1,1,192
2025-05-17 10:23:47,d357c0ed0063a01ee6fb0d7e99a4cc8234326c34976e98615c767be62b8facb6,897086,3899129.0,871.0,0.000223,1,1,192
2025-05-17 10:23:47,ac6dbb94a8e206120fc0802a0602f02673ef714c9d633582e9a14498ed6c0e25,897086,56477.0,871.0,0.015422,1,1,192
2025-05-17 10:23:47,daaf0f8f6c15d599dc88f21bc5d6af35e228b88c4d188b33a6ee3f56e6a8046f,897086,403634.0,1295.0,0.003208,1,2,247
2025-05-17 10:23:47,3e262026fa61a80d94e083a7d2ca19db917eea5d822f7a64a8bfd82bfb393210,897086,188605.0,1114.0,0.005907,1,2,223
2025-05-17 10:23:47,f80250d1d26e16d725fb2127fea390b4a70d61bab5a9573436aba36b496751f4,897086,185297.0,872.0,0.004706,1,1,191
2025-05-17 10:23:47,54a612b8aa4c5dbb98ed4f5f69a8602497298a9eb204c2b82327b078b6c8f076,897086,16065.0,872.0,0.054279,1,1,191
2025-05-17 10:23:47,347abcbf166c2764a63674473bd53272e3f2a14ff66c80f0482a90998d32fce1,897086,895506928.0,1388.0,2e-06,1,3,256
2025-05-17 10:23:47,5b1482d7a20623b9fab32c4a65bedcf46ba8a4a6d26ef8ec8498e4d8d73714f8,897086,3010549.0,1056.0,0.000351,1,1,214
2025-05-17 10:23:47,f6bb26b340ebd337d92540d61290620a596595c97b73f05c424b5546e3beaeeb,897086,546.0,185696.0,340.102564,1,2,93033
2025-05-17 10:23:47,dc87397cdc50c59acfe6ab826d1425d484125efa06ea1c7b1220adcd01dd6424,897086,12738.0,1146.0,0.089967,1,2,226
2025-05-17 10:23:47,62cb7191d30195dd23b76bd7ecf69e256bcb4f801994772a180e07fee1ff8275,897086,488897.0,1218.0,0.002491,1,2,234
2025-05-17 10:23:47,6eb42f515c0848cbc2115d4bd3b7fa7a818e27e7f9d4ae80c86b40370f69cf30,897086,25770274.0,3968.0,0.000154,5,1,902
2025-05-17 10:23:47,96691d9aea6368b87333f6fd13af573ab91436d026da310e399c65b64cb3c7a1,897086,49843537.0,1224.0,2.5e-05,1,2,234
2025-05-17 10:23:47,28900cd6553e49da0eadde7e49b966c8d8c90a2d0e9ebcbd5c8e666ce84e0655,897086,2590626.0,1128.0,0.000435,1,2,222
2025-05-17 10:23:47,ad02ceb45f4508fda0436720d05e68fc96daaa08f4d5dcd8729fb1a488a69b49,897086,15624.0,904.0,0.05786,1,1,195
2025-05-17 10:23:47,51ec1c29dffbf59a8a82204709911252a5cce66f2210710c71eca1f727c55b36,897086,9515067.0,1128.0,0.000119,1,2,222
2025-05-17 10:23:47,50a57a87c04b6aae12693a21036b5b9f7bbac33062325bbfe475b10bd1cd7125,897086,1284172.0,1320.0,0.001028,1,2,246
2025-05-17 10:23:47,0037aabc2ca5ecca73694d86758a64f4f0617b469b512b96cc79e38f54e92609,897086,12517.0,904.0,0.072222,1,1,195
2025-05-17 10:23:47,bafbd631332aa9370d0d64da92ae46a50db735de1fb06ecf25619124689c1986,897086,894568.0,4704.0,0.005258,8,1,1233
2025-05-17 10:23:47,b6681d9fc89b10edea7da9fdc96cfea9d16d52e21224c562dbfb4142d1f53a7d,897086,12073667.0,1408.0,0.000117,1,3,226
2025-05-17 10:23:47,efe5681eb41a5ce6ec995c7e26f2e56523763fe79f63c309f919ac66ffe7663c,897086,86292384.0,1808.0,2.1e-05,1,2,222
2025-05-17 10:23:47,a98f799d96421633c855be63b947d10a5ffc16444ee4068932f235490f2a87c4,897086,152658.0,896.0,0.005869,1,1,192
2025-05-17 10:23:47,e08028ca04dd62e37eb955e31af0501a2565e68d01cc82a0e9b0f7d7e43d24b5,897086,387883.0,896.0,0.00231,1,1,192
2025-05-17 10:23:47,88171018ddf1d7b344320bd962c6bc18fdd1966dafe9291b9603fec08c547a9a,897086,651826290.0,21000.0,3.2e-05,9,8,2958
2025-05-17 10:23:47,32bc927ad45960e52f50278bfe61bab4e2f014b5f4aca6dfe38b8b3c9f62768e,897086,512720.0,1153.0,0.002249,1,2,222
2025-05-17 10:23:47,c8785aba11ffbe97451682d87cac39325f1a48af209b56a448d4c7dae75b3c60,897086,15408.0,2646.0,0.171729,2,5,423
2025-05-17 10:23:47,cbe001c898e754ef064956a856a3b191ba9494b4451078d51bacad4e4d8c4680,897086,81434003.0,23000.0,0.000282,12,12,3947
2025-05-17 10:23:47,540be4078333ea11d30ecbb5d314f2a4f60d63ff34d2d6a93977781e6c89a1e7,897086,42518.0,1168.0,0.027471,1,2,223
2025-05-17 10:23:47,51d1a58ec15e857a637ccb436510ceedc29ed8e126147ad5ccfc82bfc75cf485,897086,414832.0,1168.0,0.002816,1,2,223
2025-05-17 10:23:47,d73424032318930b3ca4ef12b336e10da56c04e075ce5afcaf8d71f20352d225,897086,1235881.0,1168.0,0.000945,1,2,222
2025-05-17 10:23:47,198c784aa39ec9ac3072e01e1ad1523098483090f0459455cb40e0f2a1c3357e,897086,6431078.0,1169.0,0.000182,1,2,223
2025-05-17 10:23:47,38e62c91cd82571f584402f5a856501f3f98543291ad0e4e8ada38c9c12688e9,897086,1500671.0,1440.0,0.00096,1,3,253
2025-05-17 10:23:47,451e4deb9d5021c725cead5a63fec0d7ce8cefbed89b8f6246402d728b4e2ae4,897086,516371.0,3629.0,0.007028,1,1,188
2025-05-17 10:23:47,51097de98b131dc306522eefb614e100a170166685d925947e204991cf5366b4,897086,5300283848.0,2760.0,1e-06,1,15,656
2025-05-17 10:23:47,13b9ae96dec78e351bac34fcc37bd1449b70074cb107846a88d86a9caac182ab,897086,526000.0,922.0,0.001753,1,1,191
2025-05-17 10:23:47,be1a5d995f46e14b7c8bcfb7a6aa255fd9541791d46ef325a61e6dd044d87ecc,897086,344500.0,1500.0,0.004354,2,1,340
2025-05-17 10:23:47,6514047eef2cfc564ed0edb6b0585505cc52876f4697711eddd32c25a79c432b,897086,3871.0,929.0,0.23999,1,1,192
2025-05-17 10:23:47,e9bb12e8e0a0ed31be6ab8c7ca9cc315eed9ad3ea0652b7856e7e9303b534c42,897086,1933587.0,1465.0,0.000758,1,3,255
2025-05-17 10:23:47,db2c177bfaecfb76888a4777b5311d016287800b8f983d9dc2d66ff705ad5a98,897086,34500.0,1500.0,0.043478,2,1,339
2025-05-17 10:23:47,29193643ca20fcd1d2dec9f3dd3ca1faa8cc6264b3878ba5c0d058d4a279915e,897086,90285.0,1601.0,0.017733,1,1,188
2025-05-17 10:23:47,b8e1df38b4ff2c90218c270b5648e37d4eb60a7b2d46594a3154adb2f1515dee,897086,60268.0,1910.0,0.031692,1,2,222
2025-05-17 10:23:47,9a3aad228e40638f681f67cf6316c8257495a919299182d1e288057c3065f799,897086,40575.0,976.0,0.024054,1,1,195
2025-05-17 10:23:47,d3237b7f91ae86e94d6b9c56265162525acd6b422637d6fc2eaf964264ada44b,897086,508655.0,976.0,0.001919,1,1,195
2025-05-17 10:23:47,61e1e418bb9fff7dd2886fba44a6ec405bd19287b81224365b25be69d47405c8,897086,36551.0,3905.0,0.106837,4,4,775
2025-05-17 10:23:47,5f588736c16c6c1c55ca08a472b8cc6ddfe306b91174a544e9fd73abcd4de43e,897086,299279.0,1913.0,0.006392,2,2,383
2025-05-17 10:23:47,ba7971f13247043a524ebdca5ea611ce1b7d1456af02564bdd219d658261e36d,897086,4551079.0,1818.0,0.000399,2,2,371
2025-05-17 10:23:47,2e5f7431a569ea1365b4d85486975375d57ae1ebbe3a2a5f9c63a95eb20049d0,897086,15300.0,961.0,0.06281,1,1,192
2025-05-17 10:23:47,4f7988fe45256498fe8fde2f5cb6402f9143990f2f50af924fcf1d03b2bc8e4f,897086,314740.0,2000.0,0.006354,1,2,225
2025-05-17 10:23:47,8fa51f8886228a6cee453aa1fcf585a5f79f1c2583bbc5290fe06bfea711893e,897086,1441864.0,1008.0,0.000699,1,1,194
2025-05-17 10:23:47,1ff361de320eb52b0ac36b56b95b4952517f2ff6ab1e5e30895ed442bbb8a72e,897086,1200.0,2400.0,2.0,3,2,419
2025-05-17 10:23:47,be2f6c2dbebaa304235f40e568844969de769c2cf9ad2cf05f07421d63b14725,897086,24861540.0,6192.0,0.000249,1,19,774
2025-05-17 10:23:47,4dd2ecaccf55a09d6e0d4cec10145c03579a725dc6379956c13957ca47c7edd2,897086,140694.0,1296.0,0.009211,1,2,226
2025-05-17 10:23:47,805f5fd86b2b2bced2deb2727a076c93ca6152a1bb3975d5725148443d154cbe,897086,1556385.0,1278.0,0.000821,1,2,223
2025-05-17 10:23:47,bd58fc6461d2362b58f770743398a10d43ea309c1f53ffaa45924ee864788cac,897086,33316.0,990.0,0.029715,1,1,191
2025-05-17 10:23:47,bc3e4e12376ea82cd087c8754c46d962f33092a0ddcfb5b424c151b64644af61,897086,171849304.0,1296.0,8e-06,1,2,226
2025-05-17 10:23:47,0220290d8bd3e416266d124a628944442dc358c7823c99b89f37815ad555b15b,897086,30332.0,1269.0,0.041837,1,2,223
2025-05-17 10:23:47,684fe7f0cbb6d0b92d91ffbce2bd6b99eb1ad124bf3c7756e31acdf6cef0c358,897086,48913.0,1908.0,0.039008,2,2,374
2025-05-17 10:23:47,f231e9fa0f1c33d7e987e9fa5a04af3b522cfbf4326e48eeb24d0d6c360c2344,897086,749295.0,3501.0,0.004672,1,10,470
2025-05-17 10:23:47,8fa47219dd4b05b0c9b396ec657b157ff8f0bba25fa754471a557cda4f28952d,897086,9000.0,1000.0,0.111111,1,1,162
2025-05-17 10:23:47,b25645197e90ef767f777193b1cdb70cc3ca2911b3ba501e3a42a3b1ebb22b67,897086,50139890.0,4971.0,9.9e-05,7,2,1114
2025-05-17 10:23:47,49632678b8041d8f3b6785807432fd719224ddc7da28efa7872c5ad2d931335e,897086,339000.0,1000.0,0.00295,1,1,192
2025-05-17 10:23:47,94894979235ad182a5ae0ba83239c78baf2749f87066382ebaac76a318842a54,897086,32810.0,1000.0,0.030479,1,1,191
2025-05-17 10:23:47,8735d46e0dd8c266b5fda9e191e899fc8aa495eb587641e80cf6ebbb378d98cf,897086,93445.0,1314.0,0.014062,1,2,226
2025-05-17 10:23:47,9c7a177b5ec5fe50ebb1cd8bdba9a61dc3f5a9a082d6d449b11b8d2e435bef5b,897086,6995686.0,1314.0,0.000188,1,2,225
2025-05-17 10:23:47,52161d5e5a67bc7b7f08c1cb2a051679dbf62cc9b5afc517d641d75586b215c2,897086,242144.0,5004.0,0.020665,7,2,1113
2025-05-11 02:39:37,b4e2d9f46fdd8edbed523168ed4bf1c27bfeac67291d9d09a6b7138cfef1c5a9,896194,293784.0,705.0,0.0024,1,2,223
2025-05-11 02:39:37,208582b3eadf3b5dfef4a0dd34f0c597e11a6950eeec598fd8a4a296e8572fda,896194,9905.0,641.0,0.064715,1,1,193
2025-05-11 02:39:37,0a22087df8562b56543db4b4a1ed037c165e0b7cb4fce2ab8eb08055024ede20,896194,20873.0,804.0,0.038519,1,2,223
2025-05-11 02:39:37,223ea7c111ce245e035625eec022146f3a57fe769f26654207cfbf180c0f0ad7,896194,742319.0,641.0,0.000864,1,1,192
2025-05-11 02:39:37,6e5be42137f23a2e2de442d6bcabc88b76a0c4d1b452f4304bcd562f90b00f70,896194,848564.0,804.0,0.000947,1,2,223
2025-05-11 02:39:37,870a1d62ee63dbadd46ed453276300448c86db7a5ca0d7569102fed322f73ff0,896194,62359.0,641.0,0.010279,1,1,193
2025-05-11 02:39:37,916582bee9e89fa666fcd59d5ffe57062c0def0f1190301cb669e3bfd3b0baa2,896194,109143.0,641.0,0.005873,1,1,192
2025-05-11 02:39:37,2fe6d3602cdb910d017adf6a9453e99cac03dd8377e5110ad81e52fe93643888,896194,164457.0,641.0,0.003898,1,1,193
2025-05-11 02:39:37,e17d7c8784ed133dbbc5b8fe4fc7225e4879cb76d5ca8e0e4110597b63023a72,896194,88359.0,641.0,0.007254,1,1,192
2025-05-11 02:39:37,502738070af09bda85ada07d49fe8d320beef15ad6969f74334eb6f2590fca58,896194,256959.0,641.0,0.002495,1,1,193
2025-05-11 02:39:37,b448fc4388505b2aae2c720c53220bbc127bbfb268d942c09d6eb1ab0f3cbd4f,896194,1397022.0,641.0,0.000459,1,1,192
2025-05-11 02:39:37,5cc62c64c27da316ef4d9a1a0cb3edcbf18398b4289fe8daf81c9367cbc45e47,896194,182377.0,641.0,0.003515,1,1,192
2025-05-11 02:39:37,49b41d4193bf606b40b98040a6fdbd9666b12b560bba23ae5b006979b328d905,896194,404803.0,641.0,0.001583,1,1,192
2025-05-11 02:39:37,957f7803465f19bf48c6d1957fd0843e8b56cff59982f0454bce69fb980036e1,896194,193423.0,1460.0,0.007548,2,2,371
2025-05-11 02:39:37,276091c5406267ee6661fa98c69e4c880d0185929b20b0dbe197ab657cd7d750,896194,1308922.0,562.0,0.000429,1,2,223
2025-05-11 02:39:37,cc8800a45a7bccb8a3c75d7183cf76a128144d531eadcafd93791c3532a3042c,896194,82246.0,1093.0,0.013289,1,1,188
2025-05-11 02:39:37,5c8719051749a287ec6e5cd6780c4bdd785a8bd5fc1420162dc15d19fcdae4e7,896194,631359.0,641.0,0.001015,1,1,191
2025-05-11 02:39:37,ff0096e7ce07961249d0a3eba7d686ec0bb7b574dd20717c5f529c5b85c45ed7,896194,50780.0,641.0,0.012623,1,1,192
2025-05-11 02:39:37,2af4daca8ad878068e8af7ec965068e100e82023d0954898eaa40704d9c21dd2,896194,931381.0,641.0,0.000688,1,1,191
2025-05-11 02:39:37,26db48432304c49dbc6c83e921fd85071939589e5b1d919251571c3ac0549ecf,896194,211732.0,641.0,0.003027,1,1,192
2025-05-11 02:39:37,6f10435d8502e2dd727e0df926e79554be5eb71c0b4219c6c493c486c7549bc8,896194,363536.0,641.0,0.001763,1,1,191
2025-05-11 02:39:37,e47ed1c32e41e7fc9c49dd149c52cee65c50af40d573033c2168a3fd89d39ec4,896194,112895.0,641.0,0.005678,1,1,191
2025-05-11 02:39:37,4592817650f3053c80964dba3c375b0432d9899bfea40d2c93724298a9b788c0,896194,676314.0,641.0,0.000948,1,1,192
2025-05-11 02:39:37,dda2598922b5dc6f5894e47211e6909531116d7e50ac8e503a18822972b2d9bf,896194,34333.0,641.0,0.01867,1,1,192
2025-05-11 02:39:37,3a74dfd22aa1a4f8c59695a8ddb7219dc49b0491695733a22a75188d2803d7b4,896194,56066.0,641.0,0.011433,1,1,191
2025-05-11 02:39:37,e9eb74590ac01c0941298cf266f030693e160bfa15b592b438240e2fa9029da4,896194,196810.0,641.0,0.003257,1,1,192
2025-05-11 02:39:37,4adc8431da75e3fa9bd171f3015432aa2cf8e40dbdaefed9dda5ba5d95e85fa2,896194,38068.0,641.0,0.016838,1,1,192
2025-05-11 02:39:37,004d1c968ace3671b63a09ea07b4a99a6da267a86f0604e39041df2c26708694,896194,23110.0,641.0,0.027737,1,1,191
2025-05-11 02:39:37,e3e4115dec60001b318687dfd276537597210f4c285904fa3abb85fa63d93094,896194,276560.0,641.0,0.002318,1,1,191
2025-05-11 02:39:37,55be168410d27d5bce7644e69246239ae0c55999f19213fe3720c665111ee392,896194,65485.0,641.0,0.009789,1,1,191
2025-05-11 02:39:37,58f34884b9c56670b816edceb4de24d6d02144a53ac608ad273efc758819bc91,896194,222971.0,641.0,0.002875,1,1,191
2025-05-11 02:39:37,8cbdc3cfc3d68fc552f5043610354f726e4e5cc96d91fa691c9a75d7d62bdf8a,896194,144047.0,641.0,0.00445,1,1,191
2025-05-11 02:39:37,1c6ed36f634b60b59fa787fcfbb3dd906813d199d77895c3781bb4611fff7d78,896194,119990.0,641.0,0.005342,1,1,192
2025-05-11 02:39:37,a3837165dbab6b725693c87c4eceeef36af8f81a94cc511ca194a8bfcd3a5877,896194,190893.0,641.0,0.003358,1,1,191
2025-05-11 02:39:37,7eb07b68107f03d8ac9ba86fb78958678af743e8cbbfac1027790db4e6b4ca74,896194,86521.0,641.0,0.007409,1,1,192
2025-05-11 02:39:37,cc694a0bf6fca70ef9c50d0af2765678a781a6d7a25ea8b3d5ff61762f8bcf70,896194,362629.0,641.0,0.001768,1,1,192
2025-05-11 02:39:37,5631831c6fac6bc8b85dc01f862382c4dd9fa0b418b29e5307e537d213fa566e,896194,157548.0,641.0,0.004069,1,1,191
2025-05-11 02:39:37,61e047dc0e502f760482936ec2d4ed26863dea6b11ead1e468a56dc9f860f661,896194,70559.0,641.0,0.009085,1,1,192
2025-05-11 02:39:37,b8c21332db51d7d18a55323fdc54e48add21e0ba9012dcddfbd524a8c133e25a,896194,6822671.0,641.0,9.4e-05,1,1,192
2025-05-11 02:39:37,ccf92d452c2be9910b5816dcbecd7f4e235551131918b69e8ef28bd112b16653,896194,61340.0,641.0,0.01045,1,1,191
2025-05-11 02:39:37,8e23b824c4f97b9300f10a5cfe0a644700f4e058e38379f1bf3e88d24d790b50,896194,19476.0,641.0,0.032912,1,1,192
2025-05-11 02:39:37,a6822d5b3d0688ae9d97d7f7089666d61a734cf77679bf507a7c4da448141d4a,896194,10017.0,641.0,0.063991,1,1,192
2025-05-11 02:39:37,0a23b903491b9da9b65992c943cd4d91b4d87a2a4de2fb9c4d84d416ef36dd3a,896194,147149.0,641.0,0.004356,1,1,191
2025-05-11 02:39:37,e709749c28eea266f0813a378fb107605995942703e88c249773fe177828b032,896194,94576.0,641.0,0.006778,1,1,191
2025-05-11 02:39:37,21e9c53dec2c6264ec1d137cfdb56c01e0b635a9b73bbd7213702f1acc010029,896194,139890.0,641.0,0.004582,1,1,192
2025-05-11 02:39:37,7e0a6c700a9ad321b247d69e5c3f276865415a2ba9fa20432cc3e749e2461624,896194,252183.0,641.0,0.002542,1,1,192
2025-05-11 02:39:37,ab247b87d9041cff6ab0c32d4f0058445092c013e15f2e6255e9a6519a014110,896194,92939.0,641.0,0.006897,1,1,192
2025-05-11 02:39:37,1a1a2c71bcc1bfd0274fcb35d1a66327803ba966783135efb8e770f379db2902,896194,27377.0,641.0,0.023414,1,1,191
2025-05-11 02:39:37,faf0df237c94bb6a678a993f9c7f9e47ab640da21fcebfd78c47d18afc69d676,896194,143981.0,1854.0,0.012877,2,1,340
2025-05-11 02:39:37,5b6c63236b2119022de7db895b23e6c08d14e6e98ce3ddd94ab225011099ab49,896194,7123315.0,731.0,0.000103,1,6,346
2025-05-11 02:39:37,200301708935139789b42371bfd8f891ff7a2210ce9ac1367091c183876d9d18,896194,47243.0,648.0,0.013716,1,1,191
2025-05-11 02:39:37,7a02161e52d52605c8ef791a89555bf33bfff0e9dbbcff6432f90ad5280979a2,896194,58948.0,666.0,0.011298,1,1,194
2025-05-11 02:39:37,36d2cf12561d84b2a8731beb50289845b5da422143d356692ca77c80ca04783d,896194,26611.0,666.0,0.025027,1,1,194
2025-05-11 02:39:37,addc715ef30a1cbc2716a18ee24a93728bfd42ea0bce6c7f92209219fca25a36,896194,2345.0,655.0,0.279318,1,1,191
2025-05-11 02:39:37,c5e5284e5775875def32c82f839c53e36b5714c4f957e8bdad691aec75846c71,896194,42365496.0,1146.0,2.7e-05,1,2,383
2025-05-11 02:39:37,b007e89f69bb05f286878b31488dd45b5d53fa7ac591ddaba36eebb01e094b07,896194,36713959.0,2622.0,7.1e-05,4,2,762
2025-05-11 02:39:37,eaa0841d756fd6edf57d59fc1402eb54e1475f6a60b1a5d0f173fd880b1fb3fe,896194,29766619.0,846.0,2.8e-05,1,2,223
2025-05-11 02:39:37,cd7481810ec40ef4306a97f01d49f1fe9d66e078934e88479c310929d08ab6f4,896194,48398.0,990.0,0.020455,1,2,246
2025-05-11 02:39:37,3ebab0707366f3e1d6b8cd4897223cad5d6481556629cdfdfff0ac543fc1fbef,896194,3278857.0,918.0,0.00028,1,2,234
2025-05-11 02:39:37,726ba8f9aa4830d8f2ada11865d139a601bb2f2d7a88029240cfbeabb761dde5,896194,3681954.0,1140.0,0.00031,1,1,190
2025-05-11 02:39:37,5ba15ec1f36ce8f43c374617b04ab125c9ed305d0cf8abab8ae665ad49be97e3,896194,1448730588.0,1218.0,1e-06,1,4,285
2025-05-11 02:39:37,a52239f4b98a9cf037ff4b0849fa94ad7a5f3223bc4ce0689662fda0c39c69de,896194,302159576.0,864.0,3e-06,1,2,226
2025-05-11 02:39:37,f92b73d8a210ad519484aba83c12914781369b2ec02f25a9130fafe4fa3d19da,896194,199123.0,846.0,0.004249,1,2,222
2025-05-11 02:39:37,dc93a291e566075b28e1ffa9f2030ce2e16074aabace21c851a13108e31040d9,896194,3308607.0,918.0,0.000277,1,2,235
2025-05-11 02:39:37,4225447f635a0d57a00284adab7db54c8fa2fab87971d1ff9c89d6b0b265fed8,896194,6789815395.0,1590.0,0.0,1,6,347
2025-05-11 02:39:37,6da8262bf0b25606ff8e8820046285233e60404f7162a21af57148401900e9d4,896194,2523472.0,846.0,0.000335,1,2,222
2025-05-11 02:39:37,a69b90ba024ef803e4197e6713efe5a41b461b51ccf1bb4bad93a0dcb0ee6fd0,896194,38611.0,846.0,0.021911,1,2,223
2025-05-11 02:39:37,5af6e46c13b6bd2704050f300e90009f9ba3dee30d5bffce9d743006ae7bbfc7,896194,5750112166.0,1254.0,0.0,1,4,290
2025-05-11 02:39:37,c9b838a354c647593882da85d2014fe7ef12260d907073c084307a35012154c4,896194,9483164.0,1896.0,0.0002,3,1,559
2025-05-11 02:39:37,f957adc91f988e011a6d9729b7153573dd73a403c1204c5c99afad4ad4043db8,896194,517906.0,918.0,0.001773,1,2,235
2025-05-11 02:39:37,29596b36d563628753f95eb36f5a10f706e430606c15ec072d6b1b88a98e3daa,896194,10601839.0,846.0,8e-05,1,2,222
2025-05-11 02:39:37,5fd80f7722d6a86d7abadb792e552b6f8e8cbe8de9145ecd256084e3eb55efa8,896194,18367246.0,5646.0,0.000307,1,27,1022
2025-05-11 02:39:37,14a5a6cf6cf4b8b53fb24d49213a24aa6c6548db25d4fb3abe16a63a1a94a2a1,896194,44575774.0,2406.0,5.4e-05,1,10,483
2025-05-11 02:39:37,5e39dccfec00399aae70c0998f01488228a3e5dedf3863e312ed782736bf26a1,896194,35688997.0,1494.0,4.2e-05,3,1,493
2025-05-11 02:39:37,6a0bb28d2429fdcccd15e545c93fe3caaa9cba53840a0db6b348554f23eedf9a,896194,3469555.0,1350.0,0.000389,2,1,387
2025-05-11 02:39:37,cb4204e7196dba8efce72a4b2693a46cd4c1108b632ee0a5406935fe2818bb97,896194,846383.0,1350.0,0.001595,2,1,388
2025-05-11 02:39:37,5998c951d24181995921057e811df9a63db1505a1cf5312416c126d0b225e296,896194,197325.0,2226.0,0.011281,2,2,371
2025-05-11 02:39:37,b1c5f8b011e7c03ae918ed1ed18ab26c31ff5a65d09c418d2c522a5453e6b196,896194,512761.0,918.0,0.00179,1,2,235
2025-05-11 02:39:37,8a96d7a4077d74b75f5e7b57342ad3aed9f2da603b6c8ddc501f731bd295758b,896194,34609709.0,1482.0,4.3e-05,1,5,329
2025-05-11 02:39:37,fa9e72f1d703cdbb12a511e6b7ac2cc6a9918e28253cfe9c41d2c7c3cc190c8b,896194,1596255.0,1272.0,0.000797,2,2,375
2025-05-11 02:39:37,036d9948a48ab33c19e62a5c8a683d975acfba7ebf0558cd49f576809f1e4288,896194,1409908.0,846.0,0.0006,1,2,222
2025-05-11 02:39:37,0da33fe06aeea4419ebdf9d450f4b9a62250b90ecc34acca95474781e0c9e586,896194,6773782.0,846.0,0.000125,1,2,222
2025-05-11 02:39:37,acf2f714aac1379bf921b0a19904c7029fa8016588c84b1c6588d5f223195181,896194,14576701.0,918.0,6.3e-05,1,2,234
2025-05-11 02:39:37,599520c736c04f050d732e35e629e6a4e2c34b27c21dcf8e1641fff0bc3a0580,896194,1687488.0,1350.0,0.0008,2,1,387
2025-05-11 02:39:37,8ce0eec540fa2821bd86a6a7c9e53e404811e5e5a79d93b7f58ea0e066f8337d,896194,546.0,924.0,1.692308,1,1,331
2025-05-11 02:39:37,883ac55f7f74b0cb90edc7bde758011732ceb1b68fd066c80cddf3578859b475,896194,871646.0,846.0,0.000971,1,2,222
2025-05-11 02:39:37,79726b7aca361895847488a89251cf6dca30829c2774057feb63170bd745266f,896194,11507.0,678.0,0.058921,1,1,194
2025-05-11 02:39:37,1a7edb19b3b65b4eca351b51272976214ff11b9fca4191f04df01e9f84433a67,896194,233289838.0,846.0,4e-06,1,2,222
2025-05-11 02:39:37,f994745937ae5666870622bd272e8044807c63ed9d29018891ccedbcc81de15b,896194,153910.0,1218.0,0.007914,1,4,284
2025-05-11 02:39:37,4b236378f7674d78f2727fe950a53c2182628690df1bf4e65bd6bb2c5022525b,896194,843610798.0,846.0,1e-06,1,2,222
2025-05-11 02:39:37,ba8cfc4113d080bf9490ac10481678ca0c5d9dcfd9c5f39318dbd55837db165a,896194,349015.0,666.0,0.001908,1,1,193
2025-05-11 02:39:37,9096e6e3af30b40d1652733b8729ef3514e4c8634d0cc60860c462183ab2d849,896194,925869.0,852.0,0.00092,1,2,224
2025-05-11 02:39:37,c09279a060ffad604f63c0bf7e62c5e611965a409b33f974b2a79a118a7c1147,896194,366157.0,1326.0,0.003621,2,2,384
2025-05-11 02:39:37,93701ce6212d34f2313e60f1d223d5c8abe02e2dab572f350c94a3e1eb824b41,896194,223150.0,846.0,0.003791,1,2,222
2025-05-11 02:39:37,376b5e15d57b5291080950111670cc62b85f9911aa87a15d6d5a0f633b668d3d,896194,138996840.0,852.0,6e-06,1,2,224
2025-05-11 02:39:37,0a7ca57d9ef88d06af53271967aeb43f6195af58da7ae0f62eb72f1107d47e3c,896194,546.0,924.0,1.692308,1,1,331
2025-05-11 02:39:37,23d86a4ab5cb5422883176a7ea6eafdcd7898100682e7afb84e33d68ed9f378e,896194,125094.0,924.0,0.007386,1,2,205
2025-05-11 02:39:37,3730779b59fac8fe22f859abcc008b12cb833bcdb9276792faa2f1f6b73b8036,896194,102176.0,924.0,0.009043,1,2,205
2025-05-11 02:39:37,a1bd601b5f3ed7d5ac420c0b662e8db40fbd7b5a22ab999a120e88401f377c2c,896194,3460299.0,846.0,0.000244,1,2,223
2025-05-11 02:39:37,07bddf23fe919fca895c368c3101a5e3634e746c0757722d2943e5989812b1a1,896194,3941193.0,918.0,0.000233,1,2,234
2025-05-12 03:27:37,fd6399acc99595cdea27981f450a49ea6e3302ed5a75e66e9a7134532f0bea42,896352,6318487.0,2184.0,0.000346,14,2,2151
2025-05-12 03:27:37,329aa167ae0699f7e2fb328d7a8b32770db4f5b0e36474fba67b9d2262e9197d,896352,124300.0,302.0,0.00243,1,2,222
2025-05-12 03:27:37,fee86873942c1f8b2ca0c848867663883e2fe706cd5948245a08308df58d8bd3,896352,165599408.0,1351.0,8e-06,7,2,1116
2025-05-12 03:27:37,da536090957068e43c9ec2488b027f9562f684c4e57f010dd6ecf94928ac8b7e,896352,1738857.0,354.0,0.000204,1,2,246
2025-05-12 03:27:37,48119545e0af06ef3e2eaa1c0214ee634a8c4f26fd1101bcb15065d30b1af110,896352,817713.0,354.0,0.000433,1,2,246
2025-05-12 03:27:37,7c82df8f02aeb8ac563337485dfb67951419c2dd632de6f59ffe59b0182278e0,896352,138795987.0,1326.0,1e-05,8,2,1261
2025-05-12 03:27:37,53dc6c4333b187ade328986d0e65789b278ae27afbb553abb1efe9ee28374cf2,896352,1733830669.0,488.0,0.0,1,2,226
2025-05-12 03:27:37,93d5ff25aab4997fbe2ea52715fb1bb90fc41ebde69ff728fb85fdc6b7d226f1,896352,33088.0,633.0,0.019131,2,2,376
2025-05-12 03:27:37,c63926e7560a2f2cee19cc3e96b3b1fdafa866a82b1b6298137f3581d4451601,896352,66306.0,802.0,0.012095,2,2,371
2025-05-12 03:27:37,ae225618daa658319478d6bdea3f4399cf4a0a22990890153d5615f1a4b994d8,896352,4908460.0,1118.0,0.000228,7,1,1083
2025-05-12 03:27:37,3b0a9912703601e9bc55b6ed3dba8de5c9164b3d1da0d381c1332ddf0c0be07b,896352,1400000.0,1412.0,0.001009,9,1,1375
2025-05-12 03:27:37,0aded5f7c6349377e1f8a9b403481a40e18e1518cd19c2156c5b65607eb5f2d9,896352,7944386.0,973.0,0.000122,6,1,933
2025-05-12 03:27:37,c351938b3431085870a8e47c99bca668c864ed78d38b718e8f922175b3d17579,896352,292948.0,1166.0,0.00398,5,6,913
2025-05-12 03:27:37,76189708382d46ad4318b9d8a8f676df285462a9c011fe74a70942678c2e02b9,896352,10806295.0,620.0,5.7e-05,2,2,372
2025-05-12 03:27:37,3ba4c073cef0c7b74fd03fb8dcd1f414876b27d181dcb8a7e97922b1f45e5540,896352,41533204.0,206.0,5e-06,1,3,254
2025-05-12 03:27:37,85378934676dd3ba1fb6dce69c38fa1fe6099586231b1e8be82b9e6ca185ff21,896352,1037750.0,1336.0,0.001287,6,6,913
2025-05-12 03:27:37,6cc8d873a986444dfc96909d9e82ec41fd98126cae92fc418dd8a169808f1f8b,896352,2559212.0,830.0,0.000324,5,1,785
2025-05-12 03:27:37,ecc50cee5e69c65d08587db2dfce1874a64467fa1fb7f7322bf7e78039fcb382,896352,2547802.0,752.0,0.000295,4,2,669
2025-05-12 03:27:37,aa9bf33cf99eed58813b5f2bb758c4bb27bd751c8659a2d22afc6be7b31f81cd,896352,386620.0,436.0,0.001128,1,1,200
2025-05-12 03:27:37,5e2aad859d298a43ff5b69e3f54ab19042a4999ececd3531e121f0a527db57d7,896352,30025.0,290.0,0.009659,1,1,215
2025-05-12 03:27:37,fe08dbf93b14d76895f409b47773d3acfcb72d5e9d323c81cc8c80684a99b5a6,896352,6124.0,290.0,0.047355,1,1,215
2025-05-12 03:27:37,5fa5653645b1da23017f322c61fb80f36ad3170e95a23e56039b7dca4dc1ba1a,896352,55091.0,609.0,0.011054,3,2,522
2025-05-12 03:27:37,3fc1427adf5668d390571d8724d5beba5efa7f309890b29c092e4cd91722a444,896352,21377045.0,20000.0,0.000936,100,2,17232
2025-05-12 03:27:37,de6fb2f6eaf5e6d30b993341cf5fd58bbe8358d6c11c28197c4684981d63fa00,896352,72562.0,488.0,0.006725,1,2,223
2025-05-12 03:27:37,fc542cec1d3c75275d03c11ba423fcfbe0aaa36d2978f2885e457b41933b1c7c,896352,638214.0,633.0,0.000992,2,2,372
2025-05-12 03:27:37,9f6228d8cf35ab395b9108b82990b9199a781bf782872524cc4fa40111a310f5,896352,406836.0,465.0,0.001143,2,2,374
2025-05-12 03:27:37,57399202c81090f128b8f112d9db8d79babcf80d118e1b19adeee72bfe9763a3,896352,15061096.0,465.0,3.1e-05,2,2,374
2025-05-12 03:27:37,f3839e91ca16009db69c03825557e08561cf779eb578e79e7d7faa38e363d7b3,896352,783769.0,544.0,0.000694,3,1,491
2025-05-12 03:27:37,e0fb4fc0999e29dc6c9b5ac621caf4549f586453620eace759b3cca9f84be5b3,896352,2331.0,945.0,0.405405,6,2,728
2025-05-12 03:27:37,14aaae1b09c85f9ac5fbd0a32662f1c0c6da66c37c6a0dfebfd641bff28133e5,896352,1852189.0,488.0,0.000263,1,2,222
2025-05-12 03:27:37,fe5a22b8545d314d8ebb6cfb1dd7c81bdb185823c38537904dd93d6b3a336f74,896352,433086.0,488.0,0.001127,1,2,222
2025-05-12 03:27:37,4cd6c04b66c2daf76e653456afe3dd429682a16f8713866226d5752ad3334f04,896352,1213883.0,488.0,0.000402,1,2,222
2025-05-12 03:27:37,0ca6656e688e6530c7274339f09487f110181c5873f623c2c40b6080011f3ded,896352,543066.0,609.0,0.001121,3,2,519
2025-05-12 03:27:37,d5ceb9ef71c119dffc8860544707df08c32421d2ff2c465a2fb05b78cc7555d4,896352,130739.0,609.0,0.004658,3,2,520
2025-05-12 03:27:37,5ef4e5bd717588df4b3b073e453bbcbe749998aba4dcf437cf4fe2e3631a6b82,896352,3927069.0,609.0,0.000155,3,2,521
2025-05-12 03:27:37,00538aae1dfdb7cfe2f059cfb3a53168e666cfebdbf7260e9a623ff35bdc0b47,896352,139391.0,609.0,0.004369,3,2,520
2025-05-12 03:27:37,61c77482d1284bf0bb3de7985328caa6606f268356fa267538dd871fb2e067ef,896352,8351065.0,399.0,4.8e-05,2,1,343
2025-05-12 03:27:37,b0e5c3e6edeef548aefd881230af7cee6e8da2a19cd6c36781a003cb970d418c,896352,5556403.0,311.0,5.6e-05,1,2,222
2025-05-12 03:27:37,df3d547992ba85b95e67337fbbd08d6a6a554aef800feae98946f6de1f938b2f,896352,190913.0,316.0,0.001655,1,1,191
2025-05-12 03:27:37,73a90552014fee258ab2f1ae167873647e21304002c9058423f79259d2ce64cc,896352,40826783.0,238.0,6e-06,1,2,222
2025-05-12 03:27:37,93eab0666735aa3ea98c1de9130b1ed2fecda946ae6c23cbe059e96afcc641b0,896352,2670622.0,4759.0,0.001782,1,1,194
2025-05-12 03:27:37,5e3b34a117c6302f02c73f811c0ea7a9757aabd24a689b995cce79d83b784129,896352,50363717.0,3899.0,7.7e-05,42,30,7191
2025-05-12 03:27:37,3a5997a8e5a9caacbe6518349b0a361cfbb5870ca0da00632f274d6cce6467aa,896352,232991.0,465.0,0.001996,2,2,372
2025-05-12 03:27:37,24700a33929c654a288d0ea913633bc369d7fdda8aae0e944f4302c7b7d94f4f,896352,244735.0,465.0,0.0019,2,2,372
2025-05-12 03:27:37,77ded36c2c3dd3f8511b52a2fb489e9541d6e23654f12595bed9b0754a21af52,896352,906229.0,488.0,0.000538,1,2,220
2025-05-12 03:27:37,542efab165554d1f9bb5c44bd42272c80fb55e079afd3b83b50ac0342dc6d343,896352,508764.0,488.0,0.000959,1,2,220
2025-05-12 03:27:37,75fb9bfa2fc553afda4524d3decca21ca3692c22024e545a3f5955499447c62a,896352,647415.0,488.0,0.000754,1,2,220
2025-05-12 03:27:37,018f17432b74505e73817cbacab3e6b98929c20360c91c3cf89fe65539d3c8ec,896352,409012.0,465.0,0.001137,2,2,371
2025-05-12 03:27:37,f9075d6e602bce939f37a2f6f09ed3d7ef06e8978cba453fbeaba9a43ab033e7,896352,219063.0,465.0,0.002123,2,2,371
2025-05-12 03:27:37,61e9cc4c58ddb1697e68cb07a6770b74012dd6a90a1c9f4cd6ffc846fd3311e7,896352,533354.0,465.0,0.000872,2,2,372
2025-05-12 03:27:37,a1a3dc0f11d16451592e0edd7de732f84b6dafebc4ea96bfa959d7927d20afe6,896352,1260189.0,465.0,0.000369,2,2,371
2025-05-12 03:27:37,7002b2cb3cb7a7562aa3348de5a6ba8394a3ce28ae1e11ab295f596d7aa467b3,896352,293178.0,465.0,0.001586,2,2,371
2025-05-12 03:27:37,7b9972fa064534b0c3653206071036f5d2de4a8e7567f6b38a530922e0b54b80,896352,241614.0,465.0,0.001925,2,2,371
2025-05-12 03:27:37,6bc4461ce64b418d92546f568f147820319fd7b52bd8ca4136bf56228c712e73,896352,30534160.0,465.0,1.5e-05,2,2,371
2025-05-12 03:27:37,48f8e317fbbe804837d209c2241da07a1161048d86c366c7a2141965056d836b,896352,2641231.0,465.0,0.000176,2,2,371
2025-05-12 03:27:37,67c94edcd8d18aa04f99e87874ce9445f329ccd7935396596cca2a2c3e1f6035,896352,1386767.0,465.0,0.000335,2,2,371
2025-05-12 03:27:37,79e52a1bf2ac3a499438d3102819571e559f2d5d73aa68ba364c42b4989a5e0d,896352,945369.0,465.0,0.000492,2,2,371
2025-05-12 03:27:37,d947a2f9d61aed23ad3c7a15bd31b30b3cfcf3ce8252873799c25d2bb29b73b7,896352,66290542.0,498.0,8e-06,1,2,223
2025-05-12 03:27:37,5d07da656dd867090d2e10342491109e1dae0e1c23cebc6d4cdae2d9d97458e4,896352,66337707.0,498.0,8e-06,1,2,223
2025-05-12 03:27:37,5cda0e7e3eefa21d627f73d1675371ec5886906ad6ff7d6fca64dbc6f25e576f,896352,66725635.0,500.0,7e-06,1,2,224
2025-05-12 03:27:37,bd09e43f8287700e0d62eb04cabebd4456732bc852d3c0d2785c6fc8a7e27bc7,896352,66828855.0,498.0,7e-06,1,2,223
2025-05-12 03:27:37,040c7ec98619321b4946e0eeddf4deab585233bbd403fad9d1a94aa17bfa3e6e,896352,6756292.0,465.0,6.9e-05,2,2,370
2025-05-12 03:27:37,2a0a1c1b17211e68c54135f1e6db2faba29a79e108551c5e69bcfacd4d578a13,896352,33643.0,465.0,0.013822,2,2,370
2025-05-12 03:27:37,c6846f0dcf2e19f7824e5a95fb20f655115411ded16647c56f9e26989363a6f2,896352,234265.0,322.0,0.001375,1,2,225
2025-05-12 03:27:37,7ff608fa67d48c98a7819800610b2532f47b134175b2e4ca453ef53250cafaf0,896352,189638.0,322.0,0.001698,1,2,226
2025-05-12 03:27:37,7a7c7bd63d15dfe4aa36fab0221e03a7dbd400ef3d720734d21639649dfd56d4,896352,192399685.0,322.0,2e-06,1,2,226
2025-05-12 03:27:37,bda9a3ef1bde322f8e108dcb887c619daa0a4df191483b2b1bbcbdf5752d05cc,896352,3258056.0,322.0,9.9e-05,1,2,226
2025-05-12 03:27:37,447fe1c0574de677bc486f68483ce730c73b37d1081217f698932ebdaf4975b1,896352,354891.0,322.0,0.000907,1,2,226
2025-05-12 03:27:37,d2878dd40f63ce0d6832bf00bf080ed57a01dde3a97d0d3cea3a075957fcb773,896352,304382.0,322.0,0.001058,1,2,225
2025-05-12 03:27:37,8fb55f8a0945d4f814dfaddb3abea18fa3e3b1ed5d6e0dad5b04e6922b80a66a,896352,143786.0,322.0,0.002239,1,2,225
2025-05-12 03:27:37,2cdc9e126637286eff5b289ff5c3fc33734c73efc853a20efe3918d2dd429370,896352,1000000.0,222.0,0.000222,1,1,150
2025-05-12 03:27:37,efefd7672e5ac715da5c2bbe9b2ec0167c6c78d9a9af0aa98ae4740af6c58080,896352,243941.0,322.0,0.00132,1,2,222
2025-05-12 03:27:37,e8b6d540774de4a103144e9d20b7c755095ef4973a0b86d1b04fc5145aa0dadf,896352,263532.0,465.0,0.001764,2,2,371
2025-05-12 03:27:37,7d3b02758b09b3eac661493a6324e4b87ff6c3b283f2ac2d59dbc6d05102db33,896352,73030.0,322.0,0.004409,1,2,223
2025-05-12 03:27:37,c42d5866cd4b126b0de88e6a169d15a812d0a2f8fd2dc1e2f95fbd29e651a151,896352,116713.0,465.0,0.003984,2,2,371
2025-05-12 03:27:37,4814d372dd423123f4020fdb6f214936fb5192e4795bc4a159126b96cb10a2b4,896352,368663.0,504.0,0.001367,1,2,224
2025-05-12 03:27:37,29de66bd27a61dc0e5a7e0a0408a47b14d64e91a5c5301c6b350438a2351076a,896352,481553.0,2085.0,0.00433,13,1,1974
2025-05-12 03:27:37,15b7abdd417f5e647ba3f2e1cd7f8533331062c246f6a7eeeccb961b864feacb,896352,47496.0,504.0,0.010611,1,2,223
2025-05-12 03:27:37,c8039305f090d8afb9fd5bfa8ea38cf7b0b23f757c518e797d609c56986c99d1,896352,1959133.0,322.0,0.000164,1,2,224
2025-05-12 03:27:37,e0d12c52d5d101130f42c0b9b2495d9abde01229b7bf77ef078ad12df0429773,896352,3364412.0,322.0,9.6e-05,1,2,223
2025-05-12 03:27:37,a9e45140c3ab7fbb70accf5aed7f15b68d9a48655a67350d8fb6ee76b35fab5b,896352,6924827.0,322.0,4.6e-05,1,2,224
2025-05-12 03:27:37,e4fea3bee53f8e97d4a2e3d8fa63b429a177233ad3d06d1520cd5f3a50d2914a,896352,9005452.0,322.0,3.6e-05,1,2,224
2025-05-12 03:27:37,63732f4e6fde2b3ea14f9a6ee4a0701924ce123b9020b7468bab24f40cb50219,896352,5236811.0,322.0,6.1e-05,1,2,223
2025-05-12 03:27:37,33cb8995f13ad7b77c3f6bf6bc29ec7c46ae8f87bfcbd03e264a8fb7cae1a50f,896352,74199.0,322.0,0.00434,1,2,224
2025-05-12 03:27:37,ff0703def24b0dd842e3676d583d5ff8f19b72dd55f423b25ad46c387bf4ab0d,896352,699380.0,322.0,0.00046,1,2,224
2025-05-12 03:27:37,3b891989e28df9c3895ef4e8229f80084c39901e97ca0779b575bb0512c8f9c5,896352,154026.0,504.0,0.003272,1,2,222
2025-05-12 03:27:37,aaa48c32dbd280357a4c9907f9fcf7695c383028069a337e02688d9bf42c55a7,896352,8124.0,504.0,0.062038,1,2,222
2025-05-12 03:27:37,c590245426541a597a3d96f4c37dff23b74bcd02936f017b16bdb73a56ddcfa0,896352,69638.0,504.0,0.007237,1,2,222
2025-05-12 03:27:37,d00c1f216c89864728a89f7ed5df4eef7c1ce48a812e3844302e8ca99aa4a7e0,896352,8747.0,257.0,0.029382,1,1,195
2025-05-12 03:27:37,77d23e7338b3915350573747cc24fdf66689a890d464cd1f22ff851cc469c36b,896352,92227.0,257.0,0.002787,1,1,194
2025-05-12 03:27:37,5a1dea3ef4672d1c44a523f9c807225edd8195457c484d324305a9b6f6bce136,896352,101270.0,257.0,0.002538,1,1,195
2025-05-12 03:27:37,b0195e3c495b50c68d57eb4e3de4f06bb2f812b845a9766e0b99f7edf98ccafa,896352,236117.0,322.0,0.001364,1,2,223
2025-05-12 03:27:37,f6cf93da2773cc02c29da31ba7f0d0a50358cb6feb97fa091a0a77e6983e9df9,896352,830817.0,322.0,0.000388,1,2,222
2025-05-12 03:27:37,d7fe7021697757d2d62d7b135515fe62d3d2970bf21373db0cee5f333d5622f8,896352,2201082.0,322.0,0.000146,1,2,222
2025-05-12 03:27:37,08c4f1d47aba254e3d673a8550347b8a5aa8a2f0187b41d3e95fcdb98b2198ec,896352,342737.0,322.0,0.000939,1,2,223
2025-05-12 03:27:37,03fa3aad77117551ffee5e2c7f1672ff599ce8c7be2d18a2e4397091ce3e2ae7,896352,35078.0,322.0,0.00918,1,2,222
2025-05-12 03:27:37,02cfdd12229ce52adc6181ca9a584bfc488d6d6a6dc7cc9f00002bee0b517be5,896352,557071.0,322.0,0.000578,1,2,222
2025-05-12 03:27:37,8edcb75c0a1563f431ac8786bf2c2c971cb7aea0a0cffaab6b02726227aeaae3,896352,89940.0,322.0,0.00358,1,2,223
2025-05-12 03:27:37,7f8705a98965463905d9995e6520924d77691dd0726d1051579d3a6e62afd1d9,896352,75788.0,322.0,0.004249,1,2,222
2025-05-12 03:27:37,a892989c49e0fad3d3ca89703623948f26017e7d0ae72aa87072f1d90967f6d2,896352,271557283.0,322.0,1e-06,1,2,222
2025-05-12 21:13:18,69d9e66b3f79c8ff98aad5c2f53ae832d4d7d161507022a64d7cfe45a195b352,896458,59395.0,876.0,0.014749,1,1,194
2025-05-12 21:13:18,b02cba41b356627a62768a098322731d7fed7fa7df3e43601d1f68ac10cc75f3,896458,9109993.0,1625.0,0.000178,2,2,371
2025-05-12 21:13:18,c9807d8a178ba20d6dddd66c409d826cbdac0ece48e75262cd65fc3ace5660d4,896458,251912.0,1625.0,0.006451,2,2,371
2025-05-12 21:13:18,e466a56c3d66c6c81de9e155d6d97d2b43e48228f1997aaba018da0279b70d33,896458,4710652.0,1625.0,0.000345,2,2,371
2025-05-12 21:13:18,d16aa2e0b695bcfae2a23cc07aaa5d2b6e5277e3ed67fe18d0248f9080baf401,896458,745585.0,856.0,0.001148,1,1,191
2025-05-12 21:13:18,605c994c0e11375b18965655ee4bf4c82e99e927f5497189afa1cbcb7ad28fe2,896458,197600.0,1100.0,0.005567,1,2,222
2025-05-12 21:13:18,0ee8d5d9676170bc4d0f9af987d2b627aedd0c44ac3ed1e0a4c1b7fe2f7d524d,896458,319673.0,1125.0,0.003519,1,2,226
2025-05-12 21:13:18,087338674f1fd6d95506b58b7a421230b7538ee2f14812e3cfcb2e345e9fbd03,896458,1001664.0,1125.0,0.001123,1,2,225
2025-05-12 21:13:18,2479cfad6c8ac6d732c49ca0b7f5d3125730406c8098dc30d6888c0269e2b88e,896458,62001.0,2000.0,0.032258,2,2,417
2025-05-12 21:13:18,3cf80ae34cf1cacc2f4ca93b1b96546fd853927716531d5932ccbe40b70ffab9,896458,249641.0,1397.0,0.005596,2,1,341
2025-05-12 21:13:18,38b4c5895354231349a07aee4f5f2eaa13822eb2847cd92586442a89aad09984,896458,1500000.0,777.0,0.000518,1,1,150
2025-05-12 21:13:18,8adde9f190cfdaaf04d004f320243c54895cbb62b4041b34f4f9c4f3f47a11ee,896458,36282.0,896.0,0.024695,1,1,192
2025-05-12 21:13:18,e9b92cad437682866b7341de8eb643ce3bf6787ed8efe4cf31e812e46f8b6082,896458,52785.0,1168.0,0.022127,1,2,223
2025-05-12 21:13:18,8a4d519c43589f06a507e9c69548d5e6cf5df3a06d4f2bf85ca0bb41d79eefa8,896458,78340.0,1022.0,0.013046,1,2,223
2025-05-12 21:13:18,0e3c9641aebc98e0337647be6d12906cdb7638dbc0cdf0f9e91ea259dcb4115c,896458,266611.0,897.0,0.003364,1,1,195
2025-05-12 21:13:18,59ec38a3284e38ca06b317e116f061feaafe58533c1e7eb51cf692874fd7cd1a,896458,48004.0,882.0,0.018373,1,1,193
2025-05-12 21:13:18,d49faba58e3b034607af493e3d2c726002855c23ddbcadd302a5ec72239ac3da,896458,1260312.0,1122.0,0.00089,1,2,222
2025-05-12 21:13:18,f6d6734755447c883118f6be3bea1a883d613794deeea188a4f3aea37e4ff1b1,896458,311291.0,1122.0,0.003604,1,2,222
2025-05-12 21:13:18,9e6f41c7536c59725257638e8ef9f2bfb90a2cc4a8a5243c4e763b20f08dc49b,896458,5023478.0,1122.0,0.000223,1,2,222
2025-05-12 21:13:18,97f1f7f94625f6f7e225967ffe185b8001dc135f242326fd070eaa802533e578,896458,96157.0,1122.0,0.011668,1,2,223
2025-05-12 21:13:18,072f0e60132f3040348e04b7b037d049bebaed77893ae9fe96dbf7dd368bf091,896458,111309.0,876.0,0.00787,1,1,192
2025-05-12 21:13:18,5f291830cdc4c3b881733dbfd7deb0aa02564af885cb3dc1db335e4da7bdb4f8,896458,558582.0,1125.0,0.002014,1,2,222
2025-05-12 21:13:18,39b211494d255d37df0adec665ff9b85f6272f1517ba5c13c964117e3918d397,896458,25454.0,1125.0,0.044197,1,2,223
2025-05-12 21:13:18,aae5d57ae34a30dfdde46de0ff40cdf35ae399b8eff8f02d6dcaf178bc92a644,896458,5833563.0,1125.0,0.000193,1,2,223
2025-05-12 21:13:18,e1710d6d0f59f1d13348350b038bc260657e1036e5a09e735ba0f14d6741def4,896458,2897035.0,1912.0,0.00066,2,3,401
2025-05-12 21:13:18,aa5ca781e01aaaa19628c5b65bca6ca6e8b6d293eb216d448fb711f13dc875f2,896458,525704.0,1128.0,0.002146,1,2,222
2025-05-12 21:13:18,c35c7e1a78aaa71d7668615357e85d938fe897b6f5a1e5671fc5ce2bf8d7ade6,896458,75405.0,1152.0,0.015278,1,2,225
2025-05-12 21:13:18,0795ef99c54e5a8a89f7b98ebfa6e94c3c41552bd0a083f3e62a1533cb935de4,896458,6532529.0,1136.0,0.000174,1,2,224
2025-05-12 21:13:18,5ae16fed527b1589d7d5d057b145cf523facdd56a64e6a73452b8ca299b389cd,896458,13728.0,2424.0,0.176573,3,3,483
2025-05-12 21:13:18,986a432bd80a8265aabfbe94782ee0b239947d17340880fc6af5c74566a8ecbb,896458,23404.0,880.0,0.0376,1,1,191
2025-05-12 21:13:18,6986a0284f000b23d1a54ddae3903b4beefb76fec1dd0839ea62b7ccd0ef677c,896458,57920.0,1224.0,0.021133,1,2,234
2025-05-12 21:13:18,4749c3f870a90a9240e6eab9466b9e94b23459bf60c353f8ccc0a6f4e764c66e,896458,1335.0,1376.0,1.030712,1,2,311
2025-05-12 21:13:18,a2583ab51b05c4b3231d71638c79846ec5739d1962f49feaf501989e4b7f5ada,896458,23837.0,1232.0,0.051684,1,2,205
2025-05-12 21:13:18,c2c873173df3f45484c9488ceb49eba7aa8a3051b5886979c8e60deeb1f01548,896458,56200.0,1872.0,0.03331,2,2,365
2025-05-12 21:13:18,e809f32065b14c4fabdb30a87fd8c5f3ef23ed00ef5523b83f5bd0ef2de8213e,896458,230650.0,1376.0,0.005966,1,3,253
2025-05-12 21:13:18,dc48bf8f9959610dab4d973d754487624e67bf18f5c1210190d9df4a0c10142f,896458,3614745.0,3608.0,0.000998,1,12,532
2025-05-12 21:13:18,7ae632788d46fb1381a3809c6614d33d9a93f5186fd9feaffb7648d6e43aa52d,896458,65387544.0,2192.0,3.4e-05,2,4,436
2025-05-12 21:13:18,f8d10c357a9a4e97cfbce8048bc7d5252e829162bbbc6cc3c07e89f8e1790528,896458,23469.0,880.0,0.037496,1,1,192
2025-05-12 21:13:18,4f2914d04aa5fb7a5d47d049b099983c902418fb65c38e0940d08ddbeb906f23,896458,16448.0,880.0,0.053502,1,1,191
2025-05-12 21:13:18,129481b6211ee05ddcf5b883f92efee8b97ae812a5e2f8b2eb3db5e369a14118,896458,1058071720.0,1672.0,2e-06,2,2,371
2025-05-12 21:13:18,d0b1e52fed7a2b9ba36a900d33938bab6fa483dae5b5be974d2889f7eb74be12,896458,914517.0,15704.0,0.017172,16,24,2792
2025-05-12 21:13:18,7a4ffe62195a8326ee6502bee30a6f6a2d2beae2b1821dc0785ea4258ccccd09,896458,1209326.0,3816.0,0.003155,4,5,739
2025-05-12 21:13:18,9cbf8287fcb2540e7ea459a0bf4d3993f07f2114e8402d914230bb3fc0853339,896458,387869.0,2064.0,0.005321,2,2,419
2025-05-12 21:13:18,95200250dfafad0c7ee6a880ccb288b6602a20c054105dbc436ba0e0dd4050d0,896458,111369.0,4142.0,0.037192,2,2,371
2025-05-12 21:13:18,53e38f4ce9b3569030b413578c6fcb4d4cedcce3e86845f4bb9f6f5d818596d6,896458,287000.0,4000.0,0.013937,1,1,192
2025-05-12 21:13:18,6387be64d7fa1faf4e6eb396cc3278b0e226d9e775000654bf8cb4e44e8d67c8,896458,503087.0,5913.0,0.011753,1,1,192
2025-05-12 21:13:18,a0e69c027fdc8f19194b97413e245505a35c001c9ad1fc66ca88379a51fdf37d,896458,48774549.0,883.0,1.8e-05,1,21,818
2025-05-12 21:13:18,6fb2ef7ec81da67bb85a4d96313366cbc65886fd82208a8790eee42fd2f784bc,896458,18291.0,1240.0,0.067793,1,2,205
2025-05-12 21:13:18,f0fe78871cc5aad162007b4b920e398e4a3b7546864b4d771c03516d193b022c,896458,9739549.0,1240.0,0.000127,1,2,205
2025-05-12 21:13:18,4ee0427ac6ff6e52b74925fc5fbf54382c86de8adfc7d332dd7382159a33b7b6,896458,200340.0,897.0,0.004477,1,1,191
2025-05-12 21:13:18,7a401c06142ee1dfef348762350c372afb5ba5d877a764e14c1304a343ec037d,896458,688370.0,1125.0,0.001634,1,2,222
2025-05-12 21:13:18,3e30e87187ce1d53b45228ebfab80c667d3bb3434beb4fdd08888f808e4edcde,896458,13416277.0,1144.0,8.5e-05,1,2,193
2025-05-12 21:13:18,2688114931c190d76e4a11b83d929e277245ebd2f2c3a934a8e858b83c95e084,896458,22654.0,887.0,0.039154,1,1,192
2025-05-12 21:13:18,b68fa0f6ecc8eb96a2dd481b8aba396322c756db5453f764c2fb794dd4227aba,896458,290051.0,897.0,0.003093,1,1,192
2025-05-12 21:13:18,e07c9e2ed8d284ebd6cf987f554af91c435c3d3d358fc0d744725d3676a26e11,896458,682095.0,2538.0,0.003721,4,1,635
2025-05-12 21:13:18,01d12d5ffc18c6a7ad69e78783bffcf808aa40048633d40cf1a5f58729f9dd9c,896458,10544006.0,1145.0,0.000109,1,2,223
2025-05-12 21:13:18,03b7433dfba3ce627c2abe11abd0faaac63c054fe237796fce35001c939eb076,896458,97333.0,992.0,0.010192,1,1,204
2025-05-12 21:13:18,9e934a941f0307fe1be021c6f6f62bdec68d488f6527893331eb60caa1f444f9,896458,1275331.0,2352.0,0.001844,3,2,533
2025-05-12 21:13:18,d62a162bed6e90e5668acaf8a4fb7cabd6f2906cee4a839a38c67462d21d44f3,896458,7577.0,897.0,0.118385,1,1,191
2025-05-12 21:13:18,2f088b0b364b2cf5355ba78b7a1c2719fb58d9f26e69a31dee3c85576b0bb2c4,896458,72103.0,897.0,0.012441,1,1,192
2025-05-12 21:13:18,41af4d14c0f14b0c5883b845738fe7a5495aac5fa5af32b9dae538032ba5f99a,896458,244995.0,897.0,0.003661,1,1,192
2025-05-12 21:13:18,8799031bc046f5aa8494ec4d2189dcd4101ac2391f6d4f88b0e63953bcc1e33a,896458,150817.0,897.0,0.005948,1,1,191
2025-05-12 21:13:18,7bd78b3145afce4870df1a0d75b8a971b0bf7ea9d31a68f07f2c12de1aa16c89,896458,1026275448.0,1152.0,1e-06,1,2,222
2025-05-12 21:13:18,5eb1dffe7f09b63873c3c6126a98a4734d93c6ff92502cd72af3f62b7b282da4,896458,153556.0,1168.0,0.007606,1,2,222
2025-05-12 21:13:18,11f4f0083aded381e01e3f0539cc56f30283f52db7bb3b7daf846990a3e35395,896458,1076616.0,1168.0,0.001085,1,2,223
2025-05-12 21:13:18,b59f95214535ea91c4552dfece3407907cf5c2ab32fc4903df0e1e9324aa882e,896458,87509.0,1168.0,0.013347,1,2,222
2025-05-12 21:13:18,5cc63a6573c36b04c864ec79a71079bea879a5660f46a14a6245c8ae6819cefc,896458,585577.0,1168.0,0.001995,1,2,223
2025-05-12 21:13:18,b51d909f80a66b6713594a26048196eb230f9c63596f85744237a4d825e9cd06,896458,16998832.0,1168.0,6.9e-05,1,2,223
2025-05-12 21:13:18,234892b475a977eaf6d2ae868d3e43b3ef19f061c9a506e2a47715ec706dddfc,896458,14606.0,917.0,0.062782,1,1,191
2025-05-12 21:13:18,a80bd9f207688713e45311bf30ffbb7d9e67c73ab649eeeb0ea9e88016005bce,896458,46547577.0,4561.0,9.8e-05,7,2,1110
2025-05-12 21:13:18,5f255c201347f340a643e8e6fc663b83c500075b89b609fb9afc8a344fae6184,896458,3367105.0,4003.0,0.001189,6,2,963
2025-05-12 21:13:18,d56a3b0e25faf96c908915bae47db7cf61cd36a5922fdaef97ea6e2205228394,896458,108939.0,1176.0,0.010795,1,2,222
2025-05-12 21:13:18,4b6b6b5607feefdb240894d034b98861966a5169f7c97c11c1aac8199c69d811,896458,55170038.0,1176.0,2.1e-05,1,2,223
2025-05-12 21:13:18,1721d8724cc70fe98b9c4da88da29cecbf1dee6f9a74493868b37ee8730a3fec,896458,6221870.0,14805.0,0.00238,25,2,3789
2025-05-12 21:13:18,b481b9a311b3e6566b3ef55fa2fdbf8c11cb4ed672b54c4f31266ecd0d206c79,896458,98845.0,1155.0,0.011685,1,1,304
2025-05-12 21:13:18,0352c2dce6d0c81aaa163fbfda52bc3b7e6d384b7e99aa2882788c239856d463,896458,50000000.0,923.0,1.8e-05,1,1,191
2025-05-12 21:13:18,0ca6351cf0fefc8339f52528f0c9770e0a951870d298c2ac698cd5767c1065c3,896458,8763404.0,1184.0,0.000135,1,2,223
2025-05-12 21:13:18,066a19141c60fb0a03a92ae28a2a4462406b5279e4277a48a1df0d66d459798b,896458,70252.0,1787.0,0.025437,1,1,191
2025-05-12 21:13:18,71e257a7757ecc259a322a96211fa5909936e35e2e4c89311a06b4024bea6213,896458,288278.0,322.0,0.001117,1,2,222
2025-05-12 21:13:18,6f1fe713265225573b2584d66b3ab1e5d58ebb7a63a02c6a48e97afabfb0e526,896458,531296.0,1787.0,0.003363,1,1,191
2025-05-12 21:13:18,d8b5225a1c1bdf441b58bbf2d1037365822b945a12b2e37e476bd82758e31441,896458,576987.0,322.0,0.000558,1,2,222
2025-05-12 21:13:18,25c9926e27f3e7bb699efcfec1e5b96cbaf60a367f1eeb211c778fa91423e914,896458,9452.0,1787.0,0.189061,1,1,191
2025-05-12 21:13:18,9de6c25eab15e19a8bf01e19cc2b6f5f61c08b8b00a2f5fb5b2ba3b0bcf3e4f3,896458,450059.0,322.0,0.000715,1,2,223
2025-05-12 21:13:18,e831bfef3fada74dab25f9e59c33ad9028f245114982d7f1d39becf7acd2969f,896458,3377245.0,8736.0,0.002587,14,2,2154
2025-05-12 21:13:18,f6971b8742e9162534d1684b287db4be9608255b33f6efe95f70af8fe9756992,896458,1074986703.0,61456.0,5.7e-05,80,1,13598
2025-05-12 21:13:18,795a7dc1e73d5dbbd505188c22ece96e9c5beeffbb41e956ccad2c3fc0e316a7,896458,378730547.0,2281.0,6e-06,1,4,345
2025-05-12 21:13:18,31a385742da88c2d2b703e5f022a20655aac3619a0f16a5a1bc8621bc1ea6fa1,896458,199384181.0,3337.0,1.7e-05,1,7,390
2025-05-12 21:13:18,bcab86519cca71039260cca800750098962a5f3368897b1e9b659c7c83f90c56,896458,2129329.0,3696.0,0.001736,1,1,192
2025-05-12 21:13:18,0b8d65c5e29ec298a8a142ed7009b2b80501a5f6422e868b1e4ba40628600e7f,896458,206066212.0,442.0,2e-06,1,9,450
2025-05-12 21:13:18,0c5fcf95d06e786922feb4314dfae383074b72212a69222c71d6a3027fedfcca,896458,18096414.0,2606.0,0.000144,1,1,301
2025-05-12 21:13:18,ff0af61330f8ee5df5a159919d3c1f056fda4e2026d2a2cb56dd4af782366fa6,896458,39363.0,1224.0,0.031095,1,2,223
2025-05-12 21:13:18,056f835c81d6cd61d946244080bb446975b2ccb22b884a04c2aef27daf5226e3,896458,10133632.0,1857.0,0.000183,2,2,375
2025-05-12 21:13:18,80b34b9e5b7375baf0fccadf5ba36278538cad8223abc8dcc97a4b7e3b9ecf6a,896458,21000.0,965.0,0.045952,1,1,192
2025-05-12 21:13:18,e1b8a1507939d416c7c1a1896625da4bb14db8807443d676f4e79c7f78cae154,896458,6837953.0,1738.0,0.000254,1,3,279
2025-05-12 21:13:18,5ae7005642bd75b522c25c723db9324c70357baf4105075d9edcd0b3cf1c597a,896458,202382.0,1857.0,0.009176,2,2,373
2025-05-12 21:13:18,68956eb0384aae249bd8a49381833371cd42306064ef11a7371f8f34363b74e2,896458,240466.0,2444.0,0.010164,3,2,519
2025-05-12 21:13:18,c99dbcd65102096b358b17dbac054a52798d3851d29fbeb890a3df17cae12f67,896458,763442.0,1857.0,0.002432,2,2,371
2025-05-12 21:13:18,7c9c8787a8ed548c2f69aa2a86f42222ed6e96087c4b7e7004022540ae2883a2,896458,113817.0,2783.0,0.024452,1,1,191
2025-05-12 21:13:18,f7febe95c837261cf65f64b9efd7d538a6543d9f2d2b06ee5c540e414deaae75,896458,146600.0,1265.0,0.008629,4,2,666
2025-05-12 21:13:18,a4006205dd5f8105b6fa4124cacdb25c92f0d586e5e2b1fb287afea32d175917,896458,122810.0,1286.0,0.010471,1,2,226
2025-05-12 21:57:42,a14dad5aab3a0956427b936c743a53b56a6d272024531f92fec91c2bb0cfb6f4,896460,58897.0,1003.0,0.01703,2,2,371
2025-05-12 21:57:42,1d4f3b88cdef83361995e2df1aff54248407fb33706e435bd0bf31eeb0bb2af0,896460,59574.0,251.0,0.004213,2,2,370
2025-05-12 21:57:42,b51755d8ae97417d418e7943138b9b3e419634a2f7a4b235ca4bce23e649c563,896460,953764.0,576.0,0.000604,1,1,191
2025-05-12 21:57:42,6642d27f474770fd80b156fdc970cbc62023c8c6a3a7343d2011290dc7448596,896460,1897433.0,669.0,0.000353,1,2,223
2025-05-12 21:57:42,903ac967e8bd05151a1699f18e974950c7fd1d4de57d7f080d88faa8131eb183,896460,1534732.0,737.0,0.00048,3,1,488
2025-05-12 21:57:42,0c338e51411e7e00e6b798843fbf8cb54345f7fdd1ba7092ea5de0f5c1c0e783,896460,54400379.0,1269.0,2.3e-05,1,2,222
2025-05-12 21:57:42,f07e379513ff92170dc9dc3370940084f67d612aadc107ca32394be285164704,896460,55376853.0,1269.0,2.3e-05,1,2,222
2025-05-12 21:57:42,76da90a1906c43a9fc51126d8b4cb55e5452a2c71c31bff5c31897da820d1023,896460,56012190.0,987.0,1.8e-05,1,2,223
2025-05-12 21:57:42,357ad28b9bbe81f5f406e5a6c9e21bb812508b8954442e56b65898f27236168e,896460,56447426.0,852.0,1.5e-05,1,2,223
2025-05-12 21:57:42,b6ad0cde9b1c3b1a5144f982b127918daf332d0277f74abf8f77f3d48ab18c94,896460,56765726.0,564.0,1e-05,1,2,222
2025-05-12 21:57:42,0e843162a5c501f25a9a2b75cfeec2e613215fa711340151a56e821dfca2e1e0,896460,57157236.0,468.0,8e-06,1,2,223
2025-05-12 21:57:42,59057e54a0ef3c61287d402e4c2ba6a8af65e8c1b75d424068e0009184acc0a2,896460,59647587.0,423.0,7e-06,1,2,223
2025-05-12 21:57:42,056bfd8c564324f67f2be38f3b22f43de0ad3e8ab80795e6a7476f744116318f,896460,62576638.0,423.0,7e-06,1,2,222
2025-05-12 21:57:42,c53c8b4c71e34b269dfe497c15a045929d2c9d2e63863a143bc4f776c25aa458,896460,63166647.0,141.0,2e-06,1,2,222
2025-05-12 21:57:42,6a08ba54622d1b0e852c31e1a058c1302093f79db178ac0e50489d2235e8a50f,896460,66095245.0,141.0,2e-06,1,2,222
2025-05-12 21:57:42,5c286a4a44ec890bf488654e74e17bfdfc18519615ff7d68ec108a20e1e13ad0,896460,69021270.0,142.0,2e-06,1,2,223
2025-05-12 21:57:42,dce1061191cfba6843e1aa69ef92f88aa634271060958c1e38875840983fd1c3,896460,71946148.0,141.0,2e-06,1,2,222
2025-05-12 21:57:42,c5890118f932e56dffdb800e31c2ae76e553381c98d54a8d82117509afc58966,896460,72361730.0,142.0,2e-06,1,2,224
2025-05-12 21:57:42,5eac271d76236e30ce8287b91ff7d201c56f78f09a5a24591368f985a311a5eb,896460,75285677.0,141.0,2e-06,1,2,223
2025-05-12 21:57:42,a367f1f4943ae64e395847028d6f583316bfce9a11edca2a1e86847cfc500972,896460,78210651.0,994.0,1.3e-05,1,2,224
2025-05-12 21:57:42,36cb943511a5f63994f91b5845c5810cce9fcd1531d90bb7841e43ebdaef2954,896460,78382240.0,710.0,9e-06,1,2,223
2025-05-12 21:57:42,685b85bc316f34d2ac01780c2e2dc370afdb68f3578ebad34574e3bd6e853a24,896460,79308755.0,426.0,5e-06,1,2,223
2025-05-12 21:57:42,f82209465d0ec959a0f28af4f7e0facdef28dba8c619d625915bfd9da72c9e68,896460,84182490.0,426.0,5e-06,1,2,223
2025-05-12 21:57:42,640b537a2fc38d66363a7b1fc505bbb1ebb5be74221c7bf2334827e69697ad01,896460,87103964.0,144.0,2e-06,1,2,225
2025-05-12 21:57:42,7b98a910a3189d65fc3acda034d332456564541d3d720785d6283e92fe4073c8,896460,89771447.0,141.0,2e-06,1,2,222
2025-05-12 21:57:42,63a2bc2b535dd84f068f7b461287981a36371e7ac061e5009ed3c342df40fa26,896460,90258268.0,142.0,2e-06,1,2,223
2025-05-12 21:57:42,2355fc31efced5c9712b9dcd0f616c31efad08d28e7195cc196cd1070e2ed867,896460,90453031.0,142.0,2e-06,1,2,223
2025-05-12 21:57:42,9faed8c8872b60c3b16d16da770b77a1b8e01c0dc9f5da5eef1e7159f762408b,896460,91133860.0,142.0,2e-06,1,2,223
2025-05-12 21:57:42,333e80143fd74b69f84849571983ef5907c00a5c4b746631d1b461519816cc0d,896460,91741133.0,142.0,2e-06,1,2,223
2025-05-12 21:57:42,5ad9e07333e2abdd89b6f02ed891f07e1112e64b2a545ae40ff5f3508efd0c73,896460,94668075.0,141.0,1e-06,1,2,223
2025-05-12 21:57:42,79ced21922f7b4aaaf529199ff015497d2e6e1735fe13da1ed11a46c624b4fd5,896460,13538.0,894.0,0.066036,2,4,428
2025-05-12 21:57:42,f1f40ffc7d87b8c59df5574de22e0bb53f488b7f292c73745dad8e133aa285d7,896460,51806.0,927.0,0.017894,2,4,440
2025-05-12 21:57:42,b74c597d43cb29b6c90763b5fae8fbc4bd7547d6c1af79915a9a7ffcc9d2c759,896460,18294449.0,738.0,4e-05,3,1,488
2025-05-12 21:57:42,5803e2315ed4c19bb615526d3ca2d53e5cc2377bfda7afa632faf85639ae03c3,896460,2337551.0,14646.0,0.006266,71,1,10589
2025-05-12 21:57:42,447a6ead3d2f8aa19e88b965122de1ec4f9cc647075fd2653f8f01aee3761d9a,896460,903888.0,1446.0,0.0016,6,2,964
2025-05-12 21:57:42,882210a7acd382c8e64a3fc9afbbbbb9302591dc6e977ff6395c9c07a1905743,896460,465288.0,702.0,0.001509,2,3,365
2025-05-12 21:57:42,eff289a94fa692cfda176123a782ef0d45ae18cffbd645cab9a1e292ad86386e,896460,294704.0,681.0,0.002311,1,2,226
2025-05-12 21:57:42,f6940673597eadf39cd11db7a0496b9c4746e640b0dc7d977f5a3a6941e72bd1,896460,288437.0,678.0,0.002351,1,2,225
2025-05-12 21:57:42,788f5aa123f64b97b822dac1b8f605d705a5fc6b1eb5505937ba20d6b13fc4e4,896460,5918224.0,672.0,0.000114,1,2,223
2025-05-12 21:57:42,305d203cebc32710580dcf8ddc88fb62ece4fca0f784c05fe27becfeeb62fad0,896460,1472346.0,672.0,0.000456,1,2,223
2025-05-12 21:57:42,8e6fc2418701051d1518a3aaa99fd0f665dc237f0c543aa2b38cfc291d483335,896460,3033414.0,1568.0,0.000517,1,2,223
2025-05-12 21:57:42,2d744bd1b265512671c019f02851912590f22f4895fb5ea95a27e8208af524e6,896460,3104982.0,1120.0,0.000361,1,2,223
2025-05-12 21:57:42,c810ab2dd06edddc3dab7f7992f0bb7d920409593c8ecccd12232dbf785d114e,896460,3176102.0,896.0,0.000282,1,2,223
2025-05-12 21:57:42,ed0691ad302d5c4f16a6797c052d33b2127e5369288f4d98f2e2112449c08908,896460,3191998.0,448.0,0.00014,1,2,223
2025-05-12 21:57:42,b7917f5afc3055c564ded6e03412c430aea2ccc00b0a02047a943b5497408760,896460,3207446.0,448.0,0.00014,1,2,223
2025-05-12 21:57:42,320605ad96dba0a5c93744f7ea17201d71f9e90b4e698d6d09509b4878af7c4a,896460,3277894.0,224.0,6.8e-05,1,2,223
2025-05-12 21:57:42,735013f792549657ed0dbb88c4e029c2d5d633cb019eda82aabcd6c1c6d026ea,896460,3293118.0,448.0,0.000136,1,2,223
2025-05-12 21:57:42,4001e4f7cc8e391b704d8ff1cb698a27de93eea56f86953eba3e7c4acc3aef88,896460,3308566.0,224.0,6.8e-05,1,2,223
2025-05-12 21:57:42,da89b9ed61ab10514d9b491af2bc980102fc7dc4984402f24827bfe100821667,896460,768839.0,669.0,0.00087,1,2,222
2025-05-12 21:57:42,0ed103475044723a405d2d9376454cd7cc6b89f129c55530e6a521f7ba4b7870,896460,21229996.0,663.0,3.1e-05,2,2,382
2025-05-12 21:57:42,eb64cd0e5add7f97536fc2bd4fdc1aa5297a6a56f69add3801faf00c9b7fded5,896460,12844804.0,570.0,4.4e-05,1,2,381
2025-05-12 21:57:42,76adc7b5f94979e0b5ee7e0ed814174bc96b3808f896dcfbe71f80ecab693da3,896460,30017466.0,534.0,1.8e-05,2,1,339
2025-05-12 21:57:42,279aa8112865b325e22682e0fc6a4476450cd613726fb10719ef7e8b88ae2d13,896460,40947.0,534.0,0.013041,2,1,339
2025-05-12 21:57:42,f7177a881209206a35b1f809f2d1b50ae313c170b686e71e48b60d9f3b90ddae,896460,8238307.0,465.0,5.6e-05,1,2,205
2025-05-12 21:57:42,a880a5ca660e17fa0620a10a85dab3a5c3b6e83dd5dac7c551e96b62d8fd6daa,896460,492516.0,896.0,0.001819,1,2,222
2025-05-12 21:57:42,e7f0cc7a6e3c00a8d996c9f97f573d70224199ab73fd2ae27bd0d8cd9c4846eb,896460,1205162.0,448.0,0.000372,1,2,223
2025-05-12 21:57:42,60d4bb311dabf519c8691d6d871dafe61869aa91b3eb1e99d1b8077263af5a57,896460,280865.0,896.0,0.00319,1,2,223
2025-05-12 21:57:42,05e6400e7aa5f7782b3c7f6388d3a0aa73698e16695522e4fa77a249ee0863f0,896460,291488.0,896.0,0.003074,1,2,222
2025-05-12 21:57:42,0107e40ceaa76b308cfb8e3de35c7910d9979838d2a2a35c86238060d0f55da8,896460,302111.0,672.0,0.002224,1,2,222
2025-05-12 21:57:42,f62a9a25ea09904ad711624e99804f3e287fc55f097d67fc9ef04fdd9801ed96,896460,312490.0,224.0,0.000717,1,2,223
2025-05-12 21:57:42,b4f6e8d029ced1e3dabe7c0e13a8e8ab83b70a8b07cf2814d1d0785cc3393ffd,896460,4081538.0,432.0,0.000106,1,2,194
2025-05-12 21:57:42,1037e1e889e50f152a5a725f54ef7c5c542cab1a83d01803f20eac1766887df1,896460,4858642.0,429.0,8.8e-05,1,2,193
2025-05-12 21:57:42,9915166abf222322bbb46e1e02dbd8d3e1ce341a24eb72d878f0f6cbcde6418b,896460,3969750.0,429.0,0.000108,1,2,193
2025-05-12 21:57:42,4701861384e6d8074df11a96695d3c813310ab84fdc75646c95610c1bc790a49,896460,4169969.0,429.0,0.000103,1,2,193
2025-05-12 21:57:42,10fc325d84dd1c6da1a4f4b0ff499678da34685304892067bb236e150382c148,896460,3990924.0,429.0,0.000107,1,2,193
2025-05-12 21:57:42,647007bcfca6e87c4ea52cd911185e9ba7270743277fdcb08d71863f562aac78,896460,6245983.0,426.0,6.8e-05,1,2,223
2025-05-12 21:57:42,f75c3f615339cd50f14c10eaf4cf4ab4fa9484d82745f53024477a69c2ca0167,896460,188417.0,426.0,0.002261,1,2,222
2025-05-12 21:57:42,e0c56c7be599597d424c92d38d37bb8e6edb8cbee4ce569e498d3fa17c2da1be,896460,215775497.0,846.0,4e-06,3,2,523
2025-05-12 21:57:42,40fc253958fa5338682f2ed0beaa2f3b33d6f0aa38dff3e358bd960b4d3fbd4c,896460,234797.0,612.0,0.002607,1,2,234
2025-05-12 21:57:42,8f80eca1b7053a2a093536012128db0898b38478a5274ef92f5e61bf66d04603,896460,459456.0,423.0,0.000921,1,2,222
2025-05-12 21:57:42,b2d1ba97d2465caa777a739527b57f7ad6348f162ccd4d227e62e200859ecde2,896460,6071522460.0,13866.0,2e-06,31,10,10510
2025-05-12 21:57:42,446cb700ba7691fd74298415a3f58e3c53ee78fb5de22529339cb16443920568,896460,1962554.0,672.0,0.000342,1,2,222
2025-05-12 21:57:42,44b076dbdba1c6370fe2f38549939af85a24e6d5b57ded32b8bf44b23160653f,896460,103994.0,333.0,0.003202,1,1,192
2025-05-12 21:57:42,0030a6cd12f780c2ed074478d62a30ec6bf77d444775a9813b0a695079869adf,896460,1858726328.0,936.0,1e-06,1,7,390
2025-05-12 21:57:42,d5ac7392085a748148ad03f96500d3c816c05463ae268572d9c7ac6beda7c51a,896460,1863940210.0,807.0,0.0,1,6,347
2025-05-12 21:57:42,20c157deb81edb99764671685b3a15a946a64f5c4d430240776a7429d8c66ddf,896460,41780.0,440.0,0.010531,1,2,225
2025-05-12 21:57:42,befd3e8e437241ed19762dc304b85fa12120cf924ca59b38815f08e568ced996,896460,169550.0,434.0,0.00256,1,2,225
2025-05-12 21:57:42,d721181035968b272e0a2a1bfc2d2ab32e99745f47ce61b9d4dbe1b5271e5a4b,896460,280625.0,951.0,0.003389,4,1,636
2025-05-12 21:57:42,2a8bff2f329ba6a474cbb1098d53cf9679b4d9f8478407af82d1b392b9a70542,896460,57474181.0,429.0,7e-06,1,2,222
2025-05-12 21:57:42,bba344795aea2d6c5ccf91674e4fde2923cb46522ae34989745294d98fa509b5,896460,825212246.0,627.0,1e-06,1,4,287
2025-05-12 21:57:42,2993ad1cf686792fc414bfc68d7b0af471e138f4be286bcfc6bb490dc4657e76,896460,1847217003.0,618.0,0.0,1,4,284
2025-05-12 21:57:42,5b98880be36d22fe409ed525b281adc4a2b960b32f24f872603366826879d34f,896460,1857996944.0,618.0,0.0,1,4,285
2025-05-12 21:57:42,e7cb5fc26b46c1d12de441d77b61bf8578479b1659cc7f69e83762cae4bc094b,896460,135370.0,430.0,0.003176,1,2,222
2025-05-12 21:57:42,d081757857854567ebda2e08ba7f80430ceada0d8bb8b6c36d9b6d015ed913ee,896460,3122095.0,2016.0,0.000646,10,2,1157
2025-05-12 21:57:42,763f4e8dff850dc68e38ed666b7a73b2002e5f61c73661a851e69880d212b69f,896460,1846919233.0,534.0,0.0,1,3,257
2025-05-12 21:57:42,8e63e4e7d486b5d63bd63ac814b318576baf03f0c1d3aac009ac12a701e3508f,896460,1867390583.0,534.0,0.0,1,3,257
2025-05-12 21:57:42,37a39cb32b2666458fa35d819ae5c08390dd50d4b37d57e37dba7dbadc6f5b1e,896460,1865267479.0,534.0,0.0,1,3,257
2025-05-12 21:57:42,3de24ba0e85299f2c4fcaf0f505783dc1cf0e0003fec5a33151febb99efd6e9b,896460,2763045.0,1315.0,0.000476,2,4,739
2025-05-12 21:57:42,65c25fea615af219b2791c1945757203698284a34fd138248203570b33d611dd,896460,2002404.0,449.0,0.000224,1,3,411
2025-05-12 21:57:42,e3fc626e3fae7e516f455070f76dcc288fbeaf7289a6f6a5f98f4f279a0789d7,896460,1856615640.0,525.0,0.0,1,3,253
2025-05-12 21:57:42,bd8961fe528f3bb9b2047030e6315ba50905a811de5ec0c21a7f84010392488d,896460,1858760991.0,525.0,0.0,1,3,253
2025-05-12 21:57:42,c727569fe86aec45ff90b6d7f071151b652668d0cc4c431a747c9ec39a79930e,896460,1860843479.0,525.0,0.0,1,3,253
2025-05-12 21:57:42,1fb432dd3455f3355904966451ed7017966bad4299eea785b17d5d1fb9d0e78e,896460,232146.0,336.0,0.001447,1,1,191
2025-05-12 21:57:42,1432dde6ac9e0bb34c11969cecbca68d74267c487d90d5bfbd58fb5ada5ed05d,896460,4495.0,336.0,0.07475,1,1,191
2025-05-12 21:57:42,4ad33dc5709ead6bc1dd1516bf8f31052e9d4e01e84744c1986661bc97bd3ae7,896460,133248.0,1110.0,0.00833,2,2,744
2025-05-12 21:57:42,edbeac64413c601a99dc67c2523fbc796eba6bc2b86aa2fc0cf1a52a292a1e79,896460,1861666257.0,435.0,0.0,1,2,223
2025-05-12 21:57:42,7333e8867e3864e75a49043a81c1db1233e0aa533344d17930b3badff425855c,896460,825051644.0,435.0,1e-06,1,2,223
2025-05-12 21:57:42,183b36d6544b64e8bb5e800dd03e6f2e52b2dd212de0e1fbf23e50ce53fadee3,896460,1680639572.0,432.0,0.0,1,2,222
2025-05-12 21:57:42,ed7c635e2b986309ced48a7debb9d12d2d468df1c35c45a546ed4a378adaf095,896460,822638011.0,432.0,1e-06,1,2,223
2025-05-12 21:57:42,f6cd58b54f118da220b61174736e09c1109c2a799b1a4b4622f4a38db936c28b,896460,857951124.0,432.0,1e-06,1,2,222
2025-05-13 04:23:38,28f029e3bf576cb00dc7194eb3e23f6fa910143678357d19c8e97df295ab8b0b,896497,939.0,1184.0,1.260916,5,3,841
2025-05-13 04:23:38,53ed44eb05f16936eaeb9997b04d1aebd8509aa5ca993ab12adb06e5acf40d26,896497,49349032.0,760.0,1.5e-05,1,4,358
2025-05-13 04:23:38,6f26b1941669a3b6583a4e8dac1435a75246ca41de55fde648b60c8ed21db9b7,896497,38476.0,524.0,0.013619,1,1,189
2025-05-13 04:23:38,97b37d7de68ea551b8e49e1d1e82b5aa4fdf24e35484e24f329c3abed7399fc2,896497,1335169.0,553.0,0.000414,1,3,279
2025-05-13 04:23:38,1070e08fa872ebab4cc30cea63c13543017e88202d68d92950fb133b8b800913,896497,34473.0,527.0,0.015287,1,1,188
2025-05-13 04:23:38,36cbf6194474c25e65f366b7447987e5dfd29e80bbee77842311a530fed0be42,896497,636622244.0,722.0,1e-06,2,2,420
2025-05-13 04:23:38,83c462b4ba6ae6b487a1839ca7ea5769ca3e7e232f044e09646506b0e25461b4,896497,9588027.0,605.0,6.3e-05,1,3,294
2025-05-13 04:23:38,7e1f972e23d4f6e8a9a6f93b001320c46f79d87dd6b315ccd6b40c9030a4a30e,896497,96047.0,953.0,0.009922,1,1,192
2025-05-13 04:23:38,6228a333c55c1fef4ac59e8e34d344e878c7c2774c009b5c8859801643b3d3c9,896497,15394.0,1606.0,0.104326,1,1,191
2025-05-13 04:23:38,9e449b2183cbd48467cba7fd1a3a3532125e4236ede650ca3b1b679bc9852390,896497,94325486.0,929.0,1e-05,1,22,855
2025-05-13 04:23:38,9d4c2cdac7c6715d5e764f2db52e34b79997dd301b4d674aee5fafb049ea0fa7,896497,31656.0,413.0,0.013046,1,2,223
2025-05-13 04:23:38,e8c0edbf08a885b343955484df49ca0c99df7b047553a308069305c63693795a,896497,629601.0,1235.0,0.001962,1,11,505
2025-05-13 04:23:38,55c2f3c1195a15ca60a91feb8f5bc0bf9e5064a94161a3bf31878ee17c0ccc07,896497,82297316.0,560.0,7e-06,1,2,380
2025-05-13 04:23:38,b04f5c73b293e3771be679293a0d7622e524dbdf55c27cd2054dff25028d2c60,896497,2096671.0,329.0,0.000157,1,1,191
2025-05-13 04:23:38,12e9784d64d04a0262e4d09f9a6bdbcd6895c92b9adb2080995faf614dd57318,896497,5251520522.0,13086.0,2e-06,31,2,10255
2025-05-13 04:23:38,81f5f0369014f5cdc8a0b1b14db671964da50d274876563e943b0df82e2139f0,896497,579571.0,429.0,0.00074,1,1,325
2025-05-13 04:23:38,348bed2fb1c4291f39af1af4b6d54343d9995db36fcc2db5a97498edf5dae2ee,896497,4704.0,702.0,0.149235,2,2,366
2025-05-13 04:23:38,0efcb9129fbebd142efb9a839ecd6d5cd652ab95a690f8a81b8cabe2ff5dffe4,896497,30997.0,339.0,0.010937,1,1,194
2025-05-13 04:23:38,da2bf1e68d44b85ef9889f597ada4e68f56b904e25f7aff9e4d51227437256cb,896497,114666650.0,423.0,4e-06,1,2,222
2025-05-13 04:23:38,abe32d52c30e34e96808fe1214a88e759eb5ed4fec28f604cbef8bd5011188aa,896497,5406.0,702.0,0.129856,2,2,365
2025-05-13 04:23:38,32c46a6b9f0934f01618eed649724a007305bb7ca9dc99bb869132fcb278cda2,896497,519887979.0,333.0,1e-06,1,1,193
2025-05-13 04:23:38,94f1f6eb6e5c0f0bbe5fda2904cd3b92a9d01fd8a43cec6713323e222defbd3b,896497,579571.0,429.0,0.00074,1,1,324
2025-05-13 04:23:38,45e828bb3187ea33ed453694cbfa5df6177e023206ec3e67f752a718c3098d1d,896497,105252.0,567.0,0.005387,2,1,351
2025-05-13 04:23:38,5f13fff2d90a4fe6d7b85f3f8b772452fa87b5ccd1835017093368403acc9a1a,896497,539259.0,669.0,0.001241,1,2,223
2025-05-13 04:23:38,9ef7c95153ad4933bdc26735fe0465d4bad0d2fa3830cac1d7b242e70d939215,896497,546.0,456.0,0.835165,1,1,326
2025-05-13 04:23:38,fb29a9c74dc423cfe49d75da90dd73c426ff6f5aafa8a1cee40a1205a0dfcd11,896497,108369.0,462.0,0.004263,1,2,205
2025-05-13 04:23:38,58068acb358634e5db45b5d26ff5b4b7a5a95a39f777bb7ddf9c1e1f6bc3770f,896497,3746057.0,669.0,0.000179,1,2,223
2025-05-13 04:23:38,80df3a4beae2b30c08daaf8363ce6ff9e02926b1ee85bd5f2909fe624c4de605,896497,30861307.0,462.0,1.5e-05,1,2,205
2025-05-13 04:23:38,62c55c86360a040a0561976bd773704ef32c4a7d3ce7dd07312a9fb756732de7,896497,2001767.0,2871.0,0.001434,13,2,2005
2025-05-13 04:23:38,175fbaaa78d41e2c7d0764b90867c4727c823469847c1fd3762b9ed180910032,896497,114007.0,630.0,0.005526,2,2,371
2025-05-13 04:23:38,0af96e2126c9fd215e70611a0dd7c088b986481df7edbed2d6e5f6e18b91c123,896497,234027.0,672.0,0.002871,1,2,222
2025-05-13 04:23:38,718b77c7b2be204cc161acfa3a6b04710f2c70a75feed95ca2eaaa74d8c5a0bf,896497,73738.0,500.0,0.006781,1,1,151
2025-05-13 04:23:38,f674dadd328af8e8ba3b82c1bec769a0550be42c4e6e5f27019b7d4f81896a62,896497,74238.0,34962.0,0.470945,200,1,21455
2025-05-13 04:23:38,06c645df37c63fb272380c2f1600b6e4ad4d4e040cc35ff5f364152041802b54,896497,1791631941.0,534.0,0.0,1,3,256
2025-05-13 04:23:38,366a7ccedc522d8ef7a7c2a67270fa559a729b60b478dc76881ba5f0aa6e8932,896497,1805864690.0,531.0,0.0,1,3,255
2025-05-13 04:23:38,609c1fcc751a7a52e44cf95225236a26f902284209b28279aacd8161b29abbdf,896497,1869017570.0,435.0,0.0,1,2,224
2025-05-13 04:23:38,3aa8f9e54c002f2f4033bf41ed675dbb5565ea47b03f39bc7138913a537951bd,896497,1861590794.0,432.0,0.0,1,2,222
2025-05-13 04:23:38,7e63b6a7204ae2d98960a17d67a77b9b938fb978430fbf31382cd2370e86099f,896497,1863799948.0,432.0,0.0,1,2,223
2025-05-13 04:23:38,50e4bb990f2bb92832945008d74d7a67f3bb476a396a74e896abd81b23b72387,896497,1792737715.0,432.0,0.0,1,2,222
2025-05-13 04:23:38,f7eb852b8a4279e43d5bd10e0a598eac42229deda0c9e494e7dd9578cea52a56,896497,1818803193.0,432.0,0.0,1,2,222
2025-05-13 04:23:38,9fb6cfa3dc2028bdf8ad2cf4bf01f1fed4f22a3f32f7a2d0c3973604aff4aa28,896497,1869508632.0,432.0,0.0,1,2,222
2025-05-13 04:23:38,da990a785bb6dc7e1bd547d6bde90fce2aa52be5521a06b83b197d36330fdcf7,896497,43325.0,679.0,0.015672,1,2,221
2025-05-13 04:23:38,4f9560b2f7e01fa94881c39139b20ebf3354a67c6ce55856d54ee1ffccacef6a,896497,4802065.0,1893.0,0.000394,8,2,1263
2025-05-13 04:23:38,0c108d62b7bac75c12e4b96c44a55e0538b714fd525adcb897d8e9bc5785fbd7,896497,3319756847.0,11000.0,3e-06,15,12,4913
2025-05-13 04:23:38,196f4de12277f9c288b6221e2739aa2f9ab15e4ed26148eb64a2f0eddc330347,896497,455295.0,434.0,0.000953,1,2,222
2025-05-13 04:23:38,3848d86cb10cb9ebd03c484a3ac742f15e77afb15c572aa5d9a38ae9edac336d,896497,582435.0,801.0,0.001375,1,5,340
2025-05-13 04:23:38,737ac71ef2e598d1f092b65b9f8b72042506930bf9c221af7097f9157c82d557,896497,18687.0,621.0,0.033232,2,2,300
2025-05-13 04:23:38,b923df6c5abdd84845b0ede6cc7a9497870e3aa8a31332c7150776c0bbf582db,896497,401709.0,663.0,0.00165,2,2,374
2025-05-13 04:23:38,2c76ffe7c367f4d738f2814f956f3e32ffd6243d1ce202792c1b3c7823c3e2f0,896497,60655.0,636.0,0.010486,1,4,284
2025-05-13 04:23:38,9a5740510167e3451ebdaafc9ee2ca552033d51f53def4c7c249796b7cd4356a,896497,27509.0,697.0,0.025337,2,2,383
2025-05-13 04:23:38,87a2b99186f772dff08535eec03c510342d88ed3e53ddda45025eb53ae6a516d,896497,694945.0,1590.0,0.002288,4,6,699
2025-05-13 04:23:38,e75883e2dc27bd1476ee6c702d2d0977e2955206c7231d86ae2ec8a7755054d4,896497,257118.0,450.0,0.00175,1,2,223
2025-05-13 04:23:38,2b9626043d2c31cf9ad9ecddf1f3321c19a41bdfd8054f3f6e5e3fe2c07c554b,896497,45771.0,457.0,0.009984,1,2,194
2025-05-13 04:23:38,97b1ea7eee5c139822a8c34cc4db08de0f3e85def684b7c6b2cae473e056f4c5,896497,49956.0,426.0,0.008528,1,1,214
2025-05-13 04:23:38,bd0b15bf82f11fc29a7d8ea1db81840df6d98497f80fe663da29fdef53e98a99,896497,2812741.0,452.0,0.000161,1,2,223
2025-05-13 04:23:38,b4261854d5539324e43fbb8a643a97e7093e108a82becc8fa5cb2d6aeea0792d,896497,88713346.0,603.0,7e-06,1,1,188
2025-05-13 04:23:38,50436b785b4c5f0471aa26c49cd04bd035bbdf3d2bca9dbfd38288958ab5ef52,896497,125444.0,636.0,0.00507,1,3,279
2025-05-13 04:23:38,62133e1804757212ec35174b374b6cdbfef92f95ebd8f83b05422bf7d253a3e1,896497,148006.0,1401.0,0.009466,4,5,666
2025-05-13 04:23:38,3c34d53ef1c6b242123f54c2f02b438bc3fd67e3761696b3d2e7e92d661e563a,896497,642969.0,1459.0,0.002269,6,1,933
2025-05-13 04:23:38,157784c1b377dae7165bdf050d255770eda7378cd614bbb57e60290c40494ea4,896497,2234220.0,459.0,0.000205,1,2,222
2025-05-13 04:23:38,f2d71ce00dba0ce468527b164fb579fb76bff3e602cfebd92a505393a1077e5d,896497,688116.0,2004.0,0.002912,6,6,913
2025-05-13 04:23:38,18b414bc80ffbe75879d690a17e9a9c539c6e888a5f84fb9fe335051193ecba7,896497,4580.0,438.0,0.095633,1,1,214
2025-05-13 04:23:38,c9032f96c6e2991bcef5a4cda3ba28d7684dd787b2f189b745be5e341bea48e7,896497,490173196.0,993.0,2e-06,1,7,381
2025-05-13 04:23:38,bd6605cd0f637de658eb8be872486670300cebcb84b5794959db9d062a6d2147,896497,51239894.0,891.0,1.7e-05,1,6,351
2025-05-13 04:23:38,2deac53b4078c4a73cce12c77b0b2d0738a37a13e845e7dcb012dfadf341da68,896497,35523700.0,488.0,1.4e-05,1,2,225
2025-05-13 04:23:38,13dcc9ed66dd8bfeedb7c244320a99841dc75c6e61cef264d2cc27184a6be207,896497,89615.0,385.0,0.004296,1,1,195
2025-05-13 04:23:38,791dd8c18f94e185238dc93cc839efa70490df6746ca9159751b2f06193b46ae,896497,166077.0,482.0,0.002902,1,2,222
2025-05-13 04:23:38,a002d7ef50bcce1c1ceddf24a9a9890d1bdc4020718e5f744a0edca2a1d5d68e,896497,97939.0,482.0,0.004921,1,2,223
2025-05-13 04:23:38,e2ecdb4283b03364a6356e4f4bef10cec5efaf2a1c4ded88a5e4cb8677faa66b,896497,90588.0,482.0,0.005321,1,2,222
2025-05-13 04:23:38,22c7815f371aa3004c99d57910a02558b7e37a727ff9a7bf75cab7e84a02424b,896497,240052.0,482.0,0.002008,1,2,222
2025-05-13 04:23:38,9252840a765b448565d18e8135a4c2fffde9728a21e556a5103e0691c93be20f,896497,777158.0,482.0,0.00062,1,2,222
2025-05-13 04:23:38,61401268d5131dd0fc6d5abf5ab6b1483262606f72bd109e8aa1795547a62194,896497,52331.0,385.0,0.007357,1,1,192
2025-05-13 04:23:38,ba0a9d2b3ad0c13687d9aefbdd4e4e87e989f1d385379e02015ed9db500cd4eb,896497,71921.0,385.0,0.005353,1,1,192
2025-05-13 04:23:38,0c75374f99da75596456e80eadfd1cf4cdd4710a69ccdbcfd01264f650c069bb,896497,219615.0,385.0,0.001753,1,1,192
2025-05-13 04:23:38,7b3470df57341a447c348366e78d0fe2a0e7729bcc78f304f98062dc65360b5e,896497,234903.0,385.0,0.001639,1,1,192
2025-05-13 04:23:38,33574e71c5556f14dc66a584321fe23d7811a540e1041f3aa383526f96e24818,896497,136451.0,385.0,0.002822,1,1,191
2025-05-13 04:23:38,9a8a52ffac5f393244ee8e57f6531240654939eff5d15145f11af1d1e43b0adc,896497,95590.0,390.0,0.00408,1,1,193
2025-05-13 04:23:38,370151be774334e800cd603ec8628d9d9154d3cceceff2f2fa911f4d85f76c5e,896497,335.0,665.0,1.985075,1,1,189
2025-05-13 04:23:38,741ca30600167d2aee603adaa291be42dd41c1392fd9bfb98e00c7fb00f826f8,896497,335.0,665.0,1.985075,1,1,188
2025-05-13 04:23:38,50fe50fdd724fb984f23340ecc02aa6bb63f0b6414461aab3c78a5e80df44c49,896497,335.0,665.0,1.985075,1,1,188
2025-05-13 04:23:38,c5bf59bd4e044690b179bba5d51ac62eef5fe13b6121e5c0af7f8dcb0dd5be30,896497,335.0,665.0,1.985075,1,1,188
2025-05-13 04:23:38,5edd80d3fb269bf2e5c6914fd62aabed9baaf36fdd1c7d5cfe25ab57573f9cc0,896497,58066845.0,731.0,1.3e-05,1,4,285
2025-05-13 04:23:38,2b8cb2c2182eecf2116ab2a209701b016bcd48369b3c8e384629a5319ad44b88,896497,14514645.0,508.0,3.5e-05,1,2,223
2025-05-13 04:23:38,da9876f74d4455eed9d6ad93d3b5d6871bc341a56fbffd00786a8eadb039f4ee,896497,546.0,511.0,0.935897,1,1,269
2025-05-13 04:23:38,9c277da9f77d92dae001a21f29470aefffa422498df181c0ca3f696bf158b339,896497,642509267.0,2860.0,4e-06,1,21,835
2025-05-13 04:23:38,2dd801c85a19c5dd06cabfdcb290a29fe3021b81da0a74e72e844b1e6ef02828,896497,1224408.0,779.0,0.000636,1,3,286
2025-05-13 04:23:38,b4e119aac419198435921a30f930860f032d1b000610397c2f740140ed880cac,896497,5169808454.0,2860.0,1e-06,1,21,833
2025-05-13 04:23:38,ae5efd5bb337851808c774497c25db95977b2fa7e2a5a7cd7d50b6de527ad674,896497,522863.0,421.0,0.000805,1,1,192
2025-05-13 04:23:38,f4f15cdbfb602cc7d5d35725208b3b0ffe7ca0d02e93c176e8cdcc410ce24544,896497,42861976.0,864.0,2e-05,1,2,223
2025-05-13 04:23:38,a8fc2672dd76d6b4efbe92b6714de88bffafea16e68623c372db25378e06baf0,896497,17848.0,1048.0,0.058718,2,3,429
2025-05-13 04:23:38,afdb1e913a059c20b044a3d2c75f781013d255ea27633df1f1e3954a97588cca,896497,526120.0,1462.0,0.002779,2,4,429
2025-05-13 04:23:38,fa6e7accd8869cb477f5584210403326b90494a130e2d514196d1de8526578c8,896497,351149.0,1462.0,0.004163,2,4,428
2025-05-13 04:23:38,3998492994670aa633aeedb350d03bede199170278f59ba18a66bc37aa03ab4d,896497,584443.0,1462.0,0.002502,2,4,428
2025-05-13 04:23:38,9c0e873b179de5cbc9226258d84569956b3a0242a50de21f7be0e0aabfe67aba,896497,1467485.0,1044.0,0.000711,3,4,582
2025-05-13 04:23:38,f40ae0a64bb9e4a8646fae17725ef937adb75d76dd894db81fd9fba520080270,896497,263295.0,1340.0,0.005089,2,1,337
2025-05-13 04:23:38,e36c4fbd2c0097bcb1e2ce373eee4810c08c7d214d38c213c97105a0a6a9f242,896497,181907.0,529.0,0.002908,1,1,215
2025-05-13 04:23:38,fcc3c28e3aa7259c7926461504ebe552bd89501e0d34c9dfcd476691a12ddef9,896497,752798.0,1020.0,0.001355,2,3,386
2025-05-13 04:23:38,ba0263d8e5af7eb42499bfd98b1030ea22f85330befd02603a1d6518f6a71182,896497,7877023.0,588.0,7.5e-05,1,2,228
2025-05-13 04:23:38,6f405f2e0cf386dd005a43287e0af2749d555172080d4999d59125426894d67b,896497,5753842.0,564.0,9.8e-05,1,2,222
2025-05-13 04:23:38,7e6243ce86d136b2121d695e2f54c6334740bfe3253a441937844070a3d5316f,896497,2665533.0,688.0,0.000258,1,3,253
2025-05-17 10:07:32,e56a6b5ea8b54fedb4ae635760fcd23c1d8f360f503e9e240ba4c4c7cadafb1e,897085,25140.0,929.0,0.036953,2,2,373
2025-05-17 10:07:32,a655ad2e9841f2071d1bc522c5025b9c70d6b10d2f2c3485b9edf02edd7bb905,897085,2756730.0,929.0,0.000337,2,2,372
2025-05-17 10:07:32,5ded5cd407166e67f252cf0b8c24bc0c9d55d23d56012711e169f1a75136dc1c,897085,330.0,680.0,2.060606,1,1,308
2025-05-17 10:07:32,f5a4ce6430f9d52177747831719c4a7bada673350440e678d9ec3d15fffbaabf,897085,7902.0,612.0,0.077449,1,2,235
2025-05-17 10:07:32,b7f615d17ecffb006e031dc29be45931a41ebc5e6038a74ef612861cd83f3290,897085,2423529.0,624.0,0.000257,1,2,222
2025-05-17 10:07:32,58747144719000a552c450ee192fa7f4f82628c841972cffa0624455dd5d7c81,897085,4317031.0,624.0,0.000145,1,2,222
2025-05-17 10:07:32,0de8e6a6f5fa51f7a34550e299b55014871a3a8d83a7cf0cfc58a636579f38fb,897085,388314.0,513.0,0.001321,1,1,192
2025-05-17 10:07:32,ca548e032371ebf4bd6cfcfc392fccc7b30da2345bd5d923587af7ffdbec4f41,897085,1299089.0,1504.0,0.001158,4,2,670
2025-05-17 10:07:32,c4f1ece616fb03c9a6f7cf4fbd09a4b8b75fb41a9a6d76d537ae2711c60bdef8,897085,102653.0,643.0,0.006264,1,2,227
2025-05-17 10:07:32,4c3c14a4b24fc7d4b120dbafabf9429de8f107d7cb5089480894d4e355fe3305,897085,3188402.0,444.0,0.000139,1,1,151
2025-05-17 10:07:32,ed5149542c0f29cb75626a504db7196802fc2415dc071ab9a3538fd4c19b6c63,897085,540577.0,1088.0,0.002013,3,1,487
2025-05-17 10:07:32,def09c46b5bdf06d16051111b781d36bd31ca33c2f29fc466e4543a1e98b35fb,897085,201420.0,929.0,0.004612,2,2,371
2025-05-17 10:07:32,40b67dffc83cc39cd08be9796958a175b3ed6768a1b5371685a4b594f5b965d0,897085,733155.0,929.0,0.001267,2,2,371
2025-05-17 10:07:32,09c927dc59d8b6f5e84dc0f27902065617f05a2ae157378b9457b003c75493b1,897085,314823.0,929.0,0.002951,2,2,371
2025-05-17 10:07:32,1e7c62a9d591a95a2256a4bd13f5c49be1f7bbce8ad70421568774cda5850178,897085,49423.0,929.0,0.018797,2,2,371
2025-05-17 10:07:32,522a57d674cd1fd41b2b3584f1120761a674eecbda06b37d4f0d827ab3a74442,897085,388429.0,929.0,0.002392,2,2,371
2025-05-17 10:07:32,eb117a175966f8af55468898225625db17a6a1a0b989121599e44163a65c701e,897085,349526.0,929.0,0.002658,2,2,372
2025-05-17 10:07:32,1e3bd885b2829b95a8b0debc7e354b4891238a40ff651897f2815dd517d9e203,897085,80009.0,929.0,0.011611,2,2,371
2025-05-17 10:07:32,d7bee768e39f397bf7be0064261c6f51fae99b3a695a3561a162a73294298a8a,897085,13628.0,489.0,0.035882,1,1,191
2025-05-17 10:07:32,7a6fea29e5a9bddf0f17c18da110d1868365792f7b8549f72411c38d2e8de720,897085,79753.0,2276.0,0.028538,4,7,743
2025-05-17 10:07:32,5c3cc0d4819759a06a5f2c7e064402dd6cfa89d7390f0660c883470006796039,897085,10161726.0,1646.0,0.000162,2,2,369
2025-05-17 10:07:32,a1df8f26825ba2c880c90fc3069341cdbe75e8ae8c3c490fe584e803025a74ff,897085,77985.0,643.0,0.008245,1,2,226
2025-05-17 10:07:32,f33ce011e4d308927708800e2060f011f8d34c86a40189aeb7d687caca4827f7,897085,1159152.0,643.0,0.000555,1,2,225
2025-05-17 10:07:32,71bd0ec28d987a211fc6cce39079b69e69d075a0fe73c18db90e806f27fc80ed,897085,481111.0,643.0,0.001336,1,2,225
2025-05-17 10:07:32,3e5136d2ab02e82d3281629a0d3a548ccd371b28daabe6642d215995fe150ed6,897085,186385.0,643.0,0.00345,1,2,225
2025-05-17 10:07:32,625ef7018ae33f2daee2f70afbb5728f4cf73f1c24a374f39dda789d3ef55fd1,897085,489628.0,643.0,0.001313,1,2,225
2025-05-17 10:07:32,ff0cea5b9ba690c8ee8eb4c0c552faf59d8347ee6b6806b3bf439fa0d06866ce,897085,63407.0,643.0,0.010141,1,2,226
2025-05-17 10:07:32,c9cb26332dc038688684cc5266fb4377eb2d2666c64696ddfd7db7872bc45bc4,897085,475674.0,643.0,0.001352,1,2,226
2025-05-17 10:07:32,f6abe1e12a8627ad7b7c2e7e742a7f60d83758600f65e5caec78bc0254a2bfc0,897085,506215.0,643.0,0.00127,1,2,225
2025-05-17 10:07:32,83319bca712c5bbe7973f99cb7f96c6da029cb4e0927e60c0b5b755788180baf,897085,67409.0,643.0,0.009539,1,2,225
2025-05-17 10:07:32,68f51a435091d32a9549be1668c7b403b7c818534145933291380b72332cfb52,897085,157239.0,643.0,0.004089,1,2,226
2025-05-17 10:07:32,a70f669f64a2e4cd9a79f566869385fd2a21adae9a7684ba14d6d4f8140dab52,897085,170346.0,643.0,0.003775,1,2,225
2025-05-17 10:07:32,e48352dd6370968cad9cb044e9e46bccba04ec921ca53f9ac2fda9306f7e4f4a,897085,184900.0,643.0,0.003478,1,2,226
2025-05-17 10:07:32,b90cf9f746f5fc816edbaee6da619347c5a4a54e25ce3e29451ea1996660ec47,897085,275986.0,643.0,0.00233,1,2,225
2025-05-17 10:07:32,23b1336153285a2994aa111f8200475fbe5ba120b009fc550311457f105fbb2b,897085,125143.0,643.0,0.005138,1,2,225
2025-05-17 10:07:32,9b39eac83c60c075ec380a7b5501a4823dff8df77632e377c44b06222675d815,897085,1143007.0,643.0,0.000563,1,2,226
2025-05-17 10:07:32,c1d2dc9e79b0e7c642d0e165c822c8fe86a5e97f5e7e19de9e107ea48b993a0c,897085,1798234.0,643.0,0.000358,1,2,225
2025-05-17 10:07:32,826671d7d8770efd41cb3d9341537522d1f5f4e3443d752a757e4c54320f7109,897085,27276.0,643.0,0.023574,1,2,226
2025-05-17 10:07:32,a4983f850dd07b2be499da46ec3909a22ba516ed3aaeadbde81203fe682de6cf,897085,69459.0,929.0,0.013375,2,2,370
2025-05-17 10:07:32,939b2e87de3d0dd2f9165275854ae5893d45007f0b84a2f4267f354bf53d3392,897085,17049119.0,929.0,5.4e-05,2,2,370
2025-05-17 10:07:32,c66d65b3c2a83bf8d53b3710ec8f667292808de313fe390c38fae9ff287a41dc,897085,183826.0,572.0,0.003112,1,1,264
2025-05-17 10:07:32,923e748c1bd4a059450847b88309e918e6478035782258c5128bed4ed99a3143,897085,20031.0,720.0,0.035944,1,2,225
2025-05-17 10:07:32,384ea66b4f6f934418de44b9d9fa13f7f6946a99cd17bd5368869624d700a571,897085,40182.0,576.0,0.014335,1,2,225
2025-05-17 10:07:32,571165e0af1cd9e13cbf98b064df2ee6674fed0f728bc499d9e2f32a3239f460,897085,44622.0,929.0,0.020819,2,2,371
2025-05-17 10:07:32,e9786ca0f49e1f55847b662de0caa8efdefff6337345aedc4c68b14c491136d5,897085,38418.0,798.0,0.020772,2,1,340
2025-05-17 10:07:32,190b175f99e4ba6530129732850aff0e327fac09665e89c847a6babe03f30fea,897085,12259.0,693.0,0.05653,1,2,205
2025-05-17 10:07:32,0b46c9baa4d22a83e35cc4f2985f57ee26c598203dadc89351478a60521e0ec9,897085,199230.0,770.0,0.003865,1,2,205
2025-05-17 10:07:32,d321330d3f2eda05d35f891396b3b996f7567a32c371ffa49f767b7d742cd730,897085,243065.0,616.0,0.002534,1,2,205
2025-05-17 10:07:32,5bcc62ec52c4e9e9fbdd6f7da102130a643339a05559dd54f9c8736b16717616,897085,102917.0,643.0,0.006248,1,2,223
2025-05-17 10:07:32,8a611c72013f9dd7342d42618c75ad2c2383cf5f2529adb886c56c7a881959fb,897085,173032.0,643.0,0.003716,1,2,223
2025-05-17 10:07:32,eac9ca394ee40ac2051263649213c14917015fc9886cc657e47e22e28c0d3b4e,897085,278043.0,929.0,0.003341,2,2,371
2025-05-17 10:07:32,e42ceeb627de7778d747cee5388140d947561f167f4ccd9167c41eb5aa5b32ca,897085,1859261.0,941.0,0.000506,2,2,372
2025-05-17 10:07:32,1d0c52b82869b4cd4de7ade866c34c0298b6eb0584b877e0be825ecd4a2d2f62,897085,223916.0,643.0,0.002872,1,2,223
2025-05-17 10:07:32,8930e3e20615902b8014306973b3faffd1dc4b780fd904edaad99694dbf83302,897085,1437614.0,929.0,0.000646,2,2,370
2025-05-17 10:07:32,e040484177dcedf0d5c1e052704265438b0104c5902946c87ae0b384c2dd9030,897085,1003468.0,798.0,0.000795,2,1,339
2025-05-17 10:07:32,6918e72ef3786a6638b27ea24d4fd5813a8642d57c83494665b6e9aed9ecb6a1,897085,5237252.0,1557.0,0.000297,4,2,668
2025-05-17 10:07:32,81d7b51396f7a01efb86c1ff453165377508c97ae2e45087f388a52e58b5256f,897085,1874526.0,3071.0,0.001638,7,1,1243
2025-05-17 10:07:32,3e4c6d074d2f5403ac4391b99c916efaa90f2c9de8eb4f4e7a03fcfb041fbef7,897085,2503389.0,643.0,0.000257,1,2,224
2025-05-17 10:07:32,50429f3dd129f9e75d286063ee5eb09e1db7bedf0f16de9aefa0bfc048a1aed6,897085,217185.0,643.0,0.002961,1,2,223
2025-05-17 10:07:32,6f4f35b403e2f779c73ccb43824c3e315d0762cda4dd32cb98c965358cb344c5,897085,421030.0,643.0,0.001527,1,2,223
2025-05-17 10:07:32,82fa9180707632da96cdfa5f1feffc6678a5f388ee7c807ea0fe8930c67221bb,897085,13896.0,643.0,0.046272,1,2,223
2025-05-17 10:07:32,a8cf37883e0a6f2f89bcf785ce9d73af740c4ed67600bfcc61c8e30b095eefaa,897085,409029.0,643.0,0.001572,1,2,224
2025-05-17 10:07:32,bd85fc88911979f5d4a2b0f5460b24bca47c9b14441e292dabf08137a059c896,897085,99290.0,643.0,0.006476,1,2,224
2025-05-17 10:07:32,05826b593f70f111e2325703bc84c4f8f80ece91e763423f099a56fcb2540b8c,897085,975925.0,643.0,0.000659,1,2,224
2025-05-17 10:07:32,ae8c2d257c67c6c9e3e5c58c021fb9b23cd05f3fa615282a0b1fa2ee17eda68a,897085,144972.0,643.0,0.004435,1,2,224
2025-05-17 10:07:32,d167ae70e6db6e8c5f90a655ed890ae442e3ef300b74e5cab7d4c3d10ee02452,897085,162313.0,643.0,0.003961,1,2,223
2025-05-17 10:07:32,1e31ce2c711d9e207d58cb239e3e25f7002de5c022bd82d55e0e9d2017a6f729,897085,67872.0,643.0,0.009474,1,2,224
2025-05-17 10:07:32,b507753e64a4066a5fca8af5f121bcf9c481d201f6e38eef5998f877d97fe718,897085,1079577.0,643.0,0.000596,1,2,224
2025-05-17 10:07:32,21a3626546b7dffbbb7626c6051f0182ebdfdda90bf72cde9d8ea0e3fb9e5634,897085,137958.0,903.0,0.006545,2,1,415
2025-05-17 10:07:32,402a3d2ce57a6017a86cbd1cf0b2503c867a3934a4a9ea37af898479b593308a,897085,357774.0,513.0,0.001434,1,1,195
2025-05-17 10:07:32,1e0b5958b5a4b5e8a65395ad8254d76afa1cad8185eb0e2bc27826a35b119c75,897085,49068.0,513.0,0.010455,1,1,194
2025-05-17 10:07:32,cd8bbc8f4554439820d865fb55528d108d9323846fbb7df784bf63b470c58c66,897085,183910.0,513.0,0.002789,1,1,194
2025-05-17 10:07:32,88fce1a774caede4ef1b4a3406417813e32dd0f407464c372029ab443049fa60,897085,176434.0,513.0,0.002908,1,1,194
2025-05-17 10:07:32,9787ba9c8145042bbd4a4efae5ff9f374ec95c93ea6ef71d1f4e8ae7b927425f,897085,5756764.0,513.0,8.9e-05,1,1,195
2025-05-17 10:07:32,822cdb4ac4e9e6dce45113ec70929c643197b95e1ac978e164239cf5aac87c5d,897085,60537.0,513.0,0.008474,1,1,194
2025-05-17 10:07:32,afe5da557d7e7247408aecfdd5d1ce4669ce2670079aeeb9815a40eb4f137e5c,897085,54974.0,513.0,0.009332,1,1,194
2025-05-17 10:07:32,80c687c2d1d9c61f75eed967307ab3d10e5306bcd5c9b7d0bef82bdf19ce9f48,897085,42896.0,513.0,0.011959,1,1,195
2025-05-17 10:07:32,a83cd9402ffe0c9c6a953001089a3b4e2887de3c712fe6f1277a5299e5c53744,897085,31061.0,513.0,0.016516,1,1,195
2025-05-17 10:07:32,89a425132d81dddd9f0994d2bb0a30d8ec436c762d0e88e35fd9ad50d5402e41,897085,131502.0,513.0,0.003901,1,1,194
2025-05-17 10:07:32,fc5caaecf4fd694a2bba07747b2f3c65bd1a6a8342140aa53a6e60ff0b581839,897085,144420.0,513.0,0.003552,1,1,195
2025-05-17 10:07:32,1943bf37e53c337ecd6f184b61639990af11e776b7404279776ebc57c277912b,897085,18809.0,513.0,0.027274,1,1,194
2025-05-17 10:07:32,038a57fe6a30c8da3b98bf70d987b689415d59984a941a9267000f6636d5ec1b,897085,401241.0,513.0,0.001279,1,1,195
2025-05-17 10:07:32,d024cc72f82941803cb6ef03926da38e6b8f8a47dd84299730ef0ab434d33510,897085,209391.0,513.0,0.00245,1,1,194
2025-05-17 10:07:32,aa60b2abb181c665bc78931bbc0229bc726646c5ae4a79ab51236019d0f37403,897085,99999550.0,450.0,5e-06,1,1,150
2025-05-17 10:07:32,01b14fcc807c656fbc5e124756322446afd7d1ae16a87553493b858ea896cabd,897085,201755.0,1352.0,0.006701,2,5,429
2025-05-17 10:07:32,ebf5dd1b96399668b57a91dc23893b03a9754fabca1466277e8b0ed14764a9fb,897085,55700934.0,729.0,1.3e-05,1,2,226
2025-05-17 10:07:32,7937d14cb7688cf7a03ebbb20392f30b79cea543307e6ceacda49b41dc91031e,897085,56919481.0,583.0,1e-05,1,2,225
2025-05-17 10:07:32,d5fbf331298a4d89194b803275330c764c2d4103b17062fe50564d8e3d1e99fa,897085,67334.0,643.0,0.009549,1,2,222
2025-05-17 10:07:32,2d6f9d200177d71c0a2acfde9ca750b8a8b964281816276fdb6a19dfa09602f7,897085,1628433.0,643.0,0.000395,1,2,222
2025-05-17 10:07:32,d4595402b4ab659953a4e7bdc7ded30044ebe2b43ac449750ceec894101694f3,897085,738622.0,643.0,0.000871,1,2,223
2025-05-17 10:07:32,60fbc8f95db3f8e2dfc275d555fc7930aeb73f3d9726ce073771a9b5ee6cf2ec,897085,114915.0,643.0,0.005595,1,2,222
2025-05-17 10:07:32,e94c573fd29f93355e8dde33839b06f2258b217a378d0447abca6d9f49043de6,897085,1701566.0,643.0,0.000378,1,2,222
2025-05-17 10:07:32,b11f5a496e384466f5e66909795e200154bad7a2097175e8c37de9c666c631e6,897085,1196353.0,643.0,0.000537,1,2,223
2025-05-17 10:07:32,38b04fde4668ad1c0a0fa672269bfb0ae0730e2e47cb5d064608544e0df1d2e1,897085,30235.0,643.0,0.021267,1,2,222
2025-05-17 10:07:32,42a0c9478612b3e1b56a7aa9173d17f51401e5c95492d02d869c2024a776c0df,897085,145395.0,643.0,0.004422,1,2,223
2025-05-17 10:07:32,693cd9e153251e921792fca8bbc317a4cddfab51b89b7138107eed03fadaa4da,897085,407893.0,643.0,0.001576,1,2,222
2025-05-17 10:07:32,87902d932fb2d92ff511e8b1ba33a030546607a31ef79bd96e321ee2f262f7d8,897085,12780901.0,643.0,5e-05,1,2,223
2025-05-17 10:07:32,5f3acf65dddeb2a8dc6efc5faccd54fa3c4556609b786c5c71778bafa807dcd5,897085,1919539.0,643.0,0.000335,1,2,222
2025-05-17 10:07:32,c9a8e6a23b281c8059da5a344808d7a7c62c4940ef7ba603f76ea5ef1410f6c6,897085,45295.0,643.0,0.014196,1,2,222
2025-05-17 10:07:32,617746523c87bacf8f0bf3a4f422c9f1c9c171931b49ebf4091bcc29a3789cc5,897085,23493.0,643.0,0.02737,1,2,223
2025-05-17 09:37:04,7051e3dcd066c7074d7a60687f7a913c41aed5c514746433e82d62c8ab5a6db8,897084,1631077213.0,3981.0,2e-06,1,2,222
2025-05-17 09:37:04,b5ec28e2c9d970ac71bdbbf451873ebec5db88adb9548dd2c4a81ce65ead7ddc,897084,1637103069.0,3981.0,2e-06,1,2,222
2025-05-17 09:37:04,1232e15631f37ef6f17d7529bbff57ffa70bea9cb83aeddd71ad96683216513d,897084,144442031.0,3981.0,2.8e-05,1,2,222
2025-05-17 09:37:04,2ea9dcd9a4ef62304a07bce84d862b80c3c043e6878ba7884491bdb1caa15054,897084,144519279.0,3981.0,2.8e-05,1,2,222
2025-05-17 09:37:04,8384335ce2be16072751f5f9b35fa14dccd79fbbc54ca7dd054eb8c6713dea26,897084,500224745.0,3981.0,8e-06,1,2,222
2025-05-17 09:37:04,3163a1fb654c078946e7a04e23dac6c2fd8218135f5655904b65f702ad678c25,897084,500285979.0,3981.0,8e-06,1,2,222
2025-05-17 09:37:04,9fece0118846cf93c5b05f69b7689bf91e4bcfa00810150630efd425c079910e,897084,477164336.0,3981.0,8e-06,1,2,222
2025-05-17 09:37:04,267cb698029b9ba1c4c76998a99af596a7fae25a7def8eb432066c648ca07c63,897084,477517618.0,4066.0,9e-06,1,2,225
2025-05-17 09:37:04,0f263e2b9d5c375e0f3b4292715a552d8f97b51c45c858bbda7f69a89fb3e566,897084,477570204.0,3981.0,8e-06,1,2,222
2025-05-17 09:37:04,ab45e2802795b5f06fe671487b06021ea5e583828d4bd5148679b60f0f763d93,897084,144559126.0,4320.0,3e-05,1,2,234
2025-05-17 09:37:04,42749d7151be3bdc2ab2ac9948bfb7c57f64df641405de7f2a7fb6ada31451ea,897084,20653768.0,4038.0,0.000196,1,2,224
2025-05-17 09:37:04,025671f0e673d11c217ec79da89dee6dba6460c99bf3548d1ef6a7add16c5104,897084,451999.0,3446.0,0.007624,1,1,203
2025-05-17 09:37:04,92b3be7b73d96ade22007c8fbc497d5617d9862a90088d31f8a779f84bf40ff0,897084,15199609668.0,6384.0,0.0,1,2,226
2025-05-17 09:37:04,b327e4571804ab79b57d9d4f90ca54492a5e628ba740b9e685bcef9fb4f9753e,897084,486367862.0,6384.0,1.3e-05,1,2,226
2025-05-17 09:37:04,c92f36c0fc3e7180bd9957e334d0192faf11a54add69ad61813b11e06005c214,897084,302750.0,5339.0,0.017635,1,2,379
2025-05-17 09:37:04,9d64d616ac03d1cf7b5db9656e18e96d2a33fd7afa70757edbd492ccdb6d499b,897084,187690.0,6328.0,0.033715,1,2,224
2025-05-17 09:37:04,71560f4455c29a591a4abf2acdd1baa11bf636e6e468a916fffed3f090301127,897084,1306980.0,6328.0,0.004842,1,2,224
2025-05-17 09:37:04,a529a08ad3d676577a48ebb97ddb07aab74273c1321a68ecc3094422918ff32c,897084,204555.0,7811.0,0.038185,3,2,518
2025-05-17 09:37:04,587171cbc8aeee95eb35ccf56cf47e7d736322fa2f908c61ee0db850b5a20db1,897084,10116907.0,5012.0,0.000495,2,1,339
2025-05-17 09:37:04,44df83ba57a2d29a56f73039ddde7f8a78a4d108fb36c2b64723813d84898d85,897084,39019186.0,5012.0,0.000128,2,1,339
2025-05-17 09:37:04,37e7395e4090bfe986c6017f5459efc0ce40e3002db83ace6eda41fe6eca46c5,897084,409378.0,5978.0,0.014603,2,2,373
2025-05-17 09:37:04,1ada3a0f6d8a078872ec345e34dcd2b45632979b3ee0ed1c2d38783c41ec7505,897084,7395480.0,9520.0,0.001287,2,1,336
2025-05-17 09:37:04,28f792a2a6e52cf8d0d2bb82234824989fde2fab701e4f90f3be6693120446de,897084,2670388400.0,4000.0,1e-06,1,2,222
2025-05-17 09:37:04,daa04cc4859939335f2f36bb90ba3e5c5a21d1321cd6b2a23b0b6527c8ad9a5d,897084,344039.0,27060.0,0.078654,9,2,1714
2025-05-17 09:37:04,cc20bd520d60f10f937c2333d896a9f3a0fb2feb696672081e492d4947b6d335,897084,2355695.0,6384.0,0.00271,1,2,222
2025-05-17 09:37:04,d3dfce9d57c9b33ac4171bc436b7b5b54226cccebf68d895786e97704d134fb4,897084,242838.0,6042.0,0.024881,2,2,373
2025-05-17 09:37:04,974ad0529a86702ba31f783e04b740a3086287b78eb3719c830ede844d981e70,897084,282778387.0,4070.0,1.4e-05,1,2,222
2025-05-17 09:37:04,699fbc9b92e6bd73a261ec414a2f5d5400c2340840cf9fe0916d3db220f2405e,897084,108674251.0,6156.0,5.7e-05,1,2,403
2025-05-17 09:37:04,ffe4d703ed0f262864dfcdd4574eff35bfa33b1f7854533aa9410a5dc3eeb3ff,897084,3701068.0,3219.0,0.00087,1,1,192
2025-05-17 09:37:04,a7ae9a7fa22bbd803ba294fd04dd1453e155c2908fb44872cc8a64166972cbfd,897084,501511.0,6148.0,0.012259,2,2,375
2025-05-17 09:37:04,ec7fd1fd36f1d68dacd0c89d7f92784aec571b22740c7c04caa47bf0cd0388fd,897084,45006560.0,4176.0,9.3e-05,1,2,226
2025-05-17 09:37:04,de001a906809a14fd473ffd71da93d0e2839965b1626e617e79771592fe133fd,897084,74300.0,6090.0,0.081965,2,2,372
2025-05-17 09:37:04,0ed92ab71b2921f0f5ed95ae9237dfd7c8828b94bfbff95e8bde4cc0f1130ffd,897084,963028.0,3277.0,0.003403,1,1,195
2025-05-17 09:37:04,b6f69c1b4f38bbc349a1d3b0ff7feedaf9c4ab273467f6323c03ddec10ff8afc,897084,19329781.0,3219.0,0.000167,1,1,193
2025-05-17 09:37:04,e54d58dff0e7233a0a6406cc6e0d5b21f75ab2693ff9d57cbbf54f35cc82adfb,897084,371027.0,4089.0,0.011021,1,2,223
2025-05-17 09:37:04,bed06d4f20baa6672cd090c8eb6923a6dced0c8d46ce36e64c78a6d42b6ca3fa,897084,560182.0,4118.0,0.007351,1,2,224
2025-05-17 09:37:04,52c45d00ac2f88ad2f3a084e70d4bc2ece9d584c14c427fd8309a3b076b53bfa,897084,86637.0,4176.0,0.048201,1,2,225
2025-05-17 09:37:04,f91b23d483e5092883cb296ca32edad5f0bb582997c051039f4a9269732cd4f8,897084,130723.0,3277.0,0.025068,1,1,195
2025-05-17 09:37:04,75650799e3673cfe450277a1d7e109178e53e44862646c7b3e6bf2f6e5ef93f8,897084,2992212.0,4176.0,0.001396,1,2,226
2025-05-17 09:37:04,e72b271ef2755c35181836307784bfbc6640ba5dbd7d0b72fefea62685404cf7,897084,42502.0,4176.0,0.098254,1,2,225
2025-05-17 09:37:04,be340dc1584cbf9887b1c3e67dbdedd855df66d9bc4a907784be0cf8b24ff5f6,897084,242988.0,3277.0,0.013486,1,1,195
2025-05-17 09:37:04,09f8e3b3a68206f4167bd769d209cb1dec99cc80f6372aa16c3b2055362c5af5,897084,151100.0,4176.0,0.027637,1,2,226
2025-05-17 09:37:04,4f0bee0d4fedca6a171f407a59a39c23937a6ef93ca23722c762e21032b693f2,897084,98460.0,6148.0,0.062442,2,2,374
2025-05-17 09:37:04,4ff3d0fd39f269d1deeb8cf1d0a74b79ef8d25edb3ce33e0b6421287f0c36cf2,897084,10031956.0,4089.0,0.000408,1,2,222
2025-05-17 09:37:04,4679300992f60e462b74da8aa7e1117c049bfd8490d0fc1f6eb7cdca67ca47f2,897084,189079.0,4176.0,0.022086,1,2,225
2025-05-17 09:37:04,565745d0963e56147229b4eb5314e31c8b1142dfd07b4b47b3b67e765f3a96f1,897084,174143.0,4176.0,0.02398,1,2,225
2025-05-17 09:37:04,8be05f3cec0bc7291a51e83ce06323dcc8dae0ba04c9a9d5cd610132194fe7f0,897084,181921.0,3277.0,0.018013,1,1,194
2025-05-17 09:37:04,57fb1a6dfe28859e14866dfd2a2de6211fbd5530c02384d7b8a91cfb014a67ef,897084,576649.0,3277.0,0.005683,1,1,195
2025-05-17 09:37:04,d39ceee7cb4e6c4250beb8a351540dee3340a85f0893917373d29a3588c028ef,897084,28176.0,4089.0,0.145124,1,2,222
2025-05-17 09:37:04,c3de1b35e53867305e8a0a0f8ff387a409edb2876fb2704f88d1bdc0ac4febee,897084,75556.0,3277.0,0.043372,1,1,194
2025-05-17 09:37:04,24e8a05e40c24144c4ff1c89f3a541dab7d1b99ad1dde4683157e86050a6e9ee,897084,150622.0,4176.0,0.027725,1,2,225
2025-05-17 09:37:04,1dfd5c58535a23a3e3c80658548eb9d89ceef639af08781ca94966f0e2ef4bee,897084,113663.0,4176.0,0.03674,1,2,226
2025-05-17 09:37:04,7bc616eb455e25ee2d140c4b62392adaf4c415a6e0cb2b0499b460dd4087f7ed,897084,684382.0,6148.0,0.008983,2,2,374
2025-05-17 09:37:04,5aaaf06874aec954f1d9b2f4eeb80a6867ca2fc5c013c6715e0b87c2a922deed,897084,16178.0,7134.0,0.440969,3,1,489
2025-05-17 09:37:04,9a6e71c161402f45907639c1b4e94b63e030f9fb843db71a93e1580cd34036ed,897084,86104.0,4176.0,0.048499,1,2,226
2025-05-17 09:37:04,3b142842293b218f0f2b47bc7c13f2d09f49222bf3af710b1ba58c74f10d15ed,897084,425949.0,3190.0,0.007489,1,1,192
2025-05-17 09:37:04,c1ac150d5f5c02854f8d7ef5d76547d1fea3d82db8487ccfcdfd99f63a5a84ec,897084,247773.0,4176.0,0.016854,1,2,225
2025-05-17 09:37:04,2112d4f3089aec1e41d9b24bb23394bbb295de8192da246f84ae9348f73768e9,897084,139955.0,4176.0,0.029838,1,2,226
2025-05-17 09:37:04,db08c4ee9af082306d9da2ce37107caac737c509adbbf5c62971ae045ea3f2e8,897084,10207819.0,4118.0,0.000403,1,2,224
2025-05-17 09:37:04,9fb6cb89a265a61e5b4e63d0460bf283fe8581e0b2f8175167a1a37b5aaaa6e8,897084,195830.0,4089.0,0.02088,1,2,223
2025-05-17 09:37:04,bc1ee112251d0689ff9c7ba1304c9bf09d159c715ee955570778f42d810175e8,897084,104349.0,3277.0,0.031404,1,1,194
2025-05-17 09:37:04,39513d270da61df5fdc0093dcfe32f45e2a20e83a10520963c4de707615732e8,897084,322547.0,3277.0,0.01016,1,1,195
2025-05-17 09:37:04,b97220f4430fbba8827895759ea099b1bd01c1a788a31716ccebd3f8c17ddce4,897084,40532.0,3190.0,0.078703,1,1,191
2025-05-17 09:37:04,09f830bbe10def1966937d40494aaa6ae1fee41865a02f0bcd83ce732a16ade4,897084,79380.0,4089.0,0.051512,1,2,222
2025-05-17 09:37:04,f4aa32a27a781a009427e9f5be154e63acbb0277e7d8fd12aa6d225d6ddc38e2,897084,189402.0,3277.0,0.017302,1,1,194
2025-05-17 09:37:04,f884f87d87a6ade29a6bedde0ccbbbb01dc0c51bcaa6eb6d54bb6bb18b2140e1,897084,27600.0,3190.0,0.11558,1,1,191
2025-05-17 09:37:04,a6e52182b78475dd196d0b596f60a99ac512ca6a495edb50ffcfd988f080f1e0,897084,195316.0,4089.0,0.020935,1,2,222
2025-05-17 09:37:04,25e5081c263e9ea9b2272b3e39912f9e7a4f6a4e945b4e9001903448a42256e0,897084,95824.0,4176.0,0.04358,1,2,225
2025-05-17 09:37:04,c6950ff7248c8655002b10008bc55afb03e9127678c62f1ff98896c892b467de,897084,138588.0,4089.0,0.029505,1,2,223
2025-05-17 09:37:04,a58de4ca9e3a61cc2b99684e59de732b535bdfd7105a5f76d793ff855214fddc,897084,268229.0,4089.0,0.015244,1,2,223
2025-05-17 09:37:04,e9374f6c12764cac9bd6194ce4508a3098d8c94ebff05b5019cf89502b60c3dc,897084,24373.0,3219.0,0.132072,1,1,193
2025-05-17 09:37:04,aa5d5b9903b4cf978eccadc707b7ace7e1516a9e6ae2364db87a6e27f50a83dc,897084,186100.0,4176.0,0.02244,1,2,225
2025-05-17 09:37:04,cbe9e03ec8e1484eac374b2144626f189bd6c6f6c440a15210e5aaa957f87cdc,897084,3690.0,4118.0,1.115989,1,2,223
2025-05-17 09:37:04,36bf8d6b1ac6795db0befc23577f2c4ec735a5d15b1d618bdb82fc8d361f50dc,897084,33812.0,4176.0,0.123506,1,2,226
2025-05-17 09:37:04,1f379a2a623a488b910ed36515c0d191c0f9ec0a4f00ceafd8872058de40f8da,897084,120976.0,3190.0,0.026369,1,1,191
2025-05-17 09:37:04,8dd0d13100f9d23d072710d746acf4ca83d45461757d635221eb9bbf52a8ecda,897084,2135108.0,4089.0,0.001915,1,2,222
2025-05-17 09:37:04,e4f4b156746ba68d4bdb515379e59945ece00a39b721efeb2364a913470bf1d8,897084,117951.0,6148.0,0.052123,2,2,374
2025-05-17 09:37:04,829ad5246e5d2995d2ab27f285a327c66eecb96305eb1c43b476bed906b1b2d5,897084,2206336.0,4176.0,0.001893,1,2,225
2025-05-17 09:37:04,c543a236f03fe3c30ac14d4d3a9cc30f62e4acf67d85c0cdf5dcc20f2b1192d4,897084,18739478.0,4118.0,0.00022,1,2,224
2025-05-17 09:37:04,e2cdfb39b02ad00898da53b8fbea59036fba9558519205ecd52fe042c6352ed4,897084,4996723.0,3277.0,0.000656,1,1,195
2025-05-17 09:37:04,07b6230ca745b9c2fbfe30f14dcc5182161fb121f0aac8738111c4a507fd91d3,897084,49521.0,3219.0,0.065003,1,1,192
2025-05-17 09:37:04,88b47bd3d58569cb8cf6d9bcefdba43cdd09dde48a66e2e4c54b901117119dcf,897084,949087.0,6090.0,0.006417,2,2,373
2025-05-17 09:37:04,fb9119e9bd9a768cae0e9a009b6fc55b94d7b463175edf8aa8aaa8ba5dfc9ccf,897084,32184.0,4176.0,0.129754,1,2,226
2025-05-17 09:37:04,5c69782e73fd5f6bec6615d189f5e70498539a81d0a62f4812ee0f1f271992cd,897084,102900.0,3277.0,0.031846,1,1,195
2025-05-17 09:37:04,d11bd118e1126e22a815fd6a8132b09ae146da936a5b1176986ba84f871894cc,897084,59796.0,5191.0,0.086812,2,1,341
2025-05-17 09:37:04,6bacc325c65febdd79b083382128ac9b31b32fed50ee65b0c8f20b4f0f5052cb,897084,42019.0,4176.0,0.099384,1,2,226
2025-05-17 09:37:04,e9b13c74e57ea659b14df2ae26eb829e7b68e59213198bf5ff599d66f56191c8,897084,125270.0,4089.0,0.032641,1,2,222
2025-05-17 09:37:04,d351666c436555eb454c97fc83950c31df560b13959d71f0c4ae60e81b063ec8,897084,26264.0,3190.0,0.121459,1,1,192
2025-05-17 09:37:04,6e651484d3e44bcf21ffd3dcbb16166e09c6c5413b34bfd409ccaf89d3649ec7,897084,19875.0,3219.0,0.161962,1,1,193
2025-05-17 09:37:04,c2ead4db6cd2e89a495376231eddf95d4d347c34ab790fbd2bd3b38cd3ebacc6,897084,10222186.0,3277.0,0.000321,1,1,195
2025-05-17 09:37:04,19658861a29be3c05026fa8ea5aef69c1ed84f4118cd06ecdf61893912f911c6,897084,22072905.0,4089.0,0.000185,1,2,223
2025-05-17 09:37:04,ae8330b7f6a4d155647fdae17174dc24c71f23e6ac9f1a672c5a16ba7c81ddc5,897084,175756.0,3190.0,0.01815,1,1,191
2025-05-17 09:37:04,bd8739b300fd72296f2b594e5a783f7c3e2a9856a745395b2a23a42abccfaac5,897084,741582.0,4176.0,0.005631,1,2,226
2025-05-17 09:37:04,1a9c448012eaf06fe6888134a3eb0140c13652dbc386f22c10e276a8d0dadfc4,897084,13239.0,3219.0,0.243145,1,1,192
2025-05-17 09:37:04,3cde0f98bde5b86b8128314839cf04810756a3c314e7e4c6cf995fd2dde905c3,897084,165195.0,4176.0,0.025279,1,2,226
2025-05-17 09:37:04,e23a0d12539d73e1fa1686a1d42ed229b46799377e79e1f0e90e978f1d0fffc2,897084,17351.0,4089.0,0.235664,1,2,223
2025-05-17 09:37:04,abd91020f1748a0295e9e2183d5e79432789678729379e3e3acab9d350393bc2,897084,73910.0,6090.0,0.082398,2,2,372
2025-05-17 09:37:04,44bd6c66cee34cdea692af692b1e7d56f30ef2a6709f89ea4c12c6b716c71dc1,897084,56933.0,4176.0,0.073349,1,2,226
2025-05-17 09:37:04,d8e2e95554d79bdb23d70a79e0d57afdf2a21fc129eb35c6174f2658d4fb6cc0,897084,316252.0,3219.0,0.010179,1,1,192
2025-05-17 09:37:04,a6bc07abbb07dff86af3dd8f3da04d59426f270eaabea712c9345d5bb991fdbe,897084,203204.0,4176.0,0.020551,1,2,225
2025-05-17 09:37:04,f3db70eb815e8164466e115f6588afebce6adc746f1d8dec570102b985ce2e59,897084,533926.0,636.0,0.001191,1,1,191
2025-05-17 09:37:04,3b587c753b0da24f33fbc8fc610190806775a71bf016b1c6bf0332db49c869e3,897084,505082.0,1995.0,0.00395,4,2,669
2025-05-17 09:37:04,19b44138b31501e884b56a311bff5d1cfdbd80557c30d1c657c7ade7637e883d,897084,49047.0,2290.0,0.04669,3,6,539
2025-05-17 09:37:04,78714e45dafadab708ae668eee96f001fb9f0228020c2659c3709d1d80c23cdb,897084,119839.0,3500.0,0.029206,5,8,865
2025-05-17 09:37:04,4de9dcdaa7cdb70ced948db4cfc04aaf66d7aaf9ba6d7b0580347fff9a345a0e,897084,3369133.0,956.0,0.000284,1,2,247
2025-05-17 09:37:04,84247b44e6514cfe60d34f88dc69f61994290183129af573761fce621cd1d7e6,897084,127591.0,2192.0,0.01718,3,5,530
2025-05-17 09:37:04,a0e7f01a7858a8b6734fc26dcb7782f6724aae8baa2cafe96a19c769098d7230,897084,11548012.0,2874.0,0.000249,3,2,521
2025-05-17 09:37:04,edb25a791012f8a397fb698150e33e889bea205d721338aae9b95a5206afa8d1,897084,366918.0,843.0,0.002298,1,2,223
2025-05-17 09:37:04,c9c1b0df98b0819c9030e81c1d4572a9275169c8d43fcddaef503173f7790629,897084,37722.0,843.0,0.022348,1,2,223
2025-05-17 09:37:04,2a2f31522edaa96a56385be9c2976dfdba0e9f1b001549525307250bc6ff59a1,897084,39130.0,435.0,0.011117,1,2,222
2025-05-17 09:37:04,e3a6edb9cdff8bf120d5eaa8a5478d866700f52f62e36adfca2a5a0ceb997f21,897084,378518.0,843.0,0.002227,1,2,223
2025-05-17 09:37:04,a5126ffc66e22f14949b60080acbfbe0ce7055f744c5dac31c2bba3ae62530b5,897084,396924.0,639.0,0.00161,2,2,372
2025-05-17 09:37:04,01a9c41dcaeb4fd6af673feb86fa8dac7e72c73be41ab98647f9bac6dbb18590,897084,245620.0,435.0,0.001771,1,2,222
2025-05-17 09:37:04,643c769dfae047581502c787e662738c9b35ae364703da33b1d2ce3897c7de09,897084,15766196.0,1102.0,7e-05,1,2,234
2025-05-17 09:37:04,6f67bdcb51150d143023ecdeb8252e19cc3d8ceb6de00df3778af5ad5e398bb2,897084,15813721.0,846.0,5.3e-05,1,2,223
2025-05-17 09:37:04,bb915440100939d174321514dc98cc083825c89a598b51e8779e15358e9e94d2,897084,15853252.0,846.0,5.3e-05,1,2,222
2025-05-17 09:37:04,b0b76e77353855e626dcd136d0d284be0fe661fbe09d7614ad1a3196abd2fb6c,897084,15923598.0,1184.0,7.4e-05,1,2,223
2025-05-17 09:37:04,2bde0dffd154ebbe980d0e8cc51f1816d887c861a066f17e567eac00df761b6c,897084,15977985.0,918.0,5.7e-05,1,2,234
2025-05-17 09:37:04,d496915e665e595ecd7541d84eb8822a718f9e2acdda8b71c7d7d6c012dc0be7,897084,15988574.0,918.0,5.7e-05,1,2,234
2025-05-17 09:37:04,c939856485a5e1c32ef46ca0c015b0f77df3b70dda992afc679ecb0bc05c98b4,897084,15996395.0,846.0,5.3e-05,1,2,223
2025-05-17 09:37:04,4ce21269f3d6aedd7044c26f098106770109f60ea8eb83fca5cec995e9c32164,897084,16006183.0,677.0,4.2e-05,1,2,223
2025-05-17 09:37:04,2d07659f012965ba7a57594f376f509c2eecd3cf33226da428a3d7b572d4532c,897084,16063810.0,677.0,4.2e-05,1,2,222
2025-05-17 09:37:04,2800e1f654d634e2efa94f9ce00ee823c3b17eed8f1f992386fd0f65f10517f7,897084,16074740.0,677.0,4.2e-05,1,2,223
2025-05-17 09:37:04,736672cb7094dc22c33179dbed04fb5d1458da49812a8260640a9edcc9295ae5,897084,16267646.0,734.0,4.5e-05,1,2,235
2025-05-17 09:37:04,10f011d3ec171e515ba236d54ce2493eed3a1c0c6418aa787705ae83b19f6eb5,897084,16278398.0,677.0,4.2e-05,1,2,222
2025-05-17 09:37:04,cda06e4ddc4974bd5b339c1077560516c8e3970cf852178dda546598c2d56825,897084,483177.0,1041.0,0.002154,2,1,342
2025-05-17 09:37:04,57b86f56f23f4eecd012d872007c726a80820a3e63b13f3f0d6923eb07f4984c,897084,121255.0,1956.0,0.016131,2,1,336
2025-05-17 09:37:04,01830e459a84355d698bbc7ea83362f7d321c85ce5817404cadae92fb849c0fe,897084,1403329.0,641.0,0.000457,1,1,191
2025-05-17 09:37:04,bf1b8ce72ddb8080e52ef257c5e0c3765e0ed90b730b8be6a4b0c0f33d976ffd,897084,46601.0,641.0,0.013755,1,1,191
2025-05-17 09:37:04,6b5c11cbf30f0a807dc26c75ea496780bc443ac87af33a301b523932076cb1db,897084,102469.0,641.0,0.006256,1,1,192
2025-05-17 09:37:04,511902f7d1489a7c15a3ed7a1c81c993334acc2a0a629de298190bf3b829a6c4,897084,90680.0,641.0,0.007069,1,1,191
2025-05-17 09:37:04,b5f8587b7d613467f7d52985e54555401ee42dec88ffe35c1a06f9ff31b1f5bc,897084,25140.0,641.0,0.025497,1,1,192
2025-05-17 09:37:04,6ec334ebfe879a0a2d9caba4be5ac04f4541a62be82b4cbd407a2fff36d1a9bc,897084,2251575.0,641.0,0.000285,1,1,191
2025-05-17 09:37:04,9937d6d7bf394004a0c424ff9211c57adc4661b98384790c499c50223c2534a6,897084,3399359.0,641.0,0.000189,1,1,192
2025-05-17 09:37:04,b275f78089b171088d6878a87abc2bdf4a4cd9dcf3d56bc9025e0e32e4405b87,897084,34171619.0,641.0,1.9e-05,1,1,192
2025-05-17 09:37:04,349a4996dcba220949c775869c7213262bd5e910577d083411597f52b0ee0f83,897084,51684.0,641.0,0.012402,1,1,191
2025-05-17 09:37:04,e945758a42dab44e60c467e79d2906e2e56075d4ffbc7fc62d4159c103ddb676,897084,89752.0,641.0,0.007142,1,1,191
2025-05-17 09:37:04,8faeff9a259892e9fcfa593a3ec79445dc3af61681a4e49b2ac518610e88c474,897084,241876.0,641.0,0.00265,1,1,191
2025-05-17 09:37:04,5c22210b86f91c9d6e34bff8e72df790b00025e538dc0fadf691d6a33242d673,897084,1927779.0,641.0,0.000333,1,1,191
2025-05-17 09:37:04,849e0144dc99c1f5e69153df08141b4b08dce00068fd9bf0de6fe506fa2fc16b,897084,199359.0,641.0,0.003215,1,1,192
2025-05-17 09:37:04,77ceba2b97c504f715d7adf19d33dbea130aaff44c2a2ecf782d8e969172a050,897084,914149.0,641.0,0.000701,1,1,192
2025-05-17 09:37:04,d1977678f5ff0f1332677454a626a4a44e6c3f697bfeffcb1e38c384984dda3e,897084,80476.0,641.0,0.007965,1,1,191
2025-05-17 09:37:04,cace945b575b4c6c97aef9e4de7f87df063df5eca0203a9cb128f21d89b4bb28,897084,49946.0,641.0,0.012834,1,1,191
2025-05-17 09:37:04,066d751ebe12066192e50efd3e68e7a14125f7762ff6e70d872fa6766eff64bd,897084,50587.0,641.0,0.012671,1,1,191
2025-05-17 09:37:04,ea5130f4eb503c99963509495a4d37159cb6a61ccb8a876a980d532287664d16,897084,30149.0,641.0,0.021261,1,1,192
2025-05-17 09:37:04,d93594cf2f10b02a98cc23d0d996d5f75ba5745081c0f2b36881808e91178712,897084,96030.0,641.0,0.006675,1,1,192
2025-05-17 09:37:04,ca53382348f5f36e6139cee0bb44813650a9e06ab69eb36ac8c7246ef0fb1012,897084,113359.0,641.0,0.005655,1,1,191
2025-05-17 09:37:04,e34f459819328708625bb414f4c572f7dad8cbe8981326103c65848abe8a5f07,897084,5093.0,641.0,0.125859,1,1,191
2025-05-17 09:37:04,a7d9047a89221736f6f5e8494dcf14d1e8e024fcb1a1497f99e837a1641d9704,897084,68915.0,641.0,0.009301,1,1,192
2025-05-17 09:37:04,0a481a4a22cdc43c8b2e79b8751d645067938504bcc7f6c3b690ebb5d9430e63,897084,36580.0,659.0,0.018015,1,1,194
2025-05-17 09:37:04,f6bfb985dccdbfdd95d4ac3bd40985641a504bbd1ba14665f427469f86dbb363,897084,342950.0,1050.0,0.003062,2,1,342
2025-05-17 09:37:04,416f5c5b8b97cad2cb34e59328a9dc01ac1e1b2f7edcee1e267dde326e02190e,897084,38447.0,874.0,0.022733,1,1,151
2025-05-17 09:37:04,942f041e0240a3a1149adce39caed3b5a5d2f7717fa5be126ff938bdda0779ac,897084,59644.0,1657.0,0.027782,2,2,302
2025-05-17 09:37:04,be9af91e33bdf65c5c42974f7e04c74899c37a9768fd98fcece5495193ccfa65,897084,56264.0,224.0,0.003981,1,1,406
2025-05-17 09:37:04,65f20547fb754803107b09cc12d747f1ca65d55d16e70aa0e4e73f8d00343b3f,897084,705296.0,2410.0,0.003417,3,6,563
2025-05-17 09:37:04,1379018df9c304690f11bc11cdce9a72dc6f62c1836b53560fffca4376e6c0d8,897084,557070302.0,1282.0,2e-06,1,3,438
2025-05-17 09:37:04,da3f20308885fb9be2514eb8b900289b23bc034f4920dbed71b3a723b430e680,897084,649602.0,1290.0,0.001986,1,3,411
2025-05-17 09:37:04,cdf2cc1c29c4ec6c9fb67c9e89414a7d85dd249967871de0f4316942bc0fcab7,897084,12137.0,1368.0,0.112713,2,1,562
2025-05-17 09:37:04,aa23c9b838002b73c9dcd29a25f72abf20de52eca4a1e97f7559a74a686de4c9,897084,998825.0,1175.0,0.001176,1,1,200
2025-05-17 09:37:04,e6412437a85e58e9936ea223be1c1fb4f9c4d0321036008d105b2daa961eb621,897084,798825.0,1175.0,0.001471,1,1,200
2025-05-17 09:37:04,c5a52f3c080dcb23834077e1db40f14d76857fdf2513b457088cb2ed89056502,897084,2301995.0,1230.0,0.000534,2,2,371
2025-05-17 09:37:04,8b0d5e4358ef5c67ebffe34aa5058009a0cb3d0d00d2914d2a378f3d5e52a198,897084,153401.0,648.0,0.004224,1,1,192
2025-05-17 09:37:04,7c9965c7ce279d2a1ab7e0c768b7e6aeabe3188882f3a9b160b764bc89c87889,897084,127428.0,666.0,0.005226,1,1,195
2025-05-17 09:37:04,430a61e0fe099a817830ea51e4dbd83d91412cab5ac733d3b62e0f90f646bb42,897084,22926.0,1032.0,0.045014,1,3,256
2025-05-17 09:37:04,928798f83e6919be7a634c3813ab7c3d935f024a08b7cae4c73e68fef4b0eaef,897084,4831.0,1127.0,0.233285,1,1,191
2025-05-17 09:37:04,74770f37df4465714f3f6222eda30fb105f9e7ef8ab10e1e2199266db57bb6b8,897084,633798.0,7500.0,0.011833,10,15,1731
2025-05-17 09:37:04,379587f722b9812889675acec2c79ecad518677e8af0c80f14ff716a30e9366e,897084,719869.0,3710.0,0.005154,4,6,699
2025-05-17 09:37:04,39234b089eb9732f8b004cac82f555f0da071effe72f8bf25c3dbe521099f1b7,897084,879693.0,3850.0,0.004377,6,9,1043
2025-05-17 09:37:04,8e9472112035a3b478ab1601b5625b0e6c0959af101551682197c34fd7d9611b,897084,960709.0,2650.0,0.002758,4,6,699
2025-05-17 09:37:04,881bb12a448875be3f386d3b785e8186bca2f9f7ee216637c0cf9b50377020e3,897084,111030831.0,12000.0,0.000108,6,7,2057
2025-05-17 09:37:04,abfcc2f3e89c120d70988c7dadb32b6518db7157722b7792148050ac52075089,897084,1259964.0,2214.0,0.001757,3,1,487
2025-05-17 09:37:04,bc718f350809e729580a91d59e6349130b73dd119587af27498dd20a5ebc55e5,897084,1194937.0,1662.0,0.001391,3,2,518
2025-05-17 09:37:04,75b14dcad364fae5ef614cadfd482fc9322958cdf8758ac3f42fedf17bbe6345,897084,138582.0,432.0,0.003117,1,2,222
2025-05-17 09:37:04,dbb7c37e88afdca2c4a7eb3404e7692109d2963ffebe34b372c2988565576511,897084,1096565.0,840.0,0.000766,2,2,371
2025-05-17 09:37:04,be7d9b95783736e6916a1cc40ab2bc9005cbd6e400ef3fed0846dd6523b2e8f8,897084,386533.0,834.0,0.002158,1,2,223
2025-05-17 09:37:04,67c83524221af65a0cab0467a184eea8245d37237c66cfc92f00deba8ae4b4ed,897084,1459797.0,834.0,0.000571,1,2,223
2025-05-17 09:37:04,fc55ad030f0a7af64ede159788873d3cde2d4e4a487b8925789d010e63f051dc,897084,2413308.0,834.0,0.000346,1,2,222
2025-05-17 09:37:04,b0b58f4c21c89237368fa21d333fcb98d03c80cbfaf49cc13586a0d905acb8a0,897084,298936.0,834.0,0.00279,1,2,223
2025-05-17 09:37:04,691a30f9fe1ac8fe06a93aadf30096863613e851fd2ec3ab41c0d0d463ed789a,897084,303474.0,834.0,0.002748,1,2,223
2025-05-17 09:37:04,bf90bfb01bfe60c7407fc5552ab3d085084febb496b20657bf9b5fa5cb8fed66,897084,145373.0,834.0,0.005737,1,2,223
2025-05-17 09:37:04,6f75e23c3294ad92df91c6c479f572bd31710e65f8dab932204aebd1fe8de766,897084,9351626.0,834.0,8.9e-05,1,2,222
2025-05-17 09:37:04,0165413f09f37605e3244b622301c75c82c3a2e42a2b38ec7a7a4302732d5e2c,897084,845599.0,834.0,0.000986,1,2,222
2025-05-17 09:37:04,6832c46032a279b7e27a5ef3342c87aecf774f256f29d6190deb0c64b6ce2b18,897084,668798.0,834.0,0.001247,1,2,222
2025-05-17 09:37:04,58b45bea8981426561ba3e2483bd15e3dc7657234839090a4cfe3c43b79ad9dc,897084,51249.0,852.0,0.016625,1,2,226
2025-05-17 09:37:04,4174576afaadf7e2f07de8c7d3e97fc5ad4c878db0e8f187ddedb151da190336,897084,318969.0,852.0,0.002671,1,2,226
2025-05-17 09:37:04,1e5d92375398513653dd9f55e2c9b0621e5b33bd63e0f4e5ad4d1700d44df14e,897084,16086.0,2256.0,0.140246,5,1,786
2025-05-17 09:37:04,b6c5a5ff6809cabcd0b71a3b4d518fb627810e5c4faf9cf5b63ebff8bd8a1a0b,897084,38069.0,906.0,0.023799,1,2,234
2025-05-17 09:37:04,a10befce0d11e6355055815b07220216b8a0e02468671fedf55f60ae095803db,897084,696157.0,2282.0,0.003278,2,5,501
2025-05-17 09:37:04,c245204737f120a5a130b12f9313c10ae5470dd8fa034ca79b8b63464456d3f7,897084,711610.0,1090.0,0.001532,2,2,370
2025-05-17 09:37:04,9be1db96630eebd58c0170983b15620a1ca96c1a96c29c7a347215ae3ae3ad2e,897084,80250.0,700.0,0.008723,1,2,222
2025-05-17 09:37:04,190c95205546528d0b0b76dbf0e92f19730b5e15f9715dfa1516c8105f5a1cc1,897084,28950.0,1050.0,0.036269,2,1,339
2025-05-17 09:37:04,9287006d97e988980b3f4eeaad1d50fe128b4fbef24e927b3b5ff9af4a84bbcc,897084,48726.0,1656.0,0.033986,3,2,522
2025-05-17 09:37:04,6b64f0c1a90cee811685411d858b320a4e9090f4011c9617f3dcd4fcff524d6e,897084,102881.0,2879.0,0.027984,3,1,485
2025-05-17 09:37:04,1f313a44f259a7b72e2912d76a48454822b8bdbed448bf284a671927c262f4e3,897084,49363.0,1024.0,0.020744,1,3,254
2025-05-17 09:37:04,344a372de5603c55e5d0f838f9b35f2ea22665f0b25994588b68edd54aa3f9b3,897084,25252.0,840.0,0.033265,1,2,222
2025-05-17 09:37:04,94fc015d7025245ae2575e76c3c7aa0cc3ad7d5f024a0250cce4cc7fdaed5ba5,897084,24564.0,840.0,0.034196,1,2,222
2025-05-17 09:37:04,ac848a560b2b7318fab28f6a8d1667df4999c1ea8b45a3b3f2b80246d8acfb59,897084,646810.0,840.0,0.001299,1,2,222
2025-05-17 09:37:04,eee39cb2257d804c30580d07a71557fa93e745528dff31ecb13d5331041af604,897084,25120.0,840.0,0.033439,1,2,223
2025-05-17 09:37:04,b3c235b2097fa2d32f367b6e86be1bb3cb3080dccf5f30779f4f90bd967f522a,897084,134135.0,1132.0,0.008439,1,1,190
2025-05-17 09:37:04,b97e515b11672be738eeb28505c04f7edc35eeadf02d2b848ee1298d74a23400,897084,35528220.0,727.0,2e-05,1,1,203
2025-05-17 17:52:33,8579f81157423093a9c0417b3ffc780c3b4cdea71ad57b339a2827f4cbd7e97c,897134,294391.0,564.0,0.001916,1,2,222
2025-05-17 17:52:33,8a63e80a19c35c23e7f289e6c000de72d1fe5f1e2048e43c125f9e3cdf57e97c,897134,49998928.0,1072.0,2.1e-05,1,6,349
2025-05-17 17:52:33,f313289e0edb5a0367e5ba2e4ec209fe8660fbd874a01d90b0558e929e7c9c7c,897134,172541.0,564.0,0.003269,1,2,223
2025-05-17 17:52:33,ca121046473f45ab28c63a2b392a6ef67c99e2e087a9f5345e371e93e56e687c,897134,2598420.0,564.0,0.000217,1,2,223
2025-05-17 17:52:33,9b291156dc6527d4fa07bbac3b399fa4eeffa7f1c5514c42f7c9be1c1e26ce7b,897134,14129.0,452.0,0.031991,1,1,194
2025-05-17 17:52:33,ebf854c6467bba77f106ade33a747430827c254dbbc1facf4707d57790cb1f7b,897134,25091.0,836.0,0.033319,2,2,371
2025-05-17 17:52:33,6aff9b85c3fc0a7b7814d0cf78239116e9db849139bf414ce1bd0c16000b327a,897134,42502.0,580.0,0.013646,1,1,322
2025-05-17 17:52:33,8d21e352190b3084d19935e8eb975372fc5f426d57d218434bd9a083e2be2c7a,897134,109273.0,564.0,0.005161,1,2,222
2025-05-17 17:52:33,5b83cf6078ed4d4aebc13ed3bb7f3ef48ca1eb277b24d8cd5a876fb0eb9a7f78,897134,739398657.0,5728.0,8e-06,10,24,2236
2025-05-17 17:52:33,83f21eddf49858bc5fd008700818429ee5116ac4bf5534aa8dc5be1b30bf0e78,897134,687610.0,568.0,0.000826,1,2,223
2025-05-17 17:52:33,e10de51176db8f225af91449ace3ca5abef3be56cfb218ab592eadf03ad32c77,897134,2223.0,1196.0,0.538012,2,4,399
2025-05-17 17:52:33,2f7142663b2429ae78237870f4074e0737dd66cce4ceffbefa9b423403c39c76,897134,79623006.0,612.0,8e-06,1,2,234
2025-05-17 17:52:33,b07b45e0be8f466320af4d35923a777c9dea1d3f397d32ea7bb2dac168c4bc75,897134,146169382.0,564.0,4e-06,1,2,222
2025-05-17 17:52:33,c962c186dac89bb12e41003ba6a9242885f843d1cebec93540e6ed6fd9a08c74,897134,839232.0,5980.0,0.007126,14,16,2199
2025-05-17 17:52:33,c9fce149aa4e9d4f3667b09f32a28b5b876af9a3551b91b02e22787d40c1cc73,897134,45014599.0,564.0,1.3e-05,1,2,222
2025-05-17 17:52:33,1fb16952857538543e7157d1939c6a67c8a60d111421607c4163a9ea4133be72,897134,78690280.0,564.0,7e-06,1,2,223
2025-05-17 17:52:33,e981315e27ef0211a1c9e8e1c2279af0e3d022786b5738a48e434604ae968772,897134,48446.0,568.0,0.011724,1,1,319
2025-05-17 17:52:33,0650ba1d6b5a3d322baf772ad6ae7321dfbbc2e119eef608fc1e9673b8755770,897134,41492548.0,612.0,1.5e-05,1,2,234
2025-05-17 17:52:33,8cd8c254377ad2140d3891988a18c160deac66fc51ddf24b9f420fe5752a1970,897134,1363579.0,564.0,0.000414,1,2,223
2025-05-17 17:52:33,1dee897455912d7610e085f6ee2f27b55324ddbb72a10d0a50fe4e5601fbe46f,897134,244137.0,440.0,0.001802,1,1,191
2025-05-17 17:52:33,3b1ddf3ee878b09c360bc14cf19f09e51008651708e58d3b1ae8bc8e0017ab6f,897134,333477.0,3000.0,0.008996,10,2,1554
2025-05-17 17:52:33,bad26411eb7e65a1355b9e737e6a992313dc6ec9f653698469fc3af0823fa46f,897134,87821.0,688.0,0.007834,1,3,253
2025-05-17 17:52:33,11e0b2472ba0cc2f0bc6fbdd7fa58cecb092cc2ca7a30ae03c67983d5ec19d6d,897134,1581496.0,564.0,0.000357,1,2,222
2025-05-17 17:52:33,0113089afe98e882c1d8c0091e1698cfc05f5ae52553b576efcb3d6737d0dc6c,897134,7712783.0,612.0,7.9e-05,1,2,234
2025-05-17 17:52:33,4ff4b68b378d1e774f5de0314f40e7e5fd4c47067d7ef30cee3aa3a4d3836d6c,897134,31911.0,444.0,0.013914,1,1,192
2025-05-17 17:52:33,85d2d81ef4b13a14e40efa19308fda01dce424ea8838ad2cd2d421b47904e269,897134,85708.0,564.0,0.00658,1,2,222
2025-05-17 17:52:33,7a817ce7a0c0d6842015ccb369d8baf03f20e3aae11fd6d90f331df1e5f5ac69,897134,5144071.0,568.0,0.00011,1,2,224
2025-05-17 17:52:33,1eb67a984c0524ed54de3ab7783134bbed30f40c84007241088c8daed8ee1d69,897134,9405.0,564.0,0.059968,1,2,223
2025-05-17 17:52:33,dc174cc1d0511104f3492054be561439657d3a9e9611d51a445b7868757dfd68,897134,184784.0,564.0,0.003052,1,2,223
2025-05-17 17:52:33,83cc28c1b4fa855dee03cbbd9c9689101683c4b6e8eaff2a2d9da4d2caba6f66,897134,388998232.0,768.0,2e-06,1,1,192
2025-05-17 17:52:33,0a8df145526dc5547d6b7d5b48b67cac723429244f4ba2061e1303a3f5ff9865,897134,26870.0,568.0,0.021139,1,1,319
2025-05-17 17:52:33,4c0438460b15434d7315f9e72ff549961c977ae579bce30e29abc60e5d25f164,897134,543806.0,984.0,0.001809,3,1,489
2025-05-17 17:52:33,f8bdfa8454f5d5cde95fbfc2fa23164c98b11771a80a6344c15907d71e6b0864,897134,508648.0,568.0,0.001117,1,2,224
2025-05-17 17:52:33,cd631fa6227bea3a8e429ddbc0944a0e27f20b4708d4ecac80dcb71c9f6c4563,897134,50164.0,564.0,0.011243,1,2,223
2025-05-17 17:52:33,4dde8f46faa074eb9210ba3db02ca5b31a34a75c6433e02b29bdce3008662f63,897134,236184.0,664.0,0.002811,1,2,248
2025-05-17 17:52:33,45f7aa978b8b165cb865cae7f2154d9906e5de767a54a8a63cbc3db0875a0a63,897134,6773.0,452.0,0.066736,1,1,194
2025-05-17 17:52:33,080fb934545e72e84547365c06e6a7a69c2e7ea6e1959bcb40ad98888ecc7261,897134,27388.0,612.0,0.022346,1,2,234
2025-05-17 17:52:33,23587e24f7a6ca1bd6886bde876b7c2fa6edbd90ad7b4fd64061ea51f942dc5f,897134,107488.0,572.0,0.005322,1,2,224
2025-05-17 17:52:33,e1908315c96f3397f00ed9cb5cc65fc75128514e5f1c2e6317317958b53ac75e,897134,330821.0,836.0,0.002527,2,2,372
2025-05-17 17:52:33,ab6c30faf9fca8abff6a65bebae0c7a9dba3415044c3e5de72fb1735b8d8d05d,897134,24287750.0,1928.0,7.9e-05,6,2,968
2025-05-17 17:52:33,0bee3d79e5791054ad3fb0b296e7bc24eb5f52dcc3eccc2ca3fe7e6bc939a45d,897134,243236.0,612.0,0.002516,1,2,234
2025-05-17 17:52:33,e467f2a8948e43da70ef4fde0337837eeeab1d88336630f2698e1e222addf35b,897134,465812.0,712.0,0.001529,2,1,340
2025-05-17 17:52:33,055f204200a3b444dce4efa00e228d8825f39549653220eaaf894dbf6c45185b,897134,64869110.0,612.0,9e-06,1,2,234
2025-05-17 17:52:33,e9381679ad57766aade4477d611242bfa5cdd411eefc68d3ec1bbfb88192005b,897134,6153549.0,564.0,9.2e-05,1,2,222
2025-05-17 17:52:33,7786e89dab5bc37cd399693e7eda7bb6b516143fe29be627749adb23c40fd05a,897134,47663.0,576.0,0.012085,1,2,225
2025-05-17 17:52:33,7595aa3613ccbfb7889b3c2c20aa739d004fd59d2f29464c02b3f39dc9ff145a,897134,7770475.0,568.0,7.3e-05,1,2,224
2025-05-17 17:52:33,35b520e5884131988ecc14dff328205bb6cef2d2a9f52d37296dbb16658b4259,897134,789440.0,564.0,0.000714,1,2,223
2025-05-17 17:52:33,b53ee20a72861fb3a0cf2787f7d13bdbcae824cb6a21069fe905966da2c82d59,897134,12687278.0,568.0,4.5e-05,1,2,224
2025-05-17 17:52:33,339a718fd85ddcd7103e99a32dbe72c2d176f351c4336fad49830fbc91c76158,897134,54935295.0,564.0,1e-05,1,2,222
2025-05-17 17:52:33,9c109af77c022cf634bc81cd3ffcff60bf1059e3c1abd63a5a16d0e0739d1457,897134,48838259.0,988.0,2e-05,3,1,490
2025-05-17 17:52:33,ebb8aefb2086036ef293316216465d8edce9195a3743ab03447f54b3a906d156,897134,443401.0,568.0,0.001281,1,2,223
2025-05-17 17:52:33,037d493938eaff7f6a340f65e017afa33fb93077a933c1086a7ac3f6d41964df,897134,463369.0,568.0,0.001226,1,2,224
2025-05-17 17:52:33,3d74fe384f57ca7b3730d9288f2315811f712f6872dcb754b2b956a4cfeaae56,897134,353530.0,444.0,0.001256,1,1,162
2025-05-17 17:52:33,cf4058b1d1fcdeeded016d2f734b3ed262eb4dd5dd6c7e3a4e7aeaeb57b32256,897134,483109.0,832.0,0.001722,2,2,370
2025-05-17 17:52:33,e3772f3a6c87e850a37b2d7a029a52bfbb8b363013b990246ad5b21704546d55,897134,18201842.0,564.0,3.1e-05,1,2,222
2025-05-17 17:52:33,843f9cfab6c39ab2cfd044075db6ca4ee0edbb55463680cb7bac82f98ff10c55,897134,338785.0,564.0,0.001665,1,2,222
2025-05-17 17:52:33,15717aff79458b3bd14c58cb4af976bb0bebaf27f5cc8569de4e11ccb6c55a54,897134,966975.0,892.0,0.000922,1,2,223
2025-05-17 17:52:33,d35b35d1bb531dc7012288465e907a7af93e2dfba0b369ebf1dcbfbf452a0853,897134,15442210.0,904.0,5.9e-05,1,2,226
2025-05-17 17:52:33,0625e499e3fe1fbe2f0bbf2596e339f5c7225fa385f6bc44dc4a825289ddd552,897134,108432.0,568.0,0.005238,1,2,193
2025-05-17 17:52:33,22aac67879d17d0f590a252b872ff3254fca409ace1c544b9e3e50cb851d8a50,897134,1181360.0,1024.0,0.000867,2,2,418
2025-05-17 17:52:33,80fcf9deac66c8afb8d2b4c4c9be734ab22c83ae096a2b9ebc0971ba53d80950,897134,21789.0,568.0,0.026068,1,2,223
2025-05-17 17:52:33,1a8f885c756603b6f4c5ce47d8d30d3645aa8b6e0b09e0a4fe937e6b5b10874f,897134,48049.0,408.0,0.008491,1,1,153
2025-05-17 17:52:33,47d38cba432054081697d4eba6508ce5b28665b675f044f00cfaa3205dcd264f,897134,999207.0,488.0,0.000488,1,1,203
2025-05-17 17:52:33,39f12d2fe813319c78ad44ffb97beefc9253e1543a067a31e7d7d8f96fe9b64e,897134,106764.0,848.0,0.007943,2,2,374
2025-05-17 17:52:33,21b1ee35036c9fcd5aa5c283ee0d2af5fc0ac991003a23dea488c15ead30614e,897134,987314.0,768.0,0.000778,1,1,192
2025-05-17 17:52:33,4a803fa9ebdb4b2705b0df4dbd4481b73151ec6d1f17fb59b845c2ea424be04d,897134,56026.0,892.0,0.015921,1,2,223
2025-05-17 17:52:33,0417411ef1666b3452d3e750f32f31a5472b607da789ef79cf497934f3a6df4d,897134,673039.0,568.0,0.000844,1,2,193
2025-05-17 17:52:33,bfa3a46aadb093c25ad041cf13f90bf9104ceb68904ef6e95b2db5900c31614d,897134,194819.0,444.0,0.002279,1,1,192
2025-05-17 17:52:33,dabbf93ea40e1548edd027976b0140fc81dfc63f063dcbb66d7e07e355ec154d,897134,824936.0,576.0,0.000698,1,2,226
2025-05-17 17:52:33,bda235ade5037693eb36d30c38213a441f408ba2734ad3d8a8da56cd164a564c,897134,2876259.0,440.0,0.000153,1,1,192
2025-05-17 17:52:33,88d529053997e335dbe1ab3fb5e1b57a22f0fb4e4ca188ba9637e6f538fb564b,897134,61849.0,848.0,0.013711,2,2,374
2025-05-17 17:52:33,89479b9552e68d2ccfeff843b5e4198226914b9eb9923c13a1f7885ec67ecd4a,897134,443096.0,972.0,0.002194,2,3,406
2025-05-17 17:52:33,2196f4557c3b8c932fdbbe3a2d8b238f69873a33ddf69689cfe79c2f667c5f49,897134,141486.0,564.0,0.003986,1,2,222
2025-05-17 17:52:33,d137ef16ddd6a417aec7344217b4209764f8a7ac7a78537b0fc44391374d9c48,897134,13728.0,452.0,0.032925,1,1,194
2025-05-17 17:52:33,3d04b17b5e9b77701a1a367dbd43e665269382cc859ff385c4912b144d7c3348,897134,107491.0,564.0,0.005247,1,2,222
2025-05-17 17:52:33,6c01f43ceabe94722b6f07b935f2a98cdae124e45a09421e7cc1061faf699a46,897134,326655.0,768.0,0.002351,1,1,192
2025-05-17 17:52:33,1c9bc881ceb565203a64529eef7ad70a128005e348010ded48096d68880d4f46,897134,558046.0,564.0,0.001011,1,2,222
2025-05-17 17:52:33,bae09a8d9f8ff0d9059aaee6e0cd0dadeee5798feadaa3feeeeaf98d930fee43,897134,29201.0,452.0,0.015479,1,1,194
2025-05-17 17:52:33,74f13f054e5be284e9dc326636a84bc009f69f8c624ee72edf37f74376926d43,897134,12162145.0,564.0,4.6e-05,1,2,222
2025-05-17 17:52:33,6be144d64f41a8fb8d819fd48928bfc124e6dcc950bc82ffba30ab3db09e5643,897134,1139756.0,624.0,0.000547,1,2,238
2025-05-17 17:52:33,0990ff4dd44cdccc1a5db5762d697a45a1935d223e76dcb459b3cf8f5e3f3b42,897134,61434925.0,568.0,9e-06,1,2,223
2025-05-17 17:52:33,b504751ac4b25506e4685fe3d8951a60d646ef14f50bc57e79049a75e953e5c4,897134,62188772.0,564.0,9e-06,1,2,222
2025-05-17 17:52:33,4a70f8cf793034063904735cc058880908391e8a6f2ccd574c53dd1cd53aea41,897134,139569977.0,616.0,4e-06,1,2,205
2025-05-17 17:52:33,8bfb45bb7591ef57bb7d2dca74f3d7c0eeb4b291868c9b810678c33155499241,897134,46122.0,616.0,0.013356,1,2,205
2025-05-17 17:52:33,8cc64f46ff5829c3ad7000dd0521d7e6f58f1a9ad1d27a845a7418f498d87641,897134,431302.0,564.0,0.001308,1,2,223
2025-05-17 17:52:33,c61058111f9175b873b8ea4f515948b899640672cdacef9958c423d1d67ddb40,897134,36042.0,576.0,0.015981,1,2,225
2025-05-17 17:52:33,163335c0f8c4709b08ab5b1d2eb661548bd96efb179a01d8a5876bd3a48db940,897134,928408.0,740.0,0.000797,1,3,236
2025-05-17 17:52:33,dbdcea006b386652953b6d49eb6df5a1b3515bc26df582cfaffcced019b18440,897134,943984.0,564.0,0.000597,1,2,223
2025-05-17 17:52:33,5fa725419e21b376ff3d0ab8723aaa751cc721dc95e4937db273d1844aec1740,897134,2574.0,972.0,0.377622,2,3,343
2025-05-17 17:52:33,cb086e91ba7683f9a22354a6ecfcaac2e6e55c57fe1d05171cb77337f50ffe3e,897134,585061.0,568.0,0.000971,1,2,223
2025-05-17 17:52:33,6b8844ec6be8ad5545e414935246605df89a9a8beba5e441e2111ddd8edea73e,897134,1126.0,1979.0,1.757549,2,2,300
2025-05-17 17:52:33,07603c7380d1ba8947ece9677297a4c023f416b731131e0b9ce508bcfdcaa38e,897134,20992.0,241.0,0.011481,2,2,302
2025-05-17 17:52:33,9f78a5cee027f9bc8499fee3169a8d0c8fffcac6db6e8daf2cd963a3d35e9ef8,897134,196484.0,264.0,0.001344,1,3,301
2025-05-17 17:52:33,e136b5d798702449e9f3f4c8127783c77f0274b4b1b76355de0c664519f6b83d,897134,135564996.0,612.0,5e-06,1,2,235
2025-05-17 17:52:33,b018ebd8770f4101b8bfb4c0decbaec0a0c61e9e094aea6ae84ff261ff012b3d,897134,754881.0,444.0,0.000588,1,1,192
2025-05-17 17:52:33,4947d656932275d4c76d739f45bdfeaa0a7112c5e80db241d808b2f81afc1c3d,897134,703612.0,564.0,0.000802,1,2,222
2025-05-17 17:52:33,333920522c54f01e5cff6b41bf69c8e7bce793c84d23840f5f4e0e06962b113d,897134,14241.0,564.0,0.039604,1,2,222
2025-05-17 17:52:33,44f8a08410dcb5ec500125f0bf6dc3be76a6b73ccaf3d81fab6964714cf5fc3c,897134,30144.0,856.0,0.028397,3,1,364
2025-05-17 17:52:33,2cbdf9e4ee9cdcddab3e5a0808c9b5db5c53a5a5a3ae8fbb9426a8ed24460c3c,897134,6881743.0,564.0,8.2e-05,1,2,223
2025-05-17 17:52:33,1e1866479d6d434348bae7e36f4a2129716b2c0963a493931269f00adf56023c,897134,52314.0,904.0,0.01728,1,2,226
2025-05-11 17:27:36,4c677135b21c785ed9b344c0915f2e35216d35929ee24f1817f1c4ced77abbb5,896286,160525.0,141.0,0.000878,1,2,222
2025-05-11 17:27:36,22aa735ef01ac36442f11255c0d9fcd6ac081a390ffd16891388d655e7ad94b5,896286,16560.0,102.0,0.006159,1,1,153
2025-05-11 17:27:36,3c4be53c0284e819186264a0d37c524a8ebe3a2e6d05a703af19fc27075192b5,896286,330.0,151.0,0.457576,1,1,319
2025-05-11 17:27:36,55cf1014f510e47af3416bc3d41a2669ca5a76ec6af70e5663947ca59c1882b5,896286,10434.0,153.0,0.014664,1,2,235
2025-05-11 17:27:36,289136063f909406dcec732319f879ce16c9be686a11fd3c958b5ff1674f81b5,896286,351.0,129.0,0.367521,1,1,267
2025-05-11 17:27:36,af54c8040efd1d090c0cc94a3948fb992a0d46ade28a2551581c6a8981115cb5,896286,351.0,129.0,0.367521,1,1,267
2025-05-11 17:27:36,860c61206887ca2b08be34bb3c4d1a8938f2d2317891a731ceba8472d45f41b5,896286,330.0,151.0,0.457576,1,1,319
2025-05-11 17:27:36,3267bd2733e8562c1a37c487d7cb08b1d55c96b204f02f4f60f6ed78111a1eb5,896286,13447.0,151.0,0.011229,1,2,202
2025-05-11 17:27:36,10c14e5905e4eb803ee7a10ce6b60ddf3e1244b621ea6701dac8c49db3e111b5,896286,488512.0,201.0,0.000411,2,2,301
2025-05-11 17:27:36,277aa893ff7ee1e514492a572138d5107185adc4d265030adeec78c352bf07b5,896286,169188.0,346.0,0.002045,4,2,668
2025-05-11 17:27:36,674e3405676db83b3cb74e3e2cf70ced4de9e40a8d7be16feb1d23aa0ce9c0b4,896286,70396.0,805.0,0.011435,1,4,451
2025-05-11 17:27:36,9158855d5c7d0b2cc1c69edd7a843ddf15ceb7680c244f93b6693e4a4549b2b4,896286,11853.0,164.0,0.013836,1,2,245
2025-05-11 17:27:36,5f70e325caabd2a38fadf7e497ed630c7273fe806585f0130a6beb8572a58ab4,896286,536879.0,141.0,0.000263,1,2,222
2025-05-11 17:27:36,29ae1986448819a96c4336e034719ea91a274b13bf9f89031d3efdf8aa7570b4,896286,65751.0,217.0,0.0033,1,3,298
2025-05-11 17:27:36,cd2fdc8ea16e2cb7ac5b86122a940ae298456d07eaf9cfd57beb257c7faa6db4,896286,330.0,154.0,0.466667,1,1,331
2025-05-11 17:27:36,9c9285cc9329f3f122e5cae88cff439ddb84e18a30a5bdc7cdb195357aa768b4,896286,36429.0,218.0,0.005984,1,3,299
2025-05-11 17:27:36,6109ae8ec672d2b4658f4ee7d625966fd2aa00b365c90caa91a6bc6f668055b4,896286,330.0,151.0,0.457576,1,1,319
2025-05-11 17:27:36,b59f0904d42dd197d3a100d50a3c439b59513bef2068edf6ee8c39addf4354b4,896286,351.0,129.0,0.367521,1,1,268
2025-05-11 17:27:36,82be5871bd435308fb51ebac24ef2ae81f33b29b68d681a51d49c3357eb7d5b3,896286,330.0,151.0,0.457576,1,1,319
2025-05-11 17:27:36,d82caaf7b8ff947dca1460daea2b3dc255bfc0edbe55a076e48581ae7561b3b3,896286,330.0,151.0,0.457576,1,1,319
2025-05-11 17:27:36,bc9bb3b3e4fd010121b7bdff0e27e92214c9390f97d1809f052a112064e276b3,896286,3404780.0,220.0,6.5e-05,2,2,382
2025-05-11 17:27:36,e31cf381050b18f80164211bbfa6b5cbb89b2ac9a5bac5479b23e89419a45eb3,896286,351.0,129.0,0.367521,1,1,270
2025-05-11 17:27:36,3bee662038a3c553900b4309cd2f42085a48965fb545509b7b91c445061159b3,896286,330.0,152.0,0.460606,1,1,323
2025-05-11 17:27:36,417aa504f7d76efab9fbf2b06a751e9767cf039a34f4015cee63f6bdd0214bb3,896286,675062.0,141.0,0.000209,1,2,222
2025-05-11 17:27:36,153f1486309cba8d771e8a0f9464c611c67a164ded38e4519b4c9612dbcc36b3,896286,546.0,152.0,0.278388,1,1,324
2025-05-11 17:27:36,06f5b57add3c15ff5a014b51aae5d2e2c8c64567aec3f8c562163596cea41db3,896286,330.0,151.0,0.457576,1,1,319
2025-05-11 17:27:36,93dd9de4f348d163603e94288ea191a5b28b34f56bc5d997a335ac16beddfcb2,896286,330.0,152.0,0.460606,1,1,323
2025-05-11 17:27:36,320729963772f552e50ed724309bf8b8423b1211a7839826b6ac34464e9ef1b2,896286,111858.0,217.0,0.00194,1,3,298
2025-05-11 17:27:36,e1734b2c38ab6a42c77230e814514ff369d240d89c0875a185169d3ee0ff9eb2,896286,1646.0,154.0,0.09356,1,2,205
2025-05-11 17:27:36,de9e7fceb9ba573353447cf9659d6570863b1455e574683dc2945eb128ae9db2,896286,330.0,152.0,0.460606,1,1,323
2025-05-11 17:27:36,efd6f85906e346c9a76f38ab8f5e1931dd6c24c63e03ec07e4785f52468d97b2,896286,330.0,153.0,0.463636,1,1,330
2025-05-11 17:27:36,debce2447d088c3a5debea66545abbd6805c1447fa3ff34191bb7177509486b2,896286,26198.0,122.0,0.004657,1,1,203
2025-05-11 17:27:36,c405a4ec34a648b5e857e2ae0f376415a49643fc125116760116a3ccaf7a66b2,896286,39703.0,217.0,0.005466,1,3,298
2025-05-11 17:27:36,16296bfe328af20af951963065afb41e7ea42e437e511f5dca88c588c7c660b2,896286,330.0,152.0,0.460606,1,1,323
2025-05-11 17:27:36,eb769718b827ca4bb163142df384b86efdc8e81876e0c5c53118c5aeb7c3f7b1,896286,9558.0,110.0,0.011509,1,1,191
2025-05-11 17:27:36,495dd5e9fef146162e94096c728d6e7889c498ae669b8f7e7ccc86082643e4b1,896286,330.0,152.0,0.460606,1,1,323
2025-05-11 17:27:36,00761b3dc6e5ca40f0ce34743b61005caaa4c01299a9f5c60869ed8fb7f1e0b1,896286,1939750.0,141.0,7.3e-05,1,2,222
2025-05-11 17:27:36,e3f0fa77f4f25cba709d5144871a765aa84aced61041b0ffb2f0ea83544ecdb1,896286,919374.0,166.0,0.000181,1,2,247
2025-05-11 17:27:36,2ac1c27d60248f1e0ba0daad67e5fea3bab0234410724dfa46c420763d9f93f5,896286,1015584.0,166.0,0.000163,1,2,248
2025-05-11 17:27:36,f19eb7a0b425f143524ee05ec31546acd796817a652622a9c44159e05722cab1,896286,330.0,152.0,0.460606,1,1,323
2025-05-11 17:27:36,6a5159c05095fb61f7d9f677d78b059e85c3e21305b947fd03fb8e9530cdb4b1,896286,330.0,153.0,0.463636,1,1,330
2025-05-11 17:27:36,9c19965bb300a7ce46ac40344bc5d148eca853dc7ecb28dc686fed60a903a4b1,896286,330.0,151.0,0.457576,1,1,319
2025-05-11 17:27:36,2a00ee593829fd113b02610b63e9934c8819626ed1a668d2c097e12b84c0a0b1,896286,1305354.0,142.0,0.000109,1,2,223
2025-05-11 17:27:36,59e4a9e1386dc87e9b04477dd45e25a095215e591ad6640cd6c58010184864b1,896286,546.0,154.0,0.282051,1,1,331
2025-05-11 17:27:36,70ac4ce7b3ea437d5cae807a6b96cc346c8ff8c11453462500f9a78b6071fbb0,896286,330.0,152.0,0.460606,1,1,323
2025-05-11 17:27:36,3a98e6571be46ca3a0a6ec7beb971381761bcf8d188096be5e68f4afe382e4b0,896286,1632892.0,145.0,8.9e-05,1,2,196
2025-05-11 17:27:36,e5c75cda2cd671f980636849f28535493d519b6d6622f40b9984f1eb7ea0ddb0,896286,376479.0,110.0,0.000292,1,1,191
2025-05-11 17:27:36,3798d994c129491c36fd4cfc135fe9501d26863575f003252e4ef75dcc20dbb0,896286,330.0,152.0,0.460606,1,1,323
2025-05-11 17:27:36,78046192b8e8c5bb72795b0d7ceae9e340cc34a5272ba3ae749fdbf5a27ac2b0,896286,330.0,151.0,0.457576,1,1,319
2025-05-11 17:27:36,fbd4663940c3ab139dd7967dd7c4a5f001ab261cb8eca898002a23be9c2cbbb0,896286,330.0,151.0,0.457576,1,1,319
2025-05-11 17:27:36,90082738d3cc33633e9f885696c268691e999dd81ab604169902ab9abf1ea7b0,896286,330.0,152.0,0.460606,1,1,323
2025-05-11 17:27:36,2a8117971eabafcb7e803661f28d3e3f704c80491a0fdb8bc5ecfc981cff94b0,896286,312448.0,212.0,0.000679,2,2,312
2025-05-11 17:27:36,8e6c7822ab478f784629b1091db0002972e409f6405237ed95f619e9e2fe6ab0,896286,19652.0,154.0,0.007836,1,2,205
2025-05-11 17:27:36,165e3d572f82fd3b0b9f6d9145c2dca3cf66fc7ff5f7644e62d5f14a5d4e6ab0,896286,1164614.0,168.0,0.000144,1,2,249
2025-05-11 17:27:36,f95207d414a405349c20bdacada356501bb550d595d7562eb480847650bb2cb0,896286,546.0,154.0,0.282051,1,1,331
2025-05-11 17:27:36,62a31bb22a54f17d3d88d92c112f0006862ce10050553c3916786cc068dd27b0,896286,435.0,111.0,0.255172,1,1,162
2025-05-11 17:27:36,4c5b79c9d9e8c0c638fbb5e2ac9ae5dbffe08c62fdc7f3d93a9fb09fabb21cb0,896286,330.0,151.0,0.457576,1,1,319
2025-05-11 17:27:36,de0a0d95945618314efe26b9ca2fd8fdef7b460b57277108cf134d0522cbf9af,896286,330.0,151.0,0.457576,1,1,319
2025-05-11 17:27:36,2d12a82b201fb9a7a79397a0f9e443dc055a1a77749a89d50a9340984fe0ebaf,896286,351.0,129.0,0.367521,1,1,267
2025-05-11 17:27:36,ddd202de803f5903eabeb79f393a6fed2d0d5cde58193b9af8815bd81a2399af,896286,330.0,152.0,0.460606,1,1,323
2025-05-11 17:27:36,d54a1db2b1f7f693b0b234778b157be547899755357e7e8d8a076be6018e6caf,896286,146679711.0,142.0,1e-06,1,2,224
2025-05-11 17:27:36,185a9130298c41d1bcd374fd177efe979563392d599708bfcc01b9f851355daf,896286,17283.0,110.0,0.006365,1,1,192
2025-05-11 17:27:36,86e4785db13f9ae0879f9d1e07292db4a9bcc2728e0d62ac2062a9b804af5baf,896286,330.0,151.0,0.457576,1,1,319
2025-05-11 17:27:36,f232637f8f8ef50fedbcf28b3dea82d05a3b5bdb015ef5aaebeea8c5c4954faf,896286,330.0,152.0,0.460606,1,1,323
2025-05-11 17:27:36,910132ae5b5a00a25cd492e33b957064963a7ae724a98a29f2210fa9293f4aaf,896286,49999859.0,141.0,3e-06,1,2,223
2025-05-11 17:27:36,fb5f2e8db654c317054676344fa0500faadc6d0f4b869cf9feff5a293d0c40af,896286,351.0,129.0,0.367521,1,1,270
2025-05-11 17:27:36,c9b4e0839885ff3d34f3cac59ddb2ec0284d77befef332076c354a49f6433faf,896286,122301.0,110.0,0.000899,1,1,192
2025-05-11 17:27:36,1ca77091a109c309df9b291b89aff91da87de463290b502596e18475c34236af,896286,330.0,151.0,0.457576,1,1,319
2025-05-11 17:27:36,956784f1d9543e7c30385f5a62a7fcfd4b4a78e19156eae9f3d83dc2590722af,896286,13128.0,805.0,0.061319,1,4,450
2025-05-11 17:27:36,3ecdc090f47a19f27459fa28172c9a4d5bd756318bbd618c008573474fb1c3ae,896286,330.0,151.0,0.457576,1,1,319
2025-05-11 17:27:36,447dfa2942bb023c39c261f2bec0d0c230c0892a0de09f2e97ac5bd51d2ebdae,896286,330.0,151.0,0.457576,1,1,319
2025-05-11 17:27:36,526af93d6b9f5619be679a1c1e3522699957fa63398a5d3617ea41c501e8b9ae,896286,330.0,151.0,0.457576,1,1,319
2025-05-11 17:27:36,6c6647480e9884d6b6f2a5b2cae14dce6ab9cc80d919a00348aa8d1752d99fae,896286,330.0,154.0,0.466667,1,1,331
2025-05-11 17:27:36,606e7fd6bdc7efd5509dced2b8987dd97cd3cec881fb0c9db5b26a1fec1e89ae,896286,10463.0,113.0,0.0108,1,1,194
2025-05-11 17:27:36,569448c9c7aeadf844942346c41d61065676b92358a40cfa07f03d89a97837ae,896286,546.0,140.0,0.25641,1,1,312
2025-05-11 17:27:36,4f54cbd27c4f39c05e5c94c260b4dc7f0cf782f4a3a93bbc2c1ecb62834688bb,896286,22437.0,153.0,0.006819,1,2,234
2025-05-11 17:27:36,47c1cc0c0c4aa5a9156d9677a4ab056acb4abaf1b424282a597a9308798fd2ad,896286,49999835.0,165.0,3e-06,1,2,247
2025-05-11 17:27:36,73d3d13051a7fd6b6268178c5d5951728d5f415cba484c9bb7e449942890a4ad,896286,330.0,151.0,0.457576,1,1,319
2025-05-11 17:27:36,16ce9f3aabf2145d5b66d4090b788149b27436a1496f2ffccf3855cfee8747ad,896286,1459991.0,792.0,0.000542,13,1,1437
2025-05-11 17:27:36,1def1a0e90a2984253f86daf5dd359f5db949a44029e578fb6cfd21d4b133dad,896286,28763.0,805.0,0.027987,1,4,451
2025-05-11 17:27:36,a2166462bbb96195071c680d2140dcaa0f0018eacd66ccd51c4c9d0529bf04ad,896286,330.0,152.0,0.460606,1,1,323
2025-05-11 17:27:36,7b5ff92c0e8e2cfe896c03a961ebbce8ca8619d004039cccbd684d0db08af4ac,896286,351.0,129.0,0.367521,1,1,268
2025-05-11 17:27:36,bb05fdb0d9067b47c57ca2209bd42aacb9aed4792a715a58072a8a924d4dc8ac,896286,12706.0,99.0,0.007792,1,1,150
2025-05-11 17:27:36,d2c56d3e37c0bd078953695b19ca53c4052eb1b8c119f01a94afaa8ad9b4b8ac,896286,546.0,151.0,0.276557,1,1,322
2025-05-11 17:27:36,ccc5709bdc686ba6ad6ed25cfe39a1849cefe7ba183cd2e4f16013cc2993b3ac,896286,546.0,152.0,0.278388,1,1,324
2025-05-11 17:27:36,c8673fa8748a55ff96115154fc2d313e9bbf310e19758dad7a0b078a6acdacac,896286,546.0,154.0,0.282051,1,1,331
2025-05-11 17:27:36,142a40ab86a8b2b1a4dc574d47a23af46e409c7664f5f420688e5f8c073d42dc,896286,1453229.0,154.0,0.000106,1,2,205
2025-05-11 17:27:36,e5d27f3c4e0f211dec296c695c04ca3557ccf04c6ea6e272bdd1e7559d21a8ac,896286,330.0,151.0,0.457576,1,1,319
2025-05-11 17:27:36,dc6bd52b2b73e1c975e71333c1f07cf07437cf8f8806c9603bda30ca8d8099ac,896286,330.0,151.0,0.457576,1,1,319
2025-05-11 17:27:36,a3a5e8b6d63a3adda8f0e3dbc5d2266d5719af550cb4db8244f639ada4f038ac,896286,546.0,153.0,0.28022,1,1,330
2025-05-11 17:27:36,1688e9e517268432b016cd79505e61c649bba6d70d8301d6d57fbaa4745932ac,896286,351.0,129.0,0.367521,1,1,268
2025-05-11 17:27:36,7fd0013c6758e0eef2b501485edd7fc0e4971815bed099bccd5bf283a6b223ac,896286,330.0,151.0,0.457576,1,1,319
2025-05-11 17:27:36,f27a63f8e009f3190209abbccf341b9058d19e11e7350f35e09c5eb2748b0dac,896286,5198554.0,166.0,3.2e-05,1,2,247
2025-05-11 17:27:36,f19d2bc1fe3eaae7ccb25048f2661488abcd8dba244dac6e69c63ad22488fcab,896286,3118.0,212.0,0.067992,2,2,312
2025-05-11 17:27:36,ae3972149d3c7ec49427374b0f3675127b346d63730c84c8f5868ef05764fcab,896286,330.0,152.0,0.460606,1,1,323
2025-05-11 17:27:36,0eaf842da74531f3670c7e5086dbf777f0e907ddc2d26e652f025d262914f6ab,896286,330.0,151.0,0.457576,1,1,319
2025-05-11 17:27:36,5bc30679e04785a8fe0ed18a074ee671481588fbbfd2512a3d41b4772190dfab,896286,330.0,152.0,0.460606,1,1,323
2025-05-11 17:27:36,d615cf10cec8f7d2792792e6d1e6c85e2ee0188d8e61959bd6699996c021c9ab,896286,330.0,152.0,0.460606,1,1,323
2025-05-11 17:27:36,f8ad99369d1cef448815437267e33062d349e963fab0f10df17aac49d98a9aab,896286,546.0,153.0,0.28022,1,1,330
2025-05-11 17:27:36,fc71b56274c6122d25c8795c420ccda438aa14771500d89c4f2b1ad6732f8aab,896286,3775.0,217.0,0.057483,1,3,298
2025-05-12 22:00:06,309ac341e50e136c448ffa1f27662bc920396a33542d63bd057f22ed77a3c0af,896461,27208.0,257.0,0.009446,1,1,192
2025-05-12 22:00:06,2682c9e1073f088e002fda70504b4a90790f4822f9e2ea61f594a7e84b9d9c53,896461,83276.0,465.0,0.005584,2,2,373
2025-05-12 22:00:06,4723371e7164825a71b9c787c0037b43cc59e1cb23b1746c77aa64d93a7f7f01,896461,14293.0,423.0,0.029595,1,1,188
2025-05-12 22:00:06,d2ab838511e35dc9dc44d97f8a814275e43583b954a273c0bf0f67ebc43c8535,896461,3547003.0,322.0,9.1e-05,1,2,223
2025-05-12 22:00:06,6415ca43df3a2901e6955ab43a27c7936e1b9ea393311eef4a270b58237c24e9,896461,3952244.0,322.0,8.1e-05,1,2,225
2025-05-12 22:00:06,076f1fefe15aaeb40bec26fd316f1c86cce6d0ee2983d79feb878d054bcd5e8a,896461,505026.0,399.0,0.00079,2,1,339
2025-05-12 22:00:06,4f6170ab2c85debda83d2251f7fd722c0cfe14b839b79f3cb229d79f29494120,896461,1845437.0,399.0,0.000216,2,1,339
2025-05-12 22:00:06,a0952eee9646e4473ab4a9081dbbb8a7249773fe5ad655aa6d9ca9ea01985aaf,896461,437306.0,504.0,0.001153,1,2,222
2025-05-12 22:00:06,1863c9425771f0dd164e74f02538232e1c7c3757bf8d0dad8f53e4a1f29e6134,896461,476852.0,504.0,0.001057,1,2,225
2025-05-12 22:00:06,d7d2c0f75da82c060dc946f9a0007ce71e60ed58c2dad5035f91db19e1f136fc,896461,526096.0,504.0,0.000958,1,2,223
2025-05-12 22:00:06,f66db37f2346da21282b3b82d11f528fe1a147ec6560446cd9e29c494f56b7e4,896461,92334.0,504.0,0.005458,1,2,223
2025-05-12 22:00:06,71b9cbcc059fe594ae001cdc063aa3f66d7b9bc2387c1f4b65bd828ba0c629b0,896461,163211.0,704.0,0.004313,2,5,443
2025-05-12 22:00:06,15c5dc25079270e3e4e1fdae54992a74b859c961861b381ece5b5bdd23ab2d24,896461,109585.0,704.0,0.006424,2,5,443
2025-05-12 22:00:06,aef037fc4b0cc09641be4279db26923a6afd50c6d65e6ae3b2ffcf3316ba82de,896461,6081714.0,322.0,5.3e-05,1,2,224
2025-05-12 22:00:06,18ac2d9c96d197cf01037c8dea3a0cbe87f046d50131eafedcb133a4bbe904dc,896461,103221.0,322.0,0.00312,1,2,223
2025-05-12 22:00:06,a8e13a6f888f27bceb51e4475acaf641724ffab4f8aab46b6283b5b63b1943c9,896461,517726.0,322.0,0.000622,1,2,223
2025-05-12 22:00:06,702a34153dd6f92018f68f58a060997f067ad2b16e3cc6e811007040c79d23c2,896461,102568.0,322.0,0.003139,1,2,224
2025-05-12 22:00:06,936e64823cc6316a3f40d0421c17d9bb9be28b30232fe9996d3fc89f340ad5bd,896461,691153.0,322.0,0.000466,1,2,224
2025-05-12 22:00:06,3900a8d54191255aa626647c7d2b1941308066ba8220fdfb9068a5edb09112b9,896461,34644.0,322.0,0.009295,1,2,223
2025-05-12 22:00:06,01c36f036453221edbf69a649bbb3121a0c8240a68ee125bfe8ac86de5a1abad,896461,4493050.0,322.0,7.2e-05,1,2,223
2025-05-12 22:00:06,99e8fe5912fd64995fb0e0b801235dab16ee542c1f66f8bd871f656ab9536881,896461,149193.0,322.0,0.002158,1,2,224
2025-05-12 22:00:06,6913a69ff205e0e744e50a446f5cfeb981cf7fd640a6b99e553db5fc0e28205d,896461,6784427.0,322.0,4.7e-05,1,2,224
2025-05-12 22:00:06,2d9e582d8534ac2c151c79bbd0946b1b15419b0326895598ba9e8dd8287584dd,896461,11653508.0,322.0,2.8e-05,1,2,223
2025-05-12 22:00:06,91ca16de4c511c2a786eb9f471d49856c5c27f5c48e175f2c744d8b4920f9659,896461,162203.0,322.0,0.001985,1,2,224
2025-05-12 22:00:06,9f8158cf112fed9982dbba158ec8c7c04f43b5f0cb8d5392eb8fcda058a0dc4d,896461,115151.0,322.0,0.002796,1,2,224
2025-05-12 22:00:06,26437b3ee54803accb8523628bbd67a00b26212286ea35b9a1abbf04c1494031,896461,413121.0,322.0,0.000779,1,2,224
2025-05-12 22:00:06,641beadcc4f84e63b567b3303c176905a4fa3ce227e18235f461a600cfb23a2f,896461,473591.0,322.0,0.00068,1,2,224
2025-05-12 22:00:06,2334e2b3b3dca435848828340e3d65a6c86d9cb744691e27694b3cd0db7fb1d4,896461,12496.0,504.0,0.040333,1,2,222
2025-05-12 22:00:06,158198d544505fa9180bafa74da756773283083f73cd855c9d370f496788a02e,896461,56292.0,504.0,0.008953,1,2,222
2025-05-12 22:00:06,a98da7ae8509df17db09f36191d65467143591555b8aeb3f6853ce7bbe60c315,896461,96074.0,504.0,0.005246,1,2,222
2025-05-12 22:00:06,53a347efac9698f1877c6f84a1a6dceb3da560b26578b353cb605e9548e9b605,896461,6246040.0,504.0,8.1e-05,1,2,222
2025-05-12 22:00:06,6a951b9a9194b181c40ec4d1d98053575ee3f4754026f761afd48704b1f23f12,896461,168890.0,302.0,0.001788,1,1,248
2025-05-12 22:00:06,92e5bc466ca4e187b3e00cf7e97cd3acd4a8ba391835f84e096627aa4467d99d,896461,526804.0,763.0,0.001448,2,1,336
2025-05-12 22:00:06,5330ce461d47ed92d69021917cf8dde2ea16135bfb6509cb5f44a643be904ac8,896461,275263.0,702.0,0.00255,2,5,441
2025-05-12 22:00:06,049cbbfa3b10a1d9ec1795f2fa767bbb5bebdab6874862ab3ade4cbd147647f3,896461,89510.0,257.0,0.002871,1,1,195
2025-05-12 22:00:06,d80ccaeb3ffa64b3b5b6f7db074efb2b47b40716c83d3ef27753edb797e5f6e5,896461,90139.0,257.0,0.002851,1,1,194
2025-05-12 22:00:06,f0a0a3f0d08d033d05cb896a7afdabaacc7ff42ca4f839986b2526409e90ebde,896461,591485.0,257.0,0.000434,1,1,194
2025-05-12 22:00:06,961907fb86a990d5ad2fc7c14192a0728b17cc95ec79aeda28ed41769f4bf7dd,896461,25014.0,257.0,0.010274,1,1,194
2025-05-12 22:00:06,fe0b25cb8f38c3d367d4f23113f5d6041700e6e81b2ca667002e8fe654858bdd,896461,46729.0,257.0,0.0055,1,1,195
2025-05-12 22:00:06,e5daac129e368687fd979b6e507d1ef27e23ee6acc556cd44c67d1a7713dddd7,896461,39656.0,257.0,0.006481,1,1,195
2025-05-12 22:00:06,50bea3db65bef8c623d7f9e1a34037704f518d76a2608002bca7be86b728e3d2,896461,105049.0,257.0,0.002446,1,1,195
2025-05-12 22:00:06,d409fc7c5ec66d9828b9d5a586cc3ef028d78c0a0dcba9c0ae0f1c023a76f6c7,896461,48839.0,257.0,0.005262,1,1,194
2025-05-12 22:00:06,663837e6b163c7a4f32a99e7582e3568895418c2add0c3cb60170b611309dbc0,896461,242496.0,257.0,0.00106,1,1,194
2025-05-12 22:00:06,609076b33341499c598d68829e5f486338bda35068dd7695ea0901193770a5bd,896461,36123.0,257.0,0.007115,1,1,195
2025-05-12 22:00:06,a89b56c80bf4ca67c5a5c0eef938bf67b18e05fcbb43b8ccd2cfaacd3562c9bc,896461,287565.0,257.0,0.000894,1,1,194
2025-05-12 22:00:06,185d0eaa9c9a47828f2b33d12e9428a9726c7f2d97844947e7421829f56801aa,896461,11975.0,257.0,0.021461,1,1,195
2025-05-12 22:00:06,1dfe53fe0d7a8c64a2ffdb5024d1ae0c7a4e6f05455717699576ef2ac34aeaa8,896461,117094.0,257.0,0.002195,1,1,194
2025-05-12 22:00:06,e650212be7b40138400ed7210921e4fb2e7c4190e372bbdc295272482050869b,896461,470510.0,257.0,0.000546,1,1,194
2025-05-12 22:00:06,6184f096b1e827c4aaba71005b2cc0702d574a5469a1099d8e08a23065cedc8f,896461,9702.0,257.0,0.026489,1,1,195
2025-05-12 22:00:06,e5c4496fb59a05c4a7735d29cee62cdeb48ae9ca0d15bdb3d6e97a8d114a738d,896461,18410.0,257.0,0.01396,1,1,194
2025-05-12 22:00:06,93b46cf8ffc4a6db7cafc758b093cc6c867041ea9a224260a24765c1175b0a82,896461,194986.0,257.0,0.001318,1,1,194
2025-05-12 22:00:06,b723d92955fc82690a5c9606c63088005326ae7dbd28091e0cb4646fbf8c9b75,896461,64267.0,257.0,0.003999,1,1,195
2025-05-12 22:00:06,26e96d407aee67c457c537e7ff1fade1e7b6294c57bfd9a8a41ae51b024b736d,896461,29540.0,257.0,0.0087,1,1,194
2025-05-12 22:00:06,9872452f6b9cf4c770969e5af2f5eb017a8216c7ce9bc4aaa425abcc59b9a95f,896461,297334.0,257.0,0.000864,1,1,195
2025-05-12 22:00:06,14e9ca24940c3c2b91637a92a7121bd00809e3fd1759b356ce609cf5f3e3585f,896461,7744736.0,257.0,3.3e-05,1,1,194
2025-05-12 22:00:06,19d668d99d80a1ff308a9e1355ff0ec273ea073a5ab42f4eefcf36ceb2894d5c,896461,1002973.0,257.0,0.000256,1,1,195
2025-05-12 22:00:06,f30a950009e7cb73a28b645cecb1c8b11370bb2611a9499eef725ad45361845a,896461,749966.0,257.0,0.000343,1,1,195
2025-05-12 22:00:06,cdf15bf87f08c9b33a802a3819c0a781e91eb6061ae404cfad983b5ff4efd059,896461,184633.0,257.0,0.001392,1,1,194
2025-05-12 22:00:06,eb714fa1ca0a47801e7a4eae893fa38a4c6da8e7be91aeaadf6d99ce7826be40,896461,4010693.0,257.0,6.4e-05,1,1,194
2025-05-12 22:00:06,6a7030655e50c1f1e07b6a46d74b115045918ee7d0521e592076d6c2c2600437,896461,15811.0,257.0,0.016255,1,1,195
2025-05-12 22:00:06,81853ff84ae9ffa6e67370a96bc64aaab89eba27b43bbbd4d484e8a3fae7e836,896461,10701.0,257.0,0.024016,1,1,194
2025-05-12 22:00:06,39af289da2a1de2b3cf33ed360b47caac3b1134a61221f83fa98cd2951b71436,896461,15444.0,257.0,0.016641,1,1,194
2025-05-12 22:00:06,aa63cd1a2fcf92f1daa24871c68d5910f431bdb29966606979dc43948e41622a,896461,432743.0,257.0,0.000594,1,1,194
2025-05-12 22:00:06,22ffd76ab7258c42697bb1534a5b7b8cf2060ea6170e2f98e0d2d2205c7bc515,896461,146538.0,257.0,0.001754,1,1,195
2025-05-12 22:00:06,853b1f10b9fe8fd700640d1cc1172a17cf1f9254354a697643e497848d99a911,896461,14363.0,257.0,0.017893,1,1,195
2025-05-12 22:00:06,102191ac71d8cd1bfec330dccf2fc9f0e6e2a8aec1c6d477bc101ec42bafea04,896461,14367.0,257.0,0.017888,1,1,194
2025-05-12 22:00:06,8a93b7f77f8f53229009e57daae467eb75b67f4e9ce07b93a4abb31f797fc055,896461,2014979.0,322.0,0.00016,1,2,222
2025-05-12 22:00:06,1ec491ca1d85b3b3f235a43104aafc91f2e7c1b860569fadb1820bf8758e56ae,896461,2161657.0,322.0,0.000149,1,2,223
2025-05-12 22:00:06,4f9485ca2e5eb8be719c4b80d86d8339a475bfc1f520021f84b8f8457267edaf,896461,1342.0,2086.0,1.554396,5,2,621
2025-05-12 22:00:06,dc75f398c985ce7122196e1db12e99a80442f4c85299e6d90cabfa8ae7e3d2c9,896461,21001.0,240.0,0.011428,2,2,301
2025-05-12 22:00:06,ebcf84193fd57083129873860d0adcb3c2ba4ff042862958cb85bb8456a32360,896461,21001.0,240.0,0.011428,2,2,301
2025-05-12 22:00:06,c7af728743f7586344f0a45d95e0abc8539eb1cdd7dec18fd050ea4958f4cb48,896461,21001.0,240.0,0.011428,2,2,301
2025-05-12 22:00:06,56b5a45dfc9fc2ba682d68db59dc2f01be22850bd832ab4f4db69e24239daf2f,896461,21001.0,240.0,0.011428,2,2,301
2025-05-12 22:00:06,a3fb47f57ef5627e98889b41825adf73a1d2d7eb7a271a8a4c27598bf327e777,896461,294617.0,418.0,0.001419,1,6,430
2025-05-12 22:00:06,0987464f335601a2c5ecfa21673eab1953ff24ad917f967401ac2ed8724262fc,896461,54103.0,322.0,0.005952,1,2,222
2025-05-12 22:00:06,1ecdacca2988f984b3c2370f3fe0666b3505f6514cc5c2592c5cec1fe618c3f6,896461,143953.0,322.0,0.002237,1,2,222
2025-05-12 22:00:06,b73f0531e738c4020e67ee78c5def915207b70690a38bd39ddd2b82c76c788f6,896461,4587430.0,322.0,7e-05,1,2,222
2025-05-12 22:00:06,16fd492f5b747b6f45c92bbcfb39ffba6a5c25a37c886b513f4fe5ce016f50f6,896461,816683.0,322.0,0.000394,1,2,222
2025-05-12 22:00:06,f7aa368ec05e472f6f9e4863a29330fa7b76c21088ab51571377a90d95acdaee,896461,4782911.0,322.0,6.7e-05,1,2,223
2025-05-12 22:00:06,b9a3a81c566f992e6be03d4eb8bc21bc0fd4a9ad3f75dbedcc2082cc3e5c0bee,896461,101598.0,322.0,0.003169,1,2,222
2025-05-12 22:00:06,ad56030cb915a028c4efb9acd70118fd454791939b8fed071ea82469756453e3,896461,675689.0,322.0,0.000477,1,2,222
2025-05-12 22:00:06,815f11fa93af9e4eb40b23120f009bc46b2a5aa38fc5385a29157f8d7f2794e2,896461,54495586.0,322.0,6e-06,1,2,223
2025-05-12 22:00:06,b5cd9cc1b0701c15bd345baf6698c8189be9d16591f8b317047413da928771e1,896461,1663795.0,322.0,0.000194,1,2,223
2025-05-12 22:00:06,8a246ba1f48c7ae1f9bd166e25c681b1f2731a9f781f3ccd7f4520524b9571d7,896461,38248.0,322.0,0.008419,1,2,222
2025-05-12 22:00:06,e75b141528218c90192d9d1123c352cd279a2f36e66210daf5bf58f09e33ead6,896461,32017.0,322.0,0.010057,1,2,223
2025-05-12 22:00:06,e211b4e89e20609c61916335e105274e8ba609cce793b6fef4b4e28bf1286ad5,896461,559177.0,322.0,0.000576,1,2,223
2025-05-12 22:00:06,8fac04f2d60db6bf33f45b571f37347400ba4a35d06e5e93cd7e4711582505d1,896461,922339.0,322.0,0.000349,1,2,222
2025-05-12 22:00:06,cdc91ab863ee069792c1a362386af2d9ed301e3d0a0788b291c927ec2d0bc3d0,896461,192464.0,322.0,0.001673,1,2,223
2025-05-12 22:00:06,b6a84452828a7eb134456bdd7eb85ecfd1499e6c6e671b8b522a84cf380eeacc,896461,6513285.0,322.0,4.9e-05,1,2,222
2025-05-12 22:00:06,16c6650f088760d450684e20f6e534c4a1997260c804aabf33de2484a99ba3c8,896461,40084.0,322.0,0.008033,1,2,222
2025-05-12 22:00:06,c565bc9694165d054f5c7cd33ff307da2c9371a66ba223bf91776fe926c5a3c3,896461,1171254.0,322.0,0.000275,1,2,223
2025-05-12 22:00:06,18626d0407ccf1f1f473da280eb2233d345a57e6b56c2daec37daa3c997e9bc1,896461,341976.0,322.0,0.000942,1,2,222
2025-05-12 22:00:06,caef93dc2b21965dd4e87c514a1b2ea64e94c68b6e697fa3f38c0310514453c1,896461,132913.0,322.0,0.002423,1,2,223
2025-05-12 22:00:06,8592a681da58ea3e18f7399639e1ad1598c6c6c04ed02a4633e19865e03162bc,896461,161997.0,322.0,0.001988,1,2,222
2025-05-12 22:00:06,7dfd37578c8fe4ebe7565eae7062b266a9cc8b11973ac7c26d696abada76f1b3,896461,50570.0,322.0,0.006367,1,2,223
2025-05-12 22:00:06,8ab26ccdfdca8f44bf352d3f25f7091981112e5c59fb7095594ccbca3cb046b3,896461,72958.0,322.0,0.004413,1,2,222
2025-05-12 22:00:06,984683c2ddfd02ae3267de2c8d65e5173b349f2402bcff54374f2969e88bcfaf,896461,952164.0,322.0,0.000338,1,2,223
2025-05-12 22:00:06,904b51c27cbb40cb335b87e94a09457e2727792d01da7cd2f57e22dfc682a0af,896461,1043243.0,322.0,0.000309,1,2,223
2025-05-12 22:00:06,f2212c76ac9fb140113e24512e2ec88ddc63e2cfbcdb926b474fb6d3894683ad,896461,243446.0,322.0,0.001323,1,2,223
2025-05-12 22:00:06,ed7dbc92489f6c785145b8695fd77aae2c34ed81e888b7dea0bf8f6af04ecca9,896461,77350.0,322.0,0.004163,1,2,222
2025-05-13 04:23:38,b9a05746b163a09c06be77dc6bf86c8a244a2bbfc8db8e39fe3ace00da19ede7,896497,974171.0,285.0,0.000293,1,2,283
2025-05-13 04:23:38,6ed647f78682aaa9e8aab688fdf22200a88bd1eb52506f128383c799e12d5cbb,896497,974456.0,285.0,0.000292,1,2,284
2025-05-13 04:23:38,6f13760055a86a88f26f23c091446d3831e852a67c0cc6a28867902c2026b282,896497,974741.0,285.0,0.000292,1,2,283
2025-05-13 04:23:38,777908ea0729bec401bccd72af2d56ced4d197576bc5ef825bb84a00d70812a3,896497,975026.0,285.0,0.000292,1,2,284
2025-05-13 04:23:38,66d3360ed54f89d769ccf4224aa1a34fdd19c82684a1a1922d7ad19d8d3c867a,896497,52330.0,285.0,0.005446,1,2,283
2025-05-13 04:23:38,71fe08b1ecb39b753a84237b300e6d43c6263c44da54fb913ea4a1ac7cd432ee,896497,52615.0,285.0,0.005417,1,2,284
2025-05-13 04:23:38,32a81583e73dd8a669411038fa8d5fbbc323216b8ba843bbd9b6e3a590606176,896497,41295.0,285.0,0.006902,1,2,283
2025-05-13 04:23:38,73211e5d3c4aa818453e0a4d98ca2cf3d860bf407c34cc95234270611c673d4b,896497,41580.0,285.0,0.006854,1,2,284
2025-05-13 04:23:38,2886244829f73d585431accb8ea1c1c106a53f2f7b6437b50d7b09adbd4a68e5,896497,12087.0,169.0,0.013982,1,2,249
2025-05-13 04:23:38,127873ff35c99ff714d61e4afe61f1da4f3ef75363daf3c6d30576078e156f97,896497,12089.0,165.0,0.013649,1,2,245
2025-05-13 04:23:38,054d9aabea5c9903fb33d215865566dfece070ee956ce30a6b4f0122acb3d68f,896497,130578453.0,155.0,1e-06,1,2,205
2025-05-13 04:23:38,9f495d2e424227be95cab07c9b1a97e5b549cb13fa6e5aa176ed00dd468ef85a,896497,330.0,154.0,0.466667,1,1,326
2025-05-13 04:23:38,951b37d1afdb530b5ae29619dfcc730786a13207dc9fb8bafb468ed04821d83d,896497,175846.0,154.0,0.000876,1,2,205
2025-05-13 04:23:38,acc2ede899bdd44cba1b4d045f0a4ffce03dbafa11da159e9cdefa7532f21db9,896497,48900.0,285.0,0.005828,1,2,283
2025-05-13 04:23:38,b9b0e7dfcd276fca276ee4c7908880338ae7e2a8e5d23b8fbc5cda7a7345dba7,896497,46050.0,285.0,0.006189,1,2,283
2025-05-13 04:23:38,e0cda84ccc5cdd0c1522708b132f7502fba9ecfb317bae909d81dfb11b77e786,896497,38850.0,285.0,0.007336,1,2,283
2025-05-13 04:23:38,9ef6e94076fb6b57fc776913260f583c8b26b5a6f5ebeded624216176886dc65,896497,46335.0,285.0,0.006151,1,2,283
2025-05-13 04:23:38,d4442888a97a64f281a2d6eadedbd7652ac37c0bfc6f8c87750b972ab2db9114,896497,44105.0,285.0,0.006462,1,2,283
2025-05-13 04:23:38,ee4aae92977d5152b3e4fb89450a848a32761881f45276c10e9418a7cd45bb5c,896497,50944888.0,142.0,3e-06,1,2,223
2025-05-13 04:23:38,0c25b0e7f183811877f0a14c77ef55abd4fe45ef46c269eddbece84471c56c5a,896497,6130.0,866.0,0.141272,14,1,1553
2025-05-13 04:23:38,d6a8a5be7cf1f59b952c9e37ad0b80971c183744555e1911e03eb8a5db591762,896497,24363054.0,974.0,4e-05,16,1,1758
2025-05-13 04:23:38,3c3a8f0adece0e7d0315a9099e971a6972d754c1a23795e05ca4a51d3a2a3481,896497,112831.0,210.0,0.001861,2,2,370
2025-05-13 04:23:38,3a57c602c397d0ea496dc19e9dba19d2077c4df962cb42018cf0a7bfaa58a039,896497,684995.0,100.0,0.000146,1,1,150
2025-05-13 04:23:38,713776d8aae769d385d7420bcda8ff561664f975bc00460cc286281305362541,896497,799989640.0,193.0,0.0,1,1,191
2025-05-13 04:23:38,8cc73d00af4571e21493564fb8d64fb64b0a8e644c838dd308cd07a0137ab85a,896497,9932.0,371.0,0.037354,4,2,689
2025-05-13 04:23:38,08f28bc145a8ba2e7e48f01bf90b3fa3d10fa0c2f7e56527d9d8f4d383c2e15c,896497,217692.0,1242.0,0.005705,10,15,1788
2025-05-13 04:23:38,0b7c03ceca3dff2bd7ba0016be80444eac031f3d4d693c781f14319280bf6128,896497,282394.0,146.0,0.000517,1,2,226
2025-05-13 04:23:38,b241c040ce1e6c07fc5035ee0f7c9dec461578dfc816f60f461715191c46ae6e,896497,53145.0,135.0,0.00254,1,1,249
2025-05-13 04:23:38,49436a30cfaab34756c47d6b0d1543dbdbc6b997730d54b57e73d410904f804d,896497,98611.0,135.0,0.001369,1,1,249
2025-05-13 04:23:38,5153be8e1ea5dbed1adfb0277f81d9317955edb465e90e180cc1192ecca4e74b,896497,399297.0,135.0,0.000338,1,1,249
2025-05-13 04:23:38,fd46cef462a1f1335d84388c3f67595143cbbd7bb3aba08292a90d8e63c23efc,896497,4470795.0,214.0,4.8e-05,2,2,372
2025-05-13 04:23:38,ebee217e30d71b2f87e2f8becaab2c879e0c1d338337d6cd1abab9a9535f77cc,896497,330.0,171.0,0.518182,1,2,336
2025-05-13 04:23:38,61e056988a89014ff12257e7811d020ce34d9e4f9cb8f2cb0ed3258f8e475276,896497,330.0,171.0,0.518182,1,2,336
2025-05-13 04:23:38,7239b494299da41cea2882e778630cde017e0ed7b665db0d457fc31ba5bd3351,896497,330.0,171.0,0.518182,1,2,336
2025-05-13 04:23:38,49b5be016d51fc1bfd2f354d930ed05a2a413b14058663ec1fa98b2588adaf4b,896497,330.0,171.0,0.518182,1,2,336
2025-05-13 04:23:38,cfe69eee7dba36112d10b5c46f1d66124eaa4577c7149e9f29ad0024e3f7a673,896497,1141524.0,146.0,0.000128,1,2,222
2025-05-13 04:23:38,fdc3283b02d88f6684d2650da767504c415955f51572ee5a3b002198b8297a3c,896497,132370.0,146.0,0.001103,1,2,223
2025-05-13 04:23:38,92f89fd00579cf50e84c53858ee43df9a44213bb42cd678609d2bcd8db2a537c,896497,4800.0,115.0,0.023958,1,1,162
2025-05-13 04:23:38,32c7659fe083fec171a9c034c4eb02746dfb360aaf06e07a66ae460f73547d0d,896497,66796105.0,770.0,1.2e-05,6,9,1043
2025-05-13 04:23:38,a7a255af4b0736ac026327491ed62a0b6d0248acfb80429b54857bd1cb9a541b,896497,8215.0,1071.0,0.130371,17,1,1862
2025-05-13 04:23:38,2981144561c2468e4c2d0b6943bd02e82e6a48877a9fe2c7be614aaca688f6f7,896497,680490.0,401.0,0.000589,5,1,783
2025-05-13 04:23:38,bc64c5f733dd7830d67633f2f61101099199b2eb0f2255bdcab4d81df172f924,896497,1413726.0,599.0,0.000424,5,6,806
2025-05-13 04:23:38,b3c79571533fdc776559e753338f690c61b70ec3c0eed10f72ba5d9bc55a6cdd,896497,2421071.0,212.0,8.8e-05,2,2,312
2025-05-13 04:23:38,3c622b912313ea4330d64f427f46627b761b5e12ccfe6721d761d542d0c843ab,896497,523694.0,526.0,0.001004,4,6,727
2025-05-13 04:23:38,2499d4833d9467d9885fb2d3fc53816a8ca3ba9e5800254e42a1f8317ad1a9e2,896497,3697000.0,530.0,0.000143,4,6,702
2025-05-13 04:23:38,8db659716898141c46f6a6d9ffca7525f74b538f74e89ab039c89fe5166a88d3,896497,221000.0,530.0,0.002398,4,6,702
2025-05-13 04:23:38,faf999ec6215266b2f8171a8eac619b16099276b1cb6fccd1d94cf6ceabe985c,896497,220362.0,530.0,0.002405,4,6,702
2025-05-13 04:23:38,ace24fa09bc8ad067ceb17718c9d4b19ee7175267b82d2fe6acf0372f1740b4f,896497,199000.0,530.0,0.002663,4,6,702
2025-05-13 04:23:38,afe287760dedf020871b73a68a82b394637e134595179cf8e325932a9971a1e6,896497,1022527.0,530.0,0.000518,4,6,699
2025-05-13 04:23:38,fb650436c37f22de4db6bb9355be61851cc7079a3ef1aa19b99d4fdb98c3af96,896497,1502957.0,530.0,0.000353,4,6,699
2025-05-13 04:23:38,e952bde757d1510849cb29748530bc99c7fae94d0aadb0a01ecd9f432184093f,896497,1984687.0,526.0,0.000265,4,6,728
2025-05-13 04:23:38,4c794e67d7d26a1bc877138b5835508ba7f8533c7f00aee7f0d0e0caf4d165b6,896497,502288.0,530.0,0.001055,4,6,699
2025-05-13 04:23:38,3d2b50f8e99fe0ff7d6bd35aa3f84be4fcfa9223d7af93d5e66eea4b66c3b6c4,896497,743302.0,530.0,0.000713,4,6,699
2025-05-13 04:23:38,1a35674645ddea933f7e9e780b4c3ced6615e6734788770ce589c01555e934b0,896497,125807.0,530.0,0.004213,4,6,699
2025-05-13 04:23:38,b023a9de4968d168f22df32c2005c3f90d971d5bf92a558d7d931cdd6a2a93a7,896497,904828.0,530.0,0.000586,4,6,699
2025-05-13 04:23:38,7d6c5bbdc44dac3d66f28dddaf60048d8fc61be2ebd86f5e3aebed0471297698,896497,654652.0,530.0,0.00081,4,6,699
2025-05-13 04:23:38,ce7d728d0cd871a0f0d9123f211ceaf93a70407143e31cb3e7df825296db3997,896497,155729.0,530.0,0.003403,4,6,699
2025-05-13 04:23:38,4bf717184f739f78cc3f187a62f730b4bc2c5f33d123f7988e05aa48b27f888f,896497,267670.0,530.0,0.00198,4,6,699
2025-05-13 04:23:38,9568e88cbd5e5f83d0f53f0714bc5acb75c1681df6642799db5412291a120285,896497,157774.0,530.0,0.003359,4,6,699
2025-05-13 04:23:38,ead9492fa996ee639219c5f6d5e0d1a2e9041402bb1f7e6d4559c2b6639cf659,896497,158049.0,530.0,0.003353,4,6,699
2025-05-13 04:23:38,fe2a56febb46c8a91e493270855241ff39918a9659fbeaa81735cc47e23e8557,896497,135936.0,530.0,0.003899,4,6,699
2025-05-13 04:23:38,de37331fbbb106742bf4ed23c550d230e9ef55ae85a4c36c3cb9850c38b9614d,896497,2225197.0,530.0,0.000238,4,6,699
2025-05-13 04:23:38,64793d4b58d03bd733fa5915b8da6b932bfb9e3becd737d3ce18da651a65fa42,896497,307295.0,530.0,0.001725,4,6,699
2025-05-13 04:23:38,f380d0550b8a39bbbd707b3bd6440fee9a15bb260b8e42b087de3a9c731bdd3a,896497,253378.0,530.0,0.002092,4,6,699
2025-05-13 04:23:38,9b43a0a775a62f4e498ff6c41e2794c42b3e6b1bdc59f5dd7fb85e5c04996499,896497,494842.0,530.0,0.001071,4,6,699
2025-05-13 04:23:38,33da6c2afff6a4602b6c4b2fe27652c193a7a1c5f0a52e5a88d94f1e3f75c160,896497,975588.0,530.0,0.000543,4,6,699
2025-05-13 04:23:38,c5dff2519e04b779d5af2f3f8a0b05eb29569fdb566aa9d7992f7bffe7cb4b21,896497,36066.0,530.0,0.014695,4,6,699
2025-05-13 04:23:38,e26b1eaca640162aa46df2c19e10107bde01b945acfb77ac3ab9ab008a04de03,896497,157943.0,530.0,0.003356,4,6,699
2025-05-13 04:23:38,3740a3e0f90b9f7f73fe90a7db5f1d032bb1fa3fba915805bf53a4a1d5a013f9,896497,2490156.0,990.0,0.000398,8,12,1488
2025-05-13 04:23:38,031b4a53be7db1326b9874d1c4ae328c334c3213ddff6bf2515b7dae7441c7b0,896497,25819.0,151.0,0.005848,1,2,223
2025-05-13 04:23:38,f438bc87a48e6baa79bbaa2980f73c9287d49c86296ae25a754a465a96390b7a,896497,338514.0,151.0,0.000446,1,2,223
2025-05-13 04:23:38,bae2ad88fbf076f4829b350134ea4a60ca46986c31cbd5fd863cbdb5bc136588,896497,374931.0,599.0,0.001598,5,6,810
2025-05-13 04:23:38,eb7506964d61aead2189e8864f28c478845b11699ed01cbac1b15da5aacc98be,896497,516648.0,599.0,0.001159,5,6,806
2025-05-13 04:23:38,dca0c8ee102d49f65440aa435d215eaf8a3b5edf82f3fb258ce85cfd768a0f8d,896497,658923.0,599.0,0.000909,5,6,809
2025-05-13 04:23:38,3d4ddf170a92bfa327fdf3a3804f87fe454c56847e52b36386993d86cdb0c683,896497,293994.0,599.0,0.002037,5,6,806
2025-05-13 04:23:38,534d7220da37c49774f5ec6f885cd8420739268e7f9d5cb80816f3aa72a74a79,896497,276820.0,599.0,0.002164,5,6,806
2025-05-13 04:23:38,ca98280d0c1409e58ad3a96b7038282e127fc84b4a311a47df3d05f3d3d05261,896497,293729.0,599.0,0.002039,5,6,806
2025-05-13 04:23:38,d068aac576b291d158497d999f425123c3c4529fad4d4e15ccc624bf907d2dae,896497,95050.0,754.0,0.007933,6,9,1127
2025-05-13 04:23:38,53f276daf5481d1e38b2d645395c7ff2dfadc96593981c8125e7dfabf3fc44a3,896497,2334.0,378.0,0.161954,1,6,508
2025-05-13 04:23:38,402ea9231107d8f7fe716b4eef55ab44ae9d8a2bdb355fb2b45a4a784abe7359,896497,337550.0,158.0,0.000468,1,2,205
2025-05-13 04:23:38,2a605252b76fd7ea9f55cc9acc7cc2394c67dccdd53ec735eecda86ebb4ca5e4,896497,663746.0,668.0,0.001006,6,6,913
2025-05-13 04:23:38,e92f9f98c501758fffaa4178c9a3b31d0d422715a8f543d4309e5e05dcd4ceb0,896497,235851.0,111.0,0.000471,1,1,153
2025-05-13 04:23:38,e7d9d72c8d49984e4d7a1f9783c9c68ca9eedd11abc00ae6e6b54738145ea9b8,896497,63036.0,488.0,0.007742,4,5,740
2025-05-13 04:23:38,4771664c8d6e23122b34864c5935c689f10dade4f6566b01d759a7e6e684b67c,896497,80609.0,194.0,0.002407,2,1,339
2025-05-13 04:23:38,97ae2b39d15734b28d6e5bdc14c8be6327b8b8d6c9f1c317b3f1a02052b67c5a,896497,1227554.0,124.0,0.000101,1,1,194
2025-05-13 04:23:38,ddbf0fc419931cc7660b0e522ecf98621cc666b04dab7c1e68274548daada8f0,896497,493822.0,122.0,0.000247,1,1,192
2025-05-13 04:23:38,f15ef35e6b9dd91770181d77dfdbafcb953197de7b6d35e5e7845aafe66ee360,896497,58443.0,155.0,0.002652,1,2,222
2025-05-13 04:23:38,fe29daadc69a96917c5bd98b68abdef0f35015f871c4d66e94a749383d62e6ff,896497,3698.0,121.0,0.03272,1,1,191
2025-05-13 04:23:38,307518c3481f064559253fc7091f43cae12caa5fdf2c743dfbb9a08d928b5d36,896497,302779.0,121.0,0.0004,1,1,191
2025-05-13 04:23:38,c1f1fad7faba9a03db66bd4f87b8c315c7116c8a02e3f7506864f6f139fe0a88,896497,330.0,187.0,0.566667,1,1,339
2025-05-13 04:23:38,017723b88686b9cd6e5bde24f40b01cb823a8cf9869c3a0520d648cf574c8b2c,896497,96474.0,153.0,0.001586,1,2,235
2025-05-13 04:23:38,65c0e9f3f52f03998f9e80204f32a0f82505605acb69838d286fe6182a1f7229,896497,78651060.0,3657.0,4.6e-05,2,100,3485
2025-05-13 04:23:38,4b2ef447f49905d0366a995226d32811b22cc14f2e9b7583f145fb8ad13c4863,896497,15526939.0,4231.0,0.000272,44,2,7387
2025-05-13 04:23:38,178c061d883568f9b388cd03c393d431d6842daafe9c43bca763cbd0a1564f95,896497,1726873.0,518.0,0.0003,4,6,764
2025-05-13 04:23:38,5fa8045f5e51f104bd782abcc66fb2b97f07d381b243ee58800b6dee092e1af5,896497,66496.0,342.0,0.005143,2,5,472
2025-05-13 04:23:38,cc72e3083c3f9f351a9cb5565ceb79031ff658e3135e1fad33eba5f124325968,896497,438668.0,600.0,0.001368,5,7,855
2025-05-13 04:23:38,92f617bfd9ff297b29f496ed85dad87ee8fe8492ff51ceccc90195a8211026fc,896497,23026.0,219.0,0.009511,1,3,248
2025-05-13 04:23:38,f33336ef8c6296dd35744a73c5c88012d53d13983d0dfe944140ccb9f57b6ea2,896497,23245.0,171.0,0.007356,1,2,205
2025-05-13 04:23:38,0a56b5b09f13dcefaa076418adddd759b2e2e71aa42fcf6febefde66e98464c6,896497,23416.0,171.0,0.007303,1,2,205
2025-05-13 04:23:38,223732d07f31f86febc07df8f6b26efdd86a103d5ad8a32dc24433689f156023,896497,23587.0,171.0,0.00725,1,2,205
2025-05-17 10:23:47,5012524d0de8b77d0625bfadb6fa68db1c9c9977cabda57c6b43d85d7673301b,897086,137503.0,450.0,0.003273,1,1,194
2025-05-17 10:23:47,c4af275f2873e3213c40efc28feea4d77a614acd46c6657257d9acfd26e02410,897086,126019.0,450.0,0.003571,1,1,194
2025-05-17 10:23:47,587dcd4ffa89bad22bebb9ca27e6b86f9293bdb69bed7614bffe3c131b6edaf9,897086,266438.0,562.0,0.002109,1,2,223
2025-05-17 10:23:47,4a3385e7d0de123d4b9161f9974b0f4154cead3b7539f90dd77cf0c2ada0bfa2,897086,2079856.0,562.0,0.00027,1,2,222
2025-05-17 10:23:47,a2c09f0cf83aab4479ae63818f6e5edbb72a98601ef54b042e8c0021e9554498,897086,1021682.0,562.0,0.00055,1,2,223
2025-05-17 10:23:47,6bb4b653909ecf5e1d460650fb401091dc86ec1513fd81ac85a632ede0417b66,897086,838002.0,562.0,0.000671,1,2,223
2025-05-17 10:23:47,4a0bded1f4973debdc70c53088547942d77a4a925c9c7b9ceff7e466c9a63041,897086,2772962.0,562.0,0.000203,1,2,223
2025-05-17 10:23:47,7545ea5441ecc3b6499b61b62e3b49f9b52786e2a08986846d7e08a7ef768509,897086,259270.0,562.0,0.002168,1,2,223
2025-05-17 10:23:47,1acac15ca6b5df704c9e2898a3795c4e433cb7e0c5b1d5649365781f7b80d73a,897086,1285.0,845.0,0.657588,2,2,312
2025-05-17 10:23:47,6ffb9ac7460215ced2ba7ebd6291cb24b3dec2b4b7f091fe47b24c2dff05cfe8,897086,99999989.0,566.0,6e-06,1,2,223
2025-05-17 10:23:47,09acfe6325b067913550c20d61ed45e988587244567bd6591bac301afe9565cb,897086,399987.0,566.0,0.001415,1,2,223
2025-05-17 10:23:47,8ed668df455363d07c93b7eb7af61767b8a9ca3edf61e7a7b767f61c2a20dbc6,897086,2150454.0,566.0,0.000263,1,2,223
2025-05-17 10:23:47,1e7900be6df82236504de1fbf2b302062348457757324e172e4ce5b69bbede82,897086,38675637.0,566.0,1.5e-05,1,2,224
2025-05-17 10:23:47,bbcf6e54188d88517abb05cd22db94f51dae4dfb71a708eb95ff50517c5af02a,897086,8064271.0,566.0,7e-05,1,2,223
2025-05-17 10:23:47,39ae9a4e53242b7c0481b145b7f380b244139fef82fd199fb69a1326ed2e16e5,897086,28533448.0,574.0,2e-05,1,2,226
2025-05-17 10:23:47,44622ed6eebee7b5fcca59c61923accb12477340ecdef635ee2cc19cc4a64469,897086,26673852.0,574.0,2.2e-05,1,2,226
2025-05-17 10:23:47,f0e7d7fb4e6571065f0402dfa0789c4ace6159875d43b6ac6a93bb4f85fba15d,897086,28206852.0,574.0,2e-05,1,2,225
2025-05-17 10:23:47,042a2a13b00c060bc138cc34c38bf60ac3548c57e382dcbd1a267cf02e6d0733,897086,647640.0,574.0,0.000886,1,2,225
2025-05-17 10:23:47,cb9ca95c0355f276a7c52ba62082caf4be668fe7f0704f1228c56f9b0f548f4d,897086,111786.0,810.0,0.007246,2,2,303
2025-05-17 10:23:47,5a5a51f7ad01d77844dfa48e97d310a48a04639dcf078db756bece6ca8e43702,897086,114738.0,830.0,0.007234,2,2,370
2025-05-17 10:23:47,c9a0e057577a42630de9ac79e744be59fdc669731dd83f85ecf15f8e4ca6bd79,897086,2217071.0,834.0,0.000376,2,2,371
2025-05-17 10:23:47,e6b90b5a0044d9d878c3f21d8723d7c77883aff2531960d6351c654a4d40f51b,897086,328190.0,846.0,0.002578,2,2,312
2025-05-17 10:23:47,9eafebfe1cb20682e94f263139fd6fbbcb1fa20508f32378f9e71d52ea6b5011,897086,16826.0,846.0,0.050279,2,2,312
2025-05-17 10:23:47,0aa993d63cc5dca12d56ffe44d7a6ad98edeade6a92741ca814d9d6e61097bfd,897086,284929.0,1106.0,0.003882,3,2,520
2025-05-17 10:23:47,36309fcdd03afa3abfcad78938b595d6d14e807d16bb92d3a51cb2840e45d8c6,897086,184956582.0,3932.0,2.1e-05,2,27,1147
2025-05-17 10:23:47,9ebc2facdcb4167ef82815c02cdef95fdfbbaddcfd8bd91ebb512ae4c94bb9ff,897086,748785.0,580.0,0.000775,1,1,227
2025-05-17 10:23:47,30c481693c171bdc1bf29ef123a0ba09f1183b2b94827ebcabab4cb4b422cafe,897086,307862.0,840.0,0.002728,2,2,372
2025-05-17 10:23:47,fd9c5cb95c9db36520edeab1ea89a0c8675bf8fd760be3fc661d9f7289bc96fe,897086,273850.0,564.0,0.00206,1,2,222
2025-05-17 10:23:47,40867ec21b7ebfceb889060065a96ffee452649dc4b66168a38308bee98152fe,897086,368661.0,564.0,0.00153,1,2,222
2025-05-17 10:23:47,2df719319d0e5c6791704b6cd78f2d353f7639d370895ee465b7d5a16b3c8efc,897086,182025.0,568.0,0.00312,1,2,223
2025-05-17 10:23:47,669a30785abed1792ac8967c83dc3c21c795930597b1750bfba69d98aa911bfa,897086,29017.0,408.0,0.014061,1,1,153
2025-05-17 10:23:47,12ad833a561cf732466f6562eea3f02f947b5a3f210cf872133663759be5c8f9,897086,130013.0,904.0,0.006953,1,2,226
2025-05-17 10:23:47,1deddc34c0267438539dbc5d998579c9741982e828a9f1c69b6de45557ba1cf7,897086,2228.0,1196.0,0.536804,2,4,399
2025-05-17 10:23:47,b8c7a14772f169a9ae51048c37c36f5dfae662c537c9d3807bbce2944d7c2ef6,897086,351280.0,576.0,0.00164,1,2,225
2025-05-17 10:23:47,51498c4a8bfb2358e1362f384a04b3a2d597320fed49b87352c3f10733ab83f3,897086,289318.0,576.0,0.001991,1,2,225
2025-05-17 10:23:47,85a5dc150d757de6d5f80a2d4fa9529f7dfeb71e91824c8fd95e7bee8bd8a4f2,897086,559378.0,564.0,0.001008,1,2,222
2025-05-17 10:23:47,2d40c2827ee72c932fcce45750ee238288abedf666086d8c49bcadf57101d1f1,897086,33036.0,836.0,0.025306,2,2,372
2025-05-17 10:23:47,194969445b62426d5ce19021ca26a7f4ce0970ce3a2a2e641b82070eaadb74ed,897086,427655.0,572.0,0.001338,1,2,224
2025-05-17 10:23:47,78366f1c54b71e3a57b47cdbcc5a1bf51e8bc5911763df8157d3af7bcf5620ed,897086,865423.0,576.0,0.000666,1,2,226
2025-05-17 10:23:47,5fa780e9be9e27cc404660a11282683f82d252f00951a7a47719defee012afec,897086,263987.0,840.0,0.003182,2,2,372
2025-05-17 10:23:47,5be886384922d4364d9bb3765e21136347acb98445696365e57ea75e80bc51eb,897086,8755210.0,688.0,7.9e-05,1,3,253
2025-05-17 10:23:47,328de77b9c768e70072e3121e650d82dce524c6650ada52a3f7a68d154781dea,897086,227554.0,564.0,0.002479,1,2,222
2025-05-17 10:23:47,30bb049f4d5897cd16f1c42b7309100ac2023f45302831b9a1d7820b347dc4e8,897086,10634719.0,4772.0,0.000449,11,13,1746
2025-05-17 10:23:47,5a2b8942346f1abbf8d1b32edb0e61a1444e0008088770fcf3dbf71a7e769ee8,897086,3297053.0,440.0,0.000133,1,1,191
2025-05-17 10:23:47,9742422b04646b402aaa34e2f13a38283c81c112f50e29f2421f78f3406391e5,897086,6376.0,1016.0,0.159348,1,2,254
2025-05-17 10:23:47,24e30c04f2caee4b5dea1b028d9777aa698e1e020f91d68a75d887be588bf1e4,897086,98197562.0,564.0,6e-06,1,2,223
2025-05-17 10:23:47,a459208484af790fb95882369d994be93fd66462be12555798e5ae0bbf2961e4,897086,9989798.0,564.0,5.6e-05,1,2,223
2025-05-17 10:23:47,23b7d601ed23cb34d143ecc890b4c666b24cc39a182ba615c8585c72cad703de,897086,56463.0,836.0,0.014806,2,2,371
2025-05-17 10:23:47,bf9b82e983055ac5f50c401249a9b82d60eb500b376618507c30b77083d161dc,897086,1499436.0,564.0,0.000376,1,2,222
2025-05-17 10:23:47,8b9a82c4a299f071f998564ebfe44f29e7f4a93432df226aabbf270d1976f5db,897086,288433.0,836.0,0.002898,2,2,371
2025-05-17 10:23:47,7b310058bfa75a21e165733004350ed4c09f47498279747d4e8d509211f950da,897086,426455.0,564.0,0.001323,1,2,222
2025-05-17 10:23:47,3dae6bf8eacff745bd2de951d60d49db6e254ca477a848b990f29f2bfe8b43da,897086,193930.0,564.0,0.002908,1,2,223
2025-05-17 10:23:47,031806edf6cd6d4f96d8df29bb89957c2460953d9b57eefd91ca27391a9f11d6,897086,44863.0,564.0,0.012572,1,2,222
2025-05-17 10:23:47,a4cfcfb2e000d85aa2c95b4c669e6b59277c69ccdd25d166e43a1f46621df8d3,897086,4789.0,564.0,0.11777,1,2,222
2025-05-17 10:23:47,cdd48b4c3393c3ae15f6e3242208ec17a39cba5b94c324655901115a9a5c0ad3,897086,22755.0,576.0,0.025313,1,2,226
2025-05-17 10:23:47,d376bc1c12aa9cf1577e3088e6a755b56e47d35affe7ae1e94a487a917cafed0,897086,108280.0,848.0,0.007832,2,2,374
2025-05-17 10:23:47,736282d2a65256f614c8eac1d65a7a46b1830f6b9e9d21bdb2d96ac89191d1cd,897086,130117.0,576.0,0.004427,1,2,225
2025-05-17 10:23:47,d16ee9662fbb7f2e7a9f23039e2d3c58848ae43ac979783a48e56f468dba54cc,897086,96796.0,1976.0,0.020414,2,2,300
2025-05-17 10:23:47,fa8af3823c3efb1615582bb3bca75edfd65e1f0fee5081e5923b72489dc889a8,897086,3831842.0,240.0,6.3e-05,2,2,301
2025-05-17 10:23:47,b227ef74b995529d46317c1ce3ec9e7b8a3e6d2f0e5a27678b6b5d60db8b4d34,897086,4035344.0,264.0,6.5e-05,1,3,302
2025-05-17 10:23:47,c9f97bdc20bf35dd2952b6787fc581cfab7bed825a721caf3892fa689fe468cb,897086,9999436.0,564.0,5.6e-05,1,2,222
2025-05-17 10:23:47,bfc5acf053b0d1edb124a27419baaa8873ee6439037dadd3223a06d3a46a4fc6,897086,31043.0,564.0,0.018168,1,2,222
2025-05-17 10:23:47,b3bf9af8f4fb37f9a7a1ae411f966f7aa70bad6ba1646b64f9496bf63cfbedc1,897086,58304.0,452.0,0.007752,1,1,194
2025-05-17 10:23:47,178c6cf4daf50471b50e35debba4371ec540aa415ee730ac3d1c7ea6be965bc1,897086,1623961.0,576.0,0.000355,1,2,225
2025-05-17 10:23:47,2ea257d3c64a29d35b71e8a38ad66089884ea4e57f33afd63c71670f0629d4c0,897086,96780.0,576.0,0.005952,1,2,225
2025-05-17 10:23:47,1851f848829494c31ba1b41304f86d3be26dcbb922dcef70c36c4c2ab2d760ba,897086,766447.0,2052.0,0.002677,3,2,513
2025-05-17 10:23:47,2080ad90c2f5089633612b8c283e33505a33c821718a1a4738eef973c1bbd3b7,897086,1109830.0,836.0,0.000753,2,2,371
2025-05-17 10:23:47,41473c41bc89cbfbd96bc1c7c7a31469e85225fe7a77ff6f75625dd05f3f51b7,897086,171248.0,616.0,0.003597,1,2,205
2025-05-17 10:23:47,5c583ae76ee57b13a607cfd69d1f9b97e0da2e96fe0d077e65e772935eaa1bb6,897086,2398290.0,724.0,0.000302,1,2,346
2025-05-17 10:23:47,795b437b0340f54d98bf89ff318e26975a646e9e289e7a9c2834bc8e89b037b5,897086,432340.0,656.0,0.001517,1,2,245
2025-05-17 10:23:47,d70bba5ca0ac9446fa7a2d816c3e20328a2a2b6f1668fca2b8401d5925bf6eb3,897086,3131848.0,564.0,0.00018,1,2,222
2025-05-17 10:23:47,b432bd09c4495e36cf5f67e2f9af22ef78dd53ce48b2606dc637d5b87ec7f8b2,897086,279560.0,440.0,0.001574,1,1,191
2025-05-17 10:23:47,7960694f9670be73bff85f67a8f37102dc962bb52905198e1ab670bc16bfdeb1,897086,1802638.0,396.0,0.00022,1,1,150
2025-05-17 10:23:47,e1d769588a569990cbfcdfc143a2ac774ec4cb75a5dfe43d184158b1d2bc93ad,897086,153921.0,848.0,0.005509,2,2,374
2025-05-17 10:23:47,746181d6cb34cccd2c332c5567c69f22f6cfcb79d199fd097b21a92a87bf6dad,897086,1230106.0,836.0,0.00068,2,2,371
2025-05-17 10:23:47,03dd4b4a3dc8d732b8edf5d43ca679f78db97bd0758020fcd0ab82cad82f33aa,897086,1102407.0,812.0,0.000737,1,3,285
2025-05-17 10:23:47,b129b3a79f2e95b251aeeeee1dce9ba4ff17a1fec3cb6893fdca932a10f999a9,897086,45351.0,440.0,0.009702,1,1,191
2025-05-17 10:23:47,d52e4a0e98e76bb4051414d67f8c1dbc5fc0e5df8000a41587f6e140ddf0d3a8,897086,91541.0,568.0,0.006205,1,2,224
2025-05-17 10:23:47,43460aedf130b110281126f46fb3333f153cf7797102a05bfeeaa338a17553a6,897086,2451845.0,564.0,0.00023,1,2,222
2025-05-17 10:23:47,cf7ae795b284c9760214b3435fe976035ddb50826662980467381a554b0ae6a5,897086,622105.0,768.0,0.001235,1,1,192
2025-05-17 10:23:47,475811fe5221d1a5d83885604118355758599f2095cc667120ee363787b192a4,897086,5248277.0,660.0,0.000126,1,2,247
2025-05-17 10:23:47,cb957a1ac1317627ba2ed70079fa3cfaffbd82ab2c1d45a9efbbc78fcf2fe7a3,897086,1463915.0,576.0,0.000393,1,2,225
2025-05-17 10:23:47,7d609dc70a84f6170560c985b04b5eec1d9c50c0f695e9f9e73e9df9e9c47699,897086,43525.0,628.0,0.014428,2,1,257
2025-05-17 10:23:47,8b0645fcbddae3ae000539758dbbf35d35f7935b4dfe448b85e6e6bb8939ad98,897086,1143844.0,768.0,0.000671,1,1,192
2025-05-17 10:23:47,ccce6e4993bb5cad09c175d19afb0b26f504bbc602d40026ccb00483ed969997,897086,57620.0,568.0,0.009858,1,2,223
2025-05-17 10:23:47,a547aeb49594bd909c227540cd136f8837c29fa411d440d52c270d1900661796,897086,372857.0,576.0,0.001545,1,2,226
2025-05-17 10:23:47,51b758257c1aea845d6cb03bec095f0faa3e2b68f8803aa6570d3f9a58777294,897086,975096.0,564.0,0.000578,1,2,222
2025-05-17 10:23:47,21e1be39185d65117e56c5202af5fce99b1fa51244d9e9aee0292615c92ecc91,897086,4562.0,564.0,0.12363,1,2,223
2025-05-17 10:23:47,634362a72a704c1764362c89822d2abc05ecaa285ac890553a338fcfaa64fb89,897086,14153.0,572.0,0.040415,1,2,194
2025-05-17 10:23:47,b96754fc32a0c6720f67ee566aa3a7ba57e3bca271241ea35c3fe3230b870c87,897086,16376.0,444.0,0.027113,1,1,193
2025-05-17 10:23:47,b6e781857623d866de36460b75e999af6db0251490f1bef9a884eff435668b86,897086,23253.0,564.0,0.024255,1,2,223
2025-05-17 10:23:47,71b85fbf27a3c5774b1a2c9e951e61478ea01c7963311581ca29c936eb054686,897086,194743.0,612.0,0.003143,1,2,234
2025-05-17 10:23:47,e7882446f7d7a91fecf2277eb1491056af43f8abf29642f10dc8301b7b94ec82,897086,621080.0,564.0,0.000908,1,2,222
2025-05-17 10:23:47,04ae306608de58693fddbb95c5f3f2993a3d754dc0a93b6b35a38009f3334a81,897086,345896.0,832.0,0.002405,2,2,370
2025-05-17 10:23:47,ebc8755eb031bd2dd0aab6fe1e30f3aa5ca4c35483c0264720e05d16833c957f,897086,15239801.0,564.0,3.7e-05,1,2,222
2025-05-17 10:23:47,875d6e16c05b66d126164c39cdc666fd994e47fe158ad42bccefa085ebc1bdf3,897086,16004391.0,564.0,3.5e-05,1,2,222
2025-05-17 10:23:47,3e7d560830362be7036cc6e1476526b87e9af531bbe88e254a1dae1a7226057d,897086,602520.0,564.0,0.000936,1,2,223
2025-05-17 10:23:47,5e9a7664d1ac7c87fa853b2c599ca3944231573ef28b392d23e26d722497c27c,897086,13998872.0,564.0,4e-05,1,2,222
2025-05-17 10:23:47,1eefec2b990a359414b25f9cede69007c4778c7e1c59e12db0e9b58ef7bb25da,897086,23999436.0,564.0,2.4e-05,1,2,222
2025-05-17 10:23:47,88732ee3e08c0f53b917a32fb775873e5a8bca1a7cd93d3bbd80a972ce455b79,897086,357090.0,564.0,0.001579,1,2,222
2025-05-17 17:52:33,88f172ca8c3601848fb815dc643297e1c5881e6777c18be87d50470d8cab9487,897134,30366.0,3190.0,0.105052,1,1,191
2025-05-17 17:52:33,feab2ee6875a57e654bf0e6d751c03cf54ee95c1fa6b652045da78788f9e4c84,897134,1063590.0,3277.0,0.003081,1,1,194
2025-05-17 17:52:33,0f1cd4748379d48539f34c03800d90adb0a3d2b1ecd1bec6606195de5c1c0584,897134,135005.0,3277.0,0.024273,1,1,194
2025-05-17 17:52:33,1537b725fcb2ccae7dbbd16d6a5a4c525420cc9b2221032c27aa6616e98e9683,897134,53335.0,4176.0,0.078298,1,2,225
2025-05-17 17:52:33,f59275f34fb2c4bec337abe494dc06dbfc1ae4c11a322ccfe315cce30c366b82,897134,23982.0,4118.0,0.171712,1,2,224
2025-05-17 17:52:33,152b9c9229d4244583f2c62c942d0e9706137170cad598af90bd3c923b748981,897134,350565.0,4176.0,0.011912,1,2,226
2025-05-17 17:52:33,b06e27368232b26eb6649fb3eeb1a19b64d7bad62eb2afae40a424dce7d86080,897134,165689.0,3277.0,0.019778,1,1,195
2025-05-17 17:52:33,d5a2822aa3380a0020799cb7ab9b5edff696e68f3695651a5b6aaf3d94265c7e,897134,42882.0,4176.0,0.097384,1,2,226
2025-05-17 17:52:33,8a055a4d9d50a7e39509a17749b4da3d87ffdce36ba663f1820e263f77c5167e,897134,103890.0,3219.0,0.030985,1,1,192
2025-05-17 17:52:33,2dbd0e56671c532f3d1c70c7221eade1a85358a943ac16f3f0b994d0dbbed87d,897134,5744672.0,3277.0,0.00057,1,1,195
2025-05-17 17:52:33,917879eb27f93b9c25cddf7ea81fa5ff5a9b6094f1eb1b6825121e9e288ee17c,897134,470411.0,4176.0,0.008877,1,2,226
2025-05-17 17:52:33,ef7df581a4158af57bd27bc5a158ae5a799f29c3248eb9f68cd30f2b9db2747c,897134,99376.0,4089.0,0.041147,1,2,222
2025-05-17 17:52:33,d8fa0cb221d1ab6727d6a5c0f2744be6f0deda13f7be11dbc0c4edc0165df07b,897134,6783408.0,4089.0,0.000603,1,2,223
2025-05-17 17:52:33,a7367029b5ecab92ea96c35e2a9c309e4ec2ce37539c89959ec1d64d03cdb97b,897134,27723.0,3277.0,0.118205,1,1,195
2025-05-17 17:52:33,39e3cfab07f30e738c2b92128ea67540772b2aa4c662fc78d8e2a0990735e37a,897134,109473.0,4176.0,0.038146,1,2,225
2025-05-17 17:52:33,f67d254216aedbfc36c856e93e4ffb72683e6ee2ac15364147cda91b89a9d579,897134,45244.0,3219.0,0.071148,1,1,193
2025-05-17 17:52:33,44a8618dd3bc2d95f8a4ee73147f92649c0733c09fc932d194267c5542584c78,897134,15115.0,5162.0,0.341515,2,1,340
2025-05-17 17:52:33,1d0abea9f79794df6943eb79ffce800e542609b5d2afe7c324decfae097e3078,897134,229283.0,3277.0,0.014292,1,1,195
2025-05-17 17:52:33,146b724fd137f6ef49a108f4802195ce1c3d058075809448e1d1dbb712982c78,897134,1251154.0,4176.0,0.003338,1,2,226
2025-05-17 17:52:33,3172a33ee95d9592d4d03d8ecdfab625a673080bf505ca41624d7b4353b91078,897134,21776.0,3277.0,0.150487,1,1,195
2025-05-17 17:52:33,97aa5b671c44993f10cb89dc0cf9401b84fab2229f40ca48e4bb6c29d1030a78,897134,24784.0,3277.0,0.132222,1,1,194
2025-05-17 17:52:33,233b4077ccbc7e0bd917a8eb8e99dd18315d56fe8a0d5ded1766a1d4f598fc77,897134,605240.0,4089.0,0.006756,1,2,222
2025-05-17 17:52:33,84a6ef389cfed424e69caea84fe0572eaf58dc69becf25c8493c1bcad18c2a77,897134,38292.0,4089.0,0.106785,1,2,222
2025-05-17 17:52:33,81b707b03f1181030a78113018d40f6092786ea829f41ce5e79c28064ba5f476,897134,18889.0,4176.0,0.221081,1,2,226
2025-05-17 17:52:33,440cc9027b7f1737f192072eb24061c94a73d9be0fc6be430cde449d8ea13f76,897134,64583.0,3190.0,0.049394,1,1,191
2025-05-17 17:52:33,0ef5be9297a7ce347592a84195973fe581b79c35a4903c0656ad56cc0c509a75,897134,210257.0,3190.0,0.015172,1,1,192
2025-05-17 17:52:33,d5baa93eb9ca3433edd0dc463a7397787cf6f9b7cb8f68e901961f8dc4094f75,897134,56387.0,3190.0,0.056573,1,1,191
2025-05-17 17:52:33,c7df4533d39d18e5fe7aaa3e1278d4c9572dbab550afa736fb6bbb9351298f73,897134,23874.0,3190.0,0.133618,1,1,191
2025-05-17 17:52:33,1de98041dc392ec4ad494c818e4596335d3a641c123a4d9fb5744cfd6e255373,897134,909142.0,3277.0,0.003604,1,1,194
2025-05-17 17:52:33,f742c14cdd5d7da38aa89b84fe3cfeb3afef71e6f538cd4f6fd5083de823a472,897134,775473.0,4118.0,0.00531,1,2,223
2025-05-17 17:52:33,91c8753c120a85906f9975164e92aeada31ce8135b1cd8643940343126d92672,897134,69053.0,3277.0,0.047456,1,1,195
2025-05-17 17:52:33,479f3694f74985a51a5ca7b77f1cd4a504f5ecf2bbf055867d35a058e0031471,897134,227225.0,4176.0,0.018378,1,2,226
2025-05-17 17:52:33,c81beb97e260d2b38e8ba463f547c3ce0523d1c504c41b13efc822ddc993d06e,897134,131908.0,3219.0,0.024403,1,1,192
2025-05-17 17:52:33,e336cb5ec46568e00aab2117b2f1af1bf4bb6259a155b28ce618d1555148266e,897134,905674.0,4089.0,0.004515,1,2,223
2025-05-17 17:52:33,dd024849bd50a004872e23043ba5a4795a2f0eac15091a1d5f1a23673a24156e,897134,1552113.0,4176.0,0.002691,1,2,225
2025-05-17 17:52:33,70a33bc3c7dea7c16edd5ea4c5d4737c9dde23128f408a04d4b6c44cbcb4f86d,897134,797650.0,4176.0,0.005235,1,2,225
2025-05-17 17:52:33,6f67a788f4c9da1353c9c4c0cd96bd5ab6bb12491aab101b81782fe50874cd6d,897134,391707.0,6061.0,0.015473,2,2,371
2025-05-17 17:52:33,b7b25392b69e01e2485a07b388628190e4965409c3769d48aa4d53b52b3e4e6d,897134,1109160.0,4089.0,0.003687,1,2,222
2025-05-17 17:52:33,5e963f86a4350c45958c6dc040ce9e5e3d1b67b5079c5a55731090f436b7f06c,897134,949610.0,3190.0,0.003359,1,1,192
2025-05-17 17:52:33,b949ed6a81fd103e08e81bd72bb6643ed8e0bb374c6c6e1b03efdd10aaf39b6c,897134,58478.0,3277.0,0.056038,1,1,194
2025-05-17 17:52:33,2fdcd5d7ff9efa13c2ac622aaf50786094368435743add9819b7dbe09d35216c,897134,11271.0,4176.0,0.370508,1,2,226
2025-05-17 17:52:33,95d6d5c8d9d6e4a346a2271b3eab92c9b42be774721b09ed197a16e0e596f56b,897134,41327.0,4089.0,0.098943,1,2,223
2025-05-17 17:52:33,c8b4ce836fa6d5ce89c36658b71e040b3099db81f6c35916803f0549a35b7a6b,897134,235282.0,3190.0,0.013558,1,1,191
2025-05-17 17:52:33,be29c378fb94b149b47bdb4f61324dd37df2b48ad175d9b3619496b70695226a,897134,9230.0,5249.0,0.568689,2,1,343
2025-05-17 17:52:33,00fc1049b41786a13315937d434636294e5910dd321f413637d2d67f93904769,897134,96770.0,3277.0,0.033864,1,1,195
2025-05-17 17:52:33,896c93aa669cd30bdfa7471d020b10c4e5ebc62325ea89e342bf187c57810469,897134,167077.0,3190.0,0.019093,1,1,192
2025-05-17 17:52:33,a874e9f58c2375c4028970068cc7fdeb1adb0df4fcbf57f3d26897b116fdf968,897134,10586.0,5162.0,0.487625,2,1,340
2025-05-17 17:52:33,be1cd83ab7d4d41c897e60b086f235cd809c22333c57ef8d817f82520875e368,897134,56480.0,4089.0,0.072397,1,2,223
2025-05-17 17:52:33,999dbd337601cc35764e1b5d22e289181d98747f869614826de0f4baa8c09368,897134,91373.0,3190.0,0.034912,1,1,192
2025-05-17 17:52:33,f76b638b79d6ec4752e47b7679d6cc170b79f154f5ba616780a1688a6ba35c68,897134,131400.0,4176.0,0.031781,1,2,225
2025-05-17 17:52:33,c9e01317d990b1085d36e487c2cbac08d61f95feb403cf1e9382eea77fdcbb67,897134,966073.0,3538.0,0.003662,1,1,204
2025-05-17 17:52:33,43270ddc94c7ec9c0f1f404fee6058e686985d83b5626242e1fdaadf9dd62967,897134,130746.0,4176.0,0.03194,1,2,226
2025-05-17 17:52:33,1dde0d79bcbabdd9f8582f7cee055db4802aa70a1bbcc9294a4d4c73a8fd2465,897134,70752.0,4089.0,0.057793,1,2,223
2025-05-17 17:52:33,57365b596ceec15e198b7a2ec3ed0eb29001a84002221c3841f345d34776bc64,897134,222723.0,3277.0,0.014713,1,1,194
2025-05-17 17:52:33,dbc41d59a9166db768c8dd0a104fb69102c0deceb14618954fc6c6ab71acef62,897134,30723.0,3277.0,0.106663,1,1,195
2025-05-17 17:52:33,0d2d81cdbab9ddd470bced72d2d9787ce2f357bf93e5c5293c0f471031270062,897134,3473584.0,6090.0,0.001753,2,2,373
2025-05-17 17:52:33,f9fdcc5a68ec85727e8428195ad629f426bdf9b863aed93972858f771511f061,897134,94254.0,3219.0,0.034152,1,1,192
2025-05-17 17:52:33,40dc0d03ce4262e3ac047a63a24fbc565b8961cffc24ec85dff37f9012a26461,897134,185691.0,3190.0,0.017179,1,1,192
2025-05-17 17:52:33,5a2c0275a0e6b59b010fc5a2fbd4cc641627a7571ab65f4f15abc8c890295861,897134,4996.0,3190.0,0.638511,1,1,192
2025-05-17 17:52:33,85623b159125ab4a5533ce5fad0625af131ff2d02e4eb80bd8299a163a658760,897134,16911.0,4089.0,0.241795,1,2,223
2025-05-17 17:52:33,94e6afd7877f8b58d497d98d67efe67547b7a04b581d83a85c89d2256956df5f,897134,88439.0,3190.0,0.03607,1,1,191
2025-05-17 17:52:33,b41825118998cd8f780083ce9fc5e98e486400e4df7e8005b36735fd1541af5f,897134,142032.0,4176.0,0.029402,1,2,226
2025-05-17 17:52:33,4c20d14b007291a5e90313833cbcc1b2472ce11c66ee36d28859b1308fe80c5f,897134,527134.0,4089.0,0.007757,1,2,223
2025-05-17 17:52:33,b3b13946281250d394a2dbbac933bbe79cd25e02ef34823fe5ba36a97a36745d,897134,12413105.0,4176.0,0.000336,1,2,226
2025-05-17 17:52:33,10639aae7641a922a51c1c25579c84a84db44acb9319f5bb38f1f955ed541d5d,897134,793173.0,3277.0,0.004132,1,1,194
2025-05-17 17:52:33,d38a7eed3c7ba2c89b52a02602a2a47f04aa60f75a603202ec5b42253bbca55c,897134,1894111.0,4089.0,0.002159,1,2,223
2025-05-17 17:52:33,4146b72f808f811e0629b04d4468bab5758838e61bcf5012508f63a9f8c49e5c,897134,68761.0,3190.0,0.046393,1,1,191
2025-05-17 17:52:33,d507959a6a973c7acba12318e608f2296700250518632ac9a41b7fc8f1732e5b,897134,378711.0,3277.0,0.008653,1,1,194
2025-05-17 17:52:33,ddb6fd9080ab3b33885417278b1a6347eb882077c55b466e4c7c9b649e6b8f5a,897134,141656.0,4089.0,0.028866,1,2,222
2025-05-17 17:52:33,b07b92cbe95c1b20ad2afc99b3e442eac8db99471d4c2b5c1111b3efc02e595a,897134,23675.0,3277.0,0.138416,1,1,195
2025-05-17 17:52:33,0a8a26c2c07177492df8f0b1035dfbf368c10103a321f85056431aaf5c8a325a,897134,12462.0,3277.0,0.262959,1,1,195
2025-05-17 17:52:33,ed635eade6433374f5195f85172ec50c72d4c069a24c9039f008293a6a9b2659,897134,977528.0,3190.0,0.003263,1,1,192
2025-05-17 17:52:33,80c814a287d7f8d15d506edd8c3e4136553d0e2d12de15dac2292a2986d68258,897134,25018.0,6148.0,0.245743,2,2,374
2025-05-17 17:52:33,f7519b517709b7cf34eb154cfc70f75b2d4954a62b8e041f0d8411ab679dda56,897134,68717.0,4118.0,0.059927,1,2,224
2025-05-17 17:52:33,39b1d8803b6a6a2811d4233243301325272a506f148609710b4c89c8636aec55,897134,140390.0,4089.0,0.029126,1,2,222
2025-05-17 17:52:33,c11e711d8cf61ea1534f5ce1bfdc835e1727910d50592b793d0f1ae83ebec855,897134,73977.0,3190.0,0.043122,1,1,191
2025-05-17 17:52:33,78b825335a1a40995087365fee5a77febaf0e8463388dfa58795fed0e457a355,897134,173805.0,3277.0,0.018854,1,1,194
2025-05-17 17:52:33,d4494d5e1ec7bb84b1d80fdde4fd022b196c62d39d681d52f2c16adcf1fc5b55,897134,142028.0,4089.0,0.02879,1,2,222
2025-05-17 17:52:33,47a2950f29ad31686a37e6010d7abfb0626c6b2e8999a5b53b6e3cd756bb4255,897134,48460.0,3277.0,0.067623,1,1,194
2025-05-17 17:52:33,5410f1b27edabbfc7a19adb5e53fcf4fea8817f34133c53748df2c44403cb353,897134,3583810.0,3190.0,0.00089,1,1,192
2025-05-17 17:52:33,4566c2e4d86a69e010048a8ee0a1aebc8410aef3c672c345d3fda8b1a75f8f53,897134,121546.0,3277.0,0.026961,1,1,195
2025-05-17 17:52:33,5c78efc02286242f8e04aeaef04c96451c9fd44b290e71419bbe9c17eaccdf50,897134,231338.0,3277.0,0.014165,1,1,195
2025-05-17 17:52:33,fc292ab281b697cac60556f1caf00b9c278960d1e7795c7c52820c3b5996a34f,897134,124550.0,4176.0,0.033529,1,2,225
2025-05-17 17:52:33,8ac483e73dfa33f8c229091ca22ceabefc2d3dfec02329cef2af9a3830075b4f,897134,22667.0,4176.0,0.184233,1,2,225
2025-05-17 17:52:33,80849a7f5d55e52336d74360f9e8542009281f85cd557f35cbbe444211f7684e,897134,868186.0,4089.0,0.00471,1,2,222
2025-05-17 17:52:33,a2bab13c7139d85b2712a741d578f788b31947d7d26cd8eabf89b6431679634e,897134,1165050.0,4089.0,0.00351,1,2,223
2025-05-17 17:52:33,e74141e4298eaf10e98f7ca4f87ba7d66fcf71e937c406890670c42f3c1ce34d,897134,47253.0,3277.0,0.06935,1,1,194
2025-05-17 17:52:33,bd979f62c593ad638a2d513d675952bfb7d5ba7336fec851df4acb68ff884f4d,897134,183684.0,3190.0,0.017367,1,1,191
2025-05-17 17:52:33,0a6c9e28ed6e274dfa3d7990060b8091188cc0023c0df92c0272ffecc2d0484d,897134,142870.0,4176.0,0.029229,1,2,226
2025-05-17 17:52:33,92f571d380baebd18c6308177e6c80286f2a46fee2f671fcbaf15bed96505d4b,897134,1605119.0,7221.0,0.004499,3,1,492
2025-05-17 17:52:33,3cbabcf4545f435360b2ed1808b8dd2ab63042c15fd4badcbbe45b11fa5b414b,897134,1494371.0,4176.0,0.002794,1,2,226
2025-05-17 17:52:33,e0cc776c65aaf6daec65a76761a2c14e8cfec7c2560034b7281fe6a900c6034b,897134,63955.0,4176.0,0.065296,1,2,225
2025-05-17 17:52:33,dc27d4e113a68ecc62f7b76059430fa3711f2644e41b0bfcc01f7afb637fae4a,897134,1062537.0,4176.0,0.00393,1,2,226
2025-05-17 17:52:33,c52afacb1b6844fc078cae51a3bd7f2b3a223dda58a8db40c20c79e89b06114a,897134,657137.0,3219.0,0.004899,1,1,193
2025-05-17 17:52:33,a9db7338746035a3270602c44381531f1c2bb90fd0cb91ec88086d06e2b7b549,897134,1114128.0,3277.0,0.002941,1,1,194
2025-05-17 17:52:33,8408ecd5f6d323e51d9babf8e48ee4077c30ad759628eb6a741cfe2482049049,897134,3922720.0,4176.0,0.001065,1,2,226
2025-05-17 17:52:33,080af470d09676c254b1b42be0ca10f894a986f2054a53b54fe1c8afc0982649,897134,14780588.0,3190.0,0.000216,1,1,192
2025-05-17 17:52:33,fd06a3d17ebcca7eae6bb62f1b91f94e0acead0808e39be632ccffdbebb7f948,897134,122112.0,4089.0,0.033486,1,2,223
2025-05-17 17:52:33,f591c4f131d379ef64a94534b7e4e6837bbae3fb0dcb35a1164184b0ad96d748,897134,634908.0,4089.0,0.00644,1,2,223
2025-05-17 17:52:33,489a5df206f24f9f705098b6ebecc31f9126dbb39e5d095374f8c6a28ce60e48,897134,13925.0,3190.0,0.229084,1,1,191
2025-05-11 02:39:37,e606be18e0ff061554d5aaf1bf531a0b1cd6b933ccd4910db9c84401a98a1690,896194,103900.0,854.0,0.008219,2,1,340
2025-05-11 02:39:37,d416e7578c3ec5416b95e549d216abccd3b7170912dec03543a7ae73f4fa5112,896194,1543914648.0,1334.0,1e-06,1,6,359
2025-05-11 02:39:37,f854c7035f74186f3d924dfd1206c7fbbdada2afd0ea0720b043bdbbc2d5cdf9,896194,464954095.0,691.0,1e-06,1,2,225
2025-05-11 02:39:37,6df1cb2b302c5c2a79ebdf3531cfeb1e56457c189a28849b156e854b561ee8a9,896194,22654583.0,691.0,3.1e-05,1,2,226
2025-05-11 02:39:37,037172fc50b6cec2bbf78e8fca9657b767563013291db5a115fca2df6b296026,896194,76186.0,691.0,0.00907,1,2,226
2025-05-11 02:39:37,db4be88db1608252ca7fd3cdb8e387ef175a40ed79a6ec9be3fcf22171bfb423,896194,1011814.0,979.0,0.000968,1,4,285
2025-05-11 02:39:37,4340fce000fb48c90f7c5c955f99090f9359b6edaabb4e329586d003783874ff,896194,168994.0,528.0,0.003124,1,1,191
2025-05-11 02:39:37,7ca6e0006f04b7baf5ef20eb70d7aa01f591e7e6a6f4acc2de5718382c71d9f4,896194,75861.0,528.0,0.00696,1,1,192
2025-05-11 02:39:37,4fbb4b0ac2cce201035118d3230444ab8f5a98eee6a089cac59633ac9efd01e7,896194,17904.0,528.0,0.029491,1,1,192
2025-05-11 02:39:37,a6d31b3a86155312aba83f575913defe8fde01019a03b56d64b1199070278be3,896194,1421472.0,528.0,0.000371,1,1,191
2025-05-11 02:39:37,f27cd672645aa5e5207f26d87b3e69c34a8ceb0f2dddd6a241462a1612f43abd,896194,50110.0,528.0,0.010537,1,1,192
2025-05-11 02:39:37,2853e39a753c2d5a2222bfbc00d52e09c448f01593aacaa5bc27d8fcc606a588,896194,695362.0,528.0,0.000759,1,1,191
2025-05-11 02:39:37,ff600c6f19192926bbac73a646b20d6147178a9f68fe0c3a6efe8f0a64cc977e,896194,15472.0,528.0,0.034126,1,1,191
2025-05-11 02:39:37,349ded13867b04c9a5e192ad20f145f7aa6085384da1e10c98f03cf32094b16e,896194,44861366.0,1272.0,2.8e-05,1,6,346
2025-05-11 02:39:37,cc57b155d754e454899be3bcee856529d48d73346ae744627195647d54df5368,896194,14392.0,528.0,0.036687,1,1,192
2025-05-11 02:39:37,378df652a9edb04b71e63344f8313601f3a12a2cc8a0d8406195e458e397902b,896194,19656.0,528.0,0.026862,1,1,192
2025-05-11 02:39:37,886a9fce637dec0f66d4577663326744e7672438a64c429108dd41238e2a481c,896194,149402.0,528.0,0.003534,1,1,192
2025-05-11 02:39:37,12ffd58169924c20984583555f8aa4d520062dab1aefeb045f755a7cb83f9718,896194,28287.0,528.0,0.018666,1,1,191
2025-05-11 02:39:37,fba674ac270d5ff9b9a6a67c70161c73d22760ba85087cabf7bab7bc0cdfd215,896194,80897.0,528.0,0.006527,1,1,191
2025-05-11 02:39:37,d64290799fb3b825481a73cb3077f5f26a8b54cf83e8ba56f526b1df39989912,896194,302321.0,528.0,0.001746,1,1,192
2025-05-11 02:39:37,e10f348f67462e59b7d93e0ccf7850fed504121991cb49a90958bed24365fb0c,896194,85942.0,528.0,0.006144,1,1,192
2025-05-11 02:39:37,c37ea5710200272a71913d2cb5d7589972d254d56b8ea1c47ffa9146d41a0df9,896194,1208937.0,677.0,0.00056,1,2,222
2025-05-11 02:39:37,dba1dd7e23043b683dd1630a45d17d2aeba8e57d3ce9851968ef8cfaeefa13eb,896194,683310500.0,677.0,1e-06,1,2,223
2025-05-11 02:39:37,e541f4770358811641b44b9639d832e9958cd989388a51ff436f99cf7128dae3,896194,66553066.0,677.0,1e-05,1,2,223
2025-05-11 02:39:37,4b261beb5308d4893b7eb401aa449af27b4008e7545a749c8b8334a53252cedf,896194,54564822.0,677.0,1.2e-05,1,2,223
2025-05-11 02:39:37,0e7296ac09e94c18116d38515de03fd94fca63595a204e10f83b2d9d14ae20df,896194,258958255.0,677.0,3e-06,1,2,222
2025-05-11 02:39:37,8685f0fa1ec8ce87e60622da6d48cdf2128ac3c1ddfa38987844f8f2f35c7acb,896194,94497382.0,677.0,7e-06,1,2,223
2025-05-11 02:39:37,b04c913fd505bfbe79e0f89024312083cefde5b5f4edadcf2b535c462cabf5b2,896194,50461361.0,677.0,1.3e-05,1,2,222
2025-05-11 02:39:37,1ad90f4a386a8500efe245fef47ff64ab7faa12e38f341363d1b6c3f1af8f5ab,896194,189433365.0,677.0,4e-06,1,2,222
2025-05-11 02:39:37,cf4e802212f7a167627c295015fa28a68e360251c72847f8a7319586e34014a1,896194,43663938.0,677.0,1.6e-05,1,2,222
2025-05-11 02:39:37,6881d516fc30450dd12c56b6fb599f6185274867e07ba87535ed9c5a1174b89d,896194,875803645.0,677.0,1e-06,1,2,222
2025-05-11 02:39:37,831f1fc26f64199041b1ec6a69268c52cde39718875987f914d92ee22cd8649b,896194,1893290123.0,677.0,0.0,1,2,222
2025-05-11 02:39:37,d39a9ce0224212736f0e2f41cca5d19365e0bd95786e179800961dc719b64f54,896194,265369.0,677.0,0.002551,1,2,222
2025-05-11 02:39:37,21e96d8d69e62ce09a2f7775211d30c69905e88f63cc3f1485e621ca8a439541,896194,1366325244.0,677.0,0.0,1,2,222
2025-05-11 02:39:37,303ad0fed688b8822191af5c72b74b3a715a86840cba934bb5afeed83295182b,896194,3137766.0,677.0,0.000216,1,2,223
2025-05-11 02:39:37,798d1045608e235abba8d1b94fa2f841dd529cf707b9a71b986d2730c2f6af07,896194,45404376.0,1138.0,2.5e-05,1,5,319
2025-05-11 02:39:37,98c35841fa6a7f5851a6d80a9d362fbf02448a5b502286ec47c4f5b5199d2f10,896194,39415583.0,826.0,2.1e-05,1,3,253
2025-05-11 02:39:37,3d16fd20c63de2df0cef1a10263dc1dfcea7dd800f6568eb980e2fb57287c36f,896194,39849282.0,826.0,2.1e-05,1,3,254
2025-05-11 02:39:37,ba1bef2c946169fb013dc46aa02ecb6e0d9c7baf2eef96f1418e2c95ec463c11,896194,73226832.0,682.0,9e-06,1,2,224
2025-05-11 02:39:37,b9e4bdb17f3fa23ead9413757896eb408bda63e8b73ad52d157498c2f05148e7,896194,192279.0,871.0,0.00453,2,1,343
2025-05-11 02:39:37,a0221e735dea90c0693dd932991b4d6345405e7bf757156ba698c30cb89a5247,896194,425667.0,1181.0,0.002774,3,1,487
2025-05-11 02:39:37,3c9a56f1d16a51ade7ac8036fba31736f1101d92c2fde0cbe37c67231fa1f42c,896194,1152320.0,2822.0,0.002449,8,1,1233
2025-05-11 02:39:37,7d8510a8fa901f41e822d394e28f74ba42b35aa71187dd8e8a621bf47575c7bd,896194,17346.0,854.0,0.049233,2,1,339
2025-05-11 02:39:37,0157b62ac14f1d5aab3b550b44d5fff215698888ebb7dfb1cd5db1eb8e1e5061,896194,1066512.0,4613.0,0.004325,13,2,2005
2025-05-11 02:39:37,0904e497d187d6561d933f0677fae76f4cef18477ab543aba1a5b8e622383027,896194,102249.0,3475.0,0.033986,10,1,1527
2025-05-11 02:39:37,bc1cef2a0a81483936791b3ece3cc998c6317e44baf886860d97a994a10e9fee,896194,32454.0,546.0,0.016824,1,1,194
2025-05-11 02:39:37,0bb904b429ce70fbe3c92f1fc8c8f70f625f5ba1b20f051115f9d4941717b77c,896194,320189.0,546.0,0.001705,1,1,195
2025-05-11 02:39:37,36815f70b2580ff6c3845666154b5f44b5f7732c1b35eedfdfd402156689775a,896194,962796.0,546.0,0.000567,1,1,195
2025-05-11 02:39:37,720a17fd46ff061314623788b6d9aad9b768df19ec973c2a882096dcd8bb3e1e,896194,449187.0,546.0,0.001216,1,1,194
2025-05-11 02:39:37,a969b0cb22b3d19a4482c7117add8b303ea3607e452836166568c777ab9ef605,896194,904029.0,918.0,0.001015,1,1,189
2025-05-11 02:39:37,45ca66ddff2596fc1ce69bdbc2fe02ac50b5c487c94ad01f1926fa38d30c21cb,896194,10708396.0,6970.0,0.000651,13,2,2004
2025-05-11 02:39:37,d164eb43ac8e81bd2ad46d7775e7d64617b82b155342cc73e08f8e3b0d931b67,896194,502357.0,49978.0,0.099487,106,2,19223
2025-05-11 02:39:37,1b7f5cd7e5704a582d6a521253b557b8ace34ea1595225321aefd3bd1fc6733f,896194,13933.0,535.0,0.038398,1,1,191
2025-05-11 02:39:37,c023a4e95d29e4815066bb18788e5ac7de8d05bff71ceb29d7b963165fa1fbed,896194,32437.0,861.0,0.026544,2,1,339
2025-05-11 02:39:37,e7f680128afadb636f3854fd9cea0f9ce5044d8a164d7be1de41ace10432d89d,896194,1247571.0,101849.0,0.081638,222,2,39661
2025-05-11 02:39:37,56357f667fe5b825030037dae1ecc1d2a35b9e24cfd3929cc823c92b875431f9,896194,49080.0,920.0,0.018745,1,2,379
2025-05-11 02:39:37,1ac91f508d36baa3bebe4e39fd700e301ca36e3541872828549a74f444b6fad2,896194,45483963.0,1032.0,2.3e-05,1,3,254
2025-05-11 02:39:37,ec05c53997aa4c3caa12f78a4d3630a40a90f2e9fb5010f90d867a04df7b1c6d,896194,45598979.0,826.0,1.8e-05,1,3,253
2025-05-11 02:39:37,58af31aeaa814082a339d184a5acb5939fe5f71838e9f37744f85e4c611882a0,896194,45603788.0,508.0,1.1e-05,1,2,223
2025-05-11 02:39:37,bb7cc70f55295e811890b7ce0e555b571d1572850ef80294601510a5e5dd3236,896194,69475.0,503.0,0.00724,1,1,154
2025-05-11 02:39:37,25490afe6068f3b25263a8a8f75b67b2775b90a800da9e13962d09b1898f780d,896194,676938.0,55976.0,0.08269,119,2,21498
2025-05-11 02:39:37,0a20fdfd560e8c254b80c61a31d4176c11dddfd4dac9ca3f80ba1aa88cb77540,896194,277587.0,1023.0,0.003685,2,2,371
2025-05-11 02:39:37,3c1cb91be8e113533cfc67976225b906849daf646ec264e9233a85cacd76e966,896194,65306.0,555.0,0.008498,1,1,195
2025-05-11 02:39:37,373f1d9afd5e2eb94b19703c0a46aaf7d3adcedb68f9e71297c13d29efa6757c,896194,356408.0,31741.0,0.089058,70,2,12365
2025-05-11 02:39:37,8ff69472a442f0a0eb7ee08b5892fa08e465937c3ff9cd63917dbb2b32252831,896194,772721.0,56155.0,0.072672,119,2,21458
2025-05-11 02:39:37,46ace3bf3d6f2e9ccaa5d4c29083a98051d8fe89366749c161d8faa52e6a3683,896194,87454.0,546.0,0.006243,1,1,193
2025-05-11 02:39:37,e585e51343ee78806341d7d66cbe5b6c95fa969bc777a0fcad57c0644d8bf66b,896194,28454.0,546.0,0.019189,1,1,193
2025-05-11 02:39:37,3a363da42eca5c9fdd16682aa79336b4773f5294665ec8c87984d3da3885615c,896194,14454.0,546.0,0.037775,1,1,193
2025-05-11 02:39:37,bf4004da28cb3190da98bf41716fbc73e10c0c0bf05025f168f13f7fb3b4dd96,896194,8192562.0,1045.0,0.000128,2,2,375
2025-05-11 02:39:37,aed83b2fd04120b7b109bc1c26857b0e1def6aaaa47dc6b56cc9ee3f5cc13aad,896194,434924.0,33576.0,0.0772,71,2,12797
2025-05-11 02:39:37,7a8e1d710bfad39c13c43ca5caada82bb6d205639b7c9dd0af63f5d0d2d2c23a,896194,88745.0,755.0,0.008508,1,2,234
2025-05-11 02:39:37,a7356cc7176da0b8c87ba615fbe52b4cc6dbe98b37a80a52595e324b525c9e67,896194,1701729.0,103121.0,0.060598,220,2,39377
2025-05-11 02:39:37,934d853fb16f533ba1774a4a17988ada74415570baea26b08ad90f433d3a2ceb,896194,29989.0,660.0,0.022008,1,1,191
2025-05-11 02:39:37,48092dca6bf76145582ac29a6710ffac2783f08140fa8f9eb36792f6ed5f2787,896194,900593.0,1248.0,0.001386,2,2,370
2025-05-11 02:39:37,4f9cb4183f5861e9242300885beb05d327490364b7175911ac0e6c5d47c32e3e,896194,2214368.0,520.0,0.000235,1,3,253
2025-05-11 02:39:37,50b9d6a8ff6b061f39b325b529291200dcd3e959d260cfafe259fb5b261a6190,896194,49998979.0,1021.0,2e-05,1,4,287
2025-05-11 02:39:37,dc24b182c0d87eeb570592dab31299429700b7d90871724dd92e43a3c97a8fc7,896194,1260825.0,714.0,0.000566,1,2,226
2025-05-11 02:39:37,5fa4e94a6f339ad82480712134884544af24e3c83632dd1b4d31d44a4135171d,896194,671160.0,50519.0,0.075271,105,2,19037
2025-05-11 02:39:37,4512e95358c68ded93a65964153f8c16d8cc4473a783eb4865b4e8ac248664e3,896194,370125.0,546.0,0.001475,1,1,192
2025-05-11 02:39:37,0073e2ffd923a4f7fd3b4a83a22de28e91154711937c3099bb6e32f070efa1d6,896194,40826.0,546.0,0.013374,1,1,191
2025-05-11 02:39:37,c028df7d0c9fcaf93a80b133c0749f3183248a83e8edf19d0fac278af29f44d6,896194,36282.0,546.0,0.015049,1,1,192
2025-05-11 02:39:37,f1cefce980e3b1faa6b623ab863ff19560e2d72912c9577263a6f62890363ec9,896194,26322.0,546.0,0.020743,1,1,191
2025-05-11 02:39:37,92aaf5554ebc099c007e4f7d7e76896adfb85c8630b9d0143dc082cbd79490c1,896194,214681.0,546.0,0.002543,1,1,192
2025-05-11 02:39:37,07a188aeb4c4553bb92ed9e65f37468bde2a8e72cbe6430c61d10c744e76c4ae,896194,42454.0,546.0,0.012861,1,1,191
2025-05-11 02:39:37,3d6a555756d14e67e25766024fe3300a9d7db332c71c7bfd187a1b1f9724099b,896194,10154.0,546.0,0.053772,1,1,191
2025-05-11 02:39:37,3975c58b5a7423a359531185ae56ca382385b89b5c5c58d44e8ff4246410ef62,896194,161210.0,546.0,0.003387,1,1,192
2025-05-11 02:39:37,3d94d7e76bc78a13d79649e554b1ee98547987e5b93745d6230ec1b6a1c5d64f,896194,56451.0,546.0,0.009672,1,1,192
2025-05-11 02:39:37,fc9687aab92f3c5caf6e4beb6ded19f876b691442034a062c4e683453bc85d45,896194,43164.0,546.0,0.012649,1,1,192
2025-05-11 02:39:37,5fba71bf21f960239dde89963e102fbf82dbc8a1588e0a585079a5d6394b0a15,896194,87728.0,546.0,0.006224,1,1,192
2025-05-11 02:39:37,df3c4c9de480c7eae2f50c67defc9a28955d9f5a82190c51bcf3d22fa8351310,896194,87892.0,546.0,0.006212,1,1,191
2025-05-11 02:39:37,2e35a0d4ee8677a6a0ab14c1e02415de4b4915a7b58f199408688edb7f7c76bc,896194,92882.0,700.0,0.007536,1,2,223
2025-05-11 02:39:37,eac3fcd61441b4c18e5607458bcbeb9342299d24c62a5908fdfb06ac6f0c9798,896194,27293.0,1098.0,0.04023,2,3,383
2025-05-11 02:39:37,80c8491777ec150bf90dd013f364d19a874e648f9533bbc9d91c111376f3da77,896194,390126.0,29034.0,0.074422,60,2,10905
2025-05-11 02:39:37,04c59fd7488410b464250a7500aa1b5336869b701d5a89176500c91a26b3147b,896194,2961.0,840.0,0.283688,2,1,271
2025-05-11 02:39:37,9f13b8200b0b95f88d4c2a1ef84293fa3aeb5618d75985331798c785f4c912d3,896194,1994713.0,701.0,0.000351,1,2,223
2025-05-11 02:39:37,0d12b19764233f5d1578ff03f6a30a0ba90f4a1ce9029e10f6414af60dbe38bd,896194,1272.0,1040.0,0.81761,2,2,371
2025-05-11 02:39:37,704a371bc705e396e81e185d66d26b072997d6760ef2645a02b7033a1da5b3ca,896194,132333.0,841.0,0.006355,2,1,269
2025-05-11 02:39:37,815f04e8b0d9f941884a2fa3e10d95c6a1edbaf1119847ce3fcd361fdc051379,896194,116615.0,841.0,0.007212,2,1,269
2025-05-11 02:39:37,615ccefaa256a320276a8e4f267cee53be12fba358a7c820b543e342752b3e15,896194,117805.0,841.0,0.007139,2,1,269
2025-05-11 02:39:37,0c6b2f9777e0bd59807241c48e791571abf4eee10e9c58f37a8aead373fe83ee,896194,155078.0,1055.0,0.006803,2,2,312
2025-05-11 17:27:36,e6358fcc6013f387d7e9594eba04b1a1f7492e0cda8bb6fbb36b8e05c329bfc9,896286,156927.0,217.0,0.001383,3,1,367
2025-05-11 17:27:36,d6f5f33121da8471c8701220430a2d1d80e13df0e468ca7e37d1809a7a22abc9,896286,330.0,153.0,0.463636,1,1,330
2025-05-11 17:27:36,7797816d029eb45955104f9ab5eba3c9970723cca426bcc1bfb0f9660f6b9cc9,896286,36766.0,110.0,0.002992,1,1,191
2025-05-11 17:27:36,c961a26d653d5db026c06bcbfa2d59c1d986564f51a2038acd1e6cc95ce564c9,896286,212479.0,226.0,0.001064,3,1,376
2025-05-11 17:27:36,f08bd2414353f9903752f2031b656d3b5d1590dd4c83857c4d37bdd6c3645fc9,896286,330.0,151.0,0.457576,1,1,319
2025-05-11 17:27:36,2b37e0641c01ffb3284d5dc94a6c5a3537be0520630671e253056485940c32c9,896286,330.0,152.0,0.460606,1,1,323
2025-05-11 17:27:36,6ead7294e5e945bd151f9bed7a2793ededd1f98ccbee4e937caf626b487c31c9,896286,204700.0,154.0,0.000752,1,2,205
2025-05-11 17:27:36,26725ba191b89e3e1817533b741450ea1d33752f4bf786b138661064d1ce1cc9,896286,1637717.0,141.0,8.6e-05,1,2,223
2025-05-11 17:27:36,a6a84675cc81a8c44412083a55e8501ba32287d9ad2cf543c909ea7d7d7e86d9,896286,1657058.0,141.0,8.5e-05,1,2,222
2025-05-11 17:27:36,22bf0ee1cbdb56e69622c50147c141452826870eded37c301d1ea043d3c0fdc8,896286,330.0,151.0,0.457576,1,1,319
2025-05-11 17:27:36,b10b6a27b24a152cd83203ac3823d3d18a7e6dbda97fe37f5ecc814f2097eac8,896286,546.0,154.0,0.282051,1,1,331
2025-05-11 17:27:36,8d81d87428e02bfb2cbc6ad16d942dc0ee612caaa0edc6c5502c8aa0e8889ac8,896286,330.0,152.0,0.460606,1,1,323
2025-05-11 17:27:36,9fccfe1c134219ed4fa753d4e6ed4932bb324838682b0e6ea2a373ac65f897c8,896286,546.0,152.0,0.278388,1,1,324
2025-05-11 17:27:36,567c5f1a29da3ec1a0e3d1852e3b65454e98606fa592349e98eb6618b5dc91c8,896286,330.0,151.0,0.457576,1,1,319
2025-05-11 17:27:36,4128e4307d6f805678cad2c9a29ba9092db57c112eda8699f180fd092df242c8,896286,16591.0,142.0,0.008559,1,2,193
2025-05-11 17:27:36,c816d2ffd8b3ccdc9c218709e15268857f376d5a8a8ba33e8f199142d68b41c8,896286,330.0,151.0,0.457576,1,1,319
2025-05-11 17:27:36,aaf2b455791100472ccd91b5037e4401f8c68feaccaad2ceeacf14c7f67613c8,896286,351.0,128.0,0.364672,1,1,266
2025-05-11 17:27:36,e180f4377a10bd37b90b4a714ce92b258772e24b82c8d6d6378b6f20deb3e8c7,896286,330.0,151.0,0.457576,1,1,319
2025-05-11 17:27:36,1bbd228c8f8bac4747d1694cb03c49990adf33dfc1410cf20cbee55612f1dcc7,896286,1915616.0,113.0,5.9e-05,1,1,195
2025-05-11 17:27:36,32eb5338542b2f5c317dfc3169cd4c017a573dc97ba33e539a2cb642eb97f6c6,896286,330.0,154.0,0.466667,1,1,334
2025-05-11 17:27:36,9eee83c9baeeb2639f2aeb71312e79669d91efabf39e2b24a5de93baf8b2d9c6,896286,330.0,152.0,0.460606,1,1,323
2025-05-11 17:27:36,735788a4fb1fd67ed1f43768cfd776d650b83253ac6d6edb7c5d9266ec12c0c6,896286,25013881.0,110.0,4e-06,1,1,191
2025-05-11 17:27:36,07f2974c31513a526a78dbc7f86d30b3e1dc0a45545efd87768f6b0140f7aec6,896286,20988.0,102.0,0.00486,1,1,153
2025-05-11 17:27:36,d74be04c448f6be2e47ac4e115f53587803ee62e0f34b7b4bc3ac195624fa5c6,896286,351.0,129.0,0.367521,1,1,267
2025-05-11 17:27:36,996cb874ef9d2ce1aff22ffed2eada07c26922d6fad1e3d29fab3686f08e69c6,896286,5007246.0,153.0,3.1e-05,1,2,234
2025-05-11 17:27:36,6045c3877ad7633d0051b76f37cdc0127ef9a0c23dae01eaa99cb776c26566c6,896286,61227.0,805.0,0.013148,1,4,450
2025-05-11 17:27:36,e2a63c9572c6d90017f49a5129acd6e5a8521c8ee80014dddf246004cbaa3ec6,896286,36100.0,217.0,0.006011,1,3,298
2025-05-11 17:27:36,5f535a0dce3394ebe4fd7f22e95d81a3d38fd7264f409b39582ed1d0866436c6,896286,330.0,151.0,0.457576,1,1,319
2025-05-11 17:27:36,39e3c416654dc8b7f4b59ba24d43ef32fc97f1307c5bc232428510b4282af2c5,896286,644846.0,154.0,0.000239,1,2,205
2025-05-11 17:27:36,979d4758cc71bd6bc0a3f4cfe7918d94772975d3e8cb0804305cfb7f1d90eac5,896286,473983.0,141.0,0.000297,1,2,222
2025-05-11 17:27:36,df136aea433ff4c0c0c57853b9fa2c0761869c7e2dc68767967fdc79894bb9c5,896286,77891.0,222.0,0.00285,1,2,222
2025-05-11 17:27:36,843843ed576198312646c16f7fd1080e4402bfb7a4bdbdb22bb62977b909b2c5,896286,4248136.0,141.0,3.3e-05,1,2,223
2025-05-11 17:27:36,50f507e603688b3ad61d7ff7839614843c048d5ac2e1f4e0eb01746f44b689c9,896286,4263661.0,153.0,3.6e-05,1,2,234
2025-05-11 17:27:36,49df387f875cf1d9f41f1be0faf6ce99e525f4cbf0cb0f9254dd78e5729179fd,896286,4279198.0,144.0,3.4e-05,1,2,225
2025-05-11 17:27:36,f47e0d089abba4536f96a66cb8ce44d013f3e0601b98a5e125bb89be76b48bc5,896286,295531.0,209.0,0.000707,2,2,371
2025-05-11 17:27:36,71feabe5010bcd902b13a949ca3c15e48a4a7e1032849900f9d2887752d979c5,896286,3659.0,212.0,0.057939,2,2,312
2025-05-11 17:27:36,c3b2f42ae0eb853ff3b6adced68a6cc80fd7582642d29ebd592672497b0b55c5,896286,382388283.0,242.0,1e-06,1,4,324
2025-05-11 17:27:36,2ff8ec74e36c90139b96b0f93fa83f6a883611e8f14f0fc8166f56fff62041c5,896286,330.0,151.0,0.457576,1,1,319
2025-05-11 17:27:36,68b3d96f2f5be486067f764c4057e33238023a0a6988cd87ac0f2a8a4f12ebc4,896286,6672.0,100.0,0.014988,1,1,151
2025-05-11 17:27:36,c028444a1e9fdc16b72907b9fb3b019d1cdac84cc5e4df6f56123f7f9935d5c4,896286,216369.0,143.0,0.000661,1,2,194
2025-05-11 17:27:36,cc30b305ee9bfdd3e55b1c5e9a39c53f773ddbd7c382dc68ab6373563d0fc9c4,896286,330.0,152.0,0.460606,1,1,323
2025-05-11 17:27:36,c913e6a2f87b628077fa47519370318f107cc56ae2c8167e7efdb91374d3bec4,896286,546.0,154.0,0.282051,1,1,331
2025-05-11 17:27:36,8d20e8a662a1fecb8c1c3c2cde7619d5373b9d424eda4a7e36fb98cd091297c4,896286,330.0,153.0,0.463636,1,1,330
2025-05-11 17:27:36,95187aaf77ec98abe67f8c6a39e749b4da38ed8db125fe1d4d31915703ec6ec4,896286,330.0,151.0,0.457576,1,1,319
2025-05-11 17:27:36,7d6449c0962830c95029e0ac91402053d1d65ec58259b6362289ad0737b26dc4,896286,330.0,151.0,0.457576,1,1,319
2025-05-11 17:27:36,0c7696029f59b6db7daee711059c6e257d9107410a1ed0c3150ebedd176c49c4,896286,428339.0,200.0,0.000467,2,2,300
2025-05-11 17:27:36,f8e11c3a7dbfc601c764e5b756950ba76dc8a02fa6e533a1a5ae71f534a32cc4,896286,873420.0,166.0,0.00019,1,2,247
2025-05-11 17:27:36,06e7988934cf2aa0005ef3b9c37dd74bf45b335d9906a9e96609c032426125c4,896286,9763.0,217.0,0.022227,1,3,298
2025-05-11 17:27:36,b2daecf3b9be7c611d371a19a579435fe1e20b679c9ad06f8b592cb8e20422c4,896286,546.0,152.0,0.278388,1,1,323
2025-05-11 17:27:36,57c861f394fe36865f0da68ad2356ba0321923a5d141608df71ae8a6387002c4,896286,35119.0,217.0,0.006179,1,3,298
2025-05-11 17:27:36,c8a8e3cc68f4af3c8d7c530681d7bfba8c8be508782016fc30417482a6a2bbc3,896286,73611.0,100.0,0.001358,1,1,151
2025-05-11 17:27:36,a2e95db2c0773c7532e4ecbc5dcb1a38f7e4de25f51668e11b3d896022cb9bc3,896286,330.0,151.0,0.457576,1,1,319
2025-05-11 17:27:36,4fe882adf0c4e87ddc3470f70165d8236fee1345b523f637e515b9aab31c99c3,896286,1450780.0,209.0,0.000144,2,2,371
2025-05-11 17:27:36,a7831734902980c92c7765292d3562e43138fe7bbc5eaf22825d7c626dd586c3,896286,330.0,152.0,0.460606,1,1,323
2025-05-11 17:27:36,ddb1a7cd1139ac7dc4098265e041a042b2f59f1670a85092552655f92f7585c3,896286,20314.0,110.0,0.005415,1,1,192
2025-05-11 17:27:36,0aba0a54df8f19326a9b5b83bbdc2dba9514725e8c871a3a8b34589335a856c3,896286,330.0,152.0,0.460606,1,1,323
2025-05-11 17:27:36,1aa1ba3d01a259176fa07219fee4c4a661a80da25c4ce06ca2de60283cbb23c3,896286,291833.0,154.0,0.000528,1,2,205
2025-05-11 17:27:36,86451dd7e4223259b105f0257380bea1fdf398f89de254b0149cc6d11cf81bc3,896286,330.0,151.0,0.457576,1,1,319
2025-05-11 17:27:36,d6a34252059cf786f19650ee7e14960a4218995538b902a522e9c45cd2ed0bc3,896286,27610.0,217.0,0.007859,1,3,298
2025-05-11 17:27:36,2a8b9e92bad11b8548a454cd8ce5266d3561bb38eca4e9711c34e366c411fcc2,896286,330.0,152.0,0.460606,1,1,323
2025-05-11 17:27:36,e1a0bd429541f232730a161a70ada813be75aa4caf334123208ef176289ef4c2,896286,737439.0,153.0,0.000207,1,2,234
2025-05-11 17:27:36,94dde0b386dac7f854322f7aa351b17bf9225f05a1b8ecaac04054daa76df1c2,896286,330.0,151.0,0.457576,1,1,319
2025-05-11 17:27:36,dc5137e18ba1cc6467d393ea647ce7744c397249ffe8f63a38395d73ce3dc2c2,896286,330.0,152.0,0.460606,1,1,323
2025-05-11 17:27:36,e5236ca0dd79a15aebd28393dd4495948703a645e14c10d738eabbb92aaf8cc2,896286,330.0,152.0,0.460606,1,1,323
2025-05-11 17:27:36,ee83fae92e0fd22b7bf52ede35d7e69ca15923c1b10137cd60af28000a917cc2,896286,2183190.0,1712.0,0.000784,29,1,3149
2025-05-11 17:27:36,4dc7777fd61619ab1edc4a0ba9cf01098cda2d237c6755fd77357bf04bdf67c2,896286,351.0,129.0,0.367521,1,1,270
2025-05-11 17:27:36,70c5a94e3867da30a10daaa415840985b36c5a30ef486dfb2edee2da0fbb4ec2,896286,22445.0,142.0,0.006327,1,2,193
2025-05-11 17:27:36,6e5842a97838bbe7c4193889a922d38f8c905e10ceb5fc017e08d10c493647c2,896286,798.0,217.0,0.27193,1,3,298
2025-05-11 17:27:36,10f6cdeb643734db3c886c76183e8d9e67c41ca392eaaea171da5100029f2bc2,896286,26198.0,122.0,0.004657,1,1,203
2025-05-11 17:27:36,d543b515dd5fa685c90842ee9850329fe85b3885a31dc7c23bc4caecfbc924c2,896286,105385.0,436.0,0.004137,4,2,758
2025-05-11 17:27:36,5a90c4ffa78ed9ad6681de2ef208e7c93887b79c223bfc66d83c46d99f9c1ac2,896286,546.0,154.0,0.282051,1,1,331
2025-05-11 17:27:36,d2c88a205616d7ee7179ed70aee20578481bb2266965475e84162f0209ea5bf4,896286,65217.0,154.0,0.002361,1,2,205
2025-05-11 17:27:36,d4df1c7f1c725d2d3a127859c64615aa9b408cd4a856cccfafab67eeae93dec1,896286,546.0,151.0,0.276557,1,1,322
2025-05-11 17:27:36,5fc4fad87892b369889e379df9a13104441fd91b30b09251d68056a3a2e89fef,896286,133390.0,154.0,0.001155,1,2,205
2025-05-11 17:27:36,5ee37d6e19f48a3e815d57ca656de714a603fc73c15a37171536a022f023d4c1,896286,330.0,151.0,0.457576,1,1,319
2025-05-11 17:27:36,9ade970473b1701745260d610e674725ecd8b524f16d88373ae6855d725ad0c1,896286,110880.0,154.0,0.001389,1,2,205
2025-05-11 17:27:36,e82068b5ae9852f0bb45b1d51db7944ac450c42c922a649fb4c5c24664db77c1,896286,11949.0,168.0,0.01406,1,2,249
2025-05-11 17:27:36,73e8a7e5a408cf516cf79623f3c0c19c258efd0b549201f50995c7ed58ab30c1,896286,35703915.0,207.0,6e-06,1,2,376
2025-05-11 17:27:36,6e2bf5960168d71716e103cf13ff891e324a5a53ce0b49f5d5fbb275dbd5e2c0,896286,330.0,152.0,0.460606,1,1,323
2025-05-11 17:27:36,60f172fd6f47270d9bd11576aea18bba8a0c06d182455a92f0e4ab580731e1c0,896286,330.0,151.0,0.457576,1,1,319
2025-05-11 17:27:36,669a40a6220bd793c97eacab17e6156cd445d2193d4ca924f769bb2328a0dcc0,896286,435.0,111.0,0.255172,1,1,162
2025-05-11 17:27:36,f42f6a42609838bd1201da74e8d5300dcecfab7d5c4eaf95499a53820c20dac0,896286,330.0,152.0,0.460606,1,1,323
2025-05-11 17:27:36,b65c483c98f56ccf7a69903ff5ada441406e7bfbe491855550a58b4407e3d4c0,896286,23668.0,805.0,0.034012,1,4,451
2025-05-11 17:27:36,352c0af1d81222fd17be69ddccdfa16cf7abb2e65178978eeee340df764daec0,896286,8463665.0,5220.0,0.000617,90,1,9676
2025-05-11 17:27:36,dadbe7729c28a093313d090874069dd930f4435849ac5631d93bfa78be588dc0,896286,27538365.0,181.0,7e-06,2,1,343
2025-05-11 17:27:36,2638e1cc9d5a3710640e808cad86bf9cd940abfc955be9a54903f8fb930b78c0,896286,902470.0,122.0,0.000135,1,1,204
2025-05-11 17:27:36,6b3c97c8b2663675fe177af87894061233159b9535e791f6871478c4f8ba4fc0,896286,351.0,129.0,0.367521,1,1,267
2025-05-11 17:27:36,098c3e7bbb34c3bec78ce10160b2c5c650f619ab9dd64a852d20a7fd5d043ec0,896286,3949240.0,142.0,3.6e-05,1,2,224
2025-05-11 17:27:36,b93910940d6102aa1565834f4d09ddd06ba99435158c80bfda6fac15e626dbbf,896286,1386865.0,172.0,0.000124,1,3,253
2025-05-11 17:27:36,4a6e686fc92746a9ec6428a3942696f93a59b7205d858818543f5e5ab0d1cbbf,896286,546.0,153.0,0.28022,1,1,330
2025-05-11 17:27:36,d0c950911ce9b00546fc44e7530d2e0e5788b29e0848ff997bd48eb98ad6c6bf,896286,330.0,152.0,0.460606,1,1,323
2025-05-11 17:27:36,4f6e0ac5d88a0305267e9aa4505fae3dd69786cd7401adbc0c4eee1e6868c5bf,896286,14149.0,111.0,0.007845,1,1,162
2025-05-11 17:27:36,11832e1e0d1fb26e5ffbdcad2f48f1b74afc1f24424147d72fc79c079035bdbf,896286,330.0,151.0,0.457576,1,1,319
2025-05-11 17:27:36,756749be76b41d7d73d01e12d043ad98b0eb4511810ab670bec8be7d65af70bf,896286,2639.0,111.0,0.042061,1,1,162
2025-05-11 17:27:36,9e1ebc84a033e4e4cd57082e10cc2cfcd2ce16f63adc748d1fae15e8d7ca5abf,896286,180289.0,111.0,0.000616,1,1,193
2025-05-11 17:27:36,cd879b00e4afb253ecfc04960a015ca365cba2c3d7eccf34fa0acfbe689259bf,896286,485305.0,141.0,0.000291,1,2,223
2025-05-11 17:27:36,8780277ec3277b1dea41f152f8e94f7ffa8af7d4c4d9f65574d4df1b47d948bf,896286,330.0,153.0,0.463636,1,1,330
2025-05-11 17:27:36,0ccd0a4f3c355e42f37542600f4a434024963fa013b983744c6c6368e82743bf,896286,35666.0,217.0,0.006084,1,3,298
2025-05-11 17:27:36,99780d0c7930cce80ea04cabf08bd2096a9144f898a1e56daa48575613a23bbf,896286,48274.0,805.0,0.016676,1,4,450
2025-05-11 17:27:36,39116525f86ccf3fbfa6f59111cb929988116c7721a62c71785c35e4170b38bf,896286,277202.0,212.0,0.000765,2,2,312
2025-05-12 21:13:18,c008e8f0b8cc662baccdbb71b53213cc2561b85b57f87fa5f3bc4157be03981c,896458,8241.0,1604.0,0.194637,3,1,487
2025-05-12 21:13:18,1f0351449146a7b414b60986aaba632e78aa35b6a762d7843f30a33039a694b8,896458,26718.0,882.0,0.033011,1,2,245
2025-05-12 21:13:18,95b14cbcc701bf1ff8de6f9499c4be357cd499bbcb2d16c1fd7a1f8a38d5126e,896458,14347.0,882.0,0.061476,1,2,245
2025-05-12 21:13:18,16675fc3a0bc669cd7aba8e74f41e48ad0a2f2ed1624411bf99647b2fe222eb9,896458,1017412.0,1680.0,0.001651,2,3,447
2025-05-12 21:13:18,591c2356d35ec552be5dca23ff19b035d60006c02272e2642d1cdd03c1120e07,896458,493645208.0,792.0,2e-06,1,1,215
2025-05-12 21:13:18,e0ef68a4bab0b23a55989c349ba19cce7c5174d80e1c97f9563e588f074ad1bd,896458,12618663.0,846.0,6.7e-05,1,2,224
2025-05-12 21:13:18,c01de49070bd61751c01e765d4c08bc05871e0df1cd3c6436ce2cd4ec6807dd7,896458,9138.0,662.0,0.072445,1,1,193
2025-05-12 21:13:18,b505dfd789587a7940a05d9f47f7d83c47bfe4a10c1d52abcd470011acf303b6,896458,657070.0,663.0,0.001009,1,1,192
2025-05-12 21:13:18,99e411e30a128608e2f259701cb6cfe1c79a52034a829536f467736274ef8dbc,896458,9521.0,675.0,0.070896,1,1,195
2025-05-12 21:13:18,265a15741dac6e3c70dc90ecbf155844668c1ac96cc05c9adecb745dc8706250,896458,1056960.0,2637.0,0.002495,1,2,194
2025-05-12 21:13:18,e64646f141be4ab5c48b2140159691745af67c350cef37c56878e0193503a184,896458,1537693.0,255.0,0.000166,2,2,302
2025-05-12 21:13:18,c689199a23ab5ac406862ee97d4ffa4d1f5785da15b32a2bdfa8df26dbc69d25,896458,1959492.0,239.0,0.000122,1,2,346
2025-05-12 21:13:18,1fed74790488ccd5bf609d9e10bb8261e85c89c81061a0520e641801dfd05bc5,896458,6745965.0,1683.0,0.000249,1,2,223
2025-05-12 21:13:18,6ac84b97febc017343269e1295a5196989f963ded7ccbf660f906102efd4c65b,896458,16571064.0,883.0,5.3e-05,1,5,478
2025-05-12 21:13:18,43c7ffce895e0e3b70914695c1434694e572f4e70dddd3e301d65f5ed1d28847,896458,394713.0,987.0,0.002501,1,2,246
2025-05-12 21:13:18,8a366d173b09b11f7a7af8f547ba36fa56c2dc1f44b5464b9570fcbcb08d68e5,896458,6393341171.0,29334.0,5e-06,31,16,10790
2025-05-12 21:13:18,2936ea994b7881ab7e9f90f5d9d322906afc6ccdddd8bff2fe0a5b5f4d310486,896458,929000.0,659.0,0.000709,1,1,192
2025-05-12 21:13:18,572e49a6294b10e2e6909a4159e3b22674d7550bd2ab02b0715edd0d7d3006c0,896458,6006673555.0,1555.0,0.0,1,2,226
2025-05-12 21:13:18,fbb7f532cece64b7a6857f5aea1d0b4f44fbf90d611b5c915427a05706033ff6,896458,6006689010.0,1015.0,0.0,1,2,222
2025-05-12 21:13:18,46105f82b656d67e50e3151fbf040770d6a4370aaf8aae0afafb4e438194d279,896458,6006703799.0,691.0,0.0,1,2,225
2025-05-12 21:13:18,cf05a53897bf89aaeffc22aba6b9d8683fb0e5711ee6069efa6f7c2222d7c563,896458,6008630885.0,173.0,0.0,1,2,225
2025-05-12 21:13:18,8aa1034ebf124ecb110bc466b21b59d2ad686851c63e25366f966316eda499ee,896458,1489726.0,1607.0,0.001079,1,3,526
2025-05-12 21:13:18,952f7015cfc706a430a9b46cf60f06a4cce89281bbb6a10bab1c33b7486936fc,896458,480196.0,924.0,0.001924,1,2,205
2025-05-12 21:13:18,130f3787fc4fa43dfdb2c6a28b95f0b0125e69e50bcbe80a4c0b67a989f766f1,896458,6872434.0,1590.0,0.000231,1,6,346
2025-05-12 21:13:18,71893e2c68357383291727c7ee932484077413794fb7e03cac9a8834ed84e6ea,896458,37194.0,660.0,0.017745,1,1,191
2025-05-12 21:13:18,916c776a93fd9077c9ee3fd1294a30cf82a02f2055717fd0dbab60932b3845e4,896458,86564806.0,852.0,1e-05,1,2,224
2025-05-12 21:13:18,4d6e1bf4ca3944eaa8813bb5dff968f7eff1d7dced4fbe118e8f1ee57f0cb6d5,896458,3263883.0,2700.0,0.000827,4,2,774
2025-05-12 21:13:18,fd3170576f9ff00b7741df7761571f25256d2075db752cbc5b205104a39addcd,896458,650158.0,846.0,0.001301,1,2,223
2025-05-12 21:13:18,5d2b1be44464cc74c604ba1e8d8585562aa8fd84eaf41b0ce99b93496245a6cc,896458,214782.0,846.0,0.003939,1,2,222
2025-05-12 21:13:18,c7e64580fba9731134f0e55ffd9a57c3fc52b15bf7215ab059da46728b7375c6,896458,1664639.0,846.0,0.000508,1,2,222
2025-05-12 21:13:18,a3995685d9e4dcfb82117de8f92f4141251131928db750419934739e229dbcbc,896458,292942.0,846.0,0.002888,1,2,222
2025-05-12 21:13:18,6e0a9b171a91eef11d887e83640152add5de8014d9fd3b929f6e022d51ae7bb0,896458,61476.0,846.0,0.013761,1,2,222
2025-05-12 21:13:18,acb99d66209b541ada1c548c170a1b728668c38c72712a7c54485ae80dc03cb0,896458,16320.0,660.0,0.040441,1,1,191
2025-05-12 21:13:18,e5bbbb84cb1e588589f2b7286960cc33149d8f8af08431c56fad030f34e151a3,896458,6713582898.0,846.0,0.0,1,2,222
2025-05-12 21:13:18,299e8825c945738f1121038bd7b8365f6bdecc3d0fd3007d15601c48f5986ba2,896458,4340.0,660.0,0.152074,1,1,191
2025-05-12 21:13:18,60b9d29cbd2434e383db2fcedd56b9cc0830a7cf6b3a77d017236d22e6fce4a0,896458,9518204.0,846.0,8.9e-05,1,2,223
2025-05-12 21:13:18,0d549fa7f9b3f6125fdc6cc6059eb669aba2e76958f13f2bdda18dfa5489fa96,896458,155537603.0,846.0,5e-06,1,2,222
2025-05-12 21:13:18,5bce3992056d1b5d3762dc4b9328959c35998d03e585f92d8e8e0af8ca795396,896458,24804.0,660.0,0.026609,1,1,191
2025-05-12 21:13:18,902b89cccaedfebaa91b289dff44ec3de22ba72d80c6e7789db958896b00f691,896458,36542.0,1332.0,0.036451,1,3,303
2025-05-12 21:13:18,6ec1ec9fd4717ba0c96a3c63ec6d58f36bbc0caab9fc4e7e41e17c110a5b9789,896458,14153368.0,846.0,6e-05,1,2,223
2025-05-12 21:13:18,b810e6bb1154d40df0ca64174a0c077844f0833acee28f970cfdb74ec136007d,896458,16340.0,660.0,0.040392,1,1,191
2025-05-12 21:13:18,298e71ff8d5964db0050007e8828d97cbe0758b0d56527d320aac429f445847c,896458,246660.0,1434.0,0.005814,2,3,401
2025-05-12 21:13:18,77ac5f6595ce28aaf6dfb450bec031daeb7816713dfadf1ad5fc18d5dc743c7a,896458,482418721.0,846.0,2e-06,1,2,223
2025-05-12 21:13:18,a52368b59024d6dcd2bfdb4d7b33074d357f58c3d796ab57af57f940fd51377a,896458,181400799.0,1461.0,8e-06,1,2,219
2025-05-12 21:13:18,c3ff3f2a1c63ead76ee67ef4926fbce80278aead88f5c1468f1d88e1502631aa,896458,181442270.0,735.0,4e-06,1,2,228
2025-05-12 21:13:18,a6071eadd7a1e19aeabffb5567e1f258686ced399518338d31b0ed9c00e6446d,896458,17494247.0,4614.0,0.000264,8,1,1414
2025-05-12 21:13:18,2ed339a5481c17827f88fff3127d2456a0bf6d6ebdd34e3b7ab9dae209c5295f,896458,794367236.0,1354.0,2e-06,1,2,222
2025-05-12 21:13:18,c9a7c78d6c5dd780c1bc8d2771671749c882e14b8770bba313557f9bc160d732,896458,794385028.0,338.0,0.0,1,2,223
2025-05-12 21:13:18,66e2318a578bbacabff55a1d1346b01802f6326c2c04aea876ab170146eb535d,896458,50411139.0,1272.0,2.5e-05,2,2,375
2025-05-12 21:13:18,0e048d8d46c417d27b6ae32dd53a268152f77bb308d64a5bda23e0111671f558,896458,34687239.0,2388.0,6.9e-05,3,5,548
2025-05-12 21:13:18,10fca61cfa2237d92edeee31180c310cfe357b205b77f1306725d8b3a60d1656,896458,141923181.0,1254.0,9e-06,2,2,372
2025-05-12 21:13:18,2bc52ec86a4904fbba7166005e581efe58fd76114a26176a71ee42add65a4b55,896458,895698.0,2994.0,0.003343,2,9,631
2025-05-12 21:13:18,3435009704671fec19cb1b2166b360ffe96bf36861167551f16f2cd532d7a554,896458,78734.0,846.0,0.010745,1,2,223
2025-05-12 21:13:18,27f2abbb2f9974dd3d54cf6f3dd53d6105fe0d105edea510131ef9d3c1729953,896458,1658438.0,1662.0,0.001002,3,2,520
2025-05-12 21:13:18,692a39c654dc83dd15e84c5e00457c579a79281c67405c37cab8a06fe36cd950,896458,38192.0,660.0,0.017281,1,1,191
2025-05-12 21:13:18,379cec4d31e166d0764510d7f868a7c4aa98f9e7759e57b0d5e651af53083a4a,896458,399668.0,1332.0,0.003333,1,3,304
2025-05-12 21:13:18,e20ce805be928ef1b2c0f4af7f8921501d430a23eabebc32fa293e17afe63346,896458,28940.0,660.0,0.022806,1,1,191
2025-05-12 21:13:18,618b56d50e751d96d60a49357bcd2a291012b657eb5339497e6ad00f51700b45,896458,5757118.0,2976.0,0.000517,5,1,900
2025-05-12 21:13:18,d560cac02306e36d3953befc24f17ce2d4fe98fdbf88726f3a3c7c8d97206a3f,896458,1728.0,660.0,0.381944,1,1,191
2025-05-12 21:13:18,8210932e069b4c802e34affb6d9888e9e4c1a7631a6b45fbf09a166f4ec1903c,896458,15019.0,660.0,0.043944,1,1,191
2025-05-12 21:13:18,e8ec1d3e6fb944c9cf1a4dfa59c1531c2ee7634ef41fd4e4be91757bfdfe9532,896458,48113.0,864.0,0.017958,1,2,225
2025-05-12 21:13:18,8c465d15e1f8a9603ec35ae93755bcbd03518429933f5a2eb53bb7547793642f,896458,699400.0,600.0,0.000858,1,1,151
2025-05-12 21:13:18,2d7ebd2ae09e9fd63affdbadaa96caef9ee572ef76e22ca1634b69189b1ea52d,896458,125550.0,678.0,0.0054,1,1,194
2025-05-12 21:13:18,44b5ee657f66d93aafdf396d33f43340f52b7db34598f0a6d5005b44aacd8829,896458,48450.0,666.0,0.013746,1,1,193
2025-05-12 21:13:18,d0d2e80403c65cf5b6f02a6120552fd35d876b972d1a0453c8d3e0218b9e0c24,896458,738860.0,1140.0,0.001543,1,1,190
2025-05-12 21:13:18,c8da47f895f783b7871b1c524081544e309ed719cba518c4f005cc64c4608722,896458,50322347.0,918.0,1.8e-05,1,2,234
2025-05-12 21:13:18,dafef8791661314e215e528d8c7a80cf190165ddd99cc139da8f694b38e9f820,896458,13723.0,660.0,0.048094,1,1,191
2025-05-12 21:13:18,a97dc7cc9ea0590a080945f1c843a853a07dba748ff6169300aae30e3f3cd01f,896458,904507.0,852.0,0.000942,1,2,193
2025-05-12 21:13:18,4b4d1557a02ff10b681e39d5d719fd6e51347202b279017aacb664553812c61e,896458,9088481.0,1884.0,0.000207,3,1,557
2025-05-12 21:13:18,a388797d0b7928c4c13b941b70cf62328b532cea98f81e4b3e8f59f55a414f17,896458,563880.0,846.0,0.0015,1,2,222
2025-05-12 21:13:18,128a77420df93c398ba3b07de082bfd8ea1ffef4300b0160c9ee9c128ee8c115,896458,15117.0,660.0,0.043659,1,1,191
2025-05-12 21:13:18,b39c3b824aceb6ffb80b2aa02c34250896b5c002a6238ca9d0fd2c8a4facae14,896458,24862352.0,1326.0,5.3e-05,2,2,383
2025-05-12 21:13:18,8eb0ae439e0672481deb398deab9d4d2a1a2bac75900af64542cfa1d97e1330d,896458,23805.0,660.0,0.027725,1,1,191
2025-05-12 21:13:18,d147dd2f3528348302c1fcb6c6f9c73ac75cfb30af92095e5a9448d1869eee05,896458,108690.0,1032.0,0.009495,1,3,254
2025-05-12 21:13:18,7adc1c1edb92b13dcfe6a3feac586d51f8f55203817747cc47a40a19e3cd6003,896458,23487.0,660.0,0.028101,1,1,191
2025-05-12 21:13:18,ccb2eac242b0316801aff549d1cd1e3ef70da296037178e1bc512cd23d427d00,896458,4792104.0,11166.0,0.00233,20,1,3477
2025-05-12 21:13:18,5e6fb82e70bf3bea0f094d850b52a26a2925af0a19cb7c5d474899572b264244,896458,3745995.0,3380.0,0.000902,4,9,885
2025-05-12 21:13:18,d1391f784ded1b1d2bf1fedc75582f2c788e0740b7c0546804b283a347ef19c2,896458,4522690.0,11166.0,0.002469,20,1,3473
2025-05-12 21:13:18,4ceb5f93674679283e07494feecfdb57c53c0bdb311cdc0424fe866a6711de3c,896458,8288440.0,4068.0,0.000491,7,1,1241
2025-05-12 21:13:18,6c30ac13f3c2aad696327025718e3b8cc47b9a51b58f1d36946746a7b61b372b,896458,112711.0,1877.0,0.016653,3,3,462
2025-05-12 21:13:18,c0a079fb4a93d3444e246ba65ee16288ff82381673ff45f7bf5dbd7b94c80a26,896458,45894.0,1071.0,0.023336,2,1,340
2025-05-12 21:13:18,02dba1480b96b278cba1067c3dbfbc4703d5523eb163884fc5436295435d9da1,896458,20947.0,1338.0,0.063875,1,2,222
2025-05-12 21:13:18,1a157d0f7122162f969f29c5aff05d1b43b13e7927a6dbf7cf86078f0430c648,896458,17071747.0,1254.0,7.3e-05,2,2,370
2025-05-12 21:13:18,695fd30b0e822585176f9bd1b3a1571a9f7a5c2c552e290de95728a557ed1e9c,896458,2956170.0,855.0,0.000289,1,2,222
2025-05-12 21:13:18,fda7ce6d413d30117ed5a9878102d4ecbc258ca4a8699aa0cb50926279788211,896458,3024599.0,846.0,0.00028,1,2,222
2025-05-12 21:13:18,521954fb67470092320ad062af30b5c4780c3f6813c65e8bf6e77080884bc823,896458,7448733174.0,2226.0,0.0,2,2,369
2025-05-12 21:13:18,8467b00abbc0d6e843b0d059474451266cdd0d42d8ada4cf19f7031441feb569,896458,1008407.0,1068.0,0.001059,2,1,339
2025-05-12 21:13:18,beb90f5aea265ef2bc36cdd3ff0b6584e18b5de719ae58c0b9362a2764c050f1,896458,2197511.0,858.0,0.00039,1,2,193
2025-05-12 21:13:18,730aa236aa1460f247cb14c17fdcaa2bf4c4a333d1b97a74ac675f149aae5822,896458,7055.0,2259.0,0.320198,3,2,410
2025-05-12 21:13:18,4c69a1139db6da0b724b97d0c8efeae70fcd6dcb312cbdf309ebf119ded9fb5c,896458,2500.0,346.0,0.1384,1,1,407
2025-05-12 21:13:18,a25ee459aa41bbcd0dc279bfa8766b33684b0dc05ca103a474b16e86a8dcd491,896458,1658900.0,853.0,0.000514,1,2,222
2025-05-12 21:13:18,e6209f6f6ec9bd6d80e10a72872b5682c366f66c924d3aa66efe372307b49f5b,896458,149368.0,666.0,0.004459,1,1,191
2025-05-12 21:13:18,c064acd1055a95eb562c045cd1a0f71d9e27dc12ec191a76f7f9fb1a048624b8,896458,1324533.0,928.0,0.000701,1,2,234
2025-05-12 21:13:18,423b2aca47992bef49b33e22faec39941ca02a44d0df72e0343e4e705ed2e4cf,896458,1130114577.0,1242.0,1e-06,1,4,286
2025-05-12 21:13:18,3bdc1a29b623c53ef62d4db048353ad8e4007a1dae95c5fa411727864d5e41df,896458,1026309865.0,1140.0,1e-06,1,3,268
2025-05-12 21:13:18,58f6fe17372aa95265b43881eb26d0403ccbce09c2da197efc76ee3296a460a8,896458,1026309955.0,1050.0,1e-06,1,3,253
2025-05-12 21:13:18,033ad17ea59f5143826710fba20b17ea6b4e056af14ed83133b365b107916e9d,896458,57997157.0,862.0,1.5e-05,1,2,222
2025-05-12 21:13:18,4d514ccffabfbdb191852b95e22214b941aacd166c05855d616b29eede237426,896458,14690249.0,2771.0,0.000189,1,12,532
2025-05-12 21:13:18,0660184cb753060a5361621a03b8bc90152dfa17b2327d50c8a88d142738e2bc,896458,17114876.0,2120.0,0.000124,1,6,346
2025-05-12 21:13:18,0fb475c5cb06d067c1248d93b5e601b899791b56e44de34e2cf9502bbb2d0db5,896458,17289132.0,1218.0,7e-05,1,4,284
2025-05-14 17:04:35,aa14591da25351e9133fbb683bddd1f27f5affd584939b9386b98dc2197eb0f6,896698,66166.0,423.0,0.006393,1,1,191
2025-05-14 17:04:35,14956c4c486a6da67beaafabee5c75dde6e93a8040a29264c10496d508f5ffe4,896698,12906.0,423.0,0.032775,1,1,191
2025-05-14 17:04:35,5aef3e884fdc48b7628bb6ac33a9c5d2eb95b84a5092e59e51a684c63a79cdcb,896698,12269.0,731.0,0.059581,1,1,189
2025-05-14 17:04:35,6194bdf03bb6fabab0fef66156278c338b407f58b2ebe3c1a968e8db55d2936f,896698,12515.0,440.0,0.035158,1,1,195
2025-05-14 17:04:35,8a569f2bfcd384fa751cbbeb38cbebf2593e6acbf8ce7ed0726966a367920641,896698,1242373.0,440.0,0.000354,1,1,194
2025-05-14 17:04:35,437f5ea389a173a4a6770ef3ee743ae85c223477f25ea490b9c5b809f9ccfa44,896698,89876.0,562.0,0.006253,1,2,195
2025-05-14 17:04:35,63d6a6028040c71fb03410b653fe0dcbf4fece44effe26cb5d34c1179f9f77f4,896698,235718.0,1608.0,0.006822,5,2,814
2025-05-14 17:04:35,c955e3ee8d62da18fe5fcddb51913400bdec7d298e886b1bdc13c0a8b6fe3ef6,896698,7523664172.0,1490.0,0.0,2,4,460
2025-05-14 17:04:35,a0042d1b7031421a4c89b25a00f1bbe2b63c4672af1b96d036053f116fcfe7ee,896698,31708952.0,288.0,9e-06,1,2,226
2025-05-14 17:04:35,e989fb263753c5ec19df0b8652f739b09bd1ecc091bc42f2bce175b404dc4d5a,896698,8399997847.0,686.0,0.0,1,2,379
2025-05-14 17:04:35,200bbdf4fdbbbb9026f8691ecf7fe19b827a9fc4fcc3a31ed8bee02245bf508d,896698,195588.0,520.0,0.002659,1,1,214
2025-05-14 17:04:35,c5fa7f858b8751f16ea0ce8431b3f5899a6e8b95d6ebd147af26d530ff6335ba,896698,216511.0,1873.0,0.008651,6,2,962
2025-05-14 17:04:35,41984f4827493cc44a38428ce5271bc1b8d2c7ec1797af7fc38d1c0e0316a0c6,896698,3949354.0,646.0,0.000164,1,2,247
2025-05-14 17:04:35,a49346bb765a9e6d5af7a17742177197192c1dc89d9ed8f95055fc1572759a7d,896698,51249354.0,646.0,1.3e-05,1,2,246
2025-05-14 17:04:35,c24e6f690dfbe69b77d04ccb906d0d231e75b1fec1496ce6a7692c1e6869224f,896698,53710554.0,646.0,1.2e-05,1,2,246
2025-05-14 17:04:35,931fffc92b5627a1381ecfc0a3eee212b6f2811dbfb0a55492341be06e7006f6,896698,280853.0,564.0,0.002008,1,2,226
2025-05-14 17:04:35,b73bb284ba5adbfaa61fca874ed5a46ef2f8dc738a99e1cefe4f40c31a65ccdb,896698,97955.0,564.0,0.005758,1,2,225
2025-05-14 17:04:35,a11876c2752de1a0c66e247ab63cf0bd30ad88353574ebb3ca178f2f5a72bdc5,896698,252208.0,564.0,0.002236,1,2,226
2025-05-14 17:04:35,ac0d7659e8803f61a2cffc3538e47941aabd93ad1899bf775609adb3428006bb,896698,369065.0,564.0,0.001528,1,2,225
2025-05-14 17:04:35,5fa0ca6de08bbca422cd83488612e549bf86b2dccf16ace9544e30273df8bba9,896698,44422.0,564.0,0.012696,1,2,226
2025-05-14 17:04:35,6086b6824b7eb071d82e5d70dba35afd868d9056eb43211dfe36dc349acb8384,896698,175568.0,564.0,0.003212,1,2,226
2025-05-14 17:04:35,5c3d3b8fbc4c9156c424cc6ccdb8830fc49ef237483afa108765e16485fb566b,896698,4491954.0,564.0,0.000126,1,2,226
2025-05-14 17:04:35,724133b5733ed27fc3f73c9ee0ed298cb6b28c33e51845c118f44e0d3244e44e,896698,2270577.0,564.0,0.000248,1,2,225
2025-05-14 17:04:35,7f74e583bdae2bf764c52b2ff6a996b46732cc77db7ee8c30999dd45f7cb9f34,896698,69589.0,564.0,0.008105,1,2,225
2025-05-14 17:04:35,c54685cf3284f9011e211e3ddc146a1b298577f3e2bce727d04404bc2ee6252f,896698,62036.0,564.0,0.009091,1,2,226
2025-05-14 17:04:35,354ae2d5ac92565085184af8e82c83b95ebad1fc1380a8ad9c63d0cf956a4d28,896698,83756.0,564.0,0.006734,1,2,225
2025-05-14 17:04:35,5f573bd0a303d4e81ca3215896fdf86a53c827a2b4943b1ffc79f5c988439d20,896698,247436.0,564.0,0.002279,1,2,195
2025-05-14 17:04:35,ae6f65787c9bdf659e0fd92cb0e7831e0ff9040ecf04d45583b5a88965ff880a,896698,543408.0,564.0,0.001038,1,2,225
2025-05-14 17:04:35,16b77b6007e49a84ab7ae9d95b7059386a4d4a22b122ad893415362e5539ef67,896698,13287.0,1048.0,0.078874,2,3,429
2025-05-14 17:04:35,143f08e2b13b6b60a4bcc111e939bf613c971c2eec6abe08d9f4bd691f375fd0,896698,152073.0,432.0,0.002841,1,1,191
2025-05-14 17:04:35,c2d53f2ebf8fd3960adb1ffb30ea49c5c9ae8da74978570f0e4b12232c312dee,896698,19304984.0,436.0,2.3e-05,1,1,192
2025-05-14 17:04:35,dc866c71de188e6dde0917c33513e6761aee2ee31df5f566423812066c259c12,896698,67238.0,436.0,0.006484,1,1,193
2025-05-14 17:04:35,fef3bf824e6924ac8728a23277c65eee90be66679c60c1e400432055af07ae94,896698,295257.0,444.0,0.001504,1,1,194
2025-05-14 17:04:35,ea6b247c0b81f7604d9ab870eaa74561b196f1f5d1461d2cc7f59bb81270559b,896698,5071674.0,566.0,0.000112,1,2,195
2025-05-14 17:04:35,1e3c94f9a9a863cf702743f2884fa3e5147de927e0e3adec2c74edb0cdf9473d,896698,15472.0,704.0,0.045502,2,1,341
2025-05-14 17:04:35,ee3df222e49ec547fa7d51147d37b4b6d5a7f443dac98fc0b9fc245affeb7113,896698,46561.0,546.0,0.011727,1,1,191
2025-05-14 17:04:35,3c1751e9a600ef7bbb515504090d56a205d1a5c697c412af05681f62c591ab20,896698,107917300.0,1202.0,1.1e-05,1,8,416
2025-05-14 17:04:35,5815ec31b6e43a64d8587fcf3be4ad907bf6b2d21b1cac86be60cf10826fb028,896698,835478.0,654.0,0.000783,1,2,247
2025-05-14 17:04:35,199ab12514c54ebf66fafd4bbb90b043ef491d419ae530eb0283590ac306a636,896698,108348.0,824.0,0.007605,2,2,371
2025-05-14 17:04:35,6065a79b56275e2f70e5a642336d19bbf79d26a53900171b278882920137bdd7,896698,2318917.0,556.0,0.00024,1,2,222
2025-05-14 17:04:35,f275317e363a25c93aed52d06e498ef62de8b1887d2bc30c68a5c90d92be12cd,896698,87517.0,556.0,0.006353,1,2,223
2025-05-14 17:04:35,4a7f15108a592dfdc996711ea803fa1b4cbe3f2f40388fcb956d1694603aa7be,896698,771170.0,556.0,0.000721,1,2,223
2025-05-14 17:04:35,123eca7a1df233fb147ba789b4241b13eba1e08040bc863d6697faa2bd5fab32,896698,24903.0,556.0,0.022327,1,2,222
2025-05-14 17:04:35,03ec6ae1f4a28e93d6de26ce136f7dbd3cbeec9bd6cb408cf06363b89b4ef83d,896698,94234.0,560.0,0.005943,1,2,224
2025-05-14 17:04:35,69ff39e4cfe44e7136451774fa110a4b08049807641aa187656273666d2b9e66,896698,1442931.0,568.0,0.000394,1,2,225
2025-05-14 17:04:35,f48557b0e09e03dd41b0dd4b9bcf4ed722cc40129c3a8f03dfe301223d1865b1,896698,741688.0,1614.0,0.002176,4,3,733
2025-05-14 17:04:35,d195fb12024c6df4f6d8eb794c69cac292e076d2d6975ea8f6f1f54d3eaff0d8,896698,73084.0,558.0,0.007635,1,2,222
2025-05-14 17:04:35,26cbcfc010c5c5047a7585c3982c2e6daf5a39765f4c63399363700f13d6d6d7,896698,263815.0,558.0,0.002115,1,2,222
2025-05-14 17:04:35,5de988265de14006b9634da2cd62cfb1638aeac9227211f8c8820b56864069c7,896698,4612696.0,558.0,0.000121,1,2,222
2025-05-14 17:04:35,c79d5ce77c09d7e30f94dd046f85e987e5bf9e5a85b4d261c69ffebd5253c0ba,896698,89778498.0,558.0,6e-06,1,2,222
2025-05-14 17:04:35,befcb6c8f8e6504e2612c8ea916604eb56d6e4670f39895e21ef786acd3587b8,896698,96836.0,558.0,0.005762,1,2,222
2025-05-14 17:04:35,c027e5d24b34029a1ffc63a704640ffa4d2278b6d18acd4825f6e422c880f2b4,896698,24624381.0,558.0,2.3e-05,1,2,222
2025-05-14 17:04:35,b8f4c724a98e49ab7fef55e6bbd821025d6de5bcec16681b759a6f2d2db81cb3,896698,62249985.0,558.0,9e-06,1,2,222
2025-05-14 17:04:35,cc24d032313d515299b94962d534a70cae43279c928c32e809229db79af3cb9d,896698,270388.0,558.0,0.002064,1,2,223
2025-05-14 17:04:35,4baf316b5b81722fe6b038740716c7eb40df25508e42c84b0c94099907d53098,896698,4575168.0,558.0,0.000122,1,2,223
2025-05-14 17:04:35,b33b6a1187a85981d94fb5e21cbc0fffe685ae87c588e76e69141967aa17505a,896698,3361695.0,558.0,0.000166,1,2,222
2025-05-14 17:04:35,46cb7f9ea4cdbb5b21677471f0b0b432aa0992f94eb94edc7156b87cade2cb50,896698,2869936.0,558.0,0.000194,1,2,223
2025-05-14 17:04:35,71a0f130771c58e6e6c7fea6faa92cdd3ce50c25a25435f0bbc17d5cbd936041,896698,1986947.0,558.0,0.000281,1,2,223
2025-05-14 17:04:35,4eee588bc17abccc4cbe9ebcdc4454a218321f514033ce231f12eeffcb0c023d,896698,10010675.0,558.0,5.6e-05,1,2,223
2025-05-14 17:04:35,587163250fd745dd155ff342e1bed2ed107c8feb8f38a72ae067c93a0987d0e5,896698,10107924.0,558.0,5.5e-05,1,2,223
2025-05-14 17:04:35,1ed4a38a8ae0fd466f45e8cd75b5859a3bc336fa2c78a709aa099c2e32db891e,896698,39024605.0,558.0,1.4e-05,1,2,222
2025-05-14 17:04:35,0897202a90d6b063b192791f67791c97af371a9f527a645f3a6bac15025a1016,896698,1830534.0,558.0,0.000305,1,2,223
2025-05-14 17:04:35,504c1d0f57401fb6106cdf0568da98f57085b7fead36ef8ab4f9e5a5551a6d03,896698,216646.0,558.0,0.002576,1,2,223
2025-05-14 17:04:35,9bf916621e6994de6c97f55a5f505de9c59a6c610ecfd0b9f717a9d13fe101bd,896698,18330.0,970.0,0.052919,1,1,303
2025-05-14 17:04:35,3f93c1e3609fb160a63e277dca088cbc400c1f8df83d023377253359ccef5f2c,896698,3507528.0,459.0,0.000131,1,2,234
2025-05-14 17:04:35,edcc088eae727cbd1ef9c0a868c395ab02b822d77ef810d55755acb285fcd5db,896698,3527287.0,282.0,8e-05,1,2,222
2025-05-14 17:04:35,43ba041151a26c4eed0cc88fa41d704a78454fecfab5ef618691eebc9b6000d9,896698,22235815.0,828.0,3.7e-05,2,2,372
2025-05-14 17:04:35,f1268e7cc405e89b8dd5819b088c915a1b2c417eca9783a86b168f2010374bbf,896698,1098172.0,828.0,0.000754,2,2,372
2025-05-14 17:04:35,ac53b72930db47756b77868234cc18613c4b90f4dcae802ac1672aecca2e5675,896698,145578716.0,828.0,6e-06,2,2,371
2025-05-14 17:04:35,e4d47fa4cf0ff35c14b7e6e69a7e927b2fff9710938cf3b330148e434ef4ea62,896698,102303.0,440.0,0.004301,1,1,192
2025-05-14 17:04:35,081f4082f901746f591cb6cf78ac5a74d22995086e7bc059d5cd0f82d0d48035,896698,4807312.0,440.0,9.2e-05,1,1,193
2025-05-14 17:04:35,5a5d1d15c3c642310cc508eacbd51df72f48aa2a80c019cb7bc42be9edc5bdd4,896698,885640.0,560.0,0.000632,1,2,222
2025-05-14 17:04:35,332c8d8c56184abfeca4c4ef90978a158da95d817b1c0682e9eb75a8e26d7472,896698,144343.0,564.0,0.003907,1,2,223
2025-05-14 17:04:35,183b294b2f6164019c76765b2a62f8943969ec466b8467acbb9b67303995626b,896698,38185.0,564.0,0.01477,1,2,224
2025-05-14 17:04:35,db89774838c776149ce4598db6baadb2869962afa64ffd112d502ce9f2914744,896698,26788.0,564.0,0.021054,1,2,224
2025-05-14 17:04:35,aabec06a6c748db50ca9498c7259f26bc58c210f14f9e94475dbb1c05e578941,896698,13077.0,564.0,0.043129,1,2,224
2025-05-14 17:04:35,32736a8c629e3195b3c623cc201e13ceda3f26f5cee208e904aad7930f16c932,896698,279815.0,564.0,0.002016,1,2,223
2025-05-14 17:04:35,9c6fc446d4f33650a0015dde1869af8b83f844d98f2955422f38fcef428ec228,896698,43366.0,564.0,0.013006,1,2,223
2025-05-14 17:04:35,acc7f0ce4a4e52f24a0b8987ff8b1b1198b0dc7ada2721f338cc8550d4d0c11b,896698,126238.0,564.0,0.004468,1,2,224
2025-05-14 17:04:35,c8908f76811c54c9f9e5d77d60a8b49b45c18823a474b6b1cb70613a9972e61a,896698,273565.0,564.0,0.002062,1,2,223
2025-05-14 17:04:35,69fa4dbca3b5ca18db4fca2ea6d36629498388f0cd55234600dc718843e022ae,896698,9164.0,441.0,0.048123,1,1,192
2025-05-14 17:04:35,494797e07243bf1ae1e9f71f52af4b11ed049f80d1af81dad0b02d425a283198,896698,79354.0,890.0,0.011216,2,1,386
2025-05-14 17:04:35,30572d1af6d8c0e0c62999a91274936e484c1af8b700b39cc6e285047f87c75a,896698,155552.0,449.0,0.002886,1,1,194
2025-05-14 17:04:35,dedd89ffcd228e0aa2ce2cfd2eb99ac02de6a36e85878e568d028a23f27803bd,896698,580153.0,2059.0,0.003549,7,1,1083
2025-05-14 17:04:35,654a6122b74f378c3e8199c520d0ac33f2b667b7790b32aae75becebcd4d9dcd,896698,94354.0,1006.0,0.010662,2,2,415
2025-05-14 17:04:35,abf18497752729380133e0b90d6fb330b2496ecf55ab2e57388694bebff0a370,896698,1121885.0,716.0,0.000638,2,1,342
2025-05-14 17:04:35,665aaeade9d1e806b5e28c65a906ec675e2bee9a9fd7eebd98a547efafe64e48,896698,738391.0,716.0,0.00097,2,1,342
2025-05-14 17:04:35,229a7b82f74c394a40f495027914663e45ee4b66c6f85ca946f4129a17f722c2,896698,2599695.0,1106.0,0.000425,3,2,521
2025-05-14 17:04:35,b09a8fec3f20d29270c380adf05bab1213d105d2dc0b8bd338f9e6db26895de3,896698,925460.0,561.0,0.000606,1,2,222
2025-05-14 17:04:35,cfdc0ea3c1a8875154434ef5cb745ebda03e541341afc86536c12c785fd8a5a3,896698,965702.0,561.0,0.000581,1,2,223
2025-05-14 17:04:35,d2f8f9ee2a766b1c0b22d03a07f607524130b4925be78cef6029078f668af39b,896698,37932.0,561.0,0.01479,1,2,222
2025-05-14 17:04:35,ce957f7dab5061f01f3bf113587e36a2578614dc33c253c1d03618c2b6d43297,896698,10160838.0,561.0,5.5e-05,1,2,223
2025-05-14 17:04:35,b616a17c1e5f9b171ccd2b23346c588460f62dac273da44b28ea58a34f9aaf95,896698,907794.0,561.0,0.000618,1,2,222
2025-05-14 17:04:35,141d1027a8ba0c86e1964c8051e5121174b5b60e021479d23aebd573b76cf0b2,896698,34373.0,565.0,0.016437,1,2,224
2025-05-14 17:04:35,bd2e7044d56accd9cd79508373c3539b4404a4ecd3ab10cd58736cb0886efe14,896698,43146.0,573.0,0.01328,1,2,226
2025-05-14 17:04:35,50c62db497801c0154ecc5657da8a4c372cb121830fd9795d1d3026b0cd55269,896698,1152869.0,585.0,0.000507,1,2,228
2025-05-14 17:04:35,ddd7288a8ea40475d1715ffc13fcbe52bd5e42edfa226e624329ad89032ecfb2,896698,568927441.0,828.0,1e-06,2,2,370
2025-05-14 17:04:35,1882d90efa34c63c435a388095c933ac3cc4a47818ecbd079b04c371c497a033,896698,56641.0,653.0,0.011529,1,2,245
2025-05-14 17:04:35,018d67b93933f78c5671d77a72607fe21b8433b9e970e4ba1fed320adf745999,896698,240687.0,657.0,0.00273,1,2,246
2025-05-14 17:04:35,28d81ad1f47e8b5a77ce5e92528f8dd5a99a8363b475d3ee19de13789f392250,896698,1967147.0,438.0,0.000223,1,1,191
2025-05-14 17:04:35,aa14591da25351e9133fbb683bddd1f27f5affd584939b9386b98dc2197eb0f6,896698,66166.0,423.0,0.006393,1,1,191
2025-05-14 17:04:35,14956c4c486a6da67beaafabee5c75dde6e93a8040a29264c10496d508f5ffe4,896698,12906.0,423.0,0.032775,1,1,191
2025-05-14 17:04:35,5aef3e884fdc48b7628bb6ac33a9c5d2eb95b84a5092e59e51a684c63a79cdcb,896698,12269.0,731.0,0.059581,1,1,189
2025-05-14 17:04:35,6194bdf03bb6fabab0fef66156278c338b407f58b2ebe3c1a968e8db55d2936f,896698,12515.0,440.0,0.035158,1,1,195
2025-05-14 17:04:35,8a569f2bfcd384fa751cbbeb38cbebf2593e6acbf8ce7ed0726966a367920641,896698,1242373.0,440.0,0.000354,1,1,194
2025-05-14 17:04:35,437f5ea389a173a4a6770ef3ee743ae85c223477f25ea490b9c5b809f9ccfa44,896698,89876.0,562.0,0.006253,1,2,195
2025-05-14 17:04:35,63d6a6028040c71fb03410b653fe0dcbf4fece44effe26cb5d34c1179f9f77f4,896698,235718.0,1608.0,0.006822,5,2,814
2025-05-14 17:04:35,c955e3ee8d62da18fe5fcddb51913400bdec7d298e886b1bdc13c0a8b6fe3ef6,896698,7523664172.0,1490.0,0.0,2,4,460
2025-05-14 17:04:35,a0042d1b7031421a4c89b25a00f1bbe2b63c4672af1b96d036053f116fcfe7ee,896698,31708952.0,288.0,9e-06,1,2,226
2025-05-14 17:04:35,e989fb263753c5ec19df0b8652f739b09bd1ecc091bc42f2bce175b404dc4d5a,896698,8399997847.0,686.0,0.0,1,2,379
2025-05-14 17:04:35,200bbdf4fdbbbb9026f8691ecf7fe19b827a9fc4fcc3a31ed8bee02245bf508d,896698,195588.0,520.0,0.002659,1,1,214
2025-05-14 17:04:35,c5fa7f858b8751f16ea0ce8431b3f5899a6e8b95d6ebd147af26d530ff6335ba,896698,216511.0,1873.0,0.008651,6,2,962
2025-05-14 17:04:35,41984f4827493cc44a38428ce5271bc1b8d2c7ec1797af7fc38d1c0e0316a0c6,896698,3949354.0,646.0,0.000164,1,2,247
2025-05-14 17:04:35,a49346bb765a9e6d5af7a17742177197192c1dc89d9ed8f95055fc1572759a7d,896698,51249354.0,646.0,1.3e-05,1,2,246
2025-05-14 17:04:35,c24e6f690dfbe69b77d04ccb906d0d231e75b1fec1496ce6a7692c1e6869224f,896698,53710554.0,646.0,1.2e-05,1,2,246
2025-05-14 17:04:35,931fffc92b5627a1381ecfc0a3eee212b6f2811dbfb0a55492341be06e7006f6,896698,280853.0,564.0,0.002008,1,2,226
2025-05-14 17:04:35,b73bb284ba5adbfaa61fca874ed5a46ef2f8dc738a99e1cefe4f40c31a65ccdb,896698,97955.0,564.0,0.005758,1,2,225
2025-05-14 17:04:35,a11876c2752de1a0c66e247ab63cf0bd30ad88353574ebb3ca178f2f5a72bdc5,896698,252208.0,564.0,0.002236,1,2,226
2025-05-14 17:04:35,ac0d7659e8803f61a2cffc3538e47941aabd93ad1899bf775609adb3428006bb,896698,369065.0,564.0,0.001528,1,2,225
2025-05-14 17:04:35,5fa0ca6de08bbca422cd83488612e549bf86b2dccf16ace9544e30273df8bba9,896698,44422.0,564.0,0.012696,1,2,226
2025-05-14 17:04:35,6086b6824b7eb071d82e5d70dba35afd868d9056eb43211dfe36dc349acb8384,896698,175568.0,564.0,0.003212,1,2,226
2025-05-14 17:04:35,5c3d3b8fbc4c9156c424cc6ccdb8830fc49ef237483afa108765e16485fb566b,896698,4491954.0,564.0,0.000126,1,2,226
2025-05-14 17:04:35,724133b5733ed27fc3f73c9ee0ed298cb6b28c33e51845c118f44e0d3244e44e,896698,2270577.0,564.0,0.000248,1,2,225
2025-05-14 17:04:35,7f74e583bdae2bf764c52b2ff6a996b46732cc77db7ee8c30999dd45f7cb9f34,896698,69589.0,564.0,0.008105,1,2,225
2025-05-14 17:04:35,c54685cf3284f9011e211e3ddc146a1b298577f3e2bce727d04404bc2ee6252f,896698,62036.0,564.0,0.009091,1,2,226
2025-05-14 17:04:35,354ae2d5ac92565085184af8e82c83b95ebad1fc1380a8ad9c63d0cf956a4d28,896698,83756.0,564.0,0.006734,1,2,225
2025-05-14 17:04:35,5f573bd0a303d4e81ca3215896fdf86a53c827a2b4943b1ffc79f5c988439d20,896698,247436.0,564.0,0.002279,1,2,195
2025-05-14 17:04:35,ae6f65787c9bdf659e0fd92cb0e7831e0ff9040ecf04d45583b5a88965ff880a,896698,543408.0,564.0,0.001038,1,2,225
2025-05-14 17:04:35,16b77b6007e49a84ab7ae9d95b7059386a4d4a22b122ad893415362e5539ef67,896698,13287.0,1048.0,0.078874,2,3,429
2025-05-14 17:04:35,143f08e2b13b6b60a4bcc111e939bf613c971c2eec6abe08d9f4bd691f375fd0,896698,152073.0,432.0,0.002841,1,1,191
2025-05-14 17:04:35,c2d53f2ebf8fd3960adb1ffb30ea49c5c9ae8da74978570f0e4b12232c312dee,896698,19304984.0,436.0,2.3e-05,1,1,192
2025-05-14 17:04:35,dc866c71de188e6dde0917c33513e6761aee2ee31df5f566423812066c259c12,896698,67238.0,436.0,0.006484,1,1,193
2025-05-14 17:04:35,fef3bf824e6924ac8728a23277c65eee90be66679c60c1e400432055af07ae94,896698,295257.0,444.0,0.001504,1,1,194
2025-05-14 17:04:35,ea6b247c0b81f7604d9ab870eaa74561b196f1f5d1461d2cc7f59bb81270559b,896698,5071674.0,566.0,0.000112,1,2,195
2025-05-14 17:04:35,1e3c94f9a9a863cf702743f2884fa3e5147de927e0e3adec2c74edb0cdf9473d,896698,15472.0,704.0,0.045502,2,1,341
2025-05-14 17:04:35,ee3df222e49ec547fa7d51147d37b4b6d5a7f443dac98fc0b9fc245affeb7113,896698,46561.0,546.0,0.011727,1,1,191
2025-05-14 17:04:35,3c1751e9a600ef7bbb515504090d56a205d1a5c697c412af05681f62c591ab20,896698,107917300.0,1202.0,1.1e-05,1,8,416
2025-05-14 17:04:35,5815ec31b6e43a64d8587fcf3be4ad907bf6b2d21b1cac86be60cf10826fb028,896698,835478.0,654.0,0.000783,1,2,247
2025-05-14 17:04:35,199ab12514c54ebf66fafd4bbb90b043ef491d419ae530eb0283590ac306a636,896698,108348.0,824.0,0.007605,2,2,371
2025-05-14 17:04:35,6065a79b56275e2f70e5a642336d19bbf79d26a53900171b278882920137bdd7,896698,2318917.0,556.0,0.00024,1,2,222
2025-05-14 17:04:35,f275317e363a25c93aed52d06e498ef62de8b1887d2bc30c68a5c90d92be12cd,896698,87517.0,556.0,0.006353,1,2,223
2025-05-14 17:04:35,4a7f15108a592dfdc996711ea803fa1b4cbe3f2f40388fcb956d1694603aa7be,896698,771170.0,556.0,0.000721,1,2,223
2025-05-14 17:04:35,123eca7a1df233fb147ba789b4241b13eba1e08040bc863d6697faa2bd5fab32,896698,24903.0,556.0,0.022327,1,2,222
2025-05-14 17:04:35,03ec6ae1f4a28e93d6de26ce136f7dbd3cbeec9bd6cb408cf06363b89b4ef83d,896698,94234.0,560.0,0.005943,1,2,224
2025-05-14 17:04:35,69ff39e4cfe44e7136451774fa110a4b08049807641aa187656273666d2b9e66,896698,1442931.0,568.0,0.000394,1,2,225
2025-05-14 17:04:35,f48557b0e09e03dd41b0dd4b9bcf4ed722cc40129c3a8f03dfe301223d1865b1,896698,741688.0,1614.0,0.002176,4,3,733
2025-05-14 17:04:35,d195fb12024c6df4f6d8eb794c69cac292e076d2d6975ea8f6f1f54d3eaff0d8,896698,73084.0,558.0,0.007635,1,2,222
2025-05-14 17:04:35,26cbcfc010c5c5047a7585c3982c2e6daf5a39765f4c63399363700f13d6d6d7,896698,263815.0,558.0,0.002115,1,2,222
2025-05-14 17:04:35,5de988265de14006b9634da2cd62cfb1638aeac9227211f8c8820b56864069c7,896698,4612696.0,558.0,0.000121,1,2,222
2025-05-14 17:04:35,c79d5ce77c09d7e30f94dd046f85e987e5bf9e5a85b4d261c69ffebd5253c0ba,896698,89778498.0,558.0,6e-06,1,2,222
2025-05-14 17:04:35,befcb6c8f8e6504e2612c8ea916604eb56d6e4670f39895e21ef786acd3587b8,896698,96836.0,558.0,0.005762,1,2,222
2025-05-14 17:04:35,c027e5d24b34029a1ffc63a704640ffa4d2278b6d18acd4825f6e422c880f2b4,896698,24624381.0,558.0,2.3e-05,1,2,222
2025-05-14 17:04:35,b8f4c724a98e49ab7fef55e6bbd821025d6de5bcec16681b759a6f2d2db81cb3,896698,62249985.0,558.0,9e-06,1,2,222
2025-05-14 17:04:35,cc24d032313d515299b94962d534a70cae43279c928c32e809229db79af3cb9d,896698,270388.0,558.0,0.002064,1,2,223
2025-05-14 17:04:35,4baf316b5b81722fe6b038740716c7eb40df25508e42c84b0c94099907d53098,896698,4575168.0,558.0,0.000122,1,2,223
2025-05-14 17:04:35,b33b6a1187a85981d94fb5e21cbc0fffe685ae87c588e76e69141967aa17505a,896698,3361695.0,558.0,0.000166,1,2,222
2025-05-14 17:04:35,46cb7f9ea4cdbb5b21677471f0b0b432aa0992f94eb94edc7156b87cade2cb50,896698,2869936.0,558.0,0.000194,1,2,223
2025-05-14 17:04:35,71a0f130771c58e6e6c7fea6faa92cdd3ce50c25a25435f0bbc17d5cbd936041,896698,1986947.0,558.0,0.000281,1,2,223
2025-05-14 17:04:35,4eee588bc17abccc4cbe9ebcdc4454a218321f514033ce231f12eeffcb0c023d,896698,10010675.0,558.0,5.6e-05,1,2,223
2025-05-14 17:04:35,587163250fd745dd155ff342e1bed2ed107c8feb8f38a72ae067c93a0987d0e5,896698,10107924.0,558.0,5.5e-05,1,2,223
2025-05-14 17:04:35,1ed4a38a8ae0fd466f45e8cd75b5859a3bc336fa2c78a709aa099c2e32db891e,896698,39024605.0,558.0,1.4e-05,1,2,222
2025-05-14 17:04:35,0897202a90d6b063b192791f67791c97af371a9f527a645f3a6bac15025a1016,896698,1830534.0,558.0,0.000305,1,2,223
2025-05-14 17:04:35,504c1d0f57401fb6106cdf0568da98f57085b7fead36ef8ab4f9e5a5551a6d03,896698,216646.0,558.0,0.002576,1,2,223
2025-05-14 17:04:35,9bf916621e6994de6c97f55a5f505de9c59a6c610ecfd0b9f717a9d13fe101bd,896698,18330.0,970.0,0.052919,1,1,303
2025-05-14 17:04:35,3f93c1e3609fb160a63e277dca088cbc400c1f8df83d023377253359ccef5f2c,896698,3507528.0,459.0,0.000131,1,2,234
2025-05-14 17:04:35,edcc088eae727cbd1ef9c0a868c395ab02b822d77ef810d55755acb285fcd5db,896698,3527287.0,282.0,8e-05,1,2,222
2025-05-14 17:04:35,43ba041151a26c4eed0cc88fa41d704a78454fecfab5ef618691eebc9b6000d9,896698,22235815.0,828.0,3.7e-05,2,2,372
2025-05-14 17:04:35,f1268e7cc405e89b8dd5819b088c915a1b2c417eca9783a86b168f2010374bbf,896698,1098172.0,828.0,0.000754,2,2,372
2025-05-14 17:04:35,ac53b72930db47756b77868234cc18613c4b90f4dcae802ac1672aecca2e5675,896698,145578716.0,828.0,6e-06,2,2,371
2025-05-14 17:04:35,e4d47fa4cf0ff35c14b7e6e69a7e927b2fff9710938cf3b330148e434ef4ea62,896698,102303.0,440.0,0.004301,1,1,192
2025-05-14 17:04:35,081f4082f901746f591cb6cf78ac5a74d22995086e7bc059d5cd0f82d0d48035,896698,4807312.0,440.0,9.2e-05,1,1,193
2025-05-14 17:04:35,5a5d1d15c3c642310cc508eacbd51df72f48aa2a80c019cb7bc42be9edc5bdd4,896698,885640.0,560.0,0.000632,1,2,222
2025-05-14 17:04:35,332c8d8c56184abfeca4c4ef90978a158da95d817b1c0682e9eb75a8e26d7472,896698,144343.0,564.0,0.003907,1,2,223
2025-05-14 17:04:35,183b294b2f6164019c76765b2a62f8943969ec466b8467acbb9b67303995626b,896698,38185.0,564.0,0.01477,1,2,224
2025-05-14 17:04:35,db89774838c776149ce4598db6baadb2869962afa64ffd112d502ce9f2914744,896698,26788.0,564.0,0.021054,1,2,224
2025-05-14 17:04:35,aabec06a6c748db50ca9498c7259f26bc58c210f14f9e94475dbb1c05e578941,896698,13077.0,564.0,0.043129,1,2,224
2025-05-14 17:04:35,32736a8c629e3195b3c623cc201e13ceda3f26f5cee208e904aad7930f16c932,896698,279815.0,564.0,0.002016,1,2,223
2025-05-14 17:04:35,9c6fc446d4f33650a0015dde1869af8b83f844d98f2955422f38fcef428ec228,896698,43366.0,564.0,0.013006,1,2,223
2025-05-14 17:04:35,acc7f0ce4a4e52f24a0b8987ff8b1b1198b0dc7ada2721f338cc8550d4d0c11b,896698,126238.0,564.0,0.004468,1,2,224
2025-05-14 17:04:35,c8908f76811c54c9f9e5d77d60a8b49b45c18823a474b6b1cb70613a9972e61a,896698,273565.0,564.0,0.002062,1,2,223
2025-05-14 17:04:35,69fa4dbca3b5ca18db4fca2ea6d36629498388f0cd55234600dc718843e022ae,896698,9164.0,441.0,0.048123,1,1,192
2025-05-14 17:04:35,494797e07243bf1ae1e9f71f52af4b11ed049f80d1af81dad0b02d425a283198,896698,79354.0,890.0,0.011216,2,1,386
2025-05-14 17:04:35,30572d1af6d8c0e0c62999a91274936e484c1af8b700b39cc6e285047f87c75a,896698,155552.0,449.0,0.002886,1,1,194
2025-05-14 17:04:35,dedd89ffcd228e0aa2ce2cfd2eb99ac02de6a36e85878e568d028a23f27803bd,896698,580153.0,2059.0,0.003549,7,1,1083
2025-05-14 17:04:35,654a6122b74f378c3e8199c520d0ac33f2b667b7790b32aae75becebcd4d9dcd,896698,94354.0,1006.0,0.010662,2,2,415
2025-05-14 17:04:35,abf18497752729380133e0b90d6fb330b2496ecf55ab2e57388694bebff0a370,896698,1121885.0,716.0,0.000638,2,1,342
2025-05-14 17:04:35,665aaeade9d1e806b5e28c65a906ec675e2bee9a9fd7eebd98a547efafe64e48,896698,738391.0,716.0,0.00097,2,1,342
2025-05-14 17:04:35,229a7b82f74c394a40f495027914663e45ee4b66c6f85ca946f4129a17f722c2,896698,2599695.0,1106.0,0.000425,3,2,521
2025-05-14 17:04:35,b09a8fec3f20d29270c380adf05bab1213d105d2dc0b8bd338f9e6db26895de3,896698,925460.0,561.0,0.000606,1,2,222
2025-05-14 17:04:35,cfdc0ea3c1a8875154434ef5cb745ebda03e541341afc86536c12c785fd8a5a3,896698,965702.0,561.0,0.000581,1,2,223
2025-05-14 17:04:35,d2f8f9ee2a766b1c0b22d03a07f607524130b4925be78cef6029078f668af39b,896698,37932.0,561.0,0.01479,1,2,222
2025-05-14 17:04:35,ce957f7dab5061f01f3bf113587e36a2578614dc33c253c1d03618c2b6d43297,896698,10160838.0,561.0,5.5e-05,1,2,223
2025-05-14 17:04:35,b616a17c1e5f9b171ccd2b23346c588460f62dac273da44b28ea58a34f9aaf95,896698,907794.0,561.0,0.000618,1,2,222
2025-05-14 17:04:35,141d1027a8ba0c86e1964c8051e5121174b5b60e021479d23aebd573b76cf0b2,896698,34373.0,565.0,0.016437,1,2,224
2025-05-14 17:04:35,bd2e7044d56accd9cd79508373c3539b4404a4ecd3ab10cd58736cb0886efe14,896698,43146.0,573.0,0.01328,1,2,226
2025-05-14 17:04:35,50c62db497801c0154ecc5657da8a4c372cb121830fd9795d1d3026b0cd55269,896698,1152869.0,585.0,0.000507,1,2,228
2025-05-14 17:04:35,ddd7288a8ea40475d1715ffc13fcbe52bd5e42edfa226e624329ad89032ecfb2,896698,568927441.0,828.0,1e-06,2,2,370
2025-05-14 17:04:35,1882d90efa34c63c435a388095c933ac3cc4a47818ecbd079b04c371c497a033,896698,56641.0,653.0,0.011529,1,2,245
2025-05-14 17:04:35,018d67b93933f78c5671d77a72607fe21b8433b9e970e4ba1fed320adf745999,896698,240687.0,657.0,0.00273,1,2,246
2025-05-14 17:04:35,28d81ad1f47e8b5a77ce5e92528f8dd5a99a8363b475d3ee19de13789f392250,896698,1967147.0,438.0,0.000223,1,1,191
2025-05-11 22:58:45,89482f9c3b504290caf6d2656206aba4057f126743d3071c4e015ef0a6a59d9c,896321,694.0,238.0,0.342939,1,3,269
2025-05-11 22:58:45,c01646135e43b9b60c14f458c11c800aa267de03a5dfcc6b3484aa087aae609c,896321,694.0,238.0,0.342939,1,3,269
2025-05-11 22:58:45,4a2321c3137d696cb9b0d6eaa996ff719c074c1fa08936dd948032e6166aa591,896321,1262.0,238.0,0.18859,1,3,269
2025-05-11 22:58:45,4be7f311f630792fa52ef7546901bad4a0aea7523f21be34896a1d1215ea858e,896321,694.0,238.0,0.342939,1,3,269
2025-05-11 22:58:45,1ac558e9a4f9a8987ceda59ffcc03cdb3b40fbb537f5fb3483132f2fceb46b8e,896321,1262.0,238.0,0.18859,1,3,269
2025-05-11 22:58:45,d70fa5c9cba6f78d7adfc31107e8098fe4e5aa7f7767eb1c647e3d6f1d040c8e,896321,1262.0,238.0,0.18859,1,3,269
2025-05-11 22:58:45,3926ecec874bc5f3093278dacd0bf451b17439ba5c1a1b83a2f67d683bf0118d,896321,1262.0,238.0,0.18859,1,3,269
2025-05-11 22:58:45,6e15ce9fc551d316695f7f0ced72d679d523fae5f477beb0c094c8647a5e448b,896321,694.0,238.0,0.342939,1,3,269
2025-05-11 22:58:45,5ed54d484608db976c0ac4aa8c6874557539cecc30d38e1f49b2bb288144ab84,896321,1262.0,238.0,0.18859,1,3,269
2025-05-11 22:58:45,9d8267806bb7258f7c73f15547f73a18d95d0a40094e07771cb112e0bf4c4183,896321,694.0,238.0,0.342939,1,3,269
2025-05-11 22:58:45,3f9dda1d20415a14733ee6c74c12bc2e620db3ec23bad511e173d3c36b697b82,896321,1262.0,238.0,0.18859,1,3,269
2025-05-11 22:58:45,918a00ada61484b0071504f5b9ff9a927b7659840cf616f65af642776fb3f281,896321,694.0,238.0,0.342939,1,3,269
2025-05-11 22:58:45,ba4d93c5d71e91b1ed607edaf34e746af9523149024fa946d8cce829f559bc7e,896321,1262.0,238.0,0.18859,1,3,269
2025-05-11 22:58:45,52e0b5b8860ec674bfaf069089cec1a517c41f1ce7f52bd4877900ae3ec2357c,896321,1262.0,238.0,0.18859,1,3,269
2025-05-11 22:58:45,f444612454102df8870854f31c8936b15837fc103f31a32ba9fe5b23fdcd6576,896321,694.0,238.0,0.342939,1,3,269
2025-05-11 22:58:45,f649e71d5b740efcc5664bc3b225c458f16ea4737b9020bf9c4a0ab9373e5e75,896321,694.0,238.0,0.342939,1,3,269
2025-05-11 22:58:45,7f996244f713dde92f5c07bf7f93dacf4d85a3acab4fbde791b8d45290218972,896321,1262.0,238.0,0.18859,1,3,269
2025-05-11 22:58:45,bb473d6c51fd1f3147895db87d6977169ceed6fc19ea0b6591f0ce837a9f8d69,896321,1262.0,238.0,0.18859,1,3,269
2025-05-11 22:58:45,66445ab567fbf3fb87bbcb00aeb6ba4b7f6de08dd24f77d6562c3363df729c68,896321,694.0,238.0,0.342939,1,3,269
2025-05-11 22:58:45,c7dcc8ba9436ae75226f90dd928b0487584d34d698ef0c8300f4c4f763d84e62,896321,694.0,238.0,0.342939,1,3,269
2025-05-11 22:58:45,d0ffb6bc7a9b01e6373d01ab891072d9512068543a42ed2ccb4c3b3ec92c8a56,896321,694.0,238.0,0.342939,1,3,269
2025-05-11 22:58:45,7164f8c0aaaeca0df615f0d0348506b89b4bce56c21431d5e6152ef7cfa01150,896321,1262.0,238.0,0.18859,1,3,269
2025-05-11 22:58:45,4c088a0adc27a340497e7997de72d953ef63e6ecc5b299172eef379d248ebc4c,896321,1262.0,238.0,0.18859,1,3,269
2025-05-11 22:58:45,879c26b786d301c0030cb428a67827ff0c353697d5b66ab4c5961999ce598c4c,896321,1262.0,238.0,0.18859,1,3,269
2025-05-11 22:58:45,7d1650206f64e7e7a8ad23ccfa592c0ee0dd6366120c11ae220ab65a85898449,896321,694.0,238.0,0.342939,1,3,269
2025-05-11 22:58:45,66c65852db9b12f77d1fc2fb6e3e9fa80f71704eadbe70dd0cb874894f2f9f46,896321,694.0,238.0,0.342939,1,3,269
2025-05-11 22:58:45,41d143e98d1f5cf1a877c72f00f9c0a9cbbde77b9863cca3b7a03ada57a39546,896321,694.0,238.0,0.342939,1,3,269
2025-05-11 22:58:45,45cbb2f215acb53b1877ccf35eb3020b44068c25c7f5e5b73feae8a3cebfbd45,896321,694.0,238.0,0.342939,1,3,269
2025-05-11 22:58:45,3d4a60d24dd1cf47e25766707ae33addb66bca03f2cc1c1342c6657d3f453044,896321,694.0,238.0,0.342939,1,3,269
2025-05-11 22:58:45,c93951f1f3b8da000f2c37d989ebf2ab30f2534584cf6218cc970f30095f0042,896321,694.0,238.0,0.342939,1,3,269
2025-05-11 22:58:45,a90741ff313b69b0768535cd1f0519c48d6522cff7a7c9803a8b889362b8ff40,896321,694.0,238.0,0.342939,1,3,269
2025-05-11 22:58:45,ac8b99e072bc0ea0cb151441e8844f5eec04a0818329804f7d18e362e78c383f,896321,694.0,238.0,0.342939,1,3,269
2025-05-11 22:58:45,1b3d758ff330e5fd28306858e02e4b672706c8472732800feca38fd9552f0e3f,896321,1262.0,238.0,0.18859,1,3,269
2025-05-11 22:58:45,b605ccfc06e94a6f28ed85bc850ad2e642fe4c3be0293ffe6e95268572c7d735,896321,694.0,238.0,0.342939,1,3,269
2025-05-11 22:58:45,093c08224b679128f54e2b7321f42f3a41c62a9e0a2ea7706974d4e4509ef333,896321,694.0,238.0,0.342939,1,3,269
2025-05-11 22:58:45,f7348bfe1f0e37dde1ee434504d9eecc975cbb9bc77d0b853c96e4a571f7d12e,896321,1262.0,238.0,0.18859,1,3,269
2025-05-11 22:58:45,392769c4b6f5983cf1fe21bcc7626c53cdddefed69700d66a4c0aed6c57ec72c,896321,694.0,238.0,0.342939,1,3,269
2025-05-11 22:58:45,852090ffc80dc4753d8098d0e5ddf6b53c972213ee6f9f0ffd714070fcd8cd2b,896321,1262.0,238.0,0.18859,1,3,269
2025-05-11 22:58:45,a8ecbf01898b7173d6b859e04b3176f7650bc02b2dc7f22887818ef954402523,896321,1262.0,238.0,0.18859,1,3,269
2025-05-11 22:58:45,3d666dca0305960999e1082cb11f5236fcd0b22cafb448174d17bc09454b1123,896321,1262.0,238.0,0.18859,1,3,269
2025-05-11 22:58:45,097054dc97c52c33bf7105c5872d1cd6908dff9697125f1b015a387a6d539822,896321,1262.0,238.0,0.18859,1,3,269
2025-05-11 22:58:45,8b5ac023f8350531a8a46e7378fd8699233d6b84699772813efa69db97115c21,896321,694.0,238.0,0.342939,1,3,269
2025-05-11 22:58:45,cfd5ea461f76f3795ffa9852ad6ab87ab594c0ee94c10c56206153d71d53fd1f,896321,694.0,238.0,0.342939,1,3,269
2025-05-11 22:58:45,d9b44048c684dce7a6fdf5513fc9d0a44c50a1a92f301c738400a6f9001e6a1e,896321,1262.0,238.0,0.18859,1,3,269
2025-05-11 22:58:45,bd87edac0f696f7e61bdf036bb3e0a25432fc7e1dd8f6346fb1ed72ddfc8941d,896321,694.0,238.0,0.342939,1,3,269
2025-05-11 22:58:45,4e1e0f5cd68ed4198129b1b6d07bf0ef15c3dac868f6af1778475b62e9d0e618,896321,1262.0,238.0,0.18859,1,3,269
2025-05-11 22:58:45,307431824170aa683da73a541ecbcf2744fe058fa1a429959021efae27895817,896321,694.0,238.0,0.342939,1,3,269
2025-05-11 22:58:45,69a9c918232a3d534fac6232f5f844d85c85adc2f15a74c7803fa31530331a11,896321,1262.0,238.0,0.18859,1,3,269
2025-05-11 22:58:45,0116b37f76e1181aa3e6c1c0ea16ffce18fe0869c66428f1893df7d9cbfaaa0f,896321,694.0,238.0,0.342939,1,3,269
2025-05-11 22:58:45,85da34632b1aa23d5c17f77d54cf1088ed60450e9b066340265112954643ca0e,896321,694.0,238.0,0.342939,1,3,269
2025-05-11 22:58:45,0e8ff8dc4e27b2131663f8c534d98416c083262d54afaae4529485a7c8be560e,896321,1262.0,238.0,0.18859,1,3,269
2025-05-11 22:58:45,b2bcaf6af15682721ed3286176f17ecc7dacfc38b1156fed2d560eb8a9a5440b,896321,694.0,238.0,0.342939,1,3,269
2025-05-11 22:58:45,50af81682d60f876bb25bb69ded8fcaf428e61bec7adc7dacaa3b6f41b290a09,896321,1262.0,238.0,0.18859,1,3,269
2025-05-11 22:58:45,85fb55aace5390d767a21ddcd1b31a33fc38a2ca220045fc0224194a39ce8f06,896321,1262.0,238.0,0.18859,1,3,269
2025-05-11 22:58:45,48867f9e5b0e1590c6542f3764cd82b225cbc28fe0773eb0e51527fd4338e803,896321,694.0,238.0,0.342939,1,3,269
2025-05-11 22:58:45,ff27b8e42ec41a3f69d6b81b5b5e2f4fe0bbc61e98ff2bc47480d9e33b630c02,896321,1262.0,238.0,0.18859,1,3,269
2025-05-11 22:58:45,4737878e2eff404a19bd257f5efff71f9a2e5856e16b0e5bc484638852d94701,896321,1262.0,238.0,0.18859,1,3,269
2025-05-11 22:58:45,7ef1339bc34aa8accdb80187b83e9186bc506235377a26046fb5e094b42e3abc,896321,51876.0,124.0,0.00239,1,1,194
2025-05-11 22:58:45,412c463871c9951fc445c8618c023eb4d172816a41f0efdcb94b207ce6f21b6d,896321,89919.0,124.0,0.001379,1,1,194
2025-05-11 22:58:45,e15fb7f953bcc644a339c57e635bab66cafb6cfb27c1b77a3e4f2a45237e92b0,896321,162905.0,122.0,0.000749,1,1,192
2025-05-11 22:58:45,85eba7787e99ae69976a38a0df86b00619bfad47083e6e91e552ad880bf8cc9c,896321,101250.0,155.0,0.001531,1,2,222
2025-05-11 22:58:45,d13a74ce38e524c068dbd7ce6ff42840ef2a5bbde4c4007f5abe062ebcfd8104,896321,18599.0,155.0,0.008334,1,2,222
2025-05-11 22:58:45,8643301b5e0aed0e96e28f96988dcdd9bc5733c193abf8785e1b09c08e3e1ee7,896321,17371.0,121.0,0.006966,1,1,191
2025-05-11 22:58:45,43098a6e743e5ddc0757f9e371d1bc0f65a8d091cb5232fa77719c153efdf66c,896321,345279.0,121.0,0.00035,1,1,191
2025-05-11 22:58:45,5370b3ad3097e9b0c68744092e7e10cb7fa0622463bff06f615e180fa9482309,896321,46584192.0,3631.0,7.8e-05,17,66,4665
2025-05-11 22:58:45,2887e6537d0d794174692eebc2603b2e7680da6ee977076981616ac38cb687cb,896321,330.0,1357.0,4.112121,1,1,4647
2025-05-11 22:58:45,d9b1c966c45e07f18fb04b9f658d4e9088fb0a0f0dfded3a6e1dad7a9f8389fb,896321,119401.0,240.0,0.00201,1,3,269
2025-05-11 22:58:45,8582694af3b2015442bb865066a94042d4496c9908336636fb0b507faa1f59f8,896321,8611.0,240.0,0.027871,1,3,269
2025-05-11 22:58:45,b1f67a7c883561da97d25277e408ebe300147430d6615e227aa6ac89c21720f1,896321,1634.0,240.0,0.146879,1,3,269
2025-05-11 22:58:45,92b1d31f101d7fec53ae47ebf996a650248941ae5da938fc845837684b6f07ee,896321,276923.0,240.0,0.000867,1,3,269
2025-05-11 22:58:45,b1444a7a559593eb680f82daf160e2ce0b0b45b4c6d00c98935aa911095e3fe4,896321,277471.0,240.0,0.000865,1,3,269
2025-05-11 22:58:45,6f42a2e03ed38fb16ca774ae248f3c6c3a02c8b582edd57887fa4493cd40b7ce,896321,276923.0,240.0,0.000867,1,3,269
2025-05-11 22:58:45,d46bebf8c44ac226cdc1f29bae8b00d4bae888ec48ed41eb5f1fb754fae7d4c7,896321,14644.0,240.0,0.016389,1,3,269
2025-05-11 22:58:45,c5b79f9ded9892512897401e378b52cc3bd272d3412b244ac9876e551cdcc0bf,896321,277471.0,240.0,0.000865,1,3,269
2025-05-11 22:58:45,ce23c1331bfc6f59cdaebcaf225c282d87d42bcfb8e7cd64716a08301bd656b5,896321,278041.0,240.0,0.000863,1,3,269
2025-05-11 22:58:45,b6f9b10e6f492542cb16eda036320d14391495cf5b43f300286d05724e0a2695,896321,112527.0,240.0,0.002133,1,3,269
2025-05-11 22:58:45,c764d3357ef02583019dd390ac08e9b8f77ee20116773d8878060819b29dbe80,896321,277471.0,240.0,0.000865,1,3,269
2025-05-11 22:58:45,3742e79971e508bbca0a4b22bd8f128c17aca658cd727f0486f6957912efa567,896321,76155.0,240.0,0.003151,1,3,269
2025-05-11 22:58:45,0e0e81962874c119681901d9c7c7d65599abc04b994a7f20a99849bdf6a7c750,896321,11763.0,240.0,0.020403,1,3,269
2025-05-11 22:58:45,fbf6b0f02e836a3ec4c7d8596dcb4ee89e066ffa32ed207574ec2d93c44dd949,896321,277482.0,240.0,0.000865,1,3,269
2025-05-11 22:58:45,a6d9d4c0b4cb9d9262c90eaabee8417fc1ca26489a4b3abbca98b8da56998b3a,896321,277482.0,240.0,0.000865,1,3,269
2025-05-11 22:58:45,a422be6282bd939742213a9e005550e20b9ccfec38b3874f17f33833f651d81f,896321,7280.0,240.0,0.032967,1,3,269
2025-05-11 22:58:45,121a2bf32e1f225223dde30a3c43888aec7b4b8cc1297ecccf3075f74f95671a,896321,276923.0,240.0,0.000867,1,3,269
2025-05-11 22:58:45,947d7c070de921ad580e1da28ec4f6194b692cad67d0a7f1d59e372018397718,896321,546.0,182.0,0.333333,1,1,320
2025-05-11 22:58:45,0045f3d82beec0d9d61eb7c87c55714dbc44048742e6fde383c0bf6a1fe64fe8,896321,22062.0,154.0,0.00698,1,2,205
2025-05-11 22:58:45,28df4ed0fc766e453d491492afed53e0f9135b6b88d59db0049e56e774b82bbe,896321,148446.0,195.0,0.001314,1,2,258
2025-05-11 22:58:45,549b8661d86ab777d08b23e3ebaf0b822e77017a131ffa92a8c287f07542a2a8,896321,282797.0,258.0,0.000912,1,2,234
2025-05-11 22:58:45,849586e0746954a2d7df75753925494b06d581b4b507c1322325cd8187189976,896321,8530.0,234.0,0.027433,2,2,312
2025-05-11 22:58:45,f65ab92a6d0b7e50fb21a6e668956c393095d00c1dc4d8f68717cb3dd558ad54,896321,3900899.0,1127.0,0.000289,14,2,2146
2025-05-11 22:58:45,b398ca389183c26af812c364273f199f9c65d8a7361cc0fe8862a88570dbb237,896321,4789.0,211.0,0.044059,1,1,191
2025-05-11 22:58:45,71def5b81388a1e4162ecd7b6fb55459a0f020bfcfac790925be3fff8061c245,896321,54505.0,156.0,0.002862,1,2,222
2025-05-11 22:58:45,7324c627668929a490c6a5bd9c2ff2185d245bac5c579620b200ffa858e93efb,896321,75183.0,194.0,0.00258,1,2,226
2025-05-11 22:58:45,9c73a76a69af391c6f5c74b133fb6db42861d38f3cd9b6286c5b33a166c907f0,896321,70897.0,194.0,0.002736,1,2,226
2025-05-11 22:58:45,2b08982137efc8480f124a5e5236ddf2f64c021b7ff89a89f2f5df807ff320c3,896321,69125.0,194.0,0.002807,1,2,226
2025-05-11 22:58:45,c38bde060213be805d79930d7c18a0a6350deb3a83f1fe26a18be7176f2db4b1,896321,80960.0,194.0,0.002396,1,2,226
2025-05-11 22:58:45,b87d526cdc40d470d39e781174f2f0188e6ac4ccef799a28dcfd3afdd2edd162,896321,76640.0,194.0,0.002531,1,2,226
2025-05-11 22:58:45,fcf8039f82aa3de6ba50e56ccf14702b46ccc1e406359e4424452fc5e0a7cf3c,896321,90122.0,194.0,0.002153,1,2,226
2025-05-11 22:58:45,8db16102e0acc3f2119df24a88a17a6b0fe8983eb666c772cf28afa1ad97ab2f,896321,59441.0,194.0,0.003264,1,2,226
2025-05-11 22:58:45,c44397456bb80065215807aae23bcf60e24da27482cc24d0ae0e0615fe89dc05,896321,80722.0,194.0,0.002403,1,2,226
2025-05-11 22:58:45,1c170da994a81e82c1d630ff78d5c91a058037e37cfd95266907f51379e065b8,896321,534.0,196.0,0.367041,1,2,226
2025-05-12 03:27:37,69c6c7d13c5006f4316295eba33090ca5b2ba58a3b98cf1e916c8bc42053a7be,896352,12094196.0,169.0,1.4e-05,1,2,223
2025-05-12 03:27:37,dd374c7e134e864da1379cb42ca0c28d66e65356b74ac111812fcdef1321bda3,896352,297572.0,169.0,0.000568,1,2,222
2025-05-12 03:27:37,564fd0e16a3f6f3d19307eb3c2d2329e41da4fa4b3be5e6c28df7954b64d7aa0,896352,13811118.0,169.0,1.2e-05,1,2,222
2025-05-12 03:27:37,046ca3a3d7256d05b6b9592be6f15d63f0a4a7144889bc3e537d02e41b036797,896352,7998536.0,169.0,2.1e-05,1,2,223
2025-05-12 03:27:37,ab74bbf3b45d622b9e8ce7e6be4efd0388fca79d36a0ee863f740e1784288080,896352,46295248.0,169.0,4e-06,1,2,223
2025-05-12 03:27:37,1a8173322399f1ba2e2811dd68ee6e9f03bef6adeb4c839fbc3f69fbfdc49a78,896352,300345675.0,169.0,1e-06,1,2,223
2025-05-12 03:27:37,545bf382b91e62c4b7e9e17f43f2042614a689b7b48db216479051a5cae05e62,896352,5943920.0,169.0,2.8e-05,1,2,222
2025-05-12 03:27:37,a006a196bb961490bf0d61a1e6a8ae9ce04e849fe507431aac0ff79211a0ef5d,896352,17271747.0,169.0,1e-05,1,2,223
2025-05-12 03:27:37,5347a47d5a3a49683cc68e9ff5271d41b432d835d309aca77a14695e8e135651,896352,4158275.0,169.0,4.1e-05,1,2,223
2025-05-12 03:27:37,67b18040bd441323696c2a405b2fefb360c42c1f6730bac5728d4bf2cbce2257,896352,4258444.0,169.0,4e-05,1,2,223
2025-05-12 03:27:37,865b08e219465ed75e0cd74cf54663f8460f3321caa501dbc80c6496afc04839,896352,5815.0,169.0,0.029063,1,2,223
2025-05-12 03:27:37,48e18c7d5e5bffdde5859c38663c2f069bbd838095594ac41a452cf1d79ac930,896352,2635068.0,169.0,6.4e-05,1,2,222
2025-05-12 03:27:37,44e67fe29dea325de44f062018844105cd90ffb4451505c12045375b3cdee821,896352,18935493.0,169.0,9e-06,1,2,223
2025-05-12 03:27:37,61b4b6286b58cd0c463c8b4071dce9b115150532c0a410c33b30bf59de531021,896352,51347783.0,169.0,3e-06,1,2,222
2025-05-12 03:27:37,c47c1ab0c718692f771bdc7e913039bf125da494aa2323ec067ca0a17790bf1a,896352,29096373.0,169.0,6e-06,1,2,222
2025-05-12 03:27:37,c3035d87c81fcf85556986c63f7f3a902902b1a3713d5555bd33624aa0da4e17,896352,15159552.0,169.0,1.1e-05,1,2,222
2025-05-12 03:27:37,d3a36539a26f7339b713794f99578f51e26a621730de0087ef6b3f5a2458d515,896352,98244201.0,169.0,2e-06,1,2,222
2025-05-12 03:27:37,f3984764a4567d2edf70ae5be2ea8c32b506af404854b5f2add514587ead2811,896352,4526208.0,169.0,3.7e-05,1,2,223
2025-05-12 03:27:37,e7ad63ba9bf0f566addf23653d1c6f43baaf79fc085442668de18e3ab836e80d,896352,26375688.0,169.0,6e-06,1,2,223
2025-05-12 03:27:37,9fdf6ae27f5f0887bbccb8560bbdf6deee73647aaa483acad9e330132192fc09,896352,15642871.0,169.0,1.1e-05,1,2,222
2025-05-12 03:27:37,71a21de622b10a71804798e6f569c15c3450e471fbe7602d10ef257db5b52bf3,896352,5523.0,240.0,0.043455,2,2,300
2025-05-12 03:27:37,78fb472923483bca5c308efb690fa8d46c73bd7d2eb783e13bfab38ba6e35a06,896352,498852.0,254.0,0.000509,2,2,313
2025-05-12 03:27:37,27322641127a5053389ee54c779fe796119b33e96a276b00a526ba6d6c7ae3a8,896352,1999765.0,235.0,0.000118,1,3,278
2025-05-12 03:27:37,77d90011eb13cd216b830b6a178d4b8bcd2a22b940dee58ef9bfae4d03831505,896352,14293.0,240.0,0.016791,2,2,300
2025-05-12 03:27:37,5c5f6989587ebb094963c58046accd96f83d84e6d851056461aaabde019030f4,896352,548243.0,254.0,0.000463,2,2,313
2025-05-12 03:27:37,bb5580a949675e26a662173cacd69fdcdb0b77fb7ffe3860d76ca5b8cbf905b1,896352,117675.0,240.0,0.00204,2,2,300
2025-05-12 03:27:37,bd5fa87e5db038adb7f167b2093eedbdde26b6c1f8f3f64341e200b3c21686e6,896352,4383900.0,241.0,5.5e-05,2,2,302
2025-05-12 03:27:37,74b59ee15a6993449d37c6d142079a25ca7e366325213f21f8f1d9cbaa25d84d,896352,127250.0,240.0,0.001886,2,2,300
2025-05-12 03:27:37,7604e060a6ad34f5d61e46e7ed6d2a8a9062f39e1238b56bee59d5b6b8e59ba9,896352,4686550.0,241.0,5.1e-05,2,2,302
2025-05-12 03:27:37,c420a0d46d39f810a081b775273e885a803bc5fc9a2f704ed3878dd8b9dd2819,896352,913.0,240.0,0.26287,2,2,300
2025-05-12 03:27:37,02f57b498e2273e92df8a4f21edf0ab4311769f59a0b26f290045000c6b36d1e,896352,5144.0,241.0,0.046851,2,2,302
2025-05-12 03:27:37,9be360c30ffee588a61da7a3af5d0c82a3d6d4806f58ecb190db569835e9a0ec,896352,456000.0,1158.0,0.002539,16,1,1758
2025-05-12 03:27:37,ef89cd3f2605e1fc21cf0178d620fe51a8a432942a9571968e3b8f288298fbe1,896352,4499736.0,264.0,5.9e-05,1,3,301
2025-05-12 03:27:37,660515c5c5cb92d89d99029fbaa08f0e608047bd2a483a32e1e4f1cfd52857df,896352,130309.0,132.0,0.001013,1,1,192
2025-05-12 03:27:37,ea4be4fadc4b6d966743199c4967473b4f471eb0715394c621132e6dd34e95d3,896352,70361.0,132.0,0.001876,1,1,191
2025-05-12 03:27:37,ebb78ae7991899db1ac81b42f3e51af70590b5c8c2025d08bf704e875092f5c8,896352,125383.0,252.0,0.00201,2,2,373
2025-05-12 03:27:37,0b65f3c576176e5477bb708039aa71aa224d7793b6d285a0a308774f4aec47ba,896352,1126.0,240.0,0.213144,2,2,300
2025-05-12 03:27:37,b2d61e0c8428a5ffbb79d19ce5a3f498eebd716f0b2477dcbd58b4f55b74f0a5,896352,28191.0,132.0,0.004682,1,1,192
2025-05-12 03:27:37,6f23ceffe65df53181145a2579a45d7e8edc9e9db624ec130f8c408f487a5e88,896352,2021.0,240.0,0.118753,2,2,300
2025-05-12 03:27:37,bb419ddc565bc16e6bb5f0627074b1f9ace646de92f10a5d98076a116913fcbd,896352,59797.0,240.0,0.004014,2,2,301
2025-05-12 03:27:37,c4fd65980a4337756c6213b55257c700e09d2f70ca1241ca578eb92e13a85577,896352,5475269.0,306.0,5.6e-05,2,3,355
2025-05-12 03:27:37,0bb4c3859ccf8c2ef3a9ec549a16e8bf1779605c1dfd75fd584948dab81e3a75,896352,12671.0,240.0,0.018941,2,2,300
2025-05-12 03:27:37,3dd680a4a615a03c7294ca3080e0841b4d1ccdbd864001e80544f160c9248a70,896352,10502044.0,264.0,2.5e-05,1,3,302
2025-05-12 03:27:37,d10fe2529c6effed08f026822236be0bde24fd31b5d051984c3dccf0d3188e6f,896352,59441872.0,210.0,4e-06,1,3,256
2025-05-12 03:27:37,875bc8635e236a7fccca4c4d1b4b1c7e113289481d58e2ffe9fc8e0eb0965e6e,896352,24927.0,132.0,0.005295,1,1,192
2025-05-12 03:27:37,79bc844f67e53f51e692360a0737a6cc63f70947b7ba9fa8358333d3f8cfed6a,896352,483667.0,240.0,0.000496,2,2,301
2025-05-12 03:27:37,70d03288b0c559f130bb305ab61d41d50510f62bc53c8bf47dbc9edab2f5cb47,896352,2286.0,240.0,0.104987,2,2,300
2025-05-12 03:27:37,3f1453cac1d04486b07b69fec035db265fbb92e6696d5d05bbcaeb2f3363cad3,896352,65997.0,240.0,0.003637,2,2,301
2025-05-12 03:27:37,97e23ceb099c1e709bb2f6ad7a6650c6a873f824a7a1e1f4cf5a24e9f8cef841,896352,2588074.0,264.0,0.000102,1,3,301
2025-05-12 03:27:37,449fd463ae8cc16f8c2283120ac38d2d4fc33f9e22a0de023955d445c05e8038,896352,1310.0,361.0,0.275573,3,3,450
2025-05-12 03:27:37,eba884306dfabdb7a134dcb889d6a99b4d9415a2dd779829cc5c8365341d79d0,896352,13595.0,241.0,0.017727,2,2,302
2025-05-12 03:27:37,2aadd2d6c2f6a42a8d7fbf972ac26974f7f7891f4a2d467c5493024019e05560,896352,13595.0,240.0,0.017654,2,2,301
2025-05-12 03:27:37,d3cd027f738aa3f14779b5abf1faa60122826606ca48fb69679d2ef11892a985,896352,33823.0,424.0,0.012536,2,4,517
2025-05-12 03:27:37,6fdf81e1f1617f755f53e751f51a3325e9f9a9b4765dc1b210820190f1b6cc36,896352,493042.0,264.0,0.000535,1,3,302
2025-05-12 03:27:37,70f70bcad7e1d993a07dbca2b4d7413791e47edb18205a7b237766e86626d922,896352,2629225.0,264.0,0.0001,1,3,302
2025-05-12 03:27:37,013d64ba5c0ff9d9044937f3e47dead488ae8c4299899c713e10a1535385663a,896352,861861.0,281.0,0.000326,1,5,316
2025-05-12 03:27:37,ed592eb71458349f78fe81b73716448b9bc6f2c4eebe22f6ea548a50927a853a,896352,73474.0,251.0,0.003416,2,2,372
2025-05-12 03:27:37,4ddc0392ba860c1df6e0518a0eecc8aa1b2af7429f6f7f8b438165aa8705912c,896352,87298872.0,251.0,3e-06,2,2,371
2025-05-12 03:27:37,862d2d2fe8a5a3a171190bb3d2f572152fd70a00e8da23ac81674b512c028563,896352,133466287.0,430.0,3e-06,1,9,440
2025-05-12 03:27:37,d8737cf2185a5ace89ec4f47458c5771b176421a57fe73a002007f3e7bd7bb75,896352,557946134.0,173.0,0.0,1,2,225
2025-05-12 03:27:37,1366417f4dfe7ebe97be90e2aadd98e8094f98b6299c2a4382a19c01c79fb35e,896352,17324606.0,173.0,1e-05,1,2,225
2025-05-12 03:27:37,8971d684f77229a2bcf6b15d3f1b2c1dcf556e4632bea89535b42c2e82167142,896352,94160026.0,173.0,2e-06,1,2,226
2025-05-12 03:27:37,9b48afc9e723ef2e7ef855b46798f755bdc565347c74e768fe3b6ff7a83d3b07,896352,1129309262.0,173.0,0.0,1,2,225
2025-05-12 03:27:37,9cf180ae9a38598c70edf20f98369820b5312062f06ba8a4b8d5e9e8fcce2c72,896352,1360090811.0,262.0,0.0,1,4,300
2025-05-12 03:27:37,dc45afa2ec83b244d393ae49afd1c6c0b83a681dbcf41d7c9b26d2c31d3ab609,896352,2479145081.0,262.0,0.0,1,4,299
2025-05-12 03:27:37,1e23e16ba4764b8f9c33d4b12e1c295d76f96f78c96943ee29fa6a4706010ae4,896352,20793.0,253.0,0.012168,2,2,342
2025-05-12 03:27:37,7e13c5327fa163edb85145c11a51382a0283a3865f210a49b322959e823224b7,896352,206112.0,235.0,0.00114,1,3,277
2025-05-12 03:27:37,a33b1ab261a71733e001a7dd90fc8e76f9cbde8c7dbb467ff0f967cf8f5b49c4,896352,1371876.0,244.0,0.000178,1,4,284
2025-05-12 03:27:37,194f9dcf83c64befbed644be223d81770ad0fb72f4fa5dc114761d147c3bd5c7,896352,11540099786.0,214.0,0.0,2,1,340
2025-05-12 03:27:37,10acfda48678817e714fa814673acbb2f47887bfd1e1d5a690a0855f62cd625e,896352,313189353.0,208.0,1e-06,1,3,254
2025-05-12 03:27:37,bd8473f9971a7a4ff2060a9cea8dd6f419602a6df1760c0384db0ad770967e35,896352,38534543.0,208.0,5e-06,1,3,254
2025-05-12 03:27:37,9c1499ff675136f5a8c3dc17138da23305d724656253afae0c55e89ea936b9b9,896352,38568974.0,208.0,5e-06,1,3,255
2025-05-12 03:27:37,3d6db0587974800f3811a6898b1ed914e71a744d08ebbf36a95d40d97a1a2314,896352,71237.0,398.0,0.005587,3,3,574
2025-05-12 03:27:37,2e1c81e1e1d1315099d5e9c8ded6105c1f8649caf662bd3c4d31dd1b8bdc87ca,896352,12104046.0,184.0,1.5e-05,1,2,235
2025-05-12 03:27:37,1f04f90473e32d5017fedcbefbf3f4c56c0054202dc7617cb0cc129740555891,896352,18975721.0,184.0,1e-05,1,2,235
2025-05-12 03:27:37,b1581be4cc432d2ff997582baa571cc214e5d6de3fca73a48e4bc1e47c530bb8,896352,889606.0,332.0,0.000373,3,2,519
2025-05-12 03:27:37,0fd855ea76b01a9490c7a4a9cce917de6b70da5abcbb9ba076ac85cf1cd6978b,896352,1158652.0,660.0,0.00057,7,2,1112
2025-05-12 03:27:37,4698f86e3c3eddd0721df7c16e29fd983866d4ee640d6a43309dc6d322345c68,896352,369464.0,907.0,0.002455,10,2,1560
2025-05-12 03:27:37,4d08381534285bccf297c28d72f77851dbcb780c3740eda819dad686d556e253,896352,1187434.0,906.0,0.000763,10,2,1560
2025-05-12 03:27:37,8ddf58e6c5e2dde081ede969e15d21faeb1326c59486631acafcd24fad977150,896352,678783.0,787.0,0.001159,9,1,1380
2025-05-12 03:27:37,19d4173aa2eac34cb85aeee8bdaab75bfacfa4cdfc176627dd0437f25f163f6a,896352,359974.0,593.0,0.001647,6,2,975
2025-05-12 03:27:37,6b727753974ba0a7cce267ba8b8dbe92aec12e32f15a124f05910ca2ff8aa836,896352,909895.0,910.0,0.001,10,2,1563
2025-05-12 03:27:37,4351d57f25e9d010c8ffb4f2d1ba6e3be848a37917f8d6284ed3f10252bda3c8,896352,1147810768.0,170.0,0.0,1,2,222
2025-05-12 03:27:37,a5d4fae86d0830419225b8a2ad96fd49215da4fea3c382d23f053117ec65e85c,896352,735678.0,252.0,0.000343,2,2,371
2025-05-12 03:27:37,a56d7b1fbc4dd5b1be6ff679aa0ef114c7a8865804c5ed224334ac49554ebf3c,896352,706809.0,907.0,0.001283,10,2,1559
2025-05-12 03:27:37,5928ecab3e920055c71884f1d073304ddbf1fc1a44b1f5f23337bd38b3aa6c00,896352,621667.0,988.0,0.001589,11,2,1707
2025-05-12 03:27:37,5f893d7909dce5596f8e6864a420afcf0702bee7e392d1e1ab4da49e6fee1715,896352,5945942.0,3281.0,0.000552,39,2,5862
2025-05-12 03:27:37,ab8bb28a1a7cd3c23d1dddfef198ce41264a18ec915c8c0c5fe0a5072006a083,896352,66633699.0,349.0,5e-06,2,2,372
2025-05-12 03:27:37,3b1c3cac5a00a0281eca1191bda0ff39a988684a1b32d1bdf4eedb0b7686c17e,896352,19767291253.0,349.0,0.0,2,2,371
2025-05-12 03:27:37,ad33fc2d190968a56057bf2d9aede3fe77a78eee3854e325567260a3df7e27b4,896352,187576.0,378.0,0.002015,4,1,637
2025-05-12 03:27:37,11c1a3b2125db2ed11183868cd5ceac4021fa8f2ad2c9241e9852d8e183e196c,896352,2021988.0,174.0,8.6e-05,1,2,225
2025-05-12 03:27:37,9944d00eb37af6d3b11fa32888241c76616449125dee94de88ebcfa75afd2bf3,896352,19362479.0,173.0,9e-06,1,2,224
2025-05-12 03:27:37,347f2e668a7b68f3501b4884348510eef5da7e9d14baf074d02b63be95a931aa,896352,1333899.0,1153.0,0.000864,7,2,1114
2025-05-12 03:27:37,98c75e39367a15ebdc6f44964a21dbac70c8201d7912da0a6e72de139c80383f,896352,259972239.0,1348.0,5e-06,7,2,1107
2025-05-12 03:27:37,a4c0ac37dc3ba953a5a773c9e174e529a10d996df56958bcd0f5698ef7d5d024,896352,5061979021.0,819.0,0.0,6,2,1660
2025-05-12 03:27:37,245a6607ad225fa8af42fd467b954c598d85e8113bd7e718c55e556896198df4,896352,350000.0,305.0,0.000871,3,1,490
2025-05-12 03:27:37,a94db8bd49ed54e08250aa8903241101744bef374729fcb102cb305d253be352,896352,1160974.0,178.0,0.000153,1,2,225
2025-05-12 03:27:37,72a69563f83c3910f6267408c8b83bb5927561aa31fd1bf110bb9851359e755f,896352,72867.0,303.0,0.004158,3,1,487
2025-05-12 03:27:37,a2331f406f93951accbd7e444726eaf2a91dee3cd81bdfd8d0a9f154fd72f72c,896352,437778146.0,176.0,0.0,1,2,223
2025-05-12 03:27:37,3d00bd977592363f5ba092bd243d878de34107279a824356dcc38b7b5052f510,896352,300918232.0,258.0,1e-06,2,2,370
2025-05-11 22:58:45,5e4197deb767854ce9a89e39a224f9613b54575bc43f31faeb85a3280939d5d1,896321,391236.0,384.0,0.000982,1,1,195
2025-05-11 22:58:45,936da4d9bbc8a2a25e92492ac0abb905fcd6d49babce6399b1d8eec3141ce76a,896321,219302.0,707.0,0.003224,2,2,370
2025-05-11 22:58:45,541ad0c9a6ef2146409b2b6d63bc1df2d40b6ef013b8cc925f0c8f572009f103,896321,25032030.0,374.0,1.5e-05,1,1,191
2025-05-11 22:58:45,f45e069318a2ab74527f582cfda6139aa983e7d6909d514b202b436d66b97cc4,896321,453004.0,385.0,0.00085,1,1,195
2025-05-11 22:58:45,4d510e96fe573c6fb28e03da92fc8a32a84f5b7caace6195128270e68816bc55,896321,84864.0,385.0,0.004537,1,1,195
2025-05-11 22:58:45,78f05c16d38432ccf3431ba719b3d9473db45bc570c6b713fddba6f8cb115655,896321,45752.0,385.0,0.008415,1,1,195
2025-05-11 22:58:45,223e4fc2e7360913e7b00bdcd3f14f35a2b638931114545398c42eaa579e8746,896321,37553.0,385.0,0.010252,1,1,195
2025-05-11 22:58:45,d13b740e674a22dff307f8f1ca4b16a113b7f9afd7793be5edfb17db3cb4342d,896321,15285.0,385.0,0.025188,1,1,195
2025-05-11 22:58:45,a1c8137d0665f3999fba1fa7ee76433889fcd06e4f6949eeae565292817c620c,896321,66304.0,385.0,0.005807,1,1,195
2025-05-11 22:58:45,8e547e7d18fcd42de62d29467ae35fd4867bb1c1311a3505fa99677ce0622bf8,896321,22393.0,482.0,0.021525,1,2,223
2025-05-11 22:58:45,a6b2833c18cdc6aa7bd7763c5328f6ed28a04dc6fa2a4f0ee3e707b02100bff1,896321,74872911.0,482.0,6e-06,1,2,222
2025-05-11 22:58:45,74c3a4c09cf925d7d037a00c61fafb91b85ce4c8dea36b288085d9255f317fe2,896321,169326.0,482.0,0.002847,1,2,222
2025-05-11 22:58:45,cf5cc9f042dcb8c3f0437ae74831c0808ce44365bd69e77a59448077f492d1cf,896321,221681.0,482.0,0.002174,1,2,222
2025-05-11 22:58:45,832e4726f43fd424092382d414ab4e879944d039f64ef2480df7aced73a3adc6,896321,158351.0,482.0,0.003044,1,2,223
2025-05-11 22:58:45,557275040849b726e5ab60c73faf9e0f5848432befd7f35378a072c77602f7bf,896321,69286016.0,482.0,7e-06,1,2,223
2025-05-11 22:58:45,7e53c5a3a0f9d24ebadb4cf86612cde8099c83fb1fcb3238aa286682d3edc7b6,896321,338124.0,482.0,0.001426,1,2,222
2025-05-11 22:58:45,64058c50ed28d5ec2b6c2062449183e25e50eda9f70f0cc491edbe161dd4d8b1,896321,444465.0,482.0,0.001084,1,2,222
2025-05-11 22:58:45,862eeed77fe2a01aab25fe46077db4858717c52c5442b3c5513837dfa9df5ea5,896321,106695.0,482.0,0.004518,1,2,223
2025-05-11 22:58:45,50a6f840adf062e9196ea69bf62aa6cc90f1f8300f49df2682722a94dc6f45a4,896321,881005.0,482.0,0.000547,1,2,222
2025-05-11 22:58:45,3322c7ef6c77b840251e452d26b23240d6af7d494485a2bb747da385c8ab16a2,896321,401197.0,482.0,0.001201,1,2,223
2025-05-11 22:58:45,9309d9c44fcb2b7f725ce3976d42588a6933c5a9a25f5a9a4870e5ea64217b8c,896321,10040018.0,482.0,4.8e-05,1,2,223
2025-05-11 22:58:45,8abcdf7ebe68986e5ecba15176f0589e9a045ef64381c37f712930b553733685,896321,315378.0,482.0,0.001528,1,2,222
2025-05-11 22:58:45,eddae1c3fd0e408b07b14e2be21d803bfd9b8b1181bcf8a18cad9e35e5719a81,896321,2779736.0,482.0,0.000173,1,2,223
2025-05-11 22:58:45,5a16e408e16817327e5f952f1cf049006925e4bb94152cc0e95519adf74eb079,896321,4782612.0,482.0,0.000101,1,2,223
2025-05-11 22:58:45,d9308b202b3b25f481455145785e9700b4e657d52b2ac15d296cd2cd6bbaa377,896321,76965.0,482.0,0.006263,1,2,222
2025-05-11 22:58:45,7d9a60582b48f39495815a89943eef9d3a62135946602a15969d751a92d65674,896321,3907439.0,482.0,0.000123,1,2,222
2025-05-11 22:58:45,a029f2708df6e2118a8e5a4085ef48e00bdd90eee2e9339e4dce15310132ec61,896321,202497.0,482.0,0.00238,1,2,222
2025-05-11 22:58:45,f3c0260b151b73330027014aacf8e9f5a82949d05856d9c2442772ceec552e5e,896321,122833.0,482.0,0.003924,1,2,222
2025-05-11 22:58:45,5d34f1ea0201ded2b1cde675730a8974aabbb5909986a4f0be672aecd657d15c,896321,148628.0,482.0,0.003243,1,2,223
2025-05-11 22:58:45,b4c87e00e181e85931ff1ba3af7e101bb567f355eb3c71109bdc61460e27835b,896321,72302.0,482.0,0.006666,1,2,223
2025-05-11 22:58:45,9179220dc167a91d7331f16875a7a9b4b0b115989f7833165f44d71902362a53,896321,601411.0,482.0,0.000801,1,2,222
2025-05-11 22:58:45,a65f079220b1edc4c01d5a27ab9d3690df7cf0513f5b4993feaadb71e0e9c93b,896321,4158954.0,482.0,0.000116,1,2,222
2025-05-11 22:58:45,694d9cab61fce37a351ac75928ffd1f470874c8b420329bd78be14f4dacf4f38,896321,310011.0,482.0,0.001555,1,2,223
2025-05-11 22:58:45,b41b580cf88c051cd755cbd9c4b47dbe71306755b1597e91b8b87d649c93402c,896321,198683.0,482.0,0.002426,1,2,223
2025-05-11 22:58:45,8f5abdf24d259645e70a73d3c9f96c67f18ac14409cbf54d85a50e547ff2ba27,896321,47532.0,482.0,0.010141,1,2,223
2025-05-11 22:58:45,e85edb5f675b0c5f05f30df4b4a2d8c7c26d5eb7f6783fdd96b52354a361ef22,896321,1229793.0,482.0,0.000392,1,2,222
2025-05-11 22:58:45,f4509bfcd67a0d55d15c4ed8a1ca24d55fae4fdc34d2b293af1b0e3ac7aec91b,896321,26979.0,482.0,0.017866,1,2,222
2025-05-11 22:58:45,31f215b5c816cc5008e95ba07e9a4b59cd955113c9ac0c48d35e709f45003b13,896321,320563.0,482.0,0.001504,1,2,222
2025-05-11 22:58:45,4250e1ec9d24cb5291f4044014705f5fb5ca8770a25e121c9bab60c92bb30209,896321,681174.0,482.0,0.000708,1,2,223
2025-05-11 22:58:45,836dc7d25d9e7fa54dcb274bc1beb1cfb632c27f33ee9f05c0444b2cf8cda205,896321,5064225.0,482.0,9.5e-05,1,2,222
2025-05-11 22:58:45,6f88bc8e5f6a8e8db851c0b3fe15487c48e423ee43e21f12c2c9fcb80ace22a5,896321,8921421.0,482.0,5.4e-05,1,2,222
2025-05-11 22:58:45,f8270c7f35110ebf5c5127379c0ac471f66fcab544d5282f0fe1838d874b90ce,896321,9078.0,561.0,0.061798,1,2,222
2025-05-11 22:58:45,ddf9b6ea034f341c0d2c1c543d3b1e1c9085891417d6e35ac0e4bb26566fb857,896321,12943.0,561.0,0.043344,1,2,223
2025-05-11 22:58:45,8fc51894dc6a2c9f5b13dd6f3d6e64377caaeec9a52edec66b17968ead4f908c,896321,23143.0,561.0,0.024241,1,2,222
2025-05-11 22:58:45,68792518d711ae921a0c5c30a2bbfe87421d71c9ed10f2089058c6f79ee6de48,896321,23704.0,219.0,0.009239,1,1,192
2025-05-11 22:58:45,b802f4a9a1980fe7dbeb26aefdb485f1064fb2e705989c1edb08b9840603b0c8,896321,1892179.0,1340.0,0.000708,1,10,472
2025-05-11 22:58:45,21d60d6dc264e192f7c195e7d65562853316390e66dcf7404bdf07cd7922532d,896321,1455800.0,486.0,0.000334,1,2,222
2025-05-11 22:58:45,a42cd6011caae0bfb217469b3df421af1d5e1c1d93d2200abe03d216918e6406,896321,17538300.0,700.0,4e-05,1,4,284
2025-05-11 22:58:45,41ca967512d36f630a68e8c7cfbf47c2f992454cbbc6d3a073bab5c67aef5b0a,896321,60988543556.0,776.0,0.0,1,2,225
2025-05-11 22:58:45,1e070b6416d0b599655f0bbd0b051bf3dcb4b5920dcc8ad1e4d4e91777676dd9,896321,298936.0,385.0,0.001288,1,1,193
2025-05-11 22:58:45,e64d0a138febe6b02c61afa5d14760d2f946027cfeed35c8b9c790542aad2898,896321,18824.0,385.0,0.020453,1,1,192
2025-05-11 22:58:45,b12dcee1b10ee63f856fd654639a50dc011780390f0d1b168f2a868f53419170,896321,71701.0,385.0,0.00537,1,1,192
2025-05-11 22:58:45,ff59d92136e17a07bfcb623d04717c042e5d48cf5207b44c1f19ad11bef98e52,896321,29999615.0,385.0,1.3e-05,1,1,192
2025-05-11 22:58:45,9f4befe60e6ffda8ca367b058215f3d97b32e0698c8719f894616f9d34b6942a,896321,55393.0,385.0,0.00695,1,1,192
2025-05-11 22:58:45,e9ef112c71a607a59e00d62cc4941e0d21a72ac5c56d37dcf185b34f175cc146,896321,1028041.0,500.0,0.000486,1,2,225
2025-05-11 22:58:45,a45efbbb10d82d8ca9cbe589cf1feb81653b2a7f1a5dc1c6aef8b87ec383942c,896321,143695120.0,1000.0,7e-06,1,3,302
2025-05-11 22:58:45,2637238d2a3d721f767d0097d6abcf5d82f8e94f8ce409b7a911be39fda7c258,896321,144131951.0,1000.0,7e-06,3,3,599
2025-05-11 22:58:45,874e5ce730e0c2048270ed44085fcc928a578a77e3db28ff0a9e1675ad631b2c,896321,9037679223.0,1000.0,0.0,2,3,451
2025-05-11 22:58:45,95dbdd4af0ca3c4a1da3c16079a5312c64871a9b6718f79e329a22e23f39e2b0,896321,5519210.0,790.0,0.000143,1,3,279
2025-05-11 22:58:45,56b4c5aa87bb944dac03f321349bb48947c8858af327245fb53d8781ff60b6dd,896321,11880682.0,642.0,5.4e-05,1,2,404
2025-05-11 22:58:45,186c98f84d1f9fef32ab6656e5222c9af93eb9acc44204c96d81518430e6345b,896321,19235.0,866.0,0.045022,3,1,492
2025-05-11 22:58:45,275574849e56227d1910c6df2a61302554fbbd957fae42301c989474e9f166f3,896321,178296.0,383.0,0.002148,1,1,191
2025-05-11 22:58:45,ccc40059ebc5e2693b40b278b656f685fb15257b6083bf61bad21d8a2ac431a9,896321,733800.0,493.0,0.000672,1,2,222
2025-05-11 22:58:45,5f9b936ee9124ac0ee79caf1b31088c9312e725a35975943396a3721d2aeabce,896321,477244.0,385.0,0.000807,1,1,192
2025-05-11 22:58:45,d20d2cd611b94a7e91ab9a0b994c39c8403e57c79479d3dcf6f755de760bd9c9,896321,103585.0,385.0,0.003717,1,1,192
2025-05-11 22:58:45,f18e8a154f65d45411bdc90ecc7d553bbe474fe57b96f7499c03c7864927d3c5,896321,19860.0,385.0,0.019386,1,1,191
2025-05-11 22:58:45,88e160b9bb042482cd27aae9489b3f733988302a6b1a6a2b7d8c097a205324c0,896321,10127.0,385.0,0.038017,1,1,191
2025-05-11 22:58:45,874fdb274aca14da57b224a2151b73673b86e23b3ef17c77074c4623a879a9bc,896321,152991.0,385.0,0.002516,1,1,191
2025-05-11 22:58:45,910094c604f10b79176794e8d7a20a665ea0ce33b6d84267c0b748dfee93faac,896321,6926.0,385.0,0.055588,1,1,191
2025-05-11 22:58:45,17b53c829a74d4c1fa833e4b6c08d6d64618a1de99a3293f34055613afd2d2ac,896321,6122.0,385.0,0.062888,1,1,192
2025-05-11 22:58:45,38671ea30c0a6a6378131ebcf114b33efc663d51e669251800829cada68a87a9,896321,38370.0,385.0,0.010034,1,1,192
2025-05-11 22:58:45,aa1820f72e387bfdd3bc7b30db7276d097eefa950b125cd6a395c9e96045218c,896321,48119.0,385.0,0.008001,1,1,192
2025-05-11 22:58:45,6e790d3a01f0253783c01e7602b054996d8e4d72c46cb8d9446c534b966cf846,896321,22410.0,385.0,0.01718,1,1,192
2025-05-11 22:58:45,21c05473a6c94bc73d2128247f12349992030862f40dfaf8969fb288ba930e41,896321,46874.0,385.0,0.008214,1,1,191
2025-05-11 22:58:45,99ecc4a9fe1a7393bc4104e97c002e45f08db703bd665faf8734633b7ef2a13e,896321,47653.0,385.0,0.008079,1,1,192
2025-05-11 22:58:45,7c0a6f04f7a22a7f6d1133effe20b0ca87cb875a54ca7029483f673d98c38c33,896321,586516.0,385.0,0.000656,1,1,192
2025-05-11 22:58:45,69b55c5eb6ea79c03c03d25d4fb0a60ee02bf268477ae23d7708b9b45af62d18,896321,196384.0,385.0,0.00196,1,1,192
2025-05-11 22:58:45,a68162be9b9f093180b53f25a857f32c84c2517ec2415ef69046484ba1308312,896321,88264.0,385.0,0.004362,1,1,191
2025-05-11 22:58:45,ab25ad7cb7aba690bbb580705ebda2caece9dc26b8b190f34805944199d4ff11,896321,19126.0,385.0,0.02013,1,1,191
2025-05-11 22:58:45,8db9a2d9effb9eba648e8f71af63be01f614a09327c5e2fe7f80a37eeaf37c30,896321,54992354.0,506.0,9e-06,1,2,226
2025-05-11 22:58:45,2828c25df128c7221abdbcdf0517ead4f6f21007be4b925124fa9b5485c1d411,896321,38188.0,738.0,0.019325,2,2,372
2025-05-11 22:58:45,843148c75592ffcb864e75d56b3a4d21f6090675a28e987ab6a6ba0f6ad2e4a1,896321,127212.0,774.0,0.006084,1,1,220
2025-05-11 22:58:45,243361df3dcb0a743bb9dd7ac88cebb861069f2991492c02743f5bc13cdca7ec,896321,100099500.0,500.0,5e-06,1,2,223
2025-05-11 22:58:45,544a860abd5eadf113d49cb4ba39c443c67184a875233afd34311e354d5fe500,896321,473281.0,500.0,0.001056,1,2,223
2025-05-11 22:58:45,81bdba6f8b44418349cfc7978cf0fa0bb13c907a85718137b5088abeb74591db,896321,278783242.0,748.0,3e-06,2,2,373
2025-05-11 22:58:45,ddc6d0c0dac1bbda38dda4d50a8b8a461b5b3450802c9caf0477457f068ee4a0,896321,149800.0,500.0,0.003338,1,2,222
2025-05-11 22:58:45,0004ed9308b4329bdbd15fab43b37a305e542fbacb833f89cde6e55d2aadcaa0,896321,372900.0,500.0,0.001341,1,2,222
2025-05-11 22:58:45,d2ebdab48052f12ae934bf20ec984e30235f7a8c03cce0d09b7ddc291fb28336,896321,261335646.0,1324.0,5e-06,1,2,372
2025-05-11 22:58:45,ebd11caf359c279658be1d9dcb0620e2f795973b6f5c9075ec663704a84194d2,896321,1215400.0,926.0,0.000762,2,1,343
2025-05-11 22:58:45,2fb1f50c4f3eb0ce55edf4dc1989bafe898d9bedc669e8ada710306f00419c58,896321,51543.0,503.0,0.009759,1,2,223
2025-05-11 22:58:45,cefe5be6cc917407295d1fa47f3932ca53be30d078fcc87a0ec09530543e6e7a,896321,342888836.0,511.0,1e-06,1,2,224
2025-05-11 22:58:45,4f5263e9b3179cc5d5ea9d65f9174145104c70454fe15b1d1b00981d4bcbc777,896321,140647418.0,1400.0,1e-05,1,10,471
2025-05-11 22:58:45,f78380f1f293f44951f7214acb5d0484d978f1757937f3e4463335bf80e901dd,896321,105085835.0,3830.0,3.6e-05,1,31,1145
2025-05-11 22:58:45,002103b6d41557b45742a3124a768a156fb7982ae9328a75a1e88e186299331c,896321,18199174.0,731.0,4e-05,1,4,284
2025-05-11 22:58:45,7a052f0209023ed185adaa8db59ab66e15341dfb70b441387c1f5b98df9275f8,896321,21208771.0,796.0,3.8e-05,2,2,383
2025-05-11 22:58:45,81c172e8951ecb173f35d34c7b37f6a01b9a8e20507e814da5f7741bffa1bb62,896321,7931551233.0,742.0,0.0,1,4,288
2025-05-11 22:58:45,140270e4eb6806b9f6e014d6e5698ac9b35674701d3dde1b665d9391375c6bf5,896321,17945321.0,508.0,2.8e-05,1,2,223
2025-05-11 22:58:45,e71352d56c11c959dd1fd6ea9256066c90cc9e11c6aaf8a3247cf8809e24d4ec,896321,6054831242.0,508.0,0.0,1,2,222
2025-05-11 22:58:45,140ca5ab92931d2cec9bd513dfa57fc965a7b3e3cd2209faadfcf3dafcdc778f,896321,24328417.0,508.0,2.1e-05,1,2,223
2025-05-11 22:58:45,ab7e6a66a301a2e8e268f1059aa91c93c24748721a5ed010dca4a1ecf1dfda4e,896321,1294977109.0,508.0,0.0,1,2,222
2025-05-12 22:00:06,5f84d1be9a6dcfe81bb8df037f448389d40c22f772fe90168f8ef3eaf59f841a,896461,8089.0,220.0,0.027197,1,1,191
2025-05-12 22:00:06,916133442218561919b92e4ce04bcf0685449d6427148e243753cd2a3453821a,896461,114425.0,244.0,0.002132,1,1,203
2025-05-12 22:00:06,e47924c61f32c2b78649c5998f06109b879b7256852340b57fb5686f8a06571a,896461,22973779.0,282.0,1.2e-05,1,2,222
2025-05-12 22:00:06,b9a545870be006e72ccd8196f59e5636a83ccb516c4d5a6967fd5cf32aca2e1a,896461,305303.0,282.0,0.000924,1,2,222
2025-05-12 22:00:06,d4a8ba00c16fe68c2560a2941b1eb891879543c0f3f74fafeec35f844cd1f817,896461,12273.0,220.0,0.017926,1,1,191
2025-05-12 22:00:06,2acc6747351cc48a8709d9a803b009bca1e167835575dbbacd0b76e02ff04c16,896461,3922224.0,282.0,7.2e-05,1,2,223
2025-05-12 22:00:06,434fe589de0a161bb719ae026f6b52078840df5fbabc202de38cc5856f52b515,896461,36988.0,220.0,0.005948,1,1,191
2025-05-12 22:00:06,c6c9bc00c182125abb6a73b6651f706e38ed092f41edd4df8017ced67f389e15,896461,141070.0,560.0,0.00397,2,4,411
2025-05-12 22:00:06,50c05207b8889db669e542cdb9c71a8de6fa8691d70e86f783413a76594b3515,896461,403518.0,282.0,0.000699,1,2,222
2025-05-12 22:00:06,f001faa696b6127fe08ff43bfd63c7fe1e6216f85bd38c8cb08f73d6b151a314,896461,900077.0,222.0,0.000247,1,1,192
2025-05-12 22:00:06,ddea1ec163b1c4bb765c90002e4db24f5e695b84b8de4631296bca07529ae013,896461,333046.0,520.0,0.001561,3,2,410
2025-05-12 22:00:06,2b258bfda045b9788b291fda3a1748cb01b4394f7fee070ae0116c334406cb13,896461,319863.0,222.0,0.000694,1,1,192
2025-05-12 22:00:06,06799b2ea28cf78618972eaa8e227c60d08e1f6238f95837895f69fcadefbe13,896461,3392.0,222.0,0.065448,1,1,162
2025-05-12 22:00:06,9a1530c18e7b607c65ad43754b39f5b55e247eda6b7d0141dda7f03fb5285f12,896461,108084.0,266.0,0.002461,1,1,214
2025-05-12 22:00:06,1c3e639c8020ca4a9d6fa46e46868d6ea4810c8fa55f96066af4f96f0f234911,896461,3727.0,282.0,0.075664,1,2,222
2025-05-12 22:00:06,da545e3eb577d64c1e823a7143fe4efc28b9623c7b43455ef2047ec9376bea10,896461,546.0,306.0,0.56044,1,1,330
2025-05-12 22:00:06,843cb072c3295d39f4db6c6de419fb3151f3e2c59bc4add929c6f25ec1443010,896461,4160.0,220.0,0.052885,1,1,192
2025-05-12 22:00:06,5c244bac31ddfc26c773a19785409be4816c3d05922a020662a232c8b496df0f,896461,45947624.0,336.0,7e-06,1,2,297
2025-05-12 22:00:06,b4a0e0157340b9d2684f47f2f78e365f9858ce993a782894b4585e54a6301a0f,896461,57350.0,220.0,0.003836,1,1,191
2025-05-12 22:00:06,028c4499da9e07ba3f2af37a2568f2d634620d796c1aa92cdd62329c6d80d70e,896461,29778.0,222.0,0.007455,1,1,192
2025-05-12 22:00:06,f022530141b040873d29366842870e6e4d1fae2ca3a7cdb5f772210a10995c0c,896461,760445.0,688.0,0.000905,4,2,666
2025-05-12 22:00:06,05428ec0c45b0937039896f78ce2177615d31982d91e6c18f5ebb58927a63d0c,896461,27213.0,220.0,0.008084,1,1,191
2025-05-12 22:00:06,64c532df4fd144f77ba38def6d4a5d36f11a66fe9542d933ffca1372f651ff0a,896461,2045822.0,282.0,0.000138,1,2,222
2025-05-12 22:00:06,74f98ba51bbd19aa961f168ef3add747cc914666c8efcf6ab52f84761695830a,896461,1447.0,308.0,0.212854,1,2,205
2025-05-12 22:00:06,4ea189cc38282fe913daf0b3fc7b63ff57859c17c5e937223f7e546d44926d0a,896461,809809.0,282.0,0.000348,1,2,223
2025-05-12 22:00:06,796fdb950e1309dbf571652abd8e0b527850bcb9ecb0fc78797e7160a1a57009,896461,42900.0,308.0,0.007179,1,2,205
2025-05-12 22:00:06,35357d4ed0e82a53e4746a69f542f7442ffce44eec9adac36a0aaf4ccf863409,896461,1845.0,220.0,0.119241,1,1,191
2025-05-12 22:00:06,f9c3dd420571b0c5b074fba10405f49d66da386b475202f47e71ccded0d31609,896461,15616.0,384.0,0.02459,1,1,192
2025-05-12 22:00:06,1794a1f4ee4f0a64ee8b65b662bd126b280a92226cab0d0963cd7d3082a85808,896461,58603.0,220.0,0.003754,1,1,191
2025-05-12 22:00:06,ba55d56150561bb96105f8f535274c03e1f62d03145dbf4e26d3adbf2c0e8907,896461,200206.0,1610.0,0.008042,1,4,451
2025-05-12 22:00:06,861972239f45302bbae0c1142cad1ddf2a645d8671c4fa447ea2715eebf06707,896461,29745.0,222.0,0.007463,1,1,192
2025-05-12 22:00:06,ece03b1581d3e01df9053862055acdb4f13e6353db22ae058d5714f05ab00107,896461,28047.0,560.0,0.019966,2,4,411
2025-05-12 22:00:06,adcf76d8900d1dc9fd3a37792a3b77ffde24ae85dfd177fe50394a7ae7b2ee06,896461,198728.0,282.0,0.001419,1,2,222
2025-05-12 22:00:06,9f74efe3893d5243af15e146caa0a1766e358fcd69dd94f15f877ca4ae419206,896461,10067800.0,284.0,2.8e-05,1,2,223
2025-05-12 22:00:06,15f84f24a8b4adde215ed8a3acad908b539c2eea76565733378a7c57bdbe9604,896461,588539.0,222.0,0.000377,1,1,193
2025-05-12 22:00:06,7deec0a10fa7ea55ba5ec6a0710bf24ff35e939041272a6b1ca5628744ce8e03,896461,49543.0,220.0,0.004441,1,1,191
2025-05-12 22:00:06,4fcd4c603fd4fcd865be785acfa3466c7c4f9bfc649663bc322a849a6b490202,896461,546.0,304.0,0.556777,1,1,323
2025-05-12 22:00:06,184e9ffa6f4ec34ce1d52940b801f0fe370685c18d1bd33f7cde9d1c5afb66fe,896461,124976.0,308.0,0.002464,1,2,205
2025-05-12 22:00:06,815ddeba839f20386c44b7c85232fb02caece8e85350824021bb63c8996dd001,896461,544414.0,282.0,0.000518,1,2,222
2025-05-12 22:00:06,8a78ebacc204e6fd8dab7903754bac3153a4560175078b347897a8fe656a5a01,896461,215981.0,306.0,0.001417,1,2,234
2025-05-12 22:00:06,133cb9666e1390c2999ebba58835532001ba563dd51446ebf43662fbb3a83a01,896461,9313903.0,282.0,3e-05,1,2,222
2025-05-12 22:00:06,d7be0238411d005d70253e27d954e00c14496b3447d0d18bc2d2c2ab2a2b85ae,896461,5546.0,81182.0,14.637937,1,2,161957
2025-05-12 22:00:06,c340ba3bbec23ce2fccf213ae82a560d4f562040dd1a83d1e81cf434f5591e42,896461,35834.0,1854.0,0.051739,13,1,1976
2025-05-12 22:00:06,a12fbeae384aaf74c17926396d0651a738ace4957d799e968d5d0611cc889f86,896461,1126.0,720.0,0.639432,2,2,300
2025-05-12 22:00:06,10627647e1edbb0b1e28149bdd657c8acfdc8ed083ca7846daedbfa9a6738ca0,896461,47099.0,241.0,0.005117,2,2,302
2025-05-12 22:00:06,1cb8760547c9b82ce640ebd7d76f96b3b47ae0b5a59954c3d121ec23d9e4baf0,896461,92345.0,237.0,0.002566,1,3,248
2025-05-12 22:00:06,1dbbf1a15743fb81c0f8128753c9f524b1c13c72f4e0e87eb54691ea75a51008,896461,390396.0,2344.0,0.006004,11,12,1747
2025-05-12 22:00:06,4df72dcdb0f49866959d5b917c0f2d4385456744572a176059f19b3941c97af0,896461,53668560.0,8986.0,0.000167,65,2,9726
2025-05-12 22:00:06,0a7490f1f460fb049e60eb894a47388903945e35177702371af8950a141415c2,896461,36764.0,1854.0,0.05043,13,1,1974
2025-05-12 22:00:06,91995280d88c442d6c08c6ed0e7c323c553b25b3c5f72abcd100445d0925abaf,896461,21933.0,446.0,0.020335,1,2,222
2025-05-12 22:00:06,c7bc970eb758cad6ec168605598cdb13d90d449383ddd487f1e54d0b1e636e95,896461,212554.0,446.0,0.002098,1,2,223
2025-05-12 22:00:06,80ceb004f27bf8c991b159ae983887784071f1c676857dc617d4cf3b2434126b,896461,774146.0,876.0,0.001132,4,5,759
2025-05-12 22:00:06,c22f2ba7d0e330659fbb63a23a63ae6ed3d672ea9f15877b168e157326157ab6,896461,1305055.0,836.0,0.000641,4,1,740
2025-05-12 22:00:06,b4864cc7442374755ae4e503d3a6f07d3daacab1236dc853d1d93949cf147349,896461,19373414.0,826.0,4.3e-05,5,2,814
2025-05-12 22:00:06,8b2d8a013c057130abcc8df25eba927239f022f9dac854f0e9d970d16019d94f,896461,53169.0,1233.0,0.02319,8,2,1258
2025-05-12 22:00:06,57cb9e2fb37f53080b9e4d9570a904098d018cba84bd8e5fc3d0a243dfb75cc8,896461,45044.0,750.0,0.01665,3,5,557
2025-05-12 22:00:06,bd7f972e4780e8debe480f8dc0dc35c1acf4caa70dd5afb4fdbb86d6b7674fb7,896461,32216.0,748.0,0.023218,2,2,373
2025-05-12 22:00:06,bb8565761663ebacd725f8f50bb3ebcb5d98bf0564dbf16996d2be52ee918d94,896461,404252.0,748.0,0.00185,2,2,373
2025-05-12 22:00:06,f9dfc76597d3578958db8683f29a794f6156b9532eb4c709e88e951c0c146efa,896461,169277.0,744.0,0.004395,2,2,371
2025-05-12 22:00:06,07b0d1b63f4916b3fb7e0c6f72ff661777ca39f12816f922c84cfe3229d03300,896461,390752.0,744.0,0.001904,2,2,371
2025-05-12 22:00:06,8398a595be00fab706f4283edc221f1911d06ae73669b967eff6bbf2f1477ee4,896461,14204.0,742.0,0.052239,2,2,370
2025-05-12 22:00:06,8d4bada04a316d74c0cd408f7e8a76c28d297e20692e58b164899bb1359f4a47,896461,241289.0,742.0,0.003075,2,2,370
2025-05-12 22:00:06,1789076f4765a1254b178210828edab290ce1830a98efd70129b3e9ff3057cca,896461,12670.0,2222.0,0.175375,7,2,1108
2025-05-12 22:00:06,c91d457761aa3942a96446a4f0b27b79606f45b495cc1666bdb098f5fe5e94be,896461,28849.0,1334.0,0.046241,4,2,665
2025-05-12 22:00:06,f360a83dfc400801e602b334f72ce5bca6f4fe3a0930031a58ce4354af915658,896461,2897164.0,1926.0,0.000665,6,2,960
2025-05-12 22:00:06,3dff68fe7e399de852f4e943dbcf1a3103547324ae538a1c55a4bf2b641613f1,896461,38534.0,630.0,0.016349,4,1,638
2025-05-12 22:00:06,98072df80a75b07b100945c92f1d7bc06392fc657175ba20d8f9819a43ffa7eb,896461,18245.0,630.0,0.03453,4,1,638
2025-05-12 22:00:06,22f43417ddcb8b9d8d0a490b5e9ff03f7a39147906e3208f69bbb55a2ad674d6,896461,34094.0,630.0,0.018478,4,1,638
2025-05-12 22:00:06,c19d971e2216172b63f3ec12ae3f444ea3f5af06c8f4e9b26b3cef19a789a93f,896461,73706.0,630.0,0.008547,4,1,637
2025-05-12 22:00:06,f5074496af4db0254d22b0da9556332908f03ed0f122529207f3eedcaa9ee803,896461,68039.0,630.0,0.009259,4,1,637
2025-05-12 22:00:06,53f7c9d2a6184ee36ced334d22122f0550419ddbb18ba78ef42be3b15421165d,896461,7012998.0,628.0,9e-05,4,1,635
2025-05-12 22:00:06,47f9408d2732ef375340ca2062b4eca3b535a0fa93c84e485d80467061870c2f,896461,43571176.0,4984.0,0.000114,36,1,5385
2025-05-12 22:00:06,5ad6d834c0518f2ce37122e627a87feb2a2bb943bf55f624ed7630f3ca22437c,896461,1591253.0,2458.0,0.001545,17,2,2590
2025-05-12 22:00:06,cb9636b549280fde40fd2b42abf6794c704859a89bba54d8d0411316422fddf7,896461,520096.0,307.0,0.00059,1,2,234
2025-05-12 22:00:06,b301361c45e12362be5c40316e1bb84cf0b95497a4fdfd2ebff51ecf2d3d4277,896461,1204998.0,580.0,0.000481,3,2,533
2025-05-12 22:00:06,0769c2eb6e7dc6b41979f93d97ebeab614c4aebcd8653770df1584eedd87a198,896461,1148518.0,2178.0,0.001896,7,1,1085
2025-05-12 22:00:06,8f9570d84a4fa7c4a45b1dd03f1cf3df7eca6e5f47b303fff0fccd7b517cd3c2,896461,65330.0,1038.0,0.015889,3,2,517
2025-05-12 22:00:06,672ab525a3bf3131fdf9b57e976203933ada05d294f0b6a72f9d4398adf1d189,896461,253049.0,498.0,0.001968,1,2,248
2025-05-12 22:00:06,07945c7d9bea5d1967f11d3babea41f32b5b5b268363ab3e23a2bc0e42f8e5ad,896461,37196.0,494.0,0.013281,3,1,489
2025-05-12 22:00:06,a680ea8d619f1ee36e85427d96e4e6e71b7b74d31d74481907f3961048e0249f,896461,37577.0,494.0,0.013146,3,1,489
2025-05-12 22:00:06,9094daed634261c83f9e67257de560acae758c3bcf976057190235b7761657ac,896461,414501.0,472.0,0.001139,2,1,397
2025-05-12 22:00:06,f166edc60645316b7b6fa2f65602cc0ed793daed13fd26d327a0c2282d0fdee4,896461,38956.0,5182.0,0.133022,17,2,2580
2025-05-12 22:00:06,4dbf888111319cd67ae81f06a1961ed10e2873a1e24a70bb34ff7efcb359021c,896461,11679.0,456.0,0.039044,2,1,390
2025-05-12 22:00:06,38a20094a49ff9006d8ddc2ee642f5ed69554e12f3ce119920b9dfb53e3037f0,896461,624534.0,452.0,0.000724,1,2,225
2025-05-12 22:00:06,6ee89d1f6f6a62118a84e0928dc09ddccd00f1d0a0807d3a09e7c2df021f0aa9,896461,99922.0,452.0,0.004524,1,2,225
2025-05-12 22:00:06,0948816f8d01e71259f5fdf297b3487899b2b304958059d3be3412fc0f94d698,896461,210548.0,452.0,0.002147,1,2,225
2025-05-12 22:00:06,ae9d665390f35ef02ede0e5141e99487e90bcb89ef828e87a8afd0dcaa600981,896461,76474.0,452.0,0.005911,1,2,225
2025-05-12 22:00:06,b69fe6ada0bd5e572ab93e85c7ae2f1951aacddbb7b53ca61734e55df7e42774,896461,168548.0,452.0,0.002682,1,2,225
2025-05-12 22:00:06,686f6b4adf74977673aa9230db2fca3ea8d505abfab71a3a491fd3130ad09464,896461,404644.0,452.0,0.001117,1,2,225
2025-05-12 22:00:06,02646b56b112cdbf731edbb4b7cdc0b91487754d5811b75cf7eb3e147667f50c,896461,97057.0,452.0,0.004657,1,2,225
2025-05-12 22:00:06,7b57590de7db3d90ff2618f1b5b9ab167d9ebc3234820e6e4b8ddf090a19a7e1,896461,1293636.0,448.0,0.000346,1,2,223
2025-05-12 22:00:06,5ef7bb1ac74afff282cd646ccbb64919822c6d271c5536ee5786290d1ec3d0c7,896461,1470111.0,448.0,0.000305,1,2,223
2025-05-12 22:00:06,a576cc241b45b4eae36b1b3cca3817e7bdd5544615bf223108354c74713b909e,896461,3831182.0,448.0,0.000117,1,2,223
2025-05-12 22:00:06,8704c133ac2130e8fe0e728bd9db63e4b735a14b4a190034c5815e8e49f39d74,896461,118866.0,448.0,0.003769,1,2,223
2025-05-12 22:00:06,aa52bb761794f038062a9453b3cdbacd494c96364dfe54e368549fe8d807856c,896461,252331.0,448.0,0.001775,1,2,223
2025-05-12 22:00:06,f2d3053fac277d1a07596fd17a160c35102050d18a7569bada7d30a78dc6c36b,896461,66741.0,448.0,0.006713,1,2,223
2025-05-12 22:00:06,517cd7c7288274fcc487d1b33aae7a5e42b3b74a7feaef87a6ea515033f096e0,896461,17554.0,446.0,0.025407,1,2,222
2025-05-12 22:00:06,6307c2749112ca9511c9a5fa672dff33b57e50293d776f2d68f2db4a642d9fbb,896461,20424.0,446.0,0.021837,1,2,222
2025-05-12 22:00:06,9762fa121a3fa76c4bccd7bbc5ac82a579bded15de5f3d019bd97e0376ec8aa6,896461,368905.0,446.0,0.001209,1,2,222
2025-05-12 22:00:06,63992cfd70025a600605c07d60b37301b8231e6c340b3df3a5f821f30dc2b896,896461,257104.0,446.0,0.001735,1,2,222
2025-05-12 22:00:06,f9ebbece6759b5c9181e47701a86cbc07c8e2f99b855fdd8b733733a3cfa2188,896461,5312961677.0,1778.0,0.0,1,20,823
2025-05-12 22:00:06,a1f5bea6a12ce12928a66a50231a38843adaf7c1ed499ffea87aa045ae31c13e,896461,6123169632.0,1303.0,0.0,1,14,624
2025-05-12 22:00:06,44114aa0110f311a581fc8223e1be6a179039671be938bca427317fbc7f166a6,896461,4715584120.0,1759.0,0.0,1,20,814
2025-05-12 22:00:06,a09fd9deede9831fe42125a9e59a0f49d2da028f5bab08a8c3874e6ea20259f9,896461,1383443.0,504.0,0.000364,2,2,372
2025-05-12 22:00:06,a6d2c198d32e04d34b1df577446fa2511bb6d823fbe52a0e07420b6b4c8c6dce,896461,125808954.0,346.0,3e-06,1,2,225
2025-05-12 22:00:06,9f7536a783a2f63c9c065337ef98a9886b2494e5f4a55b41ea53a2a937a1f21a,896461,125878000.0,338.0,3e-06,1,2,222
2025-05-12 22:00:06,d4cfdc3409ad9a6108c3c1e202658d064076969e735b62dfe77a7a2a8a843426,896461,140121.0,672.0,0.004796,3,2,524
2025-05-12 22:00:06,532b249f7a412c3909c415ed02c26460aa8f7e72f37a5acfd996c48b268774d3,896461,43062.0,665.0,0.015443,3,2,520
2025-05-12 22:00:06,f26ca48b30b9bbf9ec806708834ac30696d4ea88a37af89fc615d0cef6cb8e33,896461,189230051.0,898.0,5e-06,1,9,455
2025-05-12 22:00:06,3e55552b1cbd4705bd601619b25754344e592c80e57727346badd3dc048cecf7,896461,660586439.0,341.0,1e-06,1,2,224
2025-05-12 22:00:06,19e718d68b96ffb4133ad9bf2b71cc137d0771abf2824c1d50a5132213154b82,896461,23083746.0,341.0,1.5e-05,1,2,224
2025-05-12 22:00:06,9703655f3a14febbba129230a27f7fa80c88b3cab619e44bfd3de3eb7c2bbab1,896461,2206179.0,1020.0,0.000462,1,3,254
2025-05-12 22:00:06,da4e375f2561cb99aa181cf32b969cc508fd71c54a1047c1256906c1a6ecdf02,896461,2236379.0,510.0,0.000228,1,3,254
2025-05-12 22:00:06,299e9f7822f062aa479bad955167c96de502193f576c997b092a10359ad12ff0,896461,2307379.0,224.0,9.7e-05,1,2,222
2025-05-12 22:00:06,d2df44e5c0d1c6465c209ae49a5eef330592efac7bd4cd67defca50bc127fff9,896461,39999258.0,346.0,9e-06,1,2,225
2025-05-12 22:00:06,29daf11b4b26707888a754c13b759bb256ad914d3bfdcd60742c342fc088c96b,896461,81793442.0,338.0,4e-06,1,2,221
2025-05-12 22:00:06,5e11cdd9f4a6b12449af5b2f7b9c3a786c09dd22a66504a0f33f134e48cd6669,896461,81835958.0,338.0,4e-06,1,2,222
2025-05-12 22:00:06,0c4036f69ead4de76f9453edda067ff70c96c23f4fb6a44fb12558bb8ab0f717,896461,162762.0,7217.0,0.044341,43,2,6461
2025-05-12 22:00:06,cd3b748ac5b353d90fd1c2c3a924958ecbac173f2c169f2b0a7238fd67d9f85e,896461,1340626.0,2304.0,0.001719,13,2,2003
2025-05-12 22:00:06,621f482c46bfa32c932ea2d5ccfb168d6ed050d455b3a13afd705b21546480eb,896461,10091.0,2701.0,0.267664,6,2,728
2025-05-12 22:00:06,e116cbb7d251c0418d6108f40430e1fd5facab58cf63c6aba7f4f16366a861c1,896461,21001.0,240.0,0.011428,2,2,301
2025-05-12 22:00:06,5addc10483cd624068209b43b9ecd90cb76a8e8b3351185f98650a67a3d1fea9,896461,21001.0,240.0,0.011428,2,2,301
2025-05-12 22:00:06,af875ca37c5aa33983ffc16d4fffdb2a06202bdeefcaba7c5bb1074a30ec526a,896461,180088.0,240.0,0.001333,2,2,301
2025-05-12 22:00:06,d75c5dc3ca12d116df28bc8629a44b04d5d809c0e3471f057585474d0de9ed50,896461,717077.0,240.0,0.000335,2,2,301
2025-05-12 22:00:06,ac9802f93fb8b606e93152815355a6d231ab330347e68817e1b6f93c81886e08,896461,21001.0,240.0,0.011428,2,2,301
2025-05-12 22:00:06,387a678655e0195bbd74c290a13061fed5b811e3fc2512069dfe80f8fafe8bcd,896461,1096183.0,441.0,0.000402,1,7,449
2025-05-12 22:00:06,6bd83a85120d898dae40b04cf53e540a77aaead94ab7749eee1c8856c019cc4c,896461,116300.0,5200.0,0.044712,2,1,386
2025-05-12 22:00:06,1eeb92c2dd0f0695dcb04748f27b9fc4548be95b60d7b61cb264642d744b2917,896461,5502260.0,3761.0,0.000684,3,98,3659
2025-05-12 22:00:06,3f5d8b9926e7a6ef3c603400adcf1f1be7936a9ba3e08bfbfac2f038ef359b6a,896461,20068098.0,19982.0,0.000996,116,1,17303
2025-05-12 22:00:06,0f20555d586f46786050388f45717f1934c329555a14e3cd46ed34ae1bee5796,896461,19974340.0,35398.0,0.001772,206,1,30692
2025-05-12 22:00:06,7ba647f058ee4238a2da15d09c86246b78fbe22653e6fb99933184fca18ba1dd,896461,17407.0,1602.0,0.092032,8,2,1258
2025-05-12 22:00:06,142259ee0f5fe63265ba0833f06df437645568e6d02191ad90630c7af6827b93,896461,500000.0,1555.0,0.00311,7,1,1079
2025-05-12 22:00:06,d2c396f49e341709664c4e9d47f12eeaa47ba03e262fe82616642cb66a811587,896461,105455.0,446.0,0.004229,1,2,222
2025-05-12 22:00:06,5bb0b46a7f458c2cb4009583836d2779b8a19a10f2062ad80be41d4fed882832,896461,192588238.0,960.0,5e-06,1,2,331
2025-05-12 22:00:06,f93c7e6dab0c40e877dcbe6ab7141c9258421e15c309d19ac8d6e4f499e7b4ee,896461,130581592.0,1622.0,1.2e-05,2,1,559
2025-05-12 22:00:06,b721487293b95e5a1732ec3ad89e2aa6f0f061c83555280064b0492d372738ae,896461,1954453751.0,12136.0,6e-06,16,1,4180
2025-05-12 22:00:06,f22a61a6e931f3fe568c66d5262412978c9ba627aeb97f5d126e992fe82f9aa6,896461,546.0,747.0,1.368132,1,1,322
2025-05-12 22:00:06,3fb5654403de3a7950a4de8bb73f2d92a233adc3d60d44925591251c39f3cad9,896461,31397.0,154.0,0.004905,1,2,205
2025-05-12 22:00:06,28052c79a8afeb41dc32b2a586699601e299a11a3cf8d646967f13c20d981eae,896461,37255.0,732.0,0.019648,3,1,489
2025-05-12 22:00:06,e88cb17c7f332cda51e7f9bbec826d705e2d0e9588159365e913a008339a94c1,896461,2312681.0,530.0,0.000229,2,1,340
2025-05-12 22:00:06,297c959c44ef46bafa6170be8fc5dad6ccd6bf09fa41b2a78eeaea8a1e954026,896461,68033.0,337.0,0.004953,1,1,195
2025-05-12 22:00:06,c01d13734e3c58b05b689236a5a76f2b1e34133d7187a15f2f9f09f82c4890b8,896461,122523.0,421.0,0.003436,1,2,223
2025-05-12 22:00:06,82cab93585724d9b0d86f6988ebd0961ff4f283f33fec7614ec14f475c9e6506,896461,37932.0,490.0,0.012918,1,2,245
2025-05-12 22:00:06,a5d63100d6d5c6d9e374843b3f2bbdc8fb907eb5c17350033f40cb28a4d52365,896461,31950682.0,4176.0,0.000131,1,1,191
2025-05-12 22:00:06,bd94f759ccd715a8a957e5b0352aeb8ae3f387ccc764b749c9b0822c9f15da0f,896461,51416614.0,8341.0,0.000162,1,124,4144
2025-05-12 22:00:06,9efb77981c64c8c0c2c8ff379b1aea6395770db3ff263b99087a29b6c2ef37f8,896461,79075302.0,423.0,5e-06,1,2,222
2025-05-12 22:00:06,75c7ede3d785fa90c3d6773a44231a8f5f9de86251509e02132bb09632df52e7,896461,29549.0,339.0,0.011472,1,1,194
2025-05-12 22:00:06,ae0e168f02acbe6c28e09deb8593da9d43a15a1674385e73b85353bcf21075ab,896461,730482.0,423.0,0.000579,1,2,222
2025-05-12 22:00:06,5a821b57672baa3b9a4acbff0e5c9c11b53ed18b404b84249798c2a24643c5a4,896461,547964.0,330.0,0.000602,1,1,192
2025-05-12 22:00:06,18a6fee3b5d112329d549948bcc73ef441aae1ece202258037a74dd65edb579a,896461,290394409.0,432.0,1e-06,1,2,225
2025-05-12 22:00:06,bd3fd7b2b6d62393ad9e70af22aec5c359c04938380cfef83f6eb8890b413e8f,896461,201640.0,459.0,0.002276,1,2,234
2025-05-12 22:00:06,4cd3aef0e4de51676238f2c8d25de990051858dffa094f566e9df793d2f66087,896461,21752.0,432.0,0.01986,1,2,225
2025-05-12 22:00:06,d3aaeb217350068277296866ca5df98d208f1be588794ec8d57c3fe2894e77ec,896461,2018234.0,429.0,0.000213,1,2,193
2025-05-12 22:00:06,cbea11e411d36fed8723d0a1e7cd3de5b1da15219c70734ecf488c43eb35a26a,896461,1085896.0,429.0,0.000395,1,2,193
2025-05-12 22:00:06,48b137070cbed823bb02d0d593602033026fe4810d50df98c2fa7d937cac7569,896461,1353663.0,429.0,0.000317,1,2,193
2025-05-12 22:00:06,6248e73c87911747c5e017eb0b17b9a70d45800652de56f26139e0bd60260806,896461,1340985.0,429.0,0.00032,1,2,193
2025-05-12 22:00:06,94c6ad4f531b0c7e8e4420f774a4945462ba1d9ead4bd0da5194028cf84763b9,896461,763937.0,399.0,0.000522,1,1,213
2025-05-12 22:00:06,35855e7d8b5201db21e9a3d1b10b9e0a4e3b60dde0b0dcdcc663f925299277eb,896461,3188346.0,300.0,9.4e-05,1,1,150
2025-05-12 22:00:06,ebf9917f9f77e3516a03ae80536e89c12a077bcdfa0ca5336f22870b50eddf9f,896461,1021629119.0,636.0,1e-06,1,4,290
2025-05-12 22:00:06,0db5fcf30e50d6513a08378c64773902e61c578190e2cfa51551a19383bb6b0a,896461,6954.0,345.0,0.049612,1,1,195
2025-05-12 22:00:06,aa56344cf55293588166e771297056fb52481f6c629a814f07d29231c679ccc1,896461,2345070.0,930.0,0.000397,1,6,383
2025-05-12 22:00:06,25fb5e6027700134c058b3f5827a9ea05b1d0133df2ad2752ae566c33743ca96,896461,422370.0,930.0,0.002202,1,6,382
2025-05-12 22:00:06,41d5ee685b95fe770e04361833955b3b768a68506ab6ec3cddce96b1cd91cca6,896461,1549640.0,801.0,0.000517,1,5,339
2025-05-12 22:00:06,213af6cc45aa0bbd30e118c6593df6ec67df75119b0aaa3913e8aee4dd5bb7f9,896461,719653.0,438.0,0.000609,1,2,222
2025-05-12 22:00:06,8a5dc40d4e9fae2f43cb1c81118643fd02ba057f6e65cc050cf9312089b87403,896461,11776.0,669.0,0.05681,1,1,151
2025-05-12 22:00:06,0448f44890e74b05b9ee6f753f62118e742d7a517b8ab41cbf4fecb004d1c4f9,896461,12445.0,224.0,0.017999,1,1,405
2025-05-12 22:00:06,2b21920756ee34755cbbcca9313b0eff10b9b3ca1d904dafe3999ae870b75712,896461,165362157.0,1140.0,7e-06,1,4,346
2025-05-12 22:00:06,10207aaa28ca2b3fed85f3ec15f890a6326b1b7c73b57a3349d4a12cde9c50af,896461,24736.0,462.0,0.018677,1,1,303
2025-05-12 22:00:06,303f4f7150d80247c7996fd7b6e3e68c1b1849ad56f9d89674bf0d16c65c1b88,896461,2450.0,1092.0,0.445714,5,1,498
2025-05-12 22:00:06,a8522ec998d91e9835e2faec9748ed52dc6ca2e64a36b7b0e1de90fb720a3e88,896461,4278005.0,2274.0,0.000532,9,1,1378
2025-05-12 22:00:06,884efbe801721a15ecd4221a015c918815fc10f860ee31820ffd322c22487d2f,896461,95404347.0,696.0,7e-06,1,2,379
2025-05-12 22:00:06,707d9659a742f0261dd38a53e5fa8816c5525cced9df8e94fc18c6d16b50f1f1,896461,43337.0,437.0,0.010084,1,1,192
2025-05-12 22:00:06,2d5aabfc12005426a68e5a346ef4c3d95bc8a0df5cf6912310e8953f6cac496d,896461,2926543.0,437.0,0.000149,1,1,191
2025-05-12 22:00:06,e04403fe0ac9dc6275b1700dfc178346dfc2939d7121988b2d7ee707d01147b9,896461,513871.0,576.0,0.001121,1,2,226
2025-05-12 22:00:06,8d4877aff3b9b66c13652b38ab9918ea46493c52fdb47719d2f02f3efb1f97b3,896461,538339.0,564.0,0.001048,1,2,223
2025-05-12 22:00:06,d0cf8708e39d92641d1598dffa095c30535050163424aaa4ab928abe243cff82,896461,53988320.0,664.0,1.2e-05,1,2,248
2025-05-12 22:00:06,99fc8df6f58ff34d076d5287f5e46db0f0ec8d04305260929a7657eb413b7077,896461,79257.0,892.0,0.011255,1,2,222
2025-05-12 22:00:06,1c062c06ecc327267929877a4568c100439bf73a8d52a9168d06d77164e89109,896461,2035414.0,836.0,0.000411,2,2,369
2025-05-12 22:00:06,2ac79e2303c766fbc57853ad2aaa424722ced74a8f7bb86289bd171e1951baa7,896461,9999361.0,639.0,6.4e-05,1,1,315
2025-05-12 22:00:06,4b9e6db39cc8b8f178709a89611011b0dffddd6d9c45599ce1abd362ecb4373c,896461,34561.0,823.0,0.023813,1,2,358
2025-05-12 22:00:06,19a98e44b9b8c1be4ab539aaf415420036539d6bf51af8a59498f926626a1490,896461,53132862.0,1140.0,2.1e-05,1,4,345
2025-05-12 22:00:06,4c0fed7f897699cfe32b6c5a31ec2a5db0828f51ee8dfb04fbd10cb9d8f0a831,896461,5348033.0,869.0,0.000162,1,3,279
2025-05-12 22:00:06,d44aa9734d13a0c18aba00c4feb049e46c34b75fb020114204b30b990d528269,896461,19848320.0,1199.0,6e-05,2,3,433
2025-05-12 22:00:06,4f10270d3b388a46e8c9c8196cd84f368c7c4a5269e23dac16a45fddabee7917,896461,24303.0,836.0,0.034399,1,1,188
2025-05-12 22:00:06,df4520321fea188183369e295e0eeacece0d7421cfd0541862773129ebfa2c33,896461,1184000.0,797.0,0.000673,2,1,341
2025-05-12 22:00:06,7006a98f656dfae461c770f29d3f1a21d809f93123aeb4803dfdb19b08ac328e,896461,1255146878.0,3654.0,3e-06,1,21,853
2025-05-12 22:00:06,bd4c5f206120c0445dc86174154587d007e0813da734f0ff696246c93cf0074f,896461,37756.0,677.0,0.017931,1,2,223
2025-05-12 22:00:06,3352da6ae3a59a66a89bf6acab92fe2b2796108074e9cf47c0c1819c28418dfe,896461,459170.0,1130.0,0.002461,1,2,226
2025-05-12 22:00:06,e88b522adbcf42db507dde6c01c6e7dee364e014a525159b1d147c2c064dcff7,896461,16320.0,680.0,0.041667,1,1,218
2025-05-12 22:00:06,28652e3c7be08348dbc28b23e8559cc3c61bff8e45063f629795c22ecb29b6f2,896461,625250.0,495.0,0.000792,1,1,150
2025-05-12 22:00:06,3380f0e949df517e9ecc732682048c9257931e0001c76b47a19c520e621e08da,896461,27514.0,960.0,0.034891,1,1,192
2025-05-12 22:00:06,1c22e223fdf44e83365c7fa6cd979016eecb8c9f1f41e701ffb7667ea8570bbb,896461,1164844.0,720.0,0.000618,1,2,225
2025-05-12 22:00:06,335ed47e2af7ec2e7ad195af9394df1fd7f70ecc39e76643654e5c45bbca199f,896461,10721581.0,1130.0,0.000105,1,2,226
2025-05-12 22:00:06,1029134f8f66fcba77fa96193f578834e81f64721ec398aa92e4cb7bb3158091,896461,119908.0,705.0,0.00588,1,2,222
2025-05-12 22:00:06,d5275412e7abc561f6d2b4b41b45c67209eabb6add32389d0c395c6660308566,896461,596712.0,1115.0,0.001869,1,2,223
2025-05-12 22:00:06,815a852b081f24326526f03fd8fb752888ec2525722934b08320180412195663,896461,139050.0,950.0,0.006832,1,2,381
2025-05-12 22:00:06,75ebaec590663049ba3388b1437e2a66556414dbfdb9a743e9cbeb85850e4c60,896461,17894968.0,1510.0,8.4e-05,2,5,464
2025-05-12 22:00:06,13f943c8c5d4a38b996a5c4c6dd9dc4624810ef121bb119f85be3fe5c97ad217,896461,7704.0,2509.0,0.325675,2,2,300
2025-05-12 22:00:06,65359b19c8700d3e15a6f7d20f1b5d497f99ba9ffd1eea1835f947d5f2ef8882,896461,716892.0,241.0,0.000336,2,2,302
2025-05-12 22:00:06,c8312f6a3b4b737872d7c92d77664f0167b654f853c73503e546250e18396089,896461,801351.0,235.0,0.000293,1,3,277
2025-05-17 09:37:04,8eab260c28a248c02be9f1fc830e80ebb781f9fd5b17f0c630a8f7a8e5a8e493,897084,330.0,587.0,1.778788,1,1,305
2025-05-17 09:37:04,d231c82e4397e0d8492cbf7177ee62f83eaf60a60e69a4670464644b15c5108e,897084,330.0,587.0,1.778788,1,1,304
2025-05-17 09:37:04,4babd12833f7bef1f4aaa4edd616e6aa97b941d5f97180aeb6f99211ae12581d,897084,330.0,587.0,1.778788,1,1,304
2025-05-17 09:37:04,4ff6c0defbd3bb8a06010ac84ea262214c2d45d45038a2ad31760c0f28ebae13,897084,330.0,587.0,1.778788,1,1,305
2025-05-17 09:37:04,b09d4f42e83a02d17844380d8086462265c89339be486b6363d52764b587580c,897084,330.0,587.0,1.778788,1,1,304
2025-05-17 09:37:04,c7ef2a98bfb69b5a7a569de8d5e0618288cc9fbb0c50a944deb665c034a9ba02,897084,330.0,587.0,1.778788,1,1,305
2025-05-17 09:37:04,2b2879a15de59a6164fa3bf6481fe5d99daa92b681ee6a3185e2bc4592fd5f6b,897084,45413.0,1745.0,0.038425,1,8,492
2025-05-17 09:37:04,cbc687a0f207e30f2a8711c5c5771ee373a09a508608f9d64a611d75e6c95fbd,897084,501873.0,616.0,0.001227,1,2,196
2025-05-17 09:37:04,9a2be6339f086af338f85ef64818d4e66ec75de04786010f0c00120b1be6f148,897084,25295.0,612.0,0.024195,1,2,226
2025-05-17 09:37:04,67edcef1009ea3b27e6d410f38e02f6f0ea3aba6c418c64348f9e5e10001f017,897084,230109.0,893.0,0.003881,1,3,292
2025-05-17 09:37:04,77cd23f0a367dcbaeb6dad474072226b75370b292f6e1a7e17ddcddd10358df8,897084,79057.0,1588.0,0.020087,2,5,500
2025-05-17 09:37:04,cd17ff7b41e738f19964d71c2dc2cd908879f317a5a863ecc38227f6a93c68a5,897084,114021.0,450.0,0.003947,1,2,223
2025-05-17 09:37:04,21fd4cc834019c373807c501719f7318064bb7f48c25e080bede8b667fb73f92,897084,420757.0,1588.0,0.003774,2,5,500
2025-05-17 09:37:04,f183b2e59df75423c8c45c2a32867b4962743c35d9c2697b90ac5cb3fc81ceed,897084,595550.0,450.0,0.000756,1,2,223
2025-05-17 09:37:04,cb1d6ffe1fb72da649eed5656a041c93baac6c512fa6111e39652759b7b880fc,897084,16607.0,600.0,0.036129,1,2,223
2025-05-17 09:37:04,92bb242a4e94c01a3114943ffdaba6f75c87b51412f1a9e8a0f289c5b3b06adb,897084,1400.0,600.0,0.428571,1,2,223
2025-05-17 09:37:04,f90848c83d7be97a90d2dfbad9651f0e30bb9d08faf0b78dafcbb7b1040e32d9,897084,1400.0,600.0,0.428571,1,2,222
2025-05-17 09:37:04,9aa9dbab76678b9a5ebafc5a385e67ffa8905e0f1f6e048da0c5df0418020ab8,897084,71557.0,600.0,0.008385,1,2,223
2025-05-17 09:37:04,d0d2c1ee3b7a7b0efe05be0509c6322d47a099d29ec208ecd8ab986c8b85a440,897084,1400.0,600.0,0.428571,1,2,222
2025-05-17 09:37:04,c7880ef33545dc817e58beb78423e9e0f1339e69541dd756f1b94ab47c15fb01,897084,201130.0,600.0,0.002983,1,2,223
2025-05-17 09:37:04,c12d9e8ab7139dad76695fc11f49beeaa647d907c667b9f2f8d88111eefbbf26,897084,92591.0,1194.0,0.012895,1,1,151
2025-05-17 09:37:04,eddf605744ad2f451dfac182bd5b7a967ead69ffc4987cd44e74cac1b0150a09,897084,93785.0,224.0,0.002388,1,1,407
2025-05-17 09:37:04,ba835d99fb4c792c2e9b40adf1f0bc650ec96d4e5c85412cb63a4facc1ddafaa,897084,3455433.0,396.0,0.000115,1,2,234
2025-05-17 09:37:04,83cc97ce079ff28055a7bbf5e0528fe64505f21f27c50cc6d532b0f3673127ea,897084,109123.0,3558.0,0.032605,10,2,1563
2025-05-17 09:37:04,e7c13ac76efb74f09f01f0f203e73ef92f36e25b198e5e25bff23f7edc0e8cfc,897084,62435.0,1508.0,0.024153,4,3,580
2025-05-17 09:37:04,181f9be41ee506a680596b96a1de00b796e17df9bf5b8a4fe4fd74c6dd93fe6b,897084,62851.0,980.0,0.015592,2,3,365
2025-05-17 09:37:04,cf3475174718e7f89c4e09999df22ed98932ee4cde68a2d5adfb0c249d6b0551,897084,400724120.0,820.0,2e-06,1,2,382
2025-05-17 09:37:04,1bbe338282cb46203205986c12f1e7814f14e832b958c318635d6102dddbb15c,897084,6554015.0,6004.0,0.000916,15,1,2614
2025-05-17 09:37:04,47a84bce38ff78c296576076074430e093bf6276cf859dc2895c1802e23a9ce3,897084,30638640.0,654.0,2.1e-05,1,2,235
2025-05-17 09:37:04,b6b77b1242e0212a92f592a5d9e08ee57c3b51f8c43e277f84212710de637258,897084,1337958.0,654.0,0.000489,1,2,235
2025-05-17 09:37:04,4f188b843ddacc2f82203904fb7837de8fb9a2f407b7b528e99ff861a0703549,897084,999346.0,654.0,0.000654,1,2,235
2025-05-17 09:37:04,4b76e14821f24e164e1cde7646e7ef754188e758c2e9b1c768100c50965ab62d,897084,632779.0,654.0,0.001034,1,2,235
2025-05-17 09:37:04,d9aa566cea7888f9dcc1bb689697c13c105d64df9cd5e941e69b996efaa850a6,897084,74418.0,1755.0,0.023583,2,5,442
2025-05-17 09:37:04,b76b85e1c81759b3a32097942c633b7295cdf6d595bde36db567c1fdf63022f0,897084,241629.0,1690.0,0.006994,2,5,429
2025-05-17 09:37:04,6d155b1a725cb568ac3e15832d4cc5159e0c090fd333ac433bfe6be4e83a8020,897084,30333821.0,1347.0,4.4e-05,1,14,595
2025-05-17 09:37:04,e194c43c7a83c0a2fa311a6291855b70eb1d61e22887c42bd848bbd73afe967b,897084,689329.0,770.0,0.001117,1,2,205
2025-05-17 09:37:04,20cc010ec1f2451c1d9f0dcbae75c68ab14ee48a2b8aebf58226c865b2991dfa,897084,1340099.0,770.0,0.000575,1,2,205
2025-05-17 09:37:04,446c026d6a77e52c7dad16b947190250b772f1237472655314e34094da79dc30,897084,1940869.0,770.0,0.000397,1,2,205
2025-05-17 09:37:04,d8b2f718e1920bf8a36eb72b8d46800d4b6783631a184cbb90c5a072622bee6c,897084,2361639.0,770.0,0.000326,1,2,205
2025-05-17 09:37:04,ded42ef4abef731a261e8522135c2172e44bcc5688ed43cc8227671aac40b92c,897084,2782409.0,770.0,0.000277,1,2,205
2025-05-17 09:37:04,5dc194bcac35cfba2c3508d3dda0956884007639374dbf3f19679c29a5cee58e,897084,3233179.0,770.0,0.000238,1,2,205
2025-05-17 09:37:04,0334b86e211f512ab7c386625742e8402f727182e6f74356defa0c1aac2d8ea8,897084,3813949.0,770.0,0.000202,1,2,205
2025-05-17 09:37:04,e1f9835a157786e990e2d5aafd2ccdaf6d9edb95bbf6aef96d694572d562a711,897084,4374719.0,770.0,0.000176,1,2,205
2025-05-17 09:37:04,08d5e2b1e489b3f5b6e50bf6d189e67692108379c0c859b8237ef8b9cdc019b1,897084,4955489.0,770.0,0.000155,1,2,205
2025-05-17 09:37:04,13e02079f426b60e0d266f5cf13d2bb46df41ae41689af08fc55c69c31b282ca,897084,5506259.0,770.0,0.00014,1,2,205
2025-05-17 09:37:04,9dbd3196113a7b4a717028f7a19ef2a13940e62d42b298fcbeb7474443aa2acf,897084,6107029.0,462.0,7.6e-05,1,2,205
2025-05-17 09:37:04,533a89f3f00458d37a0c93024ae53b23cfb37e8b986c9b3f8ba16b9130c7d2f4,897084,6707491.0,462.0,6.9e-05,1,2,205
2025-05-17 09:37:04,4b937d25cc463138f2828c3ea5094d502637385ac1d311df81cb2d6ed2e47b34,897084,7524293.0,1590.0,0.000211,4,6,699
2025-05-17 09:37:04,d351731e4d141bdb6ac1623046c29df902ce1637e1c5973af3f1ce646e2f18f4,897084,7525337.0,663.0,8.8e-05,1,3,248
2025-05-17 09:37:04,7276f10c1d9493b3f3c890554c4985a0bed2f0ae7752a8b575d073729957c8df,897084,104900.0,958.0,0.009133,1,2,223
2025-05-17 09:37:04,2a8aeb398faa96a9b27740b3da2ed6fa30878368ee3d4e19cbd51ad03402876f,897084,142022.0,1600.0,0.011266,2,2,372
2025-05-17 09:37:04,a68cd6e687e8a1e9200037e50ebcbb074876ecb72cf8ccade1fa8977c55c4cb1,897084,253611.0,548.0,0.002161,1,1,194
2025-05-17 09:37:04,9fec8dcec3972cc53de64eba17102dd568d6e2d5ea38b0d3a01acb03a0d2cbc5,897084,254159.0,641.0,0.002522,1,1,191
2025-05-17 09:37:04,bb328bd238e5bf69491e7277240357ff5489bd447c27a586f11e9aafd432ac61,897084,50231.0,769.0,0.015309,1,1,192
2025-05-17 09:37:04,d6977b4bf834557e0733e7e37b82b2b31d8051ac374f8469f47a7422ec5101b9,897084,50103.0,897.0,0.017903,1,1,192
2025-05-17 09:37:04,1c61cd65a8ccb9acf03ac419dc9d24cbb85e1c54b84507c7400eea97cb86901e,897084,50203.0,897.0,0.017867,1,1,192
2025-05-17 09:37:04,28bba393784291329662d86e2b5b90a5f20b16d1f35773faf276b18c3baf8574,897084,147467364.0,1859.0,1.3e-05,1,13,721
2025-05-17 09:37:04,eb51273135d2a6a3b1e0159ea29e6a2e538c6e1434f8ed8a6beeee095690416b,897084,7096800.0,2365.0,0.000333,7,2,1113
2025-05-17 09:37:04,08503c48c44ffa65a952fdf8302c36c4a1b3b8f306e2b501902953ee60e3cb74,897084,17714.0,958.0,0.054082,1,2,222
2025-05-17 09:37:04,a91219f0d1c46109b1ba4898e2378335319e272ff9854bc2523feb99f1dd6e46,897084,86712.0,958.0,0.011048,1,2,222
2025-05-17 09:37:04,26b79578295a0aa8b0a7817ff164025578b6d38daa408892cbece9ef16cac012,897084,124633.0,693.0,0.00556,1,1,192
2025-05-17 09:37:04,7775163338c69c8906a7e04f6d8709014e306c2df26e87dcffd964b9fc9bf6f5,897084,279943.0,697.0,0.00249,2,2,374
2025-05-17 09:37:04,232c52782dcade26012a98d3b25d083aca0323488a9477ebc3aed56470adf034,897084,752444.0,822.0,0.001092,1,1,190
2025-05-17 09:37:04,7330ba027f10a3231586455b548b3307d8559d8a75089fad345aa0cb620b46ff,897084,426894.0,682.0,0.001598,1,1,191
2025-05-17 09:37:04,7ab35695229edece9db0b1844656426716569f93b06dc0348f53d1fa9e736efb,897084,166843056.0,508.0,3e-06,1,2,222
2025-05-17 09:37:04,56dbfe4289e3cc2b2dc1ff9e963011ff6a67bddb1a44644ec51df8bd9cbc7680,897084,167908535.0,508.0,3e-06,1,2,223
2025-05-17 09:37:04,0640b0de8989333e4b9a9aaa333e4fef7c8ff5acc9b0aec4d5ae32f7d598d365,897084,1660058.0,705.0,0.000425,1,2,222
2025-05-17 09:37:04,79a9471a016486e0fe44e83770ac6fe1a30ac08018a49f40c15afdaddd817539,897084,1695363.0,564.0,0.000333,1,2,223
2025-05-17 09:37:04,972dffb5f71b75abe098620a91cd8ef1b2de80173c697d632ff6ec991735730f,897084,1730427.0,564.0,0.000326,1,2,222
2025-05-17 09:37:04,4395f23d6ec3e33ea83a8016390c65d006e4815d5c2aae6b5805babfb651f8a0,897084,337281.0,903.0,0.002677,2,2,370
2025-05-17 09:37:04,fad0ac66bac800a0b3bec058441e1f1600fdd1e582812e8e06903f63cebfa6ce,897084,26097.0,769.0,0.029467,2,1,339
2025-05-17 09:37:04,36db09ccd211dfb412e1e8bca7783aa9f6a7c7672cd5039b09eac3e1644c3b60,897084,521203.0,1462.0,0.002805,2,4,428
2025-05-17 09:37:04,92c3f04f479f900d9118acbe2f2c4d25d9134a4fadee11a3bdaeb234add646f2,897084,523403.0,450.0,0.00086,1,2,223
2025-05-17 09:37:04,3af1bb153afe3454b482520b14e8dbb115be550b2a56cc3e97c1450407212b93,897084,524400.0,600.0,0.001144,1,2,223
2025-05-17 09:37:04,c325be07230e1ff69be0709327fdc7faf36ab38fb85f285bc0868c07adfd3b5e,897084,52611.0,1504.0,0.028587,4,2,670
2025-05-17 09:37:04,0e49698eedd473a0fee70a88a7621f1b490eebda0bdb8353680ee7b2e0eb29ad,897084,1000394.0,1218.0,0.001218,3,2,523
2025-05-17 09:37:04,204198000faac6eaf5e975cc39251ea308335ebba8b5c185449d60efd4273f81,897084,185068.0,1013.0,0.005474,1,1,193
2025-05-17 09:37:04,95e8940d6fee0d368ca326caccbd414d50107b7ffc8d6c0bed25ace0134e8fa9,897084,133445277.0,1475.0,1.1e-05,1,12,542
2025-05-17 09:37:04,8058ce42bea5977875e1df740a23888562445557223902a9a77c2c4263b75840,897084,963253.0,950.0,0.000986,1,3,299
2025-05-17 09:37:04,aa186d706e34a7de1915bb7a17ef90703a5653686b9f782bcb49f779549327b5,897084,95948.0,972.0,0.01013,1,3,305
2025-05-17 09:37:04,513ea63ad6771e97aaba6f838a0f52852c36cfbcef0fd57ef4cd9e3e78cec921,897084,1878602.0,1218.0,0.000648,3,2,521
2025-05-17 09:37:04,432a0c365131e2c7e2f0ded0f8955d312b00d8d6726ce7750373fe0f6dc80875,897084,207261.0,975.0,0.004704,1,2,223
2025-05-17 09:37:04,6a91b006157d569b12e9b195d85e19c6e3d981abd18ebdb4dfe62a5bfd4d0bb9,897084,518403.0,766.0,0.001478,1,2,222
2025-05-17 09:37:04,50e22fb8a4ce0e799e3fba28262a582e68ab32e3eaff888895ef736989c152e0,897084,596193.0,482.0,0.000808,1,2,225
2025-05-17 09:37:04,84f73b4553753fde6366c24b5a6de69447f515359a3252e50b2c2328e49c40d8,897084,592813.0,929.0,0.001567,2,2,374
2025-05-17 09:37:04,cb5667f0b07ea0e5a5a3c11f24fddfa61b3785aaf3951b119e0e1731f2b59a57,897084,535288.0,929.0,0.001736,2,2,374
2025-05-17 09:37:04,6df455f37de4968517f968c109c6a96424496a2293f5bb4262090c99f517ef33,897084,971219.0,929.0,0.000957,2,2,375
2025-05-17 09:37:04,5b6ffd1e626a09a3880a0a079a0e4ed192869cb65a41fd49888b4b762bc73c10,897084,324808.0,929.0,0.00286,2,2,374
2025-05-17 09:37:04,01dd1364a537d051a0b96b854a0d91d33ffc5c2761a9068aec5be24336b52644,897084,1803262.0,754.0,0.000418,1,2,223
2025-05-17 09:37:04,255453f5a90eaf57e70f2e1b2c32e45f7f9febb0833689bc2b41901e60839e35,897084,2011244.0,482.0,0.00024,1,2,223
2025-05-17 09:37:04,6b37e8fe8814087b2a7c77f4a901848cca990fab92887e4dc05abafb1d4bb713,897084,114916.0,776.0,0.006753,2,1,339
2025-05-17 09:37:04,4b665227de9751f12d3f350434a543bdc1e714308ae0152f432ddd310ac0d2db,897084,128088.0,1088.0,0.008494,3,1,490
2025-05-17 09:37:04,93584848b26dcc717067a7aad1266f378777baf39325f4bb9575be08d53de25b,897084,265009.0,1088.0,0.004106,3,1,491
2025-05-17 09:37:04,532284e83e04666c9dd23a88ba3893de697aac151d6ab466c3c8db669dc5beb8,897084,8546055.0,975.0,0.000114,1,2,222
2025-05-17 09:37:04,0a3f5afdfdbd6792f41624931b2de6daf087e5e422858aeaa41541874025e224,897084,42174.0,826.0,0.019586,1,1,188
2025-05-17 09:37:04,525d0329d788d7afd068bab4dd21069d03fc1e6ad9e37fec5d1f12281610c254,897084,39169.0,831.0,0.021216,1,1,189
2025-05-17 09:37:04,f87dfdc013718f07ec615e6f52e5c25c1136cf40bfb4d242765f0e48c9f52cc0,897084,819247.0,1218.0,0.001487,3,2,520
2025-05-17 09:37:04,9e0a48287ae61be1117303d8c636b7c68d1b986b7c50efaa2fee0839b6fb2970,897084,53572.0,1218.0,0.022736,3,2,520
2025-05-17 09:37:04,397daf87e9b7f2c4259a22f88d4ba0825646177bbd9703a4d24d3f2e2e412b8b,897084,386647.0,497.0,0.001285,1,1,194
2025-05-17 09:37:04,a3d15fff3680be3cebc85f3f731ddfef05023c8f19d2a835e75b6e51a5116b1b,897084,44984.0,484.0,0.010759,1,1,191
2025-05-11 02:26:37,1bffadc6b3e28cb6541d4a2b04c6e13258e9768fd70cfe6db7d98bd84e1f7af2,896193,3882490.0,1799.0,0.000463,2,2,418
2025-05-11 02:26:37,3fed1f8e7608870e7722a92cf6bf1698b77340606c8091ae4338a151d59fba68,896193,10532502.0,3171.0,0.000301,6,2,811
2025-05-11 02:26:37,94cfa17edabad6b6d6c31beef0ca4c8f0048127cdc4c15ac3a403d7b973ea157,896193,166432.0,1568.0,0.009421,1,2,223
2025-05-11 02:26:37,a333ea0daf2252807ccb99997f3822e84ed8ab99ba7b99742cba26303f55161b,896193,64749.0,1484.0,0.022919,2,2,373
2025-05-11 02:26:37,3966aebeae053721cd23243f7a4b9ae1f5779f28abe8000ee5c263c3a0593c1e,896193,1110925.0,1477.0,0.00133,2,2,341
2025-05-11 02:26:37,fb4501db7878902081e8529e3ac6f80d8805cb9fff50577ae724e8257df953f0,896193,417206.0,2422.0,0.005805,4,2,667
2025-05-11 02:26:37,5701e31a135df1115f7135248563e1634bfb79bf862dc17e6ef3c94fa3323b76,896193,24998355.0,1085.0,4.3e-05,1,2,205
2025-05-11 02:26:37,f26ab33176e45d12a0abf095ad0bbf5ef46afddce5ca8facaca28e92e3f30972,896193,10940.0,4925.0,0.450183,1,20,781
2025-05-11 02:26:37,b5954b55dbf67d160612ecd7dc28367ce821d527a8cddb6294c78b21d85da143,896193,17776107.0,2051.0,0.000115,2,2,373
2025-05-11 02:26:37,1e21a6add55ba2ac783f4a0c38d1e0f1594f27a728ab4df05a53c378590baf7d,896193,304852.0,1022.0,0.003352,1,2,196
2025-05-11 02:26:37,e4753bbccd6f3ed7bddcc75ff23ba90309fe0326a55449662b2c0d38b1acdfcf,896193,574250.0,1008.0,0.001755,1,2,194
2025-05-11 02:26:37,8402ed017e4fa8ab79f20d058889087e4171ee9598044a01ed0f8507d3ba393d,896193,314218.0,1008.0,0.003208,1,2,194
2025-05-11 02:26:37,4fd3a58eb87376c21c192e8c3f19e8dcfc55c6a66c6cc214728e42f95acf7efa,896193,316299.0,1001.0,0.003165,1,2,193
2025-05-11 02:26:37,f7337e270cb112fe1ca8b8988ea558f4973ab74cbd0f98e51f3cff3554c43ad8,896193,577423.0,1001.0,0.001734,1,2,193
2025-05-11 02:26:37,00261434bdd9ffcf3d7a95a389a38ceacfb4bde87ddaac4a1d00833ca123dfd1,896193,4735864.0,1001.0,0.000211,1,2,223
2025-05-11 02:26:37,a957daa6d1b9cb30cd441f38563fd5f8544f07e773dee9a63fcc8d8066b1bf75,896193,309185.0,1001.0,0.003238,1,2,193
2025-05-11 02:26:37,00ab907955a516e4f2fbfd02d37b156a1a386dcabb02b07d85a211fe42479f61,896193,305572.0,1001.0,0.003276,1,2,193
2025-05-11 02:26:37,84c425de0a8b16501bd430dbe0361e6944002b167243ef95d86c6b96873caf4c,896193,309204.0,1001.0,0.003237,1,2,193
2025-05-11 02:26:37,7c76c2d2cf4c3ed9784c981529b70b02af8b33b05331c68e65caee107626662c,896193,307073.0,1001.0,0.00326,1,2,193
2025-05-11 02:26:37,d153d16fb83046478003db0ed63de4c1b1a638bc0158a128e5f11286ac72e810,896193,576651.0,1001.0,0.001736,1,2,193
2025-05-11 02:26:37,d787c172f3035a73a78be1bd18ed0aead8d12932b08b6a99b90896cfed05d101,896193,548693.0,1001.0,0.001824,1,2,193
2025-05-11 02:26:37,3627f797cb726e386862aa47d11f99864631a15ef1f8a983947d671c69d9ebc9,896193,1047091.0,994.0,0.000949,1,2,223
2025-05-11 02:26:37,6542b09e57b4be78c34285ad2d3c38cccdb38ddd70ca51b6d64b981cf1a13265,896193,49220.0,994.0,0.020195,1,2,222
2025-05-11 02:26:37,c04a90d837d0c1ab2e775a9f1e1889c303ee9e0c03abd52d4aa8896e8b165736,896193,186440.0,994.0,0.005331,1,2,223
2025-05-11 02:26:37,0c13b6a85006bc73c58283dd8849984eaa3a66ff7607c0f8118e8810f3442596,896193,459255.0,945.0,0.002058,1,1,216
2025-05-11 02:26:37,12303937c1f5f11eec9033ce2ae0185734a0071a7cb75fd1962c47e6bc06d97e,896193,153155.0,945.0,0.00617,1,1,216
2025-05-11 02:26:37,7a461c3a13170adda8f85fae4b740ba4ebe4d7d97a9633604cf4ce1c6d51cefa,896193,273496.0,1481.0,0.005415,2,2,372
2025-05-11 02:26:37,d6689840cf737e7c52b4004a6b81d327e5466f8e22ab3cd50ed33103dff8f608,896193,88566.0,784.0,0.008852,1,1,193
2025-05-11 02:26:37,6423d59621edd75b10f6574cbfbdc35f12abbe40a5727e5a0e2c9a48aceb03c1,896193,398330.0,777.0,0.001951,1,1,191
2025-05-11 02:26:37,4f82bf1071c86ebbff9d2bb36549dac71e37dd92111dff3254c595374e59bb00,896193,144337.0,2629.0,0.018214,2,5,499
2025-05-11 02:26:37,86cd66749129ead78b45b5d665386ecf5f41c2fb7fbb012bde048def71dc11dd,896193,157992.0,1716.0,0.010861,3,2,520
2025-05-11 02:26:37,15a674404559f6d06a89f4cc51e2e09e766b1e0250d018b7c75f0b81f81a166f,896193,9625.0,786.0,0.081662,1,1,193
2025-05-11 02:26:37,39d6b463768d2a6aa92a7a4551a9b5416772221b2eba12bbd6449d9e0abcf086,896193,95745.0,1022.0,0.010674,1,2,226
2025-05-11 02:26:37,1ad86008bb64272de27574ed4a56023d4e5f78d2ba6f2431daaa2e178cbdc8b8,896193,42868.0,1132.0,0.026407,1,1,191
2025-05-11 02:26:37,95db87dc2685eb6abe7fce840280d46c6d924f32c70286f347323a8c9e4194f7,896193,388009.0,3028.0,0.007804,2,2,371
2025-05-11 02:26:37,3ec6762c8be15d709ddd90b3c4657e682f9f7cabcb1e1624497470bafe4fd690,896193,107709.0,3291.0,0.030555,1,1,192
2025-05-11 02:26:37,82b9d8e68552d2e11367e938e448943f2818b98790281fd1f4915bd08c838a5a,896193,22852892.0,5232.0,0.000229,1,32,1172
2025-05-11 02:26:37,b000887eab4ab0c298a5c583c1158bc74b017008e6dc0ae4d65b3e760340e0b2,896193,57450424.0,2000.0,3.5e-05,1,6,363
2025-05-11 02:26:37,b6a03dcfd205de0fdb037057abf5cb6269289621204688ca0feef0497fce4000,896193,2532815.0,1260.0,0.000497,2,1,339
2025-05-11 02:26:37,9e14525def459e99c5696fb932d3080aebd403302ab04725a15301123115c08f,896193,3443.0,784.0,0.227708,1,1,192
2025-05-11 02:26:37,b184712be5e96e82c6de5b88cca7e2d3582b423953a085fa3cec827f76ba04f1,896193,114175.0,1232.0,0.01079,1,1,192
2025-05-11 02:26:37,b2071031dafb3e9d71e0bf708ea621fb3b7b4935eb8a42c7e4e39e6e091d74b2,896193,528897.0,1045.0,0.001976,2,2,371
2025-05-11 02:26:37,8254eb29447df5975c0d1987faaea53bbb32005bf0c136df262094fab2da3c7b,896193,353839.0,2256.0,0.006376,4,1,636
2025-05-11 02:26:37,604fc66c1f78685854d1dc2c57d0114d6b91bb2c8b55620ab8bf118b2b63ca2a,896193,1989019237.0,8000.0,4e-06,3,5,1113
2025-05-11 02:26:37,b77eed83d3f48b44294c1a5dbed3fb4ad622cbd0d56eb8ee9c2171566f5d1754,896193,3854983993.0,1022.0,0.0,1,2,223
2025-05-11 02:26:37,abad6f5d046f403b99bd9f36c2d761273dfb9c33387f4addf192cdeb3b00120b,896193,228122.0,1022.0,0.00448,1,2,223
2025-05-11 02:26:37,a6d48d9f1431814aee1e783ed4f59fa0b6f83164b5c650a628f162e090192bcc,896193,344103034.0,1238.0,4e-06,1,3,254
2025-05-11 02:26:37,52e04b085b32eb6baf9b9b53c98d66bea6ba22d6d44907cbbff8b0ece82b2eb0,896193,331673.0,1015.0,0.00306,1,2,222
2025-05-11 02:26:37,d789e4575fa360afe3fa52592f519467757452c3bb916704f405bc78b3a2c6a8,896193,4967844760.0,1015.0,0.0,1,2,222
2025-05-11 02:26:37,5821ddde913bfc2feeb385c58d6fa5c491eb2c7ec9e33f58454f8cb0e706eca2,896193,1835471.0,1015.0,0.000553,1,2,222
2025-05-11 02:26:37,2fcf03b0b1b810c8c7521ef47795d8f4ddf3c29501971a8430c62ebb763b608f,896193,14584658.0,1015.0,7e-05,1,2,222
2025-05-11 02:26:37,e373ef4cfcd2d4afd4cd3a8c702565e805baba4786ad24da67ea205a90281e6c,896193,12303520.0,1015.0,8.2e-05,1,2,223
2025-05-11 02:26:37,ae829ffa357329d13516b8f940b9cd58bf3f403866742e8accf62a8127435342,896193,25734043.0,1015.0,3.9e-05,1,2,223
2025-05-11 02:26:37,a4f15507ca81bb06cd09a5580fafc3ba12cfea1086b165a7ea0176798fca5910,896193,292013.0,1015.0,0.003476,1,2,223
2025-05-11 02:26:37,c38e43b61c13056d1823791aeec8fde2a7f67e58985a4fa35df744a592ff6a06,896193,44846180.0,1015.0,2.3e-05,1,2,222
2025-05-11 02:26:37,41c291887b272efff99033ec7ba7e0818838a124aebfa711351789e95e5e70a5,896193,44008880.0,1951.0,4.4e-05,1,6,353
2025-05-11 02:26:37,d062f983d9f0350b240a0f117e3530df406b77f0bec7bee72aa9cdf4a190c4f4,896193,6790424999.0,2311.0,0.0,1,7,402
2025-05-11 02:26:37,b70080133f97ae5e707ab7698577bdd9553d5489dc518d53810b2eaadbd4ea5b,896193,22825616.0,6955.0,0.000305,1,28,1047
2025-05-11 02:26:37,01dd3f2befe3294839e18af13f8ba5ec7b69d5ced92de8b73be2bb1407d927ca,896193,330968482.0,1260.0,4e-06,1,3,256
2025-05-11 02:26:37,762ee73b73e8b458df84ec983500b45903eac315f6cfc9f01a4189992bd2ee27,896193,142287974.0,1260.0,9e-06,1,3,257
2025-05-11 02:26:37,6fd101358b6d53cffb73182e3ac6aa8ce976ff9e97c5b20b736e4c99e9d7a617,896193,19118358.0,5609.0,0.000293,1,22,861
2025-05-11 02:26:37,a19e748a75a145fc0a005e1abe1392529b2f81d110ccbf9ecb3c7461158d1f05,896193,449388404.0,1505.0,3e-06,1,4,291
2025-05-11 02:26:37,c82e1e5a7f2d38e8041b3624ae76de39883895bcb83eabbfe0dd2c82e877d075,896193,18939801.0,1469.0,7.8e-05,1,4,286
2025-05-11 02:26:37,3d5f313304a55839bb843975f718cb516130c6bdc23ab18a1daa6fd694bcbffb,896193,987810825.0,1037.0,1e-06,1,2,226
2025-05-11 02:26:37,125f8df59edd987af642202c4e6cef74324c011d36dd82001f29a34867640f29,896193,29963.0,1037.0,0.034609,1,2,226
2025-05-11 02:26:37,1ed80ef568c2a953ea40b6777fd26199ee35ac7bb487d2c94b3cb66842e5992f,896193,44343015.0,1462.0,3.3e-05,1,4,284
2025-05-11 02:26:37,3ecae8e1040838bee7fc499b6e2291af401b47c395b1d9c480973a938f6ce964,896193,3767192.0,1059.0,0.000281,1,2,228
2025-05-11 02:26:37,784e56b020e1cacc325d7d041979c8c9b79cb5cc355acbdf0917b38d654c2150,896193,164714.0,2733.0,0.016592,3,3,621
2025-05-11 02:26:37,06542702dcfe58040d95a6c2737a5bb99f79cf9bc5d365451b4741ecad99a22b,896193,1057668.0,1106.0,0.001046,1,2,234
2025-05-11 02:26:37,1cf71817bb871c28a16a31390c4a2875dcff64aa3a00f2869c9e09c2c56904cf,896193,796863.0,2000.0,0.00251,3,2,518
2025-05-11 02:26:37,b7d18ffb81d6bf044353f0795c1546106b34dbf7ac9f26a814b2861fa065ee90,896193,972327.0,2000.0,0.002057,3,2,518
2025-05-11 02:26:37,5b69a9e0a0c88400fee25cd4cd3b333223e8fccab7776ad10d1ec645663134ca,896193,1605806.0,1022.0,0.000636,1,2,222
2025-05-11 02:26:37,037e859e04c22cbbea6e72be399f50fc2763d7adb9552856566c414612090059,896193,4408364.0,1022.0,0.000232,1,2,222
2025-05-11 02:26:37,c7e0e10d315af15ef7c5f22519939f0d5c2c4fadfaad93a9cf49caa548384629,896193,74571480.0,1560.0,2.1e-05,1,4,296
2025-05-11 02:26:37,15deb7b09700b49303342397bf0ee2a7e4ab1204201e75ce4f087d1bdac3fef6,896193,9578121.0,1192.0,0.000124,1,2,245
2025-05-11 02:26:37,e986ddbdd06afde079aea5dc48745c449b6161b218a5c161ad6a6dd45bda91a1,896193,74918.0,1082.0,0.014442,1,1,218
2025-05-11 02:26:37,f90b8dd71ee42a2e4f386189f9b3e2b6e1d4436cefcb1c660c201823ba1542d2,896193,21484765.0,7186.0,0.000334,1,29,1079
2025-05-11 02:26:37,0bf0271f0a4e4879e57b96e90d28ab23fd3146ceeed8b35a0f1951e35008bf40,896193,490272.0,3111.0,0.006345,2,3,425
2025-05-11 02:26:37,0a4b575321b52ecd15168046303d6e0734f24926dc09f69134e11127bb0fb10a,896193,4894769.0,2409.0,0.000492,2,3,491
2025-05-11 02:26:37,eca94847ee41802ce83f8e5e0dcdba6735a2fc41f57e1251a78ced554a0e842e,896193,4000991462.0,1000.0,0.0,1,1,217
2025-05-11 02:26:37,aab0b5cf308c17708893cf36ea0df52c545111212d7499425a067961466457f3,896193,5548234.0,1203.0,0.000217,1,1,192
2025-05-11 02:26:37,7950773b6d06de8aa10f7f4cce89f8c3977892cbc7cde97dcdff0df6d54522b9,896193,5645491.0,643.0,0.000114,1,2,222
2025-05-11 02:26:37,f6232c5a04a1faf7a442dc998d466ecaa4d6cd843c89c89ec104b9f7769935e7,896193,143988.0,777.0,0.005396,1,1,150
2025-05-11 02:26:37,3d0d800fe1893ebf1537a21021ff989f8a055f5204ef2c4ec3ecc438bac12652,896193,24749712.0,1085.0,4.4e-05,1,2,205
2025-05-11 02:26:37,9c97e8b78389927b36d803887ef4d72903032ef8f452bdf3dec48bbe29ab5d05,896193,68967.0,2629.0,0.03812,2,5,500
2025-05-11 02:26:37,3546d3724e59d1a80d70acb04277e28a10c6dea6fee8cdf10c2d44d89405b6aa,896193,474153.0,900.0,0.001898,1,2,222
2025-05-11 02:26:37,c8e11c6568f42ca0154a49ed60be71bfa3cae5c43d0ec098f2bbd620f9820a3e,896193,129433.0,2629.0,0.020312,2,5,501
2025-05-11 02:26:37,3586e0e9f5762e9cda09185f19b8f88bbf4d17500e3bd95081f1593c9b3ddd97,896193,606568.0,900.0,0.001484,1,2,223
2025-05-11 02:26:37,b756c6fcb311f5efcecb4dabb852cf9c90c233327c64022b33edf4bacc28ac61,896193,748177.0,2629.0,0.003514,2,5,499
2025-05-11 02:26:37,689450b1b7bb0b11c8924fe343bd5201304f8fd863ce3dd925bcc9603d7a6f3b,896193,1579100.0,900.0,0.00057,1,2,223
2025-05-11 02:26:37,ce80e05b9029d63d0519a148200eb62487c09de0fa5a7a06a042c552849a09d6,896193,16758.0,836.0,0.049887,1,1,195
2025-05-11 02:26:37,30a8827d23a9691d15d0b1143ee90b461349781c1254a283595515f896d3b5fb,896193,98491.0,1128.0,0.011453,1,2,223
2025-05-11 02:26:37,56a9ddbbb568d611f810e5f17d9ef3ef1d342c0839ca172a959c454a5a5d7bc5,896193,118835.0,1463.0,0.012311,2,2,371
2025-05-11 02:26:37,6aeac35b06fbcfffe07a1b613a8b83a25627ea5187c399318f78be26b58e8e5c,896193,85513154.0,2000.0,2.3e-05,1,6,351
2025-05-11 02:26:37,b31b183781a0459256814b825d4886dc0d49cd312d22a7dc5be462397de7aead,896193,51465.0,1241.0,0.024113,1,2,249
2025-05-11 02:26:37,a99dc30f19c01523eb8069df2945e7bbf9f4a0a316f1580a9d00ca9de0378795,896193,99998000.0,2000.0,2e-05,1,6,350
2025-05-11 02:26:37,618c81e1b2df9320ed9ea8e225135ba6ee3ac11a809fb87f7cc920578edc5b0c,896193,19223.0,1399.0,0.072777,1,1,188
2025-05-11 02:26:37,06209a5b4cd871d54388d2f3155aa5da132b6c1475c2ff8e5333d5736035b9fe,896193,86199696.0,2000.0,2.3e-05,1,6,349
2025-05-11 02:26:37,8ecbb50ff563958417de582501ee783d97b5376e461018381fa855f8310a60a2,896193,144529820.0,2000.0,1.4e-05,1,6,350
2025-05-11 02:26:37,8d3fe16f7aa7a899a7ee5f01e5df3ca44aa1851a6bc25e53911c7b2a8e30e329,896193,1046176.0,1300.0,0.001243,1,3,255
2025-05-13 04:23:38,bbfa830892f98e366814c9d9d844509b3d972e0f55c6d2c9df6190f83962be03,896497,2333327851.0,169.0,0.0,1,2,223
2025-05-13 04:23:38,5333d79350fe592861f6ecb47721ad4d1387747b410b936126d801b0c7785f00,896497,1251687791.0,169.0,0.0,1,2,222
2025-05-13 04:23:38,621662615e153e1927555bb094b9837a179648a77417319407bdde43daa02ac9,896497,4921.0,240.0,0.048771,2,2,300
2025-05-13 04:23:38,85e0e4329b79655a28fffab0693ba49c50268a88d9d2efbc7e2d954bbd5dd0e0,896497,175217.0,254.0,0.00145,2,2,313
2025-05-13 04:23:38,a6c6c99ab5f8c21d53b4b4b3d8ff3320fcd06232478e9380a80c79954652f459,896497,1085355.0,235.0,0.000217,1,3,277
2025-05-13 04:23:38,1cf500e6a10ed0a931309ff578e896ac0d400c845ed58c33fa0b36c8d017ba64,896497,1580.0,240.0,0.151899,2,2,300
2025-05-13 04:23:38,97ac0da3e711e225afafe86e5382cfc844b4ba26c411b6b54d59e54349ad0f8f,896497,21900.0,241.0,0.011005,2,2,302
2025-05-13 04:23:38,9a65b32eb29b5605df551ba6ea926a038469b90b29f3fed3a5fec3b929c57a30,896497,29686.0,235.0,0.007916,1,3,277
2025-05-13 04:23:38,e4b0ffa0bf70539072160f2ee3da3e54e86a2e07a3f22ef6e08317117cee405a,896497,1126.0,240.0,0.213144,2,2,300
2025-05-13 04:23:38,a7e8e35924983bdfbf6c9b229da402d246841413345ebd9ece6e71936eba967e,896497,17012.0,241.0,0.014166,2,2,302
2025-05-13 04:23:38,c5b527a665ba8d53b942cf42d05efe6f1a1498dfe70b7f10a76e863bd0db88c4,896497,2456398.0,132.0,5.4e-05,1,1,192
2025-05-13 04:23:38,8c8ef04a30e3cf78b110798b384ead10477d9b76c543695788ed0d0e7337b7a4,896497,49696.0,132.0,0.002656,1,1,191
2025-05-13 04:23:38,19edc796142910f048783c74b69e137870d49a15abfcb0dd057016d10ab1659c,896497,96782.0,132.0,0.001364,1,1,191
2025-05-13 04:23:38,94c27ad1f31c3f7604c9c26adc3d121ba1a6eb338f9a65fcc407defe3c822e84,896497,68658.0,132.0,0.001923,1,1,191
2025-05-13 04:23:38,461d50caae39a705ec1c4e16bb373c4ba69d029f294ac440c3aaf2585a6c3c78,896497,7571.0,240.0,0.0317,2,2,300
2025-05-13 04:23:38,565389067b897ada784b15ec5a909540ff46cbe93697f5315513c8d81b6b6d88,896497,280687.0,240.0,0.000855,2,2,301
2025-05-13 04:23:38,663b9368fad1ace54625c6d79def8ab629674f5ea0f73ae48835b0942d8190d3,896497,864762.0,264.0,0.000305,1,3,301
2025-05-13 04:23:38,03fd401a65f631cc77f4c86df04aed6d3fef83fc6fd168cc2a0aae3202749169,896497,21501.0,132.0,0.006139,1,1,191
2025-05-13 04:23:38,bd22458ce390be2988f48bb1a110d4a20b214069512dc5267b532c1b35f9c455,896497,35730.0,132.0,0.003694,1,1,192
2025-05-13 04:23:38,bcc7b1aa81efa946949a335a53f59504af570c49ac37c946abc3d433c764aa52,896497,73563.0,132.0,0.001794,1,1,192
2025-05-13 04:23:38,ce9152e3ebf4cedebde43d507b02ffb8ff074c93b1b805ec6d0447cc3340204b,896497,91854.0,132.0,0.001437,1,1,191
2025-05-13 04:23:38,dfb6c7809e1f6c79c3948cea1181889e70a2aad3706a8d70d251b103b0e37148,896497,1034868.0,132.0,0.000128,1,1,192
2025-05-13 04:23:38,75500c4c5fbf9a3635d70ec9f7dfc295352b77cb117ebca36a9ba3c9a7698939,896497,39002.0,132.0,0.003384,1,1,192
2025-05-13 04:23:38,8bdc569bce54c88f23972833eb7d096a8f28ecb78e812d4c59881b942ff5051d,896497,47137.0,132.0,0.0028,1,1,191
2025-05-13 04:23:38,86ec0dcfd4b72a3c5edfa28d330a7291734b6915c615ec119a44043a1204a20f,896497,244252.0,252.0,0.001032,2,2,341
2025-05-13 04:23:38,fab5db785bb542c5ed618ae6bbb3d9f275d5e733511398abd1f11a4cd4ab650d,896497,264569.0,132.0,0.000499,1,1,192
2025-05-13 04:23:38,657b22b34ceb2de58dc45225fa0a21cd90a03dbdecdacc586917a7929e056f18,896497,411772133.0,359.0,1e-06,1,7,381
2025-05-13 04:23:38,1a12189828820ad31db847a26dbb9c2efdf9bbb0552cdbc3ad947ca78328e8c6,896497,72583451.0,173.0,2e-06,1,2,226
2025-05-13 04:23:38,82c9941a8943ac7e64cd8f668f555a6a949030866d75385c6a3b5488824a1682,896497,1330996720.0,173.0,0.0,1,2,225
2025-05-13 04:23:38,44122d5f0b71ceaf144118eed62c166e4175617d52fde645fadf291f76d80d7e,896497,9707052.0,173.0,1.8e-05,1,2,225
2025-05-13 04:23:38,358c73682cf3ec2dc47b10f72fd5d0a07e7cd78c5def20ec08202673af214b75,896497,566776457.0,173.0,0.0,1,2,226
2025-05-13 04:23:38,b0f24465c57767cf40bdfc3491f0d0b6d22e0d10161ccbdcfdb58f5125cf0404,896497,34336836.0,322.0,9e-06,1,6,350
2025-05-13 04:23:38,2b3cb7507ef52c4ab3f60f8be26292bfbe8303337814a747ca781eea40c9c639,896497,10813118.0,286.0,2.6e-05,1,5,320
2025-05-13 04:23:38,d14e24a92ff1a7f4aa8f957b1d404b494d64807b5e8534c4c627a10b0a2cf3ff,896497,28373856.0,208.0,7e-06,1,3,254
2025-05-13 04:23:38,3714f075b6a47816c01f1a1f58f9366e0f9aabea270ea08e99b99f195c1fcbfe,896497,477192720.0,184.0,0.0,1,2,235
2025-05-13 04:23:38,4016b4e4d6eb8c9c707671dd2764c66fc1d6804e63931ce383765fda6a8a1491,896497,15660115.0,184.0,1.2e-05,1,2,234
2025-05-13 04:23:38,69262c2ecb053925356fea9e7f043d75d3086981c6ff313cb80090c1dd93547d,896497,2246225.0,184.0,8.2e-05,1,2,234
2025-05-13 04:23:38,acbfc6c39a9c3173088e1d4dc0f613f45a63ad7f9999dc5d57052a02bf36fa7a,896497,38644590.0,184.0,5e-06,1,2,235
2025-05-13 04:23:38,14876353f2b85ed1b039f3c9177265c6ecc609a647fb243c84b73e67f0577f1b,896497,95455.0,603.0,0.006317,5,5,750
2025-05-13 04:23:38,f9e7dba276548d4978d19275fc6443d943de8c14e4e9ef0011d076f215b970d2,896497,637460.0,240.0,0.000376,2,2,301
2025-05-13 04:23:38,4523d3ba9523049d83de325a486ae3820befd18eac812a34ccb2174c382936af,896497,671725.0,253.0,0.000377,2,2,341
2025-05-13 04:23:38,9c0a4bfd851e87625dd7a5378e497d249c9692c3b42c7fb45d8554d68de3ae51,896497,671725.0,253.0,0.000377,2,2,342
2025-05-13 04:23:38,b42bbf4feb5359dfc16c78df00e1254c9763d1e43058d222be825fb5f0f8b430,896497,671725.0,253.0,0.000377,2,2,341
2025-05-13 04:23:38,a6eebb44669e024e64d347b3fb972a4924a6578ac76ec82fbe88e537a43c32db,896497,3239373.0,390.0,0.00012,1,6,406
2025-05-13 04:23:38,ab81ce0c9d698c0c9ba87a42096cd09bc406251b885586e52b22029b68562603,896497,23488.0,237.0,0.01009,1,3,248
2025-05-13 04:23:38,cc0eb1ed67728105d6427cf79cf15555ca20c41358efff5a921771a3648c6b04,896497,84635381.0,336.0,4e-06,3,2,522
2025-05-13 04:23:38,d625cb8433a99f0d9b60260d6571935202a4dda54fa01a87fb7af05e6c024298,896497,295576.0,907.0,0.003069,10,2,1561
2025-05-13 04:23:38,21d864a9b25d4b170b2a5150226d8e90b0bca56e21489e5635649cc6bc41d89e,896497,4218140.0,906.0,0.000215,10,2,1560
2025-05-13 04:23:38,38d6e0fd73bc50156447ca39984a9d525a02d64cfa1c89c7d2d242cd70645d7f,896497,2967755.0,906.0,0.000305,10,2,1560
2025-05-13 04:23:38,4ff367347a210bb334744fe861a75db2bb7cb688962d4814a6521e8e004e7674,896497,12861484.0,906.0,7e-05,10,2,1561
2025-05-13 04:23:38,ea342149216c19bd552afe607c5b4bc1f7c341d4702df9453a1d778a145ca440,896497,314086.0,950.0,0.003025,11,1,1676
2025-05-13 04:23:38,87fddcc22bd6c966dddd7418ed30faa419460224b98a539a29f6d2e8ff914a1f,896497,91135.0,362.0,0.003972,2,5,401
2025-05-13 04:23:38,9f6a0cb24400e972dafdaa6c1a4906a1a54266957f5f46abd0eae8a2c9565859,896497,124659.0,362.0,0.002904,2,5,401
2025-05-13 04:23:38,31d6cd64d940d7f940fccfb5c10644f9419c684d34755826a26f4afd6a6288e3,896497,1458479.0,624.0,0.000428,7,1,1082
2025-05-13 04:23:38,0ae472ede9243298ef80632e5cedf40e7bb153cc943c5f254b9061d16bfb215e,896497,2823410.0,460.0,0.000163,5,1,786
2025-05-13 04:23:38,382857a5cab05ed4cab6b3feb89f248e60e10a6228ff99ab15ac3d5a756a2d39,896497,1379.0,259.0,0.187817,3,1,364
2025-05-13 04:23:38,04069e8a3f188d6b7cfc9fcd9a813c311962d4b7e9cf109a381fca244595f189,896497,2252803.0,281.0,0.000125,1,2,222
2025-05-13 04:23:38,6fffac8d184f4fca12168f8d553397bd00f13b614fb9e039b2b8efb1671a745b,896497,39132.0,289.0,0.007385,1,2,227
2025-05-13 04:23:38,2461c1811bd261327207d9c60d30cd961e32f5069bf6e113347d78f7c53a8752,896497,12309433.0,537.0,4.4e-05,1,13,728
2025-05-13 04:23:38,be3a6cf7762fa45558186c9d3b03be0e736b07a7c04ad1e21b24b13876d14d99,896497,4399712282.0,533.0,0.0,3,2,522
2025-05-13 04:23:38,be0c8cd32dd190ac1a4177538af34c577de519d3deb5d14ee805558f630c4e57,896497,1959871.0,189.0,9.6e-05,1,2,206
2025-05-13 04:23:38,075c647c219f99a0a7af3dbda668bcb8ca53dd4ce299a6bf002f4b33cbf1abf1,896497,5267128.0,208.0,3.9e-05,2,1,269
2025-05-13 04:23:38,2d5c65062479c9fca58aaf6750b438faaab05717a88a60f2f0a6e8c3c183ccaf,896497,330.0,157.0,0.475758,1,2,208
2025-05-13 04:23:38,9c2c47ab29f792d25500a0b7fe4ce77971b4d6f0e0ae1a101ed6d2579dcb01c3,896497,201300.0,758.0,0.003766,1,1,192
2025-05-13 04:23:38,e1f2239096a3ca9fca74d97241a0152697ed82c691fa766483d9c0ff70f379f7,896497,80385698.0,3594.0,4.5e-05,2,98,3428
2025-05-13 04:23:38,f5940547e45295f8f4a3438b97ca97f018c5b8617df1314950defecbb90bea42,896497,186948092.0,2801.0,1.5e-05,14,2,2141
2025-05-13 04:23:38,2440dac561539fbf39e12e75747509f66ecc7a0aba913a2cb5993a473d71b365,896497,7346080.0,433.0,5.9e-05,2,5,490
2025-05-13 04:23:38,8cca5723c614fe061401e97500423f66b87b67062a38acb663512f8d2ef42165,896497,33805134.0,433.0,1.3e-05,2,5,490
2025-05-13 04:23:38,c7498bb750870553f2d2376af5c7822ca8770ad7fa76858ab366d6037d386ef7,896497,12103.0,190.0,0.015699,1,2,195
2025-05-13 04:23:38,4fbb54c429480941cb125cce2ce58cb20ce9d531736e91c89335ed0015b33f5f,896497,4810.0,190.0,0.039501,1,2,194
2025-05-13 04:23:38,0e64b431986c850dc34d818c8fc11237ff84f1214554ba66c86e59c702122eb1,896497,5086.0,260.0,0.051121,1,1,406
2025-05-13 04:23:38,aa92084770256c2ccda956b412d8036f866d06e3f28713ca7b1f249a37147934,896497,1855690.0,179.0,9.6e-05,1,2,234
2025-05-13 04:23:38,a942dcec19314b644a810bb3c999fc23a79bec2734aa8bdd594c22f92333754e,896497,1775080.0,537.0,0.000303,1,10,471
2025-05-13 04:23:38,eb5955ad865100b096cc048d35034e033a83ebbed170f9c0579add8c7d444aa0,896497,7722328.0,239.0,3.1e-05,1,3,254
2025-05-13 04:23:38,a3965a77569b9924df3990bb18ec007a66da701b43306246be75c5c43eac2c60,896497,10211950553.0,154.0,0.0,1,1,193
2025-05-13 04:23:38,b9facbfabb97cf544621d96f19c551e2ea70f53d7ff90e9895e25030cd3911cb,896497,67883.0,303.0,0.004464,1,3,299
2025-05-13 04:23:38,591796fb61eab25d9183980a99a94782e00923e818843de2eadd4a4e07a75bc7,896497,20681198.0,200.0,1e-05,1,2,222
2025-05-13 04:23:38,98a25050a7b5915edea1d5aed64502d3dc3ed82f7689ef726235f096695e57d2,896497,476500.0,1665.0,0.003494,2,1,341
2025-05-13 04:23:38,ea2ce8fe638e88965b91532690d42574bc6b778cd652ac6c8a1f17fb24d5e13e,896497,41447638.0,4648.0,0.000112,1,128,4306
2025-05-13 04:23:38,f8734db046fa3cc67f9660674b40bc2631a5dadbcae9b3b5ad301474a47340af,896497,268695.0,208.0,0.000774,1,2,194
2025-05-13 04:23:38,d3e80bab91f2f396f8b5e74865a4009d37a7b8c03c85fc1ce9c88948b0e6ba77,896497,374817.0,347.0,0.000926,2,1,566
2025-05-13 04:23:38,ee76b53211f39689a013f4f367a3a9576322830538235e36348e36e6dc2716a5,896497,541936.0,226.0,0.000417,1,2,235
2025-05-13 04:23:38,16d9f341e72b6028dd8ad308a3d7ac71c07c8ccc9306e5e13b30265679856408,896497,3926725.0,211.0,5.4e-05,1,2,223
2025-05-13 04:23:38,915cc63b88a8cfdf85611bcb109ca930a22c5a31f5d477b54813198ef728c6bc,896497,4073936.0,209.0,5.1e-05,1,2,222
2025-05-13 04:23:38,48c6e2235810f1c16ad955ecb34398c49af86a5803a7abc1bef361c07f1cc7c5,896497,19669.0,290.0,0.014744,1,1,322
2025-05-13 04:23:38,e46527f5091d74b9e9ad408e974ab9e204b7bc8f26dc2dfb3dfa341a4090a8ac,896497,135849705.0,153.0,1e-06,1,2,235
2025-05-13 04:23:38,398e79808a165bb8731fa2725494c23b49afe2df56981bb12cb4746dff67cb3b,896497,494340.0,529.0,0.00107,2,2,888
2025-05-13 04:23:38,944913a936dc0856f733af9835f08eeecc68d70bf2790b68dc1c5677b9dc711b,896497,667345.0,878.0,0.001316,4,1,1657
2025-05-13 04:23:38,dd8c9907e75c9619a148ba7eab8945985cc086587b9bc277f94fd0cd4b5ad27c,896497,2034037.0,2524.0,0.001241,12,2,4894
2025-05-13 04:23:38,dc636e898d639a15a250d0aa9aa95d1388f6c13751f918aa0993399433936673,896497,5634260.0,2523.0,0.000448,12,2,4890
2025-05-13 04:23:38,de15f654478b9d6a4211588ef6a0b161d50c8025ca216b5b86f7940151e5138d,896497,9799.0,328.0,0.033473,2,2,305
2025-05-13 04:23:38,f613350f0636fa452dfaef7ee76e60d07ed5d8cefa409586b7c357b0ca5a780e,896497,5075.0,271.0,0.053399,1,1,406
2025-05-13 04:23:38,d1eaa6c29dce1b9e10e83d3602336c2cca3a0a463c74e6e5e1c96c68dc8b95f7,896497,1466792.0,212.0,0.000145,1,2,234
2025-05-13 04:23:38,0db4d2f82992f5a05a03657a2e3a446c581c6e640edd09a788ee792a7c3747dc,896497,17409991.0,451.0,2.6e-05,2,3,449
2025-05-13 04:23:38,0c39713832de8373a9fcbcffbaead665b0754edca028ce74d06112b263c5ce4b,896497,134430.0,711.0,0.005289,4,5,726
2025-05-13 04:23:38,4c04d5f095c51cf819ea7570268ff4c8ac57fb64540aedf7e9e459b22286f156,896497,558693.0,254.0,0.000455,1,2,234
2025-05-13 04:23:38,c40fb9beef8b8fa414c0e8be42295a5fc1b0e38f62e1fcc57f522c7154c972c5,896497,1151151.0,1344.0,0.001168,11,1,1679
2025-05-13 04:23:38,d33dd5bc86ef7e62f563b6f58940d2db706c3220b9a0ab91de130579dbc39322,896497,1170878.0,657.0,0.000561,2,4,739
2025-05-13 04:23:38,1634badf1ae86799ee755d1e66bf538c5b52613d1933a2383208ea259d207fc8,896497,13075858.0,247.0,1.9e-05,1,2,222
2025-05-13 04:23:38,6eb14bdcf3b9dbf266d19b129dc69594b3aaf5be45e133cf9632f7146adb4461,896497,275755.0,292.0,0.001059,1,2,247
2025-05-14 19:23:31,067e808baea59df48a3af5231218bf8b99fb0c85c65e847b72f5ad0543cd75c8,896711,14999.0,546.0,0.036402,1,1,192
2025-05-14 19:23:31,d148e7b42209a222ce9cd953e16a28d73ea589226f108b691d6b7bb122e740a3,896711,42454.0,546.0,0.012861,1,1,191
2025-05-14 19:23:31,c931fd37ec1a5e8d41f4b91188fa36b109f81ae3ef7a7e4a189803fd0013be8c,896711,26720.0,546.0,0.020434,1,1,191
2025-05-14 19:23:31,8baa096c7f67ea864d3918b0f96fd287878d0e7942b38ddd8ea16d2e46c8dd08,896711,35980.0,546.0,0.015175,1,1,192
2025-05-14 19:23:31,08112872588e8dfa03627f78244d3ccddeecda4532c69fc0bdfbd429a206f879,896711,2600047764.0,824.0,0.0,1,2,247
2025-05-14 19:23:31,d55cd07d0a56907d9cbcf4b17490d3b2825510cb9f81b13641559eaecfbf04d8,896711,19748962.0,938.0,4.7e-05,1,1,191
2025-05-14 19:23:31,78fafcac92b41334ae82b9578fd0a789139b67ea647d1b7288e9f9a7af90df3e,896711,19749900.0,100.0,5e-06,1,1,150
2025-05-14 19:23:31,079a1c62dc5f540059927b1b495cab6e99221763e9fdae3717ce13adf17edd99,896711,19648962.0,938.0,4.8e-05,1,1,191
2025-05-14 19:23:31,85748bb3134dcadb3b59a5b447c727c2c022ef10c4e65ce481b8daca0315b976,896711,19649900.0,100.0,5e-06,1,1,150
2025-05-14 19:23:31,658126399b1eae0b7016bf67ffc8de3c88502d87c2f4a8cd764bdab609a18284,896711,327378.0,1038.0,0.003171,2,2,371
2025-05-14 19:23:31,17a3df9082e0589437beb88e905577c05a9de8e144363c0bd00e6212e8cbb970,896711,22358962.0,938.0,4.2e-05,1,1,191
2025-05-14 19:23:31,37a514b6b75fe0fc679f5335e641be44a339ab17598d73650781c2423032e37e,896711,22359900.0,100.0,4e-06,1,1,150
2025-05-14 19:23:31,ad1db6f09f354e0b59872803fd6ab1037a574826678aa15c0e770a56a507044a,896711,22198962.0,938.0,4.2e-05,1,1,191
2025-05-14 19:23:31,1b891bef6e4eb9674d3ac75767d2c7c1b486232a31be22a84d76353103353fec,896711,22199900.0,100.0,5e-06,1,1,150
2025-05-14 19:23:31,e11bddc8d5e84432a7f95dd85aabf5b36c3f6aca1f3b9c41215827c2d26bff21,896711,1333258.0,1098.0,0.000824,2,2,383
2025-05-14 19:23:31,bb980d8158337bb488367e0bd97a76fec99cf74418b6e0f18515560bec302f4c,896711,1369694.0,1168.0,0.000853,2,2,398
2025-05-14 19:23:31,b10ff9141664acf66923e518ca8aebe2dd7ba4111012b015062fec4264e782e8,896711,67194336.0,1710.0,2.5e-05,4,2,668
2025-05-14 19:23:31,334dcc52d35823497a3d4b07e75d2ef18b882c7cf1d83f2e3e4ee21f53564ea9,896711,193047.0,860.0,0.004455,1,3,255
2025-05-14 19:23:31,4d9bd3db24df917f052166c340cbcad36c53ecfb1d697c5a1be33b78b888b3ab,896711,2283.0,547.0,0.239597,1,1,191
2025-05-14 19:23:31,16ead9c6aee70a597768d23ed82171b9b2d195b1736c4ec5a889fe7972db185e,896711,2777368.0,547.0,0.000197,1,1,191
2025-05-14 19:23:31,f5a544a6328714222f567c3bb9b40560dde605fac273542fea8fd6e8f9694590,896711,19698.0,555.0,0.028175,1,1,193
2025-05-14 19:23:31,19383d8c2308a26f327ad2583457a17e274d5351209ec862f6b9c402acfa0c1e,896711,510253.0,2385.0,0.004674,6,2,965
2025-05-14 19:23:31,c955ee9b76abbe751da994c34e3511b61de5c28ce1026f7643e18abd49c945f5,896711,1082659.0,3398.0,0.003139,9,2,1408
2025-05-14 19:23:31,fab0c1d4991441c62d43c5c8d96d4970cbaa622a56f63c3958ffb190fc81ffe1,896711,84738.0,702.0,0.008284,1,2,223
2025-05-14 19:23:31,1b0cbb215f52fe6c7c5038b06d10a89ded29f25a339f5f82afed9164bc601fdf,896711,800742.0,702.0,0.000877,1,2,223
2025-05-14 19:23:31,3f297d66dc1fe084e420f77cf3d01c388ed91a240be7969f50d48974369432b0,896711,38681.0,702.0,0.018148,1,2,222
2025-05-14 19:23:31,eddc53264ff50dd448327dccb3d8bfbd162e268d16655c23b0a2554d022211a2,896711,86836.0,702.0,0.008084,1,2,223
2025-05-14 19:23:31,59547b7f9a2dca7f90af3a3d2a68cde97f3a28ce034075df40a9e9569943749f,896711,432537.0,702.0,0.001623,1,2,223
2025-05-14 19:23:31,44b689e25623228bf664598be4fd984faa54f65b9bb915b21f3a354c186a2393,896711,39534.0,702.0,0.017757,1,2,222
2025-05-14 19:23:31,d0d91b13e3a9d8a2f3fcfe4913704c96c9629d53b386578da562b1061b9c5c3f,896711,439458.0,702.0,0.001597,1,2,223
2025-05-14 19:23:31,662c6efc830e0be90849faec52b469b98aef14e552596a4b903dc6a64fd77a5c,896711,54715.0,757.0,0.013835,1,3,233
2025-05-14 19:23:31,127096507ea5ee1810ef5b557ab842e8a65d4049a00ee702a66634d268b4d246,896711,311232.0,777.0,0.002497,1,2,237
2025-05-14 19:23:31,a07d614a40f1f6a02ac13c23b5d8924ce77dd64b899b8be450e6083ed252f6a0,896711,331618.0,817.0,0.002464,1,2,245
2025-05-14 19:23:31,2944933471b92642cfce62ee488cc3476ae824bd24fc734fab99be508c8fadf9,896711,90209619.0,708.0,8e-06,1,2,224
2025-05-14 19:23:31,9594f03fd93eb41d0e780490782cfd2b6ad9d9477fe1a211084f6e6211e6ef61,896711,97898066.0,708.0,7e-06,1,2,224
2025-05-14 19:23:31,3b785ba20da70814737a84d51b73a8c0fac74b6a2ba69e3a7c8109f12ed0753a,896711,11701426.0,708.0,6.1e-05,1,2,224
2025-05-14 19:23:31,1c4b63d6fe26fb2b7d8a186032028aca9b963d0c6da08c4e5e18d77b1620b82c,896711,50082795.0,708.0,1.4e-05,1,2,223
2025-05-14 19:23:31,9305986c617c1194146f4f0d3fe1ecac5c0191de1bff8b2a05d690e7f4abd1ec,896711,3559661.0,838.0,0.000235,1,2,249
2025-05-14 19:23:31,b7daa6c2639562f26f0e4e71e89d13fb58afa51635aa253335e551de57e5c0bf,896711,2093986.0,838.0,0.0004,1,2,250
2025-05-14 19:23:31,767a020da6cd5d32060ca0b42d62da84262f816016fe648ccb3e592b6e53ce58,896711,9772753951.0,1575.0,0.0,4,1,640
2025-05-14 19:23:31,491f05f8f63c1d9c5923a300d5276e3e4f627eca6c905c098a07dad708e0b6b4,896711,1507126147.0,1383.0,1e-06,3,2,521
2025-05-14 19:23:31,98805187d17ac8cb78402bf4c07b035b5ac4cf74a808068bdeb616ff0a44bf8e,896711,23248962.0,938.0,4e-05,1,1,190
2025-05-14 19:23:31,854b2760f7967b6d046e3e9e5ded15cfceba63dfd17c76cb942fa8a8bf090394,896711,23249900.0,100.0,4e-06,1,1,150
2025-05-14 19:23:31,e72fb555f5d268f0167e322adeb675e7f7ce36e6aa128c51636068a046ad4838,896711,51737639.0,52219.0,0.001009,153,2,22795
2025-05-14 19:23:31,67e76fd6d8252d0c569510ff60757581cb754ccd300d48cccc54d1c8c39dd1f9,896711,392092.0,705.0,0.001798,1,2,222
2025-05-14 19:23:31,a1176a678311583ec5e5cd18ec3980f8168d3c44e6bb1aa204fe2996c707b3f6,896711,123537.0,720.0,0.005828,1,2,225
2025-05-14 19:23:31,f76be43595f4d830a0fb92942c03770bc84fddba8cf483a63b25e82eb27d1cf6,896711,299235.0,765.0,0.002557,1,2,234
2025-05-14 19:23:31,3d9186a2272c1ef99d092869bc0c44d951c0fbd7e371f8ba9c3b5339a841b3f3,896711,299235.0,765.0,0.002557,1,2,235
2025-05-14 19:23:31,c7212066212cdc786222de99ae52d13b582708b332a665e065137674d70c52f1,896711,344876.0,1045.0,0.00303,2,2,372
2025-05-14 19:23:31,3f237907936ffd3f94b571163d84ab445906f8d598e8386ba72cfb8bdb3b27f0,896711,183407.0,705.0,0.003844,1,2,223
2025-05-14 19:23:31,2cae04744b3db10f5f552b1791ba95ca78a7d1fc141ee537e6c92973435633ef,896711,18825.0,550.0,0.029216,1,1,191
2025-05-14 19:23:31,a53669d2ff44a982d0b288048f4142f3d4079cb2847d9e2af90a22df1f3299ed,896711,10516.0,550.0,0.052301,1,1,192
2025-05-14 19:23:31,e123e41be3d168e65601d90f1e22677c637f66e71d6efb193d73ca1efa872feb,896711,102443.0,2750.0,0.026844,7,2,1113
2025-05-14 19:23:31,061546a7654a7562f8deed39c7ff5502bbe2c660f233200c6d8d8ca6a19bcae8,896711,27607692.0,2735.0,9.9e-05,7,2,1110
2025-05-14 19:23:31,386b96d8a3297e9531c7e18e3858eb709e05b8d5dbc7fa4a73ead821779974e7,896711,1002367.0,720.0,0.000718,1,2,225
2025-05-14 19:23:31,79e60a2f71c5b9b5c9e49f7e4e1b531add8cfd9afd5dda0535768c78ac3e6ae3,896711,5106397.0,905.0,0.000177,2,1,343
2025-05-14 19:23:31,46bf9c508f15b66c16f778e61a8022d213b5581dbffbb8a5d0dc65c65dc24ae3,896711,138195.0,550.0,0.00398,1,1,191
2025-05-14 19:23:31,63e6fc06bfbd083b7f6b4cea679ed318e058d513d97b1770f92fa0d0aa0ff3e1,896711,322664.0,705.0,0.002185,1,2,222
2025-05-14 19:23:31,c7a397399a67c9c35542f354dc76d7648adeb188e66e058e689060765200ace1,896711,164680.0,710.0,0.004311,1,2,223
2025-05-14 19:23:31,f3e9efa07e4feea80f895e3de191f9e5bbaadd1049d3e608f0ae6b8221a6d5dc,896711,33368900.0,705.0,2.1e-05,1,2,222
2025-05-14 19:23:31,3036c1fcda95d407d7ce092ee93bd65dafd388699209c568ae4425b48c16c4db,896711,9416813.0,890.0,9.5e-05,2,1,340
2025-05-14 19:23:31,35104d0816ab66b8069781b6308f71faac6d572065ab34a1fe5192c5e1a557d9,896711,145806.0,705.0,0.004835,1,2,222
2025-05-14 19:23:31,dc9bcc94a594c12e696f34566986d3e92daaa3657eb5bb1a1c6c2acac25724d7,896711,20527.0,1855.0,0.090369,2,2,371
2025-05-14 19:23:31,90b1ac701af3eea3f72ea8b228baf1d7e27471b7a05b2178483c3f648024ebd6,896711,119250.0,705.0,0.005912,1,2,222
2025-05-14 19:23:31,fa7408b2eef17818af3ff57c54b10eb16ec8316366fa628c921f0bbc3d850ed5,896711,1302660.0,840.0,0.000645,1,2,249
2025-05-14 19:23:31,05d6d28269d1c2ed4811149058e1c7cfee1f4fec963b61f654eaaafb688011d4,896711,228116.0,705.0,0.003091,1,2,223
2025-05-14 19:23:31,8d5d06133ace9432956ba78566369c14109de6dadd47d4dd903f4673f7a163cd,896711,11824869.0,705.0,6e-05,1,2,222
2025-05-14 19:23:31,de43bc206e7e0bf52f4669c976de43700e13c7ccce19996463fbcd71def753c8,896711,235991.0,705.0,0.002987,1,2,223
2025-05-14 19:23:31,e4729fa2e7da3399037094f0402ce3f4810f73e9dcabe7f6b0c80a92ed8c46c7,896711,224918.0,710.0,0.003157,1,2,224
2025-05-14 19:23:31,343b8801b4ed5cc17b6fb92a15baf412dcf692b84dd2ffcf1cb1df4a0a9d98c6,896711,1295036.0,720.0,0.000556,1,2,226
2025-05-14 19:23:31,1a1808f3c399e680b6df2025f2219eb87cc11d564a67c04cca076a41219597c5,896711,890789.0,705.0,0.000791,1,2,222
2025-05-14 19:23:31,56e6fa93cb5f0a427ad21134454618e1fa949db1b19180c93bbe2325fe278bc4,896711,250117.0,705.0,0.002819,1,2,222
2025-05-14 19:23:31,cb734808af2ee02d9a3db5001e032f58f1c641c99ebf9527a67694bd3be653c3,896711,48817.0,825.0,0.0169,1,2,247
2025-05-14 19:23:31,b54ef5fe2b7e2460b7b8ad3bd5e5bc7f2b0fbcc2060837c1f76f75555f2d4bc2,896711,288071395.0,705.0,2e-06,1,2,222
2025-05-14 19:23:31,ad76382af57dc8fa41271f8ac395bfe6b455c478a3a7b815bf08cb72c51784c0,896711,18840522.0,715.0,3.8e-05,1,2,224
2025-05-14 19:23:31,904a0385922be3b0e22ecf4cd15894df7d5c21ca7d1da3cf8b3cc791e65915be,896711,552499.0,720.0,0.001303,1,2,226
2025-05-14 19:23:31,d854f63f5c5f2677770887f70bf2d7744ba061c57d269b8927297212ef1f09bd,896711,79435.0,550.0,0.006924,1,1,191
2025-05-14 19:23:31,123f5a41b875d778c93d76659adc1b8d0a79a4531831bd67c4c228872b1f01ba,896711,1141931.0,1060.0,0.000928,2,2,312
2025-05-14 19:23:31,d744c41ee28e274f751ac0a679c06e886461fbbf8d933b9d4c406c717ad215b9,896711,241407.0,960.0,0.003977,1,1,192
2025-05-14 19:23:31,5f1912b1c9e9d6291df3f38ded29c91e7b675c7ea7af2971da55c4c4d5e1ceb8,896711,50445.0,705.0,0.013976,1,2,222
2025-05-14 19:23:31,9597f745c3d4a73282e6fb2b8fa04921eca856388b537b9f6102b4593ad4f7b5,896711,109424.0,720.0,0.00658,1,2,226
2025-05-14 19:23:31,b1903c4943e5a01d9df94efd12a952408721638a3e007600c36d1daaeaedbdb0,896711,1936673.0,705.0,0.000364,1,2,222
2025-05-14 19:23:31,e16c86d870567ab8d1a92a2b339038c9ca5a58d61918d2c36963a88dc5ab45b0,896711,62959.0,705.0,0.011198,1,2,223
2025-05-14 19:23:31,c37c41dee59637c0f010f4e434786a47b7cedefdcfd848308e674d4c734ab9ac,896711,1545188.0,1040.0,0.000673,2,2,370
2025-05-14 19:23:31,579cbb6142e55572800cf22b495376a9d827870b05eaad62203a25b52254f6aa,896711,62620.0,710.0,0.011338,1,2,223
2025-05-14 19:23:31,5b3487869e8c40548bc4d8394330155d8e34ecc389402cfdbdd1e477659cbba9,896711,942288.0,705.0,0.000748,1,2,222
2025-05-14 19:23:31,0df2998feb3615ad21ff00b4fddc4ec53a1ca980bb63b17a1d49df69fd566ba6,896711,7130074.0,710.0,0.0001,1,2,224
2025-05-14 19:23:31,a25cc45917c66f72fe6a4be7ca5b84ba433d8410e09b6c2cdadaab9dcb884ca5,896711,7370486403.0,2670.0,0.0,1,13,726
2025-05-14 19:23:31,4705d4f00dc75bb6c66d79878d8217fb271b62c45c26e765ef8aeecb84216da4,896711,252285.0,705.0,0.002794,1,2,222
2025-05-14 19:23:31,0824ded29c1eef9998f7bbdeaa445263ab2a8697a5a031ae382cc440c2d9f6a1,896711,14493.0,1580.0,0.109018,3,3,496
2025-05-14 19:23:31,bd9eae389fe67b730cc37b4fd4eb1f2b80c79b7c84ba85a819e477f2e6a9eea1,896711,243273.0,720.0,0.00296,1,2,225
2025-05-14 19:23:31,f2e31bd464fb63babc4866738ceca0c79aa658583c89b26d6281926bb1c5e7a1,896711,36141.0,705.0,0.019507,1,2,222
2025-05-14 19:23:31,3beb938b90df884d059f59b0cc41669ca879de8dca3687f8a924d87b27b0b4a0,896711,92694.0,820.0,0.008846,1,2,246
2025-05-14 19:23:31,a93cc172cf2fad418bc84fd44118309f7b4d9e1be54401298ad27067e487729e,896711,78077.0,720.0,0.009222,1,2,225
2025-05-14 19:23:31,6164622510d05efcdce17a345f472abd91d74997303bef689a2cb91b9692e39c,896711,7574747385.0,3175.0,0.0,1,16,826
2025-05-14 19:23:31,5309534ab3f325d27a92a3d9f46d3d53c35708f3be523589ed989b66aa992b9b,896711,299235.0,765.0,0.002557,1,2,235
2025-05-14 19:23:31,3f4c3eea39f0c205409b00e0bc030ad85a4175ed8c394b909ffc3a1556a71799,896711,937210.0,705.0,0.000752,1,2,222
2025-05-14 19:23:31,7fcbf27b41971d2c502533cc018c2f23446acf6ed306a6eb496f8dc977767891,896711,1153515.0,1045.0,0.000906,2,2,371
2025-05-14 19:23:31,07554aa6204e57d744ea6081daf58f4afb1c7c65010d08e1ea644dcc1ded5d90,896711,17286775.0,765.0,4.4e-05,1,2,234
2025-05-14 19:23:31,fb6f3185ef749f7e335bad09ca9956395f253ca453b0aa2fb96bd476ca301690,896711,299235.0,765.0,0.002557,1,2,235
2025-05-17 07:08:25,9cbe941a0d3d691aa337147265a72dd59633d40a59c4e47495e8b27ba3be6cb9,897070,3186900.0,178.0,5.6e-05,1,2,223
2025-05-17 07:08:25,6044d96e58bb90c7ac55047648a03af5f19c59e47a3806e939a6fd0a951077b3,897070,10729.0,242.0,0.022556,1,2,244
2025-05-17 07:08:25,6f53123e9564e3c008e412b48fdc0c50ee1cf6bceaca241daac154dc8604fc35,897070,8729.0,733.0,0.083973,4,1,681
2025-05-17 07:08:25,7c003b84b17c8af9a03f4915149bc1646ff2180c6dce4bedb447e737d82054cc,897070,26371.0,170.0,0.006446,1,2,249
2025-05-17 07:08:25,d19a81f5ce5d9b41b52c67e31218c3ca0c059c7d45eb1ed2730ac11bf2bbad40,897070,25030.0,236.0,0.009429,2,2,395
2025-05-17 07:08:25,cb7243a616e50944c6a69280f11e1b79505bf1328a8c74ea9633f44f13d99f21,897070,98150.0,718.0,0.007315,7,2,1271
2025-05-17 07:08:25,5fc10528417bc5f1bc7871450d48931a9b8ee8c62c2c4165ff6fe37c9809e629,897070,504375.0,197.0,0.000391,1,2,206
2025-05-17 07:08:25,3810d3c0d8cf026b7a8352f3b502401b26f320297bce333611ec48e2a7c14347,897070,608413.0,422.0,0.000694,3,1,826
2025-05-17 07:08:25,93befc21026eb14cca30784ac1a7a25f38a8aa756cf920ca9f74625aa675c45d,897070,86919.0,307.0,0.003532,2,2,457
2025-05-17 07:08:25,03170cd942e5ff2f60fd95fb54fd6314490ab9982f1f7a5b4dd5e6a3a1da6060,897070,18556.0,202.0,0.010886,2,1,258
2025-05-17 07:08:25,034e647a34a1aba4345faf94f68276eb9a6b8a38176b897e0915c488776c5361,897070,162542.0,183.0,0.001126,1,1,326
2025-05-17 07:08:25,3a9c99a999622542a559bef312b2a95bf22573e616b16a62925e9cc6736647be,897070,4283415.0,142.0,3.3e-05,1,1,191
2025-05-17 07:08:25,a2a3a33a83449988ad7a79e35ba4b3b180df02c2a7545a32fa85b9b427aa72ee,897070,6245.0,224.0,0.035869,1,1,407
2025-05-17 07:08:25,48f74c3a849d3927c497b9a66d6c7020119c9fe1fc1b0a7f20ade7cf193ec3d1,897070,17762.0,224.0,0.012611,1,1,407
2025-05-17 07:08:25,7a48be4d8d9b6d5c37118cc1962be8d4f772f1465a521daabc118c837f30c6d0,897070,17661.0,224.0,0.012683,1,1,407
2025-05-17 07:08:25,8f7e39b23e151798f4fcbcb57b1672b2ec1646b61be38f3a80904238c2e62bcf,897070,782706.0,224.0,0.000286,1,1,407
2025-05-17 07:08:25,4c2a28623680aa79e67c544a8434cf2313c3f98be43e002a25fc94e8d52f79c8,897070,13155.0,224.0,0.017028,1,1,407
2025-05-17 07:08:25,e3bf0a9e5c3e8836790759fcfb27d7721c79fc66244b2ad8a3c4928874b2d3c2,897070,5122.0,224.0,0.043733,1,1,407
2025-05-17 07:08:25,270183dd0ff578d4404fee250ed1ae0c44ef9be33333b1a4070c053eaa9e67b1,897070,18797.0,224.0,0.011917,1,1,407
2025-05-17 07:08:25,eae51f225a35317fde9e6b904fa698ec66ee4121a7b384de2659675eda45b6a8,897070,37485.0,224.0,0.005976,1,1,407
2025-05-17 07:08:25,85fcebcfc544b864e4304546c8e80cf00b313fc1144931660df927a89366869a,897070,23365.0,224.0,0.009587,1,1,407
2025-05-17 07:08:25,128e4857b5e9e5feb5289a166b907172ce2e390fadc9dd8a6e191fc52e850993,897070,27530.0,224.0,0.008137,1,1,407
2025-05-17 07:08:25,f088888eec1b823f84fcab8ca18338a5e94126c395f9b2c9a998a622e73ff390,897070,57946.0,224.0,0.003866,1,1,407
2025-05-17 07:08:25,c380452094861104bd4f619cc5532ff00fed05e3aa0bff2c54d6386845e14290,897070,5122.0,224.0,0.043733,1,1,407
2025-05-17 07:08:25,974f818f645565575dfe89d320f41ed4c9237f217c1c1a3d2206a073c0103a75,897070,18419.0,224.0,0.012161,1,1,407
2025-05-17 07:08:25,02b7409014e9ff7e05b5f66090ac4de14cf3b6599e6ba925e28fd1fcac472f74,897070,5122.0,224.0,0.043733,1,1,407
2025-05-17 07:08:25,f7c29e4c867274b003a3bc1c22acddb4c4ba47f59a9e6bf663221bf55c129f67,897070,102557.0,224.0,0.002184,1,1,407
2025-05-17 07:08:25,b88c40592d25f636348df5de43b650f9c99d25735c8c58aeeadb12fa0cda895f,897070,20474.0,224.0,0.010941,1,1,407
2025-05-17 07:08:25,803b07095f73b70ccabfb757b4e06309986f64ec0af7ef7ef25f3d9a9cc64a53,897070,50122.0,224.0,0.004469,1,1,407
2025-05-17 07:08:25,d9459e050e4d42c32ab3d805fadfda4ff7351587ee2276e73386bfa62dbefc4e,897070,46497.0,224.0,0.004818,1,1,407
2025-05-17 07:08:25,d7c13246aafe73e76ea857f377a9f30512e24208f7fbbe61f128dccbc10cbb49,897070,386502.0,224.0,0.00058,1,1,407
2025-05-17 07:08:25,0130bc64f2620be54eacdb23c07ad93f52a447a016b82c901fcc7973df7aaf47,897070,94236.0,224.0,0.002377,1,1,407
2025-05-17 07:08:25,ec8071979d2a8c13c4191af6c26092bec28b8367a4d524f02ca3bc141d958642,897070,53279.0,224.0,0.004204,1,1,407
2025-05-17 07:08:25,d1f43b3a79d28ed5d89d7c6d5b744fe06b80bf70b5ff2651cf22293493014b34,897070,38017.0,224.0,0.005892,1,1,407
2025-05-17 07:08:25,27aa2a86a677d32f9d31579e9f68a6a8dbc5ea120ab7908d2ebbbe04ec469a33,897070,67718.0,224.0,0.003308,1,1,407
2025-05-17 07:08:25,abf94a17ce35b6f961e28bb12e6a221ef7156830f825fed5e6375942dfa4172d,897070,27709.0,224.0,0.008084,1,1,407
2025-05-17 07:08:25,4ec18b9ddaa4b23987e0a193129ea712268213b84bce63148e43ec201178f218,897070,96633.0,224.0,0.002318,1,1,407
2025-05-17 07:08:25,19309099bdeb62a33b54ec931bbe73032f36dd33b3821fa2bc86e42d02099bb4,897070,4145551.0,294.0,7.1e-05,1,2,226
2025-05-17 07:08:25,b0dabdcc5f0b995a4adc7c7e55395ff27d0864fff26b4f93a17ab8c3e4644fd7,897070,87264.0,1254.0,0.01437,15,2,1718
2025-05-17 07:08:25,42a66eb4609036ac73e0ce9e4471545f7c781d0e346feea6b22f969c3d2596fd,897070,5451.0,224.0,0.041093,1,1,405
2025-05-17 07:08:25,4e3beab5c2cf41106fbd7d4ef956d0b0c550005ffed7bd43f88b2908ec17c8f4,897070,85952.0,224.0,0.002606,1,1,406
2025-05-17 07:08:25,55af7a4070c11c303a49a52a6a96e675bf662dcc9cb9e4d845a6991834627eec,897070,290760.0,224.0,0.00077,1,1,406
2025-05-17 07:08:25,7a084c10ffedfac61ec1504b8a6e2e732e8be61395543d33bc36049ffff454e8,897070,93422.0,224.0,0.002398,1,1,406
2025-05-17 07:08:25,85bcb5e1bf4ed98c5b354fd088ed0b310b6ce932ea0af7c1c97d057afa5f36e5,897070,8618.0,224.0,0.025992,1,1,405
2025-05-17 07:08:25,ddf5fe613d4f02a9d00f0b7a5ffe946fba536df987cf3aabfc248c2b6d3deae3,897070,959921.0,224.0,0.000233,1,1,405
2025-05-17 07:08:25,ff74272c0aac2a58c862cc41e6a439bcc91d4d603ca843d7c2d0d2c4fc5affe1,897070,47371.0,224.0,0.004729,1,1,406
2025-05-17 07:08:25,d4a5e6c6705d64f4595535189ae12cded00671a78d369da9de8abe534a3c7be1,897070,20714.0,224.0,0.010814,1,1,405
2025-05-17 07:08:25,3e8746324f43c3ec6b7df4b5acfd012ab5e4753f008090a65ae5be74950f4ddf,897070,96545.0,224.0,0.00232,1,1,406
2025-05-17 07:08:25,849b5b3379a33b04b2200a9bde292f50a5768e306d12b5420a6ab67500e820db,897070,60646.0,224.0,0.003694,1,1,406
2025-05-17 07:08:25,67ba6ca14818bf6cedc8bad593defeb2d0637f59056aef1b27175108967f1fd8,897070,43585.0,224.0,0.005139,1,1,405
2025-05-17 07:08:25,72b544122b30e36e581fb2d857d7d6f2c856401a9d51f5bd5fd11ab7e88425cf,897070,70896.0,224.0,0.00316,1,1,405
2025-05-17 07:08:25,9ed49ba7719d59123c4c02d23f056bab156985167668331b61665310290aefce,897070,58342.0,224.0,0.003839,1,1,405
2025-05-17 07:08:25,dc696dda0cdb3498c919c2f0acb2f913c0c7c208ea42199121d0d6b7566e5abd,897070,201264.0,224.0,0.001113,1,1,406
2025-05-17 07:08:25,5b7991e247ef2a4423eadae93f92d46e0f8469299614ea5c1fe30a34ed16c2bb,897070,466425.0,224.0,0.00048,1,1,406
2025-05-17 07:08:25,12ceec73d124cc829acb9a8564bf0741c6dea965786b1856ff8be1fc154bd8b6,897070,9363.0,224.0,0.023924,1,1,406
2025-05-17 07:08:25,1c9eb34145be5a822966fffb0b51d100cf72b73ab86b8ff7f9add53dc2ddc4b3,897070,59336.0,224.0,0.003775,1,1,406
2025-05-17 07:08:25,f2fe703be274db497e0da5358fb6b8289a908114cfda8ad60bee1270e063fbb2,897070,163464.0,224.0,0.00137,1,1,405
2025-05-17 07:08:25,9dfe2580125ca15464b50cd6f34905beca5d7bd2debbc2b7dcbe5417b6f755b2,897070,121464.0,224.0,0.001844,1,1,406
2025-05-17 07:08:25,6da903daed87dfd0b4f2e85bf0d2247466d1bc9d735a6c39d5abe0029f5c39ae,897070,29946.0,224.0,0.00748,1,1,406
2025-05-17 07:08:25,c940ea636447eb6c72b4f8a76ec074866708ed549e0c0b672aa2ad6218fa48ad,897070,195024.0,224.0,0.001149,1,1,406
2025-05-17 07:08:25,38b249372e21fda38d31ce167dc363101eedca49ba83fe3111029a8b331577ab,897070,56963.0,224.0,0.003932,1,1,406
2025-05-17 07:08:25,7a7f5bb7f5cec655d327db5db6df08f2cd1dcca908088a3847fa985d7bbeb6aa,897070,9070.0,224.0,0.024697,1,1,406
2025-05-17 07:08:25,f5c5184f3d127aa7fc224cde1de03772cd1f598b309b62d76c87c1b4f3a27eaa,897070,56425.0,224.0,0.00397,1,1,406
2025-05-17 07:08:25,ca1f7ab78e679fada892cfab4accb31c84f7f45d3bb5f8fa9700c67785dbf3a5,897070,18797.0,224.0,0.011917,1,1,405
2025-05-17 07:08:25,eeca2d562f2cb06c0a567032a9fbacfaf8b643ac84f0e993efebb69badb663a3,897070,17514.0,224.0,0.01279,1,1,405
2025-05-17 07:08:25,94b46213753c2b30cdb97a5e25fa911ec8ac69f3df389ad1e12f830f67e65ba2,897070,34089.0,224.0,0.006571,1,1,405
2025-05-17 07:08:25,7fa06e1b2a8c88ba89a8f4ba28e5de2cc4665e0bc7af60a5b8e057d4e2f4639f,897070,120044.0,224.0,0.001866,1,1,405
2025-05-17 07:08:25,5130720c84506ee75108ca8c629818a3888297c39124ccc10efc179b24150c99,897070,23307.0,224.0,0.009611,1,1,406
2025-05-17 07:08:25,c78610e2aeb2694dc96a807b43034bc273a81ecd6450982535b11693f93d5c96,897070,68999.0,224.0,0.003246,1,1,406
2025-05-17 07:08:25,4b465f2d08ccd2a54ed360ac3f929c7f649ce8ae11d5ce216a14f31416a84796,897070,77403.0,224.0,0.002894,1,1,406
2025-05-17 07:08:25,d01f9fde5075013daf36879f29f82a5796a203d86e44870271ae455482b8dc81,897070,5122.0,224.0,0.043733,1,1,406
2025-05-17 07:08:25,fc2221b4258c04973681c06c8990c88efdbd1e1a07a443a46c706b1af691a880,897070,18443.0,224.0,0.012146,1,1,406
2025-05-17 07:08:25,3cafa4cf7586768f9c975c70d94466c7fb2bce96a4d0fca0395fa9af93c74179,897070,74652.0,224.0,0.003001,1,1,406
2025-05-17 07:08:25,63f211f9892fdfe1ea8828b5d355b5b22b65761d9767e62530f40de33078b376,897070,27024.0,224.0,0.008289,1,1,406
2025-05-17 07:08:25,6c8efdce5a386b1d5f2837a5ade575b69c9df931c7d19178ea5fad73f694f775,897070,961677.0,224.0,0.000233,1,1,406
2025-05-17 07:08:25,79ee1e55942e731e994945a309cba67a6fb3868011dabd90ef3010d328d4586d,897070,388545.0,224.0,0.000577,1,1,406
2025-05-17 07:08:25,929b9700661e5dd6c2309ec016ffbdc6d6e997608360221fe322d43daa18f26c,897070,5122.0,224.0,0.043733,1,1,405
2025-05-17 07:08:25,a123f822941f2f72dc556bb72956e2711bf5c5571f07e256cc83beda55518a68,897070,483260.0,224.0,0.000464,1,1,405
2025-05-17 07:08:25,047bdc3261b67401e97045648e7b3b8dfa50a4eccf112d67f70eae85085e9a66,897070,187636.0,224.0,0.001194,1,1,406
2025-05-17 07:08:25,533f537b4d34ae66f50fb70700ef6a87d36283dda5de490b6f0f7471fdbb0161,897070,936198.0,224.0,0.000239,1,1,405
2025-05-17 07:08:25,77ee9fc0c1eb2dafc4bbf4ccb4454612abc8f7b16743f4fcbb860e7e353de85d,897070,91614.0,224.0,0.002445,1,1,406
2025-05-17 07:08:25,ab0dc73f6595b1ecee5bafbb368fc8eecc08c3346425f831fd01b61206fb9d5c,897070,548079.0,224.0,0.000409,1,1,406
2025-05-17 07:08:25,d4834fa040ed99b849c3b3429a2801f0c8feecf2f0ad2f2e288842897593a05a,897070,54258.0,224.0,0.004128,1,1,405
2025-05-17 07:08:25,f6a7159f6d49bc15cfffbdfd26d86df3fec22ace54fd7c2acecc5eeeaef15957,897070,198315.0,224.0,0.00113,1,1,406
2025-05-17 07:08:25,58c22c41beace16b4d40297dfce70129a66886769fafcba44586acbe28bd4650,897070,48354.0,224.0,0.004633,1,1,406
2025-05-17 07:08:25,a6de1fda930ed6832d3c5072b8d7e6819e1d0e03b63593e1145761a4b9631a4e,897070,50315.0,224.0,0.004452,1,1,406
2025-05-17 07:08:25,20ec8b8eaf470caff0cab7729f1a6cd2f1796f4bde09680657b9a45cfb78534a,897070,92417.0,224.0,0.002424,1,1,406
2025-05-17 07:08:25,268a79b037ac3c87c56a0ed59a6c842cee8a2d16cf42692136e31104eaff9944,897070,355768.0,224.0,0.00063,1,1,406
2025-05-17 07:08:25,ef22e9e3eea7d85ce4f681af1a354ec22412cf6605a4c47a2d789170d06cba40,897070,18432.0,224.0,0.012153,1,1,405
2025-05-17 07:08:25,c01e3c91712d168e0270144ef58fc4c90896fc4516e75057994042bc8f86c83e,897070,963506.0,224.0,0.000232,1,1,406
2025-05-17 07:08:25,b572543277ab31da336e80d1374a02abb96bb399aaa39030f101038e8c24783e,897070,8335.0,224.0,0.026875,1,1,406
2025-05-17 07:08:25,bcdde864132610abf871c3ebaa05a656298ad7ab518637216ce327174d329f39,897070,13517.0,224.0,0.016572,1,1,406
2025-05-17 07:08:25,da49743c01e7ed41bc8c11136e0e55cf8215e6ba9791ce54077c9cafa605ba35,897070,20850.0,224.0,0.010743,1,1,406
2025-05-17 07:08:25,211744f50906705da837bacd90ca5d2421b0014a25b4f4485cfe1b43487b7c2e,897070,19445.0,224.0,0.01152,1,1,406
2025-05-17 07:08:25,2c4c5736d6d5a1d44cbd817b71a52c889c4bfb772ccde1755b3b6a47bec4062c,897070,467660.0,224.0,0.000479,1,1,406
2025-05-17 07:08:25,800b686134088989f4b065f11e243c908cc267ce39e8d66aa8e4ec433d663b21,897070,53048.0,224.0,0.004223,1,1,405
2025-05-17 07:08:25,9a09fdc998ea6ad0808fb8d45e7861ea046ab2a3c5e7785282e0bba2432ecb20,897070,5122.0,224.0,0.043733,1,1,406
2025-05-17 07:08:25,3cfc6d3162673566f6c85104b6f563d11770d63eb37fe00761c978770b89bb20,897070,46691.0,224.0,0.004797,1,1,406
2025-05-17 07:08:25,a5c938e787728a4a16677cabe609ec9d7a7338b787aa14965040563618541920,897070,180688.0,224.0,0.00124,1,1,406
2025-05-17 07:08:25,9d4ecfd9e9e33812dec7a770e0f67a4c9c922c61ec3cdcbf9cf7200d5e57671d,897070,23367.0,224.0,0.009586,1,1,405
2025-05-11 02:26:37,050f39a34e24d9333a541ca0cfd09ee218745c391942c1f32546c5aed32e4eb2,896193,1381117.0,1393.0,0.001009,2,2,374
2025-05-11 02:26:37,0a14fd2ed193c7e065aa287a4be2ce3d6de168d9c71effee9a583f133f5b6ca7,896193,7306222.0,1393.0,0.000191,2,2,374
2025-05-11 02:26:37,c788c85e9159814f3dd5f2acf5d53081b66677ee670c29dced7f5662e7956d41,896193,55923.0,940.0,0.016809,1,2,194
2025-05-11 02:26:37,caacb9e99c4f0c8648233e83c835494b9b83f4d5e64ec43905c1e4ae5b77f81a,896193,232951.0,4422.0,0.018983,7,6,1020
2025-05-11 02:26:37,b03f043763889525e2de5f53966261e09c8ebeb7b3a6e18db7d8025e2a0a9159,896193,2896944.0,1290.0,0.000445,1,3,277
2025-05-11 02:26:37,474817e0200c9dae57b46670dabf211dfb944b986a5b88e7ff3e033ec529cf06,896193,18758.0,948.0,0.050538,1,2,195
2025-05-11 02:26:37,e31a61072af9d01481da64143405b15df68273731c739f4503a01fe1b366f305,896193,66473.0,1462.0,0.021994,1,2,222
2025-05-11 02:26:37,215c7e58a023a43f3bd5dc2ad95674439ee53248c71c27fdb389d5503d673b8b,896193,1195879.0,1304.0,0.00109,1,3,279
2025-05-11 02:26:37,c9a7a373f808ea622ff37d57c3b11c48b4a2e558a1d1426dc5a3cff222e3e962,896193,62000.0,1410.0,0.022742,3,1,364
2025-05-11 02:26:37,5388e0f6c48b0861facff906dea5b380adf5ddbe6dd2163c12717edb9fe480eb,896193,5009674945.0,936.0,0.0,1,2,223
2025-05-11 02:26:37,88d170ad57a93a70ff81759f14ed842b3714ffda60c980e6ab6705f8bb297f24,896193,5522621978.0,936.0,0.0,1,2,223
2025-05-11 02:26:37,63627c8adb375d7527ca58ab1543de15a5acc7e03123c1114a2c20e7f20c13a6,896193,989546.0,1827.0,0.001846,3,2,520
2025-05-11 02:26:37,a3839a06e3b0ba04ca7ead25d01e19a678899e02de9bcf7875317c0eb082cf99,896193,1776368.0,1827.0,0.001029,3,2,521
2025-05-11 02:26:37,2d30fa948a594f597af3211bae637db4547b8eeceeea85d4e86a932919a2f6ba,896193,11320.0,1267.0,0.111926,1,1,192
2025-05-11 02:26:37,5db814e22f4adc55f388fcbdfb8990481e2bdd98356f13dd338f6fcf7f7974fd,896193,79766.0,1393.0,0.017464,2,2,373
2025-05-11 02:26:37,7019a4b3ad41c887f29133493b2b4bd1c1069d17f71ea1db319102def5ca5724,896193,1818902.0,1393.0,0.000766,2,2,373
2025-05-11 02:26:37,a914f8896dc6d60c4ad5c052172747c39413f9b8d55b1041dcdd6167406577aa,896193,1380073.0,1359.0,0.000985,1,1,191
2025-05-11 02:26:37,12625c56168680a7e423f06e68d5a98429499a5a28e9662570c87ed853ac692c,896193,55982460.0,299.0,5e-06,1,2,222
2025-05-11 02:26:37,579a513312b8f1ebdc7279cfb508e7a2f9a40960f9b548fe6fda8fc8ad221bbb,896193,1346464.0,1827.0,0.001357,3,2,519
2025-05-11 02:26:37,c0bbd2064d64411836d37e570d96d7b0ba884432eea4c96bff354f3e28f43e92,896193,1066126.0,1827.0,0.001714,3,2,518
2025-05-11 02:26:37,7a93c11ef80ed3760599bd918d062f065cd91f0e3d5edc6e66682148b532ea64,896193,348518.0,1827.0,0.005242,3,2,518
2025-05-11 02:26:37,2688229e427bf9c4d4d6b09fc09f28b369649802784b2a55faa9a32442b18025,896193,15383.0,1245.0,0.080933,1,1,188
2025-05-11 02:26:37,f3863cf67307211d071c8716cc9970975b5579d3aba883a1d89c66f9882db28f,896193,320547.0,1393.0,0.004346,2,2,372
2025-05-11 02:26:37,ccae9d8296d30682ea915841c6a6f001397b709a3f1e68a193c6b062bd44629e,896193,695890.0,1632.0,0.002345,3,1,489
2025-05-11 02:26:37,8728424523aac47945a1f626d7b12f27cdbcbcd5821aaeb6a55c0952e4018988,896193,212887.0,1632.0,0.007666,3,1,489
2025-05-11 02:26:37,0cdfa7e46c2a81599662d39f8eec18b2f8a13762164513d5a91daa45d557936b,896193,1002096.0,936.0,0.000934,1,2,222
2025-05-11 02:26:37,9085f7bb8bcd88548508b701dce6ee21b6995918b2a0a2afb171f81514065681,896193,46283258.0,1116.0,2.4e-05,1,2,297
2025-05-11 02:26:37,60c4966b5dec315904ebf2ea5aaf43692ff090c737d10b21b11f7672746f4f0f,896193,193313.0,964.0,0.004987,1,2,227
2025-05-11 02:26:37,ea6320076ac90bb7ba9698110abe10517144a9f5d21115e6ba72e130dc65db2a,896193,96457.0,951.0,0.009859,1,2,194
2025-05-11 02:26:37,326d1d8f749fd8a0a4824b695d132f44fe839f7cde975a08b4f6fb5a25b27a3c,896193,4793033.0,964.0,0.000201,1,2,222
2025-05-11 02:26:37,fef47050857bd14f5f22865b7a8ce7d93fdad20fade78ad53ab147d0d32d7a7d,896193,4956561.0,1371.0,0.000277,1,2,223
2025-05-11 02:26:37,206f44db376e631141c58a4cb44c912c1ed9bc6763261fddba964cecb758bf89,896193,5006717.0,482.0,9.6e-05,1,2,222
2025-05-11 02:26:37,f50e674554c2255bd081f9871cd6df4d441b8c8020f7de662529b867f367272c,896193,47114.0,733.0,0.015558,1,1,191
2025-05-11 02:26:37,a50ba19dc4e69748abb717d1fb6940b6c8df2dec50a8095d6edd159f2bd004fb,896193,562555.0,1393.0,0.002476,2,2,371
2025-05-11 02:26:37,82a69d54f2456601dd965b3c5cedf3cb73e945da6e6e976d3f037f46f76cf4f1,896193,199601.0,1393.0,0.006979,2,2,371
2025-05-11 02:26:37,a5fb6a611d6b6621c8cc5c49bbc56d116a8e513eb19e8731cf93044498bf91dc,896193,1640114.0,1393.0,0.000849,2,2,371
2025-05-11 02:26:37,9e0e8a848231a940ea190a034088b24976c4005ce3969c7cf0e02a06ffb788d6,896193,1354124.0,1393.0,0.001029,2,2,372
2025-05-11 02:26:37,854d66ccf4fe4cb9c809d1654c71291dfaffcf5f3820742fa41fe5189c4c79cb,896193,445505.0,1393.0,0.003127,2,2,371
2025-05-11 02:26:37,55f561eb95475ece97ebaae3054d6445ce669e8fe075723a8ee900629c0145ab,896193,488788.0,1393.0,0.00285,2,2,371
2025-05-11 02:26:37,8fb83b22ead94a8e868757d713e45f02b770c9be41a0731beffaa4cea0b2319e,896193,205311.0,1393.0,0.006785,2,2,371
2025-05-11 02:26:37,c6acb58a9d477ebf3cdfa69e19dedfbdd68bb11038950a1f301bc5602414f290,896193,1423239.0,1393.0,0.000979,2,2,371
2025-05-11 02:26:37,9cf77208040ba092af9e9c1d1862a6b5f7f366c8a1690438e47b6ac165e3aa42,896193,19526021.0,1393.0,7.1e-05,2,2,372
2025-05-11 02:26:37,d320c9b97532719bb5f05ccde0d538d793da671a689e271bede14312654a9441,896193,107036.0,1393.0,0.013014,2,2,371
2025-05-11 02:26:37,4ac421f677a3d101c8aa6d70075cf87677cf0baf0398d5da82e4fd04f8d8d23b,896193,1979157.0,1393.0,0.000704,2,2,371
2025-05-11 02:26:37,b4204e0909ea8ab0fc20e9a812325d40bf33b2623bd021761cb2652223cff131,896193,695324.0,1393.0,0.002003,2,2,371
2025-05-11 02:26:37,f8e5ed33bb15fbae7b79140754f506ee048e7e30e9c0bc600abff4b78f928f2e,896193,8786353.0,1393.0,0.000159,2,2,371
2025-05-11 02:26:37,3738e62c197aa2db0fb7b2d6e52706e9c8dfaa8791a3be5e490f838d8cbd110b,896193,114176.0,1393.0,0.0122,2,2,371
2025-05-11 02:26:37,91a5da775216ceb65ce84103bef22f3849914d0b6283d37b16c96860a07799a2,896193,86847823.0,2000.0,2.3e-05,1,7,381
2025-05-11 02:26:37,ce8817524b72c0804d8336d16a65d7ba82c97d8b1547ef2ed70c65dc5efd299c,896193,82868202.0,2000.0,2.4e-05,1,7,382
2025-05-11 02:26:37,2a35123a64244679f7627b738354dd640c71de3f33b7979131b77f497bb0f930,896193,74104.0,1267.0,0.017098,1,1,190
2025-05-11 02:26:37,46bf8c1d2e495d1e37fe47843ec1e6a7ea05d318a5bc2bc662db9d1af83ea8d6,896193,157085.0,964.0,0.006137,1,2,225
2025-05-11 02:26:37,c5f60a01815904daf6a0ec57fd9aca9a8cead87e529cb970edad37cf5fef9ad4,896193,1575621.0,964.0,0.000612,1,2,225
2025-05-11 02:26:37,aa69db7203d839e6d0b5d88a4d0251a51d39f4fa3930a6268e937538d968eda7,896193,483203.0,964.0,0.001995,1,2,225
2025-05-11 02:26:37,47a22a7814370509615b353ca8c49667b2cd86c174265ef565b15a0f97df8aa7,896193,738535.0,964.0,0.001305,1,2,226
2025-05-11 02:26:37,8959c53a5919793135ac9bb31d0da0e90446cb1a701aef36e8c95e5210293a8d,896193,485486.0,964.0,0.001986,1,2,225
2025-05-11 02:26:37,a8331eae7517064ff4c22aa23ec82f0c3930aca08c3206b447fd72d84341777d,896193,19972.0,964.0,0.048268,1,2,225
2025-05-11 02:26:37,d05661b4a165a022c342be8d47a13ab83e5d63c8f53934bc4149af89300d795c,896193,704262.0,964.0,0.001369,1,2,225
2025-05-11 02:26:37,2c2358c891b3ad0f512b9c67ecba124178dd18639692e953263ba4403850c256,896193,393309.0,964.0,0.002451,1,2,225
2025-05-11 02:26:37,17b42a1b50a7e6f55a7ce314afe7d0589944bb38249e5ba596c9fb04f1881256,896193,1936508.0,964.0,0.000498,1,2,226
2025-05-11 02:26:37,f49705da7b5f4b3d8d8f0a220e2831b5afd81a874a5b81d2b7bcc6fc8e1f4445,896193,47469.0,964.0,0.020308,1,2,225
2025-05-11 02:26:37,4b31fc7f52eb0b1db6e19bbd860cbf0bd550278717dec3498ee37a0ebdd3f833,896193,356226.0,964.0,0.002706,1,2,226
2025-05-11 02:26:37,848c3d41a4b5474fda70deec73c36b481f8c2588a6e115459eeefccf00645b2e,896193,1685760.0,964.0,0.000572,1,2,225
2025-05-11 02:26:37,d615f7e53b2c2d03877b9568c97066fca03e3ec0dd662f1620df78497bfc0800,896193,852908.0,964.0,0.00113,1,2,225
2025-05-11 02:26:37,f2fdf91458d71d7adb070061ec6f2ef23396af1c4179c6bfcc1ccefb16fd7f37,896193,33016119.0,3228.0,9.8e-05,6,2,968
2025-05-11 02:26:37,64ea66db044b7ec1e95da2dbe338473379879e49f6df9c851187f08832dc3ced,896193,76312.0,1393.0,0.018254,2,2,370
2025-05-11 02:26:37,0379d1dce2cab1bef2a43ccd7528cc371539e8ff6d92726b6534c511895931ea,896193,7382040.0,1393.0,0.000189,2,2,370
2025-05-11 02:26:37,32177b6c72799d8711c079b5366e26b9782e0ef87f28d0b48f9ff4f8eeb044e1,896193,541575.0,1393.0,0.002572,2,2,370
2025-05-11 02:26:37,c3a7b827ace87463b02658cd4025f0e35ddc3f471fe72c71ea3a8e1490301c2e,896193,1026349.0,1393.0,0.001357,2,2,370
2025-05-11 02:26:37,0454ad3b2e57ea3ad177a8d1d1cc8c71d0768d0e86c1f9b00e8dae3e4c9d333c,896193,14734.0,1267.0,0.085992,1,1,189
2025-05-11 02:26:37,c65d46c882baab5369e7e998db8fcafc3a30ba74046b65fdc16f00215d251da2,896193,1449204243.0,1714.0,1e-06,1,4,286
2025-05-11 02:26:37,c19a42d5e1c300d567f11d1fb8665ac158111a8b58080e67481267547b625e90,896193,1449436323.0,1548.0,1e-06,1,4,296
2025-05-11 02:26:37,a31d024299bf4f282c6351f3fad70be81dfb614f474f5c45108759e679a62b81,896193,1449706402.0,1462.0,1e-06,1,4,285
2025-05-11 02:26:37,9ce5f85238686b451a09a3a1379a489c8fe030e2f00e393858493e4de1a8809c,896193,1450247997.0,1685.0,1e-06,1,5,315
2025-05-11 02:26:37,f4f1e799357e7ac3651e8e20a6462325c90f1a9731e147b246f0be727bf62026,896193,1453951566.0,1238.0,1e-06,1,3,253
2025-05-11 02:26:37,6197f79f54d8784e5f2b5c85c2a2107a21b068196e66351bed935138d7e70b7a,896193,1454057834.0,415.0,0.0,1,3,254
2025-05-11 02:26:37,d79f983e0a1f09287910290feb613ef75c58d98d963733baf08d40997e0589f7,896193,174287.0,1492.0,0.008561,1,2,222
2025-05-11 02:26:37,a2da41411dc20b7d2cd41b67c70ed74c312707266684c1bf633e1ffbcd15a661,896193,387489.0,1109.0,0.002862,1,2,247
2025-05-11 02:26:37,97594d7dc8fd0400dad93c70773c4de4e5e570ec7dab347c824190271890edeb,896193,1794121.0,1197.0,0.000667,2,1,341
2025-05-11 02:26:37,d841f8a050fc6916d187aba842eb36baa8ac2236d7b7069f330597920fae4f23,896193,486047.0,1197.0,0.002463,2,1,340
2025-05-11 02:26:37,309eb1c044a9c5e24b2df4f47002d44bd9085dfbadfb45d76c2b77bdc1507c38,896193,2276993157.0,2000.0,1e-06,2,2,678
2025-05-11 02:26:37,ffc38eda44ec0b63379479500c7ecf46148ebc01ab5dd242dd2022e4f987ade8,896193,315392.0,6078.0,0.019271,11,6,1448
2025-05-11 02:26:37,6c0b59287f12482851fb9d0d34e769a5525daafca7eb17e57cb440de7c2b8b6e,896193,876330.0,1267.0,0.001446,1,1,188
2025-05-11 02:26:37,3ff7a2d8c4ed894873486b500bf647ae43006dec935afed05f3e543ebf6bf820,896193,66115.0,1267.0,0.019164,1,1,188
2025-05-11 02:26:37,f9540739ac4ca4ac08d317514d55dbac30202d1c5a76036d0b7c4c8550d08f05,896193,82760.0,769.0,0.009292,1,1,194
2025-05-11 02:26:37,3a538efaf46c4fa451981c9f93bc0b79d80c3c4c9ea311665eb2d57a67aea96a,896193,184405.0,964.0,0.005228,1,2,226
2025-05-11 02:26:37,46a4015e07ed2b3446875910a919a087493c04d37d02ae90a55b957159eaa83c,896193,1597234.0,972.0,0.000609,1,2,195
2025-05-11 02:26:37,5a9d40c6f3872a1a8c3acaf9261421774826e8b1d8282f678a9dcc74418fa16c,896193,95086.0,750.0,0.007888,1,1,193
2025-05-11 02:26:37,759e0efb1cc0013e4a03f56dbf22d5923d5b9948476d99fdff2b4ccb1aa1f22f,896193,63120187.0,2000.0,3.2e-05,1,6,377
2025-05-11 02:26:37,247ec43c20e00304509ae7b5bb3d18769443d6197771cf2301ac663934e80d63,896193,52927.0,1685.0,0.031836,1,4,330
2025-05-11 02:26:37,266a7ad7f3ff62ad8a6ca3a7908ec29d4cfdcf1aa26aaf57d3853948f014d022,896193,548531.0,3969.0,0.007236,8,1,1232
2025-05-11 02:26:37,2df856f1a03cb2544d709d775551af1d934ec832f0f1df66d9b898ea0b8f21d6,896193,13392934.0,964.0,7.2e-05,1,2,223
2025-05-11 02:26:37,c45cf97d67ec29148dd4fa24f46f8cfb7254537449281599fcce68ab017a51c5,896193,254807.0,964.0,0.003783,1,2,224
2025-05-11 02:26:37,0e79729ea1d1554e91929c36895566dc709a78858e6c5521b2e05c6e5dcd2490,896193,137460.0,964.0,0.007013,1,2,223
2025-05-11 02:26:37,002766754e859ca1c9ea87e2bb57d6f6a5ba6b42ad29754a129fb000d06c8668,896193,484530.0,964.0,0.00199,1,2,223
2025-05-11 02:26:37,0910a90167c423a38ff3a2270114c64d06228527e792197992555c1b058b5856,896193,594470.0,964.0,0.001622,1,2,224
2025-05-11 02:26:37,c0ab4fddd92a64e130d0b0c4c388f7dc4c5f31ab94b737cc415bd54335045e22,896193,1842043.0,964.0,0.000523,1,2,224
2025-05-11 02:26:37,8f8422bca9fffd4dd4f8cd02bf0f1369eec60dde4d1fd573c18dd8f1f4c5ac09,896193,12229.0,964.0,0.078829,1,2,223
2025-05-11 02:26:37,48e49be8207630db582c490fd98d976c38705af9de52e4ecfd3b6b1f71c39b09,896193,74956.0,964.0,0.012861,1,2,223
2025-05-11 02:26:37,05e9f3f20e3bd7f8a8c33753334273704b089aa9309551e7c322fac09d5e1e04,896193,1088753.0,964.0,0.000885,1,2,224
2025-05-11 02:26:37,728e6a0e212bf23cd4660267bd4e6fa10f90ee4d83a91a9990fe3e9633bb3091,896193,95205.0,769.0,0.008077,1,1,194
2025-05-11 15:51:25,f0104397cc082c549dd71d79cc6346cbfdea8e56eb3b7079084a3ddd3c3f7f56,896277,910.0,240.0,0.263736,2,2,300
2025-05-11 15:51:25,a72479d9ef7dc957e6ed508be1e75b263e0c1157f05979fc36c6b0ecb3c5e5c7,896277,13595.0,241.0,0.017727,2,2,302
2025-05-11 15:51:25,838fd6ae90096f4b083ff216e57338143cd73a363183d2eea03f7508c417adec,896277,95671.0,132.0,0.00138,1,1,192
2025-05-11 15:51:25,8a4d2e2ab054f5ee163237fc7f4a00b11155634a930a5b25646bfe70708171a4,896277,1499868.0,132.0,8.8e-05,1,1,191
2025-05-11 15:51:25,b7b3c9e65e8c014ade5611d3a43cc1ee2101a8fb4021c6e8bca6fd054e812ea2,896277,4646508.0,132.0,2.8e-05,1,1,192
2025-05-11 15:51:25,7b60dd9f498086b368eefb72899643a42f529ff6f7facfc7229044fd0e836c5d,896277,15868.0,132.0,0.008319,1,1,192
2025-05-11 15:51:25,8817f1aac0f3eb8b701d17ccaa632019323ea4d039c56c5b9ea8636877e1d753,896277,35041.0,132.0,0.003767,1,1,191
2025-05-11 15:51:25,049d5d6994ff7721ac211b3587e29af9a9ce8f192e3fbfe061a9dd6b43ce0721,896277,3890236.0,264.0,6.8e-05,1,3,301
2025-05-11 15:51:25,0de2b64c09268778f06965bdb6fc91d6bc5b3c1bceee4df4204f365764528f0e,896277,31308.0,264.0,0.008432,1,3,301
2025-05-11 15:51:25,3db4b6a15726148420c389bfaaaeff1db7b1b85051888e92062458e4dfa2270b,896277,15868.0,132.0,0.008319,1,1,192
2025-05-11 15:51:25,887fff8c6b5e0ac8254e214473a250c7525ba6f855f354e2e01c353fa4f866a4,896277,171722.0,323.0,0.001881,3,2,419
2025-05-11 15:51:25,a262733d6b2e4902258a93384ced005235951601615bd783bf19e021dccf2a9e,896277,2741489.0,190.0,6.9e-05,1,2,206
2025-05-11 15:51:25,07bdfb988ddf4c94c0dc3f9a568e71106a91dc380d596f769ef428a704b72834,896277,642300.0,872.0,0.001358,7,1,1243
2025-05-11 15:51:25,19ddc5014b1fadd2744c44c53d6e371e627fc85e6d4af3093cf9ce03db9eac6d,896277,720420.0,414.0,0.000575,4,1,637
2025-05-11 15:51:25,611fd2d74cf0fdb975f507c929771e319c8b9d22b9fd782b35ff7ba8090c6c7d,896277,16776746.0,254.0,1.5e-05,1,2,357
2025-05-11 15:51:25,de1a9775162342b994adf8eace69b5c1776da78ccca4fdfd472b3cce17a017b7,896277,11203500.0,242.0,2.2e-05,1,3,255
2025-05-11 15:51:25,c330a6080f3a0ff55c03200acb9d9918fa77f8ade5fe525d0d4a26dc9c4f5fa5,896277,107000.0,211.0,0.001972,1,2,222
2025-05-11 15:51:25,dda223c4b91036e9489a4499d552da4966901e0c53a3df53b3b76326742fce6b,896277,1400.0,268.0,0.191429,2,1,341
2025-05-11 15:51:25,63f908103cddc7e1a738dae69bf945eb505bec6669ff9144f5a5977afbff08a4,896277,546322.0,192.0,0.000351,1,1,204
2025-05-11 15:51:25,49af4caecf24849437ffff28169e8b9e1b8d6ba0c08fb710f94df0416d175ad8,896277,31000.0,199.0,0.006419,1,1,203
2025-05-11 15:51:25,2cb0a670baff7b4230b1525787792c4cb75a3833ef2815e0f74e7f9338235144,896277,27996661.0,236.0,8e-06,1,2,222
2025-05-11 15:51:25,eb691e98007b5cf7089585120550682414b6b4e5f202ec76a6cd1bcda2be5fbc,896277,16403.0,342.0,0.02085,2,2,303
2025-05-11 15:51:25,13aba127b2817974bd029ab96f13c5ddcee333c4cd718c0d4f2aea1110b53d9f,896277,10211258.0,423.0,4.1e-05,3,1,487
2025-05-11 15:51:25,d263c57d49c8997551c8a34091ab1c39be70e320bc605e3b2e7e8cb6937dd687,896277,388971.0,194.0,0.000499,1,1,192
2025-05-11 15:51:25,9211040589e62f0529ba9c2046ff93016f31dfa42c030a6b55ecde13d8b0c7c0,896277,501088.0,198.0,0.000395,1,1,192
2025-05-11 15:51:25,a5593eda69a34ff58c8c98f9114950ad6441acde463b6e7af0204c907f2cbd15,896277,108933614.0,495.0,5e-06,3,2,519
2025-05-11 15:51:25,a402d3f9749acb94b6cc36b74b9dfcbf57a684cf312abc63bc8ba8f0976e67f1,896277,4368715.0,380.0,8.7e-05,2,2,370
2025-05-11 15:51:25,dd8e9a3684040db040f080d741ee3048e4e0f68ff724ce40edf12693bc433c53,896277,7118796.0,371.0,5.2e-05,1,2,380
2025-05-11 15:51:25,83c4881cc25e5332f3334e2018ec57e1df02f08f9ee392a72d032864c2c8fd6a,896277,48778.0,648.0,0.013285,3,1,490
2025-05-11 15:51:25,b3cc216a0ec16f33daeebc19a26fd568ce8a2df0817642ee8a0811f80848d605,896277,249016.0,219.0,0.000879,1,1,192
2025-05-11 15:51:25,5fd82740ad7396f3bad78d88e21a13cb36e96500651ccf46a46ee28b1091f91e,896277,54920.0,225.0,0.004097,1,1,194
2025-05-11 15:51:25,1fc5bd70d84656c109945ad8f0284e8e918422d360c270ab0c0f1ac81c63c02f,896277,76923.0,267.0,0.003471,1,1,216
2025-05-11 15:51:25,3a064b4e6c9254296eabfabc613002bc35d3eb3b3cd938db858dfd116a8415ea,896277,127976.0,287.0,0.002243,1,2,226
2025-05-11 15:51:25,3a3bf84305735489781dd87295b464e1d731f3afd18eed66a110c1e29e6745e3,896277,351006.0,287.0,0.000818,1,2,225
2025-05-11 15:51:25,1992c2edf1c30ff44e97f3bdb01c7c2a4337139333130cba40556d5b5f9acc99,896277,258735.0,287.0,0.001109,1,2,226
2025-05-11 15:51:25,422fed102e058ffc814d753951905d230557bd3d2364a814e37baf7c0165a8fe,896277,4051723.0,306.0,7.6e-05,1,2,234
2025-05-11 15:51:25,5196a586fb057f32438ca92ba0a447e5855a65826853079772f4c8bb2357d0fb,896277,36976.0,434.0,0.011737,1,3,298
2025-05-11 15:51:25,d577753d0fae08b4868655b2fb27d6e534543dc9b1131ad83cd071f1fad54bfb,896277,67826.0,434.0,0.006399,1,3,298
2025-05-11 15:51:25,d4e3dbd112574761b31877461d6ef24e9773bb3ca5efc9ee846cd63ab23472ee,896277,1012355.0,282.0,0.000279,1,2,222
2025-05-11 15:51:25,653c3230bc0fa364fd5d912f36663231dd20ce2b3548060808f684ed294b29eb,896277,246178.0,220.0,0.000894,1,1,191
2025-05-11 15:51:25,f07ddd58260e8e5fc4da0dce2e6c473467739b580cbc8773611fa782e375e3e3,896277,123685.0,286.0,0.002312,1,2,224
2025-05-11 15:51:25,eb679f8115e89911852ebfe09cfc6d8141c84b43c58f3d7b321eef374886a7e3,896277,586514.0,286.0,0.000488,1,1,325
2025-05-11 15:51:25,2535d78c9142eb244691bc3ebfe8b3071f33dc376af47066f6c7ecde26d87ade,896277,46214698.0,336.0,7e-06,1,2,297
2025-05-11 15:51:25,92e5d1ccd8ac1d25970c7e845b550d0e719d2c1b43f90e5427417bc13a6b93d7,896277,194685.0,434.0,0.002229,1,3,298
2025-05-11 15:51:25,f44e3144725a8f915152db65d55cda7d6fcfaaa5e35c97131ee7b1ed773773d0,896277,7350.0,226.0,0.030748,1,1,194
2025-05-11 15:51:25,f9f965453e4d7924cc0a2d0063a803d6e9ed85b3bd30b9601db2eeb6da62b6cd,896277,44323.0,434.0,0.009792,1,3,298
2025-05-11 15:51:25,aff876a087169424ed7a1a57aa5dc1e4023471a6a1bddd86e797be3c9ca8afc6,896277,647317.0,418.0,0.000646,2,2,371
2025-05-11 15:51:25,761b7b7fec7727ba850e85c63dee674c12bc4429bde5532c536cb103515881c4,896277,49712.0,284.0,0.005713,1,2,193
2025-05-11 15:51:25,1cad8d9966981646cdb1e00a1522b9dd39ed53d149dc78cd5f679711e680f3b5,896277,36977.0,434.0,0.011737,1,3,298
2025-05-11 15:51:25,c143a61b0e8141c75a660b5430522f48c0ea67a27a53dfcd030d0ef0277e75b5,896277,36977.0,434.0,0.011737,1,3,298
2025-05-11 15:51:25,0c88ded2f008436b0305d4f0bd5ceda909f33111db74155e08d4b32be14645b2,896277,96166.0,434.0,0.004513,1,3,298
2025-05-11 15:51:25,649bf61f409b6311c5dd03140ac9575e348c0ac1ae9d4fecc773dd5c43dc2db2,896277,45087.0,434.0,0.009626,1,3,298
2025-05-11 15:51:25,1caf7410b25b79244acf9d3fad307ad722f0c6df2ba5812df090312277aa3ea9,896277,95185.0,434.0,0.00456,1,3,298
2025-05-11 15:51:25,7db7d3f9676a44a428de6a0c4275cd8580461e7cc9b2ecd31cf908b1604d6d96,896277,926974.0,416.0,0.000449,2,2,370
2025-05-11 15:51:25,cc4e1ac1fbe3893f9e187c34a39c1e5b1df0f08725b0a534322563886fc1f48c,896277,157714.0,288.0,0.001826,1,2,226
2025-05-11 15:51:25,a753c3ec806562edc01680c384cb94d8e16414ffa6d820463647a81c55a3f88b,896277,54838.0,452.0,0.008242,1,2,226
2025-05-11 15:51:25,ad7f07ab4949ede8b27f9921d2a9319a5558c70e7015e76a5b3d5ad38f19b58b,896277,36977.0,434.0,0.011737,1,3,298
2025-05-11 15:51:25,b28e4cbc1e50b776cd5848f3f0d3cf25d18f02e264cc4acebc62f3c511df1483,896277,36647.0,434.0,0.011843,1,3,298
2025-05-11 15:51:25,ea71ffcded55535ec81f55135535342d0cb5c9b1e905b737e37dd7c97db12479,896277,36977.0,434.0,0.011737,1,3,298
2025-05-11 15:51:25,5d54af22a943f99bb4e78bb552ae87fd4d8c29a9e968b40a56e0ce1ecb3e5076,896277,1939733.0,288.0,0.000148,1,2,225
2025-05-11 15:51:25,9ba4e9c7a842aadf0a2c06c0d0080b4f8d3592a530184a15789116c9d593ac71,896277,36976.0,434.0,0.011737,1,3,298
2025-05-11 15:51:25,a514dbd1460d1ada2d8aa35c1510643f7f6fa6fb4ef18e0eca33227c9cb1e36f,896277,96166.0,434.0,0.004513,1,3,298
2025-05-11 15:51:25,99cb4cf633389228fa4b26a272b52ae37672048b4752861b9971f7b220e0a26a,896277,36976.0,434.0,0.011737,1,3,298
2025-05-11 15:51:25,ba19b22bd769d5596234f11153acf491b8bdb669fb9377c3eed743c39ffc636a,896277,67826.0,434.0,0.006399,1,3,298
2025-05-11 15:51:25,ddbd569b2737e3bfeab57405f40fefdd117114667bb516393bec5f66526d5769,896277,20931.0,382.0,0.01825,1,1,191
2025-05-11 15:51:25,1500118caeba81b2c6272db1491a9f46599027fbd5250bbd4295bc730aa94e65,896277,151121.0,434.0,0.002872,1,3,298
2025-05-11 15:51:25,423f5ba92f256f60678354f9071f8558ef68f2ac5f97a630c1465d74dd3dc163,896277,36977.0,434.0,0.011737,1,3,298
2025-05-11 15:51:25,d8377ad895bc93ecb4a7979d7dc04f1276c1372df10fb3942d5886ca3e6f6a62,896277,36976.0,434.0,0.011737,1,3,298
2025-05-11 15:51:25,6aaea24af3c5cc7386e53048975b83025052e8c227b5163ab34a50b0d390ad5d,896277,67826.0,434.0,0.006399,1,3,298
2025-05-11 15:51:25,415a59925dc9267a86d90be5f078a02ab51d9800215234b6c4871388b04d815b,896277,62581.0,434.0,0.006935,1,3,298
2025-05-11 15:51:25,2f4bfc6895e13f62193dc458ff6fa14e2a4c06e8fc4325dc5d6dbba5a8392054,896277,36976.0,434.0,0.011737,1,3,298
2025-05-11 15:51:25,1556681fb2302900667ec70c129e82bc548088758c51985c684045a1d2aaff52,896277,113933.0,434.0,0.003809,1,3,298
2025-05-11 15:51:25,dd9e1c0c90f606145d006d3f8733aa4f09cf65ffaee8967d984fa048b0582152,896277,54114.0,434.0,0.00802,1,3,298
2025-05-11 15:51:25,c96e6c65cc28b80c19473b081a4659d20395c9f8d7b85f6807b28a0482524a51,896277,586514.0,286.0,0.000488,1,1,325
2025-05-11 15:51:25,ed08f0c8408a666a4b8bbe8e5ca489d1b2011fc14151530d446cd84d3860b74a,896277,204059.0,220.0,0.001078,1,1,191
2025-05-11 15:51:25,55d221ca65b0ba7d24d92c5766d64cfd7c045d941daf5aee4affce05c9f9b242,896277,29116269.0,282.0,1e-05,1,2,222
2025-05-11 15:51:25,e76eebf262d771c41cebc1d69c25338eadbd5b907c96ddbc02c4bb6fe87c7242,896277,37193.0,434.0,0.011669,1,3,298
2025-05-11 15:51:25,5a370f83d67cf6b85b70ad58ce7b385efc1cfca483f19707837f4d8b4440ea3e,896277,67826.0,434.0,0.006399,1,3,298
2025-05-11 15:51:25,aa6315d16f1e0a2fe2bcb4b4faa942e7a6b64a33154b302a1a9599151066dc3e,896277,80482.0,328.0,0.004075,1,2,245
2025-05-11 15:51:25,b0689df76157c9466b7a385d4fc190502a7edbad8217831bb33b0e33b2c7c53a,896277,62251.0,434.0,0.006972,1,3,298
2025-05-11 15:51:25,6735150050739193fbd77130e9a3ae81c3bb53edcf2281cfa3b0b1f5f2e11236,896277,33258.0,742.0,0.02231,2,2,371
2025-05-11 15:51:25,9bb514450622f030ca440e130ca4dc72cdd49436f4f8cac4750df604ef181c34,896277,1934601.0,282.0,0.000146,1,2,222
2025-05-11 15:51:25,6e535d8e33774a50824212ac0da80fabb6edfe4dd0c0795077fb7bd3696ed82e,896277,66081.0,434.0,0.006568,1,3,298
2025-05-11 15:51:25,481560534b3c82bddc57b3da53e11b915dc94c2fe93dd9aa5735521a7d14ae2c,896277,90374.0,434.0,0.004802,1,3,298
2025-05-11 15:51:25,47626bef586d0cdce43f22d3831e5098b95a757c6255b904d2cd21e9d8405a2b,896277,58648.0,434.0,0.0074,1,3,298
2025-05-11 15:51:25,236490f2083d490334a7e77cba180c5173cdfeaeb798976063f672e9cf412e21,896277,66081.0,434.0,0.006568,1,3,298
2025-05-11 15:51:25,83c6818ce512307318e4ac2d70d77679be357a057940f5333be8bbcb5bd32320,896277,47204.0,554.0,0.011736,2,4,377
2025-05-11 15:51:25,19830fe44b6e4dcb9ec34d4e963ad5073c1cd80d41b3a8b01fc69bbaa365f21f,896277,36977.0,434.0,0.011737,1,3,298
2025-05-11 15:51:25,8c07a72d321de568766856a8025b8cd74c24285d80ed9f7062f1708c1dfcaf1d,896277,67826.0,434.0,0.006399,1,3,298
2025-05-11 15:51:25,71448dfc05e484327bd2578c4d2713ee25e9cfeda9cdaed013d66dc1e062c01a,896277,91468.0,434.0,0.004745,1,3,298
2025-05-11 15:51:25,ddc18f005663a69f7a85ab558424eb76265d18029a369ee936533b7c79407615,896277,58113.0,434.0,0.007468,1,3,298
2025-05-11 15:51:25,ff1b31b374ade28bf35dbf45d8cfdecd5198a8d71b53c9b23f89edc958558c13,896277,36647.0,434.0,0.011843,1,3,298
2025-05-11 15:51:25,9f30453678515376ecc4b7ca623e59378775530d57dd184af056e20619053513,896277,36977.0,434.0,0.011737,1,3,298
2025-05-11 15:51:25,2533f33bc64aaffce8badac7e4c8b1eaee36631f0f560d0fa7d09701c4af2304,896277,36977.0,434.0,0.011737,1,3,298
2025-05-11 15:51:25,40b6ccf3e7731e9321911e4e3cbb3e91ef1dc21d2022ce243564b61716181901,896277,36974.0,434.0,0.011738,1,3,298
2025-05-11 15:51:25,96d36671b5bcfd9023831c07188cc31b06578d7c0013f417c440d99bd6c90224,896277,1043591.0,555.0,0.000532,3,2,519
2025-05-11 15:51:25,e09d100b8c5a8189212aecb33aa19432c4baad4d6892fd087db9ee8117e40021,896277,1066196.0,423.0,0.000397,2,2,373
2025-05-11 15:51:25,b11aab3d87b76e46d535b0efd68ea2e6da2aaf29c924546a689d7d6148616fc2,896277,1055197.0,417.0,0.000395,2,2,370
2025-05-11 15:51:25,e7163c4b351da17a8a6850b6e9fb036a803d830e39b7e25692312ab3748d4bd9,896277,516457.0,578.0,0.001119,1,5,480
2025-05-11 15:51:25,a174802187e2e1723d598c1df21bb30c9512b3312b3e2c1f4356dfeef26bf253,896277,60940.0,434.0,0.007122,1,3,297
2025-05-11 17:27:36,ab9ab3835f646948f1a656950cd97cadccae90a718f27db28eab43d83311e7ff,896286,330.0,151.0,0.457576,1,1,319
2025-05-11 17:27:36,73a9b2a39766ada0b7b4b93b45b8a012fbf1afacf6b8e5e5b76f81f927c7e3ff,896286,351.0,129.0,0.367521,1,1,269
2025-05-11 17:27:36,35092bfc92ee4bc582316e4b1492af0ba246aa7bed53c6c5b5b5703dd445e1ff,896286,2462324.0,188.0,7.6e-05,2,2,288
2025-05-11 17:27:36,fd3d05fc4275c2e18d5e719a3636a7b952aed9fefb75890db4922f6c17c8aeff,896286,330.0,152.0,0.460606,1,1,323
2025-05-11 17:27:36,875d0a3a40d3af9b577bc2aa0a640c0e64bbc62a347002b59719ae4bea3baaff,896286,829316.0,141.0,0.00017,1,2,222
2025-05-11 17:27:36,449c93d5c73901fc340b5c3b6c2b497037a7e2c7de76040733ef617a73db92ff,896286,161604.0,208.0,0.001287,2,2,370
2025-05-11 17:27:36,62b61817f6fce0e5958a5e682a834ae9b1ef2bfc71fccf788c5830ce6eda8eff,896286,330.0,152.0,0.460606,1,1,323
2025-05-11 17:27:36,52c95ce73a0b52cc1e54f95afb89148f31702f7b96507c00eb2020dfe03c8cff,896286,39703.0,217.0,0.005466,1,3,298
2025-05-11 17:27:36,1007c5f73a2c55cea67d7b2828db872b2f4aae889e9a1eb84c8dd244881e86ff,896286,546.0,154.0,0.282051,1,1,332
2025-05-11 17:27:36,67c24aef403ae5cf0f9198c03b87d6df897559f098210306db9f620072127dff,896286,113992.0,141.0,0.001237,1,2,222
2025-05-11 17:27:36,78da2a5fa74e65568059b514eb7595fa7114223d2d7fac224989f01dc40d59ff,896286,330.0,151.0,0.457576,1,1,319
2025-05-11 17:27:36,689dad745c4eefd81ce4add99d29e1f9eb8d5cf8e8cfce21e03655f4974757ff,896286,330.0,151.0,0.457576,1,1,319
2025-05-11 17:27:36,dc03a86b150a28edf51597e210f79e328f232e9bca78a66e20d3636e3b953fff,896286,546.0,136.0,0.249084,1,1,297
2025-05-11 17:27:36,7023441a582506e83e7ddd6f8c27def137b3cef0c9c076485d76de92d12936ff,896286,23846.0,212.0,0.00889,2,2,312
2025-05-11 17:27:36,6c92e82b97c46f4244b54e78cd59174672ffd513f019940e1fa5c6bfce2829ff,896286,330.0,151.0,0.457576,1,1,320
2025-05-11 17:27:36,a9059ac66bdca379b731830810748c98a284c260ed34afa3bad006e05c500fff,896286,258215225.0,141.0,1e-06,1,2,222
2025-05-11 17:27:36,7bb2ebb23f73e13686f965bbee6dd8fa291937a075a37e8a2186e9a8a76c04ff,896286,546.0,153.0,0.28022,1,1,330
2025-05-11 17:27:36,2e8aa782d5d681b2c647ad05186d249cecb1fcec4551fdc31e5b6857c07bdbfe,896286,330.0,151.0,0.457576,1,1,319
2025-05-11 17:27:36,36bb0e4705d91fc3c0ff9058d02569cd1f639601fd742769173d522dc6f8d1fe,896286,5766756.0,142.0,2.5e-05,1,2,193
2025-05-11 17:27:36,4cbbca217e589e5fbe34a2252d64838b2f45ea2bde10915a7596ca03ebfccdfe,896286,24155.0,142.0,0.005879,1,2,224
2025-05-11 17:27:36,97fac2f16cd3f8e666c041cea7a83b9661675e0f70a6e6c0413293afd0859dfe,896286,64006.0,217.0,0.00339,1,3,298
2025-05-11 17:27:36,de1ff34e147c8a7d54f175df9cc72ebc234bb158d8deb96c3ed0758f85b58ffe,896286,330.0,151.0,0.457576,1,1,319
2025-05-11 17:27:36,a06aed45b252394330911c2f58d0c1216e589b0f7fdb30ca53849a7b34f275fe,896286,136052.0,805.0,0.005917,1,4,450
2025-05-11 17:27:36,d845d76184b4dac2c4846a37d75584f598388e63e1053fc61930d7291fcf60fe,896286,4439.0,111.0,0.025006,1,1,162
2025-05-11 17:27:36,2d50353942883cbab9a2e3cefd30f300e5abe6ee0c0b4dcfc9c3f334f8c546fe,896286,1918.0,212.0,0.110532,2,2,312
2025-05-11 17:27:36,7af54305a67ac59df1448517bfe8c93095c7436454159621de075f50e73ed8fd,896286,11862.0,164.0,0.013826,1,2,245
2025-05-11 17:27:36,de4a50c46cb7b721fdb601abdf4cea0e765a41822598fb884124f8edafddb6fd,896286,330.0,151.0,0.457576,1,1,319
2025-05-11 17:27:36,a505b8016814863c4e2aedee7581e14ad8b228fd74ae7040b785c0658237acfd,896286,14144603.0,165.0,1.2e-05,1,2,246
2025-05-11 17:27:36,1e223717b3d57bf0166e54ca1bdcba004c4bddb4857aa67c9452efd5f7e4a7fd,896286,467470.0,143.0,0.000306,1,2,194
2025-05-11 17:27:36,b583426b1b291c5ac0f1bda579edd4b397f98e8fbf81c7fcd248dc580419a0fd,896286,546.0,136.0,0.249084,1,1,297
2025-05-11 17:27:36,fae995f222cf33d8f2ba61d37222333d47ba906b7d4115a6b1d63dfc664e79fd,896286,413690.0,188.0,0.000454,1,2,304
2025-05-11 17:27:36,1ee1ce3cd7aff8e18b69fde0ea9876b5bf72c88448189b2af5df1117816169fd,896286,330.0,152.0,0.460606,1,1,323
2025-05-11 17:27:36,8a966512bcb7f97e0938b0ada450daf737ff54074d437ed2dcc6ecd0fc2264fd,896286,236344.0,212.0,0.000897,2,2,312
2025-05-11 17:27:36,00598cca4e42f7b3c862bc89c1ccfae9b5029a76b6a9ca2928ba0b64745e41fd,896286,330.0,152.0,0.460606,1,1,323
2025-05-11 17:27:36,e1bad7d3594fb2bf37f6b2eee3211301c84b0669e47df73204cfa3624c733dfd,896286,435.0,111.0,0.255172,1,1,162
2025-05-11 17:27:36,063fff93d2f89f826238fb4471361479fea99260a925b85d0c93a71806282ffd,896286,546.0,154.0,0.282051,1,1,331
2025-05-11 17:27:36,fd70d4c8921503ee27f32c3ce3af0f713047787d30d7200ba86c47d924d31dfd,896286,564793.0,110.0,0.000195,1,1,191
2025-05-11 17:27:36,74a65a784df4dec6a2d12daa2576bfa462826ca7d5540616bd1707b002abf2fc,896286,546.0,140.0,0.25641,1,1,312
2025-05-11 17:27:36,803c787786cf3ae55536c4600ac67b8c12bd4bbe28ce2eeb0d485e460444e8fc,896286,330.0,152.0,0.460606,1,1,323
2025-05-11 17:27:36,3cfcf8ff44fdb115650a17e72ddd531ff2e7c5c8a34b03d420ff14d5310eb5fc,896286,299999856.0,144.0,0.0,1,2,225
2025-05-11 17:27:36,575715981f025665df7c00025706df2a2628393ca8c9980d5a41f1fd5c6db4fc,896286,39703.0,217.0,0.005466,1,3,298
2025-05-11 17:27:36,e4d2fd5a809bfb07db86898595dac507f2dfbb0582c245b41bc369f04b6d94fc,896286,330.0,152.0,0.460606,1,1,323
2025-05-11 17:27:36,0410b032083548b8e6ffb25f4c14c2c1f18670d57de9a24a94ca9ee9904092fc,896286,330.0,153.0,0.463636,1,1,330
2025-05-11 17:27:36,8bc6baebf7e2a158a5640d9ac27ad6228ef9ea7b0385135fbf8ab5b417366bfc,896286,546.0,154.0,0.282051,1,1,331
2025-05-11 17:27:36,38336bb042e4fb08dae0669aec001ac65c6c76733af0f1d5e213b6e1072f5cfc,896286,351.0,129.0,0.367521,1,1,268
2025-05-11 17:27:36,040de903453e49924fc8ce4942c0bbf5df244c892e8d6d0f79baa8de5bcf33fc,896286,351.0,129.0,0.367521,1,1,267
2025-05-11 17:27:36,f59e7966db0f894a8c75f0e71ac1d73f86183aabba7dca667fc40f50ab3c30fc,896286,189889.0,111.0,0.000585,1,1,162
2025-05-11 17:27:36,ab5d2f284ddd719c665d9e9a70ee54f8463578e461dce6ee39b1e349a1b218fc,896286,330.0,152.0,0.460606,1,1,323
2025-05-11 17:27:36,6189b0d2f5b751885364b55c62d3fa78f5c6d0fa34dbdebff28b72c2c5bed9fb,896286,330.0,151.0,0.457576,1,1,319
2025-05-11 17:27:36,8ef6a5c4a08aabe31b58dd951ff5bd7cf21afb418d2a96f8f5464f4188c0d5fb,896286,22011.0,110.0,0.004998,1,1,191
2025-05-11 17:27:36,4db8856e9ba779348904fb80b94d5ec767ae4e28ff7b8d2d5ef29986b99ec5fb,896286,351.0,129.0,0.367521,1,1,268
2025-05-11 17:27:36,a256bd319c35036e2525eeb0948292f5ff276504306e8a181b989a00ef5bbefb,896286,8556023.0,141.0,1.6e-05,1,2,223
2025-05-11 17:27:36,a382a78a969887c1ec68c9c5ee4c31dec5ac5802982eb93bce0d9c71eaf29efb,896286,330.0,152.0,0.460606,1,1,323
2025-05-11 17:27:36,7023aafe69edeee3e432ae5ae81ed7067e5528e9006ad6b9684c5db85cda97fb,896286,330.0,152.0,0.460606,1,1,323
2025-05-11 17:27:36,07891fa253ad657a1680a9a024e3b39d90acff9c0762329cf670b0173aa65bfb,896286,330.0,151.0,0.457576,1,1,319
2025-05-11 17:27:36,0e87ea2d1e686e41ebb3d00ec13b6f9ea7a0d66afab6caa87ea37e0120bbdffa,896286,330.0,152.0,0.460606,1,1,323
2025-05-11 17:27:36,bba30335544d30c40bdb234d017425064bdf24e5ab9be1100c893b9c696fc1fa,896286,546.0,154.0,0.282051,1,1,331
2025-05-11 17:27:36,60266c4630618f273fc51a67472723c302e4239f53150ec7b2293d8bdd69bbfa,896286,11856.0,164.0,0.013833,1,2,245
2025-05-11 17:27:36,e12aeb1f6f53c650fc383d9ad1516df1e6ce1a846504d05df0efd6a70cd194fa,896286,330.0,139.0,0.421212,1,1,307
2025-05-11 17:27:36,4b77e686fcf0ca8e8e9ba538fc5de4dd891f45e78c1b45d08ce8537adfa152fa,896286,9900.0,100.0,0.010101,1,1,151
2025-05-11 17:27:36,85ef002a5d191969983e62dd3236821794205f4afe2b18cc794bc0b2ff3849fa,896286,534423.0,201.0,0.000376,2,2,301
2025-05-11 17:27:36,799943cd0691d3c570939099214490033ec09d25116591a13c086db7f19d41fa,896286,36100.0,217.0,0.006011,1,3,298
2025-05-11 17:27:36,6c9ab5f154c5a52f73e1d4e4cc2171a7a1922b6996d5e1d4497a76b8c719dcf9,896286,546.0,152.0,0.278388,1,1,326
2025-05-11 17:27:36,4bd7a8a90adec757ae47e4ab84c611c22494f64847c5d585071d8cb379f8d1f9,896286,330.0,151.0,0.457576,1,1,319
2025-05-11 17:27:36,e53d91783ec53a8cbc1ac65eeda8e297158a84a8d5733e5a922ea22d5aa5d1f9,896286,1605784.0,181.0,0.000113,2,1,343
2025-05-11 17:27:36,a1b2c6d3e00c07ed7fc2eea46aed43abad250cec1cf9f61a00ae2065584ec7f9,896286,546.0,154.0,0.282051,1,1,331
2025-05-11 17:27:36,f30ff5ebd4323e16f5aaee3e6cf19182faed986a280c8590afe6e1421371adf9,896286,330.0,151.0,0.457576,1,1,319
2025-05-11 17:27:36,147d19cd7c4ecfca1849a03516d0ab0b8cc04a1a684274c2f5071984a9788bf9,896286,546.0,151.0,0.276557,1,1,322
2025-05-11 17:27:36,248965d2fdd944b882faa2c7f69d9f7b0ea67cd2f2f789f7c776cd48553f86f9,896286,39703.0,217.0,0.005466,1,3,298
2025-05-11 17:27:36,aa76c14458928463141fbf5d72f677277c74dbf2be5d41d79c857bc3bd672bf9,896286,330.0,151.0,0.457576,1,1,319
2025-05-11 17:27:36,790c545e4c4f35bf465630ab5f9a279279e2adb57d315917f610e8545c5409f9,896286,330.0,152.0,0.460606,1,1,323
2025-05-11 17:27:36,d4489b85029b0d21786f09f7bf5235fab777483c3bf7d409a5075f54439ff3f8,896286,74999858.0,142.0,2e-06,1,2,224
2025-05-11 17:27:36,7902615b62c40995a2e60fa2c3acda36bf0909930a1a9646cf7ae5d12227daf8,896286,39703.0,217.0,0.005466,1,3,298
2025-05-11 17:27:36,5f471bb7475c67c0458ed2bb867fb6cc14b4fbd5cd6663ed5ecd80294189c0f8,896286,228824.0,176.0,0.000769,1,2,257
2025-05-11 17:27:36,5fe508ff32b0f19dec4a11f17e02c395bccd2f1b2955bc9522b6a930f520a4f8,896286,865702.0,1207.0,0.001394,14,8,2332
2025-05-11 17:27:36,62411e692900518d5891f641669ca054f5b1133918fee1b3c495701f6ff68af8,896286,330.0,151.0,0.457576,1,1,320
2025-05-11 17:27:36,d11c227993a8577c4ae46dcc61de57bdf8a34c3946036e398d03845dd10645f8,896286,553827.0,1108.0,0.002001,9,9,1831
2025-05-11 17:27:36,6b82c0aacb2efdbc5e9692128cc2ed6c9fb239bbc554520d700f8f3d165533f8,896286,29999890.0,110.0,4e-06,1,1,191
2025-05-11 17:27:36,5ca5f8c35812b44dd2378b6b21f71fd583d3a45d687bc218aee3b3c9e1fd08f8,896286,330.0,152.0,0.460606,1,1,323
2025-05-11 17:27:36,dbabb3b1e3a931a085da5532821d20dcc207d31bfabc259691d16ef675adeff7,896286,351.0,129.0,0.367521,1,1,267
2025-05-11 17:27:36,1880dbe363c06846daa4110e12e6692272dc2a65555b348ca296d9713507dbf7,896286,351.0,129.0,0.367521,1,1,270
2025-05-11 17:27:36,c65b529fde46a7df3eca1f2eee4ae05011286b5ac156255e60b273ab022ba6f7,896286,39703.0,217.0,0.005466,1,3,298
2025-05-11 17:27:36,7efb3996288ef8d8efde1376adc8302af45b137192d9a4c56817bfa79c4e88f7,896286,351.0,129.0,0.367521,1,1,267
2025-05-11 17:27:36,92d7c42da2d97e9a35407a4deb53880d15b81207ca6db9247ad177aa3bd539f7,896286,330.0,151.0,0.457576,1,1,319
2025-05-11 17:27:36,41fa28f8ba5c56ef4965c177e29e394a8a470460ee7b51cbd2e0f7f95ad008f7,896286,330.0,152.0,0.460606,1,1,323
2025-05-11 17:27:36,24560394cdb685987e201d5e951bba6ee819dcd3d695c584dab7fd5677f507f7,896286,39100127.0,142.0,4e-06,1,2,223
2025-05-11 17:27:36,17c3432494d3867c220c493b55d30c420cfa33a46b8fc5f89d88e6f4f565f3f6,896286,330.0,152.0,0.460606,1,1,323
2025-05-11 17:27:36,f88adb8f10ab4ba78a4df913b3e2c9f0f8bb41b62ba3f5eaec37ad656302def6,896286,157749384.0,154.0,1e-06,1,2,205
2025-05-11 17:27:36,b4dd9a14b7bfeb4dedcc8b8799bb5231229a563fbb1b651786f07a792dd9c7f6,896286,468792.0,208.0,0.000444,1,3,289
2025-05-11 17:27:36,834be87c23e533780797c1ab3c25a0514c58c19e37f2e420fdbb467d63ee9ff6,896286,11759.0,217.0,0.018454,1,3,298
2025-05-11 17:27:36,7076b57acf2a19cd90c00215ef5d3d31f5b7eaba80c3df08738c4a67ead185f6,896286,51834.0,141.0,0.00272,1,2,222
2025-05-11 17:27:36,9c9b4cb26eea6f41b2ef02a1c5815a1eaee5accc8d1a4ccbf7b5196f04596ff6,896286,330.0,151.0,0.457576,1,1,319
2025-05-11 17:27:36,fd6eb48b157f90d9e0134ecdb9fe45491996d7d5218c129d669e2256c6b654f6,896286,351.0,129.0,0.367521,1,1,267
2025-05-11 17:27:36,ffc771d5ec76fc58b51d65bbb7e4bbcb4747c265fed39242026f3086cbaf52f6,896286,351.0,129.0,0.367521,1,1,268
2025-05-11 17:27:36,2a054af668b5201aa447816acf176ce0a834eefc6da03698ded38444f4954bf6,896286,999823.0,177.0,0.000177,1,2,259
2025-05-11 17:27:36,c11693f35f355d07717bd6bac72e0674c2917f2bb21679992c38a11e3da03cf6,896286,330.0,151.0,0.457576,1,1,319
2025-05-11 17:27:36,1b07c44132ce8b9d2d228f2bc109b84324bda482adff6376364ed0327c523cf6,896286,330.0,151.0,0.457576,1,1,320
2025-05-11 17:27:36,d1bd3101c75ba0cc13656529acc05fc6459aefe5a1f7c89b9857d30bbe5c38f6,896286,330.0,152.0,0.460606,1,1,323
2025-05-11 17:27:36,ef9390cf0c0472660d0930a13385a723fe2d4f20ec6fefd8c30ad88d2351e6f5,896286,150837.0,144.0,0.000955,1,2,226
2025-05-11 17:27:36,853d8d1ae38925e1e5b9c43cc062470f312125aa17fae3e2667d310cbb1dc7f5,896286,351.0,128.0,0.364672,1,1,266
2025-05-17 07:10:42,5e57da3d55194e66b73bb2f50d9fab2e8671e49e17180cc28e4b65182c2dfa79,897072,85465.0,260.0,0.003042,2,2,417
2025-05-17 07:10:42,546439a9aecb1a5581ded3b23084c6fb8589fe37c82efe5f6ae666b23529c57f,897072,8946822.0,145.0,1.6e-05,1,2,223
2025-05-17 07:10:42,669a6ddb187f88bd6a798f80ee01a8a5d8a7a2740a69ba6a374b8fba7becbf45,897072,25421975.0,214.0,8e-06,2,2,372
2025-05-17 07:10:42,0a80bf8ec12dd75caba02d8370d948e672edba018c4228a1dbc18eda15987d57,897072,2470779.0,150.0,6.1e-05,1,2,228
2025-05-17 07:10:42,0a33d8e296909c489ade3b8f72303c55c4941126c068bd9b29846663ff6d0b47,897072,327571.0,150.0,0.000458,1,2,228
2025-05-17 07:10:42,3b23444341f0e04be13aa5aa578da716263debe853dc8091e13eb551584bdd9c,897072,1193.0,198.0,0.165968,1,3,245
2025-05-17 07:10:42,e46807a9e0ef17071c7e903b354c1af24d6aba8ec83085ceb0248a57fcf1729b,897072,14804.0,196.0,0.01324,1,2,357
2025-05-17 07:10:42,bfc215813d20f620da6f93b3663a902f61b0b51d05a9f5f71a6ec7c1663601eb,897072,1353.0,183.0,0.135255,1,3,259
2025-05-17 07:10:42,bd7eee3be24256a50099b33d0bfaa7e5f48b9bdceed810e3eddc95b0b5482a79,897072,1536.0,151.0,0.098307,1,2,228
2025-05-17 07:10:42,d4c5ddb7fbf19e443c3161a03cde1be27a7e04a4d5bdef32102b74067efb2dea,897072,1687.0,151.0,0.089508,1,2,228
2025-05-17 07:10:42,2f1b70e8938d265e2e111eca13db2024e7f625b1b9697c05c1ff5129a22c099f,897072,1838.0,151.0,0.082155,1,2,229
2025-05-17 07:10:42,d2c70aed29fe0634da5d11986a83689000358b52f08dd7ecf96fd08add2068a5,897072,1989.0,151.0,0.075918,1,2,228
2025-05-17 07:10:42,e2b302be5c56caf2333aff056a82a16d804aa7349b887953871c2f8296b3795e,897072,2140.0,151.0,0.070561,1,2,228
2025-05-17 07:10:42,0c447991e6b3b76b26c547c8df66a4999db7f3ef3f04282b78ffe470a1c04ccb,897072,2291.0,151.0,0.06591,1,2,229
2025-05-17 07:10:42,d8654312054f728fa7f3b1041654d76bd07035fcf871e69103e5a98049cf041c,897072,2442.0,151.0,0.061835,1,2,229
2025-05-17 07:10:42,bba709deda4dac89757a395ceb7ff30e4c082ed32bf807daf04e69091304d1c7,897072,2593.0,151.0,0.058234,1,2,228
2025-05-17 07:10:42,7b5ff801acecbb38641fc55be2873de40e2283b58870d40b03763e4665f5f8b3,897072,2744.0,151.0,0.055029,1,2,228
2025-05-17 07:10:42,a07cf8139d457bf1518ee7b716413b69ad217157986ec6867151467b50026ca4,897072,2895.0,151.0,0.052159,1,2,228
2025-05-17 07:10:42,748d599b27179cf79bb8a4cac5042b463035591903baf2b07fe8ca7155e63c94,897072,3046.0,151.0,0.049573,1,2,229
2025-05-17 07:10:42,70c6c77abca41ee8a597750d7bc73bf762de9803b79f51836b0af72fb89165df,897072,3197.0,151.0,0.047232,1,2,229
2025-05-17 07:10:42,c85ec72518133f2fc802f7f4b7dab9a7665822bd970f387f7b9a773608cd8d02,897072,3348.0,151.0,0.045102,1,2,229
2025-05-17 07:10:42,1a7713e3881e9da89247d9965b2fcb17dbf66f719496933323df0406c05b5fe0,897072,3499.0,151.0,0.043155,1,2,229
2025-05-17 07:10:42,59df9deff8e35a5b534529678585490bc66da48328c00fb7f708ffb47c8d1ddb,897072,3650.0,151.0,0.04137,1,2,229
2025-05-17 07:10:42,7a9f3cff19eb9b74aebf2811657d1b43efedefe191040e35781eb79170ff27e5,897072,3801.0,151.0,0.039726,1,2,228
2025-05-17 07:10:42,9b1f51d41ffdf9a2125294a2dcd6e72437369e36da15ebf5514018d9815d854d,897072,3952.0,151.0,0.038209,1,2,229
2025-05-17 07:10:42,d7f553e2ecfe8ceb2ccb57d3c56b23f6fa474e1ca1ef90c1c88ec8006f2819c8,897072,4103.0,151.0,0.036802,1,2,228
2025-05-17 07:10:42,355f25d8c51f7083c044345b1b1e14c3af73f8c9709cb730194b396a752a20ce,897072,4254.0,151.0,0.035496,1,2,228
2025-05-17 07:10:42,154a5d4773e1bb6ed863b87811c54cd08b46320f31ded46a4c9a4c5395b06f23,897072,4405.0,151.0,0.034279,1,2,229
2025-05-17 07:10:42,d810913cf542e2e22a61703537648becc814cad807ee46d3c9c909b760fcff13,897072,4556.0,151.0,0.033143,1,2,229
2025-05-17 07:10:42,5de07fe203e92affaa162679c19b3c5e3bf4e15c9caa5c034d8945b20c3e8c9d,897072,4707.0,151.0,0.03208,1,2,229
2025-05-17 07:10:42,2ad64ed5af3b6b63ff0f97b9c56bcad32c079e22fb2fcd33fcdcab8edd4f1a77,897072,4858.0,151.0,0.031083,1,2,229
2025-05-17 07:10:42,447039d1b75c37fbe7f727587f1912c8996082a398519983c4a19f2fc36efd16,897072,322962.0,2592.0,0.008026,18,43,4009
2025-05-17 07:10:42,8869d9d297addc9205aa44a34eb5ff99a36e069a0aaa818ca6d33bbf02080e66,897072,80176.0,145.0,0.001809,1,2,223
2025-05-17 07:10:42,94ea260d4c24f198f0f61dda19fd1971eae70f5d2c9a931cb7ee5cc5c5dcf1d1,897072,213735.0,289.0,0.001352,1,2,283
2025-05-17 07:10:42,fe2ac6a31ca41998b251c31401cfa6dd0001764ab87da6530f24bced3a3fddf4,897072,1214187.0,144.0,0.000119,1,2,222
2025-05-17 07:10:42,07c4e490e3efe7a5b295d1ad30973cd44e28497db78eb3a56cf81896e59ffaee,897072,10925300.0,144.0,1.3e-05,1,2,222
2025-05-17 07:10:42,29db28d8f4b0b71e73c72f1e999faa566138c530e25c1602482725fc0091d8b7,897072,576266.0,144.0,0.00025,1,2,223
2025-05-17 07:10:42,a5b89f3d2c5dad2299ea4c2d6995199be3d94a0af82fa4d450e2cdc3f8b941bb,897072,624722.0,144.0,0.000231,1,2,223
2025-05-17 07:10:42,a36799eb290fb6a6b5f2d5f0bd7a4fcf11361795d81f05ec6b7abbd80df7f39e,897072,290673.0,144.0,0.000495,1,2,222
2025-05-17 07:10:42,6e116f56e91ad6bc1f7cd6a346d92bbbc775eec1f4fddce62e447e35ede48f83,897072,79141.0,144.0,0.00182,1,2,222
2025-05-17 07:10:42,14898a6d338fde9dbbf1ba4d00a9c1a3fa4e44898aed453fcba637dfda2c8b7a,897072,5588492.0,144.0,2.6e-05,1,2,222
2025-05-17 07:10:42,67c7443b1386c851bf719575dea9444a8035e2372eb5716a0c42e8c5107c9a78,897072,238730.0,144.0,0.000603,1,2,222
2025-05-17 07:10:42,a7a8c4b161f1f0215df2aa94a7187b537fd0a750a1f03b2fc095046f0d31e36a,897072,673179.0,144.0,0.000214,1,2,222
2025-05-17 07:10:42,8f57bc497c6801d1892954143d91ce5b48bdeb73742b0255bd922653c884b454,897072,10887147.0,144.0,1.3e-05,1,2,222
2025-05-17 07:10:42,675cc822440c404c40e9fae8eb353e88282c90a2104928673543f50bed11fd37,897072,1971372.0,144.0,7.3e-05,1,2,222
2025-05-17 07:10:42,80990459eaf8073232f982e9377461e327530c65772f55a83c2a71ba6f38c91c,897072,15168856.0,144.0,9e-06,1,2,222
2025-05-17 07:10:42,783349595877e7582514740bef509e413fdb99121771bb35a412cdd9ed429619,897072,1792.0,144.0,0.080357,1,2,222
2025-05-17 07:10:42,d5a59dfb9a33f7422fa5e578d242837e817290988eb5e1611224c8acaad2fe04,897072,20157.0,144.0,0.007144,1,2,223
2025-05-17 07:10:42,10a5f86ab77268f9825f3f89513ec051bbec0bfbf5858cfdbdc835f5ce243650,897072,175463.0,46627.0,0.265737,673,1,99641
2025-05-17 07:10:42,59e7831e6b75ebfaea2aa864c1114245f3af9a96bb92db823de4af0e6f31abdb,897072,29118.0,182.0,0.00625,1,2,337
2025-05-17 07:10:42,1cb2783f0b0c129ea22eb60a2c3f3a0ed6a90035d8b71e8adbd1f9a8a038b5c4,897072,29630.0,182.0,0.006142,1,2,337
2025-05-17 07:10:42,ff0e27347478d97956de1cb45aa31f234fdd8b654d2f2890d12e22012958926a,897072,30142.0,182.0,0.006038,1,2,337
2025-05-17 07:10:42,f37f8c3ca1e2d6a1c6ff6baafb9f2a05a215c08a361ad64627f9df8f07d20d72,897072,30654.0,182.0,0.005937,1,2,337
2025-05-17 07:10:42,0493ac70538c3d08dae15f568a027dc1026834fa40cb70073df640c0f6190aa3,897072,31166.0,182.0,0.00584,1,2,337
2025-05-17 07:10:42,a260ed09e5227f21a75faa99f4eba1b03f8b029e95e748287e7d4863b1914a65,897072,31678.0,182.0,0.005745,1,2,337
2025-05-17 07:10:42,42d1ad312dffa7000fdc90c3ba0baef73422e43e3a76b584e388bbe0274e5a5f,897072,32190.0,182.0,0.005654,1,2,337
2025-05-17 07:10:42,6e62fc2f685d3079d52ab8b958514141ec6cb7acc22bc30dacd87dfa1afa140e,897072,32702.0,182.0,0.005565,1,2,337
2025-05-17 07:10:42,aa730f7a4bafb5a8fabdcdd0f97c5914492649f392693d7d16038dc923b7a57b,897072,33214.0,182.0,0.00548,1,2,337
2025-05-17 07:10:42,980242b1337e1267dce7e275c1f811065a249ec19e34c1579ce279a6dbe1e493,897072,33726.0,182.0,0.005396,1,2,337
2025-05-17 07:10:42,4813a5f873b7dd6df30b48f0c81ca4f66047351fdaacfa2ed715048278308e84,897072,34238.0,182.0,0.005316,1,2,337
2025-05-17 07:10:42,296531d3bbdf93295b80074d73f6b59be6f556de3c096a44432806a13ba3e98e,897072,34750.0,182.0,0.005237,1,2,337
2025-05-17 07:10:42,58e760ea944a156262038940940459d3a672a86de87253db88ca8562f4570801,897072,35262.0,182.0,0.005161,1,2,337
2025-05-17 07:10:42,aad2ec2a3930a72455bd3f32d2f86fb7c5f0573113e898306c06f4b40cfd08ea,897072,35774.0,182.0,0.005087,1,2,337
2025-05-17 07:10:42,9f8c88d70f41a8931022b96e238936fb6db5d0151e28b69341be565f4e9b25d8,897072,36286.0,182.0,0.005016,1,2,337
2025-05-17 07:10:42,0b7ab3d0e3264b310c8c7c96a275bbb6a9189f489f7b52c0ca01281e8d958225,897072,36798.0,182.0,0.004946,1,2,337
2025-05-17 07:10:42,2d1d12a3b5051710a2f643c08f6725de49ec87880b2aff96781cd410c7bb322b,897072,37310.0,182.0,0.004878,1,2,337
2025-05-17 07:10:42,c27f6d01e126235117725405e994f9ba9d10036e18f813f9f7ff8e2fbd048d00,897072,37822.0,182.0,0.004812,1,2,337
2025-05-17 07:10:42,2858ac7117a2b14ea65dc898a183c4ca7591c19956754d25e2ee65e987be5f68,897072,38334.0,182.0,0.004748,1,2,337
2025-05-17 07:10:42,122e63e8da9b63cd131620e7be68245c1ed5ce94c4812f4306802829910a9520,897072,38846.0,182.0,0.004685,1,2,337
2025-05-17 07:10:42,e13013b8c84bb5941c3d27b7f067f8c610a10b9f7a2fcfab429eee732429b1be,897072,39358.0,182.0,0.004624,1,2,337
2025-05-17 07:10:42,01e218dccf303ba8df5b68bdbd4f8a01cef342e4bc28059b09853ee3a482051c,897072,39870.0,182.0,0.004565,1,2,337
2025-05-17 07:10:42,0a4bbfd14a8297c0f9592ef55424de0f3fc662ba07ff3cd56580a86b4c33a075,897072,40382.0,182.0,0.004507,1,2,337
2025-05-17 07:10:42,d3368ebe1e9ea84fa9c63b1d931b5e9db8292b7091577ce99be8d50157094b4e,897072,40894.0,182.0,0.004451,1,2,337
2025-05-17 07:10:42,f7fceb466c01bd4879c745ed36fbf6b7f2a42f8862c25e4cb78bc76bf1672edd,897072,43476.0,145.0,0.003335,1,2,193
2025-05-17 07:10:42,2c297f9147cdb293095977fe81ffc838aca6a1ccfa54ea53a3cd07425268e682,897072,31584.0,182.0,0.005762,1,2,337
2025-05-17 07:10:42,24c830a871970c03a88f234a80151eff6a690af3c2b085e58f412947be37b4bc,897072,32096.0,182.0,0.00567,1,2,337
2025-05-17 07:10:42,1fca41c383847e989e5193c3dc3a24a0aa624fd9060bcb51833b7bdd315b996c,897072,32608.0,182.0,0.005581,1,2,337
2025-05-17 07:10:42,4b3c4dc77164902cafe43b3f04d435a4bc9fadd0d6b8a219e1f5c9aa3164e68b,897072,33120.0,182.0,0.005495,1,2,337
2025-05-17 07:10:42,1a135f18aa6f50a2c5f61d685a5be0669870ed4ec1a55fe7263301749d3f7deb,897072,33632.0,182.0,0.005412,1,2,337
2025-05-17 07:10:42,75623443ec6e3ab34fa54e5eefb9b71ee49dc0aefa8b7f665933ec14114d0ca2,897072,34144.0,182.0,0.00533,1,2,337
2025-05-17 07:10:42,a9c7ba66422625f14fb642f7b575ef163f019edcd60fe059b5cf2740be2138e7,897072,34656.0,182.0,0.005252,1,2,337
2025-05-17 07:10:42,27dbec37b1fc7cd256a14a3cf61453b16baa9c6b3cabc88c813dbc74fa73d519,897072,35168.0,182.0,0.005175,1,2,337
2025-05-17 07:10:42,6b728ed8c0dff25aa64d2ce80b1a711e3341572b8683b06322002b797949122e,897072,35680.0,182.0,0.005101,1,2,337
2025-05-17 07:10:42,68e9d112e0118b7ab52148d0642673a154908d8ff943dfe6b21af481e9d56daa,897072,36192.0,182.0,0.005029,1,2,337
2025-05-17 07:10:42,217a15721136b9b674fa1e595e80c5b08c87fadd20e2632898f2dc54b4c532d2,897072,36704.0,182.0,0.004959,1,2,337
2025-05-17 07:10:42,9d0628abc7c63564805a6152646bff9f81ed0550e65c4c91d1317aa5b1f0657b,897072,37216.0,182.0,0.00489,1,2,337
2025-05-17 07:10:42,c268d0cffb3bfbaac07ee8065f705125c91db2501eedf8378509be8a3a900a1d,897072,37728.0,182.0,0.004824,1,2,337
2025-05-17 07:10:42,d170b0da4ae679c885422ff80bb5a473c620a93e6e14507fd94d143889b0e617,897072,38240.0,182.0,0.004759,1,2,337
2025-05-17 07:10:42,9a4e6a7bf64b0e22cf45f208cf3ae2a82887d324ce9901e5051db725fcc244fc,897072,38752.0,182.0,0.004697,1,2,337
2025-05-17 07:10:42,477c99bcb18954114fc9e52d7dfb9cd6616cda2e8b193afd6b4ad7126802cd44,897072,39264.0,182.0,0.004635,1,2,337
2025-05-17 07:10:42,09bf5b8e5837e5311b1e06a2fee6e5c8c088312d0e8952a81bdf15018ac24c5d,897072,39776.0,182.0,0.004576,1,2,337
2025-05-17 07:10:42,d5e8962e189cbd816086e9f7f20e8b8c5a326aa1bbf68ca1c831fc2f935ed771,897072,40288.0,182.0,0.004517,1,2,337
2025-05-17 07:10:42,8dbedee9ad0b7ab74d10c1a7944d5578b65a763a2cd0ac4e83c3944255d94582,897072,40800.0,182.0,0.004461,1,2,337
2025-05-17 07:10:42,64942e4e14aa0e6240846f32c555f946df910588cc8f6591f9d714df8be9e3c4,897072,41312.0,182.0,0.004405,1,2,337
2025-05-17 07:10:42,04dd0fbf869d907cf1b2f2450c4db67557b09af07f82d518f000f1809bcefa1c,897072,41824.0,182.0,0.004352,1,2,337
2025-05-17 07:10:42,673dd44079905834c05491d7f3b4b74ae1f3d0037bd51bb4a7127f015f3a0148,897072,42336.0,182.0,0.004299,1,2,337
2025-05-17 07:10:42,a6751168551f90809f70703f8eddb30de957237f326491b4f65bb9519bac976a,897072,42848.0,182.0,0.004248,1,2,337
2025-05-17 07:10:42,97b30fda4b69ade01e25c21f717543b715ccb3d41ea38da5a1907e8463e6a7ca,897072,43360.0,182.0,0.004197,1,2,337
2025-05-17 07:10:42,ffe1079a12159ae5975dc31695956236c747a57155c3d67ac9bec48596608345,897072,45942.0,145.0,0.003156,1,2,193
2025-05-17 07:10:42,735b0b8d92d86dd1be85b8401c7ae044ae3e18510ad945dc06990d72fd80b664,897072,21866.0,182.0,0.008323,1,2,337
2025-05-17 07:10:42,8834fed97287efdae92e6d4b7bbf5c8478fb30457c281c0ef9eb6ce48ee5da38,897072,139405.0,1610.0,0.011549,1,4,451
2025-05-17 07:10:42,6acd7e946aeba98d057adf15be173e08b22086dd7d88ac3301d888ce53d14938,897072,6740.0,198.0,0.029377,1,1,150
2025-05-17 07:10:42,cbd392e45bbc2ca769820a1ab709b85f46afbcb8c1cc559bb01eb682adb20d37,897072,49058.0,424.0,0.008643,2,2,312
2025-05-17 07:10:42,f7049952e30c5bd61a85d37db15a0fbabddcb7b86915fd6964d4c818743d5e34,897072,4209355.0,696.0,0.000165,1,7,539
2025-05-17 07:10:42,9862e70187cf34b3ceb9413402674037ca455eb51d624741e0dff2994f8c802b,897072,154400.0,308.0,0.001995,1,2,205
2025-05-17 07:10:42,a2e919d82028abc9b235b2ea1bd3603e20db7032755191e7d9bd6b83236b4c2a,897072,246459.0,1610.0,0.006533,1,4,451
2025-05-17 07:10:42,4191a43493627d07ff9819d2965e1d50aef7cb6f1da32388bea1065ffb9f7729,897072,85066.0,284.0,0.003339,1,2,193
2025-05-17 07:10:42,8653ee0c19539a3a906c3ca5cd7c8b6684a7fe4e24b77431755ef38e69908428,897072,546.0,304.0,0.556777,1,1,323
2025-05-17 07:10:42,ce6ebae9360e5b680502c72ae8896f1f4732165e03088609a45225cdf89d2691,897072,16245.0,308.0,0.01896,1,2,205
2025-05-17 07:10:42,edeaaded93c87c06784e2e621ba61a2c0cd2380baef63f2c5bd3c9030de30825,897072,71301334.0,282.0,4e-06,1,2,223
2025-05-17 07:10:42,4953749c293ea8abe02d40d53239f210adf65fda1e05eea9b3b18a68d5953422,897072,84821.0,282.0,0.003325,1,2,223
2025-05-17 07:10:42,295dd2dd9d59835e289a2b9ebfeb41c8dd67dbfcfadb9ed0dc134065249ec121,897072,129249.0,308.0,0.002383,1,2,205
2025-05-17 07:10:42,31f6d8c93b07a20bbd3f797310bb75f266483ea8ae07058e7cbf4f587c505f1f,897072,546.0,304.0,0.556777,1,1,323
2025-05-17 07:10:42,2d89539ff2ad92c7f30605b0e6657ba3daf252f7d2d35123e6acb6984d6e185e,897072,23189.0,308.0,0.013282,1,2,205
2025-05-17 07:10:42,9514db80f1121430fdcc847702725ff43d8c55135caff31f848875496beacf1b,897072,60617380.0,282.0,5e-06,1,2,223
2025-05-17 07:10:42,5e94321ce2ef096acd26aa4a9912a03cacf9ee5a65e5ab1f18d58e6007582e16,897072,546.0,306.0,0.56044,1,1,327
2025-05-17 07:10:42,0dd329ddcbd6739a7a541b0b392377e1aa99a9b962b90786bd2a99d08d3fe014,897072,2533171.0,226.0,8.9e-05,1,1,195
2025-05-17 07:10:42,2bc435242693e59a9f6636d8ab7d574eed4bda8ea34826270d4b2e6d423a300c,897072,23391.0,308.0,0.013167,1,2,205
2025-05-17 07:10:42,3b94fa5ad89464bd2a783a906077b63d655e1e6c60012d3432a62cf46800a109,897072,601559.0,198.0,0.000329,1,1,150
2025-05-17 07:10:42,3ef208c0c56a27a35fa04cba7f6880260773ca195eb3ea1090fb838d9de06b06,897072,546.0,310.0,0.567766,1,1,336
2025-05-17 07:10:42,51fa6aa0cac939e21fae1047f5e616ab0f01493207e7012f7712bf748a42b82c,897072,21776.0,308.0,0.014144,1,2,205
2025-05-17 07:10:42,f19d8a709262b4ba677f2e3f775943a843c9ae9fd533e3cf84d75f7c7c12c802,897072,90349.0,308.0,0.003409,1,2,205
2025-05-17 07:10:42,634865bbebeb1f8642b4bf263e24e8b09537471ffeff9c4fb37616294168d4cd,897072,148625.0,1174.0,0.007899,4,7,879
2025-05-17 07:10:42,076e6230993b7b7589fc045848eb8757f37e11d61ac6dc120725e6962e75b44e,897072,42734.0,764.0,0.017878,5,1,783
2025-05-17 07:10:42,a12c642595b8943894b0b1708e648d86965c10ffd40c0231e752e497f3e1bbcc,897072,1509370.0,570.0,0.000378,1,2,284
2025-05-17 07:10:42,204e2f2f3a09ac2756772497312cd2f30ec7bf5fcb92d2f69ec21d9d1b411a18,897072,12038386.0,404.0,3.4e-05,1,1,200
2025-05-17 07:10:42,936d83b3257a028e0d309c408aa166f1f76ac5a1a3e2d9a193a2d13354db6c94,897072,19036.0,224.0,0.011767,1,1,191
2025-05-17 07:10:42,c8184813a5eba7755617705efe3909605535cbba86ba33372ef519c634d4a124,897072,79245.0,212.0,0.002675,1,1,153
2025-05-17 07:10:42,1ae6b10da9d23d88ce756ccce07c330698ab3f2803af5eb0988683bd2da4dab6,897072,467712.0,288.0,0.000616,1,1,267
2025-05-17 07:10:42,fff2a328e2d09eea5c1dc9289e92820f4ce58b45d0aac55230b3e408b52f22a8,897072,467712.0,288.0,0.000616,1,1,267
2025-05-17 07:10:42,c0fa728710260907432434f860981992aec0f573a1a4aa7124c7f6624eea6b5f,897072,467712.0,288.0,0.000616,1,1,267
2025-05-17 07:10:42,63dab80c83f472318c626cbf982af5d3bd5d296b60f4b2e41669190218e55c1b,897072,467712.0,288.0,0.000616,1,1,267
2025-05-17 07:10:42,ca1e2e82131f3b9d184e1bf1afeed9a8cf6ed0e88776b93170becd56a97dd9e7,897072,240733.0,257.0,0.001068,1,1,204
2025-05-17 07:10:42,ff24b9d9f5971a6cfc4cd5965d9eeef69826ab22481a6097fb6fd5575f17937a,897072,985499.0,465.0,0.000472,2,2,382
2025-05-17 07:10:42,dbdbedad96512b509b9595f7fa01db43a07631de5339f0ba74392f6eaf7804f9,897072,652725.0,1060.0,0.001624,4,6,702
2025-05-17 07:10:42,c89ecefe778592d148527afe7060301896219ce0e20c9425bed20d577275a9ef,897072,563229.0,1060.0,0.001882,4,6,702
2025-05-17 07:10:42,d85ff6ad3aa78609f48577f608edb5fc3ceb15e2a2d254cf182b5d8e5d180d90,897072,662468.0,1060.0,0.0016,4,6,702
2025-05-17 07:10:42,7459a92ff7efa7349ced14f36278684c7931d3c18cb625a9f5479841f622d830,897072,498419.0,1060.0,0.002127,4,6,702
2025-05-17 07:10:42,a7cd59ba6376b77eb1f9751778ee55c7055895712373ff4e357f3efe9ad0cd2f,897072,657591.0,1060.0,0.001612,4,6,702
2025-05-17 07:10:42,a7647f3c0af7144fccf3748ebc5791ea51e0a41a5ec05252b64e20942e167d73,897072,322996.0,1060.0,0.003282,4,6,699
2025-05-17 07:10:42,680211a083663eb99881e888a5a46d0656f7502ec05d2726aed7c628896bb9e0,897072,162671019.0,34637.0,0.000213,180,1,30650
2025-05-17 07:10:42,21bf22fa31c4e3e6bbce6a9e05db432a0840164dd598f39509c12c2ec9c881c0,897072,936961.0,1198.0,0.001279,5,6,806
2025-05-17 07:10:42,af911bbca4c15aaeef80cac2b3534e39791bc8ef21733c5ee7c27ea1c84be929,897072,7690281.0,1198.0,0.000156,5,6,806
2025-05-17 07:10:42,0cd907cdf3b696574f50a01cfd712f5cf9d260ceeb0631eeaf8ddc68099ae10d,897072,454468.0,846.0,0.001862,4,4,593
2025-05-17 07:10:42,98d90aabd0dc6b679b29f9c7dbe5758cc89ea38fd6803cfe48fdbca1047993f7,897072,4977786.0,895.0,0.00018,5,2,817
2025-05-17 07:10:42,93edeb3fce8cf6c1a85ba2149741087be863f4bb00d0ce4faa179753ca995b5e,897072,1362669.0,465.0,0.000341,2,2,375
2025-05-17 07:10:42,6398437696a541ad74e0472717562c74858d90ecc48e6399ed3ee71ddc80b21d,897072,615226.0,609.0,0.00099,3,2,518
2025-05-17 07:10:42,7c2466db4620061c49382f42ce7326a1c8bcddb2d5b82ebf4f5fd11e1096a609,897072,160792.0,609.0,0.003788,3,2,518
2025-05-17 07:10:42,5f722eb366ea363a30400a42940eaca2c975b6093774c5acdc4aa869eb1457d1,897072,1027044.0,465.0,0.000453,2,2,373
2025-05-17 07:10:42,4fdf8b6872ffa58e86f7671d2469892ca4a4f68adb4f77825662035c045679a0,897072,10004179.0,465.0,4.6e-05,2,2,372
2025-05-17 07:10:42,c819055c0524ec4eb6046c095d4665ff46c3ae140ab67260b308da5bf00914a1,897072,250218.0,465.0,0.001858,2,2,371
2025-05-17 07:10:42,b6b57a7b1c4c051fb7f55ffd4b28daa07ecfb89a7343b91cb85e35c71b09103c,897072,77936.0,465.0,0.005966,2,2,372
2025-05-17 07:10:42,06b240171a212ec33fe9161138df62613c5a4f9b2b4096dfe4bf77452919fc2b,897072,1431559.0,465.0,0.000325,2,2,371
2025-05-17 07:10:42,7c7683e18c02cd940d99a5be534c692c2b90b3845d0ade42a789268964e65454,897072,1098947.0,497.0,0.000452,1,2,223
2025-05-17 07:10:42,6893c62c44c2db15f8d5515a1b762a6378f22d5ba212000a6862a0e83ebd48fb,897072,563959.0,442.0,0.000784,1,3,249
2025-05-17 07:10:42,737a6fc7f41e9574a6a04ff38cc4c75e56dd6e74797c27eba1ff90f0cf727baf,897072,499149.0,442.0,0.000886,1,3,249
2025-05-17 07:10:42,1118e49d59f1fea34df9d89decc0a0db3adc4b78ef81630ebd8a121d55f5875f,897072,663198.0,442.0,0.000666,1,3,249
2025-05-17 07:10:42,1b06803506c5347023ad8f06c2808d0c3cb32738acefb22377df81aa239fe333,897072,658321.0,442.0,0.000671,1,3,249
2025-05-17 07:10:42,5cb5cd26456c2ced3506a9df58a032a2b1b8e5b5411c24610784bbdd2e193c01,897072,653455.0,442.0,0.000676,1,3,249
2025-05-17 07:10:42,723eb8605e744c78c1af96ce06e2ff0a008bb433cc7d9ee1a98beadfe140c0d7,897072,27717.0,322.0,0.011617,1,2,225
2025-05-17 07:10:42,308645b8cd41c4f8426812ba03f9fe054c88acbc77bc25e664b089e91ea08ef2,897072,1246341.0,316.0,0.000254,1,2,222
2025-05-17 07:10:42,11e7f714be352d1b6416e86589188408671b03921244c290919970670cd1b7da,897072,825117.0,442.0,0.000536,1,3,248
2025-05-17 07:10:42,c9f110a8121c17f58196fab2d49199fc253ecab8f9db3a598262e9f51d487f41,897072,23275.0,257.0,0.011042,1,1,194
2025-05-17 07:10:42,0d4fe4c0f37ba18e3cd76f00ebc099c5dbbc43d5eea1858b54cdb7ca5c8a8ed4,897072,12053821.0,322.0,2.7e-05,1,2,223
2025-05-17 07:10:42,bee22a07ed9345ca49ee73a765ff82836c85929f67d060de1d0021f8c0318a9c,897072,96208.0,322.0,0.003347,1,2,222
2025-05-17 07:10:42,e2ee55a9e6cc1d678c26952d0bce6b2d85aa9a4acbc6c734fca6f437976e8794,897072,99311.0,322.0,0.003242,1,2,223
2025-05-17 07:10:42,6e2cae9c3e8fede46dba553ba3184e6d6c4afadc60fb87b93b7490cf63572a86,897072,3618295.0,322.0,8.9e-05,1,2,222
2025-05-17 07:10:42,af78a89a1dfe759244fcbe5518b8270b05b80b66c1514e9ca113bde4cc42adbe,897072,3515521.0,357.0,0.000102,1,2,234
2025-05-17 07:10:42,aa0c763aba5a1df8bcdf110332630980654ac09e1075374468abf8dc0d3731ff,897072,32436.0,257.0,0.007923,1,1,192
2025-05-17 07:10:42,ab2db6463da2d84314555e206207f9f97e1a66b9d90c41bfd090a60f855a903d,897072,168793.0,257.0,0.001523,1,1,192
2025-05-17 07:10:42,304d77b0337314c527f4f4262c557656cfac0bc6163224cae7560d445896e4cc,897072,23999919.0,1084.0,4.5e-05,1,12,544
2025-05-17 07:10:42,f7fca8a8ad11025ec7aaa0c1d03279b0dafd869642a29acc46b521aee34bc144,897072,78419.0,257.0,0.003277,1,1,190
2025-05-17 07:10:42,d76b7cc58e3e57cdc9d4b82d21a1360db0bb9fc63bfe775eb5287cc84ba684bf,897072,35280475.0,338.0,1e-05,1,2,223
2025-05-17 07:10:42,1f080b90d34831f699b8ec3652c0e45a15d87dd130e4529c8d48cb5b45040c73,897072,10456531.0,338.0,3.2e-05,1,2,222
2025-05-17 07:10:42,f89145868615b167ddbbf13be8d69949a1afeea931e82a280e4b158ec4c2b8db,897072,16302.0,264.0,0.016194,1,1,191
2025-05-17 07:10:42,a1a3f3fb3fefda4c78a333739e74dd0d444a66e09518dcf8188ad4ae3d12d6c5,897072,101034.0,264.0,0.002613,1,1,192
2025-05-17 07:10:42,4b285b0dfe14b93ed8259db2709b7f51bb2b761511073bfcca4c37119848129c,897072,83616.0,264.0,0.003157,1,1,191
2025-05-17 07:10:42,1bf875c83a86095abc4064192fdffe0a84042ed4e5baaa341e9900531a473994,897072,30736.0,264.0,0.008589,1,1,192
2025-05-17 07:10:42,bde76d11a9477e6f0641c342b578ae26824bc9fc9a1455bf586403094f61d293,897072,3234046.0,264.0,8.2e-05,1,1,191
2025-05-17 07:10:42,0f01171be5511c855bbffeca92a60c65c0f44e8b9212cd49c34835ef903ddf84,897072,647136.0,264.0,0.000408,1,1,191
2025-05-17 07:10:42,09c13c9c18a0fafdc666528a8b66b7b35ca6a2e1c6e9cdda2b50040139a1ff5c,897072,192938.0,264.0,0.001368,1,1,191
2025-05-17 07:10:42,a7533e926e961f3be58933f602a6095108d4f281753373b59f7f20caa78b4c19,897072,337944.0,264.0,0.000781,1,1,191
2025-05-17 07:10:42,6672edf0689a897581a9a8c70224ebf8146733255797c8098e632a9cec25a239,897072,14701778.0,526.0,3.6e-05,1,2,219
2025-05-17 07:10:42,40688b0a244c1dfd554b30d0f645a57665deb23dc8d247c0f755ace193492313,897072,573454.0,895.0,0.001561,3,5,615
2025-05-17 07:10:42,8e32059b4a503a25fe501ada3bc73d659db95382bc5dd90f384f0551bb72d611,897072,1572932931.0,667.0,0.0,3,2,520
2025-05-17 07:10:42,6371f927d08954218c4a1627fe03da23cc20cdd29d81e4efcc36d1375e26520b,897072,3504679.0,1975.0,0.000564,11,2,1708
2025-05-17 07:10:42,65d80328849358faddf54241c0d00fc0534148cd89bf897ef5176548c60429ae,897072,1493351.0,583.0,0.00039,2,3,404
2025-05-17 07:10:42,b58ea6b6c71e5d98f3e651eda9d7763c31343e92e025d6760ef18a2b9c52bda2,897072,1142188.0,1812.0,0.001586,10,2,1559
2025-05-17 07:10:42,5bad0100c2b535e7fc0f611d625c193c3bb9d8e4a814941b9396b73cd88ce62b,897072,486641.0,706.0,0.001451,2,2,374
2025-05-17 07:10:42,ceac58380f5cf47d8aaad8501caa40c12daf17854049466a70c0fb143058c5b6,897072,3774312.0,515.0,0.000136,1,4,287
2025-05-17 07:10:42,3b497269428ed74f19ed3c1a9191a80a441887a9f779b951b3d751e0ab5194e0,897072,1661.0,426.0,0.256472,2,1,269
2025-05-17 07:10:42,b6920a554eb0d65f04e6ce73d5c5758dda97fee83695c137f4a7b78e3eec823d,897072,35745.0,380.0,0.010631,1,2,194
2025-05-17 07:10:42,500031411f7154b877b65563f4fc0b2094838b32578d39c85d2c9b0ad86e8bb2,897072,8283.0,2469.0,0.29808,4,2,514
2025-05-17 07:10:42,6caadc2339d2e45668ef7f4e42ea192d4e06d43d084f0b48973a4a18b34d9f78,897072,47475.0,254.0,0.00535,2,2,313
2025-05-17 07:10:42,2ed0716bfcb13c6fe48d79827e2a4deb80b7638c94231405562f7b6e66b6895c,897072,51692.0,254.0,0.004914,2,2,313
2025-05-17 07:10:42,e8b84fe19c765ede8a68a3bdaa680dba61f2bace82b6eabb04b03357fb1a672e,897072,677892.0,241.0,0.000356,2,2,302
2025-05-17 07:10:42,be18d1c27c4d3fb03bdc00ad2a8acf23ede76bc58e921864a40fcf52c4069d85,897072,970235.0,367.0,0.000378,1,5,387
2025-05-17 07:10:42,39159e7f83e46d4b0f2953b5b2a2eb3df3f08898bc30ab947d47349f61b6b899,897072,57200.0,406.0,0.007098,1,2,222
2025-05-17 07:10:42,7400b745c6b60bf75ff66cb8abd9b57bf659a9fa7bb53f9d89133a82f35f9387,897072,2438573.0,975.0,0.0004,4,1,650
2025-05-17 07:10:42,9f2975eec6f5c6d4447ee91ef2e434a27f4d345604a23b52d96ed81f19e086d2,897072,63628116.0,504.0,8e-06,1,2,296
2025-05-11 15:49:37,4b195289eb76cc9d1b92af6e1630d8ca7202865cb579ceb6d4763dfb35f301cc,896276,6405146.0,169.0,2.6e-05,1,2,222
2025-05-11 15:49:37,afa2f0715f17635f0b7edc240012505b21210023e64afe908adc72af8fa65db6,896276,77122350.0,169.0,2e-06,1,2,222
2025-05-11 15:49:37,fadb0e6e565d3f920d7dc54da49e5467e346898dd347e618b7af041883c09db2,896276,3607210588.0,169.0,0.0,1,2,223
2025-05-11 15:49:37,ada76abb8721ae3f1056e5366f1b57dd6baae095673e50fcb52290b2332ce4a3,896276,19755394.0,169.0,9e-06,1,2,222
2025-05-11 15:49:37,8758b0db28ac46c9717c66aa75cd1dede2f03911f36b7bc2fc3fc74d08b71e93,896276,1816476926.0,169.0,0.0,1,2,223
2025-05-11 15:49:37,52bea77d5c6ca81b911873ae20fbcda67dea17c7c5be3110afa6f7d33ca31071,896276,23553903.0,169.0,7e-06,1,2,222
2025-05-11 15:49:37,1eaf26ecf5b2635e211ca1d9ca9e37758d2a56c0c99a2808bc2a639aa902ba64,896276,13326453.0,169.0,1.3e-05,1,2,222
2025-05-11 15:49:37,e784a6206797642f6a490c39dabc9b8eb600f18eb727277607b1ad7a4e431364,896276,19447491.0,169.0,9e-06,1,2,222
2025-05-11 15:49:37,8462fc210b3267b364e66231a6f5f9637c5e44ae2f65903508dd53a2a7c2fa62,896276,6560446.0,169.0,2.6e-05,1,2,222
2025-05-11 15:49:37,d30e80f9ad2d01b4a34288b5d3bb16e8ca522f5668558347679c1300b8b53560,896276,3422361.0,169.0,4.9e-05,1,2,222
2025-05-11 15:49:37,718089c2a60902d836b97245d4f1dcc1d18218bd42c995d1503928d275de6c76,896276,3440625.0,169.0,4.9e-05,1,2,223
2025-05-11 15:49:37,5282dea46c7070f6358edb50fd03126d7f625fbb09a7645d7ada00d60049f3d7,896276,3469527.0,169.0,4.9e-05,1,2,223
2025-05-11 15:49:37,f44d578d41fee1338a4c37cb79f22bdf7131a5384ef448aed95ba85c0180db52,896276,15737768.0,169.0,1.1e-05,1,2,222
2025-05-11 15:49:37,17652029c127807a502c8ca5ebed55c30aabcfa99dcf896168cea0da8e740330,896276,3497035.0,169.0,4.8e-05,1,2,223
2025-05-11 15:49:37,c4307e037873bc6b3311b6add230420ff0c56f2a960ef6a0f6951b1bc823de2e,896276,438045226.0,169.0,0.0,1,2,223
2025-05-11 15:49:37,e8a7f9820744ac50fea25e465e1bbd999d2ed263b30b251a75992bd6a8aa6125,896276,1885308.0,169.0,9e-05,1,2,223
2025-05-11 15:49:37,12fde6aaa668030ca1558aa3bfb406a13babec1e81173e767d0e758c537e2521,896276,3600773.0,169.0,4.7e-05,1,2,222
2025-05-11 15:49:37,02428dac0b8166cb7e2498f43e3956adc1a9d07611b2c0f33c688e87f1107713,896276,92108046.0,169.0,2e-06,1,2,223
2025-05-11 15:49:37,0bc3427b24d04e7ceede55a6b480538098b2511860947b5a4667c36b7274930e,896276,22881326.0,169.0,7e-06,1,2,222
2025-05-11 15:49:37,9cdde3668b4e5810c6645d8c34c3baedd925eb849e2986ced3f164924685090a,896276,97805203.0,169.0,2e-06,1,2,222
2025-05-11 15:49:37,2f5ec5c37cd65a16bf8796c343f25d8d664bc6f6fa65f7f3869c5f25c4f35701,896276,11897852.0,169.0,1.4e-05,1,2,222
2025-05-11 15:49:37,a6a3b4ce5e1746327fd99026ce318302af707a96e2927750538ae1634d0c4700,896276,81894419.0,169.0,2e-06,1,2,223
2025-05-11 15:49:37,f6f7d04c8b0a307e9a359204527488d4c5ea1341601e476988a59e18cdc01b00,896276,17392491.0,169.0,1e-05,1,2,222
2025-05-11 15:49:37,9c2dc477260fba0685a7b6d1cde0f3e5a3eac3d123c1a9b5385be3d20600d5fb,896276,1126.0,240.0,0.213144,2,2,300
2025-05-11 15:49:37,135e9378443fbd01d55b61a058d1339e73b7898765cb7814e766d6778049e425,896276,33452.0,240.0,0.007174,2,2,301
2025-05-11 15:49:37,e46ab484531e701a29bc49cdc2d4d671f83865f94d4510da19661a7185e4232a,896276,37588.0,316.0,0.008407,2,3,426
2025-05-11 15:49:37,2b54d03cdcde7934472f141a5514f96826491f3a5684e8d707a2f49191834d57,896276,46353238.0,211.0,5e-06,1,3,258
2025-05-11 15:49:37,0ed96aec251592e379eb03de1b121f1be5c6ad1f3d79586f4775ec0734c19644,896276,738625608.0,211.0,0.0,1,3,257
2025-05-11 15:49:37,d55b2b726d13e463e8cc15df77ac4c779b8148f154be391a07733a59ea6147fa,896276,2592608443.0,482.0,0.0,1,10,484
2025-05-11 15:49:37,d25886da3ddbb9ecdd455bded7f5c4acc4fb47320cb1bafc62544d8fd4ec18d3,896276,7425.0,240.0,0.032323,2,2,300
2025-05-11 15:49:37,420ff18e45bb9ce312a320e4659792cc65c4efda991dbef9ef580ba6b94a5110,896276,689070.0,241.0,0.00035,2,2,302
2025-05-11 15:49:37,c384b8907d937fd9ae2490cb6e926c11412559b430c5391dff86ca6cfca8262a,896276,710110.0,235.0,0.000331,1,3,277
2025-05-11 15:49:37,1624f403f1d760ee9437cfb7426caa432fff972a55707e5a5469afc1d14f08bf,896276,11980918.0,397.0,3.3e-05,1,8,413
2025-05-11 15:49:37,da3a9e72cf952284cf38fd8b24bb704d23243895133fb7d6ac1c7fe093c722f9,896276,107500.0,240.0,0.002233,2,2,300
2025-05-11 15:49:37,4527b47f06062fce31372b9381deea584da0696572dce586e9d050a360878c6c,896276,3900500.0,241.0,6.2e-05,2,2,302
2025-05-11 15:49:37,fc542b4562b25a4a79ad4406bd7ae03c5b6bdfec3c7065b6c9129de2f2066858,896276,1126.0,240.0,0.213144,2,2,300
2025-05-11 15:49:37,95175ad870064f1e5d90d3726f724c6527caf4b5657f9a5158601073b10d61b2,896276,16017.0,241.0,0.015047,2,2,302
2025-05-11 15:49:37,6e892a69a22cffea0460a6e999bdf53432b0133de8871fc4915d99964e2a715a,896276,5660701158.0,691.0,0.0,1,15,657
2025-05-11 15:49:37,096540951c04b05183ee7357791ef45a997d685822ada40d7cce8dfbb36f2fbb,896276,5333.0,240.0,0.045003,2,2,300
2025-05-11 15:49:37,f176375f43a0faf9d596c0862beb79f5e90b5ed5afa63e073171691dae5b5d72,896276,199666.0,240.0,0.001202,2,2,301
2025-05-11 15:49:37,1b0fd72bd8cd87c2d286a69bbf1561b346a543d02f5de740c218d58bed1bee7c,896276,212505.0,235.0,0.001106,1,3,278
2025-05-11 15:49:37,50c9a0d1d4358c45b68922280f7d627e3d9c6b77069a7e0a9941fd8c9fcf7938,896276,5333.0,240.0,0.045003,2,2,300
2025-05-11 15:49:37,7889f26e5dc2fda082cace03e8df3f39a261e60263ba4798821664ca35fd4e9b,896276,199666.0,240.0,0.001202,2,2,301
2025-05-11 15:49:37,4bcce877a4da36e69099943c9962d834cdcebe0a01d37d4324be8ae1c50acea6,896276,215231.0,235.0,0.001092,1,3,278
2025-05-11 15:49:37,4d629df0fc432917e76a242df28b2fc4a0ef09eb636c0349cce2b6c309b85e16,896276,11537368.0,913.0,7.9e-05,1,21,842
2025-05-11 15:49:37,aa5cabe19b35f2ac9ae4508a95c635e5f49e1f5c89bffd40dfd4f78c756ef2ec,896276,205736.0,252.0,0.001225,2,2,341
2025-05-11 15:49:37,770b94878e30fadfcacc45b2410d0318f89fd7d06fd7077bbeb34549df2a6cc7,896276,10911766.0,270.0,2.5e-05,1,2,225
2025-05-11 15:49:37,7f17ead60c8718ccb9b4c06c799ee4f7b8ae82adf5c93eb455c6c5e0e6db66c6,896276,1499868.0,132.0,8.8e-05,1,1,191
2025-05-11 15:49:37,a54e03e607d89ca409c885b75703bc597d1dcf0ec5667e9a6b32521339b7cebf,896276,910327.0,252.0,0.000277,2,2,372
2025-05-11 15:49:37,24d969a2fa7d7ec7f7ecc5b94cf150e04f7068623e73fe8f849137dec9802981,896276,42330972.0,246.0,6e-06,1,4,287
2025-05-11 15:49:37,5b8c17ed6c7f1f5aa8ae3cfe80beec5d1e405d502cfe055f30ec3a64b6c30e7f,896276,250373.0,132.0,0.000527,1,1,191
2025-05-11 15:49:37,3102a7af6db7408e52771cba98e27b7c0211217fb7e1c5add20baa312d520472,896276,94328.0,240.0,0.002544,2,2,300
2025-05-11 15:49:37,844d0cdddd56a8724edef2adefea3ee9e394d4d50c3004edd6addcb4500392c0,896276,3741838.0,240.0,6.4e-05,2,2,301
2025-05-11 15:49:37,2deacd7b161bf3f5965a345aeb072b7d96221650bf19cbfa97bb050ed468ccbf,896276,3890236.0,264.0,6.8e-05,1,3,302
2025-05-11 15:49:37,25939d76362757dbfc28885a27f08d012b8a37d47e8babb9c873b9475b9afd29,896276,3092161.0,318.0,0.000103,1,6,347
2025-05-11 15:49:37,d12fe3b7246588566b2616723fc53a6b2306f1f3d2acc192287dae50f305760c,896276,2665444241.0,624.0,0.0,1,14,601
2025-05-11 15:49:37,b1b984b30a040bb61138b2acaa65cfe4dcefd8146f39118a6b635939e6e0a704,896276,103337.0,240.0,0.002322,2,2,300
2025-05-11 15:49:37,9fe35102d5f65dbdfa44166e57aa5b19426c16a6da809dbd49d2eab31ac2d4fa,896276,3768379.0,240.0,6.4e-05,2,2,301
2025-05-11 15:49:37,d3a0f199c5ebe8671d4127276ac9ed073af15f6fce6ad8f63e73caf29e378733,896276,2380.0,482.0,0.202521,4,4,600
2025-05-11 15:49:37,101facc1efb4dace803400bb4c2810a85b934c38956a348ab33c0dc4d422a8e1,896276,3190.0,240.0,0.075235,2,2,301
2025-05-11 15:49:37,7fd09c8f4c1dd35e8356de135723276457ac3b186a84b997bea79b7dd4a842d9,896276,3190.0,240.0,0.075235,2,2,301
2025-05-11 15:49:37,dff7c7061168b62f97dcf4d7eaf0eb05eb121e6fc2daff137a5bd7e82241c2c2,896276,4185.0,241.0,0.057587,2,2,302
2025-05-11 15:49:37,e2dd6c98378179e8286c7335d75179ad13fcfe012cedeb749721455183f24a23,896276,18942.0,476.0,0.025129,2,5,560
2025-05-11 15:49:37,caa337c41ab55c3ea81c11fa04fdb1e74f499aee9851a6952e61f3ec90daa83e,896276,35605318.0,347.0,1e-05,3,2,532
2025-05-11 15:49:37,af0c0133a53684abe0235dc8fe425fe9a86e0f244b938b39891fb18ee350e3a8,896276,2247930.0,251.0,0.000112,2,2,372
2025-05-11 15:49:37,ad6be494d4a6510ee343171e32348ada7230c28f566547231e76886abc04e627,896276,4778722.0,251.0,5.3e-05,2,2,372
2025-05-11 15:49:37,98f5342a42cecb521a38e616a91f2eba2aee0a113a1a8d90527c02e8ac791c64,896276,17762259.0,364.0,2e-05,2,5,466
2025-05-11 15:49:37,0d87020b14b169cbb4427d59a29d072114e31ae39b2fbc0b57f42662ddd1c662,896276,10493676.0,184.0,1.8e-05,1,2,235
2025-05-11 15:49:37,af89ee735a25ea9ac53aa65e533ad33f893490fb2f74e22b19e752ed603f0383,896276,11069131.0,184.0,1.7e-05,1,2,235
2025-05-11 15:49:37,52faaf86aea903aab84691f511298aff7101a81a5dc48075be395f93bd4c2c64,896276,11191632.0,169.0,1.5e-05,1,2,223
2025-05-11 15:49:37,57721a06cb45baefce1413df27be1f58a7409f29a02a2470c5f89f3f65cc37cc,896276,104167382.0,173.0,2e-06,1,2,225
2025-05-11 15:49:37,49d0e4830f68a4a792fd2df3f7349fef52b26430c1fe350318a8b689972379ae,896276,2804864.0,173.0,6.2e-05,1,2,226
2025-05-11 15:49:37,fd8742e1207067c121f9a4fbc18295f666bcf926ca60b741a312987a77b5058e,896276,2330790554.0,173.0,0.0,1,2,226
2025-05-11 15:49:37,fa767d6295125d82ec78247ba123942ca1ed5f65765124345408a8ab6f35ff74,896276,9433705.0,173.0,1.8e-05,1,2,225
2025-05-11 15:49:37,bf81a7652ed9ce378c60e7f362bf667bb46853c19d3e3a1fedd80a6a74f4cc4d,896276,211347.0,173.0,0.000819,1,2,226
2025-05-11 15:49:37,db6ad984a9f28a34775a52f201bbbcd169d7e19ca2247fe2f9ce7ab0e237224d,896276,10733381.0,173.0,1.6e-05,1,2,226
2025-05-11 15:49:37,62bc9f0f362ef236f26f85ddc76a3888b99a5747d658b0a7ada5c2e8426a794b,896276,65130418.0,173.0,3e-06,1,2,226
2025-05-11 15:49:37,add534ad9f43f2f04708b08b248c7d03b34b980eccaa303ed655881158b91b11,896276,22012290.0,173.0,8e-06,1,2,226
2025-05-11 15:49:37,4a9ed4a76682cc0657ef2ff1d5415186c3dd2be22ceb58278938b82a87db76ef,896276,19123581.0,184.0,1e-05,1,2,234
2025-05-11 15:49:37,4fd1b54d801bffa58ca8604b5bd670cf013d551965067446b2a90f3237db19a2,896276,836897063.0,184.0,0.0,1,2,235
2025-05-11 15:49:37,228331e9fbeb3e8881a99189619854569d184299006c48665ffbf02a905d3b97,896276,3633272.0,184.0,5.1e-05,1,2,234
2025-05-11 15:49:37,55ced59d24ce0a97eef370689269ec6e4e04e59fadf1aaff7ccfc1a30df34185,896276,44660391.0,184.0,4e-06,1,2,235
2025-05-11 15:49:37,f81755a07fb3cf0888a254f4d1d840c57cc6e6634f8cb1a9b791c86e5bf90977,896276,174047.0,184.0,0.001057,1,2,235
2025-05-11 15:49:37,4dc6868fdb67b688df3ccfaf6ad500b827b206d3d1dcb3385c0b6b5b28e0fa16,896276,6422561.0,184.0,2.9e-05,1,2,235
2025-05-11 15:49:37,ca9551d915d86d1b7bd49d109320f54ec75f56a296f493e5359fb7ecf3fe1c78,896276,18299287.0,332.0,1.8e-05,3,2,519
2025-05-11 15:49:37,6da1600d6280bf90d9d9b3f12caeb751f643dbc3bfb7e60758d5419db79c64e5,896276,235320.0,237.0,0.001007,1,3,248
2025-05-11 15:49:37,8ed77fc6dc395b434241cd8efecb85d1aeccc139bfa06ce9a663ee4f47818b81,896276,3996763.0,237.0,5.9e-05,1,3,248
2025-05-11 15:49:37,165c9516a952f1e00ec4c883402bf94306054fbd9462a8bd54e3aa72a297b564,896276,4032440.0,373.0,9.2e-05,2,3,472
2025-05-11 15:49:37,def6a367d3280f65192a2c561579e575f5348aba49556b82729a8340e1082468,896276,657133.0,414.0,0.00063,4,2,666
2025-05-11 15:49:37,4d58874f1c8adefa6c4300ce2640b8a7ac56a7315e48fbea3261b86ef990eeb2,896276,2543597.0,177.0,7e-05,1,2,228
2025-05-11 15:49:37,745f21a5cbf3a9c824b5baf88f96144c73fc9f8f233b67a828a437db9cb8f254,896276,2787318.0,907.0,0.000325,10,2,1562
2025-05-11 15:49:37,ac52af14090e1f919db5d398ae35c58f15e2ab44b6f0d6161b936146429d4ae5,896276,471712074.0,170.0,0.0,1,2,222
2025-05-11 15:49:37,2388aea3274981101473965f5f93533084bd57d3de96608cfece6061530dd961,896276,11819.0,252.0,0.021322,2,2,371
2025-05-11 15:49:37,5e26aa35741d3d7efed918d0c6c04630fe41d1170956b83454348284de410a3f,896276,86631.0,269.0,0.003105,1,1,223
2025-05-11 15:49:37,5e506c0d1443e8e8a302756c5fde25724273b64af5b7c666b2589491c9fc3313,896276,150230510.0,7216.0,4.8e-05,87,2,12999
2025-05-11 15:49:37,cd5475466baa47d733c9cab762d91894f20ba01d3633b2d6ddf2d0ba7cc67e4a,896276,112131306.0,988.0,9e-06,11,2,1707
2025-05-11 15:49:37,949824a22cfbd4bd3979fc31509678fa7713ab9e1cda03d722f9f1d9d9c3c28c,896276,4104648.0,415.0,0.000101,4,2,668
2025-05-11 15:49:37,dd2c224c5ca4894a4541575ffff5427139a076a2098b44254dc820682c3ef2fc,896276,21206.0,268.0,0.012638,1,2,222
2025-05-11 15:49:37,748e52ce433133560ada2cb34637149dd7985d329b446951e10e01858e14110f,896276,371874.0,460.0,0.001237,5,1,785
2025-05-11 15:49:37,b4b7e753c6c9e9cd17cc7316a7fc01b89b9cbb2dceb023e14225a9930eb143cb,896276,68045.0,446.0,0.006554,2,2,368
2025-05-11 22:58:45,ae5a12d92ff012009e52d780e5174dd1129d0a90e496acce88c9c1b68845581e,896321,79983.0,330.0,0.004126,1,1,192
2025-05-11 22:58:45,69e2f21f1e04274d2e12ebbb4a2bc0f0158c93bb35be5e7281474d66403dc01d,896321,65239.0,330.0,0.005058,1,1,192
2025-05-11 22:58:45,eb4a0319294a7983eaa5702a2542206419618292653b4793e1081ef43312d81c,896321,133114.0,627.0,0.00471,2,2,371
2025-05-11 22:58:45,90cff29cf39705286c2d3bdd7d74d8205d6f65fd2fb57e4b2fcd88363fc4d61c,896321,428358.0,426.0,0.000994,1,2,193
2025-05-11 22:58:45,5e01ac76e7b1ab1f343df38e0e23496667b34a95fb97260a7ecbd5fd37f22e4b,896321,447784.0,426.0,0.000951,1,2,193
2025-05-11 22:58:45,be16e1d9d2c4c4e2d869983b9399d35b741998e9e78d70bc82488bf6bbe9501c,896321,27247.0,423.0,0.015525,1,2,223
2025-05-11 22:58:45,fef1f8b4c5986234438d716a6169459ae946e7c743854f5ebb6921e7fa392f1c,896321,69531.0,423.0,0.006084,1,2,222
2025-05-11 22:58:45,8a80176b699881dcb1ca69e3a0734ac4410c7bd9894dca261c2aaa0154c9221b,896321,287460205.0,423.0,1e-06,1,2,222
2025-05-11 22:58:45,3e71959748a3070c3cd51a2331901d0adc79ec5beac1b1c2ad798ba94ab5f019,896321,976176.0,426.0,0.000436,1,2,223
2025-05-11 22:58:45,7e5653a47f8736f0c8491bbeb23ba7ffd7d9583b1b2be291f23b604983a65b18,896321,22615.0,339.0,0.01499,1,1,195
2025-05-11 22:58:45,5e105efe0c7f9aed3555ef635da4febcf612e32254fac3616dc2d030252b4618,896321,275133.0,330.0,0.001199,1,1,192
2025-05-11 22:58:45,d72afc82531f27070dbb457aa9f2d90c1eb1df82658cae25882344b09c4f3b18,896321,1148600.0,423.0,0.000368,1,2,222
2025-05-11 22:58:45,88582c3f9b2fa5d19fe145cbb261b352cc246229be3ded302b4f05d668643118,896321,65597.0,459.0,0.006997,1,2,235
2025-05-11 22:58:45,c5f27312459f1a9344f1ac5e4819d34432808e5ae756bb940af3a36963f085dd,896321,69056.0,459.0,0.006647,1,2,234
2025-05-11 22:58:45,8bcc09e4127b23e0452b46aa24d5a26152df085c9c1620a9b4f3fb1bcb4f0173,896321,72515.0,459.0,0.00633,1,2,235
2025-05-11 22:58:45,364103792dcf67b10f902188e98bef3241bcbaa35ffe95024bab9316d676c017,896321,87188.0,330.0,0.003785,1,1,191
2025-05-11 22:58:45,cb0f5447529023348898bc884a3b8993ac2e9044221fd74093a8fec2a2dbb217,896321,248743.0,333.0,0.001339,1,1,192
2025-05-11 22:58:45,48f1ade936d815dd0236d9dd1394de17eba762362efd98802992f5da9b658217,896321,132666.0,330.0,0.002487,1,1,192
2025-05-11 22:58:45,82c8c7f863af718895aeb873001248c72d7841640ca655292a63ad4f0cb26817,896321,249270793.0,426.0,2e-06,1,2,223
2025-05-11 22:58:45,d2d4e46c812b8f2bd436e51f41f7bd46abe47c6112e75f234d821edb1e20f216,896321,3433729.0,423.0,0.000123,1,2,223
2025-05-11 22:58:45,8305b47f4db5eee72e704ccc3cb24809f6e5bf132d3e26646d34e909f8a7c816,896321,23779.0,432.0,0.018167,1,2,225
2025-05-11 22:58:45,6a81ac7eaf6bdf49c2e23923159bb89436ba7bdb8f1438c9a0c7b5521d11bb16,896321,10092921.0,423.0,4.2e-05,1,2,222
2025-05-11 22:58:45,3f85aa4cfa3c5f5844d446d9191d28bfdb0fdc8d7789d1e192042179a802bb16,896321,6701396021.0,1035.0,0.0,1,7,536
2025-05-11 22:58:45,1666e5575f046cc70d4293fde273419eb43b0fdccc355b8d3908bef20f107e16,896321,1654486597.0,756.0,0.0,1,5,334
2025-05-11 22:58:45,b4802f546683f78ddee4943247f014755bafa0dd12496d71ecc4bc4c18d56e15,896321,380494.0,330.0,0.000867,1,1,192
2025-05-11 22:58:45,97f16f19f675b1f8bc75c877737896e3ce98b7fd31bae473656e77372319d113,896321,28630.0,432.0,0.015089,1,2,226
2025-05-11 22:58:45,f6f5abbf5ac9073014e6a81913c3f6d735aefc72f658e2807554cffbc4d26e13,896321,13913.0,426.0,0.030619,1,2,223
2025-05-11 22:58:45,009dd20dc88c4bc431e42fe66a06168eb7b1e25b53a7f5be0c88a82db6838a12,896321,1080729729.0,981.0,1e-06,1,8,409
2025-05-11 22:58:45,b8cb30cc5b7284500b548731301d7a5330e75593024a100e2c1af07db2b00b12,896321,1079541.0,423.0,0.000392,1,2,222
2025-05-11 22:58:45,3472d5556397a33df00691fff8e8c3e00ec565f0061dc6d845726ed98873d311,896321,351943.0,330.0,0.000938,1,1,192
2025-05-11 22:58:45,6f7e6e9783415ae3a9b0889069ea38ae3c65bcac7adf4282c79acac66cd4b811,896321,913494.0,459.0,0.000502,1,2,235
2025-05-11 22:58:45,bf3ac4e0c46f78248ae6215764677c2d84f5276cfd4c09f868b11bb6a15aad11,896321,176049.0,792.0,0.004499,2,4,365
2025-05-11 22:58:45,43d6a358ffad919337bb27fe809f5dd823f7ba159ca9e6cc80d34f5b8c715910,896321,919297.0,636.0,0.000692,2,2,374
2025-05-11 22:58:45,c4dad4c5ad9399c90eb6a342708abc8f26bfce8c9a11395c21e2ea6eafab5710,896321,6782.0,432.0,0.063698,1,2,225
2025-05-11 22:58:45,b0b0dc499207215c77c280adbdd2d0addd0d97bdb61813a611d86f2db852460f,896321,308633.0,330.0,0.001069,1,1,191
2025-05-11 22:58:45,7347be5f9b89fa9e735a6ef488a920b62503bcdc77a0541a13223a3c8d98f30e,896321,133243.0,627.0,0.004706,2,2,371
2025-05-11 22:58:45,7df4bc6ec8a6276bed67947b9366b23d72220416fc7360260a445f40fd6f930e,896321,594887941.0,333.0,1e-06,1,1,193
2025-05-11 22:58:45,ea737915c9aa2b00b09acbd01044746aa18240e8cee0895c2ee0ce975d60cc0d,896321,2588.0,333.0,0.128671,1,1,192
2025-05-11 22:58:45,1d646b0081f041565548e450b98aececd8cfbe57930388531ca8819ff4c4990d,896321,263599.0,432.0,0.001639,1,2,225
2025-05-11 22:58:45,af1cc3a460fa09b00e82731c4a08aa2c831c97bfa4df9ac7eadc0c1f19776d0c,896321,5920.0,702.0,0.118581,2,2,366
2025-05-11 22:58:45,75d444787ec3db6432ce40fa8e2bda1764bc232efa9158b0a453738505b9300c,896321,49996948.0,339.0,7e-06,1,1,194
2025-05-11 22:58:45,835051fddc454c1f685a03254fe5c6977da1c4e03ceaa8f114857f594fdde50b,896321,33166.0,339.0,0.010221,1,1,194
2025-05-11 22:58:45,662a956612d23ebbd297e52a976e20585491653d4b65e9da4a079262a10c8c0b,896321,66825.0,330.0,0.004938,1,1,192
2025-05-11 22:58:45,5fd075346655d2b4fda3e349820950fdb2b587912c93a4eaccbb825e8498890a,896321,502210.0,339.0,0.000675,1,1,194
2025-05-11 22:58:45,0b2a3d14bd9148e69628f034d9facb8244a94192b5d10734072e64b47f6a4f0a,896321,22549.0,333.0,0.014768,1,1,193
2025-05-11 22:58:45,c417fe51dcfa459ca65b8eb903636e3ae9e6f66ff7203b20430124b00913ff09,896321,258884.0,423.0,0.001634,1,2,223
2025-05-11 22:58:45,dcd6167f47c37026047e7cf2bdc9c48104afea905bfbecd65db99fcf8f6d7608,896321,84424.0,672.0,0.00796,1,2,224
2025-05-11 22:58:45,bccde726612ed4b25435f5352c741e3fed3cbc0561b336f6fd15a1d7c6637208,896321,66856.0,675.0,0.010096,2,1,387
2025-05-11 22:58:45,372b364d5d8d8985d455fad500b0587f84976c69594bca838815013718a4ee07,896321,7049544943.0,1311.0,0.0,1,10,628
2025-05-11 22:58:45,298eacc8eff892d45d5d474bec297d72feea3e3d9c03db8803f2e28173ba8a07,896321,19670.0,330.0,0.016777,1,1,191
2025-05-11 22:58:45,515eac0707935b8f4ba0c8d7e713f1f167a9082ebc3221bd69313f70ca594107,896321,49793.0,330.0,0.006627,1,1,191
2025-05-11 22:58:45,940316bc086f3c24564598fef9576775cbeb9b23116f3b66c43b2c19bb510b07,896321,553149.0,609.0,0.001101,1,4,284
2025-05-11 22:58:45,b994ec5a40a7ae461e86e317a34c606e61c789b6ed2262aa2473c5b0336e7806,896321,39688.0,423.0,0.010658,1,2,223
2025-05-11 22:58:45,d431fc72e7d09e30ecd9a197f368ff7af8458e2dd861b96c46679ae51e1edf05,896321,143025.0,423.0,0.002958,1,2,222
2025-05-11 22:58:45,dde46de63f028110a9b6f21495661b574d87246421df80d95dffc4cac4b87d04,896321,717348.0,423.0,0.00059,1,2,222
2025-05-11 22:58:45,84c43d3dc817481edb8932c985e8329fb1a52c42d556aad6d97131ec0c266004,896321,1088.0,333.0,0.306066,1,1,192
2025-05-11 22:58:45,cc7e6a90f15546267016387c214ab20662bb6af297828ec0aafebe1c6839cd03,896321,2424977.0,423.0,0.000174,1,2,223
2025-05-11 22:58:45,8cc64065190f05139d3cec1d49bf4827eb177adc886b085b5c68c030a628ac03,896321,138068.0,423.0,0.003064,1,2,222
2025-05-11 22:58:45,5ed156881579e9c0b47d28731bbc6c8a0a768e0ce77d43b5353eaf5edee0dd02,896321,3335755.0,669.0,0.000201,1,2,223
2025-05-11 22:58:45,2ee7b91cea68b4e4d0254a49bfce097d3c7d75678ca4082a703177fb9dec7002,896321,632167.0,423.0,0.000669,1,2,223
2025-05-11 22:58:45,4c2bb2c78498021ea1496f6a41d476a49e3a8fc971d79a8ebd725fa51f55ac01,896321,1155501.0,423.0,0.000366,1,2,223
2025-05-11 22:58:45,8b28f1b9377caf7ca3741e33fd97e2b9c9358680d74cc19f5ef1b5de7f4e9701,896321,80401.0,339.0,0.004216,1,1,194
2025-05-11 22:58:45,efcec507708e8e0599db7235ad64d64db7dbd7ba6b106511b9835a29b256a800,896321,1304829.0,423.0,0.000324,1,2,222
2025-05-11 22:58:45,eca8200817b2ee7c94f5458c4914642d7dd876e85d34517c386c7e42eed70f00,896321,10558491.0,432.0,4.1e-05,1,2,225
2025-05-11 22:58:45,136ba699b9b8051805e346a8f07b666eba56aa512c63aefa0b270b99f1bbd404,896321,38765.0,3771.0,0.097278,13,2,2305
2025-05-11 22:58:45,bd91bfdeb2d7026016918e2f84fe29390322545873b0c487d18d8b60d366e0d7,896321,107844.0,1650.0,0.0153,7,2,1114
2025-05-11 22:58:45,046a70ae5cbe0dccdd9b194d01457e8ba7bdc4fb76d9db2255b094491806336c,896321,4721688.0,1359.0,0.000288,6,1,936
2025-05-11 22:58:45,990ffd5b35d32aed38d63dadf1601f1d29b758245976bf7714d6c5c1638b9d5e,896321,133300.0,433.0,0.003248,1,2,225
2025-05-11 22:58:45,6d90d9e43d5b869e1a9c292fed0b813e08d6ba71fca2a9227b306f2d2ecb70c4,896321,3881280.0,1239.0,0.000319,5,2,817
2025-05-11 22:58:45,6fc602b5ee107f4108b5a530e330e62e979ab3f5620c13dd542d25f9af233f24,896321,3345526.0,738.0,0.000221,3,1,487
2025-05-11 22:58:45,66faab40e1c5ffd931ca5c788d5cebb7a08f499f4cf8bdb1356668d6f1afe5c5,896321,1322704.0,423.0,0.00032,1,2,222
2025-05-11 22:58:45,6bbd9f5a373d394365a8e624717f9322b5598aaee1810a1cae460ef50195bebc,896321,12099043.0,2262.0,0.000187,10,2,1561
2025-05-11 22:58:45,2e85d3cfe95acb7f5b2c2ea6d08856eae93934060f8f1aef2f5dd29e6b1795f6,896321,5114.0,1071.0,0.209425,4,2,679
2025-05-11 22:58:45,a92af695e8dc10f24fc55d4b5ebd6a661f1f68abd14c03fd9b44bf45055d6af1,896321,49834.0,1044.0,0.02095,4,2,670
2025-05-11 22:58:45,069a4c8fda28dbf52d3cb17976b3cdce7ec00ebe8451b7aab6df97de911e9fe2,896321,24717.0,1041.0,0.042117,3,2,589
2025-05-11 22:58:45,87fff6213b4be9614f061873ba55d2a25af8e98bb5dc1f3067fd79ece545dd84,896321,234283.0,1035.0,0.004418,4,2,668
2025-05-11 22:58:45,e83f362eb2cd77043382a58a5f644c9efab0a3a2e9c8538574f1dd97343a83fa,896321,9749482.0,942.0,9.7e-05,4,1,636
2025-05-11 22:58:45,e6be4c5630c6b8493c5bf5b744c0faf0e5deb9e2a83c442f90a12f9ddf8cbea6,896321,194254.0,942.0,0.004849,4,1,637
2025-05-11 22:58:45,5de67db630e5493f8414070c658574d5dceac3a66a5ab09bd39d1ba1203d6b43,896321,312565.0,855.0,0.002735,1,2,284
2025-05-11 22:58:45,7bcc1ab0b60e0cecaad7d7c6ce5ec3f81a5dcf6cdf51847a528db0380d0b18fc,896321,11232250.0,843.0,7.5e-05,3,2,523
2025-05-11 22:58:45,b02996d5c661474f165580d94ccfccb04af9110af0110cd1bca51f65d5a43604,896321,22163297.0,843.0,3.8e-05,3,2,523
2025-05-11 22:58:45,a8a19efec1724f45d761d57781bcecd111377eaef45237ec6b1f510420ad7fc6,896321,1019655.0,840.0,0.000824,3,2,522
2025-05-11 22:58:45,ff616e0c93ea8633bd759d1df2da817206c59fe6ebb38f76db284b1c2540e5f6,896321,343817.0,837.0,0.002434,3,2,491
2025-05-11 22:58:45,6e86c4c5ce8cf6c97d878388f8467e9c48b0e35065239a3e23f73d862b3e1ea1,896321,127590.0,831.0,0.006513,3,2,518
2025-05-11 22:58:45,662947e298cb2b7e2bcb7c379d688bf4aef56749f5db00f5930adcba6743706f,896321,1132944.0,831.0,0.000733,3,2,519
2025-05-11 22:58:45,26f6f8c82235575cc09b8eef61131f208746cd0259463b44bf0dc23d467f4cde,896321,20780570.0,741.0,3.6e-05,3,1,489
2025-05-11 22:58:45,46446cc3b8421b14d1c7d1b801194e0e53cff47a654a5419d3dd5ece8c11b546,896321,128350.0,2046.0,0.015941,7,1,1246
2025-05-11 22:58:45,f97ddeb010d9157216c4703b84276897aabb3e456480f233822c34e9ccf4e3df,896321,2976639.0,681.0,0.000229,1,2,226
2025-05-11 22:58:45,0da77d330c261f07e82040ccc6b07c6e72bf0fb2bd7f0928c93d91e2ea667665,896321,7123152.0,678.0,9.5e-05,1,2,225
2025-05-11 22:58:45,9899e2c1afc23ebae4fbc043d8bedab8d8ea1b225d989def42ae0e12f09d9baf,896321,124213.0,675.0,0.005434,1,2,224
2025-05-11 22:58:45,80874c15ffedebb233357d13de12c8ff772e048a22c21edab062057b43ef9f39,896321,1530429.0,675.0,0.000441,1,2,224
2025-05-11 22:58:45,a453b57c19e30e2819c23e6594488f2b26beeaef061c9ad3f5658ea9d60b1cfa,896321,5435703.0,639.0,0.000118,2,2,374
2025-05-11 22:58:45,16af3842a1718d93d64d4d6ccf3eacffa3a8a3f1fa4ae826810613bd5b432992,896321,53478.0,636.0,0.011893,2,2,373
2025-05-11 22:58:45,cdf8ee3b3973fa49876eab0fe65bef270d1d810d64b866347a47d137ba808b42,896321,8308.0,636.0,0.076553,2,2,373
2025-05-11 22:58:45,8c2023ab617a952b45e9cf5a76e0b424c9d33db6758b9040b829d7f5f5dd590a,896321,81719.0,636.0,0.007783,2,2,373
2025-05-11 22:58:45,dee39e4d1523b5718a80322424d8f98d671b1065437fa3b1095a0c0d560c3e98,896321,823394.0,633.0,0.000769,2,2,372
2025-05-11 22:58:45,8b25b0895abf9385bdd867ba57ecaa5340d1c244f9ab5cfdf21d17265adbebfa,896321,5525042.0,630.0,0.000114,2,2,371
2025-05-11 22:58:45,559d0a9720aa3ed2020a90df1aafc7e8c3cf162c852e9679992a9c8f4dcaa2d0,896321,737553.0,630.0,0.000854,2,2,371
2025-05-11 22:58:45,5e60dc828b9ada16a9779b08b5387ddff21673187f2212cab5fc3633ce32e9f3,896321,3305908.0,627.0,0.00019,2,2,370
2025-05-11 22:58:45,e60d06addcb526f811d6b2186dcc39aa032388fc000bd02e713ab402aea8bfe2,896321,20937.0,627.0,0.029947,2,2,370
2025-05-12 21:13:18,f0f60e13420169b4b5803e80eeb82dccc174a6f535c85270ddbe5832e8a5592f,896458,404380.0,3888.0,0.009615,1,2,223
2025-05-12 21:13:18,9d00ca29e205098892d716470ca19624feeb0c8481c593c376dc12eee2bff104,896458,1432112.0,3888.0,0.002715,1,2,223
2025-05-12 21:13:18,5064e0e7f1660673fbc99bcc6e80217e8857ea11a13ad63dc9a78b3dd960acb8,896458,322456.0,7614.0,0.023613,3,2,519
2025-05-12 21:13:18,250d981abaa2d9db9f34a840fae3db032d2d28c66680c9685c28da68f21d8ed2,896458,154876.0,5778.0,0.037307,2,2,371
2025-05-12 21:13:18,b477efcaa930c1d09e88769d4951876a75c1b30ca119663d09c5884528c45d3e,896458,168261.0,5778.0,0.03434,2,2,371
2025-05-12 21:13:18,4fa0f575016ca43f0f30c4e2a19fc12712e91428766bb26e6b2314b728ccb441,896458,308919.0,7254.0,0.023482,1,1,372
2025-05-12 21:13:18,f3a9e355f57bc93d3aa38bb6538d629b9e73e9ef830b9617c362cd93740d3ef5,896458,6070997.0,1752.0,0.000289,1,2,224
2025-05-12 21:13:18,a50dad4e4ca3e588a9971a3cfe8efc5747677d1c50e4169a0dfaba734de8244b,896458,9330.0,3161.0,0.3388,1,1,195
2025-05-12 21:13:18,166a8d2d53fb1743d6541170cdef5e69a2b90833fe9bf8d546a72fac78e1bb64,896458,8650472.0,8784.0,0.001015,4,1,636
2025-05-12 21:13:18,9f5fe4c10d0185a6ffac132928da3bec897df4b2e28f51f0cbd26eddc8f70d27,896458,656965315.0,6216.0,9e-06,1,2,222
2025-05-12 21:13:18,708f6ace31ec40c57a4c8bbdbc8e7b2ab965fae1f02a76364d3a2f58e858c9ad,896458,118758.0,3742.0,0.031509,1,1,214
2025-05-12 21:13:18,29419ded17885c8f0788d67b511c68c76a1082652d93d24f73c52a7d1ccf4047,896458,108467.0,6237.0,0.057501,2,2,383
2025-05-12 21:13:18,af71ce1fa0c97934bf7a459aadc55bac1191f0552dda144633b9f9d15dc9fce4,896458,999997019.0,5009.0,5e-06,1,2,258
2025-05-12 21:13:18,409459be8d2d65fc72b93945ee2d089a92bb11a500d788494021f8e232e6627f,896458,536232.0,8958.0,0.016705,4,1,635
2025-05-12 21:13:18,6d79c2e7b8cce209dc2f8bc1af11cf5046990751d66f57722ee2a4dafda1cd1f,896458,63604.0,5160.0,0.081127,2,1,342
2025-05-12 21:13:18,ea39d394e9ff312019810a353e55012aa6989bcfbdf897e05105c0e19119c70e,896458,67572804.0,7696.0,0.000114,1,3,268
2025-05-12 21:13:18,6c6d3e2ba60e7ae59321e5c3fc4130d2850e7542db4cd3b49bd3c9c68e5ae31e,896458,476029.0,12916.0,0.027133,6,1,935
2025-05-12 21:13:18,18d177a220f8f401073aa571ee044fa1062f7688aaaa988f6ac954f440d1afe2,896458,12698254763.0,6423.0,1e-06,1,2,223
2025-05-12 21:13:18,fe1e4f5efecd1ebabe3100915718efa9049adc13cad7b3d9a07cf94fc2d9b021,896458,7165.0,3517.0,0.490858,1,1,203
2025-05-12 21:13:18,683c3b2e7e3feb93da9226f1b299e51de4bf725df4cca02dded3e1da7ab2be1c,896458,68579.0,5474.0,0.07982,2,1,351
2025-05-12 21:13:18,a024f1eaddd8af56ef111bf698888da703baa4416237cae00d5278e81dc076f9,896458,94392.0,3188.0,0.033774,1,1,192
2025-05-12 21:13:18,206f40b86f87881d8bb188c5c04ca4f83e2aa935beb943fa332fe3ae611eae5c,896458,13934.0,9093.0,0.652576,4,1,636
2025-05-12 21:13:18,b5aee294e396e8ca9111ca0d2235b8c2c8cbcb59d9ed4cebeb42aaa15dd900c5,896458,106858.0,5511.0,0.051573,2,1,351
2025-05-12 21:13:18,58f56c75d41fd298e6d1ccb7c9305bca653621d9bb51e9f1486dc89eadd4fd03,896458,567986.0,8000.0,0.014085,2,4,436
2025-05-12 21:13:18,84e8205fe5bccaca0bf3092b5e7a58668ce4aec603b702d1e15096b0f40aa2a3,896458,389493.0,3224.0,0.008277,1,1,191
2025-05-12 21:13:18,25a573704c810878705fff8302f9fb3b22e1ca934d5708d7d8d0a28b69a90cb4,896458,83034.0,3600.0,0.043356,1,1,204
2025-05-12 21:13:18,e98c917a8b89d9abe2517cea26e0333790d67262b729748e746d5ba92f5b30a1,896458,78166308.0,6612.0,8.5e-05,1,2,223
2025-05-12 21:13:18,33f5b9f0f84030b5ee9652c57cad6b8c907efe81e8b74d81dc7d3ac92d208691,896458,2493415.0,6585.0,0.002641,1,2,438
2025-05-12 21:13:18,6f20a43caa7b571612e07716d26f2a3b5cb8f391d358784194745135e1c24c88,896458,220907.0,7268.0,0.032901,3,1,487
2025-05-12 21:13:18,c51fd1a51b7c4d9732b744c165cd04cac14d95047c93652df68359dd527d6e20,896458,49418530.0,6612.0,0.000134,1,2,222
2025-05-12 21:13:18,382996267283f190cc020619eca9ac2ed2bf3063cee8918dbde6b7cc768308df,896458,39776411.0,4230.0,0.000106,1,2,223
2025-05-12 21:13:18,aa2e0b98812f75ddfcd1e8fe57616df22aa5766499882d532c8c6470337f667a,896458,1184467.0,4590.0,0.003875,1,2,235
2025-05-12 21:13:18,3a2d608c66b787c0559889d8e5da5d940f8bf0aa442f75e6d38fec8f9be31b3f,896458,70316.0,4230.0,0.060157,1,2,222
2025-05-12 21:13:18,32cb0657866560513e84557e326f643c8f527600bb43636bc567dc51e2c07103,896458,19570047.0,5310.0,0.000271,1,2,258
2025-05-12 21:13:18,c781ede803a80459c29a248f1a0665e5518a1e82fb38e67e136fc2387a9dde31,896458,844655.0,5064.0,0.005995,1,1,193
2025-05-12 21:13:18,9fd6d137f1d77e67313c8153d10ce4eedb6157c412b23d17b487a6d920a7720d,896458,12050258.0,17680.0,0.001467,2,16,806
2025-05-12 21:13:18,fdf950fa8ce1dbdf1afc51836f61a349bb70f578aa655eb0409d1e7332ceec23,896458,7665200.0,13552.0,0.001768,5,3,848
2025-05-12 21:13:18,31363972d8523a84d3fabf066a7d2cbb73b1855e83312df5573e4ad6c2127525,896458,37277.0,5760.0,0.154519,1,1,188
2025-05-12 21:13:18,a3a4fb0b0dd48ff1c45ccbb09f5add5fd94b1741a57083a3ff85949aa46bdb71,896458,1996534.0,5930.0,0.00297,2,1,353
2025-05-12 21:13:18,852da0d63a78ba63f6b2f5a4a4da4f41854282871bc6af1bd3d6a89b95609cc1,896458,4873.0,3543.0,0.727068,1,1,194
2025-05-12 21:13:18,108eed3e14f72478dd23e3eb2acde300f1e655727f6962fae529d728593bbeba,896458,1757.0,3456.0,1.966989,1,1,191
2025-05-12 21:13:18,80f4c4b88387d96e7372e121efc4efd206ec877e83f834f808fc4f605ded010b,896458,323554.0,3456.0,0.010681,1,1,191
2025-05-12 21:13:18,b416087166d85aa4d7205717dc61fe0812bdce18581c76bd2a5f8efd704e5f3a,896458,123128.0,4448.0,0.036125,1,2,223
2025-05-12 21:13:18,68fad22ab2939d5ecafb51805de6dfb036cab6dd84420df213b4b9183eca330e,896458,20405.0,4448.0,0.217986,1,2,222
2025-05-12 21:13:18,7be0364cb8092401e9a617feababd9b7fb3df5e07a257f4790ae8c729210d90a,896458,547161.0,4448.0,0.008129,1,2,222
2025-05-12 21:13:18,bcab748f3b02c4e98d76815208ff05c839bccb864fadacb730a9e4130060a2a2,896458,516557.0,4480.0,0.008673,1,2,224
2025-05-12 21:13:18,3f47ef412433b4e1a7c0311e31056336a91285f63d39d592af0a0e7c53c98a17,896458,613382.0,4480.0,0.007304,1,2,223
2025-05-12 21:13:18,08d7fbab4c7a19c1f1ffcaea284c3c15cc0269889522b57f00ca418189ef9bf3,896458,2986084.0,4472.0,0.001498,1,2,223
2025-05-12 21:13:18,d66df8a39b3c6d3e140a7b7e2ecd518b5019d94a59100e60d030ed94e3e994ed,896458,248632.0,4608.0,0.018533,1,2,225
2025-05-12 21:13:18,85b3cf77a6387de4896c8217293854b515b5acb1bff062137c6b63a86add9a55,896458,255869.0,4448.0,0.017384,1,2,223
2025-05-12 21:13:18,7ceecc3b821cc37cc46f4c97dd066e844612b3ce97b59734d6fdac0c81030df0,896458,321737.0,8840.0,0.027476,3,2,520
2025-05-12 21:13:18,09225548cf38a6ca3e6154a7d2aba000e1b827eed411507ec0a3d7e6e44a03f5,896458,550191.0,3616.0,0.006572,1,1,194
2025-05-12 21:13:18,4659f8154f8cafd018dd52ca3eef4e0cbaa41dbd40e51e3e91bc859c827934f4,896458,137412.0,4544.0,0.033068,1,2,223
2025-05-12 21:13:18,0ab7a4b1901c20c90ac6387a346e8d1e18cffb615a41c79e25c4d106821d37ee,896458,459950.0,4512.0,0.00981,1,2,222
2025-05-12 21:13:18,6b5b6ed97fa7841b6f091b8632a827b083cfa346d6de475c648941e553625fec,896458,152207.0,4608.0,0.030275,1,2,225
2025-05-12 21:13:18,1900a5901e78cb1dcd17dcd7e10930c9b632e69a2d7856c304ad9caee589b7e8,896458,71767.0,4608.0,0.064208,1,2,225
2025-05-12 21:13:18,b66b1481917cf4891fd381520df6a0daa288f411b8307a024c0d436a4d28e6e3,896458,2836163.0,4608.0,0.001625,1,2,225
2025-05-12 21:13:18,1a03183f1cbcbe1b0b533708cb281d69d87ffd233c7a230aa4b469a1d5e678e3,896458,281949.0,3616.0,0.012825,1,1,195
2025-05-12 21:13:18,aef5685a70024b5eca95364f7f9087404396f1facd1b29888e29f04282423ae1,896458,62474.0,3520.0,0.056343,1,1,192
2025-05-12 21:13:18,4919e8cc1de2db0448f39b358857edec5fdf44d37a02de9777ebf1bc3d51dade,896458,12124.0,3616.0,0.298251,1,1,195
2025-05-12 21:13:18,2fa6c4f3f44112326d9dd49f2a735bfe9a0e85d68efb1308e4edbc181f3a4ed8,896458,74431.0,4544.0,0.06105,1,2,223
2025-05-12 21:13:18,cb1e77fdf7042393d4527dd0fdc361dac11c42498fe3fc5f875709a75a1bfcd5,896458,349658.0,3616.0,0.010342,1,1,194
2025-05-12 21:13:18,f2202ef291adc6dfa9dac542cbdd517675524d9029ba57d3a0420f3e35d9e2d4,896458,956542.0,4512.0,0.004717,1,2,223
2025-05-12 21:13:18,7a8563e09515d82e1ef910125d33a21a9d747e4f6e7209e6b6f49d6b231b68ce,896458,45414.0,6688.0,0.147267,2,2,371
2025-05-12 21:13:18,cf5165f091f6323365f5806afed7bb68795192310e046801f38039abb34aedcd,896458,679902.0,3616.0,0.005318,1,1,195
2025-05-12 21:13:18,8173419fe7cf4c52169335ae7f4e369a8c3be07d635eb1c8afc5d4100598b5c6,896458,756593.0,3616.0,0.004779,1,1,194
2025-05-12 21:13:18,0ffa43402f4ab4906557824e7448609e08ad0df57c91cd753b979d1dfec1f3bb,896458,111925.0,4512.0,0.040313,1,2,222
2025-05-12 21:13:18,49ddb845e38eeb569b74383ed7e686b97afca184217c07ca6a2c90d9e4339cae,896458,35882.0,3616.0,0.100775,1,1,195
2025-05-12 21:13:18,2334d658c5c8e6251752ecf82434e5e4ce95ac4e17513f487cf6195d1163e2a5,896458,690288.0,4512.0,0.006536,1,2,223
2025-05-12 21:13:18,ca453c9660c05a9aa15e64559170a7e8283bef2a73efba40013e4425bb8b66b7,896458,780181.0,4512.0,0.005783,1,2,223
2025-05-12 21:13:18,6328d0ea76e4428b22b712a005ee781fb09b5e69a0dee2103701cec2501defa4,896458,625530.0,4608.0,0.007367,1,2,226
2025-05-12 21:13:18,ae640ec12a4adfe8905f7a0d9d4f8717d2df6884d76e9b9327e5289c4c5cd89e,896458,43425.0,4544.0,0.10464,1,2,224
2025-05-12 21:13:18,3550894661c9a2f209251e726a98c00eaf385fb4f24b9ed80b7adb5a09ab9f93,896458,26418.0,4512.0,0.170793,1,2,223
2025-05-12 21:13:18,7989cc5e60b7070f662aefb0adfaaec872662fdd98c6e972c1227dc083a86293,896458,293921.0,6688.0,0.022754,2,2,371
2025-05-12 21:13:18,ca692d6f0a6f2149792f8cf805952143533952a05bb803f4a85699b894940291,896458,29979.0,3552.0,0.118483,1,1,192
2025-05-12 21:13:18,876ebbeb5e02f99d6bca362beae5651389c9e50ab5026e631a00489960c1988f,896458,10572.0,3520.0,0.332955,1,1,191
2025-05-12 21:13:18,551321844c4353a3fc10cfbb0dfc45d1580413115faf3ae827f3530a5af0548f,896458,364308.0,4608.0,0.012649,1,2,225
2025-05-12 21:13:18,274175fe679edab2b9d0d1ee3528c302a018f54510f9eb117ddaa8f40b5ae28d,896458,53431.0,4608.0,0.086242,1,2,226
2025-05-12 21:13:18,80cbe74e9b30ee025d338002b9345c2e37b8b0c228aefa3efe1986c65f3bd48b,896458,14790.0,3616.0,0.24449,1,1,194
2025-05-12 21:13:18,51cc940ff488ac66622dea2a52c25d57e69ec5425848cfa5f633de39c19d678a,896458,111413.0,4608.0,0.04136,1,2,225
2025-05-12 21:13:18,254398fd6146c97d67831f1684262a3253c03b6976a2030a5baf101a8952ed89,896458,51652.0,4608.0,0.089212,1,2,226
2025-05-12 21:13:18,86827f6678d6a48ca1f3eb4805fe73f8b2b80e970d5d9382f6d49731c1d41884,896458,64504.0,3616.0,0.056059,1,1,195
2025-05-12 21:13:18,15e960bb243947bce49245a52f7d54ceaab0f5f682f3de7f8e5d0d9b0fd5867e,896458,188091.0,3520.0,0.018714,1,1,192
2025-05-12 21:13:18,1b29c1a531c0205b31f4e93a8273dffe2242f7119bf6d0cb22a4e4251f82f47c,896458,31345.0,3616.0,0.115361,1,1,195
2025-05-12 21:13:18,6240a86962645c0a43fc158e9472579c7c96af7dce24759e58495a916fb46d75,896458,1293306.0,6688.0,0.005171,2,2,371
2025-05-12 21:13:18,25e57101b567ac4ddc606809b1eabc01a9f2ce91d044d76cee7a294ff3dfae74,896458,211890.0,4608.0,0.021747,1,2,226
2025-05-12 21:13:18,b75affdd8c33285446808548bab17e7a9cfcad028163aa07be27760df1e7fe72,896458,324278.0,3552.0,0.010954,1,1,193
2025-05-12 21:13:18,ae8c2d39500b83c37ec19f6d57f729f9ebf7bf5005c3311dfb69afa791d7b771,896458,138877.0,4512.0,0.032489,1,2,223
2025-05-12 21:13:18,fbc2562658fc8d1be7daffade88e9860937b13d56fc164d491dc5b93d3fd1a6d,896458,26807943.0,4608.0,0.000172,1,2,225
2025-05-12 21:13:18,0056b12f25c34a00000a0ae99ee39a4d372a13461d4b84cc301e549c49331162,896458,53518384.0,4608.0,8.6e-05,1,2,226
2025-05-12 21:13:18,0ed2807546aa9c8c62a2e0dd2dd7e3d4d2734c902db9b8e5c026ba570e3ce95f,896458,289821.0,4608.0,0.015899,1,2,225
2025-05-12 21:13:18,eef6c925da7340b417d45c2335bd7e6785389448990db4aa998a9de7d6234e5f,896458,136168.0,3552.0,0.026085,1,1,192
2025-05-12 21:13:18,a5c2dd372265af1186846b67dba37c9611d055fb0c53874e73e5c30e2e036358,896458,172917.0,4608.0,0.026649,1,2,225
2025-05-12 21:13:18,e42325e0525a69c63ecd3e946bbc31cb9d931fc74ea0399b5c607464eadfb6eb,896458,235970.0,4512.0,0.019121,1,2,222
2025-05-12 21:13:18,03bc85d18073fa8790fa3f7784e8acbcc656c9ccc9e7acfea4a381608e131854,896458,300083.0,3616.0,0.01205,1,1,194
2025-05-12 21:13:18,e72fe9646b2868a096b132fbbdb7ca5221e23d7c2426d65a0cf2308e2c021a52,896458,54905.0,6688.0,0.12181,2,2,371
2025-05-12 21:13:18,fb7cbfbf02c98389184ca48cfa28a6540adb2bc622a2ea1249f616582a926751,896458,8108680.0,4512.0,0.000556,1,2,223
2025-05-12 21:13:18,b4ef2c4dd57f53e05ede6b5d315b069d59db1e8fcee1fccbd687bd6fb69ffc4c,896458,94394.0,3616.0,0.038308,1,1,194
2025-05-12 21:13:18,c7cf3d4938eb38800e4f15c6e84ad91100fc56f32b65fad736d061d5e812e945,896458,1978159.0,3520.0,0.001779,1,1,191
2025-05-12 21:13:18,db7d87b707aba617f62da8e73579bb67600665cb27b75ce2d94ce561eebf3a45,896458,7026889.0,6784.0,0.000965,2,2,374
2025-05-17 09:37:04,0805b4ebe0a91e403e751fd0de007c44b705a6900fb204a18f5363017dec8f25,897084,2370.0,10672.0,4.502954,1,3,419
2025-05-17 09:37:04,9786747745c4bfdd0daac6e7ea86771c448ecef2f22646e94d3c865bead0c97c,897084,1049123.0,1928.0,0.001838,1,2,226
2025-05-17 09:37:04,6bdfddd2f4d685006eac5e98a4a6362f388dc11d121ddc34c54521f010127332,897084,30000.0,2264.0,0.075467,2,1,269
2025-05-17 09:37:04,e5a93d6216ed5a3654b8a20e246326227ef2a75b06da0e5d11c87b8270c7f10c,897084,27762926.0,3060.0,0.00011,1,3,306
2025-05-17 09:37:04,0a725af3667672be59bb9860a91817009e74b8ff84c512bdf8b48e8041bbfc55,897084,155000.0,2604.0,0.0168,2,1,352
2025-05-17 09:37:04,b114b5c0e5da6b3e43d9badf1c2ca709b76a9bd30ad820a7677d9c1e08774283,897084,1109400.0,4300.0,0.003876,4,1,637
2025-05-17 09:37:04,62b6af4fe41d92a0b53840f64965f30d010314891dcfd1abedcc96260ca5104e,897084,10721112.0,24448.0,0.00228,25,2,3790
2025-05-17 09:37:04,53ad7b9216ab9edf1b2793efff6b918381b37411f50802b5ae272f317584146b,897084,645000.0,2330.0,0.003612,1,2,333
2025-05-17 09:37:04,6683dfd09ffc39d37b48297419c1873024409be3382d1bca39539cd5b843f42e,897084,375000.0,2330.0,0.006213,1,2,333
2025-05-17 09:37:04,06e84738a7df233417c467e584b2a869aa8e9f6b4a38aadd99b406cda6e1e6e3,897084,3037449.0,4584.0,0.001509,1,1,188
2025-05-17 09:37:04,b5bf11e0f2aa1812474a15d0ab1cde8c0a970d989ac4cad29cb799be6ba0ff5d,897084,340048157.0,1669.0,5e-06,1,4,478
2025-05-17 09:37:04,55e16b65587215eb7d1cfb30f4c4f0e9e58ea22924915d65dfc94d3959e6cded,897084,89894.0,1963.0,0.021837,1,2,222
2025-05-17 09:37:04,b11f684b217b21e20678b4a7b44433d46bab8e672c9cbc8876a1a9f002022dd4,897084,156037.0,1963.0,0.01258,1,2,222
2025-05-17 09:37:04,7e8df2705034964d37e20d1d84943587240105eed2895bf1c19c9ba04a7f7dc5,897084,101003.0,1963.0,0.019435,1,2,222
2025-05-17 09:37:04,b5c8c8930b0e7e2ae3172490add4745613bcc6e54907222c42326e87a8016c7d,897084,145119.0,1963.0,0.013527,1,2,222
2025-05-17 09:37:04,21d4a8d4afb36b03b0aa8f6a5f47a7733b373116fb06ae6c631ecccd2ceed0f7,897084,3699846.0,2016.0,0.000545,1,2,226
2025-05-17 09:37:04,b62eba089753ffae7ab8f467500eccc1518a301459600c6365e93e78605b1fc0,897084,29686093.0,6958.0,0.000234,4,6,728
2025-05-17 09:37:04,d00850914e5de1a1c1b1b8228fff99d176f032d5de3ef66ce5f0edb922e17019,897084,94125.0,1556.0,0.016531,1,1,192
2025-05-17 09:37:04,3387d41e9b72dfbcee6362549a18c3509e0361acb5fd585b981fa55a11440d12,897084,44015639.0,3198.0,7.3e-05,1,4,285
2025-05-17 09:37:04,6382a0d74eb7eae3ddb295e7749d53b4d24431e8fbfff996d726e9c5e48c9da2,897084,46346127.0,3862.0,8.3e-05,1,5,319
2025-05-17 09:37:04,5ebebb56976a4cf1dd8546203b115bec10b1eb03d39c3d452169f4c8adca01c1,897084,48447057.0,2288.0,4.7e-05,1,3,254
2025-05-17 09:37:04,dd649c445f91c5094565b285b0fd6b06a37367a77d82873d2016d7f7dd03e4d0,897084,48496172.0,1688.0,3.5e-05,1,2,223
2025-05-17 09:37:04,9ece9db0caf898e1cf2afae2626f14d925ff6583ee89a8937e5febd322472ecf,897084,49151650.0,3486.0,7.1e-05,1,5,330
2025-05-17 09:37:04,a1af73e22eb9c0eeea133c60629f9d30aefc2d9b00175ade9173e7e8b588898a,897084,50122062.0,2288.0,4.6e-05,1,3,253
2025-05-17 09:37:04,23f702f12ed5762ce51bf3cca6837eae7d79e88f140a4052ebb9a15cfa80429a,897084,50466101.0,1688.0,3.3e-05,1,2,222
2025-05-17 09:37:04,97da9e5dff102b05116110aff5218da992d8680f1ee35f60ad7b702524d7687e,897084,275000.0,2360.0,0.008582,1,2,333
2025-05-17 09:37:04,de2ca428de9d5dcb9118aaf504fb59079e5d02a6e3af7afdbf75d7998fbbca1d,897084,355360.0,2360.0,0.006641,1,2,333
2025-05-17 09:37:04,7f1ed4b7eddc61856b3924d8f7836ea1ef6b50b4fef766e9540693693ee1a460,897084,609924.0,4887.0,0.008012,4,2,670
2025-05-17 09:37:04,e7494993b70bc03a0d06c414a966de97fe8ea15fa6da58486f1b60f9b604faa0,897084,999832.0,3210.0,0.003211,1,2,222
2025-05-17 09:37:04,91c8661b263db99206c767686232c81f72c7e2d9edf35b889ae7f12bcb6110ef,897084,1119442.0,804.0,0.000718,1,2,223
2025-05-17 09:37:04,7728a259753e5d0641d72a334a4d0ea0f290e56906c3aec1af05a7c208d64b28,897084,574486.0,3017.0,0.005252,2,2,371
2025-05-17 09:37:04,a6c092965e082b973ddb9db9326a0b5f68abf01be0f4e1fc59144a4bfe860f21,897084,640871.0,3167.0,0.004942,1,2,219
2025-05-17 09:37:04,63d9d87b5ee82f631e2a42b3faff6b4f00e1f65c11766154879acb56f7febce1,897084,1488037.0,3228.0,0.002169,1,2,223
2025-05-17 09:37:04,6f29bd38f494237f96c0cfa43999aac62776650db7e30a38827a445daf38b9cb,897084,86867.0,7576.0,0.087214,1,1,193
2025-05-17 09:37:04,c2bd3b56170abcad1723cb578266dfc8313c311ecea2712511099e5736ceca6a,897084,99997720.0,2280.0,2.3e-05,1,15,650
2025-05-17 09:37:04,0444d4a249f40ceb94fa306c54deac063a41179682c8897790ad341547e5a98a,897084,379370.0,2089.0,0.005506,1,2,225
2025-05-17 09:37:04,97abe5a1d7da7021164e72ec99b6888eaf8c138571db7820d41f0e113cc54306,897084,10422729.0,2089.0,0.0002,1,2,226
2025-05-17 09:37:04,f34b8c155ac348b83064f1d218de249c7fff3c1b5e0fad1eb59a6fb5c2744742,897084,6729255.0,2594.0,0.000385,2,1,340
2025-05-17 09:37:04,251d0309fa002b112c0282e97878e0cd80a02c01cc07af807b97f71ba90a836d,897084,131844.0,2089.0,0.015844,1,2,223
2025-05-17 09:37:04,773e357323f2bbabe6c8162c72e13f177f117feec419c51f3f8b984d0d4f8a3c,897084,193660.0,1666.0,0.008603,1,1,194
2025-05-17 09:37:04,351442a4dd8c573c07dd8d140adae08f15bfc4f89f7dfdbbc303509a11356e32,897084,140584.0,1666.0,0.011851,1,1,194
2025-05-17 09:37:04,ecea8412eaa35c8a721898bdfa63b6fdeedc462e58f29c4f0ba82b482032e425,897084,261334.0,4666.0,0.017855,1,1,190
2025-05-17 09:37:04,0fdcd5da750f1b66e18a8e5a7608d73e5d416cd4d4520079b1ff9b6922cd2cde,897084,10825065.0,1272.0,0.000118,2,2,375
2025-05-17 09:37:04,4842f78f3d2b9196376fb349a6fe6a45faf81529b885bbfadab24cb05945d7e7,897084,1520631.0,2085.0,0.001371,1,2,223
2025-05-17 09:37:04,3d17f33524a89a2344c28943f845557c692f9556e99373aca5ffcda62b8b9200,897084,298551.0,7695.0,0.025774,7,1,1086
2025-05-17 09:37:04,be3051a1a67646591f135998a64e70401f89fc8e5c3ac74dbf27d21eef0bd4f6,897084,188872.0,2089.0,0.01106,1,2,222
2025-05-17 09:37:04,d58849f3693c0d31633f59bc3b8a24946baf57d710ec3517deba5adb1b5e6379,897084,400939.0,2089.0,0.00521,1,2,223
2025-05-17 09:37:04,0ee4146f6525f1813f739124258c25df92b10855fe0a99a03ea7518c638e8074,897084,181972.0,2089.0,0.01148,1,2,223
2025-05-17 09:37:04,de9cf7ab2cec8b50ad26ffa0c807bcae1cb4e6ce18a419d3d28d2699ad87b156,897084,3530377.0,2089.0,0.000592,1,2,222
2025-05-17 09:37:04,41f06a0b090147574b7df0a4159da8fa767da70eaef52b1acf88c74a42a61223,897084,19973.0,2089.0,0.104591,1,2,222
2025-05-17 09:37:04,3c0a522413e4d39f382896b7aba2cfa61c93a885eb758307fc12ee8ed8b1ec1e,897084,247907.0,2093.0,0.008443,1,2,222
2025-05-17 09:37:04,15dbf3ed7e81470636d955baa9ca3aa2c449eb083b3ca60255e813b0a60354ad,897084,32758077.0,2123.0,6.5e-05,1,2,224
2025-05-17 09:37:04,cd049f0bbf76694091af6ca52a248f9612d4f0d815c51636db9edda92b3167ea,897084,58169.0,2115.0,0.03636,1,2,222
2025-05-17 09:37:04,cc1babdaa4d273a936224678dd9ae6f7ecbf4918e75df892997a02e49a29e1de,897084,364825.0,4710.0,0.01291,4,1,638
2025-05-17 09:37:04,e81d222ff3e2aa612cb3fc6d657bbfaf7817ec37729ec85a9b22d22d701a70d0,897084,12886327.0,3105.0,0.000241,1,4,289
2025-05-17 09:37:04,a9c0f1843e3f684006b8c37f9ccc19ea396b62069d3a2a2f5abfd3156241b4bb,897084,10627094.0,4275.0,0.000402,1,4,285
2025-05-17 09:37:04,8a9b0c1a7da718cd7f5b35b464adc8d4e86b7198d83124990698844e875943a9,897084,16983507.0,2115.0,0.000125,1,2,222
2025-05-17 09:37:04,0df7175f631f4bd1d163ff96d952d67764cccd1b2407e01a50d06c67bf22159f,897084,19881.0,2115.0,0.106383,1,2,223
2025-05-17 09:37:04,c258435ef76d6e6c1b7cda7f42bccc99739894c29cb89508270d5c1177fede87,897084,6125191.0,3045.0,0.000497,1,4,284
2025-05-17 09:37:04,59d073f8582726348ecd255b8e4f090dcb6d01024bd7656d6f69f75c57911a83,897084,529129.0,2115.0,0.003997,1,2,222
2025-05-17 09:37:04,509a48cd094d7d7cc453da2ca3e4b3515e2094b1ab46d4d55d655a3724f39270,897084,231562.0,2145.0,0.009263,1,2,194
2025-05-17 09:37:04,313f0d788c706c6caa85f73f6c43861b53c1d4a50140a3609c0d8892f4b72c56,897084,2955928.0,2115.0,0.000716,1,2,222
2025-05-17 09:37:04,da4e1b6e592d1d9bb7203b352cf2d95336ffc134d3a266a845adca8e42b61742,897084,4397987.0,2130.0,0.000484,1,2,223
2025-05-17 09:37:04,1323c2ffe570d13918b78ea153505d3432ccc9f76d6babf0f4f3cc6795c64e34,897084,1321120.0,2715.0,0.002055,2,1,343
2025-05-17 09:37:04,58018d1ab3e284957b2772931dd5bf2fc51e2704fa702b50ab143db5e9c2db15,897084,224958.0,2160.0,0.009602,1,2,226
2025-05-17 09:37:04,928e222e41f65723f2d0f9be512755a311d1b79c856aa4e7493a60c073a82b12,897084,1114380.0,2115.0,0.001898,1,2,222
2025-05-17 09:37:04,d1eccd3a091ba1e6e4b62251ed023a434f21f060fe2fd282388891371984e954,897084,273334.0,1666.0,0.006095,1,1,192
2025-05-17 09:37:04,bfb64dfe6c132b397ddbfb73b561f8c88124b1168eeee0d930a9c8c991acd2aa,897084,1751148.0,3180.0,0.001816,2,2,373
2025-05-17 09:37:04,d74326d231f41ea4a996913a43695cb2d0e5923530dc904b48d0778550002e07,897084,129576508.0,2490.0,1.9e-05,1,2,246
2025-05-17 09:37:04,68e68786b7f175f5c4d6fd0c8e6341bb8c3c0506fe01c6706a7f6f3b2b059e6f,897084,12967819.0,2160.0,0.000167,1,2,194
2025-05-17 09:37:04,4f1cc1e69fef04bb6e03266f9148ac50544ae211767dcb757897e539621273fd,897084,21938.0,1666.0,0.075941,1,1,191
2025-05-17 09:37:04,910d6da93616394c6d7b9677f091604269278020ae2ef9aadd4d7ac67d4f3cbe,897084,223248.0,1666.0,0.007463,1,1,191
2025-05-17 09:37:04,17114892a993029bd0115f9c563c2f8622ce8d4b3e15c1fa8f1bdd44dbd42a7f,897084,148742.0,1666.0,0.011201,1,1,192
2025-05-17 09:37:04,0952f78b50eee7c43a85beebc98aef5b67671418e89552dc26da43dab8271b5f,897084,121257348.0,1666.0,1.4e-05,1,1,192
2025-05-17 09:37:04,66df32b0f899aea7067a285ebd3fb764a54bc1fd91bbfcc10677e4f6cb350e2e,897084,4518926.0,1666.0,0.000369,1,1,192
2025-05-17 09:37:04,7ed190be0ea29c5c2ad23e5a9a35019a3747f2b3626af4faaee333e72bed5d15,897084,53140.0,1666.0,0.031351,1,1,192
2025-05-17 09:37:04,019e74b38cfd595954928f61b5a3896d6e9272c5eebce02010733928f1e51878,897084,18305173.0,2183.0,0.000119,1,2,225
2025-05-17 09:37:04,3344e10cb5a4f7a2976c22e2481a263d8cd19864d881f00127965cfc24cb5a17,897084,84000.0,1672.0,0.019905,1,1,192
2025-05-17 09:37:04,8fd8e48a4cc8b67a9d4b00cfa2f479fdc5539af0c65f494c371dba8f88dd7b0e,897084,2297716.0,3438.0,0.001496,1,2,223
2025-05-17 09:37:04,dd15f048ca860f2668d43b68136c246d9b74a66ae72e9ba4e57a1e1e0934b12a,897084,241000.0,1699.0,0.00705,1,1,191
2025-05-17 09:37:04,1dd4977e7aefdd2294402c877b5aa48240e478337e3e38064ae0a587d59f85ab,897084,2080304317.0,5788.0,3e-06,1,9,453
2025-05-17 09:37:04,8beb18e70369658cd5386f7b66d565d78119bd119dfe77277f9ac03189838ffc,897084,16938880.0,2387.0,0.000141,1,2,234
2025-05-17 09:37:04,b0002768aebf95866e60357f0bec3cc700497ddf877c9e70b88b4a01031a6fe0,897084,5783111.0,2387.0,0.000413,1,2,234
2025-05-17 09:37:04,3721559a4494e2fb56a052de66c37f54bdfce1c10cc1627beff9c071e5f6416c,897084,18903730.0,2387.0,0.000126,1,2,234
2025-05-17 09:37:04,a9a5394fcab3450c005014e267997e7314aa05a049c4068105590f2a81493b5e,897084,2715675.0,2200.0,0.00081,1,2,222
2025-05-17 09:37:04,98e3fc739fe16dd442eb7f8fd404a97b79093fea3f29f2befc568b310e430e00,897084,233661075.0,2200.0,9e-06,1,2,222
2025-05-17 09:37:04,528f21f30274136c850a46641a6ac191c9a9213e1ac77fcddf62ffba873c7782,897084,313263035.0,2260.0,7e-06,1,2,226
2025-05-17 09:37:04,499e2139ac2ca44c92c50a2889b4d3b05a753541d1ba8809a10635515fe9d5e6,897084,313327895.0,2260.0,7e-06,1,2,223
2025-05-17 09:37:04,ea07a35ffcff27b58712327d1dcc3ba2afec96c2a49e801c3f2937735e168ce2,897084,314781555.0,2260.0,7e-06,1,2,226
2025-05-17 09:37:04,8786442bf97586bc2aa4b8d5a0d4dd7ffe3d660f3dab26224e04dc5caef0db15,897084,669014.0,2295.0,0.00343,1,2,226
2025-05-17 09:37:04,7263e0005836b9dda6efd1a3365cdebff419bb792aa884e6cecdbd5f5c6c06ee,897084,22200.0,3000.0,0.135135,1,1,188
2025-05-17 09:37:04,d83289971d941b09f0d966cad1f3eedb48e9fcce8d1742fbb867069407a5a4f2,897084,16008329.0,4424.0,0.000276,3,2,520
2025-05-17 09:37:04,2a079b0e70f0386693edd45261db13fd06fd696c80a9ea6f51e3ac58bab939cd,897084,4451388332.0,2304.0,1e-06,1,2,225
2025-05-17 09:37:04,c7456a684abc525ecebc770bcabd07082273fb2e3916bebd533a8ec246607e5e,897084,416114.0,2256.0,0.005422,1,2,222
2025-05-17 09:37:04,52111e6d569c4c63be0653fe61da8671da8236193fc3b27baf47fec70e5e2fa8,897084,295034.0,4966.0,0.016832,1,1,190
2025-05-17 09:37:04,68e3393febb4da67c86e28e3629f0e3e318e82cba57556a0c152e9ab6cd2cd0f,897084,637400.0,406.0,0.000637,1,2,225
2025-05-17 09:37:04,69eae07073fc54785afc1e9c7c2d8dfc9be48a8a458c757c40ef686dc61de4a0,897084,1300000.0,2710.0,0.002085,1,2,333
2025-05-17 09:37:04,d6a3a3912e344a55977d96ccbfa3b0c560065771035c788e6cb244dfee57030e,897084,8809996256.0,3744.0,0.0,1,2,232
2025-05-17 09:37:04,23fef99d17fc6dd0aa214aebf268bfc2850b0b2841d8c6b1557397716c263d18,897084,39720.0,1781.0,0.044839,1,1,191
2025-05-17 09:37:04,69112e6a17af1c614e99f7ab90671402ab1044764d34a0a2573151f7378dba02,897084,28068.0,1830.0,0.065199,1,1,195
2025-05-17 17:52:33,a24611c965144aa458923fc0c7458a891841a693e7bad5c57d297839a1938824,897134,8469829.0,1066.0,0.000126,1,2,220
2025-05-17 17:52:33,7096d4c7818adef94c7e431ee2ae2c878bd37367f0abfde8d25aae6ac97ecf6f,897134,30355.0,645.0,0.021249,1,1,214
2025-05-17 17:52:33,825a6b4cd2f6cf7a07589dc3fb5e59cb459ae767f5e35bbd68905f911316b783,897134,2357660.0,1344.0,0.00057,1,2,222
2025-05-17 17:52:33,f780294171ea6d7d629b817d7327f7bdfb0e4d6fccbf80b82990291416406dba,897134,2368704.0,1344.0,0.000567,1,2,222
2025-05-17 17:52:33,3b66d002d246b8ade9a8d0e6e00139ea8b85c883fb0d1f4d490b4a40888ba2d0,897134,2379748.0,1344.0,0.000565,1,2,222
2025-05-17 17:52:33,14addfd940dcec69d3c3ecef40540d1088b7d4a71fbfaa0eca448545759025a3,897134,2390792.0,1120.0,0.000468,1,2,223
2025-05-17 17:52:33,6d7eb5c499870d0faea767f68f0edf3f5b252d082a962eea635033438e00b7c6,897134,2401612.0,1120.0,0.000466,1,2,223
2025-05-17 17:52:33,da7d34daca9627e42c12a7756bcc2042f6192382c5f45b35a048f0bd2f4c4a22,897134,2533720.0,1120.0,0.000442,1,2,222
2025-05-17 17:52:33,9618cf761b70ce4990966b4fbaf3e735204f059127ca228fc98ca39bde2896a2,897134,2544540.0,908.0,0.000357,1,2,226
2025-05-17 17:52:33,96975e6e1c9913131f76a97071d34decb979209e35a645646fd6b46bc8474ac1,897134,2555148.0,896.0,0.000351,1,2,223
2025-05-17 17:52:33,a269963b28f7e47f3dfdcb34a50ca8ddebde301154adf98bd6b0d368888d82cd,897134,2569644.0,896.0,0.000349,1,2,223
2025-05-17 17:52:33,6d1f45c1c5e7f36a066d507d4b3dcccf67c8e2436fc5aaa5f399626e369da8a5,897134,2580240.0,896.0,0.000347,1,2,222
2025-05-17 17:52:33,c0c0a8aa8cbf415f97e3784937f79d611976263ac6150af11632aa0d7cfc6c36,897134,2697636.0,900.0,0.000334,1,2,223
2025-05-17 17:52:33,2e467bb0091a42fc4480c77001e4dd6e0b729ba5c2926059e317443f0b4bbad6,897134,2901000.0,684.0,0.000236,1,2,222
2025-05-17 17:52:33,3909d109345a23db1bfd92c32a50ae3c56eb58cc28cc396aecc09beaf0588f5b,897134,238300.0,684.0,0.00287,1,2,222
2025-05-17 17:52:33,5da4075e89d209ca16631dd0649061c37a0adc066ad318b96176c00a513ee2b2,897134,180444.0,1145.0,0.006345,2,1,566
2025-05-17 17:52:33,f509fadcf32036b692a153f454279fef230006f5aedebd7efd226b18cd36dd0e,897134,9705.0,1198.0,0.123442,3,1,490
2025-05-17 17:52:33,f6870743ebe94d45723a0cff49f8fde1d4daeb3fca17fa8ff4e7883fcab016da,897134,9142.0,1204.0,0.1317,1,2,437
2025-05-17 17:52:33,63a81eb0b92dc8a8aa84802a4a28d79a7695d11a3c85310e52b5abe1a033b1ec,897134,352512.0,530.0,0.001503,1,2,234
2025-05-17 17:52:33,0c2f61c376e5dc8ea7b0ee08ae2241520e5ad8642687360a0e83dd79817f48bc,897134,133612.0,546.0,0.004086,1,1,193
2025-05-17 17:52:33,be1f0b965f5ecb1080f9b700e77be0fdf414298ec050f8de057c6149d8a5f15d,897134,3525619.0,3277.0,0.000929,6,2,1658
2025-05-17 17:52:33,b832555d16a42f3e5fc70db924f743213e59962f7e5816b34cb270c874dc661d,897134,29960235.0,972.0,3.2e-05,1,3,280
2025-05-17 17:52:33,805679a58862d6f814000f0090c9226512efe04b060c327c62e49ed56961f7f4,897134,1242171.0,1859.0,0.001497,1,2,380
2025-05-17 17:52:33,91eb7f29027dd0596b9692b2644f4093a97687e462d0de761e483885f5a2c8bd,897134,32074.0,926.0,0.028871,1,1,189
2025-05-17 17:52:33,1d63e55e4b9a41aeb8c7228ba2923c74743960ac046bf475a9403156339ed2a2,897134,4174610.0,926.0,0.000222,1,2,380
2025-05-17 17:52:33,b61a1582552cf5ea05f5b5df163877f248906db4eb1fa13d509f3f2f3f149532,897134,42150665.0,691.0,1.6e-05,1,2,223
2025-05-17 17:52:33,ab14f584f5bd067dfba99d45d77fc1fbc36055edbe20738e2e8c480e604329a7,897134,575008.0,545.0,0.000948,1,1,193
2025-05-17 17:52:33,696b5ca7d04d74bd5ae0f526e9417cbcdee9a240dfd801a7b57f3895ede86498,897134,45317.0,555.0,0.012247,1,1,194
2025-05-17 17:52:33,1f8aeb5c769488473ab30efca64eb9e9b809635c1e52e5fd7f82195669183544,897134,71419.0,555.0,0.007771,1,1,195
2025-05-17 17:52:33,cefc8c028ec6dcc115a08f5e546d5c23a90fa36e76211551f319ef5f02f80122,897134,18472.0,1665.0,0.090136,2,1,339
2025-05-17 17:52:33,9bc0d03acb73c77f4bee6470f2c549f2cdd2c296aea382d3404c8d8d4c5c45a8,897134,25784557.0,3131.0,0.000121,1,18,718
2025-05-17 17:52:33,c5a54e477501f53f10bb4d0bcb7663c211d1e167c4557ec16d051e9947f35941,897134,174073.0,695.0,0.003993,1,2,222
2025-05-17 17:52:33,60d5001cf7d5d4e947f95b4f2ee43742b52580fd2d249f69ee15dca7057ed5ab,897134,964664.0,710.0,0.000736,1,2,225
2025-05-17 17:52:33,b6fb444cd088e081182efd335bbf2e0bf2258818cc797af51119da949f085c84,897134,876410.0,699.0,0.000798,1,2,223
2025-05-17 17:52:33,f9227e3c2f13508f3ff1a754e99dc510385576b3963eaf350afd8a24747bc0e2,897134,279013.0,1205.0,0.004319,2,3,405
2025-05-17 17:52:33,3ac7c5b194f8cd75299cc494ff3f9b637e192e76dc8cddfc9187ed133f1da8cc,897134,11946686.0,660.0,5.5e-05,1,1,214
2025-05-17 17:52:33,8f18e3b4de0ec60371c74b644a965011a34c6478e0707e356585f0b36491a8e0,897134,48400.0,546.0,0.011281,1,1,192
2025-05-17 17:52:33,a930f8af7b186ec4333122e61c9b3d2a80de3fb577d08bb4acf08243840b79d3,897134,32844.0,546.0,0.016624,1,1,191
2025-05-17 17:52:33,ad962a7fec7319e08c8606e00367a5ac1c4d891ebf6825922e9b8bbaa25e5ab3,897134,134454.0,546.0,0.004061,1,1,192
2025-05-17 17:52:33,a34bb76ce86c31382a51d8b1cf471258fbb5ab1efdd03763dac622bbde746ae4,897134,16509339.0,6599.0,0.0004,1,39,1409
2025-05-17 17:52:33,ed9885cb2d5b650c8d061d62b83395c1be3102bca8b03f72a95af1fe0a2effd0,897134,19042.0,1055.0,0.055404,2,2,312
2025-05-17 17:52:33,9efd8d99642e2115b56714455fdd06b8f71978c8e9a8a00d8b7347a0b07b8af5,897134,244846.0,702.0,0.002867,1,2,222
2025-05-17 17:52:33,55e323a03b48a55330f837940aac584266f601e733737810394607a8926df47a,897134,97411.0,707.0,0.007258,1,2,223
2025-05-17 17:52:33,34e5dd60144f1791076fc92803e0d7d4a5778375c5e59c036f93d6fce6509e9b,897134,484094.0,717.0,0.001481,1,2,226
2025-05-17 17:52:33,427256ea2ca3e86501a1cbb15686e0cd4f8f7e4b5ccba4d25cdeca9c7d4efdde,897134,56644.0,757.0,0.013364,1,3,233
2025-05-17 17:52:33,37df88ee2022278efde073bb82f912b4fe426f150068d9d844c3f61e4c53abfd,897134,56201.0,548.0,0.009751,1,1,191
2025-05-17 17:52:33,e1c2e08d3d40bf3485dbcdce1ffc621bf3054b6c99c1e425d0a5e7fac2f775a9,897134,107100.0,548.0,0.005117,1,1,191
2025-05-17 17:52:33,0f6ac561f7702161d7f6c499bb2f9371fca0b847e4ac7afcda868c69d4527956,897134,58715.0,548.0,0.009333,1,1,191
2025-05-17 17:52:33,eed7a7a8cf7a95653fdf8b499904d45b2109f43f6d1bbd5a4b0e7e5f024d0d09,897134,7795.0,548.0,0.070301,1,1,191
2025-05-17 17:52:33,3cdae242e6a298b18ee796c53949a15f6f9074031521fac2c0171cd63036ad13,897134,137536.0,553.0,0.004021,1,1,193
2025-05-17 17:52:33,1d994ab37a6b7a0606cc6368e6eec39e94446dca85f671e539cbc3ae7b1dbf9e,897134,76742.0,832.0,0.010842,1,2,249
2025-05-17 17:52:33,fed4b730ad1041e6ddfe910f74738b44cf91b6c532fcf5c410c33b14ddb60bce,897134,504572.0,872.0,0.001728,1,3,257
2025-05-17 17:52:33,435300a02b326cde5ad81dd5057155e2f46f7b4fd2123a6a31bf3958bec14f24,897134,363581.0,872.0,0.002398,1,3,257
2025-05-17 17:52:33,435ec1e5f48605ed47b0fa68f8041066258de7c9445c032bfe16d80c730c487c,897134,44605614.0,608.0,1.4e-05,1,1,204
2025-05-17 17:52:33,b2e29d9b00cb902f6206ca5a2ee33c3d059bcfdd393f349b8604b512f1e33c5e,897134,973853.0,888.0,0.000912,2,1,341
2025-05-17 17:52:33,c4e5f28f2c130816e2bd5aac0a86fc5a822c53ddd1682f23a00f4ee721581c6c,897134,390443.0,903.0,0.002313,2,1,343
2025-05-17 17:52:33,92788e4c69d53f0836df1989c645ee70f018db54645c6cbb9c521fd011a7222d,897134,967664.0,943.0,0.000975,2,1,351
2025-05-17 17:52:33,6f73fbb89d3ca88f62eab58af32c3d9c879be37e2390aa492c6f5506c3ec0a9e,897134,15418268.0,1697.0,0.00011,3,4,583
2025-05-17 17:52:33,c316821c7a088e9622067c18eddf4bcc4c746c65182523faec6817e001e4bf06,897134,30553491.0,3090.0,0.000101,8,2,1265
2025-05-17 17:52:33,24b5daecd610b1f70154e8537ee9128e079c0a6ad94e44e985c97d9825d42bc4,897134,96360.0,904.0,0.009381,2,1,343
2025-05-17 17:52:33,cf5ac4c8a0faefeb81a4a441f2fa5977fea1c729fa64723cdb6260bf93ad6afd,897134,75450.0,550.0,0.00729,1,1,191
2025-05-17 17:52:33,c7179dc1ed97e9c9badb329e7c5810c443c99af3ee164a063c7208e3d77f15fd,897134,13108880.0,705.0,5.4e-05,1,2,222
2025-05-17 17:52:33,e96b43a13bfc94b554430e29562c70b22ea19671c39f30a133595b3af367acfb,897134,1072992.0,1045.0,0.000974,2,2,371
2025-05-17 17:52:33,2ce0cae125d6ea040c7ab3e928ad410e1294d70346a78ad36ff373eaf89189fa,897134,42240.0,720.0,0.017045,1,2,225
2025-05-17 17:52:33,b1e8fa8dff8419d691560f0bd82f7c1911de937e395d62b7dbcb7254dc9378f5,897134,1159464.0,1385.0,0.001195,3,2,520
2025-05-17 17:52:33,7bb60fd7027b6e225b47d25883581d6cf8823470c3825bf600077ceaee9c25f2,897134,2694505.0,495.0,0.000184,1,1,150
2025-05-17 17:52:33,03c68f6571882d55e049cf07658b4f59f3884a4e0d16995da72ce6e4a230c9f0,897134,14393.0,1115.0,0.077468,1,2,223
2025-05-17 17:52:33,6f75cbdd8f222da72782f43638ccedeed28721011b6bcb7cad0169c8e54ea4f0,897134,155921.0,1225.0,0.007857,3,1,487
2025-05-17 17:52:33,2357bfcdecc2b84aca20c7dc537983ada6929ef3ba017c367491b5436c0bedec,897134,49332.0,710.0,0.014392,1,2,223
2025-05-17 17:52:33,8740d469708f8112a265026cc9c1fc4af0b6b60ab9dfb5d1befad2eb440641e9,897134,1873874.0,705.0,0.000376,1,2,222
2025-05-17 17:52:33,a55edbddb601e92bc693574428c73bc42e7d78a8680943267d6d500b6575b3e8,897134,76967.0,500.0,0.006496,1,1,151
2025-05-17 17:52:33,3ea8cfc64f73f59ab0433627d1fd8eb8955d08e2e2983cc2056aeffb618799e2,897134,121812.0,710.0,0.005829,1,2,223
2025-05-17 17:52:33,d52b5d5e8c2a5588e22c4c0f869ad475e9e4416d8b3b4972f9da4b2f059d50e1,897134,628886.0,1380.0,0.002194,3,2,518
2025-05-17 17:52:33,0df7062e84e1f20a4f925510f8b153e9eb2e92a4d5c55ff4172628ccf8f94ad9,897134,32555.0,1920.0,0.058977,5,2,633
2025-05-17 17:52:33,27a12004cf7b47252c7d284cf2e97e31795d74f9bd17c6e46140f84a3e6464d5,897134,326994.0,550.0,0.001682,1,1,191
2025-05-17 17:52:33,eed4bf6347eea6e5567868c3018a672ddbc8b4bf0eb8b98a40b9af8b650ab3d4,897134,144669.0,705.0,0.004873,1,2,222
2025-05-17 17:52:33,8f978a972ac880f205f130a5b682b3b0f496361f62b27dadff698bf531eed6d2,897134,426643.0,710.0,0.001664,1,2,224
2025-05-17 17:52:33,37534214609db7c9b682f077e17bb93119f49a0b737e3b9190c28032a31795d0,897134,15218.0,550.0,0.036141,1,1,192
2025-05-17 17:52:33,8d277c0a999f2bc1c6497890511be676b463c4b219ba6dec74b6358906b4b6ca,897134,136486.0,1040.0,0.00762,2,2,370
2025-05-17 17:52:33,244267e2360820d2aa86837aed54e8848b30b858d0f6e7ffd11015414a07e4c9,897134,1930496.0,1335.0,0.000692,1,6,348
2025-05-17 17:52:33,8a03511a35bdd70643f7e371acc1b9cc127939da7bb2c8b087db135005950fc9,897134,1019231.0,495.0,0.000486,1,1,150
2025-05-17 17:52:33,e0e176be62cd7ff20fe9de27990b1292145ba898f776151453a7c486deab99c8,897134,105378.0,1045.0,0.009917,2,2,372
2025-05-17 17:52:33,57fde3a08179e1b4b6a2df40d6c0b60598bbae8b7eb24b058f496e68b1620bc8,897134,798395.0,705.0,0.000883,1,2,222
2025-05-17 17:52:33,4898b76fd85a2e54ea1aaa4801ea3a4c4a22413aa62ad2e11c32b26d802cc5c5,897134,5399295.0,705.0,0.000131,1,2,222
2025-05-17 17:52:33,9cbf93691434f51bae04c952472eb52cdaefbc75034ea51932caafcd3d9c68c5,897134,76007.0,705.0,0.009275,1,2,222
2025-05-17 17:52:33,4a7ff3252585eff8d992cdc21f3bedd2843b98a1ed3f487d14eab3996618f7c4,897134,433668.0,1095.0,0.002525,1,2,219
2025-05-17 17:52:33,d2eab7447ab7db1e2ec9e6668128c5c0910a6c9d4080af7138365cab890d3bba,897134,232157.0,710.0,0.003058,1,2,224
2025-05-17 17:52:33,13d530d2d1e218d22ca19930a66462e7ad070ff1162b5ff95ff73356f5e44eb9,897134,21720.0,1495.0,0.068831,2,4,399
2025-05-17 17:52:33,1c3aff2504fbb70a80ed2917ce684b0339ba9a5fc43ddefcc5bc0eb2cb1c24b8,897134,694988.0,710.0,0.001022,1,2,193
2025-05-17 17:52:33,efb4b2e2822a5a888f02c1fd7482c54e876348e5de93d42bf9c49e3e6d2781b7,897134,9721.0,765.0,0.078696,1,2,235
2025-05-17 17:52:33,e8c6119c9249490f1cdb5e2df37ad9e61f8187ff432a83d85d598f16c042bcb2,897134,10414885.0,705.0,6.8e-05,1,2,222
2025-05-17 17:52:33,69c0f5e01c5002c96076a5d8c463841100ab0e3f2f62a279cb42a4c3cad1a7fc,897134,11748590.0,705.0,6e-05,1,2,222
2025-05-17 17:52:33,88e4d51d3553c36f0827954606cf001f54448bab9bebe7e2c37b0c6981e100c7,897134,18999295.0,705.0,3.7e-05,1,2,222
2025-05-17 17:52:33,92e80a88984c823d516bcdfaacac27ef1ae710dcbd7feb32b50c1d47711018b2,897134,979252.0,860.0,0.000878,1,3,253
2025-05-17 17:52:33,6d1936495edd5e4bb05b5c73038e0507d8707b89cdbc87133852d373778072b1,897134,142253.0,550.0,0.003866,1,1,191
2025-05-17 17:52:33,c948a50082112d80f113a0c37bb218640a536481d862b3e137accb5308e0ddae,897134,275712.0,720.0,0.002611,1,2,225
2025-05-17 17:52:33,5993438fecd316c81726a2185d3c7cd5553557fdcad369c60248318f37dd76ae,897134,27334.0,1115.0,0.040792,1,2,223
2025-05-17 17:52:33,d8a506558622991801ff26add90996bbf71897621509c8ee62b85ed8a94369ae,897134,743444.0,1170.0,0.001574,1,5,315
2025-05-17 17:52:33,ce87f16c37c269ec88d11611c4858b6a3b72bf58e7dbd854effd61b46dc898ac,897134,109290.0,710.0,0.006496,1,2,193
2025-05-17 17:52:33,24d4a508748f11a81f134cc926495d150b4d057015150b6fa1f268af765402ab,897134,96023764.0,765.0,8e-06,1,2,234
2025-05-11 15:49:37,f7a2051e2b6aeb8cc1a8c57a92fb2354ac5047a7257423b7eaab56162d34f8d2,896276,556023.0,111.0,0.0002,1,1,162
2025-05-11 15:49:37,990fb87cf76554469a12035973bc9082275c4ce3aa57f96d1aee672133da33d2,896276,66272.0,165.0,0.00249,1,2,246
2025-05-11 15:49:37,7eb55b0b318465acba4e1f026bc4663881396b3a9ff658a651b3669d17bbd0d1,896276,126990.0,141.0,0.00111,1,2,222
2025-05-11 15:49:37,49684369074a79f04c72126761b1eb26482ef9acb26cc0e846063be752e1f0d0,896276,742125.0,141.0,0.00019,1,2,222
2025-05-11 15:49:37,4a80ce0c8384b6d0fca7739f7e5ba45e25d0688fdaea22f2131ab6733a84bccf,896276,546.0,152.0,0.278388,1,1,325
2025-05-11 15:49:37,c18bce7d61c99b66f9ab6d2e79e6fa05988e15cf5095687a54d8119d971f0acf,896276,546.0,152.0,0.278388,1,1,325
2025-05-11 15:49:37,c63477731c6e21d8dae6762192ddce8a707d6b6ec92e286da06e819430d080cd,896276,3816859.0,141.0,3.7e-05,1,2,222
2025-05-11 15:49:37,b5e403e464770ac106fde889a8257c009cf843de39b0700fca0e46479ec436cd,896276,546.0,152.0,0.278388,1,1,324
2025-05-11 15:49:37,14ece45973caf95031ce40f61467c849ab4988098fbf5ad2a0d5ee9de38000cd,896276,937980.0,144.0,0.000154,1,2,225
2025-05-11 15:49:37,0516bc3df4d683a8db23f4615fbc0b6f2a477c5f8c502225c0e6d88cac1f08cc,896276,330.0,151.0,0.457576,1,1,321
2025-05-11 15:49:37,bc93a21b4a7c41a5785919431ff164cd79f0e14206d74bf91d21645271b7a4cb,896276,19454.0,275.0,0.014136,2,4,375
2025-05-11 15:49:37,ee37829bf3dc3bc7e4df7a133bebfbbc01254250ccf79868d25efadcb96a9bcb,896276,400308032.0,245.0,1e-06,2,1,573
2025-05-11 15:49:37,b3ad47ad6e1011031168578257d8c6e24a6e2dc7d706e879f306780022cf12cb,896276,330.0,151.0,0.457576,1,1,321
2025-05-11 15:49:37,615d8de769ffd65f0571f935ca8dfb944889e7d47215053879ddada79cdce6c9,896276,20402.0,142.0,0.00696,1,2,193
2025-05-11 15:49:37,ceb693882a7428859a7e289b7f1261b6ca6b4b54c206ef84244321c8daf99cc8,896276,188700.0,111.0,0.000588,1,1,192
2025-05-11 15:49:37,ca35c42e91c8824e639dd228d1036054e56255f6c2ee861bf5f9ac6b219590c8,896276,669284.0,111.0,0.000166,1,1,193
2025-05-11 15:49:37,b1d95a183a6c2c317391248073cf8e2d1a21329adb162741a333298a0b5a90c8,896276,249353.0,212.0,0.00085,2,2,312
2025-05-11 15:49:37,ea31da7b901ac53cf5116e1be8289c029a1a290d8e5b072e04349a055df6d6c7,896276,546.0,152.0,0.278388,1,1,325
2025-05-11 15:49:37,dd6d69972de5213a860623cd8296c2aea338aff6f1d4917fae275dbcb0ff16c7,896276,330.0,151.0,0.457576,1,1,321
2025-05-11 15:49:37,39c2dcd45358caa4243906af06c4bd6bc05c32fe59db1fb6e4032b6be629f4c6,896276,330.0,151.0,0.457576,1,1,322
2025-05-11 15:49:37,7dc8c69cd4ebf1b62b54653d0843866dadf6ee1aafff398ed1668e8367f206c5,896276,273100.0,805.0,0.002948,1,4,451
2025-05-11 15:49:37,38b711334e529d2fef24f8926b416026653fb6d4b7cb6e81cec87620c3365dc4,896276,195670724.0,209.0,1e-06,2,2,372
2025-05-11 15:49:37,5aff8412e08f8943a8b2dc1e7fa0334a022d4182d9e026d226d8b547a1b24dc4,896276,330.0,151.0,0.457576,1,1,322
2025-05-11 15:49:37,235656362f408ebee0246946afef3a06882c7746344906b5d283c4cf7f3142c3,896276,1221004.0,165.0,0.000135,1,2,247
2025-05-11 15:49:37,02a416ceb5e58d9302caedaf2e7b5a6f1dddb243bbb0b38f1d19aa1f6ae02dc3,896276,546.0,151.0,0.276557,1,1,322
2025-05-11 15:49:37,2c0a073a122fab36c8127720606cd777eb19ca5fa6e6f581203eff604f5222c2,896276,330.0,151.0,0.457576,1,1,321
2025-05-11 15:49:37,ea7ccbe59a427a03fa34e1e3267218b2fe4aaf6d6dd9c985c5fb712f6780b7c0,896276,178237.0,110.0,0.000617,1,1,191
2025-05-11 15:49:37,df963f4eb25e443a0352499c6c49af1e575d61053d4dba0715557fbb43a03ac0,896276,290511063.0,172.0,1e-06,1,3,253
2025-05-11 15:49:37,f54f571183a18c57a7af049972f9a0c270567ebacc006777a0725d2f7e7feabe,896276,9237195.0,141.0,1.5e-05,1,2,223
2025-05-11 15:49:37,56a16c33d0f622f1c76f3fa4327d6944e4f524a0ff844bc095dc9e3cd8e6ddbe,896276,11706334.0,142.0,1.2e-05,1,2,223
2025-05-11 15:49:37,4fc31ed5af263629f6df0210808e29dd2e961520fdf3e75e2ef340ce76d3ccbe,896276,546.0,152.0,0.278388,1,1,324
2025-05-11 15:49:37,f17e653db6e5e069277a8ca6a04360c7c63d8ec20debf8959aa471f6ccc0f1bc,896276,2978.0,212.0,0.071189,2,2,312
2025-05-11 15:49:37,0672f0b8e3097fdaf5df824736a5a4c0edee15a02f5c9ff9f1c1e5115629aebc,896276,437902.0,277.0,0.000633,2,4,439
2025-05-11 15:49:37,50574c4c709c6aec2df9ad1c55ee1392eed2fed4a05633411d7adb7464c529bc,896276,632234.0,209.0,0.000331,2,2,371
2025-05-11 15:49:37,c174b87582ea71d6b627f93b7880e6580a8722ff3cccde36fa343797e72728bb,896276,412360.0,256.0,0.000621,2,2,418
2025-05-11 15:49:37,0f6712a1665b910feafc87a59e044b0b4de6e044c6fadce44f591f2a736509ba,896276,19465.0,275.0,0.014128,2,4,375
2025-05-11 15:49:37,2a74634f3a6e97988827349aac6498a6175c4d996ffc5fa1cdae4a84a52bf0b9,896276,546.0,152.0,0.278388,1,1,324
2025-05-11 15:49:37,6ca1fa8190f704a6e422370f25c439c0f923b024d2d79bb8be12d28607bec5dd,896276,224846.0,154.0,0.000685,1,2,205
2025-05-11 15:49:37,99a3788f1ba5cdc8f9df6e5744fde6c2f825b82642f53e29ed1df4850c6389b9,896276,135902.0,208.0,0.001531,2,2,370
2025-05-11 15:49:37,006f445b4fe6c2ac8e54cf9561b12bedec32b49e16871af1bd51dae4f2ae76b9,896276,1784015.0,240.0,0.000135,2,3,402
2025-05-11 15:49:37,a088c557b695201fd7e2707df0b242eeff1543fad5ca9d39498c7582e6272cb9,896276,65332.0,141.0,0.002158,1,2,223
2025-05-11 15:49:37,97304c4e265617e7c77163daf1baad58bd01df61c4e84cfbdfc2aa677598a0b8,896276,97757973.0,141.0,1e-06,1,2,222
2025-05-11 15:49:37,4e437d1dc26c10cae1d798d11dd42fdba097b9f7ba39d64527c20c00fca58eb8,896276,546.0,152.0,0.278388,1,1,324
2025-05-11 15:49:37,8363fc19f07ba8ae7ea8a84992701d560af921ebcb0965f50cc43cf6887abfb7,896276,330.0,151.0,0.457576,1,1,321
2025-05-11 15:49:37,88ea656609d9a8a08a5947d6d16c28305909a9778289e2651e8ea4cad31436b7,896276,257883.0,207.0,0.000803,1,2,376
2025-05-11 15:49:37,8163959ce002c23198cb14827219448f50767cf1cc1d0676da1b85a3e36d39b6,896276,11064.0,111.0,0.010033,1,1,162
2025-05-11 15:49:37,f0ce9436602e9ef66820e69e68d4497c9fd0e5301df66ca6b42a475e5e8aefb4,896276,546.0,154.0,0.282051,1,1,332
2025-05-11 15:49:37,29bc02e76b3daf75fbbcb11eaa4156548a15cb1052d8fdce98a4fb7a0b2c9cb4,896276,330.0,151.0,0.457576,1,1,322
2025-05-11 15:49:37,3cde39417e14a99c2b2719c520fd0d24e324f3730ea58db4de4e3f4864219bb4,896276,330.0,151.0,0.457576,1,1,322
2025-05-11 15:49:37,feea21f286b00ee82c12c4fdf154149c0f30112b327de7b32ed333ef7edb48b4,896276,330.0,151.0,0.457576,1,1,321
2025-05-11 15:49:37,9a364e346173a73ca1fdcca8bf42020003fc0f241cdd9f358e6b44782d696bb3,896276,599979608.0,192.0,0.0,1,1,192
2025-05-11 15:49:37,cfe35d70ef797fc236dd01aa277647868253c11754ccb095d15c3ccb490a91b2,896276,2965.0,237.0,0.079933,2,3,337
2025-05-11 15:49:37,6d236c72842317133508dad54c133d6cef16ad72ef60a5872052c374aacf91b1,896276,334959.0,2986.0,0.008915,51,1,5512
2025-05-11 15:49:37,f59778a5c673ed8d4f0b9436356ecf21a28cbec1e4e0bbf93b9daf423abf29b1,896276,546.0,154.0,0.282051,1,1,331
2025-05-11 15:49:37,e3048257d4425bab493c4966f7eb6b0057128a0791e050bd2a48de7d4d7be5b0,896276,546.0,152.0,0.278388,1,1,323
2025-05-11 15:49:37,5378fd8216b97fb19fbde4431e7156bc26cc10560a6ff81889c5887fd88892b0,896276,9288674.0,153.0,1.6e-05,1,2,234
2025-05-11 15:49:37,1c4f8e8c5d8a215a38f1f4a095c84acf02339b65c5f60bdf2ae62e99433108b0,896276,359218.0,212.0,0.00059,2,2,312
2025-05-11 15:49:37,83928264975667f727acc41815db40f4302d41de64f45dd75081dfbb2d82bcaf,896276,546.0,3726.0,6.824176,1,1,14657
2025-05-11 15:49:37,72c98dd6b60a139956a318dbfb4315226d1868a71d535503fbb4e9f0d3b25fcf,896276,430713.0,212.0,0.000492,2,2,312
2025-05-11 15:49:37,a5302a167ac04823d81eb4f52c297d777ebf950c2762147aaeab3bcf48a9c3ac,896276,56327.0,141.0,0.002503,1,2,222
2025-05-11 15:49:37,ade58b849b80dc831c731fdb2038129397b88ec33a1694d16e7e597e1764afac,896276,324883.0,111.0,0.000342,1,1,162
2025-05-11 15:49:37,26e4a0972839682ca48ea196e986c90bdae91f18955e64dfab3b693973fd52ac,896276,18633.0,275.0,0.014759,2,4,375
2025-05-11 15:49:37,087db6f3a0a39b40a5020dc3333519ecad55f994e7f6fe8f16f20c10604213ac,896276,8561243.0,141.0,1.6e-05,1,2,222
2025-05-11 15:49:37,173c6fbcf3b0a354b24b5a6cb89975843bfe892e4186480aafee1f6ef73c0aac,896276,2209586.0,165.0,7.5e-05,1,2,247
2025-05-11 15:49:37,340c6bc3f42d1dae389e25ffc44d37b1b7256b73a631393549440ea76018fcab,896276,546.0,152.0,0.278388,1,1,324
2025-05-11 15:49:37,f71a3a57a05c14fcd06d280304c5c27b8c7a0d71383412ed018f8b1a7a847aab,896276,546.0,153.0,0.28022,1,1,330
2025-05-11 15:49:37,df9aa12e1efd61adb9186b2e059eff8086045aa9d41aec3fa1c1c437a16303e6,896276,138049.0,154.0,0.001116,1,2,205
2025-05-11 15:49:37,ba2d720535a25b1479cfc0b60ded9cf49c8169dfe63444a161b2de5c7b244cab,896276,5145148.0,974.0,0.000189,16,1,1767
2025-05-11 15:49:37,48e1e2b422bfb6f26ca63d056e65eafa13fbe2a9da8f09979dc7e349050c0fab,896276,546.0,152.0,0.278388,1,1,323
2025-05-11 15:49:37,e982860ab798c8193d498b0134c34815ee70088a134749e96e7d5d1c1aad8ba9,896276,107324419.0,141.0,1e-06,1,2,222
2025-05-11 15:49:37,67a5cc22e31684358611005a1dcc619b994e80920aeef3ea53c8fa40006454a9,896276,451496.0,154.0,0.000341,1,2,205
2025-05-11 15:49:37,ab4ac7bd34495a1fbe3eaa95bcf2db1c94c6fa1e608102039aa8bfaa623350a9,896276,14681.0,100.0,0.006812,1,1,151
2025-05-11 15:49:37,f99ce898d8ebbba8b16e90b0a6c078be128531185e0709659f9e196eb331c6a7,896276,22037.0,142.0,0.006444,1,2,193
2025-05-11 15:49:37,a6ba58c36f7084b53d2d85cdcd1dcfddfed05cbdef8562f4804e3fc448d84ba7,896276,546.0,152.0,0.278388,1,1,323
2025-05-11 15:49:37,0d02515de88c7f9b538c64cd08889c6792254bf435f7037229bca3e49d7932a7,896276,546.0,154.0,0.282051,1,1,331
2025-05-11 15:49:37,f92527f2195ed209e7698ad7f8f198e86085a2c46d699b007f6e3d64ec0125fa,896276,41202.0,154.0,0.003738,1,2,205
2025-05-11 15:49:37,00165ea9eb7a028da45ad1fcc34dc2cfb35562b4fe55173b525eaa99f84577a6,896276,1073099.0,219.0,0.000204,1,2,219
2025-05-11 15:49:37,0038fce4358debb7657d18b183ea0e3a974074b73da4db1a84f94ceb5d93dda5,896276,330.0,151.0,0.457576,1,1,322
2025-05-11 15:49:37,e37c9d7fe4e7583da31e6645ad429602ad28e49cae0f0f82ee9131b1c64aa1a5,896276,546.0,152.0,0.278388,1,1,324
2025-05-11 15:49:37,0f450e479665bd3a9582c8007966badf2ab505e9882fbdbede040948271771a5,896276,74607350.0,166.0,2e-06,1,2,247
2025-05-11 15:49:37,d1addd265c8b4250eda686e10430d28b1b684e117c8498143c2276f1782211a4,896276,330.0,151.0,0.457576,1,1,322
2025-05-11 15:49:37,4550a41cfae0a790f14bf862c82feb2960a20477a60102a2df38e5a850b51ea2,896276,1383504.0,277.0,0.0002,3,2,521
2025-05-11 15:49:37,c555a99f67cf7367d4d31bf1b9aea6807dbc5c1f3ce90f9e524bc92449f915a2,896276,19898.0,102.0,0.005126,1,1,153
2025-05-11 15:49:37,6139d2b575724e377e75e13b0125687db491888ad99a5807631e47ed32dc39a1,896276,261467.0,200.0,0.000765,2,2,300
2025-05-11 15:49:37,4bed23a519cb381b70098bd446a15410c31f3ef6cb5bdc9e098a63f1fef7f9a0,896276,330.0,151.0,0.457576,1,1,322
2025-05-11 15:49:37,b7a90e3d4f6d2e8ebff9dc1abb5a5162f9491696f1108d4b5f5b3b7b4e6a6aa0,896276,12061527.0,141.0,1.2e-05,1,2,222
2025-05-11 15:49:37,6a0d70484418975bd921316fc0963ca8cc5171ef2a1a3a3e99dd16e876ed60d2,896276,13359668.0,141.0,1.1e-05,1,2,222
2025-05-11 15:49:37,72d81a2f12d45420b417832c907c3dedc0e458c5a67e5fe2898404aa857d42a0,896276,7341.0,111.0,0.015121,1,1,162
2025-05-11 15:49:37,95e849064b8e6f0f061378cc7745148b5204fe9bd86e85e087a917f274a9919e,896276,467569.0,143.0,0.000306,1,2,194
2025-05-11 15:49:37,c6e5e679b8a61884d6345161ba7109defe5e22520e76653a04cd0f36744c489e,896276,14666.0,275.0,0.018751,2,4,375
2025-05-11 15:49:37,da52a55c78b1eec9b860f8b6f6b5764c3063fd317d04fa2f5384b27fd30e069e,896276,99557.0,147.0,0.001477,1,2,228
2025-05-11 15:49:37,36560ed61c2a2bad036c55aa38ec32de6a4da2b3d99c7aac9650b06df72ef69b,896276,1650.0,212.0,0.128485,2,2,312
2025-05-11 15:49:37,fc3e635a4536878a15d142de6e41d661f596610492241cc5159d72281493669b,896276,33201.0,8709.0,0.262311,127,3,18942
2025-05-11 15:49:37,3d1b853252d12b4a8acb6cffdba6a0d7ab444802b242826cdbd36bb7a2d5549b,896276,330.0,151.0,0.457576,1,1,321
2025-05-11 15:49:37,a8949900482c50671f1f70dc6fc9fc7f044ac6778932112dfbb9607b49c69c99,896276,79291.0,154.0,0.001942,1,2,205
2025-05-11 15:49:37,d0ff9db3382d7cf0a65c6073adde1002019052f44bcc3c8b5f54e7de508c2098,896276,546.0,152.0,0.278388,1,1,323
2025-05-11 15:49:37,de234f3f4aa308ac89085c8ea2e7a0cd4221328f9ad747ff4ba1673f396f8396,896276,546.0,152.0,0.278388,1,1,323
2025-05-11 15:49:37,31de4e7cd8d89ef5b48f5da632ca042004bea627ce373557d2171c3163e067a7,896276,9846.0,154.0,0.015641,1,2,205
2025-05-11 15:49:37,7fdf3e6e40ab0ca9a1ca48ccb3b2ea62faf82b4b5bc816c5de47f30490643895,896276,6747.0,111.0,0.016452,1,1,193
2025-05-11 15:49:37,9db24b50e692c1ab6d40f52207b2896b27df6414d7e6f0ce2105a8e2c92902d8,896276,33858.0,142.0,0.004194,1,2,223
2025-05-11 17:23:59,f548ee61d46ced7fb05c0f9822a6dd96c9c8d4cf6aa90e526f07eb0610d68f26,896285,132368.0,154.0,0.001163,1,2,205
2025-05-11 17:23:59,d4ba759c61a32436f417de6e067444ec9a11a3366d55d9a9ee6180da404c8826,896285,38464.0,805.0,0.020929,1,4,450
2025-05-11 17:23:59,1780994b4da34c61fef5cd5b8ec1ab2669ea6e99ca2afed1c548405dcc077f26,896285,330.0,151.0,0.457576,1,1,319
2025-05-11 17:23:59,d26064e269fda4e0f1951ebaa960d8e17bce048ea1788cd531cc37e2f2894026,896285,546.0,152.0,0.278388,1,1,325
2025-05-11 17:23:59,986665ce44e2af435a189b37506930a7f46ae6a22606126a19a16210c1261b26,896285,330.0,151.0,0.457576,1,1,319
2025-05-11 17:23:59,dc5b12c59b560c82d24693e25425c6d351995d6c5eab2d2550b8f0adcb540b26,896285,330.0,152.0,0.460606,1,1,323
2025-05-11 17:23:59,61f12772690e248a64e16f84761b5894d7bd9de60217b3fc25d2af3e76220e56,896285,435945.0,154.0,0.000353,1,2,205
2025-05-11 17:23:59,b0659c77ef21f39285b7ecae99877142b3cece07ae86c970a18517d50b30d825,896285,330.0,151.0,0.457576,1,1,319
2025-05-11 17:23:59,ceb73c51b118755f993cf2f67a286e3cf36781754bace566139670c054d1ae25,896285,330.0,152.0,0.460606,1,1,323
2025-05-11 17:23:59,e7dc064b61cf79a8d29b4d6c19b0b51cf9669cb9743bb4b15651091a2b6b8e25,896285,153678.0,154.0,0.001002,1,2,205
2025-05-11 17:23:59,9ce4fe5b68855d7dde2506093034976145b44dc3060af6785acd360601c58725,896285,120552.0,151.0,0.001253,1,2,202
2025-05-11 17:23:59,2c94834f5d920461c60d49babca32badfc67c6b0c8fa17908f063f7a59bb2371,896285,120703.0,151.0,0.001251,1,2,202
2025-05-11 17:23:59,e138e2a2586b213251ef51e9bc22ee16f57b24c6f40a1c7a4f666b2c8ce2484a,896285,120854.0,151.0,0.001249,1,2,202
2025-05-11 17:23:59,d510141ec0c79c5c000a547f585dc63e823e713c359a23cb0bf4d9ca92b1552b,896285,121005.0,151.0,0.001248,1,2,202
2025-05-11 17:23:59,3d0d83c8e8bd4a2beecb9d4431f6bc264f1f6d74069424b7af504d82a51dfc75,896285,121156.0,151.0,0.001246,1,2,202
2025-05-11 17:23:59,20bb08d35101c4cf4794e7049c4de117f3f5dd6a07feff08d2bb44a63a7e4d3e,896285,121307.0,151.0,0.001245,1,2,202
2025-05-11 17:23:59,1d9be8d79fdf5b72cdf21d28f9291d1a25ade6c98af1a42b636d7ee490ad86b4,896285,121458.0,151.0,0.001243,1,2,202
2025-05-11 17:23:59,7600228a354952eeb1e2afd2a557809ba41328c7201f60b69dbc32d983fc13e7,896285,121609.0,151.0,0.001242,1,2,202
2025-05-11 17:23:59,5d9fafd6379f1bbaf44d3b6e90cf781344c1d098487ae78cf5107d8888be6b25,896285,428161.0,141.0,0.000329,1,2,222
2025-05-11 17:23:59,510600579356cda5abbb110d6c135fe445ca07e3d10f596e3a4ba064edf96725,896285,330.0,151.0,0.457576,1,1,320
2025-05-11 17:23:59,7bdd7b511f14070fdbfe28d40e5f691f322ec832c3d174989681268aafa34025,896285,546.0,152.0,0.278388,1,1,325
2025-05-11 17:23:59,3e5b7f21fb6ffd8f9f0ee03d2e9c95241cfef7851ee49d7e327a2476d7142f25,896285,3548847.0,153.0,4.3e-05,1,2,234
2025-05-11 17:23:59,adeef13f4fb5cb0f94922fd20a5b48b5de71a9a77b76cc6c5525710fcb3a2725,896285,351.0,129.0,0.367521,1,1,267
2025-05-11 17:23:59,77a8239fc7f317e7d59552c2bf7b155ad1a56b15ce83aaee5e30905b1412db24,896285,330.0,139.0,0.421212,1,1,307
2025-05-11 17:23:59,66733a533dee7522fb0f925adefebc810b3c6b6718df8b77e25bd6416af8c624,896285,42775.0,190.0,0.004442,2,1,352
2025-05-11 17:23:59,9718e3466e2478a3ddce4412dbe8132a820ae0a20fad370592e0e84a404ab424,896285,215044.0,141.0,0.000656,1,2,223
2025-05-11 17:23:59,ecbad38860ef74c9dec7f11c8cf5f15fcff8a53f0988ade3d65f3e0fc3a1b024,896285,118563.0,197.0,0.001662,1,3,248
2025-05-11 17:23:59,90500b16c332f7dfb7a721e862673c2ed7201a2373a3cd32073d8f867fb36a24,896285,26127.0,164.0,0.006277,1,2,245
2025-05-11 17:23:59,64e574f7d1ff141073ede7bdd39405fe6f6eff625ce8573b3a458880c07c6324,896285,16867.0,141.0,0.00836,1,2,222
2025-05-11 17:23:59,201a6f4463b18912479d73ab37c1ace3625e5e68cf0a9f7d49f35bb0db045a24,896285,635430.0,154.0,0.000242,1,2,205
2025-05-11 17:23:59,e69559d4a0225969bc6956631e91055d1eaa92ff0f3e981b082fefc43e9d5524,896285,330.0,151.0,0.457576,1,1,319
2025-05-11 17:23:59,01513672b40e166b343fa8aef9aa3a51342a3c50796b50a576649863e5f04b24,896285,330.0,151.0,0.457576,1,1,319
2025-05-11 17:23:59,e4accfc8f3704933017b161c2ad8d4d65734890e4c155f471bed7e79ab243424,896285,546.0,154.0,0.282051,1,1,331
2025-05-11 17:23:59,936659cfbdd3e1ce735fa9c4bf1e78d6e4818058ecd8d3588519138b316dd6fd,896285,83334.0,154.0,0.001848,1,2,205
2025-05-11 17:23:59,d0e608893aa5ff3b1ab61fecf260863113ceee2fab80b50a0410d88ee0a53124,896285,30887.0,113.0,0.003658,1,1,195
2025-05-11 17:23:59,3314b40e89f14245846fb6109854f39884ef1d48ea7a562c6a95107aef2d2e24,896285,330.0,151.0,0.457576,1,1,319
2025-05-11 17:23:59,bec7f70087dace5ca3f3f11acded90ce62e0d357f1e724471ccca467314d0824,896285,285734.0,154.0,0.000539,1,2,205
2025-05-11 17:23:59,dd6cfa12e4628def0d10bcfe6281e77fcbfb28d3804481c426277fdde4b7ed23,896285,9349002.0,141.0,1.5e-05,1,2,223
2025-05-11 17:23:59,ad6c3e80a82ef98ecbe8cfee57aabb0ccc6097f367141db1805a9facec60b123,896285,330.0,151.0,0.457576,1,1,319
2025-05-11 17:23:59,93e3cf1c89809aa70b5703639f6c140631c29f6fa6d2042707a277b834c59d23,896285,351.0,129.0,0.367521,1,1,269
2025-05-11 17:23:59,1391288c9e21c7b163bcf70ca6c67d4e29a63ca34a005dd2340a9cf428f36023,896285,330.0,139.0,0.421212,1,1,307
2025-05-11 17:23:59,0cc0f0a1956ce33e3fd2013ed91f27290242bf2153693aef51634bb4409c5623,896285,330.0,151.0,0.457576,1,1,319
2025-05-11 17:23:59,d4096d492f591250b63b817d4697901741f6121cd58240aa9457ebe4a0db2d23,896285,65118.0,805.0,0.012362,1,4,450
2025-05-11 17:23:59,07f3fbe01e000d6f667b30e4569ee499580444fdfe9b190b8cec9d1cab1b2923,896285,10965.0,169.0,0.015413,2,1,269
2025-05-11 17:23:59,a5b5497679693780444a04b808529a83f28476ad2be27a11811f78f4b3aa2023,896285,36307.0,212.0,0.005839,2,2,312
2025-05-11 17:23:59,b518b51b7f7f38be1feb3f0bc097792f25317e0f1a3a796b089c6fd39b721423,896285,80406.0,144.0,0.001791,1,2,225
2025-05-11 17:23:59,6a24c1825b84646eabebe33928aaa2a1f8a3cf3e2d5d14abb22d3067f4891023,896285,546.0,154.0,0.282051,1,1,331
2025-05-11 17:23:59,7d48c944cb158c7d34129bf102b6d67494cd53d3224aecea0499b3a91954e222,896285,330.0,139.0,0.421212,1,1,307
2025-05-11 17:23:59,ff529b97f33d770dcb76cd386a0adad157653270c2e49fb80bdad7bdd2e0dd22,896285,330.0,152.0,0.460606,1,1,323
2025-05-11 17:23:59,733d070aabe8835431aa24ef26d41617b859cee7809b91d5366ffc700993b022,896285,13312332.0,1466.0,0.00011,24,2,2655
2025-05-11 17:23:59,c4c66a91c13a89c14a9652cd245c7292382c4ca98145da014c8a5977a0df6e22,896285,330.0,151.0,0.457576,1,1,320
2025-05-11 17:23:59,c6d612c56b7f705debd4ed005785fac81879fee152c69199fbd7cdc0dc495922,896285,26198.0,122.0,0.004657,1,1,203
2025-05-11 17:23:59,413952b60fdffdc9dc10edc6aff97ad5854a83614ac1ab5bd6d8de1875bf5822,896285,351.0,129.0,0.367521,1,1,268
2025-05-11 17:23:59,86a32d48471440c07ab3555bed1b5259d84f1c9a27604ac729aa9cb3671c5522,896285,546.0,153.0,0.28022,1,1,330
2025-05-11 17:23:59,730784df2ba6a10aeb9f40cb60a7d4b498be4daa41b82886d9ad98c14a7975bb,896285,19560.0,154.0,0.007873,1,2,205
2025-05-11 17:23:59,b6fa39677bf17ca828f0c428a6a0c26c2f2827f6b72d49f9f05687e6dcf05222,896285,1230290.0,154.0,0.000125,1,2,205
2025-05-11 17:23:59,057be2727b41a1cf4fdba1855f28fb569073297c182d4c9a01e15cdb607b0122,896285,351.0,129.0,0.367521,1,1,269
2025-05-11 17:23:59,a794058dbf4724a2f3c9635d77387455ba404e26f139bc9e205ba284e25ffd21,896285,18316691.0,141.0,8e-06,1,2,222
2025-05-11 17:23:59,d932b3439f004425b28e4365597d64b5a4f06cd8b660a99b514e0a5a0654b221,896285,330.0,151.0,0.457576,1,1,319
2025-05-11 17:23:59,528943609934fa5cb4b902648933c3418fb9bcdee10c4526e2752ff064f9af21,896285,330.0,151.0,0.457576,1,1,319
2025-05-11 17:23:59,6255d0248ba9608a29b97d9dd93fdfbdd1520262b1072a71daf21161a7208221,896285,330.0,152.0,0.460606,1,1,323
2025-05-11 17:23:59,3af131c76237f20eaba6000cd6e149eb9fb8ad4baa24506c665486b69c037a21,896285,351.0,129.0,0.367521,1,1,267
2025-05-11 17:23:59,7681b6515bc08eccf04c58409a6427e6e4d76c1178cd2154239011b676465b21,896285,351.0,129.0,0.367521,1,1,268
2025-05-11 17:23:59,171d8ec496d0141ca907a03bb682afd8ea1d2fabf9c107c94917ff664ec22c21,896285,23292.0,268.0,0.011506,3,1,510
2025-05-11 17:23:59,004e5be1855b23e4c49300235258e9bf0c83f67765355f1e6b637622d882cdf5,896285,26195.0,166.0,0.006337,1,2,247
2025-05-11 17:23:59,fe11752143dd46ee7233017dd7fcebefb59343dc5f6babd398e55e69560caa5b,896285,97120.0,708.0,0.00729,7,2,1271
2025-05-11 17:23:59,7b205fabc1c02774e84c8b24510e6e51b3f1a15592103f3e255ce4b7028baa22,896285,26277.0,164.0,0.006241,1,2,245
2025-05-11 17:23:59,53ad46cef50eea75797b39430f5f642a5e7baea7e6d08ec6b4fbd8a0b8ade020,896285,1501.0,154.0,0.102598,1,2,205
2025-05-11 17:23:59,27036c6895bf092df3519209775c06352a2ea2072031e7f97eea820a43d7aa20,896285,1972107.0,181.0,9.2e-05,2,1,343
2025-05-11 17:23:59,cb526cb2b833010d6e4f70b5238d428dec27b60cd39c8f3977afbfecde74aa20,896285,351.0,128.0,0.364672,1,1,266
2025-05-11 17:23:59,e45a5af22963c5b5c739abe3de903601266fe4b16f2d1a07ce27e0882c3b9420,896285,546.0,154.0,0.282051,1,1,331
2025-05-11 17:23:59,13e0d54129cd61fe9e8ab0a1d81f703c80ef4a2d8013d53cacdfdf13ebcdc381,896285,213272.0,154.0,0.000722,1,2,205
2025-05-11 17:23:59,44cfacbf974d6fd8775e08509a1488537886add07c931ca620d5702059c77320,896285,8999859.0,141.0,1.6e-05,1,2,223
2025-05-11 17:23:59,f523d1854df6a165b92ae4a715f7cff22270626e2e110b2bfb662e066fc82720,896285,546.0,152.0,0.278388,1,1,324
2025-05-11 17:23:59,33970ec172f0843129f99182fa8e1aa9e85e87b312d354d3d73eef825baf6eb3,896285,449792.0,154.0,0.000342,1,2,205
2025-05-11 17:23:59,ba852398336a75e61b13206f915c8bd19e304662a07d4d00788e5c1e31c1e91f,896285,546.0,154.0,0.282051,1,1,331
2025-05-11 17:23:59,2e67e92fc552c53c36ad8b9a30a9ff0c615dee1c4c2a1350603ebf7362318bf5,896285,2246.0,154.0,0.068566,1,2,205
2025-05-11 17:23:59,0cc06a400d0c530dd0493fd8e5478e0dbc5af0c0028ec06e43798ed6eee7bc1f,896285,330.0,152.0,0.460606,1,1,323
2025-05-11 17:23:59,d08ccb30a33210b2bcf399467ba1c95f5ef4304d441d519ede4947394f89b51f,896285,14202.0,151.0,0.010632,1,2,202
2025-05-11 17:23:59,6488d67eba94a97432faf1c26718b11fbd22531d8f92326360c402e9bfbd2de9,896285,14353.0,151.0,0.01052,1,2,202
2025-05-11 17:23:59,fddbffe4b5248e4b28dc4f789a3e03eae02d360a87c7f57d969d06557e789f8e,896285,14504.0,151.0,0.010411,1,2,202
2025-05-11 17:23:59,be1f4d729f053ebe1317567a8aa9ff1bc144312914a014228c62aa06e2ec901f,896285,351.0,129.0,0.367521,1,1,269
2025-05-11 17:23:59,229010d81ca894c7cf27cbdd8ff449fa5c18f18a0f65dfdd8434778d06d96e1f,896285,22756.0,210.0,0.009228,2,2,372
2025-05-11 17:23:59,7a0a90a45e812c99b8af11191c5b706c05d1ad260ef1d1ed059cb10a1e3d551f,896285,546.0,153.0,0.28022,1,1,330
2025-05-11 17:23:59,7a89265230ad9d99c262237b92c2fa3ac2fd5bdc108567ea3826ceffbdd59eb7,896285,91792.0,154.0,0.001678,1,2,205
2025-05-11 17:23:59,db519d510b2d800c26fae7b0507d7649efb4b00f554fcf1e61a824b042ab231f,896285,330.0,151.0,0.457576,1,1,319
2025-05-11 17:23:59,fc78a3f98d643f2d7e731596a9aceed802b535d129a48d44d1ac8124d7890f1f,896285,330.0,154.0,0.466667,1,1,331
2025-05-11 17:23:59,18b350995351a19d000b0dc0fcd0fff60b8038032221c95c15fdb2ba563eee1e,896285,51811.0,142.0,0.002741,1,2,193
2025-05-11 17:23:59,3f1880836033a270a6cb8272efca55c427625fce992f54532168a1c07a73821e,896285,16848.0,217.0,0.01288,1,3,298
2025-05-11 17:23:59,b399c074a548c0c6d02f2ffd850c2f68c72a574aa651d5df18006f0eabcf751e,896285,330.0,151.0,0.457576,1,1,319
2025-05-11 17:23:59,a5e1fc82830796a9ce02640eb75c143db076be31c0b0f20cf7c426fabd801ed3,896285,156635.0,1143.0,0.007297,1,25,1194
2025-05-11 17:23:59,3ccd1d80656a073709f04cbcdc380b353889de7132c07b9fbbb10fa5ebf0631e,896285,351.0,128.0,0.364672,1,1,266
2025-05-11 17:23:59,80af07929b19c7720f9004f5abf95ab872d8c95060fc27a6680404e4c1f8461e,896285,330.0,154.0,0.466667,1,1,331
2025-05-11 17:23:59,56a440a4e351607ff09b1c435ad06baea8ae871b698397b5140b80648adb431e,896285,351.0,129.0,0.367521,1,1,267
2025-05-11 17:23:59,b4015bc3544e24f4ac34e3d81b5c3091d8ed0398cb2ef8ebeb98d3e94f4d281e,896285,330.0,152.0,0.460606,1,1,323
2025-05-11 17:23:59,030974747f1e4f9df58283d2ae8869477f4174f94ca20dd6632153f4f73c0a1e,896285,18517.0,110.0,0.00594,1,1,191
2025-05-11 17:23:59,b989f352ddcc03471188a3ef49e832ead65bb8360b770a5807545dd87c3cf91d,896285,143524.0,142.0,0.000989,1,2,193
2025-05-11 17:23:59,3dec05e915ff5ff6d6a7e4ca3792d6751071047f62c283d5be5e7c2ebdb9d91d,896285,35666.0,217.0,0.006084,1,3,298
2025-05-11 17:23:59,e4c1a14a68c6e9ac5ac18eafb69a63356744901f4d8fe88589747f422966d51d,896285,418046748.0,166.0,0.0,1,2,248
2025-05-11 17:23:59,ef927bdeb7c700e8b5baf3442d3674c3c788f417b4d71fc0cf0173899d56cd1d,896285,9854.0,146.0,0.014816,1,1,336
2025-05-11 15:59:08,6e09dd1c520925e0c9f85b1c595b1b525318cb95d6232f83a651b65207dbeefd,896278,19898.0,102.0,0.005126,1,1,153
2025-05-11 15:59:08,72f443c274927d58a4a917004bea41d30bdfba5225d63c13253a88758cb115fd,896278,17434089.0,141.0,8e-06,1,2,223
2025-05-11 15:59:08,f6867f471c2cdf261e0dc3b8ac2c5cc420ad77777e7956dedc59d5c6abd2c7fb,896278,358946.0,277.0,0.000772,3,2,520
2025-05-11 15:59:08,9377f2e0f2ac62d5cbea165d6918fcc6c179c0b88bd45a7789f4fbb0a63c98fb,896278,251256.0,110.0,0.000438,1,1,191
2025-05-11 15:59:08,dfd7a16feae5759cb1717e8fca8214522f4fabc0351dce9201248d9a7a261cf9,896278,414026.0,200.0,0.000483,2,2,300
2025-05-11 15:59:08,ff0ab134307a05073d87a97c41f30346f893e9876b5bfd112e488912200815f9,896278,19482.0,212.0,0.010882,2,2,312
2025-05-11 15:59:08,7e767dac76dd08daa085fdae42e2bc6596e20805f611e29d0f78ff75aed6e8f7,896278,10110.0,111.0,0.010979,1,1,193
2025-05-11 15:59:08,c514d8dda05dcee121e5d7267bb1ea834ddd4f6914a97123ea8f5005929a2df7,896278,330.0,151.0,0.457576,1,1,319
2025-05-11 15:59:08,7c62d9055c891e010c9b11f7cd3925ea72b23cc6032ce07fc718e47bb89998f4,896278,546.0,151.0,0.276557,1,1,322
2025-05-11 15:59:08,09bb5648011a7125d487f5d9d908749ca3833f1ae47a46c5546a91c943d6e0f3,896278,436.0,110.0,0.252294,1,1,192
2025-05-11 15:59:08,5e18cd45d650aa3e6b398d23b128c58c2623c53d0ab775af2164b32b3e5e88f3,896278,168124699.0,144.0,1e-06,1,2,225
2025-05-11 15:59:08,6ffd3d23a938292c45dc3efbf44e55760b82d49ecad73638d2f57b09e402d6f2,896278,555873.0,499.0,0.000898,4,6,699
2025-05-11 15:59:08,6788dd4d7b974e1a31c356f132d0a367d27a9b04eb9ad6c78d7fda7c81a3eafb,896278,555826.0,197.0,0.000354,1,3,248
2025-05-11 15:59:08,8f977584cabe2cb823541295075ef0046ec219d4501a621c2a4f1c673d5a3ff2,896278,21499.0,160.0,0.007442,2,1,260
2025-05-11 15:59:08,712a13546c44ef40a21d3e17d289fa2ce64f906b539197678399d9a99a7164f0,896278,924879.0,141.0,0.000152,1,2,222
2025-05-11 15:59:08,7681436a4414536e3723a8f847e11204548fb30034424da551dd70c0501a55ee,896278,625548.0,160.0,0.000256,2,1,260
2025-05-11 15:59:08,c43306e0972f355ebf6b0d90f19283f33d328496ee0212d517460405bf72cae8,896278,25396.0,145.0,0.00571,1,1,226
2025-05-11 15:59:08,6bc31ef36a8c373d51f734581f215034d61c2880f0b9f3df8a872dee51eb6ae7,896278,70086875.0,144.0,2e-06,1,2,226
2025-05-11 15:59:08,2b7344be57275c8e75f84916f80bbcc6bb508e4ad6d52845d2cebef246fbe7e3,896278,108194.0,916.0,0.008466,15,1,1660
2025-05-11 15:59:08,51b14689306760ec1dd68598958455a1ba4edb951b6ef81f6aede46af0e5ffe1,896278,112858.0,142.0,0.001258,1,2,193
2025-05-11 15:59:08,61ee9b1dcb00fc99f46f0ae41e2b081282078e6cf9f52b3eaa20b9b5b1d8dfdf,896278,91048.0,178.0,0.001955,2,1,340
2025-05-11 15:59:08,36a13e4f1e5faaa2a06f7dfe7d5cc129d6f1376b02edcf9b0fa77f1249b3bfdf,896278,546.0,154.0,0.282051,1,1,331
2025-05-11 15:59:08,28bd66651b4eabd3c34471ed0363baaf62b8ef7e94b413d3ea098969704daae7,896278,36806.0,154.0,0.004184,1,2,205
2025-05-11 15:59:08,b0d304d2c2092db11eef552162579feb9799ac0288127c6959294ea4f77101df,896278,194193434.0,141.0,1e-06,1,2,223
2025-05-11 15:59:08,92850c732c1b686de5a9ecef8b1c919d62535e4ac141c03ff852bd698b2e5fde,896278,94263.0,111.0,0.001178,1,1,193
2025-05-11 15:59:08,7fcad433691782e22a6d9a6ec691066d7ad31c6db71afa2740c7aa69c92594d9,896278,600.0,113.0,0.188333,1,1,194
2025-05-11 15:59:08,ef1c8230428d90b39a48f98a31fa5772dd1d32bb3ac1c74bd11289aeda142ed8,896278,198508.0,141.0,0.00071,1,2,222
2025-05-11 15:59:08,d2bd6daf5b8e3a70201e10df86d913ee41f10ed1627749a34182e4ed0a9603d8,896278,13119703.0,142.0,1.1e-05,1,2,223
2025-05-11 15:59:08,c10d00cb90d7506b4de0dac6ac4a199e6a282941a93df2749fd7649f0084e1d7,896278,209601.0,179.0,0.000854,2,1,341
2025-05-11 15:59:08,c9fc59dc467d5853511d76066aa64f631975c53ee71662df30a10c61762100d4,896278,330.0,151.0,0.457576,1,1,319
2025-05-11 15:59:08,ff6b651cb4b4619b252ec3e2afdade0f1d88a2bdc8f94e300b46b2cee40da4d3,896278,1909663.0,142.0,7.4e-05,1,2,193
2025-05-11 15:59:08,b8a40bfa8f4a94a1857248c4f24fe428622aed02e3756e4f3019132786b4f7d2,896278,918800.0,141.0,0.000153,1,2,223
2025-05-11 15:59:08,5aecd6e11bd2d3141529f56b0b8e1b29d95ea40c09ea44ed6fb9d252c46720d0,896278,330.0,151.0,0.457576,1,1,319
2025-05-11 15:59:08,b78b022533cb20ae85231b1fb2b39e6a2d8f37d24f492257f33454d7ae200ed0,896278,330.0,151.0,0.457576,1,1,319
2025-05-11 15:59:08,0b00349cf9d7d7eefab3ff5295d84e9d4bf1618ae3cd7d666f8d9405f7272ecf,896278,546.0,154.0,0.282051,1,1,331
2025-05-11 15:59:08,ee49a3b59f30ba171d85f46b00190516591fc7ca8ae6b2991882a3fc6dfc38ce,896278,80065.0,153.0,0.001911,1,2,234
2025-05-11 15:59:08,27082d875db27e9e0403a9dca55c9e1e5dbbfa4b7fd7fc96057a749e0cd4fecc,896278,19898.0,102.0,0.005126,1,1,153
2025-05-11 15:59:08,2aaa79d8b9b39134eac79aa640f60b43012a267d7c71253dc4e11ba01317a7cb,896278,330.0,151.0,0.457576,1,1,319
2025-05-11 15:59:08,35c7a92d6a1b90352041f7431879e53e5ba151896f1144c59bf39842120cebca,896278,288567.0,805.0,0.00279,1,4,451
2025-05-11 15:59:08,07c3a13760808a3b74de7170412fb3b3ebae5699c5b6a1e80c7d7b2c31a40bca,896278,115715.0,142.0,0.001227,1,2,223
2025-05-11 15:59:08,cb5cb8354d0d4d5271c966e543dbbe230c826828c108fef19e3ac27898dec4c9,896278,954234.0,154.0,0.000161,1,2,205
2025-05-11 15:59:08,e3154bbe1d957f332fe3a05fda02f79c6792cbcd9f5a55dd50aaf4ee741381c7,896278,546.0,153.0,0.28022,1,1,330
2025-05-11 15:59:08,a9af3eb2ba7be28756306bad6fdc58f7a4f4f8addaafdbb23d29d7f47ab022c4,896278,19898.0,102.0,0.005126,1,1,153
2025-05-11 15:59:08,77e6410e76ddee853a69c36747322aeb3fa55b2e0673bcb24e521720aeba85c3,896278,330.0,151.0,0.457576,1,1,319
2025-05-11 15:59:08,f7de139160aae807eb23936e2acbb2e49d0e917de973ac1618707039ea2a32c1,896278,330.0,151.0,0.457576,1,1,319
2025-05-11 15:59:08,0c9cb3f4cc1c3a4b903c41702845ceee1d3a5720b9d941d3ce38166bd150bdbe,896278,16051.0,169.0,0.010529,2,1,269
2025-05-11 15:59:08,298995e7325aa6d6d9ed37fda5208c31c6ce4beae9c9fee4987f68b73b63b6bd,896278,467470.0,143.0,0.000306,1,2,194
2025-05-11 15:59:08,f9fc45f2e66117b0102932de20fc05b6d5298e95efe7bcaa9a3ecd014a6598b7,896278,330.0,151.0,0.457576,1,1,319
2025-05-11 15:59:08,94080a7a9e556adb3a3988fecf2503d6edb0a84af5d4784548dceb7ed33446b7,896278,155293.0,200.0,0.001288,2,2,300
2025-05-11 15:59:08,88af32e05c936f5e0e446b498b3192f6cc7d74dd5fa1231caf58fa514f0711b7,896278,191426.0,212.0,0.001107,2,2,312
2025-05-11 15:59:08,e578af3ad6923ea6990cf26a6663a7a7fb7ecea97134d4b08cc20197435791b6,896278,19898.0,102.0,0.005126,1,1,153
2025-05-11 15:59:08,de0fb128d1a2825d184378a87952c9e41238da6dc90f9219e5b7b5a3591b24b6,896278,1092.0,1988.0,1.820513,1,3,7359
2025-05-11 15:59:08,6eef4bd9e78174951ff334e1273cbc37afd407ac254dc51e86dfeffed28323b6,896278,221909.0,110.0,0.000496,1,1,191
2025-05-11 15:59:08,850a41f4591e7467fdce491114bcf4d0af15adb8ba8c4ce0b1b0df9cd9628cb4,896278,135097.0,203.0,0.001503,2,2,303
2025-05-11 15:59:08,a60dbbffa4b44538c9f74a1994eeb981b3d7c2ab6def437a2e0001d7801736b4,896278,62890.0,208.0,0.003307,2,2,370
2025-05-11 15:59:08,6c719689b46e70fa45a026d57d1610d80854cfe8352e8022d97ee556ac6c4cb2,896278,330.0,151.0,0.457576,1,1,319
2025-05-11 15:59:08,f7afa8a8ad269af7ebf9c7de9607f3a603c7010245c4fbb4cadcb67bacb1efb1,896278,55753632.0,168.0,3e-06,1,2,249
2025-05-11 15:59:08,22f11d76edabdeaa4f08bdf6eaae24529c247f5bd9d1a33847d4e2e6d0a495b1,896278,578676.0,143.0,0.000247,1,2,194
2025-05-11 15:59:08,69557a7d826298f491df9f614f9c23c976634a5cfabbf86103213d6112714db1,896278,158153018.0,359.0,2e-06,1,9,440
2025-05-11 15:59:08,abf9ad29c7b4189061727cea2f93b7f48182bc735ada31dbd46fa358fa4002af,896278,246571.0,141.0,0.000572,1,2,222
2025-05-11 15:59:08,6f2c90cbfb020e9507e9938f8a754c6977a1dba106911bed4a13e8aed6fd5fae,896278,3507431.0,142.0,4e-05,1,2,223
2025-05-11 15:59:08,e58c3eab85475311904ccf7330308ddf3f4b67106dc3e4c6449ff66ae94c0cac,896278,197680690.0,223.0,1e-06,1,2,223
2025-05-11 15:59:08,8f34fea1c53eae7e32a8f0d4124bc69c11b37dc37825d46d3763f1003dc527aa,896278,949858.0,142.0,0.000149,1,2,193
2025-05-11 15:59:08,4481441053e798f371e977266c210e31f3d06aa0bd927c9ac63209d3645460a8,896278,546.0,152.0,0.278388,1,1,324
2025-05-11 15:59:08,e51bd6c6cfe99ab7bd4a910081778aa23befdf6d81670e9d08cb8c8275f794a6,896278,757548.0,160.0,0.000211,2,1,260
2025-05-11 15:59:08,5f896ec2f1583075065816b7c11bf6caa8e1d105298c1d7d854629cef50ca9a5,896278,78698.0,212.0,0.002694,2,2,312
2025-05-11 15:59:08,abdb084d179b0a490843f56b46c9ce92a50510e79a8d2c8eed819d3aa8e13aa5,896278,546.0,151.0,0.276557,1,1,322
2025-05-11 15:59:08,a41b7da5d3451d95c3fdd96c50742363efb34c8cf19327b6db4a2c1837a35ddc,896278,134241.0,154.0,0.001147,1,2,205
2025-05-11 15:59:08,44c5b1298fbcc964b1aa27400baad0970f3a806a7c1f8129f169c3be1a22d8a4,896278,157821.0,154.0,0.000976,1,2,205
2025-05-11 15:59:08,cd01ebfcd472cc7164a6d201ee0177592ba760c028c9072959f56d5e4fa52ca3,896278,45249.0,141.0,0.003116,1,2,222
2025-05-11 15:59:08,68ce2d8a7cb58257aa37ecd8d4139b068c32b33d60d2907209d6294145b24ca1,896278,1092.0,3589.0,3.28663,1,3,13771
2025-05-11 15:59:08,1ee5af946db8e38821260142b80ee50863706feaa3ae92250191396aa8e1c3a0,896278,513541.0,201.0,0.000391,2,2,301
2025-05-11 15:59:08,1ea538d702ca1bd2dedc9e1d4fee570584236fc77165ca4d95bb6d0ca8a10ca0,896278,330.0,151.0,0.457576,1,1,319
2025-05-11 15:59:08,b392a40212113dccb0f4aa90ea8f8aa025d693fc4c47c2e32b0b8ac9136a189f,896278,546.0,152.0,0.278388,1,1,324
2025-05-11 15:59:08,d0fdfa055b19f57c2985d32309642bf9ac287a6386f5229d13137f99da71ca9d,896278,546.0,152.0,0.278388,1,1,324
2025-05-11 15:59:08,e4a718bb61ed4ad98eb5c344942bbc10a22d2d6df0a157729d46c609af8b179d,896278,1685116.0,113.0,6.7e-05,1,1,194
2025-05-11 15:59:08,d9650c4aab144b11172816bf955a78e5f9fa85dbd65a5dc676f5ff781b3cd99c,896278,26000.0,142.0,0.005462,1,2,193
2025-05-11 15:59:08,907e1fd8ff79151f18fa2dfeb6adeb77fa7383c10928626ea28a1556991e929c,896278,9289224.0,110.0,1.2e-05,1,1,192
2025-05-11 15:59:08,82f1f0599a7ce369e0fe8472dcd12d1003bd2e20750ce474cf563ee4937d719b,896278,65254.0,274.0,0.004199,2,4,375
2025-05-11 15:59:08,9a22d4500758a6f8595f903902917db959203deef126f6727224a10778fa7a9a,896278,184292.0,145.0,0.000787,1,2,196
2025-05-11 15:59:08,40c84d41a2f08464a9ed78152dcb25e4055ea1ef3e53797f14ca7f102e9f2898,896278,54331000.0,168.0,3e-06,1,2,250
2025-05-11 15:59:08,c62a8a178bce40e8ad655dd0283c8700bf0a7cbd122908003138882e595c3f96,896278,442567.0,141.0,0.000319,1,2,222
2025-05-11 15:59:08,4504a441f287d9ee1d78fb55d344055c38ca0de50b39240602833c99ea63df95,896278,4334.0,212.0,0.048916,2,2,312
2025-05-11 15:59:08,0302f0679cd7fb786f709a5751bea150379aeada069c81384277345a88983094,896278,3865.0,113.0,0.029237,1,1,195
2025-05-11 15:59:08,eedc75c3902367d82bdd53dc1f2bd81c05f8913fe302403bf4b59b3541c78b93,896278,102513.0,209.0,0.002039,2,2,372
2025-05-11 15:59:08,a41e77eede94435cf3bd613e364821abfce4faff631a09a61a8b57445c7b4490,896278,546.0,152.0,0.278388,1,1,323
2025-05-11 15:59:08,a511c7dff6890ea0e7c7849840e803ff6934d60029496de16877f4109d225c8f,896278,7571.0,111.0,0.014661,1,1,162
2025-05-11 15:59:08,9d1e1251966988bc2f365e897670a70f1b8f71494f71a655530552cd6b77228f,896278,14730.0,154.0,0.010455,1,2,205
2025-05-11 15:59:08,5132c4175dac31bb54011334576e37800099843c34d9ce96b52746299d7cc98e,896278,223299.0,201.0,0.0009,2,2,301
2025-05-11 15:59:08,bcc1e94ad0535b49053ff298628f0cb3fa583428aae6aebea205abababa3b18e,896278,1092.0,1449.0,1.326923,2,2,5262
2025-05-11 15:59:08,f55a8a74a90bbcf3b7d3fb180bb816d3040de7171f8a51f42f1349a601b9a58e,896278,546.0,154.0,0.282051,1,1,331
2025-05-11 15:59:08,df66d8976157ab363b8a3735bc0dcb3287094966d81eafe52e854f208103298e,896278,1053502.0,110.0,0.000104,1,1,192
2025-05-11 15:59:08,cdc56e95111d3cf7d2b0c838a95a368276571ed70cf50f6f4344aa9ee387f88d,896278,19898.0,102.0,0.005126,1,1,153
2025-05-11 15:59:08,0c4725da0e30b736f3d105dba3df9ce88c9abba37eb0f98b78c611da11139d8c,896278,765548.0,160.0,0.000209,2,1,260
2025-05-11 15:59:08,39f7f9b4ce8db4e257510dd115a8ee1906f0499279d50f116ea163cd9ae7218c,896278,546.0,153.0,0.28022,1,1,330
2025-05-11 15:59:08,aef5c51c3b184611c1ddc527a51106dff2fe0828709e1f23e7b05319c640f98b,896278,214676713.0,223.0,1e-06,1,2,223
2025-05-11 15:59:08,5720209257ca2a1660cdb996629d65c4ca7caa548f40b2536b3922057f6f4b8a,896278,663512.0,141.0,0.000213,1,2,222
2025-05-11 15:59:08,24de51224fd37d90b91161e6ec1ca379f370c2b0801659609b4ba44847ed1689,896278,67029.0,113.0,0.001686,1,1,194
2025-05-11 15:59:08,ea9a300a7f52cff32f6e4c6b7a0d04e540daa11e798d9fefedf68d8dbd39d586,896278,22323.0,619.0,0.027729,2,12,719
2025-05-11 15:59:08,fa8f090f61abfafc18cafb393033b53ec63f7583da1b41735046f412fd114586,896278,5889.0,111.0,0.018849,1,1,162
2025-05-12 22:00:06,90daab38c381c83fd2d5efccd620215c777208e14f09f1eb8195a83fd66e04c2,896461,51793.0,322.0,0.006217,1,2,229
2025-05-12 22:00:06,08d766454d3c81c816c6459a830631e55d20686e64ba4663f9802c05ffc996db,896461,18606.0,609.0,0.032731,3,2,521
2025-05-12 22:00:06,3c60418eb3139df1f0336dec12c2bf1362dc0459400c264d027605ffdbe30f4d,896461,102004.0,609.0,0.00597,3,2,521
2025-05-12 22:00:06,26410350138cb870e1db916d6e1093231c6e5f722140926460739a89259e9cd4,896461,834271.0,465.0,0.000557,2,2,374
2025-05-12 22:00:06,b90872570560d090cafe820c426bcd257becccafbf7cf191204ecffb4a033a7d,896461,150251.0,465.0,0.003095,2,2,374
2025-05-12 22:00:06,2d119350edf8b1d0419ee8d013a961144e41829c6370256cdf7389ce9a490f73,896461,5675755.0,465.0,8.2e-05,2,2,375
2025-05-12 22:00:06,03a3ff4c261e331320cda4784843fbef6c3f78188c1eb41899874e04ff41285c,896461,112065.0,465.0,0.004149,2,2,374
2025-05-12 22:00:06,4b48850ca9fea63f5cf8b943d0c617897baca3430aa2d889bc212dce7d0d2837,896461,47667.0,465.0,0.009755,2,2,374
2025-05-12 22:00:06,e2180f4b8a03eb89049941f6bf2a1f6535ba4c2ac694db074d81057b9c846223,896461,2067513.0,465.0,0.000225,2,2,374
2025-05-12 22:00:06,1c02ad98d94fbe66b624244fe3360dcf9b81e5cdad1a6481d992b30b39fdfc1a,896461,92121.0,465.0,0.005048,2,2,374
2025-05-12 22:00:06,ae1c1cc71c26c5042252a8f887315c58cbd88423a8fb25b2c26f1da18dbce81a,896461,137797050.0,312.0,2e-06,1,2,223
2025-05-12 22:00:06,d0e73368485645b357f7b28616dacfe9a5bb931eff7faf80ce7dd8207955f8f6,896461,132898.0,488.0,0.003672,1,2,222
2025-05-12 22:00:06,30efd66eba6ed331ee5a2edb2cfeed59f3cb870103db932f463b9381842377a9,896461,570427.0,488.0,0.000855,1,2,222
2025-05-12 22:00:06,07776afbefd9b73f8cd5f5692af436a748fe3cddacf04717727f566fce704f84,896461,8535682.0,488.0,5.7e-05,1,2,222
2025-05-12 22:00:06,0a0f3edc52a4b596209a6a6f04f9bb1984c7d2641f2923e37c0006b99446b8f6,896461,3595694.0,609.0,0.000169,3,2,520
2025-05-12 22:00:06,47f9204a5bf6b15bfbeb506ecfdd68fb36275eb180f6bfeaaf99b1e00cfaa635,896461,1092320.0,609.0,0.000558,3,2,520
2025-05-12 22:00:06,124755065093eee003be43071fe4ae0ffbb3feae57e595ec206513194185caab,896461,99303.0,465.0,0.004683,2,2,373
2025-05-12 22:00:06,a750b315c7cefc64d660e63f921f90e9f35140cd171ca31dd07ab876547b2e5b,896461,196382.0,465.0,0.002368,2,2,373
2025-05-12 22:00:06,ef49210191ceb4786758790f84287492002585aaf0a265c12b8d2d50b00a54cb,896461,88045.0,399.0,0.004532,2,1,344
2025-05-12 22:00:06,5ef3fab3da8f791fad263c0675433df33bf3fc239382c0be6b745935ea410759,896461,619747.0,399.0,0.000644,2,1,343
2025-05-12 22:00:06,da499d0d467b6021541a43969eaafa8b0974f6a772b5026c891e801f702ee64a,896461,11026.0,399.0,0.036187,2,1,343
2025-05-12 22:00:06,cba4e7131e633f3b2fa587f9a6c9096adc0d3b10cc95b0fc471303d72c06ef2a,896461,319906.0,399.0,0.001247,2,1,343
2025-05-12 22:00:06,343199a1aa9ae645d9f7f5bde76735894d91a885aaaf60338395638b053df912,896461,319514.0,399.0,0.001249,2,1,344
2025-05-12 22:00:06,25087d85e4502b1f304131b65bde6454c75f00fb3ae65c73e426f7c2456b638c,896461,804839.0,741.0,0.000921,2,1,336
2025-05-12 22:00:06,a0ad902fb5da5b1b1a1b0f7ae47e6d8e541e5aff1aac2e872d7f30dfe3915eac,896461,36511.0,609.0,0.01668,3,2,518
2025-05-12 22:00:06,4d40cdf81c117ae23f8d0e08310192867cec9e2d171d7b56e15ee9568c3dadab,896461,153163.0,609.0,0.003976,3,2,518
2025-05-12 22:00:06,df22b36615c66ac8227d9f33d4fe5fd826701e9450b9945b1a9a48e640e0fe7b,896461,4058326.0,609.0,0.00015,3,2,519
2025-05-12 22:00:06,1e5f3b895802ad9f393eaeb69dcb1229bf698189a67a3e657680e541e7b85900,896461,2028109.0,609.0,0.0003,3,2,519
2025-05-12 22:00:06,a9c4d837a9e6e61b1d9c68e8dfdfe8dd69530a9cc05ea187d57a86c2fc163b78,896461,438785.0,816.0,0.00186,2,1,336
2025-05-12 22:00:06,8a16ae0610f46bf900e861460df860b0620c2710374e7b493440f4250db4c894,896461,867876.0,742.0,0.000855,2,2,370
2025-05-12 22:00:06,8aa57e7bd47b7e4da62636bb287db7decc34cf126ff3d7680ec5039e767d1942,896461,253114.0,257.0,0.001015,1,1,191
2025-05-12 22:00:06,5206a7482476299093f3318a1c4f56d617e096a79b116007c6dc50b4d6f1a1e4,896461,313092.0,895.0,0.002859,5,2,816
2025-05-12 22:00:06,4fe77b38a957bebfab7b10fecb2ea27aaadc2b29a5e476ec4ff4e3ea9445ca83,896461,59462.0,1069.0,0.017978,3,1,484
2025-05-12 22:00:06,09f0e8b5b77c4a36d0dce022e5670d1b9033dd7ad1e872a9ba745203be1d9f32,896461,2406.0,984.0,0.408978,7,1,793
2025-05-12 22:00:06,779bbfc5c8f8253219f9f798483866164aecaba5085845444ca297550447d8b5,896461,145446.0,544.0,0.00374,3,1,489
2025-05-12 22:00:06,ac7928217d9d0a7448ad90cc3adfe4a53580b3ef57541fb9b9260a1a5206a107,896461,2459417.0,465.0,0.000189,2,2,373
2025-05-12 22:00:06,97eee3b5c746cf14a9c85f74ed5a6473c198f8c7d2bc1dc81962243610109f57,896461,92815.0,746.0,0.008037,2,1,336
2025-05-12 22:00:06,0976838c306db505d004b6380c62796be208b897d31cdcf8d1125867e661da18,896461,1888902.0,544.0,0.000288,3,1,487
2025-05-12 22:00:06,85d60f192e6d9dd628374f063916c5a6bb019a40aae5d32ff1f291832e747af7,896461,394383.0,465.0,0.001179,2,2,371
2025-05-12 22:00:06,f218eef97581496dfbf24ad53e08789c68f2d4681b25fcc48efca3e2e50267ea,896461,139285.0,465.0,0.003338,2,2,372
2025-05-12 22:00:06,fdc97f3ffd237cedc12d2008ffa62b920d33a8f1acdf3d5b84abf03151544be9,896461,395501.0,465.0,0.001176,2,2,371
2025-05-12 22:00:06,e85ed072b563dc672c21a5eee886b56f5e67075c269e8c75c5655693c0de04dd,896461,87906.0,465.0,0.00529,2,2,371
2025-05-12 22:00:06,a233a797d46581e9229d2b987dccac9ec3570a43565c8cbebdcf322b05bee2cc,896461,1594478.0,465.0,0.000292,2,2,372
2025-05-12 22:00:06,2c96af2acbf66a8dd69060bd2d3172d436098e98a4833e3ffd329330b0057ec5,896461,681023.0,465.0,0.000683,2,2,371
2025-05-12 22:00:06,d3b77b258ac83facca492a73226af56faf836c7ff453bad031dbfa6ca4ac84c1,896461,484272.0,465.0,0.00096,2,2,371
2025-05-12 22:00:06,bf5cf2c9540cca52e15374c1bb19647caa20c8fa79ce0a40f25685e835972bb4,896461,2041515.0,465.0,0.000228,2,2,371
2025-05-12 22:00:06,f36286fe0fbfc18780c66ea18b939ba4e73db7a01e2a68a0ff64914d6bcf7aa1,896461,130745.0,465.0,0.003557,2,2,372
2025-05-12 22:00:06,f9a09e41d54c34b2a2f33544b44eac1ab10bc7ebab35479a14938cdc3f6a7d97,896461,7365198.0,465.0,6.3e-05,2,2,371
2025-05-12 22:00:06,b9139644e2915b84fd569d5d0896076be51c7cc1c1574ab456bc234e9b2a0691,896461,646084.0,465.0,0.00072,2,2,371
2025-05-12 22:00:06,314d042f2dc7d504da3382acddff0e2de3f804f6b47ab17080333b5c2c11f98c,896461,5587555.0,465.0,8.3e-05,2,2,371
2025-05-12 22:00:06,5674ded25d6284658c358f54f7c17871bc49f249f2984e37b83438d8c6ca5480,896461,119334.0,465.0,0.003897,2,2,372
2025-05-12 22:00:06,f60440dfa07d86d8bc5fb54224e449182765d3e62148759a70a6d744c8cac970,896461,202779.0,465.0,0.002293,2,2,371
2025-05-12 22:00:06,a3c408da1d437302e1bd714c2e1930eab24a57fc22d5597d299a281c91b9c069,896461,924725.0,465.0,0.000503,2,2,372
2025-05-12 22:00:06,b3fef2cbc050a0abf143490a22ae3e7b17882e98d697ae1c049914de165d3940,896461,370621.0,465.0,0.001255,2,2,372
2025-05-12 22:00:06,dd4abe861f4585b14e66b6aa959736a88cbf88fd2863f8658936ca25fb5daa2d,896461,173771.0,465.0,0.002676,2,2,371
2025-05-12 22:00:06,0de773eda0d3161a2e3273f1f14f1b2e4670fc6b321faf982b911074eb8dbe12,896461,1496955.0,465.0,0.000311,2,2,372
2025-05-12 22:00:06,92a2609fa4f2896ed563d5de19b78df9fb25b5781d0d7227caec92379c46bd0a,896461,4620187.0,465.0,0.000101,2,2,371
2025-05-12 22:00:06,7cc8ae3ee12f02f9c50038d4fefb08357bd697604af9d5d86c80184211452602,896461,32878154.0,465.0,1.4e-05,2,2,372
2025-05-12 22:00:06,179f36b42c48b9fb9542325f31d4f334e5e2b96b173edd4b6e3928ce69d69193,896461,580601.0,399.0,0.000687,2,1,341
2025-05-12 22:00:06,aa6b5072cca5ecc25afa2f07f545233888ef5355352a58d7e34c8e4fcbf03f3b,896461,343236.0,399.0,0.001162,2,1,342
2025-05-12 22:00:06,1e3d3b3c3afe16690ead418aec248a8e9a6b794b1973070a62c79d51c4df0f55,896461,56414.0,504.0,0.008934,1,2,226
2025-05-12 22:00:06,68cd752fabbde10e441bae50328f85958ad3dde58eb085b82ab39dc86449a6e7,896461,805137.0,465.0,0.000578,2,2,370
2025-05-12 22:00:06,0bfe0fd53c6d28564c379c7d57fe126830d18833c7ccedd2840c91ff331e13db,896461,470876.0,465.0,0.000988,2,2,370
2025-05-12 22:00:06,d0bf9842cc89a39e62f0fb098dddecb2139a57fb0b65de7f55a939a4849ec5ce,896461,177072.0,465.0,0.002626,2,2,370
2025-05-12 22:00:06,a356025e4b5f296474fb8e4ce9a4b01ceb0469db498aecd7df4fbacb19f4b9c0,896461,3497592.0,465.0,0.000133,2,2,370
2025-05-12 22:00:06,7695e40896e39ea07899e85c78432f9a33b378851e2214f8c685e65c052f4028,896461,629720.0,465.0,0.000738,2,2,370
2025-05-12 22:00:06,36df42772f9834c79a418d2841a8c96a02cf6737de8438c510cee72530774610,896461,1589305.0,465.0,0.000293,2,2,370
2025-05-12 22:00:06,32426d54aa63f38d7d5010b2467c0b4f7d732ec7f9009099be0f0c317478f70d,896461,129394.0,465.0,0.003594,2,2,370
2025-05-12 22:00:06,404b7d18a5db676a68cfeea60c0eb2f20d7a37fd166706355664a7df139b6b0b,896461,575259.0,465.0,0.000808,2,2,370
2025-05-12 22:00:06,9876da93d17213f70f6b06b0b79b50d0d9338ee0dd8c880269911ce4106d58fc,896461,95694.0,322.0,0.003365,1,2,226
2025-05-12 22:00:06,70b6f6f9f8b316a7bde9fca366294da773021d97a5af316dcb7d2851d453c0c3,896461,622721.0,322.0,0.000517,1,2,225
2025-05-12 22:00:06,8792390d30d8544ba6cecbd36e24694561b56ee514407475a77d5c9cca9297bd,896461,11738.0,322.0,0.027432,1,2,226
2025-05-12 22:00:06,e9ed6fac04b453ab4355d4108a143901593e1e5cd0adb80121d3607213a8e6b6,896461,284478.0,322.0,0.001132,1,2,225
2025-05-12 22:00:06,af3f2ab56a0188a9bd47d72937999267541dca62ed053642d6510435b1dc5ab0,896461,192951.0,322.0,0.001669,1,2,225
2025-05-12 22:00:06,ccf82df951104afec27625454d25423cbe165f7f715b7fbb80015431066a61ad,896461,101181.0,322.0,0.003182,1,2,225
2025-05-12 22:00:06,96340b1b3215b4fe0823ccffde31b68d4d348d96d0dd08f3af382f76ca0109a7,896461,34229.0,322.0,0.009407,1,2,226
2025-05-12 22:00:06,30cfff2047cf45bf7f224ad60db469962c21a3822f8a9cc31b890d9e52fb32a0,896461,40544.0,322.0,0.007942,1,2,226
2025-05-12 22:00:06,be3ab77df4d49f4d38bf480cf0defceb81f37ef2c3bc3381ba06e8189510c09d,896461,299808.0,322.0,0.001074,1,2,225
2025-05-12 22:00:06,fdcd7d66f173f36f6c779f18346bf04f6b49e15be2cfc85072b7b15362adae9b,896461,154477.0,322.0,0.002084,1,2,226
2025-05-12 22:00:06,81542161990864f95bd07bf029c4f51764d4dfe621aabb277c07cb159c8cb299,896461,56968074.0,322.0,6e-06,1,2,225
2025-05-12 22:00:06,5a0451ba5df92f844fcb87ffd422489edbfea79554e6f8e16b54ddf36975bb94,896461,116991.0,322.0,0.002752,1,2,226
2025-05-12 22:00:06,ddb3b2edb591174a1cdd1ecbf91a503e59b3a00bb2d5ebf4171fb7d99ae8e172,896461,1935277.0,322.0,0.000166,1,2,225
2025-05-12 22:00:06,d519b588f59ee4a12801fd9cc0946d3ab6f05dab08c8278f641080037a022d6e,896461,9155.0,322.0,0.035172,1,2,225
2025-05-12 22:00:06,19254a3c8e716fb213261eb2eafd76cc02a09905b0eb686d332964c1997be767,896461,53561.0,322.0,0.006012,1,2,226
2025-05-12 22:00:06,9a48832714d9fb9a97ce3ee8ff952bab673b979cf1f6598b31a4f2b45131345c,896461,1624832.0,322.0,0.000198,1,2,225
2025-05-12 22:00:06,f1520565330b5c793fe2a2c9a8975c4cc7f7ccf8e584f22c9eeec3d6d2bad75a,896461,14215.0,322.0,0.022652,1,2,226
2025-05-12 22:00:06,1806c567cfcc8680ed8301c843e7a50b831c9167a4b68b80b73239caa619a354,896461,119414.0,322.0,0.002697,1,2,226
2025-05-12 22:00:06,b5819c96d285d11475d026b5f8227eecc11b09f39507dece258f258683e5aa4f,896461,127241.0,322.0,0.002531,1,2,225
2025-05-12 22:00:06,f3cebf403e5ab5d149ea7822c6a438889cdda0c867e89298a64ea94fbe60ab49,896461,2133766.0,322.0,0.000151,1,2,225
2025-05-12 22:00:06,a9ea822c0edc2578b2cac22e567625e3b9b43180ef596c6a43ab0cf1796fea37,896461,49934.0,322.0,0.006449,1,2,226
2025-05-12 22:00:06,b893c4ddccc71b477ea77910680a85f77384baf56ab950d997f0a2c2c66e5f2c,896461,7827998.0,322.0,4.1e-05,1,2,226
2025-05-12 22:00:06,e85516d24e704d7849df4d4cc8600c3aba7dbcf288e4bf78f14e3dbf32a71023,896461,1086927.0,322.0,0.000296,1,2,225
2025-05-12 22:00:06,fe2a72dcdc0511e55c272cd355924feafd71bd1eab06bba6ce59305dc4294619,896461,4129637.0,322.0,7.8e-05,1,2,226
2025-05-12 22:00:06,9c5ae0ba4d49fc64aa3224a0c7a9262850e7e2505e6e8dccdbf9f86005b32147,896461,3123.0,423.0,0.135447,1,1,189
2025-05-12 22:00:06,c595a0dc66332017a6b04a73ea3ab3ad198113840eff15886bc1efac649845e3,896461,33543.0,399.0,0.011895,2,1,340
2025-05-12 22:00:06,0463779a86ea13b3560fb9f71e346111a8f3278b5e2d099e62f3b05dc64a2160,896461,288292.0,399.0,0.001384,2,1,340
2025-05-12 22:00:06,fdc3329733a9fb23825cd2837db38f9826e9c83780a63afa5911fa36acc2ee65,896461,240692.0,222.0,0.000922,1,1,150
2025-05-12 22:00:06,fc45850084f4b1bc749528bc76bbafbf6f0ae5c3599329daddeff4ed058d2163,896461,31318.0,442.0,0.014113,1,3,248
2025-05-12 22:00:06,03cbf480a48a3b40f51906ff2b1eb2d113af56ff4dbcda5933433dd8e8224cdc,896461,59141859.0,445.0,8e-06,1,1,262
2025-05-12 22:00:06,6969870158068daa66637c9d9301af2a6ae3dd307a9135ff6f1b22609cccf98c,896461,59229831.0,354.0,6e-06,2,2,382
2025-05-11 02:39:37,d65b4cc487f3c9fe17c10755d6bd608e73d257dd221fedb8b0baac6ccd6f9ed8,896194,24613.0,566.0,0.022996,1,2,223
2025-05-11 02:39:37,0c3e0eddd0b98c865651c19a1806882ac0c58492e8d5ee7e09f75f662d32b6ba,896194,19257900.0,566.0,2.9e-05,1,2,224
2025-05-11 02:39:37,1524de6b38fd8e32f796234f4679546d87c1f27448d2626a0c69d73108f8a7ac,896194,13910105.0,566.0,4.1e-05,1,2,223
2025-05-11 02:39:37,1ce8f7b060f150a63c3ae6d5b434ce15c47f9931d9b355c1a2d4acba753797ac,896194,2745632.0,566.0,0.000206,1,2,224
2025-05-11 02:39:37,4d696558e2ca3b12cb5cbfcb6af19e62f4d7ddfcb7158d9606565a7fae070da7,896194,8440651.0,566.0,6.7e-05,1,2,223
2025-05-11 02:39:37,e3f994af38ba4b2347a0a0ebcdcc64f52704882658769696c2b38300f39f2d9c,896194,238763.0,566.0,0.002371,1,2,224
2025-05-11 02:39:37,bc7c7592290ddd10e5e49318c8f8ae1784d05700d806b2fe1ec8f2e244488898,896194,14740766.0,566.0,3.8e-05,1,2,223
2025-05-11 02:39:37,088f565d04869833a51ee8f43e1cbce1daa78f52b0385b36f565ed711a654086,896194,4213520.0,566.0,0.000134,1,2,224
2025-05-11 02:39:37,53279b589ef66bf7bb478db791dd4d7a9ab15173133f6703c00197f189f70059,896194,2476283.0,566.0,0.000229,1,2,224
2025-05-11 02:39:37,c8b3f839cf243e05a8dd41316873629885a7a16f052f2726858b636dfa4da154,896194,24212.0,566.0,0.023377,1,2,224
2025-05-11 02:39:37,ae9de56ceef7de53a93685ad39c97cb38cbd877cb60de0dac32b28335863654b,896194,4446198.0,566.0,0.000127,1,2,224
2025-05-11 02:39:37,ce90d544d53ed69f82ec7a537cfff6bd2a1361d39ece73eb17131f5d1e62ad46,896194,3589611.0,566.0,0.000158,1,2,224
2025-05-11 02:39:37,3da4e84ea19006f55aef77c527423d5c683bbad652ca327e686c7c081e6b5224,896194,9900251.0,566.0,5.7e-05,1,2,224
2025-05-11 02:39:37,a40ace787055aabcfcd716c547596c7d8d417f60aa55bc008cdf058bbc2d8e9e,896194,11800817.0,566.0,4.8e-05,1,2,224
2025-05-11 02:39:37,9bb314e6bda4c86f862aa185b6456cc8b14d7bce0f4ce96fef3300ac17620b0c,896194,33662838.0,566.0,1.7e-05,1,2,224
2025-05-11 02:39:37,602a9afd9fba20b5713d18e6ddd3bcc8d158cd9e370b1c5766e5dd98a9499107,896194,12524482.0,566.0,4.5e-05,1,2,223
2025-05-11 02:39:37,ffc150c89b02de7978fb2b900e0834b495dc7ee9eff131af6fd2a3bd781ffd90,896194,3949480.0,1376.0,0.000348,4,2,669
2025-05-11 02:39:37,182cc8f072e924c49e9f7b0f3c690de81a90463e2bd82b5d3e387b7eaf3930b4,896194,801353.0,1648.0,0.002057,5,2,818
2025-05-11 02:39:37,c9b206915580827dcb21e7ef93861b3796219494bf3126cf16e6784a9a6f646b,896194,402924.0,834.0,0.00207,2,2,371
2025-05-11 02:39:37,1f878969037431d009635226a60e21a8ef9ffa944589fb0ed040f7c4251c1f98,896194,26101943450.0,3704.0,0.0,6,1,927
2025-05-11 02:39:37,745bea23f4af3f64246bacbc921ebb2381b5d047c3f2c72d4d2c7560cd55b9ff,896194,1073143.0,840.0,0.000783,2,2,372
2025-05-11 02:39:37,235a6ec3f561c2426b0d764243c4a04be4a7fbaa6bb623a5c524cab917cbcbfd,896194,3099899.0,568.0,0.000183,1,2,223
2025-05-11 02:39:37,83bf360b0cfad5195f9928b9593875a3b0a2a1aaec70d45a3d4e8314f8cdcbfc,896194,31107.0,564.0,0.018131,1,2,222
2025-05-11 02:39:37,a595d4e9c122ee1a943398b872e6a56d024199ee90c2259f8c0c2afe4eac57fc,896194,1295348.0,440.0,0.00034,1,1,192
2025-05-11 02:39:37,6e10c6d7d50179e3d6a668efb230bf47e4f75a32cc7797ee1e98cc77122ebffb,896194,135446.0,564.0,0.004164,1,2,223
2025-05-11 02:39:37,2e92bceaf8f7d25d0fd66641a5331e758628d19719073c17ef34080e7657ebfa,896194,519726.0,568.0,0.001093,1,2,223
2025-05-11 02:39:37,05256dde5602ec9f3924e36c4fc0f02ca486c511837b12f9b6f25f4fc23df1f7,896194,512503.0,692.0,0.00135,1,3,254
2025-05-11 02:39:37,2e3fc083779616bc9b7729451a41017f20951c85f76df93eaf02772f54d8cdf7,896194,27999.0,440.0,0.015715,1,1,191
2025-05-11 02:39:37,7b288d8f05462271bcb546de04dece88ed8777a306ab5e80bede8bca97b5adf5,896194,1362763.0,440.0,0.000323,1,1,192
2025-05-11 02:39:37,ccdb236f14c3d95a1793e4cc5ddf4c520fc0e6b422328bf656309f3a025594f5,896194,88185.0,440.0,0.00499,1,1,192
2025-05-11 02:39:37,79a22effe7efed363d18d66455ab7d757a6e6fc3f1494a66a9fdbdce4ae57ef5,896194,37827.0,440.0,0.011632,1,1,192
2025-05-11 02:39:37,da4606784b1d948542a56807c9eac5d88fdb7c93c7ee12cbd224511684252ff5,896194,148896941.0,664.0,4e-06,1,2,248
2025-05-11 02:39:37,a9d42a7891e6c78309babc7750f88d9594c057570b44f4de18b26165028fd4f3,896194,654516.0,708.0,0.001082,2,1,339
2025-05-11 02:39:37,7649b626605ac98a1a6dbf4a27b31993737f143500f26958dfcafb62b86930f3,896194,89243.0,568.0,0.006365,1,2,193
2025-05-11 02:39:37,14fd4bc9132561af5fda5704a05899ffa252c1ec7b06535783dad97a5d8697f1,896194,6187132971.0,1760.0,0.0,1,10,632
2025-05-11 02:39:37,e8edc7dd0983665ec28071938cf3bbb4bfda2079161289352f2171982f7d92ec,896194,8099436.0,564.0,7e-05,1,2,222
2025-05-11 02:39:37,3fc8fce11d1f2c089d048814faa2f491153ac2b834eaa59e21dfd9ffe78a82ea,896194,3575681.0,564.0,0.000158,1,2,223
2025-05-11 02:39:37,126067b9dbb640562ee075e7b8de7461a712365b88b1935fecf8d88382fe1fea,896194,140765.0,564.0,0.004007,1,2,222
2025-05-11 02:39:37,5de787645556f9cf667c3f1190bceed0e04107832118c855bcab8c20f38159e8,896194,628339.0,568.0,0.000904,1,1,319
2025-05-11 02:39:37,b540c79e953e40ab9c28f5405bcd0212b8b5c1066b8c1e7c066c325ed34af5e4,896194,4262464.0,832.0,0.000195,1,4,289
2025-05-11 02:39:37,48f5521d17852cece0dff7b308d0d46dda61d31e4ff8d69ab477e90cc1415ee4,896194,34644.0,616.0,0.017781,1,2,205
2025-05-11 02:39:37,3f7536bd54d17edccc6d98ae651f3535f78e8bffce84fe9f24cff38c917136e4,896194,146421.0,408.0,0.002786,1,1,153
2025-05-11 02:39:37,8fcc875e1d2171b7713169465f495942b42b1aa89fe159b08c94b835839ceee0,896194,2521763.0,452.0,0.000179,1,1,195
2025-05-11 02:39:37,83729b81838105f5a37eae401c479278cee16dc412200ee4bc9d7f9beed4e9de,896194,546.0,564.0,1.032967,1,1,317
2025-05-11 02:39:37,3ffa9b6c9cb460ef84f875d1e4f29341191f592aaa9cc02dfcc34f566ccf73de,896194,43916.0,564.0,0.012843,1,2,223
2025-05-11 02:39:37,4781586c5ef9f28fac812d47178c23da8fe6f569f088884dbeb4333e8128dedd,896194,19191247.0,440.0,2.3e-05,1,1,192
2025-05-11 02:39:37,7f320fe76a20eca438df4fa53f3817233fbf6cc93e465bee9bf0f0351540c0dd,896194,100917.0,440.0,0.00436,1,1,191
2025-05-11 02:39:37,f7337c8449c159819995c908b1069e71636b9ae415da50c1226b99dd25bd36dd,896194,9676.0,568.0,0.058702,1,2,193
2025-05-11 02:39:37,9fcc0a564217b37a3a076c12646b11b16fd3ae30af01144b4926fa9da87c0ddd,896194,4909852.0,564.0,0.000115,1,2,222
2025-05-11 02:39:37,1d78670c60269fe69b370891ba83de80822eafd22390fa775f63662c707aa7dc,896194,175741.0,564.0,0.003209,1,2,222
2025-05-11 02:39:37,02bcb6b5ff11e1783f11a2a6975dac00f035a2fc67f644f41249a2114a67c6da,896194,4099436.0,564.0,0.000138,1,2,222
2025-05-11 02:39:37,a32d384cba1bd1ddf282bc81705e4b7fbea5de2698097acbdb1477cc3b3e55da,896194,2026572.0,444.0,0.000219,1,1,192
2025-05-11 02:39:37,0b40b637cbdf5721724c301506d04a1a73ef25d2a9762520083cd3355f47a0d8,896194,546.0,564.0,1.032967,1,1,317
2025-05-11 02:39:37,07abdcdd137d2fa621eb8b21111a95169e8776988fafa75de78ba61c0a0d6fd8,896194,152293.0,832.0,0.005463,2,2,370
2025-05-11 02:39:37,b8fb156e33f5bd9a9205411bc27c3389a166df5fc37e4e3c3eeafcb69c0836d8,896194,3526507.0,564.0,0.00016,1,2,222
2025-05-11 02:39:37,197bf6cc6c23be8f70f613e599da3e68fce3ce716ce1f6e4087f377ad5044cd5,896194,190316.0,564.0,0.002963,1,2,222
2025-05-11 02:39:37,edac13d833e44e414ab16ea3baacea3ccbeaa92c49a9908f9acfbf48e4694ed3,896194,144108.0,568.0,0.003941,1,2,193
2025-05-11 02:39:37,37296208dff551657f56751556363f482dfe9323929103719b62eb3dc411d4d1,896194,54568.0,408.0,0.007477,1,1,153
2025-05-11 02:39:37,66c975edb85545c8e83d012c546e4fc345096dd041d5644396d3294a5193d4ca,896194,24395.0,564.0,0.023119,1,2,222
2025-05-11 02:39:37,68d43367e695bd830a606416f30d8c5fe83ce2a36b70254eb131ffd742aa14ca,896194,67454.0,440.0,0.006523,1,1,192
2025-05-11 02:39:37,a0d7066e845b988be0112bf03c2186d21885ceec96b36b23e58dedbe6725c4c8,896194,77201823.0,564.0,7e-06,1,2,222
2025-05-11 02:39:37,4c193fa253667a49a79d15a5d8e921fb5d01d2de49236165eda678422b055fc4,896194,81405.0,408.0,0.005012,1,1,153
2025-05-11 02:39:37,3ce30a79d9dbf9556db9875c7ef423b870c08264348516c502aca96981a419c3,896194,14080.0,452.0,0.032102,1,1,195
2025-05-11 02:39:37,f814e273bfa4c92377aa0f847dd4d8ac4b59346af24c15cfec188caae4669bb9,896194,245350.0,440.0,0.001793,1,1,191
2025-05-11 02:39:37,993176b908d8f82561796e50cd7f57aec66ec1da01340c0daef71dc45cc0ceb6,896194,358428.0,564.0,0.001574,1,2,223
2025-05-11 02:39:37,75375334189eb85123a4b94e42bce60df678c2c1c7bc0326fef0d2621d9d0db5,896194,100563.0,440.0,0.004375,1,1,191
2025-05-11 02:39:37,f9361bcea0d1c3af0bb8e09ebebdfd8a2c8e4cd3bb56804fbf656f7f6e5ef9b4,896194,172403.0,564.0,0.003271,1,2,222
2025-05-11 02:39:37,1ef45ff3065d85e54cc7a172e1a73dfdcf81daf4565124b660d322372148d4b4,896194,302529.0,836.0,0.002763,2,2,371
2025-05-11 02:39:37,b6a44ffaf683639e535bd022bfc9113d4f9c240441e13c7851074b458c1843b4,896194,487564.0,884.0,0.001813,2,2,383
2025-05-11 02:39:37,e3cffdf0fbc1346919b3358f3fae0a225a7201b94a2faa2003165852a1d0c9b2,896194,6518279184.0,2280.0,0.0,1,14,760
2025-05-11 02:39:37,5652db35594cf06e5cfc98e918b7f02e4d7be4c0c53724aec5d5f094542792b1,896194,107108.0,892.0,0.008328,1,2,223
2025-05-11 02:39:37,dadef531bbc052839c86f6431aff7fe1cfe2e362c2eeb97a8aafb8e04eac79b1,896194,55323.0,2484.0,0.0449,2,12,753
2025-05-11 02:39:37,84824fec8f658b4fdaf32acbe48d97d22e56fffdd7f04dfea31e33f6bf7b93b0,896194,70401.0,444.0,0.006307,1,1,193
2025-05-11 02:39:37,a2aa1cb828068b24197c441710cedfb61db43d31015a99ea2037a7e9a43ecaaf,896194,910.0,1979.0,2.174725,2,2,300
2025-05-11 02:39:37,ad5777265a7acc6ae001d292e84a916dd22ebdac50f8f76515961e46b778f801,896194,18431.0,241.0,0.013076,2,2,302
2025-05-11 02:39:37,2bd657619e212afcfe8a2e60a41fe85e0df77e34fb7aa2628b70a9f353d56267,896194,31651.0,264.0,0.008341,1,3,302
2025-05-11 02:39:37,f04176a5d4c53dfc23564ac3847ee1d0624dae4720af3005f260b87143db51af,896194,6710759952.0,1392.0,0.0,1,7,540
2025-05-11 02:39:37,c87558d84ac0c161c2ef025f89b77fdc88914417788d13fd5ff013f0f374ebad,896194,1035389.0,568.0,0.000549,1,2,193
2025-05-11 02:39:37,780371fa786f64ffb9414226e8e369bf40375f0f35d45ca0315ea41a17c49fac,896194,193341.0,440.0,0.002276,1,1,192
2025-05-11 02:39:37,1486781c16e34cf1c7cade4399788d5bc432aaaac0ccd1af099ed197520822ac,896194,127254.0,564.0,0.004432,1,2,222
2025-05-11 02:39:37,a3197ec91c643216f2ce476e3ad4dd19bdcb3a851ade0810dc0363e6d554e5aa,896194,32399559.0,1256.0,3.9e-05,4,1,638
2025-05-11 02:39:37,ed000990d8655ad98e9a11f11d60a5a12fc071994f86bb19343bc28437c4e4aa,896194,179702.0,440.0,0.002448,1,1,192
2025-05-11 02:39:37,2adbb65f70e14625aeae8d5b2b71f2f93b377216424ae4dfc6e0e3023a1d63aa,896194,6224875109.0,1348.0,0.0,1,6,529
2025-05-11 02:39:37,ab35bf3da273015f6dbbcc069b6d9177cf90e9a0403e002d2dab712b2eda5faa,896194,4501872.0,716.0,0.000159,2,1,341
2025-05-11 02:39:37,195900712c40c27183f4945c589f306d93eb04e238f6de67be495e74c22baba9,896194,1032218.0,564.0,0.000546,1,2,222
2025-05-11 02:39:37,8674c7a9c4370ec9ec4b29c332068bddf827e029a99d9f93f220517f117993a7,896194,814273.0,564.0,0.000693,1,2,222
2025-05-11 02:39:37,ff21f0729634c48e246d1a960c17af66dbcc788bf6fce920c512d515d06877a6,896194,145102.0,1116.0,0.007691,3,2,522
2025-05-11 02:39:37,8733379c74300792ffd9e27c95119970f404db100c5d4dac694ce3dd85634da5,896194,55443.0,408.0,0.007359,1,1,153
2025-05-11 02:39:37,96565a44d32a3d8027887bdedbcb897a9da2219ff99f13a85e50a36069d521a4,896194,223493.0,440.0,0.001969,1,1,192
2025-05-11 02:39:37,51541cefcdb89b02b4dbfe1b030e0fdfc9fb11b90eb76ea2a60b32a13b5c7f9e,896194,10058.0,564.0,0.056075,1,2,222
2025-05-11 02:39:37,ca227fccd738f42ccbeef0a690468ce8ce0e45016a2660a838d9803a55ffcf9c,896194,12755.0,640.0,0.050176,2,1,260
2025-05-11 02:39:37,bb4c6e84dbdc5336b974efc4f39e48e1c3f2fd054064902a8ec73b6dec3dc69a,896194,627538.0,572.0,0.000911,1,1,320
2025-05-11 02:39:37,85d18b76bda7580c8154fd001f04a4f57cd8155d665a8e8c947713b6b99a739a,896194,1661.0,1912.0,1.151114,2,2,300
2025-05-11 02:39:37,4374de4af3d0a241fda6d2af3cdf7268de13f6388bc8b4242669aac78f8433a4,896194,41122.0,241.0,0.005861,2,2,302
2025-05-11 02:39:37,fa4f5d047d8546985a6cfe60a0e911bab757da24429a6877d12f57c6707fef61,896194,51403.0,235.0,0.004572,1,3,277
2025-05-11 02:39:37,d432d1e7c645967841ed51228b58b00e37b18f55ffd7fc2d71a9164ba07e3598,896194,5620.0,836.0,0.148754,2,2,372
2025-05-11 02:39:37,8e94a04dd0a8d9b1bf5ed83488737cf298d0af9545fd31e9cc08e057cf9f3d97,896194,186295.0,656.0,0.003521,1,2,245
2025-05-11 02:39:37,3fab1608edc06400663beb263ae21b05f6c92200e68dd1a765d9a0b7b714cc94,896194,47425.0,440.0,0.009278,1,1,192
2025-05-11 02:39:37,5fbc4fb10497832c6cf7fc6fd89f0ae0af3331a1c7ff39514b34075941f6f493,896194,85454.0,408.0,0.004774,1,1,153
2025-05-11 02:39:37,4df8777a2d7b87268114866b0e877c4e9c0ced6acf4f6381a582607ef0cbaa90,896194,1135337.0,564.0,0.000497,1,2,222
2025-05-11 17:27:36,a067818728ddcec45ac390d3191e258c97add231680025736f70a4cf948bbb60,896286,330.0,152.0,0.460606,1,1,323
2025-05-11 17:27:36,2aea9cf30227f68f3f3a67085542d2f9e087973ef34b82190dab1a5b34867460,896286,330.0,152.0,0.460606,1,1,323
2025-05-11 17:27:36,2f6f14ef4a231d12724652e10d68a8210c57d14d96dac4f2867bc85145384f60,896286,634353.0,154.0,0.000243,1,2,205
2025-05-11 17:27:36,a1d29389a6e305c61aa6434c990b1a69c3eac0e8cac19af7f396b990fec43360,896286,228290.0,341.0,0.001494,5,1,590
2025-05-11 17:27:36,66d4f76722cc54e92d3d519c46ff8bb5d2c333f931809987d43292cfdc90e15f,896286,28364.0,218.0,0.007686,1,3,299
2025-05-11 17:27:36,6fe6195609de92316c51f9a55f3dfce9fde0bbda8da733a6f353d8484e7adb5f,896286,11837.0,164.0,0.013855,1,2,245
2025-05-11 17:27:36,81e2a454ddca71af4fe2b5d8b3201ebcc29594d5401caabb09d0d3d9a737d25f,896286,47297.0,178.0,0.003763,2,1,340
2025-05-11 17:27:36,3da0b8b2b662fb2d0fa75adfaf9bd93f4bd389913738890d4ef9384e45d3d05f,896286,13126.0,2915.0,0.222078,3,4,10743
2025-05-11 17:27:36,be9753ddc188f13f04de4b6ec7e2cc539d47244562a70b9779ef9027d3decc5f,896286,17885.0,110.0,0.00615,1,1,191
2025-05-11 17:27:36,edb3c52e99a95861289f05d23dc6dedb8052b4dcdeb6b31e75347ddb4ddcc95f,896286,546.0,153.0,0.28022,1,1,329
2025-05-11 17:27:36,29b4b802c123d08fdd21f45155a84bfb44d2e3496848d8aee732a277d1d3c35f,896286,304490.0,110.0,0.000361,1,1,192
2025-05-11 17:27:36,7d1ba84a920a346b7d19a5c790f6b20ab4bb8a164b07802c2058119050e8ba5f,896286,85255.0,215.0,0.002522,3,1,365
2025-05-11 17:27:36,25760083d5c02704f3090464771aee3685821adf529472a079047f47d757b25f,896286,149568.0,212.0,0.001417,2,2,312
2025-05-11 17:27:36,158f57602ab748d654b0c5b21df5812c5b28607f31e808fc36732586c52f8b5f,896286,351.0,129.0,0.367521,1,1,270
2025-05-11 17:27:36,335ab01efe459815b912afa89fcafda2f6fd9e1cdb96630a002f6a508ec5745f,896286,546.0,152.0,0.278388,1,1,325
2025-05-11 17:27:36,5d354c2dffa3aceddde89bb78359f0863daf04b909c3aeb2814c63d7fa9d705f,896286,26225.0,154.0,0.005872,1,2,205
2025-05-11 17:27:36,fa6d5d14d4a787bce6b0a44f6ce62294413a30c647c046cac6c11bfe49a45a5f,896286,330.0,152.0,0.460606,1,1,323
2025-05-11 17:27:36,93769b291244943383a314cd8242b3cdd91de6c6347403eda915b25d2b62585f,896286,2257986.0,209.0,9.3e-05,2,2,372
2025-05-11 17:27:36,e77146f134af613927c0323a4d0796bae84ef0013069768c7f4b6e71d7c3525f,896286,116054.0,154.0,0.001327,1,2,205
2025-05-11 17:27:36,e27338069fa091fe593591268196dfd13eb544a3e440efca12ff75b48605455f,896286,351.0,129.0,0.367521,1,1,268
2025-05-11 17:27:36,7d7c718b9d54c0f5fc2d53337585ca2912e4091c9969f086269da01ce7bc2e5f,896286,546.0,153.0,0.28022,1,1,330
2025-05-11 17:27:36,7db96fad46a4dc78c2ebf2c5a42c6e65d0f443f48f27b5ea6a2af7cb2df4d961,896286,85516.0,154.0,0.001801,1,2,205
2025-05-11 17:27:36,7bf61d18819ac400a310c83e72133b0b42c154ad9648b94adc3ec10cc9801a5f,896286,1265866.0,327.0,0.000258,1,8,408
2025-05-11 17:27:36,767bff42d1dc442b889c4d6c5ac76460dcf3acfb10cf125a7481bb0397e0195f,896286,546.0,154.0,0.282051,1,1,331
2025-05-11 17:27:36,110fcf6f0fae4a8e9bafb42f42a9d42ab7535d53e496ec3db875ffb594e2e55e,896286,65751.0,217.0,0.0033,1,3,298
2025-05-11 17:27:36,b9e2233f5c8678223e097cf06b1f7302a0da3f56da6c903067cbb412f6f6bc5e,896286,330.0,152.0,0.460606,1,1,323
2025-05-11 17:27:36,fe2084838f496e4b299ca5771d8b9e0571a92f2661064cdf2af1a4885984ab5e,896286,546.0,154.0,0.282051,1,1,331
2025-05-11 17:27:36,a93baf57710c1e28e3cdbf437b73bd3508bf52c3f865d12a36ea38a75be9715e,896286,330.0,154.0,0.466667,1,1,331
2025-05-11 17:27:36,e96105bb9d0330534bbfcd01a96564ed633c0add4268186bb9f41052746de9e8,896286,63543.0,240.0,0.003777,1,4,291
2025-05-11 17:27:36,8882f59e0b2c18bee51d2344a125208abf257d0e7c15d28ffd4589eef5e6695e,896286,330.0,151.0,0.457576,1,1,319
2025-05-11 17:27:36,f2e967a86a0b4060fd5713930764fa5d7c3f75a0a608a985537597e2e25e655e,896286,107586410.0,176.0,2e-06,1,3,257
2025-05-11 17:27:36,0e10063088a07e0f44a0b793f19ea4c8601aca0134fe645af24b27c2196e395e,896286,1759410.0,145.0,8.2e-05,1,2,196
2025-05-11 17:27:36,0cee8753788a037d440862538b11e9b425ac006317384102f8f324c7e6eb2a5e,896286,330.0,152.0,0.460606,1,1,323
2025-05-11 17:27:36,7eee4b71f0bdb375c27276831369461ff4e9801f5387fc3faa12a6c44d6f135e,896286,330.0,152.0,0.460606,1,1,323
2025-05-11 17:27:36,87d2a4ac55f23caaa991777369d86ae0b5fedb45cd2c98a40a291b2fe93aff5d,896286,312195.0,172.0,0.000551,1,3,253
2025-05-11 17:27:36,881890de19e300938fe63e962b9c117000f86fff6a660871b77dabcd13a9077e,896286,410448.0,172.0,0.000419,1,3,253
2025-05-11 17:27:36,f5e7ad34ea37748781ab834d0f8736ee98adcf941bab47cb9dcd81104d1ff65d,896286,330.0,151.0,0.457576,1,1,319
2025-05-11 17:27:36,50af58117ba3989fd2c7769bb42319657aad5b7cdb4162b3b8547ecdd821d45d,896286,330.0,151.0,0.457576,1,1,319
2025-05-11 17:27:36,0b5926269fbed498f9ed4de64f4610ce11673e3017a76506ac38f94cc49bd25d,896286,330.0,151.0,0.457576,1,1,319
2025-05-11 17:27:36,ac7f725369d254107e942f2772d4691007e82ac5e594c50837fc2b3b8a6fc05d,896286,256486.0,142.0,0.000554,1,2,193
2025-05-11 17:27:36,df1a8cfedb63e70def517e29d924c9afd5f7b04703927e502745f9254e2ab35d,896286,35886.0,217.0,0.006047,1,3,298
2025-05-11 17:27:36,f03906abf46c41777512d767307851612808d62a2fd25a3f7f4306246994955d,896286,330.0,152.0,0.460606,1,1,323
2025-05-11 17:27:36,0b80bbfef01d638ae6f91e6b1406c9b92285550f7ed334e8a610ef5ba7a2915d,896286,546.0,154.0,0.282051,1,1,331
2025-05-11 17:27:36,31f78fecc623fdfe82c6b91ab105a9663cd46439bbe41d53783fabbaf0f22097,896286,47518.0,154.0,0.003241,1,2,205
2025-05-11 17:27:36,393ad135e841df9ab209883ce15071d27d7eac3a4fe535b606bca26c9629825d,896286,351.0,129.0,0.367521,1,1,269
2025-05-11 17:27:36,e7e05cf54365324110c8a65438091b0f89a6a7bb530bc48040c62f52140a5d5d,896286,85253992.0,141.0,2e-06,1,2,222
2025-05-11 17:27:36,e728f38464f1264df611495cab97bb344ea456d93eb769dc5532643fdde6505d,896286,330.0,152.0,0.460606,1,1,323
2025-05-11 17:27:36,a07c248a0589509860bce40383e1adf77e81c0991b30750b49d94b20eae21f5d,896286,546.0,152.0,0.278388,1,1,325
2025-05-11 17:27:36,e8270cf473bb0bf5d28732723a79ee10025ef7033d2c65425be0e066976f30a2,896286,134286.0,154.0,0.001147,1,2,205
2025-05-11 17:27:36,b3d1c132260307177864e478caff80992e6ada635b558ee695bb5a227d5be75c,896286,546.0,152.0,0.278388,1,1,324
2025-05-11 17:27:36,05f49ba99efbb5346e93913e63b5daee284363acada703b02b6cf869d641c0c4,896286,167954.0,154.0,0.000917,1,2,205
2025-05-11 17:27:36,22732fc9d370cf7462a43ba7bb00469f466aa60f5cd17f6acac560de5037a85c,896286,546.0,151.0,0.276557,1,1,322
2025-05-11 17:27:36,8956b0e4eb140f5fd670e4fd364b3ad28f9475f37a25902273255038042383f3,896286,120673.0,154.0,0.001276,1,2,205
2025-05-11 17:27:36,70a87678fe3cde19473c2411b1fd42a9020b347bc91137f839742eadbf034c5c,896286,330.0,152.0,0.460606,1,1,323
2025-05-11 17:27:36,77b909b564d63acb4e59424838954bfd4c3fcf97a4c22d48dc44b35e99f64b5c,896286,8150823.0,179.0,2.2e-05,2,1,341
2025-05-11 17:27:36,c5a56475c2cf682380f72a652675fd912c9c2d3a8ecc234b050088aa157f0b5c,896286,330.0,153.0,0.463636,1,1,330
2025-05-11 17:27:36,b13b312b3e591d082364c50d293573e9a9529a6f20239b778033f65200fd2298,896286,432753.0,541.0,0.00125,1,11,592
2025-05-11 17:27:36,4257aa39aaba9553f05c68e687f4b6e467cc75e28263829b18f0608aabd8de5b,896286,546.0,152.0,0.278388,1,1,323
2025-05-11 17:27:36,f45575dfae60f057dc5202b3d93a8713d123c3f6f168f3b713b0eb56fcf89489,896286,53179.0,154.0,0.002896,1,2,205
2025-05-11 17:27:36,ea3367bef8976092f5a67580d746fcd715621c288a31915f33a84123d346dc5b,896286,39703.0,217.0,0.005466,1,3,298
2025-05-11 17:27:36,bf1f5083e2fc6bd57bdcf6d84780790c80879e9cbdce02f9684ed50a21d7c65b,896286,467470.0,143.0,0.000306,1,2,194
2025-05-11 17:27:36,c6f07af9d1979c80491aa88a52c0fc5ba2b7b6ae9513cb44cbeeb6ce9625c05b,896286,330.0,151.0,0.457576,1,1,319
2025-05-11 17:27:36,f50a66abca822abad23f4e1710819cc93cc9942958e84703a9caea10c702565b,896286,13780.0,168.0,0.012192,1,2,249
2025-05-11 17:27:36,ad75f5ff98fec522938025df630662aee69c419c54d7e41f096c19d7e3a34d5b,896286,198094.0,234.0,0.001181,2,2,366
2025-05-11 17:27:36,f4cf1c920a7f2994ed6429cceedd2abcd11c0adeaa8b999ccee340e796d9385b,896286,32151027.0,141.0,4e-06,1,2,222
2025-05-11 17:27:36,3de16d7a05eef620405d273942d748bf8228ee58733d0de4c29dfedef8e5db5a,896286,351.0,129.0,0.367521,1,1,268
2025-05-11 17:27:36,29224ae523d0cc1d348bd811e6adcd7bb4a9b04cafbbe4dba8b77e354ff3d25a,896286,351.0,129.0,0.367521,1,1,267
2025-05-11 17:27:36,e14e4c77390a430de40635d52d38b16323281bc8f74779ed2e89983a35c8d05a,896286,330.0,139.0,0.421212,1,1,307
2025-05-11 17:27:36,89c89c7b112288c3f63b19608a6d454aa9e3600fcb801ea158b5ca236e5eca5a,896286,79605.0,142.0,0.001784,1,2,223
2025-05-11 17:27:36,de17b0dc91fc06d52bf1c09c66ca7059edf872b9f620db683c9474a96eea9a5a,896286,10839672.0,142.0,1.3e-05,1,2,224
2025-05-11 17:27:36,0999fe0e40c327fd7669afd4fe1c2ed963767278b37bcab3d771b8076af7545a,896286,330.0,152.0,0.460606,1,1,323
2025-05-11 17:27:36,4546877802f89f3f1e57a3da43cd8e33344c86bdadf4d8524f7420ac31cc1c5a,896286,330.0,152.0,0.460606,1,1,323
2025-05-11 17:27:36,a45470ee3527488481849f7861f7f80fa01330ed609d7593471a1d58d8190f5a,896286,330.0,152.0,0.460606,1,1,323
2025-05-11 17:27:36,65a49a8d58855bba098e7fd289e1bafa6fd723ebb3e773f6ef4cb2fc3d01e259,896286,1505599.0,142.0,9.4e-05,1,2,224
2025-05-11 17:27:36,07d0c3ad6c031283f6b05023992e559a1256cab0a80e28adb94b5bebf674bf59,896286,76283.0,142.0,0.001861,1,2,224
2025-05-11 17:27:36,96e4cf836e64dd91a533fb8a0a249ed3d2a857d2735450e3980ef4fd52dba359,896286,330.0,152.0,0.460606,1,1,323
2025-05-11 17:27:36,9bb5cd559b079740fb7e7a69d36224f74c3ad4c77f3ca65221e60cc029dd8c59,896286,330.0,152.0,0.460606,1,1,323
2025-05-11 17:27:36,38331f9808c26658eecb15a71e2a355cb9000b93e9fd1daf5ff8344583bc8059,896286,351.0,130.0,0.37037,1,1,271
2025-05-11 17:27:36,d76e1f380cb077c4e7544755cbb7bd9fdba2f93b934c3954e494b3bad95b7759,896286,153767.0,154.0,0.001002,1,2,205
2025-05-11 17:27:36,661285ab02b19b36c9a80411e0d8671797752dc56ea864c821123b82ee627559,896286,546.0,154.0,0.282051,1,1,331
2025-05-11 17:27:36,76f4ff7dc615867f071aadffeeca555dbdf2c3c4d81d5e6f2ee97acbdea26a59,896286,330.0,151.0,0.457576,1,1,319
2025-05-11 17:27:36,1098932a9edda1c9afc0725eef923db805df3a94bd341c3326e1d9a7e86e4e59,896286,351.0,130.0,0.37037,1,1,271
2025-05-11 17:27:36,6ea962d5e7d145b238806aac5c37aa5fb382291ed309a75363b3de78bfc64959,896286,330.0,152.0,0.460606,1,1,323
2025-05-11 17:27:36,98a953a7594e125bd256022fa6a23bc7c0c01a2328e2bf1aa34f0148a8754659,896286,351.0,129.0,0.367521,1,1,267
2025-05-11 17:27:36,b2281136bfe9302f68738df9b86dcffdebb92979201832b72fa13ba709334459,896286,330.0,151.0,0.457576,1,1,319
2025-05-11 17:27:36,c8f3b3d484a3d537f9e680b5f1b365e134aacc41fc18b1d10207f8b9ab553559,896286,17234165.0,141.0,8e-06,1,2,222
2025-05-11 17:27:36,24f84f49be088d7f4c1abd24f3b4f4d83faa78829261647dc753cc68b9e42b59,896286,2246.0,154.0,0.068566,1,2,205
2025-05-11 17:27:36,5c521e58f288dc3dd6a491d901cf1aa18ccd277ec1d7cc938435ba941b162059,896286,2223654.0,153.0,6.9e-05,1,2,234
2025-05-11 17:27:36,8755e20e55cd46824501656080c0a48a7e8af60158fe2995bd05332783811e59,896286,330.0,152.0,0.460606,1,1,323
2025-05-11 17:27:36,ac26e0577092e849e98a2ec526541544c0992e38884cbc44fa79bc4ee8120c59,896286,330.0,151.0,0.457576,1,1,319
2025-05-11 17:27:36,9b16f53a997fb9817009a7b4284d9c41f230ebf052afca02a5dbe6c0f0d20a59,896286,282696.0,145.0,0.000513,1,2,196
2025-05-11 17:27:36,49a2121af19dcff5d78c328110c00bf24c41ca3bbb7a49a495ed50992b48fb58,896286,500.0,157.0,0.314,1,1,346
2025-05-11 17:27:36,1583720adfa6951d0336a010d0510444ff3953a143d023d607be5a2bc182f758,896286,596745.0,141.0,0.000236,1,2,222
2025-05-11 17:27:36,ff8fc5917e7afd07273d9430ec364fca3cc292b04c4d2f770bb41ea37f22d958,896286,330.0,152.0,0.460606,1,1,323
2025-05-11 17:27:36,54a75a37141357ae7d21fce27ccb4fc4d9f3fad5ac9bf2574c587c296ba1ce58,896286,330.0,152.0,0.460606,1,1,323
2025-05-11 17:27:36,68b272ea4dbbb10c06511f343b563cc08dbe7d8307f5a208d7cae52571b0a258,896286,39151.0,222.0,0.00567,1,3,303
2025-05-11 17:27:36,28c7b0df9681af0e10b0b5f8af44446046d81c062c7980a2b30cf8c1690e6b58,896286,330.0,152.0,0.460606,1,1,323
2025-05-11 17:27:36,c6cfc676c25805023286d00a6c4f4229743d39da8afe44d32f29e73fdf8e4958,896286,546.0,152.0,0.278388,1,1,325
2025-05-11 17:27:36,a85b2e421a42e91841cc009b37ca78ce46c17fe22bb61acaa191ebc89a9486db,896286,1266.0,154.0,0.121643,1,2,205
2025-05-11 17:27:36,e017056e798b7918e053da22729c0a5b18d501b93f4241d03a7fe1d2a5bb3558,896286,546.0,153.0,0.28022,1,1,330
2025-05-11 22:58:45,050b9e89f94bd29d5a906e9154e18b00fc4d0dbec0d7e7207963366f9bda58f2,896321,904774.0,1032.0,0.001141,4,2,666
2025-05-11 22:58:45,9cdca3ddc6ad56728adb3ee2527fbc9bf20995e72785c781799d9d73a83ad6f0,896321,191355.0,339.0,0.001772,1,1,194
2025-05-11 22:58:45,39a02370395fca8df3c8b7b138cf1d7b4ea7b2600c0681e683893ccce6c46cf0,896321,971914.0,423.0,0.000435,1,2,222
2025-05-11 22:58:45,dfa5faaa286464de13b01dc18df230f923c095b3209a0a58a04a9072a7ad69f0,896321,97698.0,423.0,0.00433,1,2,223
2025-05-11 22:58:45,34dd53203a7c52f9769edf849aceb196aa61f09e1f2d07df46c9037a598ef8ef,896321,78213.0,330.0,0.004219,1,1,191
2025-05-11 22:58:45,1de0048c182918cf4297b68b1c228129f0190c05aea429ab8667b68dd9126aef,896321,45450.0,423.0,0.009307,1,2,222
2025-05-11 22:58:45,42d51f30393d6327415044c48a5ede974e62f2bd831530d799dfba71619d5fef,896321,17913.0,432.0,0.024117,1,2,226
2025-05-11 22:58:45,a222305490eeea768cd4419475384f3fabb574db8295eb3137b3bd1e00538fee,896321,44661.0,339.0,0.007591,1,1,195
2025-05-11 22:58:45,ec7f60ab85075576e0ebb05857432ea057ac52b23d21625c8a7ae7341fe229ee,896321,13214.0,423.0,0.032012,1,2,223
2025-05-11 22:58:45,fed4d0db0173f01742fff91b5e004d7ffbdd3d7c66401d6203e3de1ba492e6ec,896321,14505.0,330.0,0.022751,1,1,192
2025-05-11 22:58:45,be304d48fbb474efbd279f26235a5f747d06d01f2faa3de4983893fda81d2eec,896321,288286.0,423.0,0.001467,1,2,222
2025-05-11 22:58:45,9bd909fc24158255be6c8beecb8e2f59437f5796dde76b8054e91ec8aad6d4eb,896321,31396.0,423.0,0.013473,1,2,222
2025-05-11 22:58:45,099b5375a8913d9c4cd5491802af478bdb21f54fd7432ace32ebfa33e24314eb,896321,160331.0,423.0,0.002638,1,2,223
2025-05-11 22:58:45,36ad4052068b968b58121b3dc21d8f3323bc5f1c9b4e4d85ddd265951ff138e9,896321,33243.0,330.0,0.009927,1,1,192
2025-05-11 22:58:45,0c39430ecb1d0b9452a282cb0d10c38f5ad5f71e4c6463b92c411c5f0259dfe8,896321,98348.0,636.0,0.006467,2,2,374
2025-05-11 22:58:45,ee62c27bcf8e6a270168032a61056a4521db1d4d420f747da2cc688217c157e8,896321,226117.0,459.0,0.00203,1,2,235
2025-05-11 22:58:45,221cfd7dbacb9aeb66ea172717a859f29117af48b81849d5cc8637828fbe1ce8,896321,43926.0,459.0,0.010449,1,2,235
2025-05-11 22:58:45,1986af0a447c8faceb0934787711d502f153f70bd4fbff6fd26d8016bb2486e7,896321,678731.0,423.0,0.000623,1,2,223
2025-05-11 22:58:45,abba928b5526fbf370d7b49f32e6c52b58d6c43b4ae3ae597c50f412d1f657e7,896321,13210.0,831.0,0.062907,3,2,520
2025-05-11 22:58:45,fa47ef9e76d737fda98a76c22085d4d84c9002fa28434d3be9b1b1f816ebdfe6,896321,23322.0,627.0,0.026884,2,2,372
2025-05-11 22:58:45,c85c15da872c0fc6301c7fd96c444da13f0e17521041b68c3e796684fb66bbe6,896321,6428020568.0,1149.0,0.0,1,8,574
2025-05-11 22:58:45,9e7b488da53a2635ea4f2bf94bf65bcdff383bc7c458d71182497473110394e6,896321,1002957.0,1122.0,0.001119,2,2,374
2025-05-11 22:58:45,af66d2be6b512632b180be0918e61d063a12aab173e3304d31bef74cc998e1e5,896321,296913.0,330.0,0.001111,1,1,192
2025-05-11 22:58:45,42c3ef9abeb6c52c1281b4b5b227cc8c9f081c1236dd88619a1bd1dd0e9a8ae5,896321,270284.0,459.0,0.001698,1,2,235
2025-05-11 22:58:45,f4099fe55e19a740ddde5616a8a618b06d0539ba8ebcd22a2bc5d1387410b3e3,896321,681885.0,339.0,0.000497,1,1,195
2025-05-11 22:58:45,37013746116f3390e883efa08ea4cb2c75cbf713d698f39feee11bf8c33f0de3,896321,83227.0,423.0,0.005082,1,2,222
2025-05-11 22:58:45,870774f8c1a9bea3b9f070107a491b068090d1b29abdfd8eeabaf4f726f0ffe2,896321,305012220.0,459.0,2e-06,1,2,234
2025-05-11 22:58:45,2c66fb1e6ada9612a25642ab824589e4c531f1686f6ce5fd90310521cf439ee2,896321,114898.0,339.0,0.00295,1,1,195
2025-05-11 22:58:45,a72306519e66c94e554bce302c378a01e443749607ab70c5cfeea7cfee333ce0,896321,10570603.0,432.0,4.1e-05,1,2,226
2025-05-11 22:58:45,3dda29903a188390677eb205a654e59d1573ddbca9a3b2e5f498ad29a56888df,896321,42724.0,423.0,0.009901,1,2,223
2025-05-11 22:58:45,5daf945bc4a1488abc29859a3a72ccae8ca633c56f19f2cc75bce9fdb5b333df,896321,51539.0,423.0,0.008207,1,2,222
2025-05-11 22:58:45,bb1ff6dae47be7acf643655a62cf1bfd4edaeabe2d5f8a42636fa3dd74c62adf,896321,113636.0,330.0,0.002904,1,1,192
2025-05-11 22:58:45,256dd40743d26bf62c89a52495264698843645da88f0759678897b0c24a2cfde,896321,818199.0,423.0,0.000517,1,2,222
2025-05-11 22:58:45,f333aa3ce3d954701bde470d1db7d2dc0c73dd6fe48f5fb541e429590154b4dd,896321,263241.0,426.0,0.001618,1,2,224
2025-05-11 22:58:45,f65ed5e80b02ea1e4a59005c9aa681b8c60916403036b777e76f75cf4a2b36dd,896321,46279.0,330.0,0.007131,1,1,191
2025-05-11 22:58:45,25ca3611dda01ef1a74b8b9d86dc8b71a778d12ba5330e085d98cb5866b125dd,896321,47799.0,339.0,0.007092,1,1,195
2025-05-11 22:58:45,5642f6e39ce03a63f293a2c8c80ff51491b00da3b29c169ff9e367d284f5d3dc,896321,368941.0,423.0,0.001147,1,2,222
2025-05-11 22:58:45,1f7483c7de63eb5a8dfecc091df515ce06ca7f419323c827bf9245019bcdc3da,896321,46602.0,330.0,0.007081,1,1,191
2025-05-11 22:58:45,75de9ba2269b8bdd58646b981aa769c56c58ba618cd60e9c49a7fd4c11ff6bda,896321,89215.0,339.0,0.0038,1,1,195
2025-05-11 22:58:45,3a896ec238c1d47145d58d4e96caa460fde25b8eb1224f3627d83588b2d7d0d9,896321,67304171.0,423.0,6e-06,1,2,222
2025-05-11 22:58:45,68b0d941557ba4b7e8bb037f8f9d395013cba832a52924a4f327c18657c2e8f8,896321,132630690.0,423.0,3e-06,1,2,222
2025-05-11 22:58:45,00467712fbe03416842ab24771e66bb52661fcb4f6f0813df62462bd249ad8d8,896321,143335.0,426.0,0.002972,1,2,224
2025-05-11 22:58:45,b73f8895f1cece001699cfdabd4894a43c0d65172642dd5b5d8c0a5c4c918ed7,896321,715364.0,423.0,0.000591,1,2,223
2025-05-11 22:58:45,6076294f3d0ea44da1843d042c063413d3cf0be2eca93bec6016f759447788d6,896321,61188.0,432.0,0.00706,1,2,226
2025-05-11 22:58:45,794bac417926b92a2d2018a8d0affd0fc5fe7cbd60501a76967f1723393fa6d4,896321,673633.0,339.0,0.000503,1,1,194
2025-05-11 22:58:45,2d2c92969411daedc927b5f909a92dcaeb6ab821f3dc9b9d34cfa4130f8782d4,896321,164843.0,702.0,0.004259,2,2,365
2025-05-11 22:58:45,70a742302940b871ca61c5f731ed462770f1dd7582e9bc896e6e2b60ceac08d4,896321,215119.0,432.0,0.002008,1,2,226
2025-05-11 22:58:45,eee29651fde82008e0de32460404d3df20c1d73e466d40edfd55b2e6bdcaa7d3,896321,499568.0,432.0,0.000865,1,2,226
2025-05-11 22:58:45,17f46bbb7044e9bdbabe89f2bceec553adcc00a455f230eaf1d0b4e315b69ed3,896321,75320.0,330.0,0.004381,1,1,192
2025-05-11 22:58:45,eec375636480826796341e219ecc291c5b7d2fdf2ca8ff8787c48d17ddec5cd3,896321,215691.0,432.0,0.002003,1,2,226
2025-05-11 22:58:45,105466a863b9856f258bfdacdc57b08fb4b392505680fb0c95e3ce5294249ad2,896321,295788.0,1146.0,0.003874,5,1,787
2025-05-11 22:58:45,85e3a30356fe67a03ea93320ea48738d7b678bc66bda68d64dd42182a56c43d2,896321,233329.0,423.0,0.001813,1,2,223
2025-05-11 22:58:45,f8c3d28ee443ace43d8beb9d80749fd6de830c66d3b398b01706d42eb4c711d2,896321,350484.0,627.0,0.001789,2,2,371
2025-05-11 22:58:45,4f8f6862b464c25b1ee41348d33c30d60facb2a54deac2dcc3b3be7e13fb71d1,896321,39265.0,432.0,0.011002,1,2,226
2025-05-11 22:58:45,bf7bf21e758a89fb2308d51571d1d570c883422d740a573d53f51e4cdf9b09d0,896321,73203.0,423.0,0.005778,1,2,223
2025-05-11 22:58:45,2b09cc9bd9e803c029b0f2baf05735364720daa1dddf1dd3cfedbbd3fcfe80cf,896321,305580.0,543.0,0.001777,2,1,343
2025-05-11 22:58:45,c7a53a14e5b14788025f68767c8f6f6e1fd2b9d4d1b4917fddadd70c39fe73ce,896321,1089885.0,516.0,0.000473,1,3,253
2025-05-11 22:58:45,38a2df693efc16b81d283643a46529472d07f815ee03a15784729cc8f19bd9cd,896321,324807.0,432.0,0.00133,1,2,226
2025-05-11 22:58:45,b90c6b2400b8d1d110d414bae539e13e7acba82b847179a21a99f6b96a8575cd,896321,889963.0,423.0,0.000475,1,2,223
2025-05-11 22:58:45,b93938035500b047639a1b83a2cc67d5c078ed20ba1c7474810b4644369cb2cc,896321,88347.0,423.0,0.004788,1,2,223
2025-05-11 22:58:45,edfcb8d781fed0a659cb50ea84e67a2274d4d683d9229b2dd2613d1e4594dccb,896321,544318.0,423.0,0.000777,1,2,223
2025-05-11 22:58:45,e3299a8d96e1ef98d6e56332be172de23f4fe7ce4a64f7990652ff8c4f98b7cb,896321,48136.0,432.0,0.008975,1,2,225
2025-05-11 22:58:45,cc3870d7ab5b2cd96b6e537efaaa80bf6dfc6a3cdbec6652feb365e3d41d7dca,896321,19690666.0,423.0,2.1e-05,1,2,222
2025-05-11 22:58:45,e808e857c3b99878ae656d188b178edfc2f380acb3cf1539edb85a734b493bca,896321,464234.0,423.0,0.000911,1,2,223
2025-05-11 22:58:45,9f1c990d2d0b960edc120e827904afcfbd219661850613cedb3abd8bfa58eec9,896321,259955.0,543.0,0.002089,2,1,344
2025-05-11 22:58:45,782b3754261b1ddf055b3d6621b2c9d2db1d9b10227df542806c90937c2044c9,896321,125852.0,426.0,0.003385,1,2,224
2025-05-11 22:58:45,1b44c623ac050cf8226a8c6fc09dc38b2ae6e41872f0169bfa90d37f67e3efc8,896321,9699568.0,432.0,4.5e-05,1,2,225
2025-05-11 22:58:45,6382988ff8b710a811f122521aebe9549e604c9b6d52f9b0964faf55586ae1c8,896321,37819.0,339.0,0.008964,1,1,195
2025-05-11 22:58:45,4cc7fea1c954e7d295abd7b9ca9958d8e53e5ac5278b08dc07da238029162bc8,896321,3100577.0,423.0,0.000136,1,2,222
2025-05-11 22:58:45,691df2b7b65d6713b104c0c71893e6190058bc7f5ef0e4fff882537cd5eb23c7,896321,404596.0,423.0,0.001045,1,2,223
2025-05-11 22:58:45,91c6f58f215efd1a6fa812272a94d18c379023b06b374085fdf195e7a89a10c7,896321,90453.0,657.0,0.007263,1,2,219
2025-05-11 22:58:45,47c12cefe0adb06931b1007022452704858904a763a5c6ad829cfecaa854ebc6,896321,95700.0,330.0,0.003448,1,1,191
2025-05-11 22:58:45,93b27c07028324562247030ffbc99c825e960b2053b8cd0702e233c6bd4472c6,896321,1332458.0,423.0,0.000317,1,2,222
2025-05-11 22:58:45,d76a7df28b0c509760a0d5471f59f562b1c51a8d7372649b71d8a4ac49cff4c5,896321,201213.0,423.0,0.002102,1,2,222
2025-05-11 22:58:45,a2209034edd24e076d0bd87131a3a4a1a28533b82e8184dbd9fe70621b9cedc5,896321,360323.0,423.0,0.001174,1,2,223
2025-05-11 22:58:45,940f0c5011a0fb5e39e0dccf042452713c80f59d59091fc7295ded40389086c5,896321,9783085.0,426.0,4.4e-05,1,2,223
2025-05-11 22:58:45,0eb5de21756d1f4eea8f380b46c65183424a49b7199603f1526d05dde990f4c4,896321,47829.0,432.0,0.009032,1,2,226
2025-05-11 22:58:45,a8d10441e271f3bbdb50d14affe3d241a4ea03c14ecb1522579f34d2b6c751c4,896321,45819.0,432.0,0.009428,1,2,225
2025-05-11 22:58:45,757e8c1481f4523ac60b0e72cb735e84adfcedfb2859b8071c46e080167048c4,896321,192015.0,339.0,0.001765,1,1,194
2025-05-11 22:58:45,6d16800528434177ca4b7f27fe2f8a4d30418900d70c918e2966aa2790e41ac4,896321,87742.0,399.0,0.004547,1,1,215
2025-05-11 22:58:45,408ff0ff4a56496dd4fb36efe99ac6f049cc69b7b46180ffaafd40af35c6e0c3,896321,6875119787.0,1173.0,0.0,1,8,582
2025-05-11 22:58:45,7009e54d01e91b30a1c0df3f9122a77959096d2eca7b69be1c3923dde6643dc3,896321,404029.0,432.0,0.001069,1,2,226
2025-05-11 22:58:45,cd05aa5ac62f66add023d1d83cd9e2e05e0b363e591314b5c152755d4c1dfbc2,896321,92970.0,426.0,0.004582,1,2,224
2025-05-11 22:58:45,497c99e8b181f53f81b74ec148fea96a87c6ddd770c86c83d830eecdfac768c2,896321,286223.0,423.0,0.001478,1,2,223
2025-05-11 22:58:45,2312c416bfd9dae8c7f7837507e014f838037febb665cd230c85668a5fae5cc2,896321,99300.0,330.0,0.003323,1,1,192
2025-05-11 22:58:45,b4a5f0dbd592d39cf24cf78e8ee3f8f490bc4d28839e5f1765134de3b09d78c1,896321,104353.0,423.0,0.004054,1,2,222
2025-05-11 22:58:45,78d1b97d36d18ebfb7b5cbe36d1c41f70c987076f61d706b4193dd173ce7bbc0,896321,11365114.0,333.0,2.9e-05,1,1,193
2025-05-11 22:58:45,a352f8d101932d8725d5868396a9eabeaaa898c08f0643163817704ece2b2cc0,896321,8263832.0,504.0,6.1e-05,1,2,250
2025-05-11 22:58:45,210387db3c0689766e5248e9ab7720269eda21cad6343deccf0e09bc38821ec0,896321,234653.0,531.0,0.002263,1,2,259
2025-05-11 22:58:45,f43985b6f16dd2c97616013e583191140238dbebef9bf4faa51fac9af78b41bf,896321,168033.0,459.0,0.002732,1,2,235
2025-05-11 22:58:45,0bce2398c787e3fab7088439eb98876bd6ff79c48c9078a5b44fc075121f30bf,896321,16783.0,600.0,0.03575,2,2,300
2025-05-11 22:58:45,ad9587c3f68dc7e0ceb0f782f13f70f44b16f7cef35fee82f569ede940892bbf,896321,269610.0,624.0,0.002314,2,2,370
2025-05-11 22:58:45,f1b455a4b6007118584faaab05ef6674abdc32185e351eed8995335cc5e28ebd,896321,144540.0,432.0,0.002989,1,2,225
2025-05-11 22:58:45,6be4f1acc95023b1373ddc37f019cbb0295cb51f3b287d8586782a1a152186bd,896321,7691.0,459.0,0.05968,1,2,234
2025-05-11 22:58:45,cc488b462e8003be6003cf0e8f4cbe9a5254bb6647ad55584fcd167f06d438bd,896321,100669.0,330.0,0.003278,1,1,192
2025-05-11 22:58:45,2ce6ff217fe9d1fdfea05847c816c26d79451170156304c7f83aba3ce59222bd,896321,14032.0,339.0,0.024159,1,1,195
2025-05-11 22:58:45,cb822709ce9cfd5d31333d64d1c5edc203e6a0f5123d61ee6296239802227dbc,896321,323173.0,426.0,0.001318,1,2,223
2025-05-11 22:58:45,330a27a7908659c3c1505228dc0a5c4f1eebd61fcbd6bd2d62ede763e96579bc,896321,47729.0,339.0,0.007103,1,1,195
2025-05-11 22:58:45,9caefa8d3887394fd733111f2b75f310a32bb522a208e312e9258613a5af2bbc,896321,475262.0,333.0,0.000701,1,1,192
2025-05-11 22:58:45,ec41233d5486df04407ace5cdab92f1ff4163deb9426e2d6e2db7d6a490414bc,896321,73389379.0,426.0,6e-06,1,2,223
2025-05-12 21:13:18,809594aad2d3aaafcb6dd0137e3b797cfdd7439f90c61f1164cd7530679c8706,896458,13204.0,964.0,0.073008,1,2,223
2025-05-12 21:13:18,aff30deef72f7f559ddc47f35f3057ff3cb5c6221b72991b6ebf2d09b7eb4330,896458,42716.0,1630.0,0.038159,1,4,320
2025-05-12 21:13:18,2a3ac9c4032f195aa95b003353065e22b7191cfefb30e1737c9893e1aaa7a4e3,896458,1091476.0,1051.0,0.000963,1,2,234
2025-05-12 21:13:18,7700b334b4337362fd52d7ca088bd2b70e82301d404eafd5dc2a4f9813970a3a,896458,17522.0,756.0,0.043146,1,1,191
2025-05-12 21:13:18,eb494f4ed212bbefd8e7407d2803a06eca890e4bb4d7e075805e2e99ac52d97f,896458,16665.0,1135.0,0.068107,1,2,245
2025-05-12 21:13:18,5667d64328a6f75a5fc195d473363219a9162a7c08947af2390e2156fa691874,896458,13834.0,1135.0,0.082044,1,2,246
2025-05-12 21:13:18,ad399472e8f2a30c73f25929d46d7f702c0291b07bf6f08e495272e4b9aebdbe,896458,1622091.0,4081.0,0.002516,8,1,1237
2025-05-12 21:13:18,96f1b7d97a5314cc4ddd28bde6491e879acc4d8cc584de3a3264ab490af579ac,896458,1203705.0,3348.0,0.002781,5,2,887
2025-05-12 21:13:18,b8b87aab12ba26dbd14213f7568bd863714f0c9f0e8ca1cd82d9eae4cda95746,896458,6523.0,926.0,0.141959,1,1,215
2025-05-12 21:13:18,bcb9779cd544c8f1daa9e4ee9291b4bb9062496b5b3a491227b185a5bf8900a0,896458,17519.0,2188.0,0.124893,2,3,476
2025-05-12 21:13:18,8e5f6b5fa809a6831377f680ac24f3ffba9aa192160a1703babfd486ac143be5,896458,19707.0,996.0,0.05054,1,2,225
2025-05-12 21:13:18,d413208faa1b70bf8bf3c2f15c563501e87935fe65a56bfdc1598f1624c62f2d,896458,44220.0,1736.0,0.039258,3,1,492
2025-05-12 21:13:18,853e36e1d495875b96c6a62c17eda16369722955c68d2b477d4229828df238ad,896458,40233.0,767.0,0.019064,1,1,191
2025-05-12 21:13:18,2333ab978e06f78ac766551e196e962dad535e9e575691c9b6544b0014171228,896458,38436.0,774.0,0.020137,1,1,193
2025-05-12 21:13:18,54c64fcd886a7281e3fb42b2ac303ea5bb273d95c589ca7d0f50f77c9047f8f0,896458,277231.0,769.0,0.002774,1,1,191
2025-05-12 21:13:18,c896647b1eda6a35ee46773dde23ab7f5e005a4353800ddd2af13f66958231d8,896458,98718.0,769.0,0.00779,1,1,191
2025-05-12 21:13:18,7ab556e1163063bef6d5149d93d712cb2b01e31fffcb28eff99be4780b3af2cb,896458,13923.0,769.0,0.055232,1,1,192
2025-05-12 21:13:18,a7090f494af4bde8c4eb09eea840e677707cf41d76070c727c7d2df82a0c8caa,896458,63509.0,769.0,0.012109,1,1,191
2025-05-12 21:13:18,d9a8a961ebd5ea6b443c1fdec8ae70fbe03bdb520de857c9ad8372159fe2bb9d,896458,291731.0,769.0,0.002636,1,1,191
2025-05-12 21:13:18,9fb1a2bea1d3b1a2b3da39f11f066c387a26fd8134ff197a418d27dfcc3c0e47,896458,924731.0,769.0,0.000832,1,1,191
2025-05-12 21:13:18,325c5b71c3809c913f032898eb42543fd008a448cadb001e5ef93d8de19c8732,896458,35453.0,769.0,0.021691,1,1,192
2025-05-12 21:13:18,f8c29c12ffdf97491c53b68eb669054fc549751ab7396fb824b4448831aca0f7,896458,208668.0,1008.0,0.004831,1,2,225
2025-05-12 21:13:18,a640d5b6e75938895d55be9417311d7d6ac36fd2ce0e98f54f4b498ddfb2e2c3,896458,1512131.0,987.0,0.000653,1,2,222
2025-05-12 21:13:18,169315e3f53b5396391b7cc099c28ff606234a6b1fff94c34e8d476ad82c79a8,896458,37922.0,1078.0,0.028427,1,2,205
2025-05-12 21:13:18,f2721f6f3ff58d436429905518b6910cad732307793a9083968d50b5017ae1a1,896458,1047583.0,1155.0,0.001103,1,2,246
2025-05-12 21:13:18,1ca3350acd9043627c474df8d2e648894e6c6442af249494a3dde73516bad98e,896458,299223.0,777.0,0.002597,1,1,192
2025-05-12 21:13:18,a2b14252db132e8674c6c6f1e4eb35a29ef71348edb70c842d1da86e2091b088,896458,1334.0,1204.0,0.902549,1,2,311
2025-05-12 21:13:18,444a6c74735e8c9d1310a0e5c716f814850b6fa821c8bf8a81eb2cd171bde193,896458,90773.0,1078.0,0.011876,1,2,205
2025-05-12 21:13:18,8de547e9f1003f86200b8b65cb08d26a69254e6e06e64e8ff81dbd49cc1d7786,896458,44974179.0,1421.0,3.2e-05,1,4,285
2025-05-12 21:13:18,2d8927e5025d5d8845973b71796a546cbb3ec1a8b20b3288e3df65bc683c8075,896458,66163165.0,1932.0,2.9e-05,3,2,518
2025-05-12 21:13:18,aa1c7a2cfb864836f096814edb02e88f176d8e584588aee22ecf376cb15a3472,896458,294800.0,1932.0,0.006554,3,2,518
2025-05-12 21:13:18,888f9c9aead111d0d99cb960dba5a55410148e89f29bc53eecad0e7617650f6c,896458,12164295.0,994.0,8.2e-05,1,2,223
2025-05-12 21:13:18,64909b3bacd2a97728680ce850c359e1933294a8d422e47636d01de0d1077d43,896458,100470.0,987.0,0.009824,1,2,222
2025-05-12 21:13:18,622932cfbaa025a37d3beaa3702fc5c3ee30985b30be6851a463a41a86ba4c41,896458,11636437753.0,987.0,0.0,1,2,222
2025-05-12 21:13:18,5bc748e9418efa1d95f3c029016951cd9be42ecbdc0983d03b292d30b2e8712e,896458,10773.0,693.0,0.064327,1,1,150
2025-05-12 21:13:18,444d478b67e9692c874338a25e7249b186d4d3190c894523076fca381e690d21,896458,98439.0,1561.0,0.015858,1,2,223
2025-05-12 21:13:18,d2a8906f0211ae7e64b9f4c728e4de05dceee80af115fdbb72a2cf5dda528804,896458,87404362.0,1551.0,1.8e-05,1,2,221
2025-05-12 21:13:18,f884095ed68c26ff9f9bc24e847baba2c3799c1dd1aaf1d6bc699a015546d065,896458,88509758.0,423.0,5e-06,1,2,222
2025-05-12 21:13:18,62f6b5bba2ebc0f2e900bd38cbe88eb4371b657cfc0687bb303f2810a733a5e3,896458,12416081.0,1799.0,0.000145,2,2,418
2025-05-12 21:13:18,47e46cc2fd6c1b8ac2e8f8343f5d04a61fd298e9e4fd92316f3fa8766db13a04,896458,978718.0,1085.0,0.001109,1,2,205
2025-05-12 21:13:18,02535557421c9067e5d59b2a7852d9c99435588cf07101094c3c1413ef5163e2,896458,8246866.0,1022.0,0.000124,1,2,196
2025-05-12 21:13:18,991cbb05a004b84e286cd02faf2d46c0455cce3f1b5cfcaa467a5e86da80b896,896458,4636498.0,1001.0,0.000216,1,2,193
2025-05-12 21:13:18,09a4796535c26fa15549b52b64f33b7810eabaee05651c0c8749366b8b11e78e,896458,61919.0,1813.0,0.02928,2,2,419
2025-05-12 21:13:18,e28a0ba9862f826f4b65964964a6152751030e9490770c94fe7046f8e6176351,896458,1106571.0,784.0,0.000708,1,1,193
2025-05-12 21:13:18,a243fefeefc6441759fa0f9b535f3f608a86e3ab4259d5c0579bad10ffa82e78,896458,255192.0,1820.0,0.007132,3,1,500
2025-05-12 21:13:18,410697c4f5ed1928c5612cd81c53b1598ba803a84335620fcf54d711b9a789a1,896458,4859647.0,868.0,0.000179,1,1,203
2025-05-12 21:13:18,faf665833c45f4f5232b8e9e06dc454a5248bfe171d2edf325ee801213fc00d0,896458,2423891.0,1498.0,0.000618,2,2,371
2025-05-12 21:13:18,df555596bd16e5d939a4adc54df4e79fa39884ce8e282091dee1194d008ef70b,896458,450056.0,2000.0,0.004444,3,2,521
2025-05-12 21:13:18,7d36f99e2a826550c69c7b23ba21ed9a6bc6712ffb2619f95fd198759c33a1ad,896458,168461440.0,1183.0,7e-06,1,2,246
2025-05-12 21:13:18,7ee821e0fc6fd98456e1308bc4176a76c6a8a57a1870c7d66be05358ab21c7b4,896458,397845.0,1022.0,0.002569,1,2,223
2025-05-12 21:13:18,4d2515bece7aa8242411e955abe24c03c705714efa8469690076690a3539ac5f,896458,84919.0,1022.0,0.012035,1,2,223
2025-05-12 21:13:18,65991331070fdcf0d8932e7a276f23daa948b87bdb30b7680dca4d2e30136f44,896458,30701.0,1022.0,0.033289,1,2,223
2025-05-12 21:13:18,47ea1b3380f593036da8027ca302a9b3c75abd8d0a49b13bc9288a397261df06,896458,243594.0,1022.0,0.004196,1,2,224
2025-05-12 21:13:18,2413e67087f60e29e0038c9d8a8621be42f276cc74174eb15bbc5a929914f4af,896458,7812941022.0,1238.0,0.0,1,3,254
2025-05-12 21:13:18,0df64a59982e6f5101a50bd28fdc3a4e6470d9936942390a13c17d876837c70f,896458,212991331.0,1015.0,5e-06,1,2,223
2025-05-12 21:13:18,4a5525f4657b8bf5190c31a1d42b32972f1e7764b70343554b20793a62fcaca6,896458,47091662.0,6271.0,0.000133,1,25,953
2025-05-12 21:13:18,12f6487feb2ed7f3e18b84fe4666b575542c693daa1ed0069f4e9192a0eb9301,896458,175868437.0,8453.0,4.8e-05,1,34,1255
2025-05-12 21:13:18,9fdb5e79e198b7515856f972c25e52b61c6184ebe0e057208dd76e473bf8aab5,896458,53396543.0,1901.0,3.6e-05,1,4,345
2025-05-12 21:13:18,2cbf521a2f63165f309ed0e4edbcd2ef6b5169e6fcfed2dd2251699b647dacee,896458,8189246110.0,1325.0,0.0,1,3,265
2025-05-12 21:13:18,c603eea6c52e4af7f655b13dfb6c724e17e112a1830125c3091c33e613375f92,896458,4842434.0,2000.0,0.000413,3,2,518
2025-05-12 21:13:18,9a3d89f31c3ce3b15c2dedbd8fed143c9d84a9fb04f4248f842a9be8a735468f,896458,938940.0,2000.0,0.00213,3,2,518
2025-05-12 21:13:18,f2db3a6e5811b938c7793997aaf0db5eeb76e960c85c7e7af746cdf9f9e64877,896458,857702.0,2000.0,0.002332,3,2,518
2025-05-12 21:13:18,9de5649df1886dc1dd1a3fbc0446cb9a52696b9fa158780c407ff9a3718dd3df,896458,172274.0,1022.0,0.005932,1,2,223
2025-05-12 21:13:18,416e427ee61992ec401223b2b597eaaf9d630c456d961c10fe76ce7e3cc734c9,896458,135988.0,1022.0,0.007515,1,2,222
2025-05-12 21:13:18,a83359966cb6f57a8132fc9886409744f74b96385374084b46e3add109c71c92,896458,5812858.0,1022.0,0.000176,1,2,223
2025-05-12 21:13:18,9f2665200fcda970981a1b34f99d9ff7c1507c4290e87bb41646d5c6420d3851,896458,184513.0,1022.0,0.005539,1,2,222
2025-05-12 21:13:18,5d8770ca0e1607e029d91debeb57c76e1f89ff3b0f6070efe82f8dd308e0b049,896458,48038.0,1022.0,0.021275,1,2,223
2025-05-12 21:13:18,92a99801e83d6aca6f3b081116679abdc32795650ad39d08ddad5a634c45bd1a,896458,49002.0,1022.0,0.020856,1,2,223
2025-05-12 21:13:18,67eea09e8d3053672045eaf77091bd9730189637625ada73ceb4c4ad65aca117,896458,832050.0,1022.0,0.001228,1,2,223
2025-05-12 21:13:18,4d97d9068c4712979a6159aa71c863c5609eb1920902c675f0a3b999e12f2311,896458,33641.0,1022.0,0.03038,1,2,223
2025-05-12 21:13:18,9dba977b981f31c3da4c812d6bc2793106bb28106e5345b047f2c3b6743d5de7,896458,970117.0,1000.0,0.001031,1,1,302
2025-05-12 21:13:18,0690ccba23c83276d4cb2f7aaad9a311de83f934f2125e35a71feaf696eafd64,896458,999585.0,1122.0,0.001122,1,2,234
2025-05-12 21:13:18,09d51fcba7df92af8ff2222aba6b1ffe16f2b0647d5d4ab8b343c828cb34fbcc,896458,17852.0,1401.0,0.078479,1,1,191
2025-05-12 21:13:18,629c065683292dc12e0b0b6b3f4087a146f508b15a7901bdf43a6c73fbd9d72f,896458,1719449.0,1546.0,0.000899,1,1,192
2025-05-12 21:13:18,02c2dd0dff8138a35fbefaa9b5efdf90a65f545873740ee3e0d55514ee6ad6d3,896458,13615554.0,322.0,2.4e-05,1,2,225
2025-05-12 21:13:18,37d6eb56c3caf87bc16b2f1069f7ef54b310061e8df7e7c936e577583aa3a408,896458,4160439.0,809.0,0.000194,1,1,192
2025-05-12 21:13:18,cddf72f46a44389c2d580d9809e8ea0ef8515348ddabda2ea79b5f52715c3f5d,896458,1357051.0,1524.0,0.001123,1,1,191
2025-05-12 21:13:18,b8466bf2ac975587fb7f0c1859a355255219823f8008b17a48e0dcb82544eef6,896458,1412239.0,322.0,0.000228,1,2,223
2025-05-12 21:13:18,e74c7517c92c5324e618102c308acaf0ae83aaf59c05bb44d81ceab9a48f7d31,896458,1303034.0,5956.0,0.004571,3,2,522
2025-05-12 21:13:18,4d1a95fb6121265f62cda8898e2ed470a54d107ddad6f8acc54c385462111fff,896458,966830.0,446.0,0.000461,1,2,222
2025-05-12 21:13:18,b04bb11fa718f90251fed7916a4bdf4c92e0e2f4ec8306b48cccfb3c9a9f6065,896458,1378857099.0,2888.0,2e-06,1,21,833
2025-05-12 21:13:18,5cfbe134410cbaf21887b8f1a9b8b2e5b4c0f7220fa610294045e111f412b9bd,896458,53908288.0,1136.0,2.1e-05,1,2,235
2025-05-12 21:13:18,316e04a135ad77060f2ca2f82e5b1a86b5fcc1f625b68ee0b6eb68b8e581b679,896458,2767140.0,2115.0,0.000764,1,3,587
2025-05-12 21:13:18,f437e0d633d0b5ab1c83d3aea65e0ffbc551688de9405a0580e7eeb7ed5bc3d6,896458,542307.0,4165.0,0.00768,5,6,835
2025-05-12 21:13:18,b7d0a961007904360e6f3ba2c3607afa2b95856a1b279983b840f2b56c4f0dde,896458,18178286.0,34540.0,0.0019,50,1,8620
2025-05-12 21:13:18,1aa19a0451ba2450f28f8089a48c00bd833c4fe4934ace960ae1c77ff9934262,896458,13415350.0,1144.0,8.5e-05,1,2,193
2025-05-12 21:13:18,533528e9442c8a569af84a76ca4f741ee6ef514553e9e93d3cb399b2faea4960,896458,13432165.0,1008.0,7.5e-05,1,2,194
2025-05-12 21:13:18,19d2ad00a8c7442f2e74d4fc7f06397a90a3cdd6c7f6cfbc988d71c891e52d61,896458,237786.0,1078.0,0.004533,1,2,193
2025-05-12 21:13:18,5ac934135a641e34d4728279e4e0c7aee1e0750258389731976f1e6df4813661,896458,161208.0,1071.0,0.006644,1,2,223
2025-05-12 21:13:18,6d4e7cb09e91d1df73469650d5471317ff13077d0b0b020c68a1f896b1d9ce6f,896458,464525552.0,4446.0,1e-05,5,2,908
2025-05-12 21:13:18,4d5c60c7ecee2fd73d04b5518c08b9b8a91074a4be54127be34b456b76f00c7a,896458,547682.0,2463.0,0.004497,2,3,404
2025-05-12 21:13:18,c8e35e4a29b9a50efbf44ef5fc835b4ef603f511608b27da7677229c77589936,896458,142580.0,1625.0,0.011397,2,2,374
2025-05-12 21:13:18,cc2740ece71ef706b7840180b976fcde415bf0be90d14ae249c7fb29aa1fd1d6,896458,1738167872.0,1360.0,1e-06,2,1,339
2025-05-12 21:13:18,c78b8ed719d226338bb6f2f16582fb3fa6f59e0748a1d95bac8c9876b3774a4f,896458,613262595.0,1692.0,3e-06,1,3,301
2025-05-12 21:13:18,a1062017c85bb51c3d9a36c3c83245f40d0d337c5d736e05bb4d8f8c57f26716,896458,703421478.0,1692.0,2e-06,1,3,302
2025-05-12 21:13:18,7c2e79d161b792145019cde87a142a36eaa9f358bffe7387934fc055fc0fe451,896458,592513.0,2132.0,0.003598,3,2,520
2025-05-12 21:13:18,d3df3eb8a977e3e4e6515ae3a205f20017105cec20192654682b57eac0b9b8d1,896458,264762.0,1291.0,0.004876,1,1,192
2025-05-12 21:13:18,8655d1b64f8c8b432c1114457c64b74a0272fdd6ee765af0c0aa5c34c88c1233,896458,522635.0,643.0,0.00123,1,2,222
2025-05-12 21:13:18,10a6a872a503a3a71075b013714088e8cb2a9d39ffa0a2b3fbcef51ea601b413,896458,498599.0,1401.0,0.00281,1,2,346
2025-05-12 21:13:18,9baadd2fc029d4a24f56648c59006c9a795992a65b5de0ba479770137544407c,896458,129913.0,1719.0,0.013232,1,2,222
2025-05-13 04:23:38,bf4d8b202d3e7fee3a10d11aa85bb5000b0b78358c230dc0fddc399fb57d8ef9,896497,7937013.0,1551.0,0.000195,1,2,222
2025-05-13 04:23:38,243f8da23e45a0e2aac352aaf6769b6c1c41b76b7cb6305f204c4048941be4f8,896497,81420.0,1551.0,0.019049,1,2,223
2025-05-13 04:23:38,b9ed00457bd8044a5d2cf7551cace9230333e678431eb1e16efac8903e54baf5,896497,10896.0,1221.0,0.112059,1,1,192
2025-05-13 04:23:38,054356e438251f91e09f0c8b475e7e9105e16a06a6108426c68982e4696503f2,896497,971469.0,1683.0,0.001732,1,2,234
2025-05-13 04:23:38,872dfdbe54d5e7b21adb00201678bf9e3516897652410d9022a01bcdd2059cf1,896497,34928.0,2299.0,0.065821,2,2,371
2025-05-13 04:23:38,5011b969c272fabe50a12542b6dacc947f64056fb56488b5bfa7b28dd7ebd1ef,896497,27994.0,1243.0,0.044402,1,1,194
2025-05-13 04:23:38,a0136eb00d185125683d58fd6a9c2eaed42fec6ecf07b34fef0f6dcaf2ac8bed,896497,46790.0,1210.0,0.02586,1,1,192
2025-05-13 04:23:38,74245f98697559e9b86fecbec150a2c1efb5ff5971ededeca0110cdafc8905eb,896497,185711.0,1551.0,0.008352,1,2,222
2025-05-13 04:23:38,bea8a20df9f0f016952454887eba80b2d6b9d5b060b5508db28b1a0610fc83e6,896497,156849.0,1243.0,0.007925,1,1,195
2025-05-13 04:23:38,626eb0460fed07649a9485d2e78aa4000a25b6c1e590e468796c0ce0ccf70be0,896497,287885.0,1551.0,0.005388,1,2,222
2025-05-13 04:23:38,ae220a6aa65bd495d3b25bb0d7cd1892fdf99ab31066394a0271ccf522d05cdf,896497,783846.0,1243.0,0.001586,1,1,195
2025-05-13 04:23:38,e7ce2fac12e62c830935346a9fa11965ef481d05cae4cadeb2dfb36c62f440df,896497,202312.0,1551.0,0.007666,1,2,223
2025-05-13 04:23:38,a52397fea76eba30c5549bbb92db851be48f5ead68cf5a363288576c0515f0de,896497,3998757.0,1243.0,0.000311,1,1,195
2025-05-13 04:23:38,34f6010828701818ec55668f1268cb5ff023de8e75ec98213f8471c59e0790dd,896497,90790.0,1210.0,0.013327,1,1,191
2025-05-13 04:23:38,87b3a8aa807bba9e5c92672cb722b5a4722d1398c639141481bd8a931e1d2fdc,896497,139435.0,1221.0,0.008757,1,1,192
2025-05-13 04:23:38,c50aaa68701bc1dec94ffd908ab842e1511aaf09d1abe14f7e213164d88dfeda,896497,9762673.0,1210.0,0.000124,1,1,192
2025-05-13 04:23:38,08c72571797f955833517e27029f680d777d956f9da21254c327300445bfb9d2,896497,926107.0,1584.0,0.00171,1,2,226
2025-05-13 04:23:38,23c1a67874142bf513ed1407778431990d03a962fc76278e1631da1dcb07e1cc,896497,10918.0,1342.0,0.122916,1,1,203
2025-05-13 04:23:38,bccf9a8b2ee7342530609760dc4e9f4523b2121bfaf84bdc4ef93fbd2e8efcc9,896497,52459.0,1221.0,0.023275,1,1,192
2025-05-13 04:23:38,6a25373ccaed44514a5040c801a6e6387195136207e085c287d61773c04b3cc8,896497,303431.0,1243.0,0.004096,1,1,194
2025-05-13 04:23:38,83013947872b1fa707385f4fe858ce57ec540be678b33f03b421f255ba0b0fc8,896497,963078.0,2310.0,0.002399,2,2,373
2025-05-13 04:23:38,2c003aee33e9bef10c1e398eecf53c042ca1323d9d5d0831c33e3750dc236ec7,896497,2983573.0,1562.0,0.000524,1,2,224
2025-05-13 04:23:38,28f2bac0b25b9c0a36c904ffdb883208c42f5a173b8095607f2ec4c5baf662c7,896497,564387.0,3047.0,0.005399,3,2,520
2025-05-13 04:23:38,780776c8f2171876fc290811f4357c64f775d91f649217d2d2b47c62049932c7,896497,2728328.0,1551.0,0.000568,1,2,223
2025-05-13 04:23:38,f03d3ed957d55298b681f8d0b105d7c45f2b5dd59729cadb38999d50b5aa44c4,896497,1540825.0,1210.0,0.000785,1,1,192
2025-05-13 04:23:38,46db685651e1de8befd497a8f6a54d81dea2f4238cc54b3a530a615d62d660c1,896497,37658.0,1551.0,0.041186,1,2,222
2025-05-13 04:23:38,56d13e4d9268f6adefd1d7826c9421d89d8e8abae8f80d492e80cb0f3f8c16c0,896497,182090.0,1243.0,0.006826,1,1,195
2025-05-13 04:23:38,1cde8905e8732cdeb667e483032f826ad245324ea247905f257a4b9255ce15ba,896497,882331.0,1551.0,0.001758,1,2,222
2025-05-13 04:23:38,b559db3819203720adcf8555db1d52f12be2071f9aba302391752dec13a804ba,896497,9838.0,1562.0,0.158772,1,2,224
2025-05-13 04:23:38,7b4ef26e779f114e78f9ac3bf6f8756b903a1517b20e6eda88ef852ceaed27b7,896497,71241.0,1210.0,0.016985,1,1,191
2025-05-13 04:23:38,8f194e495edfd46f8f9b4e9884a6f00a6c767fa346a95b0263bee37e7ebad2b3,896497,184746.0,1551.0,0.008395,1,2,222
2025-05-13 04:23:38,36bd4d26e4f023890ae2ecd56027b35fb33c2e953d647c565a4e3623b6d7b0b2,896497,34077.0,1210.0,0.035508,1,1,191
2025-05-13 04:23:38,581a39d81dd41f2d4466740f541da725ce01bf43eccbe80c1fe379df6d0dd0af,896497,395460.0,1584.0,0.004005,1,2,225
2025-05-13 04:23:38,a42e15f85d350e3df97776f9fcde1cd30b1268d196cee0a2dfc0238f78410fae,896497,91259.0,1551.0,0.016996,1,2,222
2025-05-13 04:23:38,5f23a5f4883b6523fcb70e05869c388af47391a1f9ddfe30fd4a5bafe824baad,896497,235428.0,1243.0,0.00528,1,1,194
2025-05-13 04:23:38,8a7b528d27e42ec58fe9d69a63526a7ba49a7206cdce605084a7f19ac108eaac,896497,541358.0,1562.0,0.002885,1,2,224
2025-05-13 04:23:38,4eb22aebc10c7d2a9447a320158233685f3afd9ff17d770c8b010f9735ca2bac,896497,286933.0,1562.0,0.005444,1,2,223
2025-05-13 04:23:38,6283f86d220afe252829631c8809ec911a1d142f34a9b07bd0134985c6f21da9,896497,12270.0,1551.0,0.126406,1,2,223
2025-05-13 04:23:38,90855b2da7a21b23d3ea133c3b55abbf2a5bcef08b1615b61b495b55a0f0f9a4,896497,1299264.0,1243.0,0.000957,1,1,194
2025-05-13 04:23:38,3b408c5302c08eadd8f7dcdf27a396ad24501f67182167ee1d65f03814cc31a3,896497,189699.0,1210.0,0.006379,1,1,192
2025-05-13 04:23:38,e525373887d398ab50dfcc75d00f62079fc30b78e0d9c6eb160d449953161e9e,896497,29234.0,1243.0,0.042519,1,1,194
2025-05-13 04:23:38,d4627d966279608259c3665eae6aa72dcdc0120393e877ab1b10bacadd75df9d,896497,116184.0,3058.0,0.02632,3,2,522
2025-05-13 04:23:38,0fc843423f8483e34d94f1a8b73227be10e65e392d693e84065e4f737948ee9c,896497,17549.0,1210.0,0.06895,1,1,192
2025-05-13 04:23:38,18cc51ac90c0e5fab1ae6dd0bc8196d3e3d9c73a6d945eb409df12b6b5eba397,896497,487068.0,1243.0,0.002552,1,1,194
2025-05-13 04:23:38,bb8c4d7e63259c104f253ae7d0f7332f5cfe6b1764150a19a8c7b166a61f0696,896497,1913575.0,1243.0,0.00065,1,1,194
2025-05-13 04:23:38,9c330622116655e0c24cef567dc69c090b0a3f02125494d84d840df4e15a3895,896497,146058.0,1210.0,0.008284,1,1,192
2025-05-13 04:23:38,d34d05901dd14a9e6a4ffa2ddb56930e07950e9bb6629b9099db3683a6a5e192,896497,10022.0,1551.0,0.15476,1,2,223
2025-05-13 04:23:38,385ea1619a4846cdb96aabf5fbee1be405c4822132f326b633a4621cab651992,896497,378651.0,1584.0,0.004183,1,2,225
2025-05-13 04:23:38,2984ea4fa0c19682720af80f09c2d8e4d7b2c83a0bcc5c0c44539f8e96d52690,896497,318561.0,1210.0,0.003798,1,1,192
2025-05-13 04:23:38,67fb739b8433a4d928390695a3991a6aa4fbea4966dff0e2cb49d92dc335a28b,896497,66574.0,1210.0,0.018175,1,1,192
2025-05-13 04:23:38,5c068f89baee0f472428769ffaa292e03a2994fd73a736a5a0fd18efd98a078b,896497,97560.0,1243.0,0.012741,1,1,194
2025-05-13 04:23:38,84e63c941d0125a876f5326f3b590b29734484363a18a8500778bee0737ceb8a,896497,338449.0,1551.0,0.004583,1,2,223
2025-05-13 04:23:38,0d3d33927ed9d28c8a08e5218d2fbfc80a2f9dcd60689879002eb5e414719189,896497,90637.0,1562.0,0.017234,1,2,223
2025-05-13 04:23:38,0b82289af83c01177675165aaf64f7de61303b7b303b95956088f05bbe3e7b87,896497,35902266.0,1551.0,4.3e-05,1,2,222
2025-05-13 04:23:38,fa8e540f6ea2462a05a2bbd90dad69a09e8499be854f9f410ec9f09fae9d2a87,896497,33239.0,1551.0,0.046662,1,2,222
2025-05-13 04:23:38,8d6780609865064c37d8589a724a5467025375e0e72e6f2ac84dcff9a27b3b86,896497,199823.0,1551.0,0.007762,1,2,222
2025-05-13 04:23:38,9546a79d4ee12e79aa83f5532b28cb6cd548bfa564f37d25958db2d51641a085,896497,453177.0,1958.0,0.004321,2,1,341
2025-05-13 04:23:38,efad9d274685c8a718a13b9d0edfd3629f04f1b75880d594d919115f763a8385,896497,248607.0,1243.0,0.005,1,1,194
2025-05-13 04:23:38,6ac711fe2d60b6effeedbbc58e07957a2d15ace0983514a593148bfb87385584,896497,183432.0,1551.0,0.008455,1,2,222
2025-05-13 04:23:38,1f77d0c79cdafa6614d8971a5414b6d51e316c041f790b1c4a7dc740ef003b83,896497,114866.0,1584.0,0.01379,1,2,225
2025-05-13 04:23:38,8531de442113dc69994b39b945319b6c31c7c396e22200d4efc2273b02830b82,896497,44778.0,1210.0,0.027022,1,1,191
2025-05-13 04:23:38,cc67bb24456b46f190ae8f342f5522a8ae7c5038786e8c8e926af8700e8cd981,896497,60348.0,1243.0,0.020597,1,1,194
2025-05-13 04:23:38,5aad1269f064b947d6be7bd26b681a4f77ed9895e16cb98e8675874bd9579d7f,896497,19105.0,1584.0,0.08291,1,2,226
2025-05-13 04:23:38,7bcbb8c40bd25fd69c81bca4b54f0709ec80240e3f4d4c8e78303b8863573b7f,896497,420336.0,1551.0,0.00369,1,2,222
2025-05-13 04:23:38,585f8c557303f4f1976dcbbc0ba3ecdc5a2421ba9fefa607afe270029fc0227f,896497,29674.0,1243.0,0.041889,1,1,195
2025-05-13 04:23:38,143a83286dcb68b85913e04bb54058c488e766bd43cce3c50cf92024279d097f,896497,926580.0,1584.0,0.00171,1,2,226
2025-05-13 04:23:38,0a3c39b5a9dbd6ec0404db4bcd19d356985f7bc9e90ad5844770ecb78b2c1c7e,896497,323114.0,1958.0,0.00606,2,1,340
2025-05-13 04:23:38,b4259a7aaa690d000f19b086d4d6015ac10692ab9d1fcbc90634c16ad3b7587b,896497,181003.0,2299.0,0.012701,2,2,372
2025-05-13 04:23:38,458824e069bf5c2ae0777a5c61b2198b7c21fcfbaf39933d852558553ada3578,896497,22250.0,1210.0,0.054382,1,1,192
2025-05-13 04:23:38,7bd8d1c44f149c8a63b788946501d1ca7a66602efd6a5dcb82c0aeecbb05e676,896497,750644.0,1210.0,0.001612,1,1,191
2025-05-13 04:23:38,34c2269471ca6e68a9542e87e11bc8e77a74a55c961f521601863dd2fe54f273,896497,170757.0,1243.0,0.007279,1,1,195
2025-05-13 04:23:38,ecc38689d50eb826deb0efd5f83ed72a65ac7191d06fad61e38d2a2c520fe171,896497,1236262.0,1243.0,0.001005,1,1,194
2025-05-13 04:23:38,c8bf2700c28833e9e876e98188e446519cae6784913aa0edb96d36c26e5db46d,896497,47597.0,1551.0,0.032586,1,2,223
2025-05-13 04:23:38,4083a85913b3fe953de6e60e2ff4e54e808ce18203ea87d91484630297d8d86a,896497,99394.0,1584.0,0.015937,1,2,225
2025-05-13 04:23:38,d1141c423a2c70953a286ff3301f5ef49fbd689034c5efbba80c21d755adc069,896497,37737.0,1584.0,0.041975,1,2,225
2025-05-13 04:23:38,8625c8c30be90c57b9694a12aa772409d2907e1a9608d0c00fa32dba77088867,896497,239996.0,2299.0,0.009579,2,2,371
2025-05-13 04:23:38,d3bc9a7c82278deaacf43b20f6f9b290872402da3a06012bfe624f177c085a66,896497,102461.0,1551.0,0.015137,1,2,223
2025-05-13 04:23:38,775c92305cc2a8b69af63f61d2d95c3d11d857d265f82e74350a0ff7ab6f2065,896497,94015.0,1562.0,0.016614,1,2,224
2025-05-13 04:23:38,b8b3bdf40c3c8ded76d77131c1769425e2d5088957e10224993b42dafe1dd95e,896497,14780.0,1551.0,0.104939,1,2,222
2025-05-13 04:23:38,b7050e4ed612e7f88b14f2d78b0b678a486e813a3796a9f770d2f29c1f85bf5d,896497,70757.0,1584.0,0.022386,1,2,226
2025-05-13 04:23:38,8d93f11d6d261efe60a9068de222f0cde25dea8bb8aac73cbf4218ce947ca458,896497,93393.0,1551.0,0.016607,1,2,222
2025-05-13 04:23:38,b1b680ef662e67741d98b4112ed7f8fef57c321c356b8d9f26915271a11fc355,896497,1949607.0,1584.0,0.000812,1,2,225
2025-05-13 04:23:38,d5e9b1277fbd32c8ec71cd0923bc9a2046adcdf796a5f6a9baa7d3ae8f0fd554,896497,114566.0,1551.0,0.013538,1,2,223
2025-05-13 04:23:38,f0b0c1889898c4e39b510729f1e59bc3a3b0c0b43ac63937eaa789ac39389e53,896497,337789.0,1551.0,0.004592,1,2,223
2025-05-13 04:23:38,463421c3b5b8953d22a737ee6a5dc5ff9228ecc22ebe3e4a3428f3c0d9664553,896497,9997393.0,2321.0,0.000232,2,2,373
2025-05-13 04:23:38,647a8a68fbf2abee9ae821c66cac07498e51b5f10942708e7d67c9568c6c9a4e,896497,314868.0,1584.0,0.005031,1,2,225
2025-05-13 04:23:38,6ec937fbcb6caec616e492097d326a3d96a709a9746a8f68e1e69e76d16d804e,896497,333500.0,3795.0,0.011379,4,2,670
2025-05-13 04:23:38,783c01f146e84e1e91ccf9db37b7a9809d7ff52080d4f0961e121b0f53a4c448,896497,22664.0,1221.0,0.053874,1,1,193
2025-05-13 04:23:38,b5a6b3ec1492d2a321d732fc8992f40679ba8cc955cd4aab0babb881c6382148,896497,37829.0,1221.0,0.032277,1,1,192
2025-05-13 04:23:38,c8a81a7474151bc5c813c192f25ff9a65fb7ccfe919a26bdc34833b7180ffc46,896497,4986658.0,1342.0,0.000269,1,1,204
2025-05-13 04:23:38,e48f4b6cfcabc26579d4ea205f11a6b786ea9e64153c2ecaef4c786779c57a46,896497,44651.0,1562.0,0.034982,1,2,223
2025-05-13 04:23:38,2264a070827fb311d6228929dd6ed913ff4a8adee6930d547e7878e2c988c243,896497,41790.0,1210.0,0.028954,1,1,192
2025-05-13 04:23:38,ba60c446b03b25c4edd3caac2ce752d9714cea8dddea3bcac01c4cacb2a08641,896497,76762.0,1243.0,0.016193,1,1,194
2025-05-13 04:23:38,d5354acd7d6be3e652662f7dcc099b5859fba70c68b4a8560f2dea611038173d,896497,1227370.0,1210.0,0.000986,1,1,191
2025-05-13 04:23:38,bff29897368fb4020b2b5630a0b48ca2e805077f2edf15aff91fca323d9afb3c,896497,996009.0,1243.0,0.001248,1,1,195
2025-05-13 04:23:38,9aa4d0bf556c57046c42f0c8affe50e6b537d4087184ea28d4e387a5db55533b,896497,191602.0,1584.0,0.008267,1,2,226
2025-05-13 04:23:38,8d98409e96fe8799ce21cae54a921850e91f09dab566cbd3d80d60c2dcc33738,896497,194425.0,1584.0,0.008147,1,2,225
2025-05-13 04:23:38,18708af5ff0be77c064d63e25e2201d22a3bbb8b8ffd5d57422a1029d43d3a33,896497,2495571.0,1210.0,0.000485,1,1,191
2025-05-13 04:23:38,7bda68d64b3de8aac306c91f9fd33191ed2d38301a19fcc89f1c99494d179832,896497,157459.0,1584.0,0.01006,1,2,225
2025-05-13 04:23:38,21063f4b2c889f546bed996f9e50555e94c4f3137d23f90e2146ef9bf92e4d32,896497,6522.0,1243.0,0.190586,1,1,195
2025-05-14 19:23:31,da4659be0691c0a563ea743063574eee94c2f487e66338d2430788d3407e7b16,896711,57066.0,530.0,0.009287,2,1,340
2025-05-14 19:23:31,1daa75ab2d36680d3899d9c460a154202f07030b655468b2083c836c03972798,896711,1990010.0,420.0,0.000211,1,2,222
2025-05-14 19:23:31,c92e728516d28eadde6a1230d0bb3144318ab40b27439fdb515b33bd005d672f,896711,124356.0,420.0,0.003377,1,2,222
2025-05-14 19:23:31,f4d65bf94ed422de7cfbcf10df70553893ae29affa478dca9cc033f6ca26f872,896711,99480.0,429.0,0.004312,1,2,225
2025-05-14 19:23:31,0c26a6e04a28c8b31a182fd015b0a52e57f6f24d82622f3fdf99c70b263a42fe,896711,1299294.0,504.0,0.000388,2,1,269
2025-05-14 19:23:31,6e125fb182f83fb62defb269f68a182ace8110dee78963e2b93351fa2043e362,896711,1343496.0,504.0,0.000375,2,1,269
2025-05-14 19:23:31,c442af62833b344e44eac9991152f42ddbd9fdf5497b266c79ff0d1bfd7aed11,896711,9384.0,337.0,0.035912,1,1,195
2025-05-14 19:23:31,45baafd1f2a00ab74962165fbd35e431930246232edf0b0fa6a5674c4133ebe6,896711,27384.0,361.0,0.013183,1,2,203
2025-05-14 19:23:31,856e9f1ad9cb0328f37308e8e8747c12d3eb6b5b7b33437c1d99afc6f81a9fc8,896711,199430.0,570.0,0.002858,1,1,191
2025-05-14 19:23:31,c08e6522fca9f666992174f5737ae31b8466f2c15ab1fb4cf1d94793ecbccb72,896711,1549400.0,397.0,0.000256,1,1,215
2025-05-14 19:23:31,fb1954d3547a0f0fa9b585ad506c662c99d0b728a3969272a545051665b7acfc,896711,63239.0,421.0,0.006657,1,2,222
2025-05-14 19:23:31,0e18e029cc82ab7113c6573ba1a3db98f083763e5c92d7f59a061a3579ba5ee3,896711,131661.0,421.0,0.003198,1,2,223
2025-05-14 19:23:31,7ded716ca0a452f551b5534f0f540586d58ace61b243a516659892e1d0cd687a,896711,238801.0,421.0,0.001763,1,2,223
2025-05-14 19:23:31,6f52366bc03f02b30836008ee68745748708edf733d0d79645835e1dd81f0346,896711,252849.0,421.0,0.001665,1,2,223
2025-05-14 19:23:31,ea1a519c1da638c0e6a0ebfb2d84afccedd357435f40956f0df9e9253ea02142,896711,93579.0,421.0,0.004499,1,2,222
2025-05-14 19:23:31,c087458ed6a964b6f7d721fe182df1f896bb298b90fe72d4a6f1bfc010f1e362,896711,131890.0,633.0,0.004799,2,2,375
2025-05-14 19:23:31,8838ff78fe3aa319f842e367d4aa999da8d83a014f13597446038c6fef82ecd0,896711,194973.0,424.0,0.002175,1,2,223
2025-05-14 19:23:31,82af0e5770a3fb0f7b37f55f666922c5958908d4b35a50c0a16c84b067ecacfb,896711,1111391.0,430.0,0.000387,1,2,225
2025-05-14 19:23:31,3485fc4ba5f16bbf15b4422ea9b751baf27864d114321e71415c20a0dba735c2,896711,205813.0,430.0,0.002089,1,2,225
2025-05-14 19:23:31,fb848b09c2c9122abb960ac122a692c40f11f44b078ec11f4f64c2b725042f94,896711,2750166.0,430.0,0.000156,1,2,226
2025-05-14 19:23:31,3cb019bb325d1ee026831bea18292307e18af4cb8bad7bad8c7c38ddfbad7c14,896711,316020.0,430.0,0.001361,1,2,226
2025-05-14 19:23:31,48787f733892e1f1868f209e9a3c19c0b05ad5394e67933eb2596f9bb0cc39bc,896711,6620.0,675.0,0.101964,1,2,226
2025-05-14 19:23:31,4804c466c4d287872bf32cebc2be186803650b55311c82b933585bbc064dc959,896711,563733.0,490.0,0.000869,1,2,246
2025-05-14 19:23:31,d92c5761d694e296ba8d8e92beea81b3441e84131698cde4202076b7456fe93f,896711,93078.0,490.0,0.005264,1,2,245
2025-05-14 19:23:31,761b2078f4db2ca6e681b3c8dcb33b3cd7f721a1b28f04449af03aef62cbc452,896711,1030023.0,508.0,0.000493,1,2,252
2025-05-14 19:23:31,fd166fcd81ee3dc9e6ac2e2c3c25a8b66f971466bfd26ea2a82d1fce1f6631f2,896711,11065.0,523.0,0.047266,1,3,257
2025-05-14 19:23:31,04ddafa4bfd67632f9f59d5a4e32b2325d740c7248ff7b3caab609fab9bf9619,896711,780607.0,526.0,0.000674,1,2,258
2025-05-14 19:23:31,b63028e793eacc689ece35b84502e8acd90ed5a4e9970e28509e37f48029cb11,896711,13875.0,598.0,0.043099,2,2,300
2025-05-14 19:23:31,afdb18591fc3c59b044449ed756abc52fa0295fd071f885109c351bdc36c4b98,896711,677721.0,329.0,0.000485,1,1,191
2025-05-14 19:23:31,ff928eb4b927f863402818a5a4b444a8320484411666d05a684c095dd40e648f,896711,21291.0,329.0,0.015453,1,1,191
2025-05-14 19:23:31,8f439514e5d33e21ed00b3ed53f028f9964a1788c63ab7aa7b9eadeef45ba9df,896711,3020538.0,332.0,0.00011,1,1,193
2025-05-14 19:23:31,cf90064ff3c968f89b4cfde0a2e88167ee934affc19c811fa0250c6b7149543c,896711,8608976.0,332.0,3.9e-05,1,1,193
2025-05-14 19:23:31,43f93cd1973b10a36fa228d06dfc3de387fac5599813ccb6e1244b201acd3634,896711,437662.0,338.0,0.000772,1,1,194
2025-05-14 19:23:31,3ff2e3c6bb0887f2735057eaa1a16afc391df32e94250393405d06b9c8fb4a4a,896711,12741043.0,1032.0,8.1e-05,4,2,668
2025-05-14 19:23:31,a60e7249861b1a87938b517000c8864487c2126a48b985d2d373f1fc62a0d2bd,896711,2578.0,422.0,0.163693,1,2,223
2025-05-14 19:23:31,e5898947105760ef3e401742c51bc42f0205c4bf89d7fc32e364efc964352110,896711,1100822.0,422.0,0.000383,1,2,222
2025-05-14 19:23:31,49a5ff107d4347aef116ac50eceb3bf47349b2e8c52d02bc463b9d951e383834,896711,4015398.0,937.0,0.000233,4,1,635
2025-05-14 19:23:31,9d6377471c28833a14e36f54cf8ab97cdcf605688cc226ca29a69a1b3b7368c2,896711,688634.0,1036.0,0.001504,4,2,670
2025-05-14 19:23:31,2412a2b1a256f1990f26f1c69c702cf3bc63120420a703fb138301c3bce2136b,896711,158345.0,539.0,0.003404,2,1,342
2025-05-14 19:23:31,f3aadbb81d2beab35844f0684ce024368bfdc450fd13862f48f8f52510886735,896711,560542799.0,4437.0,8e-06,2,43,1642
2025-05-14 19:23:31,e4cd573afb59a8e35b746e2ec6511b95af1a75717825161d7e9b9994d71b0b2a,896711,1621924.0,2015.0,0.001242,10,2,1168
2025-05-14 19:23:31,077de40842a6b1dfb22f6956a8f83d8385d2ed55edc715638e7d82fa446cec77,896711,186337.0,2618.0,0.01405,9,8,1322
2025-05-14 19:23:31,54ef410b5cc2d00a64f264412224525c03ea357a30e7f076a87b8e633d75e0ff,896711,178703.0,297.0,0.001662,1,1,150
2025-05-14 19:23:31,f26af4034ac1cf4caa448918700fb85b584fbcfcb2d2cb6133124ae3b09b8ffc,896711,7952579.0,627.0,7.9e-05,2,2,371
2025-05-14 19:23:31,216e0bd5a99aeef1d94d861f31d60a5c7f79293325060df419924f1655d146fa,896711,3696.0,513.0,0.138799,1,2,309
2025-05-14 19:23:31,2209c2c6711fba70c4b87a381173f34e48ff4457be3759245968a10e8c7e57f9,896711,1478456.0,333.0,0.000225,1,1,192
2025-05-14 19:23:31,f41a32ad3c1c46459be83930404c7a52a0d6c052a8112895c8da6883067244f7,896711,5866983.0,432.0,7.4e-05,1,2,225
2025-05-14 19:23:31,b408e3298e50fbd72ce53639d65dd39aacb1c77bb28d3da3b6272cd69f8408f5,896711,99999577.0,423.0,4e-06,1,2,222
2025-05-14 19:23:31,263ccbdd420d2bbeb67f87ed0eac363683adbbfa27b2bd1c5fec3bdcaa8b97f2,896711,1186033.0,423.0,0.000357,1,2,222
2025-05-14 19:23:31,18db9d4907fd15ca8eb8825fbae554fcb65d24dff59eafe3cb3348d4aa2b2df1,896711,854322.0,495.0,0.000579,1,2,246
2025-05-14 19:23:31,464d6141ac1d477f057841db28a596e9279cafd3cb1d39031796d443989f0ef0,896711,204866.0,306.0,0.001494,1,1,153
2025-05-14 19:23:31,24918d6e0137d3e246208ce16b75b7008c47281a1c17a2c4f449aacea54151ec,896711,1267007.0,297.0,0.000234,1,1,150
2025-05-14 19:23:31,f3f8c6c4f53c46b924ebe23178514fb36b3f1c416439ac7c6b64782ee0aee3eb,896711,355846.0,330.0,0.000927,1,1,191
2025-05-14 19:23:31,61bffb3e3fc97aeff045b6370a491cd70624a98a1ed5c3a3c7af2b064bddafeb,896711,28619017.0,423.0,1.5e-05,1,2,223
2025-05-14 19:23:31,79d5e2431c081c3241c51c8d8ebc190b1d1d997a734d31529cf7ad6604ea1aeb,896711,2034997.0,1032.0,0.000507,4,2,666
2025-05-14 19:23:31,5adce345d73d28830ee2d624fdb07ea27c9692f1745df7c0952eab986ae70deb,896711,7220815.0,330.0,4.6e-05,1,1,192
2025-05-14 19:23:31,bb24f0fd87c86ac2def767d38a7825bc97dfc155360a15778719c1ec4e90bde9,896711,25469101.0,423.0,1.7e-05,1,2,222
2025-05-14 19:23:31,751f5a2aa383272d2b5039c6cdaeef49e15dfa5e04ef1b07b768dfee80538de7,896711,49770.0,330.0,0.006631,1,1,192
2025-05-14 19:23:31,bd7e48ff1b7ed33bf7f3b0c4085c9712b10da750fda8643ec28025234ecec6e5,896711,314686.0,540.0,0.001716,2,1,342
2025-05-14 19:23:31,3c2333b649a6646903f9870e2a6414ff671232b57b3cd957bdb22a5c218a6de5,896711,9107390.0,516.0,5.7e-05,1,3,253
2025-05-14 19:23:31,290d0fb69747af477c107179d73a7270d8aea5d12dcdb80f95c1dd0536ce37e4,896711,509670.0,330.0,0.000647,1,1,191
2025-05-14 19:23:31,ad705244ee17c306593b151476fccc7a7dab962274cce427d7d56191a3dc4ae0,896711,3012.0,333.0,0.110558,1,1,162
2025-05-14 19:23:31,e866efc931a5888d9d4ac9938e2c3b3d407cc49cd9bf8a962e97743b6fda77de,896711,8364.0,366.0,0.043759,1,1,203
2025-05-14 19:23:31,41fdd9b7d12d0c3724d1e34e2529fb92ed2e1e35fba74e5b65e9a6ea804456d8,896711,546.0,456.0,0.835165,1,1,324
2025-05-14 19:23:31,6485fabbc370248a4815f006c0feb3ab43464f0c9affc3f664ce9a4784fe19d8,896711,552273.0,498.0,0.000902,1,2,248
2025-05-14 19:23:31,3d00a9913e671ac1de6852d6317e4fba16121c98bf7e38721f97e637ff64fcd7,896711,213900.0,330.0,0.001543,1,1,191
2025-05-14 19:23:31,b1f754267d530d496aafe279953164a16def269a88db18d71c50639b0d852ad7,896711,2326117.0,2532.0,0.001089,13,2,1489
2025-05-14 19:23:31,989b3593082b1e5c688ef1c7d75abcc0551d8cbb5f9c75483164d1b33266fed4,896711,9051.0,330.0,0.03646,1,1,192
2025-05-14 19:23:31,27d103e13ea6112ff46ff81153dd4b7101fbc7295ea2ea86e9119bbe758adad4,896711,251435.0,1152.0,0.004582,5,1,786
2025-05-14 19:23:31,9b68324d61906bb4eb8be35d1280e295657c0f1dba974e39be5b96e522a364d2,896711,94816.0,663.0,0.006992,1,2,221
2025-05-14 19:23:31,afe6aa448c1e995bba02d405111a7b4b6518147012534e1c5fd255010e082ad2,896711,9999013.0,423.0,4.2e-05,1,2,222
2025-05-14 19:23:31,60f3100e0269ee192fc1a0549a4d06429d57e2db728583a142288c64f24d0bd2,896711,1894770.0,777.0,0.00041,2,2,421
2025-05-14 19:23:31,23f90f41a103790e954436e747317f2254697859dc905d8edbeb55a331f943d1,896711,23404509.0,423.0,1.8e-05,1,2,222
2025-05-14 19:23:31,9b4f953f6215b01fb72d6aee3e02f0eef22f160f7a5d64fc472fe659a2721cd1,896711,60692.0,366.0,0.00603,1,1,203
2025-05-14 19:23:31,4846cdc5f60602bbb8ea65b8a829b2aae0a5ca2a67dfd6cabb9ec4fa1ce8facd,896711,632450.0,432.0,0.000683,1,2,225
2025-05-14 19:23:31,39882a25ce3c9eebfbbbed553cb434e6deb517c0008bcc1833704bf40b7f6bcd,896711,546.0,456.0,0.835165,1,1,326
2025-05-14 19:23:31,384158d860d641f38b01de3bcba0701dfa21dbc9bcf62c5d8dd0a12c95bc61cc,896711,2186195.0,426.0,0.000195,1,2,223
2025-05-14 19:23:31,00a81f59279c5e733c5261fee9783957bc3c9e2e7359de90704e13d01ea8c4ca,896711,8364.0,339.0,0.040531,1,1,194
2025-05-14 19:23:31,04ed8a8db8adca801a9f9c364b4efb5fd7ad4b8173b7f92197a67c17383ab1c9,896711,1786603.0,459.0,0.000257,1,2,234
2025-05-14 19:23:31,735d10a9d5cfeeb63712b4bc66fe99726cbeda1c6c565acc3ebb92943e62fac8,896711,2029109.0,423.0,0.000208,1,2,222
2025-05-14 19:23:31,20e83f5eae17278b0fc41941c1d41337c697dd6faf14860acb183d742f2a2bc8,896711,1430446.0,339.0,0.000237,1,1,195
2025-05-14 19:23:31,0707c7a35b169dad508cd097a200c7e2498fc7b1a4433fa853f8674d6f672ec5,896711,107307.0,426.0,0.00397,1,2,223
2025-05-14 19:23:31,4cc05594746bb357dbbcc6a1970950ce45481b13a7e17a879085e17353460ac5,896711,95675.0,462.0,0.004829,1,2,205
2025-05-14 19:23:31,362582f613ab047b6f11a7dfc1fabd6128218690a238fbd7d9d46a496377c2c3,896711,38300.0,543.0,0.014178,2,1,344
2025-05-14 19:23:31,e581409e7637db43fec922682419a1d55eeb8ac31668babe15f621fcc71ad1c2,896711,1032822.0,624.0,0.000604,2,2,370
2025-05-14 19:23:31,c7f683ab17c77dfb59988eeb53abd1cf9152ce05d10ccdd4e01322bc4d77c3c1,896711,108550147.0,423.0,4e-06,1,2,222
2025-05-14 19:23:31,1f61a0696b988bcac58c9a068b5105dae64aa398fd4d872c05a0e91941457fc0,896711,783779.0,495.0,0.000632,1,2,246
2025-05-14 19:23:31,ccc52c8d6caccf78e601e583dcd1d21b903820fa59c4f5c06141d99a1528dfb9,896711,8494.0,330.0,0.038851,1,1,191
2025-05-14 19:23:31,9f816e1659d6aab890cee1fbbdf7b7c0d6f5a8e2b326056fbd49d03963edcdb8,896711,6896741.0,432.0,6.3e-05,1,2,225
2025-05-14 19:23:31,4c99702eb126c244d09c9d6e478657599d31ad1d4b5e17108c369a3b3753b4b6,896711,387403.0,600.0,0.001549,2,2,300
2025-05-14 19:23:31,a0230c2141b161148b1ee2f9f6322d954b108bf9ace71ccb2644c00d7d7bf9b4,896711,1758733.0,426.0,0.000242,1,2,193
2025-05-14 19:23:31,0a2cf5bd5b0c26c1f2c9e8aa934737cbaebc1a5c5c2893cdb1f380b311e599b4,896711,111903.0,462.0,0.004129,1,2,205
2025-05-14 19:23:31,5b63c9c90a7d86f29aa614143a3907b5c7a7c9cb5dd95da832b2611219b11fb4,896711,1173281.0,423.0,0.000361,1,2,223
2025-05-14 19:23:31,e0c3d6e203c33b57d8a1aa28cf4d905331d7ab22e18dd8127bd7482ff70700b2,896711,1875749.0,1215.0,0.000648,4,1,728
2025-05-14 19:23:31,2e5124c6c18d9a73fdb2d8613d79b26681a2d2ff788a40c23ce398fb5507fcb1,896711,9999577.0,423.0,4.2e-05,1,2,223
2025-05-14 19:23:31,8d47ad2cec28cda0ca144125824702f453179de94f68f88e00d883e2cfe094b1,896711,546.0,456.0,0.835165,1,1,324
2025-05-14 19:23:31,016e9d51ebbe05416636552d27e11338775625d4274c6cc5b14b1b93282b11b0,896711,7379.0,330.0,0.044722,1,1,192
2025-05-14 19:23:31,132eb5dd5b68815ed9dd0cbfa9ad70f2c172d0cf357f0d40e84dbfcac848d6af,896711,13029629.0,432.0,3.3e-05,1,2,225
2025-05-14 19:23:31,b9f9302e01730bb4ff631b048b61c45acdf164e2d388de347adf7552759e51af,896711,546.0,456.0,0.835165,1,1,326
2025-05-14 19:23:31,1e5e7d0481088b3251b2def7901b05fb3942089cd81bd6d5e9816171b03101d1,896711,1764.0,636.0,0.360544,2,2,312
2025-05-11 02:39:37,c827249ba883e3559682ef8cdcfd927059d84b3698700f30f608c51d46b9ec89,896194,1162053.0,905.0,0.000779,1,2,346
2025-05-11 02:39:37,8eff47a1ccf20b225c49701392aab5c7ab01b30b6ec910c7b6fae326c1fb95f4,896194,19831359.0,1410.0,7.1e-05,1,2,222
2025-05-11 02:39:37,d876b1194453dbb49d320fc0ab250f114b6ed70cbe86631669c701e0232e12dc,896194,111739323.0,2990.0,2.7e-05,1,7,381
2025-05-11 02:39:37,5d173d978a392f2ebd64cf0c640f4d6b7ef61534d88e6f4798b8465abf1cfcd7,896194,5485681.0,1410.0,0.000257,1,2,222
2025-05-11 02:39:37,87bf7bb07444f100a13eb913af0c6c9d294e988ad400b0fc5ba21e07ef9c41bb,896194,6761835.0,2680.0,0.000396,1,6,349
2025-05-11 02:39:37,02d890c2f1726b7a66db5f0393d77d3ab1e1e495114ffd25ebff04c5429e2a8a,896194,1781827616.0,3230.0,2e-06,1,7,404
2025-05-11 02:39:37,b972150961ce95e5a8418c9d0ae4fca383449a2df09c240739084fcfed80d887,896194,967837.0,1410.0,0.001457,1,2,222
2025-05-11 02:39:37,485a0ab08b64459056d98c086b51b3d2a2696c93b9299af12cab5226e3680e75,896194,5238.0,1110.0,0.211913,1,1,192
2025-05-11 02:39:37,aab703a7498e65b9d5d73e53f6305437760ed633a3093e42e9bd5f6c2480c172,896194,1610480.0,1410.0,0.000876,1,2,222
2025-05-11 02:39:37,5e42e72fcc6e03ee91de2e38be84f3acd543292876f4f62ece047b267093845e,896194,76472.0,1920.0,0.025107,1,1,192
2025-05-11 02:39:37,e8aaa24adb94a96623539767b7d23b1cfbb0c48fcd44d2c237164881bde65937,896194,3456798.0,2170.0,0.000628,1,4,298
2025-05-11 02:39:37,d08cdb0fda658bb15f85f9fc0e55836b6f62b65d421390dda8c129e503be4b33,896194,4511242.0,2660.0,0.00059,1,6,348
2025-05-11 02:39:37,1d73549707b2796af8446013ddba58bfc7384d5c3d4edd9faade5e3c3882b006,896194,7325493.0,3280.0,0.000448,1,8,410
2025-05-11 02:39:37,b770a9a6a656c1c38af838d9ff00dd2b0a2cc128438b1f9dada77fd487645e19,896194,91467390534.0,9490.0,0.0,9,10,1675
2025-05-11 02:39:37,c1228d862878fba7aa0026615b31ad1aa8ed3b03d281f2557d62dc34096e965e,896194,317113.0,1783.0,0.005623,2,1,341
2025-05-11 02:39:37,cd84b2260b64616fe6c0dabdf15b946583d47cc1ac16a4c238ab3c8add72c8aa,896194,10285718.0,2770.0,0.000269,3,2,518
2025-05-11 02:39:37,e3322d98d623691bfbb9e8d78e00889f7e7e0e8b3856ef3621067b929b4dd243,896194,46098.0,1902.0,0.04126,1,1,189
2025-05-11 02:39:37,5cddfb5015cc1ec9632a88e92afe283ef2b74c18e8f5e70a9eee82c52050b6ae,896194,92585719.0,1310.0,1.4e-05,1,2,181
2025-05-11 02:39:37,9b3606a6d666460cfad925e46a70d781cf92ff0e5c4973f06d8e4151b8620c28,896194,97913.0,1115.0,0.011388,1,1,192
2025-05-11 02:39:37,36bc7a85f9217cd80fd10593307f27839f05ea02d5d296aa0cfef28e2cb56041,896194,13609763.0,2260.0,0.000166,1,2,222
2025-05-11 02:39:37,44e4f7bb54416046d0e39bad75ab57093979ac5b8c4f434119d358753ce2274c,896194,71999.0,1132.0,0.015722,1,1,193
2025-05-11 02:39:37,50bda778c3b7c91d53411ff5d11fde7fc844604a88064a2c61089d38c9cf30f5,896194,499994720.0,3280.0,7e-06,1,5,320
2025-05-11 02:39:37,83510a13a9e3ff80ea199d22327d22fc88cb393c32fbdaba3f74c8e36a8fa546,896194,1277474.0,2450.0,0.001918,2,3,401
2025-05-11 02:39:37,a98600f897759a3687981f189f7e7d20f24e85bdf025d897429466c92d248c62,896194,10513685248.0,2256.0,0.0,1,3,301
2025-05-11 02:39:37,8ed8a4433684ea19475299add2fdc59d828529afd9e5b81b940255730b36e8ad,896194,253915714.0,2292.0,9e-06,1,3,305
2025-05-11 02:39:37,0422018f3bcb784c5101334c5c73f0c6293080bda20ed8531c2226170d4a38bf,896194,257504284.0,2292.0,9e-06,1,3,306
2025-05-11 02:39:37,f0e43bd02bde5f145a6e137c2617f6c465c0d26c02ea5a64acdea874e391bb01,896194,6405819.0,2340.0,0.000365,1,4,309
2025-05-11 02:39:37,ff7f7e626889bd6b23ca86c5380fc8f2cf1ca1e1651ef543647b95066525027c,896194,94781.0,3000.0,0.031652,2,1,341
2025-05-11 02:39:37,5a33901675ecfd0f02c71ea5f5fcdfe92c86828414c5f9502e5fbea36a95b6f8,896194,6079576.0,328.0,5.4e-05,1,2,223
2025-05-11 02:39:37,f99da10ed48eb5454746016cf90369de491ff06ef37e30ab79ec2a006b07f463,896194,7040064015.0,8044.0,1e-06,1,21,851
2025-05-11 02:39:37,3c0c998bed14b39e3ca024c0b094603813fc42354b58bf007e653b12d37ae32c,896194,344866072.0,2000.0,6e-06,1,2,382
2025-05-11 02:39:37,859871786434a261f7d0742278f08cba673cddc399a4fd77a2bd60f3e8c922f1,896194,429490.0,3215.0,0.007486,2,2,418
2025-05-11 02:39:37,4ead75859740e16af1f571b91f02c1cfbd792b30b4bce67d057607de93293450,896194,429618.0,660.0,0.001536,1,1,193
2025-05-11 02:39:37,f12d8140d4cf0e6039aa975f661c5b5d0062fcdb921dbc880e9f569b281ed102,896194,3739967.0,2359.0,0.000631,1,1,221
2025-05-11 02:39:37,fe953112966a67637c6af34c6c2a0758449f7c5bdc855c16c9082e97cabd2b51,896194,77751018.0,2499.0,3.2e-05,1,5,315
2025-05-11 02:39:37,76169261f0ea9c4662562440cfca4d652e673be80a981e19710eedf85b424fca,896194,27368277.0,2394.0,8.7e-05,1,2,224
2025-05-11 02:39:37,bceff96564c723805c892598f77001fe6fa8022744fe72b8ea5f8417b9053503,896194,20139.0,2036.0,0.101097,1,1,189
2025-05-11 02:39:37,286c72aac5c47b5af85327602fa0e0c75dd6a1f8af2d160f70039ddb361ffdfc,896194,37656.0,1200.0,0.031867,1,1,162
2025-05-11 02:39:37,c7a687ee03d5ca62132c4cbd480fc427dd24651d9b1255aa2f4c017ea6cfd2df,896194,9443274134.0,8123.0,1e-06,1,21,819
2025-05-11 02:39:37,cb6082f771c5f86cf2e10fc2575bce8b5bb80d3c46915baab0b792f529835a70,896194,261112853.0,6348.0,2.4e-05,6,3,1047
2025-05-11 02:39:37,6bba6293a5582dd0987fad2afb19cfc9eaa2e59841ea5ae041ba5f1206f358ea,896194,173133563.0,8140.0,4.7e-05,10,2,1549
2025-05-11 02:39:37,13932421319bbaf467a8785973f33000f9c9cab7df7dfc0792031114e34b59e6,896194,578579907.0,2068.0,4e-06,1,3,267
2025-05-11 02:39:37,febe1bb26ef5235976ddf80cc276e42f3648177974299d5628157fde2c54c5f2,896194,588978171.0,1936.0,3e-06,1,3,254
2025-05-11 02:39:37,74431cb8e526ad6c3eba16fb386e4ccf37149047614cef492dae2c840b16cad3,896194,212111676.0,24000.0,0.000113,8,9,2713
2025-05-11 02:39:37,b4a092b839f8bf6a2ffe0262a2e7f20838baa45781f20edddc195f7cb88d3344,896194,98000.0,1237.0,0.012622,1,1,192
2025-05-11 02:39:37,53cb4683d61f77496334cd41017774837488f6a9e3422b607df0caf32c483749,896194,83173599.0,3018.0,3.6e-05,1,4,346
2025-05-11 02:39:37,7a648708b3a6afaec00f1e3fe20606db0c341c41f722f466fd3d91a78cc85674,896194,30309439.0,3041.0,0.0001,1,4,346
2025-05-11 02:39:37,02a031bad5eeb55da06872c6791ff8a8a86dd210e99c89671b9bad476292a0d8,896194,232059.0,1571.0,0.00677,1,1,216
2025-05-11 02:39:37,c72d11eb426f4b009bb1a910622c9ce047ddacc86634741935fae80bcd2eb837,896194,6370168308.0,8730.0,1e-06,1,21,823
2025-05-11 02:39:37,16cd9c067c1ca024e647c7def82d93307c2ba655b73d755bad663deec199939e,896194,45430.0,1301.0,0.028637,1,1,192
2025-05-11 02:39:37,caa69960adae29886a05f1544e56812a742f681abd7b08b096e73ef6b912c81e,896194,206015505.0,1755.0,9e-06,1,2,194
2025-05-11 02:39:37,8a90f24ccdf48b26299c155784814d5dea4b9a13a1972d2c72f98c8fb3aea604,896194,318857.0,1773.0,0.00556,1,2,223
2025-05-11 02:39:37,53516e5e458be23d7bbf52559879af32cc0a948ec6d21660f973ec2a449061cf,896194,109936304.0,3367.0,3.1e-05,2,2,421
2025-05-11 02:39:37,df259fb6d53b46161157337c2cc357d6b8a3189e50346e7d30d5fb11be6aafce,896194,60266088.0,2639.0,4.4e-05,1,4,285
2025-05-11 02:39:37,cf0038aab709c86c935503fd71613366ed82d838ae83f5cdfebcf83d031de699,896194,60955302.0,2652.0,4.4e-05,1,4,286
2025-05-11 02:39:37,b9131a612f71ad8b28466787ff084a18f661b07028cd2e61f927f18105bb8b7b,896194,122650370.0,15938.0,0.00013,13,1,2272
2025-05-11 02:39:37,2bc75770b3b0fadc7b24789507910180ed1ebf7eb859de70538456faf4a798ee,896194,400045363.0,3367.0,8e-06,2,2,420
2025-05-11 02:39:37,8d8ffc35004cd1b1fa43b9f292ac9ee15e156e67c40620aec94a1a9f536c02b7,896194,7000.0,1454.0,0.207714,1,1,191
2025-05-11 02:39:37,d6e78322949395ed5b193d18cc0bf06f57bd5bf3a279119b78c474fc1cc49dca,896194,4577314.0,2133.0,0.000466,1,2,241
2025-05-11 02:39:37,b74414a4fd7722ca38d47df44caa5bdd3a686f845752515d652e7378b4b186b9,896194,4697588.0,2133.0,0.000454,1,2,241
2025-05-11 02:39:37,c9f1ff56d11cb18e5d25436a49d1abcf7e4ca6eca86d617501991300edd602af,896194,4639258.0,2133.0,0.00046,1,2,240
2025-05-11 02:39:37,44ddb5346f43e0827ebaf561ef8fb5fbe74842a27475ee85ca020acde0919961,896194,5172836.0,2133.0,0.000412,1,2,240
2025-05-11 02:39:37,994ff673c119608b666e3d3f7a46e0c4cb3b4564a291911c1d3d89e2b1d8075f,896194,8683312.0,2133.0,0.000246,1,2,240
2025-05-11 02:39:37,173ed15bae2709a81f9ea30efe8e96c069a7b2fe1889e1ee9117bab4d1348f43,896194,4675946.0,2133.0,0.000456,1,2,240
2025-05-11 02:39:37,e673d6f07b1ccc8412c87725bbefcdf3b86669ede501d039da0821138adeb5c3,896194,4708455.0,2161.0,0.000459,1,2,242
2025-05-11 02:39:37,7f121972c56c33c22791fb9abaf3493c6bb02d5c823f7d484f3af3171ae757aa,896194,5019508.0,2161.0,0.000431,1,2,243
2025-05-11 02:39:37,43d396250b2fa326386f33aa0533da7095dcc4c05f1f1fe18fbf8b2b16a3bbf4,896194,6478097.0,2120.0,0.000327,1,2,239
2025-05-11 02:39:37,30e474777fe61ebe1353b93d9d06dbb0d077b0a0c3f9b7de59186fe5a0a9a4c4,896194,6231283.0,2120.0,0.00034,1,2,240
2025-05-11 02:39:37,04ff8eaac54b4eefcdb6eed32cd84fde2355e2182fbbdb7824bc04ce1ce05b73,896194,5226645.0,2120.0,0.000406,1,2,239
2025-05-11 02:39:37,aeb0610084588a3f48aa80c94eece7b2a6efef250511190787061a02bfda5153,896194,5718117.0,2120.0,0.000371,1,2,239
2025-05-11 02:39:37,d9245f9f5ec4786c996c03e719c2a8e6ec2721a461f180a404a5ef98754c1b4f,896194,4674517.0,2120.0,0.000454,1,2,239
2025-05-11 02:39:37,4becec928905a96d7ebaa205ccf8aef16306de716c829176d863b6f16c5bbd4d,896194,7334356.0,2120.0,0.000289,1,2,240
2025-05-11 02:39:37,467584d2b43c65ab953dec1e8456d4ae7f3ce2f83624bb5fb5ae56a669e1632e,896194,7047674.0,2120.0,0.000301,1,2,239
2025-05-11 02:39:37,f130a3b136760e563c467851da9971c7a1ef962536c256104de80a15ad0f1a27,896194,10715703.0,2120.0,0.000198,1,2,239
2025-05-11 02:39:37,da78aeb0561c4463aecdc38395af949df92dcfdff31a90e0dbc7dc4055103d23,896194,6551694.0,2120.0,0.000324,1,2,239
2025-05-11 02:39:37,6ef60496bf529489adb4a80bad31a09ff330fccfe036807416cfedd48d241d1a,896194,5946698.0,2120.0,0.000357,1,2,239
2025-05-11 02:39:37,bc24908780eb60b1fd7825e8640ebdce2b93ce0deca827acac92573b5d587c2d,896194,9575055.0,2605.0,0.000272,1,2,275
2025-05-11 02:39:37,282e2be4b61c710f28d5748c65e1bd05cf54efc53365d49cf5c73a201c50bdf2,896194,9651587.0,3076.0,0.000319,2,2,394
2025-05-11 02:39:37,0026791dff4dd4216b33b746b96142585472abf37b6b27e9b01d3a78effdc283,896194,10623799.0,3076.0,0.00029,2,2,393
2025-05-11 02:39:37,726f905d8104d699486e1afa7f9c85c60ae01ee303a8c31b51938f2f24456fe0,896194,1443000.0,2330.0,0.001615,1,2,333
2025-05-11 02:39:37,4e99f6eb078ac6960fc3bb1af10567e872bdca072ebeff7857cf4f67ba9665ac,896194,92746936.0,2000.0,2.2e-05,1,2,226
2025-05-11 02:39:37,a4038b726a6ffdc710112510030b58b58a5f362867c4f15cfff1c6b465f5d577,896194,16000000.0,2390.0,0.000149,1,2,333
2025-05-11 02:39:37,90eb958c048b460eeb509d63962e974120fd11fb0307d1bbb02adc67c5425284,896194,9913369.0,4488.0,0.000453,3,3,496
2025-05-11 02:39:37,5416d610b839f2f7e5cdb6e6dd5db25df6a38adcdecb226b94dde74935bc072c,896194,145536324.0,3801.0,2.6e-05,1,4,345
2025-05-11 02:39:37,f4856e32b7c2655a67623cddcd32dd86f7ff0c15174cff1e325cd95669caf8ef,896194,1125.0,1875.0,1.666667,1,2,176
2025-05-11 02:39:37,3a9ecb4ae59363f106765cee40bb1b165ddcad55ea318c61e5d68ea8ee781bc5,896194,8643598.0,3000.0,0.000347,1,3,279
2025-05-11 02:39:37,67b8e8f9bc8e88991959bddc4451eb4907c6d33b6f9fa55ddecd9cd4d6d85908,896194,12498821.0,1179.0,9.4e-05,1,25,974
2025-05-11 02:39:37,47afec655b31553753ffeaf12f4e81bfe766789aa60c01b303ae2088988ddb76,896194,45097.0,1700.0,0.037697,1,1,191
2025-05-11 02:39:37,a1c647ae3199c8c6b2faaabca65d928acd7b67aef4a57d349a491f02f5b1af82,896194,203988622.0,2260.0,1.1e-05,1,2,226
2025-05-11 02:39:37,6fb94f29a2c0591acb7d520e113808d25862e8e2a7330d231ccf665016d1c9a3,896194,2879301.0,4350.0,0.001511,3,2,519
2025-05-11 02:39:37,55c5fa13884856cfa88f461fc0bfd805f6379916353abea9143deb9446bd000c,896194,379122.0,3000.0,0.007913,1,2,381
2025-05-11 02:39:37,035d771d0510ec61f1ca2eb8b48f486044adb06e151e8c841c4a8d61fb1e5106,896194,631156.0,1754.0,0.002779,1,1,192
2025-05-11 02:39:37,b6cf762a711a16a1859466e9bbd78851aaa063e2aec534d6b6b19a104fa12cdd,896194,1000.0,2000.0,2.0,1,2,176
2025-05-11 02:39:37,1b2d76624ab94fd0434fe1ffb5ba9dc1722a3453b56d795d142721d486df7b74,896194,365837138.0,2260.0,6e-06,1,2,223
2025-05-11 02:39:37,03805592d24f154b10224e4a609cfe329bb2a031c14b14b680341092d1459d70,896194,383948.0,2906.0,0.007569,2,1,340
2025-05-11 02:39:37,eb689ed1a6c01734e976665bdb6d4cd85d4518e3399f650abb189d877cbc9753,896194,18144236.0,5700.0,0.000314,1,4,346
2025-05-11 02:39:37,dcbf0a0ea391eb7152a4bbb3bc2d1752675959f4c510bd4ed0d4ab5a7005359f,896194,59840.0,1830.0,0.030582,1,1,191
2025-05-11 02:39:37,d85a79eed6687515237320d8583d2e0c3ad5b4f9d16283664cc0127ab3f5dbad,896194,297584.0,1831.0,0.006153,1,1,192
2025-05-11 02:39:37,304ba27e1b701c72b1cf719152749759244ca891532c02b255408c7b7d2bc47e,896194,11027637.0,398.0,3.6e-05,1,2,223
2025-05-11 02:39:37,ce23dd4da0d0f9a990c97a4de2f32bba83e97e0584de121a8b80e34d113bb94d,896194,428415520.0,759.0,2e-06,1,15,656
2025-05-12 03:27:37,11557a76cbc0adbbf0030d9f473234f85eab50169fa348a10c4394577b1358e6,896352,332284.0,410.0,0.001234,1,3,286
2025-05-12 03:27:37,4e6199ffce2739bfd715c64e6956fb7882c62787b501cae9fd6712324129f8e5,896352,30135.0,282.0,0.009358,1,2,223
2025-05-12 03:27:37,653f6a3d4592f314acf5fba8c78d22eefd98d7250b403627a6b9affd3945ede5,896352,13539694.0,204.0,1.5e-05,1,1,153
2025-05-12 03:27:37,8f6265b0f340b5cd6f248bf059d5c36cb85c7dae197ac016b23b0b1b206497e4,896352,336733.0,288.0,0.000855,1,2,225
2025-05-12 03:27:37,6482e52ca3a790bd4c7f03de1cd38ce2efcb4db977e1f300293800caeb391ee4,896352,153813.0,306.0,0.001989,1,2,235
2025-05-12 03:27:37,d42fe28baf14f4be70bab215b8ca2f41af246fbd308bb5b5ec7965381b9e4ee3,896352,191134.0,410.0,0.002145,1,3,286
2025-05-12 03:27:37,c606d12249cfbd7d43237ec84a03fa6bac8a242c8e54328de40328df376029e3,896352,9805.0,220.0,0.022438,1,1,192
2025-05-12 03:27:37,7c43bfd370346b0242aa169953fe34098151520554a6cd3f21c8cd6545c060e2,896352,67086.0,434.0,0.006469,1,3,298
2025-05-12 03:27:37,aa44b48a6c8f50fe78dbbdb412c442f99807aac1078731fb77b8a5bee5f84be1,896352,4636744.0,220.0,4.7e-05,1,1,191
2025-05-12 03:27:37,25cec1c67d8895427649a65fba9212f79e6e5139d5b7e3d10f13ad573d988fe0,896352,1176822.0,220.0,0.000187,1,1,192
2025-05-12 03:27:37,3e37f85feceffaf7b86b58106f187c273c0fa6788170131cc83570eaffe049e0,896352,95506.0,282.0,0.002953,1,2,222
2025-05-12 03:27:37,6a226a0b24842af586b7e644a7a5f4ed88782b29830357c8be927b7c614818e0,896352,984830.0,306.0,0.000311,1,2,235
2025-05-12 03:27:37,5cb0546637726478932522da96777d6682856927fd68cb524ad01a21b12c9bde,896352,296835.0,282.0,0.00095,1,2,222
2025-05-12 03:27:37,8d1629006848cde55767efda1d0b5d84b494e755933f74e5ad7ce7622eeafcdc,896352,63566.0,434.0,0.006828,1,3,298
2025-05-12 03:27:37,d37190a0fa63a075a0d94300d1c113d4c07e97abc7ca5e564fe1f9cb0c1477db,896352,191131.0,410.0,0.002145,1,3,286
2025-05-12 03:27:37,d95d29b32cee96f38c2c3a756c88c9dc1bc439c41ca094d88c624c7638fa55da,896352,212471.0,284.0,0.001337,1,2,224
2025-05-12 03:27:37,4e4c1c11ee610d859716752349bee73a26ca9dd09e32d8d65201470b5635f1d9,896352,93027.0,434.0,0.004665,1,3,298
2025-05-12 03:27:37,f3ff95679f6ebd1f7b72234dfdc9298ad6cd7dd38f7dec271228f01dd704dfd7,896352,64657.0,434.0,0.006712,1,3,298
2025-05-12 03:27:37,e8c703873235f90654d2b33ee37aaa1c31e9f5ad02aa7e32527c7b31b8426ed7,896352,154974.0,282.0,0.00182,1,2,223
2025-05-12 03:27:37,91a5e140ffd0cc7f3805535fb30ef7a9638084e838dc662aa21380f5064f0bd6,896352,264134.0,282.0,0.001068,1,2,222
2025-05-12 03:27:37,bacd5cfeaee6219e09a3fc2d0e8cc08b6a1d07092b0deabeeb8062173f7f34d4,896352,66732.0,434.0,0.006504,1,3,298
2025-05-12 03:27:37,4c50ba1937f26537c7c087b91609de980f07115a503639e90d8b8a9703d57ed3,896352,3515218.0,282.0,8e-05,1,2,223
2025-05-12 03:27:37,6fa58931479e576a9991c0f616135f3ab4925d2d77cfeac9d39360c9a4d579d3,896352,22441.0,282.0,0.012566,1,2,222
2025-05-12 03:27:37,2cff6d9c7e9aa8e73799b035648d3dd38a13eef9f7a64e3137650686cf9c28d3,896352,546.0,308.0,0.564103,1,1,333
2025-05-12 03:27:37,ea616061422e103b740c5c2188fe80011d2ba24644e22cbea78f5a84613b8bd2,896352,58514.0,244.0,0.00417,1,1,204
2025-05-12 03:27:37,5067eb966cde97e4a857ed7e9a8d9ad2ad6293f0d605b19efc141e064b6d2fd1,896352,106778.0,222.0,0.002079,1,1,193
2025-05-12 03:27:37,89c4b191bea9b46654efef6c1e73f494d017a6e0c2940c6bb0a2374b6d6dcdd0,896352,64470.0,434.0,0.006732,1,3,298
2025-05-12 03:27:37,54022b458573d1931a0437b8b119a07cbaf4ca138441a4b398d34f4b771ea5d0,896352,11495.0,220.0,0.019139,1,1,191
2025-05-12 03:27:37,bfdb469ab83e7a5506976af460bca4101d1cfda5e9809542dcbb096e7f3839d0,896352,475811.0,226.0,0.000475,1,1,194
2025-05-12 03:27:37,5d2524f07c77bf490bf2209c9c3dc44f229224ac540b773b8a84ccc9fd1b1ecf,896352,44168.0,420.0,0.009509,2,2,373
2025-05-12 03:27:37,b7a5b6b878a79674a624bd879ea38c407a2207a8a5580c9a7ddcb144a9103ecd,896352,74548.0,452.0,0.006063,1,2,226
2025-05-12 03:27:37,915f060e97fad7bc49d6951aaee92695c68b60bef8b163f33a7fecfc266707cd,896352,60380.0,282.0,0.00467,1,2,222
2025-05-12 03:27:37,d81ad9152c31c7a46e691a3cbb4111411c1d42aafd53c2abe9156744d9b3d1cc,896352,63566.0,434.0,0.006828,1,3,298
2025-05-12 03:27:37,e8ab8eca54257716d9814706ccf1aefee8da8f637c9bb98552b841c6389777cc,896352,7687.0,220.0,0.02862,1,1,191
2025-05-12 03:27:37,db9e084a17bc0ae30127f8d21eb1f989d73a10e8e91362d610c51eeb3ee9adcb,896352,19423.0,420.0,0.021624,2,2,372
2025-05-12 03:27:37,ad5026589db7033e44b7d482ea944bf10aea11992eff423c5fcb57eebc4545ca,896352,1000.0,226.0,0.226,1,1,194
2025-05-12 03:27:37,966364b36ccb227c5020e8ed0d538595c64eaacac942dda062484a9003ef2fc9,896352,297660.0,308.0,0.001035,1,2,205
2025-05-12 03:27:37,840e8f771f3093fe873e96815b2709b94b3a2e456c65f9ba579695e7224907c8,896352,1222322543.0,406.0,0.0,1,4,284
2025-05-12 03:27:37,484b544448f7646d695a90c8b781c42261a9a81b0d7c43fd6f4892abc7bc2cc7,896352,99184.0,424.0,0.004275,2,2,374
2025-05-12 03:27:37,a88ef385eb4ed2d36a791627c7e2204c4d55fa904217d6b33615a08d6996b1c6,896352,66732.0,434.0,0.006504,1,3,298
2025-05-12 03:27:37,198e95e3e7732c1d1b2ec25372c59d7bf6e4fc5b6d0232ceb938d469e86bf8c5,896352,1589192.0,284.0,0.000179,1,2,223
2025-05-12 03:27:37,ea46dbd26ccbccd3de39dbd139eeee8dc6f3b166ef8592a031a2572a4cfdc2c5,896352,23836.0,226.0,0.009481,1,1,195
2025-05-12 03:27:37,4f94a0f5f2f86141eaac86539db3f91679b6ea009407c4b7a235ce17aedea6c5,896352,47940.0,220.0,0.004589,1,1,192
2025-05-12 03:27:37,7c24d4b6686dc722979ca2b74c89727e15715c1feb909aa35cc0000b863973c5,896352,225714.0,284.0,0.001258,1,2,193
2025-05-12 03:27:37,723a20c1eb2ed538191b75bf04c3411a20d69e5241bc1aa83004d3cad6b02bc5,896352,64874.0,434.0,0.00669,1,3,298
2025-05-12 03:27:37,8b918de99822bf34c7acfd1983bfe10142246d136279e7054e3a704699890cc5,896352,57642.0,288.0,0.004996,1,2,226
2025-05-12 03:27:37,f8ab53456d41989fecfef386e96912ae888f30c0c3a63c6714cb4ad223a6b5c1,896352,161444.0,282.0,0.001747,1,2,222
2025-05-12 03:27:37,265c306ccf88a7f9fa56076462c77abb1d9831679fe68491567a1c17b27fdac0,896352,2805480.0,282.0,0.000101,1,2,222
2025-05-12 03:27:37,16c1169b7ad8115f2514a999e23dbbda47a81820d54bf03eccfce2565be278c0,896352,6455.0,418.0,0.064756,2,2,371
2025-05-12 03:27:37,712f65504b08358d6f245abee2da77fb2fb1a59b4294292d090fc24306825cc0,896352,197163.0,410.0,0.002079,1,3,286
2025-05-12 03:27:37,298a8ad04aeec76bcb6ac250ce39446cecc1d541305d3baf8e061909094bebbd,896352,217253.0,226.0,0.00104,1,1,194
2025-05-12 03:27:37,803988b38a28eb6e35ec7ed9f45d61b692e681cd8469bad9d87868e817a772bd,896352,95426.0,434.0,0.004548,1,3,298
2025-05-12 03:27:37,e050c8f9ca320d63a7815b2fee84c60ef4eb48ce98b884aee91faae1b5106fbd,896352,30163.0,282.0,0.009349,1,2,222
2025-05-12 03:27:37,bb6efe12c516eada3c7ab8cce753394de917072478d1d01352f9fb5b312b32bd,896352,47036.0,226.0,0.004805,1,1,194
2025-05-12 03:27:37,c730298f152df9357e552f7ccceec58a25f95bd58de8f8b869361fe8bea828bd,896352,94879.0,434.0,0.004574,1,3,298
2025-05-12 03:27:37,bdc0230b97973b0deaf334328f5134c8df538e6625f43b7f87a7a729c57ffabb,896352,96438.0,434.0,0.0045,1,3,298
2025-05-12 03:27:37,f34e520792bc36ba49171627ed325e5ee0dd30b21816ced3747ec95b2b7c9dbb,896352,508197.0,288.0,0.000567,1,2,225
2025-05-12 03:27:37,4d55cee8a9da81786294564e5b1d0ef1761b228e9f22e12827a4b1d6edd8c5ba,896352,557946.0,222.0,0.000398,1,1,193
2025-05-12 03:27:37,cca7272e112e452237c6d7ba57f8d94c27eeb6f7d2fe8c9bd462d559a63136ba,896352,62701.0,434.0,0.006922,1,3,298
2025-05-12 03:27:37,5642aef86361404a5f81ec94c8f5fdc88158a781e7ce970859fff4f7506c56b9,896352,4599.0,220.0,0.047836,1,1,191
2025-05-12 03:27:37,a20d88a4de62aea663453f1048b7aca507d8ba56f1f094c194357b973d1f47b9,896352,269774.0,226.0,0.000838,1,1,194
2025-05-12 03:27:37,d3de0cb1b1f4f3177d5c429917061192269ec55a9b258be07de462b3adbd09b9,896352,546.0,280.0,0.512821,1,1,313
2025-05-12 03:27:37,973a73517f3625e460071b9760fca46b623d8ddc7bf4bf567adb4aa8a14742d4,896352,83073.0,306.0,0.003684,1,2,234
2025-05-12 03:27:37,5f4ef781d918aaa94dc7b905fe42a2ee6722bf842776917dec3d0752011de4b8,896352,9727.0,220.0,0.022617,1,1,191
2025-05-12 03:27:37,ff3c976ea141c34b69adaae82d8379dd0f663d649cf50bc404d40e36111e8eb8,896352,1309489.0,288.0,0.00022,1,2,225
2025-05-12 03:27:37,dc9201627e06bd795279c7d6b62e755cbe7e00879dc047b36180d79a9f981eb8,896352,5431925.0,288.0,5.3e-05,1,2,226
2025-05-12 03:27:37,cd2fbcf5b95eb22f1097b4d12fc1c11dd98cfce5155be09c9911ecd0f73cc7b7,896352,2052217.0,556.0,0.000271,3,2,522
2025-05-12 03:27:37,81f326d79adfbaac07030303e41e2c9a26b0040191098f9b76c9cbc7dac180b7,896352,64874.0,434.0,0.00669,1,3,298
2025-05-12 03:27:37,d827f69c1c9ae72612ed7625a703e6517ebd6db00045f75b55e9f10b53e353b7,896352,47957.0,226.0,0.004713,1,1,195
2025-05-12 03:27:37,f5c6ee9692a369b6405f13dbb94715b35494703a88288e44937999793e3a05b7,896352,71303.0,222.0,0.003113,1,1,193
2025-05-12 03:27:37,3709364ebbafecf14f481687d0c20a19475d8cd92557177699d6369aca52abb6,896352,368794.0,282.0,0.000765,1,2,222
2025-05-12 03:27:37,1f6248d936f11687f5935bdfbd0ca066c3c5600a2c101364f19f3a6f6deb8eb6,896352,1618586.0,1156.0,0.000714,7,3,1141
2025-05-12 03:27:37,ec58f5b1515162697cb6c72e48dcad213b96815daa713f6416c0b5ceddeca3b3,896352,95426.0,434.0,0.004548,1,3,298
2025-05-12 03:27:37,f97e5ad0cec0064c2d683055bd0bd5bf71ab12f8e4b824a7d700eaddbcab76b3,896352,9692.0,308.0,0.031779,1,2,205
2025-05-12 03:27:37,b9691932d04d8d107bc5f950cb874d185a0143080a7e5bd141a07630ac7f2fb3,896352,67086.0,434.0,0.006469,1,3,298
2025-05-12 03:27:37,6ede96232a1effee5aa441f98540a24489b62a836450a7a85651a8073ca2efaf,896352,8438.0,222.0,0.02631,1,1,193
2025-05-12 03:27:37,96631564ba8b7c73fb34b4b2c8bbcf5f84210da46ba797d97b7bab669d8ee8af,896352,235414.0,282.0,0.001198,1,2,222
2025-05-12 03:27:37,af658e6dd29468cda361636c10757e75999ac97561adcd4690f9639620271fae,896352,38845.0,220.0,0.005664,1,1,191
2025-05-12 03:27:37,6cac1f961f373100521ef8bc0ffa697207e8638ef21649f02bbe70ce3acfe1ad,896352,64874.0,434.0,0.00669,1,3,298
2025-05-12 03:27:37,ece00d4e2880028a7880e0b0f19bf176505c8ea9b9d1796d70c06a51ffecdfad,896352,26462.0,222.0,0.008389,1,1,192
2025-05-12 03:27:37,f9c1758108a8e8934c00ae9f7fbde51db5177c58fabcdc7a25fcee74957ab4ad,896352,67086.0,434.0,0.006469,1,3,298
2025-05-12 03:27:37,ebc6e92b540ed79dbc227fb2c8a3d588a997a798dda0618ee8ab2b3519fa85ac,896352,1102088.0,282.0,0.000256,1,2,223
2025-05-12 03:27:37,fb1b1697061ea1010892a3f6c849c000b10c11b7772b29c09cf9086b21afb4ab,896352,90685.0,282.0,0.00311,1,2,222
2025-05-12 03:27:37,dab9a8ca016f27885caf9dfb773e0907e4c2b989802164212e83753db13ce5a9,896352,18046.0,282.0,0.015627,1,2,223
2025-05-12 03:27:37,e76d9edaf9fac0e532ac6114b94e6838c9f66befecbc3c296ebf98000f9352a9,896352,66515.0,434.0,0.006525,1,3,298
2025-05-12 03:27:37,15631d070723a2d82df4af9e00843a930dfe2d9f12e8cd8a4590bd8da2ec1aa9,896352,64464.0,434.0,0.006732,1,3,298
2025-05-12 03:27:37,710e650b3ca85f5299494b081e2a80ec68ad8d44c8203fd947bc2677023159a8,896352,64874.0,434.0,0.00669,1,3,298
2025-05-12 03:27:37,4172c4f0c711f35a80cc8ddf8d59de89ba85312d638b806ab0ea822ea64e00a7,896352,1667214.0,222.0,0.000133,1,1,193
2025-05-12 03:27:37,874a8d8aa21b0f677ab86edef30d859b4902832d5533ca18f9767528c841a2a6,896352,176345.0,358.0,0.00203,2,1,341
2025-05-12 03:27:37,50a4fe304295e498f3de30f45cb940fe1b1c73bcac70d63dcfa3996d41dbeaa5,896352,94879.0,434.0,0.004574,1,3,298
2025-05-12 03:27:37,baca7b872549c319c8af09056334282962433eca5314223d85fb43c272b5c8a4,896352,89851.0,226.0,0.002515,1,1,195
2025-05-12 03:27:37,6a0be609b2dec36440fb8f4ab9ba0309c0d1be91c2840946ad78be02d4969da3,896352,634572.0,282.0,0.000444,1,2,222
2025-05-12 03:27:37,b6e9ae3082d590c2365d6856ef3ceaaa7d9aecad8badea8c6c7474a0831b82a3,896352,542291.0,288.0,0.000531,1,2,226
2025-05-12 03:27:37,6cbb42d3d84f85aa8b75e8c7af519f863a57cfe5b77c9d1ff87a654d773215a3,896352,4554.0,226.0,0.049627,1,1,195
2025-05-12 03:27:37,0ea44ce91bdd98012057d01523c58fadd0be18d8ddc211c26ef51f670cf1f7a0,896352,1752615.0,424.0,0.000242,2,2,374
2025-05-12 03:27:37,2c199dcb886068aac0fa83db3e21e6cc12df9421cf88863935cad7532f41c5a0,896352,194975.0,410.0,0.002103,1,3,286
2025-05-12 03:27:37,e338717bf5bb68eb5351868545fb7ed9dd2d8f11566d3694fed97e17ba0ea29f,896352,94879.0,434.0,0.004574,1,3,298
2025-05-12 03:27:37,eca04030d79011a04e2a2175f0c2426d36a2383eb395bbbc947ceecbcbda9f9f,896352,957218.0,306.0,0.00032,1,2,234
2025-05-12 03:27:37,6315361940bfeef66614cedcc1c203669becba9932b05fd210fdd98293484b9f,896352,35932.0,288.0,0.008015,1,2,225
2025-05-12 03:27:37,d1ead4b03dc36b3bc1f8d641563ce3d261be57d320dcb5aa5b8482cc6fc27e9e,896352,96886.0,418.0,0.004314,2,2,372
2025-05-14 17:09:36,96b511f361da48174a0dc5919afe9e230e8d14d14e240c508f3d19d628b78dec,896699,181667.0,264.0,0.001453,1,3,302
2025-05-14 17:09:36,1a9113566c7e223772ee6bf2364b12bfb7d463347658393f8a9977857b80adb5,896699,546.0,462.0,0.846154,1,1,332
2025-05-14 17:09:36,6fd7e5467b307c0d41510a768fc6c2c3ce2f72d6e0bca983dc317ba6c18aa8b4,896699,2343911.0,459.0,0.000196,1,2,234
2025-05-14 17:09:36,951d8d8c36e1553f7fa40fc62bb25d226df78df9174b5fa050a0b1b04312a0b4,896699,4154703.0,297.0,7.1e-05,1,1,150
2025-05-14 17:09:36,a4c04442a1362c46e1f52dad9a58aef6d7584d42396677086d77f1c82ae4e7b3,896699,716922.0,423.0,0.00059,1,2,223
2025-05-14 17:09:36,8b301b270113fd84f92bc5210082f468923d8853930f065ace9b03358c460eb3,896699,8254579.0,423.0,5.1e-05,1,2,222
2025-05-14 17:09:36,9a9a13a7261fb66a3da7cc9fa8da6f4163cc1879533ab1dba26b7f91495f98b2,896699,82092.0,423.0,0.005153,1,2,222
2025-05-14 17:09:36,c7cad4c6be8214c844122bc6caa37f7ce2d23bfea8c61c61d53121e553c68bb2,896699,239336.0,492.0,0.002056,1,2,245
2025-05-14 17:09:36,9dc5bd049969fb26f01cb4987ac5dd8af0386bdab0c952ae80909512feff85b2,896699,110782.0,423.0,0.003818,1,2,222
2025-05-14 17:09:36,107ca22870f6f7af861d27aaa5e779c88c4fecc26675039696afd8a41463a7b1,896699,977788.0,426.0,0.000436,1,2,223
2025-05-14 17:09:36,ca5233ad2bea53765aa0b90507bd5612865346662f20361c3968531c71279bb0,896699,15236885.0,423.0,2.8e-05,1,2,222
2025-05-14 17:09:36,9e350445b37604129639dd97fcf51c1218ab7ea2c46e1daba8fb84ea33a77aaf,896699,4557302.0,927.0,0.000203,2,4,441
2025-05-14 17:09:36,f5ceb355792f4e4f3408f2a9bcfd04f252fcef09b76ab32c8aa5360b0879b0ad,896699,244200322.0,426.0,2e-06,1,2,223
2025-05-14 17:09:36,077ff96e08db49ebd111d585b9ed1f3da4240c6b80fc593cfd1270dd4b57bbac,896699,59996384.0,678.0,1.1e-05,1,2,226
2025-05-14 17:09:36,2a9db59268c751bd9200d3fe5f24573bd541e47a49f2eef0460cb9092d4cbbab,896699,167277.0,423.0,0.002529,1,2,222
2025-05-14 17:09:36,f8ad0f4cec4d82c7b424067b0f43d5d55a8d7f35397b1ad3e6cbf7839d8a6aa7,896699,159702.0,798.0,0.004997,2,3,398
2025-05-14 17:09:36,5c10a4fe1605a531986b1a1ed92fdda2a5784805d37303d500d838b1d144d4a6,896699,1699475.0,630.0,0.000371,2,2,372
2025-05-14 17:09:36,4969aa30589fe4c9660fe2bc4088f20c0da55e496ddc22e52ad38af8d5d0e4a5,896699,183205.0,534.0,0.002915,2,1,340
2025-05-14 17:09:36,67715bc042c5871284c975f084a97f867c68029ead286acc20322a32394dd9a5,896699,3127448.0,636.0,0.000203,2,2,374
2025-05-14 17:09:36,7cd888f89eb1351e09107d68664b67e252f0f2872dd62fdd8b558f1eb8645da5,896699,65732.0,432.0,0.006572,1,2,225
2025-05-14 17:09:36,fd7c180881a2fa80690672046afa731f9d7d681e73d0069a63b62b5290513da5,896699,84844.0,459.0,0.00541,1,2,234
2025-05-14 17:09:36,37b2a7f945e74ec19c57ae82167e21d294984a415eb8f402be6f6f3b7b01d1a4,896699,10690718.0,2580.0,0.000241,9,1,1588
2025-05-14 17:09:36,2a3fc009b1da514d52e2559ec31bafc341f101c687ee5c755291274ec89573a4,896699,997575.0,423.0,0.000424,1,2,223
2025-05-14 17:09:36,38e7126d1abb1f8183390e883fe49fbe0942581fc291adddd0fe2637633210a4,896699,375183.0,339.0,0.000904,1,1,194
2025-05-14 17:09:36,213236558db3d9d525edf2d4246604f0865605e54333a4220e81a67aa2a2fea2,896699,743916.0,426.0,0.000573,1,2,224
2025-05-14 17:09:36,bc324e814c71c857190114dfed6ea10c58bb2aa0763ea99efb275fba004861a2,896699,510470.0,330.0,0.000646,1,1,192
2025-05-14 17:09:36,2a71a6045576b6d051ca6e769bb9a3b1ca56e799d27635c312da5886276221a2,896699,64474.0,627.0,0.009725,2,2,371
2025-05-14 17:09:36,5a3438aca7907972f871cee678943ed213181fac67f13d0dbd7b48c47939a2a1,896699,192868.0,738.0,0.003826,3,1,489
2025-05-14 17:09:36,3060e1180a2a1fdbfdcd753aeb8cb99357fc6f7054697093aefd90923001eba0,896699,786438.0,2052.0,0.002609,9,2,1413
2025-05-14 17:09:36,b4841e5a9904610f7ee698a3afeebae131fa16282f054ba508693e9a3791a99f,896699,5893200274.0,495.0,0.0,1,2,246
2025-05-14 17:09:36,7cde19db46b688c82b8c8ef94a7ccb80e9a09c2e3bd944770e4472c0edc88e9f,896699,546.0,456.0,0.835165,1,1,323
2025-05-14 17:09:36,ddfd9b32943d977cc824d26fdd14a2d1c336872673bd7d067fcc0bd35f4c1f9f,896699,53837.0,423.0,0.007857,1,2,222
2025-05-14 17:09:36,a38d06607676f214c3ed0df54d45296c1ba69f10cacaf6ff2df29b686098c39e,896699,546.0,462.0,0.846154,1,1,331
2025-05-14 17:09:36,24e8899778fa72e9507238a553678e0569622c1cf797c4c854149e8431bd6f9e,896699,994920.0,423.0,0.000425,1,2,223
2025-05-14 17:09:36,c5875e3d8ecba511995675e1f41083fe62aa9089cdd23a0ffc5c7c6d9932459e,896699,48731.0,330.0,0.006772,1,1,191
2025-05-14 17:09:36,1e2622e2d85372c5ee619a17696f0109b8700a8280a17d1bab0fa2f33e9e149e,896699,6138.0,462.0,0.075269,1,2,205
2025-05-14 17:09:36,8ea43c99e8673742950307ff5767083e1fd6e191acd845f9e606b0c4d6e3c99d,896699,512059186.0,426.0,1e-06,1,2,223
2025-05-14 17:09:36,ef101d20cadd48d5bf52e61b30f49d3417d586e7dfc617c0995be51fcc2a4a9d,896699,217696.0,624.0,0.002866,2,2,370
2025-05-14 17:09:36,ee6bc51ad7f0e5039c8ba179fe255988525c44a7913e66d07c0fb6b2ae8df19b,896699,4250.0,1358.0,0.319529,2,2,300
2025-05-14 17:09:36,5b46bc8871bacb7a67b989a29d2e99b950e393e6d5695aff2c92667389d127b7,896699,150250.0,241.0,0.001604,2,2,302
2025-05-14 17:09:36,755c886fa09f1b6ace932332e3010ea4e6a6f111dc9d91e301c303987f1f61ea,896699,664809.0,264.0,0.000397,1,3,301
2025-05-14 17:09:36,5c38d0eb8627647dd12b44e86c2938b99dc56b2c3f7bf748c9cf177fe2a9cc9b,896699,28329466.0,534.0,1.9e-05,2,1,340
2025-05-14 17:09:36,a952fa7b0e2c9eb8f2cde360c477af62015535e9a3ecda6c4577ee25c675cd99,896699,24999185.0,423.0,1.7e-05,1,2,223
2025-05-14 17:09:36,93fc27fd25c9c41a6177ed21c9b76a172d483a5cbf33b48d7dd5416a250c9c98,896699,912692.0,426.0,0.000467,1,2,193
2025-05-14 17:09:36,f3361cb23005e12f06db15e51447a8f688b39bfad3334fa5b3e42b33ff15e997,896699,9116032.0,495.0,5.4e-05,1,2,247
2025-05-14 17:09:36,dc7616fb674837ec40099edc72e57d1557de5064d744a72ef7348ea668c83497,896699,10021716.0,366.0,3.7e-05,1,1,203
2025-05-14 17:09:36,6409ca3b11c0a6cbe8d1b27f0db8516608489785bd637620b2e3e73c8cd36c96,896699,546.0,462.0,0.846154,1,1,333
2025-05-14 17:09:36,6f709845cf2992f02d00e444748309221fb2f95ddbbd88f4d14eb8d1198bebc2,896699,3738.0,462.0,0.123596,1,2,205
2025-05-14 17:09:36,83df8fb1490eac7a42d4340c9169d971c42f2ab20a46d2153893349034c1bb95,896699,396366.0,462.0,0.001166,1,2,205
2025-05-14 17:09:36,89978a8a7110adf4c3246a43d79b9d46b8e0e1ec7d432366ce7f37a74ef92a95,896699,30005.0,531.0,0.017697,2,1,339
2025-05-14 17:09:36,e3452fbef1e845084135c8c9a2795dd7e6e2f37a9546fca65f330f7ee4557b93,896699,40771.0,678.0,0.016629,3,1,376
2025-05-14 17:09:36,1178c3311caed2ca30091a9247d01c32246feb0e9f50ba3da7ad976f92e42f93,896699,368857981.0,423.0,1e-06,1,2,222
2025-05-14 17:09:36,dbc8677cd82da1cd47d2b1686cac7e9bda64e4d1946889ca05c67cd50523f791,896699,2878465961.0,423.0,0.0,1,2,222
2025-05-14 17:09:36,263abf72132ea827203843c9e4b52941c2f93071209cbd15db0506215f33f691,896699,546.0,456.0,0.835165,1,1,325
2025-05-14 17:09:36,d8806077bba371f7b65381edc3da3ee094404d78084c650e38d11e7902640791,896699,132220.0,462.0,0.003494,1,2,205
2025-05-14 17:09:36,d51f878f31fac7a9e8aa021b0ca0d307f25e557d9e0ab9276e5f5a85f362d78e,896699,10689595.0,423.0,4e-05,1,2,222
2025-05-14 17:09:36,8d9ef1a372bf12c37dbcd8ce27e643d1567d223957b5231bba15a36d9646be8e,896699,546.0,462.0,0.846154,1,1,333
2025-05-14 17:09:36,e12e31ebe13a46b99d50758b4efe43dd953d9c05cc35fc0f2a176477207eb299,896699,5538.0,462.0,0.083424,1,2,205
2025-05-14 17:09:36,4320d3ba6c68e52e3c4e5ea61eeee69b30f1df0845929cec7d59b8a477a4fa8d,896699,3984755.0,459.0,0.000115,1,2,235
2025-05-14 17:09:36,5fac90954355a6240d1e5caf8550708a8f8b8789b718140f6ecb85c3b817bb8d,896699,21862.0,426.0,0.019486,1,2,224
2025-05-14 17:09:36,885874232af538f53fd167828c4cefd753bcf146c48b08e972eb5db0e286b98d,896699,16259.0,306.0,0.01882,1,1,153
2025-05-14 17:09:36,03c49dde93f5602e31c2e4c34634aa9f3ee8a011f41fb41fe66232b06f108f8d,896699,269953.0,423.0,0.001567,1,2,222
2025-05-14 17:09:36,7fbcf7107ac7ecf1e84f67d38f4ac4a9b8f6e934b50503fd5a6b191ea0bc688d,896699,1191.0,507.0,0.425693,2,1,269
2025-05-14 17:09:36,f9f809f97d5cd74f8b44983bb4f5c69aeaf074d32ceef64b915079286d912e8d,896699,49534.0,366.0,0.007389,1,1,203
2025-05-14 17:09:36,f38fbc1f2c494b8e9910a3390bc8e23a5199c4e853e05f580be922f2660a558b,896699,27299.0,333.0,0.012198,1,1,162
2025-05-14 17:09:36,81f6e6af6aaa71cac1881c2330887c0993242ae0fb6d5a7d8845bbf2d09edd8a,896699,99988.0,498.0,0.004981,1,2,247
2025-05-14 17:09:36,ad14588d257a842e0671001a3a6ccc06f9bc4fdfbbab9801d51b80177244d18a,896699,11953109920.0,423.0,0.0,1,2,222
2025-05-14 17:09:36,5e450f8fc3ad0f9c6b82648a0896052ca46dd369a149b9666af3ccd4a42f9d8a,896699,7241457.0,423.0,5.8e-05,1,2,222
2025-05-14 17:09:36,6de3033317afbe9ab55d8bf7eb7c4bb3fd4628cb63f5dd97f48cd1731dc2f289,896699,546.0,456.0,0.835165,1,1,323
2025-05-14 17:09:36,f858712843522b385ebc70de577eee5a1ae8105f379eb51f599c1118a66137af,896699,13020.0,462.0,0.035484,1,2,205
2025-05-14 17:09:36,d86f0f5c99ccdede5ca3928a64a59587713062cf70436711eb3ab90aaff0ed89,896699,467756.0,339.0,0.000725,1,1,195
2025-05-14 17:09:36,60dd55528dd31ce4dc297e56442f80443a045bc384c5ceb058cbbeb58dfad089,896699,100014499.0,432.0,4e-06,1,2,225
2025-05-14 17:09:36,701dbe2c53cc7bb9ce9fe6945d2d448baf7a3800a735c1b7c9640f8ea7a7a789,896699,11271953.0,498.0,4.4e-05,1,2,247
2025-05-14 17:09:36,f95752bdce9b7d4d4f01e73bd1efe35d0937b8db99c0225b5f3480d6ea3d4589,896699,184710.0,624.0,0.003378,2,2,370
2025-05-14 17:09:36,769de609a37d5799f3127bd709b2091966a9ba3be91a6d56a2706758cc069788,896699,44817.0,423.0,0.009438,1,2,222
2025-05-14 17:09:36,fb2608ce700bb73d630a858bde1a9b9459e9a229c445c6aee2a4338d0ac59487,896699,213376.0,1860.0,0.008717,2,12,720
2025-05-14 17:09:36,949afb943225f64c9d8b4adbd3971e313b066556b7592312ca9ed6d927184c87,896699,546.0,456.0,0.835165,1,1,323
2025-05-14 17:09:36,9b2c7019bcf251acc209fb87cc12eab98fde8b98abe775559664aaf5ed735186,896699,67853.0,330.0,0.004863,1,1,192
2025-05-14 17:09:36,15d21711cc8c88c298e6bfb094d1cb01f959ba14cf0a005f1ed0fa46dec15f85,896699,11851.0,462.0,0.038984,1,2,205
2025-05-14 17:09:36,72ebdfcbb78979091b42572ac1728977f6d1bd4efe40ca679abac6e153e4fe84,896699,450379.0,423.0,0.000939,1,2,222
2025-05-14 17:09:36,c1098ec1b3228c2c3845b13bd2d99e73d5eca581a761f91ac98ef27c56d24f84,896699,135716.0,423.0,0.003117,1,2,222
2025-05-14 17:09:36,1cea02588a8049f0a3b06eb181d80e037ab8da22ce37deb0261a56aa7ca50b84,896699,22971.0,435.0,0.018937,1,2,196
2025-05-14 17:09:36,e524b3ac035aec1df381a6526a1bdb361338f4628a5c8b6d0bf6c3be4905b683,896699,546.0,462.0,0.846154,1,1,331
2025-05-14 17:09:36,8a9d6938659b75944455991c7bb0da3db5e92f590bc077e3ba16a3641c1db183,896699,546.0,456.0,0.835165,1,1,324
2025-05-14 17:09:36,7f16ced8165ad3608efffa5ea643bb804eee96bcdc864a0514858f1f71f27080,896699,191816.0,531.0,0.002768,1,2,258
2025-05-14 17:09:36,18683ef285f6e99c7ed7183a688b9e0989f25fab2aec0a85f78b59039b410e80,896699,62053.0,330.0,0.005318,1,1,191
2025-05-14 17:09:36,94f0ae4df725023b168a25897c33a581dccd4a22e4531c18d62ec93ebe6a5a7f,896699,546.0,456.0,0.835165,1,1,324
2025-05-14 17:09:36,a34926ef1997eed14d29b8ae3e882e0ec9592b0ce929d32549c07f0d35ed4b7f,896699,2809911574.0,426.0,0.0,1,2,224
2025-05-14 17:09:36,84d90c04ab25f6ab5d71ddf33ae9c3d370b4bd6e1c9f749431273e7d37403a7e,896699,322299787.0,330.0,1e-06,1,1,191
2025-05-14 17:09:36,59dc3f9255ea527cf25871303e5e3208ed0b9a068939bf6ea3c845726486487c,896699,50120.0,330.0,0.006584,1,1,191
2025-05-14 17:09:36,082f65461e8fb2acb984199413aa64512c7ac1ab93013570273306c3083abb7b,896699,509470.0,330.0,0.000648,1,1,192
2025-05-14 17:09:36,b95e59da0915d3f27fd22d149b3067c9df29c500f38b4e3ec8960b6adea7b279,896699,74990022.0,636.0,8e-06,2,2,312
2025-05-14 17:09:36,4a6e95b685e990ae16514fc1f3c2fda159551d21e39c018368ea690a9c526879,896699,389935.0,423.0,0.001085,1,2,223
2025-05-14 17:09:36,594dc95c7ee005a46a24cb84b7534448b0a9c9f0da750bacce69cbd84968c278,896699,152243.0,330.0,0.002168,1,1,192
2025-05-14 17:09:36,9a620d57ad44c56dff5a4439042118c22106dae7c4f7fa269534d68308ab2b78,896699,5546881.0,432.0,7.8e-05,1,2,225
2025-05-14 17:09:36,7f4e5bb95da43441f047ce562f34be0c916ede2f473736d15b03a6f85d147875,896699,163225.0,333.0,0.00204,1,1,192
2025-05-14 17:09:36,d2c09362daabccacc4200c6ed6fb1b04996ca72cf72878a42e0a08f8290a9074,896699,510970.0,330.0,0.000646,1,1,192
2025-05-14 17:09:36,701ad3a9cc50c3519a7cc3b507a3a9249583947e794f832e96aba75944696273,896699,63336.0,426.0,0.006726,1,2,193
2025-05-14 17:09:36,dfb9ee55f2caad74f6eb5804801fd993b210c5d0436dfe8d4ef5a6f1ce6c4372,896699,206592.0,330.0,0.001597,1,1,191
2025-05-14 17:09:36,57e6623e0e165cbe991ff6a9b16efff03e5938e581c035a5a4d937b93b8e0c72,896699,4904697.0,423.0,8.6e-05,1,2,222
2025-05-14 17:09:36,7943724da299290215e34462ddfda1445ee48b7138737f074fba3e7bc32891aa,896699,24477094.0,1003.0,4.1e-05,2,2,371
2025-05-14 17:09:36,9be5937424e482ff2b428f85306b141ca879e8d125a51056db0b14f31ef52343,896699,99439.0,734.0,0.007381,1,2,234
2025-05-14 17:09:36,849b9720925f5fbabadea953752c53f16efa4b26bd81894e41434f37bc03aee4,896699,127422.0,528.0,0.004144,1,1,191
2025-05-14 17:09:36,1dd8b04e7949124225e218effda2c9f3f1a6965ffc67b8b5ae3e59aec5af32df,896699,137775.0,528.0,0.003832,1,1,192
2025-05-14 17:09:36,ae61380239cf3a4e61dfaaa48c1f3f233db27f22539498b7d147e87f7589c587,896699,23239.0,528.0,0.02272,1,1,191
2025-05-14 17:09:36,9fde46ed37a9d598e77da8d7a9540224d1d159e20111f1ba97ffe64663a07184,896699,17682.0,528.0,0.029861,1,1,192
2025-05-14 17:09:36,5cb7a17776fa52cf702981ac13efa2c827aeeedaab0493143f8ade6f06327e53,896699,92200.0,528.0,0.005727,1,1,191
2025-05-14 17:09:36,7a2c87172995209c558e5421ac4775d98ea9516b9e40781330bfefc367a5dd33,896699,18798.0,528.0,0.028088,1,1,191
2025-05-14 17:09:36,97f2a0329f056e5cb16903620693ee017633f448fa0217ceeb9aac94951e1ae3,896699,951063560.0,677.0,1e-06,1,2,223
2025-05-14 17:09:36,427ce5ef57a53c9a8e962f5ab85e6319a3f55441d758f193c07180f813164a57,896699,5389076.0,677.0,0.000126,1,2,223
2025-05-14 17:09:36,8e97b39371ccdf831ccde84a3575bc9f50ef28b6fde8d358592d25218546ef46,896699,61700033.0,678.0,1.1e-05,1,2,222
2025-05-14 17:09:36,e1311f9f3765fbe227876580c60fed3e699713fd2f0cc14d93ce83925d500f8d,896699,2163722.0,1334.0,0.000617,3,2,520
2025-05-14 17:09:36,777e13610d88c3813155e3b2f33d6484266ad974a562036063f2897b30eccba4,896699,854668.0,2332.0,0.002729,3,1,484
2025-05-14 17:09:36,00b38a9318f691b83a1e5fdc01c8ce8f1cb1ba27f36225fedfbe6fe47a83be31,896699,2322142926.0,3302.0,1e-06,9,2,1412
2025-05-14 17:09:36,a6276885038e94bc262d402bd7e39241b1413220212780c49fe12a5f4643de12,896699,2735626.0,741.0,0.000271,1,2,234
2025-05-14 17:09:36,1b448d132e0e9890699d319a9e1c1b29aa5e1daf53a4ea0c22af1419d521f242,896699,289192.0,550.0,0.001902,1,1,195
2025-05-14 17:09:36,1965eeac8d7834ec2ae1f45db78d26ac6e80af4d2b15d6421e4c49a6d52024dc,896699,19996934.0,1066.0,5.3e-05,1,2,219
2025-05-14 17:09:36,ea8bb8afa2496a7196a8ab95411c1030aeed013a912f3fe54fa168b4bc856f43,896699,9455.0,545.0,0.057641,1,1,193
2025-05-14 17:09:36,f3e90a4a5ca354d7e038b3c3f1a374c34699d2754ec86d82e91d596004fd1510,896699,14454.0,546.0,0.037775,1,1,192
2025-05-14 17:09:36,f56525352b5c01ec2fc6d05f518c3d524c2ca745dca4581027a675e72adfa5d5,896699,864369.0,818.0,0.000946,1,2,248
2025-05-14 17:09:36,2077d2c727f97a30c2d3aaa9ebcb29863dadb4e601cfc8d0c424fcd66e166472,896699,418274.0,695.0,0.001662,1,1,306
2025-05-14 17:09:36,0b4dc7f6c89f4c418b8ffd389987677628384c1320d3e1929a3fcc15612119d1,896699,710052.0,698.0,0.000983,1,2,223
2025-05-14 17:09:36,a8ffc7363135ba6d551bea7b14efbe1dc17d57018707bb0847c86d004609dc7d,896699,24310145.0,698.0,2.9e-05,1,2,223
2025-05-14 17:09:36,a4a17d97e8f261fe61f1e2264dd7801e44251410014e937664599a864f8b3047,896699,63488.0,698.0,0.010994,1,2,222
2025-05-14 17:09:36,7e4d25233ccb07e78f055d698a90cfe923978bdee7d9df10d93b3487eacec501,896699,1912464.0,698.0,0.000365,1,2,223
2025-05-14 17:09:36,8b48a2fdc3c69a5b8f71b75ec7d69542b06f42ddebd3f11942e92903d35974cd,896699,214634.0,1669.0,0.007776,2,1,337
2025-05-14 17:09:36,698fe239bb5d48b95aa94a51a0b61b3657c76df2be119c437ccc72c75ec4bc39,896699,343721.0,545.0,0.001586,1,1,192
2025-05-14 17:09:36,3c666d951e27c25a8842e2a7c12c8d75698bd5d2905d050a4bf6e471c9eb10d8,896699,541130.0,546.0,0.001009,1,1,191
2025-05-14 17:09:36,96e31656b1d4ad78345abc76c1d0fc82172c31be18b6dbeb798a9d03485b318f,896699,704761.0,1570.0,0.002228,4,1,640
2025-05-14 17:09:36,857c1227b4e9cda2825515363594068f5f88412808c445ef624e44a39636beba,896699,725055.0,701.0,0.000967,1,2,223
2025-05-14 17:09:36,3348eaa70c66a11220f261e3cf27678d053587f64877bd4da4d234de94a2809e,896699,4760613.0,707.0,0.000149,1,2,224
2025-05-14 17:09:36,087065c71aaa15e277a867cc85c265ab8b8caa4ba056289acb65cb24daf5bb37,896699,22082935.0,708.0,3.2e-05,1,2,223
2025-05-14 17:09:36,3cd8aeb20e61b2ecb9527624334036da4913d7d89bf5038cada8d8231d22eff0,896699,21999999176.0,824.0,0.0,1,2,247
2025-05-14 17:09:36,8c8348ff5938266e9be168091fbebc4aa907a19546e67e8f7825d8e0cb5f57fe,896699,955391.0,705.0,0.000738,1,2,222
2025-05-14 17:09:36,23475bfcf0375199aa2b62d352849d3bfc80197e69a14520196c345b1f3384fb,896699,3415141.0,705.0,0.000206,1,2,223
2025-05-14 17:09:36,bd29f9acdff48be1d94353d766143e292498b3808a0c6f34ae355f7670fae7fa,896699,453645.0,710.0,0.001565,1,2,223
2025-05-14 17:09:36,bba94ca868ce666e0d21bf5ddc560b45ec2916bb6f062e67af357eaa7ec647fa,896699,1017387.0,1015.0,0.000998,1,4,284
2025-05-14 17:09:36,86c9421a269902ce97e0e03f86d00294c5da6635e294dd5b5add5e1996e53afa,896699,49295.0,705.0,0.014302,1,2,223
2025-05-14 17:09:36,29f888a059fd4970c5b2ca428d64c9be3cbcc87847acf15103abca23591adaef,896699,119398.0,765.0,0.006407,1,2,234
2025-05-14 17:09:36,e61e1de0761cc54b5b455a79e56c2a5b9a1214b5680f263e9d42bbd0f297a5ed,896699,11814.0,1125.0,0.095226,1,3,306
2025-05-14 17:09:36,6174472d0f6ec2fcdd14a02fe75331e25e37c52a838483e115f4c615802782eb,896699,813418.0,1060.0,0.001303,2,2,374
2025-05-14 17:09:36,d0173b1f48d682433ea949b20e6e0657df269f23aaf7e88454ad1a518e7f73eb,896699,803520.0,890.0,0.001108,2,1,340
2025-05-14 17:09:36,1fbd1e2d87fc8bf7f899cb5c92cfc224bfbaa7da71ca51e8a9b522203b9668e5,896699,98589.0,705.0,0.007151,1,2,223
2025-05-14 17:09:36,a549998169160c227cad5326b0b1dd1c1e1e8fb8fc8f8c601ed51a6f100720e4,896699,3751535.0,765.0,0.000204,1,2,234
2025-05-14 17:09:36,5405b258fa7cd711e76898735d40a05e812235d23530a0876656fc7e315dbee0,896699,171142.0,705.0,0.004119,1,2,222
2025-05-14 17:09:36,ccf7cc8059705bc69dcb573c7508b686a34468d6e75cb1fecd30d093606a0ce0,896699,53384.0,1510.0,0.028286,2,4,433
2025-05-14 17:09:36,a3367eb94a6c74d5aeedae45edf1f44820bd1ce6216e8e1d4c4665c1ad9468d9,896699,8238375.0,1045.0,0.000127,2,2,371
2025-05-14 17:09:36,d592bba8b28334a0bb43dea002886c20519822832712110dd740a0b6ebbe0fd8,896699,104987.0,565.0,0.005382,1,1,195
2025-05-14 17:09:36,e4b554f5e831bc003c643fbeec524bf1e1c2b986f6047082f4d4144ba2d27ed4,896699,181679.0,555.0,0.003055,1,1,192
2025-05-14 17:09:36,d8846b088b83c8212a32eafe1e86e1a2a68ad3fc073e86738cf4372b50c840d4,896699,82061.0,565.0,0.006885,1,1,194
2025-05-14 17:09:36,8f6bb2ac2cd0612f20e9fc319bf6e41dd2add5a4676f1a01d4dfb29d1acd33d4,896699,1880690.0,705.0,0.000375,1,2,222
2025-05-14 17:09:36,faa48f66189f1802169355a4b079f48551569ef681f2262117083bc4030040d3,896699,52896.0,705.0,0.013328,1,2,222
2025-05-14 17:09:36,876cb1cf89e83d3fe53aaf75c8b231f0b5d2e86b3d5eb2fd6e31077d7c4245d0,896699,29403.0,705.0,0.023977,1,2,222
2025-05-14 17:09:36,24d4b1ce2b199c188b526b05d53ef1cf4d6dc04100d3d830cfa5c5068633b9cd,896699,236756.0,1245.0,0.005259,3,1,492
2025-05-14 17:09:36,f6d0dbadbfa5f3642e144db907ed102baead82b6e7dc79e1bee06c004c1235ca,896699,144021.0,705.0,0.004895,1,2,223
2025-05-14 17:09:36,a3f7861a9e438cd3710cac7ec9cec2ac040433e5730c9325e3dcc68db1789fc8,896699,19212846.0,550.0,2.9e-05,1,1,191
2025-05-14 17:09:36,39ffb5641a8b8af8739dfec0d91bc3e68b94afb737f64d5ca6d62ae487af67c5,896699,289252.0,565.0,0.001953,1,1,195
2025-05-14 17:09:36,7ef58d12a178a5677e421467c7a2c19af05272b5a46ac15244b77060724070c0,896699,3697685.0,1245.0,0.000337,3,1,492
2025-05-14 17:09:36,4abe9705209c0eeaed1714f1452dcf1dd0553c34dbf27277b35a00dfb762eebf,896699,1755602.0,765.0,0.000436,1,2,235
2025-05-14 17:09:36,37494e306d7c0c466aa073d01a29e83f4711d43e40f273a9e25e7860e22aeebe,896699,45745.0,550.0,0.012023,1,1,191
2025-05-14 17:09:36,d2e8842c7ac5759aa1b1a5f05df33d1f2b8922847edcfa32b14a186907ef8bbe,896699,120247.0,705.0,0.005863,1,2,223
2025-05-14 17:09:36,794df0d0b199d5655b3c6dd7bcf2726c522273d2ae5440681f025bdab4d817be,896699,54692.0,565.0,0.010331,1,1,195
2025-05-14 17:09:36,e7d06fb639480ccf73d1659231a89a91a3a9f5ba69effafd956122c36b8c72bc,896699,927404.0,550.0,0.000593,1,1,192
2025-05-14 17:09:36,884de460d72b15f6a207cdd65e70d026381e9770efb4325cdd568639b38af9ba,896699,59390.0,610.0,0.010271,1,1,204
2025-05-14 17:09:36,1a80827fd3ffc918f34a38d4c43069aac79da0f8f01c0a46785e8ae18ee8c2b6,896699,36973796.0,710.0,1.9e-05,1,2,223
2025-05-14 17:09:36,f7344ec33ce46e000b4ca7aa9cb2401612345732e54353120278e10ba8616ab6,896699,581685.0,715.0,0.001229,1,1,325
2025-05-14 17:09:36,f48803143571620b4ad5b86b69c6ae5cfc76f3cd737e0d827fada943683996b2,896699,8745.0,550.0,0.062893,1,1,192
2025-05-14 17:09:36,51eb184d2d0eabd79cb46c8c67bae9cba51da148750b7f1e996d6a6573a09cae,896699,216250.0,720.0,0.003329,1,2,225
2025-05-14 17:09:36,22fdb7fa9ff41dc34620f9d090c4c1e43665813a9002dc73a5c3a4f8d36970ad,896699,61729.0,665.0,0.010773,1,1,214
2025-05-14 17:09:36,4d497f083cfcbf104355c1d5470e2471c70bb576a807312fdb613be97f7b5ead,896699,1930771.0,860.0,0.000445,1,3,253
2025-05-14 17:09:36,628c1d2ff515a96c5619802d54de03d09fffdecc6a76b0e5c05f3f1c0869d6aa,896699,582085.0,715.0,0.001228,1,1,324
2025-05-14 17:09:36,65d1f4bd4e247ac30662d66dd795965eb6ec80ce539d4a0fd0ec3649f1222fa9,896699,62915.0,710.0,0.011285,1,2,224
2025-05-14 17:09:36,3e639c2098e70cc5b8f56dc8a3d93acdb2da94945760ccd6d808937b0e60f0a8,896699,66003.0,1515.0,0.022954,2,4,435
2025-05-14 17:09:36,52fbaa1b1aefbe5013bc25ed3918df20c75963bf08aaa6abb6f332e5c1fdeba6,896699,143435.0,565.0,0.003939,1,1,195
2025-05-14 17:09:36,8f29a5151d2ee24b296f22c51a6b21bdb754147502502466651037d84b58e4a4,896699,889650.0,550.0,0.000618,1,1,192
2025-05-14 17:09:36,a61ac3b5c625ad8319d175dd2aeb27d64b8d173d57640c5546dcf50c6a594ca0,896699,225352.0,705.0,0.003128,1,2,222
2025-05-14 17:09:36,8ec35d5dcbed6cfb3c756ca67d592e4c182b1b33ad07971cc0a6187e6a42c49e,896699,3098087.0,705.0,0.000228,1,2,223
2025-05-14 17:09:36,9f632f097e3b9e74feb443b473d2577c23457e96adfe6abe297d54244c09ff9d,896699,28820284.0,735.0,2.6e-05,1,2,228
2025-05-14 17:09:36,f5483abe468b0f5e3e791676fbb81774280496792b3552ef756defda68e1ca95,896699,154462.0,1060.0,0.006863,2,2,374
2025-05-14 17:09:36,8e8a2579ba39800ea6eb7861d04938f15d7e80ef5fd213fc5a768dc4b9f78d95,896699,655187.0,720.0,0.001099,1,2,225
2025-05-14 17:09:36,3a32c5b016a7626b5545d025ca1240da144eddf1de1f5c86009748190c8eaf94,896699,1020521.0,550.0,0.000539,1,1,191
2025-05-14 17:09:36,06bf0abad97d56be9fb72ccb41dac5d16e22096658484e622a1d79277054c492,896699,193389.0,705.0,0.003646,1,2,222
2025-05-14 17:09:36,7a0bd6e9ce12a5a9b0bd05b8780c3b55f415cbc3932bfc650034c5d6efd3c68b,896699,810389.0,2415.0,0.00298,6,2,968
2025-05-14 17:09:36,4ca2a3da688155047eb8e272fafa470d0c9919f7ad8980995d9f4bfc87e83d8b,896699,416699.0,960.0,0.002304,1,1,192
2025-05-14 17:09:36,e785359247c7e3b680b3e30a28f0dc142d82acbce245a9aeec4bc8babc97b087,896699,101243.0,705.0,0.006963,1,2,223
2025-05-14 17:09:36,3793236ad8dbac180963eac51f7296c1fefd7ec036ec9ec1c8aa6d6190dd6086,896699,50435.0,565.0,0.011203,1,1,195
2025-05-14 17:09:36,fb6aa4d69b28c6d8c1516fc427dbe1a93a0056dab0ca451eca73f7755c464884,896699,94865.0,720.0,0.00759,1,2,225
2025-05-14 17:09:36,231c48831b1b0a6143a9cb625fc2ba47bb3a32ca32f6f11cb358a1d3e449c382,896699,15055.0,550.0,0.036533,1,1,191
2025-05-14 17:09:36,abf6c918a4221f54a80a31ce5b80e043851aeed550d8ddfb9f1ed9d172717581,896699,195490.0,550.0,0.002813,1,1,191
2025-05-14 17:09:36,6d0784438721feb32fc839899d032c14876e232b0607bc28d28b39f574c6a57f,896699,78416.0,720.0,0.009182,1,2,226
2025-05-14 17:09:36,2e9b63de57fc75fe9d59f6639d239d082d640a9cfe9deb19ee506eebbddbd47e,896699,38144.0,565.0,0.014812,1,1,194
2025-05-14 17:09:36,87c34963adae6530216b96b71de27ff3a7aef28d07e261548e207be90e0e6a7b,896699,6908950.0,1130.0,0.000164,1,2,226
2025-05-14 17:09:36,fb28758d511de05700934050fe684a05bb50f494ebbfc532acadc7be15d0fd7a,896699,3696.0,915.0,0.247565,1,2,356
2025-05-14 17:09:36,3d9463e1a8d4026ec142414e511645d6897f045db1d5e50bcfd326ef2f963dc2,896699,2753497.0,770.0,0.00028,1,2,205
2025-05-14 17:09:36,7b27cf75d5958e3cd863139f74d4029d3442748e1a9fb5b26657a76c8d7f7c7a,896699,70098.0,1050.0,0.014979,2,2,372
2025-05-14 17:09:36,79d567279eae28351849b39f060cf07c725b3d3e567d198ff5c383ddb68e9c73,896699,494461.0,555.0,0.001122,1,1,193
2025-05-14 17:09:36,c18e9ed62fffe7443cf118c1f1a07404fcb8bd76ac837379b9a17f0ad74f2273,896699,2720917.0,705.0,0.000259,1,2,222
2025-05-14 17:09:36,faa9ac52169a7463e8931fbcc0a0f81729674dfe0544dfc1e3bab705fa4e5a6d,896699,475127.0,550.0,0.001158,1,1,191
2025-05-14 17:09:36,da1698d5979861a033e62c0944026e41b1a469ab7e5d84be5d131dc65d0f6866,896699,128873313.0,955.0,7e-06,1,1,191
2025-05-14 17:09:36,905afb31f2e244bbabe7392ae5990fb0f9dfbc92389c6a4ab2b7c6cb1cf32b63,896699,1882232.0,720.0,0.000383,1,2,226
2025-05-14 17:09:36,96b511f361da48174a0dc5919afe9e230e8d14d14e240c508f3d19d628b78dec,896699,181667.0,264.0,0.001453,1,3,302
2025-05-14 17:09:36,1a9113566c7e223772ee6bf2364b12bfb7d463347658393f8a9977857b80adb5,896699,546.0,462.0,0.846154,1,1,332
2025-05-14 17:09:36,6fd7e5467b307c0d41510a768fc6c2c3ce2f72d6e0bca983dc317ba6c18aa8b4,896699,2343911.0,459.0,0.000196,1,2,234
2025-05-14 17:09:36,951d8d8c36e1553f7fa40fc62bb25d226df78df9174b5fa050a0b1b04312a0b4,896699,4154703.0,297.0,7.1e-05,1,1,150
2025-05-14 17:09:36,a4c04442a1362c46e1f52dad9a58aef6d7584d42396677086d77f1c82ae4e7b3,896699,716922.0,423.0,0.00059,1,2,223
2025-05-14 17:09:36,8b301b270113fd84f92bc5210082f468923d8853930f065ace9b03358c460eb3,896699,8254579.0,423.0,5.1e-05,1,2,222
2025-05-14 17:09:36,9a9a13a7261fb66a3da7cc9fa8da6f4163cc1879533ab1dba26b7f91495f98b2,896699,82092.0,423.0,0.005153,1,2,222
2025-05-14 17:09:36,c7cad4c6be8214c844122bc6caa37f7ce2d23bfea8c61c61d53121e553c68bb2,896699,239336.0,492.0,0.002056,1,2,245
2025-05-14 17:09:36,9dc5bd049969fb26f01cb4987ac5dd8af0386bdab0c952ae80909512feff85b2,896699,110782.0,423.0,0.003818,1,2,222
2025-05-14 17:09:36,107ca22870f6f7af861d27aaa5e779c88c4fecc26675039696afd8a41463a7b1,896699,977788.0,426.0,0.000436,1,2,223
2025-05-14 17:09:36,ca5233ad2bea53765aa0b90507bd5612865346662f20361c3968531c71279bb0,896699,15236885.0,423.0,2.8e-05,1,2,222
2025-05-14 17:09:36,9e350445b37604129639dd97fcf51c1218ab7ea2c46e1daba8fb84ea33a77aaf,896699,4557302.0,927.0,0.000203,2,4,441
2025-05-14 17:09:36,f5ceb355792f4e4f3408f2a9bcfd04f252fcef09b76ab32c8aa5360b0879b0ad,896699,244200322.0,426.0,2e-06,1,2,223
2025-05-14 17:09:36,077ff96e08db49ebd111d585b9ed1f3da4240c6b80fc593cfd1270dd4b57bbac,896699,59996384.0,678.0,1.1e-05,1,2,226
2025-05-14 17:09:36,2a9db59268c751bd9200d3fe5f24573bd541e47a49f2eef0460cb9092d4cbbab,896699,167277.0,423.0,0.002529,1,2,222
2025-05-14 17:09:36,f8ad0f4cec4d82c7b424067b0f43d5d55a8d7f35397b1ad3e6cbf7839d8a6aa7,896699,159702.0,798.0,0.004997,2,3,398
2025-05-14 17:09:36,5c10a4fe1605a531986b1a1ed92fdda2a5784805d37303d500d838b1d144d4a6,896699,1699475.0,630.0,0.000371,2,2,372
2025-05-14 17:09:36,4969aa30589fe4c9660fe2bc4088f20c0da55e496ddc22e52ad38af8d5d0e4a5,896699,183205.0,534.0,0.002915,2,1,340
2025-05-14 17:09:36,67715bc042c5871284c975f084a97f867c68029ead286acc20322a32394dd9a5,896699,3127448.0,636.0,0.000203,2,2,374
2025-05-14 17:09:36,7cd888f89eb1351e09107d68664b67e252f0f2872dd62fdd8b558f1eb8645da5,896699,65732.0,432.0,0.006572,1,2,225
2025-05-14 17:09:36,fd7c180881a2fa80690672046afa731f9d7d681e73d0069a63b62b5290513da5,896699,84844.0,459.0,0.00541,1,2,234
2025-05-14 17:09:36,37b2a7f945e74ec19c57ae82167e21d294984a415eb8f402be6f6f3b7b01d1a4,896699,10690718.0,2580.0,0.000241,9,1,1588
2025-05-14 17:09:36,2a3fc009b1da514d52e2559ec31bafc341f101c687ee5c755291274ec89573a4,896699,997575.0,423.0,0.000424,1,2,223
2025-05-14 17:09:36,38e7126d1abb1f8183390e883fe49fbe0942581fc291adddd0fe2637633210a4,896699,375183.0,339.0,0.000904,1,1,194
2025-05-14 17:09:36,213236558db3d9d525edf2d4246604f0865605e54333a4220e81a67aa2a2fea2,896699,743916.0,426.0,0.000573,1,2,224
2025-05-14 17:09:36,bc324e814c71c857190114dfed6ea10c58bb2aa0763ea99efb275fba004861a2,896699,510470.0,330.0,0.000646,1,1,192
2025-05-14 17:09:36,2a71a6045576b6d051ca6e769bb9a3b1ca56e799d27635c312da5886276221a2,896699,64474.0,627.0,0.009725,2,2,371
2025-05-14 17:09:36,5a3438aca7907972f871cee678943ed213181fac67f13d0dbd7b48c47939a2a1,896699,192868.0,738.0,0.003826,3,1,489
2025-05-14 17:09:36,3060e1180a2a1fdbfdcd753aeb8cb99357fc6f7054697093aefd90923001eba0,896699,786438.0,2052.0,0.002609,9,2,1413
2025-05-14 17:09:36,b4841e5a9904610f7ee698a3afeebae131fa16282f054ba508693e9a3791a99f,896699,5893200274.0,495.0,0.0,1,2,246
2025-05-14 17:09:36,7cde19db46b688c82b8c8ef94a7ccb80e9a09c2e3bd944770e4472c0edc88e9f,896699,546.0,456.0,0.835165,1,1,323
2025-05-14 17:09:36,ddfd9b32943d977cc824d26fdd14a2d1c336872673bd7d067fcc0bd35f4c1f9f,896699,53837.0,423.0,0.007857,1,2,222
2025-05-14 17:09:36,a38d06607676f214c3ed0df54d45296c1ba69f10cacaf6ff2df29b686098c39e,896699,546.0,462.0,0.846154,1,1,331
2025-05-14 17:09:36,24e8899778fa72e9507238a553678e0569622c1cf797c4c854149e8431bd6f9e,896699,994920.0,423.0,0.000425,1,2,223
2025-05-14 17:09:36,c5875e3d8ecba511995675e1f41083fe62aa9089cdd23a0ffc5c7c6d9932459e,896699,48731.0,330.0,0.006772,1,1,191
2025-05-14 17:09:36,1e2622e2d85372c5ee619a17696f0109b8700a8280a17d1bab0fa2f33e9e149e,896699,6138.0,462.0,0.075269,1,2,205
2025-05-14 17:09:36,8ea43c99e8673742950307ff5767083e1fd6e191acd845f9e606b0c4d6e3c99d,896699,512059186.0,426.0,1e-06,1,2,223
2025-05-14 17:09:36,ef101d20cadd48d5bf52e61b30f49d3417d586e7dfc617c0995be51fcc2a4a9d,896699,217696.0,624.0,0.002866,2,2,370
2025-05-14 17:09:36,ee6bc51ad7f0e5039c8ba179fe255988525c44a7913e66d07c0fb6b2ae8df19b,896699,4250.0,1358.0,0.319529,2,2,300
2025-05-14 17:09:36,5b46bc8871bacb7a67b989a29d2e99b950e393e6d5695aff2c92667389d127b7,896699,150250.0,241.0,0.001604,2,2,302
2025-05-14 17:09:36,755c886fa09f1b6ace932332e3010ea4e6a6f111dc9d91e301c303987f1f61ea,896699,664809.0,264.0,0.000397,1,3,301
2025-05-14 17:09:36,5c38d0eb8627647dd12b44e86c2938b99dc56b2c3f7bf748c9cf177fe2a9cc9b,896699,28329466.0,534.0,1.9e-05,2,1,340
2025-05-14 17:09:36,a952fa7b0e2c9eb8f2cde360c477af62015535e9a3ecda6c4577ee25c675cd99,896699,24999185.0,423.0,1.7e-05,1,2,223
2025-05-14 17:09:36,93fc27fd25c9c41a6177ed21c9b76a172d483a5cbf33b48d7dd5416a250c9c98,896699,912692.0,426.0,0.000467,1,2,193
2025-05-14 17:09:36,f3361cb23005e12f06db15e51447a8f688b39bfad3334fa5b3e42b33ff15e997,896699,9116032.0,495.0,5.4e-05,1,2,247
2025-05-14 17:09:36,dc7616fb674837ec40099edc72e57d1557de5064d744a72ef7348ea668c83497,896699,10021716.0,366.0,3.7e-05,1,1,203
2025-05-14 17:09:36,6409ca3b11c0a6cbe8d1b27f0db8516608489785bd637620b2e3e73c8cd36c96,896699,546.0,462.0,0.846154,1,1,333
2025-05-14 17:09:36,6f709845cf2992f02d00e444748309221fb2f95ddbbd88f4d14eb8d1198bebc2,896699,3738.0,462.0,0.123596,1,2,205
2025-05-14 17:09:36,83df8fb1490eac7a42d4340c9169d971c42f2ab20a46d2153893349034c1bb95,896699,396366.0,462.0,0.001166,1,2,205
2025-05-14 17:09:36,89978a8a7110adf4c3246a43d79b9d46b8e0e1ec7d432366ce7f37a74ef92a95,896699,30005.0,531.0,0.017697,2,1,339
2025-05-14 17:09:36,e3452fbef1e845084135c8c9a2795dd7e6e2f37a9546fca65f330f7ee4557b93,896699,40771.0,678.0,0.016629,3,1,376
2025-05-14 17:09:36,1178c3311caed2ca30091a9247d01c32246feb0e9f50ba3da7ad976f92e42f93,896699,368857981.0,423.0,1e-06,1,2,222
2025-05-14 17:09:36,dbc8677cd82da1cd47d2b1686cac7e9bda64e4d1946889ca05c67cd50523f791,896699,2878465961.0,423.0,0.0,1,2,222
2025-05-14 17:09:36,263abf72132ea827203843c9e4b52941c2f93071209cbd15db0506215f33f691,896699,546.0,456.0,0.835165,1,1,325
2025-05-14 17:09:36,d8806077bba371f7b65381edc3da3ee094404d78084c650e38d11e7902640791,896699,132220.0,462.0,0.003494,1,2,205
2025-05-14 17:09:36,d51f878f31fac7a9e8aa021b0ca0d307f25e557d9e0ab9276e5f5a85f362d78e,896699,10689595.0,423.0,4e-05,1,2,222
2025-05-14 17:09:36,8d9ef1a372bf12c37dbcd8ce27e643d1567d223957b5231bba15a36d9646be8e,896699,546.0,462.0,0.846154,1,1,333
2025-05-14 17:09:36,e12e31ebe13a46b99d50758b4efe43dd953d9c05cc35fc0f2a176477207eb299,896699,5538.0,462.0,0.083424,1,2,205
2025-05-14 17:09:36,4320d3ba6c68e52e3c4e5ea61eeee69b30f1df0845929cec7d59b8a477a4fa8d,896699,3984755.0,459.0,0.000115,1,2,235
2025-05-14 17:09:36,5fac90954355a6240d1e5caf8550708a8f8b8789b718140f6ecb85c3b817bb8d,896699,21862.0,426.0,0.019486,1,2,224
2025-05-14 17:09:36,885874232af538f53fd167828c4cefd753bcf146c48b08e972eb5db0e286b98d,896699,16259.0,306.0,0.01882,1,1,153
2025-05-14 17:09:36,03c49dde93f5602e31c2e4c34634aa9f3ee8a011f41fb41fe66232b06f108f8d,896699,269953.0,423.0,0.001567,1,2,222
2025-05-14 17:09:36,7fbcf7107ac7ecf1e84f67d38f4ac4a9b8f6e934b50503fd5a6b191ea0bc688d,896699,1191.0,507.0,0.425693,2,1,269
2025-05-14 17:09:36,f9f809f97d5cd74f8b44983bb4f5c69aeaf074d32ceef64b915079286d912e8d,896699,49534.0,366.0,0.007389,1,1,203
2025-05-14 17:09:36,f38fbc1f2c494b8e9910a3390bc8e23a5199c4e853e05f580be922f2660a558b,896699,27299.0,333.0,0.012198,1,1,162
2025-05-14 17:09:36,81f6e6af6aaa71cac1881c2330887c0993242ae0fb6d5a7d8845bbf2d09edd8a,896699,99988.0,498.0,0.004981,1,2,247
2025-05-14 17:09:36,ad14588d257a842e0671001a3a6ccc06f9bc4fdfbbab9801d51b80177244d18a,896699,11953109920.0,423.0,0.0,1,2,222
2025-05-14 17:09:36,5e450f8fc3ad0f9c6b82648a0896052ca46dd369a149b9666af3ccd4a42f9d8a,896699,7241457.0,423.0,5.8e-05,1,2,222
2025-05-14 17:09:36,6de3033317afbe9ab55d8bf7eb7c4bb3fd4628cb63f5dd97f48cd1731dc2f289,896699,546.0,456.0,0.835165,1,1,323
2025-05-14 17:09:36,f858712843522b385ebc70de577eee5a1ae8105f379eb51f599c1118a66137af,896699,13020.0,462.0,0.035484,1,2,205
2025-05-14 17:09:36,d86f0f5c99ccdede5ca3928a64a59587713062cf70436711eb3ab90aaff0ed89,896699,467756.0,339.0,0.000725,1,1,195
2025-05-14 17:09:36,60dd55528dd31ce4dc297e56442f80443a045bc384c5ceb058cbbeb58dfad089,896699,100014499.0,432.0,4e-06,1,2,225
2025-05-14 17:09:36,701dbe2c53cc7bb9ce9fe6945d2d448baf7a3800a735c1b7c9640f8ea7a7a789,896699,11271953.0,498.0,4.4e-05,1,2,247
2025-05-14 17:09:36,f95752bdce9b7d4d4f01e73bd1efe35d0937b8db99c0225b5f3480d6ea3d4589,896699,184710.0,624.0,0.003378,2,2,370
2025-05-14 17:09:36,769de609a37d5799f3127bd709b2091966a9ba3be91a6d56a2706758cc069788,896699,44817.0,423.0,0.009438,1,2,222
2025-05-14 17:09:36,fb2608ce700bb73d630a858bde1a9b9459e9a229c445c6aee2a4338d0ac59487,896699,213376.0,1860.0,0.008717,2,12,720
2025-05-14 17:09:36,949afb943225f64c9d8b4adbd3971e313b066556b7592312ca9ed6d927184c87,896699,546.0,456.0,0.835165,1,1,323
2025-05-14 17:09:36,9b2c7019bcf251acc209fb87cc12eab98fde8b98abe775559664aaf5ed735186,896699,67853.0,330.0,0.004863,1,1,192
2025-05-14 17:09:36,15d21711cc8c88c298e6bfb094d1cb01f959ba14cf0a005f1ed0fa46dec15f85,896699,11851.0,462.0,0.038984,1,2,205
2025-05-14 17:09:36,72ebdfcbb78979091b42572ac1728977f6d1bd4efe40ca679abac6e153e4fe84,896699,450379.0,423.0,0.000939,1,2,222
2025-05-14 17:09:36,c1098ec1b3228c2c3845b13bd2d99e73d5eca581a761f91ac98ef27c56d24f84,896699,135716.0,423.0,0.003117,1,2,222
2025-05-14 17:09:36,1cea02588a8049f0a3b06eb181d80e037ab8da22ce37deb0261a56aa7ca50b84,896699,22971.0,435.0,0.018937,1,2,196
2025-05-14 17:09:36,e524b3ac035aec1df381a6526a1bdb361338f4628a5c8b6d0bf6c3be4905b683,896699,546.0,462.0,0.846154,1,1,331
2025-05-14 17:09:36,8a9d6938659b75944455991c7bb0da3db5e92f590bc077e3ba16a3641c1db183,896699,546.0,456.0,0.835165,1,1,324
2025-05-14 17:09:36,7f16ced8165ad3608efffa5ea643bb804eee96bcdc864a0514858f1f71f27080,896699,191816.0,531.0,0.002768,1,2,258
2025-05-14 17:09:36,18683ef285f6e99c7ed7183a688b9e0989f25fab2aec0a85f78b59039b410e80,896699,62053.0,330.0,0.005318,1,1,191
2025-05-14 17:09:36,94f0ae4df725023b168a25897c33a581dccd4a22e4531c18d62ec93ebe6a5a7f,896699,546.0,456.0,0.835165,1,1,324
2025-05-14 17:09:36,a34926ef1997eed14d29b8ae3e882e0ec9592b0ce929d32549c07f0d35ed4b7f,896699,2809911574.0,426.0,0.0,1,2,224
2025-05-14 17:09:36,84d90c04ab25f6ab5d71ddf33ae9c3d370b4bd6e1c9f749431273e7d37403a7e,896699,322299787.0,330.0,1e-06,1,1,191
2025-05-14 17:09:36,59dc3f9255ea527cf25871303e5e3208ed0b9a068939bf6ea3c845726486487c,896699,50120.0,330.0,0.006584,1,1,191
2025-05-14 17:09:36,082f65461e8fb2acb984199413aa64512c7ac1ab93013570273306c3083abb7b,896699,509470.0,330.0,0.000648,1,1,192
2025-05-14 17:09:36,b95e59da0915d3f27fd22d149b3067c9df29c500f38b4e3ec8960b6adea7b279,896699,74990022.0,636.0,8e-06,2,2,312
2025-05-14 17:09:36,4a6e95b685e990ae16514fc1f3c2fda159551d21e39c018368ea690a9c526879,896699,389935.0,423.0,0.001085,1,2,223
2025-05-14 17:09:36,594dc95c7ee005a46a24cb84b7534448b0a9c9f0da750bacce69cbd84968c278,896699,152243.0,330.0,0.002168,1,1,192
2025-05-14 17:09:36,9a620d57ad44c56dff5a4439042118c22106dae7c4f7fa269534d68308ab2b78,896699,5546881.0,432.0,7.8e-05,1,2,225
2025-05-14 17:09:36,7f4e5bb95da43441f047ce562f34be0c916ede2f473736d15b03a6f85d147875,896699,163225.0,333.0,0.00204,1,1,192
2025-05-14 17:09:36,d2c09362daabccacc4200c6ed6fb1b04996ca72cf72878a42e0a08f8290a9074,896699,510970.0,330.0,0.000646,1,1,192
2025-05-14 17:09:36,701ad3a9cc50c3519a7cc3b507a3a9249583947e794f832e96aba75944696273,896699,63336.0,426.0,0.006726,1,2,193
2025-05-14 17:09:36,dfb9ee55f2caad74f6eb5804801fd993b210c5d0436dfe8d4ef5a6f1ce6c4372,896699,206592.0,330.0,0.001597,1,1,191
2025-05-14 17:09:36,57e6623e0e165cbe991ff6a9b16efff03e5938e581c035a5a4d937b93b8e0c72,896699,4904697.0,423.0,8.6e-05,1,2,222
2025-05-14 17:09:36,7943724da299290215e34462ddfda1445ee48b7138737f074fba3e7bc32891aa,896699,24477094.0,1003.0,4.1e-05,2,2,371
2025-05-14 17:09:36,9be5937424e482ff2b428f85306b141ca879e8d125a51056db0b14f31ef52343,896699,99439.0,734.0,0.007381,1,2,234
2025-05-14 17:09:36,849b9720925f5fbabadea953752c53f16efa4b26bd81894e41434f37bc03aee4,896699,127422.0,528.0,0.004144,1,1,191
2025-05-14 17:09:36,1dd8b04e7949124225e218effda2c9f3f1a6965ffc67b8b5ae3e59aec5af32df,896699,137775.0,528.0,0.003832,1,1,192
2025-05-14 17:09:36,ae61380239cf3a4e61dfaaa48c1f3f233db27f22539498b7d147e87f7589c587,896699,23239.0,528.0,0.02272,1,1,191
2025-05-14 17:09:36,9fde46ed37a9d598e77da8d7a9540224d1d159e20111f1ba97ffe64663a07184,896699,17682.0,528.0,0.029861,1,1,192
2025-05-14 17:09:36,5cb7a17776fa52cf702981ac13efa2c827aeeedaab0493143f8ade6f06327e53,896699,92200.0,528.0,0.005727,1,1,191
2025-05-14 17:09:36,7a2c87172995209c558e5421ac4775d98ea9516b9e40781330bfefc367a5dd33,896699,18798.0,528.0,0.028088,1,1,191
2025-05-14 17:09:36,97f2a0329f056e5cb16903620693ee017633f448fa0217ceeb9aac94951e1ae3,896699,951063560.0,677.0,1e-06,1,2,223
2025-05-14 17:09:36,427ce5ef57a53c9a8e962f5ab85e6319a3f55441d758f193c07180f813164a57,896699,5389076.0,677.0,0.000126,1,2,223
2025-05-14 17:09:36,8e97b39371ccdf831ccde84a3575bc9f50ef28b6fde8d358592d25218546ef46,896699,61700033.0,678.0,1.1e-05,1,2,222
2025-05-14 17:09:36,e1311f9f3765fbe227876580c60fed3e699713fd2f0cc14d93ce83925d500f8d,896699,2163722.0,1334.0,0.000617,3,2,520
2025-05-14 17:09:36,777e13610d88c3813155e3b2f33d6484266ad974a562036063f2897b30eccba4,896699,854668.0,2332.0,0.002729,3,1,484
2025-05-14 17:09:36,00b38a9318f691b83a1e5fdc01c8ce8f1cb1ba27f36225fedfbe6fe47a83be31,896699,2322142926.0,3302.0,1e-06,9,2,1412
2025-05-14 17:09:36,a6276885038e94bc262d402bd7e39241b1413220212780c49fe12a5f4643de12,896699,2735626.0,741.0,0.000271,1,2,234
2025-05-14 17:09:36,1b448d132e0e9890699d319a9e1c1b29aa5e1daf53a4ea0c22af1419d521f242,896699,289192.0,550.0,0.001902,1,1,195
2025-05-14 17:09:36,1965eeac8d7834ec2ae1f45db78d26ac6e80af4d2b15d6421e4c49a6d52024dc,896699,19996934.0,1066.0,5.3e-05,1,2,219
2025-05-14 17:09:36,ea8bb8afa2496a7196a8ab95411c1030aeed013a912f3fe54fa168b4bc856f43,896699,9455.0,545.0,0.057641,1,1,193
2025-05-14 17:09:36,f3e90a4a5ca354d7e038b3c3f1a374c34699d2754ec86d82e91d596004fd1510,896699,14454.0,546.0,0.037775,1,1,192
2025-05-14 17:09:36,f56525352b5c01ec2fc6d05f518c3d524c2ca745dca4581027a675e72adfa5d5,896699,864369.0,818.0,0.000946,1,2,248
2025-05-14 17:09:36,2077d2c727f97a30c2d3aaa9ebcb29863dadb4e601cfc8d0c424fcd66e166472,896699,418274.0,695.0,0.001662,1,1,306
2025-05-14 17:09:36,0b4dc7f6c89f4c418b8ffd389987677628384c1320d3e1929a3fcc15612119d1,896699,710052.0,698.0,0.000983,1,2,223
2025-05-14 17:09:36,a8ffc7363135ba6d551bea7b14efbe1dc17d57018707bb0847c86d004609dc7d,896699,24310145.0,698.0,2.9e-05,1,2,223
2025-05-14 17:09:36,a4a17d97e8f261fe61f1e2264dd7801e44251410014e937664599a864f8b3047,896699,63488.0,698.0,0.010994,1,2,222
2025-05-14 17:09:36,7e4d25233ccb07e78f055d698a90cfe923978bdee7d9df10d93b3487eacec501,896699,1912464.0,698.0,0.000365,1,2,223
2025-05-14 17:09:36,8b48a2fdc3c69a5b8f71b75ec7d69542b06f42ddebd3f11942e92903d35974cd,896699,214634.0,1669.0,0.007776,2,1,337
2025-05-14 17:09:36,698fe239bb5d48b95aa94a51a0b61b3657c76df2be119c437ccc72c75ec4bc39,896699,343721.0,545.0,0.001586,1,1,192
2025-05-14 17:09:36,3c666d951e27c25a8842e2a7c12c8d75698bd5d2905d050a4bf6e471c9eb10d8,896699,541130.0,546.0,0.001009,1,1,191
2025-05-14 17:09:36,96e31656b1d4ad78345abc76c1d0fc82172c31be18b6dbeb798a9d03485b318f,896699,704761.0,1570.0,0.002228,4,1,640
2025-05-14 17:09:36,857c1227b4e9cda2825515363594068f5f88412808c445ef624e44a39636beba,896699,725055.0,701.0,0.000967,1,2,223
2025-05-14 17:09:36,3348eaa70c66a11220f261e3cf27678d053587f64877bd4da4d234de94a2809e,896699,4760613.0,707.0,0.000149,1,2,224
2025-05-14 17:09:36,087065c71aaa15e277a867cc85c265ab8b8caa4ba056289acb65cb24daf5bb37,896699,22082935.0,708.0,3.2e-05,1,2,223
2025-05-14 17:09:36,3cd8aeb20e61b2ecb9527624334036da4913d7d89bf5038cada8d8231d22eff0,896699,21999999176.0,824.0,0.0,1,2,247
2025-05-14 17:09:36,8c8348ff5938266e9be168091fbebc4aa907a19546e67e8f7825d8e0cb5f57fe,896699,955391.0,705.0,0.000738,1,2,222
2025-05-14 17:09:36,23475bfcf0375199aa2b62d352849d3bfc80197e69a14520196c345b1f3384fb,896699,3415141.0,705.0,0.000206,1,2,223
2025-05-14 17:09:36,bd29f9acdff48be1d94353d766143e292498b3808a0c6f34ae355f7670fae7fa,896699,453645.0,710.0,0.001565,1,2,223
2025-05-14 17:09:36,bba94ca868ce666e0d21bf5ddc560b45ec2916bb6f062e67af357eaa7ec647fa,896699,1017387.0,1015.0,0.000998,1,4,284
2025-05-14 17:09:36,86c9421a269902ce97e0e03f86d00294c5da6635e294dd5b5add5e1996e53afa,896699,49295.0,705.0,0.014302,1,2,223
2025-05-14 17:09:36,29f888a059fd4970c5b2ca428d64c9be3cbcc87847acf15103abca23591adaef,896699,119398.0,765.0,0.006407,1,2,234
2025-05-14 17:09:36,e61e1de0761cc54b5b455a79e56c2a5b9a1214b5680f263e9d42bbd0f297a5ed,896699,11814.0,1125.0,0.095226,1,3,306
2025-05-14 17:09:36,6174472d0f6ec2fcdd14a02fe75331e25e37c52a838483e115f4c615802782eb,896699,813418.0,1060.0,0.001303,2,2,374
2025-05-14 17:09:36,d0173b1f48d682433ea949b20e6e0657df269f23aaf7e88454ad1a518e7f73eb,896699,803520.0,890.0,0.001108,2,1,340
2025-05-14 17:09:36,1fbd1e2d87fc8bf7f899cb5c92cfc224bfbaa7da71ca51e8a9b522203b9668e5,896699,98589.0,705.0,0.007151,1,2,223
2025-05-14 17:09:36,a549998169160c227cad5326b0b1dd1c1e1e8fb8fc8f8c601ed51a6f100720e4,896699,3751535.0,765.0,0.000204,1,2,234
2025-05-14 17:09:36,5405b258fa7cd711e76898735d40a05e812235d23530a0876656fc7e315dbee0,896699,171142.0,705.0,0.004119,1,2,222
2025-05-14 17:09:36,ccf7cc8059705bc69dcb573c7508b686a34468d6e75cb1fecd30d093606a0ce0,896699,53384.0,1510.0,0.028286,2,4,433
2025-05-14 17:09:36,a3367eb94a6c74d5aeedae45edf1f44820bd1ce6216e8e1d4c4665c1ad9468d9,896699,8238375.0,1045.0,0.000127,2,2,371
2025-05-14 17:09:36,d592bba8b28334a0bb43dea002886c20519822832712110dd740a0b6ebbe0fd8,896699,104987.0,565.0,0.005382,1,1,195
2025-05-14 17:09:36,e4b554f5e831bc003c643fbeec524bf1e1c2b986f6047082f4d4144ba2d27ed4,896699,181679.0,555.0,0.003055,1,1,192
2025-05-14 17:09:36,d8846b088b83c8212a32eafe1e86e1a2a68ad3fc073e86738cf4372b50c840d4,896699,82061.0,565.0,0.006885,1,1,194
2025-05-14 17:09:36,8f6bb2ac2cd0612f20e9fc319bf6e41dd2add5a4676f1a01d4dfb29d1acd33d4,896699,1880690.0,705.0,0.000375,1,2,222
2025-05-14 17:09:36,faa48f66189f1802169355a4b079f48551569ef681f2262117083bc4030040d3,896699,52896.0,705.0,0.013328,1,2,222
2025-05-14 17:09:36,876cb1cf89e83d3fe53aaf75c8b231f0b5d2e86b3d5eb2fd6e31077d7c4245d0,896699,29403.0,705.0,0.023977,1,2,222
2025-05-14 17:09:36,24d4b1ce2b199c188b526b05d53ef1cf4d6dc04100d3d830cfa5c5068633b9cd,896699,236756.0,1245.0,0.005259,3,1,492
2025-05-14 17:09:36,f6d0dbadbfa5f3642e144db907ed102baead82b6e7dc79e1bee06c004c1235ca,896699,144021.0,705.0,0.004895,1,2,223
2025-05-14 17:09:36,a3f7861a9e438cd3710cac7ec9cec2ac040433e5730c9325e3dcc68db1789fc8,896699,19212846.0,550.0,2.9e-05,1,1,191
2025-05-14 17:09:36,39ffb5641a8b8af8739dfec0d91bc3e68b94afb737f64d5ca6d62ae487af67c5,896699,289252.0,565.0,0.001953,1,1,195
2025-05-14 17:09:36,7ef58d12a178a5677e421467c7a2c19af05272b5a46ac15244b77060724070c0,896699,3697685.0,1245.0,0.000337,3,1,492
2025-05-14 17:09:36,4abe9705209c0eeaed1714f1452dcf1dd0553c34dbf27277b35a00dfb762eebf,896699,1755602.0,765.0,0.000436,1,2,235
2025-05-14 17:09:36,37494e306d7c0c466aa073d01a29e83f4711d43e40f273a9e25e7860e22aeebe,896699,45745.0,550.0,0.012023,1,1,191
2025-05-14 17:09:36,d2e8842c7ac5759aa1b1a5f05df33d1f2b8922847edcfa32b14a186907ef8bbe,896699,120247.0,705.0,0.005863,1,2,223
2025-05-14 17:09:36,794df0d0b199d5655b3c6dd7bcf2726c522273d2ae5440681f025bdab4d817be,896699,54692.0,565.0,0.010331,1,1,195
2025-05-14 17:09:36,e7d06fb639480ccf73d1659231a89a91a3a9f5ba69effafd956122c36b8c72bc,896699,927404.0,550.0,0.000593,1,1,192
2025-05-14 17:09:36,884de460d72b15f6a207cdd65e70d026381e9770efb4325cdd568639b38af9ba,896699,59390.0,610.0,0.010271,1,1,204
2025-05-14 17:09:36,1a80827fd3ffc918f34a38d4c43069aac79da0f8f01c0a46785e8ae18ee8c2b6,896699,36973796.0,710.0,1.9e-05,1,2,223
2025-05-14 17:09:36,f7344ec33ce46e000b4ca7aa9cb2401612345732e54353120278e10ba8616ab6,896699,581685.0,715.0,0.001229,1,1,325
2025-05-14 17:09:36,f48803143571620b4ad5b86b69c6ae5cfc76f3cd737e0d827fada943683996b2,896699,8745.0,550.0,0.062893,1,1,192
2025-05-14 17:09:36,51eb184d2d0eabd79cb46c8c67bae9cba51da148750b7f1e996d6a6573a09cae,896699,216250.0,720.0,0.003329,1,2,225
2025-05-14 17:09:36,22fdb7fa9ff41dc34620f9d090c4c1e43665813a9002dc73a5c3a4f8d36970ad,896699,61729.0,665.0,0.010773,1,1,214
2025-05-14 17:09:36,4d497f083cfcbf104355c1d5470e2471c70bb576a807312fdb613be97f7b5ead,896699,1930771.0,860.0,0.000445,1,3,253
2025-05-14 17:09:36,628c1d2ff515a96c5619802d54de03d09fffdecc6a76b0e5c05f3f1c0869d6aa,896699,582085.0,715.0,0.001228,1,1,324
2025-05-14 17:09:36,65d1f4bd4e247ac30662d66dd795965eb6ec80ce539d4a0fd0ec3649f1222fa9,896699,62915.0,710.0,0.011285,1,2,224
2025-05-14 17:09:36,3e639c2098e70cc5b8f56dc8a3d93acdb2da94945760ccd6d808937b0e60f0a8,896699,66003.0,1515.0,0.022954,2,4,435
2025-05-14 17:09:36,52fbaa1b1aefbe5013bc25ed3918df20c75963bf08aaa6abb6f332e5c1fdeba6,896699,143435.0,565.0,0.003939,1,1,195
2025-05-14 17:09:36,8f29a5151d2ee24b296f22c51a6b21bdb754147502502466651037d84b58e4a4,896699,889650.0,550.0,0.000618,1,1,192
2025-05-14 17:09:36,a61ac3b5c625ad8319d175dd2aeb27d64b8d173d57640c5546dcf50c6a594ca0,896699,225352.0,705.0,0.003128,1,2,222
2025-05-14 17:09:36,8ec35d5dcbed6cfb3c756ca67d592e4c182b1b33ad07971cc0a6187e6a42c49e,896699,3098087.0,705.0,0.000228,1,2,223
2025-05-14 17:09:36,9f632f097e3b9e74feb443b473d2577c23457e96adfe6abe297d54244c09ff9d,896699,28820284.0,735.0,2.6e-05,1,2,228
2025-05-14 17:09:36,f5483abe468b0f5e3e791676fbb81774280496792b3552ef756defda68e1ca95,896699,154462.0,1060.0,0.006863,2,2,374
2025-05-14 17:09:36,8e8a2579ba39800ea6eb7861d04938f15d7e80ef5fd213fc5a768dc4b9f78d95,896699,655187.0,720.0,0.001099,1,2,225
2025-05-14 17:09:36,3a32c5b016a7626b5545d025ca1240da144eddf1de1f5c86009748190c8eaf94,896699,1020521.0,550.0,0.000539,1,1,191
2025-05-14 17:09:36,06bf0abad97d56be9fb72ccb41dac5d16e22096658484e622a1d79277054c492,896699,193389.0,705.0,0.003646,1,2,222
2025-05-14 17:09:36,7a0bd6e9ce12a5a9b0bd05b8780c3b55f415cbc3932bfc650034c5d6efd3c68b,896699,810389.0,2415.0,0.00298,6,2,968
2025-05-14 17:09:36,4ca2a3da688155047eb8e272fafa470d0c9919f7ad8980995d9f4bfc87e83d8b,896699,416699.0,960.0,0.002304,1,1,192
2025-05-14 17:09:36,e785359247c7e3b680b3e30a28f0dc142d82acbce245a9aeec4bc8babc97b087,896699,101243.0,705.0,0.006963,1,2,223
2025-05-14 17:09:36,3793236ad8dbac180963eac51f7296c1fefd7ec036ec9ec1c8aa6d6190dd6086,896699,50435.0,565.0,0.011203,1,1,195
2025-05-14 17:09:36,fb6aa4d69b28c6d8c1516fc427dbe1a93a0056dab0ca451eca73f7755c464884,896699,94865.0,720.0,0.00759,1,2,225
2025-05-14 17:09:36,231c48831b1b0a6143a9cb625fc2ba47bb3a32ca32f6f11cb358a1d3e449c382,896699,15055.0,550.0,0.036533,1,1,191
2025-05-14 17:09:36,abf6c918a4221f54a80a31ce5b80e043851aeed550d8ddfb9f1ed9d172717581,896699,195490.0,550.0,0.002813,1,1,191
2025-05-14 17:09:36,6d0784438721feb32fc839899d032c14876e232b0607bc28d28b39f574c6a57f,896699,78416.0,720.0,0.009182,1,2,226
2025-05-14 17:09:36,2e9b63de57fc75fe9d59f6639d239d082d640a9cfe9deb19ee506eebbddbd47e,896699,38144.0,565.0,0.014812,1,1,194
2025-05-14 17:09:36,87c34963adae6530216b96b71de27ff3a7aef28d07e261548e207be90e0e6a7b,896699,6908950.0,1130.0,0.000164,1,2,226
2025-05-14 17:09:36,fb28758d511de05700934050fe684a05bb50f494ebbfc532acadc7be15d0fd7a,896699,3696.0,915.0,0.247565,1,2,356
2025-05-14 17:09:36,3d9463e1a8d4026ec142414e511645d6897f045db1d5e50bcfd326ef2f963dc2,896699,2753497.0,770.0,0.00028,1,2,205
2025-05-14 17:09:36,7b27cf75d5958e3cd863139f74d4029d3442748e1a9fb5b26657a76c8d7f7c7a,896699,70098.0,1050.0,0.014979,2,2,372
2025-05-14 17:09:36,79d567279eae28351849b39f060cf07c725b3d3e567d198ff5c383ddb68e9c73,896699,494461.0,555.0,0.001122,1,1,193
2025-05-14 17:09:36,c18e9ed62fffe7443cf118c1f1a07404fcb8bd76ac837379b9a17f0ad74f2273,896699,2720917.0,705.0,0.000259,1,2,222
2025-05-14 17:09:36,faa9ac52169a7463e8931fbcc0a0f81729674dfe0544dfc1e3bab705fa4e5a6d,896699,475127.0,550.0,0.001158,1,1,191
2025-05-14 17:09:36,da1698d5979861a033e62c0944026e41b1a469ab7e5d84be5d131dc65d0f6866,896699,128873313.0,955.0,7e-06,1,1,191
2025-05-14 17:09:36,905afb31f2e244bbabe7392ae5990fb0f9dfbc92389c6a4ab2b7c6cb1cf32b63,896699,1882232.0,720.0,0.000383,1,2,226
2025-05-11 17:27:36,78798b972900d82da5c3b212b866929a7f028e80f451036f497dbce8115d41ab,896286,330.0,151.0,0.457576,1,1,319
2025-05-11 17:27:36,dc2e353d0e71cc92c7dd151b82c82fdf1086b64d6fd73bc03e338a1dbf453bab,896286,11814.0,164.0,0.013882,1,2,245
2025-05-11 17:27:36,5f2a0c1fdf93cc038156ab876a413dc98f8a5ef7989c4b41e15a0986e47ec1aa,896286,326616.0,144.0,0.000441,1,2,226
2025-05-11 17:27:36,81eea1a72b7f25b6ae33be916d88e5f436c8fb02cf06cb4ab95c50fe6569bfaa,896286,19539.0,141.0,0.007216,1,2,222
2025-05-11 17:27:36,c0d9aab27fbd8b347f0376dbbc9b738acec2a49b207e4df5fbf55a99c6b9bdaa,896286,330.0,151.0,0.457576,1,1,319
2025-05-11 17:27:36,fa81f0dd016a0cee709b6499006a97ad762d4f4c9314abd572fbbeda63ceb7aa,896286,330.0,153.0,0.463636,1,1,330
2025-05-11 17:27:36,4d702fb896ed2d045f7a4eb5b5908f1b486c3fe38c30b6c463cc7c359a5754aa,896286,330.0,152.0,0.460606,1,1,323
2025-05-11 17:27:36,d284f116c1aa36cc925a2bd96e1b379184ff92082799046d001f4066ce5129aa,896286,49892624.0,144.0,3e-06,1,2,225
2025-05-11 17:27:36,9cbc25ee3b8be36a2f23e590c4408e3dc6736a6994452c38d3bdfa30bde320aa,896286,49997711.0,153.0,3e-06,1,2,234
2025-05-11 17:27:36,d7dd61a81162dd462d9074af7a0805997ef3a9c76e03d78fba3177bf7e17fca9,896286,285004.0,145.0,0.000509,1,2,196
2025-05-11 17:27:36,97fdd4b326dd22b50471add776cec676a1043331543283f46792c83aad20f9a9,896286,165918298.0,206.0,1e-06,1,4,288
2025-05-11 17:27:36,29a9f4bac5d5a0b4876e7ca7430fa5c0497065f6e094f4ed4f6e786e293587a9,896286,1004262.0,142.0,0.000141,1,2,193
2025-05-11 17:27:36,0ffd53ab41b0647aed76a31fda85ebe491d274c552f8df5c33e21b05e37981a9,896286,351.0,129.0,0.367521,1,1,270
2025-05-11 17:27:36,e5543c8350d70a756a1002c4454d638817379c718aaab22045ee68a2de8c57a9,896286,12096442.0,110.0,9e-06,1,1,191
2025-05-11 17:27:36,ed6f90baf354f67796aa43bc94826bbeb80eb078a661fef1666e75fc4b9540a9,896286,330.0,151.0,0.457576,1,1,320
2025-05-11 17:27:36,fbec2268a5c6f8465aa89d6433281ec4c13ce83a0080b20ffa61a319e0362ea9,896286,2729397.0,8849.0,0.003242,130,1,19283
2025-05-11 17:27:36,cd23d7a31bd2b7c8002b27b3a03a232b4f9888558c321eab56a59a1976171fa9,896286,330.0,151.0,0.457576,1,1,319
2025-05-11 17:27:36,6bf101659a9aece164ee0ece089afccdd6695cd0758ea9d4171338e8e245f2a8,896286,3465.0,111.0,0.032035,1,1,162
2025-05-11 17:27:36,2c35903130a3f61b868a4f274ebe20885944245de9224cb0808c3068207beca8,896286,330.0,151.0,0.457576,1,1,319
2025-05-11 17:27:36,007d88f0187cb9f4edacf67c9bbe20e4f3c1b17f23b08361f277c981273ad4a8,896286,330.0,151.0,0.457576,1,1,319
2025-05-11 17:27:36,f6bd6e777126f42cf276e8e192950bc92e03d4b2b0706d3ea15a2f75e8cd96a8,896286,330.0,151.0,0.457576,1,1,319
2025-05-11 17:27:36,9c5f5c806a35b538e5507b203c1654b04f9c027840329c1fb6c9b1e135b981a8,896286,54798.0,157.0,0.002865,2,1,257
2025-05-11 17:27:36,7d11c0c47fd1bf4b0cbd8586a3e871ce235e3e4908d05b2c0f354d9233aa6aa8,896286,1464359.0,141.0,9.6e-05,1,2,222
2025-05-11 17:27:36,d7aebe86ea9c19cfda9a151ed588315cf192c03dadf87c9969005c2f9e6664a8,896286,330.0,152.0,0.460606,1,1,323
2025-05-11 17:27:36,079d01ee801898774847f608940bdcabfcb61e5879b211194de3c86d9a0f62a8,896286,20094.0,110.0,0.005474,1,1,191
2025-05-11 17:27:36,e360a4517f58b20ece548fbfe31aa4d55f9de38095f9831b6acaeb3753ba3ea8,896286,546.0,154.0,0.282051,1,1,331
2025-05-11 17:27:36,0bf6a9cb5c3d6f081e11dda2bb3b1228f2c4350838fe686cfca64c96bca006a8,896286,3108839.0,110.0,3.5e-05,1,1,192
2025-05-11 17:27:36,43848cb62a95e7ac3fe5b000b6d4de93df5cec0b34d74bf4217a30e55b69dba7,896286,13500.0,102.0,0.007556,1,1,153
2025-05-11 17:27:36,ef876e5fe072c64b8416deee23f9d43a92564e01c6496846ea078c56c141d8a7,896286,158616.0,805.0,0.005075,1,4,450
2025-05-11 17:27:36,4eec43b25f9b06afa6855ba1d0cdba0753a10a75aa31937339a51dbae2eccca7,896286,64006.0,217.0,0.00339,1,3,298
2025-05-11 17:27:36,2f554e6fc28d0bab7c41631b119537da289acf6b196bac213a6eb9c28b7595a7,896286,69559.0,255.0,0.003666,2,3,387
2025-05-11 17:27:36,69b85827f411daf783e61db9a734c6510fabe8c8128a234fed85063f295d8ea7,896286,546.0,154.0,0.282051,1,1,331
2025-05-11 17:27:36,d3cc0cae604ffe40bb4d50804d58eef01c6e68f85cc01727d11b834b83f909e3,896286,15186.0,154.0,0.010141,1,2,205
2025-05-11 17:27:36,e063032b5d743f6e1bd124908a99a665e8e5084750d4a2ad77d6d88f589a66a7,896286,3890.0,110.0,0.028278,1,1,191
2025-05-11 17:27:36,12c803c2a95311beab0c867b1edae9fd56eb526072d739ae21592a708f3455a7,896286,8001.0,805.0,0.100612,1,4,450
2025-05-11 17:27:36,aca60e869be1b0eb0eb682423008405f6a0d5fb3d3f889e4c20b4052fa9d54a7,896286,19873.0,805.0,0.040507,1,4,451
2025-05-11 17:27:36,d2011b08bac290571467e3433d5e059706f9fab18ea8ceabf5dddb189b3853a7,896286,330.0,152.0,0.460606,1,1,323
2025-05-11 17:27:36,1a8121c5e657774aa9c7bffacce184f3aec758ac4cc6599db0803d3980102ea7,896286,546.0,154.0,0.282051,1,1,331
2025-05-11 17:27:36,deefbc6a72b920890d2d1014f22c3861c815a2fdfe8237531e62e811bbf727a7,896286,330.0,152.0,0.460606,1,1,323
2025-05-11 17:27:36,c5640671421ef1b622c6df1b8ace3c7d7333655ec276956f7981dc00cf3ed6a6,896286,330.0,152.0,0.460606,1,1,323
2025-05-11 17:27:36,c19775227a6d35e530a6295333a0ae8a0d3096c4f7ef793506302ccdd86ea9a6,896286,808895.0,154.0,0.00019,1,2,205
2025-05-11 17:27:36,a8bd43245cf734b06ebc85ac63eefc0f0e2c864abb13105a9f522666c78b82a6,896286,330.0,154.0,0.466667,1,1,331
2025-05-11 17:27:36,04931cb4156013e63499bd0dbfb325b13d3024c05c473a4ff176c803dd4a64a6,896286,330.0,151.0,0.457576,1,1,319
2025-05-11 17:27:36,9656fd4b9370518be61bbfdb5dd8712eb69ca5f081e0c3fb53e80ff39cda58a6,896286,34132.0,217.0,0.006358,1,3,298
2025-05-11 17:27:36,40c297b691b209e60119907ae3c581259248c85c4159ca8224361995ff8157a6,896286,5576.0,209.0,0.037482,2,2,372
2025-05-11 17:27:36,163c10eb27240baa15900b74558d013119864cfd0a881b86e226de734e3e41a6,896286,40926.0,154.0,0.003763,1,2,205
2025-05-11 17:27:36,4bf873cd47a702b7f346c1ee8c823e1eb75c469a7d1c5dacfe58e184f3dc37a6,896286,351.0,129.0,0.367521,1,1,267
2025-05-11 17:27:36,510f8b25eb71fabfe5618103c27e8a2dba48e8844e5681e12ec67ccff7c72ea6,896286,19743.0,217.0,0.010991,1,3,298
2025-05-11 17:27:36,df92dd8838634635ca863d549e4347edc9d3bf3a5f06152eadc573a71d062ba6,896286,330.0,151.0,0.457576,1,1,319
2025-05-11 17:27:36,1dbda2b38a9b13e3a50b284af815d5212bad7aae90a304a16e9127dbd12125a6,896286,81990.0,141.0,0.00172,1,2,223
2025-05-11 17:27:36,35d59a3fa7b5732eb3a935a08defe75c30710f2a5e250df00f6082f0f91721a6,896286,330.0,152.0,0.460606,1,1,323
2025-05-11 17:27:36,722edfc91d01c5b15a8132ffdbe52f207b4f1543f1c3df2fd78abfa2b0e60ba6,896286,546.0,152.0,0.278388,1,1,323
2025-05-11 17:27:36,7522cd2b37707f14853898d6d937b3ab45c3cbd3ecc7ded7c01f06896258dca5,896286,330.0,154.0,0.466667,1,1,332
2025-05-11 17:27:36,f0988ecdc1713487aadfaf2b85cf3cff36684dd58653d17b23accc2c1df1c1cc,896286,21669.0,197.0,0.009091,1,3,248
2025-05-11 17:27:36,135d31ebd85deb340260b11000a25e6bc9a15fdf5b5900013b367fde325ea9a5,896286,74180.0,153.0,0.002063,1,2,234
2025-05-11 17:27:36,035346999bf0e132af1d9be0d895b9e40fc7969fb76f2c522f51c7780a2ea9a5,896286,330.0,139.0,0.421212,1,1,307
2025-05-11 17:27:36,a298d000537af41a015afb90576a0e3c65ceee56e3acfc6e537893d79260a1a5,896286,39703.0,217.0,0.005466,1,3,298
2025-05-11 17:27:36,fa31cd6cb771c4e7c1e6e8e7ac7500628858c0d1325726279c2d65561e0e9ea5,896286,330.0,151.0,0.457576,1,1,319
2025-05-11 17:27:36,2a74b692efafb093338fc0c2420c7be0c407e2b81cac1acdeb513b2e177f99a5,896286,2634526.0,277.0,0.000105,3,2,520
2025-05-11 17:27:36,32d07a782a569e73466fa76be519de2775b94dd6278a6ef9bc0b85c728898ea5,896286,330.0,152.0,0.460606,1,1,323
2025-05-11 17:27:36,e756d14d65bd3c97db6b042b076b2cd72c71899aa481588939d6816cb28987a5,896286,330.0,152.0,0.460606,1,1,323
2025-05-11 17:27:36,31acdbc72c710201b7031eb90760e5d685e554107039ff3f267a6e811d3470a5,896286,546.0,153.0,0.28022,1,1,330
2025-05-11 17:27:36,8285f9f1aecff3a87a2fb0eb2f660dbb9def20fe491dc310581d9432a9dff4ab,896286,4686.0,154.0,0.032864,1,2,205
2025-05-11 17:27:36,361adbce43f2ac82735511b87705f0bcc2f3de54a1bb70413052cedecaa464a5,896286,351.0,129.0,0.367521,1,1,268
2025-05-11 17:27:36,40d7d5e5649eb2f108178a5357675a1636726bbb9a32af2e285575ab4a355aa5,896286,28851.0,154.0,0.005338,1,2,205
2025-05-11 17:27:36,b707353f73f3fe5b8f754a079cdd35d228b7a8de231f9471c2330904dcb051a5,896286,301378.0,805.0,0.002671,1,4,451
2025-05-11 17:27:36,3b2212a2afc0d28ff6278dcf0f26414619782904b88cf014adae87da6b3946a5,896286,546.0,152.0,0.278388,1,1,326
2025-05-11 17:27:36,e6f4759fd7f431fa8722bcd05713c4a93b65adc82d999916688fb016e97036a5,896286,546.0,152.0,0.278388,1,1,323
2025-05-11 17:27:36,1e015dae8e956b41f7a7a1a76d028a2288585795e0d9e117f5b1c215217026a5,896286,330.0,152.0,0.460606,1,1,323
2025-05-11 17:27:36,a3da4aa7ab3677fa420f1bd930a7ab911887e11b7ca77c653237146728dd20a5,896286,330.0,152.0,0.460606,1,1,323
2025-05-11 17:27:36,d47431ffc3d5d5d32f85cd62c1acc09d7c1e400ae49a8cd3710313fe141e0da5,896286,300.0,110.0,0.366667,1,1,191
2025-05-11 17:27:36,36fca96927fcfbb2f6d1bf23826cdf9b82d6929ec95a0e6a6d9cccb09f62fba4,896286,351.0,130.0,0.37037,1,1,271
2025-05-11 17:27:36,e35956c91589cb2ec4ecbbaa2d1d19ce3bee50657c3daac8f61cb15181b1efa4,896286,330.0,152.0,0.460606,1,1,323
2025-05-11 17:27:36,eda34d5c78a4c64d472ade824d7d16d302620314f35f7874e960fa6d55dec8a4,896286,330.0,151.0,0.457576,1,1,319
2025-05-11 17:27:36,624548691cd3cce382eb397cbe7361e451b748daa44e4c0ed45fbe93a616ada4,896286,330.0,151.0,0.457576,1,1,319
2025-05-11 17:27:36,0b1dda60caa38c317c00cc94d24e561fd2e8671f0d0ed9852e082ff2aa55aaa4,896286,546.0,153.0,0.28022,1,1,330
2025-05-11 17:27:36,75a7c2f127880be86bafd7f13423037fab303887a12193c8488453cd7a5186a4,896286,1372371.0,154.0,0.000112,1,2,205
2025-05-11 17:27:36,c2d8c292a1df0fe849f0ef77e09d284ace2ce2464d7dfcecab13603e2adc81a4,896286,3118.0,212.0,0.067992,2,2,312
2025-05-11 17:27:36,99a58cea6168d4fd592d503e9786ad571719494b2cf89b076f9526df6b0e67a4,896286,96420.0,154.0,0.001597,1,2,205
2025-05-11 17:27:36,16e9897130484d829d5ff604cf209f45c067fbb6ece7d089440dcaf3de0450a4,896286,330.0,151.0,0.457576,1,1,319
2025-05-11 17:27:36,897fa35e8760bdde5bcd0dc91c6c5bde4b95faa6f20a6f50e194143d40e840a4,896286,330.0,152.0,0.460606,1,1,323
2025-05-11 17:27:36,cc75ea5105eec8059deed5a6910da9932a5147eb6da372d8631756a31182f4a3,896286,42762.0,212.0,0.004958,2,2,312
2025-05-11 17:27:36,978d572e51a90c181a732063fb83b5df9c8f51befe4b85db7257d1b0ed87d4a3,896286,330.0,152.0,0.460606,1,1,323
2025-05-11 17:27:36,9613b0781b9444dbb98d4b0811be0b757290fd1754f87c0cdc7fbfc98fa2a4a3,896286,1705.0,111.0,0.065103,1,1,162
2025-05-11 17:27:36,12f4ff5ad00cf095d52b055623613b625a9f4904c97ccb51681884403c7d88a3,896286,330.0,152.0,0.460606,1,1,323
2025-05-11 17:27:36,6bb68bd449d44bfcc3d83a9b7f6eee908d1d599825296532c03a2d214e0976a3,896286,330.0,152.0,0.460606,1,1,323
2025-05-11 17:27:36,dfb9dd0ce95048d56593aa019d2eb80402858200ccad2fb2b7aad290e35c6aa3,896286,330.0,152.0,0.460606,1,1,323
2025-05-11 17:27:36,64e279fd6e5b11ecd258ac9eb516299f979c700990560ee552a23d57ab1f41a3,896286,28989.0,158.0,0.00545,2,1,258
2025-05-11 17:27:36,d7fbb9008034d381caf743886d8fd7b1947a7ea166baaed9bf093650eb8740a3,896286,18289.0,619.0,0.033845,2,12,719
2025-05-11 17:27:36,125bdd3daa63b2a989fd60f0da483447abb742ff9c153ca78d3a21cbdb5a39a3,896286,1547817.0,165.0,0.000107,1,2,247
2025-05-11 17:27:36,03895944e389f09368bde906fcd7174c6a1541c734555acd0a2c69106d2131a3,896286,330.0,151.0,0.457576,1,1,319
2025-05-11 17:27:36,368958a5c9c1eb5102fdafed6fadc5ca373327b8270213b936d3efd81b9d00a3,896286,330.0,152.0,0.460606,1,1,323
2025-05-11 17:27:36,953bcfe3cdc6e3df7855798b6002acc12c6bdd0612720371eada041709aefca2,896286,38980454.0,141.0,4e-06,1,2,223
2025-05-11 17:27:36,d9e12eef2fdf450e243f03a7bc7479af4e6acd4f5a243912ce01e6a102d8f4a2,896286,330.0,152.0,0.460606,1,1,323
2025-05-11 17:27:36,ceb3658e202a4dd7e6a022e1e1177b2490876d36f8b8e48a1b2ccca8aa0ad9a2,896286,19743.0,217.0,0.010991,1,3,298
2025-05-11 17:27:36,41358a0fbb839afb3290fd87a754ea9785691c37648faaa31b3f0afd87f1cca2,896286,330.0,151.0,0.457576,1,1,319
2025-05-11 17:27:36,99b4064437c54eac8fbb8ae774750f18b7cc34647546493ea53220a1b920cba2,896286,28999859.0,141.0,5e-06,1,2,222
2025-05-11 17:27:36,f5c1e7e23abd6f5c8732b6ece8c36207aaa6d29315ab094016b97a2f6d9ec9a2,896286,330.0,151.0,0.457576,1,1,319
2025-05-11 17:27:36,61cd0a7edd713071735d72ec599e6362dd594b781f9b6aeb8ce1e6aab01fc5a2,896286,546.0,156.0,0.285714,1,1,339
2025-05-11 17:27:36,24e26aa4b7c87d5455dcefc7f75a339b6be90c41c2e6f2d35c954cd8945787a2,896286,330.0,151.0,0.457576,1,1,320
2025-05-12 20:48:06,aeefad1b704a2ad92b0d0066ea468a0e95e0882dad3f325b4d625345e2527a14,896457,84285.0,200.0,0.002373,2,2,300
2025-05-12 20:48:06,d277d484a2a32f4df9e86dd88e176dd5e18119c1b13e0d116405c8a2aea0a758,896457,1151048.0,518.0,0.00045,7,1,1084
2025-05-12 20:48:06,c4add692965c532ffff692be6ebe34d8456f6a382dff113ac171dc34b6c3de12,896457,193336.0,502.0,0.002597,4,7,793
2025-05-12 20:48:06,de93e63a15234dc8c87f388614a2395903eb8b6b7f43374ba11ab8f42363f826,896457,410978.0,484.0,0.001178,6,2,969
2025-05-12 20:48:06,6deb04349b2e08d5aaa7321a3c534ebd96aac721ba278abcb3c2649f13867c1d,896457,23380.0,3374.0,0.144311,49,1,7316
2025-05-12 20:48:06,c9587a7f7b41922773e05e7b41a57f1db3d94246dc8d7f5c34404505f15d3afd,896457,96150.0,453.0,0.004711,6,1,937
2025-05-12 20:48:06,39c6ab45339f37c5e90ac92a1755100947f7e956356c3794994ebfcd98b78ddc,896457,115819.0,421.0,0.003635,3,6,570
2025-05-12 20:48:06,3ffe5c76375811a58bbbce0843d0b08eabfbebc1a64679446d6d638c0168d8ad,896457,36433468.0,277.0,8e-06,3,2,519
2025-05-12 20:48:06,1b09c2d69109c69f0c8f3f5c8b68afc7795becb6c2255dbfb6278dae99a0e377,896457,15246736.0,141.0,9e-06,1,2,222
2025-05-12 20:48:06,637ce41bbcac5b315978626406dc609c283c5fbfe6710686fdb2d32621b4a121,896457,7408707.0,8918.0,0.001204,60,1,8895
2025-05-12 20:48:06,177e182673d098d74c167f102dd182078ae7c9e2a450b5ddefb3c541ed8f6fdf,896457,39602.0,246.0,0.006212,3,1,487
2025-05-12 20:48:06,e65bbac871b572dd522d48246d6c3108b7e425a1136dc4cfe49f0222389f922a,896457,22293.0,141.0,0.006325,1,2,222
2025-05-12 20:48:06,3d9f97aa005b28a0dde9b482b4a371cec8da13fafdfba24122842aa92e2d8c69,896457,3896160.0,383.0,9.8e-05,5,1,786
2025-05-12 20:48:06,f32c098124f3c9040f1d0c8f713e6d8af49cf901baf1e05a24961e854865dd1d,896457,8693.0,383.0,0.044058,2,2,382
2025-05-12 20:48:06,3773d5679e96bc70001d76bf16fb5f9166a6561193d070156e135192b44e57ea,896457,2504618.0,382.0,0.000153,5,1,785
2025-05-12 20:48:06,e27393665304a098671905e902d623d4b384308fe328921db9273be40a3e61c6,896457,1822281.0,382.0,0.00021,5,1,783
2025-05-12 20:48:06,0c3c3a460dc8bd6523efa5dd560ed064431ecf7f8c7080be31a9ba5494b1ea4c,896457,6967618.0,382.0,5.5e-05,5,1,783
2025-05-12 20:48:06,8b0d4892626edb86aa54566072f6123747c0a6514900c33f8035d1ca7f9f7d2a,896457,521027.0,382.0,0.000733,5,1,783
2025-05-12 20:48:06,0435559fa60d1f1fe2acd4263aa3d9ed074d257966f3e867501a0b07c14a0982,896457,28127.0,373.0,0.013261,1,2,372
2025-05-12 20:48:06,621c2f233cb4c8134f136d1fdcb52fe7ba631b5aeb4f1ccaa148b32446982bcc,896457,11500905.0,8918.0,0.000775,60,1,8894
2025-05-12 20:48:06,30ba25f1c7cd2f2f8afba3397409510e0caed3ada42541b5ae11cf247991d764,896457,9807887.0,8918.0,0.000909,60,1,8894
2025-05-12 20:48:06,99955c47a5cbe1624dcdbe5970549b7c75cb6c286a1873127484347295ba0bfc,896457,2764045.0,725.0,0.000262,10,1,1529
2025-05-12 20:48:06,76106ef664240c45e50f95552fafd190bfab320f6798c0ccb6562537ea61b676,896457,4899505.0,4330.0,0.000884,29,1,4318
2025-05-12 20:48:06,a5d876074e746a72cd69b80a7fa34ec0a1b652cddf212f8aa8785b489ce07123,896457,133544.0,359.0,0.002688,3,2,600
2025-05-12 20:48:06,e0091f3be7ee12970d0fe0a83720da8bc00761cff7cbd1c444ba2401a321b0be,896457,7699324.0,8918.0,0.001158,60,1,8893
2025-05-12 20:48:06,41b525e65fdfb55dac695128b05621bf1333e3ede8a81003a4469b02b4651266,896457,8243590.0,8918.0,0.001082,60,1,8893
2025-05-12 20:48:06,8b87b39a66ef340d6bf7ef477a4e2e52d39c1990019bf76aeba6b16df093cf5d,896457,8533541.0,8918.0,0.001045,60,1,8893
2025-05-12 20:48:06,1814195c178a7f45c086294b40642c082da4e46555c26a3edfac3e1b7f1e934b,896457,8141251.0,8918.0,0.001095,60,1,8893
2025-05-12 20:48:06,d03ad9fee212b59609ac6486a50f0202db5c4da9398adf368153f5b850b85608,896457,1508804.0,350.0,0.000232,3,2,591
2025-05-12 20:48:06,467c7cf979b1205f949a6c48023fd0dad6ee1519fa76491a20b5944b122972fb,896457,330.0,151.0,0.457576,1,2,231
2025-05-12 20:48:06,8f8d2de53c9db837ffd398d77fc98f929170ff1d6f56a4e5d716fbda56dc10f7,896457,330.0,151.0,0.457576,1,2,231
2025-05-12 20:48:06,b463048b99e8d3c970e56e47022555c3f036a80c48b760a7205040b2594569e6,896457,330.0,151.0,0.457576,1,2,231
2025-05-12 20:48:06,94496611b23fd3f60ed1df0425766a3777fbcb4873955a2b103e55160e9418e4,896457,330.0,151.0,0.457576,1,2,231
2025-05-12 20:48:06,d2bc1b3f8f4b5698ab8caad5becb674f7feab2a99786bdd6bc62428e6eb54bd6,896457,330.0,151.0,0.457576,1,2,231
2025-05-12 20:48:06,551a67bb24a6312ae99750f326fbe9ff075b3ac984cf276094eef543e57c10d5,896457,330.0,151.0,0.457576,1,2,230
2025-05-12 20:48:06,39b13b6fcc996482d312540c62037068d64e17e76063a491fb0fcf062598cdd4,896457,330.0,151.0,0.457576,1,2,230
2025-05-12 20:48:06,4104355162593eae978310829233f076c888ccbd96a5ec4f25a2adb5ea837db3,896457,330.0,151.0,0.457576,1,2,231
2025-05-12 20:48:06,a5cf224227bc333e51c850fae6b4a61564de5babc8c74e575ac6c242d64780ac,896457,330.0,151.0,0.457576,1,2,231
2025-05-12 20:48:06,0819acd69621d009093d2c05b63945282a56d5116f9052dbc1ac34e7287b3aaa,896457,330.0,151.0,0.457576,1,2,231
2025-05-12 20:48:06,a7c54bb38f2c8d452b21e5045946d4d90c2a24407dc8063b38a471302b8db3a9,896457,330.0,151.0,0.457576,1,2,230
2025-05-12 20:48:06,1f3d90f450af3d37b98427e86f3b4e23ea94dd7e05e091332e44bd704a700ba7,896457,330.0,151.0,0.457576,1,2,231
2025-05-12 20:48:06,849669b4997d121e289436cbc7849e582a23f64d7c314b8fc270794839b8f99f,896457,330.0,151.0,0.457576,1,2,231
2025-05-12 20:48:06,053b88f84b733b4e6dc748be2e22b66e1ed51afae3d3757ddc51835e40927b99,896457,330.0,151.0,0.457576,1,2,230
2025-05-12 20:48:06,edd744bfdef34630cf86dcb9bcdf1d08c8cd3ff6d987c05717cc4f5ef41d0d8b,896457,330.0,151.0,0.457576,1,2,230
2025-05-12 20:48:06,96fca447fac4212e3216d61cb138082b074c9244cfc9c9d18f88c529ac138b65,896457,330.0,151.0,0.457576,1,2,231
2025-05-12 20:48:06,bf3718ff852bd1b06aff66af415e03287d2c779715697e8ded452d36ef887363,896457,330.0,151.0,0.457576,1,2,231
2025-05-12 20:48:06,c279d412ab05c1a8fce79859618a5168cc9a289c71725c1dbeaba20a11d7025b,896457,330.0,151.0,0.457576,1,2,231
2025-05-12 20:48:06,9f053547188a83b06deb11bd88c7bb54d1d6ff00815779bf9af3c5848f07414e,896457,330.0,151.0,0.457576,1,2,230
2025-05-12 20:48:06,155e78b7ce68bfb03a5da4b80b73ec9c283aa0c87fc73b8f635b963ee1c08b43,896457,330.0,151.0,0.457576,1,2,230
2025-05-12 20:48:06,c1c122b275e45c27db9dcd19dad7b830518987fddf5aadcc59a24167c7f0d43f,896457,330.0,151.0,0.457576,1,2,230
2025-05-12 20:48:06,3ebdb3023874ebe8ae083022a696bb4628e1cbcd3ab4af203015d5dc74c91d3f,896457,330.0,151.0,0.457576,1,2,231
2025-05-12 20:48:06,39f1add1dbdf6066495487bb98b0d420449b5945ab73d542519851a6cbc22d20,896457,330.0,151.0,0.457576,1,2,230
2025-05-12 20:48:06,4a236e3bdf487309690d2cf8a64e79388f3a4c1a62c95c046e49c7560aecdb0b,896457,330.0,151.0,0.457576,1,2,231
2025-05-12 20:48:06,f11384facc782a09c4c09ffaf1cf30567681f3832df8e78ad687ca4380b66a29,896457,117914.0,886.0,0.007514,1,26,966
2025-05-12 20:48:06,f42ee1823d36837868ce43d4475b4e0ffaeeee04d4e0c38dd51f404c547c52e7,896457,330.0,151.0,0.457576,1,2,231
2025-05-12 20:48:06,f1695cda8d8ee5d4f7015e0301be0f28a1d758689809e47153caea03f79ecee6,896457,330.0,151.0,0.457576,1,2,231
2025-05-12 20:48:06,83181fe8d4f858d335cde3bc46595be1636d05563340b17686cc4f2bad081ae6,896457,330.0,151.0,0.457576,1,2,231
2025-05-12 20:48:06,4ecc0ecf276a21207e10de4c9b349acd6ec58fca1ba9534c0fc8933e04a4cae3,896457,330.0,151.0,0.457576,1,2,231
2025-05-12 20:48:06,a9cf11d619ea307c2417dd043af54af4c7d40abbe13d206f888f7d42867782ca,896457,330.0,151.0,0.457576,1,2,230
2025-05-12 20:48:06,676d0b36273d643c087d2b00088a5a0f2767f31a98361595b74141a129a5cac6,896457,330.0,151.0,0.457576,1,2,230
2025-05-12 20:48:06,7e0f7427341230e4e948126937404a56f94ff78a9889ab313dec160a2981dfc3,896457,330.0,151.0,0.457576,1,2,231
2025-05-12 20:48:06,d2d1c2451a0aa23441907001ee978c2a588ec929c6b9a7a1744e174331b491c1,896457,330.0,151.0,0.457576,1,2,230
2025-05-12 20:48:06,71212cab0c3c8dc6b4cbfc219be2002ec4d9f44b6610cba57b009671d846bbb5,896457,330.0,151.0,0.457576,1,2,231
2025-05-12 20:48:06,d080b341db9509b00181f336b60aee56a3ed61c540cc7b77c8d55234f105d9ae,896457,330.0,151.0,0.457576,1,2,230
2025-05-12 20:48:06,58bb695cfc230d936b294630d7e0999fcd1d9da416391a0e18c4ee3fa37684ad,896457,330.0,151.0,0.457576,1,2,230
2025-05-12 20:48:06,aaf7cf1f565de993e2c79336d6d0e936cee4091492be2283f937f218ed439ca0,896457,330.0,151.0,0.457576,1,2,230
2025-05-12 20:48:06,f05e66ffbf5fafe39fe4127c6179e929203e0adf64ec218e0acf3cec4f687e9e,896457,330.0,151.0,0.457576,1,2,230
2025-05-12 20:48:06,72e11743b1ed4d7c1c0f3a405a8f968e4bbf0c790dd26906934936bd71e1b579,896457,330.0,151.0,0.457576,1,2,231
2025-05-12 20:48:06,390df77a6fd58ef030c603666dbc8d544bd45c2f1b3f739f9284b76053615172,896457,330.0,151.0,0.457576,1,2,231
2025-05-12 20:48:06,04536611355ff94778945dffcf0c4f5353c7d95a31a5828e2643fc81a850f55c,896457,330.0,151.0,0.457576,1,2,230
2025-05-12 20:48:06,e4a1c3372c0b910c0e55323e3ea48969fcc84dd4efacabb630cfdc9cf39c1753,896457,330.0,151.0,0.457576,1,2,230
2025-05-12 20:48:06,fd5813a39dac731d2986e94b74b1f4bf64d47b8ba30c1ce540972f522fabd547,896457,330.0,151.0,0.457576,1,2,230
2025-05-12 20:48:06,54d456a148037d01d2b5e0dc582931b723ca6faa1fca722acfabeea5bf464140,896457,330.0,151.0,0.457576,1,2,231
2025-05-12 20:48:06,f81a419656e48686a12180fa2052ae3a1f57f8da225b8392e9b8537caa170c35,896457,330.0,151.0,0.457576,1,2,230
2025-05-12 20:48:06,cd156d64847127ef6e64a772f72cf222c1dd8194cf114f8b95b3da6d1029ff27,896457,330.0,151.0,0.457576,1,2,230
2025-05-12 20:48:06,b46967285289e99f359cd20803ee9e5f07bd16d5385f61ee7ed2aae4f6dfe815,896457,330.0,151.0,0.457576,1,2,231
2025-05-12 20:48:06,ec52a044474864b20bf65792c87bc6893eb7a0972abf16e97802987a735aab13,896457,330.0,151.0,0.457576,1,2,231
2025-05-12 20:48:06,401ead2992f33b4912c766a0b04522c1445bafd9fb607e303e31662f6a0ffb00,896457,330.0,151.0,0.457576,1,2,231
2025-05-12 20:48:06,d9572dd445bcde8cec22496e16c3b8fe4d421ec965eba70bc4b2c14093a4928c,896457,92214.0,886.0,0.009608,1,26,966
2025-05-12 20:48:06,eb14f56c282e830670ffe1a1f3e2212d74395ae1d4f6be077126e8305194d3d7,896457,618354.0,345.0,0.000558,4,2,668
2025-05-12 20:48:06,44cc56453cc6daa9058e75b8a148ca2a6f221b958472f26d1a5e72389ef39688,896457,22379.0,345.0,0.015416,4,2,666
2025-05-12 20:48:06,48739785cd477ecf03ceae86bb6678f25848cafdee368b71bca1b5436bbcc838,896457,2600683.0,345.0,0.000133,4,2,666
2025-05-12 20:48:06,e7da4697d39677a40a832d011476e5b281bca91b0646492c3c45337a4b496201,896457,114898.0,345.0,0.003003,4,2,666
2025-05-12 20:48:06,b8d9ac542f41ecfdc68c08abb7525311c10d04f8c967161ed83a261331b1ffde,896457,8161730.0,8918.0,0.001093,60,1,8892
2025-05-12 20:48:06,87cb1cfbeed881a4b1efe715abb9f8e6b774cd174063b15e5fbc60a7af586409,896457,7792377.0,8918.0,0.001144,60,1,8892
2025-05-12 20:48:06,c7be17b52835198002cd1f4eeb47dc28c74e1b6d4ae8a3ef51217fdf6c85e501,896457,15985863.0,8918.0,0.000558,60,1,8892
2025-05-12 20:48:06,d7dc521126d946fce50ca0010b92f883321a78233bdd9eefbe7ec788ee526009,896457,503337.0,685.0,0.001361,9,2,1406
2025-05-12 20:48:06,874df240d9a9999af48f255fc8e07f04d973154a484de82510e3c38f9ecf1f9b,896457,36625439.0,340.0,9e-06,2,1,339
2025-05-12 20:48:06,8ded35ad553beb1416e2572597ea3124cb7230405b17b9bd4f673571ecdec77c,896457,116202.0,338.0,0.002909,2,1,337
2025-05-12 20:48:06,e69a0c5a5def74a93712b04ed42d1997838d508d9108fbd1c47cd655969d3f19,896457,368251.0,1348.0,0.003661,14,2,2469
2025-05-12 20:48:06,0310b2c051bf5a51a419add383ab5bc17ef908d662ce900214e6a11b23f0926a,896457,966402.0,670.0,0.000693,4,2,668
2025-05-12 20:48:06,340548e99a4c58d4a3c0d904eb467022ce04ccae3b98d238f43a67b77c6967db,896457,11268092.0,8918.0,0.000791,60,1,8891
2025-05-12 20:48:06,06c51cb75489ce0e036204ce3ae6f5e074cce04a5579545f4c4dd26cec7601cb,896457,11547158.0,8918.0,0.000772,60,1,8891
2025-05-12 20:48:06,dde281fa760977e97ed14fec6b0bd103a1511f364eb1d16ed45dbc456ec6a3c8,896457,8483675.0,8918.0,0.001051,60,1,8891
2025-05-12 20:48:06,2afc1f157e9426632fa337530d3eac53b6fe62f910825d8f0c951297eace2b75,896457,9171121.0,8918.0,0.000972,60,1,8891
2025-05-12 20:48:06,8da719ae8f6a09c8a6cd9c2bbb78750c3c422a2da733f169fd2c9fca18a7d6eb,896457,339893.0,654.0,0.001924,9,1,1377
2025-05-12 20:48:06,33d406f78fcaf0e564deb402ebc22a0e9a166496cdf95ee9c8a05c93abdbaaef,896457,47907.0,326.0,0.006805,4,1,647
2025-05-12 20:48:06,6bd4e3ff73d0671facb03b991081f1337bd29fb810916bd8c92ab591aae19d14,896457,7676907.0,8918.0,0.001162,60,1,8890
2025-05-12 20:48:06,c670ca9954096aff04b4e3e34cfe1de8dc1f1928914c113445148d210bc0a7c9,896457,1437832.0,317.0,0.00022,4,1,638
2025-05-12 20:48:06,1b8033bc47c39f8bd56b296d0fd6e94427196d4d8a14dd51899f3d0bee305e66,896457,385382.0,315.0,0.000817,4,1,636
2025-05-12 22:00:06,7544208a886a00981dc916113f6ef7adbef87268dced2e8c9d7264d5ec304501,896461,280723.0,495.0,0.001763,1,1,150
2025-05-12 22:00:06,0079f4b9a70bc0d3548908345acf0e5fa6777afc5b12cd526a67bcead7e38600,896461,319889659.0,8310.0,2.6e-05,4,37,2423
2025-05-12 22:00:06,e59d9d1a92f08f1afd2473740a1aa7aa8f30258a10174994fc1466132d3f0e60,896461,5821.0,1062.0,0.182443,2,2,312
2025-05-12 22:00:06,9dd779fb4639bd0219ea3b2645a9c91f0f555d0551551370e35114eb0290bec6,896461,78338.0,2270.0,0.028977,4,5,715
2025-05-12 22:00:06,e7a41f807bd38b3c83e7f622dc37b8061204f5fedd5cfea584898bfc0c32d56f,896461,831904.0,1370.0,0.001647,2,4,405
2025-05-12 22:00:06,a1902075c502a5c63a8ce2945e089133507ec0040b60893dfff6d5b01f94c179,896461,3407787.0,1280.0,0.000376,2,2,417
2025-05-12 22:00:06,e19c27a215b98e6baefbb5872b1ce8a56741037643e12ea8a287e9834e2257a4,896461,682307.0,1115.0,0.001634,1,2,222
2025-05-12 22:00:06,521bc4cf1b9607ffe082c48828888333fc6139e3adeff2be9fb5d5aa109b9dd6,896461,216050.0,705.0,0.003263,1,2,221
2025-05-12 22:00:06,0df663ad7f881aecbc38d04e15532eea48530a2605222cda5e7777c665cd8fc0,896461,24797279.0,705.0,2.8e-05,1,2,221
2025-05-12 22:00:06,40c918851fab04ee3250b5b3d3872f87081c41846f29f76f449666f7d525288f,896461,2344189.0,564.0,0.000241,1,1,191
2025-05-12 22:00:06,ec39b459de24e51769aae5320a24f519027d46ab45bdd4f7714d5da29b8ffb51,896461,13212495.0,1184.0,9e-05,1,2,223
2025-05-12 22:00:06,6e330f1f6eaf776c5d3ec463e7bd4657d87ba4b2b33b65bdcfb4911461cfd658,896461,546.0,1469.0,2.690476,1,1,322
2025-05-12 22:00:06,0afddf59fad1a39e1623c47cc95562ea2cd9b4b28a8693d5f10840dcbbaca385,896461,30686.0,154.0,0.005019,1,2,205
2025-05-12 22:00:06,30c8cd3ff8b31e36b122a6eda6f15ed1250f0a62d698dc369a57e362187991bb,896461,9998652.0,1348.0,0.000135,1,4,331
2025-05-12 22:00:06,7bd794e236d80e501bd6fd7490e1f9d2aa35d68ebb096fd2e9715d33e417abb0,896461,1488962.0,1900.0,0.001276,1,4,345
2025-05-12 22:00:06,6b269571eccf427c6251d2823108118d1fc69a17378ede7e5febc834337c9fd4,896461,5085.0,1212.0,0.238348,1,3,299
2025-05-12 22:00:06,faaceb16831a0074bd14023ddd5d1e96dc960b5683ab7a5307b4f3db00ec974f,896461,589714.0,1093.0,0.001853,1,3,276
2025-05-12 22:00:06,08cbe77695c32d63069fb48bcc4a26067e6ad69e867d6c3e3ce11171569b0af9,896461,13752.0,938.0,0.068208,1,2,246
2025-05-12 22:00:06,05cb47668879f31384b320849d84bab1f26cdbcc2865b0dd35dcb77ec1894092,896461,97899.0,938.0,0.009581,1,2,245
2025-05-12 22:00:06,2fcd3a9badfc61c525778c45e06025e4409d66252758d06081701dc9018d5c5e,896461,79062.0,938.0,0.011864,1,2,245
2025-05-12 22:00:06,b0dead9c682e0fd8034da23a77fdbd15d19de73fcb0f7f8abd2851e5040b7840,896461,268442.0,938.0,0.003494,1,2,246
2025-05-12 22:00:06,6189c1fa20eef0f044f073ec7581f63ff926a7ebd34fad15ffec1226cb3e2d04,896461,8821.0,938.0,0.106337,1,2,246
2025-05-12 22:00:06,2d476ba675c91150a56608a084c91bfec0c530c0b37664ee094486ca44d11784,896461,378356866.0,1520.0,4e-06,1,4,345
2025-05-12 22:00:06,b0c647f31277590e166afffa41a6b683d37d4148008c85d34112edfe63b248f2,896461,15793.0,782.0,0.049516,1,1,216
2025-05-12 22:00:06,4337803ce1c9415d946a4c96dbb6cdc2526be81ceb1e4900e41ad215277e1c3e,896461,19218.0,782.0,0.040691,1,1,215
2025-05-12 22:00:06,0f6b738f0e0db1ce2618a21cae12bb5730c29f020aaa9b9e8866a249d1e27ba0,896461,13503.0,1139.0,0.084352,1,1,192
2025-05-12 22:00:06,f3689f6b7ed8e9e41bd98250bd0dd93479df09fd234a0987ea30d9f7c5f6eb1a,896461,3696.0,1085.0,0.293561,1,2,353
2025-05-12 22:00:06,58a7996ed7c553f7c43d10ac06992de1405649dae4b8ea0e4be361f693166394,896461,116537.0,918.0,0.007877,1,2,205
2025-05-12 22:00:06,eee6330fd6a79b7cfac1bb7ca1a1afa1f80151c1fecf23340155bab0e34b5f1c,896461,207569.0,842.0,0.004056,1,2,223
2025-05-12 22:00:06,5b5fb473193f736356c593211a7b6e00cb8adc044b94a9463935dd3927e54411,896461,321713.0,1217.0,0.003783,1,1,461
2025-05-12 22:00:06,3c526d1a189939686fba54f6bb93413fd061e5c383622f5d4d760851f15864fc,896461,538817.0,852.0,0.001581,1,2,193
2025-05-12 22:00:06,badad98323901c1121729a27ebd0122ee42342b82fed94a3003b9cfab07a84fb,896461,252692.0,846.0,0.003348,1,2,223
2025-05-12 22:00:06,05c00efa516d6b1635c904e4cf17f709a47752ffa56724dcebaba9d8497e7eb1,896461,463438249.0,852.0,2e-06,1,2,223
2025-05-12 22:00:06,c8ba5373872d33e1acd29da8f40b87e0111253ccc49066d99eeced10322e2fa1,896461,696225.0,1254.0,0.001801,2,2,371
2025-05-12 22:00:06,3cbfe4e3cddf0a0d3cd2c11f2b01866914567bbb14746ad423fdc082b4ab447f,896461,538781.0,846.0,0.00157,1,2,222
2025-05-12 22:00:06,2dba37f6481709fb2799d31be5f752af9e6a6e4ca869799446f5e5a65566f772,896461,68799861.0,846.0,1.2e-05,1,2,222
2025-05-12 22:00:06,5e216489d618a2c30913e04df0d9b5d35afbe0dacca100ea4c5f827563671854,896461,82715.0,924.0,0.011171,1,2,205
2025-05-12 22:00:06,d18441b1d74dfce14db6aec881ebab5792ac09b551a486fc20149af799240048,896461,35291571.0,1590.0,4.5e-05,1,6,347
2025-05-12 22:00:06,cdb14a143a1c9a81e2627a306a7fadcc23740de5824f7c695268c30325903f3c,896461,43011934.0,918.0,2.1e-05,1,2,235
2025-05-12 22:00:06,970804a0057f649b202f690b5c402102676f1980d85127ecd7b44c9f7c0b2430,896461,401877722.0,2574.0,6e-06,2,9,591
2025-05-12 22:00:06,dce7d98f75ca01005067cf4aaf0c1c5b053b995ff18e30a0efc12c731ff5481b,896461,28664.0,846.0,0.029514,1,2,222
2025-05-12 22:00:06,80984eadef1e909fb9554a77a1f6b4f5afe3f54bba85de1ad2e5b1e693eedfa8,896461,94598.0,1338.0,0.014144,1,2,222
2025-05-12 22:00:06,debd95293c4d19876104e80c1606059b1d30486c870a7363ad3a7d230b32da5e,896461,955856.0,1554.0,0.001626,2,2,419
2025-05-12 22:00:06,3208401b664f04465e1b5024bcedb0b34f1bb53b7b0f52cc432f45775b987936,896461,1024176192.0,1242.0,1e-06,1,4,285
2025-05-12 22:00:06,75b284a40d4d76fc401bec92061289f53a3a224c4c7650ceee761aced6c9147b,896461,330.0,1026.0,3.109091,1,2,241
2025-05-12 22:00:06,c0506cf94c03a7cd85bd86e4fbe6ddd83fd6731a6b22adfb9afef5535bf306ef,896461,1356.0,894.0,0.659292,1,2,229
2025-05-12 22:00:06,5d0f3aeb22861a1268d503adc9e7be07cc10355e1522d9fb32006883da83ef4e,896461,2250.0,894.0,0.397333,1,2,229
2025-05-12 22:00:06,fdb1b1c89a33ede086777106359af86d232ba7a29cd8eb9c431897b2a906c439,896461,3144.0,894.0,0.284351,1,2,228
2025-05-12 22:00:06,e7ed60922230f0656c86fa9208ff87b602cf8d5eb5485e55804be50067e1fa8b,896461,4038.0,894.0,0.221397,1,2,229
2025-05-12 22:00:06,8c5429369afbf3fbb4d2b08c4d8b70d04ef25f40c8f9e69856986e227c882ab9,896461,4932.0,894.0,0.181265,1,2,229
2025-05-12 22:00:06,19842a3ce52b79d3afaed58c1ba97479a31c9eeeddc92660bf7966059f0b2bd5,896461,5826.0,894.0,0.15345,1,2,228
2025-05-12 22:00:06,a6847f099a1645cfb7265781bdfb17d561d0d549b8063cd7a4016b87c0ce8498,896461,6720.0,894.0,0.133036,1,2,229
2025-05-12 22:00:06,1e47c99705a0a6f3f03287fafaafb6fb27522c9d874f0c03b078c6345e553500,896461,7614.0,894.0,0.117415,1,2,229
2025-05-12 22:00:06,1776324e2005fb2b0be56ab4398dffef0269a0e20750d004cd26fbef6f302c86,896461,8508.0,894.0,0.105078,1,2,229
2025-05-12 22:00:06,a15ec9edde13d39bd8e60c99a9f706379e9a6e5ca15f3798dc09d46339da21c3,896461,9402.0,894.0,0.095086,1,2,228
2025-05-12 22:00:06,4b405d88effa630d92035c8f0fcbfe4e92bee824855fc77ea119f1b415386914,896461,10296.0,894.0,0.08683,1,2,228
2025-05-12 22:00:06,498d07138252da26fd9bc05a6eed77d529de748b60d46b67baa34b915df5dfa0,896461,11190.0,894.0,0.079893,1,2,228
2025-05-12 22:00:06,b99b0b0886ba850ee3299cf399dce1323380d12bae1aedcb23d95de843009925,896461,12084.0,894.0,0.073982,1,2,229
2025-05-12 22:00:06,c1f19e56edc0bf218c6e1162d376111b59a0a2f620497c6199083b5881ac4177,896461,12978.0,894.0,0.068886,1,2,229
2025-05-12 22:00:06,94d6409af6829f6d97293c55c42773d9c7aa08ab0b162efd26365bbdbd0e2c33,896461,13872.0,894.0,0.064446,1,2,229
2025-05-12 22:00:06,7f69ebb5305c4d92ba347500ae4ff2c9e95b26315ae699ab57d4a81532e94cf4,896461,14766.0,894.0,0.060544,1,2,229
2025-05-12 22:00:06,35952f56cd384ae51044a7c4650a68c877b3d75eed134b6a42a3c4c69cf0630d,896461,15660.0,894.0,0.057088,1,2,228
2025-05-12 22:00:06,cf8b0e5944577ed9e825f8415655e24c2362ce7181c472fec69529615b843626,896461,16554.0,894.0,0.054005,1,2,229
2025-05-12 22:00:06,23c74d393c79a4611326275d0a9edd25ffd99ad45fdf2ee6d40ccd4a5fad6d6e,896461,17448.0,894.0,0.051238,1,2,228
2025-05-12 22:00:06,acf6ee74b8b6020d6093c8f435de696d27966c35e17ad2477890f84c20099132,896461,18342.0,894.0,0.048741,1,2,228
2025-05-12 22:00:06,ad3235de5be5df2c682c1db2b125b2eb74a61b226ae389ce5c5aafc7e730e557,896461,19236.0,894.0,0.046475,1,2,229
2025-05-12 22:00:06,dd2edebf018b5d4d6bdff1feeb0b8b7d45beab04e36b693800562b146ad5dd39,896461,20130.0,894.0,0.044411,1,2,228
2025-05-12 22:00:06,12c68a08691b1f454609e97f92106cda1eac346a3b4a8303a93bf84b349a9580,896461,21024.0,894.0,0.042523,1,2,228
2025-05-12 22:00:06,625b258b277237555a46ec8cf7d50dbd5801de53043b76e15b52f50979f6b60a,896461,21918.0,834.0,0.038051,1,2,219
2025-05-12 22:00:06,a42ec28bc37c869c91cdc7171d316bf32c2fa0670c404eef2a896a4ee62b2729,896461,27000000.0,11856.0,0.000439,28,1,4196
2025-05-12 22:00:06,48ffd49ca8e1314558debe0cf82c5ee6ca04ee543b34813035fd9c6937e6b9cb,896461,485039.0,3045.0,0.006278,3,1,486
2025-05-12 22:00:06,cf26cfde436dfc254793945ce1987462c4f21fcdaf59cdc53e3cf13775d10783,896461,66297.0,1806.0,0.027241,2,2,370
2025-05-12 22:00:06,8c89850b0f424e793071a249e2010b004cb0f9ca80fcf4fbb3e11819b823afec,896461,87086092.0,1034.0,1.2e-05,1,2,245
2025-05-12 22:00:06,d3307dda0915495ec2efe0f859b65a6989267b95b6016554549dc034bf57e07d,896461,93026787.0,1046.0,1.1e-05,1,2,247
2025-05-12 22:00:06,a0d3a4e642f2cb39687a0fdd9b8095e69f59619186534afd225b79cfabe2f018,896461,97551209.0,1330.0,1.4e-05,2,2,372
2025-05-12 22:00:06,d5cb1911206adaf7002d21587b183c3ca285292961352536088277be9ebd9c70,896461,21378914.0,1326.0,6.2e-05,2,2,371
2025-05-12 22:00:06,f242358e3a881647101c95cd6e54f5698e721f1ecfc1f8b96b55e9e3652961f0,896461,1282959.0,2489.0,0.00194,5,1,789
2025-05-12 22:00:06,16850281c472d35f66279950162a221be1ead763b7ccee53fb015db911f4f96d,896461,451808.0,870.0,0.001926,1,1,216
2025-05-12 22:00:06,20a6cd101d6b18d957bda63044256b343c547bb5da3e69bcb7190f76de9122dc,896461,26508.0,924.0,0.034857,1,2,193
2025-05-12 22:00:06,41c85fcf1fc361f8352dcb788b985e11c9006b1e6ec150e3c866fd3a8c4d18cc,896461,54159.0,918.0,0.01695,1,2,222
2025-05-12 22:00:06,7c5c2987d5942f48f61af8e646197c577e81c9d3ecb8e1d549f149b8dbd3584e,896461,881825.0,918.0,0.001041,1,2,222
2025-05-12 22:00:06,ca5c0cce06c7ac685d1e2bc353cf085334f9b0748842f8fc6d21756a15a0e31d,896461,1364954.0,918.0,0.000673,1,2,222
2025-05-12 22:00:06,dce89e3582313e6900c759f5980f618ef7cb5b913a28077f24de6fd60d387ad7,896461,1296975.0,2256.0,0.001739,4,2,669
2025-05-12 22:00:06,b5e0a871c42b3813267565efb3073315f06e33f068c2d204642309ac27c4b1da,896461,262036.0,964.0,0.003679,1,2,226
2025-05-12 22:00:06,59b90e92b1f946dc382917bf7642944664ef8b97128cf27f1314e6b105fc9d8c,896461,374351.0,1632.0,0.00436,3,1,487
2025-05-12 22:00:06,b5d5f33f143c31e04814250cac3c36a256c82b2dee49f62cc48043e231e74f60,896461,120657.0,1393.0,0.011545,2,2,370
2025-05-12 22:00:06,6c8abb647edee1bbc7071e478995547705017e68efc9dee8eeaeb2e75cb54e79,896461,1148157.0,1130.0,0.000984,1,2,247
2025-05-12 22:00:06,71cdc378ef1b4f5751fd43bf810c005621194c8412f01cb494549ebb88ee3d94,896461,119997.0,769.0,0.006408,1,1,191
2025-05-12 22:00:06,e3fd8fb1c5f6ab15b01fbf2995a95bc0b2fc15e1a9a1e3ecf2b3bc59003bfe36,896461,344005.0,769.0,0.002235,1,1,191
2025-05-12 22:00:06,82f2470274977b65c3268e3b0e0ad6d8db4ab717336b9f7b967a230e48ec0123,896461,176827.0,769.0,0.004349,1,1,191
2025-05-12 22:00:06,f4aba1ffbc48b2f59098fa28a52c7337aad7f0abce319eced4503c6e6efce621,896461,346615.0,769.0,0.002219,1,1,191
2025-05-12 22:00:06,3d8fb6c84b739f5187153c35b611fa8a33b2c76c77b5ebdfdb5ac5efecfe5100,896461,1672805.0,769.0,0.00046,1,1,192
2025-05-12 22:00:06,b71f7e08af404a2c3ec65c34876ec936adb43422adabd4a4a814a772691267d9,896461,181038.0,1211.0,0.006689,1,3,254
2025-05-12 22:00:06,afabd15ebd255ed7c81b4c1b70f02607484ae84b7612272ccc24ab8ab8fcb299,896461,12102.0,1328.0,0.109734,1,1,188
2025-05-12 22:00:06,a58586ba2f9ea2a734347ca487da73efc3f1a2e703ffe3d9869f1b04dfc1d5b8,896461,131303.0,5194.0,0.039557,7,7,1241
2025-05-12 22:00:06,2a2cb175aa3ff09a202bbb7b7154be501ecb96391dcf354420259860cb5e5a53,896461,49952663.0,1184.0,2.4e-05,1,3,248
2025-05-12 22:00:06,c383436ea885aa71fb7026d50b22ac292a7a24778817bcc8266c635bf746212c,896461,2476154.0,2000.0,0.000808,3,2,521
2025-05-12 22:00:06,678c1f7d1b8118fc13d4ec9b9a5ebede13e9712f076e71b9aea5d37436384f20,896461,472080.0,2000.0,0.004237,3,2,521
2025-05-12 22:00:06,32c3d3fea6457f6a5c6e708eba3b1f46071c1368cd24fc4dda1783d8b67687c9,896461,101838.0,821.0,0.008062,1,1,195
2025-05-12 22:00:06,eb59bc6b25f3d86c6f7272f469b451093045b837dc80213decd727c95d71bbdd,896461,634733.0,897.0,0.001413,1,1,203
2025-05-14 17:09:36,4fe11361823def22d079798418da660038c462e0fd69035706767d5d238bd25b,896699,2083079.0,440.0,0.000211,1,1,191
2025-05-14 17:09:36,c4350210e8ca10ed6e5775df8df795ec0d677def90be813269b78d008062f25a,896699,74117.0,564.0,0.00761,1,2,223
2025-05-14 17:09:36,5d4744d2d032130a07bbbf182924d1baafbd0819b198a2268cb724167624c257,896699,4394.0,452.0,0.102868,1,1,195
2025-05-14 17:09:36,2610e9c7a91ffa3d113414cd178057686fe27361796594ee4e6e87b15223f156,896699,2465589.0,576.0,0.000234,1,2,226
2025-05-14 17:09:36,8d608ba335b491130cce06b53d9e0579106e0c9518cbf352ed9a148fc46ab855,896699,50440.0,724.0,0.014354,2,1,343
2025-05-14 17:09:36,931302c2fe8e618278fabc4b6d680c09104ef82600716242670a4d09b99a9954,896699,135392.0,564.0,0.004166,1,2,223
2025-05-14 17:09:36,2c68bd9b0c8d3133ffd7c2ffb8b19e98fd0507b3cd0de1da75bfb8ded5194054,896699,247905.0,1108.0,0.004469,3,2,520
2025-05-14 17:09:36,5aceccb9162f61153816fd2db44dbaee7dbd23b9ae6e0413b99b3b671c89d152,896699,398123.0,716.0,0.001798,2,1,341
2025-05-14 17:09:36,4b3a3e81d5bebcf1cb01710c5f1f5618074a29975bd1f38419d29a4ba2890c52,896699,398352.0,564.0,0.001416,1,2,222
2025-05-14 17:09:36,df72a2e916e6141a1cc85f4be5b6193c9852dfa187b1dd716ebb97cb4a86ca51,896699,33425.0,564.0,0.016874,1,2,223
2025-05-14 17:09:36,1e5aa48037da513a674d0fb4656f43357d85367127e1aef41ecba10208dd024f,896699,139211.0,712.0,0.005115,2,1,340
2025-05-14 17:09:36,ed95681734c6a415d9b037c83a800dc9f3df3fbcfc2744b4af6c41c99d9a5449,896699,3294363.0,576.0,0.000175,1,2,226
2025-05-14 17:09:36,c0ae61f09d504e020e15b59363ba60b11cb9af6619322cdc2a7f5f512c5a8f47,896699,199889.0,568.0,0.002842,1,1,319
2025-05-14 17:09:36,361ed9173455351f9d53d2631750edd6d1fa7f85da49b9804fcbf1293e3afe45,896699,140415.0,440.0,0.003134,1,1,191
2025-05-14 17:09:36,fd9b4061de695f26c9dfdb8876388ca939873b83b69262303139f80b04683f45,896699,3565916.0,768.0,0.000215,1,2,383
2025-05-14 17:09:36,3b10c2c3d1a7217735e8d75d4bfe8c0e7c66d08ba47693178be1b3ab6820e244,896699,107478.0,576.0,0.005359,1,2,226
2025-05-14 17:09:36,dc45afffa2acb79336d8b831588eac27515a43930002e270cb0058f5af56bf43,896699,956866.0,452.0,0.000472,1,1,194
2025-05-14 17:09:36,de1e98a376b9683d84d71ac29b8a793d51e799fb3e81ebb6676c093eb3bef540,896699,73896312.0,564.0,8e-06,1,2,222
2025-05-14 17:09:36,2b8ae995fd2dec38ef0be77621b4ce5e557b562c71f77d27086d7a688128743f,896699,190792.0,452.0,0.002369,1,1,195
2025-05-14 17:09:36,252ef52cb1afa47d827d3322464c556abe7d9fc477319f83e81a483ce33e1c3f,896699,1347220.0,568.0,0.000422,1,2,223
2025-05-14 17:09:36,f25351f408b93a1f91f6f146e549ccebf4b3becc7b6d544373e63d7a2460023f,896699,29418.0,440.0,0.014957,1,1,191
2025-05-14 17:09:36,3683951d7eaf27e0ddb8e527385cba39f5f5bd425b99e924d59f7c81ec6a583e,896699,30904.0,1032.0,0.033394,3,1,501
2025-05-14 17:09:36,0f308e1e3c325529354d19f16e17981c9bbb24c2bc4a97e4208a1899e1f4523d,896699,48597.0,564.0,0.011606,1,2,223
2025-05-14 17:09:36,577031b5828c4f72d022e89ac2432bd0a32ee09a0ef493402fc2f8847bb6413d,896699,560259.0,564.0,0.001007,1,2,222
2025-05-14 17:09:36,3a84541ee37c6b7739d8fa9c1d1b01c1af4575b467a0ef2d5122e31736fb5f3b,896699,4206601.0,564.0,0.000134,1,2,222
2025-05-14 17:09:36,f7dc99c16c9939ecde732027a63c33eb555c681534a208d91be4f195a2b6393a,896699,5320985.0,440.0,8.3e-05,1,1,192
2025-05-14 17:09:36,009c6a8eb34c6cfff56080f58ef0f10315dbc733adf3e88386abc2e5f6aa6137,896699,835156.0,444.0,0.000532,1,1,192
2025-05-14 17:09:36,461d27c5dd1779fa5ec6d771ccbb7652347eb3011280b2c95097fafb7f3f1e37,896699,37030505.0,564.0,1.5e-05,1,2,223
2025-05-14 17:09:36,eb3bdc0edc075ef5cd5c0d074502a26287b51f0da82a77c77803417ae270a834,896699,1988580.0,716.0,0.00036,2,1,341
2025-05-14 17:09:36,6dc366f836885770c197ce50952ac7a9364a0b3b10bca6cf0b4f0a62cfe1a932,896699,36986.0,688.0,0.018602,1,3,253
2025-05-14 17:09:36,41e8281a44cdc73df18208f9b15e3edfc94542911af3044daadc5797df893f32,896699,43211.0,440.0,0.010183,1,1,191
2025-05-14 17:09:36,ae6f6092c87e5f3ba6df30b745f95f41ec7e5859f335f1c1a3c1cf546e323e32,896699,56086.0,564.0,0.010056,1,2,222
2025-05-14 17:09:36,5db933c8b42db0b71e4609034c6f57f4d8779308329dea876ee67b05e27d8231,896699,430764400.0,564.0,1e-06,1,2,222
2025-05-14 17:09:36,112e87585b490e700b04de0545aafdf185273e16ba4842788c7cc3cc22ac392f,896699,559781.0,564.0,0.001008,1,2,223
2025-05-14 17:09:36,49e86459d36cb11b23c7077c0ed8af124d8a40fa75f53c3d9648e8589a1d7b2d,896699,2405814.0,564.0,0.000234,1,2,222
2025-05-14 17:09:36,9a74cb8a4604e651517c0b6ff631a4c03caace77653bdd898d7b52999973b52c,896699,208915.0,444.0,0.002125,1,1,193
2025-05-14 17:09:36,a2c98ba8195bb6da58dbdac67959523ec0a37b1c3ad6605f8a5c0d78a6c3612a,896699,448219.0,568.0,0.001267,1,2,224
2025-05-14 17:09:36,4700a3d1ee6a58a6180487104203479244889b3bb61cbc36d5373b58082db329,896699,86160.0,918.0,0.010655,1,2,235
2025-05-14 17:09:36,a63c36bff28cb0a169eb43d45c8c57ac56d0af1007d6c07b70a73effe2a0c7f1,896699,97905.0,306.0,0.003125,1,2,234
2025-05-14 17:09:36,65945300fe7bd033035638885fc2b30a39c06067ceddb1b6b0b1d53573f53529,896699,1307109.0,664.0,0.000508,1,2,247
2025-05-14 17:09:36,620625ebcc20e3631a7c18de88ea56d37ac7467d66126f57e32cb1e01dbbc628,896699,16087.0,440.0,0.027351,1,1,192
2025-05-14 17:09:36,2304ed1a2db97cec5408acdb5b0b9b26d2d84c21f90d8f7c6e90a611281f5b28,896699,40983438.0,660.0,1.6e-05,1,2,246
2025-05-14 17:09:36,b9b6772d61b0d3d6cc6674630f0696cf5d9617d12681d3fbeaeb069410e7c425,896699,51789.0,452.0,0.008728,1,1,195
2025-05-14 17:09:36,cad6197a87f64b625762ba2ba6ce20e0663eae13e08486102947322db5496725,896699,2808485.0,452.0,0.000161,1,1,194
2025-05-14 17:09:36,227d2a1b42724bbd44b7362ad0e66cb15ab595c743d568285e27c5d02c492924,896699,2815597.0,564.0,0.0002,1,2,222
2025-05-14 17:09:36,daf636c9ee9e05ed87ccbcc2dbf23f43fa4837b51056e3b6d93282f0ce3a3922,896699,105221.0,564.0,0.00536,1,2,222
2025-05-14 17:09:36,7c226c32a13d3fd042fbd14a3f0e31bf66e5a0eefde43d7b870817d10ed22421,896699,156260.0,440.0,0.002816,1,1,192
2025-05-14 17:09:36,c4d482387d227ab4e06448336ce360f71c5d26f6d207b123f6e0f9eb817ebe20,896699,151366.0,568.0,0.003752,1,2,224
2025-05-14 17:09:36,4a307d1b80628c57ed539f06567a82878fa886698bff26c0c793f93a7d99fd1f,896699,1018553.0,564.0,0.000554,1,2,222
2025-05-14 17:09:36,fed980ad21c627faf51b174917a7b051449ccea36f9926464bf348c94f12e01b,896699,798972.0,452.0,0.000566,1,1,195
2025-05-14 17:09:36,0b0236cfd2b0aa54db34b9e06eb6dff698991c3caac4a7075b1df66963b0cc1b,896699,1048651.0,576.0,0.000549,1,2,226
2025-05-14 17:09:36,4db0cb1adfc3e1222c95eefbbe291936c208fd7e66376cfdc4dabbcc98eaf21a,896699,91598.0,564.0,0.006157,1,2,223
2025-05-14 17:09:36,f07d78c11805ee4994e84d0713edc8114b049397d281b15ca521c85ec0d5511a,896699,28693.0,452.0,0.015753,1,1,194
2025-05-14 17:09:36,d545362ab6586f877dc9f97223cd26e8ffb76263ed09ce771d0ff265009efd18,896699,253811.0,564.0,0.002222,1,2,223
2025-05-14 17:09:36,7a9e67c4b6bb880412976aa3c470c5c78b2c91b4a32e7b22a7dee3adcf77ef16,896699,12232152.0,440.0,3.6e-05,1,1,192
2025-05-14 17:09:36,459ac74486f9566950893172988f2a41c7b132da17f810b71f81c7721931c516,896699,49702.0,568.0,0.011428,1,1,319
2025-05-14 17:09:36,deeb7ebd9849a128c0ab7065674059c5cc33e33b1bca09342b9e680280398e15,896699,930371.0,564.0,0.000606,1,2,222
2025-05-14 17:09:36,84548062b23b52e0a55a8e153c7b48a4e0260402f82cd8f7b85ea9606a086213,896699,10777.0,712.0,0.066067,2,1,340
2025-05-14 17:09:36,1536901f539bdea05349229d06fd2c5e97422291f81de85b1b81fc5783899a10,896699,1067465.0,576.0,0.00054,1,2,226
2025-05-14 17:09:36,075b60d6d22651d9212a813bbf62fc479af58683252c2cb1e7c29c46591d8210,896699,195994.0,452.0,0.002306,1,1,195
2025-05-14 17:09:36,05383d3b779e34dc9d6c30b2399c71dcf46e28297e59e22d209d45ed7ed2c30d,896699,19464.0,536.0,0.027538,1,1,216
2025-05-14 17:09:36,61097eb5ac99f447a925c3c1a7d07e1fd9b283eea1ffd58992b6917b60d87509,896699,96832.0,440.0,0.004544,1,1,191
2025-05-14 17:09:36,78b633ae64dce5bb8765bafe5874e37a3ff9f32dace569c499ecbabe12929808,896699,177614035.0,564.0,3e-06,1,2,222
2025-05-14 17:09:36,7a70d42aeb85653e094ec0d531ef6669f8d7daff824cb4e0d220c58474915d23,896699,178235599.0,576.0,3e-06,1,2,225
2025-05-14 17:09:36,0d1964e0c23c7c8f0a451b1e8e2481d5b537333536c29f8f67faa0381e20b41d,896699,178725675.0,576.0,3e-06,1,2,225
2025-05-14 17:09:36,0b20bb74b2f21ffb0e90bf9abdfbf548ee920611b1dde802c165da9c61d09dbd,896699,179323651.0,564.0,3e-06,1,2,222
2025-05-14 17:09:36,d2d319326a17435004ed3f672a534ef747b3e6a4e801bc2aac8bf881bc9797c4,896699,179843015.0,564.0,3e-06,1,2,222
2025-05-14 17:09:36,256a11d8123d20c8ee4ecf04fd9b5785e04114842285628ec22e34794753b58b,896699,180702679.0,564.0,3e-06,1,2,222
2025-05-14 17:09:36,09deff286c9c3ff1f9b9ac2b55842a39d70076e58c20b920d238a8d3aff09307,896699,16124.0,616.0,0.038204,1,2,205
2025-05-14 17:09:36,4e5eac21b8a3bba2f211cab332d1ad4580e411c5103209f6dc82757c74d5bb04,896699,6370592.0,1348.0,0.000212,2,1,337
2025-05-14 17:09:36,11ee7449357b99a06fcbf821027c28c009d6aaf0d633c2061597ef61edcd1602,896699,106736.0,564.0,0.005284,1,2,222
2025-05-14 17:09:36,970a27f7a52d4f1130cb61a1706578811f335e9fa2ac6a67867ca770eef21e00,896699,8502720.0,564.0,6.6e-05,1,2,222
2025-05-14 17:09:36,0ca475053d7f8ef330764aa022a9f8afbbd1818a338c770fb594c83b5490d2f6,896699,1674331.0,1919.0,0.001146,6,2,962
2025-05-14 17:09:36,4060b6069869242c4ffdbed9f4a36c729418c7d7179cf33adf30db5e7499ea4e,896699,365928882.0,589.0,2e-06,1,2,228
2025-05-14 17:09:36,3c8e5ba56e7e7c87f35b29aa76a029e11c9c8f4ca857cd9f93d52bab323b3dd8,896699,160427753.0,565.0,4e-06,1,2,222
2025-05-14 17:09:36,44974e23d54985a9d83e594ec61c786dd0330df42ccf50f3db14a60f7f7801c4,896699,27836246.0,565.0,2e-05,1,2,222
2025-05-14 17:09:36,6fc74eec2cc831e7a64bf986296d55b50609e30d2baa9790c396d8e5e1719ab9,896699,593179.0,1106.0,0.001865,3,2,518
2025-05-14 17:09:36,ba7cc0cd59eb68394ffde6c612fa40d8907213545d4dce59b5bcce214f812629,896699,10042294.0,7364.0,0.000733,26,2,3934
2025-05-14 17:09:36,51fe5463b98867b602d42a2e8f522bb2f47d3a240859494b0ae2d38bccf74814,896699,324253.0,834.0,0.002572,2,2,370
2025-05-14 17:09:36,f59e506289f6dabe955971619ad85dd491dd20540b105ee3a71f80129a0960de,896699,942070.0,1528.0,0.001622,5,1,786
2025-05-14 17:09:36,90d8332fe239123c5a7c574fac86df778916103e0d56b20d506708bd1a042f6a,896699,76483.0,1484.0,0.019403,2,2,370
2025-05-14 17:09:36,3c9756a8b9c05b59e1267bab344fd9045abdea6fde6b3631633802a70ba9fd95,896699,62674.0,1120.0,0.01787,1,2,223
2025-05-14 17:09:36,787089bb3906ba4308ef506d3ff1ae0bd8435ba230f16214e40ba14bf39ec925,896699,83033.0,669.0,0.008057,1,2,223
2025-05-14 17:09:36,c2c3532452f5d4d4832ec33b87b8411a407e9dc8afbd737d6cf30b80c8e959f9,896699,340311.0,1428.0,0.004196,4,2,680
2025-05-14 17:09:36,d531a23cb97890d44c26ae6d1cdbd64051c5053aa6e4312778955536817eb481,896699,547801.0,706.0,0.001289,1,3,257
2025-05-14 17:09:36,00d7df65898d785fce37def4d11378be15822c27f62aea3f521f20a112e0b318,896699,2098732.0,1268.0,0.000604,4,1,640
2025-05-14 17:09:36,f1ec58f9894cc7e69acf83e678b7404d6416256f50bb0b6037365cbc53c46525,896699,1449983.0,566.0,0.00039,1,2,222
2025-05-14 17:09:36,d78b81425f4be1f691fa22633a72820cfcb53df0fa6b10ab761710c64b6222a7,896699,402166.0,1120.0,0.002785,3,2,522
2025-05-14 17:09:36,0d54972851c99b1fa70554e9a0a0ee13a692b170a80021e1ed962ad0a415f69c,896699,961951.0,1112.0,0.001156,3,2,520
2025-05-14 17:09:36,b186d9f9f3733f610a3b647bc7618cc74dec38852d9f28bb684834ae7ba7a43b,896699,103004.0,996.0,0.00967,3,1,491
2025-05-14 17:09:36,e66cc2923137c61784fed57c755bf2f4cff6ea5fb66e4f1ea1690086582c05e9,896699,8880142.0,1940.0,0.000218,3,1,483
2025-05-14 17:09:36,32fb1f9165cd102efc0ac6b1eacc80f1d00ee7116f141fba0a3ecd6957122cb0,896699,83060.0,940.0,0.011317,1,2,234
2025-05-14 17:09:36,238a1e02fb178f425d4d950ab9a3199ecfa63efab017f88216f198af13185e6d,896699,197842.0,940.0,0.004751,1,2,234
2025-05-14 17:09:36,e864793d2949ee97fca4aa0934f94c6b449c3af80e48113dd506ca3062006995,896699,1173507.0,904.0,0.00077,1,2,225
2025-05-14 17:09:36,82c4e15fd81b67543774cd2c264d78e5c4152fac0f39f440aea55d233492a13e,896699,80342.0,904.0,0.011252,1,2,225
2025-05-14 17:09:36,61987412cbf990e1f3224128f71e939d00ccb46692901308b0bd46e7b8779797,896699,81372985.0,896.0,1.1e-05,1,2,223
2025-05-14 17:09:36,c91a1d7f441523d8ace7165b29a83fd6a837008fbe3b6af70e0c026c167bd876,896699,49248953.0,671.0,1.4e-05,1,3,249
2025-05-14 17:09:36,68c4ae0f943eba83e1276b9ab106305a8d5fc17df435d561f03101685ca5f5d9,896699,968108.0,892.0,0.000921,1,2,222
2025-05-14 17:09:36,38b06af06bb8862f6a809a233b3e8f1a217f1a1d571b09b23dbe897144a3ceb8,896699,82108.0,892.0,0.010864,1,2,222
2025-05-14 17:09:36,c6c1c3f0458549eae9b83048f499c45375f6cdb44c1d985de9a0b5cdcc75ca50,896699,46158.0,884.0,0.019152,2,2,382
2025-05-14 17:09:36,4fe11361823def22d079798418da660038c462e0fd69035706767d5d238bd25b,896699,2083079.0,440.0,0.000211,1,1,191
2025-05-14 17:09:36,c4350210e8ca10ed6e5775df8df795ec0d677def90be813269b78d008062f25a,896699,74117.0,564.0,0.00761,1,2,223
2025-05-14 17:09:36,5d4744d2d032130a07bbbf182924d1baafbd0819b198a2268cb724167624c257,896699,4394.0,452.0,0.102868,1,1,195
2025-05-14 17:09:36,2610e9c7a91ffa3d113414cd178057686fe27361796594ee4e6e87b15223f156,896699,2465589.0,576.0,0.000234,1,2,226
2025-05-14 17:09:36,8d608ba335b491130cce06b53d9e0579106e0c9518cbf352ed9a148fc46ab855,896699,50440.0,724.0,0.014354,2,1,343
2025-05-14 17:09:36,931302c2fe8e618278fabc4b6d680c09104ef82600716242670a4d09b99a9954,896699,135392.0,564.0,0.004166,1,2,223
2025-05-14 17:09:36,2c68bd9b0c8d3133ffd7c2ffb8b19e98fd0507b3cd0de1da75bfb8ded5194054,896699,247905.0,1108.0,0.004469,3,2,520
2025-05-14 17:09:36,5aceccb9162f61153816fd2db44dbaee7dbd23b9ae6e0413b99b3b671c89d152,896699,398123.0,716.0,0.001798,2,1,341
2025-05-14 17:09:36,4b3a3e81d5bebcf1cb01710c5f1f5618074a29975bd1f38419d29a4ba2890c52,896699,398352.0,564.0,0.001416,1,2,222
2025-05-14 17:09:36,df72a2e916e6141a1cc85f4be5b6193c9852dfa187b1dd716ebb97cb4a86ca51,896699,33425.0,564.0,0.016874,1,2,223
2025-05-14 17:09:36,1e5aa48037da513a674d0fb4656f43357d85367127e1aef41ecba10208dd024f,896699,139211.0,712.0,0.005115,2,1,340
2025-05-14 17:09:36,ed95681734c6a415d9b037c83a800dc9f3df3fbcfc2744b4af6c41c99d9a5449,896699,3294363.0,576.0,0.000175,1,2,226
2025-05-14 17:09:36,c0ae61f09d504e020e15b59363ba60b11cb9af6619322cdc2a7f5f512c5a8f47,896699,199889.0,568.0,0.002842,1,1,319
2025-05-14 17:09:36,361ed9173455351f9d53d2631750edd6d1fa7f85da49b9804fcbf1293e3afe45,896699,140415.0,440.0,0.003134,1,1,191
2025-05-14 17:09:36,fd9b4061de695f26c9dfdb8876388ca939873b83b69262303139f80b04683f45,896699,3565916.0,768.0,0.000215,1,2,383
2025-05-14 17:09:36,3b10c2c3d1a7217735e8d75d4bfe8c0e7c66d08ba47693178be1b3ab6820e244,896699,107478.0,576.0,0.005359,1,2,226
2025-05-14 17:09:36,dc45afffa2acb79336d8b831588eac27515a43930002e270cb0058f5af56bf43,896699,956866.0,452.0,0.000472,1,1,194
2025-05-14 17:09:36,de1e98a376b9683d84d71ac29b8a793d51e799fb3e81ebb6676c093eb3bef540,896699,73896312.0,564.0,8e-06,1,2,222
2025-05-14 17:09:36,2b8ae995fd2dec38ef0be77621b4ce5e557b562c71f77d27086d7a688128743f,896699,190792.0,452.0,0.002369,1,1,195
2025-05-14 17:09:36,252ef52cb1afa47d827d3322464c556abe7d9fc477319f83e81a483ce33e1c3f,896699,1347220.0,568.0,0.000422,1,2,223
2025-05-14 17:09:36,f25351f408b93a1f91f6f146e549ccebf4b3becc7b6d544373e63d7a2460023f,896699,29418.0,440.0,0.014957,1,1,191
2025-05-14 17:09:36,3683951d7eaf27e0ddb8e527385cba39f5f5bd425b99e924d59f7c81ec6a583e,896699,30904.0,1032.0,0.033394,3,1,501
2025-05-14 17:09:36,0f308e1e3c325529354d19f16e17981c9bbb24c2bc4a97e4208a1899e1f4523d,896699,48597.0,564.0,0.011606,1,2,223
2025-05-14 17:09:36,577031b5828c4f72d022e89ac2432bd0a32ee09a0ef493402fc2f8847bb6413d,896699,560259.0,564.0,0.001007,1,2,222
2025-05-14 17:09:36,3a84541ee37c6b7739d8fa9c1d1b01c1af4575b467a0ef2d5122e31736fb5f3b,896699,4206601.0,564.0,0.000134,1,2,222
2025-05-14 17:09:36,f7dc99c16c9939ecde732027a63c33eb555c681534a208d91be4f195a2b6393a,896699,5320985.0,440.0,8.3e-05,1,1,192
2025-05-14 17:09:36,009c6a8eb34c6cfff56080f58ef0f10315dbc733adf3e88386abc2e5f6aa6137,896699,835156.0,444.0,0.000532,1,1,192
2025-05-14 17:09:36,461d27c5dd1779fa5ec6d771ccbb7652347eb3011280b2c95097fafb7f3f1e37,896699,37030505.0,564.0,1.5e-05,1,2,223
2025-05-14 17:09:36,eb3bdc0edc075ef5cd5c0d074502a26287b51f0da82a77c77803417ae270a834,896699,1988580.0,716.0,0.00036,2,1,341
2025-05-14 17:09:36,6dc366f836885770c197ce50952ac7a9364a0b3b10bca6cf0b4f0a62cfe1a932,896699,36986.0,688.0,0.018602,1,3,253
2025-05-14 17:09:36,41e8281a44cdc73df18208f9b15e3edfc94542911af3044daadc5797df893f32,896699,43211.0,440.0,0.010183,1,1,191
2025-05-14 17:09:36,ae6f6092c87e5f3ba6df30b745f95f41ec7e5859f335f1c1a3c1cf546e323e32,896699,56086.0,564.0,0.010056,1,2,222
2025-05-14 17:09:36,5db933c8b42db0b71e4609034c6f57f4d8779308329dea876ee67b05e27d8231,896699,430764400.0,564.0,1e-06,1,2,222
2025-05-14 17:09:36,112e87585b490e700b04de0545aafdf185273e16ba4842788c7cc3cc22ac392f,896699,559781.0,564.0,0.001008,1,2,223
2025-05-14 17:09:36,49e86459d36cb11b23c7077c0ed8af124d8a40fa75f53c3d9648e8589a1d7b2d,896699,2405814.0,564.0,0.000234,1,2,222
2025-05-14 17:09:36,9a74cb8a4604e651517c0b6ff631a4c03caace77653bdd898d7b52999973b52c,896699,208915.0,444.0,0.002125,1,1,193
2025-05-14 17:09:36,a2c98ba8195bb6da58dbdac67959523ec0a37b1c3ad6605f8a5c0d78a6c3612a,896699,448219.0,568.0,0.001267,1,2,224
2025-05-14 17:09:36,4700a3d1ee6a58a6180487104203479244889b3bb61cbc36d5373b58082db329,896699,86160.0,918.0,0.010655,1,2,235
2025-05-14 17:09:36,a63c36bff28cb0a169eb43d45c8c57ac56d0af1007d6c07b70a73effe2a0c7f1,896699,97905.0,306.0,0.003125,1,2,234
2025-05-14 17:09:36,65945300fe7bd033035638885fc2b30a39c06067ceddb1b6b0b1d53573f53529,896699,1307109.0,664.0,0.000508,1,2,247
2025-05-14 17:09:36,620625ebcc20e3631a7c18de88ea56d37ac7467d66126f57e32cb1e01dbbc628,896699,16087.0,440.0,0.027351,1,1,192
2025-05-14 17:09:36,2304ed1a2db97cec5408acdb5b0b9b26d2d84c21f90d8f7c6e90a611281f5b28,896699,40983438.0,660.0,1.6e-05,1,2,246
2025-05-14 17:09:36,b9b6772d61b0d3d6cc6674630f0696cf5d9617d12681d3fbeaeb069410e7c425,896699,51789.0,452.0,0.008728,1,1,195
2025-05-14 17:09:36,cad6197a87f64b625762ba2ba6ce20e0663eae13e08486102947322db5496725,896699,2808485.0,452.0,0.000161,1,1,194
2025-05-14 17:09:36,227d2a1b42724bbd44b7362ad0e66cb15ab595c743d568285e27c5d02c492924,896699,2815597.0,564.0,0.0002,1,2,222
2025-05-14 17:09:36,daf636c9ee9e05ed87ccbcc2dbf23f43fa4837b51056e3b6d93282f0ce3a3922,896699,105221.0,564.0,0.00536,1,2,222
2025-05-14 17:09:36,7c226c32a13d3fd042fbd14a3f0e31bf66e5a0eefde43d7b870817d10ed22421,896699,156260.0,440.0,0.002816,1,1,192
2025-05-14 17:09:36,c4d482387d227ab4e06448336ce360f71c5d26f6d207b123f6e0f9eb817ebe20,896699,151366.0,568.0,0.003752,1,2,224
2025-05-14 17:09:36,4a307d1b80628c57ed539f06567a82878fa886698bff26c0c793f93a7d99fd1f,896699,1018553.0,564.0,0.000554,1,2,222
2025-05-14 17:09:36,fed980ad21c627faf51b174917a7b051449ccea36f9926464bf348c94f12e01b,896699,798972.0,452.0,0.000566,1,1,195
2025-05-14 17:09:36,0b0236cfd2b0aa54db34b9e06eb6dff698991c3caac4a7075b1df66963b0cc1b,896699,1048651.0,576.0,0.000549,1,2,226
2025-05-14 17:09:36,4db0cb1adfc3e1222c95eefbbe291936c208fd7e66376cfdc4dabbcc98eaf21a,896699,91598.0,564.0,0.006157,1,2,223
2025-05-14 17:09:36,f07d78c11805ee4994e84d0713edc8114b049397d281b15ca521c85ec0d5511a,896699,28693.0,452.0,0.015753,1,1,194
2025-05-14 17:09:36,d545362ab6586f877dc9f97223cd26e8ffb76263ed09ce771d0ff265009efd18,896699,253811.0,564.0,0.002222,1,2,223
2025-05-14 17:09:36,7a9e67c4b6bb880412976aa3c470c5c78b2c91b4a32e7b22a7dee3adcf77ef16,896699,12232152.0,440.0,3.6e-05,1,1,192
2025-05-14 17:09:36,459ac74486f9566950893172988f2a41c7b132da17f810b71f81c7721931c516,896699,49702.0,568.0,0.011428,1,1,319
2025-05-14 17:09:36,deeb7ebd9849a128c0ab7065674059c5cc33e33b1bca09342b9e680280398e15,896699,930371.0,564.0,0.000606,1,2,222
2025-05-14 17:09:36,84548062b23b52e0a55a8e153c7b48a4e0260402f82cd8f7b85ea9606a086213,896699,10777.0,712.0,0.066067,2,1,340
2025-05-14 17:09:36,1536901f539bdea05349229d06fd2c5e97422291f81de85b1b81fc5783899a10,896699,1067465.0,576.0,0.00054,1,2,226
2025-05-14 17:09:36,075b60d6d22651d9212a813bbf62fc479af58683252c2cb1e7c29c46591d8210,896699,195994.0,452.0,0.002306,1,1,195
2025-05-14 17:09:36,05383d3b779e34dc9d6c30b2399c71dcf46e28297e59e22d209d45ed7ed2c30d,896699,19464.0,536.0,0.027538,1,1,216
2025-05-14 17:09:36,61097eb5ac99f447a925c3c1a7d07e1fd9b283eea1ffd58992b6917b60d87509,896699,96832.0,440.0,0.004544,1,1,191
2025-05-14 17:09:36,78b633ae64dce5bb8765bafe5874e37a3ff9f32dace569c499ecbabe12929808,896699,177614035.0,564.0,3e-06,1,2,222
2025-05-14 17:09:36,7a70d42aeb85653e094ec0d531ef6669f8d7daff824cb4e0d220c58474915d23,896699,178235599.0,576.0,3e-06,1,2,225
2025-05-14 17:09:36,0d1964e0c23c7c8f0a451b1e8e2481d5b537333536c29f8f67faa0381e20b41d,896699,178725675.0,576.0,3e-06,1,2,225
2025-05-14 17:09:36,0b20bb74b2f21ffb0e90bf9abdfbf548ee920611b1dde802c165da9c61d09dbd,896699,179323651.0,564.0,3e-06,1,2,222
2025-05-14 17:09:36,d2d319326a17435004ed3f672a534ef747b3e6a4e801bc2aac8bf881bc9797c4,896699,179843015.0,564.0,3e-06,1,2,222
2025-05-14 17:09:36,256a11d8123d20c8ee4ecf04fd9b5785e04114842285628ec22e34794753b58b,896699,180702679.0,564.0,3e-06,1,2,222
2025-05-14 17:09:36,09deff286c9c3ff1f9b9ac2b55842a39d70076e58c20b920d238a8d3aff09307,896699,16124.0,616.0,0.038204,1,2,205
2025-05-14 17:09:36,4e5eac21b8a3bba2f211cab332d1ad4580e411c5103209f6dc82757c74d5bb04,896699,6370592.0,1348.0,0.000212,2,1,337
2025-05-14 17:09:36,11ee7449357b99a06fcbf821027c28c009d6aaf0d633c2061597ef61edcd1602,896699,106736.0,564.0,0.005284,1,2,222
2025-05-14 17:09:36,970a27f7a52d4f1130cb61a1706578811f335e9fa2ac6a67867ca770eef21e00,896699,8502720.0,564.0,6.6e-05,1,2,222
2025-05-14 17:09:36,0ca475053d7f8ef330764aa022a9f8afbbd1818a338c770fb594c83b5490d2f6,896699,1674331.0,1919.0,0.001146,6,2,962
2025-05-14 17:09:36,4060b6069869242c4ffdbed9f4a36c729418c7d7179cf33adf30db5e7499ea4e,896699,365928882.0,589.0,2e-06,1,2,228
2025-05-14 17:09:36,3c8e5ba56e7e7c87f35b29aa76a029e11c9c8f4ca857cd9f93d52bab323b3dd8,896699,160427753.0,565.0,4e-06,1,2,222
2025-05-14 17:09:36,44974e23d54985a9d83e594ec61c786dd0330df42ccf50f3db14a60f7f7801c4,896699,27836246.0,565.0,2e-05,1,2,222
2025-05-14 17:09:36,6fc74eec2cc831e7a64bf986296d55b50609e30d2baa9790c396d8e5e1719ab9,896699,593179.0,1106.0,0.001865,3,2,518
2025-05-14 17:09:36,ba7cc0cd59eb68394ffde6c612fa40d8907213545d4dce59b5bcce214f812629,896699,10042294.0,7364.0,0.000733,26,2,3934
2025-05-14 17:09:36,51fe5463b98867b602d42a2e8f522bb2f47d3a240859494b0ae2d38bccf74814,896699,324253.0,834.0,0.002572,2,2,370
2025-05-14 17:09:36,f59e506289f6dabe955971619ad85dd491dd20540b105ee3a71f80129a0960de,896699,942070.0,1528.0,0.001622,5,1,786
2025-05-14 17:09:36,90d8332fe239123c5a7c574fac86df778916103e0d56b20d506708bd1a042f6a,896699,76483.0,1484.0,0.019403,2,2,370
2025-05-14 17:09:36,3c9756a8b9c05b59e1267bab344fd9045abdea6fde6b3631633802a70ba9fd95,896699,62674.0,1120.0,0.01787,1,2,223
2025-05-14 17:09:36,787089bb3906ba4308ef506d3ff1ae0bd8435ba230f16214e40ba14bf39ec925,896699,83033.0,669.0,0.008057,1,2,223
2025-05-14 17:09:36,c2c3532452f5d4d4832ec33b87b8411a407e9dc8afbd737d6cf30b80c8e959f9,896699,340311.0,1428.0,0.004196,4,2,680
2025-05-14 17:09:36,d531a23cb97890d44c26ae6d1cdbd64051c5053aa6e4312778955536817eb481,896699,547801.0,706.0,0.001289,1,3,257
2025-05-14 17:09:36,00d7df65898d785fce37def4d11378be15822c27f62aea3f521f20a112e0b318,896699,2098732.0,1268.0,0.000604,4,1,640
2025-05-14 17:09:36,f1ec58f9894cc7e69acf83e678b7404d6416256f50bb0b6037365cbc53c46525,896699,1449983.0,566.0,0.00039,1,2,222
2025-05-14 17:09:36,d78b81425f4be1f691fa22633a72820cfcb53df0fa6b10ab761710c64b6222a7,896699,402166.0,1120.0,0.002785,3,2,522
2025-05-14 17:09:36,0d54972851c99b1fa70554e9a0a0ee13a692b170a80021e1ed962ad0a415f69c,896699,961951.0,1112.0,0.001156,3,2,520
2025-05-14 17:09:36,b186d9f9f3733f610a3b647bc7618cc74dec38852d9f28bb684834ae7ba7a43b,896699,103004.0,996.0,0.00967,3,1,491
2025-05-14 17:09:36,e66cc2923137c61784fed57c755bf2f4cff6ea5fb66e4f1ea1690086582c05e9,896699,8880142.0,1940.0,0.000218,3,1,483
2025-05-14 17:09:36,32fb1f9165cd102efc0ac6b1eacc80f1d00ee7116f141fba0a3ecd6957122cb0,896699,83060.0,940.0,0.011317,1,2,234
2025-05-14 17:09:36,238a1e02fb178f425d4d950ab9a3199ecfa63efab017f88216f198af13185e6d,896699,197842.0,940.0,0.004751,1,2,234
2025-05-14 17:09:36,e864793d2949ee97fca4aa0934f94c6b449c3af80e48113dd506ca3062006995,896699,1173507.0,904.0,0.00077,1,2,225
2025-05-14 17:09:36,82c4e15fd81b67543774cd2c264d78e5c4152fac0f39f440aea55d233492a13e,896699,80342.0,904.0,0.011252,1,2,225
2025-05-14 17:09:36,61987412cbf990e1f3224128f71e939d00ccb46692901308b0bd46e7b8779797,896699,81372985.0,896.0,1.1e-05,1,2,223
2025-05-14 17:09:36,c91a1d7f441523d8ace7165b29a83fd6a837008fbe3b6af70e0c026c167bd876,896699,49248953.0,671.0,1.4e-05,1,3,249
2025-05-14 17:09:36,68c4ae0f943eba83e1276b9ab106305a8d5fc17df435d561f03101685ca5f5d9,896699,968108.0,892.0,0.000921,1,2,222
2025-05-14 17:09:36,38b06af06bb8862f6a809a233b3e8f1a217f1a1d571b09b23dbe897144a3ceb8,896699,82108.0,892.0,0.010864,1,2,222
2025-05-14 17:09:36,c6c1c3f0458549eae9b83048f499c45375f6cdb44c1d985de9a0b5cdcc75ca50,896699,46158.0,884.0,0.019152,2,2,382
2025-05-14 19:23:31,aff5867e98fc100ee711c86119216f79489bf943fdeb6c99d67bee6a621f0f22,896711,96296.0,444.0,0.004611,1,1,193
2025-05-14 19:23:31,cd6893212e9e35164447b984bc8dc816e6cd0c4cf3cd0f3a3d9ac01398ccd721,896711,51958.0,564.0,0.010855,1,2,223
2025-05-14 19:23:31,2622a3c2ce553c21f7dd5b147e7fb995682fb83c5e1dbc712ed4900198bfd721,896711,331818.0,452.0,0.001362,1,1,194
2025-05-14 19:23:31,a8442eb016e05db0dd821d3b0fca67f25ffdf03d53ac43f47ca9a97bab420121,896711,586175.0,564.0,0.000962,1,2,222
2025-05-14 19:23:31,b6c3d9d08203cac772b8c1bebf1e7df4c6bedcfd55b6d5adaa0938187a4ddf20,896711,422528.0,576.0,0.001363,1,2,226
2025-05-14 19:23:31,53b195a7043e1259e8036f4303eecd90cb07dc5b7032c408a3393f64d1e7241f,896711,2733984.0,564.0,0.000206,1,2,222
2025-05-14 19:23:31,2ec89070dfc42466a3c405ca63dd4c40abc6cf3ff5d9c38ac58f3dd0e6141d1f,896711,34107.0,688.0,0.020172,1,3,253
2025-05-14 19:23:31,cf4f0928ed3d108d97a8e5efce5b5f7b3119fd46c0e65c2b629b05376b81681e,896711,357150.0,660.0,0.001848,1,2,247
2025-05-14 19:23:31,94875c7fe8e2aeb62e36d00193eac77bb515edea0d4836b809c62d1e21244e1e,896711,33320.0,568.0,0.017047,1,2,223
2025-05-14 19:23:31,0f8aabc32b669cc13d44afaace71b58e23ac1e6e8cdad9afea29a7b3c76dd21d,896711,560100.0,440.0,0.000786,1,1,191
2025-05-14 19:23:31,482d45080136f4d8a65503bb3fbe15d9931cca54c9902683efe13d43e3ccde1c,896711,8526676.0,564.0,6.6e-05,1,2,223
2025-05-14 19:23:31,16fa5c7cf39d6007c09022cbe271037dd77cc55dc955a5ca9e0aca417280b11c,896711,47390.0,564.0,0.011901,1,2,223
2025-05-14 19:23:31,d1dbc83357b9da96f849bb282f66748c11cfe1e6afc31f72051a75e9acef831c,896711,479727.0,452.0,0.000942,1,1,194
2025-05-14 19:23:31,bf5b957f6e63d5283335988b830ac1fe2759b9b36fa4c3c9e46de505e424641c,896711,113189.0,904.0,0.007987,1,2,226
2025-05-14 19:23:31,d1abb225a84304fc66b9b91789dde0ccbe851625ab0a443214803f3ca1ef8c1b,896711,2449199.0,440.0,0.00018,1,1,192
2025-05-14 19:23:31,c55c8d0b833d6f18ec88dd725b5bf840de8bfcc90e05cb06a11b6f0df20e8b1b,896711,7462.0,716.0,0.095953,2,1,342
2025-05-14 19:23:31,f6832d4d2d2740a0be73eb750b759408b400e7fb3301ab02587f4f6797193d1b,896711,21686.0,452.0,0.020843,1,1,195
2025-05-14 19:23:31,08821c85ea67ac38fe08657c0f405fa889ab4165d75acf6e8a90498ff928e51a,896711,92830.0,568.0,0.006119,1,2,224
2025-05-14 19:23:31,0ddeaa15aa1aa9957207294840e31d8641872c998b67ad6d720deb1a5c24c11a,896711,377434.0,452.0,0.001198,1,1,194
2025-05-14 19:23:31,6aea0a508bea630c670cb81547a0e56d506a028149efa6bfee6ab500c74c731a,896711,205575.0,564.0,0.002744,1,2,223
2025-05-14 19:23:31,80d3d2806012e07327649a8f7e2efc2e335fe7f985cc10b292fbd9a16a587819,896711,38127.0,564.0,0.014793,1,2,222
2025-05-14 19:23:31,26687b7ee3e4f457a72e94067805a5c766d5a8970d1ac2b4583e3d17436ba418,896711,303931.0,564.0,0.001856,1,2,223
2025-05-14 19:23:31,d70ec764b642ddfd9edbe35e0ab74c9e333b281e3c359e0738f6e7bacd656a18,896711,3900909.0,452.0,0.000116,1,1,195
2025-05-14 19:23:31,1e12e012ec201e2fecea0442888a4760f647fca0b2fd9b674b631bec69e2d017,896711,140182.0,892.0,0.006363,1,2,223
2025-05-14 19:23:31,30d614d26e2f4b3a69a3e56e7f6f3df61c59b28adaeb74072d71ffa795d75617,896711,530641156.0,724.0,1e-06,2,1,343
2025-05-14 19:23:31,d99ca06b390acefdcc2ffbb936838c9872c08cbdcce812b6a6bea1b3b6013617,896711,267436.0,564.0,0.002109,1,2,223
2025-05-14 19:23:31,ac284023862b65fca30f9765d8a585c0e19624119bbe223146c5124dd292d816,896711,191867.0,564.0,0.00294,1,2,223
2025-05-14 19:23:31,a2294213d749fd59c3766ef9aa214e310250dc5215bffbe0cc9ad2862dbcdf15,896711,124911.0,576.0,0.004611,1,2,225
2025-05-14 19:23:31,cb185210be01ec13806770891a91188c7579f4e493ccd4ed41e6758495b49615,896711,46586.0,440.0,0.009445,1,1,192
2025-05-14 19:23:31,62a528885b1dfb50e6be52b623e691af9bafd1c4ced0ce753493e16a83490614,896711,137056.0,452.0,0.003298,1,1,195
2025-05-14 19:23:31,3e1e01bd5a4b407ffa4da9b6c54fc7894f89e731cc8e2249c324c8312a7b8113,896711,13101732.0,568.0,4.3e-05,1,2,224
2025-05-14 19:23:31,3af641808187753eed8fc24356f638a6423827629382a7838b8301ba75f62f13,896711,160971.0,568.0,0.003529,1,2,224
2025-05-14 19:23:31,e274aa5e739e4bbff02c4deb1eb33d67117bb5959ddeda9eab9f3dc32ffcc912,896711,9988933.0,564.0,5.6e-05,1,2,222
2025-05-14 19:23:31,902de4ae7b0832c6a65179c5daa17c50590044d2c983ec294e9145518ad32912,896711,98193.0,564.0,0.005744,1,2,222
2025-05-14 19:23:31,cc84c6997acb7d6ac1f5ed02180b1e2a45de20d9cc6ae1f30caf7713ca630b12,896711,44911.0,564.0,0.012558,1,2,222
2025-05-14 19:23:31,caac8237f6e9a25f529502e35e814e5cc81d9d2011fe11e7602b6330500bff11,896711,1255488.0,452.0,0.00036,1,1,195
2025-05-14 19:23:31,651f1805599d6859293cd8b307afc886e9951af82a5c4b2e8ca5e5eaa63f6411,896711,151933.0,576.0,0.003791,1,2,225
2025-05-14 19:23:31,a1874832b8f4c442d654365df4fc923692316b60447670554e2bfebcda95e510,896711,4071097.0,564.0,0.000139,1,2,223
2025-05-14 19:23:31,39b53b746f1585d6168b1fad21bda270cbef79e9814ae64dacc48be6b1629610,896711,1314555.0,452.0,0.000344,1,1,194
2025-05-14 19:23:31,aa8b065bad3e98aa7fdf372e2058b38877e0d6d78ec88dc7db7e46ad2fc19010,896711,587428.0,572.0,0.000974,1,1,325
2025-05-14 19:23:31,58105a547e1bae80afb0841f38745ac59f8a41dd479a30835cac972817c88c10,896711,57247.0,452.0,0.007896,1,1,194
2025-05-14 19:23:31,7da4a87d8be48d682ff26457b265fc7e2cd328dcd3a4e4f0c3c360d4e7a3660f,896711,413158.0,564.0,0.001365,1,2,223
2025-05-14 19:23:31,2682e6030914c841b6b52e618c60bc9b0da80b3238463c31c795c384ac9c5f0f,896711,453436.0,564.0,0.001244,1,2,223
2025-05-14 19:23:31,4a5b4081df165f9fd3307ab11c6ab05eb44ec8f6b5e25683b5961802ed75a50e,896711,330254.0,564.0,0.001708,1,2,222
2025-05-14 19:23:31,353f26143d9f8c73c1fe8a15f6412886aa8844303905b90f635c8b934241e90d,896711,6135.0,836.0,0.136267,2,2,371
2025-05-14 19:23:31,3ca60c48402f7c87efffbf3e74fe3262e6911177b5ffbb6920691678321fbf0c,896711,18055.0,440.0,0.02437,1,1,191
2025-05-14 19:23:31,8a9dfd463f0efeb033a1e2b0a6cd6e021fccfa0a0200f39b0e921d04544dad0c,896711,113424.0,1648.0,0.01453,5,2,814
2025-05-14 19:23:31,d9fc67ed890cbcaf2ce9357d18f80c6d4258c1d640a0fd28ed9502010b04960c,896711,484892.0,564.0,0.001163,1,2,223
2025-05-14 19:23:31,9275417d7ef025546ae567b83117d3c161bb1da2ef952081512879402a19d70b,896711,575436.0,564.0,0.00098,1,2,222
2025-05-14 19:23:31,010adcf5b8a2b6d092a68b4fcebc18e00e120a1320cf520887ff2d1e2351d10b,896711,13677.0,440.0,0.032171,1,1,191
2025-05-14 19:23:31,167e2d5f4b02fe7e94263e77679255be6055c207e2af98fdd661edc1ef14ff0a,896711,680057.0,564.0,0.000829,1,2,223
2025-05-14 19:23:31,921aee2d8ef6f376164ac681183319c5cbf667c5229f6a0646cd5068af2ba20a,896711,239338.0,564.0,0.002357,1,2,222
2025-05-14 19:23:31,63ce4ae0b1128dd77f494c141b7cad80dc9ea11d68ab0ebc83301a8f1a60220a,896711,1383699.0,452.0,0.000327,1,1,195
2025-05-14 19:23:31,0e448f46c09c15bee440461e102ce0307732b6a0fc3ef2eb5c9fa2457e90ae09,896711,96038.0,444.0,0.004623,1,1,193
2025-05-14 19:23:31,ae3cb49dcad6c9df8fcd198a5dd7577fe5889b925a039ad1ad5c464e71375b09,896711,7748398.0,836.0,0.000108,2,2,371
2025-05-14 19:23:31,ddcbfad2677e06cd002d3deed798911dc806f1029a3897c2b0654d4d0b95bf08,896711,447553.0,452.0,0.00101,1,1,195
2025-05-14 19:23:31,84885a1aa26c430fdc83f35cf6a9e8a3b9be7ca4bfbc8c24c2da0eebf4e8ce06,896711,1367919.0,576.0,0.000421,1,2,225
2025-05-14 19:23:31,4c5830d6054a57fba9359157a582c52f1fbd6f88ad8c2a979cd37414bb5ab906,896711,18308.0,564.0,0.030806,1,2,222
2025-05-14 19:23:31,bbf798f67bef62452d8fbc9c1db21e3d11c6341cc55df59bf540c868e86fb106,896711,41753.0,576.0,0.013795,1,2,226
2025-05-14 19:23:31,dc916f5e01458e0e60b7e3d199fbf48108bd051c089fa9e72cd06f7e35130306,896711,2414642.0,440.0,0.000182,1,1,191
2025-05-14 19:23:31,acca441ba3a4a668b34de76fb0358addb43110824d7a316e5c3c370df9fce005,896711,593680.0,452.0,0.000761,1,1,194
2025-05-14 19:23:31,7472fb865f7ab39d1a4d215c1290df33454569dd83c28fbf65cd73bbb832f104,896711,383400.0,576.0,0.001502,1,2,225
2025-05-14 19:23:31,64165c850535794f6c70d245beb935cbcbb2676cf58b7ca4e7463a59b7187c04,896711,4240198.0,452.0,0.000107,1,1,194
2025-05-14 19:23:31,b043be2a92790aafb5501c33f1a4338d0781f111e44d833e0560f5a30f623d04,896711,586628.0,572.0,0.000975,1,1,325
2025-05-14 19:23:31,3fb718c2861a52e2da61f17b1f358a32c49784ad97756b262c8514c345582004,896711,233245.0,576.0,0.00247,1,2,226
2025-05-14 19:23:31,7db75f69080c829167bcb869f550c2bf23cef3ed573f872c8500159bfdf52303,896711,936966.0,440.0,0.00047,1,1,191
2025-05-14 19:23:31,d9056fe5f8b7da09ffc953da94b4a2e27eaecdd28f9c07aced78bb3b772af202,896711,261342.0,576.0,0.002204,1,2,226
2025-05-14 19:23:31,89e6135183135aca02f990ed71d561255c1e46861eb10ab479060cc0373dd102,896711,4060249.0,568.0,0.00014,1,2,223
2025-05-14 19:23:31,ac573566ea9c4c66e0ed611e44bf0e6c826c8e5adf47b6ac95fed9f1faaa0202,896711,144346.0,656.0,0.004545,1,2,245
2025-05-14 19:23:31,00fe1dfacab16c501d443fadac3c1a3471048ad4f5a1eefd45ce320e055c3501,896711,52799753.0,568.0,1.1e-05,1,2,223
2025-05-14 19:23:31,2f09ffc0eac5768fa1e6441a61a528683ac659169c2330617558c3c9167b2a01,896711,106060.0,440.0,0.004149,1,1,191
2025-05-14 19:23:31,33712fc07c30aba422e671b44e4812ffbf74c8b5080b3f23f5e4599392c70f01,896711,7572565.0,576.0,7.6e-05,1,2,226
2025-05-14 19:23:31,6cff4c73b19c7a62907f4aa9b5b918a37d7ea6f1eaf215524050c386c476e200,896711,66349.0,712.0,0.010731,2,1,340
2025-05-14 19:23:31,31ddcc24807883c581bab4234618592c462f3ccf6afd5a277b740135215aca00,896711,285187.0,576.0,0.00202,1,2,225
2025-05-14 19:23:31,239277023c9a7766f56cc24a8a1c484c12a8762cedb337c442dca56f5386b000,896711,154402.0,440.0,0.00285,1,1,192
2025-05-14 19:23:31,235fabdcf5153d1da2f977bbde3e0be4559b849544f99c29b45052d189e4c74f,896711,397130420.0,5612.0,1.4e-05,20,1,3015
2025-05-14 19:23:31,6d321794789dbcbb41fa14ba834eb01ee69fdbc6f42da4bad4ec5885c6a347d4,896711,302600175.0,4252.0,1.4e-05,15,1,2271
2025-05-14 19:23:31,89981ea5e8f167b3e7f490d67fe38bfad076fd0e03cc943723e975ce84aa3e3b,896711,1619987.0,1944.0,0.0012,3,1,485
2025-05-14 19:23:31,41b5326ae1049d9f0b190d72d9ea241800578d09e69cc396cd28b984e2072d24,896711,94716.0,846.0,0.008932,2,2,373
2025-05-14 19:23:31,d569e0d98bd97c8fbc33a9583167a63fc33670700b2e2c30f1f7730935de163d,896711,15225284.0,6276.0,0.000412,22,2,3337
2025-05-14 19:23:31,13d81b1c27dc4919e4af62f2edd0ad635e28d496ca1c4ea9eafd3d6a4419f5f0,896711,421468.0,1532.0,0.003635,2,2,382
2025-05-14 19:23:31,bdb79ea318ca2395df21772c3a5fd88846ad40bfb2f7b860a5a414197eaffb4d,896711,1975911.0,3012.0,0.001524,10,2,1557
2025-05-14 19:23:31,1093ebba28c9bd3f15dc6229c3f671c67a0c28409e7f95df41c31bde2b001dfc,896711,170144.0,1496.0,0.008793,2,2,373
2025-05-14 19:23:31,d8e99b23e3ee8b7745054971686de87479d5b643782938bbdf30b7b670ef6bdb,896711,438148.0,1496.0,0.003414,2,2,373
2025-05-14 19:23:31,3f57a1371c1806129e491c8d084926da90c614734eb423b1348fec1a50589b81,896711,122385.0,1496.0,0.012224,2,2,373
2025-05-14 19:23:31,4e7f322590b885aa67a4eb0a435751052343e5998b5d304c5f74a4e37582e20e,896711,617800.0,1392.0,0.002253,4,2,670
2025-05-14 19:23:31,118bd0449a45c6d835280c44e38f19b21164d4255477aab26b7445fabb1cd70d,896711,11464916.0,1384.0,0.000121,4,2,668
2025-05-14 19:23:31,3789fa18b323154344a13a5ff77bcecd3e73615990cb183211bb6024add6d4db,896711,2148388.0,1380.0,0.000642,4,2,668
2025-05-14 19:23:31,c5cbcbdc4038437d9267cb41633f235a9a6ddea11fa26b880148faacc99c2c76,896711,5261302.0,1368.0,0.00026,3,4,584
2025-05-14 19:23:31,11bc13d036bc58ec4bbce28996868c3c21b7c2eb242e611f83e042123a7b2baf,896711,6300877.0,1268.0,0.000201,4,1,639
2025-05-14 19:23:31,c0ba8416724b977d4a8d5cac53300e5a0d52f8011dbab43a26fe2b2fba28a49f,896711,14146.0,1268.0,0.089637,4,1,640
2025-05-14 19:23:31,6ba8af1b036fce2e0f0d5c6f58f9cc1150ecc633a0e62052179e40c3aa11cc05,896711,5179807.0,1268.0,0.000245,4,1,640
2025-05-14 19:23:31,d1c13fa9a684390f9ff4a3ed7c4fe1cb8ee4148174cbaab52d23fed662441908,896711,966155.0,1260.0,0.001304,4,1,638
2025-05-14 19:23:31,997f9bb425517373a40f46512c16a44be2ccc83d2bd0c3abcabefcac7e59ee88,896711,11116096.0,2344.0,0.000211,8,1,1227
2025-05-14 19:23:31,6728aba332fb46669c9261d77bdbad288646f4f2cb113ec19b9c2671c12b7aed,896711,9974399.0,566.0,5.7e-05,1,2,222
2025-05-14 19:23:31,8fc1123810f0e5f686bf020e3542e7cbb16f91df0691bb9849da237cde2b3064,896711,2767906.0,1124.0,0.000406,3,2,522
2025-05-14 19:23:31,a841b669b4955dcfce2a92ebcccfc7e70e9bf1f85d1dcdf4666d4ab78cb02de7,896711,13236.0,1116.0,0.084316,3,2,522
2025-05-14 19:23:31,38a6f0741afde1e314fea5cc4134e5b9ff7441bc2fdeb4ed5cef6ad8038f9357,896711,2066069.0,1112.0,0.000538,3,2,520
2025-05-14 19:23:31,7f5af66ca746955ef4332f08c4bda3e05da58a38a191e97b008bb653dc7eedd8,896711,410448.0,1092.0,0.002661,2,4,403
2025-05-14 19:23:31,6611b35c75b2e1c8d817cd53094eeef0dfa607f35cc5c383175a1a035ccf4676,896711,24279.0,1028.0,0.042341,2,2,418
2025-05-17 10:07:32,f63fa1828fc119ab3174bbbbe3a9ac0fb8b6b6bafd4689b24335318a8b601460,897085,89668.0,612.0,0.006825,1,2,234
2025-05-17 10:07:32,3914312376b43d157b47060d97723f5e42151ac598531931b49a008d7011186d,897085,90280.0,696.0,0.007709,1,1,342
2025-05-17 10:07:32,2a1d3aa1a4450aa48dd5936440fabeb7f5605cbbbe27a59d969d7a290655125f,897085,38276.0,616.0,0.016094,1,2,205
2025-05-17 10:07:32,519164a62daa21a94abfd847d2a818db9cbe3c10cac35355076203f79f7fc35e,897085,6761112.0,564.0,8.3e-05,1,2,222
2025-05-17 10:07:32,ad690fb34d6c220d287eab753c38eab5f84252084c1b193dbc81fc6132816e5e,897085,84598.0,568.0,0.006714,1,2,224
2025-05-17 10:07:32,4812a731fc54d180ddd48482ab44f7d463412a36df0467866f51eb9ce5d24c5e,897085,1566638.0,1104.0,0.000705,3,2,518
2025-05-17 10:07:32,0499e54966762d7ee218035351bc3bd0f265c0393bd555ce066b7462fc49fa5d,897085,206969.0,576.0,0.002783,1,2,225
2025-05-17 10:07:32,1142c4ac6ca539a6c5a07c8aa6ec584bf7104c361ab19dae22c2de6d0cb2315d,897085,30198651.0,576.0,1.9e-05,1,2,226
2025-05-17 10:07:32,6fb8a7fc5f54cc70eaf13a45bddf8ed65436a2bad988bd9748e057dff1eef75c,897085,8927842.0,664.0,7.4e-05,1,2,247
2025-05-17 10:07:32,6fb1bb904ce217cae8c759866c0121ef64b98abe24d154413b5fd9b507b6755c,897085,1043336.0,564.0,0.000541,1,2,222
2025-05-17 10:07:32,63be6b5274cdcae33c5676fb51ec9d5546f4bd9909fe6cb4a5e3aaaf5669545b,897085,152924.0,676.0,0.00442,2,1,269
2025-05-17 10:07:32,cf899f07f418090d31f9f5535ed8cbeb9c4697a459f94bb988f8f40322bcf659,897085,3770294.0,564.0,0.00015,1,2,222
2025-05-17 10:07:32,5ec9c585346cc8a78198191f46fb8518dba197e5246880213617b9fbeb55d657,897085,50998680.0,440.0,9e-06,1,1,191
2025-05-17 10:07:32,0578173bd1c35a4924c1b768af67c3f5b04e90447c4e33684c9e2773d6954c56,897085,146656434.0,884.0,6e-06,1,2,221
2025-05-17 10:07:32,c31908d9cbeadac736de14e5b7b5e67bc9c708e45ce153bda3215cbc92aac955,897085,4995666.0,664.0,0.000133,1,2,247
2025-05-17 10:07:32,37e14b89db98a01fbaadd11a77473e83a7c65bf424263fd812906361d3f28e55,897085,111814.0,716.0,0.006403,2,1,341
2025-05-17 10:07:32,5dd94a7e8bf6ba6c5866767660f2e1e702f6ea7f578d8588321a4475b61f1a55,897085,2913149.0,1532.0,0.000526,5,1,788
2025-05-17 10:07:32,1debf9c36fe26580aa58e25a399b0dc9460681ca887cae8246faf8013d898954,897085,2593542.0,904.0,0.000349,1,2,226
2025-05-17 10:07:32,e1b01ca77bcf8ced115e8689edceba6c0c125799f536a16689989863fc20cf53,897085,8260.0,440.0,0.053269,1,1,191
2025-05-17 10:07:32,3aa72d2701f0bfc0feb72ee8dca3120e07166b1dfdaf5f4e75cead98ecdd8053,897085,444714.0,564.0,0.001268,1,2,222
2025-05-17 10:07:32,eaa456e83d2a8ee499af2d40f429809ecf4dfd020186b5a76e589de9bf37e050,897085,190216.0,612.0,0.003217,1,2,234
2025-05-17 10:07:32,4eb0e377cee1051ee353b568df1d545bb5b12a46efe0e6ae9672ea29dfcfcd50,897085,20723.0,564.0,0.027216,1,2,223
2025-05-17 10:07:32,f33bb566f7a7b56e041e4c9e540229def714bf80adcd1b5fdfd273a72a854150,897085,293493.0,756.0,0.002576,1,1,189
2025-05-17 10:07:32,3daf723fa505e46974102f71c70a058f56e49bdafce5d9d7b04cb492a968134f,897085,1999560.0,440.0,0.00022,1,1,191
2025-05-17 10:07:32,2a2d8d906b1d9a9088f177cef6123bf241618d4916ead79b07aee05ee301004f,897085,1189424.0,396.0,0.000333,1,1,150
2025-05-17 10:07:32,13c3f02dd99c2b025df5d74930599a2e9e2489b8b11f1c2223b8eba9496fb74e,897085,268526.0,848.0,0.003158,2,2,374
2025-05-17 10:07:32,3488cdd87f283a87d0af3fb07ae752fba0bf4400368674b2bf3b291a126db14e,897085,6878433.0,576.0,8.4e-05,1,2,226
2025-05-17 10:07:32,da6ef3b51eecbb37675848f7cfa4bd17f0a3fc4ae340c28ccdb8229d29d2da4d,897085,416570.0,576.0,0.001383,1,2,226
2025-05-17 10:07:32,39e77e2492f40ffdf0b03068427b5437555154c75ad3267a747062c19f86984d,897085,25009898.0,440.0,1.8e-05,1,1,191
2025-05-17 10:07:32,c1e6015572521ec0a9e62316b9e37b30e73e1de5d352d5bd59aedda752b1214b,897085,104978460.0,440.0,4e-06,1,1,191
2025-05-17 10:07:32,37991cdd8fb1c636d5670ce17cd23a5bb6e67dfd3e4aba9b6335876288d1bc4a,897085,104848.0,836.0,0.007973,2,2,371
2025-05-17 10:07:32,95a0e9c0e4950bbd877bf9e2031d9537e119111e3037961c70d01e1dfe5a864a,897085,22388403.0,616.0,2.8e-05,1,2,205
2025-05-17 10:07:32,cc6d65794aa819d0185bb078d95b0d7a309ad793f4b403f8a5feedbbcac3634a,897085,1638798.0,396.0,0.000242,1,1,150
2025-05-17 10:07:32,8fd0d4e6a686bc196f3ca8f04f6119ec915b2346ebe7c13d5cdcc929399d5c4a,897085,9432.0,568.0,0.060221,1,2,223
2025-05-17 10:07:32,96b5d75cf0837dfe8c2ad7af9e57cd3d1b087b1341e74b55dda0fdaae9b2584a,897085,199532.0,568.0,0.002847,1,2,224
2025-05-17 10:07:32,85c2b77cc0b8411989701df48d0be1a259639cda82df3f1d68d377e3b816524a,897085,1261893.0,612.0,0.000485,1,2,234
2025-05-17 10:07:32,cbc9de5038df8b887cf2ef54ebbf62140db2d43338e03c1f6b69993bbca48e49,897085,38205.0,440.0,0.011517,1,1,191
2025-05-17 10:07:32,b679bb111ec3dcf52ecf359d7eab9034b8b060f5d6e994f1af8127ddec0c2049,897085,25769.0,568.0,0.022042,1,2,224
2025-05-17 10:07:32,a6cbf4a0892b24c27f9beac135b7e1cd6a0fc9a75798c3c7e74ee3b95c570049,897085,129997140.0,440.0,3e-06,1,1,191
2025-05-17 10:07:32,d7edf87fc43892a6bfc4f207a783496900533c88d56030b5c1d5960a3853a248,897085,81774.0,440.0,0.005381,1,1,192
2025-05-17 10:07:32,d663a3024d021f72788e3f6cf063d4e0020429fe0e440cd733f8426c438ebc47,897085,199998460.0,440.0,2e-06,1,1,191
2025-05-17 10:07:32,1cf3b50ed3a9f9670f3eb5f10937809ea6084df2bc0ef0b73ba487fbfa530847,897085,216965.0,440.0,0.002028,1,1,191
2025-05-17 10:07:32,3030c2535ba1c4a4d3c06eab82324530ab928c20f292cdf3163e2c26aa897646,897085,727162.0,568.0,0.000781,1,2,224
2025-05-17 10:07:32,3be11d3cb90bedd7f3fa9087ef857f64441162a1c6a23aff239714d565fb3846,897085,8590548.0,664.0,7.7e-05,1,2,248
2025-05-17 10:07:32,99dd5df742a9058e5b25ba0b100184495032f40c3dcfd930954a15eedc1d6c45,897085,57440581.0,564.0,1e-05,1,2,222
2025-05-17 10:07:32,c01cf389496af85d27e590532e5945cf1ecd1738b263d0b2c86f59071fb2da44,897085,1999388.0,612.0,0.000306,1,2,234
2025-05-17 10:07:32,504e243b8a6a0a55a285ed0a898b0c414d11893341946f904535a5396a2b5343,897085,77220.0,440.0,0.005698,1,1,192
2025-05-17 10:07:32,ee9fcb9e1fb3418107cc6da80cf2b669239a59d4b3d8ea8551e08d979a380b43,897085,44194.0,580.0,0.013124,1,2,196
2025-05-17 10:07:32,82031a6ae10859f11ecd1e6f99188815a7fbe46bd61c63a0e4f640147c068b42,897085,26880.0,3176.0,0.118155,5,12,1076
2025-05-17 10:07:32,8d4dd26db49f8ba76163bb2896d9c3b623b807b0b3b0fdbd39f63268311aea40,897085,99432.0,564.0,0.005672,1,2,222
2025-05-17 10:07:32,292946545fa9b50176a227f5f87e25f755ebb06dd6316dd693bec65f367cb840,897085,59998790.0,440.0,7e-06,1,1,191
2025-05-17 10:07:32,8b071e5ad1b40daea4440bdb8b2838fdd04ac6e388c0128fa1fbbe8fe42d7e3f,897085,6610.0,5948.0,0.899849,23,4,2627
2025-05-17 10:07:32,4b21721b0c5a128696b59ed259068470cb22ee9e4130d2a8f8c6e19b2ad9643f,897085,2246898.0,564.0,0.000251,1,2,222
2025-05-17 10:07:32,61181b5881243281dc210928cb088a709647a0fac571645511e6117f17f7323f,897085,3780.0,1912.0,0.50582,2,2,300
2025-05-17 10:07:32,1cc0098f0266bdd8fb79312326a99d758a51f7ef00a9c6887762d14760140a62,897085,129465.0,241.0,0.001862,2,2,302
2025-05-17 10:07:32,917943f428a35abf3b17c6fcb0a2290e141c511e64b3df5efef09a3c347041bd,897085,207911.0,235.0,0.00113,1,3,278
2025-05-17 10:07:32,6f93e8e7c2541e61cc3dd6bccb35e9d5215cd7c717a7c590dc8a18c884b4993e,897085,7536.0,452.0,0.059979,1,1,194
2025-05-17 10:07:32,4f5dcb986da8c34f2d3c0033867df62a2a7a9a8d67be9728778708dcc5aa1c3e,897085,39979.0,440.0,0.011006,1,1,191
2025-05-17 10:07:32,800354c60625fd0fc08a85c8750c1f73d5bd944fccb42c66db9976c86686fd3d,897085,3184872.0,984.0,0.000309,3,1,489
2025-05-17 10:07:32,ee9e5f56f7d70e82392d5f8e827d01fa23f2e3d5bcc16bc0804c6750c18afb3c,897085,2513628.0,712.0,0.000283,2,1,340
2025-05-17 10:07:32,3dc769812689615b6fe63ab6122e5dd7e73c8efbe07668f94c63a7f244d3643c,897085,248109.0,564.0,0.002273,1,2,222
2025-05-17 10:07:32,7cd4842b67056b0f47e2e6da1b3a5c0d2807ba5955f9594bf8e86412a0c0803b,897085,7350.0,444.0,0.060408,1,1,192
2025-05-17 10:07:32,06e6b26d7389b3d2273f5e6168a68239ce884b17f80abf31678db7eaa70ade3a,897085,248560.0,440.0,0.00177,1,1,191
2025-05-17 10:07:32,bbb8e05adc309817e26a2a6f0277e326104b00301c35549cfaac29489d37ad3a,897085,45706.0,568.0,0.012427,1,2,223
2025-05-17 10:07:32,d6cfbdf94b655168ee581958b090073de06086e03129b61dff1cc5d842809c3a,897085,167078.0,564.0,0.003376,1,2,223
2025-05-17 10:07:32,b0d79dab5a3430fa110a6e00adda66ac24e40e16e9fed741043adf796dc8ec39,897085,638332.0,884.0,0.001385,1,2,221
2025-05-17 10:07:32,d12606970f7a47e84be67caa7684fb1a789170d88328a5110bdb21ff607cec38,897085,249014781.0,568.0,2e-06,1,2,223
2025-05-17 10:07:32,578e4a323dd5add6608aadaa0a15847b441ae9e6adb8f179b400264fc549d838,897085,62552.0,444.0,0.007098,1,1,192
2025-05-17 10:07:32,88f0e7d048ae306b67ef2d6218c1a1d9e3134bc1c5bec9544d529622de295635,897085,2054313.0,612.0,0.000298,1,2,235
2025-05-17 10:07:32,905e9f099b46a92cab7c50119845c75b8fa68c38d70244b767aaf2a8500a3935,897085,9999436.0,564.0,5.6e-05,1,2,222
2025-05-17 10:07:32,925fb6b046fd8999237c818e9d2b9be560c233571675b4dc26b90dd2e1142635,897085,150131.0,564.0,0.003757,1,2,223
2025-05-17 10:07:32,7d6e83e88a6084953693a49c6b94e51817938553422ed3468cac4f6270382af9,897085,165275.0,576.0,0.003485,1,2,226
2025-05-17 10:07:32,204c2b4b1f51cb3b6541c37ba2da8eb8c694de4c6c91204c44839b5f73f1a634,897085,208311.0,564.0,0.002707,1,2,222
2025-05-17 10:07:32,ade64a98960fccfba9d890a3fb42b8d5236b01b6e8caf45d944fd70fea0c0434,897085,100032790.0,440.0,4e-06,1,1,192
2025-05-17 10:07:32,383e9e36f784afc438a852cb4cf82410ec156d48ef7efa1572c3a177e568f033,897085,44951.0,568.0,0.012636,1,2,224
2025-05-17 10:07:32,1538b995f7ec84325222cddc60bc070ba9e37a931ee0037486d5529ec45e1833,897085,108286.0,568.0,0.005245,1,2,224
2025-05-17 10:07:32,e37ef26d3385cc6db21c1b6fa231252948cbf53252758e2d32096539affca031,897085,366422.0,564.0,0.001539,1,2,223
2025-05-17 10:07:32,19ced737f95b63df98650f4be3ca4060a8b389600c39da0a52f10cfc16014b31,897085,208862.0,1380.0,0.006607,4,2,669
2025-05-17 10:07:32,f3689b40964c5d906b4013bc4d911a649ac3983dc5731b446b4c7d6c7d961731,897085,1013566.0,884.0,0.000872,2,2,384
2025-05-17 10:07:32,cd4a3e594cb6dd1f0767138c51be67d77091c106cb64b7490ba2f314427c302f,897085,20419637149.0,660.0,0.0,1,2,247
2025-05-17 10:07:32,92db8d15b13b1a8d4d2b98c96c5df18f69035b2c703d8a6941f96118a0d41d2f,897085,393005.0,568.0,0.001445,1,2,223
2025-05-17 10:07:32,2ce4c4c703bf9e4b559de68a6854c09e4a7b052eeecc203d4d2516e4f518af2e,897085,1861147.0,396.0,0.000213,1,1,150
2025-05-17 10:07:32,2cc77806acae16bd2ffb0dfe0c7a12984f57e0adf1a8308cdb7a25f5c34bd02c,897085,13936921.0,568.0,4.1e-05,1,2,223
2025-05-17 10:07:32,827e201e05bed99a7abf007e35e8e0425887654eb9421b70dd94ab7a5de9992c,897085,19604.0,396.0,0.0202,1,1,150
2025-05-17 10:07:32,19ba2ce938ba6e9c8af438a33775c0457f97dfb744fd90c50e01a66ccdc84d2c,897085,19828.0,444.0,0.022393,1,1,192
2025-05-17 10:07:32,ee860544a4134e336bcfa246114cf6da12fa594c390a058fc0db7f732f54ff2a,897085,9078340.0,664.0,7.3e-05,1,2,248
2025-05-17 10:07:32,9864ef4794ab92fa07a618128510229040350754a749c8ee96a869622cfa772a,897085,202031140.0,440.0,2e-06,1,1,192
2025-05-17 10:07:32,5d93a4dcb5a4b1c3b444bf6aafab0de5b7f60addfd0322a8ab5926f895cd632a,897085,18132.0,396.0,0.02184,1,1,150
2025-05-17 10:07:32,806e462916b430d292928fcf427d95d50e5aa167c50d620652ec630b30041e2a,897085,3415497.0,440.0,0.000129,1,1,191
2025-05-17 10:07:32,1e6b5029e640e9998785ed8301d6ead8d25ae01aa5e518cf4aa7c470b3801b2a,897085,438310.0,564.0,0.001287,1,2,222
2025-05-17 10:07:32,d6bfcfdc0cc386e0c7b04dc6d2e4d606048480dcd03cc26c523852d10121c629,897085,3640941.0,616.0,0.000169,1,2,205
2025-05-17 10:07:32,1932f75efb64c794919e516e5d43fd176ef5c8f6da14e2fcc296655b37cc3c35,897085,3745557.0,616.0,0.000164,1,2,205
2025-05-17 10:07:32,166edf29547ad6904d5897343cdfe585f77edbbd6a0709c0afc8c632ffb88933,897085,3850173.0,616.0,0.00016,1,2,205
2025-05-17 10:07:32,3be93391c430cadddbdd39c0933dc9d283f30804f8c15bd4138e1704ce715d29,897085,4022862.0,564.0,0.00014,1,2,222
2025-05-17 10:07:32,e4f677c0b90d55578dd5bee7eea9514a65e3ac7270010e2a042b2a44aa017627,897085,6522.0,6036.0,0.925483,23,4,2649
2025-05-17 10:07:32,3d416cabb50d94722980d5a2b682c21eab894f8f2ee08a6befff9cedafe26027,897085,202545524.0,912.0,5e-06,1,2,500
2025-05-17 10:07:32,ed1b4b7e6a49ef2e47a994576f98c33ea60563c029ccbfc0f5f8ea700e8f5027,897085,4246378.0,564.0,0.000133,1,2,222
2025-05-17 10:07:32,ef7c136bea04e73fe32ff2378a6b6b69f9fdf71f5dbd3de708d8523556ef2727,897085,256056.0,444.0,0.001734,1,1,193
2025-05-17 10:07:32,4c808d3f93b09bcaba6730e7ae8a3502e753c8a00de98b776585bb40aab1fb23,897085,15067548.0,564.0,3.7e-05,1,2,223
2025-05-17 10:07:32,02e490f1eac003d7469214db6c6ae5a3730350e0dfd7d8afbc733e1d3d208523,897085,212620.0,712.0,0.003349,2,1,340
2025-05-11 17:27:36,eeee549fe4da4527f04ad9a2eb6449e27808887b1dd076afdadee9c55ead648e,896286,135020.0,805.0,0.005962,1,4,450
2025-05-11 17:27:36,b2cad7ac137cffc1c5b7c8ee2a56f37fe73e8f72f56f35289c193c3d48f1638e,896286,11859.0,168.0,0.014166,1,2,249
2025-05-11 17:27:36,ea62905e773100936677a1f0d8f142e8e27bc13533f545d9ae1fe334da14588e,896286,18598.0,154.0,0.00828,1,2,205
2025-05-11 17:27:36,f947ff2f25537a8899fcf8f8ae9ff1f65fe6c98e04cd58a3cca7ad34e1af568e,896286,330.0,151.0,0.457576,1,1,319
2025-05-11 17:27:36,e593c4c5ec04674d4ea341c58215163f6942ba251cbb5fb8d5401d0fa5b43e8e,896286,546.0,154.0,0.282051,1,1,331
2025-05-11 17:27:36,caa2d6211f471aad24630edb4570ff42fb43b0a998940e0333fcc99191103d8e,896286,266676.0,178.0,0.000667,2,1,340
2025-05-11 17:27:36,6b1b10c08615f7825b87035b7dbc0d2549620e7881e777a58a415fbff45f2b8e,896286,330.0,153.0,0.463636,1,1,330
2025-05-11 17:27:36,e10e1b9ae97efffc190be18272ccbaff79b0a31b1ed92703a7bae45226ab268e,896286,1058271.0,141.0,0.000133,1,2,222
2025-05-11 17:27:36,f195e6cefb894c876c6f98d7a68a704836bb6388cba83b838265e75f9ae11b8e,896286,5330119.0,141.0,2.6e-05,1,2,222
2025-05-11 17:27:36,89e9fca9a7926115a367d7c290c19ea18c6fed12d6c6ac9f863461dbec14f98d,896286,8186067.0,192.0,2.3e-05,1,1,192
2025-05-11 17:27:36,55ad1152b09894f89b5d1714e85aa6e31ddb3d25c8d73899d4d452fdcef5e18d,896286,546.0,140.0,0.25641,1,1,313
2025-05-11 17:27:36,0dcbe956b3a02b3cb83d40b8f08ad3482b711a8253023d8824f45cdcacf5fbf4,896286,4750.0,153.0,0.032211,1,2,235
2025-05-11 17:27:36,533a8e7dc8631f73bd94ed364dc23c60a3640d6129b526ce4d97f77b4fd3bc8d,896286,330.0,152.0,0.460606,1,1,323
2025-05-11 17:27:36,a620735c3d497ef2dae5812586e593c800899ef1ec1215261b067aa0ef61ac8d,896286,546.0,152.0,0.278388,1,1,324
2025-05-11 17:27:36,25da64ef2b521ddd70af1908533a49ee55b7a643e86cfc6a3286999d8b6181fb,896286,222994.0,154.0,0.000691,1,2,205
2025-05-11 17:27:36,c58b714d234fead037a210f139bdbada18b7b231fd7bf964fad8021aca9c708d,896286,330.0,152.0,0.460606,1,1,323
2025-05-11 17:27:36,d82d01c756a5f65138b2665b1ae679886768c189ebf0bb324d8f57e2b140678d,896286,330.0,152.0,0.460606,1,1,323
2025-05-11 17:27:36,c178bfc37364b80eec9f017b2a97d6ac646021992f677d4a121e5dab5fa9618d,896286,288730.0,201.0,0.000696,1,1,201
2025-05-11 17:27:36,686b0bff770ec529298b1474d59d5c7b600c9eca29479f468cf7cedfa75e508d,896286,338327.0,907.0,0.002681,15,1,1651
2025-05-11 17:27:36,535554fe59a149a6090aed96c922be88b703ba184214658b6699f0b002c8348d,896286,149243.0,154.0,0.001032,1,2,205
2025-05-11 17:27:36,205eac5062a594d1b294ec987115fa6e35333cd0f671af89c03038ac1657318d,896286,20230.0,110.0,0.005437,1,1,191
2025-05-11 17:27:36,0eea53c876b869b21c5588710cfa445e96960147cf9b1b02ffbf50aaef24228d,896286,575846.0,154.0,0.000267,1,2,205
2025-05-11 17:27:36,59de10e880daa2f2f30d92477699911f4559e9cb72ad8bb82acbc25733060c8d,896286,16560.0,102.0,0.006159,1,1,153
2025-05-11 17:27:36,e0842f8004b76eb15135aae53244d3e5ce10c578596f304da2d3b0134ddaff8c,896286,47984.0,110.0,0.002292,1,1,191
2025-05-11 17:27:36,16d9f22c6337fd2e9bef41fa7e30c93030dfc8c282badb80b7ed38b5064be08c,896286,567567.0,145.0,0.000255,1,2,196
2025-05-11 17:27:36,ce7859ff0fd81e54b8dc9edd2e6ebe5a91eec98dc503553ae3c3a177b681cd8c,896286,815590.0,273.0,0.000335,2,4,405
2025-05-11 17:27:36,d9b517103973bc09022c2dce7ecf526652e36cdcca91326402f3f9377d55a78c,896286,199795.0,154.0,0.000771,1,2,205
2025-05-11 17:27:36,4b46260a665de0571ef47e924962eb936ebb0fa1f36ea014adb98bd06534988c,896286,330.0,152.0,0.460606,1,1,323
2025-05-11 17:27:36,d98de0df37fab7081115e6e29580d448bbff66f45d26e089bd29e8c2cc55748c,896286,215358.0,142.0,0.000659,1,2,193
2025-05-11 17:27:36,238213582ede35cd1aaa3c4e0c0250d124d14ac6ee31bc5d937cfdb5c38c5d8c,896286,1119644.0,215.0,0.000192,3,1,365
2025-05-11 17:27:36,b0d8abdf91219af0c92bd234e9131b5a17ee5d0ee77a162be2ad1a3e1d921a8c,896286,186614.0,345.0,0.001849,4,2,669
2025-05-11 17:27:36,6f5e4937320be0abd3f370efab44b743f10f413411d193970d66e66e139c068c,896286,351.0,128.0,0.364672,1,1,266
2025-05-11 17:27:36,6a962ae0b3d314b973a73d3432486b89605d65a20ca8da5ded99e01e0e46fa8b,896286,330.0,151.0,0.457576,1,1,319
2025-05-11 17:27:36,3d341c4e6ca52e30a9e0b8769ca1365b0ed06044f8053e2f5d8ca1d33d75e78b,896286,330.0,139.0,0.421212,1,1,307
2025-05-11 17:27:36,9b5c8be75afdda51354a89cb344294efce484203a0d93e36c0679ba9f1cbb18b,896286,330.0,151.0,0.457576,1,1,319
2025-05-11 17:27:36,c3bceacb0ac2ee9e8ec71c1f1fe31c48a9ac24ceead39228166ea0ec1c88988b,896286,98641.0,172.0,0.001744,1,3,253
2025-05-11 17:27:36,b9fe22710006b5eea9d3e7d8769bca50323a34eb28861a954391422329b2708b,896286,330.0,151.0,0.457576,1,1,319
2025-05-11 17:27:36,4442fd0101e1dc5897927f2e0a141b6256eedd148872dfa9d729b3fed1566c8b,896286,74750.0,142.0,0.0019,1,2,193
2025-05-11 17:27:36,37118d41e32b0942c31216db81d2d5aca039cd565e35f76a9dac30ade7204c8b,896286,3775.0,217.0,0.057483,1,3,298
2025-05-11 17:27:36,628015acf4a0472a47c72d0b138e40ace7b12998958e21b55657fbc022ad418b,896286,351.0,129.0,0.367521,1,1,268
2025-05-11 17:27:36,c6c9fec9fcc4e381617f34293138377ee0231696cfadefc56df4908cc720358b,896286,13307.0,212.0,0.015931,2,2,312
2025-05-11 17:27:36,ff71fa67ad955bc67e01bd71c1fbdf3b3af67ba83e894a60995800897890348b,896286,546.0,153.0,0.28022,1,1,330
2025-05-11 17:27:36,5d9533bc0dea08109aa00f2a5380ed5b22e58b7647fade2544e62860685764cc,896286,27136.0,154.0,0.005675,1,2,205
2025-05-11 17:27:36,6d475d0b71ef359d59caadbc94241b084c065e3693405f552aaf845bb8aa018b,896286,351.0,129.0,0.367521,1,1,267
2025-05-11 17:27:36,e904db2473c4770b5f4c962167bab28fee165b26a5da1f9f5af7f3481056db8a,896286,330.0,151.0,0.457576,1,1,319
2025-05-11 17:27:36,80ffc2445c3e00f2f99a261381c8015bb1ca0d927d5fad93be07d8ae0c75d08a,896286,330.0,152.0,0.460606,1,1,323
2025-05-11 17:27:36,cba9ee72338e76040b129a97444b40e8a1c0b8911f29bff8970cea9f8a51c28a,896286,316907.0,169.0,0.000533,2,1,269
2025-05-11 17:27:36,561249b93372f8e3d854e837275915bb64ec77d289f60366ebf8b6e5ed069b8a,896286,3065666.0,207.0,6.8e-05,1,4,288
2025-05-11 17:27:36,227399b34c1a45d2c74703c4a60fc9a085cfa141001e62703f202a2c8639958a,896286,40048.0,212.0,0.005294,2,2,312
2025-05-11 17:27:36,174dd49fec6edcd083025463b5f2cbbfebe812e8da1807f5a36c258ac6ec8f8a,896286,546.0,140.0,0.25641,1,1,312
2025-05-11 17:27:36,037295bc05b1ad48aec293ae7f0e46e207bce8752c313033698e24952008808a,896286,562187.0,142.0,0.000253,1,2,193
2025-05-11 17:27:36,3699fda27f8c0a7751ff805fec42973548891315fd4aae72723e7b9330236e8a,896286,330.0,151.0,0.457576,1,1,319
2025-05-11 17:27:36,1df4a1bdb0d98d2ba48b01269df84b0db860f3866f78d6ecbf729e23a5846c8a,896286,32346.0,110.0,0.003401,1,1,191
2025-05-11 17:27:36,2ff45528304faef43f00fd483bf313e0391f2e93bc17e3fea27773384a5b598a,896286,2985159.0,141.0,4.7e-05,1,2,223
2025-05-11 17:27:36,32ee44a6a4237be870c84a5c5384ee695c4df769cc41d7e0a2cbc2b61c0e598a,896286,10749876.0,144.0,1.3e-05,1,2,225
2025-05-11 17:27:36,93b18fd3813034dc7afe2d3a231878fdc85adce099df6d444548b8d921af138a,896286,351.0,129.0,0.367521,1,1,267
2025-05-11 17:27:36,5bbc70d3539cd6c60f0579824497cb77cda385f39713dbcb818b41d8965c0b8a,896286,9381179.0,110.0,1.2e-05,1,1,191
2025-05-11 17:27:36,2d69e393cc6cbe797f232545bfbd66ee83547f41db1fad33c32b36a3733af789,896286,60176.0,217.0,0.003606,1,3,298
2025-05-11 17:27:36,14f6d0c242dddb2ee2e66b25a83078efd0117e0652f72aab151297ad23d2e989,896286,39703.0,217.0,0.005466,1,3,298
2025-05-11 17:27:36,2e5cfcd9115fd3b562494f93094cca5d3a094a64ab93de9c2f058740e622e989,896286,39703.0,217.0,0.005466,1,3,298
2025-05-11 17:27:36,3aff01febfcdadfb2f562dd65a4ee048d0c6571e5b2683fed1692861baa0e489,896286,330.0,151.0,0.457576,1,1,319
2025-05-11 17:27:36,8879037c35cdba0a97ac7f97b51c0385005086a1379b73b0fc43543e0ac0d789,896286,259292.0,805.0,0.003105,1,4,451
2025-05-11 17:27:36,0ace13bf152c8b47aceb86be7272d8320c49beb85cfdeac127daedcc3894cb89,896286,330.0,152.0,0.460606,1,1,323
2025-05-11 17:27:36,258facdac1f40cce1d34e4ecd24076d3c2ccbc8aa29bca47930787639100bd89,896286,546.0,152.0,0.278388,1,1,324
2025-05-11 17:27:36,ef8317ecee2f22cf2873b30b8911d07843fc6c7ddeb212e755bae4faa2afceb1,896286,1014182.0,154.0,0.000152,1,2,205
2025-05-11 17:27:36,8e8efefae093d24928b15cfa7ffb055b27b1c1f7631b01aaba4e259f0d23bb89,896286,18407.0,110.0,0.005976,1,1,192
2025-05-11 17:27:36,51b569c54286f0446e8325d47f86240d4f0bfe5d311d147c10a0c30c9f1fa989,896286,94349.0,113.0,0.001198,1,1,194
2025-05-11 17:27:36,ef7302479d99bb23b52d67d953b6261e6f370e393b26afd47351072bce029c89,896286,156812.0,154.0,0.000982,1,2,205
2025-05-11 17:27:36,d5fa933f021880094c8957eaec3f1216f1b200d1ebad209392d1867839a29089,896286,330.0,152.0,0.460606,1,1,323
2025-05-11 17:27:36,07c036e4ba868bdf752a33428fa106c3ef4253694ece3ff463d683f117e58a89,896286,344887.0,113.0,0.000328,1,1,195
2025-05-11 17:27:36,4d15b6b3b36d38f133b0a15dd0ff9de0de3303fbd9252022ba120676c4ec2d89,896286,351.0,128.0,0.364672,1,1,266
2025-05-11 17:27:36,25d42978c535c5c1f477f5aa4d2b0b332eba91df19eeb212f8be8ef21a832d89,896286,330.0,152.0,0.460606,1,1,323
2025-05-11 17:27:36,d009fcadb1d527f6fa8b9687004b5a8490a58dd72904ae10f9b3399e814c1c89,896286,105742.0,164.0,0.001551,1,2,245
2025-05-11 17:27:36,5cc6ee35ae75e4565752e22fda8fbc70bdcad08e328fd614ce1039218d731089,896286,330.0,151.0,0.457576,1,1,320
2025-05-11 17:27:36,13b8bd14d291d638ac3bcffea815c9c2fcad075a9bcf704cc1c4ac7992a00689,896286,986512570.0,177.0,0.0,1,2,258
2025-05-11 17:27:36,e80d161ea6b25033de1ee13c9b02a071cba2f036c6b2c49e4de3178f0bb6fe88,896286,461823.0,110.0,0.000238,1,1,191
2025-05-11 17:27:36,7c4a0ecfe8c759f654751db4394bd10da9e89f702d372dbde0d066bce2e1dc88,896286,35666.0,217.0,0.006084,1,3,298
2025-05-11 17:27:36,bd7cf3ecba375976da8a92178754c0b9f07656bd8f3a547806bdfa62a21ed388,896286,350.0,11818.0,33.765714,1,1,46987
2025-05-11 17:27:36,8637ffed55bd311f48ceda5f588352494ed24dcf3fcc1b978287f93c07b0d088,896286,330.0,152.0,0.460606,1,1,323
2025-05-11 17:27:36,3abf1c3755c32e4717f75997115973ab3bacb63a408b2b9b0e9fc561ab8ea088,896286,330.0,151.0,0.457576,1,1,319
2025-05-11 17:27:36,5db4b91ed71dfb00c9236c7d5cabce809de6eb75ee7fec599b72cc0c58569888,896286,330.0,152.0,0.460606,1,1,323
2025-05-11 17:27:36,e9df5c72796a1a3a506c7d04f50e0ee9dc98f09a2d0a2d6d4932b13d701f7c88,896286,330.0,151.0,0.457576,1,1,319
2025-05-11 17:27:36,a649965abfaa01423f1967476a6fc1034995a461446b1ca08fc7704beb706c88,896286,582614.0,178.0,0.000306,2,1,341
2025-05-11 17:27:36,b2eaa50a27977d726f1db2a28dec76890ecae4a6b711a08ceaa500915bf05688,896286,546.0,153.0,0.28022,1,1,330
2025-05-11 17:27:36,b7af10cd8ead770b55e189e01dfc078a4de2efe5228931f91d4d51e02ea93e88,896286,330.0,151.0,0.457576,1,1,320
2025-05-11 17:27:36,ce0a23cfa8b7ee9d80622d2756367484c0a12107fb412f64f4b77ce998e7d287,896286,2681.0,212.0,0.079075,2,2,312
2025-05-11 17:27:36,57c1c5f726389c5307eeb554f1f8da9a8bdfaf2beb15423fdfd929b25c229887,896286,11802.0,164.0,0.013896,1,2,245
2025-05-11 17:27:36,567d1cc985e584259a256adc90fbe8170a9c094d2c87e944eb50f11b8d5a8887,896286,74103.0,805.0,0.010863,1,4,450
2025-05-11 17:27:36,ce8a1d4fd8a02d43359b6e1b34c5c45f157a86ca01be7a6b66068e3181087987,896286,546.0,152.0,0.278388,1,1,325
2025-05-11 17:27:36,233804d92304c91eaf2f7713d41f6acac98200286b20bd68aae270d61ab25887,896286,1092.0,1726.0,1.580586,2,2,6368
2025-05-11 17:27:36,aca69ef9b46c3cdda076229751d339e1e63de6b420637ff352eb6c4c77a81cfa,896286,20820.0,154.0,0.007397,1,2,205
2025-05-11 17:27:36,04535a93eb7614a99128aa7212ccf7ea2019c86ddb0f3d477f7de1bf05a02f87,896286,330.0,152.0,0.460606,1,1,323
2025-05-11 17:27:36,1e7c3791421541653c2dea28a1e4acc3d60ca1d47b03a264dbb03216c36a1387,896286,25006.0,142.0,0.005679,1,1,319
2025-05-11 17:27:36,02cd363a70e19c2c2f4078187d74e0eb16a0d168c77fd1b55ee042247b5ee986,896286,330.0,151.0,0.457576,1,1,320
2025-05-11 17:27:36,288bf6b2f80f50836ee729c17cad94e903a48f51261e128f92122949a27ee486,896286,351.0,129.0,0.367521,1,1,270
2025-05-11 17:27:36,02f6d28cc032c762336559a19fdeddf3de44ca523ea2aaac54d5d82b5a9fb286,896286,15267.0,279.0,0.018275,2,4,379
2025-05-11 17:27:36,c09c0c39c1726e290e08195fa35d6340dea6168993734f481665fad91cd7ab86,896286,129755.0,1367.0,0.010535,23,1,2507
2025-05-11 17:27:36,6e53a16dbe83357290905a955fa5e70317910907302932e1c068dad7da848c86,896286,97947.0,153.0,0.001562,1,2,234
2025-05-11 17:27:36,17a2c28d08831bf6ba1c79b8bf778c7dfd295c11d6b659b880999b6dc5b65a86,896286,330.0,151.0,0.457576,1,1,319
2025-05-11 17:27:36,3037652ad1f9971726f1ec42f6e783db727f8d4e4a2833cfdcf5ef2346125386,896286,4577972.0,141.0,3.1e-05,1,2,222
2025-05-17 17:52:33,0d8188151cc039b4898dee3f972d65a3d1170de5506e0ed3ed5c6cb5a220f7ef,897134,5297517.0,4660.0,0.00088,1,2,247
2025-05-17 17:52:33,7e050a827601888d1d6f3fe474b5539d540fbbba00c365f5c92f215ce9c5f8c5,897134,67814597.0,4660.0,6.9e-05,1,2,246
2025-05-17 17:52:33,4335e8c7c99f362fae878cf089a08147793dc027bc7dc344aeaf34f3ee7c497e,897134,480025.0,3135.0,0.006531,1,1,192
2025-05-17 17:52:33,1a1d370fa20d250a32549f40fea9a0b01b8b871ba82c4502e90ee06b9f6a2591,897134,89965255.0,4745.0,5.3e-05,1,2,249
2025-05-17 17:52:33,6166e244ef0b5d00c56886e94b8f0e3c7448f00b2191c42e15f596cef8ff9244,897134,848494119.0,30330.0,3.6e-05,15,1,2281
2025-05-17 17:52:33,f444b04af4855d9cb874742538696867c4e96bfabb97345754197716427826cc,897134,270767990.0,4321.0,1.6e-05,1,2,235
2025-05-17 17:52:33,d1716e5ca3eef8717026f4de8dd1c26390c9b6e04b37dc5c6321f8b6d1985e31,897134,9326638.0,10462.0,0.001122,2,2,369
2025-05-17 17:52:33,4d5e091f371a124146c8e380a891c553db79cc67e3c79ac76c67e144e34820bf,897134,2550370700.0,4000.0,2e-06,1,2,222
2025-05-17 17:52:33,7b70da98dcd014df83952cef66712645e40d25e6b5ec9573321142fd0e142dd5,897134,1733122.0,6328.0,0.003651,1,2,223
2025-05-17 17:52:33,33aaf98e21b502ff6efad7d0bcf50c03bf273754d6c1b8300eb66daa143b942a,897134,85337.0,5376.0,0.062997,1,1,189
2025-05-17 17:52:33,65fc82311e5d28d9474111994eb5dbb0361d59fafd6864173a76b09cd1cda1a7,897134,162199.0,5125.0,0.031597,2,1,342
2025-05-17 17:52:33,dde264d8705130945a628f778d8ae7d680f8b9b5178edd3e8520166ff221ab80,897134,9927268.0,6328.0,0.000637,1,2,222
2025-05-17 17:52:33,ff867944af6cb709572ec5d379795de5aeeb280bd6fd8714d9715b440da823c3,897134,100858.0,4144.0,0.041087,1,2,225
2025-05-17 17:52:33,1182e518930ab20c0498078f271465c33101b365461b5cdfc62f2e9ccf91e4ff,897134,258007.0,4118.0,0.015961,1,2,224
2025-05-17 17:52:33,d3dde14f4ec1b1974d3d37989939f60020bb4ae66ea203892be9d1b4ebc0f1fd,897134,360587.0,4089.0,0.01134,1,2,223
2025-05-17 17:52:33,8339d8269256946aebdab1a1ca6acdfff8728002b7e28c89c946a97d19c125fd,897134,19377398.0,4118.0,0.000213,1,2,224
2025-05-17 17:52:33,1348363920ad83279a585dfb3ac68ec0223a889b46ee02f57ca83c1d1c5dfbfc,897134,229144.0,4089.0,0.017845,1,2,222
2025-05-17 17:52:33,0635c2d455044fc094e354a6674cfd8fb0edbd5bc9b57505537b8a37f12247fc,897134,327416.0,7134.0,0.021789,3,1,489
2025-05-17 17:52:33,ce328bff406fd894561cc98a977c3ba4b401c9729476457cfe32585140db15fc,897134,1305867.0,4089.0,0.003131,1,2,222
2025-05-17 17:52:33,a10bcf0d7136b8a7ef20cc8a85196cf869da901cdb8e5ada908071dde1e4fcfb,897134,10810.0,3190.0,0.295097,1,1,191
2025-05-17 17:52:33,d22bff015f18b71b0ed25c30cc02b5e388319340c05f4c13c316214e8e68f0fb,897134,10605246.0,4089.0,0.000386,1,2,223
2025-05-17 17:52:33,87f5506f7c087e3fb627d29bb7b993e53493bb96e85fb37f69ea7d0a6d3d5cfb,897134,2527276.0,4089.0,0.001618,1,2,223
2025-05-17 17:52:33,f8e26589afea3857d72d2154e3512f1b42bf9b0c3623a49407bfadf65963d6fa,897134,241691.0,4176.0,0.017278,1,2,225
2025-05-17 17:52:33,a5663f2b10217e5420b010a85ee2b36b98afe044d74264ab08a90f9b2695bdf9,897134,112212.0,4089.0,0.03644,1,2,222
2025-05-17 17:52:33,79ac8fbfe0de6b4ca07dfe856327b5f393cfc723f00d4451f6662475c97b56f8,897134,15810.0,3190.0,0.201771,1,1,191
2025-05-17 17:52:33,ba0b7766570d424857e2bfbb03c202b8da0665b3e9c8d12026eb0c8a5cf0c4f7,897134,47054.0,4089.0,0.0869,1,2,222
2025-05-17 17:52:33,95689fc3f92d9bb3547def2f1ee7db903dda727039d46fe22e604b5eb97e75f7,897134,30508.0,4089.0,0.13403,1,2,222
2025-05-17 17:52:33,5a1d8a56cac94fb7265861cb86506db66636c349d7818eefe828a22db54755f7,897134,3095.0,3190.0,1.030695,1,1,191
2025-05-17 17:52:33,ce55a83eb2a50cc4daa3956ff7fd7006654d4d1850eee2f4cf562690e3a3c5f5,897134,717841.0,6061.0,0.008443,2,2,372
2025-05-17 17:52:33,5fc08513306a00f3ee06106105bc42aa6e4002b7e6c07adc87854dbdef5d01f4,897134,276080.0,4089.0,0.014811,1,2,222
2025-05-17 17:52:33,92125677e0786b749f94e69214be3a59a7a801504873eadae8794eeeede1d2f2,897134,80514.0,5162.0,0.064113,2,1,340
2025-05-17 17:52:33,7052c8f35713a87f29df9938bdc982d3275b05bcf8631a4d9e0713c7d56b3ff2,897134,121647.0,4176.0,0.034329,1,2,225
2025-05-17 17:52:33,a1b28b048729e5ed48486904f630ed9bd530563d4885e7894f03ffa6924e2bf2,897134,38424.0,4176.0,0.108682,1,2,226
2025-05-17 17:52:33,2a9385a2b523c6978747abb70f20ab60beb29f9bd2ed71fb594e316be11e4df1,897134,2825464.0,4118.0,0.001457,1,2,223
2025-05-17 17:52:33,31f6ade068b3139fa94b0b56f7b066fd9987410634daada08a114111a98b39f1,897134,10852.0,3277.0,0.301972,1,1,195
2025-05-17 17:52:33,833a9ee2e4bf6e54ca1d34e007a52f14d7ca4da0b39971eccfeae120745d3ef0,897134,92846.0,4089.0,0.044041,1,2,223
2025-05-17 17:52:33,7dd2639936d15bf358afbc51ebc6a6553786819dce00f6445c0408d37ba236f0,897134,131462.0,3538.0,0.026913,1,1,203
2025-05-17 17:52:33,62f7ba23f20515a40aca1a7abdcabba33caa2612009d33ef439fdb5c6074a2ee,897134,257671.0,4176.0,0.016207,1,2,225
2025-05-17 17:52:33,25662c074b71d64c92d6b3cbc4e84b168a8d8458c2136e38f9a532fa2b0379ee,897134,122657.0,4176.0,0.034046,1,2,226
2025-05-17 17:52:33,4c83557fb022656d020ce5f2e73b3900ba0adb4b16d5e79d4e7dc005ba2781ed,897134,573313.0,4176.0,0.007284,1,2,225
2025-05-17 17:52:33,14a35c4e7413a2b9a3a573fbdf872334f3d2edc2b1231d64b875ab9ae718eaeb,897134,35614.0,3190.0,0.089572,1,1,192
2025-05-17 17:52:33,21a6028f4f558081e38a51e23271a618c64302e403798bd15e43045166fbe5eb,897134,1136410.0,3190.0,0.002807,1,1,191
2025-05-17 17:52:33,8429d02bfecd1c6d8f7a6f7e9b9d86d96886412c229efb3b97574f3d1b4be1eb,897134,4890770.0,6090.0,0.001245,2,2,373
2025-05-17 17:52:33,f53d23e5d627c54d72be5f171ed7f8b4aac5890b00ab70c2dc7b2ff9c5ab3deb,897134,32648.0,5249.0,0.160776,2,1,343
2025-05-17 17:52:33,274d80d161ed1df718f8c4cb7ff36acdece22dd36acf2c1e2c3a58ed44d8e1ea,897134,22697.0,3219.0,0.141825,1,1,193
2025-05-17 17:52:33,6b59523072aa33f87205114af65d7a97f31370cc780001c598e091343d928bea,897134,219474.0,4089.0,0.018631,1,2,222
2025-05-17 17:52:33,73fc4848734aa7aa1c984b1a201914089952d6edbb22bd935a827d06a9bcc5e8,897134,481371.0,3190.0,0.006627,1,1,191
2025-05-17 17:52:33,77608e139e775c62383475da21c1fef3eb3b4d124f1d07bfe92e771dba7db6e8,897134,177206.0,3190.0,0.018002,1,1,191
2025-05-17 17:52:33,f4442b90c87d9913783782cbcbe9e5d0a55b0850f002d7f5d82ceb77c3770ae8,897134,132150.0,4176.0,0.0316,1,2,225
2025-05-17 17:52:33,8c3b1658dcdd70aff4bdeaf601a2a5743ab638de970f5ea04167595b7a8b6ce7,897134,36041.0,4089.0,0.113454,1,2,222
2025-05-17 17:52:33,b738eff234cd811bfa3ac0bd836d656359742b1d988bb0aa896d26a31210f4e6,897134,35237.0,3277.0,0.092999,1,1,194
2025-05-17 17:52:33,f22765e4adfcf10b84059523642941340e54226ab1d659c40b8e9d79f935f4e5,897134,35959.0,3190.0,0.088712,1,1,192
2025-05-17 17:52:33,7d3b212e8594e1d1d6af3784b813e3c1ba585f21a09bc6898ad61c1700dbc7e4,897134,41078.0,3190.0,0.077657,1,1,191
2025-05-17 17:52:33,192ab180ca16b5573c4605ae568bbb8da7ef49fb351c4d1153856092bf90ace1,897134,60472.0,4089.0,0.067618,1,2,223
2025-05-17 17:52:33,eb55c2a670d17ba9e2a05a676a3e0a7fff3085a934b81edeccb751f93a6c9ee1,897134,306668.0,3277.0,0.010686,1,1,195
2025-05-17 17:52:33,73ec4fe13b31051cc81926bdcd29c940bb14a6a224fe164b77d8fd69050088e1,897134,977378.0,4118.0,0.004213,1,2,223
2025-05-17 17:52:33,cb1c181da76bfd0a6d0ebba57598fa3410642d4254fda649c36caf58887635e1,897134,1386235.0,4118.0,0.002971,1,2,224
2025-05-17 17:52:33,b0df085d53a26e05a28c95f0b63b11de212e4e933467170b0fa770d6e17f0ce1,897134,32918.0,4176.0,0.126861,1,2,225
2025-05-17 17:52:33,453f2ff3b3e55936f63ec3d6a1f4437b2e50b785e5873bb4e4167330f0367ce0,897134,97262.0,3219.0,0.033096,1,1,192
2025-05-17 17:52:33,49322d13ed87837d4fbcfe7fce45e60e307ea5c814f061feeb1f06225ba64bdf,897134,675229.0,10005.0,0.014817,4,2,669
2025-05-17 17:52:33,8bcf19869df45f0d4087f68afcaeefa19a38cacadfdef577ac2a8d134655bade,897134,465437.0,4089.0,0.008785,1,2,223
2025-05-17 17:52:33,2d5bb9d267c53c4e909bb08a7163297e4258aebf03aa8d940fca8e14abe181dd,897134,608020.0,4089.0,0.006725,1,2,222
2025-05-17 17:52:33,933d01525e7de91f02994c85b04f558d79cb55fdfabe69dbabeff1e80bce6adc,897134,266660.0,4176.0,0.01566,1,2,226
2025-05-17 17:52:33,a69bbb7bc824a780f3694d2f93617f6b521ffb6a001b4665f770f0217ce9f6db,897134,39455.0,3277.0,0.083057,1,1,194
2025-05-17 17:52:33,c18d60b06021631462e156593aa729a9a1ae632f313c885df2e1045c04ee58db,897134,49872.0,3190.0,0.063964,1,1,192
2025-05-17 17:52:33,ab6528b7c007f4c10a4d14f5b8fef8c2db424b4eb56264d4d01c9fe0f3730ada,897134,13559.0,3190.0,0.235268,1,1,192
2025-05-17 17:52:33,94b473dda7c302ee2843f46e5bc91a9da5c66e1ed170ac1b49b3e61afeb5e6d9,897134,47490.0,3190.0,0.067172,1,1,191
2025-05-17 17:52:33,c2cc7dfc8545e3e0ecf7e29c866bb94456c60370db8aee358f69334a5fc3a1d9,897134,478049.0,4089.0,0.008554,1,2,223
2025-05-17 17:52:33,3667731b8e1eef7316ebc13661db34b7313c3d12e9026c2b79283427599147d9,897134,503156.0,3277.0,0.006513,1,1,195
2025-05-17 17:52:33,0f8ef3c87c06458f949a7b4820e479ffe079cc634a1588c38022553d95dccdd8,897134,203794.0,4118.0,0.020207,1,2,224
2025-05-17 17:52:33,a77bdd3f293cc38f3cbe4d74d84c6e730aaa7f7cb12af57c4053d83b9a5a86d7,897134,131419.0,3277.0,0.024936,1,1,195
2025-05-17 17:52:33,9160f33a6e0b96c22dcec8e3f637fa1a588d528d3601389898936bcc81bf56d6,897134,102171.0,5249.0,0.051375,2,1,344
2025-05-17 17:52:33,9e26a28daa1b402c1df09699478f929d90db9ecc54575299f39c46fddc1124d6,897134,64787.0,3190.0,0.049238,1,1,191
2025-05-17 17:52:33,9a3de294c2701a958dfa96ee0031e123d231c59061b262e8155bc14a27a186d5,897134,147968894.0,4089.0,2.8e-05,1,2,222
2025-05-17 17:52:33,cfeb13f74b6cf05e51c0ba84e13b287ab02f3b886ef3d930b79c9c19e9b39cd4,897134,211976.0,4089.0,0.01929,1,2,223
2025-05-17 17:52:33,201a5758e2794ca2feecef4ee2572e2fc7c64b8514c548b18da8a3ca8c840fd3,897134,16230.0,3190.0,0.19655,1,1,192
2025-05-17 17:52:33,96eb6098fd1dde863ca36179825f5db9d541875df311c2305dd098c1c2a416d2,897134,4758309.0,4089.0,0.000859,1,2,222
2025-05-17 17:52:33,0a587f4f2cde0ffff3127b17f207728f2b03b5a65db17e69420f429b98ef3cd1,897134,286768.0,3190.0,0.011124,1,1,191
2025-05-17 17:52:33,ae2ef8a9076127d2f74680e5adc7491752acfb7a9a46ad574373f1f2cdd141d0,897134,478491.0,4089.0,0.008546,1,2,222
2025-05-17 17:52:33,a31ec8b42e930834c72e5a9ecd5421d888c6835a8ef6bed0d11e76366d7fbccf,897134,13527.0,4089.0,0.302284,1,2,222
2025-05-17 17:52:33,ea9a26bee09599569f7d67fd8b329e3a894001387f4de397db149f7dd8c6a7ce,897134,241473.0,3277.0,0.013571,1,1,195
2025-05-17 17:52:33,e4fb715b3b5afffd81783033982d8e97916f253812e66a61336cdc877ecc0ece,897134,90461.0,3277.0,0.036226,1,1,195
2025-05-17 17:52:33,095fe90b62d17f15de99752909c0234ebbbb17ceb553bb2de922a867e671a7cd,897134,569464.0,4089.0,0.00718,1,2,223
2025-05-17 17:52:33,38cee751bcf81b23381816544454fc6cd579046843492a80a68c396bccb281cd,897134,189380.0,4176.0,0.022051,1,2,225
2025-05-17 17:52:33,80ea33c87f0be8c0b39e1c88d760a5a1bf1fcd5b2f822775ff6cb91fdbe0f0ca,897134,28511.0,4089.0,0.143418,1,2,223
2025-05-17 17:52:33,11da440d21a1e78eb528e60474f20ef57be3a46065f39af3c2cf99e7262ab1c8,897134,526472.0,4176.0,0.007932,1,2,225
2025-05-17 17:52:33,4ad5be6289aec64f243d049dae480c9953292235c79c9c31f53f1bcdc6f289c8,897134,16781.0,3219.0,0.191824,1,1,193
2025-05-17 17:52:33,12851779027ea5f8e15fd499b89260ddf4adcc9e4d420713f336e0101e775bc8,897134,1057703.0,4089.0,0.003866,1,2,222
2025-05-17 17:52:33,0d8414b117f91ab375eaebd8b00e09802df86d35ca585f86226f570ffa0366c7,897134,124021.0,4176.0,0.033672,1,2,225
2025-05-17 17:52:33,852c90e9bbdc634925dca8c165b2ae84eacb113c6009c32d4fda2fb6ec9063c6,897134,284911.0,4089.0,0.014352,1,2,222
2025-05-17 17:52:33,b960d4bb11f9262da68bea9bbe3052670186d8918f8b8be9feef5c69c4b014c6,897134,5205858.0,3190.0,0.000613,1,1,192
2025-05-17 17:52:33,416d36d211f24d466280105798292e974cbb95029a280b030ead35f7c08d0fc6,897134,201681.0,4176.0,0.020706,1,2,226
2025-05-17 17:52:33,380b5c8a9c398ffef91b546525497e9463081f8888bb6300a74cf02eec005ec3,897134,98783.0,3277.0,0.033174,1,1,195
2025-05-17 17:52:33,2c9f126ab949bb0d8c342091d19182767ddf25f0704bae91f3c8d7fe4f88f3c2,897134,810023.0,4176.0,0.005155,1,2,226
2025-05-17 17:52:33,56e0a082a1abba6a15df9ad874402df139f83fd5821e24093776b94b0e57d3c2,897134,196793.0,4089.0,0.020778,1,2,223
2025-05-17 17:52:33,5a6ed24f9e5581889b724a518fcec8bea517e78bd96ac2e443a2af885c95d0c1,897134,2998771.0,4437.0,0.00148,1,2,235
2025-05-17 17:52:33,1c47a044cf937a42cb4c1ba37eb9d2f3719dc00f41246b9affacb895a59ebac1,897134,269549.0,3277.0,0.012157,1,1,194
2025-05-17 17:52:33,ddbde422855f079ca125cff204d6dc0770eb28e2f319d376dd16669264839cc1,897134,103537.0,3277.0,0.031651,1,1,195
2025-05-17 17:52:33,968dc1495df180d575d1469034b5f638ac0fdfaec2778ba61983c6ae5789dec0,897134,6458.0,4089.0,0.633168,1,2,223
2025-05-17 17:52:33,44b550e2eb4467e0dc73d873107b55972d234e6ab7e482b8a86724da749827c0,897134,118091.0,3277.0,0.02775,1,1,195
2025-05-11 02:39:37,d52ab1379eb0d1f9c628e13dc50168251db77ace53cb88bf46a99d77763bd974,896194,44237.0,763.0,0.017248,1,1,191
2025-05-11 02:39:37,00ef02ced0ecd7fd16ab204d5cea80d2a10f6f0b17bd76e8fc5f28b43b59ac6d,896194,21138.0,763.0,0.036096,1,1,191
2025-05-11 02:39:37,2f840669e58ef522f9954d6004c0ad3156f6de2e948fadbfc50dc15bc894ee65,896194,89432.0,763.0,0.008532,1,1,191
2025-05-11 02:39:37,19417457a40d3e1934b6fe160f95d54ec9bf81467cfdefea34c9948acf374361,896194,47023.0,763.0,0.016226,1,1,191
2025-05-11 02:39:37,029b82f4aad804a425936f8d1a8aeb7b9dfb3349585cad914f013b11920eaf53,896194,181906.0,763.0,0.004194,1,1,192
2025-05-11 02:39:37,a067cfe9b90f8ff26e349956589251c15201590d74b2a729fa8eeaa9c43a4e53,896194,439779.0,763.0,0.001735,1,1,192
2025-05-11 02:39:37,995643e1cd59f48565064121c12b8820883b12d71560d91c809d1249c4652140,896194,14775.0,763.0,0.051641,1,1,192
2025-05-11 02:39:37,202c12969c61ab3875cca153e8d69c72bc7db3f177d432e6214905f5acf2f621,896194,6418.0,763.0,0.118884,1,1,192
2025-05-11 02:39:37,4458c6ab93a5687a32cf617ffd348b7086b4090b11c40a9a9bff8bbaec63f61a,896194,60689.0,763.0,0.012572,1,1,191
2025-05-11 02:39:37,0c08eaa7b67f3da60a3308eeb7377c64764ac5897a829217eba73be0e2858b17,896194,104104.0,763.0,0.007329,1,1,191
2025-05-11 02:39:37,7bb3e4b5fee34106453fd7c4e68168c435852672efccdd9ca0ac18297b47ab13,896194,174105.0,763.0,0.004382,1,1,191
2025-05-11 02:39:37,fa4ac610f52b86275c5209f3f6a026e575b08473bb1a9ffeb03c98670b498e0f,896194,267593.0,763.0,0.002851,1,1,192
2025-05-11 02:39:37,aa398c2c44c0bb9d80d404cdce43624656b298654f51c042e8beb9dd745b660e,896194,86683.0,763.0,0.008802,1,1,191
2025-05-11 02:39:37,5285c945fa548be2837e131490cd89b746ec1fc7da3b5e4f9e71049a3a23ee05,896194,65729.0,763.0,0.011608,1,1,191
2025-05-11 02:39:37,ec34183a88de344305cfdb4051eef29a4c2663df9d64c2eded976d6c7f55a800,896194,16419.0,763.0,0.046471,1,1,192
2025-05-11 02:39:37,940fab02bab578f6a2ca72ebb738830d264d493be050cf8229d506462f0885fa,896194,54610.0,770.0,0.0141,1,1,162
2025-05-11 02:39:37,414cc1ad2209d0bcbb16b4d4ad6ada7ab2dedd9fc6745e208c13438acaa68695,896194,1575851.0,1249.0,0.000793,2,1,342
2025-05-11 02:39:37,27286fbab500c28df168ebda1f1b57fcd2840ab22f514cec5f9ebeaa0ebc84ae,896194,2868469.0,772.0,0.000269,1,1,192
2025-05-11 02:39:37,05ab2dd0301967b39f62873cb258f505965004480999335a530f88a95a86de5e,896194,263646.0,1712.0,0.006494,2,3,408
2025-05-11 02:39:37,a6a412117bdfbf01e8ae3342b9cefc9977861f99c92ed6cbe5c9852bbc2620b7,896194,94518.0,1239.0,0.013109,2,1,341
2025-05-11 02:39:37,5a50c8cd603dc9f4d8e7ecf9f3d767ec340c4afaf11c92e90e0e46280e9e4059,896194,285161.0,1239.0,0.004345,2,1,340
2025-05-11 02:39:37,4d0c58c108c189e3378f420d045576a7898cf71a90288d8b231b9fb6c704dca7,896194,42265.0,926.0,0.021909,1,1,215
2025-05-11 02:39:37,4f2351289d7471db9ca75e5b2e367b010cf8826c7608dc071bf1a9840ac074e2,896194,46654.0,982.0,0.021049,1,2,222
2025-05-11 02:39:37,248e791ff7619fbc35ffc822090f12253d158ffc77c607d43f2396cf69af76b0,896194,85682.0,982.0,0.011461,1,2,223
2025-05-11 02:39:37,c2e67238c67533717e15ac6d3f814e2fe8732bfedc0dce2ea6b06f165cc32a6a,896194,24375059.0,982.0,4e-05,1,2,223
2025-05-11 02:39:37,041212337b88b13e06b68bae572a13c0128a53ecae9f83d388fe39d8bae64a67,896194,152812.0,982.0,0.006426,1,2,222
2025-05-11 02:39:37,fef85e18e37774f40ce5206617536c6be52b52cd842d6750b5d692edca437759,896194,274350.0,982.0,0.003579,1,2,222
2025-05-11 02:39:37,e2d0e264fc1cfe7888e8eb8d16546042bdd5ce05391bfbfa732e0654a4c36e4c,896194,2811248.0,982.0,0.000349,1,2,222
2025-05-11 02:39:37,bdf57c006d69934f20bd56e74e2def3541cc25bf8ec21c20f5d17178b84b7c41,896194,1272692.0,982.0,0.000772,1,2,222
2025-05-11 02:39:37,ec1820a9b84526953276dc50193c9e16cef47d724b34eaa3e4a6fdc62ccabbc7,896194,856825.0,1143.0,0.001334,1,2,246
2025-05-11 02:39:37,ed66fc188b8493415c1b40107398897d3fc3328d9b1563b7e5afb0ccb53bb669,896194,3829321.0,1143.0,0.000298,1,2,245
2025-05-11 02:39:37,6362d0a279156c56151a5629c2724d58c19d4302bc0bb6970e8255a0b0be1a9e,896194,16327.0,2350.0,0.143933,2,1,336
2025-05-11 02:39:37,126a8699d5e94dfc6e85054f33c131607e0fa570deffed5c3b4be0895f4650c1,896194,634618.0,777.0,0.001224,1,1,193
2025-05-11 02:39:37,b97e5c268df7dfc793095fa8da17882e3782f5e8286af63180d35a34b8012dbf,896194,1447895.0,1204.0,0.000832,1,3,253
2025-05-11 02:39:37,94d8378b2aa05a6768ff331c65e4e63b212fcefe4235e954cdd0c6bbda578fbe,896194,161607546.0,3381.0,2.1e-05,1,13,564
2025-05-11 02:39:37,b327683e19dec2306fd1e3ca648b22da65e4dfe6f9782789bac6fe2df659d5b2,896194,999013.0,987.0,0.000988,1,2,222
2025-05-11 02:39:37,e762f53a85c898a31aecfc63b88eb8fa2e9fb448da8c6436295602c1502db1ad,896194,1546595.0,1155.0,0.000747,1,2,246
2025-05-11 02:39:37,d4f633c9b87feae370f1209c3c21bc808afb5a47f499877a42dbd5d9523b45aa,896194,6525.0,1239.0,0.189885,1,1,162
2025-05-11 02:39:37,5a65a576448af49708e8e30f02db71de2868a03967a28bf01b836a6c0bdd58fe,896194,8310.0,1155.0,0.138989,2,3,331
2025-05-11 02:39:37,5853762ea9c664025ae64444315584a8267b06c84e39bb0db160966b565bb674,896194,1413165.0,1204.0,0.000852,1,3,253
2025-05-11 02:39:37,a64d6107c80043e9016fa053ed0959e25c1e0b58cd7ce6c9c68a0c68e3183464,896194,81662.0,1715.0,0.021001,3,1,488
2025-05-11 02:39:37,a426301decaf81d76df34cbc01f0eb63e4854fd4bba4cd3ad7f5a2f0de7a374b,896194,985734088.0,4823.0,5e-06,11,1,1243
2025-05-11 02:39:37,f921b921d9c0b721412ce5186a20f0fba712253f35e0a8f9765575638b23fb4a,896194,185946084.0,1155.0,6e-06,1,2,246
2025-05-11 02:39:37,9b152f0d02f2f438d105989f13047d0b0eba7639e855cf2d602bacefe2a3da3c,896194,4466197.0,1428.0,0.00032,1,4,285
2025-05-11 02:39:37,ebfbfbb17b981d0b2265d87cfa2916045202c8b1a3dacb161f2a06872d85222c,896194,99999006.0,994.0,1e-05,1,2,224
2025-05-11 02:39:37,0fbf2eb3b8b70a3e469cc24c3a113ebcbf6b3a887fc7780288e03f0696dbda29,896194,5003662436.0,2246.0,0.0,1,1,349
2025-05-11 02:39:37,d7c6cabfd884fe1d440cd02cb30c9189dc44ae056cdeac50d20620b8494498f6,896194,5004589125.0,855.0,0.0,1,5,477
2025-05-11 02:39:37,409fe6fa9a24c3c0c58f915de000ed85cf260ffed746a0ed540e4e8f37b33921,896194,1433470.0,7147.0,0.004986,14,2,2146
2025-05-11 02:39:37,ca736a5d3170a9f6ef1451bacb725bd77e052a35e337f0e71fa9112158c36f12,896194,3915082.0,1729.0,0.000442,3,1,491
2025-05-11 02:39:37,1c4c2b979b8b3d5f468ce7c79293eed559284e12fc9bea1ab5335028745b3c12,896194,4045449.0,987.0,0.000244,1,2,222
2025-05-11 02:39:37,22fa9ad7dc17ef6e038439dc6f3fc1b3cd8d7d2c94b852def6b287c1991f0a0c,896194,190205.0,994.0,0.005226,1,2,223
2025-05-11 02:39:37,0b624990610f4d04c09ed4e3fe52f70fea5180aacd6d390a5452d719d94cf509,896194,2798689.0,2212.0,0.00079,3,1,559
2025-05-11 02:39:37,9b7dda54ab30733eec06ea206f67a26c97284ed49058c0d6bd2450fd7200b5f4,896194,2836770.0,3633.0,0.001281,7,1,1083
2025-05-11 02:39:37,78f14ce25aeb10c450abfefea109c80fb69fcdc81ce2a40d2123cb52f35dde5f,896194,5437562.0,1480.0,0.000272,1,3,292
2025-05-11 02:39:37,888985e1086a4f7eb6a687a054cbf9d90686d7136e7f1071b8cc1c9f7c12338e,896194,686859.0,4438.0,0.006461,4,1,632
2025-05-11 02:39:37,b7d7bd66ddb519ed35a70830c696caa493bb1ccf2fe51c96cc9fb4bae363afea,896194,22119.0,1475.0,0.066685,1,3,292
2025-05-11 02:39:37,135650e7a11fe10166493f595a599248234740661248899f92ed7c857d21393f,896194,46281748.0,1180.0,2.5e-05,1,2,297
2025-05-11 02:39:37,c4d1378236d96515bf85201a3e5050086844aae908fe1b818d61dea14e539244,896194,3976356.0,1729.0,0.000435,3,1,488
2025-05-11 02:39:37,fec08efdee36cc07b0f40d316ba18fcaab525f41a1017af63c310ec7095b95ce,896194,19712040.0,994.0,5e-05,1,2,222
2025-05-11 02:39:37,f0874fc69857a79cc236a8ea2a5ad60d209077465aa5b57ccc1772d1bfed1a9c,896194,3835963.0,994.0,0.000259,1,2,223
2025-05-11 02:39:37,b8365fa501bb6cd1ef5f6b6dae5ba2d3248245ff513d99b84aa2dfc00e2dc493,896194,9581553.0,1160.0,0.000121,1,2,245
2025-05-11 02:39:37,2629c72c878bd8475d2bb7dabb7da74cae5d8aeda3036caa7a91d71bcc404744,896194,1750100.0,1000.0,0.000571,1,2,222
2025-05-11 02:39:37,5a7d66ceb3d46f03a603055aae786c0ca8c962294e18c155d9704220ab7cde9c,896194,54696.0,1292.0,0.023621,2,1,343
2025-05-11 02:39:37,0fd0a9057fba7867e3d847e76403e3e2325f22b56e7ff4cd4f92386fb60d42c6,896194,3117.0,786.0,0.252166,1,1,191
2025-05-11 02:39:37,dc082bd4acd4ca2a3a7bb7aee0e05a330b0edf174e21bd6292841322a50e3fd8,896194,409369825.0,2513.0,6e-06,3,2,593
2025-05-11 02:39:37,76f0790ab158d1ba129bb1a5313d6e010efb45ef9e81cd7ad33908b000e1af48,896194,29030.0,1994.0,0.068688,3,2,520
2025-05-11 02:39:37,96c29674a250b6bc9ac663b1ddb2eedccd2ec2c1c9486bcfe820501cd42e1e6b,896194,1869587436.0,1015.0,1e-06,1,2,223
2025-05-11 02:39:37,6400ec35d09661415f792aadb8b79b5c4a552ae414ecd4d3ed4d7bea50ddd5ec,896194,335506.0,2926.0,0.008721,4,1,730
2025-05-11 02:39:37,427e0d212adc43fa2c9f4c70f6d0ee1c9dd0ebcf11d980409cfd1ceaf71b8e4f,896194,5682703.0,42300.0,0.007444,85,2,12705
2025-05-11 02:39:37,7348c77737561a2e6f3f4b85fee0de895ca6f600d3bc697c221a473042a6eefb,896194,788487.0,2000.0,0.002537,3,2,518
2025-05-11 02:39:37,8092d5d5733a59c166712e7eb631be11a5d0abba5cfcc73565618638964e69ee,896194,78202685.0,2000.0,2.6e-05,3,2,518
2025-05-11 02:39:37,85127c896c7feea299f4687134bdfed26189caf62c9c620222d87796cabeb21b,896194,630761.0,2000.0,0.003171,3,2,518
2025-05-11 02:39:37,cf74efea0e259701c788a855d97cfa98a56a55cdd7091b0cbfa5604d080e005b,896194,53749.0,806.0,0.014996,1,1,192
2025-05-11 02:39:37,98225e6ab3ae5e7c8aa504dddbd8e328c81d279482ce42f799221c5e4ea88baf,896194,405476.0,1652.0,0.004074,2,1,387
2025-05-11 02:39:37,7abe4c29103d7e21459d8029b0e99963a4fa0b90174355897516a05547cadaac,896194,266518.0,1125.0,0.004221,1,2,235
2025-05-11 02:39:37,d780566764f2aaf9cecbeff3d6529a87b0259af306a661d979bca60195cd9f77,896194,520008.0,3710.0,0.007135,4,6,699
2025-05-11 02:39:37,5abeedf899d428752575139b01fc277759206e0c8919a0f974389125f001b33a,896194,1495117.0,1407.0,0.000941,1,1,189
2025-05-11 02:39:37,d728d97b54ce7b5cc274c69f3607accb07b675a1ca614dac5b668bdb1d9f13a8,896194,442633.0,1745.0,0.003942,2,1,564
2025-05-11 02:39:37,7766b6cf5e449a9e8ca78715c973837ef4037ecc72b4751461ccddfccb66d8e2,896194,91668.0,1015.0,0.011073,1,1,218
2025-05-11 02:39:37,83bba4c47430ceb4ca026c87e83bd93de9e81758dd8c2a38c7b6a188efd0143e,896194,20107962.0,4729.0,0.000235,1,17,683
2025-05-11 02:39:37,c18393bdb55b51b61a3cf6e06a47adba0476c97c9af558c45c16581714d67b2f,896194,28606.0,825.0,0.02884,1,1,192
2025-05-11 02:39:37,d027cc2a81bccd49f5bd45a5e4c60f87f277a6fb0154391570f01cd1e00b5346,896194,80555.0,1445.0,0.017938,1,1,192
2025-05-11 02:39:37,a4e982a1dcaa8fc18a561cec8d2f97d55a10b133d4e6796b06aa83c53c618e1a,896194,1050751.0,2720.0,0.002589,3,2,524
2025-05-11 02:39:37,19419492727a2a20cf1f705a3d872fc8fad790223a5c8ea2a357e2bb5953a58f,896194,11214.0,1241.0,0.110665,1,2,246
2025-05-11 02:39:37,292885efe81a974e4e9cc74d97c716986cbc2cdd474743ef5b20d225b7053062,896194,5159580.0,2213.0,0.000429,2,2,375
2025-05-11 02:39:37,95bbbbfc57272730ebfbf1996aa0e0c0e784427b16d129361d05e7e6059c6d8f,896194,61102.0,1078.0,0.017643,1,2,193
2025-05-11 02:39:37,d91b87ebbe883b1c660ceb748c62ccbd52f94331c54f8a0fe7916a2824faf4fc,896194,697790.0,3132.0,0.004488,5,2,815
2025-05-11 02:39:37,a9441aa246e5c4355f3abc1a098b150c770713c217b071dcbf71601157f21a1f,896194,12673457.0,1336.0,0.000105,1,3,256
2025-05-11 02:39:37,7bd39e92b8d53d246247a70c5c5e992b05083efe1c49f0ddfd9b2885c73a469f,896194,10137570.0,1262.0,0.000124,1,2,246
2025-05-11 02:39:37,f8e3e0def144bb476061ca1f98c3a76fb56ea7ddebbdfef164dce09492c500ea,896194,8143205.0,12905.0,0.001585,11,1,1664
2025-05-11 02:39:37,2ea794a31ef7b0d3c8386c8d868c7ed3f9322869fb085ebf019d906381cc2958,896194,305638.0,1625.0,0.005317,2,2,372
2025-05-11 02:39:37,85e5686fc0053061a8c7601097c438268e64c2b51e25a7df389becfc07013179,896194,127143.0,857.0,0.00674,1,1,191
2025-05-11 02:39:37,0e55525483259af5cdcf0a6e50ebb6b837f3c0281a7a2ba67fff0b8d44808db7,896194,575086.0,1625.0,0.002826,2,2,370
2025-05-11 02:39:37,8b5e621f1007b53aedaa913d697c1d85d7137c2926f580de92f5c48b5e854b6e,896194,57268.0,1125.0,0.019644,1,2,225
2025-05-11 02:39:37,857e0ef0f71b52ddb8596bbc26bbc41573371ebc47cb97c413d4d44b3a1453ed,896194,5479904.0,1294.0,0.000236,1,2,246
2025-05-11 02:39:37,07e91e2d4fd598faefce118ac58a4ec6db817d6b00d995dd27741b0856a3ee32,896194,3807688.0,1130.0,0.000297,1,2,226
2025-05-11 02:39:37,88972c14c722b3111dee9b90ba40861adc08a15766983bf1f3daa2356897c365,896194,80629.0,1397.0,0.017326,2,1,341
2025-05-11 02:39:37,c3e1b20e1cc051b25cb2cd77239fa5370fe452598c9efdc52def3b9fe4bc71bb,896194,707788.0,777.0,0.001098,1,1,150
2025-05-11 02:39:37,14f99cb20bd7108a4fc5e7720d1d5d5c42be9a8d305d534f609eae250f42fed9,896194,6110.0,890.0,0.145663,1,1,194
2025-05-11 02:39:37,36f9d15e580917b9fe167d6e94a14de6ca10f402a8d25ac876f2cf99fab4adf2,896194,55046975.0,1123.0,2e-05,1,2,223
2025-05-11 17:27:36,ce5ebb231d410e99e6490dcdee87faa646aa1b86085133e63ae9f961152a2ebf,896286,330.0,139.0,0.421212,1,1,307
2025-05-11 17:27:36,26a0c67d9f9d78356cc7324b5416921d4496667a716fe46d4707e403fd1a21bf,896286,12641847.0,141.0,1.1e-05,1,2,222
2025-05-11 17:27:36,4b3fe17c75c57c1136f37524b028bb304304dd1041c08d42afce445f4d3d05bf,896286,546.0,154.0,0.282051,1,1,331
2025-05-11 17:27:36,be4c653eb41df4a7f27318f2d104cefa3cf8330a7a16a1848036348718279ebe,896286,330.0,152.0,0.460606,1,1,323
2025-05-11 17:27:36,7ddd3626a2f84729f5c56cfaafdefd4ace8abccb87f94f3144471c9cfe0d9bbe,896286,546.0,152.0,0.278388,1,1,324
2025-05-11 17:27:36,482b272d1de79b520f46b4f3f11cec2bfc0b53ff081cfcc234d73b5a101a5bbe,896286,330.0,151.0,0.457576,1,1,319
2025-05-11 17:27:36,302e38368821fd8bf281ffde481a8e9e97e25b73024566ed086bc2e3ebd05abe,896286,20315.0,217.0,0.010682,1,3,298
2025-05-11 17:27:36,f8edb581932c4459fd62559c133437a13088045ed1e77e8069286ec4d8404fbe,896286,330.0,152.0,0.460606,1,1,323
2025-05-11 17:27:36,7a468a16c2c9667761267de8b5e71141109f1427c04175d0f8d41bcbab124ebe,896286,149046.0,217.0,0.001456,1,3,298
2025-05-11 17:27:36,a55087d0047c70d467c16d6546c37109605182cf94bf8b1ae11cc98b70af41be,896286,330.0,151.0,0.457576,1,1,320
2025-05-11 17:27:36,acf4140e3e47a3ac4e6fc1ee31dc4063158a61b27674bd2642238d8e6ebb36be,896286,509190.0,110.0,0.000216,1,1,192
2025-05-11 17:27:36,c0d85bf925deed85d5c6fe01a765a60efea45a94521312d794c412b78e0623be,896286,15292622.0,141.0,9e-06,1,2,222
2025-05-11 17:27:36,544b0235a9c3fad3fc98c8d858dbe243a4d469305447e849814b0d16a1d922be,896286,4793838.0,141.0,2.9e-05,1,2,222
2025-05-11 17:27:36,ab5bd2a58fd30fef82de1215f129e78b5740661eda0a831d1e80d64b9be5f1bd,896286,330.0,151.0,0.457576,1,1,319
2025-05-11 17:27:36,c97e8ad2e1f88a3ca0f44eaf53936936876b4d08af2da52a284244e1f1abccbd,896286,330.0,151.0,0.457576,1,1,319
2025-05-11 17:27:36,deed5123ec814e86d410405ed3584f521b29d72cec927bbc9a93161df911c7bd,896286,330.0,152.0,0.460606,1,1,323
2025-05-11 17:27:36,de2b9e7f62956af1a23344077365fb6c5efcb1cc4aeab0c57e4c8a97ee82babd,896286,925185.0,142.0,0.000153,1,2,193
2025-05-11 17:27:36,6194191862bfbb5d80f6565d69651b7926e206e786fe7f1037941a47a88eb9bd,896286,19590.0,110.0,0.005615,1,1,191
2025-05-11 17:27:36,7595d24557f374be1276f51fb493bef17cdf9dec0ec9cdb541c819574a55abbd,896286,249858.0,142.0,0.000568,1,2,224
2025-05-11 17:27:36,5c17adafeb6898d72b7198e4a54a438107c1a4f2978e6d3fd6dc2b2a1853a1bd,896286,4633213.0,141.0,3e-05,1,2,222
2025-05-11 17:27:36,3e613a86865292628740d77d7acdc09a90fe6ce843db5660957bf0f01b6767bd,896286,330.0,151.0,0.457576,1,1,320
2025-05-11 17:27:36,5437539f45d9d90d9ea5fe536de2447a7b6abe86247648fac4e3e1c8622b60bd,896286,330.0,151.0,0.457576,1,1,319
2025-05-11 17:27:36,2bb02eee98a9641c230baa04480882d95c4dd1f1a382d107fc96d3206f4254bd,896286,5836.0,275.0,0.047121,2,4,375
2025-05-11 17:27:36,62cc865c7efa393b000bbb81c2c6dff0f11767fe46ca8883f3a44bd9b06444bd,896286,546.0,152.0,0.278388,1,1,323
2025-05-11 17:27:36,efd4cc978412cc7bcb79d2583b28a6dae4120c2a6d115446815ea695fa503dbd,896286,32664.0,111.0,0.003398,1,1,193
2025-05-11 17:27:36,c01ed72b2123c6d4c2d30cb298fe2f582f93846287f0b0778c85c2aab98423bd,896286,330.0,151.0,0.457576,1,1,319
2025-05-11 17:27:36,7ad600732dab8674629f6a047717713c1460b57a9ad3fdd8ef6bac4136de1bbd,896286,546.0,154.0,0.282051,1,1,331
2025-05-11 17:27:36,b611fdd56e96d4ab1afe4fd55d3b0cc55cf117c278f919e956381b7e5c7003bd,896286,330.0,152.0,0.460606,1,1,323
2025-05-11 17:27:36,e22336f17f63980fcd309cd31f7573071bb7e0eb602f170335e50a14fc8ab9bc,896286,11855.0,166.0,0.014003,1,2,247
2025-05-11 17:27:36,d77168435365744aa834fd61a15a0fd8cf1ebe48b74dbe9ef17039ff624693bc,896286,330.0,152.0,0.460606,1,1,323
2025-05-11 17:27:36,3282aa27b7f29303a7c2bf115049f6eb0c8597e9fbfb7b09e83d3108813a7fbc,896286,39999811.0,189.0,5e-06,2,2,289
2025-05-11 17:27:36,3b4c8cfb53d6a031a491dbbd11cf5d101e795ee40bc7b73fda9c436553a746bc,896286,5203594.0,141.0,2.7e-05,1,2,222
2025-05-11 17:27:36,a11e59b620af244e0b9d013ac2de209dc99d226d5cdf59f27b05bb4a941225bc,896286,546.0,152.0,0.278388,1,1,324
2025-05-11 17:27:36,10f078d82ae9962caa06f8ad47ee393e89d97db95567d91e5bfca620db51a1ef,896286,9779.0,154.0,0.015748,1,2,205
2025-05-11 17:27:36,ba66b956b69c38e9e0f3044cc5f6727ebe284011d6b0567cfb74fe5a25601fbc,896286,2415221.0,142.0,5.9e-05,1,2,223
2025-05-11 17:27:36,f86392910a580f878cedec73aae7eea9aa96325a54b5fcf25dbac2832cd219bc,896286,546.0,151.0,0.276557,1,1,322
2025-05-11 17:27:36,24216a6e0c3d15a3668eb19070facc7303307d7feb1365392bced9fecf7317bc,896286,103648.0,141.0,0.00136,1,2,223
2025-05-11 17:27:36,e7b4bf4ac94deac1150635ea5d3a6cb3dd1f4775264cd395b76bbfc4902014bc,896286,351.0,129.0,0.367521,1,1,269
2025-05-11 17:27:36,4ad22c130ad6ad64aaedaf7b8ee747f868073e81258c737e5760ae1c18a80cbc,896286,546.0,152.0,0.278388,1,1,324
2025-05-11 17:27:36,139d40e7610c1517ddfdac7bc4a80cf7b1758201032dfdb5ca0a60c271f900bc,896286,72031255.0,222.0,3e-06,1,2,222
2025-05-11 17:27:36,b9a87e79e7f99c8a75e6aaaceb9e0276e3cf57bd39411cceeb1ec3a78d94f9bb,896286,63308.0,154.0,0.002433,1,2,205
2025-05-11 17:27:36,6313c49d965d1d667a86c749086d6ef21eec50f20d5033bb14ad9b87c004f6bb,896286,330.0,152.0,0.460606,1,1,323
2025-05-11 17:27:36,a2ba7a32a92ec2b4f1f64ac25db846490c267287697ab242822c15b64988b3bb,896286,123532.0,154.0,0.001247,1,2,205
2025-05-11 17:27:36,cf7d195bb9ab6eca6b6e986618f913ca676e9aaf9f14a95e463496389559b0bb,896286,330.0,151.0,0.457576,1,1,319
2025-05-11 17:27:36,bc704fe5ef72160cac8efdbb803d8fc274eda54ac26c26b52c464f5a23259cbb,896286,1607363.0,142.0,8.8e-05,1,2,224
2025-05-11 17:27:36,94d3bcaf0d4691d4ee20a3e5dd066d28710c9afe11e5a9006f92182038dd98bb,896286,95980.0,165.0,0.001719,1,2,246
2025-05-11 17:27:36,105ca6a6679fa1bdc2fc609b3a0294e1d44ae6dc1348cd54ff5ca23c623c37bb,896286,11855.0,164.0,0.013834,1,2,245
2025-05-11 17:27:36,7a6db2ea5a211425edd0b74d1aff930baec9bd25960202cba1fb72c1671520bb,896286,330.0,151.0,0.457576,1,1,319
2025-05-11 17:27:36,4c85e5f046b46e58d686b76a44d2505d3a7a56e3d964c4072feb5ef4486912bb,896286,351.0,131.0,0.373219,1,1,275
2025-05-11 17:27:36,784605b4b83f77b2e752130c730ae8e8649787646c7c72fa32c377e3c012ffba,896286,6690.0,100.0,0.014948,1,1,151
2025-05-11 17:27:36,0bcdafd83aa374dc80ff00c20f371c4cb63a2362fbec83a949a0419e78cbcaba,896286,546.0,152.0,0.278388,1,1,325
2025-05-11 17:27:36,b7e3cf7649675b1fe843d5ddc45613312ffc2b86c1559c3554be13708c26f9c1,896286,109745.0,154.0,0.001403,1,2,205
2025-05-11 17:27:36,42a1728ea6f9250b1994eb05cc70cf51e0e51b78c5d0a0f4ddbccec45d0fc7ba,896286,69062178.0,165.0,2e-06,1,2,246
2025-05-11 17:27:36,64487adeff53fc78016b98588a0058aa7f500fde36583ac4e2653f22d488c4ba,896286,330.0,151.0,0.457576,1,1,319
2025-05-11 17:27:36,9d674f5db4801730d3b1d85c3a58674d5f524d8c8dc3d9b8defee94ebff086ba,896286,351.0,129.0,0.367521,1,1,268
2025-05-11 17:27:36,d15c2dfdfaef9a315c656509e266b2991c6b26d4ec87e8a26b994d4830e56aba,896286,546.0,140.0,0.25641,1,1,312
2025-05-11 17:27:36,bb643a0f2908ab54327aca03c258767149d2f275b9b4b796e2990d38965264ba,896286,99846.0,154.0,0.001542,1,2,205
2025-05-11 17:27:36,79c2a9cf62e04938857ff4a411368f665cd2a0786e9760490e7837b06f1452ba,896286,330.0,151.0,0.457576,1,1,319
2025-05-11 17:27:36,3cd78b6925d08bf0ef98096ddfd543c29b11f2d365c81013900af70331e73eba,896286,330.0,151.0,0.457576,1,1,319
2025-05-11 17:27:36,a95ba6fc22b3a95b4910546688f5a9d91decf8de1be9194386a64d49a1a934ba,896286,115243.0,110.0,0.000955,1,1,191
2025-05-11 17:27:36,e6c1a0107bd69f84c6904c604dd9fcf15e8019e2f37b38b4f7fe753cfd071bba,896286,330.0,151.0,0.457576,1,1,319
2025-05-11 17:27:36,4dd8784a86a34fc6ba2613231d7e1f2523e545ad24187775a63f6f2b5a4610ba,896286,330.0,151.0,0.457576,1,1,319
2025-05-11 17:27:36,140daea51e91830f827d117e6b2c3dff863413f4846df00e4902071ed82fe3b9,896286,695673.0,141.0,0.000203,1,2,222
2025-05-11 17:27:36,54df168636f6e46a936b5620ac87e9f7f89a7b47c96c5b9689ec33c0c286d6b9,896286,330.0,152.0,0.460606,1,1,323
2025-05-11 17:27:36,55404cb58e230c7b1de67b42abb36e3cfcd934ede312df4a80aa99d860a0bbb9,896286,53687.0,172.0,0.003204,1,3,254
2025-05-11 17:27:36,df82a7477029743a3b762d4de366c462819fdd04dfb657cb277caffba6ab8db9,896286,351.0,129.0,0.367521,1,1,268
2025-05-11 17:27:36,9dd006e93af9156ad2e254784dd7fba3a178378a8bd9b3b15aa3a79efc1f77b9,896286,546.0,154.0,0.282051,1,1,331
2025-05-11 17:27:36,cfcf761c0b48ddac4d87c0761ec5a19bec15b08a848b577475b9120152ba71b9,896286,3635511.0,470.0,0.000129,3,2,975
2025-05-11 17:27:36,00b3c32196af43cd96e1df1a1d573bdd0776c53c85a4a1206ecaeb68257c6ab9,896286,330.0,151.0,0.457576,1,1,320
2025-05-11 17:27:36,a3250ae451425b6adb250a4c1c31ae09f0f036c2d061526d8a656000b56366b9,896286,628993.0,154.0,0.000245,1,2,205
2025-05-11 17:27:36,b883ee05b84ba3b890be6817a1e181046fb52afa486567da5fa2fd3bfda438b9,896286,330.0,152.0,0.460606,1,1,323
2025-05-11 17:27:36,aecd1d405ad540bc99d65d365d4d464edf61dff1cabcf5b68372cc3feb3932b9,896286,546.0,154.0,0.282051,1,1,331
2025-05-11 17:27:36,5181025b05e64406d3fd8c931ebaea1af17e92fcf1491ef6710762ead57687f8,896286,32274.0,154.0,0.004772,1,2,205
2025-05-11 17:27:36,0353df1fedf6c0211d02d80ce74351107d356787be599cb78923d40f68102fb9,896286,107755.0,234.0,0.002172,2,2,366
2025-05-11 17:27:36,449fe90ee075d17ba29b572603ee21775e78a7c06b2f9e421342fced593701b9,896286,330.0,139.0,0.421212,1,1,307
2025-05-11 17:27:36,d491e584e656287617cb90697e835772965d66105f6a88cbbb5d5f76ccd6dcb8,896286,546.0,136.0,0.249084,1,1,297
2025-05-11 17:27:36,6cbedeb6f24b9e5670f68004f60f80221c464617b174d08e9541d599830cd3ff,896286,106708.0,196.0,0.001837,1,3,277
2025-05-11 17:27:36,f0b1b72f73f43e33da11470d276150d8f4799637bbf73d007a0a1ef2cfd2d1b8,896286,11853.0,164.0,0.013836,1,2,245
2025-05-11 17:27:36,5468209f2eb92e7bd0141f094f6b8003f52112a9a93871025924392964e8cbb8,896286,1460754.0,373.0,0.000255,5,2,622
2025-05-11 17:27:36,0fd0161b64b76efe36f6ade0037011bea9b213c952ea969bbf715f9055b2a7b8,896286,1646.0,154.0,0.09356,1,2,205
2025-05-11 17:27:36,40bb82078b0f8af0e261acd4f0191a3de1d32fd024ad4f9ff8ca002d948e98b8,896286,351.0,128.0,0.364672,1,1,266
2025-05-11 17:27:36,a70ba94a75d1810060dc3f2d9c8fb40e17d68ededdc678602f47b7da4d7d7db8,896286,546.0,152.0,0.278388,1,1,326
2025-05-11 17:27:36,1563aceb4543eb31764167d3ac09be9c626fe4f0fe66bdfa2da9cd0cdb1673b8,896286,546.0,154.0,0.282051,1,1,331
2025-05-11 17:27:36,2a20030c83aa10d017d2fc145886cd6dc1b791368c8e3a364f0c42d85a9738b8,896286,330.0,151.0,0.457576,1,1,319
2025-05-11 17:27:36,3347898583bdcd8d239aaa8a98d11abc4de999f31ae9ec8fdc59764dfbfe34b8,896286,330.0,154.0,0.466667,1,1,331
2025-05-11 17:27:36,05b2fef0cfc0fd85173102f008641755b6c65d3cb0478acb737679ee365026b8,896286,330.0,151.0,0.457576,1,1,319
2025-05-11 17:27:36,b9f1d0b8708a37a2229f61d4b22393ad2efa511aa6a8d85be4a888cb053403b8,896286,330.0,152.0,0.460606,1,1,323
2025-05-11 17:27:36,c8d0ee2b3417905fcc10409bf824260fdb539ae7ac164ab10899dc55279abeb7,896286,154724.0,141.0,0.000911,1,2,222
2025-05-11 17:27:36,e484c79a60cdc6924195d87b9f8faf507fbd6d53839598684bf6df5e52d5b4b7,896286,17145.0,805.0,0.046952,1,4,451
2025-05-11 17:27:36,66e539f5553f2f33bcee47c0b632e7aa6d2523ea72d78563dc4aee151a9c88b7,896286,330.0,152.0,0.460606,1,1,323
2025-05-11 17:27:36,f8a1dc0a0e835d0608f7fe775caa1ea855c59276dc5548c780976dc77a9761b7,896286,370517522.0,141.0,0.0,1,2,222
2025-05-11 17:27:36,61ca51219f4ad859fbcbb4fb10378d0067f7511d99d8ca80a9f7ec2d1bba60b7,896286,541634.0,111.0,0.000205,1,1,192
2025-05-11 17:27:36,666c66fc5075d825f78c7b514296be5703be649b25e990585ba3cc85a08232b7,896286,1779.0,217.0,0.121979,1,3,298
2025-05-11 17:27:36,46e273a91d6508054fb95d4f0441efc826ed5e014333a2bc2656f6fc6a5a1bb7,896286,6598.0,217.0,0.032889,1,3,298
2025-05-11 17:27:36,c86a4a869d86e4101f5559ecb4f7852a2d85253224ec847a06e5b5aadd27e6b6,896286,910731.0,154.0,0.000169,1,2,205
2025-05-11 17:27:36,eb066b64e002d9133d87168c748315d83d54488f5df7bac53c760670362ea4b6,896286,330.0,151.0,0.457576,1,1,319
2025-05-11 17:27:36,d525e4fd4a3f066ccbcaaff75990ad5d267eee415d6a9c3985ea3de26b5663b6,896286,330.0,151.0,0.457576,1,1,319
2025-05-11 17:27:36,9bd3914e661cef78e124416ad377aea5e9ba5978ac876c0d6e49730169f752b6,896286,330.0,151.0,0.457576,1,1,319
2025-05-11 17:27:36,6619af26490665a2568993f4e90c03c0c6b18186cf19d4f9298cd317494d3cb6,896286,35666.0,217.0,0.006084,1,3,298
2025-05-11 17:27:36,0cbe13f94d67b33dcc5c3abdf61945848d11ec822e1682cf77a802943c29d6b5,896286,330.0,153.0,0.463636,1,1,330
2025-05-11 17:27:36,9395d8fc46987c45fea22fe3f8f85bbafd1e8b9d802dcbeac4a71cee4765196a,896286,64547.0,154.0,0.002386,1,2,205
2025-05-11 17:27:36,a4a802134eb8c03ce6e886f31c3f4147cddebd2f9ccfc2cfb1c9cd4f6249e569,896286,351.0,129.0,0.367521,1,1,268
2025-05-11 17:27:36,e2edc9935d23876f1ef58cad4fcb01baeee8e870302c3697c2f8f9c475fadf69,896286,35666.0,217.0,0.006084,1,3,298
2025-05-11 17:27:36,460176accaa1e5547192d85af2e34eefd5e4776df40bfac75b1d9dabf4aade69,896286,351.0,129.0,0.367521,1,1,267
2025-05-11 17:27:36,04c588483e48077446832908eefda17fd1f60af96c5a81282eda803cbf9d9669,896286,120064.0,212.0,0.001766,2,2,312
2025-05-11 17:27:36,ebdaa417477ecc2de9f9e124668a3b6fd030af07460657c95c2a3bea53466c69,896286,39703.0,217.0,0.005466,1,3,298
2025-05-11 17:27:36,99b2a880cb3e783dfc585e6f3ca00c419ba470e4b75ef035e0d84c9e6a945169,896286,1476225.0,142.0,9.6e-05,1,2,223
2025-05-11 17:27:36,18bc6c0adac2f28dea48a50f6ab3fc4981f1ff15449edb2f6b4ab162d1873c69,896286,330.0,151.0,0.457576,1,1,319
2025-05-11 17:27:36,ee8e6192954233368dc78761cca9c1a8540305b157ef8321afe98a1f18bfbe68,896286,30186.0,154.0,0.005102,1,2,205
2025-05-11 17:27:36,eba19387ab6145a248e61261a80996737becf05969491783415f9cfefd4fad68,896286,351.0,129.0,0.367521,1,1,267
2025-05-11 17:27:36,9455e0c9662070fadb69725830b040d881a54c4e3620bf4be76dc758d1c1a568,896286,330.0,152.0,0.460606,1,1,323
2025-05-11 17:27:36,80c1d705c47604781df4cb408086a9761c25a80188b174b5c93ba9d89e2c9b68,896286,330.0,151.0,0.457576,1,1,319
2025-05-11 17:27:36,c3aa1c9d12ccc1cc875d29c8e6ae8706de07abe62b40624b1f5f8324aaca8768,896286,330.0,151.0,0.457576,1,1,319
2025-05-11 17:27:36,b10db7042eec129cb242b9660ac5ec0729ff4a2618a9b8de340e2d8c91766468,896286,43775.0,218.0,0.00498,1,3,299
2025-05-11 17:27:36,e64dfd86e9bfa76f4feb1e3717849f5b4c12a1b87fc95d6e7cb8c2df44d85468,896286,765311.0,160.0,0.000209,2,1,260
2025-05-11 17:27:36,1c494881bc576e51f3b09639bcad70cc679748034c1a6378615e6e0f68c33d68,896286,89393.0,217.0,0.002427,1,3,298
2025-05-11 17:27:36,29b1c2101573ac40bd92076ee9d7e7b010348407bca6773ef423df4836c33868,896286,330.0,151.0,0.457576,1,1,319
2025-05-11 17:27:36,416df7c8fc4a969fbfa295426e7838a1bc45c972121cbdbea828b1e8bddf2d68,896286,330.0,152.0,0.460606,1,1,323
2025-05-11 17:27:36,3c010a7bf244ab4b292e49b853684818b183cb00d01009d5c7567ffd49a42d68,896286,330.0,151.0,0.457576,1,1,320
2025-05-11 17:27:36,997deea993199d71891cf17c593b7940713ad097732d9b22aaa0b55aa3cefd67,896286,351.0,129.0,0.367521,1,1,269
2025-05-11 17:27:36,628c3341c6d22dfc69f54b55d91ea462672fe0e2b2f69905c4a9711d50bce367,896286,8630.0,154.0,0.017845,1,2,205
2025-05-11 17:27:36,9e0e1243eaad5eed25e3d9d1f99efdfd4d8c7f12e1224bde47bb65d538acd367,896286,33915.0,217.0,0.006398,1,3,298
2025-05-11 17:27:36,5083a8be0e62170238363fd22bb42e3f4b6ec5aef8c07146cc1ba31f7c08c367,896286,68043.0,217.0,0.003189,1,3,298
2025-05-11 17:27:36,f7abf5edd86a505aaa50089151df7e7be3a6fe073527fc9dc7434b436b5abd67,896286,29765.0,110.0,0.003696,1,1,192
2025-05-11 17:27:36,d1a0360282cf5bb4a018276c9dbec5910ede6b12b65c37bc04f194e47c4db467,896286,21211.0,154.0,0.00726,1,2,205
2025-05-11 17:27:36,04f53c099929395b16be7a4ba36a6242cedf82657d1898b4e11411cd94c1b267,896286,351.0,129.0,0.367521,1,1,268
2025-05-11 17:27:36,699078efb55fcf9b06e5bf8ea9e232a144195d91e4cb450cd12a7520f3a4a567,896286,351.0,131.0,0.373219,1,1,278
2025-05-11 17:27:36,3430a03d904bbe4a773c9b60c9230872fffe19aec20bb412eb5996f7f2a39467,896286,351.0,129.0,0.367521,1,1,268
2025-05-11 17:27:36,6c5fd083d5ec2a8f78373d1eb23f9a1084f53ea7f52fa51a8ceefcbbd9946e67,896286,330.0,152.0,0.460606,1,1,323
2025-05-11 17:27:36,9e50c31da422232473c5f9c7315ab8db4070dd8c04b12d711779ace908aa6c67,896286,22572784.0,277.0,1.2e-05,3,2,520
2025-05-11 17:27:36,dffc5c69c952bc3e29131b015900da2d3ed474e6c1eb0a5429fa1ce9c8ed6467,896286,330.0,152.0,0.460606,1,1,323
2025-05-11 17:27:36,d55c68aa8dfe6b7749319f16bf1024275898a374654b6dd06be0dedbebc75e67,896286,330.0,152.0,0.460606,1,1,323
2025-05-11 17:27:36,db69ee613d278a24a9443d5f90251612e67a57d42b745f8d2c0ac40f38d23f67,896286,330.0,152.0,0.460606,1,1,323
2025-05-11 17:27:36,a67ee6e2ee1ba79eede58557f6aac0d6f38b48abaf0fd7c1e9eccc8d9d0e3867,896286,330.0,151.0,0.457576,1,1,320
2025-05-11 17:27:36,a3a7ec563e9de7d070d079c0fa2b2cd13a1c3eee4f51d88db7c5ed06def72c67,896286,330.0,152.0,0.460606,1,1,323
2025-05-11 17:27:36,a84c771d920932b73198f2cc7f9ea312b59e3f7fd6fbd7dbf9efb8a997672b67,896286,99813.0,454.0,0.004549,1,11,536
2025-05-11 17:27:36,0bed8776647985516366a05fd0a2813bd1c4aef10a8c66c12aa8266910652467,896286,28290.0,217.0,0.007671,1,3,298
2025-05-11 17:27:36,2b000438119b70619e9982d16d48ca321b37c6ccd27b1069e8f9d196cbb5ee66,896286,4313230.0,165.0,3.8e-05,1,2,247
2025-05-11 17:27:36,bc1ce8ea68e96e8140e947c0e5f31fa9e652ab5411bb993ddb220b5cfd7eca66,896286,330.0,151.0,0.457576,1,1,319
2025-05-11 17:27:36,bd0cb18a01746fb4c089a9616708e20a7238e7312675e53de746b610f193c766,896286,173315.0,194.0,0.001119,1,3,245
2025-05-11 17:27:36,4a2a2a6a3dbc5b5409a4fa2e5ad5e154e9d83adba09ee98a3a097c518272fabf,896286,173509.0,151.0,0.00087,1,2,202
2025-05-11 17:27:36,b35cb65b1f2872ee544048106dbb0dd35a6bb4ef53c704869f49aa8effffabfe,896286,173660.0,151.0,0.00087,1,2,202
2025-05-11 17:27:36,5457bcd697d8e45dc90d36b05e0ca90a61db5eebfd81fa0c970c53671c2ea266,896286,330.0,152.0,0.460606,1,1,323
2025-05-11 17:27:36,6218140ed7d52c279a3ef716caef1dde300cb94065fd4fa20c31ebff1b16a066,896286,14519.0,141.0,0.009711,1,2,222
2025-05-11 17:27:36,24c0da2abb23d0ad91c2209864a9a9f795050a11ccc02b928ab281b5fea26266,896286,330.0,152.0,0.460606,1,1,323
2025-05-11 17:27:36,4ac29b5d69a9e6afd701aba86a89cbb14f2013e831c2a5d15653be6f3cc63866,896286,149767126.0,144.0,1e-06,1,2,225
2025-05-11 17:27:36,708a4ac7a292d796c4a04882ad2a1fddd8addb9e5d7a5a76f1de0cf810cf2566,896286,975581.0,142.0,0.000146,1,2,224
2025-05-11 17:27:36,bcf4f996f11bd30ab47a7642f6e9b30070529d039869b63088908d6456701666,896286,330.0,151.0,0.457576,1,1,319
2025-05-11 17:27:36,e8242eba2ce6ea3ba2bfd20d9a45a20a144ae2d4fa93454443be63679f1c0466,896286,330.0,152.0,0.460606,1,1,323
2025-05-11 17:27:36,6a73084df74cda8f003e953c9621c815621db570a351302e80ec45dc423ef865,896286,11856.0,164.0,0.013833,1,2,245
2025-05-11 17:27:36,ac7c631b68e7fff4f8dab0414e57283aacaafbc3f93b2f67b0da89a6e827ea65,896286,17565.0,102.0,0.005807,1,1,153
2025-05-11 17:27:36,b8f6fc13dbf9e7e115c7cc51d9b191b7a691bbc3a576729fd4ada2468eb3e965,896286,5300041.0,165.0,3.1e-05,1,2,246
2025-05-11 17:27:36,a8b5a4b84585150172cc316e15286f403b11196c028db78210046d9e5d6a9665,896286,330.0,152.0,0.460606,1,1,323
2025-05-11 17:27:36,698ae18b68664df294a065ab2f6114195e9450fb4e59fc1f324a17c2948b8365,896286,79846.0,154.0,0.001929,1,2,205
2025-05-11 17:27:36,261ae2e79f6742529d1cf4825b8fdc428bcfbc3dccf83d8150a14949a3fd6f65,896286,330.0,152.0,0.460606,1,1,323
2025-05-11 17:27:36,71415ecccb9e3031210d46d6f16b7431c7c751ea0ee91b23ae0f8a9188c15565,896286,351.0,129.0,0.367521,1,1,268
2025-05-11 17:27:36,283b5e7470d578fe26aedb11986e2afb1b27c058f8b66a4c3cf9c3ee378c3165,896286,330.0,151.0,0.457576,1,1,319
2025-05-11 17:27:36,766a7be6e9cade3fc65a8f6dbd0a103fa6cc289edfb3d753d414b22499a21665,896286,330.0,154.0,0.466667,1,1,331
2025-05-11 17:27:36,20158a7ace70ba1b4f38c8db1007da7463ede2011cfda0c4a5fd574e6e36d964,896286,13883.0,102.0,0.007347,1,1,153
2025-05-11 17:27:36,b781e521433b3acd5b8e224e45cf8cfb36fe3ecbceec756060311c86bf4bd664,896286,435.0,111.0,0.255172,1,1,162
2025-05-11 17:27:36,ff1450c715642502394c6877b52889e0c176a63523eda8137cdedb0de08ecf64,896286,63337.0,805.0,0.01271,1,4,450
2025-05-11 17:27:36,461ddbbd6bad117bf44531dfd8bf3bdf8e198cf5a395e28bcbe1b3c71bf0cd64,896286,71590.0,805.0,0.011245,1,4,451
2025-05-11 17:27:36,8440e5f50c64f24a5c52d0e41d9685ce98dea89c4848a5c91f21f27559a3cc64,896286,5641408.0,165.0,2.9e-05,1,2,246
2025-05-11 17:27:36,0fbdd7f1a04b874766793ca27666823a4b5f45c6ac6318e5448895ee152fa264,896286,539858.0,142.0,0.000263,1,2,193
2025-05-11 17:27:36,3498fed9caf4a5c3de466dda4e7e6972e44550b16c0a86d5b73450f98f968d64,896286,351.0,129.0,0.367521,1,1,267
2025-05-11 17:27:36,1371f27992ca780336dc276c6b8dcd1cae60a73966e77a6b1f40d93e57bd6064,896286,330.0,152.0,0.460606,1,1,323
2025-05-11 17:27:36,4a56e23395dc50516b24a3b99264080157e0069dab5290f18d819b42abab3e64,896286,546.0,152.0,0.278388,1,1,326
2025-05-11 17:27:36,440d317aad24af3b0e2b9fcea20e9b13a672e4c28233557e2737f38ed00c718f,896286,1045767.0,154.0,0.000147,1,2,205
2025-05-11 17:27:36,1a46c0c2e06badad5f8aa8f94e05ba226efcc9f3432ad2e4f332285cbeb82464,896286,330.0,151.0,0.457576,1,1,319
2025-05-11 17:27:36,110e3e0d32280089888a0305564f77265d25f2bc2360f2bb99dc28e4760a0564,896286,330.0,152.0,0.460606,1,1,323
2025-05-11 17:27:36,bdd85a72a10f81762877498db59aa51361d2e88bd241ec603e8faff1645e0364,896286,11806.0,164.0,0.013891,1,2,245
2025-05-11 17:27:36,4ad3baa40f043fdb5f52f6e01f03e85b1fab41b128a354ea21f3df7f1328e363,896286,39703.0,217.0,0.005466,1,3,298
2025-05-11 17:27:36,dd956552f2f05d416bbcdd7f6f1da08bb49dee3a93b00719aab7e9181b53bf63,896286,600.0,129.0,0.215,1,2,211
2025-05-11 17:27:36,00afb27353727ef37791983816dd9fe0ad605ff9dc26902c1d256964bbf24fc9,896286,4659.0,203.0,0.043572,1,4,284
2025-05-11 17:27:36,f4b900717003945eb2686bb08f3e95b95422fd8b6da88a43d4320921177a62c5,896286,5570.0,430.0,0.077199,6,2,728
2025-05-11 17:27:36,188c2171104da9a7724c88215e965af4cf551039d4dfb8fcddd52d279010a163,896286,330.0,139.0,0.421212,1,1,307
2025-05-11 17:27:36,6780a5de20f1c18600ec98f8e97648b57ab99194e2493dd1c54be226916a9c63,896286,34024.0,153.0,0.004497,1,2,234
2025-05-11 17:27:36,4a8739c90586ecab116c54b53706ee3e1a8c4f5898ce57b6385d4c3b860a3863,896286,330.0,151.0,0.457576,1,1,319
2025-05-11 17:27:36,1f1d47037a47aa3c9f723bb1b81d86d497c8fc3ed1dc7c01dda31c6fbf962e63,896286,129099903.0,141.0,1e-06,1,2,223
2025-05-11 17:27:36,8b103f5e4661ac372c0856752891705490095935fcfabfb77119d342f5d21f63,896286,330.0,139.0,0.421212,1,1,307
2025-05-11 17:27:36,fc157c4dce2241b9e038abb51d6fdd061862f1e1f693da72b62e3bd911351863,896286,330.0,152.0,0.460606,1,1,323
2025-05-11 17:27:36,de15315ad4fffa89328cd9f35a0cfb0d0ca7586ba67e87f695713efb1e1d1663,896286,330.0,152.0,0.460606,1,1,323
2025-05-11 17:27:36,66c0538c875a2f195a81a791878bf96e5e6b1a230f7cf950cdaa3276b5f9a162,896286,330.0,151.0,0.457576,1,1,319
2025-05-11 17:27:36,1038aa84814ef2f06058f9640304047e453649304d4a35a1a5c8c94156f36262,896286,330.0,153.0,0.463636,1,1,330
2025-05-11 17:27:36,44f026382c16205a16f468042348437785bd7409e71901ad658426bc8d8c5062,896286,351.0,129.0,0.367521,1,1,268
2025-05-11 17:27:36,1bd9cde139c27e8e501c8b80676460e598fded03ee5b1028a94a958898c1f561,896286,330.0,151.0,0.457576,1,1,319
2025-05-11 17:27:36,9f70d74b7a7f233137abcfdbb97186c455d54fef42c4d1c3f8d3f89d5c48f261,896286,330.0,152.0,0.460606,1,1,323
2025-05-11 17:27:36,a59ae6d73af23cda05da5bbd0544ddd39b01f1cc3a2f946aa15f4766acedec61,896286,52100529.0,141.0,3e-06,1,2,222
2025-05-11 17:27:36,a01d3c056af233cd30655ba91bbe6a660dd7dfdb7b83a031217a016660a3eb61,896286,330.0,151.0,0.457576,1,1,319
2025-05-11 17:27:36,7d225b8fdc8e58370e841a8cf257f18394ef141b27445edd4c4952a7f107ca61,896286,546.0,141.0,0.258242,1,1,318
2025-05-11 17:27:36,248c7ea0e5d61c31e348dd0af7661687a4c194509e21e7c4385ad0c869b26079,896286,37697.0,153.0,0.004059,1,2,235
2025-05-11 17:27:36,0e86df6e62f1655f906bd88d2c4ab7b282db178ff2dd9a04335171dc739e9661,896286,3657.0,413.0,0.112934,4,4,612
2025-05-11 17:27:36,fcfda60093e60e83ebe26869f4c54e59524ad63714e397125930d20f3df99561,896286,2204811.0,154.0,7e-05,1,2,205
2025-05-11 17:27:36,bdc5071cc0153e0667af6389696aeac44b6b9646f1d3c8076410f79073038d61,896286,11871756.0,141.0,1.2e-05,1,2,222
2025-05-11 17:27:36,12a2c2e9e552ae3403b2ddf1f02346b010bc774fa909c50ca0928d5573c68b61,896286,606035.0,212.0,0.00035,2,2,312
2025-05-11 17:27:36,6d7895c43ccde757729bf2d1946d181878b455731d67dd8a7526501d76de7f61,896286,546.0,152.0,0.278388,1,1,324
2025-05-11 17:27:36,4aed7eb91aa5e002bfe6ffb5bfcf7182b8f52e52dd2ea28e11f67fdc2c770ef5,896286,587147.0,154.0,0.000262,1,2,205
2025-05-11 17:27:36,9187a57c99a69624d8d9df12af47166a3e3754f47a75ebcefdbb4d274fa64161,896286,591853.0,147.0,0.000248,1,1,337
2025-05-11 17:27:36,a1567bbada90bc205834645a7ae42d09270c99f2fce4f165c1de1852e0790461,896286,8703.0,619.0,0.071125,2,12,719
2025-05-11 17:27:36,5585f45512e3d89440942542e6f442e865fe7ee603f8a48f3458dac790c9cd60,896286,217846.0,154.0,0.000707,1,2,205
2025-05-11 17:23:59,3dc1c727293f28611353dff3416638eabbf80353b6fd7f6243e0b3d2c6dc4839,896285,94000.0,212.0,0.002255,2,2,312
2025-05-11 17:23:59,b7b7e53ac5c33346a5c38eed1e6c7f2abf3f86cf55017de772c5fdd77de15fef,896285,94212.0,212.0,0.00225,2,2,312
2025-05-11 17:23:59,0d7262c476757587fec8c17c6d7cc8bc07082eb2add0ed2d745b4fc53692a43b,896285,94424.0,212.0,0.002245,2,2,312
2025-05-11 17:23:59,3d79625cbc705336f48a931514adcad289106b659effc2de1bbe75da541a07cd,896285,94636.0,212.0,0.00224,2,2,312
2025-05-11 17:23:59,f4ca072dafe91589cdb39786ee18551b3f0ffe67a91116807def5264008c1817,896285,330.0,152.0,0.460606,1,1,323
2025-05-11 17:23:59,e886a00bdb25c32e31fe30cd75f1efb3c16797f7b52dd5719e836eafa2050b17,896285,17283.0,110.0,0.006365,1,1,192
2025-05-11 17:23:59,1eef42d3ba43db5055c09e8942716cf746f2964b333c672b6feb9fcba9f7f516,896285,14958.0,151.0,0.010095,1,2,202
2025-05-11 17:23:59,52d2d841f9f810ea997a742b7d6b3489e631056149758c6f6e39f1efcd2ffd95,896285,15109.0,151.0,0.009994,1,2,202
2025-05-11 17:23:59,293f9f878e35940b0980f9251798561fe66a8b6d7bfb2fc6f9a5387159372483,896285,15260.0,151.0,0.009895,1,2,202
2025-05-11 17:23:59,aa55437291108367e67d0227d6a0d4d0caed80633497d15eff1b6c0a51c2cd40,896285,15411.0,151.0,0.009798,1,2,202
2025-05-11 17:23:59,4043571a4d7a07d21ffd5baaaf130b23e0b09671550451f38cf6a769f441cb9f,896285,15562.0,151.0,0.009703,1,2,202
2025-05-11 17:23:59,31c462b0e20c9b06c9133c533a0ee120edd2c01622f5c75db09aee0db9ded77c,896285,15713.0,151.0,0.00961,1,2,202
2025-05-11 17:23:59,9b86d737665a0548a0cf651f17a17f5d5d54154b9a31c9ef67c650ba029bf4a5,896285,15864.0,151.0,0.009518,1,2,202
2025-05-11 17:23:59,2e1425a3f36cf2df8528c64dd5e610e8643479fc993648973760f125e32e2090,896285,16015.0,151.0,0.009429,1,2,202
2025-05-11 17:23:59,fab9162ad83616b235c855dec6e50712a0445c3fac3d1613633d3db44b2f8d9d,896285,16166.0,151.0,0.009341,1,2,202
2025-05-11 17:23:59,f2c07363cefd29594ebc1fe5c142640bc82f428fca16292c353497c08cafe543,896285,16317.0,151.0,0.009254,1,2,202
2025-05-11 17:23:59,e9caa1552fba0c4e094ecbd2bd215f82d51cc2e8eda34051f6527f1d8455b86b,896285,16468.0,151.0,0.009169,1,2,202
2025-05-11 17:23:59,12ea8ac40b1bb76fd1ff068541cec047e0f0b5d365175ebec90ec5a08c79aa2f,896285,16619.0,151.0,0.009086,1,2,202
2025-05-11 17:23:59,13b2734e4d16d562f895e6357802c82a9777a2ca1b239ccc54001fd5289e0868,896285,16770.0,151.0,0.009004,1,2,202
2025-05-11 17:23:59,096b847ccb5ae1202a7c91e49b8bca8d76541181a4b455db6b47bac06430967a,896285,16921.0,151.0,0.008924,1,2,202
2025-05-11 17:23:59,ff816c34f60d80cea209db797026d174ad18fdeaaceafca788721fcf47aadf16,896285,19743.0,217.0,0.010991,1,3,298
2025-05-11 17:23:59,67f01ffcd7f19e35b84d95c7610bb863cbf1edd3fdde7c71db7570175909b416,896285,546.0,152.0,0.278388,1,1,324
2025-05-11 17:23:59,3cd78f591a05c23b9a804c12bc97e6127fba7a39881a2db8e6139eac0f2498f8,896285,27542.0,154.0,0.005591,1,2,205
2025-05-11 17:23:59,0f4873a42aeccdf877bb926538e22a44a944182b9b718d1be9f0567a32cfa716,896285,7949.0,153.0,0.019248,1,2,234
2025-05-11 17:23:59,bd19719794325f05da424b94223eb09142688fd44ffbb9b4f1fd016886e09b16,896285,546.0,152.0,0.278388,1,1,325
2025-05-11 17:23:59,b0f79dd6c577b4420dc2adfb53af64e6ed29ccdcd4cf9dffda1079f7f15c6616,896285,351.0,129.0,0.367521,1,1,268
2025-05-11 17:23:59,ad9cbeb92ff474a8a02f89383dc172b8ca9cc57d4a193ad9fb197a1055f15c16,896285,330.0,152.0,0.460606,1,1,323
2025-05-11 17:23:59,223f648bf3515cc76bc9d5bd21873cfb6d5793e6bfdb89726f018924a9555b16,896285,330.0,152.0,0.460606,1,1,323
2025-05-11 17:23:59,f07c88a4a278109fe337601ded8bcc6660c19e97dc61fe92ac0fedd5d11b4716,896285,330.0,151.0,0.457576,1,1,319
2025-05-11 17:23:59,fbe5ce1162c0799c007fee76f65cd8f375f8d354b09f2bc00dec78c66b7f3016,896285,46402.0,212.0,0.004569,2,2,312
2025-05-11 17:23:59,00923a851f043e4c24a7aaa5992a637848181a7feedf267f5324f13123b90716,896285,330.0,151.0,0.457576,1,1,319
2025-05-11 17:23:59,c99278bd40a812f2cf69ce1b71d79597335483f2e03bc71dabec4b9695020716,896285,330.0,151.0,0.457576,1,1,319
2025-05-11 17:23:59,914d2c8534e0e85964fed5e5973b0dc48f12a721725261e4ff8cd4cd5030e915,896285,330.0,152.0,0.460606,1,1,323
2025-05-11 17:23:59,b584c0a2ba3f0491c3c3703bdc63955757fcffc230e2e0efa6f8c03a925dc115,896285,11800.0,164.0,0.013898,1,2,245
2025-05-11 17:23:59,e043cb112cef050f643ea7dec9804eab59ab667de471c3fa3caffb6ac61f5915,896285,14564.0,151.0,0.010368,1,2,202
2025-05-11 17:23:59,5a2db60ef01e04f67a107707909b6c6dc6014120748d0e9d7558377bde401f79,896285,14715.0,151.0,0.010262,1,2,202
2025-05-11 17:23:59,948e386c1a0862f2ae7079d13380d635d385f45266e038022eccfc0fd3ecc61f,896285,14866.0,151.0,0.010157,1,2,202
2025-05-11 17:23:59,f0dc7b94e76697b313025484c15e0201e9a60678bf4d0aee1732b1d2fa560ffa,896285,15017.0,151.0,0.010055,1,2,202
2025-05-11 17:23:59,f1dd5bdf7805296306c66f31bd07fc8cf09e313142e49e9b92ef8d9301660581,896285,15168.0,151.0,0.009955,1,2,202
2025-05-11 17:23:59,7e611c4a43659dd997c339da49d2d7fcfabd29d061bc63da22916abbef1c9417,896285,15319.0,151.0,0.009857,1,2,202
2025-05-11 17:23:59,1a524532e341573b5dad33600168189857940d8a05f79e6b7c2b9edacf1ff5e3,896285,15470.0,151.0,0.009761,1,2,202
2025-05-11 17:23:59,1cdaf9a469809a8a97a44471e8cb7e288881c413f7b6f1603fb5226768383796,896285,15621.0,151.0,0.009666,1,2,202
2025-05-11 17:23:59,ce851ed20861108421ab8ef8c7814b65e2d164dc6f24940df2d0d5b2a4af6271,896285,15772.0,151.0,0.009574,1,2,202
2025-05-11 17:23:59,06b1402e9e155d06eb06f9f214c89bfb56706db6a5e27fed39fba83bb1d95186,896285,15923.0,151.0,0.009483,1,2,202
2025-05-11 17:23:59,cf4aecc3f2562b4c271f60783c4107d630b959b3465426a0693d3cd6071ab7a9,896285,16074.0,151.0,0.009394,1,2,202
2025-05-11 17:23:59,233d96d4c3fff9d677442aea9efc227c07357ae32bc2d121ff184b11fd31dbb1,896285,16225.0,151.0,0.009307,1,2,202
2025-05-11 17:23:59,1962914a5a0497fbeb66647cd6839728411d581139bfa6d4384859c9d64f165d,896285,16376.0,151.0,0.009221,1,2,202
2025-05-11 17:23:59,89b058771c0d6aad8489f566511914d25508ca14e2048ec1450eb4fee0d94862,896285,16527.0,151.0,0.009137,1,2,202
2025-05-11 17:23:59,99c52e9549a60810ca15197a5a4759766378bcb557718e95267783336a8ec5a2,896285,16678.0,151.0,0.009054,1,2,202
2025-05-11 17:23:59,01f6368bb14c56e723bd444f757f354940b02af41bd9734e84abe7db621bcc39,896285,16829.0,151.0,0.008973,1,2,202
2025-05-11 17:23:59,1595cddde381c07921bc210abb962a0cd4d82de8c56a6a5dfd6b35685b893515,896285,330.0,152.0,0.460606,1,1,323
2025-05-11 17:23:59,9ba02eebbfd046f048d0116a74931fb99ec327eba7a9117e456d24aa194a2615,896285,330.0,139.0,0.421212,1,1,307
2025-05-11 17:23:59,47c6dece959d96e7fef7c7e31d5103d9914607136fb19f6f651975cae52b0115,896285,351.0,129.0,0.367521,1,1,267
2025-05-11 17:23:59,3cef91a3551d69428e93eec066e5e7da6285cac53ac47f68f61b47d71a0ff014,896285,585523.0,176.0,0.000301,1,3,258
2025-05-11 17:23:59,11666a2e99724aa91d83f6d18da5bb81aad50d5e56fc9b2e8d28c07c68f4ed14,896285,330.0,151.0,0.457576,1,1,319
2025-05-11 17:23:59,12841bfaabf2d60822db74be1e00063846a5dfce841d8e3c81a871736a89e914,896285,59910.0,212.0,0.003539,2,2,312
2025-05-11 17:23:59,db57768a443748807d7fd011f2452325b0aeaed37b79f58de9481bcf0186de14,896285,2508.0,212.0,0.08453,2,2,312
2025-05-11 17:23:59,5a385c329951a233a99261895dcc6e164d6252731c1ec514796b95c8da27d214,896285,330.0,152.0,0.460606,1,1,323
2025-05-11 17:23:59,3ff07418aaf659f0efbacbaca5fbcc21482151deda75cf0c8cf36913a6e9d114,896285,812726.0,656.0,0.000807,9,1,1384
2025-05-11 17:23:59,773085c3b76421abf4b06de8a695476328a3f5c7d88d12d8e39602ad8823b014,896285,59496.0,154.0,0.002588,1,2,205
2025-05-11 17:23:59,5fd477a1545a2e6f480fcd69c365024e466fc71002a83ced981ad742b0a98d14,896285,1243043.0,257.0,0.000207,2,2,419
2025-05-11 17:23:59,96996a5f6237eaa4c0a4128f929fb02c1971ddd21edb6fd0e8f2cbdb140b5d14,896285,546.0,153.0,0.28022,1,1,330
2025-05-11 17:23:59,54e4c4698c7fc6c4e8b4fea70444cdb0664d2969bb4e1f49e9aa3ede4f83871b,896285,4801.0,154.0,0.032077,1,2,205
2025-05-11 17:23:59,9429953011aa444eaab1578d422f5083fc17b882bbe9016499ef6370c7c94f14,896285,93110.0,217.0,0.002331,1,3,298
2025-05-11 17:23:59,fbde9177fd95e09ecc2cef910dd8a599ec03ddaab0f9c4f50b1b319041d44914,896285,330.0,151.0,0.457576,1,1,319
2025-05-11 17:23:59,7dfc9d3fc49ea504ab2eaad1affb7438e521081a97035d6a770753241d3b2a14,896285,330.0,151.0,0.457576,1,1,319
2025-05-11 17:23:59,3e971875e933c0cca191324d7f04743a7e96fd28d678bc0436a24e5d18312814,896285,330.0,152.0,0.460606,1,1,323
2025-05-11 17:23:59,02b73c55eac8120a169688fb1492da5525ebfda36be32a817848b05fd30a1814,896285,22413.0,805.0,0.035917,1,4,451
2025-05-11 17:23:59,dca12332c0793e5f67a0e4aa74ada3aff94d50270015e6f38e2a98aea1e90114,896285,330.0,152.0,0.460606,1,1,323
2025-05-11 17:23:59,291f25c895ec5604c87548557e04125ed46c3cc418cac4660b3c3c00e925ed13,896285,1165106.0,154.0,0.000132,1,2,205
2025-05-11 17:23:59,54f610de0628955dc6f344b57e93f4be8298e3fecfb6a3f3100294021904d813,896285,330.0,139.0,0.421212,1,1,307
2025-05-11 17:23:59,019334dc13ae903865c323bfa81a951cac8324b6d645830b1738eac9cf73d613,896285,30479.0,141.0,0.004626,1,2,223
2025-05-11 17:23:59,69833153a6b82f6c91e184ab3db3b7d23d69c64421e556e3c98adf383aa3cc13,896285,11862.0,164.0,0.013826,1,2,245
2025-05-11 17:23:59,691e91e85a6ba99d563bd304441f5671ef9b081bf8f1bacb26d17141d016b313,896285,26177.0,164.0,0.006265,1,2,245
2025-05-11 17:23:59,d3fafdd96e8a573a29bfc1f6e9e2904817c4a2ca6806a2b9800881f3d081a613,896285,330.0,139.0,0.421212,1,1,307
2025-05-11 17:23:59,e6f5fc6d167a8acd04e5e37e9c38a43499e6fce7706c2d20b20cba2ae4435913,896285,3071769.0,141.0,4.6e-05,1,2,223
2025-05-11 17:23:59,c01de86ed681dbcb052d7eb5d578b48116439b89a24a08d4b7e3a4b0d4ad3513,896285,330.0,152.0,0.460606,1,1,323
2025-05-11 17:23:59,91c01dfd366406dfa425b1ef05f72e919fc55873c3b247145b6ff55738840713,896285,199846.0,154.0,0.000771,1,2,205
2025-05-11 17:23:59,8853796dd567e3f2467544509936d10daefa27bdf4c4cd05996da65d6debef12,896285,330.0,151.0,0.457576,1,1,319
2025-05-11 17:23:59,d3bc55b929cdbf2d0111af6711a90b3b291dda4e3ed04d479bb998a8e78bd912,896285,59183.0,805.0,0.013602,1,4,451
2025-05-11 17:23:59,23375d62122bd72b8dfb9e69075115d65199079f05fc03921c0239f33d67bd12,896285,176720.0,308.0,0.001743,3,3,550
2025-05-11 17:23:59,4d0dd278054bf2babca243d27e1704b1508502a260d6c7f45a49d9614b66b412,896285,546.0,152.0,0.278388,1,1,325
2025-05-11 17:23:59,b33fd41e19d3d37fb2168458bd704d8637d2ccba35e4fe6d8b00024872913f40,896285,80864.0,154.0,0.001904,1,2,205
2025-05-11 17:23:59,12416b589b496c00cccea06e54ba89c6344338a1f227889849d79a661f248c12,896285,546.0,152.0,0.278388,1,1,326
2025-05-11 17:23:59,4c547c5fe66190e1abd0b8988af0771418de58b8d88508113e74b242d3ae79a8,896285,99846.0,154.0,0.001542,1,2,205
2025-05-11 17:23:59,ab34daa28cf82fca717d9ca6dd62d69495ee2ffde071fe2578c35c3df7db8a12,896285,351.0,129.0,0.367521,1,1,269
2025-05-11 17:23:59,0b84b49c2ec461125d9a6c8c339dfbf3eb9a1d32657ac981f6d87dcaf1e38712,896285,403017.0,179.0,0.000444,2,1,341
2025-05-11 17:23:59,bd6be654ea9b1b695f3b0946fafc3bf22e00a5e92e329a39e8f304ae36a75712,896285,371977.0,192.0,0.000516,1,1,192
2025-05-11 17:23:59,353c023dc59fb052eae73014bb91ae866895ad48b45e3b1cc760e10f4de04812,896285,351.0,130.0,0.37037,1,1,271
2025-05-11 17:23:59,e4091ee3d1f06ea33f7ad5e482550324f658601ede38241f70a5da1ff1c44212,896285,51998722.0,142.0,3e-06,1,2,224
2025-05-11 17:23:59,780816d537758118208850ee03625c59192a29b91cbf24ee84a69f2c59024012,896285,351.0,129.0,0.367521,1,1,267
2025-05-11 17:23:59,634956087f298398857cbb4f22d118b73418d9a8f53bf27de4578c0197ea3012,896285,330.0,151.0,0.457576,1,1,320
2025-05-11 17:23:59,ce24a510b337bc3c85d4eb2884bd3a5cdf4bcbc2fd8db78d4efa52bfb8b31512,896285,15270.0,102.0,0.00668,1,1,153
2025-05-11 17:23:59,8b2cb7bfaf1307e9523f07da736faba08e410331fa880bc6451957f8db9e0a12,896285,56543.0,154.0,0.002724,1,2,205
2025-05-11 17:23:59,55e488a8ed60c1a1b93b58885d94a06edfa5bc98dc741067a3d080c268b3fe11,896285,330.0,152.0,0.460606,1,1,323
2025-05-11 17:23:59,f596976aa045003cc8ab1c01bbc9eba54838eda7f84b4fc1b758be82b45de811,896285,351.0,130.0,0.37037,1,1,272
2025-05-11 17:23:59,13d290f976b640349c690aef16eb9bb9c2d94e034ceb1b78fe953e1a34d39511,896285,351.0,129.0,0.367521,1,1,270
2025-05-11 17:23:59,c303e74fcd45e45fe897f5176db9f6b9e989abb730bcd2ee68f37627f76c8d11,896285,351.0,130.0,0.37037,1,1,272
2025-05-11 17:23:59,dc94a786ce7ed29585834d4a0e4ee954f3e80a75743fed00ad71875c3a877c11,896285,330.0,151.0,0.457576,1,1,319
2025-05-11 17:23:59,ac7b49045ed29235405908c7a928d1eab52d4ea63f0f88269bcf8fef4a11ca10,896285,330.0,156.0,0.472727,1,1,339
2025-05-11 22:58:45,a1cb6823cd3862f0a87417c720061ebe88a1d6608212839ebb389d7e4012ef85,896321,10482965.0,609.0,5.8e-05,1,4,284
2025-05-11 22:58:45,aa45ece90025f6c713315e161dc01712c6272738bd2150a4b96357f42b5d7f85,896321,17235.0,423.0,0.024543,1,2,223
2025-05-11 22:58:45,bafc06297ee3d358924d01e28d550c946f4478a51b1dc13f601aa562a2d86985,896321,1738421.0,426.0,0.000245,1,2,224
2025-05-11 22:58:45,7057e052fff82a88e878ea38c345b5b3db2334792d55faf141f4a245612a3885,896321,82308.0,423.0,0.005139,1,2,222
2025-05-11 22:58:45,a84a8abca777018ab2c3071275f973d658d1b0c9e467cf849663431539e11a85,896321,42188.0,423.0,0.010027,1,2,222
2025-05-11 22:58:45,d0b154b8af46402eb369ec6cd955b65c9158a0e1ca28d30c5eafffb692648784,896321,1541458.0,531.0,0.000344,1,2,258
2025-05-11 22:58:45,7a6ff855f0a463126fe1fa9cd3a0ee56f028a0c4a2fbc0d69304018ef3f23584,896321,6700185986.0,855.0,0.0,1,5,476
2025-05-11 22:58:45,9835f2ef4548954d783b0a64d2b6c472ff624038f5a433d743fe7a44e5ae1e84,896321,191057.0,432.0,0.002261,1,2,226
2025-05-11 22:58:45,271215ca5ecbaebd6038c76ecb0af5ff9357b2ab1de675c15bfd885ac47e6883,896321,181116.0,423.0,0.002336,1,2,223
2025-05-11 22:58:45,d591465a8a5e6ece2e1ec4a6a94d8c7ffcb689049801c1d5b4d7586367734783,896321,67941.0,495.0,0.007286,1,2,246
2025-05-11 22:58:45,2df857436c9fccd4dd65502dccbabd2124a26ed382533f52b5c45445b89e1183,896321,84006.0,432.0,0.005142,1,2,226
2025-05-11 22:58:45,d780d4fde6e46ef55baf12467d767ecc0b1a4dd3c4c9388b2399f1149d1a0583,896321,7109.0,627.0,0.088198,2,2,371
2025-05-11 22:58:45,f0e1c2f6382bc796e2b49c2fb6539aefb1c417dc6a67d3e4258b5967b4a71c82,896321,120972.0,423.0,0.003497,1,2,222
2025-05-11 22:58:45,fadbc54af532a33c0a9dad63f826c515837095df47c914bbb9ed97d94ae5ee81,896321,1072257.0,423.0,0.000394,1,2,222
2025-05-11 22:58:45,fb625b1f9c85140c7aaddd7042c1dbdc5ba617733cd8c59dc7029bc2930dc381,896321,22612.0,567.0,0.025075,1,1,189
2025-05-11 22:58:45,783bb59cd01d75950270b337d9145a378b8a42300fd5fe681b7504304cd57f81,896321,37540.0,531.0,0.014145,1,2,258
2025-05-11 22:58:45,12a8246b8b5eb1bebb777ab323bc0215eac98ffdf951d8ef72c8d4b84e72bd80,896321,1271409.0,423.0,0.000333,1,2,222
2025-05-11 22:58:45,d22831ca5328ef6b0ac1c95adc8b39fa1dffb71e8951bef4f69a35f6a5d99c80,896321,309836.0,774.0,0.002498,3,1,501
2025-05-11 22:58:45,ae24ce9f7a1a136c0903dfc4facabd48705dfdfdb76f8dd0436b392f570aba7e,896321,2495447.0,423.0,0.00017,1,2,223
2025-05-11 22:58:45,9d0cf1acf4f74908800a8e1cc178023e105914cf64c47f30bc8d9e8d18887b7d,896321,89118.0,423.0,0.004747,1,2,223
2025-05-11 22:58:45,8ed4db4a122c2d29299413d6d81892f38039a216b04078877a754c556cd9b97c,896321,694004.0,426.0,0.000614,1,2,223
2025-05-11 22:58:45,8d7eb629d8cd22cc34c863d66dc2f47ed27344805df0935bb94cd0ca2095a27c,896321,43194.0,339.0,0.007848,1,1,194
2025-05-11 22:58:45,4d045ada00196ef5a52fec93838e63a979ec778a14f77378e6e19dbf89e68f7c,896321,11445467.0,432.0,3.8e-05,1,2,226
2025-05-11 22:58:45,6fa16850282ef96b529ed5c20da692b7d1c5d175951fedb8ee76a439ce14cb7b,896321,26536.0,339.0,0.012775,1,1,194
2025-05-11 22:58:45,76d02691f1b82079f1762c0e906650ed32f3b89d0064f82cf3dafa8a0b46617b,896321,346146.0,330.0,0.000953,1,1,192
2025-05-11 22:58:45,66b60d92d40bccb954c2a55ef52d665ed6538a12ff3bb2785f701a77ee23357b,896321,125221.0,330.0,0.002635,1,1,191
2025-05-11 22:58:45,3a9f7c97fed1f909fe3b62ae40892dca248f122ce4bd62b2ff3b73e4b9f1d17a,896321,1532889.0,330.0,0.000215,1,1,192
2025-05-11 22:58:45,b4f8871bf0a2a99c067542493053830b368f706adc7b894a7a280294a038137a,896321,91900516.0,423.0,5e-06,1,2,222
2025-05-11 22:58:45,aaabce05353b3f3fe2a73fcc2ec6119970d94a69e14080b013f4396e1b31a379,896321,97012.0,339.0,0.003494,1,1,195
2025-05-11 22:58:45,3e9d5885fec1a88fb6e77e0d91072a956033e7ba6c7a9310f10b8b76afe48b79,896321,15711535.0,423.0,2.7e-05,1,2,222
2025-05-11 22:58:45,8f68f317b67e4ecf6a06e22632d864ae39077b2a1a812f2adeabdab82611cf78,896321,46124.0,423.0,0.009171,1,2,223
2025-05-11 22:58:45,d5262014f55be7c484ef0b93c56347f5d47192aa96d5670e31d196952bfdc177,896321,330.0,462.0,1.4,1,1,331
2025-05-11 22:58:45,b75ea423296e2504a13dfc4a4028711e9225bd6e801538d0c21335d68e35ad77,896321,992328.0,423.0,0.000426,1,2,223
2025-05-11 22:58:45,f29fb94c16d79215be23bc59f33b1baefb5ee33f2fec16a46832a77cea8c9577,896321,7106.0,330.0,0.04644,1,1,192
2025-05-11 22:58:45,6c9e8fb97c6fb6e0edaec3e5f7b3bb177628fa1d24424054e978e4a927f45e77,896321,2388005.0,423.0,0.000177,1,2,222
2025-05-11 22:58:45,dde1adad00f3bff14efa801699e106b47875be6162e523251ff56cdd0eabc676,896321,839314.0,330.0,0.000393,1,1,192
2025-05-11 22:58:45,dea76deb28aca50287dc7cecd66d7effee92bbe5c07aabec46120b9519e19a76,896321,337291.0,459.0,0.001361,1,2,235
2025-05-11 22:58:45,730dcaf37059ba5684c8d05aa58116d4f280492c0e2951cd8ee0743e51464776,896321,194739.0,534.0,0.002742,2,1,341
2025-05-11 22:58:45,b916986fdd78ca576c8c79c29145f2ff5be7d54d662b2842a43b723fc0a13476,896321,274179565.0,435.0,2e-06,1,2,196
2025-05-11 22:58:45,b0a133bd71af0a23ddb6e837ea1748a3285f45ad758cfa5d5e7f71781576ac75,896321,134722.0,339.0,0.002516,1,1,194
2025-05-11 22:58:45,08d8ae4ff043a1d6791010a42e28bdc7dce0c68cef02455694880c1371706075,896321,11049577.0,423.0,3.8e-05,1,2,223
2025-05-11 22:58:45,af6880190ad2c4818bda527af399ec3cd1f92a4fb22d6a7a1fc04741e7505975,896321,106857.0,423.0,0.003959,1,2,222
2025-05-11 22:58:45,89fb596160efecac9cbe8349017f94e4a09ca9e9161b009464b395f6cf5d4f75,896321,6730.0,330.0,0.049034,1,1,191
2025-05-11 22:58:45,492417e4ee0ce444dc23876638142a9ea059dd0d492e64bed897359257b60575,896321,96673.0,330.0,0.003414,1,1,192
2025-05-11 22:58:45,9a94adaa6e8a3cf9492b2699b2bcdca8e4a211aaba566872e0aba9e0d4ccb873,896321,228189.0,423.0,0.001854,1,2,222
2025-05-11 22:58:45,649eb80b10f0aa85001a79077561409b3f5391058e492e71d9b728da59b65473,896321,249086.0,339.0,0.001361,1,1,194
2025-05-11 22:58:45,0fb6cdb25cedacefafbffa36ec2230cb1b1d924d5b851e120b3db08af8d4e572,896321,47884592.0,426.0,9e-06,1,2,223
2025-05-11 22:58:45,a558791238e6ef5fb6e56f96631c66f2a262aa819e47e286df2e5901c7bebd72,896321,3350818.0,534.0,0.000159,2,1,340
2025-05-11 22:58:45,75f6f4852c58c7a49024ef86b583fd062381a7a992a423648197862c4c1e3571,896321,5801.0,423.0,0.072918,1,2,222
2025-05-11 22:58:45,d737c366537a0ba37d1ab2e961584cf24a8c7aa10b6506a4ef951d5cec642d71,896321,50495.0,330.0,0.006535,1,1,192
2025-05-11 22:58:45,e5d77ec1daa368e338971d3fee0ecd77d82a3a9986a13079ef3212596601966f,896321,813321.0,330.0,0.000406,1,1,192
2025-05-11 22:58:45,099deb351aeb81ac72700c47e701582275dbea4ef413d300d2071dc7ff7e9c6e,896321,182703.0,423.0,0.002315,1,2,223
2025-05-11 22:58:45,7e738a603bfc887276e07472854127f563c558575f205b8a2b7071a762f1856e,896321,4328099.0,492.0,0.000114,1,2,245
2025-05-11 22:58:45,1bd935807962445dcf7c6221dacdec3c9e359bc8fb6d8628543c5e425f80686e,896321,170027.0,627.0,0.003688,2,2,371
2025-05-11 22:58:45,a9f9cc7158aa3440af7dd8aabb4ab979dc653080e51c98fcd89dba3c8316e66c,896321,24970.0,627.0,0.02511,2,2,371
2025-05-11 22:58:45,b3a0ec612a38232f8895fdf33267c7b017d2fb98c5f9e5fcfcd1ba3e37620f6b,896321,12428.0,330.0,0.026553,1,1,192
2025-05-11 22:58:45,3eb238e5acc0823aa63f705e637e5dc30a7188f4efb55215ec8be1e4e42e2b6a,896321,132314.0,432.0,0.003265,1,2,226
2025-05-11 22:58:45,23cc94ff80cfbaed0ae6027f0803d656b9aaa15874625f92bd0e64dda2d10e6a,896321,70941.0,627.0,0.008838,2,2,371
2025-05-11 22:58:45,b43f8475ec724de61e013e322a647f4ae7d1d7ef0acc826b80c5edce3fbd7269,896321,13247.0,330.0,0.024911,1,1,192
2025-05-11 22:58:45,27e000917cea2d1c8946c7ed90af4afe17f6f1326e5e8896b4dfe7b1a6ecd168,896321,143851.0,423.0,0.002941,1,2,223
2025-05-11 22:58:45,922162e68f31dddfa9ddb8bafacaa45595d889a72deb235306bdfb2ad553a168,896321,191374.0,423.0,0.00221,1,2,222
2025-05-11 22:58:45,b5eeb5fd5107c3b2699220bec9567a3463de0e5da0588a093dfa716c912c9068,896321,904192.0,423.0,0.000468,1,2,222
2025-05-11 22:58:45,6bd8da3ae213f76a733cebb9e942a372c71fafac171a4b029d65783468be1f68,896321,38508.0,333.0,0.008648,1,1,193
2025-05-11 22:58:45,e188cb89340fff847d8c1187b03f2dfd286416db9bd1002e799201b299619e67,896321,959935.0,432.0,0.00045,1,2,225
2025-05-11 22:58:45,219cd50389cf869b895648b5814f950387f2def614c77383edcbed5ab0b21d66,896321,6776.0,330.0,0.048701,1,1,192
2025-05-11 22:58:45,6df6be842f1d0ebf2b3af80b6b398c6d0f88b8c71939bc53d13314b900750266,896321,12716.0,423.0,0.033265,1,2,222
2025-05-11 22:58:45,9f7caa6eb398b6d2b1875f682f26acb70c4454f03fa0abf515e923c7f03db965,896321,51225.0,423.0,0.008258,1,2,223
2025-05-11 22:58:45,42fc7b640a203bb81788e4aa015398f615bf8c0af5bd9c332c80831e4ea13e64,896321,539031.0,423.0,0.000785,1,2,223
2025-05-11 22:58:45,6a56dea52688633514098f31d8b1bb0314972c658070d97a8d88dda096519f62,896321,48555054.0,423.0,9e-06,1,2,223
2025-05-11 22:58:45,ed441150b6e9ed948f06f279b1a3490af6f715300f775e6e7e8e403347686462,896321,208763.0,423.0,0.002026,1,2,223
2025-05-11 22:58:45,b88b8eaecf9a102a58c79605eec60395b12911b15d78b762b8f93a1b44763d62,896321,39750.0,423.0,0.010642,1,2,222
2025-05-11 22:58:45,cfba3727138ef1ce1b376c7b702598e4389a7b95abb32846e25f521a2be12560,896321,30141.0,330.0,0.010949,1,1,192
2025-05-11 22:58:45,72759b4c1218b2706743c120151828fcd330207dfb1865c4d01ca24c45bf5b5f,896321,40970.0,423.0,0.010325,1,2,223
2025-05-11 22:58:45,d8116087447a6dd8cca4860f377b09d2eb1b7729d43ceddd1e4312a8d31bd65e,896321,137618.0,330.0,0.002398,1,1,191
2025-05-11 22:58:45,d703c77e990c52c4d393a9920ef8802b86a43cada7ccce85bcd9a8853e75605e,896321,293908.0,423.0,0.001439,1,2,223
2025-05-11 22:58:45,e7d6af4486dd119c4b6aa3b61848d6f4b8d26d8930ee73c2ef07109635749f5d,896321,102574.0,426.0,0.004153,1,2,223
2025-05-11 22:58:45,8997699535b6b3b750832ed9a19c50f8defcde330b376cf4c4414349a605e05c,896321,726107.0,423.0,0.000583,1,2,223
2025-05-11 22:58:45,044cdc5889cba84ced35741f8449bf5ce3580d1065cd3b32d7b086055c1cb95c,896321,688445.0,432.0,0.000628,1,2,226
2025-05-11 22:58:45,6ac382ff84fcf9b535ed991773cb238b356fa48672c5451d4c67b0711860a55b,896321,750860.0,423.0,0.000563,1,2,223
2025-05-11 22:58:45,59f466f003399a9567fb68533ae1ad25b7c09e603a81a4496dd25ed11a35305b,896321,27046.0,339.0,0.012534,1,1,195
2025-05-11 22:58:45,41d23c9fa92a40b803d94cb9f4efbb19f0460d2bbda7687338f056388ee5755a,896321,21088962.0,627.0,3e-05,2,2,372
2025-05-11 22:58:45,e8e0326a3cf7538f15e241b5582beb6560bf5c4b2003f3b4514df23c46d4645a,896321,182830.0,339.0,0.001854,1,1,195
2025-05-11 22:58:45,9a7b0084b6abc3c21a618332ace80d669fa0a1f516b8b479809be2b7119a5659,896321,8845.0,330.0,0.037309,1,1,192
2025-05-11 22:58:45,fa98f9f4f593c460843be5a9f3408f62f98423e0f802ae56104ef87bfafdde58,896321,819870.0,426.0,0.00052,1,2,224
2025-05-11 22:58:45,57a2e672e85124f1d3af520688459f0ea87d379af24934543ca76a1a39ec4657,896321,10587395.0,516.0,4.9e-05,1,3,253
2025-05-11 22:58:45,3e73b1ec3d95237cf0bb509b2138f78637fef29c5f69b23a64f2ebd7c3e44257,896321,2470668.0,432.0,0.000175,1,2,225
2025-05-11 22:58:45,ed077b141608240f4145686aaac2503f10cd8c93c6ac306106000be3601fac56,896321,39556110.0,423.0,1.1e-05,1,2,222
2025-05-11 22:58:45,0bd48a885bc0073959fa1bea4a6f60444134ec58039026ff657c77c0ec6a5356,896321,30408.0,330.0,0.010852,1,1,191
2025-05-11 22:58:45,032e130ec21e48c52befa4db48c426f6603254c8d50a8f0c6e08c3414f999d55,896321,2388611.0,426.0,0.000178,1,2,224
2025-05-11 22:58:45,9b426d2a02f8e45863b773ee4f0a4644024dd1c36bbeab396b720fcaf3984d55,896321,26303.0,534.0,0.020302,2,1,340
2025-05-11 22:58:45,7cf816c327381b4257ceade958de277ebd0ffe2742b2a44ae5e44f44067de254,896321,13777259.0,426.0,3.1e-05,1,2,223
2025-05-11 22:58:45,aca244e21780bfa9ba43fe583cb9daf29e52e990287c3cfd3ffc3a86bcf26c54,896321,93710.0,423.0,0.004514,1,2,223
2025-05-11 22:58:45,4efd9b6ec7ba046e2d7a3386542f0496b6733caaf4201fd7d56112dde1399653,896321,238184.0,531.0,0.002229,1,2,259
2025-05-11 22:58:45,54ab3f654f7a2ad784997c0d038adb3ab4c3d0f79116385275fafcc1248797c6,896321,241715.0,531.0,0.002197,1,2,259
2025-05-11 22:58:45,d1fed96c1c5f224433730963332744e9447730c3117b2b745ca515d9f802c6d1,896321,245246.0,531.0,0.002165,1,2,259
2025-05-11 22:58:45,5ce9f44f2945ff8ec5652a0865767cae617836626d5477092420f9861dda5259,896321,248777.0,531.0,0.002134,1,2,258
2025-05-11 22:58:45,d7f567f03c5a84e76f82dc59533f26ba2074f32e999fae3501480588b1807153,896321,223824.0,627.0,0.002801,2,2,372
2025-05-11 22:58:45,b94dbdcb65d3fa9d8413951a70b269549a0c834d1f28d30e0f19ce47802a0b52,896321,284167870.0,423.0,1e-06,1,2,222
2025-05-11 22:58:45,af233b2fb86c4c49602edd8af2e5aa5c4c0faeeb05cb629390276cf55811e951,896321,946347.0,333.0,0.000352,1,1,192
2025-05-11 22:58:45,b589daa5b54d825326eba8687e0f97a9f065054cc37caee7d150582de757c651,896321,34661.0,339.0,0.00978,1,1,194
2025-05-11 17:27:36,4405b24ba3d7e9ace3b99a996c2b93c09f7be51306aa16a533d3f6d6ae776699,896286,546.0,154.0,0.282051,1,1,331
2025-05-11 17:27:36,5ffd1d06608732a3760357a16c7f6a9766c91d578b3f818a65db887384e15299,896286,330.0,151.0,0.457576,1,1,319
2025-05-11 17:27:36,f62e48519ef471f919e7000e41132e0bd5673d5cbbbd7b0f4b22072298c84899,896286,330.0,151.0,0.457576,1,1,319
2025-05-11 17:27:36,bc2ead9ab1534ce5623b45c2d87e9cfe73c38c3c1e02a29d35c74da45fff1a99,896286,605496.0,141.0,0.000233,1,2,222
2025-05-11 17:27:36,cb84d0bdaaf25f6f232f4488016dbe209c78d2b776b4b69dde530db085140699,896286,485092.0,142.0,0.000293,1,2,193
2025-05-11 17:27:36,f58727e34d684ec1a2bf4518ab52699cd5de322999a12b8c70cd3e6a1649e898,896286,330.0,151.0,0.457576,1,1,319
2025-05-11 17:27:36,e5e88ce26c23628901d905fdc07934e2b4b7f0016a778245a29ad802e399bf98,896286,36429.0,217.0,0.005957,1,3,298
2025-05-11 17:27:36,7999c53095802dea6fda0db5572ca95d5ae3525c27b23981b38e972268489698,896286,330.0,151.0,0.457576,1,1,319
2025-05-11 17:27:36,1ef541bcca317ccf7970f7320b240a2ce3eadaa530aed79afbd78461f5c99298,896286,145511.0,145.0,0.000996,1,2,196
2025-05-11 17:27:36,87f4cc7c811968542346f8560c12ede1901d79e7e181402de4cf45b22bb52698,896286,330.0,152.0,0.460606,1,1,323
2025-05-11 17:27:36,3526029bcd628a13b0c2ef084547ef899ab363d288f086c56aec0518b4160598,896286,330.0,151.0,0.457576,1,1,319
2025-05-11 17:27:36,5df7f2ff42a57e5a6a1335fcd6114da3cb4bebd4ebd8c5b489118a6fd69ab397,896286,1534.0,212.0,0.138201,2,2,312
2025-05-11 17:27:36,2ed8af0861bad98dbf87be48df88d980f458ce8f697e061157074f9cbd12a997,896286,1555459.0,141.0,9.1e-05,1,2,222
2025-05-11 17:27:36,52e4b5c02de292796c2a9fe8d201cac68b477a7a836106e28053eeebeeb47897,896286,34137.0,217.0,0.006357,1,3,298
2025-05-11 17:27:36,3af2b58ecdc8e366c71883d37a1cfba30be10f8c7d05962e77f8c9034e295d97,896286,918660.0,165.0,0.00018,1,2,246
2025-05-11 17:27:36,dc98f8c8fc776a64621f4c9b475a2cce8be74a85c201318c43815988b0d75c97,896286,279312.0,142.0,0.000508,1,2,193
2025-05-11 17:27:36,92d3fae1b6a2aa7504de01ae3c285e77c7f8fb5b23e3085a8e68d3f0cd9a5097,896286,634028.0,141.0,0.000222,1,2,223
2025-05-11 17:27:36,74e18769be36e8eac8462896ce5ecba2158510bfa016e5c602daf710397f4397,896286,330.0,152.0,0.460606,1,1,323
2025-05-11 17:27:36,025a4e7ca805fdd02ccc620f132e25de73a944f04127e8a87f30d2821d684397,896286,330.0,151.0,0.457576,1,1,319
2025-05-11 17:27:36,a2b2fe56cc06b8a69e2c224dd65fed80fe666ca96b14cff05e7f25d6aefd1897,896286,546.0,151.0,0.276557,1,1,322
2025-05-11 17:27:36,0555ea22c601437ef17486ccaaea00f708f5307f3af0f68b7f9d921b07783acc,896286,127058.0,154.0,0.001212,1,2,205
2025-05-11 17:27:36,4c194ec87bf8352342d6133cb08293ebb3c7963db1fc645e1d58856a306ee196,896286,330.0,152.0,0.460606,1,1,323
2025-05-11 17:27:36,8b393f1e2d45a1e43b5d3bc73dc7cd47345ef1f963a6285b3f6ecaa738d27496,896286,330.0,152.0,0.460606,1,1,323
2025-05-11 17:27:36,8f780ccd9d061c6b0c5708a09b1469896dfbc5b9594c40cda1bd951b73cd3396,896286,33195578.0,141.0,4e-06,1,2,223
2025-05-11 17:27:36,513220e7ab0be4d0e77179f2318e3b288fc8fd39cb7ef09b1105f57f87651b96,896286,330.0,151.0,0.457576,1,1,319
2025-05-11 17:27:36,638e002fc9bb805557d95036dcfcbc76b11f751fcb426f84d44b247156361096,896286,330.0,152.0,0.460606,1,1,323
2025-05-11 17:27:36,d6c8a4d7ec81c681c6cfc08265fc4350e6f0f73abc3448bf8bca09bceb01f795,896286,330.0,152.0,0.460606,1,1,323
2025-05-11 17:27:36,50d4390cf3f86b47bd90197bec7c29ff90cc68c17efc3f878547d6e23095c795,896286,330.0,151.0,0.457576,1,1,319
2025-05-11 17:27:36,66c1abe96d06e0aa6e9a7840e55b70e226b54ea2483ba0315c958340e54dc495,896286,39702.0,218.0,0.005491,1,3,299
2025-05-11 17:27:36,7e7825fd6e63dbc8ac40c9dfce410dd41d927ab07b0e5804bbbfd173242cb495,896286,11859.0,154.0,0.012986,1,2,205
2025-05-11 17:27:36,cbd7928a0e26c92ce8d9e63590f5be77964e23586da7c2b7f6c5aeb9819c9c95,896286,23544.0,100.0,0.004247,1,1,151
2025-05-11 17:27:36,cb80ce6c08bf888bc079b37f20b197e960e5d39790afb91c0b682fc4d0549495,896286,330.0,151.0,0.457576,1,1,319
2025-05-11 17:27:36,00d6b1aeb3c6ddc08cf872c39e7c920262dff5a3b3188217525ab5260e657c95,896286,330.0,152.0,0.460606,1,1,323
2025-05-11 17:27:36,691b6f1be54a99c78eb3a4712ad68a43ca8daaeac9eeb2fe0fc9d49cd0ac6d95,896286,26262.0,168.0,0.006397,1,2,249
2025-05-11 17:27:36,fadf79c16f80cbec88771884491a52fcf23a8aba4c425abb244fec26f2a02295,896286,38865.0,850.0,0.021871,14,1,1544
2025-05-11 17:27:36,2c3942dfb5a732b5195209a98e6f3841a14526ce7799b3b28642de9d93fcdd94,896286,16822.0,110.0,0.006539,1,1,191
2025-05-11 17:27:36,09d625014929837fe5ffb70586e7fb140908439469c87ca9b2c7554ee990b994,896286,330.0,152.0,0.460606,1,1,323
2025-05-11 17:27:36,6b530c38077127886ce7308e82084304113895aa7703952d5afcea4de8d59294,896286,330.0,152.0,0.460606,1,1,323
2025-05-11 17:27:36,8bbc7724838d9fcd096cabf0f26aca78eb365955a27183bb452a5aa131c48894,896286,94091.0,217.0,0.002306,1,3,298
2025-05-11 17:27:36,faf901a2484eeea8cc9deea89884ad72f809958ad491a559f3551626baa98694,896286,201710.0,209.0,0.001036,2,2,371
2025-05-11 17:27:36,aa4fb6bd1e57d9ff3b516afd060587d390b945cec3df838dde98eb0e904b6794,896286,546.0,153.0,0.28022,1,1,330
2025-05-11 17:27:36,f132f7bfd202c7833298717dcf89f678f437eb14872f6fb8cfb254c3f83d4194,896286,675924.0,217.0,0.000321,1,3,298
2025-05-11 17:27:36,6922427eb33971a56d253a337c6fc1056c39312a5033cfbb676c6b3cb7c8ff93,896286,330.0,151.0,0.457576,1,1,319
2025-05-11 17:27:36,ff0ffb55e25c83db7d6eb2709b71b7fa620f3330eef564370813b4713336c993,896286,1676399.0,142.0,8.5e-05,1,2,223
2025-05-11 17:27:36,854bb48acc323541a282175e98457495ea0bbf84039a51575c65a35412e050d4,896286,1695741.0,141.0,8.3e-05,1,2,222
2025-05-11 17:27:36,ed251e32a1ee1bef7395580442c2e710f52510f7c69e5588112232df8d8020fe,896286,1715082.0,142.0,8.3e-05,1,2,224
2025-05-11 17:27:36,5b99ffa5525fcd7eb076020aec31fe7f698cf68647a4a672078a29543226c593,896286,330.0,152.0,0.460606,1,1,323
2025-05-11 17:27:36,3ca7a3e5e20cd08ce7a81df33993fac9567a41c059c67290872558bd506a9a93,896286,351.0,129.0,0.367521,1,1,268
2025-05-11 17:27:36,603f082a125530e92a8770c74ef09dca88ccd4896f800c54c368231ba22b8e93,896286,330.0,152.0,0.460606,1,1,323
2025-05-11 17:27:36,0e3cb34807ad61350068f18b1052dea24a2d13fa2ade6d6e07cfc4116f007a93,896286,546.0,153.0,0.28022,1,1,330
2025-05-11 17:27:36,33e18978c45d6e3150aa5fec054e98ab0e77c02bd3b24b6f99c7ad4e656c6bf0,896286,4836.0,154.0,0.031844,1,2,205
2025-05-11 17:27:36,07f11616bfbb7a9d98ea1113e713cb0b71d1ddb4c4573c62bf8504d5a8415393,896286,729327.0,144.0,0.000197,1,2,225
2025-05-11 17:27:36,79b1c78619f9a17a5333516e5bfa1356188d5d6e7c84d5a9476d54c3e5e02f93,896286,546.0,154.0,0.282051,1,1,331
2025-05-11 17:27:36,51e2c21e232f80568c3f007ac04b872d2809c06cbcc9aeab137e5247571a2593,896286,330.0,151.0,0.457576,1,1,319
2025-05-11 17:27:36,e5cde4c7dd885e9ab7cc2b57a6c525ad1366c0135c47801d8247c8dc91f30393,896286,546.0,152.0,0.278388,1,1,325
2025-05-11 17:27:36,59d16ea84c7e7c3dd1e8282d88f9ffa76ebe5abd66d6450377b145b40adde2cc,896286,66946.0,154.0,0.0023,1,2,205
2025-05-11 17:27:36,f03a16f0eea1044c1d5c59ae48c09ec310f6966389a040e5c0a758eb9ab6f192,896286,216424.0,142.0,0.000656,1,2,193
2025-05-11 17:27:36,263d3da669bad8f31c15ef0e9dbc984ab1800fe327f19dd5da1cab56b623e892,896286,330.0,151.0,0.457576,1,1,319
2025-05-11 17:27:36,a1a54a99491f579241709a6b6f727c9c0113c5763eb7b474f607f3674592d492,896286,278873140.0,165.0,1e-06,1,2,247
2025-05-11 17:27:36,c6429c4b930bc2dfd11432101ba38e2889c488127c3e5cb371a61f46b1dfa3c0,896286,279022451.0,197.0,1e-06,1,3,278
2025-05-11 17:27:36,f4fbbb3674091850334bb11cae9c2ab53942c2cc9a8cb44d5923e09ccb0fca92,896286,17220.0,102.0,0.005923,1,1,153
2025-05-11 17:27:36,e7f9e7a03e12d81559580f03375f085ac3c6b8e228891d69422301374469c292,896286,330.0,151.0,0.457576,1,1,319
2025-05-11 17:27:36,f48b87a2d6dc1e1f8f5a305ffd22492f35d89c208221fbbb6a967003c74bc192,896286,461481.0,99.0,0.000215,1,1,150
2025-05-11 17:27:36,d48612af7ce2f6c0f90dc68b19b41e9cc4c9eb5e61d2c739f9bb2452f15dc092,896286,330.0,151.0,0.457576,1,1,319
2025-05-11 17:27:36,f38428db1fcc15ecf750742e1454ff62738c2ed9a89e255aa82cea744f9abb92,896286,546.0,154.0,0.282051,1,1,331
2025-05-11 17:27:36,73fa733dcfd656360b601eead2c5dbf77cfd27a1566d9cd81d58bcc5b6d59792,896286,330.0,152.0,0.460606,1,1,323
2025-05-11 17:27:36,35cebea6db81a735b2e984f114d93c42eee89bad8ec7c07b4fa19ff1c2067e92,896286,330.0,152.0,0.460606,1,1,323
2025-05-11 17:27:36,9884269b8d646d2e9c05332f98f08495fa284a2cbdfb83ea542ffbd53d7d6a92,896286,351.0,129.0,0.367521,1,1,267
2025-05-11 17:27:36,5f737fed76a85e18ff33328b9f43264d478884c298e02c822cda0b15e7834e92,896286,330.0,139.0,0.421212,1,1,307
2025-05-11 17:27:36,dc7f5a0e5d9cf9cb07086534503699263a5c5d63bd6d4bb06ac6f7917c880792,896286,79606.0,142.0,0.001784,1,2,223
2025-05-11 17:27:36,22776b48548dcf1ca28d62e369c823901f1c86841e9cb54f8378a0fa4eccfb91,896286,330.0,152.0,0.460606,1,1,323
2025-05-11 17:27:36,439b26547a1b7d3224acf6dd0c2f01b464aaeb362f1454c55fb2ba744dffeb91,896286,330.0,139.0,0.421212,1,1,307
2025-05-11 17:27:36,3b908ae047c4ddc1fe866e645b1bc9395343e377211597a0b4ce45a9020ad991,896286,546.0,152.0,0.278388,1,1,325
2025-05-11 17:27:36,fa8259be80665e821774dc03c77529426236598eb38c16d5b2a43690c5fb7b91,896286,330.0,152.0,0.460606,1,1,323
2025-05-11 17:27:36,3e4ca4af05a7ef9332873df43624f4bfa1e3f770a23f3f0648e770a367076791,896286,330.0,152.0,0.460606,1,1,323
2025-05-11 17:27:36,3a802557deff82a93b11e555c7a266e49e14b9c2b5411640587a62b1e7693691,896286,351.0,129.0,0.367521,1,1,267
2025-05-11 17:27:36,99e5dcaa3af1034c2dcc5dc8669f2a15561282a36ee036859d7210996b672c91,896286,474981.0,141.0,0.000297,1,2,222
2025-05-11 17:27:36,6363b6cc6c9917f5b1eea8f46c60ac03f3bc1c2699fad49c082cfb0e5fe91491,896286,178355.0,145.0,0.000813,1,2,196
2025-05-11 17:27:36,8dbe5261f685d82ad4c1cf1803ef28e07746c7f81a8d4ec2745930b4fdde0091,896286,57138959.0,141.0,2e-06,1,2,223
2025-05-11 17:27:36,20a68c794dfeea78820f19c09b421e14624e565d66b300c77139952d3057ed90,896286,546.0,152.0,0.278388,1,1,324
2025-05-11 17:27:36,bdbed5b5662fbf32440952c0aac045a6dd8fd1a55061761c9a191ae1df45c190,896286,108205.0,154.0,0.001423,1,2,205
2025-05-11 17:27:36,f8e2c13f733883b6a94638dcc0a8872662b16570c3eb86975e15ea15a34f9c90,896286,26883.0,211.0,0.007849,2,2,373
2025-05-11 17:27:36,c99c6cf154cccc2faa4400f3e07d9aff3b9b44221e85b8fd945070b269cd6190,896286,546.0,140.0,0.25641,1,1,312
2025-05-11 17:27:36,94981e67f067638d5548c9c53e6484921dad31f468255fa9551971e062a45190,896286,435.0,111.0,0.255172,1,1,162
2025-05-11 17:27:36,44c0e15abc29c47af090da491e008a864f7f6f36c473a113620dcdbbaa4b3b90,896286,1145567.0,212.0,0.000185,2,2,312
2025-05-11 17:27:36,5678a9187cfb834e7dc3d3601c8477c2623a4993463208cbc6faaca6425b1190,896286,330.0,151.0,0.457576,1,1,319
2025-05-11 17:27:36,58c1c49171d34c4e9e25e8eecaa004be67da2ca1fbac1b1a6c326cfb0754fd8f,896286,330.0,153.0,0.463636,1,1,330
2025-05-11 17:27:36,88e661c7cd0f22936c4f3f2a49cb86f362229009d057c206d0b63af52dc9f18f,896286,330.0,152.0,0.460606,1,1,323
2025-05-11 17:27:36,42e6120e1b23adff45a22d1ce68814a6c902467f3c73d438279cb74af764ab8f,896286,330.0,152.0,0.460606,1,1,323
2025-05-11 17:27:36,c03316c15ac438d8618b178797e9ca4f22205202572c6960ec996039223da18f,896286,546.0,154.0,0.282051,1,1,331
2025-05-11 17:27:36,603516fbd8a186acf99cbdebc56c3ecfa829b7859378f164bfa4ffb4ace56a8f,896286,330.0,153.0,0.463636,1,1,330
2025-05-11 17:27:36,48c231f51f594bda1f9674f4d6b19db439358607b76532f8b14dfb278dd0658f,896286,546.0,153.0,0.28022,1,1,330
2025-05-11 17:27:36,eb9dc2ee0dc245872330f5d51fc33ba78ae3e1a362da8b72f2019987ad4d238f,896286,330.0,152.0,0.460606,1,1,323
2025-05-11 17:27:36,27ddec87fd75e4911350c9d049d71a1b2f55afab3680d311254ba053d80f048f,896286,37719230.0,142.0,4e-06,1,2,223
2025-05-11 17:27:36,ab4c7a7b25fc884a90e394fdae7a71c5aa222b8ee2f232a4cb64513ee6e3cf8e,896286,64927.0,141.0,0.002172,1,2,222
2025-05-11 17:27:36,caefb679e85c8bebf252e58955abcc3d49247a789457cfaef4711871b57acf8e,896286,330.0,151.0,0.457576,1,1,319
2025-05-11 17:27:36,8e9be48eb9819bda1529ac95154c6453537efa029a33deca71f10191c623c58e,896286,546.0,152.0,0.278388,1,1,323
2025-05-11 17:27:36,f4771f19d0e105f51cd2f6e99a26d6e32706187b7887e9e1b6c7021bac3dbe8e,896286,79911.0,142.0,0.001777,1,2,223
2025-05-11 17:27:36,2d44e49a07dccdc3608c9fb9491d89445904a2907656398eb9146b02b098b98e,896286,330.0,152.0,0.460606,1,1,323
2025-05-11 17:27:36,20df08cda0abf4c6b01c721f1a16a7914144f2a43387c43a8b7bc4b4940d888e,896286,8376.0,274.0,0.032713,2,4,374
2025-05-11 17:27:36,3832b44caec8d94473aa1c2b8b2a50ea7aa3178007c29286c109d3fefcc64f73,896286,42077.0,490.0,0.011645,7,2,838
2025-05-11 17:27:36,92cbbcf653bbffa13d854a58e5e5557e5cb2aa48444cbf44c1e833983dfe4873,896286,330.0,152.0,0.460606,1,1,323
2025-05-11 17:27:36,d8474480e6c9ee282b27838c2ebe117ce969e9735d4823ac5d1dd86e2b844773,896286,330.0,151.0,0.457576,1,1,319
2025-05-11 17:27:36,60d63e1aa57caeffe1a419ef328b99f98fd5be21fb3f3626ff8d9a82a7b13973,896286,330.0,151.0,0.457576,1,1,319
2025-05-11 17:27:36,626ef8a90684f50c839b3f14a030c118847dd11c8ee97a2b761d72b579d33773,896286,330.0,139.0,0.421212,1,1,307
2025-05-11 17:27:36,002189b71726e488bc9ad8fed44c64408749a0507403587abcd6ecd13acd0673,896286,55892667.0,141.0,3e-06,1,2,222
2025-05-11 17:27:36,abe57fbd9498f7fc7beb3d9ffb82561069653826131362a774af47d1e626f272,896286,330.0,151.0,0.457576,1,1,319
2025-05-11 17:27:36,e6bdfa9d8fe4bd2a0b3b961d4c7307e8574c47426532db5889cefc673abce572,896286,87139.0,165.0,0.001894,1,2,246
2025-05-11 17:27:36,303cbba879d620ad8f98d74c718f0d5c7913c6172d64eec470c9b53d6f00d672,896286,467470.0,143.0,0.000306,1,2,194
2025-05-11 17:27:36,d2f9d4d5433d21151d1a9c83641e237ab19dff22d305fd87cc7738ec7510b872,896286,41773777.0,141.0,3e-06,1,2,223
2025-05-11 17:27:36,9dd0cec3e0e692d544ef4acc22a759b2c0384ca338841dabee7e4d40d510b472,896286,18644.0,275.0,0.01475,2,4,375
2025-05-11 17:27:36,11f28739bb914f76024eb21c3cebf41e787b33f6ceb85324f63d26c75d03a772,896286,330.0,152.0,0.460606,1,1,323
2025-05-11 17:27:36,fc7de048b35b75377b419518f1030396999a627536e759888a14d6a4d2f69472,896286,8306902.0,154.0,1.9e-05,1,2,205
2025-05-11 17:27:36,1a2743cbffe20a87164717b1e2e2d2833cd731549a032f3a770fa350a7438b72,896286,1680577.0,413.0,0.000246,4,4,612
2025-05-11 17:27:36,0aa0cdd6fcbfbda590c18144be6a5bce2388a4f7c432b439c1f8d4cc54517272,896286,330.0,151.0,0.457576,1,1,319
2025-05-11 17:27:36,2402f5dc4e88b4c085913e8df1e0d7e267a6b3a8c2b3b52bea0fc456eab84072,896286,330.0,151.0,0.457576,1,1,319
2025-05-11 17:27:36,c1f719e942657b9dbf838531f275065cfd7fe4eb481c0f69a74942472c9d3072,896286,108866.0,236.0,0.002168,2,1,398
2025-05-11 17:27:36,a66096bdc104bca267ce0b0c7ef4dc4267fb0e40528a007cd242dbe8f1fe1f72,896286,3095831.0,141.0,4.6e-05,1,2,222
2025-05-11 17:27:36,a57ba1573ff967a7331152d36a72f13a9073273ae57ea230867f323e6803fd71,896286,1778308.0,314.0,0.000177,4,1,638
2025-05-11 17:27:36,a67aa45bcd095b18c2e58cd195781c5eaee62f0bef44d158fe1081567b0de771,896286,330.0,152.0,0.460606,1,1,323
2025-05-11 17:27:36,4a04bece573d5afb719dc7bc8366a4653a087569f2a5e0b095541b7fda41d771,896286,330.0,151.0,0.457576,1,1,319
2025-05-11 17:27:36,9f36bc53b7c97e5ab6aa4c18f71ec3e247f391fc7b5150fdb8e59fe1d005b571,896286,330.0,139.0,0.421212,1,1,307
2025-05-11 17:27:36,ce404b064314b209819a3f914090a2c6b70381134b78418f6e0d47eb9712a371,896286,742231.0,2075.0,0.002796,20,8,3681
2025-05-11 17:27:36,ad98bc6f09cc84a25984c03ef25a2faea316b351554c4387d13d7493725d4b71,896286,546.0,152.0,0.278388,1,1,323
2025-05-11 17:27:36,334ba45dc1fd26086483c681b07d7654bba2342e9998886076bfb854133d4171,896286,1219989.0,110.0,9e-05,1,1,192
2025-05-11 17:27:36,9641c218e10737a7d5af8288584500e0cc90fefcd3084d4fef6d9474d73d2271,896286,330.0,152.0,0.460606,1,1,323
2025-05-11 17:27:36,3d8036ffc1a72cf0e991c0247438f246fd723236a3de4b35f6d7298e19771871,896286,5179472.0,338.0,6.5e-05,2,1,338
2025-05-11 17:27:36,a14189e348178f7a0954b7749fc00a8a36443d1578937171cf59049ae2b9e170,896286,21358.0,110.0,0.00515,1,1,191
2025-05-11 17:27:36,a51a97d4f11109e494d37b0a9e09508e9f8fe926742ef303f76718994905da70,896286,330.0,151.0,0.457576,1,1,319
2025-05-11 17:27:36,5f8a29ef1b05bf31b9151bf1bec26a4fc2726c7b3744437f4b7f998ef355bd70,896286,273644.0,154.0,0.000563,1,2,205
2025-05-11 17:27:36,5fe7f4047f219b656004e51fe3bab424df0899ca6173ad8668527b93bcf7b070,896286,39151.0,217.0,0.005543,1,3,298
2025-05-11 17:27:36,171effeb25284bc57ef451955f809bea991bc1370662d5cce05dbd6549c79770,896286,3616911.0,110.0,3e-05,1,1,191
2025-05-11 17:27:36,72e70cb10d13069fd9332b24ae9cfbc870dcd456425312605eac684ebfe08a70,896286,546.0,152.0,0.278388,1,1,324
2025-05-11 17:27:36,d217779acc1e538eb3240f34729af8f9de2d3366b484e96744ccc9ffec5ca1da,896286,36964.0,154.0,0.004166,1,2,205
2025-05-11 17:27:36,c9405aeed564bdd3d3e7d05cc90598b0966003ceae967f9ec449e15c30666b70,896286,48863.0,157.0,0.003213,2,1,257
2025-05-11 17:27:36,d63b3ece2b313a0b313087d71c3d7bc17629b6d4612ba3321355cf8e25126070,896286,198752.0,154.0,0.000775,1,2,205
2025-05-11 17:27:36,aba7f8ba7453c38f264ade21d86418d710bb6c12e24332bfccf85dd240dc4c70,896286,99999858.0,142.0,1e-06,1,2,223
2025-05-11 17:27:36,1a11e74c5ed92c03e87963091676416ba3104485d4b466b46afd927feee04470,896286,330.0,151.0,0.457576,1,1,319
2025-05-11 17:27:36,9cc3acbf596ee0f36ef8649262eb3a3808b9cc582faef8d39d93ab7ac7b62c70,896286,330.0,152.0,0.460606,1,1,323
2025-05-11 17:27:36,2423c9cb60ab88ce7b6337097eed514021449caed3759343d565809b20c90b70,896286,33473.0,154.0,0.004601,1,2,205
2025-05-11 17:27:36,a5dc10099e99b417a3c003b72c9acf9dfd9d1d9064f18ce5b8f960f07268db6f,896286,17283.0,110.0,0.006365,1,1,192
2025-05-11 17:27:36,56d196df5773b9ea380d441a5e25376eb6ac9cff44d24fa386c819a2ab5bda6f,896286,6859187.0,141.0,2.1e-05,1,2,222
2025-05-11 17:27:36,30f8555687c4afd6358ed48e48c827471e94253b7086a7b57b18f5121002b56f,896286,546.0,152.0,0.278388,1,1,324
2025-05-11 17:27:36,b6f0dd3b05720c743730b789fa7d3ed18565ee3741c12296ae706c52e55ca0e6,896286,163368.0,154.0,0.000943,1,2,205
2025-05-11 17:27:36,69fd1ef1b98eb2c26d0e332a0b9a99b029fcae1515b8c73f064d577f9eba9b6f,896286,1053903.0,206.0,0.000195,1,2,375
2025-05-11 17:27:36,73e50ca976d551e3b66c7b99340387edb112dc72232b4c2346a427b163288d6f,896286,35633806.0,154.0,4e-06,1,2,235
2025-05-11 17:27:36,069929b22b63aa989480e4c70babce909988f5e971084279cd20a17c33dc816f,896286,330.0,151.0,0.457576,1,1,319
2025-05-11 17:27:36,a57d7a7d4e7156e04feea0556455b16570fa5452e75c94fdf338078bcf60516f,896286,351.0,129.0,0.367521,1,1,270
2025-05-11 17:27:36,080f0b403fd1648ba0bdf5e20345bac74bd3c090ad7bf9b962c5d765505ddf6e,896286,330.0,152.0,0.460606,1,1,323
2025-05-11 17:27:36,c7292d4aa16f10c657c7ad458292739f1ab038968f1de317e56d801bc1b3c06e,896286,153291.0,102.0,0.000665,1,1,153
2025-05-11 17:27:36,6aa6a31612ed7c2a08c8875551fb2a02820946d03f90d6b08fb7b7509b1ba86e,896286,330.0,152.0,0.460606,1,1,323
2025-05-11 17:27:36,6e52739fc6e8788b297c2777e7bef697e5e0d9f05f852676ebb0b277821b896e,896286,330.0,151.0,0.457576,1,1,319
2025-05-11 17:27:36,a6c485c0677049b05e4c99b2c5b58a0c606f8f3e862112f764dac986c18d726e,896286,330.0,151.0,0.457576,1,1,319
2025-05-11 17:27:36,f86b3bd51b1e0ae29e0be77b1e3bc16acde5e2358ff09b55db3c254709276c6e,896286,330.0,151.0,0.457576,1,1,320
2025-05-11 17:27:36,80f09550b08b5d9a0ff1f44470f9618c84d692f6ad4f69d994694d71692e5e6e,896286,4439.0,111.0,0.025006,1,1,162
2025-05-11 17:27:36,a478a361e1ceacc10522ef34c294f7ad48d7828bb300314584dd4ae99674556e,896286,153157.0,111.0,0.000725,1,1,193
2025-05-11 17:27:36,8bfc4e41722ea6bb22242968e87d3b68aa127a32c84185eda51e6435e072326e,896286,395619.0,111.0,0.000281,1,1,193
2025-05-11 17:27:36,8254acf296bba022a4b7c0af02b6ac8b9d828f9ae784567710c060f8752ac16d,896286,200269.0,246.0,0.001228,3,1,490
2025-05-11 17:27:36,16e5d4164d8a251f280fd7c1e1ac8cd71d486c9fa8cbdf769b484071cfe4bd6d,896286,60101401.0,142.0,2e-06,1,2,223
2025-05-11 17:27:36,849e8ca15162bb8877bf72d88d1e9b904b5e0b6f46d820deb2b00187425db96d,896286,1015413.0,231.0,0.000227,2,2,393
2025-05-11 17:27:36,91959829a78615845062044a5b7d4733209a60cbee4650eba85e843b577ab86d,896286,546.0,152.0,0.278388,1,1,324
2025-05-11 17:27:36,76750529652991542592713487cc13387080dfc689c01a8b29458b47be85766d,896286,984833890.0,177.0,0.0,1,2,259
2025-05-11 17:27:36,df6d9510a69cf01b1253226ac04465465be273b1a793d8dd3fbb342f20ca556d,896286,1397091.0,209.0,0.00015,1,4,290
2025-05-11 17:27:36,3177fb11ce833fbb8b3ad010c3491219bf5a500d54d72bf98452a3f08f90506d,896286,330.0,151.0,0.457576,1,1,319
2025-05-11 17:27:36,ce0a606c2c290b9ed6f63556ae981a9d84ab97e37fefd6336a64c10de750b46c,896286,103599889.0,111.0,1e-06,1,1,192
2025-05-11 17:27:36,c5cd74f786ff11ab7542634b9626b93d17c548a5f6330d4ed9e9102e10f4b36c,896286,39698.0,222.0,0.005592,1,3,303
2025-05-11 17:27:36,ce5ea619cfb053afabd7bde593fa911f519512298693b39a77a22f312d96b26c,896286,546.0,154.0,0.282051,1,1,331
2025-05-11 17:27:36,0f438fc8b9085b339f4e8e24a83a119a28cae2d9662924fdd3abae2e050e9cf2,896286,30271.0,154.0,0.005087,1,2,205
2025-05-11 17:27:36,d2b55e4afd0e598660f75eddfda884284d2de87a6c3ab34d23c488a97cc6aa6c,896286,3188281.0,265.0,8.3e-05,1,6,346
2025-05-11 17:27:36,927b2a16291365ee3e9c93e0961baf0b8c245dc236f22fdd159c0ac24e009f6c,896286,330.0,152.0,0.460606,1,1,323
2025-05-11 17:27:36,c54e8ef13c930a70358add37a56f4c12d3a9bef40c59d56f68f3c5fb3b8d9c6c,896286,52966.0,145.0,0.002738,1,2,196
2025-05-11 17:27:36,18d387c47574d611f2ed854350068a5c19870f1144078bf27dea482f8920806c,896286,330.0,152.0,0.460606,1,1,323
2025-05-11 17:27:36,425128bb0ba19a9909a94b5ce13ae1c1636d2fa993ba1f9c75efafa6b51d716c,896286,546.0,154.0,0.282051,1,1,331
2025-05-11 17:27:36,350f10cbcc08498fd95a428bd8cfdca87a04503e518afb7d60a288b14e627adc,896286,2970.0,154.0,0.051852,1,2,205
2025-05-11 17:27:36,65e304203422fa8dfd82baa502203ab6c0f002ffb5a31149d6e1cd9af2eb5a6c,896286,351.0,129.0,0.367521,1,1,267
2025-05-11 17:27:36,0fd3e4d09ac1cf6f77ea211a82925243bb10ad24902c6c249716f2350cdf316c,896286,546.0,154.0,0.282051,1,1,331
2025-05-11 17:27:36,c5f060d33fecec4590e86132aab2c6b5eb551fd4af18793ca91aefce25bb1f6c,896286,383986.0,212.0,0.000552,2,2,312
2025-05-11 17:27:36,0433aca9b5ed1047e59bb4553f6e6be48c17d196c0fcc378d1433bdc7972106c,896286,9961840.0,141.0,1.4e-05,1,2,222
2025-05-11 17:27:36,fe61e12da64f2ffea525a35c405e5306e8a2afc52a96253469a66b896804016c,896286,351.0,129.0,0.367521,1,1,268
2025-05-11 17:27:36,0ee3ca16fef139fa74c39fb3ec5c6f2b6a1992fa649be84570dc255a6ac1f46b,896286,546.0,154.0,0.282051,1,1,331
2025-05-11 17:27:36,c442dd5ee9fe3da55571c60f00206d545b4707d0349206556da1c61890f4d46b,896286,901960.0,192.0,0.000213,1,1,192
2025-05-11 17:27:36,83e78cfbe6cdedb917f487a051d0cabc6d9d0237de7f2ab7d93397b3e76ab26b,896286,35882.0,217.0,0.006048,1,3,298
2025-05-11 17:27:36,fc3a77a6bcc3ca90ee4c3f026ffa5eb1bac4e00eed6b1c3f7c4b6bb62ea7a66b,896286,207343.0,801.0,0.003863,13,1,1446
2025-05-11 17:27:36,e0dad0bf5dcac265c780a9e5304f3e29b4b3a79e4df4d3eb0da2a18e9411466b,896286,7736.0,160.0,0.020683,2,1,260
2025-05-11 17:27:36,a595293d6e1d73c10e747915eab8fd9c7ff345c0c7afb62ea8d76f002ff9436b,896286,11800.0,164.0,0.013898,1,2,245
2025-05-11 17:27:36,023b918068648b2d71d4028be77fff66a3115af9155b24e526e9cc81309d406b,896286,3422.0,122.0,0.035652,1,1,203
2025-05-11 17:27:36,78caf8021b608568d1c9fb27e8dd15db62324580aacfe63091668939ee8d326b,896286,330.0,151.0,0.457576,1,1,319
2025-05-11 17:27:36,27f2adf6c907565614faf8e738ab08cc7698fc82b3d3b3185ba9f8d5f822186b,896286,713955.0,154.0,0.000216,1,2,205
2025-05-11 17:27:36,afb82417ffd11cdd1b1286b8d25fd8c581b9037a6a49567a122e4ac9ece6c86a,896286,351.0,129.0,0.367521,1,1,268
2025-05-11 17:27:36,1277ff0a44629ef16da70fd003df248daf3dbb3353c3e500507d4094dc7ec56a,896286,7337.0,293.0,0.039935,3,3,443
2025-05-11 17:27:36,08237f0788729f7c9cef97597116ae2e23442fa6cd520a4d40dee821d6b5c46a,896286,330.0,151.0,0.457576,1,1,319
2025-05-11 17:27:36,fe152b023b5321e3a69377a6fb0d76d7c3a795ad5841b89b5a54b92c0060a56a,896286,236556.0,212.0,0.000896,2,2,312
2025-05-11 17:27:36,adb74806d3dfd8e29455eed342bc3465545d75c4821bdf431678156ce075c7eb,896286,236768.0,212.0,0.000895,2,2,312
2025-05-11 17:27:36,c1ce7757139c05e793faf8a9e73975e1fc8c29837411144493032a76fb2200ce,896286,236980.0,212.0,0.000895,2,2,312
2025-05-11 17:27:36,e8c0fcb20ab0e3811a4cf05a4cc2ade281f610d6ff70e3a88b8d0f0a5c9ae1a7,896286,237192.0,212.0,0.000894,2,2,312
2025-05-11 17:27:36,e02c7f2f896dda42ea628f546e8cff610e59f7ee4b08aeed4ac6854e73677f6a,896286,330.0,139.0,0.421212,1,1,307
2025-05-11 17:27:36,321a657057830ce440c945eeb4a688959e7d7b05af4267b35e6d788e59ae686a,896286,90603.0,142.0,0.001567,1,2,223
2025-05-11 17:27:36,7722960d608738ff4f0366cc2e6651b315e65fda2c514fc59cf0b3faebcd5a6a,896286,330.0,139.0,0.421212,1,1,307
2025-05-11 17:27:36,31baa63259a53ff60ee020283fd81b16396cc6b64ecaddb5ecfd3534428b356a,896286,330.0,151.0,0.457576,1,1,319
2025-05-11 17:27:36,a3114c0111a8657c17266a3217ca22ff9d10c6b05916a509addb29e91bde2f6a,896286,351.0,128.0,0.364672,1,1,266
2025-05-11 22:58:45,6b8d7b056ef84511174e1827b9e40cd03ceaab954be35b170e95d7863b64216f,896321,1389571986.0,282.0,0.0,1,2,222
2025-05-11 22:58:45,e3e165acb3bb81e8440c7c301e5577b3d8e70530c3b2b0fd5d98969d0041016f,896321,45699247.0,306.0,7e-06,1,2,234
2025-05-11 22:58:45,3c402b709f8258be1c0a5b1479633904e5558e139363160a4d20f04af19fbd6d,896321,325123378.0,282.0,1e-06,1,2,222
2025-05-11 22:58:45,c4246f98d9a28452a93b252edc8bf2ef94ba6ea2d3daeccc75240e96f179776c,896321,325222660.0,284.0,1e-06,1,2,223
2025-05-11 22:58:45,5f4618ed790f3d8de88b4ba7f2b8c667462a885d5e4a379e9b40cd242952f46b,896321,455658.0,284.0,0.000623,1,2,193
2025-05-11 22:58:45,092872cc6d46a139b8dac0d1e4d1aac10fbf0f1ac7e736bd8b3c7e3ecda96a6b,896321,145443.0,306.0,0.002104,1,2,234
2025-05-11 22:58:45,347a91af62fa0f70543d34e954a6255fbbc9053ae73580ee3edc5c02ee6cff6a,896321,16406977.0,306.0,1.9e-05,1,2,234
2025-05-11 22:58:45,a1f566e9f75d1b74cf6ab3b097e5fe2321623b91e57a3763debb9b91b6a8d66a,896321,1468518943.0,1104.0,1e-06,1,15,633
2025-05-11 22:58:45,aa87fa2aef866c4bb701d8d7ba864bae17d321d53ee0f6cda9f70d6af1c4a668,896321,31610.0,434.0,0.01373,1,3,298
2025-05-11 22:58:45,dfff4a56a152da71c7d9b61b3fa4dcf47c140d644a115699dd256d2fbde7d967,896321,4733.0,220.0,0.046482,1,1,192
2025-05-11 22:58:45,5903fe926bcb4474c6980156679d9633963980c508832005fdeffe4f2eae4c67,896321,12559718.0,282.0,2.2e-05,1,2,222
2025-05-11 22:58:45,4acbd1ac8c72618a7f29a925c2ffb3d9115da12c96f812828d7f1963b74e8364,896321,31613.0,434.0,0.013729,1,3,298
2025-05-11 22:58:45,e5f08f1f0e42bb00e63bc2856848ed10fbc020bd8b3d10441efed809bb442664,896321,88990.0,376.0,0.004225,2,2,288
2025-05-11 22:58:45,c0190cab21e0a43f3f48fe4a1e81145e557eaeeaf50b4c0807d9b6a50156a163,896321,16432.0,282.0,0.017162,1,2,222
2025-05-11 22:58:45,b489dbec5286e11f0964ebce1642e62d3cd1047c31a68079980845e16ae71e63,896321,9999712.0,288.0,2.9e-05,1,2,226
2025-05-11 22:58:45,41b35b46d53069f15e14a18e3273d39f32b9b3cc8e735a42aed80c5c173b5162,896321,4172277.0,284.0,6.8e-05,1,2,224
2025-05-11 22:58:45,8aa650ffc2647764f9e6ab5d9cbdd9e67cd524c4d79bfb30e6f664dad9ddbc61,896321,5103481711.0,282.0,0.0,1,2,222
2025-05-11 22:58:45,edc0733d1544822b93ad0b02423fa73f6d7eac117fb820f35ac13bb8e871b260,896321,2893624.0,524.0,0.000181,2,4,363
2025-05-11 22:58:45,082953c5cd187c583223300a407749f0659e44a61b8dda4a9e350df57e2ae85f,896321,109982.0,420.0,0.003819,2,2,372
2025-05-11 22:58:45,bd445fffbc972b488b92ce6aed5bcd91b0edd513c3d3565e9ca4ee30f8b2c55f,896321,31613.0,434.0,0.013729,1,3,298
2025-05-11 22:58:45,0eab1d932c5077a36b4a91ecdc257905ccff3f5a10ab17a0a929c111a885325f,896321,218845.0,446.0,0.002038,1,2,223
2025-05-11 22:58:45,90037c1adfeb30816fa16e0cb3034f9fac3f46b43312b667473be02e5031d85e,896321,35395.0,446.0,0.012601,1,2,223
2025-05-11 22:58:45,b2315f68916a4ccd4ad48ef43412cd08b217f7bb8fb4cc4639b098046dea625c,896321,2216052.0,742.0,0.000335,2,2,371
2025-05-11 22:58:45,37c6fcafaab4733e4c2bcc8fe3b347bb1cb9a5ad0d68de81c36a1adb58302b5c,896321,501531.0,418.0,0.000833,2,2,371
2025-05-11 22:58:45,63dfddda4b7ee67a6a03624f1263cdf242a313e6b30b948ee031d7aba9ee0d5b,896321,258190.0,284.0,0.0011,1,2,193
2025-05-11 22:58:45,c03cc2c63074d2f95cc7c00cedcd7cc3b308cb030813f56316394d4f46cc7d5a,896321,25382498.0,220.0,9e-06,1,1,192
2025-05-11 22:58:45,999cfba61abf1d3b9f549461489cae6b3acff4a612b4f35aaf34a8ff6b836b5a,896321,204163.0,446.0,0.002185,1,2,223
2025-05-11 22:58:45,41010b42a49fc1bdb8786554730da31394957964b429df0993025029cb81de58,896321,3975198.0,220.0,5.5e-05,1,1,192
2025-05-11 22:58:45,631da18783c3b127514ee39e742c693e30c5cbf7a6afcd0dc440cf970d774a57,896321,1148311.0,282.0,0.000246,1,2,222
2025-05-11 22:58:45,1bf204e5efe3aca06356b5cf7d22e77da262d0dbc3925b306bab87bc7d5e5856,896321,2890858.0,958.0,0.000331,6,2,962
2025-05-11 22:58:45,0c4519eea7f0fa9e48451c063615aa9e44824529ba671f282dc0b2875411fc52,896321,287594.0,220.0,0.000765,1,1,191
2025-05-11 22:58:45,63211eaeb35bb1e77e2d5cc1c064169c96decd2abdd8208e9edff6f73f5cbf52,896321,14175.0,282.0,0.019894,1,2,223
2025-05-11 22:58:45,0affee693ac1a7cf9897bebf53e96903a3a7207e74050966ed5926cb5e230c51,896321,1301798156.0,1242.0,1e-06,1,17,703
2025-05-11 22:58:45,fbae4260d52f7f2843aeeb324d3ecb5957dea0d69d773129a8ccadf9487edf4e,896321,9839222.0,448.0,4.6e-05,1,2,224
2025-05-11 22:58:45,5c7c4f44f3c3b10c788605594d8de013c124afd0b0a8d1d94137bbfc4992e84c,896321,252016.0,552.0,0.00219,2,4,438
2025-05-11 22:58:45,e94868080bf1addbb02253d9e78ea7b5f22767cd05b9412f3ec06cfeb92ddb4c,896321,34236.0,220.0,0.006426,1,1,192
2025-05-11 22:58:45,9e761a53591d2a25a7ca793295f9b781e103dbbac80b58df907af023df433d4b,896321,369468.0,356.0,0.000964,2,1,341
2025-05-11 22:58:45,229fc2eb0218e68d61007d424bd77d534fc0e3dc2636657c4fe40af4c1410f4b,896321,59703.0,282.0,0.004723,1,2,223
2025-05-11 22:58:45,2b9c6ae943c736ef5f2a457ae3fed4abd778cccd17a587bd8daf6ce759f91f49,896321,106194.0,446.0,0.0042,1,2,223
2025-05-11 22:58:45,205f9bf59d856e42c5067582a47b2bc12df2d475933207b8342df7da0bb20249,896321,24437234.0,282.0,1.2e-05,1,2,222
2025-05-11 22:58:45,877cebf81ae06f00cae334c34a71bc8070dafa0e208e6ee364082abeea73f948,896321,286580.0,220.0,0.000768,1,1,191
2025-05-11 22:58:45,2fbae1545970f71dd12d0bc4af336925443b27271f4d7d6fc36c4da4fec6d847,896321,1958890.0,446.0,0.000228,1,2,223
2025-05-11 22:58:45,0588e0ebf62186ae5a7124ff4a8f70446b1678bb6603ab3294b4ab1aac7eb046,896321,59690.0,284.0,0.004758,1,2,223
2025-05-11 22:58:45,854981a3d31775d4368f636f14933e151dd3467593ba730b6531c7dbf0d24c44,896321,516053.0,226.0,0.000438,1,1,195
2025-05-11 22:58:45,fb1494ec1ae7902d07a5ec051336e1f7fa4d9e26abe1b5fbae5516dd26260544,896321,6964696.0,282.0,4e-05,1,2,222
2025-05-11 22:58:45,28653f994eecbc19d312ffcc1d85abfdd434a4de223053d61d17777fdc517c9c,896321,7372260.0,288.0,3.9e-05,1,2,225
2025-05-11 22:58:45,08d1387d769898129ad61b52760cf6b476fe98d0f4e0732fe631c0471bc38743,896321,128060.0,362.0,0.002827,2,1,344
2025-05-11 22:58:45,cbdc693347cfb5d7b9f429988797eeb185a532a3d73f769afb55cacc52f16043,896321,489355891.0,282.0,1e-06,1,2,222
2025-05-11 22:58:45,d6f042a8f5512965f8463b2cc2ec4cc7face4abbff133f3935436c7c95c457a7,896321,494355173.0,306.0,1e-06,1,2,234
2025-05-11 22:58:45,e6971ffb093972f6814f119055005ac83bdb7f0cf1e15865d8d206b90862f842,896321,31063.0,434.0,0.013972,1,3,298
2025-05-11 22:58:45,0fe55ca7aac2bb796c17f125db3f63b7b16cc67d0ee83da5a9d6b51f3b502440,896321,13198.0,198.0,0.015002,1,1,150
2025-05-11 22:58:45,ef5cec8e761b868fc6a597362bdb3167da194c66b2cb664feb3c6d51d700b23f,896321,61616.0,410.0,0.006654,1,3,286
2025-05-11 22:58:45,31e231e217ce24b4f9713abbb56d14db8c979342b2dc73b97bc5605984e1453f,896321,129985967.0,220.0,2e-06,1,1,191
2025-05-11 22:58:45,0923512eef5061ab3e2349479fdadb795ea6f81ab9143f1d3567cd26c7b0c53d,896321,384340.0,220.0,0.000572,1,1,191
2025-05-11 22:58:45,189da4412d54953d155723cbdf00031f2ff0ac15d3fae1974366dc52b27c153d,896321,62380.0,410.0,0.006573,1,3,286
2025-05-11 22:58:45,abbd45159618930cc11d54edf5c1e06a0666de8b0e3cdfd4fa0fc56db7a4e536,896321,67014.0,306.0,0.004566,1,2,235
2025-05-11 22:58:45,1a99f66a9f2111ec474fe894855a2619426c1d36312c9398d6d24fc63df3c336,896321,61616.0,410.0,0.006654,1,3,286
2025-05-11 22:58:45,014c39054c977219e87c7a4d6292dc4cf55b50bf92cd8c9f8de8f2e119afb936,896321,170680.0,420.0,0.002461,1,4,292
2025-05-11 22:58:45,654319ffbb745438487187e6c32ac0210cbbe9641927067ca7b60b060cb98f35,896321,80267.0,282.0,0.003513,1,2,222
2025-05-11 22:58:45,b2ecce58e0fd11e662df3a8db8a510ce3663e17cb236f8ebbf3263d20a886a35,896321,458099.0,282.0,0.000616,1,2,222
2025-05-11 22:58:45,2ef93e557de26e2c4eb6b031ece2b3b70b43e465b2484677526ab2b6441e5333,896321,172650.0,282.0,0.001633,1,2,222
2025-05-11 22:58:45,7b962ef3be1475c931b11c4fcd139c104b31546577c9afe8aa84b8c1c00ed032,896321,249126.0,284.0,0.00114,1,2,223
2025-05-11 22:58:45,472850bf40cf73713b64c30a309882d978ab7752e3e9be7dc05b411bb4e58832,896321,145403.0,306.0,0.002104,1,2,234
2025-05-11 22:58:45,3a6686f112e74f3a2b27e359e8495fa162ae65c202b7ff18d9697b91518f5332,896321,36534.0,434.0,0.011879,1,3,298
2025-05-11 22:58:45,36da85b47a23a1c4f686feab0c61459c47a7182b67045e93ab7547a1660baa30,896321,921295.0,282.0,0.000306,1,2,223
2025-05-11 22:58:45,eb592335fa3f79316346e39757f4750e50d213c4c6945231c3547db6a69dd22f,896321,35999.0,434.0,0.012056,1,3,298
2025-05-11 22:58:45,0f3e959cc2d428fbf83807c9ee16c9cf2b8e5c12d7a68c33a7ce76ed61d9cf2f,896321,31280.0,434.0,0.013875,1,3,298
2025-05-11 22:58:45,0b6dd3f3b577ad27704dfabe60a56900742bbe8fc712cfdf65841b814d9e682f,896321,272179.0,418.0,0.001536,2,2,371
2025-05-11 22:58:45,29532b51309fb185d67b684ccaf242ca642ee6df4bb383846739825e1909af2e,896321,99876.0,418.0,0.004185,2,2,371
2025-05-11 22:58:45,c2226579c7849dc3d58b61adbbac5dd7413e47c574fca679d746845f2026e22d,896321,15929749.0,282.0,1.8e-05,1,2,222
2025-05-11 22:58:45,5236dff831cc0d4618794e1a273f7523c251882426fbc5b77c8b05156169732c,896321,31610.0,434.0,0.01373,1,3,298
2025-05-11 22:58:45,14de0579ec3ddc5108697ace55f1ad3365717d718c96ab1c7e1663e9e53fc22b,896321,197072.0,282.0,0.001431,1,2,222
2025-05-11 22:58:45,9cc484b9fa21f151377d5b18fe82f581a334dddb48d26106d98e2d26731f322a,896321,20852.0,222.0,0.010646,1,1,192
2025-05-11 22:58:45,8e27b159fddc4642cf7572835c4ceefa71d8d4feb59729e6258a679bb0219428,896321,36408.0,434.0,0.01192,1,3,298
2025-05-11 22:58:45,fa3d528e710614141f0a5f1ed8a78e28d2ffcc6875c5b958ee007fc91ef52c28,896321,16294.0,282.0,0.017307,1,2,222
2025-05-11 22:58:45,5292223c4ec7a87e0d5341c28232df71822e2d6665bdc40e4c8d07e2ee281728,896321,76173.0,288.0,0.003781,1,2,226
2025-05-11 22:58:45,fd85f39e2f67794bb75045377cb0f62b07ccde5452eaf9dc9b5d50dca9b74b27,896321,120957.0,424.0,0.003505,2,2,374
2025-05-11 22:58:45,e1f7c3910199205626a0320f96edac9c5e6e027b9777f0912f7765f0b4f1dd25,896321,224378.0,282.0,0.001257,1,2,222
2025-05-11 22:58:45,24ab5f764117d797f8c71d22be86fd9b9a4849f735d2ce8acf154aac4dbe8722,896321,24046.0,222.0,0.009232,1,1,193
2025-05-11 22:58:45,9e2c55248c8594d7515e5fd9467b3067fe558d81ec9dd6989b1b927b79df2922,896321,73596.0,284.0,0.003859,1,2,193
2025-05-11 22:58:45,9f31147b970282a163b47d5b2b140eee54e548c3475b7fbb07f3db810304dd20,896321,330.0,1220.0,3.69697,1,1,2158
2025-05-11 22:58:45,eea79f1b78b25182fd3eaa31098345dcc731900cdf78429e5615f9fed6a02520,896321,169797.0,288.0,0.001696,1,2,226
2025-05-11 22:58:45,77c99d16103c8d2b8153fe36264b214f7efcc3fa3fc93dd852e7fc1d5325c81f,896321,79468.0,284.0,0.003574,1,2,193
2025-05-11 22:58:45,c6af8b36b6e97a60041f96f42d13194b70f67efb1dce13108efe710712f8251f,896321,89855.0,552.0,0.006143,3,2,518
2025-05-11 22:58:45,58e7153f933f729298a52ad6e607641348a297effdbb2008512633b23b94951e,896321,56304.0,284.0,0.005044,1,2,193
2025-05-11 22:58:45,6afc9a537e27fef63567feb3ec224505e100f6570bc6bc46664922cd73db221e,896321,209032.0,282.0,0.001349,1,2,222
2025-05-11 22:58:45,e2c58b38b2a05e4f75573efa3522a4311d7c2be339aa43dfc6b60e869948451d,896321,35999.0,434.0,0.012056,1,3,298
2025-05-11 22:58:45,4f08084a48fa09ed041001949c9c9d61566919e6ab4764347e9702fbb1d50a1d,896321,31610.0,434.0,0.01373,1,3,298
2025-05-11 22:58:45,be2da89ecb69e2f672ba4d767c1fb3f4d8acf50be8338b2bef7952f9b8f4721c,896321,107531.0,380.0,0.003534,1,1,190
2025-05-11 22:58:45,8fa1e543d011f343da7d931284b512027bed92ea0399fe3070123cbd55ea971b,896321,3385.0,736.0,0.21743,2,2,300
2025-05-11 22:58:45,dca35743c45c83a98df067a7ef2727d6d32208f6c81b753db43a119cf05d1c27,896321,285003.0,240.0,0.000842,2,2,301
2025-05-11 22:58:45,1651491ff7709fd9d7a592931c520ce75119c58ed6315eeb1cf982353a49655c,896321,3573809.0,264.0,7.4e-05,1,3,302
2025-05-11 22:58:45,1dda2bd6f300dd34dffb876f8daee481b3f3e3b15dd16504990d383bce1a911a,896321,2428404.0,420.0,0.000173,2,2,373
2025-05-11 22:58:45,f11c407ff65234490d5d28c9e03a98dbcf841805c996f8fa1ac731507b246118,896321,382291.0,416.0,0.001088,2,2,370
2025-05-11 22:58:45,dd75be3c5822288331953e121af1961003f87207afea99160a8bd66841096f17,896321,44501.0,220.0,0.004944,1,1,192
2025-05-11 22:58:45,6c484407ee38812e1f6a74305a4856f29ecd4d6d9b973eacc5795bbbe3ed4a16,896321,2885896.0,284.0,9.8e-05,1,2,223
2025-05-11 22:58:45,633d8230084e8628a4b15225dff9da634929ba0a58f9701184c6974db2e0c315,896321,10415072.0,284.0,2.7e-05,1,2,193
2025-05-11 22:58:45,8bde4c3bdc251fe5482e5cbecae0c8472bdf328a20e07af44de94fea7faf5915,896321,36534.0,434.0,0.011879,1,3,298
2025-05-11 22:58:45,c5836f3729d7b7a803fc363e4aa80867b8d9316b7fc7bf1071acc610dabef711,896321,22254.0,306.0,0.01375,1,2,234
2025-05-11 22:58:45,231e4422d2ca7fce9f62d192efd3042c0efa7490b60303c12c8ed8b4f7fccb10,896321,31613.0,434.0,0.013729,1,3,298
2025-05-13 04:23:38,31c3255eeb0c1e55f087485fc9fd25c0a4f247172dafdc8b8c164b9f056a9339,896497,289525.0,154.0,0.000532,1,2,205
2025-05-13 04:23:38,a127d2a7d7fdb7567299502d89339a6d8bb24d278220a1e60bc87b781d678c39,896497,546.0,153.0,0.28022,1,1,327
2025-05-13 04:23:38,8cc9d2b1ed226a576329fa8050cb9830fb66fa6a7be83844a5b2dc00ef37d438,896497,1311.0,99.0,0.075515,1,1,150
2025-05-13 04:23:38,5ec28c3e208047751ebeab85ebdb7a90928fb3c760a975a345081618ec5b0537,896497,1679242.0,100.0,6e-05,1,1,151
2025-05-13 04:23:38,a230efb3866bcd4e10c3c6e7631d3dbeccb5faf67902b25898add2a1ae3ffc36,896497,570893.0,169.0,0.000296,2,1,269
2025-05-13 04:23:38,f610382acb51417c27e44f99466e2b5c8fd2fb6634bb6bdeb2f9d67bbb12d935,896497,330.0,152.0,0.460606,1,1,324
2025-05-13 04:23:38,5d47f6c2ecaa9679ec750059181e8962697988544e2f48ec2c3adeb2fec0c434,896497,563785.0,169.0,0.0003,2,1,269
2025-05-13 04:23:38,651d7a9d742fc2f8f3a397a2e904ec8a06f453d8cd324b892a65071db9bcb234,896497,16411.0,111.0,0.006764,1,1,193
2025-05-13 04:23:38,3674e608db69588d3bdb66f6c4105de07ff53969fc1bfe68df8abcdc7a6b8734,896497,314695.0,99.0,0.000315,1,1,150
2025-05-13 04:23:38,192875b4f6230ce4e20c4e85d443f7e1f3cce31f2cb3fb343c93e01923501d34,896497,9180.0,154.0,0.016776,1,2,205
2025-05-13 04:23:38,0bcef457d9266b6ef1c9da467f627a9ef04bd15fa90fe9d7a7f51033e2eafe33,896497,129195.0,805.0,0.006231,1,4,451
2025-05-13 04:23:38,826eefbf7dc1cce1a7c2650372f2ca1b0940700e0576e4b0ec944e8c5e57fb33,896497,330.0,152.0,0.460606,1,1,323
2025-05-13 04:23:38,f38f063467834f356ddc8e7e637528ce19b60b64fd83b6cc15fdb77da03e9433,896497,213292.0,142.0,0.000666,1,2,193
2025-05-13 04:23:38,ad73db188f7ac93871bec0381fe90a9e3a4d2f33c3ab98cd2eb8d49a81e06132,896497,546.0,154.0,0.282051,1,1,331
2025-05-13 04:23:38,70b3c122422da5ea6f06e77dd31ae514ad59dafdfe1e371ad8ad55cddc95d96b,896497,25701.0,154.0,0.005992,1,2,205
2025-05-13 04:23:38,db13c45db2fd49155f65ac378b769e5854a0d6f17e5e40e59325896610ad5032,896497,224855.0,145.0,0.000645,1,2,196
2025-05-13 04:23:38,eac01b543b96e1fda4364fad286a357d9ef03257e609c21fc5e031dfc5f52632,896497,173471.0,141.0,0.000813,1,2,222
2025-05-13 04:23:38,a4c7e7a41215dda1163900f0f6f0dcaeb6b48f42bfb386ef342b270d9e230932,896497,2874.0,141.0,0.049061,1,2,222
2025-05-13 04:23:38,daa66be51c37701e303540b04fa147722fed88ec1e4de27b4c0bd297a07ffd31,896497,330.0,152.0,0.460606,1,1,323
2025-05-13 04:23:38,2c71e21d907fb38c6cc19cb9ffa252e821b95fed6c128b17d3e0dca006c2da31,896497,56390.0,805.0,0.014276,1,4,451
2025-05-13 04:23:38,0a882cbe8a4e97637b6aebdeaaee8985cd0c6d6ea9bb2cb771cd86df36bc2631,896497,546.0,154.0,0.282051,1,1,331
2025-05-13 04:23:38,66c80d6a30a4aedda2b3f7dc2f7fe7332dcb57f7fb7c21c16fa3d33cbba165ba,896497,16632.0,154.0,0.009259,1,2,205
2025-05-13 04:23:38,f15232ddb7de93783d8b6a6226eff9534f268f18603a83c6552150e71999dc30,896497,772695.0,269.0,0.000348,3,2,419
2025-05-13 04:23:38,c7e6b48a4fa8afce7d5817acbba5f77ec3bee9f3ce817327896a8dbd53eca130,896497,551053.0,212.0,0.000385,2,2,374
2025-05-13 04:23:38,a7f3f3fab47f7e81a3c50fac94faf0d6614d41afb7cca3124a70215db83e9530,896497,9946.0,154.0,0.015484,1,2,205
2025-05-13 04:23:38,9e6f47c0605835e9f97b24bfb117cd21622215f78695fd009884f77e6f039130,896497,1092.0,447.0,0.409341,1,3,1237
2025-05-13 04:23:38,c9136491b9f7ea90feb20799b0033d37871685cc25cd19a6b44c498b8e2b5e30,896497,330.0,152.0,0.460606,1,1,323
2025-05-13 04:23:38,6281b6ef120f657a6a1b1949c77880d376c631d0fc99e31f76417cf14bf61230,896497,546.0,153.0,0.28022,1,1,330
2025-05-13 04:23:38,cf309bc972d42be4ad6428eb419c72b68d7019da87abf6afe00236e8007700d8,896497,10387.0,154.0,0.014826,1,2,205
2025-05-13 04:23:38,21ca4dc743b51df3a1ebbb775939148a4636a056222ddd532205f7f1e947732f,896497,65028395.0,141.0,2e-06,1,2,222
2025-05-13 04:23:38,6fd738e7b3c5ed89db887d420332444db85d6e8cfef55ab37a198690e58c262f,896497,10498.0,177.0,0.01686,1,2,259
2025-05-13 04:23:38,939cbe54233af0d73c0d8737cc1ff8047bf85492d0ae5e2b9db2bf2cb63a122f,896497,1082446.0,278.0,0.000257,3,2,521
2025-05-13 04:23:38,20f3411946d0cc8d60b5ea149553d169720dcd84dafb1952c7c4ca459d12ee2e,896497,233620.0,1020.0,0.004366,17,1,1863
2025-05-13 04:23:38,29187f0a7f1714fbfefe21e8d9c4f8c41f44b36ee688d298510c34b95cb9c92e,896497,111671.0,154.0,0.001379,1,2,205
2025-05-13 04:23:38,9e1c5f3cc36162517c844345930f51277786d5bde04ccf1342b80980ae6ec52e,896497,95981.0,102.0,0.001063,1,1,153
2025-05-13 04:23:38,43ae1af0945f4e6c3c1ab3e7977862c916736411fd4aabcfd4b70a7fa51c622e,896497,330.0,152.0,0.460606,1,1,323
2025-05-13 04:23:38,e46f0e5dbd20b6323fad566f08f3aacc575771fcb43d6e92d73f1e5d838d612e,896497,1091076.0,153.0,0.00014,1,2,235
2025-05-13 04:23:38,c9693f015e03786d962e70675f84a6b6baf1935325d15a59f6b605d6c4c53d2e,896497,182451.0,154.0,0.000844,1,2,205
2025-05-13 04:23:38,56620dec1ecc79c64dd21eb0fa292bfdb5bb31fd74165977ce03454161f43b2e,896497,3692.0,154.0,0.041712,1,2,205
2025-05-13 04:23:38,d0e8c6e8aa4686a3e4d4e73eb011c3803e4a6f66400ee33289ac300e49e6d42d,896497,546.0,152.0,0.278388,1,1,324
2025-05-13 04:23:38,d366def8202800df7e55dacba193f592fc03f49faf7245bf51f237d96146d655,896497,29630.0,154.0,0.005197,1,2,205
2025-05-13 04:23:38,92ec232fc2dd0e928d48a9c20e165be25c9bbf2c24c6eb538c48d91ab41cd22d,896497,546.0,152.0,0.278388,1,1,324
2025-05-13 04:23:38,72ced20aa3038233314c4085ca3f0873cdecf973ad9ff5c8a2e841e37bf8bf2d,896497,1073924.0,209.0,0.000195,2,2,372
2025-05-13 04:23:38,04ce18b54b96aeb5a1d0d8314e3d13641addef195204b124344d5485238b872d,896497,330.0,152.0,0.460606,1,1,323
2025-05-13 04:23:38,9ee3d4996062eaa0c48d17cca41e0e01b4773d3705c2194e4cc782f0da70072d,896497,546.0,152.0,0.278388,1,1,324
2025-05-13 04:23:38,10002070c0b44bb01b097d5973ec9c118748df404dbc63adc8d8278ccf58c370,896497,686066.0,154.0,0.000224,1,2,205
2025-05-13 04:23:38,1f3c01fe92d69f6bb0bf6d9f22e84b572ea2ec80cafd7bcd27c98627d962df2c,896497,546.0,152.0,0.278388,1,1,324
2025-05-13 04:23:38,48d8dbf2877c2856b757f3315b30d0a3121cc548e3714f9279c2cdcd559d112c,896497,28639.0,212.0,0.007402,2,2,312
2025-05-13 04:23:38,5a2018d41cdb5078377cf3ba3d56848863390b1c002f1ea527a0d7c187770b2c,896497,330.0,152.0,0.460606,1,1,323
2025-05-13 04:23:38,56f59e008e858a1968dd57414d5f1f70f1d8fdf5a34c15e59c88a62f548c752b,896497,92849.0,154.0,0.001659,1,2,205
2025-05-13 04:23:38,7b560f2a5021e1d93cf9fcff91910e9db201df491abafd64e2916f3b0425272b,896497,50201.0,143.0,0.002849,1,2,194
2025-05-13 04:23:38,967ece851c4c7d2cef9ecb9c212b851a933bc2eb328b2cfa0276dd52b2e8fe2a,896497,330.0,151.0,0.457576,1,1,320
2025-05-13 04:23:38,9b9c6ada952de7babfc2b7f90b902fa9a135c42f371750e4cc9d4179ea658e87,896497,56121.0,4411.0,0.078598,1,101,4462
2025-05-13 04:23:38,75680e341e19137f5d7c90faf9e2ab02eb02de535757412c7894b1fb3f29892a,896497,4810766.0,111.0,2.3e-05,1,1,193
2025-05-13 04:23:38,6955470ebf00eee305fe6c3069cd9539ba909dfca2d3e07e043ce9836db7862a,896497,546.0,152.0,0.278388,1,1,325
2025-05-13 04:23:38,06d8bbd36c7e026766e02387bf5efc1256e568c3b6b5c30ec79f267c25c52399,896497,32246.0,154.0,0.004776,1,2,205
2025-05-13 04:23:38,3791aed82c98110dd9645728c3795fef7614948865007cc942a29da15411792a,896497,330.0,152.0,0.460606,1,1,323
2025-05-13 04:23:38,b8b422a590afc327f8dcd324ec267a876180c1f51d1280a9399ba433e626e429,896497,45120.0,154.0,0.003413,1,2,205
2025-05-13 04:23:38,17cf5bd41cb915920032188db90301fab070d4763a9c4a7f0715f06a7bedd729,896497,50856539.0,141.0,3e-06,1,2,222
2025-05-13 04:23:38,91c2747207de9e96c54b6e629ce63283d7eb81f8d7789479c1c13e1f2aa3cb29,896497,21282779.0,168.0,8e-06,1,2,249
2025-05-13 04:23:38,f152c427fed681863b5ae0cdab7d2cf4d4fde1bc3d6275e0eb468b166d36aa29,896497,23882.0,113.0,0.004732,1,1,195
2025-05-13 04:23:38,508fc4fc67a4e212dbbe96e7183d9e970a7b38877e1f2d629370377ae7ae7129,896497,546.0,152.0,0.278388,1,1,325
2025-05-13 04:23:38,1d4916464890231d4b0d768b0bf8191da1dceda63b21b3154b37ea06b8e44c29,896497,1043.0,157.0,0.150527,2,1,257
2025-05-13 04:23:38,98cfc40f533f8ba4e8ad5eac0d93cf2a3f4a8a91d376126231e8f64f29380129,896497,1311520.0,399.0,0.000304,6,1,697
2025-05-13 04:23:38,e92174c5114d467cbd2ba60e7d31426248febdf1f67676393c0d4848caf7b728,896497,581272.0,154.0,0.000265,1,2,205
2025-05-13 04:23:38,6394021d6245aec2d64da1006354e5d600f42109c21247cf3813f07ce3aba528,896497,2694677.0,178.0,6.6e-05,2,1,341
2025-05-13 04:23:38,36ebd20e550d87e9431b18fcfc7489da3cd0d0ef27dd861d4ace55179a759328,896497,546.0,152.0,0.278388,1,1,324
2025-05-13 04:23:38,55a67a740b417af93cf5628cbac7fb18bf64f139b92f6fa43d6c0da14beb4c28,896497,20389.0,805.0,0.039482,1,4,451
2025-05-13 04:23:38,fbc1d902fdf67598d9c168601fde4e9ffadeccff0373382d0cdf4f5b05ea2228,896497,3351524.0,141.0,4.2e-05,1,2,222
2025-05-13 04:23:38,3912d6c903c0e4b5abcf0721541f9e899df46d590b16bf25757d6339b1800228,896497,11539.0,165.0,0.014299,1,2,247
2025-05-13 04:23:38,4f79f12f633e31f47b166793372c2649fb328492ef26bafb03fe5d161b2fd227,896497,30458.0,154.0,0.005056,1,2,205
2025-05-13 04:23:38,8b72d3da513884018d821cb3caf636f129da37841daf0887f861befe0d6cc627,896497,10054456.0,165.0,1.6e-05,1,2,246
2025-05-13 04:23:38,eca2f9d0573010ad617aaa5435f648ca88e01f7fe57db246afdba3d320fbb427,896497,4984.0,111.0,0.022271,1,1,162
2025-05-13 04:23:38,cc626d5238c224d665ac038a7dad2000ac784030f9183363989e82b490ce7e27,896497,24719.0,154.0,0.00623,1,2,205
2025-05-13 04:23:38,27b0d8f55a10373979f7b2e23bc2d3c79b5f609e952596978055fa47f60e6527,896497,330.0,152.0,0.460606,1,1,323
2025-05-13 04:23:38,15b816b4f41c11876e18ad4164e996ba2ab5e6744c4946376c0dd91660d44227,896497,168487.0,154.0,0.000914,1,2,205
2025-05-13 04:23:38,b7699d4230bbca5c1656e7a58a636bb4ab006f61aaaa3db0e4a93bd177173a27,896497,109858.0,142.0,0.001293,1,2,193
2025-05-13 04:23:38,8dd03ad4f76db6073e8fc40d63e0eb8da5521af48396335db0ced40888329926,896497,563496.0,169.0,0.0003,2,1,269
2025-05-13 04:23:38,6be84b1c21dd6814355fbe6539857f29fdc6109f1dcc8a816d57405feebb3026,896497,573176.0,341.0,0.000595,5,1,590
2025-05-13 04:23:38,c4d709fa3838adcc912e09e76fdf8f6ac60520042329e31b023f7a0aef5bb725,896497,8861.0,154.0,0.01738,1,2,205
2025-05-13 04:23:38,f0d565cb7e90b2bab12b087325b381f02187bfab31da8f3360fc25ad2df98825,896497,330.0,152.0,0.460606,1,1,323
2025-05-13 04:23:38,1abb82e04f42dcd56626365faa3c53a649dad040f807d43508dc123eefa46f25,896497,22566.0,154.0,0.006824,1,2,205
2025-05-13 04:23:38,a9b9ec45a0956f626f145f45503ad215a38b1d6289b7c452f5c861c527e85525,896497,546.0,152.0,0.278388,1,1,323
2025-05-13 04:23:38,9ee1253e039f66f0cf3c8c6d998a279ca13fa59bb489e44ee589c325147b1925,896497,330.0,152.0,0.460606,1,1,323
2025-05-13 04:23:38,85bc6c1a56c8f69422f3a7f9ac0a09ac1d716c8bb7a988cbc6c450b277010725,896497,19859.0,142.0,0.00715,1,2,193
2025-05-13 04:23:38,259f15a67395add1a8066dcc2eca606cf472ec2dfe7c0e645419f076b28f7e24,896497,330.0,152.0,0.460606,1,1,323
2025-05-13 04:23:38,944cabf5fc5c428042659afd40da4d47b3c47b34b6f99e4f7fcde86e6d1daf23,896497,539907.0,169.0,0.000313,2,1,269
2025-05-13 04:23:38,d4667f2fe2da9fe3676f1e085276495a01d0a7440fded71ca923917450ca6f23,896497,477195.0,160.0,0.000335,2,1,260
2025-05-13 04:23:38,883fafb0b06929fdc770388f8917319eb7f548358a3b652ff1e0b91f9a3a6f23,896497,5404372.0,277.0,5.1e-05,3,2,520
2025-05-13 04:23:38,ecf722854347bad2133bae067c2d12baed2d8c16be3847f229f1f673c5a76b23,896497,867253.0,102.0,0.000118,1,1,153
2025-05-13 04:23:38,32067b04612ffd58f80853ee33205bbdea2fddd92cb9cc528ad33a428fd26a23,896497,23174882.0,113.0,5e-06,1,1,195
2025-05-13 04:23:38,6f94b2e804e1077cd7c7fc8b49337287f6bcfaa80591d25ff5e0b0833f5d4123,896497,1719394.0,110.0,6.4e-05,1,1,191
2025-05-13 04:23:38,5231bb17c23af281095f8c0361b659034ca1801941779424696642cf84143523,896497,2928.0,272.0,0.092896,4,1,471
2025-05-13 04:23:38,cc5eda971e34b132c5eae0b6f54192cfb38e2bf2b1dc965ee26de2fd9560ca22,896497,978874.0,142.0,0.000145,1,2,193
2025-05-13 04:23:38,b571b6adc67110c7331ff180bdd88953886a7a8c138183bc7faf71035c247a22,896497,330.0,152.0,0.460606,1,1,323
2025-05-13 04:23:38,b597db6a40a26eaa6b5dc06feedf584d23d1fa7863f9009d4fb9e8aa1cb46a22,896497,540995.0,145.0,0.000268,1,2,196
2025-05-13 04:23:38,ba81f2ea44ed658768043615f8d03ba4c9b4c9d8c5a18fab307ae90baa853122,896497,639686132.0,2186.0,3e-06,17,33,3551
2025-05-13 04:23:38,c611b44f0c4abae0151dc85b0170148854768e092845c98ed4474d7aa0efd67a,896497,39521642.0,541.0,1.4e-05,6,4,1024
2025-05-13 04:23:38,d0f5c23f8e1b174ce9e990ec98e14417dafb59b502e17f34928f7d383d2df721,896497,546.0,152.0,0.278388,1,1,324
2025-05-13 04:23:38,a678818ee96e5979d94f2a96f4dbdb202ad967f3e7a3265c5f1ada76cd809a21,896497,546.0,154.0,0.282051,1,1,331
2025-05-14 17:09:36,fc8a999b5cdcf2f7d75ec4b5adfa0e034076332a7bae57278914793ba4d92b41,896699,51357.0,421.0,0.008198,1,2,223
2025-05-14 17:09:36,c872271ae8445b60623c08593ea1fdb45f0e1dc7e90bd5a8d33ac9f4a0506d26,896699,703536.0,421.0,0.000598,1,2,223
2025-05-14 17:09:36,58582ceeafdd2a8bdd93a6ace4423cc3caefd26ca5746ac77a31be2141eac37e,896699,5466251.0,424.0,7.8e-05,1,2,224
2025-05-14 17:09:36,60444d298d8e0d8b5a30342655290f18f6bda39ebf2382ebf56ef1856e4fca7a,896699,21208.0,430.0,0.020275,1,2,226
2025-05-14 17:09:36,5bb5ebe50ea2540b40cc107fc7f3f48894d375fa015a9d9cb3f01a2cd7e0171d,896699,1182971.0,430.0,0.000363,1,2,225
2025-05-14 17:09:36,bd61f276aa8c0e6ce44df3609acdebbf854963b0a2c642ef2ba49934ac5fe17f,896699,46515.0,598.0,0.012856,2,2,300
2025-05-14 17:09:36,9f4c9636e4e39f62efaf1c9e2661d198c113766130e18051604546e4245801e7,896699,1085802058.0,942.0,1e-06,3,1,558
2025-05-14 17:09:36,f072bcdf177fb4621cb91c76046d0c68f355aa4da5428782e093dfaf4ae15d8a,896699,88508.0,634.0,0.007163,2,2,374
2025-05-14 17:09:36,cdf4f0cb7c077abe4778149ef969f99e1917cca0bd88dd71e834cdfad9566acf,896699,15183.0,329.0,0.021669,1,1,191
2025-05-14 17:09:36,c11aa78545799a66dc2990579c56371828fb637aa4c035904ecd07ae9c63e6cd,896699,99711.0,329.0,0.0033,1,1,192
2025-05-14 17:09:36,728e60b4be6b4dab1432e6f6bb4547c2e0b457fc1e1ead76cff7e6c5b819e869,896699,385407.0,329.0,0.000854,1,1,191
2025-05-14 17:09:36,37ea903b6f00ea5ca5745eb95ca51b1cf2adb6790c8dd3b8e3842d745c6b1cb3,896699,2226.0,338.0,0.151842,1,1,195
2025-05-14 17:09:36,3d44635d36f3ca995b3f481b355b26d9d3bedc55a1814879e4d272de7a7ca778,896699,4662.0,338.0,0.072501,1,1,195
2025-05-14 17:09:36,5d8d7be9d7a311892c8f81fb3923b27ff2508e0551215c7689b6cfcfbe880df4,896699,232144818.0,8864.0,3.8e-05,43,1,6438
2025-05-14 17:09:36,7dfea062dbe1ccb341ea6943889758f1b722dd3c3bba3445930b145f5982391f,896699,121200.0,1200.0,0.009901,3,5,583
2025-05-14 17:09:36,97c0e90207557644183d5fef34109d5a808c1b0c467d5bc6fd902a6bdf88f08c,896699,36929.0,422.0,0.011427,1,2,222
2025-05-14 17:09:36,16730b0296f269df0886e29b647f7e4f44327db0e24cdc26ddbd957450c4b510,896699,3476561.0,425.0,0.000122,1,2,224
2025-05-14 17:09:36,417b2b0f931bed523915724ca036a424a69eaf915ada7de3e7fe801906d86940,896699,169008.0,470.0,0.002781,2,1,257
2025-05-14 17:09:36,9950c9b113911a930db1258b3de68c56c85d79b7ca3d1ad56731753695ded1e5,896699,254867.0,497.0,0.00195,1,2,247
2025-05-14 17:09:36,cba85e9ba0441f3fb87d7513b55805a00f11a48647a3beb673e5d2d39d9c30a1,896699,113635.0,599.0,0.005271,2,2,300
2025-05-14 17:09:36,6330ad5a762abf874ecd9cd70143d0017afa143948503a06e06fc8916bf942b9,896699,1502284.0,626.0,0.000417,2,2,371
2025-05-14 17:09:36,c05a0abc7219c5000fc35de9c2e8b9f543bb4e2084bd0bb4e087a47793e5668f,896699,53836.0,635.0,0.011795,2,2,312
2025-05-14 17:09:36,10c8b2c3b22af07a0bc42aee18d4dcee522a1bcf91d979ad24473d3eb388e977,896699,55176.0,635.0,0.011509,2,2,312
2025-05-14 17:09:36,541b005f139ad62a4e050b48ad9fc760e82f4f88cee276fbb14a51dcf8c62d0e,896699,51987.0,635.0,0.012215,2,2,312
2025-05-14 17:09:36,9ca3fc50d5f4ba5f6bb918289865868ed318df2458757b172732653e1f2e4367,896699,84162.0,2160.0,0.025665,10,1,1530
2025-05-14 17:09:36,91aaedf79fa02df6070e34f894f96bcb281211d788c0d1692e87b61281d762a8,896699,202192.0,1298.0,0.00642,6,2,731
2025-05-14 17:09:36,da966f10d5cdd01218c8dcfa3d2591137b074b2723efce0447b45182619571ff,896699,2154473.0,426.0,0.000198,1,2,223
2025-05-14 17:09:36,37a35cc46accda129df6155609787f2e3ed8af6a2bee85c2ac5a04dbf1746dfe,896699,146498.0,426.0,0.002908,1,2,193
2025-05-14 17:09:36,1fac74bd879e5c0131d5b794e39746d4c9275908832808d590b9f76c64394ffe,896699,95305.0,423.0,0.004438,1,2,222
2025-05-14 17:09:36,afc0718822855e6a716ddc6200846cd4d8cb519f15d55949ebb31b54ea9a01fc,896699,9746682.0,423.0,4.3e-05,1,2,222
2025-05-14 17:09:36,c1735214056f3e39335e1e6734243d30bc2d46403845c660368ed194c7259dfb,896699,1350483.0,699.0,0.000518,1,3,284
2025-05-14 17:09:36,c6474cd4066c44140c5fc0370b90a84d70ad9e34f1d17acd43cdc42b757a19fa,896699,88715.0,1113.0,0.012546,2,2,371
2025-05-14 17:09:36,3319948114075609f273d08d144096920991e6dbea2b64701d781a9078e099f9,896699,330.0,462.0,1.4,1,1,334
2025-05-14 17:09:36,18fa8378bd690bd4cc9f32574f933100a3ea70d34bb11e47e964aa477c8da5f8,896699,4857601.0,423.0,8.7e-05,1,2,223
2025-05-14 17:09:36,f9175f572a9953327911e03cfae4bdd8b21b44568ea93020d92897313ec90bf8,896699,219413588.0,423.0,2e-06,1,2,222
2025-05-14 17:09:36,94d040e2807d93b1e4730b19f702ccfaf4ff89ffd2cd3d5ef4f11dbd8a88e1f5,896699,3209827.0,537.0,0.000167,2,1,342
2025-05-14 17:09:36,0c8321e9fc9ad8caea0d0d665e718d7894b853f01c74ab61d601be7d3d1439f3,896699,795861.0,630.0,0.000792,2,2,372
2025-05-14 17:09:36,a29968b9df5f10c4588ecd858663888a0bad1adbf7c8203692bf6beba153cff2,896699,344301.0,423.0,0.001229,1,2,223
2025-05-14 17:09:36,016504a4b1f83557c3e82528014b19f5efd9708283d233dd18ca5048137e45f2,896699,83902.0,636.0,0.00758,2,2,312
2025-05-14 17:09:36,830ec81f679203cc6a8ad4a17c7c4cd7e0a31d4848f33d845d04768fb63cc9ef,896699,15402.0,330.0,0.021426,1,1,191
2025-05-14 17:09:36,785a0da7b865b64e55c42d01dc86df7f5cf83ac767e6f24c46a1171fc75e66ef,896699,8336113.0,423.0,5.1e-05,1,2,222
2025-05-14 17:09:36,f5609d2ba37e04db2006c52e9cafbd06d618b26cb190599c4905504b1d74cfed,896699,1149073.0,432.0,0.000376,1,2,225
2025-05-14 17:09:36,e397f7cb32e00fa495e468d49f1b1bd7d7c46d1b7eb618e10a9956ba10a995ed,896699,307957.0,423.0,0.001374,1,2,222
2025-05-14 17:09:36,7d6eaf302a9defbe18cea97b653d73b9a1b95115ee8a41c6a2e361aa6e3925ed,896699,645309.0,330.0,0.000511,1,1,191
2025-05-14 17:09:36,93c69a508f095775f6cf5e168f1cf10e3bd2a44ea28ce4076bf2fdf010ca34ea,896699,198576418.0,432.0,2e-06,1,2,225
2025-05-14 17:09:36,48f89b48ac81f02bd68ef6a16980004b39b7f8d1bbdffeaaa6f36e97d108e8e8,896699,330866770.0,2472.0,7e-06,1,2,222
2025-05-14 17:09:36,66ef7eac1bfc0eed2026154525ccb2836f0fd1b54b625f9411331184e822d257,896699,330869242.0,4986.0,1.5e-05,34,1,5074
2025-05-14 17:09:36,1c5954cdd5e499185b1c7421d8cef36caeacb6f0bea245095c0461c94978a8e8,896699,546.0,462.0,0.846154,1,1,331
2025-05-14 17:09:36,24fa667951652f40a7d59cd8b466e14618133187d996e81303bec34fb791cde5,896699,184375.0,423.0,0.002294,1,2,223
2025-05-14 17:09:36,603296050d2115b5bc32f89b9d11398ef6293f1dbd41fe4ca3e8f140609e57e2,896699,47304490.0,423.0,9e-06,1,2,222
2025-05-14 17:09:36,86a170bfec79faa0cfa3a761022f009eb6f564aea5f796ee9bc1d5a58899d3df,896699,47955.0,333.0,0.006944,1,1,192
2025-05-14 17:09:36,e9a4d829061fad8f96d6299364d0497304f80790955603546b7534055683cfdf,896699,2557011.0,426.0,0.000167,1,2,193
2025-05-14 17:09:36,1484f8663d71b6441b8f5c8a2e22c061943bed63a941962465d750eaeec1a5df,896699,48012190.0,432.0,9e-06,1,2,226
2025-05-14 17:09:36,8c4eb6e6924dc137c1aceeac945cdbdd1fe3a0625c78e7c927918aa1edbd68df,896699,190454.0,2415.0,0.01268,1,4,451
2025-05-14 17:09:36,a3bb7b33b072b05f02f285ad81c7c55200d36b61eecfd967817d83b5a902dcde,896699,5119772.0,531.0,0.000104,1,2,259
2025-05-14 17:09:36,c0debc63a505e9909157d785ae1a06ea9a549ec74e8784cc9d5791efb36c92de,896699,71973.0,627.0,0.008712,2,2,372
2025-05-14 17:09:36,1ef4f755997a815ec5c6a04a4bdbbbbb731fb7685d8c9f4d14937453005af5db,896699,14570653.0,426.0,2.9e-05,1,2,223
2025-05-14 17:09:36,96668a0a4f20410e7afcbdd981bfaf92384b60ad698f908c38a83717b2cb84da,896699,208881.0,426.0,0.002039,1,2,223
2025-05-14 17:09:36,163237d994a8bcf39543a2499b9ed862b0d8fb57ab650bd290e6601c960ec5d8,896699,546.0,462.0,0.846154,1,1,333
2025-05-14 17:09:36,a873d17284995f94ca189577187d008b76b47609f11c89f5ca360f21be858dd6,896699,62228.0,300.0,0.004821,1,1,151
2025-05-14 17:09:36,df3013f5e5d927a95bfad4f9d66a556b0c9a34605d063f0e6cc199e75fa4f0d5,896699,375703.0,297.0,0.000791,1,1,150
2025-05-14 17:09:36,0a8ae8271fd89b7051cf8628d0bef3b483012b7c2eaca8073facd06fefc743d4,896699,546.0,462.0,0.846154,1,1,333
2025-05-14 17:09:36,0099dbca369b9dcdd37247f6962bf36246647641d5ff3374dceba8b2c849f5d3,896699,97667.0,333.0,0.00341,1,1,192
2025-05-14 17:09:36,3bd300abad34e513fa646034f218585083ad230dbd1f4988e1847fd7b61ca6d3,896699,15690.0,462.0,0.029446,1,2,205
2025-05-14 17:09:36,2a64055e99e1967ef210b377479a24c588f7e2bf8a2f9b323ea670634015b3d2,896699,276763.0,429.0,0.00155,1,2,194
2025-05-14 17:09:36,bc4166422b25e509e1f373510a5df596d7a907a77481f38392f3fe4c2054cad1,896699,98592.0,408.0,0.004138,1,1,218
2025-05-14 17:09:36,481a5deb82008009813943aa64d6ff9c7d1d4242853a60b29fb0719703f2e1d0,896699,4220254.0,426.0,0.000101,1,2,193
2025-05-14 17:09:36,37e008b5c91016f5249e1de66784be5c2d99d4332abb58b348229c358845cfd0,896699,74521.0,333.0,0.004469,1,1,192
2025-05-14 17:09:36,02c8c74d01791df08cd25c952f87cec23f3eebe7ff53e206ec2f83cf27f8bbd0,896699,546.0,420.0,0.769231,1,1,314
2025-05-14 17:09:36,ba56955ec124f6f4b74f3c2ab28642beb6a7516d2371d49ca9df138aa3bfc7cf,896699,8454.0,423.0,0.050035,1,2,222
2025-05-14 17:09:36,81155c1843177eb82c85775ae059d6584aafb92da0a8ca6bfc5334f5bb0a35cd,896699,1069467.0,423.0,0.000396,1,2,222
2025-05-14 17:09:36,a91c928e2b20ba35c53d8021426724ac755f5e1de8f422c37d3443035b94eecb,896699,765612037.0,5940.0,8e-06,19,22,3506
2025-05-14 17:09:36,10b5ffff6f8b5c061dcf71c06697ac4d53355c386d48405e0221ae47a9bdc3cb,896699,456737.0,627.0,0.001373,2,2,371
2025-05-14 17:09:36,bb0ae963bd3aa2af6a50dc0514e9095eb5d41550c47379b1fef5bba61eba64ca,896699,546.0,462.0,0.846154,1,1,333
2025-05-14 17:09:36,e93bed446b8b70addc801c43af1465b4e87ff01f6e671fd13282f9a38a8ef7d7,896699,89538.0,462.0,0.00516,1,2,205
2025-05-14 17:09:36,84ad2492b9b6c6f9a2017ebd821f5daf997d08f4bc44152a54683d264cce86c9,896699,546.0,459.0,0.840659,1,1,327
2025-05-14 17:09:36,20f92a08e75a9d0d602f324c1bad66156ac2b020c18d870982d2d97b7b5cebc8,896699,12019322.0,678.0,5.6e-05,1,2,226
2025-05-14 17:09:36,cfdedab15b4df9c0a76124a5ce52fbdb4fd4d62981c0b99b096bbedb67e59fc8,896699,633658.0,432.0,0.000682,1,2,225
2025-05-14 17:09:36,07631452588e9befe22ae3ebcffaf76f58da3a480b88a1baf891bd56ad4b9cc8,896699,546.0,462.0,0.846154,1,1,333
2025-05-14 17:09:36,cf723ad4bf49f4dcb9d747dec3edf319e3b5d1e58f2a17a9a85f975a6ebb55c7,896699,35706.0,804.0,0.022517,2,2,430
2025-05-14 17:09:36,7d40987f1937feb6a25a75e2ac678b2969b3a0b27f28f9a45daf278bcebf39c7,896699,546.0,459.0,0.840659,1,1,330
2025-05-14 17:09:36,e440df484d5bcf488684e77a8ca5017e7bb157956f12169278350db2ddf78ee6,896699,17493.0,462.0,0.026411,1,2,205
2025-05-14 17:09:36,35a6a9df1a478656a97cae773d4169f3ef6fea236c9230771da4e10cd54fefc6,896699,510170.0,330.0,0.000647,1,1,192
2025-05-14 17:09:36,150e7a9f6bfb06bc6f68fcedcbb63ff5c582e384992a31f78e00b8a95d29bac6,896699,885020.0,330.0,0.000373,1,1,192
2025-05-14 17:09:36,66a1872488163da009e048394b330f9a81219e8dd41400691a87095a7d999bc5,896699,510370.0,330.0,0.000647,1,1,192
2025-05-14 17:09:36,927d15407824523641ff55974a53ad0e7aef87d6f30906834524f79747ee8cc5,896699,1059179.0,624.0,0.000589,2,2,370
2025-05-14 17:09:36,55bf562d17e932b5b5edd081680889e2e0c7144e0cb46259a07a54b6394d5ac3,896699,2748823.0,609.0,0.000222,2,2,303
2025-05-14 17:09:36,093b5618017482642df6945edbc7eeea2f015aa3fe7267eb687f630b52efb8c2,896699,20999424.0,576.0,2.7e-05,1,2,357
2025-05-14 17:09:36,aa2137605d4e7becbdeecbfd84b074c479e4d0595ecb2a069db204e5bc3556c2,896699,166332151.0,462.0,3e-06,1,2,205
2025-05-14 17:09:36,497d230e0e73f816be5537a0b71656382679190c0549b9a8f3911385e39b1fc2,896699,1199373.0,627.0,0.000523,2,2,371
2025-05-14 17:09:36,d503838e3d8b1664d7f7bad30c1e996a8ee60d8d4f1d30ff7273b447a1dccdc0,896699,17121746.0,423.0,2.5e-05,1,2,222
2025-05-14 17:09:36,e076955f26b0f14325d19672706346f213ff9593b3388b3c761bc8cfac3e4abf,896699,32663.0,426.0,0.013042,1,2,193
2025-05-14 17:09:36,e9d319a31da71ffd9e4a5732feeb2899ad14975192b21f069eb2aa2ab9c189bc,896699,1690757.0,495.0,0.000293,1,2,246
2025-05-14 17:09:36,ea9a59be2a847b45c10df0ce48f2ab5ee0f40bcdd85c9ddbfa50b12fa478c4ba,896699,1156247.0,426.0,0.000368,1,2,223
2025-05-14 17:09:36,52a5c93073d6a1de3ed3ebf371e8e29966437c8f0c37f0776dc67d582c3036b9,896699,6513383088.0,495.0,0.0,1,2,247
2025-05-14 17:09:36,4f07004c9b256e0b7ed1904f158678c233f31a653b846c92ded9c0df1e1c16b8,896699,11069586.0,432.0,3.9e-05,1,2,226
2025-05-14 17:09:36,5fba3cc650b7fc8f9f3e520940112ec667b71fe041e8aa5a220e969bc5f6f0b7,896699,480087.0,423.0,0.000881,1,2,222
2025-05-14 17:09:36,88f029abb44f4480834026b789d5b550f5e9648e292400f10b0db10d9bf1e3b6,896699,509170.0,330.0,0.000648,1,1,192
2025-05-14 17:09:36,51a2ec6b2d7c6a462b2398336558a08a63099d84d7877053139c059c9e7d10b6,896699,1741.0,1356.0,0.778863,2,2,300
2025-05-14 17:09:36,a2913ff669517843a458873465a85114f09ee525af0e842514f3bda1eeeed354,896699,120630.0,240.0,0.00199,2,2,301
2025-05-14 17:09:36,c95e38253e1cc6ab7360641854bad166acc0181e4f254df0b4b9e63d206ea9d5,896699,43102.0,786.0,0.018236,1,1,194
2025-05-14 17:09:36,305d0fd3abfcb066805e9a6ac56fe23cade38e805f935903d35b4eb2610f49d2,896699,355815.0,769.0,0.002161,1,1,192
2025-05-14 17:09:36,d5b4a9f1ecb001354baa585aa8e682078f3e7e8b62afcf25b25d9967810f717e,896699,739076.0,769.0,0.00104,1,1,191
2025-05-14 17:09:36,606fd58637221b9a68e760e163d6af5a05ce7e1a49eafc96f862b81e07e226aa,896699,322188.0,1470.0,0.004563,2,2,372
2025-05-14 17:09:36,e86a92aefc1a0dcbbdb3ce2af6ab7c690a053fb53c2f25fa609dc14fbb371b65,896699,481700.0,987.0,0.002049,1,2,222
2025-05-14 17:09:36,4b4584da8113c0586345238db687b808c135e4126c937a33081e86523bd97449,896699,399699989.0,2373.0,6e-06,1,1,339
2025-05-14 17:09:36,ef1bbc51841ac075ede3d33ee862263354ac74f432d3ab79567c00f53b4d5384,896699,378201.0,1799.0,0.004757,2,2,418
2025-05-14 17:09:36,7e73ac1f2c47d8780908088c8d178e17dee2ed6cb3ed3dadf6de3150811e04fa,896699,414992656.0,1344.0,3e-06,1,1,191
2025-05-14 17:09:36,996f1a0e75db4730b6e4a925bf061c7cfdc1333e4ba8501d32bd700d480c2c67,896699,3572963.0,1218.0,0.000341,1,3,224
2025-05-14 17:09:36,1b0b9475023090cecb9d1ff6e8c1726d69da2ef7de805878211c6073c4d339e9,896699,43221681.0,1015.0,2.3e-05,1,2,225
2025-05-14 17:09:36,ad1e23bdd7e65b65f4c1015220c0f0293b077d71cb8fc379a63c2934c88a2087,896699,4667895.0,1001.0,0.000214,1,2,193
2025-05-14 17:09:36,b0f9664b1eec48ee2241ae860665bbd0d0aa131915fc3a73564b894ad9fcca43,896699,999218.0,5782.0,0.005787,11,2,1707
2025-05-14 17:09:36,0c284c062c04362078fb8936b7b602f05dd1065fdf044916e00d4caeb776bef9,896699,4872230.0,1491.0,0.000306,2,2,373
2025-05-14 17:09:36,1b63180e7d8c4f4c4716d1442d37d0b454fe54cafc7b07d5a0edbdbeadacf07d,896699,67496.0,1337.0,0.019809,1,1,189
2025-05-14 17:09:36,ee3524036431bb5a7dec20d61c51af29800937e18110f8684db0f399fa1b3e31,896699,3058453.0,1260.0,0.000412,2,1,340
2025-05-14 17:09:36,4edc708419b6ef42039c87004b3aa80ba5f6ae381abd351fa0dbbde1ca249707,896699,11921586.0,1022.0,8.6e-05,1,2,226
2025-05-14 17:09:36,e5435e06d04448ce9571ecdc0cb10efe1c1dbda92b9ea9eb9131b2a498ae0417,896699,2599924.0,1356.0,0.000522,1,1,191
2025-05-14 17:09:36,84e2f1a6551e618b38c330c275fa8920c65de7726075cfa3db22d03068261fb0,896699,338892538.0,1900.0,6e-06,1,4,348
2025-05-14 17:09:36,73fd64f079c6dc00b2fe189f87b5e68e1208269a6bbb7a829027d783a3e493c2,896699,97000.0,1267.0,0.013062,2,1,341
2025-05-14 17:09:36,86bf41931d2feaab2bcdc567d03ab5c325f9044ce30e3884c879ea3e6d566496,896699,24415208.0,1015.0,4.2e-05,1,2,222
2025-05-14 17:09:36,ec189357a38765802b0adc8e282f4b863e37e84af5342a1a63727df20d81f781,896699,9702769.0,1282.0,0.000132,1,3,260
2025-05-14 17:09:36,b7b3c90a99bc221da32eaaff84f476ea2ddb2900ccfc73ad3a334a3613a80fdb,896699,109850.0,1102.0,0.010032,1,2,234
2025-05-14 17:09:36,0ec8f48b989ede0f9aa1a379146503316b5699baf6c2e5634b9c0279da325774,896699,771321.0,1102.0,0.001429,1,2,234
2025-05-14 17:09:36,32a9fb11b8c8fa3b64f9fdc596ee5ab74db9e16df1f5cd781358d85b2a11fb9c,896699,427891.0,1021.0,0.002386,1,2,222
2025-05-14 17:09:36,e216a644e8bee8411884656ad696ba98438e36a640a6569a2947bfc7d79b84b8,896699,1511191.0,2000.0,0.001323,3,2,518
2025-05-14 17:09:36,1dbd934d945168ba4e0ab9ea45e33c222f9653ae8e784b2dc1ab0d4f2932db3f,896699,767643.0,2000.0,0.002605,3,2,518
2025-05-14 17:09:36,cc9c754cf2cb44ab81648bd0da31b8a969948dfcc5e0049b5d90f8a533b566e8,896699,11926.0,1022.0,0.085695,1,2,222
2025-05-14 17:09:36,34951b165f7d5fc2c7ef0e4c5b2a01aff52189868239a7cd661274eafd25e8cd,896699,385400.0,1022.0,0.002652,1,2,223
2025-05-14 17:09:36,852784cbbd471678035f80219f50bda5b8547076cd2516eba03c5678c0a6a352,896699,373289.0,1022.0,0.002738,1,2,223
2025-05-14 17:09:36,a557f585368934cfe2cd8d20da30f365eae85f5f7fa0e6f28d3eb3b00f08a10b,896699,73205.0,1784.0,0.02437,3,1,486
2025-05-14 17:09:36,23a35841d626b733a7f6a39fc27d483a9da745f867bc2ba4522fec0f87969f26,896699,457847.0,1550.0,0.003385,2,2,372
2025-05-14 17:09:36,1995a206b201aafcdd3f7bc83cde8a0164c85bf3aa1857f56ad6a12ff0e15bb4,896699,18284023.0,2290.0,0.000125,1,6,392
2025-05-14 17:09:36,4d89e8a0fe5a69d077cef1a9bb129e727694e7a40a233e6d8c2dad0ec0b1f027,896699,22757921.0,2630.0,0.000116,1,8,436
2025-05-14 17:09:36,c7f267aac40d5aba9497c62366d556d23089c609351c46d34ce95eb6fc93be89,896699,50872674.0,2000.0,3.9e-05,1,6,349
2025-05-14 17:09:36,3558fb32f707c3ed4712377b9172e022076ed039b35a8875a6fbecbdb54d609f,896699,310371085.0,2660.0,9e-06,1,4,348
2025-05-14 17:09:36,45b7da35dec1d2059fc2872675682c38ce2fc9cf6b2ffe812a419044c134d6cc,896699,409135614.0,2262.0,6e-06,1,6,367
2025-05-14 17:09:36,ec57ab734a87298584da80eb37d3dab63a81f53f10aba909c26a524e6be31f0a,896699,409487807.0,1266.0,3e-06,1,3,257
2025-05-14 17:09:36,9829b8c3647ca9a53a5243c712ff991444fb5821d4a6abec48fc077c6f249c2f,896699,8216143374.0,1692.0,0.0,1,3,302
2025-05-14 17:09:36,f516778556e5d6109c48959d4889c1a748dd0e05942fb196f475d3d0b0305cf9,896699,311258883.0,1123.0,4e-06,1,2,226
2025-05-14 17:09:36,fd9ba7b202c7bd387e970290a18dcc9519f6fb49d41a5401e4337f664d3e8eec,896699,467057.0,1660.0,0.003554,2,2,371
2025-05-14 17:09:36,5a21c451f88533bfb592e726dcabcca1aeefd936d241fd22f381f8d853c3af9b,896699,2392985.0,1123.0,0.000469,1,2,223
2025-05-14 17:09:36,0f4eb69b1865ac4ab3639fb662434cc1431e78473fe1573fabb213ed0eea822e,896699,133432793.0,1123.0,8e-06,1,2,223
2025-05-14 17:09:36,820fd26ea4312d581bb543c28ee93fed1c7bfa9490a7251ec38231fb2a4ddcfc,896699,2934175.0,1136.0,0.000387,1,2,224
2025-05-14 17:09:36,aea2d986ecba007431576e4ad907d3e3375cb4b287e570fc0b2ea0e07b64dab7,896699,1251668.0,1320.0,0.001055,1,2,247
2025-05-14 17:09:36,7054eb60a7361a22f9e8734abf062d46d714edc7351f4a7e62d4cf03ea629743,896699,403254.0,3200.0,0.007935,3,6,642
2025-05-14 17:09:36,6762d0db61e3222e1443be20c6d71b4fd093f529880bfe0bca09d97950844420,896699,626890578.0,1648.0,3e-06,1,4,285
2025-05-14 17:09:36,5255a3ca6f0f772ee40c6d88ccca4e90de70c48edba4c10934e7d32129fc9ef7,896699,626824696.0,1424.0,2e-06,1,3,256
2025-05-14 17:09:36,acbf7e147c6c83402cb920946c1c77bd98acbf06788849f596bc2b5f8ce07d17,896699,626695783.0,1424.0,2e-06,1,3,257
2025-05-14 17:09:36,606b95fa59594178a72981f4ca7d023eef06c148ee780c2e911c1619afd2b602,896699,626581273.0,1424.0,2e-06,1,3,256
2025-05-14 17:09:36,3e7f980103b212d252fd37bb17041646c89e0a0e67375cb8d88ce63c01784e2d,896699,626948008.0,1408.0,2e-06,1,3,254
2025-05-14 17:09:36,bb9f7f162004ca8349b58645ed1cda83fe7daeda883de9c2ad3aaed8f7285d87,896699,626810226.0,1400.0,2e-06,1,3,254
2025-05-14 17:09:36,7ca7d022c8945b880ba71fbb0119a7fdcafcbd945c6009c9b65acbe27b7bcb5b,896699,4835.0,921.0,0.190486,1,1,194
2025-05-14 17:09:36,8368e2232c47edb1c6816ed7fed41ad7f4559dd1ab59107b7378261f94eb94cd,896699,626358823.0,1152.0,2e-06,1,2,222
2025-05-14 17:09:36,6e4942953451f94b9fd7e938d525b7598946e66892bc071d39304ba94ebff209,896699,627037318.0,1152.0,2e-06,1,2,222
2025-05-14 17:09:36,e7583e872745c2634aa5675cde723c53b27815b29625230d09b6afe44ed310bb,896699,118217.0,1168.0,0.00988,1,2,223
2025-05-14 17:09:36,97b884645485da81db53baa1f2aec1c78068295306274ec21f4a3f117aacef66,896699,5197395.0,1650.0,0.000317,1,1,191
2025-05-14 17:09:36,729b20a796e8a70466d3692cb5d4a4fe4f39ebd90ba342ff4418ef7565c010c2,896699,23509641.0,688.0,2.9e-05,1,3,253
2025-05-14 17:09:36,62abf8005c6ef5405a838f2cc734e3b16c5bae9360b05ee2f25b5efd397ec5f6,896699,5435037.0,1862.0,0.000343,1,2,224
2025-05-14 17:09:36,ce73f1e917916a46dbec02e8cd7e62da89288127e88319e9cac422b090199bf3,896699,30231924.0,1862.0,6.2e-05,1,2,223
2025-05-14 17:09:36,f8cd6015229b415f3f0394db6491f9def21f0f2fe7a28f0f7928f4548ff32e7c,896699,19106805.0,1862.0,9.7e-05,1,2,223
2025-05-14 17:09:36,88c59dbee3c6afede063bbeb59d6b7950c47726dd123ddec948b8771669c073e,896699,6140243.0,1659.0,0.00027,1,3,279
2025-05-14 17:09:36,6f7e0025e4be091646cb9d6bf6bc98556303aa3a4db0d26ff5130907dee0b73b,896699,211283.0,937.0,0.004435,1,1,193
2025-05-14 17:09:36,e449acc1046dff00763b25bacdb8b6fe44cda887a1699a5358c17ac659a41ce2,896699,9271665.0,1950.0,0.00021,1,4,309
2025-05-14 17:09:36,752f738042381a5bbccd9eb9b5fc9e1ae0bfb4f73a44ea9fe3a2114e5e5e2fc0,896699,265208460.0,1881.0,7e-06,2,2,372
2025-05-14 17:09:36,6ccd7ad074005e1db2be61f1bd3e955599576c55a404b9d102594d14c7071f6e,896699,2620745501.0,6585.0,3e-06,1,21,816
2025-05-14 17:09:36,4b1fc59dcd9c94d5f900ce500b46f8627a561bdc08363ab2dbfedc07049cfe6a,896699,296244316.0,6660.0,2.2e-05,10,2,1549
2025-05-14 17:09:36,e2d35773a2c8b73545558a04f57dc7b861ea8442bd38e27021a2a159ebf74e4e,896699,7326294194.0,6841.0,1e-06,1,21,842
2025-05-14 17:09:36,f9110bd138e66daea20cbf4816969da388d27aa36d72e53ebce0cec7dc713b12,896699,108767.0,998.0,0.009176,1,1,193
2025-05-14 17:09:36,7b69f31c1be047c41fa52f5f0dfb6df7f8ab7ceb6f7171a15fd626ee626046ea,896699,23050.0,1000.0,0.043384,1,1,191
2025-05-14 17:09:36,c7eafdfe032a4e621ffe1d3b8066c058778fcd5961cd32f66a02033d6106112f,896699,963000.0,900.0,0.000935,1,1,150
2025-05-14 17:09:36,49853b104f10fec4f66f185059767b8ef806267020772dd58e244e6e6efdf2db,896699,99501.0,1008.0,0.010131,1,1,191
2025-05-14 17:09:36,1f7f311322713b6a913caa927c488cd24c65efe0f6e5fda0f33bcfc2ae3d711a,896699,6040.0,1039.0,0.17202,1,1,194
2025-05-14 17:09:36,c57b3c0e6a1b5ddb4d0666f5422d6e64e72f4bc807edd13f53ce7823473af286,896699,310950.0,1050.0,0.003377,1,1,194
2025-05-14 17:09:36,9e7b7939d6fd5a5a36eb576d3f88f218611493ef78cd8357c6058af7e7eba06e,896699,863950.0,1050.0,0.001215,1,1,194
2025-05-14 17:09:36,edf9734149cc484c6b250baae10b25ef8b9657c0c04cc2812b0a60ac824a482d,896699,30950.0,1050.0,0.033926,1,1,195
2025-05-14 17:09:36,4919f91952da34166adbc52f8aec510be8d5356852fc8b6824589decd51ea422,896699,6483.0,1240.0,0.191269,1,1,214
2025-05-14 17:09:36,5e91d926ed1a98d3ec96fd75a07f89c07cfa4a2982f6014f9f851779d99f42ce,896699,1546.0,1074.0,0.694696,1,1,194
2025-05-14 17:09:36,fc4877a338e9ff3ecc6274e831d6d13e67af580bb090e45401394abb682164b0,896699,2262.0,1074.0,0.474801,1,1,194
2025-05-14 17:09:36,6cc781366dc722c5aab764d2e4733bb977780a38eb95125c2482dcb0adbd676b,896699,92985288.0,2000.0,2.2e-05,1,4,291
2025-05-14 17:09:36,bd8354d21cd89985710e465cfc1f29d167bb9987c123c38f42e29259a29964d0,896699,18100.0,1058.0,0.058453,1,1,191
2025-05-14 17:09:36,2604250ecfa62c4d046d5b7e6bac11f13040d008a9572bc7c663e5118b3ecc49,896699,35200.0,1086.0,0.030852,1,1,192
2025-05-14 17:09:36,5e81cb6d55057f88b0b582b81fb37e230e3012f3e21ff04e6400c884802fbe6b,896699,1585209.0,1091.0,0.000688,1,1,191
2025-05-14 17:09:36,7e261fc71494517483d194da85b127b69fea26dae835584476e9c465ed423bbe,896699,86578576.0,2660.0,3.1e-05,1,4,349
2025-05-14 17:09:36,2aa358ca98020d316053c5be049b5e65beb44178e7d0af6484de146b9d82bce0,896699,62122.0,1098.0,0.017675,1,1,191
2025-05-14 17:09:36,6a0db14c52528c0144958d5a1ad0762179894fea53bcad6b4c489096b96ec84b,896699,182503.0,1098.0,0.006016,1,1,192
2025-05-14 17:09:36,8a84126eb66ce0541d77d980d28dd71d6195ad1c122fea2dd9904339e4bbf6fa,896699,18192444.0,6310.0,0.000347,1,17,713
2025-05-14 17:09:36,be8d42b741d86c2b2cc421b6a0112b4617e998f7e5407f16ab22688116947ef4,896699,184458266.0,6940.0,3.8e-05,1,19,776
2025-05-14 17:09:36,08f22cca8a87fbb18c01a1211de22e2accb87f14b082fc19d3e8a53f9e09ffe5,896699,2609485.0,1410.0,0.00054,1,2,222
2025-05-14 17:09:36,f43a30595ac3d383afd5e5c2de6a2ee17d246bc060a133b60ad10a848d14a98b,896699,466040.0,2760.0,0.005922,3,2,518
2025-05-14 17:09:36,8b9b02dfac0fba962fa55f517a43309e712f10c4a9d7612bcb9a0a4791e7068a,896699,994501457.0,8220.0,8e-06,1,23,903
2025-05-14 17:09:36,0900317c0e7cf2cd1556db61458e1e13050712e3c7611dd03cedc9c8d48f0375,896699,341011.0,1770.0,0.00519,2,1,339
2025-05-14 17:09:36,522f1621291d3ea8026ccc3456f5bf90813019304347806dbbf39af1e976c06b,896699,11604221.0,10210.0,0.00088,14,2,2145
2025-05-14 17:09:36,4aafd315727406bfe65f7a024c6ad045b4734dd385a6dd1a01ea5e16247b3439,896699,1336856.0,2960.0,0.002214,1,7,377
2025-05-14 17:09:36,4417c42a914abbb3bc5ed593ab86a9026c251f2b31d7987d29ce30d44a94103e,896699,3700000.0,77940.0,0.021065,114,1,16914
2025-05-14 17:09:36,81d1cc7458c40d122eb7b8b3dd84a79b0d6212d655578fc94bfde28d4e6396e2,896699,21817369.0,2260.0,0.000104,1,2,225
2025-05-14 17:09:36,03ccbf22467629d665aa7d017510706db6faa64a1e19fae191d0f2c4ae44e9e4,896699,39545975.0,1900.0,4.8e-05,1,1,189
2025-05-14 17:09:36,3dc9b9afb8c520654eb050e31304b46c6173418c88ab7ff0c77dea76776eb40b,896699,3873.0,1110.0,0.2866,1,1,191
2025-05-14 17:09:36,94e3e97ed71d78ef821062a1b6e6611b8489b1dad7a90b9e19f7ecfbd511cd39,896699,356400.0,1437.0,0.004032,1,2,222
2025-05-14 17:09:36,3ed66acb1cbcb6fb11662588841879374eb2b99eec0ce51f8b6c4ac1924c0a65,896699,1182318.0,1420.0,0.001201,1,2,223
2025-05-14 17:09:36,86a2c30645ccaae758544d8745b0b27bc72d6cc2c2568726e0fbfe3bdd42c005,896699,112634638.0,2024.0,1.8e-05,2,2,302
2025-05-14 17:09:36,fc8a999b5cdcf2f7d75ec4b5adfa0e034076332a7bae57278914793ba4d92b41,896699,51357.0,421.0,0.008198,1,2,223
2025-05-14 17:09:36,c872271ae8445b60623c08593ea1fdb45f0e1dc7e90bd5a8d33ac9f4a0506d26,896699,703536.0,421.0,0.000598,1,2,223
2025-05-14 17:09:36,58582ceeafdd2a8bdd93a6ace4423cc3caefd26ca5746ac77a31be2141eac37e,896699,5466251.0,424.0,7.8e-05,1,2,224
2025-05-14 17:09:36,60444d298d8e0d8b5a30342655290f18f6bda39ebf2382ebf56ef1856e4fca7a,896699,21208.0,430.0,0.020275,1,2,226
2025-05-14 17:09:36,5bb5ebe50ea2540b40cc107fc7f3f48894d375fa015a9d9cb3f01a2cd7e0171d,896699,1182971.0,430.0,0.000363,1,2,225
2025-05-14 17:09:36,bd61f276aa8c0e6ce44df3609acdebbf854963b0a2c642ef2ba49934ac5fe17f,896699,46515.0,598.0,0.012856,2,2,300
2025-05-14 17:09:36,9f4c9636e4e39f62efaf1c9e2661d198c113766130e18051604546e4245801e7,896699,1085802058.0,942.0,1e-06,3,1,558
2025-05-14 17:09:36,f072bcdf177fb4621cb91c76046d0c68f355aa4da5428782e093dfaf4ae15d8a,896699,88508.0,634.0,0.007163,2,2,374
2025-05-14 17:09:36,cdf4f0cb7c077abe4778149ef969f99e1917cca0bd88dd71e834cdfad9566acf,896699,15183.0,329.0,0.021669,1,1,191
2025-05-14 17:09:36,c11aa78545799a66dc2990579c56371828fb637aa4c035904ecd07ae9c63e6cd,896699,99711.0,329.0,0.0033,1,1,192
2025-05-14 17:09:36,728e60b4be6b4dab1432e6f6bb4547c2e0b457fc1e1ead76cff7e6c5b819e869,896699,385407.0,329.0,0.000854,1,1,191
2025-05-14 17:09:36,37ea903b6f00ea5ca5745eb95ca51b1cf2adb6790c8dd3b8e3842d745c6b1cb3,896699,2226.0,338.0,0.151842,1,1,195
2025-05-14 17:09:36,3d44635d36f3ca995b3f481b355b26d9d3bedc55a1814879e4d272de7a7ca778,896699,4662.0,338.0,0.072501,1,1,195
2025-05-14 17:09:36,5d8d7be9d7a311892c8f81fb3923b27ff2508e0551215c7689b6cfcfbe880df4,896699,232144818.0,8864.0,3.8e-05,43,1,6438
2025-05-14 17:09:36,7dfea062dbe1ccb341ea6943889758f1b722dd3c3bba3445930b145f5982391f,896699,121200.0,1200.0,0.009901,3,5,583
2025-05-14 17:09:36,97c0e90207557644183d5fef34109d5a808c1b0c467d5bc6fd902a6bdf88f08c,896699,36929.0,422.0,0.011427,1,2,222
2025-05-14 17:09:36,16730b0296f269df0886e29b647f7e4f44327db0e24cdc26ddbd957450c4b510,896699,3476561.0,425.0,0.000122,1,2,224
2025-05-14 17:09:36,417b2b0f931bed523915724ca036a424a69eaf915ada7de3e7fe801906d86940,896699,169008.0,470.0,0.002781,2,1,257
2025-05-14 17:09:36,9950c9b113911a930db1258b3de68c56c85d79b7ca3d1ad56731753695ded1e5,896699,254867.0,497.0,0.00195,1,2,247
2025-05-14 17:09:36,cba85e9ba0441f3fb87d7513b55805a00f11a48647a3beb673e5d2d39d9c30a1,896699,113635.0,599.0,0.005271,2,2,300
2025-05-14 17:09:36,6330ad5a762abf874ecd9cd70143d0017afa143948503a06e06fc8916bf942b9,896699,1502284.0,626.0,0.000417,2,2,371
2025-05-14 17:09:36,c05a0abc7219c5000fc35de9c2e8b9f543bb4e2084bd0bb4e087a47793e5668f,896699,53836.0,635.0,0.011795,2,2,312
2025-05-14 17:09:36,10c8b2c3b22af07a0bc42aee18d4dcee522a1bcf91d979ad24473d3eb388e977,896699,55176.0,635.0,0.011509,2,2,312
2025-05-14 17:09:36,541b005f139ad62a4e050b48ad9fc760e82f4f88cee276fbb14a51dcf8c62d0e,896699,51987.0,635.0,0.012215,2,2,312
2025-05-14 17:09:36,9ca3fc50d5f4ba5f6bb918289865868ed318df2458757b172732653e1f2e4367,896699,84162.0,2160.0,0.025665,10,1,1530
2025-05-14 17:09:36,91aaedf79fa02df6070e34f894f96bcb281211d788c0d1692e87b61281d762a8,896699,202192.0,1298.0,0.00642,6,2,731
2025-05-14 17:09:36,da966f10d5cdd01218c8dcfa3d2591137b074b2723efce0447b45182619571ff,896699,2154473.0,426.0,0.000198,1,2,223
2025-05-14 17:09:36,37a35cc46accda129df6155609787f2e3ed8af6a2bee85c2ac5a04dbf1746dfe,896699,146498.0,426.0,0.002908,1,2,193
2025-05-14 17:09:36,1fac74bd879e5c0131d5b794e39746d4c9275908832808d590b9f76c64394ffe,896699,95305.0,423.0,0.004438,1,2,222
2025-05-14 17:09:36,afc0718822855e6a716ddc6200846cd4d8cb519f15d55949ebb31b54ea9a01fc,896699,9746682.0,423.0,4.3e-05,1,2,222
2025-05-14 17:09:36,c1735214056f3e39335e1e6734243d30bc2d46403845c660368ed194c7259dfb,896699,1350483.0,699.0,0.000518,1,3,284
2025-05-14 17:09:36,c6474cd4066c44140c5fc0370b90a84d70ad9e34f1d17acd43cdc42b757a19fa,896699,88715.0,1113.0,0.012546,2,2,371
2025-05-14 17:09:36,3319948114075609f273d08d144096920991e6dbea2b64701d781a9078e099f9,896699,330.0,462.0,1.4,1,1,334
2025-05-14 17:09:36,18fa8378bd690bd4cc9f32574f933100a3ea70d34bb11e47e964aa477c8da5f8,896699,4857601.0,423.0,8.7e-05,1,2,223
2025-05-14 17:09:36,f9175f572a9953327911e03cfae4bdd8b21b44568ea93020d92897313ec90bf8,896699,219413588.0,423.0,2e-06,1,2,222
2025-05-14 17:09:36,94d040e2807d93b1e4730b19f702ccfaf4ff89ffd2cd3d5ef4f11dbd8a88e1f5,896699,3209827.0,537.0,0.000167,2,1,342
2025-05-14 17:09:36,0c8321e9fc9ad8caea0d0d665e718d7894b853f01c74ab61d601be7d3d1439f3,896699,795861.0,630.0,0.000792,2,2,372
2025-05-14 17:09:36,a29968b9df5f10c4588ecd858663888a0bad1adbf7c8203692bf6beba153cff2,896699,344301.0,423.0,0.001229,1,2,223
2025-05-14 17:09:36,016504a4b1f83557c3e82528014b19f5efd9708283d233dd18ca5048137e45f2,896699,83902.0,636.0,0.00758,2,2,312
2025-05-14 17:09:36,830ec81f679203cc6a8ad4a17c7c4cd7e0a31d4848f33d845d04768fb63cc9ef,896699,15402.0,330.0,0.021426,1,1,191
2025-05-14 17:09:36,785a0da7b865b64e55c42d01dc86df7f5cf83ac767e6f24c46a1171fc75e66ef,896699,8336113.0,423.0,5.1e-05,1,2,222
2025-05-14 17:09:36,f5609d2ba37e04db2006c52e9cafbd06d618b26cb190599c4905504b1d74cfed,896699,1149073.0,432.0,0.000376,1,2,225
2025-05-14 17:09:36,e397f7cb32e00fa495e468d49f1b1bd7d7c46d1b7eb618e10a9956ba10a995ed,896699,307957.0,423.0,0.001374,1,2,222
2025-05-14 17:09:36,7d6eaf302a9defbe18cea97b653d73b9a1b95115ee8a41c6a2e361aa6e3925ed,896699,645309.0,330.0,0.000511,1,1,191
2025-05-14 17:09:36,93c69a508f095775f6cf5e168f1cf10e3bd2a44ea28ce4076bf2fdf010ca34ea,896699,198576418.0,432.0,2e-06,1,2,225
2025-05-14 17:09:36,48f89b48ac81f02bd68ef6a16980004b39b7f8d1bbdffeaaa6f36e97d108e8e8,896699,330866770.0,2472.0,7e-06,1,2,222
2025-05-14 17:09:36,66ef7eac1bfc0eed2026154525ccb2836f0fd1b54b625f9411331184e822d257,896699,330869242.0,4986.0,1.5e-05,34,1,5074
2025-05-14 17:09:36,1c5954cdd5e499185b1c7421d8cef36caeacb6f0bea245095c0461c94978a8e8,896699,546.0,462.0,0.846154,1,1,331
2025-05-14 17:09:36,24fa667951652f40a7d59cd8b466e14618133187d996e81303bec34fb791cde5,896699,184375.0,423.0,0.002294,1,2,223
2025-05-14 17:09:36,603296050d2115b5bc32f89b9d11398ef6293f1dbd41fe4ca3e8f140609e57e2,896699,47304490.0,423.0,9e-06,1,2,222
2025-05-14 17:09:36,86a170bfec79faa0cfa3a761022f009eb6f564aea5f796ee9bc1d5a58899d3df,896699,47955.0,333.0,0.006944,1,1,192
2025-05-14 17:09:36,e9a4d829061fad8f96d6299364d0497304f80790955603546b7534055683cfdf,896699,2557011.0,426.0,0.000167,1,2,193
2025-05-14 17:09:36,1484f8663d71b6441b8f5c8a2e22c061943bed63a941962465d750eaeec1a5df,896699,48012190.0,432.0,9e-06,1,2,226
2025-05-14 17:09:36,8c4eb6e6924dc137c1aceeac945cdbdd1fe3a0625c78e7c927918aa1edbd68df,896699,190454.0,2415.0,0.01268,1,4,451
2025-05-14 17:09:36,a3bb7b33b072b05f02f285ad81c7c55200d36b61eecfd967817d83b5a902dcde,896699,5119772.0,531.0,0.000104,1,2,259
2025-05-14 17:09:36,c0debc63a505e9909157d785ae1a06ea9a549ec74e8784cc9d5791efb36c92de,896699,71973.0,627.0,0.008712,2,2,372
2025-05-14 17:09:36,1ef4f755997a815ec5c6a04a4bdbbbbb731fb7685d8c9f4d14937453005af5db,896699,14570653.0,426.0,2.9e-05,1,2,223
2025-05-14 17:09:36,96668a0a4f20410e7afcbdd981bfaf92384b60ad698f908c38a83717b2cb84da,896699,208881.0,426.0,0.002039,1,2,223
2025-05-14 17:09:36,163237d994a8bcf39543a2499b9ed862b0d8fb57ab650bd290e6601c960ec5d8,896699,546.0,462.0,0.846154,1,1,333
2025-05-14 17:09:36,a873d17284995f94ca189577187d008b76b47609f11c89f5ca360f21be858dd6,896699,62228.0,300.0,0.004821,1,1,151
2025-05-14 17:09:36,df3013f5e5d927a95bfad4f9d66a556b0c9a34605d063f0e6cc199e75fa4f0d5,896699,375703.0,297.0,0.000791,1,1,150
2025-05-14 17:09:36,0a8ae8271fd89b7051cf8628d0bef3b483012b7c2eaca8073facd06fefc743d4,896699,546.0,462.0,0.846154,1,1,333
2025-05-14 17:09:36,0099dbca369b9dcdd37247f6962bf36246647641d5ff3374dceba8b2c849f5d3,896699,97667.0,333.0,0.00341,1,1,192
2025-05-14 17:09:36,3bd300abad34e513fa646034f218585083ad230dbd1f4988e1847fd7b61ca6d3,896699,15690.0,462.0,0.029446,1,2,205
2025-05-14 17:09:36,2a64055e99e1967ef210b377479a24c588f7e2bf8a2f9b323ea670634015b3d2,896699,276763.0,429.0,0.00155,1,2,194
2025-05-14 17:09:36,bc4166422b25e509e1f373510a5df596d7a907a77481f38392f3fe4c2054cad1,896699,98592.0,408.0,0.004138,1,1,218
2025-05-14 17:09:36,481a5deb82008009813943aa64d6ff9c7d1d4242853a60b29fb0719703f2e1d0,896699,4220254.0,426.0,0.000101,1,2,193
2025-05-14 17:09:36,37e008b5c91016f5249e1de66784be5c2d99d4332abb58b348229c358845cfd0,896699,74521.0,333.0,0.004469,1,1,192
2025-05-14 17:09:36,02c8c74d01791df08cd25c952f87cec23f3eebe7ff53e206ec2f83cf27f8bbd0,896699,546.0,420.0,0.769231,1,1,314
2025-05-14 17:09:36,ba56955ec124f6f4b74f3c2ab28642beb6a7516d2371d49ca9df138aa3bfc7cf,896699,8454.0,423.0,0.050035,1,2,222
2025-05-14 17:09:36,81155c1843177eb82c85775ae059d6584aafb92da0a8ca6bfc5334f5bb0a35cd,896699,1069467.0,423.0,0.000396,1,2,222
2025-05-14 17:09:36,a91c928e2b20ba35c53d8021426724ac755f5e1de8f422c37d3443035b94eecb,896699,765612037.0,5940.0,8e-06,19,22,3506
2025-05-14 17:09:36,10b5ffff6f8b5c061dcf71c06697ac4d53355c386d48405e0221ae47a9bdc3cb,896699,456737.0,627.0,0.001373,2,2,371
2025-05-14 17:09:36,bb0ae963bd3aa2af6a50dc0514e9095eb5d41550c47379b1fef5bba61eba64ca,896699,546.0,462.0,0.846154,1,1,333
2025-05-14 17:09:36,e93bed446b8b70addc801c43af1465b4e87ff01f6e671fd13282f9a38a8ef7d7,896699,89538.0,462.0,0.00516,1,2,205
2025-05-14 17:09:36,84ad2492b9b6c6f9a2017ebd821f5daf997d08f4bc44152a54683d264cce86c9,896699,546.0,459.0,0.840659,1,1,327
2025-05-14 17:09:36,20f92a08e75a9d0d602f324c1bad66156ac2b020c18d870982d2d97b7b5cebc8,896699,12019322.0,678.0,5.6e-05,1,2,226
2025-05-14 17:09:36,cfdedab15b4df9c0a76124a5ce52fbdb4fd4d62981c0b99b096bbedb67e59fc8,896699,633658.0,432.0,0.000682,1,2,225
2025-05-14 17:09:36,07631452588e9befe22ae3ebcffaf76f58da3a480b88a1baf891bd56ad4b9cc8,896699,546.0,462.0,0.846154,1,1,333
2025-05-14 17:09:36,cf723ad4bf49f4dcb9d747dec3edf319e3b5d1e58f2a17a9a85f975a6ebb55c7,896699,35706.0,804.0,0.022517,2,2,430
2025-05-14 17:09:36,7d40987f1937feb6a25a75e2ac678b2969b3a0b27f28f9a45daf278bcebf39c7,896699,546.0,459.0,0.840659,1,1,330
2025-05-14 17:09:36,e440df484d5bcf488684e77a8ca5017e7bb157956f12169278350db2ddf78ee6,896699,17493.0,462.0,0.026411,1,2,205
2025-05-14 17:09:36,35a6a9df1a478656a97cae773d4169f3ef6fea236c9230771da4e10cd54fefc6,896699,510170.0,330.0,0.000647,1,1,192
2025-05-14 17:09:36,150e7a9f6bfb06bc6f68fcedcbb63ff5c582e384992a31f78e00b8a95d29bac6,896699,885020.0,330.0,0.000373,1,1,192
2025-05-14 17:09:36,66a1872488163da009e048394b330f9a81219e8dd41400691a87095a7d999bc5,896699,510370.0,330.0,0.000647,1,1,192
2025-05-14 17:09:36,927d15407824523641ff55974a53ad0e7aef87d6f30906834524f79747ee8cc5,896699,1059179.0,624.0,0.000589,2,2,370
2025-05-14 17:09:36,55bf562d17e932b5b5edd081680889e2e0c7144e0cb46259a07a54b6394d5ac3,896699,2748823.0,609.0,0.000222,2,2,303
2025-05-14 17:09:36,093b5618017482642df6945edbc7eeea2f015aa3fe7267eb687f630b52efb8c2,896699,20999424.0,576.0,2.7e-05,1,2,357
2025-05-14 17:09:36,aa2137605d4e7becbdeecbfd84b074c479e4d0595ecb2a069db204e5bc3556c2,896699,166332151.0,462.0,3e-06,1,2,205
2025-05-14 17:09:36,497d230e0e73f816be5537a0b71656382679190c0549b9a8f3911385e39b1fc2,896699,1199373.0,627.0,0.000523,2,2,371
2025-05-14 17:09:36,d503838e3d8b1664d7f7bad30c1e996a8ee60d8d4f1d30ff7273b447a1dccdc0,896699,17121746.0,423.0,2.5e-05,1,2,222
2025-05-14 17:09:36,e076955f26b0f14325d19672706346f213ff9593b3388b3c761bc8cfac3e4abf,896699,32663.0,426.0,0.013042,1,2,193
2025-05-14 17:09:36,e9d319a31da71ffd9e4a5732feeb2899ad14975192b21f069eb2aa2ab9c189bc,896699,1690757.0,495.0,0.000293,1,2,246
2025-05-14 17:09:36,ea9a59be2a847b45c10df0ce48f2ab5ee0f40bcdd85c9ddbfa50b12fa478c4ba,896699,1156247.0,426.0,0.000368,1,2,223
2025-05-14 17:09:36,52a5c93073d6a1de3ed3ebf371e8e29966437c8f0c37f0776dc67d582c3036b9,896699,6513383088.0,495.0,0.0,1,2,247
2025-05-14 17:09:36,4f07004c9b256e0b7ed1904f158678c233f31a653b846c92ded9c0df1e1c16b8,896699,11069586.0,432.0,3.9e-05,1,2,226
2025-05-14 17:09:36,5fba3cc650b7fc8f9f3e520940112ec667b71fe041e8aa5a220e969bc5f6f0b7,896699,480087.0,423.0,0.000881,1,2,222
2025-05-14 17:09:36,88f029abb44f4480834026b789d5b550f5e9648e292400f10b0db10d9bf1e3b6,896699,509170.0,330.0,0.000648,1,1,192
2025-05-14 17:09:36,51a2ec6b2d7c6a462b2398336558a08a63099d84d7877053139c059c9e7d10b6,896699,1741.0,1356.0,0.778863,2,2,300
2025-05-14 17:09:36,a2913ff669517843a458873465a85114f09ee525af0e842514f3bda1eeeed354,896699,120630.0,240.0,0.00199,2,2,301
2025-05-14 17:09:36,c95e38253e1cc6ab7360641854bad166acc0181e4f254df0b4b9e63d206ea9d5,896699,43102.0,786.0,0.018236,1,1,194
2025-05-14 17:09:36,305d0fd3abfcb066805e9a6ac56fe23cade38e805f935903d35b4eb2610f49d2,896699,355815.0,769.0,0.002161,1,1,192
2025-05-14 17:09:36,d5b4a9f1ecb001354baa585aa8e682078f3e7e8b62afcf25b25d9967810f717e,896699,739076.0,769.0,0.00104,1,1,191
2025-05-14 17:09:36,606fd58637221b9a68e760e163d6af5a05ce7e1a49eafc96f862b81e07e226aa,896699,322188.0,1470.0,0.004563,2,2,372
2025-05-14 17:09:36,e86a92aefc1a0dcbbdb3ce2af6ab7c690a053fb53c2f25fa609dc14fbb371b65,896699,481700.0,987.0,0.002049,1,2,222
2025-05-14 17:09:36,4b4584da8113c0586345238db687b808c135e4126c937a33081e86523bd97449,896699,399699989.0,2373.0,6e-06,1,1,339
2025-05-14 17:09:36,ef1bbc51841ac075ede3d33ee862263354ac74f432d3ab79567c00f53b4d5384,896699,378201.0,1799.0,0.004757,2,2,418
2025-05-14 17:09:36,7e73ac1f2c47d8780908088c8d178e17dee2ed6cb3ed3dadf6de3150811e04fa,896699,414992656.0,1344.0,3e-06,1,1,191
2025-05-14 17:09:36,996f1a0e75db4730b6e4a925bf061c7cfdc1333e4ba8501d32bd700d480c2c67,896699,3572963.0,1218.0,0.000341,1,3,224
2025-05-14 17:09:36,1b0b9475023090cecb9d1ff6e8c1726d69da2ef7de805878211c6073c4d339e9,896699,43221681.0,1015.0,2.3e-05,1,2,225
2025-05-14 17:09:36,ad1e23bdd7e65b65f4c1015220c0f0293b077d71cb8fc379a63c2934c88a2087,896699,4667895.0,1001.0,0.000214,1,2,193
2025-05-14 17:09:36,b0f9664b1eec48ee2241ae860665bbd0d0aa131915fc3a73564b894ad9fcca43,896699,999218.0,5782.0,0.005787,11,2,1707
2025-05-14 17:09:36,0c284c062c04362078fb8936b7b602f05dd1065fdf044916e00d4caeb776bef9,896699,4872230.0,1491.0,0.000306,2,2,373
2025-05-14 17:09:36,1b63180e7d8c4f4c4716d1442d37d0b454fe54cafc7b07d5a0edbdbeadacf07d,896699,67496.0,1337.0,0.019809,1,1,189
2025-05-14 17:09:36,ee3524036431bb5a7dec20d61c51af29800937e18110f8684db0f399fa1b3e31,896699,3058453.0,1260.0,0.000412,2,1,340
2025-05-14 17:09:36,4edc708419b6ef42039c87004b3aa80ba5f6ae381abd351fa0dbbde1ca249707,896699,11921586.0,1022.0,8.6e-05,1,2,226
2025-05-14 17:09:36,e5435e06d04448ce9571ecdc0cb10efe1c1dbda92b9ea9eb9131b2a498ae0417,896699,2599924.0,1356.0,0.000522,1,1,191
2025-05-14 17:09:36,84e2f1a6551e618b38c330c275fa8920c65de7726075cfa3db22d03068261fb0,896699,338892538.0,1900.0,6e-06,1,4,348
2025-05-14 17:09:36,73fd64f079c6dc00b2fe189f87b5e68e1208269a6bbb7a829027d783a3e493c2,896699,97000.0,1267.0,0.013062,2,1,341
2025-05-14 17:09:36,86bf41931d2feaab2bcdc567d03ab5c325f9044ce30e3884c879ea3e6d566496,896699,24415208.0,1015.0,4.2e-05,1,2,222
2025-05-14 17:09:36,ec189357a38765802b0adc8e282f4b863e37e84af5342a1a63727df20d81f781,896699,9702769.0,1282.0,0.000132,1,3,260
2025-05-14 17:09:36,b7b3c90a99bc221da32eaaff84f476ea2ddb2900ccfc73ad3a334a3613a80fdb,896699,109850.0,1102.0,0.010032,1,2,234
2025-05-14 17:09:36,0ec8f48b989ede0f9aa1a379146503316b5699baf6c2e5634b9c0279da325774,896699,771321.0,1102.0,0.001429,1,2,234
2025-05-14 17:09:36,32a9fb11b8c8fa3b64f9fdc596ee5ab74db9e16df1f5cd781358d85b2a11fb9c,896699,427891.0,1021.0,0.002386,1,2,222
2025-05-14 17:09:36,e216a644e8bee8411884656ad696ba98438e36a640a6569a2947bfc7d79b84b8,896699,1511191.0,2000.0,0.001323,3,2,518
2025-05-14 17:09:36,1dbd934d945168ba4e0ab9ea45e33c222f9653ae8e784b2dc1ab0d4f2932db3f,896699,767643.0,2000.0,0.002605,3,2,518
2025-05-14 17:09:36,cc9c754cf2cb44ab81648bd0da31b8a969948dfcc5e0049b5d90f8a533b566e8,896699,11926.0,1022.0,0.085695,1,2,222
2025-05-14 17:09:36,34951b165f7d5fc2c7ef0e4c5b2a01aff52189868239a7cd661274eafd25e8cd,896699,385400.0,1022.0,0.002652,1,2,223
2025-05-14 17:09:36,852784cbbd471678035f80219f50bda5b8547076cd2516eba03c5678c0a6a352,896699,373289.0,1022.0,0.002738,1,2,223
2025-05-14 17:09:36,a557f585368934cfe2cd8d20da30f365eae85f5f7fa0e6f28d3eb3b00f08a10b,896699,73205.0,1784.0,0.02437,3,1,486
2025-05-14 17:09:36,23a35841d626b733a7f6a39fc27d483a9da745f867bc2ba4522fec0f87969f26,896699,457847.0,1550.0,0.003385,2,2,372
2025-05-14 17:09:36,1995a206b201aafcdd3f7bc83cde8a0164c85bf3aa1857f56ad6a12ff0e15bb4,896699,18284023.0,2290.0,0.000125,1,6,392
2025-05-14 17:09:36,4d89e8a0fe5a69d077cef1a9bb129e727694e7a40a233e6d8c2dad0ec0b1f027,896699,22757921.0,2630.0,0.000116,1,8,436
2025-05-14 17:09:36,c7f267aac40d5aba9497c62366d556d23089c609351c46d34ce95eb6fc93be89,896699,50872674.0,2000.0,3.9e-05,1,6,349
2025-05-14 17:09:36,3558fb32f707c3ed4712377b9172e022076ed039b35a8875a6fbecbdb54d609f,896699,310371085.0,2660.0,9e-06,1,4,348
2025-05-14 17:09:36,45b7da35dec1d2059fc2872675682c38ce2fc9cf6b2ffe812a419044c134d6cc,896699,409135614.0,2262.0,6e-06,1,6,367
2025-05-14 17:09:36,ec57ab734a87298584da80eb37d3dab63a81f53f10aba909c26a524e6be31f0a,896699,409487807.0,1266.0,3e-06,1,3,257
2025-05-14 17:09:36,9829b8c3647ca9a53a5243c712ff991444fb5821d4a6abec48fc077c6f249c2f,896699,8216143374.0,1692.0,0.0,1,3,302
2025-05-14 17:09:36,f516778556e5d6109c48959d4889c1a748dd0e05942fb196f475d3d0b0305cf9,896699,311258883.0,1123.0,4e-06,1,2,226
2025-05-14 17:09:36,fd9ba7b202c7bd387e970290a18dcc9519f6fb49d41a5401e4337f664d3e8eec,896699,467057.0,1660.0,0.003554,2,2,371
2025-05-14 17:09:36,5a21c451f88533bfb592e726dcabcca1aeefd936d241fd22f381f8d853c3af9b,896699,2392985.0,1123.0,0.000469,1,2,223
2025-05-14 17:09:36,0f4eb69b1865ac4ab3639fb662434cc1431e78473fe1573fabb213ed0eea822e,896699,133432793.0,1123.0,8e-06,1,2,223
2025-05-14 17:09:36,820fd26ea4312d581bb543c28ee93fed1c7bfa9490a7251ec38231fb2a4ddcfc,896699,2934175.0,1136.0,0.000387,1,2,224
2025-05-14 17:09:36,aea2d986ecba007431576e4ad907d3e3375cb4b287e570fc0b2ea0e07b64dab7,896699,1251668.0,1320.0,0.001055,1,2,247
2025-05-14 17:09:36,7054eb60a7361a22f9e8734abf062d46d714edc7351f4a7e62d4cf03ea629743,896699,403254.0,3200.0,0.007935,3,6,642
2025-05-14 17:09:36,6762d0db61e3222e1443be20c6d71b4fd093f529880bfe0bca09d97950844420,896699,626890578.0,1648.0,3e-06,1,4,285
2025-05-14 17:09:36,5255a3ca6f0f772ee40c6d88ccca4e90de70c48edba4c10934e7d32129fc9ef7,896699,626824696.0,1424.0,2e-06,1,3,256
2025-05-14 17:09:36,acbf7e147c6c83402cb920946c1c77bd98acbf06788849f596bc2b5f8ce07d17,896699,626695783.0,1424.0,2e-06,1,3,257
2025-05-14 17:09:36,606b95fa59594178a72981f4ca7d023eef06c148ee780c2e911c1619afd2b602,896699,626581273.0,1424.0,2e-06,1,3,256
2025-05-14 17:09:36,3e7f980103b212d252fd37bb17041646c89e0a0e67375cb8d88ce63c01784e2d,896699,626948008.0,1408.0,2e-06,1,3,254
2025-05-14 17:09:36,bb9f7f162004ca8349b58645ed1cda83fe7daeda883de9c2ad3aaed8f7285d87,896699,626810226.0,1400.0,2e-06,1,3,254
2025-05-14 17:09:36,7ca7d022c8945b880ba71fbb0119a7fdcafcbd945c6009c9b65acbe27b7bcb5b,896699,4835.0,921.0,0.190486,1,1,194
2025-05-14 17:09:36,8368e2232c47edb1c6816ed7fed41ad7f4559dd1ab59107b7378261f94eb94cd,896699,626358823.0,1152.0,2e-06,1,2,222
2025-05-14 17:09:36,6e4942953451f94b9fd7e938d525b7598946e66892bc071d39304ba94ebff209,896699,627037318.0,1152.0,2e-06,1,2,222
2025-05-14 17:09:36,e7583e872745c2634aa5675cde723c53b27815b29625230d09b6afe44ed310bb,896699,118217.0,1168.0,0.00988,1,2,223
2025-05-14 17:09:36,97b884645485da81db53baa1f2aec1c78068295306274ec21f4a3f117aacef66,896699,5197395.0,1650.0,0.000317,1,1,191
2025-05-14 17:09:36,729b20a796e8a70466d3692cb5d4a4fe4f39ebd90ba342ff4418ef7565c010c2,896699,23509641.0,688.0,2.9e-05,1,3,253
2025-05-14 17:09:36,62abf8005c6ef5405a838f2cc734e3b16c5bae9360b05ee2f25b5efd397ec5f6,896699,5435037.0,1862.0,0.000343,1,2,224
2025-05-14 17:09:36,ce73f1e917916a46dbec02e8cd7e62da89288127e88319e9cac422b090199bf3,896699,30231924.0,1862.0,6.2e-05,1,2,223
2025-05-14 17:09:36,f8cd6015229b415f3f0394db6491f9def21f0f2fe7a28f0f7928f4548ff32e7c,896699,19106805.0,1862.0,9.7e-05,1,2,223
2025-05-14 17:09:36,88c59dbee3c6afede063bbeb59d6b7950c47726dd123ddec948b8771669c073e,896699,6140243.0,1659.0,0.00027,1,3,279
2025-05-14 17:09:36,6f7e0025e4be091646cb9d6bf6bc98556303aa3a4db0d26ff5130907dee0b73b,896699,211283.0,937.0,0.004435,1,1,193
2025-05-14 17:09:36,e449acc1046dff00763b25bacdb8b6fe44cda887a1699a5358c17ac659a41ce2,896699,9271665.0,1950.0,0.00021,1,4,309
2025-05-14 17:09:36,752f738042381a5bbccd9eb9b5fc9e1ae0bfb4f73a44ea9fe3a2114e5e5e2fc0,896699,265208460.0,1881.0,7e-06,2,2,372
2025-05-14 17:09:36,6ccd7ad074005e1db2be61f1bd3e955599576c55a404b9d102594d14c7071f6e,896699,2620745501.0,6585.0,3e-06,1,21,816
2025-05-14 17:09:36,4b1fc59dcd9c94d5f900ce500b46f8627a561bdc08363ab2dbfedc07049cfe6a,896699,296244316.0,6660.0,2.2e-05,10,2,1549
2025-05-14 17:09:36,e2d35773a2c8b73545558a04f57dc7b861ea8442bd38e27021a2a159ebf74e4e,896699,7326294194.0,6841.0,1e-06,1,21,842
2025-05-14 17:09:36,f9110bd138e66daea20cbf4816969da388d27aa36d72e53ebce0cec7dc713b12,896699,108767.0,998.0,0.009176,1,1,193
2025-05-14 17:09:36,7b69f31c1be047c41fa52f5f0dfb6df7f8ab7ceb6f7171a15fd626ee626046ea,896699,23050.0,1000.0,0.043384,1,1,191
2025-05-14 17:09:36,c7eafdfe032a4e621ffe1d3b8066c058778fcd5961cd32f66a02033d6106112f,896699,963000.0,900.0,0.000935,1,1,150
2025-05-14 17:09:36,49853b104f10fec4f66f185059767b8ef806267020772dd58e244e6e6efdf2db,896699,99501.0,1008.0,0.010131,1,1,191
2025-05-14 17:09:36,1f7f311322713b6a913caa927c488cd24c65efe0f6e5fda0f33bcfc2ae3d711a,896699,6040.0,1039.0,0.17202,1,1,194
2025-05-14 17:09:36,c57b3c0e6a1b5ddb4d0666f5422d6e64e72f4bc807edd13f53ce7823473af286,896699,310950.0,1050.0,0.003377,1,1,194
2025-05-14 17:09:36,9e7b7939d6fd5a5a36eb576d3f88f218611493ef78cd8357c6058af7e7eba06e,896699,863950.0,1050.0,0.001215,1,1,194
2025-05-14 17:09:36,edf9734149cc484c6b250baae10b25ef8b9657c0c04cc2812b0a60ac824a482d,896699,30950.0,1050.0,0.033926,1,1,195
2025-05-14 17:09:36,4919f91952da34166adbc52f8aec510be8d5356852fc8b6824589decd51ea422,896699,6483.0,1240.0,0.191269,1,1,214
2025-05-14 17:09:36,5e91d926ed1a98d3ec96fd75a07f89c07cfa4a2982f6014f9f851779d99f42ce,896699,1546.0,1074.0,0.694696,1,1,194
2025-05-14 17:09:36,fc4877a338e9ff3ecc6274e831d6d13e67af580bb090e45401394abb682164b0,896699,2262.0,1074.0,0.474801,1,1,194
2025-05-14 17:09:36,6cc781366dc722c5aab764d2e4733bb977780a38eb95125c2482dcb0adbd676b,896699,92985288.0,2000.0,2.2e-05,1,4,291
2025-05-14 17:09:36,bd8354d21cd89985710e465cfc1f29d167bb9987c123c38f42e29259a29964d0,896699,18100.0,1058.0,0.058453,1,1,191
2025-05-14 17:09:36,2604250ecfa62c4d046d5b7e6bac11f13040d008a9572bc7c663e5118b3ecc49,896699,35200.0,1086.0,0.030852,1,1,192
2025-05-14 17:09:36,5e81cb6d55057f88b0b582b81fb37e230e3012f3e21ff04e6400c884802fbe6b,896699,1585209.0,1091.0,0.000688,1,1,191
2025-05-14 17:09:36,7e261fc71494517483d194da85b127b69fea26dae835584476e9c465ed423bbe,896699,86578576.0,2660.0,3.1e-05,1,4,349
2025-05-14 17:09:36,2aa358ca98020d316053c5be049b5e65beb44178e7d0af6484de146b9d82bce0,896699,62122.0,1098.0,0.017675,1,1,191
2025-05-14 17:09:36,6a0db14c52528c0144958d5a1ad0762179894fea53bcad6b4c489096b96ec84b,896699,182503.0,1098.0,0.006016,1,1,192
2025-05-14 17:09:36,8a84126eb66ce0541d77d980d28dd71d6195ad1c122fea2dd9904339e4bbf6fa,896699,18192444.0,6310.0,0.000347,1,17,713
2025-05-14 17:09:36,be8d42b741d86c2b2cc421b6a0112b4617e998f7e5407f16ab22688116947ef4,896699,184458266.0,6940.0,3.8e-05,1,19,776
2025-05-14 17:09:36,08f22cca8a87fbb18c01a1211de22e2accb87f14b082fc19d3e8a53f9e09ffe5,896699,2609485.0,1410.0,0.00054,1,2,222
2025-05-14 17:09:36,f43a30595ac3d383afd5e5c2de6a2ee17d246bc060a133b60ad10a848d14a98b,896699,466040.0,2760.0,0.005922,3,2,518
2025-05-14 17:09:36,8b9b02dfac0fba962fa55f517a43309e712f10c4a9d7612bcb9a0a4791e7068a,896699,994501457.0,8220.0,8e-06,1,23,903
2025-05-14 17:09:36,0900317c0e7cf2cd1556db61458e1e13050712e3c7611dd03cedc9c8d48f0375,896699,341011.0,1770.0,0.00519,2,1,339
2025-05-14 17:09:36,522f1621291d3ea8026ccc3456f5bf90813019304347806dbbf39af1e976c06b,896699,11604221.0,10210.0,0.00088,14,2,2145
2025-05-14 17:09:36,4aafd315727406bfe65f7a024c6ad045b4734dd385a6dd1a01ea5e16247b3439,896699,1336856.0,2960.0,0.002214,1,7,377
2025-05-14 17:09:36,4417c42a914abbb3bc5ed593ab86a9026c251f2b31d7987d29ce30d44a94103e,896699,3700000.0,77940.0,0.021065,114,1,16914
2025-05-14 17:09:36,81d1cc7458c40d122eb7b8b3dd84a79b0d6212d655578fc94bfde28d4e6396e2,896699,21817369.0,2260.0,0.000104,1,2,225
2025-05-14 17:09:36,03ccbf22467629d665aa7d017510706db6faa64a1e19fae191d0f2c4ae44e9e4,896699,39545975.0,1900.0,4.8e-05,1,1,189
2025-05-14 17:09:36,3dc9b9afb8c520654eb050e31304b46c6173418c88ab7ff0c77dea76776eb40b,896699,3873.0,1110.0,0.2866,1,1,191
2025-05-14 17:09:36,94e3e97ed71d78ef821062a1b6e6611b8489b1dad7a90b9e19f7ecfbd511cd39,896699,356400.0,1437.0,0.004032,1,2,222
2025-05-14 17:09:36,3ed66acb1cbcb6fb11662588841879374eb2b99eec0ce51f8b6c4ac1924c0a65,896699,1182318.0,1420.0,0.001201,1,2,223
2025-05-14 17:09:36,86a2c30645ccaae758544d8745b0b27bc72d6cc2c2568726e0fbfe3bdd42c005,896699,112634638.0,2024.0,1.8e-05,2,2,302
2025-05-11 22:58:45,dca9f2143bd309b046b3c44f98c2069f9c6fd8b15cea8304eda7b98da6a609d6,896321,8374.0,432.0,0.051588,1,3,269
2025-05-11 22:58:45,baa9c76e10c6f9d757e7e15b996f16da6b8eef17c2e78d2bc763bffef52fe0c6,896321,9568.0,432.0,0.045151,1,3,269
2025-05-11 22:58:45,df2966ad6e364e6538c999a861018aae390ea9af31bb10387752a21af0b588c3,896321,9568.0,432.0,0.045151,1,3,269
2025-05-11 22:58:45,5fefb3a72c587f30c56e15fcd1a22f07f0eae42c532ce2b5d76541f72e5c68a3,896321,9568.0,432.0,0.045151,1,3,269
2025-05-11 22:58:45,90007a565f8eac8cfcb2ece382e0d22440f26e0704530619b55186f763a320a1,896321,9568.0,432.0,0.045151,1,3,269
2025-05-11 22:58:45,39ee2ae9174197cceeb684d6de5dfa0ef1542f688ed8468515bc58cdb48ed9a0,896321,9568.0,432.0,0.045151,1,3,269
2025-05-11 22:58:45,f596f3fc040d2ca8ba9e775ca5aa35b98e8f6ad9059070cb7321f50ba9c4239a,896321,8374.0,432.0,0.051588,1,3,269
2025-05-11 22:58:45,b695e8d7383c225aeb765212bafaa5f29412b56fdc1e08ea9eef716b7f0a2c93,896321,9568.0,432.0,0.045151,1,3,269
2025-05-11 22:58:45,1e608f95c217ec79bf1a83ee1ccf9b7ed4438844f9214eb1676c2f7086d2298a,896321,9568.0,432.0,0.045151,1,3,269
2025-05-11 22:58:45,f77f6703a7147287d243c0d03817db70f6bdf166e2e17fc935823e58013fa780,896321,9568.0,432.0,0.045151,1,3,269
2025-05-11 22:58:45,7688adf295a9410844234efe71090c16e26b70e8a35c912a6bac98d798b58279,896321,9568.0,432.0,0.045151,1,3,269
2025-05-11 22:58:45,f6d9192ef677afae8f662083c6df0a8e9ccb1926cc22a35cf1651e7ec2e5d06e,896321,9568.0,432.0,0.045151,1,3,269
2025-05-11 22:58:45,84ffc60ad21357b616afa4378a368f5d1d666dc2e33163728ff38cf5cce64e60,896321,9568.0,432.0,0.045151,1,3,269
2025-05-11 22:58:45,87a7bce39dc17f9b57918cdd6bffdf2066283d30491355495dc3a4286f31d85d,896321,8374.0,432.0,0.051588,1,3,269
2025-05-11 22:58:45,595b706a5b155fc9844fbb28fdafd4c87cf6f202ac21f125b4a25fe35cfc8753,896321,8590.0,432.0,0.050291,1,3,269
2025-05-11 22:58:45,13ae6c280b480f2fb7ff9b01998c7da40eee76583472e5ac962bea1e433c9f51,896321,8374.0,432.0,0.051588,1,3,269
2025-05-11 22:58:45,9b591d5e20cb4d12cbe61679ee69c468ff352464ae1474c5d0251c0be53f4f4f,896321,8374.0,432.0,0.051588,1,3,269
2025-05-11 22:58:45,a7b7ed95c5ee68236e052c711ed335aa7c5903c9dd1228e74fab2ea6a65f2644,896321,9568.0,432.0,0.045151,1,3,269
2025-05-11 22:58:45,9492059fca71f3cdce0770e5ae7e8bb35fe4921a1f4862b17a50a8c4a190d643,896321,9568.0,432.0,0.045151,1,3,269
2025-05-11 22:58:45,5524afe8375c85583575a96bf32f1a21c54e4eb6fb58501cbea24e390435a241,896321,9568.0,432.0,0.045151,1,3,269
2025-05-11 22:58:45,d0d3afc61f4c92d6ab71d5134a85d6ec48b8c5c1878aa30aade7e4fe419eda3d,896321,8374.0,432.0,0.051588,1,3,269
2025-05-11 22:58:45,e6ec025029ed9be35f6c79646d5aaf1e9a31d20d7f2d87b3c2cfebf5981a0533,896321,9568.0,432.0,0.045151,1,3,269
2025-05-11 22:58:45,c1442099404331873fb3b428be7088a1f25ed36882285f31926ce2a000a6b131,896321,8374.0,432.0,0.051588,1,3,269
2025-05-11 22:58:45,c5f587afa75a36babd8b5c40351ec396c76e50b034afd9c533b34c7378530631,896321,9568.0,432.0,0.045151,1,3,269
2025-05-11 22:58:45,009c3a201d26cfe01d414da3cea33fcd10f689da8ad4e4af370ff509871fe430,896321,9568.0,432.0,0.045151,1,3,269
2025-05-11 22:58:45,83f520cd0dd241541771cb9ebba22f8a26b012bfc45e0d00b5a891696f05521a,896321,8374.0,432.0,0.051588,1,3,269
2025-05-11 22:58:45,85980ae5b2bf365e42ff3c6fc7ef474c10c8c58f91fcf38670794c9d513b5010,896321,9568.0,432.0,0.045151,1,3,269
2025-05-11 22:58:45,760974ed4a9487b1cc530b191d06e39eec65951a2c7d6648bfc0e2cc45a1bb0f,896321,8374.0,432.0,0.051588,1,3,269
2025-05-11 22:58:45,0c9590b84baf9953075cc33466fa51ded9e3da4571daf9830ea5f532b149a20c,896321,9568.0,432.0,0.045151,1,3,269
2025-05-11 22:58:45,f6063557db943d0570eaa14936db4e2200a9f666e081a7e58c5143bfc7c6070c,896321,9568.0,432.0,0.045151,1,3,269
2025-05-11 22:58:45,48e8178cfbe4486c8027c552ba968080c062c09cfba23187fe9aef90715f71ec,896321,12811.0,218.0,0.017017,1,1,192
2025-05-11 22:58:45,95594591f2d5cce05829ac5bc2cdc448dc29e9aebc429485a8e1a2301d4826f9,896321,646064.0,549.0,0.00085,3,2,520
2025-05-11 22:58:45,96798041d68497d610fca2b49a2702c620271cbb266d9e5c747aa68704c9ca5a,896321,1681076.0,549.0,0.000327,3,2,520
2025-05-11 22:58:45,38e6e4f9ce0329f374d10d135d1a9160c0cb12571d41fd0f40516f5033e69b63,896321,4181256.0,819.0,0.000196,5,2,818
2025-05-11 22:58:45,c463783bed8b17d244f37e310b62a1c738d4186b3a5c43c2b8182f61ea8a266a,896321,181665.0,415.0,0.002284,2,2,371
2025-05-11 22:58:45,f7582834e323a73279a48a6417da4c9b631189ed1bfac7a007c98360cee97888,896321,1012023.0,280.0,0.000277,1,2,222
2025-05-11 22:58:45,83d31a3c74857ef4f58e5775bfe4ba007fa321309ffbd0965322025d2d218be0,896321,9718.0,282.0,0.029018,1,2,224
2025-05-11 22:58:45,ea5b093ed78abf3e7c0122e65f2f201ec548c04c6408b59d82ed7423d5cd8d66,896321,3411419.0,220.0,6.4e-05,1,1,191
2025-05-11 22:58:45,12575965fe99f7849679b0f838f30b8bc944f94c2296558671594a2eacfa84c6,896321,6711639.0,414.0,6.2e-05,2,2,372
2025-05-11 22:58:45,22749190c35971bfe26e32a67dd33edb1f013b1739c254ed73029c0a13a5f83e,896321,1406665.0,819.0,0.000582,5,2,817
2025-05-11 22:58:45,7574318333a76446c26915c41f1bba213e043763321b6feb8dda96654468919a,896321,112037.0,684.0,0.006105,4,2,668
2025-05-11 22:58:45,db6e4f20107e8291e83579aba4bf89bcbea1d891136732acddf7151968f7e8cf,896321,9443485.0,414.0,4.4e-05,2,2,370
2025-05-11 22:58:45,3721057a7191a694da293b8e0346612271169dcf6ec22810c484300e5cabb2b9,896321,138733044.0,418.0,3e-06,2,2,373
2025-05-11 22:58:45,5132e2af9aae30ee054c5eba7d3d6058393d4a16953691be6676cb8aa8c660cc,896321,638716.0,219.0,0.000343,1,1,191
2025-05-11 22:58:45,099593ee5fcbb56c76a464a6bb0ff5e5059a9c30703eae6df8071e63454049b3,896321,131300.0,219.0,0.001668,1,1,192
2025-05-11 22:58:45,60105bff316f0155ca8644db556f8b005790b8d4933a7a9241e53df82d0cf15d,896321,96375.0,219.0,0.002272,1,1,191
2025-05-11 22:58:45,390c770f97d37966e87e61653c28f64e084af9e5d517c8db115927a7a3cfbe5d,896321,183344.0,219.0,0.001194,1,1,192
2025-05-11 22:58:45,7fa6b947370cf5c8cfd167e6739bee1909834e096fd41c9fbd22739e5654c74e,896321,19275.0,219.0,0.011362,1,1,191
2025-05-11 22:58:45,bdef0ca2541a0dc047b76eaef259b1ac9a3ddb5270b8025851eb9f4418abd149,896321,43284.0,219.0,0.00506,1,1,192
2025-05-11 22:58:45,fcf02f674be3ceda5764187a939c8632cd4e7c3dace3b30e39ee1d8e924e4c13,896321,48805.0,219.0,0.004487,1,1,192
2025-05-11 22:58:45,01439742fe4eb8008ecbf6b7cbd4098ae595ff0f0a9b26847e54e0cc56f537fd,896321,13234.0,221.0,0.016699,1,1,193
2025-05-11 22:58:45,3cc2fdc26c372c2d9adacc2ac0294dcb44e5ed0d968ff97e7491caebcd381fc6,896321,95546.0,221.0,0.002313,1,1,192
2025-05-11 22:58:45,7ea911376d2c70d0203fe02f0fce6a8f35f68ee0c72aba75f4cfa696398af18f,896321,47637.0,225.0,0.004723,1,1,195
2025-05-11 22:58:45,f3215f3423a336eaad9688dee5cb0c532aee9a7b730220f418e5df5083b9eb54,896321,287822.0,225.0,0.000782,1,1,194
2025-05-11 22:58:45,b751368c266dacf1ab9b98bedec15ab614c4cbea9203fcbabe13ed7b276a6f50,896321,49953.0,225.0,0.004504,1,1,195
2025-05-11 22:58:45,a4073ce5613407b6638fc268d46e3c197e8be6ad34abca811ef6e7a511a69119,896321,79448.0,225.0,0.002832,1,1,195
2025-05-11 22:58:45,f3fec1553cfe5cd4ac5394522a39a0f3180dacfcf429d70d5e98238715157bef,896321,9850.0,241.0,0.024467,1,2,202
2025-05-11 22:58:45,101cc2c1c1b6c045a7926b20e646a93a07856d89f631c405a6c010a132de9409,896321,606617.0,265.0,0.000437,1,1,215
2025-05-11 22:58:45,bcbd7f6317f2516bb3539ff7765356024151680478e8ee92ad9a18214a759c8d,896321,17196780.0,552.0,3.2e-05,3,2,520
2025-05-11 22:58:45,d752a780fa4b486b3d11fbfef57a4449457d4e42a1b5aa3ad2255137691712eb,896321,149742.0,281.0,0.001877,1,2,222
2025-05-11 22:58:45,96d8db4da038c8dbdca223de80dc0eb96977ea7ee8290016cbd7c09fdfbe5fd7,896321,84478.0,281.0,0.003326,1,2,223
2025-05-11 22:58:45,8a1e2ff2d7460672ca05d617c42cce3ce3e76758dcaf705754e9682c13113369,896321,22182.0,281.0,0.012668,1,2,223
2025-05-11 22:58:45,c018766651ea90078b4187f033ba8419902b9da80e8cad7b9c5f49a0831bda63,896321,5562081.0,281.0,5.1e-05,1,2,222
2025-05-11 22:58:45,163f57905b2986e6b115760e5f70301158c024a088479c99e8c19d3249f54f4e,896321,175435.0,281.0,0.001602,1,2,223
2025-05-11 22:58:45,418aed77d8ae5a09a86631eeefc42434454aa302b5572b9722cfc074d15c8600,896321,219719.0,281.0,0.001279,1,2,222
2025-05-11 22:58:45,77b43e40a97951f4ffc4bc2a5a0c94b37a70699ce2554a235080ef9fd4439bd6,896321,5579517.0,283.0,5.1e-05,1,2,224
2025-05-11 22:58:45,9e7ddd719551eee57f29ae376eb264543673850fb571e2a7cfbb5d0e64c485bc,896321,24999717.0,283.0,1.1e-05,1,2,223
2025-05-11 22:58:45,e0da1c300876548bd7fe67274c9810d5656f021f8e3ae2e57c819853da6693a6,896321,6508627.0,283.0,4.3e-05,1,2,224
2025-05-11 22:58:45,cd76604de2819fec408a9483ecca1684342e542ee87ad50bd78d5f3cff36ad9c,896321,3867673.0,283.0,7.3e-05,1,2,223
2025-05-11 22:58:45,660882a569ca4a4afb6b1e9006966e29812e357ad320d1ba9cc6c9febd8dc58b,896321,528103.0,283.0,0.000536,1,2,223
2025-05-11 22:58:45,155aaa83274148e37c22cb51c488450fdff44b29ff17ce13f47f04ebccfb508a,896321,17868297.0,283.0,1.6e-05,1,2,224
2025-05-11 22:58:45,5ac838f6ee11647c3311ead2f198a1ce55b4107260b538f4ec7afb8ff3593974,896321,602507.0,283.0,0.00047,1,2,223
2025-05-11 22:58:45,0b9e9cfd88c9edcfdf9a1f902439539f39382ca7ae43ebf1b5775aeda35c210a,896321,12945068.0,283.0,2.2e-05,1,2,224
2025-05-11 22:58:45,afaf2a588b6110a4950f75e8d7686d7d0f43d5903e85ff95248cfb691b16a511,896321,674251.0,287.0,0.000426,1,2,225
2025-05-11 22:58:45,e46ff1de7d0351d41ed4d483cd3a16c8e5f9526cda41211905ec43022c40aacc,896321,105654.0,293.0,0.002773,1,2,229
2025-05-11 22:58:45,c0c88e734f9e033e2848b2968d04648de3b8eabe88af5a0274302c1432364e80,896321,33397.0,353.0,0.01057,2,1,339
2025-05-11 22:58:45,84e2f1c4f0d785d1d584ed89b715f783fb36147a2a157bff1843a3767a8485bc,896321,502642.0,281.0,0.000559,1,2,222
2025-05-11 22:58:45,d680ba9498f17001d9213ea73f1894540b1a2a602c35373511e38ea93db88152,896321,509484.0,281.0,0.000552,1,2,223
2025-05-11 22:58:45,41fd05e32c6039537649e1679c2f71be6409002239ac2d35b57f085e1b659ec0,896321,1648896.0,327.0,0.000198,1,2,245
2025-05-11 22:58:45,58b2d7b4d3b72f066ec185eb8d2f6a2393962d04af957aba480640d3a27ed4b5,896321,100089.0,327.0,0.003267,1,2,246
2025-05-11 22:58:45,b30bc22371373b95c60d12fa0b79287a7867867086f0854852ed91dfb42d593b,896321,2680986.0,736.0,0.000275,2,2,369
2025-05-11 22:58:45,f29b77ea4ad281c29789e596a80f2662723f5dad0753c422f6addac6c95688c6,896321,22519700.0,740.0,3.3e-05,2,2,371
2025-05-11 22:58:45,0de5448ff7c808dd64a6c45a5047c891ac35473734b367118beeb861071467d8,896321,372542.0,399.0,0.001071,2,1,362
2025-05-11 22:58:45,ea4992a45791b6c95047f14d0427ab985464c22e3762acd76e501d70eff900cb,896321,29643.0,417.0,0.014067,2,2,371
2025-05-11 22:58:45,0c7243fa54bcc7f146371f618315fcf025e77b3c6a4c6b0d99bff59251cca2fa,896321,153028.0,40910.0,0.267337,355,1,38031
2025-05-11 22:58:45,f7105af9eab23b509e88de08fcb94aba9dde69e3ae72bdffe10602bacc90cfff,896321,74566.0,1034.0,0.013867,7,1,1082
2025-05-11 22:58:45,bfc3e2f5145e36403c55638952e8e133453c227ca2077596e0e1faeba5a9c6ff,896321,57086.0,282.0,0.00494,1,2,223
2025-05-11 22:58:45,c987edb623544c44bac6f9543164beaaaf5f58b9fcd925a7902f10aeb33699ff,896321,108485250.0,282.0,3e-06,1,2,222
2025-05-11 22:58:45,a3d61d91ff2269964c10ac281006d29d07db0cbf68ae6f986de6cb6fe37506fe,896321,31280.0,434.0,0.013875,1,3,298
2025-05-11 22:58:45,b6a31f81f27e805751edf8730e099874a19256537a2c9258ec961960559900fe,896321,113925.0,282.0,0.002475,1,2,222
2025-05-11 22:58:45,55d5e0bc49e9f69635ac18d255598508121b6092d1777ae87f13d4797733a6fc,896321,46252.0,222.0,0.0048,1,1,192
2025-05-11 22:58:45,23d92c1b56ff17ff84fa408f542dfd38f797f95ea686f45a2b25f4149008b6fa,896321,44397.0,288.0,0.006487,1,2,225
2025-05-11 22:58:45,d10df7740650aeafad0f0209b689ac9f9a5ac0d39e38b7a904e17a1bac0d23f9,896321,31613.0,434.0,0.013729,1,3,298
2025-05-11 22:58:45,f6614ddb91be29aebd10a34d863e30a6db9dd8c15b27139bdd5fa8e1e5f0d0f8,896321,138386.0,446.0,0.003223,1,2,223
2025-05-11 22:58:45,76632f15e3613b29ce2f10030fd11868eda23ec2cd78b0603dc9c5d27837edf3,896321,233178.0,308.0,0.001321,1,2,205
2025-05-11 22:58:45,177133ade44f726168a33ce7fdd3d34d0334ea41a9b9f206d852bb1fb67c8ff3,896321,35945.0,220.0,0.00612,1,1,191
2025-05-11 22:58:45,cf08ddc77ea51d9d10f94e54a49bb8c7361409f6b8154ca826feee1dc485cef1,896321,47308.0,220.0,0.00465,1,1,191
2025-05-11 22:58:45,6b029e993f1da68e613480f14f594cebd0b42dcd749f152438627affd0660ef1,896321,36546.0,434.0,0.011875,1,3,298
2025-05-11 22:58:45,dc32e4c46bcb8a2ee0338c75855f8d900c6045d07d2c84a12461f4b41e424fee,896321,44340.0,282.0,0.00636,1,2,222
2025-05-11 22:58:45,80ce116c99679b97aff51bd2e1c51413af28d7945cdcc470aeb473e4a8b6b5eb,896321,12555718.0,282.0,2.2e-05,1,2,223
2025-05-17 10:23:47,601298891311cb40ed429edc7bd236477a13169afa9417104cc8e9aae52d5d84,897086,867609.0,4176.0,0.004813,1,2,225
2025-05-17 10:23:47,3046d6f4dad9c86eb907d3b309d622cfd9f9c6047e5f60449c22d68b9f30b783,897086,307301.0,4118.0,0.013401,1,2,224
2025-05-17 10:23:47,b7a6db1cdf57a2de3e89fcf085cfdd6964a9f1aea7e85190423183286458e982,897086,160738.0,5162.0,0.032114,2,1,340
2025-05-17 10:23:47,6601dec1db4e8b1200d8912921b3bcf082eb433520ac700986606e311fbbb282,897086,114657.0,3277.0,0.028581,1,1,195
2025-05-17 10:23:47,add80a7bdfc27c10ed359cc45f4e05b326498152163e8baa6aa5f3b176ea8282,897086,2894584.0,4176.0,0.001443,1,2,225
2025-05-17 10:23:47,a67c35bad8e19037f27d055ac530827a4c7b15c5c9bd0de1a93714c7f67a2581,897086,144752.0,4176.0,0.028849,1,2,225
2025-05-17 10:23:47,624c1e0bcf7d9fbca771803ea9dbc81433cd158e2630de79d9e963c76f090780,897086,3459051.0,4176.0,0.001207,1,2,226
2025-05-17 10:23:47,d4fd903e89ba65752ed5a4c7b74ded32708bcba9ad2e1eee142bacf33f81ac7e,897086,74236.0,4089.0,0.055081,1,2,223
2025-05-17 10:23:47,546d2c6a9368f34c0c5fb6b6050001620df96987313b5bd53e524f686da1b47d,897086,35328.0,3277.0,0.092759,1,1,194
2025-05-17 10:23:47,9aa35349b41ee8af1e154c22144cec5fa3a4edbfb4c195a4d0c772a68b4c4b7d,897086,182298.0,3190.0,0.017499,1,1,192
2025-05-17 10:23:47,eb5571b65541319c16c0fc96b7f2c9764b6781dc1103db2838a2a3e6c0bcdf7b,897086,238964.0,4176.0,0.017475,1,2,225
2025-05-17 10:23:47,c8899b44fd9c335492724130b30c5daaad721cedd00ea2a4852f9f2a6307507b,897086,1084741.0,5162.0,0.004759,2,1,340
2025-05-17 10:23:47,0e4ca9cf24badbc9ce93b0b234ff00506fc85a95de0edf3d31d82a5e9dcb1b7b,897086,490383.0,4089.0,0.008338,1,2,223
2025-05-17 10:23:47,1d0e085234de9ae4963ea23cfd460c34a594da02af42297f3fdb1451420fa17a,897086,1399973.0,3277.0,0.002341,1,1,194
2025-05-17 10:23:47,eedc79d37203172b74cd64edaba2ad8b3cb07ea3a93f03460ed6714cdbef367a,897086,18117.0,3190.0,0.176078,1,1,192
2025-05-17 10:23:47,48d073ef708d6e177eb1ea102e4a1e4293ff81f573fbf75a26f67ccb5fab2f79,897086,126577.0,4176.0,0.032992,1,2,226
2025-05-17 10:23:47,3cf34dca1fad0c4e50675cf93a6732fcc36c0c39e697619ab10381621a61c578,897086,2880419.0,4176.0,0.00145,1,2,225
2025-05-17 10:23:47,a057c2c57b773c47a4f9c381c8968f0e6e25b66cd86ab1ff81d7bc4454cbba78,897086,93810.0,3190.0,0.034005,1,1,191
2025-05-17 10:23:47,8ec2fe8c886878951a102e9009e269f5f66754a9a6fc3cace7218d6506b4d477,897086,3479488.0,4176.0,0.0012,1,2,225
2025-05-17 10:23:47,c61554a6c77dc4a54904567a88b2b6c346b3ce17dffcf2c76d25d86ee142df75,897086,509017.0,4089.0,0.008033,1,2,222
2025-05-17 10:23:47,cdf2cf119ab9a3faf2687957975b4a8f70c9914866f310dd7c706d6c94abe174,897086,163931.0,4176.0,0.025474,1,2,225
2025-05-17 10:23:47,93a76512b702bad869ca0e945db4dfbbb5b1cbfbebd5d4d379a71fe3130f3e73,897086,165824.0,4176.0,0.025183,1,2,226
2025-05-17 10:23:47,7ed5480beb1465684f7739a20445413d1f79a1414c7d5e07242817e4b5752472,897086,1868099.0,3277.0,0.001754,1,1,195
2025-05-17 10:23:47,a477a5f612e64490205e5b977d0e39606dc4e4ac496c0d37e642d4d0afa91272,897086,2488409.0,4176.0,0.001678,1,2,226
2025-05-17 10:23:47,bd2fc29d342ed699bbd3bad89217886154eb8cdddbe762527b9464375b837c71,897086,16157517.0,4089.0,0.000253,1,2,222
2025-05-17 10:23:47,e6b0aa1303761e9e0eadb61645710de9ee1dc8c7905373803309f74049567771,897086,37723.0,3277.0,0.08687,1,1,195
2025-05-17 10:23:47,2548d542371a81b3dc2891f31cfc87b57861005ebe67b26c45de6d2338507171,897086,97529.0,4089.0,0.041926,1,2,223
2025-05-17 10:23:47,ca2e3de9e284104132fe129821c08ed65bc294438b71b940cecd01046f464071,897086,381027.0,4176.0,0.01096,1,2,226
2025-05-17 10:23:47,18cbf45ff95326162b13b943bb9e108190dd6034cb99b377ef96ebb33534736f,897086,320123.0,3277.0,0.010237,1,1,195
2025-05-17 10:23:47,fe8148b56eaf70c68922d2d61a43d995ba25736122c97c1d3b1ddbebaf37656f,897086,6162973.0,4176.0,0.000678,1,2,226
2025-05-17 10:23:47,dc138667792b5011467aed23e15d24638400edaa00d4744c1c70541df20c4d6f,897086,115881.0,4118.0,0.035536,1,2,224
2025-05-17 10:23:47,a16d9e9f851a14cdf8636fe1d606cb6c7da1bf0876c1f6c4e2201b3efd9d2b6f,897086,228006.0,6061.0,0.026583,2,2,372
2025-05-17 10:23:47,cd83d13690f6ffd71864d2fce0c29bc4def71e9bf6fae34a4eea8c98367d036f,897086,451210.0,5249.0,0.011633,2,1,343
2025-05-17 10:23:47,37e306792f02a470b8cf9fdd54c806d158cce2d683cfff2d9ec02f936377196e,897086,22947.0,3277.0,0.142807,1,1,194
2025-05-17 10:23:47,fc0737b9252c5d39d17bd5b123202c07fd9d714af1b7648d499831260d05e56d,897086,961174.0,4089.0,0.004254,1,2,223
2025-05-17 10:23:47,60aa6d39748c4e47143e486b48af33aa7b5bb9d921230db0e53b017f0909b06d,897086,42169.0,4089.0,0.096967,1,2,223
2025-05-17 10:23:47,998f343a1fa123646cb704ea622254823b31b703b335b21dba969fbbdd536f6c,897086,756506.0,3277.0,0.004332,1,1,194
2025-05-17 10:23:47,c421ec4a55e3fb2588bf5703853a32757f3dde4fb1d5601d20d82911ef951e68,897086,98855.0,6148.0,0.062192,2,2,374
2025-05-17 10:23:47,a29b8782ef9739ed8d390b0625168141b0ca727004f2ba8fa41acf02c5840568,897086,232288.0,4176.0,0.017978,1,2,226
2025-05-17 10:23:47,5f40b3faca287a3410c26657b2194ae8d17610d462943477fd5a21b0cce5be67,897086,1210.0,3277.0,2.708264,1,1,194
2025-05-17 10:23:47,317cef8b9c9c7c68622a501e48260af49a63ca3d6773dbaea726a6202a627466,897086,577403.0,3190.0,0.005525,1,1,191
2025-05-17 10:23:47,8803afe03a5bc5c49f68142eb847c274cf36f25d71072d4d16636b10e1fcae63,897086,148440.0,5249.0,0.035361,2,1,344
2025-05-17 10:23:47,53bb6df64ed930f8a951c7a96039e85db1397dcb5be990c0d677c49cb8828d63,897086,95304.0,3219.0,0.033776,1,1,192
2025-05-17 10:23:47,f8d631d6ca8357c531e727159d3dd9a3364d63346ecae7f5a70e4c146e37a162,897086,106810.0,3190.0,0.029866,1,1,191
2025-05-17 10:23:47,c7f89ad6454211e5e0170b546ba11dde8c8f099874f0f66a15422e02d0603362,897086,384759.0,4089.0,0.010627,1,2,223
2025-05-17 10:23:47,5bb9cf07f25353340b7707c0939d341b3b0da6981f915bfd0b48b176ba2c1c61,897086,196039.0,4176.0,0.021302,1,2,225
2025-05-17 10:23:47,235031474751ecc18ec29f7c96fcb88d5aee54f4d825c344ccbb852047cda560,897086,973394.0,4089.0,0.004201,1,2,222
2025-05-17 10:23:47,6c156ccfed19481eb14b38e2605546f31dfddbd158bb7435d684e5fa794f9060,897086,100819.0,3190.0,0.031641,1,1,192
2025-05-17 10:23:47,b5715cbbf889ea6a5e3cf59ab7d35599395007d173d85ac99140f22bd0738b60,897086,138457.0,6148.0,0.044404,2,2,374
2025-05-17 10:23:47,d42db1e77f24c9e0b003fef739c1f1d7f5d86f5e91d677f1e5761f98038d8260,897086,83654.0,4089.0,0.04888,1,2,222
2025-05-17 10:23:47,48760347f4a9908eb0d046c9eef437174a9ea2eaad65eb110739267bcac40b5e,897086,1906871.0,4176.0,0.00219,1,2,226
2025-05-17 10:23:47,a94ee75e5f26f8e2b6df78ad37e101999d5c65012dee78bfcaca8f78022bd25d,897086,461810.0,3190.0,0.006908,1,1,192
2025-05-17 10:23:47,c2dca0ee74a68b466f854b704986bc11de82c3a9733f0c43d4791233a92c015d,897086,156453.0,4176.0,0.026692,1,2,226
2025-05-17 10:23:47,5731b0bc03b7c4811626a94327d86a2aa372e6d979179a313088318d284c6c5c,897086,103940.0,3219.0,0.03097,1,1,192
2025-05-17 10:23:47,ee2b2f0ee670dba462ceb61a12a46351b776bfbd5aa4d0241e9d98ed76124c5c,897086,1117305.0,4089.0,0.00366,1,2,223
2025-05-17 10:23:47,346447d0821ad31474f1eb46ec5520ad42ef51d4bc644d960bab2e78a90b2d5a,897086,11711.0,4089.0,0.349159,1,2,222
2025-05-17 10:23:47,3d91f04c3aa8d74dc160ca489745987263d21688e7b36aa99550c700d2da9259,897086,1360504.0,4176.0,0.003069,1,2,225
2025-05-17 10:23:47,8fa3bb4196407a0829e88250d71c2283f31ab7edf45dde1e034078775120ee58,897086,634960.0,4089.0,0.00644,1,2,222
2025-05-17 10:23:47,e78bde7ec79b3d9bc897741f887cda6d2c072209388a9beffc41d69a710e3757,897086,5748584.0,4089.0,0.000711,1,2,222
2025-05-17 10:23:47,229b12750996eae7a7f870247e9197c70bcbcd72ad76fa97d3b6774badf28855,897086,60150.0,3277.0,0.05448,1,1,195
2025-05-17 10:23:47,b8f24aaead5cc025d072986cdbdada22fc2c6243265b24e41dfe43e244c31255,897086,26154.0,4176.0,0.15967,1,2,225
2025-05-17 10:23:47,8c0eec828f12f9b1767366296d5157297fd0aea6929772fb1d42bc4114013853,897086,353948.0,4089.0,0.011553,1,2,222
2025-05-17 10:23:47,532c7305c368fb99895a86e42d10c84cc94118b42ee0f9e088ae1f172c0dfd52,897086,40386.0,3277.0,0.081142,1,1,194
2025-05-17 10:23:47,f23f7f3c29b9042b58805c40f23c6e0834be7a34c4bfa1e74220c7282e634352,897086,96810.0,3190.0,0.032951,1,1,191
2025-05-17 10:23:47,cb53c845a689a29f9f4ea4bc2a8aef71239ea504e091aedc79fccda185d28151,897086,179704.0,4089.0,0.022754,1,2,222
2025-05-17 10:23:47,6e063142d24d480cc400d0629c4a1d23b7841d332c2bf9756cabb2c90eac6950,897086,30435.0,3277.0,0.107672,1,1,195
2025-05-17 10:23:47,2baa7d2f2eb676bbce8dc9d7da9621d77015c9b7f79d5f03b5b60972e7b9294f,897086,73852980.0,4176.0,5.7e-05,1,2,225
2025-05-17 10:23:47,c970f7ec3b521e7c06ad36bd3e518f85f04995a3c8f2b47d74ce46c6a58c5a4e,897086,241984.0,5249.0,0.021692,2,1,343
2025-05-17 10:23:47,9f171f8add9c288196241649f094bb362860450360eb3b1b295df46444441f4d,897086,166608.0,5162.0,0.030983,2,1,341
2025-05-17 10:23:47,fc123b78f8cbb2a4a2875e562cdd8f2f7ef133181a3cd3ddbba53176ec18f64c,897086,1112321.0,4176.0,0.003754,1,2,226
2025-05-17 10:23:47,4ceafa495489d08aeb436c555885d89bcfb6549675c5297a6fa7ec83e8ee324b,897086,76237.0,3219.0,0.042224,1,1,193
2025-05-17 10:23:47,f7ddcbd27f946ae6ac5e0639e0902dd0cd4655337627f0c88f0c9400054c2d4b,897086,98758.0,4176.0,0.042285,1,2,225
2025-05-17 10:23:47,2ef0ca900837247daa7f9d7ccf95d9acc6fcc67e46135ce799d713e3084faa4a,897086,35422.0,3190.0,0.090057,1,1,191
2025-05-17 10:23:47,ebb5f967a8559f759ec62361a92461b3e3d1d599ebf453e2ea16d3848bea6548,897086,3291.0,3277.0,0.995746,1,1,194
2025-05-17 10:23:47,3ad0d734ec30d6de38b62d70cb27e673ca105a67cf854a8ff78919566d343042,897086,2973718.0,4118.0,0.001385,1,2,223
2025-05-17 10:23:47,1608ecd1b8733b43193675653668a02262dd173587073466850b7068b3ca3f41,897086,133145.0,4176.0,0.031364,1,2,226
2025-05-17 10:23:47,40180386862d3b5fb13ebd44114093337ad7c578553eb89f5bf8274cd3fde640,897086,1676101.0,4089.0,0.00244,1,2,223
2025-05-17 10:23:47,6acc22473840ba4ed320e0d744a44d1eef0182ad46adeb0c2bdea5a070758340,897086,108723.0,3277.0,0.030141,1,1,195
2025-05-17 10:23:47,03b2dd50d7f5870a385b5a97cc347415f53880830527b935e4ef0fabde470340,897086,1231011.0,4089.0,0.003322,1,2,223
2025-05-17 10:23:47,a360a5bf0fec50cf2af536556a9d350c302681bbb040cb202e5dd67dd3d14e3f,897086,67242.0,4118.0,0.061241,1,2,223
2025-05-17 10:23:47,79468f08ff45d89935a057642348de7481eac151c10a6f52d65f88a449e2013f,897086,101016.0,4089.0,0.040479,1,2,222
2025-05-17 10:23:47,a04d8a6145a23ef150948c1e19676de24489ff7a00fe08d19eeb55a5f09d7e3e,897086,12809.0,3277.0,0.255836,1,1,194
2025-05-17 10:23:47,5cbf741559181cc4767193622a26d71953088b9c747ae3d8bae4d6f2a5297b3c,897086,16810.0,3190.0,0.189768,1,1,191
2025-05-17 10:23:47,ea602fe8621b3ddf256323d49b8bc6ee65b8bab38f5f40a64b04f18ba8d0e93b,897086,125824.0,4176.0,0.033189,1,2,226
2025-05-17 10:23:47,c8576ecc69a8464d00dc75ae820d414fa4fdbe4f950ef68610529f5d13d4fe3a,897086,924780.0,4176.0,0.004516,1,2,226
2025-05-17 10:23:47,463cd0fde32a98591173441eb54c189ceea2cb24874920ae2a499bebc8db3d3a,897086,567561.0,4176.0,0.007358,1,2,226
2025-05-17 10:23:47,4fe35aa3779efc6c4bad620b059fcaa38e1d2010ed47dc90f58118485d277e39,897086,210957.0,4176.0,0.019796,1,2,226
2025-05-17 10:23:47,f2b7a962d52a0d2a2bc4f2012de404069c7002f6a86955fead8119d1b5e5b638,897086,1202653.0,4089.0,0.0034,1,2,223
2025-05-17 10:23:47,343975d8a993faa9120eb4a05d5a616f738f981dd6f44d2a61eae32b2e0e7a38,897086,91688.0,4089.0,0.044597,1,2,223
2025-05-17 10:23:47,ea903ae7aa0bb8f8d8be8cf31290af4a5bf4c4bc597e9eccc40cb96041d04838,897086,949187.0,3190.0,0.003361,1,1,191
2025-05-17 10:23:47,3f38cd055dac49a59c7165ecc5ffb9176b9e9799a82c9fdf234de412edc1e936,897086,356451.0,5249.0,0.014726,2,1,343
2025-05-17 10:23:47,57eb3b687e8e502bb5fb2de5fc68641ec9311205fb18b7c10e2b8f0be096b934,897086,20877.0,3277.0,0.156967,1,1,194
2025-05-17 10:23:47,1034a38da6bbee55176fa4877890bb7a01d71b8c7f69424786b24fe166114933,897086,343789.0,4176.0,0.012147,1,2,226
2025-05-17 10:23:47,f50339345a795880b6d3eefe85b440e428ce6db74f08cd87781c839888b2d431,897086,432599.0,4089.0,0.009452,1,2,223
2025-05-17 10:23:47,31217f9d0bb483532c86b70a2f9a4df6975b3ddcdb0b1981cb9e2db52ce47b31,897086,406000.0,4089.0,0.010071,1,2,223
2025-05-17 10:23:47,f31ca8efc38b8e7cfadc13febe29c123a27e23ac3a38a1157ed2bc636c657931,897086,3964025.0,4089.0,0.001032,1,2,222
2025-05-17 10:23:47,fcb1c342a4b3d4ed0997be34c1cc466047a22668be8f042e213464f35163682f,897086,13272.0,4089.0,0.308092,1,2,222
2025-05-17 10:23:47,2f6d63a6e9ab55628344dc58f9c7e036f4b9717b5766a5cabb3466ab47d0bf2b,897086,32140.0,4089.0,0.127225,1,2,223
2025-05-17 10:23:47,5bea6e5e61f5a5973d73bf10002f2ea4e45737d687e51e99851b221dfe57ca2a,897086,1649998.0,6148.0,0.003726,2,2,374
2025-05-17 10:23:47,4f6e8b633931f86ce50dc3b9f736a87cff6d88c3bb8a02741b8a24527ea25f2a,897086,189382.0,4118.0,0.021744,1,2,223
2025-05-17 17:52:33,7e1e78bef982908d579d40f9cba0a6c6e618d66edaf3d0dd1d31f0ca0c0759ac,897134,41726122.0,8584.0,0.000206,1,4,287
2025-05-17 17:52:33,590b53069bb3248c42e3580e5baf29e3fb0d72efdae3a87a3b1eb53b4b7a4a5d,897134,354665.0,8890.0,0.025066,2,2,374
2025-05-17 17:52:33,9f15efb0550729475c588d5ac87e1a056475197abc1664947dd58e52466be49a,897134,115057.0,4706.0,0.040901,1,1,192
2025-05-17 17:52:33,fd55726c86b4aae4853af889dd704e4530ac2fdd56d81d10c90dc14fdf54affb,897134,1581022.0,5978.0,0.003781,1,2,222
2025-05-17 17:52:33,296fb205a60cdcf15b612f8ae5da0dd3f789bbeb9f814425f975434e5389a5f3,897134,863037.0,5978.0,0.006927,1,2,222
2025-05-17 17:52:33,ea721481cd6e127c1a60f49938598b1629b898761aeb090a6f00a5b292cecedb,897134,5060691.0,5978.0,0.001181,1,2,222
2025-05-17 17:52:33,76894e440b4e481c7592e770ce5a9ad6cea14470438206ee2c42d586c0fdfbcd,897134,29604404.0,5978.0,0.000202,1,2,222
2025-05-17 17:52:33,00af625b5f9d7ad5ed80b2e0a95ce2847214c9960295af44280124f54988eda5,897134,945442.0,5978.0,0.006323,1,2,222
2025-05-17 17:52:33,bbd1d607c3030c7b1bd257ee8703097c967cd4ba815da71f0e1e805bf8134223,897134,2893076.0,5978.0,0.002066,1,2,222
2025-05-17 17:52:33,ecba0c9e80e96d3c91af21277fd21be1537fde37f915e92332cea8ed3b8319e9,897134,5246075.0,6021.0,0.001148,1,2,223
2025-05-17 17:52:33,cbb4db09cb1ddfbf357772b6e83bb490e867f9ede8e7e939d5b641421bc37064,897134,519000.0,6106.0,0.011765,1,2,225
2025-05-17 17:52:33,a593cf4b30f820fab8dae85e337674117abbaed81452b2b69a5dbeee6ed698fd,897134,761510.0,5986.0,0.007861,1,2,222
2025-05-17 17:52:33,c52054e3887e34a98df2006339c2c262d4afc485adb994836c66169bbfcff116,897134,2647100.0,6000.0,0.002267,1,2,222
2025-05-17 17:52:33,fb3a293ce32564757b8a11d9395026bf1b898109bec3d44add1318d5d985ccfa,897134,322096000.0,31944.0,9.9e-05,10,2,1554
2025-05-17 17:52:33,e39b51a6abd3e430976ea9e50ab5a72e62c07e5dfa0d251e44082bada77a0d11,897134,6709848.0,7590.0,0.001131,2,1,340
2025-05-17 17:52:33,7ce973c294708b141e3b344613bce73c6235400b7f109513df9c1b9578a75063,897134,31003.0,4959.0,0.159952,1,1,192
2025-05-17 17:52:33,3b3801b7db16c2c244cfeff3f3a2202da776972eb353848cc668c0c34da28cd1,897134,21068827.0,14130.0,0.000671,2,5,472
2025-05-17 17:52:33,532fd918ff19827e9d06aada4ea973a26b2b253d5513cf375a3b3a95593b6bc0,897134,2724296.0,7263.0,0.002666,1,2,239
2025-05-17 17:52:33,b7cf7699f1c0877036e20c5a87ff7fa0fc4f0c0bfac0d60fdfe8b3cfacf330ba,897134,3986915.0,7263.0,0.001822,1,2,239
2025-05-17 17:52:33,80a75bfc12e127b0adb63ed8afe5835a4da3b98cddc682fba9f808a5bd39abaf,897134,2730426.0,7263.0,0.00266,1,2,239
2025-05-17 17:52:33,d1fe0097dab2586faefdfe4446f39a8653e5be12370e65777dea520410780541,897134,2725941.0,7263.0,0.002664,1,2,240
2025-05-17 17:52:33,70009666508e70461b73918a1af4f99a7a855a6c10f1d7736ad06639c33dbe07,897134,4002737.0,7263.0,0.001815,1,2,240
2025-05-17 17:52:33,6feca72c1220928b103504df45c01d95c94a1bc2d4cefde37e9ca48e2f76ece7,897134,2782345.0,7311.0,0.002628,1,2,241
2025-05-17 17:52:33,2fc87376aa251084a343399d4c26d0f78ab39d7b1d9ec6eeab297dd6219272cc,897134,2706466.0,7311.0,0.002701,1,2,240
2025-05-17 17:52:33,9608f0b18ef932c079849cf5e3b89b890ed27c64f94ad42dafcc5f39f6ab8617,897134,2742322.0,7311.0,0.002666,1,2,240
2025-05-17 17:52:33,45b37786bac887c86068527be0f67ee6f5d74292c8118ba5e3e2b1069f196701,897134,2803622.0,7311.0,0.002608,1,2,240
2025-05-17 17:52:33,497f3f2c26f6c28c7a5a1834e665045742d87141524b0ad47408d04201e0b871,897134,12080851.0,13815.0,0.001144,3,2,547
2025-05-17 17:52:33,8a82d1cf4cc80f5db4beb0d47321741918af7c10bb3f361e7909633afd980de0,897134,1378867.0,6912.0,0.005013,1,2,226
2025-05-17 17:52:33,3c84642ea4109b77689d2d3d211339ea621bcd723146bdc916027a948ca0328d,897134,1799976965.0,7050.0,4e-06,1,2,222
2025-05-17 17:52:33,cb2bbfd2902ff769d2797415034e7e0cf17e16e1c895a69f5b0fad774b102e61,897134,2099984015.0,7050.0,3e-06,1,2,222
2025-05-17 17:52:33,6d5d44ac85347705c2b9904c82ec9af2ce58877cdfeefdb9c7e858c1406bb822,897134,34549828.0,5830.0,0.000169,1,1,191
2025-05-17 17:52:33,bad13c55ba114440a5bad1595bf641d51f026342d3d5b8df2dde3f3ef0fbbccc,897134,577766.0,11520.0,0.019939,1,2,382
2025-05-17 17:52:33,ec231b923a1815545fb8c9fa9e40c0a4e7f03a4807d45e0d86ece46a5741f996,897134,90000.0,6983.0,0.077589,1,1,191
2025-05-17 17:52:33,fa749679466f66e4935f0a6973120d310bb00e94bd4794ccdb1d314424101577,897134,160000.0,12187.0,0.076169,1,1,188
2025-05-17 17:52:33,1fe375e262bdf5a989ab79621abcd890add5cb766be66388a6072a05d51a67c4,897134,121607.0,7260.0,0.059701,1,1,192
2025-05-17 17:52:33,4fa6ddbc98f65d434b9d7c290aed6114238076f238ae3541cac6c84a6e9cfa83,897134,385222.0,7260.0,0.018846,1,1,191
2025-05-17 17:52:33,170dea1a4a9e0465778b5009f37c59aa64ccc9afedbc97686521327f52a0ba63,897134,78240100.0,9900.0,0.000127,1,1,217
2025-05-17 17:52:33,393bb72e4daa79db6c2caa0bee6d664b55c6c0d6d77cfcf83c3e68c0b00b8127,897134,577076.0,10404.0,0.018029,1,2,223
2025-05-17 17:52:33,c99c3ac37e9463c2f80476afaf894a4c8b3f32f3904bf67d32bb4fd93d93bcfd,897134,352809554.0,11844.0,3.4e-05,1,2,223
2025-05-17 17:52:33,726d4f6fce993b2873d0fb1aa221922d7d8028834e3f94de5f625f3c03e6e702,897134,2170214229.0,12690.0,6e-06,1,2,224
2025-05-17 17:52:33,14cb4b06fc071ab81b370c70ebbc3ebc9fa0d51b20cdb479e5b012fcf4151682,897134,42561064.0,14100.0,0.000331,1,2,222
2025-05-17 17:52:33,d906c967f39be6f72ef677fc73c37255744d203cc71790db802ced997db426a0,897134,32184870.0,4589000.0,0.142583,664,2,98661
2025-05-17 17:52:33,6c8419367afd58b9417bbb60e888c604a1b6d714c7463f85cbab6dd90295e4c6,897134,9829403.0,21150.0,0.002152,1,2,222
2025-05-17 17:52:33,e1ac10fcd4bcc0b2b16456d9d7f34de250e901bc4c4e19e2f9b9a84845ab4610,897134,360325.0,16500.0,0.045792,1,1,191
2025-05-17 17:52:33,70423e0933747b52f2b54eedefcff79b06154674ef68f9d58ec5bb138fd325c4,897134,23646978.0,30300.0,0.001281,1,2,391
2025-05-17 17:52:33,215f1da852faf65ff42bf3f8a6468fb91685504fe7728208b6cb946f6edd1699,897134,9707814.0,40070.0,0.004128,1,2,223
2025-05-17 17:52:33,e1f17796a90b3bfbc603cf1971bb2e35e9bb60ce092ac029f670ed6ddc20362f,897134,295.0,125.0,0.423729,1,2,176
2025-05-17 17:52:33,7f2e4e569d50d3364f9393fa53a79ea7c511a5f63136cefa2a7ac9f733e794e3,897134,324891381.0,0.0,,1,7,471
2025-05-17 17:35:50,d467ee5902cd380fc49bac2b10f31a8c6eeb8dcac83be00e52ac37935b202cf6,897133,6969.0,444.0,0.063711,1,1,150
2025-05-17 17:35:50,93c63c0a3de3be07ceb3ea5aa0e6f70e2371fef6fc87915f38572c02762c5a9d,897133,24454.0,546.0,0.022328,1,1,193
2025-05-17 17:35:50,6dd7141423765d8f42dc58b762fa6e213505a18e7f2072cd0688ea4c26078a3d,897133,178454.0,546.0,0.00306,1,1,193
2025-05-17 17:35:50,c85bfb8b655bdb4bbdb4d34cd4eb01c6545a6c5c44ba7086574fa088b6bda235,897133,14897.0,546.0,0.036652,1,1,192
2025-05-17 17:35:50,56c7876b08b501889f10cc4fc0516ca3b04c230c5aed312ef2d02294a5e97682,897133,182611.0,695.0,0.003806,1,2,222
2025-05-17 17:35:50,5f9555ea2fcc9911bdc192e6ee381f786ce45df5403fe0781d16a61ecd427f64,897133,90193.0,695.0,0.007706,1,2,222
2025-05-17 17:35:50,de531d2361b3723590d2369aa7cc22d977fedced4cdfb9a7fb85c0de34ed4236,897133,57295.0,695.0,0.01213,1,2,223
2025-05-17 17:35:50,85e1e8c41d5d9157f24323cc8523a3373e562a17113736360cec32de303a9599,897133,231844.0,710.0,0.003062,1,2,225
2025-05-17 17:35:50,00430e41772fa5822cc94f408ef14e676775c77d8da84e1a894ef89d2bb6d36a,897133,76475.0,710.0,0.009284,1,2,225
2025-05-17 17:35:50,46ad9d50a3320dda8297fe1ebead4b6d719c8c6b3afec4c46b836b5c02923b51,897133,205345.0,710.0,0.003458,1,2,225
2025-05-17 17:35:50,bcd0ff1c1c456dd34d9c98d16dd1c450e1ce6370fd686aa94cb317e043052416,897133,673589.0,710.0,0.001054,1,2,226
2025-05-17 17:35:50,b2ec95ec8b05b3c354c22bf41d19de83c1035d087aef698ec37a2e7d62d71a3b,897133,77741761.0,1425.0,1.8e-05,2,3,451
2025-05-17 17:35:50,8b4b350780442120cfd92fdbd9fc61a66db32893207fe6537a5a0c4422f29c76,897133,36938.0,755.0,0.02044,1,2,235
2025-05-17 17:35:50,6c32c10e22a6830ebb97f9c52e97107bf768f6233ea246f2b6c134a95da548c6,897133,18464.0,948.0,0.051343,1,1,192
2025-05-17 17:35:50,c407a078e6fb16a169b1bb75bca847d6450f826a1937c564014f6642d9c65fd8,897133,18304.0,1661.0,0.090745,2,1,336
2025-05-17 17:35:50,dff31dd100b5e344af67d8a13499b3beeffd8740fe73de9c9f3ae3f3849bf6c6,897133,219335.0,890.0,0.004058,2,1,342
2025-05-17 17:35:50,3188d6790e4ecd3b97199dfdb266f802f2c6100a7e8053ac289743c3322524ff,897133,258970.0,1030.0,0.003977,2,2,370
2025-05-17 17:35:50,a605721f10ba8371fba9c2724a1c9c16013c022881b1f3d61ad67613875af286,897133,76895.0,1045.0,0.01359,2,2,373
2025-05-17 17:35:50,db1184941fad5e685103e990aa343f04c7cf60585c9b7b719655325846b36583,897133,706900.0,2900.0,0.004102,8,1,1233
2025-05-17 17:35:50,3528bff63e0b3ea5b3e80520488974f168cf55d4aec4c1363b3a9e35248fb45a,897133,29124.0,2608.0,0.089548,3,1,483
2025-05-17 17:35:50,6565d6616cf4f6aa3649068a3ec35d6198c6fc11596c4c2f4b6282bf7b356334,897133,32126.0,892.0,0.027766,1,2,223
2025-05-17 17:35:50,2429566be0f63a8589ddb5781c93b9eaaa451130287fcf8dc2a997ee8a340f68,897133,109021.0,943.0,0.00865,2,1,352
2025-05-17 17:35:50,ef45e05e32c1bef11b9719ae00282113ce199bf4b10f4f316eb8c90c43ef79f1,897133,89454.0,546.0,0.006104,1,1,192
2025-05-17 17:35:50,8f8b70fb9f559aaa5dcae3a0975165132b851ac1214a6004d37fab4cd9aca6db,897133,208600.0,546.0,0.002617,1,1,192
2025-05-17 17:35:50,6dcb42d8b3a2630fddac528df11388d3855dd8c8a256057d5b29b820bbb9a2db,897133,50982.0,546.0,0.01071,1,1,191
2025-05-17 17:35:50,3f764000d396423e6a6006c878e155fb0a19d1d383e6c776f3c09d5b9484f2d2,897133,109403.0,546.0,0.004991,1,1,191
2025-05-17 17:35:50,947c09b83dd6ae467d3c6f4e7fc8da142a51e48fc6384f74d2b1f6ad63f263ba,897133,49454.0,546.0,0.011041,1,1,192
2025-05-17 17:35:50,7dd49af5914b814edc420cc3b18fff270e13701289eec9a2a725ac4d50592cb4,897133,155820.0,546.0,0.003504,1,1,192
2025-05-17 17:35:50,b176c9099120a30b2231773633c3cc2f898bbbc38647fa711d05011f08341eb1,897133,183976.0,546.0,0.002968,1,1,191
2025-05-17 17:35:50,bea6ff0a10895c8f9d2a00ffdb0f831d39d238e53329a253753d3f880cb80985,897133,72938.0,546.0,0.007486,1,1,191
2025-05-17 17:35:50,8bfabd720a2061349cf64477cc739415a3d3ad1f9ffa26308d04afe93ed92666,897133,4493.0,546.0,0.121522,1,1,191
2025-05-17 17:35:50,8ca715c0c52c53aed9f212b3c5c376131d76a5986f774908f2dcf5bc1522a048,897133,23719.0,546.0,0.02302,1,1,192
2025-05-17 17:35:50,80a31cbfd9860ac7c2926995942e038a1df4696c9a91a9871f62012c9e97ee22,897133,344943.0,546.0,0.001583,1,1,192
2025-05-17 17:35:50,dc451014a1244f689ffa552fab4e8e553717d968ed3bfc4cd0d1d7b4a5a7a2e8,897133,345489.0,546.0,0.00158,1,1,192
2025-05-17 17:35:50,d66fd040d979522a374bbb571fb792f3f65f57a1e11eaa28943c0871a8c82857,897133,26700.0,700.0,0.026217,1,2,222
2025-05-17 17:35:50,3261045ea3aa4c274b7349fc6c967a5b4f4e0b058b4a17e2658acf1b7904871d,897133,41431.0,700.0,0.016896,1,2,223
2025-05-17 17:35:50,df4d6c3d39ba00abfa218415de821f16bce7522bddd94494624f7e7b5e8a2a04,897133,23981339.0,1102.0,4.6e-05,1,2,234
2025-05-17 17:35:50,2c9c62c29bd1aa1c95635fa795f3cd5f9d946f05be2e3d22ff84f15ff1e44fb8,897133,24124256.0,677.0,2.8e-05,1,2,222
2025-05-17 17:35:50,aedb7de790e0e626151f1b2c6a2019ed43bec834cb3933612d429616b084a74b,897133,24150924.0,734.0,3e-05,1,2,235
2025-05-17 17:35:50,6dcb1bfef3d0a3c7d4c5cfbd86705516838fa0e32cb4f2828528c5c0cc079ee7,897133,24161399.0,734.0,3e-05,1,2,235
2025-05-17 17:35:50,cfa0941351297b198ce11fea18e0567fdb009d118f0e3f4626e9879a0a402f5e,897133,24203586.0,734.0,3e-05,1,2,234
2025-05-17 17:35:50,88fb112acdac894903b86c3e22f2a4df58bcde9c9a45d9773528da4f9b7f7fee,897133,24215155.0,734.0,3e-05,1,2,235
2025-05-17 17:35:50,8e2a81356c5f47cc0ee2cd5d9638be9d1ced88700d55e6ebcaf61d8ea635f6a2,897133,24237039.0,677.0,2.8e-05,1,2,222
2025-05-17 17:35:50,daac3f6d24a12432f6478856fcd2849763912f1f63a2c0f6ebe30fb0de7d46dc,897133,24250754.0,508.0,2.1e-05,1,2,223
2025-05-17 17:35:50,d825ea759d3f40ad46659269f330d47864c44c98f2a87d68d707fe25cb89ca63,897133,165797.0,1038.0,0.006261,2,2,371
2025-05-17 17:35:50,02bedc74f31d0f79c80f68783b300b2bf6932c564c1683242c25ba2ea6abfe7a,897133,416404.0,1043.0,0.002505,2,2,372
2025-05-17 17:35:50,72343aa7d994441287f0197ab5cf3c0ae141c4c66628e6061e0f29a4638b3c26,897133,304968.0,1113.0,0.00365,2,1,386
2025-05-17 17:35:50,1bebae3acea4d707ed3b484560b45eb7f389469af6263dda513b8510c4cefe32,897133,375946.0,820.0,0.002181,1,2,247
2025-05-17 17:35:50,ffe1b25dd3f6f46b0ec765c83d50940438c04cfafa1e598110bda0a2ac30257b,897133,39898.0,1050.0,0.026317,2,2,373
2025-05-17 17:35:50,8cedcf9079b415127176ceffb0a9844d776bc88cff829ddf8b71e6ffb50d879c,897133,883221.0,695.0,0.000787,1,2,222
2025-05-17 17:35:50,0811971851cc926ae3b840a7ccf0eb72fd71d10024f0b17a69ea00cc0448813d,897133,265381.0,547.0,0.002061,1,1,191
2025-05-17 17:35:50,81d3b28f7513a532161a408aa277646494305f00869d7bfb02ebbad227bbf2c2,897133,84671.0,667.0,0.007878,1,1,215
2025-05-11 22:58:45,a0895a9b2326a2a507cb609d0a8b35e97664df45eb878ba4954f46b22505efbb,896321,288401218.0,423.0,1e-06,1,2,222
2025-05-11 22:58:45,83157e93833713885ec8089a57293a3128f6af6022b4838753bbf64cc6465ebb,896321,526738.0,330.0,0.000626,1,1,192
2025-05-11 22:58:45,7e5b320855d8399a678bc5bb15c2e6ec8a15eb7181f4ea074aa00d176b0c74ba,896321,135331.0,423.0,0.003126,1,2,222
2025-05-11 22:58:45,6bff8fe37f0279a3034fdb00b888026b3c8cb5dbd579398fc1b2cce931b24fba,896321,13975.0,423.0,0.030268,1,2,222
2025-05-11 22:58:45,41c3d53d2c80c99a2967c366d5e4b97d153509033e1278c87aca445774f8eeb7,896321,455174.0,339.0,0.000745,1,1,194
2025-05-11 22:58:45,5eacea1fe3b1de23377f17da88f5a9867e2d9868547dc9741f475b98b2eabbb7,896321,4822975.0,432.0,9e-05,1,2,225
2025-05-11 22:58:45,e6a4e60bfb229fbc4b075220b6e7adbcf5cdc48aca17d782af4e75f267654eb7,896321,8713.0,330.0,0.037874,1,1,191
2025-05-11 22:58:45,b2cf958da45dc6a5bc0fc35cbf13ad0b8409939409f96e123ff34da7881416b7,896321,45600.0,333.0,0.007303,1,1,192
2025-05-11 22:58:45,ca570a1a13c8103711cd052c684f07474cd5c4d99740048529e69c794268fab6,896321,1078661.0,423.0,0.000392,1,2,223
2025-05-11 22:58:45,38c588b64b47379974a6ef7167cd1b304f4fba95605ea76dfe1a49fee1d4a5b6,896321,2356681.0,531.0,0.000225,1,2,259
2025-05-11 22:58:45,0371518ad749a110626c13e818d156d435f3e81f1d025c74cfadae9ef0e073b6,896321,2256228.0,1125.0,0.000499,5,2,624
2025-05-11 22:58:45,adceede098467a0b0e29817a52758315054d073a951c3a713687df06a9014cb6,896321,461087.0,330.0,0.000716,1,1,192
2025-05-11 22:58:45,54a48d753307be78d4a7058e8ac81a3cb8612bb98e588e617d3f5f6817293cb6,896321,104744.0,423.0,0.004038,1,2,223
2025-05-11 22:58:45,c9cb6807477f8123997d5eb7fbf3072ee8130349ce283b55927354ec902202b6,896321,2769346.0,423.0,0.000153,1,2,222
2025-05-11 22:58:45,0a6b20495b70d5e3fa50935573a391fd8fc38e4b3ed0745ba81f4ed08d02efb5,896321,166224.0,423.0,0.002545,1,2,223
2025-05-11 22:58:45,5d2e4e6d126a875607fd268b943c191573e8c14b66812ccdb6b496e70ce9acb5,896321,399833.0,423.0,0.001058,1,2,222
2025-05-11 22:58:45,2d6667ab1513c7b0615f44dab0a30c877ebaa7e703d7d1bc885679a3682c9fb5,896321,259470.0,339.0,0.001307,1,1,194
2025-05-11 22:58:45,878bde39afb03f9a0bae2c040c38415f5fcecc15441e808229b4a319c53121b5,896321,17831.0,339.0,0.019012,1,1,195
2025-05-11 22:58:45,003453c5080e8b5c627927abb2faeb64fb8a92cd17fca5c147b7ee599e26d0b4,896321,108475313.0,570.0,5e-06,1,2,380
2025-05-11 22:58:45,3d481b372719ddcf2de7761f7915845cc969a3082558e47dc35047ea974dc4b4,896321,58814.0,339.0,0.005764,1,1,195
2025-05-11 22:58:45,bc33eb1d0d0a869dee9ca1619535b1a3ab4d00f96247aed54cf7292e7d126bb4,896321,380754.0,432.0,0.001135,1,2,225
2025-05-11 22:58:45,7ecd08d718874e885943a20d2d251c565ca4ae53cea7f5259549da2c1f5166b4,896321,52475.0,330.0,0.006289,1,1,191
2025-05-11 22:58:45,b4202213b7d3734ac83bbca40542f8845cb8fd640bbed7ea91533fdc7e18fbb3,896321,414762.0,1365.0,0.003291,5,3,704
2025-05-11 22:58:45,75802fae4814a3068e910909a3af97764cfe5194cfc4d577b56e06d27abad7b3,896321,3187170.0,669.0,0.00021,1,2,223
2025-05-11 22:58:45,f1ca17aa4915f8c30033baedb2217acbbb5202d755d3883784d01536fe8e8cb3,896321,1105582.0,339.0,0.000307,1,1,194
2025-05-11 22:58:45,a9922d5021c8b12e04572eafc13d0fb0600d9a2e1337aefd28f140e70f5c1cb3,896321,10297797.0,423.0,4.1e-05,1,2,222
2025-05-11 22:58:45,af39d3457b82b759251e304997c649a07b394875cb7e10ebf8e378151a8407b2,896321,1238235.0,426.0,0.000344,1,2,223
2025-05-11 22:58:45,f4ae8b682cae2ebd0b61f819e7e29a02dac1c9755b5496629610495dcefefeb1,896321,143775.0,330.0,0.002295,1,1,192
2025-05-11 22:58:45,d475169925713163b468eb5538d54b29b6dc4e48f39ac11cd1162c5eb98de1b1,896321,47080.0,339.0,0.007201,1,1,195
2025-05-11 22:58:45,a6eb254b26df486cab7f30fdea25bf3dd29e95935fb98a1ee7768f53670b46b1,896321,523728.0,423.0,0.000808,1,2,223
2025-05-11 22:58:45,2ec5ec54cb46803a5d0acba9d4d68602c4dcc3fa05b9d99093981342d4e1d5b0,896321,276091001.0,423.0,2e-06,1,2,222
2025-05-11 22:58:45,f6c1a1d0a29fc50730698e0e37de94c822b9f66e228d9cdc5825066bfb28cbb0,896321,618267.0,495.0,0.000801,1,2,246
2025-05-11 22:58:45,f8f6d696ef5bc0282a1a6aa82b16740ebf3c08810044a4e1e289c8e4709d74b0,896321,52286.0,339.0,0.006484,1,1,194
2025-05-11 22:58:45,85d54d6c580a64a44a29c2a1febaac5ed2121530402df0bb5a522120e0103bb0,896321,34015265.0,426.0,1.3e-05,1,2,224
2025-05-11 22:58:45,d32efa4cdcf6979ca8d658972b4d259e64162d8d1eb42d9377b09c037a62eaaf,896321,8717909.0,432.0,5e-05,1,2,226
2025-05-11 22:58:45,3a49e3fea4e436fe53a4cb58895a88cad43668121bf543523b6dc4cd2c5eafae,896321,1081816.0,330.0,0.000305,1,1,192
2025-05-11 22:58:45,64e3cbef2fd0d8a4817159e8db6afbe6f8853adb569683d2d1431b2e2fbda2ae,896321,106574.0,426.0,0.003997,1,2,193
2025-05-11 22:58:45,488ced3b35f8a7ae4e14db1656d4eb4f7e21767fbd6554b992d29852211ca6ad,896321,783684.0,432.0,0.000551,1,2,226
2025-05-11 22:58:45,d2a1085b059fdc4839473839f7de3fd6737064c9e128e10248b04696c0d72bad,896321,1477.0,330.0,0.223426,1,1,192
2025-05-11 22:58:45,642d28b2753f1cde1d193b43f4c4c99865d24a4fec5d6a000d50d52068ba12ad,896321,392270.0,330.0,0.000841,1,1,192
2025-05-11 22:58:45,4755bee7eca36c57a0c5fb5ca660384f3c8047a6af0173ff069080ee4ed7abab,896321,82889.0,537.0,0.006479,2,1,341
2025-05-11 22:58:45,a4cb774c445e3c7d4bf9eba41d622b74995ae79a04fd3b731906689043805aab,896321,11929541.0,459.0,3.8e-05,1,2,234
2025-05-11 22:58:45,766423e063f35e0594decfd8c2ccf7c1a8add669e0019effcfe88ccddf642aab,896321,47305.0,333.0,0.007039,1,1,193
2025-05-11 22:58:45,80d1d8622db2fcfa4c02a5409589a95c8de8c9abe7c111748e6d08dce7e7f1aa,896321,81130.0,339.0,0.004178,1,1,194
2025-05-11 22:58:45,c0a06df3e5677c87229fb2dea73b13f1c673c822fb3d7ed89ddbd9e057f16caa,896321,4870.0,531.0,0.109035,1,2,258
2025-05-11 22:58:45,095dbd84832a24165fb75e3255c904adca222e0368d76c53d159ef03d5be12aa,896321,146132.0,432.0,0.002956,1,2,226
2025-05-11 22:58:45,5c5b60d78e855ef62d35225eee16c66190ad9322877454051493ce4bd8f9eda8,896321,29790240.0,891.0,3e-05,1,7,378
2025-05-11 22:58:45,259aae5dfc1b083b9c6c30ef195a906894cb78604ac36e1d5d7bc953bdcdcdce,896321,30173401.0,1170.0,3.9e-05,1,10,471
2025-05-11 22:58:45,372f0950962c274c5bb71516e9cda81ccbe40244a2115a23a34f4fe8d443c3a7,896321,464351.0,432.0,0.00093,1,2,225
2025-05-11 22:58:45,14c774b938fb9ec63310cfada1a8cbea29789550d7f76eee3ff1002a40ca41a7,896321,71557.0,423.0,0.005911,1,2,223
2025-05-11 22:58:45,4954bdace1a6567e0fe0d6d87659d7d7b3b59b392f59adbc2c354b6f9e8f68a5,896321,476237.0,627.0,0.001317,2,2,371
2025-05-11 22:58:45,7c74af8aaa135804c9f990417cd930d148f8279f57224568b94f3112e647eda4,896321,154577.0,423.0,0.002737,1,2,222
2025-05-11 22:58:45,52d32d626ea30b736215b49c0c7e845790df2d66a595b318b7a7ce59794bd4a4,896321,673373.0,330.0,0.00049,1,1,192
2025-05-11 22:58:45,77245c0be5eea990135293776b80c02bfcff3060402ba79d014f709281b88fa4,896321,50475.0,339.0,0.006716,1,1,195
2025-05-11 22:58:45,80e164cb8b32596fbeb2f3b3fe544eeda2699eaf7483ac77bc68b380dea3baa3,896321,30965.0,423.0,0.013661,1,2,223
2025-05-11 22:58:45,ad3642ce3764a70800540e556f50804e3a6eccebb0af5d92f0c97a268317aea3,896321,18568.0,330.0,0.017773,1,1,191
2025-05-11 22:58:45,630237d3869c63810020d402cd94e44fa1644c696bee971046e0558d3c9746a3,896321,446360.0,570.0,0.001277,2,1,352
2025-05-11 22:58:45,4af2261cb4aa6414e84c783bd6958cee6ecad774ee41bdb84e1879b7496848a1,896321,1409079.0,426.0,0.000302,1,2,223
2025-05-11 22:58:45,863401e6a63a8886710c7eb076570ab9804b0e34aaa2c432a1dbb98e99dd30a1,896321,588774.0,426.0,0.000724,1,2,193
2025-05-11 22:58:45,eb32eb92292226b58a66644b6e721af1ff3e3b5c3edbb98d11219357fdb0029e,896321,13934270.0,423.0,3e-05,1,2,222
2025-05-11 22:58:45,cd9a6a8807fee32e0bcf93ecafb6bda1aa61c47eef39452f737fc5fe03a1bb9d,896321,223367.0,534.0,0.002391,2,1,340
2025-05-11 22:58:45,2b4339e1003137a8fcc27d151fb6752156ffca0091b934ee3938f931159e409b,896321,293943.0,330.0,0.001123,1,1,191
2025-05-11 22:58:45,c1f96ff8b4ed740b89c01ed27657ef372a00b6836dfa18b4e3917f29ec3f1b9b,896321,431886.0,426.0,0.000986,1,2,224
2025-05-11 22:58:45,d98c5d768fcb8362dd357935ec41e37ecac7558f723651e8c0d3f1e7ed50059b,896321,330.0,462.0,1.4,1,1,331
2025-05-11 22:58:45,f8ffa17e76ae3ee52636ce5e133b42f4bcc0912ef3e51be866752d161c13da9a,896321,23723690.0,330.0,1.4e-05,1,1,191
2025-05-11 22:58:45,ed1c409e34b439ed0d63e4bcc82f6bbca05a77c4766b8d69b4b312feeac0be9a,896321,59710.0,423.0,0.007084,1,2,223
2025-05-11 22:58:45,a86cf7d968d1ab861dcde8b2fec29e6e364027213ac15334c9617bc126a69c9a,896321,96976.0,423.0,0.004362,1,2,223
2025-05-11 22:58:45,4d8ec2108581d8a6f85645a10434930f173fc1f3f088cac358c7daed2420949a,896321,468742.0,423.0,0.000902,1,2,222
2025-05-11 22:58:45,7ae749af45b5a4e0dd86c3e6a493351c49578dacdf404e12c6427858d4c8bb99,896321,38183.0,432.0,0.011314,1,2,225
2025-05-11 22:58:45,18d203983354dcadfc4b53850888b706c41001361c0e2d761d42c9b931eeff98,896321,1341622.0,630.0,0.00047,2,2,341
2025-05-11 22:58:45,d4e5f2f68d74b8132cdf782c9d79e793ef43a1b9a91a52398ffac11f5f685498,896321,4854451.0,423.0,8.7e-05,1,2,222
2025-05-11 22:58:45,3ad46b7993c4667ae80d7c9435ae1219b8cc032a0e5122ebb0844ca2c5b3d897,896321,70006.0,432.0,0.006171,1,2,225
2025-05-11 22:58:45,d9541b9e81a5604931669ed4c802ae0c15a7ae9dcb690c0a5515ecd1ff29d897,896321,3696.0,513.0,0.138799,1,2,343
2025-05-11 22:58:45,20f48f123910000549a6e1401ab14ccd49b4246b9b6391f4d91b5eb3747cc197,896321,398743088.0,753.0,2e-06,1,5,333
2025-05-11 22:58:45,e42f65a75b1817aba50b025bc5504e95570814e615422320f73f9f308e47aa96,896321,101183.0,423.0,0.004181,1,2,223
2025-05-11 22:58:45,c67ab656905b00521dd80fea12f4d760efc54fc5aec00d4df7dfe780b6ed4c96,896321,435412.0,426.0,0.000978,1,2,193
2025-05-11 22:58:45,3e9c88a0d1b8041245ae2c05796ff26e35b8e259405635c85e053644a8e47d95,896321,109370.0,630.0,0.00576,2,2,342
2025-05-11 22:58:45,4243d9305831d7509ffc92d122c551c8e548d934bf02be6103be0f43fda55595,896321,13826.0,423.0,0.030595,1,2,222
2025-05-11 22:58:45,becd2ca3c8fbae27a2c953dc5cdb5df70238dee1dc8e4b9e3cd2ada15d6b1794,896321,8743.0,330.0,0.037744,1,1,192
2025-05-11 22:58:45,dcebd38a12423a5f4d3c1a2e17b1eaa37a005ff792bf17268b62f6e5f2c9fb93,896321,16822.0,432.0,0.025681,1,2,226
2025-05-11 22:58:45,87cc8adb9cf70ce91dc29da01888be8afdfbc89d4dd86cb42a114873ba1cce92,896321,691820.0,612.0,0.000885,1,4,285
2025-05-11 22:58:45,79f42001455e019ff5483fe014136fc6b6eee119bd32905a4632642717508d92,896321,11063.0,423.0,0.038236,1,2,222
2025-05-11 22:58:45,30ef28afa091e2f78b93d60fd345031494e52f58f46e2d077250e8bd35808592,896321,20535.0,534.0,0.026004,2,1,341
2025-05-11 22:58:45,198cf4153be4f28a154b295393d8c7f559a204ac83cc4692301d66721091da90,896321,268666093.0,423.0,2e-06,1,2,222
2025-05-11 22:58:45,dbca485c536b8eaad8678de9c8f62b48e5f48a51af9e95fc6c5773036effb490,896321,408831.0,426.0,0.001042,1,2,224
2025-05-11 22:58:45,9d357625839744012e7dd63afb50e677e9ed6edc9aa729c1a68e3ebac8d76690,896321,468860.0,423.0,0.000902,1,2,223
2025-05-11 22:58:45,e4afded79d5780ddb38cc6e8b0f7193cbda6c3f01ee4d25bf3cc53961d9e538f,896321,575385.0,423.0,0.000735,1,2,223
2025-05-11 22:58:45,8699199ad4f33d71838b57ad9629ef4b610f3d61fa2ddcf0876113341f04eb8e,896321,88577.0,423.0,0.004776,1,2,223
2025-05-11 22:58:45,706fc7793f13c8468c2f90a42702786c200cf56063cc20ecf2eed4c5c79e968e,896321,67789.0,537.0,0.007922,2,1,341
2025-05-11 22:58:45,277b39c343e6c1e2d6961702368931f1e3116207cbbb8131e099ae9dc219098e,896321,129334.0,771.0,0.005961,2,2,419
2025-05-11 22:58:45,62c90d101a2331b39cb906bb4d747cd0a48b57769bb79c1e15a2f74e0ae9088e,896321,434541.0,423.0,0.000973,1,2,223
2025-05-11 22:58:45,98c4d128f18589e24ab212014a62f316421a270ed5277cda33c27fcfa8f7058d,896321,43071.0,339.0,0.007871,1,1,195
2025-05-11 22:58:45,47153892987b9bbccb25fd339e6ff7679ed886cd73fefd5d02ed9a5ceb80638b,896321,23375.0,426.0,0.018225,1,2,224
2025-05-11 22:58:45,c0e15aae7d0a8c1e727c793ae3fee7ce5ea9703bef23f1d7fb332743f8924a8b,896321,659073.0,339.0,0.000514,1,1,195
2025-05-11 22:58:45,9803c24bd88bbac0e6a8ec164f9639de5adee092a032190a85fde976b14d7889,896321,2553.0,330.0,0.12926,1,1,192
2025-05-11 22:58:45,fac671e98520089c15c9c716eb71b3a5e958ba23a41bb4b20156919106684a89,896321,1429150.0,423.0,0.000296,1,2,223
2025-05-11 22:58:45,b0fe9b53b01d1502679e6c02755206d6fb06fa7c5120e9d04df1bbead6e4a088,896321,1124193.0,330.0,0.000294,1,1,191
2025-05-11 22:58:45,43b64cf2bd46149421889924ce610c21f0993be7eeaaacd510f29bd5edb51488,896321,746150.0,432.0,0.000579,1,2,225
2025-05-11 22:58:45,089b0086fc6a0f4c69a792532f4c00cb5ec2722a4da194c104b2847aca84bc87,896321,23133.0,630.0,0.027234,2,2,342
2025-05-11 22:58:45,ba2a0581de45bed17119ffe767f224f08e42dd7bd3d92e462478139a441bf586,896321,9860.0,432.0,0.043813,1,2,225
2025-05-12 03:41:07,07a65ac58b473ab3a0fdd92f3a39336519dcbec9e6a6c3cdfd951eeac7d836ff,896353,6268646.0,283.0,4.5e-05,1,2,224
2025-05-12 03:41:07,76784029e423002d37ae81c524bf2460fdb276ae58b2253af7ffb3768ff7789b,896353,141996863.0,283.0,2e-06,1,2,223
2025-05-12 03:41:07,742288ba782af4f98fbab43fe7ca0c7a08d566c14e8ac48aa56cd21adf46651a,896353,107980.0,283.0,0.002621,1,2,223
2025-05-12 03:41:07,ae759b67da2940a09915e566096b40edb91885fd4491c434ca1c9f13612bec18,896353,1584747.0,283.0,0.000179,1,2,224
2025-05-12 03:41:07,9c280872766653fc3ccf9e8a33519130cad5c000c5e5d2d7a77c25a3254fb300,896353,2356687.0,283.0,0.00012,1,2,223
2025-05-12 03:41:07,e3ae05e4ca396ae5ebc17ccaf11e5f43c9e852b62dc1f67703780ea149e046fa,896353,2439193.0,287.0,0.000118,1,2,225
2025-05-12 03:41:07,b0ad914186c232191861a7d7a0ce034b256620c346d2f1cb148a90297f752769,896353,44989752.0,335.0,7e-06,1,2,250
2025-05-12 03:41:07,ba1467907bff9321e92ebdfba8ff93cf88106ad072b090bf42b5496a0bcc16e1,896353,1461546.0,1900.0,0.0013,10,1,1760
2025-05-12 03:41:07,81d0f3a5f53c63e4eafd471f6d4b1a520fe9737f99cd357dba95a5e8fe86147e,896353,13214.0,553.0,0.04185,3,3,488
2025-05-12 03:41:07,7b6497123326cb58f85f17d0c0703a81516875ef4a49c62693041717960d5c7b,896353,785911.0,1187.0,0.00151,1,1,162
2025-05-12 03:41:07,e505bba47aec17b48c8584b7be963cbc46b024cdb50257c3a20908e3f7bc77fa,896353,796926.0,966.0,0.001212,2,20,1066
2025-05-12 03:41:07,6b56cb8da0db59b4093645ad48728de1e2e07b7ced03a9f006919c33a6d61eff,896353,122841.0,434.0,0.003533,1,3,298
2025-05-12 03:41:07,beca5840cb861cba0b2e241f5152156870260f8a484ae77245eaaedac8c01cff,896353,73892.0,434.0,0.005873,1,3,298
2025-05-12 03:41:07,5325366ef7fc39698c9434b9586b49ee301e0fd749f777eb9f36218f64b316ff,896353,1153470168.0,540.0,0.0,1,6,351
2025-05-12 03:41:07,9dd9f5c36ec43697749ba4e90aebd6c5a2af23ecc7770600a3161f6729ce18fd,896353,70876.0,226.0,0.003189,1,1,195
2025-05-12 03:41:07,27f2b04d774d1b97050fafa5f56f62ef9efaaef01991b9891f23ba7aadd165fa,896353,30825.0,226.0,0.007332,1,1,194
2025-05-12 03:41:07,f155aec4f0732c389e08d54a796f10a0c9c56e8056f2bf481905f3b76fa0b2f9,896353,13849.0,226.0,0.016319,1,1,195
2025-05-12 03:41:07,bc729cc6db7f3f9541b4b1f9530262c56a90b819082e9632fd4b9efe5b48eef7,896353,23780.0,220.0,0.009251,1,1,192
2025-05-12 03:41:07,5cf54d5ea0c3c853de88ee0108a0b1459313b253bc800854d4c80ae75ebbaff7,896353,1586.0,410.0,0.258512,1,3,286
2025-05-12 03:41:07,39d533bc6e093bfb25358739f6b54d232c16e63a7bef00571ba64bf376a1d3f6,896353,34783626.0,284.0,8e-06,1,2,224
2025-05-12 03:41:07,2e865721cbca7ba27d33f2a8150ff2168bad3c4579c6cff2c8edc7cd6278b6f6,896353,288216.0,446.0,0.001547,1,2,223
2025-05-12 03:41:07,4abfb4a04e20bfbfa6976246ef6a06696672e25e6ca1eac61ff18640272d9af6,896353,1425.0,410.0,0.287719,1,3,286
2025-05-12 03:41:07,b7eae144be54b12b51b61bffbf8a8a9600ea88aed80d796894b4019106e222f4,896353,189098.0,434.0,0.002295,1,3,298
2025-05-12 03:41:07,7d38cb949bf5d3c4a9c4c4ddd37f63568e6a5606268f53baafe968f4df5f17f4,896353,330.0,304.0,0.921212,1,1,326
2025-05-12 03:41:07,e531523b48fa931f20eab0088e57b6733ed83d831b7bb21267507cfd8c90f6f3,896353,99999712.0,288.0,3e-06,1,2,226
2025-05-12 03:41:07,796954cdb9b9ef4e261cba7c0b3ab9a34aa9b87607e1c5c4f523a5c6b3e379f3,896353,94662.0,434.0,0.004585,1,3,298
2025-05-12 03:41:07,46cc2187c37a6f423d43b1fa0e313173fbafdff489f5624ef0ef2da63bc21ff3,896353,64110.0,434.0,0.00677,1,3,298
2025-05-12 03:41:07,7967885132b8a70d1faffc2e3029912f01878a6ec0d12683e5692f53cf8fadf2,896353,63893.0,434.0,0.006793,1,3,298
2025-05-12 03:41:07,6f6772c8d00f57c57698765bd83a2db98aea2e20b45c745ef8362b76358bf7f1,896353,67826.0,434.0,0.006399,1,3,298
2025-05-12 03:41:07,2d374f9dbb2605de9211fab5b8253f5c0dbef031f1765b9e7df325d47e77e1f1,896353,15339.0,226.0,0.014734,1,1,194
2025-05-12 03:41:07,70a0afbb31f3f3ef0e0eed7b597163aa63ce66517005296046376157427dccf0,896353,65751.0,434.0,0.006601,1,3,298
2025-05-12 03:41:07,d51fe4a478f7bbb5d3a6f9d0ce68683867b72e5e8c4f8ef395877a11645822ef,896353,1586.0,410.0,0.258512,1,3,286
2025-05-12 03:41:07,93f6e5fe46ca6f8a944280acc0201c1cbb10c8fd373e2b4a5fd8a0b9361a98ed,896353,8097.0,442.0,0.054588,2,2,384
2025-05-12 03:41:07,d109b247587a1cfb50204bc05cf1bb2e384c96170133ff365811a22a5e90f8ec,896353,13716.0,284.0,0.020706,1,2,224
2025-05-12 03:41:07,de7137b629680cdcc4c227a3308b799cb3a1cd9f1bc9a59ee6e3cdc9ec8f45ea,896353,201906.0,816.0,0.004041,5,3,657
2025-05-12 03:41:07,7ac7f50019bbe880e226ed48bc8dd70667e6737cfc19ea9ba23d001ae69baae9,896353,64482.0,434.0,0.006731,1,3,298
2025-05-12 03:41:07,63dc618ca49134063ab4940b5b1749127d1745bcd434c603539478e2047ca0e9,896353,90018.0,222.0,0.002466,1,1,192
2025-05-12 03:41:07,b7c57ff4143bbcbda52a3b0a8220419ecb149f986ca5e53909cb1153f1ec58e9,896353,840373.0,306.0,0.000364,1,2,234
2025-05-12 03:41:07,32c70cd232b0d45bf1795ae6401e3f6166291a36bb84f798e9f0fab2068e58e9,896353,64110.0,434.0,0.00677,1,3,298
2025-05-12 03:41:07,1332607d6279d4638dab3dfa7e047bb3c903d0ab7ea2ff4a00e59001413995e7,896353,190367.0,434.0,0.00228,1,3,298
2025-05-12 03:41:07,8a908bff059ff9fbacb562c967eb5099289a9858dea27c851b941aa95bbab8e6,896353,74439.0,434.0,0.00583,1,3,298
2025-05-12 03:41:07,3591e4bebfe69b9fffb538e6fab8feda6992cacec59a46bc45f54cba8eeb6ee6,896353,490006.0,282.0,0.000576,1,2,223
2025-05-12 03:41:07,918d390576f209ad8fd8ee83e3fdec0ce0d5400e8560a3fcdc974ff40c4039e6,896353,1586.0,410.0,0.258512,1,3,286
2025-05-12 03:41:07,6a37c2ef14b8eed68c0306c2e5155e52af7c9867a89cdd636a0aa3cd42b2f7e4,896353,22522880.0,282.0,1.3e-05,1,2,222
2025-05-12 03:41:07,5b482a22a3a7486dd82ffc2c4b7c604d2ce07714485dd0ec0df9f38fad044ce4,896353,192014.0,282.0,0.001469,1,2,223
2025-05-12 03:41:07,3c668a7c342e99664aae85447a53d3838f06f37af324411b34aa079e800743e3,896353,101140.0,434.0,0.004291,1,3,298
2025-05-12 03:41:07,7c7b7e121b5faaf930f3c44a83ec947e5488b47cecd673ef630d6f0193fe75df,896353,64283.0,434.0,0.006751,1,3,298
2025-05-12 03:41:07,5cda0df1965bd74fae6db4c1cd823e3c76d856ad7e3a2e5a29ea4df447df16df,896353,94662.0,434.0,0.004585,1,3,298
2025-05-12 03:41:07,f46fd88df6eaa7e00aaa71aa5d34ce114d1929f45f563f043588b2956fc7b8de,896353,1811948.0,268.0,0.000148,1,1,216
2025-05-12 03:41:07,11bb1e600f8b6c503b27db2b4dddb57982774c2f433df5d5b9c811cb0aa529dd,896353,494648676.0,282.0,1e-06,1,2,222
2025-05-12 03:41:07,dee98db75f8d81d0e27195137422f6475f8dd98d92f1534b0b7086847d51e0dc,896353,64110.0,434.0,0.00677,1,3,298
2025-05-12 03:41:07,182ca1dc16062e777d9cd265ec25576dfad7077969c35949bef41c48fb3a07db,896353,75140.0,434.0,0.005776,1,3,298
2025-05-12 03:41:07,f8040dd8f35c311399283b24302aa8947245c481f6f5fd4bc20d12739876d0da,896353,63893.0,434.0,0.006793,1,3,298
2025-05-12 03:41:07,9bfb878dabdd941058c6f74c4451c87836a81c8143312d63520bc5a71a95bcda,896353,64110.0,434.0,0.00677,1,3,298
2025-05-12 03:41:07,8e5ed0d68d8a06a80db3240408e0230c1970b3aa819cdc34c3479e6eef8dd8d9,896353,330.0,304.0,0.921212,1,1,326
2025-05-12 03:41:07,c417becf9ee86dfb64508f3144a43797875ca9cf1a278893363dbd3d72b4a7d9,896353,331520.0,434.0,0.001309,1,3,298
2025-05-12 03:41:07,8ffec9653804c8dcbb2e7938f8363830dd8df125099e4bf3c7801e64a6baf2d8,896353,64283.0,434.0,0.006751,1,3,298
2025-05-12 03:41:07,1322b3d9413b197821f675ef8717f0ad972f60dd16f2bc8f33b12c58594c89d8,896353,168920.0,360.0,0.002131,2,1,342
2025-05-12 03:41:07,80d03901af7e824f6846a6d7cbae41b091df8e89d86a57c92afa8afe1d2762d8,896353,9393.0,226.0,0.02406,1,1,194
2025-05-12 03:41:07,7c16f52cf882cd73a453434bcf51c1812e59fbf1b3374da334a5191881a9f1d6,896353,9333750.0,284.0,3e-05,1,2,223
2025-05-12 03:41:07,8382f3bd30cad3b1dd21ed8dc4ae24a0b7810a78fb2eef77e3d91c36982c81d6,896353,5034105.0,282.0,5.6e-05,1,2,222
2025-05-12 03:41:07,3112dba40f64411d3faa887c80b15653712d1376f259b8c3de0e10e1787844d5,896353,74739.0,434.0,0.005807,1,3,298
2025-05-12 03:41:07,54d9cbb2b71c4db3b036a3b79c91bb9c861de212b71ce98ca988eb6c381765d4,896353,4093886.0,282.0,6.9e-05,1,2,222
2025-05-12 03:41:07,df1e6d7bd52af02d85bee502e7582edbaf8425b860a4bd1adba18efca90833d4,896353,144079810.0,346.0,2e-06,1,3,255
2025-05-12 03:41:07,36e86db7a0e738294139b7f8988e2d174ffb65d6534f08d6fd3aa510a422b0d3,896353,1477375148.0,330.0,0.0,1,2,246
2025-05-12 03:41:07,519dfbfb6f3de9e83253b4fb36bde0f4d7c69b166587ff631289f55bfab3bdd2,896353,820890.0,226.0,0.000275,1,1,195
2025-05-12 03:41:07,3402633c8cbf6690e6a56875e4ca7fee80a08e62b9550bf0d1d38c8ea2291ad2,896353,3532745.0,546.0,0.000155,2,4,405
2025-05-12 03:41:07,74c35897408fcfe75b3d47b85607d3a5a0bbabd351fae134dbd62ce0ce997bd1,896353,153379.0,434.0,0.00283,1,3,298
2025-05-12 03:41:07,395a68c757a31a1708432cd32c726df203b055799c8b1c4b07a24846725895cf,896353,1586.0,410.0,0.258512,1,3,286
2025-05-12 03:41:07,f502b0e89026384a37c6702332188a3e75cb8eb73b34ea1922e268c048ed72cf,896353,1760638.0,362.0,0.000206,2,1,344
2025-05-12 03:41:07,301f1f26305dd82b7a155b3e17fe4508ea486c17449eff5ef760224e999e67cf,896353,10342.0,220.0,0.021272,1,1,192
2025-05-12 03:41:07,0e71d91c975932e113dba6d2342588ada8735260ebb9ed3c5e0c0362af8a37cf,896353,64482.0,434.0,0.006731,1,3,298
2025-05-12 03:41:07,86c7f81bac8b10443db2e3da95748557877f8c888bc869fd104f43f00c0743cd,896353,65017.0,434.0,0.006675,1,3,298
2025-05-12 03:41:07,107504738a440f4a0043a19e7de4e0459b1617a57dbc331ca32566fcb905d9cc,896353,546.0,304.0,0.556777,1,1,325
2025-05-12 03:41:07,e449a1f29ec4d1c82bd899ba5ffa3e6e3d59391f312d643c85508abca1ab84cc,896353,1039.0,410.0,0.39461,1,3,286
2025-05-12 03:41:07,c21a6d551a70d6996b81c4d9eb01dcf1f9f32b772baf5998710713ebb0454acc,896353,148993.0,434.0,0.002913,1,3,298
2025-05-12 03:41:07,689aaf5a008301a38894397cfd90a626819726c5c9fec42df4556685b21cfaca,896353,64110.0,434.0,0.00677,1,3,298
2025-05-12 03:41:07,88ddad6920fa4a0e2dfdf8f88032c2c25d7b59fac8b3d83a998b20b466fab2ca,896353,1107602.0,362.0,0.000327,2,1,343
2025-05-12 03:41:07,2037130b5182113d40be6c6552908daa87cdbd612c3816285924f58aa6a5f4c9,896353,471178.0,282.0,0.000598,1,2,223
2025-05-12 03:41:07,781569df08565158c02d56f391c9b2966a02a6167041ca573f06c0f1a3aeaac7,896353,14029.0,220.0,0.015682,1,1,192
2025-05-12 03:41:07,c97bebd6736f87aab918232defe1e175066cea84b94a838b44c1a54a3c2b2cc7,896353,3611538.0,418.0,0.000116,2,2,371
2025-05-12 03:41:07,7975c37b4b250e9f124b37888094dcd97e365b9463007f42c0c623820362a3c6,896353,815182.0,282.0,0.000346,1,2,222
2025-05-12 03:41:07,f45e64d16ca527ebbadeb0eff7889effe0a3d87a1b6f8b452e0e7f9ac7a659c2,896353,70331.0,434.0,0.006171,1,3,298
2025-05-12 03:41:07,4a7654c599db42e783dde6a170b07dfdffd190c92722ba393d2c806c60fb20c2,896353,92381.0,288.0,0.003118,1,2,225
2025-05-12 03:41:07,f3df6652bae2e49ca0c4fc4767945396d617b275f1147badeab4ead2c55ec5c1,896353,72743.0,744.0,0.010228,2,2,372
2025-05-12 03:41:07,32800b780dbdad5ef7ff380aeed377ffeda682e4027fdf52d74788f043d4d4c0,896353,1163701.0,446.0,0.000383,1,2,223
2025-05-12 03:41:07,02728628f8249c5f0038f4d85923604cac78e2946b25828caaebf1d1820675c0,896353,64812.0,434.0,0.006696,1,3,298
2025-05-12 03:41:07,e054b844a6580e9a6917a00c3ceb7fb22b173b4d569ac7d5f14d588f8e9b17c0,896353,102505.0,434.0,0.004234,1,3,298
2025-05-12 03:41:07,79e273a49a2704ea15ac314bae1d419e3bd84c91fd4bc0b85cea883405e64fbf,896353,28679.0,226.0,0.00788,1,1,194
2025-05-12 03:41:07,7ebe1773d2a51d4146a9906a269eb43a0fe24f427ba5b6c16d9adc37731a3ebf,896353,64482.0,434.0,0.006731,1,3,298
2025-05-12 03:41:07,c9db9cfe92831ac53b2095bf046200b7f04f312c8a47760eae6b9ef19ddae8bd,896353,64482.0,434.0,0.006731,1,3,298
2025-05-12 03:41:07,6928e8ee91238882923dcb74f9eeffcfa70e044cd0afb3713ce66e7ecd4f8dbd,896353,67826.0,434.0,0.006399,1,3,298
2025-05-12 03:41:07,c7d2ae2fa58d6ef6717fade0d75555fabc994c68bde6c27a540880014b8ac7bc,896353,99778.0,222.0,0.002225,1,1,192
2025-05-12 03:41:07,6703fe116ff2cfe577bb005300ac56e535a81625190880d193587ba643214bbc,896353,3846113.0,282.0,7.3e-05,1,2,223
2025-05-12 03:41:07,16383a6f7e15fbec709d67bf77de91e739fc06c84382da6f01ca106dde64c0b9,896353,91912.0,282.0,0.003068,1,2,223
2025-05-12 03:41:07,85065f4c52d8655371087244148832af9fc8b818610a54df6f044dcebddde0b8,896353,172784.0,282.0,0.001632,1,2,222
2025-05-12 03:41:07,c230c59b435f252667bda9d68dbe538edde5f0514cf7134ca392196c633a22b7,896353,90260.0,226.0,0.002504,1,1,194
2025-05-12 03:41:07,a1928c35f22a6d2ffce0dba69fd1d5df9d2649df73ce2620f93235a9308d15b7,896353,3334824.0,226.0,6.8e-05,1,1,195
2025-05-12 03:41:07,cec02479a86b566c284d11788988828db706b7c4f11508663dc858cce27682b6,896353,64283.0,434.0,0.006751,1,3,298
2025-05-12 03:41:07,242b863d5a6d55466d6a03c72e231ba8e5e78853b17c38b2a93006934b1868b6,896353,546.0,304.0,0.556777,1,1,326
2025-05-14 17:04:35,459d9ebbce10e40c79bc3f83158e91d0967b458b5ea8cb96327a0a54e6919f62,896698,43043.0,546.0,0.012685,1,1,192
2025-05-14 17:04:35,ea1bef713eef51c0cad97de7cca6b8d3f127a2ebc37ae16594c3316c7aaf2b4f,896698,78540.0,546.0,0.006952,1,1,192
2025-05-14 17:04:35,73d626dbe1d2f270e613b3b45792823351dbe7fd19a01a44bffa5f2b2dacc93f,896698,122539.0,546.0,0.004456,1,1,192
2025-05-14 17:04:35,b5b380284f12fea4f66eda58f5817c402d9d1ca2ba936a48e19da81fbd385507,896698,15628.0,700.0,0.044791,1,2,222
2025-05-14 17:04:35,92bed43029d84b0eab5ee50fd8f54ba752e88c3ab61924642ae9ce5b046195b8,896698,8709345.0,2723.0,0.000313,7,2,1114
2025-05-14 17:04:35,656257461f7084a51d5d3f9bce58bb0bd82fe8dda94c592f74e358960133f24b,896698,473958.0,2723.0,0.005745,7,2,1112
2025-05-14 17:04:35,f88619a7a41fb172a5c7349379e91de1a68576f5882847f177d0fd1814c90516,896698,2699976511.0,1230.0,0.0,3,1,489
2025-05-14 17:04:35,0c9f10d4d8425a6eea5cb75b22cc9e518c26c84f03e1845e0caac4f2db0090f1,896698,9999302.0,698.0,7e-05,1,2,223
2025-05-14 17:04:35,19a939d8009cd806796df567c73f52671ecce7fef9eb1c553cf77a4272440661,896698,1989999302.0,698.0,0.0,1,2,223
2025-05-14 17:04:35,aaeaff0eb567cb983516b39f61d6f779749707d601f92dad6aa3e35a8feea8b7,896698,2505143.0,1373.0,0.000548,3,2,519
2025-05-14 17:04:35,5a8fee267f0acf9735f6466d5306e25d8efc5e01892617a6d0cce1e6632bbcb2,896698,928270.0,1373.0,0.001479,3,2,518
2025-05-14 17:04:35,3b6b5f7edad3466608fa7610fe57eda7dd0cf7b0d15f06b5b41046f3e28fb801,896698,1077944.0,1373.0,0.001274,3,2,518
2025-05-14 17:04:35,1adb1965dee614cb8a28d19e7b0d5086e6992a57e0994e49ceccbb788dfcea8d,896698,1801267.0,9145.0,0.005077,26,2,3935
2025-05-14 17:04:35,ebccfb737ceed6d6f3813accfa1e017cf59b653a478f6546549d7d0070b884df,896698,306738.0,1035.0,0.003374,2,2,370
2025-05-14 17:04:35,de48d0413fc6517c71fd9d6b74a2c1a39000a339540eebf8a26b578d2906984a,896698,1547089.0,1045.0,0.000675,2,2,372
2025-05-14 17:04:35,1adb21dc1703670c8ae8aca0ab36f823bdec9e88e6f8bcbc434214bdf0c1f3f4,896698,194644.0,667.0,0.003427,1,1,216
2025-05-14 17:04:35,c833c83de37b607760493078942a55985c5ef4a74da61d14ed322431105dd3a0,896698,324320.0,702.0,0.002165,1,2,223
2025-05-14 17:04:35,7b73f0616a5b1768aced3c93bd5d454142a4f107f4b6fce35123843c083fc350,896698,92147.0,702.0,0.007618,1,2,222
2025-05-14 17:04:35,2f6493567b37f8351b20b1fc1bb6a425a7c0635e69771c957f9f159abe963592,896698,103937.0,772.0,0.007428,1,3,236
2025-05-14 17:04:35,a2367700e69ce29849062b3de48e653000a4863af73f983fb3f1e69de0358930,896698,350996671.0,2250.0,6e-06,6,1,937
2025-05-14 17:04:35,a28267986b6e995214dfe3299552098c615b74eebb6c9b5071804c1ba0c84ed2,896698,484872610.0,698.0,1e-06,1,2,222
2025-05-14 17:04:35,a452e09ddcbc2d40b2ba9d09e4f111df75c389edf665be43cfae4ed4f6fb7975,896698,476985818.0,698.0,1e-06,1,2,222
2025-05-14 17:04:35,1b0b8f36d414d7c2763213ac123dfd3f29a41b0d5ad21f87a752c25ec92c334a,896698,122538.0,548.0,0.004472,1,1,192
2025-05-14 17:04:35,39b9c39a821ac68b857ab5d3ebf00a72c97fd4117cd3b1fd55f53c04f77d3548,896698,189452.0,548.0,0.002893,1,1,191
2025-05-14 17:04:35,bf666d9ffaa108d2fffda09d22868ffc76198ca61eb98486cc6c92efefb58da3,896698,5701.0,563.0,0.098755,1,1,195
2025-05-14 17:04:35,1d9c8b77821b473531b34876f5a35d7b0d8e14eec93d3d582841e06f9ee8bb4a,896698,134573.0,877.0,0.006517,1,2,258
2025-05-14 17:04:35,ff8e6d4ee0a3e8e7ada45efd23e837b68c41910ed8b664a2088ef452c09fbffd,896698,45415.0,703.0,0.015479,1,2,222
2025-05-14 17:04:35,141c4ffc4d1ac93ef0ca013a5f9672c57b4bb65689472a338dfed49efc974dff,896698,17229892.0,708.0,4.1e-05,1,2,224
2025-05-14 17:04:35,b3f6d411f16c2d03b69e4946ed4e2d2a2e5f8f31a07f8aebcc8e1e76319be2ec,896698,1183031.0,708.0,0.000598,1,2,224
2025-05-14 17:04:35,63363a9f52256e7e47dfe95acab7b6de837f39fe0f548525a10247e40d588ebe,896698,1153869.0,708.0,0.000614,1,2,223
2025-05-14 17:04:35,5bfd2a6426364fafac3868e0f134118a73fa5c6517b25677dc0b1bdd8f3983bd,896698,7273550.0,708.0,9.7e-05,1,2,224
2025-05-14 17:04:35,1cd8d89b24f7a2204632fb0bd4641db705cb2409883d6d4145ae2d5099effaae,896698,37763.0,708.0,0.018749,1,2,224
2025-05-14 17:04:35,13f970d62c8ba225e2b884011203514c115f42ba1fd12d74364cce20261c6a90,896698,713277.0,708.0,0.000993,1,2,223
2025-05-14 17:04:35,57e49596bbe32e78115d95899b961fb8106334637797f1a5f342e3d4a865cf69,896698,3531306.0,708.0,0.0002,1,2,223
2025-05-14 17:04:35,caa1b20a6a45ba50c1cef773adc1da0ed92a825095ca6325ad29e77e93e4f348,896698,240060878.0,708.0,3e-06,1,2,223
2025-05-14 17:04:35,aa3a73eed0c9178cb644dbd4762c617b04e99b1db8b771859d7226bc95a637c2,896698,128015.0,888.0,0.006937,2,1,340
2025-05-14 17:04:35,e9a2856fdd6aceaa65f74652faa70dbe267060b41290a1503bfff40edaec624f,896698,19472798.0,846.0,4.3e-05,1,2,223
2025-05-14 17:04:35,155f60fafa16b8c904310fd945b72e3ab2df6048c0a0b37982a1d5d2a502f671,896698,20970068.0,576.0,2.7e-05,1,2,225
2025-05-14 17:04:35,b6910552a6d242a6439b4a743586315a5513caf29b0815db6e9137f018de37b3,896698,17416787.0,1668.0,9.6e-05,3,3,553
2025-05-14 17:04:35,432f7b2a2ec9c2262367db4a6b980fd54e4010018cda83b8dbb6cf7f8c4a645b,896698,12096133.0,643.0,5.3e-05,1,2,222
2025-05-14 17:04:35,e82b4ba77bb4bb7402027abd85750940b673179fca6160f17b14aa0fbac1ef06,896698,21765669.0,643.0,3e-05,1,2,222
2025-05-14 17:04:35,045ef3d89cee13dfcf4900d2134b0206219d13a386134f0a25967becb77ea530,896698,11209.0,1804.0,0.160942,1,1,191
2025-05-14 17:04:35,9c948977e0d192d5559a2b50ff756c23e79592269db1de58cdd7f36721f27eba,896698,217391.0,398.0,0.001831,3,3,573
2025-05-14 17:04:35,a77caaacc751f87f8b22302a9b27146bd268d8beccff763d11dcdc3fb862e1ff,896698,142277.0,720.0,0.005061,1,2,226
2025-05-14 17:04:35,b1d269df3e89596d9d72c643aa7677c72ba46bd20d376316fbee019abd31d5ff,896698,177352.0,895.0,0.005046,2,1,341
2025-05-14 17:04:35,dac8d10342d65b24ff81918e885d13b923eeca8530ee99b38512d4d11a28cbff,896698,1914315.0,555.0,0.00029,1,1,193
2025-05-14 17:04:35,6d338dc7e9bd2580d0e2bd66e718e5114cffcc0ca8d3dc2ef597152f268f6cff,896698,159783.0,565.0,0.003536,1,1,195
2025-05-14 17:04:35,d42755091434e5ef86a5680aca48248756a05939ca9ca52ebcff103014bdb8fe,896698,661772.0,720.0,0.001088,1,2,225
2025-05-14 17:04:35,48da0a4bdc355fb71e28b76d017cec3601dc2f3df3eb70d53a9a37e198fc48fe,896698,3849290.0,710.0,0.000184,1,2,223
2025-05-14 17:04:35,761dbd671d23735045c65c5ce3372abaee2af296b5c6be6ad742ee45a9176ffd,896698,4326.0,705.0,0.162968,1,2,222
2025-05-14 17:04:35,be457b00a666c0cdc6aa4b5c3d4f4af21a0df2b5c711aa4d200594dc6f522ffd,896698,40820907.0,765.0,1.9e-05,1,2,234
2025-05-14 17:04:35,dfa9fc64cf59a844c9af4727149af705f59c5a88f459701770a7905892ed25fd,896698,1694535.0,720.0,0.000425,1,2,226
2025-05-14 17:04:35,190fd52a38170fa9eb9aa786849276e681620c54a57bbbdc6cec2da7eb8a2ffc,896698,51861.0,550.0,0.010605,1,1,192
2025-05-14 17:04:35,b5c7a56d26b43008f2df271dd0015cfac0157766cb1a3ba001d9ef27072e10fc,896698,552504.0,1060.0,0.001919,2,2,374
2025-05-14 17:04:35,08c91393fb43b4bce6dcde1f1d2e5a1a52e22899162cfaf4edafbaa4588df9fb,896698,5637.0,550.0,0.09757,1,1,191
2025-05-14 17:04:35,d47360adfd9228e633151b7ea0b5cdd8bb4bc8ac2ad6b552811a9483c75bc8fb,896698,157910.0,765.0,0.004845,1,2,235
2025-05-14 17:04:35,ea940a3bd2e18b8fa4ff538b1a7b33b5814fd58963eb8c907f262890d68986fb,896698,77044.0,565.0,0.007333,1,1,194
2025-05-14 17:04:35,41ff158653297035c219de20d32e4771c470f2af6e2008e25c5ae9a7ccc956fb,896698,6919306.0,705.0,0.000102,1,2,222
2025-05-14 17:04:35,20760609f0234d6ac7885cf1a62db9c6e197b4366ebbc31fd61806062b062cfb,896698,7750788.0,550.0,7.1e-05,1,1,192
2025-05-14 17:04:35,3bacf40cd14936ab2752a48ddeea43bd3e8f5ac3e287afd26a7ce8ce93e900fb,896698,798830.0,565.0,0.000707,1,1,194
2025-05-14 17:04:35,ea9a88a244a2505a5d5a6cf39956be8de680ce4051ad8c42f38cb48b11eefffa,896698,288019.0,1400.0,0.004861,3,2,523
2025-05-14 17:04:35,4b3c44f65eeb27ccc8677cb7e411c2998be597f7f4792856ebaadbb3d9d3f9fa,896698,36518.0,550.0,0.015061,1,1,192
2025-05-14 17:04:35,3cdbc81215d33b9df5090218a7fd223d1a15058332aadda039ad39cec3b875fa,896698,345833.0,705.0,0.002039,1,2,222
2025-05-14 17:04:35,11532d921dc1cf4f1b9cc7b557c3ae6e572719473a55128edd600f9ea5cb25f9,896698,236270.0,565.0,0.002391,1,1,194
2025-05-14 17:04:35,77cd42e13f644d2fb715fc255dbfe1c081566ce0939fbf9c7f917da1b9203cf8,896698,26420.0,565.0,0.021385,1,1,195
2025-05-14 17:04:35,11e576554b47fc6d0a9a600affccc5669830026b6d1ef402322c0d38a38909f8,896698,945417.0,765.0,0.000809,1,2,235
2025-05-14 17:04:35,8ba1bc5d5f27b6c978024cede515ea8dc00d75501e79e32ed69b1fc9b463f3f7,896698,590886.0,550.0,0.000931,1,1,192
2025-05-14 17:04:35,a73eb43368921567ab73acab03716bcfc8914794f2b0605e856484c3692225f7,896698,406457.0,610.0,0.001501,1,1,203
2025-05-14 17:04:35,f4c5bc97ebd8464f358b8696bd65086fc743cd3d1d1f6bfbe02c74625eba03f7,896698,105838.0,720.0,0.006803,1,2,226
2025-05-14 17:04:35,98e5fc768d96fedb49ebefe232470f4e5c753326df7eadadade12f0ac4d848f6,896698,35077.0,550.0,0.01568,1,1,192
2025-05-14 17:04:35,da36e794727c90fe9955775becd6f6ab237de882283d61cf5eb421a0b2450af5,896698,982410.0,720.0,0.000733,1,2,225
2025-05-14 17:04:35,15b0d45a09427e17c498eeba85c3f7cae4279550090fe4ab22b082d62e69a4f4,896698,45719.0,720.0,0.015748,1,2,225
2025-05-14 17:04:35,b996eceb2345d64fa839c95f0b27984626d6373db526a58bf5854c05825f91f4,896698,21449.0,550.0,0.025642,1,1,191
2025-05-14 17:04:35,654a4282e628274a7c00beb41bb2d2db42b212871a9e5d14e490744c18db80f4,896698,118721.0,550.0,0.004633,1,1,191
2025-05-14 17:04:35,984220692805fad40ec55df22a00ca64b61d3c0c64eb5df2662a687cc4febaf3,896698,12234.0,565.0,0.046183,1,1,195
2025-05-14 17:04:35,10dd8b723115499c5f4056079a89565069fdfd806861f51c20721351513f99f3,896698,30567.0,550.0,0.017993,1,1,192
2025-05-14 17:04:35,6317352a2d56c0a1ad06a110e7cdb57df819992321394c42159f353e039177f3,896698,2709092.0,550.0,0.000203,1,1,192
2025-05-14 17:04:35,bd39dd5979ba8df4de0065992bc671f8f7193ac0cddb4048a0eac8f34e6d5ff3,896698,44314.0,705.0,0.015909,1,2,223
2025-05-14 17:04:35,fbfb8780f0971a9ae825c423635944aea0f41ba677edc6bb352890321d8a7ef2,896698,192729.0,565.0,0.002932,1,1,194
2025-05-14 17:04:35,680797f8fec1581415a2ddd123187982ac926bc997d7a1c580cc6fc862985ff2,896698,1080095.0,905.0,0.000838,2,1,343
2025-05-14 17:04:35,ba16cbd919d1cf4f47206ba36b6bcbaf3099ccbaccdad044071e51d0802a56f2,896698,132917.0,665.0,0.005003,1,1,214
2025-05-14 17:04:35,bb29bd68c39d73237824972ff7bf302635ed75d31ce41de6fc5826f71c2276f1,896698,44231.0,550.0,0.012435,1,1,191
2025-05-14 17:04:35,39e8b98b93c40dcfa58b4b04ff55a6a5b057c36ce321dd14bd41c29249ca14f1,896698,16526821.0,705.0,4.3e-05,1,2,222
2025-05-14 17:04:35,b831b261d8613437e291c42872992a1a80d7eb30bd39c09a89bc9a02e12baef0,896698,57631.0,555.0,0.00963,1,1,193
2025-05-14 17:04:35,97ffe8109f6892596ada99cb912ee75f5d43f01af829ea6c5dfc6a504338a2f0,896698,30310.0,710.0,0.023425,1,2,223
2025-05-14 17:04:35,905d14d4a65efc5a9fed9eb3cd596d85b88ac03417a0ddcd627c34a240b919f0,896698,54949.0,825.0,0.015014,1,2,246
2025-05-14 17:04:35,2b16ff2993c54ab5a3f90b686d0f51b6da6e37d4a12d5cb81a6743ec513085ef,896698,106450.0,550.0,0.005167,1,1,192
2025-05-14 17:04:35,7afc3ace5bdfed9707cd8bc875401bec3baab106c60714951e28d38a43147aef,896698,946016.0,710.0,0.000751,1,2,223
2025-05-14 17:04:35,cd6d6e5e361d3d6c6ebba74e8e446b3152881d33550441a9115545b8108a36ef,896698,591049.0,550.0,0.000931,1,1,192
2025-05-14 17:04:35,58e79cba314c2c296c528128e88dfcefce9166f0df539ee664532102888facee,896698,2184329.0,710.0,0.000325,1,2,223
2025-05-14 17:04:35,540e0613fb9df0ae95c13353015accc990b7e336d9feb456401674f50a3286ee,896698,4540.0,550.0,0.121145,1,1,191
2025-05-14 17:04:35,08fe8e67217e63d2da4fd23707c916125a12ea3e1d84098b2a8e51ca6c0c56ee,896698,996833.0,1690.0,0.001695,3,4,580
2025-05-14 17:04:35,b6b5da6fa2d6a5731a3c3df2bf8d82d6bd9a3b79e0779f2afc7d2c5b083219ee,896698,1566456.0,720.0,0.00046,1,2,226
2025-05-14 17:04:35,770faf8939de3061b639e8e703900d2fc233b7ea5fbe383974e578552d43daec,896698,444647.0,710.0,0.001597,1,2,223
2025-05-14 17:04:35,6f54b5f01041b0f0cc8ae12bec148ccb8f77414d135a5dc121d7395ba4fc70ec,896698,2593690.0,710.0,0.000274,1,2,223
2025-05-14 17:04:35,641135240c956a9db61b57a7db7c8b1880c7fbed487080ea60a1df352c0958ec,896698,84435.0,565.0,0.006692,1,1,194
2025-05-14 17:04:35,dcb1171b55de5d75b147d05bedf1027df3e79d3de4fed5534e9ee910143147eb,896698,2971438.0,720.0,0.000242,1,2,225
2025-05-14 17:04:35,c9330c41443a33aae05797305d561d9dc9f683a6b953ecf1180f3b12e2f0c3ea,896698,563340.0,1045.0,0.001855,2,2,371
2025-05-14 17:04:35,6a16e959112a2ef603d5331ca7e360fbf2f7928240cc52169d713934e0dc87ea,896698,750780.0,705.0,0.000939,1,2,222
2025-05-14 17:04:35,b869164663d06a6a3e136aaa12e876cbea1df12826494885ad5fb3049eb52aea,896698,21994.0,705.0,0.032054,1,2,223
2025-05-14 17:04:35,459d9ebbce10e40c79bc3f83158e91d0967b458b5ea8cb96327a0a54e6919f62,896698,43043.0,546.0,0.012685,1,1,192
2025-05-14 17:04:35,ea1bef713eef51c0cad97de7cca6b8d3f127a2ebc37ae16594c3316c7aaf2b4f,896698,78540.0,546.0,0.006952,1,1,192
2025-05-14 17:04:35,73d626dbe1d2f270e613b3b45792823351dbe7fd19a01a44bffa5f2b2dacc93f,896698,122539.0,546.0,0.004456,1,1,192
2025-05-14 17:04:35,b5b380284f12fea4f66eda58f5817c402d9d1ca2ba936a48e19da81fbd385507,896698,15628.0,700.0,0.044791,1,2,222
2025-05-14 17:04:35,92bed43029d84b0eab5ee50fd8f54ba752e88c3ab61924642ae9ce5b046195b8,896698,8709345.0,2723.0,0.000313,7,2,1114
2025-05-14 17:04:35,656257461f7084a51d5d3f9bce58bb0bd82fe8dda94c592f74e358960133f24b,896698,473958.0,2723.0,0.005745,7,2,1112
2025-05-14 17:04:35,f88619a7a41fb172a5c7349379e91de1a68576f5882847f177d0fd1814c90516,896698,2699976511.0,1230.0,0.0,3,1,489
2025-05-14 17:04:35,0c9f10d4d8425a6eea5cb75b22cc9e518c26c84f03e1845e0caac4f2db0090f1,896698,9999302.0,698.0,7e-05,1,2,223
2025-05-14 17:04:35,19a939d8009cd806796df567c73f52671ecce7fef9eb1c553cf77a4272440661,896698,1989999302.0,698.0,0.0,1,2,223
2025-05-14 17:04:35,aaeaff0eb567cb983516b39f61d6f779749707d601f92dad6aa3e35a8feea8b7,896698,2505143.0,1373.0,0.000548,3,2,519
2025-05-14 17:04:35,5a8fee267f0acf9735f6466d5306e25d8efc5e01892617a6d0cce1e6632bbcb2,896698,928270.0,1373.0,0.001479,3,2,518
2025-05-14 17:04:35,3b6b5f7edad3466608fa7610fe57eda7dd0cf7b0d15f06b5b41046f3e28fb801,896698,1077944.0,1373.0,0.001274,3,2,518
2025-05-14 17:04:35,1adb1965dee614cb8a28d19e7b0d5086e6992a57e0994e49ceccbb788dfcea8d,896698,1801267.0,9145.0,0.005077,26,2,3935
2025-05-14 17:04:35,ebccfb737ceed6d6f3813accfa1e017cf59b653a478f6546549d7d0070b884df,896698,306738.0,1035.0,0.003374,2,2,370
2025-05-14 17:04:35,de48d0413fc6517c71fd9d6b74a2c1a39000a339540eebf8a26b578d2906984a,896698,1547089.0,1045.0,0.000675,2,2,372
2025-05-14 17:04:35,1adb21dc1703670c8ae8aca0ab36f823bdec9e88e6f8bcbc434214bdf0c1f3f4,896698,194644.0,667.0,0.003427,1,1,216
2025-05-14 17:04:35,c833c83de37b607760493078942a55985c5ef4a74da61d14ed322431105dd3a0,896698,324320.0,702.0,0.002165,1,2,223
2025-05-14 17:04:35,7b73f0616a5b1768aced3c93bd5d454142a4f107f4b6fce35123843c083fc350,896698,92147.0,702.0,0.007618,1,2,222
2025-05-14 17:04:35,2f6493567b37f8351b20b1fc1bb6a425a7c0635e69771c957f9f159abe963592,896698,103937.0,772.0,0.007428,1,3,236
2025-05-14 17:04:35,a2367700e69ce29849062b3de48e653000a4863af73f983fb3f1e69de0358930,896698,350996671.0,2250.0,6e-06,6,1,937
2025-05-14 17:04:35,a28267986b6e995214dfe3299552098c615b74eebb6c9b5071804c1ba0c84ed2,896698,484872610.0,698.0,1e-06,1,2,222
2025-05-14 17:04:35,a452e09ddcbc2d40b2ba9d09e4f111df75c389edf665be43cfae4ed4f6fb7975,896698,476985818.0,698.0,1e-06,1,2,222
2025-05-14 17:04:35,1b0b8f36d414d7c2763213ac123dfd3f29a41b0d5ad21f87a752c25ec92c334a,896698,122538.0,548.0,0.004472,1,1,192
2025-05-14 17:04:35,39b9c39a821ac68b857ab5d3ebf00a72c97fd4117cd3b1fd55f53c04f77d3548,896698,189452.0,548.0,0.002893,1,1,191
2025-05-14 17:04:35,bf666d9ffaa108d2fffda09d22868ffc76198ca61eb98486cc6c92efefb58da3,896698,5701.0,563.0,0.098755,1,1,195
2025-05-14 17:04:35,1d9c8b77821b473531b34876f5a35d7b0d8e14eec93d3d582841e06f9ee8bb4a,896698,134573.0,877.0,0.006517,1,2,258
2025-05-14 17:04:35,ff8e6d4ee0a3e8e7ada45efd23e837b68c41910ed8b664a2088ef452c09fbffd,896698,45415.0,703.0,0.015479,1,2,222
2025-05-14 17:04:35,141c4ffc4d1ac93ef0ca013a5f9672c57b4bb65689472a338dfed49efc974dff,896698,17229892.0,708.0,4.1e-05,1,2,224
2025-05-14 17:04:35,b3f6d411f16c2d03b69e4946ed4e2d2a2e5f8f31a07f8aebcc8e1e76319be2ec,896698,1183031.0,708.0,0.000598,1,2,224
2025-05-14 17:04:35,63363a9f52256e7e47dfe95acab7b6de837f39fe0f548525a10247e40d588ebe,896698,1153869.0,708.0,0.000614,1,2,223
2025-05-14 17:04:35,5bfd2a6426364fafac3868e0f134118a73fa5c6517b25677dc0b1bdd8f3983bd,896698,7273550.0,708.0,9.7e-05,1,2,224
2025-05-14 17:04:35,1cd8d89b24f7a2204632fb0bd4641db705cb2409883d6d4145ae2d5099effaae,896698,37763.0,708.0,0.018749,1,2,224
2025-05-14 17:04:35,13f970d62c8ba225e2b884011203514c115f42ba1fd12d74364cce20261c6a90,896698,713277.0,708.0,0.000993,1,2,223
2025-05-14 17:04:35,57e49596bbe32e78115d95899b961fb8106334637797f1a5f342e3d4a865cf69,896698,3531306.0,708.0,0.0002,1,2,223
2025-05-14 17:04:35,caa1b20a6a45ba50c1cef773adc1da0ed92a825095ca6325ad29e77e93e4f348,896698,240060878.0,708.0,3e-06,1,2,223
2025-05-14 17:04:35,aa3a73eed0c9178cb644dbd4762c617b04e99b1db8b771859d7226bc95a637c2,896698,128015.0,888.0,0.006937,2,1,340
2025-05-14 17:04:35,e9a2856fdd6aceaa65f74652faa70dbe267060b41290a1503bfff40edaec624f,896698,19472798.0,846.0,4.3e-05,1,2,223
2025-05-14 17:04:35,155f60fafa16b8c904310fd945b72e3ab2df6048c0a0b37982a1d5d2a502f671,896698,20970068.0,576.0,2.7e-05,1,2,225
2025-05-14 17:04:35,b6910552a6d242a6439b4a743586315a5513caf29b0815db6e9137f018de37b3,896698,17416787.0,1668.0,9.6e-05,3,3,553
2025-05-14 17:04:35,432f7b2a2ec9c2262367db4a6b980fd54e4010018cda83b8dbb6cf7f8c4a645b,896698,12096133.0,643.0,5.3e-05,1,2,222
2025-05-14 17:04:35,e82b4ba77bb4bb7402027abd85750940b673179fca6160f17b14aa0fbac1ef06,896698,21765669.0,643.0,3e-05,1,2,222
2025-05-14 17:04:35,045ef3d89cee13dfcf4900d2134b0206219d13a386134f0a25967becb77ea530,896698,11209.0,1804.0,0.160942,1,1,191
2025-05-14 17:04:35,9c948977e0d192d5559a2b50ff756c23e79592269db1de58cdd7f36721f27eba,896698,217391.0,398.0,0.001831,3,3,573
2025-05-14 17:04:35,a77caaacc751f87f8b22302a9b27146bd268d8beccff763d11dcdc3fb862e1ff,896698,142277.0,720.0,0.005061,1,2,226
2025-05-14 17:04:35,b1d269df3e89596d9d72c643aa7677c72ba46bd20d376316fbee019abd31d5ff,896698,177352.0,895.0,0.005046,2,1,341
2025-05-14 17:04:35,dac8d10342d65b24ff81918e885d13b923eeca8530ee99b38512d4d11a28cbff,896698,1914315.0,555.0,0.00029,1,1,193
2025-05-14 17:04:35,6d338dc7e9bd2580d0e2bd66e718e5114cffcc0ca8d3dc2ef597152f268f6cff,896698,159783.0,565.0,0.003536,1,1,195
2025-05-14 17:04:35,d42755091434e5ef86a5680aca48248756a05939ca9ca52ebcff103014bdb8fe,896698,661772.0,720.0,0.001088,1,2,225
2025-05-14 17:04:35,48da0a4bdc355fb71e28b76d017cec3601dc2f3df3eb70d53a9a37e198fc48fe,896698,3849290.0,710.0,0.000184,1,2,223
2025-05-14 17:04:35,761dbd671d23735045c65c5ce3372abaee2af296b5c6be6ad742ee45a9176ffd,896698,4326.0,705.0,0.162968,1,2,222
2025-05-14 17:04:35,be457b00a666c0cdc6aa4b5c3d4f4af21a0df2b5c711aa4d200594dc6f522ffd,896698,40820907.0,765.0,1.9e-05,1,2,234
2025-05-14 17:04:35,dfa9fc64cf59a844c9af4727149af705f59c5a88f459701770a7905892ed25fd,896698,1694535.0,720.0,0.000425,1,2,226
2025-05-14 17:04:35,190fd52a38170fa9eb9aa786849276e681620c54a57bbbdc6cec2da7eb8a2ffc,896698,51861.0,550.0,0.010605,1,1,192
2025-05-14 17:04:35,b5c7a56d26b43008f2df271dd0015cfac0157766cb1a3ba001d9ef27072e10fc,896698,552504.0,1060.0,0.001919,2,2,374
2025-05-14 17:04:35,08c91393fb43b4bce6dcde1f1d2e5a1a52e22899162cfaf4edafbaa4588df9fb,896698,5637.0,550.0,0.09757,1,1,191
2025-05-14 17:04:35,d47360adfd9228e633151b7ea0b5cdd8bb4bc8ac2ad6b552811a9483c75bc8fb,896698,157910.0,765.0,0.004845,1,2,235
2025-05-14 17:04:35,ea940a3bd2e18b8fa4ff538b1a7b33b5814fd58963eb8c907f262890d68986fb,896698,77044.0,565.0,0.007333,1,1,194
2025-05-14 17:04:35,41ff158653297035c219de20d32e4771c470f2af6e2008e25c5ae9a7ccc956fb,896698,6919306.0,705.0,0.000102,1,2,222
2025-05-14 17:04:35,20760609f0234d6ac7885cf1a62db9c6e197b4366ebbc31fd61806062b062cfb,896698,7750788.0,550.0,7.1e-05,1,1,192
2025-05-14 17:04:35,3bacf40cd14936ab2752a48ddeea43bd3e8f5ac3e287afd26a7ce8ce93e900fb,896698,798830.0,565.0,0.000707,1,1,194
2025-05-14 17:04:35,ea9a88a244a2505a5d5a6cf39956be8de680ce4051ad8c42f38cb48b11eefffa,896698,288019.0,1400.0,0.004861,3,2,523
2025-05-14 17:04:35,4b3c44f65eeb27ccc8677cb7e411c2998be597f7f4792856ebaadbb3d9d3f9fa,896698,36518.0,550.0,0.015061,1,1,192
2025-05-14 17:04:35,3cdbc81215d33b9df5090218a7fd223d1a15058332aadda039ad39cec3b875fa,896698,345833.0,705.0,0.002039,1,2,222
2025-05-14 17:04:35,11532d921dc1cf4f1b9cc7b557c3ae6e572719473a55128edd600f9ea5cb25f9,896698,236270.0,565.0,0.002391,1,1,194
2025-05-14 17:04:35,77cd42e13f644d2fb715fc255dbfe1c081566ce0939fbf9c7f917da1b9203cf8,896698,26420.0,565.0,0.021385,1,1,195
2025-05-14 17:04:35,11e576554b47fc6d0a9a600affccc5669830026b6d1ef402322c0d38a38909f8,896698,945417.0,765.0,0.000809,1,2,235
2025-05-14 17:04:35,8ba1bc5d5f27b6c978024cede515ea8dc00d75501e79e32ed69b1fc9b463f3f7,896698,590886.0,550.0,0.000931,1,1,192
2025-05-14 17:04:35,a73eb43368921567ab73acab03716bcfc8914794f2b0605e856484c3692225f7,896698,406457.0,610.0,0.001501,1,1,203
2025-05-14 17:04:35,f4c5bc97ebd8464f358b8696bd65086fc743cd3d1d1f6bfbe02c74625eba03f7,896698,105838.0,720.0,0.006803,1,2,226
2025-05-14 17:04:35,98e5fc768d96fedb49ebefe232470f4e5c753326df7eadadade12f0ac4d848f6,896698,35077.0,550.0,0.01568,1,1,192
2025-05-14 17:04:35,da36e794727c90fe9955775becd6f6ab237de882283d61cf5eb421a0b2450af5,896698,982410.0,720.0,0.000733,1,2,225
2025-05-14 17:04:35,15b0d45a09427e17c498eeba85c3f7cae4279550090fe4ab22b082d62e69a4f4,896698,45719.0,720.0,0.015748,1,2,225
2025-05-14 17:04:35,b996eceb2345d64fa839c95f0b27984626d6373db526a58bf5854c05825f91f4,896698,21449.0,550.0,0.025642,1,1,191
2025-05-14 17:04:35,654a4282e628274a7c00beb41bb2d2db42b212871a9e5d14e490744c18db80f4,896698,118721.0,550.0,0.004633,1,1,191
2025-05-14 17:04:35,984220692805fad40ec55df22a00ca64b61d3c0c64eb5df2662a687cc4febaf3,896698,12234.0,565.0,0.046183,1,1,195
2025-05-14 17:04:35,10dd8b723115499c5f4056079a89565069fdfd806861f51c20721351513f99f3,896698,30567.0,550.0,0.017993,1,1,192
2025-05-14 17:04:35,6317352a2d56c0a1ad06a110e7cdb57df819992321394c42159f353e039177f3,896698,2709092.0,550.0,0.000203,1,1,192
2025-05-14 17:04:35,bd39dd5979ba8df4de0065992bc671f8f7193ac0cddb4048a0eac8f34e6d5ff3,896698,44314.0,705.0,0.015909,1,2,223
2025-05-14 17:04:35,fbfb8780f0971a9ae825c423635944aea0f41ba677edc6bb352890321d8a7ef2,896698,192729.0,565.0,0.002932,1,1,194
2025-05-14 17:04:35,680797f8fec1581415a2ddd123187982ac926bc997d7a1c580cc6fc862985ff2,896698,1080095.0,905.0,0.000838,2,1,343
2025-05-14 17:04:35,ba16cbd919d1cf4f47206ba36b6bcbaf3099ccbaccdad044071e51d0802a56f2,896698,132917.0,665.0,0.005003,1,1,214
2025-05-14 17:04:35,bb29bd68c39d73237824972ff7bf302635ed75d31ce41de6fc5826f71c2276f1,896698,44231.0,550.0,0.012435,1,1,191
2025-05-14 17:04:35,39e8b98b93c40dcfa58b4b04ff55a6a5b057c36ce321dd14bd41c29249ca14f1,896698,16526821.0,705.0,4.3e-05,1,2,222
2025-05-14 17:04:35,b831b261d8613437e291c42872992a1a80d7eb30bd39c09a89bc9a02e12baef0,896698,57631.0,555.0,0.00963,1,1,193
2025-05-14 17:04:35,97ffe8109f6892596ada99cb912ee75f5d43f01af829ea6c5dfc6a504338a2f0,896698,30310.0,710.0,0.023425,1,2,223
2025-05-14 17:04:35,905d14d4a65efc5a9fed9eb3cd596d85b88ac03417a0ddcd627c34a240b919f0,896698,54949.0,825.0,0.015014,1,2,246
2025-05-14 17:04:35,2b16ff2993c54ab5a3f90b686d0f51b6da6e37d4a12d5cb81a6743ec513085ef,896698,106450.0,550.0,0.005167,1,1,192
2025-05-14 17:04:35,7afc3ace5bdfed9707cd8bc875401bec3baab106c60714951e28d38a43147aef,896698,946016.0,710.0,0.000751,1,2,223
2025-05-14 17:04:35,cd6d6e5e361d3d6c6ebba74e8e446b3152881d33550441a9115545b8108a36ef,896698,591049.0,550.0,0.000931,1,1,192
2025-05-14 17:04:35,58e79cba314c2c296c528128e88dfcefce9166f0df539ee664532102888facee,896698,2184329.0,710.0,0.000325,1,2,223
2025-05-14 17:04:35,540e0613fb9df0ae95c13353015accc990b7e336d9feb456401674f50a3286ee,896698,4540.0,550.0,0.121145,1,1,191
2025-05-14 17:04:35,08fe8e67217e63d2da4fd23707c916125a12ea3e1d84098b2a8e51ca6c0c56ee,896698,996833.0,1690.0,0.001695,3,4,580
2025-05-14 17:04:35,b6b5da6fa2d6a5731a3c3df2bf8d82d6bd9a3b79e0779f2afc7d2c5b083219ee,896698,1566456.0,720.0,0.00046,1,2,226
2025-05-14 17:04:35,770faf8939de3061b639e8e703900d2fc233b7ea5fbe383974e578552d43daec,896698,444647.0,710.0,0.001597,1,2,223
2025-05-14 17:04:35,6f54b5f01041b0f0cc8ae12bec148ccb8f77414d135a5dc121d7395ba4fc70ec,896698,2593690.0,710.0,0.000274,1,2,223
2025-05-14 17:04:35,641135240c956a9db61b57a7db7c8b1880c7fbed487080ea60a1df352c0958ec,896698,84435.0,565.0,0.006692,1,1,194
2025-05-14 17:04:35,dcb1171b55de5d75b147d05bedf1027df3e79d3de4fed5534e9ee910143147eb,896698,2971438.0,720.0,0.000242,1,2,225
2025-05-14 17:04:35,c9330c41443a33aae05797305d561d9dc9f683a6b953ecf1180f3b12e2f0c3ea,896698,563340.0,1045.0,0.001855,2,2,371
2025-05-14 17:04:35,6a16e959112a2ef603d5331ca7e360fbf2f7928240cc52169d713934e0dc87ea,896698,750780.0,705.0,0.000939,1,2,222
2025-05-14 17:04:35,b869164663d06a6a3e136aaa12e876cbea1df12826494885ad5fb3049eb52aea,896698,21994.0,705.0,0.032054,1,2,223
2025-05-17 17:52:33,671bc2d65a2102c9ecf465a848cd1ecd23f2c042190628d5106480181cc9ad16,897134,242147.0,513.0,0.002119,1,1,191
2025-05-17 17:52:33,ed51532080c5c6e80fa8ddef92e0f008579f16db4f4f68f4663a1519f890e30d,897134,4977798.0,513.0,0.000103,1,1,191
2025-05-17 17:52:33,5eddb5be305d29809fd090fbef510499a7a181c54b060e3d0ca9993a9c788f76,897134,553183.0,710.0,0.001283,1,2,193
2025-05-17 17:52:33,69c462bb229ee4cbd347a9e89947ca360e800a8c32510307884aeb1afd92fa5c,897134,579893.0,710.0,0.001224,1,2,193
2025-05-17 17:52:33,70ca20640e6271271586b83e5db643c003c42ed657949a1baae79633ab5e07f4,897134,635603.0,568.0,0.000894,1,2,193
2025-05-17 17:52:33,ecb4d1fdf49cdc602aea06bf4b0fafb14b14a3345b1a313ab27fa3df29986705,897134,291752.0,831.0,0.002848,2,1,340
2025-05-17 17:52:33,869653dd27a48eab5ab7b34666966a4ca24c8221e719a2dfafb9eed9fa5a36c6,897134,376358.0,2328.0,0.006186,2,2,529
2025-05-17 17:52:33,dcbc767bbdfbd258228d52b9797df3251593bb199e4f3a88e332f2ddf73b55df,897134,979946.0,847.0,0.000864,2,2,530
2025-05-17 17:52:33,081804c8954ca3b23c1a71f43550edb774bc93dce32a5f263fce93941394f2dc,897134,1010840.0,280.0,0.000277,1,2,421
2025-05-17 17:52:33,f7e00524e130322009ac8fbbe9a5543dbd75bd5a5c34f5b750803da77264d0e0,897134,112752.0,1685.0,0.014944,3,1,488
2025-05-17 17:52:33,3906d0f4d00bbc970d919ba1578386a3079804ecead1f012281281a037bbb5f0,897134,3894255.0,495.0,0.000127,1,3,411
2025-05-17 17:52:33,79b88d7ddfc3871965e3f06837b7beaede586afd835803184bf6fcb4ecb27695,897134,44343.0,693.0,0.015628,1,1,192
2025-05-17 17:52:33,f6acf6425dc9362e388ca5d51e781f7dd62a9505b84244ceeedd4ec941ee78a8,897134,67551.0,482.0,0.007135,1,2,223
2025-05-17 17:52:33,dda143d9ffc123aba3382c8a0126b45ed0b17a179eea4019609d6d98ab99fd3d,897134,4857.0,834.0,0.171711,2,1,340
2025-05-17 17:52:33,ecf2d32d2c57d4cb9f91c4ff62a9e2a0520c8bdd95a7d90ea9bfbd1b81ba991b,897134,101228.0,675.0,0.006668,1,2,226
2025-05-17 17:52:33,6932e4dd2eeb6568916f7822895e01de9a851faf527ae0e37cd37237221fe67b,897134,10888.0,666.0,0.061168,1,2,193
2025-05-17 17:52:33,73972da6b900488285556422423b1fcfed5cd816b1b11a948596920f2d6cebfb,897134,468730.0,882.0,0.001882,1,1,188
2025-05-17 17:52:33,e39c021f53ee44a45f6a5ff0ecfeba9d3a8246e32df24e540608f88644934c2c,897134,24302674.0,677.0,2.8e-05,1,2,225
2025-05-17 17:52:33,292189ec3e346081700cf1417a0d9c91584d8fee5abcba98206c875a2bf4eec4,897134,605721.0,1120.0,0.001849,1,2,222
2025-05-17 17:52:33,93b59472da6fe8151c4e40bd44de6ec1a4bb2d7524b58287f481fcfffdae59b0,897134,616545.0,1120.0,0.001817,1,2,222
2025-05-17 17:52:33,bbbbe2d38274b33cae7fa507528d2facdbd4de2b90ed9f8e509371f924225c5b,897134,627369.0,1120.0,0.001785,1,2,223
2025-05-17 17:52:33,b558c059658a8708cc7bd4118461fcc8535a2c65f46f79c1808c86d88936d5bf,897134,638203.0,1120.0,0.001755,1,2,222
2025-05-17 17:52:33,d84a308670257b12004405bbcf5aa867f61c4e2947f09cce0912e7bd2bbb58f3,897134,649037.0,896.0,0.001381,1,2,222
2025-05-17 17:52:33,ac398f7b382b8f58187f2884533d045f3befc5669e5697d1b9d8e1b68e7c1097,897134,965650.0,896.0,0.000928,1,2,223
2025-05-17 17:52:33,2cd38ef8c386eabef9e0f6910a180e01c89baf153555aa33386b858226a0850e,897134,4628338.0,846.0,0.000183,1,2,222
2025-05-17 17:52:33,4d0cc0894a0c6c753906a297b119385e8a138f9ed533cece6b201151b4c62008,897134,4694395.0,705.0,0.00015,1,2,222
2025-05-17 17:52:33,5a9c298a89263c5a392dc3486158d0202fe2d6f17b1e2e9c88465b93f7f0c93b,897134,4937700.0,565.0,0.000114,1,2,222
2025-05-17 17:52:33,91a8990fa5d44464810fe88b763ca467f45d9ba1ce8171af243a6e75b579f56f,897134,5211609.0,688.0,0.000132,1,3,253
2025-05-17 17:52:33,1adc921881cedbe6d8073698e500e60fe7c2487d1eab0a6ef68863a788595251,897134,83104.0,896.0,0.010782,1,1,190
2025-05-17 17:52:33,1299a332b5b20f1fe8edfdb5ac4782ee447e4eac152c8370605fbb400a3da333,897134,97534.0,1151.0,0.011801,1,3,326
2025-05-17 17:52:33,b299273558c784f45f72d50643bea371aabaec6e37324796884ef0e42291c63b,897134,46493635.0,2156.0,4.6e-05,1,12,538
2025-05-17 17:52:33,cd453ea4edaaaad7a28d43337f425f57429e41760e545a41abde7a8ce2964146,897134,45955.0,1061.0,0.023088,1,1,151
2025-05-17 17:52:33,92fb2b5d7e2794304046d8c9e036a4921cf96328b42eb8eeeb98939c6c10a91b,897134,47016.0,224.0,0.004764,1,1,406
2025-05-17 17:52:33,583a71c1807dba425ea9729253aa4c192104faccc1c6228117c7e44769ef290e,897134,99676586.0,668.0,7e-06,1,2,223
2025-05-17 17:52:33,c8ddb542bc1490f1a1e058290772d939b9efbb6ff6bc8094aaa2014afd77c714,897134,283113629.0,673.0,2e-06,1,2,224
2025-05-17 17:52:33,e35b903e1d9280731bb479d873b817e0104f3e4fb0e9ec6cb8d1e6c229a126bf,897134,18670.0,660.0,0.035351,1,1,191
2025-05-17 17:52:33,85a5e02d2d91ad8c4aacdb9266fd464b0f7d03e03b2af9c7af5db0e22b78a837,897134,89681.0,530.0,0.00591,1,2,222
2025-05-17 17:52:33,2603edc182ef02fee8f2bb8e32e88786db336641a6bd40b2c452ba4b704dfa70,897134,676457.0,1096.0,0.00162,2,2,393
2025-05-17 17:52:33,2b84b8d60ee8a96e6556118d0f40092ecea7293edae8bde23f0b672e351c7898,897134,45108.0,892.0,0.019775,1,1,188
2025-05-17 17:52:33,6ef1eda75344bfde3cee0a6567633d3d7d35bf0b684e0af5ec02a90823874158,897134,591272.0,1353.0,0.002288,2,3,447
2025-05-17 17:52:33,8f8bca6e5ae86105f1bc531aae42502f12f60e989395fb11280d0cf0162837bc,897134,84151.0,705.0,0.008378,1,2,222
2025-05-17 17:52:33,3d09fd7a0d9ce581216eea664ac4bb96272fc1b4b5eec663f243736ad2f4040c,897134,2039056.0,1400.0,0.000687,3,2,521
2025-05-17 17:52:33,7548d2bbf73c7cc119002d24fa14d7fb6806109f088be64fc6de94b1a01175b9,897134,1006561.0,564.0,0.00056,1,2,222
2025-05-17 17:52:33,dc317e67ee80757a10f6f4de9acdf93ecf1654a537a39513f95633b6c5f1cf57,897134,1567000.0,760.0,0.000485,1,2,222
2025-05-17 17:52:33,85dbf74f49a7a6fcdfe111338384fcb1265f025ef7b49640d2d4f3c392affcf1,897134,1585730.0,583.0,0.000368,1,2,222
2025-05-17 17:52:33,ad736445b9cf2bc4754b7cff61aaa40278e59d0b30740a854bb323f26be99234,897134,69095.0,905.0,0.013098,1,1,190
2025-05-17 17:52:33,4165bec52f332131dc96abf11333d3c60fd746584d3deb2b2ca08d28a3e7afb4,897134,368127.0,672.0,0.001825,1,2,223
2025-05-17 17:52:33,3d86d86a260821980776dd32b62537e9a87fc700f820e6e38a170df02c20c2a2,897134,367967.0,672.0,0.001826,1,2,222
2025-05-17 17:52:33,99e41edd655be81ed9f98ae223fe945107b4f1ee9f18b93b52f7ac570de1a678,897134,15104.0,896.0,0.059322,1,1,188
2025-05-17 17:52:33,5ab0cb1ada911fe37a63c270f2158a1961a0f2a3c7fafd8c41eeb9270cc653f1,897134,21999322.0,678.0,3.1e-05,1,2,223
2025-05-17 17:52:33,3141f5bee2b1e0580a83e66a9a5162df016c641c8a05439f50131d8743188fda,897134,69597392.0,678.0,1e-05,1,2,223
2025-05-17 17:52:33,e1cd75eb4a6c34004b27b52275a890df69b47050d4f027288c3ce473d6771b59,897134,310511.0,1220.0,0.003929,1,3,257
2025-05-17 17:52:33,2ee469a2dc09e25214c8c887021b45ff68a944efaec12c8fe96a4518f5fcce23,897134,402046162.0,6370.0,1.6e-05,1,39,1604
2025-05-17 17:52:33,e6aa80f5a2aaccd097d3877344a6b71ebc4c5c0934ff435c28f5386349fbeaeb,897134,108402.0,942.0,0.00869,1,3,278
2025-05-17 17:52:33,0420da45f675ea238c6d4b091447a108a36530a3e769b6e8c9593a3173f90bf7,897134,6420798.0,675.0,0.000105,1,2,222
2025-05-17 17:52:33,30f03c7d594c5b181b5857b49d28adbe19b926ebbec1fa3ff0ef6fb45842dfd9,897134,160047.0,675.0,0.004218,1,2,222
2025-05-17 17:52:33,f15bb1da4398a8c3a04b60805abbd6d02e8e2b9250a34688db71769b02bdadb7,897134,44591.0,675.0,0.015138,1,2,222
2025-05-17 17:52:33,6de6663e1faad0b61f6f5fd4b3efc5790d404e4dd994206476bb3f0eaa719438,897134,17094.0,906.0,0.053001,1,1,189
2025-05-17 17:52:33,4cacab5dec7287654a4e4c2d75ac9b44a672cf74a66a4dc682b0ba36365e29f9,897134,150772.0,542.0,0.003595,1,1,195
2025-05-17 17:52:33,b639a7ce3e85b1fd105c57ad3bb47b94643610438e077f02ad1e13caba15992c,897134,16827.0,542.0,0.03221,1,1,194
2025-05-17 17:52:33,97c1491f97ea0e16dcff1fffba42279045ab3f35e3a6507a10a50dd8cd8e97ed,897134,143010.0,734.0,0.005133,1,2,234
2025-05-17 17:52:33,a464f0f53378c21fd0acd827ab86ae6487c995f1e082d57110ae8e7922263563,897134,30283675.0,734.0,2.4e-05,1,2,234
2025-05-17 17:52:33,4e7d30cf028e51732e05c78dd6c4b0507bc94baa44da4f0d26e9223f77a7a955,897134,28063.0,854.0,0.030432,2,1,340
2025-05-17 17:52:33,06f9da274b791144dd96e1764cc4864524e0bf80af59094495a8957a51903277,897134,28846660.0,691.0,2.4e-05,1,2,225
2025-05-17 17:52:33,0aa85350d66dfa85a4ef63d99e4013a8395f85f5f272be0f122f486729b3f206,897134,28887351.0,734.0,2.5e-05,1,2,235
2025-05-17 17:52:33,aa673649771bc55a28f2e0c671349b6440b59e2a23a493a776e9b7ea0550c572,897134,66342204.0,974.0,1.5e-05,1,4,284
2025-05-17 17:52:33,f2fb3ae1a12ad6821b039209fdc785e559df8db71a308a8f7ca3a6d71d33cc04,897134,67195181.0,998.0,1.5e-05,1,4,290
2025-05-17 17:52:33,c13131fa5687a04b8dfdf30a003b8859bd4f4ffb8e301a189d52f518139ec6e7,897134,3512646.0,691.0,0.000197,1,2,225
2025-05-17 17:52:33,131d1cf1946051584ca30f47886988d64ec731f6effc328da8717374e0830ae5,897134,155149139.0,691.0,4e-06,1,2,226
2025-05-17 17:52:33,ffcdb4a1a27f58003706716c069852bcedd679c7da82a64f1cb5aa9ecdef9dd1,897134,27520938.0,691.0,2.5e-05,1,2,226
2025-05-17 17:52:33,c45d1219dfed68c5e5cd37bcb4061b8a0623d6f42f1c156035e12e7ad0788fcc,897134,4293662.0,691.0,0.000161,1,2,226
2025-05-17 17:52:33,e39483378a46201d60656f8a5faa790beee19a2184ee23d3a3831304bc696b32,897134,110375471.0,691.0,6e-06,1,2,226
2025-05-17 17:52:33,d11af3842d95376e6cf6ba6b5ec359c683988ac444ed7f5aa3681732438810f0,897134,31967.0,1003.0,0.031376,2,2,371
2025-05-17 17:52:33,93038ab059ca05e9a7def56fd114ac7e5f80d50e8836e7e2c6a524a58baa08ce,897134,255958.0,1003.0,0.003919,2,2,371
2025-05-17 17:52:33,7c10e92ae6ed0786f0556e7c83278fcd58b1c8c0283945246e78e0ba0b270c3a,897134,52413804.0,1003.0,1.9e-05,1,4,291
2025-05-17 17:52:33,85ccbb83521c629d67f1ba4f8dfa34122a7356996f90b73d2aeccd84c4949e6f,897134,5261430524.0,2102.0,0.0,1,11,519
2025-05-17 17:52:33,8ed2762b9c162fce254665d65bca8ac0436a476db2a80681d2a9f35b8081a1f0,897134,3243865669.0,2371.0,1e-06,1,13,575
2025-05-17 17:52:33,4222ba772c2d98e0bf10a567f342c09528c0894609c6c1e7720d1b2ccbd6d4a9,897134,4237852356.0,2899.0,1e-06,1,16,685
2025-05-17 17:52:33,22bf632ecbc0a19f25354733256b1490fb760704367a267327908adee55d30fe,897134,43395.0,528.0,0.012167,1,1,191
2025-05-17 17:52:33,822a46b7484abeec9de693c1f59a54e83077fbcd2b6a04a1356e1442f0d45df8,897134,24515.0,528.0,0.021538,1,1,192
2025-05-17 17:52:33,2f9593bff963f8fcaa341bc8782b8cb8111db0c778dac5bc90949b36cdb5ccf4,897134,31363348.0,1008.0,3.2e-05,2,2,372
2025-05-17 17:52:33,d5ff5da77a70fe6298714e98a10aca6cfbb6d2c931c61bc8647fb6c414520ad2,897134,518101918.0,1272.0,2e-06,1,6,347
2025-05-17 17:52:33,974a8e95bb6da1169c1b346a5080c404f9adb58debabba8c60e22f1f10cecaba,897134,11987519.0,1272.0,0.000106,1,6,346
2025-05-17 17:52:33,41442456645689eb75707bfaf755ae72a2d97a9b864e605a04097a1ac0e045b8,897134,113426.0,528.0,0.004655,1,1,191
2025-05-17 17:52:33,20fe03d5cb443566c8e46df53796a7ffbe234704e25862ecd1ed31fb9a45e2b3,897134,105831.0,528.0,0.004989,1,1,191
2025-05-17 17:52:33,93cfedc2ae0afd99fa90627131f0dea8e908c6821d937b44af09c06d91839ba9,897134,24445.0,528.0,0.0216,1,1,192
2025-05-17 17:52:33,809f7e9bda644d23c68168080c2e2e83c449a72c666060eb9289eda65975579a,897134,99479.0,528.0,0.005308,1,1,191
2025-05-17 17:52:33,9aa75b925d4f15110211650e513811633398dc0c71647fc363890b1c2f86e088,897134,107836.0,1008.0,0.009348,2,2,372
2025-05-17 17:52:33,f3d2e7c9e7035cf42b3e6c955a4a60e1c984c05fedf0015567b6d5e2d26f5c85,897134,82037.0,528.0,0.006436,1,1,191
2025-05-17 17:52:33,21975e38873cf89ddfca869602608654a90c6db39613d54e424c7e88e7a13672,897134,245416.0,528.0,0.002151,1,1,192
2025-05-17 17:52:33,5e8c26c3341772a0750e201253ac3e67b8e77a77746fbb45bff3f83a75873f64,897134,306282.0,528.0,0.001724,1,1,192
2025-05-17 17:52:33,6c14bd9689661fd7ecc638ebb416f3c5d3ed26a92954e5e39606da6a3be4ae63,897134,115624.0,528.0,0.004567,1,1,191
2025-05-17 17:52:33,836bb8031bc94778c1bdfeb0d43ada4f5889811e13769ecd4fefed81a3ed4e52,897134,188729.0,528.0,0.002798,1,1,192
2025-05-17 17:52:33,3fa8b4fa8ce2c78539d07c8bc60f5750fb6bb6d5542b0e06e734aacb0f417a4e,897134,104109.0,528.0,0.005072,1,1,191
2025-05-17 17:52:33,7691bf60064710371cb85e7db2f5fa471a80b25fc644bca0927b2ed089787743,897134,28474.0,528.0,0.018543,1,1,191
2025-05-17 17:52:33,630b149b90bc9ef86d5b4d9ba49a209886daedff10d8e01e67af7251dac1213e,897134,18907.0,528.0,0.027926,1,1,192
2025-05-17 17:52:33,39e109c2434e911bb9df824b92b9f4d53b5b3441425cd1cd1a8ca7cef21e1838,897134,47973.0,528.0,0.011006,1,1,191
2025-05-17 17:52:33,16d2596434a8783e3827777ae4a7d91f510341a144feb9b88be3463520f51534,897134,3388210.0,528.0,0.000156,1,1,192
2025-05-17 17:52:33,1f1e1cb965abf67eb8b77f2a93a16d5c3c3bed0a136a59b9e9327ddd75aec225,897134,28545.0,528.0,0.018497,1,1,192
2025-05-17 17:52:33,18c3a624ebdc5c739a2e1c9347d95f1ac81a7ea1dcdc24bd2784de83370c4d25,897134,19228.0,528.0,0.02746,1,1,191
2025-05-11 02:26:37,3beb05d5d31c8e5e16480c200adcdfdaf4476aeda3049e6dcafc84adc9fbf9ff,896193,240737266.0,619.0,3e-06,1,3,253
2025-05-11 02:26:37,db0d3213d7bc7b49ec6a05c9cac0e119a00533b10c6787d0cc04d77ac3940144,896193,240746833.0,508.0,2e-06,1,2,222
2025-05-11 02:26:37,4aa24572707d52471a5752cb3417f662c650a4f6329ed01287dbe889068c2858,896193,240820012.0,511.0,2e-06,1,2,223
2025-05-11 02:26:37,a22b0f71d2b34b96d15cef84be30d8b541f0e4ce2b477e8b2d164f038cc5b55c,896193,240867428.0,551.0,2e-06,1,2,234
2025-05-11 02:26:37,d514b7e1184eb1817ce1eec7087d886fc0c642f5efd741c01cedb166b2377648,896193,240984219.0,338.0,1e-06,1,2,223
2025-05-11 02:26:37,c18265beba851ac538b395b49ef76cf3e278096b4b55e90f0cb14b51c41b3afe,896193,87000.0,645.0,0.007414,1,1,192
2025-05-11 02:26:37,1df377343c0a5f48fc5298a64633edf5e865791094c106828c0c21925b1c50ff,896193,932405.0,891.0,0.000956,1,2,234
2025-05-11 02:26:37,e94e409244e53153f9f2dbc22698bd2704d2b16fdec8e5c4a41d3dca1d44245d,896193,923009.0,891.0,0.000965,1,2,234
2025-05-11 02:26:37,0924d9c3ec22036b95528f849f581c1acb3173996cb2d88c56bdad2fecf7aa00,896193,940818.0,891.0,0.000947,1,2,234
2025-05-11 02:26:37,af18a734d2ba5be91e087700f842203041300f56b072e4fbfd1ad5efb2c2ce5c,896193,7169.0,641.0,0.089413,1,1,191
2025-05-11 02:26:37,a499aab477c465d00b11abe1acd1b752dfe2cace391adf8c66788bd03ff3cfc3,896193,748566.0,3180.0,0.004248,4,6,699
2025-05-11 02:26:37,6ad00ba503f4191fd73a1e862ff3f2540abff0e6eaa1ac0c70e3a039a645a51f,896193,1094096.0,2650.0,0.002422,4,6,699
2025-05-11 02:26:37,1232a93704f229a068b46a6e7e3aa39907501c620c2bca5eabfda63f908bf4f1,896193,884681.0,894.0,0.001011,1,2,234
2025-05-11 02:26:37,f31737953a0994324fe0b55ebb29a6ba86eeb109af944b9075f79b9b0572e488,896193,868744.0,894.0,0.001029,1,2,234
2025-05-11 02:26:37,316c787ccc5700d2782f12b670ce27cd79f4a188a52455c77cde9d7956d135da,896193,867076.0,895.0,0.001032,1,2,234
2025-05-11 02:26:37,c8817b6092f4475b18fbe4db533eaee32ec8b6e3421aabb8d01111ae97c12da4,896193,203132.0,3084.0,0.015182,4,6,793
2025-05-11 02:26:37,eecf931488d688e52f09c90d7d7c969dd09f16736728d6bc5e6a564021642189,896193,1282662.0,3770.0,0.002939,6,9,1124
2025-05-11 02:26:37,748119915728a847193728724c726c4aef0af4d52f8838a7ad4674039b38c896,896193,987444.0,891.0,0.000902,1,2,233
2025-05-11 02:26:37,422eaaa44215d37c45651661b6448728f84c85a0b6fb79011e403900c9678114,896193,854324.0,2230.0,0.00261,1,2,380
2025-05-11 02:26:37,00a6171e2bd28c8be1bd7144b3c114c6ced8a6f3c35e178c2957413fb63aece6,896193,241191.0,7306.0,0.030291,20,2,2246
2025-05-11 02:26:37,5f919639440d1ec5003b5646325d80fec4647e076b0975142cf3d0e1835c3a13,896193,844581.0,897.0,0.001062,1,2,233
2025-05-11 02:26:37,5b7a7a72516ae720696bf4e281bad308e97846ef586878ab086947b01e78e12b,896193,840000.0,651.0,0.000775,1,1,191
2025-05-11 02:26:37,48e10ab2d87ddec1d2b56b02f3e988776fd6076899ee7c036301c363f1013e87,896193,286540.0,2440.0,0.008515,5,2,814
2025-05-11 02:26:37,0a44ebf80dd135642e7efeacfe82fad6d8fe35c876cc6ca6c34f5f66bc64a55e,896193,141430.0,1065.0,0.00753,2,1,342
2025-05-11 02:26:37,5151f5af8b85b7c48ba7eff61a40ac98eb2a9f83bfd70f874eeb747e1b6730ea,896193,77685278.0,2000.0,2.6e-05,1,8,418
2025-05-11 02:26:37,8545c2472cb424cbf9dd3c15081fd4b4f6775fd63cea74bf65d70218576969c1,896193,379802.0,840.0,0.002212,1,2,223
2025-05-11 02:26:37,47e1ce8610e96288a7624df948946fe872cc179bdb9e4cf02ec93f2de73fdb85,896193,932734.0,840.0,0.000901,1,2,222
2025-05-11 02:26:37,98aeebfc1fff0dcf9fcb38f2d6de412343e4834eb5750591ccaee8277735aad2,896193,183917.0,846.0,0.0046,1,2,224
2025-05-11 02:26:37,1a6d5e159fefe821c208d92bf6d8b9be5d8c1bac7c0eb892cc9304795fd6463f,896193,140050.0,846.0,0.006041,1,2,223
2025-05-11 02:26:37,42154507bb8214d071a9ab068d9df8f9b13142ced4988723221e1ceaab66b622,896193,385160.0,912.0,0.002368,1,2,234
2025-05-11 02:26:37,2921feabbf9daa609262ae1d389174571de9ffbfe05ce39fd47ccd8eaefe6d56,896193,189493.0,1122.0,0.005921,1,2,223
2025-05-11 02:26:37,a981c88bbe61acbbe99f0ed963eff1233caeab5caed849296c27bdcd62b770ab,896193,289388.0,565.0,0.001952,1,2,224
2025-05-11 02:26:37,da76d35918f0a8cf36fb969bd691d8ed61fa130502bd58d591cd7784ad443f0b,896193,133048.0,942.0,0.00708,2,1,258
2025-05-11 02:26:37,1bc37d14ae011b19ecd167c94ecfb44dff04238ab65b996df3fdb110227dc3ea,896193,125982825.0,1128.0,9e-06,1,2,380
2025-05-11 02:26:37,30e74bac29674196a55262e6da39cd7809a883a7fbbf63fdb9355e05cb243cd1,896193,137207679.0,1128.0,8e-06,1,2,380
2025-05-11 02:26:37,9c4d128460711a89c073b66a691b7592d8f9464a72e0867720df2f259945f006,896193,138859457.0,1134.0,8e-06,1,2,382
2025-05-11 02:26:37,67f16a03bc44286609841d38f2dac160c824f1acb1fcff2022516dae5f98f106,896193,194229.0,1536.0,0.007908,1,1,192
2025-05-11 02:26:37,c9fe97a6bf52a93d954125bab60508ea2fb601e3d6619064c2f1254db11d4e38,896193,213018.0,482.0,0.002263,1,2,223
2025-05-11 02:26:37,75d23260b7bfa970d067b2848cfba193c7b20c950c68e6a1445aa324129e6468,896193,230740.0,322.0,0.001396,1,2,223
2025-05-11 02:26:37,a172434d75752a0ffbe2f79673a93e2375552feba3b8e22ef63753a3793ff420,896193,324325.0,1248.0,0.003848,2,2,371
2025-05-11 02:26:37,c80222db2403693ce8ca48169f168c0b7b6fc008990371fcbed6c1afea935fb3,896193,21426.0,1266.0,0.059087,2,2,312
2025-05-11 02:26:37,623093ea93852f9a2fda8dac6db3c884d9c477ea33625b3bfab0c3cd046c7366,896193,48645.0,1266.0,0.026025,2,2,312
2025-05-11 02:26:37,49e6ece9a711876a49e79dd8cd8c44a1e9d0786628f50c2ed5ce2010fbf54014,896193,859280.0,1266.0,0.001473,2,2,312
2025-05-11 02:26:37,2322c235cf804b89fc0e9973a6ab2be7c9bda116031f0d93632e7f83803c44d8,896193,226443.0,657.0,0.002901,1,1,191
2025-05-11 02:26:37,5136160ec791105f14ffe6c453ec437a2f6b7faf9d3a0adcf36e9875ef1caaa3,896193,99343.0,657.0,0.006613,1,1,192
2025-05-11 02:26:37,ff6b0f9fb83b047d7a3fad07e24d76c242772e8ec7681854652d6380543f389a,896193,111549.0,657.0,0.00589,1,1,191
2025-05-11 02:26:37,c932bc8b6114e5c4eac2cf71116581d91acdcaf551cb7f02dc189765fdfcec6a,896193,32540.0,657.0,0.020191,1,1,192
2025-05-11 02:26:37,0e1ac6bb3300ae1e305bdcbabf5120ceae77a69e8a288b4e6da102732c59b028,896193,39654.0,657.0,0.016568,1,1,192
2025-05-11 02:26:37,864138bd71a254f24192b246506b4e17c411395de1e5117f54737f7933764e26,896193,561857.0,657.0,0.001169,1,1,191
2025-05-11 02:26:37,54723b4c3e67357a5a613256982024d234941f8ecfd4b1a4cb39e247a8cebe1b,896193,86477.0,657.0,0.007597,1,1,191
2025-05-11 02:26:37,e380888b87c7068e88a9eb6b25b76b61d17a9f61088dbd56de3654b198eca508,896193,90105.0,878.0,0.009744,1,2,228
2025-05-11 02:26:37,c8e838d64e28a1792504ff4ff09d8f4ed80e7923c3e1fd5204b3ae2fc1229c6d,896193,1590576.0,1320.0,0.00083,2,2,383
2025-05-11 02:26:37,3369941d6af3b9b327d10ceced3379894b406d5baddf3ba4df1c7f1b72ee1b07,896193,180337.0,663.0,0.003676,1,1,193
2025-05-11 02:26:37,ed170b96dd13b97d237da8c78f0fc577bdc8850ceddadbeb9cc6712289b82ae7,896193,15846757.0,1332.0,8.4e-05,1,3,415
2025-05-11 02:26:37,0c3099100edf56b6ae1b1ceea5687d22b577d5deacf106066e12238b89feeefa,896193,45271.0,729.0,0.016103,1,1,203
2025-05-11 02:26:37,15f32fc116ca10f966c117c3b3f88168f2e878165623dd508b26356d06205421,896193,162914.0,843.0,0.005175,1,2,222
2025-05-11 02:26:37,6c8c9e000df0202d43beedd30d15bf7941fd126face78863cbf079179bdcc744,896193,266407.0,957.0,0.003592,2,1,260
2025-05-11 02:26:37,dcd8fb364ef200adb7a82b7177debc987188915bba66502e8640335a61ded1e4,896193,2220268.0,2646.0,0.001192,6,2,740
2025-05-11 02:26:37,ba014495389be9a816d5993864baff48c3b7919f9f5435b4826576727604d25a,896193,96731534.0,2000.0,2.1e-05,1,8,416
2025-05-11 02:26:37,81e1f2833c87f7b8d5f927310bb628cee74b1925dbd8b46a34e9dadee4533899,896193,1005.0,665.0,0.661692,1,1,162
2025-05-11 02:26:37,ecf38bd2d61fdbac8364edf4d7062a9b10a6a30a183522aba3f0c8cd1652af01,896193,6997.0,2031.0,0.290267,4,3,541
2025-05-11 02:26:37,b5cafbf0763e8f173c2275462f36a191d706b04ac5f50186ef080e6de4185a07,896193,3096088.0,5082.0,0.001641,14,1,1542
2025-05-11 02:26:37,8d5abdea003016b3373a6e861810c66b74f963b03c66b1b6267d04cff70dd599,896193,1828549.0,5406.0,0.002956,14,2,1596
2025-05-11 02:26:37,4b1c4acb3b8fd09c5dd383bd18fbe8baa182193a86ab99899067505140808db3,896193,1469025.0,1337.0,0.00091,1,2,223
2025-05-11 02:26:37,11223f0ffe8dd143c8edfc3403de5985776c49972f9bb02d1ca3a3099bc4a168,896193,580977831.0,2147.0,4e-06,1,9,440
2025-05-11 02:26:37,37fce6404690a7f61f9cf12c900462b2933bf89571c81976f8f60e6dcf50adff,896193,330.0,906.0,2.745455,1,1,322
2025-05-11 02:26:37,036620259e89f985005cf4a553313f2ebf9b2a7b23c1627481bfa84862d0b9fe,896193,166985666.0,846.0,5e-06,1,2,222
2025-05-11 02:26:37,b50808716e0d0dc48771cb1009397462f16cff9d3571527f56fed433cebe45fe,896193,18491.0,594.0,0.032124,1,1,150
2025-05-11 02:26:37,d475a1799cf02cbec7131eb3c7c8fe785bf2d4bf41bdb4fb0e1e46fc43b5bffd,896193,546.0,912.0,1.67033,1,1,323
2025-05-11 02:26:37,5f2a78f8519dec3a881ccac4d69294cb02d2ccbe6ca648320ed9bf7c468520fb,896193,2004244.0,666.0,0.000332,1,1,193
2025-05-11 02:26:37,d5bbc044515e15ed6e8399118ae9b3ba5b0cd6c809feb7095a3504264b5748fa,896193,21951039.0,846.0,3.9e-05,1,2,222
2025-05-11 02:26:37,fed7dc384791a0a75f065938996a2c8c58065dec100d8cc5e99eb595cbbbc5f7,896193,299114.0,4374.0,0.014623,8,6,1127
2025-05-11 02:26:37,1103fe40ebbbed9a91164a415ba35b08a1bc9e29d62903e54f1ed6d8d91a79f7,896193,54480.0,846.0,0.015529,1,2,223
2025-05-11 02:26:37,f816d5e34dd49a392ccac033008dc3a492471684e111b9a09c01c55c447891f5,896193,184167.0,846.0,0.004594,1,2,222
2025-05-11 02:26:37,f02d69d264bcdf829f602e99e1af145badc8d5d2db2e75012dd1bff7713e47f4,896193,484165.0,1218.0,0.002516,1,4,284
2025-05-11 02:26:37,a2f08f2529107031ec8484b111bd34b19b7e89b341791b4d8203d1ebe15280ef,896193,31687.0,660.0,0.020829,1,1,191
2025-05-11 02:26:37,25d5e962e3f20c07c56a25dbe96cd15ff7df21333828bbe54e8b6e4d503336ed,896193,12430113.0,918.0,7.4e-05,1,2,234
2025-05-11 02:26:37,c86e2eeca381af8f6b7afa567913c1c4ea5dde5687427846749ef9d6442b5dec,896193,3550999.0,1284.0,0.000362,2,2,376
2025-05-11 02:26:37,26cf60b08d85a71aba834863cf07a3adf3bae910bec3c29038021328e12db8eb,896193,466652889.0,924.0,2e-06,1,2,205
2025-05-11 02:26:37,5861293cc9c6ba7760bfabebf8e5499934297b7bf7b4acf63ceb1e88a9f4bfea,896193,546.0,912.0,1.67033,1,1,324
2025-05-11 02:26:37,6810eb7bb80e6667f0b7025cc24ffbd5b328116d708b1a66833d852eb172a1ea,896193,133186.0,1314.0,0.009866,1,2,219
2025-05-11 02:26:37,fb98153419f417d5885b638d63653662214310758bc7f45affab27abe67f05e9,896193,2049154.0,846.0,0.000413,1,2,222
2025-05-11 02:26:37,368f98c876ba260e9ef4442e2af4b3bcf62a73108ce3bcf6b5a1a1fcf9d6a4e8,896193,29155.0,852.0,0.029223,1,2,223
2025-05-11 02:26:37,ed32e095d693729ba347998c4201be7381ee0ce7240488059ab81c81bcc962e8,896193,481468.0,846.0,0.001757,1,2,222
2025-05-11 02:26:37,90274949d64756b17fb8f19f23b4b90cf509ee82652693391de5c4936402cde5,896193,546.0,918.0,1.681319,1,1,327
2025-05-11 02:26:37,09ac6c70b5cb33854337f025b6b29b1768bc786f83e1327120e996247b30b2e5,896193,60572.0,1674.0,0.027637,2,4,411
2025-05-11 02:26:37,c2569e40885ac6177dc5c2e7b379bf4f3df3a12a2e32a06a80fdf89b61b79be2,896193,1690874.0,846.0,0.0005,1,2,222
2025-05-11 02:26:37,c47d2fbe3ec746705780f62a0d3c9e278c96f34f5c12fd68333fd5e023e445df,896193,6496516.0,846.0,0.00013,1,2,223
2025-05-11 02:26:37,58dea5f92814626613daa6a255d889afb9689e9287d24e75120d53643907f0e6,896193,6565807.0,1032.0,0.000157,1,3,253
2025-05-11 02:26:37,76d0118bc02b2577e7a5aee8f3764a2593a374c2c331b863f3c61a3662b6aade,896193,330337.0,846.0,0.002561,1,2,222
2025-05-11 02:26:37,9fc0cc9d71b1fde025627e3d595becc103b519dc9464f0b5521cda6200512fdc,896193,386761.0,846.0,0.002187,1,2,222
2025-05-11 02:26:37,7cdd565095077a3b0fa86ed1cf99e032c52aa4533e73557fc4dcd88a24f438d9,896193,21065649.0,846.0,4e-05,1,2,223
2025-05-11 02:26:37,90ac1089481cca4b9ebe732017a1bd4805b0244a63575ad29a291e5463ecb7d8,896193,546.0,918.0,1.681319,1,1,328
2025-05-11 02:26:37,8ab3c5be0bae73de0c14423fa4d9ee99cf4135a8c31ade9e4857f3b2322f7bd8,896193,546.0,912.0,1.67033,1,1,324
2025-05-11 02:26:37,9cb8bf68f529097e315d1b664d68d857fa47efa2cf708a1bb8c1612cc4925bd6,896193,133642554.0,846.0,6e-06,1,2,222
2025-05-11 02:26:37,c3fed56380b73921fdbcbeb6bb66df29e02e3f7282df42990a5059631232a1d5,896193,546.0,918.0,1.681319,1,1,328
2025-05-11 02:26:37,15de2c0bcc220712d7e39a51b932341c556238cce485da3b800edf179be34fd4,896193,546.0,906.0,1.659341,1,1,322
2025-05-11 02:26:37,ba3e4c3759027eb2b68e9911292300f3c95c6bc1ab61312385f85e20237141d4,896193,42180886.0,852.0,2e-05,1,2,224
2025-05-11 02:26:37,30319dfe65086bd55e621efc2bc6ae5c70dae6d79822a2a5d81f6444251febd0,896193,546.0,906.0,1.659341,1,1,322
2025-05-11 02:26:37,ea4cfc209549d622a0d1e6f3777761831b6b1bf6e731afe7723a86689504cdcf,896193,239089.0,1338.0,0.005596,1,2,223
2025-05-12 21:57:42,3226d522c43283a082d10069c82b9b6d16cf8806624bf0285c9322e15ed7c37f,896460,13206.0,421.0,0.031879,1,2,223
2025-05-12 21:57:42,6d49cfa649c155d3242ca66dc4a57774c0056df5b484c01187201d038429b409,896460,130340.0,421.0,0.00323,1,2,222
2025-05-12 21:57:42,741a025c8f1b8261400245cfbd533c8e0e688e7556f060ced3592e39d0814308,896460,23135.0,421.0,0.018198,1,2,223
2025-05-12 21:57:42,3bd5d50ae81a63f7246dc401835c43bb3e50a45baf4e4b200d60fc224ad0be9c,896460,3874601.0,424.0,0.000109,1,2,223
2025-05-12 21:57:42,09c3858c24a3441df8bacde94d17e6e2169a337efe34c739f1f5146f68fa9375,896460,213474.0,424.0,0.001986,1,2,223
2025-05-12 21:57:42,f93b2de22a5882ab59c67eb7bcd2ee9d3037dbb84da5194d03222a163bb4a00f,896460,1964118.0,424.0,0.000216,1,2,223
2025-05-12 21:57:42,4bc696cf65faccb805d61d1c1571e137d368b30978af9a15e964d45b0bd4b4d0,896460,222428.0,430.0,0.001933,1,2,226
2025-05-12 21:57:42,5a4ebc6120d2710af9c74a63c24ffe4a0612108d7ba10a2c43b557ba143bd034,896460,340514.0,430.0,0.001263,1,2,225
2025-05-12 21:57:42,4d57fbe11a144a9249469aa2ae664cafcff52e8ef74d7df498f4fdaa34c5ad0b,896460,341073.0,430.0,0.001261,1,2,226
2025-05-12 21:57:42,094c21721a093bdfd48277516d5242ff1ff1580d38ab276207341e88d8437e1b,896460,206913.0,433.0,0.002093,1,1,227
2025-05-12 21:57:42,e716e9c8f5a8d9ac7878f752fb8518a224f2bc47f06cf0f1fbc2d1586bca74a1,896460,99495.0,834.0,0.008382,3,2,521
2025-05-12 21:57:42,6a4954a3c15a5e421e1580fe12a2f0bb02ddddf0bb9e33909ff4f43886a1e9c1,896460,86671.0,329.0,0.003796,1,1,191
2025-05-12 21:57:42,be65515409ad9675d50081589b1707ef18dc456a537040ce18c4c4a1be4625bc,896460,32504.0,329.0,0.010122,1,1,192
2025-05-12 21:57:42,6843cbe575a4852d125b06f60b5b9ee82f5ef50c954aa574b2faf6196ad7baa0,896460,108985.0,329.0,0.003019,1,1,191
2025-05-12 21:57:42,f268bf6f6acb054564ad2c8f52439c0a5cb6775f248280dc44fce8825d0a9793,896460,442870.0,329.0,0.000743,1,1,191
2025-05-12 21:57:42,969e2095396a07d91150bb5de949c630178d31a70b96b885fb87e3735596565b,896460,10991.0,329.0,0.029934,1,1,191
2025-05-12 21:57:42,11ab77e319821e3e6a7b63057c326f1b84d34dc480098dffce19bcf1b8cf6f07,896460,18800.0,329.0,0.0175,1,1,191
2025-05-12 21:57:42,be1899a39adb37bde844da3b80680816d7e3f4bd266272a62643f21fc287c5ff,896460,126264.0,332.0,0.002629,1,1,193
2025-05-12 21:57:42,73cb545eee818544c22a20ef50ba96583e1e73f5308f284e898075a0380084d4,896460,1606.0,332.0,0.206725,1,1,193
2025-05-12 21:57:42,2215cbe6fd1b207d92fb9bcf3ae5c711cb329b6b43e2aa7bed9cc19e95c0b40b,896460,281123.0,332.0,0.001181,1,1,192
2025-05-12 21:57:42,03ec50a14bcfbbcc0ccf854f211d90c8675072dcceadf5ffef702d6473d8088d,896460,22700171.0,673.0,3e-05,1,2,520
2025-05-12 21:57:42,d106f3c96acbc87ec61d84029270dcd01193e88082376bc768b369dac48ee8e3,896460,195905.0,338.0,0.001725,1,1,195
2025-05-12 21:57:42,54f2192540d82b8ef1e16960475d882974c8cf4e61ae0bb6b978a0b1476078b3,896460,99924.0,338.0,0.003383,1,1,195
2025-05-12 21:57:42,81dc10f18e7da2074d6afa98512f110d8e826673012b5aa7bc2d9ed8b34f757d,896460,24954.0,338.0,0.013545,1,1,194
2025-05-12 21:57:42,79f11d82033ca3ece7d23134474959c41b934298280231b4905330ad72232c21,896460,30837.0,338.0,0.010961,1,1,194
2025-05-12 21:57:42,2bbd85f9c85c19b59907320913e40b51508d95f0ad11b0f1f06a73bdd9690d04,896460,91340.0,338.0,0.0037,1,1,195
2025-05-12 21:57:42,a764aa1af3decd9f42d1fa4db0d48e867d89e405f1f93b19257ca2d317104790,896460,621654.0,470.0,0.000756,2,1,257
2025-05-12 21:57:42,c1d9d360163ca5c44a8d0e9689c7f428ee56d24974e3e3fb09214bdd499e7a1a,896460,530.0,530.0,1.0,2,1,339
2025-05-12 21:57:42,89b9b4a3d9637d672f0d1f307207ed9a26f5e797dae6d82109a4820af1ac2eae,896460,21434.0,566.0,0.026407,1,1,189
2025-05-12 21:57:42,7c9b1190b453b75c5b8fe30bf19fd2bff1bee2dd6e41c8f5e61d8383cc6b8ac2,896460,2488.0,1937.0,0.778537,1,1,192
2025-05-12 21:57:42,d76744c8ee303065a781bcaab9b9a336e888e333269d33c625cb25e8568ae6cc,896460,6795.0,805.0,0.118469,1,4,462
2025-05-12 21:57:42,8538631162b7ab3653f4a4f90cdc54319a3645632df594c20230380877a16606,896460,233045.0,944.0,0.004051,4,2,514
2025-05-12 21:57:42,e8d6055d14452030ffd34ee8199a1a6f6df4797c6a875e78e47026babe4ac0ff,896460,14670.0,330.0,0.022495,1,1,191
2025-05-12 21:57:42,2f51fd12c73d56dd87fd73d722fa2c5a9239f5f4376b87ee494c087ce7f41cfb,896460,15125.0,567.0,0.037488,1,2,379
2025-05-12 21:57:42,d50ea497724736bb89c669844fc9d58f353222b677c85f79616397cb19cd18fb,896460,546.0,459.0,0.840659,1,1,330
2025-05-12 21:57:42,0c15eed5fff7d0c7d30e7755a5af6f60769425640c0b385da4998df967644df7,896460,19697.0,330.0,0.016754,1,1,191
2025-05-12 21:57:42,fed804013ca84aae072fb1949a1241906599a7ee0904b115d62ddfc95f0d12f6,896460,51317.0,330.0,0.006431,1,1,191
2025-05-12 21:57:42,7b1778d25bc22ce55f822de5c5f6bf52a4563bfdddfe6d12598a442ad33b41f4,896460,10072.0,330.0,0.032764,1,1,191
2025-05-12 21:57:42,e77f4368f39ee2ae9806f5d4722ff7a62e81d980b6ec28527a9e41fd1fc836f3,896460,10201.0,330.0,0.03235,1,1,191
2025-05-12 21:57:42,9478d637fe3434f7affd0c48ab8c107b9e422b130935fc867e783363063220f3,896460,10665340.0,2565.0,0.00024,12,1,1819
2025-05-12 21:57:42,2a80220ca45dd8e9997f80b9331f03ffdff66b2854e7b418d195d827a9495af2,896460,585171.0,429.0,0.000733,1,1,324
2025-05-12 21:57:42,09bef34afe42d19fcd94236ea2db9b71eab7cda0fc1a007a7fb95d6c329e76f0,896460,958.0,330.0,0.344468,1,1,191
2025-05-12 21:57:42,e2fa5997858256c4b0788643c8ce43e4297e85ec0ced9aa49d8c4c8c8aacc0ef,896460,1728798.0,639.0,0.00037,1,3,264
2025-05-12 21:57:42,9a9ff9690a200db14a4077985e1a54f84e10d88427951e5737c418a4964485ef,896460,14450.0,330.0,0.022837,1,1,191
2025-05-12 21:57:42,dd5058d65e454fcce27c8be3d61dad61cfab7883160879de25fb597a8bcf37ed,896460,48068.0,426.0,0.008862,1,2,223
2025-05-12 21:57:42,c3ef7cff57df8b62c1523384d34469199676f1ea4c1e39e19b1981cf206de9ec,896460,2346311.0,423.0,0.00018,1,2,222
2025-05-12 21:57:42,dc33c382de95dca5c61ea7df69f36a76b21566202621164b2d5536b8374f95ea,896460,30703.0,297.0,0.009673,1,1,150
2025-05-12 21:57:42,5c1c37241394be2796bd7c5a2b8d7bdf9ab6cc341cb168267f22bc78ce4319e9,896460,20589.0,330.0,0.016028,1,1,191
2025-05-12 21:57:42,aaf9c3e46e0b845972fe21b3051c07fb8a12bc9d57ca188bc90ee0bf518b48e8,896460,337690.0,330.0,0.000977,1,1,191
2025-05-12 21:57:42,2ff46233b124be373f1645c773a493391ab230e449b936be83a05ddd6b2dd4e4,896460,9692.0,330.0,0.034049,1,1,191
2025-05-12 21:57:42,f437778e5d203b6e52cbb5bfb1cd09334f6130e6fc2b875a56c792de6531e9e2,896460,10561.0,330.0,0.031247,1,1,191
2025-05-12 21:57:42,d54f6228cbc8f1e68d572a70ae61ad4d1f0c699118e6494c804cf23d995cdcdf,896460,2856126.0,3027.0,0.00106,1,30,1090
2025-05-12 21:57:42,012704afb2716317b8ddeab87f0a0f476eeb91cddbe27d27fe20d05cc72691de,896460,4722.0,330.0,0.069886,1,1,191
2025-05-12 21:57:42,563b9732c44adb050092917132beeb40040fe96afedf9bc16127e28adbaa12dd,896460,1119.0,330.0,0.294906,1,1,191
2025-05-12 21:57:42,baddbfdd8476cea1e7a8078267f412a7ebc685f16995ae1d401d20cd7814e0dc,896460,45727105.0,423.0,9e-06,1,2,222
2025-05-12 21:57:42,c8abaffa0eaa047526bb8222a5ce3a40f11535ab57439339aba115022864f2db,896460,12416.0,330.0,0.026579,1,1,191
2025-05-12 21:57:42,2635524db7d4b50827b31ce57a695a54ae18a9f2dc34774a26a60b7c4b3af5d4,896460,5741.0,330.0,0.057481,1,1,191
2025-05-12 21:57:42,20e9b25d7b8e6baba61ef85a5e5ffb0b45f72cd1f3bc68ce1217fa194e625dcf,896460,5370.0,330.0,0.061453,1,1,191
2025-05-12 21:57:42,d207a409363717bd8e839bc5a139dec258e18b6613f381e10336c25fcda70fce,896460,24262.0,330.0,0.013602,1,1,191
2025-05-12 21:57:42,230d12ca7c93e1ed2f46c4aa1b63e336de478720bd2e491a78378f6d5bf838c7,896460,7616479.0,531.0,7e-05,1,2,259
2025-05-12 21:57:42,80c4dbaabdf8c7982b8110dc6fb3de4c87412e92e1bcde5de355cb5826280ec7,896460,8021.0,402.0,0.050118,1,1,215
2025-05-12 21:57:42,fcb921912ac3ada9d50ce618807f684935790d6c24dab407fcf69b3d19c6f9c5,896460,484570.0,423.0,0.000873,1,2,222
2025-05-12 21:57:42,0ca330f8b3abc3b91b8c6c9fcd506b578be553c7f99c3f1f572f2558a5ff4bc4,896460,107304834.0,2370.0,2.2e-05,6,1,1630
2025-05-12 21:57:42,63b3d03ddaca54f17697b84563f76541a6a1c2da79927f1486f4d832ca2ad2c3,896460,12780.0,402.0,0.031455,1,1,216
2025-05-12 21:57:42,a79b2b0987dd558561505668ffbbd8b76292971e52f6e6cb6712196cafbf0dc3,896460,17533.0,330.0,0.018822,1,1,191
2025-05-12 21:57:42,478af983efd8b26bdcb4bccc95fd88bbe60b08bbdb38cba45aba71c4a56be0c2,896460,20497.0,330.0,0.0161,1,1,191
2025-05-12 21:57:42,67e5c30c8311d4d2a04ea67b9b0c70a0a35667c5892bf525f20cfa2f1ae5e7c0,896460,6384.0,330.0,0.051692,1,1,191
2025-05-12 21:57:42,e39abaca3634e357f0b18b99e6a1ebbc55a3143600400d2f6b02b637be2080bd,896460,15270.0,330.0,0.021611,1,1,191
2025-05-12 21:57:42,4a251a5d4eace3dadac806cf13aefdda509f3791030fecd7a44500506b7e07bc,896460,890510.0,423.0,0.000475,1,2,223
2025-05-12 21:57:42,c5e30703babae782a38bbb28b1ba4bdcb4aa49b53e33c8ef2a85b3da1155a8bb,896460,4246907.0,423.0,0.0001,1,2,222
2025-05-12 21:57:42,fe3788ff22500a324f6ff604d46deb3f73fa6c6ce84c4d00da08a0727897feb8,896460,10036.0,330.0,0.032882,1,1,191
2025-05-12 21:57:42,e3d912ebc73f5c28bb2376999916d5e393dc3ca009c1217baf93e14e4c8944b1,896460,14819.0,22908.0,1.545853,4,4,29506
2025-05-12 21:57:42,e0ded9d2982dffc1c40186ed599e91dedba648a57545448d354e3848fb8a17af,896460,313789341.0,498.0,2e-06,1,2,247
2025-05-12 21:57:42,9d464a8a73fd9fbd4ffb59db9bb8e905dd23529a391bee502495e5f09a725cac,896460,638.0,330.0,0.517241,1,1,191
2025-05-12 21:57:42,5dda8aa4aa7ead10bc5ff2c605a31e603c9eb2b40da5954915ec085ebe29a1ab,896460,8881.0,330.0,0.037158,1,1,191
2025-05-12 21:57:42,f2f3e2baf96bea46ea502e96d58609b88369fd00377aa105b83e8826c337e6aa,896460,86347.0,1080.0,0.012508,3,4,541
2025-05-12 21:57:42,75ac5c7ce6760591b7c1b44afe66b9a0627a7aa090bb05357d807d08ba3967a8,896460,4670.0,330.0,0.070664,1,1,191
2025-05-12 21:57:42,2b8f254af55880fcb7bb185254d7524ae47b6fab2d7a8338b7525b90f46251a7,896460,24670.0,330.0,0.013377,1,1,191
2025-05-12 21:57:42,5edc7236da5cc484bb2f6e6a874c28d7a8b4542dd54c3001187830a2abec5aa5,896460,6239.0,330.0,0.052893,1,1,191
2025-05-12 21:57:42,14cbca70e57dfd540c9b6d5bdbb139d0e1123295dc486176115f20c48e10bca4,896460,103374513.0,807.0,8e-06,1,6,350
2025-05-12 21:57:42,95aebfb61b99da7fec1b60a330f356094a1c376a18c7e8143c5bb298ba9281a3,896460,1670.0,330.0,0.197605,1,1,191
2025-05-12 21:57:42,4bbfcdecdfdf45fff4b64a6428668f5b1436df72fd6528e28ed4690cf2383ca0,896460,807.0,330.0,0.408922,1,1,191
2025-05-12 21:57:42,9f2a1e72062961201c0a9ac1cb24b810e2ab568e9f3237f804e2a22a995d369e,896460,1872342.0,423.0,0.000226,1,2,222
2025-05-12 21:57:42,aae978e3701de3df449f29f67733c4de4bf1f3c368f5e79ce3f02fae1627249e,896460,134761.0,624.0,0.00463,2,2,370
2025-05-12 21:57:42,a9a9f985aac40dc8655ffda388e1c41df0b1f3a5aa96bc68fd2c6c8355600f9e,896460,1104.0,330.0,0.298913,1,1,191
2025-05-12 21:57:42,8336404ccc1d53016ce95f718f689e0bd737624d0695e027d6d25fcd4334249d,896460,59538.0,423.0,0.007105,1,2,223
2025-05-12 21:57:42,be6cf1461a9dc287ce900869fe0d5371a0c6b6a3c0ba4e79b66ef84356feb09b,896460,797.0,330.0,0.414053,1,1,191
2025-05-12 21:57:42,928ef635e5b3380a29c58aba8809b899297032f378b2dc6c3f7852d20b16d29a,896460,642505.0,495.0,0.00077,1,2,246
2025-05-12 21:57:42,8115e305a0267b2894a8985a8e5274ce698b7ec12e65d20c3ce73245f0561c9a,896460,21121.0,330.0,0.015624,1,1,191
2025-05-12 21:57:42,5105ae3fa3187a78171c4770a4fcb650993e009016436b37fe1e968e0983ec99,896460,1049469.0,531.0,0.000506,1,2,258
2025-05-12 21:57:42,c4a6e86891a19cd875963de62161cfec33c7c38b2d84669c62498e88e26a6996,896460,1047579478.0,423.0,0.0,1,2,222
2025-05-12 21:57:42,e1f10973ed4c0287c6ab2184e71c7007dfa5cbf1b32e760bf722c6415bb8bd94,896460,6968.0,330.0,0.047359,1,1,191
2025-05-12 21:57:42,1ea2328d0bd0f2aa60d7be32dcfd8f9c54ad87fa04415cb739c1f3c5fdb7ce93,896460,1670.0,330.0,0.197605,1,1,191
2025-05-12 21:57:42,8f3dfcb6eae5e5ee0177ac7c85910ffc7936c6e8a554a6ff69d44041817b8792,896460,20893.0,330.0,0.015795,1,1,191
2025-05-12 21:57:42,e1dc393890b60673fa994a24c6590bee4c4233ed39b91516127731484dc00e92,896460,9430.0,330.0,0.034995,1,1,191
2025-05-12 21:57:42,afe848fef508831271a560e88411beb161e32d851454b85c9e6fd76508b06e90,896460,6297.0,330.0,0.052406,1,1,191
2025-05-12 21:57:42,c460c024b034b20eebb6df29968eb38d779aaf67e0d47fab87adb2a6d05e6190,896460,353581.0,423.0,0.001196,1,2,223
2025-05-12 21:57:42,1f0959690cfbe5418dd12c9831d3e805b784134d721b1814defa4ba95813ed8c,896460,461000.0,1315.0,0.002852,2,2,300
2025-05-12 21:57:42,1328054ee2bb07b48bbc06c1d99eb4bce624a430206a371106b703859331e5d6,896460,17969800.0,241.0,1.3e-05,2,2,302
2025-05-12 21:57:42,e4d7bef96339f46478b6411007b0e972f1a67cc8ddc497b8841e83e0d3a40b29,896460,19514665.0,235.0,1.2e-05,1,3,277
2025-05-12 03:27:37,b3042b32f05436690f312a97a2ca5aa11459716f9b8e5c9deb6c56506044dcec,896352,35554.0,215.0,0.006047,1,2,362
2025-05-12 03:27:37,54ccd85e6c85faefda6a65a90329a604b23f354a4d4a16b8cdf7d1eb93068e50,896352,36099.0,215.0,0.005956,1,2,362
2025-05-12 03:27:37,b92107e90c4e9a1ebde0a50c67a7aadfae3e3ff2785ed5716717f9267bc6b162,896352,36644.0,215.0,0.005867,1,2,362
2025-05-12 03:27:37,f502eaa88ce677633360d1bd16c7fdd9009471cc68cd6f8d8ba9a7e4ad91ecbd,896352,37189.0,215.0,0.005781,1,2,362
2025-05-12 03:27:37,d50b981046e5895b1d8727f85a502a3890df3f61ba8d83157fc051d0cdeab1a4,896352,37734.0,215.0,0.005698,1,2,362
2025-05-12 03:27:37,9340747e73d3e84169e29a4d8966f80888c7128c23e64e55ef30f1236968315f,896352,38279.0,215.0,0.005617,1,2,362
2025-05-12 03:27:37,c01665d7e1d574f4534f7ce4087fcae7fe1828b5924934029000539b10e8b572,896352,38824.0,215.0,0.005538,1,2,362
2025-05-12 03:27:37,d4d0ff88cbb0986b2c6b03532236fd0b5ede9221df2e7e1a8c039cb2cd9082c2,896352,39369.0,215.0,0.005461,1,2,362
2025-05-12 03:27:37,469c39ae483c59461e28a69c8b845b4aa98ed8e5c72e27062bc14ba16771cb99,896352,39914.0,215.0,0.005387,1,2,362
2025-05-12 03:27:37,d07848cadb62ef1283a37f69ed14250ee23311a03e600bb7dda81a5e4dc66135,896352,40459.0,215.0,0.005314,1,2,362
2025-05-12 03:27:37,f4113486d915df74f748bd03b1ca05f0bc8e74705bba72a55f9a2d2662a4aed5,896352,40674.0,123.0,0.003024,1,1,162
2025-05-12 03:27:37,bf4ab0d31b29fb4b56a053d6f49148ce956cf6ef0aded71e91fc67d919c9572a,896352,173896.0,875.0,0.005032,9,6,1234
2025-05-12 03:27:37,d57d0c5591f770a6e53588d82a68b3ad2158a4e47e67a0641f218065a3e9e61d,896352,1798909.0,1091.0,0.000606,10,2,1715
2025-05-12 03:27:37,822b72caad4a388a64d56fd04005b641db0128905700f5fff80a8c8ea89454ae,896352,1656524.0,141.0,8.5e-05,1,2,222
2025-05-12 03:27:37,0cdfaf0a63322627964cc4b957002ce70bf9a0c5a73654f878b62238f14d3ca9,896352,11848.0,164.0,0.013842,1,2,245
2025-05-12 03:27:37,578321b4c64ca7b612e57fa51626b204a2385859f82d0347f745d26fa13da49d,896352,10253.0,367.0,0.035794,4,2,689
2025-05-12 03:27:37,e6f05dc76f1d3823869ee21aff4e69b2bbad113390346862763004f7b6a43473,896352,90131.0,406.0,0.004505,3,5,576
2025-05-12 03:27:37,e266d8206e0a262332a0cee9a6b3599dfb2d592e21b438f5b9eb9305f6f5db7a,896352,544683.0,334.0,0.000613,1,2,779
2025-05-12 03:27:37,82e93e818a5cd85b889f5305d44924bb664a50042aad12f592428987a0539ed3,896352,242779.0,221.0,0.00091,1,3,248
2025-05-12 03:27:37,2d9490bc32a76f1b4fa6be84e6b6875ccd45a7ba716cdfdee404c10e2b03e6a0,896352,134779.0,221.0,0.00164,1,3,248
2025-05-12 03:27:37,6dc31bf6b43bc2e0e1ea868ca76e66f10e243c7345a055eab9e15843828c04a0,896352,579779.0,221.0,0.000381,1,3,248
2025-05-12 03:27:37,b9f5a1749cffcdd68816e76e1ce9b31de03f75b22b98549fea30c29d2406229a,896352,2589779.0,221.0,8.5e-05,1,3,248
2025-05-12 03:27:37,66be71d6a03930b69b61f081ec6cef91288f2d4cff34e576c0bd8c197044088a,896352,4589253.0,221.0,4.8e-05,1,3,248
2025-05-12 03:27:37,c40c5ebc6e851e40a3ff82a5023b1311cbde2f8350e8dbb9568015f2e2caac5e,896352,434722.0,221.0,0.000508,1,3,248
2025-05-12 03:27:37,10b6915f91ba60cb15af504241d11035b41f247fe3e01f0699288004b870512d,896352,45693.0,221.0,0.004837,1,3,248
2025-05-12 03:27:37,b26924a25ec358b99206d0c2d02fabe79e9c4952fe45bbeeb59e439632061d0d,896352,191768.0,221.0,0.001152,1,3,248
2025-05-12 03:27:37,9078e2f7a7cec377522574d3781533cf9ce010dc358fdaaa670072f370beaed2,896352,6622722.0,1805.0,0.000273,21,9,2648
2025-05-12 03:27:37,395a181ca28b3a6e89b1256b7880e415efb5478acf269b41a13f1e975deb4348,896352,10399751.0,249.0,2.4e-05,1,2,219
2025-05-12 03:27:37,a595eae5c9a409c819f5274701215e5fd43df25cb769c59cd60f7c1dd75ceb61,896352,107208.0,338.0,0.003153,2,5,429
2025-05-12 03:27:37,02c831ba8b380cf93c45c8f1b25471559002d90ece25cc95ba95419ae44135c9,896352,511030.0,164.0,0.000321,1,1,326
2025-05-12 03:27:37,4e1c75494ce815ed6a9d488c584d7c111ed61925f403450c446f3b9ab09b1eee,896352,467841.0,159.0,0.00034,1,1,267
2025-05-12 03:27:37,4286db616e120e530244c80ea2c6a190cc579785b7dee1657e36e814be2a23b5,896352,467841.0,159.0,0.00034,1,1,267
2025-05-12 03:27:37,4a402e1d851fd549125b254a77725f5fb43ee30cbf7cc2c451bd2c3989a87fab,896352,467841.0,159.0,0.00034,1,1,267
2025-05-12 03:27:37,d75a77ded5e85b6f9461223df176e3c9325e60b5b061ba6a6d51a1b7993c3aa8,896352,467841.0,159.0,0.00034,1,1,267
2025-05-12 03:27:37,3e0db7f20293bada085e6383d2aedb3f20191a544974799c72001e2972a47d95,896352,467841.0,159.0,0.00034,1,1,267
2025-05-12 03:27:37,6a6662d76039ec7be00160511c111e23cf219e89573a0a3bfee40353623a7967,896352,467841.0,159.0,0.00034,1,1,267
2025-05-12 03:27:37,dc38c8152a5748c821abfad69344ac056a39193a5bccad185ae3671632ffbf63,896352,467841.0,159.0,0.00034,1,1,267
2025-05-12 03:27:37,2b426d8e371fbbd970423a0a027662484cff354036c6dc2c469f1a2d5836905b,896352,467841.0,159.0,0.00034,1,1,267
2025-05-12 03:27:37,4fa2dc2418a81250ada4449cdcf9aa05b2b31ced3bf4c4b4a9c564f8ba81d73f,896352,467841.0,159.0,0.00034,1,1,267
2025-05-12 03:27:37,8de19b2204a4cd755d0fe7a34c501aa2c645ee2f1f676abc6879cb277f667132,896352,435841.0,159.0,0.000365,1,1,267
2025-05-12 03:27:37,b5f6fcdda3c7c37554baf07986ae61364effdfd2047e1aca89a26e40b46e4526,896352,467841.0,159.0,0.00034,1,1,267
2025-05-12 03:27:37,2c9b7fd2969bf091e91ae5ffed7f1c591cae1c68566bcce1caee7823c0f37c11,896352,435841.0,159.0,0.000365,1,1,267
2025-05-12 03:27:37,1adcdee6b4b16180b9680f0ea3be6d9c18a14bb1a9e1734224e631cdf114710f,896352,467841.0,159.0,0.00034,1,1,267
2025-05-12 03:27:37,04938580787f566263e60ed3cd0a5aea478a2cb05e5b94d82836947a98c33d03,896352,467841.0,159.0,0.00034,1,1,267
2025-05-12 03:27:37,f17332cb24ddef938d2af58b70096b82de584c5891676c7abd3ff44ebc9c2af8,896352,108771.0,150.0,0.001379,1,2,179
2025-05-12 03:27:37,00c849ffa73bcde82011ee559d7f4e12752a68911b7fe4ce4421ee52323c49e8,896352,108771.0,150.0,0.001379,1,2,179
2025-05-12 03:27:37,04834732711bfccf8de857ddb545a1370a01d810617ea06cf45bb19c1761eaa1,896352,134837.0,150.0,0.001112,1,2,179
2025-05-12 03:27:37,dea4c4d7474264e7e0595bb8b57431933062a485f4bbd96904cdf7d480cf115f,896352,134535.0,150.0,0.001115,1,2,179
2025-05-12 03:27:37,770ab4dfff0d1dfdcf7f2c8f35ca27767d5ac84ca069c70f9f30a32357cee02e,896352,134535.0,150.0,0.001115,1,2,179
2025-05-12 03:27:37,beb9589c6c9c5f2a84cf401e653e8db50bbf2fc9db2a4a02454bb9f5c4bda01c,896352,134535.0,150.0,0.001115,1,2,179
2025-05-12 03:27:37,d7d814838065dcb75d2d1913a38d866e39ae2018435cfda412ca65905a3a041a,896352,108771.0,150.0,0.001379,1,2,179
2025-05-12 03:27:37,01c95732697a038fddb6d07fc0ace591dc46fb2903065f7e1114311c674ce512,896352,121804.0,150.0,0.001231,1,2,179
2025-05-12 03:27:37,14ec8957b4d486f1bca8f87c640b8cb1620ba5bf66a69e241bb955c66b74a111,896352,147893.0,150.0,0.001014,1,2,179
2025-05-12 03:27:37,7e4b964ddeb9b50e2307fe62042b926eb2fabe88e916924fc8650bfea72b7601,896352,94513.0,150.0,0.001587,1,2,179
2025-05-12 03:27:37,307a2cbb48a4a300791d3570b3d8e8aca20665f0a9393f872a0f9118408b5abd,896352,4047500.0,1644.0,0.000406,9,2,1399
2025-05-12 03:27:37,2809089e213b7171c259e45093fe96b2b4f5c4000aa84d9159c851fe35d1c163,896352,12090.0,256.0,0.021175,1,2,448
2025-05-12 03:27:37,34304a96ee779e94c996592251a3b6027e5cd5ef82a3de506f47647f6890c6b8,896352,69826.0,272.0,0.003895,1,3,396
2025-05-12 03:27:37,fb99c984274ad21e597e5ab11b4316a742e86b7724e61af218e287d8de88e9b7,896352,70428.0,232.0,0.003294,1,2,362
2025-05-12 03:27:37,68509c0bd3304f8da9b5e82acc335f6c49d5757ef7d7d74fce7fff931a28a959,896352,70990.0,232.0,0.003268,1,2,362
2025-05-12 03:27:37,ac9390243cafa55f35d564452218f2586f45882f83a07d4c3e5ca408c70220f6,896352,71552.0,232.0,0.003242,1,2,362
2025-05-12 03:27:37,77bf143564e6dfecabdb448cf7d0f29e917cf1b14697ddfa65ec238ed19622cd,896352,72114.0,232.0,0.003217,1,2,362
2025-05-12 03:27:37,85007121792db4fb5c508f53efe5d20c7f4d14749e335745e95f27b362f3cd3a,896352,72676.0,232.0,0.003192,1,2,362
2025-05-12 03:27:37,8e8884969ad7f24bc8a0fdbc5ee21f09d94e95b597a450623b793a0095ad1659,896352,73238.0,232.0,0.003168,1,2,362
2025-05-12 03:27:37,d374a31db39a7e84887e5bcbf8d5a74fc0124076d224bc0d4c90ee51afdfddab,896352,73800.0,232.0,0.003144,1,2,362
2025-05-12 03:27:37,8b059603af36a8e88f536d80b74b750064549d43f0dae0e8bfbe5f18ec92c00c,896352,74362.0,232.0,0.00312,1,2,362
2025-05-12 03:27:37,62259c860152f13cb097ebe32549317e4d2b0703506f6bc2060b3092cfe7db89,896352,74924.0,232.0,0.003096,1,2,362
2025-05-12 03:27:37,e71fff394457cc72c71840213a1df059bd505eb4070a47be70c025281c0110df,896352,75486.0,232.0,0.003073,1,2,362
2025-05-12 03:27:37,084c6e78b4f8172a5b7497a3e848190d3f8894e97cf3f4f95f2411e4cdcf9582,896352,76048.0,232.0,0.003051,1,2,362
2025-05-12 03:27:37,4ed807cd0a6ec7ec11b921d3b42dc833d3e879d46e00c2d64904aabe6db4afa6,896352,76610.0,232.0,0.003028,1,2,362
2025-05-12 03:27:37,ddb0dcbf65dee51a57d0e043236db0eba357573fda66b2a017ce9b9cc81cbb2d,896352,77172.0,232.0,0.003006,1,2,362
2025-05-12 03:27:37,880ccb348b39187180946104b08b17426070e15f7324f6ee9d14044ac57e1b54,896352,77734.0,232.0,0.002985,1,2,362
2025-05-12 03:27:37,97e50966d34bdaf181dfc770f4230a01b30bed3d3c51cc1bf998eb8264df5845,896352,78296.0,232.0,0.002963,1,2,362
2025-05-12 03:27:37,ffc82fec63183de9cf2a24d43890b3cc8b68f1ee27b5ace48741507a358729b5,896352,78858.0,232.0,0.002942,1,2,362
2025-05-12 03:27:37,92568ea714605d0af8fabf95137bc6e3400d98597745146b5479faf5b16feec3,896352,79420.0,232.0,0.002921,1,2,362
2025-05-12 03:27:37,baddf9264d8f6c54576ec98ff22b82ce1609f1f0db80371387a6bc4d292c56e7,896352,79982.0,232.0,0.002901,1,2,362
2025-05-12 03:27:37,c7ea3fa22561afa78bb66c0d071955e7335b25065993354238c4fb4550a26dc7,896352,80544.0,232.0,0.00288,1,2,362
2025-05-12 03:27:37,9fb6256ddc474b7c5cf294a80dabe469bc9eefe5384319537e157509b3935dd4,896352,81106.0,232.0,0.00286,1,2,362
2025-05-12 03:27:37,9b0d09a2ac7907475acb60a252c57e8123c50d0603f116895d5019a6517fc946,896352,81668.0,232.0,0.002841,1,2,362
2025-05-12 03:27:37,765046c7d48950c6dac764d05b27b4cba4782e0f5e29863e907547fb4501d6ff,896352,82230.0,232.0,0.002821,1,2,362
2025-05-12 03:27:37,9de487bcbd870b4b1a1c26ce38d6e1889c1a18aad64948b0fb825748020a0f43,896352,82792.0,232.0,0.002802,1,2,362
2025-05-12 03:27:37,cfdac75d4997ac3507aa66d29b58eb106402bdfdbb634f2c94c1e8dcd6fb0be6,896352,6100031353.0,170.0,0.0,1,2,224
2025-05-12 03:27:37,d2f57a26212adcde57d604cfddc2f375d5f9d1e134a08eb61c8baff1c8e65de2,896352,399830.0,170.0,0.000425,1,2,223
2025-05-12 03:27:37,2f7e06703ebee5caecd4f21156ea21b248c7e29874e6d83b14742fc53ccd2fde,896352,448434082.0,170.0,0.0,1,2,224
2025-05-12 03:27:37,403e10f45a232547ff154c9dbcb0b4633b0275fa064aaab363c04872a2e287ca,896352,62162424.0,170.0,3e-06,1,2,223
2025-05-12 03:27:37,3464f210420682593a9ab2d509b8f192e394b221f4dd8c64f181f6b2377e62c9,896352,1321483695.0,170.0,0.0,1,2,223
2025-05-12 03:27:37,750ad46df5d6b051f5b4c96b7462398c114fec085112ec38ed35a190264a7dbe,896352,56346183.0,170.0,3e-06,1,2,224
2025-05-12 03:27:37,8c5da13ce0149b3bd9d62ce5804058dfac9a14ffde859d0a935fe855605b59aa,896352,20441.0,170.0,0.008317,1,2,223
2025-05-12 03:27:37,9a381aa1f76200840a28b2d61da9be361c1a63e4d81dd4ef374e743d73815e8b,896352,2304359.0,170.0,7.4e-05,1,2,224
2025-05-12 03:27:37,5ee4a6db3dfa136c42e089eeaabfc8c216a3c16d80f6d47a1c11a05751932e58,896352,19979.0,170.0,0.008509,1,2,223
2025-05-12 03:27:37,f5584c1b80ce367261a41a5a3b265d7d03c49eea3a72801dae5540fa4fcda11c,896352,108266.0,170.0,0.00157,1,2,224
2025-05-12 03:27:37,e53aae9b6903e9c14f5c6664b335fcefca3ba5916f867934f147af8b9b8612bf,896352,13715384.0,206.0,1.5e-05,1,3,253
2025-05-12 03:27:37,7d6413d0033ca45ba596f0dc16aa7b3c5ad36a870cb25d215a1af5bcbc69bba5,896352,1801556.0,206.0,0.000114,1,3,254
2025-05-12 03:27:37,544c5ac6ecb283372419d748147bd89825b5af6eb4529610042a7b8b0dab015f,896352,32355863.0,206.0,6e-06,1,3,254
2025-05-12 03:27:37,30d1585fed9fdbab98c007c7adbafeb84492f15595f7f368844a5a0d78100e9c,896352,199999770.0,230.0,1e-06,1,1,192
2025-05-12 03:27:37,5c875afc8507ba493532856d4efd96f40e2af69f92aa68b2d432267205aef34f,896352,89137958.0,248.0,3e-06,1,4,289
2025-05-12 03:27:37,ac7ebd2a21fcc2dff365cef2da1bd5b3e232a80f43fc261940d2990773bf6046,896352,83024.0,133.0,0.001602,1,1,162
2025-05-12 03:27:37,7ca08dc995db588336c02a0e52d18a8202b357371a58d4b5007d4b77858d08f3,896352,59841.0,169.0,0.002824,1,2,222
2025-05-12 03:27:37,010b19dd9ec33593a5ce10cff4579fb945f87206665e2fb1ca13d6cacb857bd7,896352,130311.0,169.0,0.001297,1,2,222
2025-05-12 03:27:37,34ed6fbe65892bec215f5c3657465578647c8007589bf9a953940c98667da1cb,896352,3975661.0,169.0,4.3e-05,1,2,223
2025-05-12 03:27:37,cef6da0f4cf19f4e629fbc2b4a6b749a3870fab5e809f71b6ab2fb1bb31c74cb,896352,2891464.0,169.0,5.8e-05,1,2,222
2025-05-12 20:48:06,054f6d265d26ef543a4629d2cc9167c898f89555e8725cab2a9a3d2c64bfe961,896457,28152195.0,191.0,7e-06,1,2,381
2025-05-12 20:48:06,932af1dba0f703265f7bcd9ad52e97af3b036ef10d3a0d122bdc3313bf67858f,896457,30585750.0,234.0,8e-06,1,3,424
2025-05-12 20:48:06,7da902ce87cb85e6107b65c471e605099d3d77fb6a18f2f21175fa6b32ea44bb,896457,32043799.0,193.0,6e-06,1,2,383
2025-05-12 20:48:06,f064a9629542a304b4c4d54eb77fd75f8ed7458dde6d7a02826b311481fb0f5b,896457,32353026.0,193.0,6e-06,1,2,384
2025-05-12 20:48:06,87e255520ea8d367fa574c39ad265a5b867007c0aece7d0ad917e514803cc4c8,896457,190948.0,192.0,0.001006,1,1,191
2025-05-12 20:48:06,4e9542125683f668e5b08ad173a327bb3b9893bc7f92ada969bac66da7740240,896457,163441.0,192.0,0.001175,1,1,191
2025-05-12 20:48:06,f9ded90880082df01f542c99747a8c7d03dd134ff01862b15c5ab45552d7f9d5,896457,1195372.0,383.0,0.00032,3,3,625
2025-05-12 20:48:06,5537753ccf79f2abbeee1836672f1f838ec9fe119ee77c0231f337592b97b9dd,896457,1440268.0,191.0,0.000133,1,1,190
2025-05-12 20:48:06,e81b31482ba18b7151643e93a4d4b18d17edc317404448239e13b038f189b6cf,896457,33263320.0,190.0,6e-06,1,2,380
2025-05-12 20:48:06,d47fbc16c2d0a034adc8eeb3172d130dcf8b5ace6cbe9cd7a4130a652b4d64a4,896457,33458315.0,191.0,6e-06,1,2,382
2025-05-12 20:48:06,3ece1b195437f342a0e3ff8336667bb053e1097672a1da6b221f969d2420d038,896457,34428793.0,191.0,6e-06,1,2,380
2025-05-12 20:48:06,c5a38324259e9e91d18fd7841ef4286c3319f435b29e57a932fb7370cc22ab2e,896457,34720070.0,383.0,1.1e-05,1,2,381
2025-05-12 20:48:06,4260a363b6262577ee515d372aeb3acdc2d104405604e41c1d7c4796a7a71225,896457,707992.0,191.0,0.00027,1,2,382
2025-05-12 20:48:06,a555a9301e5a83bc2958fab6a85c04b9e5cedb0919bab98c3e0142b26bdfde51,896457,805414.0,190.0,0.000236,1,2,380
2025-05-12 20:48:06,8e61c95451621a72c920053981ad3f5e0e2168b807f1f0fdf59aaebf8b46f3c3,896457,1014216.0,191.0,0.000188,1,2,381
2025-05-12 20:48:06,a70593af24a929c2478d06adcd0afb6c8b2d975f30aad894cd64e13ffc38f1f4,896457,2085863.0,190.0,9.1e-05,1,2,380
2025-05-12 20:48:06,90bf318cca932ad1049bc64de1bda60d7542b0b6704d97d0d3b04f9b626021aa,896457,28312.0,190.0,0.006711,1,1,189
2025-05-12 20:48:06,c85bebfc747627ed7955c1dc40269d188e92c97d308c27f24817f6314723b38f,896457,50895.0,285.0,0.0056,1,2,283
2025-05-12 20:48:06,9f7cf5255504a8f41ff4c121aad145cba775057b8d1733220b6dfc8c988699f7,896457,51180.0,285.0,0.005569,1,2,284
2025-05-12 20:48:06,1481c9a8a89dbacdcb5c6cc4f259dcc2824839fa94e786accb713a660aed9a45,896457,397145.0,190.0,0.000478,1,1,189
2025-05-12 20:48:06,38d436bf3d5b62765fce8936acbb598e8002940c9fbc8e53a463cf3f6058e333,896457,46385.0,285.0,0.006144,1,2,283
2025-05-12 20:48:06,b3e08239ff8dc005e7e43faedda1b6f4180694e208e76e8bbe0c43172a80f6a2,896457,46670.0,285.0,0.006107,1,2,284
2025-05-12 20:48:06,c16423b5b22683d1ee903136e6c377a1e39b385d2ea61cb592df9cd6a0812a4e,896457,46955.0,285.0,0.00607,1,2,283
2025-05-12 20:48:06,78fc5ef0de2b2e1d296488296fde40445523afa8fbecc2edb97efe9b27f826ef,896457,47240.0,285.0,0.006033,1,2,283
2025-05-12 20:48:06,15906927fe5c98db6c52ef521d73514c148b77b93b1297213cc97266590990d8,896457,47525.0,285.0,0.005997,1,2,284
2025-05-12 20:48:06,86025bedc3bb89585868003c94f9f150dc0366d97fca6924f0eb27e03d5d9bba,896457,47810.0,285.0,0.005961,1,2,283
2025-05-12 20:48:06,c0799c21659a5b1fe2a7ba7496bcbe0033a1d8efa9db739434c10e372b14d59e,896457,48095.0,285.0,0.005926,1,2,283
2025-05-12 20:48:06,2e3f2a85ad4ef47194936be6a3ec8a4a2970d1b5c5248599503dbd70b4baa17e,896457,48380.0,285.0,0.005891,1,2,284
2025-05-12 20:48:06,64e1fc1422178d3a9b0bfa127553e005236d8f6cf590f1220d0a215276b150ad,896457,48665.0,285.0,0.005856,1,2,284
2025-05-12 20:48:06,d64a0f565ead2f9ca045a822c5f309e2c83497f86846261f32336b208a4afe91,896457,48950.0,285.0,0.005822,1,2,284
2025-05-12 20:48:06,2d1399bd2f39635379be73cbcf239da22055f35cf8d981f00721fa084a22fb7f,896457,49235.0,285.0,0.005789,1,2,283
2025-05-12 20:48:06,f3567c64de603273526228291faaac00ff72073a0173b3d2ca53f8dd0994f9ac,896457,49520.0,285.0,0.005755,1,2,284
2025-05-12 20:48:06,743fe85a08c41cbd8e0d6c4382348b80f1a23992f876259848b0f803ebb568e9,896457,103420.0,144.0,0.001392,1,2,222
2025-05-12 20:48:06,d27f6bc8ff8da6cd98e06cabaf60a45324d26ad0410db484c27db177f3f5951a,896457,141113.0,141.0,0.000999,1,2,222
2025-05-12 20:48:06,8cf1b607bf2a278e2b1d9eb6832b7b7ee7c7e324e31d157f7e031ad6cfaa64ec,896457,178180.0,141.0,0.000791,1,2,222
2025-05-12 20:48:06,4d0086912b7029628e44cd3e796b7322fbe18f99576ff15209e6b53cb8096fde,896457,213280.0,141.0,0.000661,1,2,222
2025-05-12 20:48:06,07ccc45bbf3749895095236dca61380b22d1132d065e00ddb99499087bb1c260,896457,848285.0,189.0,0.000223,1,1,188
2025-05-12 20:48:06,7bcc1727b70c0f2b1f40772ce863c3aaa9c5520757b4e5b5d54aab0d14070515,896457,32238.0,189.0,0.005863,1,1,188
2025-05-12 20:48:06,ed88d351f659d27ba659bed90d0e3d9d74eedca1628645d3226a85e96fe52d0f,896457,51465.0,285.0,0.005538,1,2,283
2025-05-12 20:48:06,c41df6b6339aefea635fc4a42c69be1899c96e8bc8c5001c41501116cc35f135,896457,51750.0,285.0,0.005507,1,2,283
2025-05-12 20:48:06,f1731e33d3e4affa693da6737f1f75feb302377fcff69b334e64c157b8c9d693,896457,52035.0,285.0,0.005477,1,2,283
2025-05-12 20:48:06,bb43c4267d09eb19eee65837560fc5286d31ca586577e573938f32bb580c3dbe,896457,52320.0,285.0,0.005447,1,2,283
2025-05-12 20:48:06,48eedcc5e83fc4858554b81a8b7829f386fa60409da81781987cd825d0ffa59a,896457,52605.0,285.0,0.005418,1,2,283
2025-05-12 20:48:06,7082998aa191d3468908d20a5d6e438bbbdea150a156ff760101e0d7e01b852f,896457,52890.0,285.0,0.005389,1,2,283
2025-05-12 20:48:06,e51ceebb90199f96eb0b38ef75056d6db26b588adf6bba0aeada649a861856ad,896457,53175.0,285.0,0.00536,1,2,283
2025-05-12 20:48:06,eaf79a89aa4bc5040123e8d77753f1c52533af36218e52ec8b805c85bef04edf,896457,53460.0,285.0,0.005331,1,2,283
2025-05-12 20:48:06,d48c30a6c239d617f14b9f99137dbbb26165c4a8d9a0c606cd35b1ef76eece5b,896457,53745.0,285.0,0.005303,1,2,284
2025-05-12 20:48:06,ceab909326e3c417cd289fb3ef595c07e5a783279c249e2b132f261da61a71f5,896457,54030.0,285.0,0.005275,1,2,283
2025-05-12 20:48:06,222d6b201f3f4711b1da7881bbef0594cf22d1454874ab3ccf0741dc2de47a59,896457,54315.0,285.0,0.005247,1,2,283
2025-05-12 20:48:06,498d5b4073fbcf7b751d03a967c73eb3b72918246ed434dbaefd9bc3f75ea5ab,896457,54600.0,285.0,0.00522,1,2,284
2025-05-12 20:48:06,62800deb7730b40671f34183765772690ea89975c420222c21da9bcb19b02b19,896457,54885.0,285.0,0.005193,1,2,284
2025-05-12 20:48:06,f8aec1bbb44a8d3e48244125be2fd7d89914b89d60e2dc720421a05c21e51305,896457,55170.0,285.0,0.005166,1,2,284
2025-05-12 20:48:06,db72a980f69b1584515fad5edddc7d415eef007f4980f7e4e9e7c249fc379bf9,896457,55455.0,285.0,0.005139,1,2,283
2025-05-12 20:48:06,4cf1700481452c227dc1d3765bdf363ea4226ab8e9644c200c6979fa6c444571,896457,55740.0,285.0,0.005113,1,2,284
2025-05-12 20:48:06,8d189729e34f63f79f4a19ab1807ccd051ab9087022788fef5ca0f2c519cc407,896457,56025.0,285.0,0.005087,1,2,284
2025-05-12 20:48:06,eade6644ee25e4fb776ab404dac9a2cc25a29c53a36885d4282b56895e594b9e,896457,56310.0,285.0,0.005061,1,2,284
2025-05-12 20:48:06,f04093c4fc72a5bc601bf5bcac4476f8863e6f347a16ddca541cf2ebb83ac460,896457,56595.0,285.0,0.005036,1,2,283
2025-05-12 20:48:06,b3d448552bd6dd2753fb6dced25aed3833d6aa2b39e10e54315089d480db4f7d,896457,56880.0,285.0,0.005011,1,2,284
2025-05-12 20:48:06,89bf26cac5b236aae32d9d79bdb977c12c312f9a103d0fe3aa4cc9f57d5dd3c5,896457,57165.0,285.0,0.004986,1,2,284
2025-05-12 20:48:06,b8de483b926449c51f18ad46c78ac83b7906b8a51d05cb311bdacb3501f7dfa5,896457,57450.0,285.0,0.004961,1,2,284
2025-05-12 20:48:06,65aa688181941b9466b744ac57055f26d731a3e32cac0bb7143e252977a8a02a,896457,57735.0,285.0,0.004936,1,2,284
2025-05-12 20:48:06,7e590a37147d8b57430408eae0e8ba5b277f62e666dccdf405d2501a8a7a5d42,896457,10137.0,374.0,0.036895,2,2,372
2025-05-12 20:48:06,d4255496edabf2771b0d92217644a8f491dd570cbe60adbff0c04cd3a895bdea,896457,200298.0,371.0,0.001852,2,2,369
2025-05-12 20:48:06,b27b03aa3dfa5ea6337e615f30d4b2c92dd53621c74e91c2a0f3f4351bc6a7aa,896457,133735.0,371.0,0.002774,2,2,369
2025-05-12 20:48:06,8d6a1748b509c685f364e6169c9aadb57dc604e3dff416aee4e4c8270836e8b7,896457,57745.0,285.0,0.004935,1,2,283
2025-05-12 20:48:06,55f2b20c294f3f4a9ec6f300adcc4b53448e11f1a517c33a1ff91da76cd27ea0,896457,58030.0,285.0,0.004911,1,2,283
2025-05-12 20:48:06,fa369bb511bb96553a456e8938ea4129bd0f9c00faf8511e3491c66b443a6b20,896457,58315.0,285.0,0.004887,1,2,283
2025-05-12 20:48:06,265290572f59c9a9a76cc292d920fa41a579bcb7370b7d91eccf04ca3809fcae,896457,58600.0,285.0,0.004863,1,2,283
2025-05-12 20:48:06,5a6563310ee2eb8ae6485b9183ec4d0bdec9d250fbf92470bd640fb602cd91fa,896457,58885.0,285.0,0.00484,1,2,283
2025-05-12 20:48:06,ab7acb92903f4d1daa5f9d68cca0da68edf263bd7a1aa3a32d3e92de537f902d,896457,59170.0,285.0,0.004817,1,2,284
2025-05-12 20:48:06,54f633129bf92893f31f0d018dd9afe0c9a5909a165f2fc7d4aaed7728a60725,896457,59455.0,285.0,0.004794,1,2,283
2025-05-12 20:48:06,2c3f546aaa853a364c92406cfc600302b4c1ccd2f0ea68da53e7df824e8a9fc3,896457,59740.0,285.0,0.004771,1,2,284
2025-05-12 20:48:06,e4ae15ad77b523f9676ea2afa457e73f3c79e8a5858a49cc0941f0ff7df3aca3,896457,60025.0,285.0,0.004748,1,2,284
2025-05-12 20:48:06,6a24b3d994c5f102c841ea4748243b035bbace517107728ddb6faa793e4486ef,896457,60310.0,285.0,0.004726,1,2,283
2025-05-12 20:48:06,5c830f44568429243514717ab56b4df40913c2154423b6849cf46b59beffa6c6,896457,60595.0,285.0,0.004703,1,2,284
2025-05-12 20:48:06,e14e144d2da38bb80ef61326a04a3352ed10a57871468d64a7f95c59aa9ff227,896457,60880.0,285.0,0.004681,1,2,284
2025-05-12 20:48:06,9895332df4a4578a2652d741f13e1d1cd172b84b35dbe353ad81513ad813d3a3,896457,61165.0,285.0,0.00466,1,2,283
2025-05-12 20:48:06,d5745a1b880b23f8c5d85e4c5616e996440437dac125a4c69e7530693769af44,896457,61450.0,285.0,0.004638,1,2,284
2025-05-12 20:48:06,17a8866c9211b4c9a5131899fa1ecdd1f0d481cb4436782e27c5fc30ac0ada2b,896457,176719.0,181.0,0.001024,2,1,342
2025-05-12 20:48:06,c188e1981cb32f9ab6fcd36904d925832bab55e5f8459e8626c3acb8214e21d8,896457,37160.0,178.0,0.00479,2,1,339
2025-05-12 20:48:06,41be0758827c182899e7f1ba3b1d379d7e5638d13b0c1da3f962a3fae39065cd,896457,42206.0,178.0,0.004217,2,1,339
2025-05-12 20:48:06,dff244e0da874cb7a6e97b02c33392bfafbb9dae5eef39e53e9c7df6584e3ab3,896457,2737679.0,178.0,6.5e-05,2,1,339
2025-05-12 20:48:06,1a6ed28d1e44921b38aeec7b704227ee3b048a966354af90523c222b26b378aa,896457,201816.0,178.0,0.000882,2,1,339
2025-05-12 20:48:06,ae3b1d55366d4f38c989be1b6ab1d3482304597c30f99bb65dc6837a861ad4a6,896457,283071.0,178.0,0.000629,2,1,339
2025-05-12 20:48:06,3f1fd498ab011b8d4df6bcea98c40c64c33e94334b240640b28efbe58072b059,896457,260423.0,178.0,0.000684,2,1,339
2025-05-12 20:48:06,78bd85134e9b8c8d302f4cdc90d95f01bc89ec306588ea3a9597cdda8fff3752,896457,1670830.0,178.0,0.000107,2,1,339
2025-05-12 20:48:06,a23007834f53e9dcaf3365e3bd347e90cdda5b47659525f1d3d3636531e30048,896457,13105.0,178.0,0.013583,2,1,339
2025-05-12 20:48:06,19157b575c644027e27d1ea6f6cac9deff871fa7ca06b3dcbbe3ca617291b90f,896457,3670482.0,2279.0,0.000621,19,27,3214
2025-05-12 20:48:06,2a64581a6cb4060fd594b420376e49fbcb56860feaec94fca3061dbf9c9add73,896457,490.0,170.0,0.346939,2,1,269
2025-05-12 20:48:06,eca28f73cf3c306723fe7cecce76b6a0b618f414b73c3f68eb3acd9469288638,896457,365828.0,170.0,0.000465,1,2,250
2025-05-12 20:48:06,eb22efa62b2b4942afa4fbfc649065b5aeea89d7a6c9560056201ab6170e6118,896457,90822.0,170.0,0.001872,2,1,269
2025-05-12 20:48:06,a60e5854eff5e5130109ad86f01ef8936b653058a9f0b4ebad7ed2aeb915cbd0,896457,698129.0,337.0,0.000483,2,1,335
2025-05-12 20:48:06,0bb4eb012d30e4eb28472752639e3fe49c97ace2d75f8d0a2320cbc5bb32cd72,896457,45120.0,285.0,0.006316,1,2,283
2025-05-12 20:48:06,8dcd755253d57f58ab3ee989f4218bd022cc698d434064158d15e47b3e1bb208,896457,45405.0,285.0,0.006277,1,2,283
2025-05-12 20:48:06,a6196e5e5867c11b669a56b54d2d64565d6f30cad065761928272ad13d77355c,896457,45690.0,285.0,0.006238,1,2,283
2025-05-12 20:48:06,2efb22a1d1797ead904bef12b12df6d8c6d7eea6e67bde80c602c11a351c893a,896457,45975.0,285.0,0.006199,1,2,283
2025-05-12 20:48:06,a01db8ed9a0cf87a82a0b2611d510d7f4da3ac54f1b88b106eb6d36713917ef7,896457,46260.0,285.0,0.006161,1,2,284
2025-05-12 20:48:06,242ffff9cffe30b5b47f19256f62a12c796f652cb2ef4232528033e6a512453e,896457,46545.0,285.0,0.006123,1,2,283
2025-05-12 20:48:06,0f4e6571096ff3f20201e0cbd7f0a8ac26404b6afe6ade4e80aaa131e415d9cf,896457,46830.0,285.0,0.006086,1,2,284
2025-05-12 20:48:06,d418a1938cc644c08e16e784aff6f7b5b1bea527b86912b83798375ad402bbcd,896457,47115.0,285.0,0.006049,1,2,283
2025-05-14 19:23:31,315ca1583780c2b3466ce8069dd01bdde1ec438cdd921fca41229d6f58cecdae,896711,24151.0,507.0,0.020993,2,1,269
2025-05-14 19:23:31,680ee1c47416c893d97a29d21f3409ce4846fe368befd33d7f4651fceea515ae,896711,91134.0,336.0,0.003687,1,1,193
2025-05-14 19:23:31,7636d3fbde01146d1c1070da4405ea1cd6e1f14028988297664af1c82a8ce7ad,896711,409574.0,426.0,0.00104,1,2,193
2025-05-14 19:23:31,4b02bea6964a0d854d3b57f3b462e0dea2bdf580d45d5a3d5649400bb4417dad,896711,102757.0,531.0,0.005168,1,2,258
2025-05-14 19:23:31,6adabfe37b786e34d9ff6174a41dac52f453b07d68050b6a6b9471289b79e9ac,896711,1265368.0,423.0,0.000334,1,2,222
2025-05-14 19:23:31,384e26e7c340ab302f7f6aa41fa9d960aedfc958c69af69cf7e93dfff25fe5aa,896711,523124.0,822.0,0.001571,2,4,374
2025-05-14 19:23:31,f7731c01f872952c72290af88d646cad15a051b8bea0ded98c47c11a392e46a3,896711,910978.0,669.0,0.000734,1,2,223
2025-05-14 19:23:31,ae669ac48c1c3a4039e721b30e8c3437c20be5e7035de6ff7d9c1ed64fd2ada2,896711,1330064.0,624.0,0.000469,2,2,370
2025-05-14 19:23:31,f390354d0c3505554906fb9ef0e5c01ae97e2ab3270d3f2f50fcfe6553f941a2,896711,683104.0,423.0,0.000619,1,2,222
2025-05-14 19:23:31,df8873adce8a919b65608794b671af48ea6f3e448248e064a26c5722d619bba1,896711,510270.0,330.0,0.000647,1,1,191
2025-05-14 19:23:31,373511a966ea8eaa1853a7470e6bc697c44013d55be9f4615b24066d503197a1,896711,110828.0,333.0,0.003005,1,1,193
2025-05-14 19:23:31,b68a2a51f6ab12a2f47af6c6ada2ba57ac77548ef418d10fe2a51bee37bd51a1,896711,396679.0,426.0,0.001074,1,2,223
2025-05-14 19:23:31,ab23e4eac80d3087f7cd176f9869df4637b70551ee0421d2803863749e3717a1,896711,109348.0,501.0,0.004582,1,2,249
2025-05-14 19:23:31,f504c934978740ab406b53116658cb8f5946f607fbfc9b33deec9f117af10aa1,896711,1720763.0,432.0,0.000251,1,2,225
2025-05-14 19:23:31,36990a083d524a923f7cad6f3a7e6562ee6691c29c260883ad077441b5079da0,896711,6908510.0,531.0,7.7e-05,1,2,258
2025-05-14 19:23:31,8e4929786e39edd09920737e228a05909d377f7feba21507e6be7667ac0d04a0,896711,19048.0,333.0,0.017482,1,1,192
2025-05-14 19:23:31,342670c53d9e0f328b029a500f4d73e0bd473b41c14f50561cbc3889bad3a79f,896711,1047337.0,333.0,0.000318,1,1,192
2025-05-14 19:23:31,1de8e6bba1572e0e9ae0ed06f939b097976d74b5089b94e05cf0cac515e0e29e,896711,269944.0,642.0,0.002378,2,2,376
2025-05-14 19:23:31,ece559c7be72c462472ea4fc6e95407e1318c764cf91c13bb71da3ab5b717c9c,896711,4921.0,1560.0,0.317009,2,2,300
2025-05-14 19:23:31,1f56adcb1911287ce2771706012c756d1ee77862e6db9ebe60f0b209cec394ab,896711,175217.0,241.0,0.001375,2,2,302
2025-05-14 19:23:31,c3c03150a321fdbf41393bfbd758b439a74995ef05d12907a9a50e04a2c87342,896711,187623.0,398.0,0.002121,3,3,575
2025-05-14 19:23:31,5dde58588ba06f080a6ae9668a2e0b23ae92c43d49c65e5b18ed0d822df1309c,896711,1795462.0,495.0,0.000276,1,2,246
2025-05-14 19:23:31,bc21151f0a6ba0e37704b3ec47934192739d1a886950c4c48794cfa4d2ba159b,896711,79751399.0,669.0,8e-06,1,2,223
2025-05-14 19:23:31,234eb84d558baabb1429857b477ebfd53df880b2c8cc8b673740aed00493a99a,896711,19371635.0,423.0,2.2e-05,1,2,222
2025-05-14 19:23:31,a8679bef82b5c55039d1b617c29fd91e9189842591bc3e654d60954042a77a9a,896711,577922.0,435.0,0.000753,1,2,226
2025-05-14 19:23:31,a13030d53ef0f3eef18f743741833335633a54d8ec54ecbc48616feb0e0da599,896711,132187.0,516.0,0.003904,1,2,254
2025-05-14 19:23:31,111d1306247b8820b565f91ebe3c10d8abaad52994c9e833390b344c73958499,896711,1439105.0,717.0,0.000498,2,3,401
2025-05-14 19:23:31,1bdaeebf9f84206aacf8a4465fbf93204adfde03dbdaab20c01a680e6e0dd298,896711,1913159.0,426.0,0.000223,1,2,193
2025-05-14 19:23:31,0b68cc2be7a6d66e9a5e2b6e781b1bab4e816d4bf988ec2795ecf4b7e5bd8398,896711,276290.0,495.0,0.001792,1,2,246
2025-05-14 19:23:31,6e43c018123c0da928acac6dbfeaeb5bfacec08663d3746a2b68aeab4204db97,896711,13796.0,339.0,0.024572,1,1,194
2025-05-14 19:23:31,d1655d73deb70cfa790ce522256df7700e198a651f4eaecb51dde4fce8f92f96,896711,1092.0,35574.0,32.576923,1,3,46899
2025-05-14 19:23:31,e228a2e08a05419aa8ddab7aa4f00038728593fe28e3758d7dce21ee3840ed94,896711,1052937.0,432.0,0.00041,1,2,225
2025-05-14 19:23:31,5688ac7637fd5a4297caf004f0b361b1655d190fdf0ca5965094ff57f2856294,896711,13592165.0,423.0,3.1e-05,1,2,222
2025-05-14 19:23:31,cb1bca31693303638e8abe03a43fd7218b1c5d5234c2f92839d13d69d3528590,896711,1931923.0,426.0,0.000221,1,2,223
2025-05-14 19:23:31,2af5249c7c3ebeabdaaefb9423ab43abb0619d388d6675326d03487da5141a90,896711,11939638491.0,423.0,0.0,1,2,222
2025-05-14 19:23:31,35c175f0f4ab258b4d4d9c264597059fdae848bb550195707d4b6864a680bd8f,896711,7840011.0,423.0,5.4e-05,1,2,222
2025-05-14 19:23:31,94cb12b7671537906f61aefa880c2e8c6b57bfd341249700b27a84a4a42bee8e,896711,24764781.0,423.0,1.7e-05,1,2,222
2025-05-14 19:23:31,79a6d272f7a8f8a68edcb0ab1789ace7889361d6ddb4d3ae6032c477e4411b8c,896711,1034675.0,426.0,0.000412,1,2,223
2025-05-14 19:23:31,2b38d80376e987a28214504d84450b9af7380a62c57507ecf54e50ab4bff938b,896711,190088603.0,423.0,2e-06,1,2,222
2025-05-14 19:23:31,f7313059bf398160e6c3505c92c90e1b3e4f5feaedca2062c12b172f8041f584,896711,546.0,456.0,0.835165,1,1,323
2025-05-14 19:23:31,665d26ac6a3340ebf21ba06e02c0ed7973a5eedfca9213a7e384d89a4f5dc582,896711,546.0,456.0,0.835165,1,1,323
2025-05-14 19:23:31,0d1200c6b1a43c93b056383a04574c720ea56bdca3881aabaf29d96e1942b882,896711,63952.0,330.0,0.00516,1,1,192
2025-05-14 19:23:31,b18bfde7abd3a48858a8953ebc4c66bf6e7de1f7162c7f732ffcc217c55df080,896711,286607038.0,423.0,1e-06,1,2,222
2025-05-14 19:23:31,87b7139cdb90c3ae55b6f1d9052cb9f62e3023f3779504705fd679dc738594f7,896711,286655854.0,432.0,2e-06,1,2,225
2025-05-14 19:23:31,aae2aa030184b61f58b762bdc484f6c942c524d47df216ebe39ad8510d17f89f,896711,294250839.0,459.0,2e-06,1,2,234
2025-05-14 19:23:31,378ac45d6d2b3ee656331b4bb1a0e4576bfd04a6d1c609e102b67dbd33d6dc80,896711,6635466.0,423.0,6.4e-05,1,2,222
2025-05-14 19:23:31,80fa01f2add9822ce710689961a216141fe7528fd3fa166c14f5d157f1973c8d,896711,6761647.0,423.0,6.3e-05,1,2,223
2025-05-14 19:23:31,729a317da09b11b757fe8bab0cc18e5a17f2531c22f3b218bad893b0ac12d999,896711,6887828.0,423.0,6.1e-05,1,2,222
2025-05-14 19:23:31,91787ddf04c22f3eb97edb74f055466c652233236db4ae5abaf120dee12ab37f,896711,1969621.0,627.0,0.000318,2,2,371
2025-05-14 19:23:31,6754d21679099886ad0cc3093360d7f22faa5fe783eb022f08623b7e3f158f7f,896711,1093707.0,423.0,0.000387,1,2,222
2025-05-14 19:23:31,61a07fe0ef1593be8970f6b95c27ad9d93f8711bcf142f23add28d4b8448307e,896711,845362.0,423.0,0.0005,1,2,222
2025-05-14 19:23:31,bf629d44e8b90f5fda39f7fd10f0b2977448ac66aef77e884245f3d16d61b679,896711,7174112.0,426.0,5.9e-05,1,2,223
2025-05-14 19:23:31,c539f7defd9b3b7a1c1526902b336df409392e17acd93196918c262da9b78077,896711,17595156.0,504.0,2.9e-05,1,2,250
2025-05-14 19:23:31,691f8f60d66e84a51131d9651e7c6e87f68465b3e6de70c863d2621cf86b7476,896711,3364.0,333.0,0.098989,1,1,162
2025-05-14 19:23:31,598595a9d7195d479745ee566c561c5372754dfa1053340eb83c8dd9acc01076,896711,546.0,456.0,0.835165,1,1,326
2025-05-14 19:23:31,e8f8504cb55e2237ef14250872b88c03bd48264173ee05e47b1196cf932a5aef,896711,3581.0,462.0,0.129014,1,2,205
2025-05-14 19:23:31,1ab1c8eae6d8ec434bd6bd1c24fc3435fd2156a2c04df5c3854b9afb093ebe75,896711,462333.0,426.0,0.000921,1,2,193
2025-05-14 19:23:31,e431770f54c9efa3353363f08b3f55c7ae8f5ce388b5935c6b86b6d25c836c71,896711,42352.0,306.0,0.007225,1,1,153
2025-05-14 19:23:31,47a0b6cff46f917decf17269115825e4b7ffa72bbf94dbf77f4aaa3bd183d770,896711,1052458.0,624.0,0.000593,2,2,370
2025-05-14 19:23:31,5cbc03e4bccd49ad5186ecf072829a0f58c09bc57483cfa5611e59b21a877c6f,896711,163991.0,423.0,0.002579,1,2,222
2025-05-14 19:23:31,911be1d99a07a0ff6061195395386135e96f8737fe8ead8aa39c2992a4646d6f,896711,54569093.0,423.0,8e-06,1,2,222
2025-05-14 19:23:31,48dd0eb1e4cd8dbce1b0a9b2b79afc1bb66df0fc6bbb6a12630940923621816e,896711,16574.0,426.0,0.025703,1,2,193
2025-05-14 19:23:31,6623221eab0cb130d78cf11b3191be0ec30e1b7f7ca020e56074e006700d5d6c,896711,277565.0,669.0,0.00241,1,2,223
2025-05-14 19:23:31,8348d0f7ecc927890191bcc7d1094a105735cf81462ab49b9958bf423986616b,896711,546.0,456.0,0.835165,1,1,326
2025-05-14 19:23:31,58beed992fad4adc09f2bb6ce26243c5e4a12c6703e2246a8cee9fbc2267c86a,896711,30036.0,333.0,0.011087,1,1,192
2025-05-14 19:23:31,6ae6b0abf5e96913aef9d3f5288956c7dc2115c5a06a87afa962801856687d6a,896711,21546.0,1356.0,0.062935,2,2,300
2025-05-14 19:23:31,3a24f1699bd4b82fff339331a93a73d4c39c45c8bd74a831713ef5c64f83954d,896711,836892.0,240.0,0.000287,2,2,301
2025-05-14 19:23:31,4e4f0e7327ab629462b61c2ac8759e3f18360d37e7286ae5db758be8acea1393,896711,968370.0,264.0,0.000273,1,3,302
2025-05-14 19:23:31,dd849f311dffd0a8d8a7c1c9f3cf5b43f7bbf83dbf8696d9dca32f6c1d58fa68,896711,7014127.0,423.0,6e-05,1,2,222
2025-05-14 19:23:31,67ab29838b4f44a8a5283d3d96a4892b67786e81a1d08d0450b44da8d0b19ff4,896711,7029074.0,423.0,6e-05,1,2,222
2025-05-14 19:23:31,e08b5eb569ae2187f70245490de53c4a89ee83594e5b789586bbc52376cea5b4,896711,7044021.0,423.0,6e-05,1,2,222
2025-05-14 19:23:31,64171f7fbe6599e9a74af1efb69c75ba95ebc9f2aed37add5badc088dfa5c668,896711,917.0,516.0,0.562704,1,2,253
2025-05-14 19:23:31,d842c2c78553f38c8fd399d378ea1915ce375ad94cc4b35a922570f3dffc8165,896711,288574.0,426.0,0.001476,1,2,224
2025-05-14 19:23:31,f6f31a313a768b48134dafd0aace37350ce02719e66931e42d9c2c2cd58f6765,896711,2669.0,462.0,0.173099,1,2,205
2025-05-14 19:23:31,75562ab25b425e3be84968d587c62d21df27f65f90cddbf9f3380f43013f6262,896711,235104366.0,435.0,2e-06,1,1,226
2025-05-14 19:23:31,2021a68e7ced956c6cd513e37eefaee3fdbd72b401d5534e6f7259c530a73161,896711,338896.0,330.0,0.000974,1,1,191
2025-05-14 19:23:31,34a5f6abbe7dd0eceab7595f183c6a435ae80775a1972c2f97d0aaf739e9e160,896711,8527888.0,426.0,5e-05,1,2,223
2025-05-14 19:23:31,e193cb034fc0c21d12db94be4b7515da50770ab207a0c6aa9bebb8e4a93f765d,896711,680234.0,678.0,0.000997,1,2,226
2025-05-14 19:23:31,ad45c64f37e797df46a41ccc4115a8c56e2ec6114177c64dfdfb2f0937253e5c,896711,180644533.0,423.0,2e-06,1,2,222
2025-05-14 19:23:31,b0b9b5b4ca851039208399b2f08be8054a1becf0af573120fe04fd6d45d1a45a,896711,110389130.0,423.0,4e-06,1,2,223
2025-05-14 19:23:31,94c32a6443cdd9eb436c078c79437b1e931b2b8124caa767dd779357564c455a,896711,122602.0,462.0,0.003768,1,2,205
2025-05-14 19:23:31,f90dfe187741c7e41127236977e147bd06580f4be70658899cbb345ac2a1d658,896711,19757487.0,423.0,2.1e-05,1,2,222
2025-05-14 19:23:31,8208c37cb7af91b78d836d179f611fd48bace3c90b63388abb272c5c5d05ba58,896711,45052880.0,330.0,7e-06,1,1,192
2025-05-14 19:23:31,cc606dc88d841841cbdb7c3758bfef891b1d7e1626cac34dffbb4cf896d29658,896711,187518.0,624.0,0.003328,2,2,370
2025-05-14 19:23:31,b019fd916b5b873b4278dd5e504e283945863992e43962e32e8aa79fef4fb156,896711,341809.0,492.0,0.001439,1,2,245
2025-05-14 19:23:31,22867161075e4529ea3ea3116db00f5ce0b8e604bb1f1cc983291eb887d97156,896711,2037603.0,330.0,0.000162,1,1,191
2025-05-14 19:23:31,4f8df59e9e2cdec21c38455c33027f74f98b3c16a87d9f51a8b477e3e3736956,896711,1404785.0,624.0,0.000444,2,2,370
2025-05-14 19:23:31,2ce1d2b4e10062ede9769fd2e93d9435438819f72adda931932332e9b51a3055,896711,434231.0,624.0,0.001437,2,2,370
2025-05-14 19:23:31,e8958e23e80014f1a5b6cfdc6c46e9ab1ebda9b9731c6c5c59efdf572072d054,896711,127893.0,333.0,0.002604,1,1,192
2025-05-14 19:23:31,3d6653b93f47db9a1be3f7490300e05283578506d2ebf09ae2a7fa600d849554,896711,2770327.0,330.0,0.000119,1,1,192
2025-05-14 19:23:31,b73a566bab9638be4a81d5f776d185d8818abca1d7f346d6ae88edc65d156353,896711,273577.0,423.0,0.001546,1,2,222
2025-05-14 19:23:31,afab0d96fc05f95de29aefd811d6d023b6696c4325a25f7bf06ba70e4838f852,896711,1114115.0,627.0,0.000563,2,2,371
2025-05-14 19:23:31,fe73a0b604e2f65e7ace37d9b89ee83de2d28a08877b5e78f661f3466e1dfd50,896711,335843.0,330.0,0.000983,1,1,191
2025-05-14 19:23:31,2f56eafa8794630550c758c4e2f73be7bfc3aebd35c9059d12eadff9770afd4d,896711,215040368.0,423.0,2e-06,1,2,223
2025-05-14 19:23:31,154a70ea1b42eb3b246a50f180c04af8390def20dcd8ff10ef97aca9767c2a4d,896711,1186129.0,423.0,0.000357,1,2,222
2025-05-14 19:23:31,33fcf3516963c32a0b906409cb3ca7fd8eac53f1b8c4807dc332a68b49b5d84a,896711,49388.0,426.0,0.008626,1,2,193
2025-05-14 19:23:31,fbd03128fab3676ca81698abad4713f9b4fca0c737c740c91f2c544adebeae4a,896711,159812.0,330.0,0.002065,1,1,191
2025-05-14 19:23:31,2e9e3dc392147eac3915a382128437fc7a7b810a7244c7cd159b3d68b8a3d848,896711,749997588.0,423.0,1e-06,1,2,223
2025-05-14 19:23:31,28dfcdec816acc54c0cf88c11b5e2050b738437672549ddd1ee8fe644aec3c43,896711,10101632.0,432.0,4.3e-05,1,2,226
2025-05-14 19:23:31,0c59e781a499bf52da0db9a6914b0755e6b328f2531b1f0257ecb2009163f141,896711,5518.0,1315.0,0.238311,2,2,300
2025-05-11 22:58:45,5ab6832dff13d34b38b37d37d737d183fa478185beb164bf80cd30e3d92611f8,896321,967660.0,2450.0,0.002532,2,3,401
2025-05-11 22:58:45,e281d4a5a6dfbb9a515757b63ff95fef4e8c33ddeae4f4f2ccf671835250328b,896321,1369452.0,2450.0,0.001789,2,3,401
2025-05-11 22:58:45,6817a2896169a1779d58a8b4176c8ad1f34823547ddb5f4ab0414fa6340c77d4,896321,1368572.0,2450.0,0.00179,2,3,401
2025-05-11 22:58:45,bb659ce4fc52f7716f40ce880b50b165881524da65eed300ac4f56cb6fe9550b,896321,1569705839.0,5660.0,4e-06,1,12,545
2025-05-11 22:58:45,0a58db8dc78d22c292f0d89eae52ccdd808f53601c563b0bfbb58230209ed8d0,896321,19960.0,1036.0,0.051904,1,1,150
2025-05-11 22:58:45,6c6e2ef718ba3d7568c3be948fcbe70f596e6603b98162376b91a01c767df10b,896321,1508688359.0,5320.0,4e-06,1,11,508
2025-05-11 22:58:45,cddf7fb54daeca22e03d24aab1d7c29b8afc36270898b3f935c67d7a125ddc43,896321,54533.0,3247.0,0.059542,1,1,188
2025-05-11 22:58:45,549d64c09569904979d303b031857b5fbec5a3cde741c5ef04d52caf28108282,896321,50239107.0,243.0,5e-06,1,2,225
2025-05-11 22:58:45,6f2190d6d7f435fbde882bb9b0c8cf44f2aa9a568abb8bf80b0bfa078bd6b029,896321,1565369692.0,4640.0,3e-06,1,9,441
2025-05-11 22:58:45,353dd1d17206c9854e3f7b2e8984c5567c1e19d7043b118aa924d1f3789d5875,896321,65567575.0,4839.0,7.4e-05,2,6,521
2025-05-11 22:58:45,7074e6ffcbdc1ee56eccaf7b0b7ba6aa38c93581426a2e165c33d5fc130f382b,896321,197931113.0,423.0,2e-06,1,2,222
2025-05-11 22:58:45,d4d0c6d12c63ee9af118390a8b1abd7d9e948fad145abfd3b084e775707bd1ed,896321,68265.0,1161.0,0.017007,1,1,191
2025-05-11 22:58:45,40b00f7651c4ecd48b25618bf7b901c2cbf7575bb1ece8a9a30cc959e36f7230,896321,67515162.0,2400.0,3.6e-05,1,2,222
2025-05-11 22:58:45,5b3df1c100a8a6fc5084f66f689a6acdad7711a448f95e16ac9fbc29640c3619,896321,9533194.0,3800.0,0.000399,1,4,346
2025-05-11 22:58:45,a8a4749b0430b987ac1e3c75700e640209d6cb80f4ce1a013accf2ef6480e01b,896321,4237336289.0,1562.0,0.0,1,2,224
2025-05-11 22:58:45,ef81e38a0da7df1a8d5903aa086bf6683c28e4dae9b90347a6774b71e4359426,896321,8359997525.0,2475.0,0.0,1,2,223
2025-05-11 22:58:45,717ca7d538da02e40b54a16467c1dba29731334a3c58350d68c031cd3b9e96e4,896321,97543270.0,2000.0,2.1e-05,1,3,256
2025-05-11 22:58:45,1c115eb1144a6b9147b9a6c737b13eb1a9c95b97adafd7ae4a5ff208deaa4ad8,896321,64071961.0,2000.0,3.1e-05,1,3,256
2025-05-11 22:58:45,caf49d9acfa00fc68159e6b326edd5d8ed298c4383be3c97d3eedf9f2debb948,896321,86917765.0,2000.0,2.3e-05,1,3,257
2025-05-11 22:58:45,3b089fddc392f4ec1f0069742ca85f5a2fc99c82f36544bbcb18c535b2dd9c76,896321,57810679.0,2000.0,3.5e-05,1,3,253
2025-05-11 22:58:45,c4e59c25307a58c4f48954ecfe4d4e84f68a6c24cbaf59d3d2a3696b1ec030c3,896321,13155706.0,1674.0,0.000127,1,2,222
2025-05-11 22:58:45,9a77d3605bf18d32c3b3a428f41025ebf034ee40a02d46095873a54c7f86496c,896321,12334362.0,2260.0,0.000183,1,1,189
2025-05-11 22:58:45,8b15b12e8f03ddf535b97b49c5cf5e263c02f40381f06f1ad9b81182dc7216a5,896321,66711.0,2352.0,0.035257,1,3,278
2025-05-11 22:58:45,b9f8bf12feafc80aebab14f19ec99edd1862611a40596dea40eebf18fd367c42,896321,223150.0,2676.0,0.011992,1,2,223
2025-05-11 22:58:45,d9aea2455eb076199c67964034488e425e9f3b3f90afe67ae8891082feba1a8e,896321,380423.0,2676.0,0.007034,1,2,222
2025-05-11 22:58:45,98e1585e30d566257b1de1f001c9d32e57d8449cc8d705f30b02610b21281a41,896321,8389997300.0,2700.0,0.0,1,2,223
2025-05-11 22:58:45,5520fb745fafc9087e213df89070cc5e9aa8ac424870b0ab1c5fbf41428e19a0,896321,115689.0,1379.0,0.01192,1,1,195
2025-05-11 22:58:45,1cdd4a3fcf22562deb74f5b072aba4e5f61dfd8678863724eb1e4fb6db60bc9d,896321,110665363.0,2175.0,2e-05,1,2,258
2025-05-11 22:58:45,dd642bd7aef3f3e3e9d30f3312bc14cf12bbc476cf0c592ba90ce47c747582bc,896321,195522920.0,2164.0,1.1e-05,1,2,247
2025-05-11 22:58:45,68c58ee01c30dde1abb689849867084f03f5435c1be86263b2cd9210495f0f45,896321,191473845.0,2164.0,1.1e-05,1,2,247
2025-05-11 22:58:45,a8362bdffba035fb33ec6c88140e7006bb5d455199cd6b1f0702be8328742987,896321,13224528.0,7164.0,0.000542,3,3,549
2025-05-11 22:58:45,afff1429bd31ce14bd4f39fb5ad48668e8bb7d94e7e847d4ca8193ec7ac4567a,896321,8579996958.0,3042.0,0.0,1,2,232
2025-05-11 22:58:45,bbbfd51114cfcb70403594e973e3a3bb29a0eeb26fbca2b8dabc52b8d7723f74,896321,300356.0,3056.0,0.010175,1,2,225
2025-05-11 22:58:45,1a6d33514e2334246cc833b26e52f0df734ba97dc6a6f318726e1aeb5c0440a0,896321,7800.0,1499.0,0.192179,1,1,191
2025-05-11 22:58:45,9e738cd43f63f2d7181362485835e11d260aca94b708f33d4ea12cdc7d35152f,896321,29144.0,3056.0,0.104859,1,2,224
2025-05-11 22:58:45,d6ceba0aeff5ed50d70e4ffa95c4ba4a3e65132f0e3af50fdc6d1c35fc10667a,896321,469808.0,2042.0,0.004346,1,2,228
2025-05-11 22:58:45,164e2495d7c1f38ee1f8e92195402d3b0d1a5abe27f19ebcb5a5803715f81503,896321,14527946387.0,3000.0,0.0,2,2,374
2025-05-11 22:58:45,a9cf24e1e26e2fb94d14b3624beb62ff71d87d62970cd7fff1dd8288e221c088,896321,83389492.0,2000.0,2.4e-05,1,2,222
2025-05-11 22:58:45,a8001cf9299677c6aed115b82cb1a56131a86bd46ce14983759fb59e824a783f,896321,109067064.0,2000.0,1.8e-05,1,2,223
2025-05-11 22:58:45,f6d4e9145946f8cae37d9f7805f6728233769a16a27488175ca3e52b4f748c14,896321,1309485.0,2000.0,0.001527,1,2,222
2025-05-11 22:58:45,36e9b90295de5fc9731ce626c4d8227f8cc9d5052ff4b48939f42d6521567cbb,896321,930000.0,2390.0,0.00257,1,2,333
2025-05-11 22:58:45,83a77cd29301376370bd4c256e67168343c989a7ce6e1b1253ac3efcf7f7b423,896321,974948456.0,3636.0,4e-06,1,3,254
2025-05-11 22:58:45,d8d9312670f6a406a798d115b771df43f29bca72c1977793da91be18f3927733,896321,920000.0,1656.0,0.0018,1,1,192
2025-05-11 22:58:45,62f159e44d34f12e6671dabe7c1c56c6d0f0113ddd25069c6daade47aa98c6ce,896321,1080767.0,2115.0,0.001957,1,2,222
2025-05-11 22:58:45,97aaef7a2c4216a208d38ee1e2c0b6f7644cfd00840e7ee18cfacc08ae8261b0,896321,412773.0,2145.0,0.005197,1,2,194
2025-05-11 22:58:45,12c59696814bebad0aa957418c18aa12f4a91a225f1175e0bdac1b08a66d2c07,896321,265522.0,1695.0,0.006384,1,1,195
2025-05-11 22:58:45,b6e3905b90649d6a61f93bb6387cdb728e0440928de5b2691f67f845977df989,896321,3105.0,1895.0,0.610306,1,2,176
2025-05-11 22:58:45,6f12cf3cf8ff2ee2884c8e085af4beedcc62c67e85659a0b5a39b4e9eec1e247,896321,6234.0,1685.0,0.270292,1,1,192
2025-05-11 22:58:45,3b8b52703e72c38e24ef7338629ae40bd337377a9dad051f0dfe551828068780,896321,1723318.0,2282.0,0.001324,1,2,224
2025-05-11 22:58:45,53cbae862acaea129b809a8058d5936d24b642ccd99e5c88842c389ba6136d9e,896321,339939.0,3056.0,0.00899,1,1,190
2025-05-11 22:58:45,1ab1c1feed777a8d2c53e79f56c61f3a58cdc27e2e363b20ef5dd72e6d368b4f,896321,600995.0,2020.0,0.003361,1,2,176
2025-05-11 22:58:45,bf03442575527cd96c06762a0e7cdc2ded792f744f96b8227f52eae1e07ff64a,896321,21770.0,3056.0,0.140377,1,1,188
2025-05-11 22:58:45,cd67d3ecb8376808b195041615ae3faec25e2623759c71433620a78a2d072f16,896321,2441984.0,5700.0,0.002334,1,4,345
2025-05-11 22:58:45,e585e7a6b10f3d4285e17e41bf81896f387e307ffe87c1e9fc4454079b0979c7,896321,4999989050.0,10950.0,2e-06,1,17,729
2025-05-11 22:58:45,1f8cb65cd7c850aeb4e2913b607819a852c6836c05060e097724b9d5e5384af1,896321,480000.0,3015.0,0.006281,2,1,340
2025-05-11 22:58:45,e678fbaa8dd05b1155828bfa909b58bd597e3d2dc9cb895dffcd7d411b933223,896321,5000.0,0.0,,1,3,184
2025-05-11 22:58:45,b6f26bc536e0652b54ddb57e0d03d3b2d68d7557037ee0710a12601ad1c75101,896321,2158574.0,3247.0,0.001504,1,1,189
2025-05-11 22:58:45,e131fa46fbb4683bd1728ac87e162b6315847e8216f4a1b89f76fe4c85b0574b,896321,1507132.0,3033.0,0.002012,1,3,248
2025-05-11 22:58:45,1b55c75a77aed1c1cf06e1f2264b39a22c861df2085392c9d9b58eb39496c988,896321,407223.0,2007.0,0.004929,1,1,191
2025-05-11 22:58:45,d4a951a40749e8e2dc1d78c60c23539a79d70968eeb06ffc71044d8d60b54b69,896321,2180710.0,2645.0,0.001213,1,2,222
2025-05-11 22:58:45,440f73d3b98334fbdd28f7b3310a8cbaf783d202a99c2cd55eeb87b141b3b3d7,896321,64552627.0,3977.0,6.2e-05,2,2,372
2025-05-11 22:58:45,abf4fdfb59c3ad46155573864f173770762f4b0ca2dbbdc5877d9170c39b49f8,896321,10363273.0,3060.0,0.000295,1,2,234
2025-05-11 22:58:45,eefdfa3623202d8e497026592b98facc53daec2b6fa71416eb76c186d055af58,896321,5675319.0,15080.0,0.002657,10,2,1555
2025-05-11 22:58:45,c7907b1433425aeee0216e720a5710505110b73073e2fef6623ce49b6cf9dee8,896321,146413.0,4460.0,0.030462,1,2,222
2025-05-11 22:58:45,c418896540bacd756d5741c6c1eefab9a933136ceeb98edf7120245e642c4935,896321,1467874988.0,4340.0,3e-06,1,2,407
2025-05-11 22:58:45,fd4a52380ea7bb8a41ad41f4acec40e45ed19520d6da51606b34f818f4b001cf,896321,13284293.0,3107.0,0.000234,1,2,235
2025-05-11 22:58:45,627a31923584be2a47cdb604bfaad8c5828c17867368e1cd900cd6a03a2060cb,896321,779694000.0,3000.0,4e-06,1,2,226
2025-05-11 22:58:45,ccac88e2efdcefa766a039802e698aca33bba22e4b33df9712745d9cd638cd34,896321,796055806.0,3000.0,4e-06,1,2,225
2025-05-11 22:58:45,a4aaabb0e1adeebfe3da134f155b4f8ca7114b22bb810cbb71d67cebec7fb6be,896321,683316676.0,3000.0,4e-06,1,2,223
2025-05-11 22:58:45,88a17335e9e33274fb920983e3dc99f09e8b9902c990adba80bc6e38031fc9df,896321,2992128.0,8748.0,0.002924,3,5,593
2025-05-11 22:58:45,c49f6c5cd6c9a9dc8037d9509c3ecfb63f08d6eb50044b8bd9036840227b61ac,896321,15755.0,3476.0,0.220628,1,1,315
2025-05-11 22:58:45,5526a318172d1adb26334d5c4609d801493118d39f582486eac0b325a3a8c6ce,896321,6251035.0,4500.0,0.00072,1,1,190
2025-05-11 22:58:45,28f9a6a3c051715f54ca46dd1acd827348365d2e35553cac9d399f0b246e03d5,896321,176907.0,2701.0,0.015268,1,1,192
2025-05-11 22:58:45,0154e227988d6ea0680922f2ec2ba05c0859b3d8017c3a98166cf93e8f6b4c5c,896321,47249.0,2751.0,0.058223,1,1,191
2025-05-11 22:58:45,b5e430fec45536fea4ac5c5762d61d0e0af4eb443ffb8eac6d1d32f1ef99c166,896321,122741.0,2941.0,0.023961,1,1,192
2025-05-11 22:58:45,222a32c8e2d58dc90ecc0fd97d145e526e301bd78a1d82275d5df9a782278256,896321,257981.0,6000.0,0.023258,1,2,226
2025-05-11 22:58:45,50c678122ce1a40f8d01ee1e6738538e1b7640c1a43435e9147e35a2a1f18e5f,896321,729155.0,19248.0,0.026398,8,3,1331
2025-05-11 22:58:45,ef031e12a34c48f3ccbc1e99b4acf68db2c211952eb830d337ba02f422f9d58f,896321,50000.0,9670.0,0.1934,1,2,205
2025-05-11 22:58:45,27ce5af930ae4ed7f8aa90924b54062bef32f7f1a068f90a1d08465b3d4b56e5,896321,66152.0,198.0,0.002993,1,3,248
2025-05-11 22:58:45,f8c2f0f79414d8132351e0a6ee3c7a9002c16e8b83898c047b1961fd84b527dc,896321,1960669.0,6210.0,0.003167,2,2,370
2025-05-11 22:58:45,17db4f308d6c0db4eb8669899269216602cb3f8779c35eed7bad5c07840fd805,896321,51015858.0,11165.0,0.000219,2,2,372
2025-05-11 22:58:45,66757c90311780fef78cb8d56714980a78d06531800a73597405620d0b5c5762,896321,259949.0,4260.0,0.016388,1,2,222
2025-05-11 22:58:45,8865d243adfe5d9d05937353720a63d4d7863240d86224f4ae10a2d1a9183a9c,896321,4044920.0,11220.0,0.002774,2,2,370
2025-05-11 22:58:45,3479c1aff634c7b4e325597a6f95be9054acf49c70e360f5a01cd1402e1091e0,896321,178181.0,5760.0,0.032327,1,1,188
2025-05-11 22:58:45,48eaaf94f959da8e446f81b2c13e0fc5eab0e408d3fd46fda254770f9884e453,896321,73849857.0,4512.0,6.1e-05,1,2,223
2025-05-11 22:58:45,53ad35aa77267b003123c8a8faf453ce443b2fe9ab3a7191e1dde74742bc3fb6,896321,330.0,9670.0,29.30303,1,1,162
2025-05-11 22:58:45,263aa2e38d61b707bdf87739730caf5c360ac86c313509335e0b7c6e066fb431,896321,19802.0,198.0,0.009999,1,3,248
2025-05-11 22:58:45,f5c23543d03763fa33242565601dda08a24621a18a243c0e9ab3479d91f69ee4,896321,10780200.0,4270.0,0.000396,1,1,204
2025-05-11 22:58:45,04c22fc2e0a6d5065ce4da1f0e218b8951c02bde74dd2faae76be14775eda576,896321,18172352.0,3850.0,0.000212,1,1,192
2025-05-11 22:58:45,bc61786df081f9453541a7484427141ebf637b56617074a0fd68877dd0be89e0,896321,890633970.0,5640.0,6e-06,1,2,222
2025-05-11 22:58:45,b847f91d8860ff8bf1e6e9cc876e9d0aa0e447462ee05eb80dc6f65edd5da7c4,896321,577399491.0,5640.0,1e-05,1,2,222
2025-05-11 22:58:45,ff29ba7053f74ecb03fc75bde57913e0fc791e315d0cec975d3c5981e1d180c4,896321,162969593.0,5640.0,3.5e-05,1,2,222
2025-05-11 22:58:45,38fa68d677e82190656e8cf68a3ca4bc1f3d58f78594c66b960013e9848029c1,896321,599991240.0,8760.0,1.5e-05,1,2,219
2025-05-11 22:58:45,2553f869caff01ed9ccef010591f51ae51e88bbf64892b3ee4d2181c6b84abbc,896321,5436650027.0,5640.0,1e-06,1,2,222
2025-05-11 22:58:45,eac54f5be48c5efcf2b9462b6933a1bede337d932911e013a6ff16c74de9918c,896321,707653492.0,5640.0,8e-06,1,2,222
2025-05-11 22:58:45,a43e6a0d717d31e6a37117862167e173839e97873262f8c9c789f1e0e3c39987,896321,767108262.0,5640.0,7e-06,1,2,222
2025-05-11 22:58:45,d1ab8f742cae274cef017f820fc98968b2a5cccefc5fd2a65a61c7e9ded71d76,896321,609165398.0,8800.0,1.4e-05,2,2,382
2025-05-11 22:58:45,4242b8470d7ebbb2f99fab05d0e3c79c9ca1becee51f5142c5d78d9c42e7c55c,896321,33643740.0,5760.0,0.000171,1,2,225
2025-05-11 22:58:45,badd00e0ecf0d0e93f072f5d3a5b3bd436269b88e8f64fabfc1733dcb00e1a3a,896321,371780429.0,5640.0,1.5e-05,1,2,222
2025-05-11 22:58:45,2daa85ed93beede0cd5ad00c235384edb06af86544e8c7d1624c541bb1a3b12f,896321,801568681.0,5640.0,7e-06,1,2,222
2025-05-17 09:20:31,b254e2882c676f85e5a6ffc9e893152f766f649cf3ffb4ae3a002866148a1d89,897083,599858.0,964.0,0.001607,1,2,223
2025-05-17 09:20:31,42a595780b83cbe8069cef048f7218090581fefdb183105a60cf042683edb282,897083,1469534.0,964.0,0.000656,1,2,223
2025-05-17 09:20:31,02c396e2e8fccfcd37692e446905f59a236422fe58923e478bc55af1505b437f,897083,543835.0,964.0,0.001773,1,2,223
2025-05-17 09:20:31,5e7bc1c5b4f3194f7ad1da9ae2c51860b9d2407125dca66a547d3535a7b36079,897083,678763.0,964.0,0.00142,1,2,223
2025-05-17 09:20:31,a3ac787335aed3c53df8ef85c1b0bfbb9ef62c4ac063ca40289bf298b16f2f5e,897083,56460.0,964.0,0.017074,1,2,222
2025-05-17 09:20:31,b1d46c5e2f9ee7f9ab7f3ec94875d9dc42b5d7565d316e99c2bb37fe76dd7a4e,897083,126811.0,964.0,0.007602,1,2,222
2025-05-17 09:20:31,aaee415334f103a050b81db3b2a0312837506b05caf383ed6db850109640393c,897083,768015.0,964.0,0.001255,1,2,223
2025-05-17 09:20:31,2871345f62a420b20900dd62c8b4802ca0097955411dbaaa72e0a2b641f82a29,897083,215895.0,872.0,0.004039,1,1,192
2025-05-17 09:20:31,b2dcdc49eb472e6cc68bb647edf4c1722836cf9ac1eb5525aa8c6605cec69c55,897083,216767.0,641.0,0.002957,1,1,192
2025-05-17 09:20:31,71721865434dfae96e9a26b1cdf9001818fd911b34b67f1323c18837383420ce,897083,1448634.0,756.0,0.000522,1,1,192
2025-05-17 09:20:31,5e62b35afc1e26f2fc15797445c6511d96f596f6a80ccfea4373dae32a05bdb5,897083,1234148.0,1054.0,0.000854,1,2,234
2025-05-17 09:20:31,9f8e9003df6eaaed78cb5b261749348a05098627bede0b34bcc27ba456c31588,897083,2124683.0,1442.0,0.000679,2,2,371
2025-05-17 09:20:31,abbb28e35d04ae16014af46b6bf47723563128e332edf903da453e183ffca0b2,897083,1582716.0,1112.0,0.000703,1,2,223
2025-05-17 09:20:31,f693fb9f5aec80bcadbfddfc5399bb2a3abe82e3b923345224a3749aa4557732,897083,1613828.0,834.0,0.000517,1,2,222
2025-05-17 09:20:31,0fd26e3ce4a66be5e017c4c81fc05e6936794f6bdccec088ebaf1fb1b4670090,897083,33555.0,1463.0,0.0436,2,2,374
2025-05-17 09:20:31,42fbe8e762c04fd246e7b3f5481f54f8b78d1b7800786dcce4243970e605a702,897083,30875717.0,980.0,3.2e-05,1,2,224
2025-05-17 09:20:31,52f1a2c31508bb1998cce64db843893ba8774c36046d1d0b59866081ee6938e4,897083,546.0,1190.0,2.179487,1,1,323
2025-05-17 09:20:31,838c9e85bf01557e7cafeeba9334dc6fd01d7f78a351680b8920d65e75af7c70,897083,38394.0,924.0,0.024066,1,2,205
2025-05-17 09:20:31,fb7434f23a39e6f0e1578d859fdafe3ce64574d5050ee46e5ffbd4fc9a79a228,897083,27080.0,1057.0,0.039032,1,2,234
2025-05-17 09:20:31,a2fdefc74733c31529f010c58b3184cbfdd0e2e2e53f8cf51c2c285b86845fc4,897083,1126255.0,1058.0,0.000939,1,2,234
2025-05-17 09:20:31,3dd7325335123aa833ef3ae27c2c8875c86fbff4b33dc3dba8d381993b93fac3,897083,763378.0,1058.0,0.001386,1,2,234
2025-05-17 09:20:31,3a3ecb3d8495bd6af0e4e21f0c62f21f82c99facaf31331493838c071e70d234,897083,342043.0,769.0,0.002248,1,1,192
2025-05-17 09:20:31,e9ffa078ecaa344d3ef2f266274d3f4d722dbb1a816746e20613e62ef2f51320,897083,998986.0,991.0,0.000992,1,2,194
2025-05-17 09:20:31,877ef5a9ca91fd710c439c8190971275ece8960aa56604507b658d4ed12ba781,897083,25688363.0,978.0,3.8e-05,1,2,223
2025-05-17 09:20:31,28feb2e9755f954aa5c3806b498dfb2891e24938794b2999a85b987fcf766cb1,897083,12306587.0,770.0,6.3e-05,1,1,192
2025-05-17 09:20:31,0e832bfe909e7627be0a0dd8e8a0e455d030ef06201617f1c80e5394bee9dfa8,897083,8755969.0,770.0,8.8e-05,1,1,192
2025-05-17 09:20:31,e0d9f66d83d0c8835d7e2235c21f072d933910b03a20d8bff808d70a5b72b50f,897083,3358436.0,770.0,0.000229,1,1,193
2025-05-17 09:20:31,71f42566ca2341d4b0528395c18a0cc25a3d05ef22a0ae4cd539830504d3385a,897083,3547508.0,1444.0,0.000407,2,2,370
2025-05-17 09:20:31,a3107b10e3abbfaad379882942e6fb1f0a1d3b2c12197c3e00e00a8cf45bda8f,897083,3356927.0,1000.0,0.000298,1,2,225
2025-05-17 09:20:31,1b0fbf31909e97d5b72533fddc04dd7a0931b819acccf9dec2d0062316b494a5,897083,3254608.0,2614.0,0.000803,1,1,191
2025-05-17 09:20:31,399eb9555a25343efe46ade1c9784f18876d122b6ccd0ccc9f48285bb6a52948,897083,31884022.0,1016.0,3.2e-05,1,3,253
2025-05-17 09:20:31,90648f8b8378ec1977e185ecd176b1b66b4844c526f36796b45a23f5a802ca93,897083,34277294.0,1512.0,4.4e-05,1,7,377
2025-05-17 09:20:31,8d408deeb76bce92953cb58f8e3714a0dbf64634a5bc75e20fbd85f18a131932,897083,288469.0,1420.0,0.004923,2,1,341
2025-05-17 09:20:31,4c5bc070339084e56c5f45e0113ce7d2ac5547858cb566dd7a236469436b65e8,897083,251422.0,804.0,0.003198,1,2,222
2025-05-17 09:20:31,c17cce7cc7341b33eccaf0bbf41d953b98f88eff74beb91a5f642259af88e901,897083,5971065.0,980.0,0.000164,1,2,222
2025-05-17 09:20:31,6fb34fc6300cd0947eca343f426c4642fdb07f6f982a9c0112ffb41773b0c5b8,897083,1006534.0,1827.0,0.001815,1,4,284
2025-05-17 09:20:31,42d56ffb6eb5778c345c5165d0dd353a0cd44d049158477707f07e5dce311f89,897083,1042667.0,564.0,0.000541,1,2,222
2025-05-17 09:20:31,ea8ee89fa2810b786e15dffd45dbee1f1d1b6c5b1f2926c1412ec1c98b536ac8,897083,32168.0,1064.0,0.033076,1,2,234
2025-05-17 09:20:31,aa231ef2cd7f6c7faed53c880687cfe3a238335421d6828f8072166e2ec6e242,897083,8291489.0,1323.0,0.00016,1,2,382
2025-05-17 09:20:31,96a48a5c5d8e2155419b0b51cfbf741639a0fcafbd26be37de99126d7253032b,897083,4885281.0,1323.0,0.000271,1,2,380
2025-05-17 09:20:31,fb5538e39edaf0afa7e2905805a250abff069c567775c8f039d30f8964ff9e49,897083,199041.0,947.0,0.004758,1,1,217
2025-05-17 09:20:31,5856a7b526c7d40540a7bacaf29413b9ccc2578ff9baade0302195385a3cc4c9,897083,47866.0,1358.0,0.028371,1,2,366
2025-05-17 09:20:31,ebb8972953decd47d412672e001fd7236c20fe1afe6f6bbf2b0edeb2b7224ffb,897083,112378.0,982.0,0.008738,1,2,222
2025-05-17 09:20:31,1d96d9e9acdfcc8e2e14a5c5c58733ce5b65489f39bcaa65123431cbef3a39a9,897083,451547.0,982.0,0.002175,1,2,222
2025-05-17 09:20:31,caf276d632ed5e8bc9d9bd2717f6c7e181d168353e05098619b246aca8da709a,897083,23156.0,982.0,0.042408,1,2,223
2025-05-17 09:20:31,e3ea706a15efc5ca3c17fb6f86e074fc1e99e22b31777579e96d2581298a7056,897083,8628660.0,982.0,0.000114,1,2,222
2025-05-17 09:20:31,b32811f6f6ce46c96d2f339689460aa9002b3444fc3c7a72cf1c3323f3c55151,897083,71250.0,982.0,0.013782,1,2,222
2025-05-17 09:20:31,ae1ab8897f0ea4ffa1ec2398d67a2baa92f5c43dd3094c4de04d6cb198df4f12,897083,4878258.0,989.0,0.000203,1,2,223
2025-05-17 09:20:31,1289459e943d8bcc8d8a81547390ef3a782a97f40f6a3154b4004a06ae9cd5a9,897083,4229875.0,1400.0,0.000331,2,2,301
2025-05-17 09:20:31,870110bbbafeb7b6142a071189800bdc361a0a4fd81f4932d40c372480f00698,897083,42674.0,1003.0,0.023504,1,2,226
2025-05-17 09:20:31,1cb514a782b9c124a1a94d1529a709c222ec79d72559699f40e58ba534d45a2e,897083,9226.0,1003.0,0.108715,1,2,225
2025-05-17 09:20:31,d8aa4d2dc6892ce3adfe42c8dca4dfc89270a62b710c6333513e683b89ae9092,897083,347605.0,1477.0,0.004249,2,2,312
2025-05-17 09:20:31,fc8e386764242c16fde95977150cc25ced82c875468064345dff2045cbba2b71,897083,97907.0,1477.0,0.015086,2,2,312
2025-05-17 09:20:31,37d5edcc9af0b440677b5c07c041437b8e9a351cf87b43d799f7ee170772f53a,897083,8907.0,1262.0,0.141686,2,1,343
2025-05-17 09:20:31,a7b6b071e7df8a404d53b9e3c9618c672f2192211823e77a1e29505bd15cbe20,897083,66314.0,788.0,0.011883,1,1,195
2025-05-17 09:20:31,fc9d741d79dc21a1b2a727cb8a84eaee75be20483dc8ae1447be76b064c63e32,897083,414463.0,1904.0,0.004594,4,1,472
2025-05-17 09:20:31,c09314d07957315193ec164ddbb8999697dd01ad6259f0c3f3fe887a45987c8d,897083,2976322.0,1696.0,0.00057,2,2,374
2025-05-17 09:20:31,518f55e938ce9970b960fba9cafd03bdf6bd3c59458c30c5c74909e28ad820b9,897083,4192766.0,1338.0,0.000319,1,2,223
2025-05-17 09:20:31,51a8cc1d5521999849e3736796ae8a52222fafb4c1c794e9f14daba9db0f5c79,897083,3131050.0,1932.0,0.000617,3,2,520
2025-05-17 09:20:31,43d95eeed02a2aab075f9c3395157d4473aaa49277137f59b44a81320d119e04,897083,546.0,949.0,1.738095,1,1,297
2025-05-17 09:20:31,b7bf1e643bec04f4ccc78f66e410f765c96cc209173804b272b1a1d03ba4b79f,897083,183319.0,1719.0,0.009377,3,1,489
2025-05-17 09:20:31,321c1a5956b599c9e814162f5325cac2c4a7e0d62dfa42f74850b3b98450a3ed,897083,10791880419.0,31598.0,3e-06,31,7,10401
2025-05-17 09:20:31,2e8082e3083c6c22259bbc68002e976281c70a3c328c6f22fbd31d5528a4b6c5,897083,137212.0,1370.0,0.009985,1,3,278
2025-05-17 09:20:31,45f5dccfa15fa9d67e2a1f20f947861f8f19303b82ea497bc401484475caf0bd,897083,579739.0,769.0,0.001326,1,1,191
2025-05-17 09:20:31,525499efaeeb1d7e0baf13fccbd3d8547e010dc1d6c32bd099b6b6c1289fcf9f,897083,1400328.0,769.0,0.000549,1,1,191
2025-05-17 09:20:31,48d5bec1ee7a0d9d6770d0180afeddc3e5de6e4e9f10a30536aa146136231562,897083,68820.0,769.0,0.011174,1,1,192
2025-05-17 09:20:31,e034df9328bce836615c071265fb7dfe6c9696c1cbb7fdca81ae82c894235d09,897083,31032.0,769.0,0.024781,1,1,191
2025-05-17 09:20:31,9a90c89729d1042f7ab31837f83c4c12079886796543a79f9aee37457ad2f3be,897083,49224.0,776.0,0.015765,1,1,162
2025-05-17 09:20:31,b4af4fd614ca15ffbdc715c7fb6a623eb69d58fdd71391c1bfa5d0f96fd09ba8,897083,546.0,951.0,1.741758,1,1,297
2025-05-17 09:20:31,3a79a0249d82e914d0712fdfff9490a980d601f28ecb60e932d5214f52ea7978,897083,546.0,951.0,1.741758,1,1,297
2025-05-17 09:20:31,043022b7ad7baed0a9af035088aa99e1033aada675b6ab1e9eea676c994442c4,897083,967455.0,1000.0,0.001034,1,1,301
2025-05-17 09:20:31,167f80a2f19cda0a8579b2575fe258715aa3e33d9b0494a85c01008be643368e,897083,968455.0,1000.0,0.001033,1,1,312
2025-05-17 09:20:31,4898e3c7fda3221ef35d74280b5eb838937694b206e2e94a69d8519cc30ffefd,897083,129561.0,1204.0,0.009293,1,3,253
2025-05-17 09:20:31,131e4248d88f15c741d44639682b255adfcbd2838555afc47cf2d9af57821afd,897083,546.0,1064.0,1.948718,1,1,323
2025-05-17 09:20:31,7a2562620b3be1d5fa92dc7d5630101f1d1506d9038744ceec1e06b94fc0a3f8,897083,155491.0,2730.0,0.017557,6,1,688
2025-05-17 09:20:31,d1cd6a3acffd94759fac304fad44967a05f776532ff8fcd91c46d0e6d4ed1bf7,897083,546.0,952.0,1.74359,1,1,297
2025-05-17 09:20:31,bcb0aa35cf57e63f95320037356a567d3e8a9791f72168bc2e0c70c88f7836f4,897083,11410.0,1330.0,0.116564,2,1,352
2025-05-17 09:20:31,effae288218ceda01f5b971bba77698687784110b0c9313dd8ab2c751bd23bef,897083,5236487.0,3157.0,0.000603,1,12,532
2025-05-17 09:20:31,f7ef5732d5c743e4b360c157b64dd117b6f295440750be6ae75ae37409a37bec,897083,192825.0,791.0,0.004102,1,1,194
2025-05-17 09:20:31,f7d8c5a94b4ef735d2de03d036d0a2fb749f000bcafb4f6acfa4616438e268e4,897083,146713912.0,1029.0,7e-06,1,2,228
2025-05-17 09:20:31,b012c2e3bf48272b132fdb8cab936cf2a2205cee8b103144957667b05cff14e1,897083,546.0,1071.0,1.961538,1,1,330
2025-05-17 09:20:31,e3d305e432865ad451058b95ee095ac0a90f273dc8391833c1a646fe1f3cdee0,897083,546.0,1064.0,1.948718,1,1,324
2025-05-17 09:20:31,9fb7c033d24a3369bed43c58d2416063cc0013855648e9a2fc183daa3e8d13e0,897083,743210.0,2380.0,0.003202,1,8,421
2025-05-17 09:20:31,2e67262995db7d23c991f88e5dc4af3e259d0b5a266a688987aef446c68389dc,897083,27047649.0,987.0,3.6e-05,1,2,222
2025-05-17 09:20:31,79fc3a583932e030218112af824f4f350424fcdf03a52d9cceb015f8659d70d9,897083,872467.0,1029.0,0.001179,1,2,228
2025-05-17 09:20:31,52eee18620f0f8211743607dc01bd729cd6eb03e30baca3767b2478c67b3b0d8,897083,1213676.0,994.0,0.000819,1,2,223
2025-05-17 09:20:31,1917c791b304779289ea02c789e88ee795a7b157e49526311027de912f59a8d6,897083,34144.0,987.0,0.028907,1,2,222
2025-05-17 09:20:31,c83c451ce430f4e25bd4a15dce15fc7aa399361ff199d10a4794bb87ec8ea2d6,897083,656957.0,987.0,0.001502,1,2,222
2025-05-17 09:20:31,119d4c34c7a4eaea63259a0910143d960af58e2fa372990c40f4f6e72eaf3acf,897083,818112.0,987.0,0.001206,1,2,222
2025-05-17 09:20:31,f9107833acead3d4dfd53b1212bf4144b3c0fa6205001660bc8c400b3a7552cc,897083,57913.0,1183.0,0.020427,2,1,269
2025-05-17 09:20:31,b3041a5d98ddb199caf33d912da94ffcb2bdd515d9a526c57eeb3814f0e607cb,897083,19354.0,2352.0,0.121525,2,1,336
2025-05-17 09:20:31,848d2474dd357b035a216140a8304d6cc0f7922bbb28bd158592a57b2978a9c8,897083,2609648.0,1008.0,0.000386,1,2,225
2025-05-17 09:20:31,f77eb4ab1044080758722a38a5bc71f819a6b009719ef8bb3439cf72dfae21c7,897083,546.0,1064.0,1.948718,1,1,323
2025-05-17 09:20:31,6322487787f055f821ad1d2df170dd50ef073f736901b990b367d33e901188be,897083,195230.0,770.0,0.003944,1,1,192
2025-05-17 09:20:31,fb986450af20e1b429236506fa15cffc01f7f84ec18f6c06795dc2bd591322bc,897083,4516863.0,987.0,0.000219,1,2,222
2025-05-17 09:20:31,958cbedc0fcdb467bfa4a0ae140a5485c6768ff431a2141ed4be0fe206adf7ba,897083,4560990.0,987.0,0.000216,1,2,222
2025-05-17 09:20:31,20aeb376118803fae01801f3d443ae7a46a7b261de26d461323a1f263847c7b8,897083,7295.0,693.0,0.094997,1,1,150
2025-05-17 09:20:31,7f1d790e345ce1e4dc546638dbef2fbdf08a1249dcbff34417c050a4de3d53b0,897083,204444.0,1505.0,0.007361,3,1,365
2025-05-17 09:20:31,1dcb1b2a3a219fa0ccc99b5b35b6b35da2e55f86bf5b7565c3a69cc59c0dd1af,897083,398796.0,1204.0,0.003019,1,3,253
2025-05-17 09:20:31,2dda280bfae3eb0f4915f06b677f14ee8dc699b77f197faf21dfe1e90de148a8,897083,167743.0,1078.0,0.006426,1,2,205
2025-05-13 04:23:38,df8c977f4d6778bbdf4044e98ae0dfcb0f95ef1f94a0b9b16dd767d7648c91c2,896497,330.0,151.0,0.457576,1,1,320
2025-05-13 04:23:38,80f6a12d37a780aa20957830325e6f2e954340d5752e952a676ba62ceced69c2,896497,25062371.0,153.0,6e-06,1,2,235
2025-05-13 04:23:38,74ff03232231be3cf6750ab7a1ab0a040873a1d76836b043193807f6c0c954c2,896497,5509.0,154.0,0.027954,1,2,205
2025-05-13 04:23:38,c1ff83bbea275dd026f8b34f4b4d06ba711bf6f82e3b5bfb5284e1cc7ed245c2,896497,546.0,152.0,0.278388,1,1,325
2025-05-13 04:23:38,314b3eed67809c695d731a9da6cfe0508b7011d9d99994105da5260727363cc2,896497,1912652.0,153.0,8e-05,1,2,234
2025-05-13 04:23:38,fc180bd2590b5d10414507ed9809d3eb1fc903590637617904a313d7558a2fc2,896497,199889.0,111.0,0.000555,1,1,162
2025-05-13 04:23:38,04b00ad6483056c88bfe8a024e3a14638f25ca2238dabe3917d6d2f28ce4c7c1,896497,546.0,153.0,0.28022,1,1,327
2025-05-13 04:23:38,4c540668323959bb82ff02e58a4430887ac81028c86cce7e06feae9c0c6482d6,896497,137827.0,154.0,0.001117,1,2,205
2025-05-13 04:23:38,647a2deb89730240b8b7e8bdc8bffec044eb08081b69138d87a540ed912484c1,896497,158719.0,99.0,0.000624,1,1,150
2025-05-13 04:23:38,96b257e5c16fe2858166a4a377dbdaf180c0458ccd6f017b67dbef87217c7ec1,896497,3026824.0,142.0,4.7e-05,1,2,193
2025-05-13 04:23:38,521a23f228c2f83266c34efa2204bdd6be3dfff454cadcee11962fce238e35c1,896497,330.0,154.0,0.466667,1,1,331
2025-05-13 04:23:38,60cec2ddb56c1a178a80bc8746b5675079f9f3c2c04e0e8e7dbedd22d94229c1,896497,546.0,152.0,0.278388,1,1,323
2025-05-13 04:23:38,72cc27a8edbb7abbd0df480b31e81bbc9955126d0d2eed162a24418cfa1b47df,896497,20608.0,154.0,0.007473,1,2,205
2025-05-13 04:23:38,2ee207bc179e5c65e96f058380c33b46149741f2e8af7fb2d395c7343b44f5c0,896497,2601.0,459.0,0.176471,6,3,757
2025-05-13 04:23:38,589ba99939f98e1d1ca63e76b3e630b33207543b45cd0fd64630deaa85d05bc0,896497,2293346.0,1021.0,0.000445,14,2,2146
2025-05-13 04:23:38,cbfe7f8f834a10bd506c53dace0c3af5ed539a56398b861ec97f4d5e9cb848c0,896497,330.0,152.0,0.460606,1,1,323
2025-05-13 04:23:38,dad669ca9bd2096cad17eb6e7202a050a2c37e29d63db943ff876c9651423dc0,896497,101439.0,456.0,0.004495,7,1,804
2025-05-13 04:23:38,702ceb9786258cbc10ca46af397dff40823e2c070f197bb2059c579ce41c33c0,896497,826.0,122.0,0.1477,1,1,203
2025-05-13 04:23:38,be9c8dcc89700fdb3885c82a632b52fd71e437486566a8d540e091aa2250f8bf,896497,2942333.0,102.0,3.5e-05,1,1,153
2025-05-13 04:23:38,17a95eb18faf5aab95911afa29fc397822e03b145bbefdaf33af543f9b6e8fbf,896497,426408.0,141.0,0.000331,1,2,223
2025-05-13 04:23:38,92f7f358f4f9c3e19ec07827b9c8c6fa2a547569bcb9ab173a7cd19ac09986bf,896497,546.0,152.0,0.278388,1,1,326
2025-05-13 04:23:38,f61527447f7fa8ccede8c77bb1a313282d7b59f682bb66f1a2d5e81ae9ec83bf,896497,235546.0,99.0,0.00042,1,1,150
2025-05-13 04:23:38,a464c0eaaf0ddc6fa9c8958ef1c44871d5a0d04c062fac1613a7b83d8fad40bf,896497,1092.0,444.0,0.406593,1,3,1233
2025-05-13 04:23:38,994c12f832299d2ccef767d03da360e1bbd0cedfbcabf9e2b301a8bbe6dc39bf,896497,546.0,154.0,0.282051,1,1,333
2025-05-13 04:23:38,b9a390ee90d43a6ff0e3007966205eb6bad878ade44b6afe2b54e20564bca3be,896497,358749.0,629.0,0.001753,10,1,1125
2025-05-13 04:23:38,a2731a7c54a1dfda8e9b7abd28332eb41b73d40b47119a8bc2615ac4dfb183be,896497,7798.0,294.0,0.037702,3,3,444
2025-05-13 04:23:38,fdc801c9f7852401b759bfef6f80bdbdb759e286208820b64600ccfa9de038be,896497,546.0,153.0,0.28022,1,1,330
2025-05-13 04:23:38,a5fc79bb77ab370828f503798f030eb41669aaa3be281ba23acb12865b552fbe,896497,3159.0,99.0,0.031339,1,1,150
2025-05-13 04:23:38,47241f6af3f68e5edaeda07c71151a79ebe88b1c8b1e3a65ed5c32c77cc3d1bd,896497,564527.0,169.0,0.000299,2,1,269
2025-05-13 04:23:38,71e1dd34c2286eb8ca6669d3cd06d39d617ac94b5e308809a95176d2efe3c4bd,896497,5370.0,212.0,0.039479,2,2,312
2025-05-13 04:23:38,b02f77aa88ec34c034c9b673195ecc9c68b03a53361eac6fa1d62ae2df3cf7bc,896497,10600.0,142.0,0.013396,1,2,193
2025-05-13 04:23:38,4919678e81113ea17f8a0ab3f021cd38041eaa85e2843f219dca6c8dcf9f2ebc,896497,330.0,154.0,0.466667,1,1,331
2025-05-13 04:23:38,ee5d409205fe876a50b156faa978ac571d99d956b03064553b0d354c90a426bc,896497,254571.0,110.0,0.000432,1,1,192
2025-05-13 04:23:38,0e8d70eca5be481e07b476306f6d618729cc53f35ef274d710adeac513b901bc,896497,46330030.0,479.0,1e-05,6,2,962
2025-05-13 04:23:38,d7694827bbe3804ee5bc0f581d0d102de5df61c9b243579cfd65c6f6dc3adbbb,896497,1899911.0,111.0,5.8e-05,1,1,193
2025-05-13 04:23:38,dc71d39750755591848c82d019e9636b03a17a34d64fd27ec01b9131b018b3bb,896497,901.0,99.0,0.109878,1,1,150
2025-05-13 04:23:38,f39b76cfd651fb74fefbc67fc193200cebb57ee2a857bc067c03ae62429e90bb,896497,330.0,152.0,0.460606,1,1,323
2025-05-13 04:23:38,1846a60819d586afcc95f37d30f9d1befee463206163cb5e13d7764a2f1efdba,896497,551656.0,169.0,0.000306,2,1,269
2025-05-13 04:23:38,f490c327b871f0c835b5bc785cb8a1d6c0664b2c82b67db16857e3ebeb9aedba,896497,6112.0,154.0,0.025196,1,2,205
2025-05-13 04:23:38,083f8b52efae8da4acb6f731fbe55dd77b16312b5d92f0af4a62ec376648ccba,896497,1703830.0,110.0,6.5e-05,1,1,192
2025-05-13 04:23:38,12886d9853e31c08491924ffe2d823455d7edd55176dddaa5c8104d5611661ba,896497,97988.0,99.0,0.00101,1,1,150
2025-05-13 04:23:38,562750983976c3df4590c78789f4e162518d53d828f0b24d6f30636103884fba,896497,562276.0,154.0,0.000274,1,2,205
2025-05-13 04:23:38,9239efa8bbefc715d9fbd7109ff6dc21c2ba886801f3cd095861836cb3ccafb9,896497,330.0,151.0,0.457576,1,1,320
2025-05-13 04:23:38,331e01b38c455d39a39ebc1b5c19529e9c064cde03248c941011806f08cc19b9,896497,181345.0,178.0,0.000982,2,1,340
2025-05-13 04:23:38,d4dc0c4056fa6c06d84b00d90bc97dc2082e34143bde8712ce13ff05b4efe0b8,896497,546.0,152.0,0.278388,1,1,325
2025-05-13 04:23:38,90c9b1623688bb35ffef12c638eae15e9e481639329b9e486353edf50a5053fd,896497,365153.0,154.0,0.000422,1,2,205
2025-05-13 04:23:38,8e35fb801330e163be0e549eb9f7f891348c3d6e813a8a82cb91e7e9307f53b8,896497,135261.0,122.0,0.000902,1,1,203
2025-05-13 04:23:38,f9f3868364ec96b453e150a81e099932807e98537025f505460d73765306f4b7,896497,1378.0,212.0,0.153846,2,2,312
2025-05-13 04:23:38,bfadc2b1ed321d36f9dc075dafe72df019b25e2e7db98630345e24855c1e5fb7,896497,546.0,152.0,0.278388,1,1,326
2025-05-13 04:23:38,e2420b3a04bac5fc06d9bd4d47f1488f5674ea5af2af43144a64c8e5f87030ec,896497,65524.0,154.0,0.00235,1,2,205
2025-05-13 04:23:38,715319083f98e8e602e4f82629b2b59feea33ec31219aed90064ce2cfe463db7,896497,99999857.0,143.0,1e-06,1,2,194
2025-05-13 04:23:38,219cd692bb622831578396867c712bbd41d3032ffd12c37d7813b5218fd5deb6,896497,546.0,153.0,0.28022,1,1,328
2025-05-13 04:23:38,9a0797e9a0ad90354133a717c2b94f58ae888a3be191c521a7fb0f9f3a93c9b6,896497,33043.0,111.0,0.003359,1,1,162
2025-05-13 04:23:38,8cde61e9cb47ca4c8e5e6dec0dcaad31714ea43403830a4f608ab8cab6a979b6,896497,58149.0,145.0,0.002494,1,2,196
2025-05-13 04:23:38,b8284b234164b809da2f9ac9fb29c0852dd801c850e18d8b6bc2a9b50bd34bb6,896497,1218426.0,142.0,0.000117,1,2,193
2025-05-13 04:23:38,14962dc955b073368d1f2bb8e6439df79c54685072d1028746ced9b95ce42eb6,896497,10799.0,293.0,0.027132,3,3,443
2025-05-13 04:23:38,3e5be2de0f951a3349c41a853b4857259019f5877c464ad27006bde713eff4b5,896497,330.0,152.0,0.460606,1,1,323
2025-05-13 04:23:38,2cc8be1781f9be05c0b3445c610fa250b74af375f88b96c1a4fb6ab996a397b5,896497,391191.0,154.0,0.000394,1,2,205
2025-05-13 04:23:38,d9d106c2a07f0c977badb232a2952ac5b3117daf29f713b3c296cd84729f74b5,896497,546.0,154.0,0.282051,1,1,331
2025-05-13 04:23:38,78af639a636ad1f4054065864c0d25d89269c5fb0285cb2ef22072772e626bb5,896497,795893.0,215.0,0.00027,3,1,365
2025-05-13 04:23:38,224ba18a7131fe434d5351d1cd5c66e87d5d2887fa00db71cfc9c5bc481e38b5,896497,546.0,152.0,0.278388,1,1,323
2025-05-13 04:23:38,389ecaf5c7a9563e8ae7d0f9267503f616d2604bde3ded06ebadb8250f361db5,896497,407032.0,141.0,0.000346,1,2,222
2025-05-13 04:23:38,8e321a9ffa453a880a4ee702f007a4fca4ac14b38d1c62be71d14ea4394695b4,896497,330.0,151.0,0.457576,1,1,320
2025-05-13 04:23:38,a4003a196b278f1422b9259b23abbe5d8d371f076ce82f1b97b1d4453df48eb4,896497,330.0,152.0,0.460606,1,1,324
2025-05-13 04:23:38,de23d579a213d8ee0ef2aa49c0e7c79940a68d9e1bf8f36320360f16e2ac63b4,896497,25613354.0,12200.0,0.000476,179,2,26565
2025-05-13 04:23:38,e4ebe74a60527534c4fa9809ecd1be0657b3abd9ca2eafb5074b2607649f09b4,896497,330.0,154.0,0.466667,1,1,334
2025-05-13 04:23:38,dfb6c207fdf8c794ab479ce912866d21e5998c97eef0201d358e73a249bce8b3,896497,546.0,154.0,0.282051,1,1,331
2025-05-13 04:23:38,b691fa66130214ce08e29c4e04aef5c7d53970f3165b53408540f89f0b0dd7d2,896497,10055.0,154.0,0.015316,1,2,205
2025-05-13 04:23:38,22013e32818bcd11ee1dd6a1ef65d223f1fd76725edde76ef29c9766f8b5e1b3,896497,1158673.0,141.0,0.000122,1,2,222
2025-05-13 04:23:38,7e901ba732e6afb45c7aa96432729c581e14f50dbd9cd17c7817dc2ed8daa7b3,896497,330.0,152.0,0.460606,1,1,323
2025-05-13 04:23:38,ec19425e85855a1f6daab2e91ae59b3a7b16bcd2ae7a99e766f9a02ea6c262b3,896497,7004625.0,110.0,1.6e-05,1,1,192
2025-05-13 04:23:38,71f37d5cd0a2aad8204d644ef8c157da828f1e39da4f5c73aba8d8fa6e256eb2,896497,97680771.0,142.0,1e-06,1,2,223
2025-05-13 04:23:38,f85e2c3a6d4f12ccd8f66e64c32c367af7f2bcd9659aad9209699c2ee18467b2,896497,256310.0,164.0,0.00064,1,2,245
2025-05-13 04:23:38,d2984e4d4256e66dd6c3af4526e1d145270a86674cf9e70fead2f5d3c1f55ab2,896497,546.0,153.0,0.28022,1,1,327
2025-05-13 04:23:38,c6a593ca7f74445add2c785f2c2fb40ab10ae622d2c626d653c2756177a1dab1,896497,546.0,152.0,0.278388,1,1,323
2025-05-13 04:23:38,1ecd3ab6732e8c67571462d67ab079322f89b953c1a4d7f6cede21cf790001d9,896497,61389.0,154.0,0.002509,1,2,205
2025-05-13 04:23:38,d689968d97c4d981437bb91451898cc4ceb6a93992cb510ff256de332a9956b1,896497,546.0,152.0,0.278388,1,1,326
2025-05-13 04:23:38,fbe190dff7b7029e0ad21c16f2bcc3c4c2b0ef9af74e360acbb87bbcfe8b46b1,896497,4844509.0,141.0,2.9e-05,1,2,222
2025-05-13 04:23:38,799ef80c38a28e17992719a33aa6616614f3c073d06caea1c224b36aaf79dfb0,896497,3135222.0,144.0,4.6e-05,1,2,226
2025-05-13 04:23:38,7d3f6accabc7d2343ddf162bc2f0f6a79a8d5291d0d9b06d952ad90f10e5ddb0,896497,151480.0,805.0,0.005314,1,4,451
2025-05-13 04:23:38,8935507bbcec9f5b8e6f3154686ba8506b9712ec8f063bcd70a6ce2e81709eb0,896497,9999859.0,141.0,1.4e-05,1,2,222
2025-05-13 04:23:38,e2c159d0e8cf0e766abb8111476c5f3e9de4a3c29c89c455ce56f849761f99b0,896497,330.0,154.0,0.466667,1,1,331
2025-05-13 04:23:38,b7316de753c0724f8070797e154f8e141bceeffabadb36f312ab96b4cb3b7fb0,896497,330.0,152.0,0.460606,1,1,323
2025-05-13 04:23:38,346b15679b972205c145e3483660d15cad9e2afd4157c4599462c0a9555c42b0,896497,291978.0,398.0,0.001363,2,6,499
2025-05-13 04:23:38,281af87b6bbd4b4d5692999e277528b18082ca6c71c429c8312a4dcb4e2704b0,896497,722359.0,153.0,0.000212,1,2,234
2025-05-13 04:23:38,8f1d6e2a1edfe951dc2948be4529f87d0db75672b451863bb3d4ad49dcf0f0af,896497,4251371.0,157.0,3.7e-05,2,1,257
2025-05-13 04:23:38,0e93f3b11b55f66da5b854cfb507f3f3363439a064deb3ed35f4a36f60448faf,896497,213862.0,258.0,0.001206,3,2,408
2025-05-13 04:23:38,40ed5501f9011e570a9b0c9dbb5e40e0fc0adaaedb8b19d775166e10ef957faf,896497,234988.0,212.0,0.000902,2,2,312
2025-05-13 04:23:38,3e050d1291e43fc2b33327f5b78407375766dd3ea153d57d4c518c1bc42ba4c6,896497,235416.0,212.0,0.000901,2,2,312
2025-05-13 04:23:38,fab6144629fb79cd3412021d17e120d81721973eb4562e05eab6628603c80fec,896497,235844.0,212.0,0.000899,2,2,312
2025-05-13 04:23:38,0dafdbdfeb87812ba135aeb6596b087445ea64dbfab4dd098c8049adbea16aaf,896497,9831.0,169.0,0.017191,2,1,269
2025-05-13 04:23:38,ea22f9956169abeb338e1815b670269aeb7b5851854b03fb29627b42b8df1faf,896497,820592.0,141.0,0.000172,1,2,222
2025-05-13 04:23:38,691d8e1a5f47bc3a9bce7861cdace547ded3db122f3169f373d6f6d4df12ebae,896497,1346.0,154.0,0.114413,1,2,205
2025-05-13 04:23:38,e71690a54362ed92204db4de14ffc27f2338d38d1992dfcaf6ee82ef9c6928ae,896497,57389.0,154.0,0.002683,1,2,205
2025-05-13 04:23:38,ba3ee4b7c357c1015a73661edb89dd9c5206f09403c1f4dd3b89ddedb8b523ae,896497,546.0,152.0,0.278388,1,1,325
2025-05-13 04:23:38,80edfa6f97a3f7336b8be93ce60b235a601a9e2d43748da9f6516a0c7eb821ae,896497,7157.0,805.0,0.112477,1,4,450
2025-05-13 04:23:38,7dc4d315e662cff46ae4ddfb8328b93ee5ad3b00e26f0bdff56f9ecf1bf316ae,896497,330.0,152.0,0.460606,1,1,323
2025-05-13 04:23:38,d951622229175e7a7f6c59c9c6c6dbecfc650d3232db53883e3dc90f3c89b2ad,896497,65076.0,145.0,0.002228,1,2,196
2025-05-13 04:23:38,d6da677db9ca9095cfc35bc831e921d5c94df768f09a6816cfd20709747b96ad,896497,17851.0,212.0,0.011876,2,2,312
2025-05-13 04:23:38,bb6cd794081fe9433d13133f9d31a4536fbf2f9fc6cfa9cc23ce703d0f8dbae8,896497,18063.0,212.0,0.011737,2,2,312
2025-05-17 09:37:04,a02c331d57db638dcf82da898963998a6e20980293f71363adf3df268fff267e,897084,129221.0,2285.0,0.017683,3,7,621
2025-05-17 09:37:04,4198acc65ef43745a05f2aa7a7d7abda2d91da3c095b6a95800d53c24984e1c8,897084,162845.0,2275.0,0.01397,3,7,618
2025-05-17 09:37:04,4e7f0771140ca63458e1368266056b9efb8afa85f84b4046a89f8913cc747097,897084,42102060.0,1140.0,2.7e-05,1,3,299
2025-05-17 09:37:04,21eac9d29f9ab691fee69a67721d04df5bb0c44181ecc9d190c37f030786de3c,897084,1322200.0,771.0,0.000583,1,2,222
2025-05-17 09:37:04,6b546614d532cf4a395d2ac712881886a015b8e98a9d229e815ec39c74f9c9a2,897084,1362395.0,705.0,0.000517,1,2,222
2025-05-17 09:37:04,d3ce1f5612893eaf83c5260d087eac341ec0ef18848293a72d3e377665945a3b,897084,436918.0,1230.0,0.002815,2,3,366
2025-05-17 09:37:04,a74109c332d6e3a544b7c4bcaa11b0763ff05e2f0f351d295f6853c7f0628d47,897084,559031.0,576.0,0.00103,1,1,191
2025-05-17 09:37:04,1d1b77630c98bd554cfe3b62e62ef8891b67ac09388c19aa42d24b7fadd55005,897084,288607.0,1180.0,0.004089,2,1,387
2025-05-17 09:37:04,1e9789b8779ea2d24f64ac5cc41e7d1c0ab2c6e6575808bead106778d4ea1c87,897084,330.0,725.0,2.19697,1,1,304
2025-05-17 09:37:04,072f25d5ca28f2d2e2bcb770b3c5827fa2862f42d4d9256df47a1c001ac77d83,897084,330.0,725.0,2.19697,1,1,305
2025-05-17 09:37:04,e90c0dd03ba6a6d8f7e22e386f63066fe095ad20c0fcd41be6ab6cc6bc7b8548,897084,330.0,725.0,2.19697,1,1,304
2025-05-17 09:37:04,fdea3a58662532623f7d0a197e35c7c0685f936dbd10a7623fb81fcd726e122e,897084,330.0,725.0,2.19697,1,1,304
2025-05-17 09:37:04,d0c3333b0d436b791005aa768b1f8d3f8e79d6652a9759ac0f38114dcc97374f,897084,207263.0,1478.0,0.007131,1,5,363
2025-05-17 09:37:04,1591003e18926ff9293e542c5374f12993cd134f7b247dca90826a95ffa93e96,897084,303968236.0,577.0,2e-06,1,1,191
2025-05-17 09:37:04,feb1b860daaa9af9f4c9a7044b96bf51635422aca9b97a4482c04cda85a6f630,897084,244620.0,751.0,0.00307,1,2,194
2025-05-17 09:37:04,a4588b048bb36741e0baa6a6707d30ac033942e5d01392af095d85996513b3fa,897084,154028.0,1056.0,0.006856,1,1,201
2025-05-17 09:37:04,7c0ea85ecb0c4752596e0e8160efc7fb587e86c3a8fd7cfe5251ef67537064f3,897084,676525.0,641.0,0.000947,1,1,204
2025-05-17 09:37:04,110c02829da126e840ede5c274f75e470d75f73a414c33ae9b4dabe47a9cf5ea,897084,1513824.0,641.0,0.000423,1,1,204
2025-05-17 09:37:04,1915da802dc58488acbec79de54e60c4781857f38afb92fa0b779b2f7fe688cb,897084,29163.0,641.0,0.02198,1,1,203
2025-05-17 09:37:04,e5ff504e2ba1e48d28368e0bf84ff62d0b78154a407ae66223a870bfbdafd4a7,897084,302802.0,804.0,0.002655,1,2,234
2025-05-17 09:37:04,eaddc15335d6bce3bede715ee5789e42749166564b642bb21eb95c7ba282a0b7,897084,18747.0,837.0,0.044647,1,1,192
2025-05-17 09:37:04,5a1351a07b6a45566820954718c054f5cfdbdfca90ae074752dabfa71309cb07,897084,27316.0,482.0,0.017645,1,2,223
2025-05-17 09:37:04,b5935f094486b83db13495d893b553b30f55c4b46e775580171ef140744f6f84,897084,60218.0,741.0,0.012305,1,2,222
2025-05-17 09:37:04,e65d85cc6f87f67881c7178456b56687082f4531222b3e30b9ecd54d3390302f,897084,238794.0,741.0,0.003103,1,2,222
2025-05-17 09:37:04,c5e1c16c44f00097813ccc5a6e980a7c5015cf23e658dee0ad81997ee9df71ab,897084,23208.0,841.0,0.036238,2,1,260
2025-05-17 09:37:04,5028137b20316668bfd38a853034afacd8507f3c16812a03bd6488bf13835729,897084,98556.0,555.0,0.005631,1,1,150
2025-05-17 09:37:04,63db7b9aebc5ffa016af1d66f07866e0c910f20c837f28847d5ca72db48764ed,897084,9600154.0,775.0,8.1e-05,1,2,205
2025-05-17 09:37:04,1971d06cd54bc12feee70f295e9c15b1637cbfbec4d4ad072dba76bda6c78555,897084,399476.0,1120.0,0.002804,1,2,224
2025-05-17 09:37:04,6f204ad0f517e737f87fa0db27e7ee570ae6e041e7b705e6d03596d2ba79de19,897084,773421.0,556.0,0.000719,1,2,222
2025-05-17 09:37:04,9dabd007e60d11b8df40126bfffb1cfc2c4fdf455e52e9759c246befd634fbeb,897084,784721.0,556.0,0.000709,1,2,223
2025-05-17 09:37:04,69d5d2d94872004fc35f98afe18de5178868a1b21fa6510a7404c0f8073657a6,897084,94874.0,1185.0,0.01249,1,2,225
2025-05-17 09:37:04,f7034011f5b25048e13edf6ad9228310c872be9618712b2b5f01652ef8d9925b,897084,16815.0,1185.0,0.070473,1,2,225
2025-05-17 09:37:04,6b956c8301e356f8c976d019f1611211ba596bab1e57457ab862a8676919926c,897084,24300744.0,743.0,3.1e-05,1,2,222
2025-05-17 09:37:04,5a0e92678dadecab97255769320aeb28f25fd33ce3f6da4a42ac3a2d773f9d0a,897084,33261.0,1750.0,0.052614,5,1,581
2025-05-17 09:37:04,7c463e36f5790a8ee54b94c090bb0fd6ee75a60e7fe79473543e441b26084785,897084,458500.0,787.0,0.001716,1,2,222
2025-05-17 09:37:04,41a6a1b46847f73e5ca04329f937053eee54782e6a9f09edeee4b3a948cadca8,897084,572895.0,705.0,0.001231,1,2,222
2025-05-17 09:37:04,e82b29e4bd52519358d7b611fe6efa7144ad9f81aa6cd373a9c59a0206df37ba,897084,684500.0,782.0,0.001142,1,2,222
2025-05-17 09:37:04,18af360a6df66bc115856268fda701950b43f2caeee6e040c5588a4e89065cc2,897084,756895.0,705.0,0.000931,1,2,222
2025-05-17 09:37:04,b45e837e850403bf346e7f320a94bb6e946b8b4a12f05a08d909f919d973701c,897084,14427.0,1015.0,0.070354,1,1,192
2025-05-17 09:37:04,9fe4460f6e6b99286e1c8d57b4077b9367dfce05f68525308c19e3e26f2f2883,897084,870017.0,2630.0,0.003023,4,6,728
2025-05-17 09:37:04,dd0b05d7839be764bfaa40829d1394253a0c7a8679bbde9b72281d86fe73135d,897084,37300.0,2630.0,0.070509,4,6,728
2025-05-17 09:37:04,f8df53416aa1ab67e9c5ae94fab81794d4024b50a6e4b624f463c068b791c5c7,897084,696157.0,1935.0,0.00278,2,5,500
2025-05-17 09:37:04,45377431a90ae20ceefcc64ff531cf94f26fa831b193be39454a7c823b0cf99b,897084,705411.0,600.0,0.000851,1,2,223
2025-05-17 09:37:04,be27ef24eb92bb8188d929445dbb5f31bbfd21e126e1f111d599c97a22dccbf1,897084,83035.0,1935.0,0.023303,2,5,499
2025-05-17 09:37:04,57eff560982a92c2985bc875188f3ebc3452391275a00f3441539dbe6818043e,897084,198894.0,600.0,0.003017,1,2,222
2025-05-17 09:37:04,330957dfb49325ddfa980961ae8cd08ae44da0ca9eb8fa3590bb63863d9dea25,897084,69286321.0,2400.0,3.5e-05,6,1,936
2025-05-17 09:37:04,f77c3cb65f54b66228278619f86f55dba652b9bf1c01bf2053ea5f7cc7ea6dbf,897084,676189.0,754.0,0.001115,1,2,223
2025-05-17 09:37:04,df3134ab520817e2dec19928cd48fa947b851b3c60d610ca103a9e455dbd3eff,897084,39679.0,2650.0,0.066786,4,6,699
2025-05-17 09:37:04,765d6a41b22c06c74e9b3040f3b980c86e1f9ec91c28da494b1b9c4fa7bc9af0,897084,682836.0,2650.0,0.003881,4,6,699
2025-05-17 09:37:04,fae5be8d9532b665fafd06abe7555ce3750b1819045ec4b43ee8e883a7798df0,897084,696575.0,2650.0,0.003804,4,6,699
2025-05-17 09:37:04,0d7e6c0d4deb4391de09ffcd0fc87862d8b84c8da0317717b4c2531ffc3c52df,897084,1598412.0,2650.0,0.001658,4,6,699
2025-05-17 09:37:04,e3f4f43ce6c970cc3eebac508242a269d7fc43ce768cf344915a06b5a0626bdc,897084,448714.0,2650.0,0.005906,4,6,699
2025-05-17 09:37:04,01a78dc445700fa8bfc8a9d86c05b880e2462de211e62af73e8c10f5d6893aba,897084,193047.0,2650.0,0.013727,4,6,699
2025-05-17 09:37:04,82684c367b1ce83066b8abf09686f1b276bb4f14a77ec0af9264c08881ee5bb3,897084,340769.0,2650.0,0.007777,4,6,699
2025-05-17 09:37:04,39f468cf8665aa408ef60bdc3811c2d7cf51fe1364467ec7cf910a0c9d460aad,897084,203632.0,2650.0,0.013014,4,6,699
2025-05-17 09:37:04,1876df97ec4d7d9fe0128c1d4ee983e982b2da50a850764da5ce0e757bb8e9a5,897084,65096.0,2650.0,0.040709,4,6,699
2025-05-17 09:37:04,cbee6b00e8c61b45c7542bd3b7f396c4c46b4c62fd6fea51bd1f6a103ac69d8d,897084,654435.0,2650.0,0.004049,4,6,699
2025-05-17 09:37:04,f767af4b087476096b217bf72367d4a22f21e37f9e420d6fa5a8707b8332238a,897084,140129.0,2650.0,0.018911,4,6,699
2025-05-17 09:37:04,e42ffef6786709de9793a9e50ff4181b6a0188cc49baa865dddc4681e304a54b,897084,258288.0,2650.0,0.01026,4,6,699
2025-05-17 09:37:04,28dc4df0c7e5d2f17021b8b24c223c610e1133782ee89c6780a99960ac7e6035,897084,958607.0,2650.0,0.002764,4,6,699
2025-05-17 09:37:04,f734e3e5d41b14b1cc590b2bbbc8ca6c982848b6779a739973b971d51aa62e24,897084,699096.0,2650.0,0.003791,4,6,699
2025-05-17 09:37:04,51d05a474e29292d99c3691871a09c3f3b6fc812b64422d5fd0de5c161124612,897084,250972.0,2650.0,0.010559,4,6,699
2025-05-17 09:37:04,3542a0966de10875cb715e7e48c3e9b1d24c0a9c92d0761edeb39df85d4bc4d3,897084,11540725.0,1275.0,0.00011,1,4,291
2025-05-17 09:37:04,9d4500fedb912dca1535af24e1d829c8ea674e5213d799ecc47e2b64f7543d3d,897084,35191.0,1185.0,0.033673,1,2,223
2025-05-17 09:37:04,3135e1e4fe2f2d460d9a5682cdb8891824c4e424846b103b66df7ff64afce8d0,897084,196442.0,725.0,0.003691,1,1,217
2025-05-17 09:37:04,c263fdd819f922efad31dfb7058a3e5abec06932ac49fafab405da4207ebc152,897084,996115.0,885.0,0.000888,1,2,248
2025-05-17 09:37:04,4bb8e203b499ec9354fb1df1a5f5e78f4b0fcb462a48a358fa820392b3607479,897084,120504.0,5823.0,0.048322,15,2,2301
2025-05-17 09:37:04,29714ad60dee2ea9a144e14a0f96bfe83f1a0268ce0cdfba1b4184dce1483201,897084,864270.0,1018.0,0.001178,1,1,337
2025-05-17 09:37:04,ae5e8f528c4adb08f48fffab6c8bed4cf5980d72aaa4d15d0e6233dfc0bd1ba1,897084,865288.0,770.0,0.00089,2,1,351
2025-05-17 09:37:04,1544bfad98d2a4cac0d86d4e11d17d304bad7c26ccfb4193bc3c8f35a2d066e0,897084,45074.0,1185.0,0.02629,1,2,222
2025-05-17 09:37:04,1cad48e9839050422211e89474d1f006130b39c2066ac594b72061e84073b578,897084,2666390.0,1073.0,0.000402,1,2,392
2025-05-17 09:37:04,e6bcf87763c2599e19754739ec441a5bafdae1e3c9b6eac99331aba62c8ac76b,897084,456600.0,753.0,0.001649,1,2,222
2025-05-17 09:37:04,b2c7150d21f15e66203063d339098b4e22c18de711f9e6684d4cf9b39774bc57,897084,242768.0,1232.0,0.005075,1,1,194
2025-05-17 09:37:04,e8921ef1901ecd52066b374d7431f2a0c4f3be91b82af01184ff20971b6ad44c,897084,125648722.0,1289.0,1e-05,1,9,439
2025-05-17 09:37:04,719cb6174310b35608854e5ddb66cdf0b1013d092429a5e8bf7440ba94772d29,897084,711258.0,821.0,0.001154,1,2,234
2025-05-17 09:37:04,66558ef54d7ee008f9a1e1d54cd63f0caed1e491dd642189c1084463c985a91e,897084,622068.0,1122.0,0.001804,2,2,372
2025-05-17 09:37:04,4acfb862ec4211de0e8c23dbf9c93d0169babb4f305ab500d75c936e4c5abcb6,897084,10800.0,1147.0,0.106204,2,1,339
2025-05-17 09:37:04,fd0338348fa2aa9115bd827c848ac1c030058ad156ebab92685d0aca6d93a369,897084,549418.0,1680.0,0.003058,3,2,521
2025-05-17 09:37:04,6a0c2f9570817d6dcd77d7f3d0f8f3a9a499e80946400f4ca49ca557925fceb1,897084,625762.0,720.0,0.001151,1,2,225
2025-05-17 09:37:04,1d7beecae904bccc0e8f4e575f4516683caac4283e2453367673bc49c9631758,897084,10829.0,1045.0,0.0965,2,2,370
2025-05-17 09:37:04,618440bdfa5b423180bb6433e727ace66f8be6263b0396dc46a83e3ca7584a54,897084,1004727.0,576.0,0.000573,1,2,225
2025-05-17 09:37:04,3cf062ed59c38d5ca4ce780fb237a867382d77874da25f700cee5736e1e5402f,897084,1004709.0,720.0,0.000717,1,2,225
2025-05-17 09:37:04,b40a6b90860aab32e5821c5375bed9e2a8a8e643c7eebfef161fbae919b4dfb8,897084,87015.0,951.0,0.010929,2,1,339
2025-05-17 09:37:04,d4667c1ae4ab57238a78cdc74b058d59eddaef9ec065e41d69a2d6ad1f66f1e9,897084,300905.0,2995.0,0.009953,5,6,806
2025-05-17 09:37:04,71469c8e21bad62b98e76184d3a3d6e6d2bc18991719f56a86cc5da753bdfb7c,897084,1330084.0,2995.0,0.002252,5,6,806
2025-05-17 09:37:04,7591df7df79c3581a04a012bc3c94e245f09e8f8f6bd841db26cd8aa9d6c2b61,897084,703608.0,2995.0,0.004257,5,6,806
2025-05-17 09:37:04,a203696df970fe4a5456f9fbb47bafca1a7b3bf862d604a4ad6f62c443714718,897084,22116.0,2995.0,0.135422,5,6,806
2025-05-17 09:37:04,05d2f8716b541717e1c45b28375742d446f1450c1f3c1d5ac79ad3c438a2334d,897084,962978.0,770.0,0.0008,1,2,194
2025-05-17 09:37:04,ae0536c13e3d3e28be575d850d86844e4b9c74b394d382302f707bc6c8b5466b,897084,358343.0,657.0,0.001833,1,1,203
2025-05-17 09:37:04,1dabba2cb7d2c19beca221373115f48d30e46ef89bb1eb16a974af3b3780917f,897084,1096050.0,959.0,0.000875,2,1,340
2025-05-17 09:37:04,8d47bc1f0118bfe47045199d7997fae0f06fa2cf202b8f0d13ce0df376f9e2b3,897084,4716817.0,1704.0,0.000361,4,2,515
2025-05-17 09:37:04,6b3968f42aa84f5a58d79f89c2b18ae444705855eee9c6e649ad6daa4de02fe4,897084,1049408.0,2956.0,0.002817,7,2,1112
2025-05-17 09:37:04,2a685bd19c9ed318f7a15008c3168021aff36dcdca0e649b85a5da8d698ec65c,897084,188230744.0,1015.0,5e-06,1,2,223
2025-05-17 09:37:04,27d08ff7d2c063529dfbcb7b5a9c913e95a35c61c45dbdc224b9fc4c54328b8a,897084,188292551.0,508.0,3e-06,1,2,223
2025-05-17 09:37:04,18d3a3cf824f0147941ac7a27a0a1ebaffde7201f69b9b8d6dc52a5ff43f993e,897084,37367944.0,2956.0,7.9e-05,7,2,1111
2025-05-17 09:37:04,6dfe629f8a23fcd9fcd25df61e0d2552e9acc47114ef7fadaa4e53f0ca59a2cf,897084,2330000.0,6448.0,0.002767,20,1,2184
2025-05-17 09:37:04,7e4ce6258574a39ae618e2854941d34f493ae0114a839da9c4f9d7505d486acc,897084,280831.0,725.0,0.002582,1,1,215
2025-05-17 09:37:04,0b21a8f7d3db81d5f58c2ebc5e031db6e09b8cabcfb50c485979384f3c29eed0,897084,15201.0,1348.0,0.088678,1,4,330
2025-05-17 09:37:04,2f5f5c56e2e4e0ba2e5a209ede6504ee7ec907cdfe7502aff943dd725f18620e,897084,1562053.0,1348.0,0.000863,1,4,331
2025-05-17 09:37:04,9759a82b9bc5193fb197cb0461c277f38c471bc73fb30bfc1066f5be02b0733c,897084,323733.0,1581.0,0.004884,2,2,375
2025-05-17 10:07:32,8897f3ab0fde43b6c1e2ae6d726211bbd3443c50573667b33b377111178b62ff,897085,177320.0,444.0,0.002504,1,1,192
2025-05-17 10:07:32,fc5c802f247b52175f601a29a318d414ab8644640fb978a1a093d3bfdb2f50ff,897085,539770.0,892.0,0.001653,1,2,223
2025-05-17 10:07:32,af2a1ef1abed71c3dc906bb80368edc5d4bf708f571cb9e9612f5e4f455a6cfe,897085,18779.0,452.0,0.024069,1,1,194
2025-05-17 10:07:32,c548565c7e35e174cffea17c6ef43546dd48c31f418c2ff37065304ab32215fe,897085,12093078.0,452.0,3.7e-05,1,1,194
2025-05-17 10:07:32,4f60d2e2bd20d540ddea37c8ba01c500f995015dd54eba32035c0694c813f7fc,897085,8407183.0,664.0,7.9e-05,1,2,247
2025-05-17 10:07:32,2fba610bf2f63ae75a44bdc8c4cb2bec4327dd095d819f693ee6738587230bfb,897085,13242.0,576.0,0.043498,1,2,225
2025-05-17 10:07:32,2ee8388b7024a2bc02a4891ef3b61dbc26e20574e706f4da6b1ad17bf5472bfa,897085,115397.0,564.0,0.004887,1,2,222
2025-05-17 10:07:32,e7f72fa19d23e4dbc0a635c05ff33022975a196f9210858260d5148293c70af9,897085,54434.0,564.0,0.010361,1,2,223
2025-05-17 10:07:32,ce54489abb54924bd3151afc425b6b3262d63416f3c4aefa455093f49f55e6f8,897085,102630.0,564.0,0.005495,1,2,223
2025-05-17 10:07:32,10ae07ee05a125d0fbfd33239d8bc5ef1923fb742b5ab9ed5653526f627f1cf8,897085,401098.0,3012.0,0.007509,10,2,1557
2025-05-17 10:07:32,b4013fc5031aa046e07b5872b0d099577bd45a240ccab66e39726cf09305d9f7,897085,883605.0,564.0,0.000638,1,2,222
2025-05-17 10:07:32,98bdbf0879a60cfc29cf17580964bd49283025ce1b7b19e3c0f0ab4dd2646cf6,897085,2799511.0,576.0,0.000206,1,2,226
2025-05-17 10:07:32,46cdcba01b6065e2e99008d88e11675733b4fd41a8326daf09c036671bb0acf5,897085,6609.0,452.0,0.068392,1,1,195
2025-05-17 10:07:32,6546eef3a2b5f8995cf4981e15c831c64f81f4aaf21abc5cbcc7828ec99ec6f4,897085,1976925.0,576.0,0.000291,1,2,225
2025-05-17 10:07:32,f7813896ba358de5b84fc0c8461afb89744a33401a54900c6cebe2718bb187f2,897085,242122.0,892.0,0.003684,1,2,223
2025-05-17 10:07:32,ae3815b1304c88fc47fad8663e901dc69db4a3c022af56c21f98777b38a24ef1,897085,2418019.0,848.0,0.000351,2,2,374
2025-05-17 10:07:32,0d7d628c891182bcc0415d9fb6254e0cc1fe0530189154e2dba45a3bef026cf0,897085,1285360.0,440.0,0.000342,1,1,191
2025-05-17 10:07:32,bd7113a132410f1bd40cc05e15b9c4c095b711053f47d97c379665dbe3652aef,897085,2202178.0,568.0,0.000258,1,2,223
2025-05-17 10:07:32,da9b7a859c65669926f8dc2f090168e80819ff4522b676504b2aa28e3287ccee,897085,95944.0,576.0,0.006004,1,2,225
2025-05-17 10:07:32,8bfe738852fbfacba913554da3190163739e913cb34245c91c820745fbb798ed,897085,942872.0,828.0,0.000878,1,4,288
2025-05-17 10:07:32,321ccfd872d4070dd5b8ac810191e46564b7238bebda38afef3e25b0f31a4eed,897085,488543.0,572.0,0.001171,1,2,194
2025-05-17 10:07:32,69f144bbeb851aab3be68be6f60ffa500889fcd814f0a4ae9d61a75dfd68f2ea,897085,47505541.0,612.0,1.3e-05,1,2,234
2025-05-17 10:07:32,2618db057af804be2e7e95987cf182993f4e3261a6c596d65310824f0a34e1ea,897085,113498.0,576.0,0.005075,1,2,226
2025-05-17 10:07:32,908562141aea77f3401580a9438208d585a09afe58d5b4d996d716fa25bec6e9,897085,23899.0,568.0,0.023767,1,2,223
2025-05-17 10:07:32,46a2f75582cefb8c18f7eda22ad4a4cff746fb19ff775864e8c8d5d179202fe9,897085,49432.0,568.0,0.011491,1,2,224
2025-05-17 10:07:32,84d6092a2ec27a33b42faaf1a50e8ca64cd238ea64a50e344a0a85503baf2ee9,897085,7808935.0,564.0,7.2e-05,1,2,223
2025-05-17 10:07:32,59e4fec032622483c6d8658d39561f8285b9a4b270401d0802479923ae6702e9,897085,242665.0,564.0,0.002324,1,2,222
2025-05-17 10:07:32,ef86ffb5c578def7259b663d904fe97e599977068d2813266a2906de5299f6e8,897085,10571.0,564.0,0.053354,1,2,223
2025-05-17 10:07:32,009193ae112f43043857123fc41092918add99ddf052ec187f4bf9ab8a99ace8,897085,18221.0,612.0,0.033588,1,2,234
2025-05-17 10:07:32,eae5caba6c12e19d582ec09ed440f171d6aef440644f77e911e26aa6a11980e8,897085,30699.0,564.0,0.018372,1,2,222
2025-05-17 10:07:32,0073d272d5e591502e1fca5e653a855dacf24b33b90c254c71568dd15ac036e8,897085,192496206.0,612.0,3e-06,1,2,234
2025-05-17 10:07:32,f307065137931f7ccd00e530f719b0eab93e346aa5dbf0f123819689d9060de8,897085,371743583.0,564.0,2e-06,1,2,222
2025-05-17 10:07:32,c14eac8f272556aa5cae75087c5f07f3abd6d3537edcfbd4b60e5e80c7559ee6,897085,133028.0,904.0,0.006796,1,2,226
2025-05-17 10:07:32,6f2a2d5dac00a0c72ae91826a4e163073e7741e92fcca4eb96d6ab8be2291ee6,897085,4028348.0,852.0,0.000212,1,3,264
2025-05-17 10:07:32,e475c3ca9f61afc208f832f74d93a4798242851f13494afc6333af571da0e3e5,897085,1259888.0,708.0,0.000562,2,1,339
2025-05-17 10:07:32,4bb87921f854ffa73b7b99d576243d268cd4d620221f5cf9241e1566fdc898e5,897085,1759814.0,568.0,0.000323,1,2,224
2025-05-17 10:07:32,1a20bc478067539d7e4072c9a5d60b8a8f76a13d4da589c47b62e6e5ef66e5e3,897085,58054.0,832.0,0.014331,2,2,370
2025-05-17 10:07:32,efe506503206ddac8974266fb15992ff6b837205160d5bd9e572fd11d4cd8ee3,897085,12443.0,564.0,0.045327,1,2,223
2025-05-17 10:07:32,feae42c217af0e2cbe41cf526d307fc0d9638cd430a58f2da77218e4fb667ae2,897085,3534744.0,564.0,0.00016,1,2,223
2025-05-17 10:07:32,8a5923d45d8ba08f601151f9e326742161d079b87d8e6b683c503605e9d727e2,897085,49828094.0,564.0,1.1e-05,1,2,223
2025-05-17 10:07:32,3dd62977799fa6f2e4499df7ea52ea2f1d39216b6093f7a2ef24adc75e5309e0,897085,3599765.0,564.0,0.000157,1,2,222
2025-05-17 10:07:32,15797dfbc4ce334031b2e94034c27837a11b391de60e1b28ae44545472d5f4df,897085,249561.0,848.0,0.003398,2,2,375
2025-05-17 10:07:32,26d9099fe3a533222089707e8b8332d6da2c61791f9b07234d4934df66c6bedf,897085,2309.0,452.0,0.195756,1,1,194
2025-05-17 10:07:32,40b3822818ef4cf97f0005c15d632049b500767630211826d53cc1163bec1adf,897085,183535.0,576.0,0.003138,1,2,225
2025-05-17 10:07:32,0e66c38e2f6923cbd9b705a6ddfe5c4a1d53ac550ec8fcdcaea0065b453396dd,897085,516034.0,564.0,0.001093,1,2,223
2025-05-17 10:07:32,93e1ed8999f0afb1412a3703f8984304910d59319d8c1c58d3f92851e8949adb,897085,1730910.0,440.0,0.000254,1,1,192
2025-05-17 10:07:32,ecbba0778261e1ca09c13b880b700e9fb4145f518e6c8eeaee6c019705e3b5da,897085,9523797.0,568.0,6e-05,1,2,223
2025-05-17 10:07:32,29d0adbdb128f20c8d738e95205fc9a33e191211d0e80e0e8534f0a2fe7724da,897085,1566593.0,564.0,0.00036,1,2,223
2025-05-17 10:07:32,b50cbe03ec6ff7d6bacbbbedf633606d956f1b23235b9080a8c3a4094bc762d9,897085,209914.0,868.0,0.004135,3,1,367
2025-05-17 10:07:32,6b834ea7962fbd48ba6fcfb3927403c280c9bcd2de5e484e46226b3f6815e1d8,897085,5218052.0,1392.0,0.000267,4,2,672
2025-05-17 10:07:32,d3306b661094a2daa9ac38085824f908664527cd4eeaa537c235423e030488d8,897085,3528289.0,936.0,0.000265,1,5,315
2025-05-17 10:07:32,0d1bec9d0c7e2b8c539eac490789911f69dace48feda60cf78f22cf4c3646fd8,897085,4275698.0,688.0,0.000161,1,3,253
2025-05-17 10:07:32,9747737a619a6a5bb079d12a3597b123ce680ab5857accfea3984537bb7a29d8,897085,20249164.0,836.0,4.1e-05,2,2,371
2025-05-17 10:07:32,80d6a27a23b2fcb3f9d53d8f45b00bd663605e438b27585b55b85ad7677798d7,897085,85323021.0,440.0,5e-06,1,1,192
2025-05-17 10:07:32,b0e05a9c70cd92efa2f4d0d545bea00f973492cc36fa07f671410decff3667d7,897085,96560.0,440.0,0.004557,1,1,192
2025-05-17 10:07:32,31d590f194e1afb3bcb57523f5674181d0db2220054eb92471d2ed595a5a17d7,897085,21754.0,452.0,0.020778,1,1,194
2025-05-17 10:07:32,e1ed5b6ca2a9b4d84a1b8f7a25aa134ead65ad8711d152a627f715b9723cf7d6,897085,218398.0,532.0,0.002436,1,1,215
2025-05-17 10:07:32,3574bc766ea04a4ef75fd761374d0069b1e7fb8211e5adc6b05d685d9618bad6,897085,470193.0,564.0,0.0012,1,2,223
2025-05-17 10:07:32,1f3d84775d686bfe194b256485f612ba1088afcf53bb3b6158eacdc5996940d4,897085,15985069.0,812.0,5.1e-05,1,4,284
2025-05-17 10:07:32,39ef625e5a47f611e74beb71bea24239e1d8173f69641ca9360f4a4bf8353fd4,897085,45854.0,904.0,0.019715,1,2,226
2025-05-17 10:07:32,591525365692fc4c3e2c1a0e8356345cd7efaa9ab663d1d978d8a639a746abd3,897085,849211.0,568.0,0.000669,1,2,223
2025-05-17 10:07:32,f57c6fed0402d6372b2420c58afc76b472b1caddd9606097d2c1afba26b632d3,897085,1385166.0,780.0,0.000563,1,3,276
2025-05-17 10:07:32,ec6d99b43644987c63c87829367f31b0f4fd7496d40deefde5faed2735b10ed3,897085,21145.0,568.0,0.026862,1,2,224
2025-05-17 10:07:32,70ae7677ff59ffb97024ae7ae8628d5903d7d0f04116db3601a5306a5863eed2,897085,710.0,444.0,0.625352,1,1,193
2025-05-17 10:07:32,24370110f7957820f0074ca63b60b4134bf437432806165540a91998c30c35d1,897085,151459436.0,564.0,4e-06,1,2,222
2025-05-17 10:07:32,a9c10415b4f8d7351ef4d267f3d8f17a5629fc50a7f9e3b68e74a934457d6bd0,897085,10555315.0,984.0,9.3e-05,3,1,489
2025-05-17 10:07:32,6352cad155e1373e236b93f1a590e5013b6eff20d88a3aa42aae73c5146737d0,897085,190636.0,564.0,0.002959,1,2,223
2025-05-17 10:07:32,1a5a802a887c78004dbd42b683f476a7560709291ee3df6efd85b3447830b1ce,897085,32787.0,544.0,0.016592,1,1,218
2025-05-17 10:07:32,74359472b93cebf6a50b8b4ae88862b5440675ed97c1d0f1f867c047bb3b5ccc,897085,98348.0,3164.0,0.032171,11,1,1679
2025-05-17 10:07:32,15c12fe9d83bb0cfdb078621a25786f6ee2b9939d6ec203304114ff45b944ccc,897085,202744.0,1560.0,0.007694,2,2,390
2025-05-17 10:07:32,3788f7a4c36b4fb5f616f4efed22e73183d744ce4b451dd2bb5a979518c6ecc8,897085,423232.0,768.0,0.001815,1,1,192
2025-05-17 10:07:32,f0cf325ab3ae94c046ec9597e200e1de9015203e591c71f2515b0901e47c8cc6,897085,4611680.0,896.0,0.000194,1,2,224
2025-05-17 10:07:32,3560507cd77479cc63e7ffac17cfae848b11d1685636d281626c92aa8c886ac5,897085,161976.0,892.0,0.005507,1,2,223
2025-05-17 10:07:32,e03152dc630a90b8cf1d79ff5313b447a749d6c7034f7564662a91b6723ec9c3,897085,11790.0,408.0,0.034606,1,1,153
2025-05-17 10:07:32,394c69202e773cf765a2f64b56d93ecbec9d67511462543ca5d8624701dac1c3,897085,30853.0,576.0,0.018669,1,2,225
2025-05-17 10:07:32,5964deacb59d6639106b687d768757ae4b2d5ae53e1783f8793a5f291eea33c3,897085,1206057.0,440.0,0.000365,1,1,191
2025-05-17 10:07:32,e365410c7fb76142ef693140669d2b15c158c74091f27c5ffb2d885a53596fc1,897085,914913.0,656.0,0.000717,1,2,245
2025-05-17 10:07:32,eafb5b854ba94dc0194bc26ec369a26d8d2c8b3982460f5980db645794c7b4c0,897085,473924.0,564.0,0.00119,1,2,222
2025-05-17 10:07:32,0d97c0d77dd9a704bfcf123e09656681cfc0366656dc1022c680b490380a04c0,897085,29195.0,564.0,0.019318,1,2,222
2025-05-17 10:07:32,4c702e93890a10e18bb3652a9a2215e49fc2560a63590838e1c834d1668d83bf,897085,160264.0,568.0,0.003544,1,2,224
2025-05-17 10:07:32,c7e2a648680b77d6f833da1819d1375d3dfb5acca6c1d6191dbee876741006be,897085,6556.0,444.0,0.067724,1,1,162
2025-05-17 10:07:32,495b54aeead0f2bea0171dc200b674db5180d554927bc8d64e79a3f834c56abd,897085,539218.0,564.0,0.001046,1,2,223
2025-05-17 10:07:32,3455361594b7c01ee07b7c3b70b2dfd1c3b53663ddfa42ef92b362790f5d47bd,897085,8386.0,948.0,0.113046,2,3,337
2025-05-17 10:07:32,6489cf38de4904017c70c572223df435fb57a1cdc378d8f24c9d4c19ace0edbb,897085,137719.0,580.0,0.004211,1,2,196
2025-05-17 10:07:32,0cdae2b5d2905e314aa3e9a6e89fd9c69f108d5883b9cb117ccb4d7b9536c9bb,897085,69919.0,848.0,0.012128,2,2,312
2025-05-17 10:07:32,f41769880e744bc92709f8963d62e8655724d69a1aabd6f13e6dcb16ee75fbb9,897085,3126728.0,564.0,0.00018,1,2,222
2025-05-17 10:07:32,e093c240bcd0e9cb20efbc6bda7d4c9dfa4d88bbed603a6c732ce561fce5dbb9,897085,407193.0,680.0,0.00167,1,2,251
2025-05-17 10:07:32,f69e04270c779a0c032e28ab948854f4803fc20584c731a57ba9b85c285673b9,897085,1213370.0,440.0,0.000363,1,1,192
2025-05-17 10:07:32,53dd9aa610dd5ebacfd99b7441b90dd4ce7be6dead7a67ee857ddc4a970c65b9,897085,1894955.0,836.0,0.000441,2,2,371
2025-05-17 10:07:32,e8a2de067733a5f127342a5ed26bf248db4138c0ec58b49c0f17ae6ed47c4db8,897085,740493.0,564.0,0.000762,1,2,222
2025-05-17 10:07:32,86eba4d89728173f44acafe61f02c2144b62f1d72a8854d284f1e9c6db5fceb7,897085,8219.0,452.0,0.054995,1,1,195
2025-05-17 10:07:32,fc2528c508d378360ed449f7556d9ebff6791ee8773b177a076c365746202eb7,897085,1976117.0,568.0,0.000287,1,2,223
2025-05-17 10:07:32,564ecfbec10682829a36cc96976a3f226ce92e69785dbfa153c77fe989d9adb6,897085,266698263.0,564.0,2e-06,1,2,222
2025-05-17 10:07:32,c0e227f83b4e45d58bfc7b343f69f956a4ba50a9462c53f3bcb075d4029e77b6,897085,249771.0,848.0,0.003395,2,2,374
2025-05-17 10:07:32,59c758d33e7031af5fc508a635bdbd4a24b0a79ab9c488263e8efc6621bfb2b5,897085,13461.0,440.0,0.032687,1,1,191
2025-05-17 10:07:32,1589cc02f26f857b129a326c25db85b21f22daccbee7f7c830e5dbcac0803ab4,897085,8450115.0,616.0,7.3e-05,1,2,205
2025-05-17 10:07:32,8bf6a671a1dd4aedbf1621d47b69b8fc6af06810f2b3027579154b30383d26b4,897085,100063.0,452.0,0.004517,1,1,194
2025-05-17 10:07:32,92c0e520c74ff2cdcbf330562394af392534adfe8511ffd0166cd8665bf5f0af,897085,7008264.0,452.0,6.4e-05,1,1,195
2025-05-17 10:07:32,ce4c0ce549597c6f339de036cf44898bd016501ee1c99fd0cf83417b9b83d7af,897085,330.0,608.0,1.842424,1,1,326
2025-05-17 10:07:32,6b1ccd54b350574be71dd819c05740f01beacbcebf9b17fb1c9d5aed373c7ecc,897085,417821.0,616.0,0.001474,1,2,205
2025-05-11 17:27:36,a9691c083024589ce8b80a2dac69f2aeb14cb86646a8b8f347abeaf4025646ba,896286,43075.0,154.0,0.003575,1,2,205
2025-05-11 17:27:36,ceed4ee51782703ed7f2d02b476d4b6820a5e3cd111aa862685cae9881622d58,896286,330.0,151.0,0.457576,1,1,319
2025-05-11 17:27:36,787497078c7c422d1277f9a7a6d9e818df4843ae3ce545ba0a06981ced0fe457,896286,9763.0,217.0,0.022227,1,3,298
2025-05-11 17:27:36,ae51fa8dea2bf1431fedc21c54533e0aa0c3b25a7c9fb5d2520f6cebc966d557,896286,351.0,129.0,0.367521,1,1,269
2025-05-11 17:27:36,84f39161c3c71af56a10e1de3d693164c2a4e1d2e0ed355750309b550585b157,896286,330.0,153.0,0.463636,1,1,330
2025-05-11 17:27:36,f662c493be3b4f0c01551569809b6a8165a48cbe854a98c2fcc1651c1933ae57,896286,92858.0,142.0,0.001529,1,2,193
2025-05-11 17:27:36,23e46907c9e298d3df89ec7a8650bf4a6119a16bb1ee1fc0cab64f0891e2a957,896286,330.0,151.0,0.457576,1,1,319
2025-05-11 17:27:36,14d412880fa950e3431d70b4f4a9e87eb19c9314894900e1aca1d5bd5ca57657,896286,351.0,129.0,0.367521,1,1,270
2025-05-11 17:27:36,10b0eea52b762073bfd8f73a72553a41c1f1961dd12cf0bb964900421c975f57,896286,546.0,154.0,0.282051,1,1,331
2025-05-11 17:27:36,d20c12011c888e91896333242c668d2bc1185c7e0a0671493aa3f90112354c57,896286,1646.0,154.0,0.09356,1,2,205
2025-05-11 17:27:36,f5cc4dd3cd360f5af4c64343ba487254cb4af67a2acef7d8f53ac6a6ec6e4257,896286,330.0,152.0,0.460606,1,1,323
2025-05-11 17:27:36,ce1ffc0e78bbc496c3b547f6203fb4dcee13b16aa939a5c6d70e9d5e970e3957,896286,330.0,151.0,0.457576,1,1,319
2025-05-11 17:27:36,22f1b33579a5c1c3aed421ea068b62fff6c05d8a284903feaa60fc345cdd0e57,896286,351.0,129.0,0.367521,1,1,269
2025-05-11 17:27:36,8095d2a25b47ed920800643270fd65a21a7bd77de63a502a5b8f2bf36fde0b57,896286,442141.0,102.0,0.000231,1,1,153
2025-05-11 17:27:36,3d9f0452107581933b203cb7ec9c05a593b3f5e16f24737f7dcc5d7239d1ee56,896286,11855.0,164.0,0.013834,1,2,245
2025-05-11 17:27:36,fd28f6091dd63f95d73efcec646b8c159509431578cd3e22f9524e509c09e756,896286,39698.0,222.0,0.005592,1,3,303
2025-05-11 17:27:36,d592f41a3ff324294d3d116a0ea47c8592c8ac13c17bdca185599f3d69dfa456,896286,330.0,151.0,0.457576,1,1,319
2025-05-11 17:27:36,0379c043d753029be7527f66731aebb27dc6bfc900f77980056c24a034f49556,896286,421909.0,154.0,0.000365,1,2,205
2025-05-11 17:27:36,3dd62673b3b067b1ccc6531186b8dc30724bae0bf576ffdad8588202c1089356,896286,330.0,154.0,0.466667,1,1,334
2025-05-11 17:27:36,30a819c42c426c0b220063c60ae108b0da89047af0fecd4a09d260979773e6bc,896286,23986.0,197.0,0.008213,1,3,248
2025-05-11 17:27:36,fed548b63c9ffd74245aa0c5eb1b2a6cb6b66340dba94e7b9295105fb0cf7b56,896286,3678.0,212.0,0.05764,2,2,312
2025-05-11 17:27:36,59b07a7f84bb4738d8e8e2919646061a8750fa6a4e6f50b31073c28225dc7056,896286,330.0,139.0,0.421212,1,1,307
2025-05-11 17:27:36,5375d7909f157b30613c52744edc3d1848d42e07920616bb84ad974276b76f56,896286,9763.0,217.0,0.022227,1,3,298
2025-05-11 17:27:36,1a1a6b294653ab49e2142a8ade7f46f5103858561f6f2843dad5c9550a3d6a56,896286,1146636.0,603.0,0.000526,4,2,1276
2025-05-11 17:27:36,5d74a20129c635f840178018da1a20aff83fa04c37f8907eec5cdee2930d6056,896286,25845.0,217.0,0.008396,1,3,298
2025-05-11 17:27:36,0254c28e7a22a801f63ee9740495ec2d7abdb670d263bc525bccc3a8c8da5456,896286,116558.0,154.0,0.001321,1,2,205
2025-05-11 17:27:36,6a3e61a0a48009d1e3a56f9febdb5119229f5bce33a19dc36f9bd712733c5256,896286,61670.0,142.0,0.002303,1,2,193
2025-05-11 17:27:36,4faccc06acef93f28b7328d19889483444a4e22195cf178204da9e7976cd4356,896286,3829359.0,141.0,3.7e-05,1,2,222
2025-05-11 17:27:36,5ba06e9a3038fbcb837ab35e3943b82fc15b617ebac7cceabbe08cbbc7a83a56,896286,18644.0,275.0,0.01475,2,4,375
2025-05-11 17:27:36,1b8d676ee33d1d4612772d325fd12779cb6a62e2286d5a3c4529faa8dbd11856,896286,3118.0,212.0,0.067992,2,2,312
2025-05-11 17:27:36,656f17e6b11ab30f24100ca19e6a01401f7d9323de74d9846ff32c2824ef0e56,896286,351.0,129.0,0.367521,1,1,268
2025-05-11 17:27:36,23d489e0f13fdf6fd8dc8360e48133f3bd032c50c4125982492a2c46321dfa55,896286,629890.0,110.0,0.000175,1,1,191
2025-05-11 17:27:36,c5175931b3ad8c6189b866d8d3b0ea4a41f0de04f129597d041e6a1cc905d255,896286,330.0,152.0,0.460606,1,1,323
2025-05-11 17:27:36,abe8f70089c06b7617a9c2c2f9596dea601f3061d90fd7c15034b7b9409fc155,896286,49899859.0,141.0,3e-06,1,2,222
2025-05-11 17:27:36,afbebc4cd47210c82b35e610b8dcb79f6b9cdd5f30e68cc3cb2c58587a169e55,896286,23998555.0,172.0,7e-06,1,3,254
2025-05-11 17:27:36,9c5bbd591a04f88b175f988a0ada5345b95f5ca630e0ba1b246fef0056338c55,896286,147142.0,142.0,0.000965,1,2,193
2025-05-11 17:27:36,e099cddb3ab554e6d45a2838459c3c5df07852ca200503636ec2fdb524f78755,896286,351.0,129.0,0.367521,1,1,268
2025-05-11 17:27:36,a8b27b551d85bbab25bcd9906587c9777af25cc7041257e70a3e4ac009005055,896286,355582.0,445.0,0.001251,7,1,793
2025-05-11 17:27:36,93e1edb641aa9bae3f9f782855b9af6a66f16532b844086619091b90f61c4055,896286,1537.0,102.0,0.066363,1,1,153
2025-05-11 17:27:36,0872c22ef3212886158ffbdd3a5e25d020a0532f2f44bb02912846b322561855,896286,330.0,152.0,0.460606,1,1,323
2025-05-11 17:27:36,733693ad4f6011adbaf7b2a83bad3479ada694de8a3fc48eeb8c20f9266f0555,896286,51841.0,154.0,0.002971,1,2,205
2025-05-11 17:27:36,0f5ef732307f3dc9963b7ce1a454f5a7307f26e41b2738db1b1ecb6830b1f954,896286,153150.0,110.0,0.000718,1,1,191
2025-05-11 17:27:36,b30748f16e30762aa93b84e2103bb6730e4961461a1f272557edffaa8d37f554,896286,330.0,151.0,0.457576,1,1,319
2025-05-11 17:27:36,df201cafbdaae43a7aca8223e932bdb111f9e07292d2ff7c0357061c9a4aea54,896286,111228.0,211.0,0.001897,2,2,373
2025-05-11 17:27:36,8c065cde63b25b14a28bee6a34aea1f05feaa02f77a141efe96c6f5fdaf3aa54,896286,330.0,152.0,0.460606,1,1,323
2025-05-11 17:27:36,5a5e99ba1abaa64aa47e1e1d4dc116fca58bf75ce469669509594d844012a654,896286,330.0,151.0,0.457576,1,1,319
2025-05-11 17:27:36,7e0a92ce46c1519ff06ede6878edc0dea189cf43174c182cf179d106004f6554,896286,546.0,154.0,0.282051,1,1,331
2025-05-11 17:27:36,4cb4f98a7a4b572a422b14b0fee0199bb8244f4f008814bd410f87d01fb22554,896286,330.0,152.0,0.460606,1,1,323
2025-05-11 17:27:36,80ff64b62d34cc338d60072d3a713ff8b02d6c5e0d7c8aff3a73c09ad00e1554,896286,899999541.0,1659.0,2e-06,11,1,1659
2025-05-11 17:27:36,8a4d6bf0496ffb3aaea8d669166de873b1510d2bae8668947249d2926c311354,896286,351.0,129.0,0.367521,1,1,267
2025-05-11 17:27:36,459066be2ac6528efd8719416e756e480ce68d50accfc6a311618ecff42be253,896286,330.0,152.0,0.460606,1,1,323
2025-05-11 17:27:36,84282dfc7ce9c0f119ef1ff32721d5ca54e4b99d305f0f56525cb7f359e7d153,896286,330.0,152.0,0.460606,1,1,323
2025-05-11 17:27:36,214eacb045a3bf679ab521b959150225e82e1080036aa4dccd26570e4f91b553,896286,853548.0,160.0,0.000187,2,1,260
2025-05-11 17:27:36,0566a7fa40a3efaeba355fef25ae2b38fa3c795423aaedd5604679cd970fae53,896286,351.0,129.0,0.367521,1,1,267
2025-05-11 17:27:36,5575448bc5c16bb681b0643832ce67e606f673f15098c790eb17eb95c8a3aa53,896286,199812.0,188.0,0.000941,1,1,188
2025-05-11 17:27:36,45a98325a48c77681496d17dcc69848a2e65961cf1c0730d418bd0157707a153,896286,16130.0,102.0,0.006324,1,1,153
2025-05-11 17:27:36,7be928347c3cfc7efb39cb848e1f06d80d2ef7c3ec1f88b7b30b421a5a0b4253,896286,770031.0,165.0,0.000214,1,2,247
2025-05-11 17:27:36,5a3b77e40155054b9bcd48f046fa2d4896e0ea03c6bc35debda8e32086253c53,896286,412218.0,158.0,0.000383,2,1,258
2025-05-11 17:27:36,e9ab6bc32db4dd079000bf9fea56127f0024709800c49fc1680fbfa5ce2f3253,896286,39703.0,217.0,0.005466,1,3,298
2025-05-11 17:27:36,36fd6f00051f4a54690474738df0c3c7ad9681831e862fd3384adda97cfd0753,896286,330.0,152.0,0.460606,1,1,323
2025-05-11 17:27:36,f5b792726848e71adb3ddcdbb1593d22327e56de48ff26398a6ba40d81d597a5,896286,358762.0,154.0,0.000429,1,2,205
2025-05-11 17:27:36,30e20a861bbe4dea2b9f13d059615a2aef0f19145fd1b934a9d9087e842efa52,896286,330.0,151.0,0.457576,1,1,320
2025-05-11 17:27:36,302ef1bf558f84a12a7ce3dec9f8c20f30b89292b40ef818408990188965be52,896286,124833.0,209.0,0.001674,2,2,372
2025-05-11 17:27:36,2fd1bed90c2b36a0605be377b8b4ddf2c4c8a34d7a637ba08860ff3a7fdaa152,896286,351.0,129.0,0.367521,1,1,268
2025-05-11 17:27:36,f21ec149045ec77f4cd7aba72f7906043baff19c2aa69bc358e070ebe15ea052,896286,351.0,129.0,0.367521,1,1,267
2025-05-11 17:27:36,a9860685672311e34adddcc19ade5fb396fa48454afa787804deb2b60daf9f52,896286,5999843.0,157.0,2.6e-05,1,1,274
2025-05-11 17:27:36,8f165413bebb0881726422c2714af3975eb7121a2df6878a7d10444641bc9d52,896286,330.0,151.0,0.457576,1,1,319
2025-05-11 17:27:36,3f37b481950ef704679e616ccbf3827d782f8967ef357807e00872888e6b6352,896286,330.0,152.0,0.460606,1,1,323
2025-05-11 17:27:36,9bc3a31cc4b0dba462ce41483e3ef60cc2fb03ea505707bca57526e6b4fa3d52,896286,468586.0,1717.0,0.003664,15,11,2921
2025-05-11 17:27:36,0ce6b97e8d6e2b0b31434b0a202a7db0c10148d72d5adbd860be24512ff72652,896286,68985.0,100.0,0.00145,1,1,151
2025-05-11 17:27:36,6cce59694523352db5cd49b9969234cf040575d06d62c63d7202624797110c52,896286,15333.0,212.0,0.013826,2,2,312
2025-05-11 17:27:36,ba51908ebbda686594de2a0c8134ce6e49d1cfee200a1097e04ec56b6845dc51,896286,330.0,151.0,0.457576,1,1,319
2025-05-11 17:27:36,2e974c17b5fd8796a424d6becd19bbcba84f4591cbae343340644f924a10ce51,896286,546.0,154.0,0.282051,1,1,333
2025-05-11 17:27:36,c00adc0e8f1e3f101aca1362b1465c8cefefb202315002fdbbb46e69ffddb671,896286,316760.0,154.0,0.000486,1,2,205
2025-05-11 17:27:36,303a5a7c17f537f429be9312854e003d76832e4d39d892e7e8d5e09f8db1c151,896286,68043.0,217.0,0.003189,1,3,298
2025-05-11 17:27:36,7f72a47e2882ad189dbb9a74f7bc8372384845824499dfdb24b53318b8428051,896286,330.0,152.0,0.460606,1,1,323
2025-05-11 17:27:36,8a10e1ec0b4f45f179e0c72c3568af4df8895ff4f8a38af87c880b70895b7e51,896286,330.0,154.0,0.466667,1,1,331
2025-05-11 17:27:36,46ba13e152077b427e7fd0bc5c3603cfc49283c11049c6eb939e58ccb5cd6c51,896286,3901.0,255.0,0.065368,2,3,387
2025-05-11 17:27:36,082982d3f0d98ce770bb307e118c6b2e1db5a9766750c76e3f6c10ea2f274851,896286,68483.0,154.0,0.002249,1,2,205
2025-05-11 17:27:36,7cbc2edb3081fc746e668dff53cae3b18f8985a47b5eb646917d4ca2db734751,896286,330.0,151.0,0.457576,1,1,319
2025-05-11 17:27:36,791bc5266e972b3fa7c3e95876e81ce835ca40101933400b44368a8fe1350151,896286,330.0,152.0,0.460606,1,1,323
2025-05-11 17:27:36,aa2ccb59ded456100b5ce93b91a2748c2fedb7480c1c5533daa2311dcf740051,896286,330.0,152.0,0.460606,1,1,323
2025-05-11 17:27:36,a0b2bddaf9984ce546fbc6821f75aa23465b422d9ced3c4ab485ad0f52cbf350,896286,351.0,129.0,0.367521,1,1,268
2025-05-11 17:27:36,fab4b7d8c81c9045e563aea0ef67eee138f228748f291b6eb4cb66075e3dd150,896286,330.0,152.0,0.460606,1,1,323
2025-05-11 17:27:36,74db2fded8040578ab88a9bc988626da9f32f0413362fca7f11d1094d48cb550,896286,6878.0,154.0,0.02239,1,2,205
2025-05-11 17:27:36,c65579f66e61152174812d50d6d0c82e7b78018f33485daea538e6adf98b6850,896286,330.0,151.0,0.457576,1,1,319
2025-05-11 17:27:36,39ca3ba66077a72c4da592d8ff45e37dbd0d5eccf938a886bd6aabb90ebc3050,896286,53566.0,218.0,0.00407,1,3,299
2025-05-11 17:27:36,e6d757119948d372e0f32cf33a4151be104814d47d011c40964f4b8ff5971f50,896286,70394.0,110.0,0.001563,1,1,192
2025-05-11 17:27:36,ea2c7d826c82cfce91d9a13db988a1e3845f7a42698e1a42ce0de5a651d3f34f,896286,546.0,140.0,0.25641,1,1,312
2025-05-11 17:27:36,192160006a1526624d88058fada014d04a00447e1b9228dc5d19f47fef8d8694,896286,2458.0,153.0,0.062246,1,2,234
2025-05-11 17:27:36,17fe65e4d5c6b74a134a70a346fe5e1465659f921ada65e763f88ea2e8a9dd4f,896286,330.0,152.0,0.460606,1,1,323
2025-05-11 17:27:36,acd742e5bb0eb79f707f213cd7d6e1acb75f34df20499376183289bd8c4cbd4f,896286,330.0,151.0,0.457576,1,1,319
2025-05-11 17:27:36,e1d0e84cb7e4f436b0d39e25bfa416a1c0b8877158ee9bf96ca1f0db0de7b94f,896286,351.0,129.0,0.367521,1,1,267
2025-05-11 17:27:36,be8ee9cd8e8a3ba3d5f1e61d4702284ef93b3a68ab3567353b07a784ce99964f,896286,330.0,151.0,0.457576,1,1,319
2025-05-11 17:27:36,006f0d11d42578a54d0dfa1e8094e551395c0d2624766f8860c10476a5fb864f,896286,41038.0,805.0,0.019616,1,4,451
2025-05-11 17:27:36,963523c1a03f6d9b72d1129c5bb667bed34a4ce5670adc501fc324b199f0734f,896286,3118.0,212.0,0.067992,2,2,312
2025-05-11 17:27:36,5fff446dc186fd82a6e0cee711e21a7f27397f5a483bd85fdca09c181ab85d4f,896286,244852.0,165.0,0.000674,1,2,247
2025-05-11 17:27:36,2804e8ed26c83f8a09fbade917372b195c66cc284c77005670e0b01796c55a4f,896286,330.0,151.0,0.457576,1,1,319
2025-05-11 17:27:36,27b1452d03f0a0977331eedf2f5e8914df1ee0c631570cac20dcf3aeb1a1594f,896286,351.0,128.0,0.364672,1,1,266
2025-05-11 17:27:36,376d39083fb279fa028fe5acb6287ffae25ef5a6d38cdbb1e5da8896a7a53b4f,896286,546.0,152.0,0.278388,1,1,324
2025-05-12 21:13:18,3f146df509acc0238d2ffa66444f5a04c2c1bbff4955ff8a7899d2f3c350faab,896458,7236373.0,1462.0,0.000202,1,4,284
2025-05-12 21:13:18,30a13e76f44cae676b35876c32b01995a176e1f368db5360aaaa9fc481aabf31,896458,10180994.0,643.0,6.3e-05,1,6,349
2025-05-12 21:13:18,35770a10086a9303504df2103822b722baac8657e9bf8382ad4139f55878c61c,896458,6008166157.0,1000.0,0.0,1,3,305
2025-05-12 21:13:18,ef9a8447481b100b1e83873c0101ea3b6b3214320994e918689a9f3bf620cd1d,896458,536240.0,444.0,0.000828,1,1,150
2025-05-12 21:13:18,9bde2df33349aad6eb0f23900ffb755d630ec4989d4e2a1d65ddc35d669cbfaa,896458,1873695468.0,2339.0,1e-06,1,14,603
2025-05-12 21:13:18,547ffe9c472caf93a4e9dfbf574de6aca26e6a11937cdab8898f2d5345148459,896458,21453821.0,741.0,3.5e-05,1,2,246
2025-05-12 21:13:18,ec09c54c586967aedc6221ffcf51ff4c8d5ae1e38070585f81f0b95fc5c400e4,896458,1942495.0,1936.0,0.000997,2,4,431
2025-05-12 21:13:18,b0b1b5f414699a56a675e70f7c3f4c8d86325aac85a327ccacc9046960cfe93b,896458,9631991.0,1752.0,0.000182,4,2,712
2025-05-12 21:13:18,7bb48ef9ffebaecf2f520d9ee60a412e89b486fdf5ebcca6c12aa9c6bd4fe7eb,896458,5447978854.0,3392.0,1e-06,1,21,836
2025-05-12 21:13:18,847f4730a813b0838bd9249c74509e8e0c49ef1dd80fa8f48db27454053969bc,896458,1207909.0,639.0,0.000529,1,2,193
2025-05-12 21:13:18,d1ee5ab180a7f0e7ba6bdbc8f0342c9db4ab320ef4335d7c67604df94d5c582f,896458,400812424.0,549.0,1e-06,1,1,204
2025-05-12 21:13:18,bae9282324dbe41bdb8d3a077bca13574450c9f6a0c6fe39072572b3960000fd,896458,9009228.0,1000.0,0.000111,1,2,222
2025-05-12 21:13:18,8f6959c72ed8540218ff66528309c3a283f2cf70ef6f19d8fcce62661f3453f7,896458,450829.0,1000.0,0.002218,1,2,222
2025-05-12 21:13:18,538e37e61f434bf8b0ca30e64af4f1ce09199d3382f9151181952c5b79d130ee,896458,507164.0,1000.0,0.001972,1,2,222
2025-05-12 21:13:18,45dd23b04dbf589b3905f19a3a4d55f0cbe146ca0adf707e6e58f0badf9af6c1,896458,6095676.0,1000.0,0.000164,1,2,222
2025-05-12 21:13:18,74f5e096c83a614f20bbc2c99090b3cdfb8c5846ced9fcec7f4213e840b33c0b,896458,471200.0,1516.0,0.003217,2,1,336
2025-05-12 21:13:18,ea7d19596f1e6197a67cdc226da67aa4217605c85f0e24d0a93eee7d7a7c05c8,896458,7996672.0,2327.0,0.000291,4,2,1275
2025-05-12 21:13:18,183d173fce57341c737ef7fc61b9ffb645d9b15b96cb3c41d2c2d891f904a251,896458,29372.0,498.0,0.016955,1,1,191
2025-05-12 21:13:18,73a301e57217318396d8dd1be5ff095565a8e59db549f0276b4d122c19c67576,896458,37529.0,643.0,0.017133,1,2,223
2025-05-12 21:13:18,c299c2a487228ee69650bf13772d5381eaba104a2174531e3a4705f7b53c2f1d,896458,5539828.0,643.0,0.000116,1,2,223
2025-05-12 21:13:18,5b32349acafbb3a128a9ab0295688c562041e225cd32e5adf2ded51360d8ccd6,896458,509440.0,513.0,0.001007,1,1,194
2025-05-12 21:13:18,25d7d1bc210ba33ec8ba84502a2e1ac8c87e587d2742dc8807850e7df7b2b8d1,896458,14230.0,513.0,0.036051,1,1,195
2025-05-12 21:13:18,2d9ae624f6b828d7a962c728524fc5428f6656d41baff74ac5c946b9368e8cbd,896458,156786.0,513.0,0.003272,1,1,195
2025-05-12 21:13:18,42100ba1533a9ea193bee94ad95c33219540b87cef14e09be546f1a1cad9c38d,896458,100385.0,513.0,0.00511,1,1,195
2025-05-12 21:13:18,bba12d3d8104f317f65968089ec63a6a486899f531239e85cb76c525c803690d,896458,1885366.0,513.0,0.000272,1,1,195
2025-05-12 21:13:18,d75aa5e9cc436e95a3d45820322cb2e03c589e0ed080a3e02375111a0ed108e5,896458,1133900.0,500.0,0.000441,1,1,191
2025-05-12 21:13:18,07bf6371f7243760fb11dffbeccef1c398b2d5add71b3675a3cae7adeafe173e,896458,521178750.0,1000.0,2e-06,1,3,301
2025-05-12 21:13:18,76488fa72bc2a47a7001cf9334382e76fec2bb4c4f18d86937bfa9fff225ba9a,896458,521532569.0,1000.0,2e-06,1,3,301
2025-05-12 21:13:18,acc46565f751ca7af5b94fb54a52e7fe224af9d4be81ebfbb6b3c35f358ae7c0,896458,521673443.0,1000.0,2e-06,1,3,301
2025-05-12 21:13:18,33b49404f33983a49b7a276fbfe13508e9b1cd77202453d48bc413e73dba4aa2,896458,522436369.0,1000.0,2e-06,1,3,301
2025-05-12 21:13:18,5e5a7fc817d19b3c26ce8b661202ba97780ac8932c1fc4fd38ce29377caf0e5b,896458,522465377.0,1000.0,2e-06,1,3,301
2025-05-12 21:13:18,dbef02baa070138d8cb8ae64cb1857d4debf4a91d29b3c6585480fd93161c78a,896458,612275404.0,1000.0,2e-06,1,3,302
2025-05-12 21:13:18,fec256f20acd03a6361fcab135cf364db86ce539c7bbedcb8573b1eb21ed947b,896458,612429735.0,1000.0,2e-06,1,3,301
2025-05-12 21:13:18,d6846c269cdce6f95d1642d8195720b089802aaec52f74f3816b8cf17a866ca7,896458,613191900.0,1000.0,2e-06,1,3,301
2025-05-12 21:13:18,c7a034884fca2eeb8a772ee8bbaca7f1360503c3728295486aadb7aa4514f337,896458,6008204006.0,1000.0,0.0,1,3,302
2025-05-12 21:13:18,e7f23c0afb0429ad8326d23673d3eea62b98d5690dda6fc4c10b7df0833de832,896458,496000.0,500.0,0.001008,1,1,191
2025-05-12 21:13:18,aad9f8df6059a4538b5d84c53376a206f2debe1a94157588699cc346c21ee4bc,896458,855314.0,1015.0,0.001187,1,2,223
2025-05-12 21:13:18,8661123ad3d989bd4218b9c4586c7cf2e4d65583a2648a7654f983d0d42f3755,896458,874754.0,1015.0,0.00116,1,2,223
2025-05-12 21:13:18,d98cdb70248f2172482c5a6493a4146920ce0fb90edc6f4ece6d818327ecdf03,896458,896682.0,918.0,0.001024,1,2,234
2025-05-12 21:13:18,c9e1c40fa81c39a76208579094b191ce3442cd98a7e0d184b621c6e97c5bb845,896458,925391.0,846.0,0.000914,1,2,222
2025-05-12 21:13:18,045d0b28c8cfa7f9311629555c9745554f61417d7315ab4b1cf9e808628aeae1,896458,1034234.0,677.0,0.000655,1,2,223
2025-05-12 21:13:18,c6207ad275583ffdab9e008d5b283b0a47b744910b942c0bab15d50a556c751d,896458,1053312.0,508.0,0.000482,1,2,222
2025-05-12 21:13:18,d384f59dd7202a9523dd65d469c916e4c5102a2227e17abe70e8b6f608f08100,896458,1100396.0,508.0,0.000462,1,2,222
2025-05-12 21:13:18,06a5ef21ce11d6af8b0dab16e61658ca61fa74994ca91d650bbc9cabee761bbb,896458,1149616.0,508.0,0.000442,1,2,223
2025-05-12 21:13:18,a35cb28ae6e2edd9b610fe34624610c5294885f9bfde8501bdb76952db9be7d7,896458,1169608.0,367.0,0.000314,1,2,235
2025-05-12 21:13:18,330bd5d5882a781c0ef56f4df84bd4e118114cba44aadb032f4b402a4d8887f7,896458,1178986.0,169.0,0.000143,1,2,223
2025-05-12 21:13:18,27c667bb9fcab8c632bdd7456b7332b72bb9fc17856430e8aec2d40c32ac4fa5,896458,410047.0,953.0,0.002324,2,2,372
2025-05-12 21:13:18,656a05cce64275686ab8c9a98d0da9ea0c08fbfc8e4732c500ba9f4a6a48c8ee,896458,249673.0,643.0,0.002575,1,2,222
2025-05-12 21:13:18,89027bf1f2aca8e5bd44c2f9d2e52b455c219f33177237597aedd3f79efc30d7,896458,21034.0,643.0,0.03057,1,2,222
2025-05-12 21:13:18,5f3ac45d959f1408fd5809a902c725d8ae582e94d8d98873a752c4ee4ef20dcf,896458,97364.0,643.0,0.006604,1,2,222
2025-05-12 21:13:18,5b7829970691067ced351956f40db278f2aed95b3a241ba62f6acd9ea2217bba,896458,4154992.0,643.0,0.000155,1,2,223
2025-05-12 21:13:18,d57f13ff697832a0782c6f36a22f7032a277e010a21e43a95ba390c6f929d2ad,896458,718722.0,643.0,0.000895,1,2,222
2025-05-12 21:13:18,36f4658c7382e85062b3fc7fcb97d078e9f23ad530c59f2a405a36eb4389fa98,896458,139182.0,643.0,0.00462,1,2,223
2025-05-12 21:13:18,6277054354948b294a928e7829a4df56cc12f41deebce26075387e0cdbb78e98,896458,88078.0,643.0,0.0073,1,2,223
2025-05-12 21:13:18,62b49ee03bb346b828c2462ad1e72d70f1ec6971d043ec2b779b3286ae8d377d,896458,1006235.0,643.0,0.000639,1,2,223
2025-05-12 21:13:18,dd9fadffbd265914027872d5eeccf028b5698c5304440557e72fcca6f206cf5e,896458,559357.0,643.0,0.00115,1,2,223
2025-05-12 21:13:18,ef31883b73097234d78170591525c06fc9362dae204b31ea51b74b2fe69f3459,896458,143357.0,643.0,0.004485,1,2,223
2025-05-12 21:13:18,8efffb9fb880b922a8892bdc8b8021eaddb8ad5c39837b9ea142cb8f6617e050,896458,32856.0,643.0,0.01957,1,2,223
2025-05-12 21:13:18,371206b972ba70b788e5c14408e0acf88fc567c7d2e7b2f339d7e156e4bcd13b,896458,252209.0,643.0,0.002549,1,2,222
2025-05-12 21:13:18,a2ee0975a797e3ad3f8c2b16fb6b30541f59f91489199de3a70113746c21da36,896458,520368.0,643.0,0.001236,1,2,222
2025-05-12 21:13:18,fdcd34b0bc37adcf664b4b54c8896fb0ac61772c5d89952883bd4e1236a9b635,896458,114907.0,643.0,0.005596,1,2,223
2025-05-12 21:13:18,5516df5a7c5cb3cf49c0d00fe8d9dbd46a616b619e54e1b38000ecd5bc2d0e20,896458,301647.0,2000.0,0.00663,1,1,220
2025-05-12 21:13:18,5b91688194a7c246d3364074fea3aae16030263c39afc69a00cfde08cfb52e67,896458,618283.0,750.0,0.001213,1,2,383
2025-05-12 21:13:18,2b9a3dfc5d1e9573103c85d5e4df27b2caa60bfe79263eba610383063ae38790,896458,116378.0,958.0,0.008232,2,2,372
2025-05-12 21:13:18,a1055012f8f879aa1c1f0afcf94497b815e9bbb7c75bcd25080e531ef12532fe,896458,3907409.0,513.0,0.000131,1,1,192
2025-05-12 21:13:18,020246bb4fef706336bff879265f50bd961c5d7056ba103fc0c632d4347af9b8,896458,7907922.0,643.0,8.1e-05,1,2,223
2025-05-12 21:13:18,fc8dabfa9b89b9273f6ef35999366479bf57b897005b6d56108fa8e16b0f2c7b,896458,1409413.0,1587.0,0.001126,2,3,450
2025-05-12 21:13:18,c1a9f80d7b2d50882980b3d00c398f0337ab0295e3ea2289c7b617511eb2f389,896458,980204.0,652.0,0.000665,1,3,279
2025-05-12 21:13:18,469bacd834c92b437904a1e914eea9f0b03cf4329e606c22b10592052a20b452,896458,1450870.0,705.0,0.000486,1,2,234
2025-05-12 21:13:18,1525aa852d528e67f934524fe2125f6a1294fa62cc2ac8f9564822f419221e71,896458,8951200.0,807.0,9e-05,1,3,255
2025-05-12 21:13:18,45bb8daa785f8e1179bac09e867a8f25f214e4e4ead80b73f90a3e8dd3c40122,896458,1115825.0,1616.0,0.001448,3,3,590
2025-05-12 21:13:18,b3fe7621599d73b8ce445645b0b51d606f8ea730519089f838b174cd325b1ff8,896458,66365.0,513.0,0.00773,1,1,191
2025-05-12 21:13:18,307907fbead26b5edae921a60acf9c9a3dfd13e5a269cf706c35fdcae8b0acea,896458,201550.0,513.0,0.002545,1,1,191
2025-05-12 21:13:18,f60651855aab85fd7c126dc29c99bf861a8f54ee403261ea5b3fe28bfb67b2e2,896458,674509.0,513.0,0.000761,1,1,192
2025-05-12 21:13:18,89dee45a76ee7b3d2bb20967761e9179f6867327418de16c0d212a40d14bb0e2,896458,116727.0,513.0,0.004395,1,1,191
2025-05-12 21:13:18,9ae1390a13cacd288e2c5bcbfddf463501ad8e50cf31739e94999b89a2041197,896458,97307.0,513.0,0.005272,1,1,192
2025-05-12 21:13:18,c24f68dcf9c8556ce243ac53c54473bec5c305b3d5ba8631dbcbd25865fcb27c,896458,30246.0,513.0,0.016961,1,1,192
2025-05-12 21:13:18,390c12f6dce05485a2eb206629fc362608994ef474b15e20fca8b591cb38b77b,896458,509953.0,513.0,0.001006,1,1,192
2025-05-12 21:13:18,78eeccc4dbcb4117ce3140e2315b36e42ac7be106548578b8905cd5752e67e01,896458,112571.0,513.0,0.004557,1,1,192
2025-05-12 21:13:18,71e9be4203e28714685957a48efdc8f5b87127953af0378007fee76bddbe2001,896458,98514.0,513.0,0.005207,1,1,191
2025-05-12 21:13:18,b5cbd97d88b23d12db1b93dcfea2b8fbe3f351ff3e4ac9ae8103fff3b1099425,896458,85199.0,5528.0,0.064883,1,1,192
2025-05-12 21:13:18,2a558ea592fc75591a30949859a0b1e25c7fd3325290d544cb5e22ef8340017f,896458,40960778.0,11391.0,0.000278,1,1,191
2025-05-12 21:13:18,1909dd69d56d9c508048a3383c428c13bd0886fd8caa0cec83bb3ef466c54e59,896458,873672.0,21984.0,0.025163,9,2,1410
2025-05-12 21:13:18,3b179161c021fd11f12a8365657e62daca1ab8ca0c64ebf63c419403f9e2f74a,896458,71959453.0,5799.0,8.1e-05,1,159,5352
2025-05-12 21:13:18,52aeb250d7c089dab5ed16cfd391c4608349a239701985ab0fcad63f74bb05e9,896458,8741358545.0,3308.0,0.0,1,20,787
2025-05-12 21:13:18,00ff44229e122b86cad7bbdff834d8d782e88dd3e240f203f62ad4654df2f108,896458,112279.0,675.0,0.006012,1,2,224
2025-05-12 21:13:18,2bf3c24d67cff48234b63accea46350c9ad3e4105187edf163cb7947ce0d667b,896458,5997.0,524.0,0.087377,1,1,191
2025-05-12 21:13:18,0288c858b41c603a207d66d2e3d87097c2bcd167e40c7de6051067a6b1889496,896458,56475.0,525.0,0.009296,1,1,192
2025-05-12 21:13:18,dea7d5cd94f77b85cae82a43e82a9133c678285b619c761b1b6c6f168d4575ed,896458,490746.0,678.0,0.001382,1,2,223
2025-05-12 21:13:18,8af6e071856e5f959f60bf3115eca98b5ce8d282abec91256299608bafeb930a,896458,10420798.0,1176.0,0.000113,1,4,288
2025-05-12 21:13:18,e11a4918fc38ed35199e7f46b81c86d3c6dfab140de3740f3d6b344c43f10d0a,896458,20843851.0,482.0,2.3e-05,1,2,222
2025-05-12 21:13:18,ac07e60876e5402b7fd4374454a1a32b8ed1cc97accd545b492bae3ae512f6a2,896458,457539.0,899.0,0.001965,1,1,188
2025-05-12 21:13:18,9a74caaf6a6240a828816d2187c4de6595463e10ab150f8fe7c0fe5d96835787,896458,543249744.0,971.0,2e-06,1,4,285
2025-05-12 21:13:18,997aa15c26d86668d0a4752b02a3d478cf0c6eb410d7212a748f302eccb58a58,896458,156021980.0,2009.0,1.3e-05,1,11,502
2025-05-12 21:13:18,9933c0187d1572ca50a3969c8b5c8e41495e8b6c7171870e8e76f987f8cfe77e,896458,252830.0,675.0,0.00267,1,2,222
2025-05-12 21:13:18,112cee7d38df92ea8c443f4139ed8f00e0f275f1ba5046bd049b393399ec6a7b,896458,360571.0,1496.0,0.004149,2,5,413
2025-05-12 21:13:18,443bc27a5fbb15ff79e5a4d77d8df86a9d7aa27d5ddc02928e7237634f18e293,896458,1952079797.0,734.0,0.0,1,2,235
2025-05-12 21:13:18,d0366c49641d252e81db9ee7a953314d6e21d07da9064fa987370785160677f8,896458,647133.0,677.0,0.001046,1,2,222
2025-05-12 21:13:18,c74c65ca1bebe4dc5ba070954ad9fdeae3b33b0d50798b6f75c085fee9d82eb1,896458,4967654933.0,677.0,0.0,1,2,223
2025-05-12 21:13:18,16ee6d07b01562669a75d8d6b62698ab67c5606d04e04e10c4acab9594c5b59a,896458,4194355149.0,677.0,0.0,1,2,222
2025-05-12 22:00:06,2d3da120191a498b18aceab7b534c8f5c6d9928b1eda8add4682063c601e5fb1,896461,15678.0,132.0,0.008419,1,1,191
2025-05-12 22:00:06,6d10caa726229d65f124de59e41b6237f9c3c693f2e7cf29a560538ed0e4a9b0,896461,591868.0,132.0,0.000223,1,1,192
2025-05-12 22:00:06,33ec2fdb1abff59d87f5531662a6aa2e603c7231ceb60fee5dbdafd49765d8ad,896461,20317.0,132.0,0.006497,1,1,191
2025-05-12 22:00:06,445c5da6e4395242f4abab92f49b185c04796ee34775b17a9493787f3ad9809e,896461,91266.0,132.0,0.001446,1,1,191
2025-05-12 22:00:06,16e0a3909bad1a269b135b499ffb0599c54db365df53c0f526809b68b74ab59b,896461,41868.0,132.0,0.003153,1,1,191
2025-05-12 22:00:06,1cbdc38b342cad43e4bc734bcbf9dcb5cab4bdd73eafe2caea79411263400996,896461,91263.0,132.0,0.001446,1,1,192
2025-05-12 22:00:06,16eb8d9086acf5ba8dc938ac4efa623ff816f271a29fffcf6b8811bf35b2c094,896461,19975.0,132.0,0.006608,1,1,192
2025-05-12 22:00:06,4fb77cc20f00ff29f40cc6413dfa73d843b61b20942b760ca5003ebbdfa08e91,896461,511626.0,132.0,0.000258,1,1,191
2025-05-12 22:00:06,95b33027da009608128a6b6ccf18addea355e0e3a13a8d4bd0444bafcbfc978f,896461,20341.0,132.0,0.006489,1,1,191
2025-05-12 22:00:06,478c066014f666df15b5990b466eb71eddf9c31c18e132f6daee05dbc33d568f,896461,95856.0,132.0,0.001377,1,1,191
2025-05-12 22:00:06,02e0357979d8ebc75882ad8896cc6055e2cd7002542d0c967c5e6ab22e5ded89,896461,234201.0,132.0,0.000564,1,1,191
2025-05-12 22:00:06,b59d32b2c1c1e4d161fdc353e6614c020b8a20fe3d35add7d52c8ac2f37a4988,896461,343668.0,132.0,0.000384,1,1,191
2025-05-12 22:00:06,759bce1c7be08fb3fdec45a71a719b18e7017f729c23a7e97ff6c9299c471b85,896461,76943.0,132.0,0.001716,1,1,192
2025-05-12 22:00:06,2b106e7b684bfc6e0b0a27affaf059adb587f515951caf377a3f04618b9ace84,896461,27179.0,132.0,0.004857,1,1,192
2025-05-12 22:00:06,726dc5ede4caba0f6833b3408cb99cdbe4f6f1fdb800626845e8f024c779e67d,896461,15288.0,132.0,0.008634,1,1,192
2025-05-12 22:00:06,7f5f87a7ae34759324ef91f75dca4589b0ea142aceaf45e52a926cf139b33f7a,896461,185834.0,132.0,0.00071,1,1,192
2025-05-12 22:00:06,d516a9d52530b3e77d04a0400eb0bbfa65c395d545f32daab1be14f6d34a9f76,896461,9636029.0,210.0,2.2e-05,1,3,256
2025-05-12 22:00:06,d65eedc7602042869c1b026f39b1d3b0555939b6492c3cd9f784894fe7189b74,896461,243855.0,132.0,0.000541,1,1,191
2025-05-12 22:00:06,f62bd12f717b2a86046315f2b7a6b8ec23731cff0b6634d14e65911203fd6471,896461,1369853.0,132.0,9.6e-05,1,1,191
2025-05-12 22:00:06,38aaa06522b9b55a29a3eff98d7d692b1f029a6feaef699286f4fecd5359ab6c,896461,233953.0,132.0,0.000564,1,1,191
2025-05-12 22:00:06,b1902e8079d35b20c053f1aef15eae8e3053376d2d3294bbdbc1bed886057266,896461,2734388.0,132.0,4.8e-05,1,1,191
2025-05-12 22:00:06,51dfeb0ab9e1ac7057aba7c566dfd294bcd8bc59d1c69521b7ad79fd4a385c60,896461,97703.0,132.0,0.001351,1,1,191
2025-05-12 22:00:06,2cb2ac940cd8d1d8348de585944d32255e1991198d646c53bf9796ee9b2e5a5a,896461,22316.0,132.0,0.005915,1,1,191
2025-05-12 22:00:06,ba1dd8c4ec2fae3385187f783eb3a8142e28bdf752cceb012d05a8f23eb81a58,896461,162519.0,132.0,0.000812,1,1,192
2025-05-12 22:00:06,d44a9f18e27c77cc816d721b02760c5003419131c5f3df24902b4b9c46596055,896461,186204.0,132.0,0.000709,1,1,191
2025-05-12 22:00:06,d6667e8621e083fb533a4ce78b300a7673c3ba225cba45ee98f7e4f8d7b10a52,896461,299868.0,132.0,0.00044,1,1,191
2025-05-12 22:00:06,679dbf079233255a77f15053accbdcd6a1550ff9da2aa0d01ab88de3b9bee042,896461,27342.0,132.0,0.004828,1,1,191
2025-05-12 22:00:06,dd72874c41756349b73403dfd3100d61aea3fda25f0d15a102f7766ca338283c,896461,54668.0,132.0,0.002415,1,1,192
2025-05-12 22:00:06,a5ad6a82c10437064795a4e4afeff62d2875d7fe76720f456debe8a3436c7a3a,896461,459998.0,264.0,0.000574,1,3,302
2025-05-12 22:00:06,5fc45fb4ade5806bc3e6e11af882513a5e2740b515fac19b0db1fd530ec4d039,896461,48658.0,132.0,0.002713,1,1,192
2025-05-12 22:00:06,60e240e6abe4075db3203fa7ceeb277f4fe435c6476036280311c667495f5039,896461,167286.0,132.0,0.000789,1,1,192
2025-05-12 22:00:06,601f98330981ba482b4b37dbaa604f604eca1e71ab0802d59d0f26ce5788422b,896461,962736.0,264.0,0.000274,1,3,301
2025-05-12 22:00:06,610de43faf6e48dcbf693493a3f2ea4ee1ede2f66b7fc2982fb017b137a5bc24,896461,42268.0,132.0,0.003123,1,1,192
2025-05-12 22:00:06,58863b497219c710808580f67ec403a03090a1148a1088d102f1edf192c5c920,896461,29838.0,132.0,0.004424,1,1,191
2025-05-12 22:00:06,95def3c8ab3663508378953e2ab318f9adefad1c65164499f652fab6d6ba181c,896461,37936.0,132.0,0.00348,1,1,191
2025-05-12 22:00:06,ad280fb6fabfb7862976c6e347e75cede52500771b645d0f29a64eab9669fa1a,896461,611924.0,132.0,0.000216,1,1,192
2025-05-12 22:00:06,9521f9e7ae5b3c42f7117ab96734227047bd8b4a29e725142317451f2a96851a,896461,40205.0,132.0,0.003283,1,1,191
2025-05-12 22:00:06,4a5bfadad9eaa0c78a36d329431de46633cebb331bbb4d708eb1620fa163dc19,896461,246868.0,132.0,0.000535,1,1,191
2025-05-12 22:00:06,4b0af683ddab50cc736bfe69c5ea6beaf0ad4e5eaa861b351e9a1ee12fe5c019,896461,48574.0,132.0,0.002718,1,1,192
2025-05-12 22:00:06,33e9b4e60c9b2135b579b900bd079d84c787f28c8dd4eed5339652992da4ea18,896461,19343.0,132.0,0.006824,1,1,192
2025-05-12 22:00:06,54fba82dc951e8c762ccffd32684ac61dd5a766174f9207bbcc650ece2335a18,896461,24210.0,132.0,0.005452,1,1,191
2025-05-12 22:00:06,5ac33be28fec3b33ef546611311f61e24a1aab4659a0cef6a3bacf439681f816,896461,105813.0,252.0,0.002382,2,2,341
2025-05-12 22:00:06,1dbbcf9c5ff69c26e80631292f2a2a9ef3a3a2b2a9b0698cdb51746d9b341516,896461,91165.0,132.0,0.001448,1,1,191
2025-05-12 22:00:06,c489ecde7f9fb52e1254ddb2d3b4434087ab09afd870fdb6bef15338c67d3c15,896461,15513.0,132.0,0.008509,1,1,192
2025-05-12 22:00:06,b6747035cb01c408c5ac03f00b4bed7b179e5a2ae02f24841a76e8a152abac13,896461,918718.0,132.0,0.000144,1,1,192
2025-05-12 22:00:06,5573e5b76e847577b758e60503407ffa16fe15178f24d8c71f3841632084750a,896461,322073.0,132.0,0.00041,1,1,191
2025-05-12 22:00:06,e820569ced94a4129efcdac63cbe6fe1dec05a4a4a8a2e4f2243453daf73eb09,896461,25868.0,132.0,0.005103,1,1,191
2025-05-12 22:00:06,af0251c9e8d304e84cdf415bde27629e1cb9357a3c76cfaeda48b1ff46ea5e07,896461,26214.0,132.0,0.005035,1,1,192
2025-05-12 22:00:06,2395c2022fa8e163b1452a296142742240c697f727b454271b802e6dd7b9b902,896461,50868.0,132.0,0.002595,1,1,191
2025-05-12 22:00:06,69b4baff08ff0c89f3af2fc8e50ab15458e2a6e76872a166329bab6be58b0ddf,896461,3306.0,603.0,0.182396,5,5,750
2025-05-12 22:00:06,5ba47d1c2adf39c70662ee133108c99e95226b456646e6d04caee43a911d0dfc,896461,9948.0,240.0,0.024125,2,2,301
2025-05-12 22:00:06,f99dbf4239e4cf540e2c64800a3534ce041162078784b5c82e0d9cde36625ebc,896461,13032.0,241.0,0.018493,2,2,302
2025-05-12 22:00:06,47387340726d208b1ef14cb9cfafc2c59543cefd42df9d6a8faeef04b714e493,896461,13032.0,241.0,0.018493,2,2,302
2025-05-12 22:00:06,94fb3b71ab12914de4b408df02e9bc389559db3edbcf9e873a1e156ca7baff26,896461,13032.0,241.0,0.018493,2,2,302
2025-05-12 22:00:06,9eb08801e937652fd8ffe20503baaa3ec45caec312a41769e30ba47be13db878,896461,103115.0,460.0,0.004461,2,6,484
2025-05-12 22:00:06,61d8ef3180b2d1e84a70ff80e8292c2d45b6305cbdba0ed1b8cee44669e99aa6,896461,2083388447.0,892.0,0.0,1,21,824
2025-05-12 22:00:06,f1e607e567f1e51b475cd73e04a076ddfb1df564590109dca8ae788d89b29c09,896461,98721619.0,377.0,4e-06,1,7,395
2025-05-12 22:00:06,ecd374abfe7e5b16fba35c28687f6dc6e34d480df2c65e0237257ff7ceaf8c18,896461,9703.0,1328.0,0.136865,11,11,1650
2025-05-12 22:00:06,596e3bb157cda9fbff985ef2e94c826b61746dcc365f1bd71e0526bfa65655ed,896461,19699.0,253.0,0.012843,2,2,342
2025-05-12 22:00:06,a2bc6411a06dbec680aa7156a087b3f017a168e2d27f52c8894fa3f29edd9fd1,896461,17301.0,254.0,0.014681,2,2,313
2025-05-12 22:00:06,ef0306ac30430f6322a060da5f003970752ea445ca4ee7f2d1c3de775e51d1c1,896461,17301.0,254.0,0.014681,2,2,313
2025-05-12 22:00:06,018011bc802d4e12b3ef8374cc5da6c4c3356c38ec3bb97029d2c11b8dbbc8be,896461,17301.0,254.0,0.014681,2,2,313
2025-05-12 22:00:06,bb80bcefa74fc0b645522f50cb0c172bbdb7bba0c5472131726d7f7f9a84baa5,896461,17301.0,254.0,0.014681,2,2,313
2025-05-12 22:00:06,16a13e8560f08ba3918a4c03be32295e70912797793806cb6bfbf79e20d15d85,896461,19699.0,253.0,0.012843,2,2,342
2025-05-12 22:00:06,c3f6f4469380c0f26aa00f56babc765059a120ebde47b6e5fef16d5b8123b477,896461,17301.0,254.0,0.014681,2,2,313
2025-05-12 22:00:06,22db810b3c31f70cb7552e31749b0c2dfb191049952267e851a96583c2813f65,896461,17301.0,254.0,0.014681,2,2,313
2025-05-12 22:00:06,3c4eeb35366e307d29e83f372768e0b9012632e6bcf4b428c9fe18b05716c35e,896461,17301.0,254.0,0.014681,2,2,313
2025-05-12 22:00:06,19b66a5a7f1b9eba1a186a224cd85deddb32499335e0d2ffd8d1a101380e844e,896461,19699.0,253.0,0.012843,2,2,341
2025-05-12 22:00:06,04de17195e49adf9071432f6b2c8e637cafeb662defddbde9242fd3f7411d644,896461,286012.0,728.0,0.002545,1,12,688
2025-05-12 22:00:06,54d7f42ece8fb41658cef3a8d505044981728ddebe79d283cd4f283fa2da96ea,896461,2689.0,361.0,0.134251,3,3,450
2025-05-12 22:00:06,f57df2b0680fc611bc230693a9c506f35c490832ca4dfc6cafb8254b30fd47e9,896461,34922.0,241.0,0.006901,2,2,302
2025-05-12 22:00:06,ba99b6c946c2773a54890f2830298b7330fb9b7bf83a2fd18022ac1842e46991,896461,30843.0,241.0,0.007814,2,2,302
2025-05-12 22:00:06,942360c8eaf609206941e3ee1180accb4b7e35ae810f2e785897112378e4d472,896461,126445.0,251.0,0.001985,2,2,371
2025-05-12 22:00:06,3b8b98a701135ba3a55d13b68d3245c16bdb6d1f46a269b783fa711eeec91b2f,896461,1198052.0,251.0,0.00021,2,2,371
2025-05-12 22:00:06,adc42ec4f87674d1597682ef2f2a4f7486fe4f3c0bcd69c410d66dd9aaec2cdc,896461,243054618.0,478.0,2e-06,2,8,560
2025-05-12 22:00:06,2b5fbe6cea34d7fc8094e96a82782be8a7bf0d469df34a2e41ff2c3217791918,896461,17337875.0,184.0,1.1e-05,1,2,235
2025-05-12 22:00:06,430992235f4a41a751476312bd92e7747c45937c5cf7f85918b6f4d69f32e5b6,896461,18012581.0,252.0,1.4e-05,2,2,373
2025-05-12 22:00:06,dcf51251a609d4db239523ea991e6d46f43c03b722e744686bdec0ee8fb046f7,896461,158803.0,173.0,0.001089,1,2,226
2025-05-12 22:00:06,8cb4cd75466c54b151de31f944954b478f09210350865e85e3d4ed845b671ae7,896461,3657122.0,173.0,4.7e-05,1,2,225
2025-05-12 22:00:06,adb72fa1783e31ac3031da6d7764386de5ed68ce0a3e23c0b5b7b5f2d063e5e5,896461,1843951.0,173.0,9.4e-05,1,2,225
2025-05-12 22:00:06,7a73798cebbb9980abe3b8fd80f4d32f61f9a0963483db049e8b06582448d0d8,896461,979858.0,173.0,0.000177,1,1,327
2025-05-12 22:00:06,60d25b710d9d0d0cc98eba8de6e71b7bea86e6143e60c5eabe94343e100495c4,896461,16842.0,173.0,0.010272,1,2,225
2025-05-12 22:00:06,84ca460cd0e342b3b0684279a4d84a41688c3453868a50b2235752c18484c0c1,896461,112044034.0,173.0,2e-06,1,2,226
2025-05-12 22:00:06,bc9205a3f8ed1ad06e16109255540efe95fd264fdb947b972646924956b16a9b,896461,691337241.0,173.0,0.0,1,2,225
2025-05-12 22:00:06,0f93ec4871e52eea831cacef097152c05b93697b1e0cc3a4c1574bd994ebd999,896461,38185071.0,173.0,5e-06,1,2,225
2025-05-12 22:00:06,53b317e0a6f7ca23bd7d34374cc22da85d2849805f0874bc311011232d829b91,896461,3475124417.0,173.0,0.0,1,2,226
2025-05-12 22:00:06,50d5c9a9f1a7aed37b4ea42caf11d4c4cf1fec7a6c4f835a50ce2e0c60edf481,896461,46055601.0,173.0,4e-06,1,2,225
2025-05-12 22:00:06,a91806b2f879c417bb3e6fca9b13f1979910ea45fe3e92a19d1b58d9347f963b,896461,22010064.0,173.0,8e-06,1,2,226
2025-05-12 22:00:06,3d279cea7425b6d66837e3ee603d6310bbaab63ba0c03732908bce9f97cc882f,896461,1346494166.0,173.0,0.0,1,2,225
2025-05-12 22:00:06,1342f79a1d0c3d992461207f5eda0bee6e6ee58ab5fc191c2d03fdf233f64509,896461,9994827.0,173.0,1.7e-05,1,2,226
2025-05-12 22:00:06,340f6d883a3c58e5619b30c061cf53febcad13bdbeb88ef01355d6278cff57be,896461,739761.0,542.0,0.000733,6,1,937
2025-05-12 22:00:06,460ee2494f35a083b5249b7d0bc85d900ee95edaaafa54d9fd885bb38a71bb4e,896461,69799.0,643.0,0.009212,4,4,859
2025-05-12 22:00:06,d752cae8dc0a7902f91a7c9aae80bbeb28f3a3fbe0aa6518a1e9680edf8bc549,896461,469160.0,541.0,0.001153,6,1,936
2025-05-12 22:00:06,6b047716da6162ff8d727fc4ece5c1c42f43ed6674c9b7047b96cca3b00e9aff,896461,1149478.0,214.0,0.000186,2,1,341
2025-05-12 22:00:06,7576b3a65cfc8c2f2f2e1044dfa4b8387db1fcdb975545ffc5f47c521d867edd,896461,20911.0,214.0,0.010234,2,1,340
2025-05-12 22:00:06,e3f45643d21d6a3901ba27beead33b6dbfe01d13a24827e9ee04df92870d679f,896461,843483.0,214.0,0.000254,2,1,340
2025-05-12 22:00:06,33e7f0946c7d0529035b8234ae2a610c1e813de4dda7b3b3ff37691e5f8ade53,896461,580272.0,214.0,0.000369,2,1,340
2025-05-12 22:00:06,4acd1702a8cc59a22fb245c715f4674be01dd20b72dfcc01200a9acf60cac84e,896461,519742.0,214.0,0.000412,2,1,340
2025-05-12 22:00:06,b300781fd65ac199343818d873a5f2eed8aa50e5865d8c52b2f11e83d907f911,896461,8672710.0,214.0,2.5e-05,2,1,340
2025-05-12 22:00:06,a9b4d34752582f1be2427742b29e323b8af170f41f6c882c002d2b175edf00bf,896461,8277.0,398.0,0.048085,3,3,574
2025-05-14 17:09:36,1cd62b7773fc64f651bf5ab3b0fb4fc069367e78a3e24c38244b0b73dfdd8e70,896699,698584.0,426.0,0.00061,1,2,193
2025-05-14 17:09:36,d1876817bb1e9538a0a19085292acd369bed217270f4ded9540953678ed3326e,896699,4509458.0,426.0,9.4e-05,1,2,193
2025-05-14 17:09:36,8192e4db8542c199c05a112c3e730ca27e0a2bfe4d0b88cbc47a393792e48e6d,896699,579538.0,462.0,0.000797,1,2,205
2025-05-14 17:09:36,25d5291c24b04369f0296b8515c39d27755139039958bbc62bb2b28329cfb06b,896699,546.0,462.0,0.846154,1,1,331
2025-05-14 17:09:36,5d09ff992458246ad94864a6209582ad4230ea8957b33fb4ebdfb2c216c9af6b,896699,6138.0,462.0,0.075269,1,2,205
2025-05-14 17:09:36,eaada71ac80098fd7ca63cfe3a73ec745f10b5504bf9232abee8f483f47ad76a,896699,3438518.0,423.0,0.000123,1,2,223
2025-05-14 17:09:36,1d1084cc4a72a6e2bb07304f7fec48a1430018eed29348821a1b57bde9d5146a,896699,499999574.0,426.0,1e-06,1,2,224
2025-05-14 17:09:36,9a12f0f710657ca57955ec8efe5de772cb879503fa18f714c9fe90e09fc2f869,896699,16887242.0,423.0,2.5e-05,1,2,222
2025-05-14 17:09:36,ab6c8a7e01f212b4ddd2204232eeaeb03151cd18f8b3711d8501ce8172a00b69,896699,989118.0,435.0,0.00044,1,2,196
2025-05-14 17:09:36,13db02f568f0ccd018ec85c64aa9333257383b42a1070622139589ec21cf7267,896699,70789.0,423.0,0.005976,1,2,222
2025-05-14 17:09:36,b5b364f8b2747aa7214fa74b63d335a5af6c75093adc06d356461ab4e87dee66,896699,2136815.0,426.0,0.000199,1,2,223
2025-05-14 17:09:36,753bf50b4ae221f3c0033cacc70bba690370f63417d2a4949bb565f10f82a166,896699,1011432.0,432.0,0.000427,1,2,225
2025-05-14 17:09:36,50d393a454f98aaed6f85d3a2dce1f04936b4f3506b6cfc6b78e2ea275429366,896699,546.0,462.0,0.846154,1,1,333
2025-05-14 17:09:36,07754f825bac6deb30789beb46babd7aa7cbf712f0c39f048f097ed5c0e22396,896699,1764.0,636.0,0.360544,2,2,312
2025-05-14 17:09:36,a0fcf290cfe112c1eef9428026a2a7e7d5507a6a37e0767f6c3f67d7c7b0d265,896699,5724.0,426.0,0.074423,1,2,193
2025-05-14 17:09:36,b8fa4aa9cfdccb68cf7f1e5f0c4426727a9d5a2925dd09f5a940b32561c45c65,896699,438424.0,576.0,0.001314,1,1,192
2025-05-14 17:09:36,23cab36f6d68be4615f32efae11c2bb7d3030384ca1dc19adae8d85784317664,896699,546.0,462.0,0.846154,1,1,333
2025-05-14 17:09:36,dbb4be5721d0c4ef299066112bedf19947683ee164429da328ad7afb08a76560,896699,297295533.0,426.0,1e-06,1,2,223
2025-05-14 17:09:36,4c9973ddd927d14d19b365f5840fc4157616d6df7c7066c52df534b86caa0860,896699,19896542.0,423.0,2.1e-05,1,2,223
2025-05-14 17:09:36,f300525b711ded9ad1834399f47361b5dae020b4152875ddc6f6fe9d02eaa55f,896699,3675858.0,462.0,0.000126,1,2,205
2025-05-14 17:09:36,8ed577159e02f3c08573b14953030411a840ca7056d0828e33008581bfac935e,896699,199667.0,333.0,0.001668,1,1,162
2025-05-14 17:09:36,ec6a3806c107823851195aec5cf3d37df6f4fcabae6621c480256d77b9bf365e,896699,9557544.0,507.0,5.3e-05,2,1,269
2025-05-14 17:09:36,5936a6c06896bdc2a7bc5aeb5962b03621abe38146a29e26919a7c107b9a6b5c,896699,546.0,462.0,0.846154,1,1,332
2025-05-14 17:09:36,d6ca2daa1f3b83d22c26f856a0628324f1c24db2eb2c24c2e7b141e2f002c9eb,896699,15605.0,462.0,0.029606,1,2,205
2025-05-14 17:09:36,35c31466c4b7eab5eb94532d8e7dbbb99e7969f7f73b9888b44c37585f79da5a,896699,278796.0,330.0,0.001184,1,1,191
2025-05-14 17:09:36,5bc84d6c33524b47b7c9707fa239359ceda05310d0a543ce099889154aded159,896699,5964.0,462.0,0.077465,1,2,205
2025-05-14 17:09:36,7c1370bb4f9b33099c83b6122dcfbfde71313753421ae3c4c19b6abf4928cf59,896699,102088.0,333.0,0.003262,1,1,162
2025-05-14 17:09:36,e72071c04ac4cc453343ac314ca33b46df027a018c555a4ebd0484ef5a497a59,896699,6715077.0,423.0,6.3e-05,1,2,223
2025-05-14 17:09:36,1eb0751e5f0e44b58a0cf684a63b6b0dab68f0f15c072789b7b5135a995aae58,896699,217062.0,423.0,0.001949,1,2,222
2025-05-14 17:09:36,209937b9be977725c2814a0a55932694f80b43da90fef916d06936c3f3bf5856,896699,63567.0,423.0,0.006654,1,2,223
2025-05-14 17:09:36,2e106f8a44e165ff34b034f4e9f581eecb19044bbdc11348be64c02d48602a55,896699,122362.0,630.0,0.005149,2,2,372
2025-05-14 17:09:36,4853d13d24cb4838b82b6ddf0a4f2d3c4d2fd13b58187153651c69b78efd1355,896699,593118.0,516.0,0.00087,1,3,253
2025-05-14 17:09:36,fc22e4c4f0b96f63ece800f9eded2d5a8b227d603eb0ed5a281357d91cd8f354,896699,28093825.0,402.0,1.4e-05,1,1,215
2025-05-14 17:09:36,8596f7ceaec0c0b6c5aa0240721929e25a62b6a6b9616d1b6729eacfa930bd54,896699,72220.0,459.0,0.006356,1,2,235
2025-05-14 17:09:36,aea64e6bdeab0343b76ccb9345b87048f5345b91900fd12fb2759e5d90a29d53,896699,2251213.0,627.0,0.000279,2,2,372
2025-05-14 17:09:36,2292fc76215b8f2046050cbdb3475102ad4180b9726a6aa33168deaa2a6b9553,896699,125452.0,462.0,0.003683,1,2,205
2025-05-14 17:09:36,f692a330cd8d106f0042106e0b6f3c9c5cd99507c85a28bcc1508e3199312f53,896699,3481.0,438.0,0.125826,1,1,336
2025-05-14 17:09:36,afc3f0424b86184ea51d64f7583e6fc45c583679cfb4bf0d97fd7deee90d8652,896699,25667.0,333.0,0.012974,1,1,192
2025-05-14 17:09:36,30eb2f6985ec2913995a3e948ffecb85e0577a84ec9af72c103e5a0073c34f52,896699,11914902.0,459.0,3.9e-05,1,2,235
2025-05-14 17:09:36,93dfed79da5a2d6c5c0f4c8c5252c64cb4d1255ba490edc9eee7f00e9d036751,896699,359362.0,828.0,0.002304,3,2,518
2025-05-14 17:09:36,70b8d133b098d681a6413d9df2df5db3611e5afb48d50956ad870ba2b480ed50,896699,8349770.0,423.0,5.1e-05,1,2,222
2025-05-14 17:09:36,bfa402db3aa9bb16ead51a76455d10fd5dcb2194bad02fea6dce02e3b191f74f,896699,583171.0,429.0,0.000736,1,1,325
2025-05-14 17:09:36,28d1f108e27680faef02b2cef559743213aa28eea29c16a6984b39d70e058c4f,896699,22099127.0,423.0,1.9e-05,1,2,222
2025-05-14 17:09:36,48c447355ebbb44611b65cf2a63715dbbe4a39dc043168ef0f26e0a9b0a4e04d,896699,283771.0,462.0,0.001628,1,2,205
2025-05-14 17:09:36,9ec11a9185dc51af9ca185c69478dfe677564dbaf23a782247a745790387d24c,896699,923028.0,636.0,0.000689,2,2,312
2025-05-14 17:09:36,6a7ee53d0e37edaf47729df105556bbc173dd95550130b0aebc2137abf95009d,896699,923880.0,636.0,0.000688,2,2,312
2025-05-14 17:09:36,2362517023a3eee6e3eac43858b95acb2d12d61cafb6b1c77434587644f733aa,896699,924732.0,636.0,0.000688,2,2,312
2025-05-14 17:09:36,1c91bf972ced6426afe6eaf8a68a32ef541c79e8b7de7eb63d8bddc38609c982,896699,925584.0,636.0,0.000687,2,2,312
2025-05-14 17:09:36,18d82db111522d2139677c5edc88eff518ee807d0ae4492fb27ca890c888b44b,896699,149474.0,429.0,0.00287,1,2,194
2025-05-14 17:09:36,c5de2442028336ecc94d541b372a4ce423c2a916555131c5a2b6a07f6ab06f4b,896699,1070742.0,627.0,0.000586,2,2,371
2025-05-14 17:09:36,ddc5cd050700c8930dafb051442ac0f41c29c61ab66fbbf3bfb92f2d8a5da34a,896699,49667.0,333.0,0.006705,1,1,162
2025-05-14 17:09:36,e83521aa22a52a0b960a9afd37c6a8882b0268683681aaa48a39f88d922dd548,896699,68466.0,462.0,0.006748,1,2,205
2025-05-14 17:09:36,0b2fcb20da32ad5b6b26976c1aaef4fa4262627bb468e43c28f2d3245181bb48,896699,964522.0,423.0,0.000439,1,2,222
2025-05-14 17:09:36,54dc7c73dc2a2392943e93356036dcaaefac19faf3c20dab59689e84900d3848,896699,8013047.0,426.0,5.3e-05,1,2,224
2025-05-14 17:09:36,02d8f9c39d97810e41f3d17c6fcb605a534f6327e3007afc6eb269750b9bd647,896699,24634.0,333.0,0.013518,1,1,192
2025-05-14 17:09:36,757cbc91f06c4e639cd89993b5ee74b74c5fe523fb1dfac1bfd35e06b3249047,896699,49667.0,333.0,0.006705,1,1,162
2025-05-14 17:09:36,e9d75ca4a8b8f1e1c601d046224a476a3fb92ae2c834c8069558a69fdb07c646,896699,21496.0,501.0,0.023307,1,2,248
2025-05-14 17:09:36,1386703a4161c1a0f69601b67eaafad29388fdfa3b31d523d59dbd20d0781346,896699,6138.0,462.0,0.075269,1,2,205
2025-05-14 17:09:36,5ea3db3a7de89c76502d5fc7894a0880a421b69d9b4fd8a1b5e2f7cd75c22645,896699,998910.0,636.0,0.000637,2,2,312
2025-05-14 17:09:36,aaba224b0ec7d45a4322107ef15455cb06eeed2e6c8d404703d2b6b2214a0e44,896699,582771.0,429.0,0.000736,1,1,325
2025-05-14 17:09:36,34b5b9f6fef40e9eb1e206cc082fa3b0459f8ceee3dc2aa1f5d9a9c2115ec343,896699,546.0,456.0,0.835165,1,1,324
2025-05-14 17:09:36,34da98485f972142b862a9a5fc243b8eb12662502176ee5b86c5cd6a7e9c5fec,896699,15939.0,462.0,0.028986,1,2,205
2025-05-14 17:09:36,7884c69fbc7c1fd05d14fda120842555e28c1dd4a660dc3bae77c8a6af757b41,896699,297395.0,426.0,0.001432,1,2,193
2025-05-14 17:09:36,a16b87a8cab3b8667769d67736718142135621531a225b00acafb23ec39b0d41,896699,193939.0,510.0,0.00263,1,2,251
2025-05-14 17:09:36,726148c1d26b48d713e65d0ea633ad5dff9818c4e82489b74a5598661fda1c3e,896699,192839.0,423.0,0.002194,1,2,222
2025-05-14 17:09:36,be61591fdfba54413e8cb5867c3cf07c5ca998615ca96f1f5bb93694a369c03d,896699,84020625.0,624.0,7e-06,2,2,370
2025-05-14 17:09:36,0b9ef95f3c774b9aaa3462072af5fa9e86b74bb29d0916b1baa77821fd59d7b2,896699,84950724.0,423.0,5e-06,1,2,222
2025-05-14 17:09:36,84ff2b87c6094f75693785896711f079df3f2c0e15378cff71b4b89b109912e2,896699,85065089.0,660.0,8e-06,2,2,382
2025-05-14 17:09:36,8126c10dbf1f9db59a5af6565c2fb057f36282e1aaf51ec1f2c9b7c7c0044852,896699,65525.0,657.0,0.010027,1,2,219
2025-05-14 17:09:36,9b0fd0ab18d05cef52c2e80130836c233076b8aa64559b4e4e5b9b24230f3b3d,896699,546.0,462.0,0.846154,1,1,332
2025-05-14 17:09:36,9bec31026702fb2b5f0c19e6e47a3c31e753337713a497b0ea88d06e2cdc763b,896699,762476.0,2490.0,0.003266,6,10,1254
2025-05-14 17:09:36,e3f897a5eec31e5a9f1585155d1f13c6b00369675bcb6428517c3b814543e59a,896699,768074.0,1362.0,0.001773,1,11,536
2025-05-14 17:09:36,c237d1c8d563196fc8baac625c99870b839cca13f952ee57aa1538e1426f373b,896699,5421.0,1356.0,0.250138,2,2,300
2025-05-14 17:09:36,6f61a46a3d1e8f2a621af1d4120d0536a50492b37b36d75dba64483b695254dd,896699,195117.0,240.0,0.00123,2,2,301
2025-05-14 17:09:36,903f5b86cecc48a9896d6db23104921e24c2d66531eb32a5b6dafdd4fc9b361b,896699,3651185.0,264.0,7.2e-05,1,3,302
2025-05-14 17:09:36,881a5fb9dfde7d3cf99d9d0b511d08047e41a74f695a1df71515a3d99c66df3a,896699,3713.0,1378.0,0.371128,2,2,300
2025-05-14 17:09:36,fd0b10620e6710291a1efd71e67fcadcee0f1a6f4f9ea97519a3bc46e951b1f5,896699,317891.0,254.0,0.000799,2,2,313
2025-05-14 17:09:36,1f7cb626eda6243520762dc641fd9d2f90be8696c8ba2215febb99af4bead45d,896699,772746.0,264.0,0.000342,1,3,301
2025-05-14 17:09:36,4409460d6cd842828ef1752865ece05d76dc410df0296c8699abce79046d7238,896699,484460.0,540.0,0.001115,2,1,342
2025-05-14 17:09:36,e257a22dcc25d97829739c3bb4d439e3f30cfa5c759d01d5967c723bfcb6f337,896699,1757447.0,657.0,0.000374,1,2,219
2025-05-14 17:09:36,f711ee18b9849232525e1ac7df923cf8166bc3d7dda860b5da06486664929e36,896699,12501030.0,426.0,3.4e-05,1,2,223
2025-05-14 17:09:36,0d6609879ccae57016329f6f94ee6648869ecb489859401cdbc53ce2e34b1a35,896699,61486244.0,426.0,7e-06,1,2,223
2025-05-14 17:09:36,ac06dea3eec0d796587f666bcc2d968a65653e786a952312819dd083dcd29434,896699,848545.0,426.0,0.000502,1,2,193
2025-05-14 17:09:36,175d5f6e5b44d008721edb0657df7fd5218441bde6b00013b7efbe6f0b733134,896699,1388520.0,624.0,0.000449,2,2,370
2025-05-14 17:09:36,492a907e41c9aef33a98691606eb6d16a01501c168c82fd3d75fc28abb09da33,896699,36058619.0,333.0,9e-06,1,1,192
2025-05-14 17:09:36,7c585f93a3883523ed96c5333c28a24dec29f5c072b42b4471434990d8a25731,896699,509370.0,330.0,0.000648,1,1,191
2025-05-14 17:09:36,9cb40c156ae278ca077e3f4c6469ed669236c06d48c00ccaff078b7fe2f63531,896699,8565.0,462.0,0.05394,1,2,205
2025-05-14 17:09:36,5dea6894f3f3e692c3a8f13da98e39742928e977363063a63d047443d42adc30,896699,582371.0,429.0,0.000737,1,1,325
2025-05-14 17:09:36,4cc67f3eafc83ce161dac07c686f28932d29fb4e7715d1566f06128147607b2f,896699,45420.0,768.0,0.016909,2,2,418
2025-05-14 17:09:36,46da15f5f3fd367bb85c6bf3d86ddacac0f10eeeac75964a50de14d1125c332f,896699,34326170.0,426.0,1.2e-05,1,2,223
2025-05-14 17:09:36,353320a99f7d8c79a53258f0331f025bd3b0a9537c35143950ae59cd1e952e2e,896699,6309789.0,423.0,6.7e-05,1,2,222
2025-05-14 17:09:36,d34d80ff937450a0de730f4b1d374290580f1957ac7a3c92d0478c0bcc73402c,896699,317038.0,426.0,0.001344,1,2,193
2025-05-14 17:09:36,afd41c67fbf8e011d86ba49b9ea4c44e64f14257676922bb6046367ff2edd62b,896699,30993.0,432.0,0.013939,1,2,225
2025-05-14 17:09:36,a641dd542c9920bf7c70f96c3f977cb5639c9af541d4674213eb39fbd566022b,896699,29852.0,462.0,0.015476,1,2,205
2025-05-14 17:09:36,3195c0e5cba61884040ee0eedc67820c249940ef70985905c8f3b9e84f86c42a,896699,171667.0,333.0,0.00194,1,1,192
2025-05-14 17:09:36,8768f19032479acab55a16f476e343f683970d9890e3c876902e43633d990229,896699,44871.0,624.0,0.013907,2,2,370
2025-05-14 17:09:36,ec782109b427f2b88e422194874c79df65127d447f8b0f7a3f2739fafd23e628,896699,1012127.0,330.0,0.000326,1,1,191
2025-05-14 17:09:36,8dcf12f601771c8b172237dadbbd84d1eede1b795abbc5501d10599b09c18b27,896699,59138.0,462.0,0.007812,1,2,205
2025-05-14 17:09:36,b48b767841626b73dc76572323e456da1c5387d678908f383a69552dd580be25,896699,100689.0,399.0,0.003963,1,1,214
2025-05-14 17:09:36,6522fca12630875ebdaf7de3eed00e05821f8fbe3bd1c32ff5d3d08a69308025,896699,546.0,423.0,0.774725,1,1,318
2025-05-14 17:09:36,1cd62b7773fc64f651bf5ab3b0fb4fc069367e78a3e24c38244b0b73dfdd8e70,896699,698584.0,426.0,0.00061,1,2,193
2025-05-14 17:09:36,d1876817bb1e9538a0a19085292acd369bed217270f4ded9540953678ed3326e,896699,4509458.0,426.0,9.4e-05,1,2,193
2025-05-14 17:09:36,8192e4db8542c199c05a112c3e730ca27e0a2bfe4d0b88cbc47a393792e48e6d,896699,579538.0,462.0,0.000797,1,2,205
2025-05-14 17:09:36,25d5291c24b04369f0296b8515c39d27755139039958bbc62bb2b28329cfb06b,896699,546.0,462.0,0.846154,1,1,331
2025-05-14 17:09:36,5d09ff992458246ad94864a6209582ad4230ea8957b33fb4ebdfb2c216c9af6b,896699,6138.0,462.0,0.075269,1,2,205
2025-05-14 17:09:36,eaada71ac80098fd7ca63cfe3a73ec745f10b5504bf9232abee8f483f47ad76a,896699,3438518.0,423.0,0.000123,1,2,223
2025-05-14 17:09:36,1d1084cc4a72a6e2bb07304f7fec48a1430018eed29348821a1b57bde9d5146a,896699,499999574.0,426.0,1e-06,1,2,224
2025-05-14 17:09:36,9a12f0f710657ca57955ec8efe5de772cb879503fa18f714c9fe90e09fc2f869,896699,16887242.0,423.0,2.5e-05,1,2,222
2025-05-14 17:09:36,ab6c8a7e01f212b4ddd2204232eeaeb03151cd18f8b3711d8501ce8172a00b69,896699,989118.0,435.0,0.00044,1,2,196
2025-05-14 17:09:36,13db02f568f0ccd018ec85c64aa9333257383b42a1070622139589ec21cf7267,896699,70789.0,423.0,0.005976,1,2,222
2025-05-14 17:09:36,b5b364f8b2747aa7214fa74b63d335a5af6c75093adc06d356461ab4e87dee66,896699,2136815.0,426.0,0.000199,1,2,223
2025-05-14 17:09:36,753bf50b4ae221f3c0033cacc70bba690370f63417d2a4949bb565f10f82a166,896699,1011432.0,432.0,0.000427,1,2,225
2025-05-14 17:09:36,50d393a454f98aaed6f85d3a2dce1f04936b4f3506b6cfc6b78e2ea275429366,896699,546.0,462.0,0.846154,1,1,333
2025-05-14 17:09:36,07754f825bac6deb30789beb46babd7aa7cbf712f0c39f048f097ed5c0e22396,896699,1764.0,636.0,0.360544,2,2,312
2025-05-14 17:09:36,a0fcf290cfe112c1eef9428026a2a7e7d5507a6a37e0767f6c3f67d7c7b0d265,896699,5724.0,426.0,0.074423,1,2,193
2025-05-14 17:09:36,b8fa4aa9cfdccb68cf7f1e5f0c4426727a9d5a2925dd09f5a940b32561c45c65,896699,438424.0,576.0,0.001314,1,1,192
2025-05-14 17:09:36,23cab36f6d68be4615f32efae11c2bb7d3030384ca1dc19adae8d85784317664,896699,546.0,462.0,0.846154,1,1,333
2025-05-14 17:09:36,dbb4be5721d0c4ef299066112bedf19947683ee164429da328ad7afb08a76560,896699,297295533.0,426.0,1e-06,1,2,223
2025-05-14 17:09:36,4c9973ddd927d14d19b365f5840fc4157616d6df7c7066c52df534b86caa0860,896699,19896542.0,423.0,2.1e-05,1,2,223
2025-05-14 17:09:36,f300525b711ded9ad1834399f47361b5dae020b4152875ddc6f6fe9d02eaa55f,896699,3675858.0,462.0,0.000126,1,2,205
2025-05-14 17:09:36,8ed577159e02f3c08573b14953030411a840ca7056d0828e33008581bfac935e,896699,199667.0,333.0,0.001668,1,1,162
2025-05-14 17:09:36,ec6a3806c107823851195aec5cf3d37df6f4fcabae6621c480256d77b9bf365e,896699,9557544.0,507.0,5.3e-05,2,1,269
2025-05-14 17:09:36,5936a6c06896bdc2a7bc5aeb5962b03621abe38146a29e26919a7c107b9a6b5c,896699,546.0,462.0,0.846154,1,1,332
2025-05-14 17:09:36,d6ca2daa1f3b83d22c26f856a0628324f1c24db2eb2c24c2e7b141e2f002c9eb,896699,15605.0,462.0,0.029606,1,2,205
2025-05-14 17:09:36,35c31466c4b7eab5eb94532d8e7dbbb99e7969f7f73b9888b44c37585f79da5a,896699,278796.0,330.0,0.001184,1,1,191
2025-05-14 17:09:36,5bc84d6c33524b47b7c9707fa239359ceda05310d0a543ce099889154aded159,896699,5964.0,462.0,0.077465,1,2,205
2025-05-14 17:09:36,7c1370bb4f9b33099c83b6122dcfbfde71313753421ae3c4c19b6abf4928cf59,896699,102088.0,333.0,0.003262,1,1,162
2025-05-14 17:09:36,e72071c04ac4cc453343ac314ca33b46df027a018c555a4ebd0484ef5a497a59,896699,6715077.0,423.0,6.3e-05,1,2,223
2025-05-14 17:09:36,1eb0751e5f0e44b58a0cf684a63b6b0dab68f0f15c072789b7b5135a995aae58,896699,217062.0,423.0,0.001949,1,2,222
2025-05-14 17:09:36,209937b9be977725c2814a0a55932694f80b43da90fef916d06936c3f3bf5856,896699,63567.0,423.0,0.006654,1,2,223
2025-05-14 17:09:36,2e106f8a44e165ff34b034f4e9f581eecb19044bbdc11348be64c02d48602a55,896699,122362.0,630.0,0.005149,2,2,372
2025-05-14 17:09:36,4853d13d24cb4838b82b6ddf0a4f2d3c4d2fd13b58187153651c69b78efd1355,896699,593118.0,516.0,0.00087,1,3,253
2025-05-14 17:09:36,fc22e4c4f0b96f63ece800f9eded2d5a8b227d603eb0ed5a281357d91cd8f354,896699,28093825.0,402.0,1.4e-05,1,1,215
2025-05-14 17:09:36,8596f7ceaec0c0b6c5aa0240721929e25a62b6a6b9616d1b6729eacfa930bd54,896699,72220.0,459.0,0.006356,1,2,235
2025-05-14 17:09:36,aea64e6bdeab0343b76ccb9345b87048f5345b91900fd12fb2759e5d90a29d53,896699,2251213.0,627.0,0.000279,2,2,372
2025-05-14 17:09:36,2292fc76215b8f2046050cbdb3475102ad4180b9726a6aa33168deaa2a6b9553,896699,125452.0,462.0,0.003683,1,2,205
2025-05-14 17:09:36,f692a330cd8d106f0042106e0b6f3c9c5cd99507c85a28bcc1508e3199312f53,896699,3481.0,438.0,0.125826,1,1,336
2025-05-14 17:09:36,afc3f0424b86184ea51d64f7583e6fc45c583679cfb4bf0d97fd7deee90d8652,896699,25667.0,333.0,0.012974,1,1,192
2025-05-14 17:09:36,30eb2f6985ec2913995a3e948ffecb85e0577a84ec9af72c103e5a0073c34f52,896699,11914902.0,459.0,3.9e-05,1,2,235
2025-05-14 17:09:36,93dfed79da5a2d6c5c0f4c8c5252c64cb4d1255ba490edc9eee7f00e9d036751,896699,359362.0,828.0,0.002304,3,2,518
2025-05-14 17:09:36,70b8d133b098d681a6413d9df2df5db3611e5afb48d50956ad870ba2b480ed50,896699,8349770.0,423.0,5.1e-05,1,2,222
2025-05-14 17:09:36,bfa402db3aa9bb16ead51a76455d10fd5dcb2194bad02fea6dce02e3b191f74f,896699,583171.0,429.0,0.000736,1,1,325
2025-05-14 17:09:36,28d1f108e27680faef02b2cef559743213aa28eea29c16a6984b39d70e058c4f,896699,22099127.0,423.0,1.9e-05,1,2,222
2025-05-14 17:09:36,48c447355ebbb44611b65cf2a63715dbbe4a39dc043168ef0f26e0a9b0a4e04d,896699,283771.0,462.0,0.001628,1,2,205
2025-05-14 17:09:36,9ec11a9185dc51af9ca185c69478dfe677564dbaf23a782247a745790387d24c,896699,923028.0,636.0,0.000689,2,2,312
2025-05-14 17:09:36,6a7ee53d0e37edaf47729df105556bbc173dd95550130b0aebc2137abf95009d,896699,923880.0,636.0,0.000688,2,2,312
2025-05-14 17:09:36,2362517023a3eee6e3eac43858b95acb2d12d61cafb6b1c77434587644f733aa,896699,924732.0,636.0,0.000688,2,2,312
2025-05-14 17:09:36,1c91bf972ced6426afe6eaf8a68a32ef541c79e8b7de7eb63d8bddc38609c982,896699,925584.0,636.0,0.000687,2,2,312
2025-05-14 17:09:36,18d82db111522d2139677c5edc88eff518ee807d0ae4492fb27ca890c888b44b,896699,149474.0,429.0,0.00287,1,2,194
2025-05-14 17:09:36,c5de2442028336ecc94d541b372a4ce423c2a916555131c5a2b6a07f6ab06f4b,896699,1070742.0,627.0,0.000586,2,2,371
2025-05-14 17:09:36,ddc5cd050700c8930dafb051442ac0f41c29c61ab66fbbf3bfb92f2d8a5da34a,896699,49667.0,333.0,0.006705,1,1,162
2025-05-14 17:09:36,e83521aa22a52a0b960a9afd37c6a8882b0268683681aaa48a39f88d922dd548,896699,68466.0,462.0,0.006748,1,2,205
2025-05-14 17:09:36,0b2fcb20da32ad5b6b26976c1aaef4fa4262627bb468e43c28f2d3245181bb48,896699,964522.0,423.0,0.000439,1,2,222
2025-05-14 17:09:36,54dc7c73dc2a2392943e93356036dcaaefac19faf3c20dab59689e84900d3848,896699,8013047.0,426.0,5.3e-05,1,2,224
2025-05-14 17:09:36,02d8f9c39d97810e41f3d17c6fcb605a534f6327e3007afc6eb269750b9bd647,896699,24634.0,333.0,0.013518,1,1,192
2025-05-14 17:09:36,757cbc91f06c4e639cd89993b5ee74b74c5fe523fb1dfac1bfd35e06b3249047,896699,49667.0,333.0,0.006705,1,1,162
2025-05-14 17:09:36,e9d75ca4a8b8f1e1c601d046224a476a3fb92ae2c834c8069558a69fdb07c646,896699,21496.0,501.0,0.023307,1,2,248
2025-05-14 17:09:36,1386703a4161c1a0f69601b67eaafad29388fdfa3b31d523d59dbd20d0781346,896699,6138.0,462.0,0.075269,1,2,205
2025-05-14 17:09:36,5ea3db3a7de89c76502d5fc7894a0880a421b69d9b4fd8a1b5e2f7cd75c22645,896699,998910.0,636.0,0.000637,2,2,312
2025-05-14 17:09:36,aaba224b0ec7d45a4322107ef15455cb06eeed2e6c8d404703d2b6b2214a0e44,896699,582771.0,429.0,0.000736,1,1,325
2025-05-14 17:09:36,34b5b9f6fef40e9eb1e206cc082fa3b0459f8ceee3dc2aa1f5d9a9c2115ec343,896699,546.0,456.0,0.835165,1,1,324
2025-05-14 17:09:36,34da98485f972142b862a9a5fc243b8eb12662502176ee5b86c5cd6a7e9c5fec,896699,15939.0,462.0,0.028986,1,2,205
2025-05-14 17:09:36,7884c69fbc7c1fd05d14fda120842555e28c1dd4a660dc3bae77c8a6af757b41,896699,297395.0,426.0,0.001432,1,2,193
2025-05-14 17:09:36,a16b87a8cab3b8667769d67736718142135621531a225b00acafb23ec39b0d41,896699,193939.0,510.0,0.00263,1,2,251
2025-05-14 17:09:36,726148c1d26b48d713e65d0ea633ad5dff9818c4e82489b74a5598661fda1c3e,896699,192839.0,423.0,0.002194,1,2,222
2025-05-14 17:09:36,be61591fdfba54413e8cb5867c3cf07c5ca998615ca96f1f5bb93694a369c03d,896699,84020625.0,624.0,7e-06,2,2,370
2025-05-14 17:09:36,0b9ef95f3c774b9aaa3462072af5fa9e86b74bb29d0916b1baa77821fd59d7b2,896699,84950724.0,423.0,5e-06,1,2,222
2025-05-14 17:09:36,84ff2b87c6094f75693785896711f079df3f2c0e15378cff71b4b89b109912e2,896699,85065089.0,660.0,8e-06,2,2,382
2025-05-14 17:09:36,8126c10dbf1f9db59a5af6565c2fb057f36282e1aaf51ec1f2c9b7c7c0044852,896699,65525.0,657.0,0.010027,1,2,219
2025-05-14 17:09:36,9b0fd0ab18d05cef52c2e80130836c233076b8aa64559b4e4e5b9b24230f3b3d,896699,546.0,462.0,0.846154,1,1,332
2025-05-14 17:09:36,9bec31026702fb2b5f0c19e6e47a3c31e753337713a497b0ea88d06e2cdc763b,896699,762476.0,2490.0,0.003266,6,10,1254
2025-05-14 17:09:36,e3f897a5eec31e5a9f1585155d1f13c6b00369675bcb6428517c3b814543e59a,896699,768074.0,1362.0,0.001773,1,11,536
2025-05-14 17:09:36,c237d1c8d563196fc8baac625c99870b839cca13f952ee57aa1538e1426f373b,896699,5421.0,1356.0,0.250138,2,2,300
2025-05-14 17:09:36,6f61a46a3d1e8f2a621af1d4120d0536a50492b37b36d75dba64483b695254dd,896699,195117.0,240.0,0.00123,2,2,301
2025-05-14 17:09:36,903f5b86cecc48a9896d6db23104921e24c2d66531eb32a5b6dafdd4fc9b361b,896699,3651185.0,264.0,7.2e-05,1,3,302
2025-05-14 17:09:36,881a5fb9dfde7d3cf99d9d0b511d08047e41a74f695a1df71515a3d99c66df3a,896699,3713.0,1378.0,0.371128,2,2,300
2025-05-14 17:09:36,fd0b10620e6710291a1efd71e67fcadcee0f1a6f4f9ea97519a3bc46e951b1f5,896699,317891.0,254.0,0.000799,2,2,313
2025-05-14 17:09:36,1f7cb626eda6243520762dc641fd9d2f90be8696c8ba2215febb99af4bead45d,896699,772746.0,264.0,0.000342,1,3,301
2025-05-14 17:09:36,4409460d6cd842828ef1752865ece05d76dc410df0296c8699abce79046d7238,896699,484460.0,540.0,0.001115,2,1,342
2025-05-14 17:09:36,e257a22dcc25d97829739c3bb4d439e3f30cfa5c759d01d5967c723bfcb6f337,896699,1757447.0,657.0,0.000374,1,2,219
2025-05-14 17:09:36,f711ee18b9849232525e1ac7df923cf8166bc3d7dda860b5da06486664929e36,896699,12501030.0,426.0,3.4e-05,1,2,223
2025-05-14 17:09:36,0d6609879ccae57016329f6f94ee6648869ecb489859401cdbc53ce2e34b1a35,896699,61486244.0,426.0,7e-06,1,2,223
2025-05-14 17:09:36,ac06dea3eec0d796587f666bcc2d968a65653e786a952312819dd083dcd29434,896699,848545.0,426.0,0.000502,1,2,193
2025-05-14 17:09:36,175d5f6e5b44d008721edb0657df7fd5218441bde6b00013b7efbe6f0b733134,896699,1388520.0,624.0,0.000449,2,2,370
2025-05-14 17:09:36,492a907e41c9aef33a98691606eb6d16a01501c168c82fd3d75fc28abb09da33,896699,36058619.0,333.0,9e-06,1,1,192
2025-05-14 17:09:36,7c585f93a3883523ed96c5333c28a24dec29f5c072b42b4471434990d8a25731,896699,509370.0,330.0,0.000648,1,1,191
2025-05-14 17:09:36,9cb40c156ae278ca077e3f4c6469ed669236c06d48c00ccaff078b7fe2f63531,896699,8565.0,462.0,0.05394,1,2,205
2025-05-14 17:09:36,5dea6894f3f3e692c3a8f13da98e39742928e977363063a63d047443d42adc30,896699,582371.0,429.0,0.000737,1,1,325
2025-05-14 17:09:36,4cc67f3eafc83ce161dac07c686f28932d29fb4e7715d1566f06128147607b2f,896699,45420.0,768.0,0.016909,2,2,418
2025-05-14 17:09:36,46da15f5f3fd367bb85c6bf3d86ddacac0f10eeeac75964a50de14d1125c332f,896699,34326170.0,426.0,1.2e-05,1,2,223
2025-05-14 17:09:36,353320a99f7d8c79a53258f0331f025bd3b0a9537c35143950ae59cd1e952e2e,896699,6309789.0,423.0,6.7e-05,1,2,222
2025-05-14 17:09:36,d34d80ff937450a0de730f4b1d374290580f1957ac7a3c92d0478c0bcc73402c,896699,317038.0,426.0,0.001344,1,2,193
2025-05-14 17:09:36,afd41c67fbf8e011d86ba49b9ea4c44e64f14257676922bb6046367ff2edd62b,896699,30993.0,432.0,0.013939,1,2,225
2025-05-14 17:09:36,a641dd542c9920bf7c70f96c3f977cb5639c9af541d4674213eb39fbd566022b,896699,29852.0,462.0,0.015476,1,2,205
2025-05-14 17:09:36,3195c0e5cba61884040ee0eedc67820c249940ef70985905c8f3b9e84f86c42a,896699,171667.0,333.0,0.00194,1,1,192
2025-05-14 17:09:36,8768f19032479acab55a16f476e343f683970d9890e3c876902e43633d990229,896699,44871.0,624.0,0.013907,2,2,370
2025-05-14 17:09:36,ec782109b427f2b88e422194874c79df65127d447f8b0f7a3f2739fafd23e628,896699,1012127.0,330.0,0.000326,1,1,191
2025-05-14 17:09:36,8dcf12f601771c8b172237dadbbd84d1eede1b795abbc5501d10599b09c18b27,896699,59138.0,462.0,0.007812,1,2,205
2025-05-14 17:09:36,b48b767841626b73dc76572323e456da1c5387d678908f383a69552dd580be25,896699,100689.0,399.0,0.003963,1,1,214
2025-05-14 17:09:36,6522fca12630875ebdaf7de3eed00e05821f8fbe3bd1c32ff5d3d08a69308025,896699,546.0,423.0,0.774725,1,1,318
2025-05-11 02:26:37,2644f4c209d1a79df9def68cbc28a6b96d5f9d2f12dcbfe7456d6fb2abc66fcc,896193,19069672.0,1032.0,5.4e-05,1,3,254
2025-05-11 02:26:37,a0c57e309904e5e1613f24e0431d121b7b4bbd920debea62d3dcecee076a76cb,896193,55881492.0,1458.0,2.6e-05,1,5,325
2025-05-11 02:26:37,4a74a721b238b3537310f4e41c1397f5c8d902cade4e44a57ec0b2dbbdcd5bca,896193,3134049.0,1218.0,0.000389,1,4,284
2025-05-11 02:26:37,cec308bf956d1460a0778554fd4d405d3c480d14aa94013f047fef9d07253dc8,896193,546.0,924.0,1.692308,1,1,332
2025-05-11 02:26:37,da44532d92695ca2c006c03dc12bca64cc01d1bdb62794f8aed1335e48db59f2,896193,153876.0,924.0,0.006005,1,2,205
2025-05-11 02:26:37,91bf3b44e3fd5629839f8615f1a3f2aeff108e229a7d09c239d30d4bb7e916c8,896193,30223.0,1272.0,0.042087,2,2,312
2025-05-11 02:26:37,44b55b836a3563ca1c2b838dbf0104a0d45eb809e607d0fe430a3e6e419141c4,896193,78797676.0,1422.0,1.8e-05,1,5,318
2025-05-11 02:26:37,bdb429caa179afe4997e5e7e4c57ad1deade916d2efd25704023cd3661bc94c2,896193,89140.0,846.0,0.009491,1,2,222
2025-05-11 02:26:37,336f162a4afbcdb7ed01f6eeff5365fbf16e64868edb94c41977ffa5bad8c4c1,896193,682074.0,1272.0,0.001865,2,2,312
2025-05-11 02:26:37,315758c817a1fdfd98d825b9fac97e234977891c36fe5bbe05f25578422b05c1,896193,965279.0,1218.0,0.001262,1,4,284
2025-05-11 02:26:37,2bbe657478755df2b160f8540d4f35b6e5f0a4b021399504e387dd10d36f3fc0,896193,20422.0,846.0,0.041426,1,2,222
2025-05-11 02:26:37,c487a3e6b7f95a8bed6ecfd56a25d5bb979e20c6f106c282cf56cd4f7e8b2ec0,896193,10635530.0,846.0,8e-05,1,2,222
2025-05-11 02:26:37,c1d09cc9cc3d53f88eff95707453d2036e27e7504b7c6e94b0de7236f5e3cebf,896193,153076.0,924.0,0.006036,1,2,205
2025-05-11 02:26:37,e04bef368502747ecb72b65a5054eac81268b6ce717c4e8ec6c0a8af43661abf,896193,3831541.0,990.0,0.000258,1,2,247
2025-05-11 02:26:37,e4a1ca632cce45c1498f4447c374e0c3754edfbf494d42afdd3ce6389ecd4cbe,896193,1794920.0,846.0,0.000471,1,2,222
2025-05-11 02:26:37,36f36e4c0f7fbc271609312e4998158c85795f733877e18aee6810f8beb026bd,896193,114737.0,987.0,0.008602,1,2,222
2025-05-11 02:26:37,60bf56b4ddefe336bf729a81f7a60a24b0bfcf5d0ea664798f4155a6b411b50a,896193,124379.0,987.0,0.007935,1,2,222
2025-05-11 02:26:37,928f5ddf4a64f32041176cc8f498b092f09fe3072b9eb602070fa9f671de6149,896193,143590.0,564.0,0.003928,1,2,223
2025-05-11 02:26:37,9d86cb55c2ae231d64002929f2e52bc42779ca4fc10e9138221cf37252e321bc,896193,74848.0,852.0,0.011383,1,2,224
2025-05-11 02:26:37,59267c686e4aa290e33673d1c94c8484f51f8765e49316075ba0e5747e07b8b6,896193,8493557.0,1410.0,0.000166,1,2,235
2025-05-11 02:26:37,86dcff8eb547c444027b9e4e2a666562c5573a66bd7a93613e2636c672fd53b6,896193,12999468.0,852.0,6.6e-05,1,2,224
2025-05-11 02:26:37,0b657a74b59b4ad71f3f99d2722a42dd06c5f1b50ea63cc6068fefaa713139b6,896193,160756.0,1962.0,0.012205,4,2,526
2025-05-11 02:26:37,82e6d490456fbfd3811b587bc4c95ed417e4ed8298bc3b7f5d52019a740f91c8,896193,115664.0,924.0,0.007989,1,2,205
2025-05-11 02:26:37,8475c25e73d8c86880b256492c1d0081d521dcb36e648c62ba6ebfad8faa0eb6,896193,1277384.0,846.0,0.000662,1,2,222
2025-05-11 02:26:37,5fde63ff09f6c3bc32a47abba23c2428909311716fda7cd4a9cface6ed2b0db6,896193,81190.0,4830.0,0.05949,1,4,451
2025-05-11 02:26:37,55894eef24d5d45198fe2b5e1769e0b2ca967424459e636738aa19344b0d02b6,896193,883825.0,864.0,0.000978,1,2,225
2025-05-11 02:26:37,3f3f944f81916acfc01afd1f095303da4773db0fd5b8ace75e00699b1d56d3b5,896193,93584301.0,846.0,9e-06,1,2,222
2025-05-11 02:26:37,1df74f8e7569a15ce51543cbf6526aef1f0547b722ba54e3ad36ea3095e2f3b2,896193,546.0,918.0,1.681319,1,1,330
2025-05-11 02:26:37,8782b0f33146f3b9e650622c4ce92c75b0769c69078d04c93154c5b98d7fdecc,896193,19363922.0,924.0,4.8e-05,1,2,205
2025-05-11 02:26:37,ab789899b1aea93eb6cca810e256d518e4b6392efe0ce645b090f984fb440eb2,896193,26523980.0,846.0,3.2e-05,1,2,222
2025-05-11 02:26:37,0bf5ee3f3d1ee119627715f99e9a2ba89e365b2de2467af41607d4c0edc2dbfa,896193,26537058.0,846.0,3.2e-05,1,2,222
2025-05-11 02:26:37,c4472387add331388728063b3ff4b72060ea11f50fb14d4efa284a3edc4e05b2,896193,22033.0,666.0,0.030227,1,1,162
2025-05-11 02:26:37,52809ea67514028d3b4ff4fe77e21331882c6b8be6d7bc525ad3c42f0b04d9b1,896193,8919.0,666.0,0.074672,1,1,162
2025-05-11 02:26:37,5b2af5aaa641ef344d05a8f9a48905e003107610da570a54480650c7b37c22b0,896193,50048.0,1602.0,0.032009,2,4,368
2025-05-11 02:26:37,69e632ef66d315cea6ff0e49a8211e8fa1ca37b431da22cc0a8abe377293a2ad,896193,7007.0,660.0,0.094192,1,1,192
2025-05-11 02:26:37,07c576f17b2b5acff27de678af930277a82b09a18e73a3879fa6d4bde24128ac,896193,1369417.0,2508.0,0.001831,4,1,742
2025-05-11 02:26:37,a03e0d16f8568b74dd81cf42127fee1407e842275d1ad95a4fcf48cd5db5acab,896193,546.0,912.0,1.67033,1,1,324
2025-05-11 02:26:37,ecdccc95f5aee96bc921c030e980f112fe4b223f8bb98c4087e6cc6d4d56deaa,896193,455345.0,924.0,0.002029,1,2,205
2025-05-11 02:26:37,46d84495eaf3bfebdbbae4803ff56283fc3a99ec413da3027dfbe70bc8f8d6a9,896193,3408660.0,1134.0,0.000333,1,2,379
2025-05-11 02:26:37,3a4d5d7bb2091be911f01ac83e76c397571192f3df6fc00dfe6e97c7e06c01a9,896193,546.0,912.0,1.67033,1,1,323
2025-05-11 02:26:37,1dd64e272bf6cb8af79bcc04e98f7eabc44ab7de29b78c76cdeab83a001f6aa8,896193,157045.0,924.0,0.005884,1,2,205
2025-05-11 02:26:37,6044bc70e02d640ced289b95fbd93790bfce966362ecd38f91a77f21171bf8a6,896193,1353800.0,1032.0,0.000762,1,3,253
2025-05-11 02:26:37,2cc29638fec4850482f19c1be4c943a2be60f8b54a2d9e650f3af0ddb852f4a6,896193,546.0,912.0,1.67033,1,1,323
2025-05-11 02:26:37,ac293ffdeb178ea24498ded9ff41fdce11c98ed79102965ee6ba98f7ae2056e8,896193,198572.0,924.0,0.004653,1,2,205
2025-05-11 02:26:37,a553405e313064eff403605023f97ba5230847a688990a9bebda31f20f3d2aa6,896193,403210.0,1038.0,0.002574,1,3,224
2025-05-11 02:26:37,97defdb182f46274cfcf207867b2c7b50d04cf333510c09309b24e249908eca5,896193,546.0,912.0,1.67033,1,1,323
2025-05-11 02:26:37,2574a955801e3863a5f580c0735f00a2f9fe396b5522e52728b097d2cba167a4,896193,63793.0,924.0,0.014484,1,2,205
2025-05-11 02:26:37,f71fb81e57f4222f48e79ee3a4f31fe2225d2b6b745dc921bfff8c92ad7f2fa4,896193,330.0,906.0,2.745455,1,1,322
2025-05-11 02:26:37,50f0a071ee487a96f52726b7526b31502c9c988ff1d08c4cbe25650bad040fa3,896193,34721288.0,864.0,2.5e-05,1,2,225
2025-05-11 02:26:37,0f1141f12bcb20ad16e6cf98daa9c77243ccc9f87976657bb7c15e6e901608a2,896193,93116.0,8190.0,0.087955,23,1,2505
2025-05-11 02:26:37,c56c486f44fe71932c2f69dd4084b0f21dad92e2c227e5aa39e303df83ca12a0,896193,7228675791.0,2154.0,0.0,1,7,550
2025-05-11 02:26:37,aa281251ed32e2545249591425487e755a8da4faee6225c9e6ea4569d42fd79e,896193,32496.0,924.0,0.028434,1,2,205
2025-05-11 02:26:37,c1b23e5b1f6926004e5c4dd77a272325307d7bd9e5e863de6c43b59fcc40179d,896193,330.0,906.0,2.745455,1,1,322
2025-05-11 02:26:37,da2ccd5db7005c270ab61accbfcf46a1fb8b2675ee46fb428e06377b599a5d9c,896193,33127.0,1272.0,0.038398,2,2,312
2025-05-11 02:26:37,6d1ec72cb5133f30c82958f3959560940444c1ae8abe1d972b8f46be23e2089c,896193,373225946.0,846.0,2e-06,1,2,223
2025-05-11 02:26:37,47e42e48948495b35a6277a193d3eb70e349757987c13d686ec00da84cdb069c,896193,546.0,912.0,1.67033,1,1,324
2025-05-11 02:26:37,4d3395dc79a48402bcc441356f65a6ef22f668cf27313111853cb348b3e8d3f7,896193,33266.0,924.0,0.027776,1,2,205
2025-05-11 02:26:37,21263c01f17285ea332bfb3773c10d0adece627c3c64d2d4acfc7fee802c8c96,896193,546.0,924.0,1.692308,1,1,331
2025-05-11 02:26:37,b41c259b5d961df7de0209160a5d25658a182364aad2df36dfc3a0e07f4cd8f1,896193,9456.0,924.0,0.097716,1,2,205
2025-05-11 02:26:37,51be28e83e992fd877d5307a8e60f31fe55d61baa5cb3ec877b8ea8d19748896,896193,386591976.0,846.0,2e-06,1,2,222
2025-05-11 02:26:37,ebf84f7a96c21c71a44fb8c69e48f2978d85bef1e3b825328daaca71ed82d495,896193,546.0,912.0,1.67033,1,1,323
2025-05-11 02:26:37,fc7e3c44d43daabe550c15925a25003f49bad5f995a6418cd864f0b98370eaac,896193,663317.0,924.0,0.001393,1,2,205
2025-05-11 02:26:37,abee52dcfc25bd9e3941f726cc9a1d4d8b0a0e5a0bcf79c42ebf7c1830314295,896193,330.0,906.0,2.745455,1,1,322
2025-05-11 02:26:37,004440ee102f1e25bea8815fe009137c7e46b5bc6a4401e479b1d8b67054da94,896193,385855.0,846.0,0.002193,1,2,222
2025-05-11 02:26:37,ddd40e8cbe0f793bac815ad99a5caa46dcd6b47572c2183027a4a026cab95594,896193,158735797.0,846.0,5e-06,1,2,222
2025-05-11 02:26:37,cb142cdfbf00ee06d9bb7bd1bd67f5ba45d21561f0ca111b01d687fc2dd88292,896193,330.0,906.0,2.745455,1,1,322
2025-05-11 02:26:37,48181a61925ee0bbef836c87ec64c773f47b3e6a277928ed2cae755f4a5f2892,896193,85052628.0,1254.0,1.5e-05,1,4,290
2025-05-11 02:26:37,f944cce11c59dd3d44575a145f3b14b884e2bedca9af4b3f287c0b8fc8e9bd8f,896193,630087.0,1272.0,0.002019,2,2,312
2025-05-11 02:26:37,33475422815636bffa0644313b784c7db04745bd083d6fff0252c9b263d69d8f,896193,10904.0,852.0,0.078136,1,2,223
2025-05-11 02:26:37,0a48af98037e1fb3cadfe51d7db782084d401860d6c96d59d60f229ecc5d1e8e,896193,1907285.0,852.0,0.000447,1,2,224
2025-05-11 02:26:37,c9aac23dd8773bdac37c37a96b27d8082007a20321122634eebba30cfbff0b8e,896193,385838.0,1032.0,0.002675,1,3,253
2025-05-11 02:26:37,eb42120d721dc7c222b6e6825b6aebb906a06a71e98f488f3f08def5dc78688d,896193,483686.0,846.0,0.001749,1,2,222
2025-05-11 02:26:37,81189aae2d3e30ad07fbf3550adea433cf6d19b70fa34a2d94ef30fb8502558d,896193,546.0,912.0,1.67033,1,1,323
2025-05-11 02:26:37,b56d612b026e371aad86c7340dff9a6046714678b54d1761a3c0322317437f8a,896193,203046.0,990.0,0.004876,1,2,246
2025-05-11 02:26:37,90ebbe7b5d43a1387db217267492cd9fa7f167d32a9535316cf51d17c2bb178a,896193,963243.0,846.0,0.000878,1,2,222
2025-05-11 02:26:37,9f3c8128304c031cdc72962679f3eac8ee63a5fe0ccef16528ad1a9ade7deb89,896193,483752.0,846.0,0.001749,1,2,222
2025-05-11 02:26:37,46c2cfbd76ebb3483f626ee5b522c0d957d379a406b4f4bd4ddcf2965806c789,896193,5190958.0,1548.0,0.000298,3,1,501
2025-05-11 02:26:37,9ac2ecc1bab7676ae1e5e7c8cdccd82d1c6e6be66528402b7acb97e437e1b089,896193,21991112.0,852.0,3.9e-05,1,2,223
2025-05-11 02:26:37,2cb376c37894b60301ed33302ea33430110150eced138f02c9f99ffde7c89389,896193,63196.0,1734.0,0.027438,3,2,532
2025-05-11 02:26:37,5e5a3f38d5cd7edf900669362b0c5d74cf940327e701db07dac5480521c53a89,896193,477950.0,846.0,0.00177,1,2,223
2025-05-11 02:26:37,5d6462874092263a11683f3edc2dd94bf336a9cfbdf71d5f9d65ede51d79fd86,896193,971621.0,4464.0,0.004594,12,1,1339
2025-05-11 02:26:37,93a5aea08c3e31c64d52358da3b33ca3ff3ca9fe11fa9aad2edd95ae4bad1d86,896193,964155.0,1032.0,0.00107,1,3,253
2025-05-11 02:26:37,fc8d91142e4ca11c12087e8b762f271ac40548c88134155d6decb3460ed38983,896193,546.0,912.0,1.67033,1,1,323
2025-05-11 02:26:37,2739c145c26ae2359ebd7ed40dfbe9c6308d808bebb98fca378b69d02d78947d,896193,14786470.0,846.0,5.7e-05,1,2,223
2025-05-11 02:26:37,b03fce7d428b12a0f116d094e86a12327011d9740e0eb35d2a5b5a2c92ad6d7d,896193,959739418.0,14472.0,1.5e-05,24,25,4339
2025-05-11 02:26:37,7cff5c9d37e3d4894e9ca51606f90ba6a847e50c4c9d2f787e1f6c4ee93d4b7b,896193,387313.0,846.0,0.002184,1,2,222
2025-05-11 02:26:37,eee97e5c2336d6512c762717c74efca8d3d8ed469291e57a845e8a928d01b37a,896193,330.0,906.0,2.745455,1,1,322
2025-05-11 02:26:37,a88db5c86c01a1c969243156d88f4336e78645b7fda986fc74332fd9b045127a,896193,94507.0,846.0,0.008952,1,2,222
2025-05-11 02:26:37,107c3f8fd5c6e09f8d4d8ce76724899b055dc964d33273f543c54e0be8fdcc73,896193,7730696.0,846.0,0.000109,1,2,222
2025-05-11 02:26:37,091904a977cf8c745748b13844693f34fa763d72708624a28994af4a26908373,896193,3706611.0,846.0,0.000228,1,2,222
2025-05-11 02:26:37,800da7779cac7b6153efd7b8182952f3f4071e7075bc633f996781c1a4e3aa72,896193,1183867.0,852.0,0.00072,1,2,193
2025-05-11 02:26:37,7dddd7fc3a19c5b1f0e00051e6af60cb884bdbf6d8df714196b4b2aefcaa9c72,896193,210943.0,660.0,0.003129,1,1,192
2025-05-11 02:26:37,0e053cb94a060d03edbd8ebb31e717f15e7427b83d40ced3c86a6a1359e2ef6f,896193,330.0,912.0,2.763636,1,1,324
2025-05-11 02:26:37,1cacf27dd9f88ff00d2b4c1b8e74e0b7fc9118fd3f64edb313deced4b1dab56e,896193,346059.0,1254.0,0.003624,2,2,372
2025-05-11 02:26:37,804e3b94bf3959d72c3204de8403580efa74faf7822c9618274148c67cc16c6c,896193,4174901.0,1608.0,0.000385,2,2,431
2025-05-11 02:26:37,af10ad8e67dc8f0b9a07f0fbed10e895e1fd374fd6ec98d6ee8749f431cbed6b,896193,46694.0,1272.0,0.027241,2,2,312
2025-05-11 02:26:37,5c64a50abbfcba1ea2e35390e811778a94e9be350f13bcc46b552112560f4c6b,896193,546.0,918.0,1.681319,1,1,330
2025-05-11 02:26:37,7f49bb84295cf604a28e069d314199c4f346530b42cfd90c23f0c80975f67c7e,896193,15277.0,924.0,0.060483,1,2,205
2025-05-11 02:26:37,d0ed1c2cffa69f168cf500f0e3b40f023bfc5b724c6570bf744e2cb734501a6a,896193,330.0,906.0,2.745455,1,1,322
2025-05-11 02:26:37,4bca58b67787f442c7fea0ae2e0f112ba8453c0ac7b1e5d464fb831d8a62fd68,896193,1410734.0,1254.0,0.000889,2,2,372
2025-05-11 17:27:36,af00420e629ae4c16794d590f405aea6bce3145f9f00e913e8a2e0ad6cc16f46,896286,330.0,151.0,0.457576,1,1,319
2025-05-11 17:27:36,0d66ed1bfacf0cfc8911d898eb97b4f2cc11e4afcf615e6185b289cff2394b46,896286,25560.0,145.0,0.005673,1,2,196
2025-05-11 17:27:36,06999087e8a8cffa0099187e058ab0200b3f001f9e6614045794bc9624f61a46,896286,351.0,129.0,0.367521,1,1,269
2025-05-11 17:27:36,3a3c0881e856175e485f66af9436e271c10debbff1c8b311bc13a3f08197fd45,896286,42709028.0,141.0,3e-06,1,2,223
2025-05-11 17:27:36,69eae193cdfda61d19af3e6c82530ac451b3a5ae1739e62cc25a2b1213ebc845,896286,434844.0,1137.0,0.002615,19,1,2079
2025-05-11 17:27:36,31ecb11bba1f6e14bee20c5cd530175bb20b9e412ad927126abd9ce646718045,896286,696731.0,99.0,0.000142,1,1,150
2025-05-11 17:27:36,732536e257831c715deb9230c180b1949fa8cb8828bc0e5bdb7eb2843d377e45,896286,42566.0,154.0,0.003618,1,2,205
2025-05-11 17:27:36,d838fcd80121bf3908cd4747ddae1534741a17d89b9ae90e10e5d3d6ed957345,896286,546.0,154.0,0.282051,1,1,333
2025-05-11 17:27:36,ac1ac3a802b8d837b2daa02d889ce048495ed21ba562e0b35d2edf6feede4861,896286,97303.0,154.0,0.001583,1,2,205
2025-05-11 17:27:36,fc48a542e2e93874574884447a043a21783dbdc118bcd838e4f06e97331c5245,896286,67178.0,805.0,0.011983,1,4,451
2025-05-11 17:27:36,c4a694b9ef95e31003a1e529a3a700307efe0fef6a053fb21b5286fa99d63545,896286,66786.0,154.0,0.002306,1,2,205
2025-05-11 17:27:36,7608f96f7f1852c46b5d5a6efe57437af813afd545eed0381134345bf6570d45,896286,330.0,153.0,0.463636,1,1,330
2025-05-11 17:27:36,01b44fb2242bbe4f9b9edb10141112ddcd7b55e851d53db86f8f80f27c52fa44,896286,330.0,152.0,0.460606,1,1,323
2025-05-11 17:27:36,f8c8402dbb472c1018365813eff7712013ffd123eb676f2ec68186b86cd1f244,896286,18305.0,212.0,0.011582,2,2,374
2025-05-11 17:27:36,ac5998f91fb1b83f0041151f9b993db050887482c57d1753de1b9da56636d344,896286,138351.0,805.0,0.005819,1,4,451
2025-05-11 17:27:36,78d6a4ad3347a98d64ff63a5365f2587079d325523275514bd166681c503d144,896286,330.0,152.0,0.460606,1,1,323
2025-05-11 17:27:36,39e5bea812e18190765f5b2e539b4287e9f740f0ea5a159649838cc69916cc44,896286,73463.0,234.0,0.003185,2,2,365
2025-05-11 17:27:36,03e0bef6362e3fd69b4a0d2620ad694e6466d872b3cd02e1ef1c4d16af9ec144,896286,330.0,152.0,0.460606,1,1,323
2025-05-11 17:27:36,583bb25f703ac53a0cb74f51651b4b5167c789a4b839e8376a2e64819859c144,896286,330.0,151.0,0.457576,1,1,319
2025-05-11 17:27:36,02a257e362c164345acd7bff2ae67331505961e16210d43383f4ada051b6ba44,896286,78751.0,142.0,0.001803,1,2,193
2025-05-11 17:27:36,2a883a58455619a1a7765ef2efac5435768d428186ac91c11c95c2bcabb6b944,896286,546.0,153.0,0.28022,1,1,330
2025-05-11 17:27:36,43af474f702698d5e5284aa966a8469566c925189052ed5ec33f5386ff6fa6fa,896286,25201.0,154.0,0.006111,1,2,205
2025-05-11 17:27:36,fbb17c6e59bbadb6d99dd41278fc0f6971b4a8b2bb33b9904cd97fba308d8244,896286,19742.0,110.0,0.005572,1,1,192
2025-05-11 17:27:36,a68102ebde854fb7fca292653cbbed101b84af2683d4b253beb9759a52b85444,896286,330.0,151.0,0.457576,1,1,319
2025-05-11 17:27:36,74c87f3c568c315454872924abab316e066c0638680d3af4ae1e2c4b66c62344,896286,296548.0,142.0,0.000479,1,2,193
2025-05-11 17:27:36,6c14010f2b16bdd37924e7f8517a82dcacceee9e66cab3696b6530f827798ab2,896286,336610.0,142.0,0.000422,1,2,193
2025-05-11 17:27:36,8cf2825eab87f6bbb8e61a5c03d43579e9b3f4cb175753569a832e7ff5684cc8,896286,376672.0,142.0,0.000377,1,2,193
2025-05-11 17:27:36,dd9b70269757522fe246e8cbca468a68418ec97548a577f7d97dece1733131db,896286,416734.0,142.0,0.000341,1,2,193
2025-05-11 17:27:36,af4af952b5fc18f5402c7ee011f57f5da68a3684609a7c50047f1b0e84a27c87,896286,456796.0,142.0,0.000311,1,2,193
2025-05-11 17:27:36,63ac37d136d152e50907a4ad25c2972ea0e5e1030bed7e23698841c33abd0b87,896286,496858.0,142.0,0.000286,1,2,193
2025-05-11 17:27:36,b873fa46033c483db19fb4a1ee67a2884512cc76604bd9e32abf6514378d1344,896286,3697.0,154.0,0.041655,1,2,205
2025-05-11 17:27:36,3c87d368f5fdddca6185c1e28ac0d4605ebf833c1449f98f0aa4f154ddce0a44,896286,330.0,152.0,0.460606,1,1,323
2025-05-11 17:27:36,7b5de60ece108384750b2a03bb4ce4859d15241c2c86238f6ee9bc061b3ef743,896286,546.0,154.0,0.282051,1,1,332
2025-05-11 17:27:36,5bb09c54e3f34877a4cce0af22b1aeeac059f6949569b6eddbde19e8c633c343,896286,407690.0,110.0,0.00027,1,1,191
2025-05-11 17:27:36,2fd4fcbf480a6d415eda1521dc7832de885119eb947d61f5dee9d30b9942bf43,896286,330.0,151.0,0.457576,1,1,319
2025-05-11 17:27:36,17323ff8b715474f3d6862ce555cd501cdc5b733886b742d43600262d936ad43,896286,546.0,151.0,0.276557,1,1,322
2025-05-11 17:27:36,246e8f3195e685fa0afa53a9d49cfe213e86b56257c5c24594ad4915a2fdfdc6,896286,71648.0,154.0,0.002149,1,2,205
2025-05-11 17:27:36,495e576e17ca66d66152acb127916ab9f6c61c7ac64ac903593acd9983568643,896286,330.0,152.0,0.460606,1,1,323
2025-05-11 17:27:36,5e5c403ce926d4a530fd8b3bf8f579473baaa8573338775a89fd12a7a7367e43,896286,77665.0,153.0,0.00197,1,2,234
2025-05-11 17:27:36,07da9d5180307cc439234d13edb52fd4c1861295c3b2098ff92cef262ac55c43,896286,330.0,152.0,0.460606,1,1,323
2025-05-11 17:27:36,07d295b32a27ecd0b81f9c2784f90eb6621437c32e492d986e0a7409502f2992,896286,634937.0,154.0,0.000243,1,2,205
2025-05-11 17:27:36,f2d1965dec81d405acbddec67dadbc148359e29cd0ff5ebc590324d35d205743,896286,12457.0,142.0,0.011399,1,2,224
2025-05-11 17:27:36,a68c0ef9332fbffbd1e6a6dee6dca9441132f903731cfe5ecad0d12c0c105643,896286,1089840.0,1089.0,0.000999,15,2,2294
2025-05-11 17:27:36,85b2e601e6807814e0044daf1b503e1dc857a8a248db6092c7ad02ef3b8d3143,896286,4006308.0,203.0,5.1e-05,2,2,303
2025-05-11 17:27:36,182f992c484123d485b698174a2344d2f45952aaa96887fbd35ea5ca47423143,896286,546.0,154.0,0.282051,1,1,331
2025-05-11 17:27:36,a837972be0951306c264114d05cb36876e8c552adceada590cff99bd6453be7c,896286,32823.0,154.0,0.004692,1,2,205
2025-05-11 17:27:36,946c0e9b60fd7e33f0164c474fb0528d334faf591999b1d606e95dd84cd22743,896286,330.0,152.0,0.460606,1,1,323
2025-05-11 17:27:36,0e2486b979c8ff7a39e59c90dfd0511f955abab3deee6b7752e3a5b9b3682643,896286,330.0,151.0,0.457576,1,1,319
2025-05-11 17:27:36,57f22d7619b5dbab481b5d8181539950a3f0748eca5ddc3fa2c886f160880643,896286,330.0,151.0,0.457576,1,1,319
2025-05-11 17:27:36,c15c35a474ff0a172786b6cfd450e60f1b5706191420954a2a3c457bf59ff242,896286,351.0,129.0,0.367521,1,1,268
2025-05-11 17:27:36,bae7b2e609dbfc36679d4805e198a2078e8c37360cbfdc6bd98d0b66fbdaf142,896286,62402.0,110.0,0.001763,1,1,191
2025-05-11 17:27:36,ae6bdae5b9459ef2608a521a303c0729a1fc35b1a162f43891bf6475e4d2d042,896286,44143.0,154.0,0.003489,1,2,205
2025-05-11 17:27:36,63509305fdc9867ebd1c8385d40714d8bf7d71ea3670754ee7b41e3f590bad42,896286,330.0,152.0,0.460606,1,1,323
2025-05-11 17:27:36,4dd510d7d3066525940499bb0aa3e2b5c6c9f4c82a078a57be26a5e05c64a042,896286,351.0,129.0,0.367521,1,1,268
2025-05-11 17:27:36,5a64301f2a94ca6f47cf80e1160d9db35c9b922457cd30f85fcca41e93459d42,896286,56573.0,217.0,0.003836,1,3,298
2025-05-11 17:27:36,82517118d7dbae3ff094b1ba9201e51035cd6054edcc5e76bc68489085bb4f42,896286,351.0,130.0,0.37037,1,1,272
2025-05-11 17:27:36,7ec85c7963165efe7862c8d496bb71fd99cb0d918c942f894dfc48eda59a3542,896286,17747.0,110.0,0.006198,1,1,191
2025-05-11 17:27:36,92eb4f5033ee826ae8ed7241d3091eef1da7f4fde44fbeb48b2d18269867f141,896286,546.0,153.0,0.28022,1,1,330
2025-05-11 17:27:36,2cc4ae01a6a53baf656a923d611a02d7c5d84ed46450fe15b4808a49455d4ca2,896286,908992.0,154.0,0.000169,1,2,205
2025-05-11 17:27:36,f75147188b062fa419e471189ce26e1d2c113dfc5a7a40714b1cb606eb95d541,896286,4003006.0,600.0,0.00015,7,5,952
2025-05-11 17:27:36,3c9ef3cb87dd900120c7235fa6b65de4552a3dcafe3ce13e1cf24df54186c941,896286,77793.0,154.0,0.00198,1,2,205
2025-05-11 17:27:36,efb72c380adb4d0ccfd0e9d3e899e3aab714c9f7b45423f8b5a63faf183abe41,896286,33913.0,217.0,0.006399,1,3,298
2025-05-11 17:27:36,59f93d7891a9efa2de7ce68ae22c86c40fc4bc92e87436cc94b9767d4c909641,896286,518850.0,142.0,0.000274,1,2,193
2025-05-11 17:27:36,be21a1af1c107e53741135b3644928f12ee931bf5f85c3a34eda0bbdd4109441,896286,330.0,152.0,0.460606,1,1,323
2025-05-11 17:27:36,89c31297518f3cebf9ff30dddc512046caad85bf3f3dbe0d0f45d97c1eee9341,896286,21325.0,182.0,0.008535,1,3,233
2025-05-11 17:27:36,9d92586d39c73465772acfa8353f04f7f71ed78345d72d101e810a6933458c41,896286,15813.0,217.0,0.013723,1,3,298
2025-05-11 17:27:36,a40ee38d9203d1f59146d5ae20f85d78e2f4ffe6c221e61a0e54c021fa965341,896286,6074725.0,144.0,2.4e-05,1,2,225
2025-05-11 17:27:36,601579761a266f4fd17550ed2cf1770b83ff161e71f71e5384148d0ed87f4e41,896286,330.0,152.0,0.460606,1,1,323
2025-05-11 17:27:36,5597cd782f9cefd2c20136a572c884a9b7f0b7ba5e8b59656b5fb40394373241,896286,89450953.0,154.0,2e-06,1,2,205
2025-05-11 17:27:36,d7f805b5aa7904678fab3f50ce376ad365e28700e0462bc450b7bf2928b81f41,896286,330.0,152.0,0.460606,1,1,323
2025-05-11 17:27:36,d0519b37507a9a53afb7d200c6198675c9564d3f0ecff9aa480b23f48060fa40,896286,18690.0,154.0,0.00824,1,2,205
2025-05-11 17:27:36,23f6db0b6549399f86c2e4421901c3e50d78c6c88c2043184968aea02393c040,896286,139859.0,141.0,0.001008,1,2,222
2025-05-11 17:27:36,7329ec82cf6c0b92ff69d5cc2def48ba7b588a8836d64a7c764579ff7a158f40,896286,330.0,152.0,0.460606,1,1,323
2025-05-11 17:27:36,3bc1513cdd8ab8444d7b0ad966dbe9144051b87e34ce0a76b8f41b67367e8e40,896286,6860328.0,141.0,2.1e-05,1,2,222
2025-05-11 17:27:36,6f9fd7d214af52a5afdc25ec57c7db9252c789ccfd9960421b1c325eea038440,896286,3177557.0,212.0,6.7e-05,2,2,312
2025-05-11 17:27:36,e031012aa20496a29e83e872c664d6bae49a3516fa3015c53ab78d245520c990,896286,3177769.0,212.0,6.7e-05,2,2,312
2025-05-11 17:27:36,93ca7375d09b6c3e95cad9e2d01418df86c0e0d7873cf0c27d30a07c64a8f34a,896286,3177981.0,212.0,6.7e-05,2,2,312
2025-05-11 17:27:36,8c9b5ebb5f8d3387ad7599bf56cb71cc7ee3d52c6bdb6747c8a383b158ab6c40,896286,172457.0,141.0,0.000818,1,2,222
2025-05-11 17:27:36,a585df4aab398d4f27cc53ea8641f74776f22aad3a36d8caaa4d623c13b74540,896286,330.0,151.0,0.457576,1,1,319
2025-05-11 17:27:36,62f7b63b6ffc3dd2bafdb106f9cae2e3b57ad62af42b5a3f6f2bff7156183e40,896286,330.0,154.0,0.466667,1,1,331
2025-05-11 17:27:36,733fa3d51ed82ff5cc6a6523b27ad45d5bd325f65918d5682284464de9e4d93f,896286,330.0,151.0,0.457576,1,1,319
2025-05-11 17:27:36,41936f50fcec052978855222e0e527075004a6878ff22b23a85855e87002bb3f,896286,29401.0,142.0,0.00483,1,1,319
2025-05-11 17:27:36,65ee876c5355618f37e1e1d0bcf6e0f24e201a0116ee50848d0a9a8bcc0aa03f,896286,330.0,152.0,0.460606,1,1,323
2025-05-11 17:27:36,8067d02522fb4a5a91617b4e4c49789ccc26e7adbf7c56a189796a5edc099b3f,896286,330.0,151.0,0.457576,1,1,319
2025-05-11 17:27:36,0b11c162eeb28f799d8112397b57e80f228e9cda375218bd834cdb7e49ce973f,896286,351.0,129.0,0.367521,1,1,270
2025-05-11 17:27:36,c0a62edaae871f52affdda923f3fe65c1a5a43cac4e37f9a66b2d1d07faf613f,896286,330.0,152.0,0.460606,1,1,323
2025-05-11 17:27:36,f7f60679a4d80f17383928368b8dc7d1c7ec7607026fef7d13953e37cc6b4a3f,896286,91620.0,142.0,0.00155,1,2,223
2025-05-11 17:27:36,56ceece61d8280a082314d604ea073b25e9ee5d9bd61f28ea36054a556cc3b3f,896286,4992870.0,338.0,6.8e-05,2,1,338
2025-05-11 17:27:36,c2f69f9f84fd4902d7983127a5a4aea2996ac1dcffa14c6d80cc0fce2531393f,896286,330.0,152.0,0.460606,1,1,323
2025-05-11 17:27:36,fdf5234bcf0a38c1aebde677c3a4dc4979c3eaf480b6e39fb8ce135500cf1e3f,896286,330.0,152.0,0.460606,1,1,323
2025-05-11 17:27:36,4fdfc38acb41b2527c5cb492dc21f2ab01f172b9350b076a9fb4a095bab7103f,896286,3485.0,805.0,0.23099,1,4,450
2025-05-11 17:27:36,d574044642aca3442f094cb6e3f864f38eba88b4e81fd29e096270b98705ed3e,896286,330.0,151.0,0.457576,1,1,319
2025-05-11 17:27:36,ec7d5889e9f58a03e2ad5b28f4fd67eaf62674adbb411ca071fa2cbd3376dd3e,896286,125329.0,154.0,0.001229,1,2,205
2025-05-11 17:27:36,57c5b5b8a0232603d237c43cb9aad183f0af09b81bbd6432be09b8890ca4d93e,896286,330.0,139.0,0.421212,1,1,307
2025-05-11 17:27:36,ba247b9fa315a3f82eb2497375f3f8cb87307834fc8f3d2c4e3213343564bd3e,896286,330.0,151.0,0.457576,1,1,319
2025-05-11 17:27:36,63915c6ede597a81d5b5c554a6180daa53c6d3af7966f716f3d616517bf0b73e,896286,61439.0,100.0,0.001628,1,1,151
2025-05-11 17:27:36,a660e4ff2a23c1b8e1c1bb0de56a7502be3698cb3b52aeceed834270006ab53e,896286,7282858.0,142.0,1.9e-05,1,2,193
2025-05-11 17:27:36,245a0788f6e64b61b0c63d2f864865efd5ce220a2ea9b772c4eb7c4deab55d3e,896286,11293627.0,381.0,3.4e-05,5,1,783
2025-05-11 17:27:36,0d8a61533532bff45b6303ff3d46fb7aeef0bf890ac06434477382897d12593e,896286,546.0,152.0,0.278388,1,1,323
2025-05-11 17:27:36,9c6bbfbef99bcf10b158fd0e3c28ae478dbb5ded4b82e410dcd5bb702fd471bc,896286,71936.0,154.0,0.002141,1,2,205
2025-05-17 07:09:11,e6634fea95defa139c6e27d3d34a16ef24257b5e959c53a855f2b0fd3ddb41d8,897071,335879.0,121.0,0.00036,1,1,191
2025-05-17 07:09:11,fd784fa35a2d1b695faf6104b758b27addc034db0d59ecf34874aa41005235d8,897071,4345169.0,121.0,2.8e-05,1,1,191
2025-05-17 07:09:11,87ed6cc60e9e1a52bcc76efb077c284b2e08be9a53e0e4bf0da96def93aa06d8,897071,124779.0,121.0,0.00097,1,1,191
2025-05-17 07:09:11,1b945862da5ae7a5b160793d7a20a6b4d26b279d88d8ae2942b4ae5be453fad5,897071,376079.0,121.0,0.000322,1,1,191
2025-05-17 07:09:11,b2d1759b43fecdc5c76913a1e6d84bf2a3696b69bef60b87c785379ccfaf2dd5,897071,28839.0,121.0,0.004196,1,1,191
2025-05-17 07:09:11,d253d9dcdd1d169402c17e8e82730002179429991633d1d934cd226e95141ed5,897071,76127.0,121.0,0.001589,1,1,191
2025-05-17 07:09:11,df84b4acd444ae20ae7131401624aa3f4bb359bbf43bc7c2e9d764d493e162d4,897071,78343.0,121.0,0.001544,1,1,191
2025-05-17 07:09:11,19ef44662267b5abf1eab860bd79f2040a71c08da3d4dc00b72af148aa2141d4,897071,8578.0,121.0,0.014106,1,1,191
2025-05-17 07:09:11,846435f96e6e074f36c29ac12e14fc16d336f42d819a3341b489a295145426d4,897071,100435.0,121.0,0.001205,1,1,191
2025-05-17 07:09:11,d3580c232d4c1e192878d9b9fb2e75a0c520fa32217eac70b60c5b74cb0ab9d2,897071,9657413.0,121.0,1.3e-05,1,1,191
2025-05-17 07:09:11,2f93fad7d6411ef5ab541b5014fe54ce0eeebf6a2970b26ea54512ce3bd471cf,897071,4704.0,121.0,0.025723,1,1,191
2025-05-17 07:09:11,02f7cfe625ecccc6721cdef7ab6cdf06e1357d997029bcbe4512d35bf639e2cd,897071,144767.0,121.0,0.000836,1,1,191
2025-05-17 07:09:11,664da172768633e15bd12057d0ac1e43033d15e2d3f392d65aaff6408508f4c7,897071,95403.0,121.0,0.001268,1,1,191
2025-05-17 07:09:11,c450e4bf7dd6396483f80bb9dd57095bf29f8c2a5aceb66a38ab8d2ce21abdc7,897071,164684.0,121.0,0.000735,1,1,191
2025-05-17 07:09:11,10ffb0c77484909035d814c7cefad57aeef831f24a630bc76c61257e7983b7c6,897071,5523.0,121.0,0.021908,1,1,191
2025-05-17 07:09:11,71adfbfe27b3ffac69ce2d2335a5d9d59773529bb5ba27b9133275afe2554ec6,897071,129614.0,121.0,0.000934,1,1,191
2025-05-17 07:09:11,d6e364200f7519084a83e85dfed76618249151ada512f740d595ea1812c815c3,897071,287208.0,121.0,0.000421,1,1,191
2025-05-17 07:09:11,658d2a1f1629400fd1e40eb37aeed7b5de432671f17e2ad0791e5e58781c5ec0,897071,751682.0,121.0,0.000161,1,1,191
2025-05-17 07:09:11,7a45a200df1c9a80cfb62657298cde1d7ba1ea5f88ac6634288b0b5d529d61be,897071,82091.0,121.0,0.001474,1,1,191
2025-05-17 07:09:11,37bd80638e79b4fd9ef9ee9220859b3836c47393297c85f99376c34ebb1603ba,897071,874389.0,121.0,0.000138,1,1,191
2025-05-17 07:09:11,2b18bf3b3bd426bd7faf3b63ba2a7ce9f06bacd975a552a9d336d149f6307db6,897071,135333.0,121.0,0.000894,1,1,191
2025-05-17 07:09:11,b1a35246aeca778df3ed6b18c742cfd3170cd6167dc64cf45b4c035165ce75b1,897071,96479.0,121.0,0.001254,1,1,191
2025-05-17 07:09:11,7f6f2c9323335c6bf9cf87ea9f0390c6606594182974627fcbb315dcb48533ad,897071,81781.0,121.0,0.00148,1,1,191
2025-05-17 07:09:11,17c03f930e09af9e534fe445454bae1a3c9338e64bd80303d442739f6d878eac,897071,343562.0,121.0,0.000352,1,1,191
2025-05-17 07:09:11,e2593619c10918583d9417c86cd3d782c62b297e93b295e13ddb0697fa708cab,897071,192879.0,121.0,0.000627,1,1,191
2025-05-17 07:09:11,2d1f4b98087413f938e468a0e0cf5cefa426e846d250d13b0cc9416ba98729ab,897071,1209879.0,121.0,0.0001,1,1,191
2025-05-17 07:09:11,639b1aecab82c41063ecb6fa97b8d487c0aa8141bf34a5d88853549744c18eaa,897071,4832516.0,121.0,2.5e-05,1,1,191
2025-05-17 07:09:11,b0cef1169b8a0e34a9f29e0a24c9f7e25a6980da834ca9c975844559c65c6ba7,897071,9666384.0,121.0,1.3e-05,1,1,191
2025-05-17 07:09:11,3cbe37adfdb38c85949e23c4be6c518db13b1dcb0523308a58345ee50b8f42a7,897071,3204563.0,121.0,3.8e-05,1,1,191
2025-05-17 07:09:11,3664f0bd598fca06c8e1fd4927941030033c2f7d37fc0e8a0f9d5c0d25fb0ca7,897071,429699.0,121.0,0.000282,1,1,191
2025-05-17 07:09:11,f3fcd5f8b1650787393fffc51a6a738911298ee57b63515105e7683cb559e1a2,897071,5996124.0,121.0,2e-05,1,1,191
2025-05-17 07:09:11,883ea6c4ac5419fc716e59d88b09769689bd8d318e7171ec1442d89c597794a2,897071,220322.0,121.0,0.000549,1,1,191
2025-05-17 07:09:11,dd75a283ac62474e83e62d324aef09d3b1d31e75e17d29a89b77f8b0bc4f59a2,897071,77969.0,121.0,0.001552,1,1,191
2025-05-17 07:09:11,315dba5701d211c7461dd2c4806d08c3ff6d0c1f3eeda3b48a4602864a4e6ea0,897071,2999879.0,121.0,4e-05,1,1,191
2025-05-17 07:09:11,148a75537268fddbce0a31702509edc26b769ec0beb76efbd00f8c8a25b321a0,897071,3210001.0,121.0,3.8e-05,1,1,191
2025-05-17 07:09:11,f57e37d63f31d4b3f9e56e5beb099868e73d0e034b24360687be48cbf4df5c9f,897071,580941.0,121.0,0.000208,1,1,191
2025-05-17 07:09:11,5788fe2a298669c20ec29cfb5835fbd099b4757d07319e347d88b11fdfb5469d,897071,90900.0,121.0,0.001331,1,1,191
2025-05-17 07:09:11,768d397a8f5e6805afe2eb1e1f6cf078a1c8c407608ced51e3863b850bcb8b9c,897071,96317.0,121.0,0.001256,1,1,191
2025-05-17 07:09:11,5ba009946e50ede7ed77a443f191ff750a698cdc6e46347b821a54cca3b8129a,897071,192179.0,121.0,0.00063,1,1,191
2025-05-17 07:09:11,1b4acc8146375102f2936b9f6f4f94918565e46e80075a097b1de1244787d394,897071,288203.0,121.0,0.00042,1,1,191
2025-05-17 07:09:11,c4a7b22651bc44b67e00893d39206e82394a80740275d2b82d564630959a4594,897071,39161.0,121.0,0.00309,1,1,191
2025-05-17 07:09:11,5295692b91d812854f0f417096ff7f357b9869f85f0f8ca6bc8ac7b6482e3792,897071,3871029.0,121.0,3.1e-05,1,1,191
2025-05-17 07:09:11,58cb1d6953860a4026d3a0ddfc0650278f782705ee8824c7d2af2694397e308e,897071,266101.0,121.0,0.000455,1,1,191
2025-05-17 07:09:11,1452f723d25348d626a4015202a3528c3de7462b34afb4398109f1ca8f36158c,897071,89397.0,121.0,0.001354,1,1,191
2025-05-17 07:09:11,8e30b691f5eef8ec5652e66585b1569b70a12acbd21b7c351fb4948fcd15a389,897071,1999879.0,121.0,6.1e-05,1,1,191
2025-05-17 07:09:11,85d523ffdd03e73868c6aa187cb7f2b8f8f9949bcdd7e786c27bedaea49b6b87,897071,51412.0,121.0,0.002354,1,1,191
2025-05-17 07:09:11,67b378a078ddecd3668caf61178a7c0fb0fe945f7d2e9ff758a890c40bd45986,897071,961402.0,121.0,0.000126,1,1,191
2025-05-17 07:09:11,a95961a6c2970e4e3813c58fd1c459112f347a22a7b4c99a596b3d0f0f6e8383,897071,28725.0,121.0,0.004212,1,1,191
2025-05-17 07:09:11,cea19828d876d005450122361dcbe9061530f2a3a5bbbc8036631ea41680de80,897071,134879.0,121.0,0.000897,1,1,191
2025-05-17 07:09:11,737277f07091d6c060ca3c109eb81244e5a81c92008b39930fa5f03c91a97e79,897071,490784.0,121.0,0.000247,1,1,191
2025-05-17 07:09:11,e89bd6f60bb2a3edbe3e6505a4ddef199f6084e3484f95a5eb9e31fc68d7d074,897071,578189.0,121.0,0.000209,1,1,191
2025-05-17 07:09:11,70f87dc610b41d13c7e4730f9c552b24d7c2b9fb0a95e52285e6fdb22f0c8074,897071,4696.0,121.0,0.025767,1,1,191
2025-05-17 07:09:11,230a851f2fe75abb37909f4eac33c5076123b54d27ce6725f81f5043963dad73,897071,144530.0,121.0,0.000837,1,1,191
2025-05-17 07:09:11,4fbd360a0ebcbe15218e5d5644ae551a0b89285074b251883c63fbb6c4143c71,897071,81765.0,121.0,0.00148,1,1,191
2025-05-17 07:09:11,e3598f89acdddf738c7e7caedf0ac647537691e5b806413aeb0ca3b9e41adf70,897071,22999.0,121.0,0.005261,1,1,191
2025-05-17 07:09:11,95220ff72d6105d95e69284813ab111041ea32fd0676c54ae7d7eb7868b75d6c,897071,2999879.0,121.0,4e-05,1,1,191
2025-05-17 07:09:11,b6af67533386663e8b6348c19ab351c3633716a7b0f6cc2cee7fd050b53c956b,897071,33215.0,121.0,0.003643,1,1,191
2025-05-17 07:09:11,8348850df84a4dbf791f366f794494b4b1ace7a3cff4af5bdbfc78a795a2006b,897071,47416.0,121.0,0.002552,1,1,191
2025-05-17 07:09:11,e1fc7461330b7c70485f658983281bca1a955eea10577c6d7e761f5f2ea7f86a,897071,486279.0,121.0,0.000249,1,1,191
2025-05-17 07:09:11,ccbec68080bca1788e4fc016e3294b71a05d1dac2c32a86a61abf9ab0c18d868,897071,42268.0,121.0,0.002863,1,1,191
2025-05-17 07:09:11,d4009583f128b3c5c88ab3a9b5ec1328dc1d082d2fa30fe7aff73b97084c5768,897071,191079.0,121.0,0.000633,1,1,191
2025-05-17 07:09:11,8745b2572efb306edfcf3249e19f57d3eb11e1e716149bca61a566a09abde966,897071,17213.0,121.0,0.00703,1,1,191
2025-05-17 07:09:11,4d08148892763fa75c926e35c51738341fe076b4bb5a1be8041f0917d8239f64,897071,38386.0,121.0,0.003152,1,1,191
2025-05-17 07:09:11,e03761288423fc6a59c09e95028c7fe7a4880cad50aa68b662e12328af1b3363,897071,4825629.0,121.0,2.5e-05,1,1,191
2025-05-17 07:09:11,485e675a033063a4cb92a4e2a0e15c9ce7573a0c029d153e7e7e2ff235694861,897071,148015.0,121.0,0.000817,1,1,191
2025-05-17 07:09:11,14f4fe609621432ba15119d34dbaccc7b6584091bd6dd1dd7cf083d6ea9a955f,897071,94537.0,121.0,0.00128,1,1,191
2025-05-17 07:09:11,07ff6cb780fd2dba0edb857dbe06b9ae8b2ebd2bc06a69ad9350a17cd3dc5b5f,897071,93488.0,121.0,0.001294,1,1,191
2025-05-17 07:09:11,14716f06e0d806a7990c070afec4f72e7f283a62851d16557452eb752db85a5e,897071,476127.0,121.0,0.000254,1,1,191
2025-05-17 07:09:11,eb3e3268bad5d267c6639488bcbef34b97004dd6d28ec22c62a22a59f4c4205e,897071,132113.0,121.0,0.000916,1,1,191
2025-05-17 07:09:11,6cacf083ee1d5940b650a12526a759a7caeee010e79af573db7c24abde13245d,897071,1879494.0,121.0,6.4e-05,1,1,191
2025-05-17 07:09:11,78e8f5718ac09358245a7a9c1f6f994b8a1b8f407d6a67ef1d538d02c582115c,897071,95879.0,121.0,0.001262,1,1,191
2025-05-17 07:09:11,159717ff33f56ad0dd59085e96c30b742c6a03f012e5dcc1cb866ba6f8a66759,897071,433549.0,121.0,0.000279,1,1,191
2025-05-17 07:09:11,0a843ba5c4929380100bbfe50e7a54f5499f9970840ccd9d48ab4141e4a3cb55,897071,77050.0,121.0,0.00157,1,1,191
2025-05-17 07:09:11,fd43dfa1748753c8307a80be9696d827b59217bffa465e080e3952a5d242fc4f,897071,67579.0,121.0,0.00179,1,1,191
2025-05-17 07:09:11,46d704c398f8a2f339f132e9a311c2578f4000d9121cf4e59b8f06b8bad78a4f,897071,14477805.0,121.0,8e-06,1,1,191
2025-05-17 07:09:11,4fe4232473a169f3f658bada42edafff75c6dcd890742a98eafb913b5f09584c,897071,270379.0,121.0,0.000448,1,1,191
2025-05-17 07:09:11,6ce52f3339ca67845e93a07955f10ef5820f993d65dd14bcb850a4e53393b344,897071,18612912.0,121.0,7e-06,1,1,191
2025-05-17 07:09:11,02ba9cc1ae9de5f9c8230f717a5e25b05a56a3e8b92920e16f086b3e15c80744,897071,459563.0,121.0,0.000263,1,1,191
2025-05-17 07:09:11,f51f1ca0d46f2955af68cb3021bcc8dc61df3a1cbbd6e238bd1bfac592309242,897071,1592377.0,121.0,7.6e-05,1,1,191
2025-05-17 07:09:11,0b78ebf1ce8347068fb2ad2713d21e042f3bb474c6905ef5c1bd122f84064b42,897071,299190.0,121.0,0.000404,1,1,191
2025-05-17 07:09:11,06cdbfae078b54999692a1dd298dfc91bd9184376c58418dcec676026a9ea941,897071,739752.0,121.0,0.000164,1,1,191
2025-05-17 07:09:11,c394bc37c52b20b1c20c9a08225b8c9ab3ce56cffe7d11edf453388f9e058540,897071,92750.0,121.0,0.001305,1,1,191
2025-05-17 07:09:11,0b3b2a0ab37df35d8caaf1a1d0d14f9634d38c8f999c6f4d88f72b3af468f73e,897071,259511.0,121.0,0.000466,1,1,191
2025-05-17 07:09:11,724e86bd1dc678df99b365172d3ee50677f44590e15bc73184c9647459a4543b,897071,20879.0,121.0,0.005795,1,1,191
2025-05-17 07:09:11,62443725bd2ca0b933dc8cdb1f00900fd8cdc4eca67a9fa62440f401dcaac53a,897071,100079.0,121.0,0.001209,1,1,191
2025-05-17 07:09:11,b374edf4be05c605f1557a8d4703e04e767843b0ffa35bf873d7b9b721de533a,897071,532455.0,121.0,0.000227,1,1,191
2025-05-17 07:09:11,a0ddbf4aabe7b6c19047fa630629942958b6c60a4f4d1578c7c37e3da150a838,897071,159360.0,121.0,0.000759,1,1,191
2025-05-17 07:09:11,28194b1bbfe60af2716cd15af7b1397034204e0c1781638e6ffb9e7047b81c38,897071,43061.0,121.0,0.00281,1,1,191
2025-05-17 07:09:11,c61ab0891fb1f4d049ecea22b16c1e8c1198e68b44c853e2ca5a597253a26f37,897071,376936.0,121.0,0.000321,1,1,191
2025-05-17 07:09:11,f1173db23a1d13ecded71066f7ef46f30b7770b4438525e5ed3a86a5c60ec735,897071,1040394.0,121.0,0.000116,1,1,191
2025-05-17 07:09:11,6f08fd115855222ab8813f4a43c3ff4242534ecc0fd7d56c8ef52c334f9f3e34,897071,103547.0,121.0,0.001169,1,1,191
2025-05-17 07:09:11,9b01345a1a04ba3798bb3cee1dc15d7f096f812d67c3435158883542686acf30,897071,94954.0,121.0,0.001274,1,1,191
2025-05-17 07:09:11,9d51324608b66da8e875a6cf69e2d7a790b2bc984ab7c97c039440b8ea7a4f2f,897071,208079.0,121.0,0.000582,1,1,191
2025-05-17 07:09:11,8b0a08cf55d0414ae3bca42657af86aad75d98e53a7428172951514d0836aa2e,897071,72437.0,264.0,0.003645,1,4,291
2025-05-17 07:09:11,56b528ea30e738fe1fa8b13408b88bf3d562b5cd372bb2d6da1ca54d81ea712d,897071,94604.0,121.0,0.001279,1,1,191
2025-05-17 07:09:11,0973d3360517a76ab80ca6b0b1880498cdfb66d6c07380f39599e328608cce2c,897071,39177.0,121.0,0.003089,1,1,191
2025-05-17 07:09:11,8eb0fe090ef29862c9557b644de8d9a97fc93207c5f2666498d7b8c12f213a2c,897071,9849879.0,121.0,1.2e-05,1,1,191
2025-05-17 07:09:11,1e242b5ceca2c6ff196f273d2ed68e02eb4cf99f1ffa43cecda14fe785940c2c,897071,71944.0,121.0,0.001682,1,1,191
2025-05-17 07:09:11,8a284eb03d90566a0c8b63b6fc2ee2efe9ba12bb9d9d589d9c405530857f9d2a,897071,77641.0,121.0,0.001558,1,1,191
2025-05-17 07:09:11,1db5937d36dabbae71e0ff55bf1d0699a81c446e11acca8dda29153b4c33ed29,897071,337679.0,121.0,0.000358,1,1,191
2025-05-17 10:23:47,dc6b4232744c51dbe9895fcc2c095dac1a32598505df59b0f7256c2d75c6bd1f,897086,4434659.0,2076.0,0.000468,9,2,1412
2025-05-17 10:23:47,60418cd273453c7fbb61f7e9ca6ea8b50b4c957404534c5b9064de7915b2fcab,897086,52640.0,513.0,0.009745,2,1,269
2025-05-17 10:23:47,64359c133684a6a034944d13f20d77f431b51922b9e4f07f10bb8a99717b349e,897086,52640.0,513.0,0.009745,2,1,269
2025-05-17 10:23:47,0e2387944129ac5c75eb2f8f4ab846f3352ec52bd4d31afd9466497c560c9c5c,897086,52640.0,513.0,0.009745,2,1,269
2025-05-17 10:23:47,254c207445ecf41baa6e79b6a0fae108fa302cb62c46ea73b0bb2fbadcde11ea,897086,22871.0,747.0,0.032661,3,1,488
2025-05-17 10:23:47,9f4f126159812c2110f95bf1860b674416e4c333070fef452dff6a848afd13fd,897086,45500.0,468.0,0.010286,1,2,205
2025-05-17 10:23:47,818fb6963b512cff125b49b54e0f9bd8371dae24c7871fc5172f6dfe2c14cbfa,897086,79064.0,468.0,0.005919,1,2,205
2025-05-17 10:23:47,5ffefa87ce6759e0b74db758009d8f822ff30b537a67224825f6f84d58e4796f,897086,2438466.0,1365.0,0.00056,6,1,933
2025-05-17 10:23:47,a5bee3d8527a8c462f44c79752aba1f0e5e90a3f1eff10659edb4f684623899a,897086,112924.0,678.0,0.006004,1,2,223
2025-05-17 10:23:47,95558ca0b1f76d3c74f0101a7618b0af6f30728707fb1051b87296e65f5d382a,897086,1342310.0,678.0,0.000505,1,2,223
2025-05-17 10:23:47,5c08b6450e10c90280f08d314f9952a3860fe58cc6ba26ab688b4e31ac3b5610,897086,70261.0,678.0,0.00965,1,2,223
2025-05-17 10:23:47,7438c6036555fdd66ccb26ef2ace5835b07fe8540d7f16b03ad9a050e35ca9b8,897086,62218491.0,1122.0,1.8e-05,2,2,369
2025-05-17 10:23:47,103cd791e5b697a2d7a329a632b885269f09a1a5f8cb060a2be23c8bd66f9395,897086,2669616.0,672.0,0.000252,1,2,221
2025-05-17 10:23:47,b8247550d9a44a3d6a850d0f1d4e2e373ffe53be4243c843b62049778cf9e1f2,897086,105132.0,438.0,0.004166,1,2,226
2025-05-17 10:23:47,6dd42e6696106376680d4111bb129185f184bdd884fd424931dc3c86f45d2580,897086,28792.0,438.0,0.015213,1,2,226
2025-05-17 10:23:47,6180ad8a2d159cfb939e10880009aa563a52f4d423f30fed9fb73560bebeb0d1,897086,30074817.0,2169.0,7.2e-05,7,2,1279
2025-05-17 10:23:47,e8e8fbc301958333dfe0700941a5316424407bb2b9c2e4fca90e65087bec5b83,897086,7764138.0,645.0,8.3e-05,1,2,402
2025-05-17 10:23:47,94396757df3693735a8cd8c1c6bc7194245c217e67d024c4d0e19fcf9c053a50,897086,7539.0,764.0,0.10134,1,2,251
2025-05-17 10:23:47,649fcdf70b0b6e6ce89a24bd7aa61df4ad053df45dd7d3fdfa64f1c3db2d731f,897086,515892.0,1987.0,0.003852,9,1,1375
2025-05-17 10:23:47,2f289b7d7ee8e1586c73d1d14b976e7a7a1b44945163ba8f9a7816b1127f1dec,897086,499628.0,372.0,0.000745,1,1,204
2025-05-17 10:23:47,8a7f79119b7030895eb0c4045dafbbba79a59c04dc9174cad52104afdacf76bb,897086,1450178255.0,537.0,0.0,1,3,258
2025-05-17 10:23:47,f991ef4c1ea19297fc51d3dd10246d9de770fd6dc33f7a498e43f5d9a0194ee2,897086,1721792059.0,534.0,0.0,1,3,257
2025-05-17 10:23:47,6bc960296a1b2a373d5d44a68865d1f08fa941fcb419ffb062b8f49902893fb1,897086,1753872874.0,534.0,0.0,1,3,256
2025-05-17 10:23:47,fe06e6ab930455d44596439e461045654c0c768b13916d4fe9c151ac6f5916ac,897086,1465364963.0,528.0,0.0,1,3,254
2025-05-17 10:23:47,98aecef56b5b546973af2d2e737613866b4daffd4f99f9880e6144261175fa0e,897086,1825602791.0,528.0,0.0,1,3,255
2025-05-17 10:23:47,78c5b743c708b8be106ea2ad3bae8c5d4c5129a2b79e491a8b664d6d59c7ddf7,897086,1850099346.0,525.0,0.0,1,3,253
2025-05-17 10:23:47,27962f6f0911c331368d711302945b273f6a6fb346f619205dcde4c27bfe011b,897086,46812.0,1050.0,0.02243,4,2,668
2025-05-17 10:23:47,6306b2a0dea31505fdb2d80308104f7f399eca5f31f8c67307c801ef511212da,897086,550384.0,1920.0,0.003488,4,1,629
2025-05-17 10:23:47,7e495b749e71956770ba832c6950fc93630a51d55e0d1e0962c59d450b604b96,897086,4601228.0,678.0,0.000147,1,2,222
2025-05-17 10:23:47,812de86c5b6de5fc93cd961ec46d41978d4e9cfe84201c04d9b7182d2e7fa580,897086,1857143.0,678.0,0.000365,1,2,222
2025-05-17 10:23:47,c5f3fc212dfd0c6c96e15a79889881ad61fc0443ee04241b1f1da793787fb25d,897086,23857026.0,678.0,2.8e-05,1,2,222
2025-05-17 10:23:47,228e324d4e4e5f350b094440cb8ec7dcf12671cd497a83572ab188687c0f0ee4,897086,87868.0,672.0,0.007648,1,2,220
2025-05-17 10:23:47,9789483cc19125231fa500d8e15988b5816a9242ad41fbdef740e3a9cf2d7ecd,897086,4196792.0,672.0,0.00016,1,2,220
2025-05-17 10:23:47,df0056cedd72ee750deeaa97c9e32ef54ab3de4cf0362af0619dfe060b4d35b9,897086,7607.0,336.0,0.04417,1,1,192
2025-05-17 10:23:47,2752cb713ce0e02314fca9ab58844b77ebf95d82b3c2a9ddf79c1eb5b15e16ee,897086,57000.0,431.0,0.007561,1,2,222
2025-05-17 10:23:47,fc5eeb0b75faa0f67a6213958a94078f41008ad8f9a431b3fd6d6e966327e6b0,897086,406361.0,639.0,0.001572,2,2,371
2025-05-17 10:23:47,24be4cfc266d7d0666be8ecd82f45b71be0ecff8cd4333478348cde5c606a93e,897086,40275.0,639.0,0.015866,2,2,372
2025-05-17 10:23:47,c6b783e38e08bec0c17e84bacb8d85421ef14db410a882fff5ad14ac16b1d115,897086,175689.0,639.0,0.003637,2,2,371
2025-05-17 10:23:47,976d750c85cb111342330e0f0c13a21a44d5f01462a645bf92b31302458594df,897086,95757.0,441.0,0.004605,1,2,226
2025-05-17 10:23:47,22e9cd6f3fc205c3fb55509f99579ee9c7b9939d7cc6cfccb3122dbb0ab655aa,897086,192059.0,441.0,0.002296,1,2,225
2025-05-17 10:23:47,a3bb72154c8ee98a0ef270352261caa18cd1f3290514a497c98a2d1a847aae91,897086,890961242.0,441.0,0.0,1,2,225
2025-05-17 10:23:47,8dd3eab5dce090f82ba4fa613bff05bc418e5542df382fb59a641a637db3467d,897086,418759.0,441.0,0.001053,1,2,225
2025-05-17 10:23:47,8dcfb327a1af447ba205d0ea64f92683c047f8ea8ea02121ef423abbdfdbf26d,897086,1757229244.0,441.0,0.0,1,2,226
2025-05-17 10:23:47,f300e9002b62ae5e9283eb4dc822add41d8a0153559dcdada65f9cb799bbd86c,897086,10046755.0,441.0,4.4e-05,1,2,225
2025-05-17 10:23:47,2ae4d4545e39b9c410a13013d9730ddb22cd020237d073318ddfc0163c4f722c,897086,1831963138.0,441.0,0.0,1,2,226
2025-05-17 10:23:47,e3dabe5e702e27a0bd6bebcaf9405e89eb93dfde31d27a1333055e588068de24,897086,1749579845.0,441.0,0.0,1,2,226
2025-05-17 10:23:47,a629f3a24f9c1182c2bb950bcad1cbd61f3beda03410afec856513e040d96b22,897086,97559.0,441.0,0.00452,1,2,226
2025-05-17 10:23:47,a143418eb5667278dc7befefceab0b314e1442c25121c8b366a4c22ef88b7ce2,897086,2676133.0,435.0,0.000163,1,2,223
2025-05-17 10:23:47,d1c28edbdeb4e7b6cd727a37cda52210b3dc18b30c9e22db45ea98b90128ffdb,897086,3353555.0,435.0,0.00013,1,2,223
2025-05-17 10:23:47,0ecad2d12ff6cde800407e4df0c9615ffadb6243b2f37807ff6bf5e5e0117fc3,897086,1668452.0,435.0,0.000261,1,2,224
2025-05-17 10:23:47,0fb9f75f178a893df891e17faaa1184f911840dc8cc05a839faf12bde2589fb8,897086,38099.0,435.0,0.011418,1,2,223
2025-05-17 10:23:47,146922b9a30d0dbbcf68328b40aa334764fac59abaa1f514c6fffbbe2c2e1899,897086,42083998.0,435.0,1e-05,1,2,224
2025-05-17 10:23:47,c2563c7009ea37a8a2d323fca40df05552eefa33991913f3a9e0be9d51f37e8b,897086,133212.0,435.0,0.003265,1,2,224
2025-05-17 10:23:47,02f00ed4bce461004b3fcb4b9dd1df17edd75c13bc04e5831a853dc055998c69,897086,5492827.0,435.0,7.9e-05,1,2,223
2025-05-17 10:23:47,2262c517e6a121c53fd5c9f75254ca7d0f01d7ff197b2c346c526c698d408756,897086,27185.0,435.0,0.016001,1,2,224
2025-05-17 10:23:47,43c1fda1ddf7683fc51fa873d51d82c46ffbdacf5b6bfa7f5ab173cbcea3a420,897086,9371008.0,435.0,4.6e-05,1,2,224
2025-05-17 10:23:47,9ef658691c41ef0070df9bc3896687e22519575ac3c33f01de317e7d8112d3d9,897086,4141.0,579.0,0.139821,2,1,351
2025-05-17 10:23:47,dde2da7fcb04ae123af69c2a92b92a93cc74e412cde70f8dfa5b534ebd2352ac,897086,13270.0,337.0,0.025396,1,1,191
2025-05-17 10:23:47,41de6b559e6bcfe30ceac4fcecff43138b4bc0f778ba6136b821608b8901cfff,897086,518097.0,432.0,0.000834,1,2,222
2025-05-17 10:23:47,5d3a8ddefee172bee2ca20b5f2ccb32d1ab9fa1b733b3939fa296191d5977ff8,897086,1076813.0,432.0,0.000401,1,2,222
2025-05-17 10:23:47,902c9791476b25a5889c3aed9d1d456db8385d367ed437f098aae15b5affc2f7,897086,1527806767.0,432.0,0.0,1,2,223
2025-05-17 10:23:47,c0afcf1c460ed39962ed235675e8f8bc24b08ad94488703688f608953e8968ec,897086,1849488913.0,432.0,0.0,1,2,222
2025-05-17 10:23:47,e7badbac9922393d69fd1620e916d56236f99c7bd0d422524ebdad412b4e8fd9,897086,8778978.0,432.0,4.9e-05,1,2,222
2025-05-17 10:23:47,827cdd7e7914b357d863c6aa8566a26591f9dfdc340c2707ec3253acaaf498d1,897086,1375323583.0,432.0,0.0,1,2,222
2025-05-17 10:23:47,34dda3563b8794af2708cea460fb19e3ca453b20c7729a6497495b447fe53dd1,897086,1241022.0,432.0,0.000348,1,2,222
2025-05-17 10:23:47,88b18cf76e45c5023dc12e7e3c3569bea1c7a54d86ae07a6741a84abbb6ddbb2,897086,1783144162.0,432.0,0.0,1,2,223
2025-05-17 10:23:47,74b58ad40e4f6963c861b2e9a8dd1524785d5fcff7302e6888b8d681c0995db0,897086,3758919.0,432.0,0.000115,1,2,222
2025-05-17 10:23:47,72434e2636473e3db3b7a7bf7f693881b00e8edebaf3c7df5ed9a07abde368af,897086,15216.0,432.0,0.028391,1,2,222
2025-05-17 10:23:47,dd8f0cad5cb03a2c3ea7ee015c60da9bdf195cdba8073c36380719189f7c54ae,897086,1723526517.0,432.0,0.0,1,2,223
2025-05-17 10:23:47,c9b247ca72d806cf0d5bccc66ea2abd1b195976875d669b79f762a44f21068a7,897086,46587889.0,432.0,9e-06,1,2,222
2025-05-17 10:23:47,bf50fc9328a405f9bb43cd7d947482675c711f9eeb892a2e62796e82549c92a6,897086,107630.0,432.0,0.004014,1,2,222
2025-05-17 10:23:47,fa06754cd59137a92b8525d25d0e3e8302a540e70fdd6503a308ffd9358ebba3,897086,883107368.0,432.0,0.0,1,2,222
2025-05-17 10:23:47,e37893a80b3976e45999a9eb9f6eb2f40b3971a4cad2b4b7339765e856878da1,897086,1360226215.0,432.0,0.0,1,2,222
2025-05-17 10:23:47,9675809c9a7136781b83cfc28109337b3e8ac0e58b8efd51ade47ff174645d92,897086,1061023.0,432.0,0.000407,1,2,223
2025-05-17 10:23:47,381f2ecbcfedfcd72bf8b37977027a67a6002ece2d6173d14372fb7c3483f26a,897086,163841.0,432.0,0.002637,1,2,223
2025-05-17 10:23:47,f996dc5990cb0cb4f0eb84f31a7b3904ca2e1173d489b94f804d8d9c8d005966,897086,4274466.0,432.0,0.000101,1,2,222
2025-05-17 10:23:47,6724650877ddfb0ec1499d9bc0bbc0db6ab93c4e2bbd38ff06306531eb0d4e65,897086,213455.0,432.0,0.002024,1,2,223
2025-05-17 10:23:47,390d5448652f17ccd90fee3b55da4a2cfbf938d24147e5d32bb8a99916fd3458,897086,890588213.0,432.0,0.0,1,2,223
2025-05-17 10:23:47,bd7b8948c2667d96a19b97de5628eb130e14cc059c92ed9fd3b85909b9518551,897086,474191.0,432.0,0.000911,1,2,222
2025-05-17 10:23:47,ede6fff09dcc1d5d834bc38b6f710cec62b0f8a3bd50ad8287f19d7b74627f4f,897086,2403689.0,432.0,0.00018,1,2,222
2025-05-17 10:23:47,37d5f4ef54f55c6d2823e04a156d43531b672ef4ca1e7efbd6601df7a6df1f4f,897086,22720.0,432.0,0.019014,1,2,222
2025-05-17 10:23:47,1e370b9b0b836f91535af3385fdf4f9993ac318655acf0a547d127b15e146242,897086,1359302341.0,432.0,0.0,1,2,222
2025-05-17 10:23:47,62c8cc8d6258434e12a1fd1cabb8f22d3dec5f3f276f485fe4061f317e498d33,897086,25393.0,432.0,0.017013,1,2,223
2025-05-17 10:23:47,614a0d1723afa9503f3ab7ab5904d865814764a777d5eec69c7480351cbcad32,897086,15272.0,432.0,0.028287,1,2,223
2025-05-17 10:23:47,c8e81fee3956fce5046c93065c1d26babe208c6d2f2da32b14a03efb730b2f31,897086,542422.0,432.0,0.000796,1,2,223
2025-05-17 10:23:47,c01118ab87ea3d5a65788550b9795a0c2fb83d9ccbe697044a0835a6433ca629,897086,1535263336.0,432.0,0.0,1,2,223
2025-05-17 10:23:47,1612f64c46038862361b062a35de4813a78a7c98d87838db7e533a2b31b8e820,897086,41398128.0,432.0,1e-05,1,2,223
2025-05-17 10:23:47,1ba2085a0975e28ce3903dabe0426848536e7798949132971c6f3c5c0bd0a417,897086,159561.0,432.0,0.002707,1,2,222
2025-05-17 10:23:47,41126fb1ea752f425155c16da5bd5483d62cb676e0f8dfdd5d09f380c8bb4116,897086,890575267.0,432.0,0.0,1,2,222
2025-05-17 10:23:47,e78deca4de8100779823244b482394ac399ea336860883da5f6fbcb4b1b63f10,897086,1810482676.0,432.0,0.0,1,2,222
2025-05-17 10:23:47,99351d2f6dd508c7c0bed8b6f2291efe8bbc06a514311913a45ea1d88178bc09,897086,5620.0,432.0,0.076868,1,2,222
2025-05-17 10:23:47,436b712bab45cb3a0a491c00afb9edeaeabdf45a8a8f902dc26833ba2e9a9e04,897086,88954.0,432.0,0.004856,1,2,223
2025-05-17 10:23:47,7ee36a699337c787e1c6a1152ce7c651d1e61329f7ed9e96a4e745e7d81d12d0,897086,30221.0,846.0,0.027994,3,2,518
2025-05-17 10:23:47,fddf7b5933456f43b71595a246d41ba1f5252591ebd5b7195da2c3aad65ba6e2,897086,826.0,374.0,0.452785,1,1,204
2025-05-17 10:23:47,4f08dd073c962c50dd36c2e00e1fd8454dd40693e56945862d85ad8a434eefd1,897086,530286.0,555.0,0.001047,1,1,372
2025-05-17 10:23:47,542afa4b903c420feacc6ef87bc2c41caedeba15352a10e40e40d49fa81b1374,897086,28174.0,555.0,0.019699,1,1,373
2025-05-17 10:23:47,c39e0b77852182ba5ae2037803f22246211000d11a8c0227163bbc4c4045af88,897086,1389876.0,3030.0,0.00218,8,12,1387
2025-05-17 10:23:47,73668ca45d521cef3cf8fbf2240a7d58da3d00b50cfca75d3ea9714f49093de4,897086,162944685.0,678.0,4e-06,2,2,384
2025-05-17 10:23:47,4117ae3d7d1bee05f8d310667728d1547dde796a500734326bc6c90020fb4fdf,897086,5248850.0,38660.0,0.007365,185,1,27517
2025-05-17 10:23:47,5193b544bcfb0c3b15c636c6e779f3ceaaaf2a834650ec815756dcba1d7c493c,897086,75739110.0,3163.0,4.2e-05,11,9,1576
2025-05-17 17:52:33,b16c4aba3f04e1fb31b64aa3b16777d179590027d165bbdb32bd5379873444db,897134,36627182.0,1524.0,4.2e-05,1,4,310
2025-05-17 17:52:33,108f722eb598de4878c618ef312a42da53ce6e3509dd1fd2308fa10fb35ed1d7,897134,57097.0,3275.0,0.057359,3,1,487
2025-05-17 17:52:33,22d05198768a8340bc9388b6b21712e5e30239a721734a6020582d60647ed219,897134,286442.0,1326.0,0.004629,1,3,248
2025-05-17 17:52:33,41db1f19ff7fe00aeb69fdfe65d64147a5a339de46190080288ef7cb06505c47,897134,42726761.0,1320.0,3.1e-05,1,3,277
2025-05-17 17:52:33,bcbdd4a5a1e25ee7d0a863f034eee7234ad70a069d6b5d3eca2cb5767b6f5815,897134,11619.0,1193.0,0.102677,2,1,339
2025-05-17 17:52:33,99046169f7b814833dc643f5490092f82e0dd04604304082c911eaf8b41de2ca,897134,489250.0,750.0,0.001533,1,1,193
2025-05-17 17:52:33,7a98354a801199727722488e34c7f8d9a32e818a63b6c0836198e0c8476f5a62,897134,43250.0,750.0,0.017341,1,1,193
2025-05-17 17:52:33,961460354d07bd66bcb09918cbe432e89011c4f9b17e601e0f99f8e0725744fa,897134,497361.0,1719.0,0.003456,1,3,254
2025-05-17 17:52:33,e04af61e28c6d664a8b3f91494361551949767efe6f46235c1787be5c7ef81f5,897134,1355343359.0,5380.0,4e-06,1,23,875
2025-05-17 17:52:33,80b8234889c12c9246e5bd2a5c9d5aa26aa0b882e9e37e9f0633df16253c9a51,897134,145000.0,1200.0,0.008276,2,1,339
2025-05-17 17:52:33,3d5d33818ea341507be4f0d0cdf0a7a61468a50aa7dad7cb65d81ea18e28fd8f,897134,493445.0,2296.0,0.004653,2,1,338
2025-05-17 17:52:33,b4ed6b8e8d0aa10cbc0b2608bcdbba45028ae2730195b16dae91356413888eab,897134,632967.0,2306.0,0.003643,2,1,339
2025-05-17 17:52:33,2f1634e8a4c8a2de87ab86ff36c4d4d95268ddae2a014d23b0903a7dea2503e0,897134,40250.0,750.0,0.018634,1,1,192
2025-05-17 17:52:33,d96e45ea47c1e21ef7c6da66dd801c70fe58dc63a4c30af3b3329272dfa5d492,897134,82250.0,750.0,0.009119,1,1,192
2025-05-17 17:52:33,ebce4d697b869229b3a8253f9064f8358741d7487dd281c9255930c625ea2a79,897134,1218008.0,750.0,0.000616,1,1,191
2025-05-17 17:52:33,e7103213df07136e1c66692e31a0a34b2b3b6b7ea6fd129b319335a75546cc53,897134,524250.0,750.0,0.001431,1,1,192
2025-05-17 17:52:33,ace439b66665ae053ed182884a064a2e7842e052bfa11821d701e9737cc30251,897134,613670.0,976.0,0.00159,1,2,194
2025-05-17 17:52:33,ef56272f2dfdc42eaf5f4fbcb2ca4d5b2ffc00b82e5592fa65de3ad4630a6cfd,897134,90085.0,1125.0,0.012488,1,2,245
2025-05-17 17:52:33,d3a95af4e2fe2e256ca597d30740f40b372c96d7a84ee15aa71a98ab8443c7cd,897134,131464.0,1125.0,0.008557,1,2,245
2025-05-17 17:52:33,97ff554919026ff80fea4bc16dd5cd521bee5cb838285970ae78a996cc407009,897134,609427.0,1125.0,0.001846,1,2,245
2025-05-17 17:52:33,1feb0cd1f7e55b30846e37e249603e23cf1d3c95cff0ad130d7ab2ee62725f8d,897134,22282.0,757.0,0.033974,1,1,191
2025-05-17 17:52:33,d21987dab8e3cfbd872970fe2712d040453af3bdebaa96e672125573dc407d98,897134,10810904.0,2698.0,0.00025,1,10,473
2025-05-17 17:52:33,0b646edfb07191e572eda925c2a6bc95f485b4306b7d0ce7391053df6e58e8d5,897134,1750227.0,2774.0,0.001585,3,6,645
2025-05-17 17:52:33,8b217c09775d3cb4d2714bc24ba7bdf3ac0afa633a04ba5425fa9e746bf48987,897134,14920.0,1236.0,0.082842,2,1,341
2025-05-17 17:52:33,e86677fc6334818b3c2eb91a3c9376f54cc4524ccce47057786b7d5dacf2d19b,897134,76417.0,765.0,0.010011,1,1,192
2025-05-17 17:52:33,79f8da6e44e6d7640aa1ad81e56bb7678ffc7ca968ac8c20d9232ccede412c77,897134,18494.0,765.0,0.041365,1,1,192
2025-05-17 17:52:33,cc9d7bf00a678408a5d49cf1eb1b4d7c2444bef04b6bf30dd4771e1bbaa166e8,897134,5449612.0,982.0,0.00018,1,2,222
2025-05-17 17:52:33,df90accc745879526e6b411ba3ee35a36a1fd348789789495cd96bd1840c2fc6,897134,347751.0,982.0,0.002824,1,2,222
2025-05-17 17:52:33,c90ca178ec624c457ae066700a5a19ef6ebefd4f7f8e80c8b090af4e8a025440,897134,147464.0,982.0,0.006659,1,2,223
2025-05-17 17:52:33,c67c1f5bb1780890965d89f3fce156ae1cfe082e3b22401e02c834b0e2ca7aa4,897134,7300381.0,989.0,0.000135,1,2,223
2025-05-17 17:52:33,7aa05907851a3fc2cca0724ab16042cb7c012d0b65de1901db505f25fdcb0e9d,897134,19021574.0,989.0,5.2e-05,1,2,224
2025-05-17 17:52:33,068bcd3598e90afd40c9823722126e3aeff54c4c47969a7a62fabce7cd944e81,897134,1493333.0,989.0,0.000662,1,2,224
2025-05-17 17:52:33,fd5b9c29cafefa0bdd837000632a8fe01528b444bedc0a0b92f3ab1d78c2f932,897134,2971727.0,989.0,0.000333,1,2,224
2025-05-17 17:52:33,c2c2cbdf2983287a62a7a438d92d9cb837b6a36769491d341921e37337c4c4df,897134,680070.0,1024.0,0.001506,1,2,229
2025-05-17 17:52:33,76fe62899438a8208cbc0565d6dafb1233f72533010905d1afd8804c47ea4b22,897134,420608.0,1066.0,0.002534,1,2,234
2025-05-17 17:52:33,84439b367fdbf092b227d5beaec56296598cf4e9150927a15a572f8f461ba717,897134,49444.0,768.0,0.015533,1,1,192
2025-05-17 17:52:33,bff1e146730f48d033e5a2f1ec7e6b6b3a430e527eabf9ac4cce8f70e14c070f,897134,7080.0,1453.0,0.205226,2,2,370
2025-05-17 17:52:33,ab73bf2c35509c67c0ad8925a68d7bfbcb1931de968e2a000debc46b42a6aba2,897134,1815214.0,988.0,0.000544,1,2,222
2025-05-17 17:52:33,490945895971e9945c381ae948e11586ac081097626aa6844356a908499a83b2,897134,2265882.0,988.0,0.000436,1,2,223
2025-05-17 17:52:33,9e3269027fd9575b5ddb736b30e45da914d8089f068f5d678f50f3a368502a73,897134,2355996.0,1000.0,0.000424,1,2,225
2025-05-17 17:52:33,0ef156db3046d26035d38b8571ffc8e1adc63219a9b97cb458297d75f63606d6,897134,93927.0,1561.0,0.016619,1,2,223
2025-05-17 17:52:33,05900a92e31ced0063b0f09ae798b110446f674d7d55c34370f8e105e25935c8,897134,165921.0,1071.0,0.006455,1,2,234
2025-05-17 17:52:33,6765dee55391544cc005c9f4e55298850f0153a5a8ff7c7627be445d1154c7ac,897134,551399.0,1001.0,0.001815,1,1,324
2025-05-17 17:52:33,5e8d5ebb78e5cbb98ac50eee1da027b072b74bf39785809da85cc087d772efa5,897134,3933801.0,1204.0,0.000306,1,3,253
2025-05-17 17:52:33,31a77b4595acb2d9ba3e4fb9aa90f13525aff19a6265675a3fdf450168c5f9a4,897134,488959.0,1505.0,0.003078,3,1,365
2025-05-17 17:52:33,1b18779db96b3580cf5ad094dc636858dd13372286cbf7207cee1eb558570498,897134,177011095.0,987.0,6e-06,1,2,222
2025-05-17 17:52:33,24ac4cdb07a46a743f17330acdecbe3e9d402ab07c18ab2b1628882094284582,897134,2579801.0,2289.0,0.000887,1,8,408
2025-05-17 17:52:33,7a3821729a12445472f2a45cb433ef377571634cbeadca6ced6ee1f9d401037d,897134,22871.0,994.0,0.043461,1,2,193
2025-05-17 17:52:33,b03717fe714f51c3acef75a8cdc948804284e462536d5cd7dbd087492fedb850,897134,9028282.0,3598.0,0.000399,1,14,595
2025-05-17 17:52:33,bf33af6a1c460659fad21822e873c3feb56974fffbeb28cae76ecc99eaf6f149,897134,89728.0,1148.0,0.012794,1,2,246
2025-05-17 17:52:33,836c04e1ae97c6b379a4c62709d9bf54765ad891a8c799ee7dc1ccc04e91d138,897134,546.0,987.0,1.807692,1,1,318
2025-05-17 17:52:33,02cd8b454d3938d48aadaabfaa7e1209d0dce7ff14594dec3f908d3e5043ef30,897134,387335.0,994.0,0.002566,1,2,223
2025-05-17 17:52:33,b3aba8d509dd4563379144d9942b2907f4f9796f759df5ccaf20e3edae4b7a12,897134,937396.0,1421.0,0.001516,1,4,284
2025-05-17 17:52:33,dba28b1e0b4cea5a6c11945ceefd7c91624416f7500a1b9f65360f500fa6e90b,897134,6097938.0,2975.0,0.000488,2,9,587
2025-05-17 17:52:33,54c21c5c97fc039a0abd98bb445044abfcfb82419845e4c3039abc09c91bdb5b,897134,64917.0,2361.0,0.03637,2,1,336
2025-05-17 17:52:33,4b49c65fbc1f9b5d344bcde1567f8434793d7349ef9a1a9d4d694678de0346de,897134,550087.0,1477.0,0.002685,2,2,372
2025-05-17 17:52:33,1a25ec169722f66a72fd5158edf6bf39c41c75fa99416556de73f616b29aa0d7,897134,2006759.0,1470.0,0.000733,2,2,372
2025-05-17 17:52:33,ed0098236bc9d9f345562df3d7abb0b7ddfcec617d993d76790538efe151ab8b,897134,1883893.0,1470.0,0.00078,2,2,371
2025-05-17 17:52:33,eccaaecb12b57e7dc75ebc7375aec73a1b6cbb56bd6e06fa4fe8cc50aac72d2c,897134,4491516.0,1218.0,0.000271,1,3,224
2025-05-17 17:52:33,42e67e0d639368ce9eda2b7ed79fc08daa81f5a678dd2c15715f6d3c9652c508,897134,392920.0,1015.0,0.002583,1,2,225
2025-05-17 17:52:33,6d0f91dfb4380ca9b97f819fe59d7d54c8ed0317f9d8a15bd996e66388c91986,897134,432678.0,1015.0,0.002346,1,2,225
2025-05-17 17:52:33,c334bfe8f8070a5761813a22f9645f3616117c7eb0fb7687df5e1b4fee7ec1c7,897134,534073.0,1001.0,0.001874,1,2,224
2025-05-17 17:52:33,4123148640ccd394132bb6ece205b6eb500c3017cef09c858bf3227c7eaa4c48,897134,4489234.0,1001.0,0.000223,1,2,193
2025-05-17 17:52:33,36faa6b548721c6d31e239ac228da911686e9b1a11b299e713149f0d3760d50a,897134,17696.0,994.0,0.056171,1,2,223
2025-05-17 17:52:33,11deffa5f759663b67f8a97e0cc4aaccccb07391cdb45e2ed96a5e83f5351010,897134,59088.0,2372.0,0.040144,2,1,336
2025-05-17 17:52:33,5293cdda15e5dea22ce1f054e070f86f9392c86ff7174591e7cf37581040f6b9,897134,131493.0,1356.0,0.010312,1,1,192
2025-05-17 17:52:33,0ff2555ae4ba9552a28f9b2b439db9531a0aff3b063b14f511840b6ccf273b1d,897134,1978125.0,2436.0,0.001231,4,2,668
2025-05-17 17:52:33,fc2e05fae9150aab5d067ef5f4b1031154250d3af93539c71e51e93f0b79f560,897134,1533.0,8067.0,5.262231,16,1,2428
2025-05-17 17:52:33,ba6949fc5cceec074b71608683d4f7d41352a466ce1cfb26a7b8fb08038f8c87,897134,340900.0,1000.0,0.002933,1,2,222
2025-05-17 17:52:33,01451f3d61b08ee71dfe9390fc2a7676d51f905b80d71e76a062e3605edc3d0e,897134,470867.0,1015.0,0.002156,1,2,194
2025-05-17 17:52:33,c172893a105ac22db95711c2940b629c9c08d8f06eb860cdb4617361aa42791c,897134,95748.0,1356.0,0.014162,1,1,191
2025-05-17 17:52:33,ae84aa6803052d65c647e7cff6a5f3ff7e53766f4a551f1d65e8f9944ef87c59,897134,35656.0,1344.0,0.037694,1,1,189
2025-05-17 17:52:33,0816c90d4a18147295dafd45c716ee0407bd69461f9ea7152e6526faedac0dad,897134,545082.0,1482.0,0.002719,2,2,370
2025-05-17 17:52:33,6f0699675a0ddd189f8819fc1760cb11f0df95c4a96dcb8aa00b94b9d6d8f5b6,897134,40659.0,1341.0,0.032982,1,1,188
2025-05-17 17:52:33,3d49c047f154a3d8e4d287cc240a543fe4e38af310cd4b8ff92850c18fe58754,897134,81650.0,1350.0,0.016534,1,1,189
2025-05-17 17:52:33,92be8c231266b81fc8571636bbd9b8d29ec45c57ee9284b4035462aaa60e7354,897134,96384.0,959.0,0.00995,1,1,215
2025-05-17 17:52:33,c824782745c7bda93f6303935d087880d7870d19e3413a0440fae7caa0a71fe4,897134,265469.0,1570.0,0.005914,1,2,219
2025-05-17 17:52:33,ddfdf7d38d6f6e01ea5578d98df0774aaebf0661a4d731e2d01750d0f2b91dac,897134,67764550.0,1234.0,1.8e-05,1,3,254
2025-05-17 17:52:33,173c18ee7d814937dcd490e60185914e0f2ea40e08649ec209b5ede169776f6f,897134,199691.0,2075.0,0.010391,2,2,371
2025-05-17 17:52:33,f2348e782d78f704170f65e14b4b4583402a7017fc878ce15b02d5d588e1ae14,897134,198151.0,706.0,0.003563,2,1,340
2025-05-17 17:52:33,5650458d333d601c44aa4d03c74720ff62d52961a0e203f1ca04125a9fe2fa38,897134,55228.0,1360.0,0.024625,1,1,189
2025-05-17 17:52:33,6f2501779dbecf7e0e947f57f197af014ed64c6af4be2d93e93d78c4839ddfd3,897134,269694514.0,1900.0,7e-06,1,4,345
2025-05-17 17:52:33,ba3d4a6df60e6bdb6789beb8fd867b619a018fd0f1f66cd17779c611c55ed84e,897134,39734191.0,1900.0,4.8e-05,1,4,346
2025-05-17 17:52:33,a12450d79358639b45cbffd4020ef1a51e95c2e765e72f84ee755b5f3bf8ec16,897134,20901.0,799.0,0.038228,1,1,193
2025-05-17 17:52:33,54722fb4c8867f9455db974721672875dd188f2ecbb076b8d2f386e151e60403,897134,10926024.0,1015.0,9.3e-05,1,2,223
2025-05-17 17:52:33,cb3d411ca3beaf320afc8e9f339b27ef4520355846487c87228d62d880a0dab5,897134,310739.0,1291.0,0.004155,1,3,230
2025-05-17 17:52:33,6ccf4cd98e0f1fdd0b685db66198eb55f438f4b4a8760069b1ae90df56d0df03,897134,5695924.0,32962.0,0.005787,66,2,9875
2025-05-17 17:52:33,56750a5ef199c0f3d7034e8b72ed5e0909868c45c677d1fdfd3641c963406ba9,897134,1032613.0,2000.0,0.001937,3,2,518
2025-05-17 17:52:33,7a933762be497eb3de4fbcb2482c82eed54640c390092a94811b5faa632d1a05,897134,794357.0,2000.0,0.002518,3,2,518
2025-05-17 17:52:33,b3446edf859c77d03d9171825b954492b2857873775985b30e994228f2f42c42,897134,2289988.0,1370.0,0.000598,1,1,189
2025-05-17 17:52:33,335587bb1d21e573929434f8260680c3a53dd1783dc09a9fbf802e4f04245cb6,897134,821634.0,1366.0,0.001663,1,1,188
2025-05-17 17:52:33,19b20f1126a254aa761e6ab6f539baef093e81f7a9776ff966c80141425a1364,897134,19378.0,1404.0,0.072453,1,1,190
2025-05-17 17:52:33,96d9aaca13d3a46a84f9988881e9abbfcf55022062719953806b1efaa2819012,897134,288597.0,813.0,0.002817,1,1,192
2025-05-17 17:52:33,dd6cf594a39cfd23bc3004e42d760b15e1195a3618e5fb2946a3c8a93816b426,897134,6458172.0,1043.0,0.000162,1,2,222
2025-05-17 17:52:33,a4eeb9259b9354e2550fee14cb73e353025bf1737b45b6bbc0f9bfe89a8f6b4c,897134,6623145.0,1043.0,0.000157,1,2,222
2025-05-17 17:52:33,bae17f38e0c6169b9931bd4be2d7ccb24d0022213c97e1426ce37f7d9e30707e,897134,33651.0,1241.0,0.036879,1,2,248
2025-05-17 17:52:33,37b58b8c3720cce270a7b7208b4f27585c569da63f3cabc14d500c6da4d8b78e,897134,494196.0,3710.0,0.007507,4,6,699
2025-05-17 17:52:33,094e53621c7529ebe7411134bc90c73329bbaa9165ac4a49f893cd790ff68c44,897134,20435463.0,3112.0,0.000152,1,10,470
2025-05-17 17:52:33,bc89f5fe403d387da7f09c4899c1ff8b5a59fadcda532400ae6879204b2692b1,897134,21000888.0,3157.0,0.00015,1,12,532
2025-05-17 17:52:33,2cd9d0acf4efa0666b7dd863ae291f607b319c60c76faaa5d5d77fe5d2dabf65,897134,21442118.0,1235.0,5.8e-05,1,2,246
2025-05-11 17:27:36,f3ad53f8c42447cb8d91e02cbd077de0be1ae581a73eea64568358c95210bcf5,896286,330.0,151.0,0.457576,1,1,319
2025-05-11 17:27:36,c29998cca9bb3fed606ddbc8a6f97fd6d60b28fe461b05771a1e337d2306b8f5,896286,299279.0,141.0,0.000471,1,2,223
2025-05-11 17:27:36,8b692a8579c404b7bfc11ce7f9998e7d6ec8ef6f6c7d1a3a7b0a3b1cff0e4df5,896286,45794.0,212.0,0.004629,2,2,312
2025-05-11 17:27:36,4d5dd745c040ff5d6ac18de825af3eff3f6f62d0c72c660647c686467291e6f4,896286,351.0,129.0,0.367521,1,1,268
2025-05-11 17:27:36,d31f2dd810523d74f2a0a22f280a318d5b622e1387be0ec0391ac08a3bbbdef4,896286,5999859.0,141.0,2.4e-05,1,2,222
2025-05-11 17:27:36,e4e714fd8a7eb1b5b911774ba1a0716da5ba7a2dd1de9af38626dee9de5fa8f4,896286,3037.0,212.0,0.069806,2,2,312
2025-05-11 17:27:36,3667a0a1b469bca1889352bf3e21d3f6127f9acc8b26b90829856b80ef068cf4,896286,193586.0,222.0,0.001147,1,3,303
2025-05-11 17:27:36,fc99a38a84e0b0bc8b8ea8044fe4cf56f2b57d9529c7101b9fe699643e4e55f4,896286,330.0,154.0,0.466667,1,1,331
2025-05-11 17:27:36,fe045965d75101128b2d97f2a1c74e3d177e2bd77cd8fe4fade1019d58e21cf4,896286,330.0,151.0,0.457576,1,1,319
2025-05-11 17:27:36,7effed7b4a5f72f2a47b3099d8506575c76831d7f7f83320892e61407506c3f3,896286,330.0,152.0,0.460606,1,1,323
2025-05-11 17:27:36,5767588ae762d62a294098bce7d7476582d07eacf4c20be2fe343b3df3f0bef3,896286,33367.0,218.0,0.006533,1,3,299
2025-05-11 17:27:36,b1d26061e88281e118305184f0712a86b3f0d6a3e81b251df0672de56d178bf3,896286,11812.0,164.0,0.013884,1,2,245
2025-05-11 17:27:36,062fbac54c89b9491b701bf3372fd08155388efa7d52aa1d7502884777f052f3,896286,330.0,152.0,0.460606,1,1,323
2025-05-11 17:27:36,af7a74539984cbd0d73f34d1dce364d1b2dba1392e45a30fb1c03c68b3b43cf3,896286,330.0,151.0,0.457576,1,1,319
2025-05-11 17:27:36,e17da3ed7c3923499ca31c4e1d7e1a5c4ee49e057f59530b71beaa92aa652ff3,896286,330.0,151.0,0.457576,1,1,320
2025-05-11 17:27:36,256ff3a2f6cc7af2e977ce5126defde28e8b30ef9cf15df791fadb962953faf2,896286,48209014.0,142.0,3e-06,1,2,224
2025-05-11 17:27:36,d1f3465acec481ca5d85584a1211dc7e2598c31c1f274fc4c939df7f8b3658f6,896286,49181687.0,142.0,3e-06,1,2,224
2025-05-11 17:27:36,b0cc900cfa7b84d455f7eb3e3d4126530c5135e9d354d7ebf024ee4ca71571f8,896286,50154360.0,142.0,3e-06,1,2,223
2025-05-11 17:27:36,d605b6be15085f0fdb3651c1278449aadf0f401ab0f428a04180fe2dddc3cbf2,896286,224532.0,231.0,0.001029,2,3,363
2025-05-11 17:27:36,cf866380cab318d6570b355918e0e0bb2b50b2b174783c23d12cc6fd651bc9f2,896286,39156.0,217.0,0.005542,1,3,298
2025-05-11 17:27:36,1c02ffa05223f87c4738a0235b4fa296150456e1143bc45f2e8e79b87d0ebaf2,896286,74523.0,100.0,0.001342,1,1,151
2025-05-11 17:27:36,ccb4a8ee1571e369f9f0ce60a96ed3e8a0b9ed95703a32be0739a84a0c5eaef2,896286,330.0,153.0,0.463636,1,1,330
2025-05-11 17:27:36,071bdb3a1433bb6f1c9cd54952589663158af5673c45356c99c034d15fa1a5f2,896286,89887.0,113.0,0.001257,1,1,195
2025-05-11 17:27:36,3c85893a2e4d7bea1193be887cf64c9cab74362a50f43a358a0cd2d81d6765f2,896286,569027.0,406.0,0.000713,4,1,730
2025-05-11 17:27:36,6db34832a75ed7b69bef4f0c52bd9858eabeafd93e4b971840c9b75c3be558f2,896286,88116.0,110.0,0.001248,1,1,192
2025-05-11 17:27:36,6d3b29759ac67ea5941479f0782e752d36a3e96a74afd0fe548fe82368c133f2,896286,544829.0,209.0,0.000384,2,2,372
2025-05-11 17:27:36,136822496532487c3f462d01d4bb747ae86a5fa3eee464c1f0c89f6de6b70ef2,896286,546.0,152.0,0.278388,1,1,324
2025-05-11 17:27:36,e59d8b3cea36ff40dafce128f2dcc9f8991cbb12bc1a4cbacd878ebd597801f2,896286,21222.0,226.0,0.010649,3,1,376
2025-05-11 17:27:36,463a683f87ee66fc906e6080531640f2f5496925cc8aa99979cb1ac62c50d5f1,896286,19862.0,110.0,0.005538,1,1,192
2025-05-11 17:27:36,8a2499ef4903d8eee6bf7e4f1c8827daec8c18e7918c28ef289f9e09c67087f1,896286,420334.0,212.0,0.000504,2,2,312
2025-05-11 17:27:36,c54a8294938e1d63e43ad6682ea3311b15c3a3b9f88a4a3105e6d5e3eccf86f1,896286,330.0,152.0,0.460606,1,1,323
2025-05-11 17:27:36,a530ddafc366779c09469efc3257e5ab166264ae15cf4056967bbfd0f3396cf1,896286,351.0,128.0,0.364672,1,1,266
2025-05-11 17:27:36,19aaef4bed886607830abcf2015edc40672ad88d01ee75bae33fc7e4049a58f1,896286,435.0,111.0,0.255172,1,1,162
2025-05-11 17:27:36,04cc452d2050c1138af968b3b65e10e83fa3a7bc5229f0cb073fa8a05bf252f1,896286,330.0,139.0,0.421212,1,1,307
2025-05-11 17:27:36,5e40a58c3a09731fa625d3bad9907c88551784d917784c9cd66da2770d8b27f1,896286,10000.0,93678.0,9.3678,1,1,374429
2025-05-11 17:27:36,6e0f2bdc34fed91a050e525843af669248688a570972767eda088a4337b620f1,896286,330.0,139.0,0.421212,1,1,307
2025-05-11 17:27:36,330486a91d8716f31d5e08169b9fb338aa9dc179629d90ebefd60f5687fddff0,896286,853548.0,160.0,0.000187,2,1,260
2025-05-11 17:27:36,4e6cfcc8b790a237c0dfa819dd0f5fb6f2acdf1158ff02bb63a869429ad7c4f0,896286,2974698.0,313.0,0.000105,4,1,637
2025-05-11 17:27:36,c7ed944243af8faf5fb0ac4b48b09f8ccb5b2a08f9498c6995ed608b1c9fc3f0,896286,330.0,152.0,0.460606,1,1,323
2025-05-11 17:27:36,c86de99108661af2df2a2a695a70506d316992c6b1cdec9ab4602b2b29abb5f0,896286,21225.0,110.0,0.005183,1,1,191
2025-05-11 17:27:36,13833543fc233442d35ecf94e7e2a17698e36bf3208080e4882e09d10f9ab4f0,896286,351.0,129.0,0.367521,1,1,269
2025-05-11 17:27:36,ce229524c285378cfd9421e0f56d2f5c9501022fe7ae165d081dc98ee44ea5f0,896286,330.0,152.0,0.460606,1,1,323
2025-05-11 17:27:36,8410249e5ad06c8bdcf6c666d0d02cfe7f5927203a11ec4fd9a107ef555d92f0,896286,330.0,151.0,0.457576,1,1,319
2025-05-11 17:27:36,a24e752dce756758ffeb03be6240569b1687363745a49b2ecc4bcbd006be6bf0,896286,330.0,151.0,0.457576,1,1,319
2025-05-11 17:27:36,8e930eea169d0be29b0ac013638549b36b9933ccfdb24d71ad4835eec9d851f0,896286,20982.0,141.0,0.00672,1,2,222
2025-05-11 17:27:36,7660b0d533322c79a418a98da018a79169c7a72715d0a7c98391c7bffd20ebef,896286,28486.0,218.0,0.007653,1,3,299
2025-05-11 17:27:36,112c60f51fef18bc7f047e25ef7900509547e2898ac307bc4c52d41ebbf3dbef,896286,714913.0,192.0,0.000269,1,1,192
2025-05-11 17:27:36,c96c59f8cc223340d75a53951c32ec844921a96b2e0b8e8dd336fd997a1eb9ef,896286,487020.0,142.0,0.000292,1,2,193
2025-05-11 17:27:36,97fac2315d3170ccca73d7cf4a8a16f8ea76fde6daa9ecce523dab2107bfaeef,896286,330.0,139.0,0.421212,1,1,307
2025-05-11 17:27:36,9f3cb8916f6ff74b4e2e0668148d76c082977b92f64d0384753d02dccdc9a2ef,896286,330.0,152.0,0.460606,1,1,323
2025-05-11 17:27:36,7b5b5a0b077b5a057bcd6c663791b94e53a8b60fe12f17d0d70c634f6ef79bef,896286,4032778.0,1004.0,0.000249,14,1,2134
2025-05-11 17:27:36,2296ba0587eaf7e96b76059c8d283bf1311292bd522bd783ebcec9adecde56ef,896286,546.0,154.0,0.282051,1,1,331
2025-05-11 17:27:36,dbe9ddf45ce7065bfc2fbcc2ec4eabb61c086d69a6e1c5487454351c316f56ef,896286,330.0,152.0,0.460606,1,1,323
2025-05-11 17:27:36,43f11caf83d933e614dfef384cf85563d6f61f867e69c9ac6e5c3c7dc7a149ef,896286,330.0,151.0,0.457576,1,1,319
2025-05-11 17:27:36,ad08fc87e8bb694db3b563d5ceb8d1888281eacd0c6b01ed3148ef77ca0f34ef,896286,330.0,139.0,0.421212,1,1,307
2025-05-11 17:27:36,759671a8a5ac4a3aae443f9420ffae9e6d17b89879e8460a7784e8a68b3633ef,896286,504006.0,201.0,0.000399,2,2,301
2025-05-11 17:27:36,bddd3373bc017d143d211b1e563453c646d9b72989cee8204de9ff6925c82fef,896286,330.0,152.0,0.460606,1,1,323
2025-05-11 17:27:36,fbc2f72e5e51979b0b915c1e37981804d6bd0a9917ea0d47fae462a23ce4d7ee,896286,267540.0,210.0,0.000785,2,2,372
2025-05-11 17:27:36,01440ee4cc269d200245fc0749b1d89858c6a6b105c78856465c4c676a05baee,896286,2148899.0,165.0,7.7e-05,1,2,247
2025-05-11 17:27:36,be88aaf30f502091e47d0cfc6cb5782a65d9400be831c44bd1454a8669aeb0ee,896286,330.0,152.0,0.460606,1,1,323
2025-05-11 17:27:36,c61500f94e3f02599af560f5a563ecfc33287b72bbaecb9e874dbc7f30b9a5ee,896286,330.0,154.0,0.466667,1,1,332
2025-05-11 17:27:36,9bc463d1fb299c1f6fdd1d910690f34d024b6bc059a52aee481ec0a6cd30a4ee,896286,330.0,151.0,0.457576,1,1,319
2025-05-11 17:27:36,2aaeed3bca89aa41673802299b733870c2fe28d7f9720b6e6f3007d5d1089dee,896286,330.0,152.0,0.460606,1,1,323
2025-05-11 17:27:36,a8c2d940e089501c249c87c2e3eb107d4cd428ed27a3bd3c1784e2441c6d94ee,896286,11706.0,99.0,0.008457,1,1,150
2025-05-11 17:27:36,41a3276c316e6ceb8289873b4777eae88a68662f4d918b5d8cb3413b2f06f9ed,896286,3419134.0,259.0,7.6e-05,2,2,422
2025-05-11 17:27:36,8ae82a138fe9fc2512c3f6133c327297ce15330b6c52b7ed0d487fceeb57cbed,896286,330.0,152.0,0.460606,1,1,323
2025-05-11 17:27:36,126864290d5a1ffcbcca66ca47f664d07f9c760bee37ef233bc308e17f6ac5ed,896286,26309.0,164.0,0.006234,1,2,245
2025-05-11 17:27:36,e4754b201494b53dd075ef82b10a83f9c7408bf7092e7fa4ec60ef6a6765c2ed,896286,330.0,151.0,0.457576,1,1,320
2025-05-11 17:27:36,b2b56364a1ba24b181a685198f0d60177cd6c4d945710e5d7adc0e7c61889ded,896286,48496.0,134.0,0.002763,1,1,215
2025-05-11 17:27:36,b980d8828cd98301fc5d56f2eeaf4cfb02cf36a91dbfad7fbf80e48a452068ed,896286,26242.0,164.0,0.00625,1,2,245
2025-05-11 17:27:36,5167c5e8ea725dbb079b2e7eaf6e7f5c77886271f02c8a21bf669f079b7865ed,896286,87153.0,142.0,0.001629,1,2,223
2025-05-11 17:27:36,bc3ef921a809e80eb171452bb1ded4d0cff064f23ce68febd9e725eb33d955ed,896286,3154858.0,142.0,4.5e-05,1,2,223
2025-05-11 17:27:36,9c4a5a25ddcf90b383f715127e3577d8b475b3a250b94907b28934e53b5a33ed,896286,50194180.0,165.0,3e-06,1,2,246
2025-05-11 17:27:36,64e2d05e3be47d1d0060329068e4beef5cc8f5b50b2f8a8c306ad8264b492fed,896286,32170.0,218.0,0.006776,1,3,299
2025-05-11 17:27:36,d5f9cbec97daed97dea8de2f8d91600361f275f42071063575caa8cfa96d28ed,896286,546.0,153.0,0.28022,1,1,329
2025-05-11 17:27:36,f64e804cb237983aec8f9b866975d3a8f53823d5c7cabcf1682fae2abe78f5ec,896286,19999754.0,246.0,1.2e-05,3,1,488
2025-05-11 17:27:36,b5e39c0efe43c6e610c5c925e8d891f30119bd2bb7e0715e65083b7bd59fc1ec,896286,270144151.0,141.0,1e-06,1,2,223
2025-05-11 17:27:36,be203a9e086ca4412056d743b47187592a21fd0533dd6f2625062b83b543c0ec,896286,330.0,152.0,0.460606,1,1,323
2025-05-11 17:27:36,bf341e5bbf0f90ee689e5ac65b6de0e92ac032b493e4575676442fd805c9b0ec,896286,19570.0,102.0,0.005212,1,1,153
2025-05-11 17:27:36,a8ef6d1488888cc6e5e8e6051a671268d9d47d0b8470bd92bafd529bf959a1ec,896286,330.0,151.0,0.457576,1,1,319
2025-05-11 17:27:36,348ac85716340947dd14e01f75dc76a00aa598f6d5cf31506f5538af333e59ec,896286,330.0,139.0,0.421212,1,1,307
2025-05-11 17:27:36,cc57bcc7a3bb8b9f394801684099496408b828299ad0793a21ed7df17e4b51ec,896286,546.0,152.0,0.278388,1,1,326
2025-05-11 17:27:36,ecb8f849a0f2d6c9017712609c0061e3f7f4e88629c0862f6741770f213f98f9,896286,83306.0,154.0,0.001849,1,2,205
2025-05-11 17:27:36,50b41015d8e4ee498c3c43a973d4af195ef0eb877af156fb3b75f8fce09e05ec,896286,330.0,152.0,0.460606,1,1,323
2025-05-11 17:27:36,a8adc5d65b6e91f9a70ad9c7302de2c08cdb62f6de0ffa55e7674352d07c01ec,896286,330.0,151.0,0.457576,1,1,319
2025-05-11 17:27:36,e582c23301064b2b14a5e19173cd6023e4dd7b612cbc58e549cadac5aa6ef5eb,896286,1444.0,102.0,0.070637,1,1,153
2025-05-11 17:27:36,6d498a3acc955d37b81d15903a5a4b03827c1c3ac6b07da8c4493419922fdbeb,896286,330.0,152.0,0.460606,1,1,323
2025-05-11 17:27:36,e0a4bc6647731e81bf35b136fd82d4b528c883904ff6e4e62dea2b872e60d1eb,896286,94091.0,217.0,0.002306,1,3,298
2025-05-11 17:27:36,17fe9e5f1be0b59eedbecc458d5021fd0fc14a4ca7009e567a0f0be468edcaeb,896286,330.0,151.0,0.457576,1,1,319
2025-05-11 17:27:36,d762255d30d6854cbe5fd6f3fafe0cc6e82ee24bfd4532bbbbf3e57522bdc7eb,896286,330.0,151.0,0.457576,1,1,319
2025-05-11 17:27:36,466c102fe71072a72d71413038ca5f6454abe1ede31927ba1b85f79d47b47deb,896286,330.0,151.0,0.457576,1,1,319
2025-05-11 17:27:36,ea269535f3c32c8b459a4e75b3a7adf46e2cf7431afe8dff018c327fce3054eb,896286,330.0,151.0,0.457576,1,1,319
2025-05-11 17:27:36,1ce4b9bc89d73e02314b91058fd4f775513d72ee5224803a638df18081583eeb,896286,52341.0,805.0,0.01538,1,4,450
2025-05-11 17:27:36,8efdc55a0a18c998d2d76258e2649efc2de824740a39e4cd0c4fe5af2b1b3beb,896286,330.0,153.0,0.463636,1,1,330
2025-05-11 17:27:36,31fcc290fac56cfeb542e922f42428869014e61c9d8888fbe905f129552215eb,896286,290946870.0,142.0,0.0,1,2,224
2025-05-11 17:27:36,113934547015a5257fc3faad224b43ee9322d1c2796a87ec7ae3534ca2c3e0ea,896286,14820397.0,219.0,1.5e-05,1,2,219
2025-05-11 17:27:36,7a4ada846a4c96b5c31bf3f3631b62e5d364db29a4ddc644078ac303c5d5d5ea,896286,546.0,152.0,0.278388,1,1,324
2025-05-11 17:27:36,d10b323bcaa8b93692eb1a1ee13828533c9bc036009e868b288e70ce8be7a3ea,896286,9997673.0,327.0,3.3e-05,1,8,408
2025-05-11 17:27:36,18b03a5e136f7fdd34e1e7803a516b8c8ce69e05d86db5f9b977e219b6b69aea,896286,158339.0,805.0,0.005084,1,4,451
2025-05-11 17:27:36,fa5382eebd091d65670a8619b4f47a9d76890952358ba11271b7788813523eea,896286,330.0,152.0,0.460606,1,1,323
2025-05-12 03:41:07,d9b7deae2afe3a6360c0cecbd3c09414701019f6fe7f45adcce89fbef792fd04,896353,167620.0,2820.0,0.016824,1,2,223
2025-05-12 03:41:07,16d553cd92700bd93d237b78fc210b1ba9137735ab0b645198b340e7df82b653,896353,917876688.0,4300.0,5e-06,1,2,404
2025-05-12 03:41:07,b7408254fe54193e56191a044ef3f9fb093b81cb96a141676afbb6c7f002de7b,896353,16396700.0,4539.0,0.000277,1,2,222
2025-05-12 03:41:07,ca56db8aa7dae7f58646b14d6eb44e7b0c3f8805682fb98311435f10cf741042,896353,2491115.0,4547.0,0.001825,1,3,413
2025-05-12 03:41:07,1be8611161c9f8967ca5bac87a7b5ac14decc1f641177886bc65549044a5b913,896353,1293437.0,3096.0,0.002394,1,2,223
2025-05-12 03:41:07,b8451eea27fd151ee7a02294f0f7703f15955077035ef8c46a980589e750f0c0,896353,118000.0,2836.0,0.024034,1,1,192
2025-05-12 03:41:07,0d2f0433e53b04bc699f59886cfd711043ad73d3157ec653e34f52541df2b4db,896353,8918830.0,3080.0,0.000345,1,1,192
2025-05-12 03:41:07,ab4f1482edf15bed7897273ed0482421de47dd432d79b8f46faf7ffb116a3600,896353,574224.0,8000.0,0.013932,2,4,436
2025-05-12 03:41:07,199a961c6c4e7fe737657ddec147058ab19961d0d19acf8c2237343063fe4269,896353,143580.0,6244.0,0.043488,1,3,292
2025-05-12 03:41:07,33e13fe243c3c4c917297f2025008d3294bab03bf498ec719008f719602874b0,896353,38991480.0,4260.0,0.000109,1,2,223
2025-05-12 03:41:07,500d99a1d29718c1376908206e68df878bd153d5195e28e2d0f850ccb4611f94,896353,2281684.0,6030.0,0.002643,1,2,392
2025-05-12 03:41:07,83becfed76ffc1aece7e805ea19ba0013897dd3704ee53e0fb1e27bb040289ac,896353,280000.0,7464.0,0.026657,3,1,488
2025-05-12 03:41:07,f644d2a54ea37f319121cc4050366279787b78de41ceb09b1870ecc4cf499bec,896353,88364300.0,4300.0,4.9e-05,1,2,222
2025-05-12 03:41:07,2fbac182f8bb913a475c0cabbda70010289cf3f657fa1c74207b30c54928dfee,896353,266626401.0,5640.0,2.1e-05,1,2,222
2025-05-12 03:41:07,c2995e81eb8d6b822716e676ed6c74ec6be08031d4ddac555eab6bded54193da,896353,587675378.0,5640.0,1e-05,1,2,222
2025-05-12 03:41:07,c7e23dc53282a31c3d3dcafa8fa06120df21ea6deed5d0b4a463531946eeeb92,896353,701663733.0,5640.0,8e-06,1,2,222
2025-05-12 03:41:07,51c8eed0e3a1a70069d6cf6c55d154829a68641012995a644f9342e691cf8690,896353,22723913.0,5640.0,0.000248,1,2,222
2025-05-12 03:41:07,24f6616c4a73646035893cfd9e9c3073d0b51adacfd62924b2a654a802e84c3c,896353,796818889.0,5640.0,7e-06,1,2,222
2025-05-12 03:41:07,7c8326df315f07210c7e54f92fda1b526276512dbb967a65834b1f9ce62a623b,896353,577374098.0,5640.0,1e-05,1,2,222
2025-05-12 03:41:07,86030fc908d125b8a75483c56c52b560ea4cf333420fe523713f18e7d38e8124,896353,129866527.0,5640.0,4.3e-05,1,2,222
2025-05-12 03:41:07,564b82450c228776bde3662686bd1ac7ac20f1436c13176ef884977e0a91cc1b,896353,220618044.0,5640.0,2.6e-05,1,2,222
2025-05-12 03:41:07,a697a5c210d1570ac4ab5b65f7c675b7b6b63e1f9c5a8943d024599443835112,896353,566431663.0,5640.0,1e-05,1,2,222
2025-05-12 03:41:07,3d5927128fe1badf94cb95c22d38adbe1458937b127b7a49509546f9364c008d,896353,3532056.0,6768.0,0.001916,1,2,222
2025-05-12 03:41:07,50fe3ca744e7ca9eebd6580ca52b9310df49d559cc216031dc8464b995183ec3,896353,25261196.0,12060.0,0.000477,1,2,391
2025-05-12 03:41:07,a98e44ec72bd47adfb42b2f8cd6975a99550d2b43b19e1f703c4a7a23830e9c2,896353,23604772.0,8640.0,0.000366,1,2,225
2025-05-12 03:41:07,16469c8319b21084f3f423762932eb54f55734e66f835480efd2a22245f190c0,896353,2642036920.0,14640.0,6e-06,1,3,434
2025-05-12 03:41:07,70f2580668318a361cd5a6aa59e87b202eb335aacbe0fe809deae9f09d8929bb,896353,17736432.0,16500.0,0.00093,1,4,465
2025-05-12 03:41:07,6d8294479cae2b693db632dd60b29372e1266b6e4829767f29cfb8ae461006a8,896353,1929990.0,11400.0,0.005907,1,2,380
2025-05-12 03:41:07,27c87882e361bf4a3e9cd7677dc1ca0c4eb49e00f3e4c56368289bcbe84f7692,896353,28738449.0,11520.0,0.000401,1,2,382
2025-05-12 03:41:07,305191e948e5295490fc4b3ddfc651b10d86f9cf20355fbc3fd55b2765bdb34f,896353,99988480.0,11520.0,0.000115,1,2,382
2025-05-12 03:41:07,c2995b1569bf360010c4cf32c8c6c6003ab9dcc233de0b2d4cac2bd6889ea377,896353,473000.0,32000.0,0.067653,1,1,998
2025-05-12 03:41:07,52ea7ef0ba8d1eb492c08d7167433b83ed48548607f0528eafbe5762e572d034,896353,6767665.0,33900.0,0.005009,1,2,223
2025-05-12 03:41:07,0157c1c6b812abdb12be4cc03c282c417c26fe8d2a31920dc6f28c74e1e86635,896353,3492060.0,28300.0,0.008104,1,2,224
2025-05-12 03:41:07,fb58b8f1d7ba84a4f9ed202061bab8434664b85f0b58b9c631c75d3cf589dbea,896353,338894.0,30600.0,0.090294,1,2,222
2025-05-12 03:41:07,4bf885541242136ab3573d9f33b7fa768ead71259e4afd0e926e63469d36195a,896353,315756934.0,0.0,,1,5,421
2025-05-12 03:27:37,fb3a6f437945a3b9a447d843bad77a69217cc7043198eb9c223c936665301f34,896352,330.0,158.0,0.478788,1,1,305
2025-05-12 03:27:37,2af411981bc74c256d0a2a9eeb50839f18dfc518f7347ba82ca28e53bdb6f161,896352,79503.0,162.0,0.002038,1,2,205
2025-05-12 03:27:37,fc5dd294a437d8e93b923f4ba8e965f9fe4f534bbb037b06182b8cb31d7d2c4f,896352,2108997.0,158.0,7.5e-05,1,2,225
2025-05-12 03:27:37,d997db82a48a7f88c2e2a4d993138a3159657a0c5c649d7efc0c22d59ad3503c,896352,62585.0,263.0,0.004202,1,4,388
2025-05-12 03:27:37,2f9fb327ce707e157e18752116a238454213a3502bf426c1d2182c9dc216bd79,896352,63178.0,219.0,0.003466,1,3,369
2025-05-12 03:27:37,c4e577ed87931431ce017ff0b589b63fa0c97e5ef48a101b9bb88f3175f1d5e6,896352,63727.0,219.0,0.003437,1,3,369
2025-05-12 03:27:37,48d7030ae7495b4d8701271cf27cb4ce5afde5fe8161b06bf4ca4b5a7b88ab38,896352,64276.0,219.0,0.003407,1,3,369
2025-05-12 03:27:37,aae92c6b68f0a180bdfc47e6107d8bc9803a5182e9ca338c42ad7ec1df3ef032,896352,64825.0,219.0,0.003378,1,3,369
2025-05-12 03:27:37,c7c76de49587dfa5be43eafaa901e50dc32221fa87cc03df38fc2f0b247022a6,896352,65374.0,219.0,0.00335,1,3,369
2025-05-12 03:27:37,e99dc4b4aa42b5a29c28a1810bbf53a14b47cd7b4a0d4ac389ce9bd376d45847,896352,65923.0,219.0,0.003322,1,3,369
2025-05-12 03:27:37,d27d940634921252e04e12e376279ca2039234aa4500f5a91b817bb13a719e59,896352,66472.0,219.0,0.003295,1,3,369
2025-05-12 03:27:37,4a03364df8616eca54980c629d23e351178e486e67d639b171eb52fec8d14be2,896352,67021.0,219.0,0.003268,1,3,369
2025-05-12 03:27:37,2f1d663c9e8489dc5d7985872496da468c30c2f748200deb7fc68663b70c4b39,896352,67570.0,219.0,0.003241,1,3,369
2025-05-12 03:27:37,1be00a03d4ae6ba145fbf1437581d40d076e18ad3ba879de3e32bfc335fc5b27,896352,68119.0,219.0,0.003215,1,3,369
2025-05-12 03:27:37,297c7ac185daaee47b305df987f801c735e1a39994399eb11f77517c2052a2c7,896352,68668.0,219.0,0.003189,1,3,369
2025-05-12 03:27:37,c76391fcc03151f9ebfb11d88f456e9498f517e2d29a7afb7d3c67e3bfc577b1,896352,69217.0,219.0,0.003164,1,3,369
2025-05-12 03:27:37,51740c1c7e6e61aa4badec6dbfe5786ca3340a93add86f09af49482177513e8d,896352,69766.0,219.0,0.003139,1,3,369
2025-05-12 03:27:37,54f178655c55ea7e700933fa861baeae812a42dc712a973dd66be425d66798b2,896352,70315.0,219.0,0.003115,1,3,369
2025-05-12 03:27:37,9187ff13a5a11e8d153e0ffbed2f19c4ad1b127ed8b7372c59b5970a5051dd11,896352,70864.0,219.0,0.00309,1,3,369
2025-05-12 03:27:37,8470c11f161e5e91e61c2f2847b157b9c414ed9bb8803e42131427560e46293c,896352,71413.0,219.0,0.003067,1,3,369
2025-05-12 03:27:37,194ce7b3c98f27b915a2cfad351928fe206f3bce6fd9ced7d6e8a72615b5453d,896352,71962.0,219.0,0.003043,1,3,369
2025-05-12 03:27:37,d66cffbdc1604df7de061e6406d730e64f3d94ec1d420a3522b8d7e26acc3ccc,896352,72511.0,219.0,0.00302,1,3,369
2025-05-12 03:27:37,9da0ea3a06c072fd828da1f616d8da1723bd4733f894e647b03b40309a836d15,896352,73060.0,219.0,0.002998,1,3,369
2025-05-12 03:27:37,acdd9a724ec741560d2237d98560921f343ee28cc74c7f84933afdb9abbced21,896352,73609.0,219.0,0.002975,1,3,369
2025-05-12 03:27:37,b295043ea1bf39fd44864f11c2eb4c3b2dddb9f6d580994f6e84b677ec9b57db,896352,74158.0,219.0,0.002953,1,3,369
2025-05-12 03:27:37,cbd40d9409f0218184a65681cbf2bbed368cf620a677bea8659af47a21b53ebe,896352,74707.0,219.0,0.002931,1,3,369
2025-05-12 03:27:37,be0661c163445c8e849ec76cbfb0652503fdd09d1fd774a01f68f5941ee9257e,896352,75256.0,219.0,0.00291,1,3,369
2025-05-12 03:27:37,2a680ea66a99e7f2c6da544dcd37e49e11964da0e94a228ffcc93f7cfb3a3443,896352,75475.0,125.0,0.001656,1,1,203
2025-05-12 03:27:37,f5f7ec0c1e34b9286d59a44ec5893e4bb3af5a7694a09955adf92606aa381d32,896352,27228.0,263.0,0.009659,1,4,388
2025-05-12 03:27:37,66f504cf85bfce463a54a4b9127d07113f092adf3d3dce625f9db5d521545f93,896352,27821.0,219.0,0.007872,1,3,369
2025-05-12 03:27:37,58ccfa41b3244e2966e214d78c6ea65d4e961e93aad5a3a2963dbb15128cf7fb,896352,28370.0,219.0,0.007719,1,3,369
2025-05-12 03:27:37,00b55511d5b64f9e36e2380f7b3d73111c2704b98534d3b733f85f9e4278dfce,896352,28919.0,219.0,0.007573,1,3,369
2025-05-12 03:27:37,994c46cebd35e87ba44f1cdecdb5876582ed8dd220eaae8565c3c0c6d78730a0,896352,29468.0,219.0,0.007432,1,3,369
2025-05-12 03:27:37,bb1acecc003765eceb6c83566de1b3581e67187d998627bfd0c69863a397994f,896352,30017.0,219.0,0.007296,1,3,369
2025-05-12 03:27:37,6e5f96e546deeac2fb9f6b8e987062ae6119102b8319edbf97097722291fe0d9,896352,30566.0,219.0,0.007165,1,3,369
2025-05-12 03:27:37,196b9cd0c62d83662eaf08c3e7dcc92e6c2bbf7f3976795ec2b2e0eec7a71898,896352,31115.0,219.0,0.007038,1,3,369
2025-05-12 03:27:37,2ca8871092e09ba19cba18733f44a84882b05781ecf658d6ee80af89006057cd,896352,31664.0,219.0,0.006916,1,3,369
2025-05-12 03:27:37,dedb0c78f4e08ae0f33385623575989c780c024c1d9ef632ebc6bebd92393447,896352,32213.0,219.0,0.006798,1,3,369
2025-05-12 03:27:37,cb27f5254aaece88b4b7f49ac56a57807d6189281d4ff034b9732c7054fc9176,896352,32762.0,219.0,0.006685,1,3,369
2025-05-12 03:27:37,83fbd045b371a78ee57a9b5ccf07b76fe536370e59b1b9aee96d6e55dcb0c808,896352,33311.0,219.0,0.006574,1,3,369
2025-05-12 03:27:37,a6025135653a3954d65d086538f717f5c2822f131a6cebb9ae5c60702629a417,896352,33860.0,219.0,0.006468,1,3,369
2025-05-12 03:27:37,c09c5e3b2477a645daae5c04ccc0ad2ffcf944fc71c1f664846c4b83b4b1019c,896352,34409.0,219.0,0.006365,1,3,369
2025-05-12 03:27:37,2ab1ada655627845732bacbe2c78cad8e77afa2c0ba143200675cd70ad2a8985,896352,34958.0,219.0,0.006265,1,3,369
2025-05-12 03:27:37,e3ded042ee3f3f1efdea07e35bd2b02c9f0014f42551caa3a005725de7df5172,896352,35507.0,219.0,0.006168,1,3,369
2025-05-12 03:27:37,189fd7aa1fb1d6b512977db4bde7ac8394f884351df820ee72d3d23ad782a734,896352,36056.0,219.0,0.006074,1,3,369
2025-05-12 03:27:37,b443eb21e2da16df3910d8909b0ae31d8e7b792fd118d6caaf177f7d772b4573,896352,36605.0,219.0,0.005983,1,3,369
2025-05-12 03:27:37,03a5d8d9bc5885ae1cc39932f7dee426007b34dd69bce3d889bc2dedfb73009c,896352,37154.0,219.0,0.005894,1,3,369
2025-05-12 03:27:37,934c8658933873b7bab911cdbdfcb1527d54ca38d01a2d226b8cbeb07c0ceded,896352,37703.0,219.0,0.005809,1,3,369
2025-05-12 03:27:37,0480980c3eb79edad5c2482452c9c9c9cea28f0cd6964b3740bab68757294163,896352,38252.0,219.0,0.005725,1,3,369
2025-05-12 03:27:37,1685716eccf77dc26e083ae20a4a6bb4b67fa60d971dd572748c64cc6535aba8,896352,38801.0,219.0,0.005644,1,3,369
2025-05-12 03:27:37,b36a4a6fb1275132f941a2ea73ecac48b6c547de53ecbdee903c9101ff5b2be7,896352,39350.0,219.0,0.005565,1,3,369
2025-05-12 03:27:37,14f2461f663f17149759aced8e9f00706214b2f7cdb87d9b278367e39ee3969b,896352,39899.0,219.0,0.005489,1,3,369
2025-05-12 03:27:37,6622cf428b9ad8017a6a3666eb0ed303a00ed4f1af21a298ae94398830130620,896352,40118.0,125.0,0.003116,1,1,204
2025-05-12 03:27:37,7451e0a78ed4baff63d617e2beffda000fa783ef5eda2671f88a30ac40aeb730,896352,35429.0,263.0,0.007423,1,4,388
2025-05-12 03:27:37,1042604f5fccb9ae91524ab8b05a14e745716216eae0b7759c4a70b454f83d7d,896352,36022.0,219.0,0.00608,1,3,369
2025-05-12 03:27:37,9b8dfa2fd3f2fa1c13d5b8cb56d105ef5cf07f910466cfbc27f94b8ab283304e,896352,36571.0,219.0,0.005988,1,3,369
2025-05-12 03:27:37,33bdfdd5444203b27441e9baec0f6f89ec894797820db71479d088cce65b63bf,896352,37120.0,219.0,0.0059,1,3,369
2025-05-12 03:27:37,d742aff45b7262a9342f026aa9dd36f69aa24a7f2757250f4e3f4e4279aabffc,896352,37669.0,219.0,0.005814,1,3,369
2025-05-12 03:27:37,e19c6b3a957c5fa496119645e296ecda22e7db03c299d5e46d2060504bd513c2,896352,38218.0,219.0,0.00573,1,3,369
2025-05-12 03:27:37,a758cc7e5224e7b20d1d29b85e72d85c9ac8393c3c207e2e27fdc2983b15edd0,896352,38767.0,219.0,0.005649,1,3,369
2025-05-12 03:27:37,e8064b06a70976dd51476ef12aa6c6db716034a3b1370d9c752e49afb9bb18b6,896352,39316.0,219.0,0.00557,1,3,369
2025-05-12 03:27:37,3ee231cc338128f5044168ec7a59f0ce66bc410eb632361c6707718211f27c42,896352,39865.0,219.0,0.005494,1,3,369
2025-05-12 03:27:37,8bed006ab848f2846f5a1af2ba931ac4081c0f5e04dc5e6837b6affa4e3b4947,896352,40414.0,219.0,0.005419,1,3,369
2025-05-12 03:27:37,d0baa9882f3e5c500657f3abc08e3ac8a6385aa0105d8a3e0eb8741724a91441,896352,40963.0,219.0,0.005346,1,3,369
2025-05-12 03:27:37,2a7364957fa0149817ec5ad322d67cf9ff4b2b642f6c23006d5fcf1ca21b2571,896352,41512.0,219.0,0.005276,1,3,369
2025-05-13 04:23:38,c65a16b2b5cb3f95c5d2b26cd569fda5395eabd31c6dd155efa7e90b77f7ff5b,896497,209528.0,154.0,0.000735,1,2,205
2025-05-13 04:23:38,660b0da23302cf6d1f4234190ad544c70e1502246ff717f7e6add413b0b5964b,896497,158577.0,145.0,0.000914,1,2,196
2025-05-13 04:23:38,09e665a6cb6642ddd6ba3bed1e42a65613dcc6ef0f99d019090f07457060844b,896497,546.0,154.0,0.282051,1,1,331
2025-05-13 04:23:38,eda04b83a356aae147727cadf7001b4df27d04cd43f165aa56f6307725dfa359,896497,2594816.0,154.0,5.9e-05,1,2,205
2025-05-13 04:23:38,be954163c1498019a1414a09b43c0771a4c236e26c842e1c507a6330ed96834b,896497,582757.0,154.0,0.000264,1,2,205
2025-05-13 04:23:38,87cf08ac11d552e4c0d80fb3952f4a22cb31255ede94f24d6b9ab9963feb684b,896497,546.0,154.0,0.282051,1,1,331
2025-05-13 04:23:38,de00079c8bdf6cce4a09e808edd5f2e13c13c8e7791d4a8052bc467c33f4cd61,896497,131760.0,154.0,0.001169,1,2,205
2025-05-13 04:23:38,605a2469a81f4d40f66311e475209c8aada9c2947c4bf3e2e5cc262b0cfa054b,896497,330.0,151.0,0.457576,1,1,320
2025-05-13 04:23:38,1143436ce8a542c1dd3dc4c2621602e8b0eddc0904e50db002d509211714034b,896497,425465.0,122.0,0.000287,1,1,203
2025-05-13 04:23:38,693347d5d06cae696b12f50c0c3115f68ed485a7eb27ff07a197f5ee598bb5bb,896497,425587.0,110.0,0.000258,1,1,191
2025-05-13 04:23:38,95d89edea00b202a09876c94dea851ed67fac5077d82112225c9766967dcb14a,896497,434913.0,141.0,0.000324,1,2,222
2025-05-13 04:23:38,79d7b2524fefe2ea5a4bc8658e1a9aae810e64a1ca6b8e624881ab2421079c4a,896497,546.0,153.0,0.28022,1,1,330
2025-05-13 04:23:38,359d6b91ec29a736c617bc7b28557df37aa4494407f2e1dd11e78343129cced8,896497,214997.0,154.0,0.000716,1,2,205
2025-05-13 04:23:38,6a6487069f514670946bd69fa6c7454a6e4267d040e0f36c9b79b6674fa1914a,896497,330.0,154.0,0.466667,1,1,331
2025-05-13 04:23:38,063c3acfe056b4a932f5d80f00c6837c30d4294e40c6bbfd4c3da9f6578b1a4a,896497,9167.0,154.0,0.016799,1,2,205
2025-05-13 04:23:38,de8ac6e1350a48cce32f03f1e040074d2569b55320eedc881a6bf28487de0c4a,896497,691062.0,269.0,0.000389,3,2,419
2025-05-13 04:23:38,50f3e7165ec404c174fba92970ee9d683186ad66e711936c1f99e2901c468c49,896497,1275889.0,111.0,8.7e-05,1,1,162
2025-05-13 04:23:38,9e441657f6645024d37b73bdf6a1963a31f2811637b235f83c5706f61404ca48,896497,1771.0,212.0,0.119706,2,2,312
2025-05-13 04:23:38,d23bac714ddcb4eefbf7e2e4251c5a66dc3c6cce85fb4f95a7806f6d20a19a48,896497,117283.0,111.0,0.000946,1,1,192
2025-05-13 04:23:38,de609a29df0cd4427f2287a44e206a013c9362ad7b034715e1c61282e7c39447,896497,2327779.0,276.0,0.000119,3,2,518
2025-05-13 04:23:38,67c55783b6fb85d04b3c265bd1c4f826ed9469706217406a02076d5bcca16c47,896497,569976.0,99.0,0.000174,1,1,150
2025-05-13 04:23:38,4169c330f96996ffe7c056e1deabfae2025236f1c459de49fe5f817629175447,896497,713936.0,276.0,0.000387,3,2,519
2025-05-13 04:23:38,721c88e0635c55e16fc4e770e72932f2f5eef2fffbe6498760d32effbed00247,896497,146420.0,221.0,0.001509,2,2,384
2025-05-13 04:23:38,4fd563686295c7daad51a177e82ffe40ce47b65b32974fa00be10dd8e509f246,896497,330.0,152.0,0.460606,1,1,323
2025-05-13 04:23:38,4418fadb56f0f6b1349040d12ba3eb027bb6025d0d28eff1f1d1ccedd1036c46,896497,546.0,152.0,0.278388,1,1,325
2025-05-13 04:23:38,8f37faa80515f977095f18134ceb71bb0c23488d4e2fd404568f3c42ffae4746,896497,2786.0,214.0,0.076813,3,1,364
2025-05-13 04:23:38,8d78fc8e6d3e8bf13bd37ebbfbdb12bb96d0624361fc1cd43bd417f1124f2646,896497,14356.0,144.0,0.010031,1,2,225
2025-05-13 04:23:38,53650d2a3ca1f0a00c8239ba0237a7281c717c6e967de556de6a90da80ee0546,896497,546.0,152.0,0.278388,1,1,325
2025-05-13 04:23:38,54b63f4c8f1cc8ae55370604605283c322e00110d31836ea6223daab7c312af2,896497,83638.0,154.0,0.001841,1,2,205
2025-05-13 04:23:38,4851bea2d96c25e89d3997640767d7a3176427bb69eda75dfd5d7203896af145,896497,117332.0,151.0,0.001287,1,2,202
2025-05-13 04:23:38,44916ba233860eb802aa6eb44ba100f4452370e54020e461fff2358c33287945,896497,81642.0,154.0,0.001886,1,2,205
2025-05-13 04:23:38,8bd371a78278b9026805f64aecba69d2bf27750b3ac5c433784a30b3020b6d45,896497,400665.0,212.0,0.000529,2,2,312
2025-05-13 04:23:38,f353d04feba1f3c9a0f2a3d7d34fc4e515c50d975fd8a0e3a49f92389ffe3a45,896497,18778.0,145.0,0.007722,1,2,196
2025-05-13 04:23:38,5031ca66f2441346522ef05a102f22965645642db3ac918c5b296e7d72e84f44,896497,99335282.0,141.0,1e-06,1,2,223
2025-05-13 04:23:38,800eef5195dc17a7167cf8fa0216644d2c9c68a7268ac3d670e2bbe81db9eb43,896497,330.0,152.0,0.460606,1,1,323
2025-05-13 04:23:38,6989216d80400893eb5af57c3dc750f5c838e2d1a95d31bc559a2181d70fb843,896497,116974344.0,153.0,1e-06,1,2,235
2025-05-13 04:23:38,5d1e7c74909534de88ab951dee56342b7c102459a951e6f051367f41f96ca443,896497,2128.0,272.0,0.12782,4,1,471
2025-05-13 04:23:38,7ea6ec2af9ddf26fc4d4b7e4ed1cf5c8f45e528b8f08c2cff01d658c961f6a42,896497,714512.0,154.0,0.000216,1,2,205
2025-05-13 04:23:38,435b14efe237c9e901f8ac8d83a72f305aaf67c7394283bd044ebb0a50d36942,896497,108964.0,154.0,0.001413,1,2,205
2025-05-13 04:23:38,95e008e93b3329a31465a73baee3be417fa0c6bb49521adbaa08b2b6b4e64542,896497,749835.0,165.0,0.00022,1,2,247
2025-05-13 04:23:38,c9a87dc17c3d1d9e1d1897c3cc7ce3dfbedfebe56c538cfae4a8a27966c01d42,896497,546.0,152.0,0.278388,1,1,323
2025-05-13 04:23:38,f4cae051294fbcb65d256fa26d7bddff432acf8337808d78fd5c05f05a8bcfc9,896497,97318.0,154.0,0.001582,1,2,205
2025-05-13 04:23:38,bdbfff4f3bf5118fdc950b0903fba748feca95ceb2fbe537ea64580359775041,896497,330.0,152.0,0.460606,1,1,323
2025-05-13 04:23:38,01846f4a916f75069843654d09adfc178b9527d10e92b4fec5dec876c521e640,896497,546.0,152.0,0.278388,1,1,324
2025-05-13 04:23:38,fca3f878d56071c8de6c48647c184716c6066d117b3eeacbadfc6df0ebd9a940,896497,164005.0,212.0,0.001293,2,2,312
2025-05-13 04:23:38,0fd2aa0989d6459686402cb15e773da185c1057e036cf4cbfa7b0efdca4bda70,896497,164217.0,212.0,0.001291,2,2,312
2025-05-13 04:23:38,a8f47d94e573de5f0899bfff4473ee805e23e1145e721a550691efe5f32077e3,896497,164429.0,212.0,0.001289,2,2,312
2025-05-13 04:23:38,2e101b5d72695df3c36d15797b441161de24b8f1f54f6242551322b5ba5b55d1,896497,164641.0,212.0,0.001288,2,2,312
2025-05-13 04:23:38,6f36361362bd449ea1a8b5140c054c53b0a533104bc4006b19c7388505b49840,896497,38514.0,154.0,0.003999,1,2,205
2025-05-13 04:23:38,34fbbab0b4def9b6afa82131d8b34fe241b2737352f4676b8433cf8b77d2ea3f,896497,546.0,152.0,0.278388,1,1,325
2025-05-13 04:23:38,8c2f1b970ff1db0fe1ad63f540115d50caf0e9e4ebeb00e4971cb63d66598743,896497,3846.0,154.0,0.040042,1,2,205
2025-05-13 04:23:38,cf56bf209439ec65cdc571f494c30ddde9de657d17c0d6f55b52f75a3c1dab3f,896497,873892.0,141.0,0.000161,1,2,222
2025-05-13 04:23:38,fda00d42f0a35516bf366fd8cd546a8da69276c97939828085bd2dcc590b2e3f,896497,330.0,151.0,0.457576,1,1,320
2025-05-13 04:23:38,0056c2e8a3a05432020eccf95304bd6b4502a75a95c99833350fe2bfd2f4893e,896497,1986.0,214.0,0.107754,3,1,364
2025-05-13 04:23:38,cd7a536c5abb2661bcc420a2c117abda8b393d2c2212d5de351826449818883e,896497,23423111.0,142.0,6e-06,1,2,224
2025-05-13 04:23:38,153ce9eb12fbec75b8398bd7b1ec36a4f9acb5bf53db905d6e96ecc15f9f243e,896497,929018.0,212.0,0.000228,2,2,312
2025-05-13 04:23:38,9c95fd4de25c08a864fc59a081c145cb420cd20555f143bc3c9478395eedda3d,896497,100311.0,235.0,0.002343,2,3,335
2025-05-13 04:23:38,d443e495ad8f6dc115bdf78c5f49fa73f57251532dac7d026187a11d0325513d,896497,29812.0,625.0,0.020965,8,4,1022
2025-05-13 04:23:38,a0a4eaed40d15b3e655b6f51edea292c173995bb31d303757245e9bd501fe63c,896497,546.0,152.0,0.278388,1,1,323
2025-05-13 04:23:38,04d00d585642b24ae6785815747b9f95445745cb9f7bf76ae3cef23a42d018c5,896497,53265.0,154.0,0.002891,1,2,205
2025-05-13 04:23:38,807551147821996cbf3df36d8fe40e2a0e6c28e9ed6e0a8828ac7ee9d69f7b3c,896497,566130.0,169.0,0.000299,2,1,269
2025-05-13 04:23:38,229ccc3bef479ffdf15303589782802c9bd66007bc95bb47fb9ff2015654593c,896497,652648.0,629.0,0.000964,10,1,1125
2025-05-13 04:23:38,9b8c13d1b96d85e35ec3a22df8b13359587d5b8aaa7a4882cb998bb9fbf4d23b,896497,330.0,152.0,0.460606,1,1,323
2025-05-13 04:23:38,7b54a8acae024e2dcffbba1111067b550308c01f2ed7982eeaf81d973bc8b53b,896497,44911.0,166.0,0.003696,1,2,248
2025-05-13 04:23:38,cf03ce5d8d68048d7817aa6ff3c8f46fc1efd73de3060aac74c8eacf660ed73a,896497,330.0,152.0,0.460606,1,1,323
2025-05-13 04:23:38,b8e8b0a97fc19793a3f18a041069b448becd38bc0bbda3545641163dd873b83a,896497,35615144.0,153.0,4e-06,1,2,234
2025-05-13 04:23:38,18450763699cbee6165b3a33a4aaa0e1af9eb79fdee4ee794b7b97f091cf483a,896497,16293.0,212.0,0.013012,2,2,312
2025-05-13 04:23:38,e614bb518fe4439c5c201f47e0e6b85bf31d110715cbfd46d3ce0cef2ed56e95,896497,16505.0,212.0,0.012845,2,2,312
2025-05-13 04:23:38,bf22d8c911138c04538dbad9c2eedc24923d66de4647166536dc5292c1513c3a,896497,1870.0,212.0,0.113369,2,2,312
2025-05-13 04:23:38,5bc93b36aa8f908ad057f3163161b26845b09e3605dab272592e06e6a01c003a,896497,330.0,152.0,0.460606,1,1,323
2025-05-13 04:23:38,fa109dd6aa6bd8dad1fd72516c80c83624603b748f3ea0748b2c535e2c88f339,896497,553130.0,169.0,0.000306,2,1,269
2025-05-13 04:23:38,31c3255eeb0c1e55f087485fc9fd25c0a4f247172dafdc8b8c164b9f056a9339,896497,289525.0,154.0,0.000532,1,2,205
2025-05-13 04:23:38,a127d2a7d7fdb7567299502d89339a6d8bb24d278220a1e60bc87b781d678c39,896497,546.0,153.0,0.28022,1,1,327
2025-05-13 04:23:38,8cc9d2b1ed226a576329fa8050cb9830fb66fa6a7be83844a5b2dc00ef37d438,896497,1311.0,99.0,0.075515,1,1,150
2025-05-13 04:23:38,5ec28c3e208047751ebeab85ebdb7a90928fb3c760a975a345081618ec5b0537,896497,1679242.0,100.0,6e-05,1,1,151
2025-05-13 04:23:38,a230efb3866bcd4e10c3c6e7631d3dbeccb5faf67902b25898add2a1ae3ffc36,896497,570893.0,169.0,0.000296,2,1,269
2025-05-13 04:23:38,f610382acb51417c27e44f99466e2b5c8fd2fb6634bb6bdeb2f9d67bbb12d935,896497,330.0,152.0,0.460606,1,1,324
2025-05-13 04:23:38,5d47f6c2ecaa9679ec750059181e8962697988544e2f48ec2c3adeb2fec0c434,896497,563785.0,169.0,0.0003,2,1,269
2025-05-13 04:23:38,651d7a9d742fc2f8f3a397a2e904ec8a06f453d8cd324b892a65071db9bcb234,896497,16411.0,111.0,0.006764,1,1,193
2025-05-13 04:23:38,3674e608db69588d3bdb66f6c4105de07ff53969fc1bfe68df8abcdc7a6b8734,896497,314695.0,99.0,0.000315,1,1,150
2025-05-13 04:23:38,192875b4f6230ce4e20c4e85d443f7e1f3cce31f2cb3fb343c93e01923501d34,896497,9180.0,154.0,0.016776,1,2,205
2025-05-13 04:23:38,0bcef457d9266b6ef1c9da467f627a9ef04bd15fa90fe9d7a7f51033e2eafe33,896497,129195.0,805.0,0.006231,1,4,451
2025-05-13 04:23:38,826eefbf7dc1cce1a7c2650372f2ca1b0940700e0576e4b0ec944e8c5e57fb33,896497,330.0,152.0,0.460606,1,1,323
2025-05-13 04:23:38,f38f063467834f356ddc8e7e637528ce19b60b64fd83b6cc15fdb77da03e9433,896497,213292.0,142.0,0.000666,1,2,193
2025-05-13 04:23:38,ad73db188f7ac93871bec0381fe90a9e3a4d2f33c3ab98cd2eb8d49a81e06132,896497,546.0,154.0,0.282051,1,1,331
2025-05-13 04:23:38,70b3c122422da5ea6f06e77dd31ae514ad59dafdfe1e371ad8ad55cddc95d96b,896497,25701.0,154.0,0.005992,1,2,205
2025-05-13 04:23:38,db13c45db2fd49155f65ac378b769e5854a0d6f17e5e40e59325896610ad5032,896497,224855.0,145.0,0.000645,1,2,196
2025-05-13 04:23:38,eac01b543b96e1fda4364fad286a357d9ef03257e609c21fc5e031dfc5f52632,896497,173471.0,141.0,0.000813,1,2,222
2025-05-13 04:23:38,a4c7e7a41215dda1163900f0f6f0dcaeb6b48f42bfb386ef342b270d9e230932,896497,2874.0,141.0,0.049061,1,2,222
2025-05-13 04:23:38,daa66be51c37701e303540b04fa147722fed88ec1e4de27b4c0bd297a07ffd31,896497,330.0,152.0,0.460606,1,1,323
2025-05-13 04:23:38,2c71e21d907fb38c6cc19cb9ffa252e821b95fed6c128b17d3e0dca006c2da31,896497,56390.0,805.0,0.014276,1,4,451
2025-05-13 04:23:38,0a882cbe8a4e97637b6aebdeaaee8985cd0c6d6ea9bb2cb771cd86df36bc2631,896497,546.0,154.0,0.282051,1,1,331
2025-05-13 04:23:38,66c80d6a30a4aedda2b3f7dc2f7fe7332dcb57f7fb7c21c16fa3d33cbba165ba,896497,16632.0,154.0,0.009259,1,2,205
2025-05-13 04:23:38,f15232ddb7de93783d8b6a6226eff9534f268f18603a83c6552150e71999dc30,896497,772695.0,269.0,0.000348,3,2,419
2025-05-13 04:23:38,c7e6b48a4fa8afce7d5817acbba5f77ec3bee9f3ce817327896a8dbd53eca130,896497,551053.0,212.0,0.000385,2,2,374
2025-05-13 04:23:38,a7f3f3fab47f7e81a3c50fac94faf0d6614d41afb7cca3124a70215db83e9530,896497,9946.0,154.0,0.015484,1,2,205
2025-05-13 04:23:38,9e6f47c0605835e9f97b24bfb117cd21622215f78695fd009884f77e6f039130,896497,1092.0,447.0,0.409341,1,3,1237
2025-05-13 04:23:38,c9136491b9f7ea90feb20799b0033d37871685cc25cd19a6b44c498b8e2b5e30,896497,330.0,152.0,0.460606,1,1,323
2025-05-13 04:23:38,6281b6ef120f657a6a1b1949c77880d376c631d0fc99e31f76417cf14bf61230,896497,546.0,153.0,0.28022,1,1,330
2025-05-13 04:23:38,cf309bc972d42be4ad6428eb419c72b68d7019da87abf6afe00236e8007700d8,896497,10387.0,154.0,0.014826,1,2,205
2025-05-17 09:37:04,b171d1d49aa28020d3c64c4d9fdac941858440f1324fe3f10c9bec81192647fb,897084,26305485.0,682.0,2.6e-05,1,2,224
2025-05-17 09:37:04,56d36730f674415cf86298ffaadd798d0cb9f3255d78578399b23afefdaafdf7,897084,4589045.0,682.0,0.000149,1,2,223
2025-05-17 09:37:04,f5f1fd0a22bebc308161f746454590c60b761670d897d5b5ce7a17484d91b18d,897084,16260210.0,682.0,4.2e-05,1,2,223
2025-05-17 09:37:04,33c4cd44f3a7f1f1e95991fbe934aa8afbe8c48cac1e936223ab0250de06b78c,897084,9660084.0,682.0,7.1e-05,1,2,224
2025-05-17 09:37:04,79981e1ac3502712d8315cbb911f33e65ffb4870d7463592529545ebb4438476,897084,11462020.0,682.0,6e-05,1,2,223
2025-05-17 09:37:04,eea429b3af11978c49486f887217d85a8ed05642d9e7fd16d29617c2e1a7d534,897084,13386817.0,682.0,5.1e-05,1,2,224
2025-05-17 09:37:04,c5f2e8e3efda203d779819688aae82fccb101cf45df75a08d30fee9baf4785f5,897084,1879.0,678.0,0.36083,1,2,222
2025-05-17 09:37:04,d859ff0adc382953f0c3082b34d0b66d35d1a19655de7e940b46db2dafd2c747,897084,0.0,1044.0,,1,1,217
2025-05-17 09:37:04,a26fe810cc5f0cda9931001d94bb2b017c4351566bbdabe95b391d9c28292b6b,897084,1469075.0,3630.0,0.002471,6,2,966
2025-05-17 09:37:04,7235040c1d0f492f1b668edf79348198a41bfe0207e76c4774988176a3475527,897084,1004464.0,836.0,0.000832,2,2,370
2025-05-17 09:37:04,fcbcc1075ee316dc95e8da32baf3bd0c630f1f19b4225abd37e02085c3063402,897084,15780799.0,3629.0,0.00023,10,2,1559
2025-05-17 09:37:04,209ba6118034cdde2ec3af32d084b317d0f67288927dcb2c4aca099c46fb2fc1,897084,664603.0,546.0,0.000822,1,1,195
2025-05-17 09:37:04,ab10c98383614e8796a18e9f55e50940082ca8aac7565060ae9f7781f2db7472,897084,8827.0,546.0,0.061856,1,1,194
2025-05-17 09:37:04,7a6949717e3d31cae5d2c967d350057eca6a88fdc6607b9454c19dd69df13238,897084,94230.0,546.0,0.005794,1,1,195
2025-05-17 09:37:04,2717f66b9385a3ddf1c298c3ac708c4dda8454e225e29e42b29b0d0bb6630a26,897084,48454.0,546.0,0.011268,1,1,195
2025-05-17 09:37:04,9f014b214f7552d7d8acde5d0f8045faeef848d8dca49a015e3d56e54bd97139,897084,11574368.0,4032.0,0.000348,10,2,1563
2025-05-17 09:37:04,6089510418e5fd09dd2e07b2f5c6b88f061f41b13d20beeca18b62896f0d7059,897084,2666348.0,972.0,0.000365,1,2,392
2025-05-17 09:37:04,e7c75e7ce05a1f51b03c99451127bab9c2d2159da6b8b52d47cef3d3686447f9,897084,16210.0,682.0,0.042073,1,2,222
2025-05-17 09:37:04,acb72ac0340e31eb93ec0b63c7fcf5d569e7b8ad525527070d3d200ae9298f1f,897084,119359.0,1186.0,0.009936,3,1,487
2025-05-17 09:37:04,e7497a51aef959dd1cd7fd253fa32955e658557d9ea422021d88123498751edd,897084,49998603.0,785.0,1.6e-05,1,2,212
2025-05-17 09:37:04,e3c4a291f58741e8e10611ac2ea74bf882eba73df445b6eba00ad1f3b1377ac6,897084,17384.0,1205.0,0.069317,3,1,490
2025-05-17 09:37:04,5e46f14773d4c16cc64ba632fa0f9ea1fe3c0d7e1991afbca1c6ff678b8de30c,897084,1101599.0,900.0,0.000817,2,1,342
2025-05-17 09:37:04,a0b8c67a23b716089627e8ee8aac954b901596f41bc4746f1467cb85e19389a8,897084,999445.0,555.0,0.000555,1,1,225
2025-05-17 09:37:04,d2be4a3c2fd890e2053b3b0bb29dd57b050b913774ed4bf005ef3a3f558c2897,897084,2375948.0,689.0,0.00029,1,2,223
2025-05-17 09:37:04,cb7f4343deb5d621f9769567cdabf53a1abccbd2746cc5d36fd4dfd881089df9,897084,17343.0,886.0,0.051087,2,1,343
2025-05-17 09:37:04,4a83201b8c85e826b0608ddf3dc30455b1bb52686360992a8b2e452dfc11e69c,897084,1949886.0,808.0,0.000414,1,2,246
2025-05-17 09:37:04,4b09ed874f65d4d39589664a6ef76a1edb0c5bf6ca29b205449665615842059a,897084,99192.0,808.0,0.008146,1,2,247
2025-05-17 09:37:04,9c92f8716a7579bff512b5782ce163fdde1440ac0be3c9e8c5d82cfc906761ef,897084,14629.0,540.0,0.036913,1,1,192
2025-05-17 09:37:04,dfc5c99fea43473a90db49aa3a86cb5957018027684b4e8df0c1eba721fb8749,897084,6023.0,545.0,0.090486,1,1,193
2025-05-17 09:37:04,0407a589de4774e2e6b41b1d2c4ebcf593487087117b24c10dd90d182cf24b1d,897084,116907.0,545.0,0.004662,1,1,192
2025-05-17 09:37:04,06442fc6689cd54435eb139b81ea953da52e91752fde063508e13923f674e2ca,897084,860583.0,555.0,0.000645,1,1,195
2025-05-17 09:37:04,05add5296beca8daf3b286db763c2fef277e4c72bf36acbdfea7bb39924eff9a,897084,444850.0,555.0,0.001248,1,1,195
2025-05-17 09:37:04,5ac38340081c3b7f12fb24c88ea70ca7799c3618cb780d7b91ed563a18ba8334,897084,4153.0,555.0,0.133638,1,1,195
2025-05-17 09:37:04,6e3ef5d2b31cc26f79ebe7a439babca6fd7643ca6bae5888720e3f3e96e5d593,897084,95114.0,875.0,0.009199,2,1,341
2025-05-17 09:37:04,efc66fe92778ca2a71ab9d024e98683376bf3f2f1d2fd84899edb42e8a8a6d02,897084,26309164.0,2065.0,7.8e-05,1,11,501
2025-05-17 09:37:04,d07ccefdf0d205a6375598e7b748fcb7b214a4da4e7eb6baecf375146aa12052,897084,429600.0,546.0,0.001271,1,1,193
2025-05-17 09:37:04,1eae7d3c35e5ae3b0118fc75687785f93e9868b7ba64fbc3e7150389449be230,897084,89645.0,546.0,0.006091,1,1,192
2025-05-17 09:37:04,01ad665edd6b86188954ff0de766c0daaf0cc1cd16753b8ae546b953661e08c0,897084,1016036.0,3710.0,0.003651,4,6,699
2025-05-17 09:37:04,b5334867b550f7e373a161ada8f42a8e0b63b112c2406572e422e4d8d03950a6,897084,1059506.0,3340.0,0.003152,6,6,913
2025-05-17 09:37:04,593695f6215194cef7397c42a6778f3450f6a04779442c56a6d777a21756a1e8,897084,720568.0,2931.0,0.004068,9,9,1364
2025-05-17 09:37:04,5233261cea240859f443f2aa8f79eba0082f0c88e8efb4f3fdc5e5b93938f87f,897084,12722192.0,1255.0,9.9e-05,2,2,417
2025-05-17 09:37:04,75baa5b8c22f42902f6c125baa2e722dbb690d393bd1570683c6200cebc55706,897084,2145525.0,1265.0,0.00059,2,2,419
2025-05-17 09:37:04,1f68228a1b09a52daacb275ea2935170a9b46daaf5f7b205a9699945f828537a,897084,1002.0,832.0,0.830339,2,1,269
2025-05-17 09:37:04,5bc029dc687ab6e7c882d451fea73727d9714ffb88d9718ee4fdf64604bace4a,897084,49243344.0,818.0,1.7e-05,1,2,247
2025-05-17 09:37:04,84378a425934ee0cb187a7fa99918d40c4f147e0df633a9e50b498d53b7b672a,897084,7663353.0,818.0,0.000107,1,2,248
2025-05-17 09:37:04,bc3ffd59fdcdfa8939956cbc701e2e4c17a0567f9f8e242105d689d89994ffd1,897084,351706.0,695.0,0.001976,1,2,223
2025-05-17 09:37:04,fd169bdd501b9bc75923a4983860b1b2f20b05cbfc17d2da2a2fd637fe7f14c7,897084,12999.0,695.0,0.053466,1,2,223
2025-05-17 09:37:04,c19a3ae36ff1a7b4dbda6e2e6736c13cec404a24ccf0f29afcd53b4f8ea81a7e,897084,205033.0,695.0,0.00339,1,2,223
2025-05-17 09:37:04,ceaad67158a53461bf634ee0e922893d7c573ebf67d2e135a656be6bd4f9da28,897084,233717.0,695.0,0.002974,1,2,223
2025-05-17 09:37:04,45f0f5fe6f2203812f5f687b6aa5bd1b9e65dceab0a00d6b4a9a791ab5edb422,897084,132407.0,695.0,0.005249,1,2,223
2025-05-17 09:37:04,32d33659d03a074aa1c32dd10ea66b23bc3d3380d7c0393dcb7c7b99434d20dc,897084,113590.0,700.0,0.006163,1,2,224
2025-05-17 09:37:04,4ecddf4c5b1658b27c0371b1aee86129083ed485ad4f37382b4676d5b8affcb4,897084,2174018.0,700.0,0.000322,1,2,224
2025-05-17 09:37:04,ddaf318b3fd0cf2cf7754f4e1301465b6f9941d593de7599b40e0bb22b0e3bac,897084,1311246.0,700.0,0.000534,1,2,223
2025-05-17 09:37:04,06fcdc2f15f63ad0eac0c0e3dfa561bad7a730545f2ad82757e0091c7846f576,897084,3070703.0,710.0,0.000231,1,2,225
2025-05-17 09:37:04,55d46c42459448e2ee48489f5891938e8070bcdb504f66821809773ae5c08b4f,897084,388328.0,710.0,0.001828,1,2,225
2025-05-17 09:37:04,1a288deba25229399a6254cff142190c4a7a2a21b84153fbb82fa6376a0cfd3c,897084,257474.0,710.0,0.002758,1,2,225
2025-05-17 09:37:04,c18f6a1a56fd0dfc38a486a0b8eb594568db0c990c64cae26a969984939f7a25,897084,381616.0,710.0,0.001861,1,2,226
2025-05-17 09:37:04,3889147cab8946fc8b50fea2cb1e7132189913c5d9ccad90ad79d162dedac51a,897084,1823641.0,710.0,0.000389,1,2,225
2025-05-17 09:37:04,66bf938f368e3287c7cd9fa902cdde40792cc4795a6425cadba5541cab641c40,897084,7879868.0,1100.0,0.00014,1,2,223
2025-05-17 09:37:04,80b804939acea5f12cd9201bb40ac743e66f827ba824b67968cb5bd4326281c5,897084,928222.0,698.0,0.000752,1,2,223
2025-05-17 09:37:04,d116e9070f6037c327cce9e4e23f1499930de628d5524476a4773a632b1792a2,897084,565054.0,698.0,0.001235,1,2,223
2025-05-17 09:37:04,abea1b3258c41ea91fb7c27f58ef29781dd39a52272a3d15d0b67a494e850d83,897084,12237036.0,698.0,5.7e-05,1,2,223
2025-05-17 09:37:04,ca835066570d21ca6011788dd909f3db175433636844525b11133cd258201e79,897084,61339.0,698.0,0.011379,1,2,223
2025-05-17 09:37:04,b5bbaffc5ad9c45c134d322fb2e23fb080bbc63dcee0da45a7260e0f183fec73,897084,99999302.0,698.0,7e-06,1,2,222
2025-05-17 09:37:04,ddbcfe6fe115ffb7b68a684d04d26c3c4989996b99bc150fda7adc61626aba71,897084,13237845.0,698.0,5.3e-05,1,2,222
2025-05-17 09:37:04,5e0c279bacffb86991d734e825e1e3240a5fbdf265905e523e6e848210b32f58,897084,20766929.0,698.0,3.4e-05,1,2,223
2025-05-17 09:37:04,28f0d91ffe4f9fc640f8bbc046bdfac3321bdc3e89016ec67a447da7e6b5a031,897084,6300861.0,698.0,0.000111,1,2,222
2025-05-17 09:37:04,73754e842b91e64ae80846fb4ff9a8ecd46c1ca1482d55e85e59471d291dd22e,897084,9679302.0,698.0,7.2e-05,1,2,223
2025-05-17 09:37:04,fc1980af83bb156598e370e56e498d061e0d7c7078644f6c76fd7419d851a520,897084,781426128.0,698.0,1e-06,1,2,222
2025-05-17 09:37:04,189558fce6ea9ab0321176460c78861838cacb580664e89f67fc8bb77ab357cc,897084,2887515.0,1035.0,0.000358,2,2,372
2025-05-17 09:37:04,16ddffe9bbec4f3cbbc91e121302d5381b2b6b3cc9a254100a982c39421990bd,897084,661765.0,1035.0,0.001564,2,2,371
2025-05-17 09:37:04,a924df585aca6d40aaf511a6633d9d7a5e096c40cefdc69045ff81d5bac0778a,897084,76032483.0,1035.0,1.4e-05,2,2,371
2025-05-17 09:37:04,7705aafd03d78a0398abeac52043587dbc81438977915dab0c1cf3331c064f0f,897084,142461.0,1373.0,0.009638,3,2,520
2025-05-17 09:37:04,2c2d417f79c38e1df11caeeb13aeeaece9761c58441dd28a6bfdd1f3959533cb,897084,97784.0,699.0,0.007148,1,2,222
2025-05-17 09:37:04,5df6d62cd847bd4c87be23e461e9e7f04444a2a424f4988a10ee4438ee9c88be,897084,43363.0,546.0,0.012591,1,1,191
2025-05-17 09:37:04,274800851906db435b58322773a4c6aed6ed4f6808a3495577e6ee70e13a6cca,897084,2807956.0,1038.0,0.00037,2,2,372
2025-05-17 09:37:04,0647cf55a97bd7f714484fbb2f3877dda29cff5fa6129a28c310fe309e9c45ca,897084,340232.0,760.0,0.002234,1,2,235
2025-05-17 09:37:04,71256979fd1f03a93f10a66b3aa1c6a5ee6a5f07a7eda2424acdd04f95d062a1,897084,389232.0,760.0,0.001953,1,2,235
2025-05-17 09:37:04,2121259266ed3fbeff6be0c14b9c42d6ad179b5bdde503e67469c4ce50419c6c,897084,438232.0,760.0,0.001734,1,2,234
2025-05-17 09:37:04,7c99ac039fb4d83d5562ff9dd08e8dbefe8d1b435222b167ed831a8be72609eb,897084,37405.0,547.0,0.014624,1,1,192
2025-05-17 09:37:04,7651c4b559bf5aa68fb9478dc1cf7bb50071aaa51d1ff16b6e9a877f4c9a04ad,897084,63248.0,547.0,0.008648,1,1,191
2025-05-17 09:37:04,65bd8f66ac53f1dead36c5f52ac75400ee5b7efedb178d8301221d20beb3845a,897084,18411.0,547.0,0.02971,1,1,191
2025-05-17 09:37:04,2f114ddc73147288ef68d9c49b7b450da854f265c52b87e3d5492e407b2c0fe1,897084,908863.0,995.0,0.001095,2,2,300
2025-05-17 09:37:04,c55adeb6e7de7a5c31aae816ad9e12f6088e218fd39dd2fbce0864d4af61d1ed,897084,3966205.0,1035.0,0.000261,2,2,370
2025-05-17 09:37:04,bf1ef991d6ab7155c7e9e235d5efd4f281a80914eb92b8e2032ac46aa12546c9,897084,1865.0,1055.0,0.565684,2,2,312
2025-05-17 09:37:04,7a5aca65dac644e2179382583bb901ca829691d1ed3c928c5e4870e795a9c4a7,897084,42867.0,1055.0,0.024611,2,2,312
2025-05-17 09:37:04,5fb682956a4e4306546b11a032184f968fa87b9010f68332dac8aecc028c966d,897084,2314935.0,1055.0,0.000456,2,2,312
2025-05-17 09:37:04,34324db8b19a6405e564dd951055538f0223ee75a8f38c085e31260bbee570a6,897084,2688686.0,662.0,0.000246,1,1,214
2025-05-17 09:37:04,eb786de550f1544b6686e6ff7bffdadda5b841541623da1576f1f5307a251ff2,897084,34777.0,702.0,0.020186,1,2,223
2025-05-17 09:37:04,948f42c6162e02f395e0602f8ca7dce847ad665c4894e966c5ce287a213e80d9,897084,3443173.0,702.0,0.000204,1,2,223
2025-05-17 09:37:04,31b57af0ced9054ad0482ceafc373bd4880f0b23c8636479af2c7b922777baa4,897084,36854.0,702.0,0.019048,1,2,223
2025-05-17 09:37:04,fe274c257b091fa58134f9739bfba67aa770d6d5af1280fd99ab4026b8f28ba2,897084,402927.0,702.0,0.001742,1,2,222
2025-05-17 09:37:04,5f44356095e6347e1d4f1fce600caacb3b90a32d789010bd9a6c03f700431686,897084,231194.0,702.0,0.003036,1,2,222
2025-05-17 09:37:04,543507631006a435da9de3b0df099767caf43a7fe792c960b6b06f5913b62281,897084,1931298.0,702.0,0.000363,1,2,222
2025-05-17 09:37:04,95f5a7e03b96255823d8de06fa855048abb948debba52347d7e8e1a078dc8959,897084,2425.0,702.0,0.289485,1,2,223
2025-05-17 09:37:04,047e98b5ae17fdf54f73b1fb747b5311173fbe695254767614d067ed421a5710,897084,138049.0,702.0,0.005085,1,2,222
2025-05-17 09:37:04,cfa868376fd4813f1e2036dd1683e02655e8296002d763fc179095f316a400de,897084,194245.0,707.0,0.00364,1,2,224
2025-05-17 09:37:04,22f3451f6579d8821138a371d742c6e7587eb40ea6b536f1b452944ab0c23d8a,897084,740320.0,707.0,0.000955,1,2,223
2025-05-17 09:37:04,42929857c8fb5930c7675c937b8dafc637d45888c152e0b2da7840d7f63b5032,897084,1058565.0,707.0,0.000668,1,2,224
2025-05-17 09:37:04,98532898a1cb6033778aae03f798193031904ed297ed2bcba781b9328625b4f7,897084,155767.0,717.0,0.004603,1,2,225
2025-05-17 09:37:04,87380a0ad0074b77fc96b91f96560295add24151d206ffd72c277a9ab2f14ba4,897084,3879.0,1396.0,0.359887,2,1,269
2025-05-17 09:37:04,d1cd6eb22000a506eaba1ce95bc1085bf681ed7a711e5a1afb04f56bdf7a7924,897084,1375057.0,1167.0,0.000849,1,2,223
2025-05-17 09:37:04,5dde37a8b0ad9fd00f168b45e24c51ddd57c4b855085fac93552c4447cdca4e5,897084,3161.0,1012.0,0.320152,1,1,204
2025-05-17 09:37:04,335902349db92e99f6ea8166a946d7c5c19709167dcbad1e44115e67f7eaffa8,897084,103735143.0,2265.0,2.2e-05,1,6,322
2025-05-17 09:37:04,fb65883a25e6ef81619542abc526191efe11513acf40751d291856654a8144ef,897084,447070.0,930.0,0.00208,1,1,162
2025-05-17 09:37:04,220c54bae78ab9ab5703ace394b8262b47c8374c51fc5416d02826dfcc22694f,897084,24127.0,930.0,0.038546,1,1,162
2025-05-17 09:37:04,9b8161f04f4fade8b12c43417c34f8cb0a99435e2a08b09e89e74ace4762a1a7,897084,8651712.0,3231.0,0.000373,1,9,440
2025-05-17 09:37:04,8e3c1f721a4ac31cfc68ab9df2cd7f824e00e06179680ec950d6cb05c35b8514,897084,9193780.0,4360.0,0.000474,1,15,626
2025-05-17 09:37:04,edafccfdaa7bfaac9e2ea081e27a2ee24533b8240b8e102bb2c2dcf31c711949,897084,2845151.0,1193.0,0.000419,1,2,223
2025-05-17 09:37:04,6b779f5892d7a342d14fb127c4d0587482edc5ecf9aabf099f8a945b271af3a9,897084,8609446.0,1192.0,0.000138,1,2,222
2025-05-17 09:37:04,fa917e4086dc07d31dead993419267b9cf71fb8acd0be46d92e0837f6fbb78c6,897084,4306458.0,3542.0,0.000822,3,4,792
2025-05-17 09:37:04,fbef4ccf2d6d9128ec054ae4687d5342408bfac1e1ec802049d601f409ff58c0,897084,291992.0,960.0,0.003288,1,1,195
2025-05-17 09:37:04,8faea7ba5d7a20b6b0f326d120397ced521e234a12440864188993be2cbf4e10,897084,12779228.0,1845.0,0.000144,1,4,255
2025-05-17 09:37:04,f2ed11fd1eb43f5da0cfe0129105e8852052a0f41c093c3730c008c62c166a32,897084,12949908.0,1912.0,0.000148,1,5,289
2025-05-17 09:37:04,a3b47123a02ece3707acfa343c0012375b247f8827755ae879d7e4dccdf442a5,897084,48685946.0,1421.0,2.9e-05,1,3,248
2025-05-17 09:37:04,199d729dc82fc76b21bfd6150dcf8861612b14f8f745b98d112449cbc1480fe3,897084,388800.0,1200.0,0.003086,1,2,222
2025-05-17 09:37:04,b5c904fb2549dd14bb2cb8a8e3c1ec98fa0d3dbc3a84c6d492e8a48d33f2db91,897084,148106.0,870.0,0.005874,1,1,153
2025-05-17 09:37:04,21de16245ea04f7e4a1282c3912f62ea663b947c55b34ccf02a00301dfd6b10e,897084,41922.0,870.0,0.020753,1,1,153
2025-05-17 09:37:04,3f506aefd35c2abf8781ee5317cafecf5522e6de236c1670c119719c0636c08f,897084,15909534.0,20000.0,0.001257,7,7,2330
2025-05-17 09:37:04,b4ab9cab0e9361b1ea680c394f7b6d4eebf55e54c8f73ae06e26ec6a3f0617d1,897084,12854423.0,1863.0,0.000145,1,4,257
2025-05-17 09:37:04,cce25559634bdf05ac8140bacb21ed401ef508c236ed7611e58b3310cbc862c7,897084,12932924.0,1400.0,0.000108,1,3,225
2025-05-17 09:37:04,f4b0980c749907240c4ad6a5c63a6cb653012e9f1df51662a380ab95b42d1add,897084,51660.0,1720.0,0.033295,2,2,300
2025-05-17 09:37:04,aa0c9245f549d49eecfce498cf58802af9e8ee678195a95cf474c6ce5dcf46a6,897084,172084578.0,36000.0,0.000209,15,13,4956
2025-05-17 09:37:04,c0b69b7d48a96c6a2ad23d2594f165212ef018ba49c64115ee604381497b553d,897084,372592.0,1910.0,0.005126,1,2,222
2025-05-17 09:37:04,c19a6c138b236d264ddbd2cd04ba98c48365a6ab28b2cf8596c055700f5de13f,897084,276522798.0,2280.0,8e-06,1,4,345
2025-05-17 09:37:04,6f81228f77fa2dd49438e1ec6d51e24467649c689cdee2034616fbf687ec9a3f,897084,45418475.0,2281.0,5e-05,1,4,345
2025-05-17 09:37:04,4801bcb43c8e5110a1fba3d9945223534762ac037a78e9891a8f3a84b98bc61c,897084,25214012.0,10710.0,0.000425,1,37,1319
2025-05-17 09:37:04,8dffaf9b09992e5296b9e046076fb7cfcf1cd52d2ef8c3c8ac8318612281903b,897084,238884193.0,2881.0,1.2e-05,1,2,333
2025-05-17 09:37:04,6e90f42520ad0380712bbd03e2ae82a14853c60e276c320ef79b1f30bfad17c4,897084,11651.0,967.0,0.082997,1,1,193
2025-05-17 09:37:04,378e6b5199eae38f2e8bef478b5f6e02779b4f30c55d36b7d2474f2948e6c38a,897084,99512.0,960.0,0.009647,1,1,192
2025-05-17 09:37:04,465bc6fa1a11db3a068c2b603eb1a092fc96c8e826a1ac17db53cabdb74158ab,897084,2300.0,1475.0,0.641304,2,1,269
2025-05-17 09:37:04,df627227702bd91d56bd914381770c68e80f3994b092411d9742b5ec99f5a366,897084,28137.0,2985.0,0.106088,3,3,585
2025-05-17 09:37:04,7cf595ec08e4b251a878849d993661a2a598f650c45c384cddf097a6bf0db046,897084,153566.0,1851.0,0.012053,2,2,375
2025-05-17 09:37:04,7462f211c62913f7114fc92bc6b4d618dbc588cc103adf6248276c1d93217405,897084,296769.0,1930.0,0.006503,2,2,383
2025-05-17 09:37:04,436f70ccccf7ea68d44f17203a55d5c5cb1325bd4c5cad1605e5f7450cc66459,897084,76789231.0,2090.0,2.7e-05,2,3,401
2025-05-17 09:37:04,b539e9577be63e78cc64bc0eb50ddd0657b1663693f887422cae408bb2a02060,897084,14519.0,962.0,0.066258,1,1,191
2025-05-17 09:37:04,dcb04c296b152984edbfd6b73cc000dbe27d7ac82c0b06a62eda7c2d7bf229b4,897084,40751.0,989.0,0.024269,1,1,194
2025-05-17 09:37:04,34773b1737c8e49cdb5900d716481c3cd468832323b3d27529e088f0c9bfe88a,897084,839515.0,2899.0,0.003453,3,3,574
2025-05-17 09:37:04,24195ec8ad64e257819d8e5131705d70644d130725829697e92a1726ba864fd9,897084,111019989.0,31000.0,0.000279,16,9,5046
2025-05-17 09:37:04,e808e174cbca24c7cf0f0dc4804cd05522a1eaa300c799e9705395c351c7b1f4,897084,182965.0,999.0,0.00546,1,1,194
2025-05-17 09:37:04,9e66c236d74b3b14e53f114f723b8ba182b461232011c078257540db6da94494,897084,1470.0,982.0,0.668027,1,1,162
2025-05-17 09:37:04,a840b04ec46698bec40a6517c9949b69169da7f1f28945b21536437d9cb06be7,897084,2096333.0,2000.0,0.000954,1,2,226
2025-05-17 09:37:04,3c8e06d7a71e163aecdd8c31b393cccc5470f131318cf462cb392fbc430b8218,897084,1301585.0,2000.0,0.001537,1,2,226
2025-05-17 09:37:04,da3600727a4a10e8ddc149f6f41f238fd139c2c344290406c1b68a37baa5f76c,897084,54400.0,1251.0,0.022996,1,2,222
2025-05-17 09:37:04,256434e7ab1af68d2b902abe40292b69cf232d6d67b63d6f2441084c7fdc2ca6,897084,1601968.0,1278.0,0.000798,1,2,225
2025-05-17 09:37:04,86cf85862c0277072726242b188f41020e8520335c24832a4210e9e11688919f,897084,336015.0,1278.0,0.003803,1,2,226
2025-05-17 09:37:04,3d1c6387755d9264cd1a595bc84dd90b6d4cccc857cf127527779d1218f15051,897084,798000.0,2000.0,0.002506,1,2,225
2025-05-17 09:37:04,3f328b4a004155aee0451675481fcaa5dfbb82332331c7940be2f6cf49c9753d,897084,14000.0,1509.0,0.107786,2,1,269
2025-05-17 09:37:04,926c6139eaaaa7b37eb4f86cb12f5469ca2badea77fc84be05f335e13799e642,897084,1077297.0,1188.0,0.001103,1,1,214
2025-05-17 09:37:04,e0758656738692f10a9b27c8a5a1bad232381a544d8bfeb92d48e2d97e146306,897084,288498.0,1260.0,0.004367,1,2,223
2025-05-17 09:37:04,3ba6e0abc66a2e3738103c539cd7b1ce8b1c140b2811909454211e65b9838b34,897084,181000.0,1404.0,0.007757,2,1,257
2025-05-17 09:37:04,621f91b1b47941f59aa434aecfa43f8afed75d2e880f536e77e7c45d7c1d4ba4,897084,467787.0,1974.0,0.00422,1,3,411
2025-05-17 09:37:04,1a7c7884fc16be43e050c5707008bac67e3a9a0776092a3b26fdb39a84a119d2,897084,9059776.0,5134.0,0.000567,4,2,1332
2025-05-17 09:37:04,aeb19f54205b5ef0b3daac1ebdb6058fbf37878521eafcb4a392f849cdfbd5e5,897084,2668109.0,2634.0,0.000987,2,2,673
2025-05-17 09:37:04,5d51fbaaf34516fbfaa3f9b27c86d1b2c930741a573425805430efe64f54a1eb,897084,68176.0,1278.0,0.018746,1,2,223
2025-05-17 09:37:04,d9d4daa486d98ca709825d5d0ab2015bdfc02521464a139a53b43c29e390efd1,897084,162018.0,1269.0,0.007832,1,2,222
2025-05-17 09:37:04,cf20a7bb1a75419baa51cc61721721dbb3a965daa1ad454ff5d8bb9d936da1ba,897084,546.0,1278.0,2.340659,1,1,319
2025-05-17 09:37:04,f8e3f0a747440f8b5aa58f35d3b5ccbac9f92257a84e61a71572a46f29e0a8a1,897084,129872472.0,1296.0,1e-05,1,2,225
2025-05-17 09:37:04,314e741980e2fc58ad63c9fc5699cb76d9a55533cddba0348f132b61621f9790,897084,21560.0,900.0,0.041744,1,1,151
2025-05-17 09:37:04,7fbd2986cdcc5e2c5df61df9238ff58b5c8640e1a00dab1c7b043e4e84a34b74,897084,64978.0,1017.0,0.015651,1,1,194
2025-05-17 09:37:04,b32ffb4adc234c597cd068c4eaf660d000b1a7971231ea6010e821c9c3cf555b,897084,72449.0,1017.0,0.014037,1,1,194
2025-05-17 09:37:04,929b546d2d4c35cc4967765c811f62cdb781be5619360ea6c3f192f1d2d95458,897084,17326026.0,1512.0,8.7e-05,1,2,249
2025-05-17 09:37:04,ddccf8d1ac803e2118cfea65f4a26a3ca601ea776ed267bc1de33cabab5a604b,897084,2313215.0,1269.0,0.000549,1,2,222
2025-05-17 09:37:04,ba5517c10ed8f68d36407c0f3cd6e1aa61ccd617744268080c0e1283c0f95f3f,897084,2891118.0,3645.0,0.001261,4,1,727
2025-05-17 09:37:04,9bdedbef8f18d20c3335c9c485529f46b528685d2ac6f9a41bd1761d50bfa035,897084,29936771.0,3501.0,0.000117,1,10,470
2025-05-17 09:37:04,d71a98d4581606f0161abbb34530dd033260814bbae1d3373c910898a97fca2d,897084,1042809.0,1269.0,0.001217,1,2,222
2025-05-17 09:37:04,32b60d1f1d29fe05ce0b2e70d2e42663863bb49582283b501bdc1bff67a0371c,897084,1929343.0,1017.0,0.000527,1,1,195
2025-05-17 09:37:04,c8221e8f27252ad07ebddfe4f2d9cd43cf53898b998bf569c54c26ffebb67117,897084,1842996.0,1278.0,0.000693,1,2,223
2025-05-17 09:37:04,9f5966a9afbb3c476bbc7eb8838f73bb4f90d6b5d92462d476c3b4d4a3aed661,897084,10226150469.0,28411.0,3e-06,1,1,349
2025-05-17 09:37:04,eff89c312ea0f41441632ff6124ef1c58387f308ea91aed3a327b44d27ab3dac,897084,10326597276.0,13458.0,1e-06,31,6,10378
2025-05-17 09:37:04,daf57bb2fc00892d0a611c6299a888d19f3ca0b0761fbe28ae23c21d8cbe0d86,897084,3253897.0,2557.0,0.000786,2,4,384
2025-05-17 09:37:04,b032e5ee1bd8d3cc93cb26781e5820777fa2dd38a73bb09d702639d217423daf,897084,59510.0,3213.0,0.053991,4,2,680
2025-05-17 09:37:04,0cc1a176f600e3c11f0440b7b351ba5eaa4ac91e9d1d646dcff4e2bb2cb8035f,897084,99010.0,1179.0,0.011908,1,2,181
2025-05-17 09:37:04,3d9841437cd7859b3d80351f6fa2b301ee481dd8c46e613e46aacf1c0315242c,897084,59353015.0,1312.0,2.2e-05,1,2,225
2025-05-17 09:37:04,99fdc0946c59902addbfd0e3a192896c1d39049a66f733b7d2a96b1323363339,897084,2890.0,1008.0,0.348789,1,1,192
2025-05-17 09:37:04,603e0216a29310e34d196d0b3bf5fece8d79b55a3bfe3a3b812d98f1075fe5d7,897084,524186.0,1926.0,0.003674,2,2,371
2025-05-17 09:37:04,08eeb4a655348f45b16d58fef1922f4b64f920cb0c5f51694f6e5d45563dff83,897084,235501.0,1926.0,0.008178,2,2,372
2025-05-17 09:37:04,8ebdb30a5c2b767a8b981e8fcf578cd8395bd59789e2818cb32cdf96c4101b97,897084,146495.0,1017.0,0.006942,1,1,191
2025-05-17 09:37:04,eb74738a6dcc2192b213d65cd5e6b929a2d8354edf765f054e33b42d1db3a686,897084,438072.0,1314.0,0.003,1,2,223
2025-05-17 09:37:04,f4e979e324daf817a57d9aa539c38f0465b6debfb396bc256c25752cde218c82,897084,142440.0,1314.0,0.009225,1,2,223
2025-05-17 09:37:04,027248e9a5c83ac3652de58aeaea068b47cb994bf7f277202f00822bd7d4bf23,897084,17901000.0,1699.0,9.5e-05,1,2,263
2025-05-17 09:37:04,a82b103d6247fa6bae8d172f6dd9a70ea1a8838f896743582073a3d55f97ed8e,897084,1834599.0,1401.0,0.000764,1,1,339
2025-05-17 09:37:04,8c5a39dfe48ca72b578b5155f70f9ec5220d4c24275260dc8cbbd55132a3f5f0,897084,16465.0,2208.0,0.134103,1,1,188
2025-05-17 09:37:04,24ba5afdc859093b0e755f50684d6594d1866c0c8f3337e4dd7748330c5115fa,897084,28359.0,3058.0,0.107832,2,2,372
2025-05-17 09:37:04,68934aea898696550634c5a7cbbc7b2d493bd28904c84de704377dd81cbb70ca,897084,2850.0,1950.0,0.684211,1,2,222
2025-05-17 09:37:04,fdadf0b2d613251eb1184d0a18c0324be6ab9620f6981c8256ac5d86c6a25fb2,897084,32445.0,705.0,0.021729,1,2,222
2025-05-17 09:37:04,80a4dd911735f090c73d0d670af6accaa970bc22a3801a934d37db8bdb49fadf,897084,1470.0,2130.0,1.44898,3,1,376
2025-05-17 09:37:04,be3abbe7ab428e151a4f5c5f4ac6d479f09033b24fd816daffc5ffcd8653ad5e,897084,46064.0,1785.0,0.03875,1,1,189
2025-05-17 09:37:04,967928ce8ca98ae3b308268edc796b4d03415762b273c2e5bb8f7f4f27673bc9,897084,467844.0,1333.0,0.002849,1,2,222
2025-05-17 09:37:04,48ae8f913a10ff6cde7655051e41f1be4eec7f40d12f1039f0cc1e27889387a7,897084,121502.0,1351.0,0.011119,1,2,193
2025-05-17 09:37:04,f7e1642aa26cd8430b0e66b38aa1fd66f5b980db9ef6ffd8fe4c2f56c8f3542b,897084,546.0,2175.0,3.983516,1,1,323
2025-05-17 09:37:04,87c948dacd6e487e8deae1a24960949b2588e7ba79edbaf7fc3a0fc21efec621,897084,36082.0,770.0,0.02134,1,2,205
2025-05-17 09:37:04,d36c0c0511de2e7e542a7536ecfa196490bdf8de6ff5ba963176f078c9ed6636,897084,14560.0,1060.0,0.072802,1,1,191
2025-05-17 09:37:04,421e1838c41642fc3dc6133b64d6cd51de6355de4ec8dfaf55db201de3c8ae13,897084,3696.0,1788.0,0.483766,1,2,354
2025-05-17 09:37:04,c3c037d884e58a49fc6c11f9976263924b05924fb0245e3adac6329514302e41,897084,232464.0,1505.0,0.006474,1,2,205
2025-05-17 09:37:04,4c3858c3846aa1c10ee761a81fd25fc51df407ac2e5969c37bb82dc449f20cd3,897084,231906330.0,3387.0,1.5e-05,1,4,346
2025-05-17 09:37:04,8149e54aedfa38501e79a6f828d81917f72b5bf68cca57755f86b5a433ae98c2,897084,35000.0,1096.0,0.031314,1,1,162
2025-05-17 09:37:04,cb3685d1814641236a729b27f73d97c1994a8714355c5fd3bd135ae974fd4bb0,897084,573690.0,2175.0,0.003791,2,2,382
2025-05-17 09:37:04,55e18525d92a1df334c5caf2ae90cb20eaa3d12eb0f0672827bcfb2428f3fd18,897084,36894.0,1093.0,0.029625,1,1,191
2025-05-17 09:37:04,042c094dc1674f988dc27379fe79b0227d72d928f793bf2eb62895ce095d1f10,897084,418548.0,1403.0,0.003352,1,2,222
2025-05-11 02:26:37,e9e16bd803bbd51c7bdb1299a5b58b56ca66a2050c579503c3beeeb2095e32c1,896193,358207.0,2371.0,0.006619,2,4,457
2025-05-11 02:26:37,cdfa6ada5305741d1b7db6ac53fe06d287c78b8c8c13330754eff6e9d7d519c1,896193,388433.0,900.0,0.002317,1,2,222
2025-05-11 02:26:37,8942bbf8c6e243cfa31c633f9983337e64e0f37accbbc93ae4918f47f694de7f,896193,87542432.0,2000.0,2.3e-05,1,6,347
2025-05-11 02:26:37,644b8cdb02a5db2c0b9a71469e991bdd87fe393a8ba3696627e5090f74e7bf73,896193,1333267.0,1064.0,0.000798,1,2,222
2025-05-11 02:26:37,5fbe1a26fed4b76313ee3389b1843aec41e47c1421f01555c820c52b9d7b555b,896193,541835.0,853.0,0.001574,1,1,195
2025-05-11 02:26:37,75fbfe2e0cb1b05da88d2d588575fe4f478c5a45d55de6b06e622f73288f0f81,896193,1396752.0,1065.0,0.000762,1,2,223
2025-05-11 02:26:37,56fc46896ad9f10bb13dd6271c1678e8b5d07e31282f627fe33bf79742b03659,896193,948108.0,854.0,0.000901,1,1,195
2025-05-11 02:26:37,a84381d8e2dc4d9ead8cd2741660cafefecb88c845c1e4b740746521b695cc91,896193,72022.0,836.0,0.011608,1,1,191
2025-05-11 02:26:37,f5440110ccac23370f42bf645cff36f953e76aea0d7843ca62a3a2bc8eec5d8a,896193,12395271.0,1312.0,0.000106,1,3,253
2025-05-11 02:26:37,a668841bed11c354f0c1c5e2149c5ab31d650b0984cc43db6e1f3bccc3f006b0,896193,55660051.0,1778.0,3.2e-05,1,4,314
2025-05-11 02:26:37,c8cf1d6e16accfbc9bce5fe77693419ac67034e9a9463a7989f653e3b45eb48a,896193,1021796.0,3344.0,0.003273,4,2,762
2025-05-11 02:26:37,57a90aba85fe8872083002c845054a05001bd73116fb20720d6bb92aae8c6a49,896193,115312.0,848.0,0.007354,1,1,193
2025-05-11 02:26:37,9bc677fe9b0e170f3cbdb37825c3b141a989573efd6060744f3de245874a64f5,896193,1063806.0,1200.0,0.001128,2,1,257
2025-05-11 02:26:37,85e0c9dfaeaa9d7a96909c62eb2b054ed7aa5767600479a002657096de1ccbef,896193,1063806.0,1200.0,0.001128,2,1,257
2025-05-11 02:26:37,755839280042bd55a13d87bbee2befe0f4ed7e58830aec9a28eb977bc79edfec,896193,1063806.0,1200.0,0.001128,2,1,257
2025-05-11 02:26:37,d3573de12ad77f8c9ebdf3d84e743cb89efca6788206b6590e4d601718a182df,896193,1063806.0,1200.0,0.001128,2,1,257
2025-05-11 02:26:37,124d1248a02aa1c29c77db1a4f98e7a51e71225e39d64ee39cd83db99d0519dc,896193,1063677.0,1200.0,0.001128,2,1,257
2025-05-11 02:26:37,ac679c1bfe51f93a41a88e64067ac22cec8e6feffaa6ad7c233fda31d64af0d3,896193,1063677.0,1200.0,0.001128,2,1,257
2025-05-11 02:26:37,5f6297e566d8fa15d482423bbf70abed43563dc2330e20a72ff68d39455a3dc8,896193,1063806.0,1200.0,0.001128,2,1,257
2025-05-11 02:26:37,182aa6d01a722eb6cc19b8b0ced92eaca8b674dd259e99c408d24b615df62bc5,896193,1063806.0,1200.0,0.001128,2,1,257
2025-05-11 02:26:37,6fa266694a40e9594323e1cd936e32c2b707a6a2505947770d20229b022da7c3,896193,1063677.0,1200.0,0.001128,2,1,257
2025-05-11 02:26:37,f541512983f907c7f092eafe826abde1b54e095d2c224ba2d936e1bdf92378bf,896193,1063806.0,1200.0,0.001128,2,1,257
2025-05-11 02:26:37,f2028234848a4281d89627af6db7778751415ff4f2e76d62e502d40f46ed2c88,896193,1063677.0,1200.0,0.001128,2,1,257
2025-05-11 02:26:37,ed9f1fdeb4029a444240e46af329942c4aab2e06b3f56d304048d129d691cc82,896193,1063677.0,1200.0,0.001128,2,1,257
2025-05-11 02:26:37,05fcefbf3c2fffb13aa49364068db9d1c6db94e487eb575f11fd52ffedff3561,896193,1063677.0,1200.0,0.001128,2,1,257
2025-05-11 02:26:37,5025b35df2cf2bbf18074f9fa7315f942aa6ba21ff120c36373aa2165ac03533,896193,1063806.0,1200.0,0.001128,2,1,257
2025-05-11 02:26:37,805b3c81cc09ef9fc75c9beaae3ff651b7a96e9e53e96ff80853f391fc6be12a,896193,1063806.0,1200.0,0.001128,2,1,257
2025-05-11 02:26:37,71be841e17de973445689481f594773ab2eed703bca5d93bb41cfdf195abdc70,896193,754635.0,1683.0,0.00223,1,2,223
2025-05-11 02:26:37,01928c3511c927d24e00d480527479208b461f5ff9af36a753d696f497457d18,896193,864178.0,482.0,0.000558,1,2,223
2025-05-11 02:26:37,6bc1a59008f50b709a83e0164a6a8a2c5f983bef25d85a837f7955a849f0233a,896193,226918686.0,1985.0,9e-06,1,5,339
2025-05-11 02:26:37,ba260eaa7cb8ada697f2596f3dc8ae02006cfb5dfd32ea3d9f1c4561a83f6609,896193,2530000.0,5543.0,0.002191,10,1,1527
2025-05-11 02:26:37,14ffe91ffaef576e2b2b30aedeb3ca86b92f1d6704e76d6a5b3075c583f6cd8f,896193,910000.0,770.0,0.000846,1,1,151
2025-05-11 02:26:37,3cd987c38e8371bb7b9cba7506bc4fc73341f0fafa4ded1b3ec4ee6ae4d5ff9c,896193,3888896.0,3626.0,0.000932,4,6,764
2025-05-11 02:26:37,34528b2c54d6bfe6bfcd3d76e8ed5f2e4abfd0cb51c45cb59dbeaed3e0572e58,896193,121000.0,2603.0,0.021512,2,1,337
2025-05-11 02:26:37,b1a733267e7d50e4d19de0fd372054843610356f13d1a5cfcecbab80de8cd0c1,896193,98061653.0,1848.0,1.9e-05,1,5,320
2025-05-11 02:26:37,0e0b961a5d77114571a47840ae74fc274279f8cf73c6bbf2076b46e190fdce4f,896193,31131957.0,1540.0,4.9e-05,1,3,281
2025-05-11 02:26:37,2ef4cdddac15365ec18064cc8757f4da81db9e7ad99d26d2e52da52a9a5ca4cc,896193,119904525.0,3435.0,2.9e-05,1,11,494
2025-05-11 02:26:37,9dcdc215db35c2c441c34a28876b4dc4693f17ab924c75f8ab74f37848cbe273,896193,101849450.0,4000.0,3.9e-05,4,2,1274
2025-05-11 02:26:37,2b6ceb94e72d654542efd10bbe2254ca5466a0e09f89565a8419d31aac285408,896193,1802144.0,1098.0,0.000609,1,2,222
2025-05-11 02:26:37,f7b18e6e90f32fadfc9974ac8dc1e3e11dfe684b3f37da1aa85dcec91c76b1ef,896193,102064.0,936.0,0.009171,1,1,231
2025-05-11 02:26:37,aea54a203bdb62e4dfee22aa5f70776a9eae6bcba4f89a8824e704a51fb6bb7e,896193,2248346.0,1498.0,0.000666,1,2,383
2025-05-11 02:26:37,8346db8c4056b64582460886e09bd1b9910ee3b0875e005a7eee8909c35795c0,896193,156722.0,2687.0,0.017145,4,2,665
2025-05-11 02:26:37,857b4c7276a7d40a46a86e68d2f0e40e4ff3ae7ad7eb2d2e8f0805c97f2d0c16,896193,237012.0,4278.0,0.01805,7,2,1110
2025-05-11 02:26:37,2da4d6b774c4c6cc48addfbc5de1d4cc1f8fc61455d7968dda95cf0903eff9c6,896193,30220.0,1932.0,0.063931,1,2,225
2025-05-11 02:26:37,db1427b0cc057c633e1a3c1bef549392b534b2a1f601244aaf7de6707e2b9038,896193,51309.0,322.0,0.006276,1,2,225
2025-05-11 02:26:37,788cb95fd7ac3b18b97715bbbe504d0ec2e095c3124a4b0b6d30d108018b5b0a,896193,6703.0,1481.0,0.220946,1,1,189
2025-05-11 02:26:37,c7fd12e25b316e4e7461981be2aff875f716f75900768af9315ddd678bba98a3,896193,261945.0,888.0,0.00339,1,1,194
2025-05-11 02:26:37,19e9a9bd4c452a759d2b9c546ecffb2286f6fea63bbe5fbd47f70811b1499700,896193,1077064.0,936.0,0.000869,1,1,230
2025-05-11 02:26:37,5163526a95a44153a78a7df439eca4731177b25bcf56c7a16c86400bedaa4942,896193,299970.0,960.0,0.0032,1,1,204
2025-05-11 02:26:37,ee95315c80cfe688bc395566b524d1b8a7b7442fd8893105049b4d65ff7d7131,896193,37276889.0,1302.0,3.5e-05,1,2,247
2025-05-11 02:26:37,1c5baf4de1bf9ccccb625244cb2c5fcd272dfb53d4b0432c706d5c93f01f2454,896193,1989087997.0,15000.0,8e-06,8,7,2662
2025-05-11 02:26:37,5c2812b863eeb931ff17762dfefc9318ef356ecdccd67bdf9c6fd807c85ce478,896193,20879.0,1599.0,0.076584,1,1,216
2025-05-11 02:26:37,eb6f50e04011f28868153692071bf9694fe32c08aa1761bcb9870950032d4711,896193,22478.0,960.0,0.042708,1,1,189
2025-05-11 02:26:37,b31568014d0fe8642e98095995f3f0b48441451300f212d0a9b6040eafa8dff9,896193,238814.0,872.0,0.003651,1,1,192
2025-05-11 02:26:37,23b0c365fe541dc9bb818a7e0d13dbd2fcf1b2bc8565babb201874548e8932f9,896193,42404.0,872.0,0.020564,1,1,191
2025-05-11 02:26:37,7fd51f0a3787b17cf823e31915c563310acb1d80c1c869b00bf5e034682857ee,896193,19359.0,872.0,0.045044,1,1,191
2025-05-11 02:26:37,eb94e58fb93fffbf5379d03705d38615b3c99c337540f65d852e904205f402e9,896193,37797.0,872.0,0.023071,1,1,192
2025-05-11 02:26:37,c9885a4c1e02de8be88d9743fb51da667806349526a0af795c7dfbf0b7971ddb,896193,75000.0,872.0,0.011627,1,1,191
2025-05-11 02:26:37,22fd0d6eeeb7e34d98a4ad0daa95f6d4d856f3a7037b5baafa102474bba6d7d2,896193,554257.0,872.0,0.001573,1,1,192
2025-05-11 02:26:37,171bfec92e0dba47c9f93e00935f701ea3ce6d39117e04237043164af16886c9,896193,23718.0,872.0,0.036765,1,1,191
2025-05-11 02:26:37,f6dda2595f81323abbefe629e299bcd255e5e9a4b818460abafe7c3af9d5c5c4,896193,18428.0,872.0,0.047319,1,1,192
2025-05-11 02:26:37,6065798b3e42163a8043deb0d4de73ea8543f3cf3b10645ddaebd11157d27cc2,896193,19219.0,872.0,0.045372,1,1,192
2025-05-11 02:26:37,993b0af1d28bcabb80679e20541258cd6747c6d9f1e2f98d3ff42915a2904db6,896193,38410.0,872.0,0.022702,1,1,191
2025-05-11 02:26:37,017b0e5ddefa131c648507b11dc32c5fc3eebaee745488f1008c3720ed2adbb0,896193,18427.0,872.0,0.047322,1,1,192
2025-05-11 02:26:37,d809c351090515f9224462ccc0e2cac62e82fa3a41fe7b6b324cc57d8ce74ab0,896193,17029.0,872.0,0.051207,1,1,192
2025-05-11 02:26:37,45e388a391ebc9f88a1d1223020c02178d3cf5fa0a5f130f5d071c2cbe3b87ae,896193,199128.0,872.0,0.004379,1,1,192
2025-05-11 02:26:37,787d7daa1ab9366cc8c0afb9e012ba0561f489226adabe0ebe1469b0dff36bad,896193,326190.0,872.0,0.002673,1,1,191
2025-05-11 02:26:37,9465f8c17751f275f31221af010f4e64d43f5902a4abbdbff1724ca683d4b89f,896193,40418.0,872.0,0.021575,1,1,191
2025-05-11 02:26:37,56e78299191e9290618240e6a22bea25179268ccebd0ca5c146b8728f0d1a097,896193,26806.0,872.0,0.03253,1,1,192
2025-05-11 02:26:37,05dcd1a3ed9f4f6e601c71a9514dde6fe816aaf53afe9415f822b07b0677bd8a,896193,47035.0,872.0,0.018539,1,1,192
2025-05-11 02:26:37,1ba3222eb7eec29ddd2dedd9d1d750b9c57a8b6697c963cf79f1852fc118bc88,896193,27865.0,872.0,0.031294,1,1,191
2025-05-11 02:26:37,99344bdb17469e17f654a37bb5d007c79428f96da285e977f972bbb073ab7c87,896193,15536.0,872.0,0.056128,1,1,191
2025-05-11 02:26:37,0f4dfd31cd22e4f6ac081e9a4cd1a9618d460ecebe29a35dd19c8af2e11da87e,896193,25882.0,872.0,0.033691,1,1,191
2025-05-11 02:26:37,4fe5079d276be8e011d0387ac70d658ed98ef413098c0cbd0bf6faaa33e3a476,896193,14422.0,872.0,0.060463,1,1,191
2025-05-11 02:26:37,aefe3c035221a746dbc7e4088a378f41b9662f2be6ca20a3771587e10aab2e70,896193,10231.0,872.0,0.085231,1,1,191
2025-05-11 02:26:37,b34543427b82e40f3a9988f574f3a73108f980154924b455bbb2a1847e38556c,896193,65199.0,872.0,0.013374,1,1,191
2025-05-11 02:26:37,61d87cffb7a22b80e2225cbae0d869d75a5702c9f9f925c4fd33c6280ae94c69,896193,14622.0,872.0,0.059636,1,1,192
2025-05-11 02:26:37,e39b0ce51cdc2233dde740bdacea54676533135c976eca52776c06d3048e5c67,896193,23163.0,872.0,0.037646,1,1,191
2025-05-11 02:26:37,df0f6c77c64efb45b756c21db5923bad6e3a121bba372ea73187598549e40b4a,896193,47023.0,872.0,0.018544,1,1,192
2025-05-11 02:26:37,d7ccc04eb2f3948ece23d940e74a79f431e68589ea47aa84304ac5cb668b5445,896193,33132.0,872.0,0.026319,1,1,192
2025-05-11 02:26:37,abe29039a9fc8c7fccc7f19a15c50cbe0b2d5a55f752a54c6f5be90994f14245,896193,27860.0,872.0,0.031299,1,1,192
2025-05-11 02:26:37,55a832623b9fd62a1a1c2882343f3511cf28bce16b113dcb4960293a538f2a3e,896193,114076.0,872.0,0.007644,1,1,192
2025-05-11 02:26:37,27083dfdd496a0331d1a1c9839380e3d7a8629d4f34855957b467a9a18e85f3d,896193,46987.0,872.0,0.018558,1,1,191
2025-05-11 02:26:37,05543276bf5706db7377b8033753bde31192564cce0944b277c2f5c70759d736,896193,418658.0,872.0,0.002083,1,1,192
2025-05-11 02:26:37,fda64403e47319a244f4c611ddbf77cda53422c3968f250dbed7cf663b4c6334,896193,371431.0,872.0,0.002348,1,1,191
2025-05-11 02:26:37,06209f95a994b020859c5957cadd4f2a76274fdb95e1cc7d6f302643f433a025,896193,276001.0,872.0,0.003159,1,1,191
2025-05-11 02:26:37,dae236ad3110795169fe1fca5fc6f76b933d61b88c5122dea7907ebbe9486823,896193,47008.0,872.0,0.01855,1,1,192
2025-05-11 02:26:37,753c49582a021eeec3404fafc841f7f26740893c79737f85681f07e49f07a922,896193,42221.0,872.0,0.020653,1,1,192
2025-05-11 02:26:37,25b1a2b5b2731205a5e08d00ae84a53a4707f6fb3a645dafb30d6c82dedbf111,896193,27834.0,872.0,0.031329,1,1,192
2025-05-11 02:26:37,2c832572258d32fcd35994e4a2ce5124ce18f49109c32f97c2b4d9d2accfdcbe,896193,714817.0,4350.0,0.006085,7,2,1112
2025-05-11 02:26:37,63b36c181d85600141eb45df2c855e5e565ddfba3230da470b475d5ba9113f4e,896193,4208783.0,1120.0,0.000266,1,2,222
2025-05-11 02:26:37,bed198a43abb3e683675fa86d97702bf329dac7ff3c33b36041922b456f94e8c,896193,39988.0,874.0,0.021857,1,1,192
2025-05-11 02:26:37,948273336777b99cf3ebcce12f4f47aa2deec2fc3f75ea1e03e626725fd09bcd,896193,3386481.0,3274.0,0.000967,5,2,817
2025-05-11 02:26:37,03ff175cf1ac34ef88d85b91504f55a00467b90fd7c66cdd7df5a8416836e863,896193,93743.0,1844.0,0.019671,2,2,395
2025-05-11 02:26:37,11d72b77e902083e7591f96b8366b6327c967a16f78e9666594d00ceaa40953e,896193,430557.0,1058.0,0.002457,1,1,214
2025-05-11 02:26:37,5495ff2f3b81af931c91e458ed141c9c028b5475a47288ceb90ada4b4dd29f80,896193,188942.0,1416.0,0.007494,2,1,340
2025-05-11 02:26:37,c72db755c1ac845b97a011fc8e4c83a62788880a9cdcbadf82819e7985cb3b67,896193,143297.0,1416.0,0.009882,2,1,340
2025-05-11 02:26:37,e168ab304ccfe06bd78856ed8219c8514fd4387878db3ca285a858f201e38a29,896193,384425.0,1416.0,0.003683,2,1,340
2025-05-11 02:26:37,431a90a5f78878214a6b07279ac134e015ea91f6f0995f21e365ff7562505abd,896193,127845.0,899.0,0.007032,1,1,194
2025-05-11 02:26:37,f5ff7dac2a60aadedf768131c18fcd32ddd8e651797e94c9c1447d15729ef7b2,896193,37319.0,1122.0,0.030065,1,2,222
2025-05-11 15:49:37,574bc023f5b3aeeaad75ee3da2984f6f254a8d07e34ed44d37382b80a59e9a9a,896276,3400166.0,306.0,9e-05,1,2,235
2025-05-11 15:49:37,a2874daea174df3c8a3398aeea2469e6cd2c30020ec5a5cec1f0d2c3e2e922d2,896276,3496225.0,306.0,8.8e-05,1,2,235
2025-05-11 15:49:37,b59e8f63872bc07164d958f72b559fd55b101d088f11ffd1dfb5e7538e580399,896276,314789538.0,752.0,2e-06,1,9,457
2025-05-11 15:49:37,bad79563066a0d6a09cc3af781fd9e316079e3be8445d3dd850ce86bc6071995,896276,39258.0,452.0,0.011514,1,2,226
2025-05-11 15:49:37,b45371d94afa68f066afe8ef18bdd48c93641a0c2c61cb2be77a349b66bd2b94,896276,49804895.0,306.0,6e-06,1,2,234
2025-05-11 15:49:37,00c5ad63ec1303dc3906a8f90d776d3991ead5cee2ef5c946b8f6c5d79133192,896276,332285.0,282.0,0.000849,1,2,223
2025-05-11 15:49:37,68446345a1dcf4251e02daa44671e924d77ea120bb74082dcf2b21581a271492,896276,414826.0,552.0,0.001331,3,2,518
2025-05-11 15:49:37,19bbec47d660e2d13bf54df39864a6c5f1c8292e9e4b63ac48d61fb4fa6fcd91,896276,80428.0,284.0,0.003531,1,2,193
2025-05-11 15:49:37,7d59f6a97a9a314bfde1d22f520b25de6aafa728d591c2be2e8b527d049b7e91,896276,546.0,304.0,0.556777,1,1,326
2025-05-11 15:49:37,9741e033922ea6ada4dcaae76a2bc36f5876db79ac0d28926dae26a9367a7b91,896276,1306472.0,288.0,0.00022,1,2,225
2025-05-11 15:49:37,f367e05943a16e0167c995a0f2b787d2e99dac6435dbf64dcd4edc4641f2d18c,896276,92096.0,418.0,0.004539,2,2,371
2025-05-11 15:49:37,e98bdd1cfafaa5574f0626d952d76b19ad88355a4933ac40351f2442afb4608c,896276,21913677.0,282.0,1.3e-05,1,2,222
2025-05-11 15:49:37,bbb877a69be9f466a2004b691e3da6a9f801e52cfe72e2d9a2fa63547f64b1fd,896276,22688621.0,282.0,1.2e-05,1,2,222
2025-05-11 15:49:37,a03ba6d1df973c99868677ea3a9e451e5c0b0027ac9076d80190c5edc2eebc8a,896276,748618.0,282.0,0.000377,1,2,222
2025-05-11 15:49:37,89a523fc198139491477e25473893ee4544734e046d854b0d88a16f091633d8a,896276,1042085.0,282.0,0.000271,1,2,222
2025-05-11 15:49:37,06ff5781212c9cc67d5cfe35217f9895ad98b5100ccc848f2fa5e6b0c2adee89,896276,1003428.0,288.0,0.000287,1,2,225
2025-05-11 15:49:37,798b77c2b2dfc51b96ee0c6a5d9dd494e2cdd19666d6ec17f059ce3189a38c88,896276,61146.0,470.0,0.007687,1,2,235
2025-05-11 15:49:37,cfe4ad9cfbd555feb36d724eeea12944426589f1531db53418334a686221a584,896276,369841.0,244.0,0.00066,1,1,203
2025-05-11 15:49:37,6bb51c73559aa5c0840ed99a18f3b8fd577c7325428d80002838f6f3008c8982,896276,274939.0,282.0,0.001026,1,2,222
2025-05-11 15:49:37,069be1a1ec20ffa33f11b8507e7a6e32075fb958ee3167054218b45eb1f30f7f,896276,2008412.0,362.0,0.00018,2,1,343
2025-05-11 15:49:37,45278007fd64ef2a1d585320914e3d056b1f868639854a87af3d69b1a12aae7c,896276,46215364.0,336.0,7e-06,1,2,297
2025-05-11 15:49:37,b12a9590732f8b181b5522a6f7937680867989880a1aca870b409010a63b857b,896276,1060233.0,282.0,0.000266,1,2,222
2025-05-11 15:49:37,5617b754f9e7df6a3cac3437b16a81e3663403d0ac73f4552fc9e995fd19e87a,896276,1123165.0,282.0,0.000251,1,2,222
2025-05-11 15:49:37,06d769492ee4795456c5b88f37ce9d5bccccf5e24723c08dcfe171181fbfd07a,896276,1918914.0,282.0,0.000147,1,2,223
2025-05-11 15:49:37,3257410a53ea8f1911facfd96a26d534b0253874f5c2e486e8ff38fb182f0379,896276,4155928.0,452.0,0.000109,1,2,226
2025-05-11 15:49:37,bb134dab748a5222e968d8b33687451df8b432f345665da982e9c5ca4b7c8a76,896276,141816.0,284.0,0.002003,1,2,223
2025-05-11 15:49:37,03baa7b7a25c96cef13e5b0f31a2d3fcd738f542f260d76caf600380430cfa75,896276,239978.0,446.0,0.001859,1,2,223
2025-05-11 15:49:37,845d8d16a72aac447e4d5a4375154faba3ffd0823e9263b17eaa613f4ddedf75,896276,333027.0,306.0,0.000919,1,2,234
2025-05-11 15:49:37,2e2fe7232dbc69ae1a81859de025876196350e2ed308aa270e899a8b2f744a75,896276,23442402.0,306.0,1.3e-05,1,2,234
2025-05-11 15:49:37,e6017a949756ba553e49194561549b86ec1e58e43141a68c7eb4848c625fbd73,896276,5430.0,284.0,0.052302,1,2,223
2025-05-11 15:49:37,12dd8e1b4e4dbd3e304be5ec3887f5ed5c64b65cf116c5f5aa10276082bb6a70,896276,50828.0,284.0,0.005587,1,2,224
2025-05-11 15:49:37,fcd334445cff435557df08600684c84651b5a1f52ef59b8da48e0e49cce5466f,896276,168934.0,288.0,0.001705,1,2,226
2025-05-11 15:49:37,e41c4450a7d03028774b209c11306ac61010c6731efdb955e8d4aaed1aade26e,896276,1174159.0,282.0,0.00024,1,2,222
2025-05-11 15:49:37,72ca9d2e5faa1c91861a97ec8fbb6fba2fe18b970a79ae55987f2b2529722a6b,896276,1254897.0,288.0,0.00023,1,2,226
2025-05-11 15:49:37,b4f71a40f0625d30676108bf22f444bbe0b5adc30901968b3a104515302ce969,896276,546.0,280.0,0.512821,1,1,313
2025-05-11 15:49:37,8a223168636b48b779c64bc845374ba42716477ae2b218061501b2207885d868,896276,484710.0,220.0,0.000454,1,1,191
2025-05-11 15:49:37,234cdb221d39d4b5f97f612d6563509fb5d585e5a0a7fd78d4c2c62294b4d468,896276,7684473.0,282.0,3.7e-05,1,2,222
2025-05-11 15:49:37,0c82a77770785fd2f2ce1e7f825c53241eef117f013935159daed83010f9a067,896276,786205.0,288.0,0.000366,1,2,225
2025-05-11 15:49:37,0209a66bf3740b70fc07ebd96a44a45ab0bb292dc2bf5ac00a3472473635d666,896276,14708.0,446.0,0.030324,1,2,223
2025-05-11 15:49:37,41250f72cb7ad13729c8f252b72928db12454ddf6e8a49320742f08325302d65,896276,383401.0,284.0,0.000741,1,2,223
2025-05-11 15:49:37,bb7c773286fb9418944c413766405dcf14bc93b9fb31465cd644c5ac1c855664,896276,66963.0,222.0,0.003315,1,1,192
2025-05-11 15:49:37,585ff5ae7664047e266cc354b8de80be6ad58bc08b9d8cec47a5b5afaed2365f,896276,191669.0,284.0,0.001482,1,2,224
2025-05-11 15:49:37,4715a611ec98b67f5cb2c2d582abd2b67dab1703caf5f575f9b871495c546e5e,896276,26524.0,418.0,0.015759,2,2,371
2025-05-11 15:49:37,4a16b1b1ba89b1d12fe1f6dee58967b5df900c9b1de9575ebbb544b75a49f55d,896276,282769.0,288.0,0.001018,1,2,226
2025-05-11 15:49:37,0022249959ebd935c959ea4a497810330c66febdbc3957c7a938e64fdc11b35d,896276,76418.0,282.0,0.00369,1,2,222
2025-05-11 15:49:37,79037dca5e40476bda0e60437a998ca66a22015c586b8bcb9ba6c427259c495c,896276,202954.0,446.0,0.002198,1,2,223
2025-05-11 15:49:37,4f8b8aa2e7e869d0a6f75a0e961ef224d96074e526de017fc176b7c2e021245c,896276,365151.0,446.0,0.001221,1,2,223
2025-05-11 15:49:37,3cc207a49147407f02b1072450d94bb7d2ba64de01a93b7ba891e5dc9c6de55b,896276,378516.0,288.0,0.000761,1,2,226
2025-05-11 15:49:37,6e9341ca2a8f6ded461a1b25b5ed580977d95d0fd5940ba10d252d337e71ca5b,896276,446952.0,308.0,0.000689,1,2,205
2025-05-11 15:49:37,4c8c5d7546ae9178ede7ad1e28f34ed71cdf76a4530058b894e1867cc0ca535b,896276,1011405.0,288.0,0.000285,1,2,225
2025-05-11 15:49:37,481a1e292da90a47e683bbf4a18e1a123f31436627d02bce402d00670d7e865a,896276,182532.0,222.0,0.001216,1,1,192
2025-05-11 15:49:37,bf9f89b5138a6cd992a76607667db9614f28197c9532d408b5fef272f9bde358,896276,9888380.0,400.0,4e-05,2,2,362
2025-05-11 15:49:37,2c43e0c87225180e0717234defb5a3365553fada9140defed828d00bb646d755,896276,175043.0,282.0,0.001611,1,2,222
2025-05-11 15:49:37,91354835889b38061551e05ffa6314da7e61fdfa7aa95a96b07ae4b12c217f55,896276,4248586.0,452.0,0.000106,1,2,226
2025-05-11 15:49:37,991eb9fa21045a280aa84687f80fd1fe4282174d61ff2824ef6493b104293555,896276,546.0,304.0,0.556777,1,1,324
2025-05-11 15:49:37,dc90f2d2f03d42681d1dbb73d74b64e30b03425d315199bf5ad975df394e9254,896276,97713.0,354.0,0.003623,2,1,339
2025-05-11 15:49:37,fde032e3e2f2250d80933a2a213731ca68434ae7b70d738f811bacb388f99253,896276,6666326.0,368.0,5.5e-05,1,3,265
2025-05-11 15:49:37,f12b02a34b4b4f399480063b6969c65743f4bdb44405f6207b9eb6987605084f,896276,546.0,284.0,0.520147,1,1,319
2025-05-11 15:49:37,c368f4f76367fefeb52794809b3733c3ec3cffe760334d7ee663d16a91ae3a4d,896276,46329.0,282.0,0.006087,1,2,223
2025-05-11 15:49:37,9592bba183c2e92cf5b685d42aaf789f08b6effb0ada66f7e73763f44934904b,896276,2780320.0,362.0,0.00013,2,1,344
2025-05-11 15:49:37,b9f6adcef1f7e5b1b693a216f3b1643f5ca6ea7b0d5ec79a45c236648ee45e4a,896276,2006756.0,288.0,0.000144,1,2,225
2025-05-11 15:49:37,84934f6c89f15fe41e8f42f7ed0b1fbd4f85223e21c45acdf8de3ec86d3a1049,896276,40654229.0,288.0,7e-06,1,2,225
2025-05-11 15:49:37,9f2d522c981d477cfa798ba9bd73d0f0087f88cd8a8c17bdb52f74bd8bf27948,896276,348421.0,284.0,0.000815,1,2,224
2025-05-11 15:49:37,87f3e0093f6e92adc44ac8bd62aa1ee556769bdae0fc2a75f93deaae0efb0246,896276,19247749.0,282.0,1.5e-05,1,2,222
2025-05-11 15:49:37,c09ace2772493333fff8bf0b0c83f80ec3cd4c8a0fc07ceabad1c9c7b0233745,896276,15428548.0,282.0,1.8e-05,1,2,223
2025-05-11 15:49:37,10c33f3aa0cb1cdce231c4d5d4f1ee445c8050ebd83f764b38daac799e02843f,896276,300338.0,320.0,0.001065,2,1,260
2025-05-11 15:49:37,8d7dcf58a9244b2574a04515bab6b03a370f6adb244c95e22f6a9cba429b503e,896276,7423520.0,282.0,3.8e-05,1,2,222
2025-05-11 15:49:37,77b7b2e69ad71764be3c752d8d3abb05ceffe5fc1465baa9facd129757ccae3c,896276,141861.0,418.0,0.002947,2,2,371
2025-05-11 15:49:37,d384024fe55f9acb557d2f85f0f7e412f66876622102c12bea15bb57c9c51c3c,896276,1457170285.0,1226.0,1e-06,1,17,694
2025-05-11 15:49:37,9f4e2d20603991f2a73ae27ed07fadb62964e76f3c9396e28235fec2e96f0c3c,896276,6681672.0,288.0,4.3e-05,1,2,225
2025-05-11 15:49:37,a41771d2711b7d75b6d4bb10cabdf04e7473349a91ea1ff0882bf9b4ec40b83b,896276,1027489.0,288.0,0.00028,1,2,225
2025-05-11 15:49:37,4d89cde6a36833d767455135209cd474629082ca82721ee5b0a2195748c45636,896276,120243.0,424.0,0.003526,2,2,374
2025-05-11 15:49:37,cddb1a94ce725ccc44bc573fbbc0f8997fdf16ad19ee0bae40be1a60e1737735,896276,124465.0,288.0,0.002314,1,2,226
2025-05-11 15:49:37,4d1d20821a69a94a9ce2343121654797acabb31ef26753f1315a6f80b99c1633,896276,159961.0,424.0,0.002651,2,2,374
2025-05-11 15:49:37,209a5c8adca522f494e9f89899550427f32e0e9cf3afe4654ab3abcd1ecd842f,896276,1023945.0,282.0,0.000275,1,2,222
2025-05-11 15:49:37,a6c91afa3fb500b11b0e011236fe463c4f3b24bcef1e677d57a8176a2021012e,896276,78612.0,288.0,0.003664,1,2,225
2025-05-11 15:49:37,b083d59dcc16c1cd0f0841663953945d6a0bfcaa0b4b7f06e5650c056bedd92d,896276,95571.0,308.0,0.003223,1,2,205
2025-05-11 15:49:37,f0307d31f58e564aacde0ee216c178bd47dcf14c8d83792a915467811690792c,896276,5310260.0,2856.0,0.000538,20,2,3033
2025-05-11 15:49:37,1fb131cae5027913b2b2cac9438c6eabb61683c02d9dd7f957cfb0617be6f026,896276,546.0,282.0,0.516484,1,1,318
2025-05-11 15:49:37,44d6939d9ce138f2157552cd759bb9846e61de3975c5cb1587f220034092d7d8,896276,323638.0,306.0,0.000946,1,2,234
2025-05-11 15:49:37,acfa1009143f39909e6147900e676509993b7f51cd890df9087e55ff48360425,896276,1492.0,308.0,0.206434,1,2,205
2025-05-11 15:49:37,7030a758006f5bb7ac483e5c5789390caa25835479c8e4f55c60a7ed4877e324,896276,7833272.0,222.0,2.8e-05,1,1,192
2025-05-11 15:49:37,841fbeb23307058b2d60acf2dde8fa443e6261d27a28ae6fae732922db05e61d,896276,546.0,284.0,0.520147,1,1,319
2025-05-11 15:49:37,f27191fdc8e4ae844612e760893eb75bed68f563a010d6dc8a78a1efceb36199,896276,653552.0,306.0,0.000468,1,2,235
2025-05-11 15:49:37,c30d72931ce4d11087edc12a28d4741a73675b36ae9d8ab32026dd28dd929815,896276,1026410.0,288.0,0.000281,1,2,225
2025-05-11 15:49:37,caf4336e831410398c2876b62b52770ca145aabc50f7237114a73cabb4b0f914,896276,642101.0,788.0,0.001227,2,8,556
2025-05-11 15:49:37,08662c2150e559566df477228ba2f8c01dd442702750220cfa7f5e959ada3c14,896276,2878992.0,468.0,0.000163,1,5,315
2025-05-11 15:49:37,4d09bffa89b6bc1296cec485d26a12e756f74a1179dd05ca12a9f46cc0a44f0c,896276,42352.0,306.0,0.007225,1,2,235
2025-05-11 15:49:37,ef3f6a6a9553ba6f45fe9fc00c5481a6e014280c9c1af1bb6b71188121bc150b,896276,1593744.0,282.0,0.000177,1,2,222
2025-05-11 15:49:37,0003dd67a60f934b9fa352594798bf1946d3be3a85a01bfa8204e7dc1f83ad07,896276,417703.0,282.0,0.000675,1,2,223
2025-05-11 15:49:37,27c6d65f7a90e47d698ebf00361c0286e497c098108a6cfa820d40fd25b73a06,896276,73552.0,448.0,0.006091,1,2,224
2025-05-11 15:49:37,458db80f849d9a21c2ba2f207e67865033c24d01cd65153754ea9554f50acf05,896276,414244.0,306.0,0.000739,1,2,234
2025-05-11 15:49:37,0f765ae995ff54e369e63f891c6cf52e4866075e5e02c6325920b0547b572005,896276,24994.0,220.0,0.008802,1,1,191
2025-05-11 15:49:37,ef106733d854381695934d625698602600c9a219d4148c99fa2b8673d6340404,896276,565928.0,306.0,0.000541,1,2,234
2025-05-11 15:49:37,19c4d3768a15171bf5ae7fa57b19935e8af4f8d5a28318583c902c22469e3403,896276,2873379.0,446.0,0.000155,1,2,223
2025-05-11 15:49:37,23ff756fccac04e4df6e81671515d6c8ebebff53775fd79a41125c0bcfb62502,896276,1244715.0,282.0,0.000227,1,2,222
2025-05-11 15:49:37,7058f60eac743a566a96a1fabf189e498262c1ea6a9cbb35e4fb77222ed98400,896276,159776.0,282.0,0.001765,1,2,223
2025-05-11 15:49:37,7507e6f7fbaa6cfc3c15554fbb3a31ee65d9efa24b1854add91b59009abf700b,896276,876.0,1579.0,1.802511,2,2,2622
2025-05-11 15:49:37,0d7939c1e77c41c9b33f8be817ad112528e5d7c79a01e221d7c721db80e68e10,896276,87794.0,554.0,0.00631,2,3,408
2025-05-11 15:49:37,dc424b5ba0d2dbc14eadafd84da5c2dc5cf9f044eaefbb42008595dc7050450c,896276,1193415.0,559.0,0.000468,3,2,521
2025-05-12 03:41:07,06155a1ee3c48352821ce11cbd287ef5ddaa157810a67d03fa485e53b88de1d4,896353,156025.0,846.0,0.005422,2,2,312
2025-05-12 03:41:07,93080788b8e1d19d68273955bdd03b43e55f7c7868ca7393c4b93e1dca2124e2,896353,131755.0,564.0,0.004281,1,2,222
2025-05-12 03:41:07,00f99287e16b86377ff5a41835ef69f67fcaf329eaf9bee3e21b82e1d208a9d9,896353,128188.0,440.0,0.003432,1,1,192
2025-05-12 03:41:07,efaf5a74bed98775cb9924aa0e21843c554840534ffc3c0dcc56e99d8e6e9dd1,896353,1395828.0,660.0,0.000473,1,2,247
2025-05-12 03:41:07,a5e6071df054fcb28a3a145a4efd6faaec6710a424e919047c8a0ad9481093c0,896353,52742.0,840.0,0.015927,2,2,372
2025-05-12 03:41:07,6947e636835d7ee3c2986ca3ac0f635ca7c3bbaca5f998720ac2542522e00fad,896353,15743045.0,564.0,3.6e-05,1,2,222
2025-05-12 03:41:07,b7689c3cb7622546c210306dc9b2dd094b6bc0d710374a23ac4f9c7c11d7fc8f,896353,19593.0,564.0,0.028786,1,2,222
2025-05-12 03:41:07,58ea1554c09374c7598671ec29dbe477c3bbe0b51c43df33b192f7535cba0a6e,896353,162539.0,564.0,0.00347,1,2,223
2025-05-12 03:41:07,d7718ce7e954533ebddd4b8662e15a70d7da9212dfcf3be5217615baece97c60,896353,83709.0,564.0,0.006738,1,2,222
2025-05-12 03:41:07,a8faaaf5d4dec13e33103e74c97a0b9dfcb5e688f6f8e0a6d92664a5cdbd985f,896353,289982040.0,728.0,3e-06,1,2,347
2025-05-12 03:41:07,f37a8259e76666158f5a86a68f32dc0de59b9e87b09f85a2fe391c8bd2c2ae5c,896353,44021137.0,564.0,1.3e-05,1,2,222
2025-05-12 03:41:07,ff800fc341a227f8c4b561cbd3e7e909340d1b093fbc1a4b8906291c0767384d,896353,265037.0,660.0,0.00249,1,2,246
2025-05-12 03:41:07,b7a381064c9b20c9ead44ea3e446ac6094c43c4ece4a68ff2a5c0e8ce804c330,896353,1349363.0,440.0,0.000326,1,1,191
2025-05-12 03:41:07,37b24f97fc733d4695a548665f3be5214c9ab23b92439220eebe6827808b641b,896353,168801.0,904.0,0.005355,1,2,226
2025-05-12 03:41:07,d26408b284492c1f1a91496cd19cabd7d5c866b5612a1194249090288887c305,896353,706058396.0,564.0,1e-06,1,2,223
2025-05-12 03:41:07,d25e7390785a1fcf8c363ec6b935cf0fd94857cb71ec155dd0437a8a37d0d854,896353,4627174.0,1952.0,0.000422,3,1,487
2025-05-12 03:41:07,7eee2b46a70a585b9e2be4078e5679d629a38b90251dc1b537835ee1ebbc0c87,896353,15095694.0,896.0,5.9e-05,1,2,223
2025-05-12 03:41:07,c304ca8bd3ab52268ba6ea1b0cb578254cc72d2e5a3734717a19b14d1f9f3b98,896353,25840.0,840.0,0.032508,2,2,371
2025-05-12 03:41:07,7cd7829f2282f2214251cf56917580053a3fcff162af94ca7dc79b711e9b1c8e,896353,15253116.0,896.0,5.9e-05,1,2,222
2025-05-12 03:41:07,7c91a5d89bbd8fc99db09ecc5b56376fb20006bdac60c0bed7b22b80f41d4e1e,896353,82765.0,772.0,0.009328,1,1,191
2025-05-12 03:41:07,1e4035024bc6414fd110ae8b0e4ef32d1b4513eebf0b5babe1b6cb9f4b1e62f1,896353,269258.0,768.0,0.002852,1,1,190
2025-05-12 03:41:07,8c2f386d4be24a3b95eec0f417864bc066f8c7e788c369460eb49e7ef3e9e927,896353,59000.0,1000.0,0.016949,1,3,247
2025-05-12 03:41:07,c5b1e38a88cbc6c666ed1bb8a29d771c29aae49ab455c8900ede9176145d700e,896353,4387660.0,904.0,0.000206,1,2,223
2025-05-12 03:41:07,0b260a7d357fa07ddcb9553e8f3c1492000693c9ef167b362416986992a56fc5,896353,1470496.0,584.0,0.000397,1,2,226
2025-05-12 03:41:07,8236e8920e2453cb9c3a8310ab1df05dcdc348cbd8ff82fe8ed499555f671f53,896353,66394.0,727.0,0.01095,2,1,339
2025-05-12 03:41:07,0532ba21e7666e0513e164ac8d9120470d807b7f34dfbbb5bbfa702d4e6163b5,896353,399042.0,675.0,0.001692,1,2,245
2025-05-12 03:41:07,f48ff8e89d060a0431e93f8ce831fb4e87321cb2f02500a6eaf757b798d15172,896353,115946.0,675.0,0.005822,1,2,245
2025-05-12 03:41:07,007db3394b534d2a1f65fb43063e42db5dee0f692eeb58973f9eba369f9a8e20,896353,101310.0,675.0,0.006663,1,2,245
2025-05-12 03:41:07,f899788c9b463063fe876296eccf6b1c2b47e1d1f08cf7df6ed1a727df705007,896353,216854.0,675.0,0.003113,1,2,245
2025-05-12 03:41:07,847598560cea2f1c73631f4d759bf81af5e50114795bc56cfa269d1e4a351063,896353,672162.0,583.0,0.000867,1,2,222
2025-05-12 03:41:07,4355c97d37a41a03427fc46bf6a51956aa4cf5411d1d6ff4b1b797c84de291aa,896353,15150.0,458.0,0.030231,1,1,191
2025-05-12 03:41:07,a9d15d00d1dacd959470db3e42a0bd69702323647c41f91cdd73a0e1fc1746c4,896353,82729.0,1588.0,0.019195,2,5,501
2025-05-12 03:41:07,796c8be328ebef10e3354e09f2fbe58d8a63bec568706fb6a1766bed01790aa5,896353,199927.0,1588.0,0.007943,2,5,501
2025-05-12 03:41:07,70a466bd84f695e41652de8e307d940969a1cc7e0edc1f4acf5949d1ea7ec0c2,896353,294910.0,543.0,0.001841,1,3,254
2025-05-12 03:41:07,4daec99073018d1ebee0dc7c7af847c7c360f8f9e267dd1b32990f67ff93b81f,896353,997054.0,602.0,0.000604,1,2,225
2025-05-12 03:41:07,300bc66e2cec8e423629e035397b3236b69af83c93cef02d02ac05858813c77a,896353,686.0,514.0,0.749271,1,1,203
2025-05-12 03:41:07,11a3c1108beac539dc05ca5ac3ef483d25aaa245ba9f75b58fd2e7a1373d018f,896353,4999537.0,1591.0,0.000318,2,5,472
2025-05-12 03:41:07,c527f3a82cd4f1da07096acbd408aeb9b53f8646112dd239198842b02c4aa79f,896353,12271060.0,450.0,3.7e-05,1,2,223
2025-05-12 03:41:07,73cd2a9fd2025db37ff0d80c7c367df7bc2050b552ba46ef5bb53ac69ea03ffe,896353,3197061.0,1000.0,0.000313,1,2,235
2025-05-12 03:41:07,b495b24c2fa7aa0930108c4d69eb3a8377e72fd6fa920eac7b74b8088913216f,896353,66397.0,978.0,0.01473,1,1,203
2025-05-12 03:41:07,8713cc1b36eb3306fc1e582b5c722e7c76b82336a51110e50d8acebebbedbeb8,896353,6394591126.0,2860.0,0.0,1,21,859
2025-05-12 03:41:07,fdacf29ff8987730525292a479b4c7d6b7a5860797cf9dbfee4f01b8018446d5,896353,818178.0,902.0,0.001102,1,3,292
2025-05-12 03:41:07,ffe66f33affd19725bf4ff98fbfb8eace030d8f700d3d5bbb2c2a95bf6c90ae8,896353,8199302.0,1140.0,0.000139,1,4,345
2025-05-12 03:41:07,ca2b8883fc4e8d82b742886e972bff66776b6fb7e9d290622887471375515613,896353,872184.0,819.0,0.000939,1,1,189
2025-05-12 03:41:07,541f52967fc66face6d93e5e10391449ca7e1ccb10a9ada6ed6cdb7646744b71,896353,380572565.0,1520.0,4e-06,1,4,346
2025-05-12 03:41:07,157a16ece490304e5aeed8f61df4e12ed9008e8acf7e3211c9eb1461e92bf051,896353,19243.0,487.0,0.025308,1,1,192
2025-05-12 03:41:07,0ec7f664d184f7fb6a1eb5bbf8905f2cd9b49e998cbf89f0314faffd1586d590,896353,96383.0,489.0,0.005074,1,1,191
2025-05-12 03:41:07,4a701925b8ffc5d487446862a30a0b49e3fbeb10876371a8b51a5fc5255a022e,896353,31565191.0,1016.0,3.2e-05,1,4,309
2025-05-12 03:41:07,0041dfeb17b3dd26ebf9a3846dda8623d6c728700c7e5c0c644c854d59c22458,896353,9105168393.0,1000.0,0.0,1,3,304
2025-05-12 03:41:07,0439741873d505ba93b6537e2d540e759a658283894a781bcb1fdd7ec4caf96c,896353,16081385.0,1000.0,6.2e-05,1,2,222
2025-05-12 03:41:07,23faf6b02fd79437cc0a6927a842771c25dece56ad571e2b71b7a905569ad65d,896353,7182638.0,1000.0,0.000139,1,2,222
2025-05-12 03:41:07,f8a1bfdc4cf5a563ca79d8f59464cfed386cfb0a9f84bf150f0b01295ce58ce4,896353,699.0,501.0,0.716738,1,1,162
2025-05-12 03:41:07,c5af8443fc10dd8825267da078e950c9714ad955e9c41fda306f459176116961,896353,699.0,501.0,0.716738,1,1,162
2025-05-12 03:41:07,8b3990a260f55b969196545c99465479176a103851cb3e3bbc8447857fa457c2,896353,698.0,502.0,0.719198,1,1,162
2025-05-12 03:41:07,cf9401ccaecb97091a18e2d876a894b55e5b5f4c51b584e463e61d4699dfae7c,896353,698.0,502.0,0.719198,1,1,162
2025-05-12 03:41:07,5b5e0088ee876c6f9b9a12d07f45069cdd0d1d8125528e83130fc83a96d51444,896353,698.0,502.0,0.719198,1,1,162
2025-05-12 03:41:07,dd3eef834e5072433a51778c3fc2fe65f96aa744da27e0d217b81ba2925cd01a,896353,698.0,502.0,0.719198,1,1,162
2025-05-12 03:41:07,e0617ef6ea43e125539d018690d20976a1cc16392cbf9b83118a8c6bb83850f7,896353,411323908.0,1000.0,2e-06,1,3,301
2025-05-12 03:41:07,52a66392689cff8a7461689732420f394987c3759b89d5ea6394676cefbbe46b,896353,212440672.0,1180.0,6e-06,2,2,422
2025-05-12 03:41:07,25c1a60222338bfa07fa8a72fda5f98cfd45d191ebc106dbd201819b6b783962,896353,5428397.0,1064.0,0.000196,2,2,393
2025-05-12 03:41:07,13d29cdf0dd1d06c9e3d1049d76c0deba996e61b32f58fb7709633730ee26ab7,896353,80021.0,979.0,0.012234,1,3,292
2025-05-12 03:41:07,15a98ea64297f60459321210da53655726f08ca7f6e952c950d574bcd5591662,896353,86543.0,831.0,0.009602,2,1,340
2025-05-12 03:41:07,c153857f7a76580b9e4638af89329294f35ad0671832e97d9ca759af6311f31f,896353,649370.0,630.0,0.00097,1,1,216
2025-05-12 03:41:07,cbe8c0ff9fbcad24d36cad6dcaed5e07955165a38d437030de9f8fc9071b113b,896353,45270122.0,1185.0,2.6e-05,1,5,327
2025-05-12 03:41:07,cfb267dafbd92fd3626a5ee035f17a1b87e505f4fa3f54576b3cab9e5c6b1ea2,896353,249613.0,546.0,0.002187,1,1,195
2025-05-12 03:41:07,8522c9c26be2f73add9ea0f402b31cef0b0d9f75634a6efc25e88ee2a7cfbc5d,896353,18454.0,546.0,0.029587,1,1,195
2025-05-12 03:41:07,45488150bc641d8caff2b0ea042a836af6e1901ae1a2ac9dd1e3736c3e054206,896353,1226670.0,6552.0,0.005341,14,2,2479
2025-05-12 03:41:07,b1ebed1af8f40e26ab238d0630ae4a0d2df4694193f0146de70e54ed55d7e00b,896353,22541.0,535.0,0.023735,1,1,192
2025-05-12 03:41:07,76d604d08b9dcb3c8b32473ec333beff6b6c3cdd2ff99b08dced7a8bbeeeeb6c,896353,82854.0,1050.0,0.012673,2,2,312
2025-05-12 03:41:07,08efcb7d9287f84dbda36b8ad89ea8cd5cc3345f8a557b95f2a454a0c48c1f93,896353,38220.0,546.0,0.014286,1,1,191
2025-05-12 03:41:07,6c4e941c8f17c2b65fc3d9449bd3a358e0858d9de022ebd8badf21de57532d95,896353,700.0,553.0,0.79,1,1,162
2025-05-12 03:41:07,03a496db324908a5e51350b91248d321418a5af861c9cf8a3c4b4fc86ea67e1f,896353,9105169393.0,3700.0,0.0,10,2,1549
2025-05-12 03:41:07,d477cd6062d72d412bd8f82e0bd1d820d05a15d7e2c63cbbcb8e2cfbb5074fea,896353,259863.0,735.0,0.002828,1,2,228
2025-05-12 03:41:07,0eb082538286a268a2737eb8c736a3a4d6f7d0c9da22ce823e37faa0b9d406ea,896353,426009.0,860.0,0.002019,1,3,253
2025-05-12 03:41:07,4e0ceba163a713fdf2971b111d65a13b039b2dfd1913e0773b7af2652798919b,896353,29486.0,1060.0,0.035949,2,2,312
2025-05-12 03:41:07,4b716093ef133e2545cfaf04091a64d55722a35ba252fe767b987578dda9698d,896353,72895.0,705.0,0.009671,1,2,222
2025-05-12 03:41:07,f195cbb9ae83a05982780d278b156bae5e78817b59af1ec17e980d4c83ee9550,896353,69713.0,1125.0,0.016138,1,3,306
2025-05-12 03:41:07,aeb92a32ce9ae9f81b21eca6b0010d381b461db101f927f6f501f2e960a4154e,896353,539084.0,710.0,0.001317,1,2,223
2025-05-12 03:41:07,c707a5e4525223637df239645d9448d7372be3f19c93d0d4006d20e44d4ca836,896353,1846843.0,705.0,0.000382,1,2,222
2025-05-12 03:41:07,fc4906afaefaf89fd7cb426875dfb4d9f8b487213f3597cf69308f08b7086634,896353,95158.0,1040.0,0.010929,2,2,370
2025-05-12 03:41:07,57df69f413ce5cbb97c28b4bdc2a0854b543b8f8eeee38e5f6eb8d0df2050dfd,896353,42454.0,17624.0,0.415132,10,68,4146
2025-05-12 03:41:07,cbf3315ebb91b61282510aed2f1cd46975f13714037de018d04d15b76ad9b9b2,896353,38182.0,1485.0,0.038893,2,3,458
2025-05-12 03:41:07,59280a8caf3214ae0342de1fcbebd0e4f5a6f87b11f6a6b40433962316bdb80c,896353,1187837.0,1055.0,0.000888,2,2,372
2025-05-12 03:41:07,0b60a2f360202617a39455b2b4f1c71aedffc95a98dcb78f45f168033aaba420,896353,93121.0,730.0,0.007839,1,2,226
2025-05-12 03:41:07,efcadfcb0a0d73859a505ccfe16cb0e1b725932b4c06fac6f850699366de501e,896353,1514057267.0,1050.0,1e-06,1,4,288
2025-05-12 03:41:07,92d3e1296d88025d48b0809d1d0829c75326526b0cabd3cb21c72aef8d431824,896353,1456731881.0,1030.0,1e-06,1,4,284
2025-05-12 03:41:07,54327aaab5e34c8057ced5303562e28c86d7b52cc9afbd82a9ca7775204f50c0,896353,813591631.0,895.0,1e-06,1,3,257
2025-05-12 03:41:07,33a0915b59a26deaaf8c99b1d8ce7aa1928bcaea8557954ade8a9dae1bc21fb5,896353,1475830643.0,875.0,1e-06,1,3,253
2025-05-12 03:41:07,9b74a99459e266c55508a5e5b15cc1c51355e3815a28000f674d98659816b636,896353,656563720.0,875.0,1e-06,1,3,253
2025-05-12 03:41:07,4206989136c1870e13642cfa48d29cf6ed6f4362456e94625e42aeaf500023f3,896353,713282365.0,780.0,1e-06,1,2,235
2025-05-12 03:41:07,8ddab5a6cec6fa820c035717b5fe4a5603383e8b5534264de7650f1481bd7459,896353,1475543838.0,735.0,0.0,1,2,226
2025-05-12 03:41:07,2a865e5370da9c7cf4baae09241c04b40e960bea6bcc5b7d6d7c675eb9984d20,896353,788088372.0,725.0,1e-06,1,2,223
2025-05-12 03:41:07,6a0f46eb9be07146b65821e0751a3673bfdd04f84ead30118eca445faed70336,896353,50937.0,577.0,0.011328,1,1,194
2025-05-12 03:41:07,35f49af7052c023b4996e452b51f74de79c8141f50ef5dee290d18a6489fbcbb,896353,1474077750.0,720.0,0.0,1,2,223
2025-05-12 03:41:07,195e218239056e82ae1f49b15f22bc1837f1aa225a9d89a590ddb5da8b21978a,896353,1493909950.0,720.0,0.0,1,2,222
2025-05-12 03:41:07,9c854e1982a6c0b954d6179e1b60ec9f6ffaccb25edb7036fd94b19ec7ff0767,896353,730555508.0,720.0,1e-06,1,2,222
2025-05-12 03:41:07,d5c197ce0e209bf0ae94059ce7098947dc613d2964eb125b9b7833ead4b51763,896353,1503308453.0,720.0,0.0,1,2,222
2025-05-12 03:41:07,7be7d364a96869ca6e8ac85bb67512325ccdbc956c009e3870f6f849c15f7a59,896353,642133276.0,720.0,1e-06,1,2,223
2025-05-12 03:41:07,3b78040f0d868f371bb5a17a96c4f25b607e864461247d4613efd5978b0dce66,896353,329809660.0,7128.0,2.2e-05,2,6,4574
2025-05-12 03:41:07,d22272430cc1970cb9af47a994d5b2031fcc1c260540f3daf11f4407f2468b10,896353,77549.0,1611.0,0.020774,4,1,635
2025-05-13 04:23:38,b8c80c0537bc668952108096399202e0a146783d071c26b623c0d78457b61de1,896497,566367.0,169.0,0.000298,2,1,269
2025-05-13 04:23:38,ce2b972cd4d4d1e985db44a70718cbd2730cb8df0069a0a162949025ea31e9e0,896497,10511175.0,165.0,1.6e-05,1,2,247
2025-05-13 04:23:38,9696966c9aee5aae9e7008c28a1e164aa163fc1a9fcf15b01e52c67dfadb8be0,896497,901.0,99.0,0.109878,1,1,150
2025-05-13 04:23:38,372d20abeb2179b92a91d542d05f5f73cb25e16ad0c2d7c1328087f182c644e0,896497,546.0,153.0,0.28022,1,1,330
2025-05-13 04:23:38,5b05aa7a5676233c11716fe920a628cbf45a1c86fdb9173d84ab999a16f1f3df,896497,8074781.0,160.0,2e-05,2,1,260
2025-05-13 04:23:38,c4b6b19e0509ba057e53758b401da5170c99873aa225c6e089884f99b89abadf,896497,24041680.0,110.0,5e-06,1,1,191
2025-05-13 04:23:38,7d149b4661cd4209fda181a855322c9198a68e5365cf853f642e8011ebfe98df,896497,330.0,152.0,0.460606,1,1,323
2025-05-13 04:23:38,f0cb8f3360d37007fe58443f97de6dd9a5e4decb01717dcd0880934d875670df,896497,14923.0,209.0,0.014005,2,2,372
2025-05-13 04:23:38,31226e7150601d0c9b9fd25e48a7e23d82718271a8b3583d941133bb41da6ddf,896497,13918406.0,141.0,1e-05,1,2,222
2025-05-13 04:23:38,1542263749d8d6dce7a95d89ce3771f8da8e2d772a72569ef77c7679bebe38df,896497,559604.0,169.0,0.000302,2,1,269
2025-05-13 04:23:38,492299942fa3995df0420dc3813248147dfc0519e11ca9c508659b494722ccde,896497,198228.0,1942.0,0.009797,33,1,3577
2025-05-13 04:23:38,c41e0891621d12221dced137529c7775d28fdeb00b3803a25c4bec63488bcbde,896497,6556.0,444.0,0.067724,7,1,792
2025-05-13 04:23:38,cc8ab18527179c6f04804e71c60fb99ea35ea4c2ead3efeac4af25c70729d5dd,896497,550727.0,209.0,0.000379,2,2,371
2025-05-13 04:23:38,e013b4e6aecec85e49b8c4a08c0ce3c2751f3afe8d59c43ddfe645e22824b9dd,896497,546.0,151.0,0.276557,1,1,322
2025-05-13 04:23:38,beb51e266e53c296268fb2b8fb5997e49940ad9aaa8ec7ccd78c81f5c8e59fdb,896497,33656.0,519.0,0.015421,7,1,1082
2025-05-13 04:23:38,e58056cda3001d3183cff9a01bb2da1504b5dd06538dd115375b6dceb1ac65da,896497,546.0,154.0,0.282051,1,1,334
2025-05-13 04:23:38,7baf2e9a839fe4f11c1164aecdbb4751e2e0bc18661b24d78c0025fba10d15da,896497,330.0,152.0,0.460606,1,1,323
2025-05-13 04:23:38,a784e944ef6c33bba1ef0396386bf2f420e1e3f41933549b0f8db79a2caf12da,896497,566496.0,169.0,0.000298,2,1,269
2025-05-13 04:23:38,b7f1af27c85e9e8e3ebca0bd68cd11ac054a1c4e61027b7eaa8885f5f9f3b8d9,896497,567290.0,169.0,0.000298,2,1,269
2025-05-13 04:23:38,d3cfc70424c2f789ab47f2f66b7270c381e169f84ce91243f65ebddda87661d9,896497,330.0,151.0,0.457576,1,1,320
2025-05-13 04:23:38,6e05b0aeb7f690cc82356f27ba71e709011c45af5dcaeeed607ea9c609a557d9,896497,462145.0,327.0,0.000708,4,2,526
2025-05-13 04:23:38,7d181ce53b6202ab30993ef604dc1707a135701a3fb30c050a6ca6848d0b41d9,896497,1687294.0,209.0,0.000124,2,2,371
2025-05-13 04:23:38,4a86e61b81f57b3468f0499e115381c142e4a954ccecf65c979e3d28f14813d9,896497,546.0,152.0,0.278388,1,1,326
2025-05-13 04:23:38,54834dd50ff24320c5c113acc57951a87bf1b59f61c9a63732b8ebdaedeb60d8,896497,330.0,152.0,0.460606,1,1,323
2025-05-13 04:23:38,51007dbedf01117782e5b0cf101cd6d917c87a1dbd86c09101c06cbb9f5805d8,896497,546.0,152.0,0.278388,1,1,326
2025-05-13 04:23:38,fbe11493a2ee92d6a4e8386d8a8317795a8d21045cb40ebd94135e444da99ff5,896497,18364.0,154.0,0.008386,1,2,205
2025-05-13 04:23:38,077fda3e0a9e70ad53293c6019971148190bcdfc299f210aa81a6a543853dfd7,896497,546.0,154.0,0.282051,1,1,334
2025-05-13 04:23:38,f8e22effd72f03a7b9777317b65d58d8abdd22199df219e11dd8ac87951c9cd7,896497,424004.0,166.0,0.000392,1,2,248
2025-05-13 04:23:38,86d3e88050a261dc274bfc4003c15efd8882091a490b8203a418bf48fc8e78d7,896497,12263.0,99.0,0.008073,1,1,150
2025-05-13 04:23:38,9168883f85752c8b7ca99889d00c87d9d0707f669183a7fb72b188c6684549d7,896497,16499265.0,205.0,1.2e-05,1,4,286
2025-05-13 04:23:38,3c914dff12a38324551df1420012d40683c97c822d7b571b833d6e78f293e2d6,896497,97195.0,110.0,0.001132,1,1,192
2025-05-13 04:23:38,33927cb2aa3550a090720a3f715bd3463ec40679b150360926bc920b330170d6,896497,245807.0,406.0,0.001652,2,7,506
2025-05-13 04:23:38,bc9d1308fa35f3c291e01aaeac19769ebe54ec07af8524010724d936b4ab6ed6,896497,2928.0,272.0,0.092896,4,1,471
2025-05-13 04:23:38,515b90d223191f9948ec871b32361b19bc8ad87838d5015ef3e38ca8ee80dcd3,896497,16232756.0,110.0,7e-06,1,1,192
2025-05-13 04:23:38,cbb7844fba9253af46f2dadffc1e772c447dbe54a10d42f86727bd7ed7af4dd3,896497,546.0,153.0,0.28022,1,1,330
2025-05-13 04:23:38,f3d12b47f3f86f19af4fcbf84947cbe4d9f34bd7d9e0f681e7f64c29ed2410d3,896497,2246.0,154.0,0.068566,1,2,205
2025-05-13 04:23:38,2a68a2217c359f3e995fd63db5f3a083c4f15970474b871d0a3429c8008306d3,896497,95396.0,111.0,0.001164,1,1,193
2025-05-13 04:23:38,fa67fc9a9e514417630dbe8c807de8b82cfb9a27d36d6f900e6b93536acebad2,896497,546.0,152.0,0.278388,1,1,325
2025-05-13 04:23:38,332ba0ed4cf437428729e8dea78a552b2d40840c78df059d32bec89862a464d2,896497,5127976.0,686.0,0.000134,11,1,1232
2025-05-13 04:23:38,88fd9a4cff662f33766ebcd43b0e1ba00721d8eadf6a06fd8e23c5fc9c283cd2,896497,28038.0,169.0,0.006028,2,1,269
2025-05-13 04:23:38,59f3e1793942e98a6bd782eb48a6e88b64063d7a15672b7e281713bf6b3618d2,896497,11355351.0,142.0,1.3e-05,1,2,223
2025-05-13 04:23:38,b9a38df8c4321b6471518015616645b2bea72f6d79a1c78913ba4df3bc1c03d2,896497,134548.0,212.0,0.001576,2,2,312
2025-05-13 04:23:38,9edd867db027f7ec236484db8bd1a5060df14814d9d7380eeb9092be471e00d2,896497,901.0,99.0,0.109878,1,1,150
2025-05-13 04:23:38,b636ab9f0b69652c6748b164df82a6faed0f9c65bda84c99e5f33584a16bcad1,896497,546.0,152.0,0.278388,1,1,324
2025-05-13 04:23:38,ed8c8f335df78406d825490ab0f64435bdd2a8cc157b1b443187af56cd5bbcd1,896497,1131615.0,280.0,0.000247,3,2,523
2025-05-13 04:23:38,d6465b4d03c9e6ecacc1c224f44971d0499fb0ba27876861217cb0124f5774d1,896497,330.0,154.0,0.466667,1,1,331
2025-05-13 04:23:38,4bc02914d03d89719c3408f223c9982806007b15fcd69cc8c76e3ceb4b8f2ed1,896497,546.0,154.0,0.282051,1,1,331
2025-05-13 04:23:38,9e2de608a7f522d4a1436f6428786477b7cef45a4d60880648bc3c2ee5a717d1,896497,26766.0,134.0,0.005006,1,1,215
2025-05-13 04:23:38,7d43ccf5a8c2edfb782c917866912548f79971bd0934bba6a76106dea0c902d1,896497,69890.0,110.0,0.001574,1,1,192
2025-05-13 04:23:38,c9e0d790547b16ac7e33c382935499041daf56b943f1bef3fccb893090dcffd0,896497,18719.0,226.0,0.012073,3,1,376
2025-05-13 04:23:38,789316e807414ff9227da40cf4bb983d1848f4e983ed52ba62a2fbc49956fcd0,896497,3870031.0,99.0,2.6e-05,1,1,150
2025-05-13 04:23:38,e7e3553c581f490613c35b104443af02d560da3485e082a7057e33a72687a1d0,896497,23791.0,209.0,0.008785,2,2,371
2025-05-13 04:23:38,b6acef8dd56eed7de9ed86db23ed91f2e3fcb85304f0b74f9efbadef880457d0,896497,330.0,152.0,0.460606,1,1,323
2025-05-13 04:23:38,845954ef5e3ec49b2055b614d9191ec6ee4b99ca49ee6b948d8a2cdbeba34fd0,896497,36426.0,212.0,0.00582,2,2,312
2025-05-13 04:23:38,80000be93cbc352cb5e2d8507deb14db7ae797fca8c73a312867fb6d08c6d2cf,896497,105446.0,154.0,0.00146,1,2,205
2025-05-13 04:23:38,8a58cd0d6d32b632d5ba3fd5b561f2e5926069ad07df4f22f2ba1be5c09fcdcf,896497,5370149.0,110.0,2e-05,1,1,192
2025-05-13 04:23:38,b3af2fb7cd44e11ce05e124b6cb6df1701ec809b2adeb1a33c23e632276171cf,896497,330.0,151.0,0.457576,1,1,320
2025-05-13 04:23:38,b3832238b3022e0ec5a8a6a88e897c89b91f992e1ee595a9b5a78b50b4f1b3ce,896497,781710.0,110.0,0.000141,1,1,191
2025-05-13 04:23:38,217ca0589f7a0d09c02c351ce622ae3a4c0078fbe3355b68d3a7b417b6520ece,896497,546.0,152.0,0.278388,1,1,323
2025-05-13 04:23:38,f152aa12e4cf031b034ab32ffba26f4fced220f69024b972fd1b212c68269fcd,896497,5037822.0,110.0,2.2e-05,1,1,191
2025-05-13 04:23:38,79b87241803d13f4c2a1fea8cc4f690e1aed9edd030a278986ddc78ef16b6ecd,896497,8284715.0,165.0,2e-05,1,2,246
2025-05-13 04:23:38,9d6a200f16257fb373f47f75e79a82c5228b6fa200f2969b39798b478e8229cd,896497,546.0,153.0,0.28022,1,1,330
2025-05-13 04:23:38,8eb1fdfb743a496b664483b1dfbc3fb3c3445959779be89e4a158565d44219cd,896497,3245822.0,178.0,5.5e-05,2,1,340
2025-05-13 04:23:38,4e5a06064461677d470183eab5110f174288299fac8683e3ea7e50c193dabacc,896497,546.0,152.0,0.278388,1,1,324
2025-05-13 04:23:38,10069742baa94b93d17ef19351b02d44db0421f0da0d3eded426c80fb3733bcc,896497,546.0,152.0,0.278388,1,1,323
2025-05-13 04:23:38,4de59242a7a348630c4cd3c11effc8d72078c086cd3d7eaf1e6110035c322ecc,896497,76900.0,111.0,0.001443,1,1,162
2025-05-13 04:23:38,6891e23ec201f49c2ae2959afc7d2ee28b7066ba77c355154209656db229b3ca,896497,1084794.0,179.0,0.000165,2,1,342
2025-05-13 04:23:38,8242a9ef70d9ad2003899549a14d53f683353f86797f5d7828c25a9efa52acca,896497,467895.0,160.0,0.000342,2,1,260
2025-05-13 04:23:38,81fc6c1d8ade6c89b5ef8a477a8d2b6ad4805f04433da1d905704e2020bb03ca,896497,546.0,152.0,0.278388,1,1,324
2025-05-13 04:23:38,09fc7123dc627c3d29f783b8e7ce5afb77d8917e1545fcd68812a454af84c6c9,896497,58552.0,110.0,0.001879,1,1,192
2025-05-13 04:23:38,9e5bd74af26139062e19c6cdc0f8c06a0d228bd5f1a681f40b6be43cbedde8c8,896497,57652.0,805.0,0.013963,1,4,451
2025-05-13 04:23:38,09c3e03e626c1004936f8365b9afc58457052d6ab811ceaaa28b7e32117cd9c8,896497,20939858.0,142.0,7e-06,1,2,224
2025-05-13 04:23:38,ca71f837ace42623f12ac9e0ba123291284be139010b510b96bed9bae593b8c8,896497,13716977.0,209.0,1.5e-05,2,2,371
2025-05-13 04:23:38,8b1b93dff52381a61dc2fda8b36c571563836e6f506696c01138507956d4a4c8,896497,23349.0,805.0,0.034477,1,4,450
2025-05-13 04:23:38,f4b71c6cb6006537a08b8851e785740e40aea411341bec1187e4c02ba69740c8,896497,52501.0,212.0,0.004038,2,2,312
2025-05-13 04:23:38,7bc506f19c7c9005ca99dec2512c48ab1edeabf7241d8afaffb2742fca21fac7,896497,64458.0,209.0,0.003242,2,2,372
2025-05-13 04:23:38,97d1fd34dd8f8bec891a0ea1dcca9ae761426aebd2d888afd9b222992fea87c7,896497,885636.0,209.0,0.000236,2,2,371
2025-05-13 04:23:38,08ed7ca2f5443a955914c8e708a6c9f89bc2e955e5a83256ff8c25c454d315c7,896497,330.0,151.0,0.457576,1,1,320
2025-05-13 04:23:38,4c8466a754305626c72cfd2c6d24daf336bc8740b3630294a07e3a8d3ee301c7,896497,22592.0,158.0,0.006994,2,1,258
2025-05-13 04:23:38,9c361b467bb5dcf72581c28cb948a389d445257d3da41d3129472bac364dd9c6,896497,559577.0,201.0,0.000359,2,2,301
2025-05-13 04:23:38,51f94d5b6528662f00f6e0594cd0a3d594a61693b17dcab5548e991ab90f51c6,896497,330.0,154.0,0.466667,1,1,331
2025-05-13 04:23:38,1ef4f1c8abe6087cad13fa49f0090d202bf27a4313797c1c69c8c178fcd223c6,896497,8246.0,274.0,0.033228,2,4,374
2025-05-13 04:23:38,e09b40265418150f392dfd83c04b7d8f92677433aec38e7aec5ba1048872ffc5,896497,546.0,152.0,0.278388,1,1,325
2025-05-13 04:23:38,82626679588ae8c3af725a547b37a4c8955f66483eaca4fac8be7a5dde2eddf1,896497,27926.0,154.0,0.005515,1,2,205
2025-05-13 04:23:38,08045e6b184f9af04f4f72d67babfefcccbd59766c11ad3f1f758b596493e7c5,896497,7357860.0,142.0,1.9e-05,1,2,224
2025-05-13 04:23:38,891c139bf44391cd3b920ab1c969c89ca0ab0200e3b1dda123ef5cbbb986d7c5,896497,7582.0,154.0,0.020311,1,2,205
2025-05-13 04:23:38,81f812eec3e033173db9bd8abfd21c50b8007d7831fc5c43ff5abc18b5decfc5,896497,572053.0,717.0,0.001253,11,2,1263
2025-05-13 04:23:38,c2a34ca963bd997612d7bf3e8431740d33faccdce6e399e07a3c57fd0d6cb1c5,896497,14923.0,141.0,0.009449,1,2,222
2025-05-13 04:23:38,8895deb7710dee166f8c1014ea6642f54065ff0e60c393ef09abe78283d992c4,896497,1169617.0,327.0,0.00028,4,2,526
2025-05-13 04:23:38,84cc1e1848163e95a731e02ac931dc5017442bc6513c694d1f8b50a951ea6dc4,896497,191371.0,321.0,0.001677,2,5,422
2025-05-13 04:23:38,6229ef28b25b0b563374a843db3e3ea689b32e77ba329f4b1f4045cd1b124fc4,896497,901.0,99.0,0.109878,1,1,150
2025-05-13 04:23:38,589e1a8fbc562ea8cdfebb9c39cb509518c96d4c7b367358abb9e572c94102c4,896497,8997.0,111.0,0.012337,1,1,162
2025-05-13 04:23:38,85305cd5cfaf5d057bb5275bd8008a71ed119694ad18445693dd88b82f42f1c3,896497,108642.0,141.0,0.001298,1,2,222
2025-05-13 04:23:38,d3e98f852ce4dbedb47fe205e86e3e937c3a6922fa1d9b2409fee00c15d897c3,896497,546.0,152.0,0.278388,1,1,323
2025-05-13 04:23:38,3588aa5fb5e66db675d449878f3fba74c66686aebbcd31a2e95367a294eb96c3,896497,546.0,153.0,0.28022,1,1,330
2025-05-13 04:23:38,3e37802081d7d5b7b2aac8709f7d98f76dbf77305224ad2aca04e22814b08ac3,896497,1408.0,344.0,0.244318,4,3,543
2025-05-13 04:23:38,92ffbb64eb08e08568d4fefbc45d064fed5fd9b6f04df446ad571916401635c3,896497,140300.0,805.0,0.005738,1,4,450
2025-05-13 04:23:38,337fc5a929765e038199d3b0f36b55c8fc2bcb9772499afca1c4a95830b6eac2,896497,410524.0,165.0,0.000402,1,2,246
2025-05-13 04:23:38,6f09b165b97e477a34f6263dca86ee68970485124671d17030b58f03d80ebdc2,896497,1403452.0,144.0,0.000103,1,2,226
2025-05-13 04:23:38,cee4250bf51ec1f06160d1fde5d7f9cddf090e99d7de573de79219086f3997c2,896497,5195.0,154.0,0.029644,1,2,205
2025-05-11 17:27:36,05a72690c24e3e42408cb18d2a677e18a8eb5eeb11f701ded7554e2c9b3e08f5,896286,330.0,174.0,0.527273,1,1,307
2025-05-11 17:27:36,3dbda42edb37df571a3dccd84292df1c929429ba8a360f944a6900d329082fe1,896286,330.0,174.0,0.527273,1,1,307
2025-05-11 17:27:36,2fe81397f1cf8d55819bcc98af0d83c4a16ac97b42384f7d1bddcd7fb9d1cab6,896286,330.0,174.0,0.527273,1,1,307
2025-05-11 17:27:36,7c57f86c53e81993e99577e034c97d249f175d4bc56ca98d6910660eb3f43eb3,896286,330.0,174.0,0.527273,1,1,307
2025-05-11 17:27:36,6973e68066978c01035b434204adac8d08ac6d81f4218a77db35cdf1808bd6a6,896286,330.0,174.0,0.527273,1,1,307
2025-05-11 17:27:36,acaaa3bef083429978175653edcf9b900a977c3c049aaf8d7c51869443c9529a,896286,330.0,174.0,0.527273,1,1,307
2025-05-11 17:27:36,077f3dacce694a3c0a6165846572f5ca65d90d2a954204532e677d0b1655998d,896286,330.0,174.0,0.527273,1,1,307
2025-05-11 17:27:36,6f2bd4a1a3fe13901b24dc76971d2f3759bfc883fbb3ba6d1e33ce060a4d447b,896286,330.0,174.0,0.527273,1,1,307
2025-05-11 17:27:36,611c4fcc0afd790e4019066a39f36a4ef8bf7237a5a102ec6d32704fcf9fd977,896286,330.0,174.0,0.527273,1,1,307
2025-05-11 17:27:36,90f439b239d5de6fc272b9fdaa7ec5ffce7b0162833c070c8e274f5f7b787b70,896286,330.0,174.0,0.527273,1,1,307
2025-05-11 17:27:36,c13a0d75124ad97d3da70be8c4c24f8923860ff6cdb7abfff94aa9909c4fb45f,896286,330.0,174.0,0.527273,1,1,307
2025-05-11 17:27:36,4ed8e551c3984f5dbcc94e1a9aa0c8ae7749b6cf3cf334fd2d39f55b6d51d759,896286,330.0,174.0,0.527273,1,1,307
2025-05-11 17:27:36,de1d4c77b2e9884b6e57fd21c4c82a662affcb335847f823d71b9fc8be88d242,896286,330.0,174.0,0.527273,1,1,307
2025-05-11 17:27:36,8d2af9463cbe8ad527f4094c45779e98d279564d7cabc3769fca4a3adb31743e,896286,330.0,174.0,0.527273,1,1,307
2025-05-11 17:27:36,8126fb7776b6f6d3397fbe15ff78f805e1790cc72d69cfa7aa8ae6b3cc03882f,896286,330.0,174.0,0.527273,1,1,307
2025-05-11 17:27:36,07788fb79a98774a5915a9bfd77aed3a50c383b41d6c3608c0c76133d93f751b,896286,330.0,174.0,0.527273,1,1,307
2025-05-11 17:27:36,14f231d1b3ba31cc0c8dbd8b1826f18a4fe5a464827aa9647cde41ccf9fda014,896286,330.0,174.0,0.527273,1,1,307
2025-05-11 17:27:36,466b26cb2b788e48c539401000ba03f404ec4b575b3210d4b21d326c0c51d112,896286,330.0,174.0,0.527273,1,1,307
2025-05-11 17:27:36,5bb04840246ac908f199b3e914d4664709b479d1c20ae38ae706785b20ab160d,896286,330.0,174.0,0.527273,1,1,307
2025-05-11 17:27:36,de38540af7dc02fb1f9ebc62a071b2a6c63fa0d298fc0b5ced309ee9d62c098e,896286,9906.0,1234.0,0.124571,1,20,1124
2025-05-11 17:27:36,8ba0986714275ea45e0663600fbd3bb6959e5ee788028c1b5070fd603fc4559a,896286,58935.0,192.0,0.003258,1,2,235
2025-05-11 17:27:36,ef67bb49740a9601a2c334898ec83897cf6f54f77a15c24435138a1d97c41a90,896286,3849800.0,130.0,3.4e-05,1,1,150
2025-05-11 17:27:36,c05692f62747b2c58171fe25b90be5a3b9b40934e12ba1a235d0e8958d6d8b86,896286,28752.0,150.0,0.005217,1,1,163
2025-05-11 17:27:36,76a2b545a2dfdd7c8426cce7a25951b0d170dfe5878ee4a628f9c58827c605e6,896286,351.0,173.0,0.492877,1,1,266
2025-05-11 17:27:36,6ce16b6fb9564acbb006b0d01abb14c53a6a0d537eb57fbf40d3ca5396bf77db,896286,351.0,173.0,0.492877,1,1,266
2025-05-11 17:27:36,5c0fd7ec2d25916f2d3c8ea168dce15766e4060cf9be926a3b5698907305f6c7,896286,351.0,173.0,0.492877,1,1,266
2025-05-11 17:27:36,3c52e84a7579ea91a44dcc692556ce4d4b2b25c617277f1df2b56f687fd8abbe,896286,351.0,173.0,0.492877,1,1,266
2025-05-11 17:27:36,cc7b4b0b7440154172ee25aec7d23cbd9b6a5c72bd76d3d189efd11793c689bc,896286,351.0,173.0,0.492877,1,1,266
2025-05-11 17:27:36,627287b49076245fbfdedd1cac71c4ffaf60f5840dee413c377f18116a6e3dad,896286,351.0,173.0,0.492877,1,1,266
2025-05-11 17:27:36,bcd5533cb793406a7b16dc2e7dc632f24d2b6ba7122ee477ede7fbf146848ea4,896286,351.0,173.0,0.492877,1,1,266
2025-05-11 17:27:36,a424adf4008e3b6c9faf3954e92cd1d5fa02860451062fe5b7b224c9fd95db9c,896286,351.0,173.0,0.492877,1,1,266
2025-05-11 17:27:36,c40884e77de46ad685215db055b3e52bab508e7bef6ec61d88586b42cbb9f291,896286,351.0,173.0,0.492877,1,1,266
2025-05-11 17:27:36,db0e74b2ec2ef3794d0c85d22c78a9010a54892ccdf9a954f87abc37d50d768c,896286,351.0,173.0,0.492877,1,1,266
2025-05-11 17:27:36,a4434e08252ced406f2a82bd1e22f1f6acb496548976dc6097059b59d2ad078b,896286,351.0,173.0,0.492877,1,1,266
2025-05-11 17:27:36,c64641c0549ce1cf1734b1bde7e0400aac52d40825cdb641aadb4d183ab50981,896286,351.0,173.0,0.492877,1,1,266
2025-05-11 17:27:36,a1505137593aa8b5f1879572544404309c4508138dbc2350452cfdf29f18b774,896286,351.0,173.0,0.492877,1,1,266
2025-05-11 17:27:36,4cc09dabe049290c6b6af6a72ab74bac49290473c304401216611fbef9e0e76b,896286,351.0,173.0,0.492877,1,1,266
2025-05-11 17:27:36,3a01df2711b7df3817037ab6e752e7e30b1afb01f7444aa7264a5a4b0bce6e61,896286,351.0,173.0,0.492877,1,1,266
2025-05-11 17:27:36,218a34a23ce68d645b1bf03f0523a373f3c590ad0a188e26384abb0ae6e8b842,896286,351.0,173.0,0.492877,1,1,266
2025-05-11 17:27:36,a566bc4e812b9343197b8ae2c20028bc67d816a8e0b66f53293ec4e51b61d02b,896286,351.0,173.0,0.492877,1,1,266
2025-05-11 17:27:36,ffbe2e7550d1bfe6a65109753ad82f7a5d3470c943a8b409cd01e8d0bdc06b2a,896286,351.0,173.0,0.492877,1,1,266
2025-05-11 17:27:36,264af23c0eb51b899771b6da9b5e531e9363b09094227e86b824946f028cfc28,896286,351.0,173.0,0.492877,1,1,266
2025-05-11 17:27:36,537e539653bb35653c50f4d920524eea43f694533c339c1333546bce4b28891c,896286,351.0,173.0,0.492877,1,1,266
2025-05-11 17:27:36,1ac14787479c57cd73e31fb6cab0a3e339b7988307452c6a2231da5d89a97e0c,896286,351.0,173.0,0.492877,1,1,266
2025-05-11 17:27:36,270a97cb7d590498a3603ba2657fe114c4c82a56158352f4d4afdec8da94d905,896286,351.0,173.0,0.492877,1,1,266
2025-05-11 17:27:36,dc4e288a413d65fa42871442aca0c7277ce8dd674db4734dfe1d9ac112dedcee,896286,255470.0,27617.0,0.108103,1,474,20595
2025-05-11 17:27:36,c602d1b2c59ab83934c7cb4712ce87c577c8e1f33e6806ba6ae4ab88b1ef223a,896286,1431246.0,207.0,0.000145,1,2,235
2025-05-11 17:27:36,e5228d204ebd10f7acd856d677d933a101983773e9a276cbaeab7e6c1c39bec1,896286,543842.0,348.0,0.00064,2,2,418
2025-05-11 17:27:36,5d7d67ddac49ce2f413923e76437f6dbfc520afbcbbb9f713f93a46b3c5f9237,896286,53500.0,164.0,0.003065,1,1,194
2025-05-11 17:27:36,60e328b4ff569b9fc09406956d0cc30662f45fc5667b59c8e35d20c9fb238667,896286,114966884.0,292.0,3e-06,1,2,382
2025-05-11 17:27:36,d057019325a2984635db414ead5a3db7d3718e9a06f1bc26ce8fe931c9a2179a,896286,2589245.0,832.0,0.000321,4,3,1299
2025-05-11 17:27:36,38b78bfb36ec81f9bfcc6e99b016603f1dc9fcae529a951db858d55b9a0dba1a,896286,338904.0,324.0,0.000956,2,2,371
2025-05-11 17:27:36,dadfc755857dd87377f3c628988858b78fff02516c174c8087ed322b01286bca,896286,93932682.0,342.0,4e-06,1,3,410
2025-05-11 17:27:36,68aeabf687a4de5d16023ef8fd8ed7e13a8baa1e084f81605409f94aa74798d5,896286,80425668.0,3288.0,4.1e-05,1,63,2136
2025-05-11 17:27:36,27773356961e8ed20ab4fd8eeefece6c6fecf92c59a3c5313c75131f67270d9f,896286,754299470.0,176.0,0.0,1,1,191
2025-05-11 17:27:36,ec1a2475cd14759115fe43dff6b5597f11bf461f47406fdca5e810885c56fd90,896286,754299646.0,354.0,0.0,1,1,220
2025-05-11 17:27:36,b4a20453fecdad7fba3cf8d23df6c0d229682e85c87ddc34a9d9e46153486f7b,896286,89281.0,276.0,0.003091,1,2,247
2025-05-11 17:27:36,56ce5a7f442ace728b002eb808aa0780adc02f7eecdfa8b28ace471eb8ae8295,896286,49999810.0,190.0,4e-06,1,1,194
2025-05-11 17:27:36,e55b13057d63214b80d6a096e5fbd85b396e38a104c955c81ac3d56e1cc98009,896286,79397700.0,238.0,3e-06,1,2,222
2025-05-11 17:27:36,7d8fb66281dc0d4a93b2025ea7336b2dd8db3bbf6e3f63f17f72b56682698e21,896286,742258.0,195.0,0.000263,1,1,191
2025-05-11 17:27:36,1d1144688a4fc2f91fe81da1467a9a6ee1e13d58cf6f3d70bc7bf2f9db2fc588,896286,999600.0,400.0,0.0004,1,2,225
2025-05-11 17:27:36,72ebc18a53ff092d0602589179c8f04ae394fabaca017f93b4ce3122d67d1555,896286,433800.0,200.0,0.000461,1,1,191
2025-05-11 17:27:36,afa793994054d76897a34ff9fbf46dde896ce9e88c783f18535ccbbe31dbadbe,896286,103534.0,260.0,0.002511,1,2,223
2025-05-11 17:27:36,d9585aa5a3509f0d5c4adf4cd4ac11190c816416288c3356dbf9990a4964c624,896286,9999736.0,264.0,2.6e-05,1,2,222
2025-05-11 17:27:36,0a4cf74bf1325ad96635d2b8fce3d0755110271a241f1a9bedf211089637f287,896286,36399610.0,212.0,6e-06,1,1,194
2025-05-11 17:27:36,91e035d4c5772587444da85a8a85b6ad69b4e848eaf0fcdab7f3941ebe50154b,896286,31610526.0,278.0,9e-06,1,2,222
2025-05-11 17:27:36,b1d930f70001c8efb4642052987848085c82c7b31db9e12e9bcc763205e7002d,896286,266086.0,278.0,0.001045,1,2,222
2025-05-11 17:27:36,3e309aa5895ff384f74d79ecd3c8ab4f75d1d41bf9973b2f5ab238e14288e2be,896286,241530.0,280.0,0.001159,1,2,224
2025-05-11 17:27:36,2f5fae02252fb544e5e9e85a525eac30b97899c8365dca397ef0281e8f040a6c,896286,257278.0,280.0,0.001088,1,2,223
2025-05-11 17:27:36,f5281779c2c60aa48102f218585370aa2d1f8d16fb46b40da6596748acde24b8,896286,17781.0,219.0,0.012317,1,1,192
2025-05-11 17:27:36,7be757383461372b3b76337e6d66c75527d472c59891fed0a87569c3c4a7de72,896286,19008.0,219.0,0.011521,1,1,192
2025-05-11 17:27:36,be38d91380ac5804c4f97ad5a4f5d7b6c8b0ced5afba7e2478d695220d267164,896286,38372.0,219.0,0.005707,1,1,192
2025-05-11 17:27:36,135791f2cbf44ebd302636432187a59ffa2a64296a70245e3c54a89bacb38b3b,896286,60918.0,219.0,0.003595,1,1,191
2025-05-11 17:27:36,cb86b525b0f37c537e96219d33713b8fe4ad933d42ae90fefdca1f3c3c62421c,896286,886269.0,221.0,0.000249,1,1,192
2025-05-11 17:27:36,1cbee3d96376c84957898b40068dbdb5b630fb5fe9364932da3884246628c673,896286,99983.0,271.0,0.00271,1,1,217
2025-05-11 17:27:36,13c2992910988fadcb5e14756d9672ac83ac2457ac7ad8f5576425d2e7f42a59,896286,8107.0,281.0,0.034661,1,2,222
2025-05-11 17:27:36,4fece3ac4ea3936080929c773d6b9013158e1d5b58be21105a489da89ed23e24,896286,288483.0,283.0,0.000981,1,2,224
2025-05-11 17:27:36,e93e9f8b3952e9c0f31e8be44a0bfd3062a431c9394694c400bf009f17ed3bca,896286,241197.0,419.0,0.001737,2,2,373
2025-05-11 17:27:36,dd30dd2de44ecf384dc0b213d4641b6ec48722e7c5a4555148a8bc128f8a930d,896286,17672031.0,6620.0,0.000375,36,1,6218
2025-05-11 17:27:36,80162cfd364fa8c92b8462eeca529b1b78ed3240d5e706c92452e91d1501e2fd,896286,816227.0,282.0,0.000345,1,2,222
2025-05-11 17:27:36,0114e724f1fbe15678fad003ec06015aaad6c9afd475ced5969af690426456f6,896286,34835549.0,282.0,8e-06,1,2,222
2025-05-11 17:27:36,107c4531379773228aeb7eb7e2680be66aa0c68a92353f1485998edef54cfaf0,896286,133109.0,220.0,0.001653,1,1,191
2025-05-11 17:27:36,0658cb8bf9ae9c0dd79964d49e67cf0c4c34cd64f091dbc1e1ddffe87a7c47ec,896286,330.0,308.0,0.933333,1,1,331
2025-05-11 17:27:36,2f8b7d9552870ec7921ad32000a1e38ee8e16975ba323c433cc156d0f74d5ae9,896286,5402370.0,282.0,5.2e-05,1,2,222
2025-05-11 17:27:36,f1cfb925ecfe4a6c45409092cbaa8993ac17a1c1c448e6e71f0547c0c43f75e7,896286,330.0,308.0,0.933333,1,1,331
2025-05-11 17:27:36,1a55adf8335f697287b2ed00bb9a5fbdd4ea8390f98a9e7f62b8fe6c43635be2,896286,1999616.0,384.0,0.000192,1,1,192
2025-05-11 17:27:36,037ed6e64777d7dbdf8168756cba6a0bcd148bb654541038f7f9491c665f82e0,896286,126278.0,222.0,0.001758,1,1,192
2025-05-11 17:27:36,ceb36a2fafd6007087277ec09c28437ac3bad4ade4751f59a80827d5ef1e55de,896286,201486.0,220.0,0.001092,1,1,191
2025-05-11 17:27:36,160cb053a7e3415ef0bf545e64fea4d336815299370ef0d3efd0e183da7a58dc,896286,5627511.0,282.0,5e-05,1,2,222
2025-05-11 17:27:36,f4df7455fd3f475ec12d606534bcef4b7c6a606eae1b27b4415e0d5eda5315d8,896286,4622.0,220.0,0.047598,1,1,192
2025-05-11 17:27:36,e37c5f572785134cdfea8558df98632b3fc934b26f0c8d837709086dfbc3c4d7,896286,17794285.0,282.0,1.6e-05,1,2,222
2025-05-11 17:27:36,a4b90125ab5ffc5c47fdf2788b90baad4886cf45163c21e26f78044fbe006fd4,896286,473179.0,220.0,0.000465,1,1,191
2025-05-11 17:27:36,e7f384db7ff0e3408e40117938d424ea08a9c36d671f342ede4717b09d7b35d1,896286,1976207.0,282.0,0.000143,1,2,222
2025-05-11 17:27:36,a5c82e70afe8f9d0c725b7a3c2ad1ea6ecd422976d9a14fb957fd70a5c2eced0,896286,88935.0,328.0,0.003688,1,2,245
2025-05-11 17:27:36,916883006b78f0eedb771f6510a2cc814d16b08b19ab6307b3cc8fa133b2e0cb,896286,55350.0,424.0,0.00766,2,2,375
2025-05-11 17:27:36,54adea3fdd40413ae2e8e8ac304543a2f298785ce3f80675a7ac86c4738c43c9,896286,330.0,308.0,0.933333,1,1,331
2025-05-11 17:27:36,968d8762e2780f80d398bf51bdf803bc818607047874170e59d2b2aa2cea33c8,896286,1221751.0,282.0,0.000231,1,2,222
2025-05-11 17:27:36,130c339fe9abbc3fc40d455aa27afc26cb8016627280a14007c676ad666d09c1,896286,1149942.0,282.0,0.000245,1,2,222
2025-05-11 17:27:36,62e165cec3802a8baf6a229aa30b938dfb60b2addcfddd7ddd586cecd3fbb6bd,896286,427975.0,220.0,0.000514,1,1,192
2025-05-11 17:27:36,55d10410dcb8d1474f46099f338f9990bff7ee15fe045109145e431bb4ac00b4,896286,70338.0,288.0,0.004095,1,2,226
2025-05-12 20:48:06,2287d69088c9707ad13dded4085e4bdafdbfc8ca5923fa23cb664e1994589bd8,896457,53745.0,285.0,0.005303,1,2,284
2025-05-12 20:48:06,374921e0202e16454e4613d35e4512cb0af85bbd2276e3abc80987177f3ab060,896457,54030.0,285.0,0.005275,1,2,283
2025-05-12 20:48:06,3ff165cc763201abda7432c914a09757dbca593e0a92277c97438c4c240fdafc,896457,54315.0,285.0,0.005247,1,2,284
2025-05-12 20:48:06,f61c283fece972f25968b34116cd5498a52d92c2dc0766fbbc4bb5a78a056ae8,896457,54600.0,285.0,0.00522,1,2,284
2025-05-12 20:48:06,265ffd9c1a43f2b71211cb42cb9baa48ff3050d6d12fc12afcc11f128c33a876,896457,54885.0,285.0,0.005193,1,2,284
2025-05-12 20:48:06,7d92a6314c710c030411b61f4cf20207224c6d8b0671d5a5991e0bc743c04832,896457,55170.0,285.0,0.005166,1,2,284
2025-05-12 20:48:06,87c457a1826f8da57f0509d6646258f9ed3b73d83c118ed1ed6f23f52f765689,896457,25118845.0,216.0,9e-06,1,4,297
2025-05-12 20:48:06,5ef042ef7ea19de7b301397d38d6e6ed972715ecfc7ffa31c96189b2465ce9ed,896457,255535.0,215.0,0.000841,3,1,364
2025-05-12 20:48:06,266bea6964aaebeca99378313cbaeaed0a7e3473ccbc8301ae4248acbcc4e4eb,896457,54610.0,285.0,0.005219,1,2,283
2025-05-12 20:48:06,c38552c6dda06553e8bfbf1a5b2b9c4228aa5b062476753b7f7b444664440e29,896457,54895.0,285.0,0.005192,1,2,284
2025-05-12 20:48:06,3c4506c3ea4cfd82225d48675ecfc990e23a62a2d41b21e4fba35567735357e5,896457,55180.0,285.0,0.005165,1,2,284
2025-05-12 20:48:06,6f89e2c7d36e354a9347ef52cc280b40d27b2ffffe18bde2ba17edbbe2b71d6a,896457,55465.0,285.0,0.005138,1,2,283
2025-05-12 20:48:06,ece0141da76635946a7b35da82fd5bd1c939050180ecdc72508a340b8b4efa9e,896457,55750.0,285.0,0.005112,1,2,284
2025-05-12 20:48:06,a5be4a328809c04f83d07ce1c9565d362c146813a1a64e747d97c0f03c5db587,896457,56035.0,285.0,0.005086,1,2,284
2025-05-12 20:48:06,2984f1008927be30d9992ff59c27dfac6f6aa16944e16a98b8590b0663f97101,896457,35490.0,285.0,0.00803,1,2,283
2025-05-12 20:48:06,b11c14397fb922f779ec2994bac7b1dae6d88c2952c021de0d3d1760bd4bd544,896457,35775.0,285.0,0.007966,1,2,283
2025-05-12 20:48:06,13ceb12598e4ac6028b59d1dce5adbe6e262e8de73616115d95347f75e4a186b,896457,36060.0,285.0,0.007903,1,2,284
2025-05-12 20:48:06,f7c5bd0878f88d711fce90e262e5e2fde3c4fd5a7a2ed4d3dd9dda2659c7318a,896457,36345.0,285.0,0.007842,1,2,284
2025-05-12 20:48:06,50b8eb98867fe341ddde145713fd63bc39924db1b1e6ee5586ad447a1557ecc5,896457,36630.0,285.0,0.007781,1,2,284
2025-05-12 20:48:06,0407377e0ef2ded257f42b9361a43906043737e195fbf8358130a9cd523301da,896457,36915.0,285.0,0.00772,1,2,283
2025-05-12 20:48:06,d35a3599e8c5546bd02c02c80679a275d5edb978f26f5b1d4f25574df50971a0,896457,37200.0,285.0,0.007661,1,2,283
2025-05-12 20:48:06,ffdbc000258481254990d5fb65a804eb65c513de99208451a175096d53e91cf8,896457,37485.0,285.0,0.007603,1,2,284
2025-05-12 20:48:06,760734a4e3de7e0054de45530cb4a2d1df1c9ade01cc241ccb9fc9940b9a66ca,896457,37770.0,285.0,0.007546,1,2,283
2025-05-12 20:48:06,77f87dfce4aa59afddbdd3622e8b73076a7f0a37431a13d79c070aadeaaa703b,896457,38055.0,285.0,0.007489,1,2,284
2025-05-12 20:48:06,fecd7c95f6f43d7ccc99893d8d4fd81146f5ad6f80cf5374f80c09478628b32a,896457,38340.0,285.0,0.007433,1,2,284
2025-05-12 20:48:06,ee5d8f9b65ae9b221a19819808929b7a95c6fed5d1496b54883f3f6e136ff30b,896457,38625.0,285.0,0.007379,1,2,284
2025-05-12 20:48:06,2cbb4cd8f99da15e104e2c70949e07634c4f642f71ff76c1a89049c7e7a61768,896457,38910.0,285.0,0.007325,1,2,284
2025-05-12 20:48:06,1a99ba969551df9d36c6881905f6503f5bf68722225851af2a3373ff6f422bd0,896457,39195.0,285.0,0.007271,1,2,284
2025-05-12 20:48:06,7a9426e3baca791f55e720d0f213a417e3d5d8f33e54550f999fed858492cffe,896457,39480.0,285.0,0.007219,1,2,284
2025-05-12 20:48:06,93d48e8ba62b804e6d1ea8c9f01457dbfbb84cd45328491ed631c582ea39e6bf,896457,10364.0,212.0,0.020455,2,2,373
2025-05-12 20:48:06,c5deb4bc1a2e2a1382c5ad2e1b30846e1810d30d3b6dbcbb17fd8134292113d1,896457,36707056.0,210.0,6e-06,2,2,371
2025-05-12 20:48:06,a728e2c0273f369741f5382d67603175ce4acf6efc0a7ffe0fecacd292952cc9,896457,10996571.0,630.0,5.7e-05,6,1,1609
2025-05-12 20:48:06,5a40416f938ce059a726faa70b72ed4b2be6fe2668c54101f1b4139391b8be40,896457,79974228.0,210.0,3e-06,2,2,371
2025-05-12 20:48:06,9e3db5cc242ed7e50c6cf1b8a2f3c2613eb7065b330da412e4fe957091076f04,896457,37747.0,210.0,0.005563,2,2,371
2025-05-12 20:48:06,cfa429f10f84291ebd73149ebd72b7be8f0d20bb2d370a394eafc1299fffc9d7,896457,228239.0,209.0,0.000916,2,2,370
2025-05-12 20:48:06,0d51d0fe2e37a804d6a926a33067e928a8ddfcccd4800c2dc78456c27b0526d3,896457,104205.0,209.0,0.002006,2,2,370
2025-05-12 20:48:06,2ac3b49484b7f21f977829a9f5e296a6a99bba4ba88c9eecc5bf93a27934facb,896457,206369.0,209.0,0.001013,2,2,370
2025-05-12 20:48:06,eb0e951c41ae97af4d664ce061d6693df46e1af1481586ba8e6eab41a1b39bc1,896457,23139.0,209.0,0.009032,2,2,370
2025-05-12 20:48:06,2dff1ae792f312ef4c3a2ad69378ffd339d813f817ec3dd258aee8baf04ab789,896457,26656.0,209.0,0.007841,2,2,370
2025-05-12 20:48:06,4354f64d2d49093aacae979a64d6a197ff4839cd3a9a6c2962b64eabcbd20575,896457,41657.0,209.0,0.005017,2,2,370
2025-05-12 20:48:06,892b294ef12b051e3febc9f75eb94063eb1b8d185848fb40d9be536531dc1e2b,896457,20139.0,209.0,0.010378,2,2,370
2025-05-12 20:48:06,f83b6cbee7bcf8dc94e16c98fad64972f2aa42bf60d2a8f56409a1647b8ce221,896457,410244.0,209.0,0.000509,2,2,370
2025-05-12 20:48:06,a234463a60aa3996ee6f909f9625af27f594ee69f19118e8c491ad9cb4395008,896457,236764.0,209.0,0.000883,2,2,370
2025-05-12 20:48:06,d71314a9737847176c28b278810503a479ed85e6e071fa00834ff39a3ab9f030,896457,54620.0,100.0,0.001831,1,1,150
2025-05-12 20:48:06,3a392e691bdac60610d2c1e720719dd3392bb1d17f476a415ad66016df280b33,896457,432021.0,309.0,0.000715,2,4,439
2025-05-12 20:48:06,daf1d7e7acb157c93318ee3e1dee0a06cca877dfccf10d153fa481dd42358c22,896457,56320.0,285.0,0.00506,1,2,283
2025-05-12 20:48:06,d8a25fe45041a7df7eb2eb802c31e3870481fe8937cd45cd1978ac61aa341f85,896457,56605.0,285.0,0.005035,1,2,284
2025-05-12 20:48:06,87aac11f0d0dd660405c2ecbf145e7347ccceb5271aacffb4dd9b6a9eaee24c2,896457,56890.0,285.0,0.00501,1,2,283
2025-05-12 20:48:06,26bd735f5af07401d8d89ecc03cc96234f9ad57dd0a11257b5adf66cb26a485b,896457,57175.0,285.0,0.004985,1,2,284
2025-05-12 20:48:06,48174460683783259669e212725c05d85fe2c631b4677391ee1c924683054bdd,896457,57460.0,285.0,0.00496,1,2,284
2025-05-12 20:48:06,92ce23acc4f7e9fc8eb68cdb758f831f0685ce341c09def7a8817b0048cc8c9b,896457,3207.0,201.0,0.062675,1,1,200
2025-05-12 20:48:06,f0f32a3ae31a544700657f9dca0d8f48718d179ac36e2fc0ac3241b1e33da5de,896457,44475.0,285.0,0.006408,1,2,283
2025-05-12 20:48:06,f56dcef0870c353f38174a68d38d6174e7b9c972fb16e3f43fbb073b9a33b8f0,896457,44760.0,285.0,0.006367,1,2,283
2025-05-12 20:48:06,6a68e2e241433bfeda4024455d596573cd6e2f80355424c6228443eb0f902178,896457,45045.0,285.0,0.006327,1,2,284
2025-05-12 20:48:06,85579bd054da94b0511ab80800de9e00b71e521a99fa1f4c85d457269f93506f,896457,45330.0,285.0,0.006287,1,2,283
2025-05-12 20:48:06,88aad1ceca136c78f53a4e8ed36545405bdc7f48690c96a2609bf2ca1a3d4e78,896457,45615.0,285.0,0.006248,1,2,284
2025-05-12 20:48:06,bfbc12c616f9efd88c52fb717d6460b7565ae14e63ea7574d93eb8afa0c1d0a6,896457,45900.0,285.0,0.006209,1,2,283
2025-05-12 20:48:06,c0f8f33a05aba402e50fe7135413511189087f7accc55b2fa2d4641cdd290bc8,896457,46185.0,285.0,0.006171,1,2,283
2025-05-12 20:48:06,8b20b882bb665bd50ceaaf96881b8b6f56e51f5f10c42828832d35b86416a65a,896457,46470.0,285.0,0.006133,1,2,284
2025-05-12 20:48:06,5bc12f3e3bb71d22fb013f5d38777450f0866dd28f2a0efbd84f0ea8c2357987,896457,46755.0,285.0,0.006096,1,2,284
2025-05-12 20:48:06,54440729ca1808167876ac643847818e21cb0d8a29ebd44306c4606b41a91f7c,896457,47040.0,285.0,0.006059,1,2,283
2025-05-12 20:48:06,61749bc725de073b7fe28af331c6e013f1784ad09762f6ac75ead8825b0e1dae,896457,47325.0,285.0,0.006022,1,2,284
2025-05-12 20:48:06,f35a9c756b15f51d30b13f6dbd46a747143633382ec3519eacfa44e0a6eb6373,896457,47610.0,285.0,0.005986,1,2,284
2025-05-12 20:48:06,882ce71edac5b609a4a2c366da30022a0371dd42e1b8effab122734e7702bc74,896457,47895.0,285.0,0.005951,1,2,284
2025-05-12 20:48:06,0ea94b66c7eb618173ad59fc64917212ea41acad37e9661f262d110855608f0e,896457,48180.0,285.0,0.005915,1,2,283
2025-05-12 20:48:06,29c1ee7f74f0db641c264471ae74e2e734b30640737c9268d9dfe0731d06b569,896457,48465.0,285.0,0.005881,1,2,284
2025-05-12 20:48:06,9f24a2a62a2fa135ed5b292a3c8c92fd76041e4be8678ab0fbfcb4bcf1a64b65,896457,48750.0,285.0,0.005846,1,2,284
2025-05-12 20:48:06,82218aeb59005f88b5a7ed9cd50c0d2bfd33db88a6c1e89820b49de0e3d1de52,896457,49035.0,285.0,0.005812,1,2,283
2025-05-12 20:48:06,26569a0c46952d1e29a5382f72e679c605d97103be8af36f85963dd5ce3c1feb,896457,49320.0,285.0,0.005779,1,2,283
2025-05-12 20:48:06,c2fd92f5fd1bdc0834e836ba06115b99326cb94d8ea4947314cca7b6fa42fc0e,896457,49605.0,285.0,0.005745,1,2,284
2025-05-12 20:48:06,4fd8773cd2039694eb8ae8a1dbd7333d6f39ddcba29c1f75ee07e9132764a218,896457,49890.0,285.0,0.005713,1,2,284
2025-05-12 20:48:06,727e79ed83121b9f5da0ff5e413ed3916a2b57ad491c4bee2ea0a8027b449b02,896457,50175.0,285.0,0.00568,1,2,284
2025-05-12 20:48:06,3ac24e4555ce7958ac675ca8605f081534d067902130b45c462a12d1092b37fd,896457,8979.0,372.0,0.04143,2,2,370
2025-05-12 20:48:06,8e67dbf56ae261271e70e1775f8d7faaecc774bb4b0b1a421b0094bed65cd4fc,896457,9351.0,226.0,0.024169,1,2,225
2025-05-12 20:48:06,9b0149b194781d771ca658454ff0cc38a3bda11e3a37fc45125bc37b846d8d41,896457,39765.0,285.0,0.007167,1,2,283
2025-05-12 20:48:06,ece652625f6c0308e93b2263c92a8aa6b753a0a5709241760965909b85990d54,896457,40050.0,285.0,0.007116,1,2,284
2025-05-12 20:48:06,0be98edb3e16c70f9601259e5186bace7a195ce05ae7a8171c44b013466ad725,896457,40335.0,285.0,0.007066,1,2,283
2025-05-12 20:48:06,fc60fb80fb243ca1f754fd60e36b72757bd6f754929522f44a34632c43b1bb5f,896457,40620.0,285.0,0.007016,1,2,284
2025-05-12 20:48:06,15250ca6d16c8548c3ce49753de7e7bd5f48d95cafb663c98cb6ab254077ced3,896457,40905.0,285.0,0.006967,1,2,283
2025-05-12 20:48:06,50f320a5d87feffe54d5528f2413e1742d32f272cefcf83c2aebad00ff47c6ff,896457,41190.0,285.0,0.006919,1,2,284
2025-05-12 20:48:06,b995d3528d3c49251ce1dfc5194da950e957f0d763408008ef81ba83b6571ebb,896457,41475.0,285.0,0.006872,1,2,283
2025-05-12 20:48:06,d8bec2d1feedfce19482520bb03aaa384f9d205c06a9d59f3fa33ffeb7f47ea5,896457,41760.0,285.0,0.006825,1,2,284
2025-05-12 20:48:06,70b4331ed8b74f28ec1e333eeade6adec4f3125415960ae2d24e0fda01007ecb,896457,42045.0,285.0,0.006778,1,2,284
2025-05-12 20:48:06,49db22e63cebaefe969c92966c16db0340c414e5bbab8a9b9da36f2258baaf38,896457,17412386.0,190.0,1.1e-05,1,2,380
2025-05-12 20:48:06,5f38c2899d10cbc98b95e28f5c20a65cda298f900736ca01dcf9bd14447710ae,896457,18369393.0,190.0,1e-05,1,2,381
2025-05-12 20:48:06,acf22679a6f7e3b543e50fd336c06f4377c2e4d13e57661addb019be1d44a2c3,896457,18811191.0,191.0,1e-05,1,2,382
2025-05-12 20:48:06,2af2c0b07e6d102d0bb1bc9d06c808da1ec5ff8ccae8c3f97ba86194efe89139,896457,19302057.0,190.0,1e-05,1,2,379
2025-05-12 20:48:06,daddb1b0c41e3747784e449e940b87eede8dced5f654d35e30041f0fcf8bcadd,896457,19792922.0,191.0,1e-05,1,2,381
2025-05-12 20:48:06,eed3b86c8aab1e273ba7608291ac7901981644861476829980efa15104a3c996,896457,20245662.0,190.0,9e-06,1,2,379
2025-05-12 20:48:06,53a50df95f555238bba8daba1c4dbf2e6284f077793ce73f7414f34bf838f96a,896457,20440851.0,191.0,9e-06,1,2,381
2025-05-12 20:48:06,1fe012b2ade9500181bd0c20af5300e863de232777b2d5a1a5da034509cce77b,896457,20679810.0,191.0,9e-06,1,2,380
2025-05-12 20:48:06,d06be909f900b507297abb4e25e1236b91be30f5f05fe4f3fa211911a434c265,896457,20777457.0,191.0,9e-06,1,2,381
2025-05-12 20:48:06,fe00a5005ecc97e9ffc19f71e16c3b77de6642cbb1f94a33c120502e5b86685d,896457,21767123.0,190.0,9e-06,1,2,380
2025-05-12 20:48:06,ea036c104f836383df5f072ccfdd3be8657187e4abc98385386e06c23dc4ce9d,896457,21864544.0,190.0,9e-06,1,2,380
2025-05-12 20:48:06,8eb5f062face6f8b215795ff7d00505ac77b6bf10dc8e601bce1bd7de97a73cf,896457,22442953.0,193.0,9e-06,1,2,382
2025-05-12 20:48:06,b3a4c7f031cb0248f26f4ce2764864244e2ab76188936d554ef5b8f80809d3af,896457,22901234.0,191.0,8e-06,1,2,381
2025-05-12 20:48:06,b66f186271fd77c834c769247752880d0b75265d3bc4a0534959890625e1a67d,896457,23387274.0,191.0,8e-06,1,2,381
2025-05-12 20:48:06,c6ccf5e3157857ab23e57d356f9f715dcd284aaee9a99eff63c6b56e729ec1b5,896457,24067654.0,191.0,8e-06,1,2,380
2025-05-12 20:48:06,8a5068556736ae6337cd139832c264e5ecbb89ee65e66e0c3f7a25599bc7b770,896457,24262185.0,191.0,8e-06,1,2,381
2025-05-12 20:48:06,eb5bdb2cfe0ed803349cc6e16e091d8c4688383e431b408cfef5f7dbfc172cc5,896457,26695642.0,234.0,9e-06,1,3,424
2025-05-11 15:59:08,abc230cde6d0be96562f9fe54b26de1a9b4a520c9d8dbcecdcedc77f077fd34b,896278,318785.0,675.0,0.002117,1,2,245
2025-05-11 15:59:08,87e0c6a0230f1bf2b20b54070687011c8d52170e34de223755e80b1390870bfc,896278,11589.0,746.0,0.064371,2,1,343
2025-05-11 15:59:08,68c7195732798dc04dd830d6f90857e2df6519392c58f97d5cc52ea3eaa61e84,896278,124850979.0,1300.0,1e-05,3,1,559
2025-05-11 15:59:08,d83fe93c9c25cfc031ff56536ac408d041833d7e308525aa46cbc80fab1bbdb1,896278,66958.0,461.0,0.006885,1,1,191
2025-05-11 15:59:08,4959f56741e81c9f3390c7ae7967d0ba4aa4f0e22245ef3e35fda34510ffb8b7,896278,1692879.0,742.0,0.000438,1,2,258
2025-05-11 15:59:08,b3fce0362c87da0cdf3c5fbb7ec73f949a80f47a8ac14be4037364dd70ceec91,896278,147415.0,1459.0,0.009897,2,4,458
2025-05-11 15:59:08,dbc8277a2ae43441cd3e34488a3da0d8659382ff34d2b9040f919eac00a35d62,896278,195702.0,654.0,0.003342,2,2,372
2025-05-11 15:59:08,a4fdd1bf44edcbc2a1437e456121209a64a6b2e694cacdb1afade9be170031f2,896278,31999000.0,1000.0,3.1e-05,1,5,315
2025-05-11 15:59:08,e68c5df65ee2986259ea97ab849820f2766fb516e25bf8960fc89ffcd2d71c8b,896278,44494702.0,654.0,1.5e-05,1,2,234
2025-05-11 15:59:08,cba6e209970cfaac55ec950603f994565775620518d5371d73b29455a0a64faa,896278,1852205.0,1065.0,0.000575,3,1,492
2025-05-11 15:59:08,63d9a027264f66b2f7d32ed68da3f6d9e10b3b2c854e29fc5100f50253a14699,896278,18190491.0,1140.0,6.3e-05,1,4,345
2025-05-11 15:59:08,213a17b5fde1623773dfee08ba06a0f8a687486f19af02f3378ad8f7053af67b,896278,495475.0,1869.0,0.003772,3,3,584
2025-05-11 15:59:08,d2478954dfcdd7789301cc3eaca5bf9729a6268faf944b89105d7189123c5857,896278,518469.0,804.0,0.001551,2,2,430
2025-05-11 15:59:08,dafa5cb693bc2b9c53f1e0742b10aeb22cfae15f34a78134a3bf27ab571e2285,896278,18670.0,9434.0,0.505303,9,2,1049
2025-05-11 15:59:08,d54332aef31bc1012c2c3d302a2587411c675a3b53dbae0d09695fd0e6a267b7,896278,350094.0,254.0,0.000726,2,2,313
2025-05-11 15:59:08,f814fc75122186a1930d69078c42c0e75a25bdf05d90d19288bdabfe46d4f072,896278,100582.0,240.0,0.002386,2,2,301
2025-05-11 15:59:08,2dc8c44594a689774d8f1e8db39b2bd9716e19d2b065657e417b31357e84cd6e,896278,247312.0,240.0,0.00097,2,2,301
2025-05-11 15:59:08,607747d22ce5d0d1d547369d01b3085bf5a8d522b7cbf8eadf61732e3d857a65,896278,315551.0,240.0,0.000761,2,2,301
2025-05-11 15:59:08,b9fdaad0dfe94e2d1624888159a4fd403ecc0877d9ac05baf10136d98d653052,896278,212736.0,240.0,0.001128,2,2,301
2025-05-11 15:59:08,29a3ba98a7472d4834f24e290f4521fbb10321f2000639d3c613345c4d4f3b4a,896278,247312.0,240.0,0.00097,2,2,301
2025-05-11 15:59:08,f47132410af212093601ac19ee7717021a6916b36e9574e77c41c8b6c07e6138,896278,247312.0,240.0,0.00097,2,2,301
2025-05-11 15:59:08,98481bccc9c9e6a1b88367148aa03910d3d65c41b3ea24e1e08449841159231f,896278,100582.0,240.0,0.002386,2,2,301
2025-05-11 15:59:08,e9a37c8b4a4ce0215e403771ec83ed253647ffb145d1879cf5ac7bfd2e7def3e,896278,3431306.0,596.0,0.000174,1,10,579
2025-05-11 15:59:08,de405d6eb1095673294ef051ed2822c8219addf9e7c216f59747a9fd4c94afcd,896278,312966.0,1000.0,0.003195,1,2,225
2025-05-11 15:59:08,612daeb3d8d7f32640d7f496ec63c034ee2c02527991429d61609587cbcbc71f,896278,812572.0,1000.0,0.001231,1,2,225
2025-05-11 15:59:08,c4cddddf4cc13b29321d1da6ce4e64ab2dfee4cd64ec9828788c6302435a2940,896278,208736.0,1761.0,0.008436,3,3,530
2025-05-11 15:59:08,28657215286e3168806310b50cd75f5f2ee4472122c902102224063b50b380a1,896278,368357.0,663.0,0.0018,2,2,384
2025-05-11 15:59:08,e1c9249d2940793ce9ed57da83916bd38ed0847c303b953f376564ea063b102e,896278,5436468.0,1000.0,0.000184,1,2,223
2025-05-11 15:59:08,79b46592df23c6876ece691b62d1fd9538815e887e58de2af5725fb32e724faa,896278,36428537.0,1000.0,2.7e-05,1,2,222
2025-05-11 15:59:08,e36315fa4074f87ebaf065fdf1c4df644698e898c4805655d594ee7032f1fa2d,896278,698.0,502.0,0.719198,1,1,162
2025-05-11 15:59:08,686f22f73b2e1100af47625ab975f4c66b23f39df3f752c921e9ccf179a41abf,896278,14999999239.0,761.0,0.0,1,2,250
2025-05-11 15:59:08,0f5a8d1cde8ae430fdef6ac8c689a683b41672d5b41f0ae55f1e3693e7c4ff57,896278,14999519010.0,761.0,0.0,1,2,249
2025-05-11 15:59:08,adc5a8e747e0e0c17a29a10f9a3158aad99966cdc415f19d63652eeb19587fb2,896278,185130.0,870.0,0.004699,1,1,192
2025-05-11 15:59:08,8d83555128943d66d02de965ca53985a509737e27cf86180a9f72249c990b7d8,896278,9029574557.0,1000.0,0.0,1,3,302
2025-05-11 15:59:08,c07df9e76aa5af4c1ff5374e3c0d020bb0cb761ad5d1b88a8146d43217e13582,896278,8457514.0,500.0,5.9e-05,1,1,191
2025-05-11 15:59:08,0356ff740da3acd253d4c0cbdd8294d01b107e28748e2c3bd850945df7128a72,896278,9029597694.0,1000.0,0.0,1,3,301
2025-05-11 15:59:08,f8fd6e6760982bfbade0369a954cfec8320c473ef3f6c3dabcaac4d7bc310f23,896278,9029819883.0,1000.0,0.0,1,3,302
2025-05-11 15:59:08,bcb5232225d40b3f9a869abe497cad4d6bbfb8556db7d79b7910b17e018caca5,896278,9029943313.0,1000.0,0.0,1,3,302
2025-05-11 15:59:08,c421db26b8fdfa2e388e0306b40058e11ae1f99c0605d17e4e87e1ee65851755,896278,20576349.0,1580.0,7.7e-05,3,2,589
2025-05-11 15:59:08,a8f4d7f441f7be2c715879dd031ce7a31afdb0e59b15ae62b4bbefe75fd2486f,896278,5739263.0,508.0,8.9e-05,1,1,192
2025-05-11 15:59:08,2bddf57999bceb81c2b9dad9586ca5efdaa154843842e91807e671fe8dca01ec,896278,206434.0,800.0,0.003875,1,3,253
2025-05-11 15:59:08,b49c775621164f6e291d06765a0caafb6b200c0c1ea783bba335a40d89398fdb,896278,19240.0,830.0,0.043139,2,1,339
2025-05-11 15:59:08,65f04aa5681a87f5a731c6fd3baa2ab0f04dc1372cd042fc3dd4e75e0594c57f,896278,298510.0,520.0,0.001742,1,1,191
2025-05-11 15:59:08,1ac8c437114a3aec726813609b531eb274103e7245c93069e67cfbad8ca2c3b6,896278,57274687.0,2022.0,3.5e-05,1,11,477
2025-05-11 15:59:08,2134fc6ae3f56d4ecb5d1f21888d5abeff577571961f45f45b7f5651f3bfd47a,896278,177915.0,546.0,0.003069,1,1,194
2025-05-11 15:59:08,d0a3440d2175b28f6262014a81c97eaf224f57f10911d899462f58698defe2df,896278,1225023.0,1272.0,0.001038,1,5,342
2025-05-11 15:59:08,1897c13e87f4d7bf43cc6c35bf0d1efbf421b7adfab74aa6b2c3a8b4f41fc5f0,896278,135891.0,546.0,0.004018,1,1,192
2025-05-11 15:59:08,a4b2cdeff2d41d59291ac68da532fd3a5044138f458240f1632e39d4a9817cd4,896278,57454.0,546.0,0.009503,1,1,192
2025-05-11 15:59:08,1052cbaf8bc9b21206dbe7523b0ab256a5ad8d5791322b1d80298fe198b9d0d1,896278,88567.0,546.0,0.006165,1,1,191
2025-05-11 15:59:08,06d7339b179e47ddc1c55cb075503448bb3f8a02e58b0aeaa28e9825a8100a77,896278,23454.0,546.0,0.02328,1,1,191
2025-05-11 15:59:08,73f4d4c8e29498e911ab3b9e93672e64bab862aaba4c069c5d4de759e4b7c113,896278,244578.0,546.0,0.002232,1,1,192
2025-05-11 15:59:08,e6f6dd3fe52d9e96dc3662f729c6fdbbd92abdcc0855f87da2c0d486e404662c,896278,42084.0,508.0,0.012071,1,1,153
2025-05-11 15:59:08,69d379955805087f6f56ad8ec6e349facb807ae23655084228c87ce2ffa0a83b,896278,45884066.0,1290.0,2.8e-05,2,2,422
2025-05-11 15:59:08,04ceb9d3d5586a91470e2e15154e660738b9854df73c4a39283138df6c1ce8c3,896278,952302.0,1110.0,0.001166,1,3,303
2025-05-11 15:59:08,69798dc7ff04416f53c6826c96619bc3b0c5fb80d673647f6e4fd014209a8cbc,896278,1933886.0,705.0,0.000365,1,2,222
2025-05-11 15:59:08,09374aa04961850be25838eb87cbd80413cb21673d8cd72fd81c015261d3eba3,896278,15197475.0,875.0,5.8e-05,1,3,256
2025-05-11 15:59:08,64e6e4dbe8ebc38ad8fb7afb6779e46490133db75b7d7e983f7845a2d36b2574,896278,1997795.0,1155.0,0.000578,2,2,393
2025-05-11 15:59:08,225afd427f0653811f8c8266506c804bcbe58ee3da207df4b1c85a440e756e63,896278,6460462.0,705.0,0.000109,1,2,222
2025-05-11 15:59:08,62b62a422065d3eb5d5786b268b2403449dec36de3562e30368a9c6d5a9f2f52,896278,196921.0,1110.0,0.005637,1,3,304
2025-05-11 15:59:08,c42404b04ee51decdd384d8159fbf8c52eb2310403245aaa5c51638f235e0f2e,896278,18225.0,960.0,0.052675,1,1,192
2025-05-11 15:59:08,dc6ff4686c6fcff164a5664b4d4607333f6b3b464c1ecf682a7279268cd2db26,896278,1181124.0,860.0,0.000728,1,3,253
2025-05-11 15:59:08,452eceaa9b8bc26e93e2102b979770f896212965b7475f1dd56009a583fddbcc,896278,1727188.0,705.0,0.000408,1,2,221
2025-05-11 15:59:08,3719491e77a7060fef14183a13d340fa9de8422a5c70a5396af1d9ebd932c6ba,896278,3408393.0,3075.0,0.000902,2,15,777
2025-05-11 15:59:08,f2fc61d2f8fc39b8223f237e8687574a9f4c9679a716ea97bc46728a9a51c9b7,896278,702695.0,1045.0,0.001487,2,2,370
2025-05-11 15:59:08,eb7d9cb69f015677c4b6e2d4cc224524729f8da7d00fcc88f255c586314444e5,896278,1051475.0,705.0,0.00067,1,2,222
2025-05-11 15:59:08,3033d89883f07df7b1e1089492191ee61279564f651438ec89bc29c35da0d965,896278,1461708.0,705.0,0.000482,1,2,222
2025-05-11 15:59:08,fce60bd043f93de85562a9ec42ac9ab55234c3051bf4e999b84fa14b13a66144,896278,3802096.0,1130.0,0.000297,1,2,225
2025-05-11 15:59:08,5d388f301d488fae21bc78b8137634f3998bec6c0d30fa8e81209878ddd452a0,896278,23280247.0,2587.0,0.000111,1,13,566
2025-05-11 15:59:08,0c9f5c14ff2aa9fd596449f944686c31cf6ea02352b1688c234a493ab0bc31af,896278,2056863.0,1800.0,0.000875,3,3,600
2025-05-11 15:59:08,22a679a8abccfd3d13df3f7ea40abf1a8592383e82827035cc181340eb946983,896278,502.0,498.0,0.992032,1,1,150
2025-05-11 15:59:08,341b20fc1d286247fd5d20266709f032935cb5691da9e61597bd57feea179848,896278,607115.0,715.0,0.001178,1,2,193
2025-05-11 15:59:08,5084bc6c4e975373d570bf5aba8d3bb7937994c30ffa51f72e3ed8f9f2ba31b6,896278,75270.0,730.0,0.009698,1,2,225
2025-05-11 15:59:08,c42df14090839e620ea74cab06431e15362d80d5e3811e962b274967cbc28dd4,896278,20630871.0,1170.0,5.7e-05,1,4,312
2025-05-11 15:59:08,8351749f42e424c15c3f598f64a9ca1d3fe9e9b885455c344aa9db40b5c57399,896278,748099095.0,780.0,1e-06,1,2,234
2025-05-11 15:59:08,9c97e02d0a03a3e983091f467b26985266494a10509cb4c2b0c6b6d45d9999a2,896278,664122921.0,720.0,1e-06,1,2,222
2025-05-11 15:59:08,13eb6e7cecf125d1fd69d58190c3e97675dae4a68abc52258e368fdf08eb828d,896278,1640133016.0,720.0,0.0,1,2,222
2025-05-11 15:59:08,1787d885b47d2bbb6958009d5f77232b6e7f8082601a0004b6789ee5cb1b9342,896278,1612548968.0,720.0,0.0,1,2,222
2025-05-11 15:59:08,8e1869f64a0f4468145e848c5609603c008375eecc54b3c9217f41ab95a94ac3,896278,105797.0,508.0,0.004802,1,1,150
2025-05-11 15:59:08,263369836191e26a523dd0e1623dd4130d8dce1dfafede6f054c2004ffff9e23,896278,28998905.0,3111.0,0.000107,1,15,668
2025-05-11 15:59:08,83697ae9340f822d236ade8374067eac65780f1fe618629d5e341db32266b506,896278,0.0,1000.0,,1,1,108
2025-05-11 15:59:08,96daab434c30640a088231f08804af300217a7f565ea622944bfb16289c73889,896278,13303935.0,306.0,2.3e-05,1,2,234
2025-05-11 15:59:08,f004650262e028f4190c590ff1a3816217507208776cb05d16dfc781051356de,896278,326000.0,631.0,0.001936,1,1,191
2025-05-11 15:59:08,6e38e955bd4d87dbaa4fe1631082234f00a5e3e4a013515d2e1c5295269f44da,896278,28777.0,649.0,0.022553,1,1,195
2025-05-11 15:59:08,b3c58ab6049b5586d33ecb08c30a796edbab29b7e99364ac01045283720c13f4,896278,166835603.0,1128.0,7e-06,1,2,380
2025-05-11 15:59:08,16b6bfecb214e101a5b0188141ea5801cd5f8eacfa5010ab3cbb9d6fa1097cce,896278,189197100.0,1146.0,6e-06,1,2,384
2025-05-11 15:59:08,01f38065f388222b7ebf2ae56af6d8bbaf5c376257f08dc7d42757c655a6cebf,896278,13162399.0,852.0,6.5e-05,1,2,223
2025-05-11 15:59:08,dc71eb91f0a2f785702569766abf57c59d1852cf7c9df29d6cb9eb858ef889a6,896278,69999340.0,660.0,9e-06,1,1,191
2025-05-11 15:59:08,911de473884a4e5a8f38a1f8cfc0707fb6d9afdd2d2f6a7ab5656bb1b625e99e,896278,9225154.0,846.0,9.2e-05,1,2,222
2025-05-11 15:59:08,76f632bb6059bda688d94422deb862e0751db8f0210c24a3d48d44da583a9b5d,896278,47730.0,678.0,0.014205,1,1,194
2025-05-11 15:59:08,71a849c87b7e37380dec6c990547e5db3ba711732d4fa3d1080b7027429919aa,896278,37235284.0,6264.0,0.000168,11,1,1931
2025-05-11 15:59:08,738367907e96f578bd5403d0865578a34585f2e9767b977d78ec44a69358fdf9,896278,683911500.0,6810.0,1e-05,12,1,2099
2025-05-11 15:59:08,b280e9c8f8cd3e6e646ba765d2e5344b24af833b31d05d2bacbe5581c2fd82a1,896278,988225.0,5172.0,0.005234,9,1,1586
2025-05-11 15:59:08,a326fc498691dcb2145b6f0e08640401816d9bfa0702d4842cb4cfb108000e8e,896278,14292639.0,1254.0,8.8e-05,2,2,370
2025-05-11 15:59:08,675259e2de4e80fe86d65ecd43e3fc97fd9471721b089a8cfc0f329bf3724035,896278,161059247.0,2000.0,1.2e-05,1,8,413
2025-05-11 15:59:08,52b482f50848ccf268b8387283d7a2a6af96b9f9065186e7aeb40c95898cf725,896278,9839.0,695.0,0.070637,1,1,194
2025-05-11 15:59:08,e63f41ac0f9fdd70103d5dc3ab98beb915d7ef7ab9bb80863831bae0062dc363,896278,2791962.0,1582.0,0.000567,1,2,255
2025-05-11 15:59:08,e4b485a7a715b1f1f4634388232238eb3598fd3fc12f19b0fd66bb3c3b4d2a4c,896278,23156013.0,7572.0,0.000327,8,1,1217
2025-05-11 15:59:08,38dacb86af84eb96ce407dc5dc0bff21b106eaa3931c3bf2ee5e437b302261ab,896278,5800.0,690.0,0.118966,1,1,192
2025-05-11 15:59:08,1a55628baeb8f94cdd68735e900984f492fc7fd28196bfb140b6ef147b166783,896278,67772097.0,2000.0,3e-05,1,7,393
2025-05-11 15:59:08,d10319e51ea838bf6a54c6cc1849146ae64ba5c9c5eb62a2b4ba32d70962f1bf,896278,96878.0,739.0,0.007628,1,1,194
2025-05-12 03:41:07,d653e6dd3a450ca8704e0fad4b1a9754350de9f20f63f97f8b4a170a2fdb4e52,896353,1944417.0,154.0,7.9e-05,1,2,193
2025-05-12 03:41:07,c9def8296b87f1097d31d3cc3029fc5dc6b4e349f33c9d90cfa61b7615859527,896353,480180.0,227.0,0.000473,1,3,366
2025-05-12 03:41:07,502e5df1acd23f773c48703b359c7b480fe4a84c4b297f9395bd09dab4dd99cc,896353,480737.0,227.0,0.000472,1,3,366
2025-05-12 03:41:07,eb0e87d355ba53a9420f5cba6e893d2199f60720ce5afd3a9bc856bdfb57db06,896353,479623.0,227.0,0.000473,1,3,366
2025-05-12 03:41:07,774ca4d4424bb5fb499685e92fafa9ddbef43e5b91b9c19043894e5a96da8e5d,896353,480180.0,227.0,0.000473,1,3,366
2025-05-12 03:41:07,2cb4fee28bdd95f6991812f25f86fdb9e1dd15cab96be6f0982271d2bdd748be,896353,480737.0,227.0,0.000472,1,3,366
2025-05-12 03:41:07,23f3e991e0f64f6403f82b3cae31b44d268a5f5d9fd056b1dc93130c227fa806,896353,479066.0,227.0,0.000474,1,3,366
2025-05-12 03:41:07,24a5ae6619ba36c133e16a04a9314afab1ba01ad74eac43e9f0b5e378059bd95,896353,479623.0,227.0,0.000473,1,3,366
2025-05-12 03:41:07,eea7c2e7c10daf876e50d6011718f0d2306f98e8534cb245fe5aaf5c71530d9a,896353,480180.0,227.0,0.000473,1,3,366
2025-05-12 03:41:07,4f797ebbb453f8d9d791c25f624cc95065ccb90cf660d8cc1473a908498929d5,896353,480737.0,227.0,0.000472,1,3,366
2025-05-12 03:41:07,39ee72d0b1c3cb0df4c349fc4b446ecb7056c628d2f1c48024575899b6beb58c,896353,115714050.0,154.0,1e-06,1,2,222
2025-05-12 03:41:07,0ddffc5e181f812c5010f98c3e4173e48406d46f811ad8047578374317ea4e07,896353,9073.0,154.0,0.016973,1,2,222
2025-05-12 03:41:07,68620b0d5721cafbe4dc3004bb5c0dea11417e743d6fb615d838b2b5025364d9,896353,5143187.0,389.0,7.6e-05,4,2,678
2025-05-12 03:41:07,cccbbfdabd46b983b2b11ce96f42af1e8cd4629e608895e984ac16baf1355901,896353,94112.0,227.0,0.002412,1,3,364
2025-05-12 03:41:07,2d3ff5d907b38055b00db8c31bbe195424e6dbce73a34718299eb65454e2cb6a,896353,94669.0,227.0,0.002398,1,3,366
2025-05-12 03:41:07,f6cb11eb563d28ec874ed91dd4fb09d2f34dec24dfff767d108dc21408741b50,896353,95226.0,227.0,0.002384,1,3,366
2025-05-12 03:41:07,d14b692cd3532cdd455b32946faff2f76d1adcd7cdd20b83245f9ea82fcc528d,896353,95783.0,227.0,0.00237,1,3,366
2025-05-12 03:41:07,df1d1e5368847cec2ee17f1caafee863c407f95c2c6789084a9e78dec84fe95f,896353,566319.0,737.0,0.001301,7,6,1020
2025-05-12 03:41:07,e45509d4b727a5e936aa43baef649c462d9cc5aa55764061dd1fb8ac11ab5b81,896353,79894.0,263.0,0.003292,1,4,388
2025-05-12 03:41:07,1a35ded772d9a21a8f44f84ef8d6be93b04cb5a250687bfad368b53700b67f0f,896353,80487.0,219.0,0.002721,1,3,369
2025-05-12 03:41:07,a9e352608d8f293743e4138128eabb469da18c0f171df32413108161f3599fff,896353,81036.0,219.0,0.002703,1,3,369
2025-05-12 03:41:07,5b146449955ad78fcabb678004d3cff657df0435e6c2e1baf1b7ca0d095a40f8,896353,81585.0,219.0,0.002684,1,3,369
2025-05-12 03:41:07,101f16232600096b50e2ee97e077d7c64b68e2080d170f7ed29435485c714cde,896353,82134.0,219.0,0.002666,1,3,369
2025-05-12 03:41:07,6257822fd9fee0d261490bc275ad45dfd0a9afb364469245c0f52405a02605a6,896353,82683.0,219.0,0.002649,1,3,369
2025-05-12 03:41:07,195afbfaa688dba6d3bea79c58dd4ffea701b4e82b75597a2ad3b4c1939dbd2c,896353,83232.0,219.0,0.002631,1,3,369
2025-05-12 03:41:07,15206ced47acd70f39e85c0039cddfd3f400631bc54cc7f68cebea8b767269ed,896353,83781.0,219.0,0.002614,1,3,369
2025-05-12 03:41:07,863c209b831a6a61b37aca490bdc259a06b8d7425e9a5ecc40cbda21249f9ebd,896353,84330.0,219.0,0.002597,1,3,369
2025-05-12 03:41:07,d41f8f0eae69583d5219d0f011b06bc28ac961b0c0b67e5d0dcb6e622b48efcd,896353,84879.0,219.0,0.00258,1,3,369
2025-05-12 03:41:07,ca4b8c3e2e1e262de3495c6ed46a3e3e28a7defe4325d86b77b6b1f05f6f53fd,896353,85428.0,219.0,0.002564,1,3,369
2025-05-12 03:41:07,f1c6993216d891a6df268667adcf3da4bf88b46229612e70b9e2971fc53db55e,896353,85977.0,219.0,0.002547,1,3,369
2025-05-12 03:41:07,45737b95186b28b514ec393f0d051d46ddc6be506de23b537180fb59f515d6f3,896353,86526.0,219.0,0.002531,1,3,369
2025-05-12 03:41:07,a92c0416b818e17fe208966283388fad9a63605262df99140218a001dfd76ff4,896353,87075.0,219.0,0.002515,1,3,369
2025-05-12 03:41:07,7185cbd770278ad5d5051eab047fd32d9b911595fad68ecb841bd3cbb0ad3567,896353,87624.0,219.0,0.002499,1,3,369
2025-05-12 03:41:07,249a75395d2d8fb52f1c0a9773675b5ad9e1d46d8001a9163e624a6e3cf799e9,896353,88173.0,219.0,0.002484,1,3,369
2025-05-12 03:41:07,2f17f953b4896e48212492f54dbb8286eb6f69496d45555e241bc214e73f36a5,896353,88722.0,219.0,0.002468,1,3,369
2025-05-12 03:41:07,1f57106446320b7bc38d57c7f4308aa39f4d3ca9f77ac29f5061bf2657b13e89,896353,89271.0,219.0,0.002453,1,3,369
2025-05-12 03:41:07,7ff9c825ccb5be0dcff16f1f9781eb0d62dc8a76c82d0e426caa8c3611fb7766,896353,89820.0,219.0,0.002438,1,3,369
2025-05-12 03:41:07,de4e6e9ca27258620c0de98d286dea8147c361174bd12d8e99addeec0eb1a7cf,896353,90369.0,219.0,0.002423,1,3,369
2025-05-12 03:41:07,90eaed7c70f5b0d09a3db3fb39cd543da2686ba9d957c45543061cf2faa4edf3,896353,90918.0,219.0,0.002409,1,3,369
2025-05-12 03:41:07,96f2927d6598f049378c4698563caea5b24c37862273552dfb6f03dc68a406e3,896353,91467.0,219.0,0.002394,1,3,369
2025-05-12 03:41:07,5a5d0802fcaf9acce7dbc18dd9503c70e6a0795f85a6e8af82d93395924f0998,896353,92016.0,219.0,0.00238,1,3,369
2025-05-12 03:41:07,4d3410068c226892fad4b30fe5f3d7def02a3563e3b3360448c95c04b7727bd6,896353,92565.0,219.0,0.002366,1,3,369
2025-05-12 03:41:07,cf527a688f0c8a76a9bc294e3dbf3eca88234bd764ba37ceb627bfa3a76190b3,896353,92784.0,125.0,0.001347,1,1,204
2025-05-12 03:41:07,b6ba668e996fcfa410a72b02590ecaf5c26773aece79722655f9eee873d08b7d,896353,225029.0,263.0,0.001169,1,4,388
2025-05-12 03:41:07,b563d21eed168e21f67053e771f74303730faf1ebcf3e58cd3f2b272deef2dc0,896353,225622.0,219.0,0.000971,1,3,369
2025-05-12 03:41:07,1b2d25f70000b5b75ff9df76d6a42b0134dfa4c021604f570f2d83047a3712bd,896353,226171.0,219.0,0.000968,1,3,369
2025-05-12 03:41:07,496144de65c8cd34d1e6007b9d7d1a7c9c4c6edb49afb4b82e02b8a764756196,896353,226720.0,219.0,0.000966,1,3,369
2025-05-12 03:41:07,f42deacfb8e3c2aaaad04ca2213af9e546ae6f8cdb8be0fbc53caba796a3f5aa,896353,227269.0,219.0,0.000964,1,3,369
2025-05-12 03:41:07,5ec648a829ff473f9d6828bb83fa1fe11f0e821ddf39013360d9da9108a85c9f,896353,227818.0,219.0,0.000961,1,3,369
2025-05-12 03:41:07,58592710efc980300d4e44136a97706d754e8abc047ac0328cdf7c864bef14e3,896353,228367.0,219.0,0.000959,1,3,369
2025-05-12 03:41:07,d00dd92f28a5c040a0c2e253ca2c33caf7482aad07590812a674e6df7c0cc968,896353,228916.0,219.0,0.000957,1,3,369
2025-05-12 03:41:07,1478a720756aed91e48dc912d2a584751cc9714672d03d290666b853fc0fd2d0,896353,229465.0,219.0,0.000954,1,3,369
2025-05-12 03:41:07,cfbc7ad231430adcf25c52c48b59559a86025e79475dbe8247c98dad0136be72,896353,230014.0,219.0,0.000952,1,3,369
2025-05-12 03:41:07,f245015d49881c77dc8ee47d4a1a00727167100099fc2c32f90452aec34798aa,896353,230563.0,219.0,0.00095,1,3,369
2025-05-12 03:41:07,dcac9e3cb3ee8b3bc3d8b490c951ebf7250257847cddbce4a963c55af4435ea2,896353,231112.0,219.0,0.000948,1,3,369
2025-05-12 03:41:07,e04b2f3c51fbfd3d7dd90e634251b54ac5caa410b090c3f6a5c6e70be48926db,896353,231661.0,219.0,0.000945,1,3,369
2025-05-12 03:41:07,c73ce99436c54a0ef931fd206357f40fbbc1dd6e26c0cbae79f149914614484d,896353,232210.0,219.0,0.000943,1,3,369
2025-05-12 03:41:07,f58a1e1018352d94ec2c547717a29357b2655ad359b11fba9c59badf5da1da75,896353,232759.0,219.0,0.000941,1,3,369
2025-05-12 03:41:07,7e43457063752d4042775aacc6299713aa199b988720b83f8f236f29cebe2e4c,896353,233308.0,219.0,0.000939,1,3,369
2025-05-12 03:41:07,9f747a056a875b8f65454ac1df9d85a476cb1510ed5ed27b9b848896037718de,896353,233857.0,219.0,0.000936,1,3,369
2025-05-12 03:41:07,563db11264638744e37d8389be90e28bdda921d778333e4dbec5072b4b3c6a28,896353,234406.0,219.0,0.000934,1,3,369
2025-05-12 03:41:07,680d2cb8e01469859ac4d9c8fc0f6da9f20b4148fab0354cd57fc9c4374425cc,896353,234955.0,219.0,0.000932,1,3,369
2025-05-12 03:41:07,aa50cb8336bb18f84ff277f85408638628a0c52bb5073447e1b93ce8410d3f50,896353,235504.0,219.0,0.00093,1,3,369
2025-05-12 03:41:07,ccdce93e5bf69508fa25cffdb269e5b492dc3a946d113b10b655d8e05f1e3bce,896353,236053.0,219.0,0.000928,1,3,369
2025-05-12 03:41:07,a83e94566998be603a150d0cf125dc3f77273faa69cfc9b1ca015eec1c5de46c,896353,236602.0,219.0,0.000926,1,3,369
2025-05-12 03:41:07,3e7d617d53e7527d608a9158192b624e4cf0dc547019ac5ca707972dd944eed3,896353,237151.0,219.0,0.000923,1,3,369
2025-05-12 03:41:07,85778ce104f652f0543742beefbc4932a12b527eb53344a34f39db5cef586768,896353,237700.0,219.0,0.000921,1,3,369
2025-05-12 03:41:07,96e916f6b8668f13882438489b7e71975971f851ed25b0445e1e068752629079,896353,237919.0,125.0,0.000525,1,1,204
2025-05-12 03:41:07,8ae2dc2a22428651b26fa2a5cd2060049789b12c22af53ec1bee325c6c1dd37b,896353,81966.0,263.0,0.003209,1,4,388
2025-05-12 03:41:07,ebe6d67660a58fea17bbf7c24bab7b44c0ce871dd67ea0bd92546599eb33f399,896353,82559.0,219.0,0.002653,1,3,369
2025-05-12 03:41:07,d4c3596448daed958991e6deb2e0206a4dc8d683633d30ef63975b0146de9ff3,896353,83108.0,219.0,0.002635,1,3,369
2025-05-12 03:41:07,0ab3ee487aca6024b479c5dd2347025f3f0ac679b841f679dcdc15d5505378f0,896353,83657.0,219.0,0.002618,1,3,369
2025-05-12 03:41:07,67cd4099dbd1197abfff33468284dba51b6caece4792585d30a96546859f0ba9,896353,84206.0,219.0,0.002601,1,3,369
2025-05-12 03:41:07,2a726708ca7b1898e57d32d967685c43a255fc609503f4ea3e0c533653fd2f10,896353,84755.0,219.0,0.002584,1,3,369
2025-05-12 03:41:07,687d293e26f940154389276dda7983b1a0edbb0652a8c69ebf97c21917bb2b13,896353,85304.0,219.0,0.002567,1,3,369
2025-05-12 03:41:07,64e80e87454479befcb1b8316401db42c0c0cb077778143fca5c95da7866d4d4,896353,85853.0,219.0,0.002551,1,3,369
2025-05-12 03:41:07,c8e5a31a514eb989e76c512ec30c63cb61fc2faf9d7f28ba133ff6047abfa905,896353,86402.0,219.0,0.002535,1,3,369
2025-05-12 03:41:07,e698f8fff4fd13b4c43af9597cf322e6c7077e202641745a8484ed9f5d192e1f,896353,86951.0,219.0,0.002519,1,3,369
2025-05-12 03:41:07,47c84ea88aafde180aea6631ab0549f916eb43d584bee6f71e8df14b95d83b21,896353,87500.0,219.0,0.002503,1,3,369
2025-05-12 03:41:07,3e044a92063a7bcd08fb18d6faeeb7bef182be516c2b2c3ee64f4f8670f361bb,896353,88049.0,219.0,0.002487,1,3,369
2025-05-12 03:41:07,014d98fcafbab2a2b531f4c504df7b668b14f175c4ecc36368e89969a1665a3e,896353,88598.0,219.0,0.002472,1,3,369
2025-05-12 03:41:07,bd77ac235f0c584a34e62b2bc74945525e7447438873b649e70c313048136d0f,896353,89147.0,219.0,0.002457,1,3,369
2025-05-12 03:41:07,80c5d0bc80405c32796a39b0c292722ae1f9976e78b6b720716ec0cb014b38c6,896353,89696.0,219.0,0.002442,1,3,369
2025-05-12 03:41:07,c2e8f6bc3db71683992dbf74cf2bc0d49386aa2d242ca604878c8beed0652952,896353,90245.0,219.0,0.002427,1,3,369
2025-05-12 03:41:07,616ba9cbc7ce613ef04f43fe51ed4254271ff170082779e438985d2fea0dd314,896353,90794.0,219.0,0.002412,1,3,369
2025-05-12 03:41:07,e458e79418a790691105357149bac963cc8a95eb1fe305f885bb6bf8a8906592,896353,91343.0,219.0,0.002398,1,3,369
2025-05-12 03:41:07,f50a214d0efd053b83a4e79fac2d7a46648d3bdcf8cb74f5246b2ccd385d504b,896353,91892.0,219.0,0.002383,1,3,369
2025-05-12 03:41:07,a7ab40296466ae9e18d6680416c540402e9910f0bf331124fc3681a47a975fa3,896353,92441.0,219.0,0.002369,1,3,369
2025-05-12 03:41:07,aba1eb61bf685316f408d8a93b56eaea1a14a7b44569dfdd0e5d45612f8c16b8,896353,92990.0,219.0,0.002355,1,3,369
2025-05-12 03:41:07,33575f87c0952dab75e8146ba2f5bf1380836f90f1c5cc42190df1d2914cfff9,896353,93539.0,219.0,0.002341,1,3,369
2025-05-12 03:41:07,a937c3a2f503e384e49f1d0e3264dd8c54ae4b89d3990ef8052bc585c58e4dea,896353,94088.0,219.0,0.002328,1,3,369
2025-05-12 03:41:07,15d947e6263c4eec5f9f2c01851e38dde54b30e9d10b0893915d0e865d150f06,896353,94637.0,219.0,0.002314,1,3,369
2025-05-12 03:41:07,febea47060d9a13beff0a22ca382e31e7d00d385e520254190b0fd8ee92baaf5,896353,94856.0,125.0,0.001318,1,1,204
2025-05-12 03:41:07,47ad1dc29e30197979c1749c7bef94baddbe0e94ed568a41026252bceb49fa6d,896353,48910.0,263.0,0.005377,1,4,388
2025-05-12 03:41:07,90992546626be6d9201ccc57a0b80e4172d392b43778e3e415bea263634e865c,896353,49503.0,219.0,0.004424,1,3,369
2025-05-12 03:41:07,af748cdcfc1ed901a1198e611d5c720ded69b899ec6eacc45f496487d72f9a48,896353,50052.0,219.0,0.004375,1,3,369
2025-05-12 03:41:07,74ea528e327255231fa0b73fad6787506d2c18eb27d0876a229e1e1d9c8462ae,896353,50601.0,219.0,0.004328,1,3,369
2025-05-12 03:41:07,1d2d21d7fbfb1a48159f7d2f5bcc737721f5d3e53042aece7c4ab0fe100e610a,896353,51150.0,219.0,0.004282,1,3,369
2025-05-12 03:41:07,fa41738e054e080665e6156e418b87a30e2e25f43e52b46b38fe555a72c2417c,896353,51699.0,219.0,0.004236,1,3,369
2025-05-12 03:41:07,57c86417f92a9194fbd3353451563e1d8bbf6d5861808f0284c61b75a30fb605,896353,52248.0,219.0,0.004192,1,3,369
2025-05-11 22:58:45,1f5659e1368f6544f770290d394888e2888d47689f067eadf44a425b0a398551,896321,5550.0,459.0,0.082703,1,2,234
2025-05-11 22:58:45,978cd93277489a6f6a92d418e9c03afa52e16d230b5cd17f43b8e4be73851c51,896321,29110.0,432.0,0.01484,1,2,226
2025-05-11 22:58:45,ea9e82cc8c79c4cea2ee6c57df2b590dd24ad93640aebe342694a23cd2f77350,896321,198446.0,627.0,0.00316,2,2,372
2025-05-11 22:58:45,3396534aa8e28fc8b8eb00e2784fc68b7886d4ab5d44415894dc2883390ff24f,896321,2235404.0,423.0,0.000189,1,2,222
2025-05-11 22:58:45,1ee807577124824dbbd4be758936dad3261cd81db2089ae01012eda65009784f,896321,67395.0,630.0,0.009348,2,2,372
2025-05-11 22:58:45,c4a213b031bea70d37607694deca3a280ef54d70f6953382c01f41902a5b5a4d,896321,122390.0,330.0,0.002696,1,1,191
2025-05-11 22:58:45,4ce4e0b320bdb23aafa4c0c87cfe67052fc6bb9fb070f03fe651fc317208b84c,896321,7097.0,543.0,0.076511,2,1,343
2025-05-11 22:58:45,c6d6d78535ba31e28a6cc43816ef154f577a530016072e4eed621bbabc16c24b,896321,74614.0,627.0,0.008403,2,2,371
2025-05-11 22:58:45,b8d313958a777951c5b9dd831d980b7d72296d630b96cbac0963742473101f4b,896321,70557.0,339.0,0.004805,1,1,194
2025-05-11 22:58:45,f73187b77235bd80a67e8a5d9199453371963e5060e783364abf898de54fea4a,896321,32670.0,330.0,0.010101,1,1,192
2025-05-11 22:58:45,8f1bb984eecf5f256068ee5a812fb9ae483f04fdc15c046349baf3d74d30694a,896321,275998525.0,627.0,2e-06,2,2,372
2025-05-11 22:58:45,94d3d7bfeabf21fa5a97b7b17faa2209fda94df95c13306630e7de5dfa9b384a,896321,2373613.0,432.0,0.000182,1,2,225
2025-05-11 22:58:45,2a0e2f2c1c267ec532e93beddc941f8ab406bb1d12ce446820c258c9d5e7f949,896321,465541.0,423.0,0.000909,1,2,223
2025-05-11 22:58:45,d70505d375260a059b25f2ad1b01132b82f99d202979da6f55e9f5b4cfa72049,896321,10519469.0,537.0,5.1e-05,2,1,341
2025-05-11 22:58:45,053e10f14a80508e1450b6ca280ea29a3c0ded242392d8eb71ea222918eb1a49,896321,425573.0,432.0,0.001015,1,2,226
2025-05-11 22:58:45,e4f6b3bda71fdb9f57e8907627fc714b8b06ef79e54d8f2e60b8aabd91b4c148,896321,193852.0,459.0,0.002368,1,2,235
2025-05-11 22:58:45,3f1ab26d75d8a30f03f2eb17eba821ffd67768d7501b36b9cc6c5dcbc91cb048,896321,368384.0,423.0,0.001148,1,2,222
2025-05-11 22:58:45,3419558d42036ddb0a9dd4031365ad849677f21861646ebf860ee16a21523648,896321,1998686.0,423.0,0.000212,1,2,223
2025-05-11 22:58:45,55cb9d676ae4dc0783390b7146eb5ea8099b4d5f324aa77d63f21bac2d357e47,896321,238633.0,423.0,0.001773,1,2,222
2025-05-11 22:58:45,e67342aa2a2ef111e5ec4c0d3b1ab0283fd1ec1326aa96101a59f8c357416d45,896321,284369.0,423.0,0.001488,1,2,223
2025-05-11 22:58:45,9450d7c2bbfe37a72ee813de75cd113e6e01c0b7d69c0ed410b8785e3361d044,896321,394449.0,432.0,0.001095,1,2,225
2025-05-11 22:58:45,c0a78b0ad99fbc9c60acdc99c2a00aedb65810e93d949a40f292105b63e40644,896321,272527.0,432.0,0.001585,1,2,226
2025-05-11 22:58:45,0f2ed05741d6580e73f4b297e674276549fc550e1dc472beb8dadbbb77db8d42,896321,65029.0,339.0,0.005213,1,1,195
2025-05-11 22:58:45,7d2d223195f49fcf5ca872477e97453ca926b77612416ede3514fecbcd84be41,896321,178631.0,426.0,0.002385,1,2,224
2025-05-11 22:58:45,4175d30d724ea0121aa160dde9b39926d01b6312a73ac9d18f591720c623a140,896321,330.0,459.0,1.390909,1,1,330
2025-05-11 22:58:45,935fa445c8500aa5a986ee5490b0b974089cb46e072e18605b67f37f5fb8e53f,896321,99999574.0,426.0,4e-06,1,2,224
2025-05-11 22:58:45,67dbe6a117af5cdeed4eb5091b2df8ab90327151bfd66c643bf3bd97d327973f,896321,133670.0,330.0,0.002469,1,1,191
2025-05-11 22:58:45,3983a96061918e7efd16c66af62b93c02e3a4fcb02040f3c965d417a71c3543e,896321,370141.0,333.0,0.0009,1,1,192
2025-05-11 22:58:45,044e79c01dff70bd4f3211919463f00030f7cc4f5ed17c49cbd9acb3ae22173e,896321,219715.0,768.0,0.003495,2,2,418
2025-05-11 22:58:45,937f0d4eb46eb57f7c8365f9bb4763b46095816c795b60119fe868517bebd03c,896321,6731040767.0,942.0,0.0,1,6,505
2025-05-11 22:58:45,91f48846bd37e88b723c9e80b3b05d2ee26e5b83cd7ecab5574bce03b4a64d3c,896321,640541.0,459.0,0.000717,1,2,235
2025-05-11 22:58:45,62c862760c61203110391ec1d4723fc7db8728cd98c75a35791297dabc3ceb3b,896321,136922.0,426.0,0.003111,1,2,223
2025-05-11 22:58:45,0855c947b55ff6734c8edb786762c4870d0a2cf6fa6bf599c2a3c2aaf6d6dc3b,896321,1139374.0,495.0,0.000434,1,2,247
2025-05-11 22:58:45,4077ade3f8c7d21ba7094050bf747afff5c0f3b9c5677175a906dcef3aa0cb3b,896321,215525.0,330.0,0.001531,1,1,192
2025-05-11 22:58:45,7a3d8f65c473edcf646caebf3a29a08ab9f2b94d0b19af67f904b0e9bc8ba43b,896321,7082618183.0,1143.0,0.0,1,8,573
2025-05-11 22:58:45,e0197eac4f5d6c1777b7ed7d0dcd6a1864e53e45cbd0f47e7e7b055696a9513b,896321,825241.0,339.0,0.000411,1,1,195
2025-05-11 22:58:45,24640e2d6d4c3c706d89415961869b64b8b6581d69e1cce04ab19bd35e75e13a,896321,43142.0,339.0,0.007858,1,1,194
2025-05-11 22:58:45,51d92caf130dad813090955ee21bbed1c28cb1b083f7013feaf0cefe9e24be39,896321,1407604.0,426.0,0.000303,1,2,193
2025-05-11 22:58:45,ef5dd0e31e2f6e6a86323c8009233acc96bc041de6327391ff2b47cd1e3f5339,896321,617436.0,426.0,0.00069,1,2,224
2025-05-11 22:58:45,1b3fb1b4334635ae0afc520c7717336cc2b83177818e1bf1b76940819b1f2139,896321,946229.0,423.0,0.000447,1,2,222
2025-05-11 22:58:45,7226ee229d7904cbe3a9aa90f98ea66d27b5b90023a2014f59ded3388d60b337,896321,185615.0,423.0,0.002279,1,2,222
2025-05-11 22:58:45,82718e9d3b5446a252deff1089680756499d94ed28492fba0e490608d47e9b37,896321,119577.0,423.0,0.003537,1,2,223
2025-05-11 22:58:45,6f35d24136b17aa3035da649e4d5ef486b11171a6b6a0d77e62bfdc8eba48337,896321,1085848.0,627.0,0.000577,2,2,372
2025-05-11 22:58:45,60dc02423c98bcba3cac685d3748babc641bcc612706bbba608d965682042337,896321,179198.0,402.0,0.002243,1,1,216
2025-05-11 22:58:45,45361662b40512255f2b53b48acac497e60bf4d25416d636fb98d0519e554336,896321,1112285.0,591.0,0.000531,1,3,248
2025-05-11 22:58:45,c684216d22f1fdd95cff941f8a660752e4e2b4b7a9e6845a9d55f06b21852f36,896321,473983.0,495.0,0.001044,1,2,246
2025-05-11 22:58:45,9b44e9d29a6466d01b0a0e6db423db46e2cdef0bab2d40713bcdd9d5f6eab035,896321,8640.0,432.0,0.05,1,2,225
2025-05-11 22:58:45,19b59abef2f2e07361a024d618963bf39668d3478ed57306a3bfac99600ff934,896321,15347.0,432.0,0.028149,1,2,225
2025-05-11 22:58:45,52f254f3b5145be6f89ae93a756527bc1eb50b775ca3e904ceaa7d5667e3db34,896321,65807.0,423.0,0.006428,1,2,223
2025-05-11 22:58:45,aad2437bdf623e198c66fc869799b5c27119970b7586bdc621509c9d03084034,896321,7834.0,366.0,0.046719,1,1,204
2025-05-11 22:58:45,f7335f4c361f9d6e4b41532fd2ed6bce30f1051fc67b94f9fb72d7f34c0cf933,896321,3790799.0,426.0,0.000112,1,2,223
2025-05-11 22:58:45,a6e5b17b959c1138dc769eb447ca0b14c2b86945063039447fc18eabe0ba4633,896321,916287.0,495.0,0.00054,1,2,247
2025-05-11 22:58:45,220fe0c11f1f4b26d4e8b4a4fb239c68ac891d542dbe2e0f88ffd9119f974932,896321,1947810.0,432.0,0.000222,1,2,226
2025-05-11 22:58:45,73114b61c079a104f0144f6033f8dbc7340af9cf6c46d9729d2adc219ba9aa31,896321,4013295.0,948.0,0.000236,3,1,560
2025-05-11 22:58:45,173c5da437de25977e81330e4c1f4b62be70f75cd44402b50b69c0ce7ca06b31,896321,1480558.0,426.0,0.000288,1,2,223
2025-05-11 22:58:45,502eee0c1ab27bf2944e0fd7447671e4306263fc941d37867d4a8b7a9d986331,896321,58679.0,459.0,0.007822,1,2,235
2025-05-11 22:58:45,36496d63158cf7ca70528cbbd41e85bab8e49514e63852ed6f7f16ec643f9afb,896321,62138.0,459.0,0.007387,1,2,234
2025-05-11 22:58:45,858c3cf2789d3c0dc0ff9c1a4ca2369cc56859387be1c2af2db832eb5bc35130,896321,58510.0,504.0,0.008614,1,2,250
2025-05-11 22:58:45,e0709bc7a1417521fcfcf314aea323f217903aa8f910a00ef78525e5764d2730,896321,41289.0,333.0,0.008065,1,1,193
2025-05-11 22:58:45,6922927a11cee28acc0376679e99c6b6c7390a1c54869c1e64d8313076632630,896321,46064.0,423.0,0.009183,1,2,223
2025-05-11 22:58:45,9801bad2fb5517064ace61f6a923f5b1a2feba1f69d613c50731b8f79903e42f,896321,62237.0,339.0,0.005447,1,1,195
2025-05-11 22:58:45,bd5f224afa87aeda75a85728db424b71681869225ff0ef09577f6ec89fb3c62f,896321,58476.0,426.0,0.007285,1,2,224
2025-05-11 22:58:45,5fdc6812ca1d765a87e27d56c7e6985d2a9665fc2e0fb98911665e767a27882f,896321,115661.0,339.0,0.002931,1,1,195
2025-05-11 22:58:45,95cfa969b86ce0c0b9a5ae7f7166d577909aa9fd4c3820a6ff8666e2f729ea2e,896321,603412.0,333.0,0.000552,1,1,192
2025-05-11 22:58:45,7209919208c0e5dbfefa60e961f00f93af2cb8fdbe107c2b802fe0f0edb94c2e,896321,985117.0,636.0,0.000646,2,2,375
2025-05-11 22:58:45,aab199991750471eb7966e5f0df9bc1dadcb1317942a17646b17b5e568613b2e,896321,138804.0,432.0,0.003112,1,2,225
2025-05-11 22:58:45,d102f3268184a044bee361e5d61dc663eb1772681dac71e6521be45485c2662d,896321,486154.0,423.0,0.00087,1,2,223
2025-05-11 22:58:45,10cdbbbff982e0cb3d56df95eb5551f834b1b2e3096e90157868bf57f126182d,896321,63251.0,534.0,0.008443,2,1,340
2025-05-11 22:58:45,63c7aeb41c95a9751e6528756f0ac9455c30e12faf364b674bf14d18abf8142d,896321,396932.0,426.0,0.001073,1,2,193
2025-05-11 22:58:45,53316efcaed70bcb50e55b76b9a9504929abdfed3a0c5276746370e9804f082c,896321,70472.0,423.0,0.006002,1,2,223
2025-05-11 22:58:45,e50416c38379c5c70db0eff8479ed15d2be578a0eceb4d5a059a8d625038732b,896321,1163543.0,423.0,0.000364,1,2,222
2025-05-11 22:58:45,e66ea7b9fb96bb91bc193b28a2b84369c1baeeb059fe3f9e582d50edbd23152b,896321,1199373.0,423.0,0.000353,1,2,223
2025-05-11 22:58:45,3a98047aaae0328bacba7533c25f7afb6fe4575aadea7cf2862c627756b2fd2a,896321,330.0,459.0,1.390909,1,1,330
2025-05-11 22:58:45,e7084ed2f24aaf6b1d13aaef3435063be7ca943e9d1223774a91e0e358ac4297,896321,1123009.0,591.0,0.000526,1,3,248
2025-05-11 22:58:45,bbba084440ab145fa40cd8c36f0e5fab3a6d779464ae4a794f8a5a205990702a,896321,1196154.0,423.0,0.000354,1,2,222
2025-05-11 22:58:45,38406a93f9233e02548784ff7653d52705d639c1ed6c8f82ef4248e846efd129,896321,125721.0,423.0,0.003365,1,2,222
2025-05-11 22:58:45,4157b79ae6cde3dba10ca732ea40e00d5604d13f24cb6f16f57a15526e998329,896321,14411413.0,423.0,2.9e-05,1,2,222
2025-05-11 22:58:45,ee80c6819ccbc6b434eaff6345516a13c1ecc63aa199d44417878d2e151a2d29,896321,833982.0,423.0,0.000507,1,2,222
2025-05-11 22:58:45,8bd87a7e9f0229519c77cf646678db217f5b937ee9ecd720421dc9d0349ab927,896321,231176.0,432.0,0.001869,1,2,225
2025-05-11 22:58:45,2d3cf419d1cb0940ecf24b28c6f2a72ce15621d544b8bc34e13a356104c08927,896321,97043.0,423.0,0.004359,1,2,222
2025-05-11 22:58:45,6befc98ffe743ba61a9c3985c19e2a68b3850d13f38ba28e487bfbc6e35f6427,896321,293664369.0,423.0,1e-06,1,2,222
2025-05-11 22:58:45,c5f4af58838dde238d989132babd182a5ef0a42f10de23e19a808e0283261927,896321,27379590.0,516.0,1.9e-05,1,3,254
2025-05-11 22:58:45,b8d6e9f81e2cdc63cac966d2c3e12fd287e9716518a367959f68473a45a1a226,896321,76668.0,627.0,0.008178,2,2,371
2025-05-11 22:58:45,1c95c16be862346dc45374ed05b3c1c0774af395b9ffd10242d34dea4055e525,896321,100623.0,432.0,0.004293,1,2,225
2025-05-11 22:58:45,0f19562bf556fa1b50a4311e28d881d3e822c8d8e35a366258c788bf496cc625,896321,69919.0,627.0,0.008968,2,2,372
2025-05-11 22:58:45,c5e531692e3c7a91e9b35bc13fb1fd65da6396782c84840687a74479e446c125,896321,166733.0,339.0,0.002033,1,1,195
2025-05-11 22:58:45,5233f559590bd9e7284347a3b5dcd3b4087d8bf6c176e9a89dcde06b07042b25,896321,930042.0,426.0,0.000458,1,2,223
2025-05-11 22:58:45,071f3dcd173a60980d0fb2003aa2a1813614ed871700f2a4ffab0659b1162625,896321,36072.0,426.0,0.01181,1,2,193
2025-05-11 22:58:45,20cd5e6f079af2454b461639b1241b8340e62baee71320bef2a4ea650cb40d25,896321,2248375.0,423.0,0.000188,1,2,223
2025-05-11 22:58:45,04b7dd61f2863329df77bb72ed872f69e6f1c7e405b128f9a85d9f8658ac0124,896321,95527.0,339.0,0.003549,1,1,194
2025-05-11 22:58:45,0b542fd46bd2a0176060f00b1207fa2933209a8efdc91ab956d4a9d3b0025123,896321,34958.0,423.0,0.0121,1,2,223
2025-05-11 22:58:45,2e01552d25eae3f6181bf528d746a2040c6fb773387afd90b69757f213f02d23,896321,1426030.0,426.0,0.000299,1,2,193
2025-05-11 22:58:45,e4009f6571adafa8263afdfe6a476b8669dc50304ff02a25d401128c2d3a4022,896321,571483.0,423.0,0.00074,1,2,223
2025-05-11 22:58:45,37632aaaf79f94c421d6dbf4337de70613b13ee16b435775285c73e4fcd82522,896321,1519914.0,516.0,0.000339,1,3,253
2025-05-11 22:58:45,ce842d468be52983452c564a90f683e73c80839468b24aeb461bf95cbf6f3c20,896321,141166.0,432.0,0.00306,1,2,225
2025-05-11 22:58:45,d8ac5d89b30d93dbb3f091da9a4d653726fbb6feb1b602d59e5a36a4b3f8c11f,896321,551342.0,432.0,0.000784,1,2,225
2025-05-11 22:58:45,b7d89d6644a7876205d71339713479008ed621984ed0dce26e139c426f96791f,896321,735384.0,423.0,0.000575,1,2,223
2025-05-11 22:58:45,0864ae6054798862c474ef62ceb831118ac4ab1a423df09e8dfc9ccd821e661f,896321,13589.0,630.0,0.046361,2,2,372
2025-05-11 22:58:45,32e04551a8dc96cbaa9d0a8c622de748c24f3b4bd257656e8bddc4ad8ead031f,896321,3745.0,330.0,0.088117,1,1,192
2025-05-11 22:58:45,53517ba8895046aa3eb8e319ffaddb65b897025e4726c460beefda014bd89e1e,896321,46181059.0,504.0,1.1e-05,1,2,297
2025-05-17 17:52:33,0635413237a43cc460153840b5c1014fb0632b59d6121a0d715fd0db25c8c5b6,897134,1390856.0,6264.0,0.004504,15,2,2294
2025-05-17 17:52:33,a99821bfb71e208368715d885452d039b82de4f360b06ec03b4be685b27997b6,897134,753579095.0,568.0,1e-06,1,2,224
2025-05-17 17:52:33,aa8f8a49cb37dc1a08ab877bebd336dda1ee4eae3f1ac24989bbea7fe6a86bb6,897134,95729.0,568.0,0.005933,1,2,224
2025-05-17 17:52:33,06f947706a9fbdfb9ae4399354df914231b0daef79eb5c3f705a407aa1cb27b6,897134,293908.0,896.0,0.003049,1,2,224
2025-05-17 17:52:33,fb782ae392b984ae1afddcdf8d7e46b6c8ce3e670dc139372b543115b9cfefb5,897134,104625.0,848.0,0.008105,2,2,374
2025-05-17 17:52:33,bce1b9bae2c6a2051b4227e2ab71233198fda6fa91b4febf75e40f232e6af0b3,897134,14579.0,396.0,0.027162,1,1,150
2025-05-17 17:52:33,3780b63df69dbf9e1c2e235f3b3b541a2996bc00dad7d99fa8942763dfafd1b2,897134,1209612.0,576.0,0.000476,1,2,225
2025-05-17 17:52:33,3033377a85ae211dfee53f47dca04f8bc2c14b7c53b20fdfef4f29f3ae5f3ab2,897134,53358.0,452.0,0.008471,1,1,195
2025-05-17 17:52:33,18766ee0c92bd9313329ab906ab2f7399fa15557f201034764ce3c554c3beeb0,897134,1000.0,452.0,0.452,1,1,195
2025-05-17 17:52:33,736b51cc914a94d840c35a5eaa0016e25587edb0fdd2b7ce94145a7805511cb0,897134,18060.0,940.0,0.052049,1,2,235
2025-05-17 17:52:33,f763efd462af561be44b60e30f48bbf1ce2585c864e045e6a84806b9b1e870af,897134,466821.0,576.0,0.001234,1,2,225
2025-05-17 17:52:33,6a6f83dc6ead188db982fadb580a6945f517903c72f5993a8cb068de9ea76faf,897134,42231.0,452.0,0.010703,1,1,195
2025-05-17 17:52:33,0d9c1d53a9485614c199b39dbb28dceebb57a6e658f6d1f30e03d0ef70be56ad,897134,68372284.0,564.0,8e-06,1,2,222
2025-05-17 17:52:33,5fb31a002ec35ef1aa00b6fd56fdfd82e25771f9ec3b85b4cc6a8d5d558e10ad,897134,460505.0,564.0,0.001225,1,2,223
2025-05-17 17:52:33,49ded7da6b75c63e3802baeefa8b8861db8c194fb72c75e818a471f38ff805ad,897134,179891.0,832.0,0.004625,2,2,370
2025-05-17 17:52:33,51bc7034d5b819c9e068ff1a7513390c78661dea5ace3ba165a5e8ed37aa3eab,897134,406560.0,840.0,0.002066,2,2,372
2025-05-17 17:52:33,4e70ca2a3897c178058e05d017f0ee8355332d19cd677de86ea4358b32d531ab,897134,194498.0,568.0,0.00292,1,2,193
2025-05-17 17:52:33,55d6e97ef06d661cc30a7c9862109a3c10eb0e24d28fc02706522902bad5b1aa,897134,22942245.0,660.0,2.9e-05,1,2,246
2025-05-17 17:52:33,60a7b414e252f06d25df246c27c45e6022b567ae1cc8130c37ecf279508d96aa,897134,118464.0,892.0,0.00753,1,2,223
2025-05-17 17:52:33,6916ec3e2fd33eda48302cad7ae7a6e9c68ba4a2e36b846414d95cfc9c4058a8,897134,691987.0,940.0,0.001358,1,5,316
2025-05-17 17:52:33,fb774bc65b960e19f5479f928f0842c54148435a9dfdf79e0ad6a6c715cc2aa8,897134,1077792.0,564.0,0.000523,1,2,222
2025-05-17 17:52:33,b2f6c0603053c81b76f78a815d863fd64a001e2a683b942864c7f6db251c0ea8,897134,18384.0,396.0,0.02154,1,1,150
2025-05-17 17:52:33,1951e8f183f67fa70d658abbf1dd1331167a935125650271440471b9ace883a6,897134,12895.0,452.0,0.035052,1,1,194
2025-05-17 17:52:33,53ad87a5f3183ab897c5056e425d71742a31cc2ad6ef899ba1c2c765949f6ea5,897134,746219.0,568.0,0.000761,1,2,223
2025-05-17 17:52:33,f7a1ca95dbc144202e26f2c5df4022d21e960063e8a17a35513330fe291965a5,897134,406942.0,440.0,0.001081,1,1,191
2025-05-17 17:52:33,b9afa4d75935846d6694806f3da2a2e8da5c52403ed74bc261f580eda06505a5,897134,347255.0,896.0,0.00258,1,2,224
2025-05-17 17:52:33,8f8b992e8090462acd0f956c689b2d116d027f65e0920a8dde0455deeeb302a5,897134,134835.0,568.0,0.004213,1,2,223
2025-05-17 17:52:33,d05defc6d8ea3e302f3243c386e762a2544c7274c8d4fd95e403d4e84d4cdfa4,897134,999512.0,488.0,0.000488,1,1,203
2025-05-17 17:52:33,ebe0496ff0623f389ff76fbace1626667dbad8e8a7c3f134170ad366da579fa3,897134,66551.0,440.0,0.006611,1,1,192
2025-05-17 17:52:33,7382e1e680cf5c84cf4a82130bfade096cf04b8a53759643a89eeb34458b43a3,897134,217283.0,1112.0,0.005118,3,2,520
2025-05-17 17:52:33,29ca8135b4de06e926ceb485c3666f03b42c07f36c4d8a5b26e69869af7c8da2,897134,226860.0,564.0,0.002486,1,2,222
2025-05-17 17:52:33,3a334ea0a90b9926c5996ba1b8f04789d65e20d7eee2dd270651d100fe9986a2,897134,96181.0,440.0,0.004575,1,1,191
2025-05-17 17:52:33,131880d12a6cd7a3e203aaae19a0ace6b64f60f651b3e38a78604130beee85a2,897134,99346.0,892.0,0.008979,1,2,223
2025-05-17 17:52:33,bdae195233c09e3cbc40eec1fda65d99d400845c8dac096148e169caff4efaa1,897134,414860.0,872.0,0.002102,1,2,387
2025-05-17 17:52:33,e9a8b62d925e7c77508bd3eef1979f33443cd49927fda6b4693c16360aaa69a1,897134,91684.0,564.0,0.006152,1,2,222
2025-05-17 17:52:33,7fc7e4f996f76b183b0e515274f4d313f599451556f7b279d2a1075d93e1d4a0,897134,34584.0,440.0,0.012723,1,1,192
2025-05-17 17:52:33,1f95fbd05105a65dd5ccc09612d873cede1d3c4f115254e47c38037b8cfb96a0,897134,2680231.0,564.0,0.00021,1,2,222
2025-05-17 17:52:33,3c3c4ef96071120bb38540a3a7576fbdbe0a7dcb22aab0bbfc6175028f5b4ca0,897134,136081.0,564.0,0.004145,1,2,223
2025-05-17 17:52:33,73971c395c4179f219b62440ca847ece8b8d64cf2cc64bacbcaee7d5aa89fe9f,897134,70436.0,564.0,0.008007,1,2,222
2025-05-17 17:52:33,46ed7f3d1d426ad7ae492dd817e3623427bc0dbb2a6a192c01cbea954d2a509f,897134,122187.0,564.0,0.004616,1,2,223
2025-05-17 17:52:33,768030159a47f7830b7364c9f70db10d2914634813bb7c637daa01094a31f19e,897134,88616434.0,612.0,7e-06,1,2,234
2025-05-17 17:52:33,a7e0b5e69cbc12f86ba97074c13c7c0606fda685313deca1d5562da4c3b25a9e,897134,18976.0,568.0,0.029933,1,1,319
2025-05-17 17:52:33,a61330505d1f4a2efe4e820e429822e3cf9c4e44f144cb36bb4c63dd90dbe69d,897134,4934670.0,1456.0,0.000295,3,4,607
2025-05-17 17:52:33,be0c06b594da92f1782f17400402d74ba4b0d2cb921670eae472b4c6b96a899d,897134,621616.0,564.0,0.000907,1,2,222
2025-05-17 17:52:33,13e52ba0eb4d7a0e2870a706a45a8d7b0fecfeb9699026529114c4fd5219df9c,897134,53038.0,724.0,0.013651,2,1,344
2025-05-17 17:52:33,331613e8fbec7881f08d134acb40b73fdb4a6941dfdec2e4e52f9fd19a789b9c,897134,107365.0,2460.0,0.022912,8,2,1258
2025-05-17 17:52:33,1cdd4d53d2ce71b8d6e233157a14f64ae5e13fb1d3bb1f90acfb6224f446689b,897134,720376.0,564.0,0.000783,1,2,222
2025-05-17 17:52:33,eda585d6890b24f290dc936b06261aabbd6aa2497a5704e592c5e6cddc8af99a,897134,1335.0,840.0,0.629213,1,2,463
2025-05-17 17:52:33,a39f62c0e2a4981ebb721f32e6afc5303f7c3f9935c5764329d39d76ff5b619a,897134,110000.0,2108.0,0.019164,2,2,300
2025-05-17 17:52:33,d7aa329f30ecaa75487459f3d69b569ad6a95caa69da9615cd4aca1316ba2fff,897134,4000000.0,254.0,6.3e-05,2,2,313
2025-05-17 17:52:33,a60f19f28891423ecbfeb325c83ff711ddaf3151deb1b821f1a7b30aae504c5f,897134,4454855.0,306.0,6.9e-05,2,3,355
2025-05-17 17:52:33,c1e007823520bd43014c5bc99dc866476e9cb3c6605416384e9c8416c5ff1d9a,897134,2095304.0,452.0,0.000216,1,1,194
2025-05-17 17:52:33,045c6a858124a997b4f8f921c74de7bd96b4f40058cb52ebbdbcfd02d478b599,897134,20275.0,564.0,0.027818,1,2,222
2025-05-17 17:52:33,c58cf814814bc34272448a2577abfd7b92d82a089c8f7157d09183d34735af99,897134,42813556.0,564.0,1.3e-05,1,2,222
2025-05-17 17:52:33,58b5b6ac70ebe4cd125ab8d9e9e3ae70609b97702038224567cf74552021b998,897134,461574.0,896.0,0.001941,1,2,224
2025-05-17 17:52:33,96c1f23ac08b3b54c094babca9f7cb161145c37ca2add8c9d4f9904d4c669f98,897134,2598722.0,572.0,0.00022,1,2,194
2025-05-17 17:52:33,71bba5a79b1e4e597032fe049ad874aeb5130a76c7824f646c897169de126698,897134,1855754.0,576.0,0.00031,1,2,226
2025-05-17 17:52:33,a8b81b68be4365ef9b4eda04ab8578a15225943bbac3fe3675242a0c343b2596,897134,910.0,1909.0,2.097802,2,2,300
2025-05-17 17:52:33,40f3a4e63499cecf020efeb575cb6a7904559d6eea9042bee3bf6123a2a37e89,897134,16521.0,240.0,0.014527,2,2,301
2025-05-17 17:52:33,282169c71674343fa305ef6b4b80d797328f9fe57169cd2a4e7ae472c7b13185,897134,119870.0,235.0,0.00196,1,3,277
2025-05-17 17:52:33,0fc05cd5a1c729858694021455653b1d7bb6cb48943db19bfe297934bd389494,897134,399369.0,564.0,0.001412,1,2,223
2025-05-17 17:52:33,5f8b0185e1f3a927ae7fa06e543012f34adac7427afbca3a3f31fe1ec7503494,897134,171387.0,564.0,0.003291,1,2,222
2025-05-17 17:52:33,16ebaee0e9f661c42ff80388efd70e5d0b336b339230b17e613f21718a8d0c93,897134,987370.0,444.0,0.00045,1,1,193
2025-05-17 17:52:33,4061cca66a81658bdababb1822031513f5c819676a07587bc8b0c0d1b352fe92,897134,504831.0,564.0,0.001117,1,2,223
2025-05-17 17:52:33,e86cffc205fa8ef3d9b79074ec81a18b61b549fbe92e02730ada40efd2195c92,897134,1649771.0,568.0,0.000344,1,2,193
2025-05-17 17:52:33,694ec800f73b1519b8b6ad2a9dfcf948f3ba45e6be18bba0ff8dcde2f78fac91,897134,2624102.0,1496.0,0.00057,2,2,374
2025-05-17 17:52:33,aaa3d5f7bcf73fba92c9296147adc6f8f44d669de3a38f7c6b8a631d82b53c91,897134,798611.0,984.0,0.001232,3,1,489
2025-05-17 17:52:33,60c804a9f2a055cc8f01e774c53c98a45167de8e4d8ddfc959a921f552899990,897134,605743.0,576.0,0.000951,1,2,226
2025-05-17 17:52:33,58c2de8f7b66d6316be0d7dcb20f640143bb6496c9839d3f4405158fa5e15790,897134,41226.0,564.0,0.013681,1,2,222
2025-05-17 17:52:33,41e575cfc8727a16e44202b0f2db1fc7d55145a378c8d61008880a1f0e04ee8f,897134,17708922.0,836.0,4.7e-05,1,4,290
2025-05-17 17:52:33,8e6c8f43ee71af51a21b2af32fe67ab6203b16c01025a95fe5904aabd92a9c8f,897134,134232.0,768.0,0.005721,1,1,192
2025-05-17 17:52:33,c1e36c78f615dd5607637ea77f4c20f588160fe02b38feed1f059703cac15d8f,897134,147161.0,452.0,0.003071,1,1,195
2025-05-17 17:52:33,83682a27f1d259e2cffe08a5b12fccc80581e6b0ee7eb7c28e2137e12beb3d8e,897134,23970537.0,660.0,2.8e-05,1,2,247
2025-05-17 17:52:33,15480a50ad16815dc757c325b230a01b781defc27b23e204980bfae0e4b7098e,897134,209321.0,444.0,0.002121,1,1,192
2025-05-17 17:52:33,03f887452902a1e31ea99331dc31e266f2b7daf2e4240e206a8434f8e62cba8d,897134,9194.0,564.0,0.061344,1,2,222
2025-05-17 17:52:33,c0f0f7f17cb1dc2f0f6de6d4e44051225fe4b48038a8c9b709efd576afd76a8d,897134,617196.0,904.0,0.001465,1,2,226
2025-05-17 17:52:33,8b3899afe4c2470d5536311a3d4f34d4be8b031eb5fd39cb458bf3f3925eec8c,897134,369183.0,564.0,0.001528,1,2,223
2025-05-17 17:52:33,fcea1e4378ca806c1d102cc03a3033c37deb9183e733de0fddccc890bd3ca68b,897134,3388144.0,564.0,0.000166,1,2,222
2025-05-17 17:52:33,d778f175449b09d80685e1e28b108a2300a64fd28b65743bb4ec13b6fd26308b,897134,264258.0,832.0,0.003148,2,2,370
2025-05-17 17:52:33,8f071a1bac390663e0864e20bad89ae38b6b100b8fc68e576cb1f547bcd4138b,897134,27077880.0,568.0,2.1e-05,1,2,193
2025-05-17 17:52:33,de3518a146cfcb18823ad02fc8627a2e07ccdaa98d0dcca3a7ef1c673cef8f8a,897134,253243.0,568.0,0.002243,1,2,223
2025-05-17 17:52:33,8656dd04e850b27cfee8b52992d3a10fbe46d5f8497ed5aa9baae037b334f1a0,897134,8488395959.0,1752.0,0.0,1,10,628
2025-05-17 17:52:33,2baef036bcebad1a35fcf483fc1b2d32b3a7de8891d7e846f94494a71ae29687,897134,8220347.0,564.0,6.9e-05,1,2,222
2025-05-17 17:52:33,531c19bb96419751002050cdf68e91923efb0b8689926cb536d9b3233d174387,897134,423389.0,612.0,0.001445,1,2,235
2025-05-17 17:52:33,82efe407f9195fdba341d94a014b1489ae08129b1b238e9c3a6a46da5fb43687,897134,130056.0,848.0,0.00652,2,2,374
2025-05-17 17:52:33,f9d6f7e17be431d3b92de3f6b144597f467fff30a0fb4fa465cb2e09827b8786,897134,10864.0,568.0,0.052283,1,2,224
2025-05-17 17:52:33,f47c9b72ce75e7c38ae9acc43c9d5409519b77e3c9797b15b55561fe106fb185,897134,55428.0,452.0,0.008155,1,1,194
2025-05-17 17:52:33,9afc6c61ae3d9cb91a519644c2a30de890d2979a9f3b9e2de49f279148f33b85,897134,73804.0,452.0,0.006124,1,1,194
2025-05-17 17:52:33,3b6ea7eaf536b6821f3c7419f146d374739accb58881574fc2d92a695ee5f183,897134,4614.0,564.0,0.122237,1,2,222
2025-05-17 17:52:33,95ace24b54ef1d226ee09144a949ca9dc7d9ce22f29d5ddebd43b927e6154a83,897134,145252.0,836.0,0.005756,2,2,371
2025-05-17 17:52:33,a6efd78c04b484e5516c05cb415d3ba97305c7121fd46eda89bf15989f3d4782,897134,83467.0,564.0,0.006757,1,2,222
2025-05-17 17:52:33,5bbcbc4d3611639814a29c3f59797b1ea32002e1a27e0345cfe7bb78cea70582,897134,22038130.0,568.0,2.6e-05,1,2,223
2025-05-17 17:52:33,9ec7c45defb19b3ebee81efe5e907a1c69310c82737f50b7c960e5622bcd6781,897134,662201.0,564.0,0.000852,1,2,222
2025-05-17 17:52:33,69ae0bb9ac9fdaa1c6bf7a4a3968cecfcec10a6b616b1182b3b0c7fb10b0c380,897134,47738.0,568.0,0.011898,1,2,224
2025-05-17 17:52:33,cac7b8b06dbc524cb9d27857fc9b4ecb0f28dbb72867a1518b07cb2d28f2bb80,897134,1940144.0,564.0,0.000291,1,2,223
2025-05-17 17:52:33,99d65e62d8826dd3c14ed7b25acf825fa56a9bf08801047d4409f5356a1a7380,897134,19996634.0,612.0,3.1e-05,1,2,235
2025-05-17 17:52:33,fbfb4a27ff307224186ac77f787596e90bb5800ac75f4032af0c7cd1cb176180,897134,1030261.0,960.0,0.000932,2,3,402
2025-05-17 17:52:33,97669d7cb95b3f83cf30dc2866d08ed00505647f3e82f039b0d5257444a63780,897134,2999436.0,564.0,0.000188,1,2,222
2025-05-17 17:52:33,e7a34ef31786c7895cd070e2aa70fab2728bf9bbbb94f841d55ecfe1bb2cbd7f,897134,12390.0,612.0,0.049395,1,2,235
2025-05-17 17:52:33,3b5e03948aeace6f837c1a8c06aa8934f0fa7c1aa4a3f255769018aa4637797e,897134,622469.0,1080.0,0.001735,2,4,432
2025-05-14 19:23:31,48b25ea3a7de8c53d02594340b3932e71f37ee6f51c77a6038bb57b439d81c24,896711,38345.0,436.0,0.01137,1,1,191
2025-05-14 19:23:31,85160877b055178f6dbc12aeec482b59548c24f6298a079d5a761a2e00856003,896711,105069.0,436.0,0.00415,1,1,192
2025-05-14 19:23:31,c8b93ee028343d6e23ac04a5fae386a24d97e8a9209eecc6461ccc300c344a64,896711,8358.0,880.0,0.105288,1,2,222
2025-05-14 19:23:31,29fd9b937db91f7c17a7067e4415201e6c09ff2f10a24da720552d401debe80e,896711,7830800.0,880.0,0.000112,1,2,222
2025-05-14 19:23:31,32719b6d0f1ac39dac8c8594a5c93aa05b5ea8e0a8a8b267414ea244a4c3d994,896711,339207.0,528.0,0.001557,1,1,215
2025-05-14 19:23:31,e66a4296dd720b92cf98b2bb267ae08db447031ea3800adb02d49e136155b9a2,896711,353898.0,564.0,0.001594,1,2,223
2025-05-14 19:23:31,d958c431c7e31acc5345fc1833c6de0f363d872b42f4ad2fc34e71257628153b,896711,499663620.0,564.0,1e-06,1,2,224
2025-05-14 19:23:31,696596725041f14cfe891f81a4b013708a70077428e360f9ee934aa8596a2fbf,896711,101820013.0,576.0,6e-06,1,1,226
2025-05-14 19:23:31,b9de7da30b6da1a1e4b4e7a9dda40a0404ac763ebdd1137cf24e0c6f438b3ca6,896711,486807.0,449.0,0.000922,1,1,195
2025-05-14 19:23:31,12dd97c5fbd91b56e0b2b99bbe642e2eb8c6ae82d15554fc49b6a3f03d4d3e9d,896711,576405.0,449.0,0.000779,1,1,195
2025-05-14 19:23:31,100d5a8232fb7bfab24689f0b0e77aea2e1eeb3df3da3bfde65e17e81bc9ae55,896711,82342.0,922.0,0.011197,2,2,394
2025-05-14 19:23:31,53d695374c4e3541a6d9d29927a30367c9e69e22fe8dd691e1b646755df914f8,896711,773853.0,561.0,0.000725,1,2,223
2025-05-14 19:23:31,3f5f00128d5de783d3b00c5419f2f74e173d367706d5fb394ccb9f65b5330d2b,896711,784073.0,830.0,0.001059,2,2,371
2025-05-14 19:23:31,0d80a1b38d53bfb6787888a56515434262c6b62a38c26eebcc46c3b94cd0d088,896711,950969.0,1252.0,0.001317,3,1,558
2025-05-14 19:23:31,9f109a4f98a5dc4502f3af224c650d9b687449049c55e35b3d530f6ca84bcebe,896711,1684066.0,1908.0,0.001133,6,2,966
2025-05-14 19:23:31,c37e52aaa291a11df3f0cfff6208d74178566ae359d52d258aefecc4221caa93,896711,159173.0,827.0,0.005196,2,2,370
2025-05-14 19:23:31,0dd1790f9334d7bd59017362af5b12e69e879b81f7c4863b7d2635936c8a8229,896711,249471.0,529.0,0.00212,1,1,214
2025-05-14 19:23:31,dd499ca6626572ec9f3c34497e86459569ee42d1c62e87b3939bd56973a065e2,896711,48672.0,708.0,0.014546,2,1,340
2025-05-14 19:23:31,d7af31734604c284d370260c14f6bbe984e62fb7e34c8d2c52fe81c099c8a3f1,896711,17307.0,533.0,0.030797,1,1,215
2025-05-14 19:23:31,035e2a541897a391c31d7eb91dc6b3f461483a7721b9ca2f796c5b14d1a96420,896711,450080.0,541.0,0.001202,1,1,217
2025-05-14 19:23:31,e888d3a6b61e8d7e3900bb64e64932752fa78d5ddb7956afb153f25479de684e,896711,43451.0,561.0,0.012911,1,2,222
2025-05-14 19:23:31,067637723ea524af6666cb8e725482a0be10789c3e603565f0ca0187bc3e8847,896711,3592869.0,561.0,0.000156,1,2,222
2025-05-14 19:23:31,6aa841a53b0098f795c68e4ce61553d39eebfde9984000999d094ff9f793a584,896711,379115.0,1134.0,0.002991,2,3,447
2025-05-14 19:23:31,9626e717f5cfa7ec772c379897ddaa3a2f1bbefd88128a7866a7469c2c32b7cb,896711,400521.0,573.0,0.001431,1,2,225
2025-05-14 19:23:31,4d52a4b6853b2e6fca1d128b92ab3c095025a548bacd728b911233727f6b7d17,896711,1982673.0,573.0,0.000289,1,2,226
2025-05-14 19:23:31,3fa4db1113c81439ebeca433a9cad25da4c0b18825766ce3402bea5bca7c93a0,896711,6144083.0,4616.0,0.000751,16,2,2451
2025-05-14 19:23:31,29a2e6f8a2b39fc0a804a28f65221230531a727cb9197b73df1c252b00391cee,896711,262562.0,438.0,0.001668,1,1,191
2025-05-14 19:23:31,bdd0d414aff2ff46cea298dbdfa7fdf074af5f4e8d9a526c7c5d56cc246acbd9,896711,96323.0,438.0,0.004547,1,1,191
2025-05-14 19:23:31,8aba80275fd56a96af3be0e8d4c727d5cfb77fa15435c71ab8fc699651b466e9,896711,46161.0,450.0,0.009748,1,1,195
2025-05-14 19:23:31,ba4d3247625a068f01bc066dccb10c3c97e1f2ed15feefc722eeea013af8b993,896711,78654.0,450.0,0.005721,1,1,195
2025-05-14 19:23:31,d7538f98ae69bf3240dc23d1f6ec2d05fb9a9f4039e73bab2f444ee6aff62e8e,896711,11497.0,450.0,0.039141,1,1,194
2025-05-14 19:23:31,12017bbe45166e4ded2b9641ab06bb11f524d2496c4db6e49025fe3179ff0788,896711,93949.0,450.0,0.00479,1,1,195
2025-05-14 19:23:31,6f6f9cb5a637279c8231135c0492d298b7c3e0c589a0a3f0bc45f865674d2a6c,896711,546.0,900.0,1.648352,1,2,416
2025-05-14 19:23:31,5485cb38b693b8845cb9f004ec400328fefce99ca2bbbb2f1ca620ff44162ef2,896711,81594.0,1116.0,0.013677,3,2,524
2025-05-14 19:23:31,75f1eb977b6da11db6436d1a5e0617f97c6a88b9687de27d7586bce7a4ff7997,896711,102512.0,562.0,0.005482,1,2,223
2025-05-14 19:23:31,053659fdd25bf8a0fa852fc2b223557fb3a016cf6aa7b06934117a126fb2f860,896711,9999434.0,566.0,5.7e-05,1,2,223
2025-05-14 19:23:31,98271e41b5fd00416b98e0053f26c2b9632412750edf0104d450f9aeb9c3b14f,896711,642581.0,566.0,0.000881,1,2,223
2025-05-14 19:23:31,ac7aa8b67149541554580ef26f3dda246d46aeb687f0c12588ea870109209447,896711,85006689.0,566.0,7e-06,1,2,223
2025-05-14 19:23:31,3ad1181e7e327284f3140e8042abdc557d4e07fa73c4239ee24d1d1c05b3d93a,896711,11548484.0,566.0,4.9e-05,1,2,224
2025-05-14 19:23:31,c689fcc7a7b1b3815ad2fc3e24a69d3442824b9a2ce770f352cf189e08667f2a,896711,19999388.0,566.0,2.8e-05,1,2,224
2025-05-14 19:23:31,3d106c7a2dfcd7ac7480711be91e9df652fe6fe170506a1b7b722507c91ce827,896711,18906434.0,566.0,3e-05,1,2,224
2025-05-14 19:23:31,7d5dd466748bda760a34a09846b9726d4aaa085353256377ca98fcd63da21067,896711,30000.0,2615.0,0.087167,9,1,1382
2025-05-14 19:23:31,82139e035ed60c6d370a1f63f41a9619cb2bd0720eea56df37b8ac4357bbb9e5,896711,37764121.0,670.0,1.8e-05,1,2,250
2025-05-14 19:23:31,7a8ce287d986936451440c788e8d998341d86b26eb6bef812b42d6e8ea96485d,896711,99988990.0,670.0,7e-06,1,2,250
2025-05-14 19:23:31,96d70c66aa7b187bb5f7f609ae565669de8cd15a2edc58ef69859b6731a8bb4e,896711,3266216.0,670.0,0.000205,1,2,249
2025-05-14 19:23:31,128d069413150acd161c92e105e80b555bf8e3dec7757ecfe3bc3f4fa29de9fb,896711,16375.0,706.0,0.043115,2,1,339
2025-05-14 19:23:31,18535a4022cb515e84b9b77439b843bd640b3c7c1e639bf33c149c1b18a3f490,896711,23803.0,714.0,0.029996,2,1,341
2025-05-14 19:23:31,7ad66be512f407a16e7fd025523d1a6d5752b6bd0d28e20c6fa380bb4f50bbe1,896711,142900.0,722.0,0.005052,2,1,344
2025-05-14 19:23:31,ef339d9ed29a65d37bd5c55b474c568d5dfddb7a3ccc98f2709816e9669219ff,896711,227257.0,564.0,0.002482,1,2,223
2025-05-14 19:23:31,3bdd66a561728f833e8fe4193138a2fb1f1e4c8083e3cc8e97d5ac192fd560fe,896711,5605.0,564.0,0.100624,1,2,223
2025-05-14 19:23:31,51fa08b26beb6568d0f4fd876b7cf4656c69939fb9cfaac4eb49d67bf77034fe,896711,259044.0,892.0,0.003443,1,2,223
2025-05-14 19:23:31,9b2d39428990c0a1c8d19c99ae4e8eb607559f87aedc5feafcd7089ac3cb1bfe,896711,71325.0,452.0,0.006337,1,1,194
2025-05-14 19:23:31,8d51b6cded491a85dacfb831b8793460e968ab1599ffd5ecf6305b7ecbb3a9fd,896711,5520.0,440.0,0.07971,1,1,192
2025-05-14 19:23:31,7bae49ed216283947e829d4b0195e2c32c21f337d7589736ef6ba1b857ee9bfc,896711,650000651.0,564.0,1e-06,1,2,222
2025-05-14 19:23:31,a28dfed569805b83b9fc6cef77e4b3390354b1c83dce0c2a81b4136b85465cfc,896711,479090.0,688.0,0.001436,1,3,253
2025-05-14 19:23:31,81e9cf17071f96470f68290f12ccdf83c4e2a0212f842aefde348cc8987220fc,896711,362445.0,564.0,0.001556,1,2,223
2025-05-14 19:23:31,b2d077ceafc65346f9e0166c974850a7a53c79019df9bd8263439ddcfb3758f9,896711,1676250.0,564.0,0.000336,1,2,222
2025-05-14 19:23:31,14c811cf03642dfb0d0c58ab69f04e1e25d4b2a702e7632cea19689767bc14f9,896711,3074886.0,564.0,0.000183,1,2,222
2025-05-14 19:23:31,b40d9600154b9a4cd1d8fe0b4528d2b44a8eb934ffe7a20448551b8d25d311f9,896711,99582.0,576.0,0.005784,1,2,225
2025-05-14 19:23:31,e35ba6e26e97e81c715a3fe844d349749788e4e102ae4ef40ee3f728277649f8,896711,368397.0,440.0,0.001194,1,1,192
2025-05-14 19:23:31,765ff0722491891dc0a5481eb5e931e1177b4224e3eba28d9680b36465e2fff7,896711,9999560.0,440.0,4.4e-05,1,1,191
2025-05-14 19:23:31,b7be2b3cc72b69a450164c1b19efcafe33583303e4a5aa90cf723856ab25c8f7,896711,32069.0,440.0,0.01372,1,1,191
2025-05-14 19:23:31,387324c821ceafd261cd48f93c4a07f92d082c46e684ffc5d0aecb0b04db9af7,896711,5322.0,440.0,0.082676,1,1,192
2025-05-14 19:23:31,5f179b20fad96d552a3ed53d08d51b5d59361519a6bbedd573f9c6307168d7f6,896711,4125516.0,1916.0,0.000464,6,2,962
2025-05-14 19:23:31,15f495dd2bced5c5b31793aae60f9aa3fb9e2e4c6bf2fe25bfe38db8272a4cf6,896711,14554275.0,716.0,4.9e-05,2,1,341
2025-05-14 19:23:31,cad5bd7ea3f84e128ccc5ec3d9cde758ab334e54184119798737f8847fb83ff6,896711,141331.0,564.0,0.003991,1,2,223
2025-05-14 19:23:31,07a5c4950aa2bfa5fd78e1b7bfb4d44164d77b320fa6f7d4572f2f9c2b964bf5,896711,381485.0,564.0,0.001478,1,2,222
2025-05-14 19:23:31,5277da4fe500506f25caaa1800bbe55b67247d2a7dff3bfa680e4a90600527f5,896711,24522.0,452.0,0.018432,1,1,195
2025-05-14 19:23:31,583d905292dc726f522f973de9235c92525bc33b5fe0b3989af5984fe3e5e0f4,896711,95983.0,564.0,0.005876,1,2,222
2025-05-14 19:23:31,db2b3fb8027c42c56e6c3b454ec3a0bf6ac205874572a8260b98b4e88a8575f4,896711,74265.0,568.0,0.007648,1,2,223
2025-05-14 19:23:31,f7cb0d2cb4d0bafa616e5c036458f841a157e497d2ff558355c013ee6a31eff3,896711,71850.0,564.0,0.00785,1,2,223
2025-05-14 19:23:31,bad5c56237fea196c168d530ed310b237cd6e2da12fd360ccb062ec978338af3,896711,22934.0,712.0,0.031046,2,1,340
2025-05-14 19:23:31,0a80b77f3622d8b6ba2c22f9879de1b63db52560fa787857f498f7a0a41719f3,896711,43296.0,440.0,0.010163,1,1,192
2025-05-14 19:23:31,91659c70618043d500d33469442ae293911c61dee86aa28a660cbb9fa2f5f2f2,896711,161270.0,564.0,0.003497,1,2,223
2025-05-14 19:23:31,1fde1a51087c83a9b6262f561af1fd7071754c2127237f78a1d14430f2cc91f2,896711,62425.0,576.0,0.009227,1,2,226
2025-05-14 19:23:31,a1599f2b2de21a6921eed6152d27ef87f2c04470f03838dd59817a22217165f2,896711,1016894.0,564.0,0.000555,1,2,222
2025-05-14 19:23:31,29c0ea38b1b2e2d39f63c2cbd965b60176ff1363f0598143f17c8ebc7e8766f1,896711,39254.0,1212.0,0.030876,2,4,435
2025-05-14 19:23:31,6cdfacf0e65087be42e1055e47489b917ecb1cc63ccc6a06a6cf84199ef04bf1,896711,225592.0,408.0,0.001809,1,1,153
2025-05-14 19:23:31,38b7d58f92c263b60098298f45a9e1b6d60ffbba4bfcfe033a33e0511ca8d1f0,896711,3233687.0,1496.0,0.000463,2,2,374
2025-05-14 19:23:31,c5726ba149a0c8abb0f4767bf75a9706530cfe65097dd2a343ee9753c225b6f0,896711,19775.0,440.0,0.02225,1,1,191
2025-05-14 19:23:31,766ab2a83f5b5fc2418af40e4f890c654da9e718f02d25d226093bc171d790ef,896711,6126.0,564.0,0.092067,1,2,222
2025-05-14 19:23:31,ddb2d76635255ffe357c8e77cb13e39922781c33630cba0cf0cc86ab4c1a5bef,896711,1198987.0,664.0,0.000554,1,2,248
2025-05-14 19:23:31,22b54c7f21b3a638b3946f0cb3ff82a421d0507a06e26a3af7f8888dea480fef,896711,548945.0,564.0,0.001027,1,2,223
2025-05-14 19:23:31,e160acc3b23266a06913a71d6cd805c9b2c56e9f6be49bce52ea333f3189acee,896711,483560.0,440.0,0.00091,1,1,191
2025-05-14 19:23:31,95cf5d4c3d99692dfb43ebabad2a00d5ee58477cca649d1688dbbb84bf568eed,896711,199075.0,440.0,0.00221,1,1,192
2025-05-14 19:23:31,de8a40591eeca8e8ea1505b1bec3b31bdf5dea35018cffc97b7be905d1f486ed,896711,14043.0,564.0,0.040162,1,2,222
2025-05-14 19:23:31,9d37e9054f1d2677ca50d6608bdfd4fcd24aee2c9ec7c68fe664576eef518fec,896711,518815.0,1108.0,0.002136,3,2,520
2025-05-14 19:23:31,b778ad5a2cb123c2e4b3e6eb30767e7f2c5ef0e8c03bce25fd036c9a809555ec,896711,4614219.0,980.0,0.000212,3,1,487
2025-05-14 19:23:31,646c518439cff56c00e18578364ae3dc9c9be4f234c0f3a3017309fb47850fec,896711,1887529.0,564.0,0.000299,1,2,222
2025-05-14 19:23:31,e7ee147f240457e8cc7272382c067c4840a147849f6fb2abb0508bae1857abeb,896711,10765.0,440.0,0.040873,1,1,192
2025-05-14 19:23:31,b858068f76d1b220fcfa0c5c91e8808fbf784cc716607a4a5ebcdadb754791eb,896711,579845.0,836.0,0.001442,2,2,371
2025-05-14 19:23:31,f5fbffeeded4d8d46773f58db8ac4432064f85c4680ec440a077cad284ea28eb,896711,108953.0,848.0,0.007783,2,2,374
2025-05-14 19:23:31,f3a2584281d955c056ec347458a1f31c6b02a3b2de4041bc776a5c188d0377ea,896711,3844055.0,568.0,0.000148,1,2,223
2025-05-14 19:23:31,b380142995a1cdbd0cf85038392c8255c18edc82022e357e4f0b04658a96d4e9,896711,308966.0,660.0,0.002136,1,2,246
2025-05-14 19:23:31,fa831a1c4bd822c53fe4022236862f0a7946186bbf7ebeba4811b026b691d0e9,896711,239047.0,892.0,0.003731,1,2,223
2025-05-14 19:23:31,6b810d8b3710c72d6fdfa6b40327babbc7bd3ba59967e400b206cdabe47549e9,896711,43372.0,408.0,0.009407,1,1,153
2025-05-14 19:23:31,44494eb17d54153043aadd6592f8dd9a24d40fe34383438271976af993dfc4e8,896711,30604.0,452.0,0.014769,1,1,194
2025-05-14 19:23:31,ba695730d1bc0e24593cd836e37cae26f750b886d477766fe3e298b53c50ade8,896711,125024.0,564.0,0.004511,1,2,223
2025-05-14 19:23:31,eb6c8f7d54458d79b439bfc6d589a08cefac4e8457e4d91ae52fc5d9e58e94e8,896711,586228.0,572.0,0.000976,1,1,324
2025-05-14 19:23:31,d312f9ebb69354d68594d328c695e6cbd64833206c705d73882d12446ef086e8,896711,137691.0,836.0,0.006072,2,2,371
2025-05-11 17:27:36,8374af441e5ee6dfe07edc79b3d79ea60ac9dfa5457fcec3308a4bfc966aec64,896286,95334.0,328.0,0.003441,1,1,192
2025-05-11 17:27:36,ae06902c21ddb0ba61cddc38e6bb1423556c03b639b627a310dec7d36020ea88,896286,10305522.0,942.0,9.1e-05,3,1,558
2025-05-11 17:27:36,75f7bd6cf0f2957de177c0c795c3358252cd6d44300d2cd4c4c8727fde6a192f,896286,8697233710.0,13578.0,2e-06,31,7,10408
2025-05-11 17:27:36,e9f287f4b5b6a19c7cabf5fbe3f6fdc90f8c4174d8ba2ec790a8c340f0d7f2fe,896286,32885.0,330.0,0.010035,1,1,191
2025-05-11 17:27:36,fc1ee3b8b8f5892ccecc1e7050a4180bcc7e20168dbb886fdc64fd42857f29fe,896286,240395.0,432.0,0.001797,1,2,225
2025-05-11 17:27:36,d479b8b2f965aaba02b2ef1a5b6431d4584a0884b8e94d32a93759958e63c6f8,896286,36279.0,423.0,0.01166,1,2,222
2025-05-11 17:27:36,f78381d003efc981851aac8ce4e1960597fc01520721d832f7371ac573e364f6,896286,32670.0,330.0,0.010101,1,1,191
2025-05-11 17:27:36,83c8d06b6f4a9870be0275932d4463bcd37ba02e512c584f7c9d082a0b01c5f5,896286,99353.0,339.0,0.003412,1,1,194
2025-05-11 17:27:36,0d472085e4164eff785789efe69578b6541ba57932fe9d2c740909265423bdf5,896286,13201.0,330.0,0.024998,1,1,191
2025-05-11 17:27:36,f057e43cf7b4feadb2e45f10bd894d52387dc12a045c289e1389d4bc4b2127f4,896286,508063.0,1437.0,0.002828,6,2,962
2025-05-11 17:27:36,57eb981d50f13c150e50ece3fd4496b872300b5553063314991d3fda944d81f0,896286,728174.0,423.0,0.000581,1,2,222
2025-05-11 17:27:36,d9576326845ec11e4c052b2ca917118789f139637bf90848b3ea1d22c1e016ef,896286,87450.0,330.0,0.003774,1,1,191
2025-05-11 17:27:36,368693c86ed8ab5a61f1cd17b1b139d6d93c0419e4ed8dd189b6c181838841eb,896286,56613.0,432.0,0.007631,1,2,225
2025-05-11 17:27:36,004dbc233d3edef270226d072356917e2f062272137f1dfc17a93049f8372eea,896286,9276.0,339.0,0.036546,1,1,195
2025-05-11 17:27:36,59def00d912023fda26dd8cd30665e6cdaec665d4711affc6c8f554e62a39be9,896286,2036837.0,429.0,0.000211,1,2,194
2025-05-11 17:27:36,3caccf9df4a54ab606fd4b8a07e06f76d5a0349add23a83f2a5e7b28a6a7f1e8,896286,46680.0,423.0,0.009062,1,2,223
2025-05-11 17:27:36,66a93ef555dbb6feb0c22d4a2a4c026a33216f37b5da94d76742fe9bf75896e8,896286,554874.0,432.0,0.000779,1,2,226
2025-05-11 17:27:36,25cae0b90026ea3945f776110c9868344337017c3705aca0e9efd7f556067be8,896286,250552.0,330.0,0.001317,1,1,191
2025-05-11 17:27:36,0a9f22073db93e38f0e1c7bc4d0042220db07484d2fbc2730508b9e480c697e0,896286,18308.0,432.0,0.023596,1,2,225
2025-05-11 17:27:36,0be2334ce9ebb93ffd63ece76b42730ffa8f3b6f55836e6bb08ea791cf9995df,896286,67591.0,330.0,0.004882,1,1,191
2025-05-11 17:27:36,2082ec2c631ed58a87095b2074ded35ec2b8bfa0004ffa7e8e2aae9c81beddde,896286,47738.0,339.0,0.007101,1,1,194
2025-05-11 17:27:36,06dc53e2c376d9daaa7425356b92bd1b79e5dca3d3f962aeb0151639973768dd,896286,20994251.0,702.0,3.3e-05,1,5,315
2025-05-11 17:27:36,fadd3cdc68d52ca98d73201363e1d13d7d93b33e940f8c735516c1ff3b85f9dc,896286,10247.0,333.0,0.032497,1,1,193
2025-05-11 17:27:36,c3e9de3fb03074d1ca88c20f84c1ed990522e7df34b035efbdedb32bc6ed9fdb,896286,38100.0,333.0,0.00874,1,1,192
2025-05-11 17:27:36,a29bf8b101ca9a0cbfc2666ea11b23fc652f24a51cd1cb7581e61d3b119499d9,896286,47425.0,330.0,0.006958,1,1,191
2025-05-11 17:27:36,264ae317da02ad9fbaa9e22ba11e62b8a343c8a033c75acd486649df4949b8d6,896286,107159.0,432.0,0.004031,1,2,225
2025-05-11 17:27:36,abe369120f004c405a8e19bb7c9afbe0a31f058c214ff7ad0d0dfa2fa018ebd4,896286,176843.0,423.0,0.002392,1,2,222
2025-05-11 17:27:36,4856150faabac011b046effd0b4fad8442a1f12f0611742dbac0007f7007e6d1,896286,33864.0,423.0,0.012491,1,2,223
2025-05-11 17:27:36,50f8d4219bc247e09065b911ac8a04d31f9edb698a8a63cda3855d4081ac69cb,896286,174163.0,339.0,0.001946,1,1,195
2025-05-11 17:27:36,b0f4a103bcfa0a5a9c779478989a33d4e748a9c56c59b97a7066af3694caf8c7,896286,97777844.0,423.0,4e-06,1,2,222
2025-05-11 17:27:36,82d46faa44c03975932d4fef9be3affd49a74b7947420043f3b3f20a26f78dc7,896286,92490.0,627.0,0.006779,2,2,372
2025-05-11 17:27:36,90f8a4305da897ec5f3254c50063178431f963628595c2d659604b2748170dc4,896286,39249.0,423.0,0.010777,1,2,222
2025-05-11 17:27:36,f709297535583b91abc99824f08d913fafe89506963f6f9f6877e01fb5eecec3,896286,992422.0,423.0,0.000426,1,2,223
2025-05-11 17:27:36,8c6966ab7c91360a7c60b821773cdaae33d04538ffe053407c8698c61672a6c2,896286,57330.0,330.0,0.005756,1,1,192
2025-05-11 17:27:36,a41ac04bd51a2ee6db1f21a8d6de1a9b38552c08b8f1e65f7f1f7d51bc9ba7bf,896286,51217.0,669.0,0.013062,1,2,223
2025-05-11 17:27:36,deb68a5faddf27c8c03367a3fd2d890f4a99d59f0417656a42d5ddab6f4101bd,896286,24667.0,333.0,0.0135,1,1,193
2025-05-11 17:27:36,2636769d60f3c67aae8936fe8350cfd699e45f1d9c017b047a4e8a313e3162ba,896286,18365.0,432.0,0.023523,1,2,226
2025-05-11 17:27:36,6ad8082a992ea76ddc3e7b28f2c5844f4fea339b849f76ae200236ea801b69b5,896286,134121.0,432.0,0.003221,1,2,226
2025-05-11 17:27:36,e9e12dc1dc7cee1ed748a91891ba749e3a628612eeb81b478240ed78b3cda0ae,896286,12388.0,534.0,0.043106,2,1,341
2025-05-11 17:27:36,6984f345a37c2c6615535d96f74adfa5a1ad00bdf57fdca5b4ef22bff7ca0aae,896286,386277.0,426.0,0.001103,1,2,224
2025-05-11 17:27:36,a4da547a9e5de388a6584b784546ca156306c3edb2be5893c78fa91ece63c1a9,896286,413119.0,426.0,0.001031,1,2,224
2025-05-11 17:27:36,1a22cfeadfbe5cc7beddc515b2f2e5a8088724c74afc6914ad81c8aaf09e7ca7,896286,193765.0,432.0,0.00223,1,2,225
2025-05-11 17:27:36,5bfd6c787cbb96df30e375184134f798b18c0ebb632d423b96a8f9086f927ba6,896286,195174.0,423.0,0.002167,1,2,223
2025-05-11 17:27:36,d39d0fe785d69d6cbcede2290a51e369610c34cef2dee97c6753f3bb4821cea4,896286,246605.0,432.0,0.001752,1,2,226
2025-05-11 17:27:36,56cc31992d01f4ad1a4906d3ab5a2356b0a77daac0eacc281b231bfd9d55dba0,896286,50670.0,330.0,0.006513,1,1,191
2025-05-11 17:27:36,44afb8b9c803c20f0481ec42012b6623d60d0cc66d9c2e6ed8987a3e4adc92a0,896286,395896.0,432.0,0.001091,1,2,226
2025-05-11 17:27:36,ae72b1bdfb87483e93993b052c463ad436ad47c7821a10d2529c76a7b01f00a0,896286,51354.0,339.0,0.006601,1,1,194
2025-05-11 17:27:36,2ef38ff1e8472838ac26ba4b4d94981ef91ef24c53fec62180d99e7673aff591,896286,43217766.0,459.0,1.1e-05,1,2,235
2025-05-11 17:27:36,5c4415bb7577f8f85e6995ad4fdc420b55114719b4307d937ad360f0eeeb0091,896286,98331.0,339.0,0.003448,1,1,194
2025-05-11 17:27:36,66da08468f107370deb33ec80e621757bac508fca9b4d8ffac4dc64a2cb35990,896286,14828876.0,330.0,2.2e-05,1,1,191
2025-05-11 17:27:36,00426437969827c8eef3a10dc4a1855a2a41a2ad9bf4b52177a72415b0bb0090,896286,515485.0,366.0,0.00071,1,1,203
2025-05-11 17:27:36,c12002839910b8843fa8c3596be668ebeb7e0440c9363502f97f40dae5888a8f,896286,145078.0,627.0,0.004322,2,2,371
2025-05-11 17:27:36,9e9ccbed6734ceecd681b025350ca097723f72c84b1bbfbb10c662f7be2a838f,896286,135223.0,543.0,0.004016,2,1,344
2025-05-11 17:27:36,e6f58a75098dafd67317a920236c67e9eab12cefb87a07629ce795ac0264508b,896286,59915.0,330.0,0.005508,1,1,192
2025-05-11 17:27:36,2f1feead4e3cc7250a25ee70d8cda9d0527b1e5bd841340e24f630469d6f238b,896286,2450320.0,426.0,0.000174,1,2,223
2025-05-11 17:27:36,5538b3ffc210e5076ce138c8ca88e91e3957f5a05f5995184ea36931ce88228b,896286,3637773.0,339.0,9.3e-05,1,1,195
2025-05-11 17:27:36,9be0dea2e8e65041c4288a9bdc590b2fc55723c4ebed0359c3a2ddfbe5e51d8b,896286,15815.0,627.0,0.039646,2,2,372
2025-05-11 17:27:36,de2cc73b8eb2f780e7817f648eb3e2459fd7bc0a693ca54fe9397e5e22a7c789,896286,34808.0,330.0,0.009481,1,1,191
2025-05-11 17:27:36,6fe89e66f671d45111e0a91cfbf9fd8999aad36d823db0119cf7397e21b77389,896286,4636914.0,516.0,0.000111,1,3,253
2025-05-11 17:27:36,12cf54ef8b695930bf23793ec209af4e6d7351585f0fbe29046d97190038ee83,896286,228129.0,534.0,0.002341,2,1,341
2025-05-11 17:27:36,c09deb89f006f50ef61c8a826e45b6b99a88a1cdf6435cd88071fea50c4dd083,896286,392448.0,426.0,0.001085,1,2,223
2025-05-11 17:27:36,8fc68a9352938cbee67879ce6ab327e8b2054cb19117c5d7310a625874861781,896286,182240.0,423.0,0.002321,1,2,223
2025-05-11 17:27:36,5fcce0b00671c60dc6bd31f1c3302739843610b13c3d353c9f5639f874fae37e,896286,73647.0,339.0,0.004603,1,1,195
2025-05-11 17:27:36,74cb3e52f79d92fdb880a879532fd5d4a0a72f777cfc06e09b9e435fcfe9e776,896286,285577.0,423.0,0.001481,1,2,222
2025-05-11 17:27:36,55b1ace9a739f8689d10bd8d4decd0a6cf21fe488395f3566c7070d91a677f72,896286,838092.0,432.0,0.000515,1,2,225
2025-05-11 17:27:36,6aae7b920cb2f6086ed579b658c69bc399c62bebfabcf69274fc0ace4ab0786a,896286,58043.0,330.0,0.005685,1,1,191
2025-05-11 17:27:36,cd929331fd14a2799f17420af241d99bc68f05b026c1ae6f93a98e550814586a,896286,93570.0,330.0,0.003527,1,1,192
2025-05-11 17:27:36,0c43c7c16032903184c3524f91d5a73b12c093910b46860e86e36c9b2cfbe269,896286,55307.0,423.0,0.007648,1,2,222
2025-05-11 17:27:36,9c79e8b851023b410f2ded93e6d737ca63766cbefc3a72e254220426ce39b369,896286,237494.0,330.0,0.00139,1,1,192
2025-05-11 17:27:36,57e6eecaa8d1bacb4789cb29443e1272457f1748f441473e607c94e77a2cb868,896286,30339.0,423.0,0.013942,1,2,223
2025-05-11 17:27:36,00ea9ff76e616385ee7a4924076147ae1b5ae9983e0d4f9855693e1892bd8468,896286,101670.0,330.0,0.003246,1,1,192
2025-05-11 17:27:36,f4fa15aa5a3d28f3e44913b31c01b6ba5a4b0200a3c2b37c37e5b7db5ad82e68,896286,59839.0,330.0,0.005515,1,1,191
2025-05-11 17:27:36,91e34dd1d2789f30e0211ae78cd463642efc5b6e8b626b49250bf393e6f30865,896286,23888.0,339.0,0.014191,1,1,195
2025-05-11 17:27:36,ff8fe05bfbb46fe03d320525162dce609af99c5184e3a5e6de3c60c43c975663,896286,8684.0,423.0,0.04871,1,2,223
2025-05-11 17:27:36,9c24061131b125bced22ba9426d940edb0e2b3ae13f6d68ff4b61b008c25d2db,896286,10107.0,594.0,0.058771,2,2,330
2025-05-11 17:27:36,d95fb5cb2880aafad4c3328fdf9e338f888f19ddf4cb9a6217d02a96f81e0562,896286,205955.0,426.0,0.002068,1,2,223
2025-05-11 17:27:36,aa75909694bd85cd469d84ec357707749b5cf337ea2a9f25230077769633f05d,896286,149150.0,423.0,0.002836,1,2,223
2025-05-11 17:27:36,07f2859fe0b1e3ce1530a174a46973e366160bed6bdc4f6d2b20327ddf3e7f5c,896286,546.0,462.0,0.846154,1,1,334
2025-05-11 17:27:36,30e455fdec137bddb7eb745fb85e828c5382e3720255d8c352e84ae0fbd25b64,896286,488541.0,462.0,0.000946,1,2,205
2025-05-11 17:27:36,0a975767e7add2ac9baf5869b42525d58daf88c8646636123c3934c870ec495b,896286,49992.0,432.0,0.008641,1,2,225
2025-05-11 17:27:36,cea7033e317d1c6a4404da07db428b40da0d4a04b4e059673be6d3cf6d87e557,896286,9114316.0,423.0,4.6e-05,1,2,223
2025-05-11 17:27:36,a7b314f4cd997e01b52806271e198f10427046399ce183e8a724793722959c57,896286,2936252.0,1215.0,0.000414,4,1,727
2025-05-11 17:27:36,616cad86288f5112986c5b38cf32881d115ef6c20eeb57ef6f544faea85b9152,896286,48919.0,459.0,0.009383,1,2,235
2025-05-11 17:27:36,8ac7d2cca9489561f588e0b4ab91c966053a17200d893cda614f7bdbc0efa151,896286,21712115.0,669.0,3.1e-05,1,2,223
2025-05-11 17:27:36,3c0fc06d2e4865b5db30744ce0de624542d6b87d423efbb37cc4dca5bdae3150,896286,187034.0,423.0,0.002262,1,2,222
2025-05-11 17:27:36,c347abbe2e6774d9ea37c2f46c3d103e9a9f7d47dbe07631578153690296024e,896286,26421.0,627.0,0.023731,2,2,371
2025-05-11 17:27:36,9584c69ffa36dac91c26c8f69fb90d6f3fe5dc192c2e3b23b015be64c0f69b4c,896286,32821.0,330.0,0.010055,1,1,192
2025-05-11 17:27:36,40f1d20bbaaace4ccae3b0137839066602752a65b6b6d7a3c7b68557ea476149,896286,424477.0,717.0,0.001689,2,3,401
2025-05-11 17:27:36,2131f9a3cd196e70e3316f29f89e2ca211ff43f5951956ca1248a6ae53028645,896286,2551889.0,432.0,0.000169,1,2,225
2025-05-11 17:27:36,329c75bd4f6bb9bcf53bcd10e27ec4f2b2ab009055c617dbec3bd3dc38c55541,896286,460846.0,339.0,0.000736,1,1,194
2025-05-11 17:27:36,4b90e04daf501d9868ef56a8cbeeb06906c1a30295fa4530a216032224f8fc3c,896286,109490.0,423.0,0.003863,1,2,222
2025-05-11 17:27:36,5a6319bd417551e16f2251cdb1b0214e1faa9fbd0a69f1284e5ddb4a6b3c103c,896286,34603.0,627.0,0.01812,2,2,371
2025-05-11 17:27:36,ef7e072f5b3708cc77abd799a664955e76c4f2098b11fb126575661fbddcd03a,896286,179670.0,330.0,0.001837,1,1,192
2025-05-11 17:27:36,27ba027e5a522c5748823b5f304b620f963a6de919fc4ca759150f9271fcb13a,896286,151358.0,330.0,0.00218,1,1,191
2025-05-11 17:27:36,cfd975a43c892b8eb02502ccfac83f4b6d907b87332500f40b7c86888c894837,896286,2868541.0,432.0,0.000151,1,2,226
2025-05-11 17:27:36,bdc92c66ae5a237c9fd165ded211166de1d4b5bfc5ceb6ec4f1dcbb7e3972135,896286,1099634.0,366.0,0.000333,1,1,204
2025-05-11 17:27:36,2cd3438306575660f25138225cda696e924b79c600110ef254ea2f3bdbfc4732,896286,248935.0,426.0,0.001711,1,2,223
2025-05-11 17:27:36,b08c51d24ecbab3cea26ea5db5feeb8a894c72505296dad8366dbda67f59082d,896286,575484.0,543.0,0.000944,2,1,343
2025-05-11 17:27:36,6233b9464aabd18c143a0714fc2809ad299e47f404be180abc62565e7a96b72b,896286,6561398.0,942.0,0.000144,4,1,638
2025-05-11 17:27:36,2c46b15b85abee6d159fea5b260eda7f11dd82256c3ac91ebaa6366a44ed422b,896286,293725.0,339.0,0.001154,1,1,194
2025-05-11 22:58:45,514aa0328672983a0ce8e95c686d6378906a453e61f6a50f2a48e9d3729d11eb,896321,114713.0,220.0,0.001918,1,1,191
2025-05-11 22:58:45,56235c7fc7e6ccb51d3d0c9a84688299809e2c0a32300b7a3f184dd9e250d1ea,896321,413143.0,538.0,0.001302,3,2,419
2025-05-11 22:58:45,25683e68952c3eeabc821d74290828ea4f14437d89cd3963f14c050527a121ea,896321,50464.0,282.0,0.005588,1,2,222
2025-05-11 22:58:45,f5d5d59e7aaeadad65855de422fee79410b92f7178371d1f7302188fbbdb2ce5,896321,139371.0,306.0,0.002196,1,2,234
2025-05-11 22:58:45,e04725f806e86e092cb67023618f84285e732501937a2bec015427066372eee4,896321,276870073.0,282.0,1e-06,1,2,222
2025-05-11 22:58:45,f206f51cb6d10e28f44cfcd4a0be735295e10fab03c268d92eaf7831c9a25be4,896321,27212.0,288.0,0.010584,1,2,226
2025-05-11 22:58:45,97568f36890da329396bd50129839f4fbbef3ce67322ef8cb96e29f9c63be1e2,896321,39166.0,282.0,0.0072,1,2,222
2025-05-11 22:58:45,03b9113627148693335be4b2eb02d3cd2780c9e69bc0f28f98c944a0190a5ee2,896321,9087.0,282.0,0.031033,1,2,223
2025-05-11 22:58:45,1c771a53dbec0a2b8b1a7cb7f93bd406fb2597be56ca014f72ddfcbd6d271fe2,896321,61867.0,226.0,0.003653,1,1,195
2025-05-11 22:58:45,54136d6127fe84ffe4c6015dabc0dd1f31d4c305dd52296182eee90453d62ddd,896321,456015.0,446.0,0.000978,1,2,223
2025-05-11 22:58:45,b2ca00bc837278f928cbcdd8e04d90a1e3be8c19d05596c3bad4c8895969dbd9,896321,97709.0,742.0,0.007594,2,2,371
2025-05-11 22:58:45,bf21602bda486e30e27f9abf944e404bb815416402331b5f4fca0e99da8110d9,896321,29302.0,282.0,0.009624,1,2,222
2025-05-11 22:58:45,4f041f73c9edda9bd01778589ef6006701b2466551d5c6eb16fb5b62d7c5ffd7,896321,1069480.0,446.0,0.000417,1,2,223
2025-05-11 22:58:45,6ec8414a0d4dd22b82bc2117d4d8d05b0b00a4281df21decec8103886b2c61d7,896321,141108.0,282.0,0.001998,1,2,222
2025-05-11 22:58:45,0951735553328dce9224cdadfe2cc7e3bd8f8459541b47ec73008ecbb5cb1ad6,896321,6776016.0,222.0,3.3e-05,1,1,193
2025-05-11 22:58:45,7da87d79b778bf5192ece0a83627f2a7493adc042ad8429eb8da1e8e362a11d6,896321,1339977.0,288.0,0.000215,1,2,226
2025-05-11 22:58:45,93635c4d3c0d50bd574b0c9808169a5d395917624d7b26fcd0469d7aeefb2bd5,896321,1887536004.0,282.0,0.0,1,2,222
2025-05-11 22:58:45,7deac976f917b0c47e03839a2905b5a6b2ca063ab4871bc2eba7af373525d7d2,896321,187439.0,226.0,0.001206,1,1,195
2025-05-11 22:58:45,bd29960993403ac0f75f632a14546093cc472295acac848ce7dc0cfd5cfc81d2,896321,96463.0,286.0,0.002965,1,2,224
2025-05-11 22:58:45,058b1aa0a2ec77d5d6187ca50cc9acf0bf286ccbebc4165d7b521e3359ce91d1,896321,125748.0,226.0,0.001797,1,1,195
2025-05-11 22:58:45,476c930f0c88f05de9c03cd98456fdbb769e24d060fd22f3a90f96294f3f36cf,896321,31063.0,434.0,0.013972,1,3,298
2025-05-11 22:58:45,81f0901e5931c18c3590df3dde9a9e17c06c9b6d601cfda73cdb354d1db86bce,896321,31613.0,434.0,0.013729,1,3,298
2025-05-11 22:58:45,5cf33190b609be5d6aae121e0be4d1e3dbb65c7a7976709fe8b0a3376befcfcc,896321,31610.0,434.0,0.01373,1,3,298
2025-05-11 22:58:45,b593d90b2e267612345e9b518dd3424cc69c4a637c9abc0ccea73570a20c94ca,896321,257751.0,288.0,0.001117,1,2,225
2025-05-11 22:58:45,493daa97e38c373ccd939ef3621cd7e932172d4482eb7231d4d76a2ab266d2c7,896321,811972.0,446.0,0.000549,1,2,223
2025-05-11 22:58:45,041e0e4211b3dc0db087065fe4ce8047c69106b0bc167cf12dd4b45c2f817ec7,896321,33896.0,220.0,0.00649,1,1,192
2025-05-11 22:58:45,81b3d4f3ebfc41e42212f5484b790a73eec4f835bdb62b9ac862350d144f21c7,896321,59554.0,446.0,0.007489,1,2,223
2025-05-11 22:58:45,cdd6c04d9df6d648b3c7b6b5474596c0b5bb5faa334651170dbc67f0b43b79c6,896321,4402504.0,284.0,6.5e-05,1,2,224
2025-05-11 22:58:45,cf82f692dfca29431190e4c5cff171c61cc7355caba650aded2ce5e1e76048c5,896321,169344.0,226.0,0.001335,1,1,194
2025-05-11 22:58:45,2d46c75ac70c9a7a09bac3dc49203459d6a5b8dafcc571640893496e510aa5c4,896321,3221935.0,282.0,8.8e-05,1,2,222
2025-05-11 22:58:45,fe6a3ebbfce243b63c102f8b4fc4e5bde6758905b218d7568a6c03f5ca8df5c3,896321,1142049.0,282.0,0.000247,1,2,222
2025-05-11 22:58:45,d6d5fe9546833ca2dae23cf25f59c76f164549541251233e014bb948b1d7b1c2,896321,37778.0,400.0,0.010588,2,2,300
2025-05-11 22:58:45,1163287d992882cd68202f33459ad0fceab488ef451188de62c8c0305e92f1bf,896321,154831.0,742.0,0.004792,2,2,371
2025-05-11 22:58:45,7521bfe1db60fcee9bbd759581a0c04f79eb558537ff372a25a0a7500dbdefbe,896321,31614.0,434.0,0.013728,1,3,298
2025-05-11 22:58:45,c46cd85d988821f98716fffd60ee8abc5336b5df3c7e4711c1b69246b19a9abe,896321,34205.0,220.0,0.006432,1,1,192
2025-05-11 22:58:45,080d7183a17b47c3f2189476f8a2b73687c852ed4834d7b2cf13e3b940d0bfb8,896321,14001296.0,282.0,2e-05,1,2,222
2025-05-11 22:58:45,456cb4fb25e339f4fb7419dad285ee937573755aa709ee52a4c4eacf9f5eb0b7,896321,31610.0,434.0,0.01373,1,3,298
2025-05-11 22:58:45,a81bb062cdfa59163514c358a71bd707b420107af5452ba24c489a1a74b6bab6,896321,4383.0,220.0,0.050194,1,1,191
2025-05-11 22:58:45,99e5362195c0c92514ef7cd7a0d5547d58de7d8be94d02bb75acbc0a964b83b6,896321,9324.0,282.0,0.030245,1,2,223
2025-05-11 22:58:45,4d21304fe4a9849bcee5bcc3218aa8f0afa5232e948fbc195c40d931ac3308b3,896321,61296.0,308.0,0.005025,1,2,205
2025-05-11 22:58:45,2ea0ec337c818c7fa1b5f864bd49cdc95b60cb4074e2fbb13a8c300554e3afb2,896321,226771.0,288.0,0.00127,1,2,226
2025-05-11 22:58:45,cec5dfeabe2b934f26d432d547a83f8dfce55ddeb470c85e0d68858e6fd54ab2,896321,525445.0,288.0,0.000548,1,2,225
2025-05-11 22:58:45,43abcc1385f9ca9e9fd61e044f097d0ebd6cd37306b053a86d31471d7d1b72ee,896321,573906.0,288.0,0.000502,1,2,225
2025-05-11 22:58:45,f9cf1e00d7de88e901f11aabb89a638ec2ea97313a0ff81aee55bf8850dcddaf,896321,928517.0,222.0,0.000239,1,1,192
2025-05-11 22:58:45,cefb0345ff18ee10b06c27d6855edfeec2555a5c5e7db7f5b84db87d8ce31fae,896321,190797.0,282.0,0.001478,1,2,222
2025-05-11 22:58:45,740f280456cb20641779ab2df22fbb32dd36b79f1f9c3a920be9148e6ff1e1ad,896321,49432.0,418.0,0.008456,2,2,372
2025-05-11 22:58:45,aa3b0ca22d4bd4504bbd8a923259623c2b090eb7532df184ca4372c4e5e65aad,896321,101999780.0,220.0,2e-06,1,1,191
2025-05-11 22:58:45,2b07a2884ce5eb39dc783885fd970b5491397071ac41ae5c72bd3bb8e4c864ac,896321,540432497.0,282.0,1e-06,1,2,222
2025-05-11 22:58:45,ef206245d38237d7c6fc9a96fe6f9b58c731bbf95504aa3825e6115bbeb850a9,896321,31275.0,434.0,0.013877,1,3,298
2025-05-11 22:58:45,26985106720077da809a2294df63c8327bfd46dc33adc67445628ab85f8038a9,896321,13539.0,446.0,0.032942,1,2,223
2025-05-11 22:58:45,8fd46229b3f33c0393d2ed78167ba6ab6bd49dfb91fd9d7406cae11d0cac98a8,896321,1011762.0,306.0,0.000302,1,2,234
2025-05-11 22:58:45,a3f1fccc097448dca6c6bc2903cbd883624cededd9b397e9a70eb55ad4a71ca8,896321,761644.0,288.0,0.000378,1,2,226
2025-05-11 22:58:45,b4ded587d3ea26f241ce9ed7fd8909998dd165259cd4f2dbca7561d442978ca7,896321,1474420.0,330.0,0.000224,1,2,246
2025-05-11 22:58:45,91cec2769ed0240ad7b3804aeaf5e51d761c09b840b6d9efd9ee1395509271a5,896321,31063.0,434.0,0.013972,1,3,298
2025-05-11 22:58:45,f503acc1ad392ea7e0d63e053fe63bd3d3c5fc0e7f7db1feb573b644f31171a4,896321,281343.0,284.0,0.001009,1,2,224
2025-05-11 22:58:45,d3cac8054f65d6e39045a9445053afe0eb08d9fd536d203f130db5e0b81faca3,896321,90779.0,220.0,0.002423,1,1,191
2025-05-11 22:58:45,e64529e7a576ec2fe23546d308b4765262ddb7651cee748badbc2617c3ce47a2,896321,54330.0,284.0,0.005227,1,2,223
2025-05-11 22:58:45,a495db9992ea4dd1bc1c42a1956f2f7fc60becf1742b65b38f0057de2f4302a2,896321,970102.0,2020.0,0.002082,1,30,1091
2025-05-11 22:58:45,6f74b17bdb940b637ec5f479b0ec4a0597f96a067b65dfad6d8cb65c0326a3a0,896321,111962.0,282.0,0.002519,1,2,222
2025-05-11 22:58:45,36705451a993169af20c5d7e636ad0b5cd150b1984fcca5343d70d28b5e8709f,896321,31610.0,434.0,0.01373,1,3,298
2025-05-11 22:58:45,41d6ae55e5ad94b15a64502a27d02a4ac2a044a1376c4257046f154e771f079e,896321,644962.0,220.0,0.000341,1,1,192
2025-05-11 22:58:45,170efd024f5faf9ccb5edbe9caf010d89e7424d473c4136be5f54b58ef16699d,896321,384114.0,226.0,0.000588,1,1,195
2025-05-11 22:58:45,76ed95eb47f95f8bf2dbdbbfd73df344e5ae3c4ca393cd7c246ae6cf5b6f569c,896321,44208.0,448.0,0.010134,1,2,224
2025-05-11 22:58:45,6d5d5c8158b2285946bf81185d5e7fbc2c97335ebab98fe2c4e0cd7fad64e198,896321,47581.0,222.0,0.004666,1,1,192
2025-05-11 22:58:45,0f3fe92b136a9609df8cd88de4f8d5bdbfb3562435b31a3c215d1dab63647c95,896321,468461023.0,1120.0,2e-06,1,15,641
2025-05-11 22:58:45,01914b0e396b0fec8ddfc451361bd959243b5b66c35801c1418603b985549d94,896321,106757357.0,436.0,4e-06,1,4,299
2025-05-11 22:58:45,7de30caea2c2d8c00789b5adc15c4e553eae74c4bad81eddaf35ccbee4b61594,896321,10606968.0,282.0,2.7e-05,1,2,223
2025-05-11 22:58:45,50f0cdb3eb1c532da25c76c342b54f5e471dab7130663886bf2ab352f364d393,896321,61946.0,410.0,0.006619,1,3,286
2025-05-11 22:58:45,10cd3e14e0004670bb702d52224969ec516e24de17ac458808dd807afa364a93,896321,1071499.0,282.0,0.000263,1,2,222
2025-05-11 22:58:45,5a2d5953a951483e417f5cda95bdec6649f74f692a4118fe0432eca98d90ea92,896321,472149.0,288.0,0.00061,1,2,225
2025-05-11 22:58:45,34d329a1e636f1b618fdd8068e31a84ac141b880e370dc8283b70d5916646d92,896321,62698.0,340.0,0.005423,1,2,251
2025-05-11 22:58:45,6a72085a9ded967c3a3c0eed5307bf0ba56ee67994d929f27535c4ab432e0592,896321,38304.0,420.0,0.010965,2,2,341
2025-05-11 22:58:45,e50a230a6f50ff45e530325153c5840715443c440f8599cfefbb7328d952ed91,896321,1063518.0,282.0,0.000265,1,2,222
2025-05-11 22:58:45,41c16373549d99d60079f7f3510bf16c36d26270a23f4100fb853f6139513291,896321,35999.0,434.0,0.012056,1,3,298
2025-05-11 22:58:45,8a63fedcb5c13a8cc381e758b23df61c4791052a6b0d07a15f5193dbce84ac90,896321,65017.0,282.0,0.004337,1,2,222
2025-05-11 22:58:45,244083529c1497bacda0063bea0775e0d341b21833dd1e86d2dcb0f68f554f8f,896321,43255.0,226.0,0.005225,1,1,195
2025-05-11 22:58:45,77b9adf045917009a864df0b78ec79a84c0353c21b77210bd8669bd79bfcd88c,896321,506054.0,282.0,0.000557,1,2,223
2025-05-11 22:58:45,95e82ddecd4628cd3358475ecb3617fa4dfb6603ca0499dbe413e5c2c7ad438b,896321,152520.0,438.0,0.002872,1,2,219
2025-05-11 22:58:45,31ac7a74676aca38512502e79455d23b8925280bcb50c9dfd251734bd315c08a,896321,35681.0,434.0,0.012163,1,3,298
2025-05-11 22:58:45,75dd6d3cf06b4233585b9dc289983bc2247e6e8819df55d32244c29ca466708a,896321,35999.0,434.0,0.012056,1,3,298
2025-05-11 22:58:45,97db2be7ac8477629b876f8acb5463803bf1b3d9352151cec6a2085ac4a1488a,896321,850465.0,424.0,0.000499,2,2,374
2025-05-11 22:58:45,ed184e4cd3e57e904434a10ec29c645e3374359e212c3b579d5103766bc5138a,896321,31613.0,434.0,0.013729,1,3,298
2025-05-11 22:58:45,7474696b6f041caac071450f94c266df5946e31ce955f366756b4474cc3b4087,896321,15096.0,220.0,0.014573,1,1,191
2025-05-11 22:58:45,5e4f26be2c5f4958966c4bc83c2669bf48ff51c8d2cd8697de5706cab49f5d85,896321,31610.0,434.0,0.01373,1,3,298
2025-05-11 22:58:45,4cc70ddb6c51c495a1596f7fa640ec6617ecb01f2bc407806f487444ca39a084,896321,183548.0,220.0,0.001199,1,1,191
2025-05-11 22:58:45,96ac4bf8f1041c9cefbba21d98e3b8ce1f9dd874e91d2796ce3294a5dc84bc83,896321,57692.0,308.0,0.005339,1,2,205
2025-05-11 22:58:45,60581d9008752b15d0cdcf5ad75d1b9f96ce0ee5433de03ae209233dc9f5fb82,896321,1276914.0,420.0,0.000329,2,2,342
2025-05-11 22:58:45,3e281b0ab16d5edb790261c58fd8de0667ad3420507f4313ced30a4fd9fa8e81,896321,10845.0,338.0,0.031166,2,1,269
2025-05-11 22:58:45,576edfd7e6434bc615d08b3c4861b14adf22927390eefa33efd2ead26719d880,896321,206220.0,418.0,0.002027,2,2,371
2025-05-11 22:58:45,aaecd57f9db1ab40a742912732585e7ede41fb49e38f3ac2b79ddf54dadc9c80,896321,852968.0,284.0,0.000333,1,2,223
2025-05-11 22:58:45,827773fc2a13e0b8ae4ee465c1f30f99dc0132aa22d50933cb3d7d75c80c0e80,896321,126609.0,282.0,0.002227,1,2,222
2025-05-11 22:58:45,ea1abccc97f9092894e9258f0e0bf90f72e2f4e07f3c3377ba1918d7466ddf7e,896321,245718.0,282.0,0.001148,1,2,222
2025-05-11 22:58:45,81ff37cce50b8d3e21b40bc2ff3f00e3d6cb8b744500705aa22e6261411a667d,896321,7463183.0,418.0,5.6e-05,2,2,371
2025-05-11 22:58:45,58a7feb3097d8097ea26197fb6701e0778a055720a4f54088f9b3b99911d397d,896321,166210.0,416.0,0.002503,2,2,370
2025-05-11 22:58:45,b4781f944ea164bf0c1a057eff4d7e61741792fba6d17845f173dabb4470fd7a,896321,625891.0,282.0,0.000451,1,2,223
2025-05-11 22:58:45,329d9ea96d6f708b290ee92187e9fa82cca0f367f6437e2ab82e37734a670076,896321,1352005.0,282.0,0.000209,1,2,222
2025-05-11 22:58:45,8c8f180f7b0daa6ea73c90aa5c9d8deec91e4ffb68650ae7903c17b44b5c7574,896321,290759.0,288.0,0.000991,1,2,225
2025-05-11 22:58:45,23669800378792450fd7945e07b4f9712acc70b0a3b59b2b709903ff7242a571,896321,82791.0,420.0,0.005073,2,2,341
2025-05-11 22:58:45,15776aa041bc59bfb134b3a26c72bdfa084995c4cd557ac42ed61cf3e8105371,896321,368293.0,282.0,0.000766,1,2,222
2025-05-11 22:58:45,ea86f78e6a110fb7f466723d6e71fb2d5b3f0a4913290349f4362a13973cb270,896321,150501.0,424.0,0.002817,2,2,312
2025-05-17 17:52:33,435ada7fe70a88ea393a8e696818911ffb9a1027580e8784e6d023a33b747ee0,897134,2452014.0,1162.0,0.000474,2,2,419
2025-05-17 17:52:33,28ef08a3ab7aa4accf3a08f039e9f0f725ef35b82c4ee0852bfb7d05980f5a7e,897134,85273507.0,1035.0,1.2e-05,1,2,393
2025-05-17 17:52:33,fd99d04ff5abfb1de0edd34b73d0030ec3ea0dc8b268d5657a8ae0c6352a5dfa,897134,90762.0,513.0,0.005652,1,1,194
2025-05-17 17:52:33,2af1a4dcee73173a94916caea853bee28d26d38e386a3cc7011da1eaaa6793eb,897134,33090.0,513.0,0.015503,1,1,195
2025-05-17 17:52:33,e32fa72358f2f60875cec324a5436b1e2552cc00515c89e9c740d6ba6181d1ea,897134,24215.0,513.0,0.021185,1,1,194
2025-05-17 17:52:33,988899bac19c6bb5f38f7de60e761fa7decd3e8808aea2dcfbd42ddf44c5ead7,897134,42947.0,513.0,0.011945,1,1,195
2025-05-17 17:52:33,6d912b677f6cc888d5a40d97143b037e3c7f47c5f310cc3fdbcfe25d747ce9ae,897134,42487.0,513.0,0.012074,1,1,194
2025-05-17 17:52:33,3afd76f64228352a0b6410ba4e3e354f887c1bd26109433cb5070bc5ee6e49aa,897134,80025.0,513.0,0.00641,1,1,194
2025-05-17 17:52:33,25d6b8ca2f75eeb725f1cf2b9f0b8fdab30dbc3caad089fa7ef8707e018d33a8,897134,252810.0,513.0,0.002029,1,1,195
2025-05-17 17:52:33,dcff2fded116e3b412764f09013d8de2728d6ba0bb2517ec151a4933e7c148a0,897134,242305.0,513.0,0.002117,1,1,194
2025-05-17 17:52:33,84fc435bd3b44a5ee63c92dcf0f69843837c512f7c546d6a2b06dfe297907683,897134,109292.0,513.0,0.004694,1,1,194
2025-05-17 17:52:33,6d27f154278f937164d9d0012ace9be082367b8658118953e93ddf740f66e976,897134,465489.0,513.0,0.001102,1,1,194
2025-05-17 17:52:33,52c69b8a418d712549d7222f9f26240d180df7bfad8d32c255a06dacb8146d76,897134,406498.0,513.0,0.001262,1,1,194
2025-05-17 17:52:33,366e7e656737e5e91c225b2cf8bee9d57112fbeb02179feba820afb39cccfc69,897134,44487.0,513.0,0.011531,1,1,195
2025-05-17 17:52:33,56cd07b56d1ccacf8b112c295dfa039d24741a4f09167fd0dab8939e315e3256,897134,77061.0,513.0,0.006657,1,1,194
2025-05-17 17:52:33,adfcb9b35b9678625994152d7b93867829ddacbbbb3b1efbedcc8d5d07092424,897134,235692.0,513.0,0.002177,1,1,194
2025-05-17 17:52:33,da8729ff35ba00813999fb304610fc88a5bf72576865cad5f50403ed19a3f21d,897134,48018.0,513.0,0.010683,1,1,195
2025-05-17 17:52:33,3936617f640e0d83fb48b30747cb0e04c64bf74119587d1322f048145997731b,897134,91319.0,513.0,0.005618,1,1,195
2025-05-17 17:52:33,afe31797465a475bea4420f2d750b82a53bdbbb9b911d5e2ff8724e10f944d19,897134,24487.0,513.0,0.02095,1,1,194
2025-05-17 17:52:33,54971935926d91d9ffb2a64817caf57367117f4abb9c680bf311bc7ba011de0a,897134,241634.0,513.0,0.002123,1,1,194
2025-05-17 17:52:33,97e20da324295ebac384573c77b265b8134d22c3b3b47011e0741793769df108,897134,52129.0,513.0,0.009841,1,1,194
2025-05-17 17:52:33,1bbbe80e2eb5558b871b0a068020ab42103fa23ead6edcac80ab73a575e4cc05,897134,89660.0,513.0,0.005722,1,1,195
2025-05-17 17:52:33,9d2da48ff8c4d679a9c0df5c34abbddd1c212f8c055625cc27e287f38d21e677,897134,113858629.0,1015.0,9e-06,1,4,284
2025-05-17 17:52:33,b237288c3c13bcb06ed5e3e1d5f5bcc1d67316158acb3fe2c9bbd1d314f96659,897134,113929510.0,688.0,6e-06,1,3,253
2025-05-17 17:52:33,d8359d982306c62c7a9b0d5eac4551b4bbac2057e6657bb4d3e61611f85c230d,897134,678907.0,500.0,0.000736,1,1,191
2025-05-17 17:52:33,10a14b86b115bcb33e1007fae6c7a6f3ffe663b7b13435eb47b44d001303f6f6,897134,480740.0,643.0,0.001338,1,2,223
2025-05-17 17:52:33,3bbbbad2e210be87b4ba10a68ec874c02fda6d78210b20a78c40d3e1b393a5ee,897134,442762.0,643.0,0.001452,1,2,222
2025-05-17 17:52:33,04ef03f2e64561df7cce3bd722d45c7bdab9762e79c6a8ced5667247e60e8fe6,897134,161115.0,643.0,0.003991,1,2,222
2025-05-17 17:52:33,e1f3e666a640f80e208117ecce6a1d3524a6ce7bdf17dad8849782f2e6157de1,897134,1404941.0,643.0,0.000458,1,2,223
2025-05-17 17:52:33,c3a8221ab9a4bfb2b47538538c43755c4178b111417b1df0a01b60132b7e8bd7,897134,39945.0,643.0,0.016097,1,2,223
2025-05-17 17:52:33,448b5b1c3226b4b7cc08c17a24de163c8e56ca05db1dbf983524ded60929bed0,897134,34363.0,643.0,0.018712,1,2,223
2025-05-17 17:52:33,c0eef1147ad34e9305f4ad2e3e39071d60b751dd929510b6d893135359d995ce,897134,118480.0,643.0,0.005427,1,2,223
2025-05-17 17:52:33,101ef96783809bf030f4a5a18fb2c4aac84c4daef2f64e7597a657e8e7221fca,897134,24691.0,643.0,0.026042,1,2,223
2025-05-17 17:52:33,b774f92bd2cab3154eb2dd1faee85bf71058c8958f996040b981b43b98811ec4,897134,183973.0,643.0,0.003495,1,2,222
2025-05-17 17:52:33,ed0f2726ae731e1c845a9d7ba3a7fa0a1ff70fb831fa937f40bd3e633dd8efc3,897134,71437.0,643.0,0.009001,1,2,222
2025-05-17 17:52:33,348b3654682a78b552690d83d7a252e5c70bd7806a0943781305c9ab32f277bc,897134,519089.0,643.0,0.001239,1,2,223
2025-05-17 17:52:33,65896b24f9d9a48e5f32970660c5c186f76f873fbe2ef7e984758cf9484533bc,897134,412101.0,643.0,0.00156,1,2,223
2025-05-17 17:52:33,4e679635cf27508968b59b8d9ed467d699533fb1d4bb444a87614dc1e188feb4,897134,527028.0,643.0,0.00122,1,2,222
2025-05-17 17:52:33,451bda3b02ed0ff509efb2c9288db890d047f627cb1b9b5a73a5cc82824c39b4,897134,2065914.0,643.0,0.000311,1,2,223
2025-05-17 17:52:33,7fb5a8742ae8aeb9e03b64f36397cb2d7a82968d636e5851478f77c05dc0afae,897134,153685.0,643.0,0.004184,1,2,222
2025-05-17 17:52:33,00cc7972ac245e2920c92a48962f2c84746fda8a95ac1de9b0918b9a218286ae,897134,193818.0,643.0,0.003318,1,2,222
2025-05-17 17:52:33,5017a815474cf378845b8e436ebd54feecda7b7515f3b83f8791b18498c376a6,897134,53321.0,643.0,0.012059,1,2,222
2025-05-17 17:52:33,9c3f2a1962ac95bdb5d5eeb976f1ced94024f5a3c5a40135d527a5b136a8db9a,897134,1448570.0,643.0,0.000444,1,2,222
2025-05-17 17:52:33,1de7fa5ce9097859bd68e70564d10f082ccd66652f39201be8ca0b5880f5ce99,897134,18111402.0,643.0,3.6e-05,1,2,222
2025-05-17 17:52:33,14892f1e7614c55fdef8a7f0c77a0ca9da6c20c0abd4c8c9d311d70c5d138298,897134,72103.0,643.0,0.008918,1,2,222
2025-05-17 17:52:33,a6eed838a2db8cb8072994d4bc75adf37b1dbae05bf78f36d6b557b0a95c4092,897134,33774.0,643.0,0.019038,1,2,223
2025-05-17 17:52:33,cba41b56ff636f03476aed1474f6c951d3183ffb48fee2223e0445087dde668c,897134,2397115.0,643.0,0.000268,1,2,223
2025-05-17 17:52:33,6289a23cfdb122b8385e297ca2a5e443d5ce3cdf07ebc92451f4cc5c2f0e088c,897134,185397.0,643.0,0.003468,1,2,223
2025-05-17 17:52:33,7904dead4bdee60be8f88abfba2acffca80d745367e1e9ac76253f01ca171c8a,897134,151693.0,643.0,0.004239,1,2,223
2025-05-17 17:52:33,e10157d20edccc5b889f30b6c96bfc5da04c331505e7edaa59431dfe52a77786,897134,108532.0,643.0,0.005925,1,2,222
2025-05-17 17:52:33,c0ff2e0b0d23ac16a9be95bb04834c6a0cc5400787064d142a97841034d51786,897134,290681.0,643.0,0.002212,1,2,222
2025-05-17 17:52:33,9503ffaeceea5695855bbdf66a2d699e12e3472c0238bd92cde02512722ed085,897134,53308.0,643.0,0.012062,1,2,222
2025-05-17 17:52:33,225819a89dc69c0485d4fa4bc2e833a5c5e496eefac195ac96c519b442bc3684,897134,464693.0,643.0,0.001384,1,2,222
2025-05-17 17:52:33,553c950a4db04a8486a0c8b7348a4c8536c2eeb417072fc90989195a782fe37d,897134,9569063.0,643.0,6.7e-05,1,2,223
2025-05-17 17:52:33,cd496f2e61a96d6997bc05637829c368982faa48df32169d746c01a72e1ae075,897134,2978394.0,643.0,0.000216,1,2,222
2025-05-17 17:52:33,b942f763013fc01b6b85f8b171edf2eb5b142c264dec4d6771d04f6ccb8dc872,897134,674545.0,643.0,0.000953,1,2,223
2025-05-17 17:52:33,7f8d2eb685b0680d37db36956171c18048283bc33621ec5c1136fb8c626a3f71,897134,292059.0,643.0,0.002202,1,2,222
2025-05-17 17:52:33,fd836e79ba38afecff9b58964ea7825cd5b2e8bcf97cb8a16af79c37b992a967,897134,4220920.0,643.0,0.000152,1,2,222
2025-05-17 17:52:33,ca838a1038735a64a30b4f5bfce517cecff6fb7c53c19c0fbba77ba82cb1d265,897134,11943562.0,643.0,5.4e-05,1,2,222
2025-05-17 17:52:33,679a4600fc62b384d002a3cbafeafe42cff56845313324ae2b6bd1ced94ab965,897134,151305.0,643.0,0.00425,1,2,223
2025-05-17 17:52:33,49aec87b517022611859befc29d2208ca244b090071d28ea627c6950f83f2965,897134,1360724.0,643.0,0.000473,1,2,223
2025-05-17 17:52:33,15928835184f6ae0a52be3a727dfeaee1ba52d9d3afd595e0a92eae49bc2d063,897134,485659.0,643.0,0.001324,1,2,222
2025-05-17 17:52:33,942a7412666685a0bcd84b759b9d173a11352799537ccb54823d4463ad9efe61,897134,111433.0,643.0,0.00577,1,2,222
2025-05-17 17:52:33,aff7a134fcb2e520166010fe50801d0eefb83fbd7f3dec4d3ca4d9589816815c,897134,54556.0,643.0,0.011786,1,2,223
2025-05-17 17:52:33,577cfd69703fe6ce9340ea2ed468d875fa6eb4215cafcd351dd41c0a7b970a55,897134,100456.0,643.0,0.006401,1,2,223
2025-05-17 17:52:33,8af75f6edca437d2af2e71464ef7a01525db3138a5906f33cac852bc3ad43f53,897134,38496.0,643.0,0.016703,1,2,222
2025-05-17 17:52:33,7ab83404d5dc362cf031ec1e9b70642d90ae26ec162c9cb541681712f37f8650,897134,772332.0,643.0,0.000833,1,2,222
2025-05-17 17:52:33,95fe7489dfa09e0ca6968a79a972182541f94c65415f593da5868a3daec3b14b,897134,142675.0,643.0,0.004507,1,2,222
2025-05-17 17:52:33,9d4f47d4522f7bc9fbce7c30b6815f766083eadea25cce76ac8707242e400d46,897134,248238.0,643.0,0.00259,1,2,222
2025-05-17 17:52:33,a3804097513d53ea8a1a22336e9b5fc831b63a56d2af967f0b48ed7c5f80ce45,897134,53748.0,643.0,0.011963,1,2,223
2025-05-17 17:52:33,f1f3619cf9b4afe9f2495fa59c5c5e5c618ad1258aedadaf708083d051aecb45,897134,735691.0,643.0,0.000874,1,2,222
2025-05-17 17:52:33,17edbb572ae98dd0ecdd92a0bf44273d46da1d990b2b8880f8ed89f21ddb773e,897134,704140.0,643.0,0.000913,1,2,223
2025-05-17 17:52:33,5af8a706d796784718c1b581b6cae444450ee9f8ee15b639f2a464c26d7cb33c,897134,3279312.0,643.0,0.000196,1,2,223
2025-05-17 17:52:33,59257b038e74a895eaf12e1d7537313d10becca3ce6ebe87df0ff038d0e7df37,897134,839598.0,643.0,0.000766,1,2,223
2025-05-17 17:52:33,98a0ca3e3ef83339e69db619374f0d6de528eb4ab86100392d6855332e0f1832,897134,348178.0,643.0,0.001847,1,2,222
2025-05-17 17:52:33,090c33e7fcfee19948fddbe329740bc31472f53b31a319ee9bfcf48b1f14822f,897134,829910.0,643.0,0.000775,1,2,223
2025-05-17 17:52:33,9a76333f95dc58f1efb972e92189a81ca0ef7cf3fb3e48563c749c0b70452228,897134,659957.0,643.0,0.000974,1,2,222
2025-05-17 17:52:33,54e04ca7324e0e55e1d4bf2b64d1a062882b05f1730fc768e0f21ff16ce69c1f,897134,261271.0,643.0,0.002461,1,2,222
2025-05-17 17:52:33,2ca9d5d827e54f5318bf24a147aaad259a18f1d888dca8d91b134f3aabd97a19,897134,39890.0,643.0,0.016119,1,2,222
2025-05-17 17:52:33,d64b526f394f589f0285f4981420e7ac33a59a9c6762add5461335dd9f381a19,897134,44184.0,643.0,0.014553,1,2,222
2025-05-17 17:52:33,d319af0b6e0d8692b9838557eea1e3730ad52dcf274206ffbca8cd3561b1eb16,897134,597589.0,643.0,0.001076,1,2,222
2025-05-17 17:52:33,c55da7428795a2040be0e1f9b3e4bbc30c4c1d60fae6b0dedf30c35db2c86a0f,897134,903906.0,643.0,0.000711,1,2,223
2025-05-17 17:52:33,0cf396b13abab58455d48d988f36fc66c0c84c211e8d19be1fb45d8446c76f0e,897134,920178.0,643.0,0.000699,1,2,222
2025-05-17 17:52:33,f0d27345ef417771cafb38d0f3cb38e8943eaba5c07cc4b1497686ea2dcacf09,897134,48987.0,643.0,0.013126,1,2,223
2025-05-17 17:52:33,ed300767444b640110bff695f0bc51ef392e9aa57a6bc096f520235bfe7ecebf,897134,73653.0,643.0,0.00873,1,2,222
2025-05-17 17:52:33,39d8d76edb408805db55e1d7674da7de760544572965fbeb1c76b447a8db12b9,897134,98321.0,643.0,0.00654,1,2,223
2025-05-17 17:52:33,b9588848ddd68633d236fab21ab79939019b3b99c3a0c09f188001494e90a6e2,897134,122989.0,643.0,0.005228,1,2,223
2025-05-17 17:52:33,25f0edcf4439f0b65aea6b6e15843ede479bff793a946f56934fe59984d1a939,897134,147657.0,643.0,0.004355,1,2,223
2025-05-17 17:52:33,0cc5923b95a90c73aa90da91189cf4c39334a2785604521aa5fabebbe6a5e608,897134,714978.0,643.0,0.000899,1,2,222
2025-05-17 17:52:33,70f03e29527c492c0cd537da2990de0a4c96bad2a82d58ed459ef6eab06a3505,897134,99855.0,643.0,0.006439,1,2,223
2025-05-17 17:52:33,8668f16bde9ef2d9c62076523e500b17b1d6d53eb97a2d6f27a2417d51cbb304,897134,618250.0,643.0,0.00104,1,2,222
2025-05-17 17:52:33,695b067a5cfd10c722184f081bff67003151fa44d3b49f0c13016cc956ca5903,897134,122824.0,643.0,0.005235,1,2,223
2025-05-17 17:52:33,db011f7c9262d66fa80692fd07d28e0b7d457ebb4ba9ded8944885308494c700,897134,66321.0,643.0,0.009695,1,2,223
2025-05-17 17:52:33,aaaafd74b334d64a6d80661c8cd7c75ec7c707a1fce7f4a17f4f810359526500,897134,119726.0,643.0,0.005371,1,2,222
2025-05-17 17:52:33,002fe94f1ecd2a5e4ca90ff866d32b34ff37b1ec587db727e1d5acedeba92c00,897134,219528.0,643.0,0.002929,1,2,222
2025-05-17 17:52:33,bf9b955ce1662e0849c5b151ea9d7864bd961196cc55e47320ea28fed22fe960,897134,25266.0,2208.0,0.08739,3,1,484
2025-05-17 17:52:33,841b76c485e08f6b5b817c72997f35c6aae333445993625d78335b60c2372bfd,897134,704340.0,3982.0,0.005654,6,2,2493
2025-05-17 17:52:33,1868e71190cc2564a8d460807d3202b5fd8d239a286428859587b381bd382ca1,897134,56958.0,1690.0,0.029671,2,2,370
2025-05-17 17:52:33,197b00cb7736c00266a037d25887784b196644f48105dbccf5c89809245aec2f,897134,48200.0,772.0,0.016017,2,1,269
2025-05-17 17:52:33,a19f34941046e39bef66d5d10156f3ae8bd38af615faf8d87d7e7ddfdb7ca4f2,897134,960172.0,828.0,0.000862,1,2,346
2025-05-17 17:35:50,f9db86d6d9656e236a5a55759054ab70d8b752820ae94a8cd991215eb9536479,897133,103907.0,677.0,0.006515,1,1,218
2025-05-17 17:35:50,7a409cf5d0a061d14ecdc3997949cfd40e4cadff7fb18be9b59296cdd02d7cee,897133,1438433.0,702.0,0.000488,1,2,222
2025-05-17 17:35:50,762d1139ee589f25330e1fda304c4c62728b66b138fa620cf3b47b257aaa60b6,897133,969698.0,702.0,0.000724,1,2,223
2025-05-17 17:35:50,4e7e99162624a4f80f5827581227f5e3d228e28f80a5000e780b07ad4eb535b4,897133,412052.0,702.0,0.001704,1,2,223
2025-05-17 17:35:50,b820f6d344ec57c526f4ce8fe75b72b7c690593fca7343bf8add455e874fc29d,897133,534142.0,702.0,0.001314,1,2,222
2025-05-17 17:35:50,6c7d50af25eb59013db499359d3051ea4b859fce8c5a9a526e664bc1e9020a89,897133,144771.0,702.0,0.004849,1,2,222
2025-05-17 17:35:50,c5f3130701754663bf8c31ede5dcabcb32a0fe49055601bf0246d580d6ad9f82,897133,134472.0,702.0,0.00522,1,2,222
2025-05-17 17:35:50,32e14a028f64cf9f7198b8c68db42cc990abb592f226ffd88f1b716ab2482b52,897133,1573951.0,702.0,0.000446,1,2,222
2025-05-17 17:35:50,394bfad81655d2f9980b42a47e0872931d435eca6d6772173023db166befb445,897133,34708.0,702.0,0.020226,1,2,222
2025-05-17 17:35:50,3b1368438e71102b453326f76ee4e30d00a980cee88f194607bdbb00922dd63e,897133,383010.0,702.0,0.001833,1,2,222
2025-05-17 17:35:50,f4412098853356fcf99fdef552f5a2f4802b782a4dbeab6cee87f06ec914d514,897133,770234.0,702.0,0.000911,1,2,222
2025-05-17 17:35:50,493b6b49bd7eab9b3b51bbf5ab3ba13a649061f51472250bc2b2c571270cb7d7,897133,627076.0,707.0,0.001127,1,2,223
2025-05-17 17:35:50,a21b6c9ecfc48c002071b23eccd61b8218415cf84546d0d82441c13655ef9f71,897133,192845.0,707.0,0.003666,1,2,223
2025-05-17 17:35:50,0c957823106391a7c38a4ea6904ee15eb2d306db075bb0b4c06129c8400dd0ac,897133,50037.0,717.0,0.014329,1,2,225
2025-05-17 17:35:50,fb51b1ec9d22077880844699cf98a0926cba2f01112cb937bde45eeef8c3b0a5,897133,535039.0,717.0,0.00134,1,2,226
2025-05-17 17:35:50,a4d4d4a6decc25176f864ffc743551e812589f5e4a6819927654042504c4948b,897133,160775.0,717.0,0.00446,1,2,225
2025-05-17 17:35:50,2c11859857d8e82a19edeb64ae7157b11e1eebe3eb1271368174f93aeb8b2a00,897133,189937.0,717.0,0.003775,1,2,225
2025-05-17 17:35:50,9dd4e34bbef6d450953ef634038c5f9f9352dc36fb928bddb881fa3e387ea1d0,897133,131452.0,548.0,0.004169,1,1,191
2025-05-17 17:35:50,5be7a309c6f7107462a5061daf407f9bc63b2032a14abe6f021474f8a3c2b84f,897133,989.0,548.0,0.554095,1,1,191
2025-05-17 17:35:50,40776498dba7fff1ff688c7b50135acd4a8a5191289399f745519d5cbc8ad7be,897133,95211.0,553.0,0.005808,1,1,193
2025-05-17 17:35:50,721d91bad29ef333ae7acc9f48bfd3bf36ee67e18844ea25578b255d7da5ad96,897133,637031.0,553.0,0.000868,1,1,193
2025-05-17 17:35:50,447883dacfd359297edec288deddac25d3347c399177516a8feb344b3d3524ee,897133,483256.0,563.0,0.001165,1,1,194
2025-05-17 17:35:50,5eef03cc03e469d3b648cecf0606a3d6feca8225310081017ac1ae62cb63e7a2,897133,32002.0,563.0,0.017593,1,1,194
2025-05-17 17:35:50,d4c184af5d2d2ce9cc5d8ba8b1233ad419fba0a84e59e3cf9ef8c83dd2f19739,897133,4367953.0,872.0,0.0002,1,3,256
2025-05-17 17:35:50,492b888121678574f2e58aa06c22d6423a00711c2f7361d7164b019fd69f6526,897133,333003.0,997.0,0.002994,2,2,300
2025-05-17 17:35:50,204e12e20c2a5ba229e28975955a9da2ac6f79e7fef68182785e30ea10439937,897133,359126.0,1107.0,0.003082,1,2,222
2025-05-17 17:35:50,2d1dbfd83b771afd74017b2f192b346a83811b680d3b6de846e76a4c669c7fc7,897133,16016.0,783.0,0.048889,2,1,257
2025-05-17 17:35:50,3814c5330aaff613f6a0cb7b9616621fd1ca33fc8203f58efce3991d61d6b86c,897133,30168.0,783.0,0.025955,2,1,257
2025-05-17 17:35:50,0ac417c6b99585f6f6943f808427316509fa01c55e075e6000412d1da5cdeb31,897133,131545.0,788.0,0.00599,2,1,258
2025-05-17 17:35:50,237ee0d5b44550cece327ba598b575fd298793152b37b6605de45c6b99f74515,897133,33551.0,883.0,0.026318,1,2,258
2025-05-17 17:35:50,676a394a776a1eb1a3375e93a0ed5bd6ad648741db1ed23229265c459a2e5c58,897133,277802.0,893.0,0.003215,2,1,341
2025-05-17 17:35:50,4c844137750de93c3402559619aaf3346b838049f7594a9231fb452f905d2d54,897133,65230.0,998.0,0.0153,2,2,300
2025-05-17 17:35:50,db88d71745c9427560724717e1be1ea5485b78ac9597d5713e7c75b107196ef6,897133,351451.0,1038.0,0.002953,2,2,370
2025-05-17 17:35:50,70ba8ad21f1dd541edbe6e62561c3aa711173b1bb5ae5575d00dbf299cf86cf0,897133,176827.0,564.0,0.00319,1,1,194
2025-05-17 17:35:50,ff499b639fa937275cf069cb727b26acf85295dfe77a3d853b67ee43321053e2,897133,1390333.0,1453.0,0.001045,2,3,391
2025-05-17 17:35:50,fe2df17c6325b7bbae0ea29edba2f2f9a469121c477c34df8447e55de92ee220,897133,6148198.0,3670.0,0.000597,12,1,1330
2025-05-17 17:35:50,a7868c791df5da496cd188c9c03e183fc4472e4e78548794bfbca00c3311feff,897133,785281.0,555.0,0.000707,1,1,193
2025-05-17 17:35:50,62583adf923e9b33f1394d2cbc0ec4aebfee80a519b51527dbf89c6564445afe,897133,41852.0,840.0,0.020071,1,2,250
2025-05-17 17:35:50,d29dbc36098ce9738718906b70897b260e1eb54a722e5a842ca77026bdab01fc,897133,236721.0,550.0,0.002323,1,1,191
2025-05-17 17:35:50,914ebf38f7e236173e2e3df73b513ab2c99f33fc489266e47bcfb30d29234df7,897133,245151.0,705.0,0.002876,1,2,223
2025-05-17 17:35:50,23ece643139dcec9ca4e4ba1bf5e945818d0b3b2c2d8edbce58e35e0136406f7,897133,4356603.0,550.0,0.000126,1,1,191
2025-05-17 17:35:50,f7d8ca0fcf14044acf75e9ed86c76d99bd82c09a431d43be93db4d304264f1f4,897133,2639958.0,1045.0,0.000396,2,2,371
2025-05-17 17:35:50,fd2c73d018e47833281329abd84cfed4193655f9c1faa5ad159797ae2c25b7f4,897133,494142.0,865.0,0.001751,1,3,254
2025-05-17 17:35:50,4fbabc3b6f4a8f6b788d9f0835d59e83c69935a2d188ae28b57e915adac26bf3,897133,183581.0,555.0,0.003023,1,1,193
2025-05-17 17:35:50,93e606aaef7b195023b1097f4194b40243300d6d803e2897cb51b85804274ef3,897133,106887.0,1060.0,0.009917,2,2,374
2025-05-17 17:35:50,42d4218577c27ee5d124c5e942e130b04238ec603e803fde11ebd463577207f3,897133,551285.0,715.0,0.001297,1,1,324
2025-05-17 17:35:50,a28f21d29c50d0fba7441cd6305b9e26f78e370e8f36db3733a600563984def2,897133,546.0,770.0,1.410256,1,1,331
2025-05-17 17:35:50,003af00695a1cd7cc11c8628f7ab53e30694df6f50e2f598d6233b3938011cf0,897133,56328.0,705.0,0.012516,1,2,223
2025-05-17 17:35:50,5282a2683e1f670e859993302ddd0253fd36d3a384ab0e9fe28a90af39fabeef,897133,828607.0,710.0,0.000857,1,2,193
2025-05-17 17:35:50,f6fa831e94f7298099ebcc7bd377756a9b026f69b5f7e292c3f0659351a5fced,897133,4394329.0,705.0,0.00016,1,2,222
2025-05-17 17:35:50,7fdfca1cf812b932ffd1a8f8c679dc450ec313d0816174d52331e3f796a617ed,897133,193435.0,710.0,0.00367,1,2,223
2025-05-17 17:35:50,10758b9f6c416e9de7c6cb059e1a97cfea4b555d17019e16207bc52de42f76e4,897133,4600585.0,565.0,0.000123,1,1,194
2025-05-17 17:35:50,2cbc74a40093e36915e0d1eec882d70edebf7ca5d15e71d8fbf752cde3444ee4,897133,45639644.0,825.0,1.8e-05,1,2,247
2025-05-17 17:35:50,85948a8f0c50f4a5205b8daf54276342fe9fb22b077d58c761ba87df6ff830e4,897133,1887503.0,565.0,0.000299,1,1,195
2025-05-17 17:35:50,7c4f97da9b0d4f91b7b2d110266032b9ef1ed62a38a7763f856ade48b477d6d9,897133,19119801.0,45755.0,0.002393,134,2,19905
2025-05-17 17:35:50,48bc417d861706c5c3b30ae3689853e96b78def10a0f0de1db05e3a226278dd9,897133,20714.0,825.0,0.039828,1,2,247
2025-05-17 17:35:50,ac56b1ccc83ae6911fb08d00495414fea8a7ab94028cba2c55439bb2f91ccbd4,897133,19848.0,720.0,0.036276,1,2,226
2025-05-17 17:35:50,a159cc6b3bb6587d901ab0f38ff69c909984531dfa02f5a53aa3d3d5c594a4ca,897133,31490.0,510.0,0.016196,1,1,153
2025-05-17 17:35:50,460f0d073e7c04d238bb38afa6e644e4cb0041c02b5a2374ec720270a17908c8,897133,3380283.0,1020.0,0.000302,1,4,285
2025-05-17 17:35:50,f115ec725217451b04866bf2549b488993f86ab8e93fbae2e1c65233b86acec7,897133,861077.0,994.0,0.001154,1,2,193
2025-05-17 17:35:50,8e12df838f8ba5bf01f0b4345194982785aa81913b83dd0816d80aaf360ab5b8,897133,871780.0,426.0,0.000489,1,2,193
2025-05-17 17:35:50,427b2a4d564e9c991e628ce4b95047f15c8c31bb6fdb2a8ad0a0829239a06ec5,897133,10106717505.0,1255.0,0.0,1,4,442
2025-05-17 17:35:50,7f7cc18b2aef4a270cba83c8fb5daa353e107701737f723a7243b36c377c66c2,897133,486070.0,705.0,0.00145,1,2,222
2025-05-17 17:35:50,a8ee785fc0cf202ecedc491d4ae99ecd4d10e465e8bd766435dc4d1142fe8bc1,897133,90851.0,705.0,0.00776,1,2,223
2025-05-17 17:35:50,af61f3783ac8589d8eac755b39b11c6a804304a088e259cd7e75fe85cc6edec0,897133,11452.0,705.0,0.061561,1,2,223
2025-05-17 17:35:50,ced2224536bae6b5b02714c0f8b7759e758f7a414cc6e4cdd7d4292f63c58cc0,897133,48058165.0,705.0,1.5e-05,1,2,222
2025-05-17 17:35:50,70ca23e9593e1dd07a4c7adf7973081bfbbf90826cd2a0341e64f17caee3c3bf,897133,5106404.0,710.0,0.000139,1,2,224
2025-05-17 17:35:50,cd891179e009f65c652a67591b897a644c0c1db7581709cd5fc68692fc57a0bd,897133,5453677.0,865.0,0.000159,1,3,255
2025-05-17 17:35:50,2587d0ad4ea5a144258c2c35caf778a5c83bdb840fbc4e229aefec8c6f7654bc,897133,1691271.0,705.0,0.000417,1,2,223
2025-05-17 17:35:50,527dcf2030980a0cb877d3e98ba5a2093500cff52af65f658aecb8d49c5289ba,897133,80710.0,765.0,0.009478,1,2,235
2025-05-17 17:35:50,49b0c9ae7708ff4b9b5d33107dadce4778b43e96367be6c27584c3ce40965ab9,897133,38705.0,665.0,0.017181,1,1,215
2025-05-17 17:35:50,fb39250207b4b0acf541d081d7e50c7d062d1faf568896edcc61cb441f2d9eb7,897133,317716.0,1060.0,0.003336,2,2,312
2025-05-17 17:35:50,0363a1590e45eb8555a1ef853c743dcea6c9b2bb492194c422eb955d79bad5b1,897133,560210.0,705.0,0.001258,1,2,223
2025-05-17 17:35:50,f05a3e3a87c9bf1c8fabe5def7b311abf0dfcbe6c382a47ceaf403f6b4d845b1,897133,699119.0,2735.0,0.003912,1,15,628
2025-05-17 17:35:50,c27a92b88b8984dd1d6b8a4cf33361a98120f485acb5354a38f17edcdf1e32b1,897133,197282.0,1045.0,0.005297,2,2,371
2025-05-17 17:35:50,ee2fe2fa024495473e0a9337bc3dacfdeaaa45a379c64f45c9093b530ef232b0,897133,377638.0,705.0,0.001867,1,2,222
2025-05-17 17:35:50,fc5490da68d38d62f16d6429c1745d850df3940d187218dd0815131abcc882af,897133,324903.0,1045.0,0.003216,2,2,371
2025-05-17 17:35:50,47ab7edceda8d866c8c6bd78c6355bbf5f04ec47a7b8b33b8e5969ce62a73baf,897133,22464.0,550.0,0.024484,1,1,192
2025-05-17 17:35:50,046ab3eca2568bf6385396c757730cf45f9844639af59474de2842e21fdddbae,897133,87192.0,825.0,0.009462,1,2,246
2025-05-17 17:35:50,7d5ec55c7d87ce1e9b01cf63b792452f530402a2adaf36b9af4438327cd1afae,897133,70489.0,1115.0,0.015818,1,2,223
2025-05-17 17:35:50,6edcca40370d5b7f363f2cba0ea9cdb8588740ee4cccda162b4b763359c6fcad,897133,8949.0,2810.0,0.314002,2,2,300
2025-05-17 17:35:50,7baedd573238563bd606ea40de07e86a88cc926524bd21a4e005f386fa6e7024,897133,841475.0,254.0,0.000302,2,2,313
2025-05-17 17:35:50,ecf02e99b0b175ac88eaef58afe479105f78da1dc192d96524846ff200e990cb,897133,1150620.0,316.0,0.000275,2,3,426
2025-05-17 17:35:50,12b2131077a16e9142dda317410a053878bda80755ced1d7c8abe0feb18f26ad,897133,5305918.0,830.0,0.000156,1,2,247
2025-05-17 17:35:50,b0d472ddea662e37ec223d33c6c55c064bf530a35da753748574c5c4ecc6b4a7,897133,163791.0,705.0,0.004304,1,2,223
2025-05-17 17:35:50,73ca607eee1d2551138f69dd213462e6f6e8667732dc15204449d144133887a7,897133,99667.0,705.0,0.007074,1,2,222
2025-05-17 17:35:50,80c88286f4605481310eaa7f0026a690671f60ed5445777cac3e9fe76b2768a7,897133,352257.0,1020.0,0.002896,1,4,285
2025-05-17 17:35:50,29e6f633e99f68f08db52a001d1203fc3ee6e316e52fa8a91856d73ca85337a6,897133,216915.0,720.0,0.003319,1,2,225
2025-05-17 17:35:50,68a1e4e5d5c4b1ce5f7a9bdbf3c0144b4048e526392b46c374b04fc309e725a6,897133,546.0,770.0,1.410256,1,1,332
2025-05-17 17:35:50,25f92bf679d5b6011b4611b6cd7bbebc77f010474153ac6a93deebcb9d1aa7a5,897133,2887243.0,555.0,0.000192,1,1,192
2025-05-17 17:35:50,9412fd002c685082f08dd2d8d1a04b19c44d34e2da6ae221cb3e7b6259c3a7a1,897133,211282.0,705.0,0.003337,1,2,222
2025-05-17 17:35:50,a2a8a0b77384366a01a1919851ad9d9d1b7a7c9e7d3fd7dc1e5feca2fc9a15a1,897133,81275.0,1460.0,0.017964,2,4,392
2025-05-17 17:35:50,3f253adff292f8cae9718c604163a91f02c0bdb2d033ff0a745267715ebd3c9e,897133,43019.0,720.0,0.016737,1,2,225
2025-05-17 17:35:50,45e851a101fb6f40cbe7407ac4008818d6a6dde983c2f566da5593ddc46e229c,897133,810035.0,1060.0,0.001309,2,2,312
2025-05-17 17:35:50,6e8f5091af5669ac5b23f2edb6f4460132216e7100a472e6440a82227fd3fe9a,897133,50001.0,1105.0,0.0221,2,2,383
2025-05-17 17:35:50,2f36c41d318be00863ba0526d4f7e29b6473b733473c2bb02d6aa7a1e5bea496,897133,49564.0,710.0,0.014325,1,2,223
2025-05-17 17:35:50,81d02deb7b88a6309c2d07ea982fde9dc2b349aa172123005cb25978d90a9f96,897133,1713986.0,705.0,0.000411,1,2,222
2025-05-17 17:35:50,8deeaa8c414d75e0b28f9308cf72f38bc20a02ffca630d5ee330e2f095b88c95,897133,60211.0,705.0,0.011709,1,2,222
2025-05-17 17:35:50,8e1748e8e2acf1cb004c2aa14190d3899fb8f5f535a18d6551f2a0ce40c4b593,897133,151694.0,1040.0,0.006856,2,2,370
2025-05-17 17:35:50,ac957c48d70a4e3517f1ef1105283487d233ace8c00596ef858fb7e04358a893,897133,40003553.0,705.0,1.8e-05,1,2,222
2025-05-12 21:13:18,ed9b369338f5c104fc69a10ce43bbc2ba4a6acdf691314c475b0e4b3fba678a6,896458,17387831.0,812.0,4.7e-05,1,4,284
2025-05-12 21:13:18,77acb639f77b2bb73d6aa0424df4fdcf82f1cd871b4f57596ce930a260a727a3,896458,12568724.0,876.0,7e-05,1,2,222
2025-05-12 21:13:18,592ffe79be3d680de83db9b66c9721910bec3bbedc1e43a2764718dd784147b7,896458,73628427.0,25838.0,0.000351,28,1,4157
2025-05-12 21:13:18,39de14fbc7dcabd9ae9f958f5ea821115c1311f7e6dcac14687c6e4756d8729f,896458,92221548.0,1326.0,1.4e-05,2,2,374
2025-05-12 21:13:18,ef6f14bc282b66801c007504c904228dda54f3f43657b80516ec35ab1f422c6e,896458,11055984.0,964.0,8.7e-05,1,2,235
2025-05-12 21:13:18,db57dc7854cb8b4e57bfbc6c0d771d710bdcacd3942a3e3f9ec7e852e46122ec,896458,29556144.0,1326.0,4.5e-05,2,2,373
2025-05-12 21:13:18,dc6853d8be4903081d1dd6e2f0c0e8bf8f1236606f6a5d7276483d16c0a5acb5,896458,4684046.0,5187.0,0.001107,10,3,1625
2025-05-12 21:13:18,9cf8d611e12d914ed4207f4fc587ebf0c3a9adceaf10a5d5f66612f275c0cc6f,896458,1723481.0,1326.0,0.000769,2,2,371
2025-05-12 21:13:18,c4a7fc0b56922c7b400b5c73affc91b7956afcdefcc5ba463771c8ac1b9f8541,896458,261983.0,1272.0,0.004855,2,2,300
2025-05-12 21:13:18,0f168e26f9f7a6631b7dc4a98b20d81be2009ff46a6999292fb4b8ba24bec5f8,896458,516244.0,1056.0,0.002046,1,1,191
2025-05-12 21:13:18,b313338474f2d3df75b07babbb20d285915621baafbb4c29ec807cc077733025,896458,48684.0,2275.0,0.04673,1,1,195
2025-05-12 21:13:18,4195bce18f0b4c681bf447ae5b1ef840f4d9597360ff307cd04dcadcff89c809,896458,50959.0,641.0,0.012579,1,1,192
2025-05-12 21:13:18,18182c5acbdda2aefd24a1a19167ec536364b817e3b93ee45da603363eae3eb7,896458,78598885.0,1885.0,2.4e-05,1,13,721
2025-05-12 21:13:18,c266176548c3755d5f6b7a0e3111d798c1058dee6432570ade7642927385543a,896458,88469503.0,1238.0,1.4e-05,1,3,253
2025-05-12 21:13:18,afdaa861593f8ccf2ae1a5e62fea91064fb5d7924a6d74eb2601dccd056be035,896458,1912386.0,1910.0,0.000999,1,1,192
2025-05-12 21:13:18,6d1c934128e542948d2d36835c9539ba9ca6454ae7ed2bff9ea4879523cc02b1,896458,73311.0,4963.0,0.067698,3,2,520
2025-05-12 21:13:18,2fc9871aa27a5d7bf8960b001228f693b8e140fd7c37e7f67e8dd03e5049aada,896458,88625026.0,244.0,3e-06,1,4,284
2025-05-12 21:13:18,88f3b8bd3e8ff6703ca7d810372df0a5148dc71957e70fc455f83df1b081be2c,896458,90753897.0,206.0,2e-06,1,3,253
2025-05-12 21:13:18,ab2eda68f6340ffa81a984c1210542cb51601c74e6a431ae0a1b6b5968ade7c0,896458,91733710.0,169.0,2e-06,1,2,222
2025-05-12 21:13:18,1e487a9e9f7799c0488225bcd116281332ad5a265430657f979c8905df501cbc,896458,906757.0,2467.0,0.002721,1,1,195
2025-05-12 21:13:18,baf9b269e8dc4607f0b05aa2a32d0340f643df6544ad19af3070339c3ffcbbf6,896458,1395902.0,322.0,0.000231,1,2,222
2025-05-12 21:13:18,4db069a450c855b3b9f74d92ba4b9910e3f037ceb879c28f1add6add99d4c767,896458,3051474.0,322.0,0.000106,1,2,222
2025-05-12 21:13:18,eee55df1cbffe6e289476ff34b8e803bdb97453f37927b3ce0a0e9fda639c900,896458,4027452.0,322.0,8e-05,1,2,222
2025-05-12 21:13:18,afeb21caa627cc9c4fa1a1138b52bcb71c3e10fc8e6eb205d28fc3caa7d118ff,896458,267072129.0,904.0,3e-06,1,2,223
2025-05-12 21:13:18,a1e1d2013362673ec9d2eb028f193344bcc1d4df1c34e488619adff5cee40942,896458,64294.0,706.0,0.010981,1,1,191
2025-05-12 21:13:18,656aeb2c234d16ff8dac75c25f315d622eb715138b63ac4dcaaa246e478f9c9d,896458,27005.0,1500.0,0.055545,2,3,396
2025-05-12 21:13:18,71c90bce8fdc5d5f22098f60e255af3ee0d40514636431a6e2e1b45ac4769a2d,896458,28505.0,1500.0,0.052622,2,3,395
2025-05-12 21:13:18,3150161cb42ead47e25ac7410bbbbf30e159540cf809ce317d601cf73aef62de,896458,3772549.0,4404.0,0.001167,9,2,1412
2025-05-12 21:13:18,d8d5cecf3e240af5a64bfed4cc359757a5a27565f63aecca9ea57456705e6db2,896458,106112.0,924.0,0.008708,1,2,194
2025-05-12 21:13:18,f5b3d9f0dba2bdf46c6f5736e9a27b2b09db3b659bcb4c7f87a7d0df07e24646,896458,25467.0,924.0,0.036282,1,2,194
2025-05-12 21:13:18,c7579d5c879473342fe6f86100ddef1eca9ed1c72b791c495bc346b03dfe1955,896458,477150.0,918.0,0.001924,1,2,224
2025-05-12 21:13:18,4d28d3b14d8f4feb744f2292835bda81329e2701b602e65c69523dd186667854,896458,21015.0,918.0,0.043683,1,2,224
2025-05-12 21:13:18,cefe78979898af78ecb03bac7054c84eef1da7a4cae5d6cce892dfbaccf678a9,896458,763594.0,1462.0,0.001915,1,2,226
2025-05-12 21:13:18,b0fb065416578598016aea131ade4dca47c192771d4bdaf065a9567e278f53c5,896458,250440.0,1897.0,0.007575,2,2,374
2025-05-12 21:13:18,78fbcd3540f0115af25de7e5475a769fd62f650ae368eff865feca37f12ef524,896458,8315448.0,936.0,0.000113,1,2,195
2025-05-12 21:13:18,993215e6f2463dec542a9d3a5a3a1ce92852247e87cf02d2e1c0ac9e7fe5a41a,896458,8221.0,1528.0,0.185865,1,3,400
2025-05-12 21:13:18,02c31d932ad6477ea17028dcd007c8c6ee8d8d1df4bbdbefd295ce97b65b1be5,896458,35964.0,924.0,0.025692,1,2,193
2025-05-12 21:13:18,be4743a2cd51f3aa3bc43e1780c3d78a920455a3d47a0df803b5a711c53b83b9,896458,348720.0,924.0,0.00265,1,2,193
2025-05-12 21:13:18,0122b329d7519fcb2838adb483107f6de1c7178501f50cba6ab81f06567eec81,896458,73883.0,924.0,0.012506,1,2,193
2025-05-12 21:13:18,0567c706aa86dc65a4cb47eca702167c8c80d13ad3ced87921d61088cde5b940,896458,181802.0,924.0,0.005082,1,2,193
2025-05-12 21:13:18,c5b62de51ce39bf7240cab323b055b580c45d074b3c694619de5eef11c200b28,896458,561582.0,924.0,0.001645,1,2,193
2025-05-12 21:13:18,09ef5775a0ca26085c5756bddcca5b8103ae41f294dd0c1e6dac789062b02709,896458,81544.0,924.0,0.011331,1,2,193
2025-05-12 21:13:18,1ce837eec6115670af78a9f2ec258bb85fa5a0c7a81ff327315b89843d165fc2,896458,78244.0,918.0,0.011733,1,2,223
2025-05-12 21:13:18,38393bb424e2dcc94dd5b5648b12143b8f4ed874cd03da5b2a7932f46dfd6336,896458,23059901.0,918.0,4e-05,1,2,222
2025-05-12 21:13:18,d4d4fb8d73703271c7c9948be00ce792740038d4b22bf492f2219619c322111a,896458,329500.0,918.0,0.002786,1,2,222
2025-05-12 21:13:18,76c2ff67563e57ddcaec5529659ec6c4c583568708cb9a59ac2284e9e6f18fd6,896458,4836963.0,1450.0,0.0003,1,2,222
2025-05-12 21:13:18,fae58eb162e45f08556b8e756242dc9a1a204ffe44e9dc472ad84b9a7cd4ed3a,896458,6137500.0,1000.0,0.000163,1,2,234
2025-05-12 21:13:18,254a0bcae8e78056ac634b014979f855df569ff54f0782b5b0230eac0261d6f7,896458,110931.0,1393.0,0.012557,2,2,374
2025-05-12 21:13:18,40aa0c84f1bfbd820f75e17025b7ba7c1c0f713b00ab3f15dfb69d835e48c3a3,896458,85572.0,1393.0,0.016279,2,2,374
2025-05-12 21:13:18,b89b71024804127a4b9190c7c87f9c6645d5b6b7225cfea75032691cceccc615,896458,1382001.0,1078.0,0.00078,1,2,245
2025-05-12 21:13:18,e69bfc53efd0f8b2eed1a93b6b6ca11a1297a02f846f4b3b201b8437d173b7e5,896458,17562.0,724.0,0.041225,1,1,192
2025-05-12 21:13:18,8b95c7e4f4d81565d4e04a1a7cf8e22dc10bb897663dfc550d81a4579be546c2,896458,153313.0,1462.0,0.009536,1,2,222
2025-05-12 21:13:18,fe4ab61f6e3623c732ea24996c5a242d1be53e66b727381d630314b61f7094c0,896458,517462.0,1304.0,0.00252,1,3,279
2025-05-12 21:13:18,3e3de986a217aeb37d54a308af236a991845e055cd21a9ebd2168c2b428b45f2,896458,9718972.0,1393.0,0.000143,2,2,373
2025-05-12 21:13:18,f2994596766b39d6f6bb9af05ebd0d25923dec52d3ea29b313aeddc37a649193,896458,400892042.0,1752.0,4e-06,1,3,265
2025-05-12 21:13:18,df931b39e0d93919149d4df25d48fda89eacf70231ad45f501b9008892572850,896458,511413.0,1197.0,0.002341,2,1,343
2025-05-12 21:13:18,aec608f56fc169c432ce7dbc25457acc8d47e86479f5c9ee9b41c47a80a2aef4,896458,36184980.0,1720.0,4.8e-05,1,3,253
2025-05-12 21:13:18,af463517d8c1d3abcfe1a2b164c6e7bf09c9892d81914cc32a0ccbb4df3f2350,896458,37219570.0,1790.0,4.8e-05,1,9,439
2025-05-12 21:13:18,23936acb92bd25525e1950857094f46114e96c6f29f333081556d7b85fa360ce,896458,7756187.0,1393.0,0.00018,2,2,373
2025-05-12 21:13:18,323d9fe8d2fb6a8af71f28ed413ea142279b9913e74e4c5b3cbb36b60d9b2fa6,896458,1016407.0,1393.0,0.001371,2,2,372
2025-05-12 21:13:18,560997ebc39f548c0ccad83f37bb110a2a661de08a92e0705ae1d8cd1bf2ea9c,896458,10771965.0,1393.0,0.000129,2,2,372
2025-05-12 21:13:18,3843d1621469a511220cd80e6991f7fdf21517b922e66349795f7895debafc3b,896458,33984.0,732.0,0.02154,1,1,191
2025-05-12 21:13:18,262b893002132ae66e6ead06ce4bbdd07adaf39ca098d94907de726f4777b893,896458,599563.0,1393.0,0.002323,2,2,371
2025-05-12 21:13:18,49c70d101eeb805b9c8a71bf1fb714607fa907252e2a06df6aa273c12ae4d140,896458,1318875.0,1393.0,0.001056,2,2,372
2025-05-12 21:13:18,22ef626e68bd8aeaf9990f0ee85f24e0819340b23bfbfdd7092eb116e33c7733,896458,41871.0,1393.0,0.033269,2,2,371
2025-05-12 21:13:18,bba8eb3fe2b80cc2c78757277aa0bbe632090eacae23d51ab3c94a1d8bf48eef,896458,164243.0,964.0,0.005869,1,2,226
2025-05-12 21:13:18,710eec2a37b0c02e82d8073950e1d68a339b72f324208c32ffd62893acf54879,896458,78804.0,964.0,0.012233,1,2,226
2025-05-12 21:13:18,0971561fafe5230baaadfcd8f51959514090a73d5172a68f137e8a1795729b72,896458,444466.0,964.0,0.002169,1,2,226
2025-05-12 21:13:18,d6a49a03c9df7e08c058600b627049df1f997c2553c58e6180344c076e674007,896458,6858876.0,964.0,0.000141,1,2,226
2025-05-12 21:13:18,2c3bd76825bfea7fac13501ed98f6670fe5556e0a9dd8c552d0ad6a5a3347604,896458,604971.0,964.0,0.001593,1,2,226
2025-05-12 21:13:18,e4780c2e56a8a772ed43fe0914d1471c623d5dcde386df68fca960b665b49324,896458,8682983.0,1197.0,0.000138,2,1,340
2025-05-12 21:13:18,837808293cf9a93787f9af60423e49ba53b69df694546d8bf4074552b4cbd676,896458,640653.0,1130.0,0.001764,1,2,249
2025-05-12 21:13:18,c76d9b15518d96fa240c69a34da223f220ba8b8688b8b8539a7476234810845b,896458,215029.0,964.0,0.004483,1,2,223
2025-05-12 21:13:18,a6ec6fb3bec9e9a6ebedaba78d781cf0f4e497b7d0dee070bfb9942dae932909,896458,498530.0,1393.0,0.002794,2,2,371
2025-05-12 21:13:18,d0a9be7963759a9462a64c06b02ce19910570a3fc85ee356badb9900ca1366db,896458,170958.0,964.0,0.005639,1,2,223
2025-05-12 21:13:18,902bf816847a867a5c671f9545b367a41cd857e84822b28b734f6295a6b54a53,896458,140965.0,964.0,0.006839,1,2,224
2025-05-12 21:13:18,5763c98fa70d57179d477c0bcbf4727d5cf472bf12153817f1692d7e273e01f8,896458,147220.0,769.0,0.005223,1,1,194
2025-05-12 21:13:18,266155a23e075d5718ab9dadacf77e3a383f3fac9fcd2fa640fb6370d7a66472,896458,935583.0,769.0,0.000822,1,1,194
2025-05-12 21:13:18,fee4811a5faf7dda09b3c0442067e523c90de2d5dd4da84d849c660108cba439,896458,35033126.0,4560.0,0.00013,1,12,532
2025-05-12 21:13:18,c664ab9599bb2248f9abb30395bf90c633ca83839ed26518aaf8680fbc31e2ec,896458,36098818.0,3270.0,9.1e-05,1,15,625
2025-05-12 21:13:18,9a4a8d4a32752319048d1bdb938cbcf4b595ae724f65e0daa21b6e8a921dddb5,896458,37124577.0,2900.0,7.8e-05,1,16,659
2025-05-12 21:13:18,7a5a2cee843198fc632bb3c0ad43ebeb4e03a94953b1603f85ea7ee215ea824d,896458,423095.0,1375.0,0.00325,1,1,192
2025-05-12 21:13:18,54ef9aa396d0db90c5940858e80ac232d3a37e3d1d6fcf2108d5b0e62e0903be,896458,18666511.0,338.0,1.8e-05,1,2,222
2025-05-12 21:13:18,ca3398cfdfc143028b5d7e790add69c6210fc9a2b1742fce306fe50ab31df231,896458,1183274.0,1046.0,0.000884,1,2,234
2025-05-12 21:13:18,68ccf0dcef7f379043a986bdd385a29c26d4bc13977b6568ce64353bfcd82c14,896458,1178824.0,1046.0,0.000887,1,2,234
2025-05-12 21:13:18,c9c15d3d90aeb0fa0206b2cb973b973467274e90e44ae9f0bed4c4c25292f0ca,896458,5296085.0,964.0,0.000182,1,2,223
2025-05-12 21:13:18,791de7365e0854e2d2f3b44fa724bfad9eb3013c4796aea202ce63b4968135c9,896458,267720.0,964.0,0.003601,1,2,222
2025-05-12 21:13:18,11e1efee500596d01258758579d04c9fedc9036d4df1fe42824bf86426c6f4c6,896458,43268.0,964.0,0.02228,1,2,222
2025-05-12 21:13:18,2e62080051a6e439a58f1f8fce1d5787f25ac58b7297925954447da05d875dc3,896458,1943935.0,964.0,0.000496,1,2,223
2025-05-12 21:13:18,261dbe406e5d6497835cc081165029f8ae07a35e97b4aebb9a2e5d59f27c6dbd,896458,49100.0,964.0,0.019633,1,2,222
2025-05-12 21:13:18,bfc7f917e8b3a3d6b41610c4ad4b8f57126c9a17cb1ee10811ea2dd5740743b0,896458,31611.0,964.0,0.030496,1,2,223
2025-05-12 21:13:18,ecee6730309ca2efc4d70fe41041a7077fa2340dbf3818ccd4d2ace431a887a7,896458,29446.0,964.0,0.032738,1,2,223
2025-05-12 21:13:18,a82f1d2d19167cf8f0e1cb117247c2b5ad75b24d41b7a3f50a6fdc7d4d648b91,896458,368173.0,964.0,0.002618,1,2,222
2025-05-12 21:13:18,3c1127610ff11d627fb444945e75e936c34a29691b45267fa17ca26ae957dd8a,896458,125796.0,964.0,0.007663,1,2,223
2025-05-12 21:13:18,14b681adc9961af51507d7149b6ad3361f3a79ecfb53d1216626cf3ffa19fe6e,896458,272483.0,964.0,0.003538,1,2,222
2025-05-12 21:13:18,f1bfb342967db5f858132f39e8b9e3736e27ebbe578070709310621c99e05a61,896458,291727.0,964.0,0.003304,1,2,223
2025-05-12 21:13:18,055187a3c14c6b6d96cad6d8ddd26d2b0ae9ec0842a9b3d4178e328f4644ab40,896458,119081.0,964.0,0.008095,1,2,222
2025-05-12 21:13:18,61fe6b5ce4e0d35e529243522ef3853a4f7fe2b9467ac4ad0062aeac79911028,896458,73769.0,964.0,0.013068,1,2,223
2025-05-12 21:13:18,473c0bc43a23057a1e7da263b745e66a2900adff1d93e6f23811d3d47c5af327,896458,1646949.0,964.0,0.000585,1,2,222
2025-05-12 21:13:18,d78f74ab3d8c5151a0656f1ab63c0e2118c99d47a9bfe81b610c292ad7a24e0f,896458,242407.0,964.0,0.003977,1,2,222
2025-05-13 04:23:38,457231536273322f273e5c58f6ea6f841a08c3706919b19c476266063377017a,896497,546.0,154.0,0.282051,1,1,331
2025-05-13 04:23:38,f2ee0bd5da4e380e249c141867d7913a487658c5689d5c60fe70d2ee386a927f,896497,1361738.0,154.0,0.000113,1,2,205
2025-05-13 04:23:38,5fed775bd77b663b54a3171b64ce85ad4ce8a734fc63d729fd881c882705d279,896497,546.0,152.0,0.278388,1,1,325
2025-05-13 04:23:38,3f1d2d2f46e3a0c9ca37d3ee3adb337442f0516b6216499c3f1fac127311b4f0,896497,6846.0,154.0,0.022495,1,2,205
2025-05-13 04:23:38,e03a3976f301e8ae1b6e1aca5ec7fab689160be47939e9f973ad30855cacc579,896497,1104988.0,154.0,0.000139,1,2,205
2025-05-13 04:23:38,6052dd74394304428bfb2c8656d5309bb495a8a5cee7a9048284f65becc1c079,896497,55209.0,145.0,0.002626,1,2,196
2025-05-13 04:23:38,9c8314f3b907102f43eaf81b7fef544d7118015114f9a8f92a120959df17b979,896497,330.0,154.0,0.466667,1,1,334
2025-05-13 04:23:38,8c929d0b5821d9ffb0feb1e32213cde00191e420b004e06c530756d3fc3140ae,896497,18617.0,197.0,0.010582,1,3,248
2025-05-13 04:23:38,6a2c86c684f0de9042004e858a83ea943df4e269898c52bcda9c069fccce2979,896497,570367.0,169.0,0.000296,2,1,269
2025-05-13 04:23:38,782f9a7bbd931285985ef7480679d36ecb34344e7611e09db3b422f7e4859c78,896497,887156.0,313.0,0.000353,4,1,636
2025-05-13 04:23:38,35a72050623244c3bc6d9a2e9156764fc5551d5e5a90298836c4ed85ab254578,896497,71978.0,341.0,0.004738,5,1,590
2025-05-13 04:23:38,e877cd7b1cef75c1f8020c5b02358a389513d8f37e68827c2bd7f9c70ef22c78,896497,546.0,152.0,0.278388,1,1,324
2025-05-13 04:23:38,df7904edba9ee737bd74444e5a10586c0a243f36eef4249f7961acd4b843cd77,896497,5401.0,99.0,0.01833,1,1,150
2025-05-13 04:23:38,3f70db204854f1e06ceca15a66e5f7c35269710c813d236a993b198d7ae57377,896497,546.0,152.0,0.278388,1,1,325
2025-05-13 04:23:38,428c5f64e5def1276ce08c680479d9244ac538ecd0b33175144e85132ed92777,896497,10287378.0,142.0,1.4e-05,1,2,224
2025-05-13 04:23:38,57bac2d65c1b1fe77a31eadfeb008e44600423854b8e11214e7faf741115c076,896497,134412.0,154.0,0.001146,1,2,205
2025-05-13 04:23:38,745d6ba662378586cd07158ba4abdb2bed3bf0fab0e14cee2293ebbb1d8b5776,896497,52713.0,212.0,0.004022,2,2,312
2025-05-13 04:23:38,c2f2e85d95711fc5d1ce8109cdf6cd7aa141dd312fbdd3c9a543d1ba4c4edb75,896497,380107.0,223.0,0.000587,2,3,324
2025-05-13 04:23:38,f9f3e4ac1ca4ec2b565cea5d907d55ce4e48119fc0f0950a163159db72a06875,896497,54659.0,145.0,0.002653,1,2,196
2025-05-13 04:23:38,08606f94d5c53476323c859dfc1e9ae27b86e84e062532935b0881d2c22bc674,896497,546.0,152.0,0.278388,1,1,326
2025-05-13 04:23:38,bf7f652d98da87a44dae4487ce318ea6c18786c5bd557fe5940a5e3dee0884d7,896497,10666.0,154.0,0.014438,1,2,205
2025-05-13 04:23:38,7d07d7426557b731a32dca102b1e83b0e47990b61036ca161e4a32c4efe67f74,896497,62836.0,532.0,0.008466,2,10,632
2025-05-13 04:23:38,faa9c908c51f3ac2eba6ea70628a8ca6254fd5b3f96f767755fffd74937f6d74,896497,330.0,152.0,0.460606,1,1,323
2025-05-13 04:23:38,941cdc4313f46e2d21541efe6bc9fb3bc02a5c911b8c083e9827fb329aac6174,896497,546.0,152.0,0.278388,1,1,324
2025-05-13 04:23:38,667a295a12c487171e9ce6fb357f119ed485d3bc87d030a80456d57e121e4974,896497,227552.0,153.0,0.000672,1,2,234
2025-05-13 04:23:38,534edbd317bf55a408d3da3d9f270cf0ace498be9b8fcd6d2fb5d37b1ee02274,896497,546.0,152.0,0.278388,1,1,324
2025-05-13 04:23:38,cfe690e9cb6dcbd6606e2379ff9f14e4f3139efac4812a9892b831254bdcc1f4,896497,17846.0,154.0,0.008629,1,2,205
2025-05-13 04:23:38,18b1938ebea53cd83f3fa9a38e53f2805f0dd574c8fa20ae57f08bdfe38e0374,896497,262742.0,151.0,0.000575,1,2,202
2025-05-13 04:23:38,90447690fc01b903806bb0341f1f241cbe3f26a1ff3f28a40a2911fdf12794f9,896497,262893.0,151.0,0.000574,1,2,202
2025-05-13 04:23:38,5b94d14d46e03c3abdbddedc3b6aa50d8fdc6765109950224f00ff6df351dfcc,896497,263044.0,151.0,0.000574,1,2,202
2025-05-13 04:23:38,0461d42a5ace1a4e5fb82205bc9a770a10ab1821c9d02fc55f675a06aacab5e5,896497,263195.0,151.0,0.000574,1,2,202
2025-05-13 04:23:38,22970ce77ffa20def6f555c2e14ee9865bb7a70850002fc3cd285cf75a6715b2,896497,263346.0,151.0,0.000573,1,2,202
2025-05-13 04:23:38,a233ba045bf6097f840ffd184ee8feb1919068f4c95e3773e5b380819d0f3d73,896497,79080.0,399.0,0.005046,6,1,697
2025-05-13 04:23:38,32cae70a216fdd25fa08fe0f5f07a7ef306c57bbaaea062bd1fe1a6b94cc2e73,896497,144475.0,178.0,0.001232,2,1,340
2025-05-13 04:23:38,7b819451de77f9c018339046175b45f57b4f15f9349bee8f91ef9afc15731c73,896497,546.0,154.0,0.282051,1,1,331
2025-05-13 04:23:38,89dad3ea5087afb5e06fb04369a381b52ab1a26de18fb8beb1e2320f6bccf6b7,896497,11807.0,154.0,0.013043,1,2,205
2025-05-13 04:23:38,57e2fa983d34374bc18454a2e4446a3101783d8d9ed69500b523e3cf161ce172,896497,876155.0,141.0,0.000161,1,2,222
2025-05-13 04:23:38,5f1cf866fa52cf01751e37945aa57e024f0603b3a115e00bdea6442967e6cf72,896497,146810.0,190.0,0.001294,1,1,190
2025-05-13 04:23:38,4606c8cfa5c3d9d3c79e722ee33fcf7d9623b4aaa839434d0bd3a7dc19d77a72,896497,546.0,152.0,0.278388,1,1,325
2025-05-13 04:23:38,4c195788ac19ab6885c24515516ed6f82c695edeba745bb5e314857460ba5cbb,896497,1588994.0,154.0,9.7e-05,1,2,205
2025-05-13 04:23:38,6a5c4316b0a0a60b4fa8866a6ca4ac1409762bd1ebb4804563ea7a3dfbca7572,896497,3696.0,171.0,0.046266,1,2,342
2025-05-13 04:23:38,e419852a5bdc164ccc7c1575485b1ce44710140fcc3d61f492dbec816eb32172,896497,555022.0,169.0,0.000304,2,1,269
2025-05-13 04:23:38,b635ea79f9037d86fa72a8b68cf25ff57a182e063e171bf0a6ec42c30095f371,896497,128085.0,141.0,0.001101,1,2,222
2025-05-13 04:23:38,28f2d23f484cd278ec51624087976879140d1084a371547589cfa5442915da71,896497,23637.0,111.0,0.004696,1,1,162
2025-05-13 04:23:38,11fe64f08fc61d394c473b0a1caa3afff0908f942d8fbdd03aec6e687804cd71,896497,57446.0,154.0,0.002681,1,2,205
2025-05-13 04:23:38,b2012a4fbb81e42050700ce9dd31ad75e1f4863a7dab1abf13138ef73ec0b171,896497,546.0,152.0,0.278388,1,1,323
2025-05-13 04:23:38,25e5010256fa00190b98f803c69c51e2d059f8a3914fc978f0992b2a1776a471,896497,17049.0,169.0,0.009913,2,1,269
2025-05-13 04:23:38,d9ca80d1d50f2474c948993bf04eee5ae11e5d235681284a87c7e50d9a929b71,896497,546.0,152.0,0.278388,1,1,326
2025-05-13 04:23:38,8819a7df3084e8f925aee2c7ad4923fcf96be8d66e8fa63b3f8ebb0de98c8b71,896497,50203.0,1293.0,0.025755,10,19,1821
2025-05-13 04:23:38,d32aa8615bd2e3a9fb01ab481bff112f146af168a736cb84fc8ce5091fe44d71,896497,85379.0,154.0,0.001804,1,2,205
2025-05-13 04:23:38,3decbd6266efb1c5caa5b0a35953e5242905ef2a9f451ad18555c7053c873a71,896497,65533966.0,142.0,2e-06,1,2,193
2025-05-13 04:23:38,3d79436196fdf30b301b4ae30ab5a95e7c09ce7f30c8b0c0acc59bf621583971,896497,546.0,154.0,0.282051,1,1,333
2025-05-13 04:23:38,41c822a0b04220f5c5f61dc9dbe8145ac818c8bc373ed84f91ad1fb086fd2571,896497,9842.0,158.0,0.016054,1,1,348
2025-05-13 04:23:38,9ec96316ce39b06e03035fcc24858af5bfd87a50daff19ddf3c1177fc46c2471,896497,2540391.0,226.0,8.9e-05,1,2,226
2025-05-13 04:23:38,a1b89611a76f89e6003b2c0f18df168eb5bc19ed63d68bdc88907831c47f0671,896497,330.0,152.0,0.460606,1,1,323
2025-05-13 04:23:38,00cf8f823393cec500a2b3a1fb07c69fad9620598e9583238bb72086757fec70,896497,546.0,154.0,0.282051,1,1,331
2025-05-13 04:23:38,4a4dd9f415766e598797419b098c4b0592ce6abf2b314248f16668417845f86e,896497,2637634.0,178.0,6.7e-05,2,1,340
2025-05-13 04:23:38,2ef4874d78f2042ee3da0161e5d6087f099a0d4676221e9402a874d2fdffc16e,896497,29344.0,110.0,0.003749,1,1,192
2025-05-13 04:23:38,51708f7cc43f676f4444540ab90652807fad6356a7aaa2f692628c783567b86e,896497,377684.0,249.0,0.000659,3,1,492
2025-05-13 04:23:38,86dd2634f101e1280277db9087abb7254cffcfe0aec3b4f0c335d897a309596e,896497,546.0,152.0,0.278388,1,1,325
2025-05-13 04:23:38,b37e8188e1a13808303e4e0c5ef7913553e167e1322c02b2345fdb800c267d85,896497,12401.0,154.0,0.012418,1,2,205
2025-05-13 04:23:38,4ae3136d886f82507f132bcf541e52b8503ea993b9bd3e7cb9cde9f23cb5546e,896497,11106791.0,110.0,1e-05,1,1,191
2025-05-13 04:23:38,030d33e09e9e5d78b6e6177cb4246fa64228f1c72d8177bf1db9837a24790b6e,896497,247615.0,110.0,0.000444,1,1,191
2025-05-13 04:23:38,3f18b4c517c004d3ceb59c66382f254c28bf94afb864ff3ab48afc80d00ec46d,896497,37389.0,142.0,0.003798,1,2,223
2025-05-13 04:23:38,8a940d6a47f91d49ef823b1186a9f428f42006e45267c7ecdb2d704ec02a896d,896497,168132566.0,141.0,1e-06,1,2,223
2025-05-13 04:23:38,38dfb0e796b7fb35dc60dade9e8ee988de9a588262c01bc2ec7818fc1a55d16c,896497,152625.0,154.0,0.001009,1,2,205
2025-05-13 04:23:38,7e88f2cdb2f9d802ee88beab75fcd0946ee308c80420e110b9090f0d470eb16c,896497,6985775.0,209.0,3e-05,2,2,372
2025-05-13 04:23:38,33364b70e519d944f6c27065066aba295620df762c2974c37347125470b2366c,896497,9002.0,154.0,0.017107,1,2,205
2025-05-13 04:23:38,7ae4864e7e380f85f5b1b2b3e60deb1a7b801fe27fe0f8877842e84e1698136c,896497,5628768.0,110.0,2e-05,1,1,191
2025-05-13 04:23:38,e0840f3e80321f743bf330f83bdd7216b329f64df949d3a1e34fe74441063e6b,896497,12156980.0,178.0,1.5e-05,2,1,341
2025-05-13 04:23:38,f6ad3c765e50fb96af006ed434f07ea6c3abce5d01ab3279b0cbf27dd7fd356b,896497,11126630.0,142.0,1.3e-05,1,2,224
2025-05-13 04:23:38,4d2f965e0eea1c2f81644b18871a3d26ba78c61f01160cccaf03a749cd0dab6a,896497,522163205.0,185.0,0.0,1,3,266
2025-05-13 04:23:38,31548fea198876d7ceac29efda20965aecff122c7a7158595cd9981c3eca006a,896497,946841.0,111.0,0.000117,1,1,193
2025-05-13 04:23:38,2075afd8fded5139017a30163b98428e75d629b9ffbf1b1bb8bcca40dc8da769,896497,7975102.0,141.0,1.8e-05,1,2,222
2025-05-13 04:23:38,a746d49b167fb7a7b78fa1f3ad0a066b6e47ee635129b66e6d270b3ec9094468,896497,1173190.0,146.0,0.000124,1,1,337
2025-05-13 04:23:38,496a18069fddca9cf48631a4d6fd36e46fd6c619eca86c010c9d2335f815d767,896497,223101.0,346.0,0.001551,3,2,589
2025-05-13 04:23:38,94f945ec008e2b5aad72484c8b4f0e20f4ada4fd52a7e01845a7757d11d67567,896497,102511.0,154.0,0.001502,1,2,205
2025-05-13 04:23:38,710cd3aa53af8aee64f51da8220dd5acf52652bf652b3889653b8f663d77a466,896497,4060.0,236.0,0.058128,2,3,336
2025-05-13 04:23:38,692e3b21fcbd83cbf0251b813530ae19456cd426ed10fdf242a9887a01e5eb65,896497,87060.0,326.0,0.003745,4,1,650
2025-05-13 04:23:38,7e01de83ed2254cd39f5396fda94d56e30c31a3399cb5ff239c2dfebf557e565,896497,549515.0,141.0,0.000257,1,2,222
2025-05-13 04:23:38,498ae350d297883f9dc2cc7dd3f1f56bf379e3907f19240a07a5bf42b82bc265,896497,546.0,152.0,0.278388,1,1,325
2025-05-13 04:23:38,b605d7716b1db0f2c514668db7ec8e1188ad5f157d0fcd363d253458d0210664,896497,31686.0,111.0,0.003503,1,1,192
2025-05-13 04:23:38,14def07d9166f05d66e121685253d9ecdf7ab877537f4bc9e4f4df16fc1bee63,896497,1843.0,157.0,0.085187,2,1,257
2025-05-13 04:23:38,512100c93347a00dfd9ee8b4e83ddd0e36cb93601dea9fcbc8e916d1a124e963,896497,330.0,151.0,0.457576,1,1,320
2025-05-13 04:23:38,84fa29fd3ead61b0c3d127b871ae1723b174ab09cb2139fc06c7335fbd9b9263,896497,30196.0,158.0,0.005232,2,1,258
2025-05-13 04:23:38,4c87f0d9380548154f180438c23fd32155af90e47cb78cbea5c50c981218fd62,896497,1843.0,157.0,0.085187,2,1,257
2025-05-13 04:23:38,3064af2e750462d2fb27ad1ba38884b55cacd82f93fea0d6de482cac3b1bc562,896497,546.0,152.0,0.278388,1,1,323
2025-05-13 04:23:38,cdf9a38a7cd4e3e8c57d18712fdd2a5057452cf8223d3c8a12cbad3b50c42c62,896497,901.0,99.0,0.109878,1,1,150
2025-05-13 04:23:38,fae7068b71af8731d3efc86e6db4aea1846b3c4f75246e4dcecbdb000085e661,896497,1603587.0,141.0,8.8e-05,1,2,222
2025-05-13 04:23:38,825df58b9876bea83a9ab1e489d884b3f58c62ffffe8bb71e3650fcb5ea6d961,896497,546.0,152.0,0.278388,1,1,323
2025-05-13 04:23:38,af0c3f9bda54256d48f2328a76d407f2d43a806d47a613542e62b7ae05670cd3,896497,8994.0,154.0,0.017123,1,2,205
2025-05-13 04:23:38,dab136a1a1722c1b29666a3baf2f5336b4755f43e19a353662186fa44adbac61,896497,1967493.0,141.0,7.2e-05,1,2,223
2025-05-13 04:23:38,7c30e52ee65d91dd34137d19e426c51acfc422ad6306d5a70a747b742cd78c61,896497,98635.0,212.0,0.002149,2,2,312
2025-05-13 04:23:38,6e69de22391463e812febe0c4766a38ac0d2b6fa25ab81fce4b1dab18b445a61,896497,1143.0,99.0,0.086614,1,1,150
2025-05-13 04:23:38,59e07dd9727a2bf8035de054df732201dc1eb3bfb2c3b3664e8f0257ee414961,896497,7715353.0,110.0,1.4e-05,1,1,191
2025-05-13 04:23:38,bb90cdc459e80f50b5afd2c8bf4f48257abe2209cd3acba070c92cd153a38b60,896497,2817.0,459.0,0.162939,6,3,757
2025-05-13 04:23:38,9cf7c472504754b3ff3f80a6aa41e66b69c3cf547d4ea1462954d6ce0cda0860,896497,1068482.0,141.0,0.000132,1,2,223
2025-05-13 04:23:38,f0c64d8b88e940bb9d41b5adf6adf8cb1c919d044132cbdbce5087f7a1df8c5f,896497,546.0,154.0,0.282051,1,1,331
2025-05-13 04:23:38,e46897d140d5f47a755e2e825e3715e74182ebd9cedfeac136f1e0b0a39b0968,896497,143384.0,154.0,0.001074,1,2,205
2025-05-13 04:23:38,2f9b2bc4095ad42b028d56f69a1519d9bc59f319cb6954ef1953a3d5c2a7735f,896497,252691.0,99.0,0.000392,1,1,150
2025-05-17 07:08:25,85b2fbcd70cccefe75408232ad46e21fe07d3807ec3059c2568854ea5f0db843,897070,242207.0,185.0,0.000764,1,2,205
2025-05-17 07:08:25,0ed15a414ec88e6b33d011a1de760fc42a73dde265eaad6d3d4b50e36d1de6b8,897070,242392.0,185.0,0.000763,1,2,205
2025-05-17 07:08:25,d866e86956ad71ba6236800219957eb6052878a80a78faf9c913459e50162333,897070,242577.0,185.0,0.000763,1,2,205
2025-05-17 07:08:25,7e6519d0a0884d01ff957b5e3e4ec0bde9fa135641d1257c96926b89946c19ff,897070,242762.0,185.0,0.000762,1,2,205
2025-05-17 07:08:25,b5971c0faef9225d36791544ba69df9648642f4d1bc398ffe389873aa04deefe,897070,242947.0,185.0,0.000761,1,2,205
2025-05-17 07:08:25,3f80b4b5bf310aa5d78f76709e3ae3fe3d952da800e8c08da1622945d9ca1d25,897070,243132.0,185.0,0.000761,1,2,205
2025-05-17 07:08:25,c32794bc95d7e9471b841c550a00627f12271950dc78ddc94f607258bfa3f8f5,897070,243317.0,185.0,0.00076,1,2,205
2025-05-17 07:08:25,fc76bf31bad8cfcfa510cf5af3791b418ecd9ad2c5c67dd7f28b60e5011f92e6,897070,243502.0,185.0,0.00076,1,2,205
2025-05-17 07:08:25,313a9fc848e70bac3fa276b3ac661d29c8b96056e7e1fa88120e2fbcb04a186f,897070,243687.0,185.0,0.000759,1,2,205
2025-05-17 07:08:25,d07b2640b05404f99ca32aa92ff6792877b075c3c20dc15e18191ca4a220170d,897070,243872.0,185.0,0.000759,1,2,205
2025-05-17 07:08:25,70e10f4d952b694b543f73c8ef32cfc393adfaeda01f4674e702ec4661fb346b,897070,244057.0,185.0,0.000758,1,2,205
2025-05-17 07:08:25,3aeb24a7e1b13c6c2b4e225a4e959cf3c54877b481a736ed28df1865971b493e,897070,244242.0,185.0,0.000757,1,2,205
2025-05-17 07:08:25,189ee4509de280d241f3348306b3bb3a19bedbe209dc6101a964886692cab8de,897070,244427.0,185.0,0.000757,1,2,205
2025-05-17 07:08:25,5b17090e97a78d4a9b8daaed8b0e7c2cedcfb736e150a42d1def51c8eb31f6b5,897070,244612.0,185.0,0.000756,1,2,205
2025-05-17 07:08:25,1f451dde4f800777611bab0c62722dc96e0eaf423463e74fbfdf2c0c6e48b311,897070,240305.0,237.0,0.000986,1,3,248
2025-05-17 07:08:25,913f500d1e38e05f17bbc2eb40cd09ab649d98d3a324e36aaf424420ac9990b6,897070,240542.0,185.0,0.000769,1,2,205
2025-05-17 07:08:25,d54668f3bbe356b6ab37e47457db1bc2e3d6cc97a1517ad6ead8456986196967,897070,240727.0,185.0,0.000769,1,2,205
2025-05-17 07:08:25,558b734e70b439cf02b57251ebcaa2d98d573f324ac95861b43d680842cae0c5,897070,240912.0,185.0,0.000768,1,2,205
2025-05-17 07:08:25,4f8bc4289cd023c8611b922240651126c746c5f20b855979ec92767a74e6fbb4,897070,241097.0,185.0,0.000767,1,2,205
2025-05-17 07:08:25,4246924b2c2de9f09ec916eecd146f4a7450292b6c54f91b8faab0584229ac2c,897070,241282.0,185.0,0.000767,1,2,205
2025-05-17 07:08:25,fe3cfd6dc0fe964a1f8344697476e5952cf17f576cc0945d55db975039f5d956,897070,241467.0,185.0,0.000766,1,2,205
2025-05-17 07:08:25,8706e53540387146cf4aab256df91808c9ef376e5dc2370a74ef5ace46d323cd,897070,241652.0,185.0,0.000766,1,2,205
2025-05-17 07:08:25,6c16c8507f384b86b261f299575d8aa540da0cc33fd07c7c9016284452038354,897070,241837.0,185.0,0.000765,1,2,205
2025-05-17 07:08:25,9ebb37c2d15db3327f4e71ecf9dbb604f2786ef2f1f0b3cab8b951befd9b1a69,897070,242022.0,185.0,0.000764,1,2,205
2025-05-17 07:08:25,407fb140d39cc34ecd83a61cf8970ec1b7175a64ebdcccef2ca57d9d978408d8,897070,242207.0,185.0,0.000764,1,2,205
2025-05-17 07:08:25,de4da12d7c0d8ebeb516cd96b0933c565219523a2ffe4e4401cc1528b3871d08,897070,242392.0,185.0,0.000763,1,2,205
2025-05-17 07:08:25,2564a082b8192c65c467c6b51446905e1c9ae53cb3d50ef192b5b7b75a5cb554,897070,242577.0,185.0,0.000763,1,2,205
2025-05-17 07:08:25,8cc5c41437cdfe4d5f536f93e1173373521df2298951dcadac640e16a4d6afb6,897070,242762.0,185.0,0.000762,1,2,205
2025-05-17 07:08:25,5dbfc2da79a900b30b403b80049eb79ccc0ab9030f2ba6aaffeb96ea1af9f3c3,897070,242947.0,185.0,0.000761,1,2,205
2025-05-17 07:08:25,e3c84f028d36556bfbaa82cd04a52ed0da574b0cdc31c4d84b3e36ddf75306cd,897070,243132.0,185.0,0.000761,1,2,205
2025-05-17 07:08:25,9431fe11cc1a29a35889c904ffc7fcc003cb0348b82b2328fdfad607d382dad2,897070,243317.0,185.0,0.00076,1,2,205
2025-05-17 07:08:25,57454d7a9acd06aab9e4c9f6164754507f5cf3f7621b8c4312affec9adff86be,897070,243502.0,185.0,0.00076,1,2,205
2025-05-17 07:08:25,5c77061ea03978e34b16269b078856418da17bb0cdef2bd8f025984e2c97bfea,897070,243687.0,185.0,0.000759,1,2,205
2025-05-17 07:08:25,e377181b095bc871e92ce4cd00e5f0739ab61c5697e436fbf681d26d0238ee09,897070,243872.0,185.0,0.000759,1,2,205
2025-05-17 07:08:25,3546f674dd507ade1b9dc941bc61032857a54ccf0fbd57f5fba637b55352814d,897070,244057.0,185.0,0.000758,1,2,205
2025-05-17 07:08:25,9047ef1394848056372eb229e91a2a5f1000ab1144f49c2a52140c3727d78afc,897070,244242.0,185.0,0.000757,1,2,205
2025-05-17 07:08:25,ccc0401e776d1901de5544d135563b930b4465ae9978ddf95b56ae5327954254,897070,244427.0,185.0,0.000757,1,2,205
2025-05-17 07:08:25,e4d1a02745987e1c28420d0dd3067c83449cb4c0178a4be0360a5732a9af3b28,897070,244612.0,185.0,0.000756,1,2,205
2025-05-17 07:08:25,c822b24bc6486c43722bcc5c76cec5e9f25ed59689baafdef167162432ee4479,897070,77271.0,273.0,0.003533,2,1,390
2025-05-17 07:08:25,3b044cb7d5d3a8c86f35606b7c98c06c88875deb1458e3913633d83c249cc5f7,897070,244797.0,166.0,0.000678,1,2,189
2025-05-17 07:08:25,acec4b9f327b68a2453a13422616fb307ac1ff4efca2db99f4861f7db1c66cba,897070,244797.0,166.0,0.000678,1,2,189
2025-05-17 07:08:25,4befa121b8902432c8b8725d47aa50214dc521f4afdd85112baedfc7626da57f,897070,244797.0,166.0,0.000678,1,2,189
2025-05-17 07:08:25,379a3615c7eaf2999b5e38dec157cd015d31b64c14797b54034d4da3c914813b,897070,244797.0,166.0,0.000678,1,2,189
2025-05-17 07:08:25,f6d3c0b4810564235414aa26e443184f2ab49c17493a22389d849ec6cf16aa19,897070,244797.0,166.0,0.000678,1,2,189
2025-05-17 07:08:25,463f3c2619628153e3a33b91b12c6b42232a541d80a61a275b18049ce0cb6a01,897070,244797.0,166.0,0.000678,1,2,189
2025-05-17 07:08:25,5dd4e28faeb38be9aa1143ed8db36d86c2724c458150853674208bc564657b10,897070,16429.0,271.0,0.016495,1,2,225
2025-05-17 07:08:25,f172f81e89121f6a287c3a0679d05aa457bccd41cd9227578596a792f6dc67e7,897070,49242.0,659.0,0.013383,7,2,1110
2025-05-17 07:08:25,a4132512b5296cd4e6075ef63a143295aa84120df8429dc823642449f7957458,897070,456365.0,170.0,0.000373,1,2,222
2025-05-17 07:08:25,f7b3f958e1d204d8273f3c638d14629bf4755cf1ef45911fd7c3c54f8b95f484,897070,5799.0,134.0,0.023107,1,1,162
2025-05-17 07:08:25,1620ac3d2cc2e0694f71b514064f782c5b776e1c42e0df0de562195bb130c366,897070,38833.0,134.0,0.003451,1,1,162
2025-05-17 07:08:25,fa75c75591f5f49752c99961467fecf761530e2a9d1a5ecbcc7149e07270c066,897070,219797.0,268.0,0.001219,1,2,222
2025-05-17 07:08:25,fb8d0b50573d5003d31758e00b2ab17358e14dcc12327f2b3620f840760ba45c,897070,38035.0,134.0,0.003523,1,1,162
2025-05-17 07:08:25,3f6c43d235156d863cf0ad8bb7b179f282c2291fdafed09cc8deffb071159288,897070,11796.0,90631.0,7.683198,1,22,297369
2025-05-17 07:08:25,d5977b8f264106a8ce0f57f35ade3e19fa248dd02203f71f6b148f5df568a167,897070,164703.0,291.0,0.001767,1,4,291
2025-05-17 07:08:25,9a52fc02ac5fe8192b9571fad18c960970155ead0a08e55165753256fdf52839,897070,500000000.0,23121.0,4.6e-05,129,1,19067
2025-05-17 07:08:25,fbf38b36cfd0dc88778922a58ea4509fbab24fb38f67d876dc92d1bda62418be,897070,965636.0,710.0,0.000735,8,1,1227
2025-05-17 07:08:25,1e4081046f0810c10a4811befe91cffa33f8a13ddf5b4eff5f2e3bb2967d4fe2,897070,964406.0,1204.0,0.001248,14,1,2115
2025-05-17 07:08:25,e8d5238d8e66b050aca488e68fdbdfb23494fc9f3b64fa7117be206660dc8148,897070,105749851.0,1074.0,1e-05,6,2,968
2025-05-17 07:08:25,5eb2001af5767c8a318e88cc7358af9b656f881408752c75cc1d0d51e2e51b50,897070,205573588.0,894.0,4e-06,5,2,819
2025-05-17 07:08:25,22d99cf69c3174f685de2d110e147677acfcc65ece33cf6bee15697dfaa851d9,897070,5156270.0,683.0,0.000132,6,1,931
2025-05-17 07:08:25,77844c19363fffddaf7a753f2b2cc8a35e5236288d93ac57060bab73d814bf88,897070,6087180.0,208.0,3.4e-05,2,2,370
2025-05-17 07:08:25,dd87559c1d9617ec4142fc7d593912f44b140defb3ca56c86e3928d59fc2ac86,897070,2677479.0,141.0,5.3e-05,1,2,222
2025-05-17 07:08:25,18d9c2f8b38fc06d3883f7ccd8de92b782492cc435ece3e06a7a13cd5b063013,897070,1115773.0,276.0,0.000247,3,2,518
2025-05-17 07:08:25,d2772b1244a5b646250f028ccbcbfedd913237a7d2eb9f2213c0d9f1a71ebb2d,897070,3696.0,796.0,0.215368,1,2,2231
2025-05-17 07:08:25,4e49008620dc2a42d15080e4ef6ef5b510c57c35562864456517738be5840d6d,897070,80140.0,188.0,0.002346,1,2,205
2025-05-17 07:08:25,ec5825f7b92c232d28c25f63d5093f87152a2befaa3491f9e62830b3645fee9c,897070,5329763.0,236.0,4.4e-05,1,2,358
2025-05-17 07:08:25,c31a3d829ffa418843ec92e787c2dff463f6ced2735ff3d556a26b4cd952a36c,897070,182950.0,173.0,0.000946,1,2,222
2025-05-17 07:08:25,89723efaef1d274b45b62586e8cc0d9ae372297677bd29c739a41a02fb82f363,897070,570614.0,173.0,0.000303,1,2,222
2025-05-17 07:08:25,c6d31397ab99e343aeea616e6a0d9ffabee7cd6144429abc84b379cd19045a1c,897070,205571.0,237.0,0.001153,1,2,358
2025-05-17 07:08:25,798b5d38471f79f28950d7163c2697fcbd426c21fdb72787983edd9ecb0f8d9c,897070,6506.0,1500.0,0.230556,2,4,681
2025-05-17 07:08:25,c19a24ecee394c837d225c7976a491ad626e764e71f24ae8c3fd9e441091b9fb,897070,4845.0,191.0,0.039422,1,2,206
2025-05-17 07:08:25,e53c569ca45ec180b52f847c54b331639037c550e994c5baab126bc3821ce1fc,897070,63682315.0,174.0,3e-06,1,2,222
2025-05-17 07:08:25,2edb553226b77513d91060c9f6e77ca6657689eb0ad3c1c5a41611a5d94663a6,897070,22909.0,680.0,0.029683,5,1,1460
2025-05-17 07:08:25,7196224c05012b684a2ba91bf07facd54f18d00895f7d7bb4263afb74d0f4ff8,897070,3515878.0,12634.0,0.003593,100,1,28390
2025-05-17 07:08:25,5a07e00dd4f6e130cbbbaacf379401aaa145af6d871941e5f01c2ec9ac70d541,897070,531824.0,176.0,0.000331,1,2,223
2025-05-17 07:08:25,6cf4fa0c8de1638158e100de29ab43fb8d1b351ee6c2c8a5e39e4e11f9410270,897070,919769.0,475.0,0.000516,5,1,788
2025-05-17 07:08:25,2d877c280e93433d91593e62ef805ee9ebe384931a84121c7e5fa0842cd23a86,897070,59880549.0,206.0,3e-06,1,2,248
2025-05-17 07:08:25,38b80beedb46888b6fc36a457250cce08ff4a48199267fd64f22f98a9990689d,897070,118200.0,175.0,0.001481,1,2,222
2025-05-17 07:08:25,ff804af1509a93d62c83210b9f57f97aede2c6b53a6a4497b5fb82eb50bac562,897070,167858564.0,205.0,1e-06,1,2,246
2025-05-17 07:08:25,98db60dba7a9223281b9c8eb65ea8277de7643ac8a76f6bbf29cc410a643c96b,897070,1990072.0,292.0,0.000147,1,2,223
2025-05-17 07:08:25,bc994875b36e4ec762c6c6a973e884ee0e87b46dc1bece0b135de0dbeeac2ed6,897070,2090364.0,292.0,0.00014,1,2,223
2025-05-17 07:08:25,6c4eafc6a244e7a18a51634096fa16dfea635a2ae114d03b053207d70afc9387,897070,2190656.0,292.0,0.000133,1,2,222
2025-05-17 07:08:25,c381aeee3202b3dabecbd38c691248d483c173bba24810690ed358e6abde9724,897070,2290948.0,146.0,6.4e-05,1,2,223
2025-05-17 07:08:25,351fdd25f6b03ea4f25b4986ebc54bcc05724e14bcfbfe7183aa00879ba09fb0,897070,2391094.0,146.0,6.1e-05,1,2,223
2025-05-17 07:08:25,53380e26385f53b0e8862d26b4cfb381bc9582be9ea6941daeafe76529f06e0c,897070,2491240.0,146.0,5.9e-05,1,2,222
2025-05-17 07:08:25,42c3b36bcab0a95998c5887e00b124c31068cb124441c20b931d837d5e316722,897070,2591386.0,146.0,5.6e-05,1,2,223
2025-05-17 07:08:25,ef14e84a07fbe30520ba82d0bddc0a7be33a964a7036f0cc2fd21391e412b5bb,897070,2691532.0,146.0,5.4e-05,1,2,222
2025-05-17 07:08:25,84ec4af0dd71123030c3638df872f5978ff2bcd8cb0559e2ed9774a12de20da5,897070,2791678.0,146.0,5.2e-05,1,2,223
2025-05-17 07:08:25,d8ae88c4c94e2bcc0a289bb3ecefdbc6be7c16d53dba4f75c105c8f3e38bede4,897070,2891824.0,146.0,5e-05,1,2,223
2025-05-17 07:08:25,ac832894860bd49d4060f1e9e9ad278af55b8b29beaaa69fb0a70551736ae3f9,897070,2991970.0,146.0,4.9e-05,1,2,222
2025-05-17 07:08:25,ed98153ce0a05b0dbc55f194ae114dc00b72855b36923cb96d620b39e64dc4f9,897070,3092116.0,146.0,4.7e-05,1,2,222
2025-05-17 07:08:25,5db73079339b04210f2a806b96913bd619bcab0f6076f4414fd790d604937609,897070,3192262.0,146.0,4.6e-05,1,2,223
2025-05-17 07:08:25,c11bf37ed7e2dba871a2370b9eec7dc923753b2dd36dc9bff9e7d393994481bc,897070,3292408.0,146.0,4.4e-05,1,2,223
2025-05-17 07:08:25,3bd5b04a3944b39d9aa6515a25034ca3e9e86297b09b2831c5ec4db30d6a84fc,897070,3392554.0,146.0,4.3e-05,1,2,223
2025-05-17 07:08:25,220443a8bb048e0dbe439e75e7b6567c58573a60c3beaf1f17279e5d89656f2e,897070,8499999821.0,179.0,0.0,1,2,225
2025-05-17 07:08:25,697ee4a4c6e2f2c130251b901a9a7c75661351111fc65d93bfe9a5141e78afa6,897070,8215824.0,263.0,3.2e-05,2,2,373
2025-05-17 07:08:25,a5398cd5745e9a25ea0fd770130f901a79e0ff2ce9e99c1a5d79b4d490c8080b,897070,3320028.0,197.0,5.9e-05,1,1,348
2025-05-17 07:08:25,33d239dfafb663dc8d564da5b97fbbf8fa437028ff15a58f1e7a311ce99e2803,897070,10196477.0,197.0,1.9e-05,1,1,348
2025-05-17 07:08:25,c4d4352feedab146c21693b823fa06d2b61fe1de3a5e2765263bed224671d6ae,897070,1171960.0,4194.0,0.003579,57,2,6185
2025-05-17 07:08:25,1752a11a1a1ae28cf774e1f9eec407948bba8d8f3294cf86398c577530f49d9e,897070,51852775.0,3565.0,6.9e-05,20,45,4458
2025-05-17 17:52:33,d20d07ac082991ece02734d6124d887cca877f941956eba824f907832cd3935b,897134,1846.0,968.0,0.524377,1,2,430
2025-05-17 17:52:33,33ca333b87e98c269c8c549c7a8f7d7b46118f8bac7657f5ec5a64ac84905ebf,897134,3286500.0,652.0,0.000198,1,2,223
2025-05-17 17:52:33,9dab46e88f0e57b0d1e0690bee7e7874cc2b1c7e36c45af84f9360baa22f8338,897134,14556.0,2899.0,0.199162,4,1,631
2025-05-17 17:52:33,8c1c58448d62cb8c1ef41c1aa358f8d199a9fe9246167a67d312829a3c1b98e9,897134,165838.0,704.0,0.004245,1,2,234
2025-05-17 17:52:33,229a0844bf2b961e812bd861371f56952ebe3b0570fe6cceab6b184fafeb80e7,897134,166050.0,704.0,0.00424,1,2,234
2025-05-17 17:52:33,8c15d950b675e96d7593b158d56614cf67ac66d6a9b4d920dbebff0d92ed5ba4,897134,162249.0,704.0,0.004339,1,2,234
2025-05-17 17:52:33,e5ed0a3730a1c5103002bca00d8e47d785f0a45619c6c6808a887bc403ea7c2b,897134,320862.0,704.0,0.002194,1,2,234
2025-05-17 17:52:33,1d2a2f7f7a9bb20da7c6a3cf45d29528395c149437f71e1c729e08ea98af3128,897134,187607.0,704.0,0.003753,1,2,234
2025-05-17 17:52:33,283f9bc5b41799f2e5ef3eea77f2f0e736b2eab92aeff434c57d5998b1eaa40b,897134,310364.0,704.0,0.002268,1,2,234
2025-05-17 17:52:33,16084c2dabd2b5d2bb9b2f8d4f2fb7bf07cb678d3b08397431f10e3f328d1312,897134,1705319.0,513.0,0.000301,1,1,192
2025-05-17 17:52:33,f6e8c7d927760ea56d0009f34467eb69c378e2012958d36dbf3dcbc0d0cf2bf7,897134,3410860.0,643.0,0.000189,1,2,222
2025-05-17 17:52:33,08e6d87c0c4ebcdaf62c71fc4ca990d6461e442e93b2f37a5c000d592673e336,897134,52741056.0,705.0,1.3e-05,1,2,234
2025-05-17 17:52:33,436b34c95fe1394e7d7d8a9c20da1bc4d89e440b708f90542f7ceaab50c4228e,897134,436872.0,835.0,0.001911,1,1,315
2025-05-17 17:52:33,8d94c6f01958fc8f9191df505f24bfa0f8ebc0ae150f9ebda7d556787fd93280,897134,362006866.0,6104.0,1.7e-05,1,37,1546
2025-05-17 17:52:33,380a17fb28f68426f3124b5a18d3af88dc584daf4b0ec3c77bdc09658a58a2d4,897134,1080830.0,2269.0,0.002099,6,2,974
2025-05-17 17:52:33,faca45eba062476bb7e266ee7ff32f9346e71c8e45b6f96eaaa037bfc4bdd3ec,897134,9054.0,513.0,0.05666,1,1,193
2025-05-17 17:52:33,95658af8d0161880eefcd3c20977f935758abf604ab15514df1277e67135d7ce,897134,457521.0,513.0,0.001121,1,1,192
2025-05-17 17:52:33,91a7d64fdf164d4ef24801554c992d800acba074aac36ece19269ebc508325c5,897134,86799.0,513.0,0.00591,1,1,192
2025-05-17 17:52:33,68a9c0c2b7095cc90fc708d50e858288706d65e6b34d9e6dbb13a3a0719f9259,897134,121746.0,513.0,0.004214,1,1,193
2025-05-17 17:52:33,ccc6ab7326dc7db0aa95610e9b4889797b8bd75e9e227455d570e4139821433c,897134,265607.0,513.0,0.001931,1,1,193
2025-05-17 17:52:33,f991b684b7e585a57b920fa198d365845a67b33197b5ac772102fe591aba38d2,897134,28862078.0,652.0,2.3e-05,1,2,223
2025-05-17 17:52:33,dab0d8741ccc5f320bae1a0071b95baf2de1f5ec668516d85c7bc591a0b289ad,897134,161834.0,708.0,0.004375,1,2,234
2025-05-17 17:52:33,80ff8a1b62c2510b268fd69c709a9ca237aa3655c345d965e0c0b08c615a35b6,897134,152525.0,1045.0,0.006851,2,2,370
2025-05-17 17:52:33,5053066e7efc819ccd0ea0f16eb7dca7be6a90729e299348123eff8f7923e74d,897134,145319.0,705.0,0.004851,1,2,222
2025-05-17 17:52:33,4cc414bbee3a4c7217b7ef9f716d07ea1e714d01859b8d0a997494cf278645b6,897134,240424.0,720.0,0.002995,1,2,225
2025-05-17 17:52:33,552728e00b307cc4da15f7eb7156b331e6a1c6af056b44d74f4b291eb7f060ca,897134,343344.0,568.0,0.001654,1,2,223
2025-05-17 17:52:33,68a7e22bd53b4752f3ee6f96562f89dc19b3c54e8acbac6f4a2ab4fab28b6c97,897134,456512.0,568.0,0.001244,1,2,223
2025-05-17 17:52:33,e2c8b5cc75d8264aad73ca2fa6bde539eddb68c88cf3f02d3ded0bf536b1cc3d,897134,76217.0,1710.0,0.022436,4,2,666
2025-05-17 17:52:33,f8a8e55b032855a42777bf1c0fa479326fc4eb66298ecbf71ad67fb497973f0a,897134,36375.0,657.0,0.018062,1,1,192
2025-05-17 17:52:33,0fee0e7df0c6bc362386a3af89dd42f0ea51d1d163e4dee8e5286fe247f82279,897134,6577619.0,6759.0,0.001028,9,2,2122
2025-05-17 17:52:33,8d12083cbca76aab3fadad59800ee1e007ed7c5a3d281fecb18c176289e06dfc,897134,789826.0,488.0,0.000618,1,1,203
2025-05-17 17:52:33,a6c53c300d2c22c513fbaa08690ba631fcad0b028e501d4cfdb5250a290c8b84,897134,1580986.0,760.0,0.000481,2,1,352
2025-05-17 17:52:33,6a3a79dbadf70804c22416b2deb5e05d3ef69cce19520e1e242153ef6d534575,897134,793109.0,884.0,0.001115,2,2,383
2025-05-17 17:52:33,e086c5555b2d98d943e868448577b01807400861e6e06efddbb2fed9f4a7cd9d,897134,29073776.0,6903.0,0.000237,2,54,2351
2025-05-17 17:52:33,afc412a93317f78772b80d84a3be8dcd264737b67c73e2f2be32f02f02c5a26b,897134,790844.0,768.0,0.000971,1,2,357
2025-05-17 17:52:33,92a6bd345d96921877c9b96416e6588b9e960264c325d1c7ac501f4ee04ddbce,897134,421761.0,2239.0,0.005309,3,1,482
2025-05-17 17:52:33,dc821e7ad603c64f70a3b37367db6e6f6512dc84aacf4393770a277d1c8196e9,897134,1080119532.0,3105.0,3e-06,2,2,668
2025-05-17 17:52:33,131936a886ef01d4d708d4fa9251a8ec90f0e7d6e3d2eaba20e089864c6e7c1f,897134,614000.0,828.0,0.001349,2,1,341
2025-05-17 17:52:33,eca84f190b81f27ca16cf3ae1cb00311f13af20c67dd9640884f7d8702f44dc7,897134,290112.0,656.0,0.002261,1,2,222
2025-05-17 17:52:33,3ab9942a90f7ee00bbfeeadb6adbb2859854098123c521910f01e425e07d5b8e,897134,241705.0,656.0,0.002714,1,2,222
2025-05-17 17:52:33,3072beea259f8e3fa40064f60c78582e543cf1e69d3277011248fc7dacf7bb6c,897134,175738.0,656.0,0.003733,1,2,222
2025-05-17 17:52:33,7694b0a1e9de71696ed87e937ea6b6482b152afb006ed2e0a320f2d4aafd7570,897134,77066.0,666.0,0.008642,1,2,194
2025-05-17 17:52:33,b235504568ea23149ce4b077a4fc60ca5750b5b5f051c7683030e83e22948768,897134,105489.0,666.0,0.006313,1,2,194
2025-05-17 17:52:33,b362104a15b011e4f9917ad6537197b0b10a23c756f265d5aa183a9b8965de39,897134,262392.0,834.0,0.003178,2,1,341
2025-05-17 17:52:33,ad20373e8d045cbe9bea692af427c80379077afce2f75f95c1a53ef772ab38d4,897134,153003.0,657.0,0.004294,1,2,223
2025-05-17 17:52:33,7f8da5966512e5e9c8ce3bdb91b02585351ed9c7c86a9da8c4d5a1c60566facd,897134,138858.0,713.0,0.005135,1,2,234
2025-05-17 17:52:33,ce30ca9c967d943cb96d3996d05ba99d7f52241a3ebdf4b50cea6269a9780ae4,897134,20440323.0,1140.0,5.6e-05,2,1,352
2025-05-17 17:52:33,9846d96d3d11680d16d21f0be5e9a4c15498e0b07a1e414841b9c2e4b0e59f10,897134,10975144.0,459.0,4.2e-05,1,2,234
2025-05-17 17:52:33,e5fda13a5f0bc8702e2a606ad92e36baaef0697b0d76c24c6a9f8cba36e15179,897134,22936.0,1063.0,0.046346,1,1,154
2025-05-17 17:52:33,e29cf225349497e096d76f69b10c818101ecd8d0d24bafc33de491301d50d3be,897134,23999.0,224.0,0.009334,1,1,407
2025-05-17 17:52:33,7d8eade358e8e4b966fb3debf8cb33ec4e6fa0897a8e2fcff8986244acbd09f7,897134,16098.0,513.0,0.031867,1,1,191
2025-05-17 17:52:33,ad29d7c9f14685b1710760f69fc0dd761d27b8525f04964405dfc09451bd0ddf,897134,1842721.0,513.0,0.000278,1,1,191
2025-05-17 17:52:33,36b7d6439bb2e49d109ee2d081374aeb856ec836d03692a14261aa36d0bd4bde,897134,14038.0,513.0,0.036544,1,1,192
2025-05-17 17:52:33,8b666caab2772b13941db22e5f031b33d981ef35eee3aa1ab4e2619cfc9aeadb,897134,167463.0,513.0,0.003063,1,1,191
2025-05-17 17:52:33,6e50ed3c288cbc5c04bd4d47fa9b769b62bdccf6d0c2bf9cb53a7846ce892cd9,897134,38290.0,513.0,0.013398,1,1,192
2025-05-17 17:52:33,30a20be01265f1b388d5ec879fbcf7c01a5d6e3dca91eb9d352252223572bbd6,897134,52930.0,513.0,0.009692,1,1,192
2025-05-17 17:52:33,e827519f40c9378443441e0501d5bdb4f6d2caf8bcee7a4badf4ce807efbbfcf,897134,47875.0,513.0,0.010715,1,1,192
2025-05-17 17:52:33,90e78a3420b592ec8736c1324b3b0fc2d60bcf2c126a14c24af1995989e836ce,897134,1460714.0,513.0,0.000351,1,1,192
2025-05-17 17:52:33,c8d73be0701ad6f46e1f8867bdf858379194389a2fd3404573969d1f824474cd,897134,266605.0,513.0,0.001924,1,1,192
2025-05-17 17:52:33,725277f36a65e675f6aff4bf653838cff92c01f5942c29a31fb657dc752b09cc,897134,326419.0,513.0,0.001572,1,1,191
2025-05-17 17:52:33,1da822e3f650de0bdc7b43b342b4be365cbf19b8290aa261f593c4eda8ed53cb,897134,37995.0,513.0,0.013502,1,1,192
2025-05-17 17:52:33,79166f1819b1c96ee2a56ebc13b57b487ff58459022d8fe3900129448a563bc4,897134,23765.0,513.0,0.021586,1,1,191
2025-05-17 17:52:33,c0ea3aabb3b828eba71f4bb0d9827a5b44f691fe4cec4a1fe86ef2d5339a33bf,897134,36480.0,513.0,0.014063,1,1,191
2025-05-17 17:52:33,5b88b418863830d414934def7bc8e9e9c1d61d0635720cc0a5f43526475a50ba,897134,1212660.0,513.0,0.000423,1,1,192
2025-05-17 17:52:33,6e600332b40e98071563b16919fecb21e95855afda932cbcdeb332da084612b9,897134,96496.0,513.0,0.005316,1,1,191
2025-05-17 17:52:33,619c88aadc401bd66d66cf9d1a66d82dfe71b22b9dfaf6fd1ed01bb415548db5,897134,77574.0,513.0,0.006613,1,1,192
2025-05-17 17:52:33,f2203935b80648fe91522e6059b3f1213d43ccdc0ecd5d0974dec49dbb0464af,897134,239487.0,513.0,0.002142,1,1,191
2025-05-17 17:52:33,e7d2c80286b60026cb34efad7d1e3bce463f8d2b3d0a04c45d4a6ba104e35aa7,897134,1390592.0,513.0,0.000369,1,1,192
2025-05-17 17:52:33,1cc0264c1c6e3a79bb2532becc585104e8a7614e51604209fb04cc30251ea59d,897134,4086.0,513.0,0.125551,1,1,191
2025-05-17 17:52:33,8340ce0c570911f916ad9b63ee47cdc077cfa3570630b784a0f19b00fdd7029b,897134,182825.0,513.0,0.002806,1,1,192
2025-05-17 17:52:33,3046551c46efa0411c0875d5505a6ada1a231a39e05ace81699ea02fe6243697,897134,75202.0,513.0,0.006822,1,1,192
2025-05-17 17:52:33,e74181942807c0119e30d73a6de0218081d83c835b408f872425b2f1956ebe94,897134,42358.0,513.0,0.012111,1,1,191
2025-05-17 17:52:33,e407fae8567f4bace4c26114213fbe29c25ffee0ee7037c6d3f77c5c3332e68b,897134,23396.0,513.0,0.021927,1,1,192
2025-05-17 17:52:33,f27d1a72f6682fe1d9525fb1a4a36d4c544297782b53677dfea547c4dff46789,897134,47943.0,513.0,0.0107,1,1,192
2025-05-17 17:52:33,3e4e3daff367c7af5d9bf54f8cfa9f5a669e54c1c330f79d0326b2d0e5bab785,897134,1944778.0,513.0,0.000264,1,1,192
2025-05-17 17:52:33,778c68cf9eac2084eac371f32600c41617a88c223a8785acad6b12141f2a9f81,897134,24842.0,513.0,0.020651,1,1,191
2025-05-17 17:52:33,4ca43bba9d35f091a8857f999522dba1475bfeb2ba7c60d1fd9767e6eb16fe76,897134,672097.0,513.0,0.000763,1,1,191
2025-05-17 17:52:33,645e9887f0b1f607413eb45aef3b1c0ab0439096addbaa91e4bd72ca621ef774,897134,351261.0,513.0,0.00146,1,1,191
2025-05-17 17:52:33,0f60861e949f4fb294e6ceb8c930de3a231387d2bde2c9c6a56b2fceb7acad74,897134,61319.0,513.0,0.008366,1,1,192
2025-05-17 17:52:33,48cc191296a476e4e5feb427339a831b0cde06369784d69e63e27733dee7d673,897134,279593.0,513.0,0.001835,1,1,191
2025-05-17 17:52:33,0d05aa3c01a09ab95efbedc7024c3cb6cbe194adac8caa1b595fabf52581a56e,897134,33190.0,513.0,0.015456,1,1,192
2025-05-17 17:52:33,f1a9b3da3b79dcebe4eef2da8c192657e0bb48446cb751ef51575c06a7fa136d,897134,19804.0,513.0,0.025904,1,1,191
2025-05-17 17:52:33,05b0328085b79a48033d611774f79d95ed0bf079d6274603a685b297b5d5f96b,897134,2848693.0,513.0,0.00018,1,1,192
2025-05-17 17:52:33,8ff6ef6df2b18d7a6b3e638ee8ce70b66685007f6f3c36a8f0b237a48217e266,897134,18953052.0,513.0,2.7e-05,1,1,192
2025-05-17 17:52:33,49da8a1f94ee5a3d76f7469a28bf2ce5555ea1b53d252bf512007d02d5f9e163,897134,78087.0,513.0,0.00657,1,1,192
2025-05-17 17:52:33,f5cda255aa4398fd3d54ea5aeed15831d5a637d3bf0a3e57f7c6282f3b026860,897134,406874.0,513.0,0.001261,1,1,192
2025-05-17 17:52:33,60b9305405f8043bff5b2cd352ac0eed5de38318c0285219faeb949b6afbd75d,897134,2915904.0,513.0,0.000176,1,1,191
2025-05-17 17:52:33,c129bf99881b82786e7d519154773a0574c7b0e2a3fe8802547b803cbe18bb5d,897134,635078.0,513.0,0.000808,1,1,191
2025-05-17 17:52:33,c53167ac368b323c6f8cb555adb154e3fdb86bcd1d36f806424a3fe062cc175b,897134,137861.0,513.0,0.003721,1,1,191
2025-05-17 17:52:33,e7c711c1538052423b95d4215c5d8260407472607c5f5e81088eba120cdf9155,897134,48046.0,513.0,0.010677,1,1,192
2025-05-17 17:52:33,265863ffb3677975f4fc18f67fb4bfea771cfcde0347d974b9c1974411b0194b,897134,650667.0,513.0,0.000788,1,1,191
2025-05-17 17:52:33,b780f9b70a1ea49f08535b0808d4d11c91fd00c3121373736435fc1e40de1d47,897134,374978.0,513.0,0.001368,1,1,191
2025-05-17 17:52:33,d9a480817088844244170e185e2e0da27f0b6681a1c99b15962022c6b54aa446,897134,38602.0,513.0,0.013289,1,1,191
2025-05-17 17:52:33,e3f57c950010f7a9225f720b022626095a00e9bb604a4b943348e2092fedc144,897134,164495.0,513.0,0.003119,1,1,192
2025-05-17 17:52:33,2160a2ea4320c4099ac23c936a2d20d540fac393da78e1ceaa21ecfcf33e373a,897134,151458.0,513.0,0.003387,1,1,191
2025-05-17 17:52:33,6eaa0adb6a7c1ae4dffa8e22e75ba12761e51c9d771c4dd442855b6da608ac38,897134,67064.0,513.0,0.007649,1,1,192
2025-05-17 17:52:33,d9a9b5ebca26f7ae810d7612ae7926ca0654fe05779062a44fb6b42e5b1f6c28,897134,61097.0,513.0,0.008396,1,1,191
2025-05-17 17:52:33,9d155f1090f189de08c231268ab3a21a4c48cf910ece93505b1dc9ad31974a28,897134,2038363.0,513.0,0.000252,1,1,192
2025-05-17 17:52:33,c249da15dfe1810f86b6ab31e3890414dd06772b2a3210fdeae686aa755a411e,897134,377507.0,513.0,0.001359,1,1,191
2025-05-17 17:52:33,1bc7e379f20d894799c55915f1038d7f8414341ee3336ddf56b6b15d5e454817,897134,89831.0,513.0,0.005711,1,1,191
2025-05-13 04:23:38,694ddcf884c2ac04a942f0efc3283cedbadacf41b066ec7236d08d2b554bdf92,896497,2424709.0,111.0,4.6e-05,1,1,193
2025-05-13 04:23:38,73b50b05faf40353d4f293718137029d3f0af5bba2edb90bded7680f28408e92,896497,7146.0,154.0,0.021551,1,2,205
2025-05-13 04:23:38,58a6b4567be4411d2edf94a3bb6a4e4a22d4d751b11dc5e6a853f38555489b91,896497,546.0,152.0,0.278388,1,1,324
2025-05-13 04:23:38,05e59d46644766f393d3455a374cc0e79e9e28279f044b8a348cea741c93dd9e,896497,20952.0,154.0,0.00735,1,2,205
2025-05-13 04:23:38,ea93adab90309bd31ec7dfce554511e8072a23d51beec8919570a6d8bbf56b91,896497,27600.0,154.0,0.00558,1,2,205
2025-05-13 04:23:38,84c0ede6460674b285b429deb315fe8859871173af2f5abf030ee715c9263c91,896497,546.0,154.0,0.282051,1,1,331
2025-05-13 04:23:38,98f126b47f0f2c8bce2e5cb5494c26c52df4c5d942696825012f54fe478eeb90,896497,330.0,152.0,0.460606,1,1,323
2025-05-13 04:23:38,4dbb3f4f8375ccf295848701e2791ea7d7a2066ca1fc9d3cf1cd25aca72d9f90,896497,1509.0,212.0,0.14049,2,2,312
2025-05-13 04:23:38,f50868cd23d3b0b2cfc2c875b92e53feef632c3c3d5b443ada7df96924626590,896497,330.0,151.0,0.457576,1,1,320
2025-05-13 04:23:38,79114d1a2e30d86cc4895ecb4718ae07a0e368e2296ab7ba78d04c0a02aefc8f,896497,859857.0,143.0,0.000166,1,2,194
2025-05-13 04:23:38,83759b8849edfa2de4f0f7073bde6a83a70373ec17ac0bb6a3327c4a53856e8f,896497,225354.0,110.0,0.000488,1,1,191
2025-05-13 04:23:38,9fd7bf48d9b459366645f41c75c43a54c5d8d0dabbc1d241d7dcb5e8e066618f,896497,3307883.0,111.0,3.4e-05,1,1,192
2025-05-13 04:23:38,c7c7f61718f0fedae64bb9b6989c119f73fde0baff5762fda8225fadca55328f,896497,546.0,154.0,0.282051,1,1,334
2025-05-13 04:23:38,f96646c6a57189e9f2eb3be4a354438d0a8747a03711109f4487c9944ed1ea8e,896497,3683405.0,142.0,3.9e-05,1,2,223
2025-05-13 04:23:38,66f97ab8477d364b514e16cc2155c46c28b23f8ee4592544e1652175054c2b8e,896497,330.0,152.0,0.460606,1,1,323
2025-05-13 04:23:38,f144062de3499d1295f8ebd2849a0bcf0314fb78d517affcc4a65f4c96b5ca8d,896497,330.0,151.0,0.457576,1,1,320
2025-05-13 04:23:38,e41f2ff2ed5112bea80af32ebe95e6595b849ee2b4798db2a91e6252b269b18d,896497,546.0,154.0,0.282051,1,1,331
2025-05-13 04:23:38,a8f91107ee2f54ecaed0b58b2ac544d00b291336ac9b04fddc1cad240d17ee98,896497,11263.0,154.0,0.013673,1,2,205
2025-05-13 04:23:38,dcffeacda05d7d8497418ba2cedc7c5a889e63b697d8a69f1952412db7f2b08d,896497,330.0,152.0,0.460606,1,1,323
2025-05-13 04:23:38,543817dc3d645e6affe545056006189dc7e6fb23e2ce449b56d0886f431fa18d,896497,546.0,153.0,0.28022,1,1,329
2025-05-13 04:23:38,2eeaac989d47d46232f33ae35798b42df8f0a8234857f7f404d3336bd0be618d,896497,474138.0,110.0,0.000232,1,1,191
2025-05-13 04:23:38,3ec61d1585e1b011c67d247df90d112db02628f9ee74f167e77576e62a7e618d,896497,46261.0,110.0,0.002378,1,1,192
2025-05-13 04:23:38,eaeb611eda4187e52f2c13b297328db571306ef06df7a102aa455f666d68398d,896497,330.0,152.0,0.460606,1,1,323
2025-05-13 04:23:38,8055812022b9c0eb15056699849e726e1259873482129ad6b48443854c73968c,896497,330.0,151.0,0.457576,1,1,320
2025-05-13 04:23:38,fc2fbf8481e9750d83516ca459ca07577231979711738cb4c5f45a4d8475798c,896497,1099846.0,154.0,0.00014,1,2,205
2025-05-13 04:23:38,809035fade9d8740ea1d7d28b00a905c0d58eb2961facb7e792ddc886a08768c,896497,4832359.0,110.0,2.3e-05,1,1,192
2025-05-13 04:23:38,6942a4627869edd130487ecf4f2034deffca225e3fbd984a99ef1d57859be98b,896497,187395.0,111.0,0.000592,1,1,193
2025-05-13 04:23:38,40abe1c62fc3e4519f382761c17b3557f6c9bdd3a1cbeb7e5e66bf3fede0918b,896497,420554.0,99.0,0.000235,1,1,150
2025-05-13 04:23:38,6c3ffcd6b8d4294a0fbaf0768e383cc12ac35dc8e37194ec706526cbf8ba898b,896497,5127377.0,686.0,0.000134,11,1,1232
2025-05-13 04:23:38,25cb1bba9c3537425b9b30cd5546d3c3f8f51201f0631129993b30861074e08a,896497,546.0,152.0,0.278388,1,1,323
2025-05-13 04:23:38,8f978cecf4a462e3839aeec1f1fa1ca931236d0c85069c22b97195ffb200079a,896497,261494.0,154.0,0.000589,1,2,205
2025-05-13 04:23:38,7c9162a59d294854bccf321511ad7401d272aba4e75292d5575e3ef5e14e8c8a,896497,5783.0,617.0,0.106692,10,1,1113
2025-05-13 04:23:38,ce497f6345e4ab1c1df594dda9db0eb71958bd0d1e57d1777e338ada9f8a258a,896497,4395.0,154.0,0.03504,1,2,205
2025-05-13 04:23:38,a970f9f49578c6394428a935edd3a381d02d6111d80109c0208caad55285f789,896497,569238.0,169.0,0.000297,2,1,269
2025-05-13 04:23:38,a03be12d46f7d61b7215687b7ed843472f006efabe13f695c7863574a74cef89,896497,146859.0,141.0,0.00096,1,2,222
2025-05-13 04:23:38,0a52e347ad2cab68b6eb6effbaf43489339f8c6d8313dd3be1812dfd26a09d89,896497,3423.0,154.0,0.04499,1,2,205
2025-05-13 04:23:38,f7e92f1cc5d504357be9a5f7a9fa7d3e3527841d57aaf23a18a2d39da4a925fb,896497,818577.0,212.0,0.000259,2,2,312
2025-05-13 04:23:38,605704d609ea103bc7243c713fc85e87760fc344f5132369996b54bf97495389,896497,1873521.0,122.0,6.5e-05,1,1,203
2025-05-13 04:23:38,fc465727d84a456c58272266dd7ca86f5708a767f9ef6b50ef0b4b97c1012c89,896497,979936.0,113.0,0.000115,1,1,194
2025-05-13 04:23:38,c06a1bffc8b92f5342ab16c7248efb4ecef41039eda53497ace386399b572189,896497,4606636.0,144.0,3.1e-05,1,2,225
2025-05-13 04:23:38,56ddcbc70ac4903d455da5b96232a3702bd62d7e393fbd11ee64173b908e1389,896497,7892285.0,153.0,1.9e-05,1,2,235
2025-05-13 04:23:38,df728f61e62cc3833ec927104aecf83aa0cab6bdf7e5e56deb844480c3297088,896497,546.0,152.0,0.278388,1,1,323
2025-05-13 04:23:38,e463f720a5d98f66a8841099a2ea9b57d5f9a6e86060a9c472f9736d7cc9d887,896497,3009.0,212.0,0.070455,2,2,312
2025-05-13 04:23:38,2d8e1a61ae6713035268e718ef48d8d77e0a10e6cf51d4cba89cbd46a3f48187,896497,330.0,152.0,0.460606,1,1,323
2025-05-13 04:23:38,2091f5be1547ec1c3e126c2b1b3e950def6c5e13c4570401231b6933ace07c87,896497,539092.0,169.0,0.000313,2,1,269
2025-05-13 04:23:38,405546ab19f840bce17647224fda3c4129550e9e9ca0238850066010edaa4387,896497,2077154.0,278.0,0.000134,3,2,522
2025-05-13 04:23:38,ac13bdd0210001f968d53a49c08b1ea551e548522ae6f63eefa075c5f0d63c87,896497,12544570.0,141.0,1.1e-05,1,2,222
2025-05-13 04:23:38,53903a6d9665cadb6484ddb60a3c97a2ab78c700d079d46a8be9a5e7d3230f87,896497,30276.0,111.0,0.003666,1,1,162
2025-05-13 04:23:38,cb6c793a9822e44c9fc68211d7c5630f3ffa44a3b527f93ccd24c6996bb6b386,896497,120159.0,212.0,0.001764,2,2,312
2025-05-13 04:23:38,0c925310266d76f7cd644c7719ce3babbed98825f4a81619272276a295d29c86,896497,2229859.0,141.0,6.3e-05,1,2,222
2025-05-13 04:23:38,ead61f297c59a508b4106b8f287badae32f6bd3121d6f7632b0cc28b25d56086,896497,5219.0,154.0,0.029508,1,2,205
2025-05-13 04:23:38,258155148ae62823a2c194192565194d665956608eb3b6e319be0811facc4b86,896497,21364.0,154.0,0.007208,1,2,205
2025-05-13 04:23:38,001ef72886966339de5b9a0a3e5d3a962038953b49f3a35b7739e98d10133d86,896497,7146.0,154.0,0.021551,1,2,205
2025-05-13 04:23:38,afbaf8b499c63f933d0a51b7d01d9c2091d1855d6639ceee5317e3e697d93086,896497,20399.0,142.0,0.006961,1,1,319
2025-05-13 04:23:38,f854f9ccd8a69c2fb36a3451933824ccb123e74131ca8eb3bb04d520839d2786,896497,91953.0,154.0,0.001675,1,2,205
2025-05-13 04:23:38,4649945f8b5cfabafcc195df98d58fddaa2f51945b0aa6dba1dba308cb655585,896497,546.0,153.0,0.28022,1,1,327
2025-05-13 04:23:38,386849224e62c1df584d8b06a8a9160f760e1badc689170a7771c9941afe3a9e,896497,87217.0,154.0,0.001766,1,2,205
2025-05-13 04:23:38,5a0773a9c1623e776c2ae63accd8a426b576e485bc7c97bfdbc21961b946ce84,896497,171534742.0,142.0,1e-06,1,2,223
2025-05-13 04:23:38,6fdbd7e247fef07aa0c6ae47716c034792c5db5d359a3f9f25e8f73594dbbb84,896497,4699035.0,2263.0,0.000482,22,24,3430
2025-05-13 04:23:38,def08927581180ba610d74774a0d134a54e32615c3defba4fe676efc42975484,896497,6646.0,154.0,0.023172,1,2,205
2025-05-13 04:23:38,2e2266e539644a6b138032803d0a84645f5fc06b8fc09e4db1995cef65594d84,896497,549130.0,169.0,0.000308,2,1,269
2025-05-13 04:23:38,59b8d24c9cb85c8f45b815eb22da256da824d436790d605df9d42a62b5f32c84,896497,1840483.0,181.0,9.8e-05,2,1,343
2025-05-13 04:23:38,8a8569f32f9748c873917272c587bc0e35e60780f1811dffd7615a9a2f1aaf83,896497,330.0,152.0,0.460606,1,1,323
2025-05-13 04:23:38,14e20ba0c96c128fdf5aaf6abecdeed0abe7d066f3dbf8cbcaf75407bd809583,896497,3532.0,154.0,0.043601,1,2,205
2025-05-13 04:23:38,f500756bf4e05536dc5c284ee82cc25c5cf758dba62b41cb6a3090fff80e2383,896497,546.0,152.0,0.278388,1,1,324
2025-05-13 04:23:38,93faefc2f8aceb41f275d2313d0057e053476fc6eafc8e04d4e0cc0849ebac82,896497,330.0,152.0,0.460606,1,1,323
2025-05-13 04:23:38,de5142d09baa1789060587b8c211ba5da1fcc3ef060d05fe4b1f0012292d9f82,896497,546.0,151.0,0.276557,1,1,322
2025-05-13 04:23:38,f59bd51004f8780b0e5c668b8a26977657ba76ed4df1545680deb64612cd1afe,896497,14958.0,154.0,0.010295,1,2,205
2025-05-13 04:23:38,b11fb83c30803ceb9e711002724d0c8515d374ad6517bc83f1e3bd9aac1a5b82,896497,546.0,153.0,0.28022,1,1,327
2025-05-13 04:23:38,b3983648b99f6a9dacdcd84f44310f9f122ca981ac0ab5158b7a74a7a1575097,896497,201350.0,154.0,0.000765,1,2,205
2025-05-13 04:23:38,1aba9f9201c378443705ff8b3e47f95f6c35713e01778ebd59d601f3a3ae4f82,896497,192264.0,172.0,0.000895,1,3,253
2025-05-13 04:23:38,a95685a458332320209a1e6c5ffda9d9dc36b28b4f43e59c3d062a9bb82de081,896497,10456.0,805.0,0.076989,1,4,450
2025-05-13 04:23:38,13ea3639c87d558fba4a333a7c4e91056c7571832afe56a273412cf1b1d33081,896497,162297.0,154.0,0.000949,1,2,205
2025-05-13 04:23:38,915ea86d009ea3cf7b975520ece27d16e698b0e133cf178c5dc2f9404b5f1981,896497,5406108.0,203.0,3.8e-05,2,2,303
2025-05-13 04:23:38,48b2b12562221dfbc650fe752b947008b94f8e388170351671bce95937cb7d80,896497,40042.0,111.0,0.002772,1,1,192
2025-05-13 04:23:38,f681cdd2889a1112b8f01651b851760ba8a805832c66655a17db3879fa437d80,896497,546.0,152.0,0.278388,1,1,323
2025-05-13 04:23:38,d749bac46346f970d86410f93147bc94980426f298902306d2302295eef07c80,896497,330.0,152.0,0.460606,1,1,323
2025-05-13 04:23:38,e1d234a3f98f97b66dfa84721dbeba2bcbfad7916dfddc9bafbbcc152755ff7f,896497,546.0,152.0,0.278388,1,1,323
2025-05-13 04:23:38,de4c1650e1253dca2e6ea4ffc3ec76f1bfb5e2fdd10fb650d139c0aea72bd77f,896497,330.0,151.0,0.457576,1,1,320
2025-05-13 04:23:38,2790da8580e892492355c5c808227a96fa11d0571fc5e79f89f728cf0960a57f,896497,14512.0,276.0,0.019019,2,4,376
2025-05-13 04:23:38,6d34a24856fa4ccfbbce171eda593cc700d6c73c470709ade3c11a1288359d7f,896497,49609.0,154.0,0.003104,1,2,205
2025-05-13 04:23:38,a93e817249455b07af335aea92cef9c1c7c035704a4447d1e661bd4ae541877f,896497,546.0,152.0,0.278388,1,1,326
2025-05-13 04:23:38,40e6c51fb3d206b5c1a022e9484e691f87d272b8222bc0dbd7e26de599ac1c91,896497,388602.0,154.0,0.000396,1,2,205
2025-05-13 04:23:38,fae87a6b64398a4ab4cd6aa94f4e1c141334d0746432b3260d5ebdc9033e857f,896497,1047107.0,210.0,0.000201,2,2,372
2025-05-13 04:23:38,b265055af70633fdb1c0f0543f42135a6c585fb510878808845f1e44e5027d7e,896497,569724.0,111.0,0.000195,1,1,193
2025-05-13 04:23:38,edb213be4ebbdb999df7a7b9881d8e2f632802578e8a60f21571bca9422e407e,896497,571398.0,169.0,0.000296,2,1,269
2025-05-13 04:23:38,3e854c7e3b4ac6d96606cd3f671c3ebd49ab0220b5c956a306e372dc0c19247e,896497,797066.0,154.0,0.000193,1,2,205
2025-05-13 04:23:38,d5985428e27d36c8c076e9f8f444e5552ecd29c6e99d6a8258357bebe64ef57d,896497,546.0,140.0,0.25641,1,1,312
2025-05-13 04:23:38,600d4bc9553c14acee0520e5941d154eb0672c6b2055f4dacdb019c824ac8599,896497,433847.0,153.0,0.000353,1,2,234
2025-05-13 04:23:38,a242a49fdf5c02c9067b7fa1f541ab52fe9d149010bb6a57dc6d2a0baf30c77d,896497,330.0,152.0,0.460606,1,1,323
2025-05-13 04:23:38,b7378d9f9b9515f12457cd92c1cd018ff81cc9bf7c4274bb2efb1252b763a47c,896497,3920.0,805.0,0.205357,1,4,450
2025-05-13 04:23:38,8a74e4fa9f22651677ccf81535a6be6d6e6e1427d4b0c3ab87f85b2aa56a627c,896497,8596.0,275.0,0.031992,2,4,375
2025-05-13 04:23:38,9189d6a2bc6c570abb7c59180a49e03dc01775e0e5509d6c9139867f8f38897b,896497,300.0,110.0,0.366667,1,1,191
2025-05-13 04:23:38,0cb9138e070a99720490945989bd6d7a48ccbc5a1014858859a71a82e7a2357b,896497,546.0,154.0,0.282051,1,1,331
2025-05-13 04:23:38,7c9a2442fa359f9ffc9133a36ae42f9c13be1ebb3338f6e040dd4609131d16d6,896497,350001.0,154.0,0.00044,1,2,205
2025-05-13 04:23:38,4b6b43b067b89bb18b7d0f368d703b6999ffe2605a66031ac7fb2f32c8dd257b,896497,305805.0,153.0,0.0005,1,2,234
2025-05-13 04:23:38,436d0edc0d261555ceed3b20090167506561b4f6a9c1b88e2af05032e790707a,896497,546.0,153.0,0.28022,1,1,328
2025-05-13 04:23:38,8b2f03c9ddd8e1c223ff34fc872a2adba3605c7a2a58b056eed3e8571dec7bd9,896497,60211.0,154.0,0.002558,1,2,205
2025-05-13 04:23:38,66e4af9285ba469cb89fad01b33ec76df7347fede0925ea224d31f4b47754f7a,896497,41422539.0,45711.0,0.001104,794,1,85015
2025-05-13 04:23:38,4f218fe76391c5178f18fc2f91e5c25092db40444f39d03ce32067a3023f1e7a,896497,423102.0,110.0,0.00026,1,1,192
2025-05-13 04:23:38,7546f207402641cad42082490b6a82b6610abc978fdc83ec4b60c19e1f578136,896497,29919.0,519.0,0.017347,2,2,454
2025-05-13 04:23:38,23717150d7882e7b2f1d03eed036d5a4b8e60644c9fe6aa27fc81eaa404730ad,896497,40191223.0,3426.0,8.5e-05,1,94,3195
2025-05-13 04:23:38,332d4f2829e8e01ec4cfb8316732df7cc5b2b66739a4622f5b2bc10960fcde74,896497,20455.0,198.0,0.00968,1,2,248
2025-05-13 04:23:38,9b043e19c79b01998ab09621d6cbcb67b735a7f27ec9fafce6ac44daada684f2,896497,581094.0,170.0,0.000293,1,2,223
2025-05-13 04:23:38,e3bc07ef2b70f59f0bebfa9ddc2ea0d75afbb14c1fdf8ba1eadad251438e82e9,896497,3467846364.0,170.0,0.0,1,2,223
2025-05-13 04:23:38,73a6555cdfb1de2e6cd3f413f6b749c4983dcffe2721dcf479d133a3f09eabe8,896497,18477017.0,170.0,9e-06,1,2,223
2025-05-13 04:23:38,8d5a4ec67b724dc7b8372cb5256eb8edc35805f4ee93a9912de96e51727388e5,896497,783462.0,170.0,0.000217,1,2,224
2025-05-13 04:23:38,7add84af6d8989599cce7c0d548b66d60a34e8f010df0c2aef10728d20c623ae,896497,169098679.0,170.0,1e-06,1,2,223
2025-05-13 04:23:38,fac2ce1088369e38819b3cfdb97008f9207f611bf0eb663cf0b0f6001d78197e,896497,2327630229.0,170.0,0.0,1,2,223
2025-05-13 04:23:38,08527b329013f94066365fc529591e08ab253d2069c213b46fe3f6c79ee19138,896497,135877165.0,170.0,1e-06,1,2,224
2025-05-13 04:23:38,c52d937441587ea649bf07d02944f397a1e066bafc1031e8c716dffcf04d65ba,896497,50729838.0,206.0,4e-06,1,3,253
2025-05-13 04:23:38,09775f225694e7e35076e09ea5e40822dda01c60e74d3758484266dd1b05a714,896497,53139283.0,290.0,5e-06,1,5,323
2025-05-13 04:23:38,faa8992322328ec67da900efacc563b2d80a4802e08792e347de47de2d5179d5,896497,4766331.0,169.0,3.5e-05,1,2,223
2025-05-13 04:23:38,28ff25a4ddc1d10a847366f33f883c7389d0d9e9647377f22613d79837de4bb1,896497,21019037.0,169.0,8e-06,1,2,222
2025-05-13 04:23:38,8f936eacc930d562ed7b2a096969c8ca1b3e181d66c15e26fec46f71e88e5bb0,896497,25768573.0,169.0,7e-06,1,2,222
2025-05-13 04:23:38,ed6811e83a13cfc38d1c08ba20e1ca84d774d8827dc51649937ef051b7aab9a4,896497,9684383.0,169.0,1.7e-05,1,2,222
2025-05-13 04:23:38,d13031cd33566ebd4cd6ca125150a3f0f1e7027f2511b0fc2604196ed669e588,896497,18966936.0,169.0,9e-06,1,2,223
2025-05-13 04:23:38,a7eb9dddf632f0274637edceb0d1130be3ea8d97bf7a2c213d7d9622fb4a0c81,896497,23298442.0,169.0,7e-06,1,2,222
2025-05-13 04:23:38,f875561656dc90de0799ceacd5d32aa31c148ccd5ef49a6a5eedf35317d4da7e,896497,12106406.0,169.0,1.4e-05,1,2,223
2025-05-13 04:23:38,d84c924af27a103180a010e3995ce13028def27ab99543691f6c335319b9f57b,896497,148210329.0,169.0,1e-06,1,2,222
2025-05-13 04:23:38,0a130e3fa28d0e4bd4179672513c3192aac7372e2fff1bf6ea6f71396175fc76,896497,4804102.0,169.0,3.5e-05,1,2,222
2025-05-13 04:23:38,720f6b5217938f521cd2cfdd9f0dd8b67e30c9c642a37685a722cffd4642bcfb,896497,4909011.0,169.0,3.4e-05,1,2,222
2025-05-13 04:23:38,113c3085dd9a3fa631eee20b3b0391d3015d40a09aeffd1e1cb02fb2ea545f6d,896497,33117984.0,169.0,5e-06,1,2,222
2025-05-13 04:23:38,e77f18ebd0872d3f157556a860ae9e5e9911767397e84c92350927e4d15dd068,896497,176126080.0,169.0,1e-06,1,2,222
2025-05-13 04:23:38,2cf2d28bebe9838962c8e557127aa99e22a81c776c29592cc9dcaa59627a764b,896497,14505541.0,169.0,1.2e-05,1,2,223
2025-05-13 04:23:38,4f67575e7209ba5143a8aa40c896a2be95bc7573d0b9ca84fc403e8673f61e3a,896497,1117618180.0,169.0,0.0,1,2,223
2025-05-13 04:23:38,6f3af1a53f9049b2c15586a7019685438b273d504b4b92367e34b77ab8191b35,896497,8034219.0,169.0,2.1e-05,1,2,223
2025-05-13 04:23:38,80c1bff6202a290f7bc47df8f13513f41ee26f54a270de7ce8ed2199e1282a13,896497,142677.0,169.0,0.001184,1,2,223
2025-05-13 04:23:38,91404338da6cd1e9e76bc38239f1bdbe0df0f7a7cdd688f25be58079319d1313,896497,129995831.0,169.0,1e-06,1,2,222
2025-05-13 04:23:38,bbfa830892f98e366814c9d9d844509b3d972e0f55c6d2c9df6190f83962be03,896497,2333327851.0,169.0,0.0,1,2,223
2025-05-13 04:23:38,5333d79350fe592861f6ecb47721ad4d1387747b410b936126d801b0c7785f00,896497,1251687791.0,169.0,0.0,1,2,222
2025-05-13 04:23:38,621662615e153e1927555bb094b9837a179648a77417319407bdde43daa02ac9,896497,4921.0,240.0,0.048771,2,2,300
2025-05-13 04:23:38,85e0e4329b79655a28fffab0693ba49c50268a88d9d2efbc7e2d954bbd5dd0e0,896497,175217.0,254.0,0.00145,2,2,313
2025-05-13 04:23:38,a6c6c99ab5f8c21d53b4b4b3d8ff3320fcd06232478e9380a80c79954652f459,896497,1085355.0,235.0,0.000217,1,3,277
2025-05-13 04:23:38,1cf500e6a10ed0a931309ff578e896ac0d400c845ed58c33fa0b36c8d017ba64,896497,1580.0,240.0,0.151899,2,2,300
2025-05-13 04:23:38,97ac0da3e711e225afafe86e5382cfc844b4ba26c411b6b54d59e54349ad0f8f,896497,21900.0,241.0,0.011005,2,2,302
2025-05-13 04:23:38,9a65b32eb29b5605df551ba6ea926a038469b90b29f3fed3a5fec3b929c57a30,896497,29686.0,235.0,0.007916,1,3,277
2025-05-13 04:23:38,e4b0ffa0bf70539072160f2ee3da3e54e86a2e07a3f22ef6e08317117cee405a,896497,1126.0,240.0,0.213144,2,2,300
2025-05-13 04:23:38,a7e8e35924983bdfbf6c9b229da402d246841413345ebd9ece6e71936eba967e,896497,17012.0,241.0,0.014166,2,2,302
2025-05-13 04:23:38,c5b527a665ba8d53b942cf42d05efe6f1a1498dfe70b7f10a76e863bd0db88c4,896497,2456398.0,132.0,5.4e-05,1,1,192
2025-05-13 04:23:38,8c8ef04a30e3cf78b110798b384ead10477d9b76c543695788ed0d0e7337b7a4,896497,49696.0,132.0,0.002656,1,1,191
2025-05-13 04:23:38,19edc796142910f048783c74b69e137870d49a15abfcb0dd057016d10ab1659c,896497,96782.0,132.0,0.001364,1,1,191
2025-05-13 04:23:38,94c27ad1f31c3f7604c9c26adc3d121ba1a6eb338f9a65fcc407defe3c822e84,896497,68658.0,132.0,0.001923,1,1,191
2025-05-13 04:23:38,461d50caae39a705ec1c4e16bb373c4ba69d029f294ac440c3aaf2585a6c3c78,896497,7571.0,240.0,0.0317,2,2,300
2025-05-13 04:23:38,565389067b897ada784b15ec5a909540ff46cbe93697f5315513c8d81b6b6d88,896497,280687.0,240.0,0.000855,2,2,301
2025-05-13 04:23:38,663b9368fad1ace54625c6d79def8ab629674f5ea0f73ae48835b0942d8190d3,896497,864762.0,264.0,0.000305,1,3,301
2025-05-13 04:23:38,03fd401a65f631cc77f4c86df04aed6d3fef83fc6fd168cc2a0aae3202749169,896497,21501.0,132.0,0.006139,1,1,191
2025-05-13 04:23:38,bd22458ce390be2988f48bb1a110d4a20b214069512dc5267b532c1b35f9c455,896497,35730.0,132.0,0.003694,1,1,192
2025-05-13 04:23:38,bcc7b1aa81efa946949a335a53f59504af570c49ac37c946abc3d433c764aa52,896497,73563.0,132.0,0.001794,1,1,192
2025-05-13 04:23:38,ce9152e3ebf4cedebde43d507b02ffb8ff074c93b1b805ec6d0447cc3340204b,896497,91854.0,132.0,0.001437,1,1,191
2025-05-13 04:23:38,dfb6c7809e1f6c79c3948cea1181889e70a2aad3706a8d70d251b103b0e37148,896497,1034868.0,132.0,0.000128,1,1,192
2025-05-13 04:23:38,75500c4c5fbf9a3635d70ec9f7dfc295352b77cb117ebca36a9ba3c9a7698939,896497,39002.0,132.0,0.003384,1,1,192
2025-05-13 04:23:38,8bdc569bce54c88f23972833eb7d096a8f28ecb78e812d4c59881b942ff5051d,896497,47137.0,132.0,0.0028,1,1,191
2025-05-13 04:23:38,86ec0dcfd4b72a3c5edfa28d330a7291734b6915c615ec119a44043a1204a20f,896497,244252.0,252.0,0.001032,2,2,341
2025-05-13 04:23:38,fab5db785bb542c5ed618ae6bbb3d9f275d5e733511398abd1f11a4cd4ab650d,896497,264569.0,132.0,0.000499,1,1,192
2025-05-13 04:23:38,657b22b34ceb2de58dc45225fa0a21cd90a03dbdecdacc586917a7929e056f18,896497,411772133.0,359.0,1e-06,1,7,381
2025-05-13 04:23:38,1a12189828820ad31db847a26dbb9c2efdf9bbb0552cdbc3ad947ca78328e8c6,896497,72583451.0,173.0,2e-06,1,2,226
2025-05-13 04:23:38,82c9941a8943ac7e64cd8f668f555a6a949030866d75385c6a3b5488824a1682,896497,1330996720.0,173.0,0.0,1,2,225
2025-05-13 04:23:38,44122d5f0b71ceaf144118eed62c166e4175617d52fde645fadf291f76d80d7e,896497,9707052.0,173.0,1.8e-05,1,2,225
2025-05-13 04:23:38,358c73682cf3ec2dc47b10f72fd5d0a07e7cd78c5def20ec08202673af214b75,896497,566776457.0,173.0,0.0,1,2,226
2025-05-13 04:23:38,b0f24465c57767cf40bdfc3491f0d0b6d22e0d10161ccbdcfdb58f5125cf0404,896497,34336836.0,322.0,9e-06,1,6,350
2025-05-13 04:23:38,2b3cb7507ef52c4ab3f60f8be26292bfbe8303337814a747ca781eea40c9c639,896497,10813118.0,286.0,2.6e-05,1,5,320
2025-05-13 04:23:38,d14e24a92ff1a7f4aa8f957b1d404b494d64807b5e8534c4c627a10b0a2cf3ff,896497,28373856.0,208.0,7e-06,1,3,254
2025-05-13 04:23:38,3714f075b6a47816c01f1a1f58f9366e0f9aabea270ea08e99b99f195c1fcbfe,896497,477192720.0,184.0,0.0,1,2,235
2025-05-13 04:23:38,4016b4e4d6eb8c9c707671dd2764c66fc1d6804e63931ce383765fda6a8a1491,896497,15660115.0,184.0,1.2e-05,1,2,234
2025-05-13 04:23:38,69262c2ecb053925356fea9e7f043d75d3086981c6ff313cb80090c1dd93547d,896497,2246225.0,184.0,8.2e-05,1,2,234
2025-05-13 04:23:38,acbfc6c39a9c3173088e1d4dc0f613f45a63ad7f9999dc5d57052a02bf36fa7a,896497,38644590.0,184.0,5e-06,1,2,235
2025-05-13 04:23:38,14876353f2b85ed1b039f3c9177265c6ecc609a647fb243c84b73e67f0577f1b,896497,95455.0,603.0,0.006317,5,5,750
2025-05-13 04:23:38,f9e7dba276548d4978d19275fc6443d943de8c14e4e9ef0011d076f215b970d2,896497,637460.0,240.0,0.000376,2,2,301
2025-05-13 04:23:38,4523d3ba9523049d83de325a486ae3820befd18eac812a34ccb2174c382936af,896497,671725.0,253.0,0.000377,2,2,341
2025-05-13 04:23:38,9c0a4bfd851e87625dd7a5378e497d249c9692c3b42c7fb45d8554d68de3ae51,896497,671725.0,253.0,0.000377,2,2,342
2025-05-13 04:23:38,b42bbf4feb5359dfc16c78df00e1254c9763d1e43058d222be825fb5f0f8b430,896497,671725.0,253.0,0.000377,2,2,341
2025-05-13 04:23:38,a6eebb44669e024e64d347b3fb972a4924a6578ac76ec82fbe88e537a43c32db,896497,3239373.0,390.0,0.00012,1,6,406
2025-05-13 04:23:38,ab81ce0c9d698c0c9ba87a42096cd09bc406251b885586e52b22029b68562603,896497,23488.0,237.0,0.01009,1,3,248
2025-05-13 04:23:38,cc0eb1ed67728105d6427cf79cf15555ca20c41358efff5a921771a3648c6b04,896497,84635381.0,336.0,4e-06,3,2,522
2025-05-13 04:23:38,d625cb8433a99f0d9b60260d6571935202a4dda54fa01a87fb7af05e6c024298,896497,295576.0,907.0,0.003069,10,2,1561
2025-05-13 04:23:38,21d864a9b25d4b170b2a5150226d8e90b0bca56e21489e5635649cc6bc41d89e,896497,4218140.0,906.0,0.000215,10,2,1560
2025-05-13 04:23:38,38d6e0fd73bc50156447ca39984a9d525a02d64cfa1c89c7d2d242cd70645d7f,896497,2967755.0,906.0,0.000305,10,2,1560
2025-05-13 04:23:38,4ff367347a210bb334744fe861a75db2bb7cb688962d4814a6521e8e004e7674,896497,12861484.0,906.0,7e-05,10,2,1561
2025-05-13 04:23:38,ea342149216c19bd552afe607c5b4bc1f7c341d4702df9453a1d778a145ca440,896497,314086.0,950.0,0.003025,11,1,1676
2025-05-13 04:23:38,87fddcc22bd6c966dddd7418ed30faa419460224b98a539a29f6d2e8ff914a1f,896497,91135.0,362.0,0.003972,2,5,401
2025-05-13 04:23:38,9f6a0cb24400e972dafdaa6c1a4906a1a54266957f5f46abd0eae8a2c9565859,896497,124659.0,362.0,0.002904,2,5,401
2025-05-13 04:23:38,31d6cd64d940d7f940fccfb5c10644f9419c684d34755826a26f4afd6a6288e3,896497,1458479.0,624.0,0.000428,7,1,1082
2025-05-13 04:23:38,0ae472ede9243298ef80632e5cedf40e7bb153cc943c5f254b9061d16bfb215e,896497,2823410.0,460.0,0.000163,5,1,786
2025-05-13 04:23:38,382857a5cab05ed4cab6b3feb89f248e60e10a6228ff99ab15ac3d5a756a2d39,896497,1379.0,259.0,0.187817,3,1,364
2025-05-13 04:23:38,04069e8a3f188d6b7cfc9fcd9a813c311962d4b7e9cf109a381fca244595f189,896497,2252803.0,281.0,0.000125,1,2,222
2025-05-13 04:23:38,6fffac8d184f4fca12168f8d553397bd00f13b614fb9e039b2b8efb1671a745b,896497,39132.0,289.0,0.007385,1,2,227
2025-05-13 04:23:38,2461c1811bd261327207d9c60d30cd961e32f5069bf6e113347d78f7c53a8752,896497,12309433.0,537.0,4.4e-05,1,13,728
2025-05-13 04:23:38,be3a6cf7762fa45558186c9d3b03be0e736b07a7c04ad1e21b24b13876d14d99,896497,4399712282.0,533.0,0.0,3,2,522
2025-05-13 04:23:38,be0c8cd32dd190ac1a4177538af34c577de519d3deb5d14ee805558f630c4e57,896497,1959871.0,189.0,9.6e-05,1,2,206
2025-05-13 04:23:38,075c647c219f99a0a7af3dbda668bcb8ca53dd4ce299a6bf002f4b33cbf1abf1,896497,5267128.0,208.0,3.9e-05,2,1,269
2025-05-13 04:23:38,2d5c65062479c9fca58aaf6750b438faaab05717a88a60f2f0a6e8c3c183ccaf,896497,330.0,157.0,0.475758,1,2,208
2025-05-13 04:23:38,9c2c47ab29f792d25500a0b7fe4ce77971b4d6f0e0ae1a101ed6d2579dcb01c3,896497,201300.0,758.0,0.003766,1,1,192
2025-05-13 04:23:38,e1f2239096a3ca9fca74d97241a0152697ed82c691fa766483d9c0ff70f379f7,896497,80385698.0,3594.0,4.5e-05,2,98,3428
2025-05-13 04:23:38,f5940547e45295f8f4a3438b97ca97f018c5b8617df1314950defecbb90bea42,896497,186948092.0,2801.0,1.5e-05,14,2,2141
2025-05-13 04:23:38,2440dac561539fbf39e12e75747509f66ecc7a0aba913a2cb5993a473d71b365,896497,7346080.0,433.0,5.9e-05,2,5,490
2025-05-13 04:23:38,8cca5723c614fe061401e97500423f66b87b67062a38acb663512f8d2ef42165,896497,33805134.0,433.0,1.3e-05,2,5,490
2025-05-13 04:23:38,c7498bb750870553f2d2376af5c7822ca8770ad7fa76858ab366d6037d386ef7,896497,12103.0,190.0,0.015699,1,2,195
2025-05-13 04:23:38,4fbb54c429480941cb125cce2ce58cb20ce9d531736e91c89335ed0015b33f5f,896497,4810.0,190.0,0.039501,1,2,194
2025-05-13 04:23:38,0e64b431986c850dc34d818c8fc11237ff84f1214554ba66c86e59c702122eb1,896497,5086.0,260.0,0.051121,1,1,406
2025-05-11 02:39:37,e74ceb329366e00f25f7edee97a93efee8dde8acbeada92ed09dc4c9a4d662c3,896194,39902.0,770.0,0.019297,1,2,205
2025-05-11 02:39:37,8ab8c344d92b6fcb6005fcfe1e0130a465e83f921ac2003d9115784002d8f454,896194,9189.0,550.0,0.059854,1,1,191
2025-05-11 02:39:37,3e6d8b5d2e83965862436b6ed3247be16de5bb7d174c0229155bc73117df8c54,896194,546.0,760.0,1.391941,1,1,323
2025-05-11 02:39:37,9fa6b72ee19112fbddc7f365898d6d201468b0d80c5687ec295796d6f626b39d,896194,479230.0,770.0,0.001607,1,2,205
2025-05-11 02:39:37,01ebc7dcb65c0eefbcfc8784e30fbdf3a93a98789e3bc0b84954a8718dddb253,896194,189295.0,705.0,0.003724,1,2,223
2025-05-11 02:39:37,d72ca75d0b7097040f87971af857c9f5cc59840a29556d14fac2880bb1aa7f52,896194,986730.0,710.0,0.00072,1,2,224
2025-05-11 02:39:37,2b8477a10ea8f233e1105a9357937ce6ef789f5316abb2c0ba4a064c54a41052,896194,1156632.0,705.0,0.00061,1,2,222
2025-05-11 02:39:37,d5d3eb321796ac52abb2d65a574780afc4c8a5d61ae368222c3e0eaf6b51d850,896194,1435969.0,885.0,0.000616,1,2,258
2025-05-11 02:39:37,e21214c1bff0f8ac77aa8707a99563d3a5e016453cca277d4834dcbff6903a73,896194,1441465.0,885.0,0.000614,1,2,258
2025-05-11 02:39:37,db0b92ab3743fe46b48217835557d867d88dd30b7b067b9bebaf86aae811cd50,896194,805476.0,555.0,0.000689,1,1,162
2025-05-11 02:39:37,bccc17e36be00f349614909d65f33a18be3b943acd6e1f8a6c1a234335400f4e,896194,6963011805.0,2205.0,0.0,1,10,632
2025-05-11 02:39:37,117d9b428dae123421b0f51cad94405d5077cd3fc01259810485d4d59ada944d,896194,538658.0,2210.0,0.004103,6,2,740
2025-05-11 02:39:37,7f7e536033835200a703730694c5890be91e438222cc3c09ef0aac19824a814b,896194,7111.0,1185.0,0.166643,2,3,337
2025-05-11 02:39:37,a38b9ff6da9e7ccaff212efc5c7c8cba1078025a242a4a90a5df033cab0c3d49,896194,945732.0,555.0,0.000587,1,1,192
2025-05-11 02:39:37,465cd01b40676790f93e7e0a95f578fc222decc8e8a25d655e32309435470848,896194,546.0,760.0,1.391941,1,1,324
2025-05-11 02:39:37,ab119d0bb55d285ec8b9123079a363953e3f22b36f76bebc545f310046440863,896194,220509.0,770.0,0.003492,1,2,205
2025-05-11 02:39:37,c56a2918ac785b9fba414a460c17e5652e5c450b32e00b82550e1a92289c7747,896194,7375329098.0,1260.0,0.0,1,4,443
2025-05-11 02:39:37,cac215197e698d6e98998660291fa3cd110ed4ec9bacf0ae50cc34728af07244,896194,546.0,770.0,1.410256,1,1,333
2025-05-11 02:39:37,9b2881445fe347b4493be0c70a982b2aa5a0f63cc7465718c2f7d4e564bd7fb3,896194,63155.0,770.0,0.012192,1,2,205
2025-05-11 02:39:37,9241986ae6c42201df4ab07740775fc5f5f5c05fd290ebeeb1c0bc74e0dbb243,896194,673032.0,550.0,0.000817,1,1,192
2025-05-11 02:39:37,d369ea9d14990d6a56f2d0e58f06337cb4e01e381355efb92ff13febad204d43,896194,328203.0,770.0,0.002346,1,2,205
2025-05-11 02:39:37,a6f7d05eb2ecd0d4d4f812d8dd8fe4daa992af04c0b4dd892ca357feb551e242,896194,28081041.0,705.0,2.5e-05,1,2,222
2025-05-11 02:39:37,67c9af630e887dcbbd8009b978007277dbffa9b487a2728354bcb35a5ccd2940,896194,546.0,770.0,1.410256,1,1,331
2025-05-11 02:39:37,3f0f42237e055195bd339ab90326acbea4259d4a2129a6d70d54fc3fdcb1f13f,896194,546.0,770.0,1.410256,1,1,331
2025-05-11 02:39:37,cdc954d6ccfb0a081260b9737d81347415250245b7635957a3e3b97acec46ef3,896194,1412730.0,770.0,0.000545,1,2,205
2025-05-11 02:39:37,eac748f4281a36a0889d627d6adc8245a9bccefb124c168d6c8e730aad22df3e,896194,3696.0,915.0,0.247565,1,2,356
2025-05-11 02:39:37,a3bb8492c9d4290922bad45521243f7b4cc2cf570cbaad5f8e2e198066a6f167,896194,1446961.0,885.0,0.000612,1,2,259
2025-05-11 02:39:37,b20cc7c74bebdda6d6f39ee820ae48d54f24f7115730d1d36d97403a8c1f9044,896194,1452457.0,885.0,0.000609,1,2,258
2025-05-11 02:39:37,cd583ea48e9bbc73be05e25a06836ba3a685fa6f838c7c326aebf38f027f039b,896194,1457953.0,885.0,0.000607,1,2,259
2025-05-11 02:39:37,fed4a8d1fc99fd9341aadff0de15565214949fa534bcdb0d49a002499c6eeb3c,896194,467493.0,770.0,0.001647,1,2,205
2025-05-11 02:39:37,4b5311aac7b3e04954c1ea9540cff2ffee098e3e809528c86faa83468394e43b,896194,374999280.0,720.0,2e-06,1,2,226
2025-05-11 02:39:37,557422e1151e2f2c61773d3c490cacecfcb7128bcf808b30c036dae1e9b2e13a,896194,546.0,760.0,1.391941,1,1,324
2025-05-11 02:39:37,9628facfa7cfdae52c58a8cf962206d768cc90d5a56f07bef18a642141737c3f,896194,127122.0,770.0,0.006057,1,2,205
2025-05-11 02:39:37,3290ab2edc000a471de8727eca090c00ef9bdff1ca2623c11cda4ef592cd4f38,896194,546.0,760.0,1.391941,1,1,325
2025-05-11 02:39:37,b2d1a32836043f691c23f29e1befa5dc7c2004efc5c09d39d29099a1320435ef,896194,351301.0,770.0,0.002192,1,2,205
2025-05-11 02:39:37,fbbe4af9883f93a526fc8b779500fb55e2e1418b127070e0b50135466aa57636,896194,5922.0,770.0,0.130024,1,2,205
2025-05-11 02:39:37,a23c4c4e79b5e0c96a3086edb78fc5f2a2960110d92be0f8982d1311492c4136,896194,6603800.0,1060.0,0.000161,2,2,312
2025-05-11 02:39:37,6361c55ddd58e3ae15d82a82b3ffabf35d6b980a585deb97e4e0033a6cdc7535,896194,359956.0,725.0,0.002014,1,2,196
2025-05-11 02:39:37,35872e1e7071453bcd8378f1b16e890d496a90afeecf0acf91916ed038d21c32,896194,1033940.0,705.0,0.000682,1,2,222
2025-05-11 02:39:37,107f8d46d804e0a09b790dc682f62508203e9179597b788ded9ac9a408fd552f,896194,546.0,770.0,1.410256,1,1,331
2025-05-11 02:39:37,340d0bc15d775fad5a84646d1742828239cbdcaee19ff009469b9cf559654064,896194,334128.0,770.0,0.002305,1,2,205
2025-05-11 02:39:37,18ffd25da305264eb076a5fcffde4aea19b0401ce61e7b893d0aaf662ddf522f,896194,286667.0,705.0,0.002459,1,2,222
2025-05-11 02:39:37,7ff42c7322677e3dd684cf89db2efca9ba0d3ad2c115cd195770e16329b3492f,896194,516980951.0,865.0,2e-06,1,3,254
2025-05-11 02:39:37,57afc2f6faccd358294214e2e0304cccba2ab9bddf4cca987b985bb6713ce32d,896194,1031417.0,720.0,0.000698,1,2,226
2025-05-11 02:39:37,c0b325ded0df295840d51da607728a2be9b4b0c76502bcdfd04bc98ba424132c,896194,7174.0,1755.0,0.244633,4,3,550
2025-05-11 02:39:37,e19e4c0e99b99e45ce0631ce09f920ba7490b5f1f5007b3e2eb9b0a61ddde229,896194,35728.0,770.0,0.021552,1,2,205
2025-05-11 02:39:37,dcb34d5ef39ef3baa6d64fa31ff60e1a4b7d71bd13be5eef27a9a14324047029,896194,344748.0,765.0,0.002219,1,2,235
2025-05-11 02:39:37,cd9eabb4bab2d8d7a7a1633d3cd9c9f671e0998f5ea00cee50759ccfb4308a28,896194,546.0,700.0,1.282051,1,1,312
2025-05-11 02:39:37,fecddf9db04c8470b0bb79e2c487836ae23830c1fd027407a3b17429cc10ebb4,896194,283493.0,765.0,0.002698,1,2,235
2025-05-11 02:39:37,1f550b7d53d0b7847afb26ee96daea4935c7ac50af9238f0f3a9ee0d0fab7d28,896194,546.0,770.0,1.410256,1,1,331
2025-05-11 02:39:37,69131f5a5f0724b24aed972216d67630141e0362a7be6a6dd84993037217467d,896194,18078.0,770.0,0.042593,1,2,205
2025-05-11 02:39:37,3f79ecbe09f69ccbb23e33245d2a7e02135008b75aee53a7cc107f383a5cd227,896194,602292.0,710.0,0.001179,1,2,193
2025-05-11 02:39:37,b3167e9390283042826bba78a98ec9565d13311affd39da2dfcc20c8a9a77826,896194,185856.0,1050.0,0.00565,2,2,372
2025-05-11 02:39:37,c4baf6c14f55af0c1229bca24a7b9300bb746ab2ff6b4b3f2b3bbdba50eedd25,896194,5417509.0,1390.0,0.000257,3,2,521
2025-05-11 02:39:37,d32584ac188c3b628a2d38d2047ce07858c05cfaa38bc2064845215b4b336123,896194,5873868815.0,705.0,0.0,1,2,222
2025-05-11 02:39:37,d19eb30d45fafb0c10a00ba050f6f69b04acf3b535decae4c5faf1e41f75d022,896194,67410.0,555.0,0.008233,1,1,192
2025-05-11 02:39:37,391a916d69592740e1607fcec1afaa83a49d3a21418bcb33c03b296735784c21,896194,27124.0,710.0,0.026176,1,2,193
2025-05-11 02:39:37,0193251b1af2eb7f1ecd7a7a325ba4857ea22fe3873019c9c7ec575d6cbdc220,896194,3746890.0,825.0,0.00022,1,2,246
2025-05-11 02:39:37,efb7d77962cb24ca1acfd2e6e094de9e6c68e9a8f588936beede5ddb900f4b1f,896194,38404.0,770.0,0.02005,1,2,205
2025-05-11 02:39:37,f30b218a261dfb1ab2add39080634267915caef88afc93c73c160cfcc393141d,896194,65560174.0,705.0,1.1e-05,1,2,222
2025-05-11 02:39:37,504cbf473079848ba88d3fafe6ed9aaf8ce0e846cc485833072267ced33ba31c,896194,33183.0,770.0,0.023205,1,2,205
2025-05-11 02:39:37,79c4129dc2bc890a7732fa9427d8f36948cb1e0cf6896e42f5ba2c08976a6c1c,896194,48382.0,550.0,0.011368,1,1,192
2025-05-11 02:39:37,57d90e5a7af357c498a80d55d951bf97da9608209c8c7aa64965725af70d011b,896194,1735.0,565.0,0.325648,1,1,194
2025-05-11 02:39:37,32309f799c6650a5d37c0de69afaaab916e1eebad75bebbb2e11750706472518,896194,124683.0,4025.0,0.032282,1,4,450
2025-05-11 02:39:37,deac82031cfa71e1c505b73e473747452e82ab9a7ef89e45f1b01627e1939816,896194,546.0,765.0,1.401099,1,1,330
2025-05-11 02:39:37,c3002c104944930d9f7b58ecd6d81d4f8e2295b828fdfc745e43a93be91ba135,896194,17605.0,770.0,0.043738,1,2,205
2025-05-11 02:39:37,87b31cc3cc2e7f745f4be220f16323970879690782e5db04ce7660e834b36716,896194,1576932.0,1155.0,0.000732,2,2,393
2025-05-11 02:39:37,a04b609b385bf89a37e7411bde392e714b8bc06462d155bd51bfb6f30265b714,896194,942929.0,725.0,0.000769,1,1,226
2025-05-11 02:39:37,0db3f9705d492dd09c0caa5d2a28c2ddd1b44006aea49b961e94f46ea3f1a814,896194,8052252.0,10190.0,0.001265,29,2,4366
2025-05-11 02:39:37,3731f215edf0811031f2fe74042703c8c2e24858e85914e953c606fb6e868914,896194,219348377.0,710.0,3e-06,1,2,224
2025-05-11 02:39:37,99bddc2ec8ed75971818c28ea6554c2a2e244897e15793331e6293e366721a14,896194,491186.0,1060.0,0.002158,2,2,312
2025-05-11 02:39:37,8026b71498c7569ea67119ef94f053332c2e1ae414384f0da2ef05b83be9c613,896194,2420226.0,6595.0,0.002725,22,1,2409
2025-05-11 02:39:37,b69b6cc10ca2c26dec226c671bf418b61143e0f15b1d30d54c3dc23ba294e112,896194,968016.0,1130.0,0.001167,1,2,226
2025-05-11 02:39:37,06cb1b06b6b4f3bcba8ad8a632b91855c075f23ee7dab72439b004fedb942212,896194,89383.0,565.0,0.006321,1,1,195
2025-05-11 02:39:37,398e07c183f610fe7898218edd1dc7661e531d9de5e1416493de9d5f0b681b12,896194,154230.0,770.0,0.004993,1,2,205
2025-05-11 02:39:37,cee200fbddbbe2ad350e6ebf00b87d393d3e5b51f3b7860d437570829785f611,896194,14727.0,770.0,0.052285,1,2,205
2025-05-11 02:39:37,8fe6f2c6ee508fee759ec45f697177072355db4460d09984d02f6f529fbc1d11,896194,143364.0,840.0,0.005859,1,2,249
2025-05-11 02:39:37,a5070da6af8526d07de91a802409310b9403f2216eb923081e7043b7af371f0f,896194,20178.0,565.0,0.028001,1,1,195
2025-05-11 02:39:37,a04d18207971fa4cda963d2d68f4bfde4799d4afba89b385ba5f7c93463bde0e,896194,1712618.0,705.0,0.000412,1,2,222
2025-05-11 02:39:37,b3aa7a99a94a2338056a0e07d73bb65b5460c36b6586bbc3135235580bd8a40a,896194,30859.0,2045.0,0.066269,4,1,733
2025-05-11 02:39:37,d9bae1e9ce035e8f8ebf6886c4109e44823bd0fa2cdbc68e2fc4e3dcc3f99f0a,896194,1640987.0,1060.0,0.000646,2,2,374
2025-05-11 02:39:37,63011d2b12729177759a0cc302908a787f40e0e0c7aaf3ad55fa82d011f34d0a,896194,7787.0,945.0,0.121356,1,1,189
2025-05-11 02:39:37,9bf521aa1d4b3bed7f8b4e19f1924217e366f5b2eb4ea2eeba2a98385002a208,896194,94390.0,610.0,0.006463,1,1,203
2025-05-11 02:39:37,91bab63fb4c4e59b00e0cad5bd68d18e35a43b3e76c41e2e3cc7bd27b934e707,896194,203829.0,710.0,0.003483,1,2,193
2025-05-11 02:39:37,bf56e1e33ab29ea30e986b1b552e3520f16aae0c0a4628663b88119db25ef506,896194,546.0,765.0,1.401099,1,1,328
2025-05-11 02:39:37,430b70759ccbe083a7348400d51d0bf4e17d2ec38e8ca457eac870bbe361b792,896194,628771.0,770.0,0.001225,1,2,205
2025-05-11 02:39:37,273204d45162d3863b20381d6498f7e0dc5f45bf5501bd10eb105532d6572e04,896194,546.0,760.0,1.391941,1,1,323
2025-05-11 02:39:37,8a8b1e1be75cdf80f54e0a57594699d552f4017b528a0507ae3e2b20cd53ea5e,896194,72038.0,770.0,0.010689,1,2,205
2025-05-11 02:39:37,43d1f8979dd218a195f7807257a9de39a17a77f798097723d2bd47878e3a0a04,896194,8173.0,555.0,0.067907,1,1,162
2025-05-11 02:39:37,db7bf3d50e30a00a7754a18d4ddad840abcd518ac1ff362028d9a5997af2a503,896194,1685545.0,710.0,0.000421,1,2,223
2025-05-11 02:39:37,4e1f738f83bd46114042d3a3ca0c8b1a7219bd8bff3de273f7de77052a4ea701,896194,284721.0,705.0,0.002476,1,2,222
2025-05-11 02:39:37,c56185b57910f5b8feb3e25d631bf12d22c56aae46106b8ddb777e7058686101,896194,31427315.0,875.0,2.8e-05,1,3,256
2025-05-11 02:39:37,6e58ce4e210d4f517668a1d71fb750786388da44d0381bba03875919cfe29e76,896194,1882832.0,103289.0,0.054858,221,2,39299
2025-05-11 02:39:37,77f349504ae31ae7f0599bd97988214586796c772e1834eed4a5b12cdbc9fd87,896194,2218.0,5374.0,2.422904,4,4,600
2025-05-11 02:39:37,127dd66a707dba9e61358704c11d1cbc6f5504e6ae61ada12d8e83691187e98d,896194,8057.0,241.0,0.029912,2,2,302
2025-05-11 02:39:37,7313ab07f9d1df52b71e091f2f80bdbac84e3f4ab7ebf061b067bfed7440f676,896194,9052.0,241.0,0.026624,2,2,302
2025-05-11 02:39:37,2f94d2348a42028f7cb4e548e85737ee201d275026988c45b6641a6284c4cd60,896194,9052.0,241.0,0.026624,2,2,302
2025-05-11 02:39:37,bcbc2e92fc3410ef7eca0aa1b28c94da445269642c0c870eeb752980a8d30dc2,896194,173954.0,338.0,0.001943,1,5,363
2025-05-11 02:39:37,d543a5bbad36e6f101d4df1b7ea4fa086e850bfb6c09166beed28ad40c9959f6,896194,1245547.0,77982.0,0.062609,169,2,29836
2025-05-11 02:39:37,cea3b8fc9b07ce4de38bfa0f60fd021a3b969a4da88c802b6e6fca3ece7ceb9c,896194,1240.0,4760.0,3.83871,10,1,1760
2025-05-12 03:41:07,1601ec5a92b68a4d6fa36ada7f15e4f69c5c0551b49c50aa6489b5f9df909fb5,896353,172676.0,434.0,0.002513,1,3,298
2025-05-12 03:41:07,f1880657b522df5d6753478bf2ce00f86eeb12ba54d767adec093d69a00315b5,896353,64110.0,434.0,0.00677,1,3,298
2025-05-12 03:41:07,783cc9839b0714083259e0c627664f215dd804c2971afd0d6d7d7a12ff2bdfb3,896353,64482.0,434.0,0.006731,1,3,298
2025-05-12 03:41:07,d4058153dd6aaf726127a18543814441eff6d9fef9b4923e9b6acec22261ccb3,896353,78350.0,434.0,0.005539,1,3,298
2025-05-12 03:41:07,303908576526fb6de4e78358871773dc5e181c2e93f7897fd43d8f7bcda40fb2,896353,208457957.0,406.0,2e-06,1,4,284
2025-05-12 03:41:07,e7e422e6183c7c32bfb2fb8b0d887a96b3c206db288dfaa194400fec8dd667b1,896353,94115.0,434.0,0.004611,1,3,298
2025-05-12 03:41:07,af5e7e51a174b46e70c7719d42454f73e0a0c397a6bb78b8093cc6e62dd45eb1,896353,94115.0,434.0,0.004611,1,3,298
2025-05-12 03:41:07,81dd397b6b322c5912827e3522ca36df8e439072c3bed46de31e7c76f49363b0,896353,1986292940.0,288.0,0.0,1,2,225
2025-05-12 03:41:07,a0f0495f8db927f2337269e76fcb0f74fb01ba4e91d41fb3980296d6fbe52eb0,896353,1590876.0,222.0,0.00014,1,1,193
2025-05-12 03:41:07,73729b3f6296a5c654c050a18f6ea95da0fe6bcfdbeb8922a0d66dbe8942f6af,896353,63893.0,434.0,0.006793,1,3,298
2025-05-12 03:41:07,46ab4691f1e63ce13d05b9b92a431f0bef7c6c0271d3e875643e771b52a9f2ae,896353,157766.0,434.0,0.002751,1,3,298
2025-05-12 03:41:07,a293ff502db7907d1be75f56f2fa6a6ef8c705ac099bebff68be713f1d0f6bae,896353,268203.0,226.0,0.000843,1,1,195
2025-05-12 03:41:07,04923e9aeafa1be398aceb3c98348a8c5272b97f3106aa0ebc9f14d5693d48ae,896353,2325139.0,288.0,0.000124,1,2,225
2025-05-12 03:41:07,1d094f389a4c7b23da8eaa6dcb3d7f623405385fff70de8b37af86d0c892d8ac,896353,323069.0,434.0,0.001343,1,3,298
2025-05-12 03:41:07,6d10d6b7122bff13d8b3531ba5f4002b3eb13f5ec73bf9104f3a3f06a7946aac,896353,12671.0,282.0,0.022256,1,2,223
2025-05-12 03:41:07,99ab18ea58bd6f42a111e6fbfced24c7e6d6cb70202a329b7a4147e703c6fea7,896353,139727.0,434.0,0.003106,1,3,298
2025-05-12 03:41:07,20421a38b6465158dd35b97a95e50797eca7dd0fce7ed7d95a42cec6234f9ca4,896353,575718.0,282.0,0.00049,1,2,223
2025-05-12 03:41:07,c53c67a0d41c3ea4f8c7082c0bf818a5c9cd6bde55b365e810f00aa3c3a642a3,896353,60702.0,362.0,0.005964,2,1,344
2025-05-12 03:41:07,7c96386f80223722abff74dc7e5be09f110d1638c277252664a95eeb02a31fa2,896353,64482.0,434.0,0.006731,1,3,298
2025-05-12 03:41:07,2ca6cd02bfd551a24c11ee8f4e8f2e4544b6e3e09d08c28e72c7545bcc911ba2,896353,68798446.0,282.0,4e-06,1,2,222
2025-05-12 03:41:07,a6ee5176d264511e041c5483d858e23b4596b80d46ae2dbdc4d8cae17b086ea0,896353,70473.0,282.0,0.004002,1,2,223
2025-05-12 03:41:07,1150b175ffff1003ef788d4033501595846490307f65d3a301fc074f79b96e9b,896353,72328.0,434.0,0.006,1,3,298
2025-05-12 03:41:07,5ee3d009808cd5da929e733f18f6484a9ad86b17e5f536b0d4a764878cf17699,896353,161420.0,434.0,0.002689,1,3,298
2025-05-12 03:41:07,1d6f232ea3a4f9022448e9a19bc9861d1367789f69fecc2bd81b06fff5eec898,896353,11192.0,308.0,0.02752,1,2,205
2025-05-12 03:41:07,286115bb7338ee3a3dd75257e70e705f5c85c9f00c666f4c677dcec037937f98,896353,180590.0,226.0,0.001251,1,1,194
2025-05-12 03:41:07,cf6926830ecae1f80d51b0d57dca987ccaf8f03740e51778bd37903e17cc4798,896353,349164.0,284.0,0.000813,1,2,223
2025-05-12 03:41:07,251cecc9c739b4d1d9f450a61d8fb7818934c7bc201df32b33ef8c48a59da795,896353,76627.0,434.0,0.005664,1,3,298
2025-05-12 03:41:07,84d2ced5d1974577b70687abbdb2e777553c9160b05b917b080b61b4e018b194,896353,32345.0,282.0,0.008719,1,2,223
2025-05-12 03:41:07,42682778cc024e9b48caee3c6e59712ba664baecef88abd57dc3f52687589494,896353,53512.0,284.0,0.005307,1,2,223
2025-05-12 03:41:07,ab12bcbc2bf4948927a39fd4ed179e52d54d357987a39b8725676bae48200494,896353,94115.0,434.0,0.004611,1,3,298
2025-05-12 03:41:07,497c72bd1f685eb59998a9ee1d1d4225e6d83bc7cc96f95781a9c57914f91791,896353,13318.0,420.0,0.031536,2,2,372
2025-05-12 03:41:07,6af8265f6288512c5c25c1698736d83cb3d52f3db7cc7409d617479ff88cf390,896353,149151.0,434.0,0.00291,1,3,298
2025-05-12 03:41:07,c0cb03e4ef4a5a0cdc5705ff467807ec7a328536d1a956c324247bf1a3c60890,896353,149894.0,434.0,0.002895,1,3,298
2025-05-12 03:41:07,979db16951e1d5637b5d102d6353d533727db79709d6fbadb5a226cdc0a5cb8f,896353,554025.0,226.0,0.000408,1,1,195
2025-05-12 03:41:07,3a9dc4657448a6471d54790d96ad1e7abceb4e1130a2294e6eec88655708478f,896353,204385.0,282.0,0.00138,1,2,223
2025-05-12 03:41:07,1c482c60b0d3c064b654d367b4fb230a2f9471d1498d129de7e9997c318c418f,896353,106123.0,282.0,0.002657,1,2,223
2025-05-12 03:41:07,84f283c837fa788a462a014888fb9cafb1b7e9f8137c2475fe4d5bb37295938d,896353,64259.0,434.0,0.006754,1,3,298
2025-05-12 03:41:07,aedb2206694b7352e6eaf0cd3dec73dc6edf2542b0da67184a56a8e58eff128c,896353,64619.0,434.0,0.006716,1,3,298
2025-05-12 03:41:07,6229ffc83d1ca04d8b807e6948cbf64d30fd37c3c9e2e4d7c68be0b9f9da118b,896353,386174.0,434.0,0.001124,1,3,298
2025-05-12 03:41:07,456e427d32e166c8f00f4bc10bc18299a1a59ddc963428714aba95003f83b688,896353,87827.0,282.0,0.003211,1,2,223
2025-05-12 03:41:07,afc14cddcad26628c6e9b859df8ecaab00ce9bd414cae48cc0ee166ff03fae88,896353,57173.0,288.0,0.005037,1,2,225
2025-05-12 03:41:07,66939c23490045916c6e1636908fd64bc5323c309bb0eb5f8b9637c38a203788,896353,17950595.0,282.0,1.6e-05,1,2,222
2025-05-12 03:41:07,cf7b64e7d6eaed5cd9d71b427a1e58617041745b5a7434b2de890583153e4184,896353,46876.0,220.0,0.004693,1,1,191
2025-05-12 03:41:07,6d1f19790b09c7079d81c2adc70dd24ac1421404c2b257f43e63b91f56c60584,896353,820879.0,226.0,0.000275,1,1,194
2025-05-12 03:41:07,74282c9a165cbc5b2c84cabd6b8c9ca39a79f1a1ac55cbfa517e91866f7cb083,896353,304364.0,282.0,0.000927,1,2,222
2025-05-12 03:41:07,5d71b688de230bd24e999950a07e36fec32c84bb4a7596859a7ab32bb6c35f83,896353,4698385.0,284.0,6e-05,1,2,224
2025-05-12 03:41:07,2c3b6b9ba84b05cc424c63a21939e28c40affe947b1707f2e2ec45ee936d6c82,896353,149894.0,434.0,0.002895,1,3,298
2025-05-12 03:41:07,de0671415723c02d11c5c3e71f62cbf11053d4f0acd62333d3e241f81acd0b82,896353,12480.0,222.0,0.017788,1,1,193
2025-05-12 03:41:07,a36ceaac8c4efc9af9c526f9087723c922c6b681dee3bc98c753aced01d07d81,896353,552110.0,288.0,0.000522,1,2,225
2025-05-12 03:41:07,e41779b743777fced9d0b0770da7a8b81092d63a546f0a0db77cba3ca5f46d81,896353,1586.0,410.0,0.258512,1,3,286
2025-05-12 03:41:07,28b90139ab64973ee458c02f2003c00351317cb40d94d7c649c77a928887e880,896353,411303.0,282.0,0.000686,1,2,222
2025-05-12 03:41:07,a35303a47b1ad806b799ecea454c8a65a1f9eb46b332df7b90eeb2dc5049af7f,896353,167499.0,282.0,0.001684,1,2,222
2025-05-12 03:41:07,439f9863d64e0f47a218fba8e74234088e764ed035faf9ddecee64bb86f2b77d,896353,2069733.0,284.0,0.000137,1,2,224
2025-05-12 03:41:07,aa785dcb1621c1bab044ef51232b1e029723530aa1e6d9615655299e6cb6de7c,896353,182386.0,434.0,0.00238,1,3,298
2025-05-12 03:41:07,4c2d13e2cdc0aa088fa56d06ef99bf16200c38da2258ad989305fef072e0b47c,896353,192030.0,448.0,0.002333,1,2,224
2025-05-12 03:41:07,ec0555ce06eb972c953df7fedbda64b56424d3c6b739059feef4e1512aa2157b,896353,3696.0,348.0,0.094156,1,2,319
2025-05-12 03:41:07,1a3d4882f7432f78629c6535be5dea46b510ee2fe94da7ab2622e83f83b75278,896353,6741786.0,1148.0,0.00017,3,1,488
2025-05-12 03:41:07,38fd1d841bff670cf3d6f7f314f7831dbb611d9abd21efcef56a6f224cb1e1d2,896353,1192906.0,219.0,0.000184,2,2,370
2025-05-12 03:41:07,b1c8aacf2d3ce25da5879f8f42de0ca4e7d1cc0e141902ddf355914549c7974c,896353,1096353.0,219.0,0.0002,2,2,370
2025-05-12 03:41:07,0db1da6ad50d107a7f8f6957338ccd76ee81f1d480c143dee68626a15d7b6990,896353,1722572.0,290.0,0.000168,3,2,518
2025-05-12 03:41:07,34e8a9db6be49e4c84cc3a1618a17eea0e0156f65c606ced9de6d9408f050078,896353,226765.0,446.0,0.001967,1,2,223
2025-05-12 03:41:07,bbe37653c7318f7b2b7ac0db4b8e804e857a5b6000a7af4cc3664f48db08ad77,896353,140413.0,226.0,0.00161,1,1,194
2025-05-12 03:41:07,fb1b715bd58e9c4ef0ee7a4bd53bd649bedca5a1addf520347d208614caa2176,896353,64110.0,434.0,0.00677,1,3,298
2025-05-12 03:41:07,5c2891714cb9c2e9551085bfe88b6e84c88a84c3a63d3172aab282905f94c574,896353,223752.0,434.0,0.00194,1,3,298
2025-05-12 03:41:07,1df0d742bd10fb66c1c29077adf9dcd2e7f306c0ba4f197b7cefe05150472474,896353,53198.0,282.0,0.005301,1,2,222
2025-05-12 03:41:07,996bc0c2bf484f034cb1d23a0890869b58d1da401cf49f83fa64bcd0a1da8173,896353,73133.0,288.0,0.003938,1,2,225
2025-05-12 03:41:07,8250c66e4d402d20cb47fcf372da04833f6e6500c0a8b701813ede94c63a7371,896353,102474.0,288.0,0.00281,1,2,225
2025-05-12 03:41:07,7dd95b277e5deb7077d2ddffc48b626b4a7a698446f0d62d1bc7a1602a014f70,896353,94115.0,434.0,0.004611,1,3,298
2025-05-12 03:41:07,f5cab23e7a928103605b97363212d263fc6f924c6f0a317aa23665ffa1f6506e,896353,36239.0,220.0,0.006071,1,1,191
2025-05-12 03:41:07,453a967159531bfd58afd42a87735d77fb5261f0211aa7dfdf5471471c85386e,896353,41192.0,220.0,0.005341,1,1,192
2025-05-12 03:41:07,2c6795b4ed7ea1aca457f1406b651c278db686fccb9e0a31a26bec0f2d1ae86b,896353,4764489.0,220.0,4.6e-05,1,1,192
2025-05-12 03:41:07,7ba98d7e63fdd0a3e056bdd2d2d03dc3f6fb95c6195f2b112e4fe16435f0d46b,896353,67826.0,434.0,0.006399,1,3,298
2025-05-12 03:41:07,f0e2cb566216c2b094b7bb55e93b49035e58410fb49b99590ef0ef3945237a6b,896353,94115.0,434.0,0.004611,1,3,298
2025-05-12 03:41:07,3e24327db1b06b791bf332b8d601369738130ed23f838d579d782f0a41d2d26a,896353,371088.0,220.0,0.000593,1,1,192
2025-05-12 03:41:07,9a17ba1de6fc784d553bbfc64683eebf915a360cf777ed5825319890f6afbf6a,896353,94662.0,434.0,0.004585,1,3,298
2025-05-12 03:41:07,c4592991f57830050c9824062c562d3d623b2eea4990efdb8be97f1311d2ae6a,896353,2680972.0,282.0,0.000105,1,2,223
2025-05-12 03:41:07,11a4f5eb1e050b9a8c3e89c3b231596160c78ef68374a56d0dab87cb56c43869,896353,458533.0,282.0,0.000615,1,2,223
2025-05-12 03:41:07,75986b97996a64d04c0f12311add1efe4e52859a28d910ab05ce411eb204ed68,896353,94115.0,434.0,0.004611,1,3,298
2025-05-12 03:41:07,76bdb224029d7e5f640022b0e000728749f44f52f6ae1057e16fdee0e2ce7168,896353,63893.0,434.0,0.006793,1,3,298
2025-05-12 03:41:07,803b27176d94b1f889b343367f77503115cf65ddfb52b478f740519227fa6167,896353,18951.0,420.0,0.022162,2,2,372
2025-05-12 03:41:07,7577ed71432c64266a6403062e3d8cf316c1e80af5941c9c43dcb67253893067,896353,252778.0,222.0,0.000878,1,1,192
2025-05-12 03:41:07,e549c1ac75551f28f0857897f8bdf119646eb36810f330d75ac642d1027a3966,896353,83064.0,282.0,0.003395,1,2,222
2025-05-12 03:41:07,eecaebc0459f2da6284c7c5ede949037587f1bd5d68f2d40959b860a70de4465,896353,67826.0,434.0,0.006399,1,3,298
2025-05-12 03:41:07,80fa42906a9ce2561641fa6f5ed8e69dcafbc79949e22e3d32698f2a1eb7a863,896353,95724.0,220.0,0.002298,1,1,191
2025-05-12 03:41:07,5e4c33fb0843d1a9e9bdb24006a17331764e5381cf6e340392f9067a396da762,896353,1342.0,410.0,0.305514,1,3,286
2025-05-12 03:41:07,abd0ce15641963bd2a70a62e82847fd76cb5cc7f473245b465867f46c4030a61,896353,157465.0,282.0,0.001791,1,2,223
2025-05-12 03:41:07,0508fb356effa5b669422eaaecd62b734670d9440cc12e65c986e98e653eb45f,896353,191359.0,446.0,0.002331,1,2,223
2025-05-12 03:41:07,98380fce2e0a2c897e906b154db43546c4e43f6be418fcd9576ef19cb518af5f,896353,1586.0,410.0,0.258512,1,3,286
2025-05-12 03:41:07,40bf2cbd2f0bbbf23b5ac3ad780de6ebef89a614b5fbba16292c1aad0d45125f,896353,14117.0,220.0,0.015584,1,1,191
2025-05-12 03:41:07,9f7555a92a5534abd861ab2fd0a84a5427e431245d4b3622691fe95e7cb6835e,896353,33427.0,356.0,0.01065,2,1,340
2025-05-12 03:41:07,0889259e3a5a4e9a0a01970465858a39a203553640650439c8cc1c0b48a2585e,896353,393529234.0,282.0,1e-06,1,2,223
2025-05-12 03:41:07,9924b802c721765e7409764749d1141cbe974ecec0c885d61f3b38f1b688d05d,896353,1259808.0,282.0,0.000224,1,2,222
2025-05-12 03:41:07,a026c231f0ea5b8108f8948b04b4d1eac755ac0f46b1bb80b835d682231bae5d,896353,202765.0,424.0,0.002091,2,2,374
2025-05-12 03:41:07,2ce47081e848f0f2f93bf20cfb6975207ae3d53d0d72a335d09da1dffe33225d,896353,42778.0,222.0,0.00519,1,1,193
2025-05-12 03:41:07,8d2b3c61cffc34e949a92fd3e5802e98bb7c3f3d96ec853b55ffda08a28f225c,896353,64482.0,434.0,0.006731,1,3,298
2025-05-12 03:41:07,3f1ac416a45c7cbb50e1002d92592921e92f58943c06c7c2e926159b6fb6905b,896353,1586.0,410.0,0.258512,1,3,286
2025-05-12 03:41:07,6f6a73b05270cb313cc413be9ba4ec6fd88b3c5617516185c116e097a5d64f5b,896353,34790.0,596.0,0.017131,2,4,400
2025-05-12 03:41:07,95eee72301317630918067f0671bc3f5d4b55598ed8d0b75458f6f0433832f5a,896353,229353.0,282.0,0.00123,1,2,222
2025-05-12 03:41:07,841d9da4fad51ff2f44df9cadd1010a25ec84f8c62bbbc63eab2ccdfa5947159,896353,95847.0,288.0,0.003005,1,2,225
2025-05-12 03:41:07,7d0f641930c197ab4eb8fd4a6f7f49d389992a5afb79932533921219bf6e6d59,896353,64283.0,434.0,0.006751,1,3,298
2025-05-12 03:27:37,47a0eca77833354a5fe796984f366ae66ed14949f15350a00fc36cc4d8a182ec,896352,42061.0,219.0,0.005207,1,3,369
2025-05-12 03:27:37,0c16ed29be34ee3adef4b7531b149f5f263a235642c6e289dc38b94bf4e2a5a0,896352,42610.0,219.0,0.00514,1,3,369
2025-05-12 03:27:37,59b706e64a3dfd92e611690ccd69b5aa393b01c03eea17abc658db19b844f324,896352,43159.0,219.0,0.005074,1,3,369
2025-05-12 03:27:37,b9ed3807e5787d98e9d97411c754b5daa13e09b42b49d5187236d321986c10fe,896352,43708.0,219.0,0.005011,1,3,369
2025-05-12 03:27:37,bc7cbf39f8d8334b78d4b5ccabbf49ea33e0ee34943e41e35bacae35c79ae76e,896352,44257.0,219.0,0.004948,1,3,369
2025-05-12 03:27:37,634f6e9fd2d17228a98b6ced27307b939d401f472dc2c2fdd50b8497f0c3202b,896352,44806.0,219.0,0.004888,1,3,369
2025-05-12 03:27:37,12f3e764bef85bcb12ee914e7710ee820c8aeb35dab64dbb97bd2118c2f42303,896352,45355.0,219.0,0.004829,1,3,369
2025-05-12 03:27:37,1b09370baf887e9e6a6ab00cd3ee742cb422760a9943ce7df19a4f1118a3f99f,896352,45904.0,219.0,0.004771,1,3,369
2025-05-12 03:27:37,17ed0e9bfdf42cf833dbdc4772285a8a0b569f963222c1707c5b506ac522d869,896352,46453.0,219.0,0.004714,1,3,369
2025-05-12 03:27:37,319d3fd67edfaea7bc086e6d86cf33d791bdf509dd3a9cdaa1b59e117439cafb,896352,47002.0,219.0,0.004659,1,3,369
2025-05-12 03:27:37,d637935b40bdbc839d7deeec6b6431a41e1542261b7656b532866b3fc95195e3,896352,47551.0,219.0,0.004606,1,3,369
2025-05-12 03:27:37,5956133062ab9a14563a6ab9bc621448be9d4e5bb20e3a9eda8ed5baa9389eee,896352,48100.0,219.0,0.004553,1,3,369
2025-05-12 03:27:37,e42cc5f5716770de2d38ab1c0997c1d01ceef055250f7481ee79f3c6634db5a3,896352,48319.0,125.0,0.002587,1,1,203
2025-05-12 03:27:37,e3e0f3ebcbc2872a0a2b873be9805ecc4bb988767e4ab1ab72159ecda793da2b,896352,135604.0,263.0,0.001939,1,4,388
2025-05-12 03:27:37,f35cd935485ae7a980aaed275ee76d38cc369330f61d60d30d53e451f0b42bd6,896352,136197.0,219.0,0.001608,1,3,369
2025-05-12 03:27:37,fe1b07013e658aed5f557c920df69eaa2ab15ff40e69d3fd70d20e0a57ddb517,896352,136746.0,219.0,0.001602,1,3,369
2025-05-12 03:27:37,a7839a60ee21c17a92acf0aee0f136810f0aef42ccbb9c84bd949891e61a3caa,896352,137295.0,219.0,0.001595,1,3,369
2025-05-12 03:27:37,f0706397841104d5c4cb31fff5bb1523979c5789e0159fbf9f1ae0e0439bf137,896352,137844.0,219.0,0.001589,1,3,369
2025-05-12 03:27:37,56ba75405f8166b758fe555d4023e92858a2487a570ca646eb143ce986c853ec,896352,138393.0,219.0,0.001582,1,3,369
2025-05-12 03:27:37,3b4037cb5cc8237cb41092aff83d0c1cd7bdb485ed081aca16ae6cf2593ccd3b,896352,138942.0,219.0,0.001576,1,3,369
2025-05-12 03:27:37,e62e0c984213e434d047c7e44df33004fcf50c88cd044e8e3e918327d967c6cb,896352,139491.0,219.0,0.00157,1,3,369
2025-05-12 03:27:37,4b516d22828a81b16abfe76dbc1cc2d844ee2251ade53734bba2a1812129c0f0,896352,140040.0,219.0,0.001564,1,3,369
2025-05-12 03:27:37,d32766565c748db680b4f467c3ac8fdc39418b6f3b5d666c58be8e7f8d9f6acd,896352,140589.0,219.0,0.001558,1,3,369
2025-05-12 03:27:37,2bb7e530505f25a15bf8787c832316860e7c8dab73fad7219d294085cef980c5,896352,141138.0,219.0,0.001552,1,3,369
2025-05-12 03:27:37,1b8a641ebae04722115b4315e115855f321affe7513e54a30a8c00f53c3225bd,896352,141687.0,219.0,0.001546,1,3,369
2025-05-12 03:27:37,7f108d2f7538fc1e610d5937318315a83a9d5614929faea2c514842fde2fe075,896352,142236.0,219.0,0.00154,1,3,369
2025-05-12 03:27:37,e582b57ca3af6374446768b6591256d4b46b46f9e8e2ca662b6f6bd9710aa689,896352,142785.0,219.0,0.001534,1,3,369
2025-05-12 03:27:37,d3449bf01714909768541b9c06273118a2581566191f57eb0fcfa2cce165b4f1,896352,143334.0,219.0,0.001528,1,3,369
2025-05-12 03:27:37,9608053c1d7b9e9c63f7913833ce21fb6c93abcbad1f910f9bf5ed4918c906ba,896352,143883.0,219.0,0.001522,1,3,369
2025-05-12 03:27:37,96a9c31cc3d1edabf4cbe521700bdc15284bf2f0d2645c6df4e1da556ec33bdb,896352,144432.0,219.0,0.001516,1,3,369
2025-05-12 03:27:37,ec6199d32fe70bebaed106aead1ac22e6afc982a32f8f9f25e1cf5067821e6ba,896352,144981.0,219.0,0.001511,1,3,369
2025-05-12 03:27:37,7a23694edca3ff1f12f209810ba478be6078dfcb2739fbe0e346d9bc20955d48,896352,145530.0,219.0,0.001505,1,3,369
2025-05-12 03:27:37,46b92f5abfe51383aff835d0761f564dfbf404ea0948cf5d3ab77615367dd0ce,896352,146079.0,219.0,0.001499,1,3,369
2025-05-12 03:27:37,d93c698d13f5ebb2da9e262eaef0130b9204011df08f7f498ec25e76e2a3848f,896352,146628.0,219.0,0.001494,1,3,369
2025-05-12 03:27:37,160bd6a61f770e658f136f0c94cd81d717e5c289912d0c912a7e9e467b918350,896352,147177.0,219.0,0.001488,1,3,369
2025-05-12 03:27:37,7a9ff6a3f89513b746bb6a853199ca0938267f4cff2b54dff07aeec9dcc2202b,896352,147726.0,219.0,0.001482,1,3,369
2025-05-12 03:27:37,4e7d03c71dac0f8204309897fc13c197d9256dacbe524f486521940287ce4e15,896352,148275.0,219.0,0.001477,1,3,369
2025-05-12 03:27:37,cdb9adfc34be7df621933d55aa65d45808981ce86f4253c0a6c54db237033388,896352,148494.0,125.0,0.000842,1,1,203
2025-05-12 03:27:37,3c5e214fca79aa8e8d0eba8d4cbda0ce5fe3380a10d46f270eb5a7874950660d,896352,85628.0,263.0,0.003071,1,4,388
2025-05-12 03:27:37,19f00a9cab52928bbd965ebd860be92654121be39f1ff286c4ed920508071925,896352,86221.0,219.0,0.00254,1,3,369
2025-05-12 03:27:37,9dc1d066afbf396aaca97148c97d969c8b8cd7ef62bd03124175252685658202,896352,86770.0,219.0,0.002524,1,3,369
2025-05-12 03:27:37,b7116c8beee6b8f5c90252776faf27f51f14a4ee02ff2594cda6e08be556a57d,896352,87319.0,219.0,0.002508,1,3,369
2025-05-12 03:27:37,2c87336ac0d1cde3318e56a3da775028546dee7b441ba91a2fcb27e6420bda97,896352,87868.0,219.0,0.002492,1,3,369
2025-05-12 03:27:37,444270e01d979a9d0116bca42746532e97e129f9518827afd4e129a5ae386cbf,896352,88417.0,219.0,0.002477,1,3,369
2025-05-12 03:27:37,ae12d0f80d04d30759e029b17d6ecf13b92540b963deaf52504edc9c5ec95ede,896352,88966.0,219.0,0.002462,1,3,369
2025-05-12 03:27:37,2844ef07dc8f1f04f0089127ad1cb3cd3031a1ce888e04f886877f14c711ac61,896352,89515.0,219.0,0.002447,1,3,369
2025-05-12 03:27:37,9cab86e7dc27b427d0a0e7adfeca44e624e6df19fee984b3517e1f77d07fc44c,896352,90064.0,219.0,0.002432,1,3,369
2025-05-12 03:27:37,75b15a47a0990b1c59571640c23f51097566f18d8e86dd10ad4041c6b2af954e,896352,90613.0,219.0,0.002417,1,3,369
2025-05-12 03:27:37,fe8aded1fd18c5bc49197c541ca5b031a4ed00c8afbb616cf3b2cf2a5c879dd4,896352,91162.0,219.0,0.002402,1,3,369
2025-05-12 03:27:37,8bd69a0850c092efbdd25d85052a2c8095a26544b2456b6423ff6254b1178e9a,896352,91711.0,219.0,0.002388,1,3,369
2025-05-12 03:27:37,994d78bda5d1ca9b1cd13d437cbe080038968e981f3ba198acdaef75ec3e8a9d,896352,92260.0,219.0,0.002374,1,3,369
2025-05-12 03:27:37,543841e2ceed7d4d9f18eec3b3e32d19dc3efeebef49c2e145aba862717204f6,896352,92809.0,219.0,0.00236,1,3,369
2025-05-12 03:27:37,fe2b51c3663472db84a8662787517e5accb7c1dda94e9127a1ddd0cd9e8a8a9e,896352,93358.0,219.0,0.002346,1,3,369
2025-05-12 03:27:37,2cf61c515f5549a4bcfd7566186ab2580ea621228ce4618a738c9a40ebf87b54,896352,93907.0,219.0,0.002332,1,3,369
2025-05-12 03:27:37,f99afc4319b9e8061b54b62daf35a2b5ddded1c82813e0f5bd70ee7461f384e5,896352,94456.0,219.0,0.002319,1,3,369
2025-05-12 03:27:37,b892a870ca74ceabdf56355438b914843066b1b3d3ae2e66169d0ad78c59fe68,896352,95005.0,219.0,0.002305,1,3,369
2025-05-12 03:27:37,7e927de5a2bff8f498ec720dadedb2765cebe13441a962caf7d06aef311b7853,896352,95554.0,219.0,0.002292,1,3,369
2025-05-12 03:27:37,8e12f69fded924dd4db5bd64481d1fb26d4d8919293c238fe018e511ee3b5781,896352,96103.0,219.0,0.002279,1,3,369
2025-05-12 03:27:37,b3d6cc974878d668d5e019b707c8f7189479db78ae3825a97c2ffe1d4bbd33dc,896352,96652.0,219.0,0.002266,1,3,369
2025-05-12 03:27:37,63037ff04912d2ec2523f8267434ff2df2fb4c888579ffd839e4ff3739387962,896352,97201.0,219.0,0.002253,1,3,369
2025-05-12 03:27:37,5f2ffa6b6133b1cd2a63898bf0a78b985109bcb7eac7301af842e997eb348ada,896352,97750.0,219.0,0.00224,1,3,369
2025-05-12 03:27:37,d9aae126f358192b3ed6eeae39cc43e86ac8110634a8349da3fc3163b58bdd0e,896352,98299.0,219.0,0.002228,1,3,369
2025-05-12 03:27:37,5268ff83be0fc17e6929e54f97e0fdee6c01e3e1fe996bf7053fdfbcef3a7b2e,896352,98518.0,125.0,0.001269,1,1,204
2025-05-12 03:27:37,0228bd5479b02c7ff992abe54b818766bc6e2260d0cb53a79acfd4051e31e69d,896352,1410662.0,187.0,0.000133,1,2,205
2025-05-12 03:27:37,a9f7149661f059dce617e62c700c2a8ffb141ce43e88205c4d84dad172b96a05,896352,2589795.0,530.0,0.000205,4,6,699
2025-05-12 03:27:37,6ec88c34e53a168356d67af502f0d210b99cc85c0c2d70093e6e9a5afb8893bb,896352,74082.0,122.0,0.001647,1,1,192
2025-05-12 03:27:37,671b7be9614f8a2e20c91e361ec60313dcac892820ae477bc4e16b2782b01b91,896352,74448.0,122.0,0.001639,1,1,192
2025-05-12 03:27:37,6a277fbb3ddcd82deb0f38cff955dac5d6ff1bf4ab1ed75d6e30ea2f5376a052,896352,201020.0,155.0,0.000771,1,2,222
2025-05-12 03:27:37,dbb72f944414796a8e27f9c0c23ac651fce57a9657de7afe6fbdf1f08c8f50ed,896352,90247.0,121.0,0.001341,1,1,191
2025-05-12 03:27:37,7f777c8bdce8777bfe7991fcad7e66fc820897a1d2f05b57123bb8ecb01eebe2,896352,124456.0,121.0,0.000972,1,1,191
2025-05-12 03:27:37,0fd9824e227ee62429b0bc5da9e040e67cdd7553b419abd4a3c9b1988ceba561,896352,120203.0,121.0,0.001007,1,1,191
2025-05-12 03:27:37,fae36a53992bdb772eccb1c4d0086c0657b1d51d8e058deecb10acd6230e5af4,896352,546.0,193.0,0.35348,1,2,226
2025-05-12 03:27:37,84d94b0282895da52bdd9f0c1d855407b31a1ce53bfebd5a29a724c10a223ee6,896352,546.0,193.0,0.35348,1,2,226
2025-05-12 03:27:37,8774a2e97281480bb738f5f52ed2d08946baa4f3d9e559c41d05a7a8d6a0e3d6,896352,546.0,193.0,0.35348,1,2,226
2025-05-12 03:27:37,3150d78531463a1183e675d9778defe8b77c4e4e1fa853b4247dccbaf41d25d3,896352,546.0,193.0,0.35348,1,2,226
2025-05-12 03:27:37,fd1e202fc38fc3e7eb16783c6f99011ec5dd11a45fa69c75b9d4b106199f59c6,896352,546.0,193.0,0.35348,1,2,226
2025-05-12 03:27:37,b4b6170f7e19b6ed9ef282a1c4d2b10054f00b6d708763a058c69085c4352ac2,896352,546.0,193.0,0.35348,1,2,226
2025-05-12 03:27:37,b4681db63fc77e519d8c8ec7abedfd5f64a8e836d791a6627ff863c358e347be,896352,546.0,193.0,0.35348,1,2,226
2025-05-12 03:27:37,7b82b61b74e5d9e3a1daf006aad63092a43cf42b47d7aa016af31bcd591bc3bb,896352,546.0,193.0,0.35348,1,2,226
2025-05-12 03:27:37,59001dc4f35c621b86159a2fa6e7b23aa8fdbd7eac7e7a1a7a1bab1c993399a6,896352,546.0,193.0,0.35348,1,2,226
2025-05-12 03:27:37,c22d62a47c51cea12affd35569f479c9466adaa61bc88b47b6e75bf989e5d294,896352,546.0,193.0,0.35348,1,2,226
2025-05-12 03:27:37,1ca4559317ab8b567fff7d33844a45491a6567c84319c3c0832a3ade1df2798c,896352,546.0,193.0,0.35348,1,2,226
2025-05-12 03:27:37,b24ad88e8887c0e98685bfd8bd573be8b955defbe35bdce225d26a491354cd7c,896352,546.0,193.0,0.35348,1,2,226
2025-05-12 03:27:37,20a25aa857f3e05c0f674b1c4f069d46bded06507e756fb5fbdba67cdd613975,896352,546.0,193.0,0.35348,1,2,226
2025-05-12 03:27:37,178162ed11117dcb5bab3707a94451ef513a7fdce530bef4197ca88b8f941671,896352,546.0,193.0,0.35348,1,2,226
2025-05-12 03:27:37,9b90daa9699b5833e54bd2ed87e42fba4aee9b626c3b0e8b583a4c4aaf692364,896352,546.0,193.0,0.35348,1,2,226
2025-05-12 03:27:37,811fb877a06803a1df5d5ac8952fa473fbb675367968b0203be51a27a90bac61,896352,546.0,193.0,0.35348,1,2,226
2025-05-12 03:27:37,fa073ffefe98335f3be097340e6e71c66bdb0d71728f573a277bf3d7e2d62155,896352,546.0,193.0,0.35348,1,2,226
2025-05-12 03:27:37,ef78a76b1b9a465183d7650af95983e2b33f64e8148b2482928c7f8f4fbf284e,896352,546.0,193.0,0.35348,1,2,226
2025-05-12 03:27:37,8a38726ead8823f70a3ca6c2f0825d1847739e3cc17d8c6137cce704a8c8f34d,896352,546.0,193.0,0.35348,1,2,226
2025-05-12 03:27:37,9eb66b79b27cc8bcce73112ce3f02a3bbebb8aec730eb9e9890821c85d6e434d,896352,546.0,193.0,0.35348,1,2,226
2025-05-12 03:27:37,bc59f43c534d2047a1bbd824a7328ed79af100704f8066e2937f0be36b7b6048,896352,546.0,193.0,0.35348,1,2,226
2025-05-12 03:27:37,4d1c44fc037feb8131f687c4b89c66cd19fba7a03cd2ab8c7a2267e2e1e3b739,896352,546.0,193.0,0.35348,1,2,226
2025-05-12 03:27:37,d75a2125ccf3ca0d347f17e98ef1c740a27a7b9645103ea625f0fb48542be336,896352,546.0,193.0,0.35348,1,2,226
2025-05-12 03:27:37,5455768e1f183a3ecbf37bfe603c71138b52f37ea9a872f734bdbac8955c572f,896352,546.0,193.0,0.35348,1,2,226
2025-05-12 03:27:37,50a5d1d1d7f917e31656f04c69130690603f54e688c230b1bea3ba8522dee00e,896352,546.0,193.0,0.35348,1,2,226
2025-05-12 03:27:37,b19c93d2292bcc831ca0c10622c221ea34191fc4c8e920ec3a0637110798c508,896352,186237.0,4923.0,0.026434,1,102,4526
2025-05-12 03:27:37,ef37eaf171bb2367bc03e76f6c1851f46b554171dfa9bc05153fe84823ac67f5,896352,546.0,193.0,0.35348,1,2,226
2025-05-12 03:27:37,c4105dcc5684fcfc10a7cda6fc2a2532d716edcb36537a6e36147c173c8e3cf2,896352,546.0,193.0,0.35348,1,2,226
2025-05-12 03:27:37,475676d07e233384aee6df4720031ab78532ff5e9197f3d8c546c1e22b05d3ea,896352,546.0,193.0,0.35348,1,2,226
2025-05-13 04:23:38,cf06b44576ab3a72d5a054d872241ce40ff7e0b7abbec1ce112d80c8e280d9ff,896497,546.0,154.0,0.282051,1,1,331
2025-05-13 04:23:38,eb5feb5cd7891e2c386e5254318394a7f1bf109ec4e2b33aba5a41535f83ccff,896497,574656.0,169.0,0.000294,2,1,269
2025-05-13 04:23:38,807c7f1e6f8515631af5b1446fb6bf705cf7739e7f31872fe17c99177183beff,896497,1043.0,157.0,0.150527,2,1,257
2025-05-13 04:23:38,b680b2be848ecffa3fa38ed0b40ca1bfe17dbe7a8b40a231869a1daae99477ff,896497,6416.0,320.0,0.049875,2,5,420
2025-05-13 04:23:38,a9a97c83d21b195aeb6e0e90ab77202a77b053eba53b0d6a90ba521f6d7177ff,896497,546.0,153.0,0.28022,1,1,330
2025-05-13 04:23:38,d714fc2f49db232e4a679b8e9d31aea79ef116d0ad62c63894779091f47233ff,896497,546.0,152.0,0.278388,1,1,323
2025-05-13 04:23:38,a4a9b3bfe529f0923bf440b7197db1244470ca78990bc6eebea9fbc2f11731fe,896497,54320.0,145.0,0.002669,1,2,196
2025-05-13 04:23:38,f2d64c2948aa1ada28fc0e6d6787bb4d3e8f5e76769856de87de258238982cfe,896497,182593.0,169.0,0.000926,2,1,269
2025-05-13 04:23:38,4f953870003d0a2128650130021119d892f6d9c0f8660cc25a3ada4784530ffe,896497,1255544.0,256.0,0.000204,2,2,418
2025-05-13 04:23:38,bb64f696996ba9e8fca05e267ac3552af5861aa02880b29126296fb11c66fafd,896497,498770.0,154.0,0.000309,1,2,205
2025-05-13 04:23:38,8d5daa8a407ff2771b738b44b4a9ad5ee4b61a7dcbb3e7c36bcc8ff7b453f0fd,896497,300.0,110.0,0.366667,1,1,192
2025-05-13 04:23:38,8d9ac3347080211ce8c2a9640e75518b6ab622a001a2c77955337d45f33b4bfd,896497,546.0,154.0,0.282051,1,1,333
2025-05-13 04:23:38,57c44c4f1c8f2b5bc6c27b84a8a6e8a70768e6ef162eb69a6539d708bd2eddfc,896497,24970.0,289.0,0.011574,3,2,532
2025-05-13 04:23:38,357a5836d13982ca6dc003d8c5770955ad6f2dd5a33df53aef71ea097263d7fc,896497,11335410.0,210.0,1.9e-05,2,2,373
2025-05-13 04:23:38,6cdd5be1e4e5ff38770ba7c51562498334c99b89b96b3ec9544dff971bbca7fc,896497,14871.0,111.0,0.007464,1,1,162
2025-05-13 04:23:38,8f949abb68419c9a123fec71f4b79280bbae9e212df019925707d1de8d208afc,896497,38542814.0,420.0,1.1e-05,1,11,501
2025-05-13 04:23:38,5854a6d57a6bdf16c7587fd76ba44c4f4b3dc8b3ec14390e9c00f668325171fc,896497,546.0,152.0,0.278388,1,1,324
2025-05-13 04:23:38,558bbc97486d7cffecd0daa05850614444272ab33779e94cf782dd1356db3bfc,896497,330.0,151.0,0.457576,1,1,320
2025-05-13 04:23:38,7f5ded3394a1b8f8a8b0c176296280e8d0c113fffd31bd463089ffff8a78e8fb,896497,94696.0,508.0,0.005365,7,3,856
2025-05-13 04:23:38,f491be928d1c80512906381dcebda937259384200772d25ba1a41879b62ec6fb,896497,181607.0,154.0,0.000848,1,2,205
2025-05-13 04:23:38,ddc09516647affa93e56ac6d65602a23dbff315fec2e60f54b14008ec87c98fb,896497,717251.0,110.0,0.000153,1,1,192
2025-05-13 04:23:38,d799615a2d6ff69ae78fd7df55c0876d1e03952a50596f7cbe9d20f8f17076fb,896497,404846.0,154.0,0.00038,1,2,205
2025-05-13 04:23:38,2e53e3fd940008023727fa60c4e572832866f261a3672fa950ae4cd6c48742fb,896497,330.0,152.0,0.460606,1,1,323
2025-05-13 04:23:38,0d6d68fae36d03b24796ad5bea12b69f602edb9a2cc077bb5f2bf11accb1cbfa,896497,546.0,154.0,0.282051,1,1,331
2025-05-13 04:23:38,f80d417e413f8f72d4e06d6c263db67b450c3896725d471c4986b47dc3cdb0fa,896497,97862.0,203.0,0.002074,2,2,303
2025-05-13 04:23:38,4f246462fc5248c689b1acc8b7b7d46fd81a11c6af3a57de043aef492f79a7fa,896497,290256.0,111.0,0.000382,1,1,193
2025-05-13 04:23:38,6edca5a95e713ae6ef89a99202f4d3780afda715bd8b8033e6dffc96117b6cfa,896497,546.0,152.0,0.278388,1,1,324
2025-05-13 04:23:38,846594f30ab0811107310c8caad69ae3c5fabc099843e83e436ff9d3aaad35fa,896497,546.0,152.0,0.278388,1,1,325
2025-05-13 04:23:38,20486ff12da9e4c2b999c2da519543524cbb599ec639d28ce3c449ab92f6a0f9,896497,546.0,152.0,0.278388,1,1,323
2025-05-13 04:23:38,1fe9ffe70ded5c93b60132b95cb9258cd67c75d072fb029f1b1ff3dcbbcb78f9,896497,3739.0,157.0,0.04199,2,1,257
2025-05-13 04:23:38,ff8e6108285a08a654addcbf11dcef5b0a9b5fdaa9241994ad69bc1fb9431cf9,896497,1092.0,446.0,0.408425,1,3,1236
2025-05-13 04:23:38,a4c38ff2a668521d7e79eee9e47f741cd74a52d62bc1e714b470f551b32199f8,896497,65089.0,111.0,0.001705,1,1,192
2025-05-13 04:23:38,4021817801ad9ea83b71884cb4ed709bcf43a5965d6eb71c995c1353f68847f8,896497,5289.0,111.0,0.020987,1,1,162
2025-05-13 04:23:38,7e87bae46baea95be187ca71cf1c9c79272b69c31c88b5b3391d3a8dfb9efef7,896497,330.0,151.0,0.457576,1,1,320
2025-05-13 04:23:38,ee22ceffcb5c543d37a42f1199edd162988cc91ec2a1b426e312777d8149f5f7,896497,330.0,152.0,0.460606,1,1,323
2025-05-13 04:23:38,0513c092aa8c8f3dcced73e294f801eb73df9f1c5aabdcbca70fddd0a99dccf7,896497,13441.0,169.0,0.012573,2,1,269
2025-05-13 04:23:38,c20bc1e4c39316df1fd402cf05eeebd6dc4f49f39bf2ce983af847b7b479ccf7,896497,330.0,151.0,0.457576,1,1,320
2025-05-13 04:23:38,2a43f0527347b98bdaa72a3c5c8d7f2ab3f1508ac802e3b88f763edd8c1ec1f7,896497,330.0,151.0,0.457576,1,1,320
2025-05-13 04:23:38,d0d5f49488a2f964b21705d8cd79231a6c7d60ccb4d23de6a324d8f9ab6a8cf7,896497,174128.0,110.0,0.000632,1,1,191
2025-05-13 04:23:38,d0c7edc588d635b5317db385d4476987b2358c448f33016dad867eb5e1cf54f7,896497,78248.0,110.0,0.001406,1,1,191
2025-05-13 04:23:38,c722dd5c98e2a461a5b3f478e775f72f372cc4322dc6a3babfd2fccdeceecaf6,896497,330.0,152.0,0.460606,1,1,323
2025-05-13 04:23:38,f3fb13f27e82d7aff20838871ecdd5903a00f6f79ff400e1ed3ddc419ad7b7f6,896497,546.0,152.0,0.278388,1,1,325
2025-05-13 04:23:38,12a9113046b8146bbeff20e941ee97dea25556dc54370c206d3d54ecfee1e2f5,896497,514302.0,153.0,0.000297,1,2,235
2025-05-13 04:23:38,fd5cab0cb4a67cecde204ce3082391592f2e6165494f13c284368871fb66b5f5,896497,901.0,99.0,0.109878,1,1,150
2025-05-13 04:23:38,b59d170dfc85ceee277802435b40bb8463b2a899fec58cdd3b2c6df1f20323f5,896497,165800.0,805.0,0.004855,1,4,450
2025-05-13 04:23:38,4f2c905b7dc0a6678db561ad72e3044d4d4c3263e1989ae2901673254eec50f4,896497,546.0,153.0,0.28022,1,1,330
2025-05-13 04:23:38,c6533a763c31fba64ab4867f9d1aa9448c291ce5a1e9ac7f7455acd435adfdf3,896497,546.0,154.0,0.282051,1,1,331
2025-05-13 04:23:38,aeb4271f2138fbc2e157dc2bb46bb02e981235f6fd462ebe18170de7adb8b4f3,896497,149999757.0,243.0,2e-06,1,5,325
2025-05-13 04:23:38,5f899037893de603dab63622f9dbb05a5d0e51f4e1ba253312a7e441a56d66f3,896497,546.0,153.0,0.28022,1,1,327
2025-05-13 04:23:38,47345f882285f13d46fb95ecd50fc03f7c0447df7f728cccb84bdd84ea0e46f2,896497,351854.0,111.0,0.000315,1,1,162
2025-05-13 04:23:38,bd88dcd6edd80756c58f9e94bd606ece76dd861c374968e776de0da2ce4e96f0,896497,330.0,152.0,0.460606,1,1,323
2025-05-13 04:23:38,4f78aa7f0b6f5f69308c943a8364a6893b18c1ceb471450bdfcbf5761dd83bf0,896497,546.0,152.0,0.278388,1,1,324
2025-05-13 04:23:38,76b8b3a3ebee69e47bbb1ebf5a57dbf0d48214592a8501753677914b05b575ef,896497,570419.0,169.0,0.000296,2,1,269
2025-05-13 04:23:38,ffaf3e6acfdea9b9a13b3327e1c72848c0058ce37dde6749c768c3ee202e06ef,896497,330.0,151.0,0.457576,1,1,320
2025-05-13 04:23:38,5d3f4e64f4e78e652ad3e616d95033e891977f9dc3209fd2b223e39cac53aeee,896497,546.0,141.0,0.258242,1,1,316
2025-05-13 04:23:38,e0dec3ca4c93dd7d2510341a63a9a6a3189d2ecf9c08bd8b2364254622d69eee,896497,518884.0,111.0,0.000214,1,1,192
2025-05-13 04:23:38,b6fb6bd94891a562607f82d2a302a550275ec8847164823c203dd8d72b4294ee,896497,71025.0,212.0,0.002985,2,2,312
2025-05-13 04:23:38,17573e68bd52e6cd89eda360f0b78a058a621e43381496679a6443b7ae4c93ee,896497,59569.0,245.0,0.004113,3,1,488
2025-05-13 04:23:38,842db98e9c7a26c87f34de3dc20f83d3b288f92fb44c6c1a286a163077999bec,896497,1843.0,157.0,0.085187,2,1,257
2025-05-13 04:23:38,b17e68dc12d4555d81dacb5859def8c9f1c10f31c1d163c804a57b3c247e58ec,896497,546.0,152.0,0.278388,1,1,323
2025-05-13 04:23:38,30ab408c696f8873543110a5ff69e4a85dea2023d88a200b1a42e75e896331ec,896497,3696.0,184.0,0.049784,1,2,361
2025-05-13 04:23:38,a1a06ed3b06a56592a3b74aa9bb051f9ad03ed2d0f5f6a7c3d300f58df080dec,896497,18920131.0,222.0,1.2e-05,2,2,353
2025-05-13 04:23:38,f13049af8d1aff08b7208d491460e7e91c818e5514a743fde626d04333e644eb,896497,330.0,151.0,0.457576,1,1,320
2025-05-13 04:23:38,b00c57504f11d7a06de8eae15afdc17062d5523a3def8b85fdc8bc3bf77230eb,896497,363934.0,212.0,0.000583,2,2,312
2025-05-13 04:23:38,e6e5e5533dcb8254a79a11004cd1078e32e1ea6a32c6ce648a88ac36468f58ea,896497,64445.0,154.0,0.00239,1,2,205
2025-05-13 04:23:38,441e665baf003628f41ed4a318b6db798db8b500b35de7c6ff0d5f8fa77deee9,896497,13694.0,153.0,0.011173,1,2,234
2025-05-13 04:23:38,b6bf7a3cac75c78e8d6bee886962d96d8c6d74efdd287a3c15faff27094dd3e9,896497,411611.0,102.0,0.000248,1,1,153
2025-05-13 04:23:38,0bbd325b776bb2480f9bce83f5b7fa0cd63b20415528cb4e329a44bf1579b8e9,896497,11311375.0,212.0,1.9e-05,2,2,374
2025-05-13 04:23:38,c54e9f81c87b2d7700494bd5009d60afbbe62ae59443d58e1e3b56a2a7403fe9,896497,546.0,153.0,0.28022,1,1,330
2025-05-13 04:23:38,c6dfa73cb73ed2d59f6598803ba4a67beed4136c5d609985440f2d9e6ca9e5e8,896497,262548.0,194.0,0.000739,1,3,245
2025-05-13 04:23:38,0067d421ac025913686240382098fd35c7c56a103109fc156de9eaf18f2572e8,896497,119735.0,212.0,0.001771,2,2,312
2025-05-13 04:23:38,8157558fdc43f819aeaf59c3610d588acc9d7fb599cf485fb499ab10fe825fe8,896497,475731.0,141.0,0.000296,1,2,222
2025-05-13 04:23:38,71e1de1a46f8716709e466071c170c2f4b77b36763e16cba4168d700bbd223e8,896497,330.0,152.0,0.460606,1,1,323
2025-05-13 04:23:38,1416997eb9075733f051344e6860b3fd4c197e5d19ac6fdf008d70cdb9d81ee8,896497,546.0,152.0,0.278388,1,1,323
2025-05-13 04:23:38,afb15d29d4ee9293cacbc5e8e0f9209e5fa228ad148779d912e8a6f2adc619e8,896497,52289.0,212.0,0.004054,2,2,312
2025-05-13 04:23:38,b420d029542c680eb87727190e07cb39e157c097e8c376bbf51dcb9dacd400e8,896497,331630.0,420.0,0.001266,1,11,501
2025-05-13 04:23:38,1957b7abb19fd77855452a8d1c5b66b7ec295040d9a1d2ee04e73a5a2823e4e7,896497,10354.0,280.0,0.027043,2,4,380
2025-05-13 04:23:38,a96f6a32256d504ca12966cdeb46cc604dbceb24dedaf147add39d9b903cc0e7,896497,546.0,152.0,0.278388,1,1,325
2025-05-13 04:23:38,181f3e45bbdbfe6135d8ca34284c5d9439452ea92c1ea656e8344ae530a879e7,896497,2623620.0,345.0,0.000131,4,2,669
2025-05-13 04:23:38,4c2c1510c084bf4491e3efad6a7403128d4e984b14d8e9d56a5e7f1422484ee7,896497,330.0,152.0,0.460606,1,1,323
2025-05-13 04:23:38,a391f966462dd9717a4dde6a443810fbba617147daf187df2dae2d0ec5b30be7,896497,546.0,152.0,0.278388,1,1,324
2025-05-13 04:23:38,8545716634d909812ca70528ca69570c9a626d8df761ea2c361abe603e7cf9e6,896497,2127235.0,490.0,0.00023,7,2,838
2025-05-13 04:23:38,76e0e56b80d1487a6de22561143f5eae8e8049c3eb5a514fad62473fdd3adde6,896497,546.0,152.0,0.278388,1,1,325
2025-05-13 04:23:38,612f14c5fe6c5b8bd32ccd050957130e5f2901f6b79ef0b41904bd1c6327bde6,896497,54212884.0,430.0,8e-06,1,11,511
2025-05-13 04:23:38,2074c3fea43305e449ffd65ba6213624c2daff83358eca7c4fc51dde1c97ade5,896497,300.0,110.0,0.366667,1,1,192
2025-05-13 04:23:38,3240a3b514ee813f7dd0647d63583811dfa406d19ed277f37da51a4a025d9be5,896497,47352.0,154.0,0.003252,1,2,205
2025-05-13 04:23:38,b30dfe75126e5425d0b045ba59935126d21040c77c274338fa4796450b4b97e5,896497,8263.0,236.0,0.028561,2,3,336
2025-05-13 04:23:38,66079361e0b8dccc649f7c06459e910cbd4208a46e31787eb4ef109a200167e5,896497,186105.0,141.0,0.000758,1,2,222
2025-05-13 04:23:38,851ca3286fe3b6578138d181d50d09e2d5b865230337ec31cec7bf1aa3304ee5,896497,15952011.0,399.0,2.5e-05,6,1,697
2025-05-13 04:23:38,bc4caf9bae457ff266197ec5a4f62736878eeba7ef4bc31653094476efb52ae5,896497,8826.0,271.0,0.030705,2,4,433
2025-05-13 04:23:38,3ef7ae96e4657450b1000ba0ac380bad626909d475939a493fb4093518785be3,896497,9149.0,805.0,0.087988,1,4,450
2025-05-13 04:23:38,e47a8c17b447484c1e99bdcb0715ad0b9094a63c401a0f77d6f030b2026939e3,896497,546.0,152.0,0.278388,1,1,323
2025-05-13 04:23:38,d32f0537aac56c494a1d88090146dbb7318c132b6e29bd5dbb0692c616c2c0e2,896497,50902645.0,111.0,2e-06,1,1,192
2025-05-13 04:23:38,ca9cb7777bd15a59a462ab875c4594ffd2b84910ba233b3ed1fbe1c345c892e2,896497,691147.0,212.0,0.000307,2,2,312
2025-05-13 04:23:38,da0d67159a0949b45bc5187cceb32c79a11b20d445789eeb899df6ad82012ee2,896497,95575.0,142.0,0.001486,1,2,193
2025-05-13 04:23:38,a7c94c660eadf2e7b04c4af41769011e5b53fc3134822ec0c33f5a545b13e1e1,896497,546.0,153.0,0.28022,1,1,328
2025-05-13 04:23:38,abbf4246e1cdac8a3132ab4c6aed46eb3af4c022ec523fad07814ae77555d9e1,896497,80323.0,111.0,0.001382,1,1,162
2025-05-13 04:23:38,d4a9fd6c4a3560eed078e56c00326979ff6c119c72be657b99ee9d6f94a485e1,896497,279516.0,200.0,0.000716,2,2,300
2025-05-13 04:23:38,fb9ee008152ad24810819429f312c103167437b5caf17a6fe8919df57cc551e1,896497,2946438.0,313.0,0.000106,4,1,635
2025-05-13 04:23:38,ddae6f72fcba6ebbe13192da1ca6d16bd92f08a5c6f6f755d245f0c0f5dd31e1,896497,101074.0,145.0,0.001435,1,2,196
2025-05-17 07:10:42,1255a495221d622cb7db4f959b39a6860b38075d9a688eab76b686206b68a09b,897072,1410.0,228.0,0.161702,3,1,376
2025-05-17 07:10:42,3a9b2bd4b4cdf1867facf679d17711035b287518269f1942895ec4287990b299,897072,1410.0,228.0,0.161702,3,1,376
2025-05-17 07:10:42,848a625accbc49bfd807bb11838e58a7e57d4af16f1037a59e105f72eb563b95,897072,1410.0,228.0,0.161702,3,1,376
2025-05-17 07:10:42,c5a14526f9425c44cc5c5eac5995b084d13098f47e5f43f18214c04fcd195f8e,897072,1410.0,228.0,0.161702,3,1,376
2025-05-17 07:10:42,c434580a3e31fe37c5f673982313e775fb0cc849e99944dd9b0d4b9d27c23c8a,897072,1410.0,228.0,0.161702,3,1,376
2025-05-17 07:10:42,d319116a7f8bb73fcd802dde356c8c4927ba40c57013be986d31a4a1ad47c189,897072,1410.0,228.0,0.161702,3,1,376
2025-05-17 07:10:42,d2d8d461578090a21fc7c7c1af3ad793c739b6cfcbd985595e2fa3cbab6e6389,897072,1410.0,228.0,0.161702,3,1,376
2025-05-17 07:10:42,a32c6b30912e3b558ddeeedfe2238fbb296f75376a567ce96a8f6ed9e8c26f85,897072,1410.0,228.0,0.161702,3,1,376
2025-05-17 07:10:42,acee45128c8a8e637684376249629ad3443d475c2148418502b7aea24f24b583,897072,1410.0,228.0,0.161702,3,1,376
2025-05-17 07:10:42,3fed8d22d9eabb9b2392fc9b8248ec9670cb80c3ca6bb48d690a0218b8886b82,897072,1410.0,228.0,0.161702,3,1,376
2025-05-17 07:10:42,c58c1164e7e97f167c9962b510dec5d7584382b1111f9504f268f858b7eb5180,897072,1410.0,228.0,0.161702,3,1,376
2025-05-17 07:10:42,e9ec45c6c5fd44632fc68acf76455d2aba5ded4db6df5f2a27aa313e3da1077f,897072,1410.0,228.0,0.161702,3,1,376
2025-05-17 07:10:42,54d0652ae8590a92c6d98cac6f17114c054898ca533da8bd7c5676a1a53ff77e,897072,1410.0,228.0,0.161702,3,1,376
2025-05-17 07:10:42,c5e5c9b12fbba6af42548e3bb25aa087f9b01d3efcf91acb4a574a273380137a,897072,1410.0,228.0,0.161702,3,1,376
2025-05-17 07:10:42,45c1ca4cc4042e269a74c8fd25f4571eff02c5ea7825919738703c80582d6d71,897072,1410.0,228.0,0.161702,3,1,376
2025-05-17 07:10:42,c29f4271d6cb88203d5a8da75b6033b9d343a9d37c79124df45755b006b5726d,897072,1410.0,228.0,0.161702,3,1,376
2025-05-17 07:10:42,5008461dcf8a99ea3e0cb8116e2a02e342c4c6b600f4f27e474c2db504a84c6b,897072,1410.0,228.0,0.161702,3,1,376
2025-05-17 07:10:42,377ee18dc206f1dbb13479922afb75a2aa7de91af09d1f712c9dfbeb52198263,897072,1410.0,228.0,0.161702,3,1,376
2025-05-17 07:10:42,4f5d70214a41149a09550cc449a91b27749f6540440a21c4056a848cf8904955,897072,1410.0,228.0,0.161702,3,1,376
2025-05-17 07:10:42,7c6ed30d9c9f976caba970434f5fba4bf8ff0dc84036dbb29ef4ec26d2a37249,897072,1410.0,228.0,0.161702,3,1,376
2025-05-17 07:10:42,c7f4ea5ea902d71ebd7f778ba92a8d6f8cb82cc83f14d576a2768aaa9a5e3746,897072,1410.0,228.0,0.161702,3,1,376
2025-05-17 07:10:42,bdb9eb5d12457361f33989c31346150e7ed3e72adc5d5e8378cfe92b6f9cee45,897072,1410.0,228.0,0.161702,3,1,376
2025-05-17 07:10:42,2080272d3f4ec403284c4557ff8bae7dca7b55ee7748675ab4d0ead08a2fca42,897072,1410.0,228.0,0.161702,3,1,376
2025-05-17 07:10:42,505cd5c2bbebe3961b098b73b3613c9c279ac0fdbdacc3f85384e2c8d51cfd41,897072,1410.0,228.0,0.161702,3,1,376
2025-05-17 07:10:42,a8785d58128f60534e0c6091158e135dfba6806dfdfbc3aa9c0fb84c545a243f,897072,1410.0,228.0,0.161702,3,1,376
2025-05-17 07:10:42,1f2da7068ad3edd88dc942d985842abba6c4b404a25f63e26687b93cae88b533,897072,1410.0,228.0,0.161702,3,1,376
2025-05-17 07:10:42,5dbca7cd2f48f23ebeb4f5fffb3a724d981374e916d36eb2d654af3127ec4d31,897072,1410.0,228.0,0.161702,3,1,376
2025-05-17 07:10:42,51cc1517177be1054c054a6e474c95401165a0f8113302e7ddd2abe536b93130,897072,1410.0,228.0,0.161702,3,1,376
2025-05-17 07:10:42,fd1120c4f1a867865d32f7d41f07cb30791ceb6da447ebed18074dff8fe9b52f,897072,1410.0,228.0,0.161702,3,1,376
2025-05-17 07:10:42,4786182080acffae8b942f2c58232335618801e9e8ceaed3b3477be9b3193e2f,897072,1410.0,228.0,0.161702,3,1,376
2025-05-17 07:10:42,e233ab203656ac72e17ba3c0cbf0d8775e7f1d2d174bf394e096ffddae3f492d,897072,1410.0,228.0,0.161702,3,1,376
2025-05-17 07:10:42,1df5a42e0485f3ac8c8d9259a0cf95502af349580fa732bca058300401fe7a2b,897072,1410.0,228.0,0.161702,3,1,376
2025-05-17 07:10:42,c3f6328737ebf41d7705986850d2b2bf6681a1f720ddf0bc4ed253ae65913c29,897072,1410.0,228.0,0.161702,3,1,376
2025-05-17 07:10:42,fe64fe94c51d1b58e522e92aa471923611f6ee92cbb7a4ca6ec64b6f9f8d7f26,897072,1410.0,228.0,0.161702,3,1,376
2025-05-17 07:10:42,03cd2d57e316d14e23249342180d19c7b88ea81fa8f19118868c4c2fe18d1222,897072,3854678.0,228.0,5.9e-05,3,1,376
2025-05-17 07:10:42,51b0c2e328efbe40d9726b5cb40d4e49d04915e7479121d83b33354476f6041f,897072,1410.0,228.0,0.161702,3,1,376
2025-05-17 07:10:42,d0cb8efbe0bae15deb89122f2174709663e5f731bbcb54786748db74965b771d,897072,1410.0,228.0,0.161702,3,1,376
2025-05-17 07:10:42,1836c6a72cf8a503ef260ae7e31b2fa8e90ce9bcefc135ea323832268e443e1d,897072,1410.0,228.0,0.161702,3,1,376
2025-05-17 07:10:42,9e6534b5ecac63eb3e9c470756fce44029dc44bd934789de4e90ca3fff6ca81a,897072,1410.0,228.0,0.161702,3,1,376
2025-05-17 07:10:42,2e63d11e024d43939d2e817ff57e5b2a62e261a09d2e44bcf1c0fc44b670931a,897072,1410.0,228.0,0.161702,3,1,376
2025-05-17 07:10:42,7beb6385545b8cf9196dfe262070ab51a8f9a1ac0c5a5d4e8cf5eb15a539601a,897072,1410.0,228.0,0.161702,3,1,376
2025-05-17 07:10:42,d921573a89fe35f9a8ebfea67d52665f4b7626d918de18e2ff993fda642ee219,897072,1410.0,228.0,0.161702,3,1,376
2025-05-17 07:10:42,a785f1a250960000c745be3fd8ae19f31ca75f2c5ba6e824d66c080b52c50c18,897072,1410.0,228.0,0.161702,3,1,376
2025-05-17 07:10:42,4d7286b182a2778a0b2b3b1193375bb68daa59311bc7a4259f30c5f201b6a116,897072,1410.0,228.0,0.161702,3,1,376
2025-05-17 07:10:42,995fa6078b6f55d3dbff1af304899f6eddeb1df9091d6157364f1111f5385416,897072,1410.0,228.0,0.161702,3,1,376
2025-05-17 07:10:42,56282682b53b95a161a34ebe22b4943a09e4ab1349faf1d059fb0869d0edee14,897072,1410.0,228.0,0.161702,3,1,376
2025-05-17 07:10:42,f4e580949fcd5c3793e9e9d1955e3085e4bbc8a51772b272e921a5c78b08f312,897072,1410.0,228.0,0.161702,3,1,376
2025-05-17 07:10:42,560683ed3717e888234e74d327481b612565246b42da6ae8c650f7e72a9b220c,897072,1410.0,228.0,0.161702,3,1,376
2025-05-17 07:10:42,8ac2ce511042c20a79a6872ee72f6d845f6405ff8fcc540cfd1f46bf1ea06f08,897072,1410.0,228.0,0.161702,3,1,376
2025-05-17 07:10:42,177bf2d8f11dd017ce3e27ea76628f1fb66472bac57a37858803d634628cf807,897072,1410.0,228.0,0.161702,3,1,376
2025-05-17 07:10:42,e52d4aabb382762be434fb258545f6b72796154445f8b78d7ae6d5c8504adc02,897072,1410.0,228.0,0.161702,3,1,376
2025-05-17 07:10:42,e41cb9422e6fd6dad9b0797cc312999e59ac2f2988825f311368970594f1d701,897072,1410.0,228.0,0.161702,3,1,376
2025-05-17 07:10:42,26e7974a29e963ca48217c72bcdfca96d31d3db77483a3a8d153c26b493af054,897072,299667.0,7503.0,0.025038,50,1,7437
2025-05-17 07:10:42,189694763c25b25e25c3aff1ec9fc45f3047fff4ee4f13b8715d0d34aecd1529,897072,9331862.0,1692.0,0.000181,11,1,1677
2025-05-17 07:10:42,3d743cc29e741bc3c69eaa4bc56b69edaea7d5c24dac3522497cca5a2c6d87e2,897072,241693.0,112.0,0.000463,1,1,192
2025-05-17 07:10:42,c14449c93af1acae5d04458bc2581b693b148e3bc0e2a5e85aaf1c7ef82e28e1,897072,87437.0,112.0,0.001281,1,1,192
2025-05-17 07:10:42,48c607628acde38b8d49fbaefd2846dfa1c998f94c68529a9350bb38496eecca,897072,5115.0,112.0,0.021896,1,1,193
2025-05-17 07:10:42,f72f0145fcbe451f3217411fbd7715041a23e3bb0bb7f0d3280028f1cb5cc2c7,897072,484198.0,112.0,0.000231,1,1,193
2025-05-17 07:10:42,689a7dfe4bb3b1523a610e29954199a158b83de34cb5bad68434803e65eaa0b3,897072,999888.0,112.0,0.000112,1,1,162
2025-05-17 07:10:42,d0e3d1feb00b9fb7163dd124b25ded13d379f7c61faf130ea39ee24f87d0cda9,897072,3188534.0,112.0,3.5e-05,1,1,162
2025-05-17 07:10:42,dad84b88d4da55339c0f26c8afe22751aa6d4e12a98dfa570e577dd742b1fe8a,897072,29071.0,112.0,0.003853,1,1,192
2025-05-17 07:10:42,03b7355d2bfc4d30e00736a33502804a2033951baf5ea481fd251a8884f5e76e,897072,263236.0,112.0,0.000425,1,1,192
2025-05-17 07:10:42,76c62f0371ffd29bbf3d744b6b2e2ff17b1a024f1539d48e6fc6a73c50761a69,897072,28809.0,112.0,0.003888,1,1,192
2025-05-17 07:10:42,1ed7139ad35e98a2469444d49597ccbddba956a1a550c61a4194a723fdbc2866,897072,28157.0,112.0,0.003978,1,1,193
2025-05-17 07:10:42,ed708a3f99ff052662372be5b22169bbd1d7d2a8233dbcab4511cff6f7964a4a,897072,614888.0,112.0,0.000182,1,1,162
2025-05-17 07:10:42,fd18bf150f82e9048a2c0746629f37a6ffcc309b69d8781b3b5aff00b4fed645,897072,299888.0,112.0,0.000373,1,1,162
2025-05-17 07:10:42,4a08f4577885a3c4f099152fd001662690798c5aa279cdaac30285e9c4d6f618,897072,1689888.0,112.0,6.6e-05,1,1,162
2025-05-17 07:10:42,edee06ce4833ab85049e451e17be5ce355f50cad5a20548774a756902be42b09,897072,249888.0,112.0,0.000448,1,1,162
2025-05-17 07:10:42,ac28b8f4d87e5967283237f22e4a54b09ed7a3288380a26bdff41d0fa93f0910,897072,146326.0,440.0,0.003007,4,2,758
2025-05-17 07:10:42,fb260562a6eca7e2afa32e4c95292993475779e30b511e28bb996b174632d5af,897072,284983.0,214.0,0.000751,1,3,381
2025-05-17 07:10:42,43af1b97e274af98f18ac51c76468deb424c115d2d6987a37531a710733fc85c,897072,285527.0,214.0,0.000749,1,3,381
2025-05-17 07:10:42,2543ebf6c397cb5e9d314c1b024ca0202e3b3abf222f988c989dc49378d75968,897072,286071.0,214.0,0.000748,1,3,381
2025-05-17 07:10:42,e6a8ff43ebc2b40c34429c66cf7a9ea817f9c05a5af9ca42f619ea46ac4768be,897072,286615.0,214.0,0.000747,1,3,381
2025-05-17 07:10:42,8221cabed4ecc6f0124160cb6413c800814a61932cb06420324080c701b2f5cd,897072,287159.0,214.0,0.000745,1,3,381
2025-05-17 07:10:42,9c7cfed3e37e31810dd2afa58ccc1d9388dcb3fedf7ec202b73ca969b1d34564,897072,287703.0,214.0,0.000744,1,3,381
2025-05-17 07:10:42,d685e89011bca6ae05fdc62a56c4a962db992c16bfc8d3dc3052250de8fbc334,897072,288247.0,214.0,0.000742,1,3,381
2025-05-17 07:10:42,526db1577ff08e734be3ec746b392a0c039482ed5e6832b424964193e5c0c645,897072,288791.0,214.0,0.000741,1,3,381
2025-05-17 07:10:42,cc7dd8ba9bc96a7aa4fce18d32e4bbe9bfb1cdd37733aeab1159b742d2cef2ef,897072,289335.0,214.0,0.00074,1,3,381
2025-05-17 07:10:42,26f4da9fdae5f9021b4358b566778c7a856e81bedb698f426b64481d6d170617,897072,289879.0,214.0,0.000738,1,3,381
2025-05-17 07:10:42,6da473ad20dd0c2844059a027bd3ff9c16c0acd340f3ab917d4ab3aa3751775f,897072,290423.0,214.0,0.000737,1,3,381
2025-05-17 07:10:42,c48996f0124b77e148cf83e916efa528c1f1a45e3f8c8455d1f8a452f9966b40,897072,290967.0,214.0,0.000735,1,3,381
2025-05-17 07:10:42,5533a5caafdb19a1bcec6c552e0359c760041a99c98e85c791d353ce2319b993,897072,291511.0,214.0,0.000734,1,3,381
2025-05-17 07:10:42,af92a77bf35f99cb8055adf52447876ecc3765c0e391d4d909856abfe1ce21e8,897072,292055.0,214.0,0.000733,1,3,381
2025-05-17 07:10:42,449794b84bea028506ae46abad5c0c6339e7ba2ffc0312f214886a2836ad0826,897072,292599.0,214.0,0.000731,1,3,381
2025-05-17 07:10:42,258cf1ce1aa383c6fce6a5e081200e2dcc8b709f5ddafd210618171e66695453,897072,293143.0,214.0,0.00073,1,3,381
2025-05-17 07:10:42,7115bf574ac5d25b0fceb92dc4c74c7560c5c73e3d5c20d326bd274e070b9952,897072,293687.0,214.0,0.000729,1,3,381
2025-05-17 07:10:42,d1743c882346d45fe2752ccba158b952d69b4e2cf9df4e3ba91da8037cc4738f,897072,294231.0,214.0,0.000727,1,3,381
2025-05-17 07:10:42,413503f509c8ffd2d282558bef70231bfc601745cd1bff36cb7ec9f186ec604f,897072,294775.0,214.0,0.000726,1,3,381
2025-05-17 07:10:42,c77b9746ca9684e61adc72878c89faff8082a59de52e2c4db2a67e98ce5c5217,897072,295319.0,214.0,0.000725,1,3,381
2025-05-17 07:10:42,818fefb5d4fe04a78ff42aaac5f41261e461d062441779c860634606b5ef3e44,897072,295863.0,214.0,0.000723,1,3,381
2025-05-17 07:10:42,e88ce79dbf24b879d83e3b9e22248cc6947e8b8e9bbde4ed2d46f8edfce0e0d9,897072,296407.0,214.0,0.000722,1,3,381
2025-05-17 07:10:42,44dedbcf1108bcbbec8158423a1900994ad1dc806dfb01b3f51f75e925e517dd,897072,296951.0,214.0,0.000721,1,3,381
2025-05-17 07:10:42,39ac6ad5cdd028c9f9ad79f7f7ea99f5910ea959bc657a0b596812ffa4a955c4,897072,297165.0,128.0,0.000431,1,2,178
2025-05-17 07:10:42,edf50ec2ac7b02a72e9e55e3e4b077ba9f8a29472b413bce6e52c87002e7d4a4,897072,303230.0,214.0,0.000706,1,3,381
2025-05-17 07:10:42,6f4064c490d72fe39558f87643f4de11ffdb199176705eec01f513015275fa78,897072,303774.0,214.0,0.000704,1,3,381
2025-05-17 07:10:42,1fe73995b49cce81e4ed5c32e6f0c30f6ac078bf77db114a2975c4ccdcd1bd4d,897072,304318.0,214.0,0.000703,1,3,381
2025-05-17 07:10:42,86b6c3e3a8d4629114a2b80ae0b9941347dc74a7816d3927f2830cee9a2eff7d,897072,304862.0,214.0,0.000702,1,3,381
2025-05-17 07:10:42,1f4eeba9da08ae4086ec9f1aa0ebb84e6fad363a4e0ff43e1366cd4eeb6713f1,897072,305406.0,214.0,0.000701,1,3,381
2025-05-17 07:10:42,3dee37d24d29ebb0633519fb7316217f64f06971d77f874b025837fd03e1c264,897072,305950.0,214.0,0.000699,1,3,381
2025-05-17 07:10:42,f7507d1dbbd960711bdc6c67f6ccfdb7102135c6ef70ec98eeeb690ead7ecbbc,897072,306494.0,214.0,0.000698,1,3,381
2025-05-11 15:49:37,dc81bbc4df795298ab406499c9322c4a16d50c1637170764ca09e19c4fe21e95,896276,60790.0,113.0,0.001859,1,1,195
2025-05-11 15:49:37,5cd95d2f930fdb56a2427de5d85d5a40fe4aee5bd325ccc65c46cf6e858a1295,896276,1495780.0,312.0,0.000209,3,3,462
2025-05-11 15:49:37,fed9d08711bf1b11088b2060da932e0ad5e9c737f60c31e26002c423b6231095,896276,546.0,152.0,0.278388,1,1,324
2025-05-11 15:49:37,24ab4c7d2c71a20f25a139a0560897cd33a26183d7f1002b8b09b1bd3e7305b6,896276,65012.0,154.0,0.002369,1,2,205
2025-05-11 15:49:37,a12bd851e1a4eebcca967ab569ae9e5bfde45a0fa2e7d0bdb796a0e086a33f94,896276,41884.0,101.0,0.002411,1,1,152
2025-05-11 15:49:37,1cf8a3ef088492a0b986b10c5f47e9e914e5789a53220697ae93e852c09dc592,896276,237289.0,154.0,0.000649,1,2,205
2025-05-11 15:49:37,66ee58031a1f3824389214f45c841504d1bb10aa54ae5556d032c2834e762391,896276,278212.0,805.0,0.002893,1,4,451
2025-05-11 15:49:37,94894a81fb1e8c94a612089de4ac41f4fb1baeb514202dc7c83522f1cc901291,896276,330.0,151.0,0.457576,1,1,322
2025-05-11 15:49:37,b2a8d180355b18c9bd0ed74cd8fd1317facd55891846c57022ad7008efebb58f,896276,186650.0,212.0,0.001136,2,2,312
2025-05-11 15:49:37,720ace4da0cabe58ed86bf184f3adf9047a74233b91e57a6c614a0cd4ac5978f,896276,41248893.0,144.0,3e-06,1,2,225
2025-05-11 15:49:37,bf4705ebf65356fd9bbba7b06b8117d600dcc06f59f4248b780f24dff738848e,896276,330.0,151.0,0.457576,1,1,321
2025-05-11 15:49:37,40f7b931c7a438838186890c2277a72bb126f23c22a3f5bdc3358b8166ff238e,896276,330.0,151.0,0.457576,1,1,321
2025-05-11 15:49:37,a18fa29361e27d69b25e203fcbd1331c299e07760888c3008edf1aa24082ed8d,896276,417330385.0,141.0,0.0,1,2,222
2025-05-11 15:49:37,ee7373f85126cec0892ed2ae8d1dee743168dc24314a1770d019abb4c26a9c8d,896276,330.0,151.0,0.457576,1,1,322
2025-05-11 15:49:37,46d19bd18cc4ba423f1360cf5df406cb0adcfdb4418bc338ff1c1aaa2889348d,896276,26001497.0,278.0,1.1e-05,3,2,522
2025-05-11 15:49:37,76188c539fd97cd9f23f3b4920565588c2d7e9084881fd143064d0af68dad38c,896276,31023662.0,308.0,1e-05,1,7,389
2025-05-11 15:49:37,470c812e2dacec1c01b4ff7daed9bfe8fcf7b6595c7d77073d1672dbb664918c,896276,330.0,151.0,0.457576,1,1,321
2025-05-11 15:49:37,1de2285c330efd1427085093097642e62ef26ce2b4e1950721d373b7765c4c8c,896276,546.0,152.0,0.278388,1,1,324
2025-05-11 15:49:37,50a105eff43ac9310cc6f74853a0f401e34119a401ae9428165b84b5e7a1eb8b,896276,546.0,154.0,0.282051,1,1,334
2025-05-11 15:49:37,c6f9a8c1ce8bc48f9153ee09eaef9d42bda10182d5f0c3c45638b5eb46c90fc2,896276,1646.0,154.0,0.09356,1,2,205
2025-05-11 15:49:37,6f8fe1cf773c47d23134c2b44b955636800e989724280201849f09da4cc7d28b,896276,330.0,151.0,0.457576,1,1,322
2025-05-11 15:49:37,f5699d11d6892cb40ebacc1d96fa9ee79322cf3414af06da853c9f9962f6b28b,896276,467470.0,143.0,0.000306,1,2,194
2025-05-11 15:49:37,143b41ff0c9b59e09843dae6504eeec2990a5f3c8974d8a4fcda2aa691a1a889,896276,4886.0,110.0,0.022513,1,1,191
2025-05-11 15:49:37,af980458134c996628e0ade06ced406f3f7d5b4714f216f9642d1feb1ea81a89,896276,546.0,152.0,0.278388,1,1,323
2025-05-11 15:49:37,69fc388b28cc1a04c5f02d928ccb08453c0c106e00f6f31e301f733716442588,896276,82308.0,154.0,0.001871,1,2,205
2025-05-11 15:49:37,c5b309583d8eda70e740e6d8ee9e3999c93a00c156a499e9d832ecbfd8bec487,896276,265032.0,1146.0,0.004324,19,1,2088
2025-05-11 15:49:37,97e474d91e15018237cc73c5aba2c02987047891a8729cb0f8e4a36c5994e586,896276,546.0,151.0,0.276557,1,1,321
2025-05-11 15:49:37,8167c57f36469261ba8b10f0078ff20ac1f9651f695740da885a7170628aa4e2,896276,54571.0,154.0,0.002822,1,2,205
2025-05-11 15:49:37,99c92b8e3da9aa4c7c34962bc28837a6511e14248225a8229b885f8892ecab86,896276,330.0,151.0,0.457576,1,1,321
2025-05-11 15:49:37,5e22e224834a9ecb962b0386d597f20cc54e638084b59483f80424f755b34286,896276,546.0,152.0,0.278388,1,1,324
2025-05-11 15:49:37,d3061d200721d95ebf2a34f8b2db8a14a1160678ddf92a66a3b1362b6050a385,896276,595483.0,280.0,0.00047,3,2,524
2025-05-11 15:49:37,ba12ceeea20cf755b7cbab9a23d053092ad3ff18c694a94ab83ba579d9fca184,896276,13214.0,279.0,0.021114,2,4,379
2025-05-11 15:49:37,5e28f6ed4f2787f00e3c6828105353ba4a6fb058492b852ef3a8e72a95993a84,896276,159616.0,154.0,0.000965,1,2,205
2025-05-11 15:49:37,6a4440c726390087d3325c0a81936cca2bc44f2d956613e26987936ecd754d83,896276,52693.0,154.0,0.002923,1,2,205
2025-05-11 15:49:37,d073a9c25a4e7ddbaf2095578b6e0b72f4f1fff2816bd3b6a269432787fa3483,896276,43349.0,122.0,0.002814,1,1,203
2025-05-11 15:49:37,c4ab97a3c90e65187fc2ff9c3d5e4b272e1877e1824931bc47cc934ca7ccb8c1,896276,43471.0,110.0,0.00253,1,1,191
2025-05-11 15:49:37,609cf6324619b860356402d1e233c33146ec681210e49af0ef4b74815410e2c5,896276,153581.0,153.0,0.000996,1,2,234
2025-05-11 15:49:37,82ad7de1884232b9d98979d351e82dbaf21ab906b7ada89703f0e3e3e2b63283,896276,6741116.0,144.0,2.1e-05,1,2,226
2025-05-11 15:49:37,cd057700cfaff3b070e29bcfa4d68afa438b22e383b3640916bcc50f09430f83,896276,330.0,151.0,0.457576,1,1,321
2025-05-11 15:49:37,4b155ad216d942580e45bc801bfd64ab772467d3978a8de5ec629c56d40d7282,896276,17756.0,99.0,0.005576,1,1,150
2025-05-11 15:49:37,4b4b927a6f33be071cf5b2361170d0891cdcbc0e4e3aec28e35966e9d1612682,896276,546.0,153.0,0.28022,1,1,327
2025-05-11 15:49:37,947d2f1819f8c4b3fa6c5a721e11c744f7ff71ce899d9436ef408f8245e9f3e0,896276,9884.0,154.0,0.015581,1,2,205
2025-05-11 15:49:37,76f2404a21babba166224b0222fc42ef859a78f00a90c877b950c0a892a5787f,896276,757370.0,111.0,0.000147,1,1,192
2025-05-11 15:49:37,cecc85a58efd0019ecd655d591c14142aeefa37e7f7e6f083007c1d14687727f,896276,200315.0,111.0,0.000554,1,1,162
2025-05-11 15:49:37,5a333bf852fc16373ae85a4994ad3664c3b32259e91d7a752fe317623cd1417f,896276,30219.0,100.0,0.003309,1,1,151
2025-05-11 15:49:37,757e253fa8994363d0af5020aa9a2e41ad13e06a2d18f373b1181c57cc57fe7e,896276,546.0,152.0,0.278388,1,1,325
2025-05-11 15:49:37,da0519d1563016311844ba48b166b712f8aff9b9fdf285e6d6323ec4eb0a607e,896276,23230.0,142.0,0.006113,1,2,223
2025-05-11 15:49:37,0a1d64bd664f267642c1436812469926b170a479567fd09a14ac4afe6677cf7d,896276,110915.0,141.0,0.001271,1,2,222
2025-05-11 15:49:37,4897857215d7f3bc2dbafe09a5a0db04759a649b33218e74adef5cd7be72e37c,896276,58087.0,113.0,0.001945,1,1,195
2025-05-11 15:49:37,90c17bd0f7c5e9f67526ad8bcf07db1ce01cef6a79aba6970d78dd74601a5f7c,896276,3901081.0,142.0,3.6e-05,1,2,223
2025-05-11 15:49:37,610936ea904ad31cdf478cbda75d6be2995d8ca31ca10ca40d0c52a2a5d69c7b,896276,165708.0,141.0,0.000851,1,2,223
2025-05-11 15:49:37,1cd9be35bd69712c80c9e15e7830ba16af7f68a25f0b60a3d935721bed4b387b,896276,120726.0,110.0,0.000911,1,1,192
2025-05-11 15:49:37,0ab90f09b12c7d4f5bcc8a5799bf9bb3b5b737ba03b8d3b532650eaf861e437a,896276,689790.0,142.0,0.000206,1,2,193
2025-05-11 15:49:37,3e988910b619d2ef11b770752c389444c7c50146dc668a60434141c53bc5a379,896276,546.0,151.0,0.276557,1,1,322
2025-05-11 15:49:37,2aff1c77eeabb0856463516cd661f6384098333b5e2c0c2769a5c81a80a12a78,896276,201603.0,154.0,0.000764,1,2,205
2025-05-11 15:49:37,1c7cc8f93834dd3e724310b1c994d7bae83d66ef8b7aec5b1d87a1d7e3dbc177,896276,41372699.0,172.0,4e-06,1,3,253
2025-05-11 15:49:37,7686fd74afc75e6c473f6ec2ffd3568e813c1d53af50a9bbc18412fee6db5d77,896276,4609083.0,153.0,3.3e-05,1,2,235
2025-05-11 15:49:37,71f4fb2e2f512b3d36722189735ad4900dd2f60017e217de8bc111a4143f3777,896276,546.0,154.0,0.282051,1,1,332
2025-05-11 15:49:37,03251ee20e4c80872b51e23d025ecf8ff5a87a27915f2a763d4b055476ec137e,896276,498376.0,154.0,0.000309,1,2,205
2025-05-11 15:49:37,3b3fd35737887c3566c375cfad510814824d2eac2c710fec7d254ec0365b8176,896276,370543879.0,141.0,0.0,1,2,223
2025-05-11 15:49:37,e9e0291b73cb69b1b6095a9797e5d7792416cd056b904dc4c238a0788a9f7a76,896276,3140211.0,223.0,7.1e-05,1,2,223
2025-05-11 15:49:37,6ff098d2a954016a38017908434845942f060cbdba447d72ec8e4d9dc5d15676,896276,209576.0,154.0,0.000735,1,2,205
2025-05-11 15:49:37,6feedcc7bec5027b55b9241023e90e59eac66057f0fa22a899a393e46dec1676,896276,330.0,151.0,0.457576,1,1,322
2025-05-11 15:49:37,aa24babf2f61d88b248e035bf8b14ffb7875a2950b39246957b017753d069f75,896276,19898.0,102.0,0.005126,1,1,153
2025-05-11 15:49:37,b343d0323ebdb47bf73f5a9dba781071a8627e5920c03852bd30bbf4612b2675,896276,330.0,151.0,0.457576,1,1,321
2025-05-11 15:49:37,71b073e6adb9d2b038e38d46de2a2846afb69f0224c73046ae34da7134810374,896276,1053342.0,142.0,0.000135,1,2,224
2025-05-11 15:49:37,7cadb1ab69e4b7ca7bc13eb9a3b6a1aa5e4370c38b7bb2eb29663f2c41b62773,896276,19168.0,212.0,0.01106,2,2,312
2025-05-11 15:49:37,c827c489c629c62e2474e2034f97584a499296a8d2393191037135f6f316f772,896276,12215.0,110.0,0.009005,1,1,192
2025-05-11 15:49:37,2086f273567d18b0543399484029ec1c6f9f8e3887b34417216bd7a34449e272,896276,87954182.0,141.0,2e-06,1,2,222
2025-05-11 15:49:37,bc5b88bf88e6035694e9a51fe8ce362b903ec0e2f42978eb1bfd10d326946f72,896276,4419289.0,153.0,3.5e-05,1,2,234
2025-05-11 15:49:37,4b76fc808129ffff6cc5e3994600837c482a51a539ec6f104fb288b999104872,896276,330.0,151.0,0.457576,1,1,321
2025-05-11 15:49:37,19f4d31f7f2f0dc7f5279acd45d91cb4ce5f4095a764010346c6421b520ee370,896276,94912.0,260.0,0.002739,3,2,410
2025-05-11 15:49:37,a3c9ca88cadf7c8eb3ee7038eb70fb17aab73098a007b53e8879b40ad5ee5c70,896276,2449835.0,165.0,6.7e-05,1,2,247
2025-05-11 15:49:37,607685040c17eb5bd31492ea50fe110c28f5f67437ae181b11c4b2d4ecf84270,896276,546.0,154.0,0.282051,1,1,332
2025-05-11 15:49:37,83289deb4653af13ba53ea2cc3514dd953fac0752bb935db38d3f3664c8afb6f,896276,546.0,152.0,0.278388,1,1,325
2025-05-11 15:49:37,e391e82eab0a13ac2e56ae2988d640d9cc57a4f3207f8e15618c894270de696f,896276,65628.0,160.0,0.002438,2,1,260
2025-05-11 15:49:37,d06ca790b37c127360d0791f5f3e81b229608d1df6fd73eee1c22df823e6166f,896276,22730.0,154.0,0.006775,1,2,205
2025-05-11 15:49:37,90794fe838ea61e4a067bfc23b9b6e11b815d7d651dcc8fd3d8e5b3d6bb3d36e,896276,10499.0,160.0,0.01524,2,1,260
2025-05-11 15:49:37,e0cd060318c2c1ce486e21e2be90153c0ffd1d972ea77a4d8a3adb70d452fe6d,896276,12934.0,212.0,0.016391,2,2,312
2025-05-11 15:49:37,bb647d2fe883320820baba7269a40e8d3c43cd11162f414828e2d490193d3d6d,896276,9999859.0,141.0,1.4e-05,1,2,222
2025-05-11 15:49:37,ce6277c35c9b1554202457aad9f2da75cc95e0a5803849fcb3609cc438c7a46c,896276,279241491.0,166.0,1e-06,1,2,247
2025-05-11 15:49:37,1ea4f225c00837f5a94c416ef50ce0b938be1955c6135e843fa7e88aaace176c,896276,7373699.0,141.0,1.9e-05,1,2,222
2025-05-11 15:49:37,c63346bc0dcfab951bed036d59ca36c1ff2cebe6a8ecf5a891b964156a74836b,896276,330.0,151.0,0.457576,1,1,322
2025-05-11 15:49:37,50a3e8e7036993e72a90bd5e46958ff606a1b09752f4e2854676b5bb011f2d6b,896276,6668309.0,269.0,4e-05,3,2,419
2025-05-11 15:49:37,7b1bf3fc75d7f644a0b88ca8d78777e2b226b29b2b607a47c9cffa623ab1cc6a,896276,546.0,194.0,0.355311,1,1,491
2025-05-11 15:49:37,c8575cd5e70adc1adba4054431a0fd5bf230c1afc1a276348b956dfa74acbb69,896276,19465.0,275.0,0.014128,2,4,375
2025-05-11 15:49:37,6044df472e944feb4eb0069929c9a7ee3e87021f6d111ddfefddd874d2607a69,896276,794930652.0,203.0,0.0,1,4,284
2025-05-11 15:49:37,a5d53118ad94206ed98982aced2a3f76e41ca3f0ca3cc90b603fc4bac59f3269,896276,147560.0,154.0,0.001044,1,2,205
2025-05-11 15:49:37,411e4edd4f0e1803ad04a81440ee7fdb6929c9bc398cf97623ba711815d70669,896276,30416.0,133.0,0.004373,1,1,214
2025-05-11 15:49:37,efa6877e954de7ee869bf1273221f67303d404bc0ade5baf7ffbc12733766767,896276,59016.0,154.0,0.002609,1,2,205
2025-05-11 15:49:37,2a79b4a209ecb280964de3d36641d85b68d18dff033c84e0f795ff0e88ec9266,896276,1646.0,154.0,0.09356,1,2,205
2025-05-11 15:49:37,d2e5af1dc5daf8beaa17960b2903422f4a20675b791050767bd54dd37f9e9765,896276,546.0,152.0,0.278388,1,1,324
2025-05-11 15:49:37,f8041f177188917d7f4c8dcf7152c9abe0f1f3f8ffe598c55e2f627bf36becde,896276,169658.0,154.0,0.000908,1,2,205
2025-05-11 15:49:37,91c457ac644eb139f9502e23fd717135f9bdeee6fa2216d6669d11a9cd315663,896276,546.0,153.0,0.28022,1,1,330
2025-05-11 15:49:37,c85e02f93b7640fede62929278ff5f0c8e30a3f30492f6381239fb76bb97e5d3,896276,1953.0,154.0,0.078853,1,2,205
2025-05-11 15:49:37,5d2380fc56c33c1608c414f4656b50908aa09c57d5cced88f1f26f63f9417862,896276,330.0,151.0,0.457576,1,1,321
2025-05-11 15:49:37,8c6cf804a20561615e423f3fefef8b09e2007e2d4328f8f2effcaaf60554ee61,896276,158672.0,154.0,0.000971,1,2,205
2025-05-11 15:49:37,147a26c40e9c9e4b657abc9c957b5ed2c898629131837141cf59c0040951a961,896276,799876.0,111.0,0.000139,1,1,162
2025-05-11 15:49:37,26f7e20b4d03236ec9fd8b172e656d72665aea74428e32d58dd5c177462a7161,896276,3752535.0,154.0,4.1e-05,1,2,205
2025-05-11 15:49:37,596e21876444e89b1d8750e94a14a20aacc98db733831e5b116ffcaa91d03a60,896276,32612.0,519.0,0.015914,3,2,519
2025-05-11 17:27:36,cae87a0b061255a1263c910140c653d04d24a61074a2dd4e8bdd9bd9196714df,896286,330.0,151.0,0.457576,1,1,319
2025-05-11 17:27:36,277d7c6189be294772bf8ffe34e85987ce77a74b031b24fbb296ff342897fbde,896286,725855.0,145.0,0.0002,1,2,196
2025-05-11 17:27:36,62d6dfe98ec10631eaf645ab29cc6bb353b0063a34354cf9a7e46843b49ec3de,896286,14288.0,142.0,0.009938,1,2,223
2025-05-11 17:27:36,13d3249b8b629d81039fe3005c4f6ca787e33bce58fec24fe768aefc55a392f8,896286,94380.0,141.0,0.001494,1,2,223
2025-05-11 17:27:36,d895b33597bdc1c43476f7da041d408a1977b1255e17256d556658209b5aacde,896286,107999496.0,168.0,2e-06,1,2,250
2025-05-11 17:27:36,a686d19c8425e7e39833ece35846e9f9ded7e12a7c5d304d51baf6926d5babde,896286,40853.0,178.0,0.004357,2,1,340
2025-05-11 17:27:36,d6070f33988124613b8a00f7e8dfdc61870e4ab05ba609b01ae4ede15e5a94de,896286,23802.0,111.0,0.004663,1,1,192
2025-05-11 17:27:36,453a98e9d191abcc07b014a34f3ff9c018457f3b8ef260a4d63daeb683b365de,896286,50193.0,154.0,0.003068,1,2,205
2025-05-11 17:27:36,2bcc8bbb436dc4c8f2c8584e77695740d45094be292786c2a12e4e6ca7f055de,896286,330.0,151.0,0.457576,1,1,319
2025-05-11 17:27:36,cec1cbc3d019c26827efe6ad002b0137dba4680d26c46495fa913eefc7772bde,896286,35666.0,217.0,0.006084,1,3,298
2025-05-11 17:27:36,27c50e84f647ca243ed10fff0e036f2536df6d4e71c8df8f1f766ef525ea1ade,896286,330.0,153.0,0.463636,1,1,330
2025-05-11 17:27:36,d5b8ab816df29b3730b3a3fc2e895a3f289124cb338efeb2083bfbb95e0d0fde,896286,546.0,152.0,0.278388,1,1,324
2025-05-11 17:27:36,9e8b3f66ce079a5e68dd2fc347efceaa80f66cb4c2b2585b35b6eb6a9ac101de,896286,330.0,153.0,0.463636,1,1,330
2025-05-11 17:27:36,9c96b0e10994f32ed7a5f2bb60e881406748f6fbf9f95d40014f6a37f82de2dd,896286,39703.0,217.0,0.005466,1,3,298
2025-05-11 17:27:36,eeee8b233f8229a9dd89a57f556508bd779638a23c62e59a9353173a8ee2b0dd,896286,26280.0,168.0,0.006393,1,2,249
2025-05-11 17:27:36,9bb99c8a04d1f56abd4db99e3786355b438fa075d27c90f1b7c217475db49fdd,896286,345647.0,110.0,0.000318,1,1,191
2025-05-11 17:27:36,ed07d066f202e4e643761326a06c2b63515ef41389ff4b60984b73cf063d86dd,896286,330.0,151.0,0.457576,1,1,319
2025-05-11 17:27:36,830f8cbe8632801c06f5825c7fae5bca9a995f601e0cd654aa9cfea8b8d06ddd,896286,351.0,129.0,0.367521,1,1,268
2025-05-11 17:27:36,c450dd6348689e1abbe9a6378f8852f60337339399f47926e0f44885cee652dd,896286,330.0,152.0,0.460606,1,1,323
2025-05-11 17:27:36,e032862e1b04b06395791e306aacdf0295e66479366bf2fe265fa69cc54839dd,896286,37073.0,168.0,0.004532,1,2,250
2025-05-11 17:27:36,607d3e848513bb9a1682f292d7e4e591fb614cb24c9fa969af1452b209d438dd,896286,39703.0,217.0,0.005466,1,3,298
2025-05-11 17:27:36,baf5ef3f17a4290e1e93404409e3a398a375380b35a59a9dc6ae369378d837dd,896286,13265.0,182.0,0.01372,1,3,233
2025-05-11 17:27:36,4cda0c38a705d2db70e3311ca4fcd83ec9146700ba6cb4b533ab6385f72522dd,896286,330.0,153.0,0.463636,1,1,330
2025-05-11 17:27:36,93a87ed70031076738381f1c258b07448c8ac7eca2f671fbd3a940294c28fddc,896286,351.0,129.0,0.367521,1,1,268
2025-05-11 17:27:36,5f195cdc195557f557b1ad014fca44952a67393da7ba646e975a817ea859dfdc,896286,330.0,151.0,0.457576,1,1,319
2025-05-11 17:27:36,db07e34a5ed1ef048e60bd6d0c405195ca6c65d1c4f39c94ad1e4d450797c0dc,896286,330.0,139.0,0.421212,1,1,307
2025-05-11 17:27:36,e9acd746f88ad294ef28ede4b668aa75a245b1c1a31348f56e7ca93961be5cdc,896286,7069.0,142.0,0.020088,1,2,193
2025-05-11 17:27:36,e27f4f797d360fa617d038a8bfe7be2d4d57d706d6a5e48accc9afe00ad24cdc,896286,162712.0,444.0,0.002729,7,1,792
2025-05-11 17:27:36,779fc07fb34455e7babf171de7f72dd9f859b65cd259a55a350068354cca31dc,896286,110396847.0,358.0,3e-06,1,9,440
2025-05-11 17:27:36,bb7be85edbd303e8091b55721834f343a29c47febf34261c16bde05777ff06dc,896286,330.0,151.0,0.457576,1,1,319
2025-05-11 17:27:36,d602983df656a0e25b817445772c882e8e8595b20136d0eac3a3b6a98dc0f6db,896286,330.0,139.0,0.421212,1,1,307
2025-05-11 17:27:36,7466e0b596b701f4bda363ecc292deef5aa132962400afaaf956a6e11aa4b5db,896286,351.0,129.0,0.367521,1,1,269
2025-05-11 17:27:36,4ab9375d5f708690b5f72db14bf208bbb279e5a389fd43accdc435144fe98edb,896286,330.0,151.0,0.457576,1,1,319
2025-05-11 17:27:36,e2a16e06c1d4edf6601852aca55b34d01a2910bdd0f7b73c86db151867f47edb,896286,1908376.0,110.0,5.8e-05,1,1,192
2025-05-11 17:27:36,063eb8c8a06cee8d9ca19b8c2867425f3905eba02353ae44b5a23fda997853db,896286,546.0,154.0,0.282051,1,1,333
2025-05-11 17:27:36,7f6b4053701ff00d85e0fc0543e4ad9ba11bdad9023467fb3b35ebc101284ddb,896286,32934.0,217.0,0.006589,1,3,298
2025-05-11 17:27:36,692de08e1e6d1459639d4070a3f2df87071d2b7d409431f722e5d47d79f042db,896286,59443.0,141.0,0.002372,1,2,222
2025-05-11 17:27:36,b345549c93a3b9cfd94dc88456b9c3a439d68a23e6fa1aa590900d1b8d9626db,896286,3196.0,217.0,0.067897,1,3,298
2025-05-11 17:27:36,89c6d23b4c9e3d50b4a21fb464b4bd22ebac5a2489cf67c8a52d6b5c80771cdb,896286,223369.0,805.0,0.003604,1,4,451
2025-05-11 17:27:36,ea74bfda06c014146e26ca6c88bde3c91eb2cf3d5d50c068c38bae4a8bf810db,896286,369670.0,122.0,0.00033,1,1,203
2025-05-11 17:27:36,53dc8f3c65d9d5ab694ec64ee3b16f2761128067127dbea033ad0793a479fbda,896286,43063.0,212.0,0.004923,2,2,312
2025-05-11 17:27:36,8b6631a19117164f5ab6c3b065ab56d8ef686c2135b2b4a2aea8263deea9d9da,896286,330.0,152.0,0.460606,1,1,323
2025-05-11 17:27:36,c31b1e4bce9865c8eb4d6a5919b4ded148d75b255c63e424de71600ac992d5da,896286,21454.0,200.0,0.009322,2,2,300
2025-05-11 17:27:36,8282f104a8cff9f8fcd245bfa57b662577edaeaf49b2f848de473db366b0acda,896286,351.0,128.0,0.364672,1,1,266
2025-05-11 17:27:36,537ba2488abd9393b4f762ab20c57fc2e7094b1a09c8d7eed937857dc3eb7bda,896286,267396.0,166.0,0.000621,1,2,247
2025-05-11 17:27:36,b79c66b08b8b2f037faaeab9d9870a688e7ac4f300b3aab79e3f337f0a9a54da,896286,330.0,139.0,0.421212,1,1,307
2025-05-11 17:27:36,6668aa3b04488a722a7cad44ca2dec536405863816e25d54e8ed0240c69745da,896286,351.0,129.0,0.367521,1,1,268
2025-05-11 17:27:36,8f01a6c527be53420e2c992e27956f6cad2e11eb0eb5ca2c56389d6f4a990bda,896286,546.0,153.0,0.28022,1,1,330
2025-05-11 17:27:36,27c21d78ae9c95ce6a71f51939144d7b69da6cff98bfabf12ed6c5eebc8ff2d9,896286,546.0,153.0,0.28022,1,1,330
2025-05-11 17:27:36,37106d917110f15cb5156c209f0d3238d517a6698a479aefd4dd8047457fe9d9,896286,546.0,153.0,0.28022,1,1,330
2025-05-11 17:27:36,3d89fe3e3dcff789f3322975a916c37eb0aa86c291d3def9132bdf4163faccd9,896286,330.0,151.0,0.457576,1,1,319
2025-05-11 17:27:36,d85ca5193fccdfba5f0a2fb85b2411f444855ef3063e07d367d1f0b4c75195d9,896286,7214.0,111.0,0.015387,1,1,162
2025-05-11 17:27:36,d906b0d0615aa6b682378ead349985c96bddb9b8734815ea44b0915b103089d9,896286,13258.0,110.0,0.008297,1,1,191
2025-05-11 17:27:36,2df685d93f9ac4fd946f43e211f22bfcd02d36d83b8149d4bac3138a5dcd88d9,896286,26582.0,805.0,0.030284,1,4,450
2025-05-11 17:27:36,ba5133dc415639147d8dde68927103bbacc2461641813d5cd6c15123e34d81d9,896286,351.0,129.0,0.367521,1,1,268
2025-05-11 17:27:36,e799c26662bb77d311ca250b4dd91741e846a390c5f0ed4949fc19fff1975ad9,896286,330.0,151.0,0.457576,1,1,319
2025-05-11 17:27:36,b0329697e797c7a52f1a02d36c458b1c57f90da40768d5f2226754f563664ed9,896286,167975.0,177.0,0.001054,2,1,339
2025-05-11 17:27:36,43b5d3cddd7c6a2f9e5e47ec91e65532a4ee1b5bc3572221875ccb1c537e31d9,896286,154993.0,178.0,0.001148,2,1,340
2025-05-11 17:27:36,9e467a99ec1a3f270d7673a7a22a968294185ff566e0473c8ea6f6598ca827d9,896286,330.0,152.0,0.460606,1,1,323
2025-05-11 17:27:36,a1369f8291966f90502811252365458f334510a0a0f983259272e0012eca23d9,896286,656972.0,192.0,0.000292,1,1,192
2025-05-11 17:27:36,a35f3eb15323f902ab04d41d3c40ceb5edc7190124d8c2863c8e4cacd77815d9,896286,59412.0,217.0,0.003652,1,3,298
2025-05-11 17:27:36,756cc3c19ecec708ef7699cdc18de2ca7589ccc750388b6f8da668338422c4d8,896286,351.0,129.0,0.367521,1,1,269
2025-05-11 17:27:36,5202cf47f3ef97d8fd61eab8de82f9835dd873488db81585a4f2ea42c7c1acd8,896286,330.0,152.0,0.460606,1,1,323
2025-05-11 17:27:36,93c7307a51837eb820f213527d6b307fc14fd04319710738fb2832084de99dd8,896286,435.0,111.0,0.255172,1,1,162
2025-05-11 17:27:36,8768ccbeb1a027db1dc0597c962a8e94edca49d4081a3c6f6937f360015391d8,896286,26236.0,168.0,0.006403,1,2,249
2025-05-11 17:27:36,49f7df7210dcc837da1dc6b804aba1b9f9ce38f4f6cf32c1bf0b83cf65e08dd8,896286,127887.0,113.0,0.000884,1,1,194
2025-05-11 17:27:36,8aa5b3fe0fad06ccb25070007d4c7dcd329f0e5f17278de00e7a99c2d48d88d8,896286,23246.0,154.0,0.006625,1,2,205
2025-05-11 17:27:36,fcf536c4678f5761f964c6d5137558376b5921a0554605d20c7eb15513aa60d8,896286,39703.0,217.0,0.005466,1,3,298
2025-05-11 17:27:36,6cb1ed2a3d7557d6ca658fe7ccd8875e72d150db731fa25f2e9eac9ee6865dd8,896286,16130.0,102.0,0.006324,1,1,153
2025-05-11 17:27:36,7c9b92d1c5c2a3bc347dd9f579f8335a2be0a3709dce824e685de0fabe6c5dd8,896286,1151227.0,110.0,9.6e-05,1,1,191
2025-05-11 17:27:36,e8dff075aff80e6b373fe3db98bfcfda53b9d90feeda12613e8da4f66cb83bd8,896286,35724062.0,471.0,1.3e-05,3,2,976
2025-05-11 17:27:36,adf7fa746c1411a7cc29399dffaaa7f2b4c4fd4e23de6a766ca447ad98a931d8,896286,330.0,152.0,0.460606,1,1,323
2025-05-11 17:27:36,06d580872e7129fb8968a68bc7c4cfaba212bb848efda55a5bd5863e9b6a06d8,896286,86122.0,387.0,0.004494,3,5,569
2025-05-11 17:27:36,18f79559dd45b1c3c748d1defaed8990445e463ba2df29abd61fb6ddebf1f8d7,896286,330.0,151.0,0.457576,1,1,319
2025-05-11 17:27:36,d45638e5056615fbad70aa47b353ecc42b3447cb17c39386e8150e7afb55e1d7,896286,330.0,151.0,0.457576,1,1,319
2025-05-11 17:27:36,50e6945c2fedbe4bcfc6e9ff2a3a172de95e363e21a5cfd699f034a0fc4cdad7,896286,330.0,152.0,0.460606,1,1,323
2025-05-11 17:27:36,1078ab67db2cf88b8e1b734e6d0297a9cade58abe58e2aa879b1b331f67bd5d7,896286,351.0,129.0,0.367521,1,1,268
2025-05-11 17:27:36,926c67e8b53571d21d24bd506e083e35de9cb02171379266218a4621cee8c7d7,896286,6943.0,113.0,0.016275,1,1,195
2025-05-11 17:27:36,8a19455e767faa980cf70f394dde488c7d264e6c3ea4ab3caa3d2c805f03bdd7,896286,225160.0,110.0,0.000489,1,1,191
2025-05-11 17:27:36,87d1848d256506c3042c36fcb7621454689c4880b14fcea40a29fffe90f1b3d7,896286,330.0,152.0,0.460606,1,1,323
2025-05-11 17:27:36,0c04f25bf6e736531dd1eab9fde885ab6f9e3d6e29633f2819ae5ae14a485fd7,896286,330.0,152.0,0.460606,1,1,323
2025-05-11 17:27:36,a571538c694c7f946e2963c6949ee2b09e6694482321ddb39293782edd175ad7,896286,25791806.0,184.0,7e-06,1,3,265
2025-05-11 17:27:36,27f05faa2a728205f1c51fbdd0edac23e07d802f458bcc5fc2801ca1922634d7,896286,272541.0,154.0,0.000565,1,2,205
2025-05-11 17:27:36,519c49d6cd447e9de064abe0b6b64b773707d22f34d277bb69a7c96d03c2f4d6,896286,330.0,152.0,0.460606,1,1,323
2025-05-11 17:27:36,1076a9d50d44422369824513f4ca9176643dbfb012c86ec4f0ef78081a7ed5d6,896286,351.0,129.0,0.367521,1,1,268
2025-05-11 17:27:36,b582994b06704aaf6eac847a6d1c5a9a627a620b26a9d9485c46f420a5a4bad6,896286,99422409.0,234.0,2e-06,1,2,234
2025-05-11 17:27:36,b4d66c67d8414fbb38acb6ed1b3c90723d34e046244d7c7088208250b25d92d6,896286,330.0,153.0,0.463636,1,1,330
2025-05-11 17:27:36,744f9fb7ddf91e531a82af6abccedf8246755acf96cc31671621c003daa27ad6,896286,546.0,152.0,0.278388,1,1,324
2025-05-11 17:27:36,1e398cbeb756e81d810c6f5a7a3726645f11390ff78d38ebd56025aa75ec3ef4,896286,795210.0,154.0,0.000194,1,2,205
2025-05-11 17:27:36,1001aa19477d8014a817c8913c5e78a3410a8baa025d81b1042f412939a348d6,896286,330.0,152.0,0.460606,1,1,323
2025-05-11 17:27:36,f34ab7a4f4414e1cc4152edf6bf75cdea1f1f8bf5dbaa75d71f15daff94926d6,896286,1025888.0,141.0,0.000137,1,2,222
2025-05-11 17:27:36,94730486d08a0213e6ec12e7f04b1d1a905eabf7cfa64ce98a7f3072b24e0dd6,896286,330.0,151.0,0.457576,1,1,319
2025-05-11 17:27:36,fa47af7aedc58691bca71c459cd92978d9742e9cf489addadd046b9d6530e2d5,896286,1917590.0,110.0,5.7e-05,1,1,192
2025-05-11 17:27:36,f28e981e4280d295bcf393da63ac1ad817823e065365c252483d84de53cd23d5,896286,21225.0,110.0,0.005183,1,1,191
2025-05-11 17:27:36,1aa8230f1d26d1084f90c7aa28382c6f7d4b4251830f217e6e8ab972b47e21d5,896286,1844.0,122.0,0.066161,1,1,203
2025-05-11 17:27:36,3bc64dfab2059af95ada20c38052d62d3d58d8237d024921e5a953dd122f1dd5,896286,330.0,153.0,0.463636,1,1,330
2025-05-11 17:27:36,81de4a2d0eaae00d60294992b515af427d417bb6d6ce824d73e3fe05805ed9d4,896286,330.0,151.0,0.457576,1,1,319
2025-05-11 17:27:36,7c05a00fc2be01f9000e7494fce2917cae8f6c0ba7cd99c1f250af2370babad4,896286,14556.0,217.0,0.014908,1,3,298
2025-05-11 17:27:36,2f7da614e0cb9497d1fa574baa2ae82e51c112d6ca8b137144703c0f92c4a9d4,896286,330.0,151.0,0.457576,1,1,319
2025-05-11 17:27:36,7b467ae5e7f4c18cbb479ce8461679c9622d6217c56f045f5d4df9c4a70b9bd4,896286,186468520.0,246.0,1e-06,3,1,489
2025-05-17 07:09:11,32fcbfb94995c38ce8e53fb61d273d76a7002181677ab8a4a8e9b3af6a3d484b,897071,52302.0,219.0,0.004187,1,3,370
2025-05-17 07:09:11,7f71327deb3849dd60261b753dce2f8358421decf113a5e1322a730a2d8e1638,897071,52851.0,219.0,0.004144,1,3,370
2025-05-17 07:09:11,a2f21958fdb0f19b0d5070703b551329f1fb32127c2492be003aca191d0a69e0,897071,53400.0,219.0,0.004101,1,3,370
2025-05-17 07:09:11,89dc3e54858f1b7fea287b1766f192f19cd3986f5566fbc80e45f82d5b5584ed,897071,53949.0,219.0,0.004059,1,3,370
2025-05-17 07:09:11,7fdb1a5eeb980568265a900a232ede57c3cd69eb9bebe7fcf7692c232b282030,897071,54498.0,219.0,0.004018,1,3,370
2025-05-17 07:09:11,9eb878d01af66d7566d4c4760d38aad31b4999b2602cdfb62dc32d1f64e9eee0,897071,54717.0,125.0,0.002284,1,1,203
2025-05-17 07:09:11,bf868cd929aa402d9d24acdb5fdb24ede9058fbc5ed188c9677465fe9a436c71,897071,36848.0,263.0,0.007137,1,4,389
2025-05-17 07:09:11,dc84d6190ede7cd8d78b14083cc7ec42d3aed1892fb0f656ba7e9f9269fa9fda,897071,37441.0,219.0,0.005849,1,3,370
2025-05-17 07:09:11,4809d2b7b8a24b986d11ebe218c03e55a9eea64509a921845d72d633b8934047,897071,37990.0,219.0,0.005765,1,3,370
2025-05-17 07:09:11,ea8be68b0831053d922c9662e427994952e7ea050a656cb36544a280305443b0,897071,38539.0,219.0,0.005683,1,3,370
2025-05-17 07:09:11,33c4ba6a000d27fc0e96cafab3363f62203ea27611847608f30be22c34794ee4,897071,39088.0,219.0,0.005603,1,3,370
2025-05-17 07:09:11,2c7176f3fc21736dccb93d7f7b23fab61621332f7b69f9936fcbb3a6eccf372b,897071,39637.0,219.0,0.005525,1,3,370
2025-05-17 07:09:11,826da526cb179bef5ef7f47a6f9b38376d4c10b4328365281c30618c06e9da64,897071,40186.0,219.0,0.00545,1,3,370
2025-05-17 07:09:11,9d3cdb148db313ecaa83c98b442b0425f054fcf554106c991eb18ef45421a930,897071,40735.0,219.0,0.005376,1,3,370
2025-05-17 07:09:11,691283bd608d55c51b40d2ac94d9dbf9d5da63943ce85acee24b1c8dc3af90d9,897071,41284.0,219.0,0.005305,1,3,370
2025-05-17 07:09:11,15b7e6443c52a737c814433d0ca314f641b607387d3c1776bdf98097c50a3674,897071,41833.0,219.0,0.005235,1,3,370
2025-05-17 07:09:11,981efcbfa7a93f43399fdfc1fce8a83d72e072a314c205a3ab8b6a2df34f837f,897071,42382.0,219.0,0.005167,1,3,370
2025-05-17 07:09:11,552464878c062db078649f16760039a961a8bb85c63cacea9177e4c67515551d,897071,42931.0,219.0,0.005101,1,3,370
2025-05-17 07:09:11,8225fe4b15cf92ae7fe83d608bc6b2d47bab26736b6e41da4d9eb3ef56de294f,897071,43480.0,219.0,0.005037,1,3,370
2025-05-17 07:09:11,4203dd9ba138d84d3ebf81eb5c125eca8f3b62763ddf4bc49c2847636790d5e9,897071,44029.0,219.0,0.004974,1,3,370
2025-05-17 07:09:11,dcfa544da7c2809b79fa298a8a210275ef788c258576db6dd6085c53a78df487,897071,44578.0,219.0,0.004913,1,3,370
2025-05-17 07:09:11,0d929ac07f48a6e214e7a917aa57d28bb16cfd4ea857a6524e038400ebb0f74d,897071,45127.0,219.0,0.004853,1,3,370
2025-05-17 07:09:11,f126ca91474704218e1501b54d3e7256e666430e7cbe7e3cc32520c45005d278,897071,45676.0,219.0,0.004795,1,3,370
2025-05-17 07:09:11,493314d3b8d1a330f4023bc0303646c13d9183d680d2fe487368257b9015bf73,897071,46225.0,219.0,0.004738,1,3,370
2025-05-17 07:09:11,3483a595e10b96524c7eb48900aba7d11db3e33f223850f104d7e9b75cb86ae7,897071,46774.0,219.0,0.004682,1,3,370
2025-05-17 07:09:11,c10df4e28c702c075fc2cb74192d1e20bcbcdf4bcd67421f03fd782330fe13e7,897071,47323.0,219.0,0.004628,1,3,370
2025-05-17 07:09:11,44a24e5d2f2218ebd1ae72fdc8e5ac056aa5c322cf30b84e92b30528bf6b924b,897071,47872.0,219.0,0.004575,1,3,370
2025-05-17 07:09:11,4fb95982ce709eaeb6cfb757e6713feecfcb64caa68e295f4b7addf5f7216416,897071,48421.0,219.0,0.004523,1,3,370
2025-05-17 07:09:11,33d0830c39c6264cc44b24d39793d08e7c455f151ccb4001db44abd07dd61345,897071,48970.0,219.0,0.004472,1,3,370
2025-05-17 07:09:11,6e9694ed5e6c18950a804e0bcdfb98fec7f78ad0deda0cf68273385b20073b2f,897071,49519.0,219.0,0.004423,1,3,370
2025-05-17 07:09:11,6f3aba98acf0de8fbb42093356ba56e77a554afd02352e2845fc3b4ccd89c6bd,897071,49738.0,125.0,0.002513,1,1,203
2025-05-17 07:09:11,fd25f4a3c04d7fd74bc2f00206904efc2495f8b24f004fc91e002bfb9acca570,897071,6589.0,263.0,0.039915,1,4,389
2025-05-17 07:09:11,cbec6703cc37d602e3ef6e803cd8fc694b8439b0a64473038cc6676217d83c7d,897071,7182.0,219.0,0.030493,1,3,370
2025-05-17 07:09:11,3d3ba82ce580e3bc5a85c7947e58c2dc4549faba7296fbbdd84f78973280a069,897071,7731.0,219.0,0.028328,1,3,370
2025-05-17 07:09:11,636dc618f8d72a99ba97beac285ff2a8fce75302d2e441027321beab09efe086,897071,8280.0,219.0,0.026449,1,3,370
2025-05-17 07:09:11,1ee8ed3ad1cb6cb3a69482f82b5166b530d4eae2304056b26c6c599a56de7ed5,897071,8829.0,219.0,0.024805,1,3,370
2025-05-17 07:09:11,3cd024729848ca1d58653d7365fdb8fd5c320020558afbe3577e0f544296cdbf,897071,9378.0,219.0,0.023353,1,3,370
2025-05-17 07:09:11,15611df42d88d4a124a6cd5e661f59ea79d3f980ee8d349b7333e3037ab4fb0c,897071,9927.0,219.0,0.022061,1,3,370
2025-05-17 07:09:11,36954aee40de95bd122920a9d210ad5ddafba48fc9c2d0a8b07d8d0b1aae9f8b,897071,10476.0,219.0,0.020905,1,3,370
2025-05-17 07:09:11,f486bf45bfeb387103f1214157815d315319bed303799eb779ee0636d28a0b38,897071,11025.0,219.0,0.019864,1,3,370
2025-05-17 07:09:11,8dc432eedb0d62e1b1fc5acd11b5d10785e4fddb97fad33b1fd5c97eccc35890,897071,11574.0,219.0,0.018922,1,3,370
2025-05-17 07:09:11,1e7ba18ec91769c90b4bf54cac83fc1afe44b71d53b983ca41887b92df865e45,897071,12123.0,219.0,0.018065,1,3,370
2025-05-17 07:09:11,e7c5f26f20ac6ea6787cc1f44c741e6d9c3fae3e4344568c9ec72caec0ef17a3,897071,12672.0,219.0,0.017282,1,3,370
2025-05-17 07:09:11,e50ce34ec009d7f5e24f8a801d77fd8d456a03a1d2bfba83c89e7f2f428f8106,897071,13221.0,219.0,0.016565,1,3,370
2025-05-17 07:09:11,eefacf8b6328f97f1085cb51d34e2c3249724da49a260d1304025c61136761bd,897071,13770.0,219.0,0.015904,1,3,370
2025-05-17 07:09:11,c2e242bb5dd5d4c8da6be0fb9102157f357e9db5506eba4988d6ffa6d59cd353,897071,14319.0,219.0,0.015294,1,3,370
2025-05-17 07:09:11,653a431290c898f2caee2433dbda64f1e683ee13835f8a84fa345529598abe6a,897071,14868.0,219.0,0.01473,1,3,370
2025-05-17 07:09:11,d661b80c72fc15e94f384a95bc7bf64b0e812ddb8063c9cef783635c4167e832,897071,15417.0,219.0,0.014205,1,3,370
2025-05-17 07:09:11,1b680ae17352427e0213b42c4370fe1c5559df06c88bb5e6360e42b70d2947c1,897071,15966.0,219.0,0.013717,1,3,370
2025-05-17 07:09:11,45b45110f3eea4b1581bfce40f7ca8832f0dca6e985eff687d42d8682d6cdf0b,897071,16515.0,219.0,0.013261,1,3,370
2025-05-17 07:09:11,c48932a0b1cba4c54e318ec1a0972021792da377abf7de3c3118eb31048c9b07,897071,17064.0,219.0,0.012834,1,3,370
2025-05-17 07:09:11,d44e94eee3f0c9380144f42ce1b0d51c93e0f0a319f83a410d9374e32bf8ab0a,897071,17613.0,219.0,0.012434,1,3,370
2025-05-17 07:09:11,f870163c64d9d0a92891702e8b23e53b28f1d48abec8c808bc69acee3fd630f3,897071,18162.0,219.0,0.012058,1,3,370
2025-05-17 07:09:11,9a15ad02ba5dea6f0692158fe3e566ab1942f0dad005274553e387120120ef36,897071,18711.0,219.0,0.011704,1,3,370
2025-05-17 07:09:11,19df539e522a229844254c5a04ba45728091181f835b6e2a76502ab8f013a37e,897071,19260.0,219.0,0.011371,1,3,370
2025-05-17 07:09:11,e26d36c236b18de095db7ed98b8512bb13fea02d768ac1e756659fd923baffa3,897071,19479.0,125.0,0.006417,1,1,204
2025-05-17 07:09:11,cadb25754cd2dd26a6b73d64c99e26466595c3c67f1ad712394b4e4f12b15158,897071,124333.0,263.0,0.002115,1,4,389
2025-05-17 07:09:11,0f63b22fc6379d92d9ec396de9d3b24a941caa9f57bda76bc0e2edbadf3fda4d,897071,124926.0,219.0,0.001753,1,3,370
2025-05-17 07:09:11,bae8f6a8c805e757b4d3e2d919de678bc9631fe59971901b102ede50c1515a8d,897071,125475.0,219.0,0.001745,1,3,370
2025-05-17 07:09:11,7d69d1fe25893eebaa6b4aa41db9b50b4670442525941d1e585280b80de75342,897071,126024.0,219.0,0.001738,1,3,370
2025-05-17 07:09:11,afab0260777f08ce60729ffcc55efe863479b3ed117803080f83122db658e267,897071,126573.0,219.0,0.00173,1,3,370
2025-05-17 07:09:11,ad5e01c8908d8c089fb83dd50fc45df08def3ad8e995c032466ea90992c06e57,897071,127122.0,219.0,0.001723,1,3,370
2025-05-17 07:09:11,dcace5523b581df79793db4d07dfd25e22741b6b2805e28696ed9c04933ea5e1,897071,127671.0,219.0,0.001715,1,3,370
2025-05-17 07:09:11,3c16545b47b2da4a46dfd77c8a4367f3e4786757ff38b99f3e6017708c28d083,897071,128220.0,219.0,0.001708,1,3,370
2025-05-17 07:09:11,1d410085ef99868570354a234525479e83d5b541836c26b9f7757f2b99143628,897071,128769.0,219.0,0.001701,1,3,370
2025-05-17 07:09:11,d737509e136c92d95047f9583c8640be42a8f1ae878fe581c30f586e7530a4db,897071,129318.0,219.0,0.001693,1,3,370
2025-05-17 07:09:11,9747269d447795a5833ef7a757653738f3e321cf404480988e6e7037000d93ab,897071,129867.0,219.0,0.001686,1,3,370
2025-05-17 07:09:11,2f43507e8dd5cd1abe8e99061be9e128dff0ad9bca32fc6caf9f3f47ef93d820,897071,130416.0,219.0,0.001679,1,3,370
2025-05-17 07:09:11,cac1f253cb3ad2a72c9ac901aee90cff7ed0e3f6b0bc8fcf602cc5b193f052a9,897071,130965.0,219.0,0.001672,1,3,370
2025-05-17 07:09:11,4f4199be9ca8e07f722cd3f866958744db3c88f397df25c67178068c750e53d0,897071,131514.0,219.0,0.001665,1,3,370
2025-05-17 07:09:11,de4c10cc6d8e8bae0a7594009cf65e4fef3521b9761449556bf629020fea35c0,897071,132063.0,219.0,0.001658,1,3,370
2025-05-17 07:09:11,496b2cc01dbd2fee5b988fdbd09b85b14aa21124daf61c3158b5130712849f6a,897071,132612.0,219.0,0.001651,1,3,370
2025-05-17 07:09:11,7735c420dd75ef0a474ef4490f165af7629eae598eb567d022f2f3b8342fe551,897071,133161.0,219.0,0.001645,1,3,370
2025-05-17 07:09:11,9a5740dbcb156ccd13246a961e1fe30861ef1e90e90997b9e444b80a3f8cfec9,897071,133710.0,219.0,0.001638,1,3,370
2025-05-17 07:09:11,28f0f406a73c0343b5c9a43d1b3c4168de4135fddf717f0e1f516e75901df7ab,897071,134259.0,219.0,0.001631,1,3,370
2025-05-17 07:09:11,0ebaa127e318a6b7759ed190a22a15f63dad64ce6d39ab509f612adf60832fb3,897071,134808.0,219.0,0.001625,1,3,370
2025-05-17 07:09:11,f45e72cc5c4e024b60cdab56ca723f83f5967589cbde2be34022b38990e4e21e,897071,135357.0,219.0,0.001618,1,3,370
2025-05-17 07:09:11,5a7231c02a707a48fb1c52b53b83e00c30b62b9c2b95473abb6debbbfca6d3a6,897071,135906.0,219.0,0.001611,1,3,370
2025-05-17 07:09:11,8b5d07a9f388ba60b663f20d3859dc35024e42c4b9780daf631936602f4c3de0,897071,136455.0,219.0,0.001605,1,3,370
2025-05-17 07:09:11,2db49711d2562325554d15e9cf1f31ed0bb309ecfbf005b73e1c0973647229bb,897071,137004.0,219.0,0.001598,1,3,370
2025-05-17 07:09:11,a2bf1f7ba40d39c7dd4a7b9ef49b5e6c51a4d67b7dbae61c6c1cb1ce8765697a,897071,137223.0,125.0,0.000911,1,1,204
2025-05-17 07:09:11,3f7e6ddc02774d35214b8b177865c91bd8d90a83c4f03b47385d95fb39863e3b,897071,57315.0,263.0,0.004589,1,4,389
2025-05-17 07:09:11,cedabfbc6164f86aef576a6862ebe15ae9f912b471fcbb1af5ebdacd7515c9ed,897071,57908.0,219.0,0.003782,1,3,370
2025-05-17 07:09:11,cb38f64d4d41e375ac33a83def099441ef9d0d2ae2bf548c23d1bb2b24c1ca9b,897071,58457.0,219.0,0.003746,1,3,370
2025-05-17 07:09:11,7a168bb2bb383879be4dea23eb3efb4d240f2880410625d1af65dd39b61f2c2f,897071,59006.0,219.0,0.003711,1,3,370
2025-05-17 07:09:11,b12526bd04757fd46c9f0b20f688ebac79c5a0783f364d8b648a3fc9f317846d,897071,59555.0,219.0,0.003677,1,3,370
2025-05-17 07:09:11,7672d1d169895047289d152c6c2cb5c9c0fde25cf24398a80397302058ee1123,897071,60104.0,219.0,0.003644,1,3,370
2025-05-17 07:09:11,91258c1181962e873ad8926ebe5432d90ee0890a71eeac51679c2c8ee9986b50,897071,60653.0,219.0,0.003611,1,3,370
2025-05-17 07:09:11,8a9847e2bb35a092aab531536a9b78590d77e8931f047cdefe02b45aa4ee6a09,897071,61202.0,219.0,0.003578,1,3,370
2025-05-17 07:09:11,f2a4b8dea1191395a120a5f6a213caf8ca335d655a06b347e0bfb547f9988273,897071,61751.0,219.0,0.003547,1,3,370
2025-05-17 07:09:11,a39be5e68730e41424cff4302836ced1b5db53a56e92bc791e3ac9ccbf718632,897071,62300.0,219.0,0.003515,1,3,370
2025-05-17 07:09:11,a72461701e20d8273203e13b5df79070ba2f3ba651207f300dc14e9ce79e1b29,897071,62849.0,219.0,0.003485,1,3,370
2025-05-17 07:09:11,1966070b8d1a6326369ec362595225be76030940815d63e85781b24b487dfb48,897071,63398.0,219.0,0.003454,1,3,370
2025-05-17 07:09:11,dd3e125e214bdc9df6cae8819d9da17d5b6bb2c970621681d5be8d4e4db29a2c,897071,63947.0,219.0,0.003425,1,3,370
2025-05-17 07:09:11,162d902dd02e4aca409301e983bfcfd9df42ae31bd033f0349217708d8c068bb,897071,64496.0,219.0,0.003396,1,3,370
2025-05-17 07:09:11,ada4e7bbf1ab628d839f606b235ba407bec5415833206a0a526eeeb8dbf72194,897071,65045.0,219.0,0.003367,1,3,370
2025-05-17 07:09:11,48b6a9b61ad81d1c769f293e5366b3427327ec06fa9f70d7b5579000dd019cfe,897071,65594.0,219.0,0.003339,1,3,370
2025-05-17 07:09:11,2cd45e960d1b237d94e09a70bba751992f2381cee2ae91e414055f2ce9b064d5,897071,66143.0,219.0,0.003311,1,3,370
2025-05-17 07:09:11,ae400283ca3a0a097eeeddea7d4b69e3d37a2640ba23bda21f74ee6059534b9f,897071,66692.0,219.0,0.003284,1,3,370
2025-05-17 07:09:11,3ce0b2001fcebb243c806e4d6630382fdd42516bffc845d39c8a67893b0af61a,897071,67241.0,219.0,0.003257,1,3,370
2025-05-17 17:52:33,133f8411db66967d7f5dd918d25d70b19ec11da277b5be21dd399466b8af3547,897134,39654.0,4118.0,0.103848,1,2,224
2025-05-17 17:52:33,5c9c00c0d6df011a21ff52419541550517d260e213111204a6a03590ba0cb246,897134,220167.0,3277.0,0.014884,1,1,195
2025-05-17 17:52:33,5745f1ed63b4dfe94697d494d4f1dcc6597be208bed41917f92608a008d51446,897134,448824.0,4176.0,0.009304,1,2,225
2025-05-17 17:52:33,1deeb6dc045d53df9e60d93884f5e811fc942a4ba23c0941052a8c64c0090a46,897134,304999.0,4089.0,0.013407,1,2,222
2025-05-17 17:52:33,a1437a87ebd80b92f2489f23b1bc359a78ba6e800dbcf1c60851d71d874a7845,897134,394534.0,3190.0,0.008085,1,1,192
2025-05-17 17:52:33,6a7f08dc573d6ad80cddbf1377a995bc09f077f079fd4bff04e6068fbb472d45,897134,152102.0,3277.0,0.021545,1,1,194
2025-05-17 17:52:33,1aaf846187b617fac15204548bcee612d79c8f01787b7490590810781767c444,897134,129911.0,4089.0,0.031475,1,2,222
2025-05-17 17:52:33,925cff4b8a87472258065dfcc89a7563d16cae09b96b765752bc69d565d76044,897134,1455307.0,4089.0,0.00281,1,2,222
2025-05-17 17:52:33,a1c1831fb932c3061aae011297c54f1616959ea873b94d7abbc6245f62e7ae43,897134,47805.0,5191.0,0.108587,2,1,341
2025-05-17 17:52:33,91fb33b2df62c8ec4fff04b02610f7fe371b1141aa41a7944343c5568ddd9843,897134,1099991822.0,4089.0,4e-06,1,2,223
2025-05-17 17:52:33,d98aafefabbd187443b9d2d51903b8b5371430e7ed40c434e29652f03ab98943,897134,1588718.0,4089.0,0.002574,1,2,222
2025-05-17 17:52:33,ccb5d26206958bd78017981a0c3e4d5f830875310c73d0e85593e2b0f67ad142,897134,95612.0,4089.0,0.042767,1,2,222
2025-05-17 17:52:33,11f01179d260afabeebd98c758a8899405fedd153b9d4f03b49d5afff4bfd841,897134,417910.0,3190.0,0.007633,1,1,191
2025-05-17 17:52:33,852cb881042c572677b00ce0ae96b63f09c4fdcf64d0c4a8b8acfd6c0703a240,897134,49915.0,4089.0,0.081919,1,2,223
2025-05-17 17:52:33,1e15502bfbd4bd4808e9b03acbd49d9f9c2ea3886237bd399300c82622411540,897134,348733.0,3190.0,0.009147,1,1,192
2025-05-17 17:52:33,be7678900bde57598969ea90951cddd25f7c2c0f67f0c383db4ce68ae367c63e,897134,40781.0,3219.0,0.078934,1,1,193
2025-05-17 17:52:33,4c3f3b861ccaa06d8d06e1515c832d5c54df18bf5846b32c84f9dccf2e067a3e,897134,7979535.0,4176.0,0.000523,1,2,225
2025-05-17 17:52:33,c005e9809767d63d1acf0b1a44b470497d3e1efb599a6c56e3e35105e68d0f3e,897134,186309.0,4089.0,0.021947,1,2,223
2025-05-17 17:52:33,0eeb4133ad0fed2a03a0644bf180ce641828b59a273946f9884b5d3562af653c,897134,222810.0,3190.0,0.014317,1,1,191
2025-05-17 17:52:33,b0a534376f4c65411f74ef2183e010f03a17b81fcafeea478cd218cfb4990a3c,897134,1152904.0,4089.0,0.003547,1,2,222
2025-05-17 17:52:33,527d5ec54732f66a1792ae0f21ae3e5d0567896477b1b3611b4893cd050a523b,897134,688504.0,3277.0,0.00476,1,1,194
2025-05-17 17:52:33,b2566d6abedf5bdd06ef3fae06849c87d0b1bba3e2bfc43d17bb56720638be3a,897134,401119.0,3277.0,0.00817,1,1,194
2025-05-17 17:52:33,fb81b2ca8df836025c8e21fe96b0a152b812c478cafa838772f1f06d62d5ae3a,897134,489645.0,3190.0,0.006515,1,1,192
2025-05-17 17:52:33,b490a18cf12a50a2a426d545d1fad6c7fcee90c616bc326baad186a0921d2039,897134,89576.0,3190.0,0.035612,1,1,191
2025-05-17 17:52:33,ca371bd03555d44260fc41800b051d68e6de436b1ee274458a2016abd08e8336,897134,202825.0,3190.0,0.015728,1,1,192
2025-05-17 17:52:33,c1133cf69f56d118235c48b6ea1184d820867c24ac639ef08c587fbdac8a8d35,897134,917439.0,3538.0,0.003856,1,1,204
2025-05-17 17:52:33,a2243f9b857de723a713084953c9fa314bffcfd4976f173e694802250108a434,897134,195443.0,3277.0,0.016767,1,1,194
2025-05-17 17:52:33,6dec4013f83677cb587d30413a726b2480dfdc916f96ab6095e819fff43de733,897134,962392.0,4176.0,0.004339,1,2,225
2025-05-17 17:52:33,c31ceca7336472a5dbf79347eac0dcd4fe95e137337fcbb9f3bdf299819ae433,897134,4298.0,3190.0,0.742206,1,1,191
2025-05-17 17:52:33,8814dbf882a0b948e629ef0b0d1805c0b6d3f57326d02c740ba4923248bef732,897134,26654.0,4089.0,0.15341,1,2,223
2025-05-17 17:52:33,cb83ae60020f4dec23570999e3b5bef779ba01d35655c3ae1c39e06fe4f68731,897134,94420.0,4089.0,0.043307,1,2,223
2025-05-17 17:52:33,5145e7c95f8d585508c5e81cb3f9ad9e7c1b779dff3dac475a192e7f044e2d30,897134,503486.0,4176.0,0.008294,1,2,225
2025-05-17 17:52:33,3aab04caea70b095484726e84ae4ee1ff9c937969ac9e773028121d63a43462f,897134,243582.0,3190.0,0.013096,1,1,192
2025-05-17 17:52:33,b1c4819e5b132f13f99a8a7d74e61581dd6404c085e1556af41dd72addcc1c2e,897134,16155.0,3277.0,0.202847,1,1,194
2025-05-17 17:52:33,b9f8657c71cee22f05c2f8a50468a4d5c7de18e87a3fc9d048f54a40d638892d,897134,22549.0,4089.0,0.181338,1,2,223
2025-05-17 17:52:33,1cd15f3bfa62c5738f103dce94a1651c33cabc6416bb799a9af8f8fbee10442d,897134,45278.0,3190.0,0.070454,1,1,191
2025-05-17 17:52:33,8d70606e9714436415aa816ee6ac69d6bc965a8f2cbf89e877a468669595cf2c,897134,4965407.0,3190.0,0.000642,1,1,191
2025-05-17 17:52:33,f7ea3c8343e7bc0929b6a8027ab1a24763419d4156f6bc19032a482d6169692c,897134,1410761.0,4176.0,0.00296,1,2,226
2025-05-17 17:52:33,bbe22945119e656671994804dc09d436daa6b427669736b9efbcb69812104c2c,897134,32973.0,4176.0,0.126649,1,2,225
2025-05-17 17:52:33,845e452b9c979025d35d644f196f84b3f189732e482aa51959b99ccfbd00be2b,897134,105141.0,4089.0,0.038891,1,2,223
2025-05-17 17:52:33,5e5f3d96633f4937e89edfc33fee08d98cb8563ef1cda2416ddaaead89fc8f2b,897134,16234.0,4176.0,0.257238,1,2,225
2025-05-17 17:52:33,0447ce75561eed7646b5035370dff32a2126a645015bad4f255f8e214322c42a,897134,116125.0,7134.0,0.061434,3,1,490
2025-05-17 17:52:33,66ed5983ebf8a3663534bbe84c5ee5453871a95bd501cb35a9f9acfd016e582a,897134,36659.0,3190.0,0.087018,1,1,191
2025-05-17 17:52:33,e87a914de5b211fa37577575a65bf02d94ff29410d203f242d06a34964f76328,897134,30546.0,4089.0,0.133864,1,2,223
2025-05-17 17:52:33,c1f14f1da7df055218a4f1bab507e5e8314beb418a928937e2f2b8a207035628,897134,33710.0,4089.0,0.121299,1,2,223
2025-05-17 17:52:33,acd9591a8b03b7e03f67d50d5f231bf006c00b90b22fe38a3995f814cf2b2a28,897134,1030207.0,4089.0,0.003969,1,2,222
2025-05-17 17:52:33,de14160e015a8c58f10f24801151eeeb052a49a4450fd9560f5d2e9ac0901b28,897134,117032.0,4089.0,0.034939,1,2,223
2025-05-17 17:52:33,2c523d4e722afe8132cba0604e9fc987fce9b36d50d621f0db3db541e8c7ed27,897134,70696.0,3190.0,0.045123,1,1,191
2025-05-17 17:52:33,8909ad66ceb3a8f0999f541de314653c7b37af39b82bcb7b4250294b0c287127,897134,433810.0,3190.0,0.007353,1,1,192
2025-05-17 17:52:33,b8c272fcf5a985c3dc0748dcf1b30fab2b467d9d0c89487d041a7910d11e7c26,897134,295711.0,4176.0,0.014122,1,2,225
2025-05-17 17:52:33,9573dd61ebdff0bde24fe556cca4debd77a9c97b0512f092ec72ecb7f2bc4926,897134,1052502.0,4176.0,0.003968,1,2,225
2025-05-17 17:52:33,7a8b470e5c9c9bec47dc0eaf16f0e206b48233814fd5f689d2793762c7042d26,897134,156607.0,4089.0,0.02611,1,2,223
2025-05-17 17:52:33,970c285baca6afbc80b45e6a0cb995f79b2c1f08cf985a81f97c94cf0066d323,897134,112126.0,4118.0,0.036727,1,2,224
2025-05-17 17:52:33,d523d5f4e3ad559ea3f3eb67215b1a2254739f2e00daf6e906e903989d999723,897134,271907.0,3277.0,0.012052,1,1,195
2025-05-17 17:52:33,4eceb7b6366f154d93b17e6c08a948a6017cb46d261f6a98c3af1d99cbd16a23,897134,60625.0,4089.0,0.067447,1,2,223
2025-05-17 17:52:33,b84fdcafbdf66d110fd5ed32a7dcd608cebf9e55f3ea067d6d8645c978750423,897134,95437.0,6061.0,0.063508,2,2,371
2025-05-17 17:52:33,ab340c0e068a61d0b95896f40e2498fcfb85695fcbccb27afd68177bfa21b622,897134,131739.0,4089.0,0.031039,1,2,223
2025-05-17 17:52:33,f66fd71647ee30cbc1075f2de0f20d6341f8d37b705b72e30296c009500ddc21,897134,83565.0,4176.0,0.049973,1,2,225
2025-05-17 17:52:33,c08222bac450f82bc4444d3a48f1919d70b771cd0a30e6109d27680841f0fe20,897134,453039.0,4176.0,0.009218,1,2,226
2025-05-17 17:52:33,0a4fdb97668e88c613c6253b6a651bbe8c83893005379e65bcb79da76808f820,897134,302074.0,4089.0,0.013536,1,2,223
2025-05-17 17:52:33,de12badd12347cf32d5e7faf230fddc76276b25ebd341047365ed6cb1ce7af20,897134,73073.0,3277.0,0.044846,1,1,195
2025-05-17 17:52:33,02a3c6c78dd554ee4b492461051e07de85fe280e9f5fafd31e01c77bff874320,897134,30953.0,3277.0,0.10587,1,1,195
2025-05-17 17:52:33,e415bd426af609ac6cc6163d97bf1572393f06edc40c831bb69edab7eacb0f20,897134,1647865.0,4089.0,0.002481,1,2,222
2025-05-17 17:52:33,52fa80ed6ddcd625074e39c0a9556dfa8880a47a22a4d33b43f2e45ac4d3f71f,897134,12723.0,3277.0,0.257565,1,1,194
2025-05-17 17:52:33,b0ce49dd7fb38640a66b0dc322f7f1462c7221498462478ee9e06a6a7b58551f,897134,181355.0,3277.0,0.01807,1,1,194
2025-05-17 17:52:33,211a05a987acdbf8888719360fa0fb81abeb5418125d0634aa148de0dfba1f1f,897134,164966.0,5162.0,0.031291,2,1,340
2025-05-17 17:52:33,c70bd4a6311b6872017eca2843fb457dea5ab2cf812126307f973f668714e61d,897134,99761.0,3190.0,0.031976,1,1,191
2025-05-17 17:52:33,ba5b9862b5823f11ca9db88e617269291d9da2dee926df1e6d81a4a69bece51d,897134,148631.0,5162.0,0.03473,2,1,340
2025-05-17 17:52:33,f483e037f07ca88e36b4947ef8333f434f2805bae00018e9a1e9b56ebe9b071d,897134,52126.0,4089.0,0.078445,1,2,222
2025-05-17 17:52:33,f3bebe77a3028483dac31b240168c33ae37d4fb18a020ea32bb29edbfc0da91c,897134,1287389.0,8120.0,0.006307,3,2,523
2025-05-17 17:52:33,ff36ff8388c143413ed6e5191d119ea7f43dcba9fc395ef5985c28b513274a1c,897134,965736.0,3190.0,0.003303,1,1,191
2025-05-17 17:52:33,c3dec0a870f7d138f67bb5fd0f2d3f7c8f7af73540a19f752f6a76467f99cc1b,897134,411199.0,3277.0,0.007969,1,1,194
2025-05-17 17:52:33,c207b6d71c34556a1a4f0958bbe1dc8f82c7282d81bf9acdcfe1820bb497b81b,897134,40447.0,3277.0,0.08102,1,1,195
2025-05-17 17:52:33,ae1bea9a230d75c25d12206bfa38aadee3b20ef904704fb4aaf112bf110c071a,897134,1795911.0,4089.0,0.002277,1,2,223
2025-05-17 17:52:33,24ea7b5e5fa1155893fe0e9862a8046e7f059b591f755d1d82407c933389cb19,897134,882689.0,4089.0,0.004632,1,2,222
2025-05-17 17:52:33,1de9e32651518ad84f620c6d186be51331e38adb6e258a9dbc22455d3da69e19,897134,284646.0,4089.0,0.014365,1,2,222
2025-05-17 17:52:33,e683404dbd3ca8c70370689edb79a6cf3539eb4f1851ce8fc306df315a512119,897134,5519776.0,4089.0,0.000741,1,2,222
2025-05-17 17:52:33,c548d4535df388afafa38cfd1ee68a322c78ae1b2a1b705add2d34ff6b484717,897134,20561.0,5162.0,0.251058,2,1,340
2025-05-17 17:52:33,8e559fc30ff8524af4bdfdeca26b751bc90842105705b61fd3869d0748eed816,897134,208230.0,3190.0,0.01532,1,1,191
2025-05-17 17:52:33,7a7c23c543c413cffc844e136acec0da7023646a48d67e2b15ff255f39cebc16,897134,132601.0,6061.0,0.045709,2,2,371
2025-05-17 17:52:33,dfbc4e03cc564c816f8af9703cfd926a9cffbab1f41b915cc72faecadb416116,897134,31723.0,3277.0,0.1033,1,1,195
2025-05-17 17:52:33,02430f2ade483f755da9554bbf6dfd168fc3fb9fdfa2498e1bc43f18b32c5416,897134,19002.0,3190.0,0.167877,1,1,191
2025-05-17 17:52:33,30b6b59ba2ff841abc1c8c345495a543e9d2328a703ffe20245607e2d0882a15,897134,231443.0,4089.0,0.017667,1,2,223
2025-05-17 17:52:33,0410a801536967fa5e529e0695386d856704fad8c48478b2a3b53a44098c0215,897134,168968.0,4089.0,0.0242,1,2,223
2025-05-17 17:52:33,52d8243117ff11edc98a71b4dde8cb45a85e0e737161738180cabb55d7bce914,897134,63038.0,4176.0,0.066246,1,2,226
2025-05-17 17:52:33,d1519dff87310767635cde41fb97217160ef289180e0c73f5fb8b322729ae214,897134,11568.0,3190.0,0.275761,1,1,192
2025-05-17 17:52:33,70e2202ccad43389bf01bf7fe3068f81cae773acb96fc99984c543959515dd14,897134,172911.0,4089.0,0.023648,1,2,222
2025-05-17 17:52:33,ca0e4c99e8ae2e7bee4a97e3f020758a0c66a0f24d26340bd520916956ec3a14,897134,89778.0,3277.0,0.036501,1,1,195
2025-05-17 17:52:33,87ef87013c9ea23e34ecc655b0f8b9eb77e16c55d0d812767cc9469e8ea4bc12,897134,1288501.0,4089.0,0.003173,1,2,223
2025-05-17 17:52:33,4c7756effbda996524d7bd9680fb6310adaf4fffc6319ce98914cfa3692dae12,897134,457954.0,3190.0,0.006966,1,1,191
2025-05-17 17:52:33,c313fdc2f05f9dbbe373e472a92401d60b8feeea4ef1132f447f0963f7c6c60f,897134,67812.0,4089.0,0.060299,1,2,222
2025-05-17 17:52:33,8b3eb572fdd83643903bab8b9149121626e7c357c64c37718a6749eedbf3860f,897134,134633.0,3277.0,0.02434,1,1,194
2025-05-17 17:52:33,ce362ba9f89599d26fd13508ba78f8290e7ad261908e2495440499c91caf5f0e,897134,1823548.0,3277.0,0.001797,1,1,194
2025-05-17 17:52:33,dcf46f9c4c7cb996d94bf73d87652435e45683bf2822eb1ae00ed2f32da7460e,897134,92890.0,4089.0,0.04402,1,2,223
2025-05-17 17:52:33,ea46fd728aa4564594ec2f3f73fa3ec8e395b938be10107401edeba038ad0e0b,897134,318903.0,5162.0,0.016187,2,1,341
2025-05-17 17:52:33,e382d16ee30325e02fd30c3c4a860a79f7b254f34d8613bea7db23080a84010b,897134,3704537.0,4089.0,0.001104,1,2,223
2025-05-17 17:52:33,1e3da15b08d4e522e0f44d0f711df0bc16f9ebd00a598cb5a5e8a5d29853b80a,897134,379674.0,4176.0,0.010999,1,2,226
2025-05-17 17:52:33,a5dc7554501d2d04beb770ade397577eb9c1fe065e445a1a1c34c5a7574b0b0a,897134,222723.0,3277.0,0.014713,1,1,195
2025-05-17 17:52:33,b3eefbeedd4b3dfc6bef76230ca166e6773f049fe1ba4592a3e9c5ba73efb309,897134,2491875.0,4089.0,0.001641,1,2,223
2025-05-17 17:52:33,27a09d26cbc7f606b39cc0f327698cf6e84fd84fa3e88708fe83bd611e989909,897134,427299.0,3277.0,0.007669,1,1,194
2025-05-13 04:23:38,0b4c6aff658263150f9c90bc49fcd4cf9e7fb02c75f91528329fb66e82df695f,896497,814977.0,201.0,0.000247,2,2,301
2025-05-13 04:23:38,677b2ae782b6707961cd4b0ace496a72b6aea53cd4ee54bf8345be0f7557d65e,896497,15445.0,212.0,0.013726,2,2,312
2025-05-13 04:23:38,f97c7e2f33faa875995d37c05e14492598e3984efbea7f14a07ad0b17811b6e8,896497,15657.0,212.0,0.01354,2,2,312
2025-05-13 04:23:38,d1125797fd5b78f965c6dbc0d186eba72d458de39614c5bfae5059b5f42d7191,896497,15869.0,212.0,0.013359,2,2,312
2025-05-13 04:23:38,86bd564e6f47bc4ae6f50a9fd275f6f00ce404186b67072fcf78f5f01ee7c9e6,896497,16081.0,212.0,0.013183,2,2,312
2025-05-13 04:23:38,b87c532d545603b6c5f48f238aa5e3eab0744d139fa2871bb255f771a027bb5e,896497,201181.0,153.0,0.000761,1,2,234
2025-05-13 04:23:38,100d7b24da86067692fd9b84f85bbf2578b8e1275af45015ecbcab499fb19f5e,896497,330.0,152.0,0.460606,1,1,323
2025-05-13 04:23:38,2cabe919214014e518b3ec2ddf8a06a67fa9885cf1cf2488b91a322e9c7e2b5e,896497,1986.0,214.0,0.107754,3,1,364
2025-05-13 04:23:38,69f9a2441383bb4b705ad5328938f7d57b7193ee36adc2163802d623cb852d5d,896497,581816.0,154.0,0.000265,1,2,205
2025-05-13 04:23:38,fade602c484ac8f3f0c0f0ebe1a376a93519e9225710d4faafaf5e6b1a22615c,896497,903145.0,122.0,0.000135,1,1,204
2025-05-13 04:23:38,d6a64d176fc813f2accc90456a50f6df82ecf14f8e0ea8ca864f5a0fa1fb1e5c,896497,1376.0,154.0,0.111919,1,2,205
2025-05-13 04:23:38,59900b71ba103e0ba1ce7a5434cd21e94a26c0a6f979e6a52812f3b56c93185c,896497,564893.0,169.0,0.000299,2,1,269
2025-05-13 04:23:38,bbafbb243d7429f60b673855a16e308f0e85d261aec853db01acea5dce19b95b,896497,48778.0,113.0,0.002317,1,1,194
2025-05-13 04:23:38,e27cf7b23b0cc352a9c82f141ccc02b36ed5ccc47b74f31aaf8171507353a15b,896497,37837.0,218.0,0.005762,1,2,387
2025-05-13 04:23:38,ff3e4e439f26aac539930457f32cd043af74ba84121e540b94d15db415741a5b,896497,384928.0,188.0,0.000488,2,2,288
2025-05-13 04:23:38,9680254c498375e4ab1a92e9f891210866447f5637e415c629a273638920065b,896497,330.0,152.0,0.460606,1,1,323
2025-05-13 04:23:38,840c92b44fc6c8ce4d5804cee4c679bbdc1efa5484103c672e83da74b884c35a,896497,31525.0,169.0,0.005361,2,1,269
2025-05-13 04:23:38,08e5ee0e92b7aa9e6b7f88e05cc77da1c779810af5b81f4b1a3ebe227e23bd5a,896497,546.0,152.0,0.278388,1,1,324
2025-05-13 04:23:38,5255b3d126963ce8bc76e140f558def1ea7589f9fd0f4aec0f4e19c44f45ca7c,896497,22692.0,154.0,0.006787,1,2,205
2025-05-13 04:23:38,226273af407885124f33d9fe207db06a0847a03ae3314dff13296b693f6d105a,896497,263497.0,151.0,0.000573,1,2,202
2025-05-13 04:23:38,46430b5153ae074334dbaa767b87872ea73f27ed3356731e0f60ce9e27d5c1cf,896497,263648.0,151.0,0.000573,1,2,202
2025-05-13 04:23:38,11028a96ffca3617104ff894e2db13299e008a2458d81b1abc1e224e62de71dd,896497,263799.0,151.0,0.000572,1,2,202
2025-05-13 04:23:38,ddd82a772ba3815bd19d009f8c9a6620ea0ca7d2dcd0bf1fc8abb84fab529ecf,896497,263950.0,151.0,0.000572,1,2,202
2025-05-13 04:23:38,e8d337bcdd3a90c1eafd32e0f72478a8d09614acbe62532a090a3c46d5cf9ee8,896497,264101.0,151.0,0.000572,1,2,202
2025-05-13 04:23:38,f01b7f1b383988cba828386570ef0828bf74f2af91baadc017a35265fb00dc59,896497,330.0,152.0,0.460606,1,1,324
2025-05-13 04:23:38,92c920becf39c7ab24191b1ea77e590201dd7ce01061fc17c0f39a87dec18459,896497,125648.0,221.0,0.001759,2,2,383
2025-05-13 04:23:38,1acb46700efe8f7eeead36552a7cedd7d5961879da7a9574340632acd3a8cf58,896497,330.0,151.0,0.457576,1,1,320
2025-05-13 04:23:38,00e9719037c5ffab7d030a18ad02c48634d83cd34b1d9fdfa96fc9c976f62258,896497,982644533.0,165.0,0.0,1,2,247
2025-05-13 04:23:38,15037b5804799be1a65ad2bda061fd1d067333f25486e7492db5412791201258,896497,901.0,99.0,0.109878,1,1,150
2025-05-13 04:23:38,9bba3e4c8d7dc036d627a08dbe24cbbb51f679d9027f1a444b72df78afb30e58,896497,244688.0,154.0,0.000629,1,2,205
2025-05-13 04:23:38,28a5e80ac851dcdcce41bbb1f62132ee49c2ab1cdc96539881f22f2f390b0658,896497,93093.0,203.0,0.002181,1,4,284
2025-05-13 04:23:38,7c3d21f256854a2a8d9af3285b6953accd87e107e78c95cf32cc57f455bd0258,896497,9808.0,272.0,0.027732,4,1,471
2025-05-13 04:23:38,545398ea526ddf39407a5e09df9de25851cadd750921b9321e9f2d7cd3e53b57,896497,6705901.0,269.0,4e-05,3,2,419
2025-05-13 04:23:38,8d11519c9d442d3aa53a17846673353a1ead1494b534394a56b9c9dc05a62b57,896497,9331.0,110.0,0.011789,1,1,192
2025-05-13 04:23:38,e8213b49f05ff946b25272999d2bb60b2a1069d9bb039b21082461d589b3f256,896497,51752.0,154.0,0.002976,1,2,205
2025-05-13 04:23:38,d175622174e82bafa612ea93115bc7a0202339d09edff5b718089e44dd0fe756,896497,330.0,154.0,0.466667,1,1,331
2025-05-13 04:23:38,cd0ede6b83a5364f93fbc91af9aa2a55cff6a6db29c02b1f2ac316ca3e44e656,896497,41997.0,169.0,0.004024,2,1,269
2025-05-13 04:23:38,32ab035d1be3e07574916c66cd46283729cbb8cf9f4265ae0d42a3eb18bae356,896497,242589006.0,229.0,1e-06,1,4,310
2025-05-13 04:23:38,7fcfc017ce977f301dc82fea3b25ad327d80a60bcf17b3e27f08a69fe6b4f0c7,896497,242789557.0,198.0,1e-06,1,3,279
2025-05-13 04:23:38,2cd68a609e931a584b7aa4298185ee939458b52bf5d0c609d924d1f13bcfb856,896497,194665.0,154.0,0.000791,1,2,205
2025-05-13 04:23:38,74d3db77912fc609b733aa49722a2b21fd44745757f71d5435ae90e82bba7456,896497,546.0,152.0,0.278388,1,1,323
2025-05-13 04:23:38,6bb4e6db7a1eaaee0e0feeaeb7f85ca10ff5f291056d82e5d658708209cea65a,896497,29704.0,154.0,0.005184,1,2,205
2025-05-13 04:23:38,8c752c8d5969dfcdcb8d75040f19e1afdbace6c45d549cafec5cb0dd2c293c56,896497,2040691.0,142.0,7e-05,1,2,223
2025-05-13 04:23:38,931e75f2bb0df4cc7171a9bd48fa67a0838eb5e88778bcc6f059e8ee870a0856,896497,546.0,152.0,0.278388,1,1,324
2025-05-13 04:23:38,565dc9fee90f74e87369f4e6b091279f3dbe39d75e25a387800e6fa5a6e57172,896497,98350.0,154.0,0.001566,1,2,205
2025-05-13 04:23:38,a91135853ae793276f99c9642f8c0e0e1bd408dc640663e3bd93df9da6248555,896497,552398.0,169.0,0.000306,2,1,269
2025-05-13 04:23:38,14663313322eb41d61c6b7ef74d6c9c95bd63fe4619b15df5ca745fefd446455,896497,330.0,152.0,0.460606,1,1,323
2025-05-13 04:23:38,40edd59e37ca8c04aac6ea3a7ffeca792dcc103586e3156dcb689e7e742d4355,896497,183363.0,225.0,0.001227,2,1,387
2025-05-13 04:23:38,c43e1d6aa1a63a2841fdaa95922b346df5a11da65463c62be4459d4e9217f454,896497,8372504.0,99.0,1.2e-05,1,1,150
2025-05-13 04:23:38,48af3377d6c51aba75db340ac1887364c5ce4a72f2a540708d6cfc6ed281ab54,896497,12647.0,99.0,0.007828,1,1,150
2025-05-13 04:23:38,669818269ceca8f0dbb66b0433d893b0241a99a34db472b106cbeac869239254,896497,5413949.0,166.0,3.1e-05,1,2,247
2025-05-13 04:23:38,1b185eafff924c979fd54463f7f236cedc76cb5e7eb1e1c5ec7a591a65272454,896497,905461.0,122.0,0.000135,1,1,204
2025-05-13 04:23:38,33a2eeff6661bf8603147097a0ec4f8eff88a34037631256c6638ce4963b1254,896497,147973.0,319.0,0.002156,2,5,419
2025-05-13 04:23:38,30e12eda21578dad19b516a3be8d5155f48fdeb2a962453a0515e8a3f712ec53,896497,241884.0,154.0,0.000637,1,2,205
2025-05-13 04:23:38,9be59ae7593eb267a010989ec21e68bb25b15bbe23c2d2879f6baa16ef68e953,896497,3083204.0,141.0,4.6e-05,1,2,223
2025-05-13 04:23:38,74a0ac5eac9b741d12ba5a839df623f68334dd87120e9b3f4746bb6d7c5be753,896497,2010.0,154.0,0.076617,1,2,205
2025-05-13 04:23:38,243a097da95cc78bf8ba4c548999e6baf9964f6858b8f0587cf04f1b0356c553,896497,3131138.0,180.0,5.7e-05,2,1,342
2025-05-13 04:23:38,3d8d707337fdf805fdaf3ff0e950e0add14095a450ae7ae100289723c8041753,896497,546.0,153.0,0.28022,1,1,329
2025-05-13 04:23:38,ad801a42b9816d3eb454eac0146291aab825c5a9658e557f9978d419b6c764c5,896497,30937.0,154.0,0.004978,1,2,205
2025-05-13 04:23:38,5c524b5b42d87c2743a904ac23d36f57d05eb98d48282f9ffd56b9494d05ad52,896497,555527.0,169.0,0.000304,2,1,269
2025-05-13 04:23:38,9bafa4f1487a78600fd4630b67ab83f8f0136ac5fcf5cb50a7821bb599ed2d52,896497,5002310.0,110.0,2.2e-05,1,1,191
2025-05-13 04:23:38,705fd049a7d877f701ace9395fc1f384dc216a6a90058763ae29b88c0e14f151,896497,72206579.0,144.0,2e-06,1,2,225
2025-05-13 04:23:38,15253e1050e4ec1409e2ad35ff8d9640a37bde5bc7ce167290c078288818d6b9,896497,72378680.0,141.0,2e-06,1,2,222
2025-05-13 04:23:38,0bb7ca6ade26e4286081845a9ec2c5e6ad19ea647b0bdf02a67890d6c4c2c451,896497,1127711.0,153.0,0.000136,1,2,234
2025-05-13 04:23:38,8f16bfccf7057f825270ae4527a471d606552ff79ffd23de7bbae41c4cb5c051,896497,1125635.0,141.0,0.000125,1,2,223
2025-05-13 04:23:38,508c1eea4c2a241194d239398f27b6570203548d72f7a1cd8cbf3ae683bf8051,896497,312396.0,381.0,0.00122,5,1,785
2025-05-13 04:23:38,5d18ba0f3cf4921e3825cf89c04762eb221a0bd9bd26dc76981646c26c6f6751,896497,5907349.0,110.0,1.9e-05,1,1,191
2025-05-13 04:23:38,a898bd4dc522de0bab21f7d0ea5ea7cd093e7e6744e86968c722e9fd953fea50,896497,48432.0,142.0,0.002932,1,2,193
2025-05-13 04:23:38,853c0e61f3ba2edffc42ce8f146f127ecbfb475a242a11eb8f126a275accbc50,896497,566398.0,169.0,0.000298,2,1,269
2025-05-13 04:23:38,b23e8bd5e6775d8e6d0c737b778caaa9f4ef9171f05b993831a03c3d90905750,896497,10184.0,444.0,0.043598,7,1,792
2025-05-13 04:23:38,75dce58bb2041cddef289455a43154f00f573feb8b3411a38efa3785a5c61d50,896497,116836.0,194.0,0.00166,1,3,245
2025-05-13 04:23:38,6b4d9221159835a92d9506d6d2ccc7d4bd6ab820f4e4269019666a23fa16b6db,896497,117030.0,151.0,0.00129,1,2,202
2025-05-13 04:23:38,fee9070d029ad8ecb0699d41d2f630a2ecc1d77ab24d486630676a8a71141850,896497,14992.0,154.0,0.010272,1,2,205
2025-05-13 04:23:38,276b9feb412cefc64e0af5d9b05116d4d88ff47277051ea4741f8664076bf64f,896497,1346846.0,154.0,0.000114,1,2,205
2025-05-13 04:23:38,2d5abd0b40532b8b5f39362892aec2049ad1254d7e801b154267376e85e3c94f,896497,546.0,152.0,0.278388,1,1,323
2025-05-13 04:23:38,8a73899be6589519a519e879d1611f7095b7136bf669d13ad3e2b9cbac95d46c,896497,126916.0,154.0,0.001213,1,2,205
2025-05-13 04:23:38,e875505cd57196de3e26e21d062687afed65e6cedb8ea04dba2ea70897a1c94f,896497,546.0,152.0,0.278388,1,1,324
2025-05-13 04:23:38,311639bf4b3a0eba27c7cac3407021702ec97a3d729e9de39468136a4b39bc4f,896497,546.0,153.0,0.28022,1,1,330
2025-05-13 04:23:38,85ec80f685d10215e93ab0fddeec440f4522d878aa67592a6401dedeaf8a9d4f,896497,511064.0,169.0,0.000331,2,1,269
2025-05-13 04:23:38,497a8809e567f12ff30fb003f738758a3fb5b0d005480f61504f27b79cbc944f,896497,22370388.0,145.0,6e-06,1,1,227
2025-05-13 04:23:38,17c3c4396095471516291139f40e6da2239ae3842f6738af9855c505fae96e4f,896497,546535.0,145.0,0.000265,1,2,196
2025-05-13 04:23:38,86aa9e37e14b6e97b06361c27f521d32b4e8ad81245ac9c8519251148a706b4f,896497,264252.0,151.0,0.000571,1,2,202
2025-05-13 04:23:38,18128b38890ca9b00ab0076b099f9bc32f2f506ae374ecfb9bb25289f72a664f,896497,901.0,99.0,0.109878,1,1,150
2025-05-13 04:23:38,555e2e21edb25c2462e3ca6a35d75bd5ac64fa09d9f24a5c52ea5b7454ac544f,896497,7125.0,154.0,0.021614,1,2,205
2025-05-13 04:23:38,5d3c625409db6700326959d1f33b1fa8951c1a56e754dd8915db3d7840101e4f,896497,2626151.0,141.0,5.4e-05,1,2,223
2025-05-13 04:23:38,0ad8df6856d9e975a08c471e0aef6b175b3f7b36a6b22c3a8858cc5617b1e04e,896497,1719858.0,142.0,8.3e-05,1,2,193
2025-05-13 04:23:38,ea19141276c9187b5a8bfac3ec7f995e9b8fc641639a2451cb289d31464fd84e,896497,22993.0,154.0,0.006698,1,2,205
2025-05-13 04:23:38,f461fb8d17fd74d4ec41dbd39ba79c1fed065942eaa768baa82c80eb0b1c824e,896497,1843.0,157.0,0.085187,2,1,257
2025-05-13 04:23:38,afa2e7729629a3915e3ac46649fb69c445a18ddb7810ccf6b1ba66c42356714e,896497,5267411.0,212.0,4e-05,2,2,312
2025-05-13 04:23:38,e1b0fc5bbbed467036dc3feed5c2529039f3c5f70036639904ea589ce67a634e,896497,103226.0,677.0,0.006558,11,1,1223
2025-05-13 04:23:38,d99e67aeba3a9a8b0874d4dd10ae5b1ebaef533b6c0cfde78a084bb22ce4fa4d,896497,1139176.0,158.0,0.000139,2,1,258
2025-05-13 04:23:38,d39205b2343b990f49a5842caf57c026743bb4d2946be37617d031924ac5eb4d,896497,1293501.0,209.0,0.000162,2,2,371
2025-05-13 04:23:38,849726c4e87836b7b988c8d3fccdcce2826e6e57d37f15a27aadc4c1ccc6de4d,896497,167367.0,225.0,0.001344,2,1,387
2025-05-13 04:23:38,fb561214817746a8ec5a3398944487e6c61b5d59510bc77816cb94ad7e065a4d,896497,546.0,154.0,0.282051,1,1,331
2025-05-13 04:23:38,2b374725c54d610769bde7685bd3c421eb0f8040d3db711713f6ee05a3dc0c4d,896497,7146.0,154.0,0.021551,1,2,205
2025-05-13 04:23:38,cb420b96fca601596ca3bdde147814a8dbe875d810e6656e10e01500ec41aa4c,896497,330.0,151.0,0.457576,1,1,320
2025-05-13 04:23:38,2d0436835bcbabd04d9aa6b8bf7479ba827c8f3ad7bcaa19d1f1b7f0df5d534c,896497,218515265.0,172.0,1e-06,1,3,254
2025-05-13 04:23:38,9db3f2d97e1131649acec3cf63715f14df4a624c8e5053f5b0d2406ceef7ea4b,896497,158213367.0,269.0,2e-06,1,6,350
2025-05-13 04:23:38,f321bbf36b391c1a20db14f1e7cab23f6b78d0008b6fdc7e488a96c915c5e94b,896497,117181.0,151.0,0.001289,1,2,202
2025-05-13 04:23:38,7ec372727aad724832c4b9b4b37cce44b3cfe8687b7b36ea1e099449e9f8df4b,896497,546.0,152.0,0.278388,1,1,326
2025-05-11 22:30:28,297e6780f3c3684a217049135794836b496f46c626ada85226bb794c54ca49a0,896320,38077.0,217.0,0.005699,1,3,298
2025-05-11 22:30:28,2a4bd9c5b9eb9e0cabfd7833762c5ef6e0be0e03c88e528089e495be1c9c459e,896320,4964730.0,142.0,2.9e-05,1,2,223
2025-05-11 22:30:28,f4a49c8652afecc2829145ee9668097f93ebcaa3f3369d005dd9f1cc553b069d,896320,39703.0,217.0,0.005466,1,3,298
2025-05-11 22:30:28,ba6a71b71735a9c5576867b015c2c829e609edb4d7f56dd9a6321a383aac019d,896320,43317.0,99.0,0.002285,1,1,150
2025-05-11 22:30:28,8d9314b6d591cff48f6001a07acc55d1c0fe5630addbca811f03564041187e9c,896320,31827.0,217.0,0.006818,1,3,298
2025-05-11 22:30:28,4c40c025a81cbcf0e6c5f9d788c7705fc03e16d80c349122ddf2d449889c6f9c,896320,11021.0,217.0,0.01969,1,3,298
2025-05-11 22:30:28,860805b76e24fbb676ca46b78f2864a01efb8ce2137b40ada7f152f76c5e9f9b,896320,39703.0,217.0,0.005466,1,3,298
2025-05-11 22:30:28,5cd5ba59d2de6ce75b6ad8104330a17c4d9af691f5c7a37aa827a3e76ac7759b,896320,34590.0,217.0,0.006273,1,3,298
2025-05-11 22:30:28,d00beaf2c6ecc69ecec49e20a46318da65fab23b8b996cbcf53ab2648717719b,896320,409622.0,210.0,0.000513,2,2,373
2025-05-11 22:30:28,5d14e5abbcff837a3cb10a997ba365093908d8f81ed0c63b835903428aef3c9b,896320,36763.0,217.0,0.005903,1,3,298
2025-05-11 22:30:28,f9d4eaff6850c10c20df12ebf4f199ff45c9a42a151390042bf9f4bade42279b,896320,18172.0,217.0,0.011941,1,3,298
2025-05-11 22:30:28,8cf1b974b3e5fedc675d190b03e1c0e3e14dcc8cc6279f5bc4a29a0c6d21c09a,896320,30846.0,217.0,0.007035,1,3,298
2025-05-11 22:30:28,f24105f527bc8d29725f8c6e507e8616666e70748e17792cdbc72fbe743caf9a,896320,244556192.0,172.0,1e-06,1,3,253
2025-05-11 22:30:28,49aecdae08f7eac7e6042d1ce5f3708d94a5355dc1f1522043a3457cf9b2939a,896320,18486475.0,141.0,8e-06,1,2,222
2025-05-11 22:30:28,a816b8dacb3b961abc8940bbbd0343e3280ca02595fa3877b1e7062fc90d169a,896320,22254.0,217.0,0.009751,1,3,298
2025-05-11 22:30:28,44a9840eb56ed3ab86112a7a7355110009a3da6497bab801cb6d2d0391e2fa98,896320,6568943.0,209.0,3.2e-05,2,2,371
2025-05-11 22:30:28,cbe7acf10834ea32e40c967eaf1a2f1f4859518138190f786c64c2c6c4747f98,896320,981977.0,164.0,0.000167,1,2,245
2025-05-11 22:30:28,92b30f115a9c701da01b5020b88b7b4bc518fd9fa944f65b61c1885359b26d98,896320,34819.0,217.0,0.006232,1,3,298
2025-05-11 22:30:28,e8939860cf49163cb564e9cd45c211d3a2b79c0189228d11c793b72c085b2e98,896320,43332.0,277.0,0.006393,3,2,520
2025-05-11 22:30:28,7c59d52dce637a96e8d1028f92d74a16094ed7215b712d2a0c23491d34c39c97,896320,28132.0,217.0,0.007714,1,3,298
2025-05-11 22:30:28,bbb448aa5f1f67a91e786f9f61fc8e775684c2d4f3d4d4d57aa3a5ad2dae4b97,896320,59428.0,217.0,0.003651,1,3,298
2025-05-11 22:30:28,96e583cb544cdecc5dbb59e60f8395c726c1783731da2a9c1fb8e9bcecd38996,896320,7767.0,217.0,0.027939,1,3,298
2025-05-11 22:30:28,7d9116ffe1eb600d3dec5032dd0f02dbaa361fd5afb40d2a4663f4ca69325e96,896320,36763.0,217.0,0.005903,1,3,298
2025-05-11 22:30:28,d80df358ee9dddd253efccf449076918867fc99159a2506703fb21f6328e0896,896320,269037.0,172.0,0.000639,1,1,337
2025-05-11 22:30:28,66e484e62ce3c1112d229fca217f85ed75cfa59af9aebcaea52a5923c2258193,896320,39168.0,205.0,0.005234,1,3,286
2025-05-11 22:30:28,33ab28a8441e909062ee4bedfdc39db3cc8aed82a14750c8435bbc7238827293,896320,31827.0,217.0,0.006818,1,3,298
2025-05-11 22:30:28,d78688274004414eabe31ab202f4a308ed4340a61d5981f164a9fc54b7724893,896320,1731840.0,145.0,8.4e-05,1,2,226
2025-05-11 22:30:28,6c3ca921c42b129dca07f977734b84f40730f7f79801ba5b39f7ed63620f2693,896320,31295.0,142.0,0.004537,1,2,193
2025-05-11 22:30:28,31c03dc2e3b941a60be45ec320738fbc4f25e6b880dface8360738a2aa3fd2c8,896320,191117.0,142.0,0.000743,1,2,193
2025-05-11 22:30:28,7d185b6c63567069696589c28587dab4a485c3291e307c3e7c47759216a58f92,896320,16848.0,217.0,0.01288,1,3,298
2025-05-11 22:30:28,e6b9a26e05e4714f48cc6a62dfeda8f1bb0db4d117b7d49529775b4dd55f6392,896320,3775.0,217.0,0.057483,1,3,298
2025-05-11 22:30:28,f0ba0954bcda478048014ec0b6505302be9d680e3e345312bd3cada0abd1ac91,896320,27258.0,217.0,0.007961,1,3,298
2025-05-11 22:30:28,c78791f73d848c8c6284f6da4dd00c35eede63e024eb323ff574ebd32c8e9191,896320,8836590.0,226.0,2.6e-05,1,2,226
2025-05-11 22:30:28,1285c4460f259d47946cbb5425b0b50c1a5ff24731b2093f5d1bc1683893df90,896320,93679.0,217.0,0.002316,1,3,298
2025-05-11 22:30:28,047391033840f468896b269f44b205447c8989a0d53588ea552d519b198e1190,896320,39703.0,217.0,0.005466,1,3,298
2025-05-11 22:30:28,1ed312b18e074fc4a277dcee502a27b2022958c08e600fb747c3f34cd7e89c8f,896320,37313.0,217.0,0.005816,1,3,298
2025-05-11 22:30:28,a32882ce4d0f7b85be12641207a79c16afc132725f9dbba109e34e8be283988f,896320,34590.0,217.0,0.006273,1,3,298
2025-05-11 22:30:28,9dfa2318cd45937b797c1a3a13e6ce5103e41c2a74270c7afb3285db9142568e,896320,33270.0,217.0,0.006522,1,3,298
2025-05-11 22:30:28,d904c94b51e103188054c5b0f7f1fe208fe72ea23a87a483876595dd6f51458c,896320,1801.0,110.0,0.061077,1,1,191
2025-05-11 22:30:28,c32df313fc939311aa525712374060e2d9be9e2f0b01be6adbf6d21b5db2d08a,896320,117998.0,217.0,0.001839,1,3,298
2025-05-11 22:30:28,9d0e853c4548fdb5c2f6deb97809be475ebd6a1e0274f7f106bcfbfbe2a2808a,896320,117986.0,217.0,0.001839,1,3,298
2025-05-11 22:30:28,c77aa5db1ea17d52c2817053e77833e92e99d97a9a57b79bb9f69d2ac4282f8a,896320,38077.0,217.0,0.005699,1,3,298
2025-05-11 22:30:28,3029154f928d36235e30dda9bf220df1a460373e696d7500f24a3d282f3dcc89,896320,36231.0,217.0,0.005989,1,3,298
2025-05-11 22:30:28,a22035b6db38c42c9ca2e49990e0a7324d45ac1c05c9963ceaac6a772b4e4589,896320,165201.0,142.0,0.00086,1,2,193
2025-05-11 22:30:28,681c49af9ef728c8e0a855bdf1315cf6b752f142025d44d9ecf79fadf2e77e88,896320,38077.0,217.0,0.005699,1,3,298
2025-05-11 22:30:28,c12d16fc61a949ce04c155f19bd9f3c2fa35eb16e1725158fd976c783a579e87,896320,61368.0,217.0,0.003536,1,3,298
2025-05-11 22:30:28,2de0a3f95473e31f2cf6c80ef8455b7ca4cac9326f732e5b43aa159dd8dd6487,896320,39703.0,217.0,0.005466,1,3,298
2025-05-11 22:30:28,a02532882401d042d8b25ecfecab6e7a0f1064af281de46788a5e9702dbb8d86,896320,28339.0,217.0,0.007657,1,3,298
2025-05-11 22:30:28,7171454d4f990e8fb8008e8ce49586583284edbfe4c79fa6bdf12d8c8cce9185,896320,12002.0,217.0,0.01808,1,3,298
2025-05-11 22:30:28,6212ac0812d5ce78cfd93c93a783084fd1e166644312f6d726752f65c8162984,896320,22376.0,217.0,0.009698,1,3,298
2025-05-11 22:30:28,487f181640d66f80529ab587dae98a8f96c49b3b98ce638b2acee7eaa6dcca83,896320,39703.0,217.0,0.005466,1,3,298
2025-05-11 22:30:28,9b90aa4702ea1cc8d06b26a694de50babf25e85bb83f7e5754563d9ce161ca83,896320,37310.0,217.0,0.005816,1,3,298
2025-05-11 22:30:28,0fec74e7aec947aca044888ace8fdb2bb4d867fe9db92fc9e594f1b5bfb2af83,896320,35137.0,217.0,0.006176,1,3,298
2025-05-11 22:30:28,05ae217043b73b77bfcdb298cb462b03f23ddea43818db997eb935c11422ab83,896320,27463.0,217.0,0.007902,1,3,298
2025-05-11 22:30:28,e1962e2b12a404f09bcd7bc68b1a531890dc33d521276f6025c24f2440f55183,896320,30841.0,217.0,0.007036,1,3,298
2025-05-11 22:30:28,5181ccb8c9064331b22b11cb7bd62e4b7c8f48333e3b317cc3915687bd8f0183,896320,117757.0,217.0,0.001843,1,3,298
2025-05-11 22:30:28,d43093eab37cdcde6f4c4dc17ebd0be1861d6b8c80e5ee636ab5787954acfa82,896320,28133.0,217.0,0.007713,1,3,298
2025-05-11 22:30:28,e705107aa19109ea0d01a208055ae73e4cced5e56a51f88e36d95c8e532de181,896320,28131.0,217.0,0.007714,1,3,298
2025-05-11 22:30:28,d40691f5d27d4abfa4220268d31bbc92c4b3c01f0b2b31f1dc833a8a1017b481,896320,36445.0,217.0,0.005954,1,3,298
2025-05-11 22:30:28,cbf589af62a7207fe73b22d873363ab8611e172c57a7db23664d2fd82408aa81,896320,39703.0,217.0,0.005466,1,3,298
2025-05-11 22:30:28,15d46a5b006e3eecb7f9be473338e10fd1dee5db10ba0b3b8f2ca4dea1b67a81,896320,63792.0,205.0,0.003214,1,3,286
2025-05-11 22:30:28,6b3d55ad146080d1f5aee6e6dcb7da46b670461a2ea3e6702e9238ee66783e81,896320,18172.0,217.0,0.011941,1,3,298
2025-05-11 22:30:28,ab65947577955e6959932bead5af5c079f83574d1d12b65d38cbba030fc08d80,896320,1937240.0,164.0,8.5e-05,1,2,245
2025-05-11 22:30:28,5761a7d1c6b537823a211a6ccff26a1ffdc538426135d77bb548da6eb77dfb7f,896320,33481.0,217.0,0.006481,1,3,298
2025-05-11 22:30:28,0217f0b3d745634b6bbb5a2942ca4c0ff1fa6eee97a139016175f3ff2ff5b57f,896320,91604.0,217.0,0.002369,1,3,298
2025-05-11 22:30:28,0a8b65fdf69fb19863ec79a0c72a8c20f15c158891c882b0ba8bade1894a877f,896320,117745.0,217.0,0.001843,1,3,298
2025-05-11 22:30:28,e3905ee6ff0076cc7cdf0ca4124cefdc8773bff64a51d59432a91813b1ad207f,896320,17007.0,217.0,0.012759,1,3,298
2025-05-11 22:30:28,8c5d5505b4ecb6b733ab970447811fce336401127b5b3d6827f6b58af4339e7e,896320,63792.0,205.0,0.003214,1,3,286
2025-05-11 22:30:28,22b208a11b67b72f3618afe9ba2c2865a2e6bc88d7e1466993697c358e37737e,896320,32925.0,217.0,0.006591,1,3,298
2025-05-11 22:30:28,8e158b4ac549640cac79c6f18e12bbeb033829cd48559185929242fe4208067e,896320,39703.0,217.0,0.005466,1,3,298
2025-05-11 22:30:28,045fea86f79049a115e82fc58600be699ab1ccd9389f7c13d00e5184643b027e,896320,64556.0,205.0,0.003176,1,3,286
2025-05-11 22:30:28,d0d92c3c7294eceb8fb06e3812c8b962440236e9ee6efdb1ab84c0fb3aedd67d,896320,546.0,151.0,0.276557,1,1,322
2025-05-11 22:30:28,1a752bb4a55cb3ddb10c6ef624cd75e90ad3831fce984b936401a4d8710204dc,896320,106295.0,154.0,0.001449,1,2,205
2025-05-11 22:30:28,75053588b677586219fb56459ec474bf408a770628ec1e74f858bbb8d284cd7d,896320,32934.0,217.0,0.006589,1,3,298
2025-05-11 22:30:28,b4b4e9006a755603bb67658886773f7d0aeba0a4544ded83d4b8a9f59cdf757d,896320,31827.0,217.0,0.006818,1,3,298
2025-05-11 22:30:28,b9aa009b55a292d1df2796462686ea42c4ffebf6be851ae66130213ba86f487d,896320,78031.0,205.0,0.002627,1,3,286
2025-05-11 22:30:28,c1699e9f919569ff76bc042141915747a243aa864303a36bfe6d4a118106d87c,896320,39703.0,217.0,0.005466,1,3,298
2025-05-11 22:30:28,87384fb3bfcb893ce312586e9fd42466b242113c042cb6567f3acef3ad7c687c,896320,18649.0,217.0,0.011636,1,3,298
2025-05-11 22:30:28,ab4cd7cc92f9590452e58f9f3a798d35bac8035d3e371a8e7d618be3177c677a,896320,117986.0,217.0,0.001839,1,3,298
2025-05-11 22:30:28,03e4ef4b6c6822ae58e514d1cb7699758e0e19dfd7828187674e4a238e594e7a,896320,18971.0,217.0,0.011439,1,3,298
2025-05-11 22:30:28,c92e021e6b589bcd37c25b3450ed67afbbf66680704563c6ac0a584ede48467a,896320,63792.0,205.0,0.003214,1,3,286
2025-05-11 22:30:28,f5384afbaa1c609f89c96a7e3ce1cfbf93c7439272f3231d40cb9d0cd29bde79,896320,38077.0,217.0,0.005699,1,3,298
2025-05-11 22:30:28,9738ba8f7e2ce15bc4a467577c05733e8647577ad27c746001c406349fcfe877,896320,163691.0,202.0,0.001234,1,3,283
2025-05-11 22:30:28,ae509eb0a78f9cc0eba4f763e58970d109a069929f8de89c673f0d8db18abe77,896320,38636.0,205.0,0.005306,1,3,286
2025-05-11 22:30:28,d6b5d46f426e722af467dba849a6a7b47acaa4e3919d030108534ba78f808177,896320,36243.0,217.0,0.005987,1,3,298
2025-05-11 22:30:28,92124ee7ea3ac888df17df40025879ba4cdcd24b78fde753da5594f368034b77,896320,39168.0,205.0,0.005234,1,3,286
2025-05-11 22:30:28,2739101172f20b78e0167de313a492a3bc10e116c95fb99a4d8f40c7b3c92277,896320,27256.0,217.0,0.007962,1,3,298
2025-05-11 22:30:28,28ff3158ef7a9367ce0b6d998c7368b8f1c4231d61c904160cb7334c061cce76,896320,50797.0,217.0,0.004272,1,3,298
2025-05-11 22:30:28,c47983bb01572b4a12e892a51f4a2ee1a9f9e39d3485833d1996b2eeb5626776,896320,11550.0,217.0,0.018788,1,3,298
2025-05-11 22:30:28,a7e38448e01d6f80ecbdc96b1ae04b7afc07f2752bac7aedc886c6bb44df5d75,896320,333179.0,205.0,0.000615,1,3,286
2025-05-11 22:30:28,df5f77e21d1e35b9aeefcf7c2d5e9f62340e1a224bf4fe9feb9ffffa9a061d75,896320,168573.0,499.0,0.00296,4,6,699
2025-05-11 22:30:28,c28d859cd11bb0d08894d3fad3c0f09f7eb5164908e391e94f2524d392b61675,896320,78578.0,205.0,0.002609,1,3,286
2025-05-11 22:30:28,f2be2bf0594f29050fec1edafea25b82081cc2fe9c78820038a6a8fa6d3d3274,896320,57353.0,217.0,0.003784,1,3,298
2025-05-11 22:30:28,9e1ac6eb0b7d209e5d55584df83af7cfaa660d2c0ed09ff80e839bd6d8309f73,896320,44175.0,217.0,0.004912,1,3,298
2025-05-11 22:30:28,56afe56fc5448b1be99ef9a7539b38050534362d712ee9f682fb601364938d73,896320,55174.0,217.0,0.003933,1,3,298
2025-05-11 22:30:28,192da6ddcf88a33911f8785a997c8dbb6e1e8eaf9011048ed04d81edb7af4173,896320,35137.0,217.0,0.006176,1,3,298
2025-05-11 22:30:28,4255c568a9bf586f7774902a54ad186998d860f5817d059a67c0c72a580e3073,896320,4263812.0,141.0,3.3e-05,1,2,222
2025-05-11 22:30:28,7f117320136531f40b01a9ca40d0520bd57151e876de0b3ebc627afd3b310173,896320,9216.0,217.0,0.023546,1,3,298
2025-05-11 22:30:28,37c458f64d808788108104c31e42285a39114237709655263f60a01fdacad471,896320,36231.0,217.0,0.005989,1,3,298
2025-05-11 22:30:28,809ff08f133bf431f12b7058dc0ab2ccdcf9a3a1b03161abfe4d136f50f6ba70,896320,32591.0,217.0,0.006658,1,3,298
2025-05-12 21:57:42,448d05deaeaa9811ce31f21eb60e96b8f86f514e8ce403779151f25194fc92ba,896460,12420611.0,2000.0,0.000161,2,3,711
2025-05-12 21:57:42,e5c640ed4b7548ce49b8677feb5e2b7174a4e0c22aab901e30bc85cfa240767f,896460,17124.0,555.0,0.032411,1,2,194
2025-05-12 21:57:42,12cbcdd28701fff7a5a4a6a4f3ab7beff12ff9651b4e1aad6e8bffc0bac9ba37,896460,231560.0,834.0,0.003602,2,2,312
2025-05-12 21:57:42,6f4b9a5e18a44ac183a8446c9df284c416771c877ecdf0d5cb18b5d058522e03,896460,34301.0,840.0,0.024489,1,2,405
2025-05-12 21:57:42,56f78a23df3b65aecc4afdb9dc6f84e036b6acd64ce173847a1a814608ae79d0,896460,1261146.0,4244.0,0.003365,11,2,1721
2025-05-12 21:57:42,10a95d6bd0a25d12a1b2a42550ca042ab36ceb0fa6367ac19f18d145ed7b871a,896460,398560.0,440.0,0.001104,1,1,193
2025-05-12 21:57:42,62204b5db43ad881f28d6465c609404297d757d0c5056df06ff4644eea0b85cc,896460,650647.0,830.0,0.001276,2,2,371
2025-05-12 21:57:42,ef822d3daed1fe6643ef723550b0a0b8912d73b9f46d65a61eedd111df3c9854,896460,7692949.0,842.0,0.000109,2,2,375
2025-05-12 21:57:42,f5605072156941aa65b548287275f035f2ce3e32af6610431832413725fcf597,896460,10437.0,564.0,0.054039,1,2,224
2025-05-12 21:57:42,656c1f950315a1a139c2d67e5f386fd525fbe2282e996ff755f70666a1749c57,896460,87492.0,564.0,0.006446,1,2,223
2025-05-12 21:57:42,a5fb78cbc6f2c73aefe6316a55afd6090421debcaeea911a78a1eee7eda1f7e4,896460,2325863.0,437.0,0.000188,1,1,192
2025-05-12 21:57:42,88a58c0501ab7522290cfd5c26e58be5ec9f29b7fc2d2923dee5215d58931829,896460,43660.0,437.0,0.010009,1,1,191
2025-05-12 21:57:42,1fc78faa594c1596dad9d8cfd081978a31c0fc2f81fcb4f3706c15ccc91b7d22,896460,78116.0,437.0,0.005594,1,1,191
2025-05-12 21:57:42,2931ec2e4fd527300674e54215d22aee017eb1f1b7736790a00d884695a5d616,896460,63540.0,437.0,0.006878,1,1,191
2025-05-12 21:57:42,62d7e3ac6b182302c4f6d3ec9e74fd24d08974b75de2e56d1e2acb75247f2ae1,896460,132035.0,1014.0,0.00768,2,3,417
2025-05-12 21:57:42,f43d7269284565db88a0735f1adc81242d09e87c32cf942e66add72a65f871e8,896460,402385.0,561.0,0.001394,1,2,223
2025-05-12 21:57:42,6a92831422281ba7f93f120e31a925e6ac00babef3de86810c393701cacaefcf,896460,3579543.0,561.0,0.000157,1,2,223
2025-05-12 21:57:42,6a81c899f4e38a860faa2add88905ea81f924999e02cfe39dc911d1d369f62cf,896460,2536081.0,561.0,0.000221,1,2,222
2025-05-12 21:57:42,94e0757e8b7db154b9b6fff561c0b6d52676027906cc9f7681c1d8b3c98a1ab3,896460,5703299.0,561.0,9.8e-05,1,2,223
2025-05-12 21:57:42,12144601bb9c4f253b06679f38cdbcddfb97c78fad6fab7a4a8ea200eca058ab,896460,3710662.0,561.0,0.000151,1,2,223
2025-05-12 21:57:42,f7989c6bb6051914547622d100b49c9fb77a77be7f8e43b22903195844252d76,896460,166360.0,561.0,0.003372,1,2,223
2025-05-12 21:57:42,6ba9821ed82479d01a999f4b3744ecbd489a62e6743cfb19f2f9e1651099f471,896460,57671.0,561.0,0.009728,1,2,223
2025-05-12 21:57:42,5c773c4b5d73ec044f5c586d34400284d9b7dd39faa605844c7dda42295c7845,896460,1106524.0,561.0,0.000507,1,2,222
2025-05-12 21:57:42,172420361e9fc029c09aff8b9ff4ebe5c259dcc67662502f198eec6fe7a5622b,896460,63797.0,561.0,0.008794,1,2,222
2025-05-12 21:57:42,1c99a15ee365b6cf4ca2a558d323e1167f50743dddc619ae4adca5a59b147124,896460,1851236.0,561.0,0.000303,1,2,223
2025-05-12 21:57:42,cc54622909186ead6bd945487961d26ae7bd029bac1e6fb5979317ce96725f16,896460,152714.0,561.0,0.003674,1,2,223
2025-05-12 21:57:42,08edaf2b89327bb21c13438f35e6529f7c7750c0d4e0e4cc90c5dabc741e9361,896460,219026.0,565.0,0.00258,1,2,223
2025-05-12 21:57:42,5a1e6c6a6f21973422b2abe45828d6d248e31385154196d2359cb26f3af03e2c,896460,174070.0,565.0,0.003246,1,2,223
2025-05-12 21:57:42,04a1c175910b9e16a134fe56fd5b14afab2db5e209fd900d685506cea9af28ed,896460,32140.0,573.0,0.017828,1,2,225
2025-05-12 21:57:42,e51c9ffbb14a52738611ff2b640509ec9430e024c2e53f8becb3d5a581b33fb7,896460,246095.0,573.0,0.002328,1,2,225
2025-05-12 21:57:42,a990f611066191013dc714f641bc7cf5626e53c7d253db88c57be047f3c24673,896460,5695211.0,573.0,0.000101,1,2,225
2025-05-12 21:57:42,089af102f186a66c88b63e14e14d138fa6b827b4ed68ab44a6ad0b98fe758218,896460,341341.0,573.0,0.001679,1,2,226
2025-05-12 21:57:42,07ea61969297a4a624c506b686506cb38ce489e687d8ae56bd5b02c7c92e3d7b,896460,682279.0,577.0,0.000846,1,2,227
2025-05-12 21:57:42,9ae7c0d38ae7cb4ab8de7f8b0151963cf43530e907c8409b6a6c390e2c1185b9,896460,467012.0,653.0,0.001398,1,2,245
2025-05-12 21:57:42,3302dc44335e0eaa302a6d94b80db3ff61144e4908d80f03a3dcb7a28d2010ae,896460,195667.0,653.0,0.003337,1,2,245
2025-05-12 21:57:42,9ee25661f4e862e5928ee247c4a414188e8d06a86b19b526dbb5234420d69544,896460,46050.0,653.0,0.01418,1,2,246
2025-05-12 21:57:42,58451d53486f4ae0485a537fb2ab0ccb582299e189d4302b7f2c157908e2527e,896460,385890.0,450.0,0.001166,1,1,194
2025-05-12 21:57:42,c7951b5bb1684bc4bb5c959d52f9c5d37e006e2415811cd374c9003b64cd307a,896460,93226.0,562.0,0.006028,1,2,223
2025-05-12 21:57:42,6df73abe27c0af6faa8aa8c1cf43f1e06f3a29c1fc033d4ffb7d9b70d07aab26,896460,633321.0,562.0,0.000887,1,2,222
2025-05-12 21:57:42,5f0508f809dbdc2a0e3910e0522735b0ff48755eb7eac60e18b260e3f41b79f1,896460,55793.0,574.0,0.010288,1,2,225
2025-05-12 21:57:42,5230bab70288a2c5c04207ff0188cb3bf46d223bf07fe07b06cb78b9beaa7e20,896460,45295.0,830.0,0.018324,2,2,370
2025-05-12 21:57:42,b058caee9199baf0c71c9e28389dd862d1815a9c6abed9443af4f7d514f89d3f,896460,25478401.0,882.0,3.5e-05,2,2,383
2025-05-12 21:57:42,b59675e29b2b94a2976e9f858e1d0ce21b48588d4e34ab73ac6802b6a641ffbb,896460,1257736.0,1922.0,0.001528,6,2,967
2025-05-12 21:57:42,34255762e20d2f1d92df87ae92f7fea05fac7f4b2c27633f91cab35dfc96e8ff,896460,13702861.0,2708.0,0.000198,11,1,1223
2025-05-12 21:57:42,18822cd654180670d474a01e8c6c9c880ef17565128c6291d29ddaa0ef6d6dfd,896460,71044.0,2408.0,0.033894,2,11,734
2025-05-12 21:57:42,120385b1f1e286ee73850d017890367d08ec8881d70d98b4a42f9ccaece082e9,896460,973590.0,564.0,0.000579,1,2,223
2025-05-12 21:57:42,9b2f2ad277025ba4da8ef53d93952e7f8c05b8f89fdb28efd53c4cf9d20385e4,896460,431590.0,572.0,0.001325,1,2,194
2025-05-12 21:57:42,4156e1a21793720f097b3e4b461a63c06a2e667ed393937f0d10c30cfc5d8be2,896460,1069436.0,440.0,0.000411,1,1,192
2025-05-12 21:57:42,f93366c80626e13cfda0eafbf88b5f2fb99a7aa9cb30a21d524bb94ad91e0ce2,896460,124067822.0,960.0,8e-06,1,5,322
2025-05-12 21:57:42,1469bfd74ba559aa667e68f39f66ac2df55eba1f158ea83770216707ee61d0de,896460,30602.0,440.0,0.014378,1,1,191
2025-05-12 21:57:42,8a4ca5ecb7457d1f1dd4ec8c415d42f8433bc5d653a0b25c2b02b002a91018db,896460,28222.0,440.0,0.015591,1,1,191
2025-05-12 21:57:42,0b9895605fd78bd507a750b36cfcde11746dcec423bb455fc3246d61d5cf87d6,896460,2255.0,440.0,0.195122,1,1,191
2025-05-12 21:57:42,2d334c5718aab160221fefaea94d9ad9e6d4d14658fb9bef214719d15542b8d5,896460,475775.0,568.0,0.001194,1,2,223
2025-05-12 21:57:42,af3e2bd565f56f5a7b58f295793eb38f79f5206cb4f6f02dd88ceada2e881ed5,896460,59582428.0,1196.0,2e-05,1,7,380
2025-05-12 21:57:42,9f96c96baa5e7852769543db879b88b84aaeaedb94acca2edea0f3c703b787d4,896460,8560.0,440.0,0.051402,1,1,191
2025-05-12 21:57:42,dffe2591b236feba24a71d2534364caa616998c3d4c6cb36c6303b10c5f4b4d0,896460,22238284.0,576.0,2.6e-05,1,2,225
2025-05-12 21:57:42,26ddd8a2335b6b29564447c237f7f838759b6b5d7448b4943150c9253861bace,896460,4740.0,440.0,0.092827,1,1,191
2025-05-12 21:57:42,4ca20a607c3da3df99f0196aaaf3f2c1cbbe01efe1f5de193789a6a29db6eacd,896460,19135.0,440.0,0.022995,1,1,191
2025-05-12 21:57:42,b0cbb9bc0b8f80e6903a3b1f370bdfe30497ed9ace0c1e09f7ea485db1de6acc,896460,4204.0,440.0,0.104662,1,1,191
2025-05-12 21:57:42,17144ad9ed64eaf9dccf77443bd8060f4ad097c37cade7477fc9b54f3426f2c2,896460,64467.0,656.0,0.010176,1,2,245
2025-05-12 21:57:42,af324a94956792f9c8bb05c4c60efc2c93dcc252cfc82ce33e2162b131fdc5c2,896460,4041475.0,672.0,0.000166,1,2,250
2025-05-12 21:57:42,255b1d7d69af1c2b3173a96314917da7bb57e83ffda6c53f3e4b04158953febf,896460,152123.0,896.0,0.00589,1,2,224
2025-05-12 21:57:42,dc36acc9ad2c32e6248c74e940b50d1424d3c422463fac1e3ce3288bc44723b7,896460,26632.0,440.0,0.016521,1,1,191
2025-05-12 21:57:42,c1915a2027b9064ffe9b5bdaa2ccb2934c86ff1787920d6e1b30dacdba4799b6,896460,4775.0,440.0,0.092147,1,1,191
2025-05-12 21:57:42,fcae34c6d6bd2182b8f7f6a208ba97e03bc191530d1488bf5e8c8eea29f80cb6,896460,4282.0,900.0,0.210182,2,1,387
2025-05-12 21:57:42,1853fbc58d1492bc6dc1c1d5bf57627b7fd9ef78b0b6aa2294d39ebf74c7b3ad,896460,11149798.0,564.0,5.1e-05,1,2,222
2025-05-12 21:57:42,8e5dbc51f85edce8faa0f2d1a90a162e827e0fb3c1d531bb93a93b6aeced64ad,896460,1032088.0,576.0,0.000558,1,2,225
2025-05-12 21:57:42,e14e31b05e11ea51df59e60a4ad7a9ee5fcfb6694c5f4c88ef21812907dd27a3,896460,9670.0,440.0,0.045502,1,1,191
2025-05-12 21:57:42,13f2e819df553e2668b5b32884dcb0ead11543eed5b095e03cd05af9320c999d,896460,28560.0,440.0,0.015406,1,1,191
2025-05-12 21:57:42,91f7b24df15e97422313077b2482115a66af46b14e5339424651b9f8750e939b,896460,4212264.0,1036.0,0.000246,2,2,421
2025-05-12 21:57:42,914cdc318205f9a9982f363a5713bb6526623f1f4c9ecbcfb7592585a7680999,896460,11741.0,832.0,0.070863,2,2,370
2025-05-12 21:57:42,97fd1f41be11b047fef315e584e111045731f4b1c2380fb11f2f5112a18aac96,896460,53950699.0,564.0,1e-05,1,2,222
2025-05-12 21:57:42,c010eea444da7c557e2b99b33b56282dd2c0b4cd32bd6782273c7559e2607c95,896460,170546.0,452.0,0.00265,1,1,195
2025-05-12 21:57:42,ddfd581797b9c8038dd7e51d5b90905d22e5171d52f0b43aa078db3488c56b95,896460,844908.0,568.0,0.000672,1,2,224
2025-05-12 21:57:42,220ff4be27b1751d08baf699e8e8f22fdce197df2524f8fa1f76fb25cfa60a95,896460,23638.0,440.0,0.018614,1,1,191
2025-05-12 21:57:42,fb5db4ef9943df07a69b60007e3ee30d255ea62ba5af19babd655c712fdfd891,896460,13231364.0,564.0,4.3e-05,1,2,222
2025-05-12 21:57:42,1b442daa4db3860973f858836b0fe797075429f33eae64b3243b02ec29413391,896460,13868113.0,564.0,4.1e-05,1,2,222
2025-05-12 21:57:42,4705064c046f4e1819463792c19e16eea680570d2f3c411d1aa5ac24bca2e48e,896460,30421.0,440.0,0.014464,1,1,191
2025-05-12 21:57:42,d0afe0784476154f2c3052b913651ad888a329f29b717addd213114e6ac45286,896460,5653.0,440.0,0.077835,1,1,191
2025-05-12 21:57:42,cd40ca166cd017b8d69d0e356c85b631f610ef67430120e45fac68746c1f5a85,896460,3570.0,440.0,0.123249,1,1,191
2025-05-12 21:57:42,7e8872cfb92677f6a8269f923d13e70d653c41495baa5d1dc45a585bef438d82,896460,76305.0,660.0,0.008649,1,2,247
2025-05-12 21:57:42,fd6a313d39c9d42c51cb54e415b053a31c63a3f0425fa789c04886c79ffbf381,896460,10050.0,440.0,0.043781,1,1,191
2025-05-12 21:57:42,64df61c8b9bace6a1dcf2d5f04e67b5dc2af9dbea751e348d91af568f39aa27e,896460,4560.0,440.0,0.096491,1,1,191
2025-05-12 21:57:42,0f174fa38f741fe64d946103a594378ed941d708c3812c5dc9c28154fe37a77b,896460,19325.0,440.0,0.022768,1,1,191
2025-05-12 21:57:42,163eefa3d7ebbf8529f4780d67bf7a7839ef4a397042bd6305506e1f46915b78,896460,914065.0,1388.0,0.001518,3,2,590
2025-05-12 21:57:42,ff1eee60188a5c78d142b4961d02409ccfa55645ad99dc58066c07e13db92575,896460,31105.0,440.0,0.014146,1,1,191
2025-05-12 21:57:42,d15be5dc4499c0d061f6aba3f97fb86e2a428621470b20c057964a0112fbda71,896460,188341.0,564.0,0.002995,1,2,222
2025-05-12 21:57:42,53497a0c40d506855d70e315857743a5393b782fa5601424e09179c3f620446f,896460,9732.0,440.0,0.045212,1,1,191
2025-05-12 21:57:42,c5237c253ca215bbe18285f8984d22ecbb4210a7c85a1a58696c506beeb5346d,896460,20280.0,440.0,0.021696,1,1,191
2025-05-12 21:57:42,c642e69ea90cd17695c458bc56ac070fc67b709b337c5d926ee8b4cf2a4ba86a,896460,1118081.0,712.0,0.000637,2,1,341
2025-05-12 21:57:42,6caf1f7ca7b08aa932ded15f985f25064569a2e011676043892ba312a6dd8b5b,896460,1013627.0,892.0,0.00088,1,2,223
2025-05-12 21:57:42,c0644dd9eb76042ca6a600c95cd77d59f4d4bcdea1782a6f9dc5f0b35249e458,896460,2699.0,440.0,0.163023,1,1,191
2025-05-12 21:57:42,114c11ba4cc6b7abc2872cb1658b3256952c353044f9887246d9494625db5658,896460,29681.0,440.0,0.014824,1,1,191
2025-05-12 21:57:42,db49b16d4a282bec3af60cdc26a5fae669620290d7443182ddaa440a15f3c157,896460,98982.0,564.0,0.005698,1,2,222
2025-05-12 21:57:42,4a8ef9ac8e4db1333264076073d9c576be74829fc450e6232c5d72770c417f57,896460,105037.0,440.0,0.004189,1,1,191
2025-05-12 21:57:42,dd235e87deef2a32629366dc4d7ad01e6c5fab6dd08af1877a80f28c6db94855,896460,14080.0,1979.0,0.140554,2,2,300
2025-05-12 21:57:42,b9989be54bf87c8b0d1a09064636d6b4c43f3ef002349bf60f01044bb2ed6f52,896460,547910.0,241.0,0.00044,2,2,302
2025-05-12 21:57:42,7edeca00ead44d324b4de5e4b3cc36f9be27dc07869755a57d6a40d94170e3f5,896460,574736.0,264.0,0.000459,1,3,302
2025-05-12 21:57:42,e69c606d21d42cc5681ec899c3b17028064133395d95c07986b1335daa006454,896460,24560.0,440.0,0.017915,1,1,191
2025-05-12 21:57:42,9667b816fa5b1463552434f0d6e13fe3e6f819e88c58d8b4063d0090f0fbaf53,896460,19560.0,440.0,0.022495,1,1,191
2025-05-17 10:07:32,f2726e4984437aebacf17ff01eb92aae3c1efec9a31ad5db93361106f3f74123,897085,20788.0,452.0,0.021743,1,1,194
2025-05-17 10:07:32,746bb361825d247636fd710a5fd1e5380d141f3a6c09d1c7d6a6aeef09f71623,897085,52648556.0,568.0,1.1e-05,1,2,223
2025-05-17 10:07:32,68690f68fce76dea3f639eefe733607f28b3e9446f3ab7e17e758c2002f70a23,897085,658576.0,876.0,0.00133,1,2,219
2025-05-17 10:07:32,a0bf1d355255d0b6a00a5ea60b4b7d89ca6e7c8dd6c8b7d2f06316a0f2be6a21,897085,47541.0,712.0,0.014977,2,1,340
2025-05-17 10:07:32,2a7c25aac5ed7e8394805b1152e2c324bda4d61a92ee3e1aaecc48a0e5b30021,897085,5883169.0,664.0,0.000113,1,2,248
2025-05-17 10:07:32,f1406b481d1f660099c084ed63209680d73855dc457c3271bc9b13215506a220,897085,1189424.0,396.0,0.000333,1,1,150
2025-05-17 10:07:32,0c51a4ea096205a80610cf0ea9f8e80fdca36df70c24f96fee79c52a44447a20,897085,14198.0,1120.0,0.078884,2,4,380
2025-05-17 10:07:32,bffb93e38a1f4bcda181a24b8e2b33c76d9bf39904c1d62fd80cc5569a196d20,897085,2823846.0,664.0,0.000235,1,2,248
2025-05-17 10:07:32,c5841b1a3dcca21f645e2a88a736d04c52e63d5edd95e3dcacbe490ecae08d1f,897085,910.0,1895.0,2.082418,2,2,288
2025-05-17 10:07:32,a541834ea25656d2e9c703c1ea4153bbb8c54d960777f558559587d53a4f87bf,897085,17575.0,254.0,0.014452,2,2,313
2025-05-17 10:07:32,4d0e9f8ccd81a2374137bd3220ea882b1e64c0f23be3b4a3cce23852c74a119f,897085,140153.0,235.0,0.001677,1,3,277
2025-05-17 10:07:32,c11ee48bfedf19dbd52ef36df26a3e6a6798dd242ea28829299870b5abbdba1e,897085,72685072.0,568.0,8e-06,1,2,223
2025-05-17 10:07:32,6802b2207f432add1366e79c716ba038754c696080412707fc992c68081caf1e,897085,52791.0,564.0,0.010684,1,2,222
2025-05-17 10:07:32,4e48b7fa8f02188d4ad933c30009fcdb263ef1f0fe884035dd9d15b527894696,897085,63223.0,848.0,0.013413,2,2,375
2025-05-17 10:07:32,4b1ec86c49f09e1147ebf633450a5bba8af18a06e2a76739bb51f8b3fcff201e,897085,96305.0,576.0,0.005981,1,2,225
2025-05-17 10:07:32,7822a810e711c8f0c80478c02fbe17f2dd6604beaaeebcc4a90d1f64c9fc9e1c,897085,563304.0,564.0,0.001001,1,2,222
2025-05-17 10:07:32,0a0f4c3a70b2f6fc911885a884ab146e58bd3d74a49869c3b2b533fd82c63c1c,897085,5178676.0,664.0,0.000128,1,2,247
2025-05-17 10:07:32,45b73c2e16f75bb4e34995c40522936ebe992b72cbb3dc92ee14818269d8511a,897085,6522.0,6036.0,0.925483,23,4,2649
2025-05-17 10:07:32,8e19acfb76dcb93d40b1f4d556ebe93959eba2a9dae75470961fb0b42550c919,897085,6099.0,576.0,0.094442,1,2,225
2025-05-17 10:07:32,deaf01eed5184f10797f45509e7f990e51786fb5fd295dac6f76c26569d8ae19,897085,808855.0,576.0,0.000712,1,2,225
2025-05-17 10:07:32,7083585ed899ce76b7a7235a90a9131be2125f2220ed438bed7cbc581fc77a18,897085,7863760.0,564.0,7.2e-05,1,2,223
2025-05-17 10:07:32,1d753668b8d6d8678ba00d9c77dd34fcdb039bf89f81ac5adcdd43049db43a18,897085,274928.0,900.0,0.003274,1,2,225
2025-05-17 10:07:32,23ac555d18096b17ba60cb081361d42e8c85ac49a628608df5c0039375e81518,897085,296236.0,564.0,0.001904,1,2,222
2025-05-17 10:07:32,cd402a24d630c908e415e1195241032ebbec0197796b0a7daacafd55bc15eb17,897085,221438.0,440.0,0.001987,1,1,191
2025-05-17 10:07:32,641c545c971eb57e100f4264c73e815adf9c15205d2f211e15078110a76ed217,897085,176202.0,588.0,0.003337,1,2,228
2025-05-17 10:07:32,2aaf8f8758c0023b007a6a8c83be45c579f9c97d6a1603190f980f6b3d2b2717,897085,168141.0,892.0,0.005305,1,2,223
2025-05-17 10:07:32,272478cb0f85f9593df8db8534e336386b53b07fd9ef13a45da5d04ea20b4616,897085,94436.0,440.0,0.004659,1,1,191
2025-05-17 10:07:32,754ad754e2f89761a830d8b47b71d8188099d04d4a8ddd5f5339689829dacc15,897085,965989.0,564.0,0.000584,1,2,222
2025-05-17 10:07:32,4475a55e33168a4248b9554ee8c3578716a34ba2bf4b5d7c39628fa409d95114,897085,56476.0,444.0,0.007862,1,1,193
2025-05-17 10:07:32,4908d8937d88a80ab1b3213dc0fef4887d5cacf9e305f7701810b86f70de6613,897085,1915292.0,968.0,0.000505,2,3,374
2025-05-17 10:07:32,e03ac7c0d246cdd4fdb4fcee41841768db8d6f5229f226f77c3e0b2055e0e012,897085,902810.0,900.0,0.000997,1,2,225
2025-05-17 10:07:32,e91ee9eeb7e1508125e1de9a2724c8068c1542aa2418d508eb071ee4ac618912,897085,585989.0,612.0,0.001044,1,2,234
2025-05-17 10:07:32,8fae1666972926e3d823a4e6636aca8eb653be5c0aeb9a66cc85080d85ef6f12,897085,247127.0,840.0,0.003399,2,2,372
2025-05-17 10:07:32,8556199b975f34e734262b288b9abc2ede064200b46892aaa3fb273196675111,897085,9184.0,440.0,0.047909,1,1,192
2025-05-17 10:07:32,cf165f16996c47b957a694eb1a4d59587fd343ce72edda65f2ed1fe2d2ea1911,897085,157747.0,612.0,0.00388,1,2,234
2025-05-17 10:07:32,5be8bc25bbde3f0c4ff81c5e018088420b61dfcc0e8c52fce850af046cc419d8,897085,257559.0,564.0,0.00219,1,2,222
2025-05-17 10:07:32,beff3fd0fe257987afba0f5b21feb845ad6a1c9bfcc17cd5ba132c1071f20211,897085,5130545.0,688.0,0.000134,1,3,253
2025-05-17 10:07:32,fe0a3939b1aae01187764e38319000b8a0fe4bbb44f80294ed146971bcf0500f,897085,7452246.0,612.0,8.2e-05,1,2,235
2025-05-17 10:07:32,2ec8250b3667a8a44458b6213fcba32f4525f7f59fcce6af00a5c8ceefd0f40e,897085,385462.0,564.0,0.001463,1,2,223
2025-05-17 10:07:32,69f34cdf7d53e951666ec24ffeb07ae6740b50baa2c8ba305583f9353988f60d,897085,75413.0,564.0,0.007479,1,2,222
2025-05-17 10:07:32,9d4b1afe9b28b15c9dddc6b69005b02a0d6ff9b9b33011c68c1fa4b6d49aeb0d,897085,38059.0,564.0,0.014819,1,2,222
2025-05-17 10:07:32,a0bc7e72405c173032b08995574651c816c8421aa170b2c9c43837cab291c00d,897085,2766660.0,880.0,0.000318,1,2,220
2025-05-17 10:07:32,431df4e1485d1bf41f74ebac309c5ccbad56da918a5e12884444fce2a5ac7c0c,897085,890314.0,576.0,0.000647,1,2,226
2025-05-17 10:07:32,6f59e345c0b2a961d7d9b58ee308f587505af10a391d411a41f658a51116f10a,897085,15275260.0,568.0,3.7e-05,1,2,223
2025-05-17 10:07:32,fabcbb081a2cb7321c84d6982be3c19cb9ef5a8bf6acb708f81d46cf0488d40a,897085,501289.0,440.0,0.000878,1,1,192
2025-05-17 10:07:32,ca1f45b229fab0bc4567a25ef4bfaaf893969b988598189a8ee44d0aa0b67c0a,897085,1794035.0,708.0,0.000395,2,1,339
2025-05-17 10:07:32,1dc6a031feceaf2a65d6dec71afc5ebb28df2af2d5921bc5922cdca5cc66580a,897085,108700.0,580.0,0.005336,1,2,196
2025-05-17 10:07:32,414c133089f0a6c0cff89393d77ac6453c765b19d412e76721292305cbf2ab09,897085,14898.0,564.0,0.037857,1,2,223
2025-05-17 10:07:32,82c21236cc3b44cc0934bb0644b5d31bd2c33323bf6b411c198866327d2d9a06,897085,1999560.0,440.0,0.00022,1,1,191
2025-05-17 10:07:32,e94b9bbeae9cc7d6bfa0f4f0e6609a73f2335733aab6f8d9c01d800757ad8d06,897085,5061.0,1912.0,0.377791,2,2,300
2025-05-17 10:07:32,cacf97f7783b6d0214d2f8692d624152d48f135ac61c0abc442544f504e11a8e,897085,452669.0,241.0,0.000532,2,2,302
2025-05-17 10:07:32,f77044363b063da4e322da3beb27f0c0c11470c235bfd1f885bb88b5662c477b,897085,2982899.0,235.0,7.9e-05,1,3,277
2025-05-17 10:07:32,083dbf0fafa2b22779e36c7964dd1bcb5301fa9309529258313363faddba9405,897085,81964.0,564.0,0.006881,1,2,223
2025-05-17 10:07:32,691349473660b244b52cea6aeb2baca112b39d2e2704d542131ebfbc2c241705,897085,10272362.0,1400.0,0.000136,3,2,593
2025-05-17 10:07:32,024b83012a14264ec133c783f00ba7461cc01d8d82612e033fe88b6b6daba604,897085,324238.0,396.0,0.001221,1,1,150
2025-05-17 10:07:32,219131e6dbb3fda99f82e1de2ddd2c007ecd934880f8087cb84abb63436a8c03,897085,2467534.0,564.0,0.000229,1,2,222
2025-05-17 10:07:32,74bf511b68704c260659b648c90e164a02bac588d005ae284afe729f20b13803,897085,41289.0,616.0,0.014919,1,2,205
2025-05-17 10:07:32,b14c0fc61d23240c85defbde48e097cba2cdd9362c68595ad768a043595f7902,897085,299709.0,564.0,0.001882,1,2,222
2025-05-17 10:07:32,952b5a3b5a612603d9f2d092b7b4af6b1164b2127e5b2722e4532e0424ef6101,897085,16842.0,440.0,0.026125,1,1,192
2025-05-17 10:07:32,60776d93dc4e0a97d7273d92897735a8cacee26557f8d8b1631340e93ff3cecc,897085,23238.0,4035.0,0.173638,4,4,564
2025-05-17 10:07:32,83a33f34500c0a8904e0c865e02d4d00259cbb5d6c82b82bca95c07580f53a58,897085,287652.0,254.0,0.000883,2,2,313
2025-05-17 10:07:32,fb2adb8e324395071e31c095fbc8523807ae22cc80197db85a95c91e9a027734,897085,287652.0,254.0,0.000883,2,2,313
2025-05-17 10:07:32,f33cff779a816428e8be53d47f93ea38a0fa375223d0cd6924a010cf2b58a01d,897085,287652.0,254.0,0.000883,2,2,313
2025-05-17 10:07:32,68b2cb3e653e2f4c754ed4dd44415e2cf8d2e376a7b218825e538c19dde39a99,897085,13307805.0,338.0,2.5e-05,1,5,364
2025-05-17 10:07:32,89ccd955253b17719a26b0e02d48b89384f5b72e52bfeb85ba7c85f9a4fe743a,897085,174806.0,7356.0,0.042081,13,1,2273
2025-05-17 10:07:32,cf7aba678ec10ff4763e33e3c0cc470f13863f5639b82d4531bc3a46dd63b1c2,897085,166594.0,1816.0,0.010901,1,11,535
2025-05-17 10:07:32,7b352e32f4716a7d4b29542ed3d4d4d6498ea2cfb43ba80f01e1b50a120a4e8f,897085,26500.0,8617.0,0.32517,6,6,900
2025-05-17 10:07:32,fa78fc2d385c7615053be42f190e8b12190311e3d9aa870210841f0991f0fe4c,897085,91550.0,241.0,0.002632,2,2,302
2025-05-17 10:07:32,b5d2723040d6e3b14cc498fb9f7870e105e01b5f2b07b7736be7e6fb844f064c,897085,91550.0,241.0,0.002632,2,2,302
2025-05-17 10:07:32,7d7c644877bccaf27d20067a746c38c818d7db692fa25e9713185b9cc1204225,897085,91550.0,241.0,0.002632,2,2,302
2025-05-17 10:07:32,ee30ec38eb544e2958afde5ac7ac79731b093e515ab941eba58f81db01df0415,897085,91550.0,241.0,0.002632,2,2,302
2025-05-17 10:07:32,1922b0f15256712dac5bac16a296bb7ad65a0220d5d98783770426cf36727200,897085,499500.0,241.0,0.000482,2,2,302
2025-05-17 10:07:32,0300b2725b5ed6c6c0c5fdeb01721b59d7ec3a5565fa82929d777ac3351e8b5f,897085,894590.0,1453.0,0.001624,10,7,2017
2025-05-17 10:07:32,8609a633b99d59c04fa68f3cf6885af61c01d6bbb9df5d596f53eb63d1b24795,897085,364998511.0,1489.0,4e-06,1,2,372
2025-05-17 10:07:32,14a711df2558fe3ab6df4a788da9b499e82ad04f08b0dbbf2ed76f61cc495eb9,897085,28715.0,1265.0,0.044054,2,5,448
2025-05-17 10:07:32,7764b414bf10c7b079a0c85468010399cb145c24d871f5a4b009109f2be748fd,897085,1108376.0,1109.0,0.001001,3,2,519
2025-05-17 10:07:32,66c75c529657e10cd17bf450b0efd2e9770aa42b1f4293b4f81682a30d3fbdd8,897085,2048792.0,969.0,0.000473,2,3,404
2025-05-17 10:07:32,9dbec49c17c36ec31ef44bac5db0316a3cd0ce5cff35a4f4f15730aff2570310,897085,191367975.0,582.0,3e-06,1,2,225
2025-05-17 10:07:32,fd87027cd8800593c81830f2515abfb90aab572ac15dd27c9d542f4bce62be3c,897085,199130197.0,566.0,3e-06,1,2,224
2025-05-17 10:07:32,8ecc81e49ab2746b8b8de817a90f8869a5a5618f5b42cb8d42c6500122f02e9d,897085,207862777.0,566.0,3e-06,1,2,224
2025-05-17 10:07:32,561cb166f21a3b909241206588f56520d41a21c1b61184d7a6b86afd3ef342e2,897085,2484601.0,1602.0,0.000645,2,8,562
2025-05-17 10:07:32,a3851e84080137dafad1a943fbb4b5d9646b061b5b5e85b225e0cfe8bf847f09,897085,752149.0,3160.0,0.004201,11,1,1679
2025-05-17 10:07:32,56b063b8e5d579263e4e0c6806594cbfe7ff487d8721b9a9ab35fa298279ce78,897085,529767.0,3084.0,0.005821,8,1,1417
2025-05-17 10:07:32,1869b8ae149fc152bb255ad24c62e5e493112346c63a2696f621e34e1df65406,897085,10804105.0,3080.0,0.000285,8,1,1416
2025-05-17 10:07:32,046ecefce8f49919487892949153a1f40299495d1ea5a54267d634242b7defc6,897085,5210.0,713.0,0.136852,2,1,340
2025-05-17 10:07:32,075f3d97dd73396f48d4d79a1e6cf4dbb9e35dbd2593bd2d0efbdfac207fbead,897085,1294862.0,1390.0,0.001073,4,2,669
2025-05-17 10:07:32,74ba51e7b65a4f5d65a39ce39150278d02c0e714c0af11ac80bcbd4d861191d9,897085,37377.0,2712.0,0.072558,5,7,1051
2025-05-17 10:07:32,6e35b322ab53a0cb69a1ce07247516a6a864dd2629f697503b7990420b8fcbec,897085,8250.0,4213.0,0.510667,4,4,600
2025-05-17 10:07:32,8bae2e748d099583def4460e4a7a859e2062c3723244b838cb4bf8bd3c73989e,897085,71650.0,253.0,0.003531,2,2,342
2025-05-17 10:07:32,c6d1aa8cb2bbffbbbfad558f59662207f7c0e1735fdece4ea15332925b6aba0f,897085,71650.0,254.0,0.003545,2,2,313
2025-05-17 10:07:32,b3f1632b093b8c9b2007ff8a457ffb799ec312180090b303fb1f267e6a084401,897085,71650.0,241.0,0.003364,2,2,302
2025-05-17 10:07:32,eac61809dcc6706a8116db4cbde9839ae6688c4299d1eea32ee53ed11019da48,897085,331033.0,367.0,0.001109,1,5,387
2025-05-17 10:07:32,d43138672031aff9fecece4045b31bfbdd5817b8a0889777b69b69927bf66ccc,897085,210194.0,617.0,0.002935,1,2,205
2025-05-17 10:07:32,7cea6b3e6a63ef9f58af55f71d9f25b983f108e289e05da4d5006adef8c673a8,897085,184493.0,617.0,0.003344,1,2,205
2025-05-17 10:07:32,2de20aefe3c480c7c70dc5b24dcf46eda47caa312555507a8ac8b12a1407c25b,897085,99294.0,617.0,0.006214,1,2,205
2025-05-17 10:07:32,ad1d66bb0582fac1ec8631866c47f7d03c9642fc334a23ccbeff1dcfed5f91a3,897085,123911.0,617.0,0.004979,1,2,205
2025-05-17 10:07:32,f523074046c87d304296f8d9931a9f616a1afcf9d302ab82540fda7ee039bbbd,897085,236900.0,617.0,0.002604,1,2,205
2025-05-17 10:07:32,6f300fd63792ed7cbefc0ba9b1a26e61b050ad01b349402a79813dc29b9d5138,897085,215883.0,617.0,0.002858,1,2,205
2025-05-17 10:07:32,7d5243d1326cd64afbe7a764ffa987023556154cc5c31a98b66cf173e06d3f0b,897085,265623.0,617.0,0.002323,1,2,205
2025-05-17 10:07:32,3c57eecbcc31a42b13fbc845751368f86315a756046a3ed6ea3b04dbc820eb94,897085,8046.0,1949.0,0.242232,2,2,300
2025-05-11 17:27:36,87b8fde21c1e183ca11cfb97bfdc4e28712346f02a4eb46c8562606738017c34,896286,546.0,153.0,0.28022,1,1,330
2025-05-11 17:27:36,88bd5732eac68c838aec8a3540c40bd074a84a97646df8f168781e674e7f1175,896286,11268.0,154.0,0.013667,1,2,205
2025-05-11 17:27:36,8b4309ade703cb33b3a96b4bb230dd9a4326d820b68a765dc37a30cbad885c34,896286,330.0,151.0,0.457576,1,1,319
2025-05-11 17:27:36,f85dc98e2beba16cc55b0406e45cc85a74d275954d463883f4a3e229cd5b5034,896286,338532.0,154.0,0.000455,1,2,205
2025-05-11 17:27:36,b9a9afeaf66477f22d9f8b471f83a279c3e05cd6187bc9555127ab01c3b5e533,896286,24235.0,254.0,0.010481,2,2,416
2025-05-11 17:27:36,f7cda212f32a2c4f270d0c66ff7b12e7882eff801a7bbefa206fb7cdb220a833,896286,330.0,152.0,0.460606,1,1,323
2025-05-11 17:27:36,36a7e54719bf39beb4b6c33baba7d1b0ed6e83fb871cd4129e9e685696168633,896286,11790.0,363.0,0.030789,2,6,495
2025-05-11 17:27:36,48761d293ec3e73b3ac13b751bd9702c4eec81a0833ac23371ea54eef4bd7b33,896286,351.0,129.0,0.367521,1,1,268
2025-05-11 17:27:36,bd49df288cfe4b7bbc0402ac4814ddb7776e97168685cad2297c3993d22c7233,896286,109999858.0,142.0,1e-06,1,2,224
2025-05-11 17:27:36,6d79885e8444c481d31abd5530c7f90f7d2b2f7f6692c2d0ebba989b23596b33,896286,351.0,129.0,0.367521,1,1,269
2025-05-11 17:27:36,1bc6573eeb25233b23e83c52876f23f3941110d05b3e7193cfad1efbf3a05b33,896286,919618.0,375.0,0.000408,4,3,697
2025-05-11 17:27:36,f763c94668d42568a47b4220f63df55dba78c814de5290f94130337b8f1e4633,896286,5583.0,111.0,0.019882,1,1,192
2025-05-11 17:27:36,fffb80a58f25372e4f7dc05ff76c37d9bdd7b383d04c207be302d27fb0584233,896286,96204.0,172.0,0.001788,1,3,253
2025-05-11 17:27:36,6d34650c77a69c5c427e5b61f743fe3616f2e0d50082eb60bbca9a985bdd0c33,896286,546.0,141.0,0.258242,1,1,314
2025-05-11 17:27:36,3403f54c3f1bfd89acb38d2c52c5fe7adf1ca60c3e5104a829bb80a6f22164b2,896286,37831.0,177.0,0.004679,1,2,259
2025-05-11 17:27:36,998aecb6788afd890b985886d0505f52351e15c67bdf481ed930022fd16b0c33,896286,330.0,151.0,0.457576,1,1,319
2025-05-11 17:27:36,0dfefb7839e0dec2904bd44e1bbb70e8d552b4847a4830a048878ca2f3c40733,896286,1259565.0,110.0,8.7e-05,1,1,191
2025-05-11 17:27:36,07c579e1d25d98a2b43106fda1fdebcd63778bdc57aad4a13a9939d89fb7fc32,896286,351.0,128.0,0.364672,1,1,266
2025-05-11 17:27:36,daacb4d506d68450efe7d85aea375fc293a4503df13ea55be24949ec699ae932,896286,330.0,152.0,0.460606,1,1,323
2025-05-11 17:27:36,25ab878593295f0c3cc9080cb4d82bff6ebfecd446b33fdc2a58b18318cfe032,896286,330.0,151.0,0.457576,1,1,319
2025-05-11 17:27:36,35986cf4b1ad1a055e233ad354e97b6000d4da15bb0cbf72fea81809bf1ec032,896286,3246.0,154.0,0.047443,1,2,205
2025-05-11 17:27:36,e89cfa4218816475260db25107033e340ff5d54f4a53ca9fc1c58e45a243bf32,896286,11703.0,110.0,0.009399,1,1,191
2025-05-11 17:27:36,63e6186b76d468932f58e8f5bd4583301201094e920853f003fc3f36c8d4bc32,896286,330.0,151.0,0.457576,1,1,319
2025-05-11 17:27:36,43448b9acc25a3d92fbd1347776217c8591e6097ab9402cbb7241773a4efb032,896286,10531.0,154.0,0.014623,1,2,205
2025-05-11 17:27:36,e04fb928defb839197651be2db53f8da38f50a19c96a2460ad586ac4dba4a232,896286,330.0,151.0,0.457576,1,1,319
2025-05-11 17:27:36,09bd471d431208fb1fe5437348e40aa1991b1f54ee708e6860eb020499c88b32,896286,354798.0,154.0,0.000434,1,2,205
2025-05-11 17:27:36,f93227d213f714f841b0dae7b1eceb0f15bc384013440b10ccf9be6eec657632,896286,5947.0,154.0,0.025895,1,2,205
2025-05-11 17:27:36,d95b45ebccae1900310a3d69a6aed5b6697d54fce38b2f6b034a2e6454d57532,896286,330.0,151.0,0.457576,1,1,319
2025-05-11 17:27:36,ca89d9804a494b93a19c86fd80f172f2d919235d17d23c2788b7fef5982a6632,896286,330.0,139.0,0.421212,1,1,307
2025-05-11 17:27:36,941f53d9a981e5fe2fb979c9a01887b483c341294bacbfcb4ebdf0420e636232,896286,330.0,152.0,0.460606,1,1,323
2025-05-11 17:27:36,278ae7c678c85f4e6b7d16c6c693ea5c775febb2572ee5a3ee40fbc5886d5932,896286,330.0,151.0,0.457576,1,1,320
2025-05-11 17:27:36,85ce6dea424f6ade4999986636cc4afee33473acce65204a368e50f9a0de3732,896286,12762255.0,372.0,2.9e-05,2,2,372
2025-05-11 17:27:36,adfa9e3a4d3c3e505af745ee3c311b9aed6768e51cfd9430a4702c2db9241332,896286,6868.0,110.0,0.016016,1,1,192
2025-05-11 17:27:36,78b3d8be8541827ec5b71684787a2bd843b6b2898f291aa3b6ef941fbf2c0832,896286,351.0,128.0,0.364672,1,1,266
2025-05-11 17:27:36,3092f9e6f01daacd6da4bd3b6ff47140ab98762f9d722c822d3ba7e6a8c7ed31,896286,467567.0,145.0,0.00031,1,2,196
2025-05-11 17:27:36,90681964fe42784a9675ef468adeca65bdb7eac5bfa62f563d8767a22deab531,896286,18378809.0,111.0,6e-06,1,1,162
2025-05-11 17:27:36,bf86b3d0880c3a1e71d07e8cf51b90ff61eda31169c7ae182edcf8b5f3609b31,896286,5726597.0,177.0,3.1e-05,1,2,258
2025-05-11 17:27:36,e6e84546ed00b988e4fd0996614529dd81963efddbe85da030f0971865c79531,896286,19489519.0,168.0,9e-06,1,2,250
2025-05-11 17:27:36,e4275c14956e3a9d94bf2dd84b2cca10328bc4fafb6504f7c16efd0c81d68b31,896286,546.0,152.0,0.278388,1,1,325
2025-05-11 17:27:36,869776c52c0e268b9f2b0349ae88daf363331ad515d673164ed79a1c358b8031,896286,330.0,154.0,0.466667,1,1,331
2025-05-11 17:27:36,1b696d71b6488c8ad7cb28bf407341372ceae1bc4680ceb4ca94db31731e6031,896286,401390.0,275.0,0.000685,4,1,474
2025-05-11 17:27:36,474bf25b1cffff1b90ad2ae829ba2b0401296c64b4b944f3fd03113d11233c31,896286,546.0,152.0,0.278388,1,1,324
2025-05-11 17:27:36,2c4a6a609f54c3c4d3d41b88e576cefb9d2a813b44c4524c2fa6c5423f10bccd,896286,262933.0,154.0,0.000586,1,2,205
2025-05-11 17:27:36,f5cf397011da3665f7563ab580053f3302140c3154e05cc01dbbcb4f11262d31,896286,125015988.0,142.0,1e-06,1,2,223
2025-05-11 17:27:36,d697c9def764625e87d2a89fe1ef27abfb2df5e7dd8ac7e2dc25f79cee8f1131,896286,18517.0,110.0,0.00594,1,1,191
2025-05-11 17:27:36,9c26a8e6489d2a87e12b4fc6faa94b72805b5a313ac345dd3db8ec3ebcd9f030,896286,1394237.0,142.0,0.000102,1,2,223
2025-05-11 17:27:36,7a189cd6590a7a5357de1b8802defd0bf55efb59b7d82a58e0d8a0eeb3c9db30,896286,330.0,152.0,0.460606,1,1,323
2025-05-11 17:27:36,26ecaebd0de67e16b45a077619974e3291619895769ca610a995f1ec6668d830,896286,330.0,139.0,0.421212,1,1,307
2025-05-11 17:27:36,75878edf98cfbb715cd116ae1fc60c6e095650329bba1461c03a7b33f67cd030,896286,148031.0,209.0,0.001412,2,2,372
2025-05-11 17:27:36,0d664847f1218cfce268f37a1aba4fe8c18a94927ab32d1aeb866722332ec730,896286,330.0,152.0,0.460606,1,1,323
2025-05-11 17:27:36,6f4beab9a23abbe8dffa240c5eb8533af7373eac44027eee196a79898dbeb830,896286,55287561.0,206.0,4e-06,1,4,287
2025-05-11 17:27:36,a72a927a591c08366cb99af874f6e56876dc2b52c417917da5dcc623cfa3b430,896286,330.0,152.0,0.460606,1,1,323
2025-05-11 17:27:36,65c0e896d9046505132254b7fe1f1131149d03ba21c3ff777d6961bca57227ce,896286,130378.0,154.0,0.001181,1,2,205
2025-05-11 17:27:36,e85a571342582e6cb67d386416acd8d975c2d62c331abb6b0f68271f43ed8230,896286,798.0,217.0,0.27193,1,3,298
2025-05-11 17:27:36,4be59d189dc1eab0357d05b648ae6a2eb729e137172b68b48c3d303d46f48130,896286,9459519.0,141.0,1.5e-05,1,2,223
2025-05-11 17:27:36,ff9334f61d65ad68302c457ab82c5bfe465cd9e5ad9df912077a8b2af2826030,896286,8605.0,217.0,0.025218,3,1,367
2025-05-11 17:27:36,56f49305ddea23f144691bfbdb5470a3873e2bf249bea24e2a59baccac393930,896286,1834219.0,142.0,7.7e-05,1,2,193
2025-05-11 17:27:36,c261571aada10241f54eabbfae62e2e341e83a36bdbddd93a3333f551eb13830,896286,981872.0,142.0,0.000145,1,2,193
2025-05-11 17:27:36,133322f4afa5bbd2f0fc6f642c9c7058ef1898b61d5a2d40bee7b9c13bb63130,896286,324890.0,99.0,0.000305,1,1,150
2025-05-11 17:27:36,531afb1c01b39c462a37ff407821eb60d5a48132000e5ed5e53c1cea8cf92e30,896286,281388.0,412.0,0.001464,5,2,814
2025-05-11 17:27:36,d74bfcbf4dbab537f44561995f7a3b3225708071eda2f2168d3559dcf1bf0630,896286,330.0,151.0,0.457576,1,1,319
2025-05-11 17:27:36,74a2d78e6c736c46b5c72570f9f8cdb8d40795e82dac91225f4d3a8087e3e42f,896286,252092397.0,166.0,1e-06,1,2,247
2025-05-11 17:27:36,e3ede98842520c41341e1c4578e7042fc27b9f7cff2de9eab637447f5fc4be2f,896286,94933.0,142.0,0.001496,1,2,193
2025-05-11 17:27:36,3b17e072b6dcfe678322a6602d6df102781a3bb5eebc0a02f06ae472935ca92f,896286,707389.0,289.0,0.000409,3,2,532
2025-05-11 17:27:36,e7f237e7e04357b1740aff1470b36e64886ce61267f1248a7dcdfecf9d1b982f,896286,330.0,152.0,0.460606,1,1,323
2025-05-11 17:27:36,9dce80650f30ac5e391ff50c75818dd7fb2e1f7b2554e94f4c217b0998e9862f,896286,13417.0,182.0,0.013565,1,3,233
2025-05-11 17:27:36,6b9ad83f6638f913ea27de70dc06e851e93c31fe654d7dd7161f12ffa3f9676a,896286,13599.0,151.0,0.011104,1,2,202
2025-05-11 17:27:36,d9d17b2924b4f264fe10cf40337880aeeb9774229843ec1568270bd2f373443d,896286,13750.0,151.0,0.010982,1,2,202
2025-05-11 17:27:36,d1efe45240fcab3a3b916e21453b9a767400909885316df00202ce95e1389995,896286,13901.0,151.0,0.010863,1,2,202
2025-05-11 17:27:36,3ad62c17e0f52b785d03c8fc486db83a84f2852a5378b81f121c4aadb7127fc9,896286,14052.0,151.0,0.010746,1,2,202
2025-05-11 17:27:36,6dcfae916dc2556faa0e55a0faa92e13e41933e8a330e4aa7f58af939fc234ef,896286,14203.0,151.0,0.010632,1,2,202
2025-05-11 17:27:36,3ce0219bcfcb7e50ce12b2e72a7801f4094578adaeee7034612c44cde3698e80,896286,14354.0,151.0,0.01052,1,2,202
2025-05-11 17:27:36,f91560863d0b836954d356b001734443497f31a5841fa90e2e782e8f5f9105f1,896286,14505.0,151.0,0.01041,1,2,202
2025-05-11 17:27:36,f1ca0c981ed28b454cc0fdacf70cf60a11f64368a2f699d2e250a61b5d0e0c7e,896286,14656.0,151.0,0.010303,1,2,202
2025-05-11 17:27:36,61c34aade5337b5632d1635f06c523adfbb9984c16c1937b85cf145a47e95df4,896286,14807.0,151.0,0.010198,1,2,202
2025-05-11 17:27:36,98a9f8f1106ea44fd9cf1c2daa562f3e42b8f6391cfbed1c2878ad5642864f2f,896286,54320832.0,168.0,3e-06,1,2,250
2025-05-11 17:27:36,b376734d1fefbb81db9c57bf0d5d25d0556247af31db5fa3ccad8ca18f83472f,896286,180386.0,805.0,0.004463,1,4,450
2025-05-11 17:27:36,3e6364cc2ffbbee8ff36a35158f76d295da9b0896647ace8065464901248d22e,896286,351.0,129.0,0.367521,1,1,270
2025-05-11 17:27:36,ea0cb913b6e9fa0ed7a134ea92ffb58fc8435c168db7ae0fb11a9e18eaddb92e,896286,330.0,151.0,0.457576,1,1,319
2025-05-11 17:27:36,098a620ef7d6ada0e55eb4f454a12873ebb42ac2c5d7362b4d790c92e71ca72e,896286,186647.0,1482.0,0.00794,25,1,2721
2025-05-11 17:27:36,b56bfafb43d9556be0c6087e7b30f3d0b985ab44d67c3647e716f90aa5e9842e,896286,351.0,128.0,0.364672,1,1,266
2025-05-11 17:27:36,e5155cd97cb93efe9c2cf72ffc70b7733f3c55770a0eec2a0e6a2900b72f7d2e,896286,330.0,151.0,0.457576,1,1,319
2025-05-11 17:27:36,081fcfbb47be05f3f9892b825e65bba45db93d3fd06eef3d7ade4a368b45c02d,896286,330.0,152.0,0.460606,1,1,323
2025-05-11 17:27:36,1f7d5841677f9445392d66adb8c478c8926accb24f66a84d04058bfaa108be2d,896286,193051.0,266.0,0.001378,2,3,398
2025-05-11 17:27:36,ccb344e1cb3a43d674ef78408c1ef6ed4f94ed7bf4bcebb26334de642c59b42d,896286,330.0,152.0,0.460606,1,1,323
2025-05-11 17:27:36,5751a6ee54eeaee64730b22cd185c958aae54fc6a7cc878e17bcbd1134d6b22d,896286,330.0,152.0,0.460606,1,1,323
2025-05-11 17:27:36,d81dcbc5a3faf80f0256b2b5f91606a6e981705157b5d9b065ff0b2ab5b4782d,896286,546.0,154.0,0.282051,1,1,331
2025-05-11 17:27:36,7691d69ee597ddf305ee9d9ac1fd40ca5e0fc1274faf04c7cb853ad60bdc5750,896286,1194046.0,154.0,0.000129,1,2,205
2025-05-11 17:27:36,ed24459c31f8dd421de9c33e4ed278b460a0bddeed64e4af580c8d2282155c2d,896286,330.0,151.0,0.457576,1,1,319
2025-05-11 17:27:36,beae0adb0a61d699b00b4fafdc3c60ca3f7c69384e7b2c948deca63a8f49552d,896286,330.0,152.0,0.460606,1,1,323
2025-05-11 17:27:36,371f8e7c2fda799eb6c579629c0d8f8948c4d54085b87f53b55de5f0724d4b2d,896286,36645.0,218.0,0.005949,1,3,299
2025-05-11 17:27:36,ce83cac0c0a150c147b21aa20ec56de18d06d10e580c4622fb9140ed5932362d,896286,546.0,152.0,0.278388,1,1,323
2025-05-11 17:27:36,180d6d65fbea42470fe6220e46e0c34a8c7758c32833cd7029b15f74d0fcf762,896286,121776.0,154.0,0.001265,1,2,205
2025-05-11 17:27:36,bd03cb0ec47c9a8b08f829a5295814a329dfdebabb7651a948e2d84a1733f82c,896286,72610.0,390.0,0.005371,1,10,471
2025-05-11 17:27:36,cf3b76a1bf996d46994e88008fe76564a86f85fc69e4fb1d814ed716ce6ce12c,896286,6784.0,154.0,0.0227,1,2,205
2025-05-11 17:27:36,5e1cd62e0bb82ee1f2d76979457d2c3f258cbedf968e06e50c7e7ba26a8aaf2c,896286,4216.0,100.0,0.023719,1,1,151
2025-05-11 17:27:36,74e98ea3e9ed8dff56194555e0bcd0eda12a479c227093899ade7b6b38d2872c,896286,330.0,152.0,0.460606,1,1,323
2025-05-11 17:27:36,374c197a2550ea7c39d79eeae15354ba114d3eb01ba4ac162ec1b9a2bc24742c,896286,330.0,139.0,0.421212,1,1,307
2025-05-11 17:27:36,8a19e6cc1012a35dda9327739f150fc171d61104ed86ae15a256e9df7f57502c,896286,351.0,129.0,0.367521,1,1,269
2025-05-11 17:27:36,a0074841af8c8fe51ae67ccc82e7f2ee138ae9043149feaf91ac9ba405b44c2c,896286,351.0,128.0,0.364672,1,1,266
2025-05-13 04:23:38,863874bc19d2dd406792dabafa343aac5f6eb8f9433920719525c0b231c0f6db,896497,18275.0,212.0,0.011601,2,2,312
2025-05-13 04:23:38,d3096b7241780dbea42f8d362587a27f49053f12ca8e912c0ed1dcd28c5658ad,896497,248561.0,111.0,0.000447,1,1,162
2025-05-13 04:23:38,783d0cbd603d6844b6c28351fd862eb2e97bc51b228a9d6b24f1c63177022fad,896497,16695.0,154.0,0.009224,1,2,205
2025-05-13 04:23:38,48bd5144c3c69f3559326bfb4ebf1edc420b8cd51b838ab3b96c9450b00913ad,896497,546.0,153.0,0.28022,1,1,327
2025-05-13 04:23:38,8ec237b17fe57162b48c4ff29a7aaa7a9c6d9a95f179885fadeaa79fbd38a2de,896497,101346.0,154.0,0.00152,1,2,205
2025-05-13 04:23:38,0f6502f2f437a5c159fc634a8d259d28591238332c76a7eb92c368b8788c8bac,896497,23608.0,275.0,0.011649,2,4,375
2025-05-13 04:23:38,897dab4c64f9d17d34074396427239c5ad5e13f24be2065805f7311f673689ab,896497,967783.0,209.0,0.000216,2,2,371
2025-05-13 04:23:38,1741d5a601f0494c5fff52362596c37e7b118c829d4d83f7f59994991241ddaa,896497,546.0,140.0,0.25641,1,1,311
2025-05-13 04:23:38,6ff23278f748ffdcd2f3a0fc838ed78eb242cf7bb15c659e5b5b5ce636e90beb,896497,267047.0,153.0,0.000573,1,2,235
2025-05-13 04:23:38,5e9e7c83a2f6edbccbb06a114211e6de606257d0e01efbeba21c50e4c5893aa9,896497,546.0,152.0,0.278388,1,1,326
2025-05-13 04:23:38,9e58eb009d70acb6d700993aa04a3a79544a960ff662110c56405107183985d6,896497,38846.0,154.0,0.003964,1,2,205
2025-05-13 04:23:38,842a9b6146b8c1d7a312420f21ec1b19ccc6be013fe20da931bfa61cb7da38a9,896497,5551.0,99.0,0.017835,1,1,150
2025-05-13 04:23:38,4b693c523777fbdd10d1af79cec6239d50ce2d0473a448e71b4fab486a747ca8,896497,563022.0,169.0,0.0003,2,1,269
2025-05-13 04:23:38,426fcf502ef0335d40f7fead03c9cdf9ba8f60f1649a1a389640aae52da167a8,896497,2231048.0,141.0,6.3e-05,1,2,223
2025-05-13 04:23:38,8deabbfec7ab56ae5e58f1ba6a370375ed9949235a63204ee7b09026d0fb62a8,896497,4511.0,111.0,0.024607,1,1,162
2025-05-13 04:23:38,87d9d1e1886cb7e5caef79080ca2793d9c5cde130c20823cc8802a03507fd6a7,896497,36019196.0,141.0,4e-06,1,2,222
2025-05-13 04:23:38,aa4b7e5716f201eefb40d3287ce98b0808a0dd2b68a44a684ab3c59ed18a0ea7,896497,42787.0,160.0,0.003739,2,1,260
2025-05-13 04:23:38,315cb7c37d7b0f2671e3816099888208e8077a3b30d95b02a4d604d081c8f8a6,896497,468081.0,179.0,0.000382,2,1,342
2025-05-13 04:23:38,f1f9cc18580fd4e4462d1c892185b332afc06c9b85a0364bd29c7412c952e3a6,896497,95223.0,145.0,0.001523,1,2,196
2025-05-13 04:23:38,072c64e0bfed0349f0a86b97d00c0dfe20c2263560d8ffafeb68e94f7d0ca6a6,896497,546.0,153.0,0.28022,1,1,327
2025-05-13 04:23:38,361d4bcdabbfe8d6346c0247fbf96f340049637a136987abc9bef24943c591a6,896497,2585856.0,508.0,0.000196,5,1,913
2025-05-13 04:23:38,dafe12d953b7b9c61f551e44bda0888f1a8ab6debba6df3b4bcab1c20a686da6,896497,8468.0,212.0,0.025035,2,2,312
2025-05-13 04:23:38,09a4720af709992588e2663c0e4d58dead0a4f0b2375773c1bfe1a61b1f759a6,896497,1672063.0,221.0,0.000132,2,2,383
2025-05-13 04:23:38,cd9ae39234e83ab0314472a9781f949c7c6302d9e6d08df71fa83c304c6841a6,896497,901.0,99.0,0.109878,1,1,150
2025-05-13 04:23:38,99f75743099cf4a736b759def1faef961dc216fb43cfc95ae8199530925800a6,896497,546.0,152.0,0.278388,1,1,324
2025-05-13 04:23:38,5e442c1bbaacf7317b40d227d82df6920d5af0a3229ed313bd34b3ebc78eb2d1,896497,185051.0,154.0,0.000832,1,2,205
2025-05-13 04:23:38,cb4c97a488fd44e3fd3288d69968a4ead78ed73aedbb6cb77a5a08431bad69a5,896497,94508.0,111.0,0.001175,1,1,162
2025-05-13 04:23:38,417ee574a4ff4224694171e288e292f5df88550c80c3a2c75dff41e563e267a5,896497,8932036.0,141.0,1.6e-05,1,2,223
2025-05-13 04:23:38,6a57b98d8c09036816a28feff70c1d71fecc8711f764e1db3b8a1907d5724fa5,896497,120097.0,113.0,0.000941,1,1,195
2025-05-13 04:23:38,1fee408e84188ee090aa2b4bceeec74431be879d960c367c15e88ed192850fa5,896497,546.0,154.0,0.282051,1,1,331
2025-05-13 04:23:38,ffd7eaab885f5adaadd62938dbc64e2f85a21d69ed797fddbf6ec9cb06f1fea4,896497,821632.0,190.0,0.000231,2,1,352
2025-05-13 04:23:38,d4c160c73e4b50bbd5a3ea9f0b8c05f443ff72966881c460f804fe4cf0c5d5a4,896497,330.0,151.0,0.457576,1,1,320
2025-05-13 04:23:38,266e0fb81bde7413ba4925ec6991f31f7bd9dd23271b5f44903890ab3107b1a4,896497,432346.0,154.0,0.000356,1,2,205
2025-05-13 04:23:38,af619986555446fac2bcc2a824385ed469d8e7f62ecdd4b2722476d431f5f3a3,896497,32860.0,212.0,0.006452,2,2,312
2025-05-13 04:23:38,8f4c9f43d9c3ee958405b17280ef7fbeff4dc5dcd3fceae717446cc36ffaafa2,896497,109060.0,100.0,0.000917,1,1,151
2025-05-13 04:23:38,effa64eafcf67e019adefa6aacabb7dea8bd443073e43a3fb4bc7c007a8ba9a2,896497,330.0,152.0,0.460606,1,1,323
2025-05-13 04:23:38,118db9096d3cc39b8eff3d3d917311935973d15d0850c08be7f53dbee71b9aa2,896497,330.0,152.0,0.460606,1,1,323
2025-05-13 04:23:38,00c55565f0b2c63daad3ec3f9678d0ba9ce7cc6b64708cbc5fc5fd9d066ff9a1,896497,330.0,152.0,0.460606,1,1,323
2025-05-13 04:23:38,f4953806c5e25ca823a0dae4fe54970e9c5d3722cc691c76cacf2ddeb837aba1,896497,2846.0,154.0,0.054111,1,2,205
2025-05-13 04:23:38,50797f3759924ad362227313df1acc3752a70815b7df5b7619110a71d35761a1,896497,546.0,152.0,0.278388,1,1,326
2025-05-13 04:23:38,ddc02183064826ca7d5eb1ccdc7ed1b3981aefe078fca4f36ad8405ee3dfcfa0,896497,330.0,154.0,0.466667,1,1,331
2025-05-13 04:23:38,5313251621bf163a893b19c54d20bcd540e2aa2b683b1856b904d718dbc153a0,896497,901.0,99.0,0.109878,1,1,150
2025-05-13 04:23:38,1b477637dfcbfade253ea6811e4327556799250705fd19a3004248279e707e9f,896497,25509.0,110.0,0.004312,1,1,191
2025-05-13 04:23:38,a2e109f0eeb1b0f08fbfdcadac12774ab36683557c84bd18406cd7b89a62449f,896497,134976.0,212.0,0.001571,2,2,312
2025-05-13 04:23:38,a640c028183ffb8164d04fb2e3b7fc709087ed2cf4e77c3686c0cd1602b72c9f,896497,7767.0,99.0,0.012746,1,1,150
2025-05-13 04:23:38,2d61473ae5fc67a4187e72bb9bc3aadb873f2bd930512539f23ca2ef7acf199f,896497,172267.0,805.0,0.004673,1,4,450
2025-05-13 04:23:38,74ce61e2fca071504edd818a8dad7ac04e9894e8133cc2c25912a9510e04bf9e,896497,2965788.0,278.0,9.4e-05,3,2,521
2025-05-13 04:23:38,b9218c3482066075cf71de50b949347f680da90228219779f89dbbf3b9e5969e,896497,1481588.0,142.0,9.6e-05,1,2,223
2025-05-13 04:23:38,f146ec09355e83661564a44f9f044472b4bbfc999f43c838602afb639ed5449e,896497,546.0,152.0,0.278388,1,1,326
2025-05-13 04:23:38,1854fd607ea45db3be683ae5bde2d2dd313cc646935e845f8a74e3ed6b46fef6,896497,12816.0,154.0,0.012016,1,2,205
2025-05-13 04:23:38,16e0edd75bb763ef3f5f770636f143d82cf3bb542d02b8240bb4cb036a3e2c9e,896497,330.0,152.0,0.460606,1,1,323
2025-05-13 04:23:38,f3ca0f8a69ba32a3e46a7be7647d8446c6d89119ab47eba8c022537dffa1269e,896497,4163.0,279.0,0.067019,2,4,379
2025-05-13 04:23:38,9e99f507e54f829678b4d5fd595c4e7ee0fe32a6c6c68d7b1ce412255d37a69d,896497,546.0,152.0,0.278388,1,1,326
2025-05-13 04:23:38,de04141dc5d99ae2678147f7829cb04eb5be7b66c554e1cb9a5b65ffb03a74e4,896497,13900536.0,154.0,1.1e-05,1,2,205
2025-05-13 04:23:38,9a0dbf60c570412e33f82822ec71e84e54298eb2d964c2cc46a09ce8b7b26c9d,896497,5122207.0,686.0,0.000134,11,1,1232
2025-05-13 04:23:38,eb3e9e1d6cc01f719c86f84b412cdf19f0873ecb12c3e0cc5aa3fed181586c9d,896497,59831.0,169.0,0.002825,2,1,269
2025-05-13 04:23:38,b3c1780dabc7588e41363ed5dc4dcd3609a7655863f57e87c8ac7bc1fb06dd9c,896497,1016688.0,141.0,0.000139,1,2,223
2025-05-13 04:23:38,01c67a48ce8d05584dc255054fd96ccd96d537017ad3be61a76bf0fcd970339c,896497,420582.0,269.0,0.00064,3,2,419
2025-05-13 04:23:38,617c474600ec06b147c0be268af53e23c6246579a0fe84dcfcda84bdc769b69b,896497,2708753.0,277.0,0.000102,3,2,521
2025-05-13 04:23:38,3bdc18406ea44035cd7b87cd85aec07b88268ef28f193181fdf9c7743fcb999b,896497,546.0,152.0,0.278388,1,1,323
2025-05-13 04:23:38,1b786e0e1bd38d7cca9640f5317cc290535d58ffb055ab2b996bd18370db15a1,896497,18681.0,154.0,0.008244,1,2,205
2025-05-13 04:23:38,46fb49f0acb4cc13f19f76fafad1dddcd60fa932fa9f5ed6de9182147450689b,896497,63124.0,154.0,0.00244,1,2,205
2025-05-13 04:23:38,a2357662561aa00ead7100dc0de9901e7f00c3ee7fb559a2bfcb71bca982229b,896497,2576624.0,417.0,0.000162,4,1,741
2025-05-13 04:23:38,7831b0f3ea6f55d1e7fe190817d952a139534f74ba6ada1b20685fcfc165889a,896497,330.0,152.0,0.460606,1,1,323
2025-05-13 04:23:38,777b8a091d7d529de5f4dac8d89c418b1dd96c9a4c252cded4f8b0da1c72269a,896497,19117.0,110.0,0.005754,1,1,192
2025-05-13 04:23:38,9e53a399031c7f9e1c32313869872cf27206c59007e183386958d7c427eff399,896497,12956.0,212.0,0.016363,2,2,312
2025-05-13 04:23:38,0a0203676c8b9a076b78ade6a2aceb6e0a7de49547b4f76da4fedcaa0cb7b899,896497,96589.0,111.0,0.001149,1,1,193
2025-05-13 04:23:38,03f7f67f2ec2ab7d0b9fb023300b07e567fb8165d30d05367b087727e2ed8a99,896497,183103.0,805.0,0.004396,1,4,450
2025-05-13 04:23:38,7c3b8a65494fa45ada189faf50f85919d3314ee209809727052cfea92dd28799,896497,546.0,154.0,0.282051,1,1,331
2025-05-13 04:23:38,10aacb4d3b57898d72cc954201bddac19a1bf3aa6a658729d871c49ae92ccb98,896497,16868241.0,141.0,8e-06,1,2,223
2025-05-13 04:23:38,c2358259f425d6f64e6db2431154412e3632e73abb9909d949ba134976e83098,896497,546.0,152.0,0.278388,1,1,325
2025-05-13 04:23:38,33fc54eb24a7399cf458dda560ea69410e0ee0cbaa7c0756e29d94fded9d1d98,896497,330.0,151.0,0.457576,1,1,320
2025-05-13 04:23:38,2331de72835e7f93dc72f75c1c13183cac2fc295d29b93c6f8a5a2bb87daf897,896497,546.0,152.0,0.278388,1,1,326
2025-05-13 04:23:38,eddf5c093104989a961780aa0c90ff37fdf434e753550b5d43bcba8af974ca97,896497,546.0,152.0,0.278388,1,1,324
2025-05-13 04:23:38,0b1596ec0992433158aad1e3df08a70c08f9d0c197dd19d0cfd4f1160e93cfe5,896497,123892.0,154.0,0.001243,1,2,205
2025-05-13 04:23:38,f418179376cef28c2fca9bb1769ede219214fd1cc2e26a9d81bab7ed8c4d8497,896497,7175.0,805.0,0.112195,1,4,450
2025-05-13 04:23:38,7e79d5036ae0d36f149a6510096f1ead8625a33ff503dcb00098e800baad0e97,896497,546.0,154.0,0.282051,1,1,332
2025-05-13 04:23:38,c8de6bb88d2fa842c972203ee1d9f2a6b69863d91436186978fe26f90789fc96,896497,330.0,152.0,0.460606,1,1,323
2025-05-13 04:23:38,1b2eff62c193bfb7c3749205e222aaa928436ca0bcf8630e836b256abd9acd96,896497,546.0,152.0,0.278388,1,1,325
2025-05-13 04:23:38,6a549158ca80c0b924fc26a50630634b1a7ae930be3fb4bcd163db74ad9d8d96,896497,553130.0,169.0,0.000306,2,1,269
2025-05-13 04:23:38,5b6e91e15c436a2d028e82ad6f18cd2fffc5f3fefb0fff6fa2c4857f95068296,896497,29328381.0,184.0,6e-06,1,3,265
2025-05-13 04:23:38,5c5534389d53fbb21c557b8344d54c8222ff2e9d155857401da587021eeb5c96,896497,102107.0,111.0,0.001087,1,1,192
2025-05-13 04:23:38,f07dca58332bcf5120638fe83527f0d2fa41814d9284bcfd241a32b3d429fd95,896497,2466542.0,110.0,4.5e-05,1,1,192
2025-05-13 04:23:38,bb77e235c7d61ef772736ac412d6984ca9f0ffed5d5d51c7f83de39146c47095,896497,85355.0,145.0,0.001699,1,2,196
2025-05-13 04:23:38,6907ff74db20ae67abb79dcaf63acf7c6052ce6c3e525c61df917ca4ab386a95,896497,93489.0,111.0,0.001187,1,1,162
2025-05-13 04:23:38,59e63f9e43537dae3d892763da7966d37f27e7e9c2b9846198d64f77cd3eed94,896497,74513.0,212.0,0.002845,2,2,312
2025-05-13 04:23:38,6aa7b1be9fdfd1e6896e6381a1a751dac16f4173abc8607193c10ebe1e4c0fa1,896497,74725.0,212.0,0.002837,2,2,312
2025-05-13 04:23:38,f3aefa3d4b06254e7b41554da99e534d2c3d19e63ae94c79c7fa596a57e3df94,896497,687857.0,143.0,0.000208,1,2,194
2025-05-13 04:23:38,efa3202d80510f22d0569e9f23a9c3311e405eff880d219e761251175253bc94,896497,27690.0,169.0,0.006103,2,1,269
2025-05-13 04:23:38,158fd481dc448081b56c713155a3ab0444077f0a3457b878fceeab0c490fb894,896497,53820.0,110.0,0.002044,1,1,191
2025-05-13 04:23:38,beb9f88a2dfddd3dfa67be6649b4a4e316561399eb961ce1e1fd6297e5fe9a94,896497,140949.0,110.0,0.00078,1,1,192
2025-05-13 04:23:38,6850feabca643d5ae86a122fdce195a1fafa414625e2a50afacc93ceb70a5b94,896497,18836.0,169.0,0.008972,2,1,269
2025-05-13 04:23:38,8e28862e03d1be6756b1d2a5ab979615c702962823a048a9109b8a5409905994,896497,546.0,152.0,0.278388,1,1,323
2025-05-13 04:23:38,9043fa04324283acd3c515e52bbbc503c124ef7f11726832933f81c9e6494594,896497,5810259.0,277.0,4.8e-05,3,2,520
2025-05-13 04:23:38,69c4a52125a00027d5932162350a84268295a63a80ead6aa3983d9161c68e293,896497,15271.0,275.0,0.018008,2,4,375
2025-05-13 04:23:38,3a6dd6af7bb4588f9cf779b5325d772bb20c44003a008000f0dbe33fa899c793,896497,546.0,154.0,0.282051,1,1,331
2025-05-13 04:23:38,9c4e3161cc2233039613ef04628aec73e7cd51fd354224dfaac059a27dfc059d,896497,15846.0,154.0,0.009719,1,2,205
2025-05-13 04:23:38,012de7b3b33bb8b69afefcba0590018db16c63b1c3c365eec1ea8f1ff39c5793,896497,119947.0,212.0,0.001767,2,2,312
2025-05-13 04:23:38,3c9971c80845c0b2709d7e3b2aa2e3f688d0a29ec525d27ab65709ef8e5e1993,896497,482690.0,341.0,0.000706,5,1,590
2025-05-13 04:23:38,619dacbbabfb33630f3ef2303872cebdda836ea1aa2597b6e00826a38a54e392,896497,1061621187.0,141.0,0.0,1,2,223
2025-05-17 09:37:04,e1c40f1d5cab4a5cae951c723a09d442f7712423e294843425e14fb4bfbb1c72,897084,570507.0,864.0,0.001514,1,2,225
2025-05-17 09:37:04,54196ddfae6453d4fe14e4a69cc4b5a056fa3b53f894e976a5bdcc418843c76f,897084,49076.0,924.0,0.018828,1,2,205
2025-05-17 09:37:04,efbcfaa29b9ac74f85df8df132b70a7f79e8e975a720587e0f8a9f12b4c5576f,897084,186187.0,846.0,0.004544,1,2,223
2025-05-17 09:37:04,11ddd7f0b3e6a3ab07f6fba2492961698d409beb1dfdb5a7531afc0f0264ea6e,897084,546.0,828.0,1.516484,1,1,305
2025-05-17 09:37:04,d529f51137c8f1ff6067b1c2d36788124a779cce8f30f4340a55747bffb3d96e,897084,546.0,918.0,1.681319,1,1,330
2025-05-17 09:37:04,a8b92bfb78d783e1a5acbad667377c8c6e276a969691953e0493c801e1b865ff,897084,84415.0,924.0,0.010946,1,2,205
2025-05-17 09:37:04,08429de9fcd4bf922586065fa5fc21592dec810c1376497e1db6fc1388abb46d,897084,546.0,828.0,1.516484,1,1,305
2025-05-17 09:37:04,2b438fc84f485e0063361252ea81732d8f334f6891be8a4055b52da2d55bb06d,897084,229294.0,924.0,0.00403,1,2,205
2025-05-17 09:37:04,fe0c07ef9d961e71afd51ebc1d38fc06836d76f5a5c838e87c06d35e273ed56b,897084,25694.0,846.0,0.032926,1,2,222
2025-05-17 09:37:04,95d7855368356cdc03fc01fd46be5624f7d8e3b64b7fe9b4c4402b56d58c3bf4,897084,132840.0,846.0,0.006369,1,2,222
2025-05-17 09:37:04,1d25c1dd79cdb0731c4f51ad5d9a1bce9c854e75baac458892aa002ab8d0216b,897084,546.0,852.0,1.56044,1,1,319
2025-05-17 09:37:04,8376544c8a4ec1835417c1d49764236ff1d4ca7e2bdb88282a44a5d995e84567,897084,34976.0,846.0,0.024188,1,2,222
2025-05-17 09:37:04,c0309bea6287baedba1cfdfecbd73586127ffc6df46396c848ba19ed0ebf0967,897084,143817.0,1302.0,0.009053,3,1,367
2025-05-17 09:37:04,c0c098871024fe081bef3ba12bfe36720b5a5476e3a830652e4be1b162a89865,897084,546.0,918.0,1.681319,1,1,330
2025-05-17 09:37:04,f0d928f4ab6ce464e679e9e53f89320403f85241303ce875d7346c476fbd4e65,897084,124056940.0,4242.0,3.4e-05,1,20,789
2025-05-17 09:37:04,396aeb23a2c475ea517be34842eb15e78677f41ffe044b3b70d172da10242365,897084,2682248.0,846.0,0.000315,1,2,223
2025-05-17 09:37:04,6cbec776ae78a167b930e897b61c702cfa404b4b4c10da623c1795d82ba84c64,897084,1203752.0,1248.0,0.001037,2,2,370
2025-05-17 09:37:04,307a9e69169046f6db552107beec30ecef09d2c6add32aa9b9545ca87b9cd661,897084,2510040.0,1272.0,0.000507,2,2,312
2025-05-17 09:37:04,2d650a185e9bf7a729276f6f50c1aecd6c635279db08c8dfc3f7af7146571e60,897084,546.0,828.0,1.516484,1,1,305
2025-05-17 09:37:04,e0ff22a4ba6945350b2bc14d40b534ce7a9c8661913f8dd7ca3e438da06e0560,897084,12186750.0,846.0,6.9e-05,1,2,223
2025-05-17 09:37:04,cc08a76fbfdf316a66f5277db9b439095f1d73992810aeda97b9c64207900260,897084,2032000.0,600.0,0.000295,1,1,151
2025-05-17 09:37:04,af88fef26d14faf00aa4211ab312516c6f04af793e90e44754450fb23696a35d,897084,357822.0,924.0,0.002582,1,2,205
2025-05-17 09:37:04,ef29d6e5ae8cf1f8f333b1ec3908548515ecc5784aadc1a3cd0de68d5970c95b,897084,546.0,828.0,1.516484,1,1,305
2025-05-17 09:37:04,e3012ffc47e87ac4a079b0a6a69d7a95c4ca28a942fbe44f332bc523014e2a5b,897084,546.0,924.0,1.692308,1,1,331
2025-05-17 09:37:04,86bb5160e4a6c519edae8f4928168be4ae139ed51fa6442e4ee2ca135803a9b3,897084,241408.0,924.0,0.003828,1,2,205
2025-05-17 09:37:04,a8b64ed726e9c14588d9d8e4e2d945dbc2743f180598d2981b0848b6136af75a,897084,73022.0,4830.0,0.066144,1,4,450
2025-05-17 09:37:04,28b2150a18a21a64a3e504591617aad3b9c04ac540e1b03a5a57d0b45b106056,897084,63616428.0,1008.0,1.6e-05,1,2,296
2025-05-17 09:37:04,0c4df496660ac6737de6850d0931340aa0a4bf624815b92fa2075302a47c3156,897084,226061.0,2994.0,0.013244,4,6,699
2025-05-17 09:37:04,3fb86278e53a96c7a52be23aaa3fadec54553f9f74d4b378d95419b4ccac68cc,897084,228509.0,1182.0,0.005173,1,3,248
2025-05-17 09:37:04,ffabbaa93ead27d5b9460c70bb7fde1c1a1c305577d596ed5b45a1d5f52c4b51,897084,148239.0,852.0,0.005747,1,2,224
2025-05-17 09:37:04,661d692b19fafea067272fd265f6a2eaf3ff73fe731920318f16818a1b15214f,897084,546.0,912.0,1.67033,1,1,325
2025-05-17 09:37:04,1856cf5b798e6d79aee74766a2a1fc9e0422ef36db0e8c2676f4edf21951fe9d,897084,42818.0,924.0,0.02158,1,2,205
2025-05-17 09:37:04,f5abb25dcb92009def82d8b15556299b1d76ea9c68770d90e1fb8f0b7659fe4e,897084,4686168.0,846.0,0.000181,1,2,223
2025-05-17 09:37:04,bed611a37186c1e11621d9ec759f1762b055050db21c3b2b38cafcd84f6a1f4d,897084,276155485.0,864.0,3e-06,1,2,225
2025-05-17 09:37:04,b0700768aa9783d5b712d1f50e02793478d7526f25612702e8d15bff33f87d49,897084,66833.0,924.0,0.013826,1,2,205
2025-05-17 09:37:04,465faec447cb1f3d54d48df0689188d2b605becbd5f2f3f432a6d767cd4b3844,897084,17435.0,924.0,0.052997,1,2,205
2025-05-17 09:37:04,8055cccf3c397f6840239a6c08b8ad0254faed5446af971b89fb3acd047fc243,897084,546.0,828.0,1.516484,1,1,305
2025-05-17 09:37:04,4ac2d2b74c2fdf4ebcee32d62a96751796208af90ccaec46811f2b6509f0bb41,897084,546.0,918.0,1.681319,1,1,330
2025-05-17 09:37:04,71aabb2fbdd4ff8c25ab88c7b7a805d689c65fade5f3748735648c0b0bafde77,897084,91189.0,924.0,0.010133,1,2,205
2025-05-17 09:37:04,04e5ae2d9db4400af8c91c2b20636e31d08b23923a0b652bd38225ee90656441,897084,99873246.0,864.0,9e-06,1,2,225
2025-05-17 09:37:04,97add08b6383d82c88f1edd32753fdb5e74bd1bb89d7f1ed1888d7fc643b0541,897084,546.0,924.0,1.692308,1,1,331
2025-05-17 09:37:04,242c7e8d8eded13df44dec91bfd43e36d6e060ffb11f9ae993eadb88f3378984,897084,66116.0,924.0,0.013975,1,2,205
2025-05-17 09:37:04,2d6c5c4c1b7f7b0f738590394f18ab7133d27586e4cf23bed3e649c28d1f113e,897084,546.0,828.0,1.516484,1,1,305
2025-05-17 09:37:04,dc5efd25e6cfe17b4603abaf6b60e4833b8b81fc61bfecef4ca08268dc885e3a,897084,98413.0,924.0,0.009389,1,2,205
2025-05-17 09:37:04,997a20e410e5f64751a528030dd912adfbd9fcdcaf28a2ff933e5e89d62eb338,897084,546.0,918.0,1.681319,1,1,330
2025-05-17 09:37:04,673421d46afa18849b2a4070420e8ac39ace42a14221fd73843fc4c77e4c2da2,897084,69612.0,924.0,0.013274,1,2,205
2025-05-17 09:37:04,0c4451def6fdbc45cc2f0529c19f15bc9e895d3ff8368e49685706a76b131238,897084,50558.0,846.0,0.016733,1,2,223
2025-05-17 09:37:04,ac5595f125ea0aed6d91a5fcec5a2d9c76077ab80c8a8b3359e55e547ce76d37,897084,429762.0,924.0,0.00215,1,2,205
2025-05-17 09:37:04,81e38a9bc2e6d207f063121e1737e6ffa88d1be5f35c626ba2284254aa786637,897084,1924733.0,864.0,0.000449,1,2,225
2025-05-17 09:37:04,2686956b481493aced74e705f462e91c8c915836ba22246c5d9b94052be92037,897084,581949.0,846.0,0.001454,1,2,223
2025-05-17 09:37:04,b195044503d3bebfbe6549fbebfe4c846b83e72613816929115b662fe83f0a37,897084,3013916.0,3078.0,0.001021,1,14,594
2025-05-17 09:37:04,4493b49bb7bc6d093d1086cbecae4247e9860f06c723be0aeac6539b02ace635,897084,262487.0,924.0,0.00352,1,2,205
2025-05-17 09:37:04,da2c97113a297e0f553120ab98c441c687ae89e5d2b4541e16a437d1c094d835,897084,535352.0,2994.0,0.005593,4,6,699
2025-05-17 09:37:04,8bfeabf6f8f84af5d6cdcb96088b568ceaeeebc931af740a1c7f16208d4e8b35,897084,546.0,828.0,1.516484,1,1,305
2025-05-17 09:37:04,3f0a48dc33821a6dc00b078bfd2b8bd9fb32058fe12128046284984ce82b7634,897084,2358794.0,1206.0,0.000511,2,2,301
2025-05-17 09:37:04,9411edb27847e072ce89f8682cb72def0595d577539fd03a91d916e9aaf95434,897084,104731413.0,846.0,8e-06,1,2,223
2025-05-17 09:37:04,97244088bcfe6f225050565398bc025d9cf2dfd2d89bba1240424f0b10cba633,897084,2008.0,1272.0,0.633466,2,2,312
2025-05-17 09:37:04,9bb5f9faf89c773d4c9f736d1542b41181ea6b510ad8397d4042f77be1908732,897084,497001.0,864.0,0.001738,1,2,225
2025-05-17 09:37:04,7a8e99d0a3e1a72fe9d4a387b710ed61eabb2d6bd515034d8883ea4f9dec6732,897084,546.0,912.0,1.67033,1,1,323
2025-05-17 09:37:04,7ce552cb2cff6898b25f14bffd4a1e74b82499175d47cdba1d3f942ca598a634,897084,997340.0,924.0,0.000926,1,2,205
2025-05-17 09:37:04,5ce7e3b7166f11a1e9e5a7a0aefd6a632ff270b25a5db2e34b11312a53145831,897084,546.0,918.0,1.681319,1,1,330
2025-05-17 09:37:04,cc02a9bb6b9fae0deac33f91ea0904cca679e91dbab0c6249e5267b2b0d133af,897084,159576.0,924.0,0.00579,1,2,205
2025-05-17 09:37:04,0b8395344351d5c1e4609a90afeaf48963d57ed938057030b57a0ffe2ec32c31,897084,52602283.0,1050.0,2e-05,1,3,256
2025-05-17 09:37:04,3a01f92e7110da974116401cd2b75d94ee9c360ec3add83b00c5974de136be30,897084,121433955.0,852.0,7e-06,1,2,224
2025-05-17 09:37:04,dd9aa0d51c830c8bfb8c508770d5ff2ac41cbb9c2ee789ad379fa0b81467a030,897084,2181204.0,846.0,0.000388,1,2,222
2025-05-17 09:37:04,28de28dfdde18ce0a4aa30a61bef2d13e0cba63a5f2c8f2a20006feb253ef52f,897084,240829.0,1254.0,0.005207,2,2,372
2025-05-17 09:37:04,2caa6ee97e0e00d3a5d5535beecd0af7309b7e7801ae6306a4ef15e86d0dcd2f,897084,23015902.0,1032.0,4.5e-05,1,3,254
2025-05-17 09:37:04,4f894ab6b60eb98fa8564ed1c9a9edb3452b8a161b25d516f93cbbdb888a912f,897084,184828790.0,987.0,5e-06,1,2,222
2025-05-17 09:37:04,35e00f1fafc9574d89ef996d37bb1aed14c366d8cbe9bca709c938498c7e40d1,897084,185049858.0,705.0,4e-06,1,2,222
2025-05-17 09:37:04,04cbc59cb19fb91d2c01dd3669a574effc7b5ad2ea127431523f2ca967ff772e,897084,969340.0,924.0,0.000953,1,2,205
2025-05-17 09:37:04,ec380f6312bf0b5ce16efa8267571a183b17202c32b4687506113e26c551a82b,897084,285923.0,4830.0,0.016893,1,4,451
2025-05-17 09:37:04,5c855fc7546662f04b36cda04213a14e16c17777e5e7fa4f0b7f26d4776f842b,897084,9067679291.0,1896.0,0.0,1,6,506
2025-05-17 09:37:04,1189a528bf808c2e84731000c22b6e574c9253420dd1ac450a2b4d72ce05902a,897084,546.0,924.0,1.692308,1,1,333
2025-05-17 09:37:04,57ae32ca0d5bc662a1f12e8c776659a6324eca8a609de8b23057557d86cafba5,897084,96437.0,924.0,0.009581,1,2,205
2025-05-17 09:37:04,403f6019a794844df2d3a6937640becdaa89c2848f504550042353f31cb99327,897084,48300.0,924.0,0.01913,1,2,205
2025-05-17 09:37:04,34a9549cb3bb3419475c40dababb4064ad2c9141e786580e889315fea6a3c625,897084,103110.0,846.0,0.008205,1,2,223
2025-05-17 09:37:04,be67c1ffcf219f6c8f6c2bedbe2b529adb104ec938f05c7e48c509316948c525,897084,546.0,906.0,1.659341,1,1,322
2025-05-17 09:37:04,4ad8a126d61f75e1db82d1a38e667c03b2d0fd4c4dcc523c17f7b19a39eb1cfa,897084,17103.0,924.0,0.054026,1,2,205
2025-05-17 09:37:04,cca4b92db9f3990900155c67b04f4c24254d833b2cc5f871c3e7ad2d2f785625,897084,546.0,924.0,1.692308,1,1,332
2025-05-17 09:37:04,3a6f36bf092e6816a1c022c7af2f91dfa06566a149f7454e422a8f441b87a3ad,897084,26374.0,924.0,0.035035,1,2,205
2025-05-17 09:37:04,e978684d7c70c6885323fd5543d295de20de175fd777ca9b149afb82d6a54125,897084,383608.0,1392.0,0.003629,2,2,394
2025-05-17 09:37:04,2d0a165ad06f726ca9c9de81cf3c2b2bad2846b62f306791417c78fe0ea5c024,897084,3317450.0,1038.0,0.000313,1,3,254
2025-05-17 09:37:04,f408ae85d4cba959fb018d26405efa20f19e3ac9e76e890f57b7f9d32df4ad1f,897084,1570062302.0,846.0,1e-06,1,2,223
2025-05-17 09:37:04,d7aab0eed53fb5b850d4da744f0b99ff1a83b0de7f764baaf4233babcc5fd51e,897084,546.0,918.0,1.681319,1,1,327
2025-05-17 09:37:04,3e667bcbf2ca5a95f0b145a284254fd3c9574222744e2fe2d2e2096d5e4600a2,897084,49909.0,924.0,0.018514,1,2,205
2025-05-17 09:37:04,288dd27452ee514fea3c6ef8e1fab527ffff9f9cfe8a7660c8bff27e76249c1e,897084,546.0,846.0,1.549451,1,1,318
2025-05-17 09:37:04,d39b9e125a279e39297b39d0f6d33efaee9ac6588df4dc8720c5fd655760ab4d,897084,62145.0,918.0,0.014772,1,2,235
2025-05-17 09:37:04,2003ff1bf1b10805c89a90f85f09637e08549beca0622bf435a7ce7838f3661e,897084,16123372.0,1230.0,7.6e-05,1,4,287
2025-05-17 09:37:04,c2f1722400deb8820c49b63e4827e5ee35859cd0aa8a4fd4e91e71d46afc001e,897084,4992485.0,846.0,0.000169,1,2,222
2025-05-17 09:37:04,9de3e8fc36c8b94f43827db5c32d9180b88957fc5562a980acda62ba6a808b1d,897084,546.0,852.0,1.56044,1,1,319
2025-05-17 09:37:04,6d2c3d2c23982a91c16753dc0f81dc8e3096a1c92da0ed04cf2f5d36196c8f33,897084,64461.0,918.0,0.014241,1,2,234
2025-05-17 09:37:04,2490f5fa66672a4a888a938c93da95e821acaad36696edf645fc3cc7ade97b1c,897084,97569.0,1272.0,0.013037,2,2,312
2025-05-17 09:37:04,2077dee2aebc9a5c4181702c0883f864b6bc5778396ac8bad976990befb1111c,897084,6361899.0,864.0,0.000136,1,2,226
2025-05-17 09:37:04,2aac8f5ca538b430e02e11e2a145f125b1c0a662a833d6dbbe074040dd97001c,897084,866777.0,4830.0,0.005572,1,4,451
2025-05-17 09:37:04,ec9c64ee7bc131c64baeac842c5cced259273d8948f1367c4b410c4377b0f01b,897084,10300.0,1656.0,0.160777,2,4,376
2025-05-17 09:37:04,18a1da50a8958b03437e5983b562b491fbedd42d71ab9d1c5788f450a5b3d81a,897084,755006.0,846.0,0.001121,1,2,223
2025-05-17 09:37:04,383c5f7bab39a3a5e5a2a4de63a5cb89dcf2e949e7145345c916dfa2cc269a1a,897084,192560944.0,846.0,4e-06,1,2,222
2025-05-17 09:37:04,5bb19d2b84f21f582407b963c616c0a472ee0f9a39f68377d9be58f7178d841a,897084,89479.0,4830.0,0.053979,1,4,451
2025-05-17 09:37:04,ffe297352ee9dbb2e76b683e09fdcd6e76debecb0943d326a91202e4d7ce481a,897084,77924.0,846.0,0.010857,1,2,222
2025-05-17 09:37:04,c80eb4e3249e4d900d89067a62afd3ca0665d790f64cdcd72cf8253acaf377ad,897084,1004970.0,864.0,0.00086,1,2,225
2025-05-17 17:52:33,0d57cc9e72cf08191bb4915b6670412005b36d357a4326ef91859760fd57e2fc,897134,121345.0,568.0,0.004681,1,2,193
2025-05-17 17:52:33,1f97915f466755aecf68db18b81af80bbe2b0aee981a0dd01625fd9764de8ffb,897134,1013311.0,1028.0,0.001014,2,2,419
2025-05-17 17:52:33,706e3f2a7e1f66689fac1548827db1015af3be7d9c21de24f2d91afecdfb2efa,897134,59933.0,564.0,0.009411,1,2,222
2025-05-17 17:52:33,26fffb9e6a12ed3201a30b53774ea36736efa00d70589563b650781f3a5988f9,897134,538913.0,904.0,0.001677,1,2,226
2025-05-17 17:52:33,3637ff76c7b20a2a535a7c186134943be827b09d07e9894dca8bf7227b5482f9,897134,105108.0,564.0,0.005366,1,2,223
2025-05-17 17:52:33,9d2591d37c4f1be2835d1c5216181308545951f7353d3ee2ceb01048fef145f9,897134,532461.0,576.0,0.001082,1,2,226
2025-05-17 17:52:33,3e5a3df9c83c2459a3a232eb9f9ba782414df00eb8b8683936228329f271fbf7,897134,9666590.0,840.0,8.7e-05,2,2,373
2025-05-17 17:52:33,28112f67d4a294c88b5a2165eeb7db5f48a245d580751fe57b7057da2697c9f6,897134,170746.0,564.0,0.003303,1,2,222
2025-05-17 17:52:33,4d70394b33480f21896b44172e235e5efd0100110fd9703c1fdb6ff9151361f6,897134,1725414.0,568.0,0.000329,1,2,224
2025-05-17 17:52:33,3d31cd0c861f806ca5288d9b1223260fd180ce4029255fc21cc7a5f0c2745bf6,897134,2302698.0,452.0,0.000196,1,1,195
2025-05-17 17:52:33,6f70e7371b2272596eecce1304f7610c4a6d08068c20f147dcf9243dd86aa9f3,897134,33554.0,2236.0,0.066639,9,1,1006
2025-05-17 17:52:33,7ad3bc044f165add0cb34d15db0fb6a5e772f33193d18b9485a41f2684076cf3,897134,392263.0,564.0,0.001438,1,2,223
2025-05-17 17:52:33,a3b83271b7b0a937e549b3405ad690daa89d7c232840c01e49014124783f3ff3,897134,453230.0,708.0,0.001562,1,2,258
2025-05-17 17:52:33,2c49dce273f80c195f7aea8e816e4fe90bf7a89ec6a2687367954dd2f6b4baf2,897134,62192.0,840.0,0.013507,2,2,372
2025-05-17 17:52:33,588f8d310728943173577898225600f359f50278d2f958112c089b3d9563b1f0,897134,96328.0,452.0,0.004692,1,1,194
2025-05-17 17:52:33,8f8364da02b374cd6689099bab6c4e9e17cadd2a49ff9df8f0a7050fbd8afaef,897134,3051123.0,628.0,0.000206,2,1,257
2025-05-17 17:52:33,bf1afeeb574d7101a4e65bc3929b274a1382d6eb55310991b5280d693feb49ef,897134,5659042.0,576.0,0.000102,1,2,225
2025-05-17 17:52:33,db625a4db8c840000fe84a5851e21c35d01c449ef6fc30a323631cb649b4f2ed,897134,24684.0,440.0,0.017825,1,1,191
2025-05-17 17:52:33,f34a2ffdccccebad78254f4695247e3355078ba848488e7cfa39d6cfe2799fed,897134,76130.0,564.0,0.007408,1,2,222
2025-05-17 17:52:33,64e61b3f168623fe104fd144f115b39d4f8df9b3cbdd7f053091fc1d64c419ed,897134,1247428.0,708.0,0.000568,1,2,258
2025-05-17 17:52:33,f97df81c794e1c130df26317f3b7d6823eb6015eac1f52f8e4766012a8ee12ed,897134,18524.0,580.0,0.031311,1,1,322
2025-05-17 17:52:33,bd2595710adb6a3c31c4b5a87b3f5fbea44f31f297a6c0d741b835648b62d6ec,897134,21503.0,568.0,0.026415,1,1,319
2025-05-17 17:52:33,95fab5aee9675c9bce7f8cfd53e94b4fa929ae132c60d81f46762bd1e0e343ec,897134,77852.0,836.0,0.010738,2,2,371
2025-05-17 17:52:33,7b4784bbbdffaa8cd10a07b228841cf1b2e920eb427f0de021a0e39f0febfaeb,897134,943461.0,568.0,0.000602,1,2,193
2025-05-17 17:52:33,daec2b5bac220a32c82d04c6e6537ba3420269a2551e8bf09f9445910701afea,897134,95525.0,564.0,0.005904,1,2,222
2025-05-17 17:52:33,75732514761a65e2d7b41b373287de045446724a089d461be1a44b8ec5c89dea,897134,14229131.0,848.0,6e-05,2,2,374
2025-05-17 17:52:33,f4a311348daaf6e30be2bf17cf6eb056638b4520e4c3b57b16b346d83644e0e9,897134,724095.0,848.0,0.001171,2,2,374
2025-05-17 17:52:33,ed83d3c44ba5e983009792c2755f9e2ec101fc0c8ffe446b083335702778bce8,897134,34979276.0,724.0,2.1e-05,2,1,343
2025-05-17 17:52:33,d217d53bade76aa1052bc3c9c76cbc8b8ace206867c98380abcf01ba1b11b4e8,897134,421233686.0,576.0,1e-06,1,2,226
2025-05-17 17:52:33,81bf2d7d35eaf99c2cfd5eb88362ba12e3d6f997e0335a4eb334bacd80416ce7,897134,96528.0,836.0,0.008661,2,2,371
2025-05-17 17:52:33,36238c534540ecd4960ab320ca3d01c541467cc925cf813f4d66732aa14981e6,897134,292845.0,576.0,0.001967,1,2,225
2025-05-17 17:52:33,65ddd82c48f201a006aee714a1c3f25b23b409560ad67f1a0152a5aa5ad1d6e4,897134,72192886.0,564.0,8e-06,1,2,222
2025-05-17 17:52:33,908fafdea4cbacdf000fa4a6410e09e1c4965864109e4ac84e6999c74c5e0ae4,897134,158546.0,488.0,0.003078,1,1,203
2025-05-17 17:52:33,1dd94f335422a2284a9233b8b61afb65aa4606c890bc05ad2df2b397f1cdb7e3,897134,77342.0,564.0,0.007292,1,2,222
2025-05-17 17:52:33,56e1db7563190fcf02492193757a7ad721f330929e15f72e3103b21a9ba2f1e0,897134,110432.0,568.0,0.005143,1,2,224
2025-05-17 17:52:33,244b6232b52e335e600ec1304eaf4881efb83b1b0b0d76b46605fff785dfc8e0,897134,623657.0,576.0,0.000924,1,2,226
2025-05-17 17:52:33,6fd797a742857ae3330331afbf81db7e3ef68e76026217fbee98b62854ce2de0,897134,7477782.0,708.0,9.5e-05,2,1,338
2025-05-17 17:52:33,76a1ee77e0a26b2d63e52e0d6e4acd270147d6ab342568c3444e8760a59995df,897134,16976.0,440.0,0.025919,1,1,191
2025-05-17 17:52:33,c1fa04daed23aade037d986835991ea240bd613906b2ba3cbb555a615dfc84df,897134,17965.0,444.0,0.024715,1,1,192
2025-05-17 17:52:33,8090760f7612b8466707b2b1495acd23871ea891d41428064927c26df6e357df,897134,2876431.0,688.0,0.000239,1,3,253
2025-05-17 17:52:33,12cd085363e08da7955b57e050c0be88de3b5144ead9ead66a6781bd170eefde,897134,6655.0,440.0,0.066116,1,1,191
2025-05-17 17:52:33,0d31b002217b80f682d58518bd5662aee868e1e8827a133ee2feac58be77b5dd,897134,61108.0,892.0,0.014597,1,2,223
2025-05-17 17:52:33,87816814d2168e175b8096b32d89a6ca2ee9ed7ac83032fbb3386a9abc2b66dc,897134,218327946.0,664.0,3e-06,1,2,247
2025-05-17 17:52:33,e84555ba0210da745b4f02553b3e77115e6ef3d00345bf305cd5ef81e0fb0adc,897134,74873.0,564.0,0.007533,1,2,222
2025-05-17 17:52:33,47664e40e9899550de29e553a9abd9696a7b9e912e0a9212d390f8c954d5c2db,897134,901589.0,564.0,0.000626,1,2,222
2025-05-17 17:52:33,f2a946a63f21e2c5aec1f8fc61aad7b83ec5ff0574320ce2914cfe09debb9fda,897134,10691962.0,892.0,8.3e-05,1,2,223
2025-05-17 17:52:33,a450e1d2540a9f3857297e5a4742b6f5afa3458513bd0eaf4a912502e407c3d7,897134,96702.0,896.0,0.009266,1,2,224
2025-05-17 17:52:33,e7c85aa292f360412a6f8c0dcfa4508d5f07fdd7e0f1414e4cf7afd13e4a1bd7,897134,110330.0,564.0,0.005112,1,2,223
2025-05-17 17:52:33,460f0573152f2037a3dd4c3dc0d408acebca4b0f3ae801c3e9ea2b2fb949ccd6,897134,281389.0,712.0,0.00253,2,1,341
2025-05-17 17:52:33,6d9bc65a12945517c01e674ec50ba0271fef2b126a69888e1233a3a8f69021d6,897134,100493.0,712.0,0.007085,2,1,340
2025-05-17 17:52:33,2906febc7f1772e0c02f6cf7547c497b349131bb50e8dc2bfaae46394beb1dd6,897134,78684.0,836.0,0.010625,2,2,371
2025-05-17 17:52:33,8db7f5cb96c76975e25b274b2e0156425ea1ee4a4d0daba1d76a84bad2f8edd5,897134,1700749.0,1032.0,0.000607,1,5,340
2025-05-17 17:52:33,95e7cafaf1f9d01704913af53af016cc5b1171f06449f6369b5c6c625874b0d4,897134,33948.0,444.0,0.013079,1,1,193
2025-05-17 17:52:33,24deaa6bf81f43b52ceb8ef74fa712a1f42ac50e3691831cf940fc1c70910fd4,897134,42688.0,848.0,0.019865,2,2,374
2025-05-17 17:52:33,7cc69c2933e317373828d6282c160918c800a1c6d4f976cb1d21f8f8be53fcd3,897134,73914.0,568.0,0.007685,1,2,223
2025-05-17 17:52:33,ae4726b35a81bf84ae2ad8b9a3cc0753556d0a0b729fa61c02f0d364503d88d3,897134,252019.0,576.0,0.002286,1,2,225
2025-05-17 17:52:33,d8a31ef99e63fbc12bd49b057b46c1431390896c2dde47b51db923b95d9c23d3,897134,10170220.0,904.0,8.9e-05,1,2,226
2025-05-17 17:52:33,a4cb43d2c0a106914a39a155480a61a4f1c0211b1ec4475c95144b5c94a677d2,897134,161653.0,848.0,0.005246,2,2,375
2025-05-17 17:52:33,a9eadc5212f145b30e5d2c642ea5265f029fb1cf171fddaf90c15408f2f1f7d1,897134,178734.0,904.0,0.005058,1,2,226
2025-05-17 17:52:33,4737b9cd7cf6b7327e8a8bf18bc90d404ec68d28f3edb1e8b469fe6c418ce0d1,897134,657659.0,892.0,0.001356,1,2,223
2025-05-17 17:52:33,ccd5c496ecccb2f71572656ae1eb5d223597f62c500831393ae84bcb16a0a4d1,897134,4802846.0,568.0,0.000118,1,2,193
2025-05-17 17:52:33,344b56adf302c02640246e3659a341bbbf193be346fb3e182977eff4124921d1,897134,18622.0,564.0,0.030287,1,2,223
2025-05-17 17:52:33,271e1447a4f326f5957a52a5b7e6047d428f319c189ca267ac8c2b0e9713cfed,897134,38786.0,576.0,0.014851,1,2,225
2025-05-17 17:52:33,497c6687c3518ea0c529fde5de5b6e966199e61154f41f5c78ff7986af84facf,897134,204900.0,564.0,0.002753,1,2,222
2025-05-17 17:52:33,0984b53106cbf42dd1d4cf13f245ab257e8b1bc4f2e4c5b2b0c2ba1769c114f6,897134,302422.0,836.0,0.002764,2,2,372
2025-05-17 17:52:33,f76166c850e496e4b079d3f7b00fb02b74b114406aec08af8640b853c2f2e6cf,897134,550538.0,568.0,0.001032,1,2,223
2025-05-17 17:52:33,f6b895c2f463c78adf4a0d575ac8b36b5b389ce4d6343c1a44723c70f472b2cf,897134,623153.0,568.0,0.000911,1,2,223
2025-05-17 17:52:33,d81a9b0e0f1639bfd6b948a97cbb2ccce4c175645b151d4acc36ee7ac5608acf,897134,216508.0,564.0,0.002605,1,2,222
2025-05-17 17:52:33,eca50abb58787c9e1bb598621670db04f51a4210bde60ec42790629c1a3666cf,897134,8315355.0,724.0,8.7e-05,2,1,343
2025-05-17 17:52:33,860dc927e880964fddcadcd6140d37932884a197e3d15200f4d92f639c5809cf,897134,9281.0,2741.0,0.295335,2,2,300
2025-05-17 17:52:33,19057cdb8188f7884bcdc437133f701037340521e989d3eeab91a4a369fe98f3,897134,874617.0,240.0,0.000274,2,2,301
2025-05-17 17:52:33,9180eb1a3dafa9647de49a355860247a3ec8077ae8a3a2fd5c5d8be80e80d957,897134,905087.0,591.0,0.000653,4,3,817
2025-05-17 17:52:33,05b25c136c9850c650c066596a6563d2d81ac6a45ae6066a7109a200eef6f7ce,897134,76083.0,452.0,0.005941,1,1,194
2025-05-17 17:52:33,8ced4c56cfdc8fc016019d37c6e6d61f49274eb38ddb94e8c7af57dd411bebcd,897134,8269708.0,564.0,6.8e-05,1,2,222
2025-05-17 17:52:33,192b585090e4211f9f565aeb4775777d1757a2f0d3c93c6bbdb776885230d7cd,897134,93104.0,896.0,0.009624,1,2,224
2025-05-17 17:52:33,c435211178b1538ae72fc800d570784024d560e57e26ff741135578ebe9f97cd,897134,1000641784.0,896.0,1e-06,1,2,224
2025-05-17 17:52:33,f5bd1f89e88feb4f4e371bf9576efe006617f2e9cb7fca7ea847baf988ea9ecc,897134,20627.0,440.0,0.021331,1,1,192
2025-05-17 17:52:33,388b17795dc6b4f6d27fa6f3440ba45d6848288d1ae7e33797c22e00e47740cc,897134,27774975.0,936.0,3.4e-05,2,2,396
2025-05-17 17:52:33,0fdbdba9de410ca0ed2c6e0f6d9e4b2f297303720178fe6a2090d94c572deacb,897134,342001.0,576.0,0.001684,1,2,226
2025-05-17 17:52:33,a513ee3b252a4d2c0e22e10cc9de16202c2396f52f30dae289067920865b6dcb,897134,97244.0,840.0,0.008638,2,2,372
2025-05-17 17:52:33,e753a67c6fdb8a2290a89ff1c16d152f2940f2f25ec0d5af1852e5c7a5b8eaca,897134,84877.0,564.0,0.006645,1,2,222
2025-05-17 17:52:33,85ef136731cac306eb6a4406c76f61784adfe34469cda69ad00da546583748c9,897134,182486.0,564.0,0.003091,1,2,223
2025-05-17 17:52:33,817b0ada870eb9aaa305b9817feafd95d22bf4a8f4822c60c6cc71712905bac8,897134,490900.0,836.0,0.001703,2,2,371
2025-05-17 17:52:33,2c65c54b8f4ff57173ef74644aaf73102bb961cea71a2faeba44ab7b81aa86c6,897134,155404.0,588.0,0.003784,1,2,228
2025-05-17 17:52:33,79c1857ba6eb92aa26109fc8766616d1c7b61ffe53793144351c24d60c5bfdc5,897134,11999.0,612.0,0.051004,1,2,235
2025-05-17 17:52:33,96630fdea5e90d12a7ab35ce0a3e063ab882c777116019563cc55e39d911c7c5,897134,4104942.0,440.0,0.000107,1,1,191
2025-05-17 17:52:33,7157f4c4141d2ffabf639f18d0df80869f2df01eed3ffac833d2ae5794035fc5,897134,321338.0,568.0,0.001768,1,2,193
2025-05-17 17:52:33,c7ca345dc74ccecdbac22e98049c9b6c557ce75135aaad6430a3c74ef03345c3,897134,217625.0,564.0,0.002592,1,2,223
2025-05-17 17:52:33,16675a0d00fde28bd2bb208dec61a846d5de22a872c82dd68639d6694d6843c2,897134,562598.0,532.0,0.000946,1,1,214
2025-05-17 17:52:33,f2ccbb2a28dcc1009d78f476e6a0a5cb2cbfe761ee56e043bcf77822c57485be,897134,12154.0,440.0,0.036202,1,1,192
2025-05-17 17:52:33,2275ccdf455235a0870a7aa87d052b0ccfbae6b6abae22819bbddb997824cfbd,897134,24850.0,440.0,0.017706,1,1,191
2025-05-17 17:52:33,e0b8339d46c35afe9ad648e10152b07e299124189c5a170b244ea9d955f265bd,897134,956355.0,564.0,0.00059,1,2,222
2025-05-17 17:52:33,8d6536462596a8b955121059d60637346bf587a8562256452dc187fd27fcfcbc,897134,13028.0,712.0,0.054652,2,1,340
2025-05-17 17:52:33,ed1958358bfe2e12ac9efd07349f15d1f8b1e03997da848f1606bbf1c22e7bbc,897134,599183.0,568.0,0.000948,1,2,193
2025-05-17 17:52:33,0dae3ee56944f623b9ecb3704e3f6194f3c3ab64ebd9329be6e3705eb60989bb,897134,69842.0,564.0,0.008075,1,2,223
2025-05-17 17:52:33,4ac30604d458fc5112362385dc094e252b69caa35291bb633e7ec445a6ae62b9,897134,287191.0,576.0,0.002006,1,2,225
2025-05-17 17:52:33,2b64bb4bed4be4828de24851c04c4ec92fc463adac0a70904b3c0ea0dd85efb8,897134,19021.0,568.0,0.029862,1,1,319
2025-05-17 17:52:33,15bee772ac1250dcaa4df37fea5d48399e3fd2f1aa3f35bf9ad0c846e0214ab8,897134,48997586.0,568.0,1.2e-05,1,2,223
2025-05-17 17:52:33,b2656b88ff9bcf2223779d483f779c60aeceacca7214dd9a3ae5e75cf81b90b7,897134,241291.0,568.0,0.002354,1,2,223
2025-05-17 17:52:33,9f628db98b3566794e38546d1e4b354bc88e89edba78875e181f397c3613dfb6,897134,2668460.0,564.0,0.000211,1,2,222
2025-05-11 17:27:36,fd52a7a84e49aa2474542fd6049d1d9788c8041b8949be50113f3a221f340986,896286,88299.0,217.0,0.002458,1,3,298
2025-05-11 17:27:36,2e3940830d070c3f5828eda02ce5332febba8da810fd7e20379b9097ecc5a785,896286,330.0,152.0,0.460606,1,1,323
2025-05-11 17:27:36,f5d8b701e6658cfd2cdde9947701fb52551677460c6ea9d9c272dcb48a718085,896286,330.0,151.0,0.457576,1,1,320
2025-05-11 17:27:36,f7d7e1febb9380cd4b326b91178507401ff61e9ec02f6dc90011f2d0e51d4085,896286,15201.0,234.0,0.015394,2,2,366
2025-05-11 17:27:36,84824ecc68fd7ce879919a74d9fc6d86687a1caf6b31804c5ea7b154c5e53d85,896286,119859.0,141.0,0.001176,1,2,222
2025-05-11 17:27:36,fe95cfa9fd2f47f72a78c83c644235e6e8e60ed2a3f955817b947150d0cc2c85,896286,546.0,152.0,0.278388,1,1,324
2025-05-11 17:27:36,39f1cef163cbe95aad2b1ffd600145f387d8afb9f0d97485eb18fd0e40251185,896286,6989.0,111.0,0.015882,1,1,162
2025-05-11 17:27:36,8909a5bde0cfbc508f578026628ae6d9052ce7a5940b637c9c0e7a4e3d110885,896286,541949.0,141.0,0.00026,1,2,222
2025-05-11 17:27:36,06e154f8d22c7cd0ddeb82eee578418a6c2659213ebb9d637de55338f3bdfa84,896286,330.0,139.0,0.421212,1,1,307
2025-05-11 17:27:36,4a574dabf60d058d4ea8ff5cd8842754ef2784d865a9637bbcd7607a6061f984,896286,1561568.0,141.0,9e-05,1,2,223
2025-05-11 17:27:36,0964441f224c153f027018f7f95b18ef045e08e477cf2de932b809d8614ed084,896286,330.0,151.0,0.457576,1,1,319
2025-05-11 17:27:36,02e4be341ba9310c61d19f84314bb53c929eab1a5dfabbe7c053057a6c3bbd84,896286,1779.0,217.0,0.121979,1,3,298
2025-05-11 17:27:36,4e5804b34eed3902050ed77bc9b0d3dd89afcd59acad2f7b02e2fad3f02bbc84,896286,35314.0,217.0,0.006145,1,3,298
2025-05-11 17:27:36,491a8aebca2b18818f98367286e98771bed8210db10a3e0942840f7e04089284,896286,330.0,151.0,0.457576,1,1,319
2025-05-11 17:27:36,f9b72af4571010a2f57fa60e7dce750e96c62c40cb6058dd7cfc54d5049b7c84,896286,129331118.0,142.0,1e-06,1,2,223
2025-05-11 17:27:36,6b705474955cd5f0739abe8e03ed0ebf7348a5313615a1b7642da57468ba4f84,896286,546.0,153.0,0.28022,1,1,330
2025-05-11 17:27:36,162440a4b477ff0c1252375400d4fde1ac7b7ea0e6f9287d6ecd7b7a58564d84,896286,643457.0,206.0,0.00032,1,1,464
2025-05-11 17:27:36,f50848759b946b88f679d110074b960abea869923b60894cac3a9c83838c3d84,896286,330.0,152.0,0.460606,1,1,323
2025-05-11 17:27:36,08738ea063af4a446f49bae1af10885f9f21170dbb3bdce11c96468c22d53a84,896286,546.0,152.0,0.278388,1,1,324
2025-05-11 17:27:36,0a6b996b0d2f2de9a9fa6775c48fd6bc39270d402eb8b81efc590de1e61bb195,896286,17912.0,154.0,0.008598,1,2,205
2025-05-11 17:27:36,24b7d1ae8c03a36b3d2b685d7bcd508af29ea44dce0c7e55a310d40555783484,896286,9763.0,217.0,0.022227,1,3,298
2025-05-11 17:27:36,5a1989e921d17355155f7f20ab992b5c55e8322c3adcfccce9bad6620c4a0b84,896286,330.0,153.0,0.463636,1,1,330
2025-05-11 17:27:36,6f3a98447cb1864333036906226dbbbcb5b9815614a2239f1b8fe1af1438f283,896286,330.0,151.0,0.457576,1,1,319
2025-05-11 17:27:36,e91d09233a8d8a3938b1f0c13cc2e03b8b48e2b5b6d08436f17aad50688ced83,896286,3302.0,154.0,0.046638,1,2,205
2025-05-11 17:27:36,9e7d67e7cd81e63477132b5ec4a38471fae0e42021fb9d821d0a20b6e1ebdd83,896286,713757.0,99.0,0.000139,1,1,150
2025-05-11 17:27:36,eb77ba9987eb2216ebbd32d3e4bef32a6f4d1cefc6f108cb7ebebb6acdabb583,896286,159392.0,110.0,0.00069,1,1,191
2025-05-11 17:27:36,21199ec7f601fa01d82fde2887d790c2968dc2c83fa4ea1d92f2fb3f71089683,896286,546.0,152.0,0.278388,1,1,325
2025-05-11 17:27:36,f5e47e3ea80335b96cd365aecf13c8b3ea474b9054b3f91b092b4fb216a85f83,896286,22209.0,212.0,0.009546,2,2,312
2025-05-11 17:27:36,f02d9b8047d768859490d031bcbac99c6dff44aaedd5b29c6f851dc2a0cc5c83,896286,330.0,152.0,0.460606,1,1,323
2025-05-11 17:27:36,fa6a40256cbed2dd767da541470f5d4238dd9dfb007b8627689c0345c8e34383,896286,330.0,152.0,0.460606,1,1,323
2025-05-11 17:27:36,fc7d054359c6aac81abb00026fb119ff4c1973bb73e501ddff4bf47393023e83,896286,546.0,154.0,0.282051,1,1,333
2025-05-11 17:27:36,45bbb3ea8e810991feedfd9723719883350f872a6bfefb0b54df3cc4cdd31783,896286,509190.0,110.0,0.000216,1,1,191
2025-05-11 17:27:36,53b0043decb526e0c90ffb7827e24706253f99920425d4a16acbbfa7c2911083,896286,330.0,151.0,0.457576,1,1,319
2025-05-11 17:27:36,cf1b3389c01a235e3d957603345538520d0820675e6075384f1adbc255bffa82,896286,5274896.0,217.0,4.1e-05,3,1,367
2025-05-11 17:27:36,46069c3f81e1fee4c8fcad73fc95a0f9b3f9e3944721c09e0b54f107a651f582,896286,330.0,152.0,0.460606,1,1,323
2025-05-11 17:27:36,86d628fc4501b1d650d9a50631937df92066b5b2fb72e961b8e43759bbffe082,896286,1932.0,154.0,0.07971,1,2,205
2025-05-11 17:27:36,1edd40343174df74c424c254959c573b3869109a2946cc87b260ae4b2247dc82,896286,330.0,151.0,0.457576,1,1,319
2025-05-11 17:27:36,9375a29ba8a4dcd0bf2c1426b83b474d05cad17281a7f013da7faefde0f2d982,896286,330.0,151.0,0.457576,1,1,319
2025-05-11 17:27:36,fc715017b6431c9931f4e6e5870a96d2e6b58a095e5df451b4ee8a8e3c31ce82,896286,4796175.0,2862.0,0.000597,49,1,5289
2025-05-11 17:27:36,81e20d75a7285a101cd3359b660d48ae743ab7bb4cc5fb345f6023d2e021b882,896286,351.0,128.0,0.364672,1,1,266
2025-05-11 17:27:36,f7f9a939ab73df18b6684b3a5113954fac869df9ced792cdaaca820cbdf9a882,896286,330.0,152.0,0.460606,1,1,323
2025-05-11 17:27:36,10d3d1c1cc3ca11c9243e61fc6896dc36935a422bcffaee2a5db24f9bd228082,896286,330.0,152.0,0.460606,1,1,323
2025-05-11 17:27:36,84c73d20e314a69d2916537069a4d39079879cee24c39cdf6b46939688bd7882,896286,330.0,151.0,0.457576,1,1,319
2025-05-11 17:27:36,c397add680935469f5d4593b9ae6e12dd0d9b9e239d4061c68f0f15451955e82,896286,330.0,139.0,0.421212,1,1,307
2025-05-11 17:27:36,6179b514b7bbf79b474f19b7e40e95e9410cf6037c58c5ca7a144478d2f65582,896286,100599.0,110.0,0.001093,1,1,192
2025-05-11 17:27:36,25935c4e45432a66a8c8a83f219e269f25cf1ca8b8d9c9a7f08b77ec5ffa2e82,896286,169390.0,110.0,0.000649,1,1,192
2025-05-11 17:27:36,3d4f0a793ef04116707911c594b19e9e272faccc002c08fc919feb93e25a2d82,896286,330.0,152.0,0.460606,1,1,323
2025-05-11 17:27:36,77b6b9a32ffa61103e2d4b4b7e2c32c2ec8204e125f1960da7c77ecca6952582,896286,351.0,129.0,0.367521,1,1,267
2025-05-11 17:27:36,aaa194e34909fa1415603fe6af9494a933c98006b073156903533254ce5c1082,896286,39703.0,217.0,0.005466,1,3,298
2025-05-11 17:27:36,05b92a215e48d076211526e6ac787bb00b7a1836d5023f0c95fd84b21747f881,896286,546.0,153.0,0.28022,1,1,330
2025-05-11 17:27:36,16e5e8425d382a85d7d61a8a2f021a5a2315bdb544ddb8c009d0a341b812f594,896286,2034.0,154.0,0.075713,1,2,205
2025-05-11 17:27:36,4c13b712c8647b197c23e6508b84b5a38acb51989735dd655872fb28b08eef81,896286,330.0,152.0,0.460606,1,1,323
2025-05-11 17:27:36,305135c009787b79c11e0fe5934f25ce1a80e0ac8d0495f4856012bb130ee681,896286,351.0,129.0,0.367521,1,1,270
2025-05-11 17:27:36,6623226369f8393a27d2e1fc250edf508f6883d2f1323f0f9cdc26a6dcebde81,896286,330.0,139.0,0.421212,1,1,307
2025-05-11 17:27:36,8eeee3162a9e0c5f203d03c45dfcd743a6b0e0e792f9795521c34acfbde8c881,896286,330.0,152.0,0.460606,1,1,323
2025-05-11 17:27:36,dfa2044d35f0226f5dd8fb6f630837bb00436a7b2b4e20708edbbdf11bffb281,896286,330.0,152.0,0.460606,1,1,323
2025-05-11 17:27:36,8ac499d081eaba75ca5245946eacff5ed25a29f181eb11df26a1b46028faa481,896286,236546.0,154.0,0.000651,1,2,205
2025-05-11 17:27:36,0bb2924e0860a2f530ad83adc40864f8b1e42250e5719b5bef33bac41dd66e81,896286,330.0,152.0,0.460606,1,1,323
2025-05-11 17:27:36,b7caec8ed831fe0716fec0448c5ded7102972a58bdeb24bc9a0f7b0ff4cf5681,896286,11752.0,154.0,0.013104,1,2,205
2025-05-11 17:27:36,766eae1b97fbfac280fbe71e79745536e24d5d8214c9f8be1d8101c5f8643b81,896286,330.0,151.0,0.457576,1,1,319
2025-05-11 17:27:36,47d3a6a7c6c4d21cf59079103e4018d99525e9cd0cf6d96fc5cd913d6d68db80,896286,13709.0,154.0,0.011233,1,2,205
2025-05-11 17:27:36,b0c6401dd17dd3728236e516b650f4bd2ad3ce0ac62a5c5fb57cba74c094c980,896286,1047070.0,226.0,0.000216,1,2,226
2025-05-11 17:27:36,fc6250fdbe678b5cdf6da848ec1313430161eecf53fa1be4c64ebde397bac080,896286,330.0,151.0,0.457576,1,1,319
2025-05-11 17:27:36,a6b6764f92c5b89a1cf60a011aa14193e319bccff5fc2ab0730b7dd43a349780,896286,351.0,129.0,0.367521,1,1,270
2025-05-11 17:27:36,4454bf95c67cea3081506e1bf6864095b8090dee37bd9efdd0cbe3ea2e2d8a80,896286,330.0,152.0,0.460606,1,1,323
2025-05-11 17:27:36,7cd9b1331a7785adc49099dd85b728b6838a54542e2b02877c7521eefd3f6280,896286,144093.0,154.0,0.001069,1,2,205
2025-05-11 17:27:36,367cb17bbc09607a94de3c5a968046cf314ce8280232c9aef681f9ec8c585f80,896286,43280.0,154.0,0.003558,1,2,205
2025-05-11 17:27:36,01c3b3e46bae38f72684277c0977c5bdfe6480e7ff49be6f07684a61c7445780,896286,19196.0,217.0,0.011304,1,3,298
2025-05-11 17:27:36,299aa18e24ce05a82373ceed0c9a87ad015a54a5b9d23e30f4373ce1462d5480,896286,330.0,151.0,0.457576,1,1,319
2025-05-11 17:27:36,f93cc97f342be4c1f6baa7d39529bef46698d60584cfc598ad4245813c832780,896286,330.0,151.0,0.457576,1,1,319
2025-05-11 17:27:36,6f6e8c9ce2b74d6a1f34edceb4df825c2401c00d8935a1aca5bf73298a8ff17f,896286,330.0,152.0,0.460606,1,1,323
2025-05-11 17:27:36,2fb7470d00797ecfe83c8428fb9a2e13611680c604f04124bab54f7d5ee1ef7f,896286,143982.0,207.0,0.001438,1,2,376
2025-05-11 17:27:36,aec9c4a4b4a386924ac847198f8e9c9f75894ba7fdce8b125a6f0602c94ee77f,896286,330.0,152.0,0.460606,1,1,323
2025-05-11 17:27:36,03dda56d83a1e9f57a53da9effc222cab9d52851479b2ba77347e91b2559db7f,896286,156970.0,154.0,0.000981,1,2,205
2025-05-11 17:27:36,71eff0617af657f9fd3edd3cd46f3f9d73f06e045ae7ddb987cba33084298e7f,896286,330.0,151.0,0.457576,1,1,319
2025-05-11 17:27:36,fb496d7cf5ca68d83c516257e86b8ad0e70df79e904114669e1ed7cecfab807f,896286,330.0,152.0,0.460606,1,1,323
2025-05-11 17:27:36,0cce44ad1666e99a3441fb2b4f3bf867578e20931182e4286b791946c0857e7f,896286,330.0,151.0,0.457576,1,1,319
2025-05-11 17:27:36,fddf3f8d3d8a548e865b3b047a2863afcda9bfd40e606ec6923c6072bd085b7f,896286,36096.0,805.0,0.022302,1,4,450
2025-05-11 17:27:36,7f9b14384f1d02c870fd9fd8e9e3fa4bb9248a3471d1310e5393739f9345397f,896286,546.0,154.0,0.282051,1,1,331
2025-05-11 17:27:36,ea97a78877625e01b874e5bf8b5e064653c7adf51f393d03a381ed822e22367f,896286,44539.0,218.0,0.004895,1,3,299
2025-05-11 17:27:36,a54105bfa1593d629d1c2b7a0ad31f4872b54d1887b1107efe8bcd74c28efd7e,896286,669692.0,110.0,0.000164,1,1,191
2025-05-11 17:27:36,a3668b27d6430655410ae33b4ac5b2e4b2cb9c76b86c599dd4e864c48b72d87e,896286,600.0,111.0,0.185,1,1,193
2025-05-11 17:27:36,fec65329a3d673831de059d2b1dd823a25c367a4b70686b21c98ae8eb677cf7e,896286,546.0,140.0,0.25641,1,1,312
2025-05-11 17:27:36,e55d4cc372512dada640d0b1c666d001e242d68ce47e4888735c67a585d777ae,896286,74288.0,153.0,0.00206,1,2,234
2025-05-11 17:27:36,8c0dac22cbbd98032b1c8d21ae1c04c52459eb15feef0bbe0c9b57a065deb87e,896286,546.0,151.0,0.276557,1,1,322
2025-05-11 17:27:36,0f725f7efdbd04f02b6b53f971d2e6adb12d7b86f811e7c85a6e58765ae5aaa8,896286,84221.0,154.0,0.001829,1,2,205
2025-05-11 17:27:36,3667153bdb11f0e0924af257348401b187b8189bca4691d47a456c2ce1e9aa7e,896286,330.0,152.0,0.460606,1,1,323
2025-05-11 17:27:36,8eed0bf28c28f26193b55ea611a9b70a5357191194a351de260545aabba1a17e,896286,351.0,129.0,0.367521,1,1,268
2025-05-11 17:27:36,5eae91693256792059f2663054e6f37c8f1ad150b6dd8a9a09acdecbb5bb8e7e,896286,330.0,151.0,0.457576,1,1,319
2025-05-11 17:27:36,45ae51ec3e8f77f765c85f63f92c6752e9da185cafeeca0227c076dccaa86f7e,896286,330.0,152.0,0.460606,1,1,323
2025-05-11 17:27:36,068a2ee48406bfb31d5c2a7252aa7615bcd125b4820ce97883a638fc4938397e,896286,389841.0,154.0,0.000395,1,2,205
2025-05-11 17:27:36,505e40b808a223c14bc7e307a5d6ecc8e3cde3879b18883002df4e11abc2337e,896286,330.0,152.0,0.460606,1,1,323
2025-05-11 17:27:36,a2cf144114b347c5b0d0b5caf25a6daaa56458ebc798d33467abc6c47111b87d,896286,249044572.0,166.0,1e-06,1,2,247
2025-05-11 17:27:36,674ebb1bb22f0847091166f92b8608a3bcf5ae1b5955f3034e6407c98d5db07d,896286,330.0,152.0,0.460606,1,1,323
2025-05-11 17:27:36,3619e12b0a95864938cf16a5f02f77965fe6348337b7b6957c004e71cd92aa7d,896286,351.0,129.0,0.367521,1,1,267
2025-05-11 17:27:36,d9f2c1ad343aff79101d834e3ce03edd284f3fb7f7345e57164ea01b467e827d,896286,26246.0,164.0,0.006249,1,2,245
2025-05-11 17:27:36,2d867b2b149b3115e625536c9cac770e68effba8caa860ed3c218fd106fd367d,896286,330.0,156.0,0.472727,1,1,339
2025-05-11 17:27:36,b31e62a47d8e3993107a67239437cccb627928df23597aedacde0a8064beb6bf,896286,263473.0,154.0,0.000585,1,2,205
2025-05-11 17:27:36,65f9e357d9ddd861186e17efa06861f20f7b1511c4710342ee10c2510958337d,896286,546.0,154.0,0.282051,1,1,331
2025-05-11 17:27:36,7e008bd18474b6aec34c424cf66b6b4484f3de1354f7cc360b6e36e69e602fbf,896286,142663.0,154.0,0.001079,1,2,205
2025-05-12 21:13:18,61065209a0a2118c9b67b22c94309e9dc93e2953b8b7ded4096ba0aed91cbfa1,896458,71331391.0,3248.0,4.6e-05,5,33,2574
2025-05-12 21:13:18,a502861b83c40a04ef6b820b0fa31c085087da255dafeaef7c63cb37b3d42727,896458,6503522.0,327.0,5e-05,1,1,191
2025-05-12 21:13:18,aa67ffa5c7b8bf5364a27a62ef2a5f888b4cfe3a75666f890fa21a39dcd950ff,896458,8322.0,336.0,0.040375,1,1,194
2025-05-12 21:13:18,0e8d1b7ae86b4f0bc2ed2b90889e8184ab5f8c7e0e34364e2839ada4d259a3e7,896458,8252.0,336.0,0.040717,1,1,194
2025-05-12 21:13:18,0bca606493d4da8cbf7c34f11424d11135906f3312cd3544ae7560da3f1ea649,896458,8268.0,336.0,0.040639,1,1,194
2025-05-12 21:13:18,61229caefea8ecb9fe74ccb929387b841a780548bd402e32a1131ff4a359de32,896458,8317.0,336.0,0.040399,1,1,195
2025-05-12 21:13:18,d7d9588952706e7d67b4050a50d86b42f8c0cbd8bd6c67deb05db6aae4d01480,896458,102580.0,1228.0,0.011971,5,2,817
2025-05-12 21:13:18,c070550d8ef0da1e5c94b615807ce3eb458236edc60c1d722a04430a0568428e,896458,37189.0,328.0,0.00882,1,1,192
2025-05-12 21:13:18,ba82fb45a8db22859e26370a629768c567922d402dfbac6319381ab63c6d2168,896458,340972.0,328.0,0.000962,1,1,192
2025-05-12 21:13:18,8ba5c26c06cda0fc00b788428f39e5f5c31514bfa6583da63248022783c74bef,896458,73095.0,701.0,0.00959,2,2,397
2025-05-12 21:13:18,5a3e85d9026a95d5719590c6688dfff1e914915d72b7c2290400e1764aaf106a,896458,2489832235.0,5000.0,2e-06,7,5,2249
2025-05-12 21:13:18,9c68b9338a97e2ef72b22ce5faa65465dac747746c5abd06d2e8942599b4e6a5,896458,198903.0,397.0,0.001996,1,1,214
2025-05-12 21:13:18,fe2b0199b73bf0050bb92598ab6958e0d77fdaf087be86e8a10e88ca3323971f,896458,167050.0,406.0,0.00243,1,1,217
2025-05-12 21:13:18,550a4288e07396bf6fd7d13739054b23cac5f48c2b0792dd1b6bb20fe9d2e2c7,896458,253083.0,421.0,0.001663,1,2,222
2025-05-12 21:13:18,395661b27a520c71fa331fa1f6b083f706a38cc0cdc7b76e3c615a6a6bcde3c2,896458,1356774.0,421.0,0.00031,1,2,223
2025-05-12 21:13:18,99ea4ddd60d1dc0a4c171f01bfc0d73be98aad7828c9a9fcb6b390271b50c59b,896458,73426.0,421.0,0.005734,1,2,222
2025-05-12 21:13:18,6c0991889006f27fe3a0253dde8d3699a8f59089b5658d920794b00722d11097,896458,2890017.0,421.0,0.000146,1,2,223
2025-05-12 21:13:18,09a1a21f89756e5c26bda0b3c140c1a57adc80bb54460d74b93479b5e3f51780,896458,1551024.0,421.0,0.000271,1,2,223
2025-05-12 21:13:18,a5c520f57bc08835d54887f2c38a1e4604be881177ed85be559fac90b9be9f40,896458,46392.0,421.0,0.009075,1,2,222
2025-05-12 21:13:18,31bebf0f2454a37792e81e5244e0e327d7061c176a70344eb90361b96f0ec101,896458,63930.0,421.0,0.006585,1,2,223
2025-05-12 21:13:18,1ae6e0cce7fad67be63acb690f61cf769ea1be97c3d5fb41231cc577c4a4867a,896458,38274.0,424.0,0.011078,1,2,223
2025-05-12 21:13:18,eca28f36462394a03ae8dba4d6c5b15cceb58380858de352e44ab646cbb76d76,896458,1960212.0,424.0,0.000216,1,2,224
2025-05-12 21:13:18,627a030c5e62d6190974910d8b127e537f43d5491baed7104e830c7327169c8e,896458,30894.0,454.0,0.014695,1,3,233
2025-05-12 21:13:18,b889bd6af74e9acd491bc77b2ef8f2309a803041c6f356dc55f07798a66182b2,896458,196131.0,329.0,0.001677,1,1,192
2025-05-12 21:13:18,16a60dded9105207055673e47518a9c8dd834d7c140640bdfa39ef34aa5f7608,896458,34288.0,329.0,0.009595,1,1,191
2025-05-12 21:13:18,266c3a0707f6be9ecae9c783db88866a321214adea5332a9c8a8d5b1478c3b88,896458,16114896466.0,14181.0,1e-06,31,13,10623
2025-05-12 21:13:18,8c1ab76d3a1d1edaa8785a514c6891c2a7fe253aea4f97cc343a8ef7df259ffa,896458,35670.0,330.0,0.009251,1,1,191
2025-05-12 21:13:18,05bd73fef921903238195605883a0570ab6d45c0300325584e4367c6ddfbfef9,896458,12862.0,330.0,0.025657,1,1,191
2025-05-12 21:13:18,2d93d820b7f1b1d860de2c1e50328e6d411b2c432dc9845bf008a1dd86dafcf9,896458,546.0,462.0,0.846154,1,1,331
2025-05-12 21:13:18,2fd40cddad34eda73bc9b03b74a1fa5b603e8ae4613325c06eebcbf84688e1f3,896458,5526.0,969.0,0.175353,3,4,473
2025-05-12 21:13:18,8f92154df0f78ed14a9a21573b7718205148995e7a3a10f2f04c51e0057ef1ec,896458,88414.0,330.0,0.003732,1,1,192
2025-05-12 21:13:18,256832bc3dbe26807dcbc5362c0b3a039ab0c26e48b1d23206b3508a5b199ee8,896458,421956.0,627.0,0.001486,2,2,371
2025-05-12 21:13:18,88097491f0a0a8f1ac8992ece08cede63eb7ed79708929592ade318d72a39fe7,896458,28846.0,330.0,0.01144,1,1,191
2025-05-12 21:13:18,9b42026c6d7855b542b208b222bdd56fe9aeb335de2385e7169fceeced1567e3,896458,3892758.0,459.0,0.000118,1,2,235
2025-05-12 21:13:18,8d376441aa88256ccf54785ba9f003468009e5ee8e55b216f22e9189fc4160e2,896458,162256.0,339.0,0.002089,1,1,194
2025-05-12 21:13:18,6c6b789372e7bb3bf016a461de9037b271dd357ba4a4630a39043e1437215de1,896458,890322.0,429.0,0.000482,1,2,194
2025-05-12 21:13:18,17e5efda2ce644b96e2f2c95faffefc798962f024e5752e3aaad9c7e360accdf,896458,12923.0,330.0,0.025536,1,1,191
2025-05-12 21:13:18,f96cdd8555400d5420744ccaea2f49c1d7c73945db0f015331633f2d11834ddf,896458,12774.0,330.0,0.025834,1,1,191
2025-05-12 21:13:18,935b4562fc9eef33659607f9bb59a644fae2cbf45fa27cd132f696bd5c6e0ed7,896458,13864.0,330.0,0.023803,1,1,191
2025-05-12 21:13:18,c33f8747818df22a20ff97cd0f70a10255b1b303cb01f68d5d0f13b16084f6d5,896458,28580.0,330.0,0.011547,1,1,191
2025-05-12 21:13:18,a2f0db2868a3328edd311fab079859f1029f4905f3d48f8ec954f999c9e07fd5,896458,2819896.0,495.0,0.000176,1,2,246
2025-05-12 21:13:18,d5d4e0ea00bb08368b9b0c3a8ed8987655355c1ea4253c77aaf1c6986f1ae7d0,896458,399840.0,459.0,0.001148,1,2,235
2025-05-12 21:13:18,54d7f858deb103f21aada3beae656c0e3a0b03bc2b1b5502883916421f5c95d0,896458,32407.0,330.0,0.010183,1,1,191
2025-05-12 21:13:18,9dbd69b3d9db77c00e909ff42408f2539d8a9a3d26fc4509a56d218210e061cf,896458,853259.0,1758.0,0.00206,8,1,1233
2025-05-12 21:13:18,8d54188ca7d465053ddd78dbabf364e166c676187392774215e90957482798ce,896458,774054.0,426.0,0.00055,1,2,193
2025-05-12 21:13:18,a13e9c9301a8ba66884ca4ae552784f830eaaf87d9b361357dbf2680c705b3c0,896458,573139.0,576.0,0.001005,1,1,192
2025-05-12 21:13:18,cb2f9a8384f3dbb5d1d40ff3a23ae0ce0fabfc886fa44f16774bad9f85e672bc,896458,13028.0,330.0,0.02533,1,1,191
2025-05-12 21:13:18,743dae8e54b45f73e48418d38c0885e40015b23f4e89df4d5e15606c2e1aaeba,896458,13828.0,330.0,0.023865,1,1,191
2025-05-12 21:13:18,7f33fd8c51407f60715ebb0392e027780f92c9e958f04b063139fb16d01c1ab1,896458,765941.0,636.0,0.00083,2,2,312
2025-05-12 21:13:18,f3573d5344ea1622ba44da1f069dcc113798a297b8de2f11122508abefa525af,896458,7918225.0,567.0,7.2e-05,1,2,379
2025-05-12 21:13:18,d77cbffc30e69a1d823f384a767c834275a97417b7a6bd61e229ba78717940ae,896458,4018168.0,432.0,0.000108,1,2,225
2025-05-12 21:13:18,ccff133bbf2d137a83ced813f407094be049eb0f3fd19b1f1bc6d1eaeba7c7ad,896458,34670.0,330.0,0.009518,1,1,191
2025-05-12 21:13:18,e0096d2c3fecea9d328ebc6bf3bbd96bde79022aa12d39d9addc37dc06b5d3ac,896458,146478.0,333.0,0.002273,1,1,192
2025-05-12 21:13:18,01ff2e968b544d77b95027eb523da5377261d5a2110ad9162ae7d902ab383fa6,896458,32538.0,330.0,0.010142,1,1,191
2025-05-12 21:13:18,71a5232d3722b0f5ba4a1a57832329772b422d45f701f0b4d34ec091a45ef9a1,896458,9670.0,330.0,0.034126,1,1,191
2025-05-12 21:13:18,ebb55d36eea97c7eddd17251818c56ff48841815d79d691f77a9d90cc51f339e,896458,62837.0,498.0,0.007925,1,2,247
2025-05-12 21:13:18,8f21cb63a1a04383cb6b016db05ac198361473f2cf877ed4fb8f898d42a50e9e,896458,78568.0,423.0,0.005384,1,2,222
2025-05-12 21:13:18,a29598773b6b4001c39b2f8f05274092d1f45b4b88ba18f1223f7b25512b369c,896458,38892.0,330.0,0.008485,1,1,191
2025-05-12 21:13:18,c01674abff97801d8300eab8d2bd910ccd8eca6929c4fd2fe5cef8a0c121f79b,896458,6295.0,330.0,0.052423,1,1,191
2025-05-12 21:13:18,fe4cd40263d824ce67aec549716433071eaeb73d664a3eccc5802a70f3ab259a,896458,19749.0,330.0,0.01671,1,1,191
2025-05-12 21:13:18,d4ae6d32fd6774c6dc41b99b12e5e9c2e1957655ef84afab6ce851cc5c86f193,896458,238806.0,498.0,0.002085,1,2,247
2025-05-12 21:13:18,6daced71bbc96936f9b57990e40645ff52d5b550f9db394434132d6d5971b592,896458,2444307.0,423.0,0.000173,1,2,222
2025-05-12 21:13:18,07db33ce8304a2c77cd1f21ae96c4780cf56746ea42e253942bb6aed6ec8ee8b,896458,2038731.0,423.0,0.000207,1,2,222
2025-05-12 21:13:18,38bfbcf8314046a233fe22735e8e59a3e002a27be04d5e5313de9f5b76537a8a,896458,436193.0,426.0,0.000977,1,2,223
2025-05-12 21:13:18,ecd1da1398d4d236af2653040967fef591c93376522eed1fd9bdd93397391888,896458,21701.0,330.0,0.015207,1,1,191
2025-05-12 21:13:18,a4e3e10d71c0b80cd0e4174e054e45478a4c769998ce78796a5a07cdc88ebb84,896458,13864.0,330.0,0.023803,1,1,191
2025-05-12 21:13:18,d7f749f18279f88dd2a247bb46a78f875f5928e84da58793d1c85d4991293480,896458,7320.0,330.0,0.045082,1,1,191
2025-05-12 21:13:18,9a47c1f48fb11cecf2efb380956743fb90241c1e8f40e99c8d1319d786fd5f7b,896458,67990253.0,2229.0,3.3e-05,1,21,825
2025-05-12 21:13:18,f300c2552f00ca4803d9112f671bd1bf668a3ae0eb4877cc039a954e039ad17a,896458,436207.0,330.0,0.000757,1,1,192
2025-05-12 21:13:18,c662f94f92d1cf6850f16a1cc643328c150bad2c607b684e99673debf2deff79,896458,243797783.0,609.0,2e-06,1,4,284
2025-05-12 21:13:18,4a579c5e247fa7363069d16a510305c514d4d5c560b64f384927f6567ff94977,896458,8559177.0,612.0,7.2e-05,1,3,255
2025-05-12 21:13:18,08391d2baebfc8af1d54725fd151dd696001d3394217be085b21f4ced5510f74,896458,12289698.0,426.0,3.5e-05,1,2,223
2025-05-12 21:13:18,9b84a8a627b9628b691acd7cc8c3f7dd5199b802bc15162ac1f1a8c17f81dd71,896458,128644.0,429.0,0.003335,1,2,194
2025-05-12 21:13:18,82f9e08dd7d7c83ab87d26d360daa678e617f99264f0431fee0936ee0d4264ab,896458,141573.0,429.0,0.00303,1,2,194
2025-05-12 21:13:18,b99425b5c41b6a7cf54c240018a6a9146c19514a4732a0d0731035ed17b2a76f,896458,4616.0,330.0,0.07149,1,1,191
2025-05-12 21:13:18,83248306b46fbabed0c16d898a2ba2ad89e4b98c0d1cd4e2290dcbfb0d795c6f,896458,78676.0,570.0,0.007245,1,1,190
2025-05-12 21:13:18,7ea4c51232e16b613e72cec0fd5f1264b7a1fb28bb925ff28b724b8d2003336d,896458,92030488.0,1104.0,1.2e-05,4,2,690
2025-05-12 21:13:18,07aa55b573e611386f925092f28929f0f6b72feff49a6a9c2a54536807c2456b,896458,1474505.0,705.0,0.000478,1,2,235
2025-05-12 21:13:18,5edf36281b39c5d6e5ea4e72f09cb07e5574e0216166360c7c06d05e1cc84a65,896458,54294.0,306.0,0.005636,1,1,153
2025-05-12 21:13:18,9daaaca2efd04c8a11965ce6d86dbc8fcacc769d85e009d8c71a857095314f63,896458,138108.0,633.0,0.004583,1,3,262
2025-05-12 21:13:18,4889d0d6a867a77ba82a08c228794c0ce02fc119147123bbe2da49a715577b60,896458,13364.0,330.0,0.024693,1,1,192
2025-05-12 21:13:18,49ab45dc41407466fab6dd8e73b24e1a705b258e6c0277fa359f8601b5be785f,896458,58421931.0,423.0,7e-06,1,2,223
2025-05-12 21:13:18,e6d43ac2df12d2ef3a010c531eba6226216619eabe5f0c8852462010def1555f,896458,34599577.0,423.0,1.2e-05,1,2,222
2025-05-12 21:13:18,0ed45dd4db30a12dd52df1442bfcabef71f694be2741805dca80db2f824fa65e,896458,9670.0,330.0,0.034126,1,1,191
2025-05-12 21:13:18,4002b12c4964a8426deaba9ec7088a54758895ab019e44f149b210d82397445e,896458,408678.0,636.0,0.001556,2,2,375
2025-05-12 21:13:18,eaeb574cd343da62f6c970d7e926e41db1cea5a216d905521205a8ebe21f565a,896458,292016758.0,423.0,1e-06,1,2,222
2025-05-12 21:13:18,7e2679e04e3b74bd90f10b889f997229548323b0d5c0a37a482a3413905caa56,896458,27525.0,330.0,0.011989,1,1,191
2025-05-12 21:13:18,30d39ac4ed755fbd9a50783438a1d254a041a933a0ee2994c17a29c680e29456,896458,546.0,456.0,0.835165,1,1,324
2025-05-12 21:13:18,44d7f672a70cfe13c807f68b7cfabc582b52e8f625503d8ab49dc33e964789be,896458,1764.0,636.0,0.360544,2,2,312
2025-05-12 21:13:18,18df725ba58e51ddd3a567f47bb2b580f71b4d0eba207180a4b77934a8920a56,896458,2975641.0,408.0,0.000137,1,1,218
2025-05-12 21:13:18,daaa0ed4b581ad52f2b9c53e721ff081251a6210029614dc525eecd7fb373353,896458,101433.0,624.0,0.006152,2,2,370
2025-05-12 21:13:18,b8baf45640640912ef03736bfebcde6a0a580e84d7da3f6e34a2c26025d3904c,896458,44994.0,720.0,0.016002,2,3,340
2025-05-12 21:13:18,a2ead52ebd84ef50c15f3c5ee08b11489f40d5588a6637e04d7aa9d1f4f35a49,896458,30894.0,630.0,0.020392,2,2,342
2025-05-12 21:13:18,3c1c9627ee78c4a95360bb53c8241f91897170e61f6d54608a70d0338c03f248,896458,39668.0,330.0,0.008319,1,1,191
2025-05-12 21:13:18,4bb9b2777776bf42d683a45429d295497b138dd9fd4be29929236fb6c8e02d42,896458,319757.0,495.0,0.001548,1,2,246
2025-05-12 21:13:18,0d8e16f9e7d3e58e8142eb1fdde93ee3dfb4143319eafc29bb2a2c9ac7d72b41,896458,9841.0,330.0,0.033533,1,1,191
2025-05-12 21:13:18,d30befeb52773eddb335212d2dec5602edb25e9035d57b89d1c01a681d5c7e3e,896458,17832.0,330.0,0.018506,1,1,191
2025-05-12 21:13:18,8a9852bf90c72060ce9b8a62082a854a9d3d9792fe46b65abe821334210b0f38,896458,224331.0,669.0,0.002982,1,2,223
2025-05-12 21:13:18,9b1341523782956ef1928125d88991a82fd87e75baec07ab90bf782872329937,896458,37941.0,333.0,0.008777,1,1,162
2025-05-12 21:13:18,d72ee4e29417e1b6e9dc990a5e9d962d42f70f9a51b61f9cd1f92fa819885437,896458,33323.0,330.0,0.009903,1,1,191
2025-05-11 02:26:37,d2b23159194912562c1d41da62cb75b75f46cbc8ea7339fa730c08944bd5bd65,896193,546.0,912.0,1.67033,1,1,324
2025-05-11 02:26:37,9e0c56cab88f498a30645f52553172e139d15f592d5e2aa7280ad029f4432fe9,896193,87012.0,924.0,0.010619,1,2,205
2025-05-11 02:26:37,2e6be8da45a9677115d57b192dff2c3802be9cffdc4d8a936094dcd967ace063,896193,342985.0,1032.0,0.003009,1,3,253
2025-05-11 02:26:37,458467e5ef02396c507b0abec8ccc99f8f777a4c442dab201e04c99e2dbf7063,896193,101298.0,846.0,0.008352,1,2,222
2025-05-11 02:26:37,084511c668c9009e66f33d6b647332305b64b218edb9735d454edff2f1af4a63,896193,46377.0,1272.0,0.027427,2,2,312
2025-05-11 02:26:37,f97c8d85f0634900fb244f56afbec929aa97f2fcd6a871682ada73bac1562c61,896193,7714.0,924.0,0.119782,1,2,205
2025-05-11 02:26:37,b5b705d654401fae924d328e7de877789c471453d939bc4aeffb7cdf6495b860,896193,381408.0,846.0,0.002218,1,2,222
2025-05-11 02:26:37,f878c339d5ab6900755c89d388050924316d88c1b6942f5dd3ddf8c145596a60,896193,7850136.0,1404.0,0.000179,1,5,316
2025-05-11 02:26:37,e1a9d905c3c7673e44982926d8cd74edb1dcc1041d608a9c777d85e506b7865f,896193,42710126.0,1224.0,2.9e-05,1,4,285
2025-05-11 02:26:37,3a32ba07894a52ddd3381a5608a9930b5f26aa116b9562db636987bd2d13e55e,896193,135138.0,660.0,0.004884,1,1,192
2025-05-11 02:26:37,087904feaa8327a941cc5c184a23728c1e3dd8c9b5c85d325174aca069995e5d,896193,956676.0,924.0,0.000966,1,2,205
2025-05-11 02:26:37,5e891b53aeccbeac2612348da3f3c2ed9c2050f1cda1acbe388d034ceeb2d55a,896193,3459785.0,852.0,0.000246,1,2,223
2025-05-11 02:26:37,a2916617ba86b8acbf1ca4b6e99f5cc917fa646e75fc6502203b38850d062f5a,896193,1499430534.0,846.0,1e-06,1,2,223
2025-05-11 02:26:37,833778613cb501cc85b68c70e85644b3c885ca7b93f62d40a664e24bae847856,896193,3270535.0,918.0,0.000281,1,2,235
2025-05-11 02:26:37,ef99eddd3325389805989d4f22191fccb0ec412eff3ac8ee7ff3bd89b3a71856,896193,232618.0,846.0,0.003637,1,2,222
2025-05-11 02:26:37,c1e0fe544da50ab41364dda88df3d15e10a8d1edbebc1c0864232bd66719ef54,896193,81168.0,1980.0,0.024394,5,1,579
2025-05-11 02:26:37,957449ef7a0f017d9f8f2a35be727a911f728152d72c9597385da33a83b11e54,896193,1252672.0,1062.0,0.000848,1,2,258
2025-05-11 02:26:37,3e31ec0008eba2774b02c361289865e66312165f926fe786919227f5d20f0054,896193,54170567.0,852.0,1.6e-05,1,2,224
2025-05-11 02:26:37,13b9922125a0c8fbac40dc6ab53924c15b40506876c6583b86485346f68c2951,896193,537002.0,858.0,0.001598,1,2,194
2025-05-11 02:26:37,25605da3e782594a0aac70127746ebcc1f5ee39ef8aa25b42cad1171f257944f,896193,535024.0,846.0,0.001581,1,2,222
2025-05-11 02:26:37,941fe8b51dbe1db26041c2da6b05333476a39cd99876f56caa170fe2495b504f,896193,484737.0,846.0,0.001745,1,2,222
2025-05-11 02:26:37,41883171f94e275e4bab2ae1af2d7b7a2c5f6810df8111c47ba32c1938b5a74e,896193,483221.0,1590.0,0.00329,1,6,346
2025-05-11 02:26:37,276ec2a278c0792b507879d88bf2304b1bd74883ad4fb21dab8950eb2375454b,896193,454142.0,858.0,0.001889,1,2,194
2025-05-11 02:26:37,5aa102f76f57933014c8676272737c87ac102b01fcf5e1003299be328ef6df49,896193,1008395.0,846.0,0.000839,1,2,222
2025-05-11 02:26:37,5a00fef00d3d690cb20b901493b228fe68448c54041aad78e310e76dbdffdc49,896193,330.0,906.0,2.745455,1,1,322
2025-05-11 02:26:37,f4bbac35b3565b7a4df47eadce3b1b228ee3a51caa92677a89b141f0d4772d49,896193,484849.0,846.0,0.001745,1,2,222
2025-05-11 02:26:37,ef5a1ecbd2b57ec034c756af4146828004eb180cf34f7cff164736b631439845,896193,386932.0,1032.0,0.002667,1,3,253
2025-05-11 02:26:37,fd18add8b2b55319652f82fbac948cc354d6fbdef61aee996fc09256061cd244,896193,12610145.0,1356.0,0.000108,3,1,376
2025-05-11 02:26:37,5590a91f96a520cdaf0eef33a76e908a669179247d53ee537d43c64e070e6544,896193,15083894.0,732.0,4.9e-05,1,1,203
2025-05-11 02:26:37,865498aae10d0e62a4bf9a1908ae3ad85578a4927d61feb9c236d951d8cad63f,896193,29272510.0,1032.0,3.5e-05,1,3,254
2025-05-11 02:26:37,17859f231b8759a81f7f0e78bf3766b377c0daa6b1cd8798f6c3fcc412c0fe3e,896193,66624.0,846.0,0.012698,1,2,222
2025-05-11 02:26:37,e1fa571d7bcf7e888282bd60465aef78c2d2fa7ffc895e060a0d6fd3c2e6ab38,896193,71364.0,924.0,0.012948,1,2,205
2025-05-11 02:26:37,1201f361ba346f71364248ea6436971f740d86b6dd5fb3e8e66194634bcfa538,896193,546.0,906.0,1.659341,1,1,322
2025-05-11 02:26:37,a5d28d5268cd92d565af816ad85095f7833a13ead0661786296961a5bcc4134d,896193,33720.0,924.0,0.027402,1,2,205
2025-05-11 02:26:37,72e8f22948cfc73539d61ee3176568360c2e3cd37a49ff5bee99720b42df9438,896193,546.0,918.0,1.681319,1,1,330
2025-05-11 02:26:37,1af641f08811d703fe01de30f6224659c2c0a2db5731f266da6dd2c024bea3ba,896193,3345.0,924.0,0.276233,1,2,205
2025-05-11 02:26:37,2e7f3b5ab8ed963fcd4874335cef02e6d48828d0d2c995cfe474866f82c33b38,896193,546.0,906.0,1.659341,1,1,322
2025-05-11 02:26:37,442d252d5cf55bf4f246203f8b51c6e23f995288cc857d682da8a48effc51237,896193,16961.0,924.0,0.054478,1,2,205
2025-05-11 02:26:37,e124112c2b0841d2b7414d3d9a6b12da770b7fb223bbf0795e8b45a79eae5236,896193,226469.0,1638.0,0.007233,4,1,472
2025-05-11 02:26:37,d77545ce58e9868c4b22b271b5ee542132b45b6e5c50544ae701f9050e5a0436,896193,326165.0,660.0,0.002024,1,1,191
2025-05-11 02:26:37,41fcca99be283ecc19be2ab511c4ac152fb92d2b1d5f9f766819bdaf4944f435,896193,18702376.0,864.0,4.6e-05,1,2,225
2025-05-11 02:26:37,585b913c6e469b12b5800a5ec1a099322a8f3e65e780a68d0dc4cb246673e6e2,896193,24815525.0,1032.0,4.2e-05,1,3,253
2025-05-11 02:26:37,d4f4aebb4dbe7cea4b80e9eccdc3257d48974b397a5be961085dc2ec79a1bc35,896193,546.0,912.0,1.67033,1,1,324
2025-05-11 02:26:37,53b0177d903217ef063ca506875fd25d779e5ff5ccd7271768062ce870d88e34,896193,437997746.0,1794.0,4e-06,1,7,381
2025-05-11 02:26:37,3ee9c0533042b52da04a4043e54b4c315861c9ebd68612c060ddf959784ce531,896193,330.0,906.0,2.745455,1,1,322
2025-05-11 02:26:37,89aa55bfe555dfb768190016e4db2ff38aba39543fb186b3808ec729d8d8fe2f,896193,37701.0,660.0,0.017506,1,1,192
2025-05-11 02:26:37,0a42f5b6f5570fc3dfdfb5cedfd2fb526ea5b1a67d8bd561c938043133d9f52d,896193,223388.0,612.0,0.00274,1,1,153
2025-05-11 02:26:37,7ae17f0a7cbf8d7f898889fd05b3ae199a484d3d4f29408dfe107b73beeeae2c,896193,140606026.0,852.0,6e-06,1,2,223
2025-05-11 02:26:37,58c034c88cb246c73b958891f580c5137212dce7349473052441276014116c2c,896193,330.0,912.0,2.763636,1,1,324
2025-05-11 02:26:37,9cd7abfc486bf2002aaae49c9d57d6024efe08b71dc5f7726dc469f6c85eb7f3,896193,15109.0,1182.0,0.078232,1,3,248
2025-05-11 02:26:37,8e5d86ff343cfecb4aa06e5122687725b17515037a9f8b8a81038e263d7c542b,896193,31932.0,924.0,0.028936,1,2,205
2025-05-11 02:26:37,fa739739ed7ed25df0d75ca64c0e85934d2c7f87bc296153d51f9eaaf1144d2b,896193,330.0,906.0,2.745455,1,1,322
2025-05-11 02:26:37,e8ecd10d4d7e753609374367838dd7db5c0aa4dcb96049b3c8d3b049e941a976,896193,21095.0,3246.0,0.153875,1,11,592
2025-05-11 02:26:37,76f4ef0eac39cc77f60118955b05d301175a40b7681700b1d73a89db46d01129,896193,482448.0,660.0,0.001368,1,1,191
2025-05-11 02:26:37,2ddd1751599281a81e04eb5f3615c61f4670f9d91b333d32b584a86a653f5128,896193,290176.0,924.0,0.003184,1,2,205
2025-05-11 02:26:37,edc549fffdb135489ad8879d125b067d3a8a3e0e4eee1abdae5ce44c6cc22c27,896193,17014.0,666.0,0.039144,1,1,162
2025-05-11 02:26:37,eccc5ef0ef16adff42fd3af8ba718c0e33c27046cdab95b6b6bc2a3c78596726,896193,1620082.0,990.0,0.000611,1,2,247
2025-05-11 02:26:37,de4b3a67941e070064c76eb76af5819f683427d9ce7b73210436b685f987f923,896193,24860343.0,864.0,3.5e-05,1,2,225
2025-05-11 02:26:37,3474714149a33cdcd749448594fe8844db964f1a767c6924b281abac38003122,896193,206868.0,924.0,0.004467,1,2,205
2025-05-11 02:26:37,2ac029f0aed918647d580f81fcb14075261c10746141bd87ff612e4cf0b2c621,896193,1933658.0,846.0,0.000438,1,2,222
2025-05-11 02:26:37,1fe46bcb3f90f274280fc1588426a8fd12dc375910f4a91bbca31c51da76651e,896193,546.0,912.0,1.67033,1,1,323
2025-05-11 02:26:37,b24199a559ddf3a4fd904286d96009a9655dfc5008cfd71df811dc8a0dea5b6f,896193,2328.0,1272.0,0.546392,2,2,312
2025-05-11 02:26:37,909e82056005b95922d5b4e4b90203ae700bff0d5fac0d5ee4b151855b40f01d,896193,2578.0,1272.0,0.493406,2,2,312
2025-05-11 02:26:37,44912cb87af830294440eaa1b6a4a27ca01d1a503ccea45786e33d57272df749,896193,3850.0,1272.0,0.33039,2,2,312
2025-05-11 02:26:37,c871a2a7c156e01d6f1d7deb4365869f57b09a598c5bfb0b057ffd8b3b22ea1d,896193,546.0,912.0,1.67033,1,1,324
2025-05-11 02:26:37,c4dc97bdbd2d43092a25d1ea1208c410453761c784ef7f22510da528f47720c5,896193,89456.0,924.0,0.010329,1,2,205
2025-05-11 02:26:37,20ee47df7aeef0c01626a2b151cde7049397df49d0a0d297313c4855a73d321d,896193,46103.0,846.0,0.01835,1,2,223
2025-05-11 02:26:37,3991cd3fd0911322ec71467796435b24eb03144702f64552a68caee63c78bd1c,896193,39076.0,924.0,0.023646,1,2,205
2025-05-11 02:26:37,248dcf6ed8eb6cb132b1d7051e3beba23e278a751740d8f9343f43362ecb201c,896193,330233.0,846.0,0.002562,1,2,222
2025-05-11 02:26:37,f43cdc6327425f5e47099f7b21ce0de704194dd3d8870e19b177a3e4d48a5419,896193,171932.0,846.0,0.004921,1,2,223
2025-05-11 02:26:37,fabe0c9ddf9674d2532146694aff6ca790f6965426484549e1c6c34c28156e18,896193,546.0,912.0,1.67033,1,1,325
2025-05-11 02:26:37,0566e2a95b5649cf9e5a29822246877de3d194814ca4fef5502e45c47fe30746,896193,712870.0,924.0,0.001296,1,2,205
2025-05-11 02:26:37,0c339daec08c0c37951604e1523c365530213f67938afe8664e6a3b005161717,896193,1729720.0,1356.0,0.000784,1,2,226
2025-05-11 02:26:37,ca425baeaee9f740fb1f1973f56f449603a404f84d2ba456bfe166aafc99af16,896193,75091.0,960.0,0.012784,2,1,260
2025-05-11 02:26:37,f3ceca00dc3594dfd9c3034e472d21d01f19c04f58508e40d88ac08d1b7ef515,896193,1468808.0,870.0,0.000592,1,1,226
2025-05-11 02:26:37,2036650ae8ac915c4904c2ca55a703ea8e071f6cb140fea6f5ad6280c4630d15,896193,1758761.0,1218.0,0.000693,2,2,303
2025-05-11 02:26:37,cd5bab82501ee17f4a39db6920f2307805039795e0ece2d6a8da5a01b1524b13,896193,330437.0,924.0,0.002796,1,2,205
2025-05-11 02:26:37,3ba07f2de93c3d763c0784f880ee2cbbc0874e4290fc69e2c1778f95701b8e0e,896193,546.0,918.0,1.681319,1,1,330
2025-05-11 02:26:37,ffd3f1b3a6604ff5b75c1730848e0d6b590c092cb8341095a07fb2e92bdc99f2,896193,12880.0,924.0,0.071739,1,2,205
2025-05-11 02:26:37,5171897ded0c944eb241893e1653072882b62ff8e089d8b79494e40d25671e09,896193,979154.0,846.0,0.000864,1,2,222
2025-05-11 02:26:37,30ca1284f923753449ce048828778c8e73d1d10f6ec3211af3fc1e10f990d208,896193,58176.0,846.0,0.014542,1,2,222
2025-05-11 02:26:37,e86f128fd9089adf0ad5ad78864fcbdbff0e39d1034a04eb3ebd0525ab76ac07,896193,546.0,906.0,1.659341,1,1,322
2025-05-11 02:26:37,d3155e88cdae8a3d27d1ded6bdee20c985859f935523487f45c6da7ea51a4176,896193,9076.0,924.0,0.101807,1,2,205
2025-05-11 02:26:37,9489adfc65e89d9f36eb35963ea1d73514da4da4b12882e45b1d18929e346a05,896193,631359.0,1272.0,0.002015,2,2,312
2025-05-11 02:26:37,f604ef96c3024f693af284a6f064a9d1e9bdc1c9c8bba3baf5c348060100ca51,896193,632631.0,1272.0,0.002011,2,2,312
2025-05-11 02:26:37,aac6844a269ec8846ff891efd13b4fa95fc6a5d0a0237ec7b5c44e9c5ee2bff9,896193,634821.0,924.0,0.001456,1,2,205
2025-05-11 02:26:37,220d849dbbf7e130de3d2f14eae12d9f2f9c51dcf021d22e127993c4de983105,896193,228885536.0,864.0,4e-06,1,2,226
2025-05-11 02:26:37,3c3497cc32ca6f3472c70534f1e668ef5fdd7d846747f432958f036990c02305,896193,271699.0,846.0,0.003114,1,2,222
2025-05-11 02:26:37,f6cd1ab40fe5ce58830a601db805d87adaba56d53cfe5f01d0d3575829b4b702,896193,138836.0,846.0,0.006094,1,2,223
2025-05-11 02:26:37,1cbb82ac1bd9f25817cc3e1528ab0510beff0a4189ec9b3d2c78c9e3ffd71501,896193,546.0,918.0,1.681319,1,1,330
2025-05-11 02:26:37,707c02256bb77016e8d9cb4d27585ae23029ccb5cd4b72c501695f90439e4b00,896193,1402863.0,846.0,0.000603,1,2,222
2025-05-11 02:26:37,1c9416abe9e508e262793b4f68da674f0c4c9c62c1eca3e2b4012f28e7e487cf,896193,1758802183.0,1405.0,1e-06,1,5,316
2025-05-11 02:26:37,c0db00ebb0a2d95ca6486850e747befcde82f367b7bd7a59300f92786f466583,896193,594519365.0,26958.0,4.5e-05,65,2,9731
2025-05-11 02:26:37,f7fcda2ef6f19a850a45e0f06cfcc41bf21689f7ca988c623f3a675c5f247c22,896193,708967.0,3054.0,0.004308,5,1,910
2025-05-11 02:26:37,028b5827befada4efc403626626ac43c8c3c69b568dd46765dd60a3cf4406a3c,896193,1316.0,1016.0,0.772036,2,1,269
2025-05-11 02:26:37,855deba2eb8492615d0615ed53a01f90f686fb5294ce92219c41fec4457c76ab,896193,21204520.0,4347.0,0.000205,9,5,1201
2025-05-11 02:26:37,f9f3b7ca52243a8731653f99805c570db8a61b9b3853f93bfd80e82391f42a2b,896193,162543.0,1437.0,0.008841,2,3,401
2025-05-11 02:26:37,8a8c4d49df1b2bb743228146dec259aa7b16e09ab173fd9e10410a7f0f8d399f,896193,82772389.0,1037.0,1.3e-05,1,2,226
2025-05-11 02:26:37,7c047d4854d7eec7fd05752b3e848d49855fe8178f3ea880c506e74bb8d804a3,896193,82905068.0,677.0,8e-06,1,2,222
2025-05-11 02:26:37,c2dfadf1c1dccf7b6dde2c3594ab83a011f4df3b7bf5797fefdb137ab8b235d9,896193,64463.0,2070.0,0.032111,4,2,666
2025-05-11 17:27:36,e74dd869f5403c4f566890fc95c02f7fa8f07d708cd77dfa18a77950b9c51aea,896286,330.0,151.0,0.457576,1,1,319
2025-05-11 17:27:36,6a92abb1c5a31f0e5d313a82c3d9ecaea25ef00ae453b0dbf56a7320e69007ea,896286,602991345.0,153.0,0.0,1,2,235
2025-05-11 17:27:36,a283d7e5da6af99a7bc1b65e81ef5928428624f03f2dc7fa83258a08727c03ea,896286,330.0,151.0,0.457576,1,1,319
2025-05-11 17:27:36,194844579977481cef731a26982502bbb378554a0f563b5cef55ee70f20fb7e9,896286,546.0,140.0,0.25641,1,1,312
2025-05-11 17:27:36,4284214bb71b4d8583c49972c7ca51d83b6e636c05f52784ac41d33ee262b6e9,896286,33263.0,217.0,0.006524,1,3,298
2025-05-11 17:27:36,7307a00f06209eec5d88f4e66deff2ace1aa9cfaa9a26ad7e8b2255512eb81e9,896286,351.0,128.0,0.364672,1,1,266
2025-05-11 17:27:36,ee2fc8e6fd8a44c43992a504a25e49ef825d2cfa8ed099a0af027aa818a22fe9,896286,546.0,152.0,0.278388,1,1,324
2025-05-11 17:27:36,2edc63ea083c404f073c827e019a6f523bbde7985cc09f9bdf720128556f07e9,896286,36427.0,217.0,0.005957,1,3,298
2025-05-11 17:27:36,98acb88ec0635a2308aa9562bae7a08429e214c0ba518ee9cf3257971a6bf5e8,896286,330.0,151.0,0.457576,1,1,319
2025-05-11 17:27:36,b86ee70b28aa0a03036b2e035b199419d77150281818262831a923ef728eeee8,896286,351.0,129.0,0.367521,1,1,269
2025-05-11 17:27:36,c6c3280c03a08155ea497d6562b153669f4dc3e24057fe32a8fb3eb5c36ae9e8,896286,51589.0,142.0,0.002753,1,2,193
2025-05-11 17:27:36,c5c62cd6f5f704a294f6bdd3f8a521e744313c4fce1eec7ec97f26e6ff10d9e8,896286,330.0,152.0,0.460606,1,1,323
2025-05-11 17:27:36,1a79b83a89b55223fcde3bc8750dad83420bbd1c891ee7e7a07234d0e7edcde8,896286,17283.0,110.0,0.006365,1,1,192
2025-05-11 17:27:36,b6dcf0e391b92f662a440ed041955e69722d2f48c534533d56d118503381bfe8,896286,122239.0,110.0,0.0009,1,1,192
2025-05-11 17:27:36,43f008d9d1a1e38873fcb85c38a80afb0bd1d24167e032651182fbdecaf9a2e8,896286,546.0,153.0,0.28022,1,1,330
2025-05-11 17:27:36,f48d0ddeca79a085bf6629fd078963f9b3f9d1c0e056c21bd9a375ac31bc6de8,896286,351.0,130.0,0.37037,1,1,271
2025-05-11 17:27:36,568bb9dedc5c582c7b01696bbaa5639dd27197a4b75825baec41c90fd8ba20e8,896286,20641977.0,166.0,8e-06,1,2,247
2025-05-11 17:27:36,62aee0c5752db47e6fdeceda43bed0df3b155a7ca202963dad36236d098312e8,896286,330.0,152.0,0.460606,1,1,323
2025-05-11 17:27:36,249066caee40530fb67e4d1ff134909c85be471c17557b0c143d2d924687fbe7,896286,330.0,152.0,0.460606,1,1,323
2025-05-11 17:27:36,a0ffdf1ae5b4ab5daf8b873aeb98a64e7e8a484d514dea0ed7d3d19d4fdefae7,896286,351.0,130.0,0.37037,1,1,273
2025-05-11 17:27:36,5022aea4fd850bf5d2d34f09064857eb3529c0eb25cfcfd3328033a3bd8cc1e7,896286,39703.0,217.0,0.005466,1,3,298
2025-05-11 17:27:36,d2b35171f8daa3bc81fae9ba47babe0498f134db4169c8ddbe679b38e273b9e7,896286,330.0,151.0,0.457576,1,1,319
2025-05-11 17:27:36,74318016181b5063f86fcec877da22d91b3e85afa24577b877b61664a52d5ae7,896286,435.0,111.0,0.255172,1,1,162
2025-05-11 17:27:36,fbd363085849f04b1b562b93da10ad09e2e1978ba29cc969c61ae9a18ce73be7,896286,300.0,110.0,0.366667,1,1,191
2025-05-11 17:27:36,accc7234c6432b8974eadf14f35f50b2eefaf89cdad5a7a2c9a90f2564a439e7,896286,55378.0,178.0,0.003214,2,1,340
2025-05-11 17:27:36,0fb8c002e082e428e71f7fe23a682ecc351580cf2306f37a8f8124ecdb0212e7,896286,300.0,110.0,0.366667,1,1,192
2025-05-11 17:27:36,9c77b444d453a5284f702fac4e515343e8eefe82fd3f7c558a84d1c9a67311e7,896286,8544574.0,3955.0,0.000463,68,1,7322
2025-05-11 17:27:36,e9bba5ab03caea777ca467d0b796e15d8f69b70bc467e085002d0e2db0e8e9e6,896286,546.0,153.0,0.28022,1,1,330
2025-05-11 17:27:36,5b37674fa26b3b47ac18affb21fa04e5f85f5f8f8f2501ecaa4d798c1b13e8e6,896286,1430991.0,142.0,9.9e-05,1,2,193
2025-05-11 17:27:36,259d2389375d199032949f4c32530795e177614912f11306068feac694ffd8e6,896286,546.0,154.0,0.282051,1,1,331
2025-05-11 17:27:36,26c6be182bddc0b9ce6b08a9cbb9eca060f0b2b97f3d24d3f090b4ca5207d8e6,896286,330.0,152.0,0.460606,1,1,323
2025-05-11 17:27:36,86d51510cea5c84e98cfcf7edd6981008952aec99d8c72e8305d165c65a6abe6,896286,330.0,151.0,0.457576,1,1,319
2025-05-11 17:27:36,572377afd0705ca53bfd1f2dadac28ad8d818c6863e78cb53f11951bd33b9ae6,896286,351.0,129.0,0.367521,1,1,267
2025-05-11 17:27:36,eaebd141ab1ae9e06fb0b33a7e274cebaabf91c1cff99df14891acf5420e93e6,896286,330.0,151.0,0.457576,1,1,319
2025-05-11 17:27:36,3f0ebce3a9ebf4c53a46ecaf470be8d48aa321d9832279ae7419a9c0a3ae3ae6,896286,330.0,151.0,0.457576,1,1,320
2025-05-11 17:27:36,0d3661b52d682839e61057fcc2bdac4b28d9f7086b5bf065f3b520c580a22ee6,896286,41761457.0,168.0,4e-06,1,2,249
2025-05-11 17:27:36,aec513dca1e7e11c4ea884561c4bc4a5cfee47a537e5afe54f296d50634127e6,896286,435.0,111.0,0.255172,1,1,162
2025-05-11 17:27:36,554c955d3c8d631e570555b66a85341539c80cc51c49ef3400515101e5881ae6,896286,406395.0,153.0,0.000376,1,2,234
2025-05-11 17:27:36,28971874c55dfb1ed7bbe14ab9df3972283d19f3d7a9a4c116df32b1249b14e6,896286,21225.0,110.0,0.005183,1,1,191
2025-05-11 17:27:36,a39036ff2ee50985dc081538088e67be2c8aa7c28929cfc80909c61a1b100be6,896286,330.0,151.0,0.457576,1,1,319
2025-05-11 17:27:36,03341faee06aa0c94b0152f6fb07a36c3191ce58d6de68ab1155c18e5dee08e6,896286,330.0,152.0,0.460606,1,1,323
2025-05-11 17:27:36,e493d74f16da93703237be3cbaae04b2510b296713ae6ef3e647733bc9d2ffe5,896286,330.0,139.0,0.421212,1,1,307
2025-05-11 17:27:36,b258aa498cf77e68340a04bb9ec5e0fb30c8ed36ee56777efe6eb2f68a8ae8e5,896286,330.0,152.0,0.460606,1,1,323
2025-05-11 17:27:36,ba93204f581886ef828f34be7fdbc76927b320f9610fdc18fd7acc179513c0e5,896286,330.0,151.0,0.457576,1,1,319
2025-05-11 17:27:36,04d22c3904fadc545a5ce262d31201b75be3abbb19ead08cc69f04f1799e8fe5,896286,546.0,152.0,0.278388,1,1,324
2025-05-11 17:27:36,ffb6dd882031b8b4fbf51cfd94d3ec99114eecfc33a5e41ef36d25b0b45b22e5,896286,546.0,152.0,0.278388,1,1,323
2025-05-11 17:27:36,081f8c3d1e97ff9cd5b57d4511d1d7f414612296c8ec2109da54ebdc1f1222e5,896286,69501783.0,168.0,2e-06,1,2,249
2025-05-11 17:27:36,24a48ea133c6106b5cd0d50b32b4ba4e8063c7e4429b760e5c974b1983ab1de5,896286,488512.0,201.0,0.000411,2,2,301
2025-05-11 17:27:36,4865f8b499af9f9080464bb0e19f49c65147080bbc638f7073d69b8b47bcfde4,896286,330.0,139.0,0.421212,1,1,307
2025-05-11 17:27:36,a9adae0d620330b7def8d8670d3ddab593c5246e93bbf614360be18690b6efe4,896286,330.0,151.0,0.457576,1,1,319
2025-05-11 17:27:36,b776a4700457d02271783e534124b213a7a3eef7c73597d4c2da574bffb0aee4,896286,351.0,129.0,0.367521,1,1,267
2025-05-11 17:27:36,de17d46c2cb4651e53cbf530cdf5eb83c157a532e8f50031704698db93aa63e4,896286,74296.0,805.0,0.010835,1,4,450
2025-05-11 17:27:36,25f564598041b1af5b1aeeb27482df4dde8ddeaab8e75972dd7d891b69e345e4,896286,56066.0,284.0,0.005065,4,1,483
2025-05-11 17:27:36,5d22869588de32a51bef3b3850d4d67cf966eb63d13362ddc1f54014af1509e4,896286,21225.0,110.0,0.005183,1,1,191
2025-05-11 17:27:36,381e494aaeb2d5db1a9ef67b7e1e6606de4f44b6896b4aee287b00e3e49108e4,896286,330.0,151.0,0.457576,1,1,319
2025-05-11 17:27:36,93d2847a4475548bb1a8b93a7f930bd94f487e8de2658b4aad6895f5970cfee3,896286,385635.0,141.0,0.000366,1,2,222
2025-05-11 17:27:36,7658f752f0711e1ef0e027025c1175f4ce5820339ecd4b056c461ede827ed7e3,896286,11856.0,164.0,0.013833,1,2,245
2025-05-11 17:27:36,b2e95ed05a370553441b36c2973df8467394e703126529b4c51a245a5c13c7e3,896286,20996.0,102.0,0.004858,1,1,153
2025-05-11 17:27:36,6d67d9f194ebd51c992cf2655f9318e9a8bf372cf48ebd3d020b07273a64afe3,896286,14463.0,110.0,0.007606,1,1,191
2025-05-11 17:27:36,81a673148669e4a7da7d8625954fb87534315793cff679908cf87e7ca91291e3,896286,330.0,151.0,0.457576,1,1,319
2025-05-11 17:27:36,cd2829fe33e7f138fc50e8efaf7cd54d05999ac4e387afa265f0bf2c85e96be3,896286,330.0,152.0,0.460606,1,1,323
2025-05-11 17:27:36,db2315fded9591a236cae0b03041c81c01b801c7244c5fba2719fd5566536be3,896286,330.0,153.0,0.463636,1,1,330
2025-05-11 17:27:36,ab36be605fb4e058afa4a2b43be2a068ee7d4a90a68ec80455b893a36e613ee3,896286,330.0,152.0,0.460606,1,1,323
2025-05-11 17:27:36,04a072a8ac3ebd2906b1a207576b51a47c77c5f99b8cc8b1293175e4bbab0fe3,896286,62528.0,110.0,0.001759,1,1,191
2025-05-11 17:27:36,c320a23c0bc5179eebcae9e2a8344258a56fad80279c5ec0791f5629488ed6e2,896286,5111.0,805.0,0.157503,1,4,451
2025-05-11 17:27:36,d53f6b8e70840d0af6b9e515d5ef20056241ccd6f4861d2937e3da53c758d2e2,896286,330.0,151.0,0.457576,1,1,319
2025-05-11 17:27:36,c121748137c69ce91861ccf56de8c7c5b4348d53203af6509889d5a36e14cfe2,896286,35118.0,217.0,0.006179,1,3,298
2025-05-11 17:27:36,eba273e99444397eae35b6cb7438d6c86442f5ad65312b4b744f1eb44ff4c2e2,896286,330.0,151.0,0.457576,1,1,319
2025-05-11 17:27:36,b2d2c776b9cef8efff21c987317d69b1c50fc946a516821cb39a1a92fd9ac0e2,896286,351.0,129.0,0.367521,1,1,269
2025-05-11 17:27:36,3a973c832c31685ed3349d48c7b632e4a27d93dd6d22e34bee1ed93884c5a2e2,896286,546.0,151.0,0.276557,1,1,322
2025-05-11 17:27:36,a28edaef82ec3e2681f8d605f41404f295658c1ab1b12b67dce99fd2d1589de2,896286,1029103.0,142.0,0.000138,1,2,223
2025-05-11 17:27:36,f7b2fcfa6abd36cbbf3e662864f6aa4d19d9459bb2ed20a12f35123eeb2594e2,896286,330.0,152.0,0.460606,1,1,323
2025-05-11 17:27:36,b64e5e2c49d540b0e5d581700498246bf7d780798977a340494469a042276ce2,896286,546.0,153.0,0.28022,1,1,329
2025-05-11 17:27:36,3840d683564c8b3c7eb4e646c63bc703177bddd9f9f5d2fa513ff27966bb29e2,896286,330.0,153.0,0.463636,1,1,330
2025-05-11 17:27:36,fa0528403ac7487279f149db4893d7314495df84dfbb133b4668e8d9f6f91be2,896286,351.0,129.0,0.367521,1,1,270
2025-05-11 17:27:36,4c07431056bca2215c57433095561cb987a1b2b72f6e2c065dda2336f31acee1,896286,3002372.0,189.0,6.3e-05,1,1,189
2025-05-11 17:27:36,c4cbbc58078e161605f68113b4e2489a3945e398e3cc570fb1f9663c5f8bc9e1,896286,351.0,129.0,0.367521,1,1,269
2025-05-11 17:27:36,37d71439364227b308d2b6d45b9be6ad81fe4e3734c69b7697fb685e2538b8e1,896286,5285181.0,110.0,2.1e-05,1,1,191
2025-05-11 17:27:36,73938fbfbdd1d711ff3dc834aac14f0c310379d5101e83b517455ba4fd8d96e1,896286,61191.0,141.0,0.002304,1,2,223
2025-05-11 17:27:36,f0a6b8c25b63610e6db33217cb1226e98b887cfcf1a20fbc2dfa5503db437be1,896286,351.0,129.0,0.367521,1,1,270
2025-05-11 17:27:36,5968ccf9207a656f5b5ae20ff5cb083553006cecc30df0bba152299684cd77e1,896286,351.0,129.0,0.367521,1,1,269
2025-05-11 17:27:36,6bfed6b1b55a7c7bf0a0f6488de1bab34080878e3c733f5651251c36eaca2ce1,896286,330.0,151.0,0.457576,1,1,319
2025-05-11 17:27:36,f0a5a44f31b6ab2ccd6625e6c3e78810fcbb9343150a2c7a2f110bc08e2c29e1,896286,885179.0,142.0,0.00016,1,2,223
2025-05-11 17:27:36,da24705d23ababde9bc05b32a55504327608b801d5bae6eeaeff00c9aabd24e1,896286,330.0,152.0,0.460606,1,1,323
2025-05-11 17:27:36,91f9fefd8b1569cab1830ece4fdd8350388cc0b42f5ac0c264a97344c91614e1,896286,119894.0,113.0,0.000942,1,1,194
2025-05-11 17:27:36,7bcd67bc32f6ab2278f26098b226fcff30fb956b1baebc454e1119a912c80be1,896286,546.0,152.0,0.278388,1,1,325
2025-05-11 17:27:36,35e48e07fc108ae4ca398deacad1d3a6e3cd88252616952bf73672561e99f5e0,896286,73906.0,172.0,0.002327,1,3,253
2025-05-11 17:27:36,3dbe7691e2546b72192eec9303baa35843927a6021a6e2f92f02206650b3a0e0,896286,351.0,128.0,0.364672,1,1,266
2025-05-11 17:27:36,d550ac98f81c94c6395dd408de03af7bdc6a12be6acd5d006ebf5633809c91e0,896286,20996855.0,145.0,7e-06,1,2,196
2025-05-11 17:27:36,4c2f71385c8bffb1b6004814eab14a289f26c517090aeaa866c205726d016fe0,896286,330.0,151.0,0.457576,1,1,319
2025-05-11 17:27:36,6a1dd483ab1c9933d2463b3ca117688ae244dc550194b9bc6a80eb6e701e6be0,896286,330.0,151.0,0.457576,1,1,319
2025-05-11 17:27:36,cd8c82c7f4afc72db941727f5db2723ed0a8516b1f6a385cebec6f16008260e0,896286,351.0,129.0,0.367521,1,1,267
2025-05-11 17:27:36,f50ad76b673d3a8046d1ece4c44b90def343138f521f7e6f76a962dd868b5ce0,896286,546.0,154.0,0.282051,1,1,331
2025-05-11 17:27:36,af3df899982aa8d8bf6f8dab0404c0feec55bf7c7bf616c0c715a9870b1359e0,896286,17283.0,110.0,0.006365,1,1,191
2025-05-11 17:27:36,b3f89aea5f6f39688dcd6dc1ce5d4ab8699b54023d49997b7472a78ae322d3df,896286,330.0,152.0,0.460606,1,1,323
2025-05-11 17:27:36,cb8318741078512d043a48c442b26f04e22059d9bcd954fac2ed4e7a2325c1df,896286,330.0,153.0,0.463636,1,1,330
2025-05-11 17:27:36,efb0afd635b51d4b7ee059eba4c2df6f8320b6f365d7254eee3685ab037593df,896286,349442.0,276.0,0.00079,3,2,518
2025-05-11 17:27:36,1542befd8a7aa772116c6dc4f45610affc318c1d19921c935cc88b9fb8ec58df,896286,330.0,152.0,0.460606,1,1,323
2025-05-11 17:27:36,27230d37b67f50b0a3f3c9806c28d39911dfbe9c4dcda156c898cf79da2c3adf,896286,80881664.0,142.0,2e-06,1,2,223
2025-05-11 17:27:36,4770664f643724e0f4d64cc867f64c21c1e82b0ad080c255653e00a2e7f41adf,896286,6164099.0,210.0,3.4e-05,2,2,372
2025-05-12 21:57:42,4dfdcf4e37f8e519126153114a7e754730545f8682b90c90501917289ce7ca89,896460,139901.0,426.0,0.003045,1,2,193
2025-05-12 21:57:42,9e6026b7ecbc154adaf54db0f56b4c440b009b49b1d25066aae1757893bb1c89,896460,4862.0,330.0,0.067873,1,1,191
2025-05-12 21:57:42,eced60bb09eca3a34919711d7e9048c28169457387d38d80ed92f91c16e11589,896460,7670.0,330.0,0.043025,1,1,191
2025-05-12 21:57:42,a108c48db106ca43eb6b3f57cad3a017162932dbe9ca5d94fd2d106c6c00a787,896460,723143.0,423.0,0.000585,1,2,223
2025-05-12 21:57:42,292e26ebc25c5e5d35af8825f2c43c798f95b43330043ddc7280d81375a49d86,896460,15837.0,330.0,0.020837,1,1,191
2025-05-12 21:57:42,c897818a98a6f39514bc08cb6b518cbaa6e9ac9bf0ccb7aed4497ae638d5ed82,896460,19119.0,330.0,0.01726,1,1,191
2025-05-12 21:57:42,2a997dd4428ec0591562eb64b84fb553490307e0aec23926ce1afe3c3414297f,896460,520673.0,423.0,0.000812,1,2,222
2025-05-12 21:57:42,b2fa3e542a43d051896f661b9754b947308e61ba2bedd4e7c0619effc7f9e87e,896460,10007.0,330.0,0.032977,1,1,191
2025-05-12 21:57:42,08609a4289f3dc87e7d8376945ce03604742ddcf2921f3c7ad15747cbf7be77e,896460,5975.0,330.0,0.05523,1,1,191
2025-05-12 21:57:42,9a3d56650f5b8ccfb42adaeeec8cae9e296bc3b8d712700cda7f71575af3937e,896460,22817.0,462.0,0.020248,1,2,205
2025-05-12 21:57:42,c4d762ed0d6b507cae72d286277b11254e156d9ae51e14c76ccb1987a83a7d7e,896460,664913.0,432.0,0.00065,1,2,226
2025-05-12 21:57:42,986a00074e97b63086dbb9f7b0467eebd42d661ba6bb8ff50e8fe1797f6fd67c,896460,4377.0,1623.0,0.370802,5,2,946
2025-05-12 21:57:42,6aed8d5682e463410cda8020652a0cca406003aaa673797fb2bce312710d927c,896460,764149834.0,6075.0,8e-06,16,30,3310
2025-05-12 21:57:42,b6291582cb690d3c36740fce092def63abde37db42621a09b4626d50c3cfbc75,896460,3078.0,330.0,0.107212,1,1,191
2025-05-12 21:57:42,4d275d43f3b5fdc42c143d9c5171d6f419b1be467489e6d9a59bdbf7e319c574,896460,10094.0,330.0,0.032693,1,1,191
2025-05-12 21:57:42,51882d09d290113952d68544e493ecc0d724cc3ca42c7d41c8dfde69328dbd74,896460,1453608.0,705.0,0.000485,1,2,235
2025-05-12 21:57:42,9a1cb3c649181fd6b02708ab0dd72733a835ebfcfca9e3cb468341cd02387074,896460,4493031.0,423.0,9.4e-05,1,2,222
2025-05-12 21:57:42,a8c6301148de08fcfe8c7f58a4c7e37c69b46de74000df6a842d6ee8dbe0bf73,896460,7395.0,330.0,0.044625,1,1,191
2025-05-12 21:57:42,ee5fcf00b3db024aca0d21f896aa6f2d62cc805fb731741dce146534ee76b673,896460,421119993.0,423.0,1e-06,1,2,222
2025-05-12 21:57:42,017a6a3da330756d4533e2379ffc29e0ba035da6008d1ef09d59425b7e66b771,896460,16229395.0,423.0,2.6e-05,1,2,223
2025-05-12 21:57:42,1d3efaba1b9f570ab805d0442f52f41720f307e82c8129239931d57d3744f26a,896460,1981002595.0,603.0,0.0,1,2,393
2025-05-12 21:57:42,1656295b11198c3ef2cc0bcabf9d0901bedb6ba5fd1d61b1b2b727bfabbee46a,896460,7781.0,696.0,0.089449,2,3,363
2025-05-12 21:57:42,ec65dc25d793bc27fb1f5b455596e5e34b6e1801f9f4382ac4009fef27b31a6a,896460,546.0,459.0,0.840659,1,1,330
2025-05-12 21:57:42,f8e7c9ad40d9a57bfb3f17a6bacb462af7f7dcd2f53d40cb2d44a65f2257f7f1,896460,23702.0,462.0,0.019492,1,2,205
2025-05-12 21:57:42,362c260c60564779076b82cb7ce87857d87970f902ebb239993d0ba8894c9e68,896460,1472152.0,330.0,0.000224,1,1,191
2025-05-12 21:57:42,90e0c4a5b9c556f83821f274e090f23ea5c2a375bb06a1d18deb376c3a587d5f,896460,546.0,456.0,0.835165,1,1,324
2025-05-12 21:57:42,d2a9109d1180889f93f124a3cd8734219acd3aa2395ac0ce0bad388bc7380fce,896460,70458.0,462.0,0.006557,1,2,205
2025-05-12 21:57:42,20b468f69e63cf693c82587d7b21170ec4db039157940c2259a4b381eb7c9d5e,896460,3000000.0,333.0,0.000111,1,1,162
2025-05-12 21:57:42,86d0bf5f0c25cf73085c138cab9814451f9e9b165a46b0c7a281ffc3c953995c,896460,30443.0,330.0,0.01084,1,1,191
2025-05-12 21:57:42,6c0e7a4b611c006f639683358e9cde66b836ff397bb142b67c60393661409c5b,896460,2738241.0,426.0,0.000156,1,2,193
2025-05-12 21:57:42,fa7c21c115e6ecaa06ce3a4f00cf114ab3ff9ec59c7f9567a66e5a3815734858,896460,112076.0,423.0,0.003774,1,2,222
2025-05-12 21:57:42,d923d6d0e854e4b2977b9d22d31db2e753d163651921c90b31e97a3f26c4d956,896460,30772.0,330.0,0.010724,1,1,191
2025-05-12 21:57:42,d84dc4c271de3098296136420bf45e9f57060f85b31880a734f0f2aff008f755,896460,9003.0,402.0,0.044652,1,1,215
2025-05-12 21:57:42,a125aeae82658497d2430770ddedb1f8574ef7421e926cc5d632ee963143ad55,896460,22184.0,330.0,0.014876,1,1,191
2025-05-12 21:57:42,ceaeb81e7f2ce2f5a06a70282c08875943208cc3ef7f8b3394e8ee8aee07c054,896460,1075253.0,423.0,0.000393,1,2,222
2025-05-12 21:57:42,4d3eaeef22ec321a99328f475b00fee1642d94c72f5ab79bea5869c9f372ba54,896460,20856.0,330.0,0.015823,1,1,191
2025-05-12 21:57:42,25f62606c9e1bb272264bc16859dc203c52cdb92e8a94037b536ed0b5a6e9653,896460,443296.0,498.0,0.001123,1,2,248
2025-05-12 21:57:42,eec198503f027757aa371205c26802240f7b2afdc3425914c366190728814550,896460,3496051.0,462.0,0.000132,1,2,205
2025-05-12 21:57:42,cc21960cb3388206f950ccc9cd98b4f11312a470a4ab352657d0fb7533a8904c,896460,5158785.0,516.0,0.0001,1,3,253
2025-05-12 21:57:42,01a1040624b5e3a9ec83ab4cbfd1d34dc3d7a09d07dad80e6d8d492d8b26594c,896460,452684.0,702.0,0.001551,2,3,366
2025-05-12 21:57:42,412ebb37f515ae9eefe461ec38de963213a62e79c29fe5ce0901aa7e3f4f9347,896460,767540.0,672.0,0.000876,1,2,224
2025-05-12 21:57:42,4248f269d2e0102ad60684ec59d37e0e7cfc14fee6269abfdfc764b7a2307747,896460,14980.0,330.0,0.022029,1,1,191
2025-05-12 21:57:42,074ee58509aa679be83e261c6219eabb63a9a5fa245681cb30dadc626bc76947,896460,462000.0,1335.0,0.00289,2,2,300
2025-05-12 21:57:42,d5fb08ef05f9fc746a323f76cfdd92470393173e8d8667bbfa52ddeae8ef249e,896460,18009600.0,254.0,1.4e-05,2,2,313
2025-05-12 21:57:42,9f15d5e5057ce1fdafe8d0d24452c08185ff58e1509c794993ead1c862c0364b,896460,38918365.0,235.0,6e-06,1,3,278
2025-05-12 21:57:42,f07cd0048ce01f52c1b8cb725fb3818e372707a528867680513f145e992a5e45,896460,119547.0,624.0,0.00522,2,2,370
2025-05-12 21:57:42,aadc66787484ca3b222346b183a4fb24b5cca9c35832c500fda41f5fd3ff9341,896460,10078.0,330.0,0.032745,1,1,191
2025-05-12 21:57:42,eddb60cbaf9dc023d3b51266fcbbe2087228dc63bcf4824a8e07390609695a3f,896460,28670.0,330.0,0.01151,1,1,191
2025-05-12 21:57:42,8efe0f11f6b7a8e7051d10725bcf0d9d059acf62e66b1efb0377f905e702d43e,896460,20690.0,330.0,0.01595,1,1,191
2025-05-12 21:57:42,0d61af6ed854a2bebabbbb329f92848c106a4ac5b9009aa228d7e6c9ac48463e,896460,119528.0,627.0,0.005246,2,2,371
2025-05-12 21:57:42,6226c3b98a8cd9b37336c668b22c450802fd4dc2db9eb8e33863968987e3da3c,896460,41388.0,720.0,0.017396,1,4,291
2025-05-12 21:57:42,a18272d187abc523e8b7314e01cb7b27f30470401de37b8422b31b821062cb3c,896460,74987462.0,423.0,6e-06,1,2,222
2025-05-12 21:57:42,d41705321c2804aea671702b5a49aa89c6356aaeea196aaa96d1a01f6286993a,896460,9864.0,330.0,0.033455,1,1,191
2025-05-12 21:57:42,c875ca3d8afa07ee19b8bc714d9d6426b2daa0856eb612e36f8250a740b9753a,896460,10972226.0,426.0,3.9e-05,1,2,224
2025-05-12 21:57:42,f4e22790692bf55e85bd63191b6759ac03bab53e84dc2df23792dd6ed6371e3a,896460,54163.0,702.0,0.012961,2,3,366
2025-05-12 21:57:42,6aeeeb2555aacb410594aea0680dc1b610aa153f444ac15cea3f900d8b625339,896460,115715.0,429.0,0.003707,1,2,194
2025-05-12 21:57:42,d26b2b23de4a4065d462a4ca6a378078886347dd63cedb0c71365fd3c0c56036,896460,588210.0,624.0,0.001061,2,2,370
2025-05-12 21:57:42,fb785d0e6e84122ebd77059b2648e1a221b0cb0111f86a8dfbc8926003ee9b30,896460,66520.0,462.0,0.006945,1,2,205
2025-05-12 21:57:42,06c997960aee047cd7ae4fde03156797313a27c14bf4c2a576b85c126df9c12f,896460,11584771.0,552.0,4.8e-05,1,3,265
2025-05-12 21:57:42,22936da0e91d679ef1a291040263796d67779cca1d2bf82a00899ce5c5820b2f,896460,10152.0,330.0,0.032506,1,1,191
2025-05-12 21:57:42,41b3bd2c77bfeada1666643d5349b54861baaf3cf1ef8b3d1160cc3ce2f3ae2e,896460,30857.0,330.0,0.010694,1,1,191
2025-05-12 21:57:42,a718f9ab7cc50cb6f9d959e8f14d6158f7e7dc137a18bb06990566a334ef382e,896460,62201.0,462.0,0.007428,1,2,205
2025-05-12 21:57:42,9cbd7287c385a9d99b072d0698cab69677c06128adf323df5a104f102f4b3a2d,896460,1081500.0,624.0,0.000577,2,2,370
2025-05-12 21:57:42,06a780ad325ad1ab1ec963f0fc41651a28585fe5a649a735ee49094eefe9852c,896460,21600.0,330.0,0.015278,1,1,191
2025-05-12 21:57:42,db7e04c5b63e93591024d106bf5afede2518a22e5d707dc94c312d650a26332c,896460,33797.0,330.0,0.009764,1,1,191
2025-05-12 21:57:42,2e17d6b3fcc41d08e13a9529c378226bd65a794fdfe6e9d8a07dd6ddc0ee012c,896460,10670.0,330.0,0.030928,1,1,191
2025-05-12 21:57:42,cecd608eb0bebb39df1ca4406bc47b63cc2293ac803c8256d2080794e5ebd42b,896460,2670.0,330.0,0.123596,1,1,191
2025-05-12 21:57:42,7411cb80e96688899f680e3e4c95f2df13de129b53c4c0e95da2b6960bd49e28,896460,8242521.0,423.0,5.1e-05,1,2,223
2025-05-12 21:57:42,ce0625ea890a070bdaeffa2d3e9d63ba56eaa7026998989a997d044b4ecf4228,896460,47408.0,423.0,0.008923,1,2,222
2025-05-12 21:57:42,7d901dbbaeefde45cc15b069689e167ef2808db3e39a479e0794b3ee8b2fed27,896460,431864565.0,423.0,1e-06,1,2,222
2025-05-12 21:57:42,1ca1021abf9393442db649ed5bfcb051b59f64148c3f2be7ff1e9351ec8e4526,896460,10227.0,330.0,0.032268,1,1,191
2025-05-12 21:57:42,2bc9727a67cb4eac45bea639b5ee4d87d748b8cf4582981d22365dd1d48e4b25,896460,13103.0,330.0,0.025185,1,1,191
2025-05-12 21:57:42,d6754df52b09303a7881ae8dabce8cc6cdb084633c9f1faeabe7d17de247ed24,896460,30987.0,330.0,0.01065,1,1,191
2025-05-12 21:57:42,133d8d71a7c5b3f4c9663450d162851847cec3179877703216bacc10b6a91e21,896460,1670.0,330.0,0.197605,1,1,191
2025-05-12 21:57:42,87c3ebe9d2704a1de8f4ec1bf5a6875a80dbf62f12e903e39a95abbfca09e21f,896460,326042.0,603.0,0.001849,1,1,201
2025-05-12 21:57:42,c475576a798e274c8fb238493aaf877b4d854b669ed291230c6dbd4850b8131f,896460,147563.0,333.0,0.002257,1,1,193
2025-05-12 21:57:42,61c0e26d746e31c0b978ea1be99c40bd98654b335ccb7cbc69d5fb18a26f591e,896460,26855.0,330.0,0.012288,1,1,191
2025-05-12 21:57:42,270d88e6cb55fb3c8942175abdc53411c605035c5508a96aa6008104b4f1c51a,896460,20560.0,330.0,0.016051,1,1,191
2025-05-12 21:57:42,63d12c8a08faed7878b734633d6de65937ac3c41e8afac9699a9bea36b5e5017,896460,871946.0,426.0,0.000489,1,2,193
2025-05-12 21:57:42,cda929fb8762ad7fbd5683d6ec2d4a9765bda4298ebdcd000b7f5b413f524c16,896460,15670.0,330.0,0.021059,1,1,191
2025-05-12 21:57:42,792b19e6db4570f8b3772cd9084905308fb25332b21b3eb2918d85195420b414,896460,585171.0,429.0,0.000733,1,1,324
2025-05-12 21:57:42,de8af58d50385917c4c53956f81373073fbdc03bcc577f437777314f6376f50d,896460,974681.0,426.0,0.000437,1,2,223
2025-05-12 21:57:42,881c09cc50b4f00c3164ba8680237b506280c39fda09546eb0173d9138b3720d,896460,4238111.0,495.0,0.000117,1,2,247
2025-05-12 21:57:42,cfdc5cac5faf9ca8b2ddbaf1a467ea594d759eb029aab6f720878f8e68775c0d,896460,7986.0,330.0,0.041322,1,1,191
2025-05-12 21:57:42,0a95f1a82680fbb8e5f90b3d7507b8d9d0cfc7af88a55451f8ae40f0e053270c,896460,32248.0,330.0,0.010233,1,1,191
2025-05-12 21:57:42,f0d74fc821fc64d7ddc12e74d95bdcf5c54d1e9c1b1b3913b3936eaa9d308e09,896460,81728.0,333.0,0.004074,1,1,162
2025-05-12 21:57:42,b41f644cbf04fc9816eb03e2cf5306c883a500eb58b7737d19a079cd7b3a5809,896460,11635761416.0,423.0,0.0,1,2,222
2025-05-12 21:57:42,6dddde543b0a30278e8d6386209b026e78e64839078e3009c7a80ea9a3d99b05,896460,2899.0,330.0,0.113832,1,1,191
2025-05-12 21:57:42,9de92d1ea3a10517620cb504e70eca407cbcde44c1bdc135939fad8a16e33d05,896460,37505.0,297.0,0.007919,1,1,150
2025-05-12 21:57:42,db8fd265645b8422f75612051cb753f072d4e15e02748c9c6a9b1e879fa9be02,896460,19667.0,333.0,0.016932,1,1,162
2025-05-12 21:57:42,7659e6ea565ba5a9d2dd71872ee75ab6f2547db08ddf937dae5c6236c90e8302,896460,34295.0,333.0,0.00971,1,1,192
2025-05-12 21:57:42,58e3453a8dda058914aae8a3944b14854e543b4b5ea8af89cf16782304837900,896460,20465.0,330.0,0.016125,1,1,191
2025-05-12 21:57:42,e60ffbd65eefc92a4e5eb56256b146532e90f2725cbee42c66d586b9923fc8fa,896460,5546.0,42387.0,7.642806,1,2,56111
2025-05-12 21:57:42,62044e8dfcdd83a6b9b8c058031b036613931ebb0472d0ab4fd84c08f575a8bc,896460,473694.0,958.0,0.002022,2,5,451
2025-05-12 21:57:42,f75a1e338bc9401d100748b0ae2dc52dad3903775172221ccd84a588f328d069,896460,515246.0,2124.0,0.004122,2,13,838
2025-05-12 21:57:42,f34f220d694cb50e158fcfadb5dd82a2e7dadb63075e29a337ffd20a60e4f665,896460,13464.0,2082.0,0.154635,2,13,825
2025-05-12 21:57:42,128aa3aa65e37ca8ef4c538c71ad1a3debef3a45e6b448922e70f30f574c3446,896460,2160.0,2040.0,0.944444,7,1,1244
2025-05-12 21:57:42,84a95e7d965bc50536663e6ecf59c073f1a6a05abbf315bc76ce4e609ef9dbf6,896460,473754.0,1953.0,0.004122,2,12,781
2025-05-12 21:57:42,83bceebbbaba1da35bb338aa73510dc87b0b30ee4d7718ef98ca9a699b69cb26,896460,99925.0,502.0,0.005024,2,1,298
2025-05-12 21:57:42,fd78b330f5a342cc0da36ae095fdc1788f5a1041a97ae6880cf0a6f9c835f521,896460,2268469.0,1338.0,0.00059,5,3,847
2025-05-11 02:39:37,0b469f663137ce1ddceb58bb435bead01055b767a9bf41a51ccb4996ea439790,896194,157227.0,936.0,0.005953,1,5,316
2025-05-11 02:39:37,e48569b21bd8ab47853c1af3c7ff0540436c246829e7e5de807208f46723388f,896194,27795.0,836.0,0.030077,2,2,372
2025-05-11 02:39:37,b0a71aa20b76dc3958643fdfb8f3c01047d74a436e05d9f1f1e7747ff885b18e,896194,139992.0,564.0,0.004029,1,2,222
2025-05-11 02:39:37,41c913510f14c77d049828d3aa01078025a17001bd2ac84afcbba193faf8878d,896194,8867221.0,576.0,6.5e-05,1,2,225
2025-05-11 02:39:37,3497f45253d51e28a97f4991a8b14ce6f94c99d39f46ee27a6df93f34cc3d08c,896194,1765346.0,444.0,0.000252,1,1,193
2025-05-11 02:39:37,a8311bb4e53fc9a0c170d0ba93752c89aece8ffabc57dda19193802ebc3af88b,896194,106221.0,408.0,0.003841,1,1,153
2025-05-11 02:39:37,13aa970474605b1b831749b18aa5830507b61e8b9613dd4f964fdbf6d68be88a,896194,546.0,564.0,1.032967,1,1,317
2025-05-11 02:39:37,6f8518daaf1a9ad7b2ff5b3c2ca08419171543d9fef97f75e67f63e5932fb68a,896194,21683.0,568.0,0.026196,1,2,223
2025-05-11 02:39:37,232e142e587ddf6d78d829da9d46c8426adb3cfb00f0b06701492be63c1a9a86,896194,124156.0,616.0,0.004962,1,2,205
2025-05-11 02:39:37,4b163e32402d47808e93a9767dc49bdf14f5fcaa2bca0fea0b5effe1049e6d86,896194,9999560.0,440.0,4.4e-05,1,1,191
2025-05-11 02:39:37,06ddf3a6e2117999dfc9c5e7ff9584dd438a84a31e02679352e32c1c0efae384,896194,116259.0,564.0,0.004851,1,2,222
2025-05-11 02:39:37,bf139311a49498179a75781d1059bc9f0a4446d8984a465ed97aeb5822cadc83,896194,4329.0,452.0,0.104412,1,1,194
2025-05-11 02:39:37,03d81fb0ffde0abf6b87a14150e3d01d69468f276fbaf7f2f792ca1105060082,896194,126939.0,564.0,0.004443,1,2,223
2025-05-11 02:39:37,ac5dc1ce4979a8ba5ad2c7952fd5f46dc12bffe3829c2b88acae4e69821a7081,896194,6362482.0,564.0,8.9e-05,1,2,223
2025-05-11 02:39:37,5adbc54d52c1b3668830d41542315b18566e38677c4311eec064b39401ecc280,896194,31052629.0,1036.0,3.3e-05,2,2,421
2025-05-11 02:39:37,387acc943f025290c73106025f31c0b58614521f2a678bfd08d3a054e59a9b7f,896194,50891.0,576.0,0.011318,1,2,226
2025-05-11 02:39:37,930c0fb946a5028fbe56f958b099ec818f16a0f8d8f33befe7528e95d0e32c7e,896194,62728.0,664.0,0.010585,1,2,247
2025-05-11 02:39:37,6efd42ae2c0702fd05dbfb367946f304d144f3baf36b57c2c7fbd0a3f9b5567d,896194,10971381.0,836.0,7.6e-05,2,2,371
2025-05-11 02:39:37,ada283afd72e58f665d589d0e60250d182e21b02944853d22b5a62e596c7f07a,896194,57780.0,408.0,0.007061,1,1,153
2025-05-11 02:39:37,4470695036f68a8c2f20ea62fa2b5e9c2a451800dd42d3adfe9af72093ac157a,896194,498771.0,444.0,0.00089,1,1,162
2025-05-11 02:39:37,172e0877cedbf495f50e246340ebb45670a416630f6e3bd4c274e71409729973,896194,134444.0,564.0,0.004195,1,2,223
2025-05-11 02:39:37,6c0cf22b442e99d7b36c997fb9365efcd15119c6afb93728597d9349d9b13f73,896194,1478089.0,564.0,0.000382,1,2,222
2025-05-11 02:39:37,635cf5ae710e77311c1ce8e30e7571668aab595b92beb0e2b154e7a915d12c71,896194,384388.0,564.0,0.001467,1,2,223
2025-05-11 02:39:37,0e33af03a10103534e74f263a11fb14ba6729a0209bbd3b2ca8427d201df2b6f,896194,905328.0,892.0,0.000985,1,2,223
2025-05-11 02:39:37,256dce12b4a1888e11e60415d66c8a272ed43263bcf6f3b4d27b258c2168dd6e,896194,100137.0,440.0,0.004394,1,1,192
2025-05-11 02:39:37,3289ae6df0d59d8d623275244a8a94902664a70502a94a7d7bea0cf59e37546e,896194,16136.0,564.0,0.034953,1,2,223
2025-05-11 02:39:37,5106039de6f15a40bc21b2c696a7c12e8413d4b72cc0129218b71aacc9e2ac6c,896194,8065.0,2100.0,0.260384,2,2,300
2025-05-11 02:39:37,3b272d7d61826140de564aaf6da278fd66ecdfea90af0fee8d5c97ebdd98f531,896194,753087.0,240.0,0.000319,2,2,301
2025-05-11 02:39:37,d7f110d2f7d5edecf93edc44bb08b3dd06fb91b51e1fdc23cf7e80005de5ea7a,896194,767840.0,316.0,0.000412,2,3,426
2025-05-11 02:39:37,c0727ce0a31d501ee870cf1e1d755dd98af9fbf1942fd0c6b9c28b1d30084f6b,896194,143509.0,440.0,0.003066,1,1,191
2025-05-11 02:39:37,2f723948e1c378dc96e9b74a19ca70bd806b05dc323d4c972d79166ed235ff6a,896194,83842.0,836.0,0.009971,2,2,371
2025-05-11 02:39:37,8b700a21f03d6689eee8892661c5db365651a290686e5d78b709a160172aa667,896194,3713955.0,980.0,0.000264,1,3,326
2025-05-11 02:39:37,0ca1c7981790dffc642b22476fd75d7adfebbdbff8ec405c68a4a054d68d7d67,896194,70784.0,440.0,0.006216,1,1,192
2025-05-11 02:39:37,845891f5f1eed743984c7012d2615351073aec01c0481131b03f634019052e67,896194,46561.0,452.0,0.009708,1,1,194
2025-05-11 02:39:37,d17ff22723452cc9d439251f757be17c7a593b61ad9dbb6813eb7a58fcc238cb,896194,56415.0,576.0,0.01021,1,2,226
2025-05-11 02:39:37,0fd8d9fb6caddb72cc2d0dd2ef68be709af7132b3ed0357e205c22e331a7e865,896194,1424413.0,564.0,0.000396,1,2,222
2025-05-11 02:39:37,dc17b446944cf4323385ba29ddefccdec810712fe73a31392d90a3a562ed3265,896194,94746.0,408.0,0.004306,1,1,153
2025-05-11 02:39:37,d779a6c798cc71a20d7f742dd7d363d677ac4cf289d200d45227fa616eeac561,896194,217677.0,836.0,0.003841,2,2,372
2025-05-11 02:39:37,d985a0fbe4ec680c3c7268cd7333608d1e512864d6e373ddd2cf82f30dbd005b,896194,201388.0,564.0,0.002801,1,2,223
2025-05-11 02:39:37,dc932c815bbe269921343ee451a7217434da2d6294796e7b91f534cea40b8d56,896194,558125711.0,564.0,1e-06,1,2,223
2025-05-11 02:39:37,1141b2be3ba3c5d888004712c15edcd44f117e460ec68c227ea57c41d890ad52,896194,497932.0,568.0,0.001141,1,1,319
2025-05-11 02:39:37,f1a9e859f2ad14f60cb390e6f59a8a3565f4701f8633a42b1e646c4c74633451,896194,4153601.0,564.0,0.000136,1,2,222
2025-05-11 02:39:37,404f83fa7952684d57a11552aa8710b13663dc09bf11b1a7be0df1f2c28d894e,896194,57436.0,564.0,0.00982,1,2,222
2025-05-11 02:39:37,095417cbff739226ada568e2f8faa91946e9397db762c6030a5c71046b2d7546,896194,94197.0,840.0,0.008917,2,2,372
2025-05-11 02:39:37,a4fd190457a4662375a439f2c4105a66b6215cb949cd9a5c2f58703eb13e8d45,896194,178432.0,568.0,0.003183,1,2,223
2025-05-11 02:39:37,51c5d5cc2a23f1317d51cb7fc7e1af8a35f52e49591958ac5b16e224e36f2e45,896194,546.0,564.0,1.032967,1,1,317
2025-05-11 02:39:37,c4624912e447739b58625a77793e354bac79e9b3b1c3fda5116ed584a6de2c43,896194,78376.0,688.0,0.008778,1,3,254
2025-05-11 02:39:37,468114387bceeb928344d03d3b3cf911f966e7cec7a41fdf520f9b75f08dff3f,896194,42621506.0,564.0,1.3e-05,1,2,222
2025-05-11 02:39:37,bfbc0ad37e5cbe6df53b494900aa0e58abe700f31d3da76eb7cb8d4b97357e3f,896194,9020.0,564.0,0.062528,1,2,222
2025-05-11 02:39:37,34ffc9d265cab5ec9fd8986539ea3fb9b4a99d1bafb77985a5da7154cfe5aa3e,896194,108011.0,440.0,0.004074,1,1,191
2025-05-11 02:39:37,54faee12e69893f9832f1d6c8887ac71b473197e56a65b0c2cf6cfca775a863c,896194,931522.0,836.0,0.000897,2,2,371
2025-05-11 02:39:37,0d48fdfb2e3e215538a3786d3ec6d576aae8ff7455151c9da8f367762e085e3c,896194,7110272.0,836.0,0.000118,2,2,371
2025-05-11 02:39:37,d3ee0b9686904f0b265593c7719653c8c6ca3430640fda1043c366ced2c8023c,896194,56099916.0,1304.0,2.3e-05,4,1,651
2025-05-11 02:39:37,bd69e127d0c71b4cefc5837b620fe19e851df64691e06366ccef97e6b1829a3b,896194,8273.0,452.0,0.054636,1,1,195
2025-05-11 02:39:37,9074dc82e0884207769fdb2650c286ea60fa311170276ce4a17c6df3ca65aa3a,896194,1860242.0,488.0,0.000262,1,1,203
2025-05-11 02:39:37,28be620df3c89f5fd9731cb0846ada72749c950d8791b8c2f77a9528252e4a38,896194,1067.0,440.0,0.412371,1,1,191
2025-05-11 02:39:37,a65a3567bdfa145dc88df54fd358b1faa43155d6128471ccd1d8de818289e136,896194,17424.0,576.0,0.033058,1,2,225
2025-05-11 02:39:37,cc0da3d88844746767189d9d69c1eb03c56b42147ad6d692e1405e85825bdb36,896194,1203348.0,576.0,0.000479,1,2,226
2025-05-11 02:39:37,4cd54f299010e03648f4b13bee0faabc37428971db80a35e11a8f81bcb711d36,896194,60656.0,408.0,0.006726,1,1,153
2025-05-11 02:39:37,b95b4b24ea153b29698b548d81902a5ca6affecb36f5833aedd8f19ee5c3ac34,896194,2164277.0,564.0,0.000261,1,2,223
2025-05-11 02:39:37,19f83aaaf255cbe4a89ec3348ab8535632c1e0f7de6263ba604a092a90d8c431,896194,1724397.0,564.0,0.000327,1,2,222
2025-05-11 02:39:37,f2f75dedc48d506863b769d17d0d242dacc54f0c4f45d7b69d3eeacce1fa6930,896194,580917.0,440.0,0.000757,1,1,192
2025-05-11 02:39:37,4e9c097052997a7e318a6c6e87290fd913934cdbf947dea6d439e76bdd7f6930,896194,11175225.0,564.0,5e-05,1,2,222
2025-05-11 02:39:37,f169580fd1502733da4144a62576bf0e4e94fd196ffb0ed653fb58053805812a,896194,69962.0,408.0,0.005832,1,1,153
2025-05-11 02:39:37,3eade534bc5e69166866739cda25ae0858fe053dda9de25917b1550e5c19732a,896194,5385843.0,572.0,0.000106,1,2,194
2025-05-11 02:39:37,265f14cd0b2076dfe7d0864098476404226f8fa9f2de87635e8b4cfa08b5ff29,896194,100677874.0,708.0,7e-06,1,2,259
2025-05-11 02:39:37,532d63c49daf809dc9fd48cd9ccd4ffa7806894a3ef50a67261313449915ae29,896194,2797744.0,564.0,0.000202,1,2,223
2025-05-11 02:39:37,4ac1b812257ce9f1358d9485ec681058eeb68ed3d5ec6317052e9ccc67917f29,896194,588309168.0,1068.0,2e-06,1,6,348
2025-05-11 02:39:37,a74bb0d460920f055134acdebf1c6fde1d055c3409aeaaf81f440e60ab8d8027,896194,13891.0,440.0,0.031675,1,1,191
2025-05-11 02:39:37,f225ceaf2c38df544d7b90e95fbdcf67c7413d11ca1b1473a4ae74deb1ef2426,896194,510108.0,892.0,0.001749,1,2,223
2025-05-11 02:39:37,25810c9ec13b3061c42b0c799420bd37ce776df803b85fde58b78279c3177021,896194,9334.0,444.0,0.047568,1,1,162
2025-05-11 02:39:37,bd32fd4fef52f242a3af9fda3f78a0a4a9bf422c9c1bece2f7c7be6f2d514f21,896194,938536.0,3220.0,0.003431,1,4,451
2025-05-11 02:39:37,1bf48029b3b04d3079e1f197709a69b1d5851003b873428c73d59e14fac3521f,896194,546.0,564.0,1.032967,1,1,317
2025-05-11 02:39:37,47c391d394044044d4f9fcdd0b0fcf463afa0b60bfdccd203be5c3ed15c2fbd4,896194,9996.0,1548.0,0.154862,1,7,563
2025-05-11 02:39:37,fc327bb95561adacc2e6e0fe9b1d935381e56f3008ab893ca7c4b73158dfe2ae,896194,749388.0,612.0,0.000817,1,2,234
2025-05-11 02:39:37,c4695e04b3f9c37b6187f62cb264800beae2de4968d6d3a237d0ad6d81860d1c,896194,118498.0,1040.0,0.008777,3,2,410
2025-05-11 02:39:37,1b3dda94cc6adc386b46eff7f408f397be79e87202d82aaa69025d60dc59571b,896194,79845.0,1028.0,0.012875,3,2,407
2025-05-11 02:39:37,3fb143211d4e75354f3793bfdc83f953be3e58095176382583f5481c2fd50a1b,896194,21134213.0,664.0,3.1e-05,1,2,248
2025-05-11 02:39:37,94b5dfb729bf0756404a8a6d91a9119178e98657bd9327b27e9e5023fe440526,896194,21375003.0,672.0,3.1e-05,1,2,249
2025-05-11 02:39:37,65c14e0b3ee8474b3def2727a72dab94bed90669f9e02cb3634fb9e66755c017,896194,107232.0,768.0,0.007162,1,1,192
2025-05-11 02:39:37,c1525f36ea0bb798ad4effbb0ff1eb46c82cdab744bd1023571e49046e957817,896194,146983.0,452.0,0.003075,1,1,194
2025-05-11 02:39:37,7f942d22fa7c0a9ec1afcf0d8210128a58d5ec432136824eeb905fc527fb2617,896194,287299.0,892.0,0.003105,1,2,223
2025-05-11 02:39:37,92dcd0a084646ce8f29cb62cfb444366585eb3319efb0433b2038baaf2c6be16,896194,380508.0,660.0,0.001735,1,2,247
2025-05-11 02:39:37,159fe37ece9418323cde5646fdc3864e934db14c280cbefa11a37f868d417416,896194,1191621.0,568.0,0.000477,1,2,223
2025-05-11 02:39:37,6f983e8b6b40cc2a475c8819d87abf23f98df1e3e65ab4832a42e2a5dd9fd615,896194,4517.0,440.0,0.09741,1,1,191
2025-05-11 02:39:37,2f348021ac6d0adcc4122112a95afa9d653b195df456c5d758be61cb6f4b4a15,896194,1048830.0,488.0,0.000465,1,1,203
2025-05-11 02:39:37,230b4801611bc8be8f8da3e2ded8d5c1b7cbe209bc0a975a226d11f1c050c814,896194,59560.0,440.0,0.007388,1,1,191
2025-05-11 02:39:37,6d81a9ec8c8a3600e621847c503ce5d778537560e75c6137684ed1a82c8de112,896194,1489967.0,564.0,0.000379,1,2,222
2025-05-11 02:39:37,0c51fba45d9c137dec14fda234cc562ee430b890e841661b76c525c2aea90012,896194,2946118.0,564.0,0.000191,1,2,223
2025-05-11 02:39:37,2d302899c05ed6373a6ebe97888365803d218292a5d69eab96c7cb66985d650c,896194,147694.0,904.0,0.006121,1,2,226
2025-05-11 02:39:37,c2d5fd77dce6ac0f7fdc6956652604669489874f57b4b84363827e5401f7370a,896194,6618.0,408.0,0.06165,1,1,153
2025-05-11 02:39:37,2da39adf7b99231cae878279460b61046beacc127666679af2ad5e5a5235e409,896194,34313.0,564.0,0.016437,1,2,222
2025-05-11 02:39:37,12720a5fd8856a73390ee17be1befd9dbdce247fb071ecbcf628416de9e0e109,896194,391580.0,564.0,0.00144,1,2,222
2025-05-11 02:39:37,2ea4e37feb94551b0bd51ceb407e1a1e4e7e962164cb30d4971b0c562e380b08,896194,886753.0,836.0,0.000943,2,2,371
2025-05-11 02:39:37,de785ece12b91ea4b09e1c2b848e2ca2b7edd3792303083ce8c35b2b041f5b07,896194,2563460.0,440.0,0.000172,1,1,191
2025-05-11 02:39:37,5b6b6cee5ad550e8e56d8f011cf48e67043b748fb957f9bab77535efc8515905,896194,200749.0,616.0,0.003069,1,2,205
2025-05-11 02:39:37,d8c7b7c4ecd132c6c31433c81f43f061f066d5cbc87155940de889d815619f04,896194,219361.0,452.0,0.002061,1,1,195
2025-05-11 02:39:37,dcdc892597b88993802f1c0e634287eb676b6757f422d56edf0a213e73c39b04,896194,33462863.0,612.0,1.8e-05,1,2,234
2025-05-11 02:39:37,b5f1d3e7388d6fc695e787cb62e5b625e7aa2f26df3e2c522ce01a2586677004,896194,4730758.0,892.0,0.000189,1,2,223
2025-05-11 02:39:37,324015bd853dbf5ce873b87e9ba79af9a4f6549594897fb575693fd0530e2d04,896194,108540.0,452.0,0.004164,1,1,195
2025-05-12 03:41:07,d0e0be1a3f82b95f96feae788f56e375bb1e41fdb22bc0494a1bdaa8b51dbbb8,896353,719732.0,169.0,0.000235,1,2,223
2025-05-12 03:41:07,95973963968330744227d162bac82a90a99084b313534b9ad754885f904d92a0,896353,2606737.0,169.0,6.5e-05,1,2,223
2025-05-12 03:41:07,c9558f0822910fea563c12a9f4ca49de2b9f274306f7dd6b9993e81a7c5e0b9e,896353,238725718.0,169.0,1e-06,1,2,222
2025-05-12 03:41:07,6c85e0854765e20bd5b1d1c95968e174be6dd3636796b718811a23a623b56077,896353,62046453.0,169.0,3e-06,1,2,223
2025-05-12 03:41:07,b07bc3ee23a0e3c003a2f30a02bcd50eb08283426f13bd6ee2233fe2799e0ff3,896353,62061148.0,169.0,3e-06,1,2,223
2025-05-12 03:41:07,88ff337cbb97d2149c5d92a58862d53ed4809352c8f49dc48728df8c2e92b470,896353,1446171.0,169.0,0.000117,1,2,222
2025-05-12 03:41:07,fae50651a9de9c9158f67308680b568bca6992bbdb7b006500f23ada760b6a69,896353,2318413.0,169.0,7.3e-05,1,2,222
2025-05-12 03:41:07,b27510f2752ebbf5330b4da3984cb1ebd47416a45276e1722876db99128df44d,896353,126716300.0,169.0,1e-06,1,2,222
2025-05-12 03:41:07,1101fb84ca16f6d2d40ddd63991aee428e3ee04045442bdf1b3f6a6ba859743c,896353,29086434.0,169.0,6e-06,1,2,222
2025-05-12 03:41:07,40931e33de1a154783bef753f92e005a035bc160ff3f714fc339182736c6fb37,896353,36072550.0,169.0,5e-06,1,2,223
2025-05-12 03:41:07,7d2ee5ff1cb96ed186201fb16462490a7e5dfd45b21bc8191918c19cbed82312,896353,1816030.0,169.0,9.3e-05,1,2,222
2025-05-12 03:41:07,c2524df51467009239a76e409af3f7aceef0fb337d3da26183abeedfa5af470b,896353,1732000.0,169.0,9.8e-05,1,2,223
2025-05-12 03:41:07,8e90dd65d0c951aefdb1601b0b5663e3f7bf01a07167f9217f5b7e9e8af41a00,896353,253233.0,169.0,0.000667,1,2,222
2025-05-12 03:41:07,2af03f90e4b537ac813b3741aeffce99cbaac58501cac62186be2a05a2ffc53b,896353,14294.0,240.0,0.01679,2,2,300
2025-05-12 03:41:07,cf3f64619ea046e49f3a14fdaf603602822e98fdec23c9bff6d9ef155e9bb1b9,896353,548323.0,254.0,0.000463,2,2,313
2025-05-12 03:41:07,5cb725491a5a94d3cbcdabbc1724fe84e9f36bda182b71497f29f4f4c5efeee9,896353,3191935.0,235.0,7.4e-05,1,3,277
2025-05-12 03:41:07,2c9caaf71d68b704d427a0f2109e818ea1a7fa7eff89009e878106f34a29c43e,896353,51765.0,295.0,0.005699,3,1,489
2025-05-12 03:41:07,da4f898f2beb9adc897fcda0c069c445c842183963b93920a5c3e102b910fa06,896353,14296.0,240.0,0.016788,2,2,300
2025-05-12 03:41:07,6a210dfa2b7b5f36b97c3b92d9a6b0ccdbecdc14eb20bb8e5bda3a0fc9602e39,896353,548342.0,241.0,0.00044,2,2,302
2025-05-12 03:41:07,43fd106924d3175071800beed9f39ef750d1c537cd1d99c293df881d7dbbfe77,896353,580886.0,235.0,0.000405,1,3,277
2025-05-12 03:41:07,d443600c9160bf02d3f05e8f59c613843244f0ee4548ab8a1acb884e8e9caeb0,896353,12921.0,240.0,0.018574,2,2,300
2025-05-12 03:41:07,378ecf6e2d86ab2861d9cef0e50a25f41245ba9f97b8b8d3e3a243976d7c23a4,896353,493617.0,241.0,0.000488,2,2,302
2025-05-12 03:41:07,8f50b4a227a111e378246c23122bb716bfd878d54ddcedf20a292d31546802ad,896353,119750.0,240.0,0.002004,2,2,300
2025-05-12 03:41:07,fafa0b861f6414386a4d65694f1c1dafcc01fd9f8eb04380ca2f89b64a65a753,896353,4388050.0,241.0,5.5e-05,2,2,302
2025-05-12 03:41:07,230b82dd66e98afc5e02a7a7be74b8f1556868172b0ece58ba89d4ae96ceeefb,896353,6524.0,240.0,0.036787,2,2,300
2025-05-12 03:41:07,78b64846c718adbf9c0c7238a4ab20565525c1d5eee5884896cc1e37d90d3995,896353,598892.0,240.0,0.000401,2,2,301
2025-05-12 03:41:07,70bb1aac217c0774eabad5305a0d9d8b37d54acbf976d83d75e7373a2527110b,896353,2823000.0,235.0,8.3e-05,1,3,278
2025-05-12 03:41:07,fea13b333c3a759abfcb3283fe0c77b44b5e207c508a9a2daaa0643db07644c0,896353,31500.0,240.0,0.007619,2,2,300
2025-05-12 03:41:07,35c3ba7ee158ff080223f54b8c134c64cf43f94a6a9121a3e9b81d5ed653c5aa,896353,875700.0,240.0,0.000274,2,2,301
2025-05-12 03:41:07,693f47cae09893a42eb9c1d35457da64b85e4a9e61ee0597154314d18603343f,896353,1058023.0,235.0,0.000222,1,3,278
2025-05-12 03:41:07,778649574e90737dc6bc4ba48426597128a77a7f16d5f19d83ddb31a9e057a01,896353,6524.0,240.0,0.036787,2,2,300
2025-05-12 03:41:07,cfb6d43637b0fdaf24cdde1f986f53586e0cae2b122f29e9e6991463caac3ea9,896353,598892.0,240.0,0.000401,2,2,301
2025-05-12 03:41:07,53ff52a767575f362f520366dc4750418106b947b8914388cf6f4bee88f37aab,896353,1495753.0,235.0,0.000157,1,3,277
2025-05-12 03:41:07,d43da71ab2627d654d81772ef704d44c58a627c918c6d06ff8c07c52655e1dfe,896353,22437.0,132.0,0.005883,1,1,191
2025-05-12 03:41:07,0d1c8fa3904cbaa1e2b03db1f8d02bf7a5e04db39b04debf6d1fff93ce5af5f9,896353,28744.0,132.0,0.004592,1,1,191
2025-05-12 03:41:07,a4ae1f9f08dced191407e26c0c5d35c1259abdf03b8a7c0a3a6b989b978500f6,896353,42118.0,252.0,0.005983,2,2,372
2025-05-12 03:41:07,23232f447eb9be1f8bfa9a130a500674e7ee2f065709d65a691b625809b7aff3,896353,574577.0,132.0,0.00023,1,1,191
2025-05-12 03:41:07,16becbd714f17d32666c2d8636c170be8b54394eed1ccdb6501bd9c8381c5af3,896353,24868.0,132.0,0.005308,1,1,191
2025-05-12 03:41:07,2cf9f72aed607709ed9dcbd9580e7e64001ddbaa54f315a00e33374199413ded,896353,90253.0,132.0,0.001463,1,1,192
2025-05-12 03:41:07,b7e2f246c58e21f87e61cb81246f2564cac60e154149592869ef84260454f0e8,896353,9999736.0,264.0,2.6e-05,1,3,302
2025-05-12 03:41:07,49818bc9c2e7ac9097602f5b3e6259e801c4bf2d7b4784f01e37be84b56004e1,896353,53868.0,132.0,0.00245,1,1,191
2025-05-12 03:41:07,502f922eb5dcb83793bc693e3d784fd945be6af4b81f03ffe94da34e2396c6b7,896353,90113.0,132.0,0.001465,1,1,192
2025-05-12 03:41:07,971d27d1f4474242b55f8bd9dfa14b760cb4cf4d40abdde5af6dd0537e9fa4b7,896353,665448.0,132.0,0.000198,1,1,192
2025-05-12 03:41:07,55f6d47b4962ce028ae863f021a7327c9f1ebcfd6563507a7b864a6597f32fb4,896353,14307.0,132.0,0.009226,1,1,191
2025-05-12 03:41:07,1f29437340d9b5c9f052da65d1e75996fb93790ca6d820998eefb3cfc17361ad,896353,183007.0,132.0,0.000721,1,1,192
2025-05-12 03:41:07,453bdf9e5abb4c705aa9cc02ba55a471938382f6ba4e4cd75f782676babe6da9,896353,96141.0,132.0,0.001373,1,1,191
2025-05-12 03:41:07,ca3ab2428de104ac5492e687fa3a173abc7e2651360d8b22a555a31ab097bea7,896353,15660.0,132.0,0.008429,1,1,192
2025-05-12 03:41:07,27ca57ed51add9edf3daa6a5a33c3c08a46f8b902c2a51c832b7617fd3cf26a4,896353,1233.0,240.0,0.194647,2,2,300
2025-05-12 03:41:07,34f6613c6bb31b7a1267236fbc035d376f3925d03604be97fa8518ff6265569b,896353,23356.0,132.0,0.005652,1,1,191
2025-05-12 03:41:07,fef4cf6d40016b1d71e5495baaa206f03ecda96bd24a6a24b842d33a0644bb8e,896353,36250.0,240.0,0.006621,2,2,300
2025-05-12 03:41:07,a0293d305e6db3897f80991a12a6174951c401040361191ec0d6c40de4512b8a,896353,23946.0,132.0,0.005512,1,1,192
2025-05-12 03:41:07,84784c884fdbf2db9e86a6cd721d2e3c66322004932100fead6bc0e585063088,896353,159361.0,132.0,0.000828,1,1,191
2025-05-12 03:41:07,8d862b7dda100ab7a69ebf7bcb7a29400b607826065953c1e337d7045e73707e,896353,868.0,132.0,0.152074,1,1,192
2025-05-12 03:41:07,7da436c4c631d10d5ba208819047c10da417821892a61b032776b3cbb243df7c,896353,20665.0,132.0,0.006388,1,1,191
2025-05-12 03:41:07,88e07072a3568674fc881663bfcfadbf1fd75a569dd1e217f01a20d01c67a177,896353,34868.0,132.0,0.003786,1,1,191
2025-05-12 03:41:07,d9b89d9d1ea0be1ff28acf2bc596201bc003f665d9eb9052d9696cada2e6a764,896353,27115.0,132.0,0.004868,1,1,191
2025-05-12 03:41:07,dcc06e75a72fb0ffde50d8ae32df91a78a69ee442fe89701d0bc625a90d2f459,896353,70229.0,132.0,0.00188,1,1,191
2025-05-12 03:41:07,9fdcf5627bd40c39a6243c658f4ffcceddc316edefd8623d4233b6310843194d,896353,1404950.0,240.0,0.000171,2,2,301
2025-05-12 03:41:07,dd6c4a858a2262d62abb62340c82d195bca50d8720cb714bf9a92774dfb70f4b,896353,23933.0,132.0,0.005515,1,1,192
2025-05-12 03:41:07,c6b197ff20dc8325b93345ec12850db5a827b838659279ebf185c6fc1f296443,896353,43435.0,132.0,0.003039,1,1,191
2025-05-12 03:41:07,52b5ed1ad10af34f17d8fafcab94e4e894d187216270d3ccc6971e0096aee312,896353,15868.0,132.0,0.008319,1,1,191
2025-05-12 03:41:07,6380c87bc10378ee49531bd76cac696913153b7055fc8d2d348bf42b17403403,896353,39868.0,132.0,0.003311,1,1,192
2025-05-12 03:41:07,c18398c5a1ab7acf0ce9c38c1c60fd5381660931cd59ece5e1587836bd22f18e,896353,1865.0,361.0,0.193566,3,3,450
2025-05-12 03:41:07,e0571140e5b7ccc62f4ec5560bbeeae6751a51622a3d59578da713d5ff51c55e,896353,20759.0,254.0,0.012236,2,2,313
2025-05-12 03:41:07,518831754e77fedf9450d1a5bddf48b4740b06d80631bd717ff4f050bfd8b319,896353,28520.0,241.0,0.00845,2,2,302
2025-05-12 03:41:07,169f9c8dcbcbfb4598535b21e3712d025369772b0fb0b6308a559a67b4cd8fdb,896353,9691674.0,700.0,7.2e-05,1,14,773
2025-05-12 03:41:07,205830878730651d839c6179041e61f243c48160bc8169d6dd11e38708ac208a,896353,10076935.0,251.0,2.5e-05,2,2,371
2025-05-12 03:41:07,4a75b266e1b1124c2811d78950117b07511338b6fbcf395f91b07378cfce69a7,896353,90342451.0,184.0,2e-06,1,2,234
2025-05-12 03:41:07,aeb63d0addebd63add43479443010f246fadca9574e44bf712dbcbda233bd689,896353,90800389.0,252.0,3e-06,2,2,372
2025-05-12 03:41:07,c214e1527a092b01daefe648229cb34c1a26b164a9769f79ff852a2e9bf54402,896353,69772.0,209.0,0.002995,1,1,343
2025-05-12 03:41:07,8c5f40c0ca758d3e132fa22489fefd5794ecacc03a2dfa0467cb8aaabba877cd,896353,6207374.0,173.0,2.8e-05,1,2,226
2025-05-12 03:41:07,7e50b33f2a2a3350cf3ddc51d42cf0dc27ba10c7490bede01d959d95d5dd4eaf,896353,28836.0,214.0,0.007421,2,1,340
2025-05-12 03:41:07,1f9c9b13b5f3b72326627ca5ec594ec35ec316d51bba0ac9d782384fc4a22fcf,896353,17500575.0,208.0,1.2e-05,1,3,255
2025-05-12 03:41:07,b641c4414230db2b2db663ff3d81e7b3b7efa54b75fb0347347bfa40dc51194f,896353,671206366.0,184.0,0.0,1,2,234
2025-05-12 03:41:07,eb6b8db7488fe9ddc02776630b924c1391036317ec67c245b99cf4f4e38d89a3,896353,503539.0,332.0,0.000659,3,2,519
2025-05-12 03:41:07,9f2a0e9e038a27f88c619445079e2f99f8e0b45432c8a809c8d158ef3ff94f51,896353,1684144.0,237.0,0.000141,1,3,248
2025-05-12 03:41:07,e7b935c09aeaae33f6a499c585a65d13b0ab436109485854fde7f1e8081c01d8,896353,262132.0,136.0,0.000519,1,1,195
2025-05-12 03:41:07,a63437a1c2bf59dd668337af5ff20354f98ff2b311ce629d44fc3e6712d2f356,896353,1724864.0,136.0,7.9e-05,1,1,195
2025-05-12 03:41:07,67cb4823804e365ed304ebc8c0b3eab251c8857a77e6d4bc2e43fb8738681222,896353,533319.0,514.0,0.000964,5,3,676
2025-05-12 03:41:07,b5def3fa61990f42e8f581ccd3e1169c58243c35425d5131b8e650977597f095,896353,28455.0,253.0,0.008891,2,2,341
2025-05-12 03:41:07,d8ad9090d9406cc371c38ca0db54ca9254985fbbbe911617138df7c806a60b2b,896353,33763.0,237.0,0.00702,1,3,248
2025-05-12 03:41:07,e2b1c22e52ace13a1d71dcb742a17c3b64a630c0bc8de3744ae47d0026c6f2c5,896353,216400201.0,578.0,3e-06,6,2,964
2025-05-12 03:41:07,e48a7fe0918ac1afdcdf23711cb5ac02d480389d5c714c989c592f6c7c798dcd,896353,4478796.0,906.0,0.000202,10,2,1560
2025-05-12 03:41:07,7480e3d4277312951dc8856924fc56f89d956fb9bbb0a753fae22dc3ef0913c8,896353,674784.0,910.0,0.001349,10,2,1562
2025-05-12 03:41:07,f7fbabde6c140f839205d75f6fc6c964c52a810802f72f4bc6a3906acbf48094,896353,1216605.0,910.0,0.000748,10,2,1563
2025-05-12 03:41:07,68ea2eb19642b44ca4add217571ca169417f7a7e4895eb7b29c59864f1a0a2eb,896353,40580471.0,452.0,1.1e-05,4,3,698
2025-05-12 03:41:07,57b9f6ad328d2156bc0e1812bbdce9c7f7d08597c770bd190ee9f560b09edd09,896353,1052995814.0,170.0,0.0,1,2,222
2025-05-12 03:41:07,29cb8cac7daae61d2e4f3837f090fd8560d732365ca633576e182abe615ec79e,896353,61047094430.0,1152.0,0.0,13,2,2005
2025-05-12 03:41:07,71254df4f03459567a372403bea412282d7306b5621d1f56d226561f5dfc87e2,896353,5726257.0,497.0,8.7e-05,5,2,817
2025-05-12 03:41:07,039e6076745ae1418a24162d40c8910ff24f890536a463849d9a45cdef90e9b5,896353,535732.0,497.0,0.000928,5,2,816
2025-05-12 03:41:07,6a240ce704ca90c841a10c87b921b238abbbb20a121aefdbfb5b621be6f450da,896353,201689385.0,415.0,2e-06,4,2,668
2025-05-12 03:41:07,12d9dfc921dffa7c8752ef2a7252ab58dbcc24374f789eb663ed15f89abdcc43,896353,13422792.0,10534.0,0.000785,128,1,19054
2025-05-12 03:41:07,4ef6174237385967b021526d38a932a6a1210ad651e6cf2073c26fe7bc37fd79,896353,324510.0,227.0,0.0007,1,1,188
2025-05-12 03:41:07,4fad8c77f9b2b2092f34bbca8e1a7a58e75e3d932c07efcde6dcf8c5c9c8e71d,896353,1810530.0,378.0,0.000209,4,1,637
2025-05-12 03:41:07,308e35a44b718eb736eb60fdf4feb45231d298d7bbd608242fb88d370b745624,896353,25164.0,214.0,0.008504,2,1,339
2025-05-12 03:41:07,9e595fa54c50af6fc3781799aa0af608ef8b667aad0cf8ce1a31625a6aaa6072,896353,2670354.0,268.0,0.0001,1,2,221
2025-05-12 03:41:07,9816eaf5ffdccce5af8dac9340398356df823995cfade532b5f443c770739af4,896353,1250000.0,341.0,0.000273,3,2,522
2025-05-12 03:41:07,bd535849034b6d7497336022335ce2bfdec9be81de571e932412499d125ebcb8,896353,1040000.0,299.0,0.000287,3,1,487
2025-05-12 03:41:07,7fd4a83737883d8db191109bbb88f6674cef45ad64ac43478b6fa3a7e61c4d0b,896353,400000.0,303.0,0.000758,3,1,490
2025-05-12 03:41:07,8fb14a09319a1d14d2f5f8ecc47dc1464be4ec822620a231b8bbb3d99be00915,896353,798146.0,718.0,0.0009,6,1,1070
2025-05-17 07:09:11,bc1f3937307f91093112e0e9e4d9a550e34e1e91b56716d42007fd3b32c64314,897071,3854.0,249.0,0.064608,1,3,397
2025-05-17 07:09:11,3042b8873084aada5a2e4f718464aab7ad9b770a5c47279728273f65c4b8ddaa,897071,1474297.0,154.0,0.000104,1,2,222
2025-05-17 07:09:11,3be5ef075fc40214c0c5431f38acfe9687d1405cd4846310505fb47d09e0a4d5,897071,54155.0,212.0,0.003915,1,2,363
2025-05-17 07:09:11,53a757daee8a55728a9fbc1fb02662b30feb5842593e1b75d8b571512d64bab8,897071,54697.0,212.0,0.003876,1,2,363
2025-05-17 07:09:11,0d28e89dd8b08fed42bbef60a1969452e4e5ad8d06ba713def9a52db427fa9b7,897071,4433.0,212.0,0.047823,1,2,363
2025-05-17 07:09:11,58cf83146d8c953f2926e2e7413a8fdfef05e767fd1ccdc028611c1f67feb890,897071,37379.0,212.0,0.005672,1,2,363
2025-05-17 07:09:11,02a5fd57f6e8deec54aed3d30d6234b98ebfa00c380e88d36dd6a0138a2b8d70,897071,37921.0,212.0,0.005591,1,2,363
2025-05-17 07:09:11,7e4faba98a8cb8e83292e13da737ccf6448c20ea1b3a91c0880df22da8631fa3,897071,38463.0,212.0,0.005512,1,2,363
2025-05-17 07:09:11,de9c7ad738ccb58a8584987865324cfe0a1add9e49b79f67f4b1c5761fdbf6e7,897071,39005.0,212.0,0.005435,1,2,363
2025-05-17 07:09:11,04b901c2db9dee88e898c94e54a5c1ed4afc2fb4d13ca55af2c402a295ef1a33,897071,39547.0,212.0,0.005361,1,2,363
2025-05-17 07:09:11,83d8c92805d634cdad727d23f81805e0682ab8d042d74ffe78b2e43e3d54a830,897071,40089.0,212.0,0.005288,1,2,363
2025-05-17 07:09:11,21c68ba5c0956ad2ef2e4a75e0292e5afdc9ef92be7293f3502939ea132494ed,897071,40631.0,212.0,0.005218,1,2,363
2025-05-17 07:09:11,cf296f22884204df3664151c0d78a87552e86ae365a9f38d0d9b2fefb2adf6e0,897071,41173.0,212.0,0.005149,1,2,363
2025-05-17 07:09:11,d1c3d023e02af15360a7b3688857375d642467d7e75d7d5204be2ff7a14f6b55,897071,41715.0,212.0,0.005082,1,2,363
2025-05-17 07:09:11,c50f67332eb519fbb82cb880d5096d6b099aa7eb77aeab54463fadff3a452fb2,897071,42257.0,212.0,0.005017,1,2,363
2025-05-17 07:09:11,01922d9c32e141e78c7c7ec5e6c8cbc8a4f173ce07d8dbba22e5c94bfed25ce8,897071,42799.0,212.0,0.004953,1,2,363
2025-05-17 07:09:11,a3cb0e8fb3bce6246ee9832500f62ec5fabeb422ac7f6433e4ab092693209924,897071,3251.0,212.0,0.065211,1,2,363
2025-05-17 07:09:11,8f5932aa370e4cd1938ba90cad2674f31f04fe14359ca9f0e3a31e1f275b3622,897071,43341.0,212.0,0.004891,1,2,363
2025-05-17 07:09:11,290abf39fbf413f77c220198e3aeac4465f805d8abe77d9ec63cac047edd3f6f,897071,43883.0,212.0,0.004831,1,2,363
2025-05-17 07:09:11,bbcaf39b4832066c0ce21562daba3344bbeeeaeb6bf7ddb71d89619c69a3a2fc,897071,44425.0,212.0,0.004772,1,2,363
2025-05-17 07:09:11,0e6ceafa8464c15dfc126ca9dc2b0bf7f636a914ea16b44d291c747adf969d3e,897071,44967.0,212.0,0.004715,1,2,363
2025-05-17 07:09:11,60bc20974f1baa4e529c32d0690a75eed3e31c1c540ec1d243c936f371a89e57,897071,45509.0,212.0,0.004658,1,2,363
2025-05-17 07:09:11,ba7cf3ec78da6c53c18cb2cbcfdc1e4ddd98f3f8915af1b4242ae4a252eff23c,897071,46051.0,212.0,0.004604,1,2,363
2025-05-17 07:09:11,baef47eda34a8e962435e6451040de382028cf17759cd9a090095afa95ade6e7,897071,46593.0,212.0,0.00455,1,2,363
2025-05-17 07:09:11,dbda9389485fcb895e46aaeddb0edd99f5fd2f22b6f38f931ebb75445ac4cccf,897071,47135.0,212.0,0.004498,1,2,363
2025-05-17 07:09:11,8ab086310e69bfd7bb3360a9978a45dbdcddd61eb635a65b7c564508ef6af65f,897071,47677.0,212.0,0.004447,1,2,363
2025-05-17 07:09:11,464d712e000e329e77c0ab1239c1f31b021f76ee9774ba000c65e1db75d39181,897071,48219.0,212.0,0.004397,1,2,363
2025-05-17 07:09:11,48352136cc70d098feea309af96c659e7455852faf1ad7fd0d73cc99110f4473,897071,48761.0,212.0,0.004348,1,2,363
2025-05-17 07:09:11,53c0f3378d4367dfe5490090a2b25f692941edc16a1925d82ed92fe7221231be,897071,49303.0,212.0,0.0043,1,2,363
2025-05-17 07:09:11,1d2bdfed9605322a2642f2374cc5e11ee6c29edddf32d1411a874a0e0fe61b13,897071,55239.0,212.0,0.003838,1,2,363
2025-05-17 07:09:11,763ae651871dfd3aaddad39f053696429298229232db2faba068b650cd153660,897071,55781.0,212.0,0.003801,1,2,363
2025-05-17 07:09:11,b3d8b6526e41a16c375d0c847e4e9a03a8a311111eca54a366d765c6ac15d78c,897071,56323.0,212.0,0.003764,1,2,363
2025-05-17 07:09:11,cd88393dc8bb709ad07dc589d89189ab4c1036635743b91b50a776e4c7f8af5a,897071,56865.0,212.0,0.003728,1,2,363
2025-05-17 07:09:11,c638bb32969d489e92c079e6791e6448472df8c3a8887c2a80c1cb3d9a7ba5f2,897071,57407.0,212.0,0.003693,1,2,363
2025-05-17 07:09:11,fa05a45190a07ac5be8883ce760d9309ad2e0b2d7414320212ef9bc363fa80f9,897071,57949.0,212.0,0.003658,1,2,363
2025-05-17 07:09:11,a9faf108c357953b0f5312cd565443465e1e90d1f16f71751ab8eefe73e2536a,897071,58491.0,212.0,0.003624,1,2,363
2025-05-17 07:09:11,7a05192817f7e0fafb638c00ef102120ce47c17c5d62f8978a8dceb0644783f3,897071,59033.0,212.0,0.003591,1,2,363
2025-05-17 07:09:11,5b5f2d9098f2e81e911cc4a7f585f90d51b41bcb9ed9e1d7c0e988a8992e82e4,897071,59575.0,212.0,0.003559,1,2,363
2025-05-17 07:09:11,8e44447182cf62a467d894cc0af723e8b060908ba8b63ccf3f48f634a2be5889,897071,60117.0,212.0,0.003526,1,2,363
2025-05-17 07:09:11,3b930b0ed24549c49f06954c92fca003a3ee73b6b3272f59450b51f5bb6d7ddb,897071,60659.0,212.0,0.003495,1,2,363
2025-05-17 07:09:11,cff338269a85224a3f73ca007e0054106266634bf60401adef7cad154ab30ff9,897071,61201.0,212.0,0.003464,1,2,363
2025-05-17 07:09:11,e4794869f8166045186c7c8a7d73a887d35225c7d8475859e44072ab148b4fca,897071,61743.0,212.0,0.003434,1,2,363
2025-05-17 07:09:11,62ab67e6549798db966bf2c561182ab9a3b97127d249f90e4df2ac41061a4ecd,897071,62285.0,212.0,0.003404,1,2,363
2025-05-17 07:09:11,551d09b2a8572d3de678b70739474a685a0c4ed116be1a76ce2d06527455fa3b,897071,62827.0,212.0,0.003374,1,2,363
2025-05-17 07:09:11,6e2b087e21c01f958ece0ffe145474d3d3d8d6699de5151b1ef5efb8a217b65b,897071,63369.0,212.0,0.003345,1,2,363
2025-05-17 07:09:11,2dfe62ff2f110af58310e3e0cb1afc978f4c6ad1ff156338ff07d98b44df03b6,897071,63911.0,212.0,0.003317,1,2,363
2025-05-17 07:09:11,b1f53061d38a67b5c4ebbf8d68260b1ef4b4b20f4d42ae67f0cf51e073fa2668,897071,64453.0,212.0,0.003289,1,2,363
2025-05-17 07:09:11,63955c65a136c2a1923b70894158f9fb7f9e1a69a83778146b5c69d605d19fcb,897071,64995.0,212.0,0.003262,1,2,363
2025-05-17 07:09:11,f234c08e17b213e91e0b93c32c4c3f2aa1edd99af7a1351bc1766edff2071f14,897071,65537.0,212.0,0.003235,1,2,363
2025-05-17 07:09:11,0bbba6177705e9b8c40a28ff805be3944941618a408eb4dc72d0ac0586733b63,897071,66079.0,212.0,0.003208,1,2,363
2025-05-17 07:09:11,cea7c064fb98fdf84e169117917865ac33e4e3b3b80fcb8a6a3d62a22aff0212,897071,4975.0,212.0,0.042613,1,2,363
2025-05-17 07:09:11,a4d30a6241218f21eff754c5eaef03cc84ad8921d0ce1b37b32d7be806100fb5,897071,5517.0,212.0,0.038427,1,2,363
2025-05-17 07:09:11,16eadc80456e1ee1d724a6f23adba71e309446fb4c0a8a4ae107c7cb7349ddd3,897071,6059.0,212.0,0.034989,1,2,363
2025-05-17 07:09:11,e49a36bc90d1514310693f0faf2f045e3e102e57d11f22d22fd1a919b8ad11c5,897071,6601.0,212.0,0.032116,1,2,363
2025-05-17 07:09:11,3006d9379fb117210f2c2f11f5ad226d5a970b81b96a87cfa0112c814f242820,897071,7143.0,212.0,0.029679,1,2,363
2025-05-17 07:09:11,bcd080b03d51dc18c389e93bf7921b3ba7dc1cf56397f4d8eaa389030bed6230,897071,7685.0,212.0,0.027586,1,2,363
2025-05-17 07:09:11,838d4dae026730aa966cbfda8f9908132796b266c2ec45e7b74a81f4953fed1e,897071,8227.0,212.0,0.025769,1,2,363
2025-05-17 07:09:11,24b0e969edc5380aa563800bc4045e56d79991da6469663e729514b21be469c7,897071,8769.0,212.0,0.024176,1,2,363
2025-05-17 07:09:11,6d6d6b14987033582f6dca16af162ed745b94048a721b6de4950816303e46e82,897071,9311.0,212.0,0.022769,1,2,363
2025-05-17 07:09:11,05a2360a2581f489011110ec62d5acae4902481ba8dcee075906f134243b82e0,897071,9853.0,212.0,0.021516,1,2,363
2025-05-17 07:09:11,ffd6c2f4133a013d14dc144c0b26caeb0455385a800144171a93023d6554a68d,897071,10395.0,212.0,0.020394,1,2,363
2025-05-17 07:09:11,b7bc3e13f11e180ab26da11d33d8910f5ca493268a37f32935d5d7e0b733003e,897071,10937.0,212.0,0.019384,1,2,363
2025-05-17 07:09:11,312ee132ce6d52a5a8e89d4f930dc4f654f466e76846203ad42bb2fabb048480,897071,11479.0,212.0,0.018469,1,2,363
2025-05-17 07:09:11,4027caa9fbafefd9caeccdcf20ba37505cffa15b954b5b639886af015b29bede,897071,12021.0,212.0,0.017636,1,2,363
2025-05-17 07:09:11,5c0fc58118e824958995ee9894cbc8c908bc0b69c8ba7e84f468843253fef680,897071,12563.0,212.0,0.016875,1,2,363
2025-05-17 07:09:11,11872f689ee4260510f59fc32e181fc1425d24ad78995cf163fd6b8a697aaabe,897071,13105.0,212.0,0.016177,1,2,363
2025-05-17 07:09:11,8ff1006932ae793f9ce1f144b6e0077f800fce583062d1642ee9c11a20a0907a,897071,13647.0,212.0,0.015535,1,2,363
2025-05-17 07:09:11,1b1b1e5c5594a709ff6de6dd828a5db73e90d7ea8f1814958e9336e8e1f71d21,897071,14189.0,212.0,0.014941,1,2,363
2025-05-17 07:09:11,1f36984599f61ac78b862ab6946e5b363f4ec6143a9cbcd9ed7d7d6733e82a8a,897071,14731.0,212.0,0.014391,1,2,363
2025-05-17 07:09:11,3b1a8b9749463240e20203887ef60a6108eba0d0e649147e513a307c017ae471,897071,15273.0,212.0,0.013881,1,2,363
2025-05-17 07:09:11,faebe3b111f65f582f659b1aaadd7960cc17a72784431e1c91441bb3c1ccb485,897071,15815.0,212.0,0.013405,1,2,363
2025-05-17 07:09:11,c8f078aaef5ac9e426232967b98eb7b4f153858ae97e7ca830b5014534bdb570,897071,16357.0,212.0,0.012961,1,2,363
2025-05-17 07:09:11,7875341621c7f5383ec758e50b965892b5102b04c28c972c2a3af893173e0b11,897071,3793.0,212.0,0.055892,1,2,363
2025-05-17 07:09:11,ef8c16bf939d9cefaecdefa1a9dee1ea678fae254e3d31dfc8bdf9bba40a780f,897071,4335.0,212.0,0.048904,1,2,363
2025-05-17 07:09:11,38826ce077af713f74a210aea13eb7efb4e4de9cb7ba06ba7d8107d3a7e549a6,897071,4877.0,212.0,0.043469,1,2,363
2025-05-17 07:09:11,cc05d11a68142c29c56d7e935d0fc1e8e4bb7e27266739d15f86eb736e43a8f1,897071,5419.0,212.0,0.039122,1,2,363
2025-05-17 07:09:11,cdf803340b190255f76c02b4d7e6b7e6833460074827da1b6738907eea1507d3,897071,5961.0,212.0,0.035565,1,2,363
2025-05-17 07:09:11,f4b94e4fc7c7df84004777a36f2c2c73a3638f0275210e9b8c570d14cfc0f57e,897071,6503.0,212.0,0.0326,1,2,363
2025-05-17 07:09:11,4ee774a5709185882ece82f1045122046b1694a9fb3ad45465ebf1b7262f274c,897071,7045.0,212.0,0.030092,1,2,363
2025-05-17 07:09:11,35179366ff14669b2b2297e1891a5d109e5e80718e297e742021e45da18675fc,897071,1373.0,223.0,0.162418,1,2,438
2025-05-17 07:09:11,ba0ce68dfbf9f5c3d1b508391b116b2758e54d5608c49ccd62f9a79305ffb322,897071,5558.0,220.0,0.039583,2,2,303
2025-05-17 07:09:11,a6cf763d44f75c3d180bc3e48ee47cc7ada6f353fb224e8d5d60d87a47c4e2f4,897071,3285050.0,159.0,4.8e-05,1,1,226
2025-05-17 07:09:11,d0d6a7d1ef2d0815b192f3ad636d441ade39e6adcef815fa0f61e61168101d3e,897071,1062556.0,159.0,0.00015,1,1,226
2025-05-17 07:09:11,d1456182ff768424f930ceeae1a51773661b5d11c729bd40073d268755d1b79d,897071,101933.0,147.0,0.001442,1,1,215
2025-05-17 07:09:11,75a992ec01cdeaf1367bbaf9691f10dda01c9c94d1150d5280eb03863dbf6289,897071,187861.0,147.0,0.000782,1,1,215
2025-05-17 07:09:11,1b383052ff9fbf17acd4d73b3c3d04b4236ade2b6d09efb79223fcb72c18352a,897071,250311.0,158.0,0.000631,1,2,225
2025-05-17 07:09:11,a518a8934a399c1413a67d89bc300f7c4889bbd34f2b97fdd51725c1e15d51e0,897071,38867.0,124.0,0.00319,1,1,194
2025-05-17 07:09:11,05b4514b89bc9021ddcc142aae099fb9f8f0d916ff6d01f7848da6dc422b63d0,897071,93405.0,124.0,0.001328,1,1,194
2025-05-17 07:09:11,1ffa0fb82f630c53c2e7c03c2a61f4434fbae5d25395888f0645c8440f5945bf,897071,96226.0,124.0,0.001289,1,1,194
2025-05-17 07:09:11,da5702bdb063fcc749df3cf60f94a18f909973a104881b0bc2035abd8280b3b5,897071,36779.0,124.0,0.003371,1,1,194
2025-05-17 07:09:11,d866cca5c2ff6cf3c1677c22708c8d64cb1b4f2927714815be9d3f99b7020dab,897071,193176.0,124.0,0.000642,1,1,194
2025-05-17 07:09:11,9e82f8a10ff3cdbaa2e02b48f2c9f09ce6c0e99ee0956cdc97a673324fe7f4a6,897071,2215049.0,124.0,5.6e-05,1,1,194
2025-05-17 07:09:11,c91ed1e24193f1a8ef106fee08ab2c0054286d479a279c424ed3c7d4f5089093,897071,2840.0,124.0,0.043662,1,1,194
2025-05-17 07:09:11,d65daa34dd95a757cefb173f20ad885dfc37e1ec48a736e8e9bd29c0f8f72d83,897071,106276.0,124.0,0.001167,1,1,194
2025-05-17 07:09:11,3fbd18ee939d607897eafdf850f6b30b865e9df5c47d26aa1e88eaf014bd9f7f,897071,788418.0,124.0,0.000157,1,1,194
2025-05-17 07:09:11,8562947fa7bf36af21cc50badd540faee3e93ea9349e83dee84f0284dd7f487d,897071,36779.0,124.0,0.003371,1,1,194
2025-05-17 07:09:11,a8df9ecf8dfa59b59f86efcfc21564b51616e7d3dee67b31ce226e1ade5fab70,897071,307876.0,124.0,0.000403,1,1,194
2025-05-17 07:09:11,479ed05bd25802b1f280e8215a6c096d7436a3c5eb6d7a0a2c2636a5bf516560,897071,26489.0,124.0,0.004681,1,1,194
2025-05-17 07:09:11,e28da2eff19e71a74da0ae2f01e72ba991b2fb298a4ccd362bfd458f8150f95f,897071,81744.0,124.0,0.001517,1,1,194
2025-05-17 07:09:11,67ad3d5907fc2651acd22a9630041bf14c04ef63a0dc41734517c747b3697443,897071,1678809.0,124.0,7.4e-05,1,1,194
2025-05-17 07:08:25,2cab229a51109dc7a70463622682d82754076a499a82eef24c94390bab462e52,897070,330.0,304.0,0.921212,1,1,324
2025-05-17 07:08:25,cf1df26220680db49430918c9c81c1c7fd5ed8a141cf1007f4c23f4cbd6f6051,897070,25303.0,1610.0,0.063629,1,4,451
2025-05-17 07:08:25,a1d7bbb53a793f1538d3f69405de47c7aa829e2e0e6a5ecaf98395c04282e64f,897070,330.0,304.0,0.921212,1,1,324
2025-05-17 07:08:25,f1ab33da5030ad166af244424929eeccf542ffacfb71675415772c8ff49ba84f,897070,330.0,302.0,0.915152,1,1,322
2025-05-17 07:08:25,095b4182e6c8efcf96c882cd61835c31fcef488ca46ebf78dd3d89b79e92584d,897070,3248.0,424.0,0.130542,2,2,312
2025-05-17 07:08:25,34d75203c1b4bfe8c67bf90cda26b745236483c9f1694dd3924f67820490984c,897070,330.0,302.0,0.915152,1,1,322
2025-05-17 07:08:25,801a7b1155e5789408ef9c5526738b72dd57e39fed907f575018ab025ae2904c,897070,317019.0,198.0,0.000625,1,1,150
2025-05-17 07:08:25,70ce9c5b446e0e3f00de3712f13c87611051674129bda64a0f3bf7b0ab15664a,897070,995983.0,1610.0,0.001616,1,4,450
2025-05-17 07:08:25,8f8cd0d94b15036924a02aaafd668c9ff1575d36452f6a346588c853995ee649,897070,190892.0,308.0,0.001613,1,2,205
2025-05-17 07:08:25,c8c373361d8d938a4bab2a425199d58bca416e356181e36585973abf45e31a49,897070,157531.0,308.0,0.001955,1,2,205
2025-05-17 07:08:25,a7437cb8ce2693bdb24051527a1be16273054c2315df3593a32cdb776bf59947,897070,992166.0,284.0,0.000286,1,2,193
2025-05-17 07:08:25,abe3387bbe6c0b1809c6083bd131ba918a521e96b7de4b621957e46df9f50e45,897070,546.0,306.0,0.56044,1,1,330
2025-05-17 07:08:25,1f6959e19cf84c6254b27eb824d480475caae06b4128e0fcd0148ba1e374375d,897070,157465.0,308.0,0.001956,1,2,205
2025-05-17 07:08:25,191b1ace9579cac81aa79ca8be5e5a44d2f33abb96dd5207f5d64cfc53bdf742,897070,330.0,304.0,0.921212,1,1,324
2025-05-17 07:08:25,72955ad196a9799aa633ef0012603c5e0ca69ff844bbd3e8f1fa79d668bf303f,897070,10908.0,308.0,0.028236,1,2,205
2025-05-17 07:08:25,47f6bf45a662abe26db66cecd8af064bb38dbe0ee841041eca1eb54c5f46a73e,897070,16661.0,308.0,0.018486,1,2,205
2025-05-17 07:08:25,fa8140494e7208c294968706bd774940fe4a7407d8dd506f41ae8c0601635b3c,897070,330.0,302.0,0.915152,1,1,322
2025-05-17 07:08:25,62f16d2b71c42d3324b6cd81a43681e469576901a483c013292cef72a9a9f139,897070,199384.0,308.0,0.001545,1,2,205
2025-05-17 07:08:25,6de5d0ad1e725811f1764a7bbc42a3096cb456fb1c1ef936e169fa37e7933837,897070,546.0,304.0,0.556777,1,1,326
2025-05-17 07:08:25,58b1841bcd22caef9d38129384a33bbd690c0b6c93b4f71a82484e19733d5c58,897070,78152.0,308.0,0.003941,1,2,205
2025-05-17 07:08:25,fb01c8bea303be50b284da1ce8c521f357ff3393df693a44f6b1b7e9dbed3335,897070,2450240.0,424.0,0.000173,2,2,312
2025-05-17 07:08:25,9584ffbb04066e70aa1ecb960fb80578bd25355df075dccffde243fb1b00bd32,897070,76047.0,1610.0,0.021171,1,4,451
2025-05-17 07:08:25,0aea23042ef43a294ee36d56889fe598a7128da5f21158bb51260da0e2bbac30,897070,546.0,304.0,0.556777,1,1,323
2025-05-17 07:08:25,d0d7fff510d46cdf6153a567dd28100eca584839bd2476345039d5745e4cfa58,897070,333976.0,308.0,0.000922,1,2,205
2025-05-17 07:08:25,f7b025d167459d89f014a7ca4d2913151ab5ad2e65e652f90851fc6678e05630,897070,95560.0,358.0,0.003746,2,1,341
2025-05-17 07:08:25,65fb3d91f7ffabc0b9ba117c76f97b2f2d1f9f1b29ac7a903808b8f53996132e,897070,330.0,302.0,0.915152,1,1,322
2025-05-17 07:08:25,ad78985add89b178fa0436fa494e044af2ba765aff6aaeec9af01332d71b632d,897070,546.0,304.0,0.556777,1,1,326
2025-05-17 07:08:25,8ccffb86574204c9109735cd29306ef77b46031b18c4aa5f82e2c8b7f534a773,897070,96812.0,308.0,0.003181,1,2,205
2025-05-17 07:08:25,76d5ca14a2ea68a2bd420c7a396cfff8e62313cd2f90706b45425ba7eb4ad22b,897070,546.0,304.0,0.556777,1,1,324
2025-05-17 07:08:25,9aca9376fd1682f7dd2fc0b9d3bcaa10b561fc7458ccfb981be5feb38d519a2b,897070,546.0,306.0,0.56044,1,1,330
2025-05-17 07:08:25,7a3e0c4f6bf7da08745344131bea4c5cebd9225dbadaa43966ca5c04f232b5aa,897070,33460.0,308.0,0.009205,1,2,205
2025-05-17 07:08:25,4f57c31955af73cf83f975a8e7ebdf5501fb43ba82542bb3b62fb262d20d752a,897070,546.0,304.0,0.556777,1,1,326
2025-05-17 07:08:25,150012d9414fd1fde60fda64a9870a711410e8edc17ccd3227baa8a75d6c8edb,897070,99384.0,308.0,0.003099,1,2,205
2025-05-17 07:08:25,a43c3a4c9391590902f6cf8854956f75674a466d22572c48ad09db62d1eb7729,897070,330.0,304.0,0.921212,1,1,324
2025-05-17 07:08:25,993697839063a630890b2838970952cbb6dfdc5b670fc2ec0f27775f5640c5b0,897070,5735897.0,1082.0,0.000189,1,11,592
2025-05-17 07:08:25,ec5336ae3eca2b46dcdf367b1cb2f46751f5613908ea4d77df95bd039f9a9c26,897070,35226.0,308.0,0.008744,1,2,205
2025-05-17 07:08:25,83f26a61af9bc976713dbf60a1e9485f9d1f275e6caf7ff23ad7353dbd8f9726,897070,51371921.0,336.0,7e-06,1,2,250
2025-05-17 07:08:25,2f6f161ce01f7a63f3e8b0a40492d298e40bb9fc4a511d94b710758760099225,897070,1099712.0,288.0,0.000262,1,2,225
2025-05-17 07:08:25,afbb5cf9740e9eefa18ce5b9128136b360d5c6b9f48049fc35a6a4e625774623,897070,179396.0,308.0,0.001717,1,2,205
2025-05-17 07:08:25,75f4ee6ef519f35bd286fa023c8e7bf88389222e7991498be980800667441621,897070,232292.0,308.0,0.001326,1,2,205
2025-05-17 07:08:25,fbc7df4c2e8979910564d272c6ab88d4a9431e45e94d822caee4756c1a51d31f,897070,93899662.0,282.0,3e-06,1,2,223
2025-05-17 07:08:25,c34635e076b83ba32bb48cb50fa66d64b89b190b20f25670f8cf365e0942421f,897070,266890.0,308.0,0.001154,1,2,205
2025-05-17 07:08:25,bb52734a35e1f6e7c88aaf8e766e668d70b6ad8ce612f73b4d3e613c5b68731c,897070,330.0,302.0,0.915152,1,1,322
2025-05-17 07:08:25,61ccb08e4141e77bb6976f69a7020cc4adbef05e18fcf05596beb71d2f1ee31b,897070,873977.0,1610.0,0.001842,1,4,451
2025-05-17 07:08:25,97ee3c721caf5256700111a94cfeae61866c6466f902fae6856520b6b6691418,897070,81286.0,424.0,0.005216,2,2,312
2025-05-17 07:08:25,bc4686658736d8f2bbf6b6981b08479cbfa8d26ca56e12d30729b86a1dcca216,897070,330.0,302.0,0.915152,1,1,322
2025-05-17 07:08:25,c3630cd0774619e12831dddedd7de67e7bd85ed335f088b37ad0787d009b9315,897070,157865.0,308.0,0.001951,1,2,205
2025-05-17 07:08:25,11a43623e6b1d78d6142b31dd9ffd12025ddb76f7f5771e00b9c62b5dbbfdd14,897070,28225.0,198.0,0.007015,1,1,150
2025-05-17 07:08:25,9ac0e508daf0876e083ebd413976b196b179dc819c10ee004c991a01e2713611,897070,546.0,304.0,0.556777,1,1,323
2025-05-17 07:08:25,bb3f94bf184e23fafd4f644aa97a3857c736a6b1acbadc3c59345f7f6d4adacb,897070,223587.0,308.0,0.001378,1,2,205
2025-05-17 07:08:25,75b7b42d9a9a5ac3837682bd16d14d8cda41887ba7b7270e08194317472dbd0e,897070,44754.0,308.0,0.006882,1,2,205
2025-05-17 07:08:25,f211c7b37a85e9ce1ab8b1bf8b2124a6e909f34a3c6969a41fba4bef7302440d,897070,546.0,304.0,0.556777,1,1,323
2025-05-17 07:08:25,908388009266714ce8c4b148c89250f8532545f5e632d32c81612d90b04d20b8,897070,68161.0,308.0,0.004519,1,2,205
2025-05-17 07:08:25,ca1cf5c70760c77fa5c1f9f43a0cecbd95c7082c35dcd1d73ab2f6369282840c,897070,546.0,304.0,0.556777,1,1,323
2025-05-17 07:08:25,81af82c3fb9497c5658770ce05614a5729c7921369c888ee3419521442d051ec,897070,5383.0,308.0,0.057217,1,2,205
2025-05-17 07:08:25,dbc8c0a2c2861b1f4e5539666e4855c603f3e985e191676945bf0f961cda310c,897070,330.0,302.0,0.915152,1,1,322
2025-05-17 07:08:25,e0ebc0d53a8e39c6877944805977fc9e7042133fb1fc65ecb6047ce9f7b34b0b,897070,546.0,306.0,0.56044,1,1,328
2025-05-17 07:08:25,2472c346bd010f21ce9b1a4734586358b6f8f9017c6c27f139a204be4e60aaf5,897070,189298.0,308.0,0.001627,1,2,205
2025-05-17 07:08:25,d50288bc51c1af97ef023e835750e5e5c2437101758fd4ae628e7c84f69d240a,897070,132920.0,200.0,0.001505,1,1,151
2025-05-17 07:08:25,1948a0b6a87b99d1e538798d246eb44dba028d7deefa463a871d2acd8307f609,897070,551714.0,286.0,0.000518,1,1,324
2025-05-17 07:08:25,4ca5b60009f3cbc588e3fe47d26a0e37d6766b60543fa044da5c3bf7e61f5509,897070,248044.0,284.0,0.001145,1,2,193
2025-05-17 07:08:25,3e23ea96382075a5410efc130775f110d07f6baf9a8416db8b2f6f3b9a6b6908,897070,546.0,306.0,0.56044,1,1,330
2025-05-17 07:08:25,9eda8e35f7b12085bdc8c86a738c16946b6b326f7035510bfe2a5d361b123234,897070,161637.0,308.0,0.001906,1,2,205
2025-05-17 07:08:25,2c43dceba32a4a424612639d077c67770973d8eabfc89b15ce6e4bb29d054308,897070,234032.0,222.0,0.000949,1,1,193
2025-05-17 07:08:25,a7dc5aff15ccd2b48ee7c5cc99fd07f2f9765163061de184f747cf044d909507,897070,187416.0,308.0,0.001643,1,2,205
2025-05-17 07:08:25,a5bfe62d9e0e522d9a94547ff61b014e26205d452664b593a4dd1b0cba091007,897070,330.0,302.0,0.915152,1,1,322
2025-05-17 07:08:25,acfd2b86276a9ae5768db9557495d8dc5d66817c6f88e2ebf01e38ab7a010d06,897070,57933.0,320.0,0.005524,2,1,260
2025-05-17 07:08:25,4d6e3468b973e4315014d2a7ac56f928dda87ce160f487d9ba5c29066b8b0606,897070,283003.0,282.0,0.000996,1,2,222
2025-05-17 07:08:25,b67f13214677d2c9f27e344450bf555aec3e5cd2ffd7169a48e0db9c322f5d03,897070,330.0,302.0,0.915152,1,1,322
2025-05-17 07:08:25,bc6759ad5b40785d3b5a725fd50f51e9b9afd752041f0b328ac45cecf249e3a9,897070,26058.0,1942.0,0.074526,1,21,1022
2025-05-17 07:08:25,3e471c0566eb27fa8450f8ab0541a784e418fe053d94fd4b72dc263b2a2e5e02,897070,68730.0,308.0,0.004481,1,2,205
2025-05-17 07:08:25,3eb37b4f350d49374252d6d3274998f36314e613960e17b1c4c1493e917d3002,897070,3469721119.0,476.0,0.0,1,5,320
2025-05-17 07:08:25,ccd21dc48a69a70c702854cfa65015ad0641f8553192befbe83d98679a3a6b01,897070,158405.0,572.0,0.003611,3,3,436
2025-05-17 07:08:25,ec60c979389ba0fd664d598296da8d891512077a6894693ebe1db67f22d9afdc,897070,341878.0,5246.0,0.015345,28,2,4876
2025-05-17 07:08:25,c68cd428de5094782662022615f1f5e8dba31b8c379040c7519ac40cc013e81e,897070,1270825.0,1242.0,0.000977,2,12,752
2025-05-17 07:08:25,5640b86de80a60b568146953fd85f80a9fa1088e8a579fc432ed000e8e5139bc,897070,3913189.0,569.0,0.000145,2,4,384
2025-05-17 07:08:25,e6e83144d3ab4eeb2931dd38cb0ab24025363a41d150e63447663edb8a7433bd,897070,100457.0,826.0,0.008222,5,2,814
2025-05-17 07:08:25,6153d807a16eb087d0e0d3a574f8963cc4ef75f6642c16d752d01ed1c47d9606,897070,32664.0,6328.0,0.19373,31,32,4723
2025-05-17 07:08:25,b48b2f67ea12039bdd19e66c7f3fee555742587a5560432a68786abca61f89b0,897070,8559569.0,748.0,8.7e-05,2,2,373
2025-05-17 07:08:25,6c2f7f4f075cfafb413c9a7c4451ac5b7c1dac77d3f970f112ed01573d85e822,897070,14095.0,355.0,0.025186,2,1,339
2025-05-17 07:08:25,202701e309e83c0be86e171e7e97f9a882634e657c30574c347eff747d154a4f,897070,1405951.0,694.0,0.000494,3,2,588
2025-05-17 07:08:25,56d2dcdd46c0c53e9605599b5ea6f8e3c58a25c34f31d16d192101361f3bb25b,897070,948914.0,692.0,0.000729,3,2,587
2025-05-17 07:08:25,8e7354f29f33e9ada49eb13408b27f1c6334175733ff9b74d909bcbb4800b81e,897070,25559850.0,628.0,2.5e-05,4,1,635
2025-05-17 07:08:25,22da169bee4f5abe1b2ec84faa778e207696b5794c46a42587c962ba6faa7fb4,897070,134229.0,616.0,0.004589,3,3,549
2025-05-17 07:08:25,7574e6dc8bc793791ccd1956ca7bf7e9a6f51fb75ab13c54037281b913ecd292,897070,330.0,308.0,0.933333,1,1,327
2025-05-17 07:08:25,9a7900ebbb7ef1fd16e00816b444cf4dafbff8a65051e291146d17f637728b60,897070,210173.0,308.0,0.001465,1,2,205
2025-05-17 07:08:25,b61d6bf0005178cc8f7d6ef67dee7e911beb309cde9ffbbf8e0582c0155c0985,897070,330.0,308.0,0.933333,1,1,328
2025-05-17 07:08:25,19733956dcb1080e1fb12eb6644e281cf51c7cabfad7f084cbdb8573f749200e,897070,1250238.0,308.0,0.000246,1,2,205
2025-05-17 07:08:25,d0af9dfb64ac982f18ebf887f78305072a77e4a71dc3dc8c3339b45325c7d525,897070,330.0,308.0,0.933333,1,1,328
2025-05-17 07:08:25,5ef6a7bd52425489d2f2b907e334a50e221a165343a329f0c672cab8cf6d8850,897070,844352.0,308.0,0.000365,1,2,205
2025-05-17 07:08:25,9b00e03bbad72aac820a578fec478371146fab9f2b438ae1637b034381a27421,897070,330.0,308.0,0.933333,1,1,327
2025-05-17 07:08:25,60d9e0e2a376d04c63f9dbf01b83d11beef4423ddaefebe3b3ffb2809e85183b,897070,224692.0,308.0,0.001371,1,2,205
2025-05-17 07:08:25,452c2d4ed0df07b3bb7eeee89e4e35415d399d50de25d9fa5f68abf8d0010321,897070,330.0,308.0,0.933333,1,1,328
2025-05-17 07:08:25,d1f80682307b8c4004177503e5782a6753ea591968b2a8a70d97ab91cd280339,897070,905698.0,308.0,0.00034,1,2,205
2025-05-17 07:08:25,93b1648e51c15cf11cab547d148c4299f0df0fc364f9d0b705991bbcd12c7b0f,897070,330.0,308.0,0.933333,1,1,328
2025-05-17 07:08:25,b5f244a95a5d46051ced4c963093fb3ca37f84e33bb267cf3d370fd964dec18f,897070,1790737.0,308.0,0.000172,1,2,205
2025-05-17 07:08:25,d2c9395d3df202779d0d3a3846a51b9b79e7e715211ed59468e7f1f38c5e81f8,897070,1158886414.0,148088.0,0.000128,500,1,73786
2025-05-17 07:08:25,62db3436d01bc79fd9e966de47e2bc9d2123cc3def8e7e82f9baa30a715fcc91,897070,1509940.0,570.0,0.000377,1,2,284
2025-05-17 07:08:25,611f70c9197434e8be114fb1e6d6143f5698ca1095fe6f3825836d33711397b0,897070,431097.0,1098.0,0.002547,7,2,1110
2025-05-17 07:08:25,7e90ee3b9ebe5241566c18889303be7bec17fca46ac9b0ddb5074041e8b783b4,897070,961308.0,1036.0,0.001078,7,1,1079
2025-05-17 09:37:04,24338acbf785b1d176ade3e277999db44fb96237b5617a6c2de2d52eccf4537c,897084,16928326.0,846.0,5e-05,1,2,222
2025-05-17 09:37:04,e209c67c608d40c733772b467ac050bed01a9513e6706f7747ca5190e2c6b829,897084,71131.0,8562.0,0.120369,17,6,2090
2025-05-17 09:37:04,81475cfe9cf85f2370ffa99353b41b1b46c5b90db3978c4b79a14f034b3e96aa,897084,737215.0,973.0,0.00132,1,2,222
2025-05-17 09:37:04,12e8a3967e47cc45807dd3ce5f42e090e7ded82abbca69bc6e0b6c52b5c938a9,897084,35022.0,973.0,0.027783,1,2,222
2025-05-17 09:37:04,8cc5db9b45b824db6adae329b57b1e00e3b3d43c424f655f717cf25466e47a0f,897084,254573.0,973.0,0.003822,1,2,222
2025-05-17 09:37:04,6fc960ba41369b61239ffd58a994c9b188d9196fe0068dffa31c0430a46037e0,897084,8653476.0,2988.0,0.000345,1,10,478
2025-05-17 09:37:04,6d7423869fa0fcb0ddc7b9c0aa4dd17983655261e407e0f09742daa4d79f09a1,897084,10561129.0,2490.0,0.000236,1,10,477
2025-05-17 09:37:04,81b3cc4fefe983534c37287ef0ed38b29dbd62e4e4d11df098ea31c5d9b555b4,897084,42980.0,760.0,0.017683,1,1,192
2025-05-17 09:37:04,8c15a83a0236a05914de8bf3edbff5e5ff464a830b115417a11b03c5bf4dee85,897084,385620.0,769.0,0.001994,1,1,193
2025-05-17 09:37:04,cf1a4131b081faafe6e73717e7a070618933ff64d2a6ea25b72754b76c5205c6,897084,24384.0,1515.0,0.062131,1,3,300
2025-05-17 09:37:04,34f91a10a56f1950d4742cc2f012e19ef5f3012fc21f005571edd2e764325716,897084,96135.0,765.0,0.007958,1,1,192
2025-05-17 09:37:04,fb71fc15ca635d0cf5ecee3a3c6d68c1122bbfe47734c192fdd8b96bdb6013a8,897084,619776.0,981.0,0.001583,1,2,222
2025-05-17 09:37:04,d9b160175609623de87dc62e18ae9010717009cea645778e6335e5e4d6716c69,897084,5411644.0,982.0,0.000181,1,2,222
2025-05-17 09:37:04,28829b2f684ea2a764fb535ea5c9a7e81524c69c72993ecbcf3af0d8f81674cd,897084,389408.0,989.0,0.00254,1,2,224
2025-05-17 09:37:04,4e64399ae2eb9133a4eb4330782f6f52dc843ddd2b587e3ee0893fbc6ba9637e,897084,12918.0,1003.0,0.077644,1,2,225
2025-05-17 09:37:04,551fe1c40fbd9a693e5a127a0761c06929a1f448bc661564f18b76f445566e37,897084,556838.0,1003.0,0.001801,1,2,225
2025-05-17 09:37:04,66eebe6563062f6df88d072633aa372a658beff1439619377897ebda63fbc410,897084,77583.0,1003.0,0.012928,1,2,226
2025-05-17 09:37:04,7530caa4c6f755cf682f8889b6b0fe22bd007582e4cfd00830998c00223f5683,897084,47040.0,1066.0,0.022662,1,2,234
2025-05-17 09:37:04,fd0470370a8d1fae37b6a8b0158ca58f20d3b850f462ffa49a9cba6c35c544af,897084,1726021.0,1453.0,0.000842,2,2,369
2025-05-17 09:37:04,3f2a6e35492f381592ddd17b47a62cf0e831645dc81b85fcfd3d152fd426e27b,897084,1935985.0,982.0,0.000507,1,2,222
2025-05-17 09:37:04,eb903dd4dfcc44bba0dd8d3174544c94537b232402de44edecee98405dca4d9d,897084,1896423.0,992.0,0.000523,1,2,223
2025-05-17 09:37:04,733b950ebfb0892abfc657b06283324fbee0b8f192dba1373b98f0dcf013d8f8,897084,50956.0,769.0,0.015091,1,1,192
2025-05-17 09:37:04,d9ba0f760c291f3e9af9c3e5a9c2cfde07f4aedb7d6a159b7c3a57a803959bf6,897084,43651.0,769.0,0.017617,1,1,192
2025-05-17 09:37:04,7e4e59a76f5e3c49255d3eed1a33bea3875a67ff82cec090da93af426dee07f0,897084,28286.0,769.0,0.027187,1,1,191
2025-05-17 09:37:04,6a628a9b0e7d638ea1caa2e4d71a9b9c470796bd3f1b8d54073972d2f47098e6,897084,110219.0,769.0,0.006977,1,1,191
2025-05-17 09:37:04,1e9479604963f63451fbabf8bebd4e853b6cc0add2da019c4ec6fbf59f7640be,897084,59231.0,769.0,0.012983,1,1,192
2025-05-17 09:37:04,ad23f93087f0419aff59b38cdddc1a55075ee5c9282e41ace3f6995f1ed4399f,897084,518339.0,769.0,0.001484,1,1,192
2025-05-17 09:37:04,4b59fd029203ced59727e0b18425d2bf8c223d23226d5070320bfd75e2cb5d88,897084,153672.0,769.0,0.005004,1,1,192
2025-05-17 09:37:04,8b8c2980c93a31e02ec9c5d45901d65c9797b8ec5f5b27a814862e2389daae61,897084,118577.0,769.0,0.006485,1,1,192
2025-05-17 09:37:04,1f187b9f28ffe79878459b8a840cf392550ca1c184edc1bb47899b1e92a56050,897084,248204.0,769.0,0.003098,1,1,192
2025-05-17 09:37:04,4a05de42499c2213dccd8d74952301ad5d792ba44028cd18461e924caa8c793e,897084,4982.0,769.0,0.154356,1,1,191
2025-05-17 09:37:04,f4377f02fa1118da1f77bbad0176b7e52b3c3a87aaf91c7b6d8bbdeb5294583e,897084,489253.0,769.0,0.001572,1,1,192
2025-05-17 09:37:04,625a9467dfe95ac0c8a688503facf5c8519f4fa0defd699226ff5d6b2b2ca726,897084,909594.0,769.0,0.000845,1,1,191
2025-05-17 09:37:04,4dc07828fd0d0ea3cc23988af931ec0ee5e55730bfa3d4f113aa562ec9156226,897084,240829.0,769.0,0.003193,1,1,191
2025-05-17 09:37:04,9a2835cf3cc53b2ee08cb17ad9b1ecb39a91d31be5f43ec02546354346672724,897084,2697.0,769.0,0.285132,1,1,191
2025-05-17 09:37:04,967184888771a7565e3c42e52d676a12738e3110a2ba9c4fd2fee759523d20f2,897084,29123.0,1078.0,0.037015,1,2,205
2025-05-17 09:37:04,67fbb9b1e380d1bb2ccccb5a3c9748c6a0132b86269971984555fe4733c18aea,897084,4981.0,987.0,0.198153,1,2,223
2025-05-17 09:37:04,58d082301a9f7b9beab56f6e9179df959a906a7ab00d3506ab8d10d5bafad6df,897084,970218.0,1470.0,0.001515,2,2,372
2025-05-17 09:37:04,84d9656914a834d5474090473360d57963a41b606b15728237507ec9c6e17ecb,897084,504450.0,987.0,0.001957,1,2,222
2025-05-17 09:37:04,50b766699321165d6ace107e353148a9ebd0e144912144853110be65ac40aec3,897084,185882.0,987.0,0.00531,1,2,222
2025-05-17 09:37:04,d88133771f1245258ddd9af93d46edf3c2f8b78d86ddd5910b4cc90cea9571b9,897084,2425696.0,3822.0,0.001576,1,15,627
2025-05-17 09:37:04,aef3f5eed1dd5dbaee577d30b7b856e1d6d90ce4a283a869c020f9a69651dab8,897084,162591.0,1673.0,0.01029,2,3,401
2025-05-17 09:37:04,9635d4dec18cbee5f098d7a7104b596c5eb292d0a39f1b8568dd517e54c8c8af,897084,44345.0,1477.0,0.033307,2,3,312
2025-05-17 09:37:04,08de49df0c2340bf5fb416c9df81c2b484b28c2c4b81fbd970c750ffc1cb81a7,897084,607923.0,1008.0,0.001658,1,2,226
2025-05-17 09:37:04,07c60b741e16cb89eee65344db9069e2d7aae4613e508e60eb96ec10b4c3739a,897084,18293.0,777.0,0.042475,1,1,193
2025-05-17 09:37:04,5d2dd54e5915c745d239b9baaf81f0eda126bccc72139120dd7c967b13c5a199,897084,247940.0,1484.0,0.005985,2,2,374
2025-05-17 09:37:04,ddc12518e8578d84cb87a0e220645fe058d0304f881e3a058ad87bced66ec596,897084,47280.0,1008.0,0.02132,1,2,225
2025-05-17 09:37:04,b9b1b90efd94b043d4054b17dfc16d25462aa3a9369d727a577cd2cca3ff2796,897084,430485.0,1008.0,0.002342,1,2,225
2025-05-17 09:37:04,98d13f6b9fe955d779c072153bf24d2d1f80d95d5a88ec00148e87db735e1691,897084,2800.0,2478.0,0.885,3,4,504
2025-05-17 09:37:04,81f2b69c3fa4fc213f994b0187dcd38e54e2af69584431b491e250dfaf2f658c,897084,503762.0,1484.0,0.002946,2,2,374
2025-05-17 09:37:04,8c16374f1680048599b0d3caa6483b2317444f37456cde9387ebff2d0f032f88,897084,8534447.0,987.0,0.000116,1,2,222
2025-05-17 09:37:04,9d0d840a246f1d4d336c5a07accdcb70d8e30dcab53eab5ac67ccdc24fd6db7f,897084,1049390245.0,3052.0,3e-06,1,11,518
2025-05-17 09:37:04,cd0df8608aeeb9fba3b269871edf20ea5bb608ba8972b1b6f7c158774c155d7c,897084,559608.0,770.0,0.001376,1,1,192
2025-05-17 09:37:04,e0150aa5cfb3bff6844ae0099c03e7309f94eb93f03dadeded06f76d33173a7b,897084,164957.0,1008.0,0.006111,1,2,226
2025-05-17 09:37:04,b9ad15a9c2242c98e4d233c48c8dcbb5d270189d7a080b5552e1d837b0cef771,897084,194463.0,987.0,0.005076,1,2,222
2025-05-17 09:37:04,2f032422c06d9840a5748e8b17acd3216ffbad5d90ccc4d3bc1ef1cd7f41ec70,897084,4295027.0,1008.0,0.000235,1,2,226
2025-05-17 09:37:04,6719886b7fefdbaf6a1a4fd4936d36e5390fd40b98743527f885bac17601986e,897084,503900.0,987.0,0.001959,1,2,222
2025-05-17 09:37:04,bc159650e86335a5e7b56333605e12031de632f3f78b94df1efae3848d65036a,897084,1307467.0,2373.0,0.001815,1,8,420
2025-05-17 09:37:04,acc61226d78f3ec5bddab4ea5d3cd159b2cda3817f2c5c15b890c0b7c962a85e,897084,1118761.0,987.0,0.000882,1,2,223
2025-05-17 09:37:04,f9177f803a9abcea3c68f4ca49433a54da57ca4b579742e538a579b73eff65c9,897084,1149348.0,1071.0,0.000932,1,2,235
2025-05-17 09:37:04,a8a68596d5820989d66733dae204b46c0004aef801aa2649765e22075673a55b,897084,501327.0,791.0,0.001578,1,1,195
2025-05-17 09:37:04,398f070dece9e520f882526ea12dc0fbc67fb4707a5746dcd7b042dc8772a25b,897084,753598.0,987.0,0.00131,1,2,222
2025-05-17 09:37:04,127b63b49170f9189e7e2dd54c56915a0d7cbb56c642563e31de40f3aea99b50,897084,27012.0,2534.0,0.09381,2,6,463
2025-05-17 09:37:04,573f43d3e7c371ae5f35c18620af87b77f3be13bfb77abb5d60a473b0a661632,897084,80268.0,931.0,0.011599,1,1,215
2025-05-17 09:37:04,946883fbc3ca24c713c2ff86976da891f6d8e6c62036e85f6e616f4d227ffc30,897084,668632.0,2289.0,0.003423,1,8,408
2025-05-17 09:37:04,a3605d4537aee022f4275d41a0c1db2968aae0501d131cc8633988f785fe3629,897084,61006.0,994.0,0.016293,1,2,223
2025-05-17 09:37:04,02c823127a728e6d279b385b251a5279cbbd6c026c8e5a9bc0f5d598a4704826,897084,21920.0,1078.0,0.049179,1,2,205
2025-05-17 09:37:04,7445a9c6257b91eac7b67681d16d425508d3f9c267b6a28cd48a897d70521823,897084,8742266.0,1463.0,0.000167,2,2,372
2025-05-17 09:37:04,f025a4e497bfef55134bb2e61ebe43915e6c204e1351fa78d9d4798ca1a5f121,897084,127527.0,987.0,0.00774,1,2,223
2025-05-17 09:37:04,4b4b05813641e334549350b7a8bc446b42f31d18325cabf21109ab4d0041ff16,897084,15205.0,854.0,0.056166,1,1,203
2025-05-17 09:37:04,069d4b4ca979eabe8e3da504b59b4c3e873c0d3b60f4dcb2eddea74bf90cf60f,897084,1041236.0,987.0,0.000948,1,2,222
2025-05-17 09:37:04,e64d7bd38c0edbe6f2c13dd13eb9596caa5658e63c6dc69bc0f20428445fa705,897084,14980.0,1078.0,0.071963,1,2,205
2025-05-17 09:37:04,85c70988c9841fffdf07037589a796dbe3f609571040ab8500bb2e56b2e80e7e,897084,30058.0,1078.0,0.035864,1,2,205
2025-05-17 09:37:04,59d694be628e6f82a97cda101ab1987835f24e0766ec2afb72d8351439b3f404,897084,348416.0,1008.0,0.002893,1,2,225
2025-05-17 09:37:04,f65a44e78dc6d95f91d370f191644c1ab17a9c58a9dc1e1b3acbb319797638f1,897084,11122650.0,7350.0,0.000661,2,27,1211
2025-05-17 09:37:04,a0d715742dd887f462c590fcb926a8386a426f37ea9a14099aa85bd80ff689f3,897084,1915486.0,988.0,0.000516,1,2,222
2025-05-17 09:37:04,824918e1ece6d689bb2a908a90877c83cfb40485612d8d18c4a651bc6e719aa8,897084,1898497.0,988.0,0.00052,1,2,223
2025-05-17 09:37:04,1a31e9fd2c72d5c47029187ce9e902da4e6c249ff329be1333afd268a9ca166b,897084,41682.0,1318.0,0.03162,1,1,188
2025-05-17 09:37:04,b07ab583ceff76f2ff5ed9a8eb456b22851e74a364999696475b49719e43ec10,897084,996946.0,3044.0,0.003053,4,5,665
2025-05-17 09:37:04,abece0a749476bd2ce558de4185b102aa11598716d36d6ffe0da9a0e4bd791ce,897084,4003650.0,1470.0,0.000367,2,2,371
2025-05-17 09:37:04,5fba84eb84e312e3325efbedf4d806ea154f1f06e9949f1c0f2eebeb25300b00,897084,359516.0,1463.0,0.004069,2,2,370
2025-05-17 09:37:04,c2365f526e61b2f80fd16ae0a2486d3209fe6caff0417e287b8f0a3d52fd0f69,897084,272245.0,1407.0,0.005168,2,2,300
2025-05-17 09:37:04,2d8757a5216f9d45be55e046c272fe87a70c30a25b8d522e9b3a9b04f1b9cc2c,897084,11197307.0,27727.0,0.002476,60,2,8119
2025-05-17 09:37:04,91fc6e89fc2a157b1dc898c62f421ac9ef6e2dde36cacd0cd768231dd944d316,897084,474823.0,1950.0,0.004107,3,2,521
2025-05-17 09:37:04,1d01061c35adbbfc043a1b5333ddd3234cad2171ff35cb0e466b064b9164c513,897084,405365.0,2030.0,0.005008,3,2,531
2025-05-17 09:37:04,94c7a8a2118574a21184eac7c1ede168d126bf2b01f368a19519d07a0c7b77ce,897084,4647117.0,1001.0,0.000215,1,2,193
2025-05-17 09:37:04,ce9e80a98ee1bb99d73aaa31e536c287c7d0486b5f9c051965acee08c8ba5f71,897084,466327.0,1001.0,0.002147,1,2,193
2025-05-17 09:37:04,32946398658962bc2f6a250a87a7f7b09b8488b0a9ab3d26b09ee46aef987a6c,897084,506180.0,1001.0,0.001978,1,2,193
2025-05-17 09:37:04,c7f2109fd3b6498d6d84e8752cde7c096739acaf057aa256a31eb84b69832832,897084,383377.0,1001.0,0.002611,1,2,193
2025-05-17 09:37:04,8e331f322880dcc0d605fdef2496a5ac639824a07c7de9be001622da0db586d3,897084,199545679.0,994.0,5e-06,1,2,222
2025-05-17 09:37:04,3b4e8214d50ba4e4938210458529a905927753ec643e096e44a9f1d4ce7b2e4e,897084,105371.0,994.0,0.009433,1,2,222
2025-05-17 09:37:04,456a02908393e14b7f1fa7616bd6c807f1d9794eaddf25eb7de2d782ed01e322,897084,206094.0,777.0,0.00377,1,1,192
2025-05-17 09:37:04,c6ed6385afd18ee9a4be0bd94ea87430f729ac8b0552c66c15d01f3bd64fe64a,897084,47559.0,779.0,0.01638,1,1,192
2025-05-17 09:37:04,188ae97d4a27f422f637c52834a8d08f8add8c499aa3dd2be37a06cd7eceebf5,897084,1225623.0,1021.0,0.000833,1,2,226
2025-05-17 09:37:04,57761408a8278cee73ae294940ebe238b3bf1f3762135d47c74a43348e8d690a,897084,2092.0,1787.0,0.854207,1,4,402
2025-05-17 09:37:04,2937c5368fb3d71e805ff515eafbea95978f1813630cf1ef0fd10ab5dd5bef44,897084,93706.0,1007.0,0.010746,1,2,224
2025-05-17 09:37:04,0f794c471ab3ab1ec86e1c2babd673dd9cb5557ac8aecaa28837a596ec2f48cb,897084,1608332.0,1005.0,0.000625,1,2,222
2025-05-17 09:37:04,2f02d44c2ca9ccc07e1ffbdef8b7ba181a30ecdbf63f21aef53fa4926df473b9,897084,551352.0,1005.0,0.001823,1,2,223
2025-05-17 09:37:04,5bf7587cae8c8e225ef79001ce0f88e63821dc37c8b36a3dc2452220bf8aa1b7,897084,1405850.0,1005.0,0.000715,1,2,223
2025-05-17 09:37:04,183f1dc5b67eae6e67f9e5a23d46cc4f3eb57b1ac9d7ab3b11d7438e127ea115,897084,63338.0,1484.0,0.02343,2,2,370
2025-05-11 15:59:08,1b7aa617bfa16e8ac26591ec739795b39d5f8d9701385f817d59f150b084e797,896278,41670.0,330.0,0.007919,1,1,192
2025-05-11 15:59:08,f682e660bcc4121e265c387c01368f0cc4bd3bc42c1a551be97eb900eddbe097,896278,94782.0,423.0,0.004463,1,2,222
2025-05-11 15:59:08,68a2650a9572a2be3aa639ef72474e97d084925a7668269a0c9e1ee81266a996,896278,336995.0,423.0,0.001255,1,2,222
2025-05-11 15:59:08,c1d87624b845d7134002f01f2098a6b8d08cfc44ed720ffd6d677cb3ff3d8495,896278,6033794.0,798.0,0.000132,1,6,347
2025-05-11 15:59:08,db2a3dc6884603f2fd0d90077c05ce0687537e5942c6cd2518f6654bb10a8194,896278,10342933.0,432.0,4.2e-05,1,2,225
2025-05-11 15:59:08,ee8756e425a3e6874f4f38e19fe2c207922614db6d6bf0c5769dfd37a32fa393,896278,281713.0,423.0,0.001502,1,2,223
2025-05-11 15:59:08,01173fbe03e2bbc2d4168e0a7e7078958848252419d02675a306627d94dd8792,896278,15270.0,330.0,0.021611,1,1,192
2025-05-11 15:59:08,b9cd4f925eac5b43eac45e167d228719dbff5b98a6c81c606ee92e5f59f38c91,896278,5059.0,330.0,0.06523,1,1,192
2025-05-11 15:59:08,49fe1b15a0daedd6af5067985ac012deadbfb369b32cae355a87b854c412b98f,896278,14400.0,330.0,0.022917,1,1,191
2025-05-11 15:59:08,ca4132fba9cc7d0efa112d83edadab9aeed7966b1f7c9fda7782f13c95ace78e,896278,12911966.0,1122.0,8.7e-05,2,2,374
2025-05-11 15:59:08,02416c226d3c78b87a993d8ba68abbf2605297f7f8afa4abebb180db54c2b28e,896278,17588.0,432.0,0.024562,1,2,226
2025-05-11 15:59:08,c5709d3b4367d5249fd866b39e1204b9679c20ae987bf2795d097af21a5a7f8e,896278,908050.0,330.0,0.000363,1,1,192
2025-05-11 15:59:08,8afe063b52a778bd841eb6e9ba8fe73c4ef09998a327a23d9cb2c67e3579908c,896278,12409.0,339.0,0.027319,1,1,194
2025-05-11 15:59:08,ebd02433a9c4872aed24605e2584595921343b8df3a79d0461a819d41a89678c,896278,539661.0,339.0,0.000628,1,1,194
2025-05-11 15:59:08,90fba669b3a81cee31008f31b6499e64436919e08df7c0b39df1baaef0f6058c,896278,1856570.0,423.0,0.000228,1,2,223
2025-05-11 15:59:08,625ef7aaa3cb1d519047f8c7029ede351586cf1bd0239356af7dff7f92c61589,896278,221670.0,330.0,0.001489,1,1,191
2025-05-11 15:59:08,6fccac2e5b4cb31926bdbc8b4db1270809bd6b57e712aaa5086e9ec6e5f67e87,896278,7035825.0,330.0,4.7e-05,1,1,191
2025-05-11 15:59:08,7972977a3d20f353ef7a5dd5502d50ef27ec15a2b0acfeeee4ae084848fe2887,896278,15680.0,423.0,0.026977,1,2,222
2025-05-11 15:59:08,f7c48b9018de2962f2e86ee4d451067f41eb532034afcbcf993a38a6b5aa1887,896278,42526.0,543.0,0.012769,2,1,343
2025-05-11 15:59:08,21c1deafc9084d82592b634a10cd8bda3c7e1d9219ee86e1cb05c440dc65b186,896278,146388.0,432.0,0.002951,1,2,225
2025-05-11 15:59:08,0692ec17e120463bcec4c10728f8999f06b1c8b147eb93daec9f7eda31ad6486,896278,34641.0,423.0,0.012211,1,2,222
2025-05-11 15:59:08,6dd44ef501348bc3cd8d527f2d7f15014e9d30a1014cbeb924d9f6ce0b6e5184,896278,143879.0,339.0,0.002356,1,1,195
2025-05-11 15:59:08,fd238f4665b400b7e7d0f512616f193010a7d431cda3286a618b2ad41c932f84,896278,132007566.0,1170.0,9e-06,1,10,471
2025-05-11 15:59:08,b3391fc33dcf2283499e0a6c93b929c13a7d6e5c2267bff459680d9a4cba1983,896278,585630.0,423.0,0.000722,1,2,223
2025-05-11 15:59:08,c9867647a26f3fde6b8dfe3a35a3cca72af1b57ab17f2174c6db0964578a0b83,896278,95792.0,423.0,0.004416,1,2,223
2025-05-11 15:59:08,56d7f208bfcfba7b8e7f67cc1f93263dbfd841ff96270498c386542c50f7e382,896278,878917.0,705.0,0.000802,2,3,335
2025-05-11 15:59:08,aec53da4c27f8c1881f39851001e5fcee1afbab0b0a1179de2323b6184743e80,896278,586383.0,432.0,0.000737,1,2,225
2025-05-11 15:59:08,57f7b6c3766ff52e10772eb6321094a8c3ac6af71add12f9b585b880a1ac6c7c,896278,69282.0,423.0,0.006105,1,2,223
2025-05-11 15:59:08,8ea672613458225831fa127aa56dd2544f7dbafc7c4b6d9d203c2f9c2b61137c,896278,52008.0,426.0,0.008191,1,2,224
2025-05-11 15:59:08,f7c08a7c24bcb3fb9464211182ad818feb54087e976f0fdddb4ff823a350ca7a,896278,145670.0,330.0,0.002265,1,1,192
2025-05-11 15:59:08,0c665c5c04c5a14db2f6f63eb55d74fb132778d089f61063b974d504fa5b7c7a,896278,14045.0,339.0,0.024137,1,1,195
2025-05-11 15:59:08,ca7a364fab0d82b83bedad9be08842072b5c8070ffebd081c96a44fdc5ac167a,896278,49496.0,543.0,0.010971,2,1,343
2025-05-11 15:59:08,a50647877bd6e076975bc5c1b6fdbc07aae171af69dc5a2b2fd28a8e7ef8c278,896278,152988.0,498.0,0.003255,1,2,247
2025-05-11 15:59:08,60a3abfd11af08b0567813c454cc3c2294068f224fc479cf89188fce573e0f78,896278,251305.0,432.0,0.001719,1,2,226
2025-05-11 15:59:08,a5611f83d858f8484b7e536f6c60875289e75ed389e5e3ac841b8ad07ada6874,896278,51380.0,432.0,0.008408,1,2,226
2025-05-11 15:59:08,09d8a9d2a2b536eb6d5d730bdcf21e2b94f157ac13d3faeeed17bc6b8f603074,896278,879821.0,423.0,0.000481,1,2,223
2025-05-11 15:59:08,18684a962cf45883451e283ee5ea032532bc1fde5b5014b828b591f4025a2473,896278,23627.0,330.0,0.013967,1,1,192
2025-05-11 15:59:08,80925866d788290c03abdaf63a19f12e806b333e97363b8ebf6970307fc9cf72,896278,22495.0,423.0,0.018804,1,2,223
2025-05-11 15:59:08,0dc91627326f5089bf49badacca821b6fa2618565efaa3e76e5710ed2d127470,896278,209904.0,495.0,0.002358,1,2,247
2025-05-11 15:59:08,20e4b08c22b0a8b0e852cfda37edb47b33c98b2e9910c47283dd2c6d0a786270,896278,5930115682.0,1032.0,0.0,1,7,535
2025-05-11 15:59:08,39679d49fd58e3b48678c1f10a530bc7b868aae6101a45d8e518524c2228666f,896278,9655017.0,432.0,4.5e-05,1,2,226
2025-05-11 15:59:08,649bec4288cef757606d228c448dc97a8bff472bc8cd0c6a662081260699b16e,896278,34667.0,333.0,0.009606,1,1,192
2025-05-11 15:59:08,b9c59a94142bde78bcf3de2003b7b2f58484c49baa043cebaf400ff0a303f76d,896278,290770925.0,423.0,1e-06,1,2,222
2025-05-11 15:59:08,99485cec66461eda362383ac5286c9097bd3eb76055359e9dee981561c7e8f6d,896278,839432.0,432.0,0.000515,1,2,225
2025-05-11 15:59:08,e929a7253e7be45a90169d0787265210178d7b66fbc1e1b1974ea2a93d40866d,896278,575635.0,423.0,0.000735,1,2,222
2025-05-11 15:59:08,2090a77ddaa175bcc1a94a15f7b5c1abee326f5e3c2799b9866f56007fa9f66c,896278,43024.0,330.0,0.00767,1,1,191
2025-05-11 15:59:08,1a9465a4b197bf5ab43934c3b4ef01086473a6cddb1c0523be0c01e84515226c,896278,60541.0,459.0,0.007582,1,2,234
2025-05-11 15:59:08,82edf1d43179046207962515d499bbb2844dc1a309fca34a875fa9fc2281b56b,896278,270454.0,426.0,0.001575,1,2,224
2025-05-11 15:59:08,3bc308b822ffafdb58658a894b3281702ea4b89e379dbcddf0ad3a14a8136c67,896278,856253.0,747.0,0.000872,3,1,493
2025-05-11 15:59:08,2692d68a1f61acbcbb9ba7471941efeac964331cdc1730426f4312a67b314367,896278,58988996.0,459.0,8e-06,1,2,234
2025-05-11 15:59:08,cb059f227291fadf485c8e97e80ff2a08b00ca36c7143513e2db78467a321a67,896278,335090.0,339.0,0.001012,1,1,195
2025-05-11 15:59:08,01ed213d4ff4e1ed04d8441c931eabebb83e7eacec0c7a874d45c19faebe4166,896278,43320.0,630.0,0.014543,2,2,341
2025-05-11 15:59:08,0278b7453a5b2bcbc690e1041a03d5ce013ecb7cf4f35f1f41bbcb0258961f65,896278,22432.0,423.0,0.018857,1,2,223
2025-05-11 15:59:08,0878b94710f8647e4320365e54e68bfb3049a5d6839f5c80c57ff9312bf34463,896278,720833.0,423.0,0.000587,1,2,222
2025-05-11 15:59:08,686dd0a82d1dbb0e61221743bcd8ca3ec18a1d81ba4abd2e3740a24f7299ba60,896278,5373393.0,432.0,8e-05,1,2,225
2025-05-11 15:59:08,9866e188e1a1192132e236d9263dce5b429c93d59f50566a46025ee374979060,896278,31380.0,426.0,0.013576,1,2,224
2025-05-11 15:59:08,fb046c7853957c9489f73f8887cdd3d7aafa0c044e6cd97a4ae0a6252aa2e45f,896278,499577.0,423.0,0.000847,1,2,222
2025-05-11 15:59:08,406951169438700ff30fd79643e0a5688e3cd99c0428465e626369cb69fe865f,896278,47396.0,459.0,0.009684,1,2,234
2025-05-11 15:59:08,3f6f8cb36bb42561103b9b3a2c60eab735227475b1971ff404bf20d9313a465f,896278,3089865.0,432.0,0.00014,1,2,226
2025-05-11 15:59:08,b4249f7f91693375488761ed2ff92f1a0cc5d4eb6d161586eba3211bb42fad5d,896278,192219.0,432.0,0.002247,1,2,226
2025-05-11 15:59:08,c24c080e70be22445b76cdcebe831f38eba57ed116e3de4168d3a1a4d1bb575d,896278,55369.0,423.0,0.00764,1,2,222
2025-05-11 15:59:08,3997603d4212e9694429be566063d5fe268b6591d2a46c3509faf5a6ff13235c,896278,121215.0,339.0,0.002797,1,1,195
2025-05-11 15:59:08,570759ac10178707802e747b1e98663c70b32a5ccd020ae01f5930f746c7405b,896278,17141644.0,495.0,2.9e-05,1,2,246
2025-05-11 15:59:08,7c82e341eeca0b81ca923113b275c61911ff9c2539e1825de6d4867246f6285a,896278,51164.0,330.0,0.00645,1,1,191
2025-05-11 15:59:08,6828e711c59e478549424354f02b981e6b3c6da816cebd9ac04496758ef37858,896278,203808.0,432.0,0.00212,1,2,225
2025-05-11 15:59:08,87b0b5e7eddd293e0758c323be282aacd9fd05b60f63492d2faf85c6041dd357,896278,83765.0,339.0,0.004047,1,1,195
2025-05-11 15:59:08,e5f847295717845988218a085a6f946f39facd4eb06c157682090711e1545557,896278,1738511.0,627.0,0.000361,2,2,371
2025-05-11 15:59:08,b2c9e7d358e27980b0292c56ad89f3af6a88d1e1a1b82aa919197fd219fbb856,896278,47696.0,339.0,0.007108,1,1,194
2025-05-11 15:59:08,c8ee67f7147e5c1da13336db777d46b0b098573efc2416c8bd08070349bcc555,896278,12079231.0,432.0,3.6e-05,1,2,226
2025-05-11 15:59:08,3cf9a15717ed64552ea1e382dc98f6219afdee051ccf5443d1c8aa07893b3d55,896278,22459.0,330.0,0.014693,1,1,191
2025-05-11 15:59:08,f42177d5b5c4d4d898284c598d5677f89bcfdb693d55b7437bd5d38abf15e753,896278,636613081.0,339.0,1e-06,1,1,194
2025-05-11 15:59:08,95ffd5b49685678314e1f70268ef6b861640752bcaff137369c30e785668a053,896278,26943.0,597.0,0.022158,1,3,280
2025-05-11 15:59:08,f70729cd9adf5fe80bbd7f665ce7db0852d33d8f1e21e1162c40df4e7adc5d53,896278,3915.0,423.0,0.108046,1,2,222
2025-05-11 15:59:08,5e8394717363869164b4ff2a6ef16cc0008d8335d6fbca69f49e45abb9fec352,896278,21710.0,330.0,0.0152,1,1,192
2025-05-11 15:59:08,43f5a700f1ac220b6d397ce70dd2dbec9e6b6d98a5861e76ea90517b8ed0ad50,896278,434516.0,636.0,0.001464,2,2,374
2025-05-11 15:59:08,2e4820c3f92ab35a519c9c4ec37d78228ca2eccfcd6c4a31ca37cd911d1ae04e,896278,821.0,741.0,0.902558,3,1,490
2025-05-11 15:59:08,5c4be014e216c0d3931de5a36d1566af42db05edb9c82b83bb3bdc22452e7c4d,896278,63218.0,534.0,0.008447,2,1,340
2025-05-11 15:59:08,22d4baab07a6e6a8f09212debb284db3850d401283fb66504bbeb77449cb4e4d,896278,277676.0,423.0,0.001523,1,2,223
2025-05-11 15:59:08,e5b96f20ba6ba0fee1df57304ce9fa9f33f3c4ec3dc1d0eabc9c45ba8a2b1b4c,896278,74083.0,330.0,0.004454,1,1,192
2025-05-11 15:59:08,ee2933384588a64818dbca13ea8994a9bfafc63e985b3fba3177f1e26bb45749,896278,442671.0,423.0,0.000956,1,2,223
2025-05-11 15:59:08,1244894facd4545d69919533bc1cecefa823058c3802a59d29f671b3c3a9fd47,896278,71990.0,423.0,0.005876,1,2,223
2025-05-11 15:59:08,10033add728ce838bd30087d26fc214ff689aef18286825e8d2067e0dad2b647,896278,189015869.0,426.0,2e-06,1,2,223
2025-05-11 15:59:08,a0441c89dfa045d6e7882f2597de33c82cce3a9277b5b84f26dee8f605925447,896278,14226.0,423.0,0.029734,1,2,222
2025-05-11 15:59:08,6283e083bf5a52ec2db5ee992bc36b0e173230aac8356e1b9e9354085724ca46,896278,66381.0,333.0,0.005016,1,1,192
2025-05-11 15:59:08,6ac1c498734868408991192f1537fda8969dea84fb4e708ade76e0d756406846,896278,84824.0,432.0,0.005093,1,2,225
2025-05-11 15:59:08,9897607966bfed4ef1b5c3dcc20bf76c83f4d9bbedd146ee7d0919622c9a1c46,896278,19215.0,339.0,0.017642,1,1,194
2025-05-11 15:59:08,ee89f7aaadd132a8af8a68dfa4565b5c957e2a6c012f781f3a7abf65af8acc44,896278,636786.0,636.0,0.000999,2,2,375
2025-05-11 15:59:08,1d2d4e41a7272ddadcb5d5e738a08fbd9c248f35320a90ef41da96b8edeb3344,896278,177266.0,330.0,0.001862,1,1,191
2025-05-11 15:59:08,e613496c7c2918a612114ff66369f6a4351291830f132a476a6eff3d6036da43,896278,647265.0,423.0,0.000654,1,2,223
2025-05-11 15:59:08,67ec1cf3be7d91e1f29b60e60b7ab33b001eb482750430abb6415c31e5ddc940,896278,52318.0,339.0,0.00648,1,1,195
2025-05-11 15:59:08,1686e262e4ce61412082634d1f8597d8bd5711f22ef9b16d020f86f8d640de3e,896278,2201423.0,432.0,0.000196,1,2,225
2025-05-11 15:59:08,9d546fa56a8dbc5fd5cf332175bfe0b76da9b80a3b8bf4ccc6b2bf423e6cda3c,896278,1031235.0,432.0,0.000419,1,2,226
2025-05-11 15:59:08,bc52b24c2a3b4a8a2d06e7fde67bd3f60dca652346199720e72d4deb00258a3c,896278,60043.0,333.0,0.005546,1,1,193
2025-05-11 15:59:08,4eb3d7218ae28a505f55b9df047dd646b732167956058a8a29d562bcd53fed3b,896278,22022.0,426.0,0.019344,1,2,193
2025-05-11 15:59:08,f51becb28873c26a07330227a254f61f6b5f0bf92bb7a1807482745d9c0b3b3a,896278,80549.0,627.0,0.007784,2,2,372
2025-05-11 15:59:08,b33db9b32e880a52a2ab0dedc1ce0a9b30b2d01bd78863ef6e72f3a9e18e063a,896278,7670.0,330.0,0.043025,1,1,192
2025-05-11 15:59:08,9c02caa149a8b850e43324d15526c0b13a88853f70e5b9015e789f923320c939,896278,26173.0,768.0,0.029343,2,2,418
2025-05-11 15:59:08,6783305f3495165f076135f74f6e1ce56192a6f2f0cd5bd529229882acce5839,896278,672205.0,432.0,0.000643,1,2,225
2025-05-11 15:59:08,0f48ce7cf7e6f811304abf7156cf95609d9587595f5fea8d52edc3f85c869537,896278,67722.0,423.0,0.006246,1,2,223
2025-05-11 15:59:08,e66a61f334fa4772682b958668537396e09e532f2cc41b304a08bdb343e2f936,896278,453647.0,333.0,0.000734,1,1,193
2025-05-12 21:57:42,f1041c85a2837f13e7bf81b8493f729b7082924c0fdf8eddb418304dec91f9e0,896460,34392.0,2448.0,0.071179,3,5,578
2025-05-12 21:57:42,95ed3595ce855f366ee2342e5fa6046e394ee5019590d49b5c0374b2a2994a6b,896460,39515.0,2040.0,0.051626,2,5,431
2025-05-12 21:57:42,e05950fdb49489ff0a60571afbabfa51da484ba20564673b1156b03925e02e10,896460,68975.0,2112.0,0.03062,2,5,443
2025-05-12 21:57:42,e43c12b21dbb9a0cde9399ec7850fa6c313663fd585c7a109be7b2c56f89019b,896460,492931.0,2172.0,0.004406,10,12,1552
2025-05-12 21:57:42,d5c0677548af639f5a3e9003ea5f46b6c39767f5bd8d5a71650e05bdc6d89f80,896460,370872.0,845.0,0.002278,1,1,189
2025-05-12 21:57:42,ab8638ca75d5f53803e2a1e096a06bf9efc484de812b093dd9708d667ca7a527,896460,44697.0,1134.0,0.025371,1,1,189
2025-05-12 21:57:42,9f3aeb03591ef9c663887ab691fe0e1f6d3150b5ff7caf538cdf62852c0acba2,896460,94637.0,1338.0,0.014138,1,2,222
2025-05-12 21:57:42,bc3557a8b3f43516a2ea514652c3e664877a49cf57f0107711e1dbeaffd84b53,896460,170095.0,2016.0,0.011852,1,2,223
2025-05-12 21:57:42,602096c3ef380acd2572a27e9c88c20c16b77f5ee4b1cb502b9d94277d918e11,896460,220874.0,446.0,0.002019,1,2,223
2025-05-12 21:57:42,021cadfe78b15e821411e2e3511affc41ef0d0d6c869a90caf3c8f131ad98203,896460,270083.0,446.0,0.001651,1,2,223
2025-05-12 21:57:42,04353dffe8c4dbc611b265c22fe615b625c03e13e0df7c6c5b4fd684edb2e8cd,896460,319292.0,446.0,0.001397,1,2,222
2025-05-12 21:57:42,e6cf87652a6762b1c2a6433d04d391366adaebd497d9c39f79586a2592c7ad98,896460,32700.0,946.0,0.02893,2,2,373
2025-05-12 21:57:42,6b4e13bd407309319dde890d6fc4270ef312b8dd2c25d42ad4f045f52e85a429,896460,12586583.0,741.0,5.9e-05,1,2,246
2025-05-12 21:57:42,9ef48442768dc433c488dfce11faa6f280e3df1a8df16ae6a4ce62b1a358a77e,896460,127815.0,634.0,0.00496,1,2,222
2025-05-12 21:57:42,c315f5eb72c05fa27631ed05c317220eb05bda4e226848abac8038f0273675fb,896460,621093.0,639.0,0.001029,1,2,193
2025-05-12 21:57:42,01c0abf9820fd5d32539706134677236709b83a917828750ee7704a2d70ee8b6,896460,230199.0,644.0,0.002798,1,2,194
2025-05-12 21:57:42,392116eca0f0170ab7cbf0e491d4e636ef218bab45ce886cc031038c283d7866,896460,5362423.0,904.0,0.000169,1,2,222
2025-05-12 21:57:42,1f2f51c3795d773f4f1d86a3964bafd7870de827c2238158a8db6253abbd5a93,896460,5363327.0,385.0,7.2e-05,1,1,191
2025-05-12 21:57:42,028deac4fd7015204fd6f3a1d0268831579741d1b94211b2406e0ac4e8d1836f,896460,10727520.0,482.0,4.5e-05,1,2,223
2025-05-12 21:57:42,9af27c3c7720f65c541a8e3529cc844395af6895bfa98eaaf2bb6a564cf29b98,896460,473452.0,1568.0,0.003312,1,2,223
2025-05-12 21:57:42,ab91319d1f6c3c91dd27470353e0a10cda4586bcfdca8489f26d8c63536c016c,896460,495446.0,450.0,0.000908,1,2,223
2025-05-12 21:57:42,090d0bf86a7176a382d518c6927cb5329e263250dda3f08dc5d27b0ed8f9bbf8,896460,782251.0,643.0,0.000822,1,2,224
2025-05-12 21:57:42,9a9334dcb31ae5e375da12d13dbfad4ea3f1d235d3965a1f55e2dd397d7b0485,896460,197936.0,643.0,0.003249,1,2,224
2025-05-12 21:57:42,b642610fa8f2f1f425c206dd936e4c33b363b3056603c55e55643f1fca178681,896460,5886745.0,643.0,0.000109,1,2,223
2025-05-12 21:57:42,a1849081918c73667458d173b5e515d3ea9c048d42688fc418b2b402c0c14f5e,896460,287257.0,643.0,0.002238,1,2,223
2025-05-12 21:57:42,7995fa5a8cd6c76bea14090ccbc52fbec28fbffcb6357654e8c85922e2763a51,896460,677777.0,643.0,0.000949,1,2,223
2025-05-12 21:57:42,43e0dca49aa5eae49f90e51de4f251b96367903e22c725eda59ddc2e48a08947,896460,1412398.0,643.0,0.000455,1,2,224
2025-05-12 21:57:42,70c82f122057c07e462723ce738087f5bc65ff22fc3a03a09bc71c2e9248f0a4,896460,1909000.0,974.0,0.00051,3,1,365
2025-05-12 21:57:42,37dc4cde5ca4a0f99be619c29f0e7061c9fd0a23289d1392b6cf8bae0edd5514,896460,3362195.0,780.0,0.000232,1,3,253
2025-05-12 21:57:42,68b2b130f1d705e6b92ff262651970f87ab01ce49b95916bf77031729b7e6ef9,896460,2347426.0,513.0,0.000219,1,1,195
2025-05-12 21:57:42,cbf6ab1047e0d27f2fdf875fe489eaf9f76b06fadea370ddcf1bd9235c2ea1c3,896460,368714.0,513.0,0.001391,1,1,194
2025-05-12 21:57:42,5fdc47827f8658912d06201f8ad83081a4f715452ae6143504070ac95ddc24bf,896460,493990.0,513.0,0.001038,1,1,194
2025-05-12 21:57:42,9afc3881374f67d57c01c8094b6469251de117781ab8a2e7cd6c7544992b988b,896460,91487.0,513.0,0.005607,1,1,195
2025-05-12 21:57:42,c70177c200fd98e75d43b395ecc9cb71fa2a62a6409d5a72c6f4480b052b4e4e,896460,31883.0,513.0,0.01609,1,1,195
2025-05-12 21:57:42,cee0f016ce4d711f4217fa7faa4515cf18dbba1ad14b3e5619769009c7dde63e,896460,145778.0,513.0,0.003519,1,1,194
2025-05-12 21:57:42,b55030fd3d249848f091a0fbc630eae163a2628f8b07ce53ae5be98bf5d14d2b,896460,16129.0,513.0,0.031806,1,1,194
2025-05-12 21:57:42,1a836037a102e5191b6c7eb254d6e60028b99738a4ed027f2aacbef7e52189b2,896460,370186.0,500.0,0.001351,1,1,191
2025-05-12 21:57:42,aa0b7f9b66c3ac241c3c1145ac6562374115d255bc685c4b651e7d1fc09e550f,896460,372316.0,500.0,0.001343,1,1,191
2025-05-12 21:57:42,07162f22cd4b844d5d006ea0f86c088ff8c727a911d0632d830ff4ea3d7373f2,896460,54950.0,643.0,0.011702,1,2,223
2025-05-12 21:57:42,215ed973abb75e3815ad0c48e6de8a99d7668cdbf7a5f8b99648669e51d5b7ec,896460,105409.0,643.0,0.0061,1,2,223
2025-05-12 21:57:42,ef5526b614816ba1e0ebaf41897817117cfc89af776f96da76bdc35b3b36a8e3,896460,389297.0,643.0,0.001652,1,2,223
2025-05-12 21:57:42,8ea50a4c598dc55faf912ca369a81451213b9e56f456f3bec6884e00372f2ce2,896460,24067.0,643.0,0.026717,1,2,222
2025-05-12 21:57:42,38c9e77834998f22051564718a0dbcc3cb421f0aa67409d2f5b11268422cb4c7,896460,734934.0,643.0,0.000875,1,2,223
2025-05-12 21:57:42,3dcbf4cd4009eb60349c53c47201a6cde1c83eca6fce1bddceac1360fdbeefb7,896460,9030.0,643.0,0.071207,1,2,222
2025-05-12 21:57:42,b4765586a603b01c9296aba379e8b2a23b3cbcfaeb3c907a2ce391f169b7c895,896460,100100.0,643.0,0.006424,1,2,223
2025-05-12 21:57:42,3be237f600b1aee0db7e90b9619133217a85a1d0078920bbb2ec3748ac6e1a7f,896460,4337674.0,643.0,0.000148,1,2,222
2025-05-12 21:57:42,bf7cf8361b7b73230eca9339312a777abe2113fd014fe3ad194adac0815a157c,896460,66068.0,643.0,0.009732,1,2,223
2025-05-12 21:57:42,698de87c0c1f93f47e57b1d584fd6fcdc39ee8f59f6ba8ec75365c0f9083cb73,896460,509221.0,643.0,0.001263,1,2,222
2025-05-12 21:57:42,ba40d26e9e9f8d2342a3caeddab24c459c1578b2bc6221ceac55cb7701fdff6c,896460,29327.0,643.0,0.021925,1,2,222
2025-05-12 21:57:42,3985b1ed1e4c5f55e3babe4a33b8352262277eb53f4766fcc86d5107507b4447,896460,126357.0,643.0,0.005089,1,2,222
2025-05-12 21:57:42,58c24028967dd428ad7d88a68893779fbe5d5500fc22d282292599699f85f637,896460,22499357.0,643.0,2.9e-05,1,2,222
2025-05-12 21:57:42,0628aa96876551456c868954c135d2bd18808be7d007d226dcebfd7a66965430,896460,913346.0,643.0,0.000704,1,2,222
2025-05-12 21:57:42,ec00e3c06a2dea49565b98ee6a2f5189965f8efe79c36d53bbb4ab86cf08971c,896460,40063.0,643.0,0.01605,1,2,223
2025-05-12 21:57:42,a0fb63e3549c5e9c409f85d9ace32d71046e7b4534e75de46d0566dbdb38b118,896460,202549.0,643.0,0.003175,1,2,222
2025-05-12 21:57:42,d07314a8fba57ca30af8e877acca7d8fb5e3d212bd84b1f27f0fca0f9bb14f10,896460,941721.0,643.0,0.000683,1,2,223
2025-05-12 21:57:42,467e1ed16a7786d7fa259e61b60706dfe1de25864f97eedcb730100c4a8d91d2,896460,2738667.0,508.0,0.000185,1,1,162
2025-05-12 21:57:42,b3ae24b9da6d87f466ecb71bc90e44998376ecd619533da35d1b9d90a3fb78ae,896460,1651752.0,508.0,0.000308,1,1,162
2025-05-12 21:57:42,4c2fde532b4b97a9274ee23eed61cbe26351d513c612eb0713c36d2ac8ad3a60,896460,2408733.0,508.0,0.000211,1,1,162
2025-05-12 21:57:42,f24b7a2c048af315cf59fd39afbeff489d4b4add13a71411b70b9ed5f959e91c,896460,544574.0,713.0,0.001309,1,2,226
2025-05-12 21:57:42,23e5ec2588ddefb80181a6cf2d2d65ed20ccd8cef0dc9e7fdb380cf7e7b9c375,896460,555041.0,695.0,0.001252,1,2,223
2025-05-12 21:57:42,0de1326b018fdfc31be0a761fd7cfaaa0dce194cd23c0d2cfae7df1dbf3c7aa9,896460,652593.0,543.0,0.000832,1,2,222
2025-05-12 21:57:42,311f08ad18e2a7fa57760cdd0732cf8ab7bcc4ba1546d9e7735dee7df1e648d3,896460,346324.0,702.0,0.002027,1,2,234
2025-05-12 21:57:42,d5cb6e92647cc6b2f7eea654ab8ce03bc9bf9168b5fc9b4759af997cd20504ef,896460,119421.0,546.0,0.004572,1,1,192
2025-05-12 21:57:42,4a1df20e900197ed76b44dc643185712f0d095522912389c7c6ae69a9254b6dd,896460,82087004.0,2477.0,3e-05,1,3,254
2025-05-12 21:57:42,2af6c618288c3b1acb8ebafda2993aa163a540aff38b4b1224503bf00204f23e,896460,82091412.0,2030.0,2.5e-05,1,2,222
2025-05-12 21:57:42,1dd760a6bcc4a45b407572f4fa7ee4691e8c13fdaa2ac1130c261272b87a76d0,896460,82106761.0,1184.0,1.4e-05,1,2,223
2025-05-12 21:57:42,fa03189e5b1fe2878900cd4844f96b3bc664c18dc1b2f6ee320ef75aea3938e5,896460,82136096.0,846.0,1e-05,1,2,223
2025-05-12 21:57:42,504a9edf155673a2b564b027dbf219f514953a53755027ce94f562de45580e71,896460,82349114.0,826.0,1e-05,1,3,254
2025-05-12 21:57:42,e383671d837e0478f03767229e238558bddf845dc2d79b18db22608486810f43,896460,82359640.0,691.0,8e-06,1,2,226
2025-05-12 21:57:42,f600e029d5d228f73919ed3ec9e2f49f5f7d231c07bb200b3659bbe914e7fbfd,896460,82398996.0,508.0,6e-06,1,2,223
2025-05-12 21:57:42,dcd675c42b8cc085428d90588c0d576ccb8d44bb6d937a0fe8adb94f8cba761c,896460,82407266.0,508.0,6e-06,1,2,222
2025-05-12 21:57:42,f00f08b90ee371cd001247d64267d346b1b7bc905107f281fd261c372d08be7f,896460,82433097.0,508.0,6e-06,1,2,222
2025-05-12 21:57:42,d1259b695cc8b78a3eae701133e493f71f85f8c5e234e2f6bac5afd6ec1bd72a,896460,82453002.0,508.0,6e-06,1,2,222
2025-05-12 21:57:42,f1490c5ddce909522045f48d7fd601383d00830570fc8a96ab9e7b28587de712,896460,82863492.0,518.0,6e-06,1,2,225
2025-05-12 21:57:42,93b170f46a762412b22c48f5383e18893d06bc40a1f41a2b320c0fa7d02c7dda,896460,82930299.0,508.0,6e-06,1,2,222
2025-05-12 21:57:42,45944ff124238e7727fb050fba10f3272f663eaa44a378ca7c3127cc9c3248ec,896460,296666062.0,332.0,1e-06,3,2,520
2025-05-12 21:57:42,c83ee0412eac5438e174b5e71064d20bc504f3b4cf83d0c17e64cff1b57d7b0a,896460,10110487.0,551.0,5.4e-05,1,2,234
2025-05-12 21:57:42,003fae47c5a3f61e3686cc3124c3fe17961cbefcf241ea9a7622daa266018f55,896460,10167328.0,508.0,5e-05,1,2,222
2025-05-12 21:57:42,9066101b9799f3b8c1743deadfbc712c76623daec406b293e3d8d44ccc2524bd,896460,10279616.0,508.0,4.9e-05,1,2,223
2025-05-12 21:57:42,aa6827c2e1cc494e4ef237ae859baa138a97c6e9b3ae53e56733797e991bbd7d,896460,10640843.0,846.0,8e-05,1,5,316
2025-05-12 21:57:42,386c1ae5f95d31b78521ca3137de11bf60167a6567a7f71c03255c8041c17d82,896460,10665288.0,338.0,3.2e-05,1,2,223
2025-05-12 21:57:42,950c5c0863dfc127b821bc30d6b6b085005c08173c27d587d4f48f9cd5a7bca8,896460,10685048.0,338.0,3.2e-05,1,2,222
2025-05-12 21:57:42,306f82fcabc53e2da312a34ec93580f17def9dacc566bc16acc574d74044fcee,896460,63581006.0,169.0,3e-06,1,2,223
2025-05-12 21:57:42,cdaf13c96d4c88bf20cc691a5718643acd0a8f7e6400cd17cdcd60db07af2969,896460,223026444.0,338.0,2e-06,1,2,222
2025-05-12 21:57:42,d2e2d7a3417ef45550dfddb4d5af9d6919e468a8fffa0f03dbba33bfa67aacaf,896460,34332700.0,2707.0,7.9e-05,1,2,222
2025-05-12 21:57:42,15617a62285cd765a863b93e2b4643d9aecb1db7436d073c9fa7fa4a7ab7b5c1,896460,34418583.0,641.0,1.9e-05,1,3,260
2025-05-12 21:57:42,2ce6e9e51da9b3e3c2f351602ed87922ac200289621d93353cbe3eb407c142ff,896460,34449465.0,210.0,6e-06,1,3,256
2025-05-12 21:57:42,52ed71bdc89e2f0b05649840dbf388c09c3705fc1df3bdcafb5c52d39d12b7eb,896460,34504603.0,734.0,2.1e-05,1,4,285
2025-05-12 21:57:42,99407b3ec20c2b0286ff7ae4728e44af44aded2f9a11ee154bc0de8b93d218a9,896460,34515243.0,210.0,6e-06,1,3,257
2025-05-12 21:57:42,d37e79421a693c4b3452bfd7831f4180e0201732feb6e83f0160244c3057964f,896460,34519521.0,169.0,5e-06,1,2,222
2025-05-12 21:57:42,a183e59905a67b92e32a588ab6f6c3a88a64598a39b09f87fc4f48c5b409f0c1,896460,946193.0,705.0,0.000745,1,2,234
2025-05-12 21:57:42,6347c5a137939b6aa7801d6275e567190df4d3b8299d01bae0791364933bb08e,896460,967169.0,705.0,0.000729,1,2,234
2025-05-12 21:57:42,340944430ff8d8a9ee2fb9f012cf3b9b99bddafcefa60efd1ea6a0ee250fd53b,896460,994430.0,705.0,0.000709,1,2,234
2025-05-12 21:57:42,226409809b401b431946c61ec057811721ffae77fb0c5fc8e9b4c4a749e98fcd,896460,340849.0,508.0,0.00149,1,1,192
2025-05-12 21:57:42,cf9a9071ae6e5a3a6a43c48e16e1e03162478d6d6a40b897a285434016872ca9,896460,95649.0,513.0,0.005363,1,1,192
2025-05-12 21:57:42,5c96d60608e02d633de66fd42b018f85de48d8d83afda034ff0c1c8bba5601a4,896460,92487.0,513.0,0.005547,1,1,193
2025-05-12 21:57:42,da3e324f3294f69e25f918461aa12f34b7a0863ccaf0f28cd30ed1c60460b89c,896460,441401.0,513.0,0.001162,1,1,192
2025-05-12 21:57:42,244bd666fc3ea3c173cd47c30c5b78f935de9439a7fa2cb8186393dac9c05b44,896460,312006.0,513.0,0.001644,1,1,193
2025-05-12 21:57:42,e2d8fb305c031f9decd6a28caabb56b23f504446dfb6d950af0f3ad525822feb,896460,53735.0,822.0,0.015297,2,1,339
2025-05-12 21:57:42,d2b0274f618bf26f4fc009dee4cb3c2afa7a4a8e0f18d95585cd1280cc8d31c9,896460,32178.0,666.0,0.020697,1,2,194
2025-05-12 03:41:07,b09514f18bfc0c6a886236ecad3e36365417c556daa39a02613eac87cdf685e8,896353,52797.0,219.0,0.004148,1,3,369
2025-05-12 03:41:07,fee5d01d735f92516bc345c84b5c57b2186a11b4e9728a8dc4d359b3b7c52b05,896353,53346.0,219.0,0.004105,1,3,369
2025-05-12 03:41:07,91e0aba0928bd13da8e6fc6732cc6cbf91e1ac17df350e0ffd85f45783245924,896353,53895.0,219.0,0.004063,1,3,369
2025-05-12 03:41:07,d9783c8a331a93bf9d8ea9fabc958d8a1710e60f8d37fcbc0147fb9f905c1a78,896353,54444.0,219.0,0.004022,1,3,369
2025-05-12 03:41:07,135b78947603a6e44bbb15d6e12b2647d3c7edf33b4d1a2155ed1a39f939097a,896353,54993.0,219.0,0.003982,1,3,369
2025-05-12 03:41:07,63965db8d77df9274823253a95a8678e9dd4b0b381707d2c886262e7e11e6347,896353,55542.0,219.0,0.003943,1,3,369
2025-05-12 03:41:07,f8fc1b342f41890287a62ca14fc40f54c4bbc725da348d8a4994cf5647c9f09e,896353,56091.0,219.0,0.003904,1,3,369
2025-05-12 03:41:07,3dfca55784a5050d6bdb14f9ab3cf43344c18c7e8bc9f85b82e7218703ee9670,896353,56640.0,219.0,0.003867,1,3,369
2025-05-12 03:41:07,ad7118741933c1e8164237f8b06350e3ba635807dfe2b636c16db03e6dfa8a5a,896353,57189.0,219.0,0.003829,1,3,369
2025-05-12 03:41:07,0b00395284278d8e15bfc89136a9d7960d6835f3aa58302a4c5c18a7e941eb1e,896353,57738.0,219.0,0.003793,1,3,369
2025-05-12 03:41:07,3cfceb34aaf1f65ebda7ac054758d6a9f43ba4ab0cf2a763848910cfb391548e,896353,58287.0,219.0,0.003757,1,3,369
2025-05-12 03:41:07,3ea7b1c49cd930d311b9001639ce4341a1cb6b0523b6bf1cd0789007efe6ba47,896353,58836.0,219.0,0.003722,1,3,369
2025-05-12 03:41:07,8797f2208d6e77bf765d10700ceb880a242a5718e73d502214f970c13c3acfc1,896353,59385.0,219.0,0.003688,1,3,369
2025-05-12 03:41:07,124c82d024aa9cfe5120564f3c342ba6776a9f61a8317048b72cdfa71c2aff55,896353,59934.0,219.0,0.003654,1,3,369
2025-05-12 03:41:07,d8057341083e4a158865494d46d665796d134d55c569b7dfabc9061bdee4caba,896353,60483.0,219.0,0.003621,1,3,369
2025-05-12 03:41:07,3d29b6a5909867a261cc56b97eecf3faa8275dc60f008e6889b1f23acf0112d0,896353,61032.0,219.0,0.003588,1,3,369
2025-05-12 03:41:07,e7bd2568d956ed1ad893bec8f889e7ffd837373a866a92bc6413797eec7329bd,896353,61581.0,219.0,0.003556,1,3,369
2025-05-12 03:41:07,8a943f5d81d003fe047dba2558db18c49bf155aae171471976b1afa40950d63d,896353,61800.0,125.0,0.002023,1,1,203
2025-05-12 03:41:07,a228e5e4e0acdbdb81086a84edc4ca78d38787d605c99260685e8fa372003d5b,896353,966.0,263.0,0.272257,1,4,388
2025-05-12 03:41:07,7b5c2a1739aea65814b239eca45e1efe29882169d2ca317f16718e339d1d7568,896353,1559.0,219.0,0.140475,1,3,369
2025-05-12 03:41:07,766ee209e3c9ac4d55b438a4536cacfa2851a14425aea3c9cddf49d6054b46a0,896353,2108.0,219.0,0.10389,1,3,369
2025-05-12 03:41:07,2550e5bd52893e5beabded959bbe88cbd8b82c384e472efeaef75de7b8d52c59,896353,2657.0,219.0,0.082424,1,3,369
2025-05-12 03:41:07,391cf38f67a204341aac4563af9cee11c8ca9682922a22ac9ed2e048a04fccab,896353,3206.0,219.0,0.068309,1,3,369
2025-05-12 03:41:07,0ffaf93dbc24d6ae0244b20361f080b4aab095fdd0864fb89cdaaeb7f93b8d86,896353,3755.0,219.0,0.058322,1,3,369
2025-05-12 03:41:07,2fcb090ec024052709b4c51ca9064693351d3b64f2acb4c3d1142fa40b22c720,896353,4304.0,219.0,0.050883,1,3,369
2025-05-12 03:41:07,c9bc9d6f4155be34c3594f155c085d9910db6bccf7dd0c210fdb052fa756aaa5,896353,4853.0,219.0,0.045127,1,3,369
2025-05-12 03:41:07,c82369b573371739f9584df95b8d6d30c89ec8f60dc14719cf5baf5dab029f90,896353,5402.0,219.0,0.040541,1,3,369
2025-05-12 03:41:07,31f614492db0e6ad73ac3f9e2610e3e6d198c61e684d98eac29e90921ebab591,896353,5951.0,219.0,0.036801,1,3,369
2025-05-12 03:41:07,57ee8dd23f0f46c6d701358bde23e7a3be4b36585bdca28bdb078cc51cc38feb,896353,6500.0,219.0,0.033692,1,3,369
2025-05-12 03:41:07,d990ff986ca04d4740fc70ae85df480ad3230fb68a1e0cabe11322ca6eebc0ed,896353,7049.0,219.0,0.031068,1,3,369
2025-05-12 03:41:07,0293e89121d7e9d2a32ed6cce9a2449733f30b22d1998e87f9c25a002fe594e3,896353,7598.0,219.0,0.028823,1,3,369
2025-05-12 03:41:07,fb3b2f101bf6207249d0714fd71b8e8b111fb56510fcd2d674bf4ecce7839ced,896353,8147.0,219.0,0.026881,1,3,369
2025-05-12 03:41:07,25b10026f824c490eed03e26834290628321fa643c5e1df1b2d1db7a4c441311,896353,8696.0,219.0,0.025184,1,3,369
2025-05-12 03:41:07,a182b44d1a383923d15c1ba1dde97a643dc525fca9119039a2ed3d33cc03c094,896353,9245.0,219.0,0.023688,1,3,369
2025-05-12 03:41:07,daae09d0be0b4745f0328765fbabc6d53432ef958b7b9ed2b3a96e5d4c74dd23,896353,9794.0,219.0,0.022361,1,3,369
2025-05-12 03:41:07,d536dd0d0932cd6cab1249725abbe19be12b96d688b3fb8b2d4e7285ede2ac1f,896353,10343.0,219.0,0.021174,1,3,369
2025-05-12 03:41:07,6d2827855ca808c239105d6c62e01d81c2f251f34485f37462ef9cabe3b47faf,896353,10892.0,219.0,0.020107,1,3,369
2025-05-12 03:41:07,ea8b2b6a4dcb5f27c9de08cbb0746b6b879aaee64db4fc84ead1286ca4c73a6a,896353,11441.0,219.0,0.019142,1,3,369
2025-05-12 03:41:07,d029836e05bd6cd6ba8a21a16e39a177cbd30fa7284ca4699f99bd2dcc575d5e,896353,11990.0,219.0,0.018265,1,3,369
2025-05-12 03:41:07,17287240e79de117fd7f46b4093d04654321e5ebbfec6d801063639944a8049f,896353,12539.0,219.0,0.017466,1,3,369
2025-05-12 03:41:07,e388bde04758b014a90aa2a063947f62fc5d354966934e1227b1e5941e1a9eca,896353,13088.0,219.0,0.016733,1,3,369
2025-05-12 03:41:07,d68bcd96e55bccf083220366877d70a5e864ac4070ef6764b05c2efaaa0aec90,896353,13637.0,219.0,0.016059,1,3,369
2025-05-12 03:41:07,3398fb127184a0dc064079076e1643e302e32dd609de704154a4d5ccf7347e96,896353,13856.0,125.0,0.009021,1,1,204
2025-05-12 03:41:07,29e40d43791e85797340e27fdf562c7f7f329c4a2209f71e5e615921abd5bc41,896353,222491.0,263.0,0.001182,1,4,388
2025-05-12 03:41:07,bf9cd540a624ddbfddfcef4f0635cba143deb0fe9be3e3cfb507b2e5203836ca,896353,223084.0,219.0,0.000982,1,3,369
2025-05-12 03:41:07,a414d262c063eb18d5a25479e5c07c40a9f5f953feab9247f855b5764e3b445b,896353,223633.0,219.0,0.000979,1,3,369
2025-05-12 03:41:07,8f1097691143eb8321fcd04c6d3dd04877604115a5baf5ed033c14ea97b19215,896353,224182.0,219.0,0.000977,1,3,369
2025-05-12 03:41:07,7b9973f4f347960bcde3fc449510f2bb5c024168aaf4ef770a1a1385b782bf32,896353,224731.0,219.0,0.000974,1,3,369
2025-05-12 03:41:07,2b57d64b3b55780073af5516c5c8d4ed7f779b74ccf3f82eac0f4e842e3daec4,896353,225280.0,219.0,0.000972,1,3,369
2025-05-12 03:41:07,fdfefb3e39ab2d8e3ed5c9a8933b5344b27adab3955799a3b3ce0f72eada7310,896353,225829.0,219.0,0.00097,1,3,369
2025-05-12 03:41:07,8aeb64d13ca638f3e064e1d17534f86b2a560b963c059c7791c30a80e2331806,896353,226378.0,219.0,0.000967,1,3,369
2025-05-12 03:41:07,d2b219140c669ec44576b9dfb90defb6ef8fdc8ec7553cacb281140a6298b2c9,896353,226927.0,219.0,0.000965,1,3,369
2025-05-12 03:41:07,bf1aa3ee31ec44f8fdaf1f752087a6afae058e2f026cb0e99e3d6ca69d794089,896353,227476.0,219.0,0.000963,1,3,369
2025-05-12 03:41:07,f5258ad5196a6121d86c2c1e36a212eca3c00fb7ad082c36efea9a79ddac6956,896353,228025.0,219.0,0.00096,1,3,369
2025-05-12 03:41:07,22ea76b650d3ef4a8226c7a7654ff4476645ccf9794f786511362ed30a2fa855,896353,228574.0,219.0,0.000958,1,3,369
2025-05-12 03:41:07,5d5f5cb52a37500212f35e9b68ba8576e8d40018e0f18985cbc7657dbeefc0e0,896353,229123.0,219.0,0.000956,1,3,369
2025-05-12 03:41:07,c406db38bc79575d372493cedb3e1bf2b71be03fa3129c37701cffb53a90db08,896353,229672.0,219.0,0.000954,1,3,369
2025-05-12 03:41:07,fd552c0c940029013c0decad64beab615df087ae81e03a5a2acb822324458aa9,896353,230221.0,219.0,0.000951,1,3,369
2025-05-12 03:41:07,eadb79ee8bcba0d8252a63ffa5004f5b6fe8c0d77681f4c121633142b56ed505,896353,230770.0,219.0,0.000949,1,3,369
2025-05-12 03:41:07,f3257aefcbc16af0dad6e85afc04eaa8c72a07814599cb76626f3aeb5d293a9c,896353,231319.0,219.0,0.000947,1,3,369
2025-05-12 03:41:07,8c55238d1fdb8b6e2ac87417a00597ec492abc0a3fdeca8ad2a7a49d0fdf85d4,896353,231868.0,219.0,0.000945,1,3,369
2025-05-12 03:41:07,2f78d1a70771c6734122db91c9eb749a78f641a3708d1e3ec5c8a81f2157c585,896353,232417.0,219.0,0.000942,1,3,369
2025-05-12 03:41:07,c9d8dc4735658702dd469380615653ed60e5b6082e7cf46ebe4275c2ca02bf28,896353,232966.0,219.0,0.00094,1,3,369
2025-05-12 03:41:07,606ba635e8ebb9099c1014506ca83f91fb45caa381def4b1a110f32e80755c3f,896353,233515.0,219.0,0.000938,1,3,369
2025-05-12 03:41:07,5740ce064223d333e86a3f84648c081a0633a0ef653dbd20cb641b2c4cdcadbc,896353,234064.0,219.0,0.000936,1,3,369
2025-05-12 03:41:07,5630f6607cbef29796beb06bbaae24bcb9f3b068d60054b83cbd9ca98ea66f4e,896353,234613.0,219.0,0.000933,1,3,369
2025-05-12 03:41:07,2d2a68dd9efa7db6f9e6516b460015a0b0d48b88edfb03393d6f3329101e2bb5,896353,235162.0,219.0,0.000931,1,3,369
2025-05-12 03:41:07,8a7fe353a20f0dcef1ef7dd57391ace5449436251dd618466c582cfc264722aa,896353,235381.0,125.0,0.000531,1,1,204
2025-05-12 03:41:07,569baf880aea09c3372997646e2c888fedd7cbfcdbd6eff24eb5340740d17c3f,896353,30185.0,263.0,0.008713,1,4,388
2025-05-12 03:41:07,03e97315baa98489b796f5c756d6e556ef9d3111f0f0dac32407b947b841114d,896353,30778.0,219.0,0.007115,1,3,369
2025-05-12 03:41:07,77172f4ece17b34fb3e363426b0f417776a46f6ca5e49f4157c664fc708ecde5,896353,31327.0,219.0,0.006991,1,3,369
2025-05-12 03:41:07,13b0d4277105c682f95ed69b5668edec2f14abb6fc074cece28e0d821b6c5e53,896353,31876.0,219.0,0.00687,1,3,369
2025-05-12 03:41:07,89a7d6fb2f507742bf11d5ea7c07a1def509264ceb21878411f338749041a667,896353,32425.0,219.0,0.006754,1,3,369
2025-05-12 03:41:07,d9e0129798e350d94bf0299d06006285400a4d2110eb18e99182dde6f7becdf2,896353,32974.0,219.0,0.006642,1,3,369
2025-05-12 03:41:07,b34c361a1c775ebba4ef018efca660c092344579f2d55f23a33443ccd768f0f2,896353,33523.0,219.0,0.006533,1,3,369
2025-05-12 03:41:07,7c7201e6c059f2c0f7e208af03197f66e054d8433d51c947e8f276ae9d23aa16,896353,34072.0,219.0,0.006428,1,3,369
2025-05-12 03:41:07,3d402718038555b951ae6b3c91941fa0c5b206f28427ec65e7fc5a3be3001ffd,896353,34621.0,219.0,0.006326,1,3,369
2025-05-12 03:41:07,4d3ef7aabcf5d3702592dd2e35575ee73c6f9a98698d7116aa463eba3ad88880,896353,35170.0,219.0,0.006227,1,3,369
2025-05-12 03:41:07,e0ae8edc92ffc39f235e2c041ae0c7db77da2e0613c3cda02a7a5481c1e3e83f,896353,35719.0,219.0,0.006131,1,3,369
2025-05-12 03:41:07,5ff31c0b947084a6bfb2ed97c1b04cc89fe1a8d2605b2f2f8975d4ff89cdd2c2,896353,36268.0,219.0,0.006038,1,3,369
2025-05-12 03:41:07,c6b69539dbe5af1604ed0f953992d3c1b81e4be36f42a293806a879087353593,896353,36817.0,219.0,0.005948,1,3,369
2025-05-12 03:41:07,5f1ad865d19e754bd7da2aee6a64046779e097c7cac9cac25e940670af40f194,896353,37366.0,219.0,0.005861,1,3,369
2025-05-12 03:41:07,0a6dee7621cf49db0d73ec925d48e8246289bc91b224930442b42dfe7fb58e03,896353,37915.0,219.0,0.005776,1,3,369
2025-05-12 03:41:07,f29f6c11910deb0a455d2f80a3c323e90f11d95b98c12bc9a5ba8eac491d9d9e,896353,38464.0,219.0,0.005694,1,3,369
2025-05-12 03:41:07,0f8036128d5a9b3d71e5a07f6697da43173e9d0c381584428d133ef8d864b099,896353,39013.0,219.0,0.005614,1,3,369
2025-05-12 03:41:07,5bdf98e49f1ee2682f01e6ffa855d2a28ee2eb24a959171571b99db5e9036e3a,896353,39562.0,219.0,0.005536,1,3,369
2025-05-12 03:41:07,d0412c8614c4fd4779dfb2df9659d15784fab84e27701393cf614979fa4edcac,896353,40111.0,219.0,0.00546,1,3,369
2025-05-12 03:41:07,49ea93892a7db5dfb50487740c2b98087c0d1654ef31cdac4203b7c004af7bd2,896353,40660.0,219.0,0.005386,1,3,369
2025-05-12 03:41:07,6b5b60aa56cb0bbb2e6cbaa538ea282da8bba4927291b7dc1efa252f3d08b6b9,896353,41209.0,219.0,0.005314,1,3,369
2025-05-12 03:41:07,57ede834d4d6af2c3a4b5eea57eba4dd5d439e4ac9f0d7bd18e32015fd7d0507,896353,41758.0,219.0,0.005245,1,3,369
2025-05-12 03:41:07,7173abcf5898d0b6679336753cb131d57356539798e308a5ee11565980bbe59f,896353,42307.0,219.0,0.005176,1,3,369
2025-05-12 03:41:07,400c7fdd8aeb36784e40bfd09098761162363dab2eb814f705bfdc96d8a4f021,896353,42856.0,219.0,0.00511,1,3,369
2025-05-12 03:41:07,efc38c6b9e0dd3e6a0b6880e3198ce7740d6aec766c1665b630e8a3e269a4595,896353,43075.0,125.0,0.002902,1,1,203
2025-05-12 03:41:07,3d393808c99c6351666eb48fe7a8a5ae0a4d56d64df99f8294a862c47f6ab810,896353,83985.0,263.0,0.003132,1,4,388
2025-05-12 03:41:07,a23ef1ba42bd2e2a50f0422c8c436a52df546898ec2506113bceb5b370e71ed1,896353,84578.0,219.0,0.002589,1,3,369
2025-05-12 03:41:07,99bfaeefef6db2accba739aa0ebea1a4ba90526358854a164c3d67228a012403,896353,85127.0,219.0,0.002573,1,3,369
2025-05-12 03:41:07,60ad19aac9720e1ac77f6c8f5d3af4a70f181a4655f800f865d0b82736b70d7e,896353,85676.0,219.0,0.002556,1,3,369
2025-05-12 03:41:07,5d96d318f5782629a4f9e4ec2c66563ecfac99c8e27cc7a3b3ecc16601c16a66,896353,86225.0,219.0,0.00254,1,3,369
2025-05-12 03:41:07,f64b65f17ab7e32d32f2f1f314538ee2ec4846649d0ea6bb003f5c7d518b68ba,896353,86774.0,219.0,0.002524,1,3,369
2025-05-12 03:41:07,c3ec6201971a083e95861db38685c9a00c2347ce81976dad48a4f24a59d5ec9a,896353,87323.0,219.0,0.002508,1,3,369
2025-05-14 17:04:35,2af3bcc27d6c51e76f18d36c5c278245e627c5709c963100c0b59e0208b23d53,896698,599457.0,568.0,0.000948,1,2,224
2025-05-14 17:04:35,7b8f7145f3b8ebfb2adc9b07d2484f52da7cf19d96e39debf4865a25f4d62852,896698,120309.0,444.0,0.00369,1,1,192
2025-05-14 17:04:35,7a5a3b5019d23cff0bcf017b1ab90060954e5b0bd24f98d8c8ad9609df08b851,896698,192824.0,576.0,0.002987,1,2,226
2025-05-14 17:04:35,4b88c3459e79a67d7884979ac9bfae4e221e358993cfe945212a0c9c8095b351,896698,389619.0,564.0,0.001448,1,2,223
2025-05-14 17:04:35,29c8672359db1775eb484518397a77f04f4d125422513ea1a0e7da072f5daa50,896698,62078.0,564.0,0.009085,1,2,222
2025-05-14 17:04:35,485b79362b3a04291de1c67467adda018542796942929fad5ad20811babc9f4f,896698,1054570.0,440.0,0.000417,1,1,192
2025-05-14 17:04:35,f80a11049c5dfcf674fe57ab2f59efc7726da967b249dbdae2d46302f1e4854f,896698,561973.0,440.0,0.000783,1,1,191
2025-05-14 17:04:35,9f76c875aa885e22031b8793f60d096b033b38c1f878ee6cc079af29cbec4b4f,896698,1083118.0,568.0,0.000524,1,2,223
2025-05-14 17:04:35,07a24e7c7c11669727297c86f859b2cae3cd13fbe0eefff21c82c87fc2d2204d,896698,28289.0,564.0,0.019937,1,2,223
2025-05-14 17:04:35,7c122e046c410e24894d6508a8b36abdf14fce7a82bb3c1cc60eccc571e9124d,896698,280186.0,884.0,0.003155,2,2,384
2025-05-14 17:04:35,dcc7ea05589ac1ef48f423524c699342581b57a4273ca32a03e4cee46305594c,896698,4889275.0,576.0,0.000118,1,2,226
2025-05-14 17:04:35,7ece0b06cf0cac822aca1769dfc128475df9d6c1e4f1e4a4ff5db25ec2bf2f4c,896698,2377.0,884.0,0.371897,2,3,352
2025-05-14 17:04:35,b0b9c2bf844e92b53e76dc23875efe79960c026c3114148e9cefe4456b60c14a,896698,726295.0,440.0,0.000606,1,1,192
2025-05-14 17:04:35,bd11f132030de667b3b2ea7370a88c0ec07bee41f9a05b3d59df9e21d6299e4a,896698,44701.0,2124.0,0.047516,3,2,531
2025-05-14 17:04:35,e57aa130265294e7c3b39711455b5fd9e09f75fc1aeed9ddbbb8e07ef6d43e48,896698,93467.0,564.0,0.006034,1,2,223
2025-05-14 17:04:35,89134045b62e89441eba29d64e179a3201d0c2bd4724357d90f7a3dd3b06c847,896698,111877.0,836.0,0.007472,2,2,371
2025-05-14 17:04:35,573a8e54b227a795004f2412092352c54b4b6ae630027dbcc99c48c0fec2e746,896698,117840.0,444.0,0.003768,1,1,192
2025-05-14 17:04:35,c7c954847891f2aec5fdd0da57d160bb050b8094b5df2789fd79264a1cd84246,896698,316696.0,440.0,0.001389,1,1,192
2025-05-14 17:04:35,c969cb0ce6079522f763b4a3a7122556ee6c7f71836bbda82251115cae86d745,896698,281452.0,564.0,0.002004,1,2,222
2025-05-14 17:04:35,ac1e841b697302dfb051901ffa410855946a6b86c034b9234483da4ae1364c45,896698,543932.0,904.0,0.001662,1,2,226
2025-05-14 17:04:35,a3dc8c5b60c334aa5f8ffe4802b708bbd3c870d5b7f87eababbe90859c237844,896698,2006639.0,904.0,0.000451,1,2,226
2025-05-14 17:04:35,4c1b7ed48dae8d0abd1fa13e9f96a0a9b4a482cbbf1cc5a99726434904923743,896698,8747373.0,812.0,9.3e-05,1,4,284
2025-05-14 17:04:35,8ce01124aacc5b3cd8338b4b766b1db2991f43a8f27b4867c05837348b53c641,896698,918230.0,440.0,0.000479,1,1,191
2025-05-14 17:04:35,ca8e2e6b51a5ac42f5f1095020f4054946e2f9ad9add6b8ea50de86b22458341,896698,18792010.0,564.0,3e-05,1,2,223
2025-05-14 17:04:35,4ecdafe956e4d2fa2efb233c3b220879f9490b501f2f03627bb9065be9407740,896698,1956250.0,444.0,0.000227,1,1,193
2025-05-14 17:04:35,85829d4ef97846f79b150c3aa9cc3a7a44336b296ae5c42b1e4e4242d14b9e3f,896698,619374.0,452.0,0.00073,1,1,194
2025-05-14 17:04:35,1be428f70520840aedd5456376b78b4cb4630d12e93ac70524823ef2f3c67a3f,896698,64191.0,568.0,0.008849,1,2,193
2025-05-14 17:04:35,8b4b73be943fa5d0c7647b716c8d34ec37c21ae778993554037144d97cb1453f,896698,393304.0,440.0,0.001119,1,1,192
2025-05-14 17:04:35,6eabcb4c14dffa745f14ff75800d871672483c5f064242610b13eef358470f3f,896698,40798.0,724.0,0.017746,2,1,343
2025-05-14 17:04:35,2c31dcfbeecb4857d94822d3f3bc02f4130fe82d9e236817bd2273d7b10c173d,896698,1518.0,568.0,0.374177,1,2,223
2025-05-14 17:04:35,6ba3a889eef76a4cf1f4c5c294bbf7dc318b150051df4dc7c384e5c664e5023c,896698,10966.0,1052.0,0.095933,2,3,394
2025-05-14 17:04:35,413b622576a897389e1a62a6e268381091abba541971128e90ca1f2e2b5efc3b,896698,340181.0,440.0,0.001293,1,1,192
2025-05-14 17:04:35,1baa0e2dfb24163c5b2d9acca1c14a16cd3f05cdce738ffa1f5474adf098443a,896698,412977.0,716.0,0.001734,2,1,342
2025-05-14 17:04:35,4170d8d3e57912326ebde99da8d0ae6a452fe1904a3510cb1c9aa66f14bc263a,896698,25487437.0,576.0,2.3e-05,1,2,225
2025-05-14 17:04:35,7674288239be10c7b8708503bb53f577ff2f17b528f8f2c7320c8fd002883839,896698,158891.0,440.0,0.002769,1,1,191
2025-05-14 17:04:35,741c4c3f6bd45ef51d88cd2732adb5c8b5cc66d023d452858df307d4481f8638,896698,91069.0,564.0,0.006193,1,2,222
2025-05-14 17:04:35,feda55a40a76e03720a6bccd5edf5a405d770fbe868e88e38228bfcbb87e4037,896698,443400.0,1120.0,0.002526,3,2,524
2025-05-14 17:04:35,f80f57729231ea3d00989fc36cd509b5cfbfad6c2510ab74c240d339ba429536,896698,15761613.0,452.0,2.9e-05,1,1,195
2025-05-14 17:04:35,429e7691ed5ba7ec56f20ceef5bab26caf8feaf7eca85bd124b0213b5ca78236,896698,15905.0,576.0,0.036215,1,2,225
2025-05-14 17:04:35,a17dc1bb10d4dff29185f077cf1baabff3c34c011b64eed20d5979c0ef9f4d36,896698,20682.0,452.0,0.021855,1,1,194
2025-05-14 17:04:35,3f72644c39fe2a118e5919b840097ebcc4516f8c3b25168a612fe9fda8df8435,896698,104248.0,848.0,0.008134,2,2,374
2025-05-14 17:04:35,0b799af27b58458d11249e6f95c20a035e5faabe7f46a436d2ba918b63c45234,896698,251576.0,576.0,0.00229,1,2,226
2025-05-14 17:04:35,ad00440117cd73178d6f76ba9cd4a11d1998d760f632d14dbcf6483d54576e33,896698,563275.0,836.0,0.001484,2,2,371
2025-05-14 17:04:35,c6822bf6337e266ba41032e99406ae8ab1f077557776b153bbef312a6c9eff32,896698,40681.0,564.0,0.013864,1,2,222
2025-05-14 17:04:35,4c191e240d9890bd0d4ed19171d9069a666395d800ea4eff0a1dda58cdf5e931,896698,15811.0,576.0,0.03643,1,2,226
2025-05-14 17:04:35,9b6e174a83e59a41aab5bbd87dd79ba0fa0978af38d93bf28dc1ab877ed0e032,896698,45395.0,576.0,0.012689,1,2,225
2025-05-14 17:04:35,0b6cace3115e4bde3de7a2255691227ae82d123715a9a8f1e563ffd935ebc630,896698,229298.0,836.0,0.003646,2,2,372
2025-05-14 17:04:35,275a013847a1e950d0c8de2f4a75316e6b3b0f869223c629273c614986b2992f,896698,634376.0,664.0,0.001047,1,2,247
2025-05-14 17:04:35,789e44057860df13c42cee55f78cba08dc2127d2865e373bb35119f087fa842d,896698,49153.0,848.0,0.017252,2,2,375
2025-05-14 17:04:35,6fcbb8c0fd16d4fa9d31a052fd4dc57d140b4489ecb7ade2d032e66fc03bf82c,896698,701996.0,836.0,0.001191,2,2,372
2025-05-14 17:04:35,ed041a45d58a7505ce03d937c32c9ad053a4f9193401ff41dbe7fd422425ae2c,896698,2013373.0,564.0,0.00028,1,2,222
2025-05-14 17:04:35,ff07b7ed9400034fe37d11bf46e7de4886eb450fb537637046bda8e458bed42b,896698,96334.0,564.0,0.005855,1,2,223
2025-05-14 17:04:35,7d5bef8d2b16124125a48de0c54c111f957cca1d946297fe0c23debcf8d0792a,896698,47527.0,452.0,0.00951,1,1,194
2025-05-14 17:04:35,8001c00705cf1d3e3a4357f49c5b974108e7c96ffa0a21fd5d61ad9aef619e26,896698,106788.0,564.0,0.005281,1,2,223
2025-05-14 17:04:35,d689a737bc67bc4dee656624927313ca4b9653dda0d88dd336a13ed0548c2d90,896698,112181.0,568.0,0.005063,1,2,224
2025-05-14 17:04:35,9d7ec24c806aed9f48e53563fa4142c7c74801eb9d0989b80240dde2fa681426,896698,676616.0,564.0,0.000834,1,2,223
2025-05-14 17:04:35,659bf05c4217b812a40f60b2ad9aae80c0cd939ee3058d466b325bceeb0ee325,896698,85541.0,836.0,0.009773,2,2,372
2025-05-14 17:04:35,c6611e008b81b10b47dfc138f287621f994dbd051ec64f038b9ac3aba36ee125,896698,5560487.0,1556.0,0.00028,1,10,470
2025-05-14 17:04:35,5cb35139e41af86578d4717ff6a3a9d72d4282ad2d08192fee13033e3377bf24,896698,7101758.0,904.0,0.000127,1,2,226
2025-05-14 17:04:35,cf1767020c2648c207ff499846efb43b3cc5e3e0cef218c0fd93ad52374c4724,896698,837132.0,564.0,0.000674,1,2,222
2025-05-14 17:04:35,a8db6b046de1af6d41f2a195e3de4c51742023e1bf4bb00926a01cc5f2510b23,896698,111884.0,836.0,0.007472,2,2,372
2025-05-14 17:04:35,4595437dca8d0c5d4c375d5e8adf575feb44d2f25fe5b895c1cbdc8dd4e6a622,896698,478074.0,988.0,0.002067,3,1,490
2025-05-14 17:04:35,d368d3c8a74f297cb06c0bb664b092161e899e342ff83dd56aef5f3713958c21,896698,250360.0,564.0,0.002253,1,2,222
2025-05-14 17:04:35,8df666cdf7ba84978603593dccb1415439f3418d72f4c824ca7fa513ceb55121,896698,48373.0,1536.0,0.031753,5,1,786
2025-05-14 17:04:35,f2f38320560c0d4144e49d59595cb6629656bac1fe18461808156ce45ff54b21,896698,90301892.0,708.0,8e-06,1,2,259
2025-05-14 17:04:35,cc5dd0dbde1504881b60cfba767ad72658c350eca3b29738089d0d8fe615c520,896698,47750.0,568.0,0.011895,1,2,193
2025-05-14 17:04:35,1db54b464c3007aa29f40a83f5ac5e670a079263a4bc9317022797fa05416020,896698,117026.0,576.0,0.004922,1,2,226
2025-05-14 17:04:35,4e13f64d1efef52670241fbb21c978980c30196faa42c63bde15fb16db15b21f,896698,910150.0,836.0,0.000919,2,2,371
2025-05-14 17:04:35,a8646ff858848bf025f25accdf458a64edebce2bb8a9a4de248cad1aae0dd11e,896698,112555.0,440.0,0.003909,1,1,191
2025-05-14 17:04:35,8b065105a8d5f31c93a5fcc6f2a3387c2fcc09af87df331e2a3f7f9aaf91631e,896698,42907.0,564.0,0.013145,1,2,223
2025-05-14 17:04:35,a9f3025ba20f8b67447a1ca194a097a6c7a26327301637817ec62ab34b848b1c,896698,1430162.0,444.0,0.00031,1,1,192
2025-05-14 17:04:35,7c193a3193abf4f4b9b8e3c221f6555dbfb8d8565111f100dc2657a957284f18,896698,12573336.0,576.0,4.6e-05,1,2,226
2025-05-14 17:04:35,b7f84d89255da49d4ba95cd80df324da7db6bf6adab9e7989690e4afbd840f16,896698,1026208.0,836.0,0.000815,2,2,371
2025-05-14 17:04:35,2b85d89ed16eae0b34ff00f503f3fb87b125e339a4081fd9d1bf86dc0e97c113,896698,1735024.0,564.0,0.000325,1,2,222
2025-05-14 17:04:35,b9b1e53b30a29a5141c1f42ba6daff0021fac5f5ddace377e31525b0abe09c9f,896698,1759802.0,564.0,0.00032,1,2,222
2025-05-14 17:04:35,70257e17714fda71734163b19c02033c026a05b36cd247e28e92733ad0e80113,896698,8589424.0,576.0,6.7e-05,1,2,225
2025-05-14 17:04:35,8a01e85bf52c02e59a8773aa9085e272b7b1db4f81890b8a5a36c26e0f8e0c12,896698,15115.0,488.0,0.032286,1,1,203
2025-05-14 17:04:35,934551b195e30787b8103495f76f04d96863a356bc4446e2c4d40f3119ab6311,896698,2028314.0,840.0,0.000414,2,2,372
2025-05-14 17:04:35,4388cfcbe5a8d7d00e0b5793718eb95970a09955b36735793115a2a5be09a910,896698,13050.0,564.0,0.043218,1,2,223
2025-05-14 17:04:35,b306659ced1abc243c5d412360f681c96493e9bbc1d1b0d817ad7fd44984d80f,896698,11052.0,564.0,0.051031,1,2,222
2025-05-14 17:04:35,361690809ffe9119eda9c9dfade51b50a7a084952e59ac5bc9bbe81869f5db0e,896698,680388.0,904.0,0.001329,1,2,226
2025-05-14 17:04:35,0f9ee98644aec6d3243e01837d069cc45583585b068030cedd0a99aae912a00e,896698,190874.0,564.0,0.002955,1,2,222
2025-05-14 17:04:35,5e5502e1c987ba52cbff23200b2189230d91b45aac32c3d8b22d9f989428630d,896698,500496.0,564.0,0.001127,1,2,222
2025-05-14 17:04:35,a764976d4b6d7264381de81116ce55f1fece2ca3b7917905535e7b4f0fe9570c,896698,136690.0,892.0,0.006526,1,2,223
2025-05-14 17:04:35,5aa4e3baaf4ad425d58e4791f35111c6618123490bf903d39beaa0f471c3c80a,896698,15557.0,892.0,0.057338,1,2,223
2025-05-14 17:04:35,f9be868098fd7e3b2ad0c56c0d17d0b93cad4bcc9d561bd9210029f372e2ce06,896698,16822296.0,564.0,3.4e-05,1,2,223
2025-05-14 17:04:35,b60ae83b3f8c56d3235b70459bc6c5e98f602d0e8ab27ddddc550b917cfd1d06,896698,59550.0,440.0,0.007389,1,1,191
2025-05-14 17:04:35,7f883a93e76dbd9210b745473a7e73a0d2ae50dd29b748868ed133e2ccaec204,896698,414582.0,576.0,0.001389,1,2,226
2025-05-14 17:04:35,3906d02b969c31ace925f00325fe1b036fcd91a4f2acd3dd1aff0eaf5b608704,896698,486401.0,440.0,0.000905,1,1,192
2025-05-14 17:04:35,03d41640e6b8f395665bb5687531bbe96ee62afd02aac0b24c585115a6ea6004,896698,13300.0,568.0,0.042707,1,2,224
2025-05-14 17:04:35,b3580c039135b06a4eb123c14430f5851045e7bbadeb1053e0ead736370d2703,896698,96291340.0,672.0,7e-06,1,2,249
2025-05-14 17:04:35,9b8b308499011a1e8dd73790f2519d6dbed23f139d694fb7427c9d4378475502,896698,245970.0,896.0,0.003643,1,2,224
2025-05-14 17:04:35,00ea35e90bc8fffa004079bbe3eab347bf23c8702ab3292d7ec37a7609f15ba7,896698,68833802.0,11953.0,0.000174,1,1,191
2025-05-14 17:04:35,94b6f8f7dcf3bb658c2d2ed14b0cec655ae5f5327fa9fa685a0874aeef0dc2c2,896698,97864489.0,11570.0,0.000118,2,174,5929
2025-05-14 17:04:35,0530b04f5aa7563e94e19fba55a0df39c9c4c041d6cff98334d2f0fdd15afade,896698,1092097.0,1108.0,0.001015,3,2,518
2025-05-14 17:04:35,e98a462a653cceb65b6529e18e554e042256f9b38cdc8d40b6f8571b13a3c81a,896698,193440.0,712.0,0.003681,2,1,339
2025-05-14 17:04:35,42dc7db616ddbff1842d1fc8fdad75784ae87024e04730232f8a415b07ee06a4,896698,29007708.0,18249.0,0.000629,1,1,191
2025-05-14 17:04:35,e79ca7501551542529480eb53ecb96c47fe50f623e9d56c00e3595f8059b3b86,896698,275680819.0,6759.0,2.5e-05,1,187,6219
2025-05-14 17:04:35,6d0c22300a08e47b284f5ffe12c2e27fd2df0877ef79b01b520114269bd929e7,896698,62494001.0,13435.0,0.000215,1,1,191
2025-05-14 17:04:35,762978f92bec1a5ba5dd152e2eab333349289ca92ef7ce6f14818c0dc84530d9,896698,100284321.0,13058.0,0.00013,2,196,6671
2025-05-14 17:04:35,2af3bcc27d6c51e76f18d36c5c278245e627c5709c963100c0b59e0208b23d53,896698,599457.0,568.0,0.000948,1,2,224
2025-05-14 17:04:35,7b8f7145f3b8ebfb2adc9b07d2484f52da7cf19d96e39debf4865a25f4d62852,896698,120309.0,444.0,0.00369,1,1,192
2025-05-14 17:04:35,7a5a3b5019d23cff0bcf017b1ab90060954e5b0bd24f98d8c8ad9609df08b851,896698,192824.0,576.0,0.002987,1,2,226
2025-05-14 17:04:35,4b88c3459e79a67d7884979ac9bfae4e221e358993cfe945212a0c9c8095b351,896698,389619.0,564.0,0.001448,1,2,223
2025-05-14 17:04:35,29c8672359db1775eb484518397a77f04f4d125422513ea1a0e7da072f5daa50,896698,62078.0,564.0,0.009085,1,2,222
2025-05-14 17:04:35,485b79362b3a04291de1c67467adda018542796942929fad5ad20811babc9f4f,896698,1054570.0,440.0,0.000417,1,1,192
2025-05-14 17:04:35,f80a11049c5dfcf674fe57ab2f59efc7726da967b249dbdae2d46302f1e4854f,896698,561973.0,440.0,0.000783,1,1,191
2025-05-14 17:04:35,9f76c875aa885e22031b8793f60d096b033b38c1f878ee6cc079af29cbec4b4f,896698,1083118.0,568.0,0.000524,1,2,223
2025-05-14 17:04:35,07a24e7c7c11669727297c86f859b2cae3cd13fbe0eefff21c82c87fc2d2204d,896698,28289.0,564.0,0.019937,1,2,223
2025-05-14 17:04:35,7c122e046c410e24894d6508a8b36abdf14fce7a82bb3c1cc60eccc571e9124d,896698,280186.0,884.0,0.003155,2,2,384
2025-05-14 17:04:35,dcc7ea05589ac1ef48f423524c699342581b57a4273ca32a03e4cee46305594c,896698,4889275.0,576.0,0.000118,1,2,226
2025-05-14 17:04:35,7ece0b06cf0cac822aca1769dfc128475df9d6c1e4f1e4a4ff5db25ec2bf2f4c,896698,2377.0,884.0,0.371897,2,3,352
2025-05-14 17:04:35,b0b9c2bf844e92b53e76dc23875efe79960c026c3114148e9cefe4456b60c14a,896698,726295.0,440.0,0.000606,1,1,192
2025-05-14 17:04:35,bd11f132030de667b3b2ea7370a88c0ec07bee41f9a05b3d59df9e21d6299e4a,896698,44701.0,2124.0,0.047516,3,2,531
2025-05-14 17:04:35,e57aa130265294e7c3b39711455b5fd9e09f75fc1aeed9ddbbb8e07ef6d43e48,896698,93467.0,564.0,0.006034,1,2,223
2025-05-14 17:04:35,89134045b62e89441eba29d64e179a3201d0c2bd4724357d90f7a3dd3b06c847,896698,111877.0,836.0,0.007472,2,2,371
2025-05-14 17:04:35,573a8e54b227a795004f2412092352c54b4b6ae630027dbcc99c48c0fec2e746,896698,117840.0,444.0,0.003768,1,1,192
2025-05-14 17:04:35,c7c954847891f2aec5fdd0da57d160bb050b8094b5df2789fd79264a1cd84246,896698,316696.0,440.0,0.001389,1,1,192
2025-05-14 17:04:35,c969cb0ce6079522f763b4a3a7122556ee6c7f71836bbda82251115cae86d745,896698,281452.0,564.0,0.002004,1,2,222
2025-05-14 17:04:35,ac1e841b697302dfb051901ffa410855946a6b86c034b9234483da4ae1364c45,896698,543932.0,904.0,0.001662,1,2,226
2025-05-14 17:04:35,a3dc8c5b60c334aa5f8ffe4802b708bbd3c870d5b7f87eababbe90859c237844,896698,2006639.0,904.0,0.000451,1,2,226
2025-05-14 17:04:35,4c1b7ed48dae8d0abd1fa13e9f96a0a9b4a482cbbf1cc5a99726434904923743,896698,8747373.0,812.0,9.3e-05,1,4,284
2025-05-14 17:04:35,8ce01124aacc5b3cd8338b4b766b1db2991f43a8f27b4867c05837348b53c641,896698,918230.0,440.0,0.000479,1,1,191
2025-05-14 17:04:35,ca8e2e6b51a5ac42f5f1095020f4054946e2f9ad9add6b8ea50de86b22458341,896698,18792010.0,564.0,3e-05,1,2,223
2025-05-14 17:04:35,4ecdafe956e4d2fa2efb233c3b220879f9490b501f2f03627bb9065be9407740,896698,1956250.0,444.0,0.000227,1,1,193
2025-05-14 17:04:35,85829d4ef97846f79b150c3aa9cc3a7a44336b296ae5c42b1e4e4242d14b9e3f,896698,619374.0,452.0,0.00073,1,1,194
2025-05-14 17:04:35,1be428f70520840aedd5456376b78b4cb4630d12e93ac70524823ef2f3c67a3f,896698,64191.0,568.0,0.008849,1,2,193
2025-05-14 17:04:35,8b4b73be943fa5d0c7647b716c8d34ec37c21ae778993554037144d97cb1453f,896698,393304.0,440.0,0.001119,1,1,192
2025-05-14 17:04:35,6eabcb4c14dffa745f14ff75800d871672483c5f064242610b13eef358470f3f,896698,40798.0,724.0,0.017746,2,1,343
2025-05-14 17:04:35,2c31dcfbeecb4857d94822d3f3bc02f4130fe82d9e236817bd2273d7b10c173d,896698,1518.0,568.0,0.374177,1,2,223
2025-05-14 17:04:35,6ba3a889eef76a4cf1f4c5c294bbf7dc318b150051df4dc7c384e5c664e5023c,896698,10966.0,1052.0,0.095933,2,3,394
2025-05-14 17:04:35,413b622576a897389e1a62a6e268381091abba541971128e90ca1f2e2b5efc3b,896698,340181.0,440.0,0.001293,1,1,192
2025-05-14 17:04:35,1baa0e2dfb24163c5b2d9acca1c14a16cd3f05cdce738ffa1f5474adf098443a,896698,412977.0,716.0,0.001734,2,1,342
2025-05-14 17:04:35,4170d8d3e57912326ebde99da8d0ae6a452fe1904a3510cb1c9aa66f14bc263a,896698,25487437.0,576.0,2.3e-05,1,2,225
2025-05-14 17:04:35,7674288239be10c7b8708503bb53f577ff2f17b528f8f2c7320c8fd002883839,896698,158891.0,440.0,0.002769,1,1,191
2025-05-14 17:04:35,741c4c3f6bd45ef51d88cd2732adb5c8b5cc66d023d452858df307d4481f8638,896698,91069.0,564.0,0.006193,1,2,222
2025-05-14 17:04:35,feda55a40a76e03720a6bccd5edf5a405d770fbe868e88e38228bfcbb87e4037,896698,443400.0,1120.0,0.002526,3,2,524
2025-05-14 17:04:35,f80f57729231ea3d00989fc36cd509b5cfbfad6c2510ab74c240d339ba429536,896698,15761613.0,452.0,2.9e-05,1,1,195
2025-05-14 17:04:35,429e7691ed5ba7ec56f20ceef5bab26caf8feaf7eca85bd124b0213b5ca78236,896698,15905.0,576.0,0.036215,1,2,225
2025-05-14 17:04:35,a17dc1bb10d4dff29185f077cf1baabff3c34c011b64eed20d5979c0ef9f4d36,896698,20682.0,452.0,0.021855,1,1,194
2025-05-14 17:04:35,3f72644c39fe2a118e5919b840097ebcc4516f8c3b25168a612fe9fda8df8435,896698,104248.0,848.0,0.008134,2,2,374
2025-05-14 17:04:35,0b799af27b58458d11249e6f95c20a035e5faabe7f46a436d2ba918b63c45234,896698,251576.0,576.0,0.00229,1,2,226
2025-05-14 17:04:35,ad00440117cd73178d6f76ba9cd4a11d1998d760f632d14dbcf6483d54576e33,896698,563275.0,836.0,0.001484,2,2,371
2025-05-14 17:04:35,c6822bf6337e266ba41032e99406ae8ab1f077557776b153bbef312a6c9eff32,896698,40681.0,564.0,0.013864,1,2,222
2025-05-14 17:04:35,4c191e240d9890bd0d4ed19171d9069a666395d800ea4eff0a1dda58cdf5e931,896698,15811.0,576.0,0.03643,1,2,226
2025-05-14 17:04:35,9b6e174a83e59a41aab5bbd87dd79ba0fa0978af38d93bf28dc1ab877ed0e032,896698,45395.0,576.0,0.012689,1,2,225
2025-05-14 17:04:35,0b6cace3115e4bde3de7a2255691227ae82d123715a9a8f1e563ffd935ebc630,896698,229298.0,836.0,0.003646,2,2,372
2025-05-14 17:04:35,275a013847a1e950d0c8de2f4a75316e6b3b0f869223c629273c614986b2992f,896698,634376.0,664.0,0.001047,1,2,247
2025-05-14 17:04:35,789e44057860df13c42cee55f78cba08dc2127d2865e373bb35119f087fa842d,896698,49153.0,848.0,0.017252,2,2,375
2025-05-14 17:04:35,6fcbb8c0fd16d4fa9d31a052fd4dc57d140b4489ecb7ade2d032e66fc03bf82c,896698,701996.0,836.0,0.001191,2,2,372
2025-05-14 17:04:35,ed041a45d58a7505ce03d937c32c9ad053a4f9193401ff41dbe7fd422425ae2c,896698,2013373.0,564.0,0.00028,1,2,222
2025-05-14 17:04:35,ff07b7ed9400034fe37d11bf46e7de4886eb450fb537637046bda8e458bed42b,896698,96334.0,564.0,0.005855,1,2,223
2025-05-14 17:04:35,7d5bef8d2b16124125a48de0c54c111f957cca1d946297fe0c23debcf8d0792a,896698,47527.0,452.0,0.00951,1,1,194
2025-05-14 17:04:35,8001c00705cf1d3e3a4357f49c5b974108e7c96ffa0a21fd5d61ad9aef619e26,896698,106788.0,564.0,0.005281,1,2,223
2025-05-14 17:04:35,d689a737bc67bc4dee656624927313ca4b9653dda0d88dd336a13ed0548c2d90,896698,112181.0,568.0,0.005063,1,2,224
2025-05-14 17:04:35,9d7ec24c806aed9f48e53563fa4142c7c74801eb9d0989b80240dde2fa681426,896698,676616.0,564.0,0.000834,1,2,223
2025-05-14 17:04:35,659bf05c4217b812a40f60b2ad9aae80c0cd939ee3058d466b325bceeb0ee325,896698,85541.0,836.0,0.009773,2,2,372
2025-05-14 17:04:35,c6611e008b81b10b47dfc138f287621f994dbd051ec64f038b9ac3aba36ee125,896698,5560487.0,1556.0,0.00028,1,10,470
2025-05-14 17:04:35,5cb35139e41af86578d4717ff6a3a9d72d4282ad2d08192fee13033e3377bf24,896698,7101758.0,904.0,0.000127,1,2,226
2025-05-14 17:04:35,cf1767020c2648c207ff499846efb43b3cc5e3e0cef218c0fd93ad52374c4724,896698,837132.0,564.0,0.000674,1,2,222
2025-05-14 17:04:35,a8db6b046de1af6d41f2a195e3de4c51742023e1bf4bb00926a01cc5f2510b23,896698,111884.0,836.0,0.007472,2,2,372
2025-05-14 17:04:35,4595437dca8d0c5d4c375d5e8adf575feb44d2f25fe5b895c1cbdc8dd4e6a622,896698,478074.0,988.0,0.002067,3,1,490
2025-05-14 17:04:35,d368d3c8a74f297cb06c0bb664b092161e899e342ff83dd56aef5f3713958c21,896698,250360.0,564.0,0.002253,1,2,222
2025-05-14 17:04:35,8df666cdf7ba84978603593dccb1415439f3418d72f4c824ca7fa513ceb55121,896698,48373.0,1536.0,0.031753,5,1,786
2025-05-14 17:04:35,f2f38320560c0d4144e49d59595cb6629656bac1fe18461808156ce45ff54b21,896698,90301892.0,708.0,8e-06,1,2,259
2025-05-14 17:04:35,cc5dd0dbde1504881b60cfba767ad72658c350eca3b29738089d0d8fe615c520,896698,47750.0,568.0,0.011895,1,2,193
2025-05-14 17:04:35,1db54b464c3007aa29f40a83f5ac5e670a079263a4bc9317022797fa05416020,896698,117026.0,576.0,0.004922,1,2,226
2025-05-14 17:04:35,4e13f64d1efef52670241fbb21c978980c30196faa42c63bde15fb16db15b21f,896698,910150.0,836.0,0.000919,2,2,371
2025-05-14 17:04:35,a8646ff858848bf025f25accdf458a64edebce2bb8a9a4de248cad1aae0dd11e,896698,112555.0,440.0,0.003909,1,1,191
2025-05-14 17:04:35,8b065105a8d5f31c93a5fcc6f2a3387c2fcc09af87df331e2a3f7f9aaf91631e,896698,42907.0,564.0,0.013145,1,2,223
2025-05-14 17:04:35,a9f3025ba20f8b67447a1ca194a097a6c7a26327301637817ec62ab34b848b1c,896698,1430162.0,444.0,0.00031,1,1,192
2025-05-14 17:04:35,7c193a3193abf4f4b9b8e3c221f6555dbfb8d8565111f100dc2657a957284f18,896698,12573336.0,576.0,4.6e-05,1,2,226
2025-05-14 17:04:35,b7f84d89255da49d4ba95cd80df324da7db6bf6adab9e7989690e4afbd840f16,896698,1026208.0,836.0,0.000815,2,2,371
2025-05-14 17:04:35,2b85d89ed16eae0b34ff00f503f3fb87b125e339a4081fd9d1bf86dc0e97c113,896698,1735024.0,564.0,0.000325,1,2,222
2025-05-14 17:04:35,b9b1e53b30a29a5141c1f42ba6daff0021fac5f5ddace377e31525b0abe09c9f,896698,1759802.0,564.0,0.00032,1,2,222
2025-05-14 17:04:35,70257e17714fda71734163b19c02033c026a05b36cd247e28e92733ad0e80113,896698,8589424.0,576.0,6.7e-05,1,2,225
2025-05-14 17:04:35,8a01e85bf52c02e59a8773aa9085e272b7b1db4f81890b8a5a36c26e0f8e0c12,896698,15115.0,488.0,0.032286,1,1,203
2025-05-14 17:04:35,934551b195e30787b8103495f76f04d96863a356bc4446e2c4d40f3119ab6311,896698,2028314.0,840.0,0.000414,2,2,372
2025-05-14 17:04:35,4388cfcbe5a8d7d00e0b5793718eb95970a09955b36735793115a2a5be09a910,896698,13050.0,564.0,0.043218,1,2,223
2025-05-14 17:04:35,b306659ced1abc243c5d412360f681c96493e9bbc1d1b0d817ad7fd44984d80f,896698,11052.0,564.0,0.051031,1,2,222
2025-05-14 17:04:35,361690809ffe9119eda9c9dfade51b50a7a084952e59ac5bc9bbe81869f5db0e,896698,680388.0,904.0,0.001329,1,2,226
2025-05-14 17:04:35,0f9ee98644aec6d3243e01837d069cc45583585b068030cedd0a99aae912a00e,896698,190874.0,564.0,0.002955,1,2,222
2025-05-14 17:04:35,5e5502e1c987ba52cbff23200b2189230d91b45aac32c3d8b22d9f989428630d,896698,500496.0,564.0,0.001127,1,2,222
2025-05-14 17:04:35,a764976d4b6d7264381de81116ce55f1fece2ca3b7917905535e7b4f0fe9570c,896698,136690.0,892.0,0.006526,1,2,223
2025-05-14 17:04:35,5aa4e3baaf4ad425d58e4791f35111c6618123490bf903d39beaa0f471c3c80a,896698,15557.0,892.0,0.057338,1,2,223
2025-05-14 17:04:35,f9be868098fd7e3b2ad0c56c0d17d0b93cad4bcc9d561bd9210029f372e2ce06,896698,16822296.0,564.0,3.4e-05,1,2,223
2025-05-14 17:04:35,b60ae83b3f8c56d3235b70459bc6c5e98f602d0e8ab27ddddc550b917cfd1d06,896698,59550.0,440.0,0.007389,1,1,191
2025-05-14 17:04:35,7f883a93e76dbd9210b745473a7e73a0d2ae50dd29b748868ed133e2ccaec204,896698,414582.0,576.0,0.001389,1,2,226
2025-05-14 17:04:35,3906d02b969c31ace925f00325fe1b036fcd91a4f2acd3dd1aff0eaf5b608704,896698,486401.0,440.0,0.000905,1,1,192
2025-05-14 17:04:35,03d41640e6b8f395665bb5687531bbe96ee62afd02aac0b24c585115a6ea6004,896698,13300.0,568.0,0.042707,1,2,224
2025-05-14 17:04:35,b3580c039135b06a4eb123c14430f5851045e7bbadeb1053e0ead736370d2703,896698,96291340.0,672.0,7e-06,1,2,249
2025-05-14 17:04:35,9b8b308499011a1e8dd73790f2519d6dbed23f139d694fb7427c9d4378475502,896698,245970.0,896.0,0.003643,1,2,224
2025-05-14 17:04:35,00ea35e90bc8fffa004079bbe3eab347bf23c8702ab3292d7ec37a7609f15ba7,896698,68833802.0,11953.0,0.000174,1,1,191
2025-05-14 17:04:35,94b6f8f7dcf3bb658c2d2ed14b0cec655ae5f5327fa9fa685a0874aeef0dc2c2,896698,97864489.0,11570.0,0.000118,2,174,5929
2025-05-14 17:04:35,0530b04f5aa7563e94e19fba55a0df39c9c4c041d6cff98334d2f0fdd15afade,896698,1092097.0,1108.0,0.001015,3,2,518
2025-05-14 17:04:35,e98a462a653cceb65b6529e18e554e042256f9b38cdc8d40b6f8571b13a3c81a,896698,193440.0,712.0,0.003681,2,1,339
2025-05-14 17:04:35,42dc7db616ddbff1842d1fc8fdad75784ae87024e04730232f8a415b07ee06a4,896698,29007708.0,18249.0,0.000629,1,1,191
2025-05-14 17:04:35,e79ca7501551542529480eb53ecb96c47fe50f623e9d56c00e3595f8059b3b86,896698,275680819.0,6759.0,2.5e-05,1,187,6219
2025-05-14 17:04:35,6d0c22300a08e47b284f5ffe12c2e27fd2df0877ef79b01b520114269bd929e7,896698,62494001.0,13435.0,0.000215,1,1,191
2025-05-14 17:04:35,762978f92bec1a5ba5dd152e2eab333349289ca92ef7ce6f14818c0dc84530d9,896698,100284321.0,13058.0,0.00013,2,196,6671
2025-05-11 22:58:45,3b079f3277d0cdce964bf4bd28a0ab2d2ba061c32107de85b1d5847fa4320049,896321,12434874.0,508.0,4.1e-05,1,2,222
2025-05-11 22:58:45,c851d1dfc869a233ea7efd9f6bd995ef94f08440dafa8a108c00b0cd856240a7,896321,188105.0,1150.0,0.006114,4,1,638
2025-05-11 22:58:45,0d739eb6a3325cb20debd82e2e13211c85a0e6fba26b7d3c03d0b6bbac5c8a12,896321,47271.0,564.0,0.011931,1,2,235
2025-05-11 22:58:45,a5135f9d642db6bdf838d5fe6c85a322f0a2d256f763dda1abd515d3f006e4ff,896321,376717.0,671.0,0.001781,2,1,344
2025-05-11 22:58:45,7bb0b76680c90f6d1451cd37e8232c1f82e1993952ee52e24ab30d5d7519a915,896321,57692.0,411.0,0.007124,1,1,192
2025-05-11 22:58:45,cd3c1ccbdc03a68cfb1acefe03f8b40d6905fbdeae15d990834415310682459c,896321,4706825488.0,2860.0,1e-06,1,21,818
2025-05-11 22:58:45,4d1e9b357940c94ec8b4c6df45f21ee534efd659fba581a28c48d3691b38a762,896321,4715512701.0,2860.0,1e-06,1,21,850
2025-05-11 22:58:45,a1592e1d7ff8d97ea5e03b2b95f32dea3ef9ce2e3049918d16dc982ba645420b,896321,4725059274.0,2860.0,1e-06,1,21,842
2025-05-11 22:58:45,b624aae0e9df1f9e0c47e5f5ef4dd2780e6aa3306992a68d2400d47f1c593e58,896321,4735042153.0,2860.0,1e-06,1,21,837
2025-05-11 22:58:45,fe970e5c58019a6267947836c51696599bc5c6a5bfecfd09d08a6b7136e539a9,896321,4743001093.0,2860.0,1e-06,1,21,857
2025-05-11 22:58:45,a763b6f43563de0d9b1d77c6883a81d5781d3d82fe3f14751cd5f47b0633f956,896321,6551861746.0,2860.0,0.0,1,21,839
2025-05-11 22:58:45,63ae2455181a68b450fb3fb011dcaf60be186f22f6b4f865fda49cf803502c18,896321,983510.0,1029.0,0.001046,2,2,550
2025-05-11 22:58:45,ba2bb7aa35026360447d755e2e9e14423ba8124aff6a15fa00c701f648744303,896321,9234103447.0,2860.0,0.0,1,21,833
2025-05-11 22:58:45,f4daf867c6125fb67e9f1e1cf17d915206b87205a7f3d8ca9ed293e85afb672f,896321,47110.0,425.0,0.009021,1,1,192
2025-05-11 22:58:45,b0bfe3c37fdac1b1e2acc8a8b05afafd7a7fe4ffbee3710def6d4ac11f571524,896321,67483.0,438.0,0.006491,1,1,194
2025-05-11 22:58:45,01ce7498b269ea30597fbed00db82dbd970036c11f5b97dfde360954c539a9c3,896321,3259965.0,516.0,0.000158,1,1,215
2025-05-11 22:58:45,c95411d473ad1a1b4d43cc0fe4a9b227ba98a0010cdbe28cd072892781ed53d9,896321,44560.0,440.0,0.009874,1,1,195
2025-05-11 22:58:45,ac89a9611e3e53f6501cd8ec5e3f7c18cfb891f795ee89d5d64b7ba666cd07c6,896321,189560.0,440.0,0.002321,1,1,195
2025-05-11 22:58:45,6be446f996622f6a87a1d3383807fa55bb9e780747bc90af61e6926bb9e32419,896321,493633.0,564.0,0.001143,1,2,226
2025-05-11 22:58:45,9c9b404aacbd90a6c4917d66985b6bf120790dc7453ffc4432824ccfeafbd1e9,896321,16906913.0,3122.0,0.000185,1,22,846
2025-05-11 22:58:45,a4e48ba2b400cde511f027e78aacc9fb732e46478631b1c995e3d8745f6bd9f6,896321,334515.0,828.0,0.002475,2,2,372
2025-05-11 22:58:45,56b7b5d1e0c4a9453fe6980e27c6d96791192187d1b6f3e40a5a7a8fc787d394,896321,827401.0,556.0,0.000672,1,2,223
2025-05-11 22:58:45,726e0949abb064e75c5b89974325afad1870a95763666eca1e1cb4b372fb70f5,896321,20000.0,1332.0,0.0666,2,1,337
2025-05-11 22:58:45,f711c58330ed6c849e457a336b0245b40f535d2f95fc2b029d77aeebd81453ed,896321,1688523.0,828.0,0.00049,2,2,371
2025-05-11 22:58:45,3617bf0abdaab01da0695ccbb7cfe74fd9171d8409b7feaf88647b68265555a9,896321,86918.0,836.0,0.009618,2,2,373
2025-05-11 22:58:45,f7204c7196dfad901695b1827f8b76bdc121195c2ca951b862200f589770614e,896321,25715.0,840.0,0.032666,2,2,375
2025-05-11 22:58:45,eb88d4848172793f3435ac93c7615740a29da5198ed8ae3f7aea28c5406321a4,896321,7942.0,864.0,0.108789,1,3,269
2025-05-11 22:58:45,6027fa9fed2efda5aa4b14243cb9540a57eed1a41b6bff56e4d623ab7d79f799,896321,7942.0,864.0,0.108789,1,3,269
2025-05-11 22:58:45,51b3c8430f5bd2b6c5d503879553b0ca35770f1a98455a2164908301c2f8ec22,896321,7942.0,864.0,0.108789,1,3,269
2025-05-11 22:58:45,961cdd25465a2575aa0aa2ecf7942cf358f150cc54f65a601641c01d2ae2facb,896321,55388.0,436.0,0.007872,1,1,191
2025-05-11 22:58:45,1d3715366abbcc27153361c59932a772bf3c1258160591d4ed6a841166d3d2b0,896321,47279.0,706.0,0.014933,2,1,340
2025-05-11 22:58:45,f8b86d98978df8640cb8f250bee5b1b99e4d3654df20729d28d08d21d75414b1,896321,1106642.0,1099.0,0.000993,3,2,520
2025-05-11 22:58:45,79146fdfb5131dcf72fcf7d05dd6e2880d53ad090c26234ee85d0fbbf1f2570e,896321,1595741.0,576.0,0.000361,1,1,191
2025-05-11 22:58:45,4f7de3828b66de24b08d0fcc31c2e89275d43b3e379c64e7bc0c663fa6c57a39,896321,4011784731.0,1000.0,0.0,2,3,449
2025-05-11 22:58:45,183dbfeba074a9d48692324bd80bd0b9d77c1ae955ea4e8e32f865b807596200,896321,521169.0,842.0,0.001616,2,2,374
2025-05-11 22:58:45,f71efeecba54b2ebcb450b710bcf673b62810e9933ab2d8bd3fcd6409699b262,896321,3366859.0,564.0,0.000168,1,2,223
2025-05-11 22:58:45,32b4d42484321f3911f0d08a1715f62a8b2d510f204b62e322b5427f6a72b00b,896321,86478.0,564.0,0.006522,1,2,223
2025-05-11 22:58:45,4275a84500f078fe2d52f2bd4dbdcea185b49a72eebdbf60c358464a849c38a6,896321,47700.0,441.0,0.009245,1,1,193
2025-05-11 22:58:45,dcf4017eeaced17efe28a27c0b0dc45d22ccece50a68b2012d18df632827a2a5,896321,95362.0,561.0,0.005883,1,2,222
2025-05-11 22:58:45,e30ac3a7b9803ad03a2c5a22be5faf316cf47c788bb2a871a58c8989c730c39d,896321,181871.0,561.0,0.003085,1,2,223
2025-05-11 22:58:45,ade9c9c200dc36817496b098e69d56fb0f1222ee968c21dcba3ac89628c8321a,896321,1132242.0,561.0,0.000495,1,2,222
2025-05-11 22:58:45,5f208f53b19e5321652bf80ab012e3c9c87c9c50543a413004266e418f681282,896321,264716.0,573.0,0.002165,1,2,225
2025-05-11 22:58:45,3fb972c8623d2ed390648e003fb0b01c26ea5f1034ceaa59f21b59e1434a2dc3,896321,123188.0,653.0,0.005301,1,2,245
2025-05-11 22:58:45,ef56846ada8cab121367a4dfcac4cc8385cf20d96fedf682e9412181e6965703,896321,64812.0,653.0,0.010075,1,2,245
2025-05-11 22:58:45,cba9c389f4cd09d902f349fd59429913eac7c946471788d89df53b853cf785fb,896321,106575.0,1099.0,0.010312,3,2,519
2025-05-11 22:58:45,7bb1ef5c32ecb2b06f6d733d47f2b4fc96f1f05ba6b8b6b04501c0e687a6f0a0,896321,2049547.0,566.0,0.000276,1,2,223
2025-05-11 22:58:45,391f2c5d986fb5cae7732eb5c198858bd813721512708436c1289a92b091251c,896321,696252.0,802.0,0.001152,2,2,301
2025-05-11 22:58:45,dad4bc143fde8982e1d227aa247c365222c7f416d7432a04589d354e5afe0dff,896321,63023.0,440.0,0.006982,1,1,191
2025-05-11 22:58:45,fe9beed4f680dec53f1fae97288d5cc6bb7194edb227bb58846f2b01e8d19dfd,896321,4233.0,564.0,0.133239,1,2,223
2025-05-11 22:58:45,bc168fd3f6e424b67c5e75428d84d1c92788b5fea208866cb0d185b32d49bef4,896321,204019.0,564.0,0.002764,1,2,223
2025-05-11 22:58:45,29a27522f0e09c2abda2d011e6c0ab6a26237f5058db06db6c2d225aaca800ed,896321,144393.0,616.0,0.004266,1,2,236
2025-05-11 22:58:45,95da745f8339dafc74e44b4b356813f84c25fe3bdeca8dc9f2232db819b1ffec,896321,469372.0,688.0,0.001466,1,3,253
2025-05-11 22:58:45,33bc2902f44532b4261bc4119ff112a340925aecafe3bef84e1cd2cdb16312e5,896321,388566.0,888.0,0.002285,1,2,222
2025-05-11 22:58:45,de8f3a0280f43269597a4a0c91e02c1902aca30081c6fbdcbbee63d1c38379df,896321,485891.0,564.0,0.001161,1,2,223
2025-05-11 22:58:45,1b6cb5d30737e0359af61332d23e69ecf06787f0fc197a3d7529f0f19d5c95de,896321,272715.0,564.0,0.002068,1,2,223
2025-05-11 22:58:45,069fb17d2dee1b365edc8f90ca6c70d68c0134266bd711473e8ff52cf64999d6,896321,17013183.0,576.0,3.4e-05,1,2,225
2025-05-11 22:58:45,30fa8b37e86ac1fd8d79f9cf48ebf68351e80b299bc22945b98045db7af0b1d4,896321,66951.0,836.0,0.012487,2,2,372
2025-05-11 22:58:45,887e521353e2e24f6448d4132e8b2d08db465101827021c4b8d79f2829dc02d1,896321,85068217.0,1072.0,1.3e-05,1,6,349
2025-05-11 22:58:45,1037d10ed13e5ca1725fb48b35e3a59f641d0a0436e84544fa6621d385b60ccd,896321,7209890.0,564.0,7.8e-05,1,2,222
2025-05-11 22:58:45,87476ff587a37f3d32fcc4be231863a57d1602efacae56d089d06a65fd48f4c5,896321,96382.0,440.0,0.004565,1,1,192
2025-05-11 22:58:45,711821178c1c8b81d08b2eaab45fa1210985fb9541e7fddee2d7ec078f2911c2,896321,292109.0,440.0,0.001506,1,1,191
2025-05-11 22:58:45,963a0fb2b9939d5458e434aa349613fdb3bca5f5e8b53fa3503411e7055372c1,896321,22904.0,440.0,0.019211,1,1,191
2025-05-11 22:58:45,c9ae2ffb23558edae4557492c2b418ff0d8041fd7c6f95ec4b374745d17c2bc0,896321,4245.0,440.0,0.103651,1,1,192
2025-05-11 22:58:45,4b6cde1fe98f5e6f16793740a3e92a84669346f7efac41d78082a3e6496e13bb,896321,86800.0,564.0,0.006498,1,2,222
2025-05-11 22:58:45,c333c7bf21b92156fd7754e71b6727a4c5fa46542972bf28436844b45cc064b8,896321,338981.0,848.0,0.002502,2,2,374
2025-05-11 22:58:45,26d1b0439641fcd1f260a4492046b2fbd02adac2201f46295f1af1ea6a9ae9b4,896321,295101.0,564.0,0.001911,1,2,222
2025-05-11 22:58:45,1b09681c52fe8ddcec7880bf7abf4e8842efa0af42036659031939c2383236b1,896321,190954.0,564.0,0.002954,1,2,222
2025-05-11 22:58:45,7062c5923df7efef70ff0cf9a2255350b73b1f57f7f0f9df19574adf178312ac,896321,66419.0,564.0,0.008492,1,2,223
2025-05-11 22:58:45,2bccade17794bea5d7e6b1e353899adeda4e66282a17be6744957064b33c47a1,896321,58992250.0,564.0,1e-05,1,2,222
2025-05-11 22:58:45,128940c2d6dbd0e43fec75b53458312a2e0956d515c3a01d24c89bd5a1adb29d,896321,111156.0,564.0,0.005074,1,2,223
2025-05-11 22:58:45,09c137ffc9ffaffe2af9e9288fc789232f37ddbd93e4ac5882c3734435ecb189,896321,241304.0,904.0,0.003746,1,2,226
2025-05-11 22:58:45,9aef9511eed94206eb0526fd86198032de168f7493f23f7b9989351a428a2d86,896321,13898.0,844.0,0.060728,2,3,312
2025-05-11 22:58:45,dab6402ec7bb0febb981d725b57658ebeb707e2e4e911bd6419a9d30bcf13580,896321,39327.0,564.0,0.014341,1,2,222
2025-05-11 22:58:45,bfe507dafb2ae4ec144458e4c82d6aecf65b05bc016eb218cb476b779935057c,896321,86292.0,564.0,0.006536,1,2,222
2025-05-11 22:58:45,5ebb4135df18ae35bf80deeb0ef776945f888232a4549ad29bf537454a869c72,896321,4956180.0,836.0,0.000169,2,2,371
2025-05-11 22:58:45,0bc312585a28178cc62cc2baac23984067000a534408a78ba6e939c7a8d0ab6a,896321,144671.0,612.0,0.00423,1,2,234
2025-05-11 22:58:45,7bfb681a24d8160f9f2a40454806519a7ed79ab4af54975f49f714b52e95e861,896321,215637.0,564.0,0.002616,1,2,222
2025-05-11 22:58:45,acd27f16bef928a9c2888c22ae29fa3ae01fb409cbd5e09f7560b0bd807a3257,896321,171305.0,564.0,0.003292,1,2,223
2025-05-11 22:58:45,ca8c0b3e581467e3e2493b5654b0a4db2ef2887e6c996f1190f3cf7e1b65a755,896321,44962464.0,564.0,1.3e-05,1,2,223
2025-05-11 22:58:45,7275ee8d860a28e8c436fa3d3a8d499bb7de6529101385cc5e47817f37e1e552,896321,1019369.0,564.0,0.000553,1,2,223
2025-05-11 22:58:45,ce46cf039a89e5c3dae0af4bd092dda8ab65d3e731037de0921142232272bb52,896321,4059802.0,1060.0,0.000261,1,6,346
2025-05-11 22:58:45,5799f50e427edf884fff20da729c9b6175ecf5da487addf352093bdcfc903049,896321,651938.0,840.0,0.001288,2,2,373
2025-05-11 22:58:45,b1b4c7c00dd74e7150dc93f61aa296c553547b382fd28fca52e032e64b6a7f48,896321,77069.0,564.0,0.007318,1,2,222
2025-05-11 22:58:45,d50f5df76fa050c34f9bd338004d0141db3ae5d706f2249ec29534fb1e250a45,896321,61687311.0,564.0,9e-06,1,2,222
2025-05-11 22:58:45,ca84a2fc458f6cfaa2a969771e933cde966ae6f959c0fe5f0b5b9734f665a142,896321,86441.0,564.0,0.006525,1,2,223
2025-05-11 22:58:45,0e0ce2ece6216cb0ec09668356ecf4757772b86fdcc7ca60647d4ab9572d8641,896321,75224.0,568.0,0.007551,1,2,224
2025-05-11 22:58:45,fbe81f0197b47af2cc180212fb8ffb08f4c0c14f981402393861c604381b5441,896321,54496.0,2464.0,0.045214,8,2,1264
2025-05-11 22:58:45,b6bc4d2b7488c18b805328aa58c127fd03da6814d80bafc0b606fce5393e313e,896321,145427285.0,1064.0,7e-06,1,6,347
2025-05-11 22:58:45,e86fde33bc667ebf2cd13aebef756096de017439f911abb2417c93dcd998c738,896321,609872.0,564.0,0.000925,1,2,223
2025-05-11 22:58:45,fb42aec3897b486e79383aadc5401b0db3af971e0fb8ce08f7ca58545889a32f,896321,173551.0,564.0,0.00325,1,2,222
2025-05-11 22:58:45,3667872b720a3a68127a5da4ea1bc1937cddaa89f41dada94e6232f1e04c322e,896321,817938.0,568.0,0.000694,1,2,223
2025-05-11 22:58:45,a3564f98f19dd017ce66d05d5690927f7ac16c548adf352c2a579c91b0266220,896321,206448.0,576.0,0.00279,1,2,226
2025-05-11 22:58:45,712bb2a74f4667afe9ba4ffc788270828f10971eac5bc4b539fff757ddc9251d,896321,32733.0,564.0,0.01723,1,2,223
2025-05-11 22:58:45,f24495d366f5981fa09467309ba2f64d1be536f9c62b6164dff1965ee579a81c,896321,1362509.0,564.0,0.000414,1,2,222
2025-05-11 22:58:45,ae58771a8e7b5f7c69b9305d66f90505c4906ae55aea9ece9a70d25ea3ff3c1b,896321,950037.0,564.0,0.000594,1,2,223
2025-05-11 22:58:45,829c4dd04dd44062f46b2e9ffa0e1b569c8e1c8a86489570b680f88059002e1a,896321,17527.0,564.0,0.032179,1,2,222
2025-05-11 22:58:45,ad3e302d51013459793e216f220c85331895a4344a34a020e741551b6309de11,896321,66854447.0,728.0,1.1e-05,1,2,347
2025-05-11 22:58:45,578c30efcc63209dac859927eb8d189ba3ae0278762cce3977bc0b4ae62a7d0d,896321,349457.0,564.0,0.001614,1,2,223
2025-05-11 22:58:45,38a2d20cdfc366c5e8923d8cd7abfd97561fdcc367066bf091b57bb133ac6d0d,896321,63307.0,564.0,0.008909,1,2,222
2025-05-11 22:58:45,2d41fd6d841e7b76a1b87145bc9a912663649ea1f9360558dea9d08da47ae402,896321,66726.0,576.0,0.008632,1,2,225
2025-05-14 19:23:31,c9e1366d411de177705d1b7d0354e2c1e60f560547d290c81181d34dfe611972,896711,466485.0,564.0,0.001209,1,2,222
2025-05-14 19:23:31,b1c6fa15f265465f10071ccd1ec3341bec47f3f289718aca94f4b1893361cc70,896711,100424.0,576.0,0.005736,1,2,226
2025-05-14 19:23:31,5563d6d163d0a8d9d93160a9c13ad77e9ebd6efb0e2ecbfe87b0ba3d96ffc670,896711,8263.0,440.0,0.053249,1,1,191
2025-05-14 19:23:31,50e6c1d4ebd7192afd34ea4deeab8aad357bd7224b4011cdc77fc4d951221970,896711,31848.0,576.0,0.018086,1,2,226
2025-05-14 19:23:31,b155230ba40183501b7c5d586678b9d12ea4c629887a86f9d5aba7315a83206e,896711,1172385.0,564.0,0.000481,1,2,222
2025-05-14 19:23:31,efe844c54dfa60ffad1cbb5022a1ef0216272d31fff23f258c676351b5dabe6d,896711,213293.0,576.0,0.002701,1,2,226
2025-05-14 19:23:31,01f554bfa8749e58077ce539216d7c6422dc5ddac152581cf8f1fd2475f7186c,896711,206956.0,564.0,0.002725,1,2,222
2025-05-14 19:23:31,c368680139576e304f1e2d77c6859dfd9bf313ca37c68b06d5a95e32db68046c,896711,4778866.0,440.0,9.2e-05,1,1,192
2025-05-14 19:23:31,ea4f56934319eb3fc57f6d7f5c4214ce57e43bf87e30ea8253c7c202911e826b,896711,75529.0,564.0,0.007467,1,2,222
2025-05-14 19:23:31,7dbdb767bd53519fa7e33b9b95f8eff43c6a2a3415493d7b1ae95aab29de6b6b,896711,11176.0,440.0,0.03937,1,1,192
2025-05-14 19:23:31,3e08e48b20e34bea25e0c2dc060a22dc8bdb57ec5c0828d5d78646f318b6d66a,896711,47324.0,576.0,0.012171,1,2,226
2025-05-14 19:23:31,8675218fd1248564fd6d020bd0667cbea7ce002657f2a1712b69e823983cb16a,896711,458133.0,452.0,0.000987,1,1,194
2025-05-14 19:23:31,4d8dbf9682714f4c27e3654c3c7d76e800dfba48d82a469289329036346f8a6a,896711,2057316.0,452.0,0.00022,1,1,194
2025-05-14 19:23:31,70b726f3732d47f6687421d829546ab50aed97ecb133e34e5da3f1b39f576169,896711,880198.0,452.0,0.000514,1,1,195
2025-05-14 19:23:31,5f854aac4e5b9d779430487babed7cc9e959c836bb994526cea6c3ebf848da68,896711,565524.0,576.0,0.001019,1,2,225
2025-05-14 19:23:31,1a0a1f7e32e4c361eafdcf5b0bdb1cbc929619e2ef8dfed7b5903d4a0d55c968,896711,62184.0,1212.0,0.019491,2,4,435
2025-05-14 19:23:31,a24bccdeccf8c4474b355ad93ce527987dca0bcad8ea7f45d0c0dc1c2458c468,896711,1012263.0,836.0,0.000826,2,2,371
2025-05-14 19:23:31,c7f06c3c9b0ce68cc1d6561e56b2ab090189001a5680ea7ef97e3d4b1cb12e68,896711,40436.0,564.0,0.013948,1,2,223
2025-05-14 19:23:31,16a53399a0da740a01637a84bad14609cd07a8b335363c5e871d20aaf2832c68,896711,1997078.0,576.0,0.000288,1,2,226
2025-05-14 19:23:31,444c22cfc73f7de7a18adc7e70848660b24991205b435fb90366d40ed742f790,896711,1998619.0,848.0,0.000424,2,2,374
2025-05-14 19:23:31,487e47f0c80f317991331d523fb677edd931b7177364efbc9b6605198223bd67,896711,7264801993.0,1396.0,0.0,1,7,539
2025-05-14 19:23:31,7cd522ff6cb501f9584e107b6e907b6333f30e124a0520959d7d158dd1789767,896711,384038.0,688.0,0.001791,1,3,253
2025-05-14 19:23:31,a64e059926d749626d234cf0c001d45b1ffb56db797573a863e305f8be1e5b67,896711,30516.0,1484.0,0.04863,2,2,371
2025-05-14 19:23:31,c3d45d3adbaab43d1c0cb3548719befbe4881eab01b994a041e6fd1a6ded5d66,896711,123322.0,576.0,0.004671,1,2,225
2025-05-14 19:23:31,880fcafa2751dd49f490e07c3cfac4e9011ac5306b5f1db4ab88671291a43f66,896711,958512.0,568.0,0.000593,1,2,223
2025-05-14 19:23:31,b49d37efa9a37f593e96799842da5e8fbfaf619005e52784418749f9a39c3a66,896711,85891.0,576.0,0.006706,1,2,226
2025-05-14 19:23:31,da7e085a1e84b1d25220d4b6dabf23b8303ddd554da3abefa77be8249e022a66,896711,400356.0,564.0,0.001409,1,2,223
2025-05-14 19:23:31,7e5fa3d59af309684917e37b6ebcf01a19d34a668bc4a24d6bcc2d42b12bae65,896711,10339.0,2476.0,0.239482,2,12,719
2025-05-14 19:23:31,7cd09ce9113a305ae79a47e5068ab34c513a2c56a5e7f2f8f89c54fdb22ba265,896711,56757.0,564.0,0.009937,1,2,222
2025-05-14 19:23:31,f8e43f5bb7fa9264026fd6c1c9b6eb4958fd07ae4a97298de58b81650ad69865,896711,3080457.0,564.0,0.000183,1,2,222
2025-05-14 19:23:31,c7c4ffcb7cd8a891afe4244986a37f90a087700544ad849825140d84569ce164,896711,154788.0,452.0,0.00292,1,1,194
2025-05-14 19:23:31,d30724a31730388bd07ccfd5ec748c2521cc55070d183906157b98c909738e64,896711,515944.0,564.0,0.001093,1,2,222
2025-05-14 19:23:31,11e48da3cdcd85980cde45f22c038605734e9a0cd0b7e1e9056ac12f2a737f64,896711,135475.0,440.0,0.003248,1,1,191
2025-05-14 19:23:31,be8ab8058256016626800686c848efc4e1d50f8e8e3c818bf26dda74eef41c64,896711,18869.0,440.0,0.023319,1,1,192
2025-05-14 19:23:31,73468b9e377939ac722a634778e6274a302ff53e983a1f6bcde2627d23db0364,896711,43869.0,564.0,0.012856,1,2,222
2025-05-14 19:23:31,3a13d5b2c17dcdaed71525a59bf0b3505511e9940bd5be39ce3fb6834dba8c63,896711,20292054.0,564.0,2.8e-05,1,2,222
2025-05-14 19:23:31,3e85eaf6b6ce5321aa6f94efb073f098440cce68a9a24645796191d549d77d63,896711,1144112.0,564.0,0.000493,1,2,222
2025-05-14 19:23:31,db93209f64a4078af668efaff73bacd08963a9a4102270e3759f84b45baa4363,896711,142816.0,440.0,0.003081,1,1,192
2025-05-14 19:23:31,95272931a47ecffde10d178895f0c5421d16bf6ef848d743fd1604d65afa1263,896711,4145010.0,564.0,0.000136,1,2,222
2025-05-14 19:23:31,d83e70de5f24ffbc855bfff387fbdd4354d1ebaeb91ea40924f88f6138f4d162,896711,57489.0,444.0,0.007723,1,1,193
2025-05-14 19:23:31,dd65bad70fa59ff627c8d25ba2783b54286197df233229e52503d1d5e0009a62,896711,406774.0,836.0,0.002055,2,2,371
2025-05-14 19:23:31,7a4f86bd0bc9a989ca5be211c08f8e15c374346fb60e67a42c189e271afaef61,896711,198872.0,564.0,0.002836,1,2,222
2025-05-14 19:23:31,b5a6cf09b23b4a68ac782e7e14c0e82c107433c42eaa6c42b2942457debe2c61,896711,489260.0,452.0,0.000924,1,1,194
2025-05-14 19:23:31,d1716822187246d1a0dde28e2227ee7a2dabbd4c9647a20e4d15e33148992660,896711,113435.0,564.0,0.004972,1,2,222
2025-05-14 19:23:31,ba03da2085d83c6d2cf35d76436d854a51c7d9a09a63e043605d94e8b8cc0560,896711,483640.0,444.0,0.000918,1,1,193
2025-05-14 19:23:31,2518ade3ab75be59d09d280681b027aedc879cc283d092ad720ab1bba295fa5f,896711,10463.0,440.0,0.042053,1,1,191
2025-05-14 19:23:31,499038444f8f9f0a8d82675e40843111d4a89667b860f479469b28ddbce9f85f,896711,150398.0,564.0,0.00375,1,2,223
2025-05-14 19:23:31,ff9ea6cd9aa4ff12f03c7067b3cc2f48c7673a1eb91292ef5dc25dd1eeeded5f,896711,9269.0,440.0,0.04747,1,1,192
2025-05-14 19:23:31,1810b90ea5347585557e3d6d0b9f88bb3478be1a701bf3e7869195357817ea5f,896711,88555.0,612.0,0.006911,1,2,234
2025-05-14 19:23:31,35d642112e412d0e4ece293fc937db6401cae84eb152fcb7531864803b729d5f,896711,18130.0,440.0,0.024269,1,1,191
2025-05-14 19:23:31,7ebd4f98360fd207bc050b995d60e167629f2964a6bccf52c5e087c61195835f,896711,185364.0,440.0,0.002374,1,1,192
2025-05-14 19:23:31,1ec029cbbc7524730691472757930133caf2b05746904f8ec136ea3ea6ee325f,896711,1076439.0,568.0,0.000528,1,2,224
2025-05-14 19:23:31,a9170035f518cf109bfadd734e8800c44e00340d58a65fad9f63553ea66c255f,896711,11602902.0,576.0,5e-05,1,2,225
2025-05-14 19:23:31,91abdc8f0d1ec795297256b06019aa21fb6742a620772a008ddc7f1ad609a65e,896711,1252757.0,444.0,0.000354,1,1,192
2025-05-14 19:23:31,8ce332ba1723624af977acd162e243166a0ef993d6f7ca56070e2201238d5c5e,896711,22520383.0,444.0,2e-05,1,1,192
2025-05-14 19:23:31,2f010ae8a5d82f864addea1eb6732a53fd2445b0213cac05eee1e6827a11e55d,896711,279979.0,452.0,0.001614,1,1,195
2025-05-14 19:23:31,f17079f2a1f808c0ab793a4283afc25a556d6dcb0e36e4dfee40f258ce134d5d,896711,190695.0,564.0,0.002958,1,2,223
2025-05-14 19:23:31,7d44cb56ef8656c1d5ae2e1ec7713af6a5655448dbd62309becfbfc804020d5d,896711,460031.0,576.0,0.001252,1,2,226
2025-05-14 19:23:31,34599771493b2598571b52af2628d21729c126fb4e0843214b1690f090a9055c,896711,90475.0,440.0,0.004863,1,1,192
2025-05-14 19:23:31,2068dfedee20cea78ff2a2cfdc4bb2df22db83c35a651ffd5ab9eef65a9bff5a,896711,43098.0,576.0,0.013365,1,2,225
2025-05-14 19:23:31,921ac600baa9144fe1c0e75e4fd126749f1a6e91722a47afbc35246a1506895a,896711,42585.0,688.0,0.016156,1,3,253
2025-05-14 19:23:31,a0a93ea313fc4c87b8f6351b99f245b8927e39c19258f7fac7e66ba7c0607c5a,896711,119395.0,440.0,0.003685,1,1,192
2025-05-14 19:23:31,9e4dccb4a14b61e02b2842346e23c4cb422c0c051cef93938740d11ecc3f715a,896711,56666.0,564.0,0.009953,1,2,223
2025-05-14 19:23:31,610a15258a123b27c10cd8e759192094f40977559aaa6282d3f54403b33f3f5a,896711,88560.0,440.0,0.004968,1,1,191
2025-05-14 19:23:31,590e6b6fdc62834e4cffd3567a1188428ab285c52b86d6e6cf83f423a0863c59,896711,301707.0,564.0,0.001869,1,2,223
2025-05-14 19:23:31,d3f7e2e7daf0cf71c9c3188ec73696669224476bee910444486a23a10f4be158,896711,353370.0,440.0,0.001245,1,1,192
2025-05-14 19:23:31,d9b452eb305595d9c5c04228dd563b41fc89f087f8d2ed474f8ec63cf7986658,896711,37886.0,576.0,0.015204,1,2,225
2025-05-14 19:23:31,8e675868c31006e639979ef48740cf9181b86bda9c18fbd0792a2d41ddf55758,896711,463626.0,452.0,0.000975,1,1,195
2025-05-14 19:23:31,7e87c3ed626cecb42353c32a304facf318a44d3793529d3fb9b7eb50c8581258,896711,41280.0,568.0,0.01376,1,2,224
2025-05-14 19:23:31,68ca3c7964e160d977736dcba76ea864c84b3dc46ed601fea13a8311fb01b657,896711,287544.0,688.0,0.002393,1,3,253
2025-05-14 19:23:31,a6aa56ee7154930fdfc61293a3dd1b8c2d31ecbfbdb04d3e80bfd40f56494457,896711,739347.0,564.0,0.000763,1,2,223
2025-05-14 19:23:31,4b9a09346c5f76005bb873b09835903122462ddecd6f1c488e999504d2406d55,896711,251424.0,576.0,0.002291,1,2,226
2025-05-14 19:23:31,56bdf604c55c19cfd1bea4793640378b10455660c7a163de0d61fdae09fc6955,896711,1460079.0,564.0,0.000386,1,2,223
2025-05-14 19:23:31,6e4051351a24d8af87c26f9780a23b5b3483727db5cd1064afec1fa5909b3254,896711,404720.0,568.0,0.001403,1,2,224
2025-05-14 19:23:31,5ec6029fd05731c6a29c7c6a694f51cde06a3d07b5b989fbff10bd50812fc153,896711,313984.0,576.0,0.001834,1,2,225
2025-05-14 19:23:31,93022fde1254637a47a1543ae7bfc4f23b59316654805bd2e627204adacc7553,896711,96258.0,452.0,0.004696,1,1,194
2025-05-14 19:23:31,4f14b78f2ad87954970e38794ab69f25ca8f40c1daad97131ab45ac16ea76752,896711,3353380.0,440.0,0.000131,1,1,191
2025-05-14 19:23:31,96e03cbe091508f364a2401f6c6b29cff808a83dad3e118f90727c45f64d3452,896711,112303.0,712.0,0.00634,2,1,340
2025-05-14 19:23:31,918ac6c0b77a8147260c9455cd379c732331aa44c3ddf86fc08f35c2e8903352,896711,22717.0,444.0,0.019545,1,1,193
2025-05-14 19:23:31,ffe4c62d2eefbea3705d22a00117992af200327033035dcde7114b487c138651,896711,23424.0,576.0,0.02459,1,2,226
2025-05-14 19:23:31,afceeedc2fed5f6b92c169e65a59f5551b458a45d7e979a75cab235514fc4c50,896711,252485.0,452.0,0.00179,1,1,195
2025-05-14 19:23:31,f1b945d1fdf5d5aae56f08f719d0cc16822b11bc17b896e3fdee644f60d12f50,896711,5678307.0,564.0,9.9e-05,1,2,222
2025-05-14 19:23:31,c96823e6005acd883b474af26aa90d53b6241e6d4b9ed39166e26e5cf02f3e4f,896711,2050278.0,840.0,0.00041,2,2,372
2025-05-14 19:23:31,a15a5093c4c9503cda6393c7596c30e4682a5185f86345b114eb754f5671d54e,896711,299179.0,564.0,0.001885,1,2,222
2025-05-14 19:23:31,8057cb5f142e83c5c0bf1187a15d19bc2fee3f8c656d4dd0bb9773b968fdcd4e,896711,22199.0,444.0,0.020001,1,1,193
2025-05-14 19:23:31,98bfb4319d0d1f4d986f0dfd42fdd4eedc994260e0aea54db0ed2da918d7034e,896711,44502.0,452.0,0.010157,1,1,194
2025-05-14 19:23:31,d66021921a322a5b4f8fa691472186ab85651b11215f7a556e8cf2974038d84d,896711,57319.0,576.0,0.010049,1,2,225
2025-05-14 19:23:31,1f39f8390dd085ee4f9fc4421f9eb29242afad3d10e8dc63afccf28314d4bd4d,896711,890559.0,724.0,0.000813,2,1,343
2025-05-14 19:23:31,b6040d69436ab31c5d1d7ac046a9f90a84451e9bdda792758cd50a19254a414d,896711,357099.0,440.0,0.001232,1,1,192
2025-05-14 19:23:31,a3ed4e66504c9cea1fb8c8427d6c8e775c96f63bee19fef8d5a453fe366bf34c,896711,142395872.0,576.0,4e-06,1,2,225
2025-05-14 19:23:31,d24d9b957962df304013dca814030c3f4096fa78ca9b97a2f2d466cebb24c54c,896711,567917.0,452.0,0.000796,1,1,195
2025-05-14 19:23:31,1a9e49d7439d9d1c6795a5f7291de5d8223f4fb10d56ec82bafc6fc956bc844c,896711,41811.0,452.0,0.010811,1,1,195
2025-05-14 19:23:31,5c5d46f44f03565a616ec50fd3db4ffc8caaab5af1f699d37333bf6f74256c4c,896711,2468988.0,1108.0,0.000449,3,2,521
2025-05-14 19:23:31,ef667e85784affe16041d5c32ffe030a5f750226f513bf8b9031d1cf248d674c,896711,2351770.0,724.0,0.000308,2,1,343
2025-05-14 19:23:31,5f4ccd78b163ed2aba6b43950150a406323d6bcbcc6f0e4fa7727161e3451b4c,896711,15729.0,564.0,0.035857,1,2,223
2025-05-14 19:23:31,92505ee90ac5191f5e62f7c31d3c262ffd571011d5f8438a15a5a849f2a8314b,896711,3756909.0,892.0,0.000237,1,2,223
2025-05-14 19:23:31,6fdd6f73e85536a24f01eca752779d65cfc7fc58ff25aca5e19265265913f64a,896711,1933195.0,564.0,0.000292,1,2,222
2025-05-14 19:23:31,8f040ad6bb64e01bf054c41f5ca30a1dd0f61dfae2d03a3ab02a057198c7d34a,896711,4014218.0,568.0,0.000141,1,2,223
2025-05-14 19:23:31,4aa1da4f89f0ffc7ad9982f4435c157a2c0ba4bde6d675cd068809d80e88424a,896711,27433795.0,612.0,2.2e-05,1,2,234
2025-05-14 19:23:31,5c923aac7e82bd2930252cdd10d625227f8e170ba3a343d99e3fd7858775c749,896711,99053.0,564.0,0.005694,1,2,222
2025-05-17 09:37:04,17e38fdd00772d8fe2d65c27426333b2f715c8461528e458d0cab5a7ac9e8bfa,897084,9473.0,513.0,0.054154,1,1,191
2025-05-17 09:37:04,470fe7e6d31cc39d23f994b52231e8ba078d7a954daeffbdcf71d838d8dee1d4,897084,999487.0,513.0,0.000513,1,1,191
2025-05-17 09:37:04,5235756ca09736774bf4eb23051202badeb3d8f60494b9a4e6cf745b29c3ebc6,897084,246940.0,513.0,0.002077,1,1,192
2025-05-17 09:37:04,4b241f446050426a7aa0589c09af32ffea869c11659fad605445f0dcb322cab4,897084,41539.0,513.0,0.01235,1,1,192
2025-05-17 09:37:04,8ee9c57c55640f7bcfcac99c04cb13dbfeb0b3887ea38f1b8daf2bdfa2554bb3,897084,4345272.0,513.0,0.000118,1,1,192
2025-05-17 09:37:04,be21b7db3f6ec117461bd7295bda76f82b9ddbcb32eecf9eb590fd22f0a39a8d,897084,3348700.0,513.0,0.000153,1,1,192
2025-05-17 09:37:04,f87a135a1c1173a53af00d25b0f3e344fb21930700f00e89d9ff8a336ff55989,897084,412624.0,513.0,0.001243,1,1,191
2025-05-17 09:37:04,65ca5ccdbafe59bbb310f1e4a06804ff8ce295d5330b8e56f26057770de19c7a,897084,7465.0,513.0,0.068721,1,1,192
2025-05-17 09:37:04,2da92fd9fc0becf6a94614f995d7e3ec61408c9650a9ccd44f3a38ed7e4e7f5c,897084,627440.0,513.0,0.000818,1,1,192
2025-05-17 09:37:04,f140fffaa9533fd9a38df5f5f6aa9a3144cc72627670df94a43508251c353b45,897084,80579.0,513.0,0.006366,1,1,192
2025-05-17 09:37:04,2b974ffdf2958dbd200d536f4cb1894217a92bc48f882b93a3c6ad122b5a6b3e,897084,35157.0,513.0,0.014592,1,1,191
2025-05-17 09:37:04,6acccb8ac713d82ea730740d05dd3a2aa33d76571bb89e9e3dcf390eb8459923,897084,57032.0,513.0,0.008995,1,1,192
2025-05-17 09:37:04,8e455dd2e8343a7f4f8668513a22ee740c011acd0a78951030a8f22798786313,897084,615915.0,513.0,0.000833,1,1,192
2025-05-17 09:37:04,ef0f20b262f819cb8d44b7859fabc784f208441d25eef6cfc31a63cc300e9300,897084,165809.0,513.0,0.003094,1,1,192
2025-05-17 09:37:04,2004fbf95ade4560d05c50da4831eac6ad9a3ea9c8ea59c7e641da71d8fd9a7f,897084,1015311.0,933.0,0.000919,2,2,302
2025-05-17 09:37:04,788b18d35ea0b4da29c62e8a7b44e281ec83657d9a8eaad0d1e508d326be4e41,897084,230966.0,972.0,0.004208,2,2,370
2025-05-17 09:37:04,14819d5861bdf7de2befc9fed70de9cb58932e969b8396cb3e902968e924c841,897084,111847020.0,1057.0,9e-06,1,2,223
2025-05-17 09:37:04,c1d299e7bc47a15eea3de04013da1d97d1fc5da5461c0712669f7a0216e02293,897084,112121157.0,1071.0,1e-05,1,2,226
2025-05-17 09:37:04,b9bf1f6d821e890f57c905289a8b04bf685a1801fce1c27efb8fd4971dbe974b,897084,112150432.0,1033.0,9e-06,1,2,222
2025-05-17 09:37:04,15cf6862df2e21a7d21f538178feabc2e58a9cb38935499a4eaf552be5ad370e,897084,112207827.0,1033.0,9e-06,1,2,223
2025-05-17 09:37:04,5a5aad5a176d82b9515586cda0f24f6a58c356b28c40386b87829ac51bf64649,897084,112893430.0,1033.0,9e-06,1,2,222
2025-05-17 09:37:04,7690386f2a85b41856acaa1a9d21277fec4e851112011b610628ea31331b24ec,897084,760837.0,663.0,0.000871,1,2,222
2025-05-17 09:37:04,6c12600172c2985289b4d54416c7c8b7b02edaa5075b9a5fbf34d841c88932d0,897084,780000.0,3184.0,0.004082,11,1,1223
2025-05-17 09:37:04,a12d9a110f42af64eb20078193fd539a992c2fa6fdc0b0a77d1d13cf6c013e8c,897084,951980.0,969.0,0.001018,1,2,375
2025-05-17 09:37:04,1402c1a9738f60520d16030463cf90cc1baabdf5dec322899b92da6cb9fa9f41,897084,101231.0,769.0,0.007596,1,1,192
2025-05-17 09:37:04,f6adc860730e0a0d790170ade87d0522154fc3fceb791e5bfd3c14f22f39c8c6,897084,8077877.0,3127.0,0.000387,1,19,906
2025-05-17 09:37:04,c9c92d2c8c256cb771f2a4c33008b6a29c7a93100b3bc13e0cf8a0dd34657fe4,897084,569482.0,666.0,0.001169,1,2,223
2025-05-17 09:37:04,db75a622fb3d29ef5d7ea3726fb5a397f3925e78bbe6212f530275c49e4a1474,897084,314148.0,1353.0,0.004307,2,3,448
2025-05-17 09:37:04,c7744e16d1bfea0b3d72edcd7fa82a8b1046e33824663b9c74b16b6e7e439576,897084,312670.0,2763.0,0.008837,8,1,1228
2025-05-17 09:37:04,e1211e0177dc70994a4819a38b1c53c075cd3e9750c84ade17f0e39375f40d1d,897084,100300.0,976.0,0.009731,1,1,191
2025-05-17 09:37:04,960648cbf5bdd9c70bc7127a98f6cdbfc35bd07b3a1c9fb2ed83a96611f32eee,897084,246176.0,657.0,0.002669,1,2,246
2025-05-17 09:37:04,95d212710a156bb2cb1f09d69bca6556c7caafebe2697068be0623c073a27285,897084,2605980.0,573.0,0.00022,1,2,380
2025-05-17 09:37:04,c0b0cd1ce4a7a3ee632c9c3f8852a78292c82d7544755f6b94a458f5e1cd1c1e,897084,43182506.0,671.0,1.6e-05,1,2,222
2025-05-17 09:37:04,8ecc411269de7c00e7bb6b5d877e8faa28ebccfa7e8bce41382df07bde85d9cc,897084,5644.0,1583.0,0.280475,2,2,305
2025-05-17 09:37:04,d1a3dab8c43a33922afd48cd72f19703643e5bcbe6965ce2a098c2f618fae8d9,897084,5046.0,300.0,0.059453,1,1,405
2025-05-17 09:37:04,96481ac153bf36576a223e36e3359aa5f3bb444e0b232487a53474d5bad8d96c,897084,1850371.0,630.0,0.00034,1,2,234
2025-05-17 09:37:04,157dc6fe088a94d2dfc4525b87a3ddc7fae5815e24a3ffeeb3c0cd77b6ee227b,897084,102950.0,672.0,0.006527,1,2,223
2025-05-17 09:37:04,68c85031d3fc4ba4d9bce07a3cbbce2f93f0811af89ba0e1b400b49c85bf050d,897084,309834.0,672.0,0.002169,1,2,223
2025-05-17 09:37:04,c23a3ced860fd326e55bc4773e56a5612fe5a1aa7e6f30488ab297eaa1cb2c7a,897084,88656.0,911.0,0.010276,1,1,191
2025-05-17 09:37:04,dce2751a7d4cdc3f3f1579d52cfccae4bf1541d15aa74df1f65bd40db077a192,897084,83103.0,897.0,0.010794,1,1,188
2025-05-17 09:37:04,9f855f8545ebbc38c2b198393615e506d287b9c122119a52667f9ab4f29d296a,897084,1558738.0,2314.0,0.001485,5,3,888
2025-05-17 09:37:04,985134d2a008665969a3095482ef92b977bae522641d9eb59f3f93d8b514b959,897084,4273063.0,1000.0,0.000234,2,2,372
2025-05-17 09:37:04,eeee781b7dd79ebd9169cdf9205d3aa1deb3a1eb3bc629eacb4e8fc2414e1d36,897084,38024.0,676.0,0.017778,1,2,222
2025-05-17 09:37:04,1b4223c0fdf342214d9443a289482d8cdabc4fc6b522ea145df1081d1e1fe3ed,897084,193974.0,734.0,0.003784,1,2,234
2025-05-17 09:37:04,12f75c3f25bf01394175ef6fa1e69f4b7a366e7710b8f5298b1c9eabe9bc52a5,897084,1486389.0,734.0,0.000494,1,2,234
2025-05-17 09:37:04,04a8460eddfb367eb173c898b3a6d58e4a04e20b6c399fe0f147f9becd503ade,897084,1239260.0,691.0,0.000558,1,2,225
2025-05-17 09:37:04,7c51d38662259f245993a3ca0f0c367de3f6f61ab66012ab4c7069b42f8c0e4a,897084,108320132.0,691.0,6e-06,1,2,226
2025-05-17 09:37:04,04e0c73eebff371ee99468dc73c70e2f4dea8aed5118302a496b77766bf2ea40,897084,94153485.0,691.0,7e-06,1,2,226
2025-05-17 09:37:04,d41167811e66c788fea2c0d895993dd9ed37320059194206e73695a0b0ce8537,897084,1857303.0,691.0,0.000372,1,2,226
2025-05-17 09:37:04,813262c26adaec4543d92fb4f2d08efcc214a79fd4d42e53a65b5de5cef5b41b,897084,64093826.0,691.0,1.1e-05,1,2,225
2025-05-17 09:37:04,b6228ad78175c20896f6d297694b9200a79a64665a4c6796160bbd48fbd043ec,897084,120665.0,1003.0,0.008312,2,2,371
2025-05-17 09:37:04,73c88b6d15d939ec4589dd18a2df7ad78d2710ba03c94f6ad37d46d07f6d5d08,897084,798643.0,1003.0,0.001256,2,2,371
2025-05-17 09:37:04,5765a318f0d8ab9d2909c6d31cc73248fee356cbec38a597b42f13386d71dcd4,897084,4285299557.0,2227.0,1e-06,1,12,545
2025-05-17 09:37:04,e2e8b80ffec0ba72c4d2f2277dc8c863240018f6afb85131318532315959128d,897084,125445122.0,2851.0,2.3e-05,1,16,675
2025-05-17 09:37:04,34843e0ab3ec8ae36adda8a530762b081c0eaeeda7dd753ddbceabfa0e034df9,897084,372363.0,528.0,0.001418,1,1,191
2025-05-17 09:37:04,7721f0617619cc94d36328ed42d076a9e65da2dd994acd54503049ba9e578bf2,897084,183822.0,528.0,0.002872,1,1,191
2025-05-17 09:37:04,4cd518d49c6463e964058d903fec575e336b386e7d7530d82c2f960e3f8a0fed,897084,136947.0,528.0,0.003856,1,1,191
2025-05-17 09:37:04,510d61544266d29427fea29f66c0b330ea5465ce8232cdbb552f175b9c1fcbec,897084,43076.0,528.0,0.012257,1,1,192
2025-05-17 09:37:04,f4d1353c6665b8e373822f26059994590db5a1c96d8970648c754ab5204f76e3,897084,25472.0,528.0,0.020729,1,1,191
2025-05-17 09:37:04,839d7a7f9d5168b0a547660c507bfc9946aacf7d042055dacae56e78862b06e1,897084,25671.0,528.0,0.020568,1,1,192
2025-05-17 09:37:04,e47a92f49ffa4c8214290030ffd9de8230a761288509db293197e8537ba9fade,897084,57102.0,528.0,0.009247,1,1,192
2025-05-17 09:37:04,a9d170df3697e86be3f798b193407d2edfb88b5c743796136f7dd1c08750f9d9,897084,43143.0,528.0,0.012238,1,1,191
2025-05-17 09:37:04,deb4d94cfe85fcb26941f7df470e5816bfdbfbd3d301e9f6459d2ebafbe0e2cc,897084,21472.0,528.0,0.02459,1,1,192
2025-05-17 09:37:04,c1aa6f5bd1b54609345d20ed9b7be2209bb7ddf8267abeba7adfa112b3e134cb,897084,43722.0,528.0,0.012076,1,1,191
2025-05-17 09:37:04,71ffdb3bf28a948718a4e3a3cf10e7f9475155df43e497d4d4827b0ad1a14ec6,897084,14563.0,528.0,0.036256,1,1,191
2025-05-17 09:37:04,43f58f93446ef71b142ec0253c7eaf0304ea70129a2f6e6c47f63eead0db09c2,897084,52713.0,528.0,0.010017,1,1,191
2025-05-17 09:37:04,aa14d638036805bfc540354823599da18edbcc1a5b4706972d111b7adf092ab5,897084,37222156.0,840.0,2.3e-05,1,3,256
2025-05-17 09:37:04,b9af44fc2f52d2421de45e2d085d5d5d3a6c552f2e1f9647a1c3cde7468d0eaa,897084,26572200.0,528.0,2e-05,1,1,191
2025-05-17 09:37:04,03b49fe18c8f02e4aa75278c56b86ec326985586d37dfbb61310a82514c28997,897084,15472.0,528.0,0.034126,1,1,192
2025-05-17 09:37:04,853f409f1ff8275accc05f8b0b4434e55ceab73ae5ed322d7cc48d1b4e1f5883,897084,90023.0,528.0,0.005865,1,1,191
2025-05-17 09:37:04,8c96cb0a60fa60c9d74bae8ae18cc668b8bbaea9f09fbdb293655cdf7da1097d,897084,73565225.0,840.0,1.1e-05,1,3,256
2025-05-17 09:37:04,fc19e73675815dc4fef217d0c477d58bd9cb2a255dbef80eac6f762762757179,897084,231537.0,528.0,0.00228,1,1,192
2025-05-17 09:37:04,afe40651eb0822dfd499b4db7ac9bd5b824b0d8ea5de6f4bc3fb46ba6f9abe5f,897084,86875.0,528.0,0.006078,1,1,191
2025-05-17 09:37:04,ec71c67f757ad72f29a16da40439323819abf2cb348a7d14feae99bca974ac17,897084,89850.0,528.0,0.005876,1,1,192
2025-05-17 09:37:04,8697ddd5d606f1a3995a08951c51182767a04c27ba127bd36bc4ff70c23e6113,897084,85772.0,528.0,0.006156,1,1,191
2025-05-17 09:37:04,fb0d3d77fbc97d68839394a2f47f1549ad1c467b101b44f7c68a39adea429210,897084,20758.0,528.0,0.025436,1,1,192
2025-05-17 09:37:04,f2e8612476f06efe15d3deef23fa3390079128c23c98290ac5019a8edf7bec0a,897084,171272.0,528.0,0.003083,1,1,191
2025-05-17 09:37:04,6000d7273c437cc997dacb3c95d251f6594fba4407fbd40667d8854595211e07,897084,998872.0,528.0,0.000529,1,1,191
2025-05-17 09:37:04,edb37a82f8d6c4af9672d4f6e6e30c02238a297d44f6de79b0d127c381eab702,897084,52500.0,528.0,0.010057,1,1,192
2025-05-17 09:37:04,2cf4fa6a52ed230eb8ecf0533aa5be9de22053bd547da3897ca05af8ec067bbf,897084,19227819.0,1181.0,6.1e-05,1,5,328
2025-05-17 09:37:04,e4dde8c39ca56a189a730cc55208458d64bcfe4acf4d557e64a50224f83caef8,897084,26470477.0,677.0,2.6e-05,1,2,222
2025-05-17 09:37:04,213cc500e3c8044caf5f3298fa800aefb2d6855c17bed519810905a09ff61be0,897084,84678247.0,677.0,8e-06,1,2,222
2025-05-17 09:37:04,6c9e349e3ec5add4307240538b0ddd3f81449cd17f3c60a84dcb776eabbde8d9,897084,12843639911.0,677.0,0.0,1,2,223
2025-05-17 09:37:04,b1453d530f8f5064e61ab6916b262f036af6538ce88f27f92cfc244017aee8d9,897084,114304.0,677.0,0.005923,1,2,223
2025-05-17 09:37:04,10bc6f333cca4b5fac304c031cc531ea1d333f101475c64b79a2f82daf135ad5,897084,2770817.0,677.0,0.000244,1,2,222
2025-05-17 09:37:04,f009bfd4920bf278b910d0ef3e59bead1953feb51bd4611e55a1dc3c48384cce,897084,21088673.0,677.0,3.2e-05,1,2,223
2025-05-17 09:37:04,73653a35315f206b4778184322c6cc44bee5a9d36b10c07916ee99f7927ef0c7,897084,14770920.0,677.0,4.6e-05,1,2,222
2025-05-17 09:37:04,af57c011171304c07e23dc91235beb27daa59ddeef0c522bd77d6897526f5bb2,897084,20289800.0,677.0,3.3e-05,1,2,222
2025-05-17 09:37:04,39139650b9f32d4e0b6a99e21acbeb6d956a2ceed1a892e2bebf6f9b7310cf99,897084,72236.0,677.0,0.009372,1,2,222
2025-05-17 09:37:04,9c1f6d9457ed7ed5823b99690103944bab78f11d4f70cc80b052eafea900d78b,897084,144992754.0,677.0,5e-06,1,2,222
2025-05-17 09:37:04,715f31da7ecf50145ed87dca06cf949e5bd709adf77a78e967377b3615802279,897084,274384.0,677.0,0.002467,1,2,222
2025-05-17 09:37:04,175b2ff3bb3d2933f2db87bf7a37b521fb4da6b5e1bd4d2fd54b19607c01d16d,897084,33919961.0,677.0,2e-05,1,2,222
2025-05-17 09:37:04,48603f6dccce63fc8d9f91d4078468606e922cc0f59f5d8a60a45937d3ef5c3d,897084,789170.0,677.0,0.000858,1,2,222
2025-05-17 09:37:04,2d82dedd9419484f68db6e1843088df70e3c43002789670f7a3243385504ac3a,897084,1524807.0,677.0,0.000444,1,2,222
2025-05-17 09:37:04,f1c8acc018b6ef2937b631753f0044a48ae6288f403fd0b355a4b8e73fdc4d27,897084,8561914.0,677.0,7.9e-05,1,2,222
2025-05-17 09:37:04,74af18e6e5569e3815bb7d800658cda73ebaba8a07d4434e389eb8fd6a071225,897084,1107645315.0,677.0,1e-06,1,2,222
2025-05-17 09:37:04,9e9343e105467b89c34b4a47a9532fe5b812d0e2bfd1ae0a6cd7af587321511f,897084,9477001555.0,677.0,0.0,1,2,223
2025-05-17 09:37:04,645748751c858a1e7cf677edb731dbd9877cee6b2f896d5cedfc5e8eaf10e60b,897084,4293010.0,677.0,0.000158,1,2,223
2025-05-17 09:37:04,0a5384669ebf6a3b2671d09366e6d507e672995d296d6b3441b5623ac98a2601,897084,1853842.0,677.0,0.000365,1,2,222
2025-05-17 09:37:04,006e32bc19828d15140c3fcd090f0a388f225ed7507f8903e86680daac657ae0,897084,223895.0,826.0,0.003689,1,3,253
2025-05-11 22:30:28,fddcfc15406a6fc7f2cc790921ce4360f9480d6c0e0cdf56df78d59e20f0b270,896320,56372.0,217.0,0.003849,1,3,298
2025-05-11 22:30:28,bdb541bfa10f2edbd9e5731254b4d7d10c9ed5c7df210b64d06594b86def7a70,896320,546.0,140.0,0.25641,1,1,313
2025-05-11 22:30:28,c924be8254299395271ea320c1a0b01d4364319e983aaf89e111162f4501ffc4,896320,73487.0,153.0,0.002082,1,2,234
2025-05-11 22:30:28,fc8e620030fb8e8b32c7a4b21396109a1c6b128cb64a4f8785417423c2c22170,896320,17019.0,217.0,0.01275,1,3,298
2025-05-11 22:30:28,28f8694862589d863d42dfcf16ad43efe34f2309ee8fd302d2bc5362db9ee86f,896320,4676.0,141.0,0.030154,1,2,222
2025-05-11 22:30:28,3695c3757802a58a74928676713aa5e0b3378d79bf8315389c3ecc9072945b6f,896320,37172.0,217.0,0.005838,1,3,298
2025-05-11 22:30:28,b0636ef8e54d542d9baeee5b487ae9f5efa63f50cb7a1f357ee99f04dba6456f,896320,409646.0,154.0,0.000376,1,2,205
2025-05-11 22:30:28,1c127015db5a7e2c853b7d2ca4bc8d0d2cb26839c370b0d848c27257c474f46e,896320,31827.0,217.0,0.006818,1,3,298
2025-05-11 22:30:28,263779c13f6db725382f379ca76a64edfeaf1f44fbec404db661f72518ac8f6e,896320,18102.0,217.0,0.011988,1,3,298
2025-05-11 22:30:28,7dc772439566ae5f7b815f7da6ceb9c1dd68c0bb657d2bd33df8a79644eb886e,896320,4998986.0,110.0,2.2e-05,1,1,191
2025-05-11 22:30:28,afd3aeb0ed3b2ad9cd12230a402d080ea8b73ef1dc47cc6a094c6bb63e1a596e,896320,57136.0,217.0,0.003798,1,3,298
2025-05-11 22:30:28,8862530e08514110d04dcc77863a16527f04e99e4974565c4ce2516fbbe3226e,896320,665359.0,205.0,0.000308,1,3,286
2025-05-11 22:30:28,af15f2d87e0032562b2c4d955c64f0990858a4200d9f60af42c04db427edd56d,896320,62151.0,217.0,0.003491,1,3,298
2025-05-11 22:30:28,298bdd55273238c4132aa63f12e8b0132bec0c3d7a054609d3189c34facc296d,896320,31063.0,217.0,0.006986,1,3,298
2025-05-11 22:30:28,cdd10550262eb7949ddee1312aa13700b735293265bd61a153ad3bbca8d71c6d,896320,38445912.0,314.0,8e-06,2,5,476
2025-05-11 22:30:28,a56a6fbda974741dd392e5a24356ac34b87a55361f6d3a1c2e72a9561af41a6d,896320,236630.0,142.0,0.0006,1,2,193
2025-05-11 22:30:28,aae711264b4441069ba1ca7cfe7af344a158bae2e6b0f20223adadb8952f366b,896320,2649.0,217.0,0.081918,1,3,298
2025-05-11 22:30:28,e423c1c98b20005820b27d881d9a1790afd2950bbdb8f279cba274b74e44a06a,896320,27229.0,217.0,0.007969,1,3,298
2025-05-11 22:30:28,a73f0d3a9950ca8ab31c5608aa179fae762ac8a496505d7fa686c5bd552a1b69,896320,104465508.0,204.0,2e-06,1,4,285
2025-05-11 22:30:28,393f0a3a064c025428fbf0969edaa5b4a479f98bf9fbaaf09786e273351a6768,896320,34920.0,217.0,0.006214,1,3,298
2025-05-11 22:30:28,90c430c0276810ced1e1d100095ae356d7a2df0d727ba196cd7a774183a86268,896320,28135.0,217.0,0.007713,1,3,298
2025-05-11 22:30:28,8b6704346aca2ff72ff0a3ff03a4c0ecfa23026d7ac00a0a888c368989123d68,896320,33481.0,217.0,0.006481,1,3,298
2025-05-11 22:30:28,f919b77485e664909d70c73b262b1b897b168791bc9650b5cc33d3653dad2968,896320,3775.0,217.0,0.057483,1,3,298
2025-05-11 22:30:28,ea40eeff833418a6b035c89a64ba47af3cfabc28e5734acf692cb4be311ebc67,896320,28136.0,217.0,0.007713,1,3,298
2025-05-11 22:30:28,31ab4fa3d0ce283b14aa12c529bd0019373087e3c237a1539a11400d482c9c67,896320,89932.0,217.0,0.002413,1,3,298
2025-05-11 22:30:28,a4a23ea1f34fa4b50e5fc723392d870b5ab40e53c5bc860fb76182ae91a0c266,896320,38392.0,217.0,0.005652,1,3,298
2025-05-11 22:30:28,68864617204c8135a32593cb9b0330c4ef5a5ea890b1577fbe6fbb9067d68266,896320,89397.0,205.0,0.002293,1,3,286
2025-05-11 22:30:28,b68364a2450609883e3d58bcb41b505e15bfd598e246f43dce4bf48fd5613566,896320,258414.0,141.0,0.000546,1,2,223
2025-05-11 22:30:28,2291ac29d1f1d96b27709891ecc69a08696241d98446bd3b0c22531413b63d65,896320,546.0,152.0,0.278388,1,1,323
2025-05-11 22:30:28,3fd86d23ca94e5167755e93c3b4329000c40edd187458ab862b2b8e995d83db8,896320,240324.0,154.0,0.000641,1,2,205
2025-05-11 22:30:28,f681f08fef7adde934542365e54037b004d6743f6c2f9c5f4bce7a1e791bb564,896320,28131.0,217.0,0.007714,1,3,298
2025-05-11 22:30:28,c06b655d533f53217056faca384699772595899cebe6a784486c1be4998f9064,896320,3378.0,217.0,0.064239,1,3,298
2025-05-11 22:30:28,b7528ab0697a2234a8fc748697c78af2b8aaa851a3f1a71fc863a565a15c7964,896320,10268796.0,142.0,1.4e-05,1,2,223
2025-05-11 22:30:28,3f04f8501c91b1da00a769fa15c008ff2006e16313b2b2bf428cae1d52993d64,896320,39715.0,205.0,0.005162,1,3,286
2025-05-11 22:30:28,3e76b1966223ada7d8ff00d21e1272ed46eb639c0291eb296e00ce7eda743964,896320,5224.0,217.0,0.041539,1,3,298
2025-05-11 22:30:28,899ebdf7ca6d75b5106ffbba3470f813cea8af764d8cbd40439460a7d1f11964,896320,28082.0,217.0,0.007727,1,3,298
2025-05-11 22:30:28,7b80ca1b9c3e55bc159efb7d461d811570b5182b8ce6278a878b95b81045fe62,896320,7370.0,217.0,0.029444,1,3,298
2025-05-11 22:30:28,5fb91fb24cf3a578bb52c82880145983f423bd5da053fbc426b8febf8d033162,896320,10448.0,222.0,0.021248,1,2,222
2025-05-11 22:30:28,baa418d49f211bf3b8291eb40ac0ba9b0bf43cdee8fc6da9e3f2a26ea7bc1262,896320,122652.0,111.0,0.000905,1,1,193
2025-05-11 22:30:28,ce6820a34144c6462403ce0b25cdebcf273d055b26a23ae2adf62ba20093da61,896320,37310.0,217.0,0.005816,1,3,298
2025-05-11 22:30:28,71ceca1a3b44f2228d9b470b3a3f2304004bd605a032676acab11223c86dbf61,896320,5056111.0,344.0,6.8e-05,4,2,666
2025-05-11 22:30:28,691744d6e775aaf40b98d49af6518eb1d406423ed264d632173ed12f77822861,896320,33481.0,217.0,0.006481,1,3,298
2025-05-11 22:30:28,7a1487c7922062e991210dc5981ab590c767935ea49147a572a75b275888885e,896320,39703.0,217.0,0.005466,1,3,298
2025-05-11 22:30:28,9265c9ac19ab831fc5a455bfa36d759bbf1fb66f634f9adcf48e4f127420425e,896320,63792.0,205.0,0.003214,1,3,286
2025-05-11 22:30:28,68319fc78828ea5a25e2f51e7b8fd59fb1bfd45b5185a1fa4917c182b657295d,896320,15559.0,217.0,0.013947,1,3,298
2025-05-11 22:30:28,f24e7dc37d1a5eac9633fef2a5bd38c3620a7c1cd647c19248e546aa36395c5c,896320,37711.0,99.0,0.002625,1,1,150
2025-05-11 22:30:28,d980f5e1497f0aee876c8a81850e600d06b2e42ad050eae25e2d6879ee781e5c,896320,81748.0,205.0,0.002508,1,3,286
2025-05-11 22:30:28,13c6415d287f50bd3b636ad146f7defdafd657fdd9bb43face174e253fa64c5a,896320,117998.0,217.0,0.001839,1,3,298
2025-05-11 22:30:28,9c01071e5a52db9ee915400832f4f4c6306f7fd697eaad574471c882efb36259,896320,1543741.0,141.0,9.1e-05,1,2,222
2025-05-11 22:30:28,82d6f048d5630883f3bd6c409996e9e9f05f44c26e7730df0be7d6c594e6cf58,896320,19743.0,217.0,0.010991,1,3,298
2025-05-11 22:30:28,b997e1d69a51b2f557e745cbc2518d8f219adfcc69bb1f4431d98aa68fd98a58,896320,51344.0,217.0,0.004226,1,3,298
2025-05-11 22:30:28,155b74277c8cb56df759f1acf489e2b2e9ecb33dc7378dd9f4374446ce467357,896320,20098.0,217.0,0.010797,1,3,298
2025-05-11 22:30:28,890ad7c10ec7b0b93e99fdef0f5db45389fc6ba0d13cd2dfabe0d2e0eb435e57,896320,1669869.0,165.0,9.9e-05,1,2,246
2025-05-11 22:30:28,fa6b5bc79486cee2e0df48f37fba6670c8b1e961df5b5282fbcbc804582ede56,896320,58881.0,217.0,0.003685,1,3,298
2025-05-11 22:30:28,846bf4ac27224d63b4084f9d9fb80a430d7084350a0b9ae0d388408995eeec55,896320,22180.0,217.0,0.009784,1,3,298
2025-05-11 22:30:28,f4e5b8b352fc81e7c11822d05a5def241ab847b73a8c1c837265d83bd1d77755,896320,28462.0,217.0,0.007624,1,3,298
2025-05-11 22:30:28,2c6370edd08cfe04d5586374685ff5d42cdcf68a4955d918ee41ef0df8eca153,896320,3063363.0,142.0,4.6e-05,1,2,224
2025-05-11 22:30:28,2e96bc012c4f82d9674915d52fa4d4343e3f786a1987883d99a07b618fb18453,896320,39703.0,217.0,0.005466,1,3,298
2025-05-11 22:30:28,31c1aef4efabaa8016905416a4199b503bd3a0c80c5b6cdd8575634b26237e53,896320,31827.0,217.0,0.006818,1,3,298
2025-05-11 22:30:28,f538e310f1d3a5a674e6200d0f9d277c50fde6b8a7117bc5b423d099f4d85353,896320,27902.0,217.0,0.007777,1,3,298
2025-05-11 22:30:28,ae26edd8704d0aa972916eb1ee5796fb18f0c17c07a4f3e7a39bc3f29eed3b52,896320,34920.0,217.0,0.006214,1,3,298
2025-05-11 22:30:28,52168f2801e5651f163bee8cff1dc8811f3a65e2f61bc6f0239de23c3ce7e151,896320,34590.0,217.0,0.006273,1,3,298
2025-05-11 22:30:28,1743446f3126f251f5b8667b3aef8c01135cb5fb17eb06e4952d6dd9ed17b451,896320,49743.0,132.0,0.002654,1,2,213
2025-05-11 22:30:28,aa62535d599c08700be060a7a49ace15ce92b7a0e150aea8d89c8327b8ef5651,896320,35149.0,217.0,0.006174,1,3,298
2025-05-11 22:30:28,0dd0a89bc5301033c2823eb72f91baaf9201aff44b7087c48c7265620171ed50,896320,38621.0,205.0,0.005308,1,3,286
2025-05-11 22:30:28,456d50fb4928f2d661505269d820345fd9ff912ca1964476f6aefb2caddbb04f,896320,8132.0,217.0,0.026685,1,3,298
2025-05-11 22:30:28,3bff869a776c7c286737ba247048007fc93e650981aec58121f27f298344104f,896320,18649.0,217.0,0.011636,1,3,298
2025-05-11 22:30:28,6806e99cad5110acefeda6afadc117b7ca68026ea2dcf0cccc828d30b29aeb4d,896320,39715.0,205.0,0.005162,1,3,286
2025-05-11 22:30:28,dcc7a15ecf9e18bb641b315b064579163a50a09e4be52a954e963c05e0038f4d,896320,36445.0,217.0,0.005954,1,3,298
2025-05-11 22:30:28,807281f715a3e6516e70bf6c9a6fe3b7a2c6590c6a7b29fc3605b86f39706d4d,896320,546.0,154.0,0.282051,1,1,331
2025-05-11 22:30:28,b7c314c6d54b2caf80a2870d1640b3e4c2ae489145f9828a553affa58707c4bb,896320,40595.0,154.0,0.003794,1,2,205
2025-05-11 22:30:28,e55b93e9901b3100446bafd52e38cc3c732d5236abc1e755041b36bfad36374d,896320,28133.0,217.0,0.007713,1,3,298
2025-05-11 22:30:28,e7eac0452834fabea8715a37260a5711f6260bc3dec64b5a8b3f709f304c894c,896320,30846.0,217.0,0.007035,1,3,298
2025-05-11 22:30:28,43647fc998698fb0402d9dd87bd59e55d326aab83442a4dc6ecb736a02e4a54b,896320,38077.0,217.0,0.005699,1,3,298
2025-05-11 22:30:28,3edbce68f37f28e2639917515754e7812b54c2e78b71552f872f6f5f6fcbe04a,896320,12244.0,217.0,0.017723,1,3,298
2025-05-11 22:30:28,fddaa47f0b040583b60844160b9ee1eefb1a03ddbd1ffac5b924dbe623db4b4a,896320,32591.0,217.0,0.006658,1,3,298
2025-05-11 22:30:28,29ca39b9bcef427acc2cf8ad845f68f235cac013f483c7e3ce5f59106e9dd748,896320,957859.0,141.0,0.000147,1,2,222
2025-05-11 22:30:28,5938ceef28e9cf373a11461e3a17d28461c2dc6e965f9d847071df468f65c447,896320,12971.0,217.0,0.01673,1,3,298
2025-05-11 22:30:28,f5f55bea4ff0a6141186aa196e1cadfd3034d93d223be889714885f76ee3e546,896320,546.0,154.0,0.282051,1,1,334
2025-05-11 22:30:28,561adae4378a79fa669cc390906f35f72b9541f183fcfd98e9552c8f74f97acf,896320,1646.0,154.0,0.09356,1,2,205
2025-05-11 22:30:28,d5bcbee6731fab5677cf30a7288bbec1110c3ee83d1c16dc17c65fbb2f81d746,896320,1858248.0,113.0,6.1e-05,1,1,195
2025-05-11 22:30:28,3cc4c21675b94e0fee282ba9a4804212d3c557d1b63fa7a6093fc5c3162ebe46,896320,96383.0,217.0,0.002251,1,3,298
2025-05-11 22:30:28,c6f626e2b8d2f914c5fba61495a5505d0406f3617efc2ec5d2def4870c961d46,896320,46515.0,217.0,0.004665,1,3,298
2025-05-11 22:30:28,157923fcdd7cdbb44886322f1a1f4aa42a6c6a660f516b833d6fa2050da38c44,896320,32934.0,217.0,0.006589,1,3,298
2025-05-11 22:30:28,9464e0a707aa2337be14ef7bda68feeddca0364483478be398d79e6093cd4444,896320,54282.0,102.0,0.001879,1,1,153
2025-05-11 22:30:28,3293819e09a0c09fc5c2bd378109defb08cf1281f1e5802520aaf26d93934044,896320,37310.0,217.0,0.005816,1,3,298
2025-05-11 22:30:28,29c9d720ad6997c36f9eadc6a5dfe8740bd17286e855c998a3c65b3ae7573844,896320,38077.0,217.0,0.005699,1,3,298
2025-05-11 22:30:28,19cf6b1ee2226cd06f88edd39f7b9d691b45aba59277e2f1c188b62d05605c42,896320,82653.0,141.0,0.001706,1,2,222
2025-05-11 22:30:28,a0f1566b338ec5b0fb506ba42940782e8b9387eb5ada8feb6dc5aac302e70d42,896320,34920.0,217.0,0.006214,1,3,298
2025-05-11 22:30:28,8f240cfe78bf4a09dd9aa8e04bced75d2d7f8bda8402041e9e337e7a33110942,896320,88416.0,205.0,0.002319,1,3,286
2025-05-11 22:30:28,f40e5acbbbf1eb452b3800c75feb64af88050e5b765f8ea120b25789e73b0542,896320,39168.0,205.0,0.005234,1,3,286
2025-05-11 22:30:28,677845b085e48caa19a7e8e027854abb55d919c4fda79041ef02f3e35d1abe41,896320,32044.0,217.0,0.006772,1,3,298
2025-05-11 22:30:28,a3b272b40251ad5240feb7ee88d856d32593889444de4ddf987718d160503b41,896320,17019.0,217.0,0.01275,1,3,298
2025-05-11 22:30:28,d4f4ade42c57279c75d7fd1dc5450fc9fd3f6c0badf5c259de1ee76b329ed63f,896320,32039.0,217.0,0.006773,1,3,298
2025-05-11 22:30:28,8c73d903d7ce7539fae286dd45434be94f57121fdc333616d5e916bf918acb3f,896320,59479519.0,142.0,2e-06,1,2,223
2025-05-11 22:30:28,45d4b12ff8dec43751f9a246b5f691b78302ade89958f22edd4138b62e69d93e,896320,38392.0,217.0,0.005652,1,3,298
2025-05-11 22:30:28,d6e608fa4b4b13d48fd07dde729cc64acbea5a6ddd94ba4fd229b1339f38c33e,896320,546.0,152.0,0.278388,1,1,323
2025-05-11 22:30:28,3840bbf6ccc42597e1b5e60b72239f16212c141c9bc6f9e21c8d04c38471db67,896320,35214.0,154.0,0.004373,1,2,205
2025-05-11 22:30:28,cb8f233a5d964cd0fe18be17f06ee74f86689142200b51f3e67fca92c760d53d,896320,28132.0,217.0,0.007714,1,3,298
2025-05-11 22:30:28,3b202a51e2a62813aa4e38ce780c4cc090a0e18d847355a6ca69e017c3927b3d,896320,35125.0,217.0,0.006178,1,3,298
2025-05-11 22:30:28,5bffb271a118e656cd94b536b84f7ba207418270a65ac1a8aaa18f3f87838c3b,896320,388423.0,181.0,0.000466,2,1,343
2025-05-11 22:30:28,f5b7c1a359bfa5e3ff1d03cc6cd8786adb7a2713ad238616feb2e9329f047738,896320,9763.0,217.0,0.022227,1,3,298
2025-05-11 22:30:28,a473b7a28e530b649fcde23aabe8deabea66593919215cf23e34202b459c8837,896320,39703.0,217.0,0.005466,1,3,298
2025-05-11 22:30:28,2a294696e844c3413d922971e88efe02d513ef1949401dc3df62e98399a54237,896320,163691.0,202.0,0.001234,1,3,283
2025-05-11 22:30:28,ca1145991ed2e0a9d2c0baa2467999182c41d1efd68cc2eb953801c8bdd43d37,896320,546.0,152.0,0.278388,1,1,324
2025-05-11 22:30:28,d0f038b6b0822eaff49c486654be4f91376ffaae5c7bc6050201c0f0cce81937,896320,546.0,151.0,0.276557,1,1,322
2025-05-11 22:30:28,38812666d41f0c40cac22ea92ed72e3772b5a9e37e6dab2926db008c41285754,896320,84677.0,154.0,0.001819,1,2,205
2025-05-11 22:30:28,ddcf8c00a444e88418b020e5380d71923d883a73b31374fb130e5165d0fc6835,896320,234538.0,205.0,0.000874,1,3,286
2025-05-11 22:30:28,050831c8c201cb67b178a331c16c7187d92ecd7a5126a7119e86a06477ba4c34,896320,14282.0,217.0,0.015194,1,3,298
2025-05-11 22:30:28,5f073e8d96e6ee0b7befaff9fb3ad7ded46e7be087e0ec695ce89be10d37d233,896320,1716171.0,144.0,8.4e-05,1,2,226
2025-05-11 22:30:28,8bcb358b8480eea2ccdeaeb8919970bd250794a88c96d746d4a2bb54f2429533,896320,22011133.0,164.0,7e-06,1,2,245
2025-05-11 22:30:28,9df5105622fdb19f0f8f96aa266503477cfe559a9232b10befa2cd8aca8d5833,896320,39703.0,217.0,0.005466,1,3,298
2025-05-11 22:30:28,78c4a1025fc9903eb693b4628dabda031da2d52b74035f24aa0164d00369f432,896320,3218239.0,142.0,4.4e-05,1,2,193
2025-05-11 22:30:28,4db9f705886056702202e5a6dfe365e52d28a69f035f809eb077454a852b7432,896320,38636.0,205.0,0.005306,1,3,286
2025-05-11 22:30:28,4f62be1154c07288b3715205d556b8be04fc3dd142377bb093f6e32143bca231,896320,396284.0,205.0,0.000517,1,3,286
2025-05-11 22:30:28,e225473efc6eb11b71effcf4c1bfaeccd8ca82d82584dc0eee8c3d1033469131,896320,1616500.0,347.0,0.000215,3,2,590
2025-05-11 22:30:28,d012e28c8d1a54bb3415022e3099a1781b775cf315bf3e1614b120656b2f8131,896320,546.0,152.0,0.278388,1,1,324
2025-05-11 22:30:28,f44752420d4c03c36a1805fc73a310fff629bd44e86ea4206813421f6fc1d342,896320,3072.0,154.0,0.05013,1,2,205
2025-05-11 22:30:28,6e286fa945dff08139737eb545fd42f9a0618190bd68965f5d5fb6adbac66c31,896320,38636.0,205.0,0.005306,1,3,286
2025-05-11 22:30:28,7e2c51ab5a5219716b539e2fe14c2ce4f45c9e6b4d70bb8e3f2f9d59bc221131,896320,30846.0,217.0,0.007035,1,3,298
2025-05-11 22:30:28,eabd6ef875b13f9dc56ee1f5bf98d60f810787d97ada305d4ac16d1be3eb5630,896320,230690.0,113.0,0.00049,1,1,195
2025-05-11 22:30:28,c78530b2dd5929d43713b609425a4d18ff8f4dd166e728c6b0228070484ef32f,896320,64009.0,205.0,0.003203,1,3,286
2025-05-11 22:30:28,3299254e772a42b5ad8f9c14c29d97714583eafcb7cd33822970247b5ab66a2e,896320,35684.0,217.0,0.006081,1,3,298
2025-05-11 22:30:28,0ffc92cea20e72a2c2b99e6585a1d6192654e44db72d7fc7b0de967540192a2e,896320,63679.0,205.0,0.003219,1,3,286
2025-05-11 22:30:28,b9cbe584dec13a707f5d40ce236ae2fac385d546e6a1381a8593aa6948d7e02d,896320,546.0,154.0,0.282051,1,1,331
2025-05-11 22:30:28,dd10442ec1d3fca6fb70cf841c30dcd016e0cffc38a83748df057a29f7acb7e7,896320,3098924.0,154.0,5e-05,1,2,205
2025-05-11 22:30:28,0616aa206f5f7d52525e49b0ea860bb1dad1bdad5d4ef73d0fab3b818355582d,896320,31827.0,217.0,0.006818,1,3,298
2025-05-11 22:30:28,2e0d9cc26e2291d4f0ba4cf1b13300c36fa26027169c057425f598c6cf87292d,896320,6780.0,154.0,0.022714,1,2,205
2025-05-11 22:30:28,cbf604cf99876eec1cdbf29073a32aa9161e3ebb7ff7ccf5a754b91a98ef0f2d,896320,28763.0,217.0,0.007544,1,3,298
2025-05-11 22:30:28,f39d7d2ae0c0b51f9fa211f8d7295711521cd73aa75d495604e19bf5947ec62c,896320,35125.0,217.0,0.006178,1,3,298
2025-05-11 22:30:28,7455e5a6cc42226cf64cd7edec060319e62917603686425b035819c312ce5b2c,896320,18370.0,217.0,0.011813,1,3,298
2025-05-11 22:30:28,bb55118e0bcf6ff74df420fbce571009ce14a9944b3f990488b0386ce51cda2b,896320,60285.0,217.0,0.0036,1,3,298
2025-05-11 22:30:28,48c0a5179685b70e25f4622fdeb40fab4a340bcc5eb3f25349e172047bda5a29,896320,37298.0,217.0,0.005818,1,3,298
2025-05-11 22:30:28,71d65edb579472877edeffb89b35fafc107039f5ad5f23721f56015a064ba528,896320,37310.0,217.0,0.005816,1,3,298
2025-05-11 22:30:28,09fc67ba6c3b53912e35ec2ffd19025366a7168276752e922ea62d491fdb5428,896320,2712.0,217.0,0.080015,1,3,298
2025-05-11 22:30:28,575df01b98bf94c62836a39d82031a0de1221ca495916768fc2fb872f3bcaf27,896320,36763.0,217.0,0.005903,1,3,298
2025-05-11 22:30:28,a76cc301d213d931cd8356aa35e2a200be608b548cc05c1d0090017f4c9f9527,896320,32925.0,217.0,0.006591,1,3,298
2025-05-11 22:30:28,035686ce2cf93605ceb2a75d2241f62989c6d053137b5dac045b10ccf8885f27,896320,63120.0,217.0,0.003438,1,3,298
2025-05-11 22:30:28,43ccfa241257791a45cee0b7f85f08b4e347d7cb947f39959f15db8b1d1a4d27,896320,30846.0,217.0,0.007035,1,3,298
2025-05-11 22:30:28,17833600a226fa4a0f4b17db2ccede339dd6506a16d7add826272fd7063f2727,896320,145507743.0,173.0,1e-06,1,3,254
2025-05-11 22:30:28,2a4576dd43615585352712e0ac37affc50a6c0a4b7637ce8746bbfc803d4fc26,896320,38077.0,217.0,0.005699,1,3,298
2025-05-11 22:30:28,91bd7cdef92ae345c95ff4ecba13ff325ec04207757b71edfc0801067a7df726,896320,38077.0,217.0,0.005699,1,3,298
2025-05-11 22:30:28,8a452622c0e4ac97a5b231244b1375e602d4ae30720e0f70a22f1555f627ed26,896320,43734.0,154.0,0.003521,1,2,205
2025-05-11 22:30:28,af0fb6e6019acb8bd1042775f7835c0244e6e08b263121278831c63e2556ef25,896320,27359.0,217.0,0.007932,1,3,298
2025-05-11 22:30:28,06466057be860f319c26aa7ae79799708198a0ab604c2974a98c787fe9404225,896320,34590.0,217.0,0.006273,1,3,298
2025-05-11 22:30:28,a12b5d8500b6fdcaa7e63a228ca1a22640dad90146610d697aead5697d49fa23,896320,39168.0,205.0,0.005234,1,3,286
2025-05-11 22:30:28,a1b3e93ca6217fb7904f63d52878015ba4cbde851543109a6d2043437acceb23,896320,172835.0,142.0,0.000822,1,2,193
2025-05-11 22:30:28,b318fa6ab4ad5da062fdf07489dc408c5768b3c224518c024a4c676ad122b723,896320,37310.0,217.0,0.005816,1,3,298
2025-05-11 22:30:28,ccde9f40d1f9eb90ae2fb8a827df948d4c99be85075480f8d6fc2f9cf4988c23,896320,1654642064.0,206.0,0.0,1,4,288
2025-05-11 22:30:28,ed0f3eb7040187de549f1a66e71c1c914b2e9c99b16cf54241a0382795314523,896320,37310.0,217.0,0.005816,1,3,298
2025-05-11 22:30:28,956ae7a537c6f56b9584f292ada3ff403311629a3c058092e113289976d2b622,896320,38609.0,217.0,0.00562,1,3,298
2025-05-11 22:30:28,93e3056622df82f369d05bf7992081fa9bc7013ac3b829f6e6d0b3c4a94b4a22,896320,28370.0,217.0,0.007649,1,3,298
2025-05-11 22:30:28,6c447316592973ddb0fa69be8f854eda22c7a7c7afbe98600bade64ffb2b9d21,896320,19743.0,217.0,0.010991,1,3,298
2025-05-11 22:30:28,1b2bb4356f21f99a1b23782e585c43354c6a035773b1b11c7fb1439919d85821,896320,7422.0,217.0,0.029237,1,3,298
2025-05-11 22:30:28,e8c76689ac89dcf787d3b9ef8513fbf6b2daf79da7b99739a397d97408491b21,896320,606206.0,176.0,0.00029,1,3,258
2025-05-11 22:30:28,0777ac0b3b9fe34753ba1ee84a033559a6e0d34d3b9572bcaa8ea7419e7cb620,896320,46715.0,217.0,0.004645,1,3,298
2025-05-11 22:30:28,d270e3f3baac873db195b7a1a78357f5e9bac27fd6bc5a25f03c8cc78bb48e20,896320,5771.0,217.0,0.037602,1,3,298
2025-05-11 22:30:28,a6a9546366ceb2dccb94b607a8347c09d34649e65f7ee89396f4d3eaed4c2920,896320,16977582.0,143.0,8e-06,1,2,224
2025-05-11 22:30:28,b91f711afb18cb8645936fa2e45d142151eadae12e19228a3310f9c8a1aa0420,896320,153418.0,142.0,0.000926,1,2,193
2025-05-11 22:30:28,ac73d758cbc3bd802a07be711e8ccb766dc29a7c036624d1f2967028b56bef1e,896320,3153796.0,142.0,4.5e-05,1,2,193
2025-05-11 22:30:28,d3decde96d7076bd031d64111d55f86c78ebcffefcd4a6274fdedf171756f21d,896320,55825.0,217.0,0.003887,1,3,298
2025-05-11 22:30:28,431f98983619eca2d741932a479dce8c29bfb81ba81b304d366aee8659e44e1d,896320,27961.0,217.0,0.007761,1,3,298
2025-05-11 22:30:28,6196ef4a5c69be516bd41fe9692144059c13eb6fdd359a2699bab0ab2264021d,896320,4625.0,217.0,0.046919,1,3,298
2025-05-11 22:30:28,2ff5f2e844b1c1355fc2060ec3bb2dcd925c759548e07177c3b263dc7f038e1c,896320,64556.0,205.0,0.003176,1,3,286
2025-05-11 22:30:28,49481d4bcc7daf2d2db989fa6c77ff5e6f4c4a22de032d378120fddd77fc8c1c,896320,378026.0,154.0,0.000407,1,2,205
2025-05-11 22:30:28,b89d8f861ea7411c8c5ad29849b0514d8ae8bbe2a3cfad397683d10da2cb551c,896320,36231.0,217.0,0.005989,1,3,298
2025-05-11 22:30:28,f9f45faab1ded894ab3276d367d1abe64e2d7a73e9348d24679dee3a9e93321c,896320,546.0,140.0,0.25641,1,1,313
2025-05-11 22:30:28,4055a27a62e83d20dbac08836c7ad4a2dd2ae0f7d08134fc1d651c9de39fcf2f,896320,25308.0,153.0,0.006046,1,2,235
2025-05-11 22:30:28,08b5eb733483149005e034220e1f0a8837f2cf7dd05ac09d1511f73bb40d351b,896320,14282.0,217.0,0.015194,1,3,298
2025-05-11 22:30:28,d53bebc13ce1035c3c9b7a271f20b6556f712ded3bd473cc287f26833167061b,896320,39703.0,217.0,0.005466,1,3,298
2025-05-11 22:30:28,ac12324241f02d2a20fd5e336d319fe786bf3ddc2415064e0186dea63b99b619,896320,37310.0,217.0,0.005816,1,3,298
2025-05-11 22:30:28,7ce3bd2cd24138f3eed52880c8cc026327c8099286929164d12848c8d0e29c19,896320,62356.0,217.0,0.00348,1,3,298
2025-05-11 22:30:28,c1b912f7ec486a5f994c4877c71b16a0d9382af5be67661fe856d418c88a6a19,896320,62686.0,217.0,0.003462,1,3,298
2025-05-11 22:30:28,1a1ab32136ad61fc7380d454e8679b987a471be9cee68e3692d241cc69f15f19,896320,224667.0,99.0,0.000441,1,1,150
2025-05-11 22:30:28,342a1ff568a50132789107dc6173952b20f4fc9bbccb4c96dd1a417483b1d316,896320,38636.0,205.0,0.005306,1,3,286
2025-05-11 22:30:28,378fbaf763da2391a44f19e3a7f2631f11c582f57f03fb0c6f8dd17347435416,896320,546.0,152.0,0.278388,1,1,325
2025-05-11 22:30:28,9ef4be065f96152f278dac8b3f05505acea068f58a983a0526cbb26b58c85a9e,896320,23035.0,154.0,0.006685,1,2,205
2025-05-11 22:30:28,031c5e2d062036d3fc010b1ac158dbf7e0aa124f06d0f583da058d40a8a50f16,896320,19743.0,217.0,0.010991,1,3,298
2025-05-11 22:30:28,2689f823cc7872c55bf9a4dcefd85b31f18d869d23e288be3af3e321595d8715,896320,15822.0,217.0,0.013715,1,3,298
2025-05-11 22:30:28,6d7c4cadfad353d2c7be95e2b7b49cf0100165a2a4132774b7b191ff64c76c15,896320,182783.0,205.0,0.001122,1,3,286
2025-05-11 22:30:28,205faafa306ae2fab252f79d693a6182b452b234529305e49b59e90a3f2ae514,896320,14282.0,217.0,0.015194,1,3,298
2025-05-11 22:30:28,d80d3bbc562acdb4dce9b1f6a891165e6c9d52701082f88671ef88f6ceb58f13,896320,31827.0,217.0,0.006818,1,3,298
2025-05-11 22:30:28,8f0e9da3d8e596457dada1d2878ac0dc54b406ce136f394c281c47c8cc176813,896320,28131.0,217.0,0.007714,1,3,298
2025-05-11 22:30:28,3563c24c0d8fee0bc24eeb1088f9e9d223880b8bdfd963b27845607d1a2d9112,896320,27903.0,217.0,0.007777,1,3,298
2025-05-11 22:30:28,30082f2981972c9f54e0801a87474b6d10055924853b29ebc9c327a699371e11,896320,33142.0,217.0,0.006548,1,3,298
2025-05-11 22:30:28,b21154311f6b22697d8d26bb80dbdb418df98a27833d0072ff495f7cadf21611,896320,546.0,151.0,0.276557,1,1,322
2025-05-11 22:30:28,eada7fba40e4e1dfe0ebe1baf97e9cb3eb46a126c5321510d822282796e9c6b3,896320,2167.0,154.0,0.071066,1,2,205
2025-05-11 22:30:28,3c2e900587268820a8c88f28d743cbb8418ec9a7247c9083427dfe07f6adce10,896320,28350.0,217.0,0.007654,1,3,298
2025-05-11 22:30:28,dfbdb0d3040e33493a34b038fbd204e0d13be17c8974f4fb074c5ead216f7d10,896320,159796.0,142.0,0.000889,1,2,193
2025-05-11 22:30:28,a737ffb762d8f2aeb3d66e228de56e02bc79ce945033cdf23399070a7dd7bf0f,896320,101434.0,122.0,0.001203,1,1,204
2025-05-11 22:30:28,fad9f83d0c365d8d9ab8d2451fbb5721a87f5eac7cbecfb91145e1ecefbab80f,896320,31280.0,217.0,0.006937,1,3,298
2025-05-11 22:30:28,3303bdf5e04be73dc352c783335e201f69f74632c719bd007708e9598db7190f,896320,39703.0,217.0,0.005466,1,3,298
2025-05-11 22:30:28,5a89efbad012d47f491ad532b9efff686ffbcdf67e32d199736d63181c376f0e,896320,36445.0,217.0,0.005954,1,3,298
2025-05-11 22:30:28,bff492e541a32da803bbd38a808c3f9688f22a28c67b94c7374ab91a6d7e080e,896320,3176.0,217.0,0.068325,1,3,298
2025-05-11 22:30:28,9b8d2bc541b84bc74214f2384f7d786b1164b996e85dcedb1f04a68a57d9f40d,896320,38636.0,205.0,0.005306,1,3,286
2025-05-11 22:30:28,cfbac4b66f6de0e2be1f71bffcfc344265b01e6e017c9f678c298c66e4d5ae0d,896320,31063.0,217.0,0.006986,1,3,298
2025-05-11 22:30:28,60df8cb7c5ccafd0e1f13099449db10de4dd3691f54f117a5ec492a47d69ac0d,896320,38636.0,205.0,0.005306,1,3,286
2025-05-11 22:30:28,f39466da982cb74a44119d7d952a602516ed8cf7a194133ce29a80faa43f660d,896320,33481.0,217.0,0.006481,1,3,298
2025-05-11 22:30:28,b997cb193dd973e266b2700367d1a6f887268ace841ec1b94f9ca55bd167630c,896320,36763.0,217.0,0.005903,1,3,298
2025-05-11 22:30:28,918509865875f954a85a7edd2b543d6e1e377032a4e67c1248d371265feb6c0b,896320,39703.0,217.0,0.005466,1,3,298
2025-05-17 17:52:33,0d3eebf42d034f5f7dbe8fae49a6a1ceeb5061168c999942fa193587bf01aac9,897134,209954739.0,990.0,5e-06,1,2,246
2025-05-17 17:52:33,c404ba922fbbb59669a9a53f68140138980f0c54fbcddc4aeed6d8f5af2274c8,897134,263073044.0,846.0,3e-06,1,2,222
2025-05-17 17:52:33,1f1489d305ac501f622c02e6fd9cf6565b6aac1fb721c58552a6d5e72dbfcfc7,897134,39496.0,990.0,0.025066,1,2,247
2025-05-17 17:52:33,e17ec7e56d445e6db540615e639b9098950c8acd731e31a26921d13e7f85c4c6,897134,10283255.0,918.0,8.9e-05,1,2,234
2025-05-17 17:52:33,8284181f736c7e239b20e096fd6d4d532f7b14b8db6ac5f4e8f7a608081e03c4,897134,6748324.0,1032.0,0.000153,1,3,253
2025-05-17 17:52:33,7785589d63ef5d82bdc5be94c6f4f38b702c6ed25430320040ca1ed34992efc3,897134,9435.0,846.0,0.089666,1,2,223
2025-05-17 17:52:33,d6f12705cd9bd17d94cd2a4367f073813f66784cab73c5bcd52a5aa5f1659fc2,897134,99607109.0,3306.0,3.3e-05,1,15,633
2025-05-17 17:52:33,da4b612810260ad089969cb3a297d0c4a2e13fffd8c461a24d06feaabcb1d1b9,897134,42299.0,1338.0,0.031632,1,2,223
2025-05-17 17:52:33,c0e3adc000a6a964a24a449ef45bbcf923665a6d94bf92d765cfc00b7c5c8db9,897134,1009507.0,846.0,0.000838,1,2,222
2025-05-17 17:52:33,7b5c87efd79521d1bf759b1361a6bc6692531008f86b5d92a9b9963122ee8eb8,897134,28214.0,1332.0,0.047211,2,3,322
2025-05-17 17:52:33,10b3d015c34fc2c302b6f0b5b065f000c08a98377d40dc68cf5b5470923707b6,897134,1908420832.0,846.0,0.0,1,2,223
2025-05-17 17:52:33,93a847f36c160796bff507f3efb7743bba097bd5f6d905063e88443cc31994b5,897134,107795.0,846.0,0.007848,1,2,223
2025-05-17 17:52:33,375fa86c2dbfcbaf1b8de8a18b78bc727e68e5e1b10c549c2c8e145b2210e9b3,897134,30070.0,864.0,0.028733,1,2,225
2025-05-17 17:52:33,aefec30f6a8c43961bec2f62ff20fb481bff60d6a792b728b720ad479e2cfcb1,897134,473028205.0,1614.0,3e-06,1,6,350
2025-05-17 17:52:33,e636bbe9b8d6b28d63566fb7076d63d124663c2927f5a564e1e2fcc65e4157b0,897134,96554.0,1332.0,0.013795,2,2,353
2025-05-17 17:52:33,83ad483578eba82ed191f31096be39d593f832c2b36639f276e6d073900150b0,897134,1093122.0,1074.0,0.000983,2,1,341
2025-05-17 17:52:33,e2c24d7325c11445f832f7f708fadd558b9101c1a341fcceca03d72e840239af,897134,15100900.0,846.0,5.6e-05,1,2,223
2025-05-17 17:52:33,d41387908a389544461edef9feabfa3fe8fd9d83f4a465915287b10128a4c3ae,897134,108344.0,1356.0,0.012516,1,2,226
2025-05-17 17:52:33,c7e1050d01cc8a4e9415b37734e7e52b01a30a96ad1407832a535b379e80b8ab,897134,95019.0,1332.0,0.014018,2,2,353
2025-05-17 17:52:33,1c07c04ca4e90dd8039511db90c7006014813819a8495093d1471a02bc17adaa,897134,530234.0,846.0,0.001596,1,2,222
2025-05-17 17:52:33,9b7b959920f99817def4554302d6db8c2c55f0ae787f752c34f05988e6f433aa,897134,102195.0,846.0,0.008278,1,2,222
2025-05-17 17:52:33,88a6b477608a04b79478406caef7a67412088ac246eb1658d644e097ea44a5a9,897134,53628.0,852.0,0.015887,1,2,223
2025-05-17 17:52:33,c7d0f9f6fa94438031674e062a43e48970d40f0fe8ae8bd7f2b66a290fd0a1a7,897134,24011512.0,846.0,3.5e-05,1,2,223
2025-05-17 17:52:33,c35bec26546f04df48d94c53076c503224f373cb2a8076241068c3b96be4dea2,897134,22817971.0,852.0,3.7e-05,1,2,223
2025-05-17 17:52:33,50049a62c6266427a1dc4c7fa92bda0e45c9d32082d77ac7ff6d6c12350fd1a2,897134,13314.0,846.0,0.063542,1,2,223
2025-05-17 17:52:33,a6c80ba954efcd4b987d04b4e120b99428c581fdacab0dc0fcd24e89998617a0,897134,813359.0,864.0,0.001062,1,2,226
2025-05-17 17:52:33,d2662a77c99ced288da549156f4fcb157dda4afee8e46e3f181186769e703498,897134,72908.0,666.0,0.009135,1,1,192
2025-05-17 17:52:33,671a5b062d8bab6fe185edf23909e0fb84c1ce6ab1a4cc4bfeae09d7a598b993,897134,320014.0,1332.0,0.004162,2,2,353
2025-05-17 17:52:33,9607d173e908e03f78b006820242dd44fe6abc74f7d9c1a3f82e07cb38bac090,897134,64898226.0,864.0,1.3e-05,1,2,225
2025-05-17 17:52:33,2cd5221bda256aa4e4f889b6dd4e1c24b558313364e8d28e47e76018e9b48e8f,897134,561507.0,1272.0,0.002265,2,2,374
2025-05-17 17:52:33,75d342e4fe5a2ac4799bea9d13686b6da253860ed33920f881b6d8fd4b272f8e,897134,201505.0,846.0,0.004198,1,2,222
2025-05-17 17:52:33,93ca587ca91edbdb7f42d410031ccaa2d33ffaae10d9234c2e26cac3047a178b,897134,23758618.0,918.0,3.9e-05,1,2,234
2025-05-17 17:52:33,c31012a143c88e2724c16cd47de3b89a740b48b5e89dc4501347f3b33c84f789,897134,95662.0,1338.0,0.013987,1,2,223
2025-05-17 17:52:33,3c045f5dfa140e9d1e9d148c9bfcbab3fbdfa6c0391c4e07582b8e5d6027e689,897134,134896.0,864.0,0.006405,1,2,226
2025-05-17 17:52:33,eb13d6791bd6ef1d33da1c35c21fd2ca92880932bdf8522613c5f238e6946186,897134,478126.0,846.0,0.001769,1,2,222
2025-05-17 17:52:33,6a463492e864154448ddda99ceb27566dca52da1fa44b56d3808bc9e0b201383,897134,131231.0,846.0,0.006447,1,2,223
2025-05-17 17:52:33,713d7d0dce07b6fd084d9b26c5fd52143cc908d8d571709d17e0375191696f7e,897134,5247590.0,864.0,0.000165,1,2,225
2025-05-17 17:52:33,e70ed2312bc06944dae792c061748a8abaaf6700e6fd2fcfc6584eba138dea75,897134,95633.0,1332.0,0.013928,2,2,353
2025-05-17 17:52:33,023a1f53e5a2ffcce3b988882b31fa613cb0c8c822bfe401381374680c10b475,897134,145569.0,1338.0,0.009192,1,2,223
2025-05-17 17:52:33,bc517aabd7f99ae8eed85ea6a80bf279a4ed0e04be90fb1380fc0672b60bf771,897134,42746.0,1254.0,0.029336,2,2,371
2025-05-17 17:52:33,c031f01b0439b7d309178f7956797f411054a69280a0e19e5b8fc101d4c17471,897134,276742.0,990.0,0.003577,1,2,247
2025-05-17 17:52:33,d80f7f17251ab5592b8a6a199371637b3326b6e9acc7e19287990561e9500871,897134,1091803.0,846.0,0.000775,1,2,222
2025-05-17 17:52:33,e8c9029956d9f1ab3be2198aee18308f3b1bc54b1a991fa2d0ba05bb6db7eb6f,897134,25251505.0,846.0,3.4e-05,1,2,222
2025-05-17 17:52:33,3ca2117bc142f978f7c20263ba6f1a9e22c1fe7dc5cd5cfdfcd202dbcacfe56e,897134,182706752.0,846.0,5e-06,1,2,223
2025-05-17 17:52:33,4bf048bfccdc4d525e28ac71ce5eb4a09b5b54fcc8c726d1f2635a59e92d116d,897134,12586.0,1254.0,0.099635,2,2,372
2025-05-17 17:52:33,226048535ce3589dd5dea039aea036bfc44a6c7c38b898d526f3f932e19d0e6d,897134,23774071.0,918.0,3.9e-05,1,2,235
2025-05-17 17:52:33,1161801ff594f4f1e7a7c90fd67cefe0dbaad2541a0e00955b2ba3154baf4f6b,897134,88879.0,666.0,0.007493,1,1,192
2025-05-17 17:52:33,fa12784d97a48ebaa2b90d29b31c39274f4ca3e47d94f6c4d21cb3998c33156a,897134,4906521.0,666.0,0.000136,1,1,192
2025-05-17 17:52:33,b61fe94b96b989027536158ec0c8c6adde1aa747ff41a4b0163155d77feb3069,897134,333811.0,1356.0,0.004062,1,2,226
2025-05-17 17:52:33,9db8f73a3b657fb50019373c3f593b317fd673df435cb8eef5b14930df2ae268,897134,43760.0,1008.0,0.023035,1,2,250
2025-05-17 17:52:33,56878d6fdac421d3665a201e61f8ff1bc7e09a23f6fc7d129a0484963a987c68,897134,192347.0,918.0,0.004773,1,2,234
2025-05-17 17:52:33,36c70dcb285335b1abd4b8f07183a8395fbca6326e1be79fa5bbfb29f3d8cd67,897134,468319.0,864.0,0.001845,1,2,225
2025-05-17 17:52:33,4f36ce3d7663a0ceadb6d376d42ef48f2373c9610fed18fd52e13d20d40b7966,897134,211362103.0,846.0,4e-06,1,2,223
2025-05-17 17:52:33,7c5557d42935581e53ee5495167db3c918c0df133dc41d4fc77d38a80b8feb5c,897134,8163439.0,1254.0,0.000154,2,2,371
2025-05-17 17:52:33,8fc75febcdcab71d4ed41913d071d5f26ee1277bd9395b82b738054ac3bca15b,897134,176116.0,846.0,0.004804,1,2,223
2025-05-17 17:52:33,0cad585d0fa56e8b57680cae5f58c848d6af31b73eb1d8753fc3971843c6445b,897134,62665.0,846.0,0.0135,1,2,222
2025-05-17 17:52:33,ebadef5af291f3de61ed3f6c4d6e57991d9d2cc957e70a4db3221fba25c4d25a,897134,33400.0,1068.0,0.031976,2,1,340
2025-05-17 17:52:33,11633a1ac0b73343f525fd718f9d22b47c45bef0fd3c253b43011790ebf1e057,897134,580704.0,846.0,0.001457,1,2,222
2025-05-17 17:52:33,4c76b4cb534be54ef84cc91d5af427bbe7cbd582fb6482819b9a4b3f409edb53,897134,1109169.0,918.0,0.000828,1,2,234
2025-05-17 17:52:33,1af79d425c2bbb5039b2c4c87fcdc60e3ac7cba9d97e7e3f77333ee5f2ace150,897134,893899027.0,846.0,1e-06,1,2,223
2025-05-17 17:52:33,6816968eabf52012e375fd798969254627b5ebb23be7f0e2b2685fc3d4bf71cc,897134,894055387.0,1050.0,1e-06,1,3,256
2025-05-17 17:52:33,5b6799e9cdede117cb09e05a6566933ae8deee6f058243c10943ba0558f9be50,897134,10338644.0,846.0,8.2e-05,1,2,222
2025-05-17 17:52:33,b0c42c78dd0e38bd739e40ee73d1d30c14ad43371f67e07a72c779ed05fd974f,897134,154308.0,1254.0,0.008127,2,2,371
2025-05-17 17:52:33,59c08d1e6b1e61622277737ecb9bc79aa3cfc4980060b5070b399b9f08b7654f,897134,31447.0,1254.0,0.039877,2,2,371
2025-05-17 17:52:33,b9b1a8e00bf653dec7e3eba7a93b3333fc9fe144212b4f9fdd0a3f51793e684e,897134,912452.0,2268.0,0.002486,3,3,622
2025-05-17 17:52:33,d9ec68a184c87433ff41411d36c0c0d0f5abecc4c62ed17c590207c35eb6784d,897134,1312436.0,990.0,0.000754,1,2,246
2025-05-17 17:52:33,667caa4d23fe757ce2470471cd24645a30243785311d0b3ee9b9b45f7a47704c,897134,10367118.0,846.0,8.2e-05,1,2,223
2025-05-17 17:52:33,0705b1c8f07008c2a8d5320cb23dc57ae63d16cc57b7c984402521f9700c3b4c,897134,150746.0,846.0,0.005612,1,2,223
2025-05-17 17:52:33,88033e90d594c0560ce21c0ded25f1384d0952208068199cdd70ab186c25ac40,897134,98658268.0,1272.0,1.3e-05,1,4,293
2025-05-17 17:52:33,e50d150a24c3779037d0540a4755ff14c2b0da669e2347d3a3363d21529bb63d,897134,15333088.0,846.0,5.5e-05,1,2,223
2025-05-17 17:52:33,e18b181c8434728731a6a72e768eb46985ccc084b940d3be5a4c913827565d3d,897134,2093046.0,1962.0,0.000937,1,8,408
2025-05-17 17:52:33,779047536578ba46992d5b94c22f3932b9214d2a653a6abd2d503faf3c1d5e3b,897134,3868270.0,852.0,0.00022,1,2,193
2025-05-17 17:52:33,bdd1431e6608e24cb3ee88bec00a09c80a72f83a2a0b2928871c138f20598139,897134,70840.0,1152.0,0.016262,1,1,192
2025-05-17 17:52:33,384e090ce94702cac0e4c5ffad267c3a722632ff3d7e16a34d01523d6f7c4a39,897134,1641948.0,846.0,0.000515,1,2,222
2025-05-17 17:52:33,a0849ed1f30b6e9d134507600290a9ab3191b9a7cf6b0cec6b3332fdede33437,897134,5505903.0,1140.0,0.000207,2,1,353
2025-05-17 17:52:33,1fcb725120dab85349a3e6e144bddb29076a3f118f546a4d90dc0c07237f9e35,897134,979727.0,2598.0,0.002652,6,2,731
2025-05-17 17:52:33,a55612f4ecaa29c5b01ea75a45e9b6a065c74ff78aed199fc26abe93c754b430,897134,7890.0,864.0,0.109506,1,2,225
2025-05-17 17:52:33,ba4bf86263f4ddb8705a4ac583366253a054c36ec91d6ed7626aa241e94b0e44,897134,62754.0,864.0,0.013768,1,2,225
2025-05-17 17:52:33,6b7f71c8f6046d5efd096fef2d4c1af7257b21e187a455464edee3034b7d9d2f,897134,23920304.0,918.0,3.8e-05,1,2,234
2025-05-17 17:52:33,590ff0ed9bd41f28250d8f538ab143cdce542f0390f4c3caf4e700115405f72d,897134,43005.0,660.0,0.015347,1,1,191
2025-05-17 17:52:33,161f768f0a90f5f77f143992a62aa9465bb5fc982a13b26472e2b0a5d2253f2b,897134,546.0,924.0,1.692308,1,1,332
2025-05-17 17:52:33,c106f9e2975f4796d3dad90b40a3fa8b5d20a2b521787daa483f377f68ba1528,897134,9386.0,1008.0,0.107394,1,2,249
2025-05-17 17:52:33,2ea0b89f449baf5dce5e39deec2703acfb34890e5edf9ad798cc5156dde4c223,897134,224526.0,1344.0,0.005986,1,2,224
2025-05-17 17:52:33,3e9554440849a2dae9177bcf5c5f00d72d1e4da8031e21d9b214c4a7f75bac21,897134,40842.0,846.0,0.020714,1,2,223
2025-05-17 17:52:33,84da84c03bab5d045e340972841be8afe3220b566c941202a76f0461c3bf331f,897134,23121050.0,852.0,3.7e-05,1,2,193
2025-05-17 17:52:33,f53f1ed5a582eccd108544b2d44b9970db55f01599909b223c5424d2445c7d1e,897134,1728483.0,852.0,0.000493,1,2,224
2025-05-17 17:52:33,c8a249c4b1bfd8ab940f87dd8fb7031f40007716d2ec097991a62c9b30b13d1c,897134,63567504.0,1008.0,1.6e-05,1,2,296
2025-05-17 17:52:33,6f8bc760dd7cf179706a505a310e103c2e629ccaa4adef0af8516cb2edd9b61b,897134,145802.0,918.0,0.006296,1,2,235
2025-05-17 17:52:33,294e990a517f275655b72e1c7459644f04785f290d604599f77c908c55430215,897134,236665.0,678.0,0.002865,1,1,195
2025-05-17 17:52:33,a2f1a9e33ec608fbd0017053764b043f6b85e8a05eb6ed1e009306d6464a7a13,897134,9452257086.0,918.0,0.0,1,2,234
2025-05-17 17:52:33,98253bcbf14d96d3d897c60d384f3ab2556b963fd2cf82bbe6af9d1992b8a612,897134,21538310.0,846.0,3.9e-05,1,2,222
2025-05-17 17:52:33,70ddc504d6cd3a98c6c446fcfc0d284228ba43079983f6a83716b47cf52b360e,897134,28806055.0,918.0,3.2e-05,1,2,235
2025-05-17 17:52:33,45414fa94e06aa422e8310ce08a800b9f7b2d4394c7e3097474fec43f1150b0e,897134,148294235.0,864.0,6e-06,1,2,225
2025-05-17 17:52:33,f847c30c5abd66d99cdf22457924e3aa09d3f72eddead68b6fc2e03d3ccdabb1,897134,148345176.0,864.0,6e-06,1,2,226
2025-05-17 17:52:33,ca09e94c5b3c5b54c9f21f1b20e44f602d56f3049373829edae817f70f530108,897134,397022.0,660.0,0.001662,1,1,192
2025-05-17 17:52:33,3b1c7ae04751d2d4329e47986411107d8c710e1f8d51400c5aed8e4529eb5506,897134,23941687.0,846.0,3.5e-05,1,2,223
2025-05-17 17:52:33,bf28fc1fd734518fca83b10be206b87bef81e3e93952338e7fb1316c28976a02,897134,2277619.0,1254.0,0.000551,2,2,372
2025-05-17 17:52:33,366eed5e049febecd715a6d0b9668a25ee606476e851bd1a05c45933c442020e,897134,162865.0,1898.0,0.011654,2,5,448
2025-05-17 17:52:33,4faa1ade58f06a5b89205b2adbadb9832983edd7fef9fa44e189104b11b0efb4,897134,488882.0,1208.0,0.002471,1,1,201
2025-05-17 17:52:33,e67a2d6301e40c9a96d3427bea5d39965842885ddfd4254c6acab608dd46c777,897134,284517.0,2910.0,0.010228,3,1,484
2025-05-17 07:10:42,2684a1715400d1dd2b660202e4a87ca4374a682da1a89d93b56739e14d248e76,897072,22378.0,182.0,0.008133,1,2,337
2025-05-17 07:10:42,3d9c13f50190a03f69417e49b784ec6c212405af5537f47eccfb265739335349,897072,22890.0,182.0,0.007951,1,2,337
2025-05-17 07:10:42,88227cedb82ee425c4159f1c8ca580780bbb991c4a535ce1cbc04465c99dc953,897072,23402.0,182.0,0.007777,1,2,337
2025-05-17 07:10:42,42123b40e0ef9a1244fc24c9d1f2437f40e0775f63ec6141169bc83b7bcc9309,897072,23914.0,182.0,0.007611,1,2,337
2025-05-17 07:10:42,33b996f572189b1404a061be0cdfb3626e82d7f43c36c6af36004a21345f9620,897072,24426.0,182.0,0.007451,1,2,337
2025-05-17 07:10:42,47ed1d15142260d5c76dd1ed18a068256c47205d6319ce713501ad218a199db4,897072,24938.0,182.0,0.007298,1,2,337
2025-05-17 07:10:42,f3b10a73dbe556174a381710b10308b8a5b109a8b6529ea2afa0a0e8de8dc4ae,897072,25450.0,182.0,0.007151,1,2,337
2025-05-17 07:10:42,8e17b50a7e51328f0eea5570a233796712596210b0a575e584d20451642bdb40,897072,25962.0,182.0,0.00701,1,2,337
2025-05-17 07:10:42,06758b2a5f5b5e5aaea3f329a22345988fd069aa5eb4a567af6ae92344e19559,897072,26474.0,182.0,0.006875,1,2,337
2025-05-17 07:10:42,6eae93593bbee8898f214fbfc49dd8d3af5069d26269dacad329a84d64142fdd,897072,26986.0,182.0,0.006744,1,2,337
2025-05-17 07:10:42,4383150ee90da269c196c617485ac5e3f3623c1106f74b66cf742c7b9763afd2,897072,27498.0,182.0,0.006619,1,2,337
2025-05-17 07:10:42,d7068c781ed8803de17d88f15e19243580e0aa2be76c82eb187182a160909629,897072,28010.0,182.0,0.006498,1,2,337
2025-05-17 07:10:42,3782dfa117c95d224f9d4a1d2479af90bb2624ab70288ebdb44f4f9c477f3184,897072,28522.0,182.0,0.006381,1,2,337
2025-05-17 07:10:42,9e9dd62f20c86dc9e009810d3af78ba232032deec7f4b66b91607af9547eb42f,897072,29034.0,182.0,0.006269,1,2,337
2025-05-17 07:10:42,bbfc0cf89f27a580009c1de29191bd91c600845cf0865bd4a0b0e670e6b86e48,897072,29546.0,182.0,0.00616,1,2,337
2025-05-17 07:10:42,84020aef45581760e6fc92be505a90be37139901915dbc75b56909d092db5f71,897072,30058.0,182.0,0.006055,1,2,337
2025-05-17 07:10:42,49effad568153ec695a7a596e8fb6836c84ce6dee49754abe748a574bfb574a1,897072,30570.0,182.0,0.005954,1,2,337
2025-05-17 07:10:42,ce3335291881647c4f0ed32108b3d8df966062c6dfe88c5badc3f55afd783cbf,897072,31082.0,182.0,0.005855,1,2,337
2025-05-17 07:10:42,9bbf476923bc8f4338de2a937ac23c9eb1e4215ba9a5c330d6e0731926802a18,897072,31594.0,182.0,0.005761,1,2,337
2025-05-17 07:10:42,fd6027626df6dd933a8c2b897e0fc29e26db24d25edbddfba7ad5de726a81e54,897072,32106.0,182.0,0.005669,1,2,337
2025-05-17 07:10:42,06bf6c5dba7396e8e4604f133265e1b53129ef0bd79544007facb901098fde2c,897072,32618.0,182.0,0.00558,1,2,337
2025-05-17 07:10:42,20e99f71e56bc2aa9b847e3ed2291c6be31d8bc1501e25aedb39f1f840e1ea72,897072,33130.0,182.0,0.005494,1,2,337
2025-05-17 07:10:42,a39c56d1e5ddd6a7f0b949c834c5588f22976e80a30161f09b7c88321905e136,897072,33642.0,182.0,0.00541,1,2,337
2025-05-17 07:10:42,cac3c644cfb0f2732db4b9936021706fc381089c4914fda259da4c2739cfa0f7,897072,36224.0,145.0,0.004003,1,2,193
2025-05-17 07:10:42,aab33b5282fe5cc8a2e3d57fe5d9f0d930bf42ab84aaf5fb64db7f0be1ae0d50,897072,18064.0,182.0,0.010075,1,2,337
2025-05-17 07:10:42,1b5df6ad7bff0a5836cee99bc49e8957ca501efbbbeb25c9d2d094bcfec504ff,897072,18576.0,182.0,0.009798,1,2,337
2025-05-17 07:10:42,dcd9e961b1c67d7df2eb62037cac1365564ef63cf9ae94e75e6ab5fd1ef5779b,897072,19088.0,182.0,0.009535,1,2,337
2025-05-17 07:10:42,362e68301e8572753c415f469fa57896be32556400b2e9397a6e734d90618547,897072,19600.0,182.0,0.009286,1,2,337
2025-05-17 07:10:42,a0020a9865c460849a85233294fb78fb031cdbb70e9b989f5131ac7da994f380,897072,20112.0,182.0,0.009049,1,2,337
2025-05-17 07:10:42,fe943809c8092c04c75ab911e38b0ffdb853051aeec07be9a7da14a8ac0d3274,897072,20624.0,182.0,0.008825,1,2,337
2025-05-17 07:10:42,d7b083446f0b01c95c90602374455aca47890b5d26ed7f41c591f1ed6d8dc061,897072,21136.0,182.0,0.008611,1,2,337
2025-05-17 07:10:42,466e9c0d1587a2bc19cf8fe32a4fd984616b900a00e6c8019a08f0b6cf094082,897072,21648.0,182.0,0.008407,1,2,337
2025-05-17 07:10:42,c8c486646004fdae2e4cbc61bcfb4375463c98a7b85c516f30039266291ed6bf,897072,22160.0,182.0,0.008213,1,2,337
2025-05-17 07:10:42,d38531737fc6e52c5eeb431ee84aff16bebaf9d91698630e5744a17336ba214e,897072,22672.0,182.0,0.008028,1,2,337
2025-05-17 07:10:42,5f815bcebf85b8503bf09fb1f70a476f657aa9a1f34edf655d5e02f5fe3c2940,897072,23184.0,182.0,0.00785,1,2,337
2025-05-17 07:10:42,767d44fffa0c7349b53796bf12a7ede37dd916e7dfcda4e770a462e3673ab5e3,897072,23696.0,182.0,0.007681,1,2,337
2025-05-17 07:10:42,6d40f318bfad0a62713a92c7a8c9b664457281c8c976960e3fb5af1278dc81a3,897072,24208.0,182.0,0.007518,1,2,337
2025-05-17 07:10:42,a2591928beab79867a4408fe557cec803125cb20315f432fa726d1bcd87a594b,897072,24720.0,182.0,0.007362,1,2,337
2025-05-17 07:10:42,bce1f434787d1824caad8a290c3cbe2d6faff519ddf70b00bf247d95609b7646,897072,25232.0,182.0,0.007213,1,2,337
2025-05-17 07:10:42,d2e413924d96e5b5074772a776fb08162c45a745011a83cd5a28f7ab338bdb9b,897072,25744.0,182.0,0.00707,1,2,337
2025-05-17 07:10:42,f5a90d3dc7ccfb4d6bb0dc4bd68aab4d4af755eeeec8ed3b7b576759752ef1e2,897072,26256.0,182.0,0.006932,1,2,337
2025-05-17 07:10:42,eb33ad2bf1229868d27b75d08da174090c0b2802b939c22a1f4839c966d3cf81,897072,26768.0,182.0,0.006799,1,2,337
2025-05-17 07:10:42,1b53ee68305ad9d3f96fb9e582e2e2fdf18d1ce3ab62053cc7be8a1574a6b6c1,897072,27280.0,182.0,0.006672,1,2,337
2025-05-17 07:10:42,b81f43237a7952a2b284f888291319d0a05c5b1dab002fab57eca78220c5bf69,897072,27792.0,182.0,0.006549,1,2,337
2025-05-17 07:10:42,5acd6230848c8f8dcc585423b0a80783f25f849279efb9131ce7440c4ff539d0,897072,28304.0,182.0,0.00643,1,2,337
2025-05-17 07:10:42,f4e8050410b99f97cec63ed1905cdc6da9e4f631f61a98540850e56c6a24ff54,897072,28816.0,182.0,0.006316,1,2,337
2025-05-17 07:10:42,bce7477a977b03184320425d92f3b5b69aac3c168ad05a6fe18d4bfa35d9c13f,897072,29328.0,182.0,0.006206,1,2,337
2025-05-17 07:10:42,9865a831c79322c40a68fd479f7b011a9dce70370b7acc46363eac897c6d6e8a,897072,29840.0,182.0,0.006099,1,2,337
2025-05-17 07:10:42,7c9a2c6306dcda0cb663af946d7fb07dc17467ebebfe214f57fdc20c6568dfda,897072,32422.0,145.0,0.004472,1,2,193
2025-05-17 07:10:42,27570be999926ad28271ad2efc83a22c49bb35deaab3045665c11d921911ec1a,897072,27746.0,182.0,0.00656,1,2,337
2025-05-17 07:10:42,6b58893d4555c87eab9e0ec55e148954a8cad975b2480a89a253960b126606b9,897072,28258.0,182.0,0.006441,1,2,337
2025-05-17 07:10:42,41f80cd5528ff8b5dde2c082efa8a0cf18ce074c8f4d747d65b79d79b214a52b,897072,28770.0,182.0,0.006326,1,2,337
2025-05-17 07:10:42,e80ccabe26d823716ae1d0095fc517cabded4b8f68ee94d4d7fbfd7093e10c84,897072,29282.0,182.0,0.006215,1,2,337
2025-05-17 07:10:42,a2610ce638c8583cbbc662dc70494b4efb096b389719ffa6810aebb68376dbf5,897072,29794.0,182.0,0.006109,1,2,337
2025-05-17 07:10:42,c35cee29d5cba18d402298ac3ff7538369a1a9bc13562807aa0f327e7d122ad6,897072,30306.0,182.0,0.006005,1,2,337
2025-05-17 07:10:42,8b34103f3015ea0493e5c0dd34debcc008d832042d88b67dd90775124a121cf2,897072,30818.0,182.0,0.005906,1,2,337
2025-05-17 07:10:42,d3abb588e8e8f292d1875a121d4073be9e2631e9469e326992ffe8f81e1de076,897072,31330.0,182.0,0.005809,1,2,337
2025-05-17 07:10:42,221246420d10be7af0bf7457b1ede5df85a1e5dac16dd4047b80d71141e98825,897072,31842.0,182.0,0.005716,1,2,337
2025-05-17 07:10:42,672824f3dc4ef1e8367dab0db119a0cb02143a03b6fdb1db063239273c71ba8b,897072,32354.0,182.0,0.005625,1,2,337
2025-05-17 07:10:42,578fbae5f455afb57fe7298da77270fff2b635b9d4fb7646b285a44707a74195,897072,32866.0,182.0,0.005538,1,2,337
2025-05-17 07:10:42,c42775cbf4842eca1fed2c8a3d0a3e58148e2a62809de202e7b5cc4f867e3955,897072,33378.0,182.0,0.005453,1,2,337
2025-05-17 07:10:42,48638f8dc8c1ec94a7e500a966e38e469dba4d17191c1960a3cdfaa535fd817d,897072,33890.0,182.0,0.00537,1,2,337
2025-05-17 07:10:42,33a1df9b320f11dbccc0f47559586a787b47c3da9d8fb5d6bd0f081b0415484d,897072,34402.0,182.0,0.00529,1,2,337
2025-05-17 07:10:42,041d52315bf3e8ea1689f6fa105db3ed347f4ddefb94317c266206ce2c0b76da,897072,34914.0,182.0,0.005213,1,2,337
2025-05-17 07:10:42,294ca1daec9fd032abfc19bea7d99dbed2d4b244c46a9dc88ad84fe6f3879162,897072,35426.0,182.0,0.005137,1,2,337
2025-05-17 07:10:42,ce632441839f0f329967b838e0e4d566b1bd1a0f3e7148e12acc9348707fcfce,897072,35938.0,182.0,0.005064,1,2,337
2025-05-17 07:10:42,46131744c163cbb7512382c9b41b56f1a63970fef7a53145ee9658f001443204,897072,36450.0,182.0,0.004993,1,2,337
2025-05-17 07:10:42,6e683a8e48ccd318dde8cdcf3c6268c25666c63e51a3aaf1c3af9280f5c56281,897072,36962.0,182.0,0.004924,1,2,337
2025-05-17 07:10:42,87a28b5689d806f3ee73735d8af7b284b7420c3b2dd3435655d12cffd71d61b2,897072,37474.0,182.0,0.004857,1,2,337
2025-05-17 07:10:42,86920cde76cb73e23ff27f811bea5ec1763be1711dc26b9c3fdb2a2a680b1726,897072,37986.0,182.0,0.004791,1,2,337
2025-05-17 07:10:42,a887f8ab6bdbfa75fa7ee8242c32a742f82a901672e91a030b4f23471348a820,897072,38498.0,182.0,0.004728,1,2,337
2025-05-17 07:10:42,ff0dababd1db559ca959c05b0e59f113eb5534fb00ec349af01facc47124f32d,897072,39010.0,182.0,0.004665,1,2,337
2025-05-17 07:10:42,bfda86a8f8e2e6f9193d4d597380d29a2ad1e77f9ec51aeea5061ce63beb489b,897072,39522.0,182.0,0.004605,1,2,337
2025-05-17 07:10:42,ae4fdcbd7d1fe3942e78d03aecb0bee049d8bf218cfb24ab1ef058b3cbddacdc,897072,42104.0,145.0,0.003444,1,2,193
2025-05-17 07:10:42,0438873316cdf3d901a2638f153da9c726b51e3d1e118d756e286fd7f9bb1adf,897072,29118.0,182.0,0.00625,1,2,337
2025-05-17 07:10:42,6144647a499e73fd1f42e4c1b26239c04432e3e83c5083f285e0f9c9d9a57cfb,897072,330.0,176.0,0.533333,1,2,339
2025-05-17 07:10:42,259aa9f2831630e5cd4fefc27532fb6a42cf4f46231de5864f9d79b69756b4fa,897072,330.0,176.0,0.533333,1,2,339
2025-05-17 07:10:42,de0efad8b29b06cbba6d57e386049ee6cea2c4f9be0235b88cde9e9fdce079da,897072,330.0,176.0,0.533333,1,2,339
2025-05-17 07:10:42,3f377523fc6f4da13dd085108b2daa2ed81e97abf5593b343c95328c299673cf,897072,330.0,176.0,0.533333,1,2,339
2025-05-17 07:10:42,6cdfb7eef0f203f3881c22df5a1d4eeb844d239b8424e5e532c6aafccbae95c7,897072,330.0,176.0,0.533333,1,2,339
2025-05-17 07:10:42,decd732fdaca784744d7a42c6f4519de522b29eef9d2aed40b019f0ceecdb7c6,897072,330.0,176.0,0.533333,1,2,339
2025-05-17 07:10:42,5283c4cf62448b080c03e30ebed8742066c4c3bc6740b0ddfec4e6ad4087a9c5,897072,330.0,176.0,0.533333,1,2,339
2025-05-17 07:10:42,923182181a8211baa26f1127f060ee50d03ca4ba77488ae728348c8df5d43daa,897072,330.0,176.0,0.533333,1,2,339
2025-05-17 07:10:42,63b7e50a736ca2bb6d09ff93b2e1ccfbe0e273a1cb924f3b59a6c06129c881a3,897072,330.0,176.0,0.533333,1,2,339
2025-05-17 07:10:42,13aa13b785920789acf463f14ce243b09b9ac21c77cf69131cd937a7ce12449d,897072,330.0,176.0,0.533333,1,2,339
2025-05-17 07:10:42,c0a50d02cd33b1726b5b43ea101e5a63f452e412dc676d3ff1fcaf3360eb6196,897072,330.0,176.0,0.533333,1,2,339
2025-05-17 07:10:42,b473fef5f23bccfa8b68e5055eca1da0ea601b74f76d5b3038298871afa54d94,897072,330.0,176.0,0.533333,1,2,339
2025-05-17 07:10:42,27c2623fb6ba03a3663ceefde72f2537bc871773dd0b7b68dd158a8f73126292,897072,330.0,176.0,0.533333,1,2,339
2025-05-17 07:10:42,720d88d2ac68cf4d1765d1ce9065885150885fffa9f408f999d25adea8b3a38e,897072,330.0,176.0,0.533333,1,2,339
2025-05-17 07:10:42,6c3ab91cba5c65436ac5cfdf473a386a4b5b9b59143acb190a12a7b86580bf8a,897072,330.0,176.0,0.533333,1,2,339
2025-05-17 07:10:42,8a0e1746138d05fd6c4488c2a5e7964ffe4f66f49d7b9b734b60a2dbf32aaf83,897072,330.0,176.0,0.533333,1,2,339
2025-05-17 07:10:42,36431083123cbac824dd7e39fcb61f8de7b158444c15bf00e3dc1f6a93589f76,897072,330.0,176.0,0.533333,1,2,339
2025-05-17 07:10:42,64c9dddf542a0409b8d4acfae5c9862d8535d36a6c483d6be4490ce41230c975,897072,330.0,176.0,0.533333,1,2,339
2025-05-17 07:10:42,d609a990af1e93528892eb7973936ad936a14a65d552006d03e600259ec91473,897072,330.0,176.0,0.533333,1,2,339
2025-05-17 07:10:42,2b36e3dfe865367a0742d599898d4d11482f154971f8f5497c6b144ebc298567,897072,330.0,176.0,0.533333,1,2,339
2025-05-17 07:10:42,6e3f95fca891f38f6fb2241e69e59bc12d4258c8e4a69e83dde12973d917d265,897072,330.0,176.0,0.533333,1,2,339
2025-05-17 07:10:42,f228ab0f490fb58b3854523b63f469c08336294f77d5ce84a215a18476faf858,897072,330.0,176.0,0.533333,1,2,339
2025-05-17 07:10:42,259cf7d8c87e6cd624c0b75cd169027585ed41c77baaaef3545997285028d050,897072,330.0,176.0,0.533333,1,2,339
2025-05-17 07:10:42,10c768d6bbb9ee07b895c0350755b0051f48ffca98ab1cb8932e7f9ba30f8241,897072,330.0,176.0,0.533333,1,2,339
2025-05-17 07:10:42,e373a81988f1067656ecacd450d0a4634a528b23827559dd44641ccc1a71a13f,897072,330.0,176.0,0.533333,1,2,339
2025-05-11 22:30:28,85f3b0b0e1e6a95cf30bd43f23dcce078e0ccb0466915768d0346e5cee286dd3,896320,117745.0,217.0,0.001843,1,3,298
2025-05-11 22:30:28,bb2afc58f026a48a33b815524221f501c872601cbb33d1bbad134836d16a6bd3,896320,117745.0,217.0,0.001843,1,3,298
2025-05-11 22:30:28,b05ad605958955fa72e0424218b32525d0a160a76d4a145f3fd3c08a6a891cd2,896320,117986.0,217.0,0.001839,1,3,298
2025-05-11 22:30:28,f747480ae2517daee30f8706430453d051cafd82c4797f27f421a407c07fd3d0,896320,21500.0,217.0,0.010093,1,3,298
2025-05-11 22:30:28,b9721581a0ec243dcd3872382f239bcb267e4d1ce5206dfba0ef69bfda59e7cf,896320,35125.0,217.0,0.006178,1,3,298
2025-05-11 22:30:28,bd956486ea3c0c67182359190e1434700ce6850cd27a4869b4fd270d0a2437cf,896320,1779.0,217.0,0.121979,1,3,298
2025-05-11 22:30:28,1d0ba4bfa21a6bc901cde46cc43fbaf7740fd0fab2c46be449b2ec95c0e5cbce,896320,29218.0,142.0,0.00486,1,2,193
2025-05-11 22:30:28,e4e1605334b1d9ad6b65a0b81860a9cf783277ee59b55fb82a5e18111895adce,896320,104362.0,142.0,0.001361,1,2,193
2025-05-11 22:30:28,cb6dff235357b6e41fe45bbabe4a02c920d6a65f2820db0df10a111f66a44ace,896320,31827.0,217.0,0.006818,1,3,298
2025-05-11 22:30:28,2269a1ff10a3972949c736304dd91121a247a4e2a92d7aca377b8d6527a821ce,896320,287359.0,141.0,0.000491,1,2,222
2025-05-11 22:30:28,75a4b8be2e7a3af0e4b636e52ef1bee19424351184fefe2124e648318db168cd,896320,10022.0,217.0,0.021652,1,3,298
2025-05-11 22:30:28,19cf8c9d6c57f30ab72a2f4971acf397501d575cc3c7f6b2590d4ef57db139cd,896320,35684.0,217.0,0.006081,1,3,298
2025-05-11 22:30:28,214b8763e228e8e359b87caf66e45125b5e1e96bea597d74f9f288a6c8ea06cd,896320,64009.0,205.0,0.003203,1,3,286
2025-05-11 22:30:28,6f074108b9546b8c6a15bc9f765ad35c431f3dd9e984546b61e90b5de54240cb,896320,39703.0,217.0,0.005466,1,3,298
2025-05-11 22:30:28,e5234ce21e4e4ca6eed14497260c160aa6aaf406cc8dc0634de6eccfcc7c42ca,896320,117986.0,217.0,0.001839,1,3,298
2025-05-11 22:30:28,ae2ffa18aef9e902b5ac01c099e7bcc676a982bb1a7030c9cbe21b9048659bc9,896320,39703.0,217.0,0.005466,1,3,298
2025-05-11 22:30:28,058da250206885d01d740289c996e83f025f7b5986a68d0613a025baeb3559c9,896320,26606.0,217.0,0.008156,1,3,298
2025-05-11 22:30:28,c4fb50f34f40eeda697f306d2d70688cef1c4caaed669c6a53d4ff6add531fc9,896320,67133.0,143.0,0.00213,1,2,194
2025-05-11 22:30:28,61c6e7a370c47eac2f08895a6d1c58cb501fea18e63e95520805aff71579e5c8,896320,32925.0,217.0,0.006591,1,3,298
2025-05-11 22:30:28,54d318d6f37d51eecbd21d22615d679086c1479b7d67191b4d06b80179d890c8,896320,36231.0,217.0,0.005989,1,3,298
2025-05-11 22:30:28,b5aa92537b860e6007df6349e922db4ce82a8bd33961c29d8fc0cbd6ff1408c8,896320,62356.0,217.0,0.00348,1,3,298
2025-05-11 22:30:28,8fac7586fce1877cbaf2dc8454fb1401d839932406e9a8c912935af3bcc3b8c7,896320,26710.0,217.0,0.008124,1,3,298
2025-05-11 22:30:28,0fee2c58406ef09c2f1b2d21b0229324400317855131871a9c8ff553f32f92c7,896320,31610.0,217.0,0.006865,1,3,298
2025-05-11 22:30:28,aa55418daf2b75d19f92b50c5909757d009f21522fe3c477121cc6865bd579c7,896320,64009.0,205.0,0.003203,1,3,286
2025-05-11 22:30:28,b1d0289eee06bb3c80f96a914966727e92581f1aaa5a573f798a55f9d3982ec6,896320,83276.0,205.0,0.002462,1,3,286
2025-05-11 22:30:28,55c45c84b8bcc1c6ce86eaedde1da08c16f279e61d59742b33ba658abddddcc5,896320,546.0,154.0,0.282051,1,1,331
2025-05-11 22:30:28,c88692d11af3aaff1cc8a628d19bcced1fc0017c8b129c5d4329c6b6f7c440c5,896320,34908.0,217.0,0.006216,1,3,298
2025-05-11 22:30:28,7f05d0c65fb3dc193d6c259aa69ddf4f9090a4602a5620c025ca0a3efb7833c5,896320,109218.0,142.0,0.0013,1,2,193
2025-05-11 22:30:28,c48649ad1c12c261fdb0dfa97dc920dcfcb9fab5c1b8bdabbfb6f86b08420dc5,896320,32925.0,217.0,0.006591,1,3,298
2025-05-11 22:30:28,286ce30207463a9031114657033730ac185d72e673e6fcc92622dac810cbbec4,896320,27250.0,217.0,0.007963,1,3,298
2025-05-11 22:30:28,c7eafc0c76be266b35d1a6347b3b996634ae77164725f31dfd1fcf92850165c4,896320,1965887.0,144.0,7.3e-05,1,2,225
2025-05-11 22:30:28,3af40c43caaf56e2aa2feeeac8b66ccc5240ff562ff7333293baead0874b4cc4,896320,1779.0,217.0,0.121979,1,3,298
2025-05-11 22:30:28,7c25a458faa8d1ec4ce39dbd818ccfd8e7eb95034954fb81c70b3dd4f5263ec4,896320,369115.0,141.0,0.000382,1,2,222
2025-05-11 22:30:28,78ab70724a21506bc096133f3182e3d82a69add022b2159597af29af5ea747c3,896320,29182.0,212.0,0.007265,2,2,312
2025-05-11 22:30:28,2d9945487b35e1a440403780a0c1b6cb101f0614b310f317d0821e9073892bc3,896320,546.0,152.0,0.278388,1,1,324
2025-05-11 22:30:28,361f054d24e7ff3225e6bebd15fabc84ff3ac3aa2530898f0f3d0c2a71c8a4c4,896320,19289.0,154.0,0.007984,1,2,205
2025-05-11 22:30:28,2d3b67b1add35f5eaa0026aac483823714596776e8b687414153272b2fc61cc3,896320,35125.0,217.0,0.006178,1,3,298
2025-05-11 22:30:28,58655a5b92844a0bd52e08f011884b17ec1c59db585e95a1222fbb18c8e438c2,896320,38392.0,217.0,0.005652,1,3,298
2025-05-11 22:30:28,a022b2cccad62f6c16eba2af0537730ef55559b8b667f8b9da16292cd050fcbf,896320,38077.0,217.0,0.005699,1,3,298
2025-05-11 22:30:28,18d980f747f300ed598b6e116eaaedd0fc2dff3248d82ea7140665113ebdeebf,896320,39703.0,217.0,0.005466,1,3,298
2025-05-11 22:30:28,4a7862ef4a05613dd725e45b7f0d5b90401f8ffa4d6a4e237218b0f887625fbf,896320,1779.0,217.0,0.121979,1,3,298
2025-05-11 22:30:28,57a22d1eca22f59ab6f7c717e236fc2cd01aba2cb94229f2f219e2139bef01bf,896320,226539.0,141.0,0.000622,1,2,223
2025-05-11 22:30:28,79f028e006bef35b8fa85b450cf428b8942e075258db582df22123c7d5706bbe,896320,528424.0,164.0,0.00031,1,2,245
2025-05-11 22:30:28,09e0a8188bf2759289cadf083f9eef03d5ff55e8a7d688e2d84b51c87f9b06be,896320,29743.0,257.0,0.008641,3,2,407
2025-05-11 22:30:28,0e6c2676e1c837cf59f16d1e0cd23b0f97c027e4c5d8319506c54336dd6502be,896320,35125.0,217.0,0.006178,1,3,298
2025-05-11 22:30:28,18450a0feac07775d8d3674b7cfaf9ff1b99d686f48cf427c6a09bdc92d02ebc,896320,28132.0,217.0,0.007714,1,3,298
2025-05-11 22:30:28,493b9aa82b47d55b4804e2499c92e018d379fe498e9b85392579ba4e24700dbc,896320,28132.0,217.0,0.007714,1,3,298
2025-05-11 22:30:28,3a76914cd46cb69680c2ab95910f2dc409eca98428af96a9c32e522436be8dbb,896320,60988.0,217.0,0.003558,1,3,298
2025-05-11 22:30:28,176f3546af16576fb788a14fdb61f8cb0c661e1de49584ee0749855ddd206bbb,896320,34590.0,217.0,0.006273,1,3,298
2025-05-11 22:30:28,1c400b12a0f6fca7ddc37c3706125fdca232a789d266713840b03dc986c969bb,896320,13134.0,2977.0,0.226664,3,4,10993
2025-05-11 22:30:28,690f0efebd73fb588c453b87a73c87930baafab6a30a4533a7a4e3967d59ffba,896320,39703.0,217.0,0.005466,1,3,298
2025-05-11 22:30:28,1d7409f12628b2a47abacb0ed376869aff9df2aff9ca0ac42461f08fb8eee9ba,896320,56372.0,217.0,0.003849,1,3,298
2025-05-11 22:30:28,f30e7e28b68e21df136fd28ab8137494a98430a18cf132794cdfd4dbfbbcdcba,896320,28123.0,217.0,0.007716,1,3,298
2025-05-11 22:30:28,d07355eaf1a75f9257728f7f8dc4d08ef03a0c1dab2a46e9973a0a08b48695ba,896320,38077.0,217.0,0.005699,1,3,298
2025-05-11 22:30:28,d7e8f20cc8cecd487cdc241dfc0a997b96608d2fa69e4e2421f86d46f350aab9,896320,546.0,153.0,0.28022,1,1,329
2025-05-11 22:30:28,0b9344e0d0446e33513b98d635ae9461872718923a66cc9b2507544ad88628d9,896320,5793.0,154.0,0.026584,1,2,205
2025-05-11 22:30:28,add33fec0383010334d02ff19dc9f615fe9bd9ac878bf0e6996ad0a965d42fb9,896320,46611.0,217.0,0.004656,1,3,298
2025-05-11 22:30:28,9c8dd71fc8b6eae089b0b443685c5ee2dd650af7fe58c97d1c591d69085fa6b8,896320,28133.0,217.0,0.007713,1,3,298
2025-05-11 22:30:28,c3477d14d4813b1cc5743138bbfc432d0b61a629e4fafa449b467829702437b8,896320,58117.0,217.0,0.003734,1,3,298
2025-05-11 22:30:28,21427626785107349725a3c51fee8ffcae346db36493d5989cd5b71cc71992b7,896320,28315.0,217.0,0.007664,1,3,298
2025-05-11 22:30:28,3b6c7f32aba0e9029a09ba73beff514be9835c860c783583cc2aeba76f9766b6,896320,64009.0,205.0,0.003203,1,3,286
2025-05-11 22:30:28,f1e1b023310cd6699dc45c39a0a6a6f0f6b98cedcb804285b9a72cb2dca810b6,896320,27468.0,217.0,0.0079,1,3,298
2025-05-11 22:30:28,197890ce56531f2c8925d12f8d4205decf69a373f123ed2c558127ea3933c2b4,896320,34920.0,217.0,0.006214,1,3,298
2025-05-11 22:30:28,983fe6d713fdd653900e44623c71f360ac7d04cc740e1baa6b4175199f8386b4,896320,9763.0,217.0,0.022227,1,3,298
2025-05-11 22:30:28,41b7e394d9c095dfd9511e20f7df01969d7e3bed4b3b7c8b44b5d452ed2967b4,896320,63120.0,217.0,0.003438,1,3,298
2025-05-11 22:30:28,95bd5a860642563452dd0a97fa63e8b825c1da3ce2040aa5d453308585a324b4,896320,56589.0,217.0,0.003835,1,3,298
2025-05-11 22:30:28,aa2d132adc6bd2ca52715a61219dfea55115ac4cd67f578d207913222c8606b4,896320,35684.0,217.0,0.006081,1,3,298
2025-05-11 22:30:28,6a8fb77478436dd1161429bb79e29499642c3ac2e1d9e80c5d6074cfdc8b07b3,896320,38609.0,217.0,0.00562,1,3,298
2025-05-11 22:30:28,2ae24997af126f74e955ece816ca71814b0639a2ccf942be48e3095e9ab7f5b2,896320,19743.0,217.0,0.010991,1,3,298
2025-05-11 22:30:28,bbb63f66e36d5e16cd7be512bb0e04c6ce14402ae2023719b69a3857a76d13b2,896320,63537.0,172.0,0.002707,1,3,253
2025-05-11 22:30:28,6a6e725d3ccf43bf48c3d992c7400465b639607ec8dc7080e63b31ccfd2c33b1,896320,123095.0,178.0,0.001446,2,1,340
2025-05-11 22:30:28,e6d6d6afb1a29b77efd0e625d3b16cd437f49ad68db65ad3580ec4f239cb26b0,896320,2246.0,154.0,0.068566,1,2,205
2025-05-11 22:30:28,e376e44b600f7f54abeff7e2b22fd04e579021233afcd2ad56d73de3cbbd24b0,896320,35125.0,217.0,0.006178,1,3,298
2025-05-11 22:30:28,69eb08d46eecdc4aeb88eb658759fbab0127404d8ab6107907e5fa15c13e56ae,896320,32044.0,217.0,0.006772,1,3,298
2025-05-11 22:30:28,a3fd1e387ab42d57a742772d4b57fc987ba9eaa03ce31305e2bee5f30fb00eae,896320,38621.0,205.0,0.005308,1,3,286
2025-05-11 22:30:28,8a97532361af44168dbe5787dc36fc3c13d27efcde7c13f57e936bf42081a0ad,896320,33481.0,217.0,0.006481,1,3,298
2025-05-11 22:30:28,c878c5d23e193091568ce94669528731a4e6536a226d1563d24e34cfa19479ad,896320,61752.0,217.0,0.003514,1,3,298
2025-05-11 22:30:28,f9a591ad7e68344e99dda1426fc5148c38f1597c41dbbb31b5fcf32b109bd5ac,896320,106104.0,141.0,0.001329,1,2,222
2025-05-11 22:30:28,81d748844646a7113a16fc4209eb7476afb9932052afe4b3f87c230d22cd45ac,896320,83276.0,205.0,0.002462,1,3,286
2025-05-11 22:30:28,3df197fdfb6979f7536ceecd47b5f5695156152747307d773e47893a85cabcab,896320,349786.0,356.0,0.001018,4,2,678
2025-05-11 22:30:28,3d103bf135c8308efc01df33efd1792d76864a7fbe5ea8bcb1d4e9a4676bbbab,896320,7370.0,217.0,0.029444,1,3,298
2025-05-11 22:30:28,3d15b70a2b0ab714af3028b07de73083acba2e87d75e7f34f3553d92c6b064ab,896320,64009.0,205.0,0.003203,1,3,286
2025-05-11 22:30:28,1ea2471804672b8f4a1b5ea6d342f1b195ad20eed1f192d9e79216190bed52ab,896320,4417159.0,141.0,3.2e-05,1,2,222
2025-05-11 22:30:28,69ef31b4cb77ffd3af2ebe734a718e0f8e9be7f855b82e5b21430e36978192aa,896320,38077.0,217.0,0.005699,1,3,298
2025-05-11 22:30:28,1f149f6ea1d6c42c22ba2908671c056fc835cb7af921238a94598b048c918eaa,896320,36445.0,217.0,0.005954,1,3,298
2025-05-11 22:30:28,8993b6dabe4f9c50ffbcb1abc5c80feb830471d9ae6021791d9359267f3eb3a9,896320,39715.0,205.0,0.005162,1,3,286
2025-05-11 22:30:28,2ccce22ce88e62f9702a9dcbb2548921fd4599953c30e8e417957ad7490d8ba9,896320,37298.0,217.0,0.005818,1,3,298
2025-05-11 22:30:28,9ec4623457943a3f9a30d4981b1878f8958cd1b69b8d6e9a66f98158dd922da8,896320,398754417.0,141.0,0.0,1,2,223
2025-05-11 22:30:28,9adb2ad9a254a07b69b64f689d1ddda67d32c17a9e2b81487a1b67b6ee41e2a7,896320,40104442.0,144.0,4e-06,1,2,225
2025-05-11 22:30:28,4a5e2002d5ef024317d44f44f972d27a7d829bbe78409a5156577c6a9a00a0a7,896320,30846.0,217.0,0.007035,1,3,298
2025-05-11 22:30:28,e0b1bb59dc7166ff7b67555b704043dac4e8843778b6f089caed361d94948aa7,896320,33481.0,217.0,0.006481,1,3,298
2025-05-11 22:30:28,ca582da7551dca4d9f532f267b0c78b430c3411b816ffcf8c196c5ae4c0165a7,896320,70935.0,545.0,0.007683,8,2,942
2025-05-11 22:30:28,e02480afc6dfbea327a86ae5391a8d07f320aae5ae1a9fa94be2929b995d12a7,896320,15822.0,217.0,0.013715,1,3,298
2025-05-11 22:30:28,34c441c510bee61a46a4777b64178e2620ab5c02157370538e7da39b185609a7,896320,6848.0,217.0,0.031688,1,3,298
2025-05-11 22:30:28,48a5ccade684d26d0f9d7e80b6991bfd2a24cc26c23215968b4d1d39c8d198a6,896320,57549.0,153.0,0.002659,1,2,234
2025-05-11 22:30:28,565dea9477d10d50388dab6ff9f4c8ac706f2696f399a051a0bd9055cf7705a6,896320,18111.0,217.0,0.011982,1,3,298
2025-05-11 22:30:28,1cd7da1955e73f7921929872093dffa0d9490178ef47b651aefe4b95dea5eca4,896320,1409655.0,164.0,0.000116,1,2,245
2025-05-11 22:30:28,d54f97d4d62da4b46e683af5f351f2d1ce6db08360d5193488f62ff2d66b0ba4,896320,31275.0,217.0,0.006938,1,3,298
2025-05-11 22:30:28,8b0cdccb11429c92a9cc2ae34d6850537b65cd161c4a0b56c1e6b5967c9c99a2,896320,35125.0,217.0,0.006178,1,3,298
2025-05-11 22:30:28,a01fa240232f9c1e047fbfb1b7c77fa9b207ff35adfd7a8c1002a9b56f5197a1,896320,1728.0,212.0,0.122685,2,2,312
2025-05-17 09:37:04,e62c4c6880daafb5acea67e259d0a5315b156949404f5c5179d5eb2a55660de7,897084,83879.0,864.0,0.010301,1,2,226
2025-05-17 09:37:04,55b2c76fccc1ca7eb7729b7419c517793559b47a312bfb7fec22b6f79e57dae6,897084,399263.0,4830.0,0.012097,1,4,450
2025-05-17 09:37:04,f352b4eafaa86c1b37863ba07f6feb0bfd3c33d5f6d5f640bdbee2335652bee6,897084,49570.0,660.0,0.013315,1,1,191
2025-05-17 09:37:04,1fdccd3975eb2a709deedde002d98883aebaf4f72a4285d4389a0f8ff24e5fe6,897084,546.0,918.0,1.681319,1,1,330
2025-05-17 09:37:04,7c65ab25210cb8e8ab656147996a90ea1909c942a9a443043193cd5face8d4e4,897084,546.0,828.0,1.516484,1,1,305
2025-05-17 09:37:04,86bb9086df44a979cfecc46ee12cba19b43cda487f11277d2ee37dc289be7be4,897084,9400.0,600.0,0.06383,1,1,151
2025-05-17 09:37:04,efe02515a95b3a05a03607b84a0794996a04281d28aa8e86906a2a9ccbba6be4,897084,546.0,924.0,1.692308,1,1,331
2025-05-17 09:37:04,499c85ffec5ffac2db758ae87d51db81eb4d890dbb62e21b0caf154d4499ebe2,897084,710336.0,1290.0,0.001816,3,1,365
2025-05-17 09:37:04,1575bae2f2a210e573c50d2b2dca508029a2aeefde87a800677fecb9af337ce2,897084,155832899.0,2832.0,1.8e-05,1,12,554
2025-05-17 09:37:04,145b2dca6ce40531542e6ba96a08bbf518795da564014bfb83d1797bd4ec5ade,897084,18488292.0,846.0,4.6e-05,1,2,222
2025-05-17 09:37:04,ef72f86c5c9d1362d63a630573b5a8474a1cd82cad082dd185d68cbc8b99dcdd,897084,47687.0,846.0,0.017741,1,2,223
2025-05-17 09:37:04,321b6e33478cf2849e37c9961d6113439380bb0145c1c451c2a5a176471706d9,897084,17411.0,924.0,0.05307,1,2,205
2025-05-17 09:37:04,d4a4b21826a1e92a3789c07ba94763dfdf3b738ad7a2db003acd885952c6b5d8,897084,116005853.0,846.0,7e-06,1,2,223
2025-05-17 09:37:04,094f9e36c13d1bb3cc3ff9145c8e7a2865cf9c16a765f315b2f1bfbc7c63d7d6,897084,13231187.0,1056.0,8e-05,1,3,258
2025-05-17 09:37:04,d4831b5c94aedd3057a01a370c1e67d93e8eec5a2e25fb8c0513eec7aa62aed6,897084,52290.0,660.0,0.012622,1,1,192
2025-05-17 09:37:04,a43e1d919b9a7148a7b959a169cbfc7ee91065aa7650d8b5b5a6d3ffa06805d4,897084,77451.0,918.0,0.011853,1,2,235
2025-05-17 09:37:04,533cfa198d0299c99200fa62528186fb5b9fadf290a83aca0e362ecc429cd8d3,897084,228496.0,1272.0,0.005567,2,2,312
2025-05-17 09:37:04,9072b6a5cee9c1fb253b5c60159083ec1a2e3131b73e3eee5ef13446c87498d0,897084,6145604.0,846.0,0.000138,1,2,223
2025-05-17 09:37:04,3ebcc91ac61cfe103bf89a62bf782f53db041c2b022b1ec6daca570af2dd25ce,897084,546.0,912.0,1.67033,1,1,324
2025-05-17 09:37:04,76bb09a1ffe71cdef63d25987715d46f28587adbc5382f54307b4344139578cc,897084,4581693.0,846.0,0.000185,1,2,223
2025-05-17 09:37:04,aa9d9200b5312ed7c9038a772edc83e181c7a0fa5900e4c1e3a13869e62945cc,897084,2999076.0,924.0,0.000308,1,2,205
2025-05-17 09:37:04,a9c4d97ab7b6ba40070c03029f98b732de2b5d6163010b1169f387307a1dabcb,897084,1974129675.0,1269.0,1e-06,1,2,222
2025-05-17 09:37:04,0a29218d9f36d16fd1b1a202df1c5b0a54963289194812b580bcf464ba0228df,897084,1974161006.0,423.0,0.0,1,2,222
2025-05-17 09:37:04,f86b2fa810ddaae38b2283f7638ea870313f6a679db86c48bf7c2f45be6162cb,897084,546.0,918.0,1.681319,1,1,330
2025-05-17 09:37:04,caf96a18dc463de706d3b68caefb29f3b4a02b0e7de45e2f8306ee60abe60eca,897084,546.0,852.0,1.56044,1,1,319
2025-05-17 09:37:04,510b63517f05a8f02ca0fcb0591ace5946fd34b242e8bd23cc1f4afcdbf1a8c7,897084,137137641.0,864.0,6e-06,1,2,226
2025-05-17 09:37:04,42d8337342b924789d21a0eead5feb1573a4c3d9d2e6ca120502f7b43f95d9c6,897084,3290948.0,846.0,0.000257,1,2,223
2025-05-17 09:37:04,e331068ad5540a30c806df23bffc48fb271143287628b27d8b313aa5a899d9c5,897084,363257.0,1272.0,0.003502,2,2,375
2025-05-17 09:37:04,232deb3eafa10ba721a1ac73f06db05c502df5d40909ccc060876ecdd45628c5,897084,1332.0,1614.0,1.211712,3,2,419
2025-05-17 09:37:04,f831f969ba1252388e7dcb54015b57f08c9a494ee31b7eada79c02ffab94d4c3,897084,546.0,918.0,1.681319,1,1,330
2025-05-17 09:37:04,6d52ca6f862d8327c096353af78b1cf050e308f91859e9d7626e3c93da6f5bc2,897084,1454430.0,870.0,0.000598,1,2,196
2025-05-17 09:37:04,69563656637598706290511f222d9edf8f6e53ceec6e7e492ccb59fd293ae9c1,897084,51369409.0,846.0,1.6e-05,1,2,222
2025-05-17 09:37:04,f6d57bdf6ccae4c7bf43750205e422c4bef131457aee8889240583c1f0c7e7bd,897084,76982.0,3018.0,0.039204,8,1,900
2025-05-17 09:37:04,14d4a543975ee7e18f1b348a8248c849618e9644624c52dd621d37b41dcf95bb,897084,234340.0,660.0,0.002816,1,1,192
2025-05-17 09:37:04,b4c7275dd9ca8cb36136f826f9be7d8501528ee3d70d423cde488ee38e56b7b9,897084,5304094295.0,2406.0,0.0,1,10,482
2025-05-17 09:37:04,adb698b15776f0a4e9fe4f70b2e2ae711c2d375d66baeffc716a19426305ddb8,897084,290097853.0,864.0,3e-06,1,2,226
2025-05-17 09:37:04,99b7eb755c1b5bbd82bdfb67908e465cc9b22f615e161116ebdb5c8d316489b6,897084,1510924.0,924.0,0.000612,1,2,205
2025-05-17 09:37:04,ef501f1babab83c1a8a50caf93de3ff3082b872470bcd170d7770e4c4d0099b5,897084,175811.0,948.0,0.005392,2,1,258
2025-05-17 09:37:04,2363cd95b8e970ee10dcb0bc42549306d788d5a64bf01d3621eb6a83ce5671b5,897084,84160.0,924.0,0.010979,1,2,205
2025-05-17 09:37:04,6d46927c252a3edc172b6746336c79bf37caf9671602810e10d9747566434cb5,897084,127162.0,846.0,0.006653,1,2,223
2025-05-17 09:37:04,aa6034060fd80b39637e47ed34b31c442875165cdf0181feda7debff6a5d4ab4,897084,546.0,828.0,1.516484,1,1,305
2025-05-17 09:37:04,c6a9075043d84416f019b35f2ec119c1cc864a07174a4e7c1c4ab0f473266eb3,897084,546.0,858.0,1.571429,1,1,323
2025-05-17 09:37:04,9741c6e0cdd637094426fdd755d909dac9befa7c911fe9053163aef950d651b3,897084,633913.0,846.0,0.001335,1,2,223
2025-05-17 09:37:04,b914a2923850a49395a8b6e5852c17a37d66ef396208b6f67af92d139eaa99b0,897084,13590.0,924.0,0.067991,1,2,205
2025-05-17 09:37:04,5c0a772319dc60052bce37fb861c5e7807ede5df53daf6ba66c2f5eac807d3af,897084,546.0,918.0,1.681319,1,1,330
2025-05-17 09:37:04,5873b8a8acf1df3cacb554c332325d9f4081a6e9d39477f6b24a05b8a2efb7ae,897084,5214139.0,846.0,0.000162,1,2,222
2025-05-17 09:37:04,36b77a20541ee63b27059638a2e9152aa6f66266b6394ceab11666e69a60b8ad,897084,1695789.0,924.0,0.000545,1,2,205
2025-05-17 09:37:04,82a2b9f81efc8cb404b92f28f43b79f91f24e9a0ad900aa6693886126e0e93ad,897084,12535.0,924.0,0.073714,1,2,205
2025-05-17 09:37:04,e2892e34fea39358614980ed1e98693847b6194e7180e3c92de28ba7b831a6ab,897084,310026377.0,1986.0,6e-06,1,8,412
2025-05-17 09:37:04,3ead1a5b1e959e6af606c49c2ad3ba80cf8333a6ca3ee0868afefa1c69b854a9,897084,1121344.0,2472.0,0.002204,5,2,814
2025-05-17 09:37:04,93cade715e803b2bce36e1cd7b6c23b27a69c45d85558c995e83c5fd4d1c39a8,897084,546.0,918.0,1.681319,1,1,330
2025-05-17 09:37:04,ec89b53417d1487cae3d40d256c7545fc55f8bb33a88a532a32b6f5df6a1d9a5,897084,331108.0,4830.0,0.014587,1,4,451
2025-05-17 09:37:04,aa9be3fc7730aa2554abdac17a38da8596684d24e72f07d4ca4dc84d9a40b0a5,897084,171113072.0,846.0,5e-06,1,2,222
2025-05-17 09:37:04,ad0bdf901905c8e756bef1baba22edf3182d5ae20e2d957ee22a28a0e3a4a8a5,897084,546.0,828.0,1.516484,1,1,305
2025-05-17 09:37:04,9963bd77473de851fabe9f974a7086e5f7542a7f0a384afef638098f725feaa3,897084,546.0,912.0,1.67033,1,1,323
2025-05-17 09:37:04,fb45c9d1b4472ddd3f18d46f2b2a6176ebaf557caaf8b324f9091bf5cab503a2,897084,18733.0,924.0,0.049325,1,2,205
2025-05-17 09:37:04,d52effe25c89f26dc55879d16f333cbc1b75ea443d6c516606d4cb2f3e7e28a0,897084,599076.0,924.0,0.001542,1,2,205
2025-05-17 09:37:04,416dc7a3fa75d97cf672300a87a7f679c3754682e5d6110256abb42595e4eb9e,897084,546.0,924.0,1.692308,1,1,331
2025-05-17 09:37:04,49425c815149dddfa7052973bf124a90dc7dea847ea8f04e04452ccff1d4c59e,897084,546.0,918.0,1.681319,1,1,330
2025-05-17 09:37:04,d36ea86a00334e9a67756c0efd45a92c75785f47a4fe8a70f516e65e3bc01a9e,897084,123135.0,864.0,0.007017,1,2,225
2025-05-17 09:37:04,3a67b9d6786ddea5262da1f6a5cdd21fffcbb5a8ba3d55c36e381c70b6cade9c,897084,90264.0,846.0,0.009373,1,2,223
2025-05-17 09:37:04,56e1a819bffd4eeab50637ae5f89ba6d6db98553aebf2fbdc7d36b585f641a9c,897084,388074.0,1272.0,0.003278,2,2,312
2025-05-17 09:37:04,6926276cbf58ed86a7b86623863ff889a78ce6586d128590dc33d8cb942de79b,897084,188196.0,612.0,0.003252,1,1,153
2025-05-17 09:37:04,9c734f4bea5caac9f8958586931fde1f9779be31da31d7c210a9e000387b7799,897084,22043.0,4830.0,0.219117,1,4,450
2025-05-17 09:37:04,2dbbe4047b27ccca21b1011f669f8a6c2c478d1b9286bf2a83ccc70dca4b5498,897084,15154.0,846.0,0.055827,1,2,222
2025-05-17 09:37:04,a47c5a96af3e4d387eabb20e81627a3634cf3c1a73b2505192d34a4b73a04497,897084,99998944.0,1056.0,1.1e-05,1,3,257
2025-05-17 09:37:04,18270cd0f11045251f7e4e19d40e413a261e5477cd8141bfa4f8d699400e3b97,897084,7813.0,924.0,0.118264,1,2,205
2025-05-17 09:37:04,1995ac4e878d92085c8147c9c21413aad935e6998774de68ead7b9daded02f97,897084,546.0,852.0,1.56044,1,1,319
2025-05-17 09:37:04,c4cf497a57f953ce501f22d3b4a59f7d4a90dfc8cb5d48bb266c04d3a3b01494,897084,546.0,828.0,1.516484,1,1,305
2025-05-17 09:37:04,678732c5407f694caaf3af8f73fb25793f1b6e7bc93e42bf57a57c60b32bed92,897084,603300.0,1410.0,0.002337,1,5,316
2025-05-17 09:37:04,14650c94db9a01a28452f903d66da262841e48a445aa3fc4b26b5618bc0e4092,897084,47400.0,600.0,0.012658,1,1,151
2025-05-17 09:37:04,06c1fad1a38eef6a45e114f56bb3aebfd1fafaa904f36ac0f81c234213b89a8e,897084,20226087.0,864.0,4.3e-05,1,2,225
2025-05-17 09:37:04,9cbe1c45f4e6ffbe1afda2309970205ed7e242e4d9bad7bf65149319c086898d,897084,546.0,918.0,1.681319,1,1,330
2025-05-17 09:37:04,023c5ad8c8ebafd19700da97881d68e7cb6f98e7566e421cb4dff67d33b6bfa1,897084,17411.0,924.0,0.05307,1,2,205
2025-05-17 09:37:04,96c274cfd6c46ee0460cb887850a83676f9c24361b22d8c563790396a7e8858a,897084,1106191.0,2250.0,0.002034,5,2,624
2025-05-17 09:37:04,7f3d24247042d8fecd91717b8d75d0ae6d702e84a731fa59c09eb7d17dedf387,897084,733271.0,864.0,0.001178,1,2,226
2025-05-17 09:37:04,302a658e53b01a000b1e80952781a48830fab0ccdf75cb2b83c37a8c87cca484,897084,546.0,912.0,1.67033,1,1,323
2025-05-17 09:37:04,a3e2d2ff1dcaedffa7b2ef4dd1e088c93027e81dbec526e7b7e24664cf36cf82,897084,107053.0,852.0,0.007959,1,2,223
2025-05-17 09:37:04,20cbd994b2392e38f493e64c3d7b620bc4f08a0ae7adbbc61ea6bbcb05eb9681,897084,341482.0,846.0,0.002477,1,2,223
2025-05-17 09:37:04,de07900e15d9dbc5565c49791148982f1a9cd20597df0dd67e656e67bba46881,897084,75081.0,1260.0,0.016782,2,2,372
2025-05-17 09:37:04,68c30c540cd46ef69451ada7808f0e1337a94ac0e8cf8ee1f14a7c1917633681,897084,1004919.0,864.0,0.00086,1,2,225
2025-05-17 09:37:04,62ad1ee0e7908072d07b03fe27a92ad6767e1bfbac5ed776462f465350d2a280,897084,314367.0,1272.0,0.004046,2,2,374
2025-05-17 09:37:04,eb9ddcf97027eac0b1d6e99ae213c4f54334ab30de7a713abe4b8406ea453380,897084,122239141.0,864.0,7e-06,1,2,225
2025-05-17 09:37:04,2f6d081eb1170ae31f241de8228100cdfff24683c98f75d177c8200de778847f,897084,49076.0,924.0,0.018828,1,2,205
2025-05-17 09:37:04,d59d47a0193d8f1a8a7998353f570c7692b9c4949b2ebb7b5428ea65680daa7e,897084,546.0,912.0,1.67033,1,1,323
2025-05-17 09:37:04,93e61c59fb7642aa84f08529958bd61c4c54ba0806d47888c5d5524b984caeaa,897084,175717.0,924.0,0.005258,1,2,205
2025-05-17 09:37:04,b0115b16194b4fd3975f80cd0f50f4dc9366c13f180568e87b933962c2f8e57d,897084,635274.0,1272.0,0.002002,2,2,312
2025-05-17 09:37:04,7d34ebfeae949478096ea0fb01a0d4d43733335b25edda686f898e73ae07dc7d,897084,459148.0,852.0,0.001856,1,2,224
2025-05-17 09:37:04,25fbd63250b9222afe53e7800c1e64c5b9a185b250a53bd42ceaa2207613e47c,897084,546.0,918.0,1.681319,1,1,330
2025-05-17 09:37:04,106e220c332928b253e68ef7651c162769c2cac8de1606c9c1b417a6177d13ee,897084,7712028.0,924.0,0.00012,1,2,205
2025-05-17 09:37:04,434f3cf311212f6e3f2d58b752639f39fbbd2e2982196e8b29d33a87daa68d7b,897084,546.0,924.0,1.692308,1,1,331
2025-05-17 09:37:04,25f7c2a87877e4cc9eb8f22b48233c764b7f1d58d69449734d85d90964df267a,897084,1875483.0,1272.0,0.000678,2,2,312
2025-05-17 09:37:04,cfa1cbf7bee246737f294a9c39645d095e647127de330886e87de2ce5b969977,897084,546.0,918.0,1.681319,1,1,330
2025-05-17 09:37:04,9fe65139c3f034b61d0002b1ce5cf49bf0d7ce543a494313081c719e8bef3676,897084,101406.0,4830.0,0.04763,1,4,450
2025-05-17 09:37:04,bf21875cc32f9439d9bbf35202aecf9cbbc512f16f2ffdd653d561fff4ecdc75,897084,12955.0,846.0,0.065303,1,2,223
2025-05-17 09:37:04,8520ead0dc236e399fe5feba97e1f3568a34959b47d58ada5912352fefaddc75,897084,347350989.0,846.0,2e-06,1,2,223
2025-05-17 09:37:04,382d4f074d468713b0287f314b32024443fcfea7b3de9e067cd2f28ff536b175,897084,128701333.0,846.0,7e-06,1,2,222
2025-05-17 09:37:04,140f9b251c4a1336dea8c022daf6f834cc7ce68316dc209bc84533a51eba9f74,897084,24214.0,4830.0,0.199471,1,4,450
2025-05-17 09:37:04,ab654d5460f89052e8bc0b65db61949eabac3a25f123211337e3c3e3f7dcee73,897084,289233.0,846.0,0.002925,1,2,222
2025-05-17 09:37:04,9b988f06757b8e7ab637aacf5f2cc51404af67673661427e0dd3054b45c59f75,897084,317679.0,864.0,0.00272,1,2,225
2025-05-11 17:27:36,e4d4db77cda63f608dbb6d642cd570948cdb5f9f0937382c78811ec7cb7e8bd4,896286,74790.0,805.0,0.010763,1,4,451
2025-05-11 17:27:36,cc6c2ccb234ffd1393c1007f703eaa814986ed48c52e768da97d2095a9337bd4,896286,406250.0,154.0,0.000379,1,2,205
2025-05-11 17:27:36,9ad33ee66d5b1ac42fbd593eb50d77f6dc6ede479ec21d0e7bca6a1b4b4023d4,896286,172217.0,212.0,0.001231,2,2,312
2025-05-11 17:27:36,29af4cd4b2a53040a9a2a905be30721ebec7a99d4796a918fbcb6527d02b23d4,896286,330.0,154.0,0.466667,1,1,331
2025-05-11 17:27:36,aaf74dd85f0f467da572bd9016576f467a61807ed5e141058b359e19b32416d4,896286,1789538.0,141.0,7.9e-05,1,2,223
2025-05-11 17:27:36,84c61ca73bb432c6d6dee416777563066adf54714b71c69c1434263cc0440ad4,896286,798219.0,932.0,0.001168,9,10,1655
2025-05-11 17:27:36,fac1f74738915c800c27f1c900d54aab6b56ca5150398481197ba2c85cf0a0d3,896286,330.0,151.0,0.457576,1,1,319
2025-05-11 17:27:36,455b1461ec30bcc9f6a78d4884d9ece1dd4773b1f9ee72c35ff5ad6f93799cd3,896286,330.0,152.0,0.460606,1,1,323
2025-05-11 17:27:36,257ecf35b74de3e85b30f50249e787297d6167ff7cee84ece3aafd61ff2c95d3,896286,19982.0,142.0,0.007106,1,1,319
2025-05-11 17:27:36,f2c87377d7ee1a8cf14b33264db58191d883b02e2aca7ab66d1af2d191cb8cd3,896286,330.0,152.0,0.460606,1,1,323
2025-05-11 17:27:36,cff60e0b495741388e372ead2f4a9c540b0130fb6cd78341079c36a88eda87d3,896286,330.0,152.0,0.460606,1,1,323
2025-05-11 17:27:36,e834d33d54b05679e6f9ff501650834e8b1c33642b4312f3dc1b592d57d02ed3,896286,351.0,128.0,0.364672,1,1,266
2025-05-11 17:27:36,c4ecc05d9ab9e786e150c1569ac82f70580e1eb51a81d84de343ef7bcca62ad3,896286,330.0,152.0,0.460606,1,1,323
2025-05-11 17:27:36,2f5dc6694c88529b0f5b21464fef4b2c1ae215810044376e0e7d19655a6c11d3,896286,330.0,139.0,0.421212,1,1,307
2025-05-11 17:27:36,6aa3dd9f73685c0c41f8e20be416118a831d633fb285ab5dcd3924e7afba05d3,896286,1915988.0,122.0,6.4e-05,1,1,204
2025-05-11 17:27:36,a488aa68565530bde4a410d09f653b31e7157e96fa8428adf4ca0ee178aaf4d2,896286,330.0,151.0,0.457576,1,1,319
2025-05-11 17:27:36,21da223fd53958fb7f78b9ce5d36ba6e45003ed7a77465899ef2f72d2914e9d2,896286,330.0,152.0,0.460606,1,1,323
2025-05-11 17:27:36,717eb6f1be64688f4adce509b40deca3a256330b3054a00524549cf666dfccd2,896286,546.0,154.0,0.282051,1,1,331
2025-05-11 17:27:36,ff5c62a8371cb2aa7fb25a699efe1826d04cb92452100e8a69aaded98598cad2,896286,245780.0,99.0,0.000403,1,1,150
2025-05-11 17:27:36,06eabcae07aacc95b2558e4ea92f122eb0a666df0c9b0554a9987e3a01af90d2,896286,674272.0,412.0,0.000611,5,2,814
2025-05-11 17:27:36,91539c504a7dfd4740c78e49d4d4d62f28277369b14db31c48892e3e022b8cd2,896286,351.0,128.0,0.364672,1,1,266
2025-05-11 17:27:36,99d32fee5250ded117261b60e87cd9a31d6c5733348a93c8e32ac05f9efb5fd2,896286,23465.0,284.0,0.012103,4,1,483
2025-05-11 17:27:36,e26f26518f7b59722c6bf9161f2f6b8a2d22cf89693f67e2e9b38e58225858d2,896286,20783.0,413.0,0.019872,5,2,816
2025-05-11 17:27:36,a82456feae33b19d20923649569e04789b6be334742ff8098eacadc5b4262fd2,896286,32600.0,805.0,0.024693,1,4,451
2025-05-11 17:27:36,ce5fba5d18d0e281b41cb31fa8b4be6e7688ba11cb457776662ae685dce024d2,896286,9264.0,99.0,0.010687,1,1,150
2025-05-11 17:27:36,75142da10e9423ae4a3c90169cdeb1227727ddb53a2a9a200fbcae26d945e7d1,896286,330.0,139.0,0.421212,1,1,307
2025-05-11 17:27:36,8b728570eaa464589acfe246ded9cde7e422eee3628135a364db9b3c8368d8d1,896286,17283.0,110.0,0.006365,1,1,192
2025-05-11 17:27:36,b77ec2b14b1181bf41d22b8402da8e71f3d92c31d9f2835d9822aa3a6570b1d1,896286,330.0,152.0,0.460606,1,1,323
2025-05-11 17:27:36,7765435299dc9fbfc284ace28b1b92fe1c09434e45d44c37128e4bd888357fd1,896286,330.0,153.0,0.463636,1,1,330
2025-05-11 17:27:36,66be9ffd47ec108149e1f1636bd749af0b20148f059abce72b1cb84cdd3075d1,896286,3516.0,212.0,0.060296,2,2,312
2025-05-11 17:27:36,02839046247200a4626fc78d3d0bfd98b95fb96c62c03c0ec06ff6de825d51d1,896286,330.0,139.0,0.421212,1,1,307
2025-05-11 17:27:36,2096060916f044cd270056825109af58fd73912e24efb736f323714485c64dd1,896286,330.0,152.0,0.460606,1,1,323
2025-05-11 17:27:36,8013a34a21811ef7fc22b99197f5c8127bce368206def9f89aac0d04acb617d1,896286,330.0,151.0,0.457576,1,1,319
2025-05-11 17:27:36,2aee167d76dc90f3461d67ac7a0652c10faadb7e2540f84fce5aac9e56d6f2d0,896286,330.0,139.0,0.421212,1,1,307
2025-05-11 17:27:36,794802a7aa129cc5404f0382d7f02fa9ec40e34465515e671f1eaed854ebdbd0,896286,38659.0,154.0,0.003984,1,2,205
2025-05-11 17:27:36,c592c539b8262a950a4be0ce0dde50120958291eec65a5668da54bc1c9c1d1d0,896286,330.0,152.0,0.460606,1,1,323
2025-05-11 17:27:36,97fc664ffa202390453f8025dfc6238d7e9cb6918b61f1dd19b9ed0db903c4d0,896286,330.0,151.0,0.457576,1,1,319
2025-05-11 17:27:36,02b039f038d402103d119ea00ece9078739143adca1fcac450266a9ea1cbb4d0,896286,330.0,151.0,0.457576,1,1,319
2025-05-11 17:27:36,3c7c1bca84550023190779cd8c4e7038b67e6780f12d6c8ce15b0e1c50eab3d0,896286,25081.0,217.0,0.008652,1,3,298
2025-05-11 17:27:36,955ebc181b0d72b21ee2a4f471d666e611161f65a7ea1adf6682f80baf609bd0,896286,330.0,151.0,0.457576,1,1,319
2025-05-11 17:27:36,48ef9c9be498d6d2a0d9f841008bb56c0822ce14b6b470bf33cc2710022295d0,896286,330.0,151.0,0.457576,1,1,319
2025-05-11 17:27:36,d3f10549b52ad4b99a5694d8b2c8a242413b0aa8ef1da52a0493d3f23a887cd0,896286,510882.0,201.0,0.000393,2,2,301
2025-05-11 17:27:36,d72816d6f03b7a2a731d3676f69d78291c324e24a05f754f39e96b2de5742fd0,896286,330.0,152.0,0.460606,1,1,323
2025-05-11 17:27:36,a82f4a2809fe267324a88bdd5e9a80af800a0f269e23170108b2de7b8804a7d3,896286,615933.0,154.0,0.00025,1,2,205
2025-05-11 17:27:36,e71a872dbe63c93d50b2ebd253563ace6f690ac4587916cae484530613e123d0,896286,330.0,151.0,0.457576,1,1,319
2025-05-11 17:27:36,a0de149cd1429987810fa98b73a4c91dbf9692d3b449d7d00f790fbfaf28f7cf,896286,330.0,151.0,0.457576,1,1,319
2025-05-11 17:27:36,4b8de3555b00debeb41a9d39825f770ce1c96281b641fc57fe77fd2db8ddc8cf,896286,19520.0,142.0,0.007275,1,2,223
2025-05-11 17:27:36,cadb3fbb50c3a3c5f0bfaf7451731efe70d884edf82e44b3695844919d31a9cf,896286,351.0,128.0,0.364672,1,1,266
2025-05-11 17:27:36,dd9a2c4bab9d4716f84d7e8d6d92566edb327beba9e3eff44469a92a0ede9ccf,896286,330.0,151.0,0.457576,1,1,319
2025-05-11 17:27:36,00512d2e97cc823b812b1d1648909cc9e14d6b0bd59a6c8d7074ca02c61b9ccf,896286,330.0,152.0,0.460606,1,1,323
2025-05-11 17:27:36,174e84a11574956ad8678609abc30ab26056e8a6a5eced1d6b0deb612c307ccf,896286,54915265.0,142.0,3e-06,1,2,223
2025-05-11 17:27:36,297cb2f1a75191f5ff7ba3841cb3f1f0494f944164d07c233fba2a76a28542cf,896286,351.0,129.0,0.367521,1,1,268
2025-05-11 17:27:36,e03294a7fc4dd58a0c828e40c6c5ce47bec5632b5329edf4e69b11a431ea35cf,896286,46842.0,111.0,0.00237,1,1,193
2025-05-11 17:27:36,07eadb7e37cc366cf41b6ea3c17582e485169c3416122e8229a28e1835c82bcf,896286,26251.0,176.0,0.006705,1,2,257
2025-05-11 17:27:36,82cddd506c6cccad163f12272a297d41f4507746747c93daad621bd835bbd1ce,896286,330.0,152.0,0.460606,1,1,323
2025-05-11 17:27:36,ac6258b99c0b72de09bee6a44d4775b2790bd2dd22d33c9b090df84bf16bc3ce,896286,284742.0,444.0,0.001559,5,3,846
2025-05-11 17:27:36,c0fd99ba9ddf46ddd492408cf6d4100813f2a31ba7a1f6463f231e00d860b3ce,896286,518148.0,144.0,0.000278,1,2,225
2025-05-11 17:27:36,b14a3017fb146f17325742539281173b1ecbbe901f537d58c4f1d190845fa1ce,896286,330.0,152.0,0.460606,1,1,323
2025-05-11 17:27:36,76e467ec28cb9df758908a8fa05290836157ac7a804044c617cadc5a328293ce,896286,351.0,130.0,0.37037,1,1,271
2025-05-11 17:27:36,68ea253cced1c7aec293cdc00ac9019213dc50dad70ffa6e882e7159602a81ce,896286,330.0,152.0,0.460606,1,1,323
2025-05-11 17:27:36,c8db5e7ec9abca8657d5d18d712a87ff93df78ea1114b6f0b30bf1b70d1b52ce,896286,330.0,152.0,0.460606,1,1,323
2025-05-11 17:27:36,cfa8cb0da6c74aaf28447d942677206f19094e180e9d5a06126abdc456af4bce,896286,330.0,152.0,0.460606,1,1,323
2025-05-11 17:27:36,64cfe0b740a82ad10c3c48f546b7b8e73b92ff6a0384bb0b1e68aedad5c93fce,896286,330.0,151.0,0.457576,1,1,319
2025-05-11 17:27:36,8fff21515b4ae99f554bb33b1a3f8278036c8f2207bd49d384001187804d23ce,896286,779548.0,247.0,0.000317,3,1,491
2025-05-11 17:27:36,b06864ca6d83ecebbfcd1a6f3794d290152a0fcd0e52b9d8d68ee872d9cb0ece,896286,3197.0,233.0,0.072881,2,3,333
2025-05-11 17:27:36,3ea986716ee71ccbe309bd9d183dbfdde0c1433bd8b325403a37fbd31b0801ce,896286,546.0,153.0,0.28022,1,1,330
2025-05-11 17:27:36,ddd6fe589dc04c206243c560af2f78a862b79294b21b226a0e596823a6e539f4,896286,67796.0,154.0,0.002272,1,2,205
2025-05-11 17:27:36,272c15c79b160439879a23d65b286ae134f49e8111191a83e7932b415cb2d2cd,896286,560503.0,136.0,0.000243,1,1,217
2025-05-11 17:27:36,667737d46d53b662a48ffa2c529dfd3fae1485316cbd9a3fc9c7e6e7290f52cd,896286,330.0,151.0,0.457576,1,1,319
2025-05-11 17:27:36,2ea78983f7422079e3253ee3225a7f20cb629262117bad2da4efe7e012ee3bcd,896286,330.0,139.0,0.421212,1,1,307
2025-05-11 17:27:36,1e3f3c8f270d6aed436ff8084b9691fcc58b2fe2866f6fe6a838e7b82dbe38cd,896286,508490.0,110.0,0.000216,1,1,192
2025-05-11 17:27:36,ec377aa69e4a9006653a153c6c31e65aacf0d8180d0d1393a5de7406c64136cd,896286,11811.0,164.0,0.013885,1,2,245
2025-05-11 17:27:36,d4858ed8a27ddfcddc984fcefc40c699004f3dae3e52d06694de7fe5894823cd,896286,536007.0,144.0,0.000269,1,2,225
2025-05-11 17:27:36,95f6fdbc1bb61691a0c07dfdbe4dab9952b6b38a05c5e017f35336a1f3c41bcd,896286,26018.0,212.0,0.008148,2,2,312
2025-05-11 17:27:36,a0e76b51ce41f8af6d8589e08a8e39bff781f0406e55486bb98453747988cacc,896286,467567.0,145.0,0.00031,1,2,196
2025-05-11 17:27:36,41f76b1d3ac19b098fda840dbdf99b1b3016c88c3ab481937299fb143df2b0cc,896286,9523.0,111.0,0.011656,1,1,162
2025-05-11 17:27:36,0fe1456e56740403a7ff1d1919dbc3b4974f7883845e439e28430b1aa49caecc,896286,330.0,152.0,0.460606,1,1,323
2025-05-11 17:27:36,6989d8981e04b92eb1a9efa39762c8defd95f038e510f850961fdf2f6ada9bcc,896286,351.0,129.0,0.367521,1,1,269
2025-05-11 17:27:36,7aeb0633c69f6eeb40c9b1dd743a97fce5a85b7eff901f2b2fc0ef0e5b5d8bcc,896286,546.0,153.0,0.28022,1,1,330
2025-05-11 17:27:36,744b3223e07ec9f6b714b7d094ad43b5ca2bd66fb5a86fdb69a17eedec3095cc,896286,1643.0,154.0,0.093731,1,2,205
2025-05-11 17:27:36,e9899cd3a628b9fe4d54d3b5c3a1014603cdda961dabc0b05dc338b0e56673cc,896286,10068274.0,141.0,1.4e-05,1,2,223
2025-05-11 17:27:36,5b9a8615a68af267a14a8b8970df237252fb6d9e298ac9a84138accf1f8672cc,896286,46149.0,154.0,0.003337,1,2,205
2025-05-11 17:27:36,a2eb8071066a8fc657bd3a54770183cc75ef04aedfae6866a8eb59f280465acc,896286,346090.0,110.0,0.000318,1,1,191
2025-05-11 17:27:36,0e6c7c163bb61ac1fdd8656468c4ed6aeebcb5c48d7eff19d475d65613ce0dcc,896286,330.0,139.0,0.421212,1,1,307
2025-05-11 17:27:36,85b9d42ae60c0218910d0b4c5cdb47f3ab9de4fb00938ff871f0555ce8cd07cc,896286,330.0,151.0,0.457576,1,1,319
2025-05-11 17:27:36,f4ff2f0d0c31836448c2876f39e2cb172aaf2a2762f240a721365a8b3cd9dbcb,896286,546.0,153.0,0.28022,1,1,330
2025-05-11 17:27:36,652489c863c10e543673d8864ba93da04bf58ea25b7987e7dbffa4ebef5913e0,896286,5650.0,154.0,0.027257,1,2,205
2025-05-11 17:27:36,2339eff106088315270696d1266e05e8cddb180dc74b55acc86a4388506981cb,896286,351.0,129.0,0.367521,1,1,267
2025-05-11 17:27:36,31bdd842a120316273ae98c9ec793e5759f88fb4b97df9fec4e0fb565e4a6acb,896286,330.0,151.0,0.457576,1,1,319
2025-05-11 17:27:36,1611cd98130d1ff668328940344680cb165050b44d726626d54ae387fd8052cb,896286,546.0,140.0,0.25641,1,1,312
2025-05-11 17:27:36,46f7bcca2061d29c3dd59da832fe2b8c079051aae2d84e4ccdd1e7612f6945cb,896286,931659.0,166.0,0.000178,1,2,248
2025-05-11 17:27:36,c1d0b5acb8c552782842947ac2d4b1e2633720706adc01a2b7e53484ce792ccb,896286,546.0,152.0,0.278388,1,1,325
2025-05-11 17:27:36,9799b096dd6fe3f35459247e0fe8d191b59a20bca4471346f541b136f4aec7ca,896286,330.0,151.0,0.457576,1,1,319
2025-05-11 17:27:36,481a870f4b8d0d8ee90a36c23b642c733d23de536cb366de12c6960f10fec2ca,896286,351.0,129.0,0.367521,1,1,268
2025-05-11 17:27:36,430de6a2fb1fdcc7361695ecc9d29a87f4cb5a21569b828db42c787ea4feb5ca,896286,330.0,139.0,0.421212,1,1,307
2025-05-11 17:27:36,5fa9c872c3f61ca4b541fecc98f1069845aa7e6b1ed015e25a0afeabfed39cca,896286,57433.0,110.0,0.001915,1,1,191
2025-05-11 17:27:36,0a28bd72f389528c75fd23c1a2f07327a9504c4baa0a0d2be4e6ba0527ca85ca,896286,330.0,151.0,0.457576,1,1,319
2025-05-11 17:27:36,72e3c01fee137e5ece5a7918a8c2ec500f8a6868a3ea241b48b85a25386a3aca,896286,330.0,152.0,0.460606,1,1,323
2025-05-11 17:27:36,27c57b163a033f87b1f8b07353b4af3c149c7819f3aec0ba8f22564f27121fca,896286,330.0,152.0,0.460606,1,1,323
2025-05-11 17:27:36,5f8faecdf26c0eff22f8586d1e9de6db57503b5d05381b21fe8c2ae715aa1bca,896286,546.0,152.0,0.278388,1,1,324
2025-05-11 15:51:25,24b2125dcf2409c13cd706ef2a7d376febc2992349b6f95f219f2185d8ef4253,896277,934898.0,2190.0,0.002343,2,4,437
2025-05-11 15:51:25,71db7cf1114eeeb3b036a8d8c5395dcbf9f555a03b384b6f5beb67292d940bd8,896277,492379.0,1152.0,0.00234,1,2,226
2025-05-11 15:51:25,1ea5295632450b723a2eb2a7a5e9ebc4037cf44dc91f2b1e566dba983dee0ed3,896277,138719532.0,2896.0,2.1e-05,1,6,362
2025-05-11 15:51:25,fdb5479ab66fe1ce3c1a772b0b957d85437c9500e8e04a8bd4127c9bc3815b90,896277,2306035.0,2120.0,0.000919,1,6,346
2025-05-11 15:51:25,a64ec8cb4d6b64f17307c7b709da79b7f270727f716969bccbf34ce261aa2bd8,896277,5937660.0,1896.0,0.000319,1,5,287
2025-05-11 15:51:25,c458c82dce84d5088dd9055029256e208a639bd8a1d7c186878d4721a58db8ec,896277,112000.0,1000.0,0.008929,1,1,191
2025-05-11 15:51:25,c02821279b1f3dd67c108cedfc11ee464c12339e53cd67861a563e40c587753a,896277,22940.0,1000.0,0.043592,1,1,191
2025-05-11 15:51:25,6d91876d8cfee2f2141c83eef9c938e4bfcf53f62b88151b6367334dbc3464d0,896277,22940.0,1000.0,0.043592,1,1,190
2025-05-11 15:51:25,eb1e7f2748016e33f59e1de9d9fee1d3891533775d3ea50e5d4e1f80440449e1,896277,94943.0,1321.0,0.013914,1,2,222
2025-05-11 15:51:25,23210acc6186a1aaf0eba5cba6c7a438e3d23ea41cee7a194b8c4e79ed0c0497,896277,78815423.0,9000.0,0.000114,1,26,982
2025-05-11 15:51:25,394afb69c29c83c3cff2ee1cd3a1e303af1515c4a219ca988c0d351e56b8b334,896277,34893322.0,2230.0,6.4e-05,1,2,222
2025-05-11 15:51:25,946b214e0e589f384ea3ddecb1d147e6fb23ae8611a37326d8a45c1fef642909,896277,2606976.0,2450.0,0.00094,2,3,401
2025-05-11 15:51:25,938a4641681920cdd7469d87983521257218eb639cf031b1f85cb8d49bd74d0c,896277,48200.0,1488.0,0.030871,1,2,222
2025-05-11 15:51:25,7ad5b334af9a61a90b81777b754207b6f5b97e776da3715f316447f0886adc90,896277,2264000.0,1500.0,0.000663,1,2,222
2025-05-11 15:51:25,c99e6282dbc364e884999fdf364fe2453dd448073d0e0147ef150d7b4a8054b2,896277,58497.0,1179.0,0.020155,1,1,191
2025-05-11 15:51:25,00793c85da7ee9f995a83c9cdb6df0d736c5898ff765427f61a543332804b4e6,896277,16875399.0,3800.0,0.000225,1,4,346
2025-05-11 15:51:25,d4216c674878f75a1dcc27abc482c7377d320fc66e5d84e5de3926b2d1db525a,896277,59083939.0,2000.0,3.4e-05,1,3,257
2025-05-11 15:51:25,4d4b76e3af13101cacaa506da32be05e31c071cfb190f6bcac71953dd16a89b9,896277,9506366681.0,2544.0,0.0,2,2,373
2025-05-11 15:51:25,ebc272539716c7b35c7139da970dc8dad67338f88c1e891df739f8029f110be7,896277,641125.0,2602.0,0.004058,1,2,274
2025-05-11 15:51:25,2dd264da3d0ea2492b4346bbf2348e188d6de5381c0acd5475016e9fa86d9458,896277,3205338.0,7891.0,0.002462,5,2,996
2025-05-11 15:51:25,a1f2d886bac99deca552e172d1201bf2b8db54a6b8a2e4139ea0e03b4b82fd0c,896277,18208.0,1580.0,0.086775,1,1,194
2025-05-11 15:51:25,a9e24af323e541ce70d554c56743dae7f1fe4498def16b761023c33ef44c1346,896277,462020.0,1650.0,0.003571,1,1,191
2025-05-11 15:51:25,782b43b0ff5c2ae09fc6574006dec02f86c7fbd2a6a6bab4073260ae33d6e9df,896277,7808289.0,5700.0,0.00073,1,4,345
2025-05-11 15:51:25,9ee770eac5cfd6c8f5dd40c65f24e7486606f691b19865474d3c8664b2120eec,896277,358116.0,1884.0,0.005261,1,1,192
2025-05-11 15:51:25,b4f6f97288825c4bd16039654fbaa1ab0abcc3180d6f9d3f0dcb9dd9943f5f73,896277,488965801.0,2820.0,6e-06,1,2,223
2025-05-11 15:51:25,f3216b2522ba46d687ad7a0dccc965be6068cc45814f8f23434a58ee2cdff8a2,896277,3936000.0,64000.0,0.01626,1,1,998
2025-05-11 15:51:25,8f79205485dfebc22cdc0c7f492710e0dd2a1e601685ed0f4ebd3d45fda150eb,896277,312962834.0,0.0,,1,8,535
2025-05-11 15:49:37,ebd610400d9342f8a07b13e6add39a224b7bf810f253f8322946bc618db1edff,896276,47037.0,277.0,0.005889,2,4,377
2025-05-11 15:49:37,d173c4f45f02f12c2ae423ded3d463c0e3c5874415bc8c6677ed88a821f39cff,896276,546.0,152.0,0.278388,1,1,325
2025-05-11 15:49:37,3cd8c548406c7188755e73a55819f3c25147559ae47d7888f1fb447fe8d18dff,896276,483670.0,805.0,0.001664,1,4,450
2025-05-11 15:49:37,d96e8fde6be9f88f0e3362acde4d672ae44b6714a3153de5dbd29562d0df86ff,896276,546.0,151.0,0.276557,1,1,322
2025-05-11 15:49:37,2b93e0a44ecec09c2140bef2d8b3cd1514309f6d65f014188e7dbbe168ea82ff,896276,68944.0,100.0,0.00145,1,1,151
2025-05-11 15:49:37,2db0d781a18ba32523d5aeb2c0c6923d75c14cf462a6c1fd38e9b14458d87bff,896276,1838802.0,346.0,0.000188,4,2,671
2025-05-11 15:49:37,edf2b8130c80f9e5de6f0e5a6dd97f16c32d564e5d0d4276ad452b76e50358ff,896276,11440.0,280.0,0.024476,2,4,380
2025-05-11 15:49:37,b0cb72102ae5a1eb34595d79822db9121c4a23ba886a06d957994e073d464cff,896276,9868.0,275.0,0.027868,2,4,375
2025-05-11 15:49:37,59feeaf3729389fdb75f5936bbf7817008002eb4981af9b8bf9834b860617bfe,896276,6660.0,805.0,0.120871,1,4,450
2025-05-11 15:49:37,f1185985889702e5918f528ca808ead447c9e16b6ce14eed0e1a103f316de0fd,896276,194217742.0,141.0,1e-06,1,2,223
2025-05-11 15:49:37,650849d395a491fd6886e5a1f069eb5c884944beeeaf1232fd81d056d17a18fc,896276,8891.0,154.0,0.017321,1,2,205
2025-05-11 15:49:37,9feb12300a05e633990540bb63b6daf557ff9436658dfe26db73f8f1eac0f4fb,896276,330.0,151.0,0.457576,1,1,322
2025-05-11 15:49:37,40a72228e41ce92a0e8fcc1c565f6da867fb3e57ebdbeecb5426ea37bbd6b7fa,896276,364994.0,154.0,0.000422,1,2,205
2025-05-11 15:49:37,621805a683169c66651c82a89d6d262d106db77e243f3a3e8a87fcd2e25699fa,896276,1859555.0,145.0,7.8e-05,1,2,196
2025-05-11 15:49:37,2af5b5f2380dc1496c29d05ddcc5389b278908fa51cb50b1be046dd83f8e84fa,896276,546.0,152.0,0.278388,1,1,323
2025-05-11 15:49:37,fbc1dd6f5edb265fb173a36ff2d50cd5b3598f2be5e6408e81ce273feb345efa,896276,546.0,152.0,0.278388,1,1,325
2025-05-11 15:49:37,6964302857eb60f9c4cce0e6eb9760a363b2cb7757e6c0fdf06b877603553bfa,896276,330.0,151.0,0.457576,1,1,321
2025-05-11 15:49:37,9ea85a0e1cf8dfd2bb05eeedc30e4bd3577c4ac86dc15ff781daffbb67c1c3f9,896276,546.0,151.0,0.276557,1,1,322
2025-05-11 15:49:37,8bf5fd70e905665939bdef6172c5e81943d772921f20b7349c20d5d2022cbbf9,896276,145217.0,212.0,0.00146,2,2,312
2025-05-11 15:49:37,b17965ca29f8aba585cb4eead7a5981028802ce9a49ef28ac06490342fc395f8,896276,124480.0,210.0,0.001687,2,2,373
2025-05-11 15:49:37,56afbf598819316610ec4369749256190d1f07abba696ccd802109c67b9091f8,896276,219331.0,169.0,0.000771,2,1,269
2025-05-11 15:49:37,ae5202dcc3947f22a28a30fba9d499346867d4c7dbbbeed20dc0033d5cd836f8,896276,330.0,151.0,0.457576,1,1,321
2025-05-11 15:49:37,51fb5e754089bc408b9436980211c14e10a12cabffe5ba1dc09620ce372cb1f7,896276,146882178.0,184.0,1e-06,1,3,265
2025-05-11 15:49:37,bdbdc3d2b0c95fec9fa468c0437ca86bbefd1f3fa9482f790a4169de0da285f7,896276,546.0,154.0,0.282051,1,1,331
2025-05-11 15:49:37,881f9cbe9d4ef015c6d2a328b14737725e9d099c49707a5e2fa61f1414fb79f7,896276,3696.0,171.0,0.046266,1,2,343
2025-05-11 15:49:37,3164c008fe52825e9892fc081b89d79616d54b86e36f524d7c43c4ad1f6d1af7,896276,546.0,151.0,0.276557,1,1,322
2025-05-11 15:49:37,3e920916701dbf8de4339676c339d0ceda4a23d05eab08ec0bfb439fd354c7f3,896276,50002344.0,142.0,3e-06,1,2,223
2025-05-11 15:49:37,1bdb3a16591ce07d86ef182bf2b80209d7739a99b401656726113978b90b44f1,896276,34865.0,135.0,0.003872,1,1,291
2025-05-11 15:49:37,561f32981f3bbc605b3ef7c2f464b9da5a0ec87d690efd9042be3f86a5912af1,896276,1934471.0,141.0,7.3e-05,1,2,223
2025-05-11 15:49:37,018f454244d599557b24bc06e84d3d2ab8f7da39ae68801910984517ef47bfef,896276,86291.0,805.0,0.009329,1,4,450
2025-05-11 15:49:37,a537fff29f42945f3e3c09733984a56b6bdd74c6d1255a3fda48b72f803665ef,896276,105842.0,142.0,0.001342,1,2,193
2025-05-11 15:49:37,e19cfbc4d513ed704de334995ce4e62f8c02dbd2963654337bdec02610f7b9ee,896276,330.0,154.0,0.466667,1,1,334
2025-05-11 15:49:37,a799ff6516fdc1523a38e938e42dfaa703d55e487af737ebc9be33d5cdd165ee,896276,246132.0,208.0,0.000845,2,2,370
2025-05-11 15:49:37,50b85b1c94c9cfa0245ba18f7cd60243cdd23981af60eec7aaae30229cb058ee,896276,546.0,152.0,0.278388,1,1,323
2025-05-11 15:49:37,45f8b3e6d7802ca51a8599eae078bca30ef660c967184dbf5204a810fdde04ee,896276,739.0,151.0,0.20433,1,1,321
2025-05-11 15:49:37,c0e32a027d64c2e3b32c3de7ccaa9ab2937559fee536c841d8fe6949ae2a2bed,896276,546.0,154.0,0.282051,1,1,331
2025-05-11 15:49:37,89b3261a1355b99eae042e3e13f54b1fd5bc59ace6bb199b04987b9d5bec56ec,896276,546.0,154.0,0.282051,1,1,332
2025-05-11 15:49:37,9f38950e7bf776b2aa4cdfa258aea5db959d159ca7d0705a449c518ee4d8d3eb,896276,2054864.0,172.0,8.4e-05,1,3,253
2025-05-11 15:49:37,9f24c2f5d86e69e4d157b44cf480db80ecef4af5359dbf8a15cb4640e789c6eb,896276,97912876.0,209.0,2e-06,2,2,371
2025-05-11 15:49:37,6738625b20f3fa1b9a768a98b394b2d7dc5a53c58622734c0b3eb0312a6004ea,896276,125605.0,141.0,0.001123,1,2,223
2025-05-11 15:49:37,2b366a642f3a818eb53eefb85b3ee89d7a7adda60406956d93f48990eed8afe9,896276,546.0,154.0,0.282051,1,1,332
2025-05-11 15:49:37,3a5a4ed0f5b864d70ac9820dfd9b28376a67dd933736c80626043c3e46ad64e9,896276,45987.0,113.0,0.002457,1,1,194
2025-05-11 15:49:37,cafc368496832b2a4d9cd2daa5c73c545267a9bc92d83d20b84eb63c251575e8,896276,330.0,151.0,0.457576,1,1,321
2025-05-11 15:49:37,24d13721d6452acc6222b41433f7210db6ee3126b3a7399a45567764fb8747e8,896276,18644.0,275.0,0.01475,2,4,375
2025-05-11 15:49:37,6ec697fde845de05929ed4da184e2d08904590fc21187527fcd43ae8ec47bee7,896276,600.0,113.0,0.188333,1,1,195
2025-05-11 15:49:37,e560744bb6ff4502272b31577df3520c03507182146fd2be6e7c8994df1f56e7,896276,21447882.0,172.0,8e-06,1,3,253
2025-05-11 15:49:37,7498807a6c9f60516d7803391a05e69ce2fdc342e49041027a2224f8836a14e7,896276,14725.0,110.0,0.00747,1,1,192
2025-05-11 15:49:37,1e43799bb8e5428cbc11676262bb7e52b01af68c96a4a89823fbb9480ce302e7,896276,185096.0,142.0,0.000767,1,2,193
2025-05-11 15:49:37,9b1e16611863c102e26637bdc715bf114c34b1fd7cc4288724910b98c998e4e5,896276,3004133.0,413.0,0.000137,4,4,676
2025-05-11 15:49:37,c0a34ae09fc206a0f0ecbbc3b0ea3d70c0a8552ef0d36522e81064000cdcc7e5,896276,549018.0,141.0,0.000257,1,2,222
2025-05-11 15:49:37,d6f14cf6d58df3a51669184f31c0328b4958c1efb74e57a04bfc3a80935914e5,896276,330.0,151.0,0.457576,1,1,322
2025-05-11 15:49:37,f4d684d3f20968dd20abc02f2d8a3fcf7790da1acfc8c203c19d8f45c3780be5,896276,56679.0,212.0,0.00374,2,2,312
2025-05-11 15:49:37,1076ac0ccf3be85ecceda7265154e2f07201663f56d148c72a00b71f4c8fa2e3,896276,3384195.0,141.0,4.2e-05,1,2,222
2025-05-11 15:49:37,2f012c0cc39a0963c39dcb6c2cf4b135ce1de2ed522548e28c4dc6296334dce2,896276,330.0,151.0,0.457576,1,1,321
2025-05-11 15:49:37,465a414d610565a8edd23d71db0c35ee1770af3d09afc05dee98c63a0b60b2e2,896276,910254.0,110.0,0.000121,1,1,192
2025-05-11 15:49:37,f6664baa09148d72cc7c23c6f90d71387167dd38401de1494e2fee4452daaae2,896276,330.0,151.0,0.457576,1,1,322
2025-05-11 15:49:37,dd3ed7a221a9737accbbb974b4079568d714734704a6596cba8f9961493994e0,896276,12324872.0,212.0,1.7e-05,1,4,293
2025-05-11 15:49:37,f8f4be6647ecbebe82e985583a05f35ce0bbc4ba53965e55d64ad00ab53d5ce0,896276,136711.0,110.0,0.000805,1,1,192
2025-05-11 15:49:37,99021c9134a5d21587348fceb97a2d031c01e3fcfa675f9dc287dac6fd550fdf,896276,106252.0,141.0,0.001327,1,2,222
2025-05-11 15:49:37,2b715b53ba3df20f05a9376b44da4de8aaec94b1e56adf494d47d17f908286de,896276,546.0,152.0,0.278388,1,1,323
2025-05-11 15:49:37,d849a904de1084ac4f54728893cd27ef3ef41b744ca06080fd01f0f81cfb63de,896276,546.0,152.0,0.278388,1,1,323
2025-05-11 15:49:37,bb5b97fad24a8ea368f5a4c4f4abf3affeebd6ca36bc32d1987ca42360fb1fde,896276,678118.0,218.0,0.000321,1,3,299
2025-05-11 15:49:37,78e4d8af96bbc9b7eb69bf0cec211d44762f1cde65d730ee907e48db39bef2dd,896276,12953.0,169.0,0.013047,2,1,269
2025-05-11 15:49:37,d0cf4285523d3cadfce1cd3f14b70d8017b6df90e580e9841b4aeda4f92dd3db,896276,97799646.0,142.0,1e-06,1,2,223
2025-05-11 15:49:37,4b87aee8b7b15a87ad4fb966533de610692379d35beda640258af937418037db,896276,409793.0,805.0,0.001964,1,4,450
2025-05-11 15:49:37,5ea5d3c1015bf132c3186064da883a96b3677574394a2eefbfcd8920f8bc06da,896276,20687.0,805.0,0.038913,1,4,451
2025-05-11 15:49:37,513b49b3719cbaee71cf6561314ef16e1f2ebd36500bb5759822ebe7213ccad8,896276,97559.0,141.0,0.001445,1,2,223
2025-05-11 15:49:37,2189ab2d7a2c37fa057f095bea9587cc9e57c3e650e82cd7020461aead8d5bd8,896276,359681.0,212.0,0.000589,2,2,312
2025-05-11 15:49:37,381da5672b63c052ad8e6ad2b6682aa6145f4cfebc188b36b9dba34f1c0f38d7,896276,330.0,151.0,0.457576,1,1,322
2025-05-11 15:49:37,d7d0be2abad1d08992edf9832d713ff9ea9b63d2306cb93eb4dd7714a3c361d6,896276,546.0,152.0,0.278388,1,1,323
2025-05-11 15:49:37,3a72559e3288f21da1698941663ecfba9970d0f15a5cf7bd0d51bb23a6b7edd4,896276,330.0,151.0,0.457576,1,1,322
2025-05-11 15:49:37,5af61ab0b808b09fe854e6fdb9ba5a76681a45f5bd482980c1c7c19601326cd4,896276,1980742.0,153.0,7.7e-05,1,2,234
2025-05-11 15:49:37,f8b3fd2ed37f44834ee2eb4dcef19584166748962cae82c5cf92dfe6ede00fd3,896276,1857504.0,165.0,8.9e-05,1,2,247
2025-05-11 02:26:37,844876e736654ce68ca224541ef8604f1983e088a383d6cb4f925af4d8f3b2cd,896193,43231.0,769.0,0.017788,1,1,191
2025-05-11 02:26:37,35600f585139ee6054e54f40adb1ea1dccb12d27536ca6b384a125806ab1dbc7,896193,989331.0,769.0,0.000777,1,1,192
2025-05-11 02:26:37,05152a0c6ea02d63be1b422af8f61186ef64c099200c6e572d090c868cfbf7c3,896193,183622.0,769.0,0.004188,1,1,191
2025-05-11 02:26:37,608525bd0ada3181a1bd9b14c0c5c33dee86e33d00360032aa169b1516fa32c2,896193,7673.0,769.0,0.100222,1,1,191
2025-05-11 02:26:37,dd10a7f41c7b69205b0bce25a341fe069775a6c438da593500d3472ed2e4cabe,896193,238900.0,769.0,0.003219,1,1,191
2025-05-11 02:26:37,eb950b864509374eee1c37d009ff14c70e5e0d60d8042d7c2ee4ed1d3acca5b5,896193,348920.0,769.0,0.002204,1,1,192
2025-05-11 02:26:37,5d7d4396467809c1ab4e2891ebd315d4bb976c3ef7be54e2669a251b5bc57eb4,896193,2652531.0,769.0,0.00029,1,1,192
2025-05-11 02:26:37,0020231be731687c8275a4cbc1eba87da0449193b885fc5398d0101cbc31e6a0,896193,286475.0,769.0,0.002684,1,1,192
2025-05-11 02:26:37,edf6f875fc06c18a0b98f7ad1b6009f30614203fe4fe84880964a90b6a8bff97,896193,10384.0,769.0,0.074056,1,1,192
2025-05-11 02:26:37,ce59f0b757516c11ecc7224dffba7ffc01e6e1d267738bb7638a0daa861d3692,896193,31414.0,769.0,0.02448,1,1,191
2025-05-11 02:26:37,dbb32506a42178be631713ed56891bf288a00c9e48d22fc6023c88e32543cf8a,896193,85231.0,769.0,0.009023,1,1,192
2025-05-11 02:26:37,2cc838a8c163b226cfcc006cdb9957de3cc4fba6303eda805c0a051c7e3c827d,896193,113396.0,769.0,0.006782,1,1,192
2025-05-11 02:26:37,cd06002411d03f236d2442da838464be4bba3687a7d1bdf1e9966bcb6fe05566,896193,140610.0,769.0,0.005469,1,1,192
2025-05-11 02:26:37,0ab8e29f49cfedd0d76a2ff03e18e752880e23ed953b9beca337fb24e65d075f,896193,39539.0,769.0,0.019449,1,1,191
2025-05-11 02:26:37,9a87a75447a9375353d187885e8de5dcf6be5cf924ce6edc77b514973983775a,896193,130565.0,769.0,0.00589,1,1,191
2025-05-11 02:26:37,0cfe9de43a830a69913751458b8b5263281bd35225b83a4f7db6ea52c45e4b4e,896193,171491.0,769.0,0.004484,1,1,192
2025-05-11 02:26:37,d6d1f063536637d950dc22d29f8e77bc9a93101574a8b316cdb97bd84075c54a,896193,96115.0,769.0,0.008001,1,1,191
2025-05-11 02:26:37,f73a11944f315cd6f5a98a03fe622c87446469e17d20a87986d65c8ac9748248,896193,39231.0,769.0,0.019602,1,1,191
2025-05-11 02:26:37,8268642e2e0a86fc85512040d43dcd8aaec1733c41f048f1d642eb62d1d22847,896193,291299.0,769.0,0.00264,1,1,192
2025-05-11 02:26:37,bcfd7c0d189fab81bb2a5a7d1d6b8e1d7f0d1d0bac357fa6cb92dc05da0ea346,896193,46105.0,769.0,0.016679,1,1,192
2025-05-11 02:26:37,0c8bd7d0acd19b44c54be2a86391700e24007bb6f81e90ee36484731d6c63e3d,896193,1723600.0,769.0,0.000446,1,1,191
2025-05-11 02:26:37,2e3fd60433765086b175c7e3bbb4b89d34252b5d313c80263a3012984928e13c,896193,90231.0,769.0,0.008523,1,1,192
2025-05-11 02:26:37,b656360dd00abeb02d39c77b4a9182aef5158860f79acf08194020d95ebb072c,896193,189955.0,769.0,0.004048,1,1,192
2025-05-11 02:26:37,b98898000b5bb74484115fc29d72d38f98a508b4abb247920d82631325217b18,896193,108081.0,769.0,0.007115,1,1,192
2025-05-11 02:26:37,350d149b438594a9da61cc70d1a2b43621803f8f343b373d89302a12f3ad1e17,896193,215669.0,769.0,0.003566,1,1,192
2025-05-11 02:26:37,408757267dafea38029ebbdc48df281a980009a6d6cd4053b0a2c786a98fc811,896193,435514.0,769.0,0.001766,1,1,192
2025-05-11 02:26:37,9f9f0a9abed62690797a53e6f4eb8043e79146aeedd3a8d825a564558f412a07,896193,152674.0,769.0,0.005037,1,1,192
2025-05-11 02:26:37,e16bde6fa8d31af049c35606808275a0d3c98a0c1a32e54287529f145d9ad8fc,896193,1673253.0,987.0,0.00059,1,2,223
2025-05-11 02:26:37,cd5a236538d19f5001b258561c5956df619de82297e2f9c777ba3c29160f5af7,896193,4604675.0,1421.0,0.000309,1,4,284
2025-05-11 02:26:37,3ecb6bd1db16c395c6b3f61db2b0e58ce334635d426a74c6f71934147b6edaf6,896193,102356.0,1008.0,0.009848,1,2,226
2025-05-11 02:26:37,17fb9aa66db0dec188d1984533bf93d2832a6dee28a89f882a1e63dbbbce87f3,896193,419338.0,777.0,0.001853,1,1,192
2025-05-11 02:26:37,2a257363a00b0c8b368be0231b32342eaddd0b10c633c6671272876ca41addee,896193,46530.0,987.0,0.021212,1,2,223
2025-05-11 02:26:37,ec943fbce9e2175dfd9a379ebc7821d4247f1a5b6ef32648e8d4dfdc25d9aae6,896193,2622496.0,2842.0,0.001084,4,1,730
2025-05-11 02:26:37,cfb1bb39876ddf590dc1ae9838c581aae2cf1ea3251cda350d6517c2112ff3dd,896193,7273758656.0,2408.0,0.0,1,7,535
2025-05-11 02:26:37,50e43d3c74073240faca9c56ee3aed9e0427e94166e51f13333157b0dc96f0d4,896193,38984.0,987.0,0.025318,1,2,222
2025-05-11 02:26:37,8b7a128ebb91698634af1866bea4573cdbd1f4867d42404aca0858b80c38fed3,896193,47863.0,1239.0,0.025886,2,1,339
2025-05-11 02:26:37,2951490d52920bc88e0861e67f4a6066c69f1bc35e225f8968d57cc7d6f3d0d2,896193,39185.0,1239.0,0.031619,1,2,258
2025-05-11 02:26:37,7793736c8673cc71fbfb88ee6235afa05398206cd38f34c1e867fc67b76d11d0,896193,7317784292.0,2191.0,0.0,1,6,503
2025-05-11 02:26:37,9ca4d7b1793f419964d4fcccfc5454da3f39f6fa9c94e498af7eaa503b2d85cc,896193,6186.0,3842.0,0.62108,2,2,300
2025-05-11 02:26:37,04805ee11b1137f81a8ff424c7f6ff57e9bd527641627fcf1d43b1a5b1b6a9b6,896193,565092.0,241.0,0.000426,2,2,302
2025-05-11 02:26:37,5095c3b985f3425c357009a66c7a520758ea8dc4d974f745f638d996047023ec,896193,868532.0,264.0,0.000304,1,3,302
2025-05-11 02:26:37,6ed8492ea79fa9101737f0a1ce52ef1873ef65b144a5aca6d0e9fa5adf3f67c7,896193,162060.0,987.0,0.00609,1,2,222
2025-05-11 02:26:37,216d8705b8c1a94981d59fe67792f56a7b583b4843677867f360ec17a75c31c7,896193,37967317.0,1155.0,3e-05,1,2,247
2025-05-11 02:26:37,16dbc4c344a6450c237136c2619049360280f63f4079833cc3525616b95e4dc6,896193,229210129.0,987.0,4e-06,1,2,222
2025-05-11 02:26:37,1330dc0f762380a255f1b4eb9a015d3933ad51bf70f6abe68c5e0bec366208ad,896193,546.0,1071.0,1.961538,1,1,330
2025-05-11 02:26:37,ede28c860fcdfd7df6c1651de18bc0db371aaf94d3d716808022992c7b36ffd8,896193,3122.0,1078.0,0.345291,1,2,205
2025-05-11 02:26:37,229228173524171dc88cdffb7e945ed957b3b88e6b1308853a9a6c1e6797b0a9,896193,40439.0,1561.0,0.038601,1,2,223
2025-05-11 02:26:37,8e2acef34edf97d800628d0f141e94a6f6ddafb3be70ac68ed34bdf00a290da8,896193,18281.0,987.0,0.05399,1,2,223
2025-05-11 02:26:37,55c9cb1ba59458f59f781b0170532bc2466f3b4eba43d761c960c4836a7f4ca7,896193,970398.0,1421.0,0.001464,1,4,284
2025-05-11 02:26:37,b6d291ea0735422b16f80ddbcf6f1cb000793925a919a3c764d9065f630116a3,896193,2179013.0,987.0,0.000453,1,2,222
2025-05-11 02:26:37,a09786e6aa6424cd30a03a342d01c07799dd442488b1e95ebdadf9577cf4699e,896193,163291373.0,3710.0,2.3e-05,1,14,612
2025-05-11 02:26:37,38c3b13e7be005406e53a3cec8c93584f030b98b94a81311f2632d1f65a7ca96,896193,68113.0,1813.0,0.026618,2,2,422
2025-05-11 02:26:37,29041b1f31540ea5727aad16d36a73fe5359520de3da5c9ec794685785875295,896193,155089.0,1463.0,0.009433,2,2,371
2025-05-11 02:26:37,672889bb4c12c289ba309adf873f4d46300a6330dd7309dc5958bbd0b367ff90,896193,178867.0,1463.0,0.008179,2,2,371
2025-05-11 02:26:37,f5e2e543a3b0cff641f49d2c0a7a26eb0390665a8683d0fbe8cca9582459bc89,896193,43738.0,1176.0,0.026887,1,2,249
2025-05-11 02:26:37,fd92fa9bf668e304076b54c560c094e8ff7a77fedaf58f063bf464ed40365a83,896193,484895827.0,987.0,2e-06,1,2,222
2025-05-11 02:26:37,299d537ed949bf1bb239b005152d6ea03765c9dc69b522b3e83401e6b355c97f,896193,59521.0,2597.0,0.043632,2,2,371
2025-05-11 02:26:37,097634ee1c3cd9829bed9250dd26a665bc9089725ef3c9160d286922370fa07f,896193,16398370.0,1008.0,6.1e-05,1,2,225
2025-05-11 02:26:37,edf66ac06e5ed980ec215d85843573e06d47058a07603976060551c66516967a,896193,157410.0,1463.0,0.009294,2,2,371
2025-05-11 02:26:37,f3b16b7d99fc541d3eb89302153fb441881de267b586fb232fcca1d489b25374,896193,7331698223.0,1778.0,0.0,1,4,444
2025-05-11 02:26:37,08d79b790ec205d59fd6c70db2c81568d39b43c7b13ab5f1070e2576afbc8d6b,896193,305104.0,1071.0,0.00351,1,2,234
2025-05-11 02:26:37,16e2802f688d267a76f55a0bc577a4a49ffb9948cdf0938f8c72275e61c3d062,896193,11175796.0,987.0,8.8e-05,1,2,223
2025-05-11 02:26:37,ec1a1d3d7b0fc9673d6a348065c95bad339411db869a66d0c77614ba5581b461,896193,4089213.0,987.0,0.000241,1,2,223
2025-05-11 02:26:37,0afd798049497609ec516dece971fd605a32432d80f882208f8d35cae620f460,896193,338193.0,1008.0,0.002981,1,2,226
2025-05-11 02:26:37,91fff4a47f4b9817f348ff0f6b5e9531aab52b5cac2509d3e3771b88bd55595e,896193,6186.0,3842.0,0.62108,2,2,300
2025-05-11 02:26:37,1ddd0620711d06cbdaf4385e25055c15004778fbfccb999a1cb56ff26aa7f026,896193,565092.0,241.0,0.000426,2,2,302
2025-05-11 02:26:37,f23788f38bbcd2acbda7206067ae89c8463a8de2352d29da3731efc6a3b016f8,896193,867282.0,264.0,0.000304,1,3,302
2025-05-11 02:26:37,0fa5605ae52b2e425f85da62829d9cf6f5c529e55b669cab30701010e5a6275c,896193,546.0,1078.0,1.974359,1,1,331
2025-05-11 02:26:37,80f417a1bf9f21d8dc67f87413c40a0e0b91ba42aadac18286b7eecd66dff353,896193,1119802.0,2429.0,0.002169,3,2,590
2025-05-11 02:26:37,3fdaef91e9131d902847c4fa9550c6b3d32f8ebad069efe56c03218b58832251,896193,84100.0,987.0,0.011736,1,2,223
2025-05-11 02:26:37,a6073b4212d21864f4586508d77908d3dcc969187e4e542d7d264f63d773884f,896193,546.0,1078.0,1.974359,1,1,331
2025-05-11 02:26:37,bac93ef87741c210157fa68205785bb39929e20da1720c80d95ec9e7075caa4c,896193,717567.0,1470.0,0.002049,2,2,372
2025-05-11 02:26:37,0138c8441d1d3e8eb89b03d2d848daedd5181a01ab1fadf787d8dda6be809046,896193,127642.0,1078.0,0.008445,1,2,205
2025-05-11 02:26:37,8ccedd4acd4eec0de8092c973eff15bbf4b633be1c8654699d8f1f9dd94fbf3d,896193,494891311.0,987.0,2e-06,1,2,222
2025-05-11 02:26:37,fc3dd37baf297524b70c5c2229a0bbe03d08af6e7d01005109cb8ad84f45583b,896193,707775.0,987.0,0.001395,1,2,222
2025-05-11 02:26:37,396e670ab6b7b97eb2bcd4fb9ab2d5288f0d38968acc969682350daa1a3de536,896193,14609510.0,1638.0,0.000112,1,5,315
2025-05-11 02:26:37,7cd718a648d9f6e4ea9617a996a45eb25327dcdba2710d9005cce9c341a40b36,896193,142502.0,1008.0,0.007074,1,2,225
2025-05-11 02:26:37,4a721055c90efba0762ad7b6bcb4170c29323794919753fc9f1e706d5d17bc32,896193,1176734.0,2191.0,0.001862,4,1,635
2025-05-11 02:26:37,87cc3f1e7c86ffe7ac1ae7cb0a258019930c4c3967c67c76fbe3b17b4449ac2f,896193,309283.0,1071.0,0.003463,1,2,234
2025-05-11 02:26:37,d35a4abe5369fe72efb032cc92e07884f66c596b1ea8d7b51bb30348d4d5462a,896193,546.0,1078.0,1.974359,1,1,331
2025-05-11 02:26:37,e6f3504d76910063a721e20d8d862ffb14e4d680169f8db2961369452b7a2538,896193,104724.0,1078.0,0.010294,1,2,205
2025-05-11 02:26:37,03b6fd7c3b48190249f69118fe55f241523f4df7f3160e39b82f47c37f9a302a,896193,515213.0,1155.0,0.002242,1,2,247
2025-05-11 02:26:37,52ea0990bec5e90015a6cfa35929af8d527b1a33f2833298869805571f7ad421,896193,223749.0,693.0,0.003097,1,1,150
2025-05-11 02:26:37,aea462aba8994cf6a589e4f33461e2f3d4c907c9aec6233ecf2b3a2bb0c9611a,896193,126459.0,1008.0,0.007971,1,2,225
2025-05-11 02:26:37,e5cbdc45f7ef78a6cb1afdad09a1ce91e9ae0293425c17323135790777274414,896193,599996013.0,987.0,2e-06,1,2,222
2025-05-11 02:26:37,548a980a9d317c78ed4c7790ec753e3fbe323f9f3c28ebb949c7f62cb4ec5612,896193,81775.0,1162.0,0.01421,1,2,247
2025-05-11 02:26:37,3adb8acca4105cb0b85e03e81c525be1d0edde52914f72992c6c960e63dea611,896193,91378.0,1008.0,0.011031,1,2,226
2025-05-11 02:26:37,8fd14a9694ce7d9588e27fd9e28c7afb30034d8b067efc1d0d51abb194a8be0f,896193,20135.0,987.0,0.049019,1,2,222
2025-05-11 02:26:37,2275d56bf8a2fa78dfaf6972bc1e725d1617dbbf72eb0be7df1f5ea1f09eb00a,896193,173711.0,987.0,0.005682,1,2,222
2025-05-11 02:26:37,acd6f33c3ba62856acb5e010661bee1e20b2d24f9e8ebcaaa72a27afdd74c706,896193,3722.0,1078.0,0.289629,1,2,205
2025-05-11 02:26:37,826cf621a113d049278f1b1555ff0230ca639a733620a041cab4d6101f7d5404,896193,306503.0,1071.0,0.003494,1,2,235
2025-05-11 02:26:37,acc2e0ab17f3ddfdd17203a1e69c14a6c7cc144b7356bea6574d1b0160e1f702,896193,141267.0,1463.0,0.010356,2,2,371
2025-05-11 02:26:37,ea6d8baf91f0fe3e97bebf762ee363e1f37e127ea587e4b10b891f2da6b74d01,896193,840720.0,987.0,0.001174,1,2,223
2025-05-11 02:26:37,ab63fdb4f6c2cf653ff77339b2fc7168bc0d656848ea84a58d82c991f5d4d6b8,896193,939095.0,987.0,0.001051,1,2,222
2025-05-11 02:26:37,6ac8607cd64d6cd888e0d22a0e312962cb877c4d18635eaaf23343c9e3b2cc0d,896193,12443628.0,9433.0,0.000758,14,2,2474
2025-05-11 02:26:37,48b22eb83504b895ad3cc120e32b13195cd3b8e2071cf0c659bb3c6aa4f053d8,896193,1136523.0,4599.0,0.004047,9,1,1383
2025-05-11 02:26:37,ef68ce611d8d20b2fb50cd28ce0954873c5090fac2c11acd569374150ebe4fb7,896193,210277.0,2863.0,0.013615,4,1,731
2025-05-11 02:26:37,b92780b6ab2fe39376c2e9d22c8057b5133058814ed7d373963d9792b2994d21,896193,1250981.0,2212.0,0.001768,4,2,514
2025-05-11 02:26:37,0dc4ea68fbf4e7de1dc2b8b82e97c19e2c2d2edb97d14e8601710e7a230d8b02,896193,2704289.0,1960.0,0.000725,3,2,522
2025-05-11 02:26:37,fb1362dfcaa71cbe070f80f7ec3c436f357a7c3ee2d5a648f6a11a349126199c,896193,67000.0,773.0,0.011537,1,1,192
2025-05-14 17:04:35,f424c4931dbd49040a1625925aad00680a838da417d906224de3ff32566d91ae,896698,940722.0,532.0,0.000566,1,1,215
2025-05-14 17:04:35,75201aa770b169e7551051093a31da0be0f40bf9d9e7e96c0e093033408e39ae,896698,967396.0,564.0,0.000583,1,2,222
2025-05-14 17:04:35,4b1e7142d9bee3e50371ed73f470033eedd0b22616264d7f934ffa47c1881cae,896698,4840099.0,440.0,9.1e-05,1,1,191
2025-05-14 17:04:35,3946e8c49896c372fee8467ef9f5795fdcd42e72a2371fe6a94d1b59a82be4ab,896698,1054880.0,564.0,0.000535,1,2,223
2025-05-14 17:04:35,bb9c7af31e99b25ed40d17fdc1ddef0c6176faacfa5ea0ff84e2df5abf1e19ab,896698,38716.0,564.0,0.014568,1,2,223
2025-05-14 17:04:35,a38c4fb49c72ae1070f7a72d01f7895e740a12d0b1530690c9ed442e04c654aa,896698,61911.0,564.0,0.00911,1,2,223
2025-05-14 17:04:35,13ca1793a645f77f1e991a870736d6158d7f9ad0ace0b7f34469d96ffc5928aa,896698,145995.0,564.0,0.003863,1,2,222
2025-05-14 17:04:35,2e30295c6779d5c81aa195babf7854c24ddda0b05117e2025f489c12727be5a9,896698,581962.0,836.0,0.001437,2,2,372
2025-05-14 17:04:35,d934f8de97acc3e4df6d85cf874670bd69c56ce84a716d483b98ff860aebe2a8,896698,37759.0,564.0,0.014937,1,2,222
2025-05-14 17:04:35,a8ff95a70505662e0ccf649a6bbb7f4146378bcf9d4b93e2fb7a103d13055ca8,896698,12599409.0,564.0,4.5e-05,1,2,222
2025-05-14 17:04:35,f3c8007aff8d8c4cfebab1064a54d253a9858077f857fd46e9a8da569955e8a7,896698,212756.0,2480.0,0.011657,2,12,720
2025-05-14 17:04:35,46a5f006d0f3417e310e4c6ded9f6c1aec85f3ee6c1163bbbc628d004663c3a5,896698,293212.0,904.0,0.003083,1,2,226
2025-05-14 17:04:35,7c083daf6434b8f46952c867eecb2b319f7094cf641efd5162ed76811040d5a4,896698,8323238.0,848.0,0.000102,2,2,374
2025-05-14 17:04:35,a31c0326f42760b5961dcb248c67808dffe100b43eb93413cd36588b9d5c77a4,896698,21200.0,564.0,0.026604,1,2,223
2025-05-14 17:04:35,76f1dd58ade085463d753c3a5fc2c3efb72d92b6a5b95fab223d476b29a55ba4,896698,570725.0,812.0,0.001423,1,4,284
2025-05-14 17:04:35,907ce4b11e83f86b6d46484dfc5ccf262aa722905c0a761c03c2b8d10430d3a3,896698,1230254.0,440.0,0.000358,1,1,191
2025-05-14 17:04:35,fc6254cea843d727a98e0a2f84d045968f6c80d01a4e2829f375aba3c162c5a1,896698,250217778.0,705.0,3e-06,1,2,222
2025-05-14 17:04:35,2e113ca639c6531f5f14f2743a5989aa712899747c07fc13aef609ff4cced614,896698,250241945.0,423.0,2e-06,1,2,222
2025-05-14 17:04:35,0978fee26d936532e4ce209e8bda65d208c39027fc1732bbf6bc6abb29739d9f,896698,371564.0,452.0,0.001216,1,1,194
2025-05-14 17:04:35,6ee0d23725a43c414d4deafc1ffc0e5f54cf12da1a9508f82d0e10d3c6faf19d,896698,7661181.0,660.0,8.6e-05,1,2,276
2025-05-14 17:04:35,73e782f74019690cedb18d119b1f90092dc8bdb44dde81d0eed9fa19a4d43a9d,896698,28319.0,564.0,0.019916,1,2,223
2025-05-14 17:04:35,f856f174a7c91bd3c3dc827bc39f39a8015d5e8a15bd82d6d009722d89dada9c,896698,1199748.0,896.0,0.000747,1,2,224
2025-05-14 17:04:35,390b930382ce0dff764a875cb2872d6e4009f87f535782651e9e80a55d52789c,896698,1603206.0,564.0,0.000352,1,2,222
2025-05-14 17:04:35,6c7f9d247dfb874d91e4955933cc095d50352ad217704887e1e93ae3670c329b,896698,1995178.0,832.0,0.000417,2,2,370
2025-05-14 17:04:35,756bcf7c3993eb3be60d05dbac0b100d0a84540d27648cd59ad07c413465819a,896698,170811.0,396.0,0.002318,1,1,150
2025-05-14 17:04:35,a956f9dca1adffee77dfb78f154e24703669b0f68c3bb36a910b736682dda799,896698,127950.0,564.0,0.004408,1,2,222
2025-05-14 17:04:35,53b7e2e060444e485774ced6504a75ac9193abc5c1bcdd34647fe145f3264d99,896698,1839493.0,836.0,0.000454,2,2,372
2025-05-14 17:04:35,63b21016403262f409e5a05b41b75ae43c8d1bd1b840d434e27b8570f6841898,896698,71826.0,444.0,0.006182,1,1,193
2025-05-14 17:04:35,7f6825d1c65e9a25f80b34abca11f049e1ea614125babecad00a422114b97697,896698,24448.0,444.0,0.018161,1,1,193
2025-05-14 17:04:35,cadb3030472d85d3f34947bd66ad714e873e49d84995e1ed4838c408b4926d97,896698,95844.0,444.0,0.004633,1,1,192
2025-05-14 17:04:35,471be2f5ee248af1e9b666a6e0aae2544db5f82136030fa81e7943f4494bcc96,896698,287205.0,564.0,0.001964,1,2,222
2025-05-14 17:04:35,35e55cd7c6c7094003033c1bae5de55916e7841afad19b79a14809ea158fcb96,896698,1022251.0,564.0,0.000552,1,2,223
2025-05-14 17:04:35,5376015350f414743bdb62e7c4b37e8a77a41c6eda22602de34245e34ea5c596,896698,289893.0,564.0,0.001946,1,2,223
2025-05-14 17:04:35,77192bea305572a14d0752bd7dc9f5f7a9bdcb199ab4d347dbf36ae9c85cfc94,896698,849039.0,564.0,0.000664,1,2,222
2025-05-14 17:04:35,cc75ebd1969b5b6cb79e0278cfd6d4de2cda608c0b8e374084935f0c2f9b7394,896698,1248762.0,876.0,0.000701,1,2,219
2025-05-14 17:04:35,8a43b34505f92790f60dd24fe83b3e2f65d502fb0d4b94e3c61d23f484163894,896698,232104.0,440.0,0.001896,1,1,191
2025-05-14 17:04:35,a3c4f97fa72d8da44396d02775e5b79ffc63cb8c70c4a8b4bc44a2b4f1818293,896698,80823.0,1028.0,0.012719,2,2,420
2025-05-14 17:04:35,63cff01cda9c1c04e39923d2ae0d0bc56f73d9b2e40c3f12dd46570eaf3dc192,896698,1268929.0,488.0,0.000385,1,1,203
2025-05-14 17:04:35,696a313e0d3fed33257d4218d32d4e21975a2406fbabe54b8cc0e94fbb714492,896698,30111026.0,848.0,2.8e-05,2,2,375
2025-05-14 17:04:35,5c7e9e4e70b9a12805735a41f5e06d6a90eff3d79e3b7c56b6b6b0d6db755e91,896698,1516516.0,848.0,0.000559,2,2,375
2025-05-14 17:04:35,51f48e36e37704c9b3a52db7552ac63040e5a16dfcdcb0ec9623ed7e4c7f2091,896698,1056795.0,440.0,0.000416,1,1,191
2025-05-14 17:04:35,2f0d51f0e63607175dffca55ca1e2e2e6a7adbd804d28102e730779091f2858f,896698,399702362.0,444.0,1e-06,1,1,193
2025-05-14 17:04:35,d093d5aa228408d5a69a57eb94c97a0b088a599f99f6a928ec3ed87a5aee668f,896698,3417218.0,612.0,0.000179,1,2,235
2025-05-14 17:04:35,d922e146d581738ccc012ff7846696a16df808af4581e5aa0e150eda9354518f,896698,188675.0,836.0,0.004431,2,2,371
2025-05-14 17:04:35,9ab1d9f5a699bf239c369a933dc771cc0e7cf8d3a99a9576edfc379c0df0b08e,896698,200496.0,564.0,0.002813,1,2,222
2025-05-14 17:04:35,54d2efbedb79997a6e07ed533e2b28c17e044fc97e9c186d4782c51134d8ac8e,896698,603718.0,564.0,0.000934,1,2,222
2025-05-14 17:04:35,256daee87c0268f312ba6616f14ba824a43de9971a92049beb577207e16ad18d,896698,757603.0,440.0,0.000581,1,1,191
2025-05-14 17:04:35,d6a2ba0dee85796d8ab37556a2658ffccec287c78103bb61b7145e7feb31fe8c,896698,587823.0,452.0,0.000769,1,1,194
2025-05-14 17:04:35,196980ad7d6fb7ae7ef29a1cd7908c20dcf4f9e3fdab633ddf3d1626b63b4e8b,896698,1041913.0,836.0,0.000802,2,2,372
2025-05-14 17:04:35,17402ff588beff93c1968d1b54c1b1c054925f6673100fe48262646180b87589,896698,52360.0,440.0,0.008403,1,1,191
2025-05-14 17:04:35,b67dbeb88e4e47d5f8fcab4a2be8581f3267fe60072c339211f00c31903f7287,896698,858893.0,568.0,0.000661,1,2,223
2025-05-14 17:04:35,c57ec9ae95f5859c3c7578dca478df66863f83288706c9ca1e35ee6ad978c686,896698,24042.0,564.0,0.023459,1,2,222
2025-05-14 17:04:35,d27702de0b6729116c1b242d2223d54e95713d925e3844972f4f3705f88e9786,896698,36987.0,576.0,0.015573,1,2,225
2025-05-14 17:04:35,fe13a12a1a3c5553a30d605aa1500a71efa233d24df453c9f56b27fe8e64b285,896698,99275.0,564.0,0.005681,1,2,222
2025-05-14 17:04:35,b18e2084251d54917b2961fd1b3085efe39cc82d44dc6032250c93d639da5085,896698,2376781.0,444.0,0.000187,1,1,192
2025-05-14 17:04:35,bb430ca7cbe15ad84194d185ac188e4ee2b7676ba0c726c0e15ee1d5e88ab584,896698,5419575.0,11672.0,0.002154,42,2,6289
2025-05-14 17:04:35,dc48ca4cc929936af9bf3036aacb720b991749479d479bee37fdbdbc04923b83,896698,514777.0,564.0,0.001096,1,2,223
2025-05-14 17:04:35,7cc9c27c8a6fefcecc3713a4815ecf4334cc5762c07127dfa7ae660eb30aa581,896698,150315.0,848.0,0.005641,2,2,375
2025-05-14 17:04:35,7390302bc0f5cd731c90b0568ed77ae78cf0f52904c29277eb9f79cc59893b81,896698,16666.0,444.0,0.026641,1,1,193
2025-05-14 17:04:35,ca9832b9531dce335f4bb734b80c56e93d33ae1070d9a2f6592248407ba13880,896698,51443.0,564.0,0.010964,1,2,222
2025-05-14 17:04:35,9725f11b4949968c4c5661f19642c5ec304cc177ae2c7c0c74a7861b95272f7b,896698,14037.0,440.0,0.031346,1,1,191
2025-05-14 17:04:35,b87402c771e290770e9e645457e812715c8a63e97708453a0fe021a7b8f7387a,896698,169830.0,688.0,0.004051,1,3,254
2025-05-14 17:04:35,577c4e46bbeafa238875eec5e4e51b943938398108c3f91454905942a3c93679,896698,86646.0,716.0,0.008264,2,1,341
2025-05-14 17:04:35,6c4a39badd205075cbf7aa449f3717c520ed36aa6b9acf4087385a11de376578,896698,114772.0,452.0,0.003938,1,1,195
2025-05-14 17:04:35,29c885d93db75234c348e0093a9dff1e3ddc088a4124b4ea767e43b8c4e70677,896698,90993.0,576.0,0.00633,1,2,226
2025-05-14 17:04:35,2bc8dd89e203b0e6d2542823a66d5787b39f94d70ee986dc142da8f13b7d7674,896698,725642.0,6224.0,0.008577,16,3,2841
2025-05-14 17:04:35,19eb1f3ad5dcb5059678cadbd98b2fc16db77555bf7fd84f95dc38a5c6bbf273,896698,16628.0,444.0,0.026702,1,1,192
2025-05-14 17:04:35,c83c264a14856cb64d4c6b3a476c817819cf61ea514c7bfb7cf3cd2fbf0a6f73,896698,83315250.0,568.0,7e-06,1,2,224
2025-05-14 17:04:35,71450a65df3a3b6a6aa03b142b262e3f20ed457539e287feb6bc6cad03f54373,896698,3296326.0,616.0,0.000187,1,2,205
2025-05-14 17:04:35,eef84aeeb4a767ec7a0215192d191491b935b5e8547f39d0f3c1ee6a671d5572,896698,92560.0,896.0,0.00968,1,2,224
2025-05-14 17:04:35,6291ecd2a1ffe6165425f3dad9b799b8366409b4f61e058d4397b8a0f4363572,896698,7491605.0,576.0,7.7e-05,1,2,225
2025-05-14 17:04:35,b1ccefcc9192a41cebe2a9db9bbb26c873c2fe7245659891b48735d517966071,896698,148457393.0,612.0,4e-06,1,2,235
2025-05-14 17:04:35,b35f1eb0c91f39c1e3c8bf61467059c4dafd2b7a1af9a8e46421d3e655f43b71,896698,13729.0,564.0,0.041081,1,2,223
2025-05-14 17:04:35,fd763000deaca9f43a618b5356a24688918aa2588762acbc43f9007e9c31c06f,896698,193179.0,840.0,0.004348,2,2,373
2025-05-14 17:04:35,6b02fcf57ad70ee31d3024e5747d3dd0bc45601933d19d64fdad8ef41eb4e76d,896698,6690.0,444.0,0.066368,1,1,162
2025-05-14 17:04:35,b842f5176cfdab5a54955d7e700a93d8d9d3eac0967c6b4cd0d3e19c8917a66d,896698,963791.0,564.0,0.000585,1,2,222
2025-05-14 17:04:35,286e9bccbca360b78b8c02905b09b58abed219356d7f086db69ba71739f06d6d,896698,14950408.0,768.0,5.1e-05,1,1,192
2025-05-14 17:04:35,a170f3ec46dc82f470bb1be110c43f5014216f3f1468f2bde78757beac23496d,896698,25786.0,564.0,0.021872,1,2,223
2025-05-14 17:04:35,4bbb6b62e4a2004df23971e6c4680bf2ee928cb7ab4442962b8e2d1280396e6c,896698,203987.0,688.0,0.003373,1,3,254
2025-05-14 17:04:35,442df4b9b00305787319f5527f2fd1edae8d2080f97725aa9c743076fe29c36b,896698,3386104.0,716.0,0.000211,2,1,341
2025-05-14 17:04:35,e631aa46fbd88648db80506945e91c64ce4134e4cccd51a0c7a611a0e93d766b,896698,16923392.0,564.0,3.3e-05,1,2,222
2025-05-14 17:04:35,8279999ee0a57fe468b9fa423a0bd2d8f484b2290586cca5d92b2914a786a669,896698,84567.0,564.0,0.006669,1,2,223
2025-05-14 17:04:35,8301ce1fc9b77c493662bffc0a0f39ef00afc931a86a9ab67cdafa74db2c7c69,896698,770318.0,564.0,0.000732,1,2,223
2025-05-14 17:04:35,08515e668326cd9ebe412bd882a90601cf8bb11f09bdbf47271b9b17f061cf68,896698,9086.0,564.0,0.062074,1,2,223
2025-05-14 17:04:35,3d9b2aba4ed1b2f0dc2efb7179af596b29a3e8fbaf798164cad49eae6fbe8768,896698,3806911.0,564.0,0.000148,1,2,222
2025-05-14 17:04:35,85ffbd9d05208f33c23b8e4d5bf438897ec1f8d331c821538e997f606cc19967,896698,17695660.0,672.0,3.8e-05,1,2,250
2025-05-14 17:04:35,ffdc68d32fc1b8a365685d9ef24da2a862ac0f6d8344d98d183f3706577b5864,896698,11383993.0,612.0,5.4e-05,1,2,234
2025-05-14 17:04:35,0a39f1b28a5fa5064da200d1a3c00cca4e7c94db71eda02e833b810cc165ed63,896698,482197.0,580.0,0.001203,1,2,196
2025-05-14 17:04:35,ca1acdd691172bef17fd9b934fd55cde7bd4031d9fa72465c7465d67b4563e63,896698,879938.0,612.0,0.000696,1,2,235
2025-05-14 17:04:35,5256825019eb0e60203f912c70c863f1395bc7c462cef59e44b88656369dbe61,896698,946512.0,452.0,0.000478,1,1,194
2025-05-14 17:04:35,04cdbb8361a8581c35ea678ef8a620eb44aace5943aee8292c82de9462e73f5f,896698,14656718.0,564.0,3.8e-05,1,2,223
2025-05-14 17:04:35,4591afa8d760147ee40163dabfa34a3f26355526e1db39c6e153cb291d73fb5e,896698,32990912.0,564.0,1.7e-05,1,2,222
2025-05-14 17:04:35,e866aa93f8bc22b0ca4d61d6600b4fb89378b7edee7e48210dafa6490bd2535d,896698,95078.0,564.0,0.005932,1,2,222
2025-05-14 17:04:35,8a877eed4b6a4e536b5d1ab4f12bed99ccd79691f2683757a2dd21d52ea7865c,896698,522438.0,568.0,0.001087,1,2,224
2025-05-14 17:04:35,b8ab427d17f49fbdbc8f10124d0f0325028ccbbc3ef74a18ee7bdfe3df9e545b,896698,6476438.0,896.0,0.000138,1,2,224
2025-05-14 17:04:35,f8acba287e1a91096d070fdcf8d1c486e20e703d5a8a88a874a8f2ffd6c6f659,896698,31021.0,904.0,0.029142,1,2,226
2025-05-14 17:04:35,927ffb84760726fdadb36bc765006ca77e5a83bc8d5cd6b55e9b3327ce816658,896698,124926.0,564.0,0.004515,1,2,223
2025-05-14 17:04:35,f4c9a619979c64dbbba0f2716546bffabd592d264206cd6a73f67a9c4a543b57,896698,399002.0,440.0,0.001103,1,1,192
2025-05-14 17:04:35,43fcfaefc1f94462ecb126da6e1a2e2e48c7ade4b9e8f93ec9fd13e3d176d555,896698,972172.0,564.0,0.00058,1,2,223
2025-05-14 17:04:35,db00b7127b4e0728adcf73c040a5882567eee563cc5edce541ec73f09081d055,896698,831548.0,564.0,0.000678,1,2,222
2025-05-14 17:04:35,f424c4931dbd49040a1625925aad00680a838da417d906224de3ff32566d91ae,896698,940722.0,532.0,0.000566,1,1,215
2025-05-14 17:04:35,75201aa770b169e7551051093a31da0be0f40bf9d9e7e96c0e093033408e39ae,896698,967396.0,564.0,0.000583,1,2,222
2025-05-14 17:04:35,4b1e7142d9bee3e50371ed73f470033eedd0b22616264d7f934ffa47c1881cae,896698,4840099.0,440.0,9.1e-05,1,1,191
2025-05-14 17:04:35,3946e8c49896c372fee8467ef9f5795fdcd42e72a2371fe6a94d1b59a82be4ab,896698,1054880.0,564.0,0.000535,1,2,223
2025-05-14 17:04:35,bb9c7af31e99b25ed40d17fdc1ddef0c6176faacfa5ea0ff84e2df5abf1e19ab,896698,38716.0,564.0,0.014568,1,2,223
2025-05-14 17:04:35,a38c4fb49c72ae1070f7a72d01f7895e740a12d0b1530690c9ed442e04c654aa,896698,61911.0,564.0,0.00911,1,2,223
2025-05-14 17:04:35,13ca1793a645f77f1e991a870736d6158d7f9ad0ace0b7f34469d96ffc5928aa,896698,145995.0,564.0,0.003863,1,2,222
2025-05-14 17:04:35,2e30295c6779d5c81aa195babf7854c24ddda0b05117e2025f489c12727be5a9,896698,581962.0,836.0,0.001437,2,2,372
2025-05-14 17:04:35,d934f8de97acc3e4df6d85cf874670bd69c56ce84a716d483b98ff860aebe2a8,896698,37759.0,564.0,0.014937,1,2,222
2025-05-14 17:04:35,a8ff95a70505662e0ccf649a6bbb7f4146378bcf9d4b93e2fb7a103d13055ca8,896698,12599409.0,564.0,4.5e-05,1,2,222
2025-05-14 17:04:35,f3c8007aff8d8c4cfebab1064a54d253a9858077f857fd46e9a8da569955e8a7,896698,212756.0,2480.0,0.011657,2,12,720
2025-05-14 17:04:35,46a5f006d0f3417e310e4c6ded9f6c1aec85f3ee6c1163bbbc628d004663c3a5,896698,293212.0,904.0,0.003083,1,2,226
2025-05-14 17:04:35,7c083daf6434b8f46952c867eecb2b319f7094cf641efd5162ed76811040d5a4,896698,8323238.0,848.0,0.000102,2,2,374
2025-05-14 17:04:35,a31c0326f42760b5961dcb248c67808dffe100b43eb93413cd36588b9d5c77a4,896698,21200.0,564.0,0.026604,1,2,223
2025-05-14 17:04:35,76f1dd58ade085463d753c3a5fc2c3efb72d92b6a5b95fab223d476b29a55ba4,896698,570725.0,812.0,0.001423,1,4,284
2025-05-14 17:04:35,907ce4b11e83f86b6d46484dfc5ccf262aa722905c0a761c03c2b8d10430d3a3,896698,1230254.0,440.0,0.000358,1,1,191
2025-05-14 17:04:35,fc6254cea843d727a98e0a2f84d045968f6c80d01a4e2829f375aba3c162c5a1,896698,250217778.0,705.0,3e-06,1,2,222
2025-05-14 17:04:35,2e113ca639c6531f5f14f2743a5989aa712899747c07fc13aef609ff4cced614,896698,250241945.0,423.0,2e-06,1,2,222
2025-05-14 17:04:35,0978fee26d936532e4ce209e8bda65d208c39027fc1732bbf6bc6abb29739d9f,896698,371564.0,452.0,0.001216,1,1,194
2025-05-14 17:04:35,6ee0d23725a43c414d4deafc1ffc0e5f54cf12da1a9508f82d0e10d3c6faf19d,896698,7661181.0,660.0,8.6e-05,1,2,276
2025-05-14 17:04:35,73e782f74019690cedb18d119b1f90092dc8bdb44dde81d0eed9fa19a4d43a9d,896698,28319.0,564.0,0.019916,1,2,223
2025-05-14 17:04:35,f856f174a7c91bd3c3dc827bc39f39a8015d5e8a15bd82d6d009722d89dada9c,896698,1199748.0,896.0,0.000747,1,2,224
2025-05-14 17:04:35,390b930382ce0dff764a875cb2872d6e4009f87f535782651e9e80a55d52789c,896698,1603206.0,564.0,0.000352,1,2,222
2025-05-14 17:04:35,6c7f9d247dfb874d91e4955933cc095d50352ad217704887e1e93ae3670c329b,896698,1995178.0,832.0,0.000417,2,2,370
2025-05-14 17:04:35,756bcf7c3993eb3be60d05dbac0b100d0a84540d27648cd59ad07c413465819a,896698,170811.0,396.0,0.002318,1,1,150
2025-05-14 17:04:35,a956f9dca1adffee77dfb78f154e24703669b0f68c3bb36a910b736682dda799,896698,127950.0,564.0,0.004408,1,2,222
2025-05-14 17:04:35,53b7e2e060444e485774ced6504a75ac9193abc5c1bcdd34647fe145f3264d99,896698,1839493.0,836.0,0.000454,2,2,372
2025-05-14 17:04:35,63b21016403262f409e5a05b41b75ae43c8d1bd1b840d434e27b8570f6841898,896698,71826.0,444.0,0.006182,1,1,193
2025-05-14 17:04:35,7f6825d1c65e9a25f80b34abca11f049e1ea614125babecad00a422114b97697,896698,24448.0,444.0,0.018161,1,1,193
2025-05-14 17:04:35,cadb3030472d85d3f34947bd66ad714e873e49d84995e1ed4838c408b4926d97,896698,95844.0,444.0,0.004633,1,1,192
2025-05-14 17:04:35,471be2f5ee248af1e9b666a6e0aae2544db5f82136030fa81e7943f4494bcc96,896698,287205.0,564.0,0.001964,1,2,222
2025-05-14 17:04:35,35e55cd7c6c7094003033c1bae5de55916e7841afad19b79a14809ea158fcb96,896698,1022251.0,564.0,0.000552,1,2,223
2025-05-14 17:04:35,5376015350f414743bdb62e7c4b37e8a77a41c6eda22602de34245e34ea5c596,896698,289893.0,564.0,0.001946,1,2,223
2025-05-14 17:04:35,77192bea305572a14d0752bd7dc9f5f7a9bdcb199ab4d347dbf36ae9c85cfc94,896698,849039.0,564.0,0.000664,1,2,222
2025-05-14 17:04:35,cc75ebd1969b5b6cb79e0278cfd6d4de2cda608c0b8e374084935f0c2f9b7394,896698,1248762.0,876.0,0.000701,1,2,219
2025-05-14 17:04:35,8a43b34505f92790f60dd24fe83b3e2f65d502fb0d4b94e3c61d23f484163894,896698,232104.0,440.0,0.001896,1,1,191
2025-05-14 17:04:35,a3c4f97fa72d8da44396d02775e5b79ffc63cb8c70c4a8b4bc44a2b4f1818293,896698,80823.0,1028.0,0.012719,2,2,420
2025-05-14 17:04:35,63cff01cda9c1c04e39923d2ae0d0bc56f73d9b2e40c3f12dd46570eaf3dc192,896698,1268929.0,488.0,0.000385,1,1,203
2025-05-14 17:04:35,696a313e0d3fed33257d4218d32d4e21975a2406fbabe54b8cc0e94fbb714492,896698,30111026.0,848.0,2.8e-05,2,2,375
2025-05-14 17:04:35,5c7e9e4e70b9a12805735a41f5e06d6a90eff3d79e3b7c56b6b6b0d6db755e91,896698,1516516.0,848.0,0.000559,2,2,375
2025-05-14 17:04:35,51f48e36e37704c9b3a52db7552ac63040e5a16dfcdcb0ec9623ed7e4c7f2091,896698,1056795.0,440.0,0.000416,1,1,191
2025-05-14 17:04:35,2f0d51f0e63607175dffca55ca1e2e2e6a7adbd804d28102e730779091f2858f,896698,399702362.0,444.0,1e-06,1,1,193
2025-05-14 17:04:35,d093d5aa228408d5a69a57eb94c97a0b088a599f99f6a928ec3ed87a5aee668f,896698,3417218.0,612.0,0.000179,1,2,235
2025-05-14 17:04:35,d922e146d581738ccc012ff7846696a16df808af4581e5aa0e150eda9354518f,896698,188675.0,836.0,0.004431,2,2,371
2025-05-14 17:04:35,9ab1d9f5a699bf239c369a933dc771cc0e7cf8d3a99a9576edfc379c0df0b08e,896698,200496.0,564.0,0.002813,1,2,222
2025-05-14 17:04:35,54d2efbedb79997a6e07ed533e2b28c17e044fc97e9c186d4782c51134d8ac8e,896698,603718.0,564.0,0.000934,1,2,222
2025-05-14 17:04:35,256daee87c0268f312ba6616f14ba824a43de9971a92049beb577207e16ad18d,896698,757603.0,440.0,0.000581,1,1,191
2025-05-14 17:04:35,d6a2ba0dee85796d8ab37556a2658ffccec287c78103bb61b7145e7feb31fe8c,896698,587823.0,452.0,0.000769,1,1,194
2025-05-14 17:04:35,196980ad7d6fb7ae7ef29a1cd7908c20dcf4f9e3fdab633ddf3d1626b63b4e8b,896698,1041913.0,836.0,0.000802,2,2,372
2025-05-14 17:04:35,17402ff588beff93c1968d1b54c1b1c054925f6673100fe48262646180b87589,896698,52360.0,440.0,0.008403,1,1,191
2025-05-14 17:04:35,b67dbeb88e4e47d5f8fcab4a2be8581f3267fe60072c339211f00c31903f7287,896698,858893.0,568.0,0.000661,1,2,223
2025-05-14 17:04:35,c57ec9ae95f5859c3c7578dca478df66863f83288706c9ca1e35ee6ad978c686,896698,24042.0,564.0,0.023459,1,2,222
2025-05-14 17:04:35,d27702de0b6729116c1b242d2223d54e95713d925e3844972f4f3705f88e9786,896698,36987.0,576.0,0.015573,1,2,225
2025-05-14 17:04:35,fe13a12a1a3c5553a30d605aa1500a71efa233d24df453c9f56b27fe8e64b285,896698,99275.0,564.0,0.005681,1,2,222
2025-05-14 17:04:35,b18e2084251d54917b2961fd1b3085efe39cc82d44dc6032250c93d639da5085,896698,2376781.0,444.0,0.000187,1,1,192
2025-05-14 17:04:35,bb430ca7cbe15ad84194d185ac188e4ee2b7676ba0c726c0e15ee1d5e88ab584,896698,5419575.0,11672.0,0.002154,42,2,6289
2025-05-14 17:04:35,dc48ca4cc929936af9bf3036aacb720b991749479d479bee37fdbdbc04923b83,896698,514777.0,564.0,0.001096,1,2,223
2025-05-14 17:04:35,7cc9c27c8a6fefcecc3713a4815ecf4334cc5762c07127dfa7ae660eb30aa581,896698,150315.0,848.0,0.005641,2,2,375
2025-05-14 17:04:35,7390302bc0f5cd731c90b0568ed77ae78cf0f52904c29277eb9f79cc59893b81,896698,16666.0,444.0,0.026641,1,1,193
2025-05-14 17:04:35,ca9832b9531dce335f4bb734b80c56e93d33ae1070d9a2f6592248407ba13880,896698,51443.0,564.0,0.010964,1,2,222
2025-05-14 17:04:35,9725f11b4949968c4c5661f19642c5ec304cc177ae2c7c0c74a7861b95272f7b,896698,14037.0,440.0,0.031346,1,1,191
2025-05-14 17:04:35,b87402c771e290770e9e645457e812715c8a63e97708453a0fe021a7b8f7387a,896698,169830.0,688.0,0.004051,1,3,254
2025-05-14 17:04:35,577c4e46bbeafa238875eec5e4e51b943938398108c3f91454905942a3c93679,896698,86646.0,716.0,0.008264,2,1,341
2025-05-14 17:04:35,6c4a39badd205075cbf7aa449f3717c520ed36aa6b9acf4087385a11de376578,896698,114772.0,452.0,0.003938,1,1,195
2025-05-14 17:04:35,29c885d93db75234c348e0093a9dff1e3ddc088a4124b4ea767e43b8c4e70677,896698,90993.0,576.0,0.00633,1,2,226
2025-05-14 17:04:35,2bc8dd89e203b0e6d2542823a66d5787b39f94d70ee986dc142da8f13b7d7674,896698,725642.0,6224.0,0.008577,16,3,2841
2025-05-14 17:04:35,19eb1f3ad5dcb5059678cadbd98b2fc16db77555bf7fd84f95dc38a5c6bbf273,896698,16628.0,444.0,0.026702,1,1,192
2025-05-14 17:04:35,c83c264a14856cb64d4c6b3a476c817819cf61ea514c7bfb7cf3cd2fbf0a6f73,896698,83315250.0,568.0,7e-06,1,2,224
2025-05-14 17:04:35,71450a65df3a3b6a6aa03b142b262e3f20ed457539e287feb6bc6cad03f54373,896698,3296326.0,616.0,0.000187,1,2,205
2025-05-14 17:04:35,eef84aeeb4a767ec7a0215192d191491b935b5e8547f39d0f3c1ee6a671d5572,896698,92560.0,896.0,0.00968,1,2,224
2025-05-14 17:04:35,6291ecd2a1ffe6165425f3dad9b799b8366409b4f61e058d4397b8a0f4363572,896698,7491605.0,576.0,7.7e-05,1,2,225
2025-05-14 17:04:35,b1ccefcc9192a41cebe2a9db9bbb26c873c2fe7245659891b48735d517966071,896698,148457393.0,612.0,4e-06,1,2,235
2025-05-14 17:04:35,b35f1eb0c91f39c1e3c8bf61467059c4dafd2b7a1af9a8e46421d3e655f43b71,896698,13729.0,564.0,0.041081,1,2,223
2025-05-14 17:04:35,fd763000deaca9f43a618b5356a24688918aa2588762acbc43f9007e9c31c06f,896698,193179.0,840.0,0.004348,2,2,373
2025-05-14 17:04:35,6b02fcf57ad70ee31d3024e5747d3dd0bc45601933d19d64fdad8ef41eb4e76d,896698,6690.0,444.0,0.066368,1,1,162
2025-05-14 17:04:35,b842f5176cfdab5a54955d7e700a93d8d9d3eac0967c6b4cd0d3e19c8917a66d,896698,963791.0,564.0,0.000585,1,2,222
2025-05-14 17:04:35,286e9bccbca360b78b8c02905b09b58abed219356d7f086db69ba71739f06d6d,896698,14950408.0,768.0,5.1e-05,1,1,192
2025-05-14 17:04:35,a170f3ec46dc82f470bb1be110c43f5014216f3f1468f2bde78757beac23496d,896698,25786.0,564.0,0.021872,1,2,223
2025-05-14 17:04:35,4bbb6b62e4a2004df23971e6c4680bf2ee928cb7ab4442962b8e2d1280396e6c,896698,203987.0,688.0,0.003373,1,3,254
2025-05-14 17:04:35,442df4b9b00305787319f5527f2fd1edae8d2080f97725aa9c743076fe29c36b,896698,3386104.0,716.0,0.000211,2,1,341
2025-05-14 17:04:35,e631aa46fbd88648db80506945e91c64ce4134e4cccd51a0c7a611a0e93d766b,896698,16923392.0,564.0,3.3e-05,1,2,222
2025-05-14 17:04:35,8279999ee0a57fe468b9fa423a0bd2d8f484b2290586cca5d92b2914a786a669,896698,84567.0,564.0,0.006669,1,2,223
2025-05-14 17:04:35,8301ce1fc9b77c493662bffc0a0f39ef00afc931a86a9ab67cdafa74db2c7c69,896698,770318.0,564.0,0.000732,1,2,223
2025-05-14 17:04:35,08515e668326cd9ebe412bd882a90601cf8bb11f09bdbf47271b9b17f061cf68,896698,9086.0,564.0,0.062074,1,2,223
2025-05-14 17:04:35,3d9b2aba4ed1b2f0dc2efb7179af596b29a3e8fbaf798164cad49eae6fbe8768,896698,3806911.0,564.0,0.000148,1,2,222
2025-05-14 17:04:35,85ffbd9d05208f33c23b8e4d5bf438897ec1f8d331c821538e997f606cc19967,896698,17695660.0,672.0,3.8e-05,1,2,250
2025-05-14 17:04:35,ffdc68d32fc1b8a365685d9ef24da2a862ac0f6d8344d98d183f3706577b5864,896698,11383993.0,612.0,5.4e-05,1,2,234
2025-05-14 17:04:35,0a39f1b28a5fa5064da200d1a3c00cca4e7c94db71eda02e833b810cc165ed63,896698,482197.0,580.0,0.001203,1,2,196
2025-05-14 17:04:35,ca1acdd691172bef17fd9b934fd55cde7bd4031d9fa72465c7465d67b4563e63,896698,879938.0,612.0,0.000696,1,2,235
2025-05-14 17:04:35,5256825019eb0e60203f912c70c863f1395bc7c462cef59e44b88656369dbe61,896698,946512.0,452.0,0.000478,1,1,194
2025-05-14 17:04:35,04cdbb8361a8581c35ea678ef8a620eb44aace5943aee8292c82de9462e73f5f,896698,14656718.0,564.0,3.8e-05,1,2,223
2025-05-14 17:04:35,4591afa8d760147ee40163dabfa34a3f26355526e1db39c6e153cb291d73fb5e,896698,32990912.0,564.0,1.7e-05,1,2,222
2025-05-14 17:04:35,e866aa93f8bc22b0ca4d61d6600b4fb89378b7edee7e48210dafa6490bd2535d,896698,95078.0,564.0,0.005932,1,2,222
2025-05-14 17:04:35,8a877eed4b6a4e536b5d1ab4f12bed99ccd79691f2683757a2dd21d52ea7865c,896698,522438.0,568.0,0.001087,1,2,224
2025-05-14 17:04:35,b8ab427d17f49fbdbc8f10124d0f0325028ccbbc3ef74a18ee7bdfe3df9e545b,896698,6476438.0,896.0,0.000138,1,2,224
2025-05-14 17:04:35,f8acba287e1a91096d070fdcf8d1c486e20e703d5a8a88a874a8f2ffd6c6f659,896698,31021.0,904.0,0.029142,1,2,226
2025-05-14 17:04:35,927ffb84760726fdadb36bc765006ca77e5a83bc8d5cd6b55e9b3327ce816658,896698,124926.0,564.0,0.004515,1,2,223
2025-05-14 17:04:35,f4c9a619979c64dbbba0f2716546bffabd592d264206cd6a73f67a9c4a543b57,896698,399002.0,440.0,0.001103,1,1,192
2025-05-14 17:04:35,43fcfaefc1f94462ecb126da6e1a2e2e48c7ade4b9e8f93ec9fd13e3d176d555,896698,972172.0,564.0,0.00058,1,2,223
2025-05-14 17:04:35,db00b7127b4e0728adcf73c040a5882567eee563cc5edce541ec73f09081d055,896698,831548.0,564.0,0.000678,1,2,222
2025-05-17 07:09:11,dc362d4219a5e79fa7ffb09fbdbca55f021adb470708b165d90cffd83e027f95,897071,67790.0,219.0,0.003231,1,3,370
2025-05-17 07:09:11,a4403a7b0a3390ca33477addaf84150a828683fd850318aedb9056ededff6e4a,897071,68339.0,219.0,0.003205,1,3,370
2025-05-17 07:09:11,1ffe6d6235a8663e58c9058008efff7362e0df939b9225fd12c6dfeb15f8893d,897071,68888.0,219.0,0.003179,1,3,370
2025-05-17 07:09:11,ecfc2ef951e8e2c9f841756c4504a4f921e7742da538eb35cce21dc72796f00f,897071,69437.0,219.0,0.003154,1,3,370
2025-05-17 07:09:11,bba83750a7810cfc458feec34ab0e5b5726c95042b928c4e8ef4d9283f945c26,897071,69986.0,219.0,0.003129,1,3,370
2025-05-17 07:09:11,472765e41cfc591fa1544af5b1010ba3ec84263ab668e714e896d46503eddb4d,897071,70205.0,125.0,0.00178,1,1,204
2025-05-17 07:09:11,be816709a0dfb254a1e19f9cf447db4df3828b65908043ac0a3ec824edbf3a21,897071,56093.0,263.0,0.004689,1,4,389
2025-05-17 07:09:11,4d24bc50a5afe2c349269f6217edc397dcc103bd8a56d440e291da5ec1c1876d,897071,56686.0,219.0,0.003863,1,3,370
2025-05-17 07:09:11,6821fe35b67bbdd9111acb64f1d6554c5abc2c7d5dc03df3c33506748a431bd6,897071,57235.0,219.0,0.003826,1,3,370
2025-05-17 07:09:11,d541c699c20332011904f64aefbbcf96a30c49560155a40f12b7fd649d2fca21,897071,57784.0,219.0,0.00379,1,3,370
2025-05-17 07:09:11,bce2569d0f12f126da147fe47d482deac64cbde328b3c6ef4422d90cdfef2f36,897071,58333.0,219.0,0.003754,1,3,370
2025-05-17 07:09:11,4d7d6db17296dee7882a05090c2fde1d36e76c607181903fa29c188fadf82fb0,897071,58882.0,219.0,0.003719,1,3,370
2025-05-17 07:09:11,4d401e2ab3cc1685591e9f53c894a925a5c5cb5af350709efa5d40580194e549,897071,59431.0,219.0,0.003685,1,3,370
2025-05-17 07:09:11,5a5ac1c892fd8112e0f9217d905e41a2604fde760eccee8a36a82997ff1b61fa,897071,59980.0,219.0,0.003651,1,3,370
2025-05-17 07:09:11,97fa88406133529eae6d999ec63d7dba0a888817b873033fd463d3f8805fa0f0,897071,60529.0,219.0,0.003618,1,3,370
2025-05-17 07:09:11,4f273fb9bb5b219d8d9baea854d2d28ae570f726612523fd5a32096856f58c0c,897071,61078.0,219.0,0.003586,1,3,370
2025-05-17 07:09:11,00c386155c34ce044a717ef02084c92872a971a4eab9b6fa8d5313a8202d8cc4,897071,61627.0,219.0,0.003554,1,3,370
2025-05-17 07:09:11,d680ef0126fcc4e332c8274633c5d591a19437bb37fb3b74d309809418e88770,897071,62176.0,219.0,0.003522,1,3,370
2025-05-17 07:09:11,d80df8e4f5e2f04c8a810a1fe09ef741e57ec48012171d248b9f4f852b3ba5ee,897071,62725.0,219.0,0.003491,1,3,370
2025-05-17 07:09:11,ad9d271c1522106fa10aad3259a6e34a936b83a1ee0948cdc5dc8274b1a31cdb,897071,63274.0,219.0,0.003461,1,3,370
2025-05-17 07:09:11,4c78a712e08088bff9a01f1d9207bc8a9d070a1ee69ccb955f9ace05f8bff458,897071,63823.0,219.0,0.003431,1,3,370
2025-05-17 07:09:11,2f187207bfd335046e90c5a9a2d8b4ccc486efc17877b22f600dc68855f32a13,897071,64372.0,219.0,0.003402,1,3,370
2025-05-17 07:09:11,de969b65321c486a24a4223da5b089343a6309ae780078a71cfe1b415cb5e102,897071,64921.0,219.0,0.003373,1,3,370
2025-05-17 07:09:11,6bdd46d713ede4194b7063f8f605cd1238e2a9d5c79b1bd3815d7b0e8c0154f9,897071,65470.0,219.0,0.003345,1,3,370
2025-05-17 07:09:11,6073f8918e5cb81ef6e7556158f22e3a28bb47d73a3a9792cea85966f06d5a53,897071,66019.0,219.0,0.003317,1,3,370
2025-05-17 07:09:11,84af9db02470fcc6c7256c412c28b6a31edd7447508a30964d335b8a7f434334,897071,66568.0,219.0,0.00329,1,3,370
2025-05-17 07:09:11,dbbfaf1645b231266059aa537d0c8fef4bca8ed237741d981324f9fd46cb571c,897071,67117.0,219.0,0.003263,1,3,370
2025-05-17 07:09:11,19cdc24fcfb6a16d39905d5d814fb8d02e6055f168ec6443b5ecb65e2a19532c,897071,67666.0,219.0,0.003236,1,3,370
2025-05-17 07:09:11,3f4ca210ab93a5cb435a7166dea3d1b83dc418d1b0511c86ab5764b7d8a7eb81,897071,68215.0,219.0,0.00321,1,3,370
2025-05-17 07:09:11,5d4813f37b62880522221e0e0e1fbe77ce350329d7c03729b029695acc60b2e3,897071,68764.0,219.0,0.003185,1,3,370
2025-05-17 07:09:11,32b7a19ab65cf7b0112f7ee894b831ca4af7ab38d851612ffb269f220c301fa7,897071,68983.0,125.0,0.001812,1,1,204
2025-05-17 07:09:11,03a687014de1ea56fac31093696c8ab9fb8a3e25394f694dc09b35d507ca9f13,897071,5293.0,263.0,0.049688,1,4,389
2025-05-17 07:09:11,ae7b120af5aad44c467cb67bdfe475c9112581c0686bf862fcdbb5f8796d711c,897071,5886.0,219.0,0.037207,1,3,370
2025-05-17 07:09:11,00718905bd861c4bb7836782d9f2f677510218f31e392f11b5c397534013f014,897071,6435.0,219.0,0.034033,1,3,370
2025-05-17 07:09:11,da3a583e74d0851a1cd23cf0f6671f21e060f091ae28cb16ca3493a9bc14c6f4,897071,6984.0,219.0,0.031357,1,3,370
2025-05-17 07:09:11,4ed160598eabdf6c95e551ec95e7461a8021bd63da9067b1a9a3a71499b3257d,897071,7533.0,219.0,0.029072,1,3,370
2025-05-17 07:09:11,f14ace5b58bb7137843064cf844002bdba563d36789c7c83a9063f61818ec6b3,897071,8082.0,219.0,0.027097,1,3,370
2025-05-17 07:09:11,19327b2eda5dc45548ce4cfed13b6f23d65dcd7365e240ffda8d4e46f1eec53c,897071,8631.0,219.0,0.025374,1,3,370
2025-05-17 07:09:11,49ccb33a7abadfb5dc5cd3856c8c2881b50fbf1990c0e04c75501aff12877814,897071,9180.0,219.0,0.023856,1,3,370
2025-05-17 07:09:11,8e301b156a5b618282e0de67e975c4c70ace9f3f5b2d2fc22e6858608497d009,897071,9729.0,219.0,0.02251,1,3,370
2025-05-17 07:09:11,d1097790f3758b952934542f44d5cbd6fdbb7a3ff757454899a5a6d814cbb1f5,897071,10278.0,219.0,0.021308,1,3,370
2025-05-17 07:09:11,9d86640a5c9917f72ff8f1906085ddb19c8b2cfb79de91a15c9996d0fc5ec95b,897071,10827.0,219.0,0.020227,1,3,370
2025-05-17 07:09:11,e8d85f873cda0f9480b022442c518cf67442b1e91f0056104ba2275de400687c,897071,11376.0,219.0,0.019251,1,3,370
2025-05-17 07:09:11,7b61a2a56c9919b3416d9542db9f2b90bc1ff460550f8c8da09ec7763a386fe8,897071,11925.0,219.0,0.018365,1,3,370
2025-05-17 07:09:11,ed479afc9a2f29449a035cab6231c1f6b24ab9f803115889ce47a565fa905b7c,897071,12474.0,219.0,0.017557,1,3,370
2025-05-17 07:09:11,8629988d304c5f6b6d4567e793626265fa1acaa66bfda4b40301bdebd7cc426d,897071,13023.0,219.0,0.016816,1,3,370
2025-05-17 07:09:11,f97614005309a530843eaf58bbf56866b5818ef0f03dd688484e27cb52434394,897071,13572.0,219.0,0.016136,1,3,370
2025-05-17 07:09:11,962180b523d4bf63f43229afa4215e72701bb16d70e4c83426693faf8aac14cb,897071,14121.0,219.0,0.015509,1,3,370
2025-05-17 07:09:11,1e298ad2fa031e7b148eb3b3773cf9e65a596091f87d7960e67bc3e6a80f9a95,897071,14670.0,219.0,0.014928,1,3,370
2025-05-17 07:09:11,37d5f1707855ffe0e26244a94d005e58fdf72690cde69fddc89073c1af2a836a,897071,15219.0,219.0,0.01439,1,3,370
2025-05-17 07:09:11,e2ac620b8f91b3af69fce7dda61a41f1107a039f2f14f2812ffc57640999d9ea,897071,15768.0,219.0,0.013889,1,3,370
2025-05-17 07:09:11,0eead00200f9a4da17a7032c6f54b46dfcd3175ee69c707d6c552170a963210b,897071,16317.0,219.0,0.013422,1,3,370
2025-05-17 07:09:11,9e926aa59b0a067d11cdaddf5ca489e4fc3912f213b91fa7163422a2becbe4f6,897071,16866.0,219.0,0.012985,1,3,370
2025-05-17 07:09:11,a33c1d5bfbb56e2bc16ae0daa90bbe46312e318354c0a6fab2ee84246405a152,897071,17415.0,219.0,0.012575,1,3,370
2025-05-17 07:09:11,3b1e333f67a676620f4ec6872045bfb13ea64e0e987199fa753e67b0d9536fda,897071,17964.0,219.0,0.012191,1,3,370
2025-05-17 07:09:11,b8e7418ff08f6b85b05f7caef528e3b803167252efb17fea872340547b2f40fe,897071,18183.0,125.0,0.006875,1,1,203
2025-05-17 07:09:11,05abc906326aa8e16a4e895e0d7826035235a36ec1c51a34f4cfeb9a47e8a50a,897071,91583.0,263.0,0.002872,1,4,389
2025-05-17 07:09:11,4732c669dc6e91deb0638570851d47b8667659546b5052e76eabfb7334d95915,897071,92176.0,219.0,0.002376,1,3,370
2025-05-17 07:09:11,71093e0e27130b947ad74acb28e570fe2dad85676ede8791f8f9842f04601409,897071,92725.0,219.0,0.002362,1,3,370
2025-05-17 07:09:11,1fb750b998a109351b43f99f842fc7cb7659469b9d4e11244992c7abe3bb89aa,897071,93274.0,219.0,0.002348,1,3,370
2025-05-17 07:09:11,33493d8dbb885efeb7d2eaeb3e8f0327a78f6db2ae97f624fb177c53b7d94395,897071,93823.0,219.0,0.002334,1,3,370
2025-05-17 07:09:11,72df018e2cd24c9527c6817ddf9788fea90faa158327b28f9dbff6fd34df135b,897071,94372.0,219.0,0.002321,1,3,370
2025-05-17 07:09:11,d44b5b6b22f08b97d0cacdc92f5cd37f3d6807d27402e99416213c9e1f9a8c8b,897071,94921.0,219.0,0.002307,1,3,370
2025-05-17 07:09:11,9fd33d5be1f8aaa096fc09e346994b286fbbb3ea6b9476798c38328e3728774b,897071,95470.0,219.0,0.002294,1,3,370
2025-05-17 07:09:11,de2b47e8c3b28226efa7389b78a3398db7fc79b5da70b6fc4ba59af84c9f40b8,897071,96019.0,219.0,0.002281,1,3,370
2025-05-17 07:09:11,ac44ff60ec0dcb286af23fbefd81c5c80b429f2d1679e693e2f6705c81ba529f,897071,96568.0,219.0,0.002268,1,3,370
2025-05-17 07:09:11,0526c5e605e0b4378ea26ce0cd0294a5b3e77f5ec28cf8a5c57b06a60f2cd363,897071,97117.0,219.0,0.002255,1,3,370
2025-05-17 07:09:11,1d0d8757a7a8f7ced7b5618abf538b720193783835e99321ddb2899d48fbb12a,897071,97666.0,219.0,0.002242,1,3,370
2025-05-17 07:09:11,6d075b5cf330abc480a5c6fdb7d86851ebbbaa52e97f4b3877b675aa32a4d1cf,897071,98215.0,219.0,0.00223,1,3,370
2025-05-17 07:09:11,b1cac2fa3a784a47ec999d9b8cbce65de639e998ed105b19622a4f65d15f7690,897071,98764.0,219.0,0.002217,1,3,370
2025-05-17 07:09:11,736bce9e0546151366bc9c735c017c173215ea69a268d34bebef12ea3280957f,897071,99313.0,219.0,0.002205,1,3,370
2025-05-17 07:09:11,7b0bad2e0f28bfb895619234cee12ccdaeda65cff01fa0804a722eaa597e47b1,897071,99862.0,219.0,0.002193,1,3,370
2025-05-17 07:09:11,2aec1f95f589ad05281191ccd746a816bf7fb9ba71f37749fc3b82073e593321,897071,100411.0,219.0,0.002181,1,3,370
2025-05-17 07:09:11,c5e6a551a83937b9b062cca36cd8a47f261214b786b6deb86e22d9abdeb94504,897071,100960.0,219.0,0.002169,1,3,370
2025-05-17 07:09:11,2f23d8d65824acf05d879ff763ec0e75810791d5d8d89e4b46ec80f0928852e7,897071,101509.0,219.0,0.002157,1,3,370
2025-05-17 07:09:11,380aa702afc6bd54f6ad553fc6c8087896c6a7d842da501a2284784df1a6dc83,897071,102058.0,219.0,0.002146,1,3,370
2025-05-17 07:09:11,4cad9c008e218df71aace80206a2245c3df6a67607ea031358a950267d7d4a73,897071,102607.0,219.0,0.002134,1,3,370
2025-05-17 07:09:11,cd6144ab0fa68ad6082d0db00d60b36262efb018f30c23e2e7095d39cb6e98fe,897071,103156.0,219.0,0.002123,1,3,370
2025-05-17 07:09:11,ebb10dd2b18ef2d555ecbab5df61e5bc835590ef23c645c9eb72a1019ee4091e,897071,103705.0,219.0,0.002112,1,3,370
2025-05-17 07:09:11,9888ed7be8d838b004b348d44b998e3c3f23c22d577f388786d29efc12271eb8,897071,104254.0,219.0,0.002101,1,3,370
2025-05-17 07:09:11,5e78d4f8145131df67c150c706be8a6eac258936d2304d6829895c3408e11234,897071,104473.0,125.0,0.001196,1,1,204
2025-05-17 07:09:11,f96a54e6a0f492ddab0773eb38a913ebf2227f383604c8c6cb799feaa37125b6,897071,330.0,167.0,0.506061,1,1,326
2025-05-17 07:09:11,36138e4eea5fe04f0999a09189d656d3b2e651b2d198e7cdb85c71a89ef7431c,897071,4884.0,169.0,0.034603,1,2,205
2025-05-17 07:09:11,3eeba9c480ebd503f443338a61a7c4419ffd85f8633e36ff927dfbcdded65766,897071,330.0,167.0,0.506061,1,1,325
2025-05-17 07:09:11,c56279b07e007cdf1496047982d65cd606a62390c9b60b1696a2f05fff104ea6,897071,205751.0,169.0,0.000821,1,2,205
2025-05-17 07:09:11,1eb7e1b0374c34e6c628269344fbc3e17bce7f2edc8210b3c7cd1fea0191ae0d,897071,330.0,167.0,0.506061,1,1,325
2025-05-17 07:09:11,a60c3acb30f0e2bbf18d12d24a43ce237e00b0e2ef6ee9ed1bb7177ada2a2a8d,897071,20455.0,169.0,0.008262,1,2,205
2025-05-17 07:09:11,f8bd42181d8663d668bc7ad0cb1d54a468ccee51b6193853ddfda9e33e7f4cc3,897071,193366.0,134.0,0.000693,1,1,203
2025-05-17 07:09:11,84420efbeb41d48712202bebe0602d3484dde177eef5fbf46e908b941cfd45bc,897071,189722.0,134.0,0.000706,1,1,203
2025-05-17 07:09:11,0ee38f4613f412e410008718a9a75e75ec06712bbcc29e9600789c918fbda4a3,897071,486183.0,134.0,0.000276,1,1,203
2025-05-17 07:09:11,b48f9b227a05698601b0c328a9eb7f0204e74697a0d30a27ef0b8999bdbc3ba1,897071,215261.0,134.0,0.000623,1,1,203
2025-05-17 07:09:11,21708074bee363b073369c5f79183bc07099036e30a0c50cbe4303063c7d849c,897071,74078.0,134.0,0.001809,1,1,203
2025-05-17 07:09:11,f482c1bc1171de12988cdec6b247fc468a4168091ebe6054c6f6872f6344f39b,897071,80495.0,134.0,0.001665,1,1,203
2025-05-17 07:09:11,5a7a37b2c3a62eed2b7c782e65df4f834fef314a3a3fc8c88a8ed823678b7597,897071,18299.0,134.0,0.007323,1,1,203
2025-05-17 07:09:11,c1dc5552f99700ef91f26ede6c3edc6e7b9939c4babd4a671e45ea8fdde0447b,897071,138857.0,134.0,0.000965,1,1,203
2025-05-17 07:09:11,76476b305d647f90cc8382fc4f19fb7a145cc8a1d4129245f290a742c81dc957,897071,92717.0,134.0,0.001445,1,1,203
2025-05-17 07:09:11,5d5beb636beb425a1c2fc051845ef2c42d42a577c2d70120bda167a210a87451,897071,21412.0,134.0,0.006258,1,1,203
2025-05-17 07:09:11,3fe6d2c5b1164203551070e303f09159c39e7654731e3d15bea9800b2b86f83d,897071,2699932.0,134.0,5e-05,1,1,203
2025-05-17 07:09:11,a2a03c398cce8cb73a412e59763d736a9f8f39f85af61a286cf1923e4863663c,897071,84089.0,134.0,0.001594,1,1,203
2025-05-17 07:09:11,3e0e37e6f0d23a36aa8ddb0155723988413bb42ed9fb04ab9c22b115b8de8823,897071,15027.0,134.0,0.008917,1,1,203
2025-05-12 22:00:06,ec7cfcea54db0397e8828c03b26815cbc46456214a67ce04e7e4783e43cf70a7,896461,131492.0,308.0,0.002342,1,2,205
2025-05-12 22:00:06,a047666f964546999b31e615d5c6a6c2e22c44093ea68f238674efe7cac7e7a6,896461,11626.0,220.0,0.018923,1,1,191
2025-05-12 22:00:06,7ace7ab87ba565fae8ac540dc24c9c0ffd052969f7dd1e62e8138fb3da13c3a5,896461,32186860.0,288.0,9e-06,1,2,225
2025-05-12 22:00:06,ffd6c843793f35c86aa384fdf959c2959bc923e05ae6092bd6e6a98a2f2ecda3,896461,6224.0,220.0,0.035347,1,1,191
2025-05-12 22:00:06,a959b89814b960605da367b36bd172f10e22191068b80b65b2603477d26090a3,896461,329726.0,690.0,0.002093,4,2,667
2025-05-12 22:00:06,763387744e7d0185a403cacef2952fceb8e672d09c59a5d23a1b4ce02a1366a2,896461,204686.0,284.0,0.001387,1,2,223
2025-05-12 22:00:06,5e37749b91da2515024c44b85ed7eb5ce3e92a11f0c24f06033fa36b765112a2,896461,546.0,306.0,0.56044,1,1,330
2025-05-12 22:00:06,9a780c21dec3f239e211b8e25d37c1550ae38f194410891afa6f953e3f580ca2,896461,21429.0,308.0,0.014373,1,2,205
2025-05-12 22:00:06,820d502bea6793a725e1cbfe40878457598997d12190f9442344fead460afba0,896461,10667.0,220.0,0.020624,1,1,191
2025-05-12 22:00:06,d3da3a6324336277112065395f14c082b85748bc941164cd65529f088de6caa0,896461,585314.0,286.0,0.000489,1,1,324
2025-05-12 22:00:06,fd12a6256c196cc7249fa769289bb66907cb208af9e2fdd340a8972c552abb9f,896461,32592.0,424.0,0.013009,2,2,312
2025-05-12 22:00:06,00c08a20db2c8d3bc8dd202264777743903da5dff218eb27dfcb95d3058a679f,896461,37776.0,222.0,0.005877,1,1,162
2025-05-12 22:00:06,f3f727ba72b60d874138fda9ca96fb9e4b0cf74bb22a1d3c02c8929a5ae87d9e,896461,1149718.0,282.0,0.000245,1,2,222
2025-05-12 22:00:06,2b0f8460fd55723196cbe017434cf64ebac82618baef301e0bcc4dc165137e9c,896461,521827.0,308.0,0.00059,1,2,205
2025-05-12 22:00:06,65514f09e68f69af3dc7c6925d3006fe5167f8e8e74cd5c109c5b240da89399c,896461,51956164.0,282.0,5e-06,1,2,222
2025-05-12 22:00:06,1f6109236d7570af23318f6037877375c25c0cb9913f7af2ddc9db884606119c,896461,168393.0,308.0,0.001829,1,2,205
2025-05-12 22:00:06,b1a1ef3a96be1a1335b46308058ce19d8661e44b5de1dff4ff7217c612a6a69b,896461,44235.0,282.0,0.006375,1,2,222
2025-05-12 22:00:06,9c2347fae8c0c3d004266dc9466d639aa4fb3364c261d5b75899bb2f1729739a,896461,4357370.0,282.0,6.5e-05,1,2,222
2025-05-12 22:00:06,e929052b9b8b18282d1bd0fbf459f1f010a2c656be15170f31646ccaf6ab3b99,896461,105015.0,384.0,0.003657,1,1,192
2025-05-12 22:00:06,cb7ded6d70c5163cb65dc9eee68dc23e2f133681be6114c1f817d6cd107c7e97,896461,10195.0,220.0,0.021579,1,1,191
2025-05-12 22:00:06,186ea837af13f11d3defe2b17ec22c1fd5995c9561cd7b6e3d3ac9f094646797,896461,656232.0,282.0,0.00043,1,2,222
2025-05-12 22:00:06,a3ed4f7d30e75b700bf4a98618ecdffe10a67e71243e349df487cb5a925c5897,896461,13974.0,220.0,0.015744,1,1,192
2025-05-12 22:00:06,2ff6911430c042fd19e5418b6d516c61958c2b8785666a7009b32fb98d2dc096,896461,41188.0,222.0,0.00539,1,1,162
2025-05-12 22:00:06,365cf6c748009a6c1693c7e16404073bda76153a20787a6da8765f86192bf595,896461,5198624.0,288.0,5.5e-05,1,2,225
2025-05-12 22:00:06,ee5fe18a2db75e56f1546f9233f64ae90e68c5550b58c8c33ea8691811225e95,896461,583714.0,286.0,0.00049,1,1,324
2025-05-12 22:00:06,50dffc235d58d996070fbe9b9534020ec8a8bb87e346f9261dceffeacf495394,896461,7332430.0,328.0,4.5e-05,1,2,245
2025-05-12 22:00:06,2f48d16e89e78259e1baf35f4475b3eb155a4f5090fb8bb2a142aa8ece32ca93,896461,84995.0,288.0,0.003388,1,2,225
2025-05-12 22:00:06,3580841220c4bb3f10fa4ebdaddf4b1577a60af992bd925d3ff4c4bd7a7db093,896461,546.0,306.0,0.56044,1,1,330
2025-05-12 22:00:06,85bbf4e1356a18f0fec1d6f5117d47425edfa2880a2fc32ea5d5c75806475d92,896461,31722174.0,226.0,7e-06,1,1,195
2025-05-12 22:00:06,eb996101744712112397e0a929f677afa2e0229095c76ef98a7898b85e8d0992,896461,490129.0,440.0,0.000898,2,2,382
2025-05-12 22:00:06,a3d882340f67df023a191b9d753b3d9a8fc67890d5b39523fc868d7331acad90,896461,18694.0,306.0,0.016369,1,2,235
2025-05-12 22:00:06,a144c1f2d8deee387838d849acb78a9e50994be583e44ac08fbc341d2c3e3e90,896461,190310.0,220.0,0.001156,1,1,191
2025-05-12 22:00:06,c7ddf929bd42accfbf7ef7aa6b2772f1aaac8b04b279e62d6a026cc678c61690,896461,14167.0,220.0,0.015529,1,1,191
2025-05-12 22:00:06,f256ed5922b8bbcb69625fbfce61ac1860a35f1decee013692a55c56d0fd0b8f,896461,3392.0,222.0,0.065448,1,1,162
2025-05-12 22:00:06,510e67d6dad2375c8f3b1245735adf51168813aae14970dc33e5fd21f3d2d88e,896461,13474.0,220.0,0.016328,1,1,191
2025-05-12 22:00:06,1d6aea569f191afdc729d05fb344ca00c9fdc586c67559e5dfcf0a175aa5b88e,896461,14235.0,220.0,0.015455,1,1,191
2025-05-12 22:00:06,8d4070d2bd24fdf1ba761d51907c170c110db2256cd76285d080f8dd4312aa8d,896461,58544.0,286.0,0.004885,1,2,194
2025-05-12 22:00:06,3e5d3a9ff17e8a8117aff1cb6332c7e9ba8a88d1e77a534fab44e4f55694588d,896461,1611731.0,438.0,0.000272,1,2,219
2025-05-12 22:00:06,96fe2c297f6e7ce08fe7bf6f0cf47477aac709f614d772204af31a7e2e52d48c,896461,12794.0,220.0,0.017196,1,1,191
2025-05-12 22:00:06,07ef7e64664f23fab7861b84e99643bf420eddbe278daf6987f0ef132620cc8b,896461,13474.0,220.0,0.016328,1,1,191
2025-05-12 22:00:06,c043e41b9125e3794bfc49e65c1842aaee24ce203a7e6ba6f6989b5b4608d68a,896461,2164760.0,746.0,0.000345,5,2,622
2025-05-12 22:00:06,149a9ec5aa27bb23759848b1be8729d714bd355cf3f236563495d28b4ea8b687,896461,3392.0,222.0,0.065448,1,1,162
2025-05-12 22:00:06,9bbcab8e4d7f62de8de6f53524d862723a23d815dfb2e2c1e251e20d363e3c87,896461,162892.0,222.0,0.001363,1,1,192
2025-05-12 22:00:06,cf1a522156dcdbc7bd5943136aa3b0a41d1c8897022e3b982087978ecde7ba86,896461,36786.0,220.0,0.005981,1,1,191
2025-05-12 22:00:06,cc5bfb336a959fb54bca3f8156a0d9d8f923a4bae7cdfdc1f1136ffdcde29e84,896461,77780.0,220.0,0.002828,1,1,191
2025-05-12 22:00:06,49bbbcb240c8f3a5cf38e680a0853f91761e41e24d3565f9ae4a29dac7737584,896461,4096.0,220.0,0.053711,1,1,191
2025-05-12 22:00:06,8885484831b5a6476f30f3045969b6d8e0c5d6b5247b2d89421ad1a04806cb83,896461,254282.0,732.0,0.002879,2,2,366
2025-05-12 22:00:06,11faee849da1ab6f643231292ad2fa3cdd820f361969c998c037883263588283,896461,818200848.0,328.0,0.0,1,2,245
2025-05-12 22:00:06,ea8280e6402488bc959e50262ef3322c1f675a4192426eb8c474cd7b718ce182,896461,27866.0,222.0,0.007967,1,1,162
2025-05-12 22:00:06,e00b71783625ab8dc164e2a08224e5d0afb7a8ab4a1368f4d9b9a9225271e37f,896461,118271.0,222.0,0.001877,1,1,192
2025-05-12 22:00:06,69f5d389addf65c69cbc7b09bbd25ee4e2625298814d5ee4eae6c3622ccc447e,896461,2630108.0,742.0,0.000282,2,2,371
2025-05-12 22:00:06,875e1d21feaf020d1c45599c139d2b5650a2f3d7a69d67b34e969e0521df967c,896461,103458.0,294.0,0.002842,1,2,228
2025-05-12 22:00:06,ef87dc2ef8533052ab35691189153a6703574b7be6e93accde147b3104dc817c,896461,107281182.0,350.0,3e-06,1,3,257
2025-05-12 22:00:06,06a4b05bf3d48bac03734ac144321c6b4f040e4ed9f5857eba2e6aedaa75f27b,896461,68327.0,536.0,0.007845,3,2,448
2025-05-12 22:00:06,526099af2c993f707a5d2cded80992212319934f5798222d3b4e6bbc14097e7b,896461,22243.0,220.0,0.009891,1,1,191
2025-05-12 22:00:06,40e19018544b8f824c0b79525bf07e837a3e203939e34343d20915fe7b35d07a,896461,29577.0,220.0,0.007438,1,1,191
2025-05-12 22:00:06,559692579c77b29501f41c87fe1fc91f941c31ed5f80f277325e3d3ebbe7b779,896461,1101491.0,288.0,0.000261,1,2,225
2025-05-12 22:00:06,cb730ff0aff9ad2f5ccd81e9362f31f6aa48c21de3b0c180ac5c6f801d3b2e79,896461,120258.0,282.0,0.002345,1,2,222
2025-05-12 22:00:06,dfd8561605c38a2e514feaf285e2be189fb0b11747d23f589ab870fa5bc9b578,896461,14694.0,220.0,0.014972,1,1,191
2025-05-12 22:00:06,719225424d5f85db5d5c40a5b6595a9d984f6f6d802802de5d6ac4d43f293b78,896461,9912.0,220.0,0.022195,1,1,191
2025-05-12 22:00:06,cff74b54674c9701e92a4bcd074d4892c7de2ea356140e364cc6228e7d863578,896461,5525448.0,556.0,0.000101,3,2,520
2025-05-12 22:00:06,2ca3ecdb27b4ddc85a76781e5b04713bda563a21ae34bb3ea80b3ac77c72a377,896461,421744.0,742.0,0.001759,2,2,371
2025-05-12 22:00:06,6309cd8b30864af6e6b61fb98426c948c406f3dc31001c9b66049e4b15ca2b77,896461,13474.0,220.0,0.016328,1,1,191
2025-05-12 22:00:06,b5333b834571ffaebe532a77be2930a2a7e20e1c6e4dd76fb1dde82f6f020477,896461,17098.0,338.0,0.019768,2,1,269
2025-05-12 22:00:06,d0342d286bc4f053d010fc856ede98a9bd1aec787143cd2be5b96106c0f2c776,896461,5176758.0,1504.0,0.000291,10,2,1556
2025-05-12 22:00:06,6c27f0747b1c661b82bd9627e26b44bd55a25927fef925be9c446a411653cc75,896461,258796.0,898.0,0.00347,6,1,933
2025-05-12 22:00:06,6fd41ff407031a7cad9b8325b9d2f064ad56bc722a183cd7b1725c23ba441274,896461,36352.0,222.0,0.006107,1,1,162
2025-05-12 22:00:06,312e717ba2ab8e5a73333513dd9eefaa6b533b4623fd082cb68f743f6957ba73,896461,546.0,304.0,0.556777,1,1,323
2025-05-12 22:00:06,bbeba986b76548b954c673225ba93fc420eae35c6bd3189d8eb3d859a5938471,896461,100644.0,222.0,0.002206,1,1,192
2025-05-12 22:00:06,343cb24e6acd1937863e9ad2198c1a3558309efeefa889bd64cd7ee5c7305f71,896461,8981.0,220.0,0.024496,1,1,191
2025-05-12 22:00:06,cb654f102a6c621a889ae7fd33ae8c039f1022bd7159772d25e269f67840ed70,896461,128287.0,654.0,0.005098,3,1,571
2025-05-12 22:00:06,4df9d338cd4a46c6e48bd5e3ce0c37b355b23f7dc3d6e8b8ebba340a42b8d470,896461,88003.0,416.0,0.004727,2,2,370
2025-05-12 22:00:06,96aa1e873a429ba85126db1a43ea55f97a1037955d16149b4249f2ba79a7bd70,896461,53256.0,1102.0,0.020693,7,2,1116
2025-05-12 22:00:06,a4bf08ebf657131942fe868bc0056e0f8d1c7b80abaa1ca6dbb816532b13ad70,896461,1065175.0,284.0,0.000267,1,2,223
2025-05-12 22:00:06,317275cc5aa4160e244b4b1555b373bed06abffaebad4808c53dbe2f6d930470,896461,41760.0,282.0,0.006753,1,2,222
2025-05-12 22:00:06,376beab91d46f9b0b550a64ee33da9bbbfcc7401f9feb48d6a4b8a6717f8f16f,896461,583714.0,286.0,0.00049,1,1,324
2025-05-12 22:00:06,7d0f7db0a20498a5d38a0094bad986ca023edf36db7c3ceaec28cd9b5dbdfd6e,896461,38354.0,220.0,0.005736,1,1,191
2025-05-12 22:00:06,93ec71be5050d8ef4d807af114543d57e2dc55eb5e2ffa8800d179fdd50dfc6d,896461,94207.0,222.0,0.002357,1,1,192
2025-05-12 22:00:06,768e5083591ed50df794b1e118a54b0b65aa6aa0073ffcb119e7569e97c22d6c,896461,1208694.0,282.0,0.000233,1,2,222
2025-05-12 22:00:06,4cf32582678a386820839b3eb732337e5d6b3e715cdd488bbe3f947246a2076c,896461,6295.0,308.0,0.048928,1,2,205
2025-05-12 22:00:06,149d281255f4fadf139c55b379fcc4382ca3e52c12434c0f5eaf78ebd68e746b,896461,41211572.0,678.0,1.6e-05,1,8,421
2025-05-12 22:00:06,a3b82e4410140c926c5bd28a3895ad2f598f387c2ff690d06cf8f35febc2596b,896461,10821890.0,310.0,2.9e-05,1,2,206
2025-05-12 22:00:06,237d9628abc26568860a812d54bfc2ac2197465b912ce88418a967ee835ead6a,896461,6970.0,220.0,0.031564,1,1,191
2025-05-12 22:00:06,e7b154975a340816813dccd7ef41baa6270e823737f67efcbf12c7fe2c50906a,896461,5941.0,468.0,0.078775,2,3,366
2025-05-12 22:00:06,aa51eacb125751e182634eaefe0070a32963e045947e581d3632179d0787736a,896461,7041.0,220.0,0.031246,1,1,191
2025-05-12 22:00:06,2bb73c2f2ac99bba413cc2cadbf36fda6f07b59316ee57bee9591f422beecc68,896461,476029927.0,282.0,1e-06,1,2,222
2025-05-12 22:00:06,a371a7b6d0cb07132c1c0da6325840069b63dca425ded8a093a4c9bef389bf68,896461,13474.0,220.0,0.016328,1,1,191
2025-05-12 22:00:06,1e4699c68b87f166fe4a3efa5f6bead802357de7ba25c93e7bf9ce9c97fb9768,896461,96961.0,452.0,0.004662,1,2,226
2025-05-12 22:00:06,cf9c7ad2188b2ffd09d563cfc9a1324e787d84f5a3414edc4f026f7d99629167,896461,111048.0,222.0,0.001999,1,1,162
2025-05-12 22:00:06,e0c75934bc31c26774c3f0e034bfe6129ca5b6e2b80ae00cb6156fa51a939b66,896461,34066.0,222.0,0.006517,1,1,192
2025-05-12 22:00:06,b45de212d408a1d7c7b3b8dd907c31f027124a5e7e0ac4c167ec2a5c77b76166,896461,13474.0,220.0,0.016328,1,1,191
2025-05-12 22:00:06,e7f3e4287f0ab2fe54efd3ec84993641b613869f35b9bcd89e7f999df70fe065,896461,15538.0,222.0,0.014288,1,1,162
2025-05-12 22:00:06,04aac5ad112279c27d3341f0b9f37623b144ecc020cc436a240bf8bbb7947065,896461,23112.0,220.0,0.009519,1,1,191
2025-05-12 22:00:06,4a9e23701d6d56d8155a6d188b0f04b7f68d1d45918db7e490d371e6ae9ef064,896461,156974.0,222.0,0.001414,1,1,192
2025-05-12 22:00:06,434cb16514e58eb27e989fbb20f9b182edbdf57de5184bb531919c89b3eec664,896461,478791.0,446.0,0.000932,1,2,223
2025-05-12 22:00:06,f8d1aca9f1a092db67dd5bf934da8fe16737e2ab526061eae37f3b940f799164,896461,234328.0,282.0,0.001203,1,2,223
2025-05-12 22:00:06,90885ea58234bf93bf5d13628826033c34bb734cb8023ae098466b001c433464,896461,2119644.0,356.0,0.000168,2,1,340
2025-05-12 22:00:06,39bf4d2430366132561350e0d3d0c4d3abd086d3b7d78856d91335500719d663,896461,859783.0,308.0,0.000358,1,2,205
2025-05-12 22:00:06,99dfb9d2467382769095bb0212bdf22de4a19ec19dbef5bc85e6d61b2cd73763,896461,1503831.0,220.0,0.000146,1,1,191
2025-05-12 22:00:06,ae08007651f78864ad9e63b09f54bb03a040e2ab3db81de2837281c48a8d9e62,896461,35856.0,220.0,0.006136,1,1,191
2025-05-13 04:15:14,8efee667bacfa971d950094d5febed8a3f2726b12998fa104f237a1f03afb8b8,896496,2000.0,421.0,0.2105,1,1,150
2025-05-13 04:15:14,0cacf16cc6f48a17e7d185e45e276f2587c21815cedc9674a8affc9052beba23,896496,164719.0,1557.0,0.009452,3,3,530
2025-05-13 04:15:14,398314a23cd7b2523c618aa2bde467ad493bafacf80094ed65d1b5e1db72a90c,896496,128437.0,459.0,0.003574,1,2,234
2025-05-13 04:15:14,8f5547f2e27f72534fcc3f67e3c05a056096593fbdf6f697a6852fdfedb8832f,896496,4200063.0,1066.0,0.000254,3,1,487
2025-05-13 04:15:14,a0893674dafd295dbc09c43b23e0ade26f35f077cd24fc370b0c3b3f3ace127f,896496,48957700.0,147596.0,0.003015,500,1,74039
2025-05-13 04:15:14,9a2070010ae6849aaeb80a2e50c52518f44a47d669aec75ca42e480e419f2d05,896496,584443.0,1459.0,0.002496,2,4,457
2025-05-13 04:15:14,e6ca035a879ad6e441cb3dd479a6cd0bbd58ce36307e2d6af75c529862a2d568,896496,586009.0,450.0,0.000768,1,2,223
2025-05-13 04:15:14,6de321a83384ffd7291fe3f53828a4ce07ed3b4d9204e52070f5e16122e54a40,896496,184316.0,482.0,0.002615,1,1,191
2025-05-13 04:15:14,708fb0b047f201bf4a990dbc68d6723de1e5b7a62d942a8c9a497538050b660e,896496,546.0,608.0,1.113553,1,1,269
2025-05-13 04:15:14,70c2379a8b6423b1282f579813ab298732d8e61a22a43d237f75c10cfb56266a,896496,1933956.0,1200.0,0.00062,2,3,372
2025-05-13 04:15:14,b944c88796f49f3f37b3eb07ec6336a099f1fcbe63da212ddfd1032f362dde44,896496,3282.0,682.0,0.2078,1,2,205
2025-05-13 04:15:14,d8e9b597388f66dd8312ae921e774fafa290afa41eb71866fab4008706a12b16,896496,94500.0,440.0,0.004656,1,1,150
2025-05-13 04:15:14,22bc6409accb9dc40d1cec990a92690cf043bbce3c7072dd97ea3909675d538d,896496,2926113.0,627.0,0.000214,1,2,222
2025-05-13 04:15:14,50f54a352eb85fa4e186db227e1bc21262c1586217463c67f9fbf124e39e0baa,896496,89350767.0,1403.0,1.6e-05,1,7,396
2025-05-13 04:15:14,01914eba86d78ea3751947799f7bf21a5a55ce1f64a4879443020c50d33efaed,896496,1028864.0,1230.0,0.001195,3,2,518
2025-05-13 04:15:14,028b70dcab12f4169f35c25cd0441ff8cce20781750bf6fbe77bb24a44972bc6,896496,264413.0,1230.0,0.004652,3,2,518
2025-05-13 04:15:14,29553e21a4079d5dcd600c9b88637fcbe97babc77270df48a95fb677be259a8f,896496,8875307.0,682.0,7.7e-05,1,2,234
2025-05-13 04:15:14,bef20ce90be61be4481dd40034d573f1eba1465da449abab2c6b21f9a9f33b58,896496,19535354.0,1159.0,5.9e-05,2,2,422
2025-05-13 04:15:14,80652a5021cee7d90f90e646d0cf4906f14d964ee65f83b9d174db750756ed7f,896496,1520888.0,629.0,0.000414,1,2,222
2025-05-13 04:15:14,21a4ff6d995d8c43458520cf67fe0b1cf9929e98aacd3c2cfea13a3209a953da,896496,88095.0,804.0,0.009127,2,1,342
2025-05-13 04:15:14,77dbfa84bfcb88cca5c8dbf253d9da9e29a85015e5bdad9440022d73d699fc53,896496,30401198.0,1000.0,3.3e-05,1,2,223
2025-05-13 04:15:14,c067429e54287a5ac39ae27f8d892e59705aa6c4aeb9964072bed1f84f718d3c,896496,10355761.0,741.0,7.2e-05,1,2,246
2025-05-13 04:15:14,9b5c50dca5fee4b601fd89104adff2dc61b43600c4d9b4df1516d28fa6767bcf,896496,23911.0,508.0,0.021245,1,1,195
2025-05-13 04:15:14,d8d0bf96c44ba4b1a573c22e2c6860e83a92fdbc7335773627a875e728647aa4,896496,46230.0,634.0,0.013714,1,2,222
2025-05-13 04:15:14,647819066748db6e9b6a47545c88cba53ec19f0f89b073057df441e041126f50,896496,93477.0,634.0,0.006782,1,2,222
2025-05-13 04:15:14,824154e34d11ecc0d779582f5d0cb6f992508b24577687e66ff4480164ca23fb,896496,9737942.0,648.0,6.7e-05,1,2,225
2025-05-13 04:15:14,247779662d3230d093a1b64fc94f6f29751f0a1a065b11abc49f97f98755aefa,896496,730906.0,639.0,0.000874,1,2,223
2025-05-13 04:15:14,9e75ef9cbc4721cc8577083357e3e1ac556769f54bb224ffa8ce66314d4090cb,896496,699.0,501.0,0.716738,1,1,162
2025-05-13 04:15:14,52f17335a301f2d93a0e452100a5ee80ed98fc201d23e56b81f918d45a583d38,896496,50617470.0,1152.0,2.3e-05,1,2,225
2025-05-13 04:15:14,9fc4ea4d66e374ffcb297557efabddc33d90ffbab0c035c886e16a54e530fc42,896496,57977597.0,141.0,2e-06,1,2,223
2025-05-13 04:15:14,019438dcd5544b256a1a7a25377b5200271609d6b68b93f05553e83f0e6277e5,896496,528000.0,913.0,0.001729,1,1,200
2025-05-13 04:15:14,84501b413e6888f26d4fc6797d7c6d9c29823f45fcd76bb3b51efe86cd180f00,896496,53315195.0,800.0,1.5e-05,1,3,254
2025-05-13 04:15:14,cb4bd78a5aa1e68a4b3d2d9b75ac2ce159bf1eee9ec23ebcebb280c6632cf8e5,896496,43906.0,518.0,0.011798,1,1,192
2025-05-13 04:15:14,383cc1660b5aa96b2c70064a19790a7f52ab1a0fe54ff13595c57591f3b825e4,896496,202112.0,518.0,0.002563,1,1,192
2025-05-13 04:15:14,8165de1ed5ed269d2a4e07a6424ad2067753ac52e3076839c509a109e71d95df,896496,43925.0,518.0,0.011793,1,1,191
2025-05-13 04:15:14,ed2109af290dd312e9ff62a9954090a7e021c6751f070330f10880a6d8aede01,896496,1589800.0,673.0,0.000423,1,2,223
2025-05-13 04:15:14,4486120dffdc49996dc43775242264f5cf8b4ec4152bf3cf30481d4a44558b90,896496,652499232.0,1262.0,2e-06,1,4,479
2025-05-13 04:15:14,97530dacfb12898d4ee501f39d6b486354582e780f679d662ba6692b62d4fa5d,896496,651.0,549.0,0.843318,1,1,162
2025-05-13 04:15:14,ec4f314fda67b64298f7e479adfbf5c884221168594adfa5223c490f06ca03aa,896496,7302.0,698.0,0.09559,1,2,222
2025-05-13 04:15:14,bbcb06afe6996b6239986db4e32821be1b7c38b5d43cfd76d81c7752a9705802,896496,287074.0,698.0,0.002431,1,2,222
2025-05-13 04:15:14,5d35017e1ca11b527af1492c0432c8e2924630aa0429db436e555930e55d64e3,896496,6730809.0,703.0,0.000104,1,2,222
2025-05-13 04:15:14,4244d2761e3aefebff9db4c6b1e8e25d0e7735ca08155d9ebb4343b8364e34f5,896496,17040.0,960.0,0.056338,1,1,192
2025-05-13 04:15:14,16dea5533d6fdbff75ae530b1e248d648d9c5d2b90388041908faabcc81a33d1,896496,515695.0,705.0,0.001367,1,2,222
2025-05-13 04:15:14,e70fda4b711fcff2a99a1179244ddbe9e88950e32c5e98a55243854a845654be,896496,236179.0,705.0,0.002985,1,2,222
2025-05-13 04:15:14,6da5627db9abb720e995e1a8513df26d9caff0105296cf4a88767a90af18d8bc,896496,686760.0,705.0,0.001027,1,2,223
2025-05-13 04:15:14,b0c9eb0d96a4abccca51ef6b03854c0f4e51f44debc094c1c21b3e55be40d9b3,896496,930880.0,1120.0,0.001203,1,2,224
2025-05-13 04:15:14,e4d1c848da7240682d81f051f5113bac8071756ab10afbc6db0a6f6a0b384aa4,896496,1230290.0,705.0,0.000573,1,2,222
2025-05-13 04:15:14,482ce05010192f904e785e06e1387c6b649d01fec428c063e6480bdb373e14a0,896496,183833.0,705.0,0.003835,1,2,223
2025-05-13 04:15:14,d8812d7590b30844505e6ceff82c5306d81e127b7e3168a096db55892341ea9f,896496,18403956.0,705.0,3.8e-05,1,2,222
2025-05-13 04:15:14,58ecee373483162672d14bb73c7359604d2e6fe3f0e651d71b384b988df10e9b,896496,148450.0,550.0,0.003705,1,1,191
2025-05-13 04:15:14,9f8c7f0b8b31295d637a73192f90e9fdb69c5cc2ba8ae4b10300eceb56431299,896496,32778658.0,705.0,2.2e-05,1,2,222
2025-05-13 04:15:14,1bc59e651a57948ef2e7cfd6da4939a8a2901d9a27821c37e52a795b26d33c86,896496,216773.0,1855.0,0.008557,2,2,371
2025-05-13 04:15:14,44a18505770b6128921957485d5ec5cbf8a83f76d627cec19c5e37565fa2cd7c,896496,124848.0,705.0,0.005647,1,2,223
2025-05-13 04:15:14,181e557fcfe4bbf89640058888087e763d28bd34a3ad4250cdb35a3f7b2d456c,896496,2611102.0,4360.0,0.00167,9,1,1600
2025-05-13 04:15:14,974bb2f9d2550257aea23ec5edeccd33091f4f5b9cd27f7c9a36229b86dae162,896496,22795.0,495.0,0.021715,1,1,150
2025-05-13 04:15:14,6bfb7be6329c06d86829e90e659bcf38a5e016dad270607c72a91df87ba0c957,896496,1914877.0,705.0,0.000368,1,2,222
2025-05-13 04:15:14,9edba340cda00956f12fa853d1736840854b46423937d55c6fa38535ab695457,896496,546.0,760.0,1.391941,1,1,326
2025-05-13 04:15:14,a6fa093486880076b9b7680b3d88031292ef29669a96653d5e129376db442260,896496,87759.0,770.0,0.008774,1,2,205
2025-05-13 04:15:14,3ee9f94aafc1ac5896d71bec7c9b65d0e9eb719d62de4bb36be33ff2edcffa51,896496,546.0,735.0,1.346154,1,1,330
2025-05-13 04:15:14,c387c64a73941873b721b2299f9ec2dd8d08b01054a74f5b6764ab9e21559a91,896496,207825.0,1175.0,0.005654,1,2,235
2025-05-13 04:15:14,de793380bafc35774e0d9293da603e82f1e7f31af0e13be21a9125400b97624e,896496,228416.0,1110.0,0.00486,1,3,303
2025-05-13 04:15:14,cdf3892336744e5248b993c056e30b0ea2d3419b943ddf6b92de5a1552a4b63e,896496,3970525.0,860.0,0.000217,1,3,253
2025-05-13 04:15:14,b6c33310aad2b688d1a48c53452cd4bf939ab3dc91b29a58aadac8fb1bd97531,896496,48246114.0,2890.0,6e-05,7,3,1141
2025-05-13 04:15:14,c231e2c23e21a985581e1c318914117cf4224d190b001668b325a7f750ea4530,896496,2359083.0,705.0,0.000299,1,2,222
2025-05-13 04:15:14,3a7e81bc46d4296d70f125451d5f479e8db386d01b47cc5c1305c4cc7bbe7322,896496,688751.0,565.0,0.00082,1,1,194
2025-05-13 04:15:14,5934920cc775453c7fa443f3d0a4d85a36e1b3265e03c414c891a5a4bc44b921,896496,524566.0,720.0,0.001373,1,2,226
2025-05-13 04:15:14,342d9ce4677d8b3ba2e8a7b277313d1c3e8a604d50afc6eee61baf96a2202e21,896496,8532.0,705.0,0.08263,1,2,222
2025-05-13 04:15:14,e621b8187bfeccba88cd87a86b5e423109475fb7b73b21ba8ab09be70836b91c,896496,172042.0,550.0,0.003197,1,1,192
2025-05-13 04:15:14,42d83db89ef508d1c18a928a6721eb15bad47dcc8f23ff507f383241b4906c14,896496,1105648.0,710.0,0.000642,1,2,223
2025-05-13 04:15:14,838c53b27316056cec11a24aa252a242389b0de703e2fb40505222b1652fcd02,896496,86998.0,710.0,0.008161,1,2,224
2025-05-13 04:15:14,a5733171670e9d3ecbe67e514e694cecc0f28459dfb1e9fe61afbdaf2d8a8e09,896496,31524.0,1115.0,0.03537,1,2,222
2025-05-13 04:15:14,1413e676d1abff2c5803d3a5da48e15fc974fd97b6da3e54103b17ea84034fd8,896496,57201.0,1115.0,0.019493,1,2,223
2025-05-13 04:15:14,471d114dc747d593744d3b468b8618917b35e83e6d8af6e640003063df74be38,896496,82885.0,1115.0,0.013452,1,2,223
2025-05-13 04:15:14,ace4a2e25687005704e61b817fe0d2788078be169ad1666953145c42fd25fe28,896496,388224.0,2090.0,0.005383,4,1,740
2025-05-13 04:15:14,3bf975a97c9934ead31a919a5225c3f8bc1c4b16f790331e29011e05fa96349f,896496,45027.0,1855.0,0.041198,2,2,370
2025-05-13 04:15:14,b347a8b26c762229f048b7e30d947f64066fb7cdc8e1d096dff01f04f0f5c356,896496,1273750.0,1740.0,0.001366,4,2,671
2025-05-13 04:15:14,89e7e55d2f8ad7dd0e0b0598864975fde635ed9ad4a9053ff2ea16290a2ff921,896496,5946.0,1600.0,0.269088,2,5,451
2025-05-13 04:15:14,e7436eebfbe04efe592c548ceed394863bbc6bf21c8084aba3fdbd35563f02dd,896496,459287.0,1425.0,0.003103,4,1,483
2025-05-13 04:15:14,dfbd80a070fb148c2d30c71fdf01d5d38e3891064bdfb4890648f24e816485bb,896496,2599617.0,11490.0,0.00442,15,2,2288
2025-05-13 04:15:14,007f086e7e8b36953c5921cd4ec9e6b17d65f332711415f5c79b33a0699fb05c,896496,50307846.0,1130.0,2.2e-05,1,2,225
2025-05-13 04:15:14,e07eb6b136c5c60e258120a123daa4ab9c7b476bafa5b308d9b151d82fdef50f,896496,1501741.0,1120.0,0.000746,1,2,223
2025-05-13 04:15:14,e352b86e49c28b0a76c8acdd3e0f4f8f6f3c98c2152d6ccfa556e98854fcfaa8,896496,92943.0,1050.0,0.011297,2,2,372
2025-05-13 04:15:14,bef02cad4a91f4c1b8f11a97275093c027f0cc7a248b3eda48a057272c65cf34,896496,314528.0,895.0,0.002846,2,1,340
2025-05-13 04:15:14,61e46460ffd7b0ed98bceb7f4c9cb1682a587562a29b2fa5c834cd3efd9dedef,896496,85941.0,1130.0,0.013149,1,2,223
2025-05-13 04:15:14,543dde50c6bc31611e3d18c5a42147013eddc7db88f3aec8605bcf8b576039bb,896496,636.0,564.0,0.886792,1,1,162
2025-05-13 04:15:14,537aef50e1d441d4474847168a235492faccc5b65757cf1d90c408e32e1fa740,896496,38385631.0,1990.0,5.2e-05,1,10,470
2025-05-13 04:15:14,9d6e485114fa4bf3d831ebe9c6eacafc7531b499f38b2e31c7db52cfeca3129b,896496,9751.0,1175.0,0.1205,3,1,376
2025-05-13 04:15:14,94e3872376c984237cbb0896ba243c5c22e3fda1b8ab4ee1b95d67150ae40f0f,896496,128899262.0,1180.0,9e-06,1,2,226
2025-05-13 04:15:14,771cbec2c5104ca78c24898b44ba8ddd18b9e8c2850504513600174b0daafa9c,896496,189803568.0,1164.0,6e-06,1,2,222
2025-05-13 04:15:14,9e88f529f8798273a76c1a267e05d84b6cdcc8fcefa9813edaa2aa624c1c0a13,896496,775823.0,1449.0,0.001868,3,2,518
2025-05-13 04:15:14,a37e9298ae6b0a8186902d8614d7e1a0040aa581689a00a3c94d1f89ad039d96,896496,863043066.0,1000.0,1e-06,1,2,380
2025-05-13 04:15:14,3abf760b9ea658536b24cdd736965e4479439d4e431af3688c98b56d0c49a145,896496,1186233074.0,1000.0,1e-06,1,2,381
2025-05-13 04:15:14,714221b38d9a6bdf1b72e06b0495b0ca200b5e974a7196488472aa34aff70902,896496,172041.0,843.0,0.0049,2,1,260
2025-05-13 04:15:14,1fa6edbe009445f16cc5c9e46cb192f60ab98017c0c3c8d90098904df0efd4b3,896496,1179069.0,2745.0,0.002328,7,1,1079
2025-05-13 04:15:14,c1cec6b348d1a77010556f798e5f94aa7e07a30b8466c7b8bab11cca554786ce,896496,16310.0,1216.0,0.074555,1,2,226
2025-05-13 04:15:14,ab3c206d164de8b2717a07a4eabd5701af95ae8f9d5d55c069f81a473831fdb7,896496,45136208.0,1216.0,2.7e-05,1,2,222
2025-05-13 04:15:14,1fd7ed1563871b835b27677574d81830049c30df7a2c1607d50c00118c998e6a,896496,49474792.0,1521.0,3.1e-05,1,4,357
2025-05-13 04:15:14,aa38dc1b1774f18f7460217f95303a9f98bc19de01166db27a47e225cb140762,896496,92265500.0,1001.0,1.1e-05,1,2,346
2025-05-13 04:15:14,1f112ecc3d8636532258b30e73aa559691aa5be32f88f19e3019144201be81eb,896496,57210600.0,1000.0,1.7e-05,1,2,345
2025-05-13 04:15:14,0990ff3640d8b10f53c2cf1cf85e11d0a83bd59441bd9db7b7d9e957af5b2f50,896496,2429121.0,812.0,0.000334,1,2,197
2025-05-17 17:52:33,3b42b4a519067ae02e7e79483fa10fc52b1ed844c29b8b01b77c5e2d1e2db096,897134,930255.0,710.0,0.000763,1,2,223
2025-05-17 17:52:33,3178a9831ab82c21054aa798b0d1c3c1c91f605b8c51ff05f47df84187ffc190,897134,456025.0,890.0,0.001952,2,1,341
2025-05-17 17:52:33,607ff357e65c8d55cf4dbc68ffff1b2c80661a232db595fbc6dfdb4abf8e8f90,897134,647294.0,1380.0,0.002132,3,2,518
2025-05-17 17:52:33,19de6ca9630a4ff130e33bb59280b13413a742e54009e36f1a79676c5a610990,897134,546.0,705.0,1.291209,1,1,315
2025-05-17 17:52:33,2fa355572ade43a8981927e3c99afb26afd4b42c944671ba2b78a07a8e5604a4,897134,84115.0,885.0,0.010521,1,2,258
2025-05-17 17:52:33,42e35740063a5998210a809b109cde58343691fb9c5df65676dc673364c3328f,897134,184068.0,1115.0,0.006058,1,2,223
2025-05-17 17:52:33,d832336b664ea6579640f482514438126997698fa483ace78dc28a55cb08898c,897134,339421.0,710.0,0.002092,1,2,224
2025-05-17 17:52:33,087a1e611339419f3fdaa24f9d022aee47a691c0fc9c79cb48f44103d663b48b,897134,320835.0,720.0,0.002244,1,2,226
2025-05-17 17:52:33,70774f18ed189a5111c4bf6243849ec4ba827fb5441170c1d89a6482ed3c8789,897134,312612.0,1060.0,0.003391,2,2,312
2025-05-17 17:52:33,750d7b12794e8cd372fe5f6b1cbabf979881d697adfd8eeb937d8286a57c3589,897134,1225022.0,1040.0,0.000849,2,2,370
2025-05-17 17:52:33,b1c7614385f5c56d610e59e6480e7e2ae05af7a4077fe16545b565dd56503e80,897134,13315023.0,720.0,5.4e-05,1,2,225
2025-05-17 17:52:33,b26eb2814cddaa4da9e6ecdbf5fa1c011c3939489192f44fdac7a4c26ea3767e,897134,11009523084.0,2095.0,0.0,1,9,610
2025-05-17 17:52:33,642b9695f52e3960ab47e2b3a17ac5dd1a17fbbd21c5e22ee2c34c6e79a1bd7b,897134,80641.0,705.0,0.008742,1,2,222
2025-05-17 17:52:33,872affccc42ce4e063e1c2e8a4359d8d3261f904f15557413a5baa9f7a4e757b,897134,69951.0,1705.0,0.024374,3,4,554
2025-05-17 17:52:33,2fc9ed92676c75f179acea7cfaad73c398ec80e23d52d639a9739eb67a3aef73,897134,245044.0,705.0,0.002877,1,2,223
2025-05-17 17:52:33,57c68302790d0dd848f4d9ffaaf7aebce81360d9195c4e1ebf2873b1e497ec6e,897134,65031.0,720.0,0.011072,1,2,225
2025-05-17 17:52:33,9147af32ae34be4e0f059e265178ebe49371f22b11d3ff775f17f60f6a86506c,897134,19970901.0,710.0,3.6e-05,1,2,223
2025-05-17 17:52:33,e2cb84e9345c55b638a98bdf3bb536471d065fd32620b3d038482e110eed9168,897134,481659.0,1780.0,0.003696,4,2,677
2025-05-17 17:52:33,c7d5c8b63fd2be4cdcd9d6a4f0aae79ab1ae1fcb9a644e0198cc84ae78f12f68,897134,401797.0,1015.0,0.002526,2,2,303
2025-05-17 17:52:33,3998076198128009781f44738363d9ce015169627d8e31d902271b6b16489667,897134,288084.0,705.0,0.002447,1,2,222
2025-05-17 17:52:33,25dbe79e9912f5f9880fea6b89d22429032feb6bda9d3a19187b628cbb97965f,897134,2165539.0,710.0,0.000328,1,2,223
2025-05-17 17:52:33,6a7a63fc8301f1b51592d0511688a740d3f555c38ba2133f048cbfa26a96275e,897134,39670.0,1495.0,0.037686,2,4,399
2025-05-17 17:52:33,0b733ac296496d816067301c7aa8dd769b4b16e7a9c9277a09daf4c5c97e785a,897134,705380.0,710.0,0.001007,1,2,193
2025-05-17 17:52:33,d4ba9599eb7807db2c956e926436438135765298a06b80353e4b89e52c5af459,897134,1122242.0,705.0,0.000628,1,2,222
2025-05-17 17:52:33,c34163493d02a871199d27f3e0c80d5e7b28169e12efd29cf98f78b713290257,897134,140785.0,945.0,0.006712,1,1,189
2025-05-17 17:52:33,f887b7eec95e537ab7a9c52771d1986eb0f416b68b9e05f18935ce09e6a8a656,897134,30769.0,705.0,0.022913,1,2,222
2025-05-17 17:52:33,913d062fc38de3ae58b45435ecd7da6f8ac10f63141c6a30b8dc9907258b6155,897134,988693.0,550.0,0.000556,1,1,192
2025-05-17 17:52:33,0cb490cd2471a5f3eaece9cdce6a4371a7d5a7432f8a4d64fe90452809c9f954,897134,1286014.0,710.0,0.000552,1,2,223
2025-05-17 17:52:33,d3bffa31791955b4fb428d49d5770e17beec95827092d20c5840fdd29daec054,897134,374758.0,565.0,0.001508,1,1,195
2025-05-17 17:52:33,089867aac12a5701127e94fe990bb889d83b646378517c6df0fdc667db3a1f52,897134,887314.0,895.0,0.001009,2,1,341
2025-05-17 17:52:33,96bafbc99c51a67718d3bd2bc931d65faceb984f0e00980549524badca620d52,897134,7234924.0,770.0,0.000106,1,2,205
2025-05-17 17:52:33,4e916a022b325b436681df9dd7b3e47382e0044cf2dee73802742b1e170c7850,897134,72526.0,1045.0,0.014409,2,2,371
2025-05-17 17:52:33,08e2266ebdcd723b9025406ea173affc1475bde995665d0e5dbae730d55b374f,897134,20988688.0,710.0,3.4e-05,1,2,223
2025-05-17 17:52:33,38c668c084b29d483c2d767b8bea5ba421b5344cd3c7c67b822d36ed708c5b4d,897134,15450.0,550.0,0.035599,1,1,192
2025-05-17 17:52:33,92e0a339101510d23bc1ea197dc9a36c32cc7f1a92f429fa32274f6cda92cb4a,897134,12890.0,555.0,0.043057,1,1,162
2025-05-17 17:52:33,9303c91667b719ed3a789f2dcfe0fdcfe9db2f8eb58bca3331a84ac90fd87b4a,897134,374892.0,860.0,0.002294,1,3,254
2025-05-17 17:52:33,8fe9181cfc848c2eae8cfa200a249c0d918d0ad69030c2154ad8a989a9c8794a,897134,10774536131.0,2610.0,0.0,1,12,714
2025-05-17 17:52:33,0be3b3026d4eb309c77e22b86dadb8b52307d5b335ac2e93f63e0bd184b3034a,897134,1942969.0,510.0,0.000262,1,1,153
2025-05-17 17:52:33,9dec35445e1ec774674e4322ff10d1f41bad4254f29c853795e4e71045c22349,897134,546.0,705.0,1.291209,1,1,314
2025-05-17 17:52:33,69edf450ff6f8e4df5f1e010b735e0cc7c4fd0623e576117bbe1eae18f941b96,897134,214932.0,885.0,0.004118,1,2,259
2025-05-17 17:52:33,2dda343199d3b6adefb02dba5175a4ecf2af9748f47d4ef32f50e10c8ed7ec46,897134,107335.0,1130.0,0.010528,1,2,226
2025-05-17 17:52:33,ead7062b906db112ed6dc14a7f864d72f0494a1764b237f58bf904ecd8f14545,897134,16137542.0,705.0,4.4e-05,1,2,223
2025-05-17 17:52:33,eca54d2d514c0eb51e5746f9780f2924a5029a1c3390e72ecc9ef07b124d6243,897134,10833571303.0,1580.0,0.0,1,6,507
2025-05-17 17:52:33,59b2648ed779141eec09ce0c9199e4db383fbad713c82119aed624fa46ed8b3b,897134,23798503.0,1115.0,4.7e-05,1,2,223
2025-05-17 17:52:33,4ec6a3bd492282564ccd727200c2a3ba414afacefbd0af0b2b90ad7e7df84f3b,897134,38332.0,565.0,0.01474,1,1,195
2025-05-17 17:52:33,ac2b131dd4b9926ed4a39e20b13cad58bd36799da3f65ee6c2d95a1d0df13d3a,897134,5329470.0,705.0,0.000132,1,2,222
2025-05-17 17:52:33,371bcceececf23e62c10071086ba0ced099dd31c356323614070c57e102a9638,897134,2696049.0,920.0,0.000341,1,3,265
2025-05-17 17:52:33,a4a72080139f787f199001c6b9dcd64f50a0e8f9f083cc8f1c3ecf4049cff934,897134,3619236.0,1060.0,0.000293,2,2,375
2025-05-17 17:52:33,e6b772fb56385c863a4c6dfae92d767046f6ca2f00ab5a1ca1c39cb63f49d932,897134,2705737.0,1050.0,0.000388,2,2,372
2025-05-17 17:52:33,7de15cc7518c4a6bca4ffd0066553e79667a046976f30305181cad3152d8b831,897134,104666.0,705.0,0.006736,1,2,222
2025-05-17 17:52:33,013a9eb467064227958bb5634bbddf3823542b573d37655ce59b5f191a979730,897134,20095.0,705.0,0.035083,1,2,222
2025-05-17 17:52:33,9b4d6efaa03a89277c413b2c4d8f7cbb6db6d179cf9457901537a8e7e8015f30,897134,19667.0,495.0,0.025169,1,1,150
2025-05-17 17:52:33,dbb876fc33ce3ac53e6cf0bad348b8df017ae71c1d6ba5d1f54d7a284919f32b,897134,546.0,760.0,1.391941,1,1,324
2025-05-17 17:52:33,e47ddaff68c75e42849bfa65f9792b5376ed94fbde50c284e63d5bd03fbebcce,897134,1673230.0,770.0,0.00046,1,2,205
2025-05-17 17:52:33,efd5e737d30cc7ed9299d921a8d905e2f65a6ce3550e8932ed675c997a68c82b,897134,221254.0,495.0,0.002237,1,1,150
2025-05-17 17:52:33,7ea29799157b9f4cf7512ef9f895347b50e20aa42f2534de577878abea49382b,897134,289286.0,770.0,0.002662,1,2,205
2025-05-17 17:52:33,787a5241a5999d37b4853c2c372181ea1f192b995b7ec23ed54262910f0a6b28,897134,278697.0,565.0,0.002027,1,1,195
2025-05-17 17:52:33,66c81ade8932783aa21e7d5a90a761ec4373ede27099f611aa807b8e8ec99e25,897134,1405023.0,565.0,0.000402,1,1,194
2025-05-17 17:52:33,8f7d4302bb3d7303584e22cb7ecf2da781dcf794fc8364b3a2de93749725bd24,897134,90088.0,500.0,0.00555,1,1,151
2025-05-17 17:52:33,88df5f68ff4285102529707e93bb4c972e7318538594e90de1c3f0aa7629a121,897134,471435.0,705.0,0.001495,1,2,222
2025-05-17 17:52:33,a6822a49b68a3f2191ac9058294a7352c58df3a224e702e5df0be515a38cf21a,897134,109905.0,960.0,0.008735,1,1,192
2025-05-17 17:52:33,145a24cfd1d8465f75a78bbbc123c14ba48e484497883f87755e3340cbd4611a,897134,22950.0,1060.0,0.046187,2,2,312
2025-05-17 17:52:33,aaadf14ba5f9ad411f55512ce0585c1dd37d04044884555d796f902f22a76319,897134,49767.0,565.0,0.011353,1,1,194
2025-05-17 17:52:33,56d38dd96101e96311da969613336811350f70c0d60377b9e00c52b2f9b54416,897134,98360.0,1870.0,0.019012,2,2,374
2025-05-17 17:52:33,1b236b8a192647bbebd5874738b63854723651ce1507b1e2c0d67725ac20ca14,897134,466998040.0,960.0,2e-06,1,1,192
2025-05-17 17:52:33,c9e9d53f18cd391a48bbca72ae5fd44c620d9f43894bc36555db4d096f354e10,897134,546.0,770.0,1.410256,1,1,332
2025-05-17 17:52:33,cf30e727f16af4ca2e72661275195e7858b90d753b2b3326f35352d677e2f2ad,897134,342721.0,770.0,0.002247,1,2,205
2025-05-17 17:52:33,51e32dbc730a4a15bdab1d2daa994dc2d786fd27c3b87ea34393baa58455430c,897134,303702.0,1055.0,0.003474,2,2,373
2025-05-17 17:52:33,50bacac941527d7701dc7f1443d440f6e34f71f936496e43d9e67bbc3f57590b,897134,429833.0,1055.0,0.002454,2,2,373
2025-05-17 17:52:33,19e5ea1ee4bf3a6bafde26957349b452f94f13954142f36a8378b71108c9ca0a,897134,436206.0,705.0,0.001616,1,2,223
2025-05-17 17:52:33,cae67cc37eaabb7bd6a3354d2a3d5dd43f58174eb0a8cc3c3351a7815ee3560a,897134,802298.0,1060.0,0.001321,2,2,312
2025-05-17 17:52:33,fb5f40aa421ff3ca58aa291ae2681b1553160bae2236974f3df466ad22bb3c0a,897134,803688.0,1560.0,0.001941,3,3,462
2025-05-17 17:52:33,dbcd321013da38d1809692634d6e30172a4fbe5d37eb06a2922bca2f33b44b67,897134,805578.0,2065.0,0.002563,4,4,612
2025-05-17 17:52:33,27d9fe28b93b7be3a17eb37c3e383f6b4c1dcc52a0de8c4e58ed82c7897ad01b,897134,807313.0,1560.0,0.001932,3,3,462
2025-05-17 17:52:33,6d1bfaf31b673b1e65d4c53fd536960e5626e2e85707ba65ac5d0fb87f9ecaac,897134,808759.0,1060.0,0.001311,2,2,312
2025-05-17 17:52:33,2e202e1e88625ab31a358ad025c74f36ec3bda1faec2c25c6f281361faddf009,897134,633911.0,705.0,0.001112,1,2,222
2025-05-17 17:52:33,4736770f192737f21165870ddc97ce13a44abefd6253054e3827baea76c38709,897134,313888.0,1060.0,0.003377,2,2,312
2025-05-17 17:52:33,13459ca98df414ffbba3f7e335d2cd279940625a09f0bb4bdf17eb56fcad8ef1,897134,315164.0,1060.0,0.003363,2,2,312
2025-05-17 17:52:33,00252e6f106b6fc11a4d324e3477703630b5da4f717ff0dda06b1836d9844f0c,897134,316440.0,1060.0,0.00335,2,2,312
2025-05-17 17:52:33,2c9b3805e2170a8b4b437e73d374ad1a4399bc895728c6bb1998b58bdd8a0809,897134,12593612.0,1040.0,8.3e-05,2,2,370
2025-05-17 17:52:33,7fda3403061c4a66505b7be8ccca7a2eb4ed7ec4f0a7d6d103bb8fb06ea45608,897134,676238.0,1100.0,0.001627,2,2,382
2025-05-17 17:52:33,6632f932bba6ae3154bde72ae59a963e1cefd1c1c0ac7d3b1d53c27ccfc5fd07,897134,963468.0,510.0,0.000529,1,1,153
2025-05-17 17:52:33,128fc35ddba1e15c6303f492e6b595f9f439ef443046593d731b2d63c77a0f07,897134,4999295.0,705.0,0.000141,1,2,223
2025-05-17 17:52:33,c6ff2cd19dc283358d4e374e5aab0b9e01b8dd3ae5dda04d08f2beddb374e106,897134,20799.0,710.0,0.034136,1,1,319
2025-05-17 17:52:33,91ef49f8f03ab250d9ac414c77e4621854c73eef39467f2ade5d118b33e7ee04,897134,888165.0,5970.0,0.006722,17,1,2559
2025-05-17 17:52:33,a86533e4e82e4e13806ceb92e401838642ef4a9219f3ee77664b905a40008e02,897134,10858370150.0,2415.0,0.0,1,11,674
2025-05-17 17:52:33,66c7b766299a35a5c2c3641467014ad10d3697864779233083202687de855740,897134,4011333.0,1661.0,0.000414,3,4,544
2025-05-17 17:52:33,f1c6964f8251b555617f82dbd59b87ea9801ad4e239c78fc8d084258a66bddab,897134,26222803.0,1338.0,5.1e-05,1,2,222
2025-05-17 17:52:33,ac2e87bb29ea62b4c084f160f715cb37db572412306537ecbdb3796a5437b533,897134,28166850.0,904.0,3.2e-05,1,2,226
2025-05-17 17:52:33,a5588b2942b66686c13b0338a9bd3244e94c69b0f725bf32a36911d6461f8ac2,897134,7491497.0,3845.0,0.000513,8,1,1412
2025-05-17 17:52:33,3f92d877249dc201c2c80db2af778b087915e708f7d52213aa511243641b8365,897134,127264.0,2414.0,0.018968,3,1,482
2025-05-17 17:52:33,950957730a1274c70c4de709522c88d41c2cbb2dcd77ef98f8773e43e3201205,897134,671907.0,2990.0,0.00445,8,1,1245
2025-05-17 17:52:33,af168cf12ae9375d2b43070ac76161d3ba0ce2af07235ba13c3b73b3fd73b32b,897134,502067.0,2235.0,0.004452,5,3,848
2025-05-17 17:52:33,4411e77a2d0fec01695d84f356b2df7d18c12b6f63698df2191c3df3cc6adb92,897134,1191894.0,2220.0,0.001863,5,3,847
2025-05-17 17:52:33,72c325e871dc17a5beb0a5e35cae5ac5d1ed45ae6f497f1bf5370950e0a6ce5c,897134,2495605.0,1855.0,0.000743,2,2,370
2025-05-17 17:52:33,49e05f91f95c5f71966247982212ba9240f8fa71061724e02e3b07ba90788303,897134,902145.0,1855.0,0.002056,2,2,370
2025-05-17 17:52:33,de41e542d01f13764e5142bb06d3ea03bc7aa1425a01d55e67b484b4ccc37fc0,897134,2388984.0,1725.0,0.000722,4,2,666
2025-05-17 17:52:33,cbcb8367b0b3e66c367f306babaefa8f175eb159584022fe8a6918c4a21e2b21,897134,2026912.0,1705.0,0.000841,5,1,619
2025-05-17 17:52:33,cb09058adec051f957a0fe978f6bb1cd1525379702095ef772348c4de1404d52,897134,55904.0,1690.0,0.03023,2,1,337
2025-05-17 17:52:33,f8aa5eb06c365c7509b24fc570698a41ff09e1aa9b4e04fae03056d3f5de7eec,897134,13099098.0,3350.0,0.000256,4,2,668
2025-05-17 10:23:47,25ad3051b58979863c57758bfae50721b1b11fac23f0cefacab00615ac86e6e1,897086,1895882.0,4118.0,0.002172,1,2,223
2025-05-17 10:23:47,912c333a40235081f16f70649df46e96b9940f6d6ed7015c73315b629c2901e1,897086,759493.0,3190.0,0.0042,1,1,191
2025-05-17 10:23:47,83ac077ec1ebfbfdc80aa5c592ecf97795cf65f39dd9b9c818e4db6fb1650ddf,897086,15198.0,4176.0,0.274773,1,2,226
2025-05-17 10:23:47,7fe9e9974224f2495a2f346ff71b06170455cfc02da2862b2c513d68a21342db,897086,130877.0,4176.0,0.031908,1,2,226
2025-05-17 10:23:47,30759622f561e3229e8599e9708a06609b34df41f4281246e2bff8c596dc12d7,897086,63644.0,6148.0,0.0966,2,2,374
2025-05-17 10:23:47,07a3b8d811c67df5fbce8892ed27e9ee4d726c41b1c35c96b4df0726b05fecd6,897086,4724516.0,4176.0,0.000884,1,2,226
2025-05-17 10:23:47,d8ba6fa349401f64f47e3494287e0b6479d21c87efc8aae0df3f50640336e6d5,897086,405471.0,4089.0,0.010085,1,2,223
2025-05-17 10:23:47,308a8a0155811503fdeafd8c6de7c05fad52da64957bef62af7de4c30a8d7ad5,897086,187756.0,4176.0,0.022242,1,2,225
2025-05-17 10:23:47,cdee83f962995f67c2bfca51fd13b1cecaf30def53ae384ba3856a112bb8bdd3,897086,2803151.0,4089.0,0.001459,1,2,222
2025-05-17 10:23:47,a6b3c3c613f6db64b710346ea576f429453636fb3bb1c0d7c2c9ec32eca607d3,897086,11922593.0,4089.0,0.000343,1,2,223
2025-05-17 10:23:47,fadd7c36c4d2d7fc29d425a2191e422f03dfd982423988c7d8a7e3f0c849f5cf,897086,613724.0,3277.0,0.00534,1,1,195
2025-05-17 10:23:47,663127623513b9326aabb83286c8ecc6271ac8c81555b1f160401c44fa8c50cf,897086,44365.0,4176.0,0.094128,1,2,225
2025-05-17 10:23:47,df0af4cabeb3c11aacb60337d110a96fa23ed3d6a9164779930b618ac05b09cf,897086,275497.0,4176.0,0.015158,1,2,225
2025-05-17 10:23:47,f999726785591505adb2db17732753f17fc5007cada544f405456f99c32f32cd,897086,62588.0,3277.0,0.052358,1,1,195
2025-05-17 10:23:47,8b4d34044c0616ab58065d31dc85c776455f28d4d890c1a7b96bad437505bbcc,897086,963318.0,4089.0,0.004245,1,2,222
2025-05-17 10:23:47,41ad890c1b2867c9cd9c2ace33b1dfc3a9350b648fbf9b4935ee98b884c87ccb,897086,376381.0,4089.0,0.010864,1,2,222
2025-05-17 10:23:47,5463ea552d2bc777e1d9371096423ee6e5475fcf79e7b3b38153cb81a2723fcb,897086,246572.0,3190.0,0.012937,1,1,191
2025-05-17 10:23:47,f49ae2047c0c12ba0d6e2366279a64a9580d625f73d4d7480cfcb9eef76e0cc8,897086,187146.0,4089.0,0.021849,1,2,222
2025-05-17 10:23:47,b7e390d4ba9ccbd3e5630edd30c9a8b5f1667af33a88f7fdbc010288892104c8,897086,190143.0,3190.0,0.016777,1,1,192
2025-05-17 10:23:47,c5f1c87b5d31f52fecc6e063c52fb4f2ad872b49151080d1c06bca62c958c0c7,897086,664044.0,6061.0,0.009127,2,2,372
2025-05-17 10:23:47,d1da9a146896c423c9398c07a001f4c03611c0157b8456da501b7f6f791cb6c7,897086,47824.0,4176.0,0.08732,1,2,226
2025-05-17 10:23:47,1ca9701dccd7b689f50086f74cc99d1c28c88cec66276e5d413d811e9afb58c7,897086,228541.0,4176.0,0.018272,1,2,225
2025-05-17 10:23:47,f522a3b3803161dc68024d669ffc8fae4955623c5d292a3bd091fcf23ddacfc6,897086,170594.0,4118.0,0.024139,1,2,223
2025-05-17 10:23:47,04ae538198e87e9abf28d7cfdef264884ef88ad3e0d8906f0c3058f0521531c6,897086,9596292.0,4176.0,0.000435,1,2,226
2025-05-17 10:23:47,d3ec9583adac025c6e4d40a29ab45a6c6851ee89f23981561d7f76176a523fc5,897086,12648.0,4089.0,0.323292,1,2,222
2025-05-17 10:23:47,681cad5b123989993e0049dbe1b33703b6155aa552a93eb5e3b86b91ae6180c4,897086,1232193.0,4176.0,0.003389,1,2,225
2025-05-17 10:23:47,9365a5d37e67e9750de75dab9a402dbb642140904fb093566c9a251822cb76c4,897086,50914.0,4176.0,0.082021,1,2,226
2025-05-17 10:23:47,bffd8909196525d386e2f1890468e99c7223e3f725cc388cc0476e10906f64c4,897086,2588269.0,4089.0,0.00158,1,2,222
2025-05-17 10:23:47,d2a1ba6e2020528cde8fcf973cd489d22d122a728c6f8fa57dd39cfb661f2bc4,897086,20396801.0,4089.0,0.0002,1,2,223
2025-05-17 10:23:47,b1de1635f86257b8707c839b7d371c9e10e3a14948ec9d9c73812da0f8cb49c3,897086,5780234.0,3277.0,0.000567,1,1,195
2025-05-17 10:23:47,13643370e8f04c3ffc3d10971d59c3dfd9205e21060bd66e56c91d79242ed3c0,897086,47155.0,3190.0,0.067649,1,1,192
2025-05-17 10:23:47,187be7e68c35d36d37b2f1cc6c4f74d4f7e6dbf966684caca575c300eab2e0bf,897086,15911.0,4089.0,0.256992,1,2,223
2025-05-17 10:23:47,96aeee9f1a3c6ce3cd32074c6e2b6a9810a08c0537f0fee392c64cd68ba1fbbe,897086,331920.0,3190.0,0.009611,1,1,192
2025-05-17 10:23:47,4bd937f0cff6e894c109af66f3ecbae8d18f17d5ec680215eacc12260881adbe,897086,8251109.0,4176.0,0.000506,1,2,226
2025-05-17 10:23:47,fdfcff5ad411239eb7fd8149cecf00102facc7b77ec8d790904eaac70c818dbe,897086,4336502.0,3277.0,0.000756,1,1,195
2025-05-17 10:23:47,113482363b48a38ac4c863038eb3451d8fd33ed429b88814224b04f335a736bd,897086,38041.0,4089.0,0.107489,1,2,223
2025-05-17 10:23:47,35f98fc3798b015d76d6d30c66932a3b38ee883ec3ec36dbc1d42ee8cc97dbbc,897086,17069.0,3219.0,0.188587,1,1,192
2025-05-17 10:23:47,d3b5bd88f0d04be623da2657e52ac1d07b582b45e895b19c3164fbe8012362bc,897086,50750.0,3190.0,0.062857,1,1,192
2025-05-17 10:23:47,46a46eae8a7daffbccf3e910234591fb2bed2e440707f8e6ea48dde2a0ceebbb,897086,323080.0,4118.0,0.012746,1,2,224
2025-05-17 10:23:47,6fc1b85449446a7187c5281665c7d890940aa8fda47ca923ce8a484d7afcc0bb,897086,18991563.0,4437.0,0.000234,1,2,234
2025-05-17 10:23:47,ba0db5746813ee6548eb2b985d3a3fde226f3e5f2d54cb377c447cb61af9caba,897086,756437.0,4089.0,0.005406,1,2,222
2025-05-17 10:23:47,2242303d59283409e80d9df67b0d613f85ecf3fe803b58c802c7c210e358abba,897086,23059.0,3190.0,0.138341,1,1,192
2025-05-17 10:23:47,983079174ca7f5d03b9f1db5081aced82770901f72a67565e96bafc0b84c51b9,897086,695893.0,6061.0,0.00871,2,2,371
2025-05-17 10:23:47,7d088b0c0d9c63b000446d3c0b0b5958ff08eb185f1ee1c77927fd433611bcb7,897086,167441.0,4089.0,0.024421,1,2,223
2025-05-17 10:23:47,bae3954ba06474fc39af52bea24ebe3e9e9008dee2d62816f2294abfe2c5b0b5,897086,75880.0,4176.0,0.055034,1,2,226
2025-05-17 10:23:47,6a318179a9a9432b5a2f7898c595819e92137a2ccab2073ac3a72d49430469b4,897086,873718.0,4176.0,0.00478,1,2,226
2025-05-17 10:23:47,7f48d821ebcb8945dc024d97131bfd1de9f75ddde25775e5c1a2df569dfd5cb3,897086,189045.0,3277.0,0.017334,1,1,195
2025-05-17 10:23:47,989e9effb3d01c2af801afbb3136e741c9bf983df5b786231bc40b09d2aaa5b2,897086,29723.0,3277.0,0.110251,1,1,194
2025-05-17 10:23:47,ae6d6a8487906b4b2c0a7b473dd73f63b6f3c25bb8f55b049c9635e78fc3a0b2,897086,207822.0,3277.0,0.015768,1,1,195
2025-05-17 10:23:47,28ce5f393f49ec9c8a22518bb5200aa4fa6f356b1640a502911fb4249d084cb2,897086,1068751.0,4089.0,0.003826,1,2,223
2025-05-17 10:23:47,e6b5150214b5fce8f52cd8f45de6f0804ffb43fe8aac899ff69c927722ae30af,897086,98700.0,5162.0,0.0523,2,1,340
2025-05-17 10:23:47,7dcef82734d2f96f95f9d7392ff533a26d23194dbb51cce59801dd8182c9d2ae,897086,44023.0,4089.0,0.092883,1,2,222
2025-05-17 10:23:47,f513eec4e3e4e4ac50e015b735f1e7bb87401ac23985db73572f834f26340eae,897086,293134.0,4089.0,0.013949,1,2,223
2025-05-17 10:23:47,1204991f3a48277104078bcd7648c7f8f8efb4d74b712806ee41a98d24998ead,897086,2699904.0,3277.0,0.001214,1,1,194
2025-05-17 10:23:47,d7467af22382ca7f20e640043cc9177e59d9816f8296866cd1263df266520dad,897086,7128368.0,4118.0,0.000578,1,2,223
2025-05-17 10:23:47,fcd4b6fb8edad4e8423e57d0b90b7315065d7a9c2f9b6a50afa1dbfeac39b4ab,897086,134565.0,6061.0,0.045041,2,2,371
2025-05-17 10:23:47,2fc56a2f9f1ef18b357e4451b978f9800ced7fe4b0243fa7b8f632429ba5b1aa,897086,287286.0,4176.0,0.014536,1,2,225
2025-05-17 10:23:47,c0bbcf91a7c8ecd42e1858527c58273a79dcf326674ed1703e5e1555986e81aa,897086,184679.0,6409.0,0.034703,2,2,383
2025-05-17 10:23:47,b197c6e9b9c76767ac17c00dec16a7e83f6a030a6ddf0ca13dd31210a8cbcca8,897086,431374.0,4176.0,0.009681,1,2,226
2025-05-17 10:23:47,42d65d93dfde20c19ea80cbc4d56e40815b64bcdee9c37c4bdf696b4dbf580a7,897086,653559.0,3277.0,0.005014,1,1,195
2025-05-17 10:23:47,ffb94da4f7ba2e8385745a6c202f97d6a3ff9a394f3b553e91fe641bb9276aa7,897086,99304.0,3277.0,0.033,1,1,195
2025-05-17 10:23:47,52f42e6abbded4513dd1de50a718da000cf7aae470383b86e1e238247c5f25a7,897086,108396.0,4118.0,0.03799,1,2,224
2025-05-17 10:23:47,58ca3728895dc9afa1bdb8e05e5670baecee7905d1c16dc90975c844f5e613a7,897086,714496.0,4089.0,0.005723,1,2,222
2025-05-17 10:23:47,ce9c82d466e88d46a77359ac87a4652e7e227ffceae15952bfafa798368931a4,897086,29750.0,4089.0,0.137445,1,2,223
2025-05-17 10:23:47,7a20a49f442704976ad955dabb2f03cb8e0780690329cf80c51d1b0c6930dfa3,897086,538788.0,4176.0,0.007751,1,2,225
2025-05-17 10:23:47,1c4555a10a8d75f2eee210a5cf1d57d1dd1f39860cf7edfc20d71eba408dcca2,897086,63417.0,3219.0,0.050759,1,1,193
2025-05-17 10:23:47,af52d2ebb2169d00554137942a32c00bb739d91df56e360ec158a108e18e90a2,897086,41434.0,3277.0,0.07909,1,1,194
2025-05-17 10:23:47,aa0bc26027fe6911d198302160a61ee61f8001ec517ab522d419a0985a7b68a2,897086,228528.0,3190.0,0.013959,1,1,192
2025-05-17 10:23:47,0be4595678277083dbb24cfe92b52760e29edbda571d295140f5a9e25c6ad2a1,897086,1926458.0,3277.0,0.001701,1,1,194
2025-05-17 10:23:47,eef944a8a2db8e001ad7d0e08174f03fe3034c441d65cd0578e7f174ecb6b7a1,897086,19741.0,4176.0,0.211539,1,2,225
2025-05-17 10:23:47,67e8227a5f106bd81b76c1f61c53894a5a797fbcad91b834302d65c7eaea0f9f,897086,26822.0,4089.0,0.152449,1,2,222
2025-05-17 10:23:47,88990f9510b4251ac0c64435a8b6d313b104e14ed6400ac983f4ddb92b73509c,897086,983262.0,4176.0,0.004247,1,2,225
2025-05-17 10:23:47,8611dccb437a951e534a37970f87827fbea7ba4de000703032d533dc0671cb9a,897086,511117.0,3190.0,0.006241,1,1,192
2025-05-17 10:23:47,dd098b1ba5c2494c9a27aba905163b7f1f95101835eb333f8b7214563a27bb99,897086,675911.0,4089.0,0.00605,1,2,223
2025-05-17 10:23:47,3be413fdd7706eb226b01bd036cc19a9031016fc392ee81ea98d8ba7cdd40097,897086,28053.0,4089.0,0.14576,1,2,223
2025-05-17 10:23:47,2b6f2e4cfb59f8756d9f1451923e42a4e4edef82b88b6c9df7a2d3604597a596,897086,5581248.0,4176.0,0.000748,1,2,226
2025-05-17 10:23:47,0739ca16d130e105e696f6b7a174e6e81ea2e22e2af156e200e8b3b91f749e96,897086,137199.0,3277.0,0.023885,1,1,194
2025-05-17 10:23:47,cc8dd5ff0a57a9f344677461dfa3cf7783f5498b69ae13497eed864ae9173d95,897086,657217.0,3277.0,0.004986,1,1,195
2025-05-17 10:23:47,4a81aa0d7c23a7c1c53f366acf68156f5b4525cb71d3973e1b58fd0890f6a894,897086,763715.0,4176.0,0.005468,1,2,226
2025-05-17 10:23:47,d6d2d4007943adb0deeb0db8c674331dec7136c26b5303cceea75502b9302794,897086,205014.0,3190.0,0.01556,1,1,192
2025-05-17 10:23:47,e46588fe4e4b9e1d82ac924c3375c340e8ed94a064f4228c7aae59c44967f492,897086,3908166.0,4089.0,0.001046,1,2,222
2025-05-17 10:23:47,8d8bf7e3b7c9f043ee14e214f18f0dfc2e20d295bfaac506d28c53ea243f1a92,897086,239964.0,3190.0,0.013294,1,1,192
2025-05-17 10:23:47,82e7ff28cfae18588715544df657cde04957786c9b976db88f797ec338f0bc91,897086,44701.0,3277.0,0.073309,1,1,195
2025-05-17 10:23:47,b5369e1837ffc05cc3728f16916cd77a0706c31a7af019134cff150ec8339491,897086,45102.0,4176.0,0.09259,1,2,226
2025-05-17 10:23:47,351048cfb179e9a136ab33889fe793212c467afd058f8246ace1770d50b75591,897086,142441289.0,3277.0,2.3e-05,1,1,195
2025-05-17 10:23:47,43a09c80c637d1eb91fa29ab5e524dbee03787fa8d064c28eaebb86c20c12b91,897086,3928597.0,4089.0,0.001041,1,2,223
2025-05-17 10:23:47,f2318db2f10dd2d8220b5b4b65c6c5371bdc260382be5ebea04578dc7eb78390,897086,76977.0,4176.0,0.05425,1,2,226
2025-05-17 10:23:47,48e0d3f60da3689d79ec1e491dbc6cdb638592b6f8ec809dde3b76bedcc1b18f,897086,343103.0,4176.0,0.012171,1,2,225
2025-05-17 10:23:47,7784b3adf84e70f07018c1be6ee10b15e67019f914a5e1e46a597e0d92f5b98d,897086,1570667.0,4176.0,0.002659,1,2,225
2025-05-17 10:23:47,acd56398b3ab3dd0523052cbaf394b0fb98ec370dbdee171365d1e976365b18d,897086,333342.0,4176.0,0.012528,1,2,225
2025-05-17 10:23:47,d7207a92bf920ba54a4dbf9d9b1b4115a3551054fc0df14ee96371f7b0c7098d,897086,306664.0,4089.0,0.013334,1,2,222
2025-05-17 10:23:47,d924cb1915fce03a8d05f37f23f39425b9995c780865071aa5ce82d88856bf8c,897086,358723.0,3277.0,0.009135,1,1,195
2025-05-17 10:23:47,f3a1af6dbb6adac9fbbfd1bd455026ec0bde67cdf327e0550329408af671bb8b,897086,78957.0,4089.0,0.051788,1,2,222
2025-05-17 10:23:47,cc4392a4a189df8f1819cd1384296189298de962b47c80df717a09a785e43a8b,897086,43314.0,4089.0,0.094404,1,2,223
2025-05-17 10:23:47,a6410698f87d8aee1773df0f24d2c5bf6f13247e694f328c3cf56349e474568a,897086,5122843.0,4089.0,0.000798,1,2,222
2025-05-17 10:23:47,9b47e13e728b2033c34a74758317c1cbeeca07c53e922c80e28f22481ae97989,897086,601184.0,4176.0,0.006946,1,2,225
2025-05-17 10:23:47,93fb2d920ebe051e3bd80a7e7755e236748afe9bf2c78b1a8e59a9f39a2b6688,897086,178318.0,4089.0,0.022931,1,2,222
2025-05-17 10:23:47,a9762f222a01a89a55c22cf0bf1c4398d48f0f66b62d18d15c5e2d987e360286,897086,66637.0,4176.0,0.062668,1,2,225
2025-05-17 10:23:47,802724b1c11aaab28236b2509a2f3705c8070fd621da499ad268936032612c85,897086,1664715.0,3277.0,0.001969,1,1,195
2025-05-17 10:23:47,35f15353c1330b0968a185291b4f96ee29a1553e62b801da9c43bcab986edb84,897086,1356536.0,4089.0,0.003014,1,2,222
2025-05-12 21:13:18,17648f1737bf08a7451f61c3540e19863d873559ba6a590073516e9f426e3ea4,896458,746186.0,678.0,0.000909,1,2,222
2025-05-12 21:13:18,5cfde94e43671039f8807f94da9b04977c554ad74e66d3b95aec586d3307087d,896458,212086.0,678.0,0.003197,1,2,222
2025-05-12 21:13:18,90cdea702508f9d5508df1cea48a64c750664a2c927b3569759894152c255231,896458,6126964978.0,2189.0,0.0,1,12,536
2025-05-12 21:13:18,269f62b38e5437b21f7c646b36755644e38203f1f4732737143e2e311cf1fb6e,896458,34348.0,1128.0,0.03284,2,2,396
2025-05-12 21:13:18,1f4e5ada24a4c98b8f563fef2aa2db807a11874585c82013986ad24b83bb0c20,896458,736013.0,1987.0,0.0027,5,2,816
2025-05-12 21:13:18,039aa0923baf5eff56fc2bb92b6541394ca3f52c3ad8198757e370e972e72de8,896458,253301.0,3624.0,0.014307,10,2,1557
2025-05-12 21:13:18,4fd22f866d64fd0bd5d659ab017e272680e8d373d7fdd33250d744c43910df96,896458,21482820.0,832.0,3.9e-05,1,3,254
2025-05-12 21:13:18,f7ffc1b769d6c02923901388d27f68874e4b7564d49eb8a143abc907b84d55ff,896458,2498934.0,1066.0,0.000427,1,2,219
2025-05-12 21:13:18,830c33dc686d3262adf2049650e7b4ff0e4972cdb15c0a064456dd5f6883101c,896458,10421.0,2427.0,0.232895,4,1,660
2025-05-12 21:13:18,36c55c151ba3e22ea566a26c3d8ace877ad3bfe408551c417745fad3018b44cf,896458,34295.0,705.0,0.020557,1,2,226
2025-05-12 21:13:18,806a5d5e0fcee36dcfef004b608661c1d614581c072df18924789d48b3cef128,896458,2937.0,539.0,0.183521,1,1,191
2025-05-12 21:13:18,c7dac00127e9b7e27c844c7a794db78523935964387201c70e339e60ede9629b,896458,581088493.0,3334.0,6e-06,1,12,544
2025-05-12 21:13:18,0fe61ae0b1bea48aa3101fa9b9613bfe4b1f8b960f6501719e78f40ceefbc3a2,896458,590203261.0,3132.0,5e-06,1,14,603
2025-05-12 21:13:18,226cda2218173ed27a09e6cf4899be88dfdb060b1cf9d6e64f0d117da0cb7da1,896458,594278624.0,1570.0,3e-06,1,18,735
2025-05-12 21:13:18,99cb89eba2e095bb09207729311c808cc9322cc4811a2c8d8680a6670cb9c2a9,896458,1872816.0,1469.0,0.000784,1,2,235
2025-05-12 21:13:18,da06ca798dd2f03b71e36ce4491e38c0c08c8b07ddfc19f5142ed1bda514e3fe,896458,1900763.0,1184.0,0.000623,1,2,222
2025-05-12 21:13:18,bda9b4e7eee9ca5f695013c95a692d8b0e64d5ef46841536190d5fe007038d93,896458,2048249.0,1102.0,0.000538,1,2,235
2025-05-12 21:13:18,3469b0361575e4a020b0683057a11b861d1aa265e0e4fd9de6ff4572ca9d6ec5,896458,2064012.0,1015.0,0.000492,1,2,222
2025-05-12 21:13:18,5cc3ac70c21327ccc015b3f7dccc2d06b86c5f09854d9dd70301221b62ac5f7c,896458,2074002.0,1102.0,0.000531,1,2,234
2025-05-12 21:13:18,094a89d1c2ea237701344bcb38c440fb5b3fa934b62e734fa10a515aa508fa1b,896458,2102895.0,846.0,0.000402,1,2,222
2025-05-12 21:13:18,d57a3e9205bb1e6e8776bd806fe2fd0362a4f4215406e52f560f20e63f75c30f,896458,2140908.0,338.0,0.000158,1,2,222
2025-05-12 21:13:18,346fb21d4a3800693e0dd5c22d3108c539cdb9f15e726bf86c9e8f0ecacdf616,896458,2148367.0,338.0,0.000157,1,2,222
2025-05-12 21:13:18,60c79d8abb4f7ce7ec3ab1a65962b69fd972a8c694bd49dca9a33f90c85bed21,896458,2168166.0,367.0,0.000169,1,2,234
2025-05-12 21:13:18,6767ee97f39a77b765edc46eed4b449b0b42c8de8f9979b3d75768cda049da01,896458,2226111.0,367.0,0.000165,1,2,235
2025-05-12 21:13:18,0db3b489bda221aff8f0d1a6e181c98bbcd337df4e6d4f3f7e3043cce05579a4,896458,2348288.0,367.0,0.000156,1,2,234
2025-05-12 21:13:18,12b5d8437d5a49c0714e4f47b457b0dcedf9299a20dc3626e97da99e185c31be,896458,2415591.0,169.0,7e-05,1,2,223
2025-05-12 21:13:18,16a6464e4d9217b3448199d62b8f3ff962d728b9907fa6c7a2b5aed623e9d179,896458,224144.0,945.0,0.004216,1,1,192
2025-05-12 21:13:18,43f3ec02285cbcab0f040e5eed41a1a12a1b30ac1c61fad8742d0c854d2d53c8,896458,124872.0,938.0,0.007512,1,1,189
2025-05-12 21:13:18,65c23f4c8dcb2ef925925e3abb61734b045103da192725c74af82748ded584c0,896458,580156.0,675.0,0.001163,1,1,217
2025-05-12 21:13:18,0ab73233430ac326cdd9dcae188150503284f2e24a3216dd20bda8d8efa733ad,896458,99775.0,1489.0,0.014924,1,1,300
2025-05-12 21:13:18,6d510c2d3826c2b9ff4ebe2a5b03f75d4fd02d8d21a0003a57442bbeb5edf40e,896458,1565739.0,705.0,0.00045,1,2,223
2025-05-12 21:13:18,100a4da5dc0601207580c4e3c718e2d0aee953cd3df90292dd0765363979d606,896458,114907.0,1023.0,0.008903,1,2,375
2025-05-12 21:13:18,6bfa25b95f7752230754a5b5b1f18ed85747fb60ece88697bd0582ef8f7fc280,896458,143518.0,1043.0,0.007267,2,2,372
2025-05-12 21:13:18,7ded7d2d2b2ea8c2bd2cd6230a8dcd2ef678746a55bd4cd993c8d702adfc7f4e,896458,401221.0,562.0,0.001401,1,1,195
2025-05-12 21:13:18,4a4442fc234cdd93b984d191aeb14df86b54ce29d50e2502864ba20adcfd4575,896458,964652082.0,1000.0,1e-06,1,2,392
2025-05-12 21:13:18,0b6db02d699f1954f9f2ccb196645bc939496e25fac013ff4d6799953c1152b7,896458,20338.0,662.0,0.03255,1,1,214
2025-05-12 21:13:18,d639d1d5d3399f7a1ee4b4d2a62db51ed1b661af51972c95a903d9f40c04959d,896458,8380.0,662.0,0.078998,1,1,214
2025-05-12 21:13:18,3cf04d243c2792e9a2ada3fc1ee485b1c21de6a3741026cb4eaffde8a88c07d7,896458,995810.0,702.0,0.000705,1,2,223
2025-05-12 21:13:18,f8c4580044ec34c14d2aa7a572aceea1f6de06cde6f0bd2bdf523f54828bdb6f,896458,150301.0,702.0,0.004671,1,2,222
2025-05-12 21:13:18,172685d92e15a635d51fdccebd656a6cc03fc4b5539c02b1d9f2c9dc44e63c5b,896458,3369245.0,702.0,0.000208,1,2,222
2025-05-12 21:13:18,11df6a6c300f7d3580d33d311df1db4d291e47be1bf992f4d6c32a6087b99625,896458,2820343.0,702.0,0.000249,1,2,222
2025-05-12 21:13:18,6206a13e2b63f38d6a260c30573f6a415b924a4167e39787e9b44e3d866de121,896458,141569.0,702.0,0.004959,1,2,222
2025-05-12 21:13:18,3188e83aa6a57165079dad2a4154f49b3efafb4c8644fc79f2a994b7dba13006,896458,1101363.0,702.0,0.000637,1,2,222
2025-05-12 21:13:18,f8f2d761b65cefb40172852bee3e17f385f3c26b61631b1b4688b86215052e54,896458,310544.0,508.0,0.001636,1,1,153
2025-05-12 21:13:18,96c223f2b917c6e0f68ba1dbdee7c3e0d70b0185291199618d76adb66b367538,896458,43452.0,548.0,0.012612,1,1,192
2025-05-12 21:13:18,f02d22d93c0820eb71f8573e3ff0c786107d7e4f8b1723ec5f967afcbc666dff,896458,194526.0,553.0,0.002843,1,1,193
2025-05-12 21:13:18,bc049046d37f70b08b6199a37ce19533b401d63dd3a20cb800f650151e927dad,896458,530004.0,563.0,0.001062,1,1,195
2025-05-12 21:13:18,2b1389b0a5c4e42a4a67a264153fa59e3def85fe2fd03e8ee88f18648bb4b3cb,896458,5279904.0,1821.0,0.000345,2,1,879
2025-05-12 21:13:18,5f8eb93bed29dcb3bb6fb08123830235092820790c7bf995f4653396555f4e9e,896458,141704.0,1003.0,0.007078,2,2,301
2025-05-12 21:13:18,a338768fa0f9820bdac4069c08d7e27c24da8f38dcd7a879fff00db6c0700479,896458,1102018.0,3310.0,0.003004,3,2,2030
2025-05-12 21:13:18,be7a82caee7022cc261ad15c446bdc5d1d8af1a52e46b09f8776a7d09d97fcfe,896458,2107330.0,670.0,0.000318,1,1,216
2025-05-12 21:13:18,ed046ebf08fde27f9c74e2c75366eb6af48748d4578c9b5737a632b272c1c0fe,896458,38248.0,550.0,0.01438,1,1,191
2025-05-12 21:13:18,0fc6aa3d42838ece664e1cf3df1c00156d790ec7b4f28056f483f1500c195efd,896458,6784.0,550.0,0.081073,1,1,191
2025-05-12 21:13:18,07ebdf5489fe60622f4976f00fa142a81c7972640f90c8925bb42b0389c930fc,896458,11538.0,1455.0,0.126105,2,3,453
2025-05-12 21:13:18,e0376a5d98ec58475964ee47d5939f3955eac83145bda5e82d33e72c39746ce3,896458,37420.0,550.0,0.014698,1,1,191
2025-05-12 21:13:18,32204fb55a21ff0c5d751a828a95560c6c0c890755f31d22668613cb23a057c9,896458,464742.0,1475.0,0.003174,2,3,457
2025-05-12 21:13:18,2e0c75dee2fa380f5872c5c776eee3c3dcd3b4c33d5dcd87aa95cd86552990c0,896458,14620.0,550.0,0.03762,1,1,191
2025-05-12 21:13:18,bdd56e8decba513ac1149312328ef96d9c28ff8c6b84bb14ba5349437ff0b7bf,896458,5998.0,550.0,0.091697,1,1,191
2025-05-12 21:13:18,8d802a33e59c7dcea75ae2682c781d2bdd3c1895b91e1b3913ebb295663c22b7,896458,892223.0,705.0,0.00079,1,2,222
2025-05-12 21:13:18,fded2d0a2d2e251eacd11cc06ad1b4db7e7df31818907e38b59e5bba1a905fb1,896458,234370.0,550.0,0.002347,1,1,191
2025-05-12 21:13:18,6ebbf990dc66a7b2f960c10067230bf51f5026763674dcc02e9da59e37e3eeab,896458,7414.0,550.0,0.074184,1,1,191
2025-05-12 21:13:18,4b2d297a470e4b83a55aa40326da20adc0b8110b42216166ef177cd9f61eb0a9,896458,594231.0,705.0,0.001186,1,2,222
2025-05-12 21:13:18,49e5b424a7745cbe4d11d84368091b136c720e015d23fb0e1811c15d7ba036a5,896458,478879.0,710.0,0.001483,1,2,223
2025-05-12 21:13:18,fc14223865002d361aa8be6f623532d3b0a0478b7fa516c236c533710361afa3,896458,19757.0,550.0,0.027838,1,1,191
2025-05-12 21:13:18,3248d30e11400a883bfd7548db49be2e885b6e4335add04e761ec988ceacc29d,896458,18692.0,770.0,0.041194,1,2,205
2025-05-12 21:13:18,8569dbc2eaebf8003074c33db4d1bedd268225848a6e9ad122ec856e226d4a9c,896458,232183479.0,705.0,3e-06,1,2,222
2025-05-12 21:13:18,398c428708f805e7d10d27aa5d9fe834703d0f8853aad9cca349fdf8ec0d7d95,896458,7633.0,550.0,0.072056,1,1,191
2025-05-12 21:13:18,6603b36afd8fe9b8559ee57ac9c3fbcb4fc8a0bccf01a3c7164d18ac57476b90,896458,24035.0,550.0,0.022883,1,1,191
2025-05-12 21:13:18,384a08d4e465672bc6ab7aa84161d7c68587e487978984cda094ac7aadd0028b,896458,27490.0,550.0,0.020007,1,1,191
2025-05-12 21:13:18,8817b2cd69e2fb7888727cc3f29c8457cc843b11cb1936ae0b07a3edbc26168a,896458,37581.0,550.0,0.014635,1,1,191
2025-05-12 21:13:18,db769a4c33051adcfd8acc812bc89abc01b002b45f24dfa4c5e26195cb31e886,896458,12501.0,550.0,0.043996,1,1,191
2025-05-12 21:13:18,74efe316e92a5631d312b6502cdfe26abe2dd75cb4e7ca3c84cd16998ca25d83,896458,14403.0,550.0,0.038186,1,1,191
2025-05-12 21:13:18,8d465475484fe4179e2e42932a719912984c8e7b795922b986fe11fa8f0cd482,896458,19160.0,550.0,0.028706,1,1,191
2025-05-12 21:13:18,bb96eebf1e49607b161eece1636c541d744d46861ee7c344b44b36e11ebafe81,896458,40000.0,705.0,0.017625,1,2,222
2025-05-12 21:13:18,dac8f7ad903b4a2625df4509dba16430af72b8f71ca43ca023e34f1ba7e63680,896458,439528.0,705.0,0.001604,1,2,223
2025-05-12 21:13:18,c53605cc7b6850841d3c0dfc69d734b5a97ac1ae9ff57b94d77bd1213032a27e,896458,10310405.0,705.0,6.8e-05,1,2,222
2025-05-12 21:13:18,4206e620c46380b7be5b1dbce6774e9681aeb84f099070c62b0f628d4b30687d,896458,110163798.0,1105.0,1e-05,2,2,384
2025-05-12 21:13:18,68c4356ce6c5b50ac0deb7e7fbfc4526866e9fd4d27a8b70fa62d6656d1ac67a,896458,23956.0,550.0,0.022959,1,1,191
2025-05-12 21:13:18,39197860165b408c15f21bf39fe906850675470dfbb96293551418738c05c47a,896458,22766.0,550.0,0.024159,1,1,191
2025-05-12 21:13:18,2c37e954af1aaedc1fd6789d9463ff6a81cac39bde5dd05c4b83ebc839144d78,896458,326572.0,1490.0,0.004563,2,4,430
2025-05-12 21:13:18,0cbe3f4797b9816ac5d08a03b1d33fb3a98fddb18db23532e1ee02e3aaa17676,896458,586595.0,705.0,0.001202,1,2,222
2025-05-12 21:13:18,3a086632ad03b63ec4ade9159b4e855cbb073d7ca1da2dcdaf4ed2aeafdd7d75,896458,5581.0,550.0,0.098549,1,1,191
2025-05-12 21:13:18,0e619e03e114bdfd216ffb671409dd65add2c73ca2131082788cd48eb01bd574,896458,25650.0,550.0,0.021442,1,1,191
2025-05-12 21:13:18,107a934992b10b35ca4c467e83a6119d4e14bd865c1d53d3b3ce508c87469969,896458,10541.0,550.0,0.052177,1,1,191
2025-05-12 21:13:18,3e57256c26d74b9d0207f386bdeef2da23d738097be609ae908dbf8025ca3167,896458,6901845.0,3305.0,0.000479,10,2,1157
2025-05-12 21:13:18,bf4f72b941cc10f66a468624ea92b5f065bc40a172937b57efdeab8e23ec0566,896458,349828.0,705.0,0.002015,1,2,222
2025-05-12 21:13:18,2548f4a26319fdccc3a9410d1cba6653039ab836780746dd4c3815eb16855960,896458,19203.0,550.0,0.028641,1,1,191
2025-05-12 21:13:18,d84381ca455979f47d9910d203c20bca5c6254f433963e477891d2c83206f95f,896458,5514.0,550.0,0.099746,1,1,191
2025-05-12 21:13:18,a8ac9fe0fe584d0aa045394a250265d0abf0bdb2a3ac38019114851317e9dd5d,896458,69943799.0,825.0,1.2e-05,1,2,247
2025-05-12 21:13:18,d756847b1b04be406f93d68ed0c24eda8415db4b621c97a9f50fd815eb14f65b,896458,24297.0,550.0,0.022637,1,1,191
2025-05-12 21:13:18,9cad584ab8f07ffd853ccda45325333c2cd298385671d60a6814b9146d2dbf5b,896458,52748.0,720.0,0.01365,1,2,226
2025-05-12 21:13:18,9fbac2df65e273ec3acf0e09caf02ef6493b23d1878ddde03549f912e7f87955,896458,6450.0,550.0,0.085271,1,1,191
2025-05-12 21:13:18,69475c39fdc3f1e1f64c17f8a920b369fb91cd0acb3c7734ad2fa0fbceb68c54,896458,774155909.0,11495.0,1.5e-05,26,17,4387
2025-05-12 21:13:18,a595334bcffda07bac9c73de3f2ab8deff5bb79efa98a1bf358c62c8c67f7c52,896458,3373.0,550.0,0.16306,1,1,191
2025-05-12 21:13:18,1a6ba2544ec06ba7a2242eb3449b8f28b5510c32632899913f39632fa4ec5652,896458,16849.0,770.0,0.0457,1,2,205
2025-05-12 21:13:18,7303837081a1c67a46e62e1cc1c1a9ffff8e70c5fd6f937402d5bf070ef2544f,896458,4501.0,550.0,0.122195,1,1,191
2025-05-12 21:13:18,10311e5eba446e11b66ecf681f8c675399943a65cc8f282ab89f139735fb2e4e,896458,647880.0,710.0,0.001096,1,2,223
2025-05-12 21:13:18,ca8c19ed326317e5ce073f15ea3d012b9b0eba78918c8eaa7ac59a58652f4549,896458,23494627.0,705.0,3e-05,1,2,222
2025-05-12 21:13:18,efce07ff81affc94ec9f76c1cc68d1963f2f7e1c321898231dcf371a29ace243,896458,6517811.0,705.0,0.000108,1,2,222
2025-05-12 21:13:18,8941279035aee5834602d0f54e11dcf6aa3498b8839be3f33d76fd2cab964043,896458,27055.0,550.0,0.020329,1,1,191
2025-05-17 09:37:04,1b6384bc33f72320a5f86ca7646d39704aeb1c99434666ab3c6e2290a806529a,897084,60169.0,717.0,0.011916,1,2,226
2025-05-17 09:37:04,40d404f96592c136e7763bd901268f8017fe23c2952e2c98c25cb63d10357e64,897084,98457.0,717.0,0.007282,1,2,226
2025-05-17 09:37:04,55c9f33e947e00ab72098fe71e5f16f60b4112370a690d6b9390a571558cf053,897084,49364.0,717.0,0.014525,1,2,226
2025-05-17 09:37:04,b8c4d57f01a95f520015f509e475869aa8014ef8a11a58b2d59c998b6c254623,897084,646615.0,717.0,0.001109,1,2,226
2025-05-17 09:37:04,2115c9c57b78e9d580c04f3502a373d8aba73bca96d765422a8f83ce43369d0d,897084,321583.0,717.0,0.00223,1,2,226
2025-05-17 09:37:04,08930bc66897a61baab8c73fe8c64fd014f34a53de450c4c97c4cee109a24352,897084,119373.0,732.0,0.006132,1,2,229
2025-05-17 09:37:04,f61fcdccc25910967b184220cdebbf5d9f8ee0ea2c37ef02d8935ff11d95ddf1,897084,398344.0,1230.0,0.003088,3,1,490
2025-05-17 09:37:04,9b358f7ba48ed75cdebfa277fb45369fb61ce85e4947a2a59a37e07ec341cda3,897084,348373.0,768.0,0.002205,1,1,191
2025-05-17 09:37:04,6f97660fdfe5cd14764b9ff78d12c6ae45c0ce186ee6b33e0bb578d09ef6ad6d,897084,5470597.0,482.0,8.8e-05,1,2,223
2025-05-17 09:37:04,fc14ccc9fd61fe7e3e46440381de2aea5a7aa34954eb79d9b772a9a89e4fdea7,897084,333102.0,508.0,0.001525,1,1,153
2025-05-17 09:37:04,a0848001b400ace9768a6c2c6291b4f30307327496cfad6c43e6edd1e8173cd7,897084,9461.0,1290.0,0.136349,2,4,422
2025-05-17 09:37:04,0d19a351a199ed13f30627a11183daa1d56b7ceb31e603b518ffdafdae81826e,897084,14232.0,548.0,0.038505,1,1,192
2025-05-17 09:37:04,44adcfecf68bc219a156b6814d3f82dbe9edb4c54885fe5dc1a2ee1ea4efe936,897084,14617.0,548.0,0.037491,1,1,191
2025-05-17 09:37:04,505d84dddec7db599e5d9531d26f9494e6860c85a10235e343d800ba3a06256c,897084,101466.0,563.0,0.005549,1,1,195
2025-05-17 09:37:04,a861ed9049f28b61825a8d7b1f945072436f6f3753d29ff1af834ed5b6641b6c,897084,47827.0,563.0,0.011772,1,1,195
2025-05-17 09:37:04,d06460f368193841f74182b32a87c4f47fe144fcd81d6166318d6386a4fb9166,897084,74057.0,563.0,0.007602,1,1,194
2025-05-17 09:37:04,8ff6a58bae93566753b241b7a4e6d4d823f8c7c2f69d9f107defe4971303e726,897084,23358883.0,2058.0,8.8e-05,5,2,817
2025-05-17 09:37:04,2038788d71a9fd2545809070ee3b9b56e4537d6631983bdd0c7118c04c42623a,897084,43989994.0,1535.0,3.5e-05,3,3,551
2025-05-17 09:37:04,c913e970b8f696ed486082b59bff289f85e48da2b8f48199fd58e94747712eb9,897084,120324.0,1625.0,0.013505,4,1,651
2025-05-17 09:37:04,a4c578db611fb5047e395df50e5c66e96a764dbeafb7f9b84c8de8bfc58f950a,897084,37923.0,663.0,0.017483,1,1,214
2025-05-17 09:37:04,516c85b17611c1d83050d63e2ca4108f5813fa0e60f358f9d5ba1c9e7c8cb5f5,897084,851645.0,708.0,0.000831,1,2,223
2025-05-17 09:37:04,4a26e89703a9f4f8e69a90ad2ff660f80e0cd0eea84222c11a1c622adbd451c0,897084,357842420.0,708.0,2e-06,1,2,223
2025-05-17 09:37:04,c431214edc3cc5e1f1d560523cf96330e600d92db4ba135679ca0579f73fc2a8,897084,11752952.0,708.0,6e-05,1,2,223
2025-05-17 09:37:04,c2ad317a02555777b77ab9f647abecc16a580b0d58e9d1d29ed9d2048dfc5e75,897084,38859292.0,708.0,1.8e-05,1,2,224
2025-05-17 09:37:04,4d2b0317c0b350613034d4475b372e3fcccdef3de343e1dacec9addacdce4655,897084,6219233.0,708.0,0.000114,1,2,223
2025-05-17 09:37:04,3a3c0ac33925771bee92e6fe8d1a4f93547f197944ee1c927ef395d42e4ecf4e,897084,1261103.0,708.0,0.000561,1,2,223
2025-05-17 09:37:04,ac93385153c0aa8b3ef570768d838a84104f5639f938d4017050b37b31d23326,897084,179966846.0,708.0,4e-06,1,2,223
2025-05-17 09:37:04,73a316e9a6b762746247be6053929b5fb3ab6e2839c135cbc411f52734076228,897084,65691564.0,843.0,1.3e-05,2,1,269
2025-05-17 09:37:04,cd52c7d3d434313d101bdef4828666a864acb3e49440a98f259885fa411b1391,897084,5908081.0,988.0,0.000167,1,3,279
2025-05-17 09:37:04,73539564fdd7d146cd12db58fa99c5e3363fe4e77fb2f815681fd4fca76a2488,897084,6693687.0,988.0,0.000148,1,3,279
2025-05-17 09:37:04,a1b0bc57652995e32497576d8f95113832e406ea80c05f1a53d7cf6f9e7afccd,897084,351061.0,1053.0,0.002999,2,2,373
2025-05-17 09:37:04,9b1cd84073b8fe2ad412697c9b9df494ab83d76869cb84577622c95b8642f0e8,897084,90970.0,549.0,0.006035,1,1,191
2025-05-17 09:37:04,05d300d2b866a4dca9cb77de0e4f724532b7e89df741acecf73915fa5cf1f4e3,897084,103236.0,2075.0,0.0201,5,2,819
2025-05-17 09:37:04,d62f34471729ef5c8168f04bd21604a51a96d3e91b85e55b9f7360917a902540,897084,105064.0,700.0,0.006663,1,2,223
2025-05-17 09:37:04,72d31384e44ae1e6b9c64e4b149bd16070ed7aa25316e6ffd8375fd41a59072d,897084,8974121369.0,22280.0,2e-06,31,5,10349
2025-05-17 09:37:04,2dddde0683353175b9ed785ae0e7ce287131ef0123522547286b1aea09b4077e,897084,8254543518.0,23215.0,3e-06,31,11,10535
2025-05-17 09:37:04,3d962e433d9e6e5448bd34cb1303bcb9c2d3fd9098b8cbaa71f21aaf3eb61fcd,897084,461254.0,1383.0,0.002998,3,2,520
2025-05-17 09:37:04,67e5eb71b0c16f60b796afaa5af5b8b880cb5c7dd16cacd4f82ba6903b708018,897084,1793969.0,24413.0,0.013608,71,2,10582
2025-05-17 09:37:04,cd521b4543ff7447b0379a2ce9a4d8709541e4bd1cc11cbeff308293775161ff,897084,360186573.0,825.0,2e-06,1,2,247
2025-05-17 09:37:04,cd0b6ffdbf45669d7f547789bc603d10cb70db37505a204a1e5d87f9ebd1fffd,897084,3026350.0,860.0,0.000284,1,3,253
2025-05-17 09:37:04,99007c7322b51a80eee07ec3717d892845f52fd63c2ce7604dce68922b9fbafd,897084,740274.0,705.0,0.000952,1,2,222
2025-05-17 09:37:04,9c541600aed0aec5e11051c2928c9f36f1c84801910ecfc34686be9843e892fd,897084,47827.0,555.0,0.011604,1,1,193
2025-05-17 09:37:04,e5eeaac45ab6bbb1545e6cea3224516324915dc488825aae4798c53659104efd,897084,15211.0,840.0,0.055223,1,2,249
2025-05-17 09:37:04,3ff5d8379ff797f813dd795b24bdd505a596c651815f8744a26037c655d6fff9,897084,546.0,765.0,1.401099,1,1,330
2025-05-17 09:37:04,b21b85e04ce9dcddbcfbb0c3490e6a2afe4aac732a6226700ac460a4ed4d92f9,897084,100987.0,705.0,0.006981,1,2,222
2025-05-17 09:37:04,2d18dfa2127a40a3e85cefbdfec05b43bc1732a1e366b4c00b74b7b5e58457f9,897084,546.0,765.0,1.401099,1,1,330
2025-05-17 09:37:04,ff1b40ef68f1d101b8cc6b5c63359272aa180c928b190735c9bf6a424cbd83f7,897084,546.0,765.0,1.401099,1,1,330
2025-05-17 09:37:04,09643c6a4549542e5c90eae7c6cce389a1c95360bf2260f8c8698a7025b14ff7,897084,295421.0,705.0,0.002386,1,2,222
2025-05-17 09:37:04,a8b20e257e8c252073ffb9232245f03982ba43472d668d76c42d16f743f1a4f5,897084,606942.0,705.0,0.001162,1,2,222
2025-05-17 09:37:04,4e52322c6325ee6b5d3ce07496da6d8ac597a801101b7b61d4f0623d27edaff4,897084,3939136.0,705.0,0.000179,1,2,223
2025-05-17 09:37:04,8dbd1ba44553078df6093c93f0ce2a21e7f8d2220d3a01cc83e6ce0a12e118f4,897084,501636.0,1635.0,0.003259,4,2,526
2025-05-17 09:37:04,e6eca44b7b8f9603ee215ee9169c476d4d86f9ef555e31979320dbb9156912f2,897084,34106.0,1115.0,0.032692,1,2,223
2025-05-17 09:37:04,c91f2d24a1b71a43cc1a5c54392ae1d796525b464003e5f0d77acb0856e6d4f1,897084,30475.0,555.0,0.018212,1,1,192
2025-05-17 09:37:04,74c23417bddf846bf9fd869a205711eece4440a269fcf0a309e5f302373576f0,897084,2001757.0,555.0,0.000277,1,1,162
2025-05-17 09:37:04,d8cb50e45313df5ca40b65f2b840713411acd35342e6de3377f324d425ad7cef,897084,1231883.0,555.0,0.000451,1,1,162
2025-05-17 09:37:04,75f2621648bb34effcd5e55361646397011856c59452787994c5f1dc4aebcdee,897084,14755.0,995.0,0.067435,1,3,280
2025-05-17 09:37:04,97210476f1e201f88a44e09e66405d625b49560cf575f12c8348a25c40a761ed,897084,546.0,770.0,1.410256,1,1,332
2025-05-17 09:37:04,c9f91565c80e666f79cb8d6c8cdb30857c52267ae31f7e59db57061e012246ea,897084,609191.0,770.0,0.001264,1,2,205
2025-05-17 09:37:04,66e2ce156776174b0bfa6177778246c2292027345db56257b14397abd3d428ea,897084,546.0,765.0,1.401099,1,1,330
2025-05-17 09:37:04,14fd145486bc65505efbdd168a9e21f21e489c5ee59c417f4333357d944510e9,897084,546.0,760.0,1.391941,1,1,325
2025-05-17 09:37:04,88ddd321ec9b61d8e485bfec272da08f00003050156f0569ae09eb154a4cf7e8,897084,660756.0,705.0,0.001067,1,2,223
2025-05-17 09:37:04,4ff5dcaf5235b72e53fab93b37d6fe1f498618fd606ece014b769d78c7d0c9e8,897084,52272.0,770.0,0.014731,1,2,205
2025-05-17 09:37:04,cf63a4e382bf006b90228d28d4b9ecff9b3f42aaa9d56f07f112dbf7a0c3bce6,897084,118135.0,1590.0,0.013459,2,5,419
2025-05-17 09:37:04,dc9683f7eb3e7d696e1f5ab664b14daec60b3bacd1e1b4fd190f56c47d068de6,897084,695557.0,705.0,0.001014,1,2,222
2025-05-17 09:37:04,ce8affefa07efd0e60825a48e6db9e0e4db2787265ae738a5282774a68e93be6,897084,83939.0,1045.0,0.01245,2,2,371
2025-05-17 09:37:04,0b7b583f3111491a0e1b6919846f84f590c9ce98e69372c7a4e29a1f83cb32e6,897084,546.0,765.0,1.401099,1,1,327
2025-05-17 09:37:04,d762ac7ba6e8ca6e04e2764389ffc117a760039acb5b9d6603db4b15201b30e6,897084,546.0,710.0,1.300366,1,1,319
2025-05-17 09:37:04,b468ceaf0f9f51b65858dbca6026324c53a46461769c200a839b073096b7e7e5,897084,16137.0,705.0,0.043688,1,2,223
2025-05-17 09:37:04,dad5beacea544d37b42a67f276a40804cb7e7a9b2f1bd064bf161f04a76688e5,897084,52617.0,765.0,0.014539,1,2,235
2025-05-17 09:37:04,e1588d1d78cf256ad44987371f5d7efa66c38f728f09c489c89dc4b2850652e5,897084,224179.0,720.0,0.003212,1,2,225
2025-05-17 09:37:04,413ae665b1bb6e42f87f9832f76dd6f5f50773928229bde4377243a7cc9071e3,897084,2424990943.0,725.0,0.0,1,2,196
2025-05-17 09:37:04,4c4537df7f046a392a6a88600bfc43954143aa1a2d094da0e5595c9a053b4ae3,897084,546.0,760.0,1.391941,1,1,326
2025-05-17 09:37:04,3996752646bb1bb7b8c73cba56cd13a7ec64a2a1d5847398737342bb013103e3,897084,2638449.0,720.0,0.000273,1,2,225
2025-05-17 09:37:04,b7e4008139e92d39630d91205fcfabec47adc775846833fb8cba462d4408d0e2,897084,330.0,770.0,2.333333,1,1,331
2025-05-17 09:37:04,b4849b1aa8c9913cd0466071dc5201466d1e42b7ed2e5b011f152cb45fae28e2,897084,18484711.0,710.0,3.8e-05,1,2,223
2025-05-17 09:37:04,e00d7b715cbdab42098ec6b96c91d33c07f7c9f50c77b16b45bb086984e1a8e1,897084,1490924.0,4235.0,0.002841,14,1,1541
2025-05-17 09:37:04,1869dfca5f6c7df60c6fb66c1ade4cab756e30ca845dbe5841ebc449a1fa46e0,897084,19700.0,720.0,0.036548,1,2,225
2025-05-17 09:37:04,ecc2380453232cfd338badc931ff7efacfe3200a2a1d3fd01bc1de83072ffddf,897084,41827.0,1345.0,0.032156,3,2,419
2025-05-17 09:37:04,9c9e67a04f8fb6490ab3adf69e461450656bb688bd430e2d1390aead97336bdf,897084,130613.0,770.0,0.005895,1,2,205
2025-05-17 09:37:04,beabfed3803dc2588cbd6ee79c740c2b24249cadcb2118479f1c8dc8129c7ede,897084,492756.0,770.0,0.001563,1,2,205
2025-05-17 09:37:04,db0343a65e2fa3ef38ab394e1fc242b7cc2398382d0adb9860f7ac236e1b5cdd,897084,66761.0,1060.0,0.015878,2,2,312
2025-05-17 09:37:04,ef34f9a3f37add7e35043f802803c016440524f8318b2d3e4750baaa0b2b1ddd,897084,2028774.0,610.0,0.000301,1,1,203
2025-05-17 09:37:04,de2189ec14d72227d136ea3cf6c45ccd41628ec8a29ae4e6cf69d51e59822bda,897084,149498.0,720.0,0.004816,1,2,225
2025-05-17 09:37:04,d78c401ce10700dfb08e87eae138c18f50150acadaa3b65185712da4fc3e29da,897084,469213.0,1060.0,0.002259,2,2,374
2025-05-17 09:37:04,12fd7f34063584d648ec3aee47f9f951fbcde11bf3bfe25fb90f02feaadde7d9,897084,330.0,770.0,2.333333,1,1,331
2025-05-17 09:37:04,b48b9002ab494aa36e3c294de748138c33c3630e8a34003f68fefddc195a74d9,897084,18290930.0,920.0,5e-05,1,3,265
2025-05-17 09:37:04,8ce3aca70c31ad66c3dd11ff38ee438ee0ffa7f2ccb040858f77c61e8c642bd9,897084,436959.0,1040.0,0.00238,2,2,370
2025-05-17 09:37:04,0d9f4aa5b71ea7522f512ab02f62ee40af598d50ba1dfd5d5ce066c7d32706d9,897084,538323.0,1115.0,0.002071,1,2,223
2025-05-17 09:37:04,57f62fded05ccaff06074bd6f84ebe0e03ce658e785a89bda43afc20e93afcd8,897084,105355.0,705.0,0.006692,1,2,223
2025-05-17 09:37:04,6e24f9d6d0e1fc5e5de698f650dfd2dbcf384debc5e6b8b25db15d1debe68bd8,897084,17866700.0,2500.0,0.00014,1,11,500
2025-05-17 09:37:04,a438310165d219a932242ef5bb548649abd6e7139fb67139d28d8c7dc1e10ad8,897084,1154842517.0,705.0,1e-06,1,2,222
2025-05-17 09:37:04,2d78c0285cec593c6f93f9a9b866cbe0b3354022887a338b255d104f5b85ccd4,897084,546.0,770.0,1.410256,1,1,332
2025-05-17 09:37:04,77f93892063fa6c2e4cdf049949c9e6bc1a0ab8d0cf3ba4a15d68b8610e887d4,897084,2446706.0,770.0,0.000315,1,2,205
2025-05-17 09:37:04,f251b18870c5e792d8b3e1631bcfcf2e9ea5dea0f4196c909515f6db6a5782d3,897084,966555.0,720.0,0.000745,1,2,225
2025-05-17 09:37:04,64ce05024976347e53846337a7baa1c09574fbff51ed35ae1bfed8f31b326ad2,897084,4796.0,770.0,0.16055,1,2,205
2025-05-17 09:37:04,7b9ed962c8f09cf0c006138188cc5a625f38ba38753dd0cb0ced4d5f3942bbd0,897084,546.0,760.0,1.391941,1,1,325
2025-05-17 09:37:04,0d215ab89d6f203a77b9a624d7ad9d15992cb5615585d5140518050ea916a9d0,897084,741812.0,705.0,0.00095,1,2,222
2025-05-17 09:37:04,964a6e49ff8eba82d4c6667e0624a253ef9b2bde9ee2d354d71455cf0f3f85d0,897084,100779.0,1365.0,0.013544,4,1,472
2025-05-17 09:37:04,16541a0bccc338e74b53fb14d9b27b51a3663cce38f1ac3485879d61e5ab4ed0,897084,21957.0,960.0,0.043722,1,1,192
2025-05-17 09:37:04,a671c8ed522f6f6a8337421f8723c1f182839aa6cbb643ef16bc9d59c22ea1cf,897084,546.0,765.0,1.401099,1,1,330
2025-05-17 07:09:11,05705a5261d857ff3729d2ebd07bbb936d75141c27f657c40e668a13310dd0ba,897071,29840.0,182.0,0.006099,1,2,337
2025-05-17 07:09:11,aa073869e83bb32a4a6bf151391b1a8aa7f0a462f7dcc633818785b5bf9bdb47,897071,32422.0,145.0,0.004472,1,2,193
2025-05-17 07:09:11,8357c48875e5ad631380e35d3c651ee9e330b66b60c4a519a022aef32374c60f,897071,21866.0,182.0,0.008323,1,2,337
2025-05-17 07:09:11,c0dafedd106b114fa7f73694dd91e8f63be4dd3a97ede832560a0cad71d68d0f,897071,22378.0,182.0,0.008133,1,2,337
2025-05-17 07:09:11,3caced9db9c63538ec701f4721207884c83e0080c2dc395dd65600916bc86718,897071,22890.0,182.0,0.007951,1,2,337
2025-05-17 07:09:11,db841b32bfaa94041cfb7c693f16ff1e9527d27d0e3db2daa8f6bbc983986a25,897071,23402.0,182.0,0.007777,1,2,337
2025-05-17 07:09:11,5d4ebe5062cdc29bf63c12b09a85d5b8c058f65b9ec36a8d0b02832f0bec8411,897071,23914.0,182.0,0.007611,1,2,337
2025-05-17 07:09:11,53970e62b628febdc3f592cdb477470c9b4f6d5174f2d8b550f6bcdcbe4d04bd,897071,24426.0,182.0,0.007451,1,2,337
2025-05-17 07:09:11,6a40fa6ce81ffd7347900cd902dbdd7004cc74ad859710be6acbc5b13444867e,897071,24938.0,182.0,0.007298,1,2,337
2025-05-17 07:09:11,1360183d003cfc51b3511b129791f36ae0b5f607e91693974172e07a27857592,897071,25450.0,182.0,0.007151,1,2,337
2025-05-17 07:09:11,bc7c8b7c6e0ae650f6a41f66737136334e7fbf71234e81771280cad93bcfee71,897071,25962.0,182.0,0.00701,1,2,337
2025-05-17 07:09:11,9ff453fa7562c6abb4c60af35ff33ad7285347cd8b22ff2ae736ce91de295b75,897071,26474.0,182.0,0.006875,1,2,337
2025-05-17 07:09:11,30c8d9391d0e2f0a2e890f220b85b47d0748f102510a2e0b1df16da9914ae50b,897071,26986.0,182.0,0.006744,1,2,337
2025-05-17 07:09:11,49c132270a4ee05826086bbda93a16c1938fa37cf82a8ce2c92536db4a01d28d,897071,27498.0,182.0,0.006619,1,2,337
2025-05-17 07:09:11,11b29b3e84747eb80a4bf2ffc3a4eea42e93b15b79f84599e7d963c439d483eb,897071,28010.0,182.0,0.006498,1,2,337
2025-05-17 07:09:11,2d488a3e7790c1a0e3cc73173bb4e8e193a9401d8092710f5639141d58b45043,897071,28522.0,182.0,0.006381,1,2,337
2025-05-17 07:09:11,a3f20f2ed2f8eb4866e0a7082744811e39da1158cacbbb8b99aa0fecd1ed9591,897071,29034.0,182.0,0.006269,1,2,337
2025-05-17 07:09:11,1b86231ab68539ea91ecaab67bebb2edf9391be36ea0348b01475b713344e598,897071,29546.0,182.0,0.00616,1,2,337
2025-05-17 07:09:11,731e6a817826d4ce29dd2f8d44b14df3ecf56699cf97d75a64a3a48312e4a58c,897071,30058.0,182.0,0.006055,1,2,337
2025-05-17 07:09:11,dab148d9829b6f6d1f0d3b8ad61d1a7640279c30be4f0b092b69fbfdb8602c5b,897071,30570.0,182.0,0.005954,1,2,337
2025-05-17 07:09:11,f09ac6369776fbc1e66319535d1c9553e7d9c58a72b4be30d42efedfb1d7231a,897071,31082.0,182.0,0.005855,1,2,337
2025-05-17 07:09:11,002f0edab69d6298f2704a13f697424bff47fe45f9a26c33104e614906ce0862,897071,31594.0,182.0,0.005761,1,2,337
2025-05-17 07:09:11,c638e274a4523da433cab2b9ab4fadb5e6d3a7991900df9bfab9ed1973392b27,897071,32106.0,182.0,0.005669,1,2,337
2025-05-17 07:09:11,8a218e0c3600724fb0133703d49d0f3a3ff6ef88c61fdc58f9c5f1b0ae30dd8c,897071,32618.0,182.0,0.00558,1,2,337
2025-05-17 07:09:11,7a8469490092f33ba888d834061dfc5a536191e34f64c71950495e6397740c4d,897071,33130.0,182.0,0.005494,1,2,337
2025-05-17 07:09:11,906caff7a0ee8f44f63acf5fa6fbbcb964982078bd61c6d7db22a1e0d341cf0b,897071,33642.0,182.0,0.00541,1,2,337
2025-05-17 07:09:11,7a288921c138a19522c2f05b76d495d35b2c8623ac48b5c92a9b200b182fb5a7,897071,36224.0,145.0,0.004003,1,2,193
2025-05-17 07:09:11,addc81e784edf9d6258220a83f61fa1ff39934dc407ac091b1eee151061cce07,897071,104819.0,181.0,0.001727,2,1,339
2025-05-17 07:09:11,4d44d0fdac0f455fd16210d537a4bb7d0203eddac9948845d512674d15046a2c,897071,78292.0,224.0,0.002861,1,2,219
2025-05-17 07:09:11,5b0b56001b1fb22549b9e904507f9e981221f683bcf2ebee1564c4c5085638e3,897071,462877.0,262.0,0.000566,2,2,419
2025-05-17 07:09:11,3859890b36c974f28c788a191ae761db7a019b135e014ad84a63627290a01b08,897071,732422.0,217.0,0.000296,2,2,375
2025-05-17 07:09:11,aa2fd515f8b1ee3c8303fb610393e62922a79ddadaa3f733c9640ae5db1f3a2a,897071,23258.0,345.0,0.014834,4,1,659
2025-05-17 07:09:11,4920df1cfb3f4d0a378c3b4c269dade96114e566ab11b0cfc0d6ea73985f2fa4,897071,3077746.0,214.0,7e-05,2,2,371
2025-05-17 07:09:11,ee6abcef3d13838954d784ac286f0dc34fd8f711cb6fe72b7b60069c3400a5e2,897071,2969314.0,1979.0,0.000666,13,2,2022
2025-05-17 07:09:11,af495cdaee82088e2aa5dae101f123514ba1a2f5df3faa68ce81dfc553451371,897071,9838.0,162.0,0.016467,1,1,348
2025-05-17 07:09:11,9191e8efa7286c475a6c608d610c50fbbf366c9db5fcc6351b080ef91d14d5a5,897071,228508128.0,520.0,2e-06,1,13,589
2025-05-17 07:09:11,fddcecdcf51d8f2638d46bd31a8159001af65b16cae4064ed53d508aa0627445,897071,152904643.0,157.0,1e-06,1,2,234
2025-05-17 07:09:11,3c15289cecf88d08adda96ca83ff50a45c888d8e3ea4f52431d7db184bd85108,897071,5495884.0,116.0,2.1e-05,1,1,194
2025-05-17 07:09:11,532b597c0b7b1b49730eb9d2c5d5efbfcc863202023829ee089f5875d563ce92,897071,23177.0,418.0,0.018035,5,1,809
2025-05-17 07:09:11,249244bf3fbd6cddaa5fa7baff7dad76b479fa26b2fdaae2e7e998755cb029cb,897071,998644.0,113.0,0.000113,1,1,192
2025-05-17 07:09:11,6030c531dd1af276b26d81b6543d5e60fd6755e4ba361be75f7c0c1619aeb846,897071,199850.0,150.0,0.000751,1,1,336
2025-05-17 07:09:11,38f4993f138abfbf2a1a2a26686f4753f89348ade153adad463fa5edd3bb07ea,897071,64426.0,146.0,0.002266,1,2,224
2025-05-17 07:09:11,5b0390f6ab01dbf67ff4fd6dc6f9ea8b290a14c44c9edc10275f48ca9d8e1483,897071,17066.0,146.0,0.008555,1,2,223
2025-05-17 07:09:11,80404c97649ab36126400312fbbeddb808fe54c49aab63e330e3808ea8c0c67b,897071,865168.0,146.0,0.000169,1,2,223
2025-05-17 07:09:11,ad28672fa8bbdc31f277c94458c706b778a0dfd58624ecff010650ce4bcacfdd,897071,218400.0,145.0,0.000664,1,2,222
2025-05-17 07:09:11,2bfcbd647f719564dc833b88ee568f35d5ccae34ac21b3cf2ea98c09a7966dbb,897071,220046.0,217.0,0.000986,2,2,373
2025-05-17 07:09:11,2884c607ee191dd8ecde04decbcbc38edcd9d8c9b3dc050c2e1663858f2a2ae7,897071,1449856.0,144.0,9.9e-05,1,2,221
2025-05-17 07:09:11,809e2239885f3fedc62aad55dd6a9a45254ad650b5715992673fdde53cf1180e,897071,4389901.0,252.0,5.7e-05,3,1,488
2025-05-17 07:09:11,e695274d94cc826d25fe17aedd39a5b42e64bd2958945c6638116d865ee7664f,897071,330.0,172.0,0.521212,1,1,384
2025-05-17 07:09:11,d842340ee26d0b7cc3a9dad0acba2cb4fcf5ff62aff58409a5f25fbcb02a660b,897071,330.0,172.0,0.521212,1,1,383
2025-05-17 07:09:11,2c5d06813de3000bdf23a912c1d852192c71b5d77fc1d4d265d8daa05045cb96,897071,330.0,165.0,0.5,1,2,241
2025-05-17 07:09:11,0357817088385e30d4ef8bb10c09a780eae0bf9e5aa17f3d2995def6b3ad1fd1,897071,495.0,152.0,0.307071,1,2,229
2025-05-17 07:09:11,81c0b2dfdcba9daa70b9e2ca98dfa5f453b5b3916bd366f15db4b86b8b459584,897071,647.0,152.0,0.23493,1,2,229
2025-05-17 07:09:11,6f1faa280215c4b9a0d8a379c04b5d0b15a2505c4e783b3899cae5e307d5e76f,897071,799.0,152.0,0.190238,1,2,229
2025-05-17 07:09:11,62ab70dc8de864eef9e74f9650582d417311f5482c09592fed64c5211f680f5a,897071,951.0,152.0,0.159832,1,2,228
2025-05-17 07:09:11,cffd442f583d1cb9fe72c0d4ef5459ff25a9b1c400355e018fe747c381d156fb,897071,1103.0,152.0,0.137806,1,2,228
2025-05-17 07:09:11,2c0d7db8f53ce3d45538d79c0900215a1eb414c734cd22f89932dc744c07384a,897071,1255.0,152.0,0.121116,1,2,228
2025-05-17 07:09:11,e0df0dd8bdcf75a2585c88d43a90bd148dd1316b59ddb2f4710fc2dbd43e67ca,897071,1407.0,152.0,0.108031,1,2,228
2025-05-17 07:09:11,5183b9d26a11d6240da8648810b6c4cb5b8f5b2f27dd79cb995d072b8687aaea,897071,1559.0,152.0,0.097498,1,2,229
2025-05-17 07:09:11,fd99d4e16da8ac31fa4dc5720d27a09bdc863f495ab8590c11b880acca108a5f,897071,1711.0,152.0,0.088837,1,2,229
2025-05-17 07:09:11,028eea2345d8e8e35a5b96e9a33bbc24493ac08f23ade72aa1bd8178649fa219,897071,1863.0,152.0,0.081589,1,2,228
2025-05-17 07:09:11,979ca4b7017b5747793bb8639fddf0675a6a2cd2f5acdb6f2511491a20386425,897071,2015.0,152.0,0.075434,1,2,228
2025-05-17 07:09:11,cbe4e9ae2e5dfd960ebb3fa2c75c7293c799f876293d8cf6714f52a137819f86,897071,2167.0,152.0,0.070143,1,2,228
2025-05-17 07:09:11,4046bba0577416c7abe0c4b16734039d800ee0092b1b70f0f2c8190fccd76be1,897071,2319.0,152.0,0.065545,1,2,229
2025-05-17 07:09:11,353f8189592575792bb0c1d2226ad47017978abbae36f8c7b1ae7cf20c817156,897071,2471.0,152.0,0.061514,1,2,229
2025-05-17 07:09:11,8f9bcd727ad46905619eec5eafa6b8654b0cd755ea046469b47998931b6e787b,897071,2623.0,152.0,0.057949,1,2,229
2025-05-17 07:09:11,6ab427a4a21c2fbe6f501c0670b02623c0f115f92a22cbcbc9a83f8003ce165b,897071,2775.0,152.0,0.054775,1,2,228
2025-05-17 07:09:11,97cc46ffa6bf9de4749e8ba42022b5bf3da94c28345fd5b6ee2d083b911455ed,897071,2927.0,152.0,0.05193,1,2,229
2025-05-17 07:09:11,4269c18b1e2d926092bbf2709a90c4e71aa14bb4a7135dafd985ef5ea218d71a,897071,3079.0,152.0,0.049367,1,2,228
2025-05-17 07:09:11,549b9adc6d6f761835cdf115e7252081fe1d2bc029b139c6c697860cdc430dde,897071,3231.0,152.0,0.047044,1,2,228
2025-05-17 07:09:11,fe127e4c781280d6c584603d20565847189f245083fac2bdfdda9da6e1eeb295,897071,3383.0,152.0,0.044931,1,2,229
2025-05-17 07:09:11,2f84f3215350f119d0fc3b25dd1238620c8f42e18552dfec1d97dfdbb88eb1d8,897071,3535.0,152.0,0.042999,1,2,229
2025-05-17 07:09:11,0e07ee9e7514c653da45288b5d661cb41e06ef6bdea674ff89ca38cf09031c9f,897071,3687.0,152.0,0.041226,1,2,228
2025-05-17 07:09:11,f6275e9c0feef1ae8bcf711ad49e1cf66a25253c7e7a0834eb18ffdab0771770,897071,3839.0,152.0,0.039594,1,2,229
2025-05-17 07:09:11,7385a18a280fed899adaaaf99b83b5bd4d5448da17a5e59c8d503e6e77d093cb,897071,962205.0,1417.0,0.001473,1,42,1429
2025-05-17 07:09:11,869ec68e7c3acc2db8dd335cf1a0f28dbc8ccf1762723f5d56e29d93722d24a7,897071,26309.0,158.0,0.006006,1,2,235
2025-05-17 07:09:11,cecab6786d7e64f2b881ead4a026c7a0b92caf34d6b14e165bf032a2ff976e66,897071,567762.0,158.0,0.000278,1,2,235
2025-05-17 07:09:11,57e6072ce4c485a39038eba7167534cfe9252dc526213abf5da2ea952c9c47ff,897071,330.0,176.0,0.533333,1,2,339
2025-05-17 07:09:11,e305f5720d9d49abd6aa6c05317a0cdfcf8981c4fa9617518259cecebab237fb,897071,330.0,176.0,0.533333,1,2,339
2025-05-17 07:09:11,85af3cc5f17832bd48af297929a677ab5d1bc8dac368b141a71e4a67d1538cf8,897071,330.0,176.0,0.533333,1,2,339
2025-05-17 07:09:11,5d67bff2cd6ab5728dd169b0e0e067950dd65e132b2d4fbb0d34be394bb328ec,897071,330.0,176.0,0.533333,1,2,339
2025-05-17 07:09:11,980a0597c3441576fd705d681cd00bc403d984cf92969b6317a7520d84a723ec,897071,330.0,176.0,0.533333,1,2,339
2025-05-17 07:09:11,a39c4603878367626f7d59dad85019dadaa326f1b81c8985e03fee73c699f9ea,897071,330.0,176.0,0.533333,1,2,339
2025-05-17 07:09:11,e26ba7907e9bf26958e8fd39a0923f61a8a83a5af8750ab8e2c43637c3732fe8,897071,330.0,176.0,0.533333,1,2,339
2025-05-17 07:09:11,c288ac77486a933523472b25421726f32fc9bf355ea004d5fcf06db0265186e6,897071,330.0,176.0,0.533333,1,2,339
2025-05-17 07:09:11,8b44eab97d8c3724706a42bb774f0e923783049769a0a1ae01ec1764d6b0e6df,897071,330.0,176.0,0.533333,1,2,339
2025-05-17 07:09:11,d67edab850fcb26a53b2986cfd38b7fc9bb3654a79686c2c1d214cbcdedb27df,897071,330.0,176.0,0.533333,1,2,339
2025-05-17 07:09:11,710718ec542d2e8ed9e97f1376e2b48bc9db239d9c92048b27181f8131c822df,897071,330.0,176.0,0.533333,1,2,339
2025-05-17 07:09:11,1eba832958ef1ebae0066d603c661cf05fedf945ba4d7a3b90dbe935dc5456d9,897071,330.0,176.0,0.533333,1,2,339
2025-05-17 07:09:11,d0785dbc3a41b7208d967519b098629a6d4c508db7924b48d09812a40558c7d7,897071,330.0,176.0,0.533333,1,2,339
2025-05-17 07:09:11,fc2e313cf890d83791cad61e99ffbba36b89ef0da96ad25aba9953e892b543d7,897071,330.0,176.0,0.533333,1,2,339
2025-05-17 07:09:11,7934c30f1b34525295e31cb8bd32e77a3ce158293a78979fe9d117b692be33d7,897071,330.0,176.0,0.533333,1,2,339
2025-05-17 07:09:11,c55d8216873e2fad563d0edfdf58b31e14d400d2e9d39903b2173216b9a1a7d4,897071,330.0,176.0,0.533333,1,2,339
2025-05-17 07:09:11,fb247a20afc10f98b5f8291383c5c44aac063c2dcccacd59f97677d5a22bd6d3,897071,330.0,176.0,0.533333,1,2,339
2025-05-17 07:09:11,2681c44a9f54e93bc1c42a64cee832c82ddaabd9fb06c2003b6dff4055b186ce,897071,330.0,176.0,0.533333,1,2,339
2025-05-17 07:09:11,076c57b7f89fa0738cf07976cea3c04b5ba54d5652ba482c6f6d9db932527ece,897071,330.0,176.0,0.533333,1,2,339
2025-05-17 07:09:11,45971aa94e525c4c5cbf89f9b1984191f5f24378481ee28d0a6bf43f81a243cc,897071,330.0,176.0,0.533333,1,2,339
2025-05-17 07:09:11,5ed8e7defdf8fbfda74cf4364e1510e1bee269c86e212940ccdbe047bbb7c4cb,897071,330.0,176.0,0.533333,1,2,339
2025-05-17 07:09:11,82a47f0d99e05c0521cc139970466b992931766b9b9d89670f706d8eed45b7ca,897071,330.0,176.0,0.533333,1,2,339
2025-05-17 07:09:11,d73cc1b254992d4158ab3a7c5f59b3d1f45676aae77e1f15c9f5d4f9c9322eca,897071,330.0,176.0,0.533333,1,2,339
2025-05-17 07:09:11,a5691b469b833afe3577550ba295df3a84a39fd60e338b9cf073a34371c7d33b,897071,26306.0,124.0,0.004714,1,1,194
2025-05-17 07:09:11,9b7e97d7bc451daa2cb8541a8f8c3b401178c0c7b761d5b370b0f3cf9bede11e,897071,240176.0,124.0,0.000516,1,1,194
2025-05-17 07:09:11,888d4f7f8ec4b7569713447877021bccbc49088a5baceaa7195c1f63424da915,897071,116476.0,124.0,0.001065,1,1,194
2025-05-17 07:09:11,93178cc7fe929538e1caa4437f7f6f011b8896044852250c72f6ba3540697c15,897071,95976.0,124.0,0.001292,1,1,194
2025-05-17 07:09:11,0126cc7fda1599f21885f9581acc0157920b47be68ceae14d9fdd0231f03cdff,897071,204539.0,146.0,0.000714,1,1,214
2025-05-17 07:09:11,4486869bff831e54772ad252533fe64758399e30f75c7090b8552bca1ac69d6a,897071,63625846.0,247.0,4e-06,1,2,225
2025-05-17 07:09:11,e6e862de6eaed3df217167607f4746e5b1dbcde06b646a595ef91e67ed89c1ee,897071,74721.0,263.0,0.00352,1,4,389
2025-05-17 07:09:11,590dbd1e966a5f24a2e389b3d75c569b2d08b18603fb98167a2880c444c8eca1,897071,75314.0,219.0,0.002908,1,3,370
2025-05-17 07:09:11,6b4b46d5cac4831554f49e45db1a342ad1674448ef9485efd5981e4ef4f3ec5a,897071,75863.0,219.0,0.002887,1,3,370
2025-05-17 07:09:11,9a6f6a64357defd8a7054e2c1683336a7acf642af3f010153143e47a75a7d757,897071,76412.0,219.0,0.002866,1,3,370
2025-05-17 07:09:11,639f2e051fc1a163a11ea81d83b7cd9eccb5b5988c227a979127deb612b6d417,897071,76961.0,219.0,0.002846,1,3,370
2025-05-17 07:09:11,f702dd785f15f5a4f573151d507fdfd49fcc785e270263ab7ad86a9ad8a6b573,897071,77510.0,219.0,0.002825,1,3,370
2025-05-17 07:09:11,8aecda82ababd50db836aafe49c308d741958e0f1d266646f170662f1274149f,897071,78059.0,219.0,0.002806,1,3,370
2025-05-17 07:09:11,97f9e656aa1afb72fffc6f5ee67d82a4980ffd039ba0d95328a9b28406d1fd22,897071,78608.0,219.0,0.002786,1,3,370
2025-05-17 07:09:11,25fe124282bbb54f83dd188fc0970c381f979782bceb693375c0c4f22c1b73c3,897071,79157.0,219.0,0.002767,1,3,370
2025-05-17 07:09:11,70d1c6b0e307e343d628f83bf19cc352a646ffe0d4e0ce539be5aaa8cdf1a0fc,897071,79706.0,219.0,0.002748,1,3,370
2025-05-17 07:09:11,a0d9d0d8f500904c894557792f3ab66e891ef071aee8bfb6eb4f6347fe135462,897071,80255.0,219.0,0.002729,1,3,370
2025-05-17 07:09:11,1a3f1c57c54beaee846e727e6c235af4f1d39bc2255ab6d15ce99a214bd45b8e,897071,80804.0,219.0,0.00271,1,3,370
2025-05-17 07:09:11,2cda7203b52aa2f79b8c2f5d1f7b106a55bcfc99264d348c741d389d0cf03bc7,897071,81353.0,219.0,0.002692,1,3,370
2025-05-17 07:09:11,18b448452581c5bd8837188e130a66dab8487ae1d6b31a37da20c765678c3ee8,897071,81902.0,219.0,0.002674,1,3,370
2025-05-17 07:09:11,8745ce2298312a8b60e33cfc35903650d216479a7a2d1934bab7b9f739152f58,897071,82451.0,219.0,0.002656,1,3,370
2025-05-17 07:09:11,fb52a7b3a2f5ebc0558494f6faf870d146ad595117469e3c7c2080ae33fcb394,897071,83000.0,219.0,0.002639,1,3,370
2025-05-17 07:09:11,99fde38f7f50c366ef857bbe2a92b6f7ba5fe79de67eceef578a550fe021a5f3,897071,83549.0,219.0,0.002621,1,3,370
2025-05-17 07:09:11,b386dd8cbfb9ca950036baf89a318a3e95c4be67402e121f8447c3efa5b1692c,897071,84098.0,219.0,0.002604,1,3,370
2025-05-17 07:09:11,55a965c4ad4f8c8a55639224af5976bd534c9b810a10c9e1ac06c61a1c29b164,897071,84647.0,219.0,0.002587,1,3,370
2025-05-17 07:09:11,82aff960a13a52e99e1da789219d5fa7662391048da8b3972ea96b982e325e1a,897071,85196.0,219.0,0.002571,1,3,370
2025-05-17 07:09:11,b4f1e61e89cfdedfb2b52d3731a934c278765b02df19c34cc45ee55fef030b7e,897071,85745.0,219.0,0.002554,1,3,370
2025-05-17 07:09:11,3d0304af753f4cf0129515957ccc7f1d48290ae0e1d454034366677a26660601,897071,86294.0,219.0,0.002538,1,3,370
2025-05-17 07:09:11,4a8cb5cd2c53c1e621b22f05367a97637c518b577e687ebad419f81b14993db7,897071,86843.0,219.0,0.002522,1,3,370
2025-05-17 07:09:11,4a876ba6120b0c792fc2c646c5a7790e49befd449c4130232492adfc37a82176,897071,87392.0,219.0,0.002506,1,3,370
2025-05-17 07:09:11,d0739091ed224be10332cd49ba85a20b9e574b0c4793fe1715fbf40d71fc8ef9,897071,87611.0,125.0,0.001427,1,1,203
2025-05-17 07:09:11,a31415a4c142578329d142edeed0605fa896bb8bec407da90410fff95c4012e8,897071,41190.0,263.0,0.006385,1,4,389
2025-05-17 07:09:11,1b2758fea67e4b056b03d8d31c26dc29616684a91ee1f125e4ae6ff92a00fdff,897071,41783.0,219.0,0.005241,1,3,370
2025-05-17 07:09:11,8b296ae3cd3165938d715648e5067bcb3e579676d799a092f20855c7e19038c2,897071,42332.0,219.0,0.005173,1,3,370
2025-05-17 07:09:11,cb3072f35f8e9a12d8797c6eca550821354f19e0f15bcafb459c5f64eb73d871,897071,42881.0,219.0,0.005107,1,3,370
2025-05-17 07:09:11,af0492292475a5d0401f173728cd681fa044168290f45505d181d2f692764798,897071,43430.0,219.0,0.005043,1,3,370
2025-05-17 07:09:11,3f67339ac381fcb30709cbd5712c674bedc5110f91a2cfe01fa880ce27402cc0,897071,43979.0,219.0,0.00498,1,3,370
2025-05-17 07:09:11,71aef477526eaad6342ff76fc23a6a9857e85e2068f7273b76e327fa1764fd39,897071,44528.0,219.0,0.004918,1,3,370
2025-05-17 07:09:11,37ed9700284756c45e2ce82efe69bb680fc010b3fd49410667593939d15be830,897071,45077.0,219.0,0.004858,1,3,370
2025-05-17 07:09:11,1a9d0076afc1f5347f800d92d7a4bfbafdbc4e1defc6f0816dfcfacb29ab6fde,897071,45626.0,219.0,0.0048,1,3,370
2025-05-17 07:09:11,f87b377ffb5d52fdba43e733b68ee87509a0f35645b6ec55b99b260af14cb05b,897071,46175.0,219.0,0.004743,1,3,370
2025-05-17 07:09:11,128ca5a8209df3adb238432d2578f54228e04d4e96f1cf2b0756748c2a7d3a5b,897071,46724.0,219.0,0.004687,1,3,370
2025-05-17 07:09:11,967911e6c7342c2aac17e80abcd7babf49e48c14883dcdc2099965b145e5497e,897071,47273.0,219.0,0.004633,1,3,370
2025-05-17 07:09:11,8c0a9078f3a1f7677b73b355689d27fc7920fa1654cce325cf5b8037e3c9c12c,897071,47822.0,219.0,0.004579,1,3,370
2025-05-17 07:09:11,5fe4ebb4d281c0e7f78cec5f553d2cab8d63c2689dc27743de45a70fbc56d043,897071,48371.0,219.0,0.004528,1,3,370
2025-05-17 07:09:11,7c75616e2ab2a08adf70a11cc4302796d702487d0aa1fcb9ede8029f696f855e,897071,48920.0,219.0,0.004477,1,3,370
2025-05-17 07:09:11,50c08749370b82cecd8e1fbbbceb1431ffde1fd7f3bb0cab8f016fdb5ccaeafa,897071,49469.0,219.0,0.004427,1,3,370
2025-05-17 07:09:11,2c17841e8b1995b49cd7dc564811158bf3ace01779d3881cfa86a96aab26a15a,897071,50018.0,219.0,0.004378,1,3,370
2025-05-17 07:09:11,f8b15f13a7cd6f608a0e3e6bba48db4c0f58adccd01eb079fb2505de1eabb0b8,897071,50567.0,219.0,0.004331,1,3,370
2025-05-17 07:09:11,95c4c123413b1a27febd7f45acc53ddfa416db69626e85e548086c2ed6666c13,897071,51116.0,219.0,0.004284,1,3,370
2025-05-17 07:09:11,a513772990932398e2b84b9d7489f2abb4813a38523a32034e34b1e1012c8e7a,897071,51665.0,219.0,0.004239,1,3,370
2025-05-17 07:09:11,47f4e0ab19a99ab83746145fa8c0c9842b5290e93fc3eb73e78787dd620ea5c5,897071,52214.0,219.0,0.004194,1,3,370
2025-05-17 07:09:11,de791edcf5df2e61f91445e9cc91f3ef071a8e4af894ac686e6426ec1a9f7be7,897071,52763.0,219.0,0.004151,1,3,370
2025-05-17 07:09:11,8530f3f8520d18888cb9666c856d7d4c73fbecd248bedd1f55afd5b260b0a3fa,897071,53312.0,219.0,0.004108,1,3,370
2025-05-17 07:09:11,d20b807f2ccd4f2f081856db150a0bd5f893ea35daba2f5c62678c46b80cdc6a,897071,53861.0,219.0,0.004066,1,3,370
2025-05-17 07:09:11,6836d15130ff4ed051738ad474070e3ee2af5a443d1a19dd7f670c3270a6eaff,897071,54080.0,125.0,0.002311,1,1,204
2025-05-17 07:09:11,e89b363a3c385caa6e814c35cbef3b900cd95dcbc4f5076e02204bf6b40d27df,897071,55064.0,263.0,0.004776,1,4,389
2025-05-17 07:09:11,42b0f8e27ebd3d237bd449acd689a31ae2160e2b7be66ecc2f51b3a45446f19d,897071,55657.0,219.0,0.003935,1,3,370
2025-05-17 07:09:11,00d92fbe7895cc180614e8166b92c529b82e03269e2e48262e97193ef5f2cc12,897071,56206.0,219.0,0.003896,1,3,370
2025-05-17 07:09:11,a867ecec870174f3f8f5eace972ccd29daa29c2128f4623d99d8aee208dff41e,897071,56755.0,219.0,0.003859,1,3,370
2025-05-17 07:09:11,89538519b061350b453026d6ccc2eaa022564fb1c81e647376421d548c40b40e,897071,57304.0,219.0,0.003822,1,3,370
2025-05-17 07:09:11,802911c21e5fd16ca10b3b267642987f8ea3d586d4bd40fd3e56e3edd6845fbb,897071,57853.0,219.0,0.003785,1,3,370
2025-05-17 07:09:11,eb476a205f4ecbe5c6896ed9c4b698f7ec29b57418833ffb9ad2f13536f8146e,897071,58402.0,219.0,0.00375,1,3,370
2025-05-17 07:09:11,341b92377afdfd94afae60c0888698ace61b678c6af6ef4e1e2e2801102a61d9,897071,58951.0,219.0,0.003715,1,3,370
2025-05-17 07:09:11,21d5be7e83ef9227473dfac95d8b20261cbfe46422ed4ca108a06952d5e8b3dc,897071,59500.0,219.0,0.003681,1,3,370
2025-05-17 07:09:11,743c671aa51e5c5baba9615e7d7c1cd975b8d372b9a83d0f09af924e8e424724,897071,60049.0,219.0,0.003647,1,3,370
2025-05-17 07:09:11,0bdebc3c1a76b693f524a32ff828a1a92b05d256e78b628aace947f4f50e937e,897071,60598.0,219.0,0.003614,1,3,370
2025-05-17 07:09:11,f49794f620a2f5567cb807fa7485ce5bca8d6cb319bbdf921b7e3153b340b582,897071,61147.0,219.0,0.003582,1,3,370
2025-05-17 07:09:11,ca636f706e0ca0da042cef073ab16704f3e28bee6e59e2670357a4f5760e2fa9,897071,61696.0,219.0,0.00355,1,3,370
2025-05-17 07:09:11,45d2b941ffca7fe0685dcaaa89b452243023b6e9ed0a246e95fe169fabf6aaa8,897071,62245.0,219.0,0.003518,1,3,370
2025-05-17 07:09:11,e813fc1aa38bbe27bc1b7c4d66134b13c1bca02349d240787a9823621d5385aa,897071,62794.0,219.0,0.003488,1,3,370
2025-05-17 07:09:11,6112e8ae885824567b58f9496629af0abe68aa9f3432862c0534affa3650960d,897071,63343.0,219.0,0.003457,1,3,370
2025-05-17 07:09:11,06c44425a4d8cb9a09a76e09bffd2975c8cb584bcbcbe18a13ba618302aeea57,897071,63892.0,219.0,0.003428,1,3,370
2025-05-17 07:09:11,79c6897dda7a3e381fd27abd6948417e5ea9cc316c76fb03aa5a5195274e3227,897071,64441.0,219.0,0.003398,1,3,370
2025-05-17 07:09:11,3ba7462ef0ce4ad1ac301f18cd0ada6f36267e876b2043fdb7a68077d1116742,897071,64990.0,219.0,0.00337,1,3,370
2025-05-17 07:09:11,dfd31200e90f0f7ae0e60eec49d323d2d3b5f312d26a65ddb25a0f0122a714b6,897071,65539.0,219.0,0.003342,1,3,370
2025-05-17 07:09:11,055a126a673a50c60dde52a11fbb8df3cfd9bbcf7da8e81936252998a085b142,897071,66088.0,219.0,0.003314,1,3,370
2025-05-17 07:09:11,0372864fe7f28bc428700a4c898d2650a50e7f49106e399e829e90ad611289c2,897071,66637.0,219.0,0.003286,1,3,370
2025-05-17 07:09:11,d90a396ebea66fb1b8731bd87b6bf155c8c1c0996d4e9b3b413917e94906125a,897071,67186.0,219.0,0.00326,1,3,370
2025-05-17 07:09:11,3515c255e439c4362c4794b016846a93fb46a7a0d32c099d238806f8270ee0a3,897071,67735.0,219.0,0.003233,1,3,370
2025-05-17 07:09:11,ae6b6a5aca99daffa1ff13e72f3c740a8c4f1f0a3062c4d4a48191a4d19dfe3b,897071,67954.0,125.0,0.001839,1,1,204
2025-05-17 07:09:11,9f8f25ddc1631bbf0f5d869e47023ba0b9ac3b8253b4d28b7f953e43c9954388,897071,41827.0,263.0,0.006288,1,4,389
2025-05-17 07:09:11,9b17f484fd52b114731e02c8b36e5df2bd5bc585ce1eefa83581cd1e460b3af7,897071,42420.0,219.0,0.005163,1,3,370
2025-05-17 07:09:11,21888bc087c5aefd851f729f8fefc8e7b16b0ba4a35ad1cfe2228364a96121e1,897071,42969.0,219.0,0.005097,1,3,370
2025-05-17 07:09:11,36ad4075ce3713e34cc8284e5a7a61c504248e87df927bc6406ce0da6737a90d,897071,43518.0,219.0,0.005032,1,3,370
2025-05-17 07:09:11,d017a51de99a1bfcf1666e45c09c3855304ff2e898d9b24f19d3c982f44184d9,897071,44067.0,219.0,0.00497,1,3,370
2025-05-17 07:09:11,69e9c4e4ee8a2411b61f4bc4963d6f107996126492b841f7ac57eaf27f284b04,897071,44616.0,219.0,0.004909,1,3,370
2025-05-17 07:09:11,f203d210a72884ae52a6c4766f2998d0cba759f3e75532b1c427ed7967795fd1,897071,45165.0,219.0,0.004849,1,3,370
2025-05-17 07:09:11,1e17564aff45ccf76c045b82fd186f67e64902c21d59df6350946a70dc7cc809,897071,45714.0,219.0,0.004791,1,3,370
2025-05-17 07:09:11,ea429dcb26d6b6ed9ab85a15931671f0d2888be3655cf36e35113977ac0e9232,897071,46263.0,219.0,0.004734,1,3,370
2025-05-17 07:09:11,0518fe91256afbd2c7df7d77a88479a946c387919a7cb3199dfbb22c22b12b66,897071,46812.0,219.0,0.004678,1,3,370
2025-05-17 07:09:11,d76a9ab7321e7cf9fd88421acd70af95ff41af4919eebae5ac75b7430df88097,897071,47361.0,219.0,0.004624,1,3,370
2025-05-17 07:09:11,17ca277427e34c85f1f78e2c751693393b43772899dc68f65336f82d8ee8d748,897071,47910.0,219.0,0.004571,1,3,370
2025-05-17 07:09:11,4d9e677bbe19f155f451e886379e0ed2aab17d1132046fc3444e96ce9b294a1a,897071,48459.0,219.0,0.004519,1,3,370
2025-05-17 07:09:11,875ecd11c0ecea3d40c95624950b1bf78cfcaccadb129fe379d5f5b89619a116,897071,49008.0,219.0,0.004469,1,3,370
2025-05-17 07:09:11,cc656b342819ec80ba4f12b1df9323a2f081f0f0ba7c85faa0efdf9a6202b572,897071,49557.0,219.0,0.004419,1,3,370
2025-05-17 07:09:11,6972b3a1461e110e7e00d7bde4e057a86ec5ff49d937a4fa4f29b1b1a0653ae7,897071,50106.0,219.0,0.004371,1,3,370
2025-05-17 07:09:11,29898ccfb0ba853c40117c6961fe631bd42785549accc71f09804d4cccd884a2,897071,50655.0,219.0,0.004323,1,3,370
2025-05-17 07:09:11,afb7864a842299c785183eb1240726f30465adb71fc86cf6e2eaced10a23c3c2,897071,51204.0,219.0,0.004277,1,3,370
2025-05-17 07:09:11,bba438c593a3e7bd9637a8b8a3d76e322bfb6fd8b6f1355acd22698f9413e5b9,897071,51753.0,219.0,0.004232,1,3,370
2025-05-17 17:52:33,0bde932c950b2a404389c6a17e8241d3ac3d0284b6f124b52e2e59c513898b3a,897134,900365.0,844.0,0.000937,2,2,372
2025-05-17 17:52:33,9bb353952254692dbb4c66bb06cd0d22121d1dc2deec23c6c8a324bfb686f036,897134,261440.0,440.0,0.001683,1,1,192
2025-05-17 17:52:33,26496c0bc3e21f045626d6f42cba736c13f8a945c00fa549cf6bc21815022536,897134,33473.0,444.0,0.013264,1,1,193
2025-05-17 17:52:33,c25df5c90b21a9c4caad62076d35ad036a383a459618adb4bcf150e7af261f34,897134,1131563.0,848.0,0.000749,2,2,374
2025-05-17 17:52:33,f1358bf0f0f2067bde81e3460951f3b014873c1b46a1d2560c9dda930f84d433,897134,823822.0,848.0,0.001029,2,2,374
2025-05-17 17:52:33,49f54764980840cea96b9c44cd6fc5924e1a1322ad09f663065b16e0cdff5933,897134,21062.0,564.0,0.026778,1,2,222
2025-05-17 17:52:33,43a9a4112233b7a35812855cb2046689996fffa0c282c31615eb6524716e4133,897134,1290433.0,564.0,0.000437,1,2,223
2025-05-17 17:52:33,7bb9a072891e3a877f5c327a6a141b0a25b54965fb27594a31bdfee56315e032,897134,62358725.0,568.0,9e-06,1,2,223
2025-05-17 17:52:33,762cb3061b9d6f9b38f637d0025b83b621bcd8fb9fe88e332d0c21edf7729456,897134,62843366.0,564.0,9e-06,1,2,222
2025-05-17 17:52:33,ffb5844869b49b802be4e944822ab91ef2ecf4e776cf11a289a1666605988e45,897134,63579898.0,568.0,9e-06,1,2,224
2025-05-17 17:52:33,3d21a90680bf3bc5694369403c8c2e1df4643d96f3b90919d272db490efa11ac,897134,64113073.0,564.0,9e-06,1,2,222
2025-05-17 17:52:33,5d5a944d8dde14d5bbbf96f7d47f06044d1194b5c3040d4733309f7cb84eb531,897134,35632.0,896.0,0.025146,1,2,224
2025-05-17 17:52:33,9ab0473e607bd86860526622d638adf9b6190c909fef8baefaae253fb98ba531,897134,232398.0,444.0,0.001911,1,1,193
2025-05-17 17:52:33,194973d056abe96c9506e37137f78b7795a59b40b662415193db65806c823a31,897134,76869.0,568.0,0.007389,1,2,223
2025-05-17 17:52:33,ca3d7e74ae655e8f832984100edfefa0972b0db04e3a7dc8b8cf79bdfdef7930,897134,1372151.0,564.0,0.000411,1,2,223
2025-05-17 17:52:33,091d9b189f88cbdf46d10123102c2adf19ab87b3ee5e9e38fc4639114fd05f30,897134,93096.0,836.0,0.00898,2,2,371
2025-05-17 17:52:33,e312c6effe2abfc97f5d5bcc8b7adfae86682f2bb25797bec132606fccaf4a30,897134,105013.0,840.0,0.007999,2,2,373
2025-05-17 17:52:33,8569a0248c88c6366e37c8b5235dc802d7fd5f85226825014b2763ab90edaf2e,897134,3696877.0,576.0,0.000156,1,2,226
2025-05-17 17:52:33,ae86f84e0d9973908608ceb3d61314bc6314b4e95be4304d075975044651e22d,897134,25761.0,564.0,0.021894,1,2,223
2025-05-17 17:52:33,5ee40d80259f4af63ef2d812a6aae197b274640da8fe97f5db84f0c0e394dd2d,897134,178436.0,564.0,0.003161,1,2,223
2025-05-17 17:52:33,28b9dccd91f6a00775b5d97f60f48ad8d86cde3b9ec90cc8d5f7c4eb6729a82d,897134,525393.0,756.0,0.001439,2,1,351
2025-05-17 17:52:33,8dd569d53267cac97efec98d8ebde192ca1c547507d2bc79df24690498cebd2c,897134,7957.0,712.0,0.089481,2,1,340
2025-05-17 17:52:33,1c5f99dda58c9bc1344b93727cc0aedeccf2ada458ffb0ec8836346272809c2c,897134,3863.0,440.0,0.113901,1,1,191
2025-05-17 17:52:33,706b24b44e2ebfe0ba3c3baca88aec049e25b0303aa5c6a937dfe4509172162b,897134,10015356.0,564.0,5.6e-05,1,2,223
2025-05-17 17:52:33,77d38149e7333fcd32ed991b8164dadd6a3506263081d1949dbe95be05b6cd29,897134,33486.0,564.0,0.016843,1,2,222
2025-05-17 17:52:33,39ef0f31eb3d0943e03b9c79c3373e5269757103e088cd7c87cee82481de8528,897134,8969.0,2086.0,0.232579,2,2,288
2025-05-17 17:52:33,8a67ee688cf2c8441239ca9a25f831be4c1adf37a4c96178fd24d41febaf5746,897134,336407.0,254.0,0.000755,2,2,313
2025-05-17 17:52:33,fd83dce536660a7d68b5fa2cc9039420eef303d448c976a4e265a9a890ca70bd,897134,423092.0,316.0,0.000747,2,3,426
2025-05-17 17:52:33,3fd493b67dc146d33e2d968c1692fca5daf8c1f1ce9387e933c21954f8a64828,897134,891519.0,564.0,0.000633,1,2,222
2025-05-17 17:52:33,5bc396a40521ff39b4c9896418b2d7a9ac6c7124489f8c12c2dca17416af9926,897134,87391.0,832.0,0.00952,2,2,370
2025-05-17 17:52:33,bb77a9eaaaf44760683812c894aa96c1b7da80ed3bdfed01dfafc9fd01c99c23,897134,55738.0,564.0,0.010119,1,2,223
2025-05-17 17:52:33,6eaa935c323776c161dab1589e8713cacdc2e266a6bda2e99ca6437df676bb22,897134,107424.0,576.0,0.005362,1,2,225
2025-05-17 17:52:33,a773e300b76c00a130562cc9f94cad45d1ad70199115160cec4625b7afafa822,897134,290560.0,440.0,0.001514,1,1,191
2025-05-17 17:52:33,6b726fddcbc4a6ba1d218eb28d792d59b533893d45cc0960b2cd1684eb67a522,897134,51274.0,1464.0,0.028552,2,2,366
2025-05-17 17:52:33,cd68156f953d246f032094756584b6545b557cc1893fb07f576c2888cf941b41,897134,80219.0,576.0,0.00718,1,2,225
2025-05-17 17:52:33,b5810c7d6d55624a30f41ab0078dc893ccad621923dc86521d79eefaaadeccd3,897134,111795.0,576.0,0.005152,1,2,225
2025-05-17 17:52:33,419ec18dc34f227a8d15d1c545711a4b2596ab352d912e65edc8a615c2109b22,897134,43898291.0,564.0,1.3e-05,1,2,222
2025-05-17 17:52:33,a6e5ef5ccce85ef2bf387fda751a145a9551a849b1505a7ef52097f79d1f5122,897134,3971892.0,1184.0,0.000298,1,7,377
2025-05-17 17:52:33,ab8584dfba8539cbcbb9e595b60dc3444fb5a785cbda67be6307e4693c7be721,897134,28567.0,564.0,0.019743,1,2,222
2025-05-17 17:52:33,eee6a089b01cfcd579498adf321f2121f548267f9724054c685042501d015821,897134,488400.0,568.0,0.001163,1,2,224
2025-05-17 17:52:33,1966205a656ad355b29b0accf7b260c29ed7140923a51496c0f257eca2280421,897134,208196.0,576.0,0.002767,1,2,225
2025-05-17 17:52:33,e45a202b5499b2ee6323f30116a5bc95ae14789649b14e6729772f74c1c41820,897134,77078.0,564.0,0.007317,1,2,222
2025-05-17 17:52:33,206e81a2ccdf605b761da2ededab0f320fc43a1c1e8797fc7f2a3d8a03e6941f,897134,101391.0,1188.0,0.011717,2,4,429
2025-05-17 17:52:33,208e0cae098c059c1d4f65ca6cdc27495c21557d9c506e07848d74f70718221e,897134,320017.0,564.0,0.001762,1,2,223
2025-05-17 17:52:33,105bcfd70974d890465640426f42ddf9451d0e76e9572fc0b171e40eac0cd91d,897134,146319.0,568.0,0.003882,1,1,319
2025-05-17 17:52:33,e0a22e457163c00d84c40ef39fc4a9f132d3aff2a7635c7d60e49eacc159ac1d,897134,86845481.0,564.0,6e-06,1,2,222
2025-05-17 17:52:33,da6714310713f0f44cfd0a7232255c66b3f6f8925d9dc6327d6d7298f46e8e1d,897134,55510.0,440.0,0.007926,1,1,191
2025-05-17 17:52:33,c8cf0a10bb872c80d1656b575827cf852f705c833697636f53829f075f10721d,897134,171096.0,564.0,0.003296,1,2,222
2025-05-17 17:52:33,281852304fbec7d65c7d3717bfff6925e815f6af93af234ca38a16127a803f1d,897134,99128.0,576.0,0.005811,1,2,225
2025-05-17 17:52:33,9e9849c58a7304f64a1297359bbed55846543a91bc3863a30e02495a620f0c1d,897134,27177082.0,616.0,2.3e-05,1,2,205
2025-05-17 17:52:33,27213d55fc65ac85b8cc8d749b5819ceb713c009e33e953bb223951e6bbff81c,897134,69652.0,544.0,0.00781,1,1,217
2025-05-17 17:52:33,795b6f7ba2215641d7f383178db8f2ead054bb86fe97f0317d5427832b1eeb1c,897134,92080543.0,612.0,7e-06,1,2,234
2025-05-17 17:52:33,100f0defbe82b2494a4ac7ca9241ac32e4c9fcc4ca32d852f3d0f21185cdbd1c,897134,2045576.0,440.0,0.000215,1,1,191
2025-05-17 17:52:33,f33fba3c49a834474d96935d5e4bd451149572f81f06a08229cefbde2788a91c,897134,374090878.0,660.0,2e-06,1,2,246
2025-05-17 17:52:33,e29bf4ba5bdbe24a6f983855c2ce604582e1a90c9cb60eeb45a07272b13c1d1b,897134,1126.0,1909.0,1.695382,2,2,300
2025-05-17 17:52:33,dac418073b2abd230023040e88d982cdce402db35263433f03d78688a045428a,897134,21239.0,240.0,0.0113,2,2,301
2025-05-17 17:52:33,fec9e6d565d3dee6523383d23cc196e85ae809100e21e91d56f29412c1acfe08,897134,61478.0,235.0,0.003823,1,3,278
2025-05-17 17:52:33,394e7b73fb0938dbf473cd064975282ee2f17e51d25afbbde6a855480055bc1a,897134,137106.0,836.0,0.006097,2,2,371
2025-05-17 17:52:33,f76a20f9191b4b348cec64c41ac224806f7c12940ea34a52873f13d533103f1a,897134,1892400.0,564.0,0.000298,1,2,222
2025-05-17 17:52:33,35c21b403f606d5cac0df6bf33d63f108a6026516f7ffc493fc1a5d8184d6119,897134,35862.0,452.0,0.012604,1,1,195
2025-05-17 17:52:33,d655c34d20cfd26fe8b90e0dc9900315227411db44613a03a6c925c4568f8c18,897134,79150.0,576.0,0.007277,1,2,226
2025-05-17 17:52:33,8581b3d6bc27436838a8bffd6752e2a6b96ae5da886b974305638a203e795718,897134,27994.0,444.0,0.015861,1,1,192
2025-05-17 17:52:33,f4bb0cc7ff9478a0ce3a05434cfc38c1b0ff51abbc96e5b9c837e803a3ebe117,897134,389183.0,568.0,0.001459,1,2,223
2025-05-17 17:52:33,41aacfcb40e2398727c41577fcffa4635dd36e5bf4b4d9ea488465c8a0a4a017,897134,1296813.0,924.0,0.000713,1,2,231
2025-05-17 17:52:33,ab57c514bce589915be930b7b1878284866db0f80816484cafa8084a1b3c8e17,897134,15489.0,848.0,0.054749,2,2,375
2025-05-17 17:52:33,ad19139fd24b50aa7ee6ca1af1a9f1d998b4c2fe2ae53bf5c685ff335635e216,897134,5456220.0,564.0,0.000103,1,2,222
2025-05-17 17:52:33,45ab2cd2db027ff6e82cd37a31a57913aaa36e8811842a8895b9745af6944416,897134,89039.0,940.0,0.010557,1,2,235
2025-05-17 17:52:33,0f1dead415c01c782b934c63b2f0a3a6c159e1a83a8bbceba0b45489f6d32816,897134,1505505.0,836.0,0.000555,2,2,371
2025-05-17 17:52:33,5a79682f40239159cd332e47d8e020b2662f8e830a3da85c5de81ef8a4163f15,897134,90276.0,444.0,0.004918,1,1,192
2025-05-17 17:52:33,32b77c9d6304947ce18b5704e85d69ee77f5fe894ff035dd816c964754411315,897134,824.0,1360.0,1.650485,2,1,340
2025-05-17 17:52:33,a80132aae8d00dde60a25d4674a1a5e5d8f8be4d3d1414af4f3d7d5a11450715,897134,664172.0,984.0,0.001482,3,1,489
2025-05-17 17:52:33,11b57f64b4e36e88fa02ad7b0b7838ca83cbdec740d1b5bac4b314da85d2af14,897134,126279587.0,660.0,5e-06,1,2,247
2025-05-17 17:52:33,6725dc81a1b5c4f511aec145289b182cd5be5fbf0b5e5fbfdd8cb07978e96a14,897134,216853.0,576.0,0.002656,1,2,225
2025-05-17 17:52:33,3b1ae6645ba90b431a4c71e6fa09a9de78a527dbaa7afff0ccae60c2d6c5f313,897134,2408.0,2100.0,0.872093,2,2,300
2025-05-17 17:52:33,1a0319bc034fef4e6682f59773f4fc4002768137deecf53fd9cdd6ae6fd33045,897134,187376.0,240.0,0.001281,2,2,301
2025-05-17 17:52:33,cd8c9899b370eedbad3c5493a69acc9bf22f003b656255fda535fe609481dc0c,897134,203859.0,316.0,0.00155,2,3,426
2025-05-17 17:52:33,55f2d71ac4979a305dc7adfcb02aff444b64e971fdcb2aca817eb0d44ef52513,897134,264562.0,576.0,0.002177,1,2,226
2025-05-17 17:52:33,9b0f7a8f3c7435e4774207529f098afb9df7b4df5dcbd8bb3800a1f5397f8c12,897134,9312231.0,568.0,6.1e-05,1,2,193
2025-05-17 17:52:33,7122e675a159820d5cf31d43d8c0dce405530aee5c864c9e7aacccc97fa3d511,897134,203791.0,580.0,0.002846,1,2,196
2025-05-17 17:52:33,32f7eddbd1d924daec0d32db05fef66e691ade018205aa049192539f59b98311,897134,8792453.0,588.0,6.7e-05,1,2,228
2025-05-17 17:52:33,600e6636cd1b9e3ebc6ae60644c5b65879bf60aba3cdbfaaf32c0a85050cd910,897134,58192.0,488.0,0.008386,1,1,204
2025-05-17 17:52:33,1be165a663dfd129863e11f7a2181710192bda15f867b06c1541e3ec1e7d2910,897134,4082111.0,576.0,0.000141,1,2,225
2025-05-17 17:52:33,3d4298c9db523b8a738a2acf6905fb60b5f8b2ca54dfb67888909b0940bad60f,897134,284324.0,892.0,0.003137,1,2,223
2025-05-17 17:52:33,52d7c3e40a3915faa4331b4d2dd2ce8809ec753ed9aaf26e715d2edef7ab020f,897134,65222786.0,568.0,9e-06,1,2,223
2025-05-17 17:52:33,d7dd6a02c7ab732d7f0eb0d330b1a1582ee71e4b077dc4b82489358d745c96a1,897134,65320505.0,568.0,9e-06,1,2,223
2025-05-17 17:52:33,131f2bc85c0df954a57ba5b34018a1ac76d08e8682486796227055f9092fbf0d,897134,6396880.0,564.0,8.8e-05,1,2,222
2025-05-17 17:52:33,f6b63fb4214abba89b7bf76ec17f3110f015284d355cbfbdd5c835ae68afa10d,897134,43516.0,564.0,0.012961,1,2,222
2025-05-17 17:52:33,f25e0028f0f86e9d3607958a1ef75bd73d68ccad436bd4a7463dd8e527b7640d,897134,33981.0,564.0,0.016598,1,2,223
2025-05-17 17:52:33,6077b33e1220a4143d8d1c921316cd634e7aa5fdba60c5a0acfccdd006b7360c,897134,4420.0,440.0,0.099548,1,1,192
2025-05-17 17:52:33,ffb2ff437ebf7051fe445ae4b5e64988a9e7f078c1aa6473d19d422fab99df0b,897134,177556.0,444.0,0.002501,1,1,192
2025-05-17 17:52:33,166466e781b7b1c6a2b764ddb11ea4da95cf29bd7410a9eb8b4ec69e9563af0b,897134,693652.0,568.0,0.000819,1,2,223
2025-05-17 17:52:33,6fe88ce6e6f6641b7ae3ceb9d01d74d7a5769b858c9186233ae5578e6934af0b,897134,131565.0,564.0,0.004287,1,2,223
2025-05-17 17:52:33,e35e91863167db4e4a0d7e876597bdc73c603979d411d0cee7e057ca63c5810b,897134,1056150.0,1652.0,0.001564,5,2,815
2025-05-17 17:52:33,417281ca09e55cb18e952cc51d257c9c1b7f90cd554a43bef879d01e5d09b70a,897134,118150.0,576.0,0.004875,1,2,226
2025-05-17 17:52:33,7a120889b655994b8133c9b0d10647e0819f488201a7648d7306ef2b34a00d0a,897134,382285.0,576.0,0.001507,1,2,225
2025-05-17 17:52:33,0441732f97e91503e1356467316ac17a971d485828ca8372434e480dbfcbd009,897134,15745898.0,904.0,5.7e-05,1,2,226
2025-05-17 17:52:33,6096264dd733e11fb073c8de2378bdcceea20d8d3c5cf00d4df29bce1ef0af09,897134,10599388.0,612.0,5.8e-05,1,2,234
2025-05-17 17:52:33,caca7091c4f13204aaba75f6a9a517b0713ac55bc8d327b6a89e514d5dc88407,897134,16938937.0,724.0,4.3e-05,1,2,346
2025-05-17 17:52:33,5a5132cf86d7a0c91551817f4ab48f04a3c0e0063eff30ddc3a3ce71aacd7b07,897134,23928.0,568.0,0.023738,1,1,319
2025-05-17 17:52:33,7f3d2b0794515462d69049417ab76f9e5b9760d4a385a961582f27cd33d26007,897134,291755.0,756.0,0.002591,1,1,189
2025-05-11 15:59:08,bb62a2d0b85479631305d8a57a983896b7598ac74f4552739d53bdc77b705585,896278,546.0,152.0,0.278388,1,1,324
2025-05-11 15:59:08,a66f95b641c8a4fcb7ee3b17efa08768e623352bbc012c42e76b0533ef25eca7,896278,796062.0,154.0,0.000193,1,2,205
2025-05-11 15:59:08,9474a08179509ee7dde214f0c6efdd675de4f55b76bee218982a452a1be59e83,896278,43866.0,142.0,0.003237,1,2,193
2025-05-11 15:59:08,596bc203201f7ff71e6d544fdc127b3b6cac6c516128f057f7132fe4a54d6f83,896278,257150.0,110.0,0.000428,1,1,191
2025-05-11 15:59:08,ecddceceb780086dfed067b86abec2d1421edac22e3600e559d00cc9c02fadf9,896278,3834097.0,141.0,3.7e-05,1,2,223
2025-05-11 15:59:08,d50a2efdf3e6eb41152857f9d55e255876b25f3d648791bebe5acc5bb168e482,896278,1574812.0,141.0,9e-05,1,2,223
2025-05-11 15:59:08,ac124f7644a1b9e9dac2340f7c28bbfad403ef74f16564c7b4f5549b30e25782,896278,330.0,151.0,0.457576,1,1,319
2025-05-11 15:59:08,38959ef28f6f4f1873869bd4ecf175339b824e9307c12dcf71f31f797e340b80,896278,546.0,152.0,0.278388,1,1,324
2025-05-11 15:59:08,27438d59a627e49ce33cf2d58a54ec1aa1ca93d678aa3bf04ef25ecd7508bae4,896278,64160.0,154.0,0.0024,1,2,205
2025-05-11 15:59:08,51f477a3fdf879a7e4fdd264675c688b16b43f13d5ab6786568378d611a0f97f,896278,540996.0,143.0,0.000264,1,2,194
2025-05-11 15:59:08,85047107baaaeedfde479fe543fd97f6478432a26b9a1ea5c4e654ad6216167f,896278,546.0,152.0,0.278388,1,1,325
2025-05-11 15:59:08,8155dedf0d1da546e9efe7c884ba8b46a31e892e91d2b32668a61c7ae25ae87a,896278,546.0,152.0,0.278388,1,1,324
2025-05-11 15:59:08,6152b6fa29408e2c7c42a94db93d189c2ba08c818640df9eefb565d7b201a37a,896278,19898.0,102.0,0.005126,1,1,153
2025-05-11 15:59:08,48c84675a78d930501356d2220e4372217ee018c9ca08e954b29190b1885207a,896278,119215.0,224.0,0.001879,1,2,224
2025-05-11 15:59:08,174e25109f8d3a17d69ffd00278ccc84cc0c37982874ace777bacb34d6454376,896278,330.0,151.0,0.457576,1,1,319
2025-05-11 15:59:08,fcc04ca2e41a440c290e38e683570ec81e7d11f705ed1d9f7310284c4a3a3d76,896278,2893958.0,144.0,5e-05,1,2,225
2025-05-11 15:59:08,8b44d9c0a5f551929ba648a0383a3f0a4538dc894449becfd339ee85e5f13e74,896278,214126.0,154.0,0.000719,1,2,205
2025-05-11 15:59:08,d611b07d6b318052f98a5cda6313592d408af55f0cdfb3c4094f03c83bce4a72,896278,191638.0,212.0,0.001106,2,2,312
2025-05-11 15:59:08,cd7009a70469ae9de3aaa1ee3bb3b434c1cc18bab991f0a1d2bce0c4dab62771,896278,288177.0,141.0,0.000489,1,2,223
2025-05-11 15:59:08,c09b1410ab77fea574019a519ddc478b3fb9a8f3e81829ca1b20013829e9e170,896278,467470.0,143.0,0.000306,1,2,194
2025-05-11 15:59:08,ea4c2e9109c730637faa40ff573a89638c9d6c751c1debdb29852861df366770,896278,467470.0,143.0,0.000306,1,2,194
2025-05-11 15:59:08,c3773e755d099d7b816ea062f38720699e502de50bc102ed50400f4fa0f1266f,896278,17814.0,169.0,0.009487,2,1,269
2025-05-11 15:59:08,aa570c89bfee12b9eb153095a85619093137dc5c024aa9a56e35f34a7f39756e,896278,1680.0,154.0,0.091667,1,2,205
2025-05-11 15:59:08,ce3f1a77c632b3f1cf31359e002b707d2fd47ed5eefe81e1185580ada44df06c,896278,11905.0,233.0,0.019572,2,3,333
2025-05-11 15:59:08,bc2068eb53e4102b9f442af4f8af1b5983d5e3df7fabd8d802df1cf80169956c,896278,12951.0,275.0,0.021234,2,4,375
2025-05-11 15:59:08,42492831379ef83f09485169ddb8bdf178ee714a1a7faa743abf04488f34d26b,896278,546.0,152.0,0.278388,1,1,324
2025-05-11 15:59:08,114db8b31c1b1cfadae2601cd6d43e5b9652f1ea0d27f6a2909bdec86125a36b,896278,467470.0,143.0,0.000306,1,2,194
2025-05-11 15:59:08,cd9a6659936936044e0c9288ae81db3aee6bf3f6d29fbe76b10e548563edff67,896278,546.0,153.0,0.28022,1,1,330
2025-05-11 15:59:08,50e325c9a774fda19aa7da20b664619fb5c97b309abf96baf42eeab920861cf0,896278,186658.0,154.0,0.000825,1,2,205
2025-05-11 15:59:08,e01e0369dce7d389beff71b607185654cb5fd0dca5837d639add86f5aa443d65,896278,1915230.0,141.0,7.4e-05,1,2,223
2025-05-11 15:59:08,61fac1379bf1a7c13d2c987e1eaf8cad795b304f462b19d45a565ac77a1ffc64,896278,330.0,128.0,0.387879,1,2,209
2025-05-11 15:59:08,5515b8034839ead4bb9ce29761a932217a5ff9f90fc9f3a628ebf63d8120d58a,896278,458.0,128.0,0.279476,1,2,210
2025-05-11 15:59:08,2302e54a0418a5aa2a82df251c28a21f57a023a79034b751daf796efb89dae63,896278,546.0,153.0,0.28022,1,1,327
2025-05-11 15:59:08,b09151ff541b4f713d3413a303a3bb18a05986785008af80ea5e7b58da49d972,896278,7101.0,154.0,0.021687,1,2,205
2025-05-11 15:59:08,02b44584c3286fde2064ecc9ae17d4bff6ec359f441956af4e9f863d85e3ae62,896278,648883863.0,223.0,0.0,1,2,223
2025-05-11 15:59:08,07c8611903f0def852a2c80c26765b528821e2fe0f5f7ee09702d8984f576461,896278,4427055.0,209.0,4.7e-05,2,2,372
2025-05-11 15:59:08,e1feb91ca950bd32ac34ecd1d5c290eace63204c47227548fec715e8a7cc6261,896278,330.0,151.0,0.457576,1,1,319
2025-05-11 15:59:08,1649b1e9a567d47f635a286afbc087bd4422ce689d59511db48bc9bf5a34cd60,896278,14476.0,154.0,0.010638,1,2,205
2025-05-11 15:59:08,d5d934dae62e90eadb544fbb0aa28b40ed993b0b13e1fd64420c04e9e661ea5d,896278,546.0,152.0,0.278388,1,1,324
2025-05-11 15:59:08,922765f717a2ea06168abd9b6a049a2c5596307c5d967bebdc5be952f64fe55d,896278,536367.0,154.0,0.000287,1,2,205
2025-05-11 15:59:08,cfbd676eb01c4e243c6b611d67cd8ca74a15e630d5b9c6d5343e34fa0642325d,896278,48283.0,100.0,0.002071,1,1,151
2025-05-11 15:59:08,ad832af2a71dad23400c7078a3af475fd45d633baf356ef932d93ba24049545c,896278,313354044.0,237.0,1e-06,1,5,318
2025-05-11 15:59:08,2541b8d90e5834c68ae60528df93e291793e4b9d932b9ea7f6a08c9c29db405c,896278,73769324.0,166.0,2e-06,1,2,247
2025-05-11 15:59:08,88064cb6b833be510ac538a0e1f04cb9f475a3d846630be4664d8c255bc72c5b,896278,546.0,140.0,0.25641,1,1,313
2025-05-11 15:59:08,a1a9a0b065dfa37dbb8fd1f792bb69fe081d2892ce777ccd64e0d2ee0a8f2b5a,896278,546.0,152.0,0.278388,1,1,324
2025-05-11 15:59:08,319c6fc192c70787067561edba1e902c0d9ee9556f9764bb66f075bb7147de75,896278,7085.0,154.0,0.021736,1,2,205
2025-05-11 15:59:08,cecf6d76033e681fd5f4d4bb56b8de7861f4077e16a46811a2f880edb980da59,896278,586.0,128.0,0.21843,1,2,209
2025-05-11 15:59:08,793e6a362b09c02b178785da2ad1262baea62ed8431e7f531a1c8e197f9df2ae,896278,714.0,128.0,0.179272,1,2,210
2025-05-11 15:59:08,76a51f89739a087c4cc29f395efc5d93c8f57beddf8b1402b4f28880c36fc19c,896278,842.0,128.0,0.152019,1,2,210
2025-05-11 15:59:08,a1d75e95545e5449fb64902dd8991936b9c5881346b001e2dc1bac6212aa8665,896278,970.0,128.0,0.131959,1,2,209
2025-05-11 15:59:08,c0fe5d8578cd8c84c31a6341209bf1b4424d5934ffe225c2303311f1974bd073,896278,1098.0,128.0,0.116576,1,2,209
2025-05-11 15:59:08,c7e89a8b94afe6729c77b2b19c070903fd45a194156c0fa0e95e2d48f35125f4,896278,1226.0,128.0,0.104405,1,2,210
2025-05-11 15:59:08,dbc873cc87c27d66d31c1dca8b20c319f480e6007aaea86cf0b92c9055714159,896278,714809.0,154.0,0.000215,1,2,205
2025-05-11 15:59:08,653607f4d71789a37c4daffdb88126697fbc79fcd0b6df310f7025ffcac95e58,896278,43433987.0,141.0,3e-06,1,2,223
2025-05-11 15:59:08,d8ed38c0a2d2a863a544fedd858153bece6d8767eb25565ae5461321f4ce4e57,896278,330.0,151.0,0.457576,1,1,319
2025-05-11 15:59:08,43f9424aad68049ede0a5e5c5541d405fc510dd0000bf0e1d0d84c1738250f56,896278,546.0,152.0,0.278388,1,1,324
2025-05-11 15:59:08,f7510dc4d319359f0f23a843ccb60a476ae03edc996328f54f992b325c5ef1b2,896278,587999.0,154.0,0.000262,1,2,205
2025-05-11 15:59:08,eda36ec1039f3c18bfaede183af246edf2b5c78bd2c250c3d97c7679220f0456,896278,546.0,152.0,0.278388,1,1,324
2025-05-11 15:59:08,ac87c29d3fbd208e42325574755c4e9f2afcdf3e6223dceb32ed52750bf4f355,896278,9947.0,99.0,0.009953,1,1,150
2025-05-11 15:59:08,82460b8c4890f51454ca171abb9e49e973e27fbf5893196f6e957679979c1355,896278,546.0,151.0,0.276557,1,1,322
2025-05-11 15:59:08,e786221fc7d85f91d5a430ea342bd150d1d49e2d4c5fec8b24098d633cf93952,896278,19780.0,100.0,0.005056,1,1,151
2025-05-11 15:59:08,0948d247cedef099d4b59fd862ad276dbcad0702825aff135d20b2c83437b551,896278,70953.0,142.0,0.002001,1,2,223
2025-05-11 15:59:08,d55961b08e0a07a0a65f734aa8d9086a886211f9b195ceaca5ac79b1724e1e51,896278,1359139.0,296.0,0.000218,1,7,377
2025-05-11 15:59:08,4c0140f71d0f6a90133f8e3f26410b878882402fb498c10d2015cc42f4fb5650,896278,189501.0,805.0,0.004248,1,4,451
2025-05-11 15:59:08,0d596d76921687df53fa8d97474df8ee0fee5aa6cf02bd6cde5a10cb80322e4f,896278,136359.0,111.0,0.000814,1,1,162
2025-05-11 15:59:08,723611a8bc4c582de9660f66d0b5c967f33fbe49e718244e5b5acad2bc30254f,896278,24901.0,99.0,0.003976,1,1,150
2025-05-11 15:59:08,76d59f61832c56fa55b2b2e6c74ac75bb24697b351c26d9f472fb26b04fa054f,896278,330.0,151.0,0.457576,1,1,319
2025-05-11 15:59:08,efae14040566e3b87ddd214c006df55298e8681e00ab3c5f532e82a181282f4e,896278,330.0,151.0,0.457576,1,1,319
2025-05-11 15:59:08,fea5610d8b0caf67e9a7c4ad7da2706814c3e01ef079c22bef3c032b72172e4e,896278,17108.0,110.0,0.00643,1,1,191
2025-05-11 15:59:08,9835e6d528a345d5b5ec0d5e90357a35fa19daf09e08328f0978b9fda2c3be4d,896278,546.0,154.0,0.282051,1,1,331
2025-05-11 15:59:08,ba733194ec8ee6ebeafe1dcd34563f7f873e2de8e6d9c82558a80a7fecd384c3,896278,200749.0,154.0,0.000767,1,2,205
2025-05-11 15:59:08,7813291f58ca74c607997d05470e0f1281579ac07516615c3c5ed74b3044a44d,896278,567567.0,145.0,0.000255,1,2,196
2025-05-11 15:59:08,aa55acb375c8bc7abda595ced7f5205861cde771d20af6a646cf3e89e569084d,896278,1389674.0,144.0,0.000104,1,2,226
2025-05-11 15:59:08,aa8071acc384c312ee9e9626a49e83030f49572c1cfd6a1046e680e57707034c,896278,1354.0,128.0,0.094535,1,2,209
2025-05-11 15:59:08,e6311555f89eea9222edec555f22e88766ea9a14615a8e07ca5882be249d26e5,896278,1482.0,128.0,0.08637,1,2,210
2025-05-11 15:59:08,a9d88ab7e4eff06d181e6e6840176eee44ac89c37066f15c3bafe67e69eba6d3,896278,1610.0,128.0,0.079503,1,2,210
2025-05-11 15:59:08,4f8c48ba82995d19e671ffd653b8ff2d31e382525c3a8589b14ffbf1e33bdccf,896278,1738.0,128.0,0.073648,1,2,209
2025-05-11 15:59:08,ce403e88ab99c7f4f903fb16a09a9555e73ef61ede5b60c4c134d9d3a2c677e4,896278,1866.0,128.0,0.068596,1,2,210
2025-05-11 15:59:08,edf4526f314a1ba58555d6ab7757200409066b5e228caca3bb84cd9c5e9be154,896278,1994.0,128.0,0.064193,1,2,209
2025-05-11 15:59:08,e1b93b008c21a04cd52612f1ebd7bcc7c6f24dac429aa7b8caf2d3771ed6274a,896278,2526739.0,141.0,5.6e-05,1,2,222
2025-05-11 15:59:08,ea8b826b09cea885418998c4301f15b99b22ce39247a394f8439734a202c0849,896278,1995.0,110.0,0.055138,1,1,192
2025-05-11 15:59:08,1854e190b527112472e68bdfeb1cb3b247b439812951be44ba9afbe23675c947,896278,14880.0,154.0,0.010349,1,2,205
2025-05-11 15:59:08,d318babe21a6cd3ad2d274efb97770f0b3a2e2f5fce2b1b137720edaa5b2e246,896278,63901.0,99.0,0.001549,1,1,150
2025-05-11 15:59:08,6d424631046fbc9b08a62e9c8894059522766182296988550de6f9e2a33a2b45,896278,277156.0,142.0,0.000512,1,2,193
2025-05-11 15:59:08,22681ab325a7289d4d1a6df8e49906414d4a14e91ee23f0328f723ac72f1fb44,896278,107840.0,110.0,0.00102,1,1,191
2025-05-11 15:59:08,9b09a09aae123d05de0709cd383e1b6e31a0fe8dba382b98968bcac30df2d844,896278,27417.0,235.0,0.008571,2,3,335
2025-05-11 15:59:08,b9477e93ced9a717dabb3fa329021813abc540abc33320b80bae89aba8179544,896278,407102.0,154.0,0.000378,1,2,205
2025-05-11 15:59:08,be806f6b14176c137aa8eeee591ba8f8d085ac4b9b3b1bc164a2e074c4a45944,896278,233588.0,212.0,0.000908,2,2,312
2025-05-11 15:59:08,d9550972aa44cbebdd6eb7da36d730a20498ea301cc2557a9e7233fdc2c3b142,896278,11492.0,618.0,0.053777,2,12,718
2025-05-11 15:59:08,bb950dfacae97f43870fa0dd885ecb7d7083d248f91d2c4067b979c41f073342,896278,16298.0,169.0,0.010369,2,1,269
2025-05-11 15:59:08,e0b037b85d63258f645017af82c2c26c29499d2a9f859f87a2fc1fb2cdabf041,896278,3976326.0,145.0,3.6e-05,1,2,196
2025-05-11 15:59:08,9add0d3d4725014c787e9942013ecbd045a5501a54551287a532c7068ed99c40,896278,330.0,151.0,0.457576,1,1,319
2025-05-11 15:59:08,e21d25f1ea30f410c887201654e1c2d1b78df2abdbf207b3bffb452aa3aa4c40,896278,19535.0,169.0,0.008651,2,1,269
2025-05-11 15:59:08,f2e3bccd797dd37d864b9246a4d0f0e044573db7afd9838346dbf34c1e1a4c40,896278,546.0,154.0,0.282051,1,1,331
2025-05-11 15:59:08,ae7e0969d58c50bf6d5f540e79b461e8d360c7c6f6023ed66ee8a110ca15436f,896278,1646.0,154.0,0.09356,1,2,205
2025-05-11 15:59:08,8d75cd574356ac033c994f173bba762bb96414a6aa9ac13a1c86f60148781f3e,896278,330.0,151.0,0.457576,1,1,319
2025-05-11 15:59:08,2d318c066491e8cf2d82c952fcb534a7ab73f030c46d6ce4b0ac601c7b29663d,896278,129887.0,113.0,0.00087,1,1,194
2025-05-11 15:59:08,02305b644760f2ffd0ef669d1d7a3ce42022ea0e9ad8855b13fe68fd1e72133d,896278,546.0,153.0,0.28022,1,1,330
2025-05-11 15:59:08,50e5172937e672c39016ceca57d3923994180df9f5a3eac0b92a5eff0fd0f1f0,896278,92645.0,154.0,0.001662,1,2,205
2025-05-11 15:59:08,e06fb804605a3d7a88248c1fe2beb22bf09b8216bd776b9af7ac41d778e7933c,896278,261475.0,169.0,0.000646,2,1,269
2025-05-12 03:41:07,9365fdc4805a9a3461637b346fdc0d01c407342b3cedc2af0e6cea24933789ef,896353,87872.0,219.0,0.002492,1,3,369
2025-05-12 03:41:07,0557dd112fbaad57afbd4ae011ff54dbc68a7c707231e412e89b4459f110a1d3,896353,88421.0,219.0,0.002477,1,3,369
2025-05-12 03:41:07,cef25fbe3094be535e0a201bbc0b31c1ec59b47a136351523b22c0c388f64d29,896353,88970.0,219.0,0.002462,1,3,369
2025-05-12 03:41:07,5d9d2749ba14dc417e399151336ef98880e8604696149b09a77be4c0c122a9d5,896353,89519.0,219.0,0.002446,1,3,369
2025-05-12 03:41:07,76e7fc17e6571aefa740d252eaff5f05f610ad96641f8654a7c193db8a9ac495,896353,90068.0,219.0,0.002431,1,3,369
2025-05-12 03:41:07,161fa3574ba8d664bb14204a9ebcb53e7ec6f953322f5220858441f71d58216d,896353,90617.0,219.0,0.002417,1,3,369
2025-05-12 03:41:07,0e4cb70f563a22d8533c6e3c6e96e7ea71257f8ba01b5e87471452f2ee82941a,896353,91166.0,219.0,0.002402,1,3,369
2025-05-12 03:41:07,d4016abd4f8c2a589507d059c3847b8a2f6e0016f8ea4080c6385907d42d74a7,896353,91715.0,219.0,0.002388,1,3,369
2025-05-12 03:41:07,b85d718be3b37443dab3417ba2059fa4e994353b8bd586f61d6b31d4071fa4a0,896353,92264.0,219.0,0.002374,1,3,369
2025-05-12 03:41:07,e0e4f445d6425bea5077d325654e3184ca3d3295709672fabaa9e5d0659c126e,896353,92813.0,219.0,0.00236,1,3,369
2025-05-12 03:41:07,ce6c22fe1062c512c97b70a8a1339b447f3536de5aaa2469872900914fd318dc,896353,93362.0,219.0,0.002346,1,3,369
2025-05-12 03:41:07,e312471102e8bacad01f297c10b93e2ba472005a7dcad2e5c508cf326e0a384e,896353,93911.0,219.0,0.002332,1,3,369
2025-05-12 03:41:07,830f94b090af1e61926a119c29c36a6d72612bf2333a6a7cc936cf4843cd7fa8,896353,94460.0,219.0,0.002318,1,3,369
2025-05-12 03:41:07,cb8f8e2fc1ab2fe025830a97c6aec38d87c91c8e4df9ce6fed69774b9eb9d878,896353,95009.0,219.0,0.002305,1,3,369
2025-05-12 03:41:07,3866b9143924a0a1a90fcfe70a0176e303d438f2e9bb156994fa7198badcf3f3,896353,95558.0,219.0,0.002292,1,3,369
2025-05-12 03:41:07,167238f3ada789470c2367f9af347402d15da806f4773a3354812e7b09086ede,896353,96107.0,219.0,0.002279,1,3,369
2025-05-12 03:41:07,373fbfe08e2d93d733a836de350f87a5589f6abb13aa5c23b0ce2992fb289328,896353,96656.0,219.0,0.002266,1,3,369
2025-05-12 03:41:07,e0ff2549a565b58bfc867700f50eb3800d71e653776b839dc2d468df25e2b8e7,896353,96875.0,125.0,0.00129,1,1,204
2025-05-12 03:41:07,177ce02d8ada3c3d32d93cdb8ac7cff1054fa1beecb34aa17d385d2cea59a154,896353,795238.0,122.0,0.000153,1,1,192
2025-05-12 03:41:07,2cb03bed689dfa2f73e3218e39fb794aa161e243b66f9a6ca0a06c499d22d998,896353,184952.0,155.0,0.000838,1,2,222
2025-05-12 03:41:07,5e43e7a39347840d07f68fa6bcabe73465adf11ca0c29f80d08d1c14c7f8f66f,896353,664749.0,121.0,0.000182,1,1,191
2025-05-12 03:41:07,a05306197a7c8e361bfdc6de8848429beea78d5f0ca9df2b2ff31a42fe1f0058,896353,19160.0,121.0,0.006315,1,1,191
2025-05-12 03:41:07,4e8a9fd27a4a8c904bb3bf705f5931020bbef2387eef35a149a42c5c430f0e62,896353,660.0,76266.0,115.554545,2,2,276794
2025-05-12 03:41:07,b1ee56d946f3519a59d46b3db78013c28da0b78c296eba8e9eac3fd70966a865,896353,35620916.0,3934.0,0.00011,1,107,3657
2025-05-12 03:41:07,382ea7ef346dbe200760b80075877aacda5dc095cccf1b09b68d44e67be33c14,896353,35621326.0,3524.0,9.9e-05,1,98,3284
2025-05-12 03:41:07,18dc13c0365a6d4e6a5a364a285925ee615f5ae818442490950ad8d23ebc2fdf,896353,35620270.0,3502.0,9.8e-05,1,96,3264
2025-05-12 03:41:07,3624704f57f9c134727fd0f23b4be62913caea09c93d527f43d6090af5ac866d,896353,35621481.0,3369.0,9.5e-05,1,94,3143
2025-05-12 03:41:07,dc6679cecc4d0ed27b227da81d7ed5fe65cd823f17bb1f20065e6e80d04b0502,896353,71245213.0,4487.0,6.3e-05,2,122,4240
2025-05-12 03:41:07,13f73decae174f1b55183360cb1d0a67cd3066ba85e8ade75c1b17a798bd2416,896353,546.0,183.0,0.335165,1,1,323
2025-05-12 03:41:07,e3b1ca4b24ea79fb510842c1c94c143fdabc3df066607d414118bc33fd734073,896353,9538.0,154.0,0.016146,1,2,205
2025-05-12 03:41:07,4f3a4bcedf7352cab6ef2a9db7161ab5c3438e59a29b65ac276e05c9a3c62286,896353,177841.0,862.0,0.004847,5,1,782
2025-05-12 03:41:07,37a3fc18e0f37d69a3ad8214f181361b52f07e5414cadf4858189c718fe9e5fc,896353,546.0,193.0,0.35348,1,2,226
2025-05-12 03:41:07,5be85aee5fa92ebbbfd423b6438ae0777c24fb1706d908afd8c94895d031b3fb,896353,546.0,193.0,0.35348,1,2,226
2025-05-12 03:41:07,813b346545116f7e662caa2bf53b96054fcec851e30e165a6a5850db7a4cebf6,896353,546.0,193.0,0.35348,1,2,226
2025-05-12 03:41:07,f7778a4956b530d500efec21dfb44d6983e42d608e06f79a8d5cb4f756d7f7f2,896353,546.0,193.0,0.35348,1,2,226
2025-05-12 03:41:07,9c24d7231c064238b61fb150085a57c35eb02f8fef513c4a10dcc4ee6160dbf2,896353,546.0,193.0,0.35348,1,2,226
2025-05-12 03:41:07,2cc5f657d419176ba74ad8fe64bb5c4ab27b1dd77f1608b145f79d42cd9e9de6,896353,546.0,193.0,0.35348,1,2,226
2025-05-12 03:41:07,ece2b112f2142d952182bebea75eb4146eadf8da880100d4b6d4bf6bcd85afe5,896353,546.0,193.0,0.35348,1,2,226
2025-05-12 03:41:07,9367776d6f311a5c54ba832ba978c96d345d4d27c209db90d78f5507a035cfe0,896353,546.0,193.0,0.35348,1,2,226
2025-05-12 03:41:07,6434eb2e626f5d6dc17200c00f6a415ce528666369cfd741f5a2907b6bbae6de,896353,546.0,193.0,0.35348,1,2,226
2025-05-12 03:41:07,de7fef96f38d54d68c8800b753a274ddeb081dbdc55a8c9779159f1db4d72bd6,896353,546.0,193.0,0.35348,1,2,226
2025-05-12 03:41:07,dfb1fbc0354cd1e68141f2f1ad93b2145f8bd6466fb49431206e654d55317fd2,896353,546.0,193.0,0.35348,1,2,226
2025-05-12 03:41:07,dde2517466f66a528d81dde56bdefd43c9089c10ded4dc7f9a537edd3e17bed1,896353,546.0,193.0,0.35348,1,2,226
2025-05-12 03:41:07,d709d2a2b5addc186519fb0f8e0b925cb586ceedc25cf5ff4a6ef0ca33e4abc6,896353,546.0,193.0,0.35348,1,2,226
2025-05-12 03:41:07,c70d4468909fe96c98039e6d422be0e14784f85d1a324529529aa9a29b076ac5,896353,546.0,193.0,0.35348,1,2,226
2025-05-12 03:41:07,30a267ab68ff9b8c86e8e6a661fd043772b4b0c60e762eadaa724c93a3e6f9c3,896353,546.0,193.0,0.35348,1,2,226
2025-05-12 03:41:07,91a56306f08bec009641919cf04e5ba381709a34f002691228506e51bb186ac1,896353,546.0,193.0,0.35348,1,2,226
2025-05-12 03:41:07,abeb91526ed7a2cd1bfe9fff9dd1d56f17ccef3511e2de0b50e5acc6f7b072be,896353,546.0,193.0,0.35348,1,2,226
2025-05-12 03:41:07,be3879a54110aa81ce2bbcbfd1c6d9d0709c722ba72d456c061569729f36d7bd,896353,546.0,193.0,0.35348,1,2,226
2025-05-12 03:41:07,ead12cb385d4426d941f752540bc3540339a4b9198d18858d9ccca6f8e9d7dba,896353,546.0,193.0,0.35348,1,2,226
2025-05-12 03:41:07,cd8293a1c0d3bd582bfd8af4b1e37d34c2f5ed488736a2cfae66b892e6a60fb4,896353,546.0,193.0,0.35348,1,2,226
2025-05-12 03:41:07,9567da1ec0d9ea711f1cd055c44a055506e45bf11b2c2d51ab23f3ffaaede1b3,896353,546.0,193.0,0.35348,1,2,226
2025-05-12 03:41:07,d0378a45eb4a44e9aaf4a7fa0aad7517ac9ff36f0834274e946bcc60452804b3,896353,546.0,193.0,0.35348,1,2,226
2025-05-12 03:41:07,43afc0dba7055b49d062820b0ef80571f05d3a7233e41b6bd87c1139358069b2,896353,546.0,193.0,0.35348,1,2,226
2025-05-12 03:41:07,83e6a7780b2dcab33c206a33377c889bd5ee81848062930b85624e6c748027ad,896353,546.0,193.0,0.35348,1,2,226
2025-05-12 03:41:07,ab25ab97dd1c382292c2457f862bb68ba45f08b234167291fe2496e94c7207ad,896353,546.0,193.0,0.35348,1,2,226
2025-05-12 03:41:07,f4365b03014c5f559940dce1f35572ed46c95257d4ffc0dc8b95c9613f3849ac,896353,546.0,193.0,0.35348,1,2,226
2025-05-12 03:41:07,347f2a408d0edd04391edffe56771926950b5e4cf5fb1a8f51a2a71f320ad5aa,896353,546.0,193.0,0.35348,1,2,226
2025-05-12 03:41:07,0dbe3438ff7d986d62c18d500d7923e9a0d1b4c1258385c9cb8fbdadfd0035a6,896353,546.0,193.0,0.35348,1,2,226
2025-05-12 03:41:07,d7c8b363431b22f191dfba6c76ded42a7c66229944fc1bca8ed8aa23d6a3f49e,896353,546.0,193.0,0.35348,1,2,226
2025-05-12 03:41:07,f4ce51c6f88b919918b3a063edb1997281d5ed82251363385688a1cfaab0529e,896353,546.0,193.0,0.35348,1,2,226
2025-05-12 03:41:07,bf19b570822b292db988e40942ceeb8c9154080f9460c661395a388b89326487,896353,546.0,193.0,0.35348,1,2,226
2025-05-12 03:41:07,99534b00b31f13254bd940301b0972b8bdfd26ed097dbfd9d256bcd4e3ae5a86,896353,546.0,193.0,0.35348,1,2,226
2025-05-12 03:41:07,d3c2638b2fcca6de5d2728173c85e551660cb9795310b526de47991bcf39ca85,896353,546.0,193.0,0.35348,1,2,226
2025-05-12 03:41:07,8eee448c0bcccd70b705b83348f9a7b29c9ad0df05cd63f698cca99c40847c7b,896353,546.0,193.0,0.35348,1,2,226
2025-05-12 03:41:07,796f6faae8165a4b708718a1e7b3050d6be56a29d5942bb260cd64b5eb635772,896353,546.0,193.0,0.35348,1,2,226
2025-05-12 03:41:07,89f7b1bc1f3d10763b028e750c49f138f9bbde770a3bea83715ac142c7513871,896353,546.0,193.0,0.35348,1,2,226
2025-05-12 03:41:07,f197095efa98c16d6ff74ec7ad1cfcc74ba64b5d99aa6eee5b7147ef50d70b6d,896353,546.0,193.0,0.35348,1,2,226
2025-05-12 03:41:07,5c50ab91ac2d3ee39c69161bf7dbbb6e0eb547a715a3de04b90cbef606b05e69,896353,546.0,193.0,0.35348,1,2,226
2025-05-12 03:41:07,5a2b871fef56cc2efe2691b0ea3a420bf4ae3d101e33e39f960792d33c3dab67,896353,546.0,193.0,0.35348,1,2,226
2025-05-12 03:41:07,ecd7be5a5f27365478dc4e47bfef9dfc4f8468cc9820d132f1e5e077bd286f63,896353,546.0,193.0,0.35348,1,2,226
2025-05-12 03:41:07,87e4037e2370251758bac1f46a6e451a61557f9c25336253b2176c5bd9a14b5d,896353,546.0,193.0,0.35348,1,2,226
2025-05-12 03:41:07,15a3486a3d3d020f13a8288556493ec6df8fdb06a48920a57c8b1982faf0c05b,896353,546.0,193.0,0.35348,1,2,226
2025-05-12 03:41:07,d0453b9433b2190a864081f1dfdffaeeb3ccc7872888992b66304d9ce222e453,896353,546.0,193.0,0.35348,1,2,226
2025-05-12 03:41:07,cd653a308739a2af24582dafc24963351aa4728308062fba4607c26506a94b53,896353,546.0,193.0,0.35348,1,2,226
2025-05-12 03:41:07,f6b5d96ae827dfd80fd4c19d221a90a3ba18322016fd03b6970a99c53e85e051,896353,546.0,193.0,0.35348,1,2,226
2025-05-12 03:41:07,92a754a5b644f29157d2e8313459cef1c52da4764909ebee91c43d8a80971150,896353,546.0,193.0,0.35348,1,2,226
2025-05-12 03:41:07,6ff871c8ed8fa5ccdefe44a04affb7deac18a4fb564da415b756c15de956374e,896353,546.0,193.0,0.35348,1,2,226
2025-05-12 03:41:07,d302ae5a374e809db23de5eb11b4804b4f71bd587c1b0c147fbed62afaa11f4c,896353,546.0,193.0,0.35348,1,2,226
2025-05-12 03:41:07,96f748bdfcc8476d3bfcbe601f2a93a59ff336b8dc4fa4e87acc32e1cc4ee448,896353,546.0,193.0,0.35348,1,2,226
2025-05-12 03:41:07,f0cbf0eee9aab2b1525ca56e776087294bb3d86a06262edcaa8ab5c2fd431746,896353,546.0,193.0,0.35348,1,2,226
2025-05-12 03:41:07,961bb8874249ebefc30b354669bda30cb652609a4f09c972a64daf1c959bb444,896353,546.0,193.0,0.35348,1,2,226
2025-05-12 03:41:07,bc0b75a479309fa2549a20b814216bc86aed6050b8bb2738a2dfae8ea71ee941,896353,546.0,193.0,0.35348,1,2,226
2025-05-12 03:41:07,756e884ddb7bfb5a0aa9e44852a70d0981d99af06f87d3d861e1aa52b67a7341,896353,546.0,193.0,0.35348,1,2,226
2025-05-12 03:41:07,b3d9b37b2d08633e7949326715789e23ac84d224ac8f346a7ddb74b503e0ea40,896353,546.0,193.0,0.35348,1,2,226
2025-05-12 03:41:07,0f8810f997df32dc287901872c53bef4c364170d5894265fbc2185a64b669b3b,896353,546.0,193.0,0.35348,1,2,226
2025-05-12 03:41:07,8a7245cec64a01f59751f0acb2ff27885b54a99aef2417a602b31fddc6145f3a,896353,546.0,193.0,0.35348,1,2,226
2025-05-12 03:41:07,f45a234b1d7bcc1b84a2327eec1caad0491936f0d823f5a4b9343601199d5c36,896353,546.0,193.0,0.35348,1,2,226
2025-05-12 03:41:07,b7eabab8c1ecb317b980ee6b64624f8aa14d8a18c56803a63eee46dfa0ffd834,896353,546.0,193.0,0.35348,1,2,226
2025-05-12 03:41:07,c5a0a4b77550a23e203d7d81fc4767dee1997e5a3d7ab0a591a741f1d2aa7533,896353,546.0,193.0,0.35348,1,2,226
2025-05-12 03:41:07,a893b2a9f5d2a3aa49248003a379a348f249ab1511be9e7c1a6685ad4ce6e132,896353,546.0,193.0,0.35348,1,2,226
2025-05-12 03:41:07,4dfdeb75654ac3ec53c70fdaf74ac67400b68ba635ed8dc9a6cb48e3b3e0f82e,896353,546.0,193.0,0.35348,1,2,226
2025-05-12 03:41:07,fd159584d80055fef9d96a6c6fd75f1cf8c5ff22e244adb89a12f43a17149729,896353,546.0,193.0,0.35348,1,2,226
2025-05-12 03:41:07,adfbfc3fc6782084670a2d0c7ff2be6ad7fd1cf53f870fe85093f91563102226,896353,546.0,193.0,0.35348,1,2,226
2025-05-12 03:41:07,c4f9e174b2c6f119ec44b7c58ebc5c6ca5b1e1ee169446d9a2cec08c270e9b25,896353,546.0,193.0,0.35348,1,2,226
2025-05-12 03:41:07,0171704f6aebb7915a045dc83baabcd37abae1c96591c5d94928766f4ed56f22,896353,546.0,193.0,0.35348,1,2,226
2025-05-12 03:41:07,0464e0a7175deeefbe5459c00240cbdd48086b4ac5657b53abdb00fd45e3221d,896353,546.0,193.0,0.35348,1,2,226
2025-05-12 03:41:07,d5bc65cde98b42e237277ebf798086419fa900cde99662396994af5fc013aa1b,896353,546.0,193.0,0.35348,1,2,226
2025-05-12 03:41:07,9a63d53e14aa2d8ac7b81f4a2eb0e0adb6559596c1e74393c74d1094c402e00a,896353,546.0,193.0,0.35348,1,2,226
2025-05-12 03:41:07,faefb28a751b00f8e6883b6103f9eda39fe95df9d51307356a36d4c82c310508,896353,546.0,193.0,0.35348,1,2,226
2025-05-14 19:23:31,60764bf66aaeb88ffc882d7f8b73df9d8ddb27c47963481d924f9f5fce3c5049,896711,48640.0,452.0,0.009293,1,1,194
2025-05-14 19:23:31,3c4c89439fd066eb13414a16020fa1c26cda915a7beea32bb944d8779feda448,896711,388733.0,724.0,0.001862,2,1,343
2025-05-14 19:23:31,2cae6b24b8672b727faca66b4a779dd45e0396feebd1109f37abdd12a2c59b48,896711,1968380.0,576.0,0.000293,1,2,226
2025-05-14 19:23:31,4ba73782a129e3d8f6f3262d5e4f7a0c4583d3adede67b805825d6ff8a8c8648,896711,3171373.0,612.0,0.000193,1,2,235
2025-05-14 19:23:31,37bb7f27909397bf98c60bed3c5a027617f15c47cbaba4c32d8444abf87e5448,896711,956383.0,688.0,0.000719,1,3,254
2025-05-14 19:23:31,06f6296538b344944350134ab701a654f1a69ad35afe60d8ca4b9e8bff406547,896711,188755.0,576.0,0.003052,1,2,225
2025-05-14 19:23:31,1b5d7653cf6403541ea69b1d45c3ba131e7a3aab7ee4c34471deb18234d53e46,896711,451065.0,1108.0,0.002456,3,2,520
2025-05-14 19:23:31,fd9d2bac7f3fcc47aa228460405076bc4d4de272c30a091789207bf824d8bd45,896711,107432.0,568.0,0.005287,1,2,224
2025-05-14 19:23:31,a2f1f0437344219b6482d7103f32fc6dd13e187ab026667f2a1bee41e2bcaf44,896711,189746.0,564.0,0.002972,1,2,223
2025-05-14 19:23:31,e22bc48640f38b620b98a7b13c14a1ff9cd7be38afb0485b8689c0d234646644,896711,52064.0,568.0,0.01091,1,2,193
2025-05-14 19:23:31,afa0338e9d3d0663da2ecd5c8fd7b62e1bcba2f003a9137f94e920629001f143,896711,181485.0,576.0,0.003174,1,2,225
2025-05-14 19:23:31,b14430517d8d2271783a51865a8c51d1f80bad46d70859ea10ace5faa4e03643,896711,483531.0,444.0,0.000918,1,1,193
2025-05-14 19:23:31,f3b6b1d8fff3a9587d5c84560b700353363859a1d4fed182aa8de17191edc342,896711,355084.0,660.0,0.001859,1,2,246
2025-05-14 19:23:31,1c653c7c428a308dcbb834dbe53b1c3a1a8b438706e4a8f628110c5e74019e42,896711,544918.0,440.0,0.000807,1,1,192
2025-05-14 19:23:31,6fa70f57d636a6c4261a955dc3cf3f926b33226ec501af599138065c39016442,896711,63254.0,564.0,0.008916,1,2,222
2025-05-14 19:23:31,40cd5b819c180dd7e285afd6e7fb5b8d5e34a19e62856b2d37aa669ba8a53742,896711,2007853.0,564.0,0.000281,1,2,223
2025-05-14 19:23:31,90b166dee295f21edfeb6bebe634a80c48039babc057e7732ead8d6c71931f42,896711,89999388.0,612.0,7e-06,1,2,235
2025-05-14 19:23:31,765ecfee01dde46748489fe871584acf3da8d29360acc579cb66c317c2cbc741,896711,299232.0,768.0,0.002567,1,1,192
2025-05-14 19:23:31,6aabd343a8ee15973da45bf00702556dd507d2c94d885f13bb4461743a1f8341,896711,16962.0,444.0,0.026176,1,1,193
2025-05-14 19:23:31,680139dcb2fafee2b057330134cb8e56a1c0662a736a45023ffec22004457441,896711,9181808.0,892.0,9.7e-05,1,2,223
2025-05-14 19:23:31,af525af99f31a0474143e34446c3c00bb2244b5d1bb05773cb32eefff9a27241,896711,4284362.0,768.0,0.000179,1,1,192
2025-05-14 19:23:31,585fed26089f883bd79e2b05b71b98dbf385b5454fdc3e26806bacb316da4340,896711,476248.0,440.0,0.000924,1,1,192
2025-05-14 19:23:31,8873ad294bf1a2ac6ac449e020a2ce3ee5e68693e82060cd8791648d24155e3f,896711,5214909.0,568.0,0.000109,1,2,223
2025-05-14 19:23:31,027b0ca306f8ee194f7884d2746d0ae7c55f6f7e2584ee9467087c6f0008143f,896711,78386.0,904.0,0.011533,1,2,226
2025-05-14 19:23:31,841f2fc6e3f366c795a53d67642599662db83219ee6cba62ca384e4681c90d3f,896711,113033.0,564.0,0.00499,1,2,223
2025-05-14 19:23:31,59c60ca0414ecddaa1a5f3aa1e0756b5c03a8b2cdfb3e56860819bf8e14cda3e,896711,12905164.0,1176.0,9.1e-05,2,2,674
2025-05-14 19:23:31,22a207509178e767c3759456a6caa462cb99210da7b906de24c89150cb1bc03e,896711,925134.0,452.0,0.000489,1,1,195
2025-05-14 19:23:31,a7f26b4da08919c6c125cbcd4993db42dcf8daae1f34bf6ba7a12429b5d3bc3e,896711,171477.0,452.0,0.002636,1,1,195
2025-05-14 19:23:31,80dcc5edd5d49e84477cb54a89754b599385b9c76a95d221cff372005f888b3e,896711,21326.0,576.0,0.027009,1,2,225
2025-05-14 19:23:31,bc24386c1001b5c89cc386ee0616b5d9fd55ee4b3abbe5d1bdc2b2ac4f3e213e,896711,2750965221.0,564.0,0.0,1,2,222
2025-05-14 19:23:31,8fb3f1ba36d7770a47f012e24e722bb59fcac6fb313f6fa5e607c5a42ce0f1ee,896711,2764463025.0,564.0,0.0,1,2,222
2025-05-14 19:23:31,a572d5d5a59a2bd4c9fc688d66cf1952baf0d5c557f0e8aff2a7655a7fe070f1,896711,2764633186.0,846.0,0.0,1,2,222
2025-05-14 19:23:31,13b848785915d2c46357ca433ee0c66203e1f8cbab450caeb2db82aa10b807d1,896711,2764643682.0,423.0,0.0,1,2,222
2025-05-14 19:23:31,44f263fc8989f11b85dbf49217292267961da78e938f1a6811a63adc4af73278,896711,2764653841.0,423.0,0.0,1,2,222
2025-05-14 19:23:31,815939205eeae1bfc88228f8a983aa9b29a512947cb386a497db4b2620c2113e,896711,444294.0,564.0,0.001269,1,2,223
2025-05-14 19:23:31,a28d388d9199337df30cf6ab025bded351c1b93493f80fd0f0c2a3d522ee6c3d,896711,38951637.0,568.0,1.5e-05,1,2,223
2025-05-14 19:23:31,2b1fc3a142ecd96c004e6181a0f92a95283b15be36659526e88f7d998915653d,896711,219474.0,568.0,0.002588,1,2,224
2025-05-14 19:23:31,fd059590fd5c730475aac5ace5694bf04f9e0b4af3bd29f8bea69c64eebcd43c,896711,25066.0,836.0,0.033352,2,2,371
2025-05-14 19:23:31,d98eeee72fd0e22f3f35a1f6bf1c9b79476cf95a07cb9a7810f717e0e392913c,896711,143325.0,452.0,0.003154,1,1,195
2025-05-14 19:23:31,7f5200e8a8b6581e696cff9676947f520a63fdbc7940a02a4682fb9224c83f3a,896711,1939426.0,440.0,0.000227,1,1,191
2025-05-14 19:23:31,080f970034aa5904fb01c6fa7e2031e40f8377091bfcdf2b736e2fae8635ba39,896711,331970.0,568.0,0.001711,1,2,223
2025-05-14 19:23:31,414fcbc7b92935ba2feb7b842b56e2131f02fcbfbf3b79ab46a17b9116b3b539,896711,266669.0,564.0,0.002115,1,2,223
2025-05-14 19:23:31,1d60e13d523e0359b5a076946e8eb5144602b2cd972a6762e990501353824739,896711,19318631.0,564.0,2.9e-05,1,2,223
2025-05-14 19:23:31,8e955af8cfbd98af6bc30e0823294037039749df1750cb8337671d36a6083f39,896711,369423.0,576.0,0.001559,1,2,225
2025-05-14 19:23:31,6184ed0d8c5abf9b047e91268a25f590cc8c9cec9bbe8f821ee13779fb23b738,896711,125069.0,768.0,0.006141,1,1,192
2025-05-14 19:23:31,65206ec4806ec3d5f53ec6aa159fd5326832ee273575c125edc4a100bc102038,896711,943011.0,576.0,0.000611,1,2,226
2025-05-14 19:23:31,d564e71ffb45222583f77f02a2b38411d92da70b9ee7902e5060cb7325d6d236,896711,1939834.0,568.0,0.000293,1,2,224
2025-05-14 19:23:31,4dbee15fe3f2476a0403b31d68a9a77f17b44c2b63def5438bf7eb9bb3b7c936,896711,631208.0,452.0,0.000716,1,1,195
2025-05-14 19:23:31,19e1e63d74f6dc73dc94c5ea6a1d110b68f3bae03b5102e7cdc0d1d8a77a3b36,896711,56985.0,724.0,0.012705,2,1,344
2025-05-14 19:23:31,9dbbde49e27edc650b412a1f3bb3aaaaf94defd59d76a5e9eb43b87fafc31936,896711,8653324.0,564.0,6.5e-05,1,2,223
2025-05-14 19:23:31,aee312aae96c37d622e61ba73e6d501e6308d5916e73c5e206561d22feea1135,896711,29297.0,564.0,0.019251,1,2,223
2025-05-14 19:23:31,e771cd49a80e3c04750560c0f1ed5d773e7d5d6e52b6417c02bff58bd1540b35,896711,284550.0,564.0,0.001982,1,2,222
2025-05-14 19:23:31,276a542f8d49837a0320ec88e18835401acf2e29c9b400b101aa1772597c0435,896711,1034823.0,452.0,0.000437,1,1,194
2025-05-14 19:23:31,8a6f5614a6d92410252efbd38d4804daa6b4f6be62ac89976bf2d7bbe281be34,896711,492033.0,444.0,0.000902,1,1,192
2025-05-14 19:23:31,1834d1bb6438b80c277f031788e4c391cd87746f07c8f40dc98d401e15f05034,896711,62051.0,564.0,0.009089,1,2,222
2025-05-14 19:23:31,3b5573ac3da568cbadc4cc3fde8ed47fa4ee4a1014867d76bff77e15252a3d34,896711,8060683.0,440.0,5.5e-05,1,1,191
2025-05-14 19:23:31,32afe6bc99a2a6cca4681845186224dede9ecc80345e92c4b06a3445c19f0f34,896711,9680424.0,576.0,6e-05,1,2,225
2025-05-14 19:23:31,f881e8a3279455a9ee1f8145604c0a83b7cbf47cb752b9a0eb4c36a5470cd233,896711,72092.0,452.0,0.00627,1,1,195
2025-05-14 19:23:31,5a86af2d52d2d49696d8dd74ed048004359d5792d0185ff2121a4a2fd05cb633,896711,970785.0,848.0,0.000874,2,2,375
2025-05-14 19:23:31,0e34dfedfd3e1adf594e4e2467cdba50c50f478909a8f3b214d980bf0a5f8533,896711,58837.0,1528.0,0.02597,5,1,787
2025-05-14 19:23:31,ef4320f3bd3d3b7e28479f25afaaceac301255c07ae5f2f32c03120f00864c33,896711,43547.0,568.0,0.013043,1,2,223
2025-05-14 19:23:31,8891173bd26bab28241183d136c3afad1502913e0e9c10492374853d98bd1833,896711,53778.0,452.0,0.008405,1,1,194
2025-05-14 19:23:31,59bce500a869b831c90376b37a17e6da4a915847d13cf0469d1c5c36d1510f33,896711,404251.0,712.0,0.001761,2,1,341
2025-05-14 19:23:31,50c1e145b7147de1863e5ba3995a2100ecc4192484b2f8d94f7529714e81e932,896711,151759.0,576.0,0.003795,1,2,226
2025-05-14 19:23:31,157dd621e6a17c6c64173d47ab2e4fa6ac53178f3d99fc3e761637559c2be532,896711,4226659.0,576.0,0.000136,1,2,225
2025-05-14 19:23:31,ca114605f43ea9e82c7f3f9896dd36dfa26912d261bb9a01d3f49e6c7d6cb232,896711,320350.0,564.0,0.001761,1,2,223
2025-05-14 19:23:31,dd34b800892e911979823aad118f1700756aa9652b5cb9690615b5cf0123fc31,896711,823131.0,440.0,0.000535,1,1,192
2025-05-14 19:23:31,05ad0f541c931917b1920056ccef3363ca32f660b55352f77e14e33d920ffb31,896711,268417.0,440.0,0.001639,1,1,191
2025-05-14 19:23:31,dfc1d2b0b57151a958f068392965b7709b0db3bc9a5f03d3a629ebb00208eb30,896711,61295.0,564.0,0.009201,1,2,222
2025-05-14 19:23:31,26431ca89259cf8a5656d381a8de75c4c6339b1330bbd312cce28e4f45dfa330,896711,276287.0,440.0,0.001593,1,1,191
2025-05-14 19:23:31,1369836191783d1f4d916026d65ef2041a66459c075beaf2349e7a0545e40b30,896711,104778.0,564.0,0.005383,1,2,222
2025-05-14 19:23:31,e16db937474146fc4234736a1a13d513dc63b5aa0161f611ff11376787f37c2f,896711,724615.0,576.0,0.000795,1,2,226
2025-05-14 19:23:31,1cdc18a41449e1b53c6cf8b274fe27dc1886c393a245706ff559832c54ed632f,896711,2601816.0,564.0,0.000217,1,2,222
2025-05-14 19:23:31,1a21b148d270bc0b1a768e240a86834dd7f547382047879da9220f8a36c8482f,896711,549775.0,660.0,0.0012,1,2,247
2025-05-14 19:23:31,07a5665d3d15cab9a8169b40f6882dd9228de80a053e44970e37600bf26da42e,896711,242730.0,848.0,0.003494,2,2,374
2025-05-14 19:23:31,ffaeafa83fd29d62891943ca5bd67c4006c1953b5e5cf624aaba258494415b2e,896711,3013684.0,440.0,0.000146,1,1,192
2025-05-14 19:23:31,ace57f158dec54e3274e616b65acb3bd154d4f5e18c58c93bf816c0b0833352e,896711,479963.0,440.0,0.000917,1,1,191
2025-05-14 19:23:31,4141ee11d6dfe96dd0afa40e490074e4ca0823d60b00c5aeaf171f23b0eeb92d,896711,111558.0,564.0,0.005056,1,2,223
2025-05-14 19:23:31,5aae162c176782ec18d6a5fc838867569f47ab23092d54a86f79a74907c1472d,896711,479172.0,564.0,0.001177,1,2,222
2025-05-14 19:23:31,3183dbb493dd6ab100eda7821131d9326c121aa795a0f16dd1d966167ee6102d,896711,1238062.0,840.0,0.000678,2,2,372
2025-05-14 19:23:31,d0c73e8f7771c4697d57b02f5047c14551d58462c41058edad18c3f4f660e02b,896711,40438.0,452.0,0.011178,1,1,195
2025-05-14 19:23:31,c8aea66fa8b4ef008bf264e34891734aa22060d00ef62779825869bcb101d92b,896711,68547.0,896.0,0.013071,1,2,224
2025-05-14 19:23:31,5eb80c5c8b834fd473a2b35280e84c4f0c246ef0b3c9749102fc505a8d49e928,896711,197335822.0,705.0,4e-06,1,2,222
2025-05-14 19:23:31,9a7b3dba3fcf31ff2a57f57f9afd29dfd2fa9cfa2f2e4b8866858eb56934fcd0,896711,197383744.0,423.0,2e-06,1,2,222
2025-05-14 19:23:31,52dc67c7318ced88e76e3eee9b04f04c15def4db28263e1a08bb8281a1ccde28,896711,46513.0,564.0,0.012126,1,2,222
2025-05-14 19:23:31,8f3662cc1995ed1d76d3c093eb51b22366cb90b260d921918367d5afb19e2428,896711,67018.0,564.0,0.008416,1,2,223
2025-05-14 19:23:31,b858ea2fc9c9e6e340055f3fc7590cb73b73d2a5d4827a07cbccab2bd0811c28,896711,22085283.0,564.0,2.6e-05,1,2,222
2025-05-14 19:23:31,6b345be4162eec7cca0d16a4892bc8ef263bfe6907b9eb56d54d9318e957ba27,896711,79625.0,564.0,0.007083,1,2,222
2025-05-14 19:23:31,9cbb2d39d7bd5a6888761fd9ba9ab763952c49828b0c3912f65e2dab89ee4c27,896711,37429.0,440.0,0.011756,1,1,192
2025-05-14 19:23:31,80db9f92fbbf6bbce61b02819aa7714e4c38408244ed1f382f1c6dee8c33e826,896711,133586.0,564.0,0.004222,1,2,223
2025-05-14 19:23:31,15541723ba38edaf643806aeceac902982aa1879a3f08399e8ec356494ef9a25,896711,57854.0,564.0,0.009749,1,2,223
2025-05-14 19:23:31,0f1dc48d7ce77609b15aa39f89ed0f1c62f7bf7bdba97c8e2bed2731e88abe24,896711,20353.0,452.0,0.022208,1,1,194
2025-05-14 19:23:31,cbe1bd0813706c2d1adf7da3a433c6c1939efffeb041b5ecd1e4869db8749524,896711,132303.0,724.0,0.005472,2,1,343
2025-05-14 19:23:31,4ccf171bf01c6c0fb483a92ff82911e4c97ce76c54c7bac7ff8cc218804c8c24,896711,1785973.0,576.0,0.000323,1,2,225
2025-05-14 19:23:31,5250cdc65aa1efe3dfe9c3a72375669467edd5f6767eadb9974688a03fc05224,896711,28875.0,564.0,0.019532,1,2,222
2025-05-14 19:23:31,5e8418a8df78d539ec6a0a3ebe1756c783832e449042136a7dc42708087d3e24,896711,23560.0,440.0,0.018676,1,1,192
2025-05-14 19:23:31,c85f69fc2a40cacfd5c0619695fceda4f1d82d413b38a5d6b20d2fbdf7892224,896711,6958557.0,576.0,8.3e-05,1,2,226
2025-05-14 19:23:31,fb47c615fbb8fa59c904aeb26d6b35a8179a44dd1816cdb55f59cdba65e36123,896711,146154.0,452.0,0.003093,1,1,194
2025-05-14 19:23:31,34d54fd65e997ac6cf06671484ae6d767fa59af2a564f06e35436e32f1be5822,896711,141776.0,848.0,0.005981,2,2,374
2025-05-14 19:23:31,66bb9b16e1c4390228f39f0bcf53485baaee693175a0ccda6485453dcf9a3522,896711,513065.0,444.0,0.000865,1,1,192
2025-05-13 04:15:14,533c04f4dc97270bbba3bd0d3f56dd47e5d01245ba9963d5626413490b49aefa,896496,49073.0,171.0,0.003485,1,2,205
2025-05-13 04:15:14,e1f692bd1469802da19ca3be6c81da9dcfdfde4feaa7039f5d299b29fd7733ea,896496,49244.0,171.0,0.003473,1,2,205
2025-05-13 04:15:14,72914844c03b52d70b888bf00739d05e7c93c227f8dc352d9b680d1e18e24754,896496,49415.0,171.0,0.00346,1,2,205
2025-05-13 04:15:14,f503506716b8375f063b5a702ab78c9eb7a87324a3f312efacfd11b8f76fb307,896496,49586.0,170.0,0.003428,1,2,205
2025-05-13 04:15:14,7f9cac8803427f0fedd2b9fec9d83616a87276cc19db149f24eb2ab9add23d37,896496,7658654.0,342.0,4.5e-05,2,5,470
2025-05-13 04:15:14,39141405a7d916930e85a436a5f3e307c16a092296d824aaf041dc321d6803dd,896496,330.0,169.0,0.512121,1,2,220
2025-05-13 04:15:14,f53b969e3735809d0f5cfed763d77ab8c5369c33412aa90982518208245bce49,896496,33680.0,142.0,0.004216,1,2,193
2025-05-13 04:15:14,b34d4dbe3aadb97919516402a166e95676573b739f6082bdc5647d76d74ae3b6,896496,330.0,169.0,0.512121,1,2,220
2025-05-13 04:15:14,2efec06be6b5a8833e4ef91520e9d9464e774d8782df6fbcd53a6433be6c8142,896496,14193.0,142.0,0.010005,1,2,193
2025-05-13 04:15:14,f28a2d86772c424ed4d8d28ea1ca3290abf1b3790098e2a0fc8d3dd8814437a6,896496,330.0,169.0,0.512121,1,2,219
2025-05-13 04:15:14,477ae9e39b407aefec0be90324ccb7abfee2b4dfa84920199e006be7452d5d0b,896496,16423.0,142.0,0.008646,1,2,193
2025-05-13 04:15:14,e9e5904a8922879c7164dcde8810eec92f9e87ad17fa363cb432592b8e4beade,896496,64315.0,408.0,0.006344,3,5,579
2025-05-13 04:15:14,25f0bf81889fe654637a85fc5aa77b9cd89b610c026c227a883a78a0dc196ee6,896496,330.0,157.0,0.475758,1,2,207
2025-05-13 04:15:14,8de3c996224154cfee29a051222d9fad3943a346723f2ab4438084aa69ab7824,896496,27584.0,141.0,0.005112,1,2,223
2025-05-13 04:15:14,e0d75f8b8425ec2ab77e702502c1e844b31e9d87c194343f5b46ad15e13a14e0,896496,156120.0,221.0,0.001416,1,3,248
2025-05-13 04:15:14,da21b6ce490a6d3037d9679982482be817076c4cce60e0c06c535746ee3d93c4,896496,317279.0,221.0,0.000697,1,3,248
2025-05-13 04:15:14,058ce42512787e3a685bd83f33d5124f25f2931e38fdaf09b56461686356e7a4,896496,317279.0,221.0,0.000697,1,3,248
2025-05-13 04:15:14,3d5c71d4a580069ec9df0a742d2d4c59830562661216dcd81f386295223100a3,896496,671879.0,221.0,0.000329,1,3,248
2025-05-13 04:15:14,6728163fe5a96f367cacd4546f33b1c76b966e42471337c2c36e5f5885a68093,896496,317279.0,221.0,0.000697,1,3,248
2025-05-13 04:15:14,cc3df2f33d0f7af6ca8aab6fcb2278b15181535a3708c58f437c18836d0ecc8e,896496,2851.0,221.0,0.077517,1,3,248
2025-05-13 04:15:14,65849771821fec2a2cb55085f97fbf5252e3e777f667657ca50c1e7550eaee7d,896496,72824.0,221.0,0.003035,1,3,248
2025-05-13 04:15:14,4edd7bd80041da3c125318454190e0556dea47013cc955eacd021b7cb88e697c,896496,1183628.0,221.0,0.000187,1,3,248
2025-05-13 04:15:14,d262398269b69d5be81e413dd77b917d65c5bc432d7f69d591c1023ed4a1db60,896496,316644.0,221.0,0.000698,1,3,248
2025-05-13 04:15:14,011aabed3506f327360441ee1fc3e6f4c02c751998de0d958d95f07aca8ea359,896496,157733.0,221.0,0.001401,1,3,248
2025-05-13 04:15:14,5dc303c09794f0c98d7687a0929d20ae953d351ce4abc66628ca1299e535e230,896496,157583.0,221.0,0.001402,1,3,248
2025-05-13 04:15:14,bb754379620398d450a4d289b9512609722727cc0c05ef7fcd78745455397a07,896496,2179.0,221.0,0.101423,1,3,248
2025-05-13 04:15:14,219453df5723dcf4366430f8df59d7fb458ed1393848e92e997b647d1563273c,896496,44238.0,222.0,0.005018,1,1,192
2025-05-13 04:15:14,b1c668307b18504ca668eaf14bfef0aac8e674033be5d31b3ff3f81ced034fd2,896496,178272469.0,3704.0,2.1e-05,1,102,3445
2025-05-13 04:15:14,e8eb1830fe1735e26c3b450c4a3432496c3c71e3b19a2e770d873808f89a99e6,896496,38643.0,352.0,0.009109,2,5,443
2025-05-13 04:15:14,5feb75ef5e4a37f668b1b315e9dc5549c5f3151fc05e080d4a3cbceed2b1399c,896496,71851.0,352.0,0.004899,2,5,443
2025-05-13 04:15:14,62c86254127a8a63e58a50426be7628a0d007b3aa8ad7b89042e4b323bc10cda,896496,105059.0,352.0,0.00335,2,5,443
2025-05-13 04:15:14,2a4035409222a2a02cbf8bfc3673a0ca41129a644bf364cb5dc35040a089974d,896496,37976.0,290.0,0.007636,2,3,356
2025-05-13 04:15:14,b312df804a1e51203bedabecfd88cc5725c15bfd30ed34d50186f87cab13c585,896496,1267.0,201.0,0.158642,2,1,257
2025-05-13 04:15:14,a488ac8ce221330f9d691ea969779771e87287883a3cc5d78a65a05387492ab9,896496,922.0,170.0,0.184382,2,1,269
2025-05-13 04:15:14,872aa8a0f25d7480fc6e2981c6559e0c32229efd02f37ad9a007bbbb36012c3a,896496,7694540.0,340.0,4.4e-05,2,5,430
2025-05-13 04:15:14,9e2277d3d4d7b18ee80315c06bc995f00accd0b6fa1ef40e2284f45fcfbdaacb,896496,1250114.0,359.0,0.000287,3,3,463
2025-05-13 04:15:14,001f31b96c6e7ef52cdf878cc2cb71d6385dc2346a2304b270533003d97802de,896496,161428.0,326.0,0.002019,2,5,416
2025-05-13 04:15:14,c089f7a1a5139cb0307c61920bab7dbbf6e22478e00e11e7844a0c98556aa87c,896496,51179.0,221.0,0.004318,1,1,192
2025-05-13 04:15:14,2a3f1086df0f20094b7d7f69769d1bac4c1ff8a93490c85415788385de55cec2,896496,46975312.0,163.0,3e-06,1,2,223
2025-05-13 04:15:14,27692c6e3671efe98cff63cd3e8aee0927f2673ad985b9d7e614226a0423dd5c,896496,46680426.0,163.0,3e-06,1,2,222
2025-05-13 04:15:14,c55f00b97f8ad91b9b870e68880613d69a4197eee5408b1deef33f1bb4404de7,896496,2243.0,317.0,0.141329,4,1,471
2025-05-13 04:15:14,9acd6a4c0b58474fb02e66dc715f5e187d43501d14a56755c6e35d95ce74c642,896496,1867.0,317.0,0.169791,4,1,471
2025-05-13 04:15:14,f29d092a9e1c5354fa9ea111d2633d6229f1421b30b2f89fef1495f671f3cbda,896496,779.0,143.0,0.183569,1,1,150
2025-05-13 04:15:14,2c924d994f88f4a696f79286a14cccd93a0bb61956d7ecb8bf93ee2d5afeaff6,896496,922.0,170.0,0.184382,2,1,269
2025-05-13 04:15:14,f8f8378946bafe2323ff26b68c67831280307bb5b7c96fd77bceaaec7438ba8e,896496,895447978.0,326.0,0.0,3,2,520
2025-05-13 04:15:14,42543155307f2cd1d51c8ea546df9945361994d66fe46c1450f533b7fd4c94d2,896496,4000030257.0,170.0,0.0,1,2,223
2025-05-13 04:15:14,eb0c8e04fd040a6af6f8b49d439e425eb1ca26733fc6caf4b62937c2b80f61be,896496,731101.0,170.0,0.000233,1,2,224
2025-05-13 04:15:14,2c72c72cede8b40cb3301b05896b18661e56f69e3be945a69d3063b35728c474,896496,2457146.0,170.0,6.9e-05,1,2,224
2025-05-13 04:15:14,8bf0d70cd3aab43c91d9edf7a03776318cb305d1d24e4efac5745ea3c2119069,896496,136287458.0,170.0,1e-06,1,2,224
2025-05-13 04:15:14,88dc0b7eb6d2fbb94c8fa8a75ad011a8c51b7f69663895e1489c8ab690da3469,896496,245916.0,170.0,0.000691,1,2,224
2025-05-13 04:15:14,aefdece361b8ae8a3da18e2942703fca5ebb9f226e03adf13ed8f4ab7bb8eb63,896496,33142507.0,170.0,5e-06,1,2,224
2025-05-13 04:15:14,8477d21aa61e5da58f6bd14b7922f4c779bb6c956a4d99c00acae7d95241bf36,896496,240392.0,170.0,0.000707,1,2,223
2025-05-13 04:15:14,c6abef30f2247c5637b418019517e02bca371a8f4e2b095e183cbf4d80f1b686,896496,28792887.0,206.0,7e-06,1,3,253
2025-05-13 04:15:14,e942a0361b5916f4f7604ae31a3aa4e014277627f7232f010ed658ed681b1575,896496,164276.0,254.0,0.001546,2,2,375
2025-05-13 04:15:14,cf0b5489862627d69799ffbdc6d699dd8912b493d622a7eaabb38018f4f2caf9,896496,6555.0,133.0,0.02029,1,1,193
2025-05-13 04:15:14,8dbe54435f291cb8349a835303dc579c5d0da64c923d4aa90006304923134a91,896496,60862.0,332.0,0.005455,3,2,520
2025-05-13 04:15:14,8decd97e1b3c09fe0efab547ecbcebf7af66a8bfe5da54ca7410bba874aca1d3,896496,118503926.0,169.0,1e-06,1,2,223
2025-05-13 04:15:14,37d51976d3b19d91c6f77de98c2d89bdad0922ce1b2b71b36f059ef43f411db6,896496,2573456.0,169.0,6.6e-05,1,2,222
2025-05-13 04:15:14,bdd6077ba8640bc5603296333746879e3f7796d6da0a9deaef33299f82cbf69c,896496,97531.0,169.0,0.001733,1,2,222
2025-05-13 04:15:14,0c310c59b414564ec861095ec40dec465209346660cc596200e25ee1c2698d9a,896496,5769410.0,169.0,2.9e-05,1,2,223
2025-05-13 04:15:14,cac7aba58ed67785259bef204d5070d92e41adb94c991fbf4fcb88e56721ab8b,896496,57013720.0,169.0,3e-06,1,2,223
2025-05-13 04:15:14,09c5b7e840899a38813028986fe7a949bf8b1625250207d61920b67ccd2c107f,896496,157110498.0,169.0,1e-06,1,2,222
2025-05-13 04:15:14,3e47a8713105a9dcd103423e54e6a935b9310d11c00d5c8e662b459ec600de69,896496,25911518.0,169.0,7e-06,1,2,222
2025-05-13 04:15:14,3421a71c5c7201c9e393a3f0e67ff42c74bec5d0e8ba100d3bcfa2d274385368,896496,9581145.0,169.0,1.8e-05,1,2,223
2025-05-13 04:15:14,bc0d8b99337ac8b0c254e7618fae807e0084e4a9919a12935446984cfca7c661,896496,3306747.0,169.0,5.1e-05,1,2,222
2025-05-13 04:15:14,dd77932881a7c408281cc5d1889b2ab585074a92f5bc42c0ad51b52cd350ac4a,896496,163711.0,169.0,0.001032,1,2,223
2025-05-13 04:15:14,e8ff932dee68c229754c4fdf4bca190f6a27373ef60bb23f074069975cb1bb2b,896496,82562323.0,169.0,2e-06,1,2,223
2025-05-13 04:15:14,a12aef4ce2320cb0a5fe3a045c97caf316eae7687b13fd4d9b9cd8d5d8e01827,896496,522299.0,169.0,0.000324,1,2,222
2025-05-13 04:15:14,45f78780e159314063e023e75221d681a0b3de8463a60395eb0528b9ef4b881f,896496,5555265.0,169.0,3e-05,1,2,223
2025-05-13 04:15:14,8242eff1ad48cb36fb3a8d9ef1d71f3cdc930dbebba77a03334004dcabe3ea13,896496,5356489.0,169.0,3.2e-05,1,2,223
2025-05-13 04:15:14,b4d602ab62de3a38e2df5411f5db2e7e6743a1774434afd095cfb07eb8f21b06,896496,109459686.0,169.0,2e-06,1,2,223
2025-05-13 04:15:14,2624ba9cd7761acf3955a6faca760f59a2cd17b38fac4512e804c44dbfe32e05,896496,12134783.0,169.0,1.4e-05,1,2,222
2025-05-13 04:15:14,1eb608c17279bb47334e82b61b4d9663c78450eb7848ad18e6f939a9239e5e8c,896496,141601.0,374.0,0.002641,2,5,413
2025-05-13 04:15:14,3820a1a270b67f2522f977827ccd4db6c7f47f91f2105007fe5e7ed372cf7e24,896496,11020980.0,211.0,1.9e-05,1,3,257
2025-05-13 04:15:14,25e2b36a1d4697bb431eff957522f5ed84b0f5078010fb7e9e530c07850e0b6e,896496,101000.0,240.0,0.002376,2,2,300
2025-05-13 04:15:14,634e51dc020b977848bb645e4428f40c112fc7bb18ee67c197ea8eaa17ff5906,896496,3982000.0,254.0,6.4e-05,2,2,313
2025-05-13 04:15:14,534e9227f85ca6109dc1ae43af63742c559a9408850365bbe41441bdeb9bd872,896496,4974616.0,235.0,4.7e-05,1,3,278
2025-05-13 04:15:14,a2d8b9870e518dea958e850a3118a6ba1b67a2aa00267d416b02559b65db0d2e,896496,3771.0,240.0,0.063644,2,2,300
2025-05-13 04:15:14,5d22a90f60b221450475354c74f3a9ae05b1daa2335ea47af4675241d4270d58,896496,323643.0,254.0,0.000785,2,2,313
2025-05-13 04:15:14,26adc348c6e7ba782bf25c1b09ad80182ed7148723fc50369db03b38de6f64a7,896496,1126.0,240.0,0.213144,2,2,300
2025-05-13 04:15:14,1ef2f0f680a797daef51368ec6639ec8bfc0fa98a2cc3a1b8cf777a99298d979,896496,28493.0,241.0,0.008458,2,2,302
2025-05-13 04:15:14,67cb41ff1d4d396408b17c5541fef7d95bad13c076a5e9211b4b7683b5eb81b1,896496,47519.0,235.0,0.004945,1,3,278
2025-05-13 04:15:14,1ed4e942c554554e320739fdeb13b613e46a1889752f37d379eae8cf7c0ebaf1,896496,2271.0,240.0,0.10568,2,2,300
2025-05-13 04:15:14,5cdad8f3c76e68cad7894851d603cb744a6fc954cfeb709c9cfcff1c08f92e4d,896496,69747.0,241.0,0.003455,2,2,302
2025-05-13 04:15:14,24a1b2aabcbaf0c2bc984382be8c6d1f3ed268ccf770071bab7e986ea8f32eef,896496,1672.0,361.0,0.215909,3,3,450
2025-05-13 04:15:14,1eda23239246764ccb7883decd654b9c03b12bd2efbaecbccbb7442122b5d595,896496,3082.0,254.0,0.082414,2,2,313
2025-05-13 04:15:14,2dce40d90ba07e13bfab5eefc23daf509938f6699cc35b1b63b071a182c8f612,896496,2983.0,241.0,0.080791,2,2,302
2025-05-13 04:15:14,71b3e2f12f5fa5cf4e4521aab320bb1a8d064edf2b10f28c3790848199bf8941,896496,26324.0,286.0,0.010865,1,4,321
2025-05-13 04:15:14,99f5dc83b1a0cb3c94587c29534de82bfa82b254ea21f56a4f829b9ceea996e8,896496,32175.0,240.0,0.007459,2,2,300
2025-05-13 04:15:14,28ce3395676eeb837d29ea82ce25944ea244cf083bd707cdc21ae953b24af9e4,896496,25324.0,132.0,0.005212,1,1,191
2025-05-13 04:15:14,e562c13cac27e6feabae037809b0465de1763a7f32543e3be9e6d329e3a333e4,896496,728870.0,252.0,0.000346,2,2,372
2025-05-13 04:15:14,6a40b68ecc19a6b7a354100b509f6cfcb652c282606243661f7a8b93554c25e1,896496,269425.0,132.0,0.00049,1,1,191
2025-05-13 04:15:14,68b7adb222e326e0ac1c9fcb64fd1178d170e5e767ed1eaf8570976c0f8e11d3,896496,111160.0,132.0,0.001187,1,1,191
2025-05-13 04:15:14,1e5c337b1e779e753914b689ea763a935e9a3f376e7d18ccd02010041dd7b5b4,896496,143899.0,132.0,0.000917,1,1,191
2025-05-13 04:15:14,c6b02d776c7cb8d4c569bc09847eb1812628b29215aae7c202d479820de2c6b3,896496,45083.0,132.0,0.002928,1,1,191
2025-05-13 04:15:14,2e13c7d4713bd1bff4f1dd9f4a5692012a9b827fdc04cc5a5b606e0c7ab6dca7,896496,122801.0,132.0,0.001075,1,1,191
2025-05-13 04:15:14,d24d9a217fd077af23b47e2eeb0aa67d5aa921104e31b19198955338a725b398,896496,95872.0,264.0,0.002754,1,3,301
2025-05-13 04:15:14,09bf529029ed63a0f2d323477d9c61706ba06324ead73ce76250a7a543fc4a93,896496,7305.0,240.0,0.032854,2,2,300
2025-05-13 04:15:14,a9b9e4082a0b37ef25b5794767fe35290beda440d16bac82c09d7ac6c340098e,896496,267529.0,132.0,0.000493,1,1,191
2025-05-13 04:15:14,8ce6a6e35e54da5877310fad06e382535d37ed6d6205a98b8af4cd0129626a82,896496,187516.0,132.0,0.000704,1,1,191
2025-05-14 17:04:35,738f2bd31f69e73bd4a5fd438571fc2ab6a6c19d19f547402fd89851a8b57e27,896698,186562.0,438.0,0.002348,1,1,191
2025-05-14 17:04:35,943328810524c83378c1f5c277b1a549c352d346b4b59f9382881618fcee721c,896698,19577.0,438.0,0.022373,1,1,191
2025-05-14 17:04:35,a88828c268db3872ed89466250956557495645eec6f96745e4cb31a16386305d,896698,47912.0,442.0,0.009225,1,1,193
2025-05-14 17:04:35,1261b92a676ce36231c503990072e45b3add88ac56c77e632d9835d6a4058086,896698,578681.0,665.0,0.001149,1,2,248
2025-05-14 17:04:35,907d4d0f9d78ef7d4d9d4eb89246bf3e5eb3b4f95df91447d9d894a01c7786f0,896698,96771.0,450.0,0.00465,1,1,195
2025-05-14 17:04:35,fdf24906b29b1677be67b3bce1085d1c8ba4ca4c94b036c9de81f11e36ded961,896698,15803.0,450.0,0.028476,1,1,195
2025-05-14 17:04:35,7496e9da96a53361cf25a4103647944471dec54fb4127fc4f362ae3d856c3734,896698,57628.0,450.0,0.007809,1,1,195
2025-05-14 17:04:35,044f4c06755ff8558df5a011dd8938a9b7b317d05ea75f1f634edcb854a94da0,896698,509386.0,486.0,0.000954,1,1,203
2025-05-14 17:04:35,1aca23f8bf62ffa0a30d32480cf7930b119ae94d7b72aec4119baa1cbc899a14,896698,132503.0,486.0,0.003668,1,1,203
2025-05-14 17:04:35,f15ab6f94901c41c0030ff321f8f8103fa5c6a31f5ddcaf23d9da60a4d37cabe,896698,25648425.0,1646.0,6.4e-05,5,2,818
2025-05-14 17:04:35,243cb3cfdce5eab289a2514ee8ba4686d3734a376bebd8843d58a0cfe91bfafa,896698,2772567.0,562.0,0.000203,1,2,223
2025-05-14 17:04:35,a2c2a95e56fe9e203a45420c7f421eb460499336209d9df14fd7144d755765a9,896698,16667.0,562.0,0.033719,1,2,223
2025-05-14 17:04:35,8377123ae3f42e54be71a8576dffd63a74e8d321e826d368f767a728c8391f26,896698,52925.0,562.0,0.010619,1,2,222
2025-05-14 17:04:35,3fab2a873a6b59d12a3ad8b3d420f911cd6e2b299f3f415a5f9532e1df1aa6cc,896698,65999434.0,566.0,9e-06,1,2,223
2025-05-14 17:04:35,74d75e94e227f8f84dc81b71015aed8aade3acc2320149d455840c5f461f4999,896698,550469.0,566.0,0.001028,1,2,223
2025-05-14 17:04:35,44985685f12cabd1c3714f656f71e1b3e8333d3874abaaa842ed6c54f3920293,896698,24018.0,566.0,0.023566,1,2,223
2025-05-14 17:04:35,7283aefb99382749bb6941beacadfa37a69487e6ab6facde147ca8bf70b29b6e,896698,1006434.0,566.0,0.000562,1,2,224
2025-05-14 17:04:35,55f2909b708fb8c947c70d33d9260f0f6baf3f117f0348e7a9608fe6ced7896c,896698,979992.0,566.0,0.000578,1,2,224
2025-05-14 17:04:35,bce62771a78b2154cbc23f8c0a868058b1d5d8e2b13dccdaffd791b636a4db59,896698,2181940.0,566.0,0.000259,1,2,224
2025-05-14 17:04:35,453123e0530e67dd5c22b3533796bc33c8b12d6576ac423432cc19aa2aab4e36,896698,8101056.0,566.0,7e-05,1,2,224
2025-05-14 17:04:35,dd5d9655b85f843f62f97070f4c4bfb0fce128054320176d87ae2593eb98491a,896698,17507001.0,566.0,3.2e-05,1,2,223
2025-05-14 17:04:35,fe0fbe898430f7bcf1884ef1632d7dad641408c0c2cada01e502f848ef2cb9dd,896698,41531.0,574.0,0.013821,1,2,226
2025-05-14 17:04:35,c7a17eafc28734db9e4e10c2a41474d49ea989a2f62d3dde467bb766f8efb3dc,896698,1631309.0,574.0,0.000352,1,2,226
2025-05-14 17:04:35,b8bc3ac196bce4689e0ec4253e3d4a2c9fa70d1a64fc751913bb0ede46676c90,896698,68841.0,848.0,0.012318,2,2,373
2025-05-14 17:04:35,3fe1bcd0eea00b5be14af32cfc29810bb07ff61fe4bf8da4261922d0a24bca16,896698,67536.0,432.0,0.006397,1,1,191
2025-05-14 17:04:35,0d6dd93e276843691798d16755c1a31d34a48933538ab46338a19e22e6b6f8d2,896698,11815830.0,670.0,5.7e-05,1,2,249
2025-05-14 17:04:35,3bf4ff20ade3de60a9101954c50923f77b327503cce45a8b8bd457294765fc9d,896698,17226988.0,670.0,3.9e-05,1,2,249
2025-05-14 17:04:35,7dc3a3bee81d3d80bf1a0c8d769c1441038b9905defb77b0bb7da7a21ff93f45,896698,37566.0,1472.0,0.039184,2,2,369
2025-05-14 17:04:35,c3859a28c310fba7d2151ecdeae4f391a68c35be6d3995d1252ba699a8da64e1,896698,364085.0,790.0,0.00217,1,3,279
2025-05-14 17:04:35,d4ac2a62b77b6d27ac9dfa4e09913b27563110fa0868c0228c388bf0f5229a39,896698,128028.0,810.0,0.006327,2,2,303
2025-05-14 17:04:35,0df2ce73571ee75ccd9f7f9ed71e61559d4ce48fd90bee52b5afdee1a471ce91,896698,24466.0,830.0,0.033925,2,2,370
2025-05-14 17:04:35,b961b940041121ae0bbbec9233fc27cf69c700f95b10410f45de17dece27763b,896698,498373.0,487.0,0.000977,1,1,204
2025-05-14 17:04:35,1ca8f69d0e54db4e8ea69bbd08ff7e265ead24d8abe9fe7e43e2e76a653eb637,896698,322306153.0,2510.0,8e-06,4,9,827
2025-05-14 17:04:35,2f6010ce02d8d277b4857adb3b86d732abb3847775a2f9e9fb323fef487256ff,896698,610046.0,836.0,0.00137,2,2,371
2025-05-14 17:04:35,10c0d2da7ec17e66c0592627b492147c2ea7a6a72c8f41681f5d233fc722a6fe,896698,130292.0,840.0,0.006447,2,2,372
2025-05-14 17:04:35,74c59089d3559c3714359353c966ff5d6caa7fd9fc313f2313c54506dd9629fd,896698,39101.0,452.0,0.01156,1,1,195
2025-05-14 17:04:35,fc50d66d714a2c2b114b899acc69b3f0db07370d663adf52ded187349741c6fc,896698,16154.0,568.0,0.035162,1,2,224
2025-05-14 17:04:35,9b733a73317d7ee8059d0f98552e1cd71a25b2aa5fdf70c0e9ca7adc93d176fa,896698,263536.0,564.0,0.00214,1,2,223
2025-05-14 17:04:35,5603eb311b158091f7637cebb54a3a79fd858b84135031462340ba9eb01e12f9,896698,916735.0,564.0,0.000615,1,2,223
2025-05-14 17:04:35,1f5c4a52748ff3cb42e346051bac3dfd23d7d237af1eec39bdba2786a9390cf9,896698,63906.0,576.0,0.009013,1,2,226
2025-05-14 17:04:35,27afa163d76ff55f466e9ef3805cb5a0e2d5c6b95cfeff2f00bc84d347f226f8,896698,44352.0,452.0,0.010191,1,1,195
2025-05-14 17:04:35,fb5ed1e5bcef075f7924cbca3630d75c9c710694086e2ddb37b8cc720a3169f6,896698,135122.0,564.0,0.004174,1,2,222
2025-05-14 17:04:35,ecd8ae26d4c376c581bb6716246dc9c4f77e1d1e79b71a2cb43f9724743d91f3,896698,282052.0,564.0,0.002,1,2,222
2025-05-14 17:04:35,2256d07e216f42011b3412a5c29a3939d6a4fad704159ac50d04a4cdd94d6ef3,896698,787882.0,612.0,0.000777,1,2,234
2025-05-14 17:04:35,6e4176d5734ecbb189f1e0f07bcfddbf1577b40b3dc46c25a37cc20ea57eacf2,896698,24279.0,564.0,0.02323,1,2,222
2025-05-14 17:04:35,4631fdecb58eba6ba17073ecd069503eeea789cc719678bc007218d4374e47f0,896698,9040.0,440.0,0.048673,1,1,191
2025-05-14 17:04:35,c48050d3ddc69e0fb0f105b06c5ab87bb21d1981ee97d3c0822581912cdbb4ef,896698,54349.0,564.0,0.010377,1,2,223
2025-05-14 17:04:35,b6ff1373a2e3e51c6135adcb0283affaebef591c609a6c07806b243b2f83aeef,896698,10222.0,1052.0,0.102915,2,3,394
2025-05-14 17:04:35,0e8ed77fdcfa9fe38664bc1e3da371d078b45db8bd361a4088fc50158bf41fef,896698,180604.0,396.0,0.002193,1,1,150
2025-05-14 17:04:35,67216e854d94ce6fcc1f806cc8dcd48619d26a2092f004c82813b84e59cba1ed,896698,2999432.0,568.0,0.000189,1,2,224
2025-05-14 17:04:35,997a74db811ebbaa9edd2746ed2f565397b9c00934d24fd4f8e35d88af4537ec,896698,144527.0,564.0,0.003902,1,2,223
2025-05-14 17:04:35,0c0711e38798690e86eaf00dbaa26adeee377e396eb9df1999d52c11166772eb,896698,938307.0,904.0,0.000963,1,2,226
2025-05-14 17:04:35,a3d619e4d7819cff7cf0b4553f615b3cf196cb0af8f8bb0111b2f1cbf54bf6ea,896698,54087.0,768.0,0.014199,1,1,192
2025-05-14 17:04:35,d8ddaad2e6e7de635354289768f6530d0092094a12da234733cd5b6c3f3b8fe8,896698,1422358.0,2652.0,0.001865,4,2,663
2025-05-14 17:04:35,8379af82e109cce15aa317549dd2954376fa58d63ff4fd765609529b80bbb3e5,896698,406626.0,444.0,0.001092,1,1,193
2025-05-14 17:04:35,a8494b23de683ee9aa5cb96569b0093045e0ff2bb18ebfe471f27dc971c34de5,896698,8278380.0,564.0,6.8e-05,1,2,223
2025-05-14 17:04:35,5ec0d266d918339c52cf13985d1ebd3eff8b158a0106ac39b0634467c3eafbe3,896698,35057.0,848.0,0.024189,2,2,375
2025-05-14 17:04:35,7bedf77b99983b62b1a525dfea1f78a2936b0890de7451fb0c3a37cf9e28bfe2,896698,242445.0,564.0,0.002326,1,2,222
2025-05-14 17:04:35,1561e0468e137ba6b63e2b6d7de964d46f94879413ef7b105f35f9fa911db8e1,896698,1358310.0,904.0,0.000666,1,2,226
2025-05-14 17:04:35,441be39bc9bfa2000bc3aec533f1d7ca74f6700787ab75788029196d1a7893db,896698,4027830.0,576.0,0.000143,1,2,226
2025-05-14 17:04:35,c0550346dc5fed7a99f43854ce79c9bf36308f1b257fc65b1909fb4845db7adb,896698,165442.0,564.0,0.003409,1,2,222
2025-05-14 17:04:35,aef48126fa132a0e35a300c57887feec586fd400bc2f24773d82fa650c85afd7,896698,101514.0,564.0,0.005556,1,2,223
2025-05-14 17:04:35,0b6b36c8c6bc8a18f91885bb59794b4190403b63bb3ab91c4cfb76c975a127d3,896698,6819.0,564.0,0.08271,1,2,223
2025-05-14 17:04:35,94bd576d541c89fa697159025faaf4f17df14daff41fc0741c5d9f59340070d0,896698,95386.0,768.0,0.008051,1,1,192
2025-05-14 17:04:35,0486684dd7ab330b64603b0b978be27f9d8fc7d6bb74a95dd50e16d8576a3acd,896698,38108.0,892.0,0.023407,1,2,223
2025-05-14 17:04:35,4a6da0ad5743a083cc6b443ddeea0e9a0a185d15b8d86a393e6e9e4506b3f4cc,896698,7164955.0,564.0,7.9e-05,1,2,222
2025-05-14 17:04:35,5f7e15f517b6dc883c949b631f1302c8d1967dbde9953d718c9538a87bb870cc,896698,52436.0,564.0,0.010756,1,2,223
2025-05-14 17:04:35,afc54d3d679b8aec67869a013517fdb7a020feb5f06d0220f419b4b6b910c4c8,896698,344896.0,440.0,0.001276,1,1,192
2025-05-14 17:04:35,21a7542ade0b1e4d55da4085077bf44386bd314e4bced68ad2dd9cb9bd7b7dc8,896698,24406.0,796.0,0.032615,1,3,281
2025-05-14 17:04:35,b6821754e6fd28603a6d0d2c287d21eb8811bddc98c642224336902aac528ec7,896698,448239.0,576.0,0.001285,1,2,225
2025-05-14 17:04:35,3ce8c5fbf31177f93d884a1d6c11142d552f2dddbec27c6bcc1fdd3e47aa6ac7,896698,111724.0,564.0,0.005048,1,2,222
2025-05-14 17:04:35,ac3cad7cb19a9625f9fa99ac8bc22ec78757d7608dd7296f11e4dbc674d036c7,896698,10215.0,564.0,0.055213,1,2,223
2025-05-14 17:04:35,93fe267aaf227c096b8f83d4a45be4829eb9e508b301ceecceef51774966a0c5,896698,20334745.0,440.0,2.2e-05,1,1,191
2025-05-14 17:04:35,5727a1aa7075ab96ed3eba68bb6f591cfe7966e03cb4e0fc400927e06bb7b8c4,896698,65864.0,836.0,0.012693,2,2,371
2025-05-14 17:04:35,927a8afae498b1c6d18d86c163d15096a05ceb3dd512aa69e3dabd64b1652fc3,896698,10383473.0,660.0,6.4e-05,1,2,246
2025-05-14 17:04:35,a82f954ea6ae0ac4f6ff62ab1e3b7ee21cb37dfbc9c371af75d08a417aa807c2,896698,287220.0,936.0,0.003259,1,5,315
2025-05-14 17:04:35,4df2e14aae7ddb5d73af5b12a319b3d3a5af9ebef8bf11cd6443a2e04d2266c1,896698,52450.0,564.0,0.010753,1,2,222
2025-05-14 17:04:35,1776c2781b38c65b99a88986cf992cdebdc801453386bccc7ec53edc1f46bcc0,896698,93661.0,452.0,0.004826,1,1,194
2025-05-14 17:04:35,cf2ab2eebfc586c7f216edf3cfa061ab5d76888ec67c7c57d378f2b56d8b9ac0,896698,7098541.0,564.0,7.9e-05,1,2,223
2025-05-14 17:04:35,5ed8eb0ccd61a2887b3a025eb1840e66daf740c68027c7d43fc558b857b143c0,896698,18002.0,440.0,0.024442,1,1,192
2025-05-14 17:04:35,6533b1d342d096e7257414312ee74a4a9b7f5d5c09369a4b7d1b7a05682b33c0,896698,49999436.0,564.0,1.1e-05,1,2,222
2025-05-14 17:04:35,226db0f0f52edd3411b3fd3c6782d59aa4ef0f6572732b26e9603315ff265bbf,896698,3030411.0,440.0,0.000145,1,1,192
2025-05-14 17:04:35,5605928f08a9fda49eedbf7ab9ea100b3fc3c358f5f8a2cca13f67b7f0e759bf,896698,43180.0,444.0,0.010283,1,1,192
2025-05-14 17:04:35,74a81ebd64f4bfca4906c33b8462eadc74e901907dfd17455e28a1845dcf66be,896698,327320.0,1108.0,0.003385,2,4,439
2025-05-14 17:04:35,51ed1c1082dad42db5f3146afb6683da9a00bbc84cd4c19c5f8ac7405f16fbbd,896698,9175.0,440.0,0.047956,1,1,191
2025-05-14 17:04:35,c6a743a0d519950c142e1ec896abda4fe90d95ce0bb2c59ae8e955891ec89bbd,896698,773598.0,452.0,0.000584,1,1,195
2025-05-14 17:04:35,47b5fb583790ac184e987bfbfcf22a49fdffda696f2813d30b5ebf66fa8f3ebd,896698,1302919.0,688.0,0.000528,1,3,254
2025-05-14 17:04:35,4664bb6e9b04536261b91fec591c162bd191b01af09859636291817ddbecf1bb,896698,11801713.0,564.0,4.8e-05,1,2,222
2025-05-14 17:04:35,64496816708af52f2baab4127501fd2abd0fefc58e71658ea2e381b0343582bb,896698,193554.0,564.0,0.002914,1,2,222
2025-05-14 17:04:35,7261d87cf528a50899987fa6bc8c86764bd58a5c3b4ff7297e53643a7b843dbb,896698,1018650.0,440.0,0.000432,1,1,192
2025-05-14 17:04:35,d0f45ef48ac5d51ea9c8d877226069be30d0acbd715d24f6c952b00497c828ba,896698,505858.0,452.0,0.000894,1,1,195
2025-05-14 17:04:35,084a84913d5735ecb41a6923b50936f3f3501376d82bb84a454b4135ea0214ba,896698,708211.0,564.0,0.000796,1,2,223
2025-05-14 17:04:35,10c111d9e186abe4d896a19744ade5f757d8dc1d43f6d90d59f4a934243f62b9,896698,136072.0,724.0,0.005321,2,1,344
2025-05-14 17:04:35,ef253dc5d22a4558cd15fc60261eacc7e3e4a8b1b2cd6aece65c2ae8fb8a67b7,896698,98097895.0,836.0,9e-06,2,2,371
2025-05-14 17:04:35,0ad3722cf07f0d8cf1b542f0764ab316897553d6f64fdf51988cfff86ccc39b5,896698,103710.0,840.0,0.0081,2,2,372
2025-05-14 17:04:35,4ce12abf872a4f420ac4160926f32ce249571694a369dc1722df889fdadcabb4,896698,5884.0,564.0,0.095853,1,2,223
2025-05-14 17:04:35,fbbd20fa1978412a0a8978ea8036487188798912ec6e987267f994fcec86f1b3,896698,42903.0,576.0,0.013426,1,2,225
2025-05-14 17:04:35,22baedf7251f2c6d7bd4ac089378729c2f2ee57abc20beea3d00e66dda1cd7b3,896698,415217.0,956.0,0.002302,2,3,401
2025-05-14 17:04:35,72453e25457225dbe48d53b387a90552d140bcdf5809034ac2575c5642ef0bb3,896698,976479.0,564.0,0.000578,1,2,222
2025-05-14 17:04:35,ba1aadc0eafe25d25cc5bda58c9b66d9ca2e9ebabfa40b9eed7716ccc65410b0,896698,32582.0,892.0,0.027377,1,2,223
2025-05-14 17:04:35,738f2bd31f69e73bd4a5fd438571fc2ab6a6c19d19f547402fd89851a8b57e27,896698,186562.0,438.0,0.002348,1,1,191
2025-05-14 17:04:35,943328810524c83378c1f5c277b1a549c352d346b4b59f9382881618fcee721c,896698,19577.0,438.0,0.022373,1,1,191
2025-05-14 17:04:35,a88828c268db3872ed89466250956557495645eec6f96745e4cb31a16386305d,896698,47912.0,442.0,0.009225,1,1,193
2025-05-14 17:04:35,1261b92a676ce36231c503990072e45b3add88ac56c77e632d9835d6a4058086,896698,578681.0,665.0,0.001149,1,2,248
2025-05-14 17:04:35,907d4d0f9d78ef7d4d9d4eb89246bf3e5eb3b4f95df91447d9d894a01c7786f0,896698,96771.0,450.0,0.00465,1,1,195
2025-05-14 17:04:35,fdf24906b29b1677be67b3bce1085d1c8ba4ca4c94b036c9de81f11e36ded961,896698,15803.0,450.0,0.028476,1,1,195
2025-05-14 17:04:35,7496e9da96a53361cf25a4103647944471dec54fb4127fc4f362ae3d856c3734,896698,57628.0,450.0,0.007809,1,1,195
2025-05-14 17:04:35,044f4c06755ff8558df5a011dd8938a9b7b317d05ea75f1f634edcb854a94da0,896698,509386.0,486.0,0.000954,1,1,203
2025-05-14 17:04:35,1aca23f8bf62ffa0a30d32480cf7930b119ae94d7b72aec4119baa1cbc899a14,896698,132503.0,486.0,0.003668,1,1,203
2025-05-14 17:04:35,f15ab6f94901c41c0030ff321f8f8103fa5c6a31f5ddcaf23d9da60a4d37cabe,896698,25648425.0,1646.0,6.4e-05,5,2,818
2025-05-14 17:04:35,243cb3cfdce5eab289a2514ee8ba4686d3734a376bebd8843d58a0cfe91bfafa,896698,2772567.0,562.0,0.000203,1,2,223
2025-05-14 17:04:35,a2c2a95e56fe9e203a45420c7f421eb460499336209d9df14fd7144d755765a9,896698,16667.0,562.0,0.033719,1,2,223
2025-05-14 17:04:35,8377123ae3f42e54be71a8576dffd63a74e8d321e826d368f767a728c8391f26,896698,52925.0,562.0,0.010619,1,2,222
2025-05-14 17:04:35,3fab2a873a6b59d12a3ad8b3d420f911cd6e2b299f3f415a5f9532e1df1aa6cc,896698,65999434.0,566.0,9e-06,1,2,223
2025-05-14 17:04:35,74d75e94e227f8f84dc81b71015aed8aade3acc2320149d455840c5f461f4999,896698,550469.0,566.0,0.001028,1,2,223
2025-05-14 17:04:35,44985685f12cabd1c3714f656f71e1b3e8333d3874abaaa842ed6c54f3920293,896698,24018.0,566.0,0.023566,1,2,223
2025-05-14 17:04:35,7283aefb99382749bb6941beacadfa37a69487e6ab6facde147ca8bf70b29b6e,896698,1006434.0,566.0,0.000562,1,2,224
2025-05-14 17:04:35,55f2909b708fb8c947c70d33d9260f0f6baf3f117f0348e7a9608fe6ced7896c,896698,979992.0,566.0,0.000578,1,2,224
2025-05-14 17:04:35,bce62771a78b2154cbc23f8c0a868058b1d5d8e2b13dccdaffd791b636a4db59,896698,2181940.0,566.0,0.000259,1,2,224
2025-05-14 17:04:35,453123e0530e67dd5c22b3533796bc33c8b12d6576ac423432cc19aa2aab4e36,896698,8101056.0,566.0,7e-05,1,2,224
2025-05-14 17:04:35,dd5d9655b85f843f62f97070f4c4bfb0fce128054320176d87ae2593eb98491a,896698,17507001.0,566.0,3.2e-05,1,2,223
2025-05-14 17:04:35,fe0fbe898430f7bcf1884ef1632d7dad641408c0c2cada01e502f848ef2cb9dd,896698,41531.0,574.0,0.013821,1,2,226
2025-05-14 17:04:35,c7a17eafc28734db9e4e10c2a41474d49ea989a2f62d3dde467bb766f8efb3dc,896698,1631309.0,574.0,0.000352,1,2,226
2025-05-14 17:04:35,b8bc3ac196bce4689e0ec4253e3d4a2c9fa70d1a64fc751913bb0ede46676c90,896698,68841.0,848.0,0.012318,2,2,373
2025-05-14 17:04:35,3fe1bcd0eea00b5be14af32cfc29810bb07ff61fe4bf8da4261922d0a24bca16,896698,67536.0,432.0,0.006397,1,1,191
2025-05-14 17:04:35,0d6dd93e276843691798d16755c1a31d34a48933538ab46338a19e22e6b6f8d2,896698,11815830.0,670.0,5.7e-05,1,2,249
2025-05-14 17:04:35,3bf4ff20ade3de60a9101954c50923f77b327503cce45a8b8bd457294765fc9d,896698,17226988.0,670.0,3.9e-05,1,2,249
2025-05-14 17:04:35,7dc3a3bee81d3d80bf1a0c8d769c1441038b9905defb77b0bb7da7a21ff93f45,896698,37566.0,1472.0,0.039184,2,2,369
2025-05-14 17:04:35,c3859a28c310fba7d2151ecdeae4f391a68c35be6d3995d1252ba699a8da64e1,896698,364085.0,790.0,0.00217,1,3,279
2025-05-14 17:04:35,d4ac2a62b77b6d27ac9dfa4e09913b27563110fa0868c0228c388bf0f5229a39,896698,128028.0,810.0,0.006327,2,2,303
2025-05-14 17:04:35,0df2ce73571ee75ccd9f7f9ed71e61559d4ce48fd90bee52b5afdee1a471ce91,896698,24466.0,830.0,0.033925,2,2,370
2025-05-14 17:04:35,b961b940041121ae0bbbec9233fc27cf69c700f95b10410f45de17dece27763b,896698,498373.0,487.0,0.000977,1,1,204
2025-05-14 17:04:35,1ca8f69d0e54db4e8ea69bbd08ff7e265ead24d8abe9fe7e43e2e76a653eb637,896698,322306153.0,2510.0,8e-06,4,9,827
2025-05-14 17:04:35,2f6010ce02d8d277b4857adb3b86d732abb3847775a2f9e9fb323fef487256ff,896698,610046.0,836.0,0.00137,2,2,371
2025-05-14 17:04:35,10c0d2da7ec17e66c0592627b492147c2ea7a6a72c8f41681f5d233fc722a6fe,896698,130292.0,840.0,0.006447,2,2,372
2025-05-14 17:04:35,74c59089d3559c3714359353c966ff5d6caa7fd9fc313f2313c54506dd9629fd,896698,39101.0,452.0,0.01156,1,1,195
2025-05-14 17:04:35,fc50d66d714a2c2b114b899acc69b3f0db07370d663adf52ded187349741c6fc,896698,16154.0,568.0,0.035162,1,2,224
2025-05-14 17:04:35,9b733a73317d7ee8059d0f98552e1cd71a25b2aa5fdf70c0e9ca7adc93d176fa,896698,263536.0,564.0,0.00214,1,2,223
2025-05-14 17:04:35,5603eb311b158091f7637cebb54a3a79fd858b84135031462340ba9eb01e12f9,896698,916735.0,564.0,0.000615,1,2,223
2025-05-14 17:04:35,1f5c4a52748ff3cb42e346051bac3dfd23d7d237af1eec39bdba2786a9390cf9,896698,63906.0,576.0,0.009013,1,2,226
2025-05-14 17:04:35,27afa163d76ff55f466e9ef3805cb5a0e2d5c6b95cfeff2f00bc84d347f226f8,896698,44352.0,452.0,0.010191,1,1,195
2025-05-14 17:04:35,fb5ed1e5bcef075f7924cbca3630d75c9c710694086e2ddb37b8cc720a3169f6,896698,135122.0,564.0,0.004174,1,2,222
2025-05-14 17:04:35,ecd8ae26d4c376c581bb6716246dc9c4f77e1d1e79b71a2cb43f9724743d91f3,896698,282052.0,564.0,0.002,1,2,222
2025-05-14 17:04:35,2256d07e216f42011b3412a5c29a3939d6a4fad704159ac50d04a4cdd94d6ef3,896698,787882.0,612.0,0.000777,1,2,234
2025-05-14 17:04:35,6e4176d5734ecbb189f1e0f07bcfddbf1577b40b3dc46c25a37cc20ea57eacf2,896698,24279.0,564.0,0.02323,1,2,222
2025-05-14 17:04:35,4631fdecb58eba6ba17073ecd069503eeea789cc719678bc007218d4374e47f0,896698,9040.0,440.0,0.048673,1,1,191
2025-05-14 17:04:35,c48050d3ddc69e0fb0f105b06c5ab87bb21d1981ee97d3c0822581912cdbb4ef,896698,54349.0,564.0,0.010377,1,2,223
2025-05-14 17:04:35,b6ff1373a2e3e51c6135adcb0283affaebef591c609a6c07806b243b2f83aeef,896698,10222.0,1052.0,0.102915,2,3,394
2025-05-14 17:04:35,0e8ed77fdcfa9fe38664bc1e3da371d078b45db8bd361a4088fc50158bf41fef,896698,180604.0,396.0,0.002193,1,1,150
2025-05-14 17:04:35,67216e854d94ce6fcc1f806cc8dcd48619d26a2092f004c82813b84e59cba1ed,896698,2999432.0,568.0,0.000189,1,2,224
2025-05-14 17:04:35,997a74db811ebbaa9edd2746ed2f565397b9c00934d24fd4f8e35d88af4537ec,896698,144527.0,564.0,0.003902,1,2,223
2025-05-14 17:04:35,0c0711e38798690e86eaf00dbaa26adeee377e396eb9df1999d52c11166772eb,896698,938307.0,904.0,0.000963,1,2,226
2025-05-14 17:04:35,a3d619e4d7819cff7cf0b4553f615b3cf196cb0af8f8bb0111b2f1cbf54bf6ea,896698,54087.0,768.0,0.014199,1,1,192
2025-05-14 17:04:35,d8ddaad2e6e7de635354289768f6530d0092094a12da234733cd5b6c3f3b8fe8,896698,1422358.0,2652.0,0.001865,4,2,663
2025-05-14 17:04:35,8379af82e109cce15aa317549dd2954376fa58d63ff4fd765609529b80bbb3e5,896698,406626.0,444.0,0.001092,1,1,193
2025-05-14 17:04:35,a8494b23de683ee9aa5cb96569b0093045e0ff2bb18ebfe471f27dc971c34de5,896698,8278380.0,564.0,6.8e-05,1,2,223
2025-05-14 17:04:35,5ec0d266d918339c52cf13985d1ebd3eff8b158a0106ac39b0634467c3eafbe3,896698,35057.0,848.0,0.024189,2,2,375
2025-05-14 17:04:35,7bedf77b99983b62b1a525dfea1f78a2936b0890de7451fb0c3a37cf9e28bfe2,896698,242445.0,564.0,0.002326,1,2,222
2025-05-14 17:04:35,1561e0468e137ba6b63e2b6d7de964d46f94879413ef7b105f35f9fa911db8e1,896698,1358310.0,904.0,0.000666,1,2,226
2025-05-14 17:04:35,441be39bc9bfa2000bc3aec533f1d7ca74f6700787ab75788029196d1a7893db,896698,4027830.0,576.0,0.000143,1,2,226
2025-05-14 17:04:35,c0550346dc5fed7a99f43854ce79c9bf36308f1b257fc65b1909fb4845db7adb,896698,165442.0,564.0,0.003409,1,2,222
2025-05-14 17:04:35,aef48126fa132a0e35a300c57887feec586fd400bc2f24773d82fa650c85afd7,896698,101514.0,564.0,0.005556,1,2,223
2025-05-14 17:04:35,0b6b36c8c6bc8a18f91885bb59794b4190403b63bb3ab91c4cfb76c975a127d3,896698,6819.0,564.0,0.08271,1,2,223
2025-05-14 17:04:35,94bd576d541c89fa697159025faaf4f17df14daff41fc0741c5d9f59340070d0,896698,95386.0,768.0,0.008051,1,1,192
2025-05-14 17:04:35,0486684dd7ab330b64603b0b978be27f9d8fc7d6bb74a95dd50e16d8576a3acd,896698,38108.0,892.0,0.023407,1,2,223
2025-05-14 17:04:35,4a6da0ad5743a083cc6b443ddeea0e9a0a185d15b8d86a393e6e9e4506b3f4cc,896698,7164955.0,564.0,7.9e-05,1,2,222
2025-05-14 17:04:35,5f7e15f517b6dc883c949b631f1302c8d1967dbde9953d718c9538a87bb870cc,896698,52436.0,564.0,0.010756,1,2,223
2025-05-14 17:04:35,afc54d3d679b8aec67869a013517fdb7a020feb5f06d0220f419b4b6b910c4c8,896698,344896.0,440.0,0.001276,1,1,192
2025-05-14 17:04:35,21a7542ade0b1e4d55da4085077bf44386bd314e4bced68ad2dd9cb9bd7b7dc8,896698,24406.0,796.0,0.032615,1,3,281
2025-05-14 17:04:35,b6821754e6fd28603a6d0d2c287d21eb8811bddc98c642224336902aac528ec7,896698,448239.0,576.0,0.001285,1,2,225
2025-05-14 17:04:35,3ce8c5fbf31177f93d884a1d6c11142d552f2dddbec27c6bcc1fdd3e47aa6ac7,896698,111724.0,564.0,0.005048,1,2,222
2025-05-14 17:04:35,ac3cad7cb19a9625f9fa99ac8bc22ec78757d7608dd7296f11e4dbc674d036c7,896698,10215.0,564.0,0.055213,1,2,223
2025-05-14 17:04:35,93fe267aaf227c096b8f83d4a45be4829eb9e508b301ceecceef51774966a0c5,896698,20334745.0,440.0,2.2e-05,1,1,191
2025-05-14 17:04:35,5727a1aa7075ab96ed3eba68bb6f591cfe7966e03cb4e0fc400927e06bb7b8c4,896698,65864.0,836.0,0.012693,2,2,371
2025-05-14 17:04:35,927a8afae498b1c6d18d86c163d15096a05ceb3dd512aa69e3dabd64b1652fc3,896698,10383473.0,660.0,6.4e-05,1,2,246
2025-05-14 17:04:35,a82f954ea6ae0ac4f6ff62ab1e3b7ee21cb37dfbc9c371af75d08a417aa807c2,896698,287220.0,936.0,0.003259,1,5,315
2025-05-14 17:04:35,4df2e14aae7ddb5d73af5b12a319b3d3a5af9ebef8bf11cd6443a2e04d2266c1,896698,52450.0,564.0,0.010753,1,2,222
2025-05-14 17:04:35,1776c2781b38c65b99a88986cf992cdebdc801453386bccc7ec53edc1f46bcc0,896698,93661.0,452.0,0.004826,1,1,194
2025-05-14 17:04:35,cf2ab2eebfc586c7f216edf3cfa061ab5d76888ec67c7c57d378f2b56d8b9ac0,896698,7098541.0,564.0,7.9e-05,1,2,223
2025-05-14 17:04:35,5ed8eb0ccd61a2887b3a025eb1840e66daf740c68027c7d43fc558b857b143c0,896698,18002.0,440.0,0.024442,1,1,192
2025-05-14 17:04:35,6533b1d342d096e7257414312ee74a4a9b7f5d5c09369a4b7d1b7a05682b33c0,896698,49999436.0,564.0,1.1e-05,1,2,222
2025-05-14 17:04:35,226db0f0f52edd3411b3fd3c6782d59aa4ef0f6572732b26e9603315ff265bbf,896698,3030411.0,440.0,0.000145,1,1,192
2025-05-14 17:04:35,5605928f08a9fda49eedbf7ab9ea100b3fc3c358f5f8a2cca13f67b7f0e759bf,896698,43180.0,444.0,0.010283,1,1,192
2025-05-14 17:04:35,74a81ebd64f4bfca4906c33b8462eadc74e901907dfd17455e28a1845dcf66be,896698,327320.0,1108.0,0.003385,2,4,439
2025-05-14 17:04:35,51ed1c1082dad42db5f3146afb6683da9a00bbc84cd4c19c5f8ac7405f16fbbd,896698,9175.0,440.0,0.047956,1,1,191
2025-05-14 17:04:35,c6a743a0d519950c142e1ec896abda4fe90d95ce0bb2c59ae8e955891ec89bbd,896698,773598.0,452.0,0.000584,1,1,195
2025-05-14 17:04:35,47b5fb583790ac184e987bfbfcf22a49fdffda696f2813d30b5ebf66fa8f3ebd,896698,1302919.0,688.0,0.000528,1,3,254
2025-05-14 17:04:35,4664bb6e9b04536261b91fec591c162bd191b01af09859636291817ddbecf1bb,896698,11801713.0,564.0,4.8e-05,1,2,222
2025-05-14 17:04:35,64496816708af52f2baab4127501fd2abd0fefc58e71658ea2e381b0343582bb,896698,193554.0,564.0,0.002914,1,2,222
2025-05-14 17:04:35,7261d87cf528a50899987fa6bc8c86764bd58a5c3b4ff7297e53643a7b843dbb,896698,1018650.0,440.0,0.000432,1,1,192
2025-05-14 17:04:35,d0f45ef48ac5d51ea9c8d877226069be30d0acbd715d24f6c952b00497c828ba,896698,505858.0,452.0,0.000894,1,1,195
2025-05-14 17:04:35,084a84913d5735ecb41a6923b50936f3f3501376d82bb84a454b4135ea0214ba,896698,708211.0,564.0,0.000796,1,2,223
2025-05-14 17:04:35,10c111d9e186abe4d896a19744ade5f757d8dc1d43f6d90d59f4a934243f62b9,896698,136072.0,724.0,0.005321,2,1,344
2025-05-14 17:04:35,ef253dc5d22a4558cd15fc60261eacc7e3e4a8b1b2cd6aece65c2ae8fb8a67b7,896698,98097895.0,836.0,9e-06,2,2,371
2025-05-14 17:04:35,0ad3722cf07f0d8cf1b542f0764ab316897553d6f64fdf51988cfff86ccc39b5,896698,103710.0,840.0,0.0081,2,2,372
2025-05-14 17:04:35,4ce12abf872a4f420ac4160926f32ce249571694a369dc1722df889fdadcabb4,896698,5884.0,564.0,0.095853,1,2,223
2025-05-14 17:04:35,fbbd20fa1978412a0a8978ea8036487188798912ec6e987267f994fcec86f1b3,896698,42903.0,576.0,0.013426,1,2,225
2025-05-14 17:04:35,22baedf7251f2c6d7bd4ac089378729c2f2ee57abc20beea3d00e66dda1cd7b3,896698,415217.0,956.0,0.002302,2,3,401
2025-05-14 17:04:35,72453e25457225dbe48d53b387a90552d140bcdf5809034ac2575c5642ef0bb3,896698,976479.0,564.0,0.000578,1,2,222
2025-05-14 17:04:35,ba1aadc0eafe25d25cc5bda58c9b66d9ca2e9ebabfa40b9eed7716ccc65410b0,896698,32582.0,892.0,0.027377,1,2,223
2025-05-11 17:27:36,f8c4fa352301e51980ff97597f4a078dec1dde3fe393ab6ba881132e3fa8a557,896286,1523186227.0,1505.0,1e-06,1,7,380
2025-05-11 17:27:36,e52a82fb57ff3d49c2648d69b9a72cae52a454ae31f23e34fcf401a901b1e001,896286,16784370.0,816.0,4.9e-05,1,2,212
2025-05-11 17:27:36,9bc6d7949c687d6de750b1ad26681747dcd7f8b4e739efe73ec0f7aac1d2a74b,896286,1499462961.0,735.0,0.0,1,2,225
2025-05-11 17:27:36,25ccbd19657e8bfd6f49365497964493ed5fe19f5bd9e4bdc87a73d30febe9c0,896286,1372706997.0,720.0,1e-06,1,2,222
2025-05-11 17:27:36,a13f147514872bca697f8bbb1a7ed4f031a28fdeefa267c3edf9f5fb9eb11c6d,896286,1633237174.0,720.0,0.0,1,2,222
2025-05-11 17:27:36,50f6777dc271e2d5afa87e440a6f55aca18538a146ef3e3fe5325750f5fb7141,896286,1579638277.0,720.0,0.0,1,2,222
2025-05-11 17:27:36,d67c8a22b3ea55383da795b8c5454f3b294bb5115c22186ff5ad348529c7ed39,896286,59679.0,609.0,0.010205,1,1,195
2025-05-11 17:27:36,e27b563da81d81b50bb1c2a2b7922549c269fe866953eb8bbe34bf2e8cf970b0,896286,692408382.0,6000.0,9e-06,6,7,2045
2025-05-11 17:27:36,1d53dd4f3894c69a8e876e9a838d56cc900703ba306eda1c03f3f61767b093db,896286,47595.0,616.0,0.012943,1,1,191
2025-05-11 17:27:36,653c6e03c63195c6c0f7178fadde036fdd6523cc2f1b32ffa01a293e38a8c7bf,896286,138217.0,1218.0,0.008812,1,4,288
2025-05-11 17:27:36,f59ef590a34a25d38b5251276453496ddebcd5c9c917a428cebd38a0db1348ac,896286,67107832.0,1032.0,1.5e-05,1,3,253
2025-05-11 17:27:36,a3a26a7afde0483c3eb5442bfa80b1de4e3752fdda1d44661c16d106d35cba8d,896286,1083260.0,1032.0,0.000953,1,3,253
2025-05-11 17:27:36,b5adb7bfbe494cd18a743fff3f10bda78e58f85b25b7a1a8d8810dd6d0599282,896286,9893273.0,852.0,8.6e-05,1,2,223
2025-05-11 17:27:36,2c467d6b556a8a89791fd42d5ba83ecf340e19ad02203c370bd6d8d38b4a3a9a,896286,5423197.0,22136.0,0.004082,40,1,6837
2025-05-11 17:27:36,1d5a2047546a2d3070509d7b75bbc446a5ee81b15bf8ffe9c0838841106043e3,896286,6774796.0,2116.0,0.000312,3,3,588
2025-05-11 17:27:36,3e06ee42b42290368b51b4aad65f5233ed596545d55fd4e4bb2d58a061b7c57e,896286,104006.0,1641.0,0.015778,2,3,427
2025-05-11 17:27:36,be873a5f583950116036bc97e87135304ad62ff31623f4d8aa0daefed5fca750,896286,9471691.0,2280.0,0.000241,1,4,358
2025-05-11 17:27:36,082b0e30f0182dcb7e00ee0566ddc2b015ef75d49e1193bd147d9037266f5fc3,896286,57769.0,1206.0,0.020876,1,1,189
2025-05-11 17:27:36,07b230148f06b73b808589f68a9e13235bcc8fa0a780e36fbc092d13c4d250cf,896286,124518865.0,2000.0,1.6e-05,1,7,393
2025-05-11 17:27:36,c9f93e5292307878ae933bdc07719af0acad17d81cb5f54a6438e4a646ba1837,896286,227084.0,918.0,0.004043,1,2,223
2025-05-11 17:27:36,6bc6c7c9d0befb62ad42b13e8798c08e9ecdcaf60a7b8c654267bd8e245357d9,896286,261542050.0,1035.0,4e-06,1,2,206
2025-05-11 17:27:36,c1f71c64afc55924119da7e8dbc45680149f305cb2cf05fb1aa7262e207e8913,896286,14656.0,741.0,0.050559,1,1,192
2025-05-11 17:27:36,34c91a51608757e38ea97e75234ca2981f6d7ee27ad140c2d9c42867765da5f0,896286,40283000.0,673.0,1.7e-05,1,1,150
2025-05-11 17:27:36,f32450d33aaf5a051df06fd5638b5ebc62735266eb83899b3006c6d1e9dedd6e,896286,60000.0,752.0,0.012533,1,1,191
2025-05-11 17:27:36,3ee108c987b6bd554f26cce8d2a8bcfd3e36e679c5125804dd5dea01967ec5ce,896286,134334914.0,1900.0,1.4e-05,1,4,357
2025-05-11 17:27:36,8f2dc85ce6bf0e0803170c10cbf23e693b6fa36501f04d16e8ef3f6f3b82ec89,896286,279327.0,1798.0,0.006437,2,2,418
2025-05-11 17:27:36,2994947d1ba23a976b323aecd15f7cb1dbc9d1a1f8220de25a007b8879720f04,896286,40784448.0,994.0,2.4e-05,1,2,222
2025-05-11 17:27:36,6c71de84f982cfd924a954ea3931afe45337ff8d0c05ab6af176c14ba5a062c8,896286,534388.0,1260.0,0.002358,2,1,341
2025-05-11 17:27:36,f8b9c0935113847c1373a61a50e404839c7c7c04f85ae7b5d1d2b2f1106ef4bb,896286,32512.0,784.0,0.024114,1,1,191
2025-05-11 17:27:36,406896cd28825c305c488458d93b9126fd187c02b9f5db855a5a05bc9660fd90,896286,17727682.0,1022.0,5.8e-05,1,2,223
2025-05-11 17:27:36,fad1059f2e2379290d0097d574a9bb8bbdfa32b03aa3fa56ed48a19c54fd1337,896286,1398978.0,1022.0,0.000731,1,2,222
2025-05-11 17:27:36,b986b5aa565df689174b4d8835c8ade838f18ebb6249f28ff8215cac12ae4527,896286,79502839.0,2000.0,2.5e-05,1,6,357
2025-05-11 17:27:36,1b008d98104d39e0029c490c9bda72ad425575bf8072566ff9153f44a820f8e3,896286,75658.0,1241.0,0.016403,1,2,249
2025-05-11 17:27:36,aeaafa3644f167ffbdce722145ec8842d161bf957f26cc8c20928e885585ee6c,896286,124046.0,2590.0,0.020879,2,1,336
2025-05-11 17:27:36,b39afc5ae993b7374239c45f6ca240a6a49e76af5328ee57898859c2d1c676a9,896286,500027.0,2000.0,0.004,2,2,419
2025-05-11 17:27:36,6f0b63864f6564abdcad8592d873441460d1e919163643b88d87ec1d82354013,896286,5773902.0,1123.0,0.000194,1,2,223
2025-05-11 17:27:36,b13539d9149a1257fb6a2606bce9a2d16747769ba0398ea94bdd953821c037a0,896286,43493720.0,2368.0,5.4e-05,1,7,378
2025-05-11 17:27:36,ca9d76cfe1e993c3f7f945a550c267397a3c107dd5383c494dc4b689cc8eac11,896286,8761624.0,1130.0,0.000129,1,2,222
2025-05-11 17:27:36,9afa14fdbb5f0fe26c2188510753d0eeb36dfddc7944a5c3959d988c951eb7bf,896286,70161.0,908.0,0.012942,1,1,195
2025-05-11 17:27:36,0345969d99469287ffb824698e27022f7336676366a0bd03f7f1bb7c8d42766d,896286,9614.0,917.0,0.095382,1,1,195
2025-05-11 17:27:36,3212ddc9879e4777519e2b274dd1205ea6d15ee6b7d391631fb895a4c9200cbb,896286,1749086.0,1910.0,0.001092,1,2,222
2025-05-11 17:27:36,7cbc6f9b18587a17c8c30236c6c2edb2ad68fbee4a5f9dd8fda8a3576ce63c89,896286,18176.0,1644.0,0.090449,1,1,188
2025-05-11 17:27:36,55c175c62ae2b1646f372109ab98c96f923d0d5690a059a53f7c108a94e138f9,896286,2017134.0,966.0,0.000479,1,1,192
2025-05-11 17:27:36,fb0c2db56034ff51f6261c0bd25f183d50aaebb6216da6ac28125947f64ed766,896286,9460930.0,4250.0,0.000449,3,7,699
2025-05-11 17:27:36,7e15bd0b18ff529c3076e83cc6b04ca61d0d7c25ae5809f6466f4af1547a1da8,896286,8366.0,1240.0,0.148219,1,1,215
2025-05-11 17:27:36,bceb5ed788c0b3f554b8cce06f918af5f6535b0d46838af55ffd4170284bc4d6,896286,29995.0,2080.0,0.069345,2,2,369
2025-05-11 17:27:36,9f14fa1af4825f7766bdab963ae5d8297f9490d383174590636268e7bc8b18cd,896286,1999998350.0,1650.0,1e-06,1,2,246
2025-05-11 17:27:36,145a43326a59641b35758299d77e81931af8afc863d35a7f80ab3f0fda9702c5,896286,1499979030.0,2090.0,1e-06,2,2,371
2025-05-11 17:27:36,5eda6e4547ade09049e7b8e7ce54730c7181925c3d98f6661e947189048c49b7,896286,72620343.0,7650.0,0.000105,1,21,847
2025-05-11 17:27:36,6dddd418fe7697479aad3b42041eaf2e5cc62f943ee812099de87267c0c5f97d,896286,2592452.0,6900.0,0.002662,1,19,771
2025-05-11 17:27:36,0a52fd0086a90a218d855cfbec8582a54f730ba3fb0c812361105c82a9d68654,896286,1999998350.0,1650.0,1e-06,1,2,246
2025-05-11 17:27:36,ca215cc22d451e9ee1719a05a007b52c8733476cbefb11b0bfdb417333d34d2c,896286,1999998350.0,1650.0,1e-06,1,2,246
2025-05-11 17:27:36,e9c935fffe1a074d4d20d954563b3837c7b4bb9c560db777db18d5ca5f9ebf04,896286,619014.0,1100.0,0.001777,1,1,191
2025-05-11 17:27:36,01ab93f49f75cba7ae110e5441d2ab2d28fcf5421ec0366b354fefdbf72a0000,896286,5282085.0,1157.0,0.000219,1,1,192
2025-05-11 17:27:36,715d4131f3afdc355a4cb35d67f1f2de8e240e7109335b6226588902d479e249,896286,15261637.0,3800.0,0.000249,1,4,357
2025-05-11 17:27:36,19f3b51c0a9228f8cb38e809fd01471009b745d62a229f8fda3c9cd594b24315,896286,43918621.0,2400.0,5.5e-05,1,2,224
2025-05-11 17:27:36,e9981db93e17db564991169cb87e948f18f2b2191a939ec40089073be9d1c185,896286,546.0,5918.0,10.838828,1,1,1867
2025-05-11 17:27:36,017bc667522ce6b10cb2d568b8c314e89ddfc52cc92e260b446725bcc79d5e56,896286,8306898.0,1551.0,0.000187,1,2,223
2025-05-11 17:27:36,7cc4a2856c689902fd9bfe5e8d8e77b288a0877506d0bb22a8a7065257c2e202,896286,22289.0,1694.0,0.076002,1,2,205
2025-05-11 17:27:36,39c6b2d5866e60287c578c9f3f79426076beee89581e4f7a7bd879dd78128e4e,896286,40000.0,1212.0,0.0303,1,1,192
2025-05-11 17:27:36,c26c30a29a24cf6ccfabe299f845f24a42fd13e639f8a04c293f6fa9c21efc9c,896286,508765.0,2131.0,0.004189,1,2,240
2025-05-11 17:27:36,e99955214e5e5b179c3cc27400000266f0f61ad34dd3c0675b0dda9be3953c60,896286,508509.0,2616.0,0.005144,1,2,276
2025-05-11 17:27:36,4bff1c6d45e6799b17ddff0bb8d0e1dc210284bdcd08ed1351f13502091d9807,896286,508370.0,2616.0,0.005146,1,2,275
2025-05-11 17:27:36,499a19b7349fc8017a62f7f52116b2c757eccedf7e36d2bbf581d1faddd90403,896286,1017675.0,3557.0,0.003495,2,2,428
2025-05-11 17:27:36,88578411aa567585738f978f6645f6f7af3f116a1c9e84053537fe8252763a44,896286,27882.0,2641.0,0.094721,1,1,189
2025-05-11 17:27:36,25ad7feb29bdc673ac8aae8d41210fb6aa7c29b05278b03722af412f4947eeb1,896286,41604701.0,2000.0,4.8e-05,1,2,223
2025-05-11 17:27:36,97a28bc7f93bb618dbb009919df8d6ebc76512d6e21768118dff24c94d231eb0,896286,2955881.0,3045.0,0.00103,1,4,284
2025-05-11 17:27:36,cd718ee74d2a556d508546a1b181dfff7a0929441134a6b9e558a08e1f1c6f53,896286,6628947.0,5700.0,0.00086,1,4,358
2025-05-11 17:27:36,54985f61e18429093cbe1802918f78a44bdc223ecfb93055829fe7c8f55f69e7,896286,608872.0,2020.0,0.003318,1,2,176
2025-05-11 17:27:36,f677f7cd95a9829f65d5ba3b5e71f446e9332843df5ce640bd2da6db54037537,896286,2855.0,2145.0,0.751313,1,2,176
2025-05-11 17:27:36,a2d14e0af6600286d170f6cec4d4a0d9feb6cf7ebae3f525384292f843232924,896286,667315.0,3247.0,0.004866,1,1,189
2025-05-11 17:27:36,23a4de1fefb72586bc0d14f3d902a32763a69c478d1e025bc1136f10d552db51,896286,1615891.0,3033.0,0.001877,1,3,248
2025-05-11 17:27:36,b79c02ee8a23d7b70f09515e621d1d4c1ed967b695ff35be4665f6bbf055abfa,896286,64300.0,2000.0,0.031104,1,1,191
2025-05-11 17:27:36,9f4f35d2898c87ecdb9cf89f7dc464c0c6d8098775d67bcf87d96a4d6af9c24b,896286,19971152.0,3300.0,0.000165,1,2,246
2025-05-11 17:27:36,d2f140296baa2f46b3447341ff254ad6cb0185b55636605b69a08dff043342e5,896286,4594056.0,5370.0,0.001169,2,1,340
2025-05-11 17:27:36,5dfeda0aba438a9a93e17cd2099a87ed2fabfb815f3c3d7974f848e7d1f49264,896286,5477513.0,5370.0,0.00098,2,1,340
2025-05-11 17:27:36,5fa6cf4ce37fc9afde2de1e6f4da2c8ca50b09a2d02ba1f33e0bfbe39b7e9835,896286,995671.0,12000.0,0.012052,2,2,395
2025-05-11 17:27:36,a98ddbe6a5285ba6af6fcea64108a3ff67be0d9da749ddd173579933b51eaa1e,896286,8593.0,0.0,,1,3,191
2025-05-11 17:27:36,152dda9b5bb72ba85cac7474cfd842afc3cd771952c9d82e2aaa0ca45d42ad58,896286,11549.0,0.0,,1,3,261
2025-05-11 17:27:36,d850b58ce6575bb2ca03b3b46bd298291cabb3952ceba172a7ecada8bf21acc1,896286,313806395.0,0.0,,1,6,448
2025-05-11 17:23:59,28ca5bc586407c31bbe90285d2e65b6a8665554664c74a75e1f49f9c31591e29,896285,351.0,129.0,0.367521,1,1,267
2025-05-11 17:23:59,b3e986d4029460851c857bbf32b7ab5d6a94260d3e4a1bae132a7efdf3820b29,896285,8898.0,102.0,0.011463,1,1,153
2025-05-11 17:23:59,b11b45fc9507107aa6111aade33d9e258efb86685d99a80ce9b29dbe34f10229,896285,4439.0,111.0,0.025006,1,1,162
2025-05-11 17:23:59,b4498b45a84f5c0cc8272902826ffa1d3fa03abf6d722dd1810f4e1ae3ddf528,896285,546.0,152.0,0.278388,1,1,325
2025-05-11 17:23:59,080bc4a1425977cac7ad934ac98a040d6a094877de33f5ec90f722973ee6303c,896285,17078.0,154.0,0.009017,1,2,205
2025-05-11 17:23:59,8ff4e7663fc521e9020dbe3e59928d699beabf5fec7f22274523a1420cbfe628,896285,44475.0,142.0,0.003193,1,2,193
2025-05-11 17:23:59,4316cd4677eb24c4282e299dac6f78f6cfa374a8b77e9cdb298e878c303eae28,896285,330.0,151.0,0.457576,1,1,319
2025-05-11 17:23:59,c210f6fed2a8b10803d9fa5cae9c46757ce00f441303612397bdee5a16808a28,896285,330.0,151.0,0.457576,1,1,319
2025-05-11 17:23:59,af7ff9e4965d5af74adb42481be9cebc93405ac562c2ccfc5e62b6ddde5e7328,896285,10359.0,154.0,0.014866,1,2,205
2025-05-11 17:23:59,6739863d7cbb771dac8e19aa5955e22a5709526a3fcb40613f0de1f565963128,896285,977400.0,122.0,0.000125,1,1,203
2025-05-11 17:23:59,bb4486c65ce03c38f30919c19c99fd942232e338102a954ac6c708e0b9fe2228,896285,109191.0,212.0,0.001942,2,2,312
2025-05-11 17:23:59,d3ad0d4e32e54bf5fac52b697cf05a3fbb22d660f9ddde316342b422700c2228,896285,157914.0,154.0,0.000975,1,2,205
2025-05-11 17:23:59,527aecb6a352c4dabc6d5d986066a648b9dfea08faad8b6e564b63dc96df1a28,896285,330.0,151.0,0.457576,1,1,319
2025-05-11 17:23:59,891a07a40d154db128e7505b29b9813a73710da499f7bc226669e4ccd59fb827,896285,4999822.0,178.0,3.6e-05,2,1,340
2025-05-11 17:23:59,eae8a5034430de20f6aee8464952f4ec3186a89014a5c8af7260b47dd1c9a427,896285,71402.0,169.0,0.002367,2,1,269
2025-05-11 17:23:59,393153046dfedc5b50275e6c16760c8eeb22d7e4b34b4f5847eb7240c8be4a27,896285,330.0,139.0,0.421212,1,1,307
2025-05-11 17:23:59,21ac2c2a4dc550efd5afcd0f682f2ff5bd74a46b2c30d9596cf92497db282e27,896285,79589.0,141.0,0.001772,1,2,222
2025-05-11 17:23:59,379f9337d88cf516ae64b04faf720e5ce85461fba6b3d586d92ab1cc81871027,896285,12486.0,164.0,0.013135,1,2,245
2025-05-11 17:23:59,0b9851a33bd5d0eeeea0cfe4268e5b87dae2b983e553b48bb626540570470227,896285,351.0,129.0,0.367521,1,1,268
2025-05-11 17:23:59,575793af4cb3372cbacdf48ad4db7021124bdd7fda55ce7bac97483bd8dbe426,896285,3118.0,212.0,0.067992,2,2,312
2025-05-12 22:00:06,bff056308b4fc12c2a4273392e57cc7696313994b7a4b90123cf974c0f993aeb,896461,11964.0,282.0,0.023571,1,2,222
2025-05-12 22:00:06,775cf804119f66bd494adbb1bd68c6f32148885b3bf856be61fd8364a485efea,896461,3294871.0,282.0,8.6e-05,1,2,222
2025-05-12 22:00:06,1368895fe829797c25107d23c5f4f465edcfac5209ca87e1228f2c975acc2fe9,896461,534469.0,220.0,0.000412,1,1,192
2025-05-12 22:00:06,dce08d38153d78c9416d500894535217f82d0f76aed8bca1cf90f5f29a950ee9,896461,28903.0,282.0,0.009757,1,2,222
2025-05-12 22:00:06,fc48ce8fb57e2f13b9a554e6677cfce22410d89b7621e75353dc28c2d7ea41e5,896461,218354.0,222.0,0.001017,1,1,192
2025-05-12 22:00:06,43f037e3da795e8baa79b46d514ddbd11734250a6b67a0938dcc9f7f00b2bbe4,896461,944544.0,220.0,0.000233,1,1,191
2025-05-12 22:00:06,408fcbf23a14b0e873aed71f4dd3a1e6010064a04f7f59bd184300e89454ebe2,896461,33685.0,446.0,0.01324,1,2,223
2025-05-12 22:00:06,4ed9ddccfdadcca7c5f218aafa9e80e8e72422d9587504277f769ebb80a3e6df,896461,9496.0,220.0,0.023168,1,1,191
2025-05-12 22:00:06,e788d6b1eb401a751efa24370fac3fa812f99b50f4f36473ee8209955dcd9bdd,896461,5252026.0,220.0,4.2e-05,1,1,191
2025-05-12 22:00:06,ed2480c19debb0f9ab466a1fd789f15e10a9f26d81b5fe57c2f5533d509388dc,896461,3392.0,222.0,0.065448,1,1,162
2025-05-12 22:00:06,932ed8142de37059ce043ebb46a1a0d5d12ba22e01ae247506e796ca28954edc,896461,12880.0,220.0,0.017081,1,1,191
2025-05-12 22:00:06,c450da6366e0304b2059437be6124dd6affbcb0dd5c235315184cd49f9f20fdb,896461,31068.0,222.0,0.007146,1,1,162
2025-05-12 22:00:06,c1b6139551949aadc7f6072495346a739bda4ab8adb499b4df953d9bef7684da,896461,2500.0,346.0,0.1384,1,1,407
2025-05-12 22:00:06,92d475cb68e6c81b8572d4b9fbab7ee8517c9b5d193713528d4fbef486e93fda,896461,13940.0,220.0,0.015782,1,1,191
2025-05-12 22:00:06,69238c9f7d71ccc6cef6f16bee11dd2d9ce48a4244b242743f60ff519b95b4d9,896461,2475434.0,416.0,0.000168,2,2,370
2025-05-12 22:00:06,19a2dc07eabfdd1214d78b8d0849e88b3bb9ca35c4c93d89faca105e42d286d8,896461,453899.0,220.0,0.000485,1,1,191
2025-05-12 22:00:06,7cf4a23f2587d19ef7b67197841595a8b260f8e06afcec5c5ea65b954a0f53d8,896461,6979.0,220.0,0.031523,1,1,191
2025-05-12 22:00:06,7dc4e77e7dae66d21f77a4cdc8811bf0405e94cc43cd78fa76682e2ca43179d7,896461,3696.0,342.0,0.092532,1,2,307
2025-05-12 22:00:06,b78a34d20b83d7b855cf2221fe534e03166896a0661855d58bb0af33504e51d7,896461,85348.0,282.0,0.003304,1,2,222
2025-05-12 22:00:06,3083d521a2c8bd8ef432ad1f1b87d4f95796071396a48361092c5bf3fc06ffd6,896461,2344074.0,446.0,0.00019,1,2,223
2025-05-12 22:00:06,b0101d9627d05e601872d286bf22c6b805605e48017d842d95c73ddd4ae5e9d6,896461,1138770.0,416.0,0.000365,2,2,370
2025-05-12 22:00:06,4e4773c55ce444b57dc7df3b6377ffd0dbecb153e93466e5a35894a6175ad5d6,896461,125140.0,452.0,0.003612,1,2,226
2025-05-12 22:00:06,2b530aa948397989f27cf1658df5f7dfe586df2f95dac2c3b607b89f1fa9bed6,896461,13622.0,220.0,0.01615,1,1,191
2025-05-12 22:00:06,35598dcb44422f15a672ecae23eafd5fab8aa7455100de58d563a8094af91fd6,896461,890825.0,768.0,0.000862,5,2,633
2025-05-12 22:00:06,98f9ae0d660b7c60d385f682a65a2252031be11e1346216f2517acf2828bead4,896461,583714.0,286.0,0.00049,1,1,325
2025-05-12 22:00:06,ba897f355c8e5e562bd83775d252ca41404f128d55a1729836f9b942d600e0d4,896461,458201.0,282.0,0.000615,1,2,222
2025-05-12 22:00:06,4cc04df59e3856e531dd31efefac862856253d37b7db3c99bc503e7e6e9586d4,896461,13474.0,220.0,0.016328,1,1,191
2025-05-12 22:00:06,92e67895220ed80ca8faa9a8a7007887d6392c38f97a267d8a4077b525fb18d4,896461,13890.0,222.0,0.015983,1,1,162
2025-05-12 22:00:06,3e763ab1087f458ff9c195a12f55101b133a8e0bbd7f0b72523febe7fe117dd3,896461,58817081.0,654.0,1.1e-05,1,8,409
2025-05-12 22:00:06,f980fb37bf09a2b8ae557b345887fc4dbceeb8f0e2b9ea85b38e6fac1aacabd1,896461,230269.0,552.0,0.002397,3,2,518
2025-05-12 22:00:06,95a3b1b89a478541a52059f55fe6627b035afbb2c5e2594d53ab0ee630a184d1,896461,247739.0,284.0,0.001146,1,2,223
2025-05-12 22:00:06,988b97f56ad81372e04afb1f559aa8027d0194a119e0888732a3c7f25bb5ddd0,896461,11208.0,220.0,0.019629,1,1,192
2025-05-12 22:00:06,9eaf26006999ab486acb9a89e7ba9d32f2f6f8375901dfe99290e862546bb8d0,896461,6922.0,530.0,0.076567,2,4,366
2025-05-12 22:00:06,0b12a9a6c4881f714ea5b836628944bbcd9ef4cebba7d38f59e0771d39d0abd0,896461,19691.0,256.0,0.013001,1,2,210
2025-05-12 22:00:06,64a6e5069afab33477902b02e965979f8499cf835ff134173e657ed6d251aad0,896461,1844.0,220.0,0.119306,1,1,191
2025-05-12 22:00:06,2e42f4fa76dd1de67d4c0bc038bef9e4290f40903d7a472699e4e49f924186d0,896461,528942.0,284.0,0.000537,1,2,193
2025-05-12 22:00:06,3c7af17e0a9b7a181f3a2f598f8cfa05ec883a60a0c497b3feef989cf4bb54d0,896461,71091.0,282.0,0.003967,1,2,222
2025-05-12 22:00:06,3ec877549a5fc5c8b26a0963d31412e974f19a80235c5ad34278d01caf2e0fcf,896461,44047.0,284.0,0.006448,1,2,223
2025-05-12 22:00:06,e278e5fc6429ebeba175ef64bd3d8ed6935aff48513f77de5ff0356d53e7b7ce,896461,13974.0,220.0,0.015744,1,1,192
2025-05-12 22:00:06,a522a53c88190115442bcde80a8e050707eeae0a5f3e15e0ad4a40738d849bce,896461,546.0,304.0,0.556777,1,1,323
2025-05-12 22:00:06,0eda2c37ed0f04d1df592a6ff19859c436ef8869b8430b6ea35010942e768fce,896461,24493.0,288.0,0.011758,1,2,225
2025-05-12 22:00:06,0c93d866237a390aadbda9b415e99e8bf3aa81729a9b1f2fc5030029cb8ab9cc,896461,19999780.0,220.0,1.1e-05,1,1,191
2025-05-12 22:00:06,8aaa654c37856e9d74fd6d4c25ab1401c01dae341b17837bb146e9556b0160cc,896461,583714.0,286.0,0.00049,1,1,324
2025-05-12 22:00:06,4805022361d3d9211c7376edd67de6402c6eb4daca15bcea7b3327685360afcb,896461,12173.0,572.0,0.046989,2,4,386
2025-05-12 22:00:06,aaeb5c18cf1821671208726f18dca3db75f88f9113e9fc7180ea758362b96cca,896461,116224.0,742.0,0.006384,2,2,371
2025-05-12 22:00:06,ed31e6331a2ae9dc596c833f3454db1b22dd5a8561496ea2a3de8c4304b6efc8,896461,583714.0,286.0,0.00049,1,1,325
2025-05-12 22:00:06,2fae46d4466c5c2c54ae9a53a2918488c4c07103963a005b3b086f24ec286ec8,896461,288894.0,284.0,0.000983,1,2,223
2025-05-12 22:00:06,73d891f9a5c7db283e208aef8c5a6eae16fd159b1148aeb72ccfe588112147c8,896461,29778.0,222.0,0.007455,1,1,192
2025-05-12 22:00:06,3dfa2bf84e50f5c9752fe4194bf8ae9422dedb6f65c8f50aeb6874a1bcac7ac6,896461,13474.0,220.0,0.016328,1,1,192
2025-05-12 22:00:06,2962e00c965144a399067d60ba09479d6a0fa919040382066d4fe362fb2b6ac6,896461,30316.0,220.0,0.007257,1,1,191
2025-05-12 22:00:06,a60af467302c17245e4bcbfbb69bba56392e894cba9d9efcd556091a2ed231c6,896461,13974.0,220.0,0.015744,1,1,192
2025-05-12 22:00:06,1b43d6441245baf44eb0edd40daa59c29654dd5095be11a6ca0a62e0de2399c5,896461,427579.0,416.0,0.000973,2,2,370
2025-05-12 22:00:06,8c6b854381548b03e47a821947f0507e28442d17ed24f859212ce28a5437aaf5,896461,999718.0,282.0,0.000282,1,2,222
2025-05-12 22:00:06,94db8ac517d75022df0c01105e42707e97a2b7c00dc9b4f13e024de24d71f9c4,896461,7180.0,560.0,0.077994,2,4,411
2025-05-12 22:00:06,4f4959de6fedbd2a128af626932d8c7057b8604bb333bbfef0b9be40e66ee8c2,896461,25888.0,220.0,0.008498,1,1,191
2025-05-12 22:00:06,eef2a8b92939bc8251e5848287b06526b673b0b856790ba8c963d77a9bbab7c2,896461,3392.0,222.0,0.065448,1,1,162
2025-05-12 22:00:06,792502dd8f62cc507ca1810830f2b07b3cdd7caae71c162b017c83c986d2c4c1,896461,208270.0,220.0,0.001056,1,1,191
2025-05-12 22:00:06,26278bbe3a5c80276cdd2653caa7445a9558e3cb904c4454c65b82879ba31bc1,896461,33780.0,220.0,0.006513,1,1,191
2025-05-12 22:00:06,c4c3588c5099449027bba02f875fd37969cc2be4892e2648f71528c1a43566c0,896461,1202108.0,282.0,0.000235,1,2,222
2025-05-12 22:00:06,aef45fb7f57884d0285e4adda95182998c0c3adc1587bd36764347826d03dcbe,896461,1299580.0,420.0,0.000323,2,2,373
2025-05-12 22:00:06,b2f3052aeb065ac459750392e10e71e91385ea556fa90806ce151a94277d34be,896461,147768.0,288.0,0.001949,1,2,225
2025-05-12 22:00:06,3888fb7873a7e208676860c9725dc438de4c6aa57c9cbb68ae2c8a738e94b2bd,896461,904205.0,220.0,0.000243,1,1,191
2025-05-12 22:00:06,fc1a5e880a43e48482988a69337f239cf97b93f956a5b47f0663107a424576bc,896461,6379.0,220.0,0.034488,1,1,191
2025-05-12 22:00:06,c8c7f42baf578edf41347cc2332ee8bb3de48663abe89bd5dd0ba4911d7a5bbc,896461,16369.0,220.0,0.01344,1,1,191
2025-05-12 22:00:06,1a26756575932cc0a7fd6f2a2cdde7973b5d7b8e9655a9558094ab859d748fbb,896461,13474.0,220.0,0.016328,1,1,191
2025-05-12 22:00:06,1e0fd8e951b535a8080ac2f27b679842af7f8ea9c40d4c5843cde1ee402accb8,896461,19780.0,220.0,0.011122,1,1,191
2025-05-12 22:00:06,42bbf3b40ea0b301fe110d0b81482284b4f78f85d8ad186d3b94b6854762d8b7,896461,85506.0,416.0,0.004865,2,2,370
2025-05-12 22:00:06,abd26498bdba80e6a3a5b8647e4de3bb955b9f070915b06ee238d09a5b4a9eb7,896461,583714.0,286.0,0.00049,1,1,325
2025-05-12 22:00:06,76ced86267e9807fc9f1b63f7011b26e3692c060d17470c97b66de7637cb5fb7,896461,14370.0,220.0,0.01531,1,1,191
2025-05-12 22:00:06,3dba55275d60fe12fbed42fa866bc2f8a3755c36920437cf6724e0ea1513eab6,896461,2313528.0,744.0,0.000322,2,2,372
2025-05-12 22:00:06,906a0f88856f1020c19dec398a9d672f3b6feecfef4f27f2fbcc9df47144e7b6,896461,14235.0,220.0,0.015455,1,1,191
2025-05-12 22:00:06,6899e80c99f6f2d1c5e1235b212a7ab5f899bc2cef60570ad48f1f9185929fb6,896461,97386.0,282.0,0.002896,1,2,222
2025-05-12 22:00:06,241f230c365256e0503136476746b9f96acbcca141b11ea7cec4567b8070afb5,896461,23154360.0,282.0,1.2e-05,1,2,222
2025-05-12 22:00:06,1d0a5dfcb7995a6e6dfa9747f23238a0ca7438c4a02644e007413dc34c0638b5,896461,305853179.0,288.0,1e-06,1,2,225
2025-05-12 22:00:06,b6ca12b37143f116adbf9e6b94a42c3b9464405456135317813e2eb1f3cd22b4,896461,8704717585.0,330.0,0.0,1,2,247
2025-05-12 22:00:06,5a7ba07847afade5fb2bff292be2311a803f48b003dc46ad4468f026b60120b4,896461,2120658.0,742.0,0.00035,2,2,371
2025-05-12 22:00:06,e8287a380afc7ffcb12d041981daed9b3c88231c27ed279f4c729baf8e1298b3,896461,41552.0,448.0,0.010782,1,2,224
2025-05-12 22:00:06,392607daefdae330119a30123be6d495049f2c5be74d3d9b8b2bc5c2015a3bb3,896461,10881338.0,282.0,2.6e-05,1,2,222
2025-05-12 22:00:06,1cce45fd8d5b0943c2020712ad711a0dfa3bab7b8c13d95e97f6fec18161d2b2,896461,529718.0,282.0,0.000532,1,2,222
2025-05-12 22:00:06,eba7835114a4e53b1e4947c550d61b2f6103597a4b92b88557aaa096be4891b2,896461,546.0,304.0,0.556777,1,1,323
2025-05-12 22:00:06,66cccad1ebe0bd90ba48146bc28dda17a185592537dc5c57a91a2aaae1766fb2,896461,1291344.0,416.0,0.000322,2,2,370
2025-05-12 22:00:06,475aa47de9d29479e2d2afddc4c319d229e01b7ca509a7701a0612d232a718b2,896461,13474.0,220.0,0.016328,1,1,191
2025-05-12 22:00:06,cd8e561e05b0077acb346ad956d379492cddf89c0b58e6410a9e5cd8368816b2,896461,21808.0,220.0,0.010088,1,1,191
2025-05-12 22:00:06,99463423895d781c5212c8add8a67f8cf1aea4273b41c4bc45af84231fb146b1,896461,165619.0,222.0,0.00134,1,1,192
2025-05-12 22:00:06,626034d0d1955a1c77d90591c0ff21b630638a7b42ddb8d8f4b37b097442b5af,896461,300597.0,1700.0,0.005655,14,1,1544
2025-05-12 22:00:06,beaf3dfee989c8deac4f406782cd0b10283e293d769c2e5d38b355a15d9725af,896461,570663.0,428.0,0.00075,3,1,364
2025-05-12 22:00:06,35be93271d18beff6a3dacd806e98573ab53bcbbd02d63977f79adc63dccc6ae,896461,7780.0,220.0,0.028278,1,1,191
2025-05-12 22:00:06,ce641b1839e41953458fc92e833b2decc2d66aabe4464061b57f4ae2e5afb4ae,896461,13780.0,220.0,0.015965,1,1,191
2025-05-12 22:00:06,a88b1d696d1bcbb1d4adca149729271fad3ed7c2cda8998924cfb84f18d934ae,896461,83074.0,958.0,0.011532,6,2,961
2025-05-12 22:00:06,1cb3fc5812f33b551529fab86bb0b9fafc2b0973b8aac24594fbe83280bdfdad,896461,222459.0,222.0,0.000998,1,1,192
2025-05-12 22:00:06,0afdc4f906d9f5b22b1ab623017ab95448d35f3c4aff033d3e84de511b08c1ac,896461,2320921.0,282.0,0.000122,1,2,222
2025-05-12 22:00:06,c1a2dfe2b33dbb4c37c5bbb614fe28714f2cd2bae87f85a00e17e1006dd9d4ab,896461,30297.0,220.0,0.007261,1,1,191
2025-05-12 22:00:06,6bb9b34d992f026d860972aaeac7c045198fca621ddf47e5ad25060ddf6fc2ab,896461,238470.0,960.0,0.004026,6,2,965
2025-05-12 22:00:06,b619782163ed933e9377e528d8b3b39345b6ed3470252dd96606df34559f8dab,896461,30968.0,222.0,0.007169,1,1,162
2025-05-12 22:00:06,763e49f9e04addf16cafadab2163a7485b847ef879dcc751bc34c4d3da098aaa,896461,7119.0,220.0,0.030903,1,1,191
2025-05-12 22:00:06,b634f50f3916956346acdf85317b8f16d183be78e06d9e1068550cc178c489a9,896461,80528.0,220.0,0.002732,1,1,191
2025-05-12 22:00:06,a083bc800a0d776a56e760c58f8bd4d18922454424d5df421b54381b33ca3aa9,896461,1473233.0,452.0,0.000307,1,2,226
2025-05-12 22:00:06,bcb0eeec2e8d9326cceaeafa5ff4dd300eecf026d01389ddfa8238f362a019a8,896461,39492530.0,420.0,1.1e-05,2,2,372
2025-05-12 22:00:06,5751cd8022d51352812786ffda8a3f1c435d201215ea46e837aae077006008a8,896461,128353.0,220.0,0.001714,1,1,191
2025-05-12 22:00:06,e515a441506ee8f19e0660247b4259473fe908a2a90a87655b24a14c5ab894a7,896461,4474.0,220.0,0.049173,1,1,192
2025-05-14 19:23:31,c8586c1006ff05e894b15a38d0ddd6ebbad9cee1be377d6f0fe552a90cfd0e9c,896711,24424.0,576.0,0.023583,1,2,225
2025-05-14 19:23:31,926c5cebe883c07c823173ead90596d90875a55f4688e8482dd38e466616c39b,896711,602009.0,452.0,0.000751,1,1,195
2025-05-14 19:23:31,8f127b1305d80eb1f7b018a1400148b95cb1c2f5582b51ddd0727198def8e29a,896711,435332.0,568.0,0.001305,1,2,223
2025-05-14 19:23:31,7d715a15b588459c2804d64dc80cb18eb7f120261d07cca8717731a3eb72899a,896711,974416.0,564.0,0.000579,1,2,223
2025-05-14 19:23:31,9f6e569a2317cdab10268927be1d367beb7d66d40335a923324552bc5b6d4e99,896711,350967.0,576.0,0.001641,1,2,225
2025-05-14 19:23:31,dbe03d1312170f915d2439562a8d5cb70f82dd17b6515a00319b2f1a57c14d99,896711,33380.0,452.0,0.013541,1,1,195
2025-05-14 19:23:31,3d6eaebd85ef445318375c8d211ffe789b5f4426a5b90cc525d0ca5dd818fe98,896711,107432.0,568.0,0.005287,1,2,223
2025-05-14 19:23:31,affae26123548c4c84d6f6ec5f88476015aa2ceb47d4b85feb560ff6f63fb898,896711,270915.0,576.0,0.002126,1,2,225
2025-05-14 19:23:31,8d531b4396f710ca6c3bd5384988382de18c5d73442fc549d0098ca194b6a498,896711,4867253.0,452.0,9.3e-05,1,1,194
2025-05-14 19:23:31,cf2aa9e31a2b4700a5275fb072433de00e893ca78d4a1777c0390ad699f77f98,896711,49051.0,452.0,0.009215,1,1,195
2025-05-14 19:23:31,047027bec51e52aec5828560cb1328b3a7dd874bb76e9c01f9d9b365e07b2398,896711,171788.0,564.0,0.003283,1,2,222
2025-05-14 19:23:31,f1932ef35bdcd20c3b7c35bf8aecafbb4045e4cbef468de0f91a86d750441d97,896711,6102999.0,576.0,9.4e-05,1,2,225
2025-05-14 19:23:31,38db925dea22609d708888c95c02f28c6ebeaa3fc1cff091b76b652f5dbf0397,896711,5503820.0,612.0,0.000111,1,2,234
2025-05-14 19:23:31,baeff72ab1f075908f4cdd3918c136c24cf840c3d2dcbee4fad8e44d4e0a3096,896711,18907.0,452.0,0.023906,1,1,194
2025-05-14 19:23:31,6c01e614dfa6d32130721592afc0b3d5281995b93a7db241a7d4587a29dc0b96,896711,196865.0,576.0,0.002926,1,2,225
2025-05-14 19:23:31,1b4357f62e1308ba28ee40b1c79328e758b460cfa7417e472883e94b6b20dc95,896711,679161.0,568.0,0.000836,1,2,223
2025-05-14 19:23:31,b83f45bf211d9b84c1ae9dffc45cc180681d8512c17f674fbf522545b668da95,896711,37299.0,564.0,0.015121,1,2,222
2025-05-14 19:23:31,4ec8fbba33dc5524dbaa9dd07321dab171eb0833b96faaf5221f7240d35d5295,896711,21764.0,564.0,0.025914,1,2,223
2025-05-14 19:23:31,f04ec96deb6908e2d8f8c45f50ef1c97b87db2dbea8fb13038f890a727ea1595,896711,59257.0,576.0,0.00972,1,2,225
2025-05-14 19:23:31,94ba741a4ec5d0e1cac558aa3371a41985dd71fb38835ab714a6d0c96cc4e794,896711,1334437.0,452.0,0.000339,1,1,195
2025-05-14 19:23:31,e3d1df0a9d5df0892005d12f76e1a970ddf324665669c9bba2b0071ae339ae94,896711,49299.0,576.0,0.011684,1,2,226
2025-05-14 19:23:31,324c834e5a7b8a34da61b6d6671f55060aa6780c5f5636a9766f7f9a8d454294,896711,49151.0,564.0,0.011475,1,2,222
2025-05-14 19:23:31,2722df3cafac0d32ff922a431f9f20f9aca2e30fc0aa53c8f19fa1e28c6e9a93,896711,391240.0,760.0,0.001943,2,1,352
2025-05-14 19:23:31,e9a6162d87759de456b76ff48706c61ed092712d2d081b783f9bd104f9322993,896711,2399560.0,440.0,0.000183,1,1,191
2025-05-14 19:23:31,5baa1cadd69407cb8485120406dbfa2463a5bfe3baea30e7f5b289344f710893,896711,677875.0,452.0,0.000667,1,1,194
2025-05-14 19:23:31,6a205da070ef758e11243a6722f9a4b7c523fc0a484c7fbf93b962801d2ff692,896711,463420.0,440.0,0.000949,1,1,192
2025-05-14 19:23:31,6e80dd4299a7d06102aad1ed59d051b28ddb17632b3dfbdf051baa8ee218e192,896711,3148497.0,716.0,0.000227,2,1,341
2025-05-14 19:23:31,475b19751553be1348112e25c6e23c1bde807ca7a700b551742dd18c60a49a92,896711,94751.0,440.0,0.004644,1,1,192
2025-05-14 19:23:31,38dca06ffe128e2e0d9a516e6004ac1abbced59a55d351076f6631d696f68e92,896711,118857.0,452.0,0.003803,1,1,195
2025-05-14 19:23:31,b96c8dc5926e5a5389c21cebc60a2f4dcbf14201b035ceb8ce54834babec8692,896711,20922.0,836.0,0.039958,2,2,372
2025-05-14 19:23:31,92be9985c68c282d9b357d94cd8b9dafa092e10d94c759a79061c522d250ad91,896711,87960.0,440.0,0.005002,1,1,192
2025-05-14 19:23:31,3d0ef79ff01f264d5b3a74594ea6ec6945d6e0b12526d8aebba666373dd16090,896711,1447312.0,564.0,0.00039,1,2,223
2025-05-14 19:23:31,b8dbe4f196ff4bfda302d264cd121de1b3ef367e60ee0651d61219bddd1f1e90,896711,40656.0,564.0,0.013872,1,2,223
2025-05-14 19:23:31,ee3b0c288cfeb2c901e43fd1437c3649d07170b29585acc0c30de07aa1a5ec8e,896711,1916071.0,452.0,0.000236,1,1,195
2025-05-14 19:23:31,b96f7f7d3bf67e9e2414b246026396b4a4d2e6a3aaf3e4e5b252eeef9645498e,896711,3703395.0,440.0,0.000119,1,1,192
2025-05-14 19:23:31,ef1fbbc2e7154c49cafa3990eafaefbc376df9558bf1b14c5b6775244aceb68d,896711,11652439.0,724.0,6.2e-05,2,1,343
2025-05-14 19:23:31,2424f23b7f85f36e8f0f13bbeadb216c7ba793efe450d7fbfa18b52ae022b48d,896711,504217.0,564.0,0.001119,1,2,223
2025-05-14 19:23:31,d868b15d2b8dac4d9391515d18994ebdb1360e90cad566a5a55f76a58a13b38d,896711,22679.0,440.0,0.019401,1,1,191
2025-05-14 19:23:31,272131cb83d683f12b29947eb2acf89f0cf1f4cb3e69d2cef8d02bca0611f18c,896711,688576.0,724.0,0.001051,2,1,343
2025-05-14 19:23:31,a500b7f66e02c1edaaeb1213ec245d5655d75167ea2f414aa2491648fda3ed8c,896711,855089.0,564.0,0.00066,1,2,222
2025-05-14 19:23:31,9cf39747b709894a1d7afbfddcce78d763e4c7e8efc9355008d742b42c6ddb8c,896711,210560.0,576.0,0.002736,1,2,226
2025-05-14 19:23:31,d70e28a698201ef6457ca95bb89726295c62ace85e3303077472c3fc4562d08c,896711,11121333.0,452.0,4.1e-05,1,1,195
2025-05-14 19:23:31,d256dfa5f6be0fb278f13c314b8568340e07a4bdc3154687ed3ed5942d7dc58c,896711,51518.0,1108.0,0.021507,3,2,521
2025-05-14 19:23:31,549b42362bc661b5b190e9d3f057d7d0b9ad991e072f41207f8ea5e4f4058c8a,896711,15719.0,564.0,0.03588,1,2,223
2025-05-14 19:23:31,9990f7bb724543aab0e327b44b6408264d819216f5109a15a860b3739a04588a,896711,1363850.0,564.0,0.000414,1,2,223
2025-05-14 19:23:31,21b102ddfe4802f3ca91a89e3571726cbd7910d79ee908f0eac7d98d110a278a,896711,88939.0,444.0,0.004992,1,1,192
2025-05-14 19:23:31,076ea8867c5a967ca5f53e98b258b9865f01ac529c12ad00b146fb70fb14ec89,896711,38292.0,452.0,0.011804,1,1,195
2025-05-14 19:23:31,6787ab417cc2bb27f7f6b82ae73dfcbe1fa10e301b8c997f4adf3530c1ccfb88,896711,1056916.0,568.0,0.000537,1,2,224
2025-05-14 19:23:31,86cfb6b60b2ef7b9d43141c737d2be0ab54437ccef55da6f77bb3bc8cae52988,896711,1232425.0,576.0,0.000467,1,2,225
2025-05-14 19:23:31,c3f60d95add742509a23c7d0568463cce58d3d319e5f327418c9a522565c0087,896711,174986789.0,708.0,4e-06,1,2,258
2025-05-14 19:23:31,e4bb9e2ddb0921f4a8992cb43c1d7c34c97a9a0eddb5d0819be77fa2fcc4dd86,896711,2170884.0,576.0,0.000265,1,2,225
2025-05-14 19:23:31,8f9dabfe03fa6067b8068dd2b363644dd7ede61731f943a806017ae5b19ba386,896711,232182.0,892.0,0.003842,1,2,223
2025-05-14 19:23:31,c493cbbc6e900d80625932a6e6aed85c90d546f8ab1249a2f3d6fc17ea1b8586,896711,36518.0,836.0,0.022893,2,2,371
2025-05-14 19:23:31,5609d5046e9df494aed074ee5514643146352e2689f1c04597391299a9506686,896711,43137.0,616.0,0.01428,1,2,205
2025-05-14 19:23:31,6a6b75bd7b074462a2a6bd8a5d947f3366f00aa56e6b6cc75a7ce72d64ed3b86,896711,3878912.0,488.0,0.000126,1,1,204
2025-05-14 19:23:31,a501c46e3e192f1767e1ca00f3210ffe91f41b7b8db5196fccb614aab2fcea83,896711,96360.0,440.0,0.004566,1,1,191
2025-05-14 19:23:31,c32bd2895e61ae2f1375d7e6fa823ba23cf2c79dc46511c17ae34bb03a8eba83,896711,241067.0,440.0,0.001825,1,1,191
2025-05-14 19:23:31,0f9dcebbcc4a7a2dff56da8e20c45cba501fe0cdff86ffc73d11fa6050c18383,896711,130625.0,452.0,0.00346,1,1,195
2025-05-14 19:23:31,0947fb68fd3b58ac0cc3612d7f24c743f180e5077752152425befb7ddc9ccb82,896711,23350.0,836.0,0.035803,2,2,371
2025-05-14 19:23:31,f36af7da392c524fa6d59b238359c670434a29ce2f1a8adbb4239e108bf1b282,896711,118242.0,564.0,0.00477,1,2,223
2025-05-14 19:23:31,d811e741fbb64e95c99f8d8aeb0f3c438154d353a0a656c4188eacb92a2f3182,896711,11476.0,564.0,0.049146,1,2,222
2025-05-14 19:23:31,e0eada1c34ccb31472e755fd03f8204f3c4b2aa559d30eb210e07166e1e7a981,896711,290606.0,440.0,0.001514,1,1,192
2025-05-14 19:23:31,2152f8a366b482dd6a8ee6bee2917ee87813c8a250d06efdf305c92e3f33a081,896711,94090.0,452.0,0.004804,1,1,195
2025-05-14 19:23:31,3f28088a57039a2b3dc159dec1dd9696eea9faff6f80333e39c2d9b20f0bae80,896711,348548.0,452.0,0.001297,1,1,194
2025-05-14 19:23:31,6d6ee668a6f1cdaac24d53b7ab85decec5a0cafaf09cfb053811971d66de9d80,896711,93254.0,452.0,0.004847,1,1,194
2025-05-14 19:23:31,477cc4c83688d3805532ce5b3acdb4b9fd4a6acbc7f7bc24f432ff9e70a7fd7f,896711,768928.0,568.0,0.000739,1,2,224
2025-05-14 19:23:31,81039b1f227c1c95127ac71ad171a7a2d9cddc8e65b9fdebe9756f5001a3ef7f,896711,30523.0,452.0,0.014809,1,1,194
2025-05-14 19:23:31,4eee651719354faf2b77c2700ef299974441b8461a4d59f81651feff617e647f,896711,489796.0,568.0,0.00116,1,2,224
2025-05-14 19:23:31,50e76c0269d08a6a3119fc91f16a7ddb961d45b6b55748987f088d601369d07e,896711,45421.0,568.0,0.012505,1,2,223
2025-05-14 19:23:31,84019fe1459f62f43f4e1a25b4ca0e5153051bd7e4c8e69a9254bd155856b67e,896711,58819.0,564.0,0.009589,1,2,222
2025-05-14 19:23:31,47903bf72070cd7f928ffd677f7480e048b30317c49ff45f56026d8f688a987e,896711,3580548.0,452.0,0.000126,1,1,195
2025-05-14 19:23:31,6f1ac19732dd9f946831267c7f4fe7d5c6bb5bde5e41c8f9513c61cae1088a7e,896711,3512284.0,836.0,0.000238,2,2,371
2025-05-14 19:23:31,2135cd88a47ce34f22ca3382667c4ae3168f6a991fd4add73f2c92c6a195ea7d,896711,119565.0,440.0,0.00368,1,1,192
2025-05-14 19:23:31,c597d64c5f0d7f29942aa650d658d0b8395119edf75124c91829b35deb90c17d,896711,287631.0,564.0,0.001961,1,2,222
2025-05-14 19:23:31,5c1b87dc2e2f17a11217e09c0802e793a737d9323a4a60fdb884b097a059567d,896711,4771781.0,564.0,0.000118,1,2,223
2025-05-14 19:23:31,a39173b5fe2a30b997dc87059d5c2d6d5c4f849d3039b5606b38ecd91975ee7c,896711,103045.0,444.0,0.004309,1,1,193
2025-05-14 19:23:31,b349983dc1ec5dd66cccf055b85e03e0e36824fecd90d1a5463a08ae133cdc7c,896711,131248.0,568.0,0.004328,1,2,223
2025-05-14 19:23:31,309399e9a3fb52400019f086008dc5b6077bc8d57512cabc80b30d165be8ca7c,896711,71322.0,452.0,0.006337,1,1,195
2025-05-14 19:23:31,75d93495bcf2d4e293ac084d2d7021a76f5691c3baf9af487951a011d06b197c,896711,43519.0,756.0,0.017372,1,1,189
2025-05-14 19:23:31,ba82fe39481ac349dffd2892dc9b7880dc124f06e2117f06662df9a3279d777b,896711,60677.0,440.0,0.007252,1,1,192
2025-05-14 19:23:31,99693aacd0166adb38cb9b1b5b94754b4dee2270c72209a784fed94c0d78487b,896711,31202.0,576.0,0.01846,1,2,225
2025-05-14 19:23:31,fd117760fc24047d773c80dccfd248ea48f23707c2a4a7300c06bb3495035c7a,896711,1134502.0,440.0,0.000388,1,1,192
2025-05-14 19:23:31,9c4628b278dd7da1c27b54a7eeb43ef5fd06a456021a0f666241090f93469d78,896711,56636.0,488.0,0.008616,1,1,203
2025-05-14 19:23:31,4e2a67cc7341cb5054a3157d5115941e246ea398b7cf2bd9e80ef3f0cade8a78,896711,65928.0,576.0,0.008737,1,2,225
2025-05-14 19:23:31,0727072a3a191abb0115db24a6ebfbea6bba956d30ccb2266d1be4e9cc4e1878,896711,41633.0,564.0,0.013547,1,2,222
2025-05-14 19:23:31,2f4f240b526b692318926a93206883b5c2bd659fd501de4e36bd04bb1300ef77,896711,9966.0,440.0,0.04415,1,1,192
2025-05-14 19:23:31,7b0c0957aafe4b5a15b40c78a107a6bc0cf942c2a122810a2843d55f2c5ac577,896711,1521643.0,564.0,0.000371,1,2,222
2025-05-14 19:23:31,dad0f11d0154321051fac68d84746bfd118d129f7ea47488073e2b740ef87677,896711,52549.0,564.0,0.010733,1,2,223
2025-05-14 19:23:31,56abfd71c1e0ef59e80d64c6f776bebf516e2f48177a908b760f652b38d55777,896711,58813.0,712.0,0.012106,2,1,341
2025-05-14 19:23:31,05319d9f47296f64190405252911dfefa2ecfef577d8df483e2566d63e790277,896711,13096.0,440.0,0.033598,1,1,192
2025-05-14 19:23:31,0ace831bf9d01cbcbb29acc095248e45d2a3f6339569010b1ef83a82c4c8fb76,896711,135191.0,712.0,0.005267,2,1,340
2025-05-14 19:23:31,8d555b0d30392e7d5ab3db772e53cc95bbbe5db4eedc42a0f7336550c91a9d76,896711,938413.0,452.0,0.000482,1,1,195
2025-05-14 19:23:31,24387357364523dc6d521b13088db0dc51e911c342f9dd867d4f149f51575176,896711,76317.0,440.0,0.005765,1,1,192
2025-05-14 19:23:31,8d2e7d945a127a547175be2fdf7a74736cba02daaaef2ecc5eb5306e8a49de75,896711,97330.0,576.0,0.005918,1,2,225
2025-05-14 19:23:31,93b893f3963b0e806704c2995306055878245aabff2e79dddec037b2bac57f75,896711,469474.0,564.0,0.001201,1,2,222
2025-05-14 19:23:31,b42b9391e6ac39af0cabad1b86e22fe2a8b45bd3b30fbfadf8b2b930ea050775,896711,955463.0,440.0,0.000461,1,1,191
2025-05-14 19:23:31,690bf764b5e6897baab8f8d01d7ee6c3d3a55c95ad721fb327e594cbf659e073,896711,257432.0,568.0,0.002206,1,2,223
2025-05-14 19:23:31,d2c736ec0b255e886677ab42d1638bfe5be85e54b2b58c02c9e8e86426e29973,896711,35732.0,564.0,0.015784,1,2,223
2025-05-14 19:23:31,ffb9c2058aa47604bbf3d981cd9ef5a96d190ce4071420440a6acf8bdd054473,896711,656878.0,836.0,0.001273,2,2,371
2025-05-14 19:23:31,0fd405f8a01a54eec0ba0d1accbe294a1a0dc55dc4c449633e4742cc79196c72,896711,233593.0,440.0,0.001884,1,1,191
2025-05-14 19:23:31,c0ede280c0e061c289c9528c605ea5742eb9f654db58b742732c3210c55773e8,896711,22481.0,564.0,0.025088,1,2,222
2025-05-14 19:23:31,82fc5e049f4c5f0cd3a0f0da0adedc5404c1aebcfad827c5048fa7eda43d42e8,896711,802036.0,848.0,0.001057,2,2,374
2025-05-14 19:23:31,eefb48e5f4e9b01f75f6d8d8d60f77f0b976959726034381f03b56c22a5616e8,896711,439001.0,836.0,0.001904,2,2,372
2025-05-14 19:23:31,2c4543af1ec6cb3b102440564291c1b9f7e215057e6bb2274f1fcc755487e8e7,896711,10607284.0,988.0,9.3e-05,1,5,329
2025-05-14 19:23:31,31bca2c353493cf134ceb1f8e344980420ea9910f07d4937cd47e26d17b6bce7,896711,228518.0,564.0,0.002468,1,2,223
2025-05-14 19:23:31,96c223f8fec5e8bb80129bbae45381f12b3ff1d55a76783ffb7bf69a220f96e7,896711,7073183590.0,2116.0,0.0,1,12,720
2025-05-14 19:23:31,b41a102cb1e16c49ccc7e3d5dcf378a89baf2191007321ec7fe387a2e1a422e7,896711,521913.0,568.0,0.001088,1,2,223
2025-05-14 19:23:31,4668d8caebf29b44403bae4de008605268e4d461206acf8d33e22ee28e8ee0e6,896711,12385.0,440.0,0.035527,1,1,191
2025-05-14 19:23:31,ab20ecf066259c10d5c39647f9c8afbeea2e76f0d3ba92f476fe20ca49fbd2e6,896711,14245255.0,616.0,4.3e-05,1,2,205
2025-05-14 19:23:31,a17968d19eb2db3ba3972912a72ed5166d0bfdfaadbc796cff958db7aa8ecbe6,896711,196013.0,564.0,0.002877,1,2,222
2025-05-14 19:23:31,0572a154cec6f622643f33e294b535b22fa29c83c15fabfc33b1ced774a668e6,896711,110964.0,564.0,0.005083,1,2,222
2025-05-14 19:23:31,6fb2255c73aa75bc4119b581bc37dbdbc039eac88f6bfc85a66d36e30153cbe5,896711,161780.0,568.0,0.003511,1,2,224
2025-05-14 19:23:31,caf670a45bc7d3fb1bfe3db149e525158d230775ab670e1b1315a0ba642a9fe5,896711,174273.0,904.0,0.005187,1,2,226
2025-05-14 19:23:31,315f1a249013c183c0ec398934c860cc1af83b33bfe195a1015b53da785eb1e4,896711,229425.0,440.0,0.001918,1,1,192
2025-05-14 19:23:31,1a533555f2f1b18ac1a10b8e0e8c6f3ac2399bfdfb8a2b0cd6c6357eaf0c9ce4,896711,118752.0,564.0,0.004749,1,2,222
2025-05-14 19:23:31,b4e6b0b9696712b79d98894e174bad7d52d4c30c488856b245df7efae22b70e4,896711,376988.0,904.0,0.002398,1,2,226
2025-05-14 19:23:31,ddc1afb4795d2e3e11ecb2fb147ef102d3636e3e6bae4780e162acf611744ce3,896711,153781.0,576.0,0.003746,1,2,226
2025-05-14 19:23:31,064c62ab87eb198ad594b8f99b873991389c7452ec070d210a4ac3ef87001ae2,896711,210453.0,576.0,0.002737,1,2,225
2025-05-14 19:23:31,ce2c907e08dd36a8ba1de7b6b9de99b9c5ddf67c01e55645ea9beee61a00f0e1,896711,1193872.0,568.0,0.000476,1,2,224
2025-05-14 19:23:31,b06fb0b911a5dc6cd2bf258d5fe99a649269405b266cd38be0d20fb1d8860be1,896711,3038143.0,840.0,0.000276,2,2,372
2025-05-14 19:23:31,54ca5458c04001d7526022dd60e5e71528126645f49372cf81ec9388927fdbe0,896711,1005192.0,564.0,0.000561,1,2,223
2025-05-14 19:23:31,da3aa1776ca258065fb3b1213881300ab07c8e1450a3748313d06e21f00207e0,896711,16983.0,564.0,0.03321,1,2,222
2025-05-14 19:23:31,f5f21eb03140a96295ddf5a2bf1be1dda8c8ae762c489525d5c18cfed9b003e0,896711,96278.0,452.0,0.004695,1,1,194
2025-05-14 19:23:31,d339ec50069080253fbdf3e00494c6cf7b09cb56bab016f16a71119e2878afdf,896711,369556.0,444.0,0.001201,1,1,192
2025-05-14 19:23:31,a364583e67a69e394c1edf43c5376b9f7a869fcb90390c63d8d896d61885acdf,896711,120060.0,440.0,0.003665,1,1,191
2025-05-14 19:23:31,a24eb853e5a448ce049a15557e6d8ace9fc82d8d65021f82aea5c8209bfa8bdf,896711,164619.0,452.0,0.002746,1,1,195
2025-05-14 19:23:31,f974497c2727a52a766772349fed2bdef91d1142c97e7e5a8f89f9e80b134cdf,896711,43127.0,452.0,0.010481,1,1,195
2025-05-14 19:23:31,0125c712bb16748ecfe9f1d243847f38debc2747a774a5f7497e543ef5af9dde,896711,24030.0,836.0,0.03479,2,2,371
2025-05-14 19:23:31,ef4fc432d385fdfbba65b5f0cf0688c25117d16b1466ac0086449dbc9ede70dd,896711,231680.0,576.0,0.002486,1,2,226
2025-05-14 19:23:31,a5b96e9d6bae0e1f10c8f047150f9e0759cbe5f206847bab15fb7911816946dd,896711,1430724.0,564.0,0.000394,1,2,222
2025-05-14 19:23:31,4007c3c61cf1dadcf8ced467daba8aba606e95b1eb71e1e5ac428c69c567e6dc,896711,61244411.0,564.0,9e-06,1,2,223
2025-05-14 19:23:31,0b68548ef519ac3437ea656262009080e0c37f63f68526aab6db75ca33efb9dc,896711,1896807.0,564.0,0.000297,1,2,223
2025-05-14 19:23:31,7fe03bb5fb4b447047562fbd8eeeed21a0dbc379851309b991d9dc38add3b7dc,896711,298996.0,440.0,0.001472,1,1,192
2025-05-14 19:23:31,eda36d9a85b0469aa4c885b234a758b9dee5ea20f1551d5c2409ab9461f9b5dc,896711,2145881.0,688.0,0.000321,1,3,254
2025-05-14 19:23:31,ca441b5223f348a13bb328333587f4e739ab3edd18f9018365d14776f676b5dc,896711,780379.0,568.0,0.000728,1,2,223
2025-05-14 19:23:31,7c79c7a722e6fafbd7ce2ea74b53fd836b5190c9978ae3c44a6fa59af2a68cdc,896711,81095961.0,564.0,7e-06,1,2,222
2025-05-14 19:23:31,a768da22616f804533203757d1935eaa3fb9c8698ac4a6bbf5a51d0edd0c17dc,896711,607.0,440.0,0.724876,1,1,191
2025-05-14 19:23:31,4d6eabb28898a435b840af1d9e9939f0b218a67b18a27cbab9f03fbde573bddb,896711,113118.0,452.0,0.003996,1,1,195
2025-05-14 19:23:31,91005aa9b836d8015d19b9a2b39d598a08615fc3c665b3ca2999dfa35c7781db,896711,18400.0,836.0,0.045435,2,2,371
2025-05-14 19:23:31,93fbf188cc8b887b18604e04dfbc72152c54e0b7046c1eb5cf0bfbf14d3e05db,896711,167280.0,848.0,0.005069,2,2,375
2025-05-14 19:23:31,39f5e1cbd9ba7cb8bd81aaae67fa3f2e936985f7b9cf6f6c0b594369663374da,896711,468403.0,440.0,0.000939,1,1,192
2025-05-14 19:23:31,c14453f24071331ae2b8d8d17624c4bad3cbb4ab52da155fa2fca8b6bc7857d9,896711,967606.0,444.0,0.000459,1,1,192
2025-05-14 19:23:31,8666484f1a87c1ac5bcd6740766723ae52e903cf451e3297786e4720bd9b29d9,896711,126034.0,452.0,0.003586,1,1,195
2025-05-14 19:23:31,eedaf8276861db8b6d227bea7c359e86555a1de9d87c83a2ffa7eceadc35bad7,896711,45945.0,576.0,0.012537,1,2,225
2025-05-14 19:23:31,1172332223a16f7a97e0e3dc8ead4b89efbfc826635cba1bd015062c1bca8ed7,896711,31135.0,444.0,0.01426,1,1,192
2025-05-14 19:23:31,42f7ffd99951b504c5300bbf0e0bd99a8c789353be60315d9661f923b803f2d6,896711,308305.0,892.0,0.002893,1,2,223
2025-05-14 19:23:31,6a50e896881786248e37b85c73c3bdcb077a1bb1b960eec2c29667a3aa9e85d6,896711,19979.0,564.0,0.02823,1,2,222
2025-05-14 19:23:31,c37030bb73056ca1d26f18e8f730d801f5b12d88f78d6cf3bce869797010b1d5,896711,7833.0,396.0,0.050555,1,1,150
2025-05-14 19:23:31,35c48de7700d7a6063ecfdd03290c68eaf5a1f585ce98ed653f581990e7b8bd5,896711,24656.0,440.0,0.017846,1,1,192
2025-05-14 19:23:31,b03b60cbec17a7fc86cbc329a68ae3fb51ff22c46306a8dd2e6668665f7cc1d3,896711,1273107.0,812.0,0.000638,1,4,284
2025-05-14 19:23:31,e6401b7e3b7b10477dbad465f9996ce580748e62cf1045c957e27d6457373ed3,896711,37883.0,812.0,0.021434,1,4,284
2025-05-14 19:23:31,ceebfbfe8c31f57e5b5cabf1d2c17ce72035e96248300798b61d8ff8c56904d3,896711,63639.0,568.0,0.008925,1,2,224
2025-05-14 19:23:31,6f53a31737cbc2834bcc0723727b0087f34cc98e02fc361cb78c7438bf27d9d2,896711,231526.0,564.0,0.002436,1,2,223
2025-05-14 19:23:31,e0a52a6e479ca17b7c991549af3774cafd96f080aa2898da0c4633b07bce55d2,896711,737425.0,576.0,0.000781,1,2,226
2025-05-14 19:23:31,089c0e5b1375b39926191d5b13f3d8c0ab823fff8f3bf5b58843f267a29d43d2,896711,74244.0,756.0,0.010183,1,1,189
2025-05-14 19:23:31,02dcfca515108f5cfb9b031d00778373e5c8eae1758e28fdce1275f7e5511bd2,896711,117134.0,576.0,0.004917,1,2,225
2025-05-14 19:23:31,638ef7f5a048fd22186493e30cd7f96165947c80a02910c666f1b0f2ed65d4d1,896711,1367528.0,452.0,0.000331,1,1,194
2025-05-14 19:23:31,81e666c5f73843c47fe32920754e2daefd08525bf29e2a90be60b654d6646cd1,896711,288320.0,452.0,0.001568,1,1,195
2025-05-14 19:23:31,5e9b702a305a87375a35f9b3be1ea02d158f13d569e4148f2a22b41140d40fd1,896711,482988.0,452.0,0.000936,1,1,195
2025-05-14 19:23:31,5437fbbb152c83bdb982c284b496738b9a828b595445684f2b83b0464d90fad0,896711,277934.0,576.0,0.002072,1,2,225
2025-05-14 19:23:31,068639b85e2b740398afca3770afd3c6a4366355dc1d249b2b3878f542edc4d0,896711,208644.0,564.0,0.002703,1,2,223
2025-05-14 19:23:31,6a84b4dfe76fbfe11bd724a9b094985b9672f69868654a5c485daf81e3a96ecf,896711,298044.0,564.0,0.001892,1,2,223
2025-05-14 19:23:31,3eb03cb605de8981537db441053f93bcf08af6e31048b33c3a8093039c696ccf,896711,4219799.0,564.0,0.000134,1,2,222
2025-05-14 19:23:31,aebaa9a1b8bf23df1e3bc645dceacecdf28db6d92423c9d4cec1d761cca13ccf,896711,45452.0,576.0,0.012673,1,2,226
2025-05-14 19:23:31,78c4b1869add8a4f71e823760db40b60f9b363580dca02ef5143cd5ab535b7ce,896711,2631102.0,564.0,0.000214,1,2,223
2025-05-14 19:23:31,56855c6422ade6fc1a06d54edbbd9802e430b2660bd1f8485592e0743862ffcc,896711,115172.0,564.0,0.004897,1,2,223
2025-05-14 19:23:31,c85ac2969130c14ce52ef795f599fa79f7f9046e33263fb6271ccae05b2cfdcc,896711,1831028.0,452.0,0.000247,1,1,194
2025-05-14 19:23:31,c004937c356aefc414ca13f539fa7a45b633b4e5367ab6f11554c7fe2731a2cc,896711,1876375.0,564.0,0.000301,1,2,222
2025-05-14 19:23:31,24db97ca2c2a2544ac9923c9f7b9b245381a5c9663d802d9756b299cf1543bcc,896711,1677155.0,564.0,0.000336,1,2,223
2025-05-14 19:23:31,316ad6914c2b38dd02015741bdc8608efa688c831cb257dc6bc556ba37851fcc,896711,27508.0,488.0,0.01774,1,1,203
2025-05-14 19:23:31,a754e985d35ede8e4ccc9c1d55563e9874f4ccf3737b90244f8ccd9cd4e7c3cb,896711,68548.0,452.0,0.006594,1,1,195
2025-05-14 19:23:31,94f26d25fe5d1c5e8df21bced77ad0dd9260a0e6445d9ac41ef4f0cdc148a9cb,896711,39544.0,452.0,0.01143,1,1,195
2025-05-14 19:23:31,24b0030d525300f4475d8b5580b692cd803bd410597196bcb1aa3b897fad72cb,896711,115614.0,568.0,0.004913,1,2,224
2025-05-14 19:23:31,b6d71cafe823acb4326f361124cfc3a3986dcb6131c6c226f9b37f5956c9f7ca,896711,449589.0,564.0,0.001254,1,2,222
2025-05-14 19:23:31,183e1e8178a96fdb509412c15cdfebd13503080f35094d06f93c35997dea85ca,896711,438726.0,444.0,0.001012,1,1,193
2025-05-14 19:23:31,ffde3fc76619b8e5918d558fd2dbf6eb7a3ebcdc53be7328348effeb6e7ae4c9,896711,7828084.0,904.0,0.000115,1,2,226
2025-05-14 19:23:31,e70907455824568af877edc2604575b82495f0d6074de4f4cd98288b7bf8bac9,896711,11638029.0,440.0,3.8e-05,1,1,191
2025-05-14 19:23:31,40366267b63376629ca89f8616b040c51a966942aa0c03ce8247c7c6c356f3c8,896711,173429.0,564.0,0.003252,1,2,223
2025-05-14 19:23:31,0e7a00d2fcd4b2cf69c99d26b05747b420801bac609d35a1011ec9d989d95ac8,896711,106401.0,452.0,0.004248,1,1,194
2025-05-14 19:23:31,7960de37e3b47f1acd561622aa6e62b98a5ac40bd0f367b8dbbed93dccf43ec8,896711,43449436.0,564.0,1.3e-05,1,2,222
2025-05-14 19:23:31,a6a6377efc399ae9bd7f59f8741e8b63d30544ba46a514a0966001498e520dc8,896711,7656.0,564.0,0.073668,1,2,223
2025-05-14 19:23:31,b6e76c2f43028ed164bf64c746a6f928aceb470c1f5b2975b45d3d73f2b484c7,896711,66623.0,1156.0,0.017351,3,2,532
2025-05-14 19:23:31,d9945e64ceb07bad56985c796b977a8be3e87e3a0231903130777fd53b3437c7,896711,29548.0,452.0,0.015297,1,1,195
2025-05-14 19:23:31,be4529717e7c16be2fa9aa28139fba7380defd12958f2f2b5e1a2940c44904c7,896711,6102390.0,452.0,7.4e-05,1,1,194
2025-05-14 19:23:31,92e3cd4f9486e2a007f36b824751e2bed11dd5775a438ae54354da9cadcbf7c6,896711,70290.0,440.0,0.00626,1,1,191
2025-05-14 19:23:31,e58455eca973e3357e6cadc91b863fc90545d34f79ffcb563a9976a1d6ef8bc6,896711,1909862.0,752.0,0.000394,1,1,188
2025-05-14 19:23:31,b8357fa8f51b61a9e44a956b9188efa3c2fbcfd38df83e30a6e8ee31e55186c6,896711,1044335.0,984.0,0.000942,3,1,489
2025-05-14 19:23:31,a1be19c2dd93c94b136c69ad3a3d6f5c583e72e24ead86779e186cb56f2bbec5,896711,30831.0,568.0,0.018423,1,2,223
2025-05-14 19:23:31,8588c3fbae5f0987ff4c0502686074a0ace380b2bc0cfda07def72726127b6c5,896711,4747410.0,2284.0,0.000481,9,1,1018
2025-05-14 19:23:31,389738b7493931a6d5e4e3d3bd163dd81739c1853de2ccb797a79037ab5c95c5,896711,934016.0,452.0,0.000484,1,1,194
2025-05-14 19:23:31,5074faf8bdf54a1d447f547ef46625c0c8a0b2eb543935f9bf422fa3322a32c5,896711,260611.0,564.0,0.002164,1,2,223
2025-05-14 19:23:31,9c11346eabf8be3a06a211c6881a7ea5410aa0b8f86be056dae69fa6c92c2bc5,896711,695982.0,568.0,0.000816,1,2,224
2025-05-14 19:23:31,8779468a86c50f4ce20d965e5bcfac7b0f17e450e8183fd6c070b2f876822ac5,896711,149548.0,452.0,0.003022,1,1,195
2025-05-14 19:23:31,f1e10a127e74ad07fae66cdec398b5f9f3d782ddf91fea1a14a489e49af126c5,896711,1533608.0,892.0,0.000582,1,2,223
2025-05-14 19:23:31,b96fd97286ca7ba9ee90dd39263fdd4a7de64705aafb1e7e3068fccbc96613c4,896711,35706.0,440.0,0.012323,1,1,191
2025-05-14 19:23:31,6a01ee6ac77815c89ed44e1a9c8847a706bece646c827e81a1f432744dcae8c3,896711,87845.0,452.0,0.005145,1,1,195
2025-05-14 19:23:31,7b5c143a4c64dbfcb8614058e5bb70d791d00540be0888112abfbb84e04fe3c3,896711,1948308.0,564.0,0.000289,1,2,222
2025-05-14 19:23:31,7c7286a365a7e88215d4c5c662fb07e374040da47cf7626a3fdf83b822730bc3,896711,208227.0,452.0,0.002171,1,1,195
2025-05-14 19:23:31,09a2c848f13e29d15273c59216969635bcab3c30d9aa4429d7921c18e11c4ec2,896711,9325146.0,564.0,6e-05,1,2,222
2025-05-14 19:23:31,2c1e7c68bf7eec581ee7d61f50ac3e6bbe0b365fca2310d29d3c91862a2de8c1,896711,69916.0,440.0,0.006293,1,1,191
2025-05-17 09:37:04,e9149ed60520e767dfe56e2996dfe02e8e52d808f5fe7969440770f060c9aa46,897084,852959.0,705.0,0.000827,1,2,222
2025-05-17 09:37:04,0fa2bb126f9b34db9f0cf6957e9a4ec7ffab66c86e8f1253379f4863d59c6046,897084,54944.0,3430.0,0.062427,11,1,1232
2025-05-17 09:37:04,6946ebe2a81a865142386e8f5f0fc7d6f0307bfa76e568709f323c20107bb945,897084,93295954.0,1015.0,1.1e-05,1,4,284
2025-05-17 09:37:04,1472434c6ad9b0afd50757c3fbac5bfbe594d0a30300272b39428cd5d396ac45,897084,16614.0,770.0,0.046346,1,2,205
2025-05-17 09:37:04,7a32133b80feb649c7581fdb0f35938773875170169524b11fffabb439838045,897084,10095509.0,1390.0,0.000138,3,2,522
2025-05-17 09:37:04,d871689030de04441d2c7838e80c20175272af96547cea8652b9120bd6636843,897084,2230.0,770.0,0.345291,1,2,205
2025-05-17 09:37:04,476c579418b59be6ec377d21ed4140e6f62fb6a8cc49649e435e04a540c87e42,897084,47249295.0,705.0,1.5e-05,1,2,223
2025-05-17 09:37:04,73dc3932d793ee10b278890e480ac418a252873a9a91558c7fdec01521ff6a42,897084,699762.0,770.0,0.0011,1,2,205
2025-05-17 09:37:04,c78272daacba494d172a861bb61cb676aef580d51008b4ad869fc0d648d8c441,897084,52785.0,765.0,0.014493,1,2,234
2025-05-17 09:37:04,4a1d7785694ab803899ff5cbbbaa966328f6ca1c24d675225ad5532734208941,897084,1411573.0,705.0,0.000499,1,2,223
2025-05-17 09:37:04,9bd712251c18afaae84068968df3403327db5e311530fbe6819ca5ceb0619840,897084,99164.0,555.0,0.005597,1,1,162
2025-05-17 09:37:04,fd59f2c962ba1fb3cd36c582753da0cc4936fcc6111d23360d084bcb0e9eac3f,897084,541019.0,710.0,0.001312,1,2,224
2025-05-17 09:37:04,eca728edb26c2aef00ba4fabebb67507a76a76042fbe061ee9125b23032ff13e,897084,5093189.0,550.0,0.000108,1,1,191
2025-05-17 09:37:04,8fdfcb51a15c6505fb2ca416f53a6244155724c2a1988eed39c8ab28f4d15f3d,897084,385795.0,705.0,0.001827,1,2,222
2025-05-17 09:37:04,47b5092dd2f79804e62131690f066a440e6b3a300fcc8edee581fa188a086d3c,897084,381751.0,555.0,0.001454,1,1,192
2025-05-17 09:37:04,91f08f1f4d4d6a53fdd60de2a9d3f27b04a241ccf86bc7076ee51a0815b15c3c,897084,609191.0,770.0,0.001264,1,2,205
2025-05-17 09:37:04,54a5ee1e505b8ebaf44ce4fc2a6eb15dfa6a9ecfba13c8aaf3009d742343233a,897084,198167.0,720.0,0.003633,1,2,225
2025-05-17 09:37:04,2ac975d65cb0969680ef5f0435a9af64bcf3b81090fac6ed09405203b462c539,897084,311492.0,710.0,0.002279,1,2,223
2025-05-17 09:37:04,8389a7b277093af2381d632ccb2576d24cb65a46dc27ab6ca5887f69e6d74739,897084,546.0,770.0,1.410256,1,1,331
2025-05-17 09:37:04,5f4f2c0050360217cbdffd5be96a467e89aacb1b3122b6d9ce65e51cceb4b738,897084,546.0,770.0,1.410256,1,1,331
2025-05-17 09:37:04,8fcbb113c321b80b57b956ba6ce51a2124afaaaaa26c1127827c3df472171838,897084,1764103.0,550.0,0.000312,1,1,192
2025-05-17 09:37:04,e3e07d27bbf2b1630076e5d242778244ca57a8dc121915d04def02cdc5e7d437,897084,65901.0,1060.0,0.016085,2,2,312
2025-05-17 09:37:04,1df8aab5843a2055f71e9310df5a7c98d5c579690e7e4be15d07e26789834037,897084,6944.0,3430.0,0.493952,11,1,1232
2025-05-17 09:37:04,2d07bd18effb76f650d54487f42eab9c20900c21bcdfac58066c9e530f7b2b36,897084,203299520.0,2375.0,1.2e-05,3,4,1046
2025-05-17 09:37:04,b5909bc6cc5345355f3d93f1b1c6905b20a0dcecdabd2d44d2b2c4042749df35,897084,61304.0,905.0,0.014762,2,1,344
2025-05-17 09:37:04,6e33d436f0c453d89d0a533c24979fca36e2be6ae62995a10e92ed2f3301b533,897084,546.0,770.0,1.410256,1,1,331
2025-05-17 09:37:04,1ecfcbf195c5285c47fcd011afd489833e84544cbdc817996a745bf91b75a233,897084,638246.0,720.0,0.001128,1,2,226
2025-05-17 09:37:04,486562dc27596a20c6e544082e37a46c203594c6342b563a52be97932aad8d33,897084,239816501.0,950.0,4e-06,2,1,352
2025-05-17 09:37:04,3413f210799d365832a145cd372764fe8af0ed306636b84c65bf256025761132,897084,546.0,710.0,1.300366,1,1,319
2025-05-17 09:37:04,dd49f32911a33003d83444d5030103603dfe4b47a219395024d6d3ed7512f42f,897084,94438.0,1130.0,0.011966,1,2,226
2025-05-17 09:37:04,f170957b15320e5950d92c0c5e3527148eddb713546e3bbf8068eabdabd19b2f,897084,15585.0,770.0,0.049406,1,2,205
2025-05-17 09:37:04,b0facf8569842eb8cdd2213f87ef9b40f7f4ed6bb9820ce43618051c1537212e,897084,54238.0,770.0,0.014197,1,2,205
2025-05-17 09:37:04,d845f41d90ab3a2975a70099d2d59b76502e00557c5fe79638fbca61065f6a2d,897084,842923.0,1860.0,0.002207,2,2,372
2025-05-17 09:37:04,0b39f78eeb554abb495c7aec9c85cda536599a767b18b3844ca18d32ab46dd2c,897084,157052.0,770.0,0.004903,1,2,205
2025-05-17 09:37:04,657885984419ddfec28e358f1de38a7657ab8eccaea1684a23448a7a5fd5472c,897084,546.0,770.0,1.410256,1,1,332
2025-05-17 09:37:04,24ba6b93bffed2fa96d7ee9b089354ff426884952725c328e3b374766c6d542b,897084,1252084.0,710.0,0.000567,1,2,223
2025-05-17 09:37:04,8804c0a597e282f1b16f7da3180cfc7e2c684e9b10649e940c6460fd6061b12a,897084,458653.0,550.0,0.001199,1,1,191
2025-05-17 09:37:04,38d85da0ae596f3484ada5f854ec9cecba7ec008b84fdf1f38de2bf132d99b28,897084,121747.0,705.0,0.005791,1,2,223
2025-05-17 09:37:04,924a546dd828c48c01bef31fe8ee20b74e34d0c7f4a75eda1c873a7f251b9426,897084,546.0,760.0,1.391941,1,1,324
2025-05-17 09:37:04,e221f2b98f432f1f6d9d0a0ab82772094140dc41b486fbc072f4533502a7caa8,897084,90134.0,770.0,0.008543,1,2,205
2025-05-17 09:37:04,38a550e52262cb849e0facf19c46dd87dadddd8b5c30ac28c04b82aa73d3ba25,897084,9766.0,770.0,0.078845,1,2,205
2025-05-17 09:37:04,42b225b596cc6f46fc58d958d0c7372ec4d35faa28e5a87229222c664ed14d25,897084,538768.0,860.0,0.001596,1,3,253
2025-05-17 09:37:04,e9261b9325de81c2775bb5a0d6ecae2e3191a7e08442427d03bbc6f8acab2a25,897084,5888.0,770.0,0.130774,1,2,205
2025-05-17 09:37:04,fbd1951c2a24c960e0a037bd80da6d0efc3ab5df8f4fffedf0ff59fb2de4ca22,897084,47249295.0,705.0,1.5e-05,1,2,223
2025-05-17 09:37:04,0721008b1e587860b50df18401a8b855e43b887f00725f4b231aeed2674ac722,897084,39836.0,720.0,0.018074,1,2,225
2025-05-17 09:37:04,eb23f3c0cf2a01a714bd186284c67fe66a43d9ba7027ef83c027fabae4e7a022,897084,6944.0,3430.0,0.493952,11,1,1232
2025-05-17 09:37:04,021d9faa3ffd6455413cc1270e557e2aa3a97f89ca6c3a030820fcfae1c86422,897084,546.0,770.0,1.410256,1,1,332
2025-05-17 09:37:04,930797f1fda328bd8715db43666869d9e6cba836623b01205faa8cfce5e3aded,897084,1178806.0,770.0,0.000653,1,2,205
2025-05-17 09:37:04,bd12971d88c641712a1cf8b5a1588718e5651cd44463e35c1d7f5bfab539f721,897084,8142.0,550.0,0.067551,1,1,192
2025-05-17 09:37:04,09e7b9617f69a361c420d1df607be392b0fc39cdd29dd1e2e602e620106acfd1,897084,28125.0,705.0,0.025067,1,2,222
2025-05-17 09:37:04,c9aa1e57f0b1ea1be7dc761f4dc5be7e1ba9058f9ba71c2efbf4cb813a6bee21,897084,1006638.0,1060.0,0.001053,2,2,312
2025-05-17 09:37:04,d171cb092923d221109092b41caeb18751a5e44e799c2e8565c5ce53b329b521,897084,3184141.0,1635.0,0.000513,4,2,526
2025-05-17 09:37:04,fd52b73ed7f3209f7bba6fd11805158afc39acb05241a80f3712e40db5d94d21,897084,546.0,765.0,1.401099,1,1,330
2025-05-17 09:37:04,0138f129ce0c1947baeada4acebd386a0aa2fbadb94f5cd5050c29f203788193,897084,52769.0,770.0,0.014592,1,2,205
2025-05-17 09:37:04,00331aafbed52d3bbf36bc751f064989872ce0e1e8c134d55172a18d92f4b920,897084,80706.0,770.0,0.009541,1,2,205
2025-05-17 09:37:04,df27a9e616329e0eb1076ff9f79d4fbfd237b569d026cb7c95ca0f297aeb0f20,897084,3391.0,4050.0,1.194338,2,4,598
2025-05-17 09:37:04,540581864cec5314392effdd6fb800f2d717e8a73ec3a3cc72369b502003e91f,897084,384901.0,1045.0,0.002715,2,2,372
2025-05-17 09:37:04,09206e86e1cd919afe5ab390764fa85f0e803031523ff10774e710729ab6db1f,897084,1492821.0,1015.0,0.00068,1,4,284
2025-05-17 09:37:04,0d6a25f0ff72cc3b6edf61a61f7b384d331f6f72d93529275e11ad53cfd8d91f,897084,69593069.0,865.0,1.2e-05,1,3,254
2025-05-17 09:37:04,824f1523d3c18b4438c2f49219d39df9500ab0ed0ab4d5e8b572a05085b65b1e,897084,175614.0,720.0,0.0041,1,2,226
2025-05-17 09:37:04,1ff864031784068c7b9f9aa85df3b7f02c8a11071c93cac925948d38e3b85050,897084,186097.0,720.0,0.003869,1,2,225
2025-05-17 09:37:04,88b183a4ae1efa19d24822210b36bb1d2ea09afb567e37f39c4e2b110bc0ed1c,897084,448818.0,1060.0,0.002362,2,2,374
2025-05-17 09:37:04,672a2777f89f32ac65698efdcd07b153222ff17a730ff5e0fc0a570c3698ab1c,897084,546.0,760.0,1.391941,1,1,323
2025-05-17 09:37:04,402db1b802b56f1f23e45e9650006b44f1f8ad56aed64c84deddcd67365d8aa5,897084,6441.0,770.0,0.119547,1,2,205
2025-05-17 09:37:04,16c6636cdede4dbe397c3f7cc0f83b292324ef97516974ca40d001bd219a731c,897084,37244.0,720.0,0.019332,1,2,225
2025-05-17 09:37:04,862c1b1e7f0a1bbb04325e12e55707507d2c70f1ac33f1a3069c7898e5d35f1c,897084,546.0,765.0,1.401099,1,1,330
2025-05-17 09:37:04,c18f51910b543dfa92bb816bf42eab6972c90237d4089b84612ed479240ce4ef,897084,2185.0,770.0,0.352403,1,2,205
2025-05-17 09:37:04,d9e24395668cfc8a2d391511bbfeb38f81c0028581118d808904227a71913d1c,897084,1880791.0,1060.0,0.000564,2,2,375
2025-05-17 09:37:04,a2bea1f6be15ae75745066d5f20fcb7f2c064043ec802813883b5f231038f61b,897084,2134.0,565.0,0.264761,1,1,194
2025-05-17 09:37:04,6dc7cc05a459d6f6c8711f050801026c19bd602cbb77a222811778df2668ca1b,897084,2188344.0,770.0,0.000352,1,2,205
2025-05-17 09:37:04,6a13a5316e2348acc4a7aeff8d6334102d3d622e6b1ca34baadfdf79133b3f1b,897084,546.0,760.0,1.391941,1,1,323
2025-05-17 09:37:04,ec36b4a87837f5497ec084e99535de7f5fd4d0dfa515aec1b1eb6271561799e5,897084,42106.0,770.0,0.018287,1,2,205
2025-05-17 09:37:04,49a5063dbf996472205ce27bbe033c228288b0411d677b37a7ae28f627087e1a,897084,510644.0,550.0,0.001077,1,1,192
2025-05-17 09:37:04,7480efc1303d6b434db29079bfe488937f2450c14bb7a393d4d136ec8867361a,897084,313095.0,705.0,0.002252,1,2,222
2025-05-17 09:37:04,71d12b6bde0cabd98a7b4b30b2a9048ab01c50e34440851e634e1b8f4dce2f1a,897084,3690065.0,935.0,0.000253,1,3,268
2025-05-17 09:37:04,9572bef7a1fec2177ceadf891e6e31774d5a1f7e5f8d0389af8e72a68c33e519,897084,867353.0,705.0,0.000813,1,2,223
2025-05-17 09:37:04,9235fa3471bc056f9df2d4cdf3e6afdd8152360bdde53a8993eed82d03947a19,897084,574944.0,1365.0,0.002374,2,4,405
2025-05-17 09:37:04,ca1261fe48df05b2254322852233d632da4f4b754b58d6482cb806e496d28d17,897084,1448846.0,705.0,0.000487,1,2,222
2025-05-17 09:37:04,985de2d92b85a6274bfd01c0692361c1404a16b121a8c3e7521a8ab0c8b6577d,897084,1656396.0,705.0,0.000426,1,2,222
2025-05-17 09:37:04,d132cbb787ab6c249cc6a883335d2166501d553c5daee0f46f499797b7263b17,897084,818420.0,905.0,0.001106,1,2,346
2025-05-17 09:37:04,a9ef4400f36b50692547e64c815ff5b0cc3e7de8950ad2fa5d75ed10c60d4016,897084,15057709.0,1585.0,0.000105,4,1,641
2025-05-17 09:37:04,2a83aab85189df4e0d98081ae96c320d9794054e7f16ec28581b934a0cfa8915,897084,12007.0,845.0,0.070376,2,1,269
2025-05-17 09:37:04,6780a2b54a18dc9fa91205d639d22d7faef2394bf268d83fb6969ad9b5cfd014,897084,46711.0,770.0,0.016484,1,2,205
2025-05-17 09:37:04,99d44d39674fe0bb823ef9b973523e74804be57521b846215667facf2b7ec414,897084,5023213.0,2190.0,0.000436,4,2,760
2025-05-17 09:37:04,1caf6688099255c4a82fbf9e42c363e157cc55e3d1510d797c7f110fc2dd9814,897084,9566.0,725.0,0.075789,1,1,227
2025-05-17 09:37:04,88093a26e2c3e63c1020a531bf4a0283b8d38074d7b66e12644e516b63f97c14,897084,7408691.0,720.0,9.7e-05,1,2,226
2025-05-17 09:37:04,4d4c13cf08f39978e30e6d2d105b0f683d7b152f165b3da6a52462a7b9ba5e14,897084,141192.0,1060.0,0.007508,2,2,312
2025-05-17 09:37:04,243cc8ba75ffcf95023ce78bd244cbbacc65ae7e8f05fe3e9d321f8543ed3914,897084,546.0,770.0,1.410256,1,1,332
2025-05-17 09:37:04,15ef095ce5a2e623987fc5bbf8516d573dcca23f0bad9cce17db37c4b7bd98d3,897084,23018.0,770.0,0.033452,1,2,205
2025-05-17 09:37:04,1d934dc11b181b274b28726c461a4d963408ddf25e1d099400eb3b5d5b4c1f14,897084,12231.0,710.0,0.058049,1,2,223
2025-05-17 09:37:04,713e08da0b9e7050b6792dce50b06d45f530053ba4089226bbfdd8822dc80413,897084,143820.0,720.0,0.005006,1,2,226
2025-05-17 09:37:04,19b0b7f3e3f9a1ff25ea8675d7a03164c7498a778982d57cdc252a4626f8fc12,897084,546.0,760.0,1.391941,1,1,324
2025-05-17 09:37:04,a85c2256bbf37118ba38d94573e96648ebc842477c76485646d559feb2fc91ab,897084,165299.0,770.0,0.004658,1,2,205
2025-05-17 09:37:04,502626e4004d4744b9aa68a978c86f3c68bab4424ece31b486e99bb75e85b412,897084,546.0,710.0,1.300366,1,1,319
2025-05-17 09:37:04,501b77e2cb4080d8183322a6385c8c532056ed45f0fa863571d2ecaf394f7712,897084,20386890.0,710.0,3.5e-05,1,2,224
2025-05-17 09:37:04,454860a00d2b2246879ff5e8f16da0c76d9c3e42c382efcddfb59237b54e4e12,897084,144230.0,565.0,0.003917,1,1,195
2025-05-17 09:37:04,d328f17c3659f9a1cb4ce2da6856c0bef490f0dae1ffda0aa8094a757677d211,897084,546.0,775.0,1.419414,1,1,338
2025-05-17 09:37:04,9f0418c08837440a9daa98a4ae18376dfbd42515f693892f72a60a0fc60dcdc1,897084,5698.0,770.0,0.135135,1,2,205
2025-05-17 09:37:04,fa7f52b8842c4499e1f3b606ba8a869849aeafbc88b3086b4aed992848018d11,897084,38140.0,565.0,0.014814,1,1,195
2025-05-17 09:37:04,82392e7b20903ab8fdf8c2c015d5407431fc3597fccac9c197e909fcafa3d70f,897084,546.0,765.0,1.401099,1,1,327
2025-05-12 22:00:06,0987528b989a214fb0f520d0e69bdabfdbe7dd7c35266b10bfa17e890f5db9b7,896461,46835.0,254.0,0.005423,2,2,314
2025-05-12 22:00:06,02688453d194c556bbfafc7d8f9d569c8a5242597d951fdfa85fc70db57856e0,896461,120974.0,133.0,0.001099,1,1,162
2025-05-12 22:00:06,63ac541070bf5d178706aaf2e5a217303401792731a9f73e10a6b7e2cba18fbb,896461,124748.0,133.0,0.001066,1,1,162
2025-05-12 22:00:06,5f843c8f9015cf5b099fafa2bd6de5206f8f6f9f5e69b457078a39985b0ff7b8,896461,121388.0,133.0,0.001096,1,1,162
2025-05-12 22:00:06,3e050fcd2385569391d5efabc71856ca064d0ebd9dd4e6b463aba3e386696f53,896461,118710.0,133.0,0.00112,1,1,162
2025-05-12 22:00:06,95793ec9db5568efcda46abb77d85597977963a22980b0c30df366a824a6c3c0,896461,16580.0,240.0,0.014475,2,2,301
2025-05-12 22:00:06,c17e73e70e8d40eaf1aa36c0f41499575cf6dfac68bb73f89cf6bee9a636d6fe,896461,19052.0,316.0,0.016586,2,3,427
2025-05-12 22:00:06,e965ce1d4b0909dbe9ad2571016b0bc8e82d176a6f97fe9be034861e81fc59fa,896461,59953752.0,169.0,3e-06,1,2,223
2025-05-12 22:00:06,9913b9fc755a41b4ba695f11b68c07428fe0cbbc87cab867f0ab50070db3afde,896461,2579582.0,169.0,6.6e-05,1,2,223
2025-05-12 22:00:06,03a0e63527795bfa69955d99fa3d1b03898f52c10d3ba523b0c93e49e377a1da,896461,873424724.0,169.0,0.0,1,2,223
2025-05-12 22:00:06,d5b43b7b7124952f01a5b4e67675ad890a2f34a9af2c088658716e7d5b33deca,896461,5421966.0,169.0,3.1e-05,1,2,223
2025-05-12 22:00:06,e47189733ac6934fb50d1caea81798eb447ce54442f4141b57760482d08f35c7,896461,105452.0,169.0,0.001603,1,2,223
2025-05-12 22:00:06,c0d4a9a85a061380fe7cf342fcea49e24721215b076f53b32473debc84a536b3,896461,1998146139.0,169.0,0.0,1,2,222
2025-05-12 22:00:06,0ab11cde36f262da3e20eed0f42817948e628f8fa720ffc8034ccba14815c1ad,896461,14055283.0,169.0,1.2e-05,1,2,223
2025-05-12 22:00:06,6d86638fc609569751c8e6df30b1c436ff1a8843d6e4c4de88203cfae6a3b79a,896461,217741.0,169.0,0.000776,1,2,223
2025-05-12 22:00:06,ae67286d8fdb5a1c314619ea7a8971b59c01b1427085945bb024d6e2f895eb98,896461,119010015.0,169.0,1e-06,1,2,222
2025-05-12 22:00:06,2ed45fab4ea472ecb16b01dfeb7b72ae1185819451e368fb422d7be1c71a1797,896461,7002906.0,169.0,2.4e-05,1,2,223
2025-05-12 22:00:06,2a80baea10f8b779b56a6b4d5379110b959fede0098525ef619e7c784d479d92,896461,558646763.0,169.0,0.0,1,2,222
2025-05-12 22:00:06,55487c1fccf83678123ded1a4addaea1fde2be68863dd82f16f82944e176107f,896461,133138710.0,169.0,1e-06,1,2,223
2025-05-12 22:00:06,643a74a2bb39797116826c023c37c96f519b4f8b1579ecb54bc8ae319ced2a75,896461,6595151.0,169.0,2.6e-05,1,2,223
2025-05-12 22:00:06,e1ec1bbe0fbe6df3bf1b5b1752ef3ca758315e68f5f8c88691edb5a33224256f,896461,6571782.0,169.0,2.6e-05,1,2,222
2025-05-12 22:00:06,a9071925874d153cd3897e2906fa81fca5bb67282618aad7fb34b4377fd27260,896461,191278021.0,169.0,1e-06,1,2,222
2025-05-12 22:00:06,e11879fc05018a2d0ed55aa0f391260930009f80b0fbad4f743bd80f74b6595c,896461,312872.0,169.0,0.00054,1,2,223
2025-05-12 22:00:06,ade9ed167fa6154dd2e9afae3af6fb2c388614678703eb5e94641005fba9205a,896461,322857080.0,169.0,1e-06,1,2,223
2025-05-12 22:00:06,17aa3161b817ae6c8e898c0c6dcec09ac465bb8a9cce02a22a5f3dcb61e9af51,896461,24836625.0,169.0,7e-06,1,2,223
2025-05-12 22:00:06,ccbd925362610307a7307edb237970721a133f51778df1bdde82a5d39f77664b,896461,24817562.0,169.0,7e-06,1,2,222
2025-05-12 22:00:06,454bfd831bcfcb6467a19f367327f1789ff45cd4970b911500176a8f6a824b31,896461,218157235.0,169.0,1e-06,1,2,222
2025-05-12 22:00:06,7503aa602058a37d9a453d50fa4fd972bb9d16545240df838c93948afcd95a2d,896461,89003563.0,169.0,2e-06,1,2,222
2025-05-12 22:00:06,47f62094ac7b6992bd7837a5013fa93a237881a6e2fe3c6cb572a95c6267eb2a,896461,699886.0,169.0,0.000241,1,2,223
2025-05-12 22:00:06,87eec4572fb59172febbeb9d48c25072b71fefc37860496056f04c9d8ec7691a,896461,99420407.0,169.0,2e-06,1,2,223
2025-05-12 22:00:06,3bac0e5340e498353527e23e55de89861bbf2a505004fb486a33137ed91ff110,896461,294438591.0,169.0,1e-06,1,2,223
2025-05-12 22:00:06,0875d8ef74e981b125e3361f24c7f0b4ee1037061ed8c4165474cf43e7bcf10e,896461,9663.0,169.0,0.017489,1,2,223
2025-05-12 22:00:06,849a954c161dda458c9833cefb45006c2b43d4ab49ca378644a2ec600d11970d,896461,170941.0,169.0,0.000989,1,2,223
2025-05-12 22:00:06,9748ca085fd611bece41756c56ea04331cbd105f6818538ee3614b7df9513506,896461,14304.0,169.0,0.011815,1,2,222
2025-05-12 22:00:06,81f3895130f08197ebbb51b490a201c3d381081aeebc59909052b327bb08574e,896461,743664401.0,252.0,0.0,2,2,372
2025-05-12 22:00:06,cf62d5f0c8405727cd273fc326b7db9db8eef16717abc9eb71a763131f3511d4,896461,254288469.0,169.0,1e-06,1,2,222
2025-05-12 22:00:06,03637bb383908dfe16230b2f5b3f31952ac1611f254db4a74726d47b38e2f58f,896461,499999830.0,170.0,0.0,1,2,223
2025-05-12 22:00:06,a44b3698ae25fe5cf02707dea7a628c558b067d41f690fe3340848ce0f86b095,896461,1415.0,240.0,0.169611,2,2,300
2025-05-12 22:00:06,b52a2af4c4f8bc2d4060293e13a009484f0db29d651d246f92edd72017ecd7dc,896461,88011.0,254.0,0.002886,2,2,313
2025-05-12 22:00:06,50d72c9fd7ba087c134d130322a6975156de1b51b87575b81f6fc46c34e99c2c,896461,1421.0,240.0,0.168895,2,2,300
2025-05-12 22:00:06,79608cc8be79f3fa1be08141a2bd774cfbb13c76724d795cd731bec3d9736107,896461,35917.0,254.0,0.007072,2,2,313
2025-05-12 22:00:06,cb59934669f0460fa79e0c3f293e85225f8df58e37631308878c44fc2dccc392,896461,1333.0,240.0,0.180045,2,2,300
2025-05-12 22:00:06,051421fe2ceef04e70772ed80a8bdb6c54f16d6008ef529d9420fe0b595b8049,896461,40466.0,241.0,0.005956,2,2,302
2025-05-12 22:00:06,9f64521c2a1b6a7a4ad76e66cfd078a97c60c992194d055c41403f9370c64343,896461,520413.0,235.0,0.000452,1,3,277
2025-05-12 22:00:06,1d2cd7e41231fb66a0bb980937c6c2745dedf2be2e16f911b3861c62751a175c,896461,1126.0,240.0,0.213144,2,2,300
2025-05-12 22:00:06,c794f93f924f34ab1751f77fb95bd71563fb5a51d1358ddb2dc3a844cf2b3ae3,896461,41092.0,241.0,0.005865,2,2,302
2025-05-12 22:00:06,237f2d5f7e8cf03dc5eb709b157c5507db45262585a453a1350719dff5e55c0c,896461,55755.0,235.0,0.004215,1,3,278
2025-05-12 22:00:06,ce5f058cb317f5ab47a6075afd9c53150557185489dc5ea69973ee0df5d61442,896461,1126.0,240.0,0.213144,2,2,300
2025-05-12 22:00:06,5687fec81762a2d78bc3aecf4349b7dc7197e51c91c0971af4d8e05a92ada2e7,896461,20189.0,241.0,0.011937,2,2,302
2025-05-12 22:00:06,a5cdf5e0188a26b6ada61a343e263e8b5f961db96755ef06bb2d7412c7668bb8,896461,25361.0,235.0,0.009266,1,3,278
2025-05-12 22:00:06,55426c08c88dcc1150f78b0463247e814aeb93eca8f8fd4b3b38939d384e9d4f,896461,16779.0,240.0,0.014304,2,2,301
2025-05-12 22:00:06,cb7c99d28b3dd56fbfe5c937b936eca4ebbc12b67aa32f0101a7c517a16fb2f6,896461,32700.0,235.0,0.007187,1,3,277
2025-05-12 22:00:06,b45fa0eeeda2d893f2f7aabf0ad98e3b6c591ad543b158bc7d1c407864a08bfa,896461,1893.0,240.0,0.126783,2,2,300
2025-05-12 22:00:06,2c3024fbf7474952611eea8d29acdabd513c8c5f53081ea4d08d42084d8c318a,896461,32043.0,241.0,0.007521,2,2,302
2025-05-12 22:00:06,de78c233808cc27e64f63261b11d7e335f1f1c541015c4a747c2d8b53cb30de0,896461,910.0,240.0,0.263736,2,2,300
2025-05-12 22:00:06,6f40bf201539efc9991a7d70491454826a6606fda4a9bad8fc1c901f1da5621d,896461,6471.0,241.0,0.037243,2,2,302
2025-05-12 22:00:06,07046f7af944cbfb14ad57518fd7f8d28f6c68b4d326f1b280a0c05a0097f4d7,896461,5287.0,240.0,0.045394,2,2,300
2025-05-12 22:00:06,9a2f2da62bbf57a0e791fab42053ced5b1b0f8568b9ffc2a69e35f9178e15c93,896461,187763.0,241.0,0.001284,2,2,302
2025-05-12 22:00:06,721a4b075b01bdeedacae8d308f8a7c08bd40a39cfad1da224a6c2a96a7bde25,896461,6796.0,240.0,0.035315,2,2,300
2025-05-12 22:00:06,45bd0045feeaaa3cd199656d2e6f6b7ff3fc6a56b4760b9d2a97482849b74f6f,896461,249842.0,241.0,0.000965,2,2,302
2025-05-12 22:00:06,a4149b60b64979e005738b7ef63d5be726689597fdd0a99356dd7c15e6b0d01e,896461,9296.0,240.0,0.025818,2,2,300
2025-05-12 22:00:06,a4c03b42b47769d17db4e07f2b9c137a87587f1e54a84e357b915d7fecce9cfc,896461,349342.0,241.0,0.00069,2,2,302
2025-05-12 22:00:06,dbb7209fe468cb4b578e8c6266d0325a4e7d3eb3aeb561a64ad99708c98a9e68,896461,2546.0,240.0,0.094266,2,2,300
2025-05-12 22:00:06,d12733dae6353f9ade18777364b95ba193d56c070b13e7a8515578ade610723f,896461,80692.0,240.0,0.002974,2,2,301
2025-05-12 22:00:06,6a0d3e58a84ea370ced20f1019b15d16cc21cc723445a17f3e08b2479e851b84,896461,317466.0,235.0,0.00074,1,3,277
2025-05-12 22:00:06,1a8d55ba0ecd3c1a6cb98ba6547d75bc4a56fa6e673bdd6a5278eb0d021c862b,896461,9519.0,1184.0,0.124383,11,11,1530
2025-05-12 22:00:06,f761a963b6a91dd466440ca6a74099e86ae2d90262ec4ec7b79b650b0365e9fb,896461,17301.0,254.0,0.014681,2,2,313
2025-05-12 22:00:06,357848e87787160a8e7d499935afcd3ecf9f3bb49b16644f4f17fec69ce759f6,896461,17301.0,254.0,0.014681,2,2,313
2025-05-12 22:00:06,9212e8875125e2165da415dce494f760803a8897a5270157f9203418a466fce3,896461,17301.0,254.0,0.014681,2,2,313
2025-05-12 22:00:06,d3361e8fbbfdd9783c33d54bd983116409f9ef217c085a4f7f3ffbffb650e5b0,896461,17301.0,254.0,0.014681,2,2,313
2025-05-12 22:00:06,2864323d0787f61c2e24d1618f6b80b26aeb7b4a87930355dde32cdb529cba76,896461,17211.0,240.0,0.013945,2,2,301
2025-05-12 22:00:06,56c435fb2fb58df1264b3cfb3593de89231127f0c2676adccce82774f9a21972,896461,17301.0,254.0,0.014681,2,2,313
2025-05-12 22:00:06,227b2abf97e90f9f7395274199e0d5a29508795edf676341ba2b85cd156ba06f,896461,17301.0,254.0,0.014681,2,2,313
2025-05-12 22:00:06,a21f6a77e0c25edefad617b5c40653be3b8974b537bc4667bab7486a88a40957,896461,17301.0,254.0,0.014681,2,2,313
2025-05-12 22:00:06,3c6c4e0297308a95d1d9f2be25ca21314c6312bdf53cd7b30f4cf4c8d71a2731,896461,17301.0,254.0,0.014681,2,2,313
2025-05-12 22:00:06,974a3074ae7d6ffadd39e1de0942573d5f021d9d456ec9c9872c33b276999d2d,896461,17301.0,254.0,0.014681,2,2,313
2025-05-12 22:00:06,6987915bf1f961dcd79fe847f771a2a5002b58156a4327288b16111f8082d68a,896461,210811.0,699.0,0.003316,1,12,664
2025-05-12 22:00:06,ce0a414882c59b8fe084eb22e15f723b7051e908320b53ad9e032014990be9fe,896461,880718.0,132.0,0.00015,1,1,192
2025-05-12 22:00:06,810852c6e5958030017c7a28be2cabcea0ec05314e22c059bd763fedb78843fe,896461,917737246.0,132.0,0.0,1,1,192
2025-05-12 22:00:06,859ff4fa739abe060636688e33d5cfdc04edcf542062ae269d173b95c3af82fa,896461,129868.0,132.0,0.001016,1,1,192
2025-05-12 22:00:06,5c0eec10fcaa0486c2ac984f70e1e8c1cf2f5b797295d1f6109e69b831eb31f7,896461,96401.0,132.0,0.001369,1,1,191
2025-05-12 22:00:06,032d4e7d554cee6ab2fde45e2871cced9d3d03dcc07e08e9a9f7b19a425d02f6,896461,20238.0,132.0,0.006522,1,1,192
2025-05-12 22:00:06,64f2803278e99de12d4b00ca4e39f20ceebc91ffa0770da10d1a56815a7ce9f5,896461,15049.0,132.0,0.008771,1,1,192
2025-05-12 22:00:06,daabe0587aa88c8f8e0318a370cb53541b3f8d528e83cff19aed2430c42cbee3,896461,680751.0,132.0,0.000194,1,1,192
2025-05-12 22:00:06,7aa6d257222436e49b5dee8e1c81a756bf007a089eab5728b3fd8d49db0d8ede,896461,97472.0,132.0,0.001354,1,1,191
2025-05-12 22:00:06,036271a70a74486b4ecaea6eda83ee0123de91cdca83c7dd382d39c203deaddc,896461,19369.0,132.0,0.006815,1,1,191
2025-05-12 22:00:06,814ad7641a1cfe54469c427360fada1ee9af248b543911f824dbc709cd04bed9,896461,1994460.0,132.0,6.6e-05,1,1,191
2025-05-12 22:00:06,5a579a8a717402b423f5e52ef3e77c84c49ff59846ef660a3bc213f5c2a609d9,896461,19352.0,132.0,0.006821,1,1,192
2025-05-12 22:00:06,8359bf5c0a3fed3c04842df6285873193cbae78143f72e5ef9e6a3add33400d9,896461,236260.0,132.0,0.000559,1,1,191
2025-05-12 22:00:06,b9c699da1323abbcc74bf4ca5e1594faa767626c796101fce17b5a89e16ff7d4,896461,90461.0,132.0,0.001459,1,1,192
2025-05-12 22:00:06,bac682d4608fd76fd47bb31d7cef6396720344eb07c09c41da74e3267c7feed4,896461,30225.0,132.0,0.004367,1,1,192
2025-05-12 22:00:06,272e3afeb3b90903e8b112443c82f9d2665b1292950ecc688607bb77f1344fd4,896461,20295.0,132.0,0.006504,1,1,191
2025-05-12 22:00:06,5edd7858f0ad22e2acabcdc822905029482b0995b871602d7c43757d37fe69d1,896461,23302.0,132.0,0.005665,1,1,191
2025-05-12 22:00:06,4391e79df662fde335fc9f178844988b20b4f7a43531bef2d5ee0d380d9555d0,896461,107236.0,264.0,0.002462,1,3,302
2025-05-12 22:00:06,52a208f29e9a83528414af0573fca5b964242e38a260cd53ab94892d628c9fcf,896461,167181.0,132.0,0.00079,1,1,192
2025-05-12 22:00:06,f7efdd4914965b89eb9b484ea60c6876745f2a4f58e8fad1227dae6882a611c9,896461,85228.0,132.0,0.001549,1,1,192
2025-05-12 22:00:06,7d7d085552e544fe18b7edfe621053bc979a1f272833673a0afa735bec1075c6,896461,22948757.0,132.0,6e-06,1,1,191
2025-05-12 22:00:06,c79e0dd9b6801294d71fd7a46697a36802971d169e49297333b46a23f89ba5c2,896461,38890.0,132.0,0.003394,1,1,191
2025-05-12 22:00:06,1ae5259011c6fb937939f8f271658dfe493fa2f720d7feb7876697ee5f52b4c1,896461,56415.0,132.0,0.00234,1,1,192
2025-05-12 22:00:06,ea24519104f0aefaeb72373cdbe45f76f6f7cab32cb757f339464ac42cde23b9,896461,357865.0,264.0,0.000738,1,3,302
2025-05-12 22:00:06,0fb0788ae513c99610442c5447f9ffac42b6f2e5e657e7b7454c9f8f055b5d62,896461,15571.0,222.0,0.014257,1,1,193
2025-05-12 22:00:06,3cf86c53e5a3010c3bb2b9a4c771b419dbbf67f10473e0d8bb45cbd415144d62,896461,302037.0,446.0,0.001477,1,2,223
2025-05-12 22:00:06,792c2eea06652631d244478f327e2ffba9b412e6f8dc2932dbe094b1f9eb1362,896461,662509.0,220.0,0.000332,1,1,191
2025-05-12 22:00:06,3e9d7e55f69c52a4de069a127dda028a6cd76cfa9743bf58e3c5db34d156df61,896461,583714.0,286.0,0.00049,1,1,324
2025-05-12 22:00:06,0d8adc8eb1c966575e97dce9964ecd2bee69ae0450067f6c1cce8b9e782f5861,896461,97818.0,282.0,0.002883,1,2,222
2025-05-12 22:00:06,87451a47b2c4cae8541acf4806680359ad67bdd30c9108b39789e916d83d0461,896461,89999576.0,424.0,5e-06,2,2,374
2025-05-12 22:00:06,6b5b8454ab90c81e33a6f50ca6b2c3a0a86d8f1bd44f5c727df7843ab28ed960,896461,7172.0,220.0,0.030675,1,1,191
2025-05-12 22:00:06,b1a02b71a9964fbd44097ded1f63fecc59c8b7beacd65b5f08b122da1726c060,896461,174905.0,222.0,0.001269,1,1,192
2025-05-12 22:00:06,b5ab0ff7504763eb8611b8b5ffded89af1747382f96bfacdbda9f67ae1597e60,896461,121165.0,220.0,0.001816,1,1,191
2025-05-12 22:00:06,cd8e7dfa00916386dc948803ce5287b76bb7b460420a71811b7413adf3060460,896461,4939.0,220.0,0.044543,1,1,191
2025-05-12 22:00:06,bb9fd293be1e3123ae6255f9291e457d7cffe372c60691658d3f061a3b48645f,896461,24330.0,346.0,0.014221,1,1,407
2025-05-12 22:00:06,5e10ac07e6e145f62c8dcde3b5cd110e1236f0bc434cb690e7145b8429659f5e,896461,2885.0,220.0,0.076256,1,1,191
2025-05-12 22:00:06,77d8cc9d15b66f4bc5cce9901315398473c4a3685fac7a37b45117eeef2f1d5e,896461,177670.0,226.0,0.001272,1,1,194
2025-05-12 22:00:06,0878a8049a5ce4d3672c280b7454161f98a59af8ac773ac4e999af88c863235d,896461,21272.0,220.0,0.010342,1,1,191
2025-05-12 22:00:06,e620ed1ef4a6aeeaeb75dd6cfc531358dba6fe52d298257808b8951e4092e95c,896461,145166.0,446.0,0.003072,1,2,223
2025-05-12 22:00:06,9d50b5e001e85ec06c43c0dffe7b6d103b87958b028213adfa1b8718e3b597a9,896461,340554.0,446.0,0.00131,1,2,223
2025-05-12 22:00:06,0f520608ac8154c834c755a73c307de9de7ce53341c64c96977139bcc9bda45c,896461,13974.0,220.0,0.015744,1,1,192
2025-05-12 22:00:06,c2f3dfa50fdc547ba4ef88260e00eb16a19a270371d5cf4b19f397c6b94c6c5c,896461,124530.0,742.0,0.005958,2,2,371
2025-05-12 22:00:06,6c3df38b5df44bbef15ab410d077b837b2436fc831ab3bcf9855fc8c1089c45b,896461,90530.0,222.0,0.002452,1,1,192
2025-05-12 22:00:06,884eef2e75c0022240ad89af31ca47f2961be98220ebd0a6b2216ec7bf78565b,896461,6153.0,220.0,0.035755,1,1,191
2025-05-12 22:00:06,5cfed879a5736f21e201ba16763981fe222dc4f8b6830364ea2daf7fb496f659,896461,546.0,304.0,0.556777,1,1,323
2025-05-12 22:00:06,f6bfd1316141db028bd85992f6dbede6211c7873a112b7dfadecd3c638fb88b9,896461,94743.0,308.0,0.003251,1,2,205
2025-05-12 22:00:06,be4866fee1d10e8a05b253a45ada76d9e347cee4a4d25f12225230b20be66459,896461,4499180.0,820.0,0.000182,1,1,1356
2025-05-12 22:00:06,0f7515fb82a034ac5273143739e9d396a2852b98938584e444b5aaa0b12b8158,896461,518610.0,408.0,0.000787,1,4,285
2025-05-12 22:00:06,ca1d0a4dc8e96ea6d3edfa38d06cf6228bf37b64df64c7b418ac68655de41358,896461,6204309.0,446.0,7.2e-05,1,2,223
2025-05-12 22:00:06,f0a18a3244394e9de9f1a000527c7e1a75f02bdcbaa345c1b8a9dccc750d6d66,896461,17919249.0,446.0,2.5e-05,1,2,223
2025-05-12 22:00:06,e9eb3dde89819a4bc7ecbb33cb639c13fdc5f03a115ed06b83c265d1889b9556,896461,80210.0,634.0,0.007904,4,1,641
2025-05-12 22:00:06,e0f7bb831554d2f127bd77a3eabf79ee0e4babb6fbf86090f50def67d100a655,896461,14950204.0,288.0,1.9e-05,1,2,225
2025-05-12 22:00:06,63a1332ffe13b661f3291c2085e0c4c1dfc914427c8498f62fbd330f3a0b6155,896461,8356261.0,282.0,3.4e-05,1,2,222
2025-05-12 22:00:06,8750c9a2c3e172851e3ee236b933936b96c74f657d705b4ae5bcfac64571a654,896461,3000.0,346.0,0.115333,1,1,407
2025-05-12 22:00:06,9d78a66cd9dc0638ab31a504dbf13ee586fb6247b159b08f9e32f10566a0fe52,896461,18321764.0,282.0,1.5e-05,1,2,222
2025-05-12 22:00:06,eb5c417281da6fda68638010701775cd201b293834eaac07cf0de1a9e448e752,896461,12224.0,220.0,0.017997,1,1,191
2025-05-12 22:00:06,b1c05d9717800ad29fcd9e6581d65f81d62bb0972bc37ad146dcb09ae6082c52,896461,13474.0,220.0,0.016328,1,1,192
2025-05-12 22:00:06,4c08560da08dbf3eff011ed6bc2341f341ba436b0b5e0175c7d87b7900469951,896461,13474.0,220.0,0.016328,1,1,191
2025-05-12 22:00:06,37b540ce3077749434369a762ec0677cdf70b94c863ce85044dc60f964ad8f51,896461,36064.0,284.0,0.007875,1,2,223
2025-05-12 22:00:06,3079f266bfe475e7fb16baefe364fa21cd934d8a15e0cc166d7e96f039b11251,896461,13974.0,220.0,0.015744,1,1,192
2025-05-12 22:00:06,d42a314ff8d4fb84e9b33a41e8cdac46179957135b9af11c73719b697edf8e4f,896461,179039.0,282.0,0.001575,1,2,222
2025-05-12 22:00:06,0afa3bfbdaefae11f32451a828504a6fb46964d7222945a84af9cb1d9fb9d44d,896461,970389.0,222.0,0.000229,1,1,192
2025-05-12 22:00:06,6095aba37bde4d8238c1f10d2f4cff93e383443e1521d68c0ee7c1dd2fb8f04c,896461,1667862.0,220.0,0.000132,1,1,192
2025-05-12 22:00:06,225fad3023215a45f469fb820198f950e6a1d598130c9b23c31528cc2da3dd4c,896461,13974.0,220.0,0.015744,1,1,192
2025-05-12 22:00:06,7cc62046d7aebe71ba03b27b4f29130cea2ccfbc4fd125ce1f6fdd668c14bd4b,896461,119718.0,282.0,0.002356,1,2,222
2025-05-12 22:00:06,5b8fdaf5b9b451a72d3ee082e093e946a2f014cbc1cf6abecc79d973cb06224b,896461,138614.0,468.0,0.003376,2,2,365
2025-05-12 22:00:06,627a5814833fb4dd424375bed2b4c054819977204d8c65cdd281c9b7f0ea1b4a,896461,1516.0,446.0,0.294195,1,2,223
2025-05-12 22:00:06,66c0c596ecbd512fff0331709ec1ca35ed703420ed901322d616656948dcd449,896461,81342.0,378.0,0.004647,1,1,189
2025-05-12 22:00:06,ec925f440ee40dc5ae41cee031189952c8675b2fc883f426d70ef2ebc816ab48,896461,13626.0,424.0,0.031117,2,2,312
2025-05-12 22:00:06,e8b5701b5e7a957312eb20be7a6047497b547d1a7fdeae4449425bdbbdfa0a46,896461,107742.0,220.0,0.002042,1,1,192
2025-05-12 22:00:06,694ff801e83ac5465b3867776df3cee5214c41c1dff8553d67fb956e6121cd44,896461,26874.0,220.0,0.008186,1,1,191
2025-05-12 22:00:06,76c61812b1d0c2db65f57ddf0863327bad9ecbf86f0542aae76f18c5cc69c944,896461,2500.0,346.0,0.1384,1,1,407
2025-05-12 22:00:06,6cb63a2a39326ee39b3e6dba2b673531b089c14c7025b26541c06bfd73122744,896461,39252.0,222.0,0.005656,1,1,162
2025-05-12 22:00:06,865814faf1981e6487918ae2fcce25ad026b797d0cef1d0c5c32fbbd3120f743,896461,1499716.0,284.0,0.000189,1,2,223
2025-05-12 22:00:06,2678baaab1f16fef950bf1b5a217e9d16ca33485ea0febebf10776425c69c143,896461,9350.0,220.0,0.023529,1,1,191
2025-05-12 22:00:06,1460f31e04615ff8282efc494c9f677b951c072691d9796c859fbdafbfbd0f43,896461,41137.0,222.0,0.005397,1,1,192
2025-05-12 22:00:06,259da145b7225d8d44becc63f340db0777c3c141af8d5af2c24a3091e2ca1842,896461,10206.0,220.0,0.021556,1,1,191
2025-05-12 22:00:06,921d1e587c91d9d50369fbe2839ab3ba1bf53792c6be8eb19eb97bbc6638fb40,896461,7080.0,220.0,0.031073,1,1,191
2025-05-12 22:00:06,364691356466f675d26480c68e8937cd6fd3b012f2398658f6625dc6ad0fe940,896461,13974.0,220.0,0.015744,1,1,192
2025-05-12 22:00:06,9da0f3564346a69a3b37c8e5ab166ac7c4ed6d563954e87b258f1629c1122540,896461,11533.0,630.0,0.054626,4,1,639
2025-05-12 22:00:06,78ffb50f2042e980e804c75b8a111d8fdd9167bcdf67b5ad4c0e678783520040,896461,1892865.0,824.0,0.000435,5,2,814
2025-05-12 22:00:06,6bf1894b9559b097fc6ff138ef3fad1a7c26ec0d41c612f4bb33a760e33a323f,896461,326834.0,288.0,0.000881,1,2,225
2025-05-12 22:00:06,1d2346c257fd586b89985b15837a04eff373adf027be8400d510a9f152eb7a3e,896461,575802.0,198.0,0.000344,1,1,150
2025-05-12 22:00:06,075231625bf212a1fd85ff19fc7a88dc346dd28092c3dcf5631ba73f135e713e,896461,30059.0,308.0,0.010247,1,2,205
2025-05-12 22:00:06,810304d4c73a8261fc0df289ea253dfd6422c3af5f42f958caaaef83276aee3c,896461,178007.0,282.0,0.001584,1,2,222
2025-05-12 22:00:06,d1d5ccb3e6370537d6d4ca84a1e143957386ff2dd7f77fd9148c0abcc66ede3c,896461,38163.0,560.0,0.014674,2,4,411
2025-05-12 22:00:06,24321523639cc21a4ffef0677dfcbc6bab503c0b4dca84c1e65cce5673cea93b,896461,30804.0,220.0,0.007142,1,1,191
2025-05-12 22:00:06,22c3ded7d60a65f4e1014d5d03d348bf3003c64473f70eff456eba4d1b22783b,896461,26874.0,220.0,0.008186,1,1,192
2025-05-12 22:00:06,fc8c94a6fe4452895c07ef0776591c56072a09ad34ee755e3a356ba34c306c3a,896461,3392.0,222.0,0.065448,1,1,162
2025-05-12 22:00:06,0e34c9dcfa2ca51cc862e984148ab693a8e1045dc2f0e607858da9ca0509bd39,896461,13974.0,220.0,0.015744,1,1,191
2025-05-12 22:00:06,ded33fae9a084d33cb4f24e487bce88da368076b3896580d2744880a4fa75339,896461,112892925.0,370.0,3e-06,1,3,266
2025-05-12 22:00:06,107a49530b9e5efd8cf30e75c8ec33d1bbda1bc185dce94febc7e38502e3d136,896461,546.0,304.0,0.556777,1,1,323
2025-05-12 22:00:06,d2f1be2497cdf5b1dbcb973442e62e0af79d1e08a686a745c81f3d11e1e88d59,896461,105132.0,308.0,0.00293,1,2,205
2025-05-12 22:00:06,19a7d7190db36aaeae4b19bef12775f5b2f08f078ee6661e69f5d4856b3eca36,896461,69567.0,222.0,0.003191,1,1,192
2025-05-12 22:00:06,3556021a110eb1afbf5ba3b26922eeb5da82499f6bd048f5c7021ffdd7eb9136,896461,7080.0,220.0,0.031073,1,1,191
2025-05-12 22:00:06,cd7079de7debb5b4b594d3b0b40979deaf39e79a2aefe1bbd84b2726c4570834,896461,10595630.0,306.0,2.9e-05,1,2,234
2025-05-12 22:00:06,a9f0b16648ba920a243d9286a05ca4915ea9d0d09b641bbfd58c89204aef4333,896461,13974.0,220.0,0.015744,1,1,192
2025-05-12 22:00:06,1902ed43b6cb0d251e902e60bf448bbb8b25edefd0a9983497955820cbeb1432,896461,859595.0,416.0,0.000484,2,2,369
2025-05-12 22:00:06,c7a4d4f0c1b6f95d6493516b66f88e23c2dde0d620b36c58f35158a5208de731,896461,546.0,306.0,0.56044,1,1,330
2025-05-12 22:00:06,49d7578e5c1ae560c3edbaa50ca484549e3adc6a707434a6423808958c809fa3,896461,175671.0,308.0,0.001753,1,2,205
2025-05-12 22:00:06,437e66c547541d4d3fa91632554cadb39b2cfaca25a60879b3e2925469b60631,896461,13974.0,220.0,0.015744,1,1,192
2025-05-12 22:00:06,99eb58275110e77d99c85482e9e899e140e80a880dbab8b5d0cd0abeaf97c62f,896461,29778.0,222.0,0.007455,1,1,193
2025-05-12 22:00:06,0b9ac269132ef49c8b2c4b22ef2e2f59cccae111259d92408b4a0fc45a76662f,896461,23394.0,220.0,0.009404,1,1,191
2025-05-12 22:00:06,9acef5847d989bb01636d2b632fb277e22f01c4d02637adac2986f1d78ec702e,896461,1563419.0,282.0,0.00018,1,2,222
2025-05-12 22:00:06,1ee3b87b8afcb5057a83dc5e13c498f18a5bae4e208631a773e25756648aa02d,896461,1946512.0,288.0,0.000148,1,2,226
2025-05-12 22:00:06,a7fa5a5d496a02992e017f036f2ccd6783baac4a398794dec1f8396e8a60122d,896461,3392.0,222.0,0.065448,1,1,162
2025-05-12 22:00:06,caa48e2d09b9a572bd5bda5ece6a52b2530c1b6ef5a0aff8f79b60f824820e2c,896461,856496.0,288.0,0.000336,1,2,225
2025-05-12 22:00:06,cc559616eadee147551539147b0df4cf683c0b047111f86265e78e68d9efbc2b,896461,23027.0,220.0,0.009554,1,1,191
2025-05-12 22:00:06,eeed73f2aec599173d51292292073c06cbba541face202fae5abc99199c5872b,896461,13974.0,220.0,0.015744,1,1,192
2025-05-12 22:00:06,25a9591fda0a80d2e63cb18bce5c0c31b44c7ff16823be2cd878b78208371c29,896461,4144802.0,244.0,5.9e-05,1,1,204
2025-05-12 22:00:06,86971796541c3f0a82ff0521a2d7ec16028e4baedd727b8131a808c0203cf128,896461,533364.0,308.0,0.000577,1,2,205
2025-05-12 22:00:06,8b3bf18ed669797178851af0d8b8759f577f48559fa7bc26a2e3ff5675655026,896461,355552.0,308.0,0.000866,1,2,205
2025-05-12 22:00:06,157ae336b8ea3be5ecfcb11d58f4e9ff1a4b17db682c8c656d6730511ba5a625,896461,21018.0,220.0,0.010467,1,1,191
2025-05-12 22:00:06,b68ee0fe2a4ee85020afe07175de6c91e09e434e197f7c50d2c9896811e6e924,896461,14722275.0,420.0,2.9e-05,2,2,373
2025-05-12 22:00:06,94f96895eab5780c717e180df4371814bcc10d8c4299c88319e2b48ef149cd23,896461,2363.0,562.0,0.237833,2,4,381
2025-05-12 22:00:06,352e757a846451b2fec8420bcd2eafde88c13a7485d710a6ae0807026e8ba223,896461,35915.0,220.0,0.006126,1,1,191
2025-05-12 22:00:06,509c52f690bcc844c81edb658159d1fbad509395e256db5ddca3da3909be9222,896461,854376.0,548.0,0.000641,2,4,375
2025-05-12 22:00:06,0e952acf3041cc2ef4e1efc42453b62b2f1171f1fe47d1db20f88e4848342722,896461,284948.0,282.0,0.00099,1,2,222
2025-05-12 22:00:06,df9bb47924c9fc99168f24a9b53508ae9e946057b6a8c34267eb7cf18e88c121,896461,15324354.0,282.0,1.8e-05,1,2,222
2025-05-12 22:00:06,3724b9b8d444f88b619bd9e280434e7063e73236d147cb4cfff93bacbba0b521,896461,3392.0,222.0,0.065448,1,1,162
2025-05-12 22:00:06,2be6739ade5a4822b80047edde544599628ad139dbce5ef2acb326fb33c4651d,896461,583714.0,286.0,0.00049,1,1,325
2025-05-12 22:00:06,0059804fee8577413e433532c7ef973c054514fbebc6bd7b0425c3eee77a261d,896461,637922.0,378.0,0.000593,1,1,189
2025-05-12 22:00:06,a5d72528d2e1c390dbd653df1c270deba4b1e9d9f0ae7c220539a3972860791c,896461,861421.0,2116.0,0.002456,15,1,2263
2025-05-12 22:00:06,5156058d8c131aede3032c4c09315e912e81200e55a86e00f49d44ba12a4ee1b,896461,689284532.0,578.0,1e-06,1,6,371
2025-05-17 07:10:42,450201f28370876b96dcd2962d55cb84afc173a63109cbe267c213fc8b95b771,897072,302657.0,243.0,0.000803,1,4,410
2025-05-17 07:10:42,f2ca86284e93ff44e258d3d7f1fe2be893ea46d047d97ceeca7c0e42de3d145c,897072,11168.0,1330.0,0.11909,22,1,2409
2025-05-17 07:10:42,f9646808aa0b08a6e9e8196cb244159f3c4adbe4e93e718af9f60dd771297574,897072,282448.0,6492.0,0.022985,111,1,11932
2025-05-17 07:10:42,8d50136f1a87899a361a7658acfd8c2779c81e50d6202eb50fbe2ef4e6c1e3a1,897072,35354.0,4288.0,0.121288,73,1,7866
2025-05-17 07:10:42,74eba7816739babab379e828df8e1d8770bd75ac165d6b159f82b58c212b91ae,897072,31284.0,3824.0,0.122235,65,1,7010
2025-05-17 07:10:42,d57b5c669bf76bc1c44367030936c1b5555f23cbfe3d86ae46d7d7b1d01d8129,897072,19056.0,3128.0,0.164148,53,1,5726
2025-05-17 07:10:42,ebedba8f9024a92cd3f5442eb195231f5ce61106aa532ce391365270b5c42621,897072,20408.0,2432.0,0.119169,41,1,4442
2025-05-17 07:10:42,70444e799f76f3205613ebe4dee09d338e4c9bd1cf2234fbc264381a99c12b01,897072,16934.0,2084.0,0.123066,35,1,3800
2025-05-17 07:10:42,d9ee5a3c6a4c4ea0667757166418846e9994e08ef3d6d4b88e88bf6b9bf140e7,897072,15982.0,1852.0,0.11588,31,1,3372
2025-05-17 07:10:42,843e395e4df6bc7cbe870397d382ab88bd36688cff237d21c1f1be0171052523,897072,12146.0,1504.0,0.123827,25,1,2730
2025-05-17 07:10:42,174b374a3e35e927a5b425888b0ede29e669b252ba971e847dc6566c30c7c88f,897072,9218.0,1156.0,0.125407,19,1,2088
2025-05-17 07:10:42,7a834ebcd991e304a98a5ded0a0439d95db2584cf534379aff00929b57658bf1,897072,8242.0,1040.0,0.126183,17,1,1874
2025-05-17 07:10:42,c37679bc4c52b52d1130d1297ce4e05abc70b7ea63959991009abcd7e72734cb,897072,7266.0,924.0,0.127168,15,1,1660
2025-05-17 07:10:42,e5c343d1392f4b1dd149734ca59c811b5f5fd30542de94ad5b8e2901b0765016,897072,8628.0,924.0,0.107093,15,1,1660
2025-05-17 07:10:42,f4fa05557ace18818ef2467bbb5784848bc7991ff3b29a0308d26768cd9485a7,897072,6290.0,808.0,0.128458,13,1,1446
2025-05-17 07:10:42,5d58a323e8aa2e2bb27ddaf98cc53d28802b1324fc4ffa0fbe307dab9f383c6d,897072,6290.0,808.0,0.128458,13,1,1446
2025-05-17 07:10:42,420b395163ca1d8c33322cbe00452396fa8d8c8a6e5bbe8b2689000848e58859,897072,6290.0,808.0,0.128458,13,1,1446
2025-05-17 07:10:42,36c0169bab7e0fce8bfc2643c2d73f40a278335fa3eddc2af3e2cacdc86b1342,897072,6290.0,808.0,0.128458,13,1,1446
2025-05-17 07:10:42,231dc5624ffe580d471e0e6f903c43c54f855c72063bc5be82134c0435697225,897072,6290.0,808.0,0.128458,13,1,1446
2025-05-17 07:10:42,15c18ce8136f16896a5299f340b2d3e70d0710fb29495281e1f7cdeb76116cf7,897072,2938.0,692.0,0.235534,11,1,1232
2025-05-17 07:10:42,923595a10221c2c77a85135759e6ab3689be41589abeaec5b2eee085c0b99fec,897072,5314.0,692.0,0.130222,11,1,1232
2025-05-17 07:10:42,ff1072969f8c5ac613700d625f0efa022af87c3791f0b6533fa6cf52513478e9,897072,5314.0,692.0,0.130222,11,1,1232
2025-05-17 07:10:42,6123c918c087a3a3df6af48b9e6e74269d868f51fbbd799635562e7a910a2de3,897072,5314.0,692.0,0.130222,11,1,1232
2025-05-17 07:10:42,81c5e6901edfd3871059516ae98fe0d0fb05350d6e2f17c1bf78261520ad3dd1,897072,5314.0,692.0,0.130222,11,1,1232
2025-05-17 07:10:42,d9b8e22fa4856924716396a3d3e7f7543beb33f861823d1651352ad4b67a46c4,897072,5314.0,692.0,0.130222,11,1,1232
2025-05-17 07:10:42,ed0830f44d608378ab0c1a7c6ee02e41f9a8b71bd19b4eee3217b3ed5cd47cb4,897072,5314.0,692.0,0.130222,11,1,1232
2025-05-17 07:10:42,2b47512b9560a453d680c3cb7bd77ff20dabc9a9c9889128828dc072b3ae28b1,897072,5314.0,692.0,0.130222,11,1,1232
2025-05-17 07:10:42,ed8164a83e656ebb450bcada1928db936e0510ecb48889771a6eaa9deb20c8a4,897072,5314.0,692.0,0.130222,11,1,1232
2025-05-17 07:10:42,f54db8d4438c588d3fff3d3ccc9341dc76bc72993636be904d5f66d54785eb98,897072,5314.0,692.0,0.130222,11,1,1232
2025-05-17 07:10:42,160ca1113c0bdfe54b605c59325a16645424c9fd58720622793f19a6316fdc90,897072,5314.0,692.0,0.130222,11,1,1232
2025-05-17 07:10:42,9fb83c2302bd6257f5ffae3f27b84e447f549dae8242426ba0334d12e1f72288,897072,5314.0,692.0,0.130222,11,1,1232
2025-05-17 07:10:42,693a21e06e997c349fbf568a3a71076998059c760cf07a7812132b8ba0d1af80,897072,5314.0,692.0,0.130222,11,1,1232
2025-05-17 07:10:42,7c9bb7d32c6e97b2bc15318fdb5ee4bad67b8614ee99e908c4696002ee4df174,897072,5314.0,692.0,0.130222,11,1,1232
2025-05-17 07:10:42,ecd246e918fd033d149e37712416207778f48b9d1af5dd0acfe17d499d618f5f,897072,5314.0,692.0,0.130222,11,1,1232
2025-05-17 07:10:42,58eb8ec4d0b2aaf04d95fcbacdb6c164a7c38ea8765efbdd3625cd59acc13358,897072,2938.0,692.0,0.235534,11,1,1232
2025-05-17 07:10:42,5858c642003cbf806a8a6da934ca14cc92afee8dc4ee72fb13ea89d5c3021557,897072,5314.0,692.0,0.130222,11,1,1232
2025-05-17 07:10:42,618fd2e1afd2de76e9efa401a695054225bbce55d5e60846850e539c1a73b64a,897072,5314.0,692.0,0.130222,11,1,1232
2025-05-17 07:10:42,4ab9a94aa4975a01fad1ba3bad4cf53176a335416bb6ec7996b922a9f40f9846,897072,5314.0,692.0,0.130222,11,1,1232
2025-05-17 07:10:42,0f5329217827c0d1f75719a717203ce6cadbaa5bf630ee49009372c678ed0038,897072,5314.0,692.0,0.130222,11,1,1232
2025-05-17 07:10:42,750d1dcb6acaa85b5dcfc3c00b3b7b1757b89668ad539d88435e3a0089ef3e2e,897072,5314.0,692.0,0.130222,11,1,1232
2025-05-17 07:10:42,e1fc96af58a6c5d94ebdd65364a06485c01b0a140d6626321bbbd87a493f442a,897072,6222.0,692.0,0.111218,11,1,1232
2025-05-17 07:10:42,e0bcf8f0cc72238e0de99f33b813a96505384e29eea1cba6a778911ed0f79f25,897072,2938.0,692.0,0.235534,11,1,1232
2025-05-17 07:10:42,df66807bb753ffe2cb36e2883b7410464f89372c3185284bb02815941789351f,897072,5314.0,692.0,0.130222,11,1,1232
2025-05-17 07:10:42,8c461e8e249844b2244157ba7692352d72a40e61928837ae57cb8c49e421c816,897072,5314.0,692.0,0.130222,11,1,1232
2025-05-17 07:10:42,9bd9396dbb8372c3ae962fc327f7bf568d8f1425a78e4371e60f86131d67ea15,897072,3098.0,692.0,0.22337,11,1,1232
2025-05-17 07:10:42,304a9a7119ec6165bda4f1779e03cff6a81f21cd5fa335e365e28655666fcb15,897072,5314.0,692.0,0.130222,11,1,1232
2025-05-17 07:10:42,96d6e1cb5d2450fa45447d7cac9cb8dbcaff8e5a311cba16045ff47f42517b07,897072,5314.0,692.0,0.130222,11,1,1232
2025-05-17 07:10:42,7526f4d347278ee9c475fb884004b2a4f444291ba6813fb63ef60933b47daafc,897072,4338.0,576.0,0.13278,9,1,1018
2025-05-17 07:10:42,b0aa0ed9251f739b0f44676762e08e409a684fcc8146ee9cfb4acf1e7177b5f9,897072,4338.0,576.0,0.13278,9,1,1018
2025-05-17 07:10:42,706d33681e1e09efcfdcbc866159bb1a759a63c425631489a39be95a637898f9,897072,4338.0,576.0,0.13278,9,1,1018
2025-05-17 07:10:42,8653b8c3d57a2f654bda53abf7cc6accf4c46d0b44c64cfcc88e3fd0016b67f8,897072,4338.0,576.0,0.13278,9,1,1018
2025-05-17 07:10:42,3c7c196fd1373d00df4fccad5737e55dd45d51111ee47546908b521dbd3128f4,897072,4338.0,576.0,0.13278,9,1,1018
2025-05-17 07:10:42,a1414e878dd5e465f8d51c047bccb263a35ad3b26a61b2ad1d62a78a4207eef0,897072,4338.0,576.0,0.13278,9,1,1018
2025-05-17 07:10:42,92fce2397b24f41f66045a896cbbf91c1a9c05c48a9eacf774065cad2a1071ef,897072,4338.0,576.0,0.13278,9,1,1018
2025-05-17 07:10:42,da6d72cdf1c4553c5b33956280bc39fb68773350b6712a457d8942670cea26ee,897072,4338.0,576.0,0.13278,9,1,1018
2025-05-17 07:10:42,926b2efa5bd1523cbca53130500d6d221b6a82a44091ee71ed3f4b15295fe2ec,897072,4338.0,576.0,0.13278,9,1,1018
2025-05-17 07:10:42,0335cefadbdcee655ccecaff5cee74c9e6f2aa467ec7b6bd1129c604592ad4e2,897072,4338.0,576.0,0.13278,9,1,1018
2025-05-17 07:10:42,a1ac3a7f8b83ccbd8c939d92997e1f19dbd744e89b68653e80f303dd923d3de1,897072,4338.0,576.0,0.13278,9,1,1018
2025-05-17 07:10:42,410e078c4c3bb54785b9bc42de66176b20dda4c7466bddce0726f3b3bded93e0,897072,4338.0,576.0,0.13278,9,1,1018
2025-05-17 07:10:42,eb0d36f053a279ae0faeca66ed16c95cce36f70137a4b3f0f6c704558535d5df,897072,4338.0,576.0,0.13278,9,1,1018
2025-05-17 07:10:42,f9598f09639f83c2cea6c07e1a2dbd89045da9f0c534560d687949d2fc6911df,897072,4338.0,576.0,0.13278,9,1,1018
2025-05-17 07:10:42,50c586bce8cd3f6d73d382bc991d59ca6dc6d5dd2be7114ff07a55de125995de,897072,4338.0,576.0,0.13278,9,1,1018
2025-05-17 07:10:42,fb338a934f464117a5d3f085818d1bc6acdbe9c371a6c486ea8b7e4d21bb0bdb,897072,4338.0,576.0,0.13278,9,1,1018
2025-05-17 07:10:42,4e19a5b8c671e98c85719b34a11d600b241eaf63163e7f9e36e42f7b86fd2cd7,897072,4338.0,576.0,0.13278,9,1,1018
2025-05-17 07:10:42,6f7033fdfada64344861ac990746ac749fbd0aed6b37413369d56d67fbf57cd6,897072,4338.0,576.0,0.13278,9,1,1018
2025-05-17 07:10:42,d7af584c904f601de85ac3cf9f14a01d2d738960c024ada0192bba16ae10d7d3,897072,4338.0,576.0,0.13278,9,1,1018
2025-05-17 07:10:42,f85424618d5729194442f071ad4d847fa90aa093b86932a0e94269af76b8bcd3,897072,4338.0,576.0,0.13278,9,1,1018
2025-05-17 07:10:42,26b89e404c96bd45b8b533a07485ae15b7af38e31a649e061ec4c83d36779bd0,897072,4338.0,576.0,0.13278,9,1,1018
2025-05-17 07:10:42,6e742e927ebc743f19b0722af8524454bebd1ecda512bf58395a1edb2880edce,897072,4338.0,576.0,0.13278,9,1,1018
2025-05-17 07:10:42,4f744bd3b2b744881ee142e46b34bf73ae23fb29176290154f40b1308455c5ce,897072,5473.0,576.0,0.105244,9,1,1018
2025-05-17 07:10:42,db58dd58f16b6ffdc73940d96e5552065bd94422dc82f7fa61ebbc6e377d33cc,897072,4338.0,576.0,0.13278,9,1,1018
2025-05-17 07:10:42,1cc02e8eee52d74a0df844afb8b7f6742f5991db6d36982fc3ab98b67f4c11ca,897072,4338.0,576.0,0.13278,9,1,1018
2025-05-17 07:10:42,593515f2875da3d9650f66f0d2ba934d8a25a12c2b0af08ea930b4bccbda1ac7,897072,4338.0,576.0,0.13278,9,1,1018
2025-05-17 07:10:42,79df46a42c9d6c18ae399db08591eb3f801e467ebf8835cf98b6677c2c8c2dc6,897072,4338.0,576.0,0.13278,9,1,1018
2025-05-17 07:10:42,b1d0c9a95dc92ff5351ff3a08f55ee74577a9ed0f42e56837364b6e1d1792dc4,897072,4338.0,576.0,0.13278,9,1,1018
2025-05-17 07:10:42,b85ae236e83b84d7a788154d41f20de634c2db4f8ede1ded01c0b407bdbbc5c1,897072,4338.0,576.0,0.13278,9,1,1018
2025-05-17 07:10:42,c5c10e6fb69fc85d0670dbc417c308d0af353620fcc50d7720af73e92f8dcdc0,897072,4338.0,576.0,0.13278,9,1,1018
2025-05-17 07:10:42,5e3edf83a73783d5023a756254ca8981d6607ca351a86faf38cf7ef4e606e2bd,897072,4338.0,576.0,0.13278,9,1,1018
2025-05-17 07:10:42,5cf2d174fef5a951ba9557f8bcdf78a06be29d959014af55e788d2931f1d91bd,897072,4338.0,576.0,0.13278,9,1,1018
2025-05-17 07:10:42,27e934ce8c71ae2771de2bfe22cd0d51f45023c7ff6086d642004255648e6dbd,897072,4338.0,576.0,0.13278,9,1,1018
2025-05-17 07:10:42,9fad4d374a73ec5d655a621cdb13cf792d44d77ceb6bf95e0437b3411d433fbd,897072,4338.0,576.0,0.13278,9,1,1018
2025-05-17 07:10:42,72a7902dd7fec7a506de6c3df49ab185f7d45a409df314bb2d196e1db215a8bb,897072,4338.0,576.0,0.13278,9,1,1018
2025-05-17 07:10:42,5cfa7b986aa3ce83ddb1f8d0850ad0083d340ab2d55917439ae7d7afdf7d1eb9,897072,4338.0,576.0,0.13278,9,1,1018
2025-05-17 07:10:42,a1aec799ae42df528e131f9c1fc620b481df70ec0b36ec878a7b727b79c313b2,897072,4338.0,576.0,0.13278,9,1,1018
2025-05-17 07:10:42,1568efe28f905159f8dded8fb625694d837a3f0c8903105b53c26fe42758c6b1,897072,4338.0,576.0,0.13278,9,1,1018
2025-05-17 07:10:42,2943d83d2f1bad846a3f91acf7610743c12e9592d24317a18ba9a457ba8451b1,897072,4338.0,576.0,0.13278,9,1,1018
2025-05-17 07:10:42,23352637881e7517a305021ae5de34e07723bbd92d34323cfd5da5955b2a8aaf,897072,4338.0,576.0,0.13278,9,1,1018
2025-05-17 07:10:42,5fd54f351f8842691b68d46c309c73ab81a713497e868cddd8f94bda64fdbfae,897072,4338.0,576.0,0.13278,9,1,1018
2025-05-17 07:10:42,c2a2ba786a7e51813e6988d33e5f4a0cc2dbae04b4c21f99d57dd6c27750efa6,897072,4338.0,576.0,0.13278,9,1,1018
2025-05-17 07:10:42,4452280100ab6a78eb842f67dc0309d088165c57bdbb0eaef26e0c0793535ea5,897072,4338.0,576.0,0.13278,9,1,1018
2025-05-17 07:10:42,457c4a5c1fbda348b0b96a2ebaf1496b081823d77cb96de83349846234c4f9a1,897072,4338.0,576.0,0.13278,9,1,1018
2025-05-17 07:10:42,021f38148419f03b3181e597735885f1947b2d4ca721b38640ae37051ca3af9e,897072,4338.0,576.0,0.13278,9,1,1018
2025-05-17 07:10:42,2ee16e0ec659d876885d6b5562fca829e4eabfe39651ed2242ccc1aa2750af96,897072,4338.0,576.0,0.13278,9,1,1018
2025-05-17 07:10:42,52ce5a52b33303c2ca9f576146f15e252a790ac60c6db0f202109609c56da093,897072,4338.0,576.0,0.13278,9,1,1018
2025-05-17 07:10:42,3a53f8aab54f74593bcc82940725a392a077664fbe629f0976df1dcb7c025393,897072,4338.0,576.0,0.13278,9,1,1018
2025-05-17 07:10:42,f2cd034171aec945bb07772e400cb9d290bc14935b51e5a5d015834b74c93393,897072,4338.0,576.0,0.13278,9,1,1018
2025-05-17 07:10:42,153a55297e626ecf771ed8fe86d25b85afc9cd982ba8451cfbc618406de2c786,897072,4338.0,576.0,0.13278,9,1,1018
2025-05-17 07:10:42,0727ad87d8c823f8f86cdfed7b574707f73f5adb2977ac619fd967dcb0003284,897072,4338.0,576.0,0.13278,9,1,1018
2025-05-17 07:10:42,d12ae30f606c076278c0daddbf3f13a6ae6a832446b1421c51b2ce0c82402a84,897072,4338.0,576.0,0.13278,9,1,1018
2025-05-17 07:10:42,bf9034570ee6599b525f33973d1a7ecb60456234c10121bd740f8f48a8e62283,897072,4338.0,576.0,0.13278,9,1,1018
2025-05-11 22:58:45,f11fcc65b37670c4fb52c5ab9f7de16a8e22c882a90a7765822d62f88798772f,896321,271325241.0,5640.0,2.1e-05,1,2,222
2025-05-11 22:58:45,ad2a7d0c1231cf6d2ac49107223d6b3c0fb797ee1eff5d3db1e76f3032ade127,896321,6046147076.0,5640.0,1e-06,1,2,222
2025-05-11 22:58:45,069be2b8ac84595cb7d9068490a3bfcb46f5832b1af3ad4bf3ba6635e1849606,896321,1431573173.0,5640.0,4e-06,1,2,222
2025-05-11 22:58:45,8c89f17de6086905388a480bcfb0288286e038813abcf1aa9c8d84181774dd73,896321,3819424.0,6768.0,0.001772,1,2,223
2025-05-11 22:58:45,f62682bfbea4337906413c6825a1586ced6a43da6804cbf7daacec4714a7f40e,896321,3405109.0,6768.0,0.001988,1,2,222
2025-05-11 22:58:45,aa12877fdeddca9efb8b100634104e8fae9d715b48d64d0c8706bef8a031f2c7,896321,6282873.0,6975.0,0.00111,1,2,223
2025-05-11 22:58:45,0ef57c2c458ecae9245b7a62b95fd4a44b91f4df29acc3497e7bb64acd10b8c2,896321,22522417.0,7050.0,0.000313,1,2,223
2025-05-11 22:58:45,d608556d4772e1d47777d1764140f2a317d82da250cdf41bef0d5b2edc55ccb4,896321,2178607.0,7050.0,0.003236,1,2,223
2025-05-11 22:58:45,861ca6f6dda1836f8c671b4057090c64b82995e94af14add43ae557380db6ee7,896321,11100.0,0.0,,1,3,261
2025-05-11 22:58:45,6c054bcbfb59e9ce4ca744053adc9210264a5cb8841d5b7cbcf3c71e5d4c12b5,896321,34551920.0,11400.0,0.00033,1,2,380
2025-05-11 22:58:45,d893b34373559fb95732c24948e1649bf25418b7f80e68390f07fb7939d6e994,896321,8836656.0,11400.0,0.00129,1,2,380
2025-05-11 22:58:45,4d9debb2768e33f7e48a835d0ca81fe10ec9e76bad6a903ed56a4bcaf9a9e983,896321,42772092.0,13380.0,0.000313,1,2,223
2025-05-11 22:58:45,ff86ece09a7e4ac3b4f889d1658434e9a656b17288b2b9f809161004a9ad4e9d,896321,1186665.0,17430.0,0.014688,3,1,493
2025-05-11 22:58:45,25c4d90f467faca98fafc3089b8839636e39b72aa29f9818443e3eab6cb5fc68,896321,9254.0,8711.0,0.941323,1,1,192
2025-05-11 22:58:45,cba5ef10cad304e03c03250b416886c9e57537f47854ea56b915522172415e75,896321,5318507.0,28900.0,0.005434,1,5,479
2025-05-11 22:58:45,803babb971366ec3140d51ffbf3473289cc700bd2dbea663607e98b2279d95b6,896321,104831102.0,30300.0,0.000289,1,2,393
2025-05-11 22:58:45,419358c644247f2d3449c74583e87f95f431ba59ccce0a8c26a9c3b785ebaefe,896321,35972181.0,22000.0,0.000612,1,1,192
2025-05-11 22:58:45,0ef8ab1565d4e13394165dd98612b2bc9b8c726f5ef66e1b39486cb7a7b7cb41,896321,315824553.0,0.0,,1,6,421
2025-05-11 22:30:28,3dee9da0fcf0ed5356889f5276bb32d2e118fb56cf685878d3ee88913ec6e7ff,896320,59975.0,217.0,0.003618,1,3,298
2025-05-11 22:30:28,b26187cbd6d8fe25a9e09ca59c56eaa8f8f5030b203c503f85ddefdf13794aff,896320,34908.0,217.0,0.006216,1,3,298
2025-05-11 22:30:28,521d97be79a7d4e95dea784e9cf5be501b3a99e2ae43df3558fa60a6488009ff,896320,59428.0,217.0,0.003651,1,3,298
2025-05-11 22:30:28,91864c3ec422febccf93406e1437e65fc876b0feaeb0c375c52760e6525fcafe,896320,4199.0,217.0,0.051679,1,3,298
2025-05-11 22:30:28,2cca8b70664dd42defecb2b8583840c227b4d5f138f238781921b23056f966fe,896320,79684.0,110.0,0.00138,1,1,191
2025-05-11 22:30:28,e9de1f152070d72c02c1c0a8da59678939be93fcb301a64f195d3d68841e40fe,896320,34590.0,217.0,0.006273,1,3,298
2025-05-11 22:30:28,6246c8a12dc3d6675865cf1c73e1bcf898e2eb61b1f81b20ffe57433682143fd,896320,319734.0,142.0,0.000444,1,2,193
2025-05-11 22:30:28,32f920890ffd06a17dd4deb368eb1688090704cbc909e2f60dc3d347fc9338fd,896320,60498.0,217.0,0.003587,1,3,298
2025-05-11 22:30:28,cf56bc40c89a2cbcd12ad96e83067572d2f05dc6e175e366e3c5984f198ccbfb,896320,575871.0,125.0,0.000217,1,2,176
2025-05-11 22:30:28,8fd9d6e23b9b4f174aad530c04c3085ad92a33b0d8ff04abb8866ef366522bfb,896320,30841.0,217.0,0.007036,1,3,298
2025-05-11 22:30:28,ef44fa6d2780917047f057afca9626f36b9481097d8cf6e5366d44fdd185e3fa,896320,35163.0,217.0,0.006171,1,3,298
2025-05-11 22:30:28,397ce2a4b6ddac6604138ac2235e2717ad3b5b98b2f980ff28b493a3cbfc9ffa,896320,34590.0,217.0,0.006273,1,3,298
2025-05-11 22:30:28,0de0aea7f862a2a8e5ffad0f022b01906e104176984819ae3ebf15b15d8588fa,896320,36445.0,217.0,0.005954,1,3,298
2025-05-11 22:30:28,13678dc6b5d14b566448e62a56cb8f8072d8856b1c58c106d05de59ddd1b5dfa,896320,12002.0,217.0,0.01808,1,3,298
2025-05-11 22:30:28,4c5997adf39e7f3f47d713c1e5c53e02bfb04a1a3eb12c6203ed4f205810def9,896320,31063.0,217.0,0.006986,1,3,298
2025-05-11 22:30:28,aa4f671a82f5ec960855aebafdfbc85306a8779ae3db45c3c7cbd4e36abfc0f9,896320,2165479.0,141.0,6.5e-05,1,2,222
2025-05-11 22:30:28,764a07b55862e3eef634f2ac9747a6a6738465b8d5c711df92b2dfbed30308f7,896320,220889.0,142.0,0.000643,1,2,193
2025-05-11 22:30:28,7a89427d7bb493af746991d1d4e78a5a6b82e848219fe3aa4f2199e640c986f5,896320,117974.0,217.0,0.001839,1,3,298
2025-05-11 22:30:28,7d462c21c155e3ab579dd9601267324be6f0444a0ff517b74b972ed3a0c7fef4,896320,1968615.0,144.0,7.3e-05,1,2,226
2025-05-11 22:30:28,6f578fae99baba3ecff1265b8136649677942e7cbc47fbedaa0a6ab8158ac3f4,896320,8620.0,217.0,0.025174,1,3,298
2025-05-11 22:30:28,22fa89c6b7c65f9c806898975961fb49e90ccdc3cb867c6c6b91fce4d3c182f4,896320,36231.0,217.0,0.005989,1,3,298
2025-05-11 22:30:28,5278574aa110311f31db41f8c0116933bcdd9c64cbebca89f0b1307385f60ef4,896320,39703.0,217.0,0.005466,1,3,298
2025-05-11 22:30:28,aab9bf17dcd581702259032042ae7af3ae3a23e46abf5b0d8057c1862f82aaf3,896320,107612.0,178.0,0.001654,2,1,340
2025-05-11 22:30:28,f52c52942b69e9d17aa38959868c5bb7a311d0498e4597ddd9791086ca740af3,896320,18207.0,217.0,0.011918,1,3,298
2025-05-11 22:30:28,80d5fb446ff58d764e643b4e98bc873738936a2784ff6b78fa99d5fe5dffbaf2,896320,36445.0,217.0,0.005954,1,3,298
2025-05-11 22:30:28,0b0e0a76080e4691fd86f79d9b1ddefdf678b61ea2c1513b977b74fe375ca5f0,896320,1779.0,217.0,0.121979,1,3,298
2025-05-11 22:30:28,a9cce7fdf9fa18b83d153fda474dcdeb5bc5bf537785a97f110b39b4538b32f0,896320,943045.0,858.0,0.00091,12,1,1821
2025-05-11 22:30:28,e20d8bb76a29ab0b04cd67a482ecf83e9952c35206341d9fc5f000284546d4ef,896320,55174.0,217.0,0.003933,1,3,298
2025-05-11 22:30:28,c4e07458a6488a9e0efc4b7e9c2756f0b790af6679fff9e2e430fafb04d306ee,896320,27903.0,217.0,0.007777,1,3,298
2025-05-11 22:30:28,f692ff4f0f913c3d47db2d8fa8d4072f5c65decf0f1339a4948ef5011796aced,896320,354776.0,144.0,0.000406,1,2,225
2025-05-11 22:30:28,ecc832515032521edf4b2b3e43a08949f76746d0a17931f9906587258bb5daec,896320,34920.0,217.0,0.006214,1,3,298
2025-05-11 22:30:28,e4efa963403bc66b347c93974ab72758961b359b2f242141d34a7a7cba5364ec,896320,38636.0,205.0,0.005306,1,3,286
2025-05-11 22:30:28,48b474828eee9f414f4b1e24ea761cbb5834e91b43d7aff2a34f7b6100e86eeb,896320,1779.0,217.0,0.121979,1,3,298
2025-05-11 22:30:28,3e8b8859bc00ee1756e60f94c0794048510906239f7e3d2a28451e04de83b9e9,896320,2918645.0,141.0,4.8e-05,1,2,222
2025-05-11 22:30:28,10e9f1f0c652a3291715da7abf40737ffa5f5757ee90069b8324b778ee73f2e8,896320,101248.0,217.0,0.002143,1,3,298
2025-05-11 22:30:28,eb6394b1caa0b2e9fcd6061d45da1c26c387ff7aeefca4fab9468c7f0777eee8,896320,60365.0,217.0,0.003595,1,3,298
2025-05-11 22:30:28,615e522db526f14f89f243bf876db01bfccfe07a9af4b0eda71cfe0c0a47cbe8,896320,26452.0,217.0,0.008204,1,3,298
2025-05-11 22:30:28,f23c6386ae848abab219c141c031bf8dd855fd1e626406e7970c3fb7e00ab7e8,896320,63120.0,217.0,0.003438,1,3,298
2025-05-11 22:30:28,9d3473a79b2b6d0d97fd1e5f6d3a0a7666d943ec42f46d1e7bf4e9029a1980e8,896320,28460.0,217.0,0.007625,1,3,298
2025-05-11 22:30:28,b24a103d1afd9fdc52bbf01a19e8e8eddfd86ef3105b61413fed4b259825c7e7,896320,27791.0,217.0,0.007808,1,3,298
2025-05-11 22:30:28,6b6c5083ef4c4c500a4b574da3dfbf6862f900aaa481302f40aa6b9ce26a6fe7,896320,32925.0,217.0,0.006591,1,3,298
2025-05-11 22:30:28,56b6fb9b9c872ee6e407b783dd63c432a969322780b13efe6b768c5d63fe29e7,896320,196729.0,141.0,0.000717,1,2,223
2025-05-11 22:30:28,c433eadef9faad84342be6524844ad11fff054a2222560875f58ec8c7e9e26e7,896320,46100.0,217.0,0.004707,1,3,298
2025-05-11 22:30:28,54f67ca82fa5e8de2eba25a190559b719ff3ab9d2cfb95b6c670f2cd423540e6,896320,403901.0,214.0,0.00053,3,1,364
2025-05-11 22:30:28,67ef5a4d57ec5fc36af88568f11728773ecc7352cbf201865e9463ac3be639e6,896320,546.0,151.0,0.276557,1,1,322
2025-05-11 22:30:28,58d32ce891b97fa51825b5e0735235a7159e5221e06861b0c6bbc0f96c68b3e5,896320,36231.0,217.0,0.005989,1,3,298
2025-05-11 22:30:28,2c7bd2d6c9c847422e313e175a0767e1281ee1252c2f259d88d18804e8c597e5,896320,36231.0,217.0,0.005989,1,3,298
2025-05-11 22:30:28,02ba111e59c343bec693c57d244e9d5413ce569f1a5f13b066ac67894d6768e5,896320,39168.0,205.0,0.005234,1,3,286
2025-05-11 22:30:28,30291957e3c15332de5fca91e7cfe634cb3b3a332d79200af0e1f4030ff4ede3,896320,36445.0,217.0,0.005954,1,3,298
2025-05-11 22:30:28,9011a7c4156438b7f2e4b9211ccd7ef447d6417485f3185e524654f9b1ac1de3,896320,47536.0,217.0,0.004565,1,3,298
2025-05-11 22:30:28,ea1340d24eb2e1b363e3ea92f4794e4e72f65b798b44f907ef87a96492fafde2,896320,36231.0,217.0,0.005989,1,3,298
2025-05-11 22:30:28,0d095f0810accbb39c580457d2831938b193a4f4b21785cd7d82178d1eba6be2,896320,33481.0,217.0,0.006481,1,3,298
2025-05-11 22:30:28,eb70abeeb414dab0d9ea3d25f027335e4256a9df001f5f8a0827ecfef9ea27e2,896320,49858.0,142.0,0.002848,1,2,193
2025-05-11 22:30:28,58b4771b383e22494d615a02f6f37e7c522a2d879a2886c76c49ce9f2feb16e2,896320,2858.0,217.0,0.075927,1,3,298
2025-05-11 22:30:28,3bb2d710e82f16c97fcb988fef9d2610cb1da09f2f256e4a4facbe037d0203e2,896320,28566.0,217.0,0.007596,1,3,298
2025-05-11 22:30:28,1766397a0c7707a4dd644cba48c1f539df9abf4c20cbacd3cdb11a1cc741b2e1,896320,816168.0,214.0,0.000262,3,1,364
2025-05-11 22:30:28,5b575a025347d42f5b8bec4167d4e57e3dd28fa649c16fbeb63654bb58b483e1,896320,546.0,154.0,0.282051,1,1,334
2025-05-11 22:30:28,3b15afdd196ea3f516c1552bf9b069f300c4ec7e2af1db84c7f9405e0d9a76e1,896320,27901.0,217.0,0.007777,1,3,298
2025-05-11 22:30:28,af89a48f7ea995c94bd2571957ed245974458c86bdf67022cb6862a08a38d1e0,896320,29543.0,217.0,0.007345,1,3,298
2025-05-11 22:30:28,7b8150dc1e905305a06d1a51ffdcf64ad9676379b7998c10f5766ae860359de0,896320,2204321.0,144.0,6.5e-05,1,2,225
2025-05-11 22:30:28,9babcc757d6c30bba02f1d64b9ed89d979a3d3973fa0518418c2836dc17487de,896320,4324012.0,141.0,3.3e-05,1,2,222
2025-05-11 22:30:28,8e7167861e6a07a6a84bba0e1cf8583d263d8545a2a5bbac2e0cd005ed3f82de,896320,29103.0,217.0,0.007456,1,3,298
2025-05-11 22:30:28,7d2c41019952ee6411c22fbadc1d6a7f7f8bf5569a4930ff38ef43fc0b900fde,896320,2629.0,217.0,0.082541,1,3,298
2025-05-11 22:30:28,aa6c83983f5299432572a47b88a4b4d52cd968c4440b7c6038b9f39048a40cde,896320,117986.0,217.0,0.001839,1,3,298
2025-05-11 22:30:28,4028790dea24107b0b9508cdc8b35fea38a7fcd5c4914137faf579ed5120e9dd,896320,34590.0,217.0,0.006273,1,3,298
2025-05-11 22:30:28,57d4f03548d7802acc00368d15fef4069d8c268e95b8fe619d38f39f011547dd,896320,39168.0,205.0,0.005234,1,3,286
2025-05-11 22:30:28,50468f6cf09771f0a17d4437a58e70746d4b3750d1ea207aaf34e1901803f1dc,896320,63120.0,217.0,0.003438,1,3,298
2025-05-11 22:30:28,ef46a77e3ae1752b996cb299cc8424b7423153b2d12fddcdeb621504334ab8dc,896320,89397.0,217.0,0.002427,1,3,298
2025-05-11 22:30:28,e85718bf227bf59017342a18a6ab11b694a9dd3617cbf1bdff834dd2ec3e4fdc,896320,30845.0,217.0,0.007035,1,3,298
2025-05-11 22:30:28,ad5ba4ec4c6fd66f12c09d636e8ca7994db44c86504bef952cef3ddd3ef5e7db,896320,13435.0,217.0,0.016152,1,3,298
2025-05-11 22:30:28,94a2df453a14875d22d000108a60c7c3cec2bb3340382edda01385892cd57ddb,896320,13977.0,99.0,0.007083,1,1,150
2025-05-11 22:30:28,d609022e999d78a8482eef54214f4e02b44a1c4c0ccba4c9c509fead9128d0d9,896320,38077.0,217.0,0.005699,1,3,298
2025-05-11 22:30:28,afd505216d86c9f81e6087225719058936c7eaff64be3726186f6b3e858486d9,896320,6609.0,217.0,0.032834,1,3,298
2025-05-11 22:30:28,ffdaafadcd44ebb6e4457e455e9b011e639a01d4b3b3e48dd9be173cacb77ed9,896320,1779.0,217.0,0.121979,1,3,298
2025-05-11 22:30:28,78a50a7ba23f128efb646bf3fc86803d4d9b42203aacb20f10cc8e146ca575d9,896320,37033.0,154.0,0.004158,1,2,205
2025-05-11 22:30:28,1db6b92acf21e2276c4685a7d05d00aa1e910c56368029739bbb8c62db1a43d8,896320,68055.0,205.0,0.003012,1,3,286
2025-05-11 22:30:28,4a8093214d6d70972311c33c0422c075c6a8611171e046b3b9409cc9467807d8,896320,117986.0,217.0,0.001839,1,3,298
2025-05-11 22:30:28,d1a13e6844b3c91c95fbf04299876652eaf7c8a575b52f05637344e8500decd6,896320,39168.0,205.0,0.005234,1,3,286
2025-05-11 22:30:28,716df3ccc3ebbc26ba53c05be325e5525342f2e95ec7c1f086645b00388164d5,896320,13518.0,217.0,0.016053,1,3,298
2025-05-11 22:30:28,dcae9fb20bfa09fdf662b382d8fca4f9eb8815fafc956a57937d386a52975ad5,896320,32933.0,217.0,0.006589,1,3,298
2025-05-11 22:30:28,c6454b90208b31ddd6405bebdb0753e574a2acc69134520d6892702be56e0ed4,896320,697.0,217.0,0.311334,1,3,298
2025-05-11 22:30:28,aa8c377b2b45eed043ce73c4cf6345e5b838ee71495ad991c4652c956c1cc0d3,896320,546.0,151.0,0.276557,1,1,322
2025-05-14 19:23:31,383f12acddb86b3887b91435ec0f1527961a4276d3a4ccb5dd4961e04da4bec1,896711,38568.0,564.0,0.014624,1,2,222
2025-05-14 19:23:31,9c85db62e867843219ac05785ec4c94d3f3a730667bc0af19f734be836bc0cc0,896711,62144.0,440.0,0.00708,1,1,192
2025-05-14 19:23:31,b0c17d86b79318ac1c9edbade951714233fb22cb701d90b018836b2f2c9e03c0,896711,138108.0,452.0,0.003273,1,1,194
2025-05-14 19:23:31,13ae63512247d898515bb0f64953ad67e761f5b213f28506d1780abc3fb0f4bf,896711,634593.0,564.0,0.000889,1,2,222
2025-05-14 19:23:31,46f2ee803fcd084be8333f146797c251e3ea0693fd4e30fec9845d93aa87f0bf,896711,241560.0,440.0,0.001821,1,1,191
2025-05-14 19:23:31,200b9e55ba504847f0b355ae4790df865e723ec1c953fef5a3679124c317c5bf,896711,686910.0,884.0,0.001287,2,2,384
2025-05-14 19:23:31,09bffec2faa7b10d0f5f5229e461187f25e698284193b76de02f11d58dda52bf,896711,937485.0,564.0,0.000602,1,2,223
2025-05-14 19:23:31,9d0e186d08e50eb7a2e9d5ae7edab974f43d53e7c19ee334f948b6f34ff650bf,896711,732807.0,440.0,0.0006,1,1,192
2025-05-14 19:23:31,50bfb4cad2821d4f818f78622517c9b9995446f5851492c41a57090e56a524bf,896711,31707.0,564.0,0.017788,1,2,223
2025-05-14 19:23:31,71447da0c8543b6d7c662976c73d8780fbbce3ad93422b629844693a35c307bf,896711,91260.0,452.0,0.004953,1,1,194
2025-05-14 19:23:31,1197647b2f1074025f8714d7e329b305f9acc9bc2e491894ae02531d1c89ecbe,896711,1897810.0,564.0,0.000297,1,2,222
2025-05-14 19:23:31,09807f5f4260f79ee4a06f1a97bbe8f8f72d92f01774da04aa2c5b839d3f33be,896711,2424145.0,564.0,0.000233,1,2,223
2025-05-14 19:23:31,475237283d976fa73882737b64159d4a8a6c2856d7d17ed460afbbca10400ebe,896711,1790896.0,576.0,0.000322,1,2,226
2025-05-14 19:23:31,e3ac21cea64a48348427458edc35fd7373ffffba548c044d2da85ebb740c07be,896711,44978.0,564.0,0.012539,1,2,223
2025-05-14 19:23:31,2725148b25e31280e40779b6d8dae1a0dd10bde78362c8c24b3de73522e3b9bd,896711,47400.0,564.0,0.011899,1,2,222
2025-05-14 19:23:31,cff7b1510c9538fd5c240095571c2b316ec157cfb879534e878ba60e81cb5abd,896711,86887.0,576.0,0.006629,1,2,226
2025-05-14 19:23:31,582ab0bf2bad13e48ce25ec16a46b37644acece2fd65f34c7171424296eecabb,896711,1998272.0,576.0,0.000288,1,2,226
2025-05-14 19:23:31,99229877859dbefeb9c061a8e160ca4383f8c5015e03780b6597f57d7d9184bb,896711,381754.0,564.0,0.001477,1,2,222
2025-05-14 19:23:31,ecf19339ff22bbdb9a65d6232c49c4234f80ea8ee5533665c573a4d4ebbb43bb,896711,17859.0,564.0,0.031581,1,2,222
2025-05-14 19:23:31,38607f316b44913a23b75c6930ed9bdfae2176a5d1a88d43aa73b602d4ea26bb,896711,3186.0,564.0,0.177024,1,2,222
2025-05-14 19:23:31,3e246183fa523e01aeb0be5804cee4abcc2efc67255491723fde4bb8365e15bb,896711,522716.0,440.0,0.000842,1,1,192
2025-05-14 19:23:31,0e536b3fc32eb9660738e38e8bb090c15a77ca8a828b30135921a3274f711eba,896711,122898.0,576.0,0.004687,1,2,226
2025-05-14 19:23:31,a8603a40e289996c67baf5ef04dff5790dc8f6b335b6bd2eccea8c2060f1e1b9,896711,116120.0,712.0,0.006132,2,1,340
2025-05-14 19:23:31,f3c4c675b912f12daf2eb38717ffe381d5d6334f55c089f55b25b321b489b3b9,896711,505026.0,564.0,0.001117,1,2,222
2025-05-14 19:23:31,752812cdf1b667cdfb8971e5c7f0c3671a3866f165671fa96a08bc43ebe951b9,896711,23929.0,564.0,0.02357,1,2,223
2025-05-14 19:23:31,a2a10b18a8e08c1ac60d859f5263adb8d73e76f267dae0243278c34aa83a2cb9,896711,4907.0,452.0,0.092113,1,1,194
2025-05-14 19:23:31,223f6fcdf685aeeb29bb9902c5ac02066d46966b927e8747036072b18500f9b8,896711,161017.0,688.0,0.004273,1,3,254
2025-05-14 19:23:31,c1fa2fce7d5ea53c7c395feab4aa5e7cdbd2198d5795381ff1ce29f01fe1a9b8,896711,16374496.0,892.0,5.4e-05,1,2,223
2025-05-14 19:23:31,e7a6e6ad793c0ee2be928f52848ff1c5ef3c16d4f800a641889ebc69b22f55b8,896711,32882612.0,576.0,1.8e-05,1,2,225
2025-05-14 19:23:31,64cc7d0379e6100e9bccfaee7ff5796e015daa6ecef7fdf46a995043cae516b8,896711,1009428.0,452.0,0.000448,1,1,194
2025-05-14 19:23:31,4a2c55a3d7afb1901986c63c451e96091eab9bbe2f30dc6dc5d0b5b2c741f9b7,896711,418730.0,452.0,0.001079,1,1,194
2025-05-14 19:23:31,cf78c68bf457936dc6ed53db856ecb64f6863d7e2033120c8b0eb18dbfb0ddb7,896711,4685.0,444.0,0.094771,1,1,193
2025-05-14 19:23:31,0f84de3cb08781af50e3c38ab09b3373c42cdd4140c4d00516d179980b6cb4b7,896711,23410.0,564.0,0.024092,1,2,222
2025-05-14 19:23:31,74986a72559241f19c2d86db24ed22aa8f7478e4ce1660fcffb4808c9a8e7db7,896711,989241.0,440.0,0.000445,1,1,192
2025-05-14 19:23:31,435c14ae1be9a2f730ad9d095bda9835d4adb2389c2d5ee51a1a9b8e357e73b7,896711,713315.0,440.0,0.000617,1,1,191
2025-05-14 19:23:31,c66ee9412cc8d0df689eb2bf2c26c2554dc318d13e4bb3d2d05791d059190db7,896711,551182.0,576.0,0.001045,1,2,225
2025-05-14 19:23:31,95f3ab5ad9b09da6ad2c9a9caa2c33d53c637108433139f2d03585ecbb09deb6,896711,96216.0,452.0,0.004698,1,1,194
2025-05-14 19:23:31,07c9b6b17c784ac090031940ded77becd3fb0763deff053b2cfc1559350d95b6,896711,370136.0,564.0,0.001524,1,2,222
2025-05-14 19:23:31,0388b95ff6f4db34e186d407a94d893a6cb7a70c0564ff9f8a47f7876f2e64b6,896711,198828.0,576.0,0.002897,1,2,226
2025-05-14 19:23:31,df4b44e86aca8fcdb8097fb0ffe89350003e524b8d8b31bf906b1056b73deab5,896711,4673309.0,876.0,0.000187,1,2,219
2025-05-14 19:23:31,d7c2ca24a7d7ee9bb0a5b3400373f1628bbeab164c11eb1371c9ef870c7e40b4,896711,58784.0,564.0,0.009594,1,2,222
2025-05-14 19:23:31,5874e6085aca1c8ac5dc80447999577d5c73cfb4787a710c097ff6d12fd83eb4,896711,383483.0,1028.0,0.002681,2,2,419
2025-05-14 19:23:31,b2896c926a98c8a4a574a52f842b62ddfe92cb8368073bcaf3c7ad29e5eb03b4,896711,50223.0,564.0,0.01123,1,2,222
2025-05-14 19:23:31,9435a06ba66e0e65ba18686411d16b99b063787378b6464b5bd3098cb701e5b3,896711,463808.0,848.0,0.001828,2,2,374
2025-05-14 19:23:31,4b0601dd98d07eebefdc163861018785d2e8f82512b5261a18b029b78126cdb3,896711,206217.0,576.0,0.002793,1,2,225
2025-05-14 19:23:31,2241e435a1f67afca5a625d3ea7d987603eedc53b2eba2ff649394191ca331b3,896711,990915.0,564.0,0.000569,1,2,222
2025-05-14 19:23:31,a0955bd7371eea6fe0ad1110a22bb5437f3be30ce1a566a7bb326cf88c9315b3,896711,80794.0,452.0,0.005594,1,1,195
2025-05-14 19:23:31,5483c186bec8706548cbcf887a4bda821749d3cb8cf666a574d967083dd506b3,896711,110827.0,576.0,0.005197,1,2,226
2025-05-14 19:23:31,499d66c7be0aa68cd1c879dd04ede7db7d506dcc65242026e1e6687818bd71b2,896711,383993.0,564.0,0.001469,1,2,223
2025-05-14 19:23:31,2b0398d379522f9e3ec16c4012fb45ebaf4fbd96996fa3d7ae3ae7db6d3733b0,896711,48131.0,724.0,0.015042,2,1,344
2025-05-14 19:23:31,e3d5f91872d9a78ec009a039533f6bbaa974755ca0271a3a8e5ea64dbb0630b0,896711,145298.0,892.0,0.006139,1,2,223
2025-05-14 19:23:31,28bc1f7084a7d3dcc514d2265567ae38ab16184ec4912b5ba215ecaef33115b0,896711,72822.0,564.0,0.007745,1,2,223
2025-05-14 19:23:31,72ac59095d2e2ce04cb55a12cecdab5254b3bd8401aa689304bf1af52a323daf,896711,244236.0,768.0,0.003144,1,1,192
2025-05-14 19:23:31,d39c3dee288f151e776b6a9495022718ac4dae286db34a3e95a1cb0cc0bc60ae,896711,339277.0,688.0,0.002028,1,3,253
2025-05-14 19:23:31,6523040ff45f42945250cdaa0b26d0168ad36a530308186ec012e46967ff03ae,896711,72990.0,840.0,0.011508,2,2,372
2025-05-14 19:23:31,4423fa3db9f58a48a4a21485f40a6558920292098e48d04d140e37ae0474aead,896711,39320624.0,564.0,1.4e-05,1,2,222
2025-05-14 19:23:31,a1af763da36b0f2023d2ed5d7e8c9f674fb264a67b69319976c35977ba5e0bad,896711,57444.0,444.0,0.007729,1,1,192
2025-05-14 19:23:31,69a98c71eb7d181453f85cf29e94b60d2982734c49cdf8398ee70a5906b8beab,896711,9639902.0,716.0,7.4e-05,2,1,342
2025-05-14 19:23:31,9d65235e404e938c14cd412fc474611de74fe77b92217dab12364da1984130ab,896711,118953.0,564.0,0.004741,1,2,222
2025-05-14 19:23:31,07541dcc58ddd1665eda947aa6a8fbc3b3805de21ff2504ea445ba983c8063aa,896711,689279.0,576.0,0.000836,1,2,225
2025-05-14 19:23:31,d029439f0696fa4e33e55ed264f93ca89e0bd11f1e1d9b03c4edb30223f14daa,896711,3655566.0,452.0,0.000124,1,1,194
2025-05-14 19:23:31,9b9b6768229ecafc21d79b4ce68a6739d56b794f73485d6558ce4caec7f93aaa,896711,43599.0,612.0,0.014037,1,2,234
2025-05-14 19:23:31,caaeb292c7f27558b9b2581c3bf55fa28407013069a10f2a8233af95f31d16aa,896711,170688730.0,1320.0,8e-06,1,8,411
2025-05-14 19:23:31,ebe4dfa6d90ad41e8b00a1f4352f16b8ac916c008b2fdba2754e275bebf3f4a9,896711,153701.0,564.0,0.003669,1,2,223
2025-05-14 19:23:31,7b4ea58154aa738dfd7477e45a5ef58514268eaa550d80227bb9b636efdbd8a9,896711,232091975.0,705.0,3e-06,1,2,222
2025-05-14 19:23:31,34899f5361b049d24d2326ae732a22606e327377e433f9685fd23e096d79e46c,896711,232122891.0,423.0,2e-06,1,2,222
2025-05-14 19:23:31,6de7a3bf37ac6a9a6fcba669caf6a943aacef1e6369271ec9f35f5b22291a7a9,896711,9424662.0,452.0,4.8e-05,1,1,194
2025-05-14 19:23:31,41c578620877c0495c107d5bb2adb15df41c949d1956d78077c7db0ce6329aa9,896711,28540.0,452.0,0.015837,1,1,195
2025-05-14 19:23:31,e27fda234884b7e83d26a3bcb2b0ddf7a686626df91afc150eb1699ec5f705a9,896711,43094.0,452.0,0.010489,1,1,194
2025-05-14 19:23:31,1bee380e741cbbde4693c268a6574fe73bd559dcc22c074ab428c89b779ee7a7,896711,39308.0,724.0,0.018419,2,1,344
2025-05-14 19:23:31,6b7f62a32859700a18813ce112f9d90feb6d1cd15c8106abbd2885172b05dca7,896711,1599997864.0,848.0,1e-06,2,2,374
2025-05-14 19:23:31,c2c11a6e0d452b8a4aa3d211363aa3707b3e844bef398314e44622737dda7aa7,896711,23619.0,576.0,0.024387,1,2,226
2025-05-14 19:23:31,d6a12970858ddb35a28ec820088d6b1c069577a3c7b7c1e4088e77d99b6855a7,896711,45568.0,440.0,0.009656,1,1,192
2025-05-14 19:23:31,d3a45b503bf73d5d5c9d6f678b87e2349228316eeb56b4c2e07b610aa281dca6,896711,774228.0,656.0,0.000847,1,2,245
2025-05-14 19:23:31,e5e741f1662435b05c0f0333a88b71a42861e7f982a025733880e67287beb7a6,896711,2798073.0,440.0,0.000157,1,1,191
2025-05-14 19:23:31,0d97b8b772707920cc2abbf8a4b8729726d89c2a48ba2ec31ef9c530bea754a6,896711,74201.0,564.0,0.007601,1,2,222
2025-05-14 19:23:31,2b489d63b982ddb2c990fae17d37ed6bf8da0148372851ad1ea61d305d6442a6,896711,85266.0,576.0,0.006755,1,2,225
2025-05-14 19:23:31,d731c14e071cb97bcbc9eb2117496b63332be6c1667d0c5afd46ca5f7017f1a5,896711,56808.0,564.0,0.009928,1,2,222
2025-05-14 19:23:31,9be610091fb31058e92211bb96b7c7ce24a8ba501a046e59abfb8c39dae69fa5,896711,102666.0,576.0,0.00561,1,2,225
2025-05-14 19:23:31,c883480ae0b33d9af524e1170cae8cb71a4a18fa3966f171e2b6093b10461ea5,896711,1002.0,440.0,0.439122,1,1,191
2025-05-14 19:23:31,2b9d2b260fa405b42e28d5c7455e6e077535a584029a3f80bccc0786267ddba3,896711,91351609.0,688.0,8e-06,1,3,253
2025-05-14 19:23:31,965e71300b29b3579ead102edb3453d901c5539e9b1071226a2b102f8f35c7a3,896711,517515.0,576.0,0.001113,1,2,225
2025-05-14 19:23:31,5a8e59b404a1e84dfe99bf7e3b715576537c8125fd1f3c691898cca479375ea3,896711,46295.0,452.0,0.009763,1,1,194
2025-05-14 19:23:31,cc30212924036ca01a8f9312be57391ed62d74cc5fa913c3fd20e8e49a08eda2,896711,228979.0,452.0,0.001974,1,1,195
2025-05-14 19:23:31,71dec6379091af66e212845dc25e415b3e4bf6335eb1c7fbd4e3de450137c5a2,896711,12797.0,848.0,0.066266,2,2,375
2025-05-14 19:23:31,83964a8cf7d6ab56b995b021280eeba956ca1d4b0e58d55565b289750029bfa2,896711,790136.0,564.0,0.000714,1,2,222
2025-05-14 19:23:31,8e6109c990540ce25bfbcb91e7b075c0c659fb39555f627ef3a922c115c8c5a1,896711,528778.0,452.0,0.000855,1,1,195
2025-05-14 19:23:31,9bda1f4c8885984a5f99071ff1a39c5f8c4ce47f6a036e665d651a3bbc82bda1,896711,87392454.0,564.0,6e-06,1,2,223
2025-05-14 19:23:31,9db36fc17d1fad375612a8acfeddb58340283221bc096939519f2061ad75b4a1,896711,29237.0,452.0,0.01546,1,1,195
2025-05-14 19:23:31,cd2dd44ce0fcb79245e7771f7baa61d45138d5d795d543293d6b7ad12af956a1,896711,782221.0,440.0,0.000563,1,1,191
2025-05-14 19:23:31,ba23230c35a777462cf4b4c50e74f20ab4f2a72c88d4e4e88ceb5b333c03c5a0,896711,64363.0,444.0,0.006898,1,1,193
2025-05-14 19:23:31,3bfa9c1cb03a8493bff231a9a00597a89f9ec092989c8a110b1107551db8c0a0,896711,4999124.0,444.0,8.9e-05,1,1,192
2025-05-14 19:23:31,400c19fd81f7ab97713ec3d7de1f4ee3a9f6c7e8d053b3decb0769d11ec157a0,896711,54710.0,440.0,0.008042,1,1,191
2025-05-14 19:23:31,cec5afdf6432dfaea325c74fe29da9cb40e627d8395e9e62f214802f922056a0,896711,778388.0,564.0,0.000725,1,2,222
2025-05-14 19:23:31,c74b6342b5188b749de186f3d5bea91133a9d84374c0c2493b9942d7b01f06a0,896711,205580.0,568.0,0.002763,1,2,223
2025-05-14 19:23:31,2cf7a85cba7b4c6d386b9028df42f97b58bfb5d088d8dbe05280ebdb99d9c09f,896711,3260098.0,488.0,0.00015,1,1,204
2025-05-14 19:23:31,2b25b920871a92738a3df5d83ed58af3052255debdf7bdec4eb820b8242c699f,896711,3227.0,996.0,0.308646,1,2,249
2025-05-14 19:23:31,9204e90f8cf653bcd09a90b6a1391a146c859c62a856c078fe24fa5146eff99d,896711,41336.0,564.0,0.013644,1,2,222
2025-05-14 19:23:31,c8c86df534aafb7c81000bac1751d647c1d8f30094c9e30dc3ac3ef6352def9d,896711,194163.0,612.0,0.003152,1,2,235
2025-05-14 19:23:31,dbd6b04e2850d3fe23ead3b661292ec749a4862ac9efa806a44abdbffb99269d,896711,152739.0,716.0,0.004688,2,1,341
2025-05-17 09:37:04,1a199c4c789d35bbc5fa523960536a988240b52ad80c80ec49c6b49b9f542680,897084,111831.0,710.0,0.006349,1,2,223
2025-05-17 09:37:04,e43569f9f31ccee740bcbefb6b4d6f64d0198305d167146acbe32e0e72e2e67f,897084,191408.0,720.0,0.003762,1,2,225
2025-05-17 09:37:04,eeec78e4b9d1e13c08b76f922aa6303d3b5e72664f9b77e0c97e06aeb83b7b7e,897084,546.0,760.0,1.391941,1,1,324
2025-05-17 09:37:04,2887ab71aa312b45bb32fd17a04e7f20c06811d0eb573ceab484351ef557e97d,897084,38040.0,960.0,0.025237,1,1,192
2025-05-17 09:37:04,3754147888d909377bf7ff633687e85310c5ade8e0d048bc0fd2d0c94aa2c17d,897084,546.0,755.0,1.382784,1,1,322
2025-05-17 09:37:04,61ce77614a19845d31891250f9458f6b9cf560a9cd49480973c6e9a8661de47c,897084,546.0,765.0,1.401099,1,1,330
2025-05-17 09:37:04,1fffbbbe77cff595851dabf8afb33e6a0bb3244a386fe0d3dd5819ef77fff095,897084,12430.0,770.0,0.061947,1,2,205
2025-05-17 09:37:04,2864701f74619bb83a221c2533e1964abcceeb08437dcdb3efc0821a5a9ac37c,897084,282502.0,705.0,0.002496,1,2,223
2025-05-17 09:37:04,97e95fd0ab48790325c9b861a53ece6fef00dc3452f1d70ed50cb1b70a4a7a7c,897084,1039069.0,715.0,0.000688,1,2,224
2025-05-17 09:37:04,12b66059e9312e20c3bd81aa9e69456570a7137a84812742aff4c771ca74677c,897084,1382307.0,825.0,0.000597,1,2,246
2025-05-17 09:37:04,07549bee586079f3a5be1bed7a077d4436bf06a8c60bc498b1fd70d71bd2307c,897084,1081150.0,6305.0,0.005832,18,1,2705
2025-05-17 09:37:04,ae7d1a4d4e191c041057bc75a3f6690995fa873f098d9ff0ebd17a0f8521787b,897084,1460544.0,720.0,0.000493,1,2,225
2025-05-17 09:37:04,694506b74dae7f26e10ffa1bbf990579517fc1c9f6181a21466b6b9613aef37a,897084,278589.0,765.0,0.002746,1,2,235
2025-05-17 09:37:04,2212190c382ccb97c323ff9914bf9d1c918e3c243d8c160d368d3b1e0b93c57a,897084,130899.0,710.0,0.005424,1,2,223
2025-05-17 09:37:04,0ec034933e45a2ec69f660fa5e4497a061d07dee9b5432db14ee8d62d34aaa78,897084,577685.0,2645.0,0.004579,5,2,934
2025-05-17 09:37:04,67ed61a7d807267ea25f0015fcf25d72f9d6e23cdaaa4a386c0ef7b3d7127777,897084,615240.0,720.0,0.00117,1,2,225
2025-05-17 09:37:04,03d0fe81d210499c96d3da1514f252a0f76a6e300c32d025d365627e88cf6575,897084,28566.0,550.0,0.019254,1,1,191
2025-05-17 09:37:04,bddf671f9f08b6bf3ead3f325d66b73fa8cb94d5fb6298f854d2a328686d4575,897084,546.0,765.0,1.401099,1,1,330
2025-05-17 09:37:04,07d49ab945a5d763604566da41798586d0237f3411c020b20e82a7ef85d4d874,897084,6402.0,3430.0,0.53577,11,1,1232
2025-05-17 09:37:04,032c3609b4704394b1f17db3681d5e1831f155c6a5d5de0b53fb5a5e71fa5874,897084,546.0,755.0,1.382784,1,1,322
2025-05-17 09:37:04,fcbc589bda196bb4f2e0ba427ff957da423c88587c14791bfc114f536d500c91,897084,19203.0,770.0,0.040098,1,2,205
2025-05-17 09:37:04,9cac28b5292aa807407bba9032df373d72fa49b179626546a2654329b64b2e74,897084,546.0,770.0,1.410256,1,1,332
2025-05-17 09:37:04,52b89f985fbe7a8d3d67f33b0c3b022fd0354ba8a8fd05fb8e39eaa257e5527f,897084,393542.0,770.0,0.001957,1,2,205
2025-05-17 09:37:04,2cf2ac1dafcf52a10ae858843f807959a277470e724f9fa5ab1a6a0ce706d172,897084,47164.0,1120.0,0.023747,1,2,224
2025-05-17 09:37:04,b3221eb870efcfd2ecadf6ed76dd9544bac7aeaf5d0352bbdff4aa0500642c72,897084,546.0,770.0,1.410256,1,1,331
2025-05-17 09:37:04,4f65b3ef38a3437a24598d1b2ede4032d4be9c5449311fe4ca13a0631f45c571,897084,311446.0,705.0,0.002264,1,2,223
2025-05-17 09:37:04,019026a9b90c03f5617dcda37375d9912567f4fa74fe011651658251e207b371,897084,18670.0,550.0,0.029459,1,1,191
2025-05-17 09:37:04,d700ca2402e2e20abb8ebe9f439389d9675d30057d2d44e05076af3635f63a71,897084,2054295.0,705.0,0.000343,1,2,222
2025-05-17 09:37:04,a5f31d9dde4ef33ba5be485c71bf10c288ff3ebdba3c2923c85a02215f779e70,897084,546.0,760.0,1.391941,1,1,324
2025-05-17 09:37:04,6a9d710955e21fc9374c5e1ff618ca4cdff8cd72bdd6b9587e437330adcda3c4,897084,20602.0,770.0,0.037375,1,2,205
2025-05-17 09:37:04,cac56c14224aa58b1255f6d16567d55ba1f8447db3bec1b6dfdd7045cab69870,897084,214964.0,1060.0,0.004931,2,2,374
2025-05-17 09:37:04,ef9e7ef9edff33df384a435c94cab8955680c6e04a8d914f1976288042498870,897084,16684341.0,720.0,4.3e-05,1,2,225
2025-05-17 09:37:04,c4d990021a380def5be3bf509999f5dcc44d3a216421d7cf62d01cf2149f0c70,897084,2005502441.0,1115.0,1e-06,1,2,223
2025-05-17 09:37:04,451f662327dae2b33f95c975a51fad39f79f47c0c1b9e5e1c68b6dd5195ada6c,897084,546.0,765.0,1.401099,1,1,330
2025-05-17 09:37:04,74c86a02a4283ef10f87e98d44fbf48a340111077a895d2fa027d9a82698f5dd,897084,247958.0,770.0,0.003105,1,2,205
2025-05-17 09:37:04,b9b97dd618244d0ecd77559340443f56e25431a6f493fad1807727cb82496c6b,897084,29220.0,1060.0,0.036277,2,2,312
2025-05-17 09:37:04,7ada5b4753532a0d7644d75f77c8114e1916b7d12344d88a7becd81abea4546b,897084,60190.0,770.0,0.012793,1,2,205
2025-05-17 09:37:04,95a08ebef1292b8e81488f1df80d614830fedc560d8cb1f8dd029ebed56df869,897084,763987.0,800.0,0.001047,2,1,260
2025-05-17 09:37:04,d50447438c49c8df6e29175bb7674302638ea8da70ba7ed4dc11059d60e72669,897084,5498024.0,1950.0,0.000355,1,10,471
2025-05-17 09:37:04,af29460b62d2ed02569460943b5e19bdd8efe705b3f76c2e8a9f8f5053dfb667,897084,47236.0,770.0,0.016301,1,2,205
2025-05-17 09:37:04,aefd2102f2da4c5bdedb3287bff1a85eded5937a2e4a74a21e72c8a569df8b66,897084,10960450.0,1050.0,9.6e-05,2,2,373
2025-05-17 09:37:04,75090f399e9391b6ff586c8e581ec5f604cc6ef578bae998284f87d0b6df2366,897084,543052.0,705.0,0.001298,1,2,222
2025-05-17 09:37:04,77f70c742526e00a42db3b050a20f5a26d2be8fe6ac8efaa9f5a35f9e6c77a65,897084,1543630.0,705.0,0.000457,1,2,222
2025-05-17 09:37:04,01a20d2c7e378970fde999c80167126c0ec2594a25063fb16b4ff5cbf0d87765,897084,6697230.0,770.0,0.000115,1,2,205
2025-05-17 09:37:04,02f7cd874b51893232591ce850fcdaf65a411bc54482fdf8cc5bf0ebc3f24565,897084,994706.0,840.0,0.000844,1,2,249
2025-05-17 09:37:04,d6775eef4f56d973537f56717d2e04535c41213812e9d7ee73d9012a00d01e65,897084,85665782.0,500.0,6e-06,1,1,151
2025-05-17 09:37:04,5e729cde899c5e8801dcc0b089a771b4e310d12c21d2bf77e21da039cf1cdb64,897084,546.0,710.0,1.300366,1,1,319
2025-05-17 09:37:04,19d6373bac05c889eb67e9afb68feb83d398228ecb5bb359d6ddfc5a61501a64,897084,38182.0,565.0,0.014798,1,1,195
2025-05-17 09:37:04,036892c980b9440dff768744b5537fec6514f05e32a40ac11d2e81cee84bfd61,897084,235592.0,1280.0,0.005433,2,2,418
2025-05-17 09:37:04,7eb6ed993840d7d542c329f61d2eb04e1f2d04d24b665aa010a28d3e15d76f60,897084,397445.0,555.0,0.001396,1,1,162
2025-05-17 09:37:04,e3ac31ccd7c5c0c5a4fabd7aecfc85f3b6e75b3960a92beb3f67004bb5fac15f,897084,4813.0,1400.0,0.290879,2,4,380
2025-05-17 09:37:04,95171bf6a01254efb03cee5aa02d2ed43e917545111e9b2b85afe46f75a6b95e,897084,3139751.0,770.0,0.000245,1,2,205
2025-05-17 09:37:04,2ddaecd13b606ed1fd910d1b0c5c4a72cac6d4fa8fff997bcce59a9e7646775e,897084,251959.0,550.0,0.002183,1,1,192
2025-05-17 09:37:04,5899efef4dbd3697b10199aafefb0f5211fd852b3e3a102dee22e65893f3a05d,897084,57630.0,710.0,0.01232,1,2,223
2025-05-17 09:37:04,2032ad2d0b6f4396c394f5b0ebf9cdf07b018d5c1358e8c70369341b66c7905d,897084,195543.0,2355.0,0.012043,4,3,793
2025-05-17 09:37:04,636ab4c45e19a2a1f9b0c6d109463e8825b836d7ca34ef54e41da174a850e05b,897084,236227.0,4025.0,0.017039,1,4,451
2025-05-17 09:37:04,c8d8d132d5b5b16e81dfef4b6f9bdbee9bb1102f6c957c0af2e96a9d02291e5b,897084,546.0,710.0,1.300366,1,1,319
2025-05-17 09:37:04,cb17b6cdf316c7be2f50e7c6fe97d95747eba01123816549fe27a8ab19b7eb5a,897084,51310.0,720.0,0.014032,1,2,225
2025-05-17 09:37:04,7f5b16fcfc3e201d7369b3d1e9bb83c514a534ca4b7a6fdfae1bf4210fc35c5a,897084,62788.0,705.0,0.011228,1,2,223
2025-05-17 09:37:04,b7a3427ded2c4fa7bb24aed7c037977dfad478d439441850bdbdd64eb059435a,897084,482294.0,710.0,0.001472,1,2,223
2025-05-17 09:37:04,d3d962b20fde9b561ebb3e04b9402679d2ab3982eabb9d1626f3321d5c73385a,897084,7026.0,550.0,0.078281,1,1,191
2025-05-17 09:37:04,ddc3c24d65def90c737cb02764a28e1d04e5a6129f90ec78bf78d34340e5da59,897084,6944.0,3430.0,0.493952,11,1,1232
2025-05-17 09:37:04,f875a5c6dd696c0c9ef30aa74cc7b9cc42d088f0753cae8b181ee8697f33bd59,897084,22193.0,555.0,0.025008,1,1,193
2025-05-17 09:37:04,3a27cae298c53c66d4705a6d4a026e3f8e350dce55a36c098ed09280996e7b59,897084,124239.0,1045.0,0.008411,2,2,371
2025-05-17 09:37:04,d8a9751a2c662ba2758145071a8e2b122ea22b4f50224c08cf1c380d47425159,897084,24861.0,705.0,0.028358,1,2,223
2025-05-17 09:37:04,11f7ba094cac4eb94e0d68e2f2bceb93eacf301e37c8e589193d520456044a58,897084,665988.0,1060.0,0.001592,2,2,312
2025-05-17 09:37:04,a5f2a583462672ce8ab997b5434ded49e5c38fdd65777570901ef93fc25ef057,897084,546.0,770.0,1.410256,1,1,332
2025-05-17 09:37:04,14b8bc8d3fa75b09448e81eb9f4ab31d8923fb884f4d3201c8a4a3968001be6a,897084,40230.0,770.0,0.01914,1,2,205
2025-05-17 09:37:04,fc6dd13d958f38e52d0196fd46d3c4f7f51c7dff905ac04a4877b8cd8a54e557,897084,575675.0,770.0,0.001338,1,2,205
2025-05-17 09:37:04,42de591a9d9e990d1b7b3df37090819d61143c2d88c9b56c207dfd7f5a9f9557,897084,2752176.0,1060.0,0.000385,2,2,312
2025-05-17 09:37:04,454710048e6df095a5b90b7831840c198d437c4cfc531143b543bb40321da055,897084,546.0,765.0,1.401099,1,1,330
2025-05-17 09:37:04,5dc109a24fa69867cf553a6bda909bbb272a074790521e7f1dab4f0da85ae9c8,897084,16319.0,770.0,0.047184,1,2,205
2025-05-17 09:37:04,71e0aae9cd400323488dfc4f67af18dab487ee33ba498678f52e0668b2911f55,897084,1572643.0,1050.0,0.000668,2,2,372
2025-05-17 09:37:04,46ca8aee0fd7fc79a2c9b961e982dd39e2adad7e7443a53cf695e944931b5352,897084,546.0,770.0,1.410256,1,1,331
2025-05-17 09:37:04,74148e2711e4f958164e60879698c06799a5990e128e5a486ec2e27edbfec251,897084,16269467.0,705.0,4.3e-05,1,2,222
2025-05-17 09:37:04,34ddbf000d37908bb37d3e15b636e1c7c843b31858f4a0bc9386e18cc31590b0,897084,17667215.0,705.0,4e-05,1,2,222
2025-05-17 09:37:04,e6480475efc360a5751746b18e5e34f8857be12652c1e3cb2cc48b0f0ae2e450,897084,641064.0,820.0,0.001279,1,2,245
2025-05-17 09:37:04,f83ad1aee21f60dc9410276631a66099d49a3164b95e1b17d9de36704fd17450,897084,171327.0,720.0,0.004202,1,2,226
2025-05-17 09:37:04,ce24042cbdfd0d975ceca6d284ca2f7bf4e1ab7fbebad566cd22c5871b860450,897084,546.0,760.0,1.391941,1,1,325
2025-05-17 09:37:04,1b1a942a854b4dccebfe4e1ef4839939991c202133fdab4c55e1a8cd66d3b2ed,897084,488306.0,770.0,0.001577,1,2,205
2025-05-17 09:37:04,798f02e1ae5a8c9ba4e932a758b6ef8b52c03dd4999e5a77b6cc8bd78871fc4f,897084,16125402.0,1204.0,7.5e-05,1,3,253
2025-05-17 09:37:04,6617282e89b92c38a60eb9703b7ff5c6bde3882ed53ccc727aa206e79ecb72e8,897084,16225407.0,516.0,3.2e-05,1,3,253
2025-05-17 09:37:04,edabdb3c244972d66c87b3f3ec72d063acf0fec42a6dfaa10fde34a92c86234f,897084,95189.0,710.0,0.007459,1,2,193
2025-05-17 09:37:04,9e47587fc38d6eb0d161d4dbf1d60ee831a6a2ec16bbbce885fe7ce1671b6a4e,897084,6166881.0,1030.0,0.000167,1,4,287
2025-05-17 09:37:04,c581b2ce4baed9406983e4dfc7ffa9107c4f2fcf73ea621ef324c07c448eb24d,897084,249348.0,1860.0,0.007459,2,2,372
2025-05-17 09:37:04,6b5c181af9987e94cde8e7ec0431af75d93a1af429e45acdca0046920d2d024c,897084,488948.0,705.0,0.001442,1,2,222
2025-05-17 09:37:04,b26f46b2ba426d606123df367a5c679dd5e0c5e844b04a5d1686c67261f06d4b,897084,3778835.0,720.0,0.000191,1,2,226
2025-05-17 09:37:04,d8094e94d09a4f1cbd48512d94690ec8f6c2324307551cffaa026869591be74a,897084,18572.0,4025.0,0.216724,1,4,450
2025-05-17 09:37:04,122a9789a5185f0015e68e8b0505ed16b7138e9900e9ef4478df94f13e86ae4a,897084,19486.0,1060.0,0.054398,2,2,312
2025-05-17 09:37:04,87519d22f01f0a7a730dfc816894f85b8a5ded0a86da29c9a620cf1824fd9f4a,897084,546.0,770.0,1.410256,1,1,332
2025-05-17 09:37:04,e6a740c2280d92f9c691a075504ccb9ec143000f120791d3c1534f667ca5654a,897084,789295.0,705.0,0.000893,1,2,222
2025-05-17 09:37:04,f04e206c376141832d86a78eaf04fd832182ebd30fd3fce333783458b7a60b4a,897084,12553.0,3430.0,0.273241,11,1,1232
2025-05-17 09:37:04,cb37c264a4a3b8bd84b4d537823fff34c90360f70422aa538d88bfbe2fd19949,897084,799817443.0,2575.0,3e-06,1,14,596
2025-05-17 09:37:04,25f612c3c9573e3f4f062d4d586dbc9e261145ea86e2025c6cfff2a025f61e49,897084,823803.0,705.0,0.000856,1,2,222
2025-05-17 09:37:04,de21c86268f1ad955504cb7d0fec8c6fc0528dbf792979f116efbf3fcc1c7148,897084,276610888.0,705.0,3e-06,1,2,222
2025-05-17 09:37:04,e0bdbda4622c800ed18387beafadff4f0206df79fa36151a58cb911535922648,897084,66793.0,1380.0,0.020661,2,4,376
2025-05-17 09:37:04,510df5540c72898038dc7bfac1e04fac60ac82fa928d4d84b4599860e4dfd047,897084,184356.0,715.0,0.003878,1,2,194
2025-05-17 09:37:04,51722d88679e39bfc291e18176a86120d75d9025001f3b5ea0024e65a2e97547,897084,546.0,770.0,1.410256,1,1,332
2025-05-17 09:37:04,ce516d2b301132d6fc178f4995ff652bb5e3a5071e7535cea9aa3e5ec72ca869,897084,8370.0,770.0,0.091995,1,2,205
2025-05-17 09:37:04,fd3c917935fc3a68b7f71dff371ebc1ee3235b4b2c9c2c51d126a2aa7c277047,897084,277528.0,1175.0,0.004234,1,2,235
2025-05-17 09:37:04,7eaa111a8a1e3efd5cfdd4017cf97373a07b249de58dffc32d9711e4012edece,897084,5531.0,4025.0,0.727717,1,4,451
2025-05-17 09:37:04,2f088ee711b9d9c1f2542ef067f1bfcfc409adbca1669930c285c3a4c604c7ce,897084,716301.0,850.0,0.001187,1,2,251
2025-05-17 09:37:04,1bafe69c9425191e33f8325b3543b9e2a231c253b248ddb6ac6aebdb6468ebcd,897084,546.0,755.0,1.382784,1,1,322
2025-05-17 09:37:04,7a26b96c07af08bced8e5951adedaeb72f9e370c0a20991cb2f7e098a82780cd,897084,460034.0,715.0,0.001554,1,2,224
2025-05-17 09:37:04,cb583c60df320b631b28cc3995045028f1f4576c5b396168fffcc4c667d809ca,897084,35154.0,800.0,0.022757,2,1,260
2025-05-17 09:37:04,3c77ea5cd0744376cff51bcbfe14f2d8c6904f1f02a5f3775380b171ed3744c9,897084,21002340.0,705.0,3.4e-05,1,2,222
2025-05-17 09:37:04,2830dd0e0fa16793021b78bb4b7c878f3ed097f9fd166867ada50ba5974144c8,897084,15575.0,705.0,0.045265,1,2,222
2025-05-17 09:37:04,bfe9df397d6f843513b97edbbab6cc1856c2e41b62ca43708da15d5a2be674c7,897084,31579308.0,860.0,2.7e-05,1,3,253
2025-05-17 09:37:04,261151d5fde99d8baf7c67841d389fc3ac5abe0a8135838797a596c3d5069ac6,897084,35199.0,4025.0,0.11435,1,4,450
2025-05-17 09:37:04,2f499fb8d43e41b8c32831a38d144348a150c60c1b863d222f9d329db1f9a6c5,897084,91460.0,770.0,0.008419,1,2,205
2025-05-17 09:37:04,1704e0f09c7adecacc73fc44a57c69e79cc620a0781ceedfb13d2de79be54dc5,897084,546.0,770.0,1.410256,1,1,331
2025-05-17 09:37:04,dd89435b19b669ec301694ea10df34db6e5671b636ca159041515e81634892c4,897084,710202170.0,830.0,1e-06,1,2,247
2025-05-17 09:37:04,4986cd0a85fb0f23092ba0e753289884fb3ff2f92e93b6f3a22dfeb667bc10c4,897084,546.0,760.0,1.391941,1,1,326
2025-05-17 09:37:04,b66c3e6d3d635a9596c4690ccec6ce46149dfaf42e1412e79e403a84b87b16cb,897084,47083.0,770.0,0.016354,1,2,205
2025-05-17 09:37:04,cedb444666141b1680fb0df2a99b523ac663ec1303f62b7b464eeb5223567cc2,897084,154090.0,4025.0,0.026121,1,4,450
2025-05-17 09:37:04,d218a90c83f713a0187d9c578d101662570c747cfb4ce8293fba4731f9a473c2,897084,986730.0,550.0,0.000557,1,1,191
2025-05-17 09:37:04,c8369b1186a99c7a16afb6107e24a4a2bc6f672ee0ef056059d5be520a4ef6c0,897084,66816.0,710.0,0.010626,1,2,223
2025-05-17 09:37:04,35a0f6942b34806b170ef80fbeac0348ce696ccd7f5371d848ab4401a1fb78c0,897084,128493.0,705.0,0.005487,1,2,222
2025-05-17 09:37:04,d4120034394f903d1e4d6fe896b0778265b310233babb7f3213b7d9ea743e4be,897084,26256.0,1130.0,0.043038,3,1,376
2025-05-17 09:37:04,16691a9977756122a8fc99487e3866dc801be60c09126fc09fe8c09189c4babd,897084,47440.0,770.0,0.016231,1,2,205
2025-05-17 09:37:04,e6a65f24874e3dfbe4b43f5c70d3526d13e2fa07cdbdbf6df434d8159944ddba,897084,343211.0,1060.0,0.003088,2,2,312
2025-05-17 09:37:04,e962fc32d159757b6f6817f2fa395eb39f11f9497af1090681b9cec66fd761ba,897084,546.0,770.0,1.410256,1,1,331
2025-05-17 09:37:04,8b80f1c5d66a691bab40ea580f340ef6209d9fe22e583c767bfd338e7870cdb8,897084,675837.0,565.0,0.000836,1,1,195
2025-05-17 09:37:04,981bc303a6c678acae21e185724218dfd434d51215a2085d4e7ab9f53ce10cb7,897084,50355.0,1060.0,0.021051,2,2,312
2025-05-17 09:37:04,b796958aca844e3bf51a9c31151f13c6fcdbe6f0bf6b10e5f13f4c3dba3115b6,897084,102444.0,1045.0,0.010201,2,2,371
2025-05-17 09:37:04,649ef21f1d2de32b0c40bad44a69c4452923d8efc1e760e2914c22543eb6b5b5,897084,546.0,760.0,1.391941,1,1,325
2025-05-17 09:37:04,28ab32c581bd5d9779c88f78839d90cd64b8bba7a242425866d8348a11dd24b5,897084,38354.0,845.0,0.022032,2,1,269
2025-05-17 09:37:04,0090c860d35b7b6644750736a84777d5de81deb0f74865388ce7654860595db4,897084,43494.0,960.0,0.022072,1,1,192
2025-05-17 09:37:04,081180d6d3bfaae78ac66614ec71074fabc7eb30b31439e4bb8683556f334ab4,897084,4826759.0,705.0,0.000146,1,2,222
2025-05-17 09:37:04,542362ce0e2fdc245be84a17aa6c7b4e8b24f722e79239cb2a60c2a0edea36b4,897084,152338298.0,1385.0,9e-06,3,2,521
2025-05-17 09:37:04,8eaeee578efef16375182c80ef5f7233d50120aef80f283bf1840fabecf8e4b3,897084,20657.0,550.0,0.026625,1,1,191
2025-05-17 09:37:04,9c72041e6c5a9d998225c07318746f90d4507ae97c7b6e5cb79a9c2a551026b3,897084,6286973.0,705.0,0.000112,1,2,222
2025-05-17 09:37:04,4d1a7ce518def8076407c0e1c69c1d2b20d4b7b672219ab4a85a69de39a420b3,897084,896472.0,1060.0,0.001182,2,2,374
2025-05-17 09:37:04,c1721ec86031edeaf54c936ef2809d6a1435f6e2567d3a54ba9fd2cfaaeb99b2,897084,546.0,760.0,1.391941,1,1,323
2025-05-17 09:37:04,5b59eece5847e7a18713a209ff3b51a28f794f4dcbfc121581ed01527465f8b1,897084,497205.0,735.0,0.001478,1,2,228
2025-05-17 09:37:04,7ccdfc71109cbae4bbe60d7acabb9817ca8a6d97b793ad44e082a0e9c45529b1,897084,546.0,760.0,1.391941,1,1,325
2025-05-17 09:37:04,85a4c0a220b117c9f42109ed8183b74e4a2745b0e798eded09756ac1f1b3dfb0,897084,481649.0,710.0,0.001474,1,2,193
2025-05-17 09:37:04,ea58d97fcbfc068e32a858d2667c0330ada0cd90f78e44e9e3d4646d7ae5a2b0,897084,6669399.0,705.0,0.000106,1,2,222
2025-05-17 09:37:04,c768b16b22b4b733154266d713415132353af0949a20f1ec26dea017c83f34b0,897084,119999290.0,710.0,6e-06,1,2,193
2025-05-17 09:37:04,ada05288d8932fd17fec93ba615f5ce1dc193697eb0a82b9971542f6aa5569ae,897084,323209.0,770.0,0.002382,1,2,205
2025-05-17 09:37:04,8d725009c2cf0bca31436bdb18a5cf6c073e5d5812527db1b8c71aeb172755ae,897084,546.0,710.0,1.300366,1,1,319
2025-05-17 09:37:04,03fc2ffc73749ab474f21f84dbe7d2de6bc32b2875592bd2201f070be061b5ad,897084,12713173.0,1130.0,8.9e-05,1,2,226
2025-05-17 09:37:04,f88d1f5e1f49fa365231e30c58a49b0d470fb8ffcadde8b88242045b6f7994ab,897084,84944.0,710.0,0.008358,1,2,223
2025-05-17 09:37:04,a801e69ccb660c5c4e6291b4201f09f6710ee026302ea948ec83f7db22641aab,897084,290742.0,895.0,0.003078,2,1,341
2025-05-17 09:37:04,695aa07c88e1bd8134135288e06ef46508c536222b6c1a02540ac432bf37dfaa,897084,72659673.0,705.0,1e-05,1,2,222
2025-05-17 09:37:04,5d024d46277ab90a7a3eec405dc332cc9f2a9568ceaaa3ee336c523752562faa,897084,2499579.0,705.0,0.000282,1,2,223
2025-05-17 09:37:04,0d6a94a5c0860f3c40cdfa42b55a08c59ba8c402d33290e8e6b4b7c867bf32a9,897084,41744.0,1500.0,0.035933,2,4,400
2025-05-17 09:37:04,459d75b7270e8938d17f4b243c6391206e76f1c71cabc6a75f4004d4f90727a9,897084,1288257.0,710.0,0.000551,1,2,193
2025-05-17 09:37:04,be6c55ec0d63534df01c8e6f95ff213a4fbad0a4b1d7de1804956956a410eba7,897084,546.0,765.0,1.401099,1,1,330
2025-05-17 09:37:04,4f8a427354311f38ae708033be316f3fc5c9343adaf394c10b352b229112f8cb,897084,556830.0,770.0,0.001383,1,2,205
2025-05-17 09:37:04,615db528a02ad2a8c8c01bde53ec9eb2876e7bd8ea4db3cda9577b55ace6bca7,897084,4112988.0,705.0,0.000171,1,2,222
2025-05-17 09:37:04,a3f6439f95183d39b9238ae1462c4e7252ea536fe669dee2a1840db8f0ae26a6,897084,17991.0,720.0,0.04002,1,2,226
2025-05-17 09:37:04,fd415c7c2b4679b0437827dc5ed143b8ce02426cb883d9511c0a63c7b4591ba6,897084,21787.0,705.0,0.032359,1,2,222
2025-05-17 09:37:04,cd953d407b6f1513cec6339763eee25e5b5d0297c2bdf25186600d37f19b9ba4,897084,259642.0,1245.0,0.004795,3,1,493
2025-05-17 09:37:04,abe121e27a6ec8d3e02dcab8c877a7dd5ef4ce9a3cb30414377aa777a3d883a4,897084,693550.0,860.0,0.00124,1,3,253
2025-05-17 09:37:04,fa81c7d2077cb5b66ceb6a7a36afd0f6bbf89d2ebf16c89389abdb3fa2c9a1a3,897084,143474.0,785.0,0.005471,2,1,257
2025-05-17 09:37:04,69a0940dc38ebf2779500675cd8600dfc825bd4466b338f76ec89ae4b3cd4ba2,897084,472403.0,770.0,0.00163,1,2,205
2025-05-17 09:37:04,1bc7ffb2cbdac18359e3205aff5ab1caf1ab01bf91d92745891c94ac2ea9cfa1,897084,64892.0,705.0,0.010864,1,2,222
2025-05-17 09:37:04,32ab0274b050d7f786c3e444d60267bb9c50d8e3f18f0352fa63cb62d7358da1,897084,40620.0,720.0,0.017725,1,2,226
2025-05-17 09:37:04,d670d3c5717036a8bb724c2f8f58dd4a16d4e5b2cf5e084c0b3cdabda8d5fa9f,897084,371774832.0,987.0,3e-06,1,2,222
2025-05-17 09:37:04,94db4f7ffb638cd67213fa202feb03a9aea1223df53b57eff1628f740320fb29,897084,371798644.0,705.0,2e-06,1,2,222
2025-05-17 09:37:04,ad44b62c091988ae3085a9fc159bc5b9ff32e19f2e05b85cebe068d2a9ab0b29,897084,371826788.0,423.0,1e-06,1,2,222
2025-05-17 09:37:04,fea66fbf981202f15b37e6046731e07db80e02c0174998b6fd96f7173486fc9e,897084,95683.0,550.0,0.005748,1,1,192
2025-05-17 09:37:04,4ba86ea0567ac3edb7babf38a15326309473e7cdc1069ef17f0a1079899d439e,897084,420264.0,1040.0,0.002475,2,2,370
2025-05-17 09:37:04,0c001dd6d17ca5882733aab502872db6fe4ad3117c7e781168c56d807d119e9b,897084,76597.0,555.0,0.007246,1,1,192
2025-05-17 09:37:04,1c9ced5559794be439bd001f232db5f65c233cd697b680afb59a689cd1fa3f9b,897084,2840915.0,705.0,0.000248,1,2,222
2025-05-17 09:37:04,caca79bc1fe1703cace8f04ab3980594c273303fdda4188ff6a24f71efe0f799,897084,95931.0,565.0,0.00589,1,1,195
2025-05-17 09:37:04,80f1f7f9f85d4232c71708ef4474649ee43032348e02f981dc149cd1199d7e98,897084,96145.0,550.0,0.005721,1,1,191
2025-05-17 09:37:04,a7628e434a8be0e775e0b43ede7dcfc8c0dd584ebac5f4ad7f8567f9fab2c297,897084,250154.0,770.0,0.003078,1,2,205
2025-05-17 09:37:04,3f2b08dc2d469addd4d74fde94ee86109851ec92bd024d6bc5c495f432a9a397,897084,61585.0,705.0,0.011448,1,2,222
2025-05-17 09:37:04,067f07c0f58da6ab9ec05c17cfa8df779c3bf0779f7830ba7efad594e0c51c97,897084,721332.0,765.0,0.001061,1,2,234
2025-05-17 09:37:04,07f4cf05c5e6e25a529e65bbebb458a5e94e225e78d051ee7de2b752b8f04a96,897084,546.0,770.0,1.410256,1,1,331
2025-05-17 09:37:04,3b6315232537d7e5946fa678709bdf0234eeaa9fbe4f3bb975b6ba145715ad93,897084,99899450.0,550.0,6e-06,1,1,191
2025-05-17 09:37:04,7f7df37b1ba19f51dd30e6b9d82938f0108f9f1b7a31877ab628a51db53f7793,897084,546.0,710.0,1.300366,1,1,319
2025-05-17 09:37:04,f48a9170b29d2625d0e325d709ccc6a9ff3a0b015f72ea52b58986b8899c1693,897084,37369.0,1060.0,0.028366,2,2,312
2025-05-17 09:37:04,103c66a7c169694807f95d733e6780e5fa20d428136865fb2fb2d05907980993,897084,69505.0,495.0,0.007122,1,1,150
2025-05-17 09:37:04,ea08bbdf765bfdf20e6afa39b418eb174e1eaadcc9350614d3be552603f80391,897084,156165.0,705.0,0.004514,1,2,222
2025-05-17 09:37:04,a424957cd83c9c745eab350f6331d6151f48720f2fc04567da7eea32d226d990,897084,671102.0,705.0,0.001051,1,2,222
2025-05-17 09:37:04,0625352e3b13cb8477ccd6efae7dbb357ab2e32534aed0a0998c69031696d490,897084,7610.0,555.0,0.07293,1,1,162
2025-05-17 09:37:04,b7e01129991b68afc4cbf14eb210decbb0d3b79b2cd5bba3ffc1f6885f83c790,897084,2168.0,770.0,0.355166,1,2,205
2025-05-17 09:37:04,374ede6dbccf805f5f1d50ca0901c136159f761a6ab573baba390bbddfb9c090,897084,278969.0,705.0,0.002527,1,2,222
2025-05-17 09:37:04,61b592dc51445de819e211c49279cbea32cb25c5f5aaf0847594766fd35a598e,897084,1561.0,1600.0,1.024984,1,2,938
2025-05-17 09:37:04,c0eb09fe92a1a50c5e5f817240a894b88bdb8aed728bf09c2632ef0a4d4ec38c,897084,824538.0,1560.0,0.001892,3,3,462
2025-05-17 09:37:04,0f52d550a79a7f075f04d64eaa19f90da28c786c3492f1c153a12b2ec1ac668c,897084,241493.0,1130.0,0.004679,1,2,226
2025-05-17 09:37:04,e2639fca9bba07d0147b0b0a912cd6f3d537502a8ddc705a1b9d688c12f10d8c,897084,9898.0,1740.0,0.175793,4,3,547
2025-05-17 09:37:04,c6d0cfeacdb08ecd2cc40e73ad8c2aded7d9335a148b15caa4e1f2051cc6388a,897084,1715490.0,705.0,0.000411,1,2,222
2025-05-17 09:37:04,29ee9029697a8c3bc5a670787901f95f749504176332717c5393455d436b3b89,897084,2618370.0,720.0,0.000275,1,2,226
2025-05-17 09:37:04,024cfaf929fa78b5fe401d20eeed6d32214b09338d52ca3543d6aa72224e8f87,897084,866204.0,565.0,0.000652,1,1,195
2025-05-17 09:37:04,bff8627dada6be91cb766c0a2271b3cd8b8bd4897a28d019ddc4f5f126c97087,897084,41454.0,705.0,0.017007,1,2,222
2025-05-17 09:37:04,594d898d679f93cd7a12578e4f35e68c5e409136560c9c5a5c0cb36ade54f286,897084,351280.0,495.0,0.001409,1,1,150
2025-05-17 09:37:04,75714789cf0ff0a7968ce9c4a3fc831a90748fe89e2de9392f5bd09f5c96e486,897084,1097276.0,2380.0,0.002169,4,5,739
2025-05-17 09:37:04,7a1fd75365a73dfd79f194f21e9025357f977c16ced6e0fa0343efc8be6da986,897084,377514.0,860.0,0.002278,1,3,253
2025-05-17 09:37:04,0f4a78d8c279c2c298bb298d6846135460a2c225358427e850800a153b950586,897084,27168.0,1060.0,0.039016,2,2,312
2025-05-17 09:37:04,9f5dd378a55800803b308392553799604a039b29288e24c77f0fcd798d78fb85,897084,529510.0,1050.0,0.001983,2,2,372
2025-05-17 09:37:04,8b793f0e6892fbde86777e36d2b551de7356603449a3dba34746622adea10985,897084,91885.0,1115.0,0.012135,1,2,223
2025-05-17 09:37:04,5fb6ad5fbe8513e139a7ea75688e2b2601bf1a37a207cf69b953b0c30342ed82,897084,2986488.0,770.0,0.000258,1,2,205
2025-05-17 09:37:04,aa865e8f249c4e27f126ff4f8bab31d8c3543c255453db79ab20f00ad01b4d82,897084,1274964970.0,1045.0,1e-06,2,2,372
2025-05-17 09:37:04,6e36b9070999cc00550cba22e598cef0dcf3226ee7e77450bf7c2be2a404a781,897084,546.0,770.0,1.410256,1,1,331
2025-05-17 09:37:04,383fcc62980c8ccc709adb7c488e644ca64550e5dc20a90cf4c396a094f0de80,897084,49878658.0,705.0,1.4e-05,1,2,223
2025-05-17 09:37:04,0a8bc77c46eb63918335825abc9146d07332e22e23a707ea5513343248857480,897084,144111.0,720.0,0.004996,1,2,225
2025-05-14 17:09:36,3f685ec714cd0cf7e06080a6de85decded702211e99c579761f7b5276c6a66e0,896699,221139.0,440.0,0.00199,1,1,192
2025-05-14 17:09:36,9ad71923240ab932bed5d377cace57a92145b35e0583af1543b5ebf328e66cdf,896699,353648.0,576.0,0.001629,1,2,226
2025-05-14 17:09:36,7ef3feadd65c1c27aa590cca0d9441ec26b3f3378749023772789d3c972fb2de,896699,63420.0,564.0,0.008893,1,2,223
2025-05-14 17:09:36,d531b675f6f656ff973502b893475dd7b8a86bce7d381c48717bef9c31fc61de,896699,102595.0,440.0,0.004289,1,1,191
2025-05-14 17:09:36,415a5fa83340d5005579bc6fca34c8b606481647cd8341c4e17e9c98a45d1cde,896699,723313.0,576.0,0.000796,1,2,225
2025-05-14 17:09:36,718f9eb2385b0baddcaf891a34af9a383a774dc17e226ee03bcf35583c4126dc,896699,4977.0,564.0,0.113321,1,2,223
2025-05-14 17:09:36,b05c1f03e94e144e45ee31c50a7083b6f5b1011a54e6a6e30bc6ddc8cbe2eeda,896699,120431.0,576.0,0.004783,1,2,225
2025-05-14 17:09:36,e681dfbe92a8749ffb8d693a4138f67d4d055756abfc4080e6a254e1446394d9,896699,19654155.0,576.0,2.9e-05,1,2,225
2025-05-14 17:09:36,cbae3ed26548eca27fa53420d4fc788c8ff73de6311915356feb50b0edfb9ed8,896699,134548.0,452.0,0.003359,1,1,195
2025-05-14 17:09:36,b07449bb6d797f1d278860893aefd0f5a9bc43a33972f81a4b16cb6254b4e2d7,896699,4498441.0,1800.0,0.0004,6,1,936
2025-05-14 17:09:36,d2bd5e79f3b0468a8c55ac3f930f3c93c99096bb67c05a5f7dc7892e3e11cad4,896699,390479.0,564.0,0.001444,1,2,222
2025-05-14 17:09:36,9776bf420fe9b09f55d16f03681af089766ad00b6a5177ff73942a72792db2d3,896699,92842.0,612.0,0.006592,1,2,234
2025-05-14 17:09:36,f715f5515e4a468a4746a5a2deb815149a08181dd12dc54f3c79a51caa3826d2,896699,251845.0,564.0,0.002239,1,2,222
2025-05-14 17:09:36,526d7a82498c76b7d56ad74b6f803062081c8e4e2c83b36d469fcca52a6122d2,896699,52559.0,568.0,0.010807,1,2,224
2025-05-14 17:09:36,b9b729fc63e8f732b5492ad23e7fa37d0611a7df4e0f8c9cb99c6e4ce5610ed1,896699,982485.0,440.0,0.000448,1,1,192
2025-05-14 17:09:36,2bb6d9680a105e22c747f6519a4287fd3922ec493d7337740b67ebd55aaa14d0,896699,196250.0,452.0,0.002303,1,1,194
2025-05-14 17:09:36,839fa24b071b9e433413933441f042a98e800dedfac0370c3fde645021ffb6cf,896699,66451.0,564.0,0.008487,1,2,222
2025-05-14 17:09:36,5120b889a3b8513f7a558bebf405f5f45608c11ffc9a291f9e1e1b9715e4e1ce,896699,3180.0,688.0,0.216352,1,3,253
2025-05-14 17:09:36,0e75a8fdae417ebd1ad14da833e727458ec731ba9b658cf61b43a20cf2aa8ece,896699,451560.0,440.0,0.000974,1,1,191
2025-05-14 17:09:36,9eff4cec3868de1dce039887be8d510e16ac7fcb3813e4acb12e96443a7f85cb,896699,489078.0,576.0,0.001178,1,2,225
2025-05-14 17:09:36,14579a26d9827483def067c02a585af0f87bc45862e3bef8daab5faf45c57fcb,896699,723146.0,444.0,0.000614,1,1,192
2025-05-14 17:09:36,fe7f9a5cd2d8b118b0d61da37ef203555390ddc4a224feb3ab783c4a9653adca,896699,2075288.0,712.0,0.000343,2,1,341
2025-05-14 17:09:36,4d49db60d5c4c9b85df74bcbcdc5b2b81cb64aecdde2f39f8c6541cea1fdacca,896699,27923336.0,564.0,2e-05,1,2,222
2025-05-14 17:09:36,19d5dfb6270b17d94599f976d3556b8984e6b0d8a4c7fc8ed2c1228a5bacfac8,896699,2404070.0,440.0,0.000183,1,1,191
2025-05-14 17:09:36,ac0355d33881640d8c6cda0e204c5f176dcb758eb777615d9260b98c6f6831c8,896699,445714.0,452.0,0.001014,1,1,194
2025-05-14 17:09:36,28662beead514d5af72ffb35d5626f3158771db2875cee02f0f730dded2d08c7,896699,671387.0,576.0,0.000858,1,2,226
2025-05-14 17:09:36,69ff7d3b227379f3129c2d39faa56b7a1520e05256e77b624580e9ecbd69ddc5,896699,196488.0,444.0,0.00226,1,1,193
2025-05-14 17:09:36,26a1890217984265add847c24664c881459c29ee769d937713f4561c9c7bc8c5,896699,63184.0,564.0,0.008926,1,2,222
2025-05-14 17:09:36,ead7ce75dfdd1f2551896921f4ab036df895261ba3639b6b6790b8be326318c3,896699,1814199.0,576.0,0.000317,1,2,225
2025-05-14 17:09:36,b280cacc2501eb85857a4ca69c923b6a5750966f82b7a2b81be30d6b9d2a3ac0,896699,31051.0,568.0,0.018292,1,2,223
2025-05-14 17:09:36,a47c99fdc1aba6c9ec2954673a32076a7b962f51b03da634e2cbf12ff32798bd,896699,546.0,608.0,1.113553,1,1,324
2025-05-14 17:09:36,1cedb106084370a5a71d99b96401f16978aca7a817ec785ee7306b7ac79b7ebd,896699,821947.0,452.0,0.00055,1,1,194
2025-05-14 17:09:36,6a6fd32824b523133828c6f66fbcd505d8ce16f1294c7e65d9aaa795bd19fdbb,896699,718493.0,440.0,0.000612,1,1,192
2025-05-14 17:09:36,134e2e4f1131655a71ea00d61f1f4ededbe7d575277e7733a4e0b069bbabecba,896699,99811.0,452.0,0.004529,1,1,194
2025-05-14 17:09:36,07c8a9033e6e880db8d3761ed89818732c00be8949dcfa109a3648ebbd24e1ba,896699,704614.0,564.0,0.0008,1,2,223
2025-05-14 17:09:36,82568b07fc621df2a9708327c786ed11005735fb4cd11ebd85479074685c77b8,896699,123260.0,440.0,0.00357,1,1,191
2025-05-14 17:09:36,7a6552e27ced34c15ffe580b4b301b5392d7bf96b483a6247d5cd4998c06edb7,896699,1119554.0,564.0,0.000504,1,2,222
2025-05-14 17:09:36,61222cd9d5cb5dccb45e5f937a9bfa60b4f15ec8b13d2da26a25298689f188b4,896699,191019.0,564.0,0.002953,1,2,223
2025-05-14 17:09:36,029a589c322e24f6344507430c3d9bc0d380478d4f9e61957d4bac9945432ab3,896699,193293.0,568.0,0.002939,1,2,224
2025-05-14 17:09:36,3c4489898aab8a5426dbe0d0d7e7707e08f4d166760d750b63e5010fb16adfb0,896699,6066482.0,440.0,7.3e-05,1,1,191
2025-05-14 17:09:36,883889c749619ba5d7a12f0d8ad6b2479cfe9788b2b3465a82f61d03eaf3c7aa,896699,1470897.0,564.0,0.000383,1,2,222
2025-05-14 17:09:36,2f72bd866571afbd083669476b4f6db051aee77f508cb293234b03d1a59651a5,896699,5618.0,444.0,0.079032,1,1,193
2025-05-14 17:09:36,6ab14b381af0123ce9ee2c84a487afbc2e5c0f861251c17601027a2160d567a4,896699,297927.0,848.0,0.002846,2,2,374
2025-05-14 17:09:36,124af7c8cf683ba05dd8bd4c471ea6ba9b79d2446620a1ddea27f7be6dd75fa3,896699,119717.0,760.0,0.006348,1,1,190
2025-05-14 17:09:36,df44ea24af021f1bae1516ccbf50f34a8dafb91d5eec6ed7767008a2de094aa2,896699,910920.0,452.0,0.000496,1,1,195
2025-05-14 17:09:36,ce2d1057594e1ffa96e2a3ff326b171e76f0f72bd194b39b7aa9fc4b176548a2,896699,35399132.0,868.0,2.5e-05,1,2,492
2025-05-14 17:09:36,530e18783346fa7e4fe7442f89733036b22879dfd1d9f217b3d4ba545bfb70a0,896699,2620518.0,712.0,0.000272,2,1,340
2025-05-14 17:09:36,89d07a3c4bbb21ddd5849a84f9bd52ae3a31bd68206af3f16a191d25329364a0,896699,419986.0,452.0,0.001076,1,1,195
2025-05-14 17:09:36,39d71a1d460ecd625f5af6d971a62dd7b6999780f832967acdf4c4fe34d0ca9f,896699,6669251.0,564.0,8.5e-05,1,2,222
2025-05-14 17:09:36,ad42e1e38d52b089fbfc542a8298dfeb4342aa6cefd6f6d2a072133f7705099f,896699,1178743.0,564.0,0.000478,1,2,223
2025-05-14 17:09:36,eb0082efba145aacf09b387918eb19dfc7b2b87cbd4b428fb72a801267ccab9d,896699,141431.0,576.0,0.004073,1,2,226
2025-05-14 17:09:36,af045fdfe0977a8f51da18bbb20cdc0482bb17cd3d910b1c72d65900a1c7569d,896699,7309376.0,688.0,9.4e-05,1,2,222
2025-05-14 17:09:36,0134b62a28d23fcb3db0aa0f8badbf47cc51b9cdcc69dc6937d67906eedd6fa8,896699,7421879.0,564.0,7.6e-05,1,3,253
2025-05-14 17:09:36,7ff68a13e7a755ce7a9d44238f94e8382d86cbe606dc939e67013c4c378d449d,896699,483464.0,452.0,0.000935,1,1,194
2025-05-14 17:09:36,b96949c426d767ceb4d3d21b88bff93c4489755fbb37a9fe9aacf63c095b889c,896699,2679260.0,440.0,0.000164,1,1,192
2025-05-14 17:09:36,a8139ef936a5e84d787d459199f95046f9a80e73671b55e30e60ed57ccf4c09b,896699,11957.0,564.0,0.047169,1,2,223
2025-05-14 17:09:36,b0828f412bf6f766ade210d38d94494f9acdcc5107f1c455922e16422b51e59a,896699,1538833.0,564.0,0.000367,1,2,223
2025-05-14 17:09:36,c668d3b446dafec6f5c79d0d5ec7ae74d44c2be53f9297dfb513123b39bc5898,896699,438309.0,564.0,0.001287,1,2,223
2025-05-14 17:09:36,d93659fe3581ceb2144666c9750ea41705716d9a37304cc69ac4bc96e1052597,896699,55306.0,892.0,0.016128,1,2,223
2025-05-14 17:09:36,ec5e0dfc5d8720dfba41a199287696857f9297fdfd929ecc64ea74cda1310896,896699,90015.0,440.0,0.004888,1,1,192
2025-05-14 17:09:36,7e24c6c51bdfba65c89a24006698dabe3d9254ae9ab5884cb5b52e9ad4313194,896699,101149.0,452.0,0.004469,1,1,194
2025-05-14 17:09:36,88204653195b31575358c335b382e80b7483f6481f2320489baf2c908ca01794,896699,246550.0,564.0,0.002288,1,2,222
2025-05-14 17:09:36,9f26b337ef5b9ec82e49154e276e673c50424e879cfa32f74acb03ade382888e,896699,720485.0,576.0,0.000799,1,2,225
2025-05-14 17:09:36,f833c4d9df01484727794ca67db044a06d0d8337f04a5f39f025a7570f9f378d,896699,49196.0,576.0,0.011708,1,2,225
2025-05-14 17:09:36,d6ee96b0b1d16367a619217b6035bc43cc5cfbebb2a60306a99cf56ba23b988c,896699,570009.0,452.0,0.000793,1,1,194
2025-05-14 17:09:36,08ae2054d14c26a83fd695521993acdb2fe2dea4cf499919afb0c0a1492d0c8a,896699,257272.0,564.0,0.002192,1,2,222
2025-05-14 17:09:36,96d053ef2d114e3f090e1ca334f0814e357911db26854a7f25cab88b712aed89,896699,190512.0,444.0,0.002331,1,1,192
2025-05-14 17:09:36,ccc3209e80698475d292a4121e91241a1acececa1fb7d1f46bef3abe87c8a289,896699,3302641.0,576.0,0.000174,1,2,225
2025-05-14 17:09:36,718eddaedcca03374be19b3cc4abb16297b7a76b6179cc0ddc5729b43c8ac488,896699,1390819.0,576.0,0.000414,1,2,225
2025-05-14 17:09:36,6ed9fc445382920b5871cf711f488d7cbaf2ab39942087e0224f02ee9b387587,896699,3466446.0,564.0,0.000163,1,2,223
2025-05-14 17:09:36,feea42dccd1567e430076a08158e8320323ee52769ef66a7c3d360758ae29486,896699,96606.0,440.0,0.004555,1,1,192
2025-05-14 17:09:36,3bf979387dd51ba5ba59f8e770af156c1d72a859a8dc77d0316dca3034ab3286,896699,96379.0,452.0,0.00469,1,1,195
2025-05-14 17:09:36,4446e78b0ed2ba5aa36a109a7fc337d24b2b3b585faa2a27e7ffe2de9f912084,896699,2192145.0,564.0,0.000257,1,2,222
2025-05-14 17:09:36,85827e59f8c14c2baf4c61b20cfbd9297c983c7b8ca7c5828892500a5448e283,896699,102512.0,488.0,0.00476,1,1,204
2025-05-14 17:09:36,35d3ddb2fd9d77bf543242db6111554fcdcaabbe733bfa559862dd0294ac9482,896699,88436.0,564.0,0.006377,1,2,223
2025-05-14 17:09:36,1379965ab403c1cb70afe3189230fb2ffa648b1b6e7e741d6fe7c1dda0173880,896699,2163528.0,564.0,0.000261,1,2,223
2025-05-14 17:09:36,f6cd9097cd65f521591e60216307bbc26146fb0017b8d33141bde16baea8b07f,896699,331121.0,576.0,0.00174,1,2,225
2025-05-14 17:09:36,d497d8dfd0164d9ddab8dbb3b44d46906fc7e2a84599e11d4b4f53714a461c7e,896699,8553316.0,756.0,8.8e-05,1,2,380
2025-05-14 17:09:36,8354f6ca1817c5353f8ad2e1bd12b7d23927037c102210042497c49fc27f7f7d,896699,5560.0,440.0,0.079137,1,1,191
2025-05-14 17:09:36,03032a06f45782eb5e8c02b52198a27500470905599919208f4b11177622667a,896699,92902.0,568.0,0.006114,1,2,224
2025-05-14 17:09:36,452a9af571ae70d65bf0c29cd24a28a130e63387558664a1aa3eaa7967b64e79,896699,288643.0,896.0,0.003104,1,2,224
2025-05-14 17:09:36,2dca73ee4e247b9ba1da3ab14e8931c5c20e5248ba830bda0857a490b2e59078,896699,600537.0,452.0,0.000753,1,1,194
2025-05-14 17:09:36,11433a67b4a98481ce5e04071be0170bfaaa52740315645dbbc7d7c92136e877,896699,1311797.0,564.0,0.00043,1,2,222
2025-05-14 17:09:36,acffd12d8025f1056c248d40867b5c12552677d38f31c60ed8f9b18261207373,896699,135036.0,452.0,0.003347,1,1,194
2025-05-14 17:09:36,46148c6b8ab06a3da464cecbe03b73c78c8c94707a08afabbc2826542d90a670,896699,1896746.0,564.0,0.000297,1,2,222
2025-05-14 17:09:36,b42c413201ae68787d9f8a61315d9b15ecb6c1d04da9b64e9bc500380f336770,896699,84469.0,452.0,0.005351,1,1,195
2025-05-14 17:09:36,84721d6961ff83d9a1b5bbb711f799a88befaa8fc186dceaaa870573b649f36f,896699,1955544.0,452.0,0.000231,1,1,195
2025-05-14 17:09:36,2470b6debc207b07fa14c91decf161542d4373bc65c35d5d9e9d144180ab666e,896699,1420917.0,612.0,0.000431,1,2,235
2025-05-14 17:09:36,2ac93b7fbc5b3f4ed0ce7116413172e0bf51cc3e67ba16827abe0cb708485d6c,896699,1902512.0,488.0,0.000257,1,1,204
2025-05-14 17:09:36,b1ccd9ef127f2a435df475cce5c313865b4aa0518875230223f193a796623f6c,896699,144023.0,444.0,0.003083,1,1,192
2025-05-14 17:09:36,ebfa1565b8803f90f2c6762f299b5d14098ac0c3e652b24936f2dbe1bf893a6a,896699,2195380.0,1484.0,0.000676,2,2,371
2025-05-14 17:09:36,8a3348a069c8577c13bd996507dd1002e3a35e6ee8aab244719106fb334ea769,896699,7912794.0,576.0,7.3e-05,1,2,225
2025-05-14 17:09:36,1b5b69ee2317913936411c43596eeb065fb0b3cff591234590f13b6016cf2767,896699,850494.0,564.0,0.000663,1,2,223
2025-05-14 17:09:36,ac6f6638ac5379676614e5017c7ae947ebf1a6d3dcce8adfdbd2bdf87d8eee66,896699,566573.0,452.0,0.000798,1,1,194
2025-05-14 17:09:36,8a9f279c86613ad232ab6be2ebe2784912cdf716fde355c9484a0dc3d8260d66,896699,86876.0,616.0,0.007091,1,2,205
2025-05-14 17:09:36,93ecd4f73df86cbf00ffa96770e1b008406cca2b4450536726cc6909c8b8b765,896699,575376.0,444.0,0.000772,1,1,193
2025-05-14 17:09:36,8b38c7682d9db31eac9a55ea00878259f847e6c1fb30944d941a464dd0526765,896699,470828021.0,564.0,1e-06,1,2,222
2025-05-14 17:09:36,5705c0f5a5cea8b6753a6e55703a9c1f0fb23004f5eb418d0d5088a361a9ef64,896699,1222975.0,576.0,0.000471,1,2,226
2025-05-14 17:09:36,01f5268467f67076b528ed48fc5f1fc1c352e6a37587a68f27255b9a0661db61,896699,35579.0,564.0,0.015852,1,2,223
2025-05-14 17:09:36,079a0ed237620ea893727ff574ed38452f810a9daad83710aef1d081335e975c,896699,11646588.0,712.0,6.1e-05,2,1,341
2025-05-14 17:09:36,3f685ec714cd0cf7e06080a6de85decded702211e99c579761f7b5276c6a66e0,896699,221139.0,440.0,0.00199,1,1,192
2025-05-14 17:09:36,9ad71923240ab932bed5d377cace57a92145b35e0583af1543b5ebf328e66cdf,896699,353648.0,576.0,0.001629,1,2,226
2025-05-14 17:09:36,7ef3feadd65c1c27aa590cca0d9441ec26b3f3378749023772789d3c972fb2de,896699,63420.0,564.0,0.008893,1,2,223
2025-05-14 17:09:36,d531b675f6f656ff973502b893475dd7b8a86bce7d381c48717bef9c31fc61de,896699,102595.0,440.0,0.004289,1,1,191
2025-05-14 17:09:36,415a5fa83340d5005579bc6fca34c8b606481647cd8341c4e17e9c98a45d1cde,896699,723313.0,576.0,0.000796,1,2,225
2025-05-14 17:09:36,718f9eb2385b0baddcaf891a34af9a383a774dc17e226ee03bcf35583c4126dc,896699,4977.0,564.0,0.113321,1,2,223
2025-05-14 17:09:36,b05c1f03e94e144e45ee31c50a7083b6f5b1011a54e6a6e30bc6ddc8cbe2eeda,896699,120431.0,576.0,0.004783,1,2,225
2025-05-14 17:09:36,e681dfbe92a8749ffb8d693a4138f67d4d055756abfc4080e6a254e1446394d9,896699,19654155.0,576.0,2.9e-05,1,2,225
2025-05-14 17:09:36,cbae3ed26548eca27fa53420d4fc788c8ff73de6311915356feb50b0edfb9ed8,896699,134548.0,452.0,0.003359,1,1,195
2025-05-14 17:09:36,b07449bb6d797f1d278860893aefd0f5a9bc43a33972f81a4b16cb6254b4e2d7,896699,4498441.0,1800.0,0.0004,6,1,936
2025-05-14 17:09:36,d2bd5e79f3b0468a8c55ac3f930f3c93c99096bb67c05a5f7dc7892e3e11cad4,896699,390479.0,564.0,0.001444,1,2,222
2025-05-14 17:09:36,9776bf420fe9b09f55d16f03681af089766ad00b6a5177ff73942a72792db2d3,896699,92842.0,612.0,0.006592,1,2,234
2025-05-14 17:09:36,f715f5515e4a468a4746a5a2deb815149a08181dd12dc54f3c79a51caa3826d2,896699,251845.0,564.0,0.002239,1,2,222
2025-05-14 17:09:36,526d7a82498c76b7d56ad74b6f803062081c8e4e2c83b36d469fcca52a6122d2,896699,52559.0,568.0,0.010807,1,2,224
2025-05-14 17:09:36,b9b729fc63e8f732b5492ad23e7fa37d0611a7df4e0f8c9cb99c6e4ce5610ed1,896699,982485.0,440.0,0.000448,1,1,192
2025-05-14 17:09:36,2bb6d9680a105e22c747f6519a4287fd3922ec493d7337740b67ebd55aaa14d0,896699,196250.0,452.0,0.002303,1,1,194
2025-05-14 17:09:36,839fa24b071b9e433413933441f042a98e800dedfac0370c3fde645021ffb6cf,896699,66451.0,564.0,0.008487,1,2,222
2025-05-14 17:09:36,5120b889a3b8513f7a558bebf405f5f45608c11ffc9a291f9e1e1b9715e4e1ce,896699,3180.0,688.0,0.216352,1,3,253
2025-05-14 17:09:36,0e75a8fdae417ebd1ad14da833e727458ec731ba9b658cf61b43a20cf2aa8ece,896699,451560.0,440.0,0.000974,1,1,191
2025-05-14 17:09:36,9eff4cec3868de1dce039887be8d510e16ac7fcb3813e4acb12e96443a7f85cb,896699,489078.0,576.0,0.001178,1,2,225
2025-05-14 17:09:36,14579a26d9827483def067c02a585af0f87bc45862e3bef8daab5faf45c57fcb,896699,723146.0,444.0,0.000614,1,1,192
2025-05-14 17:09:36,fe7f9a5cd2d8b118b0d61da37ef203555390ddc4a224feb3ab783c4a9653adca,896699,2075288.0,712.0,0.000343,2,1,341
2025-05-14 17:09:36,4d49db60d5c4c9b85df74bcbcdc5b2b81cb64aecdde2f39f8c6541cea1fdacca,896699,27923336.0,564.0,2e-05,1,2,222
2025-05-14 17:09:36,19d5dfb6270b17d94599f976d3556b8984e6b0d8a4c7fc8ed2c1228a5bacfac8,896699,2404070.0,440.0,0.000183,1,1,191
2025-05-14 17:09:36,ac0355d33881640d8c6cda0e204c5f176dcb758eb777615d9260b98c6f6831c8,896699,445714.0,452.0,0.001014,1,1,194
2025-05-14 17:09:36,28662beead514d5af72ffb35d5626f3158771db2875cee02f0f730dded2d08c7,896699,671387.0,576.0,0.000858,1,2,226
2025-05-14 17:09:36,69ff7d3b227379f3129c2d39faa56b7a1520e05256e77b624580e9ecbd69ddc5,896699,196488.0,444.0,0.00226,1,1,193
2025-05-14 17:09:36,26a1890217984265add847c24664c881459c29ee769d937713f4561c9c7bc8c5,896699,63184.0,564.0,0.008926,1,2,222
2025-05-14 17:09:36,ead7ce75dfdd1f2551896921f4ab036df895261ba3639b6b6790b8be326318c3,896699,1814199.0,576.0,0.000317,1,2,225
2025-05-14 17:09:36,b280cacc2501eb85857a4ca69c923b6a5750966f82b7a2b81be30d6b9d2a3ac0,896699,31051.0,568.0,0.018292,1,2,223
2025-05-14 17:09:36,a47c99fdc1aba6c9ec2954673a32076a7b962f51b03da634e2cbf12ff32798bd,896699,546.0,608.0,1.113553,1,1,324
2025-05-14 17:09:36,1cedb106084370a5a71d99b96401f16978aca7a817ec785ee7306b7ac79b7ebd,896699,821947.0,452.0,0.00055,1,1,194
2025-05-14 17:09:36,6a6fd32824b523133828c6f66fbcd505d8ce16f1294c7e65d9aaa795bd19fdbb,896699,718493.0,440.0,0.000612,1,1,192
2025-05-14 17:09:36,134e2e4f1131655a71ea00d61f1f4ededbe7d575277e7733a4e0b069bbabecba,896699,99811.0,452.0,0.004529,1,1,194
2025-05-14 17:09:36,07c8a9033e6e880db8d3761ed89818732c00be8949dcfa109a3648ebbd24e1ba,896699,704614.0,564.0,0.0008,1,2,223
2025-05-14 17:09:36,82568b07fc621df2a9708327c786ed11005735fb4cd11ebd85479074685c77b8,896699,123260.0,440.0,0.00357,1,1,191
2025-05-14 17:09:36,7a6552e27ced34c15ffe580b4b301b5392d7bf96b483a6247d5cd4998c06edb7,896699,1119554.0,564.0,0.000504,1,2,222
2025-05-14 17:09:36,61222cd9d5cb5dccb45e5f937a9bfa60b4f15ec8b13d2da26a25298689f188b4,896699,191019.0,564.0,0.002953,1,2,223
2025-05-14 17:09:36,029a589c322e24f6344507430c3d9bc0d380478d4f9e61957d4bac9945432ab3,896699,193293.0,568.0,0.002939,1,2,224
2025-05-14 17:09:36,3c4489898aab8a5426dbe0d0d7e7707e08f4d166760d750b63e5010fb16adfb0,896699,6066482.0,440.0,7.3e-05,1,1,191
2025-05-14 17:09:36,883889c749619ba5d7a12f0d8ad6b2479cfe9788b2b3465a82f61d03eaf3c7aa,896699,1470897.0,564.0,0.000383,1,2,222
2025-05-14 17:09:36,2f72bd866571afbd083669476b4f6db051aee77f508cb293234b03d1a59651a5,896699,5618.0,444.0,0.079032,1,1,193
2025-05-14 17:09:36,6ab14b381af0123ce9ee2c84a487afbc2e5c0f861251c17601027a2160d567a4,896699,297927.0,848.0,0.002846,2,2,374
2025-05-14 17:09:36,124af7c8cf683ba05dd8bd4c471ea6ba9b79d2446620a1ddea27f7be6dd75fa3,896699,119717.0,760.0,0.006348,1,1,190
2025-05-14 17:09:36,df44ea24af021f1bae1516ccbf50f34a8dafb91d5eec6ed7767008a2de094aa2,896699,910920.0,452.0,0.000496,1,1,195
2025-05-14 17:09:36,ce2d1057594e1ffa96e2a3ff326b171e76f0f72bd194b39b7aa9fc4b176548a2,896699,35399132.0,868.0,2.5e-05,1,2,492
2025-05-14 17:09:36,530e18783346fa7e4fe7442f89733036b22879dfd1d9f217b3d4ba545bfb70a0,896699,2620518.0,712.0,0.000272,2,1,340
2025-05-14 17:09:36,89d07a3c4bbb21ddd5849a84f9bd52ae3a31bd68206af3f16a191d25329364a0,896699,419986.0,452.0,0.001076,1,1,195
2025-05-14 17:09:36,39d71a1d460ecd625f5af6d971a62dd7b6999780f832967acdf4c4fe34d0ca9f,896699,6669251.0,564.0,8.5e-05,1,2,222
2025-05-14 17:09:36,ad42e1e38d52b089fbfc542a8298dfeb4342aa6cefd6f6d2a072133f7705099f,896699,1178743.0,564.0,0.000478,1,2,223
2025-05-14 17:09:36,eb0082efba145aacf09b387918eb19dfc7b2b87cbd4b428fb72a801267ccab9d,896699,141431.0,576.0,0.004073,1,2,226
2025-05-14 17:09:36,af045fdfe0977a8f51da18bbb20cdc0482bb17cd3d910b1c72d65900a1c7569d,896699,7309376.0,688.0,9.4e-05,1,2,222
2025-05-14 17:09:36,0134b62a28d23fcb3db0aa0f8badbf47cc51b9cdcc69dc6937d67906eedd6fa8,896699,7421879.0,564.0,7.6e-05,1,3,253
2025-05-14 17:09:36,7ff68a13e7a755ce7a9d44238f94e8382d86cbe606dc939e67013c4c378d449d,896699,483464.0,452.0,0.000935,1,1,194
2025-05-14 17:09:36,b96949c426d767ceb4d3d21b88bff93c4489755fbb37a9fe9aacf63c095b889c,896699,2679260.0,440.0,0.000164,1,1,192
2025-05-14 17:09:36,a8139ef936a5e84d787d459199f95046f9a80e73671b55e30e60ed57ccf4c09b,896699,11957.0,564.0,0.047169,1,2,223
2025-05-14 17:09:36,b0828f412bf6f766ade210d38d94494f9acdcc5107f1c455922e16422b51e59a,896699,1538833.0,564.0,0.000367,1,2,223
2025-05-14 17:09:36,c668d3b446dafec6f5c79d0d5ec7ae74d44c2be53f9297dfb513123b39bc5898,896699,438309.0,564.0,0.001287,1,2,223
2025-05-14 17:09:36,d93659fe3581ceb2144666c9750ea41705716d9a37304cc69ac4bc96e1052597,896699,55306.0,892.0,0.016128,1,2,223
2025-05-14 17:09:36,ec5e0dfc5d8720dfba41a199287696857f9297fdfd929ecc64ea74cda1310896,896699,90015.0,440.0,0.004888,1,1,192
2025-05-14 17:09:36,7e24c6c51bdfba65c89a24006698dabe3d9254ae9ab5884cb5b52e9ad4313194,896699,101149.0,452.0,0.004469,1,1,194
2025-05-14 17:09:36,88204653195b31575358c335b382e80b7483f6481f2320489baf2c908ca01794,896699,246550.0,564.0,0.002288,1,2,222
2025-05-14 17:09:36,9f26b337ef5b9ec82e49154e276e673c50424e879cfa32f74acb03ade382888e,896699,720485.0,576.0,0.000799,1,2,225
2025-05-14 17:09:36,f833c4d9df01484727794ca67db044a06d0d8337f04a5f39f025a7570f9f378d,896699,49196.0,576.0,0.011708,1,2,225
2025-05-14 17:09:36,d6ee96b0b1d16367a619217b6035bc43cc5cfbebb2a60306a99cf56ba23b988c,896699,570009.0,452.0,0.000793,1,1,194
2025-05-14 17:09:36,08ae2054d14c26a83fd695521993acdb2fe2dea4cf499919afb0c0a1492d0c8a,896699,257272.0,564.0,0.002192,1,2,222
2025-05-14 17:09:36,96d053ef2d114e3f090e1ca334f0814e357911db26854a7f25cab88b712aed89,896699,190512.0,444.0,0.002331,1,1,192
2025-05-14 17:09:36,ccc3209e80698475d292a4121e91241a1acececa1fb7d1f46bef3abe87c8a289,896699,3302641.0,576.0,0.000174,1,2,225
2025-05-14 17:09:36,718eddaedcca03374be19b3cc4abb16297b7a76b6179cc0ddc5729b43c8ac488,896699,1390819.0,576.0,0.000414,1,2,225
2025-05-14 17:09:36,6ed9fc445382920b5871cf711f488d7cbaf2ab39942087e0224f02ee9b387587,896699,3466446.0,564.0,0.000163,1,2,223
2025-05-14 17:09:36,feea42dccd1567e430076a08158e8320323ee52769ef66a7c3d360758ae29486,896699,96606.0,440.0,0.004555,1,1,192
2025-05-14 17:09:36,3bf979387dd51ba5ba59f8e770af156c1d72a859a8dc77d0316dca3034ab3286,896699,96379.0,452.0,0.00469,1,1,195
2025-05-14 17:09:36,4446e78b0ed2ba5aa36a109a7fc337d24b2b3b585faa2a27e7ffe2de9f912084,896699,2192145.0,564.0,0.000257,1,2,222
2025-05-14 17:09:36,85827e59f8c14c2baf4c61b20cfbd9297c983c7b8ca7c5828892500a5448e283,896699,102512.0,488.0,0.00476,1,1,204
2025-05-14 17:09:36,35d3ddb2fd9d77bf543242db6111554fcdcaabbe733bfa559862dd0294ac9482,896699,88436.0,564.0,0.006377,1,2,223
2025-05-14 17:09:36,1379965ab403c1cb70afe3189230fb2ffa648b1b6e7e741d6fe7c1dda0173880,896699,2163528.0,564.0,0.000261,1,2,223
2025-05-14 17:09:36,f6cd9097cd65f521591e60216307bbc26146fb0017b8d33141bde16baea8b07f,896699,331121.0,576.0,0.00174,1,2,225
2025-05-14 17:09:36,d497d8dfd0164d9ddab8dbb3b44d46906fc7e2a84599e11d4b4f53714a461c7e,896699,8553316.0,756.0,8.8e-05,1,2,380
2025-05-14 17:09:36,8354f6ca1817c5353f8ad2e1bd12b7d23927037c102210042497c49fc27f7f7d,896699,5560.0,440.0,0.079137,1,1,191
2025-05-14 17:09:36,03032a06f45782eb5e8c02b52198a27500470905599919208f4b11177622667a,896699,92902.0,568.0,0.006114,1,2,224
2025-05-14 17:09:36,452a9af571ae70d65bf0c29cd24a28a130e63387558664a1aa3eaa7967b64e79,896699,288643.0,896.0,0.003104,1,2,224
2025-05-14 17:09:36,2dca73ee4e247b9ba1da3ab14e8931c5c20e5248ba830bda0857a490b2e59078,896699,600537.0,452.0,0.000753,1,1,194
2025-05-14 17:09:36,11433a67b4a98481ce5e04071be0170bfaaa52740315645dbbc7d7c92136e877,896699,1311797.0,564.0,0.00043,1,2,222
2025-05-14 17:09:36,acffd12d8025f1056c248d40867b5c12552677d38f31c60ed8f9b18261207373,896699,135036.0,452.0,0.003347,1,1,194
2025-05-14 17:09:36,46148c6b8ab06a3da464cecbe03b73c78c8c94707a08afabbc2826542d90a670,896699,1896746.0,564.0,0.000297,1,2,222
2025-05-14 17:09:36,b42c413201ae68787d9f8a61315d9b15ecb6c1d04da9b64e9bc500380f336770,896699,84469.0,452.0,0.005351,1,1,195
2025-05-14 17:09:36,84721d6961ff83d9a1b5bbb711f799a88befaa8fc186dceaaa870573b649f36f,896699,1955544.0,452.0,0.000231,1,1,195
2025-05-14 17:09:36,2470b6debc207b07fa14c91decf161542d4373bc65c35d5d9e9d144180ab666e,896699,1420917.0,612.0,0.000431,1,2,235
2025-05-14 17:09:36,2ac93b7fbc5b3f4ed0ce7116413172e0bf51cc3e67ba16827abe0cb708485d6c,896699,1902512.0,488.0,0.000257,1,1,204
2025-05-14 17:09:36,b1ccd9ef127f2a435df475cce5c313865b4aa0518875230223f193a796623f6c,896699,144023.0,444.0,0.003083,1,1,192
2025-05-14 17:09:36,ebfa1565b8803f90f2c6762f299b5d14098ac0c3e652b24936f2dbe1bf893a6a,896699,2195380.0,1484.0,0.000676,2,2,371
2025-05-14 17:09:36,8a3348a069c8577c13bd996507dd1002e3a35e6ee8aab244719106fb334ea769,896699,7912794.0,576.0,7.3e-05,1,2,225
2025-05-14 17:09:36,1b5b69ee2317913936411c43596eeb065fb0b3cff591234590f13b6016cf2767,896699,850494.0,564.0,0.000663,1,2,223
2025-05-14 17:09:36,ac6f6638ac5379676614e5017c7ae947ebf1a6d3dcce8adfdbd2bdf87d8eee66,896699,566573.0,452.0,0.000798,1,1,194
2025-05-14 17:09:36,8a9f279c86613ad232ab6be2ebe2784912cdf716fde355c9484a0dc3d8260d66,896699,86876.0,616.0,0.007091,1,2,205
2025-05-14 17:09:36,93ecd4f73df86cbf00ffa96770e1b008406cca2b4450536726cc6909c8b8b765,896699,575376.0,444.0,0.000772,1,1,193
2025-05-14 17:09:36,8b38c7682d9db31eac9a55ea00878259f847e6c1fb30944d941a464dd0526765,896699,470828021.0,564.0,1e-06,1,2,222
2025-05-14 17:09:36,5705c0f5a5cea8b6753a6e55703a9c1f0fb23004f5eb418d0d5088a361a9ef64,896699,1222975.0,576.0,0.000471,1,2,226
2025-05-14 17:09:36,01f5268467f67076b528ed48fc5f1fc1c352e6a37587a68f27255b9a0661db61,896699,35579.0,564.0,0.015852,1,2,223
2025-05-14 17:09:36,079a0ed237620ea893727ff574ed38452f810a9daad83710aef1d081335e975c,896699,11646588.0,712.0,6.1e-05,2,1,341
2025-05-17 07:08:25,b326b7b5db46226d726d0a3f807c7513573679945cbcf9df03f8048e9ecc45cd,897070,330.0,304.0,0.921212,1,1,324
2025-05-17 07:08:25,7102ffda68a951ab27ec66732b5c37656ff4efd904d73a88d5a32119de3258cc,897070,546.0,304.0,0.556777,1,1,324
2025-05-17 07:08:25,80a02a048a7a88661eb24c044c7385b1d827f08f7f7049daecb82a0309cd1ecc,897070,546.0,308.0,0.564103,1,1,332
2025-05-17 07:08:25,d9fe6ac7f84576776b27f8f1cabd723a24efc31e743c5457c42b6221f23aa2c6,897070,49067.0,424.0,0.008641,2,2,312
2025-05-17 07:08:25,eddcd2bea90b00d742ead42e0894f45e6e239671551496cd866d3c3baf84d7c4,897070,21149.0,308.0,0.014563,1,2,205
2025-05-17 07:08:25,11fdf93942f268009bf76b56d8bb5ccfc087e627d81a3e7a6a873b13554d86c3,897070,202553.0,358.0,0.001767,2,1,342
2025-05-17 07:08:25,84337d903f46eff84eb2165b54880342b8a85e344306f8b6134f9293c21261c2,897070,1227465.0,308.0,0.000251,1,2,205
2025-05-17 07:08:25,e36d99f9f7b9d9de3cbc013b3ec5792d79a8ea99991d141e9cc837b96f0c14c1,897070,546.0,306.0,0.56044,1,1,330
2025-05-17 07:08:25,8903138fead2c1656fc948f44c983ed1aad6dc1a8d3354732dd0cfd70f3504c1,897070,546.0,308.0,0.564103,1,1,333
2025-05-17 07:08:25,a3c6097308585273ddcaacbe39b7e79a7e7c7844070305a903a8c0168d2536c6,897070,53692.0,308.0,0.005736,1,2,205
2025-05-17 07:08:25,5b33e04bcda82ae000b8625a63c5970cbdec94972a68fa55ee0328322d937ec0,897070,499999692.0,308.0,1e-06,1,2,205
2025-05-17 07:08:25,fc017190631e39244c07b43dab488c75dda94cfbf10e5f08df3a3dd237ec6dc0,897070,546.0,304.0,0.556777,1,1,326
2025-05-17 07:08:25,2c57e95d488d2447b26e60f9e305c967ff9960a41ab319ab3c7b5cc8356958c0,897070,330.0,302.0,0.915152,1,1,322
2025-05-17 07:08:25,0587f18971f695e33aba84cb0e31c8f83a8cb2911b56ce78b37069b8705198bf,897070,195214.0,306.0,0.001568,1,2,234
2025-05-17 07:08:25,257e761896bd982d380157bb2479a324f5ce76d1c6df106400cde3a8b451aebe,897070,551714.0,286.0,0.000518,1,1,324
2025-05-17 07:08:25,9c03c6fbc1e9a38f4a51bfa6eeaab1eb39392fffe3fb7f95d34053f752381cbe,897070,546.0,304.0,0.556777,1,1,324
2025-05-17 07:08:25,d41175bdb6c9a7f1b591a8be5b5e4a5b191b7c49723429f180453b99a786f0bd,897070,8812.0,308.0,0.034952,1,2,205
2025-05-17 07:08:25,ced5d21a7baebc2e3ca734260121d1819dcfa0ec89cce4eb9e6b0b5f1ddd69bd,897070,98563.0,220.0,0.002232,1,1,192
2025-05-17 07:08:25,b06eb3774c148f66b6bbbbc05f6a65818119b3530b3f5aa446e82ac7505c4dbd,897070,12930.0,198.0,0.015313,1,1,150
2025-05-17 07:08:25,b16008f552ea43e5fa6d0d0f68b128e5ecad6ad4e84fb8524a7fab83cc7517bd,897070,22809.0,362.0,0.015871,2,1,343
2025-05-17 07:08:25,ab0c82bbfc69659148e576b22efff4d3c49332cf549374c18da7a12309c5a3bc,897070,546.0,304.0,0.556777,1,1,323
2025-05-17 07:08:25,06c2b6e2434f0e8bb51909046a3d296348bf25559eb613e28e590c0d45f557d6,897070,62099.0,308.0,0.00496,1,2,205
2025-05-17 07:08:25,23b5ac43d681f6d1fcee2571e2b8eadbd0428eb5e40361d2fbab82ae4fb0ccb9,897070,5296.0,222.0,0.041918,1,1,162
2025-05-17 07:08:25,cb70e9498551065ed7f5a86f5e4f7c6427e5624ff9f2c0b27faa2eb6e5e6bdb9,897070,200652.0,328.0,0.001635,1,2,245
2025-05-17 07:08:25,97701070c181888ff4d00b27d2e686a929fa4e55064849715fdc0252378ac7b2,897070,19582.0,424.0,0.021653,2,2,312
2025-05-17 07:08:25,323dff01edecb6750bc21521ae095c2e2681a49348d08a5d596eb3f640482fb0,897070,6336.0,198.0,0.03125,1,1,150
2025-05-17 07:08:25,d767493ef932658427c614d9372e109418805037d267e758f3f170804bc971a8,897070,4710812.0,282.0,6e-05,1,2,222
2025-05-17 07:08:25,f10d593da35371b9f095e0c2c9b685881504a649badb72ae5b50c041c6f368a7,897070,330.0,304.0,0.921212,1,1,324
2025-05-17 07:08:25,90547a36784550810f1da887e4434330028c759a6c240177862efa02931ffaa5,897070,181305.0,1610.0,0.00888,1,4,450
2025-05-17 07:08:25,6cd908ba011fd20ac340b1708997ea29f0cd9e838e75873176935b8fef1fc5a5,897070,13971.0,1610.0,0.115239,1,4,451
2025-05-17 07:08:25,ec8b0ebec2c1891a81d6d97536e2fd7d80a9cbbbd7e251dfcc96936b120d4aa5,897070,546.0,304.0,0.556777,1,1,323
2025-05-17 07:08:25,10cc70fa99cf87b7fbf2420c74a372c2ac085a566b8076dec2ef9595746893aa,897070,7965.0,308.0,0.038669,1,2,205
2025-05-17 07:08:25,620f92211f38efdcb3e54764e1163797e47e81346771067439902cfe952ccca3,897070,330.0,304.0,0.921212,1,1,324
2025-05-17 07:08:25,14d148ed5bcf6976b0dcc3c16a271fb0f570f7cea32cda736b3ee01791dd57a3,897070,546.0,306.0,0.56044,1,1,330
2025-05-17 07:08:25,49af74ea148b6865bca7edce7a5f6f40e1a3e9e1371b997119fd17cbdff8c59f,897070,644278.0,222.0,0.000345,1,1,192
2025-05-17 07:08:25,2922fbcf890bedabd27bf8f1e141ef997429a779f42e0fd6c3b0af84a42fec9e,897070,330.0,306.0,0.927273,1,1,330
2025-05-17 07:08:25,72b0eb042c0d873637bd1bb7bcd8f107121045362d0444692df72df8e18d7b9e,897070,707222.0,338.0,0.000478,2,1,269
2025-05-17 07:08:25,167304516d5eb266e19ceb4d9214106a073b292490f15358ff2260ed21e5569d,897070,239804.0,1610.0,0.006714,1,4,450
2025-05-17 07:08:25,5f9dd541e67965cbaf5223f863a4b686b05653e5fcf173f6f21443cac252a99a,897070,1201288.0,424.0,0.000353,2,2,312
2025-05-17 07:08:25,64e90ea3cba45ce99717c1767c3f8254a19df932adc990d086dc87386920a69a,897070,64622.0,442.0,0.00684,2,2,383
2025-05-17 07:08:25,ab5f9031f4df40a4802ed21c579f4987e9f2fb550152c985b4845e4b82708d9a,897070,546.0,304.0,0.556777,1,1,326
2025-05-17 07:08:25,bfe3a947af5a5dcf6430c8456caf76a00c21a687dc6b3a7fde28a6003fd46f96,897070,330.0,306.0,0.927273,1,1,330
2025-05-17 07:08:25,6a577f2466eb798047906d831ffc5fc3fa35be9da68dd3184620c378df2bd592,897070,330.0,302.0,0.915152,1,1,322
2025-05-17 07:08:25,5cc59989351bd0c09f7ce691f9d673254ce705e6f4af1ef1ed2071826649fa91,897070,6744.0,222.0,0.032918,1,1,162
2025-05-17 07:08:25,24b7a7ff0aa62b884de902158d35844246b407b2fcb158a23afc38b287af9991,897070,3104.0,308.0,0.099227,1,2,205
2025-05-17 07:08:25,7fce10e93b30e596ecfca1bc4fddb47f544f97d0e9347b1b909899b48dd3fd8f,897070,1747305.0,308.0,0.000176,1,2,205
2025-05-17 07:08:25,6cd1c86f424b4138ec4244f78c52592496bf11f3d60d3e452c5f7f490a269b8f,897070,399716.0,284.0,0.000711,1,2,193
2025-05-17 07:08:25,ac4762632d2e896a1bccd8027be1db1dcb9d41ff3be763fd4d690878ddcebf8e,897070,524321.0,1610.0,0.003071,1,4,451
2025-05-17 07:08:25,f496e5860cf0ebd65b0092dc875eb8f67e68decaa3943ab5dc73937663a9ae8c,897070,7370.0,198.0,0.026866,1,1,150
2025-05-17 07:08:25,96ac6e47a8ff7baa219bed3eb05ecb52c82ad10344cef8f74a7916c058ca228c,897070,330.0,306.0,0.927273,1,1,330
2025-05-17 07:08:25,ed25f9c56fd011e2c104cd5afd0770c1b2df06f9a9a5a35184e54a7ab9f84089,897070,330.0,302.0,0.915152,1,1,322
2025-05-17 07:08:25,e791e3caf0a564a38a8c86776ae7bf378f1f76f4c9e7cf1a450222cb5b830889,897070,157256.0,222.0,0.001412,1,1,162
2025-05-17 07:08:25,48ddc7b2a7ceb7a372b9287cf4ce70d8a44fa1864c7fa29b5184ec78b5be2788,897070,7151.0,308.0,0.043071,1,2,205
2025-05-17 07:08:25,9d27181c36d0d671bc9cc55ae96f2f67db0234c2a8e4906d1b1396dcb69a1387,897070,546.0,304.0,0.556777,1,1,323
2025-05-17 07:08:25,ac59911e09611cd3b44ab409cba319a9683730ddf7828099ecc65128e39de686,897070,546.0,306.0,0.56044,1,1,330
2025-05-17 07:08:25,8fd13a2f4d61101cc12cb592e3aac8594fbd8e3f235fb99c11ea182302e862c6,897070,346525.0,308.0,0.000889,1,2,205
2025-05-17 07:08:25,4d3a4e9b77c79b791e27134bc118ec98abf12da67b14f92c6cc53022f3e1cd81,897070,546.0,306.0,0.56044,1,1,330
2025-05-17 07:08:25,ec306423e01a7f157fde1562b73cfc5ed28c774bbef732bb257050f7a5bbbfad,897070,35280.0,308.0,0.00873,1,2,205
2025-05-17 07:08:25,76d0f2f29d2a282f133983d884727e797e4413c759b0d8ceee8d785dee29ad80,897070,546.0,306.0,0.56044,1,1,330
2025-05-17 07:08:25,2076c4b29ffea975bd0b9572e0657d0a122b5a0788027d381c0feed813e98380,897070,97546.0,782.0,0.008017,2,2,300
2025-05-17 07:08:25,2d94402f2d3e7a8bd6bb7931713909883958379ae51ad6a0ffef36afacea5358,897070,3861692.0,254.0,6.6e-05,2,2,313
2025-05-17 07:08:25,89d91d2bcdb6ff83da0e244eb7629db109e20c19dac8a3152abe2ec6bf317b84,897070,4092430.0,316.0,7.7e-05,2,3,426
2025-05-17 07:08:25,858df835660f40b01115626838997a97caff44bed87357089cb4f03ad54f4b7e,897070,330.0,302.0,0.915152,1,1,322
2025-05-17 07:08:25,19e6bd0ef2541a912319d9fc5033d0dca1e68166ff67980bc607baf5ba00457e,897070,3836154.0,290.0,7.6e-05,1,2,196
2025-05-17 07:08:25,8b8927e970e524ba29b061c6576d6f805e6fb9df1401e5bcaed6a013050b897a,897070,546.0,304.0,0.556777,1,1,326
2025-05-17 07:08:25,20b060d6c22c04cf18a7eb38e7e2be33c40a19a423395c62ed53db25252550f1,897070,16076.0,308.0,0.019159,1,2,205
2025-05-17 07:08:25,8269a087625717dee12819e27ba70b18c288236affdeede1b97d0eb0fdf70d7a,897070,330.0,302.0,0.915152,1,1,322
2025-05-17 07:08:25,a354bcafe6f1d4fdc36e051f49fc406314675cd8378137c8268777bac98d2178,897070,166903386.0,282.0,2e-06,1,2,223
2025-05-17 07:08:25,7cc7b61fa1e5893762be7fad9af623fe27aa4bc71024896d0a8babe50392e377,897070,8547065.0,330.0,3.9e-05,1,2,246
2025-05-17 07:08:25,082f74a986a94e8250e50104869d882e86425d1805492a0c5305dafd3e04f276,897070,546.0,304.0,0.556777,1,1,326
2025-05-17 07:08:25,6eb71bf043e93ef3fc1f4c3f222859e9066bf699b9e58e8406e913e365547d75,897070,546.0,306.0,0.56044,1,1,330
2025-05-17 07:08:25,df3b69b512d7c98777756024ed54bcc839816939222b5bc4cf8e0269c2c64571,897070,546.0,306.0,0.56044,1,1,330
2025-05-17 07:08:25,3bb3c393429f9ce6f0d315974b1f16ec3d3ca0f8ba491691f6385a1916fa47a8,897070,157598.0,308.0,0.001954,1,2,205
2025-05-17 07:08:25,64aa0e3fa182687dc1efe4c9effc7cbf557f04ef137100edb3a6ea835f50c36f,897070,330.0,306.0,0.927273,1,1,330
2025-05-17 07:08:25,27c60d8a719979f7c2ca83a0f2e78af4ba52e7d0efb0d4d264512962b99a136c,897070,169202.0,308.0,0.00182,1,2,205
2025-05-17 07:08:25,e52ec8f3c76039985ae87b1befdce9cff2379ae9a7e9b63fc3b2ca87e8fba36b,897070,330.0,304.0,0.921212,1,1,324
2025-05-17 07:08:25,9a275eab657e199af0931d0c9221b4013b02daf186b7ed6f6124fde553d20169,897070,546.0,306.0,0.56044,1,1,330
2025-05-17 07:08:25,a0015d758608454b598ecffd0ec248bbba2830cbeadb2fd7267cc12593054b67,897070,546.0,304.0,0.556777,1,1,326
2025-05-17 07:08:25,df1cb71148ae48ba2432a1591af899eaaaa14572296161ffec0acb1e7a288a9e,897070,98885.0,308.0,0.003115,1,2,205
2025-05-17 07:08:25,ae0bffc625702b655c74443c0d2504848ea9bde6684809317007c95d74672e67,897070,157691.0,308.0,0.001953,1,2,205
2025-05-17 07:08:25,573552767c307e036ebc4598694f145e8480e3c020f980ffdc3ee2c03de5b966,897070,330.0,302.0,0.915152,1,1,322
2025-05-17 07:08:25,24e2f6971b55771df28b0ddc257c9ccd3d6ec0ce1072ea3e0cf389c235515166,897070,11238.0,198.0,0.017619,1,1,150
2025-05-17 07:08:25,a6bdfcfc5da29fc929f2e34996a8309d2e8d3807c4c8c03bbedc53e924a7ba65,897070,330.0,304.0,0.921212,1,1,324
2025-05-17 07:08:25,0b6eaa1aa8e59768aa44d31dbbaa8f560a75cdc668fa754dcf840f96d2fd4d65,897070,546.0,304.0,0.556777,1,1,325
2025-05-17 07:08:25,bb30dfb9a2621ed5c814aa45b70283f7207d9a0341f9af808648b137be94a164,897070,157505.0,308.0,0.001955,1,2,205
2025-05-17 07:08:25,2db9ff85abda893d44701bab66cbf46e73749a09bc9b86890b7eaa0281159162,897070,47133.0,308.0,0.006535,1,2,205
2025-05-17 07:08:25,4cab96529f62aa9961d638f978514c79ad26a55dcb09de2c25015df365a80961,897070,546.0,304.0,0.556777,1,1,323
2025-05-17 07:08:25,6fd1625a09fa4f6802501f469038fe08483d997f04fbfdc362e1abca5959eb7c,897070,121700.0,308.0,0.002531,1,2,205
2025-05-17 07:08:25,2332cd24830a7e9a00e0230c9193a35fe872c57f21f58fd30a58ed4cdb090561,897070,349282.0,308.0,0.000882,1,2,205
2025-05-17 07:08:25,679b6bed484878d22acc07ac2283575b72b66a662b10ae857e9c91beeb42df5d,897070,330.0,306.0,0.927273,1,1,330
2025-05-17 07:08:25,15ab5eaf90d8e61c5bb77d2eb91feb2afb94ff4896b1e03671f7311cff9fbe5d,897070,330.0,306.0,0.927273,1,1,330
2025-05-17 07:08:25,d6fb55a867e5580e2dd0ceb040e59100aaf6d5cf65761eff0de6e5f8ebb61c59,897070,14076.0,308.0,0.021881,1,2,205
2025-05-17 07:08:25,f9fb524c7352f3db9b18341bc951370cb7fe78796654b2f1023063d21e4a0e58,897070,95885.0,308.0,0.003212,1,2,205
2025-05-17 07:08:25,e38267bd302cb05ab5f362eff1de53e886d84a43691bc3d8d15684a90661da56,897070,1900.0,204.0,0.107368,1,1,153
2025-05-17 07:08:25,4b54252a72580abb854078b8541f0f3e0e043f4ca934cd9c4cbd097925709f56,897070,119237916.0,282.0,2e-06,1,2,222
2025-05-17 07:08:25,4995fe902f3dbbab4a67a3b46d0f4123f14f375149532d7c373537d303d16456,897070,6011.0,816.0,0.135751,5,3,657
2025-05-17 07:08:25,da0ea2825ba7092b4f25262ae404385ef3571528a9c36385cb9e974aeecd7c55,897070,84202.0,1610.0,0.019121,1,4,451
2025-05-17 07:08:25,286322f737b7a973d714692b7f3c9d0f0e4120adb1ad6702af5c3855fb24d252,897070,330.0,306.0,0.927273,1,1,330
2025-05-17 07:08:25,86d85cb7048f5464d1b9b1328c7e884656b2886147e6e811ab1bb9c36fe9508d,897070,20123.0,910.0,0.045222,1,9,506
2025-05-17 07:08:25,42523172271e9be9c9529cf146a81f688e2312b22e493f752a66cee3db0fd252,897070,546.0,304.0,0.556777,1,1,326
2025-05-17 07:10:42,baee9a3065e3528ca78cfa0c51e50f3b97d59a39406e0224b1468d854d4f9c3f,897072,330.0,176.0,0.533333,1,2,339
2025-05-17 07:10:42,9808dc4317ffe46941ba6d324b11d13b0c4fa38cf996aca0798eba0cd666723b,897072,330.0,176.0,0.533333,1,2,339
2025-05-17 07:10:42,837b0929f5831c9f1e5e352eebb0091cd2432300635cb182fa281694a105af33,897072,330.0,176.0,0.533333,1,2,339
2025-05-17 07:10:42,78b61f1e340118d5f73230b0e745cfbe0dd60f9825f1faa7116e6af02f8dff2a,897072,330.0,176.0,0.533333,1,2,339
2025-05-17 07:10:42,04a5557838e4c217a3059ad06b3ce806ac905b896be23b663b173b860365eb2a,897072,330.0,176.0,0.533333,1,2,339
2025-05-17 07:10:42,f593426b0e6ed0116052ee966be58507661d58d780cf00b54c663ccd78ad2828,897072,330.0,176.0,0.533333,1,2,339
2025-05-17 07:10:42,ff681f07c812c178b46430e167669c4e493b506443505ddb1f23d71133d13722,897072,330.0,176.0,0.533333,1,2,339
2025-05-17 07:10:42,4a363d9b9913d46cd87bd13e1c8cbd063746337dc9dcefb7663070fece861907,897072,330.0,176.0,0.533333,1,2,339
2025-05-17 07:10:42,eb9433e2e853709ffef3396c1c21655e7763c2bc521def48e15454da65784203,897072,330.0,176.0,0.533333,1,2,339
2025-05-17 07:10:42,38b0ae3fcb5090461c343d6e591477aa960f7ade415e542241251523cd5868d5,897072,546.0,451.0,0.826007,1,1,1433
2025-05-17 07:10:42,445c95017dc3ffa827ca2aa1530c712d74735a06e8a0946eeb5ec3e00bc9cdff,897072,111639.0,154.0,0.001379,1,2,235
2025-05-17 07:10:42,2779addf5b54e88cc2522f63a6d07c5f85c906d930ce30f0bcbde664c87e2e90,897072,23269.0,228.0,0.009798,2,2,372
2025-05-17 07:10:42,2cbdb75e8051ee0b4b1bba23c705b076722e6bab92499d004d930f60867496ee,897072,62222.0,249.0,0.004002,1,3,397
2025-05-17 07:10:42,215edb0e17d062bf0f23f841f75eb95e8262e76b1a2b910afaeebf89b9bfd7cf,897072,50183.0,249.0,0.004962,1,3,397
2025-05-17 07:10:42,0f5844e8a5539ff0a5648d0630252da072fc26d12a1c5f9c52cd27a8712cfd67,897072,62811.0,249.0,0.003964,1,3,397
2025-05-17 07:10:42,245ca155c5fc65758991795b8b0678476f484f0090601e3dd3f268c3056fdf49,897072,38409.0,249.0,0.006483,1,3,397
2025-05-17 07:10:42,b7b453990f1567de36626de24cf59723624435dcc3f251b466a2080b1537603f,897072,21633.0,249.0,0.01151,1,3,397
2025-05-17 07:10:42,f4213565c45d0749902e1f30c69532f23e2e456da6754d82f72d6c540d16a73c,897072,67363.0,249.0,0.003696,1,3,397
2025-05-17 07:10:42,7a52e821ac65b31164b44f59bae2632e62ca5e35b65df9c02b523b0443cf4f17,897072,40396.0,249.0,0.006164,1,3,397
2025-05-17 07:10:42,529af1e337b15ee1bdac0f9dd63d9005035c08a43f59a8e1a3783d7efa2bc6fc,897072,50762.0,212.0,0.004176,1,2,363
2025-05-17 07:10:42,39fa6b91c5ebff75cb5722d371cfe9b9f49d30ccec9d8f12b751d65fdbcad6ca,897072,40975.0,212.0,0.005174,1,2,363
2025-05-17 07:10:42,fc565e587a5c277aac21532fec55693066867fcfc6e54eb39ac8a971f6912eb0,897072,22212.0,212.0,0.009544,1,2,363
2025-05-17 07:10:42,f973e5db178194937559453b7ec1eeb3e198ca4a456a34612ca9e9728b5b97f4,897072,22754.0,212.0,0.009317,1,2,363
2025-05-17 07:10:42,de00e21fbb6939a6ece8c60845e31fd3bd0b8242af193d448410165f1778599f,897072,23296.0,212.0,0.0091,1,2,363
2025-05-17 07:10:42,52f6aa948a82567f7bc9ecef8a7dcc2ccaa484c83b774f11f0bd9213fb9eb489,897072,41517.0,212.0,0.005106,1,2,363
2025-05-17 07:10:42,045d018ea8e51cc3d7b598c59676d469a355c6377e5dd341a3e4333b814637b7,897072,42059.0,212.0,0.005041,1,2,363
2025-05-17 07:10:42,417071b77813590d07af7eef6620e17e0a687b32c3f7617cd2d36d75d16ea4c8,897072,42601.0,212.0,0.004976,1,2,363
2025-05-17 07:10:42,5d70a1f2e549e7943a825ceb8d701c5696aad785eb30a323624f6979d3ff1dd6,897072,43143.0,212.0,0.004914,1,2,363
2025-05-17 07:10:42,42967d0184ce2aebd613793528a8329b58ed838b371c2737bbb976e1e169ffab,897072,43685.0,212.0,0.004853,1,2,363
2025-05-17 07:10:42,aba3d48086c5c167c2eb2e077b9ac39d040006a698c2e0564d75e6aa64edbc7f,897072,44227.0,212.0,0.004793,1,2,363
2025-05-17 07:10:42,adb06f2c50a77dc9ee2d5e7af3ea9c5924318330e72c1554b057a9eb95ecedf1,897072,44769.0,212.0,0.004735,1,2,363
2025-05-17 07:10:42,831fff698d9977132c12e75b1586d62f54f1d2f101337f65d7c2eb17f8a557c3,897072,45311.0,212.0,0.004679,1,2,363
2025-05-17 07:10:42,c74dd09760d2dc1598ba850f6c3d1cbf48fe77949b778f838f3676b1869193bc,897072,45853.0,212.0,0.004623,1,2,363
2025-05-17 07:10:42,4a94f1ab938a50c6ab64916fd60a75f5250e3ea6568f558117727cb9c41658bf,897072,46395.0,212.0,0.004569,1,2,363
2025-05-17 07:10:42,3f0c4143961ebea44dc5b5edcc7be763d1f0b68dfa14fbf6ff979530d0f5678c,897072,46937.0,212.0,0.004517,1,2,363
2025-05-17 07:10:42,eeda0e313c95ec9cf5ce3761015aa1ce41b59ff41c848736c3281167e9995d6b,897072,47479.0,212.0,0.004465,1,2,363
2025-05-17 07:10:42,d2b37086356e68716470472095d0cd9c0c3e0c1d21305cd3bc5f2de5d43d0964,897072,51304.0,212.0,0.004132,1,2,363
2025-05-17 07:10:42,757ce99eba13e7819e41921695fc8716ce4dc21fdaf210fdd841411295b62751,897072,62801.0,212.0,0.003376,1,2,363
2025-05-17 07:10:42,b777e33882a9e50ef0e8e4c8812327fad5f4e3c64fee393a7d20ce4176a42ca8,897072,63343.0,212.0,0.003347,1,2,363
2025-05-17 07:10:42,e1e6e2040973a4231adaccbe3ed0856d67dcbcaebef0441dffe2b613e54c81b2,897072,63885.0,212.0,0.003318,1,2,363
2025-05-17 07:10:42,8125fa47870ad9e5207b5d8f27e0089d3bee2562680a99a35a8ae13596680a4c,897072,51846.0,212.0,0.004089,1,2,363
2025-05-17 07:10:42,1eb8826e445396d4969a984edc4441c856c2c89d310cc565df95bf41744d62e3,897072,52388.0,212.0,0.004047,1,2,363
2025-05-17 07:10:42,8695606cc2f054f8548f0abe0923ff384cbe0fcd3d31faf12eb69e43eafa6ad5,897072,52930.0,212.0,0.004005,1,2,363
2025-05-17 07:10:42,0c3e45b525ce78056a9acfbbd5a0f42d5b9999fabe33b171e8f2484608280571,897072,53472.0,212.0,0.003965,1,2,363
2025-05-17 07:10:42,43ddd3839074e36749d8da661db667852ee00db35264709ca5ab8cf45e377a77,897072,54014.0,212.0,0.003925,1,2,363
2025-05-17 07:10:42,2a5b00eca28d328d30e5b4b0a4a7b83fc88dc583ec58e4d021f30a5045338995,897072,54556.0,212.0,0.003886,1,2,363
2025-05-17 07:10:42,d44bb4fd9db0516e460e0f564c83fc22ea5ab1efe534d858ba756a15c4bb7120,897072,64427.0,212.0,0.003291,1,2,363
2025-05-17 07:10:42,a5c42be8ffa4a5739ea0d7c32bd068307ac6f2d7d94138e2b88275ead11e67d2,897072,64969.0,212.0,0.003263,1,2,363
2025-05-17 07:10:42,0f69874647f66c846fa6f6ee24bf3b74f7ff21e8373bf4c29e409a4a2da04343,897072,65511.0,212.0,0.003236,1,2,363
2025-05-17 07:10:42,9f8e2302b918a85dc8d08619dbd431c90ac3b139eda3827983c950a3a80b2659,897072,66053.0,212.0,0.00321,1,2,363
2025-05-17 07:10:42,5b57e317c902996aabf9a23d0e7c96c156d9b57fed6f721f8f0d1b5f681766ed,897072,66595.0,212.0,0.003183,1,2,363
2025-05-17 07:10:42,d55da93a7d9f1b2befeb00387cae42c8a1f801dd347fbb79448848261a33475a,897072,67137.0,212.0,0.003158,1,2,363
2025-05-17 07:10:42,8ba495f849ccf2b7d2f86f1d684113a98bbc7a57855a4114f1e55fc6e1feff8b,897072,67679.0,212.0,0.003132,1,2,363
2025-05-17 07:10:42,b806ed504f80b060fea00dda80b07acbd7ab1657c1fac74aebd4f6825c6e62ea,897072,68221.0,212.0,0.003108,1,2,363
2025-05-17 07:10:42,20de09195925040802add031a3913c230474e5377bea0766d9316cd84a4fa877,897072,68763.0,212.0,0.003083,1,2,363
2025-05-17 07:10:42,c68543fee2da5e1bff02e09219e9370c01a68632e6ed4951d5b1bd4a88f24659,897072,69305.0,212.0,0.003059,1,2,363
2025-05-17 07:10:42,29096aac9e4a5ea41213702b789be3ee2790d5aefc4e5add1c92427f0a5e963c,897072,69847.0,212.0,0.003035,1,2,363
2025-05-17 07:10:42,e51936bfb58cbd9636ff9e3bd0f35c725b5df548d7cf8424cf40f6f4c8c6964a,897072,70389.0,212.0,0.003012,1,2,363
2025-05-17 07:10:42,4d8992cd37c8f19520fba8d7b7645838bfa77edd8c332b57c6a79cbea49cbb9b,897072,70931.0,212.0,0.002989,1,2,363
2025-05-17 07:10:42,2a5f43fe862e13846ab0709108a458ed84d354e5c77e502327baa5b0adfa2e12,897072,38988.0,212.0,0.005438,1,2,363
2025-05-17 07:10:42,ae2392abbc7d006fe3a279f7ebd7e42dac72175b9bb9712107ccf79e3ce1a00f,897072,71473.0,212.0,0.002966,1,2,363
2025-05-17 07:10:42,a65aeee7da807caadb25b8b7b35b389cf4e7c70f059d26fd0f8c9623c61637a9,897072,72015.0,212.0,0.002944,1,2,363
2025-05-17 07:10:42,bfb41c24d139dda4b56af93e12fff92708c1387c90f9abf158393884cff2177b,897072,72557.0,212.0,0.002922,1,2,363
2025-05-17 07:10:42,dea4c4a20092a544feb8d3dbd455063cec9d5f932145863575fafc5dcc39cd50,897072,73099.0,212.0,0.0029,1,2,363
2025-05-17 07:10:42,b2a5b1b9698a6c98e2bca8cd45e12cd79a6ede39da53bfef7ee8e6a1257d5347,897072,73641.0,212.0,0.002879,1,2,363
2025-05-17 07:10:42,22ae0b51af44ca7845c7e6eb1cfb0ef56117a18f5e25fca795f3af566202e817,897072,74183.0,212.0,0.002858,1,2,363
2025-05-17 07:10:42,c72af755e206ffb8ad4ef37e69205bfba9020b53f7a63c5ae0d124bf8d81b79d,897072,74725.0,212.0,0.002837,1,2,363
2025-05-17 07:10:42,07dcd538eb2c0e83fa2f1c411f7427dec5cc4a31bb5a4c1532fa35ffa3aa4f0c,897072,63390.0,212.0,0.003344,1,2,363
2025-05-17 07:10:42,3c890adbf32ce9e2a13c4f54b65826745493aa17a7410c4a7ef1c56eb6e2faab,897072,63932.0,212.0,0.003316,1,2,363
2025-05-17 07:10:42,53950098ef99a18463cb8db41abb09989f24f5e782df9ff6dfdefef098300f22,897072,64474.0,212.0,0.003288,1,2,363
2025-05-17 07:10:42,ec35d15527b8022b2e846e650a9a0fff6d99d49ea7c25ffcfe2781e3610b82ed,897072,65016.0,212.0,0.003261,1,2,363
2025-05-17 07:10:42,9d0b8b96eba6310024a69eda65477521b0891e45dfa635ac148deb3e5ddbbb89,897072,65558.0,212.0,0.003234,1,2,363
2025-05-17 07:10:42,db310380c23795c172e6348b078091f77f9e81fcc4ef7a6d741b1da3ff260a13,897072,66100.0,212.0,0.003207,1,2,363
2025-05-17 07:10:42,f03242b2be4cae0ac9001cbf1a0b0b4020de403630168dcee58a3f02e3a9130b,897072,39530.0,212.0,0.005363,1,2,363
2025-05-17 07:10:42,1fec73e832c658da13ccb5797abc81e530938f29b18653105b82d459df2b610a,897072,67942.0,212.0,0.00312,1,2,363
2025-05-17 07:10:42,e7eba2f49b3de3a4adef7a986afcb2a84944ea577d3f6bb4b8287451ae60b9d5,897072,68484.0,212.0,0.003096,1,2,363
2025-05-17 07:10:42,3f91bbf28cfe642440ac1f8cbcdd73f99fb0a9c9d1e66583595136f5e543a81a,897072,69026.0,212.0,0.003071,1,2,363
2025-05-17 07:10:42,a13cfd608436c39f3419c8e76200dadefa47273672c078cbe34cb217649cf99b,897072,69568.0,212.0,0.003047,1,2,363
2025-05-17 07:10:42,b6487e7617127e3010e38718740b6e6fe38b199ca8a8643020203e6a2dfe697f,897072,70110.0,212.0,0.003024,1,2,363
2025-05-17 07:10:42,add9f3607f90cd39a345e6f66f36b5aeec8dd21c0f08a289108f80b76cbfc9b2,897072,70652.0,212.0,0.003001,1,2,363
2025-05-17 07:10:42,5bbca4b4f9e116fb457bb5d90e023ddbb6bdda153a9fbf1fc11042339ad19699,897072,71194.0,212.0,0.002978,1,2,363
2025-05-17 07:10:42,d43400e1f41df61d0c943b2c1a329b790dc069937d5ded01c3e24a6efc79a785,897072,71736.0,212.0,0.002955,1,2,363
2025-05-17 07:10:42,a3cd0854f77604683b2f2f9561529a38cd8a33b4e2fd5593b91364b6bfb59008,897072,23838.0,212.0,0.008893,1,2,363
2025-05-17 07:10:42,0011b777dd6c65f282d7f47a41264aa6bbc5bb7a05ef56370c549613f1f90639,897072,24380.0,212.0,0.008696,1,2,363
2025-05-17 07:10:42,7678c71a4da379193e7a8a1e449c3ba9308951743859ff7d1a67a3c2ab9119e7,897072,24922.0,212.0,0.008507,1,2,363
2025-05-17 07:10:42,b7d2aed134c46cdaf85a4975cae0bf4eb30c0ffd65b6cd157c8c23bbe72ad684,897072,25464.0,212.0,0.008325,1,2,363
2025-05-17 07:10:42,554ec55dc8957bab8be363c0cc30d1f30ae4e032c7cf2cf85925d9f7f044569f,897072,26006.0,212.0,0.008152,1,2,363
2025-05-17 07:10:42,9fe60bab1c28e6e6175b2ba6ea73811f874aea3f0be2e794ed8453b1041c7743,897072,26548.0,212.0,0.007986,1,2,363
2025-05-17 07:10:42,21c66c45b266128c2843868cba048efd4b098c6d2ca5fef94258530b3a9a45d9,897072,27090.0,212.0,0.007826,1,2,363
2025-05-17 07:10:42,a92602fd43da183c0c26f9e526463399ee0669ed0462897650622c420af28ac3,897072,27632.0,212.0,0.007672,1,2,363
2025-05-17 07:10:42,403b3fcecc58c6b03fe8791970b2f297cf850b0b5f25df396d1ce27c98ceda30,897072,28174.0,212.0,0.007525,1,2,363
2025-05-17 07:10:42,7970cc802d6b4d56c22ea713a0bd9011755c4cd70c6ebf2f5bc6ea536073f74e,897072,28716.0,212.0,0.007383,1,2,363
2025-05-17 07:10:42,e28047e7761ad5d24f9d743cf432c13b05f53c7335980d35e03bc9048ce2c51c,897072,29258.0,212.0,0.007246,1,2,363
2025-05-17 07:10:42,61bb45e036bf0e48af5811dd42bb019d35da5d2f3c77e63c91067e78f76619a6,897072,29800.0,212.0,0.007114,1,2,363
2025-05-17 07:10:42,2d4f66ca55d33d670703e4a4706e277acdc9979d483aead600bce0348461d609,897072,30342.0,212.0,0.006987,1,2,363
2025-05-17 07:10:42,f309bd5053cf9c58899c8ce371ed578bd714bc4f6ec03d78a57ac43e47ad70f7,897072,30884.0,212.0,0.006864,1,2,363
2025-05-17 07:10:42,038e6c2fdc25ea3edb26dbc4fb01e023be9f5ad98c58edc37c209813a1162325,897072,31426.0,212.0,0.006746,1,2,363
2025-05-17 07:10:42,e9f273b61e09acde30fbf8d338453cc0490e18ec028416bb3e8cd2026d920cd0,897072,31968.0,212.0,0.006632,1,2,363
2025-05-17 07:10:42,97ec46e106d2051043f3edc95b409e5ae9bcae546d37f376d4b39fb1f0086240,897072,32510.0,212.0,0.006521,1,2,363
2025-05-17 07:10:42,6c0038f11d38acf912c2a066c3450a087eaa68932871614793b017f10d191f08,897072,72278.0,212.0,0.002933,1,2,363
2025-05-17 17:35:50,bca851329c39abdf7033348605c49b0d6c02b9985e4d771b10ef41f54b6c9292,897133,656598.0,705.0,0.001074,1,2,223
2025-05-17 17:35:50,3e4d5b8d462f605bdf603aad8a2f879ed1825b85f9c291e4c25505fe1b942d8d,897133,1286137.0,710.0,0.000552,1,2,193
2025-05-17 17:35:50,3b312c1116dfe5eb0556746f11fcd2779511a45168f5c282f2f9b82916e4c68c,897133,546.0,705.0,1.291209,1,1,315
2025-05-17 17:35:50,23de96c4030340136571255f1cf47d58b3e79265ddb36d30bc75239ba245a88c,897133,1931615.0,1325.0,0.000686,1,6,346
2025-05-17 17:35:50,445b647164812690b1c848597cf8ae7a926f7b85717dec3777f689bd8a62c48b,897133,92633555.0,765.0,8e-06,1,2,234
2025-05-17 17:35:50,57f91dc7b382287fbe78ea8ff106f241e4b630e367a01cb7e862172b9e563d89,897133,4249979.0,1120.0,0.000264,1,2,224
2025-05-17 17:35:50,a15824f20f8b0a00841d758cecfe4eb45dc701833837968861245660275fd588,897133,70042.0,705.0,0.010065,1,2,222
2025-05-17 17:35:50,4e0a2f362611b93699e3b3e4906dd17b6acfdf6368f068e5f3921ed4d54a3185,897133,608123.0,710.0,0.001168,1,2,224
2025-05-17 17:35:50,199a83a05338f1081b8f8402a03abb674159021c0be91f019ddd312cc5c2d984,897133,107623.0,705.0,0.006551,1,2,222
2025-05-17 17:35:50,3825ed0016b1f3ff4fd14a7cc71d9f4cad9389db3dc4a413b90d0b1dd812b884,897133,3782228.0,1130.0,0.000299,1,2,226
2025-05-17 17:35:50,2ce0030bc02302a0c30e33febc69162817f96b847a480358ab7714d559d5db83,897133,15233.0,770.0,0.050548,1,2,205
2025-05-17 17:35:50,6c980de52402319c79ee069911326768a582378cf81200712121ce6ce13f7d83,897133,488506.0,715.0,0.001464,1,2,194
2025-05-17 17:35:50,863adb6e1d6e70f58ece293008c31625cee29c06420f3ca82f8a1397da25ff82,897133,125790.0,710.0,0.005644,1,2,193
2025-05-17 17:35:50,d0c1b038be27863fe315fe94e984971cd5f9fa9ef5657a7267c362c0748ae181,897133,72973.0,1040.0,0.014252,2,2,370
2025-05-17 17:35:50,723d9ec67ff3797c871deb28012d4a1eb70b08534b2a3b7caf1db6172d6ef880,897133,272902.0,720.0,0.002638,1,2,226
2025-05-17 17:35:50,d6ed18d817658c8def27ee3fc4989817ea29abafc277deb91771f34f32f8407f,897133,775285.0,715.0,0.000922,1,2,194
2025-05-17 17:35:50,ff3a1cb5191cdef8c9a1b61dc3097d991ec54a19ab4333b65a77c541801bd77e,897133,494450.0,550.0,0.001112,1,1,191
2025-05-17 17:35:50,3d64e4eabf2f8b10d15162ae647baaff97088c9a0461e338520d902de8d1aa7c,897133,439361.0,860.0,0.001957,1,3,253
2025-05-17 17:35:50,6ffafb07e7a8096258e8c8623df5a91ff42cb1200ee4e3a150bda87c3958c17a,897133,1690335.0,1095.0,0.000648,1,2,219
2025-05-17 17:35:50,195879c0c8820f1b70ed931ce6e242addca6e279f24546af3d71d7f49fc88477,897133,113598.0,705.0,0.006206,1,2,223
2025-05-17 17:35:50,0f2fb6b7bbc5105493da8eae9b24801b6d156de94b16853bd89c275fa0f9ad76,897133,386800.0,705.0,0.001823,1,2,222
2025-05-17 17:35:50,7a2e45ab7ada956ccdbb85e3913e55cf81559e60f92561f11b7c86ebd5faa575,897133,164934.0,1130.0,0.006851,3,1,376
2025-05-17 17:35:50,3f0e020c0c0e2f26872f0a6ab2700c5e36cdee983888212fb281308a5ddd3f74,897133,173395.0,705.0,0.004066,1,2,222
2025-05-17 17:35:50,4dcc7e339e208a959b474d567f598124e2fca3ae70b7554f50f3e474184b8673,897133,1113159.0,705.0,0.000633,1,2,222
2025-05-17 17:35:50,9f3eb3d08cb3f58578ac9b7461f95aeee2837c4a864b78f9b1050930abb73473,897133,425521.0,1115.0,0.00262,1,2,223
2025-05-17 17:35:50,7e872a2d0c289732f017ef60dcd2b82a412b731252bf13b442b16b92756e4372,897133,546.0,765.0,1.401099,1,1,330
2025-05-17 17:35:50,23873e2069945aef3aaf147e8313ac92f4762d7facb57e434b47173bb6d20685,897133,595782.0,770.0,0.001292,1,2,205
2025-05-17 17:35:50,292af1fd5aaeed83aafd8a0c9a75cd3a73789893905c85f289bed131ce064a71,897133,12871.0,710.0,0.055163,1,2,193
2025-05-17 17:35:50,f43be2bc052aaa8c18cc320ebc5809948bfcb37120bd11ff7f0d68f83882e670,897133,546.0,760.0,1.391941,1,1,324
2025-05-17 17:35:50,832ea945984e477c8e66aed663b9ac2d6ff57fcc3435237428278670f336c66e,897133,1555.0,1270.0,0.81672,1,2,641
2025-05-17 17:35:50,51e464692807c45353295464ceba1293822989e79247b48c30a80aae8da1886c,897133,192285.0,555.0,0.002886,1,1,192
2025-05-17 17:35:50,d7d03057350b4e7da64a8f6c535319d80cb6078cfb45feb7e869c02e27cf186c,897133,129999295.0,705.0,5e-06,1,2,222
2025-05-17 17:35:50,40c6a05004816ddc0f5ba9af49631a8198eb2bb7b0772663007fbc67595b9b69,897133,587449.0,770.0,0.001311,1,2,205
2025-05-17 17:35:50,51a90157c167eeabed3207e8665cd2ecea573555dd03aa1aa62be339f4865a69,897133,1464878.0,735.0,0.000502,1,2,228
2025-05-17 17:35:50,58ccb2835a7bb35b4db1ca4d059ebfb66cd90bae8e093184c975d5a141909068,897133,546.0,770.0,1.410256,1,1,332
2025-05-17 17:35:50,64072472f6f955773151419224e306fe616bcf90bf92bac17513194c64924996,897133,19144.0,770.0,0.040221,1,2,205
2025-05-17 17:35:50,3d4121cd633a53fd28efb9b48746280d9691fd675a494cb247771631e057be67,897133,454564.0,1115.0,0.002453,1,2,223
2025-05-17 17:35:50,f386e8a480f106d556d572d04c01ae5d1111dc0354fde7dd68896569247b6765,897133,4648.0,550.0,0.11833,1,1,191
2025-05-17 17:35:50,d03c5c77e7099ebc284a1f54d3f20f609807e8b26842a5e934dd95f66f985564,897133,614795.0,705.0,0.001147,1,2,222
2025-05-17 17:35:50,67b78e0c241b17c7f5121107a6e343f57fd37987b86f8e9254d2c1c911920364,897133,240297.0,705.0,0.002934,1,2,223
2025-05-17 17:35:50,108675a3a4cf19b801953bc9315aff27d89fdf8eb097a9996ae0ea414ebfba5f,897133,38814475.0,705.0,1.8e-05,1,2,222
2025-05-17 17:35:50,f12d8613e1b801c769e460e4673051096f3f5d01fd8ee27bade980af5ab7fa5e,897133,617336.0,710.0,0.00115,1,2,193
2025-05-17 17:35:50,87c9170fc9610788992ada07ce523f156f2a4ad39e21d3609fbd072eff15765e,897133,95880.0,1120.0,0.011681,1,2,224
2025-05-17 17:35:50,43de7d3c921bf8b36531e0fe0125ed1872bf38ca81af7dfca51020538515365b,897133,856686.0,825.0,0.000963,1,2,246
2025-05-17 17:35:50,53bb62f5daea616ba7c0395d6711eccef85d7b88826f8b19ce751d2d4a981058,897133,5216825.0,1115.0,0.000214,1,2,223
2025-05-17 17:35:50,a1ba3d13114586f6cbfe18d30ae71e8e09c3d5062b58ceb71c51644f3832e356,897133,739653.0,705.0,0.000953,1,2,222
2025-05-17 17:35:50,3d8adcddd3e5dbc677b281f0506739327d5a56f3c6ad03f8a46bedb2b308b756,897133,702887.0,710.0,0.00101,1,2,224
2025-05-17 17:35:50,5ff23b54e3813c53bdbb317d9a710c7b047206911dd7a743be15ee79d0ecd255,897133,376834.0,720.0,0.001911,1,2,225
2025-05-17 17:35:50,267da5735fae48d0d24f74456a7d9620198f4459e0a8836112f5d25c2db5d44f,897133,67238.0,705.0,0.010485,1,2,222
2025-05-17 17:35:50,d78d47258e950eb8e99cefa3587ac433b23df4588d1bc2956a677ac4dae81c4f,897133,270908.0,720.0,0.002658,1,2,225
2025-05-17 17:35:50,edad91fa109e86b49482c56422159d36e15a0645aa0949712b7d646224af624e,897133,9685455.0,550.0,5.7e-05,1,1,192
2025-05-17 17:35:50,c1e7e376ee58d94756344e065345c9d5ca83e6884ca28d9fad26a90ed5a08d4d,897133,1977549.0,1895.0,0.000958,3,2,541
2025-05-17 17:35:50,5462d77fe23f1430c4d4a6c20bbcc0f9861c8a0b14b99641c4488ad069ba04d1,897133,1711197.0,2060.0,0.001204,5,2,814
2025-05-17 17:35:50,a3561bfc059965252044a8cc0a940c0e7f86f620baa4999e3fd74d02a8cab24c,897133,52816.0,555.0,0.010508,1,1,192
2025-05-17 17:35:50,9fbbc8198bb9fb0e1b3d139e865ebfe1520d955540b2b767bb7ac3feb4496c49,897133,145766.0,565.0,0.003876,1,1,194
2025-05-17 17:35:50,8a753226139ff591e531fb5cbadc14a36436fcf17e46b47789c0d8a136ba6849,897133,153701.0,710.0,0.004619,1,2,193
2025-05-17 17:35:50,0f7412134654be0c326cd6975ee7b43753b11ff5ade11c06995c231f3231fe48,897133,76128.0,770.0,0.010115,1,2,205
2025-05-17 17:35:50,dbd062a82fcba2b520efc5fd40b29ad19ad001e529a27202e2f9476385958d48,897133,75073.0,1130.0,0.015052,1,2,226
2025-05-17 17:35:50,0548d35ab7f633ab990fe9f965c521b55ea2d485b8c7e56e63d5145f42b01f48,897133,157566.0,846.0,0.005369,1,2,223
2025-05-17 17:35:50,b23533009a0f7c733237f08b85a29e02fa0c33cb3fa71b9e33aca862abcc036e,897133,186207.0,564.0,0.003029,1,2,222
2025-05-17 17:35:50,688ef36e725b0489a5b1cd232f72cd9b271151ddb5a45a36d4e11f3db7880048,897133,86423.0,705.0,0.008158,1,2,222
2025-05-17 17:35:50,99754affc939c0003976484ab0f56718be254b0ab33038b41d79f84eb098c847,897133,35757.0,705.0,0.019716,1,2,222
2025-05-17 17:35:50,51b62761301e26047bfe02204cb53a0ff28547fe16d318e6a01f45dc160ab145,897133,207636.0,765.0,0.003684,1,2,234
2025-05-17 17:35:50,d1ceaafe8e7fd9b31b2924dccbfcd89ab54ff9f471b235abaf7a765d72f30b42,897133,550885.0,715.0,0.001298,1,1,325
2025-05-17 17:35:50,bfa5e8c33b498186afb50cdf47b26ed873dad4d1efd48f223005c54e5e21ee41,897133,225385.0,770.0,0.003416,1,2,205
2025-05-17 17:35:50,b17f920b81c4762cc70955983bbf401a53a7f9e3acd36dab0220b9ddad6b4c40,897133,299290.0,710.0,0.002372,1,2,193
2025-05-17 17:35:50,c6a3f71d97296f4e6cf98ef2bf85370bf1fcf09470e5dd17da2d13ca50cddd3d,897133,439629.0,720.0,0.001638,1,2,225
2025-05-17 17:35:50,f38098cf79dd777d59ff8946f5d7bf1bd6ddb175f18266de4cd72a24dec6e93b,897133,409000.0,1045.0,0.002555,2,2,371
2025-05-17 17:35:50,4483e59d53136b2bbbafd0ce04341559be4b07aeccc7e728402716b4e2533c39,897133,710505.0,825.0,0.001161,1,2,247
2025-05-17 17:35:50,634a6caec06aafc7e2ab7044f7f7905cae0c8174d97e48a924bb3748afe5c338,897133,123714.0,705.0,0.005699,1,2,223
2025-05-17 17:35:50,9006179d73a8a507d655d19c1fdd592ee8e54279094a104f0aeddabe9755bd37,897133,72699.0,1015.0,0.013962,1,4,284
2025-05-17 17:35:50,bb8b2279d5497c2ce9f14a3ec2ef7b61168274cf97cbc0cff17e1d6d312f0437,897133,422870.0,1130.0,0.002672,1,2,226
2025-05-17 17:35:50,8b591a75ae2fe2006d3482ad63c6e44ffcfb62cbde1b410f71781bd706f0ab36,897133,1768459.0,1380.0,0.00078,3,2,518
2025-05-17 17:35:50,4493abc9f02f5eae93a9be1c42bf0659632230d01e250bbe9c7d30da9bdfa236,897133,3893.0,705.0,0.181094,1,2,223
2025-05-17 17:35:50,b3dd95245db88aa9fc4570efa031673fbbe56895268efc27bdc46523f0f71b34,897133,15736.0,565.0,0.035905,1,1,195
2025-05-17 17:35:50,c7cd12adaa266199b96604ee65520defd05fbbc324212031e0a54057caf64d30,897133,16896.0,770.0,0.045573,1,2,205
2025-05-17 17:35:50,e63c254902ef1111c390e1905790dac93e3eadf4eccb77e2622d95968e304c30,897133,98393.0,705.0,0.007165,1,2,223
2025-05-17 17:35:50,59c26620a8c0fdd0fb6bda1ebe325c3321950adfe0c5412ea534121ab3cd892d,897133,199571950.0,550.0,3e-06,1,1,191
2025-05-17 17:35:50,54c2c9dd314b431a6cca9b07034d27224e91d5e2bf81870b029e2331e1b3592a,897133,483337.0,846.0,0.00175,1,2,223
2025-05-17 17:35:50,de89e128554eb3a2f26c4f8f997673eb3a68fb1192ea70f4a9d03c31d02ec190,897133,503583.0,846.0,0.00168,1,2,222
2025-05-17 17:35:50,9d32059e42a057a17b181230db9f04dfefbfeb8abdbf6dded614e38e397a097a,897133,533529.0,846.0,0.001586,1,2,223
2025-05-17 17:35:50,9acaa4529a4f5216beef7408910aa4527f78d5025cc161e6c1a888d6d9a1281d,897133,553775.0,705.0,0.001273,1,2,222
2025-05-17 17:35:50,a4ccfd433cbe11bfbe6dc0854c702fb077ef1b732431e1079f109f0ee089ca2f,897133,573880.0,705.0,0.001228,1,2,222
2025-05-17 17:35:50,dfff2fdef69d62519e586e52a6c828576a1e96c1dad60c76f36d78410313f625,897133,1307985.0,564.0,0.000431,1,2,223
2025-05-17 17:35:50,8bbd977b4ce687e97fc2f55431deea962f1e3863a3599584d28759e28ba24917,897133,1338649.0,564.0,0.000421,1,2,223
2025-05-17 17:35:50,d37c02553ea1ebe9660a8a3cf136764ff12f18ee82076997c664edfabd54fe04,897133,1358613.0,564.0,0.000415,1,2,223
2025-05-17 17:35:50,9f4e17eeaead854837aef6ef6ede953ec8408a94ce8fa20bb6b9b0edd319282a,897133,445810.0,2425.0,0.00544,6,2,968
2025-05-17 17:35:50,3439c38f69dfa9e241ba08fc45ea755ec6d7805effc6987f6a27cfe39ff21929,897133,7889445.0,720.0,9.1e-05,1,2,225
2025-05-17 17:35:50,714cef89f49a093eb79cc546dc66bc771db2c3771220449391cdce380bce8ed9,897133,8181886.0,765.0,9.3e-05,1,2,235
2025-05-17 17:35:50,76c49d1c3a030880c237ee5da8f06901ea18af6c5ae3d152f781993903115d28,897133,546.0,760.0,1.391941,1,1,325
2025-05-17 17:35:50,d856336c1ab3f2ac69f1ef4157fb15c76de3c9e65438dd2b0f3303d4bf0b5d25,897133,38951.0,1045.0,0.026829,2,2,371
2025-05-17 17:35:50,70cf6b7fbd7adcd863dc2731ac84fb466733bba40d251e726bdccb5460b8bc20,897133,31363.0,770.0,0.024551,1,2,205
2025-05-17 17:35:50,8f67a1d9c2d4fc61ab08f017106e1ab9bfedb286f70546c3317d68f4aa4f5520,897133,40857382.0,1480.0,3.6e-05,1,7,377
2025-05-17 17:35:50,1764f4e95e85c4ba8df541e4cfe5a45d32d5d35d02c1cec5e8bc409e5e950520,897133,98728.0,1050.0,0.010635,2,2,372
2025-05-17 17:35:50,c359dc17db37e23abdfca07a3d70e94bb22a158820b83a8c56c8a941ff065f1e,897133,39397.0,770.0,0.019545,1,2,205
2025-05-17 17:35:50,dfa96cc0bf7924b6173894df7450cdcd512505c141a521911c4fcac205f04d1d,897133,23853.0,770.0,0.032281,1,2,205
2025-05-17 17:35:50,bff1b8a019ecf73c87b847d01e02454ce5c28e59b7b6b2ee76b40ffc32b5d91b,897133,1942973.0,860.0,0.000443,1,3,253
2025-05-17 17:35:50,48d50faf8a043ae42698f3d57fcd3c308dff483063273578656afdda24ff2d1b,897133,298438.0,705.0,0.002362,1,2,222
2025-05-17 17:35:50,460cdb653803d6ad44320516a34218f7915d8f2ecf968fa2d9b1b17f31d9821a,897133,37393.0,710.0,0.018988,1,2,223
2025-05-17 17:35:50,110fb937ad7220fd91f74a13a815c8fde9f1b9159d41c9fbfdbeadef1cdbdf17,897133,546.0,765.0,1.401099,1,1,330
2025-05-17 10:23:47,b7283ac7c356f84146c31002eb4c3a28c561f05be641476853b91f1f99f1ba90,897086,39131.0,513.0,0.01311,1,1,193
2025-05-17 10:23:47,26882cbc5d6a6a94486df4cd650938a7d6958a0887267d89c32d2b5be42cc06e,897086,16596.0,513.0,0.030911,1,1,192
2025-05-17 10:23:47,bce4f53a338200e2b4a2c9b222e6f47d488918307c2e751cb23b2d348dd9b400,897086,70742.0,513.0,0.007252,1,1,192
2025-05-17 10:23:47,6d1c214fe5bca39abc5c0069ec69b2e90f35868eb885668f1e9d6c10b1ff18a0,897086,46015332.0,1033.0,2.2e-05,1,3,414
2025-05-17 10:23:47,6c38cf989e3d95443e6694a845bf111a26740b68e34148c7d546fc136e101977,897086,8085139.0,881.0,0.000109,1,2,380
2025-05-17 10:23:47,05f90af2246208a9cc5fb87ceb49cd98db21d62aaf312c0eaa7f7e7a1a2f1f9a,897086,54827037.0,877.0,1.6e-05,1,2,380
2025-05-17 10:23:47,3fbe817fa3bb3f4a730dfb3ee068af1ce767fdd310fd04179187c876f193da3f,897086,45136628.0,877.0,1.9e-05,1,2,380
2025-05-17 10:23:47,245d65926fc5adcda0c7e21d0efbc4f1c28697095b316119bd2155c3b954a7fb,897086,543089.0,1374.0,0.00253,2,2,677
2025-05-17 10:23:47,3aa42ad65fde6a177f6b6bba42c7b5e1e45de60d962c8cd6e0a632a7249da866,897086,872934771.0,1240.0,1e-06,1,6,348
2025-05-17 10:23:47,4e112cc5741ccb0fd4b16a2d2fe0eff91171a1787956de1e158aa47aca383a1b,897086,123151498.0,3042.0,2.5e-05,1,18,736
2025-05-17 10:23:47,234cd75df69e2237d9411e121d646ebade101a37bb0fe7c04c6aff0be63331ad,897086,172287412.0,3005.0,1.7e-05,1,18,728
2025-05-17 10:23:47,d8eedd2df37e160944eb49d870b1b15a7195b3a53cf4cac533734d803e44a385,897086,889236716.0,2587.0,3e-06,1,15,639
2025-05-17 10:23:47,143fe6ef6ea5ee77c0abf90c67354e1bdad52224e60cb7991177def2e3a5bf74,897086,397646739.0,1700.0,4e-06,1,9,447
2025-05-17 10:23:47,e7d49c4f581366cdaf588aaff439ddbe3c1667e2bf18c60f7cb758984b2ccc59,897086,33986236.0,2564.0,7.5e-05,1,14,634
2025-05-17 10:23:47,0231bd09e191f337899e946a09c756ec7adb816b095ea24e74514c3b19621b0e,897086,181684455.0,3284.0,1.8e-05,1,20,788
2025-05-17 10:23:47,980c4683d2567edeff2329a75c5eee4af79757c2d19f97ff0d8a394b49994a61,897086,870123243.0,2434.0,3e-06,1,13,606
2025-05-17 10:23:47,05383ed129b4a6af6723fafdbbe47b023c716afd63fb2fcb7dee8be0aa7be5dc,897086,475665332.0,1807.0,4e-06,1,10,471
2025-05-17 10:23:47,4fb66d976a74f343dfe4a8100c8ca232bb85de64189d8e887ff61dbb693b8678,897086,861509870.0,2332.0,3e-06,1,13,583
2025-05-17 10:23:47,c2422c3f75e8de3cd3116f9ef727ed02200509909b6d3a832b2d0782feef1137,897086,47929058.0,2871.0,6e-05,1,17,700
2025-05-17 10:23:47,4d857ac964c5a871266c4c00f3d0f6988712da11cd321ddbc3c3b1b89a014062,897086,48098418248.0,1036.0,0.0,1,2,223
2025-05-17 10:23:47,185b3544869edc49aac5cdeff6d9b8f75e352302300422aac09b8ae2da18af5d,897086,48098418248.0,1036.0,0.0,1,2,223
2025-05-17 10:23:47,1c1efa95aa9a0f6e451fd7939e8b65c9e52105dd1369bec853c8242956de51a9,897086,3286938.0,1928.0,0.000587,1,10,497
2025-05-17 10:23:47,ae3bef89e61f82d51357c2ab4ec0b6c9e7f773fc02d3f50b5accc7aa1959f204,897086,861488185.0,2676.0,3e-06,1,16,658
2025-05-17 10:23:47,5b65aa7bfe6dd91db73fb30e97f259ed6baa7259237197aff52b9c96926cac79,897086,626740888.0,2128.0,3e-06,1,12,540
2025-05-17 10:23:47,ef73be5411efc56156a9d59e579f10d9bc9666c54e0f7186ed84a6c51dae583f,897086,82992437.0,2128.0,2.6e-05,1,12,540
2025-05-17 10:23:47,df409dc22b7f550c3ecfedfa6e11a1710e143f2507022c0fb937b326b0916f23,897086,60108710.0,1854.0,3.1e-05,1,10,481
2025-05-17 10:23:47,37357e1877c19bb3ce49725d75e4584a5cd6444b15f050c5220c5912a5a17e79,897086,35133745.0,4970.0,0.000141,14,1,2124
2025-05-17 10:23:47,94bc6516f180eb10f934e0c08be41c9c8f6c615d22c8a88303adf177a8a228ed,897086,926373.0,627.0,0.000677,2,2,372
2025-05-17 10:23:47,2f6a4b1d44116233ea2a712a690e320b117ee756cc69a3fd05737f34e11c70ff,897086,204487.0,513.0,0.002509,1,1,192
2025-05-17 10:23:47,8c78336c28c00dfd0bc57614fb002072c0d17f9e972d82dba230951d6bb664f5,897086,97749.0,513.0,0.005248,1,1,192
2025-05-17 10:23:47,872237b72a289170bd834835a11be6c0e1df530edd19c55fd3dfb2e168874bf0,897086,30302.0,513.0,0.01693,1,1,191
2025-05-17 10:23:47,8133d783df83d25e15fb4601a0098cea8e69c2fa14e0eeb10c8d7b59af57a9b9,897086,95942.0,513.0,0.005347,1,1,192
2025-05-17 10:23:47,c27335b96fffe499c94393cbf748763bf82c16f8075472155def2b26c82ca4ac,897086,259429.0,513.0,0.001977,1,1,192
2025-05-17 10:23:47,11477ce40ab542c025f4f3058ed04ebc8734bc524c190dd2e21894b7fee84aa0,897086,38973.0,513.0,0.013163,1,1,192
2025-05-17 10:23:47,230a1d78fd7397f764a9917c515b90d585bcd9acfc9a9ce8139391394c682a8b,897086,39487.0,513.0,0.012992,1,1,192
2025-05-17 10:23:47,656456ad03b7079eb502c536cfe4cdad17ad3e6c3bc5fcf5acd705db15f6aa7d,897086,97350.0,513.0,0.00527,1,1,192
2025-05-17 10:23:47,ef56dd384812bb76dbda08cf9e1a4a1acf1c68ad2e39364651a993a22640cb7b,897086,226839.0,513.0,0.002262,1,1,192
2025-05-17 10:23:47,fc27490543a8f4c9ee11b617b2b538b547f7a1bb37e0916422f0599d8157436f,897086,468027.0,513.0,0.001096,1,1,191
2025-05-17 10:23:47,c8df97abf0e53bce3d248cb3fd27184a6f70dd5e1819919e8d70f9a48fe10e62,897086,10317.0,513.0,0.049724,1,1,191
2025-05-17 10:23:47,dd8db4764f7934b13e977bbe73bfc09c895021aab693f7b1147db1ccaee5934e,897086,71599.0,513.0,0.007165,1,1,191
2025-05-17 10:23:47,3032382558a3274f99fc87fc7703b30df02ca4a01326df4070064dbdc214ea4c,897086,329487.0,513.0,0.001557,1,1,192
2025-05-17 10:23:47,7e0a6a4e97ad76abf10a04b9bf51df88cb548128bc4513bbd640d0ee7c53a847,897086,453804.0,513.0,0.00113,1,1,191
2025-05-17 10:23:47,15ff941d8bab2168547375378b630998707999d439dbb4d5075330f8e7366647,897086,135610.0,513.0,0.003783,1,1,192
2025-05-17 10:23:47,aafa40c39576abb7e7d369eb061d2128109b97d9e32117175c209b2d917f6944,897086,232582.0,513.0,0.002206,1,1,192
2025-05-17 10:23:47,f5624f429c2909e28e778d99db6068150e0f4cc8c320f9d3f2a2c583897e001a,897086,183205.0,513.0,0.0028,1,1,191
2025-05-17 10:23:47,6d7aa15023cdf3a2d8f09d168d6b5b00d1d74c1d16a24cf8b35941e6adebc316,897086,2250070.0,513.0,0.000228,1,1,192
2025-05-17 10:23:47,871f502b12635e68c358f6a330d282ff0385ac565442189948dc135dda79a40b,897086,96605.0,513.0,0.00531,1,1,192
2025-05-17 10:23:47,bbbfba10fcb3981f824028fe89d6fe147c3f1bfff08a9da1134e5ad134d55109,897086,2832626.0,513.0,0.000181,1,1,192
2025-05-17 10:23:47,28ec40cf7885beef1a02aad07c1a8f8c5545afc005613f156d3ead6db4ca057d,897086,10883070943.0,2044.0,0.0,3,2,521
2025-05-17 10:23:47,3de1ec37063b18204fcb55e8550b95989b8b547984e78e7ca76b3af0f2c1adcd,897086,3241009.0,664.0,0.000205,1,2,224
2025-05-17 10:23:47,d11120af770259fbb75dd141a626412495539a6c5b4aa3ef264672c7d92d9cb1,897086,19024241.0,661.0,3.5e-05,1,2,223
2025-05-17 10:23:47,048a435dd59a500021af6f71194ad27e6753ac355ac6cbf60f232b2db0e7e354,897086,106160150.0,1049.0,1e-05,1,2,223
2025-05-17 10:23:47,c551c86401d5ea7d1aaf86b212efa1441fa8faeda4f49a5062e65ccd7b88064e,897086,76431.0,2047.0,0.026782,5,2,816
2025-05-17 10:23:47,77c39c78cee856f74338f3aedb35c88ffb6407b5353c5ddd9cbf36c02cdca41d,897086,96114.0,561.0,0.005837,1,2,222
2025-05-17 10:23:47,f6a9ae6fb171d82550e627fd990322ad794084ca167955939df03b33a5349529,897086,106214868.0,1049.0,1e-05,1,2,222
2025-05-17 10:23:47,0b6324aa73d304a43f20da6ca00cdbaf51abefaca8ebe7ff0706daed7dad5e79,897086,106668067.0,1049.0,1e-05,1,2,222
2025-05-17 10:23:47,405b6c7d0d03380631ddaea6ca008e4a310420a57e2315226729e0c394aeebe9,897086,106994206.0,1052.0,1e-05,1,2,223
2025-05-17 10:23:47,1b89a670134ead1078594f54ba3843e00ba822ed66ad8dbc572a1d3ec43703a1,897086,1196847.0,1470.0,0.001228,3,2,521
2025-05-17 10:23:47,c85408f7107d45e9b1e945018a9540bf29372968c5c34ff6b376b0f3abe19414,897086,1385434.0,1167.0,0.000842,3,2,519
2025-05-17 10:23:47,50a8a83806f8b343c143054940b92e7d270734b58323cc261ed6b17425039ebf,897086,76913.0,902.0,0.011728,2,1,352
2025-05-17 10:23:47,cec3a56e7ffd7233bf94fe8a68001ab362d303ddfa6776792fc0b8e7c402d389,897086,189477.0,523.0,0.00276,1,1,191
2025-05-17 10:23:47,04d31f62bfed75aa179fb853d5db0a48e6db8a21847d2b7d33914127573de71b,897086,548056.0,844.0,0.00154,2,1,339
2025-05-17 10:23:47,8bf82156d73c2ff751a1a0fef4e1475ccc1f5bca35b8b10d8d62d8f32ca19e69,897086,16783.0,852.0,0.050766,2,1,340
2025-05-17 10:23:47,38390127c1417ac9e16ebc1491d171fb4d94fe354fe8ae841c2492f68fc99d7e,897086,110979.0,734.0,0.006614,1,2,234
2025-05-17 10:23:47,3b503d6378ee09ba509902c94a6d603260c7798d7c59f5a832133f9ef2668b39,897086,4736978.0,734.0,0.000155,1,2,235
2025-05-17 10:23:47,4182d7a138bbcc6cf6fe427ce01e5228df311249c3ef0ca58d215155441d9341,897086,99627594.0,974.0,1e-05,1,4,285
2025-05-17 10:23:47,7fba055067c7fe9c91c4cd337624ffae29b975053364fe7ded9f0995a14fbefc,897086,1399309.0,691.0,0.000494,1,2,225
2025-05-17 10:23:47,e1f1223a7fe6c68cbbb5abdc0ca08d258c53afc5327984d4c99fdc7cf0e235f6,897086,10227082.0,691.0,6.8e-05,1,2,225
2025-05-17 10:23:47,1236ca872adfbc96dbde6b5f62405f0ec7d6a40506ff375f9cd804516627bf0c,897086,1431309.0,691.0,0.000483,1,2,226
2025-05-17 10:23:47,e33632f639727c8faff620e083e51662a63074e56968b174d14182937f5dd502,897086,591099.0,691.0,0.001169,1,2,226
2025-05-17 10:23:47,39c7401dcae598c302aadc55aa8dd8c04a815cb9d3e0b9fb352f30f15998bfb5,897086,2189084.0,1003.0,0.000458,2,2,372
2025-05-17 10:23:47,f4aefb35935172d95fc8200440f720034124a7aa408f1c883334dec25a220141,897086,11839592.0,1003.0,8.5e-05,2,2,371
2025-05-17 10:23:47,ced9ee5c9e5886c72dac722729ed4ab8cd8b88aa2a88c4201d420156be77f224,897086,95088.0,1003.0,0.010548,2,2,372
2025-05-17 10:23:47,8507206c38d28425a5101cac678918f0858ec66e3fb4f9eade8704d540d3a500,897086,650653532.0,1003.0,2e-06,2,2,371
2025-05-17 10:23:47,734e67882180a2343ffb97fee6272d6440c3802f3da1354b8f7799eeb2b2051b,897086,4756061.0,677.0,0.000142,1,2,222
2025-05-17 10:23:47,132f816c3a05eded54443e34e90c371af4143015824fadf11abfa6eb4defc0d5,897086,4780839.0,677.0,0.000142,1,2,222
2025-05-17 10:23:47,aa6f06651a08eb2bd6edd8806e8f5a603884660439306cdf82129f3c2e78fbd5,897086,4820357.0,734.0,0.000152,1,2,235
2025-05-17 10:23:47,041fc23576a06a58c760dfa0da217ce0a71f7cd9bedf1edde229684a4a0526ae,897086,4925211.0,677.0,0.000137,1,2,222
2025-05-17 10:23:47,a6c29e400bb3d348e407586189e1c6b64c3739922cdc4e7973910cb3c718e439,897086,5023001.0,734.0,0.000146,1,2,234
2025-05-17 10:23:47,e42443c4ebd3f82bf65dd4b97c100a99a5fcd6c235c9995de8bfcc89a7acfff5,897086,698070.0,528.0,0.000756,1,1,191
2025-05-17 10:23:47,7ebb36fd484188a626cd776058fe876541bf6f46450dcb224b2dcf389bcbaff2,897086,51544691.0,840.0,1.6e-05,1,3,257
2025-05-17 10:23:47,b0b2e31504809ef1115b381d28c0a49c65c63dc216622cbd4af0700137a555e6,897086,19288.0,528.0,0.027375,1,1,192
2025-05-17 10:23:47,a2c858ee087c73a97564393d87d32f9b1dfab0e426ac439ab1b254c3aaa0fda2,897086,90005.0,528.0,0.005866,1,1,192
2025-05-17 10:23:47,0106ceb34da93b9cba15b26b06b7dc6ef6a53b84ceac9abd3cb313d03d7150a1,897086,60942.0,528.0,0.008664,1,1,192
2025-05-17 10:23:47,556c65584467aab40fa149221f36cf36f42370bf079893a10bad1d2db9d4d28f,897086,87445.0,528.0,0.006038,1,1,191
2025-05-17 10:23:47,e5634693ea434ebefe42340a9e52f7df95ed5fc3809b8f140d753043f423b581,897086,29720.0,528.0,0.017766,1,1,192
2025-05-17 10:23:47,a69b9e9b8e380fa6f261bf77b0d171a3d76d81abd83de65ff9a281cf019ab07d,897086,29354.0,528.0,0.017987,1,1,192
2025-05-17 10:23:47,8da11d7330838d1af2eb3d58a4d019e4b05604f0dc988c14189551494ebd197b,897086,23744.0,528.0,0.022237,1,1,192
2025-05-17 10:23:47,084bfad54ddf1070284dba4c092586b67cb068a1b0862598fca1754efb7c4e6e,897086,20838.0,528.0,0.025338,1,1,192
2025-05-17 10:23:47,7a5eb84ab6caa5369d6085ce8b0864b386afe279256c7823229dba21c4cd016d,897086,16038277.0,840.0,5.2e-05,1,3,256
2025-05-17 10:23:47,8fc0de2a4a9a4c629af551532b7b255a774c085dffc7b8e2c15d49bdda39066c,897086,14051.0,528.0,0.037577,1,1,191
2025-05-17 10:23:47,1b0ca229880f88c8d30d952036f2e4f70f47680bb25e4e4cafc6e0acfac37967,897086,53777.0,528.0,0.009818,1,1,191
2025-05-17 10:23:47,0ab59cf15c53d69bb5edbbbb13ca49b40a60ecfab280302ff8fb8a7856589660,897086,58419.0,528.0,0.009038,1,1,191
2025-05-17 10:23:47,bf9f0cb15220b67ed4edadb963c210cc2f6064c36d2c938e8671806ddf920e5b,897086,90445.0,528.0,0.005838,1,1,192
2025-05-17 10:23:47,c114e6e4a4d7fb6dc55cc7448d5818a9a267b36e0a52d8df1b9e0bcad1f22255,897086,41418.0,528.0,0.012748,1,1,192
2025-05-17 10:23:47,f8547eb5491b1c47853d0e2e384d979309f09f04b360dcd8412aad8b51b81753,897086,1272.0,528.0,0.415094,1,1,192
2025-05-17 10:23:47,900c358a7ecdb1c5614226c1effbed8d6378eb70f167c7514652f530deffa74c,897086,53472.0,528.0,0.009874,1,1,192
2025-05-17 10:23:47,827fa9b4b471f0f8bab69dec919b2e0e144f285cf2c6907fafa63e39852f713b,897086,297655.0,528.0,0.001774,1,1,191
2025-05-17 10:23:47,19ab4808d23cde21e5dfa81ffc2ef01a4a3700246895c45d82374acaa840af34,897086,16472.0,528.0,0.032054,1,1,192
2025-05-17 10:23:47,51338580d0222e637a117cfc45f2122b2b2267efd234fb11bbc75c7a23962415,897086,1031507.0,528.0,0.000512,1,1,191
2025-05-17 10:23:47,2383b45236ec277b6baf94c55eb584bedbd30331bad9e50afa9906307e3facf5,897086,1000795.0,1015.0,0.001014,2,2,303
2025-05-17 10:23:47,fe8204147fa0ce16d9967cb00af4b041e7e96c71ee01f5ee8d721fb5066979f3,897086,10646870.0,720.0,6.8e-05,1,2,225
2025-05-17 10:23:47,768acc1381eb2e560921a88cd1a3f85c7fb505e4d66bf36c2da2e0a4eafdd7f2,897086,131354.0,2280.0,0.017358,7,1,804
2025-05-17 10:23:47,d0a03c413773cc347f4844b82ed53c886a9ede10e320c352998663c192cb02f2,897086,546.0,760.0,1.391941,1,1,325
2025-05-17 10:23:47,9f6e67f3304d6c4bba27761859d7c5ecee372547449d8a67eb1e45d81b80cbef,897086,546.0,770.0,1.410256,1,1,331
2025-05-17 10:23:47,98304a648058ebe2b699e5f43d3d6306b3683c37fe6327b43f02efc53258c6ef,897086,546.0,775.0,1.419414,1,1,337
2025-05-17 10:23:47,a465261da18a561517dbf262e65d1518a99199ee10832578c5a8ab2908d3d1eb,897086,7809994555.0,590.0,0.0,1,1,224
2025-05-17 10:23:47,97c35b6866c6c1a58c026dda555d26c106540a0b2f5e20fdbf8ebc5ea19857eb,897086,1068584.0,1185.0,0.001109,1,5,318
2025-05-17 10:23:47,b04f7de72ab7aeaed3db05e2cb32473bccf476ca62456c174c3e1711fe69b3ea,897086,546.0,760.0,1.391941,1,1,323
2025-05-17 10:23:47,943d8043470b74af97f7f8903b79de2b3c692d172a34c2d1d0cee90c86bbc5e9,897086,546.0,760.0,1.391941,1,1,324
2025-05-17 10:23:47,abc504bba7743550a6b8e7a5197feed45a3bacd929df00243acc662b92ad97e9,897086,925346.0,1510.0,0.001632,2,5,464
2025-05-17 10:23:47,3a108e78fde3247b48c6c12b070890186e1bacd5e1398d750128efac195e2de9,897086,364669.0,765.0,0.002098,1,2,235
2025-05-17 10:23:47,f0d4bbf57e289d33b53bf150070415f81fd8f76ca4013c759d299e97a16d8fe7,897086,136583.0,1055.0,0.007724,2,2,373
2025-05-17 10:23:47,2506a95edd2fa29e15ef719316d41c22acc514fa73fc0c561737847af1e5f5e6,897086,45564.0,770.0,0.016899,1,2,205
2025-05-17 10:23:47,43a22ab777b53ef7748e426f3c1c0fbcbb40d24acde440c0a83627700d265ce6,897086,477537.0,1045.0,0.002188,2,2,371
2025-05-17 10:23:47,c7f6ab25671145f4bac9a03a1f81de1a73b73015372e379e72318f80ce46a7e5,897086,546.0,760.0,1.391941,1,1,324
2025-05-17 10:23:47,5213616adfd0945cd25baaf150f196a5f62e9978b9908ef004737c28f9eefce3,897086,2182088.0,1040.0,0.000477,2,2,370
2025-05-17 10:23:47,27862f162f16b3d4942ae25f5d900f5daf08e93cf3968c21ed729efc5189cfe2,897086,214230.0,770.0,0.003594,1,2,205
2025-05-17 10:23:47,664a4f53a808a868c37500c51ace1df59f92f81a6caa2f3fb4331c29b58c10e2,897086,546.0,765.0,1.401099,1,1,330
2025-05-17 10:23:47,3ac2a55e3a26cc38718755067518db6168ae7014d38d324d01e93715cecbbfe1,897086,19355.0,770.0,0.039783,1,2,205
2025-05-17 10:23:47,53dabff9d067d99f35490f059476b2fae0479572e8143b141dad9147611088e1,897086,803810.0,1060.0,0.001319,2,2,312
2025-05-17 10:23:47,4df1e211ddc70930703af8d9cbfb47bf1d399c47d8f4261f2ad9c53ceb6b53e0,897086,160398.0,845.0,0.005268,2,1,269
2025-05-17 10:23:47,500082956e1ae71c8691bd932192814cc2743b8fc0bf3167cdba51569e4e3fe0,897086,11715994555.0,590.0,0.0,1,1,225
2025-05-17 10:23:47,5699ec4dc2d2c8c689af49754bfb6a452181b4eac9acce769a7e0d7fcb996fdf,897086,9431994555.0,590.0,0.0,1,1,225
2025-05-17 10:23:47,c30d5c607e9232743b73a0afb6dc5185d66f82700bc6503a72a18c9da9e1f8de,897086,23861942.0,705.0,3e-05,1,2,222
2025-05-17 10:23:47,75d1571d48d5587b13686aadf0753e3a1aa352e1ebca8c8a5d7b3fc601ee0bde,897086,1277472.0,705.0,0.000552,1,2,223
2025-05-17 10:23:47,94565f22f3c0d839f463a47e38c5d870bdde076c9da6cff64ff5667e48d737dd,897086,459299.0,1115.0,0.002428,1,2,223
2025-05-17 10:23:47,09fbdff65459c60eb817e4f795b3ddef515b459201a7bb8b28e6b32b7e903cda,897086,153223.0,705.0,0.004601,1,2,222
2025-05-17 10:23:47,26b32b39522c460f671aaacab8bd773a19466a2f589df43d61a49ed3161630da,897086,283371.0,705.0,0.002488,1,2,223
2025-05-17 10:23:47,54dcc96bd538136e83acd2b4ead33a2c8a11e8ee2bd6c0a2ff91c47de44d4ad9,897086,546.0,765.0,1.401099,1,1,330
2025-05-17 10:23:47,071f082f12e446dc40d0b2198407d98daae0c32a16a71c5759cc9e6007adf3d8,897086,225455.0,845.0,0.003748,2,1,269
2025-05-17 10:23:47,66e2b98b89f047f1d4472d953e6fb5cac80fcce0868f06119298557dad0bcdd5,897086,64387.0,510.0,0.007921,1,1,153
2025-05-17 10:23:47,8310dc7f3e5845c43eca1f6fdd08c854ce47627a10dcd0f730e9f25e62976dd2,897086,15786956.0,860.0,5.4e-05,1,3,253
2025-05-17 10:23:47,527ce1085b193900f0b1111e6603df005e2faaf67e4660a5bd74f1fca00850d2,897086,202719.0,790.0,0.003897,2,1,258
2025-05-17 10:23:47,4de98cc79f2596b61eef8bb0fbe1ba1684295b29dc2e6f7dcdc0128ab7de8fce,897086,25990.0,555.0,0.021354,1,1,162
2025-05-17 10:23:47,44803822dc45e64e4c6ced78d3ebecf5cdcee0478ca49a73555365b8146dcbca,897086,89706.0,1855.0,0.020679,2,2,371
2025-05-17 10:23:47,a820d2f144ab1e5ef197a6b3680de943c4cab8c970eddfba30abbbe59a40fcc9,897086,13150.0,1015.0,0.077186,2,2,303
2025-05-17 10:23:47,3e95dca182706bae5a860c0bf0074cdc136fa22660ae796e01da01460dfa05c9,897086,145931.0,1060.0,0.007264,2,2,312
2025-05-17 10:23:47,a68132a70e6972a844c0a3f8bb5df132daa25183f6e3ec52c978c356698aabc8,897086,64198.0,510.0,0.007944,1,1,153
2025-05-17 10:23:47,9d35533ab07902d28368b8820d0c3c12b4192760474caa58e8eddb00012562c8,897086,323285.0,710.0,0.002196,1,2,223
2025-05-17 10:23:47,13bef6e3ad7a680a422715dc3b75f92841487376fadf421e529f891019f7bdc6,897086,9445.0,555.0,0.058761,1,1,162
2025-05-17 10:23:47,8fc71a3553ec39ec709f7cbe9c9f939b1dd8834f6909faf7a94b622d3320a9c5,897086,581932.0,4580.0,0.00787,15,1,1660
2025-05-17 10:23:47,5052a456917e706d02d229ae1532ff4e31373ef2165b63e59917798690ceb6c3,897086,68869.0,495.0,0.007188,1,1,150
2025-05-17 10:23:47,526ed16df89fc69270ffe2778fe3c0af958d87cb670e7f18096ce19b08391dc3,897086,3947.0,4025.0,1.019762,1,4,451
2025-05-17 10:23:47,0711cc593f04e081928cb210480f5ae64ec140fd57e4d0ba6579b61f9fc1ccbf,897086,376677.0,845.0,0.002243,2,1,269
2025-05-17 10:23:47,49c0ab2bed9c9658559b809fe83ee91861b18fe02a912958b5407daf516f16bd,897086,7299.0,550.0,0.075353,1,1,192
2025-05-17 10:23:47,9c5e0371fbc32f6d281ceca3131c8e6d30ea9ee86e0ff6644ee8d9b5fadfdfbc,897086,93142.0,770.0,0.008267,1,2,205
2025-05-17 10:23:47,15602490fa87975ec9abb6fedf46e63837cf5ce819f8a1fd818eac9d5df332bc,897086,1344.0,1560.0,1.160714,1,2,872
2025-05-17 10:23:47,38a2062bad1d836421b8872f42a634e039b49b06ab9b55c8e7a15de157f48aba,897086,79889043.0,825.0,1e-05,1,2,247
2025-05-17 10:23:47,c48bbf4af56c7df62e9929c48ea628c0dc3793b03121cc38fadfe11246f33bba,897086,10630900.0,705.0,6.6e-05,1,2,222
2025-05-17 10:23:47,33d8731a19c9bb1fb7fe676270285e452f62e4673bc18d68e618f2bc299113ba,897086,125978.0,1060.0,0.008414,2,2,312
2025-05-17 10:23:47,1d62bebd1f1f4fb0fe456f4e1fb6c146f81faa6b4863150c979a491aacfe5eb5,897086,423225.0,770.0,0.001819,1,2,205
2025-05-17 10:23:47,73b81bf5b8e08c39cd1b5bf244a169623584f2a474a44757bce1be80a21674b1,897086,406808.0,3070.0,0.007547,9,2,1061
2025-05-17 10:23:47,bf2f24679d98021f114126257d41116eafd3328818c412e8dc0f18f696f89ab0,897086,546.0,770.0,1.410256,1,1,331
2025-05-17 10:23:47,7b55ad4fc71f43b92c083ffa27cb03783bd2e105c4facfe8f4dcd0da62e1f3ae,897086,330.0,770.0,2.333333,1,1,334
2025-05-17 10:23:47,3992dca20cd1acc39736fe27a2ae943bd62a4ccc02a0ff4dc3ee167402fb39ad,897086,7837595426.0,1475.0,0.0,1,5,486
2025-05-17 10:23:47,8735e6d51289d0890eba4c72e0a92b6623ab51669018fc9f0334cbfb0bb97bab,897086,18888423.0,825.0,4.4e-05,1,2,247
2025-05-17 10:23:47,c5889b2d3a238bb6b2595e22299a04ea05f9bffedace7cb128fec5d66ff9f0aa,897086,546.0,770.0,1.410256,1,1,331
2025-05-17 10:23:47,77e580b8ac867ca00b197206e58b9dbaf826b2de6f5c56d63529dcf39946c2e1,897086,12990.0,770.0,0.059276,1,2,205
2025-05-17 10:23:47,981ca881e3ec6c2bc5a04c9587eb8b3e495064c34c25bed55cc741fe59818aa6,897086,54559.0,510.0,0.009348,1,1,153
2025-05-17 10:23:47,b4279e88dad8ea29000bfccb56c4f873d6be60ab8ade6c1703e4b8e9352f7ba6,897086,577961.0,765.0,0.001324,1,2,234
2025-05-17 10:23:47,59dee3a6c044516a90b8f06724ead50cfd90d6befff87cd9fe9931df543678a5,897086,176164.0,710.0,0.00403,1,2,224
2025-05-17 10:23:47,994aa4245ca9f1a65f7407c0b15e59a834d511c0caa9148d9c5b04093020aba2,897086,546.0,760.0,1.391941,1,1,324
2025-05-17 10:23:47,0d6760f0854cad6e32f2cbfde4c70a166acfbd486f749dedd09de66722eaaba0,897086,669230.0,770.0,0.001151,1,2,205
2025-05-17 10:23:47,465a3cd1569e90e4643d92d051a4c171dc9ee3434f9e578f9618828d8e9069a0,897086,543084.0,720.0,0.001326,1,2,225
2025-05-17 10:23:47,db8602ca14d471bced1c789394ac8ed9317a0ce3c050c47a3edefe6523bde99f,897086,613575.0,1815.0,0.002958,2,7,525
2025-05-17 10:23:47,d7bc1842d45bb16aeba87f87ecd3432c6a831d025c2b98ac38d18e93b138269f,897086,30008.0,555.0,0.018495,1,1,193
2025-05-17 10:23:47,2197c4cfe71d0acea6e3d7468804ca77b882447547ce1864929c14191f326f9e,897086,393240.0,705.0,0.001793,1,2,222
2025-05-17 10:23:47,5d448a19d995547bdcfae2439ec623f5e398b538c213e1a14d08752d12c16d9b,897086,1122260.0,1060.0,0.000945,2,2,374
2025-05-17 10:23:47,7b9af98e82ac97f01a272aba12aecab933b4ab89d6d5aee0d2e37cde93f29397,897086,201459.0,1040.0,0.005162,2,2,370
2025-05-17 10:23:47,c8ff09cb702bbff5e0b34381c704bb27f02d3f5b88ef488067e3df0b948a6797,897086,97381.0,510.0,0.005237,1,1,153
2025-05-17 10:23:47,e1d02e749924ac4b96bb714597eed81a6c4a45b757ce486f8244cc94d3d4dd96,897086,7379.0,4025.0,0.545467,1,4,451
2025-05-17 10:23:47,49907c192690f2de5280d933225c38b26e12c7ac4a775c6c0151e1e0d5ed3796,897086,2698306.0,770.0,0.000285,1,2,205
2025-05-17 10:23:47,afb7e2715e22028b439a191a9bce7e2f999a54e09b110c32a83f3d272d0b1096,897086,269435.0,1130.0,0.004194,1,2,226
2025-05-17 10:23:47,deb7559baff31fe897fca35ec16beb99c4abcc2b4d76bc93c9bad045ca025393,897086,5469246.0,710.0,0.00013,1,2,224
2025-05-17 10:23:47,ae0dbfcf8c3618a70dc57e21180a5a5e649790288266e91f10891ac0cb468092,897086,57767.0,550.0,0.009521,1,1,191
2025-05-17 10:23:47,d16233d75da6b1b02ca636b04c6223408af2ae3057ef9baa50f2f0062a227c91,897086,10055.0,770.0,0.076579,1,2,205
2025-05-17 10:23:47,d8e289c963717dc181ead54459db4219273a747450e132f9db1b2e7057004191,897086,522725.0,770.0,0.001473,1,2,205
2025-05-17 10:23:47,9881e21607c0c3869232efdfa021aa089e51daf88d4aed28f7e1003640eaf790,897086,155992.0,710.0,0.004552,1,2,224
2025-05-17 10:23:47,5bc7809c41e4cbb775df5940e8615386a49c219cd20cdf51d5d7bafde0c38390,897086,57684307.0,765.0,1.3e-05,1,2,235
2025-05-17 10:23:47,bbf3185d8f11fceed0ea248386d46b3929b468c833b57bb248b26ebc07b1428f,897086,18288771.0,765.0,4.2e-05,1,2,234
2025-05-17 10:23:47,740337e7fdfdbd6a2b8fca3a7417f942e04e42ac2e317a62cef7db5794144a8c,897086,59571.0,705.0,0.011835,1,2,223
2025-05-17 10:23:47,4c00487f3bb6fca4623175eaa9d8149375fe65196474b10ed34731d415528e8a,897086,2135606.0,720.0,0.000337,1,2,226
2025-05-17 10:23:47,736b227ecabf6b5c1cc5f3046d467e647444702400e01d37bfc404a7db434688,897086,63584.0,1045.0,0.016435,2,2,372
2025-05-17 10:23:47,73c4828be725a50cefc4c870b472bb1eef66009cb87f3c545ef7b073c2fd2f87,897086,643628.0,705.0,0.001095,1,2,223
2025-05-17 10:23:47,69730cb5f0d7d3b05bce267477666064d23d96559e50eabd9aa066a0365c1d87,897086,1451367.0,705.0,0.000486,1,2,223
2025-05-17 10:23:47,1477dd2e9a10eb0619adbb792745a311308daa128209e51c93d24fe39d60e083,897086,6344994555.0,590.0,0.0,1,1,224
2025-05-17 10:23:47,a8ea8c964a487a041c8ce860a779c9fb1aebd7de5aadd2746990e321b2280c83,897086,19756.0,510.0,0.025815,1,1,153
2025-05-17 10:23:47,84fcff81a4025701cdfae1b214ea6f80797e279c947a788e2c717f321be8917c,897086,1037277.0,1000.0,0.000964,2,2,300
2025-05-17 10:23:47,d7f8655014f012eeec134049b5e0e226fe3c26724caa0a69f3d450d5a13e8f7c,897086,546.0,765.0,1.401099,1,1,330
2025-05-17 10:23:47,7418cd71cb8eaf2aa2baef3280e3c04599b88ea919716ac5bec2340ae825707a,897086,1541215.0,770.0,0.0005,1,2,205
2025-05-17 10:23:47,cc4fe108a9400c82a61a5295b4d933bf1589f291d3274488cfae48fad9755e79,897086,666968.0,710.0,0.001065,1,2,223
2025-05-17 10:23:47,393930c245f64de838a38f152e6c0dfe2fda7f0f3456da6f36f3401bb1934279,897086,340788.0,705.0,0.002069,1,2,222
2025-05-17 10:23:47,ba62776b78c7f0a741a62a79f36631175ca51ddc1f8dfd53b36a91840caf9974,897086,546.0,765.0,1.401099,1,1,330
2025-05-17 10:23:47,bfba25222130aab8e4306dcfdbcb2c03056c9b4ffa17caa3a6dc52b3e2f21283,897086,115842.0,770.0,0.006647,1,2,205
2025-05-17 10:23:47,0183b8927674114ee971fa0eda28977429bd22aad0d8bfb0fdb19acd99572e74,897086,1334602.0,1510.0,0.001131,2,4,433
2025-05-17 10:23:47,b1647258fb39e51a497a36d95993904add817b469376377528d66196f142c471,897086,311017.0,705.0,0.002267,1,2,223
2025-05-17 10:23:47,438d39ee03bd345c1cb8b105d538d99c793d5bfaf53fb85c1003806badaab870,897086,7855189296.0,2045.0,0.0,1,9,600
2025-05-17 10:23:47,c8c464f64609958a71b4b6159d40cf124eedf620c28260e7d52a493532578b6e,897086,546.0,765.0,1.401099,1,1,330
2025-05-17 10:23:47,18b94115f96b4773c009e0de19b84a9fadd3146a578e19822c539d484b6e57de,897086,16230.0,770.0,0.047443,1,2,205
2025-05-12 03:41:07,d666ccc9e9dfc132462734e3748127ba58683484f5cb88c647910bdfecc2f5c8,896353,44845815.0,432.0,1e-05,1,2,225
2025-05-12 03:41:07,2758d0baea7ecf141ae5ded41cb0016d6b19b4eec4e1b1faf60dfc38c323c8c8,896353,47152.0,330.0,0.006999,1,1,191
2025-05-12 03:41:07,f98f1685dfcdb762b6f2d48a96fdcaacb2b4f08b85ed2b68b8435beb342114c7,896353,330.0,462.0,1.4,1,1,331
2025-05-12 03:41:07,fb1886a41cb839bb17ed2cbf49ba0b33653f9559aa52ded48d533e4d52c0fac0,896353,171442.0,798.0,0.004655,2,4,367
2025-05-12 03:41:07,87af2c3424a0a2924f2ad0631646e543efbfb02cd783a4720703d236b92a5cbe,896353,141068628.0,645.0,5e-06,1,4,297
2025-05-12 03:41:07,a6efa53f0fd46a7e484d168780906c6c314b773172b7eb5d42ef89ee997614bd,896353,330.0,462.0,1.4,1,1,331
2025-05-12 03:41:07,2baf411c2f577b126abb6b6b36bb40a3bd68cb06ac52fb3b9520dc4f011644b8,896353,240570.0,459.0,0.001908,1,2,235
2025-05-12 03:41:07,d61c029544a141ba00534eb3a5cbe1b70a1098aa3475f7895bb2140bf434c8b6,896353,20008121.0,495.0,2.5e-05,1,2,247
2025-05-12 03:41:07,01572c0e241fa41ca0b3bbc8428da4508dd4d6d2e2e39784ecd81fa83acdf5b1,896353,330.0,462.0,1.4,1,1,331
2025-05-12 03:41:07,baa4dd1ee2b3e855a6ffcb6441ad61aa73855ecf126a19dce429cc9b7309529c,896353,330.0,462.0,1.4,1,1,331
2025-05-12 03:41:07,75ecd4e7bee0956bcd93231fb7255c474a1f4cf46ef13f2fe41efd6965005699,896353,29744984.0,426.0,1.4e-05,1,2,224
2025-05-12 03:41:07,b3dbdbffe6e9a061c99b6c97cadce400c594e91ba25d5a4a3541fd68be26b697,896353,330.0,462.0,1.4,1,1,331
2025-05-12 03:41:07,99c86b16ae8378553dc4fb61b5c0c93eba97e31427e47cb49ddf146da58a4597,896353,330.0,462.0,1.4,1,1,331
2025-05-12 03:41:07,9efecfcaea22cf2c4a58cc83f5c5f8390d497b6c50abe9e0261f02f9f8801e90,896353,57890.0,423.0,0.007307,1,2,223
2025-05-12 03:41:07,fa8a4d41d391dcef8ada5b0f33ca03c63f42d5e3a88e29a7a44645007cb9368b,896353,330.0,462.0,1.4,1,1,331
2025-05-12 03:41:07,3865e064201d99044068d3b32c71a21e4074f9e9c6c6d09aa19ef27183fdb985,896353,7742911.0,798.0,0.000103,1,6,347
2025-05-12 03:41:07,b8d4982e3c769771f026bc1198cad1eeee4da5acb911748ab04000aafed21985,896353,127953386.0,1122.0,9e-06,1,9,455
2025-05-12 03:41:07,8400419d55966898fceda9eaa518d1f3f7f8cd71114f4175d0e446a60af2a384,896353,46153557.0,504.0,1.1e-05,1,2,297
2025-05-12 03:41:07,d9195bdcaf5d181953f0351b306583dd045165a1cd06222af534de0e3c91f181,896353,3177.0,798.0,0.25118,2,4,367
2025-05-12 03:41:07,a3de00fc3d95e852ed2dfbeac0d49d1af070a2a1f041528933841b62f495cb78,896353,484734.0,426.0,0.000879,1,2,223
2025-05-12 03:41:07,c6925ff610ae4d37765c62aa3d6ac469d9df6ed917d68ea204fdb6fa7e365678,896353,188248.0,426.0,0.002263,1,2,193
2025-05-12 03:41:07,0ad88be5637ef29103ad41169eaa2f241c699e59be80f510578618f2e49e4278,896353,330.0,462.0,1.4,1,1,331
2025-05-12 03:41:07,66c2ef2aebbae940e4b169afc795b42b98e7f2727aa41e0454c42f9ab0f0c376,896353,99932555.0,516.0,5e-06,1,3,253
2025-05-12 03:41:07,47da7bc18469cb5632eb1df9a2b9377a28f99ca91991955e175dd0b2c40a4674,896353,565959.0,423.0,0.000747,1,2,223
2025-05-12 03:41:07,f85e05ea6bdd1a247b645662523b9a231fe3904b3027c18fdef6a571224af673,896353,330.0,462.0,1.4,1,1,331
2025-05-12 03:41:07,34a7ebddaa89fe07db696bb106f0395ba4fef4ab75b9ba9c8e0d5f9215d7676c,896353,6580523618.0,762.0,0.0,1,4,446
2025-05-12 03:41:07,ec4d6fad711ea9d5c14b1df379745c5841457e3282007802fb1564b55b2a316c,896353,1136945.0,612.0,0.000538,1,4,285
2025-05-12 03:41:07,afd870fcc795b37c553939df0f43239df727d0e8cfa6d9fa3e0dddc9d22fea66,896353,282980680.0,423.0,1e-06,1,2,222
2025-05-12 03:41:07,df4cafe578a04d3d1877d2d52a8f4a2dd0e4028429d6b6cdb0e879ef15e7b359,896353,330.0,462.0,1.4,1,1,331
2025-05-12 03:41:07,2c4913d8fd3064b2fa13d62be0a11dfa6a657a65270d207d5253e1ea04756a59,896353,330.0,462.0,1.4,1,1,331
2025-05-12 03:41:07,044fdec33f75e9fa8f993b83ca87d08c65c0d257e2254fc1ce32c0d0f2a9cf57,896353,126278.0,426.0,0.003374,1,2,224
2025-05-12 03:41:07,3c94b1865da4d100381b789b826d105731ea07bff3e9efeb85d11a7fc9261951,896353,13021.0,1315.0,0.100991,2,2,300
2025-05-12 03:41:07,0f6f938ba4eb4754d37cbf4a4be812c38393212a8ec758aac2995dd967729195,896353,497597.0,241.0,0.000484,2,2,302
2025-05-12 03:41:07,debeaa1b92a855947144c8b43fe8c2be0e54851dc6c169283b5c11c6565b7ae6,896353,10825198.0,235.0,2.2e-05,1,3,278
2025-05-12 03:41:07,6035d65ac0545e0775de020419f6c91e18c3ba8ab7a1ba852dc5e085f1b2784a,896353,28130719.0,888.0,3.2e-05,1,7,377
2025-05-12 03:41:07,df914e4340d18e74fac64b6574a6745da70a6df19b5e8d10236bd073a0e5a343,896353,330.0,462.0,1.4,1,1,331
2025-05-12 03:41:07,961c7dc37122bad8e3113a0c917e9ffb82ef4cf2f3f73b8364f312be6697df3f,896353,4952945.0,423.0,8.5e-05,1,2,223
2025-05-12 03:41:07,d8d9fda17745d8e4840fffd37095e106162d2c1f7dd172ff88e5601e9613723d,896353,827279711.0,423.0,1e-06,1,2,222
2025-05-12 03:41:07,bad66f3dd8e5111e733d32056e6b3ed70b136a22fa28881c22fd74466c671e38,896353,7164.0,423.0,0.059045,1,2,222
2025-05-12 03:41:07,a18ec1ef044c737e25035696ddfcc661fefdc13caef519a2787804d7da4e0f37,896353,330.0,462.0,1.4,1,1,331
2025-05-12 03:41:07,88cfb7b821c90a9db7c055ffb9e5137839140fd4b22cb12a661c531dff1a4436,896353,8079838.0,432.0,5.3e-05,1,2,226
2025-05-12 03:41:07,1f9ba287de2a283c09f3dcc1d7b0981810de343fd342089c77c5d429230be135,896353,780748.0,462.0,0.000592,1,2,205
2025-05-12 03:41:07,ad5405787c7e46d715bfa788c5fff724416d945e8e00ec4de6cf10b4aec41e33,896353,330.0,462.0,1.4,1,1,331
2025-05-12 03:41:07,09b71c7f1bd7aa9362d06331c8b59ac1ea92d2ec91e79ebf1fb33590ec11217b,896353,4467.0,849.0,0.19006,1,5,334
2025-05-12 03:41:07,d40c78ecca474bd66baa14e60516641f3a8021c7429572ec5b8c3991f0659626,896353,330.0,462.0,1.4,1,1,331
2025-05-12 03:41:07,3430e0b173962bb03a953e04a7b57a4f9ce7b44826eb59ffd794c0d556278f3d,896353,4963.0,849.0,0.171066,1,5,334
2025-05-12 03:41:07,155064c40e8cbf73e17eb734f8a8eceee23f794633b4c8d6b72ddefa9e37991b,896353,330.0,462.0,1.4,1,1,331
2025-05-12 03:41:07,5314cecbca8e79ee86096004767c31419b49cb794fbb4bdec31f3c82a5124c19,896353,127894.0,780.0,0.006099,2,3,392
2025-05-12 03:41:07,66805eca1e648a45fa0470a5f17bff4b0520bc98626c5ed2018a8ad1d4514f18,896353,2148998.0,705.0,0.000328,1,2,235
2025-05-12 03:41:07,a3b7af09dd702ca9ca82bc640d69a7d57ba1e28696298dd20f4d67c4d8bcb517,896353,169349.0,636.0,0.003756,2,2,374
2025-05-12 03:41:07,991bef47b09e3495cd788e927665eaf5c6cffe508725dcb29b99267b057d7e17,896353,6660348380.0,852.0,0.0,1,5,476
2025-05-12 03:41:07,9093c4303d0d1b447d2c8751977fa8333958ba1d92aa9800870f17146e03b315,896353,551451.0,423.0,0.000767,1,2,222
2025-05-12 03:41:07,1873b5cd23ab8b8b5d5a51fd8cc3c2efe28ae7e83aa904cb2aa423a03dcc3915,896353,330.0,462.0,1.4,1,1,331
2025-05-12 03:41:07,412b9e924beadf1c2b4e06ced385ed272997e73e6d7aa2222fea82ab04fe7096,896353,16596.0,849.0,0.051157,1,5,334
2025-05-12 03:41:07,fe04b577449084fb1c31cc0a346aa6a630d6cc8031fd98ae1d43b4d7fde0ec14,896353,7462.0,459.0,0.061512,1,2,235
2025-05-12 03:41:07,a2dfa5a628855ba362623cc941f105751093c611ef163aead92340aac8404f13,896353,5694.0,426.0,0.074816,1,2,224
2025-05-12 03:41:07,a0886b7c688ded11df619f4af53d6ff318f664ffba14818c1f964056d87e7d11,896353,159667.0,333.0,0.002086,1,1,162
2025-05-12 03:41:07,d9db5b8ce046144c2e4e77802ef65f12dc13410394fbc7602ffb8325968a3f11,896353,20221255.0,609.0,3e-05,1,3,284
2025-05-12 03:41:07,83dcf6a64811ac3860d87d78ec643110873a23dbef8807ed49bd82deaf38ed10,896353,266157.0,702.0,0.002638,1,5,315
2025-05-12 03:41:07,d67434cb465b5c28420d591abbb29703e81a3d916c7fb70c6d3dd231cea1140c,896353,102750.0,462.0,0.004496,1,2,235
2025-05-12 03:41:07,fbae59fcd2047de61f123df4d2368ca13f13185fe2254758b2081604e509fa06,896353,174636.0,636.0,0.003642,2,2,374
2025-05-12 03:41:07,954e6cff66c6226f3698e5afb3cacb003ff1a63186108cd97828c7b5c1f6e405,896353,812830.0,531.0,0.000653,1,2,258
2025-05-12 03:41:07,0ea2fb787f18b6a4dc93035a06f203e407475e9d58d34e2d179a53ec8172b904,896353,330.0,462.0,1.4,1,1,331
2025-05-12 03:41:07,7c9d0737d797effbd757d00651c6d9b17f3701cb47814c6f660c7310fedb4102,896353,505948.0,423.0,0.000836,1,2,222
2025-05-12 03:41:07,5ddfba3721d5dc279aa09aad89b0b4f9de729b7f3fdadb2e729a63e9eef09300,896353,320221252.0,423.0,1e-06,1,2,222
2025-05-12 03:41:07,b08b8394d144b0524a83fd34b8f1c8f2a3a498695b42094442ff109d5f161a00,896353,1670034.0,423.0,0.000253,1,2,222
2025-05-12 03:41:07,dc56995c381f7ce3e0539d146875934235ac9974dc0507dfe32173384eaf7d51,896353,2430891.0,925.0,0.000381,1,4,308
2025-05-12 03:41:07,f32f9dd42bec731054c18ecb208d27218a665b7723828298fbcbfd4fb3e02877,896353,49191934.0,61332.0,0.001247,300,1,44598
2025-05-12 03:41:07,bcc007807fd1d0b90726999b67de7f41c364e0c631bfe2c35d02854875577c7f,896353,257328.0,1650.0,0.006412,7,2,1116
2025-05-12 03:41:07,c2656b515d9d5610729b8a4726ea2d47cf59ae6c0789f2cb0c1f3b7de5f926ce,896353,15990.0,1462.0,0.091432,5,4,827
2025-05-12 03:41:07,2fc6be5eac8cdce85b7fd57ed642d1adce8fdd78c6605ca58aab13bdb02f0d75,896353,380750.0,1038.0,0.002726,4,2,668
2025-05-12 03:41:07,c937f91ae4f5ac9ff2898f02f1797b52af74fcf220f38152b31eff98a908d305,896353,475453.0,978.0,0.002057,4,1,649
2025-05-12 03:41:07,d96d1b1071c817c0cbdac9e83ed4437a24901f0f37a869aeffc3100bcbbe49b3,896353,53990629.0,750.0,1.4e-05,1,4,414
2025-05-12 03:41:07,f7f1de28800109a7d81aa1bf2b9508928c8f61a6ee44f6f39ced95d47f05df3e,896353,1432900.0,738.0,0.000515,3,1,487
2025-05-12 03:41:07,4b8427515816d84956965c7c8bc17964447c9119ad4808c509a418466552f49e,896353,192033.0,669.0,0.003484,1,2,222
2025-05-12 03:41:07,e19e6dc6eed6aa6cbe81b7e542c18d1dc2d7890a218b155bce1f05eb72232bf4,896353,1242441.0,639.0,0.000514,2,2,374
2025-05-12 03:41:07,4d663e06dce6fd515a3da2db4652a50ec36ec04da5982f629b63e66962990b1b,896353,47859.0,630.0,0.013164,2,2,371
2025-05-12 03:41:07,b444dbae4a769a36ea74ba7147832fe653e81f4ac44cede81bec97b28654d0df,896353,90299.0,627.0,0.006944,2,2,370
2025-05-12 03:41:07,7604fb03cf57a5059e79168c4100a2a623dfa4e0b8d2f182405f8ada49ebff06,896353,161622.0,603.0,0.003731,1,1,200
2025-05-12 03:41:07,d0c00868371f6f74827e798aee1ec33f6942b44f0489cb3bce8b569cfdbe335e,896353,8835727127.0,507.0,0.0,1,2,250
2025-05-12 03:41:07,e511c7b32531bd4ca764c039a8722455cd115444c4fe07268b910d60f8929f08,896353,50908059770.0,507.0,0.0,1,2,250
2025-05-12 03:41:07,9e87a4f77fcc6b33d805a039482609846e349966c8fd298b3458de2dec2abba3,896353,217286.0,465.0,0.00214,1,2,205
2025-05-12 03:41:07,65e2698ea6403fa2563c092e5eb41abe6c655b533efab11703da65d13c11071f,896353,1019563.0,438.0,0.00043,1,2,196
2025-05-12 03:41:07,8dd5fe98b2e1844c47e5165c01c0ed350e55877ff7f05a81c8fd3e1c9072c387,896353,2711031.0,429.0,0.000158,1,2,193
2025-05-12 03:41:07,b45cdab877927b8cdacd8bbf9c023ed61adc095576106f565d25ffdc52641bcb,896353,3966345.0,426.0,0.000107,1,2,223
2025-05-12 03:41:07,f413464a4e087d7bad79f2813ba2d2419b65ee07389f602444c94264a1118c36,896353,201594.0,426.0,0.002113,1,2,222
2025-05-12 03:41:07,a4be4466a11d9bce6ae9b53176f4d6f4d3abc5ba71eed3d224a47f4d1cd4732b,896353,35460.0,426.0,0.012014,1,2,223
2025-05-12 03:41:07,93edd18c081f530546938dd2c7ebacc5e03b56bdd7e2d8fd37e6d1210051a128,896353,455037.0,426.0,0.000936,1,2,223
2025-05-12 03:41:07,cd161d5c684ffb41c70ff4dc4e11571667c6ef1ca66ce25e59514d281e5918e6,896353,205780.0,666.0,0.003236,2,2,382
2025-05-12 03:41:07,e7ec90da62aa0c9dfbc92ec36a6abeb5f2f0c2ed9c5b038bbf3d061d9970c1e2,896353,996441.0,333.0,0.000334,1,1,191
2025-05-12 03:41:07,8e04dd40936df0a72b0fd9a2bb2aefa9bb7882f151b5192c29ffe0c7ced8ed05,896353,1936035.0,427.0,0.000221,1,2,223
2025-05-12 03:41:07,96ee52c62a9f09a65f8654add5f002f589b0cdba30600a21dbd52e5da11fd5b7,896353,2838309.0,630.0,0.000222,2,2,370
2025-05-12 03:41:07,c7915e7045a71b30c0307e051e06a420324e3f1ece0a0fd929cdfa5698a37ecd,896353,14216525.0,437.0,3.1e-05,1,2,225
2025-05-12 03:41:07,43f6d557a28a2c9fa58ad96d37ca6fe8ec361334101b7f4cb0faffa487406511,896353,490046.0,438.0,0.000894,1,2,225
2025-05-12 03:41:07,cf9fe62977ff2fb77e564a859bccd1268c75e49142702d0a1d4e2f00cf4406b1,896353,8700823.0,432.0,5e-05,1,2,224
2025-05-12 03:41:07,9859069e4514b45787af18d23db014adef9232c09c390752cc50eee8299ce045,896353,10005608706.0,1053.0,0.0,3,2,589
2025-05-12 03:41:07,aca5ac0f844ee5346a093eae89526fa3b56a6f23e9c04d69ce08a567259d1e24,896353,34666012.0,1640.0,4.7e-05,2,2,372
2025-05-12 03:41:07,6c988585f6b5daf793866a8e6e1e5f01dad1acfe21ef1465fec04be93bbafe36,896353,34999231.0,769.0,2.2e-05,1,15,664
2025-05-12 03:41:07,42a2b9f350d343581486717b23d966ee4ff5b66c3043591ad98a8c77265feff1,896353,79423.0,577.0,0.007265,1,1,189
2025-05-12 03:41:07,6204f30cf8f895d9577ce4993cca03c96f655989282d67b8199b7d0a7050538c,896353,1022014.0,440.0,0.000431,1,2,225
2025-05-11 02:39:37,0e026c799fcedac7c59fee593c34792e4a420f0ebcf427c9fb60ff42eb2ee0b6,896194,86246.0,1280.0,0.014841,2,2,419
2025-05-11 02:39:37,407ff8cb6c004da9cc24db15a5c49a2ac71a9228fb611befe34e24aca08662b4,896194,546.0,765.0,1.401099,1,1,330
2025-05-11 02:39:37,f86a2873e09535dfa7ab629e08cc794fd922d0cc41b35d8bc62fe9a98b9a56b4,896194,8449491.0,825.0,9.8e-05,1,2,247
2025-05-11 02:39:37,45d6dba0d5bee621dc89814fbdad5de04ad9aaa342caa6bd04a57ce8f6f855b4,896194,546.0,715.0,1.309524,1,1,321
2025-05-11 02:39:37,9827e63edfdabfe16070cfee8d137d32442e2d87a813ac63e51accc06dd66de1,896194,110408.0,885.0,0.008016,1,2,259
2025-05-11 02:39:37,9f329eb907b610c8681f65203e9ba5a93d7de60c567a9d58d0933fcef5ac12b4,896194,329285.0,715.0,0.002171,1,2,194
2025-05-11 02:39:37,d4fcebd1ec7f4139541dcceb950457d1c943e9123dec338081628a56b63a0eb3,896194,148601.0,825.0,0.005552,1,2,247
2025-05-11 02:39:37,44f7c4cbc1bba58f217e52f7af6ac81edde468f14c7d088343d62df7b0453daf,896194,2414.0,710.0,0.294118,1,2,193
2025-05-11 02:39:37,ea768118280108532b93113fda7dd45b179cd2348a06f3a46e329a0b607b77ae,896194,546.0,770.0,1.410256,1,1,332
2025-05-11 02:39:37,bc3e3d56c4f08363ad3654529a206bebf14c5abbdc604b8dd91d5b2d34fba4ac,896194,192747.0,550.0,0.002853,1,1,191
2025-05-11 02:39:37,e6dfbe7b8cb42f14ceef5a509733ad73204cfc4e315a2e1529f9be6d90d644ab,896194,590188.0,710.0,0.001203,1,2,224
2025-05-11 02:39:37,8960190726901ea19bcc66b46887acef8f68629ab24c5225a41e3cff292ab6aa,896194,12166522479.0,705.0,0.0,1,2,222
2025-05-11 02:39:37,b77267f6fd61142d0b5050e70954c38c032897da24563d3a1a3aeca4bc5108a9,896194,625886.0,1060.0,0.001694,2,2,312
2025-05-11 02:39:37,f0373b08c7936186fbd56dd1e54353487001785349980e10e2cdb8c8ccafb6b7,896194,626946.0,1060.0,0.001691,2,2,312
2025-05-11 02:39:37,a345d72b7e616690ffcbf1317105321b47a4a5166226090d2e1f064d1ec991a6,896194,15184.0,1060.0,0.06981,2,2,312
2025-05-11 02:39:37,bf0d708fd423b66b846a11a27c1484d02516f8559eda001939a26e8e5999fda5,896194,378268.0,710.0,0.001877,1,2,224
2025-05-11 02:39:37,184fc8d6924a55912637d69fab1e4e6c1e1a255d6789879b656258b3b0c3d7a5,896194,779230.0,770.0,0.000988,1,2,205
2025-05-11 02:39:37,ff88987993eb38c0c792c248c84b1d019e45ecd2ea280cfe20f4605a3a4334a4,896194,3696.0,915.0,0.247565,1,2,356
2025-05-11 02:39:37,888fa87baeeb2f1d6627343c7d631d206d7f242a49a877895a7f9e8b3432e3a3,896194,243217.0,705.0,0.002899,1,2,222
2025-05-11 02:39:37,67ec0c3dd9d2c74403dbf867bb196c46a89ad8bac7820eef2dd74162e6a1c3a3,896194,197296.0,710.0,0.003599,1,2,193
2025-05-11 02:39:37,34aaed13507b669bd95acaf71e82a0cebf474cb8f4739caa9251870acb94c2a3,896194,23273.0,550.0,0.023633,1,1,191
2025-05-11 02:39:37,39f1a8bb6f3bd6e0d53b48fd4dde251a08637b358ab0636933458dd65225b0a3,896194,350223.0,705.0,0.002013,1,2,223
2025-05-11 02:39:37,2bc1937baee5b85e00d2e8a28ed95b64c9cd21464d1ce01eef4c662bf39b6ba3,896194,22753.0,985.0,0.043291,1,3,248
2025-05-11 02:39:37,6f8c274a562d1f25bb53d1b4b68090375fa65391a2c504cd8f13aa5d35845ea3,896194,546.0,770.0,1.410256,1,1,331
2025-05-11 02:39:37,80c4227ca4925962cab1031fbec616bbd1b98ba7db884b50bb3b385502ef6ba2,896194,77704.0,4025.0,0.051799,1,4,450
2025-05-11 02:39:37,c81bc0e08e795a644d9748dad440155ab0c82101f416ac0354ac91b08af6f5a1,896194,50878.0,770.0,0.015134,1,2,205
2025-05-11 02:39:37,c071f2daa4b0b97b258bba8cc7df092902343c8fab6fa502950b9a4aade0f5a0,896194,1550065.0,825.0,0.000532,1,2,247
2025-05-11 02:39:37,31b76789f08784c89c92847fa0446a668fbbbc8b51dd1b236cfa4e006bd5eda0,896194,546.0,770.0,1.410256,1,1,332
2025-05-11 02:39:37,78123590143538ec205ef96ee91a96aa5e7f989b8a2758b64ef57861da9babef,896194,53471.0,770.0,0.0144,1,2,205
2025-05-11 02:39:37,69805eeefa71ca7adf7b4c0e115dfefc3d2578648704b2020c73472d36b5d9a0,896194,1123359.0,705.0,0.000628,1,2,223
2025-05-11 02:39:37,905e090e8cd144d9612ca5760b3ec7faf64bbb980f337e219be79f5e5351f99e,896194,13581.0,770.0,0.056697,1,2,205
2025-05-11 02:39:37,33ef6500c98a01c4d97118f0d1be0da8982107a04207c0dd597ded3b9e7f719d,896194,3696.0,915.0,0.247565,1,2,356
2025-05-11 02:39:37,ef7bb48dd441e273a83f5a5aa6830880d2f625733529e3f124e41507956d409d,896194,546.0,710.0,1.300366,1,1,320
2025-05-11 02:39:37,ce5aa8b9e3c5df0a64384ef4a4700e483cf5a9b61e2826ac3666c99e7041df9a,896194,4946.0,770.0,0.155681,1,2,205
2025-05-11 02:39:37,bace9aba48cceb607c2a5edf20dbe3e438c5d38176d725d9ef8385db8efecb9a,896194,10667.0,555.0,0.05203,1,1,162
2025-05-11 02:39:37,97cde7811130de6157c9ecae371a809ab0f683dd07fe62be434838dab84f6199,896194,23594.0,770.0,0.032635,1,2,205
2025-05-11 02:39:37,9e40acad8b3af8eb173d3cdc947b8b3664b13437b47e63f567a40338965a7d98,896194,3696.0,915.0,0.247565,1,2,356
2025-05-11 02:39:37,b3a931a9e2b1a5326997934144ae2f64bd3e70de9f3343f21d571eb3d5f07197,896194,33387.0,1675.0,0.050169,3,4,485
2025-05-11 02:39:37,709e646158f82b650a2a3da5fb780b264bddefdca413dd035bbb1ed5903df596,896194,26215.0,770.0,0.029372,1,2,205
2025-05-11 02:39:37,03e2b618c7499db21b1c1f259d410d27d853789ab20b7ffbcc71127bc7529a93,896194,1760379.0,720.0,0.000409,1,2,225
2025-05-11 02:39:37,99030aa259bec341db40884d2c4d83db7e1dd106f9190e698f0df84aedc73593,896194,999450.0,550.0,0.00055,1,1,191
2025-05-11 02:39:37,3739a4bfe86c93ebc639896fed541e49cd48f8f29d7c54e785d13cc50151e391,896194,47609.0,890.0,0.018694,2,1,340
2025-05-11 02:39:37,d603de794b29cf1d78af51c0fd281b9ca70792b1527a817209f98b570d472290,896194,546.0,755.0,1.382784,1,1,322
2025-05-11 02:39:37,283a2a36f50cfc173a193b20574e72cc89a3a05190475275db83b8cdf72b4cd7,896194,31498.0,770.0,0.024446,1,2,205
2025-05-11 02:39:37,7029944587a5634a0f6fe0af1fc5316d66b41d4db592c63e2848a49a92f4538f,896194,33583.0,550.0,0.016377,1,1,192
2025-05-11 02:39:37,8987ad2caa41d9560bd9c8f12504ba0903e0f4573f4b2ec5ae83800a49d1368e,896194,284366.0,770.0,0.002708,1,2,205
2025-05-11 02:39:37,e97fcefe7b2f2bbdd3bf6114b61c4429dbabe87d81a95e1d32788c050b3a288e,896194,23222.0,1060.0,0.045646,2,2,312
2025-05-11 02:39:37,76cc49c5059ac16bb4966dd134591936c29c82841441a4967e32eff486c58e8d,896194,893230.0,770.0,0.000862,1,2,205
2025-05-11 02:39:37,f8620a5485452f42f0b85641cabcb92607a21c69ec56f0a31e7384bc90d8118c,896194,47271.0,830.0,0.017558,1,2,247
2025-05-11 02:39:37,25930a44bae336420d85a7c2f51a4e1971667632cca3f98eb70b78e255ce4a8b,896194,61951496.0,710.0,1.1e-05,1,2,224
2025-05-11 02:39:37,4c689c736ff16ef7e2a601f6fb14181d37a868b6445952715d767f4f60cd9287,896194,16244.0,1060.0,0.065255,2,2,312
2025-05-11 02:39:37,e22945f0f0e962b0832e07e0d3290c854744336caf403cc48ae2c232fadd4387,896194,13908913.0,1015.0,7.3e-05,1,4,284
2025-05-11 02:39:37,975c31c2cf89b4b33e6e31bc5301288e468ddeb26f8c198266548b78706e5a85,896194,1032637.0,705.0,0.000683,1,2,222
2025-05-11 02:39:37,d5a628c200795c49f3a58c8f429b1820f4291ba7b90a3c17ac67855a72d3f382,896194,9302315.0,705.0,7.6e-05,1,2,223
2025-05-11 02:39:37,e0eee3be043767c4348be19c3055419fafc12e89ea68f08532193f9370aebd81,896194,490126.0,1060.0,0.002163,2,2,312
2025-05-11 02:39:37,2b83c177d8f971290e7dfd64d81bbd98feea081b58781431f5476fc83b521381,896194,98785.0,705.0,0.007137,1,2,223
2025-05-11 02:39:37,6de7c8a84b4a4a5c3c17d507dba49e332cdf87323fc1f24eb6491d9f3e580081,896194,61195.0,565.0,0.009233,1,1,194
2025-05-11 02:39:37,593288bc81431780938238db1f541ed16abcd14f7769d90367cb36db68dfdd80,896194,71561.0,1295.0,0.018096,2,2,422
2025-05-11 02:39:37,e721366a76a128985a60b56a475d923f61f3339916da540a9b319b528f5aef7f,896194,214641.0,720.0,0.003354,1,2,226
2025-05-11 02:39:37,65f7cec505f5f802628abcef659eb65f8d7ea25e5593e1ef008342036ce0e17c,896194,9747.0,4025.0,0.412948,1,4,450
2025-05-11 02:39:37,d79dc9cc787f988ccfece8bdb6c64fb669ad4b4b2b0d0e6c579c528d9880857c,896194,56464.0,1115.0,0.019747,1,2,223
2025-05-11 02:39:37,5db269daecf8f0d826eaf76e6e220572204fea50f57a4a9c2ed6cee4f7b6077c,896194,66510.0,550.0,0.008269,1,1,192
2025-05-11 02:39:37,ca1c58d8e3c5e1613d61097bee6b6d6c874de755f5ed06f9d91719b57c49a07b,896194,23732497.0,1230.0,5.2e-05,3,1,489
2025-05-11 02:39:37,f523ecbb35fdf09d0a1c2ce28ab1fd543cdcd44086fa76d5354e7f039607db78,896194,60809.0,555.0,0.009127,1,1,193
2025-05-11 02:39:37,ee09843db9079c54cef6385153132ef1e089bd51c0514d1e6d33e51502704a78,896194,1367550.0,705.0,0.000516,1,2,222
2025-05-11 02:39:37,a93fde7346b06c949ad57b1e6c2c5ad91e23fc5791c38b44a35785b2b1401e75,896194,546.0,770.0,1.410256,1,1,333
2025-05-11 02:39:37,071d55857289d6ad3e2b1a38c51b0089c01602cc252c41c9c6e8c4fa71b6a6a2,896194,22714.0,770.0,0.0339,1,2,205
2025-05-11 02:39:37,2a4757f7dd2a52bce9d0bcd5cdb1b9965605ff4f5334d98e76d779bb37080774,896194,546.0,765.0,1.401099,1,1,330
2025-05-11 02:39:37,c59d36ee02a9b8d6df4fe302b5adc6e86ecf50b1eeb2df45df99162fe43350cf,896194,46924.0,770.0,0.01641,1,2,205
2025-05-11 02:39:37,7e5a59b231060a91c633c8271575f4eff8116bbf87cc93253b0d6e400ab6f872,896194,49811.0,770.0,0.015458,1,2,205
2025-05-11 02:39:37,8600464013c023aa06ee1e9a6dd4576805baf11dca445981c90255354b3c9370,896194,546.0,765.0,1.401099,1,1,327
2025-05-11 02:39:37,d3bff9496c049831811108891cdda7ba423acb5572ad0abf7c8cc7a91cf7d06d,896194,45207.0,770.0,0.017033,1,2,205
2025-05-11 02:39:37,83f7b999f5aa5ee24900fac20fd721e4997d2c32dbbf025a861b8b41f15ab36b,896194,138040.0,1040.0,0.007534,2,2,370
2025-05-11 02:39:37,3731262e402115e95c5ef95a5e6d798bbd1c85ef3a9fd1b3762e61012ecd936a,896194,150382.0,1060.0,0.007049,2,2,312
2025-05-11 02:39:37,5206179e93698927cc20cec29a3d48484db3f976c357aa96ce3ba65591264f6a,896194,145251.0,705.0,0.004854,1,2,222
2025-05-11 02:39:37,391b3d2b994a9084ee1c3c3396de8087863b42067abd7d7124656a1c56278368,896194,27804.0,1060.0,0.038124,2,2,312
2025-05-11 02:39:37,8bca4aa2181acbc5fbd24e07723a05c0030e829138d872b0657ae330e1d57b68,896194,373375.0,1045.0,0.002799,2,2,372
2025-05-11 02:39:37,3a218ff9bfa13d6aad86cc87a85688b6087a46bc27cd60fff3a49a3269e73768,896194,546.0,765.0,1.401099,1,1,330
2025-05-11 02:39:37,3a0bdee405c3ff0a7dec4c5f1a69c658a26ed9ab21b277b5dab12c831ebe9bf7,896194,9590.0,770.0,0.080292,1,2,205
2025-05-11 02:39:37,15664b36f9308528700458fa9ca3b33dce7b9c865f8f06333270ab38a5bff767,896194,546.0,765.0,1.401099,1,1,327
2025-05-11 02:39:37,29eb4ea616fa707f6b1126febbe34c445cf452d9d6abd3d75e88cc5e5d67bfb1,896194,3574.0,770.0,0.215445,1,2,205
2025-05-11 02:39:37,cb109a53f7e471b4a708a75c395ed99b384ac87cdd44ffe7d4dfdf428c61a267,896194,546.0,765.0,1.401099,1,1,327
2025-05-11 02:39:37,29a15d49b099eef5643ab5b8b41c03d7dfb0371ec332a70278acdfd5424c4467,896194,219260.0,705.0,0.003215,1,2,222
2025-05-11 02:39:37,8b2aa9bba393dc2f6b23cd99e788832aa40614ac0769efd49de6bf40427c1767,896194,176485.0,7115.0,0.040315,24,1,2612
2025-05-11 02:39:37,433b7be55be396f5eaafc4903728e3f80b3a6520df018873e2cc965cfde7d766,896194,532251.0,495.0,0.00093,1,1,150
2025-05-11 02:39:37,35fbbea65a9804ca6c9999532f8decc71e0404a49b08e4b6ed084128ef023665,896194,73076.0,1170.0,0.016011,2,2,365
2025-05-11 02:39:37,98b582fd469238ce8176e2ba6c368fda45c7a3160100b7d8931135baf6c4ad64,896194,1929536.0,705.0,0.000365,1,2,223
2025-05-11 02:39:37,998877ef56fbdd13dce0f5918f3a7067c1d3148ee411d71006c226ffd9c11b63,896194,546.0,765.0,1.401099,1,1,330
2025-05-11 02:39:37,bcd91bca0255200f49048c29af52405bb168897a2199d2a888dfe953be34df60,896194,546.0,760.0,1.391941,1,1,324
2025-05-11 02:39:37,611d0f82f2e9f9317784c09265032306ee6e673da56594dc6e28d89c87d5cf85,896194,515230.0,770.0,0.001494,1,2,205
2025-05-11 02:39:37,061aaef0ea94cee6f1f11f1e8403b9d5e247b2fd8229ca1415849448851fba5f,896194,73633.0,770.0,0.010457,1,2,205
2025-05-11 02:39:37,73399d9e9a8d4cbc9ac3c78bbf367e677c95f932c5464992a672eae1f1ddf15e,896194,292145.0,1855.0,0.00635,2,2,371
2025-05-11 02:39:37,209c0df6ca138e60997d032afce109e3bfc090708b04dc67717f21b29b65f35d,896194,43115.0,1060.0,0.024585,2,2,374
2025-05-11 02:39:37,9e5ac3420d5f719e7d3fd2cb017adb5917c20a57836385221b890c5173a1e75d,896194,4427412.0,840.0,0.00019,1,2,249
2025-05-11 02:39:37,139acae9bb3ece4f8942dce06fec3b6cae7c4ae8b83283c71b9b52beb528205d,896194,199973694.0,1045.0,5e-06,2,2,371
2025-05-11 02:39:37,a57cafa6199ede8576ef5dd0f5c8b6c867c690a042441d22d57773fc93bf565c,896194,45983.0,495.0,0.010765,1,1,150
2025-05-11 02:39:37,9d604124ea2a8da9200d92003a956f78d12b506bcbb01eade8ddfa8b1c92a45b,896194,292558.0,1115.0,0.003811,1,2,223
2025-05-11 02:39:37,6cc5a07b4323480c885b9dbd1c21373ed24bf79df6fc33d0117a89feb41a0e59,896194,982237.0,765.0,0.000779,1,2,235
2025-05-11 02:39:37,8207018457bd181b5f965f7917390ee4b7114482a102013fc0d34a9cdb35c357,896194,61188377.0,710.0,1.2e-05,1,2,224
2025-05-11 02:39:37,adced3e4d217262f3a25cf7de2b25aca3536120ec1f9c3a1790161e2a91a5b55,896194,546.0,765.0,1.401099,1,1,330
2025-05-11 02:26:37,7c45c94a021122c5d25be5367ac0878b6842aced911c53df9347107465ddbdd1,896193,395044.0,964.0,0.00244,1,2,223
2025-05-11 02:26:37,79263e52759b2acb00de15c479e087de7615cf5b54f2f28a32a4b49a5c0087cf,896193,1022805.0,2000.0,0.001955,2,2,675
2025-05-11 02:26:37,53c728542892cec23cd21403f32d6925ce14746886f5859288e2b6c8d23fb9ce,896193,218782.0,769.0,0.003515,1,1,195
2025-05-11 02:26:37,074cc35e5c2e769dad69d7f3d2f5837300da4e325f2fab6ba9dd2925168937ba,896193,51862.0,769.0,0.014828,1,1,194
2025-05-11 02:26:37,9097112720afa06b46071bd8b7445d774bd19d608b0212d5096e17eb446b1e1a,896193,266066.0,769.0,0.00289,1,1,194
2025-05-11 02:26:37,cbcf33ee493ade181501974416334e3f82b4772a70f552988b5ee67709319e0d,896193,25927.0,769.0,0.02966,1,1,194
2025-05-11 02:26:37,1382a59bc1c66e8e0ea0933ba12fd508eb99daa144f23f17fb99445b425de6c1,896193,28851.0,749.0,0.025961,1,1,192
2025-05-11 02:26:37,a302a81fd5405df5d0a00d64e9abc1df39c5b063a82bdae6c3185d0c42bcf5fc,896193,1268878.0,964.0,0.00076,1,2,222
2025-05-11 02:26:37,64a5ec4e62a61f4c2a5e40d1f0da0fac612760ac6e6676b75518447c9778f2f8,896193,1328808.0,964.0,0.000725,1,2,223
2025-05-11 02:26:37,806d9a286228e2ae42215960f4e1699633983ccf47056bc92e081a42aa9d43f7,896193,146455.0,964.0,0.006582,1,2,223
2025-05-11 02:26:37,4af50b85cd0563ea25db1bddaa8f692041447706c4cce9db145172ec24cf8ff5,896193,826111.0,964.0,0.001167,1,2,222
2025-05-11 02:26:37,282d6afeb28c9199a2d75843e2b844d22fbc5f258cba955f35dc580215d2def1,896193,1654319.0,964.0,0.000583,1,2,222
2025-05-11 02:26:37,892d890d8ec9085debc17a99877b5305782d5a0eee0f7ca878b8c2e5767155ea,896193,152723.0,964.0,0.006312,1,2,223
2025-05-11 02:26:37,90cfa3038151f321f1f87492de319fc5f213e546e8eb9b977b1b18e64171b3e4,896193,551491.0,964.0,0.001748,1,2,223
2025-05-11 02:26:37,147cd757514d397d2cd737ce7cb0744482bad286db3381a945154942e2c137e1,896193,67042.0,964.0,0.014379,1,2,222
2025-05-11 02:26:37,4cf101fb23580e2b6eac8b0dd25937a685aebfdaf61568352c44c7dae7a40cdb,896193,51285.0,964.0,0.018797,1,2,222
2025-05-11 02:26:37,36ef5d77a899d042684481012d9a902441ab0e7a28817c967eb97416bbf19ed9,896193,75195.0,964.0,0.01282,1,2,222
2025-05-11 02:26:37,4bf7d6b3c3f80624220e1e45d2066f511add3ade8ba15837ba08e9014b7c20b7,896193,2510545.0,964.0,0.000384,1,2,222
2025-05-11 02:26:37,597bcaea3cffa2a93ad90b27742b4fa3db928803ebcbb06a6ba2cc171dfbf3b4,896193,162036.0,964.0,0.005949,1,2,222
2025-05-11 02:26:37,c4863af442ad404143e637b0427028502f3394bd770b1ea7f27772300ef6c4b0,896193,1067071.0,964.0,0.000903,1,2,222
2025-05-11 02:26:37,ec085c51684434c4c2653678cceb4ebd29cd2dfcb484408692185479691afca8,896193,30956463.0,964.0,3.1e-05,1,2,223
2025-05-11 02:26:37,2304f759f30e41fe427d12d46036441f268142cd68b9d5d997443411d1193da7,896193,2895684.0,964.0,0.000333,1,2,222
2025-05-11 02:26:37,9829f3dd827332d3dfb0a8e63bf2c006a864da091c5c8bcfe1c6edd9de8d33a1,896193,2449367.0,964.0,0.000394,1,2,222
2025-05-11 02:26:37,d85fa8c9e771f2bc6aa2d664073274631eadbaa3b5b542faad570c3728a2ff9b,896193,241317.0,964.0,0.003995,1,2,223
2025-05-11 02:26:37,90d5d168a3257154741fada0653cc74529813223ba7fbd62db7e4127ebd3169b,896193,1694009.0,964.0,0.000569,1,2,223
2025-05-11 02:26:37,10de4bd6d37cab30a6aab471ee53c0f777501835713d810b9b45ef09f6339499,896193,112290.0,964.0,0.008585,1,2,222
2025-05-11 02:26:37,e54d57c7936606978751040a49b922efbaecd05dadfda37ffc948cce663b3897,896193,544333.0,964.0,0.001771,1,2,223
2025-05-11 02:26:37,8da567b319d95b20d124626c2883d05cf12a096f687008d9431d3227cc6f7092,896193,1341878.0,964.0,0.000718,1,2,222
2025-05-11 02:26:37,ec70916aa5f9287ce56fc3f99f175f75367adadaed2d26401cc99e56026eca8f,896193,2786729.0,964.0,0.000346,1,2,223
2025-05-11 02:26:37,d80ae0050e14babb10f7f3c7d9787ae67a006500b979f9f3714a40a282d89e99,896193,3124028.0,964.0,0.000309,1,2,223
2025-05-11 02:26:37,6cf002ef0449522a69bdf316901bea7a262d4f6e3e3ffa0699d038341e5ca489,896193,99635.0,964.0,0.009675,1,2,223
2025-05-11 02:26:37,04af3fba5c404c9becafe73b6003f8649f4a5b865c64b8674181814b777edf88,896193,81469.0,964.0,0.011833,1,2,223
2025-05-11 02:26:37,b3ec97ec66f67e170a42e364dbe039f54bd21f8623947326a5f5d7c880e8f27e,896193,2518593.0,964.0,0.000383,1,2,223
2025-05-11 02:26:37,b0eca2c9d15214df70baa0381209dccd0b952b1306fb492906b125af72dc926e,896193,33602.0,964.0,0.028689,1,2,223
2025-05-11 02:26:37,51f0545fd721258486206aaf1348ef8fc3af8d7cae75b6adfc75b2fe8143476d,896193,206307.0,964.0,0.004673,1,2,223
2025-05-11 02:26:37,ea7246a4340326a517364db8267568a139fe70ce0ab500f562d4f3083a0d4e5e,896193,42400.0,964.0,0.022736,1,2,223
2025-05-11 02:26:37,7ad04c24514ed52ac2cb97448aa647dd556cb5638a41f040d365b5789065c457,896193,183431.0,964.0,0.005255,1,2,222
2025-05-11 02:26:37,39bf7bbc7f45e57e21e4a1407e8a476f77e2de033f24614a7603fb262aacc753,896193,1109267.0,964.0,0.000869,1,2,223
2025-05-11 02:26:37,e132dd9c9d5b555ce3c15de91cf54389d88a33a23c76418114e6d735eb81b84c,896193,161526.0,964.0,0.005968,1,2,222
2025-05-11 02:26:37,be67b35304b008fd35eeecde24b3bfa90c5a18348423403ab2d296957f845649,896193,1389913.0,964.0,0.000694,1,2,223
2025-05-11 02:26:37,27dfa8346b1e46d1db1bd1b346b4e4d03b91d59b06b6828c08da31ac7b3bcd45,896193,3663054.0,964.0,0.000263,1,2,223
2025-05-11 02:26:37,1857071802eb52e8e6e9a3640b3543c91083dec572640d8499eb930d5601303e,896193,698377.0,964.0,0.00138,1,2,222
2025-05-11 02:26:37,0fe1c8d2226d682ed80c361a14553345807136fec184d0d88079ab286d80c738,896193,3224198.0,964.0,0.000299,1,2,223
2025-05-11 02:26:37,fb9724ff7fda169444f851e8e3198fd0faf4ae07a06358c8922b3f985113ca37,896193,162657.0,964.0,0.005927,1,2,223
2025-05-11 02:26:37,f18e98411d4bd8ab3de98ad8379134a4b00f50d5fd5c772e655afc3c34821b35,896193,349036.0,964.0,0.002762,1,2,222
2025-05-11 02:26:37,6c22cd88307e89e782d959d5b2f1d8a155a152fddbc6e9954b25b4a7d8b2ab33,896193,182286.0,964.0,0.005288,1,2,222
2025-05-11 02:26:37,7e4b931b9bbba602cf06160592e8d28d23018f6d7136cefe939cab0114b98431,896193,74355.0,964.0,0.012965,1,2,223
2025-05-11 02:26:37,64c0cc35c89c2d3c1d6fb21229e02c8b3c29c3384c874eb7bd3c472ec9320a2a,896193,475364.0,964.0,0.002028,1,2,223
2025-05-11 02:26:37,dc50472d4749576bf9248f4d7206149455f2ad873c78c34ecb11f995db897e21,896193,69701.0,964.0,0.013831,1,2,222
2025-05-11 02:26:37,ebcc816108a8cc1a766faaaec1a0fe6455b70fd740364543f22ac542ca5cd01f,896193,959408.0,964.0,0.001005,1,2,222
2025-05-11 02:26:37,fa7eb9173fff3a70d9836d89f8a84fd6a1fa4c76396433ca74b33019a325d91c,896193,28593.0,964.0,0.033715,1,2,223
2025-05-11 02:26:37,5296afd76b7d282e90cad15a5298cb8f0b954511fe00df58f26b9f607f531e19,896193,54601.0,964.0,0.017655,1,2,223
2025-05-11 02:26:37,8b4dd09b4cad5a8a6a98ad7967b6ffe99ebdf50516bc9c1670bf6d1ef25c6f18,896193,68860.0,964.0,0.013999,1,2,223
2025-05-11 02:26:37,020472dbd30b11f98664358566eba982df2378085a9315dfde19b4d101ccb215,896193,144680.0,964.0,0.006663,1,2,223
2025-05-11 02:26:37,286daa54d34236c7132cc04ee5e0c84b7c9cd6f04015cb598241d7bb693d8d12,896193,92099.0,964.0,0.010467,1,2,223
2025-05-11 02:26:37,4afc191c8fb7fb0c4274f45ff95a7ad0c3cd12bbaf996ea497052c010848480b,896193,1723405.0,964.0,0.000559,1,2,223
2025-05-11 02:26:37,7385a52309a7d49fa029d3ab786a304ab4a75c8b48e6a82d091d82863123a405,896193,956824.0,964.0,0.001007,1,2,223
2025-05-11 02:26:37,541e31b141b67f5fd909ce02ef4159ce44fcb503361f55d841a4740cfbdd4902,896193,635198.0,964.0,0.001518,1,2,223
2025-05-11 02:26:37,c4229fdb81e2bd36c9f3e9300f1af059f229678b4629b97ecefd3c5734dbd600,896193,6196.0,964.0,0.155584,1,2,222
2025-05-11 02:26:37,0ea8c91dcf05ac5fa940a1e202beeec24beb404e321dc8e03731b5a6cf191100,896193,698012.0,964.0,0.001381,1,2,223
2025-05-11 02:26:37,b8a23c66f7bf6a66aab494afc94adc2e895d1c32700e0c42f8409a01c5cdecb3,896193,5023210741.0,13000.0,3e-06,10,7,3235
2025-05-11 02:26:37,4d3d4502eedeaf0b654f16c43a02249fde4cebeeedeca3885516cb192f3e1629,896193,9453022123.0,5140.0,1e-06,1,21,828
2025-05-11 02:26:37,e003313cb253968f50f7bd8fb007f2c399782505cbc03c3480508c9e9f242e8e,896193,264052.0,2423.0,0.009176,2,1,819
2025-05-11 02:26:37,e8bf5d75c63e77fa67f87cf0ec14dfffb99dd395b1b24e72034bc235f7b163a8,896193,329994.0,973.0,0.002949,1,2,222
2025-05-11 02:26:37,2454672d9daf1ef64902872ae7f689b91f763dce70766434f6735e8e26c97817,896193,99177.0,994.0,0.010022,1,2,225
2025-05-11 02:26:37,8429c3f6b9aa3bf17bb190cb6bbb7c5e1ebd9cf8b575d0df456bf2ddd1cd2632,896193,1458.0,2354.0,1.61454,5,1,590
2025-05-11 02:26:37,427cf47dfa1300d6ff88dc1b51cb58276491b1484d1582f136b4794ffa7c5989,896193,343290.0,769.0,0.00224,1,1,191
2025-05-11 02:26:37,74dcb0ccf7ecce831f4ecd41866406225071b462d4ea04af4e829d7bfe469e10,896193,774337.0,964.0,0.001245,1,2,223
2025-05-11 02:26:37,4b39a9abb4c2ff58cee238d0364c4691180cc49f9ad61f326ce461a884ec927c,896193,49346.0,769.0,0.015584,1,1,191
2025-05-11 02:26:37,0c9dd618a3699367226b2fd02940003c46bb48d22509cf709d5bc0f76e95eb66,896193,127036.0,964.0,0.007588,1,2,223
2025-05-11 02:26:37,b39bcd3822838c3b9e5722e6c3706259c91809246fc0dd77380b41cdbcebed80,896193,4758558.0,5358.0,0.001126,9,2,1498
2025-05-11 02:26:37,1f9956698371d3203179c4c01672c53f3a3f1654ad67be426a086a85f9d258e1,896193,465313.0,10218.0,0.021959,21,6,2518
2025-05-11 02:26:37,8bd53fcfb6d60ab59cf5fdf0d27a5361e1b21e3dfcf3b3a2bd106e821188d52f,896193,19958747.0,1253.0,6.3e-05,2,1,344
2025-05-11 02:26:37,fecc9702c712531294b8992920a917ddbced412dc7e2b235bb806e118b77e1f0,896193,91348.0,1836.0,0.020099,1,1,151
2025-05-11 02:26:37,9bf89901ec677255f1eee944b94936c0d41a2c61994641d5a25fb5faf9240057,896193,93184.0,224.0,0.002404,1,1,406
2025-05-11 02:26:37,b5500d697c0195bd507deb6196d5570064f2fce3929508466312e924132a5842,896193,1035713.0,884.0,0.000854,1,2,234
2025-05-11 02:26:37,39fac71f1ca3148240a4c56373c52b2b8aba116ae20b4f13d28d7063713cedf5,896193,86869.0,769.0,0.008852,1,1,192
2025-05-11 02:26:37,ea2390305aaea096a07fcf86ed6cb2b850049f2356274562d64c65be1bc6bff3,896193,96241.0,769.0,0.00799,1,1,193
2025-05-11 02:26:37,100e13146c4916c73aed100e1661d76d0f207d0b383114ec6d3817e08c4e839b,896193,107707.0,769.0,0.00714,1,1,192
2025-05-11 02:26:37,b84e21f2368d48b9689ffd60451ae328d61a25de231a2b7961b4ae0e1f2dbe50,896193,13125.0,769.0,0.05859,1,1,193
2025-05-11 02:26:37,c7364549f821a3ad2548414270a6d1229b6a0503b2d234556b082b7cae0eaa17,896193,233630.0,769.0,0.003292,1,1,193
2025-05-11 02:26:37,f8ecb322e55653aa4cba42e2a718612319d090b1ef5acd4aa16bc23c3a91cd0d,896193,1634562.0,769.0,0.00047,1,1,193
2025-05-11 02:26:37,d5eb0ddcf5529ef679221f6b8b2def671a4145fce20059863530665096a55cf7,896193,53496.0,770.0,0.014394,1,1,162
2025-05-11 02:26:37,3f04bd13cc93f0aedd944e3bfd095a878056f9715273af45bfc193cb0c8137f3,896193,53992.0,770.0,0.014261,1,1,162
2025-05-11 02:26:37,1a5c684e244807ec399cb579638848a6b9e3e70020873473a5ae334dd4657d89,896193,53992.0,770.0,0.014261,1,1,162
2025-05-11 02:26:37,7dce296d7620dedd8a67ea3cee52155b3b514a585a4a3b82c3be5d56d50e8d77,896193,54181.0,770.0,0.014212,1,1,162
2025-05-11 02:26:37,c98805fd0f422097b68cfe2044be6bb27e6d7fe0be25efa64e98230c261dc672,896193,55180.0,770.0,0.013954,1,1,162
2025-05-11 02:26:37,fdf0014f80a7755c68427a5de1fd526e9993a20420dbebca0e720ed4c25ded49,896193,55266.0,770.0,0.013933,1,1,162
2025-05-11 02:26:37,ec5e119d795c4010f5669c48e8b2d12cc3832917b89ef6108b52aaca9ae7103c,896193,55180.0,770.0,0.013954,1,1,162
2025-05-11 02:26:37,a4fdfb148c8673e3d1187be96d50e94cdd808b6fe050b9474c182ef3cfb854e0,896193,573331.0,1148.0,0.002002,1,2,246
2025-05-11 02:26:37,82e9756be7c9c5ecfa00c8b911bb5fd3e2f09edee74562c54577d735819b45a0,896193,10444.0,1024.0,0.098047,1,2,228
2025-05-11 02:26:37,18ee737c49e6e940b93e858a5040a75b60bc8c3f44cd0889f3422380dcd8d2d0,896193,774880.0,2422.0,0.003126,3,2,590
2025-05-11 02:26:37,9149f8fb27fb1411b13ee1bf4344964be8609d8db61184f651caa77fb7c67b77,896193,2777274.0,1942.0,0.000699,3,2,521
2025-05-11 02:26:37,58b34e0b3b1cfba70511378923b4bfffe75d89afe273ddfd625d94dbf4b13c32,896193,15710.0,4291.0,0.273138,6,6,912
2025-05-11 02:26:37,14b46cbd343a84a0d593ba9efcb67caaa5c07544a5ceb222aaa78bd4d2d62fe6,896193,43231.0,769.0,0.017788,1,1,192
2025-05-11 02:26:37,ce393b94ac1d7381e04c0f16606d38fb63b6c8394f96408cc55c1d939a2f7be3,896193,1717157.0,769.0,0.000448,1,1,192
2025-05-11 02:26:37,3a4b0c463baadf971b00a66cb426256f1d7cba5d86ff3e8774537afffb4269db,896193,9410.0,769.0,0.081722,1,1,192
2025-05-11 02:26:37,a4d314895fcf8f31c39390da75a3a1906f73b6155e04a2b14f64c737575953db,896193,886836.0,769.0,0.000867,1,1,192
2025-05-11 02:26:37,a772659042b1078e72767d77a069776efb91d5663228df28be05f668e8f246d2,896193,42634.0,769.0,0.018037,1,1,192
2025-05-11 02:26:37,93da7c7bf2b2141d32d6109fc29a340e008fb6d526052391fd7f01997c39bccd,896193,65658.0,769.0,0.011712,1,1,191
2025-05-11 22:58:45,61ef5f54c1e151a451c8394118bcaef19701112306207b2573c3227255f093b4,896321,7958.0,241.0,0.030284,2,2,302
2025-05-11 22:58:45,5a9024dc8159417795354ebd65232d68b7988b8d1ac2462eac3434d63e1dfa52,896321,9132.0,373.0,0.040845,2,3,474
2025-05-11 22:58:45,86918f258cf148778298dd8c3847d0dcbe3083d0129506b84e803f0f0d9bdd4d,896321,1126.0,240.0,0.213144,2,2,300
2025-05-11 22:58:45,eba1c4e8d95b45209ff4b26f1aa359d9a2f72b80fc54f1adf9cd6462cf267aee,896321,33434.0,240.0,0.007178,2,2,301
2025-05-11 22:58:45,7f148d0e6f07742c423ce4ac82cf0193c479e493a431be4a941c5dc52add8114,896321,39534.0,398.0,0.010067,3,3,575
2025-05-11 22:58:45,2c30d00ad15c61c93091374807af4b097a0a03bbb675e154376e7e609b92e3e1,896321,11796.0,240.0,0.020346,2,2,300
2025-05-11 22:58:45,b06888c3ac418e69dcf511c4da86c933005c33cf4c2c546cab654d60e2bc4813,896321,448842.0,241.0,0.000537,2,2,302
2025-05-11 22:58:45,4c1619d942ac7eb85a25b131de2d7b61ceb744b54501cf56b742ef22fd11af94,896321,10580.0,240.0,0.022684,2,2,300
2025-05-11 22:58:45,7df6e5e9c2705dec9d6a39459ae0a97bae9b74787dc2c4ac435fd5b4f5f0237c,896321,36816.0,241.0,0.006546,2,2,302
2025-05-11 22:58:45,ec694b0b1ccedf241fd153a7edf2ea165beeab9a2df0c20350b9fc7cc7a3d274,896321,1126.0,240.0,0.213144,2,2,300
2025-05-11 22:58:45,5d52f1e3b8c0fda704c1520d76acfe1173bf95326cc3417201ef6db0f4519fce,896321,23679.0,240.0,0.010136,2,2,301
2025-05-11 22:58:45,6664b76b18466f2a04364fc9261e154abf926f3ef08514338589ee6f96393f39,896321,47607.0,235.0,0.004936,1,3,277
2025-05-11 22:58:45,860781a4eb3d2c02a965d153d1a880984db6b2dcb6639442069f854d79f9997c,896321,19971.0,240.0,0.012017,2,2,300
2025-05-11 22:58:45,3acdb35fad1a276a5cecd297a9d81a46d9d4b0dd95390ae474f904ec866e60b5,896321,774207.0,240.0,0.00031,2,2,301
2025-05-11 22:58:45,53d4ea41326ac36dbf47b380ca59f6dfe73326863147414f2e1e577ffa0f3396,896321,820401.0,373.0,0.000455,2,3,473
2025-05-11 22:58:45,7c3a174b72ca717d1dc8b206b92300019296f493010893f3c437c3cad34027f5,896321,2694103.0,132.0,4.9e-05,1,1,191
2025-05-11 22:58:45,f01301bbccc9b7bada4b3866eb5365d925476e69e5ee9686efa5401bf93191dc,896321,1126.0,240.0,0.213144,2,2,300
2025-05-11 22:58:45,889df9f6975adf1e16eb1542c75787697c2213c64a76ab3da0922779061fc1c6,896321,325208223.0,414.0,1e-06,1,8,426
2025-05-11 22:58:45,37322028c559bb9f813a73c79f63486246d78404b6f73c3526342f6d8d338fc0,896321,2517763152.0,528.0,0.0,1,10,521
2025-05-11 22:58:45,04356f1b8be29be52711abe862579539c4910fe35644f388f31ea04ff73403c0,896321,48419.0,132.0,0.002726,1,1,191
2025-05-11 22:58:45,a3843c34d5aa4df4bd83c814a95bd387dfc133b731f3046b34b7b24236e1f6b6,896321,2675.0,240.0,0.08972,2,2,300
2025-05-11 22:58:45,8a53375c7082f0baeea624c17bbeebd6c2042b0245299d566e215756058d91b4,896321,477814.0,264.0,0.000553,1,3,301
2025-05-11 22:58:45,5a0a50dff3eeefa047f7020df7edf4c0d7c177c2c0ce2cb569f5a44b5816a0b2,896321,1446645.0,336.0,0.000232,3,2,524
2025-05-11 22:58:45,1e8d58c95ce1436b2a6ad70b13e7f93424301e12a4d258167d996c6fa5f79cb1,896321,8046.0,240.0,0.029828,2,2,300
2025-05-11 22:58:45,92dd1c3448e20cfb78c906b03acfe4b5b172b208cd909df5fa24621c3b6bc7ae,896321,64876.0,252.0,0.003884,2,2,372
2025-05-11 22:58:45,98e89a15d905d83f7fea8f4685282f46f1608957725069b82117314006ae2caa,896321,5571.0,240.0,0.04308,2,2,300
2025-05-11 22:58:45,d1cce7008fd34d0e9fb1c931305786d85cd8b2557644b5f913ea0b0b0ef9eb92,896321,30000.0,240.0,0.008,2,2,300
2025-05-11 22:58:45,df1c4966db32133bf826e485e1bdf10cdadb020b5c03347e812c7e31eb96e48f,896321,140903815.0,636.0,5e-06,1,14,611
2025-05-11 22:58:45,e1a7930fdb1dcb3f565669818ed1dc7c21148d39ca456c0f3b3d6057532a9b82,896321,24762.0,132.0,0.005331,1,1,191
2025-05-11 22:58:45,d31a2a14246a1f804b2d4f5cf3ffaf23aec0c930e46a819fe2774eea4bf72d7e,896321,1063159479.0,270.0,0.0,1,2,225
2025-05-11 22:58:45,03dc219509da0e364056bbd81569d2df309c7d6c01ad2c9879b7563d8479d57c,896321,24868.0,132.0,0.005308,1,1,191
2025-05-11 22:58:45,0d425c11b632d73df003a515d5f65a4c4650299bd6f87f25077081b2e151857b,896321,213996.0,240.0,0.001122,2,2,301
2025-05-11 22:58:45,7be183d1ea7e168227754b9a9136cf22846301a825c370b753de34bc032dd171,896321,201087.0,240.0,0.001194,2,2,301
2025-05-11 22:58:45,7c6c1486b6726e831d28eaf1ac7887c7a6270c0c261cabcd6bfc0d4ed5b7c568,896321,130855.0,252.0,0.001926,2,2,372
2025-05-11 22:58:45,59bc5f0281a4a72eaccf2b00d3257f42c93cda87632a076562cd0cc542248b5b,896321,14868.0,132.0,0.008878,1,1,191
2025-05-11 22:58:45,fa69b0858947aac16e900aba3c76fedbb453647821014bfdbd7b8ebaad6cfe4a,896321,349009.0,132.0,0.000378,1,1,191
2025-05-11 22:58:45,b65eec8177b1d45a6ebfbccb8c82664d4a37393448484904e1069e56a5f50047,896321,14452.0,132.0,0.009134,1,1,191
2025-05-11 22:58:45,4a9168bcb2872c082454891a6f895c6be23eeabab3c3c64c07b2be739ac7223e,896321,264170.0,132.0,0.0005,1,1,191
2025-05-11 22:58:45,29538656bd00436f9ab36e0f28189c7075916e615ccbeceab8a4c808273caa3d,896321,816000.0,240.0,0.000294,2,2,301
2025-05-11 22:58:45,201ddde9eff697c8f0dd26e6d1e06e843f15cb61b98b7057f71692239988586c,896321,2049672.0,264.0,0.000129,1,3,301
2025-05-11 22:58:45,af65d952bca287930c9467b66813dc48c952823efd521e3a086423660fada83b,896321,43398.0,132.0,0.003042,1,1,191
2025-05-11 22:58:45,b17cda9cc4451f53e47f5409eaf93fb807968ba3c56a7553376fa2afd41b2133,896321,1427798982.0,564.0,0.0,1,12,551
2025-05-11 22:58:45,745fd7e7ea7bbb6d453cfd091312c13855a5ee986d21d5da38d5b943babeb332,896321,218901.0,264.0,0.001206,1,3,302
2025-05-11 22:58:45,1f3fe05e362d3f47b926072a6269057edd8392d82bd407f6e827c73485f6542e,896321,1126.0,240.0,0.213144,2,2,300
2025-05-11 22:58:45,d9d7bc45a952b310290bc734e8a58b74c6de488f60bae6fb0623dbdf2da0f951,896321,33434.0,240.0,0.007178,2,2,301
2025-05-11 22:58:45,8c9ccaa7368fbcf8b472e090f6a4c2b513d6e6f72d69833f9c44a0c2c2b45865,896321,35376.0,264.0,0.007463,1,3,302
2025-05-11 22:58:45,a4aae1f069334f546b77e4bb2e797ad6a7ee69102e35b5199ed1ef1f3058b224,896321,224826.0,264.0,0.001174,1,3,301
2025-05-11 22:58:45,37fad9dd78cde03150d347f079ad913faf44fedd9d572c6f2b03ba7cd516a113,896321,33434.0,240.0,0.007178,2,2,301
2025-05-11 22:58:45,cad0e4976ea1df7945a4272a92d4f626f79c4dc0b5f180670b2da4b4ee3222fd,896321,64957.0,264.0,0.004064,1,3,302
2025-05-11 22:58:45,4711ae50ab05e7efc110f09ad5ac65f674a7624951ea5ac0e13962ade9107611,896321,43957.0,132.0,0.003003,1,1,192
2025-05-11 22:58:45,b9f9c1800de5d58467d7843ffaa7e063cd5561778da0129953e13dddbf11e008,896321,27471.0,132.0,0.004805,1,1,192
2025-05-11 22:58:45,4b111bc212288151f9633802fe09670322e810b4f0e64a554a242df5283e2408,896321,37939.0,132.0,0.003479,1,1,191
2025-05-11 22:58:45,0126ec940092029aff0aab5967df59f15eab154b60b72cf6afb3891d123d9c01,896321,47727.0,132.0,0.002766,1,1,191
2025-05-11 22:58:45,5e3f4d1070947f2f30582af21f9877814108d62978e313d67ed08637f1595c53,896321,330.0,1295.0,3.924242,1,1,4031
2025-05-11 22:58:45,3f7b7833f3e6284fc7cc33cc96508bf3e7fd0f017fd1d356a6a866c338343007,896321,32010.0,966.0,0.030178,8,8,1200
2025-05-11 22:58:45,06cdcebf789d2ed38bfd39b1fa7c9b8f113fe90b9ca7c5815ab48e425a75e1f9,896321,169810.0,254.0,0.001496,2,2,313
2025-05-11 22:58:45,45a75e2d06bd2dbe09f0315e94111bf994fffaac4609fd8d5d98d6e27104d6ed,896321,168815.0,241.0,0.001428,2,2,302
2025-05-11 22:58:45,257a761103e61e603573bd21fd663ab2148131bbdb07b42d3d068146a40744d3,896321,169810.0,254.0,0.001496,2,2,313
2025-05-11 22:58:45,6d6d91a6c0e02b84798a9e5aae819241230229b1218feab60235607b355d57c7,896321,169810.0,240.0,0.001413,2,2,301
2025-05-11 22:58:45,63a22bcf65ae0ca9b71cf20283e7cfe9e7f6dadfc4cbab8e0bbb4e4ebb029993,896321,168815.0,240.0,0.001422,2,2,301
2025-05-11 22:58:45,dd21c29a1b42808cf4cef69456523a92b2ed91a094a83c62ea24a6d00a078f72,896321,169810.0,254.0,0.001496,2,2,313
2025-05-11 22:58:45,d885bc86c18899b9282b8cb46a595089334abd98efe7f62a5c7a121486812f4a,896321,169810.0,254.0,0.001496,2,2,313
2025-05-11 22:58:45,e08834c2e7e4ade6aa90d626a3b05b24a206d4aa2edc831498c85e8c3915d9b9,896321,330.0,784.0,2.375758,1,1,2328
2025-05-11 22:58:45,3d0539eeaac0ab2d5446baf21c73bb50acb436e736bb2b1dcc9ee99e2f3f351d,896321,2612922627.0,598.0,0.0,1,13,579
2025-05-11 22:58:45,df3d5565a1838f2928a5e73394cbc00d0e253361ce41db2f07b49a2796ed15f2,896321,399898.0,251.0,0.000628,2,2,372
2025-05-11 22:58:45,5648298abb4b430b4c3e51234d198f20d4cdbf8de82bec1c3cf1d33204326cd5,896321,91088.0,251.0,0.002756,2,2,372
2025-05-11 22:58:45,e20f85ae5206b4bde3731c0740cb95b45f1d3ccd98cb240ff7bad3dfd5198141,896321,26852979.0,251.0,9e-06,2,2,371
2025-05-11 22:58:45,1e47b0b159693d1d8e605cc43c3e6be35c2ae9175a9c7684fb8d3d68de36030b,896321,227432.0,251.0,0.001104,2,2,371
2025-05-11 22:58:45,f6c18e2b8a0d8672cb28248cade38cee70f868f2837e65d503808cd4d444b2a4,896321,19533417.0,245.0,1.3e-05,1,4,285
2025-05-11 22:58:45,575b0bc76c5a4b5cb8e189a39a04f10dfab5f69edff36557b873986adca179c0,896321,5205.0,723.0,0.138905,6,6,900
2025-05-11 22:58:45,381d188c3dc3bdd0e203f02d599a86afa6cac664acfdefa61da82e5af66f75e5,896321,20793.0,253.0,0.012168,2,2,342
2025-05-11 22:58:45,9da5e18c7bd0aeea495f132f47eb8aeec3edb12220309d1243510342c8e92be5,896321,20793.0,253.0,0.012168,2,2,342
2025-05-11 22:58:45,656357c95b5db423af149a4ccb7530fdf28fe3f6fe266ac442d6d0f14fef07cf,896321,20793.0,253.0,0.012168,2,2,341
2025-05-11 22:58:45,f7af9746ebf3c2c402da1e520c05b06b80d98aa4dfc68c4b475f7a5a0a78f49a,896321,20793.0,253.0,0.012168,2,2,341
2025-05-11 22:58:45,d0ce00a16448d1c28f093779a6b798a3b0162667f9157aabe5a210ed03108774,896321,20793.0,253.0,0.012168,2,2,342
2025-05-11 22:58:45,422812041a1284d6d45ca4e57db27724abd81f43d7ff796fb31bd88792831419,896321,123905.0,512.0,0.004132,2,7,527
2025-05-11 22:58:45,87ad67ab978ffa1369a819810965640de90f759536f55657bd89f0e8a4872f63,896321,4350887615.0,221.0,0.0,1,3,266
2025-05-11 22:58:45,597dd8d78ece0099cc28a2a5077cca6e47e81b792476497c17df01ef358c90d3,896321,30995.0,591.0,0.019068,4,3,814
2025-05-11 22:58:45,e0491319cca2882891afa4840a8489b30e05c26854901dfd08d45758c3030ee3,896321,78442353.0,173.0,2e-06,1,2,226
2025-05-11 22:58:45,fd0443b70f2d5e21e50bcbb65d3292072ea070d6e7a851f8bd859ad982065cc2,896321,6182806.0,173.0,2.8e-05,1,2,225
2025-05-11 22:58:45,73f5b3a48495268b951927fb148e467f5ffeb97c89d24498e43b91ea69fe46c2,896321,83635944.0,173.0,2e-06,1,2,225
2025-05-11 22:58:45,a360e2688c731e67d649db9397211d24529cabcefdcd474b5fcb0d47a54781ba,896321,7991725.0,173.0,2.2e-05,1,2,225
2025-05-11 22:58:45,a1ea3844a9f1a60685de7b1ae79d8b5a14e45f24aa6981a0dbf720a9e64b1151,896321,88143844.0,173.0,2e-06,1,2,226
2025-05-11 22:58:45,148c371c6a5af1a2f7d87ca7c1f7129b02df116907c1fed45bdc97d447a5f745,896321,239413.0,173.0,0.000723,1,2,226
2025-05-11 22:58:45,dfaac9719c33a7f3ea94377c6347c49ebf3fc55415b561b03b2c07be73512409,896321,312817992.0,173.0,1e-06,1,2,225
2025-05-11 22:58:45,bdb88c4eca47cf0ab56c6fe647f9299531aa628776afc9d1a93f5cdcea066e11,896321,1229016.0,792.0,0.000644,3,9,902
2025-05-11 22:58:45,0d02e04716db2ae9578432485c4e4e620d0494fa82a290dd14bedd2ac7f798e3,896321,74496426.0,262.0,4e-06,1,4,300
2025-05-11 22:58:45,332035af0ad3135a6c8ed17dfc21cf436f497fe15223a88d98a09451ab9b149d,896321,10700462.0,244.0,2.3e-05,1,4,284
2025-05-11 22:58:45,7e80276e609786e66fe3b42e5bc64a5589157b2aad84fd3198fe17bc0d89e492,896321,24973.0,214.0,0.008569,2,1,340
2025-05-11 22:58:45,346c34ea71fb0739be7b617ff21a82aae3f30740bd96187625d63eec5b9379a7,896321,1151252974.0,208.0,0.0,1,3,254
2025-05-11 22:58:45,a8d23595a4dea166ce0e8deb09ec8a8ae2b7ddf8e1eee5b3c2aaee03e9e07820,896321,19546310.0,184.0,9e-06,1,2,235
2025-05-11 22:58:45,80084584b3a4b6123a508c96e57e37b033d226abb859f155972d6e71ac67e009,896321,18367183.0,184.0,1e-05,1,2,234
2025-05-11 22:58:45,6a93316e17121aab996f59776c222f992bc89e5ea17ef018e8ae8a7b5b3982f6,896321,31331014.0,172.0,5e-06,1,2,224
2025-05-11 22:58:45,9d81c7885c8bb3599d189741f1b97268bbc6b52cbe9a9a25437316a59a3a6a92,896321,473039.0,332.0,0.000702,3,2,518
2025-05-11 22:58:45,1013d9e932939679b0be55dcca36403930a0b14c307f05831817d6477d610bda,896321,299592.0,253.0,0.000844,2,2,342
2025-05-11 22:58:45,93d9c01ef087edf8c380c0ef76ae41c092f3614ae854beed2c2610b2cb1b4d69,896321,313917.0,375.0,0.001195,3,3,462
2025-05-11 22:58:45,ec8f6758c758e60ce55930e7f98ee6843cf8f406cb36e7a69e15df6e173d9386,896321,454926.0,296.0,0.000651,3,1,489
2025-05-11 22:58:45,c4a6d923d326f96988d63204cf0ec494af962cd82599cd8746727e81300ff3e1,896321,146524.0,213.0,0.001454,1,2,259
2025-05-11 22:58:45,592642003dcb715a67c0024133ea8b229cc334a78b3112a13198ab1b4c13c254,896321,145673.0,213.0,0.001462,1,2,259
2025-05-11 22:58:45,c52ae572babd30c5f618a35255f730db8cdc88fb65ba3cb1b4d1107b57191a69,896321,174803.0,136.0,0.000778,1,1,195
2025-05-17 07:09:11,da698a24c65fe421ec9df792c5f798be49eed04103916d1c7ec9627def949522,897071,95261.0,134.0,0.001407,1,1,203
2025-05-17 07:09:11,8228899946f88b071dac1e52feea4c916361f9c8e6ab7582f92b5536aadc720c,897071,8811.0,134.0,0.015208,1,1,203
2025-05-17 07:09:11,9b7514f5a4d181e83ccfa689b5bc29a733718dc7af362d5e9d73eca761cfee06,897071,144307.0,134.0,0.000929,1,1,203
2025-05-17 07:09:11,01b397e069d103035c67e55adb93ec21fc8d9045e78d73346866cd073b5fcefa,897071,12709.0,122.0,0.009599,1,1,192
2025-05-17 07:09:11,a89070cb70baf8792f5f0369548f154ba2637dd5901aee4a428d4b696df3ddf9,897071,1956028.0,122.0,6.2e-05,1,1,192
2025-05-17 07:09:11,0cdd71da41d4540c4d2c42a61b51c98d9f690773c92f54a77a76c408e2d815f7,897071,1713413.0,122.0,7.1e-05,1,1,192
2025-05-17 07:09:11,c6b6921bbcc90dcc380a4ee4e08350c5444b5d54a670a8bed0a8956f4c9e63f6,897071,289378.0,122.0,0.000422,1,1,192
2025-05-17 07:09:11,3766322f4871f4fab7192e56d6772d6a83318c448d1bddd8a0ffd99d232e82f4,897071,49084.0,122.0,0.002486,1,1,192
2025-05-17 07:09:11,1ebe9b408d1e28c1a3ded45cce947999a3fbb16e143421495b959040d35842f0,897071,53801.0,122.0,0.002268,1,1,192
2025-05-17 07:09:11,4feae8eb8994bcf8cd78dc30050ee135b4900f2ae0c5a3513990859eefdc73eb,897071,170893.0,122.0,0.000714,1,1,192
2025-05-17 07:09:11,b810f94af85a23e311a3fdbef65f427fbb298ce0680127aad1aa6297c38e19eb,897071,17511.0,122.0,0.006967,1,1,192
2025-05-17 07:09:11,2375d8102c43d4273638e1a1528f3550858b120443423079ffca3b91d59a7eea,897071,263785.0,122.0,0.000462,1,1,192
2025-05-17 07:09:11,70f78e87e1fd7cd83001a335ad2e17ffc2893583ff106c63c16fbaddbcbdb8e6,897071,2801153.0,122.0,4.4e-05,1,1,192
2025-05-17 07:09:11,8273fe71fec8f78bcf8d6b7ecbfdebdfdff1139692875fe2fae7732906008edd,897071,9878.0,122.0,0.012351,1,1,192
2025-05-17 07:09:11,5fa7ff3a3d377bb0bbb3d9c8b8871f5750a198743b2ac7427f2083e238d2ccdc,897071,49515.0,122.0,0.002464,1,1,162
2025-05-17 07:09:11,493f84b8fc9dd318fe49d1bd19e9b1109a4e74213bf5268e7576887908f5ded4,897071,432858.0,122.0,0.000282,1,1,192
2025-05-17 07:09:11,6e9056c3158419e0c3656cde430efaba6b0953da632be2a1dd6761ca2e7974cd,897071,12812.0,122.0,0.009522,1,1,192
2025-05-17 07:09:11,e1a61b2e6c5e6110c4355af517826efa61b87ba9e33661543363fb9ad3eef4c8,897071,270578.0,122.0,0.000451,1,1,192
2025-05-17 07:09:11,51163d82e956751c5bbed79d361c3afd5ea609d874b2c27f29f6c643c45f56c2,897071,55234.0,122.0,0.002209,1,1,192
2025-05-17 07:09:11,9f9992c338baa7179c5717861c1714e83a2c6befd97371f410190b5e10ac88c0,897071,847156.0,122.0,0.000144,1,1,192
2025-05-17 07:09:11,161cadd74d49cea46d9dc2a1394a34cc5b743de22ab3b2034be60766960c91bb,897071,43345.0,122.0,0.002815,1,1,192
2025-05-17 07:09:11,6504225b2d0f5e9202e3426f6d1845a9d52f506906c69215e682901dc66446ba,897071,17244.0,122.0,0.007075,1,1,192
2025-05-17 07:09:11,6b77e05ff4096cc044f054935395f4675ac57b4927a9e5ce2070b3c149124cb9,897071,96478.0,122.0,0.001265,1,1,192
2025-05-17 07:09:11,19152be4544d90347671b7b3457c15f3e79f274fcb844dc30516f0eee5640fb9,897071,335648.0,122.0,0.000363,1,1,192
2025-05-17 07:09:11,1dfcbc2b751ed2461f4ea617f1c29c94cbfef0ad03eecdf9d2fcc8f1ae61f3b7,897071,326378.0,122.0,0.000374,1,1,192
2025-05-17 07:09:11,f4b206a5c61e6a5ebcaceebb87f1d0943f5618d5d5493cb4a4bacce614f4c6b7,897071,1103354.0,122.0,0.000111,1,1,192
2025-05-17 07:09:11,82c47b1a20577c2b2b41d75f5bb1afa126b13331648a82a8fad50257dd49a5b7,897071,29069.0,122.0,0.004197,1,1,192
2025-05-17 07:09:11,d35ffa44ef3de00438106fab2cef62a26323f1642ce49a228a73792410edbeac,897071,529097.0,122.0,0.000231,1,1,192
2025-05-17 07:09:11,64322e17e04db1d896f8da9460f4b9b03f5fd98b2bbc4a29cf3884947c8ca8ac,897071,2607133.0,122.0,4.7e-05,1,1,192
2025-05-17 07:09:11,2272831d1df1dc22613b3dc0b2d99b4d5d82c4b8cadcd8c95d7e4ec069f8b4a9,897071,71979.0,122.0,0.001695,1,1,192
2025-05-17 07:09:11,b96c689d027aa96b2e75e0ecc6b3a561908477e30bddb56b7a58d8f96ef8daa5,897071,8570.0,122.0,0.014236,1,1,192
2025-05-17 07:09:11,6f7e602604e804a4969dbec9f2b974960e13e0a37143b7f3ecd2429fd59053a5,897071,66291.0,122.0,0.00184,1,1,162
2025-05-17 07:09:11,8d535b94c09e7362f45e4ffd65fadd2da85d488b569d9f6cbb249d0e83d326a3,897071,4771723.0,122.0,2.6e-05,1,1,192
2025-05-17 07:09:11,2fb619ff0ee00e552182dcc7f1574b1455a0ffd5c6e8e42a97d2a81e98bd219d,897071,16569.0,122.0,0.007363,1,1,162
2025-05-17 07:09:11,f49de192600b713aad19817b39f590d3c984123d9d84379a880db697d4b2279a,897071,57746.0,122.0,0.002113,1,1,192
2025-05-17 07:09:11,af5ed7bbf63dfa4c8b557c0d84567ccd9628d7689caedc657f279e653e778f8d,897071,1362467.0,122.0,9e-05,1,1,192
2025-05-17 07:09:11,6eb98b304dccb7cc27bd78b0074dfcd48623e2a7fc0064ae67fd6227e18a8a8d,897071,89789.0,122.0,0.001359,1,1,192
2025-05-17 07:09:11,34829a78546e3f708c4edec3a7fcd457a53e720eb4e69540e62545100708768d,897071,529817.0,122.0,0.00023,1,1,192
2025-05-17 07:09:11,352c029badfa0eaec269284702825e36fc30c09d338734aeef7488e7b3158485,897071,37089.0,122.0,0.003289,1,1,192
2025-05-17 07:09:11,d0f6c50b4b8fdf4cdb0817eb78e91df8eb7a41c8d5b9cf7b9f1605a5eb0c9984,897071,97440.0,122.0,0.001252,1,1,192
2025-05-17 07:09:11,72c254c701ae786e7abfe9718d8d3aed6357f930a9d14a74e68db18df42fbe7d,897071,66794.0,122.0,0.001827,1,1,192
2025-05-17 07:09:11,988ae00a2ba8f806c7efdaffaa28c1bad9f297fb20b756aa264c0f15d784a279,897071,81960.0,122.0,0.001489,1,1,192
2025-05-17 07:09:11,9dcf11f6a1f23b604baec34041a1005997cd471055d2d6af5325576a8978a576,897071,10050.0,122.0,0.012139,1,1,192
2025-05-17 07:09:11,9ad9c9a080f3882b6b47417924357b40982a6ef7bde5840de4fb1dd1ab639270,897071,289369.0,122.0,0.000422,1,1,192
2025-05-17 07:09:11,8fea2a9029deed30b10c6dd410fe43d1aacb264ae6ab8dce4ba6fee9c8530a6f,897071,277159.0,122.0,0.00044,1,1,192
2025-05-17 07:09:11,c6e43f71d6d2711b9091313963ed979fafde3540068d0841f85243845e54756c,897071,36510.0,122.0,0.003342,1,1,192
2025-05-17 07:09:11,f6c872e7aebd1c8742f8782f478f48579c26bce34b33a3d83fcff67e07122565,897071,101976.0,122.0,0.001196,1,1,192
2025-05-17 07:09:11,1aa1327a4f5a027255a5a6f16ed7a0a8974a3655b343d4b43c8454543e29f062,897071,188647.0,122.0,0.000647,1,1,192
2025-05-17 07:09:11,1b751464f286dfa329f8831ff9896f9673fc8e865c7b5ebbbfee404a09c3bf5f,897071,224797.0,122.0,0.000543,1,1,192
2025-05-17 07:09:11,8c49872cb371511d9455c57e7ab72ced5f13ff4a2de76284a247d3d729521f5b,897071,3000828.0,122.0,4.1e-05,1,1,192
2025-05-17 07:09:11,3ee12ed0b0d0026036970866b82b4ed77ad0b9efda44754f0b3ae97b1d869f57,897071,191552.0,122.0,0.000637,1,1,192
2025-05-17 07:09:11,4599e4966c1e124e0231e0ea43a3a172565e525bda47577c6c6986ff5ba07355,897071,40555.0,122.0,0.003008,1,1,192
2025-05-17 07:09:11,e59370c81cd6f5309b61d80911a346c767cb7ac11f3ec2ba9ea9305d640f254b,897071,15259.0,122.0,0.007995,1,1,192
2025-05-17 07:09:11,855f13104e0ac270c03af7f7f09c1d639a07366eec4cee29bf819e674d101747,897071,15272.0,122.0,0.007988,1,1,192
2025-05-17 07:09:11,e81159ffc83281253cee356225d30a49483c6792c12ce43651e476ae3cd9b645,897071,725128.0,122.0,0.000168,1,1,192
2025-05-17 07:09:11,2f8ee0e604d616d64047970469bbc2e57b840bfc897b00626539e656b8f44144,897071,9734109.0,122.0,1.3e-05,1,1,192
2025-05-17 07:09:11,9eac8cdad1909f13d92161675d6e5c0c95a0a8256d907230095c35096ebc3e44,897071,192978.0,122.0,0.000632,1,1,192
2025-05-17 07:09:11,8e7847280347c9fe9c2ec8bc1a3b237d0cea6df628bebc6fa2ee75a1b5fbbd42,897071,15077.0,122.0,0.008092,1,1,192
2025-05-17 07:09:11,786204eb40d20d0e43a5d38a88c8091c138302dfb9cfcab362b0f0c96e9c043f,897071,66243.0,122.0,0.001842,1,1,192
2025-05-17 07:09:11,fb737243b1d81a81d6a84553a04eefe4eaf0967d18659de3c08a553a21bbb936,897071,551490.0,122.0,0.000221,1,1,192
2025-05-17 07:09:11,a5ee7425e50cd1c3cbb2294569ed666caf9856d1cbf88851d5baf5d85809f434,897071,18775.0,122.0,0.006498,1,1,192
2025-05-17 07:09:11,6b96268788c19cf3f676ed5b4af571d923ad7829092b28c03efac83d869f4833,897071,71178.0,122.0,0.001714,1,1,192
2025-05-17 07:09:11,d4aeb41482afc6cc1169bef5727c606242e3cf63c654374d6a538d940e9c872b,897071,197536.0,122.0,0.000618,1,1,192
2025-05-17 07:09:11,887134bb2ad8c35bbcb0684b14a6d91e9a1ef71d5a578d246fa4ae330a515e2a,897071,107348.0,122.0,0.001136,1,1,192
2025-05-17 07:09:11,c1d47e048bfdc46a580e376a945a7a04ec4f69af3dd4ce731d9b994173164128,897071,1931838.0,122.0,6.3e-05,1,1,192
2025-05-17 07:09:11,d2ea1b82e4192fc3541e9f20fa93d0bff13ed4f0f4c7e65166f7815d3d733d26,897071,23392.0,122.0,0.005215,1,1,192
2025-05-17 07:09:11,7e40ed90afefa9da15722986b967348b2a30a4d863a4e7fb9c458e1b38e87f21,897071,17280.0,122.0,0.00706,1,1,192
2025-05-17 07:09:11,70cea99a0e2ab8242e355891f218d6d1ebfdadcaa24f4b87b7c2bd3bf5f31614,897071,88741.0,122.0,0.001375,1,1,192
2025-05-17 07:09:11,a63a6d1500b3a9ecca251ec84e5b70778bf3ac339868ed5206f5196c8bf01212,897071,3821199.0,122.0,3.2e-05,1,1,192
2025-05-17 07:09:11,e95360ddbc99356f877a898ce289753d2cb5c2d16051951c4ade2d7658021210,897071,1829920.0,122.0,6.7e-05,1,1,192
2025-05-17 07:09:11,aacbc154ab4d0e5c3053f8169f33ae17c862c3f7c9ddfa34d1b355737b2edd06,897071,216282.0,122.0,0.000564,1,1,192
2025-05-17 07:09:11,0fab558cae969ffdcdb1f3788404fc70768d98b20920b8d3b10bc0cf413b6103,897071,203689.0,122.0,0.000599,1,1,192
2025-05-17 07:09:11,1e704da6d1a66f3a6289a8b5f86389ecbd19dd544d79486c23c474ea48eb0a03,897071,116340.0,122.0,0.001049,1,1,192
2025-05-17 07:09:11,20d8fb7a00b802f6059555aa4766d42c07e3fbb53a65ac3a5d092b32fa5f3624,897071,1823375.0,155.0,8.5e-05,1,2,222
2025-05-17 07:09:11,8d139e6c4ced83ceba6b67231f6e103ab65dcc274ae5b8566b4936df9539fdff,897071,330.0,166.0,0.50303,1,1,320
2025-05-17 07:09:11,beb50b632462e91b0cace52b2e9180f6b48be8f8b7c4f3eba1755e1ed0d334ff,897071,330.0,166.0,0.50303,1,1,320
2025-05-17 07:09:11,b62ec7ef91eeffaeaa688ce17678692286c7f529b5aa230a3e64d0c42e926dfe,897071,330.0,166.0,0.50303,1,1,320
2025-05-17 07:09:11,d53f00a637deb180433b19f46ca56ebb1cdd1cd5beb32a752384d6a38190c0fc,897071,330.0,166.0,0.50303,1,1,320
2025-05-17 07:09:11,4651599765d8507056d73d0ec352a8d090e2dbf11a04f53f76aff3dc9ca947f6,897071,330.0,166.0,0.50303,1,1,320
2025-05-17 07:09:11,785482efa4f139a897dd2b0d93c71d34805c807cc124806e843c2188255dd4f4,897071,330.0,166.0,0.50303,1,1,320
2025-05-17 07:09:11,8d14c60ba5ebe84ec7be8a917d9b420ffd2762670d265dad3dc59ecf364ab5ea,897071,330.0,166.0,0.50303,1,1,320
2025-05-17 07:09:11,fbd8343512d1af66395263642873ec13bd1018bb9e705ea8967ad9889464f9e7,897071,330.0,166.0,0.50303,1,1,320
2025-05-17 07:09:11,d42615030b4f43cfffa94f1c0236e67d49cf6413a61f49ec889e7ee53f8bc8e6,897071,330.0,166.0,0.50303,1,1,320
2025-05-17 07:09:11,590f2cfd747757b84d91b0dd2bdd2d2659b9877e71d896b69354d5a019b239e5,897071,330.0,166.0,0.50303,1,1,320
2025-05-17 07:09:11,fe2f473a65ff301740dab42e96205e160f7b642fd44e66d7d88409b88c03e5e3,897071,330.0,166.0,0.50303,1,1,320
2025-05-17 07:09:11,ace4efa052fda507055b35000d67c4128799b6c7ff3829c92d291c3d2404e5e0,897071,330.0,166.0,0.50303,1,1,320
2025-05-17 07:09:11,e611e613259cd8857ffe65f1800290dfebeebee656a5237374394b0d8a911adb,897071,330.0,166.0,0.50303,1,1,320
2025-05-17 07:09:11,1e2ea0b61396359243b00a718d6ee3014ec82942a0c6025fc33e17fba27324d7,897071,330.0,166.0,0.50303,1,1,320
2025-05-17 07:09:11,697ef11d9a08f5bd9d97054b58a900762774ac8a7932abd32e0a3d773fb1d3d5,897071,330.0,166.0,0.50303,1,1,320
2025-05-17 07:09:11,ff10f1dcd7eec410831bd28f8184a4711b7a242b47c2afe2105220805197ebd0,897071,330.0,166.0,0.50303,1,1,320
2025-05-17 07:09:11,1ce9167c0bd3baced019a1d2d6afab3516edbd80f1080017e956dd91c3533cd0,897071,330.0,166.0,0.50303,1,1,320
2025-05-17 07:09:11,76cf0f2d0f2bc73183c088e424e4db12a1dad949d72abff5ac439ca39c8801cc,897071,330.0,166.0,0.50303,1,1,320
2025-05-17 07:09:11,42ad56e72af0fc0ec44a7f5610ec7ee9d7f9cf0c341ebeb4f6390da2014591ca,897071,330.0,166.0,0.50303,1,1,320
2025-05-17 07:09:11,f1a16bb5877901876dccc8f7c5c17e8c15f6f434c1b8a361431ffc45ce686cc8,897071,330.0,166.0,0.50303,1,1,320
2025-05-17 07:09:11,e95e375eb2feaf42824b9239c5dd1e327014893d328a24037f58d71d7acdebc6,897071,330.0,166.0,0.50303,1,1,320
2025-05-17 07:09:11,f5be7790edb5e22ffd1b0e13898502aed3c500c206f0c0464beae9506fc505c6,897071,330.0,166.0,0.50303,1,1,320
2025-05-17 07:09:11,9ea2be816cd31ee7133108401c0755b3ad4a43af5b1712b73795257e961ac5c3,897071,330.0,166.0,0.50303,1,1,320
2025-05-17 07:09:11,4c66073738dd8464f9781fcfa8e85a7da3377927e37f923a5f0902d2df6b72bd,897071,330.0,166.0,0.50303,1,1,320
2025-05-17 07:09:11,785e3e4f4427796392b976bb4af1b02b0576a05c7c048b9d119458b41e9af9bc,897071,330.0,166.0,0.50303,1,1,320
2025-05-17 07:09:11,187bdde97de60dd2441a531adff2af02594e6593d5cec900f9e4984e8c446cb9,897071,330.0,166.0,0.50303,1,1,320
2025-05-11 15:59:08,c73080f796ca47ca1c27d9a0497f0d4645b5a041adf053d4f75b8d0f3994cfab,896278,309153.0,6780.0,0.021931,1,2,224
2025-05-11 15:59:08,54625e82157c9c49eaae7978f8f249634008f739c288291b8bc608afc5f5fd4e,896278,32262.0,7280.0,0.225652,2,2,370
2025-05-11 15:59:08,0280d0e385a7544b4df7946f8c20b17cfba2099bb2f3ded9deba92296b6cd567,896278,3499546.0,20000.0,0.005715,2,2,370
2025-05-11 15:59:08,efef3c627bbd73a9581905a636db40abf9d2a537e1eeedaf208e62af9dca6aa4,896278,546.0,564.0,1.032967,1,1,316
2025-05-11 15:59:08,cab7def72be02df92e4ebba707192f0e42a64c6db893aa8706c94ea933625dad,896278,47206.0,612.0,0.012964,1,2,234
2025-05-11 15:59:08,383372e33c33b2134296b47f6047b5736430d66443658c16f3e31f73601fdf92,896278,1028882.0,7650.0,0.007435,1,2,234
2025-05-11 15:59:08,c68473210f973e6610b64c7e61bfbd892dfd922825576edd32535046ae30622e,896278,14358042.0,9900.0,0.00069,1,1,217
2025-05-11 15:59:08,c3d961f323fb354dd7053100cc9786d59698f14064b9db990c02d60335b8354c,896278,599880000.0,45777.0,7.6e-05,6,1,934
2025-05-11 15:59:08,a091c398189f31070bdb50f11e716873843e3b6edfde802f61fa94d1bf9861f3,896278,1210000.0,12338.0,0.010197,1,1,191
2025-05-11 15:59:08,7d61c6e5f1568290ad2bf84bb4df8c83c18882aa8c84513df9ce8e805ba7dc28,896278,313809635.0,0.0,,1,5,421
2025-05-11 15:51:25,c7624734227ae4e01baf00f590b1556c76e9571fd10c4064eb867d9915c887f6,896277,35570901.0,154.0,4e-06,1,2,235
2025-05-11 15:51:25,67664d3ea1eb0e6aec2823bd7eef82577cb7262485cd599e3ded2072a0ea5ff2,896277,330.0,151.0,0.457576,1,1,321
2025-05-11 15:51:25,ad6ef6bffa66b642dd112b6d4033195d2ec881ac78e4efafac3e1675b6775cf2,896277,24160945.0,165.0,7e-06,1,2,246
2025-05-11 15:51:25,fe8373e4a6b6efe38d09e718c1ac64d45c77a5168d6477cace171291510628f2,896277,330.0,151.0,0.457576,1,1,321
2025-05-11 15:51:25,80f5faeed57f39fa120d379b65d1db8a0a4ff45e01ab53e461768afb13ab10f2,896277,19898.0,102.0,0.005126,1,1,153
2025-05-11 15:51:25,191268b73a59b91cc771b43aa39ea3dab5ef06a326ee0fd749ff790331910df2,896277,2480602.0,144.0,5.8e-05,1,2,226
2025-05-11 15:51:25,eb6607b5a21a89c61784cc8de0b7d5255cccfa165186accaecca0f267377c3eb,896277,330.0,151.0,0.457576,1,1,321
2025-05-11 15:51:25,b68744a2dddcffaa63d1037ea37595d28cbf60716af6b974cb93d3391ba3f4e7,896277,90770.0,257.0,0.002831,3,2,407
2025-05-11 15:51:25,1691e0cd752e9803ebf044f4151c03c868a2469e27360177bd34697d80e427e6,896277,330.0,151.0,0.457576,1,1,321
2025-05-11 15:51:25,413f084005ecb174f7d740e63250381cd12499bd7ebe504b3776d8e6b8cfdde5,896277,330.0,151.0,0.457576,1,1,321
2025-05-11 15:51:25,6d44e217e90d13d1f3b972fba71a57e2ad7331e6266bf858744384bad4d20ce5,896277,330.0,151.0,0.457576,1,1,321
2025-05-11 15:51:25,f94b6ef70a511ce1f3853f53b776d7731a38cc7815baa66a06ba22f4d2f3b2e4,896277,4659008.0,144.0,3.1e-05,1,2,225
2025-05-11 15:51:25,602c6b058759f50001469ac40f5c203952bc97ba6098a6e20bdfe6111541ace4,896277,330.0,151.0,0.457576,1,1,321
2025-05-11 15:51:25,7f6e824e6b2ec6f04d9f6b7d5a7dcea5c551616884e0b1e1f79898da9147d8e1,896277,330.0,151.0,0.457576,1,1,321
2025-05-11 15:51:25,9d2347dcb7ad2b54a6572f999810dfea6cdad1e00466abb24412caa1909e41dd,896277,330.0,151.0,0.457576,1,1,321
2025-05-11 15:51:25,78dd5d2405544194f818bc8b3d60e1e587b7d0c2c07ceb0e48fca3b9163ceed9,896277,330.0,151.0,0.457576,1,1,321
2025-05-11 15:51:25,9bb4236de23e484b4bf2a2f85e87527bffb872bd0b19f657272ef163b8e994d9,896277,330.0,151.0,0.457576,1,1,322
2025-05-11 15:51:25,9fde7971463ed28a82a79f2eec99623f0c301f470180bb6d317dfc6727ace9d8,896277,330.0,151.0,0.457576,1,1,321
2025-05-11 15:51:25,daa608381b9d443feaa573b0dcbaeff80f5d58fb0e1918c179cc2bd3d7920ad8,896277,361006.0,142.0,0.000393,1,2,223
2025-05-11 15:51:25,addc90e29db2322b902f45485988890f636eabe810819dfd97e9bfe99d56aad4,896277,330.0,151.0,0.457576,1,1,321
2025-05-11 15:51:25,aa270c5bf2b288166e4a1dd9fd24d598339eaad59a0e561ee489e8bbe8986fd4,896277,3351020.0,144.0,4.3e-05,1,2,225
2025-05-11 15:51:25,93b5c74f2e31036529b6bd5d88c55f6cb8da55a8a279c64dd587ed915858a6d1,896277,330.0,151.0,0.457576,1,1,321
2025-05-11 15:51:25,1c1fe95371c70c8342c799705b78c8634ee2528ccfb190c2d490f3a59710c6d0,896277,24812133.0,141.0,6e-06,1,2,222
2025-05-11 15:51:25,5faf729ffd12463231919d89a73c4db0fe36b5e5b78b07f1db0571f5b1fd1ccd,896277,677570.0,218.0,0.000322,1,3,299
2025-05-11 15:51:25,48c53dd1caf3652cc455290e9df2b32ab8a987d13e47364b544d87850cf238cb,896277,330.0,151.0,0.457576,1,1,321
2025-05-11 15:51:25,baa3ce12e1024c682be2f5a216722b328585806af0a654699159dca703bbf9c9,896277,330.0,151.0,0.457576,1,1,321
2025-05-11 15:51:25,8b40ccc921e18ecd80ba7447fcc7dc3fc7b0d43ac9c25b333710bdcdd944f2c9,896277,330.0,151.0,0.457576,1,1,321
2025-05-11 15:51:25,3dcde5f1c5630470b84a3ff4a2f31a39916967056a4549c7d327e492575d2bc9,896277,3962165.0,146.0,3.7e-05,1,1,336
2025-05-11 15:51:25,e6ae0aedd8640f8112ab40fbe5dc2312ae4088c2e38d177007ffe09e363f3dc8,896277,330.0,151.0,0.457576,1,1,321
2025-05-11 15:51:25,85a9bddab696e7828ca0accdcd947a7af19d539470f5e169965dd75a662edfbe,896277,330.0,151.0,0.457576,1,1,321
2025-05-11 15:51:25,617b556bd467bcc3c194338f41560111c6ba14f712118aaa4bd85b6ca2f8cdbd,896277,330.0,151.0,0.457576,1,1,322
2025-05-11 15:51:25,48eeb3163dfbe72b9a32ed6b2dc7eba0d3b248048871954ff3d99d8ce0d4ccba,896277,330.0,151.0,0.457576,1,1,321
2025-05-11 15:51:25,d88feee7b7cd000fe43235b5204748caa62041a52eb015e724c822ea204073ba,896277,330.0,151.0,0.457576,1,1,321
2025-05-11 15:51:25,95223a2df9a4c62edf14e142785f331d54947cdec8dab5a770105450569b92b7,896277,230825.0,212.0,0.000918,2,2,312
2025-05-11 15:51:25,1a7c3fb394452179e2d0766fec2008898fa5809e8f1580b0c103ac02e04d5db1,896277,330.0,151.0,0.457576,1,1,322
2025-05-11 15:51:25,f402f3528b1c9c29e25218ee113ae8592d79277c42011369ef362963d62d6caf,896277,330.0,151.0,0.457576,1,1,321
2025-05-11 15:51:25,8d9295ef27371287524be42579bf24b5d0aff7e0d26e322f952b875b04877cad,896277,330.0,151.0,0.457576,1,1,321
2025-05-11 15:51:25,d71e8f39b53fcea256389e367b5d1530806ed1a7dee583f6502de2ebe7eeb1ac,896277,330.0,151.0,0.457576,1,1,321
2025-05-11 15:51:25,a6137e755e071eaaa19809d063463ffcea7cf6da092ada3a5d91ca227a22a2ab,896277,13720889.0,146.0,1.1e-05,1,1,336
2025-05-11 15:51:25,d33b48a8ad0383fe55888f715bef3552bd66bff5060717a2ac7870fd17a191ab,896277,330.0,151.0,0.457576,1,1,321
2025-05-11 15:51:25,03520b38f9584a0d32a1eea2fde0ffe92007d399cda5760d358932c5a82085a9,896277,330.0,151.0,0.457576,1,1,321
2025-05-11 15:51:25,da3b94c4de7d976c4676e8f24cfd7aa497bfc604dd855cbd57311d7cbfdbdfa7,896277,2086305.0,141.0,6.8e-05,1,2,222
2025-05-11 15:51:25,c0dd7d99e29c6534e08c652e78b94b1d9823c6cb3dedceeb5cdd33e6f6aba8a7,896277,50499858.0,142.0,3e-06,1,2,193
2025-05-11 15:51:25,80d9da736737d23895d14b6485b8ec0ebc480d2ee9dae7b0f81962ec085a28a5,896277,330.0,151.0,0.457576,1,1,321
2025-05-11 15:51:25,8dcc30b69f07f8fdb69bb2ce301b6812090cd544239f52134ac6e019b3aaeaa4,896277,330.0,151.0,0.457576,1,1,321
2025-05-11 15:51:25,33b8805dcecadf3b00006aa618b01db7474b6bf4575d387aad5d975969f55fa4,896277,330.0,151.0,0.457576,1,1,321
2025-05-11 15:51:25,a4df40d04fc6ab83bda09abba8287fecb04b3b0fbc7e52407aae28cab369bea0,896277,330.0,151.0,0.457576,1,1,321
2025-05-11 15:51:25,9d67c9fb7e77b252e8ba612ed8f75ee776a6d120ab5e6632de999317b410089e,896277,330.0,151.0,0.457576,1,1,321
2025-05-11 15:51:25,c7445fd7953b180462a97eca612ba6d5fb7de08506163a950eea3a507d96019e,896277,60176.0,255.0,0.004238,2,2,417
2025-05-11 15:51:25,3b4140da465aebd69ca8c3b7e1bd31cdce13dad4849f6baa5b0bb183de89049d,896277,330.0,151.0,0.457576,1,1,321
2025-05-11 15:51:25,573282027b50e43f8c0ef2c19942e0880bce4e7ee46fd12f165c0aa49f53b79c,896277,546.0,151.0,0.276557,1,1,322
2025-05-11 15:51:25,d0fb1193f4bebc0f1ed13903a1628e7c92525ad84d184104621d9105a6ae87e6,896277,77621.0,154.0,0.001984,1,2,205
2025-05-11 15:51:25,691d73ee2dada423f5cb35d76655285361221100b4b33583d484c8d7a5dc9f9a,896277,330.0,151.0,0.457576,1,1,322
2025-05-11 15:51:25,9447c7f343a6eeaaa48a9e1cd1e23b31ef79d844466a3dfb5d6d873dc2140b9a,896277,330.0,151.0,0.457576,1,1,321
2025-05-11 15:51:25,f37d57a220a32f7ed478ee2e44def2373e1e75ab4fb634944cdd772146d8c298,896277,13181128.0,146.0,1.1e-05,1,1,336
2025-05-11 15:51:25,b9eaf185dd2ccca1b117292c842ab040eb7fd424343d65bce6480c7b801e9095,896277,330.0,151.0,0.457576,1,1,321
2025-05-11 15:51:25,edde53ddcaaf0086b7aa35282fff04b1054a5ff87c585e7a43d97b1d5bf66391,896277,1447855.0,141.0,9.7e-05,1,2,222
2025-05-11 15:51:25,e720db68d556a8fe425861c41b795fdf52b1f8a94060d0fb2522858d2963958f,896277,330.0,151.0,0.457576,1,1,321
2025-05-11 15:51:25,08013267a47ccc7a4c4e3427010eaf208489c900de758d9f539caa470748228f,896277,330.0,151.0,0.457576,1,1,321
2025-05-11 15:51:25,2d307f58a25101fad9c88c24b033626608fc579e6c01a932e3d09e123ff6a98b,896277,330.0,151.0,0.457576,1,1,321
2025-05-11 15:51:25,36a82d1638dc9f03059fdbcb04b845417857dbf58e06205ab85f9b538e1ab788,896277,330.0,151.0,0.457576,1,1,321
2025-05-11 15:51:25,c384d29c2b23905028d6ac69196e09a6dfa83dd77a237c32505275a92613ff83,896277,13969066.0,146.0,1e-05,1,1,336
2025-05-11 15:51:25,b16e440a9fba575e727290fe9f9eaea3ec46fb2f71dd520cef1ea8d62cf48a83,896277,112917.0,154.0,0.001364,1,2,205
2025-05-11 15:51:25,573ea117646a68301667009ea59432e5152de0ea1eb3f6c0b514b2e169020183,896277,330.0,155.0,0.469697,1,1,338
2025-05-11 15:51:25,ec7b8df25e11b7b87edcf532f77f8a55e33dcdefc7043e468a9c919932e6d481,896277,546.0,151.0,0.276557,1,1,322
2025-05-11 15:51:25,a1d130f7a6ede702ec4fa5aeefcc9a49ff24aed9302b00fb9911aa5e99732de9,896277,27076.0,154.0,0.005688,1,2,205
2025-05-11 15:51:25,7897af9d2a26f8f033377e38640eb389da7412018e89af8473446acad4b95681,896277,330.0,151.0,0.457576,1,1,321
2025-05-11 15:51:25,81f247ffef9ba2769aeb2c7ebd4666ec5880530a29df1549435f2a9851971b81,896277,330.0,151.0,0.457576,1,1,321
2025-05-11 15:51:25,adffdc1e3aba5d50181dd5b0c1d7c971604370d8a651b37135c05edd681a627e,896277,330.0,151.0,0.457576,1,1,321
2025-05-11 15:51:25,356b60bad82b3f66d68f138f94e15c56f1dccb5be4af1feaf3b0d6550dfc0c7b,896277,1163383.0,165.0,0.000142,1,2,247
2025-05-11 15:51:25,8103b3bb923e84a79bdc2276602488aa4ba153df99dede0df839e0fbbea8bf78,896277,330.0,151.0,0.457576,1,1,321
2025-05-11 15:51:25,1915ccd73d4ff96044632eea703b897efe90c56dbd41b6f5172efb4f61b1ff76,896277,12564625.0,146.0,1.2e-05,1,1,336
2025-05-11 15:51:25,88c2a0d2d965bdce73e4644ff8412d6dd7ab430dd73e5f72ea76f9670e34cc74,896277,330.0,151.0,0.457576,1,1,321
2025-05-11 15:51:25,3dbe2bdb86210b87e094a1788016cb15f55177ed44d502fa1df749c0c5709d74,896277,330.0,151.0,0.457576,1,1,321
2025-05-11 15:51:25,7ca307a41d03ce4f2e89840c1c170e2d49901baf788a7f3cffa93a7dad46cd71,896277,330.0,151.0,0.457576,1,1,321
2025-05-11 15:51:25,fa7f4b6385cb7681154d88ed8aab3ac68b6bc2a8963b0e47c81cdcf3385af370,896277,330.0,151.0,0.457576,1,1,321
2025-05-11 15:51:25,964f2c7faaa488d9b697e0941728f2815a3554951f46c837b01c49e8d95f176e,896277,330.0,151.0,0.457576,1,1,321
2025-05-11 15:51:25,1c3a453a07c4c3d0adc4c5c2c2959261c7c81c8d60991a66ac04a17e4146046e,896277,330.0,151.0,0.457576,1,1,321
2025-05-11 15:51:25,836d7b045a10892ceb8e9f89ed4a1d0c84a28016cb744182b8317c9ff664776a,896277,330.0,151.0,0.457576,1,1,321
2025-05-11 15:51:25,adda6043b7e78101abb0c6c5e14986f1a00b2b12235eab166d66c26bb3554e69,896277,14249496.0,146.0,1e-05,1,1,336
2025-05-11 15:51:25,580fec96936ab4f80e1f73be0bc40b06e33158a4bf6fb655fe780c22ab81d168,896277,330.0,151.0,0.457576,1,1,322
2025-05-11 15:51:25,ee4782f5c28beffd778580ac1747caf5164be1ce6a9541c588443cfea274b768,896277,546.0,151.0,0.276557,1,1,322
2025-05-11 15:51:25,b76bf5ad62be3998118a47216b8fc5031b558cba068d2323fa47d6bb0b836366,896277,302872.0,141.0,0.000466,1,2,223
2025-05-11 15:51:25,b9fdaa9e0117ba121efaaadbd389b6a49f9218e7a4281488e3e4a80ad0573966,896277,992653.0,165.0,0.000166,1,2,247
2025-05-11 15:51:25,279e3e9bde00f674132e689f05b6cf9842cacf866f870f74bdde407a7575c765,896277,546.0,152.0,0.278388,1,1,325
2025-05-11 15:51:25,2eebe4fc6dcf3f886a7a975555fa70e7bb20a42b67b1a3ee824125cfc6bd517d,896277,1382.0,154.0,0.111433,1,2,205
2025-05-11 15:51:25,1fa097accdce605c1772b65c5b5caddfb61a3c3b7da9a1266d3f3f42d4d92665,896277,13149.0,212.0,0.016123,2,2,312
2025-05-11 15:51:25,40c2bfbbb76baa9286b5e137d53761048a4cf2e8060403a48e21da2cbee2b95f,896277,330.0,151.0,0.457576,1,1,321
2025-05-11 15:51:25,e2f404783982e3bda2b29caaa35d8e3d4dc338527dd260034d55e06c28815d5c,896277,330.0,151.0,0.457576,1,1,321
2025-05-11 15:51:25,84d7923c6cb212e4db8d5540a9d0f0d5369480a9abe5cccb06d9cf7111f2af57,896277,330.0,151.0,0.457576,1,1,321
2025-05-13 04:23:38,7cb1d23a751f8e526e986aefdd3111632c44ea666b57b178ddf54fc3cefa9cba,896497,12274.0,2961.0,0.241242,2,1,341
2025-05-13 04:23:38,de574fcd8d07555f21fd1d0998537d8395b4e0825c8aba1e9cd0b15c6c6b12ce,896497,520000.0,1821.0,0.003502,1,1,192
2025-05-13 04:23:38,fa0f91de8ffd90129c1e3d913a144c531436773841d34b1d42d4e0fc7ff135ae,896497,59813214.0,2383.0,4e-05,1,2,222
2025-05-13 04:23:38,edd6cd9c18588b78b660ae271e09c4cfb753f06a77e36b7b1fbcf3c4a3a39d80,896497,196600.0,1862.0,0.009471,1,1,192
2025-05-13 04:23:38,3b64e61846b67b1c5782911a31c34369e707c8aa9473d32d7ad364c42174b4a6,896497,49860487.0,2866.0,5.7e-05,1,3,248
2025-05-13 04:23:38,f18aea694636c40f8dddc00840aeee360ea41d16c7651f0145aad46a6fb8391c,896497,21096.0,1900.0,0.090064,1,1,191
2025-05-13 04:23:38,178f1db34c622a76765f34eb544c3878e12ceaa49bf52066e70823b4ec9e4852,896497,3756440.0,2920.0,0.000777,1,2,247
2025-05-13 04:23:38,6e46ab00c42012a2c282e32dc9572d5819ddb894e957719ff1f351afde5a018c,896497,12051925.0,4011.0,0.000333,1,2,224
2025-05-13 04:23:38,7d1bfbb6a500bebdc10ce3f152b2c999b1210061f084f20700ec01dc60436ff0,896497,208741.0,1980.0,0.009485,1,1,192
2025-05-13 04:23:38,450c8148d89e7a93e1c3fed5bcff88ee31844136522fec38314edc6ed24acdf6,896497,1997904.0,2096.0,0.001049,1,1,192
2025-05-13 04:23:38,35d59b8dbf1d2bed941c0a8711a7c5ecb69875b69316eff1b66beb1316e94176,896497,147167.0,2080.0,0.014134,1,1,191
2025-05-13 04:23:38,8bfb46c45bb72b1d699cbfaa2d06b665d468f7a5d87d0881409100e1c4c4ee5d,896497,12938.0,3519.0,0.271989,2,1,339
2025-05-13 04:23:38,4b8e217203d729eb85f7ec811f832907e26771c6838f5b939b560f585d0337ba,896497,6864.0,2212.0,0.322261,1,1,193
2025-05-13 04:23:38,fc84aae83a9dd8a888dfb2c66dc75e9979df382047d89060edad64a740bc299a,896497,970000.0,2410.0,0.002485,1,1,191
2025-05-13 04:23:38,c58f994ffefe1c7607ed8b9d5fb96ee278478829aac0a41032ebaf18eaf8054b,896497,872807653.0,5328.0,6e-06,1,2,370
2025-05-13 04:23:38,27e5083689007213b1cf1da9a68c2e8f86eeffbc98b43819837509d5cada7df4,896497,30353.0,4185.0,0.137878,1,2,222
2025-05-13 04:23:38,a4e8a95d04303282f04554e5cbff46a275183c11b283337c51de344891e21634,896497,143015.0,3300.0,0.023075,1,1,191
2025-05-13 04:23:38,648fc4b8ad13699f108dee253492860aa638239059a6e92addec65806ef0cc2c,896497,5000.0,0.0,,1,3,181
2025-05-13 04:23:38,0bda174b72df93d201c4a5d1a51b3b6dc7b62890a62c67523b9de6ea0d06a858,896497,4209605.0,6095.0,0.001448,1,2,246
2025-05-13 04:23:38,2cf03f6a9c60a338e31538e9bfc3f1796b5f5d3807d7958723058aab90ea20e5,896497,596592551.0,5640.0,9e-06,1,2,222
2025-05-13 04:23:38,ed9a01b138e9e515b87c97f6970b91ae6b0b96dab8cc610c45e9dbcc3df6b8c8,896497,245495431.0,5640.0,2.3e-05,1,2,222
2025-05-13 04:23:38,29a28ec35e2050551bd78c13edb93be5396c8891e39fe27b5918f1c95fca90c2,896497,506483918.0,5680.0,1.1e-05,1,2,223
2025-05-13 04:23:38,19d9c01072763710a0a737a62680e5d77f2bf341f691fcf28cdab58a2d4d80bc,896497,110420069.0,5640.0,5.1e-05,1,2,222
2025-05-13 04:23:38,b9a22da3d34f803bf006d7f1b3bb981591fb153af72c1c557373c3f578fa22a7,896497,658937599.0,5640.0,9e-06,1,2,222
2025-05-13 04:23:38,b35a17347ec80c2f45701f8f0619fdc4e6702578cf18d5fd1acdb03e2ac1d218,896497,517223991.0,5640.0,1.1e-05,1,2,222
2025-05-13 04:23:38,c069ae68d590a2f375d0ef5536567d15048a8e15018e5749022e6bf5b0beaa5e,896497,15000.0,0.0,,1,3,178
2025-05-13 04:23:38,b1a66095f03898218c6414626465a5feada661b5d7c1edb884295280d4a1d5fb,896497,3051304.0,7311.0,0.002396,1,2,239
2025-05-13 04:23:38,1038097fb6b7a72c881af9c7d0da92ff1597f4133f9b509c4f236ea754945aec,896497,2927477.0,7311.0,0.002497,1,2,239
2025-05-13 04:23:38,c0d54d323fc4c73485ac51e8d62cc86b90fb279a89d4ef4ca5ae33e2216f6ae9,896497,2981736.0,7311.0,0.002452,1,2,239
2025-05-13 04:23:38,523dcd029328f891bdc4ff87de0d937b48bc564df88f97f46b9c845451a8aada,896497,2935060.0,7311.0,0.002491,1,2,240
2025-05-13 04:23:38,fd8ec14c33c89556cc4d2bb13c65b928e7dcb09f2d964b2c346f8527218170b0,896497,3002321.0,7311.0,0.002435,1,2,240
2025-05-13 04:23:38,4af29924375309eb3c82937e0b4c8ccaf5f57fb7c16b8542ae62020b5d95d8ad,896497,3101688.0,7311.0,0.002357,1,2,239
2025-05-13 04:23:38,e13779325fa2c96fc2f895c5f7d522510699cbc832a7dc3db110a3dae62d13ad,896497,3065629.0,7311.0,0.002385,1,2,239
2025-05-13 04:23:38,2bab053dec690161d588551daeb1142e532fe516d05f1a45758f9d1afc43bd8e,896497,3004025.0,7311.0,0.002434,1,2,239
2025-05-13 04:23:38,e117c5c05973c83e3370d5bf38d3ab95be7903d2c150eaee386d9bd37d987781,896497,3055767.0,7311.0,0.002393,1,2,239
2025-05-13 04:23:38,ac884f44971d7a4c8758662699a9f3cae6645e842a1930fa01448f2732bb0181,896497,3030807.0,7311.0,0.002412,1,2,239
2025-05-13 04:23:38,681a899308ad9b8348f04de1335ff003d9863df0bfc4549ced82dd20088da951,896497,2965202.0,7311.0,0.002466,1,2,240
2025-05-13 04:23:38,81f86be70bb4ba218b15c17d67955997794a619f059ee918558ba1e5c4ce4c4f,896497,3007058.0,7311.0,0.002431,1,2,239
2025-05-13 04:23:38,6d07b0bdde1df7cd8b0b83cbfdf79cf935b41a0b33413b5c47c28f842d906f3e,896497,3085400.0,7311.0,0.00237,1,2,239
2025-05-13 04:23:38,4fe5e112abd209d5853cba18e1a76e1485cc0f622160599d04e323a4c50bd235,896497,3032689.0,7311.0,0.002411,1,2,239
2025-05-13 04:23:38,891748f3662067888c09b23f3ef926d312d8133b61a01cc1bab0846d08b1f70d,896497,3070259.0,7311.0,0.002381,1,2,240
2025-05-13 04:23:38,2994953f04e93a3706c3f107632dbe37fe68b84580b48402410c4625609fb797,896497,3040386.0,7359.0,0.00242,1,2,241
2025-05-13 04:23:38,c13e00150fb83fb9f9117d25f2bb3cfefc95f2ebf1290c157fc573f7aefaf334,896497,3032641.0,7359.0,0.002427,1,2,241
2025-05-13 04:23:38,983b3ca30ba32ee0d742cb795218eefbbb898109b7eebf7a5bd5e1996c39c60e,896497,3072641.0,7359.0,0.002395,1,2,241
2025-05-13 04:23:38,7fc3477ea63481791247a14effc473c619721857f8cd04f48e6f63ef7b81754b,896497,3032546.0,7454.0,0.002458,1,2,243
2025-05-13 04:23:38,c5c3cc82fa17c64b60b64225daef8293a39d28cecc03f80877f1c9c7a27f2d46,896497,13519409.0,13953.0,0.001032,2,2,463
2025-05-13 04:23:38,501f68df3f14f076b85833f2499de77f1feb549595b7f968906a9266bdd949eb,896497,11828757.0,17250.0,0.001458,4,2,700
2025-05-13 04:23:38,18329f73455e59b5a9bdd2abd6510eb3aeed4ecb06fadf251f477fa02b501ca3,896497,10000.0,0.0,,1,3,182
2025-05-13 04:23:38,507aff0983e70609f977667a4b6c8387c41fc0b7fbc3ee7f6a2b4d7b8fd04abf,896497,33733966.0,11000.0,0.000326,1,1,192
2025-05-13 04:23:38,ee6efff913cdcc33a3e5525f31267d7af3c082cf6e04b9fb78b59ee4084c7ead,896497,468000.0,32000.0,0.068376,1,1,998
2025-05-13 04:23:38,7f2456a0fa96def104f8a52313ce1ac817f65719e0bd9b7f87991f05280c073d,896497,2536185.0,14100.0,0.00556,1,2,222
2025-05-13 04:23:38,9e3ef3d7be4bb8943d49fff1316631fa857e7569027118a3b2906634b1cd5616,896497,468000.0,32000.0,0.068376,1,1,998
2025-05-13 04:23:38,284925b2b72c6381b706ed5eb40459fa4e36b546a50986c8370c1d0bae6b313a,896497,125811.0,0.0,,1,4,316
2025-05-13 04:23:38,eedce214dd268dad0a60324ac1c8511031bebf1e6ae362dcbd4cfe639e841e1c,896497,315046326.0,0.0,,1,7,471
2025-05-13 04:15:14,e964e97baf5f5f69a57e5f6ed5030944d78f3e6640bbdd10075548b86c66e215,896496,203402.0,111.0,0.000546,1,1,192
2025-05-13 04:15:14,1d173df03e0d548c64bed5627379f40e702448ce75c50200d3a0fd7fc72a5114,896496,102335.0,153.0,0.001495,1,2,234
2025-05-13 04:15:14,87eddc6b0445fb0b32cc63fe43c3044c7f32465966866fc4b5aa5ac4ac1b2414,896496,546.0,152.0,0.278388,1,1,323
2025-05-13 04:15:14,273f7eb7014fd2515fbcd4e416c74971b8167c8129b1bf3c5750df7162816e13,896496,2688199.0,201.0,7.5e-05,2,2,301
2025-05-13 04:15:14,bc245776610a0d86240634c97d52615454a820a0213d37b9c2bcc956b9e03313,896496,4688.0,141.0,0.030077,1,2,223
2025-05-13 04:15:14,cda1a72c8c598c30022dd74fefc54c08c94343071978b0a248ca62be045ece12,896496,330.0,154.0,0.466667,1,1,331
2025-05-13 04:15:14,417f16d33fc723f8ec1de3337426c9810f8cbd9457f07a0355280c7760343512,896496,1646.0,154.0,0.09356,1,2,205
2025-05-13 04:15:14,c03488fdf610cd9adfdaf56e0209ab30c834e12e5faa3893aae62b177a113212,896496,546.0,152.0,0.278388,1,1,323
2025-05-13 04:15:14,cdc737262ffce344b868c6f7e9930031a5d456046764ecdf3ebe883791415c59,896496,88994.0,154.0,0.00173,1,2,205
2025-05-13 04:15:14,9383df88431c7df3c860a82b74007e1285c4a977028cbda6f9821c0350d90912,896496,42173.0,154.0,0.003652,1,2,205
2025-05-13 04:15:14,5c30f6fbc97fa3c24cb694b8fb2c9cf67da6c45d3d1157386fabd4709580cd11,896496,320645.0,110.0,0.000343,1,1,191
2025-05-13 04:15:14,f99c85d2c82933e69c2d897d5c7f19826b4a3765d9ad3e441f840b0118e23711,896496,1843.0,157.0,0.085187,2,1,257
2025-05-13 04:15:14,310ab73ea9114b2447777753543b4e31e31d2ed9b7ca1bbbdbbbcf813687d210,896496,546.0,140.0,0.25641,1,1,311
2025-05-13 04:15:14,218149cb2dc33d51c459f9a0001e75fb714fdd691f9d2f9d7267a8e1fba61052,896496,999737.0,153.0,0.000153,1,2,235
2025-05-13 04:15:14,e902b1256b147876daa93326de4a2f27d826a839a7dc42f084a2f12fe7b8cd10,896496,546.0,152.0,0.278388,1,1,324
2025-05-13 04:15:14,ed719947c4bf1a2732c94f58dc3ec1d6c5c8dc59465073082e53e1108fa142ef,896496,9400.0,154.0,0.016383,1,2,205
2025-05-13 04:15:14,4fbd3ee3d1921155cc9edd5c2ec91d37b64958a44cf08630931da3b05c177310,896496,901.0,99.0,0.109878,1,1,150
2025-05-13 04:15:14,ccdc598b0da6be1919ac0d184556548036b59d59d933b7432ed85cf2f8fb6210,896496,330.0,152.0,0.460606,1,1,323
2025-05-13 04:15:14,cd8a0b2985c6fb9c154e0c1ed49b1cffa028cbd3dc5f8f04de32b468c47c9f98,896496,50164.0,670.0,0.013356,1,14,721
2025-05-13 04:15:14,52982518083f2a9374883a2f60a419beebe88613b74f65459a0b68f332ce2d10,896496,117483.0,151.0,0.001285,1,2,202
2025-05-13 04:15:14,7c6e990bfa3789d8e245a17b9b42f04f180be0baaadb0fec9ab2a926f51eb992,896496,117634.0,151.0,0.001284,1,2,202
2025-05-13 04:15:14,a999339bff357a254121b2f56e4f2b5029e8815465a165d1c0076ffd1489e962,896496,117785.0,151.0,0.001282,1,2,202
2025-05-13 04:15:14,c28474fa6e31eb6909387d7d57c6e67a46df5dadd619ac9d815f8dff8ed34e3b,896496,117936.0,151.0,0.00128,1,2,202
2025-05-13 04:15:14,8a49e5d6b95d584e9cdab0f7a7518f78693c64fbd069b064142c5271c4c36ab1,896496,118087.0,151.0,0.001279,1,2,202
2025-05-13 04:15:14,07844bd639fd242f44812b82250ae123c6ac78fcb41ed273405d48c56b1b8cb0,896496,118238.0,151.0,0.001277,1,2,202
2025-05-13 04:15:14,c824d97b513145eb4ee1a53cb278e8b6759854579a7a42286c74f2c23dfc630f,896496,695555.0,154.0,0.000221,1,2,205
2025-05-13 04:15:14,68cf77398de877b3b64f4b617b2d3e1fc3bade9cf4ef9395a2807f04a651510f,896496,2928.0,141.0,0.048156,1,2,222
2025-05-13 04:15:14,8f0ac32d120e594c3157bccca5940cd97f3b5ff12bfd925bb96309cd45ebf10e,896496,5236177.0,110.0,2.1e-05,1,1,191
2025-05-13 04:15:14,f7479f3d798def6671bcca41c80b2af3db5b5420d9512efb78f8f09ec474e10e,896496,546.0,154.0,0.282051,1,1,331
2025-05-13 04:15:14,8d81bd450a702ce2a35a6100f247b28a280879ee77526ca5c924f3c2821162cd,896496,164099.0,154.0,0.000938,1,2,205
2025-05-13 04:15:14,c6b0fb5f64fafef4cee622b58d09810d894a2435c4e92774ca173d9aaf53320e,896496,1599889.0,111.0,6.9e-05,1,1,192
2025-05-13 04:15:14,9df6b94701f42a9ccfd57d6e8aac510a3cba6009adff43750c83820943a46a0c,896496,7146.0,154.0,0.021551,1,2,205
2025-05-13 04:15:14,bc37c231ce5d585ca358e01a9b6130839920beaeda8dc793d76ab31d7be1440b,896496,546.0,151.0,0.276557,1,1,322
2025-05-13 04:15:14,b85ee62d90606f1850855dd179cce127766bd326f8a74f7be25f394bd08b2561,896496,88172.0,154.0,0.001747,1,2,205
2025-05-13 04:15:14,77f93e131fadc737fcb74fb6855beef2327c4e658dd5a838b4700ea899bd2e0b,896496,424510.0,154.0,0.000363,1,2,205
2025-05-13 04:15:14,34498264d00ab047ebc2f7816c968867a17a2232d084aa61693dd6407dc3c974,896496,614671.0,154.0,0.000251,1,2,205
2025-05-13 04:15:14,d291355de4e69f2571130a0d8550e44eeb019e41e89e180cf1f2af45294490fa,896496,773079.0,154.0,0.000199,1,2,205
2025-05-13 04:15:14,5119114635adf17ae1b21653c2460cd90713ef76d02792d6a7ccbbb24b788062,896496,931487.0,154.0,0.000165,1,2,205
2025-05-13 04:15:14,a45367a1799c9f7e4d7d99d1ae0f8de065adc3b10c3e0735a5e3adeb0af0defa,896496,1089789.0,154.0,0.000141,1,2,205
2025-05-13 04:15:14,a13c6fc2e8276d6cad2aa13161ad50715feabddaaf44dfcd04ad79b8391bb70a,896496,299534073.0,141.0,0.0,1,2,222
2025-05-13 04:15:14,949503505926daa69013cab7f3048d9b969a232e8a33068fb0e4653d497a700a,896496,118389.0,151.0,0.001275,1,2,202
2025-05-13 04:15:14,355909cc1951f7624b8668fe99d0d9954967457d7875681dc7cf2d96c8ccbf36,896496,118540.0,151.0,0.001274,1,2,202
2025-05-13 04:15:14,54290636afed7591bdb7047a0f3de1284f20dc8da026969b5a72b36b852c75aa,896496,118691.0,151.0,0.001272,1,2,202
2025-05-13 04:15:14,342fbb5b8f10ac403bfb0dd4b32687950663ceca83e45b0ea23c66bf00bffe3b,896496,118842.0,151.0,0.001271,1,2,202
2025-05-13 04:15:14,abae5b93ae564fb33d12074d6b369d96ecb9db8f480dc4a64ee42f416fd94bf2,896496,118993.0,151.0,0.001269,1,2,202
2025-05-13 04:15:14,c7ca1925fa3af0e5e9455c1a7afc0a0b3b3b8eec19b17161255be5eef386b3ca,896496,119144.0,151.0,0.001267,1,2,202
2025-05-11 17:27:36,1dee0ab56f76df8ed4d281bed6b55bf419f2b95fffa28e2757ef5b4e3753b549,896286,40603.0,217.0,0.005344,1,3,369
2025-05-11 17:27:36,b5aa78ac3767ab73f880db4b0d0029e7c579951a37fe139dcbbdf377ba0cf69a,896286,41150.0,217.0,0.005273,1,3,369
2025-05-11 17:27:36,d61f3161d68bef49d51a98d193f7850a4d7261c7c4792b034463019169c7920f,896286,41367.0,124.0,0.002998,1,1,204
2025-05-11 17:27:36,5ab282dc50b703b9b3f069ae1028e30d096d308d7f707cf4eef4bfa5b623b30c,896286,192018.0,261.0,0.001359,1,4,388
2025-05-11 17:27:36,443fef6c989b8534968a8e5c36d27b954af4e942f96d26e23b47766016e772be,896286,192609.0,217.0,0.001127,1,3,369
2025-05-11 17:27:36,002e72ba20a689feaf0d16cfabf4a65cb3a924a176e212849ce5d53191cd1465,896286,193156.0,217.0,0.001123,1,3,369
2025-05-11 17:27:36,6be2642766fcf9b1db8179a84e5b574f5479745a86db2adb1a38e3afe329b6fc,896286,193703.0,217.0,0.00112,1,3,369
2025-05-11 17:27:36,6b88e495c992cf1cf9da67886cb82d816ad45d5053e10b08c9a6881ed9ef3ba4,896286,194250.0,217.0,0.001117,1,3,369
2025-05-11 17:27:36,9b879201f96e55caa0112bebc9e032ebea83d86def19aa205c22b570004b19a5,896286,194797.0,217.0,0.001114,1,3,369
2025-05-11 17:27:36,ea6389178a3ba43df620b6b4f669cd7dd9e700dc4fa159f7d1f6fb4024309ed4,896286,195344.0,217.0,0.001111,1,3,369
2025-05-11 17:27:36,0c3ac32fdc40396bed5eeb354dc2a036fc41bcf89457035d390b050387cee0ea,896286,195891.0,217.0,0.001108,1,3,369
2025-05-11 17:27:36,d7cca2a6bb64b3d9b118a365554002ec7e03c48049d11c67001922d60d2829a1,896286,196438.0,217.0,0.001105,1,3,369
2025-05-11 17:27:36,b1ab5049d37a7f993efc8d3ab1e743a9d6d330868bd53f9d2ae22f8943fd033f,896286,196985.0,217.0,0.001102,1,3,369
2025-05-11 17:27:36,7b37050e626d416cfaf694341acb348df7e555e504dacac96655c197b87aaae9,896286,197532.0,217.0,0.001099,1,3,369
2025-05-11 17:27:36,e184e922889223388000ff1982d6140435bd8fff733c936131f32243f744fb45,896286,198079.0,217.0,0.001096,1,3,369
2025-05-11 17:27:36,e86480d3a29a419b99d7b5c4fe14bd7c5f1bb34fa56e61e0ea842ad2ce68d521,896286,198626.0,217.0,0.001093,1,3,369
2025-05-11 17:27:36,b3b9ff3e15b839fe1656e843dded105f279dd01eb9d8907f9bb69d2635d00ec5,896286,199173.0,217.0,0.00109,1,3,369
2025-05-11 17:27:36,5a97ab99098c035fae249b8db42bed0553265cfb3ff29aba7c9b4d7b9eb114ec,896286,199720.0,217.0,0.001087,1,3,369
2025-05-11 17:27:36,4ca6d8b32c268ce38f9b030dc6a5fde37bed559bd0890ddfa885389fcb3bfad0,896286,200267.0,217.0,0.001084,1,3,369
2025-05-11 17:27:36,c0791d84c18f80faa947a8aa8fb19bd5b7ab68927a9630562fceeb9f18936423,896286,200814.0,217.0,0.001081,1,3,369
2025-05-11 17:27:36,dd501eb4f778c2dceaf346a251d218e6c0c49f6e7c1ab09ea35a955c406b5277,896286,201361.0,217.0,0.001078,1,3,369
2025-05-11 17:27:36,891b7f54b0228a621ef5456177dcb9d7741d61d9443a5fef795662e771312def,896286,201908.0,217.0,0.001075,1,3,369
2025-05-11 17:27:36,2b449bab3b6cd3e01620be956f3670f575e9fd40755065f9d81d153fc85eccdb,896286,202455.0,217.0,0.001072,1,3,369
2025-05-11 17:27:36,cf9b1f91ed2246ff895c425a204a9a70ffc4196f10a7324a1675cd69e3e3de30,896286,203002.0,217.0,0.001069,1,3,369
2025-05-11 17:27:36,a13ce2d8729fbec9542d5634a3319dcca908b641af28bf483088ac2ad22d2829,896286,203549.0,217.0,0.001066,1,3,369
2025-05-11 17:27:36,340e477c5498c798502dc6b23e3b323f2820b8a5a78006d5af6ba1ff42e4e545,896286,204096.0,217.0,0.001063,1,3,369
2025-05-11 17:27:36,e9e6104a2f8cb8b4a9cb617cdd5fbe68154fee37c513f9789866638964b244b6,896286,204643.0,217.0,0.00106,1,3,369
2025-05-11 17:27:36,ba10ff3f20ddf51ede3f0461fd272e0e52aeb13eb162e2b2c4ad313bf7cd3e2a,896286,204860.0,124.0,0.000605,1,1,204
2025-05-11 17:27:36,c75e114a01528194227d5227f849aa900f5f8a0748a44300caa2093574b82a8f,896286,6876.0,124.0,0.018034,1,1,194
2025-05-11 17:27:36,042bfbb7af7675298e85e304aabf38ce7189e27d87c0d03735d31ecd4cf15506,896286,413417.0,232.0,0.000561,2,2,373
2025-05-11 17:27:36,7cfd4f043700b3d5f5ff00c73e1a46027def981281890fcc6a46c0449d5f451c,896286,174583.0,121.0,0.000693,1,1,191
2025-05-11 17:27:36,6d11729de261b60960ec0e366bbc454e7e0040b0eb09eb653f7180c4eec7f5ce,896286,37380806.0,5376.0,0.000144,1,148,4968
2025-05-11 17:27:36,ddc36b868df31f2e721e1cf369b54058ef1f7359ab95e61bd435b2535d798f85,896286,50227369.0,4527.0,9e-05,2,122,4276
2025-05-11 17:27:36,62caa173c38c39687af5f6ec3f6219684b6d7213bb57079a92c35b5d9e332361,896286,26439.0,265.0,0.010023,1,2,342
2025-05-11 17:27:36,2887df0e6c5eeeb285624e61ca0c34ca9f3dfba95ad4f06b41f5d7796fc21be7,896286,27034.0,182.0,0.006732,1,2,342
2025-05-11 17:27:36,ae1cb1cc4db97958d69f0f2eb2795fb5dbd55d707b0d58b17b231a475231d3f1,896286,27546.0,182.0,0.006607,1,2,342
2025-05-11 17:27:36,a05c6ece374226699f40eede72bb9b319eee2fb27ce5404f3a3c1bd1184c2be0,896286,28058.0,182.0,0.006487,1,2,342
2025-05-11 17:27:36,401829f83253ebd516440bceae6e92ca5cf81de05e8655540a898d39409edc4f,896286,28570.0,182.0,0.00637,1,2,342
2025-05-11 17:27:36,31ad6ee9d16c4eb002b1673e1adfc183e6a90443492b383a39716ab494a253d6,896286,81648.0,386.0,0.004728,1,3,352
2025-05-11 17:27:36,df3bc24731c4363c1bd9b546de79cf5361adacbecef70b4ff3e0cc0de071dd71,896286,82364.0,200.0,0.002428,1,3,352
2025-05-11 17:27:36,1340e425358b6090c9ba94c1ebc19c035169b7343a0af1f4d152622197909189,896286,82894.0,200.0,0.002413,1,3,352
2025-05-11 17:27:36,49c13ae5f7a92b2caa7413a71caa17260aab2a49244df37fe040027f6b5e1aa0,896286,83424.0,200.0,0.002397,1,3,352
2025-05-11 17:27:36,afc6fb1faac5c20df44b8f87cdbb3f608a9f90bd38517cd9bda9a0ec2bbbe8cf,896286,83954.0,200.0,0.002382,1,3,352
2025-05-11 17:27:36,68638612d3baa5e5f9d608da4576b3f3d677a943e05a7f279b398f045f4956d3,896286,84484.0,200.0,0.002367,1,3,352
2025-05-11 17:27:36,8d91abe6d5042b0d88d733c4a8d477fea895794b3b1c0692348f79773a1287fd,896286,85014.0,200.0,0.002353,1,3,352
2025-05-11 17:27:36,1828864471bd3a24786b80dbf6d414beee70a3319d89e98ce2fd836e227ceec4,896286,85544.0,200.0,0.002338,1,3,352
2025-05-11 17:27:36,b42372639100c11d780649cb663dae833df6cce749bdacb0abdc22941257d5ba,896286,86074.0,200.0,0.002324,1,3,352
2025-05-11 17:27:36,07f482583efa719fe9ea68798f0735da958f31717bf0e0392b2ff2818744d3d8,896286,86604.0,200.0,0.002309,1,3,352
2025-05-11 17:27:36,22c00e84223e4395248a10500f3eb13189707c138b0b17528e46926a54691a9c,896286,87134.0,200.0,0.002295,1,3,352
2025-05-11 17:27:36,f615a1d85a965727dce1d4515b597878941f08e89c072d3bb532942cc377c853,896286,87664.0,200.0,0.002281,1,3,352
2025-05-11 17:27:36,d533684453ddb51a8f8ce880b2d34a550211ad6a137aa46a4b57ba4ec0c1cbc5,896286,81648.0,386.0,0.004728,1,3,352
2025-05-11 17:27:36,3eb2e897e6108a0d4e4e401542ebdc514a8155680760c46fa7701a07e1797083,896286,82364.0,200.0,0.002428,1,3,352
2025-05-11 17:27:36,59095c22d4d97e31472838bb7ad4d7980cb1f0fb40a6756aff50e08b8c25a27d,896286,82894.0,200.0,0.002413,1,3,352
2025-05-11 17:27:36,8e0f823161ac9f9e49cde10500c0091c7d90458c333815ab484ada34cac9f395,896286,83424.0,200.0,0.002397,1,3,352
2025-05-11 17:27:36,86518b80aba371290f95fb516cf55be8526597cb24f0f3de38fc6adcdc4116ad,896286,83954.0,200.0,0.002382,1,3,352
2025-05-11 17:27:36,6a13724314631eca02c47045ea631e46bfaf01e7f8d160d30c84341afc8f2b20,896286,84484.0,200.0,0.002367,1,3,352
2025-05-11 17:27:36,4c5cb175a277d3023adfcca472ca147a0f2035505172a35fca499f40d2693fe5,896286,85014.0,200.0,0.002353,1,3,352
2025-05-11 17:27:36,757c7f2736fbda0a89e8582152e1ebce4333c340856540eac8a84ea35ec71eb0,896286,85544.0,200.0,0.002338,1,3,352
2025-05-11 17:27:36,88fa4b747f5277ed975b9e38b36a762b0c5863d542665c3894c8487535499da1,896286,86074.0,200.0,0.002324,1,3,352
2025-05-11 17:27:36,7d2519d8ede903393f039a9badce9e93803dc7804c2dfe022c87479f3bedfd55,896286,86604.0,200.0,0.002309,1,3,352
2025-05-11 17:27:36,2428cc00682bfd62788022f158246d42804c0076a837fa7b1aae95d474a4d6e2,896286,87134.0,200.0,0.002295,1,3,352
2025-05-11 17:27:36,4cf84bfcb7d6695d3da05aad73dd4a228e9ab53b5ca120aedbee7d2723f7052d,896286,87664.0,200.0,0.002281,1,3,352
2025-05-11 17:27:36,61c651a81a67ca148649fafb91970925456854d2f7d224d47ca8e8cbccdbe3c2,896286,81648.0,386.0,0.004728,1,3,352
2025-05-11 17:27:36,381e568c9c46e22cb75bc92ba176880b0899d7f5aa03ad47c4d1fadf0368099d,896286,82364.0,200.0,0.002428,1,3,352
2025-05-11 17:27:36,f1fb131f6f78bb90362649aa41b91168bf425f45b38fec4e0b6815c27514e8b5,896286,82894.0,200.0,0.002413,1,3,352
2025-05-11 17:27:36,6acc1ed7499e7e14d663a98be4f79022c797e623f216a58d9cfb133d32aebdb4,896286,83424.0,200.0,0.002397,1,3,352
2025-05-11 17:27:36,b01e8fe37b84ccbf97f603f3b623f82a4874fb0d37f805e9b9a8d1ac3aca6a34,896286,83954.0,200.0,0.002382,1,3,352
2025-05-11 17:27:36,8c8e9f07ef8f481d367d1bd8bf7ef0f849d5adbcd8802732d1711e483f41bbe5,896286,84484.0,200.0,0.002367,1,3,352
2025-05-11 17:27:36,b59bf262e0e888b6a0b59744415b291f3ae07396e3bf0bda2f5336a10d97932b,896286,85014.0,200.0,0.002353,1,3,352
2025-05-11 17:27:36,07a3e6faca69bab9518b85c185cda553231d856215074490168918675ca2b2da,896286,85544.0,200.0,0.002338,1,3,352
2025-05-11 17:27:36,91dba85834ac0951624a87cf7bfbf90afa5c2ea6b2533b1e886dd913e39a9593,896286,86074.0,200.0,0.002324,1,3,352
2025-05-11 17:27:36,3ea8d8c416ee293c49519b11618be5a700033aea894892a309cf16ec630ee044,896286,86604.0,200.0,0.002309,1,3,352
2025-05-11 17:27:36,73c9e32eca7890af75d6e9d57ea053c89fb56e8944b629c3e200f1a576512dda,896286,87134.0,200.0,0.002295,1,3,352
2025-05-11 17:27:36,9eeacb002b64f6b18d16306831f537d9ddec8375a4386bf76c3d14a86ff58b6c,896286,87664.0,200.0,0.002281,1,3,352
2025-05-11 17:27:36,52b62a0f16437087e11390b7bab73771b4f537e25bd9587d3aa6bfc622ae1e9c,896286,80253.0,386.0,0.00481,1,3,352
2025-05-11 17:27:36,96889c21b27d91aeef5a41ddcbc15553c4d014ddbd1692d7987a753914151db2,896286,80969.0,200.0,0.00247,1,3,352
2025-05-11 17:27:36,516d9e99f75bee6e1ab60b20d37d23e38934dfd31debb20506000156bcd68b31,896286,81499.0,200.0,0.002454,1,3,352
2025-05-11 17:27:36,0ebab73377e8f3a4cd00fc99f87afd58737f4054313fa530a418d22b5e3232db,896286,82029.0,200.0,0.002438,1,3,352
2025-05-11 17:27:36,f3eff87dac9dcdd7ef4aa8db91a21ff65d887299b585634594e0c9fd82d00722,896286,82559.0,200.0,0.002423,1,3,352
2025-05-11 17:27:36,9d74dce12dfdb2c616ad069eee5d8fcb73453afca7b8a87b8ea42ea155c7a95f,896286,83089.0,200.0,0.002407,1,3,352
2025-05-11 17:27:36,6c2079ca1924eaede8506743d662f0888faa8c42a252cbbf156f14d9ab7b1368,896286,83619.0,200.0,0.002392,1,3,352
2025-05-11 17:27:36,139a92e917d818957dd474c48deef63318885e4b072a2fc97094fbb65116c34d,896286,84149.0,200.0,0.002377,1,3,352
2025-05-11 17:27:36,223bcdbee80fea647ff9059d67a978802fef9a921206505f4601994536db1b00,896286,84679.0,200.0,0.002362,1,3,352
2025-05-11 17:27:36,3b70f97266185263e02f637537d32ee1022ef06d6f7c2c6de2e8a3c6a8488581,896286,85209.0,200.0,0.002347,1,3,352
2025-05-11 17:27:36,8c230ce8e91e6942e26211cb0997cb50c20fd2ceba18d05d38c8463bef1f6b20,896286,85739.0,200.0,0.002333,1,3,352
2025-05-11 17:27:36,dfd7fbad125df751a6b4bf87ebbb43d42c6387f0b558310f64f27ae9e489de8a,896286,86269.0,200.0,0.002318,1,3,352
2025-05-11 17:27:36,cfcf8d5aca76f7eefc3f99476551c6a7935033a2c626d6fe5e655c7f72339293,896286,81648.0,386.0,0.004728,1,3,352
2025-05-11 17:27:36,3dc9ac5240d0e17458844ebac2a85e5544d7f9052d99208995fb0bf890aaf10b,896286,82364.0,200.0,0.002428,1,3,352
2025-05-11 17:27:36,b7bfe647794c1f9c6a0d270932a207a6879364a3d858fb5ea5ab7c63c5cb58ab,896286,82894.0,200.0,0.002413,1,3,352
2025-05-11 17:27:36,41d00c1b7d594b490af1854cd169f4e9c02a73b0bae20dbb8f9a934ed40631fe,896286,83424.0,200.0,0.002397,1,3,352
2025-05-11 17:27:36,6b3526ea98ec60bff10abbd9987441ce9cee98bf19b6016ba8276bbe5d48d814,896286,83954.0,200.0,0.002382,1,3,352
2025-05-11 17:27:36,3c34d0cba341bfae73261f2e3c5e1718dc196608c6337d4ee0d09edc0d1cb627,896286,84484.0,200.0,0.002367,1,3,352
2025-05-11 17:27:36,c293798fa986df5b01cd0d7704733899a92cf50bf6f56a2da2ffdff751c67041,896286,85014.0,200.0,0.002353,1,3,352
2025-05-11 17:27:36,a6245ae686117dc4a26e7ceef5268c5b2cfadcdf2407f791cc57d0b04b771d9b,896286,85544.0,200.0,0.002338,1,3,352
2025-05-11 17:27:36,3fbf68c4921bf189ebe9b8bbc8631d2d4ed825fe24ddbca77c4045bcae67805c,896286,86074.0,200.0,0.002324,1,3,352
2025-05-11 17:27:36,cc6126f43967b64bcd7351025f366a80cbd59163dafdc87d8a35ae1e0bf7082b,896286,86604.0,200.0,0.002309,1,3,352
2025-05-11 17:27:36,780764167e0c913fba28c9d05c80cfedf3806ed1bc0a5333092ad1db95ec7a04,896286,87134.0,200.0,0.002295,1,3,352
2025-05-11 17:27:36,f1ceafb59b7ac72e434a0d571ed4887fd5d7063514acfd3989a4e4c3cf7ba7c0,896286,87664.0,200.0,0.002281,1,3,352
2025-05-11 17:27:36,55051283f505751614a1a6038168264a701e687774bec9766e1ce4ccd3841a93,896286,81648.0,386.0,0.004728,1,3,352
2025-05-11 17:27:36,9dbc7ab6f43103a0462f7f3d22ea521dbf2bd530a116617d9481ba3f49895273,896286,82364.0,200.0,0.002428,1,3,352
2025-05-11 17:27:36,2854c2a7e832d2aa20c9b3d4d1899c30a243e833963085e36f8b84cedfd5afec,896286,82894.0,200.0,0.002413,1,3,352
2025-05-11 17:27:36,9fe60719c13d36b6a3a9cc3f9b757be672b81f49569a6b4d93d18fb9f3a730b5,896286,83424.0,200.0,0.002397,1,3,352
2025-05-11 17:27:36,24b9ba8ff580d670bb3befe1a836d081f75ac59158c7987941ce2a75c77de3fe,896286,83954.0,200.0,0.002382,1,3,352
2025-05-11 17:27:36,646254c61fd5fee1b17609c85729cf709b17f51f0b316fe5a7c96101cf68412f,896286,84484.0,200.0,0.002367,1,3,352
2025-05-11 17:27:36,ba22cd7e4fd1725adeffca6c1c9a532901da8d5618feed63ff1d6864ca8292f0,896286,85014.0,200.0,0.002353,1,3,352
2025-05-11 17:27:36,fc5290e0445d59c0dcc21916ef0b374a1b382ff048d067b0a35ba96ca1c01751,896286,85544.0,200.0,0.002338,1,3,352
2025-05-11 17:27:36,32b195cb825354caae15ca85c6e218f3e2fb435ea83cfe311ccabf2b3387ad82,896286,86074.0,200.0,0.002324,1,3,352
2025-05-11 17:27:36,01684cd0d06500355c3579f77db2af3744d63398283ede9ef49a734baf24e744,896286,86604.0,200.0,0.002309,1,3,352
2025-05-11 17:27:36,77aede2667df73f55d6ae233166f90ca3c5fa945e2aea098b85860d4266d631f,896286,87134.0,200.0,0.002295,1,3,352
2025-05-11 17:27:36,ec7abaa6978c60b74942558503a7d03bfebcf8c3efaf8da66968e9c9aecf245c,896286,87664.0,200.0,0.002281,1,3,352
2025-05-11 17:27:36,2064d354901324f940e620cdd4363154fdd7534fbaf741a759071733efcf5a65,896286,81648.0,386.0,0.004728,1,3,352
2025-05-11 17:27:36,78b7d344ca9fa801a753e6b9fdcb2853c4cfec14a634c20cacbc187b3f9c4c31,896286,82364.0,200.0,0.002428,1,3,352
2025-05-11 17:27:36,b577fe888dc6c3fdba46be8864d4a63d2c50d66b37c542d4de28748d5dd50d52,896286,82894.0,200.0,0.002413,1,3,352
2025-05-11 17:27:36,d3154e51ed16c4c07a61376f8468705b1682aaadd60a28a137848dec8b2c5cc5,896286,83424.0,200.0,0.002397,1,3,352
2025-05-11 17:27:36,21c37e2dffeb0cbf6370fe516b3c65925c59e44a303c0483c5588426d882b920,896286,83954.0,200.0,0.002382,1,3,352
2025-05-11 17:27:36,84e198bfe39059994941b5f9ffc44482263e17f45fef6ee4f16ab61aea74212a,896286,84484.0,200.0,0.002367,1,3,352
2025-05-11 17:27:36,6a5a465c6a1b0821d9585e7fc3d0d7acd106dbefbdd7e85885c5e3c98a27eb03,896286,85014.0,200.0,0.002353,1,3,352
2025-05-11 17:27:36,9f2376510755b40c3874fa17b335500e456d683f2f5c22adbf6d042bd636a6b0,896286,85544.0,200.0,0.002338,1,3,352
2025-05-11 17:27:36,96ba6d6dda227919253552c499740be43235bfb222cc6d51f0e355d51368e24a,896286,86074.0,200.0,0.002324,1,3,352
2025-05-11 17:27:36,1ddf7ea6160c1b7fccbd0ff7d5533748989222201c87197e475dfd970e479deb,896286,86604.0,200.0,0.002309,1,3,352
2025-05-11 17:27:36,ee8f26f04130819a5e6d6adea8ed38443a9c1c64a1dee48ed4970c790ab2648b,896286,87134.0,200.0,0.002295,1,3,352
2025-05-11 17:27:36,9cd4fa7ab119a9710197709ec512e5da0b8cab3cf69c3af0ef12ec2e87d14488,896286,87664.0,200.0,0.002281,1,3,352
2025-05-11 17:27:36,6f2fdab31f64f7a7ef33e9f45ac7b41c34d6532c320889a069874146ec96b33e,896286,81648.0,386.0,0.004728,1,3,352
2025-05-11 17:27:36,1472d7ab65b450be8d1b8aaf99c6358bdce0d63a8e299b851cda3518ebadef57,896286,82364.0,200.0,0.002428,1,3,352
2025-05-11 17:27:36,3162b67da1731faceaf9c47a89b69b3867bb56fed93bbd686c2819f7b750f118,896286,82894.0,200.0,0.002413,1,3,352
2025-05-11 17:27:36,d0283315fe6177caafda8e1a89ed870e8a2e95cf871ec4d42c368563bef9c042,896286,83424.0,200.0,0.002397,1,3,352
2025-05-11 17:27:36,3c0fd23558b0b3a265c2f40fe2824a19256bca64f63ea4b6a2b698ae5abbfd3d,896286,83954.0,200.0,0.002382,1,3,352
2025-05-11 17:27:36,c34e175457376ffb597b7f1e7cc6227dfe1866c0be7d142b7020858695c11f68,896286,84484.0,200.0,0.002367,1,3,352
2025-05-11 17:27:36,1fc29f33ed9794e334306eb75076b97d612d65ca7986b65650e1958774c70535,896286,85014.0,200.0,0.002353,1,3,352
2025-05-11 17:27:36,f04eda09946a7b48bd5ab5d48cf50ab14e9df3476ab0fe1994bf115244fba5b6,896286,85544.0,200.0,0.002338,1,3,352
2025-05-11 17:27:36,4ef6f83cac6845e32f6e958a8426fd192d069a936ace05b7dacbb38a2c3f3f66,896286,86074.0,200.0,0.002324,1,3,352
2025-05-11 17:27:36,01b75d6a838ee9ed7f38fb61c536dc66ecfd56040bff6714f710052a8f255791,896286,86604.0,200.0,0.002309,1,3,352
2025-05-11 17:27:36,692d94355fb137787f0668da8b9725e8977d034b5595e4cb1ae8b903ab4fda7b,896286,87134.0,200.0,0.002295,1,3,352
2025-05-11 17:27:36,04480ea42b8e2380412134741975e18b73fceb46e41527c12d2478d7ff78f51c,896286,87664.0,200.0,0.002281,1,3,352
2025-05-11 17:27:36,c6c2379957c289d613a4a34c6b4aade62136a274839173d58101053308695575,896286,171742.0,37823.0,0.220232,500,2,74310
2025-05-11 17:27:36,bf731d1c927cb9f630f6cca76a9317d4edf8fac00594fa6dd4c836b3edf6d5ad,896286,81648.0,386.0,0.004728,1,3,352
2025-05-11 17:27:36,d327a29e1b5ef88da688ac65b65d6416ab4470c35c596778e7028c8b2474a305,896286,82364.0,200.0,0.002428,1,3,352
2025-05-11 17:27:36,46e2aabd9f0bc3ac4c39481616fd08b6933e3d5e566fe6999f3606d0644316af,896286,82894.0,200.0,0.002413,1,3,352
2025-05-11 17:27:36,5dbcfa523e3a3013a46424acb4a9a0be4fb0affbae7a6669faf7740b29172590,896286,83424.0,200.0,0.002397,1,3,352
2025-05-11 17:27:36,6332c1330fc018eb5065eae348a08cc77af2817cd29007589b7f2224b8f5e572,896286,83954.0,200.0,0.002382,1,3,352
2025-05-11 17:27:36,14ff4597b589c45199e7bac256d222c6aec10559c21c14978bf4d509761036a5,896286,84484.0,200.0,0.002367,1,3,352
2025-05-11 17:27:36,b5c80353ac0d769cc9d0aa68abba5d48dcc4dc16c5491da9d104664695eca2e0,896286,85014.0,200.0,0.002353,1,3,352
2025-05-11 17:27:36,f9bc8a5bcf7265b4ad51aa3f0f17b32edcd1357b87e61b80a043e1323822117f,896286,85544.0,200.0,0.002338,1,3,352
2025-05-11 17:27:36,bbdb8513f343af2b273e487ffc7f5343e37b43909bcbd186eb91fada8689105e,896286,86074.0,200.0,0.002324,1,3,352
2025-05-11 17:27:36,ba4e8dad94ae6e446c93c22401c63a28012361c1822375343182b0c4f82fbf1d,896286,86604.0,200.0,0.002309,1,3,352
2025-05-11 17:27:36,3fef15b7f18b4a662b6b13ebdbe2f3f86f4066140e66b079694dfa956b6aa5b4,896286,87134.0,200.0,0.002295,1,3,352
2025-05-11 17:27:36,1155e74e9c9176e4ca0cf9745ea73c24921821fce9b146c4c0a03bb590f8a85f,896286,81648.0,386.0,0.004728,1,3,352
2025-05-11 17:27:36,3fca3d58245fc2a91b08927689e0442032ee1b6ebe0d4b0a3d2691fdf5666d75,896286,82364.0,200.0,0.002428,1,3,352
2025-05-11 17:27:36,27c174d5cc7639d5a1ddca658c09a3f327f425a1be5921f38b970c514c4a9119,896286,82894.0,200.0,0.002413,1,3,352
2025-05-11 17:27:36,0953154e64b71339d68fc77df8caafdca6046c859ceab11bd3992d9ca462f078,896286,83424.0,200.0,0.002397,1,3,352
2025-05-11 17:27:36,860f3d064f0c377a4b09f7b96d819f4142269e5f7bee5e107ee65302bd8e205b,896286,83954.0,200.0,0.002382,1,3,352
2025-05-11 17:27:36,06b05a363c7ba8cbc10f6bd2527b139a46ff032a982b411d8cb4de3df443193d,896286,84484.0,200.0,0.002367,1,3,352
2025-05-11 17:27:36,9f521e09682ba5746457d802a57bf90183a483c9ea6d0739c9060e3150a92069,896286,85014.0,200.0,0.002353,1,3,352
2025-05-11 17:27:36,94be544bae34a39e256a3ea4b0c2f8df4bb5bfee4bd76a3d1167142f5484744e,896286,85544.0,200.0,0.002338,1,3,352
2025-05-11 17:27:36,64f0196b2225e4fa0a25be6dcfc42014bce7ced329a98c55405e0b9fd2a8df45,896286,86074.0,200.0,0.002324,1,3,352
2025-05-11 17:27:36,7cf99dd529e769d2d2b639d3914f8d28b137270f912bbb2462223bd83f1abb79,896286,86604.0,200.0,0.002309,1,3,352
2025-05-11 17:27:36,82cfde8dd3beaef37d383a5baf5cad83fe6d8ba34971740c7283da00a2b79685,896286,87134.0,200.0,0.002295,1,3,352
2025-05-11 17:27:36,ad1b35e599f080f3da945a211f712825a72c144f9e52d2c82d03446be8f6d545,896286,1214178.0,220.0,0.000181,1,1,192
2025-05-11 17:27:36,40bb6d22fefe0a59cb7f41e4e01b6ab762cb2bfe42525cbb85ec9bdcb5668160,896286,47475042.0,5230.0,0.00011,2,142,4915
2025-05-11 17:27:36,6cc1f76faeffba462bbbc7024b9f0267f454c5580f82fd2cfb27863cf173e71d,896286,3261592.0,176.0,5.4e-05,1,2,234
2025-05-11 17:27:36,7754f9346ea7acafafb6504e460e9c3a92bea476821abdeca3486cd27c87ec24,896286,494498.0,163.0,0.00033,1,2,223
2025-05-11 17:27:36,1283502ab8158a6f8c1f9a43dae58438c7ca79d2cc60a1020a44de575c8ae3ad,896286,257020.0,167.0,0.00065,1,1,326
2025-05-11 17:27:36,53ffb4c36f0d0cd0a92317668ba27f087fc6def2d4e0dc5b2c3b75f052902e41,896286,34195610.0,736.0,2.2e-05,1,17,708
2025-05-11 17:27:36,3eaaf993b1c86e97dbe63369d31607474910b8f16ce219a9e764e0d3c8835cb6,896286,451922746.0,1558.0,3e-06,1,37,1387
2025-05-11 17:27:36,a4b48f6744947725ab90b163d2079c1c8832d292f256c27e81891318eb171f10,896286,25497109.0,1157.0,4.5e-05,1,27,1050
2025-05-11 17:27:36,94c01317f1196cc8dd41b859ec3509a2ab43142749c58ee559b417faf3881487,896286,437482458.0,939.0,2e-06,1,22,867
2025-05-11 17:27:36,0d2e21db31833c484fd16f59d3791a3adda12617b4ce45bc0fd76412ed21f053,896286,1135895148.0,170.0,0.0,1,2,224
2025-05-11 17:27:36,c75fbc69fe1140ec75a748e127c2d61d4abfa7472c0b73450e605affdd8076ea,896286,32814449.0,169.0,5e-06,1,2,222
2025-05-11 17:27:36,a20fa23f4b8d2e2d9c3b523a68c9db6b1c0225d3b794a98741214ce99bc0f7e4,896286,677954936.0,169.0,0.0,1,2,223
2025-05-11 17:27:36,19dd816f0be3f045bd438081e75e485bf591853667ca68ae6d8503e35908fcd9,896286,55251795.0,169.0,3e-06,1,2,222
2025-05-11 17:27:36,3540eba772a975e2786e36895a6050e054d66ce16ae4eeff14d69b842d2b82cf,896286,9959831.0,169.0,1.7e-05,1,2,222
2025-05-11 17:27:36,f2ef9f6a59c5ff9db5ee65c8e527343fc7630d514f73df0c3c517d50c4fe8ec5,896286,1921006.0,169.0,8.8e-05,1,2,222
2025-05-11 17:27:36,6447c1784d506f64c533efc229fa3f15dbbf622348406a1da64ed406ab9a7cc3,896286,278377859.0,169.0,1e-06,1,2,223
2025-05-11 17:27:36,7b115f3d7606416edccfdf9550d530f3f21ea7695a4b8cf6046d76cd2550bdbd,896286,278384718.0,169.0,1e-06,1,2,222
2025-05-11 17:27:36,8e1e5f73b6047b8436c518492f64fed6dd8739958f55044b5226d44766ede46b,896286,689420707.0,169.0,0.0,1,2,223
2025-05-11 17:27:36,da3d4758dda5f8a377919c771b120e13feddf56aebce69c3862fabaccdca985e,896286,14425454.0,169.0,1.2e-05,1,2,223
2025-05-11 17:27:36,cf047754384f05f30cc4552e717fbdf688b82ca20678c2aba2658b4b0166b322,896286,7089902.0,169.0,2.4e-05,1,2,223
2025-05-11 17:27:36,1bedae24f532a1662a01d5284d66fc205a61a22368a2fe78e0aa92c6580c3d12,896286,12629394.0,169.0,1.3e-05,1,2,222
2025-05-11 17:27:36,4e704528e0a84465444289dabb98161d01e305cc403cabb20b0d6f4d2b999694,896286,328515466.0,319.0,1e-06,1,6,347
2025-05-11 17:27:36,88472dc6426fd90dca1b355923320b59aab3bdb30ba966d3eb177d19482c41d3,896286,146971.0,132.0,0.000898,1,1,192
2025-05-11 17:27:36,d95d1397da95ce3cf5238e0241fd9b3c1667ef4b28442f022cc8c755b6288ba4,896286,66177.0,252.0,0.003808,2,2,372
2025-05-11 17:27:36,ff480ebc0f4e0debc5d4740a2646ac5258e4c262769ce4bb9f743f75e0456155,896286,1126.0,240.0,0.213144,2,2,300
2025-05-11 17:27:36,764bd4d7eeb533f905797e54a1e81512b88c7bd11ac06f6ba3d9f9976aa63635,896286,183362.0,132.0,0.00072,1,1,192
2025-05-11 17:27:36,59a8827262b000ae86ff75eacb25504e3adb6b10a53d596dd58f672e79523c24,896286,17188.0,132.0,0.00768,1,1,191
2025-05-11 17:27:36,e3b79692bd63aa4588ef5ac22a0a1c7513f9476c277aa9d17ff65ac545c9f30a,896286,23622.0,240.0,0.01016,2,2,301
2025-05-11 17:27:36,71f6c28a6b051ed097975713670c8144121e4969c98ea2cebbcb98f862eac802,896286,94780.0,132.0,0.001393,1,1,191
2025-05-11 17:27:36,d19faf18ac7fc4d8f1dcfa8030aebe6ffbfc1b01222527880981693e958213f2,896286,23232705.0,173.0,7e-06,1,2,225
2025-05-11 17:27:36,b09be3988c9c19a3ef3d3cd2ae3c540d4dab20450a6314305e0ebe26d23918c5,896286,79118016.0,173.0,2e-06,1,2,226
2025-05-11 17:27:36,7feb75c663e35480ea0d320e75938bdd5f149bf15219b0a7d6ba8250691518b1,896286,18902397.0,173.0,9e-06,1,2,225
2025-05-11 17:27:36,9a75a9451cd9397e8332c9129a9f2c97e31086eb3598aadcc4efd66ff958d8a4,896286,6911918.0,173.0,2.5e-05,1,2,226
2025-05-11 17:27:36,d16e68e792747a7209e3325e582ab194f94057c8634a7213bb56c3e2e38a9521,896286,41905994.0,208.0,5e-06,1,3,254
2025-05-11 17:27:36,d670deb0cc5ebf17ff90e15dbebaa579ac4db093fcb4109aae3ff3d6963dfaa2,896286,29098.0,398.0,0.013678,3,3,574
2025-05-11 17:27:36,82368b345c272d4e79b95e7e817d2bb7640093272705086eb9c19b9dd04bf31b,896286,5567576.0,184.0,3.3e-05,1,2,235
2025-05-11 17:27:36,cdc1e7ceff1d29d1f5311901e445fdbcea88083384156df90f4bc9a6dfccd8d9,896286,140265973.0,362.0,3e-06,2,5,463
2025-05-11 17:27:36,1609c439d27f9bd362469fbb67be4946519a238632433876195763d62ab92bf4,896286,41885397.0,907.0,2.2e-05,10,2,1561
2025-05-11 17:27:36,339950a6603ed5a9a12d5c8964f5aab5baee4f3ab9ed40c543c21948f6d038d3,896286,277708055.0,3284.0,1.2e-05,39,2,5873
2025-05-11 17:27:36,987f3bc7ad2fdfb212ca6d97d59fa049c3816d870734a1586d5549a53342e2a5,896286,17725340.0,744.0,4.2e-05,8,2,1264
2025-05-11 17:27:36,472d041d062e86c754f7ae10243151eb048a8fc78a2ddd9dc49bf9fb67680e10,896286,2773615.0,1726.0,0.000622,20,2,3048
2025-05-11 17:27:36,122ae23fccc19b02994467ab1924b4a51c5b24e2ce51d8b6ae6473731f576e1f,896286,19997719.0,281.0,1.4e-05,1,2,231
2025-05-11 17:27:36,61507528916e9820114407c585bdc8da8ea5f40adc825a96d99518b2cb83abd1,896286,7781825.0,175.0,2.2e-05,1,2,222
2025-05-17 07:10:42,ce68c89ddf6ec5170e9e905269e0b5626a6a6c6dbf75818a2aedf38e46ed8dc0,897072,330.0,166.0,0.50303,1,1,320
2025-05-17 07:10:42,54d2e5a36f43fa63914fefeaa657d8d5fa3a6ab143b4bf7343b3e06bef59e2bf,897072,330.0,166.0,0.50303,1,1,320
2025-05-17 07:10:42,233222c2ff178457fa0cc46c0be11ad380198dce1d7deaab243d3d213257e3be,897072,330.0,166.0,0.50303,1,1,320
2025-05-17 07:10:42,90e7f9722f0e5d18a4399dfbbac353d8f0cdee883791f097bd7b45104af485b4,897072,330.0,166.0,0.50303,1,1,320
2025-05-17 07:10:42,a847ca13d751650b80646202766d793bcfc0cd75237159d2571da133f5b2eeb2,897072,330.0,166.0,0.50303,1,1,320
2025-05-17 07:10:42,e5df7bacc9e82766e468963bc8227d469d66cf136605ce1950e8713b1a940cb2,897072,330.0,166.0,0.50303,1,1,320
2025-05-17 07:10:42,61128f4e1501344b74f87ae15725f16e24987ba697a9a9a1446f080a81c141a8,897072,330.0,166.0,0.50303,1,1,320
2025-05-17 07:10:42,9286683541dece4336927a5af8e070a7f4c60b29a3f402e7baf187eba45503a5,897072,330.0,166.0,0.50303,1,1,320
2025-05-17 07:10:42,b5a8167ee83477a12ee6c5508b5a04e276e85f5982307b9837f86a9af2f625a1,897072,330.0,166.0,0.50303,1,1,320
2025-05-17 07:10:42,d73f63f7a83622f58341fe46d61e0742f7c06a8ffa50a57e0bc172f693074197,897072,330.0,166.0,0.50303,1,1,320
2025-05-17 07:10:42,86a8552d1b0ada9fa7ae8f79f1e2b2c7072ca3d608bedff45151ea7a2604f295,897072,330.0,166.0,0.50303,1,1,320
2025-05-17 07:10:42,cb762cc66690144fc0ac7e8c0e7ad262376abcd2e8b29ba8f8550e9a98136793,897072,330.0,166.0,0.50303,1,1,320
2025-05-17 07:10:42,001c3945853cc04dfb768eea085423dcc835f4e0d5d34aaf753af0327debe78d,897072,330.0,166.0,0.50303,1,1,320
2025-05-17 07:10:42,0e5c375f683c8f535f11ed376ab0097c030411b6b6f57a3f3f8bf63e9b03a684,897072,330.0,166.0,0.50303,1,1,320
2025-05-17 07:10:42,bff76d88745818cbc45f9a8f64de09bd38a223419b13a011179027a0002ed977,897072,330.0,166.0,0.50303,1,1,320
2025-05-17 07:10:42,0f51ee5a9ccae2a5e3c21e3f682459664b8bb4ae405505385deab48793e4f86e,897072,330.0,166.0,0.50303,1,1,320
2025-05-17 07:10:42,17e5eefbd47bd2ab3fe3883ba9e34cc2524feb94422726e25aacfc5d27626c68,897072,330.0,166.0,0.50303,1,1,320
2025-05-17 07:10:42,7c686f053976d37a162919541e8bb92619e22fec0b4dd1cb5ed8257b262b395e,897072,330.0,166.0,0.50303,1,1,320
2025-05-17 07:10:42,eeec210d4504e2a0bd286195c6e1cd46783bcc27e7277ffbbab1996e4a932151,897072,330.0,166.0,0.50303,1,1,320
2025-05-17 07:10:42,f49da099d9e4b2085645e64242a12efa0ae98b59a6ec83935bde769566354a4e,897072,330.0,166.0,0.50303,1,1,320
2025-05-17 07:10:42,1a68854394d044f7924b90d1985b324dcd32c262a796cf9f4935b3c2f7d34845,897072,330.0,166.0,0.50303,1,1,320
2025-05-17 07:10:42,a7b34610ba2d10b49a727069a020eaa92111868560d8fb09821401d441b5ca42,897072,330.0,166.0,0.50303,1,1,320
2025-05-17 07:10:42,3bfd2b8e08e52a58da4d528a06cdd7041627b0fafea28ffc5becc62e95057a40,897072,330.0,166.0,0.50303,1,1,320
2025-05-17 07:10:42,7a03e719c8ebd579768c134b50e2316324d9bdae6a3fe03a38962356a83c7840,897072,330.0,166.0,0.50303,1,1,320
2025-05-17 07:10:42,7e76b49cada9d1b708ada72a8a1e8fc8ccba72bc3f74ca8544bf041a78301c38,897072,330.0,166.0,0.50303,1,1,320
2025-05-17 07:10:42,a6530b6691357ad79a4c034f6b24503d6ddabae5490b706e81244a14ca321c36,897072,330.0,166.0,0.50303,1,1,320
2025-05-17 07:10:42,879e155949d84f320abd83e7576ad03b5a496a71b9cf9039378c8de1f7374a2c,897072,330.0,166.0,0.50303,1,1,320
2025-05-17 07:10:42,d4eaa5f29f6710a7e175b952883f8a660292edab2353d8d5a3259de0b46e5223,897072,330.0,166.0,0.50303,1,1,320
2025-05-17 07:10:42,9f0b67dbaeceb4e85370cb1a165e072dbe69793bda43c6d94a7fdbf87752cf1c,897072,330.0,166.0,0.50303,1,1,320
2025-05-17 07:10:42,613ac1608fe9d7b6d2da5fce8288df2c6ee45bf7c62186a12b52ad1e31e43c1c,897072,330.0,166.0,0.50303,1,1,320
2025-05-17 07:10:42,5466ab227a5534c7676d6c90eada0e2af537f622d791a483fac333c71df7ef08,897072,330.0,166.0,0.50303,1,1,320
2025-05-17 07:10:42,a4ccd1eb8815ed32522d160097953ba08d6bf7d4ef1282eb8031a5675cf95d07,897072,330.0,166.0,0.50303,1,1,320
2025-05-17 07:10:42,1e6697ff7f4bf637af7173b37b16a8b39329b57031708340e36031a14784c505,897072,330.0,166.0,0.50303,1,1,320
2025-05-17 07:10:42,add7ac32daa50bb9b69694d87d36131e6c9d40a908093707899b479c54e6dd04,897072,330.0,166.0,0.50303,1,1,320
2025-05-17 07:10:42,106028db7d485fc300d5bf465512a8e2996de867c17fd0eff970c762b542dd00,897072,330.0,166.0,0.50303,1,1,320
2025-05-17 07:10:42,895d1ba8a209b328df88b05c94d041a31bf185a6ec5902e85880e411daeadec8,897072,31335.0,1257.0,0.040115,1,25,1194
2025-05-17 07:10:42,1c9f50c5ec5a45bf2450ac6433b60c414819e465632359dbe375f6cf69429fa9,897072,30903.0,1257.0,0.040676,1,25,1194
2025-05-17 07:10:42,20db11824b7c304a662ff0ad7d95b90609003c09164611f9c61bfe53c15022fd,897072,74695336.0,2846.0,3.8e-05,2,75,2748
2025-05-17 07:10:42,55e34ad9850ae4c40d111c3cb5373bbaa484ec16c9f2402b2a7d1297779f5fbd,897072,9803919.0,5733.0,0.000585,59,2,9965
2025-05-17 07:10:42,c98931d03102455ad99f088e5a4c8370e37bf774acbc4cde7dbe16519c1e1795,897072,1730.0,131851.0,76.214451,3,3,350887
2025-05-17 07:10:42,1a3dc5c011c3ec3342d9cab9fe0e240035269185f464ddff006dfd406cf5b83d,897072,10924.0,286.0,0.026181,1,1,407
2025-05-17 07:10:42,0115026d4ee175fe376e407a9951ac1c2bf438d4ffc4bd6d0f4453aa9b1fcd5b,897072,30613.0,286.0,0.009342,1,1,405
2025-05-17 07:10:42,6c9f9efbc04d36a0eb51069ab2e3c5aac09feeb89680b8dcd7938494c97644dc,897072,349121515.0,247.0,1e-06,1,2,222
2025-05-17 07:10:42,0997440c9858549efa3320df84bfb0bb0c907f4f68a084102775be5d4051eff4,897072,1222124.0,422.0,0.000345,2,2,312
2025-05-17 07:10:42,a12f7d8bf744a78376effc12159b58bac21b0e1e36ba4fdcef11e5030f87f28e,897072,1831624.0,422.0,0.00023,2,2,312
2025-05-17 07:10:42,e6c1d93a4e79a1ac4f2012fbe00f48b63732724ba3354685ccba49ca6f280a2d,897072,8278.0,281.0,0.033945,1,2,222
2025-05-17 07:10:42,4a6d4956f21a8fc1ce2a3fd2e5d94bc7ac32acfdfc9c25b0497a835661ce4a70,897072,1505388.0,287.0,0.000191,1,2,226
2025-05-17 07:10:42,49c7672ffc0a0bb3a7f4e4d62cba1b423971758a2ce6ba6ce5c1077333537be9,897072,28731.0,1610.0,0.056037,1,4,451
2025-05-17 07:10:42,3b2816d77f840b2ffab847f3e25a805cfe42cacc2d93c991aadabdc7fd0255e0,897072,546.0,304.0,0.556777,1,1,326
2025-05-17 07:10:42,8e5e2d6324501ad8f8698adcaedd97c02a3a5119e90de1e283235a24d3e668de,897072,156350.0,572.0,0.003658,3,3,436
2025-05-17 07:10:42,49a008d205eedba541f9546da487fa9c6b3e2612acdb04fdc89a97e6531346dc,897072,601559.0,198.0,0.000329,1,1,150
2025-05-17 07:10:42,eb4cc210394633893994b338e3bb95d837b9c5fbd92f6285e8b8e0995e3a03d9,897072,96679.0,1610.0,0.016653,1,4,450
2025-05-17 07:10:42,184089d50acaa76b7fd76711b766b644f6bbafda2fbc93d7d72f0b775f0c60d3,897072,836928.0,1428.0,0.001706,7,7,1062
2025-05-17 07:10:42,212462f076949a8d26489238135729b5fd08adf95ac6da589ac7662e64f273cb,897072,502584.0,922.0,0.001835,6,1,946
2025-05-17 07:10:42,8aa4eec220b4335da77141cb02d64aa5eb736fc86b639390a41c91024d023dc8,897072,546.0,304.0,0.556777,1,1,326
2025-05-17 07:10:42,9683894b57d25fa5e2b766e92dbb5b18259a4e35c1d0a3a8df8bdb383fce8cc5,897072,546.0,304.0,0.556777,1,1,326
2025-05-17 07:10:42,fb84b67ff49774823ad0edba54c880b568d51257398bcdec42624939342116e7,897072,87727.0,308.0,0.003511,1,2,205
2025-05-17 07:10:42,f66575fdf87fc3dbd9703b2eb2502fc0466d3cb96687be9c5704d70400961cc3,897072,45145.0,286.0,0.006335,1,2,194
2025-05-17 07:10:42,405ff76b5e99f88e0828db9fc2483f23cd1a80bd39089ff16ecd8e317d402daa,897072,546.0,306.0,0.56044,1,1,330
2025-05-17 07:10:42,2ddd7aeadbdf6c79cba374b2f066db0c3c8f1d80985680997f4f654e6b4455a4,897072,546.0,304.0,0.556777,1,1,323
2025-05-17 07:10:42,ea9898736dc68ca9ba61824f6245d9b5be644409c436255626ab446b97dac0a2,897072,90359.0,308.0,0.003409,1,2,205
2025-05-17 07:10:42,497c4a289eaca552814eff14486866e936a74a4618682cff19534962297fa09f,897072,22969.0,284.0,0.012364,1,2,193
2025-05-17 07:10:42,7930c1a52716cb79103d238d5ce2b6b8d4f4d2f1f4b3539e2372e9408aea779c,897072,127393.0,220.0,0.001727,1,1,191
2025-05-17 07:10:42,aa14a8eda4b6ae057c13bb7c9efb6231e25f4b1027745e135fa14cc71523ea9a,897072,546.0,306.0,0.56044,1,1,330
2025-05-17 07:10:42,93e3af0126e638c764ca495d869488bd9ec784b4e1489fff561d042f94c8d0c9,897072,307192.0,308.0,0.001003,1,2,205
2025-05-17 07:10:42,3f44e4b44761e5da084a28b24f91a9cb721452e84e088dcee9d594a034b5a795,897072,546.0,306.0,0.56044,1,1,330
2025-05-17 07:10:42,60918307ca1a0a2ef60f2d1ae40b69714680b97677c2df2f9e1cfc445ef28595,897072,19870.0,1610.0,0.081027,1,4,450
2025-05-17 07:10:42,5b9d7a897611e334d9536f62fc0eef212a31da0ca4d8f22375bd789f16e5958d,897072,124154.0,226.0,0.00182,1,1,194
2025-05-17 07:10:42,436ea2fb3ccf1c350db9f329c593354917f57a637f8e073218dc1e77d291868c,897072,150892.0,226.0,0.001498,1,1,195
2025-05-17 07:10:42,1d2fc387f7e04d37d6d4a1bae7f6596aaa26817a151da938b059df0defabe487,897072,546.0,304.0,0.556777,1,1,323
2025-05-17 07:10:42,3be312a0004a616687159f60a02443c8b5292a9482be7c10fab82afe99292f83,897072,546.0,306.0,0.56044,1,1,330
2025-05-17 07:10:42,6fb9759f91346c8caad677b7f9b40e1d5601126869b3332bd0102be5fad84dee,897072,278723.0,308.0,0.001105,1,2,205
2025-05-17 07:10:42,33181c713b008ea0fc32ac36337fc3f535cba2a130d10ef1e815d4a291cedc7f,897072,9831545.0,282.0,2.9e-05,1,2,222
2025-05-17 07:10:42,4eda0a7ada429f00ddf3c9bf45b357153440d881081d76f3a93bc18be054387e,897072,546.0,304.0,0.556777,1,1,325
2025-05-17 07:10:42,48570c817241e1df20535880f081728fae29d45b2689c4dc0ad611b3f859829c,897072,171610.0,308.0,0.001795,1,2,205
2025-05-17 07:10:42,f61f7f6b8b22e738b3a63356e35acdbb8b62fbd078060e008f47dc02badbc87d,897072,7897810.0,308.0,3.9e-05,1,2,205
2025-05-17 07:10:42,607fc937b895478381725bb315b65cc486d18901d490406d1446b839862c157d,897072,157637.0,222.0,0.001408,1,1,162
2025-05-17 07:10:42,fcdbf083ca0fdc86d150d1c900dec37b2616eb17cc8ea0acf26bba1e9662087b,897072,137906.0,308.0,0.002233,1,2,205
2025-05-17 07:10:42,637ae0ad1f54249c1cbcf6745ffc82aaa0532f8decc93e5db11320e7b985d876,897072,1054692.0,308.0,0.000292,1,2,205
2025-05-17 07:10:42,370321fbe15afb8e756ae8d5aa0a9b367404ca21a8ee74d007da7a4d50369370,897072,471318.0,424.0,0.0009,2,2,312
2025-05-17 07:10:42,84b191166d849505044bd40b1a072dd75b8c80d4081239ee8e6a8fe772d2936e,897072,546.0,304.0,0.556777,1,1,323
2025-05-17 07:10:42,923cc87d685062788df966dd4e11900a98e5aab1a1aff12c84904dce5c94cad1,897072,16154.0,308.0,0.019066,1,2,205
2025-05-17 07:10:42,8f2b16bcd215f994e0969d00bc2b8d622e5336d5bd5fb2b98cfe843c3ea69c6d,897072,546.0,306.0,0.56044,1,1,327
2025-05-17 07:10:42,6344cd3411a225b3e76934352e15021b6bc94a8d9437bbb8f6e500f0af7f9c81,897072,91510.0,308.0,0.003366,1,2,205
2025-05-17 07:10:42,98ef0b4dccbcda7152d076b03a39c7b5ad329b5d43db6788de7139746fb9666b,897072,2999455.0,308.0,0.000103,1,2,205
2025-05-17 07:10:42,bc113f7722b5216d8c9e8c56c21c7ce28dc79f2c24f4ae808dbf7c79fe1db567,897072,28312.0,308.0,0.010879,1,2,205
2025-05-17 07:10:42,87076ae14c84e8d4d070e8231b368281f686ec71841cdf3612158b4df45a6666,897072,6744.0,222.0,0.032918,1,1,162
2025-05-17 07:10:42,e87a213bce2a6aa5d1923e9bf725316e38096672e054008334e5939dbd228657,897072,26607.0,308.0,0.011576,1,2,205
2025-05-17 07:10:42,f724b70da91b131305483df4eb88b841c2f5357dc762fc1e86d223b1614dd756,897072,546.0,304.0,0.556777,1,1,323
2025-05-17 07:10:42,63c1f3def1924ad5e3a66cade096db5dc76ee10a84d3947ba7f23fd599b41559,897072,9669.0,308.0,0.031854,1,2,205
2025-05-17 07:10:42,73f079d59ffbfb9fcb4f7cd8e5398b8ceb0c8a8de47592d67f4c81d1a25f0d55,897072,36340.0,308.0,0.008476,1,2,205
2025-05-17 07:10:42,225884ffd0525ea99392d8f3bf2c6a66e6f53c33584805d7e2092c023e9b9b54,897072,546.0,304.0,0.556777,1,1,326
2025-05-17 07:10:42,5652459374495df0fd82ddbc7c3110032ce32635aff0dc9d14ab6baf9371414e,897072,546.0,304.0,0.556777,1,1,323
2025-05-17 07:10:42,056f53e67c5db849ca03c6ab7dcfc54fe7f4825ebed57756bfb7309cb7cc1574,897072,3292.0,308.0,0.09356,1,2,205
2025-05-17 07:10:42,9d882ea675993e4238a3aa00253386c5eb256ca9c08f8c46e1bdc18d2c0c084d,897072,1303699.0,308.0,0.000236,1,2,205
2025-05-17 07:10:42,ed4ec4e98190bc0082146cfa6571eae9bd1415310d0345adc8954081b5a80a4b,897072,52201.0,576.0,0.011034,2,4,388
2025-05-17 07:10:42,6cb2f6329e7a6834fc27dba5f82dec34ff6955ca138c120a0a5ad930626ca3f0,897072,53323.0,576.0,0.010802,2,4,388
2025-05-17 07:10:42,f66093c1b15b1c7c663523c8acf2298f5bed4d7812516aa2c2694644621d5bfc,897072,54445.0,576.0,0.010579,2,4,388
2025-05-17 07:10:42,cdfd29b0db8a397a4230b2c6198aca4337e2ad3490f1c9a3cee5effddbd334b7,897072,55567.0,460.0,0.008278,1,4,281
2025-05-17 07:10:42,0757cb3d9e3914f6cc7645ab5395bce8522e4d925583f305d5422135d6100c3b,897072,836922.0,424.0,0.000507,2,2,312
2025-05-17 07:10:42,e205a6ad35a622e73e00b4c3c52a6b619a4891001dbb6a719d7cf9ae7c1971ba,897072,72820.0,212.0,0.002911,1,2,363
2025-05-17 07:10:42,86c23d2390697790483d363fe5c9f0bbb57058ba9dc484b4bd5ea40734d37d3e,897072,73362.0,212.0,0.00289,1,2,363
2025-05-17 07:10:42,d22193a1a1c83a5fc698887840c1f7436381d936d296649adb10bd28bdcf7f65,897072,73904.0,212.0,0.002869,1,2,363
2025-05-17 07:10:42,ba8652ffe746b2540c796fddb77c45c95fe66413ae56ee2357c7a4b4b96ebc0e,897072,74446.0,212.0,0.002848,1,2,363
2025-05-17 07:10:42,d5145ecaa5352edf21ae4e409e9ced7e099d7ee4aafaa1f70455e6c81c208d59,897072,74988.0,212.0,0.002827,1,2,363
2025-05-17 07:10:42,a200f6737f6809ad27a4105bb83f55055b1175626cb308657150b11617c94f5d,897072,75530.0,212.0,0.002807,1,2,363
2025-05-17 07:10:42,26c692179dfe0db7b51c16448225fe8e2fa6edbd0dd32f86e6c7037d7a63bf16,897072,76072.0,212.0,0.002787,1,2,363
2025-05-17 07:10:42,9e461c2981a2e4f8851ee2ecddef9a7a0d7264ed4803e7f9180a3b0a40619f60,897072,76614.0,212.0,0.002767,1,2,363
2025-05-17 07:10:42,2f01282f24121a2d63f3add231a15995564062d59def06932bb45ae65531c5ee,897072,77156.0,212.0,0.002748,1,2,363
2025-05-17 07:10:42,f1751376e21346e441fd5ede1e6236079ac58f4a1dbcffaf7a8e25a0c47c9915,897072,77698.0,212.0,0.002729,1,2,363
2025-05-17 07:10:42,ece20fcdb3dd46fd8dbde2a4db29c053fa1030bb73198a77cf0bdb04c142849f,897072,78240.0,212.0,0.00271,1,2,363
2025-05-17 07:10:42,832b46088cc7a000445f7b0e54c02a0ac2640aac77ee7820545aa2d651237b3c,897072,78782.0,212.0,0.002691,1,2,363
2025-05-17 07:10:42,5022a6671e836904cc08da3d99fe13b885d9888c4966bf5b5b9f9feff662605c,897072,79324.0,212.0,0.002673,1,2,363
2025-05-17 07:10:42,8bbc337ad3c9b3085b5d8f253d1e441afa947cd1cde9a4d65ca7ebd0e0751ef6,897072,79866.0,212.0,0.002654,1,2,363
2025-05-17 07:10:42,a62bd4589bcb54c90e3ffb106f8c449558b4b979250ff2cab79a6e63562a6306,897072,55098.0,212.0,0.003848,1,2,363
2025-05-17 07:10:42,27d7d30d02ae4f353a3d167803f77731e5bb449ebcdde587b69717548b745aad,897072,55640.0,212.0,0.00381,1,2,363
2025-05-17 07:10:42,9158230c32a9c99e2a369ba3bfe2a5d50e94169e738bbb1b74c45ac4fb4e6599,897072,56182.0,212.0,0.003773,1,2,363
2025-05-17 07:10:42,6adbc246035ef4ddbefc7fc22d43cbaa203315b065b9cf03f6ab20e7e10f032e,897072,56724.0,212.0,0.003737,1,2,363
2025-05-17 07:10:42,c20d438990dc7ed9c888e1d2dd36dfac59df0651330c09a8f77e5d8ffc6115f3,897072,57266.0,212.0,0.003702,1,2,363
2025-05-17 07:10:42,2358c3700eabab85abbaa42d4d83037fc2638643ea44fa080fba8f1e9208846d,897072,57808.0,212.0,0.003667,1,2,363
2025-05-17 07:10:42,d256452f2829c056e783c88a225f2ed36b11e800de34f7ffb2ffe0188bb8dc60,897072,58350.0,212.0,0.003633,1,2,363
2025-05-17 07:10:42,cd76a4b1f8669899c997b6c8f60a1cdcfda54e18b1f060ec0f007dac12e71099,897072,58892.0,212.0,0.0036,1,2,363
2025-05-17 07:10:42,f3f02f8eb168bcfe920e92af1877a247ba877e451dce0353d9fb222ec9d03ca1,897072,59434.0,212.0,0.003567,1,2,363
2025-05-17 07:10:42,a5e8619afe488852e56259210fc99a70ac8b742b7d4d711b1fdc15e8c3f7e87e,897072,59976.0,212.0,0.003535,1,2,363
2025-05-17 07:10:42,a7ca88a7950732a293a1cd4e567507ce8aaca986661907a6939adf39ce8842e2,897072,60518.0,212.0,0.003503,1,2,363
2025-05-17 07:10:42,b6dc250c59bfc1861eaec8ca911893c5667de2ca8856a61b06e2456dfd87c0b4,897072,61060.0,212.0,0.003472,1,2,363
2025-05-17 07:10:42,5348b48893cfeb649213f527bb0535f357697b3454aea7dec351e70b68929c51,897072,61602.0,212.0,0.003441,1,2,363
2025-05-17 07:10:42,51aede9ff758d59179008979d5eec6bbda8b4f1cc15fc5d88bb31398c4bc1cc0,897072,62144.0,212.0,0.003411,1,2,363
2025-05-17 07:10:42,8248740cb1424a548c9f6d921bbf09840d6bf962044b7630785525eadea0ff69,897072,62686.0,212.0,0.003382,1,2,363
2025-05-17 07:10:42,f96d6ab6072c13f5caf95f9aa0ff2babddb62cc3f0915d953eb962ff3ae97e05,897072,33052.0,212.0,0.006414,1,2,363
2025-05-17 07:10:42,d4ecdd8bc8f587505258e7b4e6d7f11c931dc12d56a6b23e8b8962fd3ccd573e,897072,33594.0,212.0,0.006311,1,2,363
2025-05-17 07:10:42,1e897aaa7efdfc23be65eb06f947a05f7ac87669cef8035c82ab07677a738285,897072,34136.0,212.0,0.00621,1,2,363
2025-05-17 07:10:42,135f3852c581cedec666af970f62ccc9e8515a824ede30c79e97b92028a71b05,897072,40072.0,212.0,0.00529,1,2,363
2025-05-17 07:10:42,14452139d9a6330c4a786a14d872312fbd6b887c3d4a9ec838321a329ffca77a,897072,40614.0,212.0,0.00522,1,2,363
2025-05-17 07:10:42,81e6be55e517d6b82c60873ba6a378a3bd1b0a032acc2d0d6654b9253765da5b,897072,41156.0,212.0,0.005151,1,2,363
2025-05-17 07:10:42,c07c54befe02933fa46cf5b8424ba80007a9af1212f6a4c930daca7f1e2adb51,897072,41698.0,212.0,0.005084,1,2,363
2025-05-17 07:10:42,6b1742f1a968beb225a97b7b201b553d5ed5270b5dd6e9498dee55bf2bd8adc1,897072,42240.0,212.0,0.005019,1,2,363
2025-05-17 07:10:42,fe0a55d0a75231057a07858bcd833dea9e5c2fedb30d43c53e63f4d54db764a0,897072,42782.0,212.0,0.004955,1,2,363
2025-05-17 07:10:42,9edbf54d845ce9e6cb1d261f8c6d5f33e75305a99869c46c8485bd43d553d3be,897072,43324.0,212.0,0.004893,1,2,363
2025-05-17 07:10:42,ad2f077490e50ff4bf3ed84078a0c2d4f5a730f7db21aec78e1bcf6d6e3b69fe,897072,43866.0,212.0,0.004833,1,2,363
2025-05-17 07:10:42,86aec2e10865fc1f73e83e8abc94c53876db45fa7c3281ffe85ba8384baf218e,897072,44408.0,212.0,0.004774,1,2,363
2025-05-17 07:10:42,56013bd1fb1a3c67aae4f4e8cedec3eeb6bdeeff08406c98028eacbc84476547,897072,44950.0,212.0,0.004716,1,2,363
2025-05-17 07:10:42,480a3471478a815e2b66fb3467e7b1a6d8b4b88dc18c2c105391e257471fbd80,897072,45492.0,212.0,0.00466,1,2,363
2025-05-17 07:10:42,20b1d746409e8becf88de4eb99e08f54282acbd703f9af9463a5fa4907cb717c,897072,46034.0,212.0,0.004605,1,2,363
2025-05-17 07:10:42,a256b97530665ed6d132e341a2487ca4f0ad38de39778ce922c5b146eac0d2aa,897072,46576.0,212.0,0.004552,1,2,363
2025-05-17 07:10:42,40f1ccc4c5c4bc78817306363b62c20c7f45c964a918d0656a8932ad94f8576d,897072,47118.0,212.0,0.004499,1,2,363
2025-05-17 07:10:42,79b8dcbf8b1e6cfb23cf64e9382541ae5172409a98e6440868154fa314563aa3,897072,47660.0,212.0,0.004448,1,2,363
2025-05-17 07:10:42,d0d3b36cbc5781a2e8dedb49422415d19ddd91a04e4c44c04c4fb6f817278e17,897072,48202.0,212.0,0.004398,1,2,363
2025-05-17 07:10:42,fbe2c6a113cf9ba4d9089afd8304877e9fc6f46573f2fcd5ff392e6ea7c55660,897072,48744.0,212.0,0.004349,1,2,363
2025-05-17 07:10:42,6ad0206d8d27168b49c12600d6336f9e1c89adb658baf0aad938f8efddf64e90,897072,49286.0,212.0,0.004301,1,2,363
2025-05-17 07:10:42,1fc5e9518c9340512c5e91e9892f57fcbbc041ad682644a180a5e88e9a0b9720,897072,49828.0,212.0,0.004255,1,2,363
2025-05-17 07:10:42,e727741686a16469c96356418ef9d01282d21ab5d6d81ba1c795ba187cbf3a87,897072,50370.0,212.0,0.004209,1,2,363
2025-05-17 07:10:42,e73aabdc1bc6d4d45bfa493307bf75f9c2c403f5c18bef6de2a7db4c51687192,897072,50912.0,212.0,0.004164,1,2,363
2025-05-17 07:10:42,6f9aebe7a49ee677e330a9efa184cdc454e8e53e8b7c17d12105a4847eb53c03,897072,48021.0,212.0,0.004415,1,2,363
2025-05-17 07:10:42,8b958766568c4d6aa5b4266d2c5b3e725ba66860ed942bf301f6b897ec808263,897072,48563.0,212.0,0.004365,1,2,363
2025-05-17 07:10:42,5fbd4ac84d89487709dfa6adb7624c730dbaf1ca2eb40933d6edc164378a68f3,897072,49105.0,212.0,0.004317,1,2,363
2025-05-17 07:10:42,a69b8c899d31ce8984e6350a1983d7df7c30e033077865d6fc966c0536b41134,897072,49647.0,212.0,0.00427,1,2,363
2025-05-17 07:10:42,003a85994523bdbc3d3d686f282a9227152d4e5a4278592c3b85bef9b39c9102,897072,66642.0,212.0,0.003181,1,2,363
2025-05-17 07:10:42,2ccb698225cae31a79b0a0b16e52371e1fc2efbea9eff9128738d7d0b0303c4c,897072,67184.0,212.0,0.003156,1,2,363
2025-05-17 07:10:42,dcfdc8381ca0c6e2f893d5ac2e21fb969bf82d93986457778c975032bd2609dd,897072,67726.0,212.0,0.00313,1,2,363
2025-05-17 07:10:42,779035dcdc173652b12212982d278319faa7c2b1588f91df4f661d9c0dc7a9e4,897072,68268.0,212.0,0.003105,1,2,363
2025-05-17 07:10:42,6f6d99dbbff2ff581de9d365e49bad7769e22e9c2a483420a096d2deff1d9ca0,897072,68810.0,212.0,0.003081,1,2,363
2025-05-17 07:10:42,b7246fa4a1aa11273bb0de92106dcab5fcbe2a26c522dcc63597535d43012f20,897072,69352.0,212.0,0.003057,1,2,363
2025-05-17 07:10:42,42f1ae56a0b1791cee51b81280160c740535db4b39abc3ef5804da987443fa74,897072,69894.0,212.0,0.003033,1,2,363
2025-05-17 07:10:42,438f1a5b03e500bdcd9889059136e2d45fe787e8fe5bc598075d9ffb55c38905,897072,70436.0,212.0,0.00301,1,2,363
2025-05-17 07:10:42,fefd7af77e002c8184813b5109df81f6f9d56bbcf0189030d8fb0ffe51a6c01e,897072,70978.0,212.0,0.002987,1,2,363
2025-05-17 07:10:42,063584ed06f1dd61ab9705a95720d27966c2d8062dee16562dcadd3ccc5020fc,897072,71520.0,212.0,0.002964,1,2,363
2025-05-17 07:10:42,989a7e46352959b594253bc3b5efafe15bfee4995c1a72475078477342931f87,897072,72062.0,212.0,0.002942,1,2,363
2025-05-17 07:10:42,3479e38c078bfa0ddf82652ea3ebc5391e32a63ecfdbfa02137c00acd4874bf2,897072,72604.0,212.0,0.00292,1,2,363
2025-05-17 07:10:42,13404bce4e67d65c85246949992759bfef262ee3597bad14a8c8ef7db92cbbbb,897072,73146.0,212.0,0.002898,1,2,363
2025-05-17 07:10:42,0e2f1a2ed2430782b0252c840db3a9ac431ee73ae3befc1e44167eb618eaf85d,897072,73688.0,212.0,0.002877,1,2,363
2025-05-17 07:10:42,58476ef69a9dbac3ad68a1f05c0dfdd027c22e7970dcd7923f0aaaf83bd398ba,897072,74230.0,212.0,0.002856,1,2,363
2025-05-17 07:10:42,0ebbbf7b976e6c95f43a8d2ce42eef9654f4706b134d72bd72b9f80798e1f3e2,897072,74772.0,212.0,0.002835,1,2,363
2025-05-17 07:10:42,de5275235434af014e9960d8ab6c49ae7f31d6e95149aa6a8edd7775199aaa6b,897072,75314.0,212.0,0.002815,1,2,363
2025-05-17 07:10:42,827534bb85260635f7726be42506311b4623ca1bfca462f5298fc31174b47600,897072,50189.0,212.0,0.004224,1,2,363
2025-05-17 07:10:42,e1202b2a75b85551a2c8afc204b26d087b389635baf97b1c52be1dcd5aea0dee,897072,50731.0,212.0,0.004179,1,2,363
2025-05-17 07:10:42,6e505c70b07d7d7b3250333d34ae4f2fc4ce6f219fb8a9d23b7bc5142a920b64,897072,51273.0,212.0,0.004135,1,2,363
2025-05-17 07:10:42,a96555a4a6d4e3061f89d62a71bd04e70c1388efba96ac59def08bca46c8c1a4,897072,51815.0,212.0,0.004091,1,2,363
2025-05-17 07:10:42,631db504ff7a4e4d261a9901bbea8865b244a7bc06b01a8e5ca5aedb834aa8d6,897072,52357.0,212.0,0.004049,1,2,363
2025-05-17 07:10:42,9c2ce0d5dc45934b0df0df17359972acd152b914c78afa0a706c3626dfb334f6,897072,52899.0,212.0,0.004008,1,2,363
2025-05-17 07:10:42,2a71a5e3ebe606e06d6ef9a0063f0c2e2317a2781fa24eaf5e20b925a4329dba,897072,74937.0,122.0,0.001628,1,1,162
2025-05-17 07:10:42,862abf12aaa8aa30cfaeb64fac048ec2d1dfc85da88f1c4b95e6a2c581f6f8b1,897072,80078.0,122.0,0.001524,1,1,162
2025-05-17 07:10:42,adce753ba8d3fa6f31f9040e745baf3d68da67b5de6edbc4cbba74f75908229e,897072,51124.0,122.0,0.002386,1,1,162
2025-05-17 07:10:42,43e100339cba67d3ca105874e968db4b882e1d94a84fc2a42e2d33cfac93ca5a,897072,62898.0,122.0,0.00194,1,1,162
2025-05-17 07:10:42,3787b8dd45609399c8add9571b091f359b4365dac452bb6954d7c3def8dcb513,897072,53111.0,122.0,0.002297,1,1,162
2025-05-17 07:10:42,0f5484760725c069d863db38f293271d62499666f13e4cd23461b9bca797f70d,897072,75526.0,122.0,0.001615,1,1,162
2025-05-17 07:10:42,2fe5324c8a281ac02ca1cea96e4cd28d16d3b6d93b56b64987085c2894b85308,897072,34348.0,122.0,0.003552,1,1,162
2025-05-17 07:10:42,4f8c753d9c1544f7663b7a1025239b3290490ee1f1c452eb6bf4d0a6f498edf1,897072,330.0,166.0,0.50303,1,1,320
2025-05-17 07:10:42,451b787882e1132c7ba1ed4d39d8c01b700a2b661e8306410c8617e5153f94f1,897072,330.0,166.0,0.50303,1,1,320
2025-05-17 07:10:42,de82772985182d9a9eee135fbb94a7cd901a1858d2fc25808a7f869fb9555def,897072,330.0,166.0,0.50303,1,1,320
2025-05-17 07:10:42,a08faa963107113ee7ae22f196653db3116d07b0f181a8b00a55370772d593ed,897072,330.0,166.0,0.50303,1,1,320
2025-05-17 07:10:42,e3e2fab933175abd97f0d9bfa3678213dc8a56a2f026e8d94e1dd72e8c9e78e5,897072,330.0,166.0,0.50303,1,1,320
2025-05-17 07:10:42,54a8cedd0bf1e15b3b96e1db5f08fe8163bb6e9cdf87d0fcf5838c19e6bbb0e1,897072,330.0,166.0,0.50303,1,1,320
2025-05-17 07:10:42,e6966eedb7f6085f06d6bfa5b4a2f6008e7484ee33f7bc899eb86a6ab1bf3adf,897072,330.0,166.0,0.50303,1,1,320
2025-05-17 07:10:42,2a6e99ad52888291849c9f6ee404354cdad7c3828af203048ae7c475d82986da,897072,330.0,166.0,0.50303,1,1,320
2025-05-17 07:10:42,feff53b8c9e38e49cd24e6a7ac7abb8c22acc9632e0c525936d8851c28b410d7,897072,330.0,166.0,0.50303,1,1,320
2025-05-17 07:10:42,1568f0ac39edbf3ad1ef06ecdd697c68be41dcd33741b53c12796c6a9810b3d6,897072,330.0,166.0,0.50303,1,1,320
2025-05-17 07:10:42,73376946a0f2ade1beddbcc69ebe8b5b2c5b7f1a471c176fbbb9278d688440d4,897072,330.0,166.0,0.50303,1,1,320
2025-05-17 07:10:42,7947e4f82e6977ab81b395e4ccb51ef3654382f846d3fe56fda3d5f1535913d3,897072,330.0,166.0,0.50303,1,1,320
2025-05-17 07:10:42,b7dc0aca9b5fe05373fc9902a625f5885d79e8c8439ef4686d42418316ebe4ce,897072,330.0,166.0,0.50303,1,1,320
2025-05-11 17:27:36,163b22e0592a5ba0f8ad0471d8ec3f792f9d77797953f3e944e6ee24bdca8df5,896286,330.0,176.0,0.533333,1,2,338
2025-05-11 17:27:36,7b7dca2ee50da2767c17bb9c4daea2603d67131a84beb21edd3f53d97b1ccbf4,896286,330.0,176.0,0.533333,1,2,338
2025-05-11 17:27:36,96ae386f5818e91eb004c93ba3017047134c6bbd62905d810f5526f22dcdddf3,896286,330.0,176.0,0.533333,1,2,338
2025-05-11 17:27:36,a1385c6bd7c540475efef2c5c3627176654a540005dae24a0450123b64ee02f0,896286,330.0,176.0,0.533333,1,2,338
2025-05-11 17:27:36,b814bdb982d1133a5ab31e40d94438973705155bd769bc42d6fe315fc78967ef,896286,330.0,176.0,0.533333,1,2,338
2025-05-11 17:27:36,6ba625196dca62521569159e944dc2a4fa63d5421b5f8ad64552bbf8b976b7ee,896286,330.0,176.0,0.533333,1,2,338
2025-05-11 17:27:36,e936e06b25f323d8d5d3fe52e7fa86553226e4a135c3b3a6543b574bfe32dced,896286,330.0,176.0,0.533333,1,2,338
2025-05-11 17:27:36,1cfa99e4112aa15b73bee85b20075fec74f2e00e6e42be28bc59d41610d1b6ed,896286,330.0,176.0,0.533333,1,2,338
2025-05-11 17:27:36,6b80dda8a4c757c94e35ea1568e0c6e4ed3a46f7ce8bdfef86f42d20cc5357eb,896286,330.0,176.0,0.533333,1,2,338
2025-05-11 17:27:36,219ec4ad6351ba6c91074c1949651e728a58269edbff87d19b93ca09812d35eb,896286,330.0,176.0,0.533333,1,2,338
2025-05-11 17:27:36,f5ce4e81e6c93fa34b6fea9a835fb63e8ad934b127a9093bcb30c940aeec7fe7,896286,330.0,176.0,0.533333,1,2,338
2025-05-11 17:27:36,99e89d7db47515e32a359fb27a9768088e8732c3df3725a662bde8dbcaf00de5,896286,330.0,176.0,0.533333,1,2,338
2025-05-11 17:27:36,537c0430c7bbf87b38bdd1acce77459df9173fba81bf3057d8c52d40c85105e2,896286,330.0,176.0,0.533333,1,2,338
2025-05-11 17:27:36,7e395ec75697fb3126b2d30ffdf8cab8b14561d07e37d18a48437e510befd8e1,896286,330.0,176.0,0.533333,1,2,338
2025-05-11 17:27:36,a38af11022b2cc56d6fa2344deeeacdfe37a15c662c99aee6d531184b17fa7dc,896286,330.0,176.0,0.533333,1,2,338
2025-05-11 17:27:36,b78a5def3b5937e704fd8d2f5cfd93c4fa70797e9f4029975b9a8537e44695dc,896286,330.0,176.0,0.533333,1,2,338
2025-05-11 17:27:36,40e2bd3187565f9c68d191752b4bd8cfc7229a3980caf959814ccfef8fd4b4db,896286,330.0,176.0,0.533333,1,2,338
2025-05-11 17:27:36,47872aabbc6fa72001396521592db3ef56292bcea506447ab3f58ca6c06e4dd5,896286,330.0,176.0,0.533333,1,2,338
2025-05-11 17:27:36,943656c53f0a960fa96771a40941b1c98b2eda544372608eea2cc6e36171b5cd,896286,330.0,176.0,0.533333,1,2,338
2025-05-11 17:27:36,05bc87174dafe89c3a3ef0fc882cd9158268d9890be7323b9b15b857c4254fca,896286,330.0,176.0,0.533333,1,2,338
2025-05-11 17:27:36,9bbc0fe2e78cb2968a304aba8792f77f6fddac05e769938d8c9ebbc1a6d615c7,896286,330.0,176.0,0.533333,1,2,338
2025-05-11 17:27:36,b52852e86872c059cc55740d743e2b641c14376af9c553e8e5fc7e89d43b8ec1,896286,330.0,176.0,0.533333,1,2,338
2025-05-11 17:27:36,d26e06823e9cbcefb60665a730b9f4900bf11d7b05b6d6a5c252727fba962ac1,896286,330.0,176.0,0.533333,1,2,338
2025-05-11 17:27:36,ef1331f7dcc200a90694f8d8a87b178e861f4b6122cb84d292ba95b58c49feb2,896286,330.0,176.0,0.533333,1,2,338
2025-05-11 17:27:36,599085fe03bf9f328b98ce5002f0a1d8e1fd3b43cd98217bb085cfbaaa25fdb0,896286,330.0,176.0,0.533333,1,2,338
2025-05-11 17:27:36,bfff7b38a0a5510b543cb3f5188c512513d0e38d643ccbc9223c4e07977be7b0,896286,330.0,176.0,0.533333,1,2,338
2025-05-11 17:27:36,0f4f74cf32476321088b1312761a1bd5c2f5fa0646da4a046865c1f0c37f69aa,896286,330.0,176.0,0.533333,1,2,338
2025-05-11 17:27:36,d462f3e556ddccf603d168baace5ec5529bc1d7fb7a5172d652c26dd4518f9a9,896286,330.0,176.0,0.533333,1,2,338
2025-05-11 17:27:36,2414d614532556ce2e6472c6d56414b2d5de4b7d7ab85ac5d54774665c678fa5,896286,330.0,176.0,0.533333,1,2,338
2025-05-11 17:27:36,9f382d486517f50816674f3fa2823062141c9b315bb27eedede91da8cb49cfa1,896286,330.0,176.0,0.533333,1,2,338
2025-05-11 17:27:36,2cae051f2cb928ea7ed7c9230fe589e18c2eba2105bf5c616f16c9bf2152ba9f,896286,330.0,176.0,0.533333,1,2,338
2025-05-11 17:27:36,856de17c7574c5077e4881c39eed9358fd9cfb50d8ad99d0a25db0898785f39a,896286,330.0,176.0,0.533333,1,2,338
2025-05-11 17:27:36,c68267cf4da937eb2f25cc174217d057bad04d94d4fa586591f1c39432991493,896286,330.0,176.0,0.533333,1,2,338
2025-05-11 17:27:36,e9078a96e4cfdd342e626c8148b23eb15499919c85b31b898e156a2d93c50c91,896286,330.0,176.0,0.533333,1,2,338
2025-05-11 17:27:36,8789eecbff264e459161254f1c2e61b72b1e08a2c0d42f28a621887d4a6bbc8e,896286,330.0,176.0,0.533333,1,2,338
2025-05-11 17:27:36,e73cf8a75efabdcadb85d9c102a628b767cb340fd993d50b7114519fa4870f8a,896286,330.0,176.0,0.533333,1,2,338
2025-05-11 17:27:36,5ca21c67b8d6c5ec64a9005363d0af42743cf100df532d35e63138ecb75c8488,896286,330.0,176.0,0.533333,1,2,338
2025-05-11 17:27:36,6a406bcfdb4aa197f910731f9a858ebc4037c31603a9e73acbd017835c807b82,896286,330.0,176.0,0.533333,1,2,338
2025-05-11 17:27:36,cab8f1ce0913efb80f83e483443584db3b40889d5b2be080b865816a8d42e87e,896286,330.0,176.0,0.533333,1,2,338
2025-05-11 17:27:36,c1abb39b5e1a56ce20dc2821b8d9642ccd861dcd329536854669b99a5e86dd7e,896286,330.0,176.0,0.533333,1,2,338
2025-05-11 17:27:36,711d6582e38893bf5919145b4155b1fe91048481b4eb4394d421a9bc15964b7d,896286,330.0,176.0,0.533333,1,2,338
2025-05-11 17:27:36,c9ae899be28e0dcb12daa0ebe0a4b1a49805e828ad2a0c9561848aa7d695627a,896286,330.0,176.0,0.533333,1,2,338
2025-05-11 17:27:36,f77acacacd01b308f0b01b4bbfaf5a79e1c4b3355c921e434528ab90c394457a,896286,330.0,176.0,0.533333,1,2,338
2025-05-11 17:27:36,4f36b0756f8e55c2ff5540b004453144905432c2ff9da3d40128f69ba5d69179,896286,330.0,176.0,0.533333,1,2,338
2025-05-11 17:27:36,6d6794e2b00e0fa15a77cb6dc12ebb9f8ab4281f9be05257de885c670c6b4576,896286,330.0,176.0,0.533333,1,2,338
2025-05-11 17:27:36,ca757c3382ed9141e9088b1128512b5a71bc4b8ba9b235ef928ca1215621f275,896286,330.0,176.0,0.533333,1,2,338
2025-05-11 17:27:36,0da9c06c85c09fa5a1518d327a958dedf91f243458818d9cc5b5a491bc646c74,896286,330.0,176.0,0.533333,1,2,338
2025-05-11 17:27:36,81ab234f2fbb60170003cc452d66cdcdf711bbb68bede1a9ac38980fb7d36671,896286,330.0,176.0,0.533333,1,2,338
2025-05-11 17:27:36,19b7aab128dbaeba81d2f2e2ef9af0f403508c222953c8c8865d77c78d0e4f6b,896286,330.0,176.0,0.533333,1,2,338
2025-05-11 17:27:36,88ac489b65af8d5b43dd4d22532c3fe04de86d136cb3df88343fa02b451bd669,896286,330.0,176.0,0.533333,1,2,338
2025-05-11 17:27:36,94e2b9ca614d6f8179247baca32a610fafe6dfaca4b619bd058e7eb84915f768,896286,330.0,176.0,0.533333,1,2,338
2025-05-11 17:27:36,548dd13835ac4340bad9547276e7402c26f5e80039d500224928545dc71c6067,896286,330.0,176.0,0.533333,1,2,338
2025-05-11 17:27:36,1374ac08a4677eea69e703cd63ebfc57346dbd7d9190cf1f42874c078a7dbd66,896286,330.0,176.0,0.533333,1,2,338
2025-05-11 17:27:36,83ba986cc2c7cd17983c129338689e47f9b52bb777ff10a7db2ba81463bb2762,896286,330.0,176.0,0.533333,1,2,338
2025-05-11 17:27:36,73183060f930d109ef50df4d6cef914ddc0f6632c6efc1d69bb618467502eb5e,896286,330.0,176.0,0.533333,1,2,338
2025-05-11 17:27:36,3bec47b54a1b9aa74123fd009bebec934964286e3b12c84512896aa65491c35c,896286,330.0,176.0,0.533333,1,2,338
2025-05-11 17:27:36,6312d6559a2f1455242df932fe24bdccbdc846d2ee537a0e2f007d94c34aee5b,896286,330.0,176.0,0.533333,1,2,338
2025-05-11 17:27:36,af937343ba3e2d61ca07debdfcdb8f4cdee954e90d34c3a24fc8a78fbc95b859,896286,330.0,176.0,0.533333,1,2,338
2025-05-11 17:27:36,ce6d6baeae020597bfd53b8df234d1ef0059662fdf24c767c508b21682a78358,896286,330.0,176.0,0.533333,1,2,338
2025-05-11 17:27:36,320cbafb9b980c1c3c9db68eee5e369c40c865a155ec4f6a7794a58f383bd155,896286,330.0,176.0,0.533333,1,2,338
2025-05-11 17:27:36,d494500b4f880b409bfa47829f21e41ec2eb5ffa293bfa0a28ee4f9ca954e54b,896286,330.0,176.0,0.533333,1,2,338
2025-05-11 17:27:36,a811d01b6951546bbe5d45570e2fa7619e1ff804468436aba849d671d56a644b,896286,330.0,176.0,0.533333,1,2,338
2025-05-11 17:27:36,f80295ef46336ba2d942d2344b446de39c28ba011f43be7b262add158f3a904a,896286,330.0,176.0,0.533333,1,2,338
2025-05-11 17:27:36,9eb41d800000a0521c6a1c60f5c79166f97f762c2d865ff5c29d586269caa249,896286,330.0,176.0,0.533333,1,2,338
2025-05-11 17:27:36,974043f35506f062e78825a91e95c599c961d10a149ac11f9fc744f943786649,896286,330.0,176.0,0.533333,1,2,338
2025-05-11 17:27:36,2eec2e27d2e3ed0cc73f75e47192ffb220721d53a676f798a5b5e0c81a670e46,896286,330.0,176.0,0.533333,1,2,338
2025-05-11 17:27:36,00203a52488b37c9ec6b0731f772bc6e1c3fcbfcac48390a80afa6c0c01dbe3e,896286,330.0,176.0,0.533333,1,2,338
2025-05-11 17:27:36,e98447ce44055fb3ae1974f80045fb9078083ac02675c2f26174df16bb1a2d3d,896286,330.0,176.0,0.533333,1,2,338
2025-05-11 17:27:36,6b6d6e4640d990a4b846eb36d4be01ab964cb4c873f2b89d01bf4f350783433a,896286,330.0,176.0,0.533333,1,2,338
2025-05-11 17:27:36,8289fc2bb7ea2910a7e7e98249405cb708f133b961cec032b895d4b089ee1a34,896286,330.0,176.0,0.533333,1,2,338
2025-05-11 17:27:36,f75dcf8a2a190d1742d9a938da134a84c34ce85ed9f7dcfc45d0d160ec5ce533,896286,330.0,176.0,0.533333,1,2,338
2025-05-11 17:27:36,1235070a9ea520bfc135e6fabcf72362a4d42b6e01637cd4822e8094ff4a8330,896286,330.0,176.0,0.533333,1,2,338
2025-05-11 17:27:36,551ee9e9fe1ccc3ee5e0e324069d57a38487d79c0d2f95d1e4dd167aed22352f,896286,330.0,176.0,0.533333,1,2,338
2025-05-11 17:27:36,a8f766dfd4bdba4a3c0490c36fcf2083fb3b55acdf6644b863615005cd75752e,896286,330.0,176.0,0.533333,1,2,338
2025-05-11 17:27:36,f2c23c0ef4aa418413bf407cab63bf455570c0cf1c40f6bebf3d968aea4b122c,896286,330.0,176.0,0.533333,1,2,338
2025-05-11 17:27:36,773a7e6081e67dd7ab3d27c2b60a27bc200aa79841d216460208d0d64235262a,896286,330.0,176.0,0.533333,1,2,338
2025-05-11 17:27:36,2a66fbb626cbb3520a95f074a4200414d60af895236de6f44c3f45c950700e24,896286,330.0,176.0,0.533333,1,2,338
2025-05-11 17:27:36,ab00dc2f16d6c2ff0380e41567c611f9fd287f2b464e80b6238479c6e966b622,896286,330.0,176.0,0.533333,1,2,338
2025-05-11 17:27:36,eb1960c2044a8607234a4e9fe52eac1f657dd2d93a11786f11ebf338bdbc6e22,896286,330.0,176.0,0.533333,1,2,338
2025-05-11 17:27:36,887398830a908e36682eb92c4ef0754ddaf45a708b944a440758bcd26dbb101e,896286,330.0,176.0,0.533333,1,2,338
2025-05-11 17:27:36,724d0b55e796d02d58c7a6b153b45ee5e43fd2587c31a1a74f448f775d6da31d,896286,330.0,176.0,0.533333,1,2,338
2025-05-11 17:27:36,c22ce412823d815bb3491ac6226738595f8fcbc05322e4b081fb03b7ae09da1c,896286,330.0,176.0,0.533333,1,2,338
2025-05-11 17:27:36,056cc9a392a89418babfc3b40a14bd2894069ae62f482a2bed4269af19989114,896286,330.0,176.0,0.533333,1,2,338
2025-05-11 17:27:36,4408e9b38dd0a05a16b640afc2b37d95b062f8062933079808d7f88a260ace10,896286,330.0,176.0,0.533333,1,2,338
2025-05-11 17:27:36,36813eced446800c268375fc71a63a7217992ace21984a3e88974e4d93c4c30b,896286,330.0,176.0,0.533333,1,2,338
2025-05-11 17:27:36,79cca63a8ce64e2f5b56abf67d1db49455726593a8a44cf4ac9fd512e76a3a0a,896286,330.0,176.0,0.533333,1,2,338
2025-05-11 17:27:36,76c66cd649c030988d2a0826210edaf401f8a7a7e8e7c05d71983346dd69cb05,896286,330.0,176.0,0.533333,1,2,338
2025-05-11 17:27:36,228663cf0a105ea2bb1da0fa51402c820fa1966c2bdb0884a170b4b0d6ab46eb,896286,94526.0,106.0,0.001121,1,1,153
2025-05-11 17:27:36,8a21d0f6b3fe52e7414319915be79feaaa8b1e5b2545f3c14e7fa131c179047e,896286,174300.0,235.0,0.001348,1,2,223
2025-05-11 17:27:36,ed1bc4de3fdfabb083282060aa449b1dd0feeacf58ff50eaa3694a74aa8605e5,896286,42164.0,235.0,0.005573,1,2,222
2025-05-11 17:27:36,42f9d3e2d1d0562d0e9cebf62ab6539c35e14c1b82b40d93590c01a4d4770f5f,896286,9944.0,1049.0,0.105491,1,21,1155
2025-05-11 17:27:36,a1a172ae4f45b30320dfbb547d299393d802ca1d8147c4161d594ff1abe9d466,896286,20371.0,159.0,0.007805,1,2,205
2025-05-11 17:27:36,16795955c0b5ed62af4cadb90cd78f5e9235bf910ef73b26e09057db4e9b4c0d,896286,3529000.0,530.0,0.00015,4,6,702
2025-05-11 17:27:36,894eda274381e5323ebf9f848901d978dd16703bf9087cf002ca97caa48af309,896286,3277000.0,530.0,0.000162,4,6,702
2025-05-11 17:27:36,64a6d91c014b567ec86dacf9150e30c80048d99695755289b43353592edb2d63,896286,1666651.0,530.0,0.000318,4,6,699
2025-05-11 17:27:36,0eea188231b970468cf696bba35c9cd3354517bf2654b44b19c09dc124a86db6,896286,9944.0,1049.0,0.105491,1,21,1155
2025-05-11 17:27:36,277d8d167ba48b4a88a2fbc775fd789d7034b0efa72ac4f191430b439d09c4d6,896286,5786754.0,599.0,0.000104,5,6,810
2025-05-11 17:27:36,20ffa470d8bb7b3e177ead689f3448b7426662826f18debb8658426fff63ecbd,896286,5840387.0,599.0,0.000103,5,6,810
2025-05-11 17:27:36,d0244231010bb634033901e430fa3fbfe9524a5488a130d6029ccab8c934af88,896286,39535.0,278.0,0.007032,2,2,420
2025-05-11 17:27:36,ec45e4404d4b433bc85a19acb9f7682f3025168da45b4768c20e5cc358982720,896286,2819234.0,373.0,0.000132,4,2,666
2025-05-17 07:10:42,d14d0ecc32262136c83ba1d370ce9fe9f3ba2d00ff71b8f185143ba85084ee82,897072,4338.0,576.0,0.13278,9,1,1018
2025-05-17 07:10:42,1fb2f2654fdb4fa20478096ee0d6616a22c09508995904dccacc72be86936380,897072,4338.0,576.0,0.13278,9,1,1018
2025-05-17 07:10:42,f0676e5a4d8f81cb40a59bb304cadb9c9a90d39ebc2b465c14daf0f02e4eb27f,897072,4338.0,576.0,0.13278,9,1,1018
2025-05-17 07:10:42,38dcc46501c759d99df42567e76b16aae2a93c2e830b6cbca073a90b72a6007e,897072,4338.0,576.0,0.13278,9,1,1018
2025-05-17 07:10:42,ec4ce3dc59029b7332767f1222cef83d06c5291eb89c1187e96492fea9bf4c7c,897072,4338.0,576.0,0.13278,9,1,1018
2025-05-17 07:10:42,138093a6e2f36568023511d987516209966d593be095a2e252c856140e70027a,897072,4338.0,576.0,0.13278,9,1,1018
2025-05-17 07:10:42,907fb22a4ae92d0e26f86a22ebf2e035969ed0a1d4768c1b86bc0d998c52e275,897072,4338.0,576.0,0.13278,9,1,1018
2025-05-17 07:10:42,00afb48e9d87ec00cf9582fb4d68d433f9c7403d7d21f02a405adb7ed7f97475,897072,4338.0,576.0,0.13278,9,1,1018
2025-05-17 07:10:42,84b790e546c0e698903d1318e960a1c9e93384cf691ae50417dad39f87935674,897072,4338.0,576.0,0.13278,9,1,1018
2025-05-17 07:10:42,7deaaedd8e7f149027f8524e164de2ef86ad6112b453095b36d168732bae2373,897072,4338.0,576.0,0.13278,9,1,1018
2025-05-17 07:10:42,6dfd8bae78d7843010e34f99b4534d0d6a2d60c5671581ab85da37e9cc720973,897072,4338.0,576.0,0.13278,9,1,1018
2025-05-17 07:10:42,aed20e19c8d15a819d6d2b26e9ba46fbc1cfb57fb99f7d012536cd171f378a71,897072,4338.0,576.0,0.13278,9,1,1018
2025-05-17 07:10:42,f2a30bbe86ff055bd2a533f29beb528da397749577fcf3c2a7ea17a277e01e69,897072,4338.0,576.0,0.13278,9,1,1018
2025-05-17 07:10:42,f0e9696c200bb6c922d096dfa0640ec5f80834126d4fd5402733b80747239767,897072,4338.0,576.0,0.13278,9,1,1018
2025-05-17 07:10:42,aec4fd1c915c7d0fb5208f874b86a38b7fe33cdc3ab45a5f51512f21d8668762,897072,4338.0,576.0,0.13278,9,1,1018
2025-05-17 07:10:42,ad11e6218b073dd6cfbadb71b9ce8522eb4b55f01915679845c836ad8f4fd461,897072,4338.0,576.0,0.13278,9,1,1018
2025-05-17 07:10:42,187d745102476d4f859b8595cced4bfcf43d6900f91fd43d58c486f5992cc061,897072,4338.0,576.0,0.13278,9,1,1018
2025-05-17 07:10:42,c5cf22ce9133c8d33d26d0f7fa48480d15a1a737ec4e5c868d893600d5a3175f,897072,4338.0,576.0,0.13278,9,1,1018
2025-05-17 07:10:42,a6ddd3c7e14dd69655fb19b120e2429f90beb86c0e83ac6230ee9856a3f4ec5e,897072,4338.0,576.0,0.13278,9,1,1018
2025-05-17 07:10:42,6ebac0b440265f411e4b57006de1ef6fb61e62d0544a50da800723437be3c75e,897072,4338.0,576.0,0.13278,9,1,1018
2025-05-17 07:10:42,a9bc3a751d34b6a46fe18b15e0f6d43891e5a5ac907c14b100f8ee5cb101e25b,897072,4338.0,576.0,0.13278,9,1,1018
2025-05-17 07:10:42,77e45cc0b88760d9de3ec59b37016a658cd43cb8a82852f997d10bfd49bd7f5a,897072,4338.0,576.0,0.13278,9,1,1018
2025-05-17 07:10:42,67e227a070dbf1b578195ee8a3c58bd49bd5d3c5a9a6f5be7de8a15c26d2ad58,897072,4338.0,576.0,0.13278,9,1,1018
2025-05-17 07:10:42,29fe21b8933d35059f0e34256cf40aaac42d420f44be489386c26ff20af39f58,897072,4338.0,576.0,0.13278,9,1,1018
2025-05-17 07:10:42,21e7cdd7dced16b1bf786ac6d00882ee7f26c2487ce2a612cec4fcff63bc6a57,897072,4338.0,576.0,0.13278,9,1,1018
2025-05-17 07:10:42,7099203a3e4346b383e6a721e6489b1596f0a9ba02a8dd81246d354252f19556,897072,4338.0,576.0,0.13278,9,1,1018
2025-05-17 07:10:42,ede46e7cefb59ebf3bbc5b71733eff23f415c972273626f33a6fe4c458097d55,897072,4338.0,576.0,0.13278,9,1,1018
2025-05-17 07:10:42,b3a8eff8067298aa30d68853ca23dd0a40c9226f0741b7ee3a0bdc3a0bed334f,897072,4338.0,576.0,0.13278,9,1,1018
2025-05-17 07:10:42,48ca9c72fd78408ac03ad5150fd44ee863a87f58823daab0947f282196837e4e,897072,4338.0,576.0,0.13278,9,1,1018
2025-05-17 07:10:42,fd76d9b3028a06052d3937e862cb9d001f8c3b9d4f7775baec9b40f5d7db674e,897072,4338.0,576.0,0.13278,9,1,1018
2025-05-17 07:10:42,b9c021376504ce714f84937afdecdaaea8b067e91b5fd5d0b9bd89957670e74c,897072,4338.0,576.0,0.13278,9,1,1018
2025-05-17 07:10:42,76126fbcf1dec8fd67b3304cec98f1fd05d742efed417af4cd923307de6ae64b,897072,4338.0,576.0,0.13278,9,1,1018
2025-05-17 07:10:42,0c0077027e9ed4b6ed94ca45eb06653dab1419b1f9bf798750f7656a233c2147,897072,4338.0,576.0,0.13278,9,1,1018
2025-05-17 07:10:42,fce0a1a9f3485bfa7de228a2023e7760a5b2a2e7cdcbed856c4707f2ddfd9f44,897072,4338.0,576.0,0.13278,9,1,1018
2025-05-17 07:10:42,879ecdc409e7d72c2d0a459a91470692ab3672990818d7f33b5c0d0c02af4a42,897072,5202.0,576.0,0.110727,9,1,1018
2025-05-17 07:10:42,774665c2e0118270d54a82ad9c5364bee867c4f5b57c7b24c4b2de7d9991f141,897072,4338.0,576.0,0.13278,9,1,1018
2025-05-17 07:10:42,37d4385a7029b4ed15ba5eb4e24e7e92081933588998ff9531c4785031ca8541,897072,4338.0,576.0,0.13278,9,1,1018
2025-05-17 07:10:42,8b6f3311410707179c378d4063d9a72eb93d6ea713d5cf695a4b533346c8b53e,897072,4338.0,576.0,0.13278,9,1,1018
2025-05-17 07:10:42,f8fb4e49e676c5c4dbbafb128ed81579b3cf3ce9188e4e0155b3a0176c75673d,897072,4338.0,576.0,0.13278,9,1,1018
2025-05-17 07:10:42,0397646f96be937a16c725d0d8c61c61180543e9248002b7d59519854b264e39,897072,4338.0,576.0,0.13278,9,1,1018
2025-05-17 07:10:42,d370562d534f1e4045f393afb3c777cd92d151ca162264dcf51720d862157636,897072,4338.0,576.0,0.13278,9,1,1018
2025-05-17 07:10:42,b715bbe1a8acd3a87f356e45eda229bbc2622a2d279d0f9971d175d7d5677036,897072,4338.0,576.0,0.13278,9,1,1018
2025-05-17 07:10:42,f02b85d7990b96b9f6d9deab421f0510c32f00609a16d9a9287a4235672d2a36,897072,4338.0,576.0,0.13278,9,1,1018
2025-05-17 07:10:42,7524d5c4c80ba369120ad2bfa7d830a4aa12cdb5c6d7ba690980647500622534,897072,4338.0,576.0,0.13278,9,1,1018
2025-05-17 07:10:42,b6d17c9ecb6751342d84dde848e3573c1e1e33e26eda0368d518e421572ea62f,897072,4338.0,576.0,0.13278,9,1,1018
2025-05-17 07:10:42,892deb29363ce4c9da785e95a14257d1fadd29891bddfa0e20791acd5b31782e,897072,4338.0,576.0,0.13278,9,1,1018
2025-05-17 07:10:42,4e8e3cea14ec5797db0ca2e5c7add8e0fb72f5bd7377febc532708059794752d,897072,4338.0,576.0,0.13278,9,1,1018
2025-05-17 07:10:42,5f460a9d9aae0bcef02fd214101030e8cb3854dab4977ddcf9b09c4a4cecdf2a,897072,4338.0,576.0,0.13278,9,1,1018
2025-05-17 07:10:42,6615b304cf54e90707e3d97f29f42390427fe4c1a423b56df4b4f274a5d2582a,897072,4338.0,576.0,0.13278,9,1,1018
2025-05-17 07:10:42,90fe940ee4e4581fdf2e806709a96c9f3491fc3f26092d2666e9004781d6a629,897072,4338.0,576.0,0.13278,9,1,1018
2025-05-17 07:10:42,0613e1792854937bf27c504daa189bcf405bb8622cc4d1d41652fb05b2184126,897072,4338.0,576.0,0.13278,9,1,1018
2025-05-17 07:10:42,03550cb0accbb9ff2726060b05176d9cc77bd1a35b1d0a2df0612c1e06f53a26,897072,4338.0,576.0,0.13278,9,1,1018
2025-05-17 07:10:42,95de7291d64b1b051ea07521b3803bfc9aeb976ff9a2c59eae1b699876be8d24,897072,4338.0,576.0,0.13278,9,1,1018
2025-05-17 07:10:42,b7113b426cb858409debac5d16e06a15dfebcf2dc032972275d5d5c5fc179420,897072,4338.0,576.0,0.13278,9,1,1018
2025-05-17 07:10:42,36f22ba9d38653c08182d79c61600459e5bc0cdfa1bb19c7fafda35a41185720,897072,4338.0,576.0,0.13278,9,1,1018
2025-05-17 07:10:42,3a4e1b234ed1ef06cfca79a9ab90ae2419f67bc2cbc3df8849fcd91dae2bc41c,897072,4338.0,576.0,0.13278,9,1,1018
2025-05-17 07:10:42,34ead66d607fbb4d02787cf5cd5aa5e2cc858459384848f899c0a846bff36f1b,897072,4338.0,576.0,0.13278,9,1,1018
2025-05-17 07:10:42,dcf9e9416e83292cb60d3fa68a3b0113dd9a09764e69ac32faf660d0c04dc51a,897072,4338.0,576.0,0.13278,9,1,1018
2025-05-17 07:10:42,21a92124a1285c2b20c065f2e5dfbbf020787ef2dcf4f24432660d8e77321c1a,897072,4338.0,576.0,0.13278,9,1,1018
2025-05-17 07:10:42,243a03e904556f28af6309bac0a6a586b02bc931c7aedcecdb3aa1102767fc17,897072,4338.0,576.0,0.13278,9,1,1018
2025-05-17 07:10:42,02a10780acc2df8eeec40d72dfc40c89f742456d091dc26618469ca34065f215,897072,4338.0,576.0,0.13278,9,1,1018
2025-05-17 07:10:42,f0f7ed0e56d148866c521d460ec5d8be9a6da35daa74ae7128068a362430ae14,897072,4338.0,576.0,0.13278,9,1,1018
2025-05-17 07:10:42,134dbdf89ffbbec268e0f62398cd768188ef3b1e1b2556e20c93247d13b92b10,897072,4338.0,576.0,0.13278,9,1,1018
2025-05-17 07:10:42,4153f849c97ba8f188be382a53af976b3fc0f2a1967dd1636ff11b8951027a0e,897072,4338.0,576.0,0.13278,9,1,1018
2025-05-17 07:10:42,2996bd487731b5b6a0a78870f062c64bc7094813d7dc8765df770ffb0545520d,897072,4338.0,576.0,0.13278,9,1,1018
2025-05-17 07:10:42,644d966c960e8c4cbf02830d37b3547f90e97b244f41f4731e447a82ca477905,897072,4338.0,576.0,0.13278,9,1,1018
2025-05-17 07:10:42,1c638c0e9ad82d9e7370d1d8dc96f77a81e5e8606c7a3d26e1431300ad76d6d3,897072,3362.0,460.0,0.136823,7,1,804
2025-05-17 07:10:42,13c3ca4720d14f825cbbcdbe1577fea7a2a8bb8fb9b93e34c9090bedbd71d4cc,897072,3362.0,460.0,0.136823,7,1,804
2025-05-17 07:10:42,bf3f3816503d6533e7afb357e5d249aac3f77e1a2ff0a49e527cf1692bff97bc,897072,3362.0,460.0,0.136823,7,1,804
2025-05-17 07:10:42,2a20c81815c7d93370b2ec68014c986866e341a62c6e85eb6e96355b5efe989d,897072,3362.0,460.0,0.136823,7,1,804
2025-05-17 07:10:42,b76da61ef4abcba986f25c8cee3cc08a22b0a939d874b1d11c55f394a9316393,897072,3362.0,460.0,0.136823,7,1,804
2025-05-17 07:10:42,1737e2de987664a04dd69c4f906fe8466ae81380360d8c568fcf8477dbf3f08c,897072,3362.0,460.0,0.136823,7,1,804
2025-05-17 07:10:42,2b4f59d1f5f72927b1be47bd44523102a338aa6c269ecc7624ef81d139053975,897072,3362.0,460.0,0.136823,7,1,804
2025-05-17 07:10:42,a572eb327f8b7aa6f786008f467a94554ec8d8aeab74e07e4681694b692ca970,897072,3362.0,460.0,0.136823,7,1,804
2025-05-17 07:10:42,2bbb9f0fa8b9619e7b2f509498085e679472657dd7e9524beed42b0ec1b1a267,897072,3362.0,460.0,0.136823,7,1,804
2025-05-17 07:10:42,93f0fd357edc9769e1f40c298e3c6a6534a912a3e5bc758784bc8d51a03b5043,897072,3362.0,460.0,0.136823,7,1,804
2025-05-17 07:10:42,3db03c890da021deb82be85bdbde1e7456ee3ea464193f6e136be9183d423532,897072,3362.0,460.0,0.136823,7,1,804
2025-05-17 07:10:42,1c8e8eaf0a2d5536bbcbb5c2bcbd59d69cd80b4b9940b8417d4c83b40a10bfe4,897072,2386.0,344.0,0.144174,5,1,590
2025-05-17 07:10:42,8e97a101f56a61a67eff4f6926f51b2d6c5fdc9628bff14815605ad270fe4ecb,897072,1306.0,344.0,0.2634,5,1,590
2025-05-17 07:10:42,3ebed7ccc2311fb81bf8c16ba299e2e303f59b8993b90d49f01c4d36e5889b97,897072,2170.0,344.0,0.158525,5,1,590
2025-05-17 07:10:42,a61a15c1b49ad8dc53ddc035fe82e3b8d1dd37aebf39bf3c8493aa5e3f0e9d83,897072,2386.0,344.0,0.144174,5,1,590
2025-05-17 07:10:42,1c9c47f99d4778eb94364854f91e495dc34a1269cf183de23a0919a05d8f6d6a,897072,2386.0,344.0,0.144174,5,1,590
2025-05-17 07:10:42,f68ff25e9d96a3369d3e183ecd306ba3505c70c36281aa68fd026f14e2fedd11,897072,2386.0,344.0,0.144174,5,1,590
2025-05-17 07:10:42,7f81c47a4d8bea6746d8b045df9f557225d677a26b060826943e995abf72a0fe,897072,1410.0,228.0,0.161702,3,1,376
2025-05-17 07:10:42,30ca95adfa9f2d85220ec481e1a5cf4eb824977700125e242c21801c54b13bfa,897072,1410.0,228.0,0.161702,3,1,376
2025-05-17 07:10:42,c456ee83b662f4f0f53c40df95a8c1eb84f71c4b2279a57a7bbb4c68ea84a6f3,897072,1410.0,228.0,0.161702,3,1,376
2025-05-17 07:10:42,7f8321614cd7656568664b82cfecd2f3d043ecf26f5f0fde74071f59abe592f3,897072,1410.0,228.0,0.161702,3,1,376
2025-05-17 07:10:42,2050de4976c795f960ab4b3e04f00b8af6cd2d6fcbff3ae08d01e9cff9f19bf0,897072,1410.0,228.0,0.161702,3,1,376
2025-05-17 07:10:42,46f64ade559e60f88951347bbec0efe84f3363cf7b76ee1b96f88f334e5d56e5,897072,1410.0,228.0,0.161702,3,1,376
2025-05-17 07:10:42,9d14ce7427154498dab195a2922f39cf22584a46daa589e3690a2b4de497f7d6,897072,1410.0,228.0,0.161702,3,1,376
2025-05-17 07:10:42,25fb6bf4fa451be794a6225a23f52f43e55b78f1867a3d480b42b4f939234bd5,897072,1410.0,228.0,0.161702,3,1,376
2025-05-17 07:10:42,d42d259a17e4e9ac80b6b41f78485328326029ee5d2382b5d8d6833ab8211dd1,897072,1410.0,228.0,0.161702,3,1,376
2025-05-17 07:10:42,1bd3338ef6f2d2f7069933098f64efe860eecdbe9594a68d7a0492016a74d1c6,897072,1410.0,228.0,0.161702,3,1,376
2025-05-17 07:10:42,204a5acc7c41b1861b28956c74485d649057ea9589ae12ae4ab3e57a6793e1c5,897072,1410.0,228.0,0.161702,3,1,376
2025-05-17 07:10:42,fb50785dc6a63a0158e34e2378bb378c36013c4ee97f14c63321e48fba7464b9,897072,1410.0,228.0,0.161702,3,1,376
2025-05-17 07:10:42,e13eb80a47a022966a963ddfb213f86f88d0f47e821d1d44ebd9b3a647f349b9,897072,1410.0,228.0,0.161702,3,1,376
2025-05-17 07:10:42,f0a7f93d10c5f5c794f98c7c6ee1c298af3025f86e1d5a6fa29d861d92a05bb7,897072,1410.0,228.0,0.161702,3,1,376
2025-05-17 07:10:42,a37d4dc0222ca33167ab40eb9704cf85e219b4557c353b30bb85dc2908f987b5,897072,1410.0,228.0,0.161702,3,1,376
2025-05-17 07:10:42,ca367da2b8c157ea85611f713f41cafa9471120f05b8228fe0098d34938fa1b0,897072,1410.0,228.0,0.161702,3,1,376
2025-05-17 07:10:42,e1b6a512a7bf39f9a01b4acc7623126ec45e6bf8c87fa5daeddc53ff2efb0b9e,897072,1410.0,228.0,0.161702,3,1,376
2025-05-17 07:10:42,f8f547e1ff14eeafb790f62c5b4d4f0762643b5b91299c299ab90e6355548f74,897072,2384464.0,100.0,4.2e-05,1,1,150
2025-05-17 07:10:42,7eda7380c0b69bd97ed385cc7f1e6f47ed196e0d6df35f21c4936ccdecba0326,897072,29599900.0,100.0,3e-06,1,1,150
2025-05-17 07:10:42,2cd96bc7e8e0fd5263a26a55d2a9b0f5fffed12d935b4eddeafe44b0fb8ad805,897072,39149900.0,100.0,3e-06,1,1,150
2025-05-17 07:10:42,03cfbe5e00519c34d9d52590eb9f3b0838902392d816491d50dc0b5d7ccac303,897072,9900.0,100.0,0.010101,1,1,150
2025-05-17 07:10:42,79bac29d326b34875be4ea2259fa32d3fce1c8db523ca3740c9a9465ea188802,897072,33199900.0,100.0,3e-06,1,1,150
2025-05-17 07:10:42,0d8872f717786b8d3dbce871b43f96aa5e242a166068103314bfce9c187c7711,897072,404300.0,1095.0,0.002708,11,2,1968
2025-05-17 07:10:42,33142b424bd577c2da626b37ae03961ff8962a1fcb76000e9c2f1a0959e60fce,897072,140571.0,195.0,0.001387,1,2,358
2025-05-17 07:10:42,0c53665e1b4061b901efd5cafea238256f024eda105dfac88741c5787e5ab883,897072,159997.0,195.0,0.001219,1,2,359
2025-05-17 07:10:42,270805f0c0eb10cf8b09c4afe98ea3582dc2f5538daeb771ed35cef62b237640,897072,16766665.0,195.0,1.2e-05,2,1,364
2025-05-17 07:10:42,c73f9c7d81292ef4440d8ff30ebf58c8c705b90b50e1e2d6b3a93ebfdfbf7471,897072,19388025.0,7503.0,0.000387,50,1,7426
2025-05-17 07:10:42,d1914e2c0f829824ddb76a67ea8d0b1857d6ba482518177a1ed99221de1ef4d2,897072,600.0,194.0,0.323333,1,1,192
2025-05-17 07:10:42,9013c933ad0efb3864d4d22b84bf73bd29ad968182e67ebf9c93918ce773d780,897072,600.0,194.0,0.323333,1,1,192
2025-05-17 07:10:42,ec68020d55a1bb7791a4bbccf71e5f7abd5ec2c1ae4031f5f433f8711c824676,897072,600.0,194.0,0.323333,1,1,192
2025-05-17 07:10:42,fbf63b6929669f548399db1c6b226b5053523a1229606d865129b5ca9a56bb53,897072,600.0,194.0,0.323333,1,1,192
2025-05-17 07:10:42,185a8b0950d3173570acf9e102930b51955f756bd17d40b2ceeca987c1ac9415,897072,600.0,194.0,0.323333,1,1,192
2025-05-17 07:10:42,3784ab9db4f3bf2c5ece387737548b3c80764868ad713d655e4f7277ea0e9213,897072,600.0,194.0,0.323333,1,1,192
2025-05-17 07:10:42,e5c85922ef03b7e4b289e76db6a5aa3a49509b262e0e0137b2e0a5606a5a2a96,897072,7808232.0,7503.0,0.000961,50,1,7425
2025-05-17 07:10:42,53b407dbfef1b5726c8111d645d69624076ca600c4c1c5f8e9880c03a528fc2e,897072,651911.0,7503.0,0.011509,50,1,7425
2025-05-17 07:10:42,2c91e26884e553c75dd9b61c9e2198a7f0ee9043371a8da129d1a66f77fe73f3,897072,600.0,192.0,0.32,1,1,190
2025-05-17 07:10:42,8aaa104ae41a3bc5914037cc35198064d1371f075fad408cdbc2f5f8c85194ed,897072,600.0,192.0,0.32,1,1,190
2025-05-17 07:10:42,1582de398508a5614c8af453a4bc5cc7774538a314eaadaf552a1f45c6057970,897072,600.0,192.0,0.32,1,1,190
2025-05-17 07:10:42,ccbf824f16b70ee9ca482c7b3cffb97f79cf5c1a2a4e0b0cfef98a06e3784304,897072,600.0,192.0,0.32,1,1,190
2025-05-17 07:10:42,b06e92d7a5e95e31d4ddc7110cd853fdddf3d0efe532986fe64707ae7d6b6aff,897072,10628.0,191.0,0.017971,1,1,189
2025-05-17 07:10:42,cca5d52a84467e3376e3087202c453ee7d09df8e65b1b2c6e6d6c55fff975af2,897072,600.0,191.0,0.318333,1,1,189
2025-05-17 07:10:42,f069d2ddfa9c2211e94e8d74052023a0233968403070569f93d3fc254ccd46b5,897072,600.0,191.0,0.318333,1,1,189
2025-05-17 07:10:42,375fca0fc10e64a643afce5bef0b814fedd2f4c6fb62086b919343189b809f6e,897072,600.0,191.0,0.318333,1,1,189
2025-05-17 07:10:42,4625ad0ab419d11314d0e6a8b807f16394cd4ec27a39a860931e7b67da5e0851,897072,600.0,191.0,0.318333,1,1,189
2025-05-17 07:10:42,0e125ffb5903638e445b948fdc811a6948da2518df41525927683e2142ba1243,897072,628439.0,191.0,0.000304,1,1,189
2025-05-17 07:10:42,b57fd99aefe4141d9cd06d761a1733f97a6969b2339b14f86e19dc347b39cb31,897072,600.0,191.0,0.318333,1,1,189
2025-05-17 07:10:42,cb7476adbdc255d303a9e5e814290b9bae5078dc0a105e3253579397de19c41c,897072,192330.0,191.0,0.000993,1,1,189
2025-05-17 07:10:42,7bf3a2e959987176485a0edc57035b1d1b3885e4bf534d52f7cc61d56b1fc80d,897072,7083.0,191.0,0.026966,1,2,379
2025-05-17 07:10:42,1b739c8c686247795d272e61fa9084dc80012ca8a10c004a2b90036ab97d77b7,897072,810.0,190.0,0.234568,1,1,188
2025-05-17 07:10:42,13d39cd4ace6f8dc0336512e0327bc939d1db94a7e60b28a3a920c1a43210225,897072,43404.0,189.0,0.004354,2,1,341
2025-05-17 07:10:42,988d011394004fa28cd80a859c2a555bcbcd5fccfbf7e53813b1238b8645db5e,897072,1446.0,183.0,0.126556,2,1,318
2025-05-17 07:10:42,4a9311c761a056018184b49717e1e98bd079807580995441bb4f35e78fb79d33,897072,24817.0,183.0,0.007374,1,2,346
2025-05-17 07:10:42,368356624adfc573798e82949a8a064759249101f93c481b0d1aa0beac62f9be,897072,7433819.0,180.0,2.4e-05,2,1,340
2025-05-17 07:10:42,08cd2a7a20d61e3801ff3962e89d37fecf1e580fbd887fc66cc536eefdf34759,897072,5131233.0,248.0,4.8e-05,3,1,488
2025-05-17 07:10:42,e0e4878d71432cf1ea7ec3a6068bdcf883aea0ea71d1942bc0bf018c04a26330,897072,1443482.0,248.0,0.000172,3,1,487
2025-05-17 07:10:42,06e8d75edf198cf0465febd97bd2d6766731bc789a78a5329a0ba89a1bac7ee2,897072,767382.0,160.0,0.000209,1,3,209
2025-05-17 07:10:42,ba4c93d32a09f5fdfd2ec4910ea1d1d39e808dac34ad637728deeee0d9c29497,897072,63400.0,160.0,0.002524,1,3,209
2025-05-17 07:10:42,54f6836d45361ad24da3c7a9433a1311b23e02b3adcd1579fb03a446b1180927,897072,81340.0,160.0,0.001967,1,3,209
2025-05-17 07:10:42,03a32c1a1d1b4de612251925d42aafce0246e7f3e0e5c97a70f8ab34d4482d13,897072,104221.0,160.0,0.001535,1,3,209
2025-05-17 07:10:42,ea329431f7e862947ecc404d24f9c392e5b36b3ec15a85b3d9b733b8fcd4d076,897072,9123.0,317.0,0.034747,4,1,635
2025-05-17 07:10:42,696287cd9318872a13bea43f402a9e6591cfccc936c5b2281e2d22da2df4cf04,897072,1894335.0,156.0,8.2e-05,1,2,205
2025-05-17 07:10:42,96cd9ec2b32b37886bbf5f9556523fc1c97f4e50b9d2601f747a265375d303ca,897072,231530.0,225.0,0.000972,1,2,222
2025-05-17 07:10:42,3bbc83b13ac9b10bdab8fa4922a7af4d7fc55e24d3353b0369aab91e06cb77be,897072,1197638.0,295.0,0.000246,2,2,373
2025-05-17 07:10:42,f296348eda0a8e06984d129cc52ed8633c2064d671ac55329dc021be425fa785,897072,2075517.0,147.0,7.1e-05,1,2,196
2025-05-17 07:10:42,4662139653d04954f58a7f56d6994f9895c3b12a81b12fc73cfa0f24270506ec,897072,1989171.0,146.0,7.3e-05,1,2,225
2025-05-17 07:10:42,6fe2d6c8c06996eb982c8313b0cadf9efb64881b7be41d080ede938db8c64cc6,897072,473176.0,146.0,0.000309,1,2,226
2025-05-17 07:10:42,725f6f08d9a55c44969c9aafcbaaf1b0a2c5c59e62e7d2466b13250ac67d3def,897072,8997.0,433.0,0.048127,5,1,829
2025-05-17 07:10:42,1fa8e9fb20d726e1affe8571b94e2a3b3bd42306999d6d1bdf1a8fea2354a974,897072,9886686.0,144.0,1.5e-05,1,2,193
2025-05-17 07:10:42,49c7645828ebd4a542ddba6e37e0d59bbf44436219db82f0e4daab80979fcb5c,897072,19998582.0,144.0,7e-06,1,2,193
2025-05-17 07:10:42,9aee95153ff03894f9540fb046d2f942e34c340848500d84fa669497930c9655,897072,194357.0,51163.0,0.263242,744,1,110153
2025-05-17 07:10:42,1c84351ee16bd230f719b0f72e2f75d2d63bdf6494b365938b2b467f4417b577,897072,14482795.0,143.0,1e-05,1,2,222
2025-05-17 07:10:42,25bddad6aa104ae585f2667f6a2f3df25ad464fdcdf7cad9fa829d24b8e24871,897072,1047492.0,143.0,0.000137,1,2,222
2025-05-17 07:10:42,188bd4cbd5b5d8eda21b4b151b89a1ec6ae04db389e78f97b4d00e44076d37a0,897072,53277492.0,280.0,5e-06,3,2,518
2025-05-17 07:10:42,1418b52e24f878319dd8c444218d6d4ad6d2536039ca9981be6e3f71ad699783,897072,600.0,138.0,0.23,1,1,217
2025-05-17 07:10:42,60a6e3810c04286e165d47237b860c4b8cae425df5f74d15e079d3c0734028fd,897072,600.0,136.0,0.226667,1,1,216
2025-05-17 07:10:42,4c810dfc6a505bdc95820f5101a0cf8f8cfb435337e23c13d4e5bc78768a5cd2,897072,600.0,136.0,0.226667,1,1,215
2025-05-17 07:10:42,cd6ecd2991c2828bdb7ebdd05f866def498276ecfbe8cca21020cb510535496e,897072,600.0,136.0,0.226667,1,1,216
2025-05-17 07:10:42,cc7fb965fb822cfbf4cbb85705fa86db4bd300fd97032243331177df9ce4d555,897072,600.0,136.0,0.226667,1,1,215
2025-05-17 07:10:42,42af850e946650556d1378ae92b36d73482c86f2e82dc6214c9eaac87f1a2a4f,897072,600.0,136.0,0.226667,1,1,216
2025-05-17 07:10:42,e928abdf9cf7fad9dc5c0ae24316fe08a4ea09d79d41cb8754809d07bbbb5a47,897072,600.0,136.0,0.226667,1,1,216
2025-05-17 07:10:42,815fb822cb3bc5e98704a34276451fbaacd1e642abe0a29c3a0a8e81ff06eb3c,897072,600.0,136.0,0.226667,1,1,216
2025-05-17 07:10:42,598ef31849285c221a0272744f1908ef573b081e2b86fcbce0b9d9ba9a10c12c,897072,600.0,136.0,0.226667,1,1,216
2025-05-17 07:10:42,8dc76070eee1804ad43704a925c8e730a6f3f3fdd4233c9c281aad8c0aa1a5d2,897072,600.0,135.0,0.225,1,1,215
2025-05-17 07:10:42,f9f5e14a93cdc7840ddb885337395fb724d97f73472671c4cf90e8857f50f2cd,897072,58747.0,135.0,0.002298,1,1,249
2025-05-17 07:10:42,3e8ae19973bed8f706abd57b557ca88efaf78ebb24fa671591a13da0cdd43dcc,897072,600.0,135.0,0.225,1,1,215
2025-05-17 07:10:42,16301297db6d733cab473ef11991297978e3f222756297ea0b508374f759f2b6,897072,600.0,135.0,0.225,1,1,215
2025-05-17 07:10:42,16a855c4ee14eebae58c01bcab02f2bf51ff154e5d3cd1b13db4a1ab5d7febb6,897072,600.0,135.0,0.225,1,1,215
2025-05-17 07:10:42,cca5b69e0e6c01accfcac9c73ff0f63a90ee39756307e42ddb09284f484713af,897072,600.0,135.0,0.225,1,1,214
2025-05-17 07:10:42,b178b3e9ecc913076a105e02a8528e19ad345c694a405a4515a3b67059a5be9e,897072,186523.0,135.0,0.000724,1,1,248
2025-05-17 07:10:42,23ddcf32707fadd27c9b10e51b538fc78b8d86d7ee28d8ef499fb1587926908b,897072,600.0,135.0,0.225,1,1,215
2025-05-17 07:10:42,380568f1585f1722190f33762ae47b67caec2ec682e2e9b3fe0f3e6f369fea89,897072,600.0,135.0,0.225,1,1,215
2025-05-17 07:10:42,1245d0e8688e4edac81d478c7e0d99df784dd7a8c91af7d3680da1b43c181686,897072,600.0,135.0,0.225,1,1,215
2025-05-17 07:10:42,683c9600c25ca7ef98eb9c273b5468df7aefd8f36b31b1da7012a33a95f57085,897072,600.0,135.0,0.225,1,1,215
2025-05-17 07:10:42,eb3faf49df748c5a51fd9962c036c20cf363fc54011c10639915f0f7f5be447d,897072,600.0,135.0,0.225,1,1,214
2025-05-17 07:10:42,4f77184ebc8ea5fcfb2c0da5ccac1d53834ac1bf6a88dc48c58d1fd7051e497c,897072,600.0,135.0,0.225,1,1,215
2025-05-17 07:10:42,3061a9ae0bf605a498bfc141249e10d459043ead5eb5eec437d836e186367e71,897072,600.0,135.0,0.225,1,1,214
2025-05-17 07:10:42,7a51c4409d590d6f73aed2408f0baa02da03224313457c55f816b89d254fa16c,897072,600.0,135.0,0.225,1,1,215
2025-05-17 07:10:42,7e9e2fb17063bca0545ef68879979a93472d65e32928a69f0127236fad93925c,897072,600.0,135.0,0.225,1,1,215
2025-05-17 07:10:42,ba60b0d4de6c5940a6308f35547a0a798c32fe076754e34a08c50bcd683f7058,897072,11447.0,135.0,0.011793,1,1,248
2025-05-17 07:10:42,8459f8b95c32989d6dbc46b7e9c56be00103e9927d1b6b4bb9ddf8db19974555,897072,99999865.0,135.0,1e-06,1,1,214
2025-05-17 07:10:42,92c11b5ad6199ccfce5b5342bee6ad08e9a673734e98dad35b6e8fd58e98ae47,897072,600.0,135.0,0.225,1,1,214
2025-05-17 07:10:42,042a4cb177c5fae4354523cd05c43c2f49d340bceac1f3240a4290db13c06a31,897072,600.0,135.0,0.225,1,1,214
2025-05-17 07:10:42,031a718e32a6e7d0ec90e2a02e47702847318deb318c6ac2fbb2ab28d500db2c,897072,600.0,135.0,0.225,1,1,214
2025-05-17 07:10:42,f56f9bff0d21b2f56d5b5dc24f89ddb5924355d8c60be7db38b6764c461b1d0f,897072,600.0,135.0,0.225,1,1,215
2025-05-17 07:10:42,ce8540caf6c296853bff0c8086425b4d506e68c43a2fcaac608a10d5523798e3,897072,1030.0,200.0,0.194175,1,3,248
2025-05-17 07:10:42,29acb81a8db8ddb3a59b6595929912de257c528f2b29ad76de93159be68a7cf3,897072,1039.0,197.0,0.189605,1,3,245
2025-05-17 07:10:42,32b9735308f35361b16a78c0e70619c518433a0df3897129b0b64be5a59fbcc1,897072,1039.0,197.0,0.189605,1,3,245
2025-05-17 07:10:42,712e0a61985f5ee366b5eff069deaee9932fdaaca088ce7c38f1e59a117d2ab4,897072,1033.0,197.0,0.190707,1,3,245
2025-05-17 07:10:42,6666afe19621a02eb2a2b1dfb0d5460472115f2d7b011900a24cabfc65f6b963,897072,1039.0,197.0,0.189605,1,3,245
2025-05-17 07:10:42,dc77a58335fc1c93c8c8b6a5095c50d1dda39e72f388c8e0e4ae6e2ca2eabdf8,897072,4999804.0,196.0,3.9e-05,1,2,358
2025-05-17 07:10:42,067a64320a26262c64c111042ffb33f1f70196314dc58df95b47361ee61445ea,897072,2999804.0,196.0,6.5e-05,1,2,358
2025-05-17 07:10:42,30c83228981e329dada04a81b4acde32262725ab038a73c3433d0e8d22267edd,897072,600.0,194.0,0.323333,1,1,191
2025-05-17 07:10:42,7dcc18798de7cb9709b8346a84d0d25ace72ef40d5776ebffaa9f49615caf5d3,897072,600.0,194.0,0.323333,1,1,191
2025-05-17 07:10:42,14f9309f2e3f62b4be489c361e728d2e864b56fc29caeff3890fc6eade0e6092,897072,600.0,194.0,0.323333,1,1,191
2025-05-17 07:10:42,f21e21ad4cacc569ff15b1354a49469aaba9c4ab6d16efd8026b8e46fc27838e,897072,600.0,194.0,0.323333,1,1,191
2025-05-17 07:10:42,14deb367e462af43e5ef24f042904b215b0a126514f1144c00a87ba5849b3579,897072,600.0,194.0,0.323333,1,1,191
2025-05-17 07:10:42,16b040900c3a57ed0e863a703cf4e99d7fc23719c66bc94db8cb986f7cd7605a,897072,600.0,194.0,0.323333,1,1,191
2025-05-17 10:23:47,e03bbe3cd8715e305cec1d3e98ab289d8ba3426fa6751984fec4d39e79b5156e,897086,13144.0,495.0,0.03766,1,1,150
2025-05-17 10:23:47,f9f8a78189231df24365e743e2ab4cbe4ee213da0315bca31e7799c53bc4886c,897086,351226.0,770.0,0.002192,1,2,205
2025-05-17 10:23:47,85c83cab3eefcfdf0e813930a3dda1cd85d521bd3bd4ef55c8da96a5f1e2096c,897086,546.0,760.0,1.391941,1,1,324
2025-05-17 10:23:47,84b3c4a20cf2b8e445bb532764840b3151b7be2ddd8d1d9f2c92a47d8ac85b6a,897086,1270757.0,705.0,0.000555,1,2,222
2025-05-17 10:23:47,229a7fa6cafa4f6dbd90a2dd2bea06c0593acff3c1ceeadcfbe0c37b2883266a,897086,546.0,765.0,1.401099,1,1,330
2025-05-17 10:23:47,5b4c87027ebde921e00f8cf7b966adfeedec114af1eb8f84881d33c90bdfab69,897086,4425.0,770.0,0.174011,1,2,205
2025-05-17 10:23:47,c017f1d0cad0775962662b269ae3742d82b20508fe013a8cb71180a391dc9c69,897086,1532838.0,705.0,0.00046,1,2,222
2025-05-17 10:23:47,5fe99617d41c67650de9e2f08f89cddcf727a7ac2c46894528f7c9e4fa7a2769,897086,546.0,770.0,1.410256,1,1,331
2025-05-17 10:23:47,29dba95dcd64ca7520ea4f1c047aeefb35179ee267cfee37ac394073297a9f67,897086,320348.0,705.0,0.002201,1,2,222
2025-05-17 10:23:47,bd1b304271ec0747d5a823431358b3ad309cf0d77457e36f752156472e88c066,897086,1927171.0,495.0,0.000257,1,1,150
2025-05-17 10:23:47,80daebecc4fff347990832d61895f5a232a5023b3aebd2b60359bb8a68c69365,897086,43048.0,765.0,0.017771,1,2,235
2025-05-17 10:23:47,b2c3e7a14a04263a61aedf05566580a1869b064deac22d3d27a617b05d0d0964,897086,81837454.0,765.0,9e-06,1,2,234
2025-05-17 10:23:47,ad0f6dc3af5795a1ae77259876cb1f19a1747f8ee60127513422a03440b22563,897086,147612.0,705.0,0.004776,1,2,223
2025-05-17 10:23:47,6142fb3e93091efb6c2b9c9978bdccd3719bbbae3970e4b6783b655481f0c862,897086,42186.0,550.0,0.013038,1,1,192
2025-05-17 10:23:47,4908ff08806c310e16feb62385e020175e8f8fd7103da1c8817838bc5e75e060,897086,377944.0,550.0,0.001455,1,1,191
2025-05-17 10:23:47,371e8e008260dedfe8514706187c9c41a3f02785db1b77f0eda30ec84b132360,897086,419500.0,500.0,0.001192,1,1,151
2025-05-17 10:23:47,47847e89f3fa101d6fc9dc4e9a21ec495b23a822d655d142792019b81c9b685e,897086,546.0,770.0,1.410256,1,1,331
2025-05-17 10:23:47,63fed0732f4a5d66020065452fe48a570757e1cb0210d05d1ad98f1a9b312b5e,897086,194665.0,705.0,0.003622,1,2,223
2025-05-17 10:23:47,dfb16a791207f7eaf5981d6335ff7e4126c756066ae6a17be4bd4884e564335c,897086,165437.0,555.0,0.003355,1,1,192
2025-05-17 10:23:47,a7c4417fc7363ad5bdd4fc1c41628bd3c18cc93166abf93ff34e28c2d3722e5c,897086,180290.0,1060.0,0.005879,2,2,312
2025-05-17 10:23:47,9b2a7c5b6265db41ebf96d534219051455cac80b6d30e5bd4435b8361ebce559,897086,10156994555.0,590.0,0.0,1,1,225
2025-05-17 10:23:47,aefdb2ccd6bc986f450bcf653e6b73ca36bdba6955f2841833f9570176a09256,897086,419086.0,770.0,0.001837,1,2,205
2025-05-17 10:23:47,24c3c8cf62cb1dce53b8d33465a0f8ca2fbcfeaf793cf02b94330f8fae03e755,897086,7809994555.0,590.0,0.0,1,1,224
2025-05-17 10:23:47,a0cf193803cc57a512e28587cab7c0ce794baf1f49d1ca0b0e87314808b66654,897086,64865.0,1115.0,0.01719,1,2,223
2025-05-17 10:23:47,94bae487227ab865a3b6782bc57966d12b6cfc23b2a4ee66d45ce41711611d53,897086,19273114.0,765.0,4e-05,1,2,234
2025-05-17 10:23:47,c21042c6768209eea7044b01e70b2bcaca1fb737c8e6cc900503bbdd7ed0f552,897086,819831.0,830.0,0.001012,1,2,248
2025-05-17 10:23:47,b2f6344357b859f9c0eafe0c3be5831387a081611a50a42eddf682f22816ce4e,897086,7856051.0,860.0,0.000109,1,3,253
2025-05-17 10:23:47,b6eca39ba7a9dfa2bcdac779236115403406a22b98535fe1af16d2dfde22624e,897086,64765.0,510.0,0.007875,1,1,153
2025-05-17 10:23:47,b13534b5dd7b78b9ed860e0e275981ae2cc98f3352af46df604db14d312c6d4d,897086,30082.0,550.0,0.018283,1,1,192
2025-05-17 10:23:47,a24aba7f7b0646fc4a6de4cdd57c0e3b2022d91e23037b79248574b876ae394d,897086,975136.0,960.0,0.000984,2,1,363
2025-05-17 10:23:47,5faf6d92c238e2d8b158bffe873ab2f8930664071279018a077664766337334d,897086,4088.0,770.0,0.188356,1,2,205
2025-05-17 10:23:47,2c0f0ac91036e00f0a4634b0ed2716792edb6190e5a56b8636244335e4e4224b,897086,9710913.0,1130.0,0.000116,1,2,226
2025-05-17 10:23:47,744c923d7319b3c1a998fb6700b2e1888ed17c04847baf52bb5a52893213eb48,897086,308859.0,710.0,0.002299,1,2,224
2025-05-17 10:23:47,6c17416c7a828414dd172fb9b71c5271b32bca1c6f6ef9363f0e787b2e3ae548,897086,32138.0,910.0,0.028315,1,2,347
2025-05-17 10:23:47,8dc96fef2b97fd4d9afe561889a145333b8dd6ff169085ff4b4547eec4717b48,897086,144257.0,1115.0,0.007729,1,2,223
2025-05-17 10:23:47,d6be5e7bcc7d4c4076d21c0cd7810fde32186eac3d6c945a3b10a60ed7c83748,897086,49857.0,565.0,0.011332,1,1,194
2025-05-17 10:23:47,bbce747fbc4e27011d0fc23c6e1753a98f2e3f1650acaa2cf8971c8fe0e13148,897086,260253.0,770.0,0.002959,1,2,205
2025-05-17 10:23:47,5d1702a16c1256a93f8422f694c74e184b2da8d53998200f891a5860672ee145,897086,54885.0,1115.0,0.020315,1,2,223
2025-05-17 10:23:47,aadfce03140a0289f7d9f04f21deb7ac920b4ee829d91cf929a61365b204fd44,897086,347405.0,495.0,0.001425,1,1,150
2025-05-17 10:23:47,398a99b32aa80cb4274d92c8ed34db48804825449972cdb55755303511878b44,897086,546.0,765.0,1.401099,1,1,329
2025-05-17 10:23:47,ecd1a594390f9ed7c3c38288deb7cb67aee0e8cf66f4b28946926be8e2b2d45e,897086,1295149.0,770.0,0.000595,1,2,205
2025-05-17 10:23:47,5590d74d91ceb2ab60fe99b42bd6eb53ab0594c7db89301e3b02a5931920db42,897086,27362.0,770.0,0.028141,1,2,205
2025-05-17 10:23:47,e1b25ffb4c5ac06fef9394ad451bb0a258bc461e77466c13c40e16dbd9b28842,897086,452379.0,705.0,0.001558,1,2,223
2025-05-17 10:23:47,6af74a83733e2c7750184dbfe231a82079da3bc31a974329b3210ad425bd4d41,897086,2515.0,1085.0,0.431412,3,1,367
2025-05-17 10:23:47,2e972ecd9e3e4eb12d5254a25d02608d6f211488ccf11aa69da331e882ee1a41,897086,779704.0,705.0,0.000904,1,2,223
2025-05-17 10:23:47,cbae45322ebb8be60d255787fc38ff1b916e22f0c296556e6719181e928d423d,897086,4720325.0,1945.0,0.000412,1,10,470
2025-05-17 10:23:47,6557962769ffa7e7c05227901aabb962e367b9093ba4268a6b8dbdc64aff033d,897086,1672727.0,1085.0,0.000649,3,1,367
2025-05-17 10:23:47,ff761c95d8c8c9fa04aa4973f1ae287b5978a92aa43d77906415a60a2ace223b,897086,28768.0,495.0,0.017207,1,1,150
2025-05-17 10:23:47,f723ba03be779c2d1835b51bbc385f984b27c0545f442a4d2ba8fbd380251739,897086,578743.0,735.0,0.00127,1,2,228
2025-05-17 10:23:47,fb811e2d22e3f18938f405a4fdb1a23bed6e670f3cff2ca1138b44567ad18238,897086,353206.0,1115.0,0.003157,1,2,223
2025-05-17 10:23:47,677018ae1acdfaca4e2177e9f676e0a910dea15aa5340f4b5c074df12bc17038,897086,503230.0,770.0,0.00153,1,2,205
2025-05-17 10:23:47,52af5551dae8a4ad4f6f461d0b3fe9a86c39495b53ba080362b1d07a01b1ee37,897086,168547.0,1000.0,0.005933,2,2,300
2025-05-17 10:23:47,b3fabd732c2411cb445d55b776c29ebfe320c6871c5b117654b78622aeda8f37,897086,546.0,770.0,1.410256,1,1,331
2025-05-17 10:23:47,193facc5adea746f61955e8040e724f546449fee55114eee4076466dfee34ee1,897086,11290.0,770.0,0.068202,1,2,205
2025-05-17 10:23:47,198ae70de3cfc8e98b039e1b7dbbf74b10f8f8e8c4742824a306501a7e8c0237,897086,70100.0,550.0,0.007846,1,1,191
2025-05-17 10:23:47,00502a2494da90287d717ca3e7a24f8a16781eb47354e1b3ee1d08caa1f47b36,897086,546.0,760.0,1.391941,1,1,324
2025-05-17 10:23:47,4f425d998a4fbe69fede0c8bb97c09257438af72e1c6edce1ccaf10e746fdff4,897086,16940.0,770.0,0.045455,1,2,205
2025-05-17 10:23:47,aaf24f7591c4c29427787cd62a457dcab6af977826c01cf815b2a3e899d37636,897086,38537525.0,1695.0,4.4e-05,1,8,420
2025-05-17 10:23:47,6ee191f8594219add2d8e633bc35bfb847797298fb6a0059565c6c1298bc6535,897086,18170.0,770.0,0.042378,1,2,205
2025-05-17 10:23:47,6892eeb061c095b9dc1d2d4206f5c9a450a92e5d84b806e700035ba06f4dea34,897086,907585.0,770.0,0.000848,1,2,205
2025-05-17 10:23:47,ea99a178ac685e015172ea529a16d962f4eaa027c3b2b13e005db08f1863a133,897086,3523.0,770.0,0.218564,1,2,205
2025-05-17 10:23:47,8719697f6c9b356fbe092a05196e625cb80f68b4612f439ac1504dbcf64c4b31,897086,110804.0,705.0,0.006363,1,2,223
2025-05-17 10:23:47,36f59c3183245cdc796017334a1ead1e33558a0ffccbea991d613e3fadfd6a30,897086,194649.0,720.0,0.003699,1,2,226
2025-05-17 10:23:47,c5314e4563f00fb7370ceb376b2a592aeb9f38957ce2863c3e9b78256d3e702f,897086,38631.0,770.0,0.019932,1,2,205
2025-05-17 10:23:47,6d3210cd228c40fe6a6ca4f017a3fe078620b94c6e164ab08927dea46ae90e2f,897086,9431994555.0,590.0,0.0,1,1,224
2025-05-17 10:23:47,b3ea1ce40ce4db7aa7aba440b301f7d9367d607f068ed4199c50c22674dce42e,897086,109290.0,710.0,0.006496,1,2,193
2025-05-17 10:23:47,ecbbd53a19a9b603340aa9cb1eff0673bd344a04e99aa6100b2d94314c468a2e,897086,10004154.0,905.0,9e-05,2,1,343
2025-05-17 10:23:47,65fbf713ad67c51d7fc8ff8c72fe36fc15d35895cab18c4c63174b128900cf2d,897086,206230.0,770.0,0.003734,1,2,205
2025-05-17 10:23:47,328758d2b1e658243b2fb68162651acaa1dd08a2d02ab191afe25d0cd3ebf02c,897086,18750.0,550.0,0.029333,1,1,191
2025-05-17 10:23:47,863fc25058c48724442a18903e692334a1200e884a2c3d2142177f7badaad12b,897086,693867.0,1115.0,0.001607,1,2,223
2025-05-17 10:23:47,fa78b5efda58ff9394eb43a470cafc66b7cfeb6dbe12b2e7ddd3e369a8844e2b,897086,24378.0,4025.0,0.165108,1,4,450
2025-05-17 10:23:47,260fb16069e384a1a20814a49d2434df1a5ff7d46bb2f6955d09cd0849a0c027,897086,1556151.0,705.0,0.000453,1,2,222
2025-05-17 10:23:47,385e28124205d82bc65116e5404c0d7280ec348f681c8793a034179f52e70c27,897086,322931.0,770.0,0.002384,1,2,205
2025-05-17 10:23:47,11c9ea5dc4327e113f670c3acd019075e24448b281131f8e45daaacce3220527,897086,458835.0,555.0,0.00121,1,1,162
2025-05-17 10:23:47,aec857a93df0d2a96eb918c315601cdf81662ee57d58a9beba163ea7c1f0d525,897086,100903670.0,550.0,5e-06,1,1,191
2025-05-17 10:23:47,85f41b7b95aee1ed14088725b0c1fed9f6a32c6f5bc5025392c9779214677624,897086,536842.0,770.0,0.001434,1,2,205
2025-05-17 10:23:47,68f6f74e69132d1efe1c34078f484989c4bd8aad373143315e20ed41cb30c223,897086,142151.0,945.0,0.006648,1,1,189
2025-05-17 10:23:47,fa2759612af75d9e7e8dfb9e9d3f6bc960aab08040ea5eb8485704e702173523,897086,500553.0,705.0,0.001408,1,2,223
2025-05-17 10:23:47,7fce15e66558bb09be1b207174f97b62be61bf8cea1e3fb2a12229e208eae522,897086,2921580.0,500.0,0.000171,1,1,151
2025-05-17 10:23:47,03dca6158efadcbd21c7ce14dc3790a284b815cdac54ae6c558fabe7f1d49621,897086,99230.0,770.0,0.00776,1,2,205
2025-05-17 10:23:47,b5bb01ee86866d1358ff371647eec5f09e63b5dafa3943c3fb757ee9e096a520,897086,975153.0,720.0,0.000738,1,2,226
2025-05-17 10:23:47,ecf5e30ed38e2959d52be69742d45cf73ce3743b4debe1085a066b423078bb1f,897086,9445.0,555.0,0.058761,1,1,162
2025-05-17 10:23:47,09f499f890afed514952ad49d755bb1ccf371a36fcafb938981695c22f48791f,897086,254904.0,1130.0,0.004433,1,2,226
2025-05-17 10:23:47,8738244b55399e8a4e83396cdf045d0e4163c1e1a5d055fdefac8450e9535b1f,897086,107836.0,1095.0,0.010154,1,2,219
2025-05-17 10:23:47,ce6580e1c537dae9ad70c29f9434f7f4802546f0b10ad4d6ca588a14d442b91e,897086,4247.0,2525.0,0.594537,6,4,803
2025-05-17 10:23:47,8bef60903018120284a188f416d22c6ac314e5e887e7e26e6b08db3cf39c0d1e,897086,3024370.0,770.0,0.000255,1,2,205
2025-05-17 10:23:47,69e993f81d556f052e4b60b1bda78cc3f0fc0f8d8b007cd6fd5a23f7f488261b,897086,504183.0,945.0,0.001874,1,2,380
2025-05-17 10:23:47,0c31822337e935b5cfc31d0232ad5696c29a5061a3342d6d612e50ffd7a51318,897086,9445.0,555.0,0.058761,1,1,162
2025-05-17 10:23:47,04d4cd37d6115bdbab1b24fac97305635b69aa5ed2d7c9475b162469e7c30d14,897086,110438.0,705.0,0.006384,1,2,222
2025-05-17 10:23:47,fe02c0e40333567f80df21eeb38abd7d5720cdff2bb245749c92f1485cb9ff12,897086,62686.0,510.0,0.008136,1,1,153
2025-05-17 10:23:47,10cb2de8a2e7591816d526a2161eda4544dee7912531244e4a0bdb3c06f31c10,897086,19770.0,1685.0,0.08523,2,1,337
2025-05-17 10:23:47,117b69332ff7fb5631cfaa0823c55bc602c70dced7f6e627050e5cdce1dad20f,897086,27123.0,770.0,0.028389,1,2,205
2025-05-17 10:23:47,3853e9ab7b839799ef27670a74f9c80e4a3cd6b9300c46055f1c70f862a39d0f,897086,304027.0,510.0,0.001677,1,1,153
2025-05-17 10:23:47,9459b60b5f40556e0afb5bda808ce346ffe2399426247d35230fc21910a8140f,897086,1166279.0,770.0,0.00066,1,2,205
2025-05-17 10:23:47,41d4c854fc770644153cef3a4d6538b356b57e726131a4e19faa9abdd965b70d,897086,7235994555.0,590.0,0.0,1,1,225
2025-05-17 10:23:47,a6707b5b9e2ffebbf27d890c444212d9d1c8d2e55ece558a983a892ab798360c,897086,52780.0,720.0,0.013642,1,2,225
2025-05-17 10:23:47,3dcf38407d4397847c4a5b07f9bb67716552c8405aa47cc699366d075438ba07,897086,7802924047.0,1565.0,0.0,1,6,505
2025-05-17 10:23:47,f653d3a5c31de21fba4e1764ed021ec74369fe550214b28ab62bff47c44c0f05,897086,262789.0,1115.0,0.004243,1,2,223
2025-05-17 10:23:47,d8851c9ed6000cc36602e20b7dc0e8d03c84b12205fb4a6c19ee56b3b3cae004,897086,546.0,760.0,1.391941,1,1,324
2025-05-17 10:23:47,c29548d2124fae6e281e9150613ba2d01237fd1f250f3d8a9486945692fc53f0,897086,19839.0,770.0,0.038812,1,2,205
2025-05-12 03:27:37,2aca05b66d0a3710bb5acd2cf6712a29785abc3732e7a4effde55c28f63f5171,896352,140491.0,615.0,0.004378,1,3,286
2025-05-12 03:27:37,a0b109130952f501fb5cc4f7ec09d3786dabd00638ead09aacd68b24d33cdd70,896352,150658.0,615.0,0.004082,1,3,286
2025-05-12 03:27:37,ce70bbe29226697353e6f925dd4d10c9c8bc05fc6a2863de1831c99414530f6f,896352,135351.0,615.0,0.004544,1,3,286
2025-05-12 03:27:37,9aaab27bd27e6b4413bb9d1b967b1b44fccb88db813da46b6291155c2042b36e,896352,62264.0,651.0,0.010455,1,3,298
2025-05-12 03:27:37,df0f9bd5a6669f9c4d944d75f59145ad4d45dd495650dd5f12186e7a81e50c6e,896352,1977127.0,1527.0,0.000772,5,1,914
2025-05-12 03:27:37,fb0306bb920d6c74df55a369193702e7c1e73e98648e642111f9c9143524dd6d,896352,330.0,462.0,1.4,1,1,331
2025-05-12 03:27:37,f853695a8007a5bfb4ffc35ad8a0236e178c8ae9f11e78f95f0095b6de95b86d,896352,120219.0,615.0,0.005116,1,3,286
2025-05-12 03:27:37,d13f5a2b05352cdcc1e51acaae8d9b1ebd62403191640bf9d1a1a04ea2f2286d,896352,8000738.0,1761.0,0.00022,5,7,870
2025-05-12 03:27:37,73b9821e6dea2b764754bf0769b0caa7105b27b3210c3fe62f7571e017651f6d,896352,330.0,462.0,1.4,1,1,331
2025-05-12 03:27:37,e987318ddb824cf54a8931c3dc6dec48e142bb27d9b502dd5c4f5dd03a11666c,896352,330.0,462.0,1.4,1,1,331
2025-05-12 03:27:37,20af05c5f1eb32697ed1daeee764d657adc79a7249950ac1b163589ee110346a,896352,35841353.0,339.0,9e-06,1,1,194
2025-05-12 03:27:37,423b424b01ad8df2e85eb2ad2a10a931335aa91a2907e77f3a3259439ce69567,896352,330.0,462.0,1.4,1,1,331
2025-05-12 03:27:37,97df3e1599736597981facdfff579a4c15f3b33a224c4e3e3bf831a31c61b462,896352,6316393097.0,849.0,0.0,1,5,475
2025-05-12 03:27:37,727f5b56ac895455c28b75d508f329a988df240929ba14870ef976d800bf1362,896352,56047.0,333.0,0.005941,1,1,192
2025-05-12 03:27:37,6d6bce9f4b757ef0c11b8b75e939ab366591c5d851cd0c6a9a6e0f3fd75bd961,896352,65246.0,615.0,0.009426,1,3,286
2025-05-12 03:27:37,a84ec07c96dd7dfdd4c87e3785898ceebd12b3836a1460430015728b2c845261,896352,23123.0,495.0,0.021407,1,2,246
2025-05-12 03:27:37,5bb2a5c374510aa2118dd70f74c29792820ceced04919ca0a77485beed911c60,896352,330.0,462.0,1.4,1,1,331
2025-05-12 03:27:37,e6fb66bf979703e2605bf07beddab9a67f9942d92d32ccf2e8ce4dceeaf7065f,896352,67645.0,615.0,0.009092,1,3,286
2025-05-12 03:27:37,572ef4be833b3e762b1236d67c3c0d4fe82b137c9f22b7f486314cff7a03085a,896352,65246.0,615.0,0.009426,1,3,286
2025-05-12 03:27:37,b5934c4135e861a4580ca8c1d89f41412a35aff27c61ad07732e51968ab16e57,896352,330.0,462.0,1.4,1,1,331
2025-05-12 03:27:37,ae7161127222b96ddd29014def475bc76a5e28346d4093f88f0e07deacd97456,896352,546.0,456.0,0.835165,1,1,323
2025-05-12 03:27:37,5f7213fd1fad9cfc91ddd8287b82887d7647cc69fa2f33583029648915e9e855,896352,330.0,462.0,1.4,1,1,331
2025-05-12 03:27:37,0638978674a38e4b2a2c7adc0499055717094741fbb492cce0e0e1b388ef0a55,896352,7553.0,720.0,0.095326,1,4,291
2025-05-12 03:27:37,2d9aee4597bdadca4553be2c1f29342ae53d37f9feaf84a206ec991ba27eb754,896352,6010512480.0,1479.0,0.0,1,11,684
2025-05-12 03:27:37,819df38996d26a30b0392a7dd2ef9c13ac49266f5573eba8bee790bc5819b053,896352,12202888.0,426.0,3.5e-05,1,2,224
2025-05-12 03:27:37,cf431eae22089d7d3076e5661a316aa2a68bc1695589f7a4d83c34e4e9519853,896352,154143.0,615.0,0.00399,1,3,286
2025-05-12 03:27:37,11bb3e78e3929711a26f683c3ca1821ab2fa16c2a57e29fae7239c88e36ec852,896352,330.0,462.0,1.4,1,1,331
2025-05-12 03:27:37,e7abcbf5de5e6da3793314781ff2a9d854dbc782528229996b7c6366cf110c52,896352,31266.0,330.0,0.010555,1,1,191
2025-05-12 03:27:37,cd6d7d35224e77cba3619f1085cb7a7243ce496161084df93e6f72115e01f651,896352,10246.0,531.0,0.051825,1,2,259
2025-05-12 03:27:37,c782fab1091940e6a23558a7289c738a738ea8b9e3050ca417eb9eae68545161,896352,16777.0,531.0,0.03165,1,2,258
2025-05-12 03:27:37,b6259753a7a1a6f25ec943cf6566f694cd3371937900ae34257dbd8f3d98bf51,896352,290232768.0,546.0,2e-06,1,2,348
2025-05-12 03:27:37,bd6687038c792fce3edee946de200ba9b9d3563926724c20a1946095a0226d51,896352,281241.0,432.0,0.001536,1,2,226
2025-05-12 03:27:37,41ff1622ed6ea63f50a1c61a63db3d9b919b313057c5a064d1c9fca99acad94e,896352,150658.0,615.0,0.004082,1,3,286
2025-05-12 03:27:37,43ddc1eaa58d24743c531f9ca6d9fc4be21f44f167ddace37939bcb8c8a31b4c,896352,28540449.0,609.0,2.1e-05,1,4,284
2025-05-12 03:27:37,cf89dc13a89e36dd13e63fa419c8b812e71bf7ba316f6de8105d4c01bfdb944b,896352,330.0,462.0,1.4,1,1,331
2025-05-12 03:27:37,8131babe7c1ee6637dbbcfa3e55d1808ba51f5b3be052891d1f024df8053f14a,896352,330.0,462.0,1.4,1,1,331
2025-05-12 03:27:37,a657965cceaf41013f9c7e167a87a038de01dd70b5dbc5a53150b7cfb297e44a,896352,330.0,462.0,1.4,1,1,331
2025-05-12 03:27:37,5946b112ae471b3df4a01787389c3ce36575856e70e5736660ae225a5eebfe47,896352,330.0,462.0,1.4,1,1,331
2025-05-12 03:27:37,71e1b48a3fd47490b85e25206c01e07c7b345c1d33cb6a6de47fb7a9b5d61747,896352,65576.0,615.0,0.009378,1,3,286
2025-05-12 03:27:37,37ce5e63df55cb6e29971419656174b07bd5657a0a12d97d3d86255a4d4e1647,896352,65023.0,615.0,0.009458,1,3,286
2025-05-12 03:27:37,40c09878673496d81269c1766778b65ee91e0ae9a06128697e30f31aec15ad46,896352,330.0,462.0,1.4,1,1,331
2025-05-12 03:27:37,e524d3bd03c2722d5d50d67ce37d6d1ffdc8d73bfee1fea406d764d48093a46f,896352,20811.0,720.0,0.034597,1,4,291
2025-05-12 03:27:37,2e0d1137c39cefb458f0f18ffec4a088304c1ace233c9e148928e918684ce045,896352,330.0,462.0,1.4,1,1,331
2025-05-12 03:27:37,a82edaeea6526789044c3f1e72d4b849f3ab743869b13517097eef48bd62f344,896352,981361.0,531.0,0.000541,1,2,259
2025-05-12 03:27:37,f21ee8121ce1de20f65f98528cf009e9322c1922d582f0a9c7297c752e43e443,896352,330.0,462.0,1.4,1,1,331
2025-05-12 03:27:37,8df164127fafd4240a7aa1b01808a56467145dbd6d0286b064d40f12ca15b843,896352,120219.0,615.0,0.005116,1,3,286
2025-05-12 03:27:37,def77459dfa966daa76ea7f734d3b5c39990b97d58b2e6d84af5eae40a0f5442,896352,67645.0,615.0,0.009092,1,3,286
2025-05-12 03:27:37,6374f508a0e595956dbdd4e36125a6af1979ef78a7356d062fb83d2e6660ff40,896352,2101077.0,768.0,0.000366,2,2,419
2025-05-12 03:27:37,7d1183a1a119901f210a2a3ec50bba452af09b5782173a06fc4a4f2f8f9ce040,896352,330.0,462.0,1.4,1,1,331
2025-05-12 03:27:37,f8be5a45f4549555fc9f56904d24e43714f200c96ef1772e9a11ed71326006ce,896352,5368.0,1023.0,0.190574,2,5,441
2025-05-12 03:27:37,5b1aaf9afadd78fa2dd8abfca556621fe6d6a0b425c14b91373b2669b6f3a640,896352,208503.0,462.0,0.002216,1,2,205
2025-05-12 03:27:37,ccb2f5a528a6896bc5b37bc9d7cb75a5cbd54b7c7b64c27d980a0e1ed1e54e40,896352,336783961.0,612.0,2e-06,1,3,255
2025-05-12 03:27:37,1e1bebeb8cdfb71efca060e8eeb432609bd246889dfa2b7ae945090b5abcfd3f,896352,330.0,462.0,1.4,1,1,331
2025-05-12 03:27:37,8760b950f4799d49b189cf85c30510f19ef7a56dc10a576a2096539958f2a53f,896352,330.0,462.0,1.4,1,1,331
2025-05-12 03:27:37,fcb19bfc2775196387e0feb74dba8850fe6057956342e4be7dcdf5531bd9153e,896352,1764.0,636.0,0.360544,2,2,312
2025-05-12 03:27:37,68b144ae267c868fc9247d1272cdafac81a41391b206ab8d35562af628f9e83d,896352,65246.0,615.0,0.009426,1,3,286
2025-05-12 03:27:37,b1e1c168320c7223a52b71a57ce062aee0c7142745489b1075802d0ca81be13b,896352,330.0,462.0,1.4,1,1,331
2025-05-12 03:27:37,77868789862a0e81983a1aba5caefbd7b1540e805eaba579ebf0efcfd108eb8c,896352,22756.0,849.0,0.037309,1,5,334
2025-05-12 03:27:37,4d9f8b8b94702a5a33c98ab7cba3fa53ef055f478475334fb9d57c35af0d3f3b,896352,296087527.0,423.0,1e-06,1,2,222
2025-05-12 03:27:37,bb7da16e15ad59897ae76a24ca6daa8d9ee33d0a30fc725d76f495b5e0017237,896352,546.0,456.0,0.835165,1,1,323
2025-05-12 03:27:37,cc73fd74ef35bfc3f3ceeffddb6530dd83853cacc52ae7eaf33f4310a324b735,896352,57758.0,531.0,0.009194,1,2,258
2025-05-12 03:27:37,03646eac6497eb7e86624801ee8ae5989077d7ad60be7dca6f201d8bfa2cc534,896352,62252.0,651.0,0.010457,1,3,298
2025-05-12 03:27:37,dbafd8dee4deb882108911e4a2f8062006148852f047bc20e9a0e20c6389a734,896352,80218254.0,3672.0,4.6e-05,13,1,2274
2025-05-12 03:27:37,9cce352166a2f61681c5f00b4e46d91a4fe712e4e0217c2f27439583c882ea30,896352,65246.0,615.0,0.009426,1,3,286
2025-05-12 03:27:37,d2a54b4f226bbfde75477f0d15c3bc9cd3881e25b4bf51174c49cd8a0febcf2f,896352,73737.0,615.0,0.00834,1,3,286
2025-05-12 03:27:37,cccffa19f1e83f6cf2cbb939e1b88a73c9e75e1354754c6180fdaf9fffad152f,896352,308431.0,423.0,0.001371,1,2,222
2025-05-12 03:27:37,2a05f0d5a5a7db16f6d0e75853bbb36d2d342c45b61921b7377666b0cdc7a02e,896352,330.0,462.0,1.4,1,1,331
2025-05-12 03:27:37,28ea596f2c849c9b478dfa15b40de3fccd32416a75bbb07a07d3f8ea271b632d,896352,330.0,462.0,1.4,1,1,331
2025-05-12 03:27:37,04d9dfcbf2eab9f5f02b69eb4adb7b9ba808d784de01979d7cc4b48cb0daab89,896352,3816.0,849.0,0.222484,1,5,334
2025-05-12 03:27:37,acc2d50579632c94c90e03a7c0cfa16ee880a9f6127385c7b1cde69fc2f8d42a,896352,65383.0,615.0,0.009406,1,3,286
2025-05-12 03:27:37,aee6daa0acf73e1e9a164654f7e53b082d1ef79969bad68b3e5158c41c41012a,896352,94778.0,462.0,0.004875,1,2,205
2025-05-12 03:27:37,58eb012a177b2e4d2df4830f45faa41db1560edb9d3affa417bd989c3c4dc129,896352,67645.0,615.0,0.009092,1,3,286
2025-05-12 03:27:37,a594cadb1c41ccd8f3d3a79c90074f47cd45f9990417fbd6a1db1f2db985a529,896352,157166.0,495.0,0.00315,1,2,246
2025-05-12 03:27:37,69d6c2ba1d0e9921378251673956501b259dbb4483d8e428ba0877f7f4733229,896352,47777.0,432.0,0.009042,1,2,226
2025-05-12 03:27:37,b55273c32bc83afac58227a2eb0901202812c6a70a7349d2ef262a0114c0fe28,896352,120219.0,615.0,0.005116,1,3,286
2025-05-12 03:27:37,5aa4996185f1ea84311b6b144f32dcd88881b0ffccff87c5ca1067c76f8f9d27,896352,330.0,462.0,1.4,1,1,331
2025-05-12 03:27:37,520b6e37129193ab7b3689da1f5ad23947bbf3eb690720787b939749e1999027,896352,546.0,462.0,0.846154,1,1,331
2025-05-12 03:27:37,8038c528d2525b0739c8dc6494e0ec4997c8663927854bd63839c3709d56a8ba,896352,1764.0,636.0,0.360544,2,2,312
2025-05-12 03:27:37,bce9a1deca32cdde3a6d97c24b3aaf998e7a94714d1faa2285ae18197379ee26,896352,35734.0,330.0,0.009235,1,1,192
2025-05-12 03:27:37,2403ee7d015c093a5d52b1ba30075a87bb00c7d9d05776bcca44b59553f2c626,896352,330.0,462.0,1.4,1,1,331
2025-05-12 03:27:37,b1ce4c462df36770284a0e990ac0fdcd26fbe17b2180d3ae5b14b3b0f8f4bc26,896352,330.0,462.0,1.4,1,1,331
2025-05-12 03:27:37,b3a7d3234c00eba978a76838a00e77a31afcaa2daae98388a742f0b0eb43c44c,896352,20432.0,849.0,0.041552,1,5,334
2025-05-12 03:27:37,34f625ff6fd0a7a7dab6e469792a902183022f71b88a424f4f09ed6297638824,896352,330.0,462.0,1.4,1,1,331
2025-05-12 03:27:37,1d8bbdd4a69ec8a7a7eb4935105fd22e72c23379fde28f0c23a0e57e54eb5bb0,896352,5759.0,849.0,0.147421,1,5,334
2025-05-12 03:27:37,b9e6ae8d1d6657e43396882648296c7f8e303b9341a1c7951da60437669e1e24,896352,330.0,462.0,1.4,1,1,331
2025-05-12 03:27:37,4cc0ce27a56575e83a4aa33a0df1aad38f9240eebe2de0b49d3893bd85a3d323,896352,330.0,462.0,1.4,1,1,331
2025-05-12 03:27:37,504eb823a1d25ce243ec76c0c8b30b3872986eb0615ef5b5afad51fabfacba23,896352,385599.0,423.0,0.001097,1,2,222
2025-05-12 03:27:37,fa5856c76b1c3096baac64d8463cda87f480178398869ae9655055c58d809623,896352,62264.0,651.0,0.010455,1,3,298
2025-05-12 03:27:37,f06dc6f37b3fbb52e899b919e415dd515b0b215b5bca5ffe6ddab1c282da1621,896352,55252502.0,990.0,1.8e-05,1,8,412
2025-05-12 03:27:37,198cde1743fbc2f7a0f71e8c026accb86a0f73bbb9ee78bc71bb2f4ef252761e,896352,65246.0,615.0,0.009426,1,3,286
2025-05-12 03:27:37,b3c83f2cb7fc41179a4dd95e1fdc13635e313d99a88a948dccf559c2b6643a1d,896352,330.0,462.0,1.4,1,1,331
2025-05-12 03:27:37,48bad0420b82eaab8307c1cb2f9c43eb629a2f9f4700422ce189e9f0ee46647a,896352,4428.0,1023.0,0.23103,2,5,441
2025-05-12 03:27:37,1b71235569a082af8dee5700c5793bc41c217e18098814693a01b8c5168c6717,896352,208518.0,462.0,0.002216,1,2,205
2025-05-12 03:27:37,2126dac131de89c19ceebc3ad3c2cbb77ff93f1b925224a7f2fae726b0256317,896352,7851431.0,609.0,7.8e-05,1,4,284
2025-05-12 03:27:37,606357f209c5b1c17815bdf98e76da20a3faa961ef490149bab142c7d68d8c16,896352,149757.0,615.0,0.004107,1,3,286
2025-05-12 03:27:37,d12c7613a461c31c2870c75f20fa65a707db8f48af2ce1ff7d5c8785a5203315,896352,133720.0,702.0,0.00525,2,2,365
2025-05-12 03:27:37,8b64a8f505f626b0395ce3bd5b95122a7fadede112a71db9edeae6f423151c15,896352,67645.0,615.0,0.009092,1,3,286
2025-05-12 03:27:37,10ec3042df25fe3d732f1c3229b7ab55e5d01c8ecd496bb1f1b719ff48d9d313,896352,330.0,459.0,1.390909,1,1,330
2025-05-12 03:27:37,77b23e42db92032ca565d7b1391901ec809c9fb2a6fab645199f2ac14a174e4b,896352,3467.0,720.0,0.207672,1,4,291
2025-05-12 03:27:37,e79630331922e8234b9caebb41c7136efa44cac716e674139cba372a9e5b8711,896352,150658.0,615.0,0.004082,1,3,286
2025-05-17 07:08:25,a05291d65e5b7d78ac1fe1418512c1d63e160b296811c7b8437e234ebc612cd6,897070,241467.0,185.0,0.000766,1,2,205
2025-05-17 07:08:25,146154828e696d70b0812d8a1fa22e644d1871f02bcc8f10c01c02e5d4a55034,897070,241652.0,185.0,0.000766,1,2,205
2025-05-17 07:08:25,6962802862db8778418e368cfe77ff7e6715a7a36fe901064793d56a4935e289,897070,241837.0,185.0,0.000765,1,2,205
2025-05-17 07:08:25,b5b096492c945fbda2421d7dc48c4ba494d5b6dee3f8d21ab8562ae9f02c6d84,897070,242022.0,185.0,0.000764,1,2,205
2025-05-17 07:08:25,ed4ad6daf61a55a78b1eae612e0caf62132157488ae066cd517800f9cdc24a57,897070,242207.0,185.0,0.000764,1,2,205
2025-05-17 07:08:25,8e7409870a123711b8284d1b03610ff62d54151c6afc1628193526477cc953fc,897070,242392.0,185.0,0.000763,1,2,205
2025-05-17 07:08:25,20b2634a089a215d765adaabd523d866843b156e2b26bb8e110110b89893cfbc,897070,242577.0,185.0,0.000763,1,2,205
2025-05-17 07:08:25,a98e0d80072ba172e8f034b182e230063d1e3ad8e94d60ddbce64115600060d3,897070,242762.0,185.0,0.000762,1,2,205
2025-05-17 07:08:25,e9e5032cd7188a3b3250387b026c435a429857f096c54120e782111a4ff6105a,897070,242947.0,185.0,0.000761,1,2,205
2025-05-17 07:08:25,0afd91d9ea610a77d07696df5ae61024f43e92bd0680bf5250cd68ff7e5975f9,897070,243132.0,185.0,0.000761,1,2,205
2025-05-17 07:08:25,44b86a07a7ba3b333d0f104011ba8ae2432f510a5eec3958dddc2c97e2de49c9,897070,243317.0,185.0,0.00076,1,2,205
2025-05-17 07:08:25,4f681957e003d7b32c83e3e6460b3bd6a8e0bd43f0607d7e631074c49cd7f283,897070,243502.0,185.0,0.00076,1,2,205
2025-05-17 07:08:25,c76debaee8a55406ff1bc9c2c5c8b763982bdcbeeac5a395beb3857f53c1b8a1,897070,243687.0,185.0,0.000759,1,2,205
2025-05-17 07:08:25,241c15d8526416bfa2b3d411a0f1eb78fb31057d5c85502ed64917cf248a725a,897070,243872.0,185.0,0.000759,1,2,205
2025-05-17 07:08:25,f05d5768dcd50cfb011739a8d4764a384f2610861397dd95f58fd99be3bd0378,897070,244057.0,185.0,0.000758,1,2,205
2025-05-17 07:08:25,116c736adf69549f307c02bd97a443c224acaabf6b0ebec7757432001e8b8ca0,897070,244242.0,185.0,0.000757,1,2,205
2025-05-17 07:08:25,c3ac1a53c298f06a0c89f83f1ce363a9d6ecd543cbe234e5c00f36e504ec1d46,897070,244427.0,185.0,0.000757,1,2,205
2025-05-17 07:08:25,17cf39dda4f2c6fc25b4b49505cff89d0f2798521dc179825802875e66066690,897070,244612.0,185.0,0.000756,1,2,205
2025-05-17 07:08:25,8d6111f3a0c8690c7275b181e171d2cfd257f02b8939c4f341f6f22ffe536c4e,897070,240305.0,237.0,0.000986,1,3,248
2025-05-17 07:08:25,377a79d4a56eb11329453b8817609dfe23bc4bc05b872e95737b9c7b023c8bef,897070,240542.0,185.0,0.000769,1,2,205
2025-05-17 07:08:25,cd9b49c5431b804c3a304f93a517013d818abaa09fadb80e3162fc865918e1d5,897070,240727.0,185.0,0.000769,1,2,205
2025-05-17 07:08:25,226dc9b8678b46d7d7ceb0653e7349c536d6cbe6776f069169cd2dbd9a8e5791,897070,240912.0,185.0,0.000768,1,2,205
2025-05-17 07:08:25,13844a0687b7a6d2c23c2f46a4af52dcea02df8cf2e3ca0bf9252f032efdf551,897070,241097.0,185.0,0.000767,1,2,205
2025-05-17 07:08:25,01c06113b752aef8695cf60b86d023c9ab0846b4d4fb5d8a8f75c46f0cf8e912,897070,241282.0,185.0,0.000767,1,2,205
2025-05-17 07:08:25,8e3ea2e7c579cac425aade6b409ffd964cd208ce3dfaa3c5650ccd2be22e2853,897070,241467.0,185.0,0.000766,1,2,205
2025-05-17 07:08:25,dd6c06db46746959842ccfd474f410b14271d03facdd617e8a3825256a1fb912,897070,241652.0,185.0,0.000766,1,2,205
2025-05-17 07:08:25,5ced91992e13417bf89f227a1227413549f22209e0eab7ec04c4fb7d2928646d,897070,241837.0,185.0,0.000765,1,2,205
2025-05-17 07:08:25,19bd5203fc400fcff79b9e515d1f41a704444082aa81a1cb82ace47580a8d0ac,897070,242022.0,185.0,0.000764,1,2,205
2025-05-17 07:08:25,8eab8dd2bb231db7c129a12309e759f33225bf6f538f628b717d2d1b0ee4c227,897070,242207.0,185.0,0.000764,1,2,205
2025-05-17 07:08:25,5b9730c5270d485142d08adfb20804bc9382a46f1b8b8a3bc18df5b1b7fcf867,897070,242392.0,185.0,0.000763,1,2,205
2025-05-17 07:08:25,4eafd1a0b770b8b9c7efb618c8ed60a6ccb863eddac76c54f5757c2e70546292,897070,242577.0,185.0,0.000763,1,2,205
2025-05-17 07:08:25,6f10201d6d7792f99d5beda97bb0e877845068bd7e147b80779ce8fe659d8b18,897070,242762.0,185.0,0.000762,1,2,205
2025-05-17 07:08:25,89b34fe471807508486dee0948e18dc685196e4fe16a19936763771f3367ac2f,897070,242947.0,185.0,0.000761,1,2,205
2025-05-17 07:08:25,9b6393618c30f5b9f2823c5e6e8d49e8a73d9b5efa2e124b69f1192ee575a5e4,897070,243132.0,185.0,0.000761,1,2,205
2025-05-17 07:08:25,10f90012d5641227a1203383a1f065da4d567bdcfaa93a6b0a07bb8c487b4df1,897070,243317.0,185.0,0.00076,1,2,205
2025-05-17 07:08:25,7c1e47cffba5eb6d488f75c488d7f7ba1e956b98b7b36a43e707534e447398fc,897070,243502.0,185.0,0.00076,1,2,205
2025-05-17 07:08:25,0dca34b32d162379b2d84c61773ef2dab0b70c8f92ecd78da8db68ab279aed2b,897070,243687.0,185.0,0.000759,1,2,205
2025-05-17 07:08:25,f9ec669c57a8fca39a2ebc2b74e7381aafd9614ddc6fced7d18b47fc970b8048,897070,243872.0,185.0,0.000759,1,2,205
2025-05-17 07:08:25,6b968434d9f3f0b9b354fe00bc5e30f477c6bd6cb80f459f71dec96904945eff,897070,244057.0,185.0,0.000758,1,2,205
2025-05-17 07:08:25,4a733a1d1abbc096a54d221e9578148cea5d24c352ef151339c85ed3221657dd,897070,244242.0,185.0,0.000757,1,2,205
2025-05-17 07:08:25,8a6425997d9ecbd45a7ec3a34f8868b3a11a308b6d80eb4ab31ae0509b580b01,897070,244427.0,185.0,0.000757,1,2,205
2025-05-17 07:08:25,8514a479c13069f885c0ecfedc5e2e5a70df29ffee7065e854cd50f71af808dc,897070,244612.0,185.0,0.000756,1,2,205
2025-05-17 07:08:25,0c5ce0d5183fbf6918dda557b687cbc7309e4d614f13a23847b20db1687cb74b,897070,240305.0,237.0,0.000986,1,3,248
2025-05-17 07:08:25,5689e0428a79d6f478715e41c507d744cf4dd4bf3dc3bd63e9b9517a3f2121ce,897070,240542.0,185.0,0.000769,1,2,205
2025-05-17 07:08:25,f7e255e9274990fc96795cffd81c81923cbd9966f62b46940b857277ec202a58,897070,240727.0,185.0,0.000769,1,2,205
2025-05-17 07:08:25,77497c67b5f2d872e9bb8dd5097ed6a6143ea7467e1f0cd59d622c400a68a67a,897070,240912.0,185.0,0.000768,1,2,205
2025-05-17 07:08:25,8f0bdb9fe30ae67e02f16ef032aa2473dd150eea2c747a88b14f457f85b29e14,897070,241097.0,185.0,0.000767,1,2,205
2025-05-17 07:08:25,040c0b5a09b7eb006e47065cbb666925b490fc2e4cf97c9563ec781c2c168361,897070,241282.0,185.0,0.000767,1,2,205
2025-05-17 07:08:25,4de424a91ed91e11e4adbbed039ba186f3972da987d9135bf7f48b9c4a938341,897070,241467.0,185.0,0.000766,1,2,205
2025-05-17 07:08:25,dc138d54b7b25b4f928cb799e7ec6fbd7c3debcf0820b66805d351faca3ed7ea,897070,241652.0,185.0,0.000766,1,2,205
2025-05-17 07:08:25,72d1ac2f33d7a91062bc55cb463b4b3cb21dc30df402d711ba4c75c9fe9f0179,897070,241837.0,185.0,0.000765,1,2,205
2025-05-17 07:08:25,1a0758397f0732dedb213324d44eb224e9ee15bb8397e85e172e986cb3538aee,897070,242022.0,185.0,0.000764,1,2,205
2025-05-17 07:08:25,0f683512f1e83a2dff14f371d56e2351d5aac680da33c12b5986bf685d5d92e4,897070,242207.0,185.0,0.000764,1,2,205
2025-05-17 07:08:25,762132a3c36bb324963445488c06cbd032fcc62278f48e5c1b613dbc8074fc47,897070,242392.0,185.0,0.000763,1,2,205
2025-05-17 07:08:25,7653f449afa64b7598c44f4168de190f6783f0f3141c0bc575933ac1151f5fa9,897070,242577.0,185.0,0.000763,1,2,205
2025-05-17 07:08:25,871211fbe21e6c3c60b67947a528e4572fe938c516683ea646e08e1a0ef119a0,897070,242762.0,185.0,0.000762,1,2,205
2025-05-17 07:08:25,b4615fb9d1ab334c6e011b515b4948d34525f46025eb51489199ee7dca6a1c17,897070,242947.0,185.0,0.000761,1,2,205
2025-05-17 07:08:25,6798a9c0e9f63d54d0031260c08d3598926a0ce2cb6d4e0b5cc3692b766cd4a9,897070,243132.0,185.0,0.000761,1,2,205
2025-05-17 07:08:25,1d7fc4524a0b93d4c67245387c936d504d2d8b3fa2facc85015e50867a60344c,897070,243317.0,185.0,0.00076,1,2,205
2025-05-17 07:08:25,e1afdf4f7e2b863270add22ad019dd2e8c998ca005a37be6c69ab073759c056b,897070,243502.0,185.0,0.00076,1,2,205
2025-05-17 07:08:25,f9a9a418b66a7b43b9459a0ee3901a830485201fbf33c7e7a7b823933c882e12,897070,243687.0,185.0,0.000759,1,2,205
2025-05-17 07:08:25,a9477f6ad631731e35e92f47fda64fc948fcc0f3faec0549d18a4522902606e9,897070,243872.0,185.0,0.000759,1,2,205
2025-05-17 07:08:25,e41ca173781aa9caf2cc52c6a03cb1473c133ac4d757e062e756122e523425c8,897070,244057.0,185.0,0.000758,1,2,205
2025-05-17 07:08:25,4cceb7ec0f5a34c2709ba910bdd15d80458775290297e4be7189960ce9e1b705,897070,244242.0,185.0,0.000757,1,2,205
2025-05-17 07:08:25,b9f4d2c3e06ab206f1575bcfc7ec02b1effe26b5b3d50b46816f6636884706d6,897070,244427.0,185.0,0.000757,1,2,205
2025-05-17 07:08:25,aedc7ba9b7b2981b365698e02f3db02a9f253c551b971f451235a08585c1a60a,897070,244612.0,185.0,0.000756,1,2,205
2025-05-17 07:08:25,761a62192f64d3cde866c8c65d19d14f555f7ea0a72bd01225e52e9a9fb5bc48,897070,240305.0,237.0,0.000986,1,3,248
2025-05-17 07:08:25,b512636db1d85a3860b52ee26ebdb7611a12073fb4ab90c5a9b4c82fe4d721a0,897070,240542.0,185.0,0.000769,1,2,205
2025-05-17 07:08:25,b648cd59a7b5d23e0df41a322eb25876e9d5e3ddedfa4f879b0488b404d5c0c2,897070,240727.0,185.0,0.000769,1,2,205
2025-05-17 07:08:25,32b3a401141d70e4ea6792e392a157be0be706a8a2855b9be8f9243b9aaac89b,897070,240912.0,185.0,0.000768,1,2,205
2025-05-17 07:08:25,3f00fed44899bcd4fa51073579fc94727b0aa469daa1f28ae464802c1685c409,897070,241097.0,185.0,0.000767,1,2,205
2025-05-17 07:08:25,ee520a13d3829495bc18c1e7520d0292ab352b11d5c0856e3de8e5b67ccd0549,897070,241282.0,185.0,0.000767,1,2,205
2025-05-17 07:08:25,b5652642e29d54338dc423d589d195eb2ad4d39c2ca98faa087443d15100e2b8,897070,241467.0,185.0,0.000766,1,2,205
2025-05-17 07:08:25,82703cf40ba6176c83f15f408e5224719072597bdb6ea573d5ea98a6d57a2ba8,897070,241652.0,185.0,0.000766,1,2,205
2025-05-17 07:08:25,c3f91639b94fa0bec55defa4963e7134a7900c836ff93a68a458e0119f532126,897070,241837.0,185.0,0.000765,1,2,205
2025-05-17 07:08:25,03e14c5d72e9b52caca1ac8fc64cd26d8ee21eeeed70c91683b858053cda1595,897070,242022.0,185.0,0.000764,1,2,205
2025-05-17 07:08:25,eae1549cf405ce98e0c001ba7dd378eaa94e60cdd024f60c6c1a37d0c3b7f5ce,897070,242207.0,185.0,0.000764,1,2,205
2025-05-17 07:08:25,5271a3c653a468eb344cf047982016152364d27e5d3bded4f1dd6a3f9d9f5f96,897070,242392.0,185.0,0.000763,1,2,205
2025-05-17 07:08:25,ef8a76f012e7f496073b770a81337869bdf9ff337659e7379fe671d3eb415e66,897070,242577.0,185.0,0.000763,1,2,205
2025-05-17 07:08:25,4348a7ad05d2f7448d1d511328130e862f01e4fc9581be705560d316df77b34e,897070,242762.0,185.0,0.000762,1,2,205
2025-05-17 07:08:25,340212fb4533fc1c5463674fbc243f68c9b3d03238514331d1a4764d6caf9251,897070,242947.0,185.0,0.000761,1,2,205
2025-05-17 07:08:25,910e6bbca70b19ea2404ee087ba224e5b83dec756c129dcd34896d03c24f524d,897070,243132.0,185.0,0.000761,1,2,205
2025-05-17 07:08:25,0a6a7675c3770b757752ad8e684778ada09d202546b5afcb78ec373198a5d0f9,897070,243317.0,185.0,0.00076,1,2,205
2025-05-17 07:08:25,fd33efe5d4dea210be6ea7a7e291aca1ddd407481e72ee572caec8684dcca9cc,897070,243502.0,185.0,0.00076,1,2,205
2025-05-17 07:08:25,78db5a6e6000fb2065c43ab0194aaeabbd3f13ede884a25fad8d60ec0e0d08cf,897070,243687.0,185.0,0.000759,1,2,205
2025-05-17 07:08:25,0d7d3cea751bd91f3956a9bde40c9eb372ac2be8d6cb18f43f72797ed1065224,897070,243872.0,185.0,0.000759,1,2,205
2025-05-17 07:08:25,ba336c3e7d39a301cab35ae2a35b2de2ae8386a7662f9b7f0bb7f1027edd0b49,897070,244057.0,185.0,0.000758,1,2,205
2025-05-17 07:08:25,7116986c980c57a3708bf24c02f61ffcd865f603c75619213b5156a4fedbce55,897070,244242.0,185.0,0.000757,1,2,205
2025-05-17 07:08:25,bfcd2f86769c7527dbe8e6ca7732912dbf80a4591b099daaaceb5179a9b47585,897070,244427.0,185.0,0.000757,1,2,205
2025-05-17 07:08:25,af329b66525f476d72dc53988371cceb79a75fbc0661aea40e51d286f71d8058,897070,244612.0,185.0,0.000756,1,2,205
2025-05-17 07:08:25,4e72c87786db29565d98481c39e9d395da19a0850953774daf6e18456f082047,897070,240305.0,237.0,0.000986,1,3,248
2025-05-17 07:08:25,da7a3d63b1a1767a6e02e8face93a1d39b0be54a4348278e7ded7500d30c6196,897070,240542.0,185.0,0.000769,1,2,205
2025-05-17 07:08:25,ac0f9159e9dc87ed6bb15155975ad8dc385d39dea4a044348b3544ff116f9928,897070,240727.0,185.0,0.000769,1,2,205
2025-05-17 07:08:25,003545131a118ea2dc7b4ab5798b52d14f66d1e84dce050ec0b7afb2610d9493,897070,240912.0,185.0,0.000768,1,2,205
2025-05-17 07:08:25,40b363cb688a8c60a4a35b547931d6b10bb51c517594d19934c6387a221bfe08,897070,241097.0,185.0,0.000767,1,2,205
2025-05-17 07:08:25,9b93efa15cb6199bbd69650a231e4903bc89fc237611c4437b7d868df0067e67,897070,241282.0,185.0,0.000767,1,2,205
2025-05-17 07:08:25,ca145df51bd39410611f2422026151a9eb706f6db257c40931b12e855a19141b,897070,241467.0,185.0,0.000766,1,2,205
2025-05-17 07:08:25,f4e8fa6f0806726735a87ad6c957f8f884162b12522f8c70b5f932b30a2a2bda,897070,241652.0,185.0,0.000766,1,2,205
2025-05-17 07:08:25,9931a1cd0c75e526131f3111a12ff73a1b85658dbb07d5c8b4c9b145298363de,897070,241837.0,185.0,0.000765,1,2,205
2025-05-17 07:08:25,4c806162dee0e8a431ccdaa59032f1fcaac89c1f214074c883f7ccddae6a3dc6,897070,242022.0,185.0,0.000764,1,2,205
2025-05-12 03:27:37,9b009ec855a103eacc3fd47146c4c8c892763ae3144d80f7bbc788eadd1195e4,896352,67645.0,615.0,0.009092,1,3,286
2025-05-12 03:27:37,5a6303403bf211faac47d3cfbf1556ac85cba786c203f172173965c022975fe3,896352,62264.0,651.0,0.010455,1,3,298
2025-05-12 03:27:37,ab8cd7d96072921db8e841ec047876bbb746168bc918fc63df1b3008a69148dd,896352,93155.0,627.0,0.006731,2,2,371
2025-05-12 03:27:37,15274cdd631efe7a72d8eb47e236dc8da8bfd037c98309e398d2efdf27ca5adb,896352,74656.0,615.0,0.008238,1,3,286
2025-05-12 03:27:37,3d91f4750b6d78fc3a603a377c744486d0f01b77808f39a95eddec39c65915db,896352,546.0,462.0,0.846154,1,1,331
2025-05-12 03:27:37,b3a55abc73d51ad4f657e33b3c8d128ad56759adfa512a26a4b0d9b1ee9fb9da,896352,330.0,462.0,1.4,1,1,331
2025-05-12 03:27:37,e4d3d4e9d4edcd407dc7c46aac90b36fae3ba8fad2b45149053e93efb4b78dda,896352,30223.0,945.0,0.031268,3,1,559
2025-05-12 03:27:37,121bcf267e6e1c23ba66de996b3bacb84872c52f56abf904d8152b10256090d8,896352,65047.0,615.0,0.009455,1,3,286
2025-05-12 03:27:37,43eb83d97d2fb072bd1187a04e9ff2c13fb01a8b17052d8f7c5488b496ec0ad8,896352,3302382.0,516.0,0.000156,1,3,253
2025-05-12 03:27:37,8a58321d7069f287f02b92d232d4dc365c6e58cc892d80f93a700c688a0952d6,896352,330.0,462.0,1.4,1,1,331
2025-05-12 03:27:37,c3a82ad966c4220b2f9871226f193d0ae82280722fecb15abc199a919420cfd5,896352,144199391.0,609.0,4e-06,1,4,284
2025-05-12 03:27:37,bc7172d96cd0a90c1559af744386cbd5df3f70c5e56c0043ced62db63507e0d2,896352,120219.0,615.0,0.005116,1,3,286
2025-05-12 03:27:37,3d652086f990cd1a9d9db6d3255a52295bbf132c22a73eebdc725ae85bfeebd1,896352,67645.0,615.0,0.009092,1,3,286
2025-05-12 03:27:37,c6cb19a11c878a46c946546508e43ce984598ad6af4b1c57b64e0c9078dfb5d1,896352,65246.0,615.0,0.009426,1,3,286
2025-05-12 03:27:37,835ce50a03e5b5151ea270059a72c95a710c7204c3b7beb376bbcb4e36578dce,896352,625187.0,519.0,0.00083,1,3,254
2025-05-12 03:27:37,ea98bc73d6aa0d1b1fa03c2c9870e900f8c8e9e59223b9fc81f2424e60f9aecd,896352,330.0,462.0,1.4,1,1,331
2025-05-12 03:27:37,80f3e9ee7423c50899c6478bbd319abe751b895cfa3e94c4815e89cd0d28c6cc,896352,261175.0,426.0,0.001631,1,2,224
2025-05-12 03:27:37,068289e0f6448d6e8072efc2940fb91e58e7075cc47687016bc69d2793ce1ccb,896352,62252.0,651.0,0.010457,1,3,298
2025-05-12 03:27:37,b252fe741ce3525dd2f0c1ccb97a2a62daa03117ca7c91699f577114ef8f15cb,896352,330.0,462.0,1.4,1,1,331
2025-05-12 03:27:37,012aeec33a73ef6c4bba99baf0f42825c729bf365ba4dbb9add57931d83d60c8,896352,99892035.0,423.0,4e-06,1,2,222
2025-05-12 03:27:37,0ff071b84116b62cf2305fa46432ca1ee6e8d0b2c71626face5c6e04e0f557c7,896352,330.0,462.0,1.4,1,1,331
2025-05-12 03:27:37,473e063e6da61dd82375c8cf3ce8c454e0cfa070629d486d9b7274be20892ec6,896352,330.0,462.0,1.4,1,1,331
2025-05-12 03:27:37,04ae5b07a0bb8155f8620f6e04b86900f84b9f44cd15a067342355d17e7347c5,896352,96458.0,432.0,0.004479,1,2,226
2025-05-12 03:27:37,b9f4b7da935fcea41104dd54268010b0c447da789f89c3b8de72568bfe5900c4,896352,32145.0,423.0,0.013159,1,2,222
2025-05-12 03:27:37,95a1eff10391aa01090a02afcaa916f828453b2bb167659297845dd02e1b37c3,896352,12338.0,462.0,0.037445,1,2,205
2025-05-12 03:27:37,e28f1b3809919e9fe91787cba3704861344016a8a5aed4e278f6a6f6a55734c2,896352,75203.0,615.0,0.008178,1,3,286
2025-05-12 03:27:37,2d2daa6d8dda3ec8c8861a5dad51dd7fffd64918552d57c6af9b397d4027f3c0,896352,62252.0,651.0,0.010457,1,3,298
2025-05-12 03:27:37,b323eb014334e97625cdef782b6eeb6ec801908cf5d2c589d0465a8b00d88ac0,896352,330.0,462.0,1.4,1,1,331
2025-05-12 03:27:37,a7411788e7d10c2f913e9b921911a7af605e94d01366b03e4b3e1a42a7df5bbd,896352,330.0,462.0,1.4,1,1,331
2025-05-12 03:27:37,619ac0f49bc3b1284b92f9e58d499f5ffa01a455bb7b6ef9ac21b374e735c6bc,896352,153816.0,531.0,0.003452,1,2,259
2025-05-12 03:27:37,deb9c2734e01ef65dac648867db39d037accd80e43805a949b311afbedc3d7d3,896352,160347.0,531.0,0.003312,1,2,258
2025-05-12 03:27:37,2ef5c1d8f95a70b0b137b9b90e5cf2e14e21bb932f2fa356fe6571b496c739bc,896352,796250.0,534.0,0.000671,2,1,339
2025-05-12 03:27:37,f87ce8cb4eaca7461fef2a8c8c21650695dde5fecd9e7d675c15dec1048073bb,896352,330.0,462.0,1.4,1,1,331
2025-05-12 03:27:37,75b26715b9d0fe159614f7c0df47f2a9808cde82de50f22bac0b367e6a8715ba,896352,62264.0,651.0,0.010455,1,3,298
2025-05-12 03:27:37,825dc2c1a97b885e0cee8bcdccde8b42fe141e47242c1a2d3d2a9c0270c89fb6,896352,103541.0,459.0,0.004433,1,2,234
2025-05-12 03:27:37,c780f1142eac159b3c98d30ef68db1f99f65866ebe475e0d1035aed96a0f89b6,896352,109865759.0,459.0,4e-06,1,2,234
2025-05-12 03:27:37,1271ae82373853d339a07d280fc5ff5b1194546aa92cf11bcc8bb1e921c56eb6,896352,5265467.0,459.0,8.7e-05,1,2,235
2025-05-12 03:27:37,b286fcb1ec6f682e0d284fd3b7b8ea92acde002bd7da15a2fdb58b22971a87b4,896352,330.0,459.0,1.390909,1,1,330
2025-05-12 03:27:37,d73b93603e32a13383df6d7db5bcf4fc296c5e8195c309360c62b99f4c40a8b1,896352,1204466.0,534.0,0.000443,2,1,340
2025-05-12 03:27:37,4bae211a79ab11b74cbc9baaf6e127a105c11dd7227b2fd2b34719cbef7674b1,896352,330.0,462.0,1.4,1,1,331
2025-05-12 03:27:37,7533b02c4a8a10a4491bb714113d891e47fc13ea55535cbc45fe9fdbe2b9adb0,896352,6122887340.0,942.0,0.0,1,6,504
2025-05-12 03:27:37,2b646af89e041004d5902d061dce804f34f688b10d424cc1e75e5afc21ee4eb0,896352,65047.0,615.0,0.009455,1,3,286
2025-05-12 03:27:37,dd6996fc5e9a877b14e667ed27103cc1afe2fd9d893a0b1ff55ff88acac03ead,896352,62252.0,651.0,0.010457,1,3,298
2025-05-12 03:27:37,ca421393fab54ec07e7580b8a8fb325e155c1b78d92dd8fd3492d09535ff05ab,896352,330.0,462.0,1.4,1,1,331
2025-05-12 03:27:37,d76b1cc5852232635cdb2d8ef17f96d5997569c54a118099653edac3e495a0aa,896352,6409253390.0,942.0,0.0,1,6,504
2025-05-12 03:27:37,805cadba511dcea8d68f42dfa08756fc23ffeadcac913185f7ed3bcf490140a9,896352,30817.0,945.0,0.030665,3,1,558
2025-05-12 03:27:37,8ba5793da654fac1130d8a7bbc116d82d1bdb7601d9f747bcdcaddfe291843a8,896352,330.0,462.0,1.4,1,1,331
2025-05-12 03:27:37,781c2d8b58e38d5906b0483c51ba9fcd640487156e26d27afb5a87db16c751a7,896352,70469.0,615.0,0.008727,1,3,286
2025-05-12 03:27:37,ceb449b8e4f4e4b4953745509ea45dff0c74fc60063af7df1d5cd15adc0449a6,896352,546.0,462.0,0.846154,1,1,331
2025-05-12 03:27:37,14112ffad7604fd3c503e403be6ccbfb8e3decf3d287c6da91f4db72e9152aa6,896352,330.0,462.0,1.4,1,1,331
2025-05-12 03:27:37,f39ac443bb5ab42fb519cf12dc513bb5f2efc460fa4a2394e71f5898011c88a5,896352,65246.0,615.0,0.009426,1,3,286
2025-05-12 03:27:37,806024e797d893b8811a785a9a79148351a4ead71259881778e0e36a5b2c2aa3,896352,65246.0,615.0,0.009426,1,3,286
2025-05-12 03:27:37,f9f74a3464c2f4c8ae8e9ce38315d7c898c588b92145b18c3b467a4ecfe8f0a2,896352,154143.0,615.0,0.00399,1,3,286
2025-05-12 03:27:37,56618db01dcaf1236d2d6cc50e53da150c4c4f6c5e7c79e801b7ae81411d9aa1,896352,330.0,462.0,1.4,1,1,331
2025-05-12 03:27:37,5fdb499cb11ce978c557b88fc99566c01dfe92a06020dab111987369b742aaa0,896352,330.0,462.0,1.4,1,1,331
2025-05-12 03:27:37,32a684466c66d00fb84da1fd100428849792a247cba1d84cfcc22332c06c72a0,896352,330.0,462.0,1.4,1,1,331
2025-05-12 03:27:37,0ddfb61d69e7600e7f9b5c1782134a85f89d6b55ece1f82eeb7269ffadf3679f,896352,9958407.0,597.0,6e-05,1,3,281
2025-05-12 03:27:37,d41012a35df13c7e24da506c3dc47dd0dd8b0102ab548e6571bf67902863259f,896352,330.0,462.0,1.4,1,1,331
2025-05-12 03:27:37,e884d6249693ddff34f4e4ce51b5110a61522e2ccfb1f5ede02890437ff8069f,896352,330.0,462.0,1.4,1,1,331
2025-05-12 03:27:37,1e2d217b75d8c679b7b6625c88febb6f07948d419bd923cf4601cfdb5490a49e,896352,75503.0,615.0,0.008145,1,3,286
2025-05-12 03:27:37,a1826978efd0129c2812bce26a0e34863dd56e6d0b9b33da28d09e35bab79f9e,896352,31647859.0,888.0,2.8e-05,1,7,378
2025-05-12 03:27:37,828fbdc93a467ca20f20c448673a7ff2ea27b03a3e48c457e4b9485b76e83d9e,896352,120219.0,615.0,0.005116,1,3,286
2025-05-12 03:27:37,b0284d9abd2d48919d04bef30efc19e79af0146cef2f94c782575ed26de5949c,896352,433654.0,4302.0,0.00992,24,1,2623
2025-05-12 03:27:37,303a65f1b5138d564e97827bcac441a79be0a205fb1ea244c4e22ffb48dd1a9b,896352,6877.0,330.0,0.047986,1,1,191
2025-05-12 03:27:37,b12d17c945890021603af44386cae7572d0e2efab90407220e3c706749f2949a,896352,75904.0,615.0,0.008102,1,3,286
2025-05-12 03:27:37,040e17fc7e2a3bc5488dd72b9e15d8b591f535155726a83ec4ee48e2252b1f9a,896352,120219.0,615.0,0.005116,1,3,286
2025-05-12 03:27:37,e7038c3f1c3845c92327aa039c3382bf646f7d589861e429338a69712f408d96,896352,330.0,462.0,1.4,1,1,331
2025-05-12 03:27:37,a32084bcf577107c1b32834094cdeb8000f83b5f72499a1845cd96c908dd5b96,896352,330.0,462.0,1.4,1,1,331
2025-05-12 03:27:37,f37c0bc98e487dcc89882aec6751e1e8def80bf621480c774665aa5774672896,896352,62252.0,651.0,0.010457,1,3,298
2025-05-12 03:27:37,7d9acc4a2bb301ed85bc1794f25f7e31c6204ab38a5201c7d27fd62ad1c54793,896352,62264.0,651.0,0.010455,1,3,298
2025-05-12 03:27:37,c8cc1cbb2da62bf8698ef93def37c48837a7ed35f4147760387c4e68085d3b92,896352,1924493.0,330.0,0.000171,1,1,192
2025-05-12 03:27:37,d4282a76f9390d7ebe7940ecd8e1b4823d5347f1f9c15b49e2ab3368f4b49991,896352,6467662045.0,939.0,0.0,1,6,504
2025-05-12 03:27:37,2302ff9755a0e0b96f23271aa4609845e04964a2a252e9fb8a6f47776fda708f,896352,1596060.0,426.0,0.000267,1,2,193
2025-05-12 03:27:37,1e22b74c8d246c9e1c96af467bf7370effb723069bce507b9f50c56aca5b5b8e,896352,330.0,462.0,1.4,1,1,331
2025-05-12 03:27:37,67de07cf36051efbfbf868da7f3773ba857b5797f0f565665edce8675bc8d28d,896352,669568.0,432.0,0.000645,1,2,226
2025-05-12 03:27:37,ab28510417d568355a7b1061cea066222bbfd690f559cf66bf50e273c201a88c,896352,72112.0,462.0,0.006407,1,2,205
2025-05-12 03:27:37,fbb0233fcef61f468572734eee3419cd046e1919b268c8ffc0b62e494080f78b,896352,330.0,462.0,1.4,1,1,331
2025-05-12 03:27:37,4c3c878ea1d8c73e1722aa92c8ecd5599ca07d7a0aca7ceefd85b90d8af5c78b,896352,19240.0,531.0,0.027599,1,2,258
2025-05-12 03:27:37,2085a11b4f46c74811dd56e391054baf35768ea8fb59c734d9c6dd95ca2eaa8b,896352,44090601.0,423.0,1e-05,1,2,222
2025-05-12 03:27:37,e5450d8684653f6815bddb969080998db4b56b337ee6c2deaea914393502228b,896352,65246.0,615.0,0.009426,1,3,286
2025-05-12 03:27:37,347257b4eb302d559b9cedf5e10d251037eb05b63be9865025d85785c240d88a,896352,65047.0,615.0,0.009455,1,3,286
2025-05-12 03:27:37,f5a020b4c61e5d575d6b2a8afad08b9e3913b0afc1716e58b6e4c3f8113b8d86,896352,123605.0,615.0,0.004976,1,3,286
2025-05-12 03:27:37,6dd512d0faddfdaecb100204706a91ebbdcc6421f7751359441149ba819d1085,896352,71095.0,615.0,0.00865,1,3,286
2025-05-12 03:27:37,c7393d99771c3a41a418c2b87509addb587263263540ab6d25c561ac5a9a0f84,896352,330.0,462.0,1.4,1,1,331
2025-05-12 03:27:37,c075a9fc7f2ad9bc069569982ea2f19321c85d3ae5ed7907eb937e1febecbb82,896352,144810.0,531.0,0.003667,1,2,259
2025-05-12 03:27:37,c64ad26ea28f9b3a3313d4a37c1187127dd922549938bcc00590d5837b71f881,896352,65246.0,615.0,0.009426,1,3,286
2025-05-12 03:27:37,85d108e3185dc0dd2e95c9c2c9671529171565d3995cb6f21044ba0ea04e1d81,896352,123306.0,423.0,0.00343,1,2,223
2025-05-12 03:27:37,15a80370f067962a694e5b424c804662f0eed1448ea5899ac066ca01d0290b7f,896352,330.0,462.0,1.4,1,1,331
2025-05-12 03:27:37,04783f5187db86b527a1b1631a019a29052ad1c50353bef701037016751c297e,896352,330.0,462.0,1.4,1,1,331
2025-05-12 03:27:37,7bac4b2dc29d7cdb1c61149a4dd3a4852700ba4a685313182d52d84ecbccd47c,896352,123605.0,615.0,0.004976,1,3,286
2025-05-12 03:27:37,1957841a0b746ddc1254b667a4dde175d034b0c5e623fdd8de4a3926c243557c,896352,330.0,462.0,1.4,1,1,331
2025-05-12 03:27:37,4cceb49dd1a759132e65df88cc801773e36ecd309e9b3a245969eb5d87ed8f7b,896352,330.0,459.0,1.390909,1,1,330
2025-05-12 03:27:37,8256462bfae1ce71ca207bfd705e69eb2bdc5e67ccb3b5d3b4b5bf9dceb2e877,896352,62252.0,651.0,0.010457,1,3,298
2025-05-12 03:27:37,f4fab2e7b2b909194b7d88ba71eefc71fe65798d8237a0402e1816ee18ea3b76,896352,330.0,462.0,1.4,1,1,331
2025-05-12 03:27:37,02a17097f2e7058cd02db89c10009e80169d2e5bb80880d7a6cc5e8557146e75,896352,73092.0,615.0,0.008414,1,3,286
2025-05-12 03:27:37,1f32cef094c0865702cd2ac1db48f53b96e5192b663e0d83f4a9372dd79f1b74,896352,330.0,462.0,1.4,1,1,331
2025-05-12 03:27:37,6b34c6d8346f50999135efb72e58c12785856a496b80c441a1e31e03bb20e573,896352,120219.0,615.0,0.005116,1,3,286
2025-05-12 03:27:37,49ea8ec848639cb0d1061055a6b9ac8d4303b3dd15a934e338a3ad43d645da72,896352,65246.0,615.0,0.009426,1,3,286
2025-05-12 03:27:37,23a1fbf193220c3c3dd89f05f0aee708283cfbd35dfbb398987e14f84ee9b372,896352,330.0,462.0,1.4,1,1,331
2025-05-12 03:27:37,d45654ecee3b085dc3821b70d15daa946dda90069091bbf6e1f1efc176c24372,896352,371212.0,702.0,0.001891,2,2,366
2025-05-17 07:09:11,7af5f8ac459fe6a44c2c146fe0a9f3694f95f5f477575fdc7382afcadab0e9b2,897071,330.0,166.0,0.50303,1,1,320
2025-05-17 07:09:11,2544ae75c138e8ed1cac053791930633222d4e14df2e8a74630349eecebe3ead,897071,330.0,166.0,0.50303,1,1,320
2025-05-17 07:09:11,ab052fd71afbdc2403ada0dc4df92770e8cbd77d5fffbe4514b5db6507b805ad,897071,330.0,166.0,0.50303,1,1,320
2025-05-17 07:09:11,5b8ccb4881af8e33ce795a4d819469669beaab8aec8066ef6f102375c8c595a9,897071,330.0,166.0,0.50303,1,1,320
2025-05-17 07:09:11,3c48c481566c8fefa624ff17e81b946982c90e28684896f535b36a82b17380a9,897071,330.0,166.0,0.50303,1,1,320
2025-05-17 07:09:11,a31178fcfd06939c873d5fef72fddefb8714e92604908e5d7f4538f37ef01fa9,897071,330.0,166.0,0.50303,1,1,320
2025-05-17 07:09:11,a3bbd71c61f0ac7e01190e8a0e5e8668318694637a6813dae40f2c2ac498efa2,897071,330.0,166.0,0.50303,1,1,320
2025-05-17 07:09:11,5016c66aed3da4f17b505f0af50f801fc4d22ac825e8e09df4b5fead823e9da2,897071,330.0,166.0,0.50303,1,1,320
2025-05-17 07:09:11,5fe2cf26afe79be8f1429c36c6fab997921c555c6219903a4cfb1230f5060da1,897071,330.0,166.0,0.50303,1,1,320
2025-05-17 07:09:11,7084bd30803fc66218834a5300cdf33d1b1deeaa843fbda0bc37b829bed191a0,897071,330.0,166.0,0.50303,1,1,320
2025-05-17 07:09:11,d18d7e3266c7ee45c82046d9bcf14235a5f080c5fa2f27ffd07002c9ba352d9f,897071,330.0,166.0,0.50303,1,1,320
2025-05-17 07:09:11,9f168621c66b9443dfa799715617ee3703a7164381eb6978d1f847d93eaaf396,897071,330.0,166.0,0.50303,1,1,320
2025-05-17 07:09:11,52e1ab1de0d2e77cbca8214bc898b6ffaf9dce861217eb6e9726f6f15c5ef494,897071,330.0,166.0,0.50303,1,1,320
2025-05-17 07:09:11,1b3de7bd68a16242ffdb7fd09bbe3e465906b2addaf141564f7df840b9cca690,897071,330.0,166.0,0.50303,1,1,320
2025-05-17 07:09:11,7385cc752359f07953251c542502f71c191b4d3d0afe5b7dc0d50c03c20d8b84,897071,330.0,166.0,0.50303,1,1,320
2025-05-17 07:09:11,01672ffe5717f3d94fface64e25942d4ff83f34dbdf5f477d36d9f6d3816cd78,897071,330.0,166.0,0.50303,1,1,320
2025-05-17 07:09:11,95fa55b281c243f592f76be5b60206c3863489064b8fa34af0d866cc8ed2eb77,897071,330.0,166.0,0.50303,1,1,320
2025-05-17 07:09:11,30b6df83a4feacc29fb28973c61310715bed5b7a80a147d9aa809f6c9cfd0472,897071,330.0,166.0,0.50303,1,1,320
2025-05-17 07:09:11,d58f0727569c7d085ca05a2e8a5b4a7581f79b4e1d414c6e39bff34f4ee99870,897071,330.0,166.0,0.50303,1,1,320
2025-05-17 07:09:11,16ce1b43a2942c58b583cd2a2b303b7ab52cac2aef287e499f9231cd43efe66c,897071,330.0,166.0,0.50303,1,1,320
2025-05-17 07:09:11,8d24b44be6acb771f2e7bc132cd67bc0d3361c1b7368bb074ba319b59726486c,897071,330.0,166.0,0.50303,1,1,320
2025-05-17 07:09:11,26dc650503ec016a636294dafc30ce891fcba3f808aff0811f8428bb5a83396a,897071,330.0,166.0,0.50303,1,1,320
2025-05-17 07:09:11,dd3856955508ab2dc2eece78d8defe4bad4655483704ee321eb7354efe585869,897071,330.0,166.0,0.50303,1,1,320
2025-05-17 07:09:11,a41f99cfbf57c4056b0f28f4eb4c419f66ac4b1de5f6394156a729f83839c468,897071,330.0,166.0,0.50303,1,1,320
2025-05-17 07:09:11,c51e777d16e8775705b237fa985f3957f87da348a3e90954bab3a36d4c86ed5b,897071,330.0,166.0,0.50303,1,1,320
2025-05-17 07:09:11,705393661bdc91a401b200cadb87ff2327eaa4d41fc3a0686acf4c310ebdab5a,897071,330.0,166.0,0.50303,1,1,320
2025-05-17 07:09:11,c521d6e3a0b5da0fa288945c232ccd0a28605df68859c83c4bce7d89ed893f5a,897071,330.0,166.0,0.50303,1,1,320
2025-05-17 07:09:11,6376c20de070ef0e89665e5f0676595b06dfd479825f8c20a3a4f14868603c58,897071,330.0,166.0,0.50303,1,1,320
2025-05-17 07:09:11,309dd55dbdcfe0878d93e6c722ba264a199cfbb410190e51e22c703cb81ee157,897071,330.0,166.0,0.50303,1,1,320
2025-05-17 07:09:11,d3113ad7e862eafc17543c49b7d8523b8d646c08817214119594733ce3962956,897071,330.0,166.0,0.50303,1,1,320
2025-05-17 07:09:11,98e5fa1f8b81441b99c510e1f410818dd4547a47f1512016c5729a57821c1856,897071,330.0,166.0,0.50303,1,1,320
2025-05-17 07:09:11,7fe4a669cc6298d3ef901e99f77fde3c1b7c004a2a70655c060f6e4274ac1255,897071,330.0,166.0,0.50303,1,1,320
2025-05-17 07:09:11,9a9098b7ee39227c93b25de49468e53d6bce5f77d24f5434073f1c2167b2c953,897071,330.0,166.0,0.50303,1,1,320
2025-05-17 07:09:11,820789d9ec75d3c9b23d9d818608983c3025ad54432c9e2c4cd8bb59dc730752,897071,330.0,166.0,0.50303,1,1,320
2025-05-17 07:09:11,33046d171cb96e63e49ff0248599ec4e360345bd407e4a11410cdda77675484e,897071,330.0,166.0,0.50303,1,1,320
2025-05-17 07:09:11,082b5447ad2b6b6724e31479312a78d507071984589317002889ca44e5b2e74c,897071,330.0,166.0,0.50303,1,1,320
2025-05-17 07:09:11,f91188b2033b631d32442198bcaad10426f2c9f4de65b1108654a7a12a9bf448,897071,330.0,166.0,0.50303,1,1,320
2025-05-17 07:09:11,8ddda4349185ab6a2f6beb1fd09e952c20cb861f43e488d87e8be18194209746,897071,330.0,166.0,0.50303,1,1,320
2025-05-17 07:09:11,e347e96d8dfc2546becb8a5a96f76aac1055820771dd93eb4bd4b72a952dd345,897071,330.0,166.0,0.50303,1,1,320
2025-05-17 07:09:11,9c3c3a41a544bcdab2544e626098edadb60672e659d5b222ca2a35715c499a45,897071,330.0,166.0,0.50303,1,1,320
2025-05-17 07:09:11,22c1b62c993923cb83439cc0cd46a858a376200f79e438192a71bb311d2c6a42,897071,330.0,166.0,0.50303,1,1,320
2025-05-17 07:09:11,5578eb43dfe6984e2003697e3745fa31cea1e5acb55c1de8ea9663a6a9706241,897071,330.0,166.0,0.50303,1,1,320
2025-05-17 07:09:11,7bdb78a003ebd675be584157d0b5112186a66f7e9a221a0ae0c8dd7f3415743e,897071,330.0,166.0,0.50303,1,1,320
2025-05-17 07:09:11,ee1106a68f0343ce4c5ce6a1b4d4bb272d69db8a86771df19a946538f85e403e,897071,330.0,166.0,0.50303,1,1,320
2025-05-17 07:09:11,f00f9d7c5b39ef5fa24d3d91147e48c25d16e6db4786c76c7c1c76a83f5eb13c,897071,330.0,166.0,0.50303,1,1,320
2025-05-17 07:09:11,88625146490169500625a4be140ab6704433c0f0d92c4129595b1983999f4f38,897071,330.0,166.0,0.50303,1,1,320
2025-05-17 07:09:11,cff29d309885a732142b4339287558dcf3ad5ab01039575481847597dd24d934,897071,330.0,166.0,0.50303,1,1,320
2025-05-17 07:09:11,8c9906ef155d74fd70bc1d2d5b2466f22071c1095605144c20136f605a9d292f,897071,330.0,166.0,0.50303,1,1,320
2025-05-17 07:09:11,e0337fbf4eb216b221bd2c20650eac03d5a9e3c8c3edea77dbc07f241f92872a,897071,330.0,166.0,0.50303,1,1,320
2025-05-17 07:09:11,6f20d4ced8322ad7002d3520c385198195985c25fe8969b6659cef66229b6a28,897071,330.0,166.0,0.50303,1,1,320
2025-05-17 07:09:11,7eaf47747cb180f772c1c39dd321b82a8f8b966db432d3b7ac972a22109a3d28,897071,330.0,166.0,0.50303,1,1,320
2025-05-17 07:09:11,6866759c8b72e7e897c7cd77fd90e2744c1bd45e262808cd9b2cb0b490819226,897071,330.0,166.0,0.50303,1,1,320
2025-05-17 07:09:11,2299057eebe17a820fe86137f5f3140761da986f4e4492b6146135f3c7521325,897071,330.0,166.0,0.50303,1,1,320
2025-05-17 07:09:11,f389ac9c966d9850441463c6b29190691665f17473c854f47df0865a4009a823,897071,330.0,166.0,0.50303,1,1,320
2025-05-17 07:09:11,32749a9a8893d8e00776f0e3b888307de3063e3ef229d3f943699f723b9f0c23,897071,330.0,166.0,0.50303,1,1,320
2025-05-17 07:09:11,6c7eaa2a00d962867844cf79799ffe35e9bd6c45a95f2ceb4a57941896975b1e,897071,330.0,166.0,0.50303,1,1,320
2025-05-17 07:09:11,868d57de0f399613683cab38f345a93b67b46c22b878acaa8e0e57b0f1a0621a,897071,330.0,166.0,0.50303,1,1,320
2025-05-17 07:09:11,625581dc3af82ada1e5380060355004be6e29f8b4b5bc18b3ff1055ae6849817,897071,330.0,166.0,0.50303,1,1,320
2025-05-17 07:09:11,a1519454f344bee6457dcec109825900067a22726f4ad4759f19a93ca3082816,897071,330.0,166.0,0.50303,1,1,320
2025-05-17 07:09:11,faeb0eec85604a5a9bf83d41281fa51356797a5f4a49a769c5272b9cf96fb315,897071,330.0,166.0,0.50303,1,1,320
2025-05-17 07:09:11,9a493d49634bbac4cac70eb17ee4ef43cd8915ac52267f67601216a4ddf94a15,897071,330.0,166.0,0.50303,1,1,320
2025-05-17 07:09:11,4ad30c0aff7349b1d3645342ea4a5d21c6223b5950237c0bfd0d33bebed40514,897071,330.0,166.0,0.50303,1,1,320
2025-05-17 07:09:11,f5674bf621d8e47206d8eb66231dc458f451118ffceea5a1592e2f34efe95111,897071,330.0,166.0,0.50303,1,1,320
2025-05-17 07:09:11,33dbaa6281700cefe905ce9942630cd6d68890f236a8ab41fc8d46c0a1b0ab0e,897071,330.0,166.0,0.50303,1,1,320
2025-05-17 07:09:11,9085ffaeaaa1bff23ad6d675b04344198baaed1980cadee1c13ec954bcada60d,897071,330.0,166.0,0.50303,1,1,320
2025-05-17 07:09:11,aa3baf0c04ba51d89ab0ae3d9186f34577c750e8b72b3995a4033ba0a3b1920d,897071,330.0,166.0,0.50303,1,1,320
2025-05-17 07:09:11,c03d81a915f0e079a19b54357b26a6eff9bc388df10c8638e611e5e875660807,897071,330.0,166.0,0.50303,1,1,320
2025-05-17 07:09:11,60ee39b85fc7e5660e34926022ffe9ef64a7f76c104d9ca0dc93a118b600f806,897071,330.0,166.0,0.50303,1,1,320
2025-05-17 07:09:11,d21af77d468d819e4fcd9d57a71805f74e00d8b2c1275c63de70f1ec52661106,897071,330.0,166.0,0.50303,1,1,320
2025-05-17 07:09:11,850d966fcca5cca39563b294b6bc95d27002f22318ef650a8c41b78056fc5b03,897071,330.0,166.0,0.50303,1,1,320
2025-05-17 07:09:11,7f98609f4a290521a376e4328a7ffaac5ebb57f5deed3cea4922ed96274ac4c1,897071,2894800.0,199.0,6.9e-05,2,1,344
2025-05-17 07:09:11,46c776d220589a0470c5675b14fed3c25388b628c40ec1b3d81cf38f2492879c,897071,7257.0,375.0,0.051674,5,1,590
2025-05-17 07:09:11,f20efab9565ebb177eefc0e1cbd60c5f491088af3772f62833a49af7f4b71afc,897071,51543.0,1257.0,0.024387,1,25,1194
2025-05-17 07:09:11,07017f2c9ca93c6fde87184dd2f4c487e54ada4d95b08bb70a4e93b8b81b17cf,897071,39128.0,1257.0,0.032125,1,25,1194
2025-05-17 07:09:11,d938cd75e5fc2d9e8fe718b6d188388947095b576729e677b04e195b8a7ec899,897071,31767.0,1257.0,0.039569,1,25,1194
2025-05-17 07:09:11,58c2c5da29153df945d545e2447b0020e570788f35387e1af7441d3354f3bb78,897071,57543.0,1257.0,0.021845,1,25,1194
2025-05-17 07:09:11,df3949534bfcc7eca4a14e088090cf152bf468b9eecc25fd3758a8d7c3ec1c10,897071,1422.0,39539.0,27.805204,1,3,143310
2025-05-17 07:09:11,6bc060973a45bc2633d6da8535f0b181cc7ac4e39e244c595bc018e94c38e6ff,897071,5063878.0,121.0,2.4e-05,1,1,191
2025-05-17 07:09:11,8f5180969bc7c0b479a635280070089edf79297a3d62ce05a782e9fdd91eb8ff,897071,25911.0,121.0,0.00467,1,1,191
2025-05-17 07:09:11,51ef6f5e36bd768d9fa33f50e4936e4fc2e188fa77c704523088e2773eb152ff,897071,19169.0,121.0,0.006312,1,1,191
2025-05-17 07:09:11,c064bfeb31fc65b3d8fa539dc11749f0d4a3ca2198f0f85b7b86004e063e5cfe,897071,96479.0,121.0,0.001254,1,1,191
2025-05-17 07:09:11,2bebbe41180d7023d84dfc965e34a674df04b41ebd24fad5bbf57e40b04820fd,897071,385579.0,121.0,0.000314,1,1,191
2025-05-17 07:09:11,5f04a15f5db447f1025fe93625f687bc9312cb1200db77a6b7a8b340a8e5e6fa,897071,128215.0,121.0,0.000944,1,1,191
2025-05-17 07:09:11,e63ad5b43d4344f88e26c99e8ac1e3ff69449c97f9a5188318401d48165edafa,897071,29676.0,121.0,0.004077,1,1,191
2025-05-17 07:09:11,8315c44065e1af348f5c2b8d2747def0885f7ae19e13e8b7392422cf1030d8fa,897071,142106.0,121.0,0.000851,1,1,191
2025-05-17 07:09:11,7d2c21a68ff80cd846a2b6549b43a1ae65f7aac551149db80675ee05c29a85fa,897071,49191.0,121.0,0.00246,1,1,191
2025-05-17 07:09:11,3f2b4b95fbfc149e6f2173886601723ae19b25d34f45f42672273ee5a198b2f8,897071,804140.0,121.0,0.00015,1,1,191
2025-05-17 07:09:11,b2bd9564e6ec25ce7eac94ca8a25e9f693a8724baf56d70507a6177170d444f7,897071,128098.0,121.0,0.000945,1,1,191
2025-05-17 07:09:11,8836f7e7a2be0b60aa4a7eb050a5f20ed835dfe71048fdf41bb80f2a1da326f6,897071,291549.0,121.0,0.000415,1,1,191
2025-05-17 07:09:11,ac13d12aa35d3175cb9d58bbf042b103fa2453dd5a01b370b9fc95196d4fc8f0,897071,19667.0,121.0,0.006152,1,1,191
2025-05-17 07:09:11,f80f9ccf6feb6cc19d89817ff1bed897d9fb15393108284a6869da33a2aaeaee,897071,153007.0,121.0,0.000791,1,1,191
2025-05-17 07:09:11,90cd64bf5a39711a98a597088fea0cff19a38f1fa0c452e2834d0a02fb42b0ec,897071,172879.0,121.0,0.0007,1,1,191
2025-05-17 07:09:11,ca2a77ce325e3bdc2ab979ce30837fc13221e19d43bda33b5111c6b11b4e90ec,897071,12077948.0,121.0,1e-05,1,1,191
2025-05-17 07:09:11,4dfa6564585998a35c1d1f0fad5a2217cc04323c45032a0331078e8547d3baeb,897071,390293.0,121.0,0.00031,1,1,191
2025-05-17 07:09:11,4400eaf011c4d51ca34aadb3f76bceee38f1a9acf16c64a3732b7f04f7e2d0e6,897071,1335623.0,121.0,9.1e-05,1,1,191
2025-05-17 07:09:11,ed47766a3714633e3701de9ea2f6da431d0e9838cf98b967c7ebc990874c04e4,897071,218068.0,121.0,0.000555,1,1,191
2025-05-17 07:09:11,ace0450125024644a459f34663c936a2549a5ae8c6a06584100ea343868442e3,897071,480749.0,121.0,0.000252,1,1,191
2025-05-17 07:09:11,29948964fb33154f81a2aa8a761a976fa2eae857f9c9d6aaa591643814c1eddf,897071,462860.0,121.0,0.000261,1,1,191
2025-05-17 07:09:11,18bdeb9981eb5fadce1dffb8c591906a139f945cd0eeed3468e01ab1f53601da,897071,24798.0,121.0,0.004879,1,1,191
2025-05-17 07:09:11,857862ce24f67421305b3380c85e3831f9309ec1a83e793730166643028627d9,897071,135179.0,121.0,0.000895,1,1,191
2025-05-17 07:09:11,0060373366453ba94c6243a0c6b6fcc732f89c412c3ed096d4332c8b550f87c9,897071,330.0,176.0,0.533333,1,2,339
2025-05-17 07:09:11,c7f248e20a49512229f0fc41862d75a68238dd9af79960a08bd7c7f0486d62c8,897071,330.0,176.0,0.533333,1,2,339
2025-05-17 07:09:11,0ea958558986734a8077107a3fb834026ce36c86c8c7bac94a991eb1bfc6bcc6,897071,330.0,176.0,0.533333,1,2,339
2025-05-17 07:09:11,100bb4fe68b1d98ff393162c4cd5a7b3afee34dbfd8e6966f4d16f195820bdc5,897071,330.0,176.0,0.533333,1,2,339
2025-05-17 07:09:11,66fc050565b66221ee9c3fbd0e7dfa92434cd14276ae427775535a9bb9cf64c5,897071,330.0,176.0,0.533333,1,2,339
2025-05-17 07:09:11,922b9fce2ecec89469855d964a09d7d79343135537494416c09d29c74e67b5be,897071,330.0,176.0,0.533333,1,2,339
2025-05-17 07:09:11,b1f66666e248eda98f04a2162c6d136e0211fe4bcf6821d1c9d74582b99866bd,897071,330.0,176.0,0.533333,1,2,339
2025-05-17 07:09:11,63c56dce7d57a3430e5d6d97de49d851e10e8be4f8c04fa2e427dee1f8aac2bb,897071,330.0,176.0,0.533333,1,2,339
2025-05-17 07:09:11,40a27028a347c5cda1320ac6c3fcc222336a7345d29419395e1b5117a9d4a7b9,897071,330.0,176.0,0.533333,1,2,339
2025-05-17 07:09:11,e40deeb104fb2c6cd4e6d47b2bfa16f0dd07d88bee5aae6befa5b8eabd8c22b8,897071,330.0,176.0,0.533333,1,2,339
2025-05-17 07:09:11,b50c52b58ad8dd3b5791073a71d1a9ddc66756c9639b15a1eb9703102e4ef6b6,897071,330.0,176.0,0.533333,1,2,339
2025-05-17 07:09:11,2611574484e72f2402332778c46ddad4293afbf7a6b64815b891d5f409130cb6,897071,330.0,176.0,0.533333,1,2,339
2025-05-17 07:09:11,e05b41aa282deeea814211e79666b411dec3ad72c29525522b2f1c70c15da0b5,897071,330.0,176.0,0.533333,1,2,339
2025-05-17 07:09:11,25f7d30cf014131b2720d6b26b25465cad26ded3a8aa9b67f5d038c54cd2eab4,897071,330.0,176.0,0.533333,1,2,339
2025-05-17 07:09:11,ac2f9aa8f32a49cd0520ecb0f41c90418568cde20e1bac298fa6a1969daa7db3,897071,330.0,176.0,0.533333,1,2,339
2025-05-17 07:09:11,51265cbd8e58bb3392766f7bd89f9dd9be6af2989d2381996363e3c7512f64b3,897071,330.0,176.0,0.533333,1,2,339
2025-05-17 07:09:11,b61dc738b755c182211020af786b2a63cda2c4246f4f2480ea1aaa69e5192db2,897071,330.0,176.0,0.533333,1,2,339
2025-05-17 07:09:11,a1d707ce69b1a21535d044c4608eec6df5740fe6ac4a762f6c1a88035e9842b1,897071,330.0,176.0,0.533333,1,2,339
2025-05-17 07:09:11,471703ac6478e62cc69114395e559aff1e4a6c8e89f7c08c75a0ca3e34241bb0,897071,330.0,176.0,0.533333,1,2,339
2025-05-17 07:09:11,5f64a0def7c87735c5be7f3f46b3a724d0dd4cc0efce96be2c182cb6f7a5f1ae,897071,330.0,176.0,0.533333,1,2,339
2025-05-17 07:09:11,056be9f448496a0f2d5b3a9a8d5babfa44cfaee080f19e027dadf512f0785cae,897071,330.0,176.0,0.533333,1,2,339
2025-05-17 07:09:11,3f79792b963cac27cc8503e9c55e5dbe8cb08d3d3eb58422b59355d2b7af49ae,897071,330.0,176.0,0.533333,1,2,339
2025-05-17 07:09:11,dcb087f1191bbcd9bdf4a10c58f9c78148eca27def59f73830a4aa4e3ba71fae,897071,330.0,176.0,0.533333,1,2,339
2025-05-17 07:09:11,f97c3372ca6cd6fd89fa1e3f1d42687fd2ad8fba472d2871e58c7566b11551ad,897071,330.0,176.0,0.533333,1,2,339
2025-05-17 07:09:11,6fccb5f78dd58d297e3762360d4971bbe169019669b31443e7c2e748196cfbab,897071,330.0,176.0,0.533333,1,2,339
2025-05-17 07:09:11,af77f2c2b92c2597a17c51e2057ed47fca54092cfedd0aa181c66935355009a8,897071,330.0,176.0,0.533333,1,2,339
2025-05-17 07:09:11,613e4a5e92d68a645568730104139a85597ec862369187d3c49613f8345e6ba5,897071,330.0,176.0,0.533333,1,2,339
2025-05-17 07:09:11,cad6927f949aaef0fd025c85fec69a76f7dc0295a9cdb3633e0c35f96d4951a0,897071,330.0,176.0,0.533333,1,2,339
2025-05-17 07:09:11,602a1484d4120e8d8b1f141387e5c2f8a87dc28707f2fc64a8e09017409722a0,897071,330.0,176.0,0.533333,1,2,339
2025-05-17 07:09:11,542c4c7d86e1849b0341b4e91cbc015caf5646f515fbead5059fcbade26f4c9f,897071,330.0,176.0,0.533333,1,2,339
2025-05-17 07:09:11,eea0b7cde8bfec2410b2c083a997da41477f5e65259bc240a9bced7e5a17459b,897071,330.0,176.0,0.533333,1,2,339
2025-05-17 07:09:11,7985f1cf4074cb352ff9f802e1bbc3348c0f887dd2268b8a438b72e41cdd4098,897071,330.0,176.0,0.533333,1,2,339
2025-05-17 07:09:11,4c7cc24ea739c616e238d3f58fd32c60e0e7d929e2e549a42d96791e55dcbe95,897071,330.0,176.0,0.533333,1,2,339
2025-05-17 07:09:11,794a907f78ef50a55af757e0c17f2301fec822e01d4631775fbe88b88142c894,897071,330.0,176.0,0.533333,1,2,339
2025-05-17 07:09:11,4bd0a7f94e197512e344a24b25626341e620a0740ec4792d510ddbd2c9c34f94,897071,330.0,176.0,0.533333,1,2,339
2025-05-17 07:09:11,97fac1fcc0f1a1965dd3bb26a8d39c73c0955965f920215daa6d07785afac090,897071,330.0,176.0,0.533333,1,2,339
2025-05-17 07:09:11,aea888e3b2d93d08871d0f45139cf423cbcee6eb3d65015a8e4dc6ad7f77bf90,897071,330.0,176.0,0.533333,1,2,339
2025-05-17 07:09:11,8b7629efce18741a2e4644ac3742992c60daf682d4904066add69db22dc03790,897071,330.0,176.0,0.533333,1,2,339
2025-05-17 07:09:11,9344f09d6dbf31c9d1040dcdac2cad1fa255f78a470bfc46fdb5c644dad63290,897071,330.0,176.0,0.533333,1,2,339
2025-05-17 07:09:11,7b82ff13d6a825f016d89094444c3f8acebedbda502c65c85ae32acf54a2818e,897071,330.0,176.0,0.533333,1,2,339
2025-05-17 07:09:11,f08093a1dcbf86d7ca89e3883f72e9690009305b0981bdf9011396d2df694d8a,897071,330.0,176.0,0.533333,1,2,339
2025-05-17 07:09:11,aae980d4360b057319dc2efcfb44ebadf90851ea28bad788a8652376ce29a988,897071,330.0,176.0,0.533333,1,2,339
2025-05-17 07:09:11,e79271036c4d2bbdd23e9856c8f2791fa05f18c20ff092889e0f903e4220f37e,897071,330.0,176.0,0.533333,1,2,339
2025-05-17 07:09:11,8ea52b4ef8b721429072708c4b8b0dff8861f8fe1106b5e5a666cae18203457d,897071,330.0,176.0,0.533333,1,2,339
2025-05-17 07:09:11,44014d53f710dfdb82aa40c591dfe3c856a13594800da998d42d040e9e34f57a,897071,330.0,176.0,0.533333,1,2,339
2025-05-17 07:09:11,bb489f30b9331c61ba433163002dc27ebfc7739ea51bc516a11785c5a42ec07a,897071,330.0,176.0,0.533333,1,2,339
2025-05-17 07:09:11,5d083c7632e1fd60bd6e3a9bfba245acac6955e02c89d086ec393370a3156f79,897071,330.0,176.0,0.533333,1,2,339
2025-05-17 07:09:11,1f1821707aa04a7572ca2840eb8db98b6dd8608cfe22e407d0e2f9bd7e060d78,897071,330.0,176.0,0.533333,1,2,339
2025-05-17 07:09:11,7225203dd58c1dc78b69838efb7a7e88a0f728504571fdf2950eb53dfb4bc776,897071,330.0,176.0,0.533333,1,2,339
2025-05-17 07:09:11,a6a0ac788cb11dd49bae69b9b511ba2a5f8bf01722b06cba8c77e7bd64e7b471,897071,330.0,176.0,0.533333,1,2,339
2025-05-17 07:09:11,a9029acdb12592d2f87d0815f7cd8469ea74cc8b8ed1db8a6d79c95c6df6b06e,897071,330.0,176.0,0.533333,1,2,339
2025-05-17 07:09:11,7b3eb97d7a78c248a98122590624425987f361b3370ccb6bc71bcdbcaa51dd6c,897071,330.0,176.0,0.533333,1,2,339
2025-05-17 07:09:11,a198b7afd757e988d2ff1a98f5973c3232c51b60df75ba90102efd042473036a,897071,330.0,176.0,0.533333,1,2,339
2025-05-17 07:09:11,d5baee6920691d4efe9cde55219683ec47ee9048ce28dd02c5e0473075c93567,897071,330.0,176.0,0.533333,1,2,339
2025-05-17 07:09:11,da26d8d44f30d229e76ca79cd80b9bb7ee031784f9371424f6d86a5ce8226f64,897071,330.0,176.0,0.533333,1,2,339
2025-05-17 07:09:11,dd268dd719381fd8d77334e86cbb59e5d42e2636f409353df9ce6e7b9524b862,897071,330.0,176.0,0.533333,1,2,339
2025-05-17 07:09:11,c225e24a6bd6f151f314e1196edb5abd92b9c712f8768b4498a75b6cfa60055d,897071,330.0,176.0,0.533333,1,2,339
2025-05-17 07:09:11,37c22da1b14237b0b60afca468525787981ff7d4057ad6c45c3543ef84cb765a,897071,330.0,176.0,0.533333,1,2,339
2025-05-17 07:09:11,5e3c877c758cd34d4b03b74d2edc067343841ed9973f133254a7cab5d804dc58,897071,330.0,176.0,0.533333,1,2,339
2025-05-17 07:09:11,c7e9be08a3aa9d803987f464def679921e262a632b28aad605da233be4ad2455,897071,330.0,176.0,0.533333,1,2,339
2025-05-17 07:09:11,717d67195ea55812546207cdbbf52899bb69810cc5089ed4dfb3489bb8880155,897071,330.0,176.0,0.533333,1,2,339
2025-05-17 07:09:11,b69c08723ef6209f837ef51543f8928c0c3f01c63a036d4ca0b52eea2ca53453,897071,330.0,176.0,0.533333,1,2,339
2025-05-17 07:09:11,d9b73ae4bdec75ffd886f633f13fa886fa610ff613ee0752c610322e9ad3d84e,897071,330.0,176.0,0.533333,1,2,339
2025-05-17 07:09:11,8dbc7ed8a4ac69860bc61c2cd301d702d6eb9918d2ed60a389bf4a5e5187964d,897071,330.0,176.0,0.533333,1,2,339
2025-05-17 07:09:11,2eaa561e0311ae295d8f8c7b0215caa3416c2211ebb7914c291313daf78c8a48,897071,330.0,176.0,0.533333,1,2,339
2025-05-17 07:09:11,2666676a5b465e1346e09361110cef807e567ea4b21b73f4d7f5eb8d2edd1245,897071,330.0,176.0,0.533333,1,2,339
2025-05-17 07:09:11,17ae9bcee00c0cca93f16bb801cd45cc18d81a6c6c239679dfb9aee0756e9340,897071,330.0,176.0,0.533333,1,2,339
2025-05-17 07:09:11,2e460b3e5106c6be1447ff81679e10116243894734cf09a7c84521c974b2dc3e,897071,330.0,176.0,0.533333,1,2,339
2025-05-17 07:09:11,dabadad13f9501f75d3f0c1a9bff6b8cfa0b68ad1383202f0843085efa435d3e,897071,330.0,176.0,0.533333,1,2,339
2025-05-17 07:09:11,a347947ff8cad0644660578448f3ea1e0a02f0367daaa9fc2de650ac39d6613d,897071,330.0,176.0,0.533333,1,2,339
2025-05-17 07:09:11,2af9cfeeeda1847ae047beaa62a966474f8e9b59362bb5c9cf3fb9830b53b73a,897071,330.0,176.0,0.533333,1,2,339
2025-05-17 07:09:11,46237c6dc0c4df6e2a7eced991912401fd37a7b4c3bbbe8462bc813c50fcc938,897071,330.0,176.0,0.533333,1,2,339
2025-05-17 07:09:11,6f792c695b27353674a5fefc536194c99220e61848002d2b7677f9ecfbd33735,897071,330.0,176.0,0.533333,1,2,339
2025-05-17 07:09:11,d9b8cc0064d21da8f5a5b568bdc649534c9279a155f3faafb29bbae64c3dc933,897071,330.0,176.0,0.533333,1,2,339
2025-05-17 07:09:11,947661c4f059650251e170222a14aa9c464efb88333782c1275a6d2c93d8b133,897071,330.0,176.0,0.533333,1,2,339
2025-05-17 07:09:11,a677bcf1dc66d6b4bb1d1ee701d0a723299c52ead37e5130d7bafaff09be3533,897071,330.0,176.0,0.533333,1,2,339
2025-05-17 07:09:11,f5dbabaed6b2ac4c6bc53a0cfa8bf41c1274901f296a89f08b18bb5919087c2f,897071,330.0,176.0,0.533333,1,2,339
2025-05-17 07:09:11,86323d60dc783993cdd22e73aad697dac712c1e8c8cdae9dc187f95d61fe2629,897071,330.0,176.0,0.533333,1,2,339
2025-05-17 07:09:11,570d38ab7a2c2827a2b6535ebc73beea2d22985b5b39b364ee721a25c847ed27,897071,330.0,176.0,0.533333,1,2,339
2025-05-17 07:09:11,7e6d2a20e3f5aadd6e8cb870ac635d81664aa6e02e0145f68a261de682b1ea27,897071,330.0,176.0,0.533333,1,2,339
2025-05-17 07:09:11,e26276f20e4d480994b9e0e57fadaa7df64b4bb4f447809817482118a8f91525,897071,330.0,176.0,0.533333,1,2,339
2025-05-17 07:09:11,686dfff1735adf5944356315646768d66ac7b12d53c02a0c2f36a97b57280524,897071,330.0,176.0,0.533333,1,2,339
2025-05-17 07:09:11,7c8e642a8e310400ae162c7b92837d8c86fe2d17712edcc8c53e24a701de6520,897071,330.0,176.0,0.533333,1,2,339
2025-05-17 07:09:11,cad1891e2d9340db8b0ed13f0af2f6c593d5c0488bb2b5e9913611a5579d551d,897071,330.0,176.0,0.533333,1,2,339
2025-05-17 07:09:11,73730bd781174ae883c97f455ac909d6bb157b4c3b54fbd876af1514d586001c,897071,330.0,176.0,0.533333,1,2,339
2025-05-17 07:09:11,269bf807d03a363700c73493d1d19f578e577a7801011c8d27e17f016770ba18,897071,330.0,176.0,0.533333,1,2,339
2025-05-17 07:09:11,80f311fcd0a14d19a9adf3ac162e2b809c12a3350c056817c8de2f08eb85fb17,897071,330.0,176.0,0.533333,1,2,339
2025-05-17 07:09:11,032350b5b998b394ea07cab5239a83c3cb5b6d74bd8f886e1c23ddf0f90a2d12,897071,330.0,176.0,0.533333,1,2,339
2025-05-17 07:09:11,904f65ba9cfa1bd780272158ea095c9986e4a83819dc671bc2e033fe5c84a80f,897071,330.0,176.0,0.533333,1,2,339
2025-05-17 07:09:11,2b24f8f8247abacc4983f0ed8ead7920e50e7bed47a064aa9de6a637041ea90c,897071,330.0,176.0,0.533333,1,2,339
2025-05-17 07:09:11,907143752d916f5316ea04a10420db87ee0cb8c6e2e061970cb4413e5223c807,897071,330.0,176.0,0.533333,1,2,339
2025-05-17 07:09:11,4e2bf10d2ac0ea2c6d8cd7e3a9345f7f29eba699c78af6ad64331414ebb99e05,897071,330.0,176.0,0.533333,1,2,339
2025-05-17 07:09:11,35f174e645d8972698a05aaaaea9a03f6d95a6273286e31a49382a4b6bbd5705,897071,330.0,176.0,0.533333,1,2,339
2025-05-17 07:09:11,16241a40295fdc6e7ae1432a91bb23179f26cb61dc017acd47841983776d4405,897071,330.0,176.0,0.533333,1,2,339
2025-05-17 07:09:11,6f9e5e738d207d51e4e2f0a1c8dee118d77b48185aecd5a3a21bec8a2b512900,897071,330.0,176.0,0.533333,1,2,339
2025-05-17 07:09:11,b9baa52a1eccf306ba156a67b3f056f912b81194e2f35d953d09ead9a385dbfd,897071,55723.0,146.0,0.00262,1,2,223
2025-05-17 07:09:11,ac6544f27fd21e20752b36c3d86adaa3e4d1a4c6c143aa556f7a18201c93fef7,897071,37540.0,146.0,0.003889,1,2,223
2025-05-17 07:09:11,9b0aca63928308a3abf05bb4dc3a68d68cabff009133bf1074e75f027477ddf7,897071,469378.0,146.0,0.000311,1,2,222
2025-05-17 07:09:11,94089ee3330056433ca8990c754f7c2ef66f93e77af627d9ad85dc0ed4dd01f1,897071,13486.0,146.0,0.010826,1,2,222
2025-05-17 07:09:11,0039d4c53ff33e8211528b6f407746472a2f9b08f666e3303c1561b87f0827d1,897071,853.0,146.0,0.171161,1,2,222
2025-05-11 17:23:59,616206a55f00add203341da8d4748b7a835e6ef41876e3e70a8c80a51d7087ed,896285,88194.0,200.0,0.002268,1,3,352
2025-05-11 17:23:59,8d5e7706ffc7ea28192bc5d51b6c660c0f4c0d209ec2a31220a6eb85eb0ca6eb,896285,88194.0,200.0,0.002268,1,3,352
2025-05-11 17:23:59,fac5e814926f6bdfbc97d373654d876076fa7883ddbe7e3989926106f9879bd1,896285,87664.0,200.0,0.002281,1,3,352
2025-05-11 17:23:59,5b5df98e8422bda41e63dbe1b8b3efee54fd306472e18ff28080f599608cb3cd,896285,88194.0,200.0,0.002268,1,3,352
2025-05-11 17:23:59,801196f513bd8c21fbf0b81df15d1b6c270f4b45dba5a69aa6b216853a6b0ccb,896285,88724.0,200.0,0.002254,1,3,352
2025-05-11 17:23:59,01238bbf0451ca913ba063010907adea3dff9dc8b60fa049bc8fa98ad16453f3,896285,89254.0,200.0,0.002241,1,3,352
2025-05-11 17:23:59,9a6c8a7c177e3382b9f180642175abd4cc14c563b3a02a49c10279d27659f9da,896285,89784.0,200.0,0.002228,1,3,352
2025-05-11 17:23:59,b00c4a4b70804b3b17f76745b09ddc3881a26bb6cc0aa4e4f5790a7316c451ca,896285,87664.0,200.0,0.002281,1,3,352
2025-05-11 17:23:59,979246ba4444c4744cc3edb8a9f89c251fc3ef2add0dd573d1199ef2bfaa81c6,896285,88194.0,200.0,0.002268,1,3,352
2025-05-11 17:23:59,9d2a733ea396fba197ae478d7975a28cc345e20dcd1160c4a44b686530b9ddb7,896285,90314.0,200.0,0.002214,1,3,352
2025-05-11 17:23:59,1c58bd95bbc4f1bbe868a9c28971153821a13d418442a15b4e000000c01dffaa,896285,88724.0,200.0,0.002254,1,3,352
2025-05-11 17:23:59,d91c0831eee246eaca82eb1938527f4c3535c4d3e06e6b16d5918db95c6fa7a3,896285,86799.0,200.0,0.002304,1,3,352
2025-05-11 17:23:59,bfcd0551991773d0b21e76b999fd85158008d18c74ad32d582d19ee6abc6a8a2,896285,90844.0,200.0,0.002202,1,3,352
2025-05-11 17:23:59,b266f423f0e60a1fb60bcdf5efdb17ef6e40293bde79b37a269dee592ef519a2,896285,88724.0,200.0,0.002254,1,3,352
2025-05-11 17:23:59,c1b56838a1fe4df127dd6bb26127e03c77346700d868dafa0cc6050ab6fdb89c,896285,88194.0,200.0,0.002268,1,3,352
2025-05-11 17:23:59,094cc47040894170535f13e416365b1d98d2a0d76824b076f426f8e990e1cd77,896285,88724.0,200.0,0.002254,1,3,352
2025-05-11 17:23:59,c737f79e50e9ab7165f77b5e67cb1e078af5899fe22fa4ae7681a26544c8a7f7,896285,89254.0,200.0,0.002241,1,3,352
2025-05-11 17:23:59,484032ed346850af5029274b65070c8615cf84ab0075ba3037e3c6c7b3a9a164,896285,88194.0,200.0,0.002268,1,3,352
2025-05-11 17:23:59,1931aec4284676f1f64426644e849c9bc6252ebbde216d4c0febcf37f9eacb57,896285,91374.0,200.0,0.002189,1,3,352
2025-05-11 17:23:59,e4250bcd7acaa76b1087aace90f6a12e3a02725b4017c0306d56c2781fa7e43d,896285,89254.0,200.0,0.002241,1,3,352
2025-05-11 17:23:59,c03c3fd9edfb5af11df1f0bac31ee6d67162e5317950215aa9bcb122e59f44fd,896285,89784.0,200.0,0.002228,1,3,352
2025-05-11 17:23:59,fb19761c2ea5b0cf96d221ca5f9a6c54c564228a24857f6d8dbcb2bac3fe98be,896285,90314.0,200.0,0.002214,1,3,352
2025-05-11 17:23:59,0748948ac12defd2e0290fc571528d0e7df06700967b05bcd6d51240ec6bbf7e,896285,90844.0,200.0,0.002202,1,3,352
2025-05-11 17:23:59,7f4747e2aea4ef467b321a86498e560e19f4a9f220635c74969cddaf25a9c0f5,896285,91374.0,200.0,0.002189,1,3,352
2025-05-11 17:23:59,88a6cbf8376de82f5e7e1bd7000e555c3cd9b76b77a6f5efd4ea31e4df538136,896285,88194.0,200.0,0.002268,1,3,352
2025-05-11 17:23:59,c5675b23b075655e7c369803615cc67f866f1a1015d58c078c68b34ceabe9c2f,896285,88194.0,200.0,0.002268,1,3,352
2025-05-11 17:23:59,ea58e613dad81e48c4d4f5fa6bf62a28d2ec92d0f15305f4843bcb99728fec77,896285,88724.0,200.0,0.002254,1,3,352
2025-05-11 17:23:59,cf04e62bf1d1df61a1290cd992b303713cf046d34263dc06d5804dbff6fe99d6,896285,89254.0,200.0,0.002241,1,3,352
2025-05-11 17:23:59,3fa968487ffa0f4e8e26f08d4cbdced0a7c06e194760f0e5d8ab4e8003f1bccc,896285,89784.0,200.0,0.002228,1,3,352
2025-05-11 17:23:59,a7788f3e2cc28c48a4023b588e8c76e51c967ed37299dfaefca8a870428feaff,896285,90314.0,200.0,0.002214,1,3,352
2025-05-11 17:23:59,2fd25ab560ffba3000f69973a675538221a2f9f24ff797b981c96e5eb3c52529,896285,88724.0,200.0,0.002254,1,3,352
2025-05-11 17:23:59,46413a26dcc8f7610503f3f955c0457b81a3212493c4bd470b87de327ca578b8,896285,89254.0,200.0,0.002241,1,3,352
2025-05-11 17:23:59,dcfbeb6bc0f482c2793f66094980f679b2820b998dd68c060e35f06e0fc06f81,896285,89784.0,200.0,0.002228,1,3,352
2025-05-11 17:23:59,19dd1c7a79c969a6f206d5ac073573385aa9b75b3e951de712dc05ca8a68124a,896285,90314.0,200.0,0.002214,1,3,352
2025-05-11 17:23:59,7be2f8015a1cb0f78fadc4e213de5c275dee33a58511ef0c95cc54c6f00585a8,896285,90844.0,200.0,0.002202,1,3,352
2025-05-11 17:23:59,e088eacd0c83bf02342031231dc6475a0f8ed1cce29afac490019459439bbd48,896285,91374.0,200.0,0.002189,1,3,352
2025-05-11 17:23:59,d77be5ca001441f9ea9591b20b6e35018aac3c6a84a9e9faac9d64686232d3ab,896285,91904.0,200.0,0.002176,1,3,352
2025-05-11 17:23:59,50d9361b2dd6a86bd9fd488e2d94b9d697f9de12f751d3072af4ac30c7b3932d,896285,92434.0,200.0,0.002164,1,3,352
2025-05-11 17:23:59,3365ab68da4a8352a3fbca835b4d4dbf47090655e2265c0af5f3332a14d8f127,896285,91904.0,200.0,0.002176,1,3,352
2025-05-11 17:23:59,e3eb63f689bade6a42c128ccaff1224d4d7e5516f6c12f00033c4b19b8e8a72b,896285,92434.0,200.0,0.002164,1,3,352
2025-05-11 17:23:59,31b4736d90a9ae4f7b21a625faa8c85db10b05c24bb4effcc73b8ed8adab5a92,896285,92964.0,200.0,0.002151,1,3,352
2025-05-11 17:23:59,112c91cc03a77bb94cad116e23ef027a2b27abf36ac545d2403ae2894902d8ab,896285,93494.0,200.0,0.002139,1,3,352
2025-05-11 17:23:59,c303615f0c29c19e75dbecf25481baf6d70706560ac62c1f11b3e2915be6b62c,896285,94024.0,200.0,0.002127,1,3,352
2025-05-11 17:23:59,67a5b4bfccd0d216f368195f858c31aa7b07590df3427ca9dcf402d41d738226,896285,89254.0,200.0,0.002241,1,3,352
2025-05-11 17:23:59,0c49e0e99e556c27c56c9809216e8d76fab580198b86ca9e44f0c368d95cf9ef,896285,89784.0,200.0,0.002228,1,3,352
2025-05-11 17:23:59,f123ed1060085253b5ef55d2eb31d1112754c9145efb95536893fac04253cd8c,896285,90314.0,200.0,0.002214,1,3,352
2025-05-11 17:23:59,e32ddc76cf77d141d68612ad2418b41cdd11011e0249606d684daa23ee01a223,896285,90844.0,200.0,0.002202,1,3,352
2025-05-11 17:23:59,25d87626f3c8a74bb00c53a01b01b92a932b96b18f0be71519b1da0ac5df9277,896285,91374.0,200.0,0.002189,1,3,352
2025-05-11 17:23:59,80957072f70d934d55705acf16545a509a36d4af51a7e751fc0a6e075d0c9dbb,896285,91904.0,200.0,0.002176,1,3,352
2025-05-11 17:23:59,7f8b37c561e49d1fa5bf6ce7a4fc00e80300ce534e043e5904e0cfb1fabfbc6e,896285,92434.0,200.0,0.002164,1,3,352
2025-05-11 17:23:59,189d156f2dd0a49a936eed1fe8019063c52962ac56dc24ba58599a13ed734be1,896285,92964.0,200.0,0.002151,1,3,352
2025-05-11 17:23:59,50021ef02c549f721fb438570c5eba7494bd9bf5ca6a2298555ca03a62d99021,896285,89784.0,200.0,0.002228,1,3,352
2025-05-11 17:23:59,8128e50eac0181f3e7693512a69fa32905d449ec191046dadf0864efded4d42c,896285,90314.0,200.0,0.002214,1,3,352
2025-05-11 17:23:59,e2e220dcf3e7a0c1eaa382d3c9cdb6b88981c4021e987d740d1546a1e8b19ed5,896285,90844.0,200.0,0.002202,1,3,352
2025-05-11 17:23:59,ec8e38a82ec7a69eba319bc6242bfc0e4d49677aaaffb44e098407fb38ad006d,896285,91374.0,200.0,0.002189,1,3,352
2025-05-11 17:23:59,9d612b21445bf2e3365e7d5095e3faa653eec6a93d02da301ff6028762d845bc,896285,91904.0,200.0,0.002176,1,3,352
2025-05-11 17:23:59,a72263601394163064e0a4f42aff79ece6bddd8e4ab4f808c6d49432346321ac,896285,92434.0,200.0,0.002164,1,3,352
2025-05-11 17:23:59,71efe38b009e366d2eb088c6cdf8a52a7037a84202f3f661446bbbb25126e929,896285,92964.0,200.0,0.002151,1,3,352
2025-05-11 17:23:59,ff38e9b4f947890a06c28fb0297a30db0b5afee006dc36d172a89c76bf629ac7,896285,93494.0,200.0,0.002139,1,3,352
2025-05-11 17:23:59,976263e3470b445125d3e63c4d1f0ab2fd903b3868f1239e406e0dd13491db6d,896285,94024.0,200.0,0.002127,1,3,352
2025-05-11 17:23:59,18ede28e8e273df2de8052d9834e76f73e864859aac1bfa4ce06730e278c6221,896285,90844.0,200.0,0.002202,1,3,352
2025-05-11 17:23:59,a8a8198c7251fed2a6b67bb16c60822fda7ab01585af91e85f76c83dbfe0df72,896285,91374.0,200.0,0.002189,1,3,352
2025-05-11 17:23:59,439a3cb755c13e6e8aa9267b6439b0578ee60644e5ea95c2f237a75e4c8507c5,896285,91904.0,200.0,0.002176,1,3,352
2025-05-11 17:23:59,41eb8f525e655d3d34a565dc7eceae4e4624d6da432710669ae8fe5beb243628,896285,92434.0,200.0,0.002164,1,3,352
2025-05-11 17:23:59,5d86ee02c61d04ca0c3d27253d07fe5533a86437e38940f39520d1697fe14369,896285,92964.0,200.0,0.002151,1,3,352
2025-05-11 17:23:59,a8a159c010dc869721eb6e507122826d69ffff0b4b9ecfc1a246ae2c4aa5681b,896285,91904.0,200.0,0.002176,1,3,352
2025-05-11 17:23:59,37952b02afb5590610075ee83badecb7b1627772208a17ec04a9319fb795c3b2,896285,92434.0,200.0,0.002164,1,3,352
2025-05-11 17:23:59,bfd61cb7f23c4e4b9be853f3e7352260fe17abb78939810d4f22fb452991c584,896285,92964.0,200.0,0.002151,1,3,352
2025-05-11 17:23:59,81bd92c202dea672c3fc4e44173726d9057b12a1dddc35064a89f4c78766de97,896285,93494.0,200.0,0.002139,1,3,352
2025-05-11 17:23:59,a082d9d5aa637285107433b09dc13615ae5f808f5c7b23a9562d17045a35d86d,896285,94024.0,200.0,0.002127,1,3,352
2025-05-11 17:23:59,0b66395cd95ae435406736498d85c188dc4dc580b312bab9c014cc0b93a51815,896285,93494.0,200.0,0.002139,1,3,352
2025-05-11 17:23:59,808c7d61116f3b7b34a1ce5fb15f31cfdb75a0cacf552d4e251f10d31144119a,896285,94024.0,200.0,0.002127,1,3,352
2025-05-11 17:23:59,d47dbe6f6be978f7faf063c669f359992954b52a64207f9961fb3368b180b314,896285,88724.0,200.0,0.002254,1,3,352
2025-05-11 17:23:59,68c7d4ca35201df74e51e5da4131ce289ffcf760a54dfa1704da272a512829c0,896285,89254.0,200.0,0.002241,1,3,352
2025-05-11 17:23:59,f974cfb4d604bb9815c29d261b60acff81fa236befa1d920a2865cddda1231ce,896285,89784.0,200.0,0.002228,1,3,352
2025-05-11 17:23:59,45c21e851a4b6ca0378da5b702bfa495d24cdb007d10a1414973a344be752890,896285,90314.0,200.0,0.002214,1,3,352
2025-05-11 17:23:59,325ed002efeb23f767b5eb1a125710b18a00de7488406e166cf9b7086b3db2c5,896285,90844.0,200.0,0.002202,1,3,352
2025-05-11 17:23:59,2a682cdcd64ffce7b71e1e92ed0cf1b1bda63f11809057a266cb3976832fd2e8,896285,91374.0,200.0,0.002189,1,3,352
2025-05-11 17:23:59,9e847f8c8f698d4fb35daed7b486422798bc17d257b1d9a0e14c84d115ff84db,896285,91904.0,200.0,0.002176,1,3,352
2025-05-11 17:23:59,c2302b09390b51fc6108b4ffcfb3388c9a8acd94a379dc623ff338761ac96f3c,896285,92434.0,200.0,0.002164,1,3,352
2025-05-11 17:23:59,e7a335ba3102369f70ce57e315fd9e5e77625a38f3b3ad119bc6b7e245fc3512,896285,88724.0,200.0,0.002254,1,3,352
2025-05-11 17:23:59,0f71c24a7807ff9a5ee33f73663416296356b83c309d4a4cdb7a369754cbf6c2,896285,89254.0,200.0,0.002241,1,3,352
2025-05-11 17:23:59,32508e1761c5da43a0fde689db03008f2af3278fbedeac858a1c7c8ecfd66d31,896285,89784.0,200.0,0.002228,1,3,352
2025-05-11 17:23:59,2c54bdf9907c4dea1de411839c3dde43920133f0da78efb8590484f3d43ebdbb,896285,90314.0,200.0,0.002214,1,3,352
2025-05-11 17:23:59,5bf3d6b66ad89b1e4b029a6fcc770c9ab7db7517eabf4cb6a712195704f98560,896285,90844.0,200.0,0.002202,1,3,352
2025-05-11 17:23:59,82b4b100cdd4a6273192f9abcc8370066ecfc2946a77ac1a55658f955fe9063a,896285,91374.0,200.0,0.002189,1,3,352
2025-05-11 17:23:59,19d0389b7093a5eb11661468c3fac7b7cde155da39d0455f9bdf5dc18135230f,896285,93494.0,200.0,0.002139,1,3,352
2025-05-11 17:23:59,a6a581af0fea452da3c80d5e02c21831e1d44e29cfa8b32f409bc9a1013f2b2b,896285,94024.0,200.0,0.002127,1,3,352
2025-05-11 17:23:59,3838fc9edf8acbde9b59d0444471fb49ad29721efaa57c02aac0fa54c58af80c,896285,91904.0,200.0,0.002176,1,3,352
2025-05-11 17:23:59,5e32df4cae1875130acc6c681bb605dfed2d8a050defc47ab97368100dd1b62c,896285,92434.0,200.0,0.002164,1,3,352
2025-05-11 17:23:59,1d849ac97fa65b243ca07c02ea3072e0d1e48af48dfb0b8113e72659e2eb6ff5,896285,92964.0,200.0,0.002151,1,3,352
2025-05-11 17:23:59,131aa81e7e1351d59a3c1d16bed85c1696489bbe29fcff4b14a96bf40eecf87b,896285,93494.0,200.0,0.002139,1,3,352
2025-05-11 17:23:59,5efcb73be232246f127e48ae1c549878d5cac44b09262163d8d895b7b2cb7014,896285,94024.0,200.0,0.002127,1,3,352
2025-05-11 17:23:59,ce0a0f5abe4d90227c3cf1e52b1750412afcfd3151bd295ca3dee2218b3c390c,896285,87329.0,200.0,0.00229,1,3,352
2025-05-11 17:23:59,fb5dda852b480b91809f2b84a5beb38d024965915183a79c816950840e4d2c70,896285,87859.0,200.0,0.002276,1,3,352
2025-05-11 17:23:59,7f5545565446ee8c5dd8647c2c41d6401261d2ca7e88bde289e05aba4c235e78,896285,88389.0,200.0,0.002263,1,3,352
2025-05-11 17:23:59,ae2cc3eab9aaa28077354a90e1752c87fd4800504f0c8b21e44897b7e316c443,896285,88919.0,200.0,0.002249,1,3,352
2025-05-11 17:23:59,3ecd73551f1cf95721756cfd0f23f48e1b102d953a3a6bba917a62a8f6a79fa1,896285,89449.0,200.0,0.002236,1,3,352
2025-05-11 17:23:59,a948c03408e91275503f0905f6b3cc79e796002d41e6e0294dee85de6cd7b8fa,896285,89979.0,200.0,0.002223,1,3,352
2025-05-11 17:23:59,9911de4a1479a6d89de09a64c830b5094c7252a8770da1faf4531283ef50393e,896285,90509.0,200.0,0.00221,1,3,352
2025-05-11 00:23:20,64a7b12571d54439455c74e92537a614471be951da23a88d4e3a81f0dd629c1a,896183,1031736.0,614.0,0.000595,9,2,1061
2025-05-11 00:23:20,72ebbdc2052b1cad4c2332ee80f7c44f71f7d8e80e08eff3156d154feb52d719,896183,89236.0,141.0,0.00158,1,2,223
2025-05-11 00:23:20,8ce5bffa15f9d78765baf37d135e580f7f916c9ff85a3db2028499d6392ea719,896183,546.0,152.0,0.278388,1,1,323
2025-05-11 00:23:20,a46afa404ff3b5617beea0679a17fe2c4fe470f22990e37ad40850ae9b1d8ed9,896183,2246.0,154.0,0.068566,1,2,205
2025-05-11 00:23:20,80e99f15382f57db0117d03fcd7ecf101c6e492bf966740fa6f97d53ea297c19,896183,3823710.0,1157.0,0.000303,16,2,2442
2025-05-11 00:23:20,aa16e710ba84249a4526412c643032c64aae1fb417e7e02154e4107c5fab5619,896183,134714.0,143.0,0.001062,1,2,194
2025-05-11 00:23:20,d1db129ec37fa332d10655c1f5978054ad4c0518965628adbc300b3930542013,896183,199889.0,111.0,0.000555,1,1,162
2025-05-11 00:23:20,8a6c6b0d2ebec88d95c3f38b762df419654e4a4d07895efe191e34bdabafe00d,896183,6809.0,454.0,0.066676,1,11,536
2025-05-11 00:23:20,abeb43371e8ecaed96e42d28ad921ee5bcb99a7a2da87b527682f14af5aaeb0b,896183,18224.0,143.0,0.007847,1,2,194
2025-05-11 00:23:20,eedef881e0822b09a3f8657d9d704f8a386f73de2e874d4305ca641f53b0270b,896183,330.0,151.0,0.457576,1,1,320
2025-05-11 00:23:20,2310c559ed738daef75f29b2c10c90e71de977de974a59c58d5206dd1578e400,896183,9059924.0,778.0,8.6e-05,12,2,1373
2025-05-11 00:23:20,7ffc67309f3a8103b18f22da9ffa08c36b7ef82962e0e3f92fcdcd4aad308440,896183,46697.0,619.0,0.013256,2,12,750
2025-05-11 00:23:20,d2fea3b32f44d4308d19a8997c3ea7af50576c9f1d684d594709ecd0c7bc26c6,896183,282024.0,618.0,0.002191,2,12,748
2025-05-11 00:23:20,660ed076a5706a2e2efca0db282762043729929371179b0c1041d986f771ce82,896183,315033.0,2249.0,0.007139,32,2,4824
2025-05-11 00:23:20,0dd2cb15c3bff6df15c9d7d4560dc9096a0cc28ee7b13f3aae775931bc3ef2b8,896183,431557.0,522.0,0.00121,5,5,866
2025-05-11 00:23:20,bdcc92d457722c8116fd4a385b6df7649e2a7369c16e61dbdd218e2dc5c9cad5,896183,1629241.0,503.0,0.000309,4,7,796
2025-05-11 00:23:20,df3119e89eaf0adced415a68c81c2eec8b7bf8d624e4a3926c5a7225b0854aeb,896183,452034.0,502.0,0.001111,4,7,794
2025-05-11 00:23:20,4e9bf7568916f7b7f9dddf7500795f360fdf8da6a65c1ea3b5c013262c67f499,896183,902570.0,410.0,0.000454,1,8,409
2025-05-11 00:23:20,c29333f9aa7ae58031a0e6113d8ab0d4b9aabb4b4f483b8849ba3c19f537a173,896183,88170.0,297.0,0.003368,2,4,428
2025-05-11 00:23:20,88eea8e6ac8664ea34fba4c3389346bb72bdb7968da28b093f47bbaae14d9961,896183,38990.0,285.0,0.00731,1,2,284
2025-05-11 00:23:20,4e948bceebdbd5391700a490662fc7d862bfc43fe7d90756b7039e5aba22cc3f,896183,39170.0,285.0,0.007276,1,2,284
2025-05-11 00:23:20,7427e96ea4fa895d44252328d30e1afacd5741965b4a80b9428604d5f0b69fe4,896183,39455.0,285.0,0.007223,1,2,284
2025-05-11 00:23:20,cf76ffcea5dc7ac5a49ccb0f41ab526a10339b89dcb799d92ef8117412f225df,896183,39740.0,285.0,0.007172,1,2,284
2025-05-11 00:23:20,07e8e5ce1ce5bca783f59fee502127522a8f48636db9904019e2f1ef76444935,896183,39020.0,285.0,0.007304,1,2,284
2025-05-11 00:23:20,b1c0ffdeafd8d071975ae9ab1af13f8f70a0bc0a48f19b1306b873c19879e762,896183,39305.0,285.0,0.007251,1,2,284
2025-05-11 00:23:20,d14fed33de0bfdbdda1cc2b8ae32b3fc0899937f2f95bd45c4abc795210a38d3,896183,39590.0,285.0,0.007199,1,2,284
2025-05-11 00:23:20,a39b92a11e21110948cf9236748cec010f610c91eb1d38398aad5ccd8515a6b5,896183,39875.0,285.0,0.007147,1,2,284
2025-05-11 00:23:20,abcb554d28873094efced001a63d5cb793ba21fb391d1abc6264d51c88a3e1a2,896183,1037050.0,246.0,0.000237,3,1,487
2025-05-11 00:23:20,827c4506c8fd1f5a1a573597b7175bfa3983367e903fe1f6baad1de546f86d6a,896183,39735.0,285.0,0.007173,1,2,283
2025-05-11 00:23:20,9b80e65c89dbf12bea5dd98c744aec343691dd2a684eb73a020ea4f51080d73f,896183,40020.0,285.0,0.007121,1,2,284
2025-05-11 00:23:20,d49bf6d21471a0a81ad3973792d682907b3c75f206f3eabf4d6e96f4a3d31012,896183,40305.0,285.0,0.007071,1,2,284
2025-05-11 00:23:20,9d0e320d0f388237b4b0ee0505d693b98dc47a8d6d6b8dc69a37f80e5f81be9c,896183,40590.0,285.0,0.007021,1,2,284
2025-05-11 00:23:20,d509cd6b0281af828a856e1663251b68df6afc8e6de1d643bfcc68f03ff9a345,896183,3778065.0,225.0,6e-05,1,2,224
2025-05-11 00:23:20,10a204ba0d60332cde3ac72fe43c5d95f37eca9d7e80f34075ed729ec4e3be2e,896183,3787790.0,225.0,5.9e-05,1,2,224
2025-05-11 00:23:20,7e1236230b35b29c77058cec460e20b482b96a35451bbcb04211d06eae227322,896183,93514881.0,225.0,2e-06,1,2,224
2025-05-11 00:23:20,91ffb52d5261161659cb07bd9490ff1adfbd78554a941299c323894a1fc7aa4a,896183,6933983.0,224.0,3.2e-05,1,2,223
2025-05-11 00:23:20,6837ffbafebcd67f34f228c19a6ddd8d526da658a8c26a34b4e20129301fd949,896183,2568294.0,224.0,8.7e-05,1,2,223
2025-05-11 00:23:20,0e4ca501fded1b80f4dee27b8877cd9aa94031119e1583e6ad3215e2d4c9f62a,896183,5979040.0,224.0,3.7e-05,1,2,223
2025-05-11 00:23:20,49849d94f6522725dd9991fa481f01269aaa7e7e528b0eb483a86a537fef26bf,896183,38890.0,285.0,0.007328,1,2,283
2025-05-11 00:23:20,6fd1850e6c6d5bcf09112aa7f24cf2dcc02cbefe6187f78ca9252d9a71804037,896183,39175.0,285.0,0.007275,1,2,284
2025-05-11 00:23:20,c870bb225a23d446e8320073007f8fd3bd112785f21b3fa6f1d6c1ab8e384d80,896183,39460.0,285.0,0.007223,1,2,284
2025-05-11 00:23:20,775773b4f19f6f4d1ea442e2584d53177f5d45a99d154fdb1267055b485a6e5d,896183,41035.0,285.0,0.006945,1,2,283
2025-05-11 00:23:20,685f7551e08239b1d919b9b1e7d6ad013dfbf4d0e6b737bc99f456e9ba0cb43f,896183,41320.0,285.0,0.006897,1,2,283
2025-05-11 00:23:20,6aa937b5881f4a20ebb425d7f93d1074febec0e7dcb2d96dc54967be92f4750b,896183,41605.0,285.0,0.00685,1,2,284
2025-05-11 00:23:20,ad9c4e3b88ab732853947f04c7a04e2291251779247d8eab973a3e0905556b86,896183,2563872.0,340.0,0.000133,3,4,488
2025-05-11 00:23:20,f92766e7654e67023fa57522ce123dfd42d11929a25766372d20fc36950c74f1,896183,38080.0,285.0,0.007484,1,2,283
2025-05-11 00:23:20,78a7ecfed67c2b100d37a3a105c6116f7837b6700189649d15ac5d0ba983cc1b,896183,38365.0,285.0,0.007429,1,2,283
2025-05-11 00:23:20,b775ec11ea1470a8b8854d31ee6901047c59a145da1458b959da5556cfcaea7c,896183,38650.0,285.0,0.007374,1,2,283
2025-05-11 00:23:20,70da147cadd1456a4bfd7fd7ae2ad1d622b38effec188c439afb268378aade0e,896183,38935.0,285.0,0.00732,1,2,284
2025-05-11 00:23:20,876d45c1758eb6ec710fc5e72133e375b7b473877b398d70ea5551b7c6b968c0,896183,5228345.0,155.0,3e-05,1,2,205
2025-05-11 00:23:20,577acf172d2c786b961d2eae110d671b46f915fc4dfdf3fe1109c451a99cace5,896183,37885.0,285.0,0.007523,1,2,283
2025-05-11 00:23:20,4a22e643488575b52c24eb11e3cb809a919e5fc77fdbf947bbe4e3287655aa4c,896183,38170.0,285.0,0.007467,1,2,283
2025-05-11 00:23:20,8ff6d8468eb2fbe87bb447b83c35a41b9772e911b16614cca976259e530c2a14,896183,39275.0,285.0,0.007257,1,2,283
2025-05-11 00:23:20,44db2b35aead9a0927570aaa9d40f51f947d03c757d8f8d91e769aac7f143f13,896183,39950.0,285.0,0.007134,1,2,283
2025-05-11 00:23:20,afe029e384193fc61b3c690164b7f3ad028fa938bab28ce24682abeb64074e18,896183,40235.0,285.0,0.007083,1,2,283
2025-05-11 00:23:20,bd4c9ea743ea041c66b7b83af77b033b41d8fc6afea37d6d70a900cec39e3388,896183,10995525.0,225.0,2e-05,1,2,223
2025-05-11 00:23:20,ee89765dfa321c4cae6fe9f437935c739c69f6a3eb2832a74e5b6017694e2a33,896183,3362181.0,224.0,6.7e-05,1,2,222
2025-05-11 00:23:20,653f08a1550e1fc042bae1dcaab8a084fe2fc12654ab7d746c5072c5445c0faa,896183,484684.0,671.0,0.001384,4,2,665
2025-05-11 00:23:20,b790ed39c6230cc9d994394b31a4960579c10eca3fd612814700d37c1a5b515f,896183,2501845.0,210.0,8.4e-05,2,1,422
2025-05-11 00:23:20,33a81f65a3d561130dec79d71e32acebe66d4a435e1b9ad2e514003d4dd903d3,896183,58081.0,135.0,0.002324,1,1,248
2025-05-11 00:23:20,069130848fa997c1918f991e210815742e466dd4b8c8200d812873d95a333abe,896183,600.0,135.0,0.225,1,1,214
2025-05-11 00:23:20,9596e4baa0752985353c653387deeef16397fcdbee346a3d78a25796265e0085,896183,355856.0,253.0,0.000711,2,2,495
2025-05-11 00:23:20,97f074ee4ecf9c1e7b9a1c83c79f3118f2252aa5b40625acf3f4375aa42f1136,896183,47597.0,112.0,0.002353,1,1,192
2025-05-11 00:23:20,18abda4e0f71b6a3cfd435e162d88d29d228aa8a0e6c5540eb16eb886d3acf4b,896183,32213.0,7057.0,0.219073,119,2,12819
2025-05-11 00:23:20,c109353226206ee2fc4e950cbc332763eb7536a9c580b9c225a71fcf9318da21,896183,2294882.0,196.0,8.5e-05,1,2,383
2025-05-11 00:23:20,66513e5f74241637be76afe85851a2808121d5e873b6dfe6deb885489f68ccbe,896183,140764.0,29636.0,0.210537,500,1,53557
2025-05-11 00:23:20,5f9ab7cd6d31497a9e30c58d3e63e7929eb44f87df1bebec2793dd30b40d10a8,896183,135364.0,29636.0,0.218936,500,1,53557
2025-05-11 00:23:20,cf8531c55585076f865c6da22a12d52cddf0bf42a6753dbd2c2e1008897d44f8,896183,330.0,144.0,0.436364,1,1,308
2025-05-11 00:23:20,265f00cde0246dbfc7fc6345174ab00987b70a5b25e666bc7ba6b06273583ff8,896183,330.0,144.0,0.436364,1,1,308
2025-05-11 00:23:20,928846e5d4695261c2762a15ac9f6d7a497a77bcd147ac3e4a7918f5185796e5,896183,330.0,144.0,0.436364,1,1,308
2025-05-11 00:23:20,3a3fee5fa00fe4646cf61740992a225b15e6404ca0f576a1c6aebb0053539cd4,896183,330.0,144.0,0.436364,1,1,308
2025-05-11 00:23:20,dc17b98a1b7a076094c72d377621762f984dc9ac663d4b457749aa3677e452cf,896183,330.0,144.0,0.436364,1,1,308
2025-05-11 00:23:20,98f760945385ddf511bb178bb0d7f8716bbda3ffab182529a4161f3df9a6d4c6,896183,330.0,144.0,0.436364,1,1,308
2025-05-11 00:23:20,f8aefda3333fe7d7f7e00245eb2bf2390dd6305adc46e288112a2f6b00e623c3,896183,330.0,144.0,0.436364,1,1,308
2025-05-11 00:23:20,0995c17ce7e77d0b756082a50ea88e2aae8aa2c9237152eebc99017c32faedb7,896183,330.0,144.0,0.436364,1,1,308
2025-05-11 00:23:20,f9b62ae764c447a0a0cfe3209e05f14eb9a501b72fe02f85401359a97d1013ad,896183,330.0,144.0,0.436364,1,1,308
2025-05-11 00:23:20,9bee22c519bde8021af5f76901c3908675f0d1cef631c5cca19bff1975b41a9e,896183,330.0,144.0,0.436364,1,1,308
2025-05-11 00:23:20,659412fd7e9dea0aefd28b423fed3e650cf0596199930410a4f1da0cfab6d39b,896183,330.0,144.0,0.436364,1,1,308
2025-05-11 00:23:20,f153d508cbf0effdf5b5a4e94708acbff64cffb7b53325425c85c0be71349c9b,896183,330.0,144.0,0.436364,1,1,308
2025-05-11 00:23:20,34437dd199c2cd2fd20195d2e2a68d981156e728937a4458d52535a8dce46b89,896183,330.0,144.0,0.436364,1,1,308
2025-05-11 00:23:20,3df49c02bbc3da04ed5b03e74b9a033f2d682b4514eff1e880a024b7dc2ee084,896183,330.0,144.0,0.436364,1,1,308
2025-05-11 00:23:20,d79842d0128cff6adc813c79b2fb5b31f560b1024f64bbd7f5fbeb5dd1aaac80,896183,330.0,144.0,0.436364,1,1,308
2025-05-11 00:23:20,6ee6dab7160f851585988e517df3d4ca5fb17df829585b2b396eb0c19bcaba7c,896183,330.0,144.0,0.436364,1,1,308
2025-05-11 00:23:20,13a2a0b5b5ca65d7afad64437f2591f76a224d3d7f45258d42fc2eabccf08d77,896183,330.0,144.0,0.436364,1,1,308
2025-05-11 00:23:20,752c5ac0555f2ae1f3e1ee728f0b8de2f393b423743830206e722b96b75f4f70,896183,330.0,144.0,0.436364,1,1,308
2025-05-11 00:23:20,5ae7b5e2160f96518bb6253d029a4e593345c27c376d497cd7642575f73bf066,896183,330.0,144.0,0.436364,1,1,308
2025-05-11 00:23:20,fb2dccf9997949ee65b891fd4307a817679cdf37d578b137f70dc53c2b1e4765,896183,330.0,144.0,0.436364,1,1,308
2025-05-11 00:23:20,1b80eb4775529b2ee67b760f50114962c1ec78b22a505b6eec62766ea4afd762,896183,330.0,144.0,0.436364,1,1,308
2025-05-11 00:23:20,3170cde0af91f9efde2d002f23f60ab6cc4329c8e61d6177ce03fd050ef92331,896183,330.0,144.0,0.436364,1,1,308
2025-05-11 00:23:20,af3f895fb8d21b863f2cb98cdca3b6cbb8bb1e54d713c982fff0a7dff44f5e1e,896183,330.0,144.0,0.436364,1,1,308
2025-05-11 00:23:20,64a7b12571d54439455c74e92537a614471be951da23a88d4e3a81f0dd629c1a,896183,1031736.0,614.0,0.000595,9,2,1061
2025-05-11 00:23:20,72ebbdc2052b1cad4c2332ee80f7c44f71f7d8e80e08eff3156d154feb52d719,896183,89236.0,141.0,0.00158,1,2,223
2025-05-11 00:23:20,8ce5bffa15f9d78765baf37d135e580f7f916c9ff85a3db2028499d6392ea719,896183,546.0,152.0,0.278388,1,1,323
2025-05-11 00:23:20,a46afa404ff3b5617beea0679a17fe2c4fe470f22990e37ad40850ae9b1d8ed9,896183,2246.0,154.0,0.068566,1,2,205
2025-05-11 00:23:20,80e99f15382f57db0117d03fcd7ecf101c6e492bf966740fa6f97d53ea297c19,896183,3823710.0,1157.0,0.000303,16,2,2442
2025-05-11 00:23:20,aa16e710ba84249a4526412c643032c64aae1fb417e7e02154e4107c5fab5619,896183,134714.0,143.0,0.001062,1,2,194
2025-05-11 00:23:20,d1db129ec37fa332d10655c1f5978054ad4c0518965628adbc300b3930542013,896183,199889.0,111.0,0.000555,1,1,162
2025-05-11 00:23:20,8a6c6b0d2ebec88d95c3f38b762df419654e4a4d07895efe191e34bdabafe00d,896183,6809.0,454.0,0.066676,1,11,536
2025-05-11 00:23:20,abeb43371e8ecaed96e42d28ad921ee5bcb99a7a2da87b527682f14af5aaeb0b,896183,18224.0,143.0,0.007847,1,2,194
2025-05-11 00:23:20,eedef881e0822b09a3f8657d9d704f8a386f73de2e874d4305ca641f53b0270b,896183,330.0,151.0,0.457576,1,1,320
2025-05-11 00:23:20,2310c559ed738daef75f29b2c10c90e71de977de974a59c58d5206dd1578e400,896183,9059924.0,778.0,8.6e-05,12,2,1373
2025-05-11 00:23:20,7ffc67309f3a8103b18f22da9ffa08c36b7ef82962e0e3f92fcdcd4aad308440,896183,46697.0,619.0,0.013256,2,12,750
2025-05-11 00:23:20,d2fea3b32f44d4308d19a8997c3ea7af50576c9f1d684d594709ecd0c7bc26c6,896183,282024.0,618.0,0.002191,2,12,748
2025-05-11 00:23:20,660ed076a5706a2e2efca0db282762043729929371179b0c1041d986f771ce82,896183,315033.0,2249.0,0.007139,32,2,4824
2025-05-11 00:23:20,0dd2cb15c3bff6df15c9d7d4560dc9096a0cc28ee7b13f3aae775931bc3ef2b8,896183,431557.0,522.0,0.00121,5,5,866
2025-05-11 00:23:20,bdcc92d457722c8116fd4a385b6df7649e2a7369c16e61dbdd218e2dc5c9cad5,896183,1629241.0,503.0,0.000309,4,7,796
2025-05-11 00:23:20,df3119e89eaf0adced415a68c81c2eec8b7bf8d624e4a3926c5a7225b0854aeb,896183,452034.0,502.0,0.001111,4,7,794
2025-05-11 00:23:20,4e9bf7568916f7b7f9dddf7500795f360fdf8da6a65c1ea3b5c013262c67f499,896183,902570.0,410.0,0.000454,1,8,409
2025-05-11 00:23:20,c29333f9aa7ae58031a0e6113d8ab0d4b9aabb4b4f483b8849ba3c19f537a173,896183,88170.0,297.0,0.003368,2,4,428
2025-05-11 00:23:20,88eea8e6ac8664ea34fba4c3389346bb72bdb7968da28b093f47bbaae14d9961,896183,38990.0,285.0,0.00731,1,2,284
2025-05-11 00:23:20,4e948bceebdbd5391700a490662fc7d862bfc43fe7d90756b7039e5aba22cc3f,896183,39170.0,285.0,0.007276,1,2,284
2025-05-11 00:23:20,7427e96ea4fa895d44252328d30e1afacd5741965b4a80b9428604d5f0b69fe4,896183,39455.0,285.0,0.007223,1,2,284
2025-05-11 00:23:20,cf76ffcea5dc7ac5a49ccb0f41ab526a10339b89dcb799d92ef8117412f225df,896183,39740.0,285.0,0.007172,1,2,284
2025-05-11 00:23:20,07e8e5ce1ce5bca783f59fee502127522a8f48636db9904019e2f1ef76444935,896183,39020.0,285.0,0.007304,1,2,284
2025-05-11 00:23:20,b1c0ffdeafd8d071975ae9ab1af13f8f70a0bc0a48f19b1306b873c19879e762,896183,39305.0,285.0,0.007251,1,2,284
2025-05-11 00:23:20,d14fed33de0bfdbdda1cc2b8ae32b3fc0899937f2f95bd45c4abc795210a38d3,896183,39590.0,285.0,0.007199,1,2,284
2025-05-11 00:23:20,a39b92a11e21110948cf9236748cec010f610c91eb1d38398aad5ccd8515a6b5,896183,39875.0,285.0,0.007147,1,2,284
2025-05-11 00:23:20,abcb554d28873094efced001a63d5cb793ba21fb391d1abc6264d51c88a3e1a2,896183,1037050.0,246.0,0.000237,3,1,487
2025-05-11 00:23:20,827c4506c8fd1f5a1a573597b7175bfa3983367e903fe1f6baad1de546f86d6a,896183,39735.0,285.0,0.007173,1,2,283
2025-05-11 00:23:20,9b80e65c89dbf12bea5dd98c744aec343691dd2a684eb73a020ea4f51080d73f,896183,40020.0,285.0,0.007121,1,2,284
2025-05-11 00:23:20,d49bf6d21471a0a81ad3973792d682907b3c75f206f3eabf4d6e96f4a3d31012,896183,40305.0,285.0,0.007071,1,2,284
2025-05-11 00:23:20,9d0e320d0f388237b4b0ee0505d693b98dc47a8d6d6b8dc69a37f80e5f81be9c,896183,40590.0,285.0,0.007021,1,2,284
2025-05-11 00:23:20,d509cd6b0281af828a856e1663251b68df6afc8e6de1d643bfcc68f03ff9a345,896183,3778065.0,225.0,6e-05,1,2,224
2025-05-11 00:23:20,10a204ba0d60332cde3ac72fe43c5d95f37eca9d7e80f34075ed729ec4e3be2e,896183,3787790.0,225.0,5.9e-05,1,2,224
2025-05-11 00:23:20,7e1236230b35b29c77058cec460e20b482b96a35451bbcb04211d06eae227322,896183,93514881.0,225.0,2e-06,1,2,224
2025-05-11 00:23:20,91ffb52d5261161659cb07bd9490ff1adfbd78554a941299c323894a1fc7aa4a,896183,6933983.0,224.0,3.2e-05,1,2,223
2025-05-11 00:23:20,6837ffbafebcd67f34f228c19a6ddd8d526da658a8c26a34b4e20129301fd949,896183,2568294.0,224.0,8.7e-05,1,2,223
2025-05-11 00:23:20,0e4ca501fded1b80f4dee27b8877cd9aa94031119e1583e6ad3215e2d4c9f62a,896183,5979040.0,224.0,3.7e-05,1,2,223
2025-05-11 00:23:20,49849d94f6522725dd9991fa481f01269aaa7e7e528b0eb483a86a537fef26bf,896183,38890.0,285.0,0.007328,1,2,283
2025-05-11 00:23:20,6fd1850e6c6d5bcf09112aa7f24cf2dcc02cbefe6187f78ca9252d9a71804037,896183,39175.0,285.0,0.007275,1,2,284
2025-05-11 00:23:20,c870bb225a23d446e8320073007f8fd3bd112785f21b3fa6f1d6c1ab8e384d80,896183,39460.0,285.0,0.007223,1,2,284
2025-05-11 00:23:20,775773b4f19f6f4d1ea442e2584d53177f5d45a99d154fdb1267055b485a6e5d,896183,41035.0,285.0,0.006945,1,2,283
2025-05-11 00:23:20,685f7551e08239b1d919b9b1e7d6ad013dfbf4d0e6b737bc99f456e9ba0cb43f,896183,41320.0,285.0,0.006897,1,2,283
2025-05-11 00:23:20,6aa937b5881f4a20ebb425d7f93d1074febec0e7dcb2d96dc54967be92f4750b,896183,41605.0,285.0,0.00685,1,2,284
2025-05-11 00:23:20,ad9c4e3b88ab732853947f04c7a04e2291251779247d8eab973a3e0905556b86,896183,2563872.0,340.0,0.000133,3,4,488
2025-05-11 00:23:20,f92766e7654e67023fa57522ce123dfd42d11929a25766372d20fc36950c74f1,896183,38080.0,285.0,0.007484,1,2,283
2025-05-11 00:23:20,78a7ecfed67c2b100d37a3a105c6116f7837b6700189649d15ac5d0ba983cc1b,896183,38365.0,285.0,0.007429,1,2,283
2025-05-11 00:23:20,b775ec11ea1470a8b8854d31ee6901047c59a145da1458b959da5556cfcaea7c,896183,38650.0,285.0,0.007374,1,2,283
2025-05-11 00:23:20,70da147cadd1456a4bfd7fd7ae2ad1d622b38effec188c439afb268378aade0e,896183,38935.0,285.0,0.00732,1,2,284
2025-05-11 00:23:20,876d45c1758eb6ec710fc5e72133e375b7b473877b398d70ea5551b7c6b968c0,896183,5228345.0,155.0,3e-05,1,2,205
2025-05-11 00:23:20,577acf172d2c786b961d2eae110d671b46f915fc4dfdf3fe1109c451a99cace5,896183,37885.0,285.0,0.007523,1,2,283
2025-05-11 00:23:20,4a22e643488575b52c24eb11e3cb809a919e5fc77fdbf947bbe4e3287655aa4c,896183,38170.0,285.0,0.007467,1,2,283
2025-05-11 00:23:20,8ff6d8468eb2fbe87bb447b83c35a41b9772e911b16614cca976259e530c2a14,896183,39275.0,285.0,0.007257,1,2,283
2025-05-11 00:23:20,44db2b35aead9a0927570aaa9d40f51f947d03c757d8f8d91e769aac7f143f13,896183,39950.0,285.0,0.007134,1,2,283
2025-05-11 00:23:20,afe029e384193fc61b3c690164b7f3ad028fa938bab28ce24682abeb64074e18,896183,40235.0,285.0,0.007083,1,2,283
2025-05-11 00:23:20,bd4c9ea743ea041c66b7b83af77b033b41d8fc6afea37d6d70a900cec39e3388,896183,10995525.0,225.0,2e-05,1,2,223
2025-05-11 00:23:20,ee89765dfa321c4cae6fe9f437935c739c69f6a3eb2832a74e5b6017694e2a33,896183,3362181.0,224.0,6.7e-05,1,2,222
2025-05-11 00:23:20,653f08a1550e1fc042bae1dcaab8a084fe2fc12654ab7d746c5072c5445c0faa,896183,484684.0,671.0,0.001384,4,2,665
2025-05-11 00:23:20,b790ed39c6230cc9d994394b31a4960579c10eca3fd612814700d37c1a5b515f,896183,2501845.0,210.0,8.4e-05,2,1,422
2025-05-11 00:23:20,33a81f65a3d561130dec79d71e32acebe66d4a435e1b9ad2e514003d4dd903d3,896183,58081.0,135.0,0.002324,1,1,248
2025-05-11 00:23:20,069130848fa997c1918f991e210815742e466dd4b8c8200d812873d95a333abe,896183,600.0,135.0,0.225,1,1,214
2025-05-11 00:23:20,9596e4baa0752985353c653387deeef16397fcdbee346a3d78a25796265e0085,896183,355856.0,253.0,0.000711,2,2,495
2025-05-11 00:23:20,97f074ee4ecf9c1e7b9a1c83c79f3118f2252aa5b40625acf3f4375aa42f1136,896183,47597.0,112.0,0.002353,1,1,192
2025-05-11 00:23:20,18abda4e0f71b6a3cfd435e162d88d29d228aa8a0e6c5540eb16eb886d3acf4b,896183,32213.0,7057.0,0.219073,119,2,12819
2025-05-11 00:23:20,c109353226206ee2fc4e950cbc332763eb7536a9c580b9c225a71fcf9318da21,896183,2294882.0,196.0,8.5e-05,1,2,383
2025-05-11 00:23:20,66513e5f74241637be76afe85851a2808121d5e873b6dfe6deb885489f68ccbe,896183,140764.0,29636.0,0.210537,500,1,53557
2025-05-11 00:23:20,5f9ab7cd6d31497a9e30c58d3e63e7929eb44f87df1bebec2793dd30b40d10a8,896183,135364.0,29636.0,0.218936,500,1,53557
2025-05-11 00:23:20,cf8531c55585076f865c6da22a12d52cddf0bf42a6753dbd2c2e1008897d44f8,896183,330.0,144.0,0.436364,1,1,308
2025-05-11 00:23:20,265f00cde0246dbfc7fc6345174ab00987b70a5b25e666bc7ba6b06273583ff8,896183,330.0,144.0,0.436364,1,1,308
2025-05-11 00:23:20,928846e5d4695261c2762a15ac9f6d7a497a77bcd147ac3e4a7918f5185796e5,896183,330.0,144.0,0.436364,1,1,308
2025-05-11 00:23:20,3a3fee5fa00fe4646cf61740992a225b15e6404ca0f576a1c6aebb0053539cd4,896183,330.0,144.0,0.436364,1,1,308
2025-05-11 00:23:20,dc17b98a1b7a076094c72d377621762f984dc9ac663d4b457749aa3677e452cf,896183,330.0,144.0,0.436364,1,1,308
2025-05-11 00:23:20,98f760945385ddf511bb178bb0d7f8716bbda3ffab182529a4161f3df9a6d4c6,896183,330.0,144.0,0.436364,1,1,308
2025-05-11 00:23:20,f8aefda3333fe7d7f7e00245eb2bf2390dd6305adc46e288112a2f6b00e623c3,896183,330.0,144.0,0.436364,1,1,308
2025-05-11 00:23:20,0995c17ce7e77d0b756082a50ea88e2aae8aa2c9237152eebc99017c32faedb7,896183,330.0,144.0,0.436364,1,1,308
2025-05-11 00:23:20,f9b62ae764c447a0a0cfe3209e05f14eb9a501b72fe02f85401359a97d1013ad,896183,330.0,144.0,0.436364,1,1,308
2025-05-11 00:23:20,9bee22c519bde8021af5f76901c3908675f0d1cef631c5cca19bff1975b41a9e,896183,330.0,144.0,0.436364,1,1,308
2025-05-11 00:23:20,659412fd7e9dea0aefd28b423fed3e650cf0596199930410a4f1da0cfab6d39b,896183,330.0,144.0,0.436364,1,1,308
2025-05-11 00:23:20,f153d508cbf0effdf5b5a4e94708acbff64cffb7b53325425c85c0be71349c9b,896183,330.0,144.0,0.436364,1,1,308
2025-05-11 00:23:20,34437dd199c2cd2fd20195d2e2a68d981156e728937a4458d52535a8dce46b89,896183,330.0,144.0,0.436364,1,1,308
2025-05-11 00:23:20,3df49c02bbc3da04ed5b03e74b9a033f2d682b4514eff1e880a024b7dc2ee084,896183,330.0,144.0,0.436364,1,1,308
2025-05-11 00:23:20,d79842d0128cff6adc813c79b2fb5b31f560b1024f64bbd7f5fbeb5dd1aaac80,896183,330.0,144.0,0.436364,1,1,308
2025-05-11 00:23:20,6ee6dab7160f851585988e517df3d4ca5fb17df829585b2b396eb0c19bcaba7c,896183,330.0,144.0,0.436364,1,1,308
2025-05-11 00:23:20,13a2a0b5b5ca65d7afad64437f2591f76a224d3d7f45258d42fc2eabccf08d77,896183,330.0,144.0,0.436364,1,1,308
2025-05-11 00:23:20,752c5ac0555f2ae1f3e1ee728f0b8de2f393b423743830206e722b96b75f4f70,896183,330.0,144.0,0.436364,1,1,308
2025-05-11 00:23:20,5ae7b5e2160f96518bb6253d029a4e593345c27c376d497cd7642575f73bf066,896183,330.0,144.0,0.436364,1,1,308
2025-05-11 00:23:20,fb2dccf9997949ee65b891fd4307a817679cdf37d578b137f70dc53c2b1e4765,896183,330.0,144.0,0.436364,1,1,308
2025-05-11 00:23:20,1b80eb4775529b2ee67b760f50114962c1ec78b22a505b6eec62766ea4afd762,896183,330.0,144.0,0.436364,1,1,308
2025-05-11 00:23:20,3170cde0af91f9efde2d002f23f60ab6cc4329c8e61d6177ce03fd050ef92331,896183,330.0,144.0,0.436364,1,1,308
2025-05-11 00:23:20,af3f895fb8d21b863f2cb98cdca3b6cbb8bb1e54d713c982fff0a7dff44f5e1e,896183,330.0,144.0,0.436364,1,1,308
2025-05-11 00:23:20,64a7b12571d54439455c74e92537a614471be951da23a88d4e3a81f0dd629c1a,896183,1031736.0,614.0,0.000595,9,2,1061
2025-05-11 00:23:20,72ebbdc2052b1cad4c2332ee80f7c44f71f7d8e80e08eff3156d154feb52d719,896183,89236.0,141.0,0.00158,1,2,223
2025-05-11 00:23:20,8ce5bffa15f9d78765baf37d135e580f7f916c9ff85a3db2028499d6392ea719,896183,546.0,152.0,0.278388,1,1,323
2025-05-11 00:23:20,a46afa404ff3b5617beea0679a17fe2c4fe470f22990e37ad40850ae9b1d8ed9,896183,2246.0,154.0,0.068566,1,2,205
2025-05-11 00:23:20,80e99f15382f57db0117d03fcd7ecf101c6e492bf966740fa6f97d53ea297c19,896183,3823710.0,1157.0,0.000303,16,2,2442
2025-05-11 00:23:20,aa16e710ba84249a4526412c643032c64aae1fb417e7e02154e4107c5fab5619,896183,134714.0,143.0,0.001062,1,2,194
2025-05-11 00:23:20,d1db129ec37fa332d10655c1f5978054ad4c0518965628adbc300b3930542013,896183,199889.0,111.0,0.000555,1,1,162
2025-05-11 00:23:20,8a6c6b0d2ebec88d95c3f38b762df419654e4a4d07895efe191e34bdabafe00d,896183,6809.0,454.0,0.066676,1,11,536
2025-05-11 00:23:20,abeb43371e8ecaed96e42d28ad921ee5bcb99a7a2da87b527682f14af5aaeb0b,896183,18224.0,143.0,0.007847,1,2,194
2025-05-11 00:23:20,eedef881e0822b09a3f8657d9d704f8a386f73de2e874d4305ca641f53b0270b,896183,330.0,151.0,0.457576,1,1,320
2025-05-11 00:23:20,2310c559ed738daef75f29b2c10c90e71de977de974a59c58d5206dd1578e400,896183,9059924.0,778.0,8.6e-05,12,2,1373
2025-05-11 00:23:20,7ffc67309f3a8103b18f22da9ffa08c36b7ef82962e0e3f92fcdcd4aad308440,896183,46697.0,619.0,0.013256,2,12,750
2025-05-11 00:23:20,d2fea3b32f44d4308d19a8997c3ea7af50576c9f1d684d594709ecd0c7bc26c6,896183,282024.0,618.0,0.002191,2,12,748
2025-05-11 00:23:20,660ed076a5706a2e2efca0db282762043729929371179b0c1041d986f771ce82,896183,315033.0,2249.0,0.007139,32,2,4824
2025-05-11 00:23:20,0dd2cb15c3bff6df15c9d7d4560dc9096a0cc28ee7b13f3aae775931bc3ef2b8,896183,431557.0,522.0,0.00121,5,5,866
2025-05-11 00:23:20,bdcc92d457722c8116fd4a385b6df7649e2a7369c16e61dbdd218e2dc5c9cad5,896183,1629241.0,503.0,0.000309,4,7,796
2025-05-11 00:23:20,df3119e89eaf0adced415a68c81c2eec8b7bf8d624e4a3926c5a7225b0854aeb,896183,452034.0,502.0,0.001111,4,7,794
2025-05-11 00:23:20,4e9bf7568916f7b7f9dddf7500795f360fdf8da6a65c1ea3b5c013262c67f499,896183,902570.0,410.0,0.000454,1,8,409
2025-05-11 00:23:20,c29333f9aa7ae58031a0e6113d8ab0d4b9aabb4b4f483b8849ba3c19f537a173,896183,88170.0,297.0,0.003368,2,4,428
2025-05-11 00:23:20,88eea8e6ac8664ea34fba4c3389346bb72bdb7968da28b093f47bbaae14d9961,896183,38990.0,285.0,0.00731,1,2,284
2025-05-11 00:23:20,4e948bceebdbd5391700a490662fc7d862bfc43fe7d90756b7039e5aba22cc3f,896183,39170.0,285.0,0.007276,1,2,284
2025-05-11 00:23:20,7427e96ea4fa895d44252328d30e1afacd5741965b4a80b9428604d5f0b69fe4,896183,39455.0,285.0,0.007223,1,2,284
2025-05-11 00:23:20,cf76ffcea5dc7ac5a49ccb0f41ab526a10339b89dcb799d92ef8117412f225df,896183,39740.0,285.0,0.007172,1,2,284
2025-05-11 00:23:20,07e8e5ce1ce5bca783f59fee502127522a8f48636db9904019e2f1ef76444935,896183,39020.0,285.0,0.007304,1,2,284
2025-05-11 00:23:20,b1c0ffdeafd8d071975ae9ab1af13f8f70a0bc0a48f19b1306b873c19879e762,896183,39305.0,285.0,0.007251,1,2,284
2025-05-11 00:23:20,d14fed33de0bfdbdda1cc2b8ae32b3fc0899937f2f95bd45c4abc795210a38d3,896183,39590.0,285.0,0.007199,1,2,284
2025-05-11 00:23:20,a39b92a11e21110948cf9236748cec010f610c91eb1d38398aad5ccd8515a6b5,896183,39875.0,285.0,0.007147,1,2,284
2025-05-11 00:23:20,abcb554d28873094efced001a63d5cb793ba21fb391d1abc6264d51c88a3e1a2,896183,1037050.0,246.0,0.000237,3,1,487
2025-05-11 00:23:20,827c4506c8fd1f5a1a573597b7175bfa3983367e903fe1f6baad1de546f86d6a,896183,39735.0,285.0,0.007173,1,2,283
2025-05-11 00:23:20,9b80e65c89dbf12bea5dd98c744aec343691dd2a684eb73a020ea4f51080d73f,896183,40020.0,285.0,0.007121,1,2,284
2025-05-11 00:23:20,d49bf6d21471a0a81ad3973792d682907b3c75f206f3eabf4d6e96f4a3d31012,896183,40305.0,285.0,0.007071,1,2,284
2025-05-11 00:23:20,9d0e320d0f388237b4b0ee0505d693b98dc47a8d6d6b8dc69a37f80e5f81be9c,896183,40590.0,285.0,0.007021,1,2,284
2025-05-11 00:23:20,d509cd6b0281af828a856e1663251b68df6afc8e6de1d643bfcc68f03ff9a345,896183,3778065.0,225.0,6e-05,1,2,224
2025-05-11 00:23:20,10a204ba0d60332cde3ac72fe43c5d95f37eca9d7e80f34075ed729ec4e3be2e,896183,3787790.0,225.0,5.9e-05,1,2,224
2025-05-11 00:23:20,7e1236230b35b29c77058cec460e20b482b96a35451bbcb04211d06eae227322,896183,93514881.0,225.0,2e-06,1,2,224
2025-05-11 00:23:20,91ffb52d5261161659cb07bd9490ff1adfbd78554a941299c323894a1fc7aa4a,896183,6933983.0,224.0,3.2e-05,1,2,223
2025-05-11 00:23:20,6837ffbafebcd67f34f228c19a6ddd8d526da658a8c26a34b4e20129301fd949,896183,2568294.0,224.0,8.7e-05,1,2,223
2025-05-11 00:23:20,0e4ca501fded1b80f4dee27b8877cd9aa94031119e1583e6ad3215e2d4c9f62a,896183,5979040.0,224.0,3.7e-05,1,2,223
2025-05-11 00:23:20,49849d94f6522725dd9991fa481f01269aaa7e7e528b0eb483a86a537fef26bf,896183,38890.0,285.0,0.007328,1,2,283
2025-05-11 00:23:20,6fd1850e6c6d5bcf09112aa7f24cf2dcc02cbefe6187f78ca9252d9a71804037,896183,39175.0,285.0,0.007275,1,2,284
2025-05-11 00:23:20,c870bb225a23d446e8320073007f8fd3bd112785f21b3fa6f1d6c1ab8e384d80,896183,39460.0,285.0,0.007223,1,2,284
2025-05-11 00:23:20,775773b4f19f6f4d1ea442e2584d53177f5d45a99d154fdb1267055b485a6e5d,896183,41035.0,285.0,0.006945,1,2,283
2025-05-11 00:23:20,685f7551e08239b1d919b9b1e7d6ad013dfbf4d0e6b737bc99f456e9ba0cb43f,896183,41320.0,285.0,0.006897,1,2,283
2025-05-11 00:23:20,6aa937b5881f4a20ebb425d7f93d1074febec0e7dcb2d96dc54967be92f4750b,896183,41605.0,285.0,0.00685,1,2,284
2025-05-11 00:23:20,ad9c4e3b88ab732853947f04c7a04e2291251779247d8eab973a3e0905556b86,896183,2563872.0,340.0,0.000133,3,4,488
2025-05-11 00:23:20,f92766e7654e67023fa57522ce123dfd42d11929a25766372d20fc36950c74f1,896183,38080.0,285.0,0.007484,1,2,283
2025-05-11 00:23:20,78a7ecfed67c2b100d37a3a105c6116f7837b6700189649d15ac5d0ba983cc1b,896183,38365.0,285.0,0.007429,1,2,283
2025-05-11 00:23:20,b775ec11ea1470a8b8854d31ee6901047c59a145da1458b959da5556cfcaea7c,896183,38650.0,285.0,0.007374,1,2,283
2025-05-11 00:23:20,70da147cadd1456a4bfd7fd7ae2ad1d622b38effec188c439afb268378aade0e,896183,38935.0,285.0,0.00732,1,2,284
2025-05-11 00:23:20,876d45c1758eb6ec710fc5e72133e375b7b473877b398d70ea5551b7c6b968c0,896183,5228345.0,155.0,3e-05,1,2,205
2025-05-11 00:23:20,577acf172d2c786b961d2eae110d671b46f915fc4dfdf3fe1109c451a99cace5,896183,37885.0,285.0,0.007523,1,2,283
2025-05-11 00:23:20,4a22e643488575b52c24eb11e3cb809a919e5fc77fdbf947bbe4e3287655aa4c,896183,38170.0,285.0,0.007467,1,2,283
2025-05-11 00:23:20,8ff6d8468eb2fbe87bb447b83c35a41b9772e911b16614cca976259e530c2a14,896183,39275.0,285.0,0.007257,1,2,283
2025-05-11 00:23:20,44db2b35aead9a0927570aaa9d40f51f947d03c757d8f8d91e769aac7f143f13,896183,39950.0,285.0,0.007134,1,2,283
2025-05-11 00:23:20,afe029e384193fc61b3c690164b7f3ad028fa938bab28ce24682abeb64074e18,896183,40235.0,285.0,0.007083,1,2,283
2025-05-11 00:23:20,bd4c9ea743ea041c66b7b83af77b033b41d8fc6afea37d6d70a900cec39e3388,896183,10995525.0,225.0,2e-05,1,2,223
2025-05-11 00:23:20,ee89765dfa321c4cae6fe9f437935c739c69f6a3eb2832a74e5b6017694e2a33,896183,3362181.0,224.0,6.7e-05,1,2,222
2025-05-11 00:23:20,653f08a1550e1fc042bae1dcaab8a084fe2fc12654ab7d746c5072c5445c0faa,896183,484684.0,671.0,0.001384,4,2,665
2025-05-11 00:23:20,b790ed39c6230cc9d994394b31a4960579c10eca3fd612814700d37c1a5b515f,896183,2501845.0,210.0,8.4e-05,2,1,422
2025-05-11 00:23:20,33a81f65a3d561130dec79d71e32acebe66d4a435e1b9ad2e514003d4dd903d3,896183,58081.0,135.0,0.002324,1,1,248
2025-05-11 00:23:20,069130848fa997c1918f991e210815742e466dd4b8c8200d812873d95a333abe,896183,600.0,135.0,0.225,1,1,214
2025-05-11 00:23:20,9596e4baa0752985353c653387deeef16397fcdbee346a3d78a25796265e0085,896183,355856.0,253.0,0.000711,2,2,495
2025-05-11 00:23:20,97f074ee4ecf9c1e7b9a1c83c79f3118f2252aa5b40625acf3f4375aa42f1136,896183,47597.0,112.0,0.002353,1,1,192
2025-05-11 00:23:20,18abda4e0f71b6a3cfd435e162d88d29d228aa8a0e6c5540eb16eb886d3acf4b,896183,32213.0,7057.0,0.219073,119,2,12819
2025-05-11 00:23:20,c109353226206ee2fc4e950cbc332763eb7536a9c580b9c225a71fcf9318da21,896183,2294882.0,196.0,8.5e-05,1,2,383
2025-05-11 00:23:20,66513e5f74241637be76afe85851a2808121d5e873b6dfe6deb885489f68ccbe,896183,140764.0,29636.0,0.210537,500,1,53557
2025-05-11 00:23:20,5f9ab7cd6d31497a9e30c58d3e63e7929eb44f87df1bebec2793dd30b40d10a8,896183,135364.0,29636.0,0.218936,500,1,53557
2025-05-11 00:23:20,cf8531c55585076f865c6da22a12d52cddf0bf42a6753dbd2c2e1008897d44f8,896183,330.0,144.0,0.436364,1,1,308
2025-05-11 00:23:20,265f00cde0246dbfc7fc6345174ab00987b70a5b25e666bc7ba6b06273583ff8,896183,330.0,144.0,0.436364,1,1,308
2025-05-11 00:23:20,928846e5d4695261c2762a15ac9f6d7a497a77bcd147ac3e4a7918f5185796e5,896183,330.0,144.0,0.436364,1,1,308
2025-05-11 00:23:20,3a3fee5fa00fe4646cf61740992a225b15e6404ca0f576a1c6aebb0053539cd4,896183,330.0,144.0,0.436364,1,1,308
2025-05-11 00:23:20,dc17b98a1b7a076094c72d377621762f984dc9ac663d4b457749aa3677e452cf,896183,330.0,144.0,0.436364,1,1,308
2025-05-11 00:23:20,98f760945385ddf511bb178bb0d7f8716bbda3ffab182529a4161f3df9a6d4c6,896183,330.0,144.0,0.436364,1,1,308
2025-05-11 00:23:20,f8aefda3333fe7d7f7e00245eb2bf2390dd6305adc46e288112a2f6b00e623c3,896183,330.0,144.0,0.436364,1,1,308
2025-05-11 00:23:20,0995c17ce7e77d0b756082a50ea88e2aae8aa2c9237152eebc99017c32faedb7,896183,330.0,144.0,0.436364,1,1,308
2025-05-11 00:23:20,f9b62ae764c447a0a0cfe3209e05f14eb9a501b72fe02f85401359a97d1013ad,896183,330.0,144.0,0.436364,1,1,308
2025-05-11 00:23:20,9bee22c519bde8021af5f76901c3908675f0d1cef631c5cca19bff1975b41a9e,896183,330.0,144.0,0.436364,1,1,308
2025-05-11 00:23:20,659412fd7e9dea0aefd28b423fed3e650cf0596199930410a4f1da0cfab6d39b,896183,330.0,144.0,0.436364,1,1,308
2025-05-11 00:23:20,f153d508cbf0effdf5b5a4e94708acbff64cffb7b53325425c85c0be71349c9b,896183,330.0,144.0,0.436364,1,1,308
2025-05-11 00:23:20,34437dd199c2cd2fd20195d2e2a68d981156e728937a4458d52535a8dce46b89,896183,330.0,144.0,0.436364,1,1,308
2025-05-11 00:23:20,3df49c02bbc3da04ed5b03e74b9a033f2d682b4514eff1e880a024b7dc2ee084,896183,330.0,144.0,0.436364,1,1,308
2025-05-11 00:23:20,d79842d0128cff6adc813c79b2fb5b31f560b1024f64bbd7f5fbeb5dd1aaac80,896183,330.0,144.0,0.436364,1,1,308
2025-05-11 00:23:20,6ee6dab7160f851585988e517df3d4ca5fb17df829585b2b396eb0c19bcaba7c,896183,330.0,144.0,0.436364,1,1,308
2025-05-11 00:23:20,13a2a0b5b5ca65d7afad64437f2591f76a224d3d7f45258d42fc2eabccf08d77,896183,330.0,144.0,0.436364,1,1,308
2025-05-11 00:23:20,752c5ac0555f2ae1f3e1ee728f0b8de2f393b423743830206e722b96b75f4f70,896183,330.0,144.0,0.436364,1,1,308
2025-05-11 00:23:20,5ae7b5e2160f96518bb6253d029a4e593345c27c376d497cd7642575f73bf066,896183,330.0,144.0,0.436364,1,1,308
2025-05-11 00:23:20,fb2dccf9997949ee65b891fd4307a817679cdf37d578b137f70dc53c2b1e4765,896183,330.0,144.0,0.436364,1,1,308
2025-05-11 00:23:20,1b80eb4775529b2ee67b760f50114962c1ec78b22a505b6eec62766ea4afd762,896183,330.0,144.0,0.436364,1,1,308
2025-05-11 00:23:20,3170cde0af91f9efde2d002f23f60ab6cc4329c8e61d6177ce03fd050ef92331,896183,330.0,144.0,0.436364,1,1,308
2025-05-11 00:23:20,af3f895fb8d21b863f2cb98cdca3b6cbb8bb1e54d713c982fff0a7dff44f5e1e,896183,330.0,144.0,0.436364,1,1,308
2025-05-11 00:23:20,64a7b12571d54439455c74e92537a614471be951da23a88d4e3a81f0dd629c1a,896183,1031736.0,614.0,0.000595,9,2,1061
2025-05-11 00:23:20,72ebbdc2052b1cad4c2332ee80f7c44f71f7d8e80e08eff3156d154feb52d719,896183,89236.0,141.0,0.00158,1,2,223
2025-05-11 00:23:20,8ce5bffa15f9d78765baf37d135e580f7f916c9ff85a3db2028499d6392ea719,896183,546.0,152.0,0.278388,1,1,323
2025-05-11 00:23:20,a46afa404ff3b5617beea0679a17fe2c4fe470f22990e37ad40850ae9b1d8ed9,896183,2246.0,154.0,0.068566,1,2,205
2025-05-11 00:23:20,80e99f15382f57db0117d03fcd7ecf101c6e492bf966740fa6f97d53ea297c19,896183,3823710.0,1157.0,0.000303,16,2,2442
2025-05-11 00:23:20,aa16e710ba84249a4526412c643032c64aae1fb417e7e02154e4107c5fab5619,896183,134714.0,143.0,0.001062,1,2,194
2025-05-11 00:23:20,d1db129ec37fa332d10655c1f5978054ad4c0518965628adbc300b3930542013,896183,199889.0,111.0,0.000555,1,1,162
2025-05-11 00:23:20,8a6c6b0d2ebec88d95c3f38b762df419654e4a4d07895efe191e34bdabafe00d,896183,6809.0,454.0,0.066676,1,11,536
2025-05-11 00:23:20,abeb43371e8ecaed96e42d28ad921ee5bcb99a7a2da87b527682f14af5aaeb0b,896183,18224.0,143.0,0.007847,1,2,194
2025-05-11 00:23:20,eedef881e0822b09a3f8657d9d704f8a386f73de2e874d4305ca641f53b0270b,896183,330.0,151.0,0.457576,1,1,320
2025-05-11 00:23:20,2310c559ed738daef75f29b2c10c90e71de977de974a59c58d5206dd1578e400,896183,9059924.0,778.0,8.6e-05,12,2,1373
2025-05-11 00:23:20,7ffc67309f3a8103b18f22da9ffa08c36b7ef82962e0e3f92fcdcd4aad308440,896183,46697.0,619.0,0.013256,2,12,750
2025-05-11 00:23:20,d2fea3b32f44d4308d19a8997c3ea7af50576c9f1d684d594709ecd0c7bc26c6,896183,282024.0,618.0,0.002191,2,12,748
2025-05-11 00:23:20,660ed076a5706a2e2efca0db282762043729929371179b0c1041d986f771ce82,896183,315033.0,2249.0,0.007139,32,2,4824
2025-05-11 00:23:20,0dd2cb15c3bff6df15c9d7d4560dc9096a0cc28ee7b13f3aae775931bc3ef2b8,896183,431557.0,522.0,0.00121,5,5,866
2025-05-11 00:23:20,bdcc92d457722c8116fd4a385b6df7649e2a7369c16e61dbdd218e2dc5c9cad5,896183,1629241.0,503.0,0.000309,4,7,796
2025-05-11 00:23:20,df3119e89eaf0adced415a68c81c2eec8b7bf8d624e4a3926c5a7225b0854aeb,896183,452034.0,502.0,0.001111,4,7,794
2025-05-11 00:23:20,4e9bf7568916f7b7f9dddf7500795f360fdf8da6a65c1ea3b5c013262c67f499,896183,902570.0,410.0,0.000454,1,8,409
2025-05-11 00:23:20,c29333f9aa7ae58031a0e6113d8ab0d4b9aabb4b4f483b8849ba3c19f537a173,896183,88170.0,297.0,0.003368,2,4,428
2025-05-11 00:23:20,88eea8e6ac8664ea34fba4c3389346bb72bdb7968da28b093f47bbaae14d9961,896183,38990.0,285.0,0.00731,1,2,284
2025-05-11 00:23:20,4e948bceebdbd5391700a490662fc7d862bfc43fe7d90756b7039e5aba22cc3f,896183,39170.0,285.0,0.007276,1,2,284
2025-05-11 00:23:20,7427e96ea4fa895d44252328d30e1afacd5741965b4a80b9428604d5f0b69fe4,896183,39455.0,285.0,0.007223,1,2,284
2025-05-11 00:23:20,cf76ffcea5dc7ac5a49ccb0f41ab526a10339b89dcb799d92ef8117412f225df,896183,39740.0,285.0,0.007172,1,2,284
2025-05-11 00:23:20,07e8e5ce1ce5bca783f59fee502127522a8f48636db9904019e2f1ef76444935,896183,39020.0,285.0,0.007304,1,2,284
2025-05-11 00:23:20,b1c0ffdeafd8d071975ae9ab1af13f8f70a0bc0a48f19b1306b873c19879e762,896183,39305.0,285.0,0.007251,1,2,284
2025-05-11 00:23:20,d14fed33de0bfdbdda1cc2b8ae32b3fc0899937f2f95bd45c4abc795210a38d3,896183,39590.0,285.0,0.007199,1,2,284
2025-05-11 00:23:20,a39b92a11e21110948cf9236748cec010f610c91eb1d38398aad5ccd8515a6b5,896183,39875.0,285.0,0.007147,1,2,284
2025-05-11 00:23:20,abcb554d28873094efced001a63d5cb793ba21fb391d1abc6264d51c88a3e1a2,896183,1037050.0,246.0,0.000237,3,1,487
2025-05-11 00:23:20,827c4506c8fd1f5a1a573597b7175bfa3983367e903fe1f6baad1de546f86d6a,896183,39735.0,285.0,0.007173,1,2,283
2025-05-11 00:23:20,9b80e65c89dbf12bea5dd98c744aec343691dd2a684eb73a020ea4f51080d73f,896183,40020.0,285.0,0.007121,1,2,284
2025-05-11 00:23:20,d49bf6d21471a0a81ad3973792d682907b3c75f206f3eabf4d6e96f4a3d31012,896183,40305.0,285.0,0.007071,1,2,284
2025-05-11 00:23:20,9d0e320d0f388237b4b0ee0505d693b98dc47a8d6d6b8dc69a37f80e5f81be9c,896183,40590.0,285.0,0.007021,1,2,284
2025-05-11 00:23:20,d509cd6b0281af828a856e1663251b68df6afc8e6de1d643bfcc68f03ff9a345,896183,3778065.0,225.0,6e-05,1,2,224
2025-05-11 00:23:20,10a204ba0d60332cde3ac72fe43c5d95f37eca9d7e80f34075ed729ec4e3be2e,896183,3787790.0,225.0,5.9e-05,1,2,224
2025-05-11 00:23:20,7e1236230b35b29c77058cec460e20b482b96a35451bbcb04211d06eae227322,896183,93514881.0,225.0,2e-06,1,2,224
2025-05-11 00:23:20,91ffb52d5261161659cb07bd9490ff1adfbd78554a941299c323894a1fc7aa4a,896183,6933983.0,224.0,3.2e-05,1,2,223
2025-05-11 00:23:20,6837ffbafebcd67f34f228c19a6ddd8d526da658a8c26a34b4e20129301fd949,896183,2568294.0,224.0,8.7e-05,1,2,223
2025-05-11 00:23:20,0e4ca501fded1b80f4dee27b8877cd9aa94031119e1583e6ad3215e2d4c9f62a,896183,5979040.0,224.0,3.7e-05,1,2,223
2025-05-11 00:23:20,49849d94f6522725dd9991fa481f01269aaa7e7e528b0eb483a86a537fef26bf,896183,38890.0,285.0,0.007328,1,2,283
2025-05-11 00:23:20,6fd1850e6c6d5bcf09112aa7f24cf2dcc02cbefe6187f78ca9252d9a71804037,896183,39175.0,285.0,0.007275,1,2,284
2025-05-11 00:23:20,c870bb225a23d446e8320073007f8fd3bd112785f21b3fa6f1d6c1ab8e384d80,896183,39460.0,285.0,0.007223,1,2,284
2025-05-11 00:23:20,775773b4f19f6f4d1ea442e2584d53177f5d45a99d154fdb1267055b485a6e5d,896183,41035.0,285.0,0.006945,1,2,283
2025-05-11 00:23:20,685f7551e08239b1d919b9b1e7d6ad013dfbf4d0e6b737bc99f456e9ba0cb43f,896183,41320.0,285.0,0.006897,1,2,283
2025-05-11 00:23:20,6aa937b5881f4a20ebb425d7f93d1074febec0e7dcb2d96dc54967be92f4750b,896183,41605.0,285.0,0.00685,1,2,284
2025-05-11 00:23:20,ad9c4e3b88ab732853947f04c7a04e2291251779247d8eab973a3e0905556b86,896183,2563872.0,340.0,0.000133,3,4,488
2025-05-11 00:23:20,f92766e7654e67023fa57522ce123dfd42d11929a25766372d20fc36950c74f1,896183,38080.0,285.0,0.007484,1,2,283
2025-05-11 00:23:20,78a7ecfed67c2b100d37a3a105c6116f7837b6700189649d15ac5d0ba983cc1b,896183,38365.0,285.0,0.007429,1,2,283
2025-05-11 00:23:20,b775ec11ea1470a8b8854d31ee6901047c59a145da1458b959da5556cfcaea7c,896183,38650.0,285.0,0.007374,1,2,283
2025-05-11 00:23:20,70da147cadd1456a4bfd7fd7ae2ad1d622b38effec188c439afb268378aade0e,896183,38935.0,285.0,0.00732,1,2,284
2025-05-11 00:23:20,876d45c1758eb6ec710fc5e72133e375b7b473877b398d70ea5551b7c6b968c0,896183,5228345.0,155.0,3e-05,1,2,205
2025-05-11 00:23:20,577acf172d2c786b961d2eae110d671b46f915fc4dfdf3fe1109c451a99cace5,896183,37885.0,285.0,0.007523,1,2,283
2025-05-11 00:23:20,4a22e643488575b52c24eb11e3cb809a919e5fc77fdbf947bbe4e3287655aa4c,896183,38170.0,285.0,0.007467,1,2,283
2025-05-11 00:23:20,8ff6d8468eb2fbe87bb447b83c35a41b9772e911b16614cca976259e530c2a14,896183,39275.0,285.0,0.007257,1,2,283
2025-05-11 00:23:20,44db2b35aead9a0927570aaa9d40f51f947d03c757d8f8d91e769aac7f143f13,896183,39950.0,285.0,0.007134,1,2,283
2025-05-11 00:23:20,afe029e384193fc61b3c690164b7f3ad028fa938bab28ce24682abeb64074e18,896183,40235.0,285.0,0.007083,1,2,283
2025-05-11 00:23:20,bd4c9ea743ea041c66b7b83af77b033b41d8fc6afea37d6d70a900cec39e3388,896183,10995525.0,225.0,2e-05,1,2,223
2025-05-11 00:23:20,ee89765dfa321c4cae6fe9f437935c739c69f6a3eb2832a74e5b6017694e2a33,896183,3362181.0,224.0,6.7e-05,1,2,222
2025-05-11 00:23:20,653f08a1550e1fc042bae1dcaab8a084fe2fc12654ab7d746c5072c5445c0faa,896183,484684.0,671.0,0.001384,4,2,665
2025-05-11 00:23:20,b790ed39c6230cc9d994394b31a4960579c10eca3fd612814700d37c1a5b515f,896183,2501845.0,210.0,8.4e-05,2,1,422
2025-05-11 00:23:20,33a81f65a3d561130dec79d71e32acebe66d4a435e1b9ad2e514003d4dd903d3,896183,58081.0,135.0,0.002324,1,1,248
2025-05-11 00:23:20,069130848fa997c1918f991e210815742e466dd4b8c8200d812873d95a333abe,896183,600.0,135.0,0.225,1,1,214
2025-05-11 00:23:20,9596e4baa0752985353c653387deeef16397fcdbee346a3d78a25796265e0085,896183,355856.0,253.0,0.000711,2,2,495
2025-05-11 00:23:20,97f074ee4ecf9c1e7b9a1c83c79f3118f2252aa5b40625acf3f4375aa42f1136,896183,47597.0,112.0,0.002353,1,1,192
2025-05-11 00:23:20,18abda4e0f71b6a3cfd435e162d88d29d228aa8a0e6c5540eb16eb886d3acf4b,896183,32213.0,7057.0,0.219073,119,2,12819
2025-05-11 00:23:20,c109353226206ee2fc4e950cbc332763eb7536a9c580b9c225a71fcf9318da21,896183,2294882.0,196.0,8.5e-05,1,2,383
2025-05-11 00:23:20,66513e5f74241637be76afe85851a2808121d5e873b6dfe6deb885489f68ccbe,896183,140764.0,29636.0,0.210537,500,1,53557
2025-05-11 00:23:20,5f9ab7cd6d31497a9e30c58d3e63e7929eb44f87df1bebec2793dd30b40d10a8,896183,135364.0,29636.0,0.218936,500,1,53557
2025-05-11 00:23:20,cf8531c55585076f865c6da22a12d52cddf0bf42a6753dbd2c2e1008897d44f8,896183,330.0,144.0,0.436364,1,1,308
2025-05-11 00:23:20,265f00cde0246dbfc7fc6345174ab00987b70a5b25e666bc7ba6b06273583ff8,896183,330.0,144.0,0.436364,1,1,308
2025-05-11 00:23:20,928846e5d4695261c2762a15ac9f6d7a497a77bcd147ac3e4a7918f5185796e5,896183,330.0,144.0,0.436364,1,1,308
2025-05-11 00:23:20,3a3fee5fa00fe4646cf61740992a225b15e6404ca0f576a1c6aebb0053539cd4,896183,330.0,144.0,0.436364,1,1,308
2025-05-11 00:23:20,dc17b98a1b7a076094c72d377621762f984dc9ac663d4b457749aa3677e452cf,896183,330.0,144.0,0.436364,1,1,308
2025-05-11 00:23:20,98f760945385ddf511bb178bb0d7f8716bbda3ffab182529a4161f3df9a6d4c6,896183,330.0,144.0,0.436364,1,1,308
2025-05-11 00:23:20,f8aefda3333fe7d7f7e00245eb2bf2390dd6305adc46e288112a2f6b00e623c3,896183,330.0,144.0,0.436364,1,1,308
2025-05-11 00:23:20,0995c17ce7e77d0b756082a50ea88e2aae8aa2c9237152eebc99017c32faedb7,896183,330.0,144.0,0.436364,1,1,308
2025-05-11 00:23:20,f9b62ae764c447a0a0cfe3209e05f14eb9a501b72fe02f85401359a97d1013ad,896183,330.0,144.0,0.436364,1,1,308
2025-05-11 00:23:20,9bee22c519bde8021af5f76901c3908675f0d1cef631c5cca19bff1975b41a9e,896183,330.0,144.0,0.436364,1,1,308
2025-05-11 00:23:20,659412fd7e9dea0aefd28b423fed3e650cf0596199930410a4f1da0cfab6d39b,896183,330.0,144.0,0.436364,1,1,308
2025-05-11 00:23:20,f153d508cbf0effdf5b5a4e94708acbff64cffb7b53325425c85c0be71349c9b,896183,330.0,144.0,0.436364,1,1,308
2025-05-11 00:23:20,34437dd199c2cd2fd20195d2e2a68d981156e728937a4458d52535a8dce46b89,896183,330.0,144.0,0.436364,1,1,308
2025-05-11 00:23:20,3df49c02bbc3da04ed5b03e74b9a033f2d682b4514eff1e880a024b7dc2ee084,896183,330.0,144.0,0.436364,1,1,308
2025-05-11 00:23:20,d79842d0128cff6adc813c79b2fb5b31f560b1024f64bbd7f5fbeb5dd1aaac80,896183,330.0,144.0,0.436364,1,1,308
2025-05-11 00:23:20,6ee6dab7160f851585988e517df3d4ca5fb17df829585b2b396eb0c19bcaba7c,896183,330.0,144.0,0.436364,1,1,308
2025-05-11 00:23:20,13a2a0b5b5ca65d7afad64437f2591f76a224d3d7f45258d42fc2eabccf08d77,896183,330.0,144.0,0.436364,1,1,308
2025-05-11 00:23:20,752c5ac0555f2ae1f3e1ee728f0b8de2f393b423743830206e722b96b75f4f70,896183,330.0,144.0,0.436364,1,1,308
2025-05-11 00:23:20,5ae7b5e2160f96518bb6253d029a4e593345c27c376d497cd7642575f73bf066,896183,330.0,144.0,0.436364,1,1,308
2025-05-11 00:23:20,fb2dccf9997949ee65b891fd4307a817679cdf37d578b137f70dc53c2b1e4765,896183,330.0,144.0,0.436364,1,1,308
2025-05-11 00:23:20,1b80eb4775529b2ee67b760f50114962c1ec78b22a505b6eec62766ea4afd762,896183,330.0,144.0,0.436364,1,1,308
2025-05-11 00:23:20,3170cde0af91f9efde2d002f23f60ab6cc4329c8e61d6177ce03fd050ef92331,896183,330.0,144.0,0.436364,1,1,308
2025-05-11 00:23:20,af3f895fb8d21b863f2cb98cdca3b6cbb8bb1e54d713c982fff0a7dff44f5e1e,896183,330.0,144.0,0.436364,1,1,308
2025-05-11 00:23:20,64a7b12571d54439455c74e92537a614471be951da23a88d4e3a81f0dd629c1a,896183,1031736.0,614.0,0.000595,9,2,1061
2025-05-11 00:23:20,72ebbdc2052b1cad4c2332ee80f7c44f71f7d8e80e08eff3156d154feb52d719,896183,89236.0,141.0,0.00158,1,2,223
2025-05-11 00:23:20,8ce5bffa15f9d78765baf37d135e580f7f916c9ff85a3db2028499d6392ea719,896183,546.0,152.0,0.278388,1,1,323
2025-05-11 00:23:20,a46afa404ff3b5617beea0679a17fe2c4fe470f22990e37ad40850ae9b1d8ed9,896183,2246.0,154.0,0.068566,1,2,205
2025-05-11 00:23:20,80e99f15382f57db0117d03fcd7ecf101c6e492bf966740fa6f97d53ea297c19,896183,3823710.0,1157.0,0.000303,16,2,2442
2025-05-11 00:23:20,aa16e710ba84249a4526412c643032c64aae1fb417e7e02154e4107c5fab5619,896183,134714.0,143.0,0.001062,1,2,194
2025-05-11 00:23:20,d1db129ec37fa332d10655c1f5978054ad4c0518965628adbc300b3930542013,896183,199889.0,111.0,0.000555,1,1,162
2025-05-11 00:23:20,8a6c6b0d2ebec88d95c3f38b762df419654e4a4d07895efe191e34bdabafe00d,896183,6809.0,454.0,0.066676,1,11,536
2025-05-11 00:23:20,abeb43371e8ecaed96e42d28ad921ee5bcb99a7a2da87b527682f14af5aaeb0b,896183,18224.0,143.0,0.007847,1,2,194
2025-05-11 00:23:20,eedef881e0822b09a3f8657d9d704f8a386f73de2e874d4305ca641f53b0270b,896183,330.0,151.0,0.457576,1,1,320
2025-05-11 00:23:20,2310c559ed738daef75f29b2c10c90e71de977de974a59c58d5206dd1578e400,896183,9059924.0,778.0,8.6e-05,12,2,1373
2025-05-11 00:23:20,7ffc67309f3a8103b18f22da9ffa08c36b7ef82962e0e3f92fcdcd4aad308440,896183,46697.0,619.0,0.013256,2,12,750
2025-05-11 00:23:20,d2fea3b32f44d4308d19a8997c3ea7af50576c9f1d684d594709ecd0c7bc26c6,896183,282024.0,618.0,0.002191,2,12,748
2025-05-11 00:23:20,660ed076a5706a2e2efca0db282762043729929371179b0c1041d986f771ce82,896183,315033.0,2249.0,0.007139,32,2,4824
2025-05-11 00:23:20,0dd2cb15c3bff6df15c9d7d4560dc9096a0cc28ee7b13f3aae775931bc3ef2b8,896183,431557.0,522.0,0.00121,5,5,866
2025-05-11 00:23:20,bdcc92d457722c8116fd4a385b6df7649e2a7369c16e61dbdd218e2dc5c9cad5,896183,1629241.0,503.0,0.000309,4,7,796
2025-05-11 00:23:20,df3119e89eaf0adced415a68c81c2eec8b7bf8d624e4a3926c5a7225b0854aeb,896183,452034.0,502.0,0.001111,4,7,794
2025-05-11 00:23:20,4e9bf7568916f7b7f9dddf7500795f360fdf8da6a65c1ea3b5c013262c67f499,896183,902570.0,410.0,0.000454,1,8,409
2025-05-11 00:23:20,c29333f9aa7ae58031a0e6113d8ab0d4b9aabb4b4f483b8849ba3c19f537a173,896183,88170.0,297.0,0.003368,2,4,428
2025-05-11 00:23:20,88eea8e6ac8664ea34fba4c3389346bb72bdb7968da28b093f47bbaae14d9961,896183,38990.0,285.0,0.00731,1,2,284
2025-05-11 00:23:20,4e948bceebdbd5391700a490662fc7d862bfc43fe7d90756b7039e5aba22cc3f,896183,39170.0,285.0,0.007276,1,2,284
2025-05-11 00:23:20,7427e96ea4fa895d44252328d30e1afacd5741965b4a80b9428604d5f0b69fe4,896183,39455.0,285.0,0.007223,1,2,284
2025-05-11 00:23:20,cf76ffcea5dc7ac5a49ccb0f41ab526a10339b89dcb799d92ef8117412f225df,896183,39740.0,285.0,0.007172,1,2,284
2025-05-11 00:23:20,07e8e5ce1ce5bca783f59fee502127522a8f48636db9904019e2f1ef76444935,896183,39020.0,285.0,0.007304,1,2,284
2025-05-11 00:23:20,b1c0ffdeafd8d071975ae9ab1af13f8f70a0bc0a48f19b1306b873c19879e762,896183,39305.0,285.0,0.007251,1,2,284
2025-05-11 00:23:20,d14fed33de0bfdbdda1cc2b8ae32b3fc0899937f2f95bd45c4abc795210a38d3,896183,39590.0,285.0,0.007199,1,2,284
2025-05-11 00:23:20,a39b92a11e21110948cf9236748cec010f610c91eb1d38398aad5ccd8515a6b5,896183,39875.0,285.0,0.007147,1,2,284
2025-05-11 00:23:20,abcb554d28873094efced001a63d5cb793ba21fb391d1abc6264d51c88a3e1a2,896183,1037050.0,246.0,0.000237,3,1,487
2025-05-11 00:23:20,827c4506c8fd1f5a1a573597b7175bfa3983367e903fe1f6baad1de546f86d6a,896183,39735.0,285.0,0.007173,1,2,283
2025-05-11 00:23:20,9b80e65c89dbf12bea5dd98c744aec343691dd2a684eb73a020ea4f51080d73f,896183,40020.0,285.0,0.007121,1,2,284
2025-05-11 00:23:20,d49bf6d21471a0a81ad3973792d682907b3c75f206f3eabf4d6e96f4a3d31012,896183,40305.0,285.0,0.007071,1,2,284
2025-05-11 00:23:20,9d0e320d0f388237b4b0ee0505d693b98dc47a8d6d6b8dc69a37f80e5f81be9c,896183,40590.0,285.0,0.007021,1,2,284
2025-05-11 00:23:20,d509cd6b0281af828a856e1663251b68df6afc8e6de1d643bfcc68f03ff9a345,896183,3778065.0,225.0,6e-05,1,2,224
2025-05-11 00:23:20,10a204ba0d60332cde3ac72fe43c5d95f37eca9d7e80f34075ed729ec4e3be2e,896183,3787790.0,225.0,5.9e-05,1,2,224
2025-05-11 00:23:20,7e1236230b35b29c77058cec460e20b482b96a35451bbcb04211d06eae227322,896183,93514881.0,225.0,2e-06,1,2,224
2025-05-11 00:23:20,91ffb52d5261161659cb07bd9490ff1adfbd78554a941299c323894a1fc7aa4a,896183,6933983.0,224.0,3.2e-05,1,2,223
2025-05-11 00:23:20,6837ffbafebcd67f34f228c19a6ddd8d526da658a8c26a34b4e20129301fd949,896183,2568294.0,224.0,8.7e-05,1,2,223
2025-05-11 00:23:20,0e4ca501fded1b80f4dee27b8877cd9aa94031119e1583e6ad3215e2d4c9f62a,896183,5979040.0,224.0,3.7e-05,1,2,223
2025-05-11 00:23:20,49849d94f6522725dd9991fa481f01269aaa7e7e528b0eb483a86a537fef26bf,896183,38890.0,285.0,0.007328,1,2,283
2025-05-11 00:23:20,6fd1850e6c6d5bcf09112aa7f24cf2dcc02cbefe6187f78ca9252d9a71804037,896183,39175.0,285.0,0.007275,1,2,284
2025-05-11 00:23:20,c870bb225a23d446e8320073007f8fd3bd112785f21b3fa6f1d6c1ab8e384d80,896183,39460.0,285.0,0.007223,1,2,284
2025-05-11 00:23:20,775773b4f19f6f4d1ea442e2584d53177f5d45a99d154fdb1267055b485a6e5d,896183,41035.0,285.0,0.006945,1,2,283
2025-05-11 00:23:20,685f7551e08239b1d919b9b1e7d6ad013dfbf4d0e6b737bc99f456e9ba0cb43f,896183,41320.0,285.0,0.006897,1,2,283
2025-05-11 00:23:20,6aa937b5881f4a20ebb425d7f93d1074febec0e7dcb2d96dc54967be92f4750b,896183,41605.0,285.0,0.00685,1,2,284
2025-05-11 00:23:20,ad9c4e3b88ab732853947f04c7a04e2291251779247d8eab973a3e0905556b86,896183,2563872.0,340.0,0.000133,3,4,488
2025-05-11 00:23:20,f92766e7654e67023fa57522ce123dfd42d11929a25766372d20fc36950c74f1,896183,38080.0,285.0,0.007484,1,2,283
2025-05-11 00:23:20,78a7ecfed67c2b100d37a3a105c6116f7837b6700189649d15ac5d0ba983cc1b,896183,38365.0,285.0,0.007429,1,2,283
2025-05-11 00:23:20,b775ec11ea1470a8b8854d31ee6901047c59a145da1458b959da5556cfcaea7c,896183,38650.0,285.0,0.007374,1,2,283
2025-05-11 00:23:20,70da147cadd1456a4bfd7fd7ae2ad1d622b38effec188c439afb268378aade0e,896183,38935.0,285.0,0.00732,1,2,284
2025-05-11 00:23:20,876d45c1758eb6ec710fc5e72133e375b7b473877b398d70ea5551b7c6b968c0,896183,5228345.0,155.0,3e-05,1,2,205
2025-05-11 00:23:20,577acf172d2c786b961d2eae110d671b46f915fc4dfdf3fe1109c451a99cace5,896183,37885.0,285.0,0.007523,1,2,283
2025-05-11 00:23:20,4a22e643488575b52c24eb11e3cb809a919e5fc77fdbf947bbe4e3287655aa4c,896183,38170.0,285.0,0.007467,1,2,283
2025-05-11 00:23:20,8ff6d8468eb2fbe87bb447b83c35a41b9772e911b16614cca976259e530c2a14,896183,39275.0,285.0,0.007257,1,2,283
2025-05-11 00:23:20,44db2b35aead9a0927570aaa9d40f51f947d03c757d8f8d91e769aac7f143f13,896183,39950.0,285.0,0.007134,1,2,283
2025-05-11 00:23:20,afe029e384193fc61b3c690164b7f3ad028fa938bab28ce24682abeb64074e18,896183,40235.0,285.0,0.007083,1,2,283
2025-05-11 00:23:20,bd4c9ea743ea041c66b7b83af77b033b41d8fc6afea37d6d70a900cec39e3388,896183,10995525.0,225.0,2e-05,1,2,223
2025-05-11 00:23:20,ee89765dfa321c4cae6fe9f437935c739c69f6a3eb2832a74e5b6017694e2a33,896183,3362181.0,224.0,6.7e-05,1,2,222
2025-05-11 00:23:20,653f08a1550e1fc042bae1dcaab8a084fe2fc12654ab7d746c5072c5445c0faa,896183,484684.0,671.0,0.001384,4,2,665
2025-05-11 00:23:20,b790ed39c6230cc9d994394b31a4960579c10eca3fd612814700d37c1a5b515f,896183,2501845.0,210.0,8.4e-05,2,1,422
2025-05-11 00:23:20,33a81f65a3d561130dec79d71e32acebe66d4a435e1b9ad2e514003d4dd903d3,896183,58081.0,135.0,0.002324,1,1,248
2025-05-11 00:23:20,069130848fa997c1918f991e210815742e466dd4b8c8200d812873d95a333abe,896183,600.0,135.0,0.225,1,1,214
2025-05-11 00:23:20,9596e4baa0752985353c653387deeef16397fcdbee346a3d78a25796265e0085,896183,355856.0,253.0,0.000711,2,2,495
2025-05-11 00:23:20,97f074ee4ecf9c1e7b9a1c83c79f3118f2252aa5b40625acf3f4375aa42f1136,896183,47597.0,112.0,0.002353,1,1,192
2025-05-11 00:23:20,18abda4e0f71b6a3cfd435e162d88d29d228aa8a0e6c5540eb16eb886d3acf4b,896183,32213.0,7057.0,0.219073,119,2,12819
2025-05-11 00:23:20,c109353226206ee2fc4e950cbc332763eb7536a9c580b9c225a71fcf9318da21,896183,2294882.0,196.0,8.5e-05,1,2,383
2025-05-11 00:23:20,66513e5f74241637be76afe85851a2808121d5e873b6dfe6deb885489f68ccbe,896183,140764.0,29636.0,0.210537,500,1,53557
2025-05-11 00:23:20,5f9ab7cd6d31497a9e30c58d3e63e7929eb44f87df1bebec2793dd30b40d10a8,896183,135364.0,29636.0,0.218936,500,1,53557
2025-05-11 00:23:20,cf8531c55585076f865c6da22a12d52cddf0bf42a6753dbd2c2e1008897d44f8,896183,330.0,144.0,0.436364,1,1,308
2025-05-11 00:23:20,265f00cde0246dbfc7fc6345174ab00987b70a5b25e666bc7ba6b06273583ff8,896183,330.0,144.0,0.436364,1,1,308
2025-05-11 00:23:20,928846e5d4695261c2762a15ac9f6d7a497a77bcd147ac3e4a7918f5185796e5,896183,330.0,144.0,0.436364,1,1,308
2025-05-11 00:23:20,3a3fee5fa00fe4646cf61740992a225b15e6404ca0f576a1c6aebb0053539cd4,896183,330.0,144.0,0.436364,1,1,308
2025-05-11 00:23:20,dc17b98a1b7a076094c72d377621762f984dc9ac663d4b457749aa3677e452cf,896183,330.0,144.0,0.436364,1,1,308
2025-05-11 00:23:20,98f760945385ddf511bb178bb0d7f8716bbda3ffab182529a4161f3df9a6d4c6,896183,330.0,144.0,0.436364,1,1,308
2025-05-11 00:23:20,f8aefda3333fe7d7f7e00245eb2bf2390dd6305adc46e288112a2f6b00e623c3,896183,330.0,144.0,0.436364,1,1,308
2025-05-11 00:23:20,0995c17ce7e77d0b756082a50ea88e2aae8aa2c9237152eebc99017c32faedb7,896183,330.0,144.0,0.436364,1,1,308
2025-05-11 00:23:20,f9b62ae764c447a0a0cfe3209e05f14eb9a501b72fe02f85401359a97d1013ad,896183,330.0,144.0,0.436364,1,1,308
2025-05-11 00:23:20,9bee22c519bde8021af5f76901c3908675f0d1cef631c5cca19bff1975b41a9e,896183,330.0,144.0,0.436364,1,1,308
2025-05-11 00:23:20,659412fd7e9dea0aefd28b423fed3e650cf0596199930410a4f1da0cfab6d39b,896183,330.0,144.0,0.436364,1,1,308
2025-05-11 00:23:20,f153d508cbf0effdf5b5a4e94708acbff64cffb7b53325425c85c0be71349c9b,896183,330.0,144.0,0.436364,1,1,308
2025-05-11 00:23:20,34437dd199c2cd2fd20195d2e2a68d981156e728937a4458d52535a8dce46b89,896183,330.0,144.0,0.436364,1,1,308
2025-05-11 00:23:20,3df49c02bbc3da04ed5b03e74b9a033f2d682b4514eff1e880a024b7dc2ee084,896183,330.0,144.0,0.436364,1,1,308
2025-05-11 00:23:20,d79842d0128cff6adc813c79b2fb5b31f560b1024f64bbd7f5fbeb5dd1aaac80,896183,330.0,144.0,0.436364,1,1,308
2025-05-11 00:23:20,6ee6dab7160f851585988e517df3d4ca5fb17df829585b2b396eb0c19bcaba7c,896183,330.0,144.0,0.436364,1,1,308
2025-05-11 00:23:20,13a2a0b5b5ca65d7afad64437f2591f76a224d3d7f45258d42fc2eabccf08d77,896183,330.0,144.0,0.436364,1,1,308
2025-05-11 00:23:20,752c5ac0555f2ae1f3e1ee728f0b8de2f393b423743830206e722b96b75f4f70,896183,330.0,144.0,0.436364,1,1,308
2025-05-11 00:23:20,5ae7b5e2160f96518bb6253d029a4e593345c27c376d497cd7642575f73bf066,896183,330.0,144.0,0.436364,1,1,308
2025-05-11 00:23:20,fb2dccf9997949ee65b891fd4307a817679cdf37d578b137f70dc53c2b1e4765,896183,330.0,144.0,0.436364,1,1,308
2025-05-11 00:23:20,1b80eb4775529b2ee67b760f50114962c1ec78b22a505b6eec62766ea4afd762,896183,330.0,144.0,0.436364,1,1,308
2025-05-11 00:23:20,3170cde0af91f9efde2d002f23f60ab6cc4329c8e61d6177ce03fd050ef92331,896183,330.0,144.0,0.436364,1,1,308
2025-05-11 00:23:20,af3f895fb8d21b863f2cb98cdca3b6cbb8bb1e54d713c982fff0a7dff44f5e1e,896183,330.0,144.0,0.436364,1,1,308
2025-05-11 00:23:20,64a7b12571d54439455c74e92537a614471be951da23a88d4e3a81f0dd629c1a,896183,1031736.0,614.0,0.000595,9,2,1061
2025-05-11 00:23:20,72ebbdc2052b1cad4c2332ee80f7c44f71f7d8e80e08eff3156d154feb52d719,896183,89236.0,141.0,0.00158,1,2,223
2025-05-11 00:23:20,8ce5bffa15f9d78765baf37d135e580f7f916c9ff85a3db2028499d6392ea719,896183,546.0,152.0,0.278388,1,1,323
2025-05-11 00:23:20,a46afa404ff3b5617beea0679a17fe2c4fe470f22990e37ad40850ae9b1d8ed9,896183,2246.0,154.0,0.068566,1,2,205
2025-05-11 00:23:20,80e99f15382f57db0117d03fcd7ecf101c6e492bf966740fa6f97d53ea297c19,896183,3823710.0,1157.0,0.000303,16,2,2442
2025-05-11 00:23:20,aa16e710ba84249a4526412c643032c64aae1fb417e7e02154e4107c5fab5619,896183,134714.0,143.0,0.001062,1,2,194
2025-05-11 00:23:20,d1db129ec37fa332d10655c1f5978054ad4c0518965628adbc300b3930542013,896183,199889.0,111.0,0.000555,1,1,162
2025-05-11 00:23:20,8a6c6b0d2ebec88d95c3f38b762df419654e4a4d07895efe191e34bdabafe00d,896183,6809.0,454.0,0.066676,1,11,536
2025-05-11 00:23:20,abeb43371e8ecaed96e42d28ad921ee5bcb99a7a2da87b527682f14af5aaeb0b,896183,18224.0,143.0,0.007847,1,2,194
2025-05-11 00:23:20,eedef881e0822b09a3f8657d9d704f8a386f73de2e874d4305ca641f53b0270b,896183,330.0,151.0,0.457576,1,1,320
2025-05-11 00:23:20,2310c559ed738daef75f29b2c10c90e71de977de974a59c58d5206dd1578e400,896183,9059924.0,778.0,8.6e-05,12,2,1373
2025-05-11 00:23:20,7ffc67309f3a8103b18f22da9ffa08c36b7ef82962e0e3f92fcdcd4aad308440,896183,46697.0,619.0,0.013256,2,12,750
2025-05-11 00:23:20,d2fea3b32f44d4308d19a8997c3ea7af50576c9f1d684d594709ecd0c7bc26c6,896183,282024.0,618.0,0.002191,2,12,748
2025-05-11 00:23:20,660ed076a5706a2e2efca0db282762043729929371179b0c1041d986f771ce82,896183,315033.0,2249.0,0.007139,32,2,4824
2025-05-11 00:23:20,0dd2cb15c3bff6df15c9d7d4560dc9096a0cc28ee7b13f3aae775931bc3ef2b8,896183,431557.0,522.0,0.00121,5,5,866
2025-05-11 00:23:20,bdcc92d457722c8116fd4a385b6df7649e2a7369c16e61dbdd218e2dc5c9cad5,896183,1629241.0,503.0,0.000309,4,7,796
2025-05-11 00:23:20,df3119e89eaf0adced415a68c81c2eec8b7bf8d624e4a3926c5a7225b0854aeb,896183,452034.0,502.0,0.001111,4,7,794
2025-05-11 00:23:20,4e9bf7568916f7b7f9dddf7500795f360fdf8da6a65c1ea3b5c013262c67f499,896183,902570.0,410.0,0.000454,1,8,409
2025-05-11 00:23:20,c29333f9aa7ae58031a0e6113d8ab0d4b9aabb4b4f483b8849ba3c19f537a173,896183,88170.0,297.0,0.003368,2,4,428
2025-05-11 00:23:20,88eea8e6ac8664ea34fba4c3389346bb72bdb7968da28b093f47bbaae14d9961,896183,38990.0,285.0,0.00731,1,2,284
2025-05-11 00:23:20,4e948bceebdbd5391700a490662fc7d862bfc43fe7d90756b7039e5aba22cc3f,896183,39170.0,285.0,0.007276,1,2,284
2025-05-11 00:23:20,7427e96ea4fa895d44252328d30e1afacd5741965b4a80b9428604d5f0b69fe4,896183,39455.0,285.0,0.007223,1,2,284
2025-05-11 00:23:20,cf76ffcea5dc7ac5a49ccb0f41ab526a10339b89dcb799d92ef8117412f225df,896183,39740.0,285.0,0.007172,1,2,284
2025-05-11 00:23:20,07e8e5ce1ce5bca783f59fee502127522a8f48636db9904019e2f1ef76444935,896183,39020.0,285.0,0.007304,1,2,284
2025-05-11 00:23:20,b1c0ffdeafd8d071975ae9ab1af13f8f70a0bc0a48f19b1306b873c19879e762,896183,39305.0,285.0,0.007251,1,2,284
2025-05-11 00:23:20,d14fed33de0bfdbdda1cc2b8ae32b3fc0899937f2f95bd45c4abc795210a38d3,896183,39590.0,285.0,0.007199,1,2,284
2025-05-11 00:23:20,a39b92a11e21110948cf9236748cec010f610c91eb1d38398aad5ccd8515a6b5,896183,39875.0,285.0,0.007147,1,2,284
2025-05-11 00:23:20,abcb554d28873094efced001a63d5cb793ba21fb391d1abc6264d51c88a3e1a2,896183,1037050.0,246.0,0.000237,3,1,487
2025-05-11 00:23:20,827c4506c8fd1f5a1a573597b7175bfa3983367e903fe1f6baad1de546f86d6a,896183,39735.0,285.0,0.007173,1,2,283
2025-05-11 00:23:20,9b80e65c89dbf12bea5dd98c744aec343691dd2a684eb73a020ea4f51080d73f,896183,40020.0,285.0,0.007121,1,2,284
2025-05-11 00:23:20,d49bf6d21471a0a81ad3973792d682907b3c75f206f3eabf4d6e96f4a3d31012,896183,40305.0,285.0,0.007071,1,2,284
2025-05-11 00:23:20,9d0e320d0f388237b4b0ee0505d693b98dc47a8d6d6b8dc69a37f80e5f81be9c,896183,40590.0,285.0,0.007021,1,2,284
2025-05-11 00:23:20,d509cd6b0281af828a856e1663251b68df6afc8e6de1d643bfcc68f03ff9a345,896183,3778065.0,225.0,6e-05,1,2,224
2025-05-11 00:23:20,10a204ba0d60332cde3ac72fe43c5d95f37eca9d7e80f34075ed729ec4e3be2e,896183,3787790.0,225.0,5.9e-05,1,2,224
2025-05-11 00:23:20,7e1236230b35b29c77058cec460e20b482b96a35451bbcb04211d06eae227322,896183,93514881.0,225.0,2e-06,1,2,224
2025-05-11 00:23:20,91ffb52d5261161659cb07bd9490ff1adfbd78554a941299c323894a1fc7aa4a,896183,6933983.0,224.0,3.2e-05,1,2,223
2025-05-11 00:23:20,6837ffbafebcd67f34f228c19a6ddd8d526da658a8c26a34b4e20129301fd949,896183,2568294.0,224.0,8.7e-05,1,2,223
2025-05-11 00:23:20,0e4ca501fded1b80f4dee27b8877cd9aa94031119e1583e6ad3215e2d4c9f62a,896183,5979040.0,224.0,3.7e-05,1,2,223
2025-05-11 00:23:20,49849d94f6522725dd9991fa481f01269aaa7e7e528b0eb483a86a537fef26bf,896183,38890.0,285.0,0.007328,1,2,283
2025-05-11 00:23:20,6fd1850e6c6d5bcf09112aa7f24cf2dcc02cbefe6187f78ca9252d9a71804037,896183,39175.0,285.0,0.007275,1,2,284
2025-05-11 00:23:20,c870bb225a23d446e8320073007f8fd3bd112785f21b3fa6f1d6c1ab8e384d80,896183,39460.0,285.0,0.007223,1,2,284
2025-05-11 00:23:20,775773b4f19f6f4d1ea442e2584d53177f5d45a99d154fdb1267055b485a6e5d,896183,41035.0,285.0,0.006945,1,2,283
2025-05-11 00:23:20,685f7551e08239b1d919b9b1e7d6ad013dfbf4d0e6b737bc99f456e9ba0cb43f,896183,41320.0,285.0,0.006897,1,2,283
2025-05-11 00:23:20,6aa937b5881f4a20ebb425d7f93d1074febec0e7dcb2d96dc54967be92f4750b,896183,41605.0,285.0,0.00685,1,2,284
2025-05-11 00:23:20,ad9c4e3b88ab732853947f04c7a04e2291251779247d8eab973a3e0905556b86,896183,2563872.0,340.0,0.000133,3,4,488
2025-05-11 00:23:20,f92766e7654e67023fa57522ce123dfd42d11929a25766372d20fc36950c74f1,896183,38080.0,285.0,0.007484,1,2,283
2025-05-11 00:23:20,78a7ecfed67c2b100d37a3a105c6116f7837b6700189649d15ac5d0ba983cc1b,896183,38365.0,285.0,0.007429,1,2,283
2025-05-11 00:23:20,b775ec11ea1470a8b8854d31ee6901047c59a145da1458b959da5556cfcaea7c,896183,38650.0,285.0,0.007374,1,2,283
2025-05-11 00:23:20,70da147cadd1456a4bfd7fd7ae2ad1d622b38effec188c439afb268378aade0e,896183,38935.0,285.0,0.00732,1,2,284
2025-05-11 00:23:20,876d45c1758eb6ec710fc5e72133e375b7b473877b398d70ea5551b7c6b968c0,896183,5228345.0,155.0,3e-05,1,2,205
2025-05-11 00:23:20,577acf172d2c786b961d2eae110d671b46f915fc4dfdf3fe1109c451a99cace5,896183,37885.0,285.0,0.007523,1,2,283
2025-05-11 00:23:20,4a22e643488575b52c24eb11e3cb809a919e5fc77fdbf947bbe4e3287655aa4c,896183,38170.0,285.0,0.007467,1,2,283
2025-05-11 00:23:20,8ff6d8468eb2fbe87bb447b83c35a41b9772e911b16614cca976259e530c2a14,896183,39275.0,285.0,0.007257,1,2,283
2025-05-11 00:23:20,44db2b35aead9a0927570aaa9d40f51f947d03c757d8f8d91e769aac7f143f13,896183,39950.0,285.0,0.007134,1,2,283
2025-05-11 00:23:20,afe029e384193fc61b3c690164b7f3ad028fa938bab28ce24682abeb64074e18,896183,40235.0,285.0,0.007083,1,2,283
2025-05-11 00:23:20,bd4c9ea743ea041c66b7b83af77b033b41d8fc6afea37d6d70a900cec39e3388,896183,10995525.0,225.0,2e-05,1,2,223
2025-05-11 00:23:20,ee89765dfa321c4cae6fe9f437935c739c69f6a3eb2832a74e5b6017694e2a33,896183,3362181.0,224.0,6.7e-05,1,2,222
2025-05-11 00:23:20,653f08a1550e1fc042bae1dcaab8a084fe2fc12654ab7d746c5072c5445c0faa,896183,484684.0,671.0,0.001384,4,2,665
2025-05-11 00:23:20,b790ed39c6230cc9d994394b31a4960579c10eca3fd612814700d37c1a5b515f,896183,2501845.0,210.0,8.4e-05,2,1,422
2025-05-11 00:23:20,33a81f65a3d561130dec79d71e32acebe66d4a435e1b9ad2e514003d4dd903d3,896183,58081.0,135.0,0.002324,1,1,248
2025-05-11 00:23:20,069130848fa997c1918f991e210815742e466dd4b8c8200d812873d95a333abe,896183,600.0,135.0,0.225,1,1,214
2025-05-11 00:23:20,9596e4baa0752985353c653387deeef16397fcdbee346a3d78a25796265e0085,896183,355856.0,253.0,0.000711,2,2,495
2025-05-11 00:23:20,97f074ee4ecf9c1e7b9a1c83c79f3118f2252aa5b40625acf3f4375aa42f1136,896183,47597.0,112.0,0.002353,1,1,192
2025-05-11 00:23:20,18abda4e0f71b6a3cfd435e162d88d29d228aa8a0e6c5540eb16eb886d3acf4b,896183,32213.0,7057.0,0.219073,119,2,12819
2025-05-11 00:23:20,c109353226206ee2fc4e950cbc332763eb7536a9c580b9c225a71fcf9318da21,896183,2294882.0,196.0,8.5e-05,1,2,383
2025-05-11 00:23:20,66513e5f74241637be76afe85851a2808121d5e873b6dfe6deb885489f68ccbe,896183,140764.0,29636.0,0.210537,500,1,53557
2025-05-11 00:23:20,5f9ab7cd6d31497a9e30c58d3e63e7929eb44f87df1bebec2793dd30b40d10a8,896183,135364.0,29636.0,0.218936,500,1,53557
2025-05-11 00:23:20,cf8531c55585076f865c6da22a12d52cddf0bf42a6753dbd2c2e1008897d44f8,896183,330.0,144.0,0.436364,1,1,308
2025-05-11 00:23:20,265f00cde0246dbfc7fc6345174ab00987b70a5b25e666bc7ba6b06273583ff8,896183,330.0,144.0,0.436364,1,1,308
2025-05-11 00:23:20,928846e5d4695261c2762a15ac9f6d7a497a77bcd147ac3e4a7918f5185796e5,896183,330.0,144.0,0.436364,1,1,308
2025-05-11 00:23:20,3a3fee5fa00fe4646cf61740992a225b15e6404ca0f576a1c6aebb0053539cd4,896183,330.0,144.0,0.436364,1,1,308
2025-05-11 00:23:20,dc17b98a1b7a076094c72d377621762f984dc9ac663d4b457749aa3677e452cf,896183,330.0,144.0,0.436364,1,1,308
2025-05-11 00:23:20,98f760945385ddf511bb178bb0d7f8716bbda3ffab182529a4161f3df9a6d4c6,896183,330.0,144.0,0.436364,1,1,308
2025-05-11 00:23:20,f8aefda3333fe7d7f7e00245eb2bf2390dd6305adc46e288112a2f6b00e623c3,896183,330.0,144.0,0.436364,1,1,308
2025-05-11 00:23:20,0995c17ce7e77d0b756082a50ea88e2aae8aa2c9237152eebc99017c32faedb7,896183,330.0,144.0,0.436364,1,1,308
2025-05-11 00:23:20,f9b62ae764c447a0a0cfe3209e05f14eb9a501b72fe02f85401359a97d1013ad,896183,330.0,144.0,0.436364,1,1,308
2025-05-11 00:23:20,9bee22c519bde8021af5f76901c3908675f0d1cef631c5cca19bff1975b41a9e,896183,330.0,144.0,0.436364,1,1,308
2025-05-11 00:23:20,659412fd7e9dea0aefd28b423fed3e650cf0596199930410a4f1da0cfab6d39b,896183,330.0,144.0,0.436364,1,1,308
2025-05-11 00:23:20,f153d508cbf0effdf5b5a4e94708acbff64cffb7b53325425c85c0be71349c9b,896183,330.0,144.0,0.436364,1,1,308
2025-05-11 00:23:20,34437dd199c2cd2fd20195d2e2a68d981156e728937a4458d52535a8dce46b89,896183,330.0,144.0,0.436364,1,1,308
2025-05-11 00:23:20,3df49c02bbc3da04ed5b03e74b9a033f2d682b4514eff1e880a024b7dc2ee084,896183,330.0,144.0,0.436364,1,1,308
2025-05-11 00:23:20,d79842d0128cff6adc813c79b2fb5b31f560b1024f64bbd7f5fbeb5dd1aaac80,896183,330.0,144.0,0.436364,1,1,308
2025-05-11 00:23:20,6ee6dab7160f851585988e517df3d4ca5fb17df829585b2b396eb0c19bcaba7c,896183,330.0,144.0,0.436364,1,1,308
2025-05-11 00:23:20,13a2a0b5b5ca65d7afad64437f2591f76a224d3d7f45258d42fc2eabccf08d77,896183,330.0,144.0,0.436364,1,1,308
2025-05-11 00:23:20,752c5ac0555f2ae1f3e1ee728f0b8de2f393b423743830206e722b96b75f4f70,896183,330.0,144.0,0.436364,1,1,308
2025-05-11 00:23:20,5ae7b5e2160f96518bb6253d029a4e593345c27c376d497cd7642575f73bf066,896183,330.0,144.0,0.436364,1,1,308
2025-05-11 00:23:20,fb2dccf9997949ee65b891fd4307a817679cdf37d578b137f70dc53c2b1e4765,896183,330.0,144.0,0.436364,1,1,308
2025-05-11 00:23:20,1b80eb4775529b2ee67b760f50114962c1ec78b22a505b6eec62766ea4afd762,896183,330.0,144.0,0.436364,1,1,308
2025-05-11 00:23:20,3170cde0af91f9efde2d002f23f60ab6cc4329c8e61d6177ce03fd050ef92331,896183,330.0,144.0,0.436364,1,1,308
2025-05-11 00:23:20,af3f895fb8d21b863f2cb98cdca3b6cbb8bb1e54d713c982fff0a7dff44f5e1e,896183,330.0,144.0,0.436364,1,1,308
2025-05-11 00:23:20,64a7b12571d54439455c74e92537a614471be951da23a88d4e3a81f0dd629c1a,896183,1031736.0,614.0,0.000595,9,2,1061
2025-05-11 00:23:20,72ebbdc2052b1cad4c2332ee80f7c44f71f7d8e80e08eff3156d154feb52d719,896183,89236.0,141.0,0.00158,1,2,223
2025-05-11 00:23:20,8ce5bffa15f9d78765baf37d135e580f7f916c9ff85a3db2028499d6392ea719,896183,546.0,152.0,0.278388,1,1,323
2025-05-11 00:23:20,a46afa404ff3b5617beea0679a17fe2c4fe470f22990e37ad40850ae9b1d8ed9,896183,2246.0,154.0,0.068566,1,2,205
2025-05-11 00:23:20,80e99f15382f57db0117d03fcd7ecf101c6e492bf966740fa6f97d53ea297c19,896183,3823710.0,1157.0,0.000303,16,2,2442
2025-05-11 00:23:20,aa16e710ba84249a4526412c643032c64aae1fb417e7e02154e4107c5fab5619,896183,134714.0,143.0,0.001062,1,2,194
2025-05-11 00:23:20,d1db129ec37fa332d10655c1f5978054ad4c0518965628adbc300b3930542013,896183,199889.0,111.0,0.000555,1,1,162
2025-05-11 00:23:20,8a6c6b0d2ebec88d95c3f38b762df419654e4a4d07895efe191e34bdabafe00d,896183,6809.0,454.0,0.066676,1,11,536
2025-05-11 00:23:20,abeb43371e8ecaed96e42d28ad921ee5bcb99a7a2da87b527682f14af5aaeb0b,896183,18224.0,143.0,0.007847,1,2,194
2025-05-11 00:23:20,eedef881e0822b09a3f8657d9d704f8a386f73de2e874d4305ca641f53b0270b,896183,330.0,151.0,0.457576,1,1,320
2025-05-11 00:23:20,2310c559ed738daef75f29b2c10c90e71de977de974a59c58d5206dd1578e400,896183,9059924.0,778.0,8.6e-05,12,2,1373
2025-05-11 00:23:20,7ffc67309f3a8103b18f22da9ffa08c36b7ef82962e0e3f92fcdcd4aad308440,896183,46697.0,619.0,0.013256,2,12,750
2025-05-11 00:23:20,d2fea3b32f44d4308d19a8997c3ea7af50576c9f1d684d594709ecd0c7bc26c6,896183,282024.0,618.0,0.002191,2,12,748
2025-05-11 00:23:20,660ed076a5706a2e2efca0db282762043729929371179b0c1041d986f771ce82,896183,315033.0,2249.0,0.007139,32,2,4824
2025-05-11 00:23:20,0dd2cb15c3bff6df15c9d7d4560dc9096a0cc28ee7b13f3aae775931bc3ef2b8,896183,431557.0,522.0,0.00121,5,5,866
2025-05-11 00:23:20,bdcc92d457722c8116fd4a385b6df7649e2a7369c16e61dbdd218e2dc5c9cad5,896183,1629241.0,503.0,0.000309,4,7,796
2025-05-11 00:23:20,df3119e89eaf0adced415a68c81c2eec8b7bf8d624e4a3926c5a7225b0854aeb,896183,452034.0,502.0,0.001111,4,7,794
2025-05-11 00:23:20,4e9bf7568916f7b7f9dddf7500795f360fdf8da6a65c1ea3b5c013262c67f499,896183,902570.0,410.0,0.000454,1,8,409
2025-05-11 00:23:20,c29333f9aa7ae58031a0e6113d8ab0d4b9aabb4b4f483b8849ba3c19f537a173,896183,88170.0,297.0,0.003368,2,4,428
2025-05-11 00:23:20,88eea8e6ac8664ea34fba4c3389346bb72bdb7968da28b093f47bbaae14d9961,896183,38990.0,285.0,0.00731,1,2,284
2025-05-11 00:23:20,4e948bceebdbd5391700a490662fc7d862bfc43fe7d90756b7039e5aba22cc3f,896183,39170.0,285.0,0.007276,1,2,284
2025-05-11 00:23:20,7427e96ea4fa895d44252328d30e1afacd5741965b4a80b9428604d5f0b69fe4,896183,39455.0,285.0,0.007223,1,2,284
2025-05-11 00:23:20,cf76ffcea5dc7ac5a49ccb0f41ab526a10339b89dcb799d92ef8117412f225df,896183,39740.0,285.0,0.007172,1,2,284
2025-05-11 00:23:20,07e8e5ce1ce5bca783f59fee502127522a8f48636db9904019e2f1ef76444935,896183,39020.0,285.0,0.007304,1,2,284
2025-05-11 00:23:20,b1c0ffdeafd8d071975ae9ab1af13f8f70a0bc0a48f19b1306b873c19879e762,896183,39305.0,285.0,0.007251,1,2,284
2025-05-11 00:23:20,d14fed33de0bfdbdda1cc2b8ae32b3fc0899937f2f95bd45c4abc795210a38d3,896183,39590.0,285.0,0.007199,1,2,284
2025-05-11 00:23:20,a39b92a11e21110948cf9236748cec010f610c91eb1d38398aad5ccd8515a6b5,896183,39875.0,285.0,0.007147,1,2,284
2025-05-11 00:23:20,abcb554d28873094efced001a63d5cb793ba21fb391d1abc6264d51c88a3e1a2,896183,1037050.0,246.0,0.000237,3,1,487
2025-05-11 00:23:20,827c4506c8fd1f5a1a573597b7175bfa3983367e903fe1f6baad1de546f86d6a,896183,39735.0,285.0,0.007173,1,2,283
2025-05-11 00:23:20,9b80e65c89dbf12bea5dd98c744aec343691dd2a684eb73a020ea4f51080d73f,896183,40020.0,285.0,0.007121,1,2,284
2025-05-11 00:23:20,d49bf6d21471a0a81ad3973792d682907b3c75f206f3eabf4d6e96f4a3d31012,896183,40305.0,285.0,0.007071,1,2,284
2025-05-11 00:23:20,9d0e320d0f388237b4b0ee0505d693b98dc47a8d6d6b8dc69a37f80e5f81be9c,896183,40590.0,285.0,0.007021,1,2,284
2025-05-11 00:23:20,d509cd6b0281af828a856e1663251b68df6afc8e6de1d643bfcc68f03ff9a345,896183,3778065.0,225.0,6e-05,1,2,224
2025-05-11 00:23:20,10a204ba0d60332cde3ac72fe43c5d95f37eca9d7e80f34075ed729ec4e3be2e,896183,3787790.0,225.0,5.9e-05,1,2,224
2025-05-11 00:23:20,7e1236230b35b29c77058cec460e20b482b96a35451bbcb04211d06eae227322,896183,93514881.0,225.0,2e-06,1,2,224
2025-05-11 00:23:20,91ffb52d5261161659cb07bd9490ff1adfbd78554a941299c323894a1fc7aa4a,896183,6933983.0,224.0,3.2e-05,1,2,223
2025-05-11 00:23:20,6837ffbafebcd67f34f228c19a6ddd8d526da658a8c26a34b4e20129301fd949,896183,2568294.0,224.0,8.7e-05,1,2,223
2025-05-11 00:23:20,0e4ca501fded1b80f4dee27b8877cd9aa94031119e1583e6ad3215e2d4c9f62a,896183,5979040.0,224.0,3.7e-05,1,2,223
2025-05-11 00:23:20,49849d94f6522725dd9991fa481f01269aaa7e7e528b0eb483a86a537fef26bf,896183,38890.0,285.0,0.007328,1,2,283
2025-05-11 00:23:20,6fd1850e6c6d5bcf09112aa7f24cf2dcc02cbefe6187f78ca9252d9a71804037,896183,39175.0,285.0,0.007275,1,2,284
2025-05-11 00:23:20,c870bb225a23d446e8320073007f8fd3bd112785f21b3fa6f1d6c1ab8e384d80,896183,39460.0,285.0,0.007223,1,2,284
2025-05-11 00:23:20,775773b4f19f6f4d1ea442e2584d53177f5d45a99d154fdb1267055b485a6e5d,896183,41035.0,285.0,0.006945,1,2,283
2025-05-11 00:23:20,685f7551e08239b1d919b9b1e7d6ad013dfbf4d0e6b737bc99f456e9ba0cb43f,896183,41320.0,285.0,0.006897,1,2,283
2025-05-11 00:23:20,6aa937b5881f4a20ebb425d7f93d1074febec0e7dcb2d96dc54967be92f4750b,896183,41605.0,285.0,0.00685,1,2,284
2025-05-11 00:23:20,ad9c4e3b88ab732853947f04c7a04e2291251779247d8eab973a3e0905556b86,896183,2563872.0,340.0,0.000133,3,4,488
2025-05-11 00:23:20,f92766e7654e67023fa57522ce123dfd42d11929a25766372d20fc36950c74f1,896183,38080.0,285.0,0.007484,1,2,283
2025-05-11 00:23:20,78a7ecfed67c2b100d37a3a105c6116f7837b6700189649d15ac5d0ba983cc1b,896183,38365.0,285.0,0.007429,1,2,283
2025-05-11 00:23:20,b775ec11ea1470a8b8854d31ee6901047c59a145da1458b959da5556cfcaea7c,896183,38650.0,285.0,0.007374,1,2,283
2025-05-11 00:23:20,70da147cadd1456a4bfd7fd7ae2ad1d622b38effec188c439afb268378aade0e,896183,38935.0,285.0,0.00732,1,2,284
2025-05-11 00:23:20,876d45c1758eb6ec710fc5e72133e375b7b473877b398d70ea5551b7c6b968c0,896183,5228345.0,155.0,3e-05,1,2,205
2025-05-11 00:23:20,577acf172d2c786b961d2eae110d671b46f915fc4dfdf3fe1109c451a99cace5,896183,37885.0,285.0,0.007523,1,2,283
2025-05-11 00:23:20,4a22e643488575b52c24eb11e3cb809a919e5fc77fdbf947bbe4e3287655aa4c,896183,38170.0,285.0,0.007467,1,2,283
2025-05-11 00:23:20,8ff6d8468eb2fbe87bb447b83c35a41b9772e911b16614cca976259e530c2a14,896183,39275.0,285.0,0.007257,1,2,283
2025-05-11 00:23:20,44db2b35aead9a0927570aaa9d40f51f947d03c757d8f8d91e769aac7f143f13,896183,39950.0,285.0,0.007134,1,2,283
2025-05-11 00:23:20,afe029e384193fc61b3c690164b7f3ad028fa938bab28ce24682abeb64074e18,896183,40235.0,285.0,0.007083,1,2,283
2025-05-11 00:23:20,bd4c9ea743ea041c66b7b83af77b033b41d8fc6afea37d6d70a900cec39e3388,896183,10995525.0,225.0,2e-05,1,2,223
2025-05-11 00:23:20,ee89765dfa321c4cae6fe9f437935c739c69f6a3eb2832a74e5b6017694e2a33,896183,3362181.0,224.0,6.7e-05,1,2,222
2025-05-11 00:23:20,653f08a1550e1fc042bae1dcaab8a084fe2fc12654ab7d746c5072c5445c0faa,896183,484684.0,671.0,0.001384,4,2,665
2025-05-11 00:23:20,b790ed39c6230cc9d994394b31a4960579c10eca3fd612814700d37c1a5b515f,896183,2501845.0,210.0,8.4e-05,2,1,422
2025-05-11 00:23:20,33a81f65a3d561130dec79d71e32acebe66d4a435e1b9ad2e514003d4dd903d3,896183,58081.0,135.0,0.002324,1,1,248
2025-05-11 00:23:20,069130848fa997c1918f991e210815742e466dd4b8c8200d812873d95a333abe,896183,600.0,135.0,0.225,1,1,214
2025-05-11 00:23:20,9596e4baa0752985353c653387deeef16397fcdbee346a3d78a25796265e0085,896183,355856.0,253.0,0.000711,2,2,495
2025-05-11 00:23:20,97f074ee4ecf9c1e7b9a1c83c79f3118f2252aa5b40625acf3f4375aa42f1136,896183,47597.0,112.0,0.002353,1,1,192
2025-05-11 00:23:20,18abda4e0f71b6a3cfd435e162d88d29d228aa8a0e6c5540eb16eb886d3acf4b,896183,32213.0,7057.0,0.219073,119,2,12819
2025-05-11 00:23:20,c109353226206ee2fc4e950cbc332763eb7536a9c580b9c225a71fcf9318da21,896183,2294882.0,196.0,8.5e-05,1,2,383
2025-05-11 00:23:20,66513e5f74241637be76afe85851a2808121d5e873b6dfe6deb885489f68ccbe,896183,140764.0,29636.0,0.210537,500,1,53557
2025-05-11 00:23:20,5f9ab7cd6d31497a9e30c58d3e63e7929eb44f87df1bebec2793dd30b40d10a8,896183,135364.0,29636.0,0.218936,500,1,53557
2025-05-11 00:23:20,cf8531c55585076f865c6da22a12d52cddf0bf42a6753dbd2c2e1008897d44f8,896183,330.0,144.0,0.436364,1,1,308
2025-05-11 00:23:20,265f00cde0246dbfc7fc6345174ab00987b70a5b25e666bc7ba6b06273583ff8,896183,330.0,144.0,0.436364,1,1,308
2025-05-11 00:23:20,928846e5d4695261c2762a15ac9f6d7a497a77bcd147ac3e4a7918f5185796e5,896183,330.0,144.0,0.436364,1,1,308
2025-05-11 00:23:20,3a3fee5fa00fe4646cf61740992a225b15e6404ca0f576a1c6aebb0053539cd4,896183,330.0,144.0,0.436364,1,1,308
2025-05-11 00:23:20,dc17b98a1b7a076094c72d377621762f984dc9ac663d4b457749aa3677e452cf,896183,330.0,144.0,0.436364,1,1,308
2025-05-11 00:23:20,98f760945385ddf511bb178bb0d7f8716bbda3ffab182529a4161f3df9a6d4c6,896183,330.0,144.0,0.436364,1,1,308
2025-05-11 00:23:20,f8aefda3333fe7d7f7e00245eb2bf2390dd6305adc46e288112a2f6b00e623c3,896183,330.0,144.0,0.436364,1,1,308
2025-05-11 00:23:20,0995c17ce7e77d0b756082a50ea88e2aae8aa2c9237152eebc99017c32faedb7,896183,330.0,144.0,0.436364,1,1,308
2025-05-11 00:23:20,f9b62ae764c447a0a0cfe3209e05f14eb9a501b72fe02f85401359a97d1013ad,896183,330.0,144.0,0.436364,1,1,308
2025-05-11 00:23:20,9bee22c519bde8021af5f76901c3908675f0d1cef631c5cca19bff1975b41a9e,896183,330.0,144.0,0.436364,1,1,308
2025-05-11 00:23:20,659412fd7e9dea0aefd28b423fed3e650cf0596199930410a4f1da0cfab6d39b,896183,330.0,144.0,0.436364,1,1,308
2025-05-11 00:23:20,f153d508cbf0effdf5b5a4e94708acbff64cffb7b53325425c85c0be71349c9b,896183,330.0,144.0,0.436364,1,1,308
2025-05-11 00:23:20,34437dd199c2cd2fd20195d2e2a68d981156e728937a4458d52535a8dce46b89,896183,330.0,144.0,0.436364,1,1,308
2025-05-11 00:23:20,3df49c02bbc3da04ed5b03e74b9a033f2d682b4514eff1e880a024b7dc2ee084,896183,330.0,144.0,0.436364,1,1,308
2025-05-11 00:23:20,d79842d0128cff6adc813c79b2fb5b31f560b1024f64bbd7f5fbeb5dd1aaac80,896183,330.0,144.0,0.436364,1,1,308
2025-05-11 00:23:20,6ee6dab7160f851585988e517df3d4ca5fb17df829585b2b396eb0c19bcaba7c,896183,330.0,144.0,0.436364,1,1,308
2025-05-11 00:23:20,13a2a0b5b5ca65d7afad64437f2591f76a224d3d7f45258d42fc2eabccf08d77,896183,330.0,144.0,0.436364,1,1,308
2025-05-11 00:23:20,752c5ac0555f2ae1f3e1ee728f0b8de2f393b423743830206e722b96b75f4f70,896183,330.0,144.0,0.436364,1,1,308
2025-05-11 00:23:20,5ae7b5e2160f96518bb6253d029a4e593345c27c376d497cd7642575f73bf066,896183,330.0,144.0,0.436364,1,1,308
2025-05-11 00:23:20,fb2dccf9997949ee65b891fd4307a817679cdf37d578b137f70dc53c2b1e4765,896183,330.0,144.0,0.436364,1,1,308
2025-05-11 00:23:20,1b80eb4775529b2ee67b760f50114962c1ec78b22a505b6eec62766ea4afd762,896183,330.0,144.0,0.436364,1,1,308
2025-05-11 00:23:20,3170cde0af91f9efde2d002f23f60ab6cc4329c8e61d6177ce03fd050ef92331,896183,330.0,144.0,0.436364,1,1,308
2025-05-11 00:23:20,af3f895fb8d21b863f2cb98cdca3b6cbb8bb1e54d713c982fff0a7dff44f5e1e,896183,330.0,144.0,0.436364,1,1,308
